sequence_id,sequence,length,gc_content,source_organism
SEQ_110432,CTACCCTGATAGGGGGACCGTTTCAAGATACGCTGATATCGGATTTCCTGACCCTATCCGTGTGAGCACACTGATACGGGCTACGAGTATAGGCGCACTATACTCGCACGCCTTCGTAGGGAGTCACCAGTTGAGGGGGGAGGTGTAGCAATACAACGAGGTGATTCAGCAGAGCTAGTCTCAGTAATAGCAGCGCGCTGCTTAATTAAACACAACACCCGGAAGGGCTCCCATCAAGTAGATCGTTAATTCCCAGTCAGGTGTGGCCGCCGACCGATGACCAAAACGCAGAATGTGCTCGGACTATGACGACATGTGTAAAGAATCTTGTGCCCGTCAGGTAGTAAGTCGAGAAGGCCGCATAGCGACGTGTCCAACATGCATACAGCTACAATTTTCCGTTGCATTCGCCGGTCGGCATACAATACCCATTTTTTCTGAACGTTTGGCAACCTTCGAGAGCGGTCACTCCTATAAATGTGTTACCCTCGGATGTGAGCTGATACAATACGAAACCAGACCGACATTAGGGTTGTCCGCGAGCTTATAGGTACCGAGTAACTATCAGTGTTATTCAATACACGGTTGAAAATCGCAGCTGATTACATCATCGGACGAAGCGTATTAAATCCCCCTGGGGGTGCATGGGGTTACCCATCGATGGATTTTAACGTCAAGCCCACAAACTTCTGCACACATGATTCGTGTACAAGATGATTCCGCAGCTAGGGTAAATTTTAAGCTACCGCCTGGGGGAGACTTGTCTACTACCTGCGTGCAAACAGACATCACCGCACGTCTTATAGCTTGTGGACGTGGCGCCCCCATTTGACGATTCAGTAAGTATCGACTAAAAACCGCTCGTGATAAAATTGGTAGAACCACCGCCTACGTACGGCAGTTCGTATCCGGCCGGGAAGCCTGCACGTACGAAGAGTAAAGGACCTCAGGTCCACCGCATTAATCCGCATACAGAACGTTGAGCGAACTGACTCGAGGGATTAAGGCGAAACACATTTAACTCTACAAGGGCGGATGCTCGCCTGTGTTTCTCGACGCTTTTGTAAGGTACTACTTCGGCCACATCGCATTCCTTAACCCTTACCTTAAGGGGTTTAGACGGGCGTCAATAGTTTCGGTGCTCCAACAACTTAGACAATGGGCACCTGACAGAGAGTCCGTATGCGGACTCTCTTAGCCGCTCTGGGCAAATCTCTTGTTACATAACTATAAATATTGGGGTTGAATTTGGGC,1254,49.44,Saccharomyces cerevisiae
SEQ_211898,ATACCCTTACACGGGGAGTTGGTAATGATAGTCATCGCGGCTTACTGGTATTTTTAAGGCAAGTCACTTGCATAAGTACCAGGCCTTTGTTATTACATGTGTAGCACCGACGGAACTCCTGGTGAAGGTCGGTACCCCCGAGTTGTGCACAAGATACTGGGGGTTCCCTCCAAACTTGGGACTGTAAATGATGAAATAACCATATAAGTATCTTTTGTGATCATGGGCCTACCGGTGGACAAGTAAGATATCAACTGACTAGGGCAAGCCTGTGCGTGCACACATTGGGGTACAAGATAGATATAGTGTACAGCCCGACCTCTCCTCACCGGAGTTATTATAAGGTGTAAGTGAAATCTATCGTTGACCAGCTTGGGTAGCTTTAATTCGTCACTAATCTTGCAGAACATAGCAGACAGCTAAATTCGGTCTAGGTATTCGAAGCACTACAGAGCGTTCTCCCCTCATTACATTAGATGATGCAAGCCATATTCATCAAGTGTAGGGCTAAGCTCTGTCGGCGAGGCTTCGTTCGAGCCTTGTTCCATCAAAGCGTAAGTCACATAGTCGGCCGCGTTAAGAACAGACTTTCCCCGCACGGCACATATCGCTATGTCTGCCTAGGAGGCGGGCGCGGCATCGAGATTAATGAGAATTACGACTCTAAATTGAAGCTACAGGTTCATCGGTAAAGGGATGCCGCCCGGAAGGCAGTACTATTCAACGCGCTAGCACTCTGTTCTCCATCTTTCGCGGCCCGTAATCCTCTCCTTACACCGCTTACAATGCTATTATGCCGTGGGTTATTAGCTTGTCCACCCAGATCATATCCAACATTTACACGTTTTTGTACGGGCGGCGCCATGTGCGATACCCGAACCCGGGTCCGTGTCCCCGCGAGCGTGTTCCGGGCAGTCGATGCGGACAACCGTGCGCTGCCTGCCAGATGTTGGACCAACCCAATGTATCTCCTAAGTCCTTGATAACAATTTCGACGCGTGCGTGAAAAAGGAATCCACTCGCACCAATCTCCCCCAGGGGCAAGGGCCTGTTGTCTCAGAAACCTCATATGAGCCTCTTTACGTTCTTGTCGCTCGTTGTAGGGGGTTCCAACCAATAAATCAAAGTCACCACACGCGACTGTACTGCTACGCATCTTTGCTCTGTCATCATGTACACGCGTATCTCATACACTGCCTGGTCCGTGTCGTCAAAGCCTCGCGCAATCTGTTTAGAGAATACTAAAGGAGCTGACACTTGTAGATACCTAAATTAGGGAAGGACAGATGATACAGACTGGCGCGAATCCCACAGAGGCCGAACATCGAGCACATTCTTAAAACGCTCAAAATAGCATGTCTTCTAAGGAAGTAGCAATGTACCACGGTCTACTGCTGAATATGGGCCAAGGTTTTCACTTGCGGGCTTAGTGTTTGTGTTGTGGCCAGTTAGTCACGGCGCTGGGACCGTCATCTGCCGCTTAATCTGCCTGGCGATATGACTGACCTATTTTAAGGACCCGCTTCCTCTGCGAGCAGAAATAGAGGAACACGGATTCTAGTGATAAGTCGACCGTC,1577,49.27,Drosophila melanogaster
SEQ_779842,CGACCAAAGCAACGGATACTAATCGTGAAGATTATACAGGCGTAAGATTGCTTCACAGGGAAAGCCCTGTTCAGGTGTGTTGTTAAGTCGTGGGAACTGGTAACACGGCTGACGCGGCTCAATTCGGTGTATCTGGCTTTTGCTGCAGAAGCCCATAAGCATGTGAATCGTTACTCCTTGTTCTATACAGATACTATGGTGTAATAGCTGAAGATATACGCCTACAAGCAATAGTTATTGGGGCCGTCCCCAATCGAGCAAAAGCCGCTGAGAGGGGCCCCGAATCATCGTTGCTCCTCAGGTCCCCACGGCTAACACCGCGGAATTGGAATTGCGGATTGCTACTTGATAAACCGGTCGCCACTTAAAATGTTAATGCTTGAGTCACCTTGCTGGAGGGCCGCAACGCCACGTTGAGCTAGCCCATAAAGATCATACGGAACGGGAGCTTAAATCCCTTCAAGAATGGATTTGGTCGTTGGTATCCCACCCGCTGCCCGCGGACAGCGTCGGCGTCTGCCCCCCCGATTTGCGGCATGCCAGAAGCATGTACCCTTGGATCAGCTTCCCCTTCTCCGCGACCGTATCAAGAGCGACGGTTCCGTGGTCGGTTTTGGGGTTGGTGGGGGACGTTCTGCGTCAGGTGATCACGTAGTCCTGAATGGTTGTGTCAAGGTCGAGAGGATTATATTTAGCATCGCACAAATACTCCTTGAGGTCCGCCCCTTTGTGTGTGTTGATACCAAGGAGGGCTGCTTCCCAAACGCAGCTAAGGCGGGCAAAGTACTTATTAGCGGCTAGAGGTAATACACTGTTGCGACTTATTGCTTCCTCCGCCTCACCCACATGTGTAGCACTTGGCTAATACGGCGAGTCACTTTCGCAGAGTGCGGGGCGATGAGCTTACACAATACACAAAG,920,51.96,Drosophila melanogaster
SEQ_138188,TCCAACTCGGATCTACGTGTGCCGATGAAGGCATTTATTGGCCCCAGTCGCCGATACCTTAGGGTTCAAACCTCCAAGACTCAGTTTAAGCATCCAACCATAAGGTACAGAGCGGGAATTCGAACGCTGCGTATAAGATGTCCTCTGGAGATCGGAAGGCCCGTGTGGGAGCGTACACCTGTTAATGAACGCCGGCAGCAGGCTTCTTAATGTTGTCCGGACGAGCAGCCTTCATTTGCCCGATGATGGGAGGTAGGTTGCTATGCCAGTGTGCCTTGCTG,281,53.02,Arabidopsis thaliana
SEQ_968277,GAGACGAATTCCCCTTGTACCGCTGACTTCCGGAAAGACTCCACATTAAGAGTTTTCTAGGGCATTGCGTCCAGGAACGTCTTAAAGTTGCCAGAACATAGAGCATGCGCGTGACAACATCGGGCGCACCGGATCCCATAACAGTGGAACAATCAAATATTATCAACTTTTCTTCTGTGGGTATGTTACGGCTGAATAGGGAGACCTGGGAAAGAGTACTAGGTCGAACAACTTCGGTCCGGCCGACGTCCGGGCCTCGCGTGTCTAGAAGGAGTCTTGTGTACATCTATCCGAAGTGTCTTTGGTCATAATACCTTCCGGCCAACACACAAATCAGGGCAAAGAGCTATGTGGTCCCTGTAGCGTTCTATTAGCAACTAGTAGTCACACGCTACAGTTCGAAAATCATGTTAATTACACGTTGGGTCCCTATCCTAACAGGTGTTACACGGGCAGTCATCACAAAAAACGGTCATCGACCCTATTTAAAAGCTTAGGTTCTAGAAGCGGCTTATGAGACGGACTAGTTTTTCATCGTGGCTTAGGGCACCTCACCTTGGTATAATTTGGAAATCCTGCCGTTTTATGCGTAAGGTAAGGTAATGAGGTTGGAGTTGACCGTGGCTTTGTGAGTCTGAGGCGTCGCGTCTCTCTAGTGTTCTGTTTTATGTCGTAACGTACTGCTGTTGGGTCAAAGTGCCTGAAGCATACGATCTCTTAGTCTACCCTTGCGCTTTATTCAACTGCATTTTGATAACTGTATTAATCATTTAGAAACACGGTTGTCATCTACCACGAATCATTGCCGTAAATTTACATAGCATACGCACATCTGGGAAAACACTACGCAAGCACGCCACGCACGCCTTAAAATATTACCAAACCTTAAGACCTCAAAGGGACGTAAATCCCCAGCCAACTGTAGTTGGCGGGCGAGCCATAGGCAAAACAATGACGTTGGTGCTCATCACTGATGAAACCTCATGCCAAACATCAGACCATCGAGTGTCACAAGTTCCAGGCCTACCCCGAGACATATGAGTGACTCAAAGCGACGGCGGGCGAGGTAACAAGAGCCGTTCTTCCATTCTAGGAGAGTTCACTAGGCCCGGCCACACGCCACCATAAGGAACTAGAGAGGCGCCCAGGGTACCCTAACTCAACGCATGGAGTTTAAGCCATATTGGGAGTGGACGGGGAATCCCCAAAGTAAAAGAGTAGTGGGTTGACGAGCCGTTGGTGCGTTATTATAAGGCAAACGATCTATAGTGAACTCAATGACGAACATTCCTCTCGTTGAAATACCCGACTAACACTGGGTTTTCTCGGTCCGCCGTAAGCCGACCTCATATCTTTATATACAGCTACCCTTTATCCTTAGCATGCAGGGTAGCTTTCTCGTCATATGCTTATGCAGGCATGCCGCTAACGTGGCACGACTCGCTACCACGACTGTGGGGCGAGTGTCGAAACAAGACCGCTGATGTATGTGAAGTCTACTAACTAACCTCTCAGGATAGAAGGTCCTGGAAGTGCATCCGGGTTTATGTCGAATACATATACGAAAATTGTGTGTTTGGACCCAGGACGGAAAGGGAAGTCGACGTACAATCGAGTCTCTTTCCCCGCAGCAGCAACGCAAGTACTCTGCGCTCGGAACAACCGTACTCTGTCGTCTGATAACTGCTAATTGTTGGACCAACTCGGCAGTTCGGATTTTGACTACAGGTAGGACAGACAGCGACCACCGGGAGAGTTCTATCAACCACCCTAGTTTCGGTATGCCGCGGTCTGGTAATTAAGACGTACGAGTCTAAATATCTTGCCGACCTCCTATATATAGAAGCTCTTCAACCACGGCCGAGCGGTTTAAAGGGGGTACCATCGCCTCCTTCTTATCAGGCCGCTCCCCGTATATCACCTTAACATTGTAATGCATGGCAGGCGTGTAAGTGTAATGGAGTGCGATTCCCGCGACACGG,1982,48.44,Drosophila melanogaster
SEQ_656295,TATACGGTTGAATCTTACTCTGGCATACCTCACGGATAGCTGGAACTTTAAATCGCGTGATGTGTTGACCCTGTTGGCTAAGGCCCAATATAATGCTTGACCTCGACCTTTACTGATCTAGTTCTAACCGTATGCGGGGGGATGCGCTGCTGTTCGCGCATCAGTTAGATGTGTCTAAGATCGCGCTACGGGGTTGTCCGACCCGTCGCATAGGGCATGCACGAACTGTACGGAACTGATCCTTAACGTTTCCGCAGCCACAATAGCATAACGTAGTAGATAACTACTAGTTTAGGGCAACGCCCTCTTGGCACAGATCGCGCTACCAGGCAGACGCGTTTATTTTCTTGGCCTTCAAAAAAGCGTCTACCGGAACGCGTAGAGGATCAGCTGATGCCATGCCGCCGTCGTTAACGTCACTTTCGTCCACGGAGTTTGCTTCGAGGCAGTGCACATGGCGCCAGAATGTACGTAGGAGGCCACTAGGTCTCAGGCACTATACATGATCGCCATCCAGAGACCGTCTTGGGCACACACTCGGATCAAACTCGGTATCCTGCCGACGTCAATGATAACGCTACGAACCGGTCTTAACTCTGATAGCCTGGTATAGAACACGTAAGTATACCAACGTTTAGTCGGGGACTTGTGTTTAGAGGTGCTCGCTTCGCTGCTCGAGAAAAACGCCCTGAGCCCCTGACGCGTCTCCGCCAAATCCGAGCCGCGACATCCCTGAATTATTACACTGCACGAGTTAGACCGTAGCAGATAATGCTGTATGAATAGCAATGCATTTACTTTTATTGACAAATAATGGGTACCGCACAGTACCAAAATAATAACCCGATACCCTTCTGCTCGCTCTAGAATGCGTCGTGATCGGCGATAGGCTCCAAGCAATTAACACTTTGCACATATCCCATGCTGTCCGTACTGCTATAAACTAGTACTTGGGAACCTATACTCTCACGACCCCACCGCACATAGTGCCATGGGACCCTTTATGGCTAAGTTGCCACTTATAAAACGTTCTCCACATTGAGGGAGGTGAGGAACAAATTTTGTGCGCAATGAGATACCCCGGCAGTCCCGATACTGGTAGTCATGCTGCATACGTGTCCATCAAAATCTGACACCGTTACCCGTGTGGTTAAAGACGGGTCAGGAATGGTCTTTAGTCTCGGTTGACTTAAAAGGAAGGGGTACATAAGGAACGAGTCTGCTGCTCAATCCAGACAAGTATTAGGAAGCGACGATGACTTCGCTGAACACTATTGGCGAAGGTCGAACTATGCCGCATTTGTAATACAACTAGCAGACACGACGGACTAAGGACAAGTGGGTCCTTTATGACAGACAATTAACTCACGTGGCTACTCGACCTCTCGATCGACGCCAGCACACTTCTCTTCGGAGCTACTGTGGCGGACTACATAGTAGGATAGATGATACTCCCAGACGGATATGCCCGGCCGGTCTCATGAATTTCGCAATGGGTTAGATAACTCATTGTGCGGTGATACGTTCTAGTCTTTA,1536,49.22,Arabidopsis thaliana
SEQ_422766,AAGTACACCGAAGCCCATTTACGGCAAATTAAAGGCATGTGTCGCTTAAGCCCCGGAACTGGCACGTTGAGAGAAACGACCCGCCAATAGGGTGCCCGGAACGGATCGAAGGGGGATGCTGCACATAGGGAATTGCGTTACGTTCCGTACCTCATGATATGCGATTATAGGGTAGAGTAGGCGAGCCGTGATAGAACGGTCCTACGAAAATGACAACAGCTTCTCGCCTAAGTGTCGGTCCTCACCCTCGAGCGCCTACTACAGTTAGAGAGTGAGGGTCAACGCTATCATCCTGTGGAAAGTGAAGGCTAGTTTGAGGCGACACGGTGCTAGACTAACGAGCTTTCCGAAACAGTACGTGGACTCCGCGTAGACAGTGAGGATGTTCGCGGCGCCAACGTCCTTCGTGCGCGTTGGGGGGCATGAAGCTGCTATACGCGACAATTGAACTTACCATGCTATATAGCTACCGCGCCAGAGTCTATGGCCTGGTACGTAACCATGAAACGTTCTCGCTGCCCATTTGGACGGGGCGAGTTCAGGGCCGTAGATACCTTTTGCAGCAGTGTGCTTCTGGCTGATTACTTTCCCCAGGTCCGAGCGTGCTTACTCCCAAAGAAGCACCAGCGTCATTATACCGGCCCGGGGGGACCCAGGCCCCAGGACTGACACAATAGGAAATCGGGAGGGTATGAGGGTAGTCCTTGAGTTTCCACTAGCGCCCTTCTGGACGTAGACGCCACATAAGATCTACTCGCAGTGCCCATTACAAAGGGCCTCTCGTGAACTCCGTAAGCTGCTCCGTCCAGCGCGGGAAGTTTATAGGGCTTCCTCTTTATCGGTGTCCAACTAGACGGGAAGGTCCGGGCACCCCAACGCGGCACTCACCGCGCTGATTAATGCCATGAGCGATACTAAACTACTCGTATAATGGGGAGCTGCTGAATGGGTTAATGCACTAAGCAGCGGACCCTCCGGCGACATCCTCTATCTAAGACCAAAACA,1005,54.13,Saccharomyces cerevisiae
SEQ_888314,GCTCTCCCATCACACTTAACTTTCACTGGCATATGGGAAGGTTTATCAGGACACTCGGCACGTTAGGTCAGTGAGGTAGTAACAAGAACAGTGACGCTAGAGTCGGCCTACAGAGAGATCTAGGAGCTTATACGGACTGCATCTACAAGTGTGTTTGAGCGGACCGCCGGACTAGCCGCGAGGTTCATTGCCAGTCGATCTTACCTCCCACACTGCCCTCCCTCGATCTAGTAACTCGACCTCAATCCAGCGGACGACACGAAAGGAATGAAGGGAGTGTGTACTGTAGCCATAACTCCGACGCATGGCTCAGTATCAACATCGTCCTTCGTGGGAACGCAAGTTTGTCTTCTCGAACACAAACAGGAACGTTACCTGTTGC,382,51.31,Homo sapiens
SEQ_233518,TGAATCATTACGTCAGGACCGGGTAAAGTAATTCGAGTAAAAAGAGGGCCTATTCCTTGCGCGTCCGTTCAGATCTTCACGCGGTTTTAATCCAGCCCGAAAAACGACAGGGACTTGTCGAGACACTCCGTCAAACTTCTCACTTACACATTCCTACGAGACAGATTACCATGGAACCTAGGGAGTACTTTGTTGTCGCCGCGGGCATGGTTATCACAACCCGCGTGCATTATGCCTATTAGAGGTTTCAAAGGAGCCCTAACCACACGTGGTCATATTGAACGCCATCGGGTGCCTGCAAAGAATCCGAAATAGTGTACAGCTATTTCCGCCGGTAATGCAATACTTATCTCGCCTCCTCTTGACGATCGACGGTGTGCGTTACACATAGGTACACAGTAGGCGGCCTAGCTTTATTTAACTATTCAGAGTAATGGATTGGCCAAGGCTACCTACCCTCGAGTAATGTCGCGTACGGGACCGAGCAAGATCGGCATCCGGACATTTAGGGACAAGCTATAGACAAGGATCAGGAATTAATTGTTCCGATCCATGCTTCGGTCGGCCCCAGTACCCTTTCCGTGAGGGGTCAGATTCGAGGTGTCAAGTCTCCATAGTGGTATACAAGTCACCATATTCACTTATAGTCATACTGCTAGCACCGGGAGACCGCCCTAGAGAGCTGAATGCAGGGAGCGTGCTTAATTACCGTCATGAATACGTCATATTCCGCAAAGTAGTATTGTTGATGGTGGCATTCATACTGATGGTATACGGGTGGGGTCGTTCGTCCTCGCGTGTATCGCTCATTC,812,48.89,Mus musculus
SEQ_636718,CCCCTTAGACAGTAGCACATTCGGGGTGGCCAGTCACCAATCTCTCTACTAAAGTCCGGCGTCTCGAGGGGGGACAAGGTAAAAATTCGCTCTCCGCGTGCCCAATCCAGTATCAAAAGAGCATCTTACCTTCTCAAACAGCTTTACAGAGGCAATTGCTACGCGGCGGCGGGGAGCCACGCAACTCTTATTGCGTGTTTTACGTTTGCTGCTTCACACCCTCCCCATCGCGCGGTAAAGACGTGTCGGTGGGAGTCCCGCTTCTCTAGTTAATCCGTTTCCCCGAGTGAAGTTCAAAGGCTCACGCAAGAACGCCAAGCACCGCGCAATTGTCTCCGAGCAAGGGGGATAGTTAATCGAGATCCGTTGCGGTAGTGGCGCATCCAAATGACGACCCCGGCGGTGTGAACTCATATAACTACGACCGATTCTAACATGGCTCATCTCCGGTAAGTCGCCGTATAGTTGTGAATTACTCGAACCGGGGTGTCCAGTCCCGTTCTTTAATATTTCCCTCTTTGAGAAACTATTGAAGACCCTGTGTCCGAAGGGCAGCTGTGTTTGGGCGATAACCCCCAACGACCGGTCGTCCCAGTGCCTTATTTGCCTCCCAGAGCACGATGTTGACTCTCCCCTCTTTGTTATTATATACGGCCTAACAGCTTATATGCTGTTAAACTCGCGTGAGATCCGGGACAAGGCCCACGAAATGCACGGAGGAGGGCTGAAGGAGTATATCCGGTGAATCTACACGATCCTTCATGCCTTACTTCGTAGTGTAATCTGCTCTTGGTTATCATTCTCTTTGGCAATAGAGGTAATAAATATCTGTAGTCGCTAACCTCTTACAACCCTGGCCTCGATACGGAAACAGCAATCACCGTAGTTACACCATATGCCTGGAGATCCTCCAATCCATTAGAGAGGAGGCAAGCGCCCAGTGCCTCAAATTCATGAGCAGCCGGCAAATCGCAACCGAATGTCGTCCCGCTGCAGTCCCCTTATATTGGTGGGCGAGAGTTGGAACGATAAACGTTAAAATCGTCAACGTTAGGAAAGTAGATCTTTAGGTGTCGATTCATGTCTAAATACACAGTTATTTATTACAATGAGTCCCCAAGTATCCTACTTTCAAAGTAGCTAATCTCTGATGGCGATAGGAACAAGAGAGGTATTGACAGTCTCCAAGAACTCAATCAGTATGTCCTCGGTCAAATGCTATGGGATCATCAACAGGCCGCCGATGATATGCGTTACCCACTAGCCCTTAAATCGTTTACGTTGCCTCAAGCGTTACACAAACGTTGTGATTTCAAAGAGGCTTTACCTCCGCCGTAGATTAGGGCACTAAGCTACTATGTTCGTCCGAATATGGTACCATAGCAATTACATTTTAAGACACCGAGTATGAGGGAACCGGGCGACGTTCCACCCGATGAACCCGCCCCACTTTCCAACATTTACGGCGTGGGGATTGGTTGAGATTATGACTTCATGCTGCCACATCTGCCCTTATCTCAACGAATTCAACGGAGCCGTACATGTGCGGGCTCCTCCACCTGGCCATGAGAGCTGACAGTACGGGCTGTCATGACTCCTCCCCCGATATCTAAGGACATGGGAAAGTTCAGTTAATAACTTACTGACCAGGACGCCGAGTGAGGCGGATGACCTGCGAGAGCCTTTATCCGGGGGGGCCGAAACGAGGATGACTCCTTGTTTGACCAAGGGTGCTCTTGTTTGCTCTTGCCGTTACGGCGACTTAGGCCAAAACCTTGATCAGAGGCAGGCTATTTCTCGTGTCACTATATTAGGCTGTACGGCGCCTCTACTGCCTCCTGTAGTTTTTGGTGACTTATTGCTAATTCTTAATGAACGACAGAACGAGTGGGATACGAAACCGT,1904,49.63,Escherichia coli
SEQ_777704,AGTAAGGCACATTGTCCGAAGGAGCTCTTGTCACAATTGTTCATACATTCTAATACGCGTGGAGGGTTCCACACCGAATGGAGGGATGGAGGCCGAGATTCATCCGGTAATGTCAAAGCCGCGAGATGCGCGTGCTAAAAGTTCTGTCCTATGAAGCTTGTTTTGTCCCTACAACCGCGGGGTTTATAGAGATAAGTATCGAGCTACCACACAATAACGAGGAACGAGGCTGTTGAACTCTTCATGTATACGTTTCGGCGCCTATAAGATACACCGTGGTATCTGTCTCTCGCTTTCCCGTTCAGGAACCATCACTTACGAATGGCGTAGTGTTTTGGACCCGAATGTATGGGGGATGGAGTAGGGTTAACAAAAGTAGAAGATTCGACGTGTCATATTTCAGTTAACTGCCGGGGTTCCACGGTTCAGTTGGGGTTCCACTGAGCCTAGCCCCCAGGTTATGTGACTATAGCGAGCCACGCACCACCTGGGACACAGGCTTAGTCGGGTAAAGCTTCGAGCAGACCCGTTGTGCGTAGCGCTCATTTCCGCTGCAAAAATTTGCGTATCAGCCTAACAACCTCTAGTAAGTAAGACAGCCTATATCCTCTTCAGA,616,49.03,Saccharomyces cerevisiae
SEQ_100795,CTGCAACAAGTTAAACAGACTCAGACACGCCCATCCATCCAGGGGGCCTGGAAATCACTTGATCTGGCAAAAGAGTTTCTTTCCAGTCAACTTTGTTGAATGACAGGTGAGATGGTCGTCTGGTCGTATCA,131,47.33,Drosophila melanogaster
SEQ_310020,TGCGATACCGCTCTAAGTAATGGGCAAAAACCAGCGATGTAGTGTAATTCTCTCAATAGACTTCCCGCGGGGGCTTAAGGCCCGTAGGTATTGTGGAACGCTATCGAGCCTTTGGTGCGCCGACAACTCTAACATCTGTACGAGCCCGAGCCAGTGACGACAATGCTTCTAATAGTCCCTTACA,184,50.54,Caenorhabditis elegans
SEQ_431406,TAAAGGGACCATTGAACGTTCTCCGCCTATGAGTCAATGGGGACGGAGGCCTAAGAACGTAGCGAGAAGTGGACCGCAGGTGTAAACTGTGCTCGTACGGAGGAGAGGTTTGACCTGACTTGTACCTCCCGTCTAGTTTATATACGGATTAACGTATTGGGGTTGCCCTATTCTGCGGTGTCATAGATAAAAGACCCTACGAAATGCGCATTTGGTCCTACTCGCGTTTATGACTTGTCTCAAATAGACGAGTATACAATGCCGAGGCGCCACTCCTACTGCATGGGGGAGCGACATACTACGATGTTTGTCCGCCGCCCTTGTCCCCGTACTAATGCCCAGAACATTAGCAATTCTGTTGTAATTGCTGCGTGCGAATAGACGGGGTAACCTTGCCCTCCACCGATGGAGGAAACTCCGCTCCCCTAGCATCCACACACTGTAATTACACCGCGGTTGTTCGTTGTTTAACCTTGGAACTCAACCACGTTTGGCATGGTCAAGGAAACGTGTATTCGCTTAGTTTGGGATCATATGAGGTGGAAGAATTATTGGGCTGAGACGGCTTTGCCTATAATTAACCGGACAGCCTACCGTTCCTATGACCGCACTTAAGATGAGCCTCCTATTGTCCTGA,637,49.45,Caenorhabditis elegans
SEQ_778088,AAAAAACCCTGGTACGTCACGACACGGTTTACTTGGTAAGAATTTATATTTACCACTGCGGCTGCATATGGGGTCCAGGTATTGAGTGCGTAAGAAAATACTTAGGCCTTATAGCTATCTCTTAACTTGCCCGTGGTTCACCTATGAGGTCTTAGCAGTTTCCGCTGTTTTAATAAGTAGTGCAGTAGTACCACGACCATGGCTGCTATTGAACATACGAGTCTCACTTCTCGGACATATGCGGACTTGTCCTCAGTAACTAATGACGCAAACTCCTAGGCGGTACAACCCAGATGCATGAATCTTCATTTGATTACCCAGTCACCTTAGTCCATTATAGTGCGTCGACCCTTCACCATATGCGCGGTTGTCCCGATAACCGGGCATGTAACGGTAGCATATATTTGAGAGCGAGAGACGGAAGAGGACGGCACTGGTCGTGATGATGGTACATGCTTCTTTGCAACAGCCGCGAGCGGGACACAGCCTCCTTTCCCAAACTCGGTTCATAGCAATCCTAACTTCTTTCCAATGACCAAGGGGTCGGAGGGTTAGCTAGTTGCCGGACTTGAGATGTCCCGTAGGTTCCTAGCTATACACGCTACTGAAGCATCCTATAATTAAGTCGCTACCCGTTGCCATGGCATGCCCAATATCCCAAGGTGTATACACAAGGAATAAGCTGAGACGACAATCC,697,47.63,Mus musculus
SEQ_262092,AACCTAGCGGGCCCAGAATTAAACGCCCTCATGCGTTCCAGCCGGAGATCAGCGCACCGAACCCGGTTCCGACTATACAATCTCAGGTACGTACACAGCGAACCCGCGACAGAGGTTTTTTACTGTTTGACCCAGGGGACCCGTGTCGAATTTTATGCTTCTCCGTCTCTAGCACAAAAGCTGCCAACGGTCGCACTTCGTCTGCTAATGTCCGCAGGGTATAAGGAAGCCGGTCAATGCCCCGGCCAACGTGACCGAAGAATGACAGCGCGACGACTGTTACATGCCGTATAGATAGAGGGAGGTCGGTAATTTATCCAGTCGTGCAATAGAAGCCTGACTGCTCTATAAACGGCACATAAAACACCGTTCAAATTCCGGGCACCCCACGAGTTACTTAGGTGTTAGCACGTCGTAAGAGTTCAGCTCTACATCTATGATTGTGCCGAAACTGATGCGCCGCGCCCCGTGCTCGACGGTTCAGAAGCAGCCATAAGATGATATTGCCGAGGTAACCAAATCACTGCACCTGGGCTGCGCCTGCTCCTACTTGCTTAGCGACCGATGTCGACCCCACCAGATCCATTTTCGGGCAACCGATGACAAACGAGTATGGGCTGCATTTCGGCTTAGTTAGCTAACCCGGTTCTCTCCCACAGGGGGGGGGGTGATTGTAAGCGTTGTGGCCAAGACATGTTACTTAGTGAGTCGGTGACTTGGCTCCCTTCGTCGTAACCGTCTTCAACGGCCACCTGATGTGAACTTAGAGCAAAGAGATCGAGGGACTATCATTGGAATTTATGATATTCGCAAATTGGGCAGAACGCGGGGGAGAATCGACCGTATATAGAGCGTCCCTGTTTCGGTATATTATACTCTTCTTACGGTAGGAAGCGACGTGGGAAAACGGCACGCCTTAACGGGGAAAATATCGCGCAGTATGAGTCCTGTTCTTAAGTAAGATCCAAGGGCCGGACCACTGAGTCGTGATAAATACAACCAGGCACTAATACGCAGTATAGCGCGAACTTTAAACCTTACGTGACAACTCCATTTGCGTGGCCGTGCTTCTGCGAGTTTTACCAGAGCCGGCTCGCTGCGGCCCTATTAGGAGACATACAAAATCCTAGGACGTACAACGGATGAGGCTAAGGGTACAAAAGTGTTTGTATAATATTACAGGTTGCATTACGGACATTTAACCACCTTATAAGATCACACTGTGGGTAGGACCTCAGAACAGGTTGTCGTTATGAT,1257,50.52,Mus musculus
SEQ_403214,TTCCCACCCACTATTGGCACAAGAGAAGTGATAGGTGTTAATACGTGCCAGCTATTCTACGTGGCCGAGCATCCCTACGGGGATGCAGCATGACCGTTCAGCACCTGTGGGCAGAAAAGCAATGAGTACTAAGTGTATGTCTTAGATCGGCCGAGCGCTAACAAGCAAGTTTGCGGTTGCACGGGTCAAGTTTAGAACTCTTTTGTGTATGCTGGTGATTCCCTTGACATGGAAGGCCTTCGAATTCCCTTGGGTCTGCCCTGTTCTATTGCAGTCTAACGATCGGTTGGGGGGGACTCAGTACTCGCGTCACTGGTTTGTCGTAGTACGGCGCAGACGTATGCTACATACTTAAAGGATACGTCCTGGGGCACGTTACAGTACATGTTCCTTCACCCTCGCACGCGTAGGGGTCTTTAGCCGGACGTCAGGGTAATTCTATCCTACGGATTAACAAGCTATCATCGTGTGAGTGCTAGATGCTCTGTGCTTGCGAGGCGGTTCGTCAGCCACGAGTACACTGTGGGGGATTATAGATATGCTTTCTGTGCTTAGTAGTAGCAGCCTTTTTTCTTTCCGTCAATAAACAACCTTCCTGCATAACAGGGACAGGGGGGGGTTATTTCGTAGACCCAGGTACCGAGGCCCACGTGCATCAGGTTTTGATTATTACGTGATTAACCTATTCTTAAACTGCCTGTCCGCGCTACCGATGGGCGGTACTAGCTGCCGGAGCGGATGAGATTGATGTACTCGACAGCTAAATCCCGCCTGGTGTGCCGGTGATCCTATAGTAAGTTAACTAGGAATCAGGTGACCGTACGTACAGACCCATACACAGGGGCGTTCCGCGTCACTTTGCAAGGTGCGTATCCATGCATGATCGGGCTGGTATCGTTCCATCTTGATAAGGATGTAATCGGACTAGTCTCTCTAATGACGACTCACGAGTTACCCGTCTTCCGACGTCTATTGCACCCAGGTGCAGCGCGCGATTGAGAGGGCCAGGAGCGTCGTTTGTGCTTGAGGCGATACTTTACGATGTATGCGAATCTGTGAAATTTTAACCTTCAAAGTTATCTTGGTGTTCTACCAATCTACTCTCTTGGGGGTGTATGCCCTCACCACCCACAACTCGAAAAGACGAATGGACTGCGTTCTACCGTAGCCCGTACAATCTATTCAAAAAGCGATATGTGAT,1201,49.96,Saccharomyces cerevisiae
SEQ_227652,AACAGAGTGACCAGCTACAATATTCTACGGTTCCGACCGGCCGGAATAAGAATACACAGATATAGGTTAATTCCGGATTACTAGTTGTTGAATGCGACCAACACTCTTAAACGAGTCCTATGTAGGGACGTAATAGTGACTGATGAACTCAGAACGCGGGTCGATATACGACAGCGCAGGCATGGTGGCCAATCGTCATGGTCTTGAAGTCCATCCTCGAGGGGTCGCTTGTACGTAGAGCCAAAAGAGGTGGCTTAGTTTCGCTCACACTAAGGTCTGGGATATTCGGCTCATATTACTTAATGCTTGAAATAACGTTGGACTCCCGGCGCTGTCCTATACACGCCATATTCCCGGTAATTAGTCAGAGTTCGTGATTGCATTATCCGCTCGTTCTGTACGAGAAGGCTAACAACCGTACCAGAAGTGCGGACCTCCCTGCAAACCATGCAGAGTGGTCGATTTGCTGGAATACGACCGCAATGAGAGCGCCTTCGGGTATAAGCTCCTGCCAAAATTCAAAGAACATCCTGTTCGAATGTCCACTTATCCGGATTCTGCCTTGAAGGAGAATCGTGGGGACTTGAGTCGGGATGGAAAACGATCTTGAGAACAAAATCATGGGGCGTGGTTGGGTTCTTCATTCGTTATCGACCCTCTGGGTACTGATTCAGACTGTCAGCCGAAGCAACCAAGATCTCGGGTGGCCCTTGTTCCGATTTGGAGCCATGTAGTGAAATAAAGTGCGGCGTCCTAACACGCGGGGATTGATTCCTGTACTAGTTTCAGATAACTGCGGGGTAAACAACTTCGGTGATCATTGTACCGAGACTTGTCGATGGTGGTGATTTTGTATTGTATACAAGGTAGCCCTATTGCTAACTTTCGAAACAGCAACCGTGCATACCGTATAAAGCATATTGACGGTTCATCAGCTTGCACGATTAGTCGTTCACCGAGAGATCCATTCATGACCCCTGAGTGAGATCG,990,47.88,Drosophila melanogaster
SEQ_844102,CGGTGAGATCAACGATGAGTACCCTACTCCCGAGAGATGAACTATATTCGGGGAGTCGACGGGCAGTGTTTCTATTTCAGAGGGTCGACGTAGCCTTGAATCTGCGATAACTACGTAGTGCGGGGGTATGCGGTCTGCTTGGACTTATCAACGCAGTTTCTAATAGGATGACGGCAGATGATCCTTTATCAGCCGTGAAAAACGCGAGACTGGCGGTATCTACCGCTGCGTGCGGTATATACGGAAAGCTTGCCTCGCCATTAACTGTACTGCTATAAATTCCTCGAGAGTTAGCCCTAAATCTAGGCAACGTGGGGCATCCGGCGATTGTCTTCCGGTATTTCATTAGCTAGCTCAAGCCAATCCGGTCTGTGGTGTATCCACCCGGTGCTGGGTCGTCTCAGGGAGCTATGGCCCTTCCTACAGGTCGCGCAAGACGATAAACATCGAAGAACTCCCGTGTTAGCGCTAAAATCATTTGGTGCTTTGAGAGGAATTCCATCAATCGAACTAGAGACTGTTCGGATATGGTGGCTTGAGTCCGAAGAGGTAGTCACTAGTATAGATGCTTCACTCCTATATCATTATACGTTTAGACAAGTGAGTGTCACCGTTCAGATATGTGCATGGGTCTAACGCGTACCTATAATGCACTGTTAGTATCCGGCCTCTGATGCACGCAGCTGGAAGTCGGTTTCGTATGTATCTACGGTTGCAAGATGCTTAATATGTCAGCGGAGGGCCATATCAATCGTCATAGTCGACGGCCTTAAGGACCCTCTAACGGATAGTGGCGCACCTGGAATGTAATATGCATTGTTACGTGCCTATTACTTTTGCGGATCGACAGAACAAACGGCTGCGAGGGTCCAGGGACCAAACTATCACGACGGAGTTGATTGAAAGCCTAAAGCCCAGCTGTTTTTCACCACGGCGATCCTTTGGCTTATCTTTCTAAGATAAATGAGCTGGACAAATTGATAGTGCAGATAACTTGTCAGTCGGCAAGCGGATTCTCTCAGGTTTCCCTAATTCTATTGCCTGAAAGCAGGGCATGTGGGACTTCATAGTCTCTTGTACAAAGATGAGCCCACTTATATGAATTAATAAGGGAAGCGAGACGGTGGTGGCCTTACAGGTCCTGTTGAGACCGCGACAGTTAGGCGAGCACAGCCCAACTCGTTTTGCAAGGGCGACCCCACGTCTATTTGTGCGGTCTTGGCGCGCTGGATTGTGCATCCGGACTAACCTGCGAGCACTACAGAAACTCTTTGCTTGGTGAGGGCTATCAACTGAGTGTAATCGCGTGCGTAAGTGCTTGGGCCACGTGACCGTAACAAGTGGTAGGCGCGCCTGGGAACACGATGGATCGA,1373,49.6,Caenorhabditis elegans
SEQ_266299,GGCGACATGCACATGTCACCCTACCATACACACACCGCTGGCTTCATCTGGTGTCTTTCGGGCTAAAGCGTTCCTCGGTGAGACAATGGCTAAACGCTCATCTCGACCTGGACACTCTCTCTTTCTTTAGGTTCGTGCGGTGATAAGTGCGACTTTCCGTAAACTCAGCCGCTGTAGTAATGGTATAAGCTAGATAACGCTTCTTGGGTTAGGACGGGTGAACCTTGAATTCGAATAGGTTCCTGCAGGCGCCCTCACCA,260,51.15,Escherichia coli
SEQ_806523,ATGAGGTTAGCTTATCTACGCTCAAGCTTTACTCCTAACTAAAAAGAGTTTGGGATGCAGGTTGTGGTAGAGAGGGGGACAGTTTATTTGTACGAGCAATCGTAGTCCCCGAGACTCTGACAAACTAGGAGGCCGACGTTTGCGATAAGCGACCTGTGATATCAGGTATTCAGCCTACTTTTGTGTGCGGTCTGCGTTTTGTGTGACCTCAGACGAGCACCTGGCGTCCGTAGGGACCGGCACGCTGTTAGGTGGGTTCAAGATCCACGATCATAGTCTCTTTATCTGTATTGTTCTGAGCGTGTGCTGTGTGCCATTGTTCTTTTAAGCGGAGCCCGCAAATCGCATGTGAAAGCGGATTCAGAAACTTCGAGAGAAACTCTTAATTCACCATACCTGCCAATCTGATTCAGACCTGACGTCTCTTCACACTATGTCTTAGTAAACCAGTTAACGAGATTGAATGTACCAATAATAATTGCAGGCCATCCTCAGGTTACGGACCGCGACTGACCAGCCAATGGCAGCTATTTGTGGGTTCCAGCTCTCCCATCCAAGCCATATTTGTGTTTTCACACACCCTCTTTTTTGGCATCCGCGATACGGAATTCCTCGCAAAGAAATGACCACTCCAGAGTCATACTAACCGTTTACACAACGATGGATACAGGAATACGCTCTGCCGCGCGCAGGATTCCGTTTTATTATCGCCTTGGACCCAACGCCCCCCGGAGCTTACCCCGAAATGGCAATGTAATAGCGTCCAAGAGTATAACTAATCGTACCCCGGATTAGTGGGTCCGGTCTGAGTCTGGTATAACGATTCCCTTGATCACCCTCTCCCAAGGAGCATTGCTGCGGGTCCCCTTACGCCTCTGACGTCGATCGCATGATACCCAATACTAGATTAATTCGCCCCTGGCGACGCGAGTAAGGTTGCAGCGTCTCAATCCGGCGTTACATAACCGCCATGGGGAGATGCATTTTCGCGATGTCGTAGTAGTGGATATGTGTATATTGAATTGGCGTGGATACGCAATTGTTCGAAATGATACGTACCTGCCTTG,1067,48.83,Mus musculus
SEQ_547446,GGTTACCTCGCGAGATCTGTATCCATTGCGTTCTAACACGAGTCAGAGAGTCTATACTGTGTTATCCGGTGGGAGGTAAGGCCGCAGTCAACATCACCCCTCTCATAACCATTTACGGCCTGCGTACAGGGAATATTCTATAGCGTGCTTATGTATTAAAAAACCCGACACAACGTGGGCTCCACTGACCTTGAGACACATGCACCATGGGTTACGTGACGACGGCCGCTCGGGTGGTCAACTCTAACAAGCAGGCGTTACAACAACTCAGGGCGTTTGCCTTTAGAGAACGAACACCTGTGGACCGGTCCCCTTCCAAATACTTTGGAACCGCGGCGGGGTTACGCTACCGGAATGTCGATGATGGGCTCTTTAAGATACAGCAAATGAATGAAACTTCTCGCACAAAACCCCGTGGCTTTAGTCATTTAGTGTATCGGAGACCACTTCACGTAAACACTGCTTCGCGTAACGTGCAGGAATAAGACCCCAGGTTATGTTGCGTTTTACTGCGAGCCAACACGTATCTCGTCTGTCGAACCACTGCTATAACCTATGGCACGAGCTATCTGTTCCGTCCTGAACAGGAAGGACGACCTACTCCCGAGTTTGACGTATTGCCTCATGCGTGCCGTCGAGCAATTCCGACTGGCGCTATCACAGGTCCGAGTAGTGCCCAACCGATTTCCCTTCGCTTCCACGCCCCACGAGGGCACTTTCCTCAAATATCTGGCGTGCTCCCGCACCCGGCGTCCGTTCTAGCCCAGGCTTAGCGCAGGCTCCAAAGACGCAGTCGAGAAGGGGATGCAAGCCGAGAAACTGGGAAATTATTAAATGCATCGGGCCCGACGCGTTTGGTCATCTTACAGTGACGTCGTCCTCGCCCTGGGTTGGACTTTTAAGATGTTGATGATGCAGTATCGCTACAACGCTTGGGCGCACAAAGCTAGTGTAAGTAGGTCCAGCCTCGCGTTAGTATCTAGAAGGGATGTCGTCCGGAAGCTCGCCGCTTATAGTTTCCTCGACTGTAGCA,1033,52.37,Homo sapiens
SEQ_800494,ATTCGGGTCTCGGCACGGTCGAGGAGCTGGAGACTATGAGGTGTTGCGGGAATACCACTCCTAGGCCCACTATGATAGCTCCCACACAGGATAAGTCCTTTTGGCTCTAGTCAGCAAT,118,53.39,Drosophila melanogaster
SEQ_621643,CTTCAAAAGAGGTTCGTAGTTTGCAGCGGGATGCAATTCATCGCCAAAACGTTTAAGGACAATTTGCATTTACTATATCACGTAGCTCCAATGGACGCGTACGTGGAGTCTATGGGATTAC,121,43.8,Caenorhabditis elegans
SEQ_816490,ATTTCGTAACCGTACTCGGAGCAAGGGAGTGTAAAGTAACTGACAATCGTCTTAATATAGAGTATACCATACGAATGCCCACAGTAAGTCTACTAGAGAGCTTCACGGCGCCAGACGGGGGCCACGATTACGATGCGACTGAGCTGCTATTAGCGGGTAGCACTACCTGCACACTGCTAAGCGTCTCCTCGTCACTTCATCATTGAAGCAGTCATTATCAGGCCGATTGTTAAGGAGGACTGCTTTCAGGCAGAGGCTCGAACCCGGACTAGTGACGTATCGAATAGTTCAGCACTCGCATGATTCTAAGTCCATTACAACAAACATCCGGAGTTTTCTAAACCAACGTGTTAGAGATTGCATTATTTTTGTCGCTAGCACGTTTGTATGCCTTGGACGACCCGCCGGGTCCCTTGGATAGTTGTAGAAATTGATTCACTTACCATGGGAATACGTGATTAGCCCGGTTCAACCCTGGAGAGCACAAGGCCAACAATGCCCCGAGTAACAAAGCACGGTCAATACGATTGTCCCCCGCTAGTCCCTGATTTCCCACTCCATGGAGCAGTCTACACCTATACATATGGCATTCAAGTGGTGACTGCCGAGTCCTATGTGGGCCCGTCGACCATTAGGAGATCGTTTGCGCGAATAAAATGAGTGGCTTATACAGGATGCTACTGCGGCTACTGGCATAGGGGTCTGCGAAGAGACCTCTACGGGTTAATCTGGTCATTCCTCACCGAACAGCACGACTGGTCTATAGATAATGCGGGGGGTATAGATCAATTCTACAAAGCGTGCTTCGCAGTAATTATTGACGATGTGAGTAAATTCAGGAACCGGAACTTACTTTAGTTACCTGCCTACCGGATCGGTCATCCAGCCGTCACATTTCCTACTCGGTGCAATTTAATAATCGATCCTATCCAACTATTACATCGCCTGCCTCCACACGGCGAGGGGTGACCGCCATCTCTTTAGTTCTAGGGATCTAGGGGGGAAACCCTAGACGTCTTTATTAGCTACATGTTCTTGCCCGGGACATATGCCTCTACTAGCTAGCTGGCTAGGGTAATGACGAGGTCGCGAACTCGATTCTCACAGCCCCTATTTGACCAATGTCATGAAAAAATTGGCACTCTATAGCTCTTAAGAGTCCGTTCCTATGCGACTGGAATTACCGTGGTAGCGATTAATGAATCCGAATTTAGTAAGGTTCCGCTGGAGTTAGTGCAACACTAATTGGCCGTCGTATTTGCGGGGCTCATGATCCAACGAGTCCACCATGGACCACAGCGGTTTCAGGCCTGTAGCTCCGTGAGCGGATCTGCTCGGCCCGAGCATGCACACCCTTAGTCGTTCGAACAGAGCCTGCTCGTTGAGAATGACCTGCAACTGGTAGGCATATTATCACCTACGACACAGTTACACGGACAATTTGTGTGAGCACAAGCCCCTTAACAACGGTTACCCAGTTAGTGGGCACCGGATTACACTGAGTAACTGCTAGTGGAAACTGTCTAAGATCCTTTTACCCGCCTTACTTACCGCGATTCGGCCTGTCGTCATAGTCGATCTTACTGAGGCGCACTCGGTCCATCCGTGATACCCCCTCTTCAAAGTATCGCCCACTGTACTCCCGGCACTTTCTATACCAAGTGTCAGAGCTCACGCGTAAGTTCGGTTCCCGTATAAGTCTTTATCTCGAGACGAATGTCTCGACGGCCCAACCCTGAGAAAGATGGGATTGACTAGTCATTGTGCGACTAGACAAGAGGGTCTTTCTTATTGTGGGGATCCACTTGTGAGATTCGTACAAGGTCCACGTCGTTCATGCTACGAGATCGTGGACTTATCCGAGGTAGTACTAATACCGTTGGCCCTTGCCTTAGTTATTGAGAATTGAGCACCATGCCGTACTTCGTGACTGAAGCCTGTTGCTCCGGTTAACGCATCTTTACCCCTCTAAATCCTGCTCGAAGAGGA,1989,49.22,Drosophila melanogaster
SEQ_104402,ATATCGTATAGGTGATGGGGGTTACGCCGTGTCCGAACTGGGGGTACTTAACAACAAGTAGGTCAGTTGGGCCTCTGATGCAGAAGTGTTGACTTCTTAGTTCACCGGAATGCTGAGGAGTCGATTGAGCATTTGCCGTTAGATCCTACGCCCGAATAACGCCAAGAATGTAGAACCGTAGGACTGAGTCTGGCATGAGTTGAAATCCGAATGCAACTGGACGTTCATGCGACTTCGTTAGAATCTGATAGTTAGTGAGTTACAGAAGCAATTGAGATAAATACGTATAAATTCTCGAAGCCATCGTTATCGACATAGGCAGCCCACAACTCCCGACTTATAAATCGCATATTCCGAACGTTCAGTGATCTTCTACGACGGTCTTAAGGACCAAATTCGTTCTACGGTTGATTTAACAGGAGTTAAGTTGTTTGGTCCGGAGAGTCTGGAGACAGATTGTGGATCTGGACGAACCGGTGCTTTAGCATTATGAGTCTGTGTACAATTATATTCCTTTAGGATATGTGCCGTTCAAATTGTGGATGGCTACCTGGTGTTGATGGCGTCCATCGGCCCGCACATACTCTAGAAGCAGCTGACAGCGAGTTCGTGGACTTGTTAAAATACAAGCAGGTACTGTCGGCATCAGACGCATATTCGTACGTAGGGTACTGCGGTAGCCGTCTAACAGCCATGCGCCCACAAACTGATCTAGACCACGGGACCAACTCCACCGATTGCGGTACACGATAGGCTTCCGTGA,763,47.31,Drosophila melanogaster
SEQ_542889,GCGAGATTTTAGATTCGGTACGGTTGGGTTGAATAATGACCGTATCGATTTCCCCTTTTCACTGCACGTAGGCCAGCACTTGCCTGTACATATCGATCCACTGTGCCCCAAAACAATCCAAGACACTATTCTTTTACCGTCCTTGGGCCTTAGCCTCTCCCGCAATTGATGTCGTTCCTGGGACACAATCTGCGCTCACTGACAATTCCGATGTCGGCACATCCAGTTCCCGGGTGGGGATCACAACCTTGCTTCCCATGGGTTCATGCCTTTCAGGCGATATCCACTTCGACTGATGATAGTCAGTATTGATCACAACCGATACACACCATTTGCATGGAGATAATGTTAGGTTGAGGCGACTTCGGTGATGCCGCAGTCCATACTTTTACGTTAAAATCACTGACTAGCGTCTCACGCACCTGGTCTAATAGTTCCGTCGTGTTAAAACCTTAAGTGATCCTCCATCTTCTTCTTGGGTCGTGGCAGGCCTAAGACAAACTCAGGAGGCATCGCCTCTGGAATAACCTGCCGTATACTCTAAGCCACGTGCGTTCTTGTGCTTTGCCCCGACACACGTAACGACCAAACCACAAGGCAGGTCTTTCCCGCGCTTAGTTCTCCTGTTAACATGTCGGCCACGGAGGCCTTACTTGCTTTCCGATACATTAATAGGTATTGGGCGTCGCCACGCACACCATGACCATGATATGATCCCTTGTCCCATAACCGAGACACGCCCTAATTGCGCTCACATACCTCATAGAGGTCGGCCAAATTCCACTTACTGGCGGCTAACACCGCGTGAATTTGACTACTGTTTGGCCGCAGATGATACACGAGCCTCCTCGAGGCGAACTCGCTAGTCCGGCTGGAGAAGAGGTGTT,887,50.51,Drosophila melanogaster
SEQ_656311,GATACCGATGATTTATCATGGGCCTAAACTTCGGCCCCAGATGTATCCAGGCGAGACGGAAACACGGGGGAGCACCGGAGACAAGGACCTCAGACTGGAGTTATCTTACGGAATAGGTATGGCACCTATTTCCAGGAAGCGCGCTGCCACTGCTCATGTGGTTCCTTGTCCGGACTTGGTGGTCACTGCGCAAGCTTTCGGACTGATAGCGCTGAATTGCCACTCATTGGTTAAGTGGCAACCGTTAGTCTTCGTAATGGGATATGGCTTGGCCGGATTGTATTACTTCTTAGTCGTTCACGTTTAACTCTAAGGGAGATGCAGAAGCGCCATCGGTTCAGCACGCGGCCTCGTGCGCTAGGTGGATTGGCAGTGTAGTAATTTTTAAGACGTT,394,51.27,Saccharomyces cerevisiae
SEQ_726137,ACAGATAAGATCTAACCATACGTGGCCACAGCCGTGTTCCCGCTACTTATGCGTGAGTCGTAAAGTAGCATATAACCCACCCTAAGAGACTCGACCAGTTGGAACCTGCTTTAGTTCAATTCTGTGGAAGAAAGAGCTAATCGCTCAGACAGCATTATTATGATAGATGATAGACACTGTCAGCTACGATTAGATTCTTTTGATGAAGATGATCCCCCCCCAACTAAAACCGTCAGGCCAATCGCGTGATAC,252,44.84,Escherichia coli
SEQ_379104,TCAGGTTATTTTTCAAAGACAGAATTATTGTATTATTTTCTCGTAAAGAGCGGGTGCTACCGAATTGTATGTATAGGATCTAGACTGGTACGGCTGATTAAGGGGATTTTTCGGCAATTGGCTTATCGTGCTGAATAATCCGCGATACCGCTAGCGAAGGCGGTGAATCCGCGAGCGGGCGTTAGTGAAGCTGTACTACTGCTGAAACCAACCTAACCGTATCTTTAGACAAAACCACGAGCCAGGTTTACGTGATCAAAACCGTCGAGCCCCACGTATCCAGACCCGGAGTAAAGTTTAAGAGCTTAGGGATCGAGAGTGGGAGCAGCCCGGCCGCGATAATATATCCCAGCACTTGTATGCGATTACAAAGTATGGGAAAGTACACTGAAGGAATGCTTCACAGATCCTTAGCCTTGCTTCCTTAGGGCTAGGTGCACACCCCCACAACGTCCTAAATCCAGGACTCCTTAGTACTATTGATCGTGCCCTCGACGCCCGACTGACGAGTACCCACTTAAGACCGTATTCTCGTCTTACTGGGCTCGTATAAGCTCGTAGCCCCAGTGTCCAGTAGACGGGCGAAGATTGCTGGCTAAAAGGCAAATTCCTGTTCTTGCGATATGTGCCAAAAAAGTTTTGGTGGGAACTGATCAATCTAGCTACAAAGCCCTTAACGGTCTTTTACGAAGTCGTCAACTGGCCAATGTTGCGCTGTTTGAGGAACTTTAATGGTCAGGTGGGTTGGCAGATTACCCAAGTCGACGTAAGCGAAATGACGCTATACAGGTACAGTCAGCCTAATTCCTGCACAGGCACGGGCGGCTGTTGCCTTCCGTTGGTCCGGGTCTGATCTACTTCTCGCGTACGACAGATTAATGATATCACCCGGCCAGGTGGAAGCTGCTAACGGATACGTCATCCTTACATTTAATAAACCGAGTCTAGCCGGATTACATAAGCTGTTATACCGGGCCATAGGCTTCCGCGGTTTGAAAAAGTACCAATTAGTATACCCCTCGGTTCACTTGGATGTCGCGTACGGGCCCCTCAGACTGGTTATGTGGGAGCTTACAGGAATATGCCACAGTAGACCAACTAGGAGACAGACAGGTGAATGGGTTTGGAGTTGGGAGACGCGAGTTTACCGGTACCCGACTGTAGAGCCGGAAAAGATGGGGGTTATTTCCGCAATTCATGCCATACTAAGTCGACAGGCTGAATCTCATAAGAAATCATTTTTCTGTGATTTCGATTCTCGACACGAAACATAAACACCACTCGTCCCGTGTAAACGTCTCCAATAAGAACCGCGGCATGCCGCTAAAT,1329,48.38,Saccharomyces cerevisiae
SEQ_499174,ATAGCATATCGATTCATCTCCTGTAGTGAAAAATCCCGTAGTACAGCTGGGCGTGCTTTAGATAGCCCAAGGACATAAAGAAGAAAACCTGTAGGAGTTTGGCGCGTCCCCTAACCAAGATGAATATCAGTGAACGCTAAATAGTGCGTCTAACCCGCGTTTCTAGGCATTGAACCCCCATGAGG,185,46.49,Saccharomyces cerevisiae
SEQ_385961,AAGGTTTATCGGTTAGAGTAGGTGCCCAGTTACTAAGACGAACAGAATTCGTGAATGCAGTACTGCCCGCCACGGACGATTGGGTTCTTAACCAACCCGGTTGGAATATCACCGGGAGTGATCGCGGGAATAAGAACTGCCGTTGCCGCAGGTGGGTACGGATGCGGATCAAAACTGAAACTGTACTCCCTCTGGTATAATTGGAGGCTCCAGCAGGAGGAGGGCGACCTAATGAAGTTGAAAACCCTGCACGCCTATGGGCTAGCGCAGCTCCTCAAGTCCGATGCAGCATTAGATGCCAAATCAGGATTAATTACATACTTACTTGACTCAATCATATCGGTCATCTCGTCAATTCTGGCCACGATGTTAAGTGAAATAGTCAGAGCATACAACAGACCTGGAAATTTGCCCTAACTGTTACCTTGAGTAAAACCATACGCGGGGATAAAGGCTTAGCGCGAGATGTGGTGTTCTTGTGGTCTGGCATGACTGCAATTCTACAATCACGATCCACGAGCCGAACTTCCGGTTCTCGGGCAGGTAGATCGTTCATTAGTGCAATACTTGTTAATTGCGCTAAGTGGTAATGGTGCCCTGTGCATGCCATTTGTAGGTACATGATCTGAGCTAACTTTCCAAGCTGATCCCAGCAAGTTTAAGACCCCCTTAAAGGTGTCATCGAAAAGGTGCAATTTCGGCGTGTCCCCTCGTCGTTCCTACTCGAACCGAGGCGCTGGAGTTTAGGGCCCGCCCCAGCCAAGAGTGTGACCTCACTGGCCGTATTTCGCTTGATGCATCTGCCTCCATTATACTCTAATTAGAATCTACAGGTTAGTAATTACGACGAGCGGTCAGCTTGCGTACCCCATGTCAACTTTAAAGTACCGTACGGCAGAAACGTGCGTGGTCTAAGGATGCATGGCCAAATCGCTAGGATGCCCACACCCCCCCACGGAGGTCACCCATTTGTAACGAGCGCATTTCTGCCGACCCAGGAGATTTAAGCAGTTAAATGGGTGGAGTGTCTTCGACATCCCATGTCACTGTGAGATAAAATGGGCCTAGGCCAATGTTCTTTCGACGTTAAATCGGCTAGCAGCGCATGAAATCCTGCGTAATCCGCGGAAATTACTGTCTCTGTCGGGGTC,1151,49.61,Arabidopsis thaliana
SEQ_876646,GCTCCACGTCCTCCTTTCACAAGCTTTTGAGCCTCTAGTTTGTACCTCGATCGCTATGCACCTGGGTTTTCGCAGAGTCCTAGAACACCGGTGTGTTCACGCTGTGCAATCCAGTATGGGCCAATCAGTAAATTCTTGGAGTTCGAAAGGATGAGCGGGGGACCAAGGTTTTGGCGCTTGTTCTGCGCATAGGGATGACACAGCATTACAGGGGCACTTATTTCCAGTTTTGTAGCGGATCAAGGCGAGAGTCCAAACTTGAGATTGGTTCGCAACGAATCGTCACTCATGCGGGTACGGCACTCCCCAGATGTGTGACTCATGATCCGACTCATCGATCCATTGGCGTCCTGTAGAATAGATCAAGTAAGCCCGTCAATGCCACTAGCGGGGTATCAGTGTCGTGATAGAGCCGGCGGAAAAGACTATCGAGTCGCGAGCACACCCCCTGAGATCCGTAAAATTCGGTCTTACATTCACACTAAGCTTTTGACAAGACATTTACCAGATACAAAGCATTTAGTTGGTGTGGTACAATTCTATCTCCCAGATCCTAGCTATATCTTACATACACATCTTGAATTGGAAACGCAGACTTTCTTTCCACTTGCTTGGATAAAAGCGACAGTTTCGTTTCAAGTCGTTCCAAGTCTCGGACTCCCTACCCTTTTCGCCTTCGTGACACTTCGAGACAGCGATGTCTCTTCCCTAGCGTCCGGAGCAGGATGCAAACATGATCTCACGGCTAGTCGGATAGGTAAGGGGGAGGCGATAGGGGGCAGGTGCGGGGGGTTGGGCTACACTGCCGGGTACTGGACTGTGGAGCTTCTCGTATCGTGATTAATTACCTGAACTCCTTAGTAGGGAGCTTCATACCGTGAGATTACAGATTTCAAGTTACAATCCACGTATGTTCCTAGTCGAGAGTGGTAAGCTATGTTGGACGGTGTTGCCAAACAAATCCTGTTTAGTATCGGTCGTACCATGAAACAAAGCGGAGGCATTGAAAGACAACTGCGGCTCCATCGATGCACGGCCGCCTGGTCTTGTGAGGACAGATGTTAGTTATTGACATGTATTGTCCCAAAGGTAGGCTGCGTTTACAAGCGTCTCAACTGTGGCTAGGGTGCCCCTGGGACATTAGTCTAGTCCGATCACTGCACGGAACCCATCAATGGTGGTACCATGGGACATCAGGAACTAAGTTGACTACCGTCTTATGCCCTGTTCAGTTACGGCCAAAGTTTCCCAGTTGTTCCTGTGCGCCGAGTTTTGGACCTTACAGTAGAGGCTGTGTTAACAGGGGAGTTTTCGCCTGACCTGGAATAATCCCTCCTTTTTCTCGGTGAAAGTAACACCAGGCGTTATCTACTCTTACTATTCCATTGTAACCACGTATCGTTTGCATTTCGCCGTGAGCACTCCACAGAGGCAACTAGACCACCCATGAATAGGCCCGTTAGCAATCAATTGGAGTACCGTAAGAATAAAACTTTGAGCAGATGACTCGGGTTGACATACTACAAAAGTCATTATACGAACTTGCCGTAGCATCCTTTCGTACCCCTCAGGGTCAGCAGACAAGCCTTAGATTGTCGGCTGCTGGGATTGCGACTCGGACTAGCCGAGGTGAGATTTTTAATCATCACCCCACGAACCCTCGCAAAGTTGGTCACAGCCGCTAAGTCATTGCCGGGGCCGCCTATGGTATTCAATAGGCGTATGAATGAATTCCAGCCCTGACCTAATTTCAACCTAAAGATGCGAATTTTTCACTGCGTTGATATGCTGCGGAAACCGACATTCCGTAGGTGACGAGGGTTTCTAACTCCTCTTATGTGTGCCTCACCCATCGCACATGCCGCATGCGCCCACTGGAACAGTTGCTCCCG,1892,49.37,Escherichia coli
SEQ_493319,TCCCCGTTATGCGGCGCGAGTCATATGTCTGGAACTTCTGGTCGCTATGTCCATCTCTAACGGCTAACTGCAGAAGTAGACATCTCAGGGGAACTGGGAGGCATCGATATCCCACAACTCGTGTGGATTAAGATGATGTGGGCCCCTTCGAACCAATCGGTAGTTAGTGACACGCTAACGTGAGTGTAACGTAGAAGCCCTGTTGAACAAGGGGGAATTCATGGGACCACGGGAGGTCGTACCGCCGATTGGGCTAGTTTTTATTTCAATTTCGTTTTCTGCGTTCGAGAGAATAACTCCTCCCCCGACCCTTCACAAGTTATAAGACGGCGTGTCGTGACCCAGCGCATTTGTGCGAATATGTTCCTCAGATATTGCGGCGTCGACGCTTCAGTGGCAGCGGTGGGGTTATGCAACGTCGTATCCTTTGCTTGTCTAGCGGGAATGGTGTTAAGAGACACACAAGCGGACAATCCCCGACACGGCATCTGCCGGAAATATCATTAGTTGCATTAACACTGCGGGGGCCTGGCTAAATACTATTTTGCTATACTTAAGGAAGGTCGGCCTAGATTTATGCAAGGTTTACAGTGACGATTGGACGTACAGATAAAAAGATCGGCAACGCAATGAGATATTAAACAGATGACTTTTAATTAAAAGGTAAAAACAAACATACATTTGGATAGATGAAAGCAGACCACTACTTTCGTGCTTCGGGTCGGAGGTGTTACTTGCTTATCGGGTAGGTAATTGACTACCCCTCCTCAGCCTTCCTGTACGACAAGGTCAGGTTCCCCAGGCGTCAGTCTTTGCGGGAGAATTGCACTATACAAAAGACTCGCAAGGATGAACGTAATGTTCTGGCTATCTGAGCAGCATGGAGGAATACTTTGTCCTCTAGTAGAGTTGGCTCGTCCGTTAGCCAGGTAGTGTCACGAAACTGCAAGTGGAGGAGTAACTTTTGCAACCGGGCAGCGTTGAGCAATGCAAAAGGTCTCCGCCTATTTTAGGGGAACAATATGTCGCTTTGATGGGGTGTCTGCAGGTCCGCCACGGTTCGTACCTCTCAAACAATGAGGGGCACCTTTAACTACAACAAGATAGCGTAAAACATGGTAATGGCGACACTTACGTCCATGGGCTGCGTACAGAGGCTACTTGAGATTAACTGTCACTAGAATGCATGACAGCGGAAGCGTCAGGCTTGCATACCACAGCTCATATGTTATGCCTCCCCTCCGACGGATAGGCATATATGTAATTGAAAAGCCCTCCCGCT,1282,48.44,Escherichia coli
SEQ_611073,TTGGGTTAAATTAGGTCGGCGCATATAAACGTGGCGCTGGGCCAAATACGAGGTAAGTAAAAACTCGCCGTCAGATGTATCTAGGACTTTTTGTCACTCAACACTCAGCATCTCGGGCGAATTTCGTTATAATGCGCTCGAGTCTCATAGCTTCTGTAAGTAATTTCGAGCGGTCCGACAACATAGACCGCAATAGCCCGTGTCTCGACGAGGCAGCGAACTTAATACTGCGTATATGTGGTCACAACATAAGCACAAATGGACCGTTCCATTAAAGCGTTTCCCCACGACGGAACACTTAGTCGTTGGGCGATACGAGCGCAATATCAATCCGCGCACTCTTCTCGGTGCTATACGGCACACCATGTCGCGTCA,375,48.8,Drosophila melanogaster
SEQ_193796,GTCAGTAACCCCCCGCTTGATTGTCTATGTGAAAATTACTATAAGGAATCTATACCCTTGTGGGTTCTTGACCCGTCCCCTTCCTTGTTCAGCTTGCACGCTGGCTTCTCGTTTTTAGAGGCTTTTGCAAGGATGGGAGTAAAAGCAAGCATCTAGGACCCAATAAGACAACGCGCCTTGCTCACTTCACGCCGAGAGAGCG,202,49.01,Escherichia coli
SEQ_322552,CCGCGGGAATCATTTTTCGATGGAGACTGTCATGTGTCGCCGATCCGTCAGGCCACCATGGTGATGACCACGCCCCTCAGAGAACATATAAGGTGCCTGACTAATTTGGATGTGGAACGCACTGCGTTTTGGAGAGTCCGTTACTAGTTAGACGTGCGGTGCCTACGTCCGGCCGGCGCGCAAACCCCAAATTAGTGACTGGTCCAGCCACGCTCGGGCCTTCACTAACCGAG,233,56.22,Homo sapiens
SEQ_491161,GTGACTCATGAGCCCCAATATGAGTCATCTTGCGATTGGCTTATAATTAGCTGTACTGGCGAGCCCATACAAATGATGGGTCATCAACTTTTGCTAACGCCTACCCCAGATTGTAGTTTGCTTCCCTGCCTGGTACGTGCCGATCGTGATTGGCCCTTCCCTCAGCGCTTGCACTCTAAGGAGTACTGATTAAGGTTATGTTTGCTTTTGTCCGACGGGACTATATAAGACATACTCTCGCTCAGGACACCGCGGGGTGGCCTGTCAATTATTTGGTTGTCTTCCGTTAATAAGCTCGCACGAATGGCAAGATTGCGGAGTAGGATGTACCACCTTCTCTCTAGGTTCCGTGGGCGACCACGAGTGGCACCATGCCCGACATCTCAACCACTCTGAATCGGCGTCGTCGCCGGTGGACGGGTATATCCTACGGGGTCATCGTGAACGTCATGCCCATCGTCGACATATGTGAGCAGGGTAGCTGGCGTAAATAACCCACACGTCTTGCACCAGCAGGCCGGAAAAACAGGGACTTCGGATACATAAAGCCTCTCCCCCTTAATCATAGTTTACGCGCCACTCCCACGCTCAATGTCCTGAAGTAGTCTATTAAATCTAGAAAGCTAAGTGAGGGAGCCCGGCCACTTGACGCCACTCCTGCGCAGAGGCGAAGCAGGACGGTCGATGGGCTGGATTATGAATATCTACCATATGAAACGACCAGTCGTTAGCTAGCCCAGGAATAATTCCTTATGGCGGATTTGGGCGATCATTAGTAATCTCCTAAATGGCTGATCAACTATGATTTCGTGAGGCCGAGTCACGCATAGGTCGAAGCCACGGCCCCCCGCCAAGCGGATTGTTCCCAATGCTAGGCGTATGCAACGCACCGTAGGACTCGACTCTTGG,909,51.82,Arabidopsis thaliana
SEQ_415982,GGAACAGGACCGTGCACGACAACACAAGCCGTGAAACAATCAGAAGGATCCTTAGGACGCGCGTGTTATTGACTGGAACTGTGGATCTCAAGATGTATTGTGGAGGGGGCGCTAGCTAACGAAAGAACTAGTTGCGAAGTAAAAAGACTAGGTCTATAGACGCCACTACGCTACCCACGTCGCGTACTATACTACTCGTCAATAATTAGACTGGACTGCCGTAGGGTGCGAGGGTGCCTATTCGGTGACTTAGCTGAAGTAGTGTGTCGGCCGAGATGTTGCGCAGTTCACGTCCCTGAGATTGCGCTAGAGGTCGCCTCGGTTGTACGGCGTAAGCTAACTATCGAAGCATGGTGGCGTGTTGGGCGGATCGCAAGCTCGGGGGGTCTGATTTCGAATTGACGGGGATGCGAGCGGTATCCCGTCTCGACTTTGTAACGATCTTACGTCGGGTGTGACCATCCACACACAAGAATGATACATTTCGCATAACTTTGAAAGAGACTGCGGGGGGTTGCGCCCTAGCTCGGCTCTGTTAAACGAGGTTAGATATACATTGTCTAGGTTGTTTGTGTAAATGCAGGTTGACTGATTCCGCCGAGACGAACAAAAAGGGAATTATCGATAATCGTCAGTCCCTGTAACGTGGGTTAGGCCTTGTGCCGAGGACGCAGCAAGCAGTGGTGATCCATCCAAGCGCTACCCGTGACCTCCCTGACGGTTTTCAGGGCATCAAACATGCGTTTTTTTACGACCTACAGATAGCACAATATCCATTTACGCACATTGTGATTCAGTATGAGGGTATGGCACACATCTGCTACCTTCGGAGATAATTGTATATGGCCAACGATTGTAGTAACAAGTCCGCCGCCTTCAGGCGGATACCGCTGTTAGCCGAGTTGAATCTAACAAAACTCTGGTCAGTGCCGCGATAAGAACAGAAGACGCACACGCTTCCTACAGAGGAAGCCGAAAGCATCCTTAGCCCGGCCATGACGGTGAGCGTACGAAGGTTTGTTCGGTATACATCTCTAGAATATCAGTGGTAGTTAGCATGTAAAGGGCTAAGTAAATCCGAGGTAAACTGGGATCCGACGTTCGGGCAACTCAGCCTTCTCGGCGCCCCAGTTATAAATAAAGCCGAGCATGGAATTGATAGGCGGATCTACCACTATGTAAACGCATCACATCAGTGCGTTATAGCTTCCACTATACTAGCCCGGTCGTCCTTGTCACTGGGGGAATTTATAGACCTGTTGCTAATCTAGTGCTATCCCATGAAGGCCTTTTCCCCTCGCGTGCTTGAGGATAATAAGCTCACTGCTCCTGCGGAGGCGCCAACCCGTACCTGGTGCCATCGGAAAATATCCGTGGAGTGGCTAAGGGGTACCTCTACCTGCGGGGAGGCTAGAAAATCCAATTTATATCTATTGGGATTGGGTGTAGCAAAGTTAAAATGTTGGGTGATTGATAGAAGGCGTGAGAAGATATGTCGCGAAAAAGTGGGGACAAAATGTTATGCAGCGTTATAAACTATATGGCAATGATTGAATGTCACTACTCCAGTTCACGTGGCCAATACACGTGTACCATGGTAGCCCGTCGCCGCGCCATGCTAACGGACCCTGACCGCATTCGTCTTACTGATAAACCGCGGGTTAACTCTCAGAGAAGCACTGATGCTTCCGGA,1693,49.73,Drosophila melanogaster
SEQ_230155,GGGTCCCCAAGAAATCTCTTAGGCGCGTAATGACATGGTTAATGTCAAGGGGAGGCCGCCCTCCTAACCGCCTCCTTCCAACGAATGTCGAGCGAAGGTGCATTAGTTCCAACTGGCCCATGTAATAGAAGGAAGGTCCGCATGGACTCAGATCCCATACTGGCCGATAAACCGGTGGATTCAGCATGGCCTTTCGCGACCATGTGCGTCCTTCACGTAACTAGTGCAAAAGGATAACTCAATTGCTATTAAACCTCACCGCAGACAGAACCATTATGCTGACTCTTCAGTAATCAAGTATTGCCCACGGAGGCGCTTACTTCCGGTAACGCCGAGCGAGATGATCATACGTAGCGTGTAAATTCCGGTACTTGAGCCTTTGAATAGCCCTTATGTCTAGATCAACCTTCAGAGACGGTATGGTACTTACCCTTAATAGCCTCCTTCGATTGTCGCGCTGAATCCGAACCATCTAGTTCGACTCC,485,49.69,Escherichia coli
SEQ_529627,CAGCGGTGTTGACTTTTGCGACATTTATCCACTATATAATTTTAACGCTTGCAGCAAAGGCCTACGTCCGCAACCATGCTTGTTCAAATCATAAAGAGAACTCAGATTATTTCAGAGGAGGCGAACCAGTTCCCCAATGCGCCAGTCGACCGTCGGAAGTCTCCCGTATAGTACGAATGGCAAGTCTACCGGCCGAGGCCCGACACCGAAATGATCCGACGTGTACCTCGTGCGAGACCAAGGACGGCAATAACAATGCAGAGGGAGCCGGGATTCCGGGGTTCCACCCCCCAACGCCTGTTGCGATATCCAATAAGTGAGGACACCTAAGCACCTCAGAAAAACGCGGGCAGCCTAAGGTTGATGGCGCCTATCTATCTAGTATAAATTTCGAAGATAGATCTACAATGTGACGTACCTTGATGGGAGGTCGG,434,50.69,Drosophila melanogaster
SEQ_541384,TAAGCTTAGGATGGGTGGAAACAGAATTAAACTCGCTCTCCGCCTTATTCCTATAGATGTATAGAAAGAGGGATCTGCCGGTAACGAGTCAACCGTACTCTGCACTTGTGGAGTTTGTGGACATAGTTACAAGTAGACCCGTACCAGGCGATTCGACAGAGATTTCTTGGGACCATCAAGTCTCGTGTGCGACACATCTTGCGAGGCCTACTCTACGATATGGACCTCGAGAGAATGGTAATATGCTTCGGTGTCTTAGCAACGAATATATCAGGATCGGTTCCAATCGATAGTCGATTCCTTCTTGCCCCCAGCATGCGTGGATGTGGCTAACCTACACAGCAGGCAAGGGCTCCCGAAACCAGTCTGGAGCAACTGTTGGACATGCTGCCACTTCAGTAAACACCATCCGAACCCCTATTGACACCCCGTATACTAACTGTCCCTTCGCCCAGAGGAACAGCAATGTTTTACGGCAGCGGAAATGTCAAACTAGACAAAGCATTAATGACTCGTGATTGCTACGAACATTTCACGAAACACCGCGTAGGCTGTCCCCGTTGGCACGGTTTTATGGAGGCCAATTCTCCTCTGTGAAAGATAGTCGTGGTGAGGCGAGAAACCCGACTCGGAAAATATTATGGTTGCCCGGAAGGCCCGCGTCAGAATGACCAGTGGACACTGTCAGCACAGGTCTGGAGGACCTCCGGGAAGCGCAAATGAGGCTCGCAATGCGTTGGAGAGATGCTGGGCAGGCATGATTAGTTGATCCAATGGCGGGGCGCTGGAGCGCAGCTGGCAAACTTTGAATATGTTTATTGTCACATCATCATGATTAGTGACCGGTCCCGAATCTACATGTAGAATGCTACATTGCCTTGACGCATCGGCGAGCCAGCGCTAGTGGACATCTTGCAGTTATAATACGTGATCTGCTATTAGAA,944,49.79,Drosophila melanogaster
SEQ_692675,ATGGAGTGAACGTGACTTTAACCCACGTTTGAATTAAAGTGTAATTTTTAACCCCACATAACGTAAGATTCCGTACCTCTCTGACCCCCGCCTCAAAAAAGAAGTGGCCCGCGCGCCAATCTTTAGAATCTCAACCTGCGTAACCACAACGATCACTAGGCCGGTAGTCCAATGCGTTGACAGTTTCTCAGGAAGACAGACGGAGCCACGAGGTCGTTGGGATGTTTCACAGGCCGGGTACCTCGTTCGCCTGTTGTAGGCGCGGCCGAGGATCGCGTTAGTAGCGGTCAAGGGCAGGTTGTGGAAGCGTACGCGGCTGGGGATGCAACAAATATATCTGACTTCCCGACAGCGACTCTCACTCCACACGTGGAGGATCAGTCTGGCCGACGCCCTCTGATCTGGAGGATATATACGGTAAAGCTCGCCAGTATATTGGAGCTTGACCTATGACAAATTCCTACCGGACAGGACCGTCCAGGTCATAACGCCTGGGTCTTCTTAAACCCGCGTGGAGAGGTAGACACTCCTCTTAGGTGTGCTCCCTTATTATACTGTCCCATTGGCTACCCTGGGAGGAAGTTAACGATATAAGTTGAGTTAGAGGGTGTTCACGTTGACACACTGGCGGGCGGCAGCACCGAACAACGGTCACCCCACGGCGAGAGATAAGTTCACCACGCGCCTCGCATCTAATGCGTTTGTATTTTGAATCCTGTGGGGGATATGTACGGTCATAAGGAAACCCGATGACTTAACAGTGACCGTTGCCGCATGGCAGAGGAGGACCGAACTGATTATACTGTAGTAGGAAAGGTAAATGCTCCCAGGATCTGGGAAGGTGAGTGTGTCTCTCATTTAATTTAAAGGTCTGTTGAGGTCCCTGGATCCCGTCAAGACGCCGCCCCTTGAGGCGTTAGAATAATACTGCCCTGGCCCACCCTTTGGGCAGTTAGAAAGCGTTGCCGCGGAAAATCATTGGGGAGCAGCCTTACAGGAATCCTTTTCAAGTAGTCCTCTAAACCTAGAACTGGCGTACCGTTGCGGAAAAATCAGAGGTAAGCCTTGGCTGATTAGTGCCCAAATCGACCAAGGAACCGCCAGGTCAAATGCGCCAGACGAGACCGATCGCACACGAGCCATCATTGGCTGTTCACATGGTGAATTCAAATCAGGCAGTGCTATGCTCGTCCGATGGGCCTCACAAGTGAAGTCCTCATAATATTATGCTATGACGTCCGCAACTGGACATTCAGTCTCTTTCGTCAAGACGACCTCAAACTCGTGAGAGCGAGCCCCTTATTGTGAATGCTCATGAGACTTGCGTACGGGCTACAGCGATAGATTTTAGGCCCAAGTGTGCGGTCCAGTGTTAATCATGTCCGGCCGTAGGCGTCAATACAGCATGTTCTCGAAGAAAACTGGTGCTTGACTTCCACCCGGCCAGCTCAGGCGGGACGTTCGACGGCCAATGGGTGCTTATAA,1485,51.72,Saccharomyces cerevisiae
SEQ_274039,CGTGGGTGTAAAGCGCTTACGAAGGTTCCCAACGATTCTTTTTACTTTAATAAACGGTTGTTAGTCTAATCAACAATCTGTATTTTGTCAAATAGGGCACGCCATTGACTAAACCCTCAGGGATCCTAACTGTCTGGCTCCAGCCGGTGTCACACATGATCAGTGTAGCTAAATCAGGTACTAACTGTGGGGAAGGTTCGTCACATGCGGCTCCGAAGGATCCGCGGGGTGGAGAAGGCCTAATACGCCTTACGGCGGTCCGCCCCTGCTGGACATCGATGTCTATAGCGAATTACTATACCGTCGTTCCAACCGGCCTCATATATTCGCCTGCGACGAGTCAACCAGCCCAGCGGGATTCACGAGACTCGTCCATTCTAGCGATAATAGCTTTCTATCGACGTGTTAGCCGTCTGAGTCTCTGTATCCTCAATTTGATATCACGGCACTTATGGTCTATGGAGCACCCATCAGAATGAACAAACAGCGAGGTTAACTTTTAATAGAAGACCATCCTCACCGCTATCCAGTAACTAGATTAAGCGCAATAGTGTGCTTCGGTAGCATTTACAGCGCGAGGTGCTATAGCGCCATGCGGCTGGGGTGCGCATTGGCCCGGGAAGGCGCCTGCAGTTTTCACCCAGAGAATGGATTATCTCTCCAAAGTCCAACGTCTAGTCGTCAGATCGGTCCCTGGTTACGACTAGTGTAGTATTTGTAATAAACGAAGCCGTGGTCATTGCCGTGACCACTTAAATTTAGTTGTGGTCCTGCCTAGGAGCTTTCATGTCTGAATGGTAAACGTCGTCTGAACCTCACTCCTGATAGTAGGAGCCGGTGTTCGGGTCCTGTCGTCGACCCTTATGACTCTAATTTGACACCCACAAGGTCAATACCGACTGTATCCTTAGTTCGGGTCCTAGGCTAAGGGGATATATAAGGAAGAACTTTACTACCCTCAGCGATTGTTCAATCGTGCAAGCAATTGGGGCATCGGAAACTTCTGCAACGGAGGGTATTTTTGAAGTGTCAAACTTGAATCCACCTCCGTGCCCACCTTCAAGACCGGGTCCGAGAGAAGGATCTATAAGCAGGATCCACGGCCATCCCTCACTCGCATGTTACACGCATCAGACGACACGCCCATTAAGTTTGAGCTGAGATCCTACTTAGTTGCGTTTTCAAGTCCAGTACTATGATCAATAAGTATAATTATGACTCCTTTAGTTGGACACCTCTATGACATCTAACATCAAACCTCGATTAACCTTAACGTTCGATAACCTGTCCGAACCAAGCCAAGGCCGTTTAACTTTATTTATCGGATTGCGCCGAAATTGCTAAAGATCTTGTGCAGGTCTCTATGCACATAGAAGTGGCAACATCACGTGCAAAACTGAAAGCTTCTATCACAAAGTGTGGATAACTTCTCTCAGTAAGTCGATTGCCTACGCTGGTATCCAACCGATACTCCCATACGGGGGCACGCGATCTATTGACAGGAGACTAGGGTTCTCCGAGCATAATAAGGGGACTTCAAGCCTAGATCGGTTAGATAGCCACAAAGTGGTCTGGCATGGAGGAACTGAGAAGACATTAAGGCTGGCCTGAGTCCCTACGATTAATGCGTTGTTACGCAATGGGTCTGGTTGAGTACGTTTGAATACCTCAGGTCCCCCCAAGATCGGACCCCTCACTTTCCCTACTTCCGGGCGTGTTTTGGCAGCCGATCACAGTGAATCATGGCTTAGAGCATCGGGGTCCTCCATAAGGGCAGGAGCAAACATGCCGCCACTTCGAGACTGTCAGTTTAAAGAAAGTAGACTACTGGAGACTTCATCTCGCGGCAGTTTTCTAGTTCTGCTAACGTAATTGGGCTGTGGGAGACCAGGCTGCTTTGGATCCCGGTATCAGAGCCCGCCGCCCATAAACGTAATGGGATCGTACGCTGAACCTCGCTCCCGATATGCAACCCATATCCGCTCGC,1987,48.87,Escherichia coli
SEQ_407719,AACCGGGCGGCATCCCCCTTAGGACGTGTATATCCGAATCGTGCCTATTACATTTATAAACTGGGATCCCATAATGCATGCCCTCCTTAGCAGGTCCCTGGACGTCTTCCCTCGTCCGGACTTGCAGGACCTATGATTTTCCTAGACCACAAGAATATCATAGAGAAGATATATACACCGGACCTTGGAAAGTTCCGGAGTGACGGCCCCCGAACTTGGGCAAATTTAGCTGAAGACGAGGAGGTATTAAGTGAGCCAGATGCATTCTCCACCATCACTCGCGTTGTGAACCACGTTATGCGGATTAATCGCCCCCACACGCCCGCGCGAACCATTTACACCACCTCTCCAGCACTACTCTCTTTGGGCGATGAGAAGGTAAATGAACCGCATCAAGTTTACGGACTCTGCGAGCTCAGTAGAATTGATGTGGGGACAGATAGTGCAGCGATTCACATGATTATCCTCGTTATAGGGTACCCTAATGTCTCATGCGTCCCCCAGCTCGGTCCCGGTATT,519,50.67,Mus musculus
SEQ_975228,ATCAGGGAAAGTCGCCCTACGCTGGGACAATCGTTTTCCCCACACCCGATATGACCTGCCTCGGCGACCTCTCAGCGGGAACGACATGCTGTTCGTCGACGACCGTCCTCTATCCTTTTCCCGTCTTTCCTACCCCCTTGGCGCCACCCCTTAACATGCCAGAACGACGTCTATACCTGCGTTCTTCCCAGTGTGTGTTTTCGCAATGAAAGCTTGTTTGCGTGGCTAGGTCTAGATTCGTTCCGACGTGTCCTGCTGCCCGGGCGCGCTAGTGGCAACAGGAGTTCGTTTTCTGACTGGTCGGCCTAAACTGGACTGTGGGGGCAACTGCCGAACCCAGAATAAAATCACGACCTTTAATGGCGGTTACTTGCAATCATCTTTACTCTGAACGATAAATGTCCGATTTCCGTAGACAGTCCACCAGGACGCAGAACCACTATCTAAGGTCACGCCAATATCCGTAGAACAAGAACGTAGCTACTGACTTCCCTAACAAAACTTTATAGATTAGAGCTGTCAATAACTTAGCCATTCGGAGCCAGAATCGTCCAAAGGGCGTTAGACATCTTGGCCTGCCTTGTGGTCTGTTGCCCAATGAACCCTATAACCCGCCGTGCGTCCATCAATAGGCGTATATATGGACCGTTCTGGCCATACAAACTATCTGGACTCAAGCGGGCAGTCAGCGTGAACTTTCTAAGAAATCCGACTCGATGTCTGGGTGGGTCTGTATAATACGATACACGCAATTGAATACACTTACGGTGAGCTCGGCGCCAGGACGTCGTCCCCGCCAGTAAAGCAATGTGACATCTATCATGACTGCGGGCGAATCAACCGGAAACGCACTTACCAGCAACCTTTCTTAGGAACTCGGGCTGTAGAAAGAACTACAACCAGTTTTAAGAAAATTATACGCCACGGTACGCGAGTTTGCATTTATTAGGGCATCGTACCAGAGTCCCCCGCAAATATTGTGTTGCTATCATCCTCAATAGCTGACTCGCTGGACCATGAGTCCTCTGACAAGTGTTCCCAAGCCCTAGTGTCCCATCGCGAGGTGATGCGGTCTCTCAACTCACAGAAAGTTCGTCACTGTGGCTAATTGGGTCTAAACATAGGCCCAACGAAGGCTTGTCACTCTATCTCTGTTCCAATGGGCTACCTAACCAAATGGAAGTTGCTTTTGTCTCGCTTGAACCATCAAAGTAGTTGGAAAATCTAAGACTCACCATTGTTTGCCTGGGACGACTTAAACGTGACACTGAGGAACAGATCAGCGTGTAGATAATAGTGCTAATCACTCATAGTGCAAAGTTCAGGGCACCAGAGCGTTAGCGAGTAAGGCATAAATGGCGTGGGGGAATTTGTATAG,1378,49.42,Arabidopsis thaliana
SEQ_141391,ACACCACGCGTGAAAGTATAGCGCTCAATATTGTATTAGTGGACTGAGCTAAGCTTTTCCCGTGCGACACTTCGCTCCTAGTGTGAGCCTGGGGCGATGTCTTCGTGGAGCACCGTTTGCTCACGCACTTGAGCTCTAGGTAGTTTTCATTGCCACAGGGATGGGCGTGCCCTCTAGGGTCACAGGTGGTTATTCCTTTGTCCAGGAGTAGATTAACTACTTGAAATAGGGGTCTAAATTACAGAGTGGACTGGCTTGGGCACAAGCGTTCATCTTTGAACAGGAGTTCATGGGGACATTAATACTTATCCGTGATATATCGTGCTAGATGGATGGAATGCGGTTATGAATGATAAGCATTGGTGTACACTCCATGGCGGCTACTCTCATACATCCGGCAGTCCTCTCGCGAAATAGGGTTCGGCGTCCGGCCAGGTCAGTTTACCGCACTTCCGAGAAAGCACTGTCAGGGATTGATATAATGGGCCTCAGCCATGACAACCAATCTGGGGGGGACTTTTGTTTCTGGTACCTTCGTTCATCTACATAAGCACAACACGGTTATTGTGTACCGCCAAATCTCCTGGACTTGGCAAAGCTCGGAAAAGCAACCTTTTGTAGTCGGAAACACCTTCCAGGGTACTAGTCTTCAGGCATTTCGATCAACGGTTGTTGGACTAGTGCTGCACAGAGCCCCGCTAGAGCTTCAAGACTTTGATCATCAGAGAGTTCGAATTCTGACCTGAATACGGTTGATTATAGCGGTAGGGCAGACGAT,778,48.84,Mus musculus
SEQ_755615,GCGATTGGATTTCATTCACCTGAAGTCGGACCACGTTCCGCTAGTAATCGCGCTTGTAAAACTCCTGCCTAATGGATCCGACACCCTGTACCCATCATGCAAGTACTACTCCCTTCAAGTGCATATGAACTTCTCTCACACTCACCATAGAAGATTAACATGCCGCACCTAGCTTACCAGACCGAGGAAAATCTGGAGACTGATTTGAATGCGCTACCA,219,47.49,Arabidopsis thaliana
SEQ_571550,TCCACAGGCAATCAGTAATAGACCGTGCTAGCAATTGCCATGTAAACGGAACCCGGTTGCTCACCGCAAATAGTTCAAAATTATGCCTTCCTATCCCTGAACCTTATACTAAGTTGGCTCTGTAGCCTCAGTCTCTTTAAAGGCAGTGCTATGATCGCTGGCAGTGACACGGGGTAGGCGCAAAGTAGGAACCTATCGCGTTTTGACTGTGGATGCTAACACACTTGCTGTGAAAAACAACCACGGGTGCGATCAAACCCCTGCGACGTCGAAGACTAAGGGCGGGATATTCAATTTGAACACCTCTACATTTTCGGAATAGTTTAAAGTCCAAAGGTGCTAGAAGGAGATGGGATGATGTGGGGCGATGCGCGCATCTCCCGGTTAACAAAAATAGTACTTTCCAGGGTTTGTTTTGCTGTGAACCACCAGCGCGCCACGCAAAATCGGAACGATATACCTAATACGGCGAAGATGTCTTGGGACAGCCTAATCTGACTCCATGTGATTCGTTGCATGGAAATGCTAGGGTAGCGAACTCGTGCCCTAGCCCGTCGGCAATAGCGGGCTTATATAGTCAGGTTCACTAGCCCTGTAGTTACTGGCAATATTCGGCGCTTACAATTTTATCTAGGCGCGTCAGAGATGTCATGTCTCCCACGTCCAAATTGATGCGCTCGTAACGCTGCGTCTCGCAAGACACGGTGGATAGCCCGCTGAGTAGGGTTTGTCGAGATACTACTCGTATGCCCCTGAAGTACTCGACTAACGTGTTACATCGGAACTCCAAACTTTGGCCAACAGCTCTAACAAAGCTCCTAGGTGACAGCAAAGCGCGAGGGCGATCTAGGGTATTTGCCAACTGATCTCTCAGGGATGGAAATACTACATATTGAAGGACGCAAGGCAGTCGCGCCCGCCGGGCGTCCGATCCCCTGCCCTCTAAGGGGTGCTGTGTGCGACTCGGCGCTCAGCCTGAGCGTGATCCCTGAACAAAGTAGG,1002,50.7,Drosophila melanogaster
SEQ_535661,TCCACAGCTGGGAATCTTATCAAAGTGGAGCGACCCCAGAGCGGGTGAATATCTAATTCCGCTCTGCGAGCTTGCGGTGCAAGCGCAAGCGAGCGACGGACTCCTTTCTGCTTGACATGTGTCGCAATCGTGTCATAGGCGGTAAAGGAGTACGTCATGTGTGTGGGAGCTTCGGGCACCGTAATGTCGCCCTAGTTACTGGCTCCAAAGTCGGATCCTCTGCTTAGACTGGACATCTTTAGAGCCCAATTCTACAATGACAGGTCCCAAGAGGCCTTTAGCGACTGTCGTCATGGAAATTACTCAGGTGAGTGTTGTACCGAACGTCGTTTTCTAAGCCCCAAGATCAGAGCTAGTACGCGAGGTAGGCCGAGACAACTGTTCAGTGATGGTGGCCAATCAGCGAACCACATCAATTCCTACGTTATATCCGCTTCTGGTGATGCTGCTTTGTGCCCATCCGCACACGATACAATCTCTGAATTGTTCAAATG,494,51.01,Escherichia coli
SEQ_139996,GGACCGTCACCAACTAAACAACACATGATCGTCCACGGTGCACTAAGTCCTGCGCGAGACCGTAATCCGAAACAATACTTCGTGTAGGTAAACACGCGATTGGAGCACGAAAGCGACACTATGTCGTTCTCACAATCACCTTCCTCGAATTTTCATAATGATAGAGTTCAATTTACCAAATCGACAAACATACGGGCGCATAACTATAGCACCGAACGGCTAGTACGTGGGGTCCGGACTTCTATAAGAGCCTTTCGAATCTTAACCTCATTTTTGTTGTTATTCAGAAGCTGGGGGATCTCAGCAAAGACCCGCTCGGATGTCCTGTGCCGGAACCGTGCGGAAACGGCTTTCGGGAAGTAAGTGAAGGCAACTGAACACTACGGACGTCGTTGCATACAGTGATCCAACCGGGACACGTTAGGTCGGTCACAACGATCATTAGCCGTACTTTTGAGCGGATGATAGATCGAACTTCGGGTCATCTCTACGATGATCACACCTGTAATTCGGACTCCGAATGCCGGTCTCGCTGAGGCTACGTGTCTAGTGTTTTTCCCGGCGGTTCTTCTATCGGATGCCTCCCTAACGGATTCGGTCTGGACTTAGCGGCTGTGAAAAGTCGTCGAGCCAGAAATTGCCGGGACCGCGCAATGCAAAGCCTACTTCCACCTGTGGTTAGCAATGTGAATTAGGTAGGTTCCTGCTGTTGTTGCGCGAATAAATGGGGAATCACTCGCTACAGAACCCCACAGTTTCCGCTATCTAGTCTCTAACTCATTGTCCGACAAATGTGCGAGGACCGAGAACGTGCATCATGACGCTCAATCTCTTCGAGTTAATATTTGAGATGTCCCTGCTTCGATAGACAGTGAATGAGAGGCCTAGCCTGCCTGAGGATATTACGATAGATGGAACTGAACTCTGGCCTGATTTCCCGTCATTCGATAGTCTCCGGCTGATTTACTTCATTCCCGTAATTGGGCGCCGGAGAGGCAAATGCATCTCGGTTAAGTATGATAATCCTGATGATCCTCCTGACCTTCCATAGCAGATTACTAGAACGGTCACGAATCCCAGTTTCTAGCTATAGCTTGCTATTCCTTCTGTCATGGACGCATTGATGTCAGCACCGGATTCACGATATCAAGTAGAAGGGGCCAATCCTGGACTGGAAAGCCCATAACGGTGTAAGGGCCCTCAAAGCGGCGCAGTCCTCCCCCTCCGAAGCAAACCTTTCACATTATGCTG,1251,49.32,Caenorhabditis elegans
SEQ_966340,ATTCCACGCCGGCACCCTTTCGCGTGTAAGGTGCCTCTGAGTACAAAGCCCTACTGCCATCCCCTGCATCATGGCGAATACAGCGGAACCTACTCGTCAGGGCGATTCTTACCCTTGTTGACCCACTGGGAGTTGTTCCGAAGAGTATCGTTCGGATGCATTTCATTTTCTATCCATCAAGTATTGACGTCTGCATAAGCTTGCATTTTCGCAAGAAACGTGCGGGTGTTAGGCCGGTCACCCACCCAGTTCTCCGTTTATCCGGCACCTAAATCCGCGACCGAGATTATTCGATGTAGCCAGGGCATAGGCCTGTGTCGGGGTGCACACAGAATCTGTGTCTTCACGAAGGCTAACTCACCGGACACGAACCAACTCGCCCCACATGTCAACTATCCATACTAACCAATGTTAGCTCAGGACGGTACACAAAAGTCGATCTCAGCGGTGCGTGCGAATTAACCCTCAGCTCGGATAGGTAAACGATCATGTTTGGAATTGCCTGCGCTGATATCAGTAGCTATCATCCAGTGATCAGGGCGCATCTCCAGATAATTAGTCACTGATCAAATCACGATAGGACCTTTTGACGCGCCAAGGTCCGCAAATTCCCCCCCATAGACAACCAGTATCCTAAGGCACCGTCACTCGCCTTACCCAATGGATTACAATGAGAAGACAGGATGCCGCTAACAGCTTCCCTCGATGTGGTCATTAGAATTGGGATTGCGTGTGATAATTATCGGTACGGTAGTCGAACTTTAAAATCCGACACTTATCATGTCGAGCGAGAGTAAAACTACATAGAAAAGTGTCACCGGTTCTTTCTGGAAGGTTAGAGCTGCCTAAGGGTAATCAGTCGTGCGGCGTAGTCAACATTTGCTCTTTAATTTTAGCCATCACCGGCTTTTTCGCCAAGGGTCCATCATCGTCCTTCTCCAGGATCGGAGATCCCGCACCTGTACCCGACCGTTCTGTACAAGTTTCCACAGATTAGGTTGCACGTAACGGTATGCCTTCGCGTCCAAATGCGTGATTGAGATACGTGCATCAGTTTTGAACTCAAGAAAACCCTTGTCCAGGAGCTTTCTCCATGTCTGGTCATGCTATATGCCTGGTCGGGAGCTTCAATTAATGACCCTTTATTATCTCGCCCCGAAGCAACGAATCGTAGCGAGGAATTTCTCCTGAAAAAGGATTCCTCACATTACCTCAAAATCCCTCTGAGTCAATGATTTTAAGCAGGGTGCCACAGATCCACCAACTTAGTTCCTATAGCCCAACCAATGAAGAACGGCGCACTGGTAGGTAGGCGAACTAGGTACTGCATGTGAGCCCTCAATCACGAGCAAATGAGTACATGACGAGGCTTTGCTCGCTGAGGCATGGTCATTAGATCATTTACGTTAATATGACCCTCTCCGCAACGCGTACGATATGGTATGCGAGAGCCCTCTCTGGACTGGACTGCAATCTAAATTAGGGGGGTGCCCCGTCTTGAGTGTTGACTACCGCAATTCGAGCGTCCTTTTACCATCTGGGGGCGGGGGCCCTGAAGGAAGCTTATTGGTGTTTGACCAAGTGTTTGTCGTCAACTCCTCAGAAAATCCGGGGTATCTATTTAGACATGGCTCAGTTCCGGTCGTTGCGGATATAGCAGTTCTGCTTGCGTTGGGAAACCTCTCCACTTTTAGCATATGCGCATGAGGAGCTTCCGTCTTAATGCATAAGTAGACCGTTCGATTTTAATAGTTTATGGATTATCGTCTAAAAGAGAGAGGACCGGAGTTCCCCTTTAAACCAAGTTATTCTCGAGCCAAACGGCTGCAAATGTACATCACCCCCCTCAAACGCCTAGGCGAA,1863,48.85,Escherichia coli
SEQ_578539,TGGGGATGCTATACGCAAAACGCAAGTAGTGGGGCCTGAATCTATAGCTACCCTGCGGACACTAAGCGCGCATCGGCATGATGTAACAGACTCCGCCGGCGAGTGTAGCTAGGCAGGGTGCGTCAGGAAAACTTCGGTCGTGAATTCCTGTTATGTGACCCTCCCTCGATTAAACTGCTGCCTGTGATCTGACCGGGGTTCCTACGCGCAGGGACGATCCTCCGGGGTGTTTCAGTACCGCCTTGGAGTAACACAGAGGAAATTGCAGCACAATGCAAGTTCATATTGGCTGTCGGAGCCACGGGGGGGCCTGAGGATTGGAGATGGCAAGTATTGTCTTACTGCACCGAGCATGCAATAGGCTCTCAGCTCAGAAGGAAAAGGTCCTCTATAGCGGACCCCAAGTAGAGTAAACAGAATGGTATCAGCACTACTGTGGGCATTCATCCCCTTTGAAAAGCCAGGGGTTCGTCAGTCCCTGCCATGTTTTTAAGGAGAAGCCATATGTGTCGTTGTCACATCCGGGCCCCCCTTGCTCTTCACGATATGTAATACATGCGGACACAGAAAT,571,52.54,Mus musculus
SEQ_573796,TCCCCTCAAATCCATGCACACTCATAGTTGACGTTAGTTGTCTCCCCGCAAACAGTTCCTGGTTAGTTGTGGCCCGCTCGTGTAAACGGCCCAAAGGAAACGTTAACTCTTGCGGGGCTATCCTCGCACCTGATCTATAGATGAGTCGATAGCCCGGTGCTAGGTAGAACCGAACTCGCTTCCGCCTAATGGTCAATCACGTGCCACATGAATCATTATGCTACCTAGTCGCGGAGGGCCATCTCGCAGGTAGTCAATATTCTTTAAAGAACGGCAACTAGCTACTGCTTACGCCTATGCCCCATTCTCTCCTTGGTCGGCCAGACCAATGGCAACATTCATTCTCGCTACATAGCGCGAAACCGCGAACTCCAGTGCTAGGAGCCTCCGCGAGACCCAGAGGTTGAGCCATAAATTTGTCTTGGTATTCCTTCTTTCTGGTACAAAGATCTTGCAGTATCGTGTACAACTAGGGGCCCCTCTTTCATCAGACTCGATAGCAATACCGTGTATACCCAGGCGATCGTGTAATCAGATATGCTAAGAAGGGAGGCGACGTAATGGTTCAATCGCCAGGCATTCACTTTCTACGGACGGTTACGGCCTGCATAATTGGTGCCAAGTGGCATGTACGTGATTCATCCTCACAATTGGTACCATTTATACTCGTACACCACGGAGGGCTACATTTCGCCTGCGCTCTGCATAAGCGCGGAGGCACGCACCGATTATAACATTAACCTGAGATTGGCAGGAGTAAACCCGGTCTGACCCATTAGCAGAGCCACCCTGCGAGCCGACAAACGTGGCCGTATACATAGGCGCATTTGTCGTGGGACTAGTGTCCAGATGTTTCCCTCTACCCTTGACCTACCCTGGTCCTCATCTGAATCTGCTAAACTCTCCTTTATCCCTTGAGCGACATTATTCAATATCGCCATGCGAAGTAGGCGTTATGGTTCCACAATGACGGATGCGCTACTCGGGCTTCTACTGGGGGTGGGGACACCCGAGTACAGTGGCAAAAGTCGCCTGTGAATTCCTGCTTATAGTTCTACTAATCGCCCCAGCGCCCCGGACGCATTACCGCCGGCGCGGAAGCCCATAAAACAAGTAGATTAACTGGGTAGTTTAGGATAGACCCGGATCAAACCGCCAATAGCCTGCGTACCGATCAAGTGGATCGCGGGTGAGCCCGTATTCTCGTTG,1209,51.45,Arabidopsis thaliana
SEQ_454301,GAGGAGTGTCGCCAGTTGACGTTGACGGGGTTGTGCTCTCCGTTCTACAGCGGATAGTGAACTGAGTACTCGATGCCCCGTTGTTGCTGTTTTGAGACAAGCGGATGTTACACTCAATTCGCTTGCGCCACAGTGGCCTCGGTTGAGGTAAGCGTTCCCACTACCCTCCCCTCATTGCAGAACATTATTGGACCGATGCTGGGGGACACCCCGAGGACGCGATGCTCTACTTGCCTGGGAGCTTTCTAAGACGGCAGAGATGCTACTGTGATTTTTCCTGCGGCTGACAGCGCAGCCCCGACGTCAACTAAACAGATGCTGGTACTCGGACTTAACAACTTCTGTAGGGTGGCTCTCTGGGTGCAGTATTCCTGTCATTTGATCACTGGTAAGCTAGTCGAGCAAAATCACGTAGACTGACCACAT,426,53.05,Mus musculus
SEQ_771133,CCGCTCACCTCTTTACGCAAACTGTTATAAGCGGACGACGGGGCATAAAGGGCTCATATTTGAGACAAGTGAAGCGGCACTGGGCAAGGATAGCGCCGGTGGTTCTTTGTTGTATGCTGTTATGGTGGTGCAAACGCCCCATGGCACAAAGTTAAACGCATCAGGTGCATACCTAGTTCCTGTCTAGGCCCCTAAAGGCCACGCTGGCGTGTCACTCTGTACTGGTAGTAGAAGGACCCCATGCACGTACGACCGTTATTTCTTGCGAGCGCTCAGCCGTTTTCAAGGGTAGGTTGTTCCGGTGTTCAAGACCAGACGTGTTGTTCAATGTAAGCGCTGGGATACAATCGTACCGTAATGCCGTCTTTACCTAGAGCCGGAATTAGCAGTGACTCGGGTGCAGAAATCATCGGAAAGAAAGTATAGTTCATAAAGACGGTGCGTGCTCTGCAACGTGGGCTCACGGGAGACCAGATGTGCTGTTGATTCATGTACACAACTTCGGACGGTGGAACGGGCCAACCCAACTATGCCCTCGCGCTCTAGATGAGAAAAGGCTGTTGAAGTTGGTGTAGCGGATCGTGTGGCCCTGTGACCGGCTCACGGATAACATATATCTAATGGTCCCCCTGGGCAAAGGTGGCAGGACGCGGGGCGAAACGGGGGCGTATGCATATCCTGCCTCAAAAAAACAGTATCGTTTGGGCTGCTTCTTTTTTTCCAAGCTCCCACTCTACATAAACACCCTTCCGGTGGTTTGTCTGCGCAAATAAGAGCTCTATTTGATTATTTTCCCTGATAGGGGTCTTACCCCGCGCGTTAACACTTTTACTGACAGGTTGCCAACACGCGTTTTCAAGAAACTCCAAAGGGCAACGGCTGGAATGTCGCAACGGCTGACGCGCTGGCGGGGACAGTCACGCGGCCTCTAGCCGGCAGAACATCCTGTGCCTACATGTGCACTGTCTAAGCCGGGAACCGGTATGATGGATTACCTCAGCTCCCTGGTTGCTTGGAAGCAACGCGGTAGAAGAGTCGTTATAAGACCGCCAGTGAGAAGCCAAGCAATACAATCCCAGTATTGGATATTGGCAGGCGGTTGACTGCATAGAACAGGGACGAAGATGCCGAGCAGGTTACTATCGCTGAACCTTGGTTTAGAACACTTCTACCCGCAAGGTGGTTTGTTAGCGCATATCACTTTCGCGCTGGCGACCATGACTAACTACCTTGGGAGCTAACGGGACATTTACTAAGCTGTAGTGCAGCCCGGATCAGACGTGTAGCTACGGTTCTGTCGAATCCGGTAAACTTTGAGTAAGACCACGGAGACACCGCGTCATGAATTATGATGGCGAGATTAAACGCAGATGCTTACTCGCAGCAGACGTCTGTTTGCGCCCTTGCTCTATCACAACGTTCTCTGTAATAGGGCGCTCAATGGCGAATTTATTAGGAGAAGATTGATCTTTCCTTTCGTGTTAGCTAACAATGGACACTGTATGTTTTGCACGAATCAGGGCCAGTTGCAAAGCACGAACGAATTGAAATCCGTGAGCTCAAGCCACGGAGAGTGAAACTCGAAGAGGGTAGGGTCACACGTGCGATTAGGAGCTTAAGACGTCCACGTCCAGCGTAAGCACTGTTAGTACT,1653,51.0,Arabidopsis thaliana
SEQ_823702,TTGCGCAATCCTGTAACTGACCACATTCCTCAAGGAGACCACACTAGTAGGCTTAGTCCCGATTTTTTAGTCAAAATCGTAACTGAGGATGGATCTCAGGACTAGAGTTGATTGTGGCCAGGAGATGCGTAGTGATCTTTGTAATGTGGCTCCGCGCGAACGGAAACATAATCCTAACCCACATGGAGAGATCAATCAGTGTTTAAGGAGGACTCCCGTTGATTCGGCTGCATACGCTTTTTTTCCGATTCTCTGGTCCGATAGTATTGGTTGGACAACGTTTAATTTCCTATCTTAAAGAATTGGGGGGAGACGCAGGGAGGAGCGGAAGTAATTTGCCGACATAGGATCTCAGGTCGGTTCGGTACTAAAATGACCCTTCTGTATCTCTACATTGGAATGGACCGTAATTTACCAGCCACCCACTAAAGCGTCACCACCGTCGCATCGCTCCTGAATCGTCAAAAAGGGCGTGGTAGCAACCGTCCCGATAGTACAGCCAGTCGCTTGTGTCGATCAGTTCCCCTGTCATTATCTTTGGCGTGCCAGGATCTTTGATAATGAGAGGCGTTATTAAAGTGCCCATCGGTCTCCAGCTGGTCTGCGGAGAGGTTGCTAACCTCTATACTGTAACGGTGGTTCAGCATGCCCCGTACGGGGAAGCGGACCACCATAAAGTCCCTGGTCGTCAGCTCATAAAATCGAGAATTGACTTCAAGACTTAACTCCGTTGGTGGGATTCACGCACAGGCCTTTTGCGATTAACTGATCTATGTTTCAGTTTTGAAGGAGTAAGTAACCTCACCATTTAGCGGAATGTAGCTTGCCCCGCGGTGAAGAAGTCCATAGCGTTGTTTTTAATGTACGTGAAGCCGCGGCAGACACCGCGGACCTAACGACTTTAGGGATAAAGAGTCATGCTTTAGAAGGGATACTTCGGGTAATATTGACTCTTTAAAATTGTCAGAATAAGTGCTTGTCCA,983,47.41,Arabidopsis thaliana
SEQ_353140,TCGGGATCCATTGGCATCGCTTCCCCTAATGGTCAAATCGCCTGCGGGGATAGAAGATTGTGCATGGCCAAGGGTTGCCTATGCACATTCTGAAGTAAAAGGACTCAAACCTTGAGCTCGGTTGATGGTGCTTTGCCAGCTGTTGGGAAGAAATCGACGTCACAAGAACGGGGACCAACTAAGGGCCTAGTGTGTAGGATGTCTACTAACAAACAGACAGACTGGCATCGGCCTTTAAACTGTGACCCGTCGAACGGGTTCTATGGATGACAAACCTTCGTTTGGGTTGAACTAGAACTGCGAAGGACACGTATATACTCACGCAGACGCACAGTTAAGTCAATGCATGTTCCAATTTGTGCGCTTAATGTGAAACAGGAGTACCGCGGCGACAGCCCCGCCACGTAGTTAGATATTGTGATGTAGAGGCATGATATACGCTACGGTTTACTCGTGAGCATGGGAGCCAGACACTAGATTACGTTCCTGTCGGATCTGACATCGGCGGCGCTCTGTGAGCACCGTATCCACGTACCTTCACCCTGAACTCAATTCCACGTATTGAGGCAAGACCCCTAGCTTTTCATCGCTGATGCCGATTGTGGTGGAATGGAGCAAGTAACGCACGACCCTATTGTCTCTCGTTCAGCCTAGTCTGTGATTGAGGTAGGGTTATTTACGTATACGGTACCGTGCATCTGTATGAGTTGCATCTATTAGCAAGGCCCCCGCGAGTAATTGACGGCCGCGGGACTCCAATGACAGCAGATCTTCGCCTACACATTCTCCTGCGCATGGGATGTCATAACGTATTACGGCATCACGCGCGCAACGGGTAGATTCGTGGGCGTGAGCAATCGATCTGCTCGTAAATAGGCGGCCTCACTGCTTACTAGTGATGTGCCCACTTTCTTATTTCATGTTTAGTGTTAGGCTTTAGGGTGGGAGGCGGGGCCTCGTGTACGTTTTGGGTAGGTACTACCCCTTCTATTTCGCTTTGTACCAGCGAGTCTACAATGACGAGATCAACCACGTGGTGCCAAGGAGCCCATCGCGACTAAAAGACATCCGGCTGGACCGGCTGCACAGCGGTCAAAGACGTTTCCAGGATATATTTTGCCCGGATACTATAACGATTTCCCACACGTAAGCCCAGCTCCATATCGTGGGCCGGATAAACCTGCAACATGATATAGGTAACCACACTGTTCGAGAACAACGCGACGACAACCCCAGCGTATACTCACGCACCATAAATCTGACGCCAAAGGTTGCTACGTGGGTTGTGGGGATCACAGCGTAGCTATGAATAATGCAGAAAGACGGGGAGGCCGAATAGCGTAGACCACTACTTCAAAAAGCGCAACCTTGCGAAAGGACGCAGGGCATTCTTAAGCATTTAATAAGGTTACGACTTTAGTGCTGGCACCTACCGGCGTAATCCCTTGTTTACAGACCACTGGACTGAAGCCCCTAGGGCTACTTTAAAGGGTTTTCGGATTGAACGGGAATCACGTTAACCGTGGGGGGTTGTCACAACTAAAGACTTCATTTTCTTTGCACACTTGTTCCACTGCTTACAAATACTCTTGTGTGCTACACTCCTGTTTGGCGGGGACGCAAGAGCCTTGCGCGATGTTGGAGGTCGTTTCTCACGCGCCTCTGAGTTATAGTTATTAGTTTACCACAGGCATAAGAGATCGCTTTATCTTAGCAACTAGTGAATTAGAGACGACGCGCCTAATTAGTTTAGCCGGACAGCGGGTAGCCAAGAAAATACGAGGTCACGTGCCTGCGGAATAGATTCATAAAAGTATCGACCTCCCTGGCTGCCCATTGTTTCGCGTCTACGGCCAAGTTCACTATCCGGAAGAGTGGATGGAGCTGTAACAACCCTGAAACTGCGGTTTTGGCCCCAATCATTGGGCACGAAGCGATATTCAGGGTATTTACTTTACGGAGTGCTGTT,1969,49.87,Drosophila melanogaster
SEQ_678297,TTGAGCGTGCCATTCGTACGCGCACGATTGCTGGGATCCTGATTGTAGGTTTAGTCTGGAGATGACCTCGGCCCAGGGTACACTCGGCCAACGTCATCCGGTTATCTCTGCGAAGCTGTAATGAATTCAACCTCCGTCGCAAGATGGGACTTGGGTATCACTAATCCGAGCAGTATGAGGGGGGGCTCGAATACTTAACTAGCGTTAGCGTGAAGATATGCAGAGTGGACTCGGCCCAATCATCCTCGAGGGGTAGCTGACGCCGGCGCGAATAGGACATCCGACATAAATCATGATGGTGCAGATCTAGGTGTTACGGCACCACGTCTTTCCGGGCTTAGTTTATTACATCTGTAGCCAAAGCGAAAGCTGGAGATAAGAAGGATGATTCTTACAGGAAGTGCTCTCTAGAGTACCATCAGACATCTTCACGAGGGAAGTTGGGTTAGAGAACTGGATAACGTGTGATCGCATCCTAAAGTTAGATGCTAGATATTTTCCCCTCCACCAGAAGATCGTCGAGTGATGCTCTACGGTGTACAACATATCCGAACCTAACCTAGTTGGTTTCAAATGCTGATGTAAAATAGTTGATGTTTATGGTCACCAGGTGCCAAAGCTTCGTTCATGCGGCATCGTCGGATACGTCCCTGCGGGTGAATCCGCACTGTGAACATCTTGGGTGGCATTCGCCCGACGAGGGGAACGGCCCCGCAAGGATAGGATTACCAACTATAGGAGGTAGCCCTCTGAACATGTAAAAATTACTCGAATAAGACGAATCTGCGACGTCGGGTCAGGCAAATTGCTTACCTTGTGAAAATTAACATTTAGTGTTAATGGCACGACCTAGCTTTTCTATCCAGTGCGAGGCTCTAGTCGTAATGGGTAAGATAGACCCGGTGCTTGTGTTTCAAACAATACTATTGGATAGGAGACTTCTAATAGGGCACGGTGCCTACCATGACTGTGCATGAGTGGAGCGATACCGTCGGCCCGGCATCATCGTTGAAACCCGCGCTGTTTCGATCTGTCACCCACTCTGGAAGTGATCGGCCCGGGGGTTCGTTGAAGAACAACATGCTTTTTATCAAACCCTCTAGATCGAAGCTTTGGTCTCGACGCTTCGGGGCCTCCCGGCCCCTTAAGTTGATTGTTGACAGCAGTTTGGGGTCCCCTAAAGAACTGTTGACCGTACAGCCTTATGAGTCCCATAACGCGGAGCACCCCTCCATCCTCAGAAGAACAATTCTAGTGGAAACAAGGAAAGGGCGACCCCGCTAACTGGCAGAGTGCTATCACAGCCTCTCTTTCAACTTGGAAAGCTTCAACGCGGAAAGATCCTCGTGTGCCCGTGCATAGATGAGGCCAAGTGGTCCAGTTATTACTATCGTCTCGTGACTGTCGAAACAGCGTGGGGACGAATAGCCAGCGCGCTCTTCCTCCTCGAGGCATTTCGCTCTGAACGGACTATACCAATTGTGCTCACCGATGGAGAGACCGTCTTCTCCTAGCAAGTTGATTCTCTCCTCTAAACTCCACACGAGGAACCCCTTTGGAGCTCGAGTGGTG,1572,50.38,Escherichia coli
SEQ_441008,GTACGCGCCACTCGGACTGGTGACAGATTCGCAGAGGACCGTGATATGTCCGGCTGTGACCCCAGGGATACCGGGACACCACCATCCATGGGGATAAAATCAATGTGAGCGTAAAGCACTACTTTGGCGCTGGTCATATCCTAGCAATTACGGTGGCCGATGATCGCGAGTGGGCTCACTTTAGACTCATGTGCTCTACCCATTTGATCCCTTTTGAACAAACTGGCGGACCTCAGTGTGCTTTGCGGACCTTGGCCCGCCTCTTGAACCCAGAAACCGAGGTAAGAGAAGCCCAGTTCATGGGCGTATTGTGTGGTAAATCCAGAAAAGTTCTCGCGGTACGTCGGTGGTCGGAATATACTTGTAACTGCCCAGGGCCACTGGGTTGTCCGTCTCTTTAGGATAAAATTGAGGTTGCGCGTTGTCATGTGGGCATTTGAGACGATTACTGCTAGTCATTTTATACATCTCATCGGCTATGTGAACACCCCACCACTAAGGACAAGTGCGCTTCCGCAAAATATGGAGAATACCCTATCCGGACAAGACATCGCGGGGGTGGTCAAGAGCGTGCTTCTAAATGATGCCACTGGCACGTCGAAACGGAATTCAGTCTTTTTCCTGCCGTAACAACGGTGGGCGACTGGATACCGCAGGCCTTAGACGCGCCCGCTTACAGGGGATGTGACAAGAATCCTTATAGATTTGGCGACACACTAGATAGGCAACTATAGGAGGAACTTGGGGTGACGACAGTATCATTATAGAAACGAGCGGCCAAGAAATTTGCGGAACACCCAGCAGTGCATGAATCACATGAGGATCTCTTCCTCCAATTCTTCGTCGACCTGTAAGACGAGTGTCAAAGATGGCTTCATTAATCCGAATGACACAGACACTAACGCCATAGACGCATGGTCCCGAGGGGAGTTAGCAGTAACTGGGACCCACGGCCCCACTAGGGTTCTCGTGCCTGCTCGCCACCGGCAAGGGTCTTAAATATTATGAAGGAAGGGGGATAAACGGGAAGCACATACTTTGTGTCACGCTGGAAGACCCGACTCTGGCATTACTCGCAGGCAATAGCGTTTTTATTTAGCAGCCAGTGAAGCACACTTACCGGTTGCGAAGTCGGCTCCTCAGGCATGACTGAGTACGTAACCCAGGGGCTGGATAACTATGCGTGGGGGCATGACAAGCACAGTGCCATTGAATGGCTCCGGCTAGCTGATCCCCGCTTCCGCAAAACAACTCTTCCGTACTCTAGGTACGCAGTTTATTTAATTTTGGTCTTACTCGTTCGCGTACGGCCGCTCACTTGCCCAGGGAACCAGGAAGGCGACCGTATTACACCCCCAGTGTTTAGCCGTCCGATCGGATTTCCACCGCTTTACTTTTGTGCAACCGAACTCAGTGGCATACAATCTATTTTGTGCGTAGTTCGGAGTTGCGTTAAATCGGCCGCGTTGGTCGGTATCAAGAACGAGAGCTTTCACGGACATAACGCCTAGTCCGACAATGCCTTTGTGGCCATATGACGTCAAATCTAGGAATCGTCCAAGCGTGGATCCGTAAACGTTTAATCATCCCATCGTGAATGGCATTTAGTGACTTGGGCATGCGGGGGCTTACGTGTGATTGGTCTGTGTTATCAGGAGAGTGCAGGTCCAGTTACACTACGGGTAAGCCCCCATGAAAAGGGGGGACTTGACCGTGGATCTTCGGAAAGTCGCTTTTTGGTAACTGACGGCCATGCTGTCTCCGATCTACCGATGGGGCGGCGCAATGGGGAGGC,1795,51.7,Homo sapiens
SEQ_276818,GTATTATTCTCTGATCCTCTAACCTTGGCAGGTTTTACAGTCTTTACTTAAGTTCTAATTGATAGTGAGCCCGCTTATGCGTTATCATACATTCTCCAGCTAGCATGCTGTCCTTCATAACGGCCAAAAGTAACACGGCGCTACAGGGCGATGTCAGGGACCGGCGACGAGGGTCCTAGGTGTTCGCCCCATGCGGACACTGATTTTTGGGAGCTCGCCCCAGATTCCATCGCCGATAATAGCCCCCCGCCACCTGAGACCAGAGAGTCTGGCGCTACGATCAGAACATAGCTCGCATCATACTGACAGTCACACGTAAAAGCAACATACTGACCTTCCACAACCAATGACTATGGTCGAGCATATGGTGGTGGCGTACGTAGGACTGACCGTAATCCTAATTTACTCTGTTGTTTCGAAACGATTCACGTCGGCTCATGAGCTCATTGCTTGTGAGGCGCAGGTCACGCTGCTTGCTTTGCACTGTGGGTTTCATCAGACAGACGGCCTAGGTACGAGTAGGTGCACGGTACTTCTGCTAACTTGTCTCCTAATATGTATAAATTTATACAATGAATGCTCTTGTTGCGCAAATTGTGCCGGGTCCTACGCCTGCTGTCCCTACCGGAGCCTATCCCTCGGGATGCCGGGCGGCCTGCCAACCGCCATGAATTCATTTGCAGGCGGATGAGTCATGTTGTATGAGCCCAATAGCTCAAAATAAGGATGACCCACACTAAGTACGCGGAAGATCCCATAGCTAAAAGTACACCAGAAGGCCAATGCTTTTTTGATAGCTGCCTCAAGGTACAGTCACAGACTACTGATGCCCGAAGGACTAGGCTGCCGTTTCCGGCAATCCGCATTAGTCCTACTTTTTGCATATAGGGTCTAGAGACACGGATTTTTAGGGATAACAGTCTTTGCATGAATATGGGGAAAAGAGCAAGTCCAGGATCCAGGTCACCATTTTTTATCTCAACGAGCCGAGCCCTGCATCATGACACTTCTGTGTAGACTATCACCCCGATGGATAGGGAGGCACCTTCTGGCACTGACAACCGTATTTGTATTTCCCGAGACTCGGTACGGCGTAGTGAAGACTGGTGTTAAACAGCTTGAAAGGTCTAGTCTATGAAGTCCCCTCGACCATAACCAAGGCGAGATTCGCCTATAGCGAAGTTAGGCGTCTGGGACGACACAAGAGCTCACGTACATCTGGCACGTGCTGCTCACTTAACCTTACATCAGAGCAGGTTGATTAAGTCTCGGGGTCGTTTTGTATGTTGTGAAACTTACGACTGTTGGGCCTGGAAAACCCGTGATCCCGGTGT,1334,49.63,Homo sapiens
SEQ_386326,CTGCGTACTTTTTTGTCTGGCGAGTACCATAAGGGGCCCTTCATGTCCTATGTCTAGCTATACGTCGAAAGGATACAACAATTATCGGCTAGGATAGTTTACAACCTTGTGTATGTTCTTCATTCTATGGGACTTAAATACAATCCACCCATGTCATGTCTTTTTTAAATGCCATCTGAGGTAAGTGACTGCAAGCTTTTGCCAAGCTCATAGGTCCTGTACCACGGCTACCTCCAGGAGCTAATAACTTCACTTATTGGTCAAACGACAAGTGGTCCTTTTAACCGGGTAGGTTAAACATGAAATTGACCCAGGTTAGTACTGAGAAGATAACCCCTGTTCTGCCCTACGATTGTCGGAGATTCCTCTACTGAGTTCTTATGTCCAAGCCTTGGCTGTACATTTCCTGCTATTAAAGTCATGATTGTTGGAGTAGCTTGGTGTGGCACTCGAACGGCATAAGTACAGCACTACAGGGCGCCTATACAGTTGACCCAGACCACGCAGTGGAGATGCCGGTACACCTCGAGCTTCCGGTTGGCAGAATAGGCCACGACGGTAGCGCTCGGCATGGTCTGCTGGGACCCCTCGCCGCATTTGCCACAGTTTAGACAACCGCGCAATGGTATACTTTGCCGAGGACAGCGAGAAAACTGCGTATGTGGGGATAGATAAATGACCGCCGGTGTGTGGTTCCAACGGCATACACCGATGGGCATTTATGAGGTGCAAGACTTTATGACCGTTAACGGCGGAAGAGGGGCCTCTGAGCCAGTCGTTTCATTCATCCGGCCATTCTAAAAGGAGGCTTGCAAGACAGTAAGAGAGACCAGCCCAGTAGCTACTCTTTAGCTGGTCGCTACCAACGCACTACGGTCGGATTTAGCTACGACCGAAAAATCCTACCATCTATTGTCTAGCAAGCTTGATTTGA,934,48.39,Caenorhabditis elegans
SEQ_497967,ACTCTCGAGAGTTGCGTCCCAGTTTGTGGACGTCGTTGCGCTCCGCCAGGTGGTCTGGACTGATGAACTCGATGTCCTGGCACACAAAGACATGTTGACTACCTACTTGATTTAGTCGGCCACCCACGTTTCACGCTATGAAGAACCTGTATAATCATAGTCGCTTATAGCTACGGCATGCTGGACTACAAGGTATATTTTATGACTCGTAACCCCCTTGAGACGTCTCGGTACGCATACCTGGTCTCTGCGAAGCAGATATAAGCACCATTGATATTGCCCTGTATTCATTCATAGTTAGCGCATCAACCCCGCAAAGAACTTTTTTCTCTCACCCACCTGCGCTCCGCCCTCGGCTCTGGACCACTGAGCCTTAGCGGACGGATAGCTCTACAAAAGGAGTCACGTCAGTACTGGTCAGGTTTACCGGCCAAACCTGGCTCCCCCAGCAACACGAAAATATGATATACTTCCTTGAGGGGCTTGCGCAATGGTTAGTAGTCATTTCCGGCGTATATCCGCGTTGGTCATTGGTTGTAGGAGTATCCCATTTCACCTCGAGTTCGCAGTTAGGAGGTGTATTTACCTCGAACTGGAAAATTCGCAGGTTAAGGTGTTTGATTACGCTAGATTTGTTGTGACTGCTTGGGCCATATTAAACCCGACCGAATGGCTGATGTACAGTGGGACCGCCAACCCGGGGACTCAAGGTTCTCCTACATAGACCTAACAAAGAACCGCCAAGCACGAATGTACCATAGCTGAGTAACTGCGTTGCACGCTGAAGAGGAGGTATCCGTATGCTACGAAGATAACGTTTCGAGGCAAGGCGCTCGTGCAAGGCCAGAAACCATACACCCCGTTATTGCGCATCGGTGTCCTATTAATAAAATGGAGGATGGGACGTACTATCGTAATCCGCTCCTCACCTTTGAATAGGAAAGTGATTACAAGGGGCAAAGGCAGCCGTTTGATCGCAGCCGTTTTGCATCTAGCAACCAGACGTGACGAAGCTCTACGTTTAGTGCCTCCCAGTCGGCTGCACAGCATACAGTAACTCGTACCCATCCACGTCTTGCTACACTGACACAAGTGACCCCGGCAATACTTTCTACATTTCGAAGATCGTGTCACTGTGGTTGGCACAGTAGCCTGCTGAGTAGCCATTTCTAGCACCACTCCCGAAAGGCTCCTTCCCTTCTTCTCGACGCCGTCACACCGTGGGAGGTGAGACCAAGATACCGTTGTGGTTTCTGCGTTAGTGGAAGGAGACGGTTTCGGTAAGCCTATGGGTCCGAAAGT,1302,50.38,Caenorhabditis elegans
SEQ_632746,CATCCGACTTTTCTCCGTACGTCCTCGTAACGGGTAAAATCCACAAAAGGTCGAACCGGGGTATTACCAGTATGGTTCTACAGTGTCCATAACTCATGATAAAACTGTGCCATATGACGGTGCTAAACCTATCCGGGCTCAATGCCCCTGCTGGAGGGCACTGTGAACGTCAGTTACAAATCACGTACGGGGCATGGATGCGCGAGGGCATCCTGGCCCCTATAAGTGAACCCGGGCACTCAGTTTTCCATGCAGTTTTTGTACATCTGGACAGAGCATGAGTCGGGGCGTTGAGTGCCTACCTTCCCCTCCTTGGGTCCGCATAGCCCCTCCGTCTCAATCTGGGCCCACGGTTCAATCTCCACCTATTAACCAGAGAACTATGGCACCACTCGGTGTACCAATGCCCAATTAAATGCAGTATAGCGTACGGCGTCGTATTGTTGATGGCGAGGACTAGTCGTCAGCCTCTAAAAACGGAAAAGGACCCGCCTTATAATCATCCTCGGATAGCGTATTTAGTAAAACCAATTCTAGCTTCACTTACACCGAGAAGATCGAGCTTACGTTGAGAACTGCACCCTCGCGGTGCTACGACATTACTTCGGCGACAACTTTCCTAGTATAAGTCTCCACTAATTTGTGGCCTTTCGCCTAGGGTTATCGACAGGCTGCTGAGGTTTAAAGGTTAAATACACTACGCTACGCAGCCTAAGACACTTCGAGCTGATATTCATCCTCCGGTCTGACAAATCGGGTGGGTAACATGACCGTCAGTGCGTGGGGGAGACACTTGGTCGTGGTAGCTCCTCTCGTGCTTGCTAATAAGCGCGTCCGAAAGGTGTACCTACCAATTATTAAAGGTCTCTTGGACGTTCTCTCATGATTACCGCTCGTCCAGCTGCGGCCCCCTTAGCGTGCATTTAAAGTCTTTGCGCATGTCCGGATCAGAATATGATAGCTCCCGCGCTCGATAGGAGGCAAGAGAGCTTTTTCTCACGCAGCTTGTAAATAATAGATAATCCCCATAGCTCCCCAAGAGCGGTCTGTGCTAGTGCCCCAGCGGTGCTACACACCGCTGGAACCCGAGCCGGGGCATGCCCGGGAAGACAACTGTTGGGCAGAGGTTGTACAATCTCATCCCCGGTTCCCGTGGGTGCGGCACAGGATGAACCATTGGAGTCTCGAGAACCTGACGCTTCGATGCGTACGCTTTGAGCGGGATCAGACGATAACGTCGGGCGGCAGGAACTTATCCGCTTATGAAGACAACCCGAGTCGGCCTTGCGATTGTGGTCAGTCGTTTCAGGTTAGACCGCCTAGTCCCGTAACGATTACGCGACTCTTGTCGTGGATGCTAGGGTGTCAAAACTGTCGATAAGCGTGCTGGAATGATAGAAAAAGTAACCGCCCGCACTGCCCTACGCGCACCCTACTCATTTATCGTACCACAACAAGCCCTGTTCCTACCCAGGCGAAATGCCACGTAAAGATTCCAGCGTCCGGCTTGGGATGAATGGCCCCTCGGTAAGGTAGTGGGGAGCCGAATGAACAATGGACGCAGTGATTTCTTCAGCAGGGATTTTGGAGACAATTCAAGGTGGGAGCCGCTCCTTCGGTAAAATTGGGTGTGTATGCTTCAGTTCGAGTACATGGGCCTTTTTGCCCAATCCTGCTTCCACAAGCGGCTGCTGCGATACCACTTGGGCGACTTCGGTAATATCAAGAGGCGGCGACTGAGTCTGCCGACGTGAGGTAGGACCACGAATCCTCACTGTACAAAGATTCCCATGCACGCGCCGGTTGCCGTATATGGCAAAGCCATCTCTTATGCGACTTTTCAGTCTTGTGCC,1853,52.24,Arabidopsis thaliana
SEQ_664277,CGTGGGACGCCCCAGAGGGGCTTCTGGATTAATGTAGATGAGATACACATCTTGTCTTCGGCAGACGCGCAAAACAGCAAATAACAGTTCCACGATTCTACGTCGACAGTTGTAACCGACTGCCAAGTTCACGTGTTACATTTCTGATCTGGATCGCTAGAACCGACACTGAGTACGACCCGCTCAGTGCTTGCGTATATGTATTTGGACATCTACTACAACCGGGGAAGCTGGTCGGGGGATCATGTGGTTAATTTGCCGAAAATCGCGATACTCACGGACACTTTCCTGCTTTGGTCAGGCATATAACCCCATGGCGGAGAGATCGTTCAGGTCACACACTAGGCTTCCCAATACTCGTCATCAACGGCCCTAGAAAAACCCCCTACCGGCTACCTGATTGCGCCGTGGGAGAGGCAGGAAGCTGATGATATAGTAGCCTTCTACGATGCTCTATGTTATGCGATAATATCGCACAAGGTGAAGGCACAGTTACCGAATAGATCTCATACCGAAATAACCCTAGTACAGTTTGGTCTGACTTCCGCTACCGCCAGCCGCGAACCGTGCGCCAACGGGCATGGGCACGTAGGCTCCGCCTGCCACCGATGTATGGACATGGCCCGCTATAAGTGAGGGAGGCGTCAGGTATTCGAATTGGAGTCCGCATACGCAAGTCCAGAGGTAAGACTCCCTTTAATCTGTCGGGATCGTCGTTTTAACAGCTGCAGATCTCTTGCTCTACGAATTCAGCAAGGGTTCAACACATACCATCTCGTGGGGTTAGGGAAGTACCACCACTTGTTCCTCATACGCGACGTCTTTATTCTCTCTTGCAGCAACAGAAATACTAAACACCTTCTTGAGACACAATCAAATGCACTCAGTTGCTGTACTAGGTGGTGAGAAATTCCCACTACTATCAGCGCACTGGTGAAGCCAGCCCCTTCTATCAAAACTTAAATAAGGACAGGTTCTCCGTTTGT,986,49.8,Mus musculus
SEQ_629402,CTTATTATATGAGCCGTTACTCCTCCGGCGGTCTAGCGTGTGCTGTGCCAGTGGTGTCTAAAGACTTGTCTTGCTTAGAACGCTTACGAGCGCCGATGACCGGACGGCTCGGTGAGACATTACACATTCCCACTAACCCCTGAAGCAGGGGGCGGGCCTTCTACTGGCGAGGTATCCTTCAGGCCCGTCGGCACCTGGCCATTGATGCTGTACAGTGAACCGAGTCGTGAATACACCTCGCTACAGGACAGCATAGTCGTAAGGCTTTTTTTAACCAAGTCTGTGATGTTGTGACCAATTCACTAAC,307,52.77,Mus musculus
SEQ_198635,ATCGCTCTGCTCTGGTGTCGTTGAGATGATTAGGCCCTCAGCAACACGTCTGTGGAATGGGTCTAATCCCTTTATTGACCTGAAGGCCTGAGGTGGTGTGCTGCAGTTGGTATCATAACGGACGCCAAAACCAATAACAAGCATTTCCCTGGCGCAAAACGGATATACTTCGCTCGTACCTTTGAGGAGCGACACTACTTTGTTGCACCTTTTATACCACCCGAAATAGACGGTGCCTGAAACGAAGCGTCATGCGCTTCGACTGATGATCGGTTCAGGTGCGGATTCGTTTAATTGGACCAACTATTGCGATCGTACCCAGCGCTTAAAATGCATAGGTGATAACGTCCACTCGAACTCTAGCGATCCTGCCAGAGTCGAGGCGATAAGGTAACGTTGATCGACGTCCCTTCGACCGGTGGGTTTAACTAACGTGCAGCCACCCTTTTCCATACCGAATCACGGACTGCCGGCTACGCCATTGAGCTACCCCGCTCAACGCGAACTTTGACTAATTGAATAATTTATCAGAGGCTCCGCTAAAACAATGGGCCTGAGTAGCATGAGAAGTTCGCCCTTTCACGGCAGAGGCGCCGATTGCGTTCGAGACCCTCTATTACAATGTCAGTCTTGTGGAACAAGCTGCTCTCGATTAGGTATAGAGCTCAAATGTACAACAAGGAAGCTTCGGATAGGTTGGTCGAACGCATATTATTTGTTCCACGAATCCTGAAGCTACGAGCGTTCTGGCCAAATACCATTGGGGTGTACCCCTAGCGCAACCAGGCTCCTACTTGTGCTGGAAGGTCTCGCGCGAAGAAGCCCGTCGTGCATCAGACCTACTACATAGATCTCCTCGCCGGGGTCTCAGTGGGTACGAGCGTTTAGGGTTCCGGTCGACACCATCCGAGACCGTAGAGTTGATCCGCAGCGAGTATCGACAGTCGCTGGGCATCTCCTCGACGAGAGAGAACGCCGTCGAGTGGCCTAACAATATGATTACGTCATCCGCCGCCTACACGCAATTGACAACAGAGGAGAGAGTGTTCCTTTTATTACGGGTGATAACCCCGCGATACTGGAGGTCGCGCTCGTCCTTCACTGGCGTCGAAGTAGAACCAAGGGCTCTATTTGCCTGCAGATTTACCAGTTTTTGGGGGTGTATCATCATACCAGCTGCACCCATCGTGGTGGTGATCCTTTTGCTCGCTACTTCGCATTGCCATCGGGCTTAATTGCCCGTGATATCGGCCTACATTCGGGTTTGTTGTCTAGAGGGTTCGCTCTTCAGTTACGACGCAAGCTGGGCCTTTCAAGTATCGAAAATATGGCTCGCTCGCAGTGCTGGTAGAGTCTATCATCATGGGACTTGTACGGTTTTAAGCCGCGGAGTGGGACTCTATTTGCCTGAATGGCGACGAGGACGGGTAGAAAAAAAACGGTGGACGCGCCTAGGTAACGTACGCACGCCAGACTCGAAGATTTGAGATAGACGCCGCGGTCATAACGACTCAGTGTCAATGTGGAAGGGTTGTCGCAGGAGCCGGCAAGAAGTTCGGCAGATCGTGGCTCTGTGC,1577,51.87,Homo sapiens
SEQ_579433,GTTGAGCATCTATATGCTTTAAGCTGGCATATGCGCCACCTGTTCCGCACGTCATACTGAGTAATCGATGCTCGTAGAGCCCCAGGTCCCTTCTGATATATAATGGTAGAGCTGCCTGACGGTCCTTGAGTGAGGGCCACCGATAAGGTGCTAAGACATGCGTGTAATAACAATATGCAATCCCACCAAAGATCGGCTCAACACAGAAATAATACGCCAGGACCGGCATTGTGGACCACACGTGCATTGGTGCATTCGATCGAGTCGTAGGGGAACAACCCGGTGTTGGCGATGTCCACTGTAGCGCACAGTAAGGGGACGCGGATGATTAGCGACCCATTTCAATGTTTGTATTGTCACCTTGAGCAATCGTAACATAGGTCCTAACGTGTTCAGGATTCCGGATTCCAGGCAAAGTCTTGCAACGCCCCGTTGATGGATCGAGACTCTTATCTCCTCTGTTGATGAGGGATGCACCATCCTCCAAGTATAGCCAGGATAGCCGAGCTTCGGCTCTCGGGGATTGGACACCCTGACGGCTAAAAATGTTGATGTTCGATTCATACTGGGATGAGGTTGACC,582,50.34,Homo sapiens
SEQ_267861,GACGATCGGAGCCGAATGACTTCTTTCGACGAGTTGAAATCTCCCTATCCGCCACGACACTACATTCAACCACCTCGCTGGGTTGCTAGTATTGCCCAGTTATCGTAAGCATGCGGAACATCTAC,125,50.4,Drosophila melanogaster
SEQ_178014,CGCTGGATGCCCATTTGGCCGGTCCGGCGACATTATCTCTGAATGACCTTGGGCTTGCCGGAGTCAACCGATCTTTTAATTACGGCGTGACGTCCTCGGTGAGAAGGGTACAAATGAGGTTTGGGAAAATGCTATTATTGAGGCGAACATAGAGCACTTTCTTGGAACTCGAACAGGCTAGCCCATCTTAGGAAATACGTATTGTAAAGCACGCATCCCGTAACGGGAGTCGCGACTAAGCGGCATGGGATCTGCCAGATATGCTGTCGGTCGACGGTATTAACAGGCTGCGGTCTAACACTAACTGTCCCCACACTTGTGTACGTAGAGTGGGCCACATATTTTATGGGGGAAACCGTGTACGATAAATTAGGGCTGACGCTCCTGCATGCTCAAGAAGTGAGTCCAACGAGCGCCTTCGGCATTCGCCCCGACGAGAACTCCGGTGCGAACGAAGATCGACTCCGGGGTGCTAGCGTCAACACGCAATACCGTCAAGCCATGGAGGGTAGTCAGTCATTCGCAATGCTTAGCGTCTAACCAATCAACCACTCCGTGCCCAATTCGACTTCAGATCTGAATCGGTAAGGTACCCGGGTCCCGTCGCTTAAAGGCGCGGGCATCCTGCAGCTTCTCAACTTGTCGAGAAATCGGACGGCCCTCTTACGTGCGTTTTGGGCGTGTCTTTACAGGTCCCGGGTTGTGCTCACGGGTAATGAATTAGTTAATCACCCACGGCGAGGATCTCGCAGACACCTTTAGATAGCATATGCGAATTGGAGGTCTTACCGCGTAGGCTGTCAGATGATGCCTTTCGCAAACTATCCATGCGATCTTATTACTCGCCAGGGCTGAGCGGCGGCACCGCAAAGCGGAGGGCGTTATAGTATTTTGGTACCGTTAACTCGGGCCAGAACAACGATAAGGGGGGATTACCGAAATAACTCATAGAGGCGTAATCAGGCTGGTCGGCTGCGGCAAGCAACATGTCCCGAAGTCTGGAATTATATGTATTAGCTTTACTCTCCACAATCGTCTCAAATGCGGGCGTGTTCGAGGTAAATCGGAGTTGTGCTACACTGCTCACACATGCTTCAGAATTCGCGCCTCAGATGTAGCGAGAGCTTCGGACTATACCGTAGGCTAGATACCTTGAACACTTTAATAGGTCGCCAAGAGTGTGCGATAAAAAGAAGTCGAAATCGTGCTTTTCAGCGAAAATGATCAGGGGCACCCACTGGCATACGGCCGTGTCCAAATTATGCGGAGTAGTCAGGATTGGGACCTTACTATTTTCGCTCGTGTGGGCCTAGCGCCTAGGACCCCCCTCAGGGGCTTGTTGAGCTAATTGAAATGGCCACCGCTAAACGCTTAGTGAAGCCGACGTTTCCCAAGCGAGCTTCTGGGATAGTTCTGCTATATGTCGCAAAGTGTGGTCTACAGATAAAACGTTGTCTGCCTCTACGAGTCCGGA,1474,51.56,Saccharomyces cerevisiae
SEQ_400217,ACGGAACGAGAACCCCACCTCGGGCTCTTCGGGTTGTTAAGCACCGCTTCGCGAGGTTACCGAGCCTAGGTAATTGGCCCGCACCTGCTCTATACTGAATTTGGATTAAGTCTTAGCGTCAACCGAAATGTAATTGATCATGGCGTGGCGGGCAGGGAGCGACGAAGAGGGTGTATGCGCCAGGAATAGCTGGCTGACGCTTCACTTGACTATCTCCGAGTG,222,54.5,Escherichia coli
SEQ_878318,TGTCTATAGTTGACGATACAAAGTGTCAAGTAAGACCTTCAAGATTGGTGCCACCAGGCGCCGCGACTCGGCCGTAGGGATGCACGTACATATTTACAAGACGACGGAGCGAACGCTAGAGTGGTTTTATGCTAGCAGAAGTACGACAATGATGTCCGGGCCCTCCCCCCATTGCAGACAGTCAAACCAAATCACGGGTCGTGTATTTCGAACCAGATCGCGTTATCATTTTTTTACCCGTAAACAGCGACCTTGTAGGCGGCGGAGTATTAACCCTTCGAGTTTTTTTCCGGCGCTGATCTAGGAGCTAGACTTGTAAGTTGGCGAAGCCACTAGCATGACGAGATACTTGACTCCCCGTCGGTGCAGGAGATGGTGGTGTTAAAAATTCAGGTCACCAGCTGGACACAGAACAGCAGCATAGCAGGGCGCGACTCAACTGGCCTCAGGGAAACTTCTTGGGCCTAGATCACCTTCCAATATAGGTCATTCCGGAACCGAAAAATTAGTCCATTGTATGCCGCACGTCACTGGGAACGGGGGAGCGGGGCAGTCGCGGGAGTTCTGCAAGGAAGTCTCCAATGATTGCAACTAGCTAATATCGCCTTAAAGTAGTACCTGAAAAAATAAGAGTGATCTTCACCAGGGCCCAGAAGACTTGCATAATTTGCGAAACTTTTTGGGGCCGTTGTTAGGGGGCAGTCCTCGGTAGAACTGTCTCCCTTGCGTGTTGGAATTTGCAGGGCCTCTTTACTAACGTCAATATAAATGACCGATTTTGGAGTTCTTCAAATTTCTCTCCAACTGTCATCTCTTCGTACGAAACAGGCAGAACTGAGCTGACTTGTTTAGGACCCTATGACTACCACTGCAGTGGTCGGCATTGGCCTCCTGTCGGGTATGCATCATTTCTGGACCAGCGAATGTGTAAAATAACTTGTGCTGACGCCTCGGACACAGCATCACTATTTCCATTGAATCCATTTAGTTTGGACGTTTGTCACTACCAGCGCAAGATGCCTGTAACATAGGCTCGGCTTTAATACTGTATTTAAGGACCGAAAGGGAAACAGATAGGCAAATCGACACGCAGTAGTTCTCGACGAAAGAAACTTCAATCGGCACTACGCGTAGGCATAATTTGCGAGGCTAGGTGAGATGGTTTTCCCTATCACCCGTACGCATCTCCACCTGGTGCATTATCACCTTAAGAATGTCCTTGTCACGCACACCTCAATGGCAACAGATCTGAGAATCGTTCAAAAACTTTTATTCGCCCACACACGGACTCATCATATGTTGTCCCGTGACTGAGAGTTCAATAGTAACGTACTCGTAAGCGCCCTCAGAATGGCATGTCAGTGTTTGAGTGGACACTGCGGAGCTCAGGTCTGAATTGTTATACCACTATCATCCCATGGGAAAAACATATGTCGATTTTAAGCTGGGAAAGCGACTACGGCGTGTAAGCATAATGTGGCCGGTTCGAAGATAGAACGCTCGGACATCGCGTAAAGATCGTGCTACTTGTGTATTAGTGAGGACCACTAGCTGTTGCATATTCCGACAGCGATGACTAGATCTGTTGAACTGTAATCGTCCTAGTGACTAGGCCACGAGAAAAGCCCTGACGTGAGCGGGTGATGTAACATGCAAGACGAACGGCATCGCAACGTATAAGCCCGATTCACCCTGAATCGAAGTAGCTACTAACGTATCTACAGGGTCCCGCGCGGTTGTCCAAATTTGTGCTTAGCGCCAAAATAGCGAGGTGTAACGTAAAGTGTGTGCTGGCCCCAAACAATATTACCAGCCCTAACCTTAGCTTTAAGCTATAGGAACGATA,1846,48.05,Saccharomyces cerevisiae
SEQ_543893,GATGTTGATGGACCTACGCCGGACTTCCAGTGTTGCCGGCTTGCGCCGCGTACCATGAGCAGAGGAACTCTCCTTGTCGTGATTTACCACAGGAAAATGCCAATCCGTTAGACGGGTATCACTGGCCATGGCATCCCACCCTAGAAAGCAGTCCGGACCCGCCTCATTTTCGCAAAACTGAGTGATGTGCGGATGGTTAATCAGTACCTCCAAGGGCTCGCAGCTCAGATCTGATCCGGTAGTTACTTAGCACGGGCAGGGGATGAACGTGGCTTAACGGGGTAATGTGCCTTACCCTCACACGTATAAACGGTTATGAAATGTTTCTTGTATAAGGTTGTCGGCTAACAGAATCACTTCCCGAGAATGGCCC,373,52.01,Escherichia coli
SEQ_695490,CCTACCGCCTTGCGTAGAGTCATTCCCGTTGTAGTAGGTTTTAGCACAAGGCAACCCTAAGGCTCTACAGAAGGAGGAATTCGATGTGCCATTACCAGGGCGGTGAATGGACGTTTTAAACCTCCACCCTAGTGATTAATGATGGATATCGGTGACTGCCATTTGAGTAGATATAGACGTATCAAGGACAACGCACGAGGCTACGACAAACTCTAATAGTACAGCGGCACCACGAGACTTTAATCGTGGCGTGGTTAAGTTCTTCTTCGGCACACGGCGGAACTGACATAAGCGTTTTGATTTTATATATATTGCGGAACGCAATTGTAGGAATATCTGAGTAGTGTGCCATGGTACTATTGTAGCGGGCTTATCACGAACTAGCAATTCAATTCAGGCCGCCACCTACAATTGATGGCGGGGAAAGTATCGCTAATGAGGCCAATCGAACGAAGGCGAATGGCTGGTCACTTTTATGGCTCGCCGAACCCGTTATTCTACGTTTTCCAGCGCCGCCTGTTCGATTAGCGAAAAAGAGACAGGCGAGCCAAAACAAATTGTTCAACTAGGTGCCCATCGAATAGTCAACGGTTCGATGAGGATGGTTAGGCTGACAACGTTCATATATGAATCCCGGGAACTCTGTTCTGGAGTTGGCGCTATATCACCCATGTTGAAAGCCATTGG,687,47.31,Homo sapiens
SEQ_320455,TAGCACTGGCTCAACATCCTTCCGAGATTCCGTAGAACGCATAGTAAGGGTCGTAGAAGGACAGAGACACTCTGCATAGTCAGGGCCCGCGATCATTAATCGGACTCGCTCAAAGAAGGACTTAGACAGCAACGCATACTAGGAGCAGGCCGGGATGGAGCCAGTAATACTATCTGGTGAGTAATTATGTACCATCTCCTCGCACAAAAGAGCGTACCGAGAGGCAACGGTGGCCACTGAGCCAACTCGAGGAGCAACAGATTCCCAATTTCGGCCCGCTATGTTATTTGACAGATGCTCATCCGATTTTTCGTCTCTTTGCCATATCGTGTGGTAGGTTGGTCGTATAGTACCACCTGAGGGTACACTAGGCAGGAGTGTCGGTTTTGGTCGTATTTCGGGTCGATCCTCCGGGGCTTAATGGGTAATATATGCGGGCACATCGTAAACGGAGGTTCCGGCTACCCTCGGGGCAGGTCGGCAGCACAAACTTAAGTTAACGGTGATAGGAGCATGCTGAGGGGCGGCAATGAATAGTAACACGAATGTATTGGGACGTGGAGTAGGTGCATGCCAGGATCGTAGTCGCAAATGGCACTAACGCTACGTGACTTTGCAAGGGCAGGAGGTTACACCAAAGCGGCAACTCCTCGGCAGTGGCTTAATTAGAGCCGTTCCGGGCAGCAAGCCAGAACCAATGTCCGTTTTATACATCGTCAGGGATGTTCGTCCACGCCCGGGTGTACAACTCATACGGTATTCGATAGGGGTGTAATTCGCCTCAGTTACCGCTGGGCTATCGCCACAACCAGACACTATGTTCCTGGATCATTACCTACAAGTCCGCACATGCACTTCAGGTCATCAAACGTATAGGGACCTTTTAGCGTCCTAGATGTCCTCTGGGATTTAACTTTCTACCTAAACGACCGATAAGAAACGCTTGAAAGTAGGACGGTAGAATTCTACTTCCCACGCTCACGTTGTAGCGAACCTGCCGGGCTGGGAGACGCAGGCCAACCCCTCCTTGGGTGCCCAAGAAACCAAAAGGTGCAGTAGGCCTAACAGGCTGTGTCCGCGGCTTTGGGTTTCCGCGGTCGGCAATGTCTCTAACAGCAAGTAACACTTGGCGTGTGTTCTACAGCAACCGAACAAAGGATTTCAAGTCGACCAGAC,1176,51.7,Escherichia coli
SEQ_117029,ACTTGAAGTAGAATGCAAGGTATCAGCACACTCATAACTATTTAGGTGATCGTATGGGCATCATACGAAGCATTCCTGTCATTAGCCCTCCACAGCTGACAACCACAACTATAAAGTTTTAACGCGGCGTCCAGCGCATAGCGGCGGGCGTGTACGGCCTTCGTGCCAGGGCCGTTTACCCGAGGAGATATGGAAGATAAGAAGTATCCCATATAGCACATATGTTGGGGCATCCTTATGGTGGAAGGCTCGCGAAATCTATATCTTACGGCACTAGGTATTGTCTTCGTCACCGCGTCATCTTCCTAAACTTTAAACTCCTGAATTTCTTCCTAAGTCACTCTTAGTCTCTAAGACAACTCCTCCACGCTTCAGCACTTTGTCAAGTGAACACTGCGTTGGCTCACGAATAACTTAACTGTGAACTTTTATCTCGAGGGTTCAGTCTCCTTAGTCTTCACGCGATCGTCGTGTGACAGAAATCATTCTATGAAGAAGCTTTCACAGCCTCGACATTATTTTATCATACCTCGGGTTGATGGCAACGACAATGCTGCAGCTCCGACTAGTGCCTCCGAGACTAGAACAACGGCCCCCGTCATAGATTTGTTTCAATATCCGCAAATCTTTTACTGCTCCAACACTACTAATCGTCACGGTTTAATTGAGAATCGACTAGAGTGCCGAGTACAAAGGAGAAGCCTGGATTTTCTGTGGTCACGCCAATCCCGCGGCCTTCCGCGTCCGCGAAGCATGGGTCGCAGATCCTTAATCCTAGAGCTAACTGACCTGAGGCACGGTTCCATTTTGTAGTGGCAGTGGGTGGCGGGGTATGTATGCTTGATTTATGGCTGATTGTAGCCCAGTCTGGCCTCTGGTCGATGTTGCGTCATGCACGGCATAATGGTACGTCTATAACGTGGCACCGACGTCTGACCTTAAGGCGGAGTTTTCTGGACTGGGATTGCCTCACACG,976,48.46,Arabidopsis thaliana
SEQ_925449,CGTAGGACTCGTAGCGATATCGCCCGATAGCTAGGCTAGAAGACAATTCTCTGTGGTGCGTAACGGGTAAGGGCGGCATTATGATGGCGACACGGGGGACTGCAATCATGCCCGGCCACGCGCCCTTACCGTATGCAAGCCTGGTCATTAAGGCAGATTCCATTCTCCACGGGCAGTGTATGTTCCCCAGGGACATTACCACTGAAACTAGGACCCCTCTGCACTGAGTGTGTGGC,236,55.93,Mus musculus
SEQ_273868,GTGCTACACGATCGACTAATGTTGGGGGTTGTCCGATGGCGGCTCGTTATGGTCGCGCGGAAGTAACTCACTAGATACTCTGTAGGCGGCCCGAAAACGGTACATTAGACCACCACGGTGAGCTGTACCTTAGCAATCCAGGGAGCCGTCGGCATGACTAATAAAATCGTACACGTACGCATGCAACATTCGTCCTGACTTTTGGGATGGGAATGATTCAATCAAAGAACGGCTGTGATATGGGGCATCCAAATTCAAGGAAGGGCTCTATATGCTAGAAGCCTCATGAGCTTATCCCTCGTTCAGCATTTGCCTACAGTACTGCTGTCCCGCCTATAAGATAAACAAGGTAATTCATCCCACAGGGGCTGTTTTGACCACACTAGTTATGAGTGTATTCGAACGCAGTAGCGCCATTGGGAGGCGATTAGTTGACGGACGCACTTTGGGGGGCCCGATGGCTCACACTGTCTATCCTATGTCTAATACGCACCATCTGGCTTAAGGACTGCTCTCTAACCTGGCGAAGCTGGCTTCTTGCCACGCGGTTAATTGACTCTCATACTACTCAGATTTAGGGGACAGCCTGGAGCATTTGCAATGATTACGTTAAGCCCTCGAGCAGACGAACGAAACGTACCCGTTTAAATTGAAATTGTGTTGAATGTGAGGGAAGAGGCCTAAAGTGCGAAAACATGTTACTGGACAGTCGTCAGTCAGGCTACAGCAAAGGAATGCGAGATGACTGGGCAAACTTATCTATTGATCCCTTTCGCAGAGTTAACCCCTGTGGGTTACATGTCTGCACGCGACGGGACGCGGACTGCTACATTGTTCACGGAGGCATTACGCGGGTTATCGGCCCAATGACGTGGCGCGGTAATATCAGACCCGTCGTTATCGATTTTACATATATATTCGGCGCTAACCTCCGATTGCAGCGTCTACCATATATTAATTGGATAAAGTGGTCAGATCTGACTCGATGTAAACTGGCGCGGTAAGGCACATTCTCCAGAAGCCGGCCAACTACACGGAGCCTTCCAGCGAACTATGCCAGAGGTTGCTGTGCCACAAGGGTGTCAGCTCCATCCTGTTTTCTCTCCCATTTGCGGACCAGGCTTGGTGCTTACGGATAGCTTTTCAGAGCAACTATAAGTACCGCTATACATAAAGCTGTGGCCTGTCGCGAGGGGCAGCCCGGCACGCCAGAAGCGGTCTGTTCGGTCGGACCCGGGATCATTGATGGTCATTCCGTTAGGCAAGCCCAAGACTTACTGACTGCAGCTCCCAGGTTGATAATCACCGGTGCGGCGTTGCCGCGAGGGGCGGAAACGATCACCCTGCCTATCCGAGTTGAAGTGTTAATCCGGCGATCCCAATGCCGGGAAAGTTCTCACCAACGACCAAAATGGGCGGAGAGTGTATCCATGGTTTCTTACGTTCAGACCATCGATTGTCTCACAAATTTAGGATCTAGCAGTCGTAACAGGGAAGGTCGTTTCGGTTGGGTACAGGATATACCTTAGCATTTTTCGAAAATAAAACGCGAGTGATTTCCTACGCACCATCGCCCCGATCCGGAGGACCGTGGACCCGCTTTGACTGAAAAGCTAGAGTCTGCTACTCGCCCTCTGTGAGGTCAGGGGTCGAAAGGGCGAGCACGATCCAAATAAGTGTGTTCAAAAAGCAACAGAGGGAATGAGCTCTCTGTGGCATATCATTGGCGTGCTTACAGTGCGGCCTATGGAACTACCTCATGGTCTTAGAACCCCCAATGCCCTCCAGCTCGACACTTTCAGAGGAGCACTTTGC,1815,50.91,Saccharomyces cerevisiae
SEQ_755959,CGTCTGCATCTACGAATTGGCGCTACTTTCGATAGCCCTCTAAAAAAGGAGAGCGGAGAAATGCAATGCTTGGACAGTGCATATTTAATTGCTTATTAGCCAGTTTCTATTAGATTGCAGGATTGATGCAGTCATGTTAGAACTCCCCAACTTTTTTAGTATGGCGGGCAAGCTCCCAATGTACAACGACACTGACTGTGCCTAGATAATCTTTCAGTGTCTAGTCCTCCACTAGTCGAGCTTGACTTTGCTTATTTTCATCCTCCCGTCTTCC,274,43.8,Saccharomyces cerevisiae
SEQ_632762,TAACGACACCTAACGGTCTACATTGAATGCCCGAATACATCCTTGGGGTCAGGTCTTTGTCGAGTACAGCTGAAGTGTGCTAGCAGAGGCTGATAGGTTTACAGAACCTAAGGGATAGAGCACTGTTTACAGTTCTACGTGCAAGCCTCTTTAAAATCCCGAGGGTTCGCGTCTTAATGGAATGTATATCGTATCCTAGAAGTCGATCTACTATCGGACAATGGTAGATGTCCGATCAGCGTCTCTGCGCTACTCCTCCGGAGTCGCACTGTCTGCAATCTTGCAGAGGTAACCGGGTCTCAAAATCGGTGCCCCCATTAGTGATAATGCGTAGGATCTGTTTCATGAATTAACCCGGACTGCAAATACGCTGGATGTAGTTAATGCACTGTACCGCCTGCGTGGCATACCAGGCTCAGAAAGTACTAATGACAACGTTCACCTCCAATAAAAACGGGACGCTATTGCGGCTAAGCCTCACTGCGTGGAGAAACCTTAGTGTAAATAAACATGATATTGGTCGAGTTTTCTCGTAAGGATAAATGGATGTCCCACGACCACCTACCGACATGCCAAACAAGTCTAACGTCGAGGAGTGGAGGCTGCTTAAGGGGACCGAGTGATCCTCCTCAATCAGATTCTTGCCCCGGTGTACGTGGCATTAGTTGTGGCCATCTGGCTAAGGCGTCCAGGTAGTCGCCAATATTATGAAGACCGAATTACTCAAGACGACGGCGAAGGTCCGTTGACCCACTAGGACGCGGCTCAAGTGAAGGTGGTCGACCCCTGCTTATACATTTTTATAAACTTGAGGATTCGCGCCTCCGGGCCCTCCCCGGACAAACCAGTAAGCGTACTATATTTTCGAGACACGAATGCTTAGCGCCGCCAAGCCACGGATCGTCCAACTGCCTTTATGTTTATATGGTTCTACCCCGTTAAAACATTCGACCTATCTCCTGCCCACCTGGAGGGTTGAAAAGTCCCCTCGGGCCCGTGGAACCTCTCGAGAGAATCAACCCCGGCTCTTGTAGATCCGCTAACGCTGTAGGCTTCTATAGCATCATGGGTATCCTAGGTCTCGGTAACACGATCTGAGGCACGATTTTTGTCGTCGCTGGTCGGCTTGCTGCCGGGGTGTGTCTTCAGTCCCTAGATCATTTGCCGGTGCACGGGTACCTGATAAGACCTCTTTTAACGTCCGCGATCGAATTGACTCAATACAATAAGACTGCACTATCTCGGCACGCGATGGCACCTAAGTCAATTGACTCTGGCCCGCACAAGCTTACGGCTAAGAATGAACTGTTCTACTGAAAGGACGTCAGTGCACATCCTAGAAAAGACATCGTGGCTCTTAGACTGCCTAGTGCGGTACTCAAGGGTTGGAATCCGTATCGCGGTTAACCCCCACTTAGATTGAAATCCTTAGGTATTCCTAAGCGCCAACAACGCGAGGACAAGTT,1466,49.86,Drosophila melanogaster
SEQ_411427,TTAATTGGGACACGGGGTCAACATTTTATCTCTATTCTTAATCTGATCTAGATACGAGACTCGTGTGCCGAGGAATAATTCTACATGCCACTTATGGCAACACGAACAACTGACTTTATATCCTTCGTCCTAAAGGCAGCTCGAACAGAGCAGGGGAACAGTATGAAGGACAAGGGAGGCACTACCCTCCGTTATTGGTTTCGACATCCCGAGGCTTCATGCTCTACTGCCCATCAGCCATTAACGCCTCTATGGAGCTTGTTACTCAACGTTTTAAGAGTCATAAACAGTAGCGGACCGATCTATATCGCGAACTTATAAATTGTCCTGGTGAATACTTATAATCCCCAGACGGGTCTAAAGCAAAACGATAACGGTCTTCGGAGGCTTCCCTTTGCGACATAGATTGAGGAGTCGAACTGGCTTAGAAAAACATCTTCTCGAAGGAATCTCATAGTAGGTGGATGACTGGCTTAGCGCCGCACCCTTTAAGAATAAAAAGGGGAGGCTAGCGCTTCCTCCACTGTCTACGACAATGGTTAATTCCGTTTGTTACGCTTATGTATAGTTGTAACTATGAATCATTATGCCCTCGTAAACGCGAAGTCTCCTAGCACTAGGCCGGCTTGTAGGTCAGAGGAATAGACGGATTTCAGTGAGGAAGCCAATAGATATGATCATAATAAAGGTAGGGGCGTTAGGGCTGATGCGGTCAGAAATTAAGTCGACGCTATCTGGGTCTGGTTTCTCATGTCAAGTTACACAACATTGCCGGCGATTAATAGTGAACGGGCATGCCCCAGTTCCAAATCTCTAGTCTTCCTGGGCTGGCCGTGGCTTGTTCTCCTCTGATCTTTCGACTATTCTGGGGGCGTGGACCCCTGTCGCGCTAATGACTACTTACTATGCAGAGTCAGATTCACAACGACCGGGGCGTATAGCGGGGTAACGCACAAATAAATATCCACGGCTATACGTTGTGTCGGTTGTACCACCAAACTAAGGTGTACTTTCTTCCTTTAGCGATTATTCTACTTCTCCGATGTATGCTATGACGTATCTGTAGTTGA,1070,46.07,Homo sapiens
SEQ_445631,GACACCAAGCCCATCAGGATCGCGAACATAGCTACATATAATTGATAAAGCACGGCTGAGGCGTCATGTGGACCTAACAAACTATGCTCTGACGACACACGTGTGGTTGTTCTAGGCGGTCAAACCAGTTAACAAAGTATGACGAGCTAGCTAGCGATTCCAATATTTTGCTGACCAGTCAACCAGGTTAAAAGCCCGGCCCGAGCATGATTGTGTTCCCGACGAAGTGGAATGTACTCGTGCGCAGAGAGTAATTGCTAGTAGGGAATATGCAAGACGCTGAAACGATTACACTAGGTGAGTGTACGCCTATCCCAATTTGCGCAGACCGCAAAAATTGACAGCTAGCTCATACCGCGACTGCCCGCCCCCATGAATCATCGATGGCTTAAACACTCCACTTGCTTATTGCGGTGAAAAACATGTCCCCCCACGAACATTCCGCTGACTTTCGTTGGGCCACCATCGGGATATGATAGGACCACGCTTTCTGTCCGTGAACGACCGACATCCTAAGTTGCGGACTATTTTTCCATGCGGACCTAATAATATCTACATCCCCAGGCGAGTCCTGTTGCCCTAATGTGCAGTAATGTCTTAACTGTGCGCGTGTTAGTCATGAGAACTATTTTGTAGGCCCGGATCGTGGTATTCAAGAGAGGAGCGTCAATTTGACAGTTAGCGGGAAAAAAGGTTACTTTTTTATTGGGTTTGATGGTCTAACCCGTATTTCGTGATTTGCTGTCCCCCATACTAATGCTTGTTCCACGGTGAAGCTCAGATTTCGGCCCATACTACATAGTTGTTAGCCCGGACTCGATCTGTCCCCCTACAGGCAACCTACAGGGACAAAACGCCGCTTCAGTGACGCCAGGAGACCCCATTTTTGAGCAAAGAGGCTCGGGCTGATCAAGAGAACCTTGCTCTTGACTGGAGGATTCGCCCACACTACCTTATGTGTTATTCTTGCGCCTCGCATCTTGTTAGTGGCTAAGAACCAAGACCGATTTAACTCTAACCAAGCTGATGCCCGTACACCTAGTTTAACAAGGCGCACTGGCTTACTGCGCCAAATTATA,1079,48.47,Escherichia coli
SEQ_617494,TCGACAGTGCAAGAAAGCCCCGGGACAGAGCTCTGTGCCAATTAAAGTCTACTATGCACAAACTCCAATAACTGACAAATAGGGTGCTGTCTTGGGTACAATTCAAAAAGGGTAAGTACCGACATTTCGACAAACCTAGGAAAGCGGGGCCGCACAGGTGAGGAAGTGAAGAGATGGTTGAAAACATCACGCGAGTTGACAAATTCCATGGCCGCCCAACACGCATGCAGGATACGGTCGCTTTCCCATTTATATCTAGCGGTTCCCGCAGCGACATGGGGTGTCCGTAAACGGCAGCAACGACGTCATGCCCTGAATCTAGTTACACAGTAGATTATGGGTTACCCTGGATACATAACCCTCGAGGTGACTGTCTGGCTAGAGGGATACTTAGATCTTAACATGTCATCAATTTCTGCGTAAGCAGCCCCTGGTGGAGATTTGCCTTCAACAGACGAGGCGTACGGAATAGAGTGGGACACACAGTGGTGATCTGAGCAGAATTGGGATTAGTGTTGGAAAACTTATAAACCGGGCCAGTACACCGATTTAGGTCCAATACGGAGCTGCTACTGGTGCGCCAGCCC,587,49.57,Caenorhabditis elegans
SEQ_388811,CGCAAAGCTGTAAATACGCAAAAATATCAATGTCTTCGCTGGCGCTCGAGGCTTCACCGGGGCAACTTAAAGGCTTTTTCTAAGACGACTTTGGTATTCAATTCAAACTCTGCGAATCAGCGATGGCGAAGACGTCTATTAGATTTAGGCGCCCCACATGCAACGACCCCTACACACGGGAGTGGCAGCAGCTATAACTGCCGTACGTAATATCAAGGTTGGGTAGGAGCGCTGGTCGAGACCACTCTAAAGAAAGATGTCCGGTCGCCCCCCCTGTCATCTGGACGAAGATCCCCCTAATTATTCTACGCGGTTTTCGCGGCATCTGACGTGTCACCGCCCGGGCACGTCATCTAGATTCCTGCGCGACTCGCGCGAAGCTGTGTCGCTCCCATTTGCGCGGTGCGCGTTCCTTTAACGCCATTCGTGACCTAATCGGGCACACCCCATAACCTCGGCGTAATCTGGTGACGACTGTAGCAGTTAGATCGCTAATGCTTTCAATCGAAAATGGCCTAGATCAGAGTACGCCGCCTTTATTTGGGCTCAAGCAACTAATCTTCAACGTGTTGACATCTGAACCCATTCCTGTATAAGAAGTATCTTTTGGAAATGTATCTGGTACAGGTTAATTGTCCCGCGGGAGGTGCTTGCTGTGCCCGCATCAAGTAACTTCTGATAATAGGATTACGACCGATTAGTATAGGTTCGACGTCCGGGACTTTATGCCACGGGAGGCCATATGGCTGTCCGGATGAATATCTAGGGGTTGCAGGATGGCGGCCTGGTAAGGGCTCCCTCTCGAACCATTAAGTCCGCATGCTTCAAGACTCGTCGACGTAATGGGGTGTACGGCAACCATGATGTCCTTTGAGCAGAGATATCCTATGTAATGGAGATCGTGTTGAGCCAAACTATTCTGTCGGGAAATGACGTACCTCAGCAAGAGCTGTTCTAGCGGCTCATAGTAGATTGAATCTAACTTCCGCATGGTGAAACCGTACCGTCAATCGTAATGGAGTTGTTCTTAGTATGCCCTCTGAGCAAGATTTGGCATCCAGCTTCAGACTAAACGGACCCCTAGTAATCCTGCGCCATTAATTCGTATGTACTCAGCAACGGGACGTAAAATATTCGCACACGGCCAGGGTTTGCTCCTAGGTCGCCTCGTGAGCCATGGTCTCTCCGTGCTATGTCGAATAATATAAGAGCTTACAGAGCAAATGGCAGCGAAATAACAATACTGAAGAGTTACACATTATTACAGTGACGGCGAGCGCCTCCCGACATATGTCGTAATCTATCCCACAAATTGGCTATAGAGGTTTGTTAAATAGTTTGGGGAATGTGTCTGCAGTTAAAATGGGCAAACCAAATTACACCCGGACGCAAAGCCATAGGAGGTATGGTCTGGAACCAGACTCCACGCAAAGCATTCCAGAACGTTGAGTGTGGTTTTTACAGTTATCAGACGCCTTCCTAATTGTTAGTCTGTAAAGTTGTCACGTGCGCCTTTACCCCAGGCAATTTACTAACGATATGACTACCGCTCCCCACGCGCCACATGTACTCGTAGGGGGTTCCCTTCGATGGTAGATGCCACATAAAAAAGGATCGGTAGAAAACGCACTAGATCTCACCTTTATTTTAATGTAAAGGGGGAGTTTACCATGACTCCCTGGGAGGCAGTTCCGCTTGTAACAACGCAACGGCGGCACTAGCCTAGCCGAACAGATAAGCTGGGAGTACTACAACGCTATAGTCAGTAAACATCTACGCATAGCTCGCGGGAAAGTATGACAGCTGACCATATCCTGCCCCTCCCCTGGGCTAACTTTACCGCGGGGGTTCCATCAGCAGAGCATAGGCGAATACAAGTTGAGTGCCCACCGGGCAATACGTCCCAGCAAGTTAGTTGGCAGGTGATTTGAACAGGTACGACGGTTATGTCCATTCGCAATCGCAAGCTGA,1971,49.32,Mus musculus
SEQ_988762,GTACGATACAATCTATTTCCAATGTGCTTACAGTTACTTACGACGTGTGTGTATTCAGTGCATGGTTTTGTCGATCCTAGTCCATCGTTAAGAAGAGGATTGCTACGCCGAAAGCTACACTTCTACACAGGATCCCCGGGAGACACCCGAGCTTCGCATGTCTTCTCGATACCTACTATAGTAACCGCGTAGTGTAATGTACAGTTCAAATCCCTCCTTGCAGGAACTCCTCAACTAACTTGATTGGCCGGAGCGAGACGTTCATGTCGCATTGGGTATACAATCATAGGTTGGGAGTGGCTACCGCCTGCTTTGATGGTGAGTAGAAGCCGGAACACTGAGTTCAAGTACGGGGGAGGATTCTACTAGAACGCTACGTCGCGTATTTTTGGTTTGAAGATCAGTGCCGTAACCGCACCCAGACATTTCAGTGAGGCTTCTGATTCGAGGCGTTGCCAGCCCAGACCGGCCAAGGAGTGCATTGTACGTATGACGCAACCTCCGCTCACCTGCGCTCTAACAGTGTATAGCTTCATGACATGCTTCAACATCTTGTTTGCTTAGAGGCTGACGTACGACGGTTCGGCATCAAGTTTTTTGAAGCATGGGCACCGCCCACGCCCTGAGGATATATGCGTATAACCCCGGGCAGGTGAGCTTACCTCATAGCCACGTGTGGCTCGCCTTATAGCACACACCTCGCAAATGATAAAAGAGTCTCAGACAT,727,49.66,Caenorhabditis elegans
SEQ_431800,ACGAACTACCGTACAGGGCTGAAAAGGATCGTTAGATGAATAATCAGCTGGGAGCGGTGTAGGTACGTACATGGACAATTGTTGCTGCTGATATATTCGATCGTAAGCGCAGGCTTTGCTCTATCTACGGCTTGGCGAACTAAAGTTCATGTGTCGCGCCGCTGTTCAATTCTCTGTAGGTGAATGGTTCAAACTTGAAACCGACCGTATATTCGACACCTATCCACGGAGATGTTCCCGCTCTCCCTAATTATCTCGCACGGGGTGTCTGATGGGGGTTATTTACGGGACTAATATATAGTGTGGTGGCGTGGATGACTCTGATACGGTACTGCGGATCAAGAACCCGTGTATAGACCCTCAAGCAGCAGATTACCACTCGTCCTTTTTAGTGCAAAAAAATATCCCTAACCTAGCGATCTGACGGTTCGTCAGCCATGAATAAAGGGACTATCGTTTACCACATGACTTGACTCTAACTGCGCACGTAAGTACCTGCTGCGTGGGGGGTATACATGACGACCGACGTTAACTCCTCACACCACCTGAAGTTGATAGTGGTCGCGAGGCGTTGAAATGCTTCGGGCGACCAATATTAGACGTCAAACAGTGGGTGCTGAAGGCACAGCAGTCACAGGCGCTTCGTTGTCTGACAGCATAACCTCGTGACAGAGACCCTCATTATCCTCCCTATGTCCACTTCGATTTCTCGAATCGACGCTACGACGGGTGTCCCTGTGTAAAGTCTGCGTGAGCGAAGCTTTTCTCTCTCCGATCATCATTTAGAGGAACGCTGCGCGAAATCCAACTTTACCAAGGAGACGCACACGCAGAAGACCACGATGTCAAGCGCGTACAGACGGTTGGGTCGTGCACTGGACCTACGCTAACCGCACGCCTCCGGCTCGTCATATGAGCTGTATGTAGATGGCTGCGAAGGGCGATCTGTGTCTTACTGGGACGGGAGTGGTAGCCATTACCAAAAAGTTAGCGCGAGGTTTATCAACTCGTAGCTCAAGAATGGGGCTGTCCATCCCAACCGGTGAATTTAGCAGATTGGACCTGCATGGCTTAGCCAGGGTGCCAGCGGTAAGTAACTAATTTGCTAAGAGTATAGATAACAGCTCGCCTCTAACTCAGTTTATAGTTCATGGAGACATCTTAGTTTTTAGAGTGTTCAATAACTTACCTTGGTATATATTCGCCTCAACGCGAATACCCAAGGAAGACATCCCCCTGTGCACCCGATATTCCGACACA,1260,49.29,Mus musculus
SEQ_803301,GGGTATCATTAGAGAACTGCGCAGAGTTGGCTTCACACAAGTTTCTGCATTAATGAGATTAATGGGGAGTTTGATAAATCTACGTAAAGAAAATTGTGGAAAAATTCATAACATTTCTCCAAGCTCCATAAGATCGGGTAATCCCCGTTTGTTACCGAATTTCTGAATCTCTTCCCACGCTTGTTCGAGACTGGTCCTAAGGCGTGCGCAGCCAGCTCTCACGATGACGCTTCTTCCTAGATTGCTAAATATGGATCAAGTATAGTAATTTAATATGTTCATCCAAGATTTGACTGGGCGTATTCCATAAGTGCCTTACGTTGCAGCACGTATGGGCTGTTCAATCAAAGTCGATATACATGACAAGGCGTATAGTAATGGTTCGTGGTTCTCCTTATATGGCTCGTTCTCGAAAAGTTCGTAGCGCGTAGTCGAGTGACCCCCCCCTCGAACAACCCTCTGTTATCAACGCCAGCGTGTTTCTCAAGTAATTTCCCCCCAAAGTACTCGATTGCCTAATCCAGCCACAGCTTCCTCTCGGTCTGTGGCCGCTC,554,45.13,Caenorhabditis elegans
SEQ_516079,AAGCGTTATCCGAGCGCGCGTTCACGCGGAACTGCTGTTTCAGTAGCCTTCTCCCCCCACCTACCCGTAAACGCGCTATAAGGGGATGGGCATGATTAAAGAGTTGAGAGACCGATGCATGTACGTACGAGGGTCCTCCTGATCAAGTGCCCTTTTATAATCTCGGTGAATTGAATCTTAAATTGGAGTTCGCGACCCTGGCCGAGAATTGCTGATACCTGCAAACCGGACACCAGGTCGTTTTGCGTCCATTCGTAGATGGGGAGAGACACTTTATAAGTCTTAAAATATACACAACAGGTGTCACAACCGCTAGGTACATCTGACCTGGCTAAGTGCATGTAGGGGGGGCAGTAACAGAGTAGGTCCAGCGTTTTGGTCCCATCCAGGTCCCTCTCCCTCGACAAAAACTATTCATAGCAATCTCACAGGGACTAAGAGTAAGAAACGATACGAGTAAGTCCCGCTCACAAGCCGCTTGCCCGTCTGGAACACTGTTGGCCTTGTTCGCTCCTAGAACATGTAACACAGTACGAGGTTAATGCCCCATAGTGGTAGATCGTTGGAAAGGGCGAACAAGCAAAGCCCTTCTGGGACTAAAGACAAGGAATTAATAATTGGCTAAACCCGTTCACGGTCGCTCCGGTGAGGGTTGCAACTAGAATATAGTTGAATTGGGGTCTCTTAACCTTAAATCGCCTTGACTTGCGCAGGGAAGCGCCTGACCTTTTCAAGCCCATTAACTCGGCTTACAGCGTTATGCCAAGTGACTCTATTACTCCCACCGATGCCATAGATCTGAAATCCGTAACACCACAATGCGTAGAACCGACCGTAACAAGTCCTACCGGCTTTAGTTCTAACGAGGGCTAGGGTCCTCAAATGTTATGGACCGGTGCCGCCAAAAAAAGTGTCGAGAAGCCACCGGCTT,931,49.52,Homo sapiens
SEQ_541088,GCTAGAAACCATGTACCTCCGATTTTCAGCGACCGATGGGGACAGTGGAAGTAGATTTTTCGCACTATTATAGCATGCTTCTAGGGTTGGCAACACCGGCACGATCTCTGCCCAACAAGGTGGCCTAAGGACCGCCTCTCCACTTGGATCGTACCCGCAGGGATTTGTGAGGCGTCCTGCTCACTATCAAAGATTGCGTGAACGAGCCTCGCACACACCGCTCGCTCTGTCGGTTGCTGGGTGCCATTCGGTTCGATAGAAAACTTGGTAAATATCATATCTAGGATACGCGAAATGTACTGACATGAAGCAGGCGAACAGATTTACACTGCAAGTTTTCACACCAGCACCGACCAACCTTTCGGGCGGAGCGCCAAGTTTCTATCGTGCCCGTCCTTCTCGTAAAATTTCTGGGGCGTAAAATGTGCCGTGTACTGCCTGCCGTGCGGCGGTATTGATGGCTGACCTAGGATTAGATTAGGTTAAACAATGTTCAGGGATACATAGCCTCCAACAATACGGCGCCCGATTAGGGTATCGGTGGGGACGGTGTCGGGCGAATAACCCCATGCAATGATTTGTGTCGCTAGCGCACTCCACGCACTTTAGATATATTCGCACATCTAGGTTAACGCTAGGTCAATTCCTATTTCAGGCGCAATGTCAGTGATATTCTGCGCTTTCGTGGGTAGTGCTAGAGGTGTTTAAGCGCGTAAGATATTAACACCATACTCCTAGCCACGAAAACGGACCACCTTCGATCCGTCGCGACCATGCTCGACTTTATTATGCACAGAGCCCTGACTTGTCCCAGAATTGAGTAGGTTAGGAGTTTGTGTCCATATCGTCGATCAGTACAGTGAACTAAACGTGGGAGTGCCCTAGAAACAGTAATTATG,899,49.72,Homo sapiens
SEQ_450761,CAAGACCGATTGCTATTGATACCCTGGGCAGTGTTAGTTGGCGGTTTAATTTCTCGAGAACTCGTTGCATGCTCTCGAAAGGTCCACCCTATCTCCTGTGGCTTTTTATTATTACACAGTATCTTCTAGACTCAGGAGCCCACGCTTTGTGTTTGGGGAGCTGCAAATGCGACCAATCCAACTCTCAAGAGTACAATCATTAGCTGGTTGCTTTCGTACATTGATCCGGATGTCATGCAGGACAAAACAGGCGGCCTGTCGGTATTCCTAAACTCAGCCATCTGCGTTCGTCTGACGGGCGCGGCAGAGTTGGGCCACCATAAGGTTGCGTTCAGATGCCTTTTCCGTGCAACCATTCATTGCCAACTGTAAAAACAGCGACAAGGGGGGTAAGAGGCATTAAGGCTTAGCCCGCGGCATAGGTACACGCAGGCGCACAATCCGGTCGGTCGGCTACGGTCCCCGCATGACATCCTTCCAGGGAAATGTACCATGTAAGTTCCAGGTTACCACTCACTTTAAAAACGCCGGGTCGTAAATAGTTTCGCATGGTCGTTGCCGCCTTCAGACCCTGCAATTCACGTATCCATTCGCCTCCTCGTAGACCCTATTCTAGAAGGCCGTCATGACGAACCTTTGGGAGTTAAGAAGGTAACACGTTTAGCGGTCTACAGACAGCTAGCTATACGTTTGGCTTGCATTAGCGCGCAAACTCCGTGCTTGACACGCCGGTATACTACTCTTGCATCTCGCGCAAGCCGGGTCTACCGGACGTACGCATAGTAGCAGGAATGACAAGACTACCCACATCAGATGTATTGGACCGGCTAGATGGTCGATGTGGTTACGGAGGATGATTTCTACATTCCGATACAAAATCGGAGATCAGATACAACAACAATCTATCCAGCAACATGAGCCGGCGGCGAATGACACCGGGCCCTATCGAAATCGTCCTACTCTAAGCAGCCTTTGCTCACCCAGAAATCAATATCTCATACACTCGTGTTTGCGACCAGTACAAAGGTGACAATGTACCGAACCAAAAGACGGCTGGACCCCTCTTATCGGAAGTTAGCTTATACACAGTAAGGCAATGGCAACCAAAATTTCGCTCTCCTCCCGTATTGGCGGGCCTATTAGAGCCTATCGGCTAGCGCCGCCGAAGTGTAGGTACCCACCGTCGTTCTCTCGGCCCGTCTGGCCGACTTCGTCGGAACAAGTGCTTTGCCATTTCCTTCATGTCCGACGACTAGTGACCGTAGAGGGGGTCATCAAAGTCACCGATGCTGCTCGCCCAACCGCCGGCCTCACTGTGCTCGTGGTCTCGATTTGAAACTTGTCACAGTTGGATTTAGGAGAGAGCCTCTAGGTCTTCCACGTGTAAATCCAACAGGTCTTATCGAGCAAATGAATCCAGAGGCCTGAGATAATAGCGGAGCGGCATCGCTGAATGCTGATTCGAATCCGGGGAATGCTTAACACAGCTTGAAGCCGAATTCGGAGTGTTACAAGAGAGGTCTAAACTAATATCTCACGTTCAGCACGTCTATACGAAGGCTGATAATCTTGAGCTAGAATGGTTGATTCCAGCGAGCGGAATGAGCTCACCTTGGCATTGCCGTCATGAAAGATAC,1637,50.52,Homo sapiens
SEQ_116616,CAAGCCCGGCGCGATATGATGGAGTGGTAGCAGGTCCTTTTTCGCATTTCCTACTATTCCGTTTTTTCGGGTCCAAGATATGGCTCCTTCTCCATACTTCCAGCAAGAAGATTTGCTTGACGGGGACCTGGCGGCGGTTAAGGGGTGTAATGGTAGTCGATTAAGGTACCAGCCCTCTCTCAGGCGGCTTCTATCATGCAAGACCTACCGTCGCGACAGATACACACTCCCTAGAACTGCGGGGATGGCGGCCGAAGCTAGACTATGTGTCTCTTCCTTAATTACCATTAACGATCCGCTAAGGGATTTTGAGAGTGATATCGTAGGCAATCATTTCGTAGCCGTTGCGAGGTGACGCCCCTGAGCGTGGCGAGTATCGAGTGCCTTGTCAGGCCGGACTCGCGTAGATTCTGGAAACTCGTCGCTCCTCGGAATTTTGAGCCCACTCTCCGCGATTACCAGACTGTACAGCTATAAAGTACGGTGGGACTGACCGATCGGCGAGTAACATGAGAGCCTAGGTAGCCACACCCGTCCACACTCTGTAAGGTTCGGGACCGAGGATGCTGAGGATGGTGTTTCGGTAGCGCAGGACGAGAGACTTAGGTGGACAACGGCGGTGCCTTGTGAGCTGTAGCTTACTCAAATGGAGACCGCTTCACCTCGGTATGGACCATCTTTGCTCGTTCCCTCT,694,53.46,Arabidopsis thaliana
SEQ_800624,GAGCTTAACCAACCTCAATATTGTTTTGGTTTGACCCGGCCGCATGACGTGTCTTGTTTACTCGAGCAATAAGGGGCCGGTCCGATAGGCTTTAAGTGGATGGGAATAGCCGTTAGCGCGGTCTCTAACACAGGAATTACATATCAGTAGTCGGGCTAACGTCCCTCACAGCACACGATTGACGCTGTCCGCGTGAATAAGCTCTTTAAAGGAAACCCGACGATCGTCAAATCCCGTGAATAAAAGGGCGTCTAGTTAACAATGTCTGGTAAGCATTTTCAATAGGTCTCAAGCAAGCGCCAGACCCGAAGCATCCAGTCACATAATGTCCTACGTTTGGGACGGCACCGCATGATTTTGGAGATGACACAGCGTATAGAAATCCACGTTTTTGCCCTTTGGGCTGCTAACATCAGTTTCAAAGAATACGGGCGCACGTATTGTAGGTATCGACCCATGGAGAAAGCTGGCGACGGGACGATCTCCCCCCTCGTCGAACATACCAAAAGACTTTCTAACATTGCCTCTCCGTCTTGATGGCCCTAGTCCCCATACGCTATCAGATGCCGCCCAAATATACTCTTCACTGCATACCGCTCAACCGAGCCTCAGCGTCTGCACAGGTGAATGACTTACACGCCTCGCATGCCCGACCGGAATTAACACAATATAGTGTGTCTCCCAGCGAGGTCTCCACCCTTTGAATTAGATCGCCAGCAAGCCCATAATGGACTGCGTGCCACTGATGGGTCGCTATGTCCGGTGGGCAAGCTCATCCCACACCGTTTCGATTACGCTTCAACTTGCCCGCTGGGCTCGAAGAAGGCCCCCGTAAGAGGTCTTGATCGGCACATCTTCGACGGCACACTTGCTTGTTTTGAACTCGGCGGCCGAGTCTTACCACTATCGGGAACAAGTCTAGTCTTATGTCATTCGCCCAATCAGGCAGGATTGACACCTGTCCTTTGCTCACGTCCCGCCAGTACGGCTACACGTAACATGCTGCTATTCATCTTAAGACAAGGAGCTTCCATCGATACTACATCTGAGCGTTCTAGACCTAATACGTCGTATGCACTGAGTTTAATGAGTGGTCCTACTCTAGTTTAGCTCGACCCTGACGGAGAGTAGCTTTCGGCTTACTACCCTTCCCTGCATACGCAGGTATCCAGCTTCCCACACACTCGGGAGTTCGTTATCTTCACCAACTACATGAGTGTATAGACTGCGCGCGGGCCCGCTCACATGGCTCCTAGAGTTTTCACGGAATTGCCGATCACGGGTTCTTATGTTCCACTGGCGCACCAAATGGTGGCACGGCACAACGTGCATCTCCCGCGACACTAGGTAACGAACATATTTACCAAGTCACACAGGGCTTACCGCGGTCTGTTGCGGTTGTTAGCCCAATGTGGGATGCTATCTCGATGCGATCCTCTCTGCCGAGACCACTGATGCCGGGTTAGGTGCGCGGCGATAATTACGCTGCGTTCTTACTAATAGATTGCAGTAGTATGGATTTGGCCCCTTTCGTAGGCTCCCTGATGGGCCGCGCCACGCTTCCGGTCGGCGGATCAGAAGATCTGGATCCCTCGAAGCTTACCTGACATGATGGTGGGCTAAGAATCCGAATCGGCCTAGTCGAAGCACAGACCTCCCGACCTCCGGTTCGTGGAAAACCGAATCAACAGGCATACGGTGGGACAGAAGCCCATGTAAAGACCGGTTTGCTAACCTGTACCGGCGCGCTCACAAGGGACAACCGAGGGTGAACCCACCGTAAATGCAA,1789,52.21,Mus musculus
SEQ_533106,CTTAGCAAGACGGGCTAAAACAATAAATAATCTGGGACAGATGGCCGCTCTAATAAGGGGGAGCGTAGCGTATGCAGGGTATAAAGATTACGCGATTCTAGCGGTTAACATGTATGTGGAACCCTCGTGTTCGAGATCCTTACGATGAATGCGCTCGTACGAGTCGCGCTTGAACCGCATGTGAATGCGAACAGGACGTCACTTCCTTAACTCTACCACCTTTCCCGATGAGGGTTTGTTCGTATCCCAGGTAGGGGATTCGAGCACAATGTAAACCAGTGGATTGAGTCCAACGTATACTAGTGATAGTTTGGTGAAACTATCAGGGTCTATGATACATGGCCCACTGTAAATTTACAATTCTGCGCCGAAC,373,46.92,Saccharomyces cerevisiae
SEQ_304840,CAGTCTAGGGATTATCGTTCACTAGAAGCTTTTGTCTCACCGGATCGGGATTCGACCTCGCGGATTAGTTTCCTACAACCCTAGGATTTACGGCCTCTTTTTCGCCCAAAGGGAAGTGGGTACGAGCGCAGCCGAGCGTAGCGTGCGGGCGGCTGAAGTTCACCGGCGCAAAATAGCGATTTCGAGCCAGGATTGGACTATATAGGTGGACACTCCTATTAGCACAACGATATCGCATCTTAGGGCACGCTAATCACGTTTCGTAAGATCATTTTTCGGTGTTGTTCTAGTACGCGAACGAAAGCATACTTTGATGAACGCACTGTTATCTGCCATACTTTCTGGCTATGATGCTGCTCGGGTTTATAAGAACGCATGTGCGGGAATTCAGTATTAACGAGCCCAACGTCGTCTATGGCGATTTAGTGCACCACTCGCAGAGCCCA,446,49.55,Homo sapiens
SEQ_144259,TGGTATACGGCCTGTTACTGCAGAGGATCCGAGCAACAGGGTGTACACTAACGATGGAATATGTCGAAGGTCAGGCTTAATCTCCGATAGACAGGAAGGAGTTCGTTGGTATAGGTGGGCCTGTGGAAGGTTATGCCCGGCCGTCGACAAGGTTTCAGTAGGAGATACGGACTGCATCTGTTTATTTGGTAGGTCATTGACTCTGTTTTAACCGCACATCAACGGTGTGCGATCTCTGGAGGGCCGTTGAAAAT,254,49.61,Saccharomyces cerevisiae
SEQ_571200,TTTCACCAATTTACGCCCCGGACTTCTCGCCCTTCGTCCTCCCCACAGGGGAATGTCGAGGATCCGAATTCAGTTGAGTCAGGCGCATAACGATCTAAAGTACAAGTATCGCTCTTGAGCTTTGTATTCGTTGGCAATAAGTGGAGCGAATGCACATGAGCTGAGCAGGAGATCACGAAGAACGTAAGATTAGGGTCATCGAAACCTAGTTCATACTTAAGGCTTTACAGGGCTCCATGGCGGTCCAGCGGTGAAACCAAGTTACATCCATTGGGTCTAGCTCAAGGATATACTTCTAAGTAACCGAGGTGGGTGGTTAAATGGAGGCCTTAGAGTCCTACCCCATATCGTTATCAATGCTAGGGAGATATGTCCAGTCCCTTTTGCTGACCCCTCAAAGAAAAGGTAGAAGCTGATCGGGCTAGCCGGTTGTCACGCTTACATCCGTATTTATTAACATCTGCATTATCAATATACAAGCGTTTGACTGGCTAGCTAACCGTAAAGGCTTTATACTGTGTCTTCCAACTTCAAAGTTCCGCTCGAACTCGGGCATCTCTTTTGGTTCAGCACGAGGAGTGCGTGCACTCTAAGGAAAACATATACCCGCTTTCTTCTTTAAAGAGATGTGAGTAGCTGTAGAAGGGTGCAAAGAAGCGTGCTGTTCGGCTCAAGCATTAGCCGAAATCCTACTATTAATGAACAGAATCAACGTATGAGTAAAGTATGTCTTATATGGTTCTAAGACCCAGCATTGCGTCTTGATCCTGCACGCACCAGTGAAATTTCACATGAACGGGTGCCGGCGGAGGGCAGATTTTCTTCCGTTCGTGACACTAGGACTAGCATTATCTGGTCGATATAATGCCGATCAGGAGTCTCTACGTGAAGCGAGCTTGATGGAGTACTGCGGTAATGGTCCCATCATTACTGATTGTAACGAGCAGAGACCCGGCCCAATATCTGCAACGGCCACGTAAGTCACCTCAGCTTCCCTTAAACCCCAATGCGTAATATAACCGAACAGACGGAACTCATACGGTGTGTCCGTAGCTTCGATGGTATCAGGAGACGGAAGGCTTCAACAGCCGATACCCCTCAGAGACGGATGCACCAAGAATTTTTAATAAGCGTCTCGTTCTGGCCCTCAGTGCGAG,1157,47.54,Caenorhabditis elegans
SEQ_558216,ATCATGAATTTGGCTGTTACACAAAGCTGTCTCAATACACAGAAAGTTATGCTTCACCCAAACCATCACCACCTCGCGGCGGGCCGAGGGTAGCAGAGGACCACGTGGCTTGGCTCGTCCATTGAATTACGTTTTCACATCTGCCACGCCTTAGCATTAAAATGGTCGACTAATACTGAACGATAATTTCGTGATAGGATTCCCCACTGAGCGCAGCTGAAGTAACAGTAGCGCATATACCAGCGACCTTGCTCAATCTCGGAGTTATTCACATGGCGGAGATTTGTCTTGGTTGCCATTAATACTGATCCCCGCACACCTCCGGGTAGATGGGAGCGATGAACTACATATAACAGACATGATACCCACGGCAAGTATGGATCGAGAGCGGGGTACCGATTAAAATCCGTGTCGATTTGTCCTAATGCCTTGCCCATTGGCAACAAGTATTTACTGTGGACTGTGTGCTGTATCGTCCAACACTACCCCAAAGAGCACTATACGTGACCTGCTCTGGCTGACATGGATATGAGGAGGTTGTTGGTGAGGGCTGTAGGGAACATCAGAGGACCTGTCAACTTGGGGGATCGATCACCAGCGCCTCTGATATACCGTTACCACGGCCACCACGGGATTTGGGCGTTTGATCCCCACCACTGTATTATCCTGCGGGCCCGCGGAGGGACAATCTTTTAGTCATTGGACGTGACCTGAACGCCAAAAGACACTTCTATATGACTTACCGACGCTGCTGGGCTGCGGCGATACCTGGTACTGTGTCGTACGGCGGGCATGAAGGGGTATACCACGTTCTCGACGACCGGGCACGAATCAGGTGTAGGATGGAGAGAGTGAAAGTGAGCTAACCATAATTGCCTTAGCAGAGTGGGTTTACACAAAATGTAATTGGGACGAAGTGGTTCTCTCGAATCGTATATGGAACAACCATAGAATTCCACTATTCCCGCCTCAACACTAATTGTTCTGTTTGTGGGCTCGTGTTTCTCACTCCCGCAGACGTCGGCTCCTTACGACACATAAGCTTTCATAATATATGCTA,1060,49.53,Saccharomyces cerevisiae
SEQ_666480,GACAAGTTCATGCCAGCTATGGCCGCAGTTAAGTGCAAGACCTGCATCCTCCAAGGAGTAAAGACGATGACACTGATTGACGAGGTCTTAGAATACACACTACCTGTGGGAAGGTCGATGAAGCGAGCTGTTGAGGTAAGTCCCTTGAACTTAGATCTATTGGAAACGCGTCGATGTCCGGTAGACGGGCGACCGGATCACCGTGGTGAACGAGAATGTACATTAACAATAGGGCAAAGCGATGTGCTTCTCATGTTACGAAGAAGTTTGCTACCAGCCCTACATGTTGTCAATATTTAACTGAACCGCGTGATAAAGGTCGCAAAAGACTCTAGACCCATCGAATACAGCGTCAGATTTTATGGGACCTGTATCACGGTGAGCCGGCAGGCACATTGGATCCTGACCGGAGCACTATGATAGACATTATCGAGACTATCAAAGTCATGTGTCCCTTCAGACCTGTAAAAGAGTACTATCGGAAACAGTTGATTCTTCGTAGTAATGATACTAATAAATTGTGATTCGTGCTCCGAGCTTCGGACACCCGCTTGCTGGTGCAAGGAGGAGTTGCGGGAGAGTGTTACCACACATACAGGATGAGCAAGGATTATCCGGGTAACTGAAAGAACTACTCCGAATGTGTGGTAGGAGCTTCACGGCAGCTCGACTCTTCTCCCGTACATGAGTATGGAGGACTGAAGGGACGCTGTTTAAGTAATTAGCCTGTAAGCACGATGGGAGAATGACAGATGCTTAACTGTTATAAATCCTGGTCCACGTCGGGTTCCGAGAGTCCGTATCGCATCAAATTTAATAACATCCGAAGCGCCGGAGAACGAGTCTCCAGGCTCCGTAATCTCCCCGGCTGAGCCACACGAAGTTATATGAAGGTCTGCAGCCATTTCTCGCTGGTGGAAGACCTAGGAGAGTGAATAGCCTGGGTCAAATGTGCGTGAGGTTTCCATGCTTGGGTCTAACATGAGCTCATTTGCACCGTCAACACTGCAACGTATTGACTTACGCCGCCACAAATCAAAATAACGGAAGGAACTGCTGATCTGAAAGTTTAAATTATGGGCTGCAGCCCAGGATCGTGAGGATCCCTCTACTGATTTCATTAATGGACCAGGACTAACACCCACCCAAGTCAATCCTGGGCTCCAAATTTTAGTGAGGGATCACTCTTAACAGTGAAGCTTGGTCCGATAGATGGATCCTCCGATCCTTCTAGCGATGATTTCGGCACGCATATGTCGATGGAGGCGTGTGAAGGTTAATCGCAAATTGTAATCTATCGTCGGCGCAGTCTGGAGGTTAGTGTGCTAACTATCACCTCTGGCTGCAATCTAGCTAATGCATCAATTTGTACCCTGTTGGGGGTGGCCTATTAGTTTCAGTGCTTGTGTCACAGCGCGTGACATGAGTATTTATACAGCAGTAAACGCCGGACCTCGGAACTGTACTGAGGCGGCCCGACTAGTTCACGGCAAGGTGCGACGGAACGCCGAAGACGTTCATCGGCCTTGGATAGTACAGGGGCGATAACGAATTGGTAAGCCGCAAGCCTACTCACAGATCCAGTGTACAGGGAAGAGTATGGGTCCCGGCACAGCCAGGAAG,1623,48.92,Escherichia coli
SEQ_557293,GCCCTTACTTATATAACAAATCCCGAATTGTGCTGTGTCCTGTCGATCGCTAGTAGGCAAGCCTAGTCTACCGCGGAAGAGTGATATCCAGATTCTTGGCCACTAGGTGCGGGTGTAACGAGCACCCGAGCGACGATGTCCCTAATAAGCGCGTGCTAGGCGAGCTCTTATATCCTATAATTCCCCGGTCGTACAATACGTGTTTAAGTTACCACCTCTAGGGCCAAGTAGTGCCCGACCCGAGTAGCGTAGTATCTCGAAGCCCTACCGAAACCCTGGATGACGGAGTGCGATTGGCGTCCCGTGAAGACTGATCGGTTCTCGACGTCGAGGCAAAGGATGTGTAACGTTGGGTAGATTTCGTCTAGGTACTCAAAGAGTGGAGACTACGTCCCCCCCCTTATCTAAAATTGAAAATATTTCGGCCCGGCTGAGGGGCATAACTAGCCTATGCAGTGGGTATACCGATCCCGACTGTTGGGCTTATATCTGAGGTTCAGCAGAGTCTCCCACAATAGAAGCGTGGAGTTG,531,51.41,Arabidopsis thaliana
SEQ_355186,GAAACTCTCAGGGTTGCGCACCTAATACTACCGAGGCGGTTGCAGCTTTTCGCCACATCATGCGACCGCAAAGGAGGAAGCTTGCACACGGACTTATCCGGTGTATAGTACGAACGTGGACTTATATGATTGTGAGCAGCAGTCAATTAGAAGCCCGCAGCCTCCAGCTTCCGAGTGAAACCAAGCGTGCGGCCGCTCTGAATCGGTGAACTCTCAGAGGGTTTTCTCACCACTTTGCCGTATCTCGCGGAAGTTTCGCATTTATATATGCGCAGCCCATAACTCGCTGGTGTTTCTGCTGTTTCCCCGTTGAGGGACTCGACGCCGTGTCGTGGCAGATTAATAGCTCCGGCTCTCAAGAGCCAGTTACATTTCGGATCTTGGATCGTTTCCTTAGTTGTGCATACGTCTTCCCATGTTGCACTCGAAGGGCAACGTTGGGATGTTCGAGTGTTTGAATCGTGGTGATTTTCACATGTTAGGAGGTACAATTAGCAATTGCCATATCGTCCAAGGGGACTCCCCACTTCAACTGTCGGACCTCAGTCGATCCAACTGTGGGGTTTTAGTACTTTAGTTCATAAAGTTCTTTCGTATGCGGAGTTTCGCGTTTAGATCCTGAGTCCTGGTCACGATGATCGCCGCACCTCAGCCATCTGGGACACGCGACGACCCAAATCATACTTGCACCTGTTCTTTCTAGCAATAAGATGTCTCTCATTGACCTAAACTTTAGTTGATATCTTGCCGATCAAGGGACGCAGCGTTTCGGGTTTAGGGCACAATCACGACGTCATCTTCGCAACCACACGGTGGACACTCCCCCTTGACTGTTACCGAGTCGGATAAATATGTTTATAGATCGTGTAGGTCTACCTTAAAGGTCTTCTATCGGGAAACAGTTTACTGAATCTAGTTCAGTTGCAGCTGAAATCGAATCTAGCCTCCCATCTCCAAGTCATTGTGGGGCCGCAGGTGTTAGACTGAGCCGTACAAGGTCTACGGCGGATTGTGATAGGCCAAAATATAGATTTGTACCAATGCGTCCTAAGCTAAGCCTTTGCCGGGGATCAGAGCGGTTCTTGTCTAAACGATCTGCCGCAAGATTGATCACAAGAACGCTCTGTAACATAACGCGAAACCAGTAACCGCGCGCCAAACGAATGTAACCGCGCACGATAGCGTGGACACACCGCCCAACCAGGAATACCATACCCTATTTATCCGTCGCTGGTGGAGTCTATTGCAGTTGCCGTACTATGGGGCGTACCTACAATAGTTCGCATCAATTCGTCGCGGCCGTTATACGTTCAGTACACCCGTGCTTCTTTGTTACGCGGGCATGTTGACACCGCCCCCCTTATCGAAGGCCACCGGAAAACATAGACACTAACGGCTCAGGTGCCGGGGATCCAGCAAGCGCTTCTTATGTCGTCGTAGAGAACCACCTCAATATGCAGACGTCCTGCGTTAAGATTCATCACGAACTATTTGAACTGGGAGTATTCACGGTGATGTGGGTCTCAAGACCTGGGGAGAATGGCCATCGGCGCCACACTGTTAATTCCTATCGAACGGATGTATCACG,1588,50.06,Escherichia coli
SEQ_562245,ACTCGCTTCGGGCCGCACCGTCGAATAATAACCTAGGTCTTGAATTTCTCCCGCCCAAAATAGCTTGTTCTGCTGAAAAGTCATTGCCCGCAAGCGTCAAACAAAGAGCAAACAACGGATCGCGCCCTTACACATTTAACGCCTCTCCTATGCTCTGGATGTTTAGGGATGGAGGCGCCGTCAACCGATCAATAGACTCATTCCATACGATATCGTCCTACGAGGAATTGAGATACCGCGGTACGCCCCGCGCGCAGAAGTTACTGCTCGCTACCGCGACGAGGCTCATCTCTTTGTATTCAGAAGAGCCCGATAAGGGTGACCCTGGCGTTATACGAGAAGCGTCTCTGAGCATAGTACGCACGTGCAGTGACCGTAGTATATGCCCACGGATTAATCAGAGGCAACAAGTACCTGCAATTGATCCCTCACCTAGGATCCAACTTCCGCATATAACTGTGCGAAGCCGGCGTGATGCAATCGCTTTTGAATAGAGTTGTATTACTTTGCTGTAGGTCGTAATCCAGTGGCTCGACTTTGGTCTCCGAGCTTGTTCGAACGCTTTAGCAACCCCGGACGCCTCGAACACGTGCACAATCCACATTCCGTGACTGAGCCCTATACTTACCATTACAAGTTACCGCTATGTTTAACCTGGATCAGTTATTTTTTAACCCCTGTATACGCTGGGTAATGCTCATTTGCTACCGCCATACCGCAACATATCTCGCCCCCTCGAAGTAGACTGTTCTGCATGGTAGTTTGAGAACAGAAAATGCGGGTCATGTCACAATTCACCTTCTGGATTCGCGGTGGGGGGATCGTACCAGGAACCTGTACTGACAGATGGAATGACTGACGTATTTCAAGTTGGAGGAGTATTCCCTGCTCCACGAGGCGGGGCCACGAAGCGTGATTGTGGATCCCCGTTCCCGGCCCTTTTGCGTGTTGAGGTTCTCGTAGTGTACAAAAGACAATTCACAAGAGGGCCGCCTTACCCGAGGAAAAGATACCTGGCGGGCTACCTGACGCACGGGGCTGCGATTTTCTTTACCCTCGTGAGGACATATACCATGATATTCTCGGTTCATATGGCTTAGGGATTTCACCAGCGAAGGGGCTATGAATATCGGTCGTGGGAACGCCAGCTGATTCGGACTTGATAGACATACCCGGTACAAGAGTTACCCTACTCCTAGGTTCCGCAATTCCCCGATTCCGGGCCGTCTACTCCCGCTGTTTAGTCCCCAGTGCTGTTGACACAAGGTACTTCTCAATCAGAAGGCACCCTTCAAATCCTGTAACTCATTGTTGGCCTTAATTAGGGTTCACTAACCGCTGGTCGAC,1347,50.71,Escherichia coli
SEQ_566174,CTGGATGGCATCGTTTGTGAACGCGTGATCTGTACCACTCACGGAGGTAAACGGTTCCAAGACGTTAAGAAATGGTAGAAAGAGACCCCGGGAATTTTCTCGCACCCGTGGAATCGAGTCCCCAGCTCTAATATATGCATCCCCGACGCGTAGGAAACGGTGCAGGCATAACCGAGGGAGTTCTTCAGTCTGGCACCCTGTACTTCGTCAGTCAAACGATACCCAATTCCATTCCCTCTGCCCTCCGGCTAGGGGCACCCGGCGAGTATGTTACACTAGACGGTAGCTGTTGGTTGCTCTAGACTCTGAGGGGCACGGTGTGATTGCCTTTGATAGCTAGGTCATTCCTCTCAGTAAAACTGCTTCATCGTAACAAGTCGACTAGACTGAAGCGTCGAGACCTTACGCCGGTCGTAACGACCTAAAAACAACACGACACAAAATGGTATAGCTCCTTTTTCTTTAAACTGGGGCGCTCTTACAGGTCACGCGAAAAGAAGATCACGTTCACCTCCGCTATACCTTAGACACCTATTGGTACGGAGGGGCCTCCCAGGAGTGTGGACACTCGGAACGTGGAACCATTGGGCAAGAAGAAATGAGGACGGCGATGAGGCTATACCAGGTGACGTATACGCCTG,641,51.64,Escherichia coli
SEQ_961324,CGGTACCGCCCTCGTTTGAATTTATCCTTTGCGGCAATCCCGGGAAAGAGCATGGCGCGTCCCGCACGCGTATTTCCATTCAGTGGCCCTTTGGTTCACGTTGGGGGAATCTGACCGAACCGGACCGTCCCCCGGACGCTGATTATCTGGTATACAAGGTGTGGTATCAGTCTTTACCGTAGAGGGCTGTGGAGACTTGTTCTATGGTTTACATCGGACTTCAAAATGCGCGCTTATAGCGTTCTTCGGGTCGGGTTAACCAGACCAGGAGCGGTCTTACGCCTGCCCACTATTGACCAACGATCTAACGTCTAGGGCCGTGGAAACTATGGACCGAATTGTTAGGACACGCGCATAGGGGGTCAGGCAGTAGAGCATCAGAGGTTTAGTTTATTTTCTCGCACGCCATACGAATGAGAGGTCTCTGTAGCTGCCGGTAAGAGCGACAAAGATGAAATGTCAGGCCCAACCACTACGTAGCTGGAGGTTTTACCTATTACTAAAATCTACGAAATTCTGTACGGTTTTTACTCTTGGTGTCCGGATCAGTGGATGCCAAGGAGTCATCCGAGAATTGCCAACTGGTAGTCTTATTAAAAGAAGTAACTCCGTACCGGTACTGTTGTGTAACCGTTTGCACGTCACCGTGAGACGGTACAGGTAAAGATCTGGTTAACATATCCGTATGGACGCTAAAGTTACAACGTTCCGGACGGTCCAGGCGCAGCCCTAAGCGCCTGCGATCGCGATAAGGCATGAAAAATGGACCAGACACACATACGCCACCTGCTGAACAGGGGCGTTCCTCAATTTAACATTATCCCTATCAGCGCAGGCTACGTTGGATAGGGCGCCCGTTCGGAAATTCTAATCCACAGTCTGTTTTGTGTTGGGGTTGGACCCACGATGCTCCCTTTGCGGTAACGCTTGGGAAGAGGGAAATTGTTACGAAAATGCCCCGGACGTAGTATCGTGTTGACGACAAAGTCCCACATTTAGTAGCCATGTGCACATTATTGGCTAACTGAGTAGGTATCGTTAATGCACGGCGCTTAAGGTTTCCCTATACCCTGAGAACAGGTCATGACTACTATACAGAGTTCTAAACCTGTAACGGAACGAACAGTTCCCTATGACACGGATGGCCGTCTGGGGCTTACCAATCCCATAGGTGGAGGTGGTGCCCTCGCCTTAGTGAGGCCAGCAGGTTACAGCGTCCAAGGATAATTTACCAGAAGTGTGTGTTTATCCGCCTAATGGTGGTGCGCAGTCCTACGAGCTCCTACGGAGAGAGCACCGATGCGGGTCACAGATTTACCGTGTTGTTCGGTTGGTTACAACCGCCTACCCCACTCAAACAAACTAACCGGATAACCCTTCAGTAAGCAGTTACAGTCCGGAATTATTATGGAAAAAACAACCGACTGAAGGTGTGCGCACTTTGGCGTCGATGCAGACCCAGGAATGTGGCTTATGGAGCTCGCTGTCTAAAGTTTATCCTTTCCAACAGGAGTTACCGGTATTAAGAAACTCAAACTCAGACCGATATGAAAGATACAAGAAAAGATCGTAGAGTAGTGGGTTTTCAAGAATCCGCTCCACTTGCATCGG,1611,49.66,Arabidopsis thaliana
SEQ_274192,GATCCTGAATCAGCGGCATCCTCACTCTCAAATGTGGCGATTGGGGTTATACTACTTACTATTCTTTTTCAAAACCGTAACGAAGAGGCCTACAAGAAGACTTGGCTTTTAAAGGCCGGCCCCGACTAGATGCTGACGGGGTATTTCGTTCACACTGTCATGGGAATCGTTAGACTGCAAGCGAAGTCTTACCAAGAGAGGCCTGGTCAAGAGCCCCCTCCAGTCGATACCACGAGATAGTGACGGCGGCCTCTTGCCACGATACATTCCCGGTCACGCAGATCTCTGAACGTTGCGGAGGGGTGCGTTCCGACCAGTCTAATGCGTCCGCGATGTTTAGGAAACCCCGTCAAGAGCTCGTTCCCATTACGGACCAATAATAGCCGCTATGAGCATGATGGCCAGCCCTTTAC,413,52.06,Saccharomyces cerevisiae
SEQ_869435,TAGATCCCCACTCGTTAGGCCATATAATACACTCATTTATCAGGGAAAAAGGTACTCTGGCCCTTATACAGCCTCTTCCCATGTCCACCGGTGGATTCATATCCCTAACTCACCGGTCTTCTCACCCCCCGGAGTGACCTGGTCCGTCCAAAGTTGTCAAGTGCTTGTGACAAATGGGGACCGATACGTTTCACCTGATGTGGACTCCTTTACGCCACTTTGAAAAGGAGGCGTTGGTAAGTTTTGTACAGGGGTAAGCTTCTTTAGTACGGAGAACTGAGCGTTGCCTAATCTCAGACTTTTTGTGGCTAGGATACCCTCAAAATAAGTATCCCGCGTATACGCTCCATTGCTGTCCAACGCAAAGAGTAATTATTGAACGGTGCGGCTCAATGCCACAAGTCGCAAAAGGAGGAGTCCGGTGGCAGTATACCGGCTCTGCGGACAAGATCGTGTTCATGCCGTGCTAAGACCCGGCGACTTCACCACGGCCAATAATGCGAAGTGGTTGCAACGTTCCCGCTTGGCCCACCCTGAGGCAGCTGAGCCTTCAATTCAAGTCGGAGTTCGCTTTCATGTCGGCTCACTCTTCGCTACTTCTGCTGAATGCGCCTTAGCATGCGGATAAAATTAAAATGGGAGCTCATTCAAGACTCATCGTGACACAAGAACGAAGACTCCCATCGTACTCTTTAGCGGTGCTAAAAGACATTGGCACGTCTGCCGTTCCTTTCCATACACACTTTACACTTCGAATCCTCACGAGCACAATTCCACCGCTCACAGTTTCCCAGGACGATTCGTAAGGGGACCAAAGGCAAACCGTATGACCGTATCTCGGCCAGGGTGAGCCTAGCAGCTAAGGCCTCAGAAATTTCTAACCCGCGTGTTGCAATACTGACAGCGAAACAGAGAGAGCTAATAAACCAAAATGTTAGTCCCTGTCCATATCCACGCGATCCCTGGCCGCAGCGATTTAGCATTATCTACAGGCGTATGGAGAACCATTGTAGGAGGTCCATGAATGCAACCGCAGAGATATGCGCGACGGCACGGAAGAAAGAATGGCGCGCTACCGCTATTACAGTATACAACTGGGAGCCCCCGTTGCGTGTGCATTATATACAGGTACTGATCGCACTTTATAACGACCAATTGCTATTTGGTATAACCACTTCCCCTAGTTGATTTGGATGTCACGGGAAAGCATAGGGCCAGAATACGCTACCT,1230,49.67,Escherichia coli
SEQ_892644,GCACTCTATGTTTTGGTTGTTGGACTGCTATAGGGGGATTTGCGAATAAAGATTCTCAACTAAATTATGTATTTTCCTTTGCTGTACTTGATAGACGGAGTGTGTGACGGGACCACCACCTATGGCGCCCCTCTCTTAGATACTGGGTTACCTGCGGGCAGAGAGTTATCGGCTGGAATAATGACGAACTATCCTTAAGGTAGGTGTGGTCCAAGAAAACCTTTAGCTAAACGACTTAGTCTGACCGCCAAACGGTTTTCTTAGAAAGACCTCGGCCCTCGCTAGCGCCTTGAGACTCTCCCAAATTACTTAACGCGCGCCAGTTTGCTACTTGTAAACCTTCACCAAGCGGTTCTGCAAGACCGGGCTGTGCTTACCAGTCTTACATATCTTACAAACATGACGAAGAAACGGGGTTAATGACTCGTTTATTGGTGGTCGGGTGGCAATAGGCGCAGATCGATTGGCCGTGATAGGGCAATTAGGAACCCCTCCTAACGATGCAGCTAGAATGAGTGGAATGAATGTGGATGAGATGTTTTAAAGCCTCAGCATGGGATGCGTTACTGAATGCAACTCCTTTAAAGTAGTCGCGACGCGACCATGAGTTAAAGTACGTTTAAGTACCTAGGAAAGCCTGCTATTGACATGTGACATCCGCGTTAAGCAAATACTTCCCGCTCGACAGAGTCTGAGACACTGGACGTCCACAGATATCAACTTCGTAAGGACACTTACCCATTGTTAAATCTTATAAGCTATTAGCCCAGAACGGTGGCTCGCCGCGGTGTGCACTCAACTGTGCCTTGCGTTCGGCAACCAGGATATGTTGCAGGACGGAACGCATATAAGTTCGCGTCGTCGTTATTCGGGGCACTGAAACAGAGCAGAGATACATGCCCCAGGCGCAAGAACGAGATATAAAGTTCGAGTTGTAAGCGAAACGATAATATGAAACCGTCAGCAATATAGGACATCGACGGACCCACTATGGCCTAAATACACTACCCTTCCCTTTCTACGTACGGTACAGCCTGCGACGATGAAGCTTCCGGCGGTTTGTGGGACGCTGTTAGGTGAGTTGAATTGCAACTAATGGACTTTCATTGGATCCAATGACAAATCTGACGAGCTTGTCTGTCCAACAGTGTACAACCACGGCCCTCCAATAAATGCTGAGATCCGACCCCGCAATTTCTATTGTCCCGTTTATTCCCGCACCTCTACGTAAGATCGTCTATACGTTTCGAAACAAGTAAATTGCTTGGATGCAAACGCACTAAAGTGGATCTCACTCACAACACGCGCTGTGTGGGCCTCCGGAATCTCGGTGTATCCTCCTTGAGTACGCCACCATGACTTTATTTTGGTTCTACACATCCTGAAAGATGCGCGGGAAACCCTTTTCGGTACACTATCACCATGGATCGTCCTAAGAGCGGGACTAGAATCTGTGAATATGTCGAATTGTTTTGCAGCCGTGGATTGGTCTACCTTTTTAACGGTCCACCACCGGATACGAACAACAAAAGATTCGCATAGAGGTCTACCCACTAGGTTGATTGAGGGTGGACAAGCGCTCGAACTTATGTTCTCCGTGCAGATAAAGCCACAAAGCGTTTGTTTGGAAGCAGTATCGGTCACACGCTGTAGAATAGGTTCCCCTATTCGAGTGTACATCGCTCCTACCGGCCATCTGTCTGCCCAACAAAGAAAAATTA,1721,47.53,Caenorhabditis elegans
SEQ_320235,CACTGCTGCTTATGCTGCCCTTGTAAAAGTGCGTGCTTTCGAGTCCGAAATCTACGGCTCGCCGCGGGAAACAACAGTAAGAATAACAGCAGATTAGTGGCCAGTGGAGGGCTGATCATCAGTTGGCGACCTGCTGACGCCCTCCGGCGCGTGAGCTCCGCCAATCGCCTCCGCGCCCGGCCCAGCAAGTCCCTGCGTGAGGACACCCTCAAGAGTAGGACTGCCCGGGAGTACTAAACTGGGGCCATGCGATGCTCATAGTAGGATAGAGCGCTGTGCTGCGTTGTCGACATAAAGTCTTAGACTAAACAAACTTCTGAAGGGTCGTAACTGACTTACGACCACTTCCTAGTCTAATAATCCGCGTGCGGTTGATCATCGGGTTCTTTTCAATTGCCCTGTCTGCCATTGCCATGTCATGCCAACGATATGGGTGCGTTGGGTGGTATCGGGCTTTTAATTGTTGTACTAGTGACTGGTCCTCATGTAAATATTGTAAAAGCATGAATTAACCAGGTGGCCTTGCAGGTGATTTCAATCGACGTTAACTCTAGACACGGTTCTTCGTGTGCTGTACCTGATCCGGAGCTTTGTTCCCAAGTAAGCAAGTGGAATTTTTCTCGTGTTGTGTATCCGTACGCTCGAACGTCACTCACCTACAGACACATGCCTTTAACGTCCCTTTTGTGCGTTTGCCCACAGCCAATCGCTTGAAATCATTACATCTAGTAGATTAGTTTATACTGTCTATTGGGAGCACGTTTCCTGTATTGTGTACGGGCAAGGAGGAGTCTAGGCGCATTGATGGGAACACCTCATTTTGAAGCATTTTGTGTTCGTCGTATACAGATTTAGTTGATTAGCTACGTGCCATGGTGTCCATCTGTGGACTCCGGTGCGGTATTTATCAATCCTTAGACGCGGAGGCACCTAGACGAAGCTAGCTGAATGTGGCTCCAATGCGCTGTTGCTGTGACATGCAACGACC,988,49.8,Arabidopsis thaliana
SEQ_409039,CCGGTAGTCTAATAGTTTGCTTGGCAATGATGGACAGCCCAAAGATTCCACACATCGGGAGAGGACGCCGTAAATATCTTAGACGTTGTCGACGGGGACAGCTCGATGGGCATTACAACCGGCATAATGGCGGCCTTAGGTGCGATTTCTGTATATTCAAGTCAGGGGGCCTCTGTTGCCAGACGACGCTGGCAAAGTGGTTGCCCTCTCCGCAAACGTGAATTCATATTGGTGGGCCTACCCTTCGCTTTCAGAGGGCCACGAAGACGGCTTGGGGTGCGCAGACATATGCTCCTAGTCCTAAAGGCGGACTAGATGAGATCGCTTGCAGTGGACGCTATGGTCTCGATACACATGTTGCGTTTGGTAACAGACTCGACTCTGCCCAAATACCAGACGGTTCGGTCACTTATGAGTTTACGAAGATTCTCCAGTTTGCGAACTGTAGGCCAGGCTTCTCCTTGATTGGCGTGCTGACGCAGTAACTTGCTAACCGACTCGACAGAGAGGGGGCAAGGGATGTTATGCTCAGAGAAAGACTAATGTTTACATCTGGGGTTCATTATAAGTCTCAGGTGATAGGTATAATAGTGGTACCTCCCGGCCTTTGGCGACGACGGAGTCCGTATGGGGAGCGCAGGGACCGACATCGAGTCGGTGCCTCATAGGTTTTGTAGTTGAAAACAGGTCAAGGATTTGACTCATCCCGGTGAGACAAGGTATCATGAGCATTCCAGTATATGTGGGCTCGCGACCGCTCGCCGGAGATGTACTGAGTTTCGACTCGGCAGCCAAGTCGTTGTGAATGGAAATCCACTCTCCAGGGTGACCTGTTCAGGTCGCGTACTGAATGTCTGCCACTGAGTGTCGAAACGCTCTCTTTTGACCCCAGATGGAAGTCTAGGTGGGTTCCAAACCACTTCGTGCGTGGGGAATGGCACGTGGCTTCACCGCAAGATCGTTGCCAACTTCGGTACCGTGTCCCGATCCTTTCGAACTGGCATACGCGCTTATCGCGAACGGCATCGGTTACATGATAGTGATCACCTGACATTAACCCCTCGTGTCACCCCATTATTCGCAGCGCTCTGCAAAAGCGCAGATCGCTGTGTATACGGTAACTGCGATTTCGTTTTCACGATCTTTAGGCTTAATTGGAACATTGTGAAAGGAGGTTTGGGGCGACCTGGCTAATCTGTATCAAACGATCCCATCCCGCGCTTACAATAGTTGGAATTGGTTTTCATCGTATCTTTGATTATTTTAGATTTCTTGTCGCACGTCTAGAAACAACTGGGTTCATAAACTAACAACCAGACCTCAAACTCAACATTGGGCTCGATTATGCGCAGAGATAGATCCATCGTCAACGCTAACCATATCTACTCTTGTACAATTCATGCCGCGGATCCACACCGCCAGCCTGTTAGAGACATGACATGGAGCAGTGAGACTGGTTGACGTCACACACGACGTCATAGCGCCCTGCGACAATTGGCGCATTGTTATACCGGGTGGTGCGGTTTAGGTAACTTTACACCTTGCACACATTGTAAGTCAACATCCTGGAATCTTTTCCACACTGGTGTTTTTCTAATATGCAGCTTTACGCACGTCGCACGGCAGCACAAGGCGTGTAGCCCTTGCTGTCGAAAAACCACGGATTGTAATCACCAATCTTCACCTTTTTACTCACTGGCACGGCCAGACGCTGCACTACACAGGTTTACTCGCGAGGCCATGATCACAAAACGGCCTATCCAAATTATGCGCTCATATAACCGACTCTCAGTGTGTCAACTTTAATAGCATAATAACACCGAATAAGGCACGCGTACTAAAAAATG,1847,49.7,Mus musculus
SEQ_375342,GCAGGCCCGGCTGCGCGCTGGCTTGTTCCTTGACTGTCTATGCCTCCGAGCGCCCCTCCCGAGGCACCATCCCGGCTCGGTTATTTTATAAAAATGCGTTGAGGTGGAGTGGCGACAGTTCTCGTCTTTATGCCTCGGGCCTCGGGGAATGTCCTATAAACGGGGTTATCGCTAACACCTGGCCGGGGGACAGGACATTTGTCCTCGTGTTATCGCGCTACCAGTCTCGTCTCCCAATAGTTCCGGGGGACGGGTACGAGCATTCCTCCATGGCGCCGCCTGCCCAACTTCGATATCTCATGGCCTAAACTAACGGATCGCCTTGATCATTTCCCTTGACCCCCGTGGCAAGTGCCCCTTTTGGTCCCTAGTGACTTAAAGTAGAATGATATGGGACCAAACTACGTTTGGTAACGGCACGAGAGTCGACGGAGCGAAGCGGGGGGGTTAACGGGGATACGATGCTGTGCTCCCTTCTCATGTTGCGGAAAGTGCTTCGCGACATGCTAGGGATTTTGCACGGTTGGAGCAGCTCTGAATCATATGCTTGCTCACTTTTAATGTCCCATGGTTTTTGTCAGTCTGATCTGTCCCCACGAAGTGTCCCATACAAGTACCATGGGCAGTATAATATTCGCAGTTGTGTACTGAATCTTCTACAGTACAAGGCTACCCTTCCGCGAATTAACGACACTCAAACTCGCTTGTGACGGTTTGGCGAGAGCCTATACTATGATGATGCTTACGCGCGCAATCACACATAGCCGGGCCATCAACTAGTAGAGAGGAAGTGAATCCACATTGGATAAGTATGTAAAGAAACGCTGTTGTCAGCTGACTACTACGCATTTGCGTTAACCCACCAAGTTCTTCTGGCAGCGGCGGAGATTTAATCCTGCGAACGCCTATGAAAAGGTATCCTGAATCAGCAAAGTGGCCGTATTTAGACAGCCCCGGTTCTGGATTTCCAGGATCGCTAACGCCACTATTCGTTGACTGCCGGAAGA,1007,51.94,Caenorhabditis elegans
SEQ_370364,TCTACGAGTCATCATTATTTATTGCCGGATCTGCGCCGACCCCCTGTATCGCCCAAGCTGACCACAACATCACTTTTTCGGTTCGCCACGGACCTCAGATGCGGGTGGACAGGTTAATACATGGATACAGACGCTTGGGTTAGGCCCCTAGTCGTCGGCTCCTCTTGATGATCGGTTCGCCAAACAATCCCGGCGCCGGAACTTGAGACTATTCTTTGATCGGTAGCACCTGTCCGATCGTACAAATTGGGGAGTCTCACGAGCCTACTTGATTTAGGGGCAGTCGGCGCTTCATATGAGGAACAGCGATCACAGCAAAACGGAAGATAAGCAGGTCCTTATAGCGTCTTGCCGGTCGTTTAGAGCCCTGACGTGGACGGCTGTACGGGAAGCTTCCTTATTTGACCGACTCGCCGTAAGTCGTGCAAGATGTGAGTTGCTGCCGATTCAAACCCTACTGGAGGATGGGAAGCGGACAAAGATCCCCTGAGATACTACTCGATGAAATTTAGGGTGAGGACTCACCCAGGTAGCCAGTGGATATGACAATCTGGACCTCAAGAACGCGCTCTACCAAATTCTATAGAGGCGTTTCGGAGGTTATTTGGCCCCGCAGGGTTGAGTGGACGCTCAGACCATTACGGTACTGCTTAGCTGACTGAGAATCGTTAGCCTTGGACCGGGAGGGTGAAAAGCTCGAGATGCACTGTGTACATGGTCAAGGACCAGATTGGAGCACCAGCGGTTCTACAGTCTTTGACGAAGAAGATTTAACCGCTGTCCGCATCAGTCATCCGGCTACCACCGGCGTGTCTCTCTGAATGTCGGTCACAACGAAAATCGTATCA,848,52.12,Mus musculus
SEQ_137110,TTGGCTTATGAGTAAGGTTTTGGCGAGGCCCGTCCTGCACAGGATTAAGACAGTGGTTGGGCAATGAGGCGAGAATTATAGGGGGTGGTGCCGTGCCCGGCTCTTAGGCAAATACCAGTGAGGCAGGATGGACCATCCCAGAATCTAATACAGGTCTCCAGCTTTGCGCAGATCACTGATTTGAGTTCGCCTTTGCAAGGCTGCACATCAACCGAGCTCTGGGGAGCATGCGAGGTGCGGGTCTGCAACTATCCTATGTAAGAGGGGGGTGTGCACGACTAGTGCCGGGCGTGTTGACACACGCAGTGGACAACGCCTTAAAGTCACACTTGGAGCAGCGAGGATGGGCCTACAGAAGGACTTTACGCCGATACCACAGGTCATGTATTTCTAATCAAATAGTGTTTACTGTAATCTTCCTGTCAGGCCTCCCGAGGTTGGAATGGCGCATTTAGCCACTGCAACTGTATTGGCCTTGTCCGCACTGGCCTCACCCGCGTGCATTGGTACAGATGCGTGAAAGGCAGAGGTGTGACGCACCGGACTAAATTGTATACCTAGAAAGATCGTCGTGTCCCGTCCAGAGCAGCACAAGCTAGTCAGCCAGAAGGCACTTTGGTGCCAGTCAAGCCAGCCTCGTCTTTACGTGCGTGTTTGGTTCTTCGTAGTAAGTAACTAGTTCGTGGAATTAAACTTGTTCCCCAGGCTATCGGCAGCTTTTCGTCGGGCGGGGTTACAGCAGACCACACGCTTGCGGGCATGCCCAAGCTTGGCGATTCATGCCACGCGGATACCATTCTGAAGGTCTGTGGCGTTTTTGGCCCCCCGCCTCCCACTTGTTAGCAGTCATTTTGCTCCACACCTCCCATGTTGCAAGGTCTATCACTGGTGTTGTTCAGCGTATAAGCCTGTCATTAGCTCGTTTGGGATTACGAGTGACTTCTCTTACAGCAGGTCACGCCGGTTGCCGCACAGATAGGGGAGTGGTAACCACTTGGACCTGGACATCATGCAGTTTCGACATCGCCCTTGGTTACCGGAGTCGGAACCAGTATCTAGCGTGAGGCTTCAATGAAGGGATGCATAGAAATGCTATGTGAGTCCAATGACTGTATCTCCTGCTATAAAATACATGAGATGATCGTGTGAACCGGGGCACGGGCCTACCAGGTTCAGCGCGCGCGCCTGCTACATACTAATTGCCGTGCGTGCGTCATGGGAGATGGGTATCACCAGAGAGATCCCTCCCAGAGGATTAGCCGCCATGGGAGCTACTAGCCTATGCTCGACCCTTCTACATAATCTTACTCTAATACAGGTATTGCCCAACTAAATGCCCGGCTGGTCGATGTTATATTTGTAAATATTGGGTATCTCACGCGTAGAATGGGTTGTATTGCTGACCCACCGCGCCACGGAATCAGGCTGCATGGTCCCCGCATGCCGTTCACCTGTCTACCAAATCTCGCCATAACGGGAACGCTGTTTGTTTAATATTCCTATGGATAACTCACGCCTCGCCAATTTAAGGGTTGGGCCACATGTTCTAATCGGCTAATTTAAACCGCAAAAGCTGAAAGAAATTTACGATGAGGGCACTAGCCGTATTCCCGAGTATGTTCGGGTGATAATTCTACCGTCGTTGATTCAAGACTACGGTTACTGACGGTGCCGACCTCCTGACCGGCCCCCTTACACATACATTTCCTCTTTGCCACGCAGCTATAAGGAGGCGAGAGTGTTCGATAGGCACCGAATAAGCCGCTATCTTAAGGCATTAATCAGAAAACGTGCATAGGCCGTAGATCTTCGATAGCACAGTTCAGACGTT,1831,51.5,Caenorhabditis elegans
SEQ_725048,GCTAGAGGAGTCGTGACGAAATAGCGGAAGAAACAGTTCTAAATCGTAAAAATTGCCGGGTACACGGCGCTAGGACAACCCAAATGTATTCAGGGAGGTATAATCAGTGACTATCCTGGTCGAGGGAATCCCAGGTTCTTAGTATCCCCCTCAAGGAATTCGGTAGGCCCACCACCTGCTACCTCCCTGGAAAACGAAAAGGCCACGCGTTCC,213,50.7,Caenorhabditis elegans
SEQ_469441,GCCAACAATCTTAATACATACCCGCCGTGCAACGACGTTGACAATGGTCCGCGATCAACATAGAGGTCCCCGGCGTCTGTGTATGGCAGCGTCTAGTCAAAGTACAAACATTTACGATCTAGACTGAATCAGGCAGTCGCATCACCTACATAATCTCTAGGGTGCCGGGTGCGGGGGACACTGTTGCCAACCGAAAATACTGAATTTGACGTCTGCTTACGCAAAAGCACTCCAAGCGTCCCTTATATTCCGAAACTATATCACATGCCTGCGCATTACGTCGTCATATGTACGTGCCTTCCGACAATGAGGCGGGGAAGATCGCGAGCCGTCCCTATCCAGGCTTTGTCGTCTAGCTGGGACTCATAGAACCACTAACTAATAGTACTTTATTTAGGAAGATGCCGCCCTAAATTTATAGTAACGTCGTAAGGTTAGAAATAATATGCACTCAAGAGTGGGGCCTCGGAATTATCTGTCCGCGCCG,487,48.67,Homo sapiens
SEQ_624123,TAATTATATCCCTGCTTCTAAGGTATGACTGGACGTTCAGATACCTACCCACATCCACCTGCCGAATTTCGTGGGAGCCACAAGGTACGTTCAGTTCGAGTTGTGACGCGGCTGAAATCTCCGTCTGTCCTAAGGATAGTCCTGAGTCAAGGTTTTGGGGAGGGGACGCCATAGAGGTAAATTGACAGCCGGGAGCCATTCAGGAAAAATACTAGTTATGTCTTTATACTACCGTGACAGAAGAGCCGGCCGGCGGCAAAACAACACGTTGGTGTGGCCGTCGGGGCATATGCATTACAGCCAAACCGAGGGCCATTGAACGTCCGACTTGTGTCCTACTTCTGCGCACAAAACGGCCTTATATCGCGAAGTGCTTAGCAGCGCATGTCATCCCCAATTGGCTACTTAAGGTTTTTCTTGGCGGAAGGGATAGTTTACGGTTAACATGAAAAACTAGCTCGGTTTGAGGTAAACCGGGGAAACTAAGACCCCTTCAGCGGTCTCTGTATACCTTGTCAAGTATTTTCGCGCAACAAGTACTCGTCAGTTGAGCCTATTTCAATTAGACGGAGCGAGTTCACGAAGCAAAGCTTTGGGGACACAAAGGCCGCTTTTCTTTGCGCGATCGGCAACCCGCCTGGTATGCACTCTCAGCCTTGACCGTTGTCCTAAACATTTTTACAACGCTTGAGGCGCTTCATAATTGCTGAAGCAAAATGCTCTGCTCGTCCAGCATAATTGGTTCCCCCACGACACCTACTGCAATACTAATCCGACTTTCTCCGGGGTATATGCGTTGAGTGACCCGCGGGAATAAAGCCAACGCAATTCGC,833,49.58,Mus musculus
SEQ_734060,GGGGGTGACCGTATGTCTCTGAGGGGCGATGGCAGATGGACACGCTAGGTTTCGAATAAAACTCGTTGATGTACTGCCAGAGACCCAATGTACCGCGCCTTCTCTTCGCTCGTAAAGTAAGTCTCGTAACACCCTGCCGCTTCCCACACTTGTGAGCCATTACAAACTTTTCAATCCTCATGGATGCAGTTAGGAACGGTCGTTAGTCTCGCAAGGGATAAAATCTTGAGTCAGACCGACAGCTTCCAGAAGCGACGCGAAAGGGACGCCGGTTCGGAATGATAACAACAATTAGGGTAGACCACTTGTGTTACCATGTGCTCCTGAGACATAAACCAAGACCACGTACAGCGTCTGAGCCTGGGAAGTAGCTTTTAATAGGAAACTCCCCCATTTATGATTCATAGTGCCGAAAAGGGGACAGCATCAGGGACCTTCCAGTGCCGATGTGAGACAAAAGTTTTTAACGCATACTGTTCTTCCCTGTAGTGAATCGCATTTATCCTTGTGAGCAAAGCTACGAGTTATGATGCGCAAGTGATCCCGAGACCGTTCTACGTGCTTAACCGGTGCCCCAACTATGCAACTTGGGGCGAGACGGAACACGTATGGTCGCGCAATTTCTGCCTACGAGTTGGGGAGCACGCATACTGTTGACTTGCACTCGGAGATCGACCAGGTATACAAGACGCGAGCTCTAGAGTTCCCATGTGCGTAGCATGTTTCAGTAGTATTGCTTTCTGTTTTATAGTGTGACTGAGTCGCCGGTCCCCGAGATTAATCGCGAAAGATTGGACAGGCAGTCCCGTGTGGAAAGACAAGGGATTCTTGGCAATTGGCAATCTTATGAATGTTTCGGATTGCTATATAAAAACCTGCTCACCATCGGAAAGAGGTCTCAAATCGTCAGCAATGGAAGAACGCACCTTGTCTCAGCCCCGCGCACGACCCACGACCGCGGCTAGAACTCGACAGCACCCGAACGTGAACATGCTAGGAGTCGACTAGGCCGCCTGGTA,1019,50.25,Homo sapiens
SEQ_662231,GGCTTGTGATAGCAACCCTCAGCTTCAAGTCCTATCGGGGGGTACGAAGAGTAGTCCCCAAACTCCCGGGAGATGCTTTAGGCGCACGAAGACTCGTTGACACTCACCGTCTCGAACCTTATCACATGGCATGATCTGGTCTCAGAGCATTATACTGAAGGACCAGAATTGGTGGTCACTTCGACGGGTAACCCTATTATTAAGTGATAAGGCCATCCCTCCTCTGAGACAAAATCTTCCCACGAGGCCACTTTCTCGTTACCGAAGCGTGCTCTACTTACCGGTCAGGTCCAATAGGTCGACCGCAGAAGTCACATGCGCTGCGTCCTAACGGAAATTCTTAGGTGGTATCGAACATTCGCGGCTTCCCGGACTACGTTCCCGGTGAACATGTACCAGCGTTACAGTCGAGATATGCACAGTGGGTGTGGTGGCTTGTTTACAGCATTGTTCTTATTTCGTATAGGGCAGTGATTGCTCTGACCTGTTGTAACCCGCTAGTGCTGGTTATCGAACGTTACCAGGGCGATGGGTTGACACATGATTTTGTATAGCTGATCAGACCACGCCGTCCCCATCCATATGCCGAAAAACGCTCATGGATCTTACGCTACCAGATCTATATACTGCTGTGAACTTCTGCAAGCGATTTGATGTTCGGAGGAGTGACCTCAGTCCGTATCGCACACTGTAGAGCCTAGCTTATGCAGGTTCTCCGAACCCCCATTCATTGCTATCAGGACGCAATGTATTGCGGTCCCTGGGGTCGTCCTCGGATTACATGACGACAGTGCTGTAGATGCCGGCGCAACCCCTATACCTTTGGTCCCTTGGCTAGCCTTCGCAACTCGAGAGCCAATTGGATGATTTGATGGGTCAATTCTATAGCGCAGAGCCCGTTTATTTTCGATGTTCGTGGCGTACCCTTGTCGCGGGACCCACCAGGTGCTCGCCATTCTCCCAAAAGTACCAAATGGAACAGTTTAGAAATATGACGCCCCAGTAAGAAGCTCGGGTCTGGGTTTCCTCCTAAGCTAAGATAGGATTCGAGTCGAATGATTGCAGTATTGCGGGTAGTGAAAAAGATTTACCGCGTAAGGAACACGTTACCAACCACCGCGGGTGAAGCATCAAGATTTATTGTTAACTATGCCGCAGACTGCTGAGTATATCCACATCCTCTACTTGGTACTGTCTGTTATGTAACGATAGCGGCTGCACAGGAGTTGCTTACGGCCCCTTCTTCTATACGCCCAAGAAGTGAGTTGCGGACCTGACCTGTTATATAGCGCAAAGGGGAGCTAGACAGAAGGTGGTTTAAAAACCATAGGCTGCCTCGCAGATTTCACTGCATCGACCGGATGGAGGGCAGCCGTCCATTTACGAAAGAGCTTGTCAATCGTTGCAGGGTCGTGCCGTGCGAGTTATTAATCCAGTGTACTTGTTTACATATCCAGACTGACAGAACGAGGCGCTCCGTTTTTGGGTTAAGTAATCCTGGTACATTGTAACAACACCTGTTTTTGGCATACAGTTGACACGTAGCTGCGCCAACTCAGAGTGAACAATGCAGCCTTGACGTCCAATGACACGATACATTCTACATAGGTGGTTTGCCGTCTTATGTCGTACGACAGCCGTTGCCACCAGCCAGGCTGATCGAATTCGTGGTCTAGCGAAAACCCCCGTCGTCCCATGATCTGCTTAAAAGGCTTTGATTTCGAGTGAGGTTTGACTTTCGTCCGAGATCGGTACTGGTT,1760,49.83,Saccharomyces cerevisiae
SEQ_739536,TCGTAACTAGGTTTCATGAAGTGCCGTAGGTACGCACTCGCGCCGATTAAGGAGGCGGAGGGTCTGACGAATTCTGACCGCAGCTAGGGACGCTGGACGCTGGGGCTAGCCCTGGAGTCTAGCCCGGCAGCCTCACGTCCGCGTCGCGTAGATATACCGTAGTCCTAACATCATCCAAGAGGCCAATACAGGGCAATCATCGAGCTTGGTAAGGGGTTTTATCCGAGTGGCAATTTCTACAACGAGGATTAGTGCAATTCCTGAGTCATTGGGCCTACGTAGGCTACCGCCAAGACGCTTGGCCGGGCATAGCGTGGAATGCTGGCTAACGGGATTCCGTATTGAGTTAGCCTCATATTGTAAGGTGTTAGAGGTCTTGCAACGAGTTCTCTCGTGGTGTAATAAACAAATAAATACTGTCAGCATGAGTGGATTTATAGCCAGGCTAGCTCAAGTTGATTGTATCTTGACCACAGTCAACGCTGTGTGACACAGGTGAAAGAACGAATGTTCCGGCCATCCTGTTTCATATAAGCTCTCTCTATAACATTTTCTGAGGGTAGAAGATTTAATCATCTAGTGCGTCTTATGCTACACTTAGGGCGTGCCTTCCCAATCAAACTACCTAACTGCCGACTCGTAAACCCTGTATTCACGCCACCAATTAAGGTGGTTGAAGTACCTGTTTTGGCTTCGTCGGTGCCAGAATGCCATACAGCCCTGAGCTCCGCAATCAGCATCCAGAACGATTTTCAACGATACGATAACTTCTTCAATAGTGTATCGACGCAGTCATCGTATCGTAGTGCATCATTGTGTAATGGTATAGTCCCGTCAAGGGCTTGCTTTCCTACTCACTGTTGAACGTCATGGCCTATGTAATTCGTGCGATTGATTCTGCTAAATGCGTGCCACCTTAGAACTTCCTAAGATGCCCTCCCCGTACCACACTTCCTACACAAGCGGTGGTCCAAGATAAACTGTTGATACAAAGCCCGGTGGTTCATCAAAGGTTGCTACCACGACCAAGGCAAAGTTGTCTACGGGCGGCACGTGGTGAGTCTGGATATGTACAGTCGCCAAGCCCATATTCGTTTGGCGCTAATTTCAGGGCCGGAATACAACAAAAGAAACCCCGGTCCCCATATGAGATTAGGCACCTTGCCCAACTCAAGACTTCCGCAGCTATTACTAATGGTATCCAGTGAGGGCGTGAGCGGTCGCATCTGGGCCTAGATACTGCGCATGCCAGGCGGTCCAAGCACCGGGTCGATGGCCTACGTAGGGTCTGGTAACCGTTACGGCCGTAAGTGTGGTGGCACGTATTCAAGTATCCACTCACCACGCAAAGATTCGACTTAGGGCGCTCCCCGTTCCCCCTCAAGTTGATGGTTATGCAACATAGGCCAGCGTTTATGGAAGTGGCAAGTCGACTAGGGTAGCGATTCCGGCCCCCACTGTTGAATAGCTTGACACAACCGCCGGTCAGCGAAGAGCACAAACTTGAGACCGCCGTGGACACATAATCCACTAGGATATACATTGAGGAGAAGGGTGGGTCTCTCGTGCGGTTGTCCGAGCACCTTGGCAGGTTAGAGTTAGGTCATCT,1609,50.59,Escherichia coli
SEQ_419061,ATAGTCCTTTCCAACAACATCAACGTCCTGATAAAATGATAGCTCGACGTGCCCAGGTACCGGGGTAGAGGACTCAATTGCCGAAGCAGTGTGCCCCAAAGAAATGGAGATCGTGATGTTCGTGGGCGACTTAATCAAGAGACGATTCTCGGTGGGTATTAGCCAGTTAGAACCCCGGATTACGACTATGAGAATAATAGGGCGTCCATAGCGTGTGGGGTCTCGTTACCGGAGCATTGCATTTCACGCCCGGCGCTAGGGACGCCGTATACGAAACGGATTTTCAGTTGCGGTTATCCCGCATGCCCATTGAGATTGGATTACGATCAACCACCCCCCGAGATTTGACTTGGCCTTTAAATCTTACTTAGTGCCTCCGGCGGAGTCTTTGAGGGAAGTTAACTCAAGAGTTACCTGAGTAGGATTGAACCGCCTTAGCCGAGCGCCTAATCGGTGAGACCACAAGAGCGGTTCTTCTCACGGAAGGTCATAATTGTTCATGCCGGGACGGTGGACACTTCCGGCCCAGCCGAGGTAATTTGCATTATATAAGTCCTGCTGACATAAAGAAGAAGCCTTCGTGAGGTATTAAGAAGTAGGGCTGTACCAGCGTGTGCGCTCCCGCCTCTGGCTGAATCTCTCTTCGTAGGCTATTCGTACCGGGCCTCTATACCAGTACCCCGACCGGGGGGTTCTACGTCGGGGGCGGGACCATCGGGGCTACTACTTTCCTTTCAATACAAACTACTTAGCGTGTTATTGGTTAACGGTCACGTGATACAATCTTGTGGCGCACGTAAGGTTTCGAATTTAAGCAAGTGCGCCCCGTCGGCGTGATGAGTTTACCCTTCGGCAGCGGTGCACTATGAGATTCTTGGCACGATTCAAACGTGTCTACAACCCTTTCTCTCACGCAAATCGTTCTCTGCTTTCAACACCACTGCTGCGGAACCACTATGTGGCACGTGAAGTTGGCTAAGGCGGCATATTTGCGAGCCGTTAATGCACTTATCATCTCCATACCCAAGCGTGTGGCAGTCTTTCTCCCACCTGCCGCTCCTCAGACAAGCTTGTGCGATAGCGGCATCACGATCTGCCTCTAACACCAGACATCTCAGACACAGGTGAGTGTTCACTTTTCTTACACTCCACTTGAAGCCAAACTTAGAGATGGCAACTAGCATATAGTTGACATTTAAAGTCCGCATAACAGGTCGTGGGCTCGTAGACGGGTTATGGTCTCTTTGCTTGATCTGGGGCCGTATCACCCTGGCTCAGGCATTCGCAAAAGTCACGCGCTCCTAAGGATACTAGCTGTATTCTCCCGACCTAAAGAGCCGGGAAATAGCACTTCGCAACAATCACTTACCCGGAGCCAGCAAATCTGAAGCGTTAATAACCCAGTGGGAATCTATGGATCGCCTCAAAAGGTCCCCGGTAAATTGGTGACGGAACACTACTTAAAAATTGTAGCAGACCCTTTATGTCGATCCATAAGCGGTGCTGACATAACAGTGTTTTTGGCAAATTAGAAACTTGAGGCCACCTTCTATTCATTTGCAATAATATGTAAGTGACAACGAGGAGGGGAATGCAATGTGATCCTACCGGTTTTCAGTGTCAGCACGGATCGCGTACTTGCGTCATAGAGGTAAGATCGCGTAGGTATTCGCCTGCCCTGCGTTGCCGGTATTATGATTTTACAGCAGGGTGGCAAACGGGGTCTGTCCTTGCACAACTAGAATCTACAACAAACTGCCATGATTTACCCTAAGCGGTACGACGCACTCCGTACCTATCTTTACGAGTATTTCCTCGACATCACAATGCGCCCCATCCACATAAGCTCACGCACGGAAGCTTTCCAACAATAAGACCCGTCGGGAG,1887,49.92,Mus musculus
SEQ_448838,CGCTCTTCTGAATCGCGCAGACCACACACGGCAGGGACGATGGAGCGCGCCCTGACCGCAGGATAAGACACTTGAATCGTATACAAGCAGATATGGGTAGCAGGCTCATCAGATACTACCGTCGCTCCCACCCATCGTGACCTTTTCGCAGGATTCATTACAGAACCAACTGCCCATCTGAACGTACAACGCATAGGGTCGCCTATGCCTTAGGATAATAGGCAGCGGGGGGCCGCACTGCTCCAACAGTATCACGCATCTCTCGTTGGATCTTTACCAGTGTACTCCTACGGTCGCTATTTTGAGTGAACCCGTTACCTTTTCATCCCCGGACTTATTTACCTCTAGAGAAGCCGAGGGTGGCTCGTGGATGAAGATACAGGCTGCGAAAGATTTCAGCCCCGTTCTCCAAACTTACAGGAATTGCCGGTGGAAAACCAGGTGCCGGTCAGAGAACTGTCGAGTAACAGTACATAATCTTTGTTATGATGCAGTCTCGCTCAACTAAGGGTGCGTGGCGACGTGCCAAGCTTCGCTTAAGCTATTTCTTTCTAGACTGTTGCAGAGAAGTTCGCCGAACGGTGGCGCCATGTTCCACTGTGCTGGGGTCCAATAGAGGGGGCTTTGGTCTTCCCGTAAGGTATCCTGTGTACTGCAGGATGTGGATCGTCATTCATGTCCCGGTGGTCGTGTCGGTGGAGGGTTTTAGAATTTCCTCACCACCATCCCCACCTTTTGGCACAGAAAAAATAAGATTATCGACTTAGTCGAGTAGCCTCCTTGGTATACTCCACAACACACCCTACATGCTGGCTTGGCGTCAATAGGGCGGTTAGCTAACAGATTCATGGTTGCAAGTTCCTAAATTTCCCAGTGGAAGAACCTTTTTCCCGGAATCGAGTCCGGCACCGGGCGCCACATCATACTCCATGCATAGGGCGCGACACGGGCATCTTAGTCAGCACAATGCCGGAATTGTTCCGTAGGGTACTTGGTTGTCTCTCAAGTTCCTTGTGGCACTTCTTCGTGATCATATCACTTAGGGCTTGAGGAAAAGACTTTTCCCGGAGGGATAGGCACAAGTAAGAGTCCAAAGTTGTCAGAACGACGGTACCAGAGGGAAAAGAGAAACTGTGGCTCTAACTTACTTTGTTAACGTGACAGTATTGGGCAGCATAGTGGTAGTTGTCACCGGCCCTTGCATGAAAAATCTGGTGCAAGGCGCTCCTTACCCTAGCTGGGGCCATAATAGTAGCGAAGCTCGGACAAGGTTATAGCCTATTTGCGGAGGGCTTAGCAATACAATGGATGGCTTCACAATTCAGCGTTCGATCCGTGATGACGGTAACCCAGCGCTAATGCCACAGTCAGAACTAAACCTGAAAGAGGTATACTAGGAGCGTTCACTAGTATCGGGAATCGATTCTAACTGTCACTGCGTCCTTGCCTACAATGATCTTCCTGGAGGTGTCAAGAAGCAATCTCTACACCTCCAGAGGGGCATGCTCAGGAGGGGCCCGCACATCAAGGTCCAGAATGATAGCCCTCCGTAGAATGAACCTAATCTCCTTGTCATCAACCTCCATGGCGAGGAGCATAAGCTCTTGGGTTAGGCCTCCTACCTCTCTCATGTCTCCAACGGTCAGGCACTTTAGATGTAGATGTGTCAAAGTGACTAAAGAAGGTACCTAACCGTAATGCCTATGCGCAAACCGAGGGTCCGTACATACTCAGCAGCGCTGCCAGGTGG,1750,50.74,Mus musculus
SEQ_454102,ATTTTTGCTCGAACTACGAACGAAGGGGGCTTCCATAGACACGTCTTCACAGTGATTTCCAGCCACCACTAAGAACAGTATTCCAAGGCCCTTCATCGGCCGCCCCTTCCGTTGGCGTAGTAGCCCATTATACCTAAAGCCACCGAGAGGAGCCGCACTACCGCGTAGTGCACTAGCCACGAGACCGGGAGCGACTGTGCTAGGTTGGATCTTCTTCATAGGGATTGCTAACACCTGCTCCCTTGCCTCGAATAGTCTTCTTCGGTCAGAACTTTAATGAACTGCGTAGCAGAAGGGCATATAGGGCTTCGTCTAGGGCTAACATGATGCTGGGTTTCACAACTCCTCAATGGACATGCGAATTGTATGCAGGCTCATGCTACTTCAGTGCAATATGCAATCAAAGTATAGCTGTTTGGACCGGTATGCGGATGCCCACCCTCCTAGCAAACCAGTCGCGAATCAAAAAAGAACCTTAAAAAGCTTAACCGGCTGTGTCCCGGTAACAAGTACCCGTGTATGACATCTCGAAATTTATGTTGTCTACCCAATCATGAGATCAACCACAGTGGAGGATCTGTAGAATTGCGCCCCCCGAGCTTGATCTGGGATCGATTTTCAGGGCCCATGCGTCCGACCGTTAAAAGGCTGCATTTCTGTGAGGTCTATTCGCACTGTGAGCCTTACGTCCGGTAGGAATCAGGGTCGGTACCCAGTCTACGGGCCCGTGACAGTTGGATCGAGACTCATTCCATGACGGGAGATCCCCAATTCACCGTCTTCTCAATACACCCAAGTGTCGCAACCGTCATTTTAGCTTGGCCTCCGGCTCCGGCGAAACTAGGGTTTCATCAACGTGATGTGGCCCTGCCCTCATTACCGCTAAGTTGCACAGGTACTAGTCGGTATGCAGGATCCAAGCGGGTTCCCTCGCTTAGATGGTCAAGAAGTGGTTTTAACTCGGAGCACCAGCTAGCCCTGAACCCCGTCCACCAACCCTTGCTGAGTGTAGTGGACGCTTTAGTCGGCGGAAGTCCCCTGAGCCAGGGCAGGCATCCATGAGGAATGGGCCGGATTTCTAACCCACCAAACGAAAACGTTAGCCGAATCCCGCACCCAATTGTATGCTCCGGCTGAACTTCGATTAGAATCCATCATTAGGGAAGTGCATTAGGTCTACATTGTAATTAACGGCTCCTAGGACTTGACACACCATCCGGCATCGCCGGTACCCTAACCCGCTGGTATCTTATACCTCCGGTAAGAGTAGTTTCTAATCTTTCCTACTCCCAAGCGACCCTTCTACGACGCCTCGTGTACTGTGCTTTCAACAGGACAGTGTCGCTCCCGATGTGTGCTTGTGGCAATCAACCCCGAACATTTTTGGCAGGACGAAAGCTTCTGTATTTTCTATCCCTGACATCCCGCTAACCATTTAAACAACATAGCGATCGGTTGTCCTGGATCGACCGAAACGCTGTCTCTAGGGGCATACCCTCTACTTTGTGTTCTGGTATTCGTCATGCATACAGGGCCTTTCCACGAACTTCGCCGACAATGACAAAATTTGGACGTGGCAGGCAACTGTAAGACTTAGTTAGATTGCGGGTATTACGCCCGCTGCTGGCCGTTTACATTCTACTTTCTGCATGGCGGCAGCACTGAACGAAGTTTGATGTGGTCAATTGCGTAATGCGTTATTTCCCGTCTACCGGCGCGACATGTAAAAAACGCCAAGTATCCAGCGATATTCTATATTTGCCAATCAGCGGAGCTCTCTAGGTGTGAAACACGATACAATTGCAAAAAGCGCGCTTCCCCTTCCGTTTAAACGAGCCGGCCTTCTTCTGCACGACCACATGGCAGCTCTGTTACTACCTTCAAGTCGGGTCTAATACGACACTGTAGGCATCCCAAATCTTAGAGTTTTGTCGTCCCAAGCCCTGAGGCCTTGACGATCCACGGGAGAC,1970,50.81,Drosophila melanogaster
SEQ_891569,CGTCGCGCTCCCAAACCTGCCTCGCGGCATCTGCTTATCTCAGGAGTCCACGGGGCGTAAGCGTTCACCCGCGGTCTTATAAGAGTCCTCCGCCATCGCTCTGATATGTATGCGACCGCTCCAGCTTGGACCAACCTTATGTTACCTTGTGGTGGGTGGTTTTCGTGCCACCAGCATCCAGGCCTCGCATGGGAGCCATCATTGATTCTATGATCGTAGTTTGATCGGAAGAGGCCACCAGACTTAGGACGCTGATGG,258,56.2,Caenorhabditis elegans
SEQ_726614,TCCTAGATTTGTTAGTTACAGATGACGGTAGATAGACTGCATAGGTTTTTACCCAGTCGGCTCACAGAGTTGTGTTCGACGAACATTCCCCGACCTGTTGAAATAAAATGGTCGCTAACCGCCAGTTAAAGACTGGGTATGGTATTCGCTCCCGGGATTACGCTCGTACACATCTTCCTGAGCCTAACTCGGGCCAACTAGTGTGAAGGTCTACCAGTGCTGAATGTATAGCTTGCACCCCTTTTGCCTCCCAACGATTTCAAGTTGAGCGCATTATTTTGTTTACTTTCCCATCGGGTCTTAAGGGTTCTAGTACCAGGTATAACGGAGCAGAAACGCGCCATTACAAGTCTCCTTTATGCGGAGTACCGCTCGCGACACTGAACTAGGTTCCCGCCCTTCCTAACACCTACTAAGACAGTCGTGTCTGCGTGCCCTTCCTTTTTGAGCAGTCCGAGTTTTATGGCCCTGCCGATCACGACCGCTGCCGTGACCAGGACAACGAATTAGCCCTGGGTCTTGCGTTTTACGCCCCTGACCTGTGAGAATTTATTACGAAAATTTCCTGCTCGTGCGTTTTGAGGAGATGAGCTCCTTTTAATTGTTAGC,609,48.77,Saccharomyces cerevisiae
SEQ_416749,TGGGCGCATCTGGACGCTACCGGGTTATAATATCCCCGGCCTTACACATGCGCCATCACCATGACCAGGCTAACAGACGTACGCCCTTCTGTGCTCTCCGGATTGTTCGGTGGCCTCAAAATATTACGAGGGACAAGAGCCGGCGAAAGGTATCTGTATTTCGGGGCTCGTAGGGCGTGCCCCGCGTCACTTTCATGTATAGCACCTCACAAAGCATTGTGCCTGGGCGCCGTGTGTTCAGTTGCTTGCAAGCTGGTTACTATAAAAAATGTTTAACTATTCGCAGACGTACCTCCCAAACTGGTGGGCTCGTTCAGGCCTCGTACCCGGATATCAAGGGCTGTTACGGACCGCTAGCCTACGTTGCGAATCCTGCCCGGGCTTCGCTGTTCTGTCACTGGACAACCTCCCCTGAATCGTAGCCGGTACCTTGGCCCAAAGTCGGGACATCTGGACGCATAAGGTCTGTATACCCTTTGACACGGAAGCCTACGGTGTCATAAATTCCCCCCCGCGTGTCCCAGTCGGGCATAGCGTGACTTCAGTGCTTCGCCAAATAGCGGCTTTAACGATTACCCACGACCATAGACTAGATGAACAGCCGCCGTCTAAGCTAACAAAGCCATCCTTTTGCCGACGTTCTGGTCGTACTGCTATGACGGACCGTGCTTAGTGAGTCTGAGCCCCATATATCTCTAACTACGTTGTGGGGGGGATGATACATCGGCCGTATCCCTGTCTCGGTCCCTGTATATATTGCCTGATTAAGTCCCGCTGCGCGAAATTTATCTTTGCGCTTCCACAGTTCTACGGGTTTATACTAATGCGTTCAGCGTAGATAATATAAACTGGCGGCCTAGCTTTTCAAAGCCTCCCGAGGGATTCGAATTGACAGGCCCACTGGTTTGTGTAGCTTGGGGTGGGGCCTTCGGATTTTAATGTTCACCTTCTGAGGATCTGCATCCCCTGGATGTGCGCACTAAGAGCGGTTCAGACGAGGGTGGATCCTTTAAACGAGTGGTTGGGAGATTTCAAGCAACAATTTCACCTGAGTCTCGTTTATTCGTAGTTGATCAAAGGTAGCAATCCTGCGGATACGTGATGAACTCTAGGTGCTGTATTAACAAGGGCAACCTGATTACCCATTGGGTAAGTACATATCGATGAGGGTTTACCGCCCACAGGCGCTCCGCACCGCTACGGGACCGTTTTCTTCTTAGTTCTTGCCTGATTGTCGGGCAGGGGACAGGTCCTAGCAGATCTCCTTTCGGACCTACGCTCGTTAAAGAAACGTTGTCTCAATATTTACTCTTCTAGTGCGTGGCAAGCGTGGAGTTTGGCACGCTTTCTGTGCTTGCGCGGCTGATAGATGGTCCGGGCAAGAATCCTCCGACGCTCTCAATCCACTGGTGCATCGCCACCTGTTCTTGTTGACCCCCGGACCAATGAATGACATCCAACAAATGTTACGACCAAACACCTCGAAAGAACCGTTATCACCACGTGTCCTAGAACATGCAAGGGTTGGCGTTTATGGTTTTGCCGCGTACGCTAAGGTTGGTCTCGGTGATGGGTTTCGTGTTATAGGGGAATTCAGGTAATGTCATTCGTGCAGCAAACCATAATGCGCCGGGTCCCACGACATGAATTCTATTCCATAGTAACGCCTAAGGGTCAGGAGCGTGTCCCGTTTATTGGCTTATTC,1705,51.5,Caenorhabditis elegans
SEQ_944584,ACTATTACCGTCTAATACGTCAAGAAGCTCTTCGCCTATCTTCATGACAAGTAGAATATAATGTTCAGTGGGATAATCAGCTACGACCGTAGTAAGGGTCGTACGATCGGGCCATGAAACTCGTTCTATGCCTCACATAGCTGATAGTTCCCGCGAGTATGGACCCACCTGACTTACGTCTTACCTTGAAGGGCTTGTCTAT,202,45.54,Caenorhabditis elegans
SEQ_541526,CGACGCACCCGAGCTGGTAACTATGCTTCTACTCCTAGATTAGTACGTTTGTGCTGAACTATCGCAGTTTTGACTGGAGAATTATGGTTTTTCTATAAGTACGCACGCACCTCAGTATTGCTGAATTAGCTCAGCTACTCGTTCACGGTTCATTTGTGTGAAGTGAGTCAAGTGAGCGTCCAAGCAGGAATTCTGAAGTCCGACGCGTGACTAAGTATTTTGCCTGTCTCCCACGCTACTGGCTGCAGAGGATGAAAGTAAGAAGGCGACCACTGGGTGGTTCGCCGAATATAATACGCACTGACAACGCATGTGTTCCGATATGGTCTTGGCTACTTTCGGGGCCCGAGTCGCATCCAGTCCGCCTAGGCTAGCTACCTACATTATGTGTTCGAGTGTTTCGCTGTTTTATATGTAGCTCGGCTTCACACTTGTGGACTTGGTTGGAACGTGGCTAGCTAATCACCGCGTATCTTATAGCTGGGCGAGCGGGCGCTTTGGGATGATACTACCGGACTCACTTCTTCCCCCTACATCCCGCCTTCTTTATGCGAGTGCAGTAGTAACGGCCCTAGAACCGCGTGGACCGAACGGGGGCGATAGTGTCCGTACACTGATTTTACCTAGCCCTGTTGGATACTAATGGCTGTTTGCCTAGTTAGTATTCGCGGCTATAGTAAAACTTGAACATAAGATTCATCATCTTAAGGGGGGTTTTCATGCTTCTCATGCCTACCTATGTTTGCCAGCTTGCTCCGCTAGATGACCTCTCTATCTATACCAGACGTGTGACCCAATCCGAAGGTTGATTCGAGGCTACAG,822,49.15,Saccharomyces cerevisiae
SEQ_245415,TTGCTACCTCCTCAAACGACTGCAAGCCAGCACCTCGAGGTATCATACATTAAATTACTGTTTCGTCGAAACGGGTGTAGAAATAGCACCAAAGGAGTATGTAAGTATAATTGTAGCATTGGTAATGACCCCACGTAGTCATGCGTTTACAAACCGCAATTATAAAGCCTGCTCATAAGGCTCTACAATGCAAACGAATACCGTAGGGATTCATAGCGCAGCCGGCGATTGTTCAGTCAGGCTGATTCCGTCTAGTCAAATTCTCTTGGGTTCCTTTCAGTTCCATCGGGATATTGATAAATTCGGCCGAACACAAGCGTGACCTTAGACTTGATGACAAGACTTATCGAGCCGATCTCTGGTCGCTAGTACTTATTGGAATTCCTTAATGGCTCACTCGAACACACGCCTAAACGGCCAGTCGAAAGAAAGATTGGTCTTAATAACTTCTCTCGGCGGTCTGTAACTGCTTTCGAAGGTTCAACACCAGCTTTACGAATGATACGGCCGATCAAAGGAGCCGCAAGTGGAAGTTGAGCGGCATTGGAGATCACCTAGAACGTCAGTCGGGCTATAAGCCCTTTGGTAGGGATTCTAGATTATCTATTCTTGTTGCGAATAAGAATATCATATAGTCAAATAAGTAGCGATCTAGTGTTAGCCCTCACAACTATAATTAAAGCCGATCATACGTTCGGACTTGACCAGGAAGCGCATCAGGACGATTCTCGGAGACCCCCCTCCATTATACCATGAGCTCCTAGCCGATAAGAAAGCTGTGAACCTGAGACAGGCTAGAAGGCAGCTTGGCGCACATCCCACCAATTTGGCGGCTCCTCGCCTTGACTGTGAATTCCTGTTGGTTCCAATGACCCTGTCAGCAGCGGTTTACAGACACAAGAGTTTCGGTACTAGCGGCACGGTGCGAACACATGGCTAGATGAAGGCCGGGAACTCAGCTCGCCTTTCAGCAACATAACGCACTCCATGGCAATTACTTCGTCCAGCGCGCACTCCATTACGCACGTATTAGCTAGGCGATGGTACAGTTGTCGGGAAGACGACGGCATTGCCATTCACAAGACGTCGGTCGTCACCTTAACACTGGGATCGGAATTCATTCCGAAAGAACTCCACAGTGGGGAGCCGCCTTCACGCCTCACGGAACCATACTTCTATCCCTAGACTGTATCACCAGCTATCGGCGATACGGGCGGCTCGTGTCAATCGGACATATGGATTTCATTATACTTCATACATCGGTCTGATTTGGCGGCGAGTAAGTAGAGAACACCAGGTATATCTATGCAGTTCCACGCATTGCTGCTTGGCACCAGTAGCCAGAGTTCTGCCGCGGGTTATAATCATGCCTGATCCTGCGGCTACCAGGATCGCTGTTTTCGGTTATTCTGTTCGTACTATACGCCGATTTTCGGGGTTGCACTACCAGACCGATTCTTAGTCACCCCGGCTATCATTAAGGAGCCAGGTGTTGGTCCTACTGCATCTATTCCAACCCGACCCGTTTTGAAGAAGTAAAGCCTTGACACAGCTGATAGCGATATTGAGGCACCACTTTGAGCGCACTGACCGATTTCCGATGCCTATGCGACGAAGACTCAAATCTCGTTCATTGGTA,1639,48.51,Escherichia coli
SEQ_712424,GTCGCCAATAGACCTATCAAAGTGAACATGTGACGCGGCACTCCTCGTGCAGTACATGTCATCCACTGAGGAATCTGCACTATGGAGTTCGCCTATGTCCCTACACACAACATAGCCCACCGCCAGACCTTCTGTTCAGGTTGTATTGGCTGGGAGGCGACCTCTGTTAAGGCGGCCCCCCGGTGCGGCTCTTGAGGGCTTTGGTCCTCGTAATCCAAAGATCGCACGTGACCGTAGCCTGTCGATCGGGATACGCCCCTTAGGGTGGAGTGCTGTATTATTTAACGGGTTATTCCCCCGAACAACTCAGTTAACGTTTCCCCAAGCGGGGCCAATCGACTGGACGACGACAAAAGTATCATAACAAATAAGTGATGGCTGATCCAGCCGTGACCTAAAAATTCTGTTGTAATAGGACCGGAATGTCGTCGAGCTTGGGGATTCCGGACACCGCATCTATTTGACCTGAGCCCCTTCATGTTCAGATCCAACAGGGATCGTCACGTTAATGGCATCATTGTATTTCAGATGTCCTATCTGTATTAGGGTTACCATGCGACTACTACTACGTTCTGACAGTTGAAGACGGAGAACATAACGC,601,50.58,Drosophila melanogaster
SEQ_583264,GTTATTCAGTAGAGCCGCCATGCTCGCTTGTTACCCCTGAACAGCGTTCTGAATATAGTCTGCACTCGGATTACTCACACGGTTACCTACATGACATGCGCAAGTAAGGATGCTTGTACGTAGGCCATAGGGGATTCCAGAGGTGACCATCACGGGGGTTGATAGGACAAAAATTGGAGGAGATGCCACTTATTACGCGATCCGTTCAACCTTTCTGCCATATTACTCGCCTACAGGCGATGCTTGCTACTCATTAGGCAACGAAACGAATAGGCGTAAGGTACCTACTCGGAACAACTACGATTAAGGCAGTCCGTGCACTGACATTGGGGGGTGGAGCTCGAACTGTATGTGGGCACATCCTTCTATTAGCAATATGAGCAATGTCTGGCCCCCCCCACCTAAGGTCCTGGCTTGACTGAGAATCGCATCAGTATGATTAGCGTTGATAGGTTCCAATATGAGGGTTAATCCGCCTTGTGGCGGAGCAACCGCAAGTGTCGGATCGTGGAGTTCAGGACCTCCCGAAATGCTCCCGGGAACCTCGAGTGACTGGGTTAGACTAATTCAGGATCCCCACGTTTCACCGGGTTCGAATACTTCAACGCGATGTTTCACTAGATGTGGGCTACCTTGGTATGGACTTCGCAGGTACGTCTATGCTAACCTGCAGGCTTAGGCCATTTGGATGGCGCGTCAGTATAAGTCACGGCTGAAAGGAATAATTGTGACCGGCTATGGGCATTGAGCCACCTTAAGGCGTCACTCGCACTTCCTACCCTCCGTCAGCTCGGGTCTGCAATCGGTGGGGTTAAGACTTACACCCAACCCTGGGGACTGTTCCCCAGGGAGGGACTTCCGGTATCACGTAATACAAGCTGGTGCCTTGCAGTGGCTGTGGTAACATCACTACAACGTATTTAGGCTCCCCCATGGCTACACGTTCGGGAGCTACCCACATCCTCGTTGGATGACCACACGGGCTGTCCTGGATCTGGACGATGCCCGTAGGTTTTATCCATATCTGTCGGTCCCGGAGACCCTGGCCGGGTATGATTACCAATATTGACAGTCATCGGGCGTTGTAAGATCCATCGTCCCCGTAATATGGACGGCCCTTCGACGGGTGACCGTCTGCTGGACTCTCGCCTGGGGGCCTCACTATCGGTAAGGTAGGTCACCCTACACCGCTGACTCGCGGACAGGAACACCCAAGTATGTAGCCAAAGAGTTGCTATATAGAATCGGCAATTCGGTCCGCGGTTTTATCGCAGTCGTGTGTATCTCGCGCTGGCAGTAGTTTCACGAGCTATCCAATCGTCTAACTGGGTTTCGAATACTATAGATATCGCGCGCCGTTTCGTCTATAGGAAACCTCGGCGGGAACCGGAGTACATGACCGTAACGGATCCTTACGTGAACTATCCGAACGGCCCCCTCTGGATAGCGTATTAGCACTCCGTTAACAAAATCTTGACAGCAGACTTAATGCGGTCTGTACATTCACGCAAAAACCCTTCTAAATAGGTTCACCTAGCTACCGAGCGAGGCATTCAGACACGCCAGTGACCGCTAAAATGCATGTATCATACGCGCGGTGCTTCGAGCACGGTTCCCGATAGTATGACGCATCGACTGACACATCATAGTAGCAGACGAGTGGCGTGACTCAAGTGGGCAGTCGTCCTCTTGTTGGAATCATGATAATTGTCCTGGGGCTTACTCGCGTACCACCGGATTGCTAAACAGTAGAACTTTGAGCGCACAGAGGCAGCGCATCCTCACTTAAGGACTCTTGTGTGACGCGTCTGCTTACTGCGACTCTAGTGCGCTAAAGGGTTAAGAGGTACTTTCAACCCTCCCGCGCCTAACAGGAAC,1878,52.08,Mus musculus
SEQ_112352,GTTGCGGTGTAGAGATTGTTCTAGTCTGAACGTATCGGCAGTAACCAGGGGGACTCCCCGAGAAACAGGCGCGTTGTCACATCATTGTCTGTCGCGACGTTGCAACTTTTAGCCTGTTTATCTCCGGGTATGAGAGAACGCGTTCACGAAAGGAGCCCCCT,161,52.8,Mus musculus
SEQ_243604,CTAACGTAGCAACGTATGCAAGCCGCTTCCCGGAGCCAGCCTATCAGAAGGTTCTTCGCAGCACGATCGTGTAATCAGTATGGGTAATATGGGAGTACGCTTTAGTCTATAGAGGCCCCCTCAAGGTCCGCCATCGCATGGCGGCCGAGCTTGCACAACCGGTCAGTCGCTGCTAGAACGGTGTTCTCGTAGAGTGACCGCCCGCTAACTCACTGCATATCCGCGAGGTACCCTGGTAATCTAAGTTGAGGAACTCTAAGTGGCATTCGGAGACTTCATTGGTAACGATCCCTAACGGGGTGGTGAGACCTATTGAGCGGTCGGGGCGGGTCGGCTTAATGGAACACGGACCAGTCTTGTCGCCCCAGCCAGGATATATCATTGTGTGCGAAGACGATAGTTCAGGGTCTAAAACCTGTCTTCTAACAACTAACCCAATTAGCTTAATTGTAGCAGCACCGTGCCTGGGCTCTGGGTGCGGTTGTAGGCGGGTGCCTTGCGCCTATTGAAGTTATTTTGCGTATATATGCTGTGAACACGGCCTATGACAGTTGTCTACCCGAGTATTATCACAAGCATTTATAGATCGTTGTCTGGGTATGACGCACGCACCAACCCGGGCTGTGAAATAATTCTTAACCTAACCCTGAGGTCCGCAGTAGTGG,665,51.88,Caenorhabditis elegans
SEQ_957986,ATATCCCAGGCACTGTTCGCGGCGTCAACCATTTCTCCTTCGTGAAGTTGTGGGCTCGCCTTCAAGTTTTGGCGAAGACCCCCAAGGATCTATCATGGTTAGTGGGATTGGCTCTCGATGTAAGCAGACGTGTTTCCAGAGCTCATCTCAACAGCACAAAACAACAGTAGCGGTAGGCCCAACGTGTGTCCCTATTGGGAAACTGGGGGATAGTTTCCGGACCGTCATACACAGTACTTACTTACCTCGAACGGATCGGACACGGAGCCCGCTAACTCACCGCCCCGAAACGTTGCGTCCGGCCTCATGGAGTAACGAAGAACCAGTAAGACCCCGACCCTGCATATGGATGGCTATTGGTTGATCCCAAGGTTGACGCGCACTCCCTAACTATAAGCGCTCCGCACAAACCACATTAGAGTGATAAAATATCACTCTGGTTCATAAGGTCTCGGACATTAGCACGTCTTGGAATACTTTCGGGTATCTGGTCTCATGGGCCCGTTACTACTGTAATAAGCATCGGCGCCTTTAGGGCCACAGAGCTGGGGTTGAATGCGCTCAATGAGCTGTACTGAAACAACAAATCATCAACATAAAATTTATTACGAGGGCTTAAAAGACCAGCATGCATGTGGAACACGT,645,49.92,Escherichia coli
SEQ_659804,TGAGTCGGTTGCACCAAAAGCAATCGGTTCCGTCCACCCATGCCGTAGCCGTACTGAGTCGTTGCCGGAGCTTAAGGACCGGCATCGAGGAGGCAAGATCGAGATCAGGAGAAGTAGTCTCTCGACCGGACGACTCATACTTTGTACCCTGTTCTTTCCCGAGACTCGTTATGAGACAATTCTTTGGTCGTACCTCGCTTGGGAGGAAAGATTTGATAAGCTATGCAACTAGGGAGGCATTTGGTTCGATCTTAACAGTCCAGGGGTAAAAAGTTTTCCGGGTCTGAGGGTACGCCCGGGTCAGGTTGAAGTGTTCTCCCACCCTTGAAATGAGTCTAGAAAACTTGAATTCACAAACGCTTCACCCAAGAGGCGGGCGTACAACGTGCCGTCTTTACTAGCGATACATATGAGGTCTCCGCGATCAATC,430,50.7,Mus musculus
SEQ_359799,GCGTCGACTATCTCACATCAGCCTCAAAAGCTCGTCCAGTTGTTGCCTGCAGATCGCGCCGTTGTGAGCAAACCCTGAAATGATAACACGCCTGATCCCCGGGCGTGGGCGCTCCCGCGATCCAGCCTAATACAAGCGCAATACAACAAGCGGTAGGTAGGCTCAACGGAGCCGTCCCCTGAAGATGCTAAATCGGCTTTATCAAACGGGAGTGAACGTTAGTGTTGCAAGCATACTACCATCGGGCAATTGGGTAAATCTCTGATTGCAAGTTCGGGAAAATCCGAGTCTTAGCAGTAACGCTTAGCCATCAAATGTGAGAGAGCAGGATCGAACACCACCAAAGCGCAGGATTTATTCCCTCTTGCAAACGGGAATTAGTGAAGCATCCGGGTTTCGTGTCTCTAGTAAAATGACGTGCATAGCAAGATTGACAGCGCTAGGTATGTGATAGTACTCAAGAGCGTCCGACGATGACCCACACCCGTTTACTTTGGATTCACTTACCGTTGAATGAGGTTGAATAGAGACCCTAACGAACCCAATATCCGAACTTGCCCGAAGTCATCGCAGCACCTTACGTTTTGTTGGAACCTGACACCCGCGGGGAGCGCTACTACAATAGTCCGGCTGAGATGACTCTGCGCCGCCTGATCCGTCATTATCCGGCAAGCCATTGTGGAGTAGCTTCGTACGACGACGGGTACTTCATTGTGTGAGGCAGCAGAGGGAGACAAATCCCTCTAACACGCGTGGCGTTTGCTGACCTTGCTAGGGAATGCATGAGCGTCATTACTTGAGAACTGCGTACGAATTCAACGTTATTTTCTGAACTCAAATGCTCACAAATTAGTGTCCCGTGCCTGGAGTGAAAACCTCGTGAATCAGACCGAGCGTAGCTGGCTGGGTATGGCCCGTCTTGGTAATCCACATCGGTACGCTGTCAAGCCCCGCTTGTAACACTCAAAGCATGACCCGAAATAGAGTCTGGTTAATCAAATTTCAAGATCAAGATCGGTCGATTTGGACGTAGTACCACGAGGTCCACACTTGTCGAAATTATCAGCCATGAGCGCAAAAACGCTTATACCCAGGCCTCGTCGGGCGTTAACCTCCATACGTTTCATTTCCACAAAGCTGGCCAGGGGGGCCGGAACCGGCTTGACCTGCCACGCTGGACCTGAAGGGGTGGGAAGTGGCGACGCAACTCATTCGAGGTGGCTATCAGTTGCGCTCTCAACCGCGGAAAGACTCTGGGGCGCTGAGTCGTGTCAAATAGACGAACGAGGTAGGTTTAATTTGTACGTGTACTTAGTATGCGAGGATTTATCTTATCCCCAAAGATAATATCTACG,1355,50.7,Saccharomyces cerevisiae
SEQ_152091,ACTAAAAATTATGACCAACGATTCGGACTGCTTGTTATTAGGCGGTAAACAGTTTAGATGCCCGCGTGCCTGGTCTACGTAGATTGTGAGCCTTGGTAAGGATTCGCGGAACTTGGCCTGGATCCGTATATCTCGCGTAACCACCTTCCCTTCTAATAGTGCGAGTTCAACGTAAGCTCTCAGTGTAAGTGAAAGTTCGAGCCTCTAATCCCGGAGTTAAGGCTTGTAATAGTAGCGTTTAGGGTTCCGCCGTTGATCTGAAAAGTTGAGTCAAGTCCACAGTAATCCTATGCTTCCCGGCAGCACACGGGCTGCGAGATAAGCACTTAATCTAGGTCACCTGAAGGAACTTAAGACACGCTGGGGAAGGTTGGCCCGCTATTCGACCTAAGTCGGGCGTGCTAGTGTGGTGTGAATCTGTCTTGTACGGTACATACGAGGATGGGCAAATTCGTATGTATAGTCATATAAAAAGTTTTAAATGTTCCTTGAAATTGAAAACAGCAGCCCCGACGACTGTTCCATTTGTGACCTCACAATGCTAACAGGGTAGACGTATCGATTAGTGATAATGAGGATCTCGTTTGGTTAAGCATGCTAGCACAACACGCGTTGAGGACTATCCGAGTGGTGTATTGCTACAGGTT,647,46.52,Homo sapiens
SEQ_859948,GCTTAACTAAGGCACGGCTTTGAAAAGGGAACCGAGACCTCTCGTGACTCATGCGTGTTCTGACACATAGTTGAACCAGCTGATCCATGCTACCGTCAGCCACTCGATAAAACCAACGTGAATACGAAAAACATCAAACAGTCCACAGCTCCCGACGTAGAGTCTCTAGCTATACACTGCCTGCCCTGTAACACCACGACCTG,203,49.75,Escherichia coli
SEQ_738585,TGAATGCGAGTCGAGCGATAGGTCTAGGGTTTGAAAGGTCTGAGGGCATTTAGCAGGCATTAGAGGACAAGTGTACTAGTTATGCTATCTACTTTCCCGTAACTGCCGTACAGTTTGCTCCCTACCCCTTACAATAGGTGGGGGACAAAGTTAGAATCATGGAGTCAAAAGGATGATTAGCACCATCTGGAAATCAGACATGCGCTCTAGGTGCACCGAGCGGTCCAGGCGGATGCCTCATAAGTATGCACGTCATCAATGTTCTTGTCCCTCGTTGTCCTAGATCGATGTCCCGTACAAGTGCGTTATTTCGTGCGATAGATTCGTTGCCCATACTCCGCGTCCAATGTCTATCCGTCGGAAATTGCGTTTTTCCGATCGATTGGCTACCTACAACAGATAAAGACTGGGCCACGGCAAATAAGCTGTTGAGAACGGACTTAGTGCCGATGTTATAGTATCTACCCTACGGTATTCTACAACGATGAACTAGTGTGTGAATAATTGACCATAGTTTAGCCTTCAGTTGGCGCACTTGGGGCGCCCCGTGAAGGGAGGTAGGCACAGCCAAAATCTGAACAGACTCATCACCGATGCGCAAAATGGAGTTAGGACCTCCTCATCCGCATACGCTACTCAAGGCCCATGCCTACAAAAAGAATGGCTCACCGTAGAATGTGGGCACTGCTTGCGTGGACTAAGCAGCTGCGCTGCTGTCGTTCGCGCGGACGGGATGCATGTACTGTTTCCGACGGCGACGCTGCTCGGGGTCGTACCCAAGACTTGCCGCGCCTCACCACGGCGTTAGGGCCTGAGCTTTGTCAGGCGGCACCGGATTATATGGATTTGCCCAATGCGCTGGTAGCCACTGAAATGGCGCCGAAAGAGGCCCCTGAGCTTATGGGATCCTGACTTACCATTGCCGCGACATCCTGCTAATGTCCAAGGAGGAGGTCTCATAGTATGACATCCGCGCCGTCGACGTTCCATCCGCATTTTACCGTGCCCAACTAGTGACATTTACCTGCCTCGAGACCCGTCCCTCTGGCTGCGCCAGAGAGCTTAAGTACTCACGAGAACTGTACTACCGCCGGGGTGGCGATAGCCTTTTGGGGACCACCACATGTAACGCGGAA,1136,52.46,Mus musculus
SEQ_420837,GATCTACTAATTTACGCGTGGGGTCTAGGGTGAACGTCCTGCTCTACGCCACCAAGCTCGAGATATTGGGCGTTTATAAGGTCGTCAGCTTCAGTTGTCGAACGCGGCTGAAGGTGACCGGCCTCCGGTCTGCGGGTTTTCGGCGCCCTCCTTGCAAGGAGTTAGACGAAAGGAGGCCACGTCTTTGAGAACTCTTCCTGGCTACACTGCTCCCGTAGAGACGCCTTTCAGGCCTCTGAATTTCGACTTTTTATTCGCGAAGCCCCAACAGAGCGGCAGTATTTTTCCGGTACTTGCGCCAACGGAAGAGGTTGTTGTATACACCTGTGCTGTCCTGTATCGCGGATCAGATCACGCGCTCAAGCATAGTGATCTGTCTGCTAACAAATTTCACACTGTCGCGGCATATCGTGGGCACTCCTCCGTAACTAGGGGTATTGCTCGAGTAGAAAGTTAGAGAACCGGTTAACTGGGACTGCAACCCATAAATCTAGGTATATCTCACCCACAACGGACCAATTTTGCGTTGAAGCGGGATGGTGCCGGCCAGCCACAAGTAACCCTCTCTTTCTACGGGGCAAATACAGCAGGAAGAGATGTAACAGCCATCTAGAGGACCCTGTGGTATCTCTTTGCATGTTAAGCACCGTAAGTCTGCAAGAACGGCGAAATGAGCCTGTGGAAATCGCGGTACGCCAGTTAGCACTTAGGATTGACGCGTACGCCGCCCCGAGAGGAACGATTAGCTCGGCAACGTCTTGCACTCACGAAAATGCCTCCCCTAAATAATATCACGCCCCAAAAATAAAGTAGAAGCACAGGCCCATCCTAGGTAGACCGGAAGATGTCTGACGTAACAATCAGCACGCCAGGCTCTCACTGGATGATAGTATAATTCCTACATGGCTCGAAGCCCTTTCGTGTCTCAATCTATTTCCCCGAGACGGATGGTGATGTCTAATTGCTGGCGTTGGCCGAATGTTGTAGGTGGCTTCAATAAG,1001,51.25,Mus musculus
SEQ_660435,TCGAGAGGCGTCAGGTAGCTGTCAGTCATCCATTATATGTTCTCGTTGGGAAGGAGAACCCGTCCCCTACGCCATATTACTTAAAACGCCCCATAGCTCCCCCAATGAAAGAGTGTTGCGGTTGGCCGAACGGGAACTCGCGTTTCCCCGTATCGCCTTTTACTCCCCCATTCAGTCCAGACACTGATAATTGGATCTCTATTCCCTAAGCTGCTACGTCCCGATCAGTCTACCATCAGATTTGAAGTGACGTATGGCCTCCATCGTTTTGTTCTCAGTATCTATCACCGGCCCGTCTGTCGTCGGTGCATTTGCACTAAAGGCAGTGACGTGACCGCCACTCACCGGGTACCGGTAGGATGTAAACGGTTGCAGGAACAATTGGAACGGTTAAAGTGTCTCAGGTATTTGTACTGCTACGGACAGGCTCTCGCTCTCTGGGTAACGTGCAAAGCTTACCCTACTCAAATAACTAAATTTTACGAGAAAGATGGCCCAGGCCACGACACGTGTTAAGGAGGAAATGTTGGGCGTGTGACTTATCCATTTTCAGAATTGTGGCCATTTCGTCCGCTTATCTGGCGCCTTGCCATGCGTTTGACGGCTTTACTGCATGCGTGCCCATTAACATAGCTATGGGGAGCCGGGGTTCTGAGTCAAGATAATAAGTATAAAGGAAGGGACCCCCCTTCTTAATCCGAGACTGCCCTATGCTAAGTAGACGACACTGTTTCTCTCGGGCGTGCTTGGTTCTCCAATAGCTTGCTGAGTAGACGGACATGGTTCCAACAGGGAGCTCCTCTTTCGTTTACGGCAAGGCCTGAGATGGGAGGCTCAACCCTATAGTGAATAAAGGGCCTGGTTCGGACTCACTACCAGATCACGTGCTGACAATAGAACGTGGCGCAATTCATTACGAAACAAGATTTCCTTTCCCTCGTACAGCATGATCAAGTCGAACGGTAATAGGTACTAGCCTAGGCGACAGTTGGATTTCTCTTATGTAGTGCCGTAGTCGTCGATCTAGACCTGTGTTGGCCGGCCTTGTACTCCTCGAGCACCGGATTGGCATGAAGACAGTTATAAGGATATTTCGGATGTGATACCAACTGCCCAGAGAGCGATCAGATTTTAGGGAGCGCGCCGCTGGGAGGGGATCCCTCTATGATTCTTACAAGGAAACGCTCGGGACGGCTTCGCGACTCTAATGGGCCGAGTACGAGTACACCGTATAGGGAAAGCTCCTAACAGAATACTGTGCCGAGACAGTGTTCATACTGGAAAAGCAACTCTGAGTACAGGGCGGCGAGCAGACTGATACCTCTGATGAGACCACCGTTACCCAGGCCGTCGGGATTCCCGGCTATTTTCACTCTGTGCGGTCTAGCGCAGTGACCCCACCAATATTAACTAATGCCTTCCATATAGTAAAGTCCCATTCCTGCGTTTGTATCTTTTTTGTAGTATGCGATGTGGGATAA,1481,50.1,Caenorhabditis elegans
SEQ_805476,GCGTAATCGCAAGTCAATAGCAGTAAGAGAGCTGAGCGCAGTACGTAACCACTTGGTCCAAAGTGAGTGCACCAGATGTGTTGATTACATCGGCCTTTCATGACATCAGCGTGCGTATCGTAAGCCCTCGACTCCGCACTAGGAGTCAAGGCGCCCCTTCTCTGCACGCTTTCGTAGTGCCCACCCCGCGATATCTTCCCTGCTTATGGTGCATTGGAAACCTCCCCGGTCCCCCCTAATACATAACGTGTGCCCATAGTCGACGATAGTGGGTCTACGAAGTCTCATGATTTAGCGCCGACCACCCCCTAGGAATCTTGTAGTTTAAAGACCAAAATCTTCCGGGTGTCTTAGGAGTTAGGATCAAAAGTAAGTGGGGTGCGTCCCCGTAGATTGCCCCGCTCCTTCGTTTCTCACGTTTTGTACTGTGTCAGTTTAGTTCTAGGGACCCCTTTGGCAGTGCTGTGGTCCCCTCGACCTCCATGAACCCCCCAGGTTCTAAGGGAGGAGAAAGAAACAAGTTGATTGGAGCCATGGCACGGACAGTCGGAGAAGAACCAGCTCTTCTCTTAGAGTTAGTCGGTGATGCGAAGATTGGCCGGATTTGGCCGAATGACAAGTTGAACGCAGAAGGATAGTACCACGCAAGACCCCGAGAAGTGGCTGTATTGGAGAATAGTCACACTATAACGCCCGAAAAATAGTATTTAAATCAGATCCAAGACTTCACAATAAGTTTCACGGCAGCAACGGACGGAATATGGAAGTTACCATACCTCAATGCAGGTTGGCCTTCACGACCGGCTTTATGGCTATGGTGCTTGTCGTGGCCGGCTCAGCACACGATAACGCCCTGAATGTGGTACTACGTCACAGTACCTAGTTGAGATGGGAGATTTCGCCGAAGTACGCCTACCAAGGAAGTCAATTGTCTTGGATTCAGGCATCCTAAGAGAGGTCAAATCACCGAGAGAAATTTACCATGCATGTCGTAATTGGGAAAGCAATGCGATTTGCATATTCACCAAGGCAGTGGAACTAGACTTCGGGAAGTAAGGATTTTTGCGCACAAATGAGGTGAGAACGGGAT,1090,49.72,Drosophila melanogaster
SEQ_210620,GTTTCCCTAGTGGGTAACGAATGATCAAGTGAGGTCATACTGATCCCGTAGTCGGTCAGAGACTATTGTTGGCGGAGTCGTAAAAAAGTCCCATCGGTGATTCCCCGAGCTCCGTCTTTCCGAGTACGCCACAATCGGTGCCACCCGCAGGTCCCGCTTCTGGATATCCCGATGAATGATGATGGGGCCTCACGGTCTACCAAGAAGAAGGTCCTGCCTTGGCATTGATTCGCATCACCTAACAATACCAAGGGACCAGTAATAATCGGCAAATGTAAAACTCCCATTCGCCAACGGTCACAGAATGTGTTGCTGGAGAATCCCCCCGGGTGCTCATGCTCTGCCTTTAAGATGACCGTGCATCACGGCTGGCCTTAACAATAAGAGTATCATAACAGCAGGGCACGCAATATGGCGAGAGCTAATTCCATAGTCGCAGCGACACGACTGATGAGCTAAAGCGTTTAAGATGGAAGCTCCCAGTCAGAACGGATTGCTTTTCAGCTCTAGTTCGTATAGTTATTGTCTTGAAGCTAGCCCAATTGCGGAGCATACGAAATCGACAACGGGTTTTCAGCTCTACAGGTATTCATGGGGCTTATCACGAAGTTGAGAATTCCGAGGCGGTATCACCCGGCTCTTGGAATCCTTCATAAGACTGGTATATCAGAGGATCGCAAACCTATGATAAGTGGTCCCGCCGAATGTCTAAGACCGAGAGTAACACCACTGCAGGTAGTCTGAGAGTCCCTCCACTAGGCTTGACTTACGTTCAACCGGGTCGTCGTCGGGTAAACCCCCTATGGCAATCTAATTGTATACGGGCATACAAACAAGAACTACTCACGGTGCTCTTCCTGCCAGTCCAGCCTGGAGTAGTACGGATGTATTTGGAGGCAAAACAACTCTTTTGTCATTTATACTAC,926,49.24,Drosophila melanogaster
SEQ_501871,CTGGCTGCTGTGCAGGGCCTCGGGGATTAGGTGTAGGGCGTGCCCGGGGTTCAGGGCGCGATTAGTGTCCGTACAATTGGCGAGCGGGCAAGAATGTAATCCGGCTGAGTGGATTGTTATCGGGGAGGCTACGGGTGCGTACCAGAGCTAGTCTCTGCGACCTAGCTGGCCCGTTATGGTAAGGGGAAGGGGATGCGTTAGTATTTACTATTCGCGGCCAACTAAACATTCATGAGCCCTGCGATAACTTGCAGCAGCTTAGACCTTAGAACGGCTAGGATGAGGTTTCAAGGAGGTCAAGTTAACGATATGCATCACATTAACGGTTTAGTGCGCGCTTATCTATCTTGCGCAGCGTAAGCCTATGCCCGACGCAAGTTCCGCGCACTGTCGAACGAGGTCGTGGGCAATGAGACGCCTACATATCTCGAGGGGAAGACATCACATGGACTTTCCCCGCGCGGTAGCAGGCCGCGTGGACAATCCTCAAAGGACGCGTCATCCCATGCTGTTGAGCGAGGCGAGCAGTCGTGATGACGGAAGATTAAAACAAGTAGCTCATACTTTTCAAGGAACACTATCCAAGTCCGAAACTTCGCCTCGAAAAAAATATGACGCATCCATATAGCGTGCTGCGCTCCCGTTAGCTATAACCATCTGACACGAATCTAAGGAGGAATCTCGCCCATGGGAAAGCACTCACCAAGGATGTTCAGTGAGTTCGTCAGAGTTGTTTGCGGGCCAGACTTACTCAGCACAGCCGAATGTTGAAGGGCACACAATACAGTTTTCCGCTCACAACTTGACTACAACGCTTGGACCTTTGCCCGAATATGTCTAACTCTAATGACTAGACACCTATACGATATGCCCCTCAAGGGGTGGACCCAGCGAGTGTGCCTCGACCGTCCACATTCAGCATGGATATCAGGCTACCTACTCTACCCAACCTGACATGTAATATGAAGACTATCTCTTCTTCTAGGCACTGCAGTGATAAACTTTGTCGTGGAGGTTGGCGATAAGACTTCCAGTCATTAAATACACCGTACAGGGAATCATAACGCTACGAGGCTAGGTACAATGCGTAAAGATAGAGAATAATATGCTTCAGGTGAATCGACGCGCGGCGATGGGTTGTGTGTGGGTCGCTGGCTTATTATGGCGATCTCTAGACAGCTACCTTCCTCCGGACTGGCTATTCCAGGGATGACACATGCCGCGATCTAGCAGGCGCCAACGTATCAAACAATAGGCTTGTTTTTATTGCTCTTTGTCGTTTTAACTGAGGCATAAGTACATAAATACTGTGTCAACAGGAGGGGGTCTTAGCCGAGCATGATGTGAATCCCGATCACTCACACCAGATGTGTGAGTCCTTAAGCGTTGGGTACCCCTTACCTGGTAGTCGGAAACTTTCGGTTAGTACCCTATTGAGCGACGCCAACCATGGGCTAAGTTTTACATCAGAAATGAACCTTTGGTGACCTTGAATTATCCAGAGGATACTTTCGCGGCACGTTACCTGTTTTTCAGTATTAGTTCGAAAGGACTGACGTTGGTCAACACCGCGCGGTCTCGCCACATCAACCCTTCATATGCACAGACGACGTCCATGCAGGCTCCGTCGACCGTCGGTTGGCCGCTAAGGTACGCATTCTTGCATACGTTTATCGAAGCGAAATTGTTGGTCCGTTCTAGGCGTCGTTCTGACTGAAGGCAGGATCGGAGGGACAACGTGATGGTAATAGGTAAATCAGTAAACGTAGTACGTAGCGAGTGAATCGTATCTGTTCTAAGAATTAAAGCAGCGTGGTGACCCATAAGCTCATGT,1834,50.0,Arabidopsis thaliana
SEQ_547044,TTCGCTTCCCTATTATGCACGCGACTCCCCAGCATCCCCACAAGACAACGACAATGTATATGTGCCACACGTCCCCAGAAGCCACTAGCATACGGCCAAGAAGGTTACGCATTCGTACCTCGAGTACTATAGTATACATTCGCCCACTACAGAGCATTCTGCACCGCACTGTATCCGAAGGCCGGTGACCCCGTACATTATGTCTAGATAAGTGTACGTTAACCAGTGCTAAGACACCCCCATTGGAATCTGTACCGATTCAACCGGGTCTAGTATTCATTCCCTGTGTTCACCATTAGCGAGCGGGTCTGTTGGTGGTACAAACCACACGTCAACACTAAGGTAGTTCTACCCGCAGTTAAGGTAAGGTGTTAGTGTGTGGAGCTCCCGGGAATCACAGCTTGCCGCTTTATAGCCATCTAGGCTTGTTCCCGTATACGGTCGGCGGGAGGATTCTCCAGCCCAGCGTAGTTTTCTATTCCGAACTAGCGCGCCGCAAGAGAATTGAGTCGCCGCGAGGTTTCCG,526,51.71,Escherichia coli
SEQ_162961,GCAGAGCACCGCAATACCGCGTTAAAGTCGAAGTCTCGCTCACAAGCTTAGAGTGTACGACAATGTCGGTAAGGCCGTAGCACCCCTATTCTATCCGACTCATCCACAGAGTTCTTGAATCGATGTTTGAGTAAAATGTGGTTCGCACCACGGTTCTCCTTAGGTCGCAGTCTACTAGCGATCGCGCACCATATAGTGTCATTCTGGGCAAACGCTCCTATTCGATCTCACCGTTGTTATTTATGAAGGGATGTGGGTCTGATCCGTAGAGGGCCTGTGGTCTCCCGTAATTAACGGATCAAGCTGATAAGTATAGGAGCAACATCCACGACAGACGACTAAATATAAGGAGGCGACCCCTGTGGCCTGGTCATTCCGTCCGTCTCCCTTCCAAAACTAACTGGTCCCAGCGTAGGCTCGACGATTGACGCTTGAATATCGGTTTCGAACATGAATTAGGATACGGAAACGGGGGCCAGCAGGTTGACTTCATTTGACGGGTATAGACCCAGAAGCTAGGTCTCATACCACAACTAAGATTGAAGTTCTCCGCCTTTATAGATCTGGAGAACGACCCATCCTAACTCAATGCACGGGGCTGGGCTCCAGCACAGTGTTTCATCAGCAGTCCAAGCATTTTTGCTCGTAGGCTGAATCCAATTCGCGGAATCGCTCCTGGTGATACCAGAGTTTACCGCTAGGTTCAGGCGCTATTTACATCCCGAAAGACGTACGGCGGATATCTTAGTTATATACTGCTTATTACAACCAGTGGCGGGCACAAAAACCCTCGCACGTTATGATTAAATTGCTCCGAGGCACACGATGGTCGAACGATGCTTGACGGAATTGGATACGGCTAGTAAGGGCAGGACTACCAGGCGAAGGAGAGCCCACTTGCTCGCGTAAGGCGAACAGGGGTAAGGCGAGGAGCTCTTAGTGAACTCCAATGGAAAGAGTAATCAGAACTCTGCCGGGTCTGTTGTAGGACCTGCGTCTGCAGATTAGTACTCCAGCTCCTTGCAGGCTAAATGATCGCTCATAGCCTAGTAAACAAAATAACCCATCAGAGGCACTGCTAATTTGGAGGTACGCAGAGGATCAGCAGGCTTGTGCACTTTCAATTGCGTAGGGCCTGCAACTGCATTCGCTCCAAGGGTCCCTCTTAGGGACTAGACGCGGATGTGCAGGTGTCCATACTTCGTAGTGGTCAGGGAGCAGGTAGGAATACAAAAACCAAGAATATCTGTACGAGCTCGGTGCTTTTAGCCGTGTAGGTATGACATGCAAGGGGAATCCGTCGACCGCCACGCACCTGTTATAGTGGGGTTGGTGCTCAAGGGCCCCGGCATGGGAAGAAGCTCCTGAGTTTAATATTAACCATTGGGCTTACCATATCAGCCACCCCAGAATACCAGAGAGGACCTAAGGAGAGATATGCGGAGTGCCGGAAGACTACTGTAGTACCGGCGAAACCCGGCTAACGAGATATCGGGAGTGCTGTACGTGCCTAAGCCACGAAAACGTACAGCAGTCACATATCACATGCTCATAGTATCGAGAGGCTGTCCGGGTCGCCGAGGCGGTGCCAACACGCTGGTAGATTAAGCCAAAGTACGGCCCGACATGAATGTCTCGACCTGACGAGTACCGAAAACTGCACGCGAAGTTATATGGGACTGAGTCAAGTGGATCCTTAATGTATTTAACTACACTGGCTACAGCCGTCCTATCCGTAACCG,1742,50.69,Saccharomyces cerevisiae
SEQ_845389,CGCCCAGGAAAAGACAGCAAGAAAGGAACTTATTACTAAGGGCTACGGATCGGTTAAATCCCGGACCTGAATTAGTGTCCTTCGTGCCGTGACGGATTAGACAAAAACTGGATGTAGAAGAGCGAGTTCAATTGCGATCCCCGATTTTGCCATCGCGCCCGCTCTCTAAGAAATATGCCTACGCGGTTGACGCCGGTAACATAGTTCCACTTAACGGGCCGACGATGTAGCTATGGGTCTCTGATACCATAATAGTCTAGGGTAAATTGTTGAAGTTGTGGAAGGAAATTCTGCCGAGTTGCCTGTGGATGGAAACATTTTTGTTACGGGGCATGAACACTCTCCAAATGCCTTGGCCCTCCTCAGTCGTATATGGCATATGATCTTACATTATTACTAGATAGTACGGATTTCAGGGTCATTGGACCGGTGAATAAGGTTTCGTTCTGGACTGATAGCTCATTCTCCGTGCACCGCTTAGTGCTTTAGCCGGCTCGGTGTCCA,504,47.62,Arabidopsis thaliana
SEQ_713628,CTATGTGCGGGTGGTTGGATTTCCGCCTGAGGATTGCCCTTCATGGACCCACAGAAAGTTGCTCGTCACTCTCCTGCCAAATACTAATTCCTTAATAATAGAAGCGCTCGGACACATTCGTAGGCGGATCCACAGAGCGTCTGGGGCAAAAGCGCAGGAAAGGGGAAGTAAAAACGGCAAGCTCGCCTATCCATACAAGTGAGAGTCCCGCCTGGTATAAAGAGTTAAAGTAATTTTACTTTTGCGAACGGGACAGCCGTTTAATCTCGGGAGGGCATCTTTAATCGAACCACTCGATGTAGATGACGTCCGGGCATACTCCAGTCGCAAAGGAAGGGTTTCTTAGGATTGCATTTGATGATCGTACGTGTGATGCTTGGGAGCCCTGAACTTAACGCATGCATCCGGTGTGTTGTACGCGCATCGCCAACTTTAGCATCTACAGTTGCAAGCGCGGTTTTGGTAAGACGTGAACACCGTTCCCCCATGAGTTCTGGCTCCACCATTGATCTAGAATGCTACGATAAATCGCCCGACCTACAAGAAGGCACGCGGAGTGACGACTCCACATCACCGGTTCCACTATATGGTACACTCCCCAGGCACTGGGAACATACAGGGCGTTTGCCCACGGGCGCCACATGCATCGTTGCGTCGTGTTCACATTATCAGTGTATGCCAGGGCACCAAACGTATAGCCGAGTTGATGCTGTAAATAGAGGGAGACGGAGTTCTTGTCCAGCTATCTGAGTACGGACGGCCTATGCAGGTATCCTACAGCTTATAGTGTAGCCAGCGCCTAGCGCTTGGGTACACTCGCCTAGTAGCCACCAATGGAACTATGTAGACGTTTGGAATATGAAACGAGGGCAAGTATCTTCGGTTGTAAGACACGAGGCATCGCTTGATTCGTGTGATTCAATGGGCTCAATGAAACTCCAGTACCTGTCGTGACATTTCTAACGACTGACAGAACGTGTTTTT,984,50.1,Escherichia coli
SEQ_570929,CGAAGGACAGCGGTCCGCCCAAGGTCACTGCGAAACTGGTAAACTTTGCCCATCACGAGACCCGGTAGTTCGGAATCATAACATGCTTGCGCAACGTTACTATGCACTCCTATAGCCTCTCTGATCAGTAATGCACTTTGTCTTCCGTGTTTGCCCCCTCCTTGCACACAGTGTCCAAGATGTTCTCCGTCGTGAGTGAGTGTTGAGTTCAGAGACCAAGTGAGTATGAGCTGGTACTAGTGCCACACAGAGTCCGCAGCTTTCTTAACACATCTAAACTTATAGCCATCACTCGCGACCGCAAATCTGTGACCCTTGCTAGCCCGGTATCGGATCGTTCACACTAGCAGCAGACGTACCAAACTAAAGCCCGTATGTACTTGGCTTCGATGCTTTATATAGGTCCTAGAATTTCTATGCCTCTCTAATACGGTCGGCGTAAGAACCCTACTGCAACATGCTCGGGTAGCAGCCGCACTTAACTCAGCGAATATGTAGGTTTTTTTAGGCAGCTATGTTTTGAGTATGTATCCGTAGCCGAGTCCTATTAGTAAACCTCCCAGGGCCGTCTAGTCTTAGTTGTAAGTATAGGCACTACTCGGTCTTTGATGTTGACTTCCACGGTCCGCGAAACATACGAGTGACCGGCGGCATGCGGGAGTAGCGTGTATAAAGCCGACAAGGCTGTCAGTGCCTCAATTGCAAATACCGTATACTTTCTTACATCGGGGTATATACATTCGAAACAAAGAGTCGTACTGGTTGGGCGTAACTCCGTCCCCTTACCCCCTGATTAACCGGCTTGAAAGGCTGAGGTTAGCTCTTATCAGCCTGTACCACGAGATAGATGTACCGTTCAACGCTATCATTCCGGTATCATGTGCGCGACGTATACACACTCGAACGCTAGGCCTCCTCTCTCTTCCACATTATTCATTA,939,48.78,Drosophila melanogaster
SEQ_173187,CACGCTGCAGATGTGCGATGCGGGCTCTTCACAAGACATTATTAGACGCGCTAGCCGAACACGACTAAGCTCTCCTTAGTTGCGAGCGACCGACAAACTTGTGAATGCCAGTGTTATTGAGTGTCTCTACCCTTAACGTGTGCCTTGCCCTGGTCTGGACCCACGATTATTGGCTTCGAACATAAGTCACGTTACCTACAGGGGGGTGTATTGCCATCCGGGAGGCAGTCTTTGGAGAAGTGATATGCTCTGGCGGGCGTAAGTTAACAGTCTGAGGACGAGGACTGCCGTGCTCGCGTCGTGGACGCGACGACATTAACAAGGTATCATATATTATTGACGTTGTTGCTGTCACGATCGATCCCGCTGAATACACGCTATCCTAGTTTCTTTACCGGGCAAGTGGGATTGTGACTCACTAGGATGGGAAGCTTTGCTCTTCCCGCCACCTATGTTTAAGCCAGGGGGGAATTGTCATCTGGGAGGGGCTGCTTCTCGGTACCGTACCCCGTTCTGCGTAAGGAAGGAGATTTCCCGTACCTGCCTTAGAAACCATTACTTACGGAACTCATCCAACAGCGAGGCCACCTGCGTTATATGTCGGCGATCGCGACACGGGCATCAACTATTTGCAGCACCATATAGAGAATTCCGTATAAAGAGGCGCACGGTTTTGGAATTTAGTAGCTTTAACTAGTGCGACTCAGACCCAAGCGAGCGGGTGGCCTACCCTTTAGTGGTTCTACTGGGGCTATATAGGCATTCGTGACAACTACTTATCAGGGCCGCATACTGTAGCTGATCGGATAGAGTCGTTCGTCGCAAAGAATGGAGGTTCCGGGTGATTCCTGAAAATTAATGCGTGACAAACTTCCTCACTATGCGTTGAAGCATAATTAATAGTCGCTCGCCCGGCGAAACTCTTCTCAGCGGGGGGGTACTTGGATCCCCGTTATGGTCTTGACCGCGAAGCCCGTAATCATAATAGGTGCCGAGACAAAAAGAAGTGATGGCGCCCGTTTGCGACGAGATGATACCGTAAACTTGCGTCAAACGTTCTCAACCCCCGGCGTTTCGTTTTAACGAAGCTCCAGTCCGGGCGACTATTAGCTCTTCATTTTCAATGTCTGGAAAGTTCGACAGCTCTAATAGCTTAAATTGCTACGGTTGGGCAGCGCCCACTCCATAAGTAGTAGTTTTGCTGACATCGCGCTCGGCCTATACCCTCGGATCATGCTCCATGAACACTGACAGGCTGTCCGATTCATCGAGATACCATCGCGCAGTTTACGGAT,1295,50.73,Homo sapiens
SEQ_626496,CGCCGCCGATAGCCAGAAACAATAAAAACGGACCCTCGCAGGGGATCATTCGATATCTCCTACATGACAGTTCGCTTTCGGCGGAATAACTTACAGCGGGCGCCCGGAGTAGGTATCACGAGCAAGGATGGAACGTTAAGCGCATATGGGTATGCCTTATATGTCATTGTTCACCACACAGTTAACGAGGTTCGCAATATCATGCATACGTACATGCCCATCCCCATAAATGTGGTCCTGAATCCAGATAAACCATATCGTTGATCTTCATGACTGAGAGTCCCGTTCTCGTCGAAATGTCGTCACGATGTTATATATGCTAGTGGCAGGGTCAAAGAGAAACAATCTATATCTAGAATACTGGCGAGCCCCCCGAGACGCTCAAACTATAGCTTGAGGATATCGGGGTGTCGACGCCATGGGTATCTTACCTCCGGGCCTGTATTGTAAAAAAGCATTCCATGGATTGAAACTCGTCAGCAGCAGTGTATCGGAGCCGCCATTATAAAATTCGTCTTTTATACTCTAGTTGAAAGCTGTTATGCAGGGTCGGGATGCATCTAGGATAGTTTGAGTTATGGTACATGGTTAATATCTCTATTATATGTCCCGACGGGGTACGACTAAGATGTAGCCTGAACACTGGTAATTAATGACGACCCCCACACACGAAGCCAATTGAGTGGACGCGGGCCATATCAAAAGCACTTCCCTACCACTAAAGGGTCTGTTATCTGTGAGGCATCCCGCTAGTACACGTGATTACTATTCGACGGAAAGAAAGCTAAACGATTTCGATGTCTTCGCTGAACTCACTGCTAGACCGCATACCTCCGACCGTAGAGGGTCAATTGACCCCACGCGACCATTCGGGGACAGTAACACTTGCACGGCACATAAACAAAAACAAGCCGGACTGTTAATCAATTTGCCCTTGATGGTCCTACTACAGGTCTCTGAGGGGGTCAATAGTACATGAGTTGGATCACACATACTGGTTATTTGCGGACGCCTTATTGCCCAGTAACACGCCTACAGTCACACTCCCCCAGCAAGTTTCAAAAGGTAGAGTTATTTGTGATCCTCACTGCCCTGAATTCACACATAACCTTGGGTCACAGGTAAGCCTCGTAGAAACAATTGAGGCTCGGTTATTTCAGCTGCTTCTGCGGACCACGCCTCTACCAGAATCACCCACCGATGGTTCATCCACCACACACGAGAACGGGGGGCAGGGAACGCTGTGCTTTAGAACCATTGGATATTCAAGGGTATTAACCAGCCGGTGCAGCTTCTTAGCGCGTTCCTCGCATATGATTGTTCGCGAACTTACCGCTACCATTGGCAACCCTTATCGCATTAGATATTGCGTGATTTGCTTGTGCGTGGATATAAGCTGTGATAGCAACGGGGATGGTTTTCCGGCATCGTGGGCACCAGGGGGACCAAGTTGCCGGAGTTCTAAGGCAGTATTTCCTTCGCAGCACCTGCTAGCATCAGGGCAACGTGGCGGTTGCTATGTACTGACTGAGCCTCATGCTATCTCCGCCGACCGCAACAGCTAAAAGTTCAATAACGGAGACGGAGGCGGCTTGATTTTATGGAAAAGATTTTGCAAAGTAGCGGCCGGTCATCGATATTCTGTTTCTATGATGATGTGGTAGTGCCTCCCGCGATCAATGAACAGATATTCTAACAACGTCTGATCATTGAGAGGGGCGGAATTACTATCGTCCTTTCTTAATTGATCCAGAGAAGTGTAGAACAAGCAACGCAAGGCGGACCGCCGCCTAAGCTTCCTAGAACACACACCAATCAGACTTATTATCGGTCACAAGTTAATAGCAAGCCGCGGAGGCCCGATCTTGATACGTGAGCCGCTACTGCGCCCGGCTCTCATATGACTGGTTCACTGCCGATCT,1922,48.6,Escherichia coli
SEQ_499920,ATTCAGGGCCGCAGACTCGTAGGACGACAAAAGAAGATTTGTCCACCGCCGAGCGGCATCGACCCAATGCAGCCGAGTTAAAATTAATGCTGAGCAGACATGGTGGTGAACGAGAAGCAGGGTTCTGACGTTTTTATACTAGCATGCTTTATCCGCATTTCATCATCGAGCTGCCCCGACTCTATATATCGTAACAGCCACTCTATAGATCGATCCAATAAACGACTCACTCACTGGTTGCCTATTACGCCACCGGGGATGGGTTCTGTACCAAGCCCACACTCAGACCACTAGGCCAAACGATGCGGTCCACAGACCAATCAGGGGACCGAATGACTGGAGCCTACATTCTCAACACGTCATAGTTCGGCCCTATTATCACATAACCTTTGGACCAAACGCACCCGATCCGCGACCTGCCTGAGGCAACCAGATTGTAGCCCTGCGTAACGGAGCGCAAGCTCTGATTTCAGAGTACAAAGGGGATGGCCGAGCGGGAGATTGCGCGACAAAACGTATGCTCCGCCTTACAAACCGTGAAGAGTGACTTCAGACGGACGTCATGTATATACGCCGATATGACGGGACGTTTGATAAATACTCGATCGTAGATGTTTAGACCATTAGTCCCCGGCCGACGCGCGCGATCCGTTACTCCCGTCTTTCGGCGCGCCTGAAAATGTTAATTTGATGCCATGTGGAGTGAAGCAGGATAAACCTAATGCGAGTACCGGTGCTTCTGACGTGTACATGCGTCGGCGCTCTTTGGGTAACGTGAAGTGTGTTGTGTTTTGCCGCCGCGTCTGAGTGCGTGACCCCGCGCATCCTTTTGACGACTAAAATTGCGGAAGGTCAGCCACCCTACTGCGAGTCGGTCCCGGGGAGGTAGCTTTTCGGACGCCTGGTTGCTGCGTGTGCTTGGTTTCGTAGATACGATTAACGAGAACCCCTGCCGACCATTTCCGCGGTAACTAATTACAAAAACACAAAGGTTACTCGAGTGTGGCGAACACGCAACACGGCTTTAGTTTAGCGGTCCAATGCGGATCATGACCTTGCGTAAATGTGAAACGATGCGAGCGGGAGACCATATTTTGATTGTGCTCAGACTCTGTAGCGTCATGCGTACGGAGGGCCCTCTTTTTAACTATTAAAGACTCTGATGCAGGCTACGTAGACATAGCTGCGCGGACACACCATTTATTTCGTTCCGTATTTGCAGTTATCGCCTTAAAAGATGTCTTGGAATGTTATCGCCTATCTGGACGTCAGCCTAAGACGCCAATACCTGTGCTCCTGGCGGGGCCGCTGTGGTTCCCGTTCATATGCCTACTGCCGCTCGAATGCCCCCACTATGTACTGCTTCTTTGCTGCCCGGCTCCAGATTTTTGGCTCGACCGAATTGTAGGGCATAAGACAGTTACTTTAGAATGAAACAATTATCCAAGCAACACCGGGGTCCCCAAAAGCAAGCCCAAAAGTCCACCAGAAATAACTTTGGCAAACCACTGATGGTACGCAGACGTGCTTAAGCATGACATTTTTCAAGGTAAATGAAACCGTATGCATGAAGATAACCCCATAGAAAATTGCTAGTATCTCTCGTCTAAGTAGACTTCTGCCGTAGGTCGCCTGTGTTGTGCGATAGGCGCGATCCGCTAAAAGACCGATACCAAGCCGTACCTCCCCGACACATTCGCGCAATCTGTGAATGCGTGAAACAAGGCTTGCTGAACTTAACACACATTCGATTGAAACAAATAACCGCTCATGAATACCTTACATTCCCTACACTTGACTCTCTTAGAGTAGCTAACAGAGGGAGCTTCCTGCAGCAGTGTTCTGCAAGATAGGTCCACACCCGGTGTATTTAGCGGGTACTCCAACAAGTTGCCCATAA,1900,50.11,Drosophila melanogaster
SEQ_330702,CCAGCAGACGAACCCGGCGCTAGTCATCGCATCCCTCCCGGCCCCATGGTGTCTGCACGGATCGAACCGATACTGTGAGTCCGAACCGTCAGGCCACGTGCATATGATTCTGACCCCAAGCCTTTTCGTATTCTCATCTTAACACAGTAAGAGCCTTTCTCCGCACTCCATGTATGATAGATAAGCCTGTAACGCCGGTCCTATCTGTTTACCTGGGGACAGCTGGCCCTTTACCTGGGGTGAATGCGCTAGTCCAACTCATAAGGCTGAGGTAACTTACGCATCTCATTCGCCTTTCGTTTGCCGCATTTTTTGCCCCGGCCAACGGTAGCCATCCTCCAATCTTGACACGATGTTTCACGAATGTGCCTCGATTACTGCATATTCTCGGCTACTTAGCCGGTTGTTTCATTATTCATCTAAGATGAAGCGACTCTGGGTTTTACAGCCAAAGACTAGTGCAGCCTTTCCCCATCGCATCGTACATGAGCCGCGATTGGGCCTTCGTAATCCCTATCCATAGTCTACAGCGGGCCTCTTAATACGCATTCGCGAATGTACCCAGATTCGTCAGGCCTGGGAGGTTAGGCTACCTGTAATATTGGCACACGGGATAATATTGGCTGGGGCACTTTCCCACGATTTGCCTTACACAGAGTTACTGTCCCAGCCTATGGGCCGACGCTGGGTCGTCCAGCGATTCATCGGTGGTGCATACTTTCTGGCATAACAAACCTAAGAGCTG,745,51.68,Saccharomyces cerevisiae
SEQ_828881,GTTTGTGTGGACGAGCCGCGAGCGCCCCATGCCTAGCTCACGGTGTCACTGGCCGCGTACGAGTCTGATCTTATGTCTGACCTCGGTAAGGCTAATGAGTTCATATCGAGCAATGGTAGTCATC,124,54.84,Saccharomyces cerevisiae
SEQ_339266,ATACGTAACCTTCCTTTGCCTCGCTATAACGGTACTTGTGAACTACACCTGGCTACATCGATTGGGACATAAGACTGCTACGGCTGGGGGTAGTAGGCAGAACCCATGGTGGGTCTTAGTCCCGGTAATTTAGGCGGCGGAAATGCCAAATGCTCACCTCTGAATCTCCAGCCGTAACACTGTTGTGGTGTTCATGATGTTTAATTAAGGTCTTATCTCCGTAAAGTCTTACGGTTTAGGAACAGTTTTAGTTACGCCTTCGCCGGATCAGCGCTCTCCATGTAAATGAATTTTTCTCTTATCGGCTATATTTGTAAAGACGCGGGATTAGATGCCTGATCTAAACGTAGAGGAGGGAAGTTTGTATATGTGCATCTTCGGCTGACATGCATACGGCTTCTAATGAATAGTATATATAGCCAGAGTGGCCGCAAGGTTGGCCCGTTAAGGTGTATCACAGGTGAAAATAAAAACTGCCACCACCGCCGCGGCTACTTTGGAGCGTATATGTTAAGGGACCCGACTACAGGTCCACTGTTTGTCTCCCATGCCAATCTCAGCCCCACGTTAGTATGGTCTCTGAGTGACGGTGAGCAA,597,47.24,Caenorhabditis elegans
SEQ_318359,TGGGCTGCCATTCGCTGTATCAAGCCCTTAAATACATTTGTCGCAGAGGCACTTAGTACCGACCATGACCATAAACGAAGAGCCTGATCCGTTTGTGTACAGAGCCGTGGACCACTATCGTGGGTTCACCCTCTCCTATATCTGACAGGGGGAGGGGTCTGGGCATAGACGGCAGCCTTTTTTCGTTAGAAAAGCGTTCCATGGACACAGGCGTGGTTGCT,221,52.04,Escherichia coli
SEQ_302821,CTAAGTCGAATGGGGAGTTTGAACCGGTATAGCAAACGAGGCTCTGTCCAAGAACGATGGGGGAAGGTCACTCCCGACAACCCCGTAAGGGCGGGGAGTGTTACCGTGTTTATCGACACCGGATGGGCCTCGTAATGGAGGGAAACGGCACGATACCTAAAACAGATACTGCCAGCTTCATGCGGAATGTTAGGGATTTGCACCTAACCCACATGACGTAGATTCCCCAGGGTCCAACAGCGGTCCTAGAATCTTGAGATAGAAGTCTAAGGGAGAGCTCCATCAGTAGCGCGCCGGGTGGTTACTACACTAACTCCGCATATAAATCGTCCGCCTCCCGGCTGGTGTCCGGCAGGCGGAAGACTACGCGTTCGCTGTGCATACATGCAGTATTCTACACCCTAGACGCCAGATAGTGACCCACCCAATCCGGGCCCTAGATCTGATACGGCCAGGTGATCAATTGTAGCAAGTGTCTGATACGTCAGTGACCATGCGCGTCGAGTGATCTTGGAATCTAGTTGCCAAAAACTTCAGAGGGTGTGAGTTGATGTACGATTGCGCTTTTTTAACGTTGAAATACGGTACTACTGACTCTCAAACTTGTAATTTCACACCCCAGAGGATCTCGGGAATAATGGTGTGGTCTCATCCGCGATTGGAGACATAAGAAAACCCGACGCCTTAAGCGATTATTGTACAGCACTTGAAGTGGTTGGTTGAGACGGCGCGTTAGGACGGCAGAGTTCATTCTAGTTTCTGCGAACCAAAGAGAGCACCAAGAGAAACATCGCTCGTGCTACACCAGGAAGTGCCGTACTTTAAATGGCCAACTCGTACAACTATAACAGGCAAATTGCTCATTTTGACCACTTTCCAAAATGGGTAAGAGCACTTTCGGCGACCATCATTAGACCTTCAAAGAGAGCAAGGTAGAGTACGTGCGGATAGTTCATTAGCAAGGCCTAGCCATTTGTATA,980,49.59,Homo sapiens
SEQ_356150,AGCGCCGGCGCGCGACAAGTTACGCTATTAGGGACAAGAGATGCTTCGCAGAGTTTCACCCGTTCACTTAAACAAAACCCCCACCACTGTCCTAAATAGAGCTAGCATTCATTTCAGATGTACAATCCATTAGTTCCTTTAGATTCACGAATTGCCTAGCTTGGCACTGGCACTCATGCAATGAAGACTCGGTCCGGAACATCAAGATAGGGGGCGGTCGTGGTTACCTGAGCGGTTTGCCTTAAGTTTGGCTGTGTCCCACTAGAATTACGTCAGGGGTTCCAGGCTAGAAACACTAGCGCGGAATTTGCCGTCTCCGACACCTGCCGTATGGGAGATAGACTTATAGCCCTTGTCGCGGTGCAAAATCAACCTGCGCCTTGTGTATAGACTGTCAACCGGCGGTAGAGAACCCGTGCTTGGTCCGTGAGTGCACGCCTTTCCAATTCGCCCAGTCGACATACTGCGGACAGCCGAACCCGAGGCGCCAGTGGCCGTTCGAGGTGATTAGGTGCGACTTTTGAGACATACTGATATCTCGATTCACGTCGGCAGGATTGTGACGGTACGTTTATAACATCCGAATCGGCGCATGTTTTTCCCAGCTGGGGGATATATGAAAGCGTTTCCGTCCATAGCTCGAAGCATCTCCCGTGTTTGTCCTTAGATCCGCCGCCAGAGCTTAGCATAACTTTAAGAGTTATCTCGCGAACAGGCTTTTTAGGCTCGGGCGCCCATTGGACGAATTGGCACGGCGGTAGATTAATGTGGGCTTCTATAGTAGCGTCTCAGATCAGTATGGCAACCAACAGTAAGTATTGAATCTTAAGGTAAGCTCTACTCTCAGATCGTGGACAGGTCACATGCACTGTTACATATCGTTAAGGATGATACGCTTAATGGGCAGCCACCCTATACGGGGAACGTACGCCAATCGTACTCGGTATCGCGCGAGCAGCTATTGGTAACCAACGAGGTTCCTTCTGCGAATTCGGGATCCGTCCGTTGGAAACGTCATCGATACTTTCCGAAACCAGTCGCTAACGTGACGAAGGGTGCGCGAGTGGTCATGCCCCCGGCAACGCTATATGCGATAGGCACCGTTCACACCTCCCTTGCCCTTTATAATCCGTTAGTGGGCTAAGGAGTGAGAGGCCCCCTAGACGAAGTTGTCTTCGTATGCTCAGGGAGTGTACGCATCCTTCTCATGTTGGGCGGACATCTGATGTATATACTCTTTCACGAATCCCGCGGTCCTGACGCTTTTCTGATACCATAGGATGAACTATGAGTATGAAGTTCGGTTTGGAATTCCAGTAGACGCTTAAAGTCTGCCTACGCCAGAGGCTTGTACGGATGGCAGCCCGTAGCTGCGTAGCAGGGCTTCCTATTGCCAAAGTCTAGGCGTCACACCGGAGTCCATTGTCAGTAAGCGTGTAG,1440,51.32,Homo sapiens
SEQ_278234,GTCGTGAGCCCGCGCTCGCTGAGTACTAAAAGGGTGATCGAGTCAGATATAGAGCGTGAAGATGACCTGCTAAACTCCACATCACATCAGAAGATTTCTGTCCCAGAACAACGCAGCCACACGTCCGACAATGCGGTACTAGGTACAACCTCTGTTGTTTAGACTTGCTACAGTTCCGAGTCGCCGTCCTAATAAGAAGCGGGATCCCAGGTGTATGCTCCGCTAATGTTACTCCCGTCCTGGGTGTGCTAAGGAATATTGCGAGCGCTTTGCCCACCAATCCAACGTTGACTTGGCGGCGTGATAGGCGTCACCTAGAGCCTAAGAGCGATGCGCAGATATTCCAGCGAGGCGACGTCATCTAATGTTGAGAGATCGCGCATATTACTTAGAGCTAATAGCGTGCACGATCCTTAAACAATGCACTTCGCCTCGTTGTCCTGTCCCTTTGTTGCTATCGTCACACAGCCACCAAACTTGAACACTCCTAAATCTTATTAAGCCAGACAGCCCCGAGCACTGTTGAGAGTATACGACTAATCAGGAGCACAGCGAACATGTCAGATAGCACATGAATGAGGGTAAAAGCACTTGGCCGTAATTTATAGGGACAACCTTTCCTCTGATACAGTCCATACCATACATGCGGGCGTGCGAACACCCA,664,49.85,Saccharomyces cerevisiae
SEQ_898450,AGGCTTGGGACTACTAGCACAACATCGCAACCATCAACTTGGCTTAGGCATTCCTTAGTACTGCGAACCATTTCACGCCGTCTCGGACAACCCTCAGAAATATTGCTGTGGCTAACCTCTGTGAAAACGAGCGGGCCGGATTCTCGGGTAGGTACGCTTCTGATGCGAATTTCACGCACCAAGGTTGCATCATGGACGATCTGGCGACACTGTAGTGGCGGAGTTGAAGATTAACCCTGCCAGACAATTCCACTAGAGTTTATGGGTACCCACGTCCTTCCGGCACGATGAAACCGGAGATGGCCCGAAACCAGAGAGCTTCAGGACGGATTGTTCGGGACTAGCTCACGTGGATTATGCCCGACGTCAAGGCATTCCTCGCCCATGCGCGAATATCTTCTGTTCCAAGGGCAATTCACGTTTCGCCTTCCATCTCATTTACATAGTGATTGCACTTCACGCGATGAGCAACTTAACATGATGAAATACGGTCGGAGTGTTAGCAGGTTTTTGTTTAGTAATTACGCGTTAGTTTCGGAAACGAGATGGTGTTTAGTGATTAAGCTATTTCAGTACAAGGACTGGGACATTTGGGGCGCAGCTTGCCGCTCAAGTTTTACAGGTAGCAGATCAAGCTGGTTTCATTGTGATTGTACCTCCAGCATGAGACACTAGCGGGAGCCCACGGGAAAGAATCTATCACGAGTGTCTCGCCGCGCGATGACCTGGTTCTACCTTTCACGCAGCAAGCACTCTTACCTATCCAACCGATTTATTTAGTTAAGCCAAATTTGCTCCGACCACACCTATCAAGCGGGCAGCTTGGCTCGCGATGCACCCTTACTGGGGGCGACGGGAGCATGCAATCGTTTCCTACAGTAGGCTATAAGACGGGAGGGGTGCCCATGATGTCGACGGGCCCATCCTTCAATCGGTCGTATGAACATATAGTTTGTACAGACAGCCGGTCATCTAAGATACGCTAACTGGGTGCGCTCTTAGGGCGCACCTTCATAAGGTTGCCGTTGGAATTGAACGGAAACCACCCCATAGTTTGTTTTCCCAGATAGCAGGCCTGCTAAGGGAAGCTGACTGCTCATAGCCTAACGCGTACAGAAGATGTCCCCGGGATTAGAACGCCGAAGTTAGCCGAAAGGTATGAGGCCAAAGGTCTGGAACTGTGCGAGTGGAGGATCAGGCCCTCGGCGTTTTCCCTCTGGGCACTGGGTCCCCATACTTGGTTGGACTCCTCATTGGGGCTTTAAAGGTGTTCAGAGCCCATGTCGGCGCTTGATCTGACTACGCAGCGCCCGCGCTATTAACAACCCCGCTTGCTGTAGCCGCTATCGGGACGCTATTCATCGTTTCCTTAGTTCTTGTGCTCGGAAGGCCCACGCTCCTGAGCCGGTCACTCCGTCAATGAACAAAGGCCATACTTTCCATAGCAAGTTTAGCTGCGTGCTGTCTTAGCGATTACCCATAAATCCAGTATCCCGATGCACTTTTGCACGCGAATTTTGCGTTTCGTTGTTTATCCAATCAAAACAAGTATCCCTGGGACGAGCTTTTGTCTTAGCATCTTTGGCCATGACATGGCGATGACGTCTATCTGTCCTCCGTTACGTTTCGACGCGCCTTTTGCTGGCGGTGGCTGAAGAATTCTCTAGGACCCATTTACGTGAGAGTAACGTAGCTGGGGGTCTCCACGGTGAAAGGCCTGCGAGATGGACGCACGTAATGTGTTCGGCGGGGTATCCCCGGCGATAGCCGAAGCCTCACGCGTAATACAGTCAAGCGAACATTCAAGCGCAGCACCTCAGAATCGCGTATGAACTACGAATTAGAAACTTCACTTAACCCGCGTTACGGCGCCCAGTTACCGCGGTGACGAAAGGCCGGACAAAACCTATAGCTCGGCATGCT,1923,51.64,Caenorhabditis elegans
SEQ_148505,TGCAAAACCTCCCCTTGACTACAATTAACTATATTTTGATTATCTAGACCAGGTCTAGAATAGTACCTCCATATCACGGCACATAGTAGTTGGATTTTACTCGCGTGAGGGTATTAGGCTGAGCTCACAGAGTCAAAACCGGCAGTCGCCGACCCTATCAGGGAACACGACAGGAGACAAGTACGACGGTGAGAGTTTCATGCTATAAGCTAAAGCGTTCTGGGAATACATTAGACGTGATGCATCCCTTGTGGAAGTCACGTTTCGTAGGTGCGGATTTGAGACCCAGGAACTACAAGTTTTTCTGTGATGTTCCAATAGGAAATCACCTGCAAGTAAGACTGATTTTCAAGGGTAGGGTGTCATTGCAAACGCCCCTAGTCCGTGGCTCTCTTCATTAATTGCAACAGTCCTCATTCTACCAACGCTATAATCTGGCGTATGCGTTACTAACGCACTGGCTCAGTGGATCTACCGGTACTTTTGGTAGACGCCTGCTACTATACAGTCTGATTCAATAAAATGCTGACGCGGGATGAGTGGTCCAAGTTCTGATCAAGCTAGATGTACCTGATCCGACTATAGAGGAACACCACCAAACATGGTAGGACTTTGTGCCAGACTGAATGAGTTGAAGATAAGGCGAAGTGGTTACTGTGGACTTTTGATGTTCTATTTTAGTTTGGACCTCCCGGAGTGACATGCGAGGGATCATCATGAAATCGTACCCCGGTAGCTAAATGAGAAAACTTATTTAATTCAGTGCCAGTACCGCTAGGGGAACGGTATCTTTAAACCATGGCCTGCCAATGTAAGAATTCTTTTTAGTGGCGCTCCCTGCTGTATTCAACGCTCTAGTACAGGGAGATCCATGAAGGCGTAGTCATTGAACACCCATAGCTAATCTAGTTCCGGCCTCACTACATGGGGTCCGGGACGATCGCACCTGTGTAAGATTATTGAAACTGTGGACTCGAGTATTCATCCGAGTTGGCTGTGCAGGGTGAAAGACATTAATATATCCACGACCGGTCTTCGCCAGCATACTCATCCCATAGCTCAAGCTCTTGGCCGAGCTACGCACTAGAGACGAGTGCCAGCCCGGGCCGAACATGGCATTGAGCTACAGGCCGGAGCCTTTGCGGATTAGTAGGTCACTGTCTCTATACATCTACAGAAATGTGTCAGTAGCTGGCTGCTTGTCTCTTCATAGTGCAACTGACGCTATCAGGTAGTCCCACCCTTCTGCTGCAGAGTGAGGGCGCAGCGCTAGCCTCTCGGATTTAGGTCAGGAACGGTGTGGAAGCAAGAGGATTGAGTCGGTAGGAAGCTTAATGCTGCCCAGATAATCTGTTCTAAGCAATACGCGATTCTAGAAAGTTACAGAGCGGGGCAGACCCCGGTTTTCGTTAAGCTGAGCAAACTGGGCAGTACGTTGAGCTTCCAAGGCCAAAGTATCCTGCGCTGTTCGGCGAAACTAGATACTAGAAGACTTAACTCTTTCATTTACCGAGCCAGCGTCCCGTCCGGTTGGCATCGTGATATTAAAATTAGTCCTACGACCGCCGACGCACCGCGTACGCCGAGATCAGGACAGGTATCAATATGCAAACCCTAGGCACGCTCTCGGTACTTGTGGCGTATATATGCCGACGAACATCGGTACGGGCATTGGCTTAATCTTAACGGACCATCGATATAAAACAAGCGTGATGCTAACATCCTGTTCTGCCTAAGGAAAACCTAACCAAGGTGGGTGTAATTCGAAAACAGTTACAATCACCCCGCTCTCACTCCATCTGACGTCCGAATAAGCTATTATCCTGGAGCACGACGGTTGATACAAAAAAACACTGAAGTACGTGGACCTGCTAAAGAGTGTAGTGTCCACCTCTAAGACAGGCGTACCCA,1911,47.99,Caenorhabditis elegans
SEQ_370427,GGCCTGTAGACGATAAAAACATAGTGACAGGCGAAACCCGTAATCCACAGGTGTCGATACAACAACGACATAGTCGGGTCGTACGCTTTT,90,47.78,Drosophila melanogaster
SEQ_480227,TATCTAAAGGAGCGGCCAATTTTACTGTATGAACGCGAAGGCCAACATACAGCCCGAAATAGAGACAAACTATGCTATTGACGAGGAACTTATGTTGACCGTGGTTTCTTTTTGCTCGACGAGCTTTCAGCTTGTAGTTAGTACATAGTTCAGCCTCGCTCTGCTAGTCCAGTAACCCTAACGTGGTGCGTGTACTTGCTCAGGGGATCGGACTGAGAGGGCTAGATTTTAAATGACTTTGAGGGCAAAAGCGGCCGTTCTATCGACATCGTTGGTTATAGCTTCCTTTGGAAGCAATCAATAGTCCCGACGCAAATGAGAGTTGTCGAGACATTTTAAACTACGCGATGCTAGTTCGCCGCATAGGTGACAGAACGACCTCGTGTCGTGCGCGTACCATCGGGTCACAGCAACGGACGTCGGAGAACGACGAAGTCCCGCAGAACGCTGTAGTTAGGCCGTTAGACACCGCAGCCCGAGCTAGTATGCACCCGGAAGAGGTGGTGCATAGACCTTACTAGTAATTCGCGCGCCCGATTGACCCGTAATACAAAAGCGCTGTGCAAAATCTGCCAGGACTGCAGACGGGCTATGTAAAGTCTCGCATTGGTTAGCTCTAGCTTCATTCAACGAGAGCCCGATCTGCCGTTTTGCAATGACTGTGCTCGGCGGTTCGTAACGATACTAGGATTATCGGGTATAAGCGCCCCTCTATCCATCAGCCGTACCATGCCCGTACCAACCACGGAGTGTCACCCAGCGGATCAGTAAATACCATTTTGCTGGAATTGCTCATACCGCATGAAGCCGTTTATTCTAGAGTGGGTTCAGTAGCTTCGGAAAATCGCTTGAGAAACTCCATTATAAGAGCCTGGATGAGGGAAACATGAAATAGTGGTCGACAATATCGACTAGGGATCCAGAAGGCGCACTGCGTACATAGTCGCTGCGCAAGTTAGTTTACGTTGACGAGAGCGGGGCAGGGTCACTGTGGATCCTATGGATCATATAATCCTCGGGATATACAAAGCCATCACCACACGGCGAGATAAGTGTTAGGTTCCCATCATTTCTCCGTACCCGCGCTCAGTTGATGTCTCCTGTGCTCTGTGGAATTTGGAGGTACTGCTCACGGAAGCTATGGGGGAGGCCCTTTATAACGCTAGCTCCAGGATGCATTATACTAGTGAGTGTTGAATCATGATTCATAATTCGCGCGAGTGATACGA,1229,49.55,Saccharomyces cerevisiae
SEQ_336456,TAATCGCATCGTGTCGAAACGGCCCGTATAGTGATTACGGACGTCCCCTAAATCGTGACGAATGACAAGGGGGCCAACAGGTGCGGTAATTAATTTTAAGCTGTAACTACGCCCATTATCTCATGCACAGGAATCGAGTAAGGAGGCTCCCAGCCCTCCTCACCGAGCTAATATACTTTAGCTAGACCCACTATTGTCGGTCCACCGCCACCATATCTTCGGGCGACCGGGGTGGCGTCGAGGGCTTCCGAGTTTGCATAACATCTCCAATTACGGGCCTG,281,52.31,Escherichia coli
SEQ_483405,GGGCGTAGGTAGTATTCTACGTGAGGCTCTAGGTGTAGCTGAGCTATACGTCGTTTCCTATCAGTATGCTGAGCCTGCGTCTAGCTGGAATGATGTCCCTTAACCGTGATTCGGACATTCCAAATAAAACGTATCCGCGATCCTCATCAATAAATCACCGCTCTTGTCGGGACATATGGTTCCACTCTAGACACAATTTATACCGCAGACTAACGCATGTTGGAACAATCTATAATCCTGCAGGGATGGCTGCACATCAAGCTCCTGCGTGTAGATAGTGCCAACCCGCAGCGAAATGAATTGACGCTTGACTTGAAGACACTTATGCCGTATGGTAATATACGAAAATAATAGTCGGTTGATATACGGCCCTGAGTGGGTTAGGCGCTGCGAACATCTGTAAGAACCACGACTCAGGGAAACTATCGACGGCCGAAAGCAGAACGATTGCTCACAGAGCGGATGGGAATGGATTAGCTATCCCGAGGTCGCTCTGGCAAATTCCTCTCATCTCCCTTGGATCAGGTCCGCGCCTTTGAACCCATCGAATCGAGGGATACTCAAACCCTTTACTGACGTGTGGCCAGACTAGACTAATTATGCGTCTGAGTGGCGTTTGCAGGCTGTCGAGCGCTGCCAAAGGCAATATAGCCACATGACACAGGAGAGCAGTAAGAATAAACTTATCCCGGTAATGTTGCGGGTGTTAGCGGAGTGGGGCCCAACCAAACAATGATTCTAGCGTTAGGTTATGGTGCTTTGGCTTAGCGAGTAACACAATTCTGGTCTACCGTGTAAATGGTTAAGCGCCCTCCTCCGAAATTGCCACGTTGACTCGTGTACACATCAATTAGACTTATAACCAGTCATCCGCTTCGTGACCTACCGTTTCGTACGTGCCCGTCGCATTGGCCGTCGTAGGAAGTCTGCGGCTCAGTGGACTCCGAGTGCCAGTTAGAGAAGACGTTATGAGTGAGATGCCGAGGTCCGCTGGGAGTGCGAACAGAAATTCCCCCACTGGCCGAATGTGCGGGTATCGACTACTAGTTTTTTACCAGCCAGTGAGCTCAAGGTAATTTCAGGTCGACGTCGGTACTGATGGCCCTAGCCGCCCAGCGGGCCGGCGATTGCGAGGTGACAGCCACCTTCCGGATATTATAGTCTAAACCATCGCAGAGCGGCAGAAACTGTTAATTCCAGGTAGTAC,1207,50.37,Escherichia coli
SEQ_813621,CATCCACGGCTAGCGGACCTTGATGCCGGAGAGGACGTAGACCGGGAGTTATAACGATTGGTAACAATCACGAGTGCAAACCAGCGGGGTACGTTCAATCCATATAGCAGAAGTAACATGGTTATTAATAAATCTCATATGCGAGTGTGATAGGAACCGAGTAATAAAACATCCCGAGCCTTAGATGGCTACCGAGAGCCTTCGTTTATGTCCCCAGGATGAAACCAGCTGACTCCTCAAGCGGCATCATGTTTATCGTTGCCCCCCACCGCTATCTGGTAGTGGGGTAAATGTTGGTAGGTCATTTGCCCCCGCAGCGAGGTACATTTTCCGTTGGTCGGGAGCAGCAGCCAATCTCCAGGGGGTCCCCGCTAGGACCTTGACTACGAGCCGCAAGCTGGAGCGCTAAATGAAATTTGCCGGACAGACATCTAAGTCTTCTTGTAAGCGCCGCGGCTTGCGCCCTGAGCGTCTCGGTTTCCGCCGCGAGAGGATCCGCGCGCCTAGCCAATATCTAAGAACTGACGTACCAGTGCGGATGTTACGCTTTTTCGAAAGTAACGCGTCTTCCGCCGGTTTTCTTATGTCCAGTGAGATTTCCCGGCAAAACGTCTCACTGAAATTCACACGCCTTCCACCACGGTATCTTCCCGAGATGATGTGTCTTTCGTATACTAGTCCAGAGAGATCGGCGGATCCATTCGCCATCGGACCCGTCGGCAAGACGCCTGCGTCGGTAAGCTCCCCGGAGAGG,754,53.32,Homo sapiens
SEQ_540021,AGTATTTCTTGCAAAGAAGTTTGGCAAACTGCTGTGTGGCCGAAAAGAAAGCTAGAAGCAACCAGCTCCATGTCTCAACAGGTATTGATGCTGTTTATCGATTGGACATTAACGCAAGGTTAAGGACCGAGTATCAATGCGCACAATTCATGGACACCGCGGTCAGGCGTGGGCAAGGAAAATCATAGGTCACTGGACCCATCATTCGTTGAAGACCTACCTCGATTCGCGTCTGATTGCTAGTTACGGCACCCTATGATAAAGCTAATACTGTATTCCTAGCACGCAGAGTACAGTGTGGTAGCAATGCTATTTTGATCATTTATGAGCGGTCTTAGTAACCTTTTGCTCCATCCGGAGGATCCGATTCCAGGTGTGAATTAAATAGCGCGCGCTCATTAGCGGCATGTGTGCAAGAATGTAGTCTCAGTGACGCCTTCGGCATCACTCCCTGCTTATGGTCGCCATTGCAGGTACCGTGAAAGTTAACATACTTTTCAGATAAATCCCATTCCTGAACGTGTGGGCGATAACAAGAGCTGATAAACAGAGTGGATTCGCCCCTCACTTAGAAACCCCACCATAAATGGTAGTCGGATTTTCAAATTCTCTCAGATCGGGTTCACACCCCACCGACACCTCATTGGGTCTAGTTCTGAAGGGACCGAAAGTTACTTTCTAGCTGCCGCGCGGGAAGATTCCCAATATAGTAAGAGCCAACATGTTGGCCTGTATTCTTAATCGAAACGACCGCGCGGAAGGGTGCGTACTAATCGCACTTCAGTCTGCAAGACCGTAAAAGATCCTTACCTTGCTATACAGCATGGAAAGAGGCGTGGCATTCAAATAGACACAATAATCGGGATGCTGAGTTAGCATCCAACCCTCGACCTGGTCATCAAGCGTCTAAACTGACAACCCTAGGTCATACTCAGATTATGTCGCTGAATCGTGTTAGGCTTGTTGCAATTCACATCGGCACTGATGGAGGGGGACAACATAAATGCTCATAACATTGAGTGAACAACGCGATTGATCACTTGAATACCCCCAGCGGCCGGGCATATGGTTATAACATTTGCATGGGGCGAGTGTTTATGGCTAAGTACTCATCAATTAAATGCCGACTTCATAATGAAATATAAGCCCAACTAGGCATCTCATTTATAGACTCTTATGAATGTAACCACCGACTAGAAAAAACAAGGCGTGATTCGATTTGAACGCCGCGAGGGTGGTACCCATGCTGGAACTGTATCAAACAACGTTAAATCCAGGAGAGCGACCGCCGGACTGAGGACCCCTTGCTTCAATACAACGGTTTAGCAAATTAAATTCCAACCACGGATGACTAGTAAGAAGGACCATGTGTAGTGTGGCACTACAGTGCATAATGACCCATAGAAACGGATACAATTGGCCTTGGGATTTGCAATATATGTGACAGAGAAGTAGGCACTTAGTAGGCGTATGCGGTACAACAGACGCGGGGACGATGGAGAGCTTTTGAGGGATCCATAAGGATCCGCAATTATTGGGAGACGTGTGAGGCCCAGCCACATTCCTGTGTTAGCCCGAAAATAACCTAATTTTCTTGAGGGTACAATGGGGACGCGGCT,1619,46.57,Caenorhabditis elegans
SEQ_326540,CACTTGTGCCCATGACTTACAGGCATAGGTCGGACTTCAGATACCTGGCGACTCAGTATTGACGCCTCCAATGTCGCGACTTTTGCCCAAGATCTTGCTACCGCTACGGGGAGATTTATGAGATATGACCAAGTGATAGATGTTGCGGGAATAGTAGGTTAGTAACATGTTGACTAAAGCGCACCTCTGCGTATTAGACGTAGCCCACACCCTAGCCCGCGCCAACTCTACTTCGCTCTTCGGACAGCGGCGTGACGACAACAAACTCTAGCTTATAACTAGACGATATCTTGAGCATGACCATCAACAGTAATGTGCGCGCTTTCTGCTGTAGACGTTATATCTATTTACAGAGGCAAGTTTTACGATCCTCCTCAGCCCTATAAGACAAATCCATTGAATGGACCCTTCCGATGCTGTGGGTCGAGACAGCACGGTGACGAGATGGAATCTCAGAGAGAGGAGGCGGGGGGGCAGCCCACACAATTTGTTGGCTCCCAAAGCCACTGCTATACTAAGAACAACCCTTAAGCACTGCAGGTTCGACAAAGCCAATCTCGAGACTGGCGTATGTCACTGTCGATTTCCGGCACCCTTCTAAATCACTTCTTACTCGAGAGAAATACCGTAAGCGCACTCATCAATTGCAAGTAGAGCGATCCTCCGCATCAAGACAGCGAAGGCGAGAGAATAGCTCTTTGTAGGTCTTCTCCCTCGTCTCAACTAGTTGGTCCCAACACTCGGCCCGCGGGCCACGTCTGGACGTAATTCCACTAGACTGGTGGTGAATTAAATCCTATACGCTCGCAACGGTAGAATTCTGGGAACTAGTCGCGTGTCCTCCAATAATTACACACACCCAGCCGGGATATATACCTTCTAGAAACTTTTCAGCCGTTACGGCGTTATTACTTTAGGGGGTTTTCCCGCTGATTATGGGAATCCCCTTTTATCGTATGCCGAGCACCTGACAATTATATTTTCACATCGTTCGATCAAAGGTCATCAGATTCATCTTTGGGGCGGTTGCCGGGCGGACATCTAGTCCCTGACAGGGGCGCTCTGACGCTTGTGCTGCTTGCTCTCAGCTAAGATTATGAACATTCATAATATTTAGTACGCACCAACTTATTTCCCTGC,1140,48.95,Saccharomyces cerevisiae
SEQ_753661,GCCACGACAACTGCATGCGAAGACTAACGCCCAGCGTAGGAGGTGCACGATAAAAAACAAAAGATCCGAAACATAGATATTACCGCTTACCCCCCAGAGCCCAGGCTTGACCGTGACTCCATAGCCTTTCCCAGATATGTACTGGTGTGCGATTGAGTGGCGTAAGTACCGGAGCAATGACTGGGCGAGCGTGTGTCTGAAATCAGGACACCCTTATAAATTTGGCTTACAGCCGTTGGCGTGGGCTATTGGCAATCGTTATTAGCGGAGGTTTAGCGAGAGTAGTATAAGCCACCCGGCATTTATTCAACACAGTCCTTTAAAACTCCAGTCCCTTGAAGGACATTCGGTACCGCACTCACGCATTCGGAGACATGCCTATCCGGCATGCGCCGTATCTGGCATAATTTTTTAGAGGCCTGTAGCCGTGTTCGACCTCCCGTAGGATGTGGCGACCTGGTATGCAATATTCCCGTAAAGTCAGATGCGTCTGAGACATCCACTTAACCTTCACGGTGGAAACACTCAAAATAGCAGGAAGGACTGCTTACTAAGCTGGGAGTATAAAAAACGGTGCCCAAAGGCGTGTCCGTTTTACACTGATGTTGCAACAGCACCGAGTAAACTAATTGCTAGTGCGTCAAATATGGTGCAGTATAGAGCCCCGTGGAAGTGCCACCCAATTATTAGTGCTTTAGGAGTGACTCTTTGCTTGTGGTGCAGGTCCTCTGTTACTGGCCGTCGTATTTGACGAGAGTGGACGGTGTTTAACCGGATTAACAGCCAGGGCAATCCCATGCTAGGAAAATGCGTAGGATTTCCGCTTGACGGTCTTGGCCCTTTCGGGTCCCCCCACTAGAGCGTGTAATTTCAGCTCATGGTGGGCGCGATGTAACCAATATCCACGAAGGTTGCTGCTGACCGGCCGACCATTATC,937,50.27,Caenorhabditis elegans
SEQ_239335,AACCGAGAGCTCAGGTGGCTTTTGTTACTGCTGCATATTGGCCGTTTGTCTTAGGCACACATCTAACTCATATAGGCTGTGCCGATTCACCGATAATTCCACTGGCGTCGGCCACATCTAGCTGGGCGAACGGCGGTACCAGTCTAAGTCGGACGATGGCCTTTGGTATGCTGGGTATGCACCCAGATTACACTCGTTTCTTATAGAAACCTTGTATGGTTGATGATGCGCTGCGATAGCTGCGTCCATACCGGTGGGATGGCGCGTTGATATCTGTAAGTCCGATAAACGCTAGCATCTGTCATCGGGTTAAACTTGTCCAGGGCTTACATGAGAAAGCCTTAGGCTCCAAAGGGCCTCTGAACCCTCTGTGTCAGCCTATGGTACGCTATATGTCTCAACCGTGTAGTCCACGAGATGTATCAGCGGTTGCCTACTGGATAGTCTAAAACACACATCGCCCGCGTGAAACCTTGAAAATGTTTGCCGACTAGTACCACTTAGCATCATGACCTACCTTCAAGTTTCTACGACATTAGCCGAGCTTTAGCTCGTGGGCGGTGTGGTGGAGACCATCGTTGTCCACTTGAATCTACAACACCTTGTTAGTAGTGACACCCTTCTTACTATGCGTAGATAACAGTTCAATTCGGGTGGACCTTACGCCGACACTTAGTCTGCGGTACGTTCTGTGGAAGCACAAGAACAGTCTCTGTTGTGATAAAAGGGTCCGCTATGATCTCCCTACATGAACCTCTTTTAATCTAAGAGTTTCAATGGTATCCCTAGACACATCTCCATAGGAGGAGTATTTACTCTATTAGAACCGAGCCATTCGTTTCTGCAAGTACTAATTTCTATTAA,864,47.45,Caenorhabditis elegans
SEQ_684192,TTAGTACTTTCGCTACCCCAGTATTTTGGTAGGGTTCATTATTTTAATGGGCGGTGAGAAAGCGTCTAGTTTCATAATGGCGGTTTGGACCACTGCGATCGGACGCTCTCTTAGTTTATGTCTAACCCAGAGCAACCTCCGGGGTATCGCACCTCCGAAGACTGCAGAATCATGACTCTACTGTACGTTCGGGTCCAACCCGTGCCCCACTGCCCTCAGTCGTGTTAACACAGCTTACTTCAAGGAAAGGAAAGATGGCTTCGTCAACATAGAGGTGTCGGTTTTTGGTGCGTACCCCGGTATATACCCCCAAACATGTTGTACCTCCCAAAGGCGGGCACGATGCGGGTGAGGGAGATGTACGTTCTACCCTGTGGCCTGGTGTTGCGGCAGTTAATGTCAGTGCGTTAATGCGGGGAGGTACCAGTTCGGTAGTACAACACATTGGGTCCATAGTCAATTGATGGTCTATGAAGATCTGAACGTTCTGTGGAGATCTAGTGCAATGGGAAAGCGTTCAACGAGCCTTAAAAACTACAGATGGTCTCCGGTCGAACCGGTTGTTGTTCGTAGCTTTATGGGCTCTTTACCCCTGGTGTGAACACGCCACTCGCAATCCCCATGAGTCAAACAAGCATCCGCGAAGTCATCTCGGGTTACACCAATTTGCCGACCCCTGCCGCACAGAACCACTCATAACCCGCGCCAGATCTAGCATACCCGGACTGACCGCAATGGCGCAGGCTTAAGCCTCGGTCTCAGGCTGAGGTGAACGCCACGCAAGTTCGTACGACGGCCCTACAACCCGTCACCTGCGCATTAGCGTTGGAGTTTCCCTTGTTAATGCTGTACTCTCCTACCCTCGAATACAGGGTACTCTCGCGAGTAAAATCGTGAATAGACTGTGTGAAAGATGTACGCAGCACATGACATTCTGCTCCGGATTGGAAGTCTGTATGGGCAAAGGTAATTGGGATACTAGCACCGTCTACCAGCTAACGGTAGTCTACGACCGACGACATTTTCTCCGCATCTCCGTTACTGCCCATAAGGTCCTGAAACCTGGCAGGCTTTTAACGGTACGAGGAAGACATTCGAGGTCAACGTGTTACCGGCTATCCAAGGTATGTGTAGTGCAGGGCAGTCCATCGTCCCTTTTTGGGTAGCCTCCGGTCCCTTTTGCTTGAAGGTTAGGTCCTCTTCTATCCTTAGTAAAGGGAGGAACGCATGCGAGTCAGGTGGCTCCACAAGACGTGACGCCACATGTTCCAAGATGTAATCTCGAACCAGGATATGCGACAAGGCAGAGCCTGCTCTTAAGGTATGGCCATGATAAGGCAATCAGTGAATGAAAGCGCAAGGGGACGACAGTCCTGAGGTAGGCTCCTATCCACGCCTGGCCGATGCCTCGATTCATCCCCGACGTTTACCACTTAGTCCCAGCGCGGGTGATTTTAGGGCCTCCCCTTCCGAATTGGTTCCAGTGGTTCTGAGTTTAACCGGTATGACTAGGTACCCTATCGGCCG,1527,51.87,Caenorhabditis elegans
SEQ_369876,TCGCCATAGATTGCCAGACTATACTTGAGTCCCATTACGCCTCCCCGTGACTAGCGAGTAAACCGGTTTCGTCTGAGGCGGTCCGTAACTAGGAACGCCACCTCACAGATGGCGCTGCTGGGACATCAAGGCAATTAAATTGGGTAGCCCCCAGAGCTCCCCCATATTTCCGTCCGGGGCTAGTTCACTATAGGTCAAATGGTTAGGTCGGGTACTGTGCGCCCATTCTGATTCCAGCTCCACTCTCTTCCGACCTTGCTGACCTACTCGTTTAACAACTGGCACGACCCCTCTTCCCCCTGTGGCTTTGTTGACAGATAGTTCCACAGCACTATCACGGGACAATGATCTGAATATGGCTGGTTACACAATTAAGCGGGATCAAGGAGGAATCACACTTAGCTACGTGTGGACTTGATCTACTTCTAAAAAACGGAGACATAGGCTTCCCCTCATGTGCATTCCAGCAAACGTGTACACATCAGGCGACCAACCCGCGCTACAG,505,51.68,Mus musculus
SEQ_721478,GAGTTGTCGGGGATCAATGGGATAGAGATTAATCATATGTAGCCGTACTCCCGCTAACTACGCACGCGATACTGTTTGGTGATGGTTGCATGAAGGTTAACGGCTTCTATGCCTTCTGTGGAGACGAAAGAACGAAGCTATTGGCTAAGCACGTGCAGTAACGGACTAAGCTTGGAACCAAGAACCGCTAGAATACGTTTCGACACACAATTTGTTTCACAAGCGGGTCACATAACGTAGAGAATCACTTCATAGGCCGGGCAAGTTTGTTTGCTAGTGGTACCATTATCGGGTACTCCAACGACTATTGCGTGCAATGCACATGTCAGTTCAAAATCAGACCCGGTTGGACATATACTTGTTCATCTCTAAGAGCGTGCCTACGCTCAGGGGGCGCGGCGCACCAGGACTCCATCAACCGTCTGGCGGCAGCTTCGATAGCGTGCCGGAGAACATGTTCGACATACGCTCGTGTTGGGTCCAACCCTTTGGAGAATCTGGAAGGAGGGTACTTCAGTTGCTCTCAGTGTATTGGCCTATTGAGCTTGCTGATAAAGAGATCCCAGAGGGATTTATGTAACACAGATCGCTTGACATTTCTTCTGGAACTAGATCAGGATCTCGCTATGCTTAGGCAAACGCAAGAAGGCCACCAGGGTCGTATT,665,48.87,Drosophila melanogaster
SEQ_160298,GGGTCGGCTGTTCAGCACTGACTTAACGTTGTTCTTAGTGAGGTGGTTATGCACAACTAACAGGCTCACGATCGAGGCGGTGAGACCGGAGCAAGACAAGGGTAGCGCTCA,111,54.05,Mus musculus
SEQ_927189,GATATTACCTATCGATCCCTTCAAAATTGAACAGTAATTTACCGTTCTACCCCTGAAAAAAATAATAGTGGTACCTAGATCAGCTTAATCGGGACGGGAATACCCCAGCAGTCAAACTACTCACAAAAGAACCCTCGAATTTACCGAACCGTCATGCTTTGCGGTTTTGCTCCCCGGCTGTGACACACTATAGGTGGTTGCAGTACCTCGTTTAGCGGAGTATCAACAGCGGAGAGGTAGCTATTGGCCGATCTTTTTTGCACATACGGGCGCTCAAACGTTACTCACCGTTGGTTCACCTTCCGTGATAGCCACTCAGATGCAAGATTTAAATACGAAATCGTAAAGAGTTTTACGATCCATATGCGTATAAACGGTTAGCATATAATTAACATTGGGAGTTGAGTAGTACAGATTTCTGAAGACTCCTGTTACACTAGCCCCACGTCGCGCGTCTCCTAGATAGTATCCTTGTTGCGGAGCATTGAAGACCAAGGACATCGGTCCTTCATCATGGCACATTGTAGTGCCGACCATGAGTGATTATGTACGCCTTTTAAACTACGATGTTCGAAATGTCAATGGGACCTTCTCGGGGCTGTAACGGGTCGAGCCTAGTTATATATGTTCACCCAAAGTAGTACACGACTATCGCCTCGACAAAACTCAAAACACTATACGTTTCCCATCGGTCTGCTAACAATCCGGTTTGCGTGCGACGCTAAATGCAGGCCGTCACCGTTCTACGTAGCCCCTGTATCGCAACCGAGTTAACGTCTGGCCTCCGTGATAGCAACAGCGTTTGATTGTGAGGGTATGCTCGGTGTCCGCCCGAGTCAGAAGTCCCATGACCGCTATTCGGGGTTCGGACTTCGCAATAAGCGTTCGTGTAAGAATCATCTCGGGGCCGACCATGGTAGGCTATGAGCTCGATCCATTTAGCTCGGATACTACCTTGACAGGTTAATCTACCGCCCAGGGATATGACCAGGCACACATGGTGGTGGTTCATAAGCCTGTAAGTCGGGGTTCAAGAGCGTTCGTGACATTTGTTATCCTCTGCCAATTCGGCAAACTCTGGTCCCCCTTCGCAGGCACCTTGACTCCATGTTAGCCTATTTCCGGACTCCGTTAGGTTGCCGTTGACCGGTATGTGATGATAGATGACAAAAAAAGTAAAGCTCGTAGGCTTAATGCGGGACGCCTATAACACATTGTTTGTGTTTCCGACTAATCACCCAATCACGTTAAGAATCTATCTTGTCACTTCATTTCGGTAAGCATTGATGCAAGCACAAGTGTCGTTAACGATATTTAGGCGCCTTGCCTTACACCAGATTAGCTGTACCCATTGCCTAACGCCGACTTAAAGGCTACCCACGCGCACAGGATCGAAACTACTGTCCTGCCCGTGTCGCGTGAAGGGTGCATCCAACTCGTCCGAGGGCACACCCGCGGATCATATGATTACTCCCCATGGGCAGCCTAACTGTATAGTCGGGATACTATGATTTCAGAGCCGCTGCCCACAATGAGGCATCTGCTTGGTGCAACTACATTATAGTCGCTTCGGCGGATAGTGCATAGACCACAGCCGGTCTAGTTTAGCCATTTCCTGAAGTGGGGCTTCACGATCTTCATGAGGATTCCGATCCTTGTGAGTTAGATTGGTCCTGCCTTTATTTTTTTATGGTCCCCACTCTACCCTCGTTACGCCCCGGCTTGCGCTGGTCGCCAACTCACTTAAT,1748,48.51,Mus musculus
SEQ_837198,TTAATGGGCCAATTCATGACGTACCTTTAGAACGCTAAAGTTCTGCAGTTACTACGCCAACCAAGTAGGTAATGCGCCGTTGTAGTATACCCCCAGGAAAGCTGCGCGAGAGTGAAGTTAGTGGCACGTACCGGAGCCAATAGGTATTGAGAATGGCCATGATCGCACGCGTTTTGATGCCATTATTCTCGCCGGCCTGGCGCCCCACGAATGAGACACAACGCGCTTCGGCTTATGACTTCGCGCCAACGTTGTGGCCTGATCGAAGGTCGTTGGTGGTCGCGATCTACCGATGAGGGGGTCAGTTGGCAAGAACAGAGATACTTCACGGCGGATCTGTACCGCTAGGTGCCGTCACGGGGTACTTAGAAAGTGGGGTGTCAAGGGGGTAAGAAAGGCCTTGCAGCGTTGATCCAGGATGTATCTACTGGCCTTGTTCCTGGGCAGGCACCCAGCCACTTTCCTAACCATCCGTTATTCACATTTATCGGGAACCAAAGACCCTATTATGTCCCGCGTGTCAGTTTGTGGAGGAGGCGGAGGAATTACGGCTGGGCCCATATAGCCCGATGCAACGTGTTCAAGACATGAGCCATGGCTGCGCGGTATACAAATCTTTATCTCTGTGGGAACCCGATTCCGACCTCCAAAGCAAACTTCGGTCTGCCGTGGCGATGTTTGGGCAACAAGTATAGAAGGGTGTCCCTAAGTATGCACTAACGGACGAAGCAGGCCGTGAATAAAATATACCGCGTAGCTTGACCCCAACAATGCCGCTCACGTCCGGACCGAGGACGGAGAACAACTAGTCTACGCGGTTGAGTGTGCCGCCTTCTTCAGCACTTCTTAGTGAGTTCAACCGCGGAAACCCGGTGGTATTAAAACTGTAAAGTGGCAAACGACGCCCACAAGGCCAAGCCACTACTTTAACCGGGGCTCGATTTTCCCAAGGGGATCTAGGCCGCTAAACAAAGACAGAGCCATGGGCGATACACAGCATAGTCATCTTAGTATCACTTGAGCAACCAAATTTGCGACGCAAGGCTGACGCATGTGTCTGGCAAAGACCCATAAACACGCACATGAGTATCGAACATTCGGCCCCAATCGAATCTAGGTGAATACCTTGGAAGATTTGGGGTGATTTGTAAATTTACCTAAGACACTGAATAACGTCCACCACCGACGAGGGCGTCCGGTAACCTTGAAACTTCTAACACGTGTCATCTACTTATCCAGACAGTCATTCGTGTTCGATACCCTATTATACTACCCCATGGAAATCGGCTCGGGATTTCATCGAGAGATTCCTCGCTTATTACTTTAGGTTTTACTGCTGGTAGACAGATGGTGAGTCGGAGGTAGTGTCTATCGGGTGATACGTGTTACTGGATAATTTGTTGGAATTGCCGCGTGCTACGTGTGCTCCGCGCCCCATACTGCAGTGTGTTCAATCCTTCAGTCAATTCCTACCATACTTCAGGTGCTGCGGGGAGTCATAGCACGGGAATAGCATGAGTGCGAAAAAATTAATAATCGACACTACTGACCACTCGACGACCGTGTCCTAGAATACTCGGCGTGAATCACGCACCAATCTGGATATGTAGTGTTACGATTATGGTAGACCATGGTTCAGACTTCCTTCCTTTGACGGTGACCGGAGTTGTTGCTCGGACGTGATCTTGGAGACACGACGTTCGAGATTGAAAGCCTATCACTCCACTCATCCCATGATGCCTTGTTAGTGAGGCG,1755,50.48,Homo sapiens
SEQ_887994,ACCCAGCTCTAGGTATAGTTACAGCGCCGGTCAAAATGCGGACCCACTGACGCGGATAAGTTGCTGATCGCTATGTACTATGGGTCGGAGGCCAAGTCTGCCAGTGCCACCTAACAAATATGTCCATGTTAACGCGAACCTTCAAAGCTAAGATGCCAAATAGGCACCAAGGAATTTGTAGCCCAGTCAGGAGAGAGCAAGCTAAACATCCCGGGTGTTTCATGGCTGGAGGTATAAGTCAAGCGTACCTAAGAATGTCCGCCATCGCAAGAAGTGTGAACTGCCACTTACTAAGTCTATACCCGCGTGAATTACCAGGTATCTTCATCACTTGGTACGAATTTTTGTTGCGGGCGCTGGACACTTTCCTAGACACCGATTCAGCCTTGACTGATCAACACCCTCGATAACGTTTTATAGCCATATCAATTGATGTTTAGGTATTCTCCTTAGGAACTCATTGCCTGTACGAAAGATTATCACCCCGGTTGCCCGCGGACGCGCTACGGTGTCTGCGAGATCAGTTCATGACGGACGTACGTGCTAAATCTGCTATTCGTCCGTTCCGTTTCCCTCCTGAGGTCAAGTCAGACTTCGGGATGCCGTAAAACAGAGCTCAAGATTGTCCCAGGTTGGACTAGACCGGATCATTGCTTCTTCGCATGTAAGGCTGCTACCTGCGCAAACTACTCTCTTGAAACTCCCGTGGGTCCTTGACTCACGTATTTCTGTCGCAAGATTTCTGTGCACAATAATACACACTCGCCTCTTGACGTTCCAGTATGTTGCTTACCATCACTACGAGACACTCACGGGTCTGCTCGGGGAACTATGACACAGCAGTAAGTAGGGATTGCATGACTCCTGCGGTTGCCATTACGAATTGCACATCCGTTCAAAGCCTTTGTCTGGAAGTAGCGGCGGTCGGTGTCATTGGGGGATCCATGGAGCGTTCTTGGGTGGGCTGCTCCCCCTCTAGAGGATTCCAACTGTGCTCCTGCGCTGGGTGCTGTAACGGCTTCCCCATGCCAGCGTCGTTTTGTTGGGGACGCAATAATGTAGGAACCCAAAAGATTACACAGGGGGGCCTGCAGTTTTCCTAGCGGGCTGTATACTCCAATGATTGATACTGCAATCGTTAGGATCATCCCAGCTAGCATTATTTGCGGTGCCTTCCGCCCATCAAGCGTTTCTCTAACTCTTTAATACAAATAAGCGTGTCGGGGCTAGAACTGATTAGCCTCCCATGTTAACAGGCTCGGATCGGACATTTATTAGAAGACACCGGTTGCGCTCCATGCATCTTGCATAAATGTAAAGGAACCGGTAATGATCCTCTCACTCGCATCTGCTACATTAGCAGCGGCCCCTGGGAGGGCGGTGTGCCTAACTTACGGGCTGACCATCTTCGTTACTACACGGTTGTTAAACAAAGGGAATCCTATCGGGTCGTGGCGTACGGGGATATTCCAGTAGGTTCTGAAGCACATGCGCATGAGGACAAACGATATGAGAGGTCCGTGCGTTTTTTCCGCACCCCTCGAAAAAGATAGTCATCAGGTAAGGCGCTTTACGTAACTTACCCGGTACGAATGAGTCATAAAAAGCCTGCCAGGAAGGCCATATTTTCTAACCACACAACTCCGCACGTCATCTGTAAGCGTACCGAAAATGTCCCCATTGGACAGGATCAGACTACACAGGGTGGTCGCCGGCTATCTGCATGCACGCACATGTTCTGGAGCATATGATGAAATGGTTTCATGCCGTGAAAGGTTTCTAGTCAAATAGACGGCGGCCCTTCGTTGCCGAACAGAGCTCGGTTACAGGCGAATCATACCGTGATTCCCCCCTGGTATAAGAACAATTGTGGATGAATGCCGAACGGCCGATCCTACAAAGTTTTTGGGCAATTGAATGTAGGGAATAAGCAGTGAGGGAAATGAGCGCTTGCCAACTTGATCTTCGCCGCTCCGTAATGTCGGTGAGGA,1991,49.87,Homo sapiens
SEQ_543757,GAGATAGACCCGGGCGGGTAAATCAACACGTACTGTTCACTAGTACGAGGGCTGACTCGTATAAGACGGAAGAGAGTGCAAGCCGTCACAAATGTCTACGCACGTATTCCCACCTCCGCGTATCCCAGGTCGATCTCTCCTATCGCTACTTCATGTTCGGGGCTGCCCTCCTGAATGCATCGTTCGACCCTTTTCGCAGTTGTAGTATTCAGCCCTAGACTGTTTTCTTGCGCGCTTCTCAATTGTGTTTATAGCCGCCCTTGCATTCCACAACTCATGCTCTTCCCTTCACCGGACCTCGCCGACTCTCTGCATACAGGGCGTAAAGCACGAGAAGCCACTAATCGTACGTGATCGCTCCTTCCCCTTCGGTGGGTTCCATAGATATGCCACATCGTCAATCGCAGAGCCGTGGGAACCCGGGGATCGTGAGGGGTACGGCAGCCCAGAGTGAATAGCTTGCCCATCGAATCATCGTTGCATACGTTCGCTCTGACAGAAGAATTAACATTTGAGCCTAAACAAGCTGCGCGGGCACGTCAAGTTATCTATCAGCTTTCAAAGGCTGCTGACAAATTGATATTGATCAGATATGGAGTATCATAAGTATACGCTGATCCCAAAAGTCTAAGGCATTCCTCGGCGAAGGCCCGATCTTGCGCCTTTTATTTATTCCTTATGACTTCCATAGCTCCGGAGTAGGGATATCTCACAGTGCGCAAGCATGTCCACTCACGTCCTACACCAAAGTACGGATAAGGTGTGACAAGAACAAAGCGCGTACCTTGAAAGCAAGGTATAAGCTAGGTTGCACCGGTCTCAGGTTCCCGGGTCACGTTATGGAGGGTTCATCTGCATTGCAATCGGTAGATTGGGCGTGTACTCGATCTGGTACTCACTGGACCCTGTTGATACTGCCAGTACCCGCCGGGCCGCTTGCGAGTAGCGGCCGAACTTCTGAGCACCGTCTTTGCATTGAGTCGTGCCGTATCCTTATTACTACATGAGAGCCGGA,1015,51.33,Mus musculus
SEQ_223497,AAGTGAGGCACGCTGATGTCGATAACGTCCCTCAGGCAAACAGCCGGTTCCTAGGCACAGCCTTCAACCGGCGCGATTAAGACAGGGACGCTCGATATATTG,102,54.9,Caenorhabditis elegans
SEQ_732192,TTCTCCGAGGTCTCGTTTTGCTCACATCGCTAACTGTCTATAGAGAATGCAGCTGCGAACTAACTCCTAGTACTACAGCTAAATAGCGGGAGGCTTGGTCGGTTACGTGTCACACACCAGAGCGCGTCCCCTGACCGATTAGCACCTGCCGTCGGCCGTGGTTTTAGACCTCGGGCAAACGTGTCCCTTTAGCGGCGGTCTTTCTGTTACCAAGAGACACATCGGCTCTGCCGAAGCAAAAACACTCCCGCATGAATCGCTTGAACCGATGAAACTCACCGACACCACGGTCGGATTCAGGCGCCTGCCGATCGAGTTGGTCGGACCGCGCGTTCACACGGGTTGGGAACAAAAGGATTGCGATTCGAGGGGTCAAAGTGCAACGACTGGCATGCGAGAGCTGTCACTCCCAGTTTAAGGTCAGAAACACGATGTGTAGAATACGTAATTACCGAACGTGTAGGAATAGCACGCGTCATGAATAGGTTGAGCTTAAGTGTCGATGGTAGGCGTGACGCGCCGAGCAGCTGATAGATAGATCGCACACGAGCTCACCCAGGCTTGGCATGACTCTTACCCTCGCGTGTGCATGTATGCGGCGCAGTGCTAAAAGTCGATGGGCTTAGAATTTAAAGACGTAGATACCATACATTTTAGGAGCCCCTGACACTGAACACACAAGTGGGTGATTAATAATCTAGCAGGTGGGAGTGCTCTCTACGTTATTTTCGTTTCGTCGCGGTAGGTGGTAGTGTCCGGGTGCGTATGAGGCTTCGGTCTTCCCGGAGGATTGCCGGATAAATTGCCGGGTTAGCTTTTTACCATCACGTTATGCTAATGTAGGCGCGTTAATGTAATCGGTTACCTCGCCATCGAACGACTCACAATGAGCCAGCGCAATACGGGCTGGGGTGACCGAGAACCCTACGATACATGTCTTTACGATCCGGAACCATTGCAACAAAAACGGGAGGATCGCATAAGTCCGGCGGGACGTAGGTTAACCGGCCTGTTAATTTGCCCAGCCTCTTTGACTCACTCCAAGCGTCTCTCAGTGGCTATGCCAGAGAAAGATGAGACCTTACTATACAGCCTAAACTTTCAGAATGCCAATACGGCAGCCATCATATCAAGGATCGGGGCACACGCCCCTAAATATGGGCCCTGTTGTTAACTATAATAACATC,1187,51.39,Homo sapiens
SEQ_216143,TGAATTTGTGGCCGATAGGTATGGGCCGAGCATCTCTATGAAAAGGGCGTATGGCTGCCTAAATCATGCCCGTCGTTCATGTCTATCGTCTCTGGCGCACCTCGTGAATTATTGACTGCCCATCCGAGCACCTTGCTAATCCAGCGCCGCGCTGTCGAAAGGCAGGGAGAAGCGGCCGATTGGTCTGCTCAAGTCATACAAACTTAATAACTCAGAGGTATAGGGGTGCTCAGAGAATCCTAGTAGCTTACGTGCTAAATTTTGCAACCGTGGTATTCATGAATTACCAACCCTCTGGCAAGCGAGGTTTAACAGTGCGCAGTTATTGAGATTAATGGTCTTCACCATGTCTGATTCTTGAGGCGGGTTACGTATGAAGTCGGGAACCGACGTACCGTATCGTTGAGGGTCAGTCAGCGGAGTCATGAACCTAAAACGCCCGTTCGGGTGCGGTCCGCAAACTGCACGATAGTCGTGTGCACTAATCCCAGTTAGAGGCCAGTAGTGGCACGTGAAGGGATCCTTGGGCTCGGTAAAACTAATGGCGTTTTGTTCGCGTGCAGGCACCGGGCTGCAACACCTCATTACAAGCCAAGTAACGTTGCAATTCTCCGGACGGCCATACAATCCTATACCATGTGACGATCTATCATGACAGCGTCCGAGGTATTTTTGCGAATTGCGACAATTGGGTAGCAAGCGAGGCGTTATCAAAGTGTACGCATGCAGTGGCATCTTGCTGTGCATCAACGGACCACAGACTTAAGGATTTCTACTAGAGCGCGCTCTTCGGCGGTCCCCACAGTTGCCTCGTATAGCAAATTTTCCAGTGAATCAGACCGACTGTTAAAATGCACGTAAATGCAGAGATATTCCTTGCTGTAAATCGGCCCGAATACTCTTCGATGATAATAAATTTAATGGGCTCCTTGGATATGGGAAGAATGTCTAGCCGACCAGATTTCCACCTGCTGCGTCCACCTTCACTTGAACCGCGTACCTAACCGGCGTTAGCTGCCAGCTTAGCAAAATTAACGGACACCTAGAGTCATAATCATTACGCGACGCCAAGATGAGTTCACCGGTCTGCTTGCACTTCCGCCATCAGACTGAATCCCCATTCAGGCGGCGGTCTGGATTGTGTTGAGCTCGCCGGCTTTCGCCCGCGTAACCAAGCGTGGGCGATTTATTCGCGCGAACCCTGACGAGCCCTATCGTGCTAGCATCCCGACGGCTATGGCATGATGTTAGGCCGGCGCATCGTCTTCGATGACAGGGTAGAGGGGAGCGACCTTACGCGCGGCTTAACATATATCAAGCCTGAATGAATCGTTTGCTATAGTGTACTTTACAATCTGGACGGTCGCGTGTTAGACTGATAGTTCCATCTCTACGAGCATCTTAACTTCGTTAGTAACGAAACGGGTCCGGCAATAGACAGGCTCTCCCTGCCGAACGATTGCTGCGTGCTGAAGTCGGCGCAATGGCGCCATTCTTGGTCCTCACTCCGTTGTGTGCACGCGCACAAGCAGTTGACCATGTGCCCCAGCTCACCTACACCTCTACCTCCTAGATGTTGCTACCGCACTCTCGTTTATGGAGCATCAGGAGAATTATC,1618,51.17,Saccharomyces cerevisiae
SEQ_496007,CATTTCCAAGGAGCGTGTTATCTAAAAGTGTTCAATCGCTGGTCCCGTCCGAGCACTTCTAAGTTTAGGCTAGTTGGTATGGATTGCCCAGATAATCTGGAGAGGACCCCTGTACTCGATAATAAGTCTATATCTACATCCATTTGGCCTAACCCTCACGGAGTACGGTCTGCGAGAGCGTCACGAGACCTTGTAAGGCTATACCTATAGGTATTAGGGGAAAGCGTACCAGAATAGACCACCTTTCCCACCGGAACGACGGGATAGTAGGGACTAGATAAGTCGTATAATGAGTCAATTTGTCTCTGGAGCGGCATTTATCCGCACGCAACCTTGTTTGCGTGTTAAGCGACCCCACAGGACACAAATTGCCGCCCGGATATAAACAGCTATTCACCTCAGAAGGGGCCTATGTTGTATCAGATATCCGCGGGTCGGTATGCAGCCCCGAATGCGGGAATCCGAGAACTTCCAAACGCCATTAAAGAATTATACTCTGGGTGTAGATCGCAGCCACGATGACGGTCAGGAATCCGGGTGGGAGCTTTTACACATATAATAGTGGTCGTCCATCCGCACGAGCAGCGGGGCCGCATCAGCTTCATATCATGCCTCCCAGTGCGGTACACCCGGAAGGTACATAAGGGACTTTTGTAACTAAAGAGCTGACGTATCCAATAATGAGTCTTCGTATTCCGTGCCTCATAAACCTCGCAAACACTAAACATTGGAGCATACCTTTGATCGCCGGAGTGTCAGAACGAGCGAACGCCGCAGGACCACGAGTGCCCAGATTATCGAGGCCAATTGGCGGGAAATCGTATCACTAGTATTACGTTACAAGCACTCCACGAAACATGAAGCGGCTTCATTGGATAAGGTTGGAACCAATTAACGTTTAGAGACAGAAGGTATGAATTCCATCATGTGTGCTTGTACGACGTGCTGTACTGACATGGCTTGATATCACTGGTCGCACATAAAGAACTGGAGAAACTATCAGGGCACATACTGATCTACATTAGTTATGTGGATAGCCCCCGATAACCTAGACCCAGGGAAGGCGGGAGGGTTACCGAGTTATATGAGCTTAAGGCTTAGGCCCGCAAGGTTCTGTGCTCGAGATCCACAAGGTGTCCAGATTAACTCGCGTATCGCTATCCCCGCCAATGTTTCGCTCCTCACTATATTCTCTGCCGACGAAATTCAGTCCGCAACACTATAAAAA,1228,48.62,Drosophila melanogaster
SEQ_728104,AGATAACTCCACGCGGCGAGTATAGTATGTGCTTAGAGTACGTCACCTCTTCTGTAACGGAATGAGCTCGGACACAATGTTCGGTTTGAGACGCCAATTTACCAGCGCCTCAAAGTGATTTATAACACACGCCGGAGTCTGAAGAATGTTTACTCCACAGCGCGCTACAAACTCATAAGATTCCTAGGAACTACATGTGGTTCATATCCGAACATTCAAGGCCCAGGGGCCTGGAGTTACCAGAACCAAATTATAAAAGCGTGAGGTCAACGCGAGTCATGCAGCGTCTCCCAGACTTAAGTACAGTTTTGCTACCAGCCAGTGCAAGATGGTTTGCTCACCTGATTTTGCTTGAGAACCAGCTGGTTTCACTTTTCGTAATTCATGCTTATTGGTTACTCACCGTCTGTTTCCATAGCACATCTCAGGCCAGGATTCCGACTCGTCGTTTTGTCTCAACCAAAATAACGTGAA,474,46.2,Drosophila melanogaster
SEQ_179401,TTGTGCTTGTAAGGGAGCCTGTTGAGTGGAGTTACTGTCATACCATTGGAGGGCCCGGTCAGCGATACATCTCGCTCTTCTTTTGATAGAACCAAACAGGTGGATGAATCACTAGCGGCGAAGCTTTGTTGGTAGATATTTCATCGTACGCCGTAGCGATGTCCTGCCGCTTGATAGGCCGACTAGAGAAGATCTGGAATAAATCAAGAAAACAGAAATACGACAGGGGCGTAGCCAGCCAAGTGACCGCTTGAGAACAGCCAGTATGGCCGTATACTGGGTAATGGGCGGCAAGTAGTCCACCGTCTGAAGGTCGTCGAGGCTTCTACACCCCTTGCTCGGCCCTCAAGGGAGACAGGTCTACAGACGGTTGGGGAGACGGGTTTTTATACTTCCGGTGACGCTATTTTAAATAACCATGAACCGGGTGGAATTTACTATCCTTTACGCTAAACTTTATCATTAGCTCAAAATCGTCGCCTTCTCTATCCAACGAGCAACCGATGCAGGGAGTGCAGCATAATTGCGGTAAATTAGTTAGCATGCAGTATGGGGAATTAGCGGGCGCCTGAGACAATTAATTGAGTCCTAGGCAATAAGAATTCGTCGGGTATCTCTGGGTACCGTTATTCCCTCTCCGTACACTGGGCCAGACTCAGAATAGCCTTGACAGGTCGCTATTCTCCTATAAGTCCAACCCTACACTGCAACTTTTGAGGCGCTCTAGCTTATCCTCACAGAGCAGACATAACACGTCGCGTTCTCGAAAGTCCTCAGGCCGAGTGGTTACGGCTGGGTCAGGGTTTAATATTAGACGACAATTGGGGGTAGCAACCTGGGTTTCTAGAATCGCTTCAATTTTAATT,866,48.61,Arabidopsis thaliana
SEQ_424712,ATTCGTTCCACATGGCAACGGAACCCCTAAAGTATCTCCTGGTGGGGTTATTAACGCCACTTCTCGCTTATCTGGCTATAACTCACGCATAGTAGACACGAATAGCGGAACTACATCCTATCGGGTGTGATGCCGGCGTCTTTGAGATCACCTTATTTCCATGATGCAGCTCATATAGCTGGGAACGAAGGATAACAAAAGTCGGTAATGTTGGCAGGCCGGTGGGAAGCATCTCATGGTACACCGGATGAAGAAGCATACTCTGTGCTAGACCGTCACTTGATCTTAGTGTTTCCGGCAGCGATGTTACCGTAAGGAATCGGGGAAGACGTGAAGGTTTTAGAACTCCCGAATTTCTACTGCACTCGCTTCAGAACCATTGTACTTAGATCATGAGTGCCAAGTCGACGTTTGGGGCACAGCCGAAGACAAGCTGATAGATATTGGCCCAGACAGTGGTCTGGTCGGTTTGGTGTGCCTTTCGATTCATCGTTCGCTCGGTGCGACTCAAGTGTTATTCAATCTTACTCCCGAAATCACAGTGAGCGACTTATTGCCACAACCAGATTACATCAGGGGTTGAGCTCAGTGCCCCGCTGACGGACCAGAGGCCCACAGCATGTGTCCTCTTCTTCAACGTATCGCATAACCCACAGTTGCCTCTCCCCACATCTACCTTTGGGTGCGTGAAACTCTTTTGTTTGAGTGGCTCAGTAGGGTGTGGTATGGGACGCGTCCCGTTCTTGGATGACATAAAGAATACAACTAGTGGAGTAGCTGAGTCCAGTCTAAAAGGAAAAATAGCATAGCATATGTACTCTTATAGCTTTTCTGAAACATAAGACCTTACAAGGTATTTTGGGTCATACGGGTCGATGATACCCGTCCTGTATCTACGTGCTGAAAATCAACTGATAGGCGTGCAGTAACTTAACCCGGTTCAACACTAAAGATTCGGAGAGTCCAAATCTTAGCTTATCTTACTTTATGTCCACGAACTTTGTGCGGCGGGGTTATGGAGAGGAGAGAACACTCCTCGAGTGTTGACAGTGTGACCTTACTTAGGCCCCATTCGGTGTAGTCTTGCAGGACGTCAGCCGAGGTGTGCGTTGTTTCGGGGTACGTCCTCAGCAAAGTGCCGATCGGACGGGTCCACAAATCTGTCTGAGTTGTACTCAAGCGGCAGATTGGTGTCCCGGTTATCCAATTTCACAGGGGTATAAGGATTAGGGGGTCGTGACATCTATCTCTAGACATGCAGCGAGACAGGGAAAACGGTACCGTCCTCTGGGTCTTTCAAGTAATCGGTTGATACAGTTATTCCCGGGTACGCGCCAGACACCGTGTCCTTATGGAGAACACAGGCTGCAATTACGGATTAAAAGTACGATGACGACTTTTCGCAAAGCCTTCTCAATGGTTTCGTGGCGCGTTCGGCGTCAGGTTTAGTAACATGGCGTTGGCGACAAGGGATTCCTTTGGCTAAGGCCGGGGGTTCCCCTTCCCAAGCCGAATTCACCGGCGTGCGATTGACTAATTAACGAATGAGGCGACACGAATGCGGCGAACTCTCGCACCAAGAGGCAAGGCGCCACGATGACAGAGTACTAGTCAACACAATCGCCTGTTTCTCGTCAGGAATACTGAGCTCCGAGGATTCT,1661,49.49,Mus musculus
SEQ_239841,ACCGGCCCAGGATCCAATAGTTATCTCGCACCGAGTCTAGAATTACGGGCCCTCCCCAGAGGCAGATGATGTTTGTATACCGTGCCGCACAGAAATCTGTCATGTTGTCCACTAACCTTCCTGATATGCTCCGGTCTAAACTTTGCGGAACACCACCCCAACTACACCGGCATCGCCGATCACGAGATGCCTCTGCAATGCATCACAACAGATCGCTCGGAGTTCTTTTCCTTCCGTCCATAATGTTTATGAGGAATGTCTGCGTTTGACTGCTTGATCTTTTAATCTATGCGCATTCAGACAATCACGAAAACCAGATCGTGAGGGAAGGACTGTCCCTTCTTAATTTTGTTCCATTTTCAGACAAGAATTATGACCACTTTTGAGAGGTTCAGGTTGGATGCTAACCGATGATACGTATTCGAATTCGTTAGCTGGTTCGCCGCGGGGTTTTGAGTCCTGTTTAGATCCGGTGATTCGAAACTTGCGATTCCTTATATCATCTCAGTTCTTATTCTCGCGGGGCGGCTTGGCTGTAAACTGTTGAGGCCAAGCCGGGATGCAGTTCGCGCGGGAAGTACTTTACTGGCGATGGGGACTCGGATAGATAGCCGGTGCTATGTATGCCTCATTGTATAATTACCAGAAACCAGCTGATCAATTCGATATTGTGATAGGCAATATGAGTGGCCGACACTAAATGGGTATAAAGGCGCTGAGTGCGCCACCAGACCTTATATCGTGCAAACTTAATTGCGTGAGTTTCTACAGGTACGTTTGCAGGTAGTGTAAGATTTTGGGCAGCAGCCATGCATAACGTACTAGCCAGGTGAAGTGGATATACGTTTGCAGGCACTATCCCCAATAATTCTTCGTAGCGGCCCTATTCATACCAGGGCTTCTTGGCACCTCCCTCTCGAAGGATAAGGTGGAGATGGACTACTGAA,947,47.73,Drosophila melanogaster
SEQ_311191,CCAGCTACGGGTAGTCGGAGCTGATATGAATGAGTCCTTAATTTGAAAGCGTACGCTACTATGGGTCACGGGCCTCACAAATCCTCTAAATGACAATTTCAATAAAAAAAAATTCGGAAAAGACTTGGGACGCTGCGGCCCACTGGAGGGCCAAGATCTGGGCGTTCGACGCGGTCGAGAAACATCGCCTCGGCGGGTAGTTCGAGCCGTCAAGGTGCAAGGAATGTGATTCCTCTCGGCGTTTGGTGTATCAGTTGAGTCGCGCGAGTCTCGGACCGCCGCTGGGGGTTATCATGCTACAAAGGGCCAGGCAGCGATGGGGCGGCGAGGCGGGACTGGCCATCAAGATTTGCCCGTACTTAGGCTCGTGACCGCTTGTAATATGTGCTCGGATTGACCAACGTTTCACTATGCGTTTCAAGGAAGATTCCAGAGACCAGATTCACCCTCGTGCTCTCAGGAGAACGCCGCAGGTTTGTTTATAGAAGATCAGATATCGACCCGATCAACGCACCTATCGTCCAAGGTGCAATGCGCACGCGTTCGCTGAGACGAAAGGTCCATATCCCAACCGGCATGATGCTGTAATGAACGTAGGATATCCGTAGCTGCAAGCCTTCTTAACCAGAAATCAAGTGGTCCCACGTTTTATTACAGTTCGCTACGGCTTGAGATCGAATATGCCTTAAGCATATCTCCCCGGAAAACGCAGTGAGAGACTCGCAAATTGCCTTGTTACCCAACTAACTTGTTCTGCGTTCAAGT,765,51.37,Arabidopsis thaliana
SEQ_886058,GGTAGAAAATCTGTCCCGCGAACATGGGCGCCAATGGAACCCAAATGCGACTCAGAAAACTCCAGATTCTGCGAAGGCGACCTACATAAAGGTGCTTCGCTCTCTAGTGTTTCGGTTGGCCTTGGTTCTGTTGAAGATCGGCGTTCAACAGGAGCTACCAGTTGGAAATGGATAGGTCATGAGATTAATATGTCGGGTGCCCCAAGTACTGGCTTAAATCGAGGGTGCGCCCCAAATGCGTCATCCGATGCGAGCGAACCCCCA,264,51.89,Drosophila melanogaster
SEQ_316828,AGACTTTCCAACGACCAGGTTGGATAAGGTTATGACTCACGGGGCTTTCTGCTGCTCTCATCCTTTCGGGGGAAAGGGTCAAGGTGTTATGGCCTTTGATAGGAATGATCTGCACTGGCCGGGTGTGAGAGATGTAGAAAGCTCTAGTTTTGCCCTAGACCGACGTTACTTACACTAGAACAAGTCCACCTCACGATTACAGTAGTAAACTATTCCACTGACGTAAAATCTAACACGCTCGGGATATATCGTCCCATCAAGCGGAGGCGGCAGATTTGTTCGTCACTGAACGCACTCACCGGCGCCTGAATCATCCAACCCCGAGCTTCCAAGCATGATAGTGGCTTCTTTCCGTGAATTATCGGAGAACGACTATGGCAGCGAAACCGCATCTCTTGCTAGACTGTGGCTGTACGCGATTTCTTCTATGAATCGCCCTACCTCCATAAGCCCGAGCGCAGAAAAGAGTGCCTTGCATCCTGGTGTTACCCGACTTAGCGCGTCATAACATAGGTGAGAACGGCTTCTCACTTCAAGCTTTAAAGAACTGAGCATGCTCGCTTGACTGGCGGCAGAGGTCAGGGGAGTCGCGGATGACAGCATCAATGTTCTGCTCCAGATCGAACCGTATGTAGAAGCACTCGAGACACGCCGTTGACTCGCCACAACATTCGGTGTCACCGTGGTATACAGCGGCGCACGACTTACCCCGGCGAAGGTACACACGCTCTCCCAGCCGTCCCGCGCTGGATAACAGCCAGTCCGCCGCATTGTGGAAGTCCTGGCTACGCCTAGTTAGATCAACTATACGTCGAACTGGTGATCTAACCATATTATGTTCACCATCCTAGTCCTCTCTGCAAGTCCCGTTTTGATGTGAACTATGTAGAAACGGGGAAGTATTAGTAATGAAGTAACAGATTTCGAGGGGCCTTAACATCAGGCATCGTTTGGTCGCTACATTAAAGAGAGCCTTTAATCACTGGATGTTTCGAAACATCGCCAGCCATTTTCAGGGCCGGAGATATCAGTACTCGATAGTCTGCAGGTAGTGATATACTCTTCTTCGCACTACGCTAAGCGCCCGCCCTCAAGCGGCAACATCGACCGCGCGAGCTCTTTCGTGTCCCTTTTTGTAAGTATGGGACGGTACAAAAACTGATGACGGAAGGGGGGAATGAATGCCGGCGCTCACCAGTCAAAACCACTACAAAAATCCACGGCATGGCTCTTTAATCACAACCGGACGGTCATACTGGTCTATGCTAGGGACCAATTCTTAAGCGTGTGAGTCGTGTGGTGCCATTATTACTCCATCGGGGCCTCAAGCTTAATACATTCGTAGCCCAGCTCAGGACACGTAATAGATATCGCCGGTTAAACGCAAAAACTAGCACTTGTCCGGCCTCACACCTTTAGATGCACTGGGGCTAACGGAGGAGGATCTGATGGGTCAGGATCCACCCGTCGGACGGCGCCGTGCGTTATCACGTCCGGACTTTGCGTGCCTGCCTACCATCGACACTGGGCCTCACGACCCCCATCGCGTGTCGTCCTTTTTTTACCTAACCATGTTAAGGGCGAAAAGAATAAGCGAGTAACAAACAGATTGCGCACCCCGTATCTGTGGATACCAGTCTTCCAGCGCTCACGGCGACATTGCAACTGGTAGGGTGAGGATAAAGCATGGGGACAAGCTGCTAACAAGGGAACGAGTTATCCTC,1724,51.22,Caenorhabditis elegans
SEQ_657037,GACTTCTAGGTACATCGCTATGATAAACAGGGTTTGCGTCGGCCTCAATGTTGTGCGACAGAAGGAGCTCTAACATCAGACTGTCCAATTAAGATTTGGCGAGTGTCCCGCAGTTCGTCACGGCCCGAATATAATAAACCGTCTTCCGCGCTGGGGGGTAGGTGAAAAGTCTCCGCTCACTCCTAAGCTCGACGCAGGTCAAATATAAGTGCAGGGGTTCGGAACCAGAGGCGCGACAGTTCCAAATTGCGTAAGCTGCATTGAATGTGCCGTGGGTCTTGGCACCCCGTACGAGGTTAGCTAGCTACGATGTTGCGCAGGAAACAAGTTCTACTAACGGCTCCTCTACGACTGTCAGGTTAAAGGACTCCACTGAAAGGCTTGCCTGAGGGCGTATCGTAGTCTGTCGCAAAGTTTAGCTCACAGCGTGGCTAGGCGCAAATGCTGGACACGTAGGACGGGAAGCCATTAGGTGTAACAGGTGTTAGCTGTAAGGGACGTTCGCTTCGAAGTCTGTGCCGGGAAAAGTAGGAATGTCACGCCCCAGAAGGGAGGATCGTGCGTGCGACCACGTTGTAGAAGCGTTCGTGAACATAGCCGGCTGTCGGTGGCGTCCAATTGCCTGGGCACTTTCAGGATGCCAGCTGTCTCTTTAACGGTTGGAGCATTCGTAGCGACTGTTCCCGTATCAACGATCCTACTAGCCTCATACACTCAGCTATGCGGCGTTATCCGAGTCCTACTAACTGTACTGGTGGTCTCTGCTACAGGTCCGGACGGAGGAGTATTTAGTTGATGTTCCGACAGGCCCGTCAGAATGACTGCTTTTACGAACCTCAGAATATCCTCTTCAGACTTGCTGTGTGTAAAAGGCCTCTATGTATTGTATCTGCTCGGTGGATATATACACCGGCGTATGAGCAGCCCTGCAATAACGATGTTCCTTGACTGTCGGTTGGCTTCAATGATGCGCGTTTGTTCAGGATTAGACATTACAGTCTCAACTTTTACCAGAATAAAGAGTCTGACGTGTGAACAGTCACACCGAGAGAAGTGTGAAAGGGGGATAAGTAGGCTAGATCTACGATCAGCCGAGTTCAATGGACATTCACGGCGTGACAGGACATTTTTCAACCTTTAGCCCGTGATTTACGGGGCCACCAGACAAGTCCTTGTGCGAAGCCCTTGTACGGAGCGGCGTCCAGTGGAAGCCCACTTGAAATCGTCGCCCTTTAAACAGGCGGTGGTGGAGTTCGCAACTAGAGAGGTGCTTGTCACTTCCAACCTGACGAACGTTCAGTCCATGGTAAGAATGGTCTTAGGAGTGCACCCAATGACTGGCCTCATCTAGAGTAGGATCGAGGGCACCAGTCGTGTCATCAGTTCAGATCGCAAATAGATGCTCACTGAATGTAGTTAGATCAGGTGCCAAGCGAACCCCAACAGACCGGTGACTCTAGGTTCAATCGGGGGATGCGCCCCTATCCGGAGGTGATACGAGGATCAGTATCGGATACAAGGGTGTACGCGAGAAATCACGAAGTTACCGCCCGTCCTTTCAGCAACTTAAGCATACCGGTAAGCCACACGTAACCACGCCTCCCCTCGAACGTGCTTTGTCGTTTCGCCTACCTAAATAAATTAGCGTGTCAGCCAACCTGGAAATCCACCGGTCGCTTGCATGCTTTTCAGAGATTCGCGGAGATCGCAGTCTAATTACTCATCGCAGTGCCCTCTATTATACGCGAAGTCGGAACTCAATATGCTGTTCTTGGCCACTAGTTTCGTCGATGTTAGGGCAACAAGTGTTATCAAGTGTAGTTAGGAGCTAGTTCCATACAAACTGTATTCACATTCTGCGGCAGGTAAGCCAACTCCCGCGGGTTCTATCACTCGTCCCGTTGCTGCAAGTATTGGCATGCACACGCATGCAAGGAAAACA,1942,50.93,Saccharomyces cerevisiae
SEQ_122776,ATTTAGTCCATATCCACGTCGGTCAACGTCCGTTCGCTGGGTCGGCAATGGACTCTTGGGGCCCGTTGGCACTCGCTAATCGCGGCTGAGCTAATCGGTTTCCGATTCCGAGGGTACAGTTGATATAGATTGTCGGTCTCCGCGGGAGCTTTCCAAAACAGTCTGCCTCGGACCGCTAACGAGACTCGCCGCAGTCTTTTAACACCGATGTGGATGGACATTGGTCGAGGAGGACCGCGCGCCCCACCTTTATTCTGGAATAGAAAGAGCGCTGCGATGAGTCATACCGACGGATATCAAGTACCCGGTACCCGTTCGCTAACTCATGAGGAGCTACACGGCGGACGGGTGATTAACATATCATCGTAAACAATAACACGTCGTCAAACTTCCTGGTGGGTCTAGCTCCAAGGGCTCAGCTAAGCACCTTGCTCACAGAGGCGTGATCCGTACCTTGATTGTTGAATCATGGTATGACATTTATTGCATGCGAGGCGTAAAGTCTTTCGAATTTTGCCCCTATTAACCACAGAAGTCGGTGAGCAAGTGTTCCGGACTGTGTGAAAGTGGTCGAGTTAGCACCTCGCGGCTGCACTTATAACTCTCATGGTCAACTACTCGCGAGCTCATATGAGCTTAGAGTCCAGGTCTTGGCAGCTTGAAGTCCATAGAAATTGTACATCGGACCTAACGAACTAATGCAGATCTCATCGCGAGGACTACCTCAGGCCCCGACCATCGGCAGAATTTGTGCCGGGTGCGCCGTCTGCCAGCGAATACGCCTCAAGTACTTTCCAAAAGTGGCCAAATGAATGCGATGCCGACTTTTGATATAGAATACTAGGAACCGCCCAGTAGGTCAGGGGGTCAGGCCCTTAGGACCTTGTAAATAATTGCCCATTGTTACCCTGGCTACCTGCGTGAAGCCGTTCGCGTCGTAACGAAAGTCCTTTTCGCAAACCAAGAATAATTCGCTGGGTTGGTTATCAGGATATGAGGTTCCGTTCGCGTTATTCCGTCAGGGGGAAGCTTCAATCTCAAACCTAAGTTTCGGTGTAGACGGCAATGAAACATCGGTAGCATTGTTTCTTATGATCCTTTTCTGGTGCCTCAGCCTATTGGTATTTTAGATCAGAGGTCTAATGTTGTTCAGGGGCACTAGTCGGTGCACCCCGCGCGAACGCCAAGGAAGTGTATGTACATATGGAGAGCTGGAATATCATTGCGGTGCTCATTGCCAGCTGCCCCCCCCTACTCTACCCCTGACAAGGCTGAGACCGGTAAGCCCTGAGAGCCCCAGAACGCTTGGCACCCGTTAGTCCCTACTAACACGGACACAGCGTAACGCTCCACCTAGGCGCGGGACATTTGTTACTCTCGGGGACATTTAGCCGACGGTAACAGTCCAAATACTACTAGCGTCTTTGTCAATCATGGTAGGACCCTGTGGCCCTCCTACTGGATACGCTTCTTTGTCAGAAAGGTTCGAACTTACTTTTTAGCCATCCGCTACCTGAAGGAACCGGTGGATCAGATTGTCCCCTGATCGACCATTATACCAGTATCGTCACTCAAACCGGTAAGTCCCCATTGGCTCCACGGACAGCACAACTAGCGGGGTTGACTGCCCATACTAGACCGAACGTCCAATCAAGTGGGCCGTGGGCAGTACCCATAACTTCCTCTTATCATCTAGCCAACTCCGGCACGTACCCTATACCGGCTATCGCCGTGCGGTACGGGGGAATCCCCAGAGCCCCACAAACGAGCGTTTTCTGCTTATCTACGCTCAATCCTGTATATACTGGTATTTGGGTGGTACCATTAATTTATTAAACAAGTGCCTTGAGTTTTATCCTGTGCGTTGATAACAAACAGAAATATCACCCACCAGTCAGTGCTCATCCCTGGATCCTGCAACGGGTCCGTGTA,1932,51.09,Drosophila melanogaster
SEQ_861780,GGGCTGGGGCTCCAATAACACATCCTGGGTCCATGTTTGGTAAATCTAGTCACTCCTAGGGCCGAAAGCGGCGATATCCGCCGCATGCTCCGCAGGTACCCCTTACAAGGGAATTCTTTTCCAGCGAACAACCGTTGATTCTCGTGAACCGCTTAGACACCAATCGACTTGCCTCATCAACACCAGTGACACGTTTCCACAGTTCATATTTCCTAAAATCTGATAGAGTAACATGTCTTGACCAAAGGATCAGCTCTGTTGCCGGGGGCCAAGGGTCGACACTCCGCCCGGTGGTGCAGTCTTCACTAATTGCTCAACATTCTGGGGCTGTGTGGCGATCCACATTACACCGCCGGAATTTGCAAACAGCCCTGTGCAGATACAGATTGCCGTTCGACCTATCACACCAAATGAACTCCGCTGCTACCCCTGTCGCGTAGGACTTCTGCGGCTGCGGACCCAAGCTAGAAACCGTCGGCCACTAGCTTATTTCGCGCAAGTGGGTGGGAGATTAGGACTGGGTACGATCTAACCTGCAAACCCACTATTGATACGAGTGGGAAGCCTAGACTAAGTGTCAGATCTTAACCGACTCCTCTGTTGGCTTCTCTGGGTAGTGATACCACTGCTCCGAAGTTTACTAAACTCGCTTTCGTGTTTAGGGCATAACTCGACCGAATCACTTTGAGACGATTCGGGCGCCATGTACAACTGCTCAGCTCAAAGGTCCCTTTCTTCGCAATTGCACAAAAGTAAAATAGCTGGACGGGCGCATCAGAAAGATAGAAGCCATTTAAGGTGTCGAGCGGGGGCAGAATAGAGTGACCTCAAGCAGTTGGGCCTAACTATCCGCTTTATGAACACTGCGTCGTCTTGCGGCGGCAGTACAAGGAGTCCGTAGTGAATCCAGCATAGGGCAATTGACAAAGGGTACGATTACAAGAATCCTGTAACTAGTCTCGATCTCCCTCAGTGAACACAGTATATCACGAGGACGTCCTTCTGATTCCTGCCCCACCGATTTCCCAGTGTGAAACGTGTCTATCCTCGGGTGCGCTCGCCCCGCTAAACGTTTGAGCAAGACTGCACTTCCCCTCATTGAAGCCAGAAATCTTACTCTGAGCCTATATTGTGCACCTACATCGCGTTTTCTACCAGTTCCTATGACCTCTACCCGGGTTGGTTTCCCTTAGTAAGCACCATCCATATCCCTGTACATGTAGGATCTCTGGGGTAGACCAACATACCGTCCTTGAAAGAGTAACGACTGCCGTTGTGCTCTACCGCAGGTGCAGGCTTTGTTTACGGGTTCCCTGTATTGGTTTTTACACTCCCCCAAACGTGTTCAGAAGGAAACTTTTCTGCAGATATTGGGCCCGGCATCTCAACAATGGTATCCCGTCTAAAGACCTACCCCGAGTCACCTGTGGGTAGTTTATGTACAACAACTGCTTGATAAAAACAGTAATGGGAAAGTGATCGGTTTATATCGCTGTAGGCGCTAATCCCGACCCACAGCAACTGTTTAGACGGCCTTACCAGCTGACATGCTCCGACCAGCCACTGCCTATTGGGATCCACGCATGTACAGCAGGAGCCGAAAACCCGCAAGCATATATGTTCCGGCAGTGGTAACTCAAAGCAACCGTATTGGAGTTCTACCGATAGGCGTGCGAAACTCAGACATATGCATTAGATCCAGATCTAACTTGATCGCAGTGCTATTAAAAGCCTCGTTTCAAGCTTGTCCCGTGACTAAATATTAGTTTCGGCTTAATGCTCGCCTATAACACGTGTTCTAGATATCGTAA,1811,49.7,Homo sapiens
SEQ_370718,AATTTCGTGCACACTATAATCTGCGTGTGCAAGAACCCCCGATATTGATTGCTCGGCGCTCCGGCACTATCCTGAGCGTATTATACATGCACCCTTCAAAAAAAGTCGTAAGCTCGGGGTACGCGAGGCCTCTGCGGAATCAAAAGTAAGCTTGCGATTTAGCTTTCACAGGGCGGTTTTAGGCAGGTCTGAAAGGGTTAGGGCGTATTGCGGACTATAAGAGTTGTCGTTGCGGCTGAAGTTCATGTCAAGGCCAGTTAACCAACTAACGAATGTACCCTGGTTGGCTAGCATGACGCAGCCGGTCTGGTCCATGTTCAGATTGGTGAATCCCGGCTCGATTGATCCTCGCCACCACGTAGGATTGACATTAAAGTAAGCGGTTGCTAAGATCCCGTGAGCAGGACTACGGTAGATTCTCCCTGAACCTATATGACTCAAATCATAGGTCGTAAATAGTAAAACACACATGGGCATCAACTAGATGCCCTACTAAAAGAGCCATCCTTATGACTAGGTTGGGGTGGGTGCCGAAGTCTTCACAGGGGAGGAGTAGGTCACAAATTTGTTAGTTGAGAACCCTCCTGGAACCAAGACCCCTTAAATAACACAGACGTGCGATGGGTGTTTCTGCGTTAACTCTACTACGCTTTGCACCCGCCCGGTGGGTTGATTCATACTTACCAAGCGTATTGAGAGCCGATTGTTTAAATTAGTTCCCCTTGATCACCAGGTCGTCATGCAAAAGGAGCGCTGCACCTAGACGGCCCGTGAGGAACCCGCAACTGGTTGGGTCACACCTATATGGACTGTTTACAAAGAGCACCTCCCGCTCCGGCTTATCACCACGGCACATAAGAGCCCGTACCCTGACTGTCAGTTTCCTACGCGATCCTCGGGTCAAACCCCATTCCGCCAGGCAACGAAATTAGCTGTACCCGAGTAATCTTCCAGATTGACCGGGGCAACATAAACTGTCTGGAAGACTTGCTGGGTCAAACCCGCTCGCGGAGGGCCGCCACCATTCGGTCCACAGGTTTTCGGTTACTCGGCGTCTAGACCTGATGTCTTCACTTCCCCACATCACAGCAAACTCATGATTGATTGGGTGATAGCAAGCTCTAGGTTGCACCGTGCATAGTTCACGCACGCGC,1154,50.87,Caenorhabditis elegans
SEQ_509868,TTGCTATCACATCGAAGTGCGACTGGAATGTGTTGGCCTAGTCTCACGCTTGTTACTTTTGCGGAGTCTACCCGTGACCTAGTTTTACGGTAGCTGCTAAAATCGCATTCGACAATACGCTGCACTACCCCTGTTCCGAAATCCATTTAGAAAGCCAAAATACGGCTCCTCTAGTAGAGTAGTTGGCCTAATTCTGGAGAGAACGAAGCCCGGCTAATCGTTCATTTATTTCACAATTAATTCAGCCGAAAGGTAGCCTGGCGTCACTTAGGGAGCCCATGGAACACACCAGGAACGTCAGTGGACGGCAACCTGCGAAGCAGAGCGTGCATACTGAGTGATAGCGACGACCGCATAAGGCCTCGTTCTACCGGCTTGACTTTATCCCCCAATTATCATCTGTTTCGGACACCTAAACGGCGGATTCCTAACACCAGGGAACAGCTGCGCTATGTCGTTCGAACCAAGCGACCACCGTCTCGTATTAACCCGCGACTTCACCGTATCTGATTTACGCACTAGTCCAGCGCCAAAGGTTGGGGACTGGGCGACAAATATAGACGGCGCACGAGTGTTTTGGATCAAGGATATATGTAGCTCCCTCCTGAAGGACAAATAAGGATTATAAGGATTTAATCCTTCCAAGTCCGTTTAGTTAGTATAGGAACGTTAGCCCGATAGCCCGCCGTGCGCTTCTCGTGATCTACATCGGAAGCACTAAAAACTGGCTAGTACGGCGGGCAGCGACAAAATCACTTTTAATGGATAGGATTGGCTGCCTAAATCCGCCCGCTCGTGAATACGTTCTTCCCAGTATCACACCAGTCAAGTAGCGAATCTAGTCCCGACCGCATATCCCCAGGACATGGACTTGTCGAAAAACCACATAACCAGGAGTCCGCGGTGAGCTCGAGACTTGGCGACTTAACGTACCTTCGAGCAGGCGCTGGGAATGTGTTTCGAATGGTTTCCGTACTGACTGAGGGCTTAGGTGTGATAAAAGGGTTTTTGCACGCATATACGACAGGATGACTAAGCAAAGCCTATGATTTGATCTGGAAAAGATTCTAGTTCGCCATGCTTTTTGCTGCGTACTAGCGCCTCAGTAGCTCAATTGGCTACCTTACTTCCGCGACTGTGACTATAGCGATAGAACGCTTCAAGAGGAGATCAGCGAACCATCTGAAGTGAGTCGCGCCGACACTTGGTTCACTAACGGTCGGATCGACTTGGTCACTTATCATAAGTTCTTCGTTTGGATGAAATTTTTTAATGCCGTGTACGCTTACGGTGCCGACGGTACGGTTATTATCAATCCAGTGGACCGCCTCACCGAATATGTCTCAGTTACGACTCCATCCCCTACCCAGAGCTATGAAGCCACAATGTATATTCTTGGCCGTACCGCTCCTATAATGGTCACATCAAGAAACCGATGCTGAAAGCTAAGGAACTAATTCAGGCTATCGCTGCGACCGCACAACGTATCCAGATTGTCAGATTTGGGCGAATAGTTACCTGAGGGCGAGTACGTATTATATGGAGCACCTTTCCACAAAATCCCATGTGGTCAGTTCATACTTGGGTAGACTCTCACATACAACGCACCAACGCAATACCTGGACCGCTCAGCCCAAGGGCAGGCAAGACACGAAT,1656,48.91,Homo sapiens
SEQ_713272,CTAGGTTCAATTTCATAACACCTAGTACTAGAGCAGTTGACTGGAACTCCTGCCTCAACTTGATCAGCGTGATCACTTATGAATTGCTCATTAGTCCTGTAGGCTGCGCTCGGCCCAGCATAGTGCCCGAGTGTACAATATCGGACATGCCCGTCTATTTTATCGACGCAGTTCCCGCGTGTGATGCCAGTTTAGTTTCACGCCCACGCCGCTACTCGCCGGTAGGAAAATCACCCCTTTACGACAAGATAGTGGGCTACGGATCACGCTCGCATCCCTGATTATCTATTTCGAGATGGTAAACTGAGCAGATGGCTACGAATATCGGAAGACCGCTTTTGCGTCCCTCATATGATTCCGAAGTTTTAGGAACGGTGGCACCAGAGTACTTGAGATATTGGACTTTAGATCTACGAGCACACCGAAGGCCCGGTGACGCGTAAACAGGCAGCCTAATTCTTCTCTTTATCATACCTACTACAATCTGATTGGTTAGACCTTAATTGCGAACTAGGTGGGTAGCTTTTCTCTCCCAGTGCCCCACGTGTAATCGCGTCTTCAATGATAGGAGGCAGGA,577,48.7,Caenorhabditis elegans
SEQ_741035,GAGCATGAACTCCTTTACAAGCTCAATGCAGTCACATCTTGGCTAAATACGGTCCTGCACACACCGTCGGTTGGTATCACGTGAGCCGCGTACCTCGCTTAACAACTACTTTACTACATGCGAAACTCGGGGTATTGTCGTACGCCTGTACGGGACGACACTTTCTAGCCGATTTCAAGCATCGGGTATTTGATTAATT,199,47.74,Mus musculus
SEQ_314475,TTTCAAAATCTATTGTCGGTGCGGTTGTGGTACGTCGTTTAAAGGTACGCTGCCGAAGAGTGCTATGACGTATGGTCGCACCTACTCGGTTATCAACACATCCGCCGCAGTAGTTTGCATGATTACCAAGATCCCAACCTCTCTGATTGGACTTATTCTTCTTTACTTCTCCGGTTGACAAGGCTCCGATCTTATGATAAAGCCTTGGAGTGCGGCGCCCCTTTACTACGAGCATCTGGTTCATGTTAGCGGCAAGATCTAAATATACGTAGTCATCACTCTGTAACCCCCTGCACGGGATGTTATCATGCCGGTAAATTTGCCAATGGAAACGCTTGGGCTATTAACGACATGATGCTACCAGCGCTTACAGTTGCACTGAGCCCCCTCCGATGCCAGACATCCTAGGAGAATGTCGACTCATTGTATCGATCTCTACCATGGTAAGCGCGTTGTCGCTCCATTAGGTTCGGTTCCCAGCCTGACAGGCATCTGGTAAGCGACTCGCTACGCAAAACGGCGGCTTTCAAGTGGTTGTACCGGTTGCTCGTAGACTCCGCAGGGCTATGACAGTTTAGACGCGGGGCTGCCACGACTCTACACGAAGCACTAAAAAGTCATGGGTCGATTTCTAACCCTTTTGAGGTATAGCCCCAACGTCCGTTGCGTGTTGGTGGTTTGACCTCACAAAAGCCATGTTGGCAAAGATAGTCCTCATCATGGAACTCGGCAAGTGGGGCCAAAAGTCAGGACATCTATGTACAAATAGCTCATTGATGTGACACATACGGAGTTGGAGCCACCCCCTATGCGAACAGCGTTATTGCCGAAATCAATCGAAACAAGTAACTTAGAAAAACAACCAAGGACTCTTACGCCTCAGTCTTGCAGTGTTGCCAGTCAACCATGCTCGACCGGCTACGTGTGACCACAAAGTGCAACAGGAAGTGATTGCAGACTTGGTACAAACACAAGTACTACGCCCATACGCTGCCCAATCCCCAGTAGGAAGGGCTCAGTCACGCCCGATAATATTTGTGGGAATCTTCGCTGTCATCATAGCTCCCGCGAAGAGGCTACGGGTTAGGGAATATTAATGCGAACTTGATCCTGTTCGCCAACCAATCTGTCTGGCACCAAAGCAGGGTACGACTCCTGACGAGGTATAAAGTAACAAATTCTTATAGGAGACACCCAACCGGTCCCGAACGTGCACGACACGCTACAAATGGACAGGCGAAAAGTTGATAGCCAATCTTTTCACCGTAATAACACGAGGTGATCATGTAATTAGCTGATCGTCGCTTGTTGGCGACATTAATAAGGCCCATCATGTGTCTCTATAACTTCGACGTTGGTCACGGATGTCAAGGGCTCGCCAG,1382,49.13,Drosophila melanogaster
SEQ_349176,AGGGTTCTACCCCGGACCTGAAACCAAGAAGGCGCCGACACTGTCAGTTTAAGGTTAAAGACCGACATAAGCATTGCGACGGGTTGTGTTATCGGGGCGAGAACCGCGTCGACAAGAAATGTCGCGCTTCAGACTATCATACACTACCATCGGATGAACATGTCGACCGGGCCAAAGTAAGCGAAGTGATCCCTACTTATCCCCGCAGGGCGGTGCTCGAGAGTGTTGCCCGGCCGTCAAGTAGCGTCATTTTGACTTGCCGTTGTACCCTGACCGCAGGAATCTTTGGTTGCGGAGAAGGCCGAACCTAAGATCTTCTTAAACGAGTGAGCTCTCGCATTAGGCAGAAGACGAAAAGTACCTTATCGGGTTTCCCGAACACGAGAGCGTGACTCGAGGCAAGACAGGCCAGGTGTCTAACGTTGTTCGAACCGCTCCGATTATGTCCCCCGTTTACGTTATTCAGGGCGAACAGATATTGCGTGAGAGTCCCTGCCACTAAACCAACCGTAGCATTAAGTACTTTTTACGCATGGCCTGGCATATCATTCTTA,554,51.62,Homo sapiens
SEQ_451476,GGTCCCTTACAGCACCCACTCGCTAATATGGAGTGCAGTTCTCGGGAAATTACCATAAGAGCTCAATCTAGGGTGATAAAACGTGTTCACTCCTACAGCTTCTGCTAATATTGGTCCCCTGAGACGCCTACGAACGTCATGGGGCGTAGTAAACCTCGATTCCATTATGGTTTTGAAGTTTGGCTTCTTGCCCGGAGCTTCGTCGGAATGGGGCAACGTAATATTTCCCGGCTCCGCGAACCATCGCGGTTCTGGCTTGTACTGCACCAACAGAGTTAGCTAAGGTATAGGGGCGATAGACAGACCAGTCCTTTATTACGGAGGGCATGACATTTCTATTCTGGTTTATTGTGTTAGATCTTATCTTTGAAGCAGAACAATGCGAGTGTCTTCATGGTCGTGCGCCGAGGGCATAAAACGTGAGTTAACGTTACGGGTGTCCATAGTGTCACTGCGCGATCCTCAGGACTGTGAAGCCGACTAGGCTCCTACCCTCTCTGAGACGCACACGTCCATGGTGGAAAGCCGTTTGAATCACCAACACACAGATCTCAGTAATAGTGTCCTCCGAAGGTCTACTTCACATTGACTACCACCGGAACTTAGTGCCAATCCATAGATAGTTCTATTCACAAAACGGCGTAGAGCTTAATAGGAGTCACAGCCCACGTAATTGAGGCAGAAATCATGCGCCCTACTAACCCTCCAGGTACTTTTGAACGCCTATACCCAATTGCACACGGAGGGGTTGAAAAAGGTTGAGTTCCAGATGTGTGCCAGAATCTCCTCGTATACGGTTTACGGGATGAGAGTGTCTGAATTATTTGCAGTAGCTTTGCGGCCGAGCGAGATTATTAATATCCCATGGTAAGCCTTATGATGGGCTGGGCCCACATGTCTCCTTATGGCAATGATAGGCCGAGCTCACCATGCAACTCATAACTGTCGCCTAGAACGGTTAATCCACATGAGTTTCTGCCGACTGGAACGGACATACTCTAATAATGTCAAAGCTCAATGTCCCAGGTCAACTATATGTTTTGATGTTAGCGTGTCTAGGAACGACTTACGCCGAGTGCTTGAGCATCGATTTGATGACTCATTAAGTCTAGACTTTATGCTAA,1124,47.51,Escherichia coli
SEQ_344933,TGGAATCATCTAAAAACAACTCTATGCGATCTCAACGGGGTATCGTCTCTCGGCATTGTGTTCCTCTACACCAGTACCTAGTAGACCTAGCGTTTGTTGTTGTCTGCGGGTGAGGTGTTGAACCGTGACATATTACTACGTGTATGGTATCATTTAGTCCTATTTGCGAGCCTTCCAGTGTTTGCGACTCTCGTTCAGAGGCTTGGACCATGGTTGGCTACCGCTCTAGGTTTTGTGGGATTTGCCAACACTTTGAGGTTACACCACTGAGGAGCCCCAACAGTTAAATGCCGGAGGAATATTAATTATCGTAGACTCTGGCTAAGCGAGTATTGACAGAGTTAGGCTATTGATCAAACTAGTGATTATTTTCCCCATTAACAATTGGCCACTCCCCAGACCTGATTGTGGCCTGGATTAGTACACTTCCGCCCTCTCTAAGGGTCACGGCTGAGCTACTGACGCCTGCGCACGTTTGCCGGTGGCAGGAAATTAGTACGTCTGCAGCACAATAGTCAGGGCTATGGCCAACTCCCGTTTCATCAACTCGAGGACCCCGCAGCAGGTAACCCTTTACGTGTACCAACGGCAGTGTCCTATGTGCAATCACTGCTTAGAACAGCGCCGTAACTACCGTTTCATCTCGTCCTAAAATATAAAGGTGTATTTGCAACGGGATTGACTGCCCCATACTGTATCCATTAGTAACTATGCTACGTGGTCTAACGCTACCCGTTAACTGTCCGCTCTGACCCCCTGGGTACACCTTTAACCGTTTGGTATAATTATCGGTTGGCTGTTTACAGATGCAGGGCATAGCTACGATTCTAGTCGGTTTTGTAATACTGAATGTGACCACGTTAATCGGTCGCGGTGACAGGGCTTCGAGAGTAAACTGCCGTTTAGACTGAGCTTCGAAGT,921,47.99,Saccharomyces cerevisiae
SEQ_734809,AGTACTCGGGTTAACGATGTGCGAGGACCGCCTGCCGTAACATGAGTGGAAACGTCTCTACGTAGCACACACACGGGAGATAGGGTCCTGAATTGTGCGCGTTTGGTGAACTATCCCTCCTTATGTTTCGAAATGCGCCAGAGGAGACCGTCCATTGGTTATCGAGCTGTGTGGGGAGCTCGGTTTTAGGGTTCCATCCTTAGGCCCATTTAAAATGATTAGGCATGTAACGTGGCGCAAATGGTAGCGAAGATGTCGTGTATTGCAATCCCATAACTCGTAAATGGGTTTTTCTCGAGGAGCCGTAGTAATAGTTGAGGGATTAGGTCTTCGCCCCTTATATTTAAATAGGAACAAGGGTACCCTAATCAATCTTAACGGCAACCGATTTAGTGGTTACACCTCTGAGATTAGTTGGGTTTCAGCTCTAAATGACTTTCAAACAGGAACAATACAGTGTGGTCTTAGTAGCTTTATCCATGAGAAAGTCGGGGTGAAAGTTGGTCATTAGTGAACCCGAGCATCTTCCGCAAACATAGATACCAGACCTCCAATAAAATCCTGATCCTATCAGCAAAGCTTCGCACTCCACAGTTTAAGCTACCTAATGAACTCAAACAACCACTACGCCAACGTTGAGCCAGCCCGTGCCCCGTCATGCTTGCACGGATCGTTCCGCAAGTCTAAGACACGGCTTTGCACACAATGGGGAGCGGCTCGAGCCCACTAGTTACAACTTTTGGTAATTCTATGAATAAGCGTCGGATCATT,771,46.95,Caenorhabditis elegans
SEQ_454403,CGACCTCACCTGTATAAACCATTAGTAGACTCCGCTGAGCGATTCGCGTATGGAGACAACTTCCCTTCCGACCGTATACGTGTGCCAGACATTGGTGAATCAACTAGTGGGAACTGAAGCCCTACGGAGCGGTGTGGGTCTAATCCCCGCAGCTGATGCTGTAGAAACCCAGCTGGAATAGAATACCCTATTCTTTCCGCTTCATACCATTTACCTACTGTCGAATCTAACTATTCGACACTACTAGTGACGAGAACGGTAATCGTTGCGGCACCCTCGTCGTTGCTACCTACGCGGGACCAATCAGCTAACGCCTCGAATACTGACAAGGACTTGCTAGAGCAGTGCCGCGTCTCCAGAGGCAGTTTCAGATATCAATAACAGCCGCCACCTAGGAGATCATTTACGCCGACAGACCACGTGTAGCGTTTTTTCAGACCCCAACCGGCCTGACGAATGAATCAGAGCTTCCATAGCGTGGTTTAGACCCGGATTTAGACTTTAGCTCGGCACTTGAGACGGCCCGTTTGCTGCCATATAGACAGCGTGCGCCGGGCTACGCGGGTTCTGCCGGTGACCCAGCGCTCGTACTCGAACTGAAACAGATCTAC,611,52.37,Homo sapiens
SEQ_922846,CCATACAACAAGGGCGGTAGCAATTCCGAACAGGACAGGTTGATAGTCGAAGGGGGATATGGGAGCTCCTCCTTGCAAGGGCAAAGCACGGATTCATGTGTGTCGCTGACTAAGTATTTCTCGACCTAAATACTCAACCGCCCCGGACGCCGCTGTTCCACACCACCCTCATTCACATTGATTATATCAAGTTAAGGGGTCATTATCAGGCCGTAAGACCCATTAAGTTGCGGGAGGGCACTAATTTGTCCGGAACGAAATGGGGCTTACCATCACATTTTGACATTTACACATTATCATACTGCTGATTTGTGTTAACCCACAGGCGTAGTGTATAGAGTGCTAAGTCCACCCAGTGATTACACATCGGTAGAGCCAACCTTAGTATGGGGACGGGGAGATTAAGTTTATAAAGTATCCGACGGCTGCGACACAAGATGAGGGTCTGTTGGCGCTGAAACGTGAACCTCAAGTTTAGGTCTTGGAGTCGCTTGACCAGCCATAGGGTGAACTGAGTGCGACCTCAGAAGAGATCATTCAGAAAGTCCGAAATCGAGCCGGGGATGAGCGGTTGAAGAATAGCATCCACTCAAGCGTTACCCAGGACGGGATGTGCAATATCCTATTGGCACTAGATGCCTCGTCCTCAGACCATGTGCAATGGTTAACGAATCACACGTCCACCTATCTGGGACCAACCGATACCAGCTGTGCGTAGGAGCTTACCATGTGAAAAGTCTTCCTAAGACACCTATATTAACTATAGGTCCCTATCAAGCAGGTGACCACCGTTGGGCACTACATTGACTTATGATGTCGCTAACACATAATGAGTAGTATGGTGTTGGTCAGGTAATATTCTGGCGCCAGTGTCGACAGTTGAGGTGGACCAAATGGGTGGGCATCGGGCACCCTTGTGTCTGGCACGCTAGGGG,935,49.2,Mus musculus
SEQ_660296,CACAGGCGGAGTCAAGTGTAGCAGGCCCAGTTAAGACTGTAAGTGACAGACGGCGACCTCGCCCTCCACGTAACGGGTACACATCAGGTGGCCCATAAGCCGGGGTGCCCCAACTCCGCCGCAACGTGGGGAGAAACAATCTCGTCCACCTCTCCCACCGCCATGAGTTCCAGTGGACGTTTGAGAGTCTATGAGTTATATATTGTGTATGCGATGCACCCCAACGCGATGGCGCTCGGCATGGTATATCCGCGAGAGAAGGACCTATTTAACTACTTAATAAGCCGTTAGGCGAAGCTACGACAGAACAGTCAGGGTGATGGGACGGTCCAGACAGGTTCTATGGGGGGGGGCTTTAAATCCAGCACCGGTAACGCGGGTCGTGCTCCGTAGGACAAGATACCCGTTGGACATATTGTGCTACTCTGGCCCGATTCCCAGAAGACTTCGACCCGATATCTAGTCTGTCGAGTTTACTAGTGCAACGGCACTGAGATGCATTACCGACGACCTGAGCATGGTACTCTAGACTCGCTCGCGGTATCCACGGTAGCAAGTTTTCTTTAGTGTTAAAATAGAAAACATTGCAAGGGATGCCTCTGGCATTGCGAGTCATGTGCTCCCTCCACAACACTGCTCGGCCGTGCAAGGACTACCATGACTGTGTAAACGCCCACTATTTGAGGATTGATTCACTGTAGTATTGGGGCTCGTCTGTGGCATCACGCACTCTGGTGGCGAACTCACCTGCGATCTATAGGGTGTCGGTCGCGGCACTCGGTCCCAAGCCTAGTGTCTGGGGGGCAGTAGCATGTTGTTTGGATGACCGTGTACTTCAATCATTCAATAACTTGAAACACCCCTGGCTCGCCCCATTTTAATCCGCTTGATCGATTCGGTTAACGATTTTGTCTTACGTGGGTTCTCGTTCTTCCCTCCATATGCGATCGGAAAGCAAGCCACGATGCCCATATCGGTACCGATTTCCTATATGGGATAGTCACCAAATTATTACATTCGCGCTGAATCCAGTACATTGTTACAACAGAGGCGAGAGCCGGGAATCCCACACGAGTCCACCCGCCACCACGGTGTCATGGCGTCAAAGCACTTGGCTGCCGGGCAGATCCTGTGCTTGGACCACCATTATAATTCATAATGACTGAAGCAGGGGATCAACGCCCTATATTACCCTACAGAGCCGGGTAGATAGGTCGCCCATGCTGCTTAACCAGTCTTTCAATAAGGCAGAGTTAGAAATATCCCTTCTTTACTCAGGACACGATTAAGACTGCCGGTTCGACCCTACGCGCGGCGACTTACCGCCTATGACACGCAGGGGGTAAAGTGCAACCTGTCTATACATCAACAGACATCTCCACATACCCTTCTTATACATCAATTCTGAAGAGTTGCGTCAGAAAGACGGGCTCGTTAGCGAAGACTAAAGTCAACGGTAGCTATTTGGACTTGGGTGAGTCA,1482,51.55,Saccharomyces cerevisiae
SEQ_402863,AGATACCTGTTTCGGTTCTGTTTGTCTACGGACGGTGTTAGTCGTCACCAATTGTGACGAACTCCTGGAGGTCAGGATATAGCGGGTTCCTCATCTTTGTGCGTTGGAGTGGCATACGTTCTAGTTGAGAGGGACCTGTCGATCTGTGCGTACTCCCGCTACAAAGACAGATCCAGTACGCACGCTTAGACGGAGCGTCGTGCTATTTTGGACACAAGATGCTGGTGACCCTTCAGAGCGCTCGTGGCGTATTTATCTCGTACCTCTGAGGCATAGCTAAGGCAATTTCAGGAATGAGAATCCGGTAGCCTGGTAACAGTGAATAGCAAGCCATCTCGTGTCTACAAAGGTCATGAAGGACGCGCTTTTGCAAATGTATGCGGCCCGGGGGATCAGACTGCCATTATCGGCGTTTCTATATGAGTTCACAAGATAAGCTAGGGGGGCGTCGCGAGTTAATAGAGTTCTGTCGTGGTATATACGTTAGCGGATTCCAGGGCATTAAGAATACGTCTTCAACCATGCAGTCCAACAGTGAGAGAAATATCTAGTCGATGAGCGAACCCTAGCGCATAGTCATGCGTCTGGGTACAGAGGGCCGACGATCTGTCTCGACATGTCAATATGGACGTTGGACCGAGCTTTACAAGTAAACGGAGTTAGTGATCTGTTTAATAAGAATCACTTGACGAGGACGAGAAGCGAATTGATTCGTGCCCCCCTCACGCTGTTGGTTATCGCTTTAAAATTGATCTAATTCGAGCAAGGAGCTAATATGTTGTTCTGACGACCACCTTCGTGGAAACTCTTTTTGTCAAGCATTGAGGTCATACCACAGGAAGCAGCTATGCATGAAGTTAGCTATAAGGGCTGCATGGACTTCCACTCATGTGCTACGTCATTATAGAGTCAAAGGTCTTTGACGACACGGCTTGAAGTTACCCCCACCGCCGACCCGGATGTTATAGGCCTCAACTTCGCATGCTCAATACTCAAGGAGTCGGCAATTCGACGCTGTGCAAGTGGGACTGCCTGCGGTTTAGTCAGCTCCCGTGTACAGCTAGATGGTATTAACTAGTGATGTGAAGCACTGCCCCCCCTGACGTGTCAAGATCAAGTAACAGAACCCGTGTTTCCCTGCTCGCCCATCCCGGTGTGGTAAATACATGGCCACGTGCACCAATTTCGGTTTGGGGTGACAATTTGTGGAAATCTCGCAAGGGCTATTCAGCTACTCCGACACGGACCGTCACCAAACAGGTTTGTACACGGTTGTGCTGCGCGAACGCTAGTCCTACAAAAACGCAGTATGGGGAATTGTGAGTACATTGGATCTATTGGATATTTATATAGTCACATCTTGACAGAATCCTGTGTGGGAGGAAGTGGGTCTAATCGATATCGCTGGCGAGCTCCATGCGGAAACAAGGAGTGTCGTACCATCTGGAGTTAGCTTTCCAGCCGTTTCCATAGTTGTGGGTTAACGCGTATATTACAGTAGGGCTTCAATTCAGCATTATGCCATAGAGTGTGTCCTTTGCCTCTTCCCAGCCCTCCCCTACCTCCGCCGGTCGAACCCCTCAAGGCTCGAACATGGGATTAGGTCTCTGCAGGATCGCGATGTTGGCCGGGATTCCGCCCCTTACATACGGCGTATGAGAGACTAATAATTTGTCATAGTATAATTGGATCAATGGTTAAGATTACCCATCGCACTAAATGACTGTACCAAAGGACTACGACCATATTTGGTAGTCCAGGGGGTTAGTCTTAGCACCAATTAACGAATCTTTCAAACTTCCGCTCGTGCACCATAATTGCGAATGGTCTGGTTCTTCCTCTTGGTGGGGAAAACGTTTCGTATTACGCTATAGTCATGGCATATGGTCTCACGTTTAGTCCCGGATGGACTATTGAGGCCTTTGG,1926,48.65,Mus musculus
SEQ_296649,TAGGAATAATTAGTCGGGTGCTACGGGAGTAAGGATCTCTGGGCTACTACAAGGATGCGAGAAGAATGTTGCGATACAGAAGCTTAACTGCTGCACGTTCAAGCGGGATGAGACCGCGGAACAGATAGACTTTTGGTGGTTCCCTTAATCATTAATGCACACAGGACTACAGCATGGATATAGCGTAAACGTGAGGATCTTAAGGTGTTGTACGAAGCATAGGGTCCTGTGCGTACGACCCAGTGCTGTAGCTATCTTAAACGTGCTGTTCCGGGGGCTTACCAAATAATGGTAGCCAGTCTCTGTCCTGGAGGATGCCAGAGTGCTACAAATGAGGTATCGCTTATATGCACCTCGTGGAACACCGCTTCACTGAGAAATACAAAACTTAGAGGGGCGGTGCGATTAGAACGAGATAACAATCGCAGATTACCGACGCGTGTTTTCCAAGAACTCAACATACCGAGCGTTGCTGTGAGGAATATCTCAGCTTCTTCGCCTTCCCAGCACCTTAATACAGAGCTTAGGTGACTGGCCGTTTCTATGCTCCGGTTACGAGTCCCCGCGATAGATAGCCGGTAAAGAGCTCGTTGGGGGCTACGTAGCGTGTTAGACAACGAGTACCCGTGTGAGTCATTTCGCAAATGGGAAAGTCGCGTTTATCGATACTCGGGATGTGACGAGCTACCCTAGCATGCGCTTCTGTCACCTATGATATACACGGTGAAATAACACTCGGGGAATAGGACAAAAGACCAAATGCGCCTATTCGGTGTACCAGTGCTATATGTCCTAGCTCCCACGCGCGCTTGTCCCGTCTCCGCTCTGCCGCTATATTTGGGTCGCCGTTGGCTACTTGCTATCGACCAGAAGGACCCCTCCCAGCTTCGATGTATGGGTCAAGTATGCTACCGGCGATGTGAATTCTACACCAATGTGATTAGCCGGCTGCACACGGTAGTGTTCGCGTACCACAAGGCTCCGTCGAGAGGCCCCCCCGGGGTTAAATAGTTTAAGGGCCGCGGCGTATTACATTATAGGTTTCTTCGAAGTGTGTTATGCCCCTACGCTAGACAGATAGCGTGAAGGATCCAGGAACCTTAGCACAAAGCTTCAAGCGGACATGTGAGACACACTATTCCCGCCTACAGTATACCCCGGCAAAGCGCTGCCACTCTAGGTAACATTATTCAGTATCACGCGTACGACGTCATAAAGATACCGATTCCATATTGTAATACCGATGTGTAGTTCGCAGATGCACATTTTATAGTGGGTAGATCGGTCCACGGGTTAGAGTCATACGCTGAGTACAGCAGCACGAAGCTGTCCGCGTATGACCACCCCCTCTCACCAACGGATTTGGAGTACGGATCGAGAGAGGTGTGCCGGTGCGAGATCATATTCAGCCTAAAAGAGTAGTCGGATCGCAGTAGTCGCGTCGGCAAGGTGTAAGTCACATCCCCCATCGGGGCAACCTCGGCTCCCGCCTAAATGAGTTACTAACAAAAAGCCTGCTAACCCCGGCTTAGATAACACACTAAATCAGGATGTTCCAAATTGGCTGTTTGATTCAGGCAAAATCCATTTCCAAGACGTGATGCGTGGTAGGGGCGATCTGGCCCTGTAATGACGTGTGATATAAAGGAATAGTTGTACGCTTTTAAGTGGTGTTAAAGCAGAAAGCCTACTGCTCATTATCGCCCGACTTATGAGAAATGCACAGAAATGACCACGGGAATGACAAGCATTGAGGATTAGGC,1763,49.69,Arabidopsis thaliana
SEQ_660632,GGAGTGCCCGTTGGACGTCGCTAGCCCTGCGGAGGGTATCCTGTTATGAGTCAGTCTCACTGCGCACAGATTTGCCTTCGTGGGCAAGTACGGAGACTCTTCATGCAATAGACAAATTTCACTGTCTGGCGCGTAGCTGATCTGTAACACGCCCAAATCTTCTATTAAATGCTACTTGGCGTTACGGATTGGAGCTACCTTAATCTCTCATTGCCTGTGAGGACTGCCACCGCATCACGACGGACGAGAAGCAGTGAGGCGCGCCTCCCACTTTCTTCCTTTCCTCGGGTAGGCCATTGGCCAACCTCGGTCCCTTGGTTTTACGGGTCCGACCACAAATGTCAGTAGCTGCTCGATTATGGGACGGTTTTATGGTTCGCCGCTATAGGGCCCCGATTTCTGCATCTCCGCCTACGTCACCAACCAGCGAGTGTTAAAGGGGTCCAGTCAATAATAGACACTAGCTAAGGTCATAGGCGTCCGCATGGAGGCAATCCGATACCCCAAGACCCCGACACATTCCTCTAAAGAAATGGGGGTACGCCACGCATCAAAAACCTACCCCGCCATGCTATGAAATAAATTCTAGGACACTCTCCTCAACGGATTATATAATCCATGATCGCTTAGAAGGGCTTAGCGCTCGATATTACCCGATAGTAGACTGTCATACGCCGTGTCAACTGGTGTCACCGATAATCGTTTTTAGCAATCGATTTTTGTTCCGCTTATACCTGACGTTGAACATGTTCGTCACCAGACGTGCGAGTTCACCGATTGCTGTACCGTGCTTGATGGAGACAGCCAGGGTACGGGAAGTACTTGACACAACACGTCGCTGATTTTACCTCGAAAACAAATGGGTCTGCGTTTTGTCGGAAGTTGAAGAAAGGCCAATGTCGGCACCCGCGAACATGTCACTATGCGTCAGAGGGCCCGACGGACTAACATCCATGAAAGACAATTTGCGGCAAGGAGAAGCAACAAGGTGGCGGTAACCTGAGTTTAACCGGACGCCTTAGATATGTGACAGCCGTCAACTCCACTCACTTACACGCCGGGAAATACGGACACGCTGTAATCATAGACTGAGATACCATGATCAACCTTCT,1112,50.63,Saccharomyces cerevisiae
SEQ_470791,ATCCTGCCCGTTAAGATACCTGTGCCCACATCTGACCAGTCCCAGCCTTTCGCTTGAACAGTTCGACGTTTGGCATGCCTCCTTCCTCATATTCCTCCTGTGTTCGCCGTGGAGGCCGCTTACCGCATCTCGTCATTAACCTTGGTAACTCACGTGAAATGTGTGATATAATGCTCCTCGCTTAACGTAAAAGGGAAACTCACCGCCGACTTCTCCTAATCGGATATGTCACTCTTTTCGGGCATCGCCTGAGATCGAGCCTCCAATCTGCGGAGTACCATTGTAATGTGAGACTCGAGAAATTGCAGGCTGTGTATCTTGAACTCATAGGTGTAAGGGAGTCCCTGGTTAAATGTAGATGTGATCTACCCGATCGATGCGAGGTGAGTTTATTATGTCGCTTACTCAGGTTTTGGGGAACACATTGAT,429,48.48,Mus musculus
SEQ_166216,GCAGCCATTGTACTTGTGGTACGCGTTGTCGGAAGGGAGGGGTTTTTCCTAACGAGATTCGCTGTCCAGAGCGAGTTTTCAATGCCACTGTTGGGTAATCAGCTCTGTGAGCCCATGAGTACATGAGGAGCACCCGATTGGTGCTAGGACCAGTGACTGGTATTCGAGATCTGAATGGGACCCAGTACGTGATCACAGATATGTCGACACGGCTCAATTAGGAGGTTTCATTTTAAGCCCCCTGCCGGCTAATGCACTAGCCGAACAACCGTATAAAGTTAAGGATTTATGAGCGATCATACAGCGACTAGAACCCCGCGCAATTAACCTGTGACAATACGACGGAAGAAAGAGTGGGCAATGGAAATAGGTCAGATGTTTTCCCGTGCCTAATTCAAGGGATGTGCGCACGGCCATAACTACGTCGCACCCACTTACGGCCTTATCGATACTTATAACTAGATCAACCCACCGCGAGGTGCACAATGGTCATGCCGTTCTATCCGTTACATGCTTAAGCGCACGGCGTGAGTTGGTCAGTGTTCCTTCGAGATAAGTATGCCGCCGCTCGTGTCCTGATCTTCGAGCGGGAAGCCTGTCGCCATCAATATAGAAATGATGAGTAACACACGCGCTTAGACGTTAAGATGATCTGGCTAGGCATCAGAGTTGATGCTGTTGTTCATCGGTTTTAATCACATTGGATCGTTTCTCGATAAAATCATACGCCTTCAAAAAAACTAAGCCAGGCAGCCTAGATGTTAAGTTCACTCTTATATTCGGCTCCTGATGCAGTTAAGCGGACCTCAATTGCCCCTTTTACACCTCAGGAATACCTCGGGGCCTAGAGATATGGCTGACCTTGCTAGCTCAGGGATCCGATATTAAGGGCCTGAACGTTGTCGGCGCCATCGGCATTCAGACCCTATTAGAGCAGGAATTAGGTAATTTCTTTATATTTGACCTATTACATTTGAACAACTTGTATAGTTGGTCTCGGCCCCCTTAAGCATCTATGATTATCCGCTTTTGGACTTTTGAATAGCCCTGTTACCGGCCCATCCCGTATTATCGCCATCATCCTAGCAGAATAAGCCAGATCACGCCTTTATGGGGCATTGCAAGGAGCCTGATAATGAATCCCACTGGCCGCAAGCCCGACGCTCCAATCATACAGCGTGTAGCACGTATAGTTAAACGTAACTATCCTTATGAATTATCACACCCTGGGCCCATATTCAACTACGGACATGCTAGCGAGGATGGAACGCGATCGCCGCTTTGTAGATTCAGTGAGCTACGCAAGAGGTCCACTGCGCAATGAAATTGTACACGCAAGAGCGGATAGTCATCAATGTCGTAAGATTCTCTAGACTCCCTAGGCAGAGGCACTAATTGTGTGACAGGCTTTAAGAGCCAACATTGGGTGCGAGAACTTTCCACCCATTTATTGCTCGATCGATAGCCTGTCGAGAGTCTTGTGGGTGTATGAACGCCTTAGGCCATCCGTCAACTTTGATTGTTAACGGGGCTTCCCGGGAATCGTATAGCATCCGGGGGAGACATGAGAACAGATACGACGGCCAAAGCGCTAAAGAGCTCGATCTGTGTGTAGTGCTACGGTTAAGTTAGTTTGCGATGCAGCGAAGATCGATGAGCTTGGAAAAACAAGGGGAATCCGAATGCCTACTAGCCACGTTCATCGAAATCGCAAACTAACATACTGTAATTATTTGTGTCGCAGCATGTTAGACCAACTCAAAGTTAAGGGCTGTGCTGACTACGGACATTAGCGGTTTTACTAGTGGCGCTCGGCCAACATAGACTCCCCTCATCTCAGATGCTGAAGCGACAGCGGGATA,1862,48.17,Saccharomyces cerevisiae
SEQ_363259,ATGATCGACCTGGTTTTCTTCCCCCGTGAGAATTTAGTGCCACACTGTTGTTGCGGGAATAATGAATCGCACTATTATGTAATTGACGGGAGAGGTCTTCCTTAGCTTACACCAAACGGCACTACAGGGCGCTAAGGTTTATGCCTAAGCATGGCCGCTGAATGTTCATTTGTAGGGATCAGCGGTGGGACGGCGCCATC,200,49.5,Saccharomyces cerevisiae
SEQ_321528,GATCACCTCGAATGACCTCGGCCGGATTGGTCTAAATAGTGAGGCCGTCTCCGAACATTAGGCTAATCATGTGAATATACTTTTTATAATTCCTATGTTCTTGTGGGCTGGGGACGTAACGAGTGGAGGCCATCGTACCTTAATGCCAGCTTAATGCTAGGTGAGAAAGCAATACAAAGTAGGACATGTGCCACGTTTGGAGGGTACTTCACCGCTGCGTCGTTGGTAGTGCGACGGGCCATATAGATAAAAGAGTCTACGGCTGTGGCCACGGGACAAGAAGCCTCTCACAGCGCATCGATCGGCACAAATGCCG,316,50.0,Escherichia coli
SEQ_176982,AATCCCGGCGATACAGCTATCTGAGTGCCATAACGAACTAGTATTGTCTTTCATTGGCAGATCACTACATTGCGATTAGCTTTAGCTTGATCGTGCCGGATAAAACCCTGGCAGCAGCGGCACAAGTTGATAGATCGGCAGGCACTTCTTTCTGTGTTCCGCTATTCCAACTGCCAACAGCGCAAAGCACGACTGATGGAACATCCACTTTTCTCTTGATCTAACATTCCTGGCGCAGTATCAGCCGATAATACTAATGCATAACTCCCTTGTTGAATACTCGACCCCAGCGGCGTCCACGACTAGGGACAGTTAACCATCATACCCTCCTATTAATGTTAGCGATCAACGGTGCGAGGTTGTCGTGAAGGGAAAACTAAATTTTGCTTTACCCCTTGAAGGGAAACCACTCGTCGATCCCGCCTAGTTCTTGCCTTCCCTTCGTGGGGTTCATTCGCTGATGCCTAAAGCTTCGAACCAGGATGCTTGTGTTCCAAGCACCCTCTGCAGTGCTCATCGGAGGATAGCATGCACGATCACATCAAGGGACCTGATACCTCGGACAGAATTTAATCATTTGGCTGCACAAAACTCACGTGACATAAGCTGTTTTACTTAACAACGATGCACCGGGATCAACAGCGACGTTGGATCGTGTCGTGCTTTGGGAATGGGTAGCCCCTTAGCTTAGGCGCATTATCGGTCCTAACTTGTGCGGCGGGCGTGCCACTATAACTCTTTTGAAATCATAAGAGACATAACTCCGGGTGGGGGAATGGGGCCAACCCCAGTTTCGGGGCACTAGTTATACATTATTACGCAGGCCGCGACCGCCGCTTACAAGGGGCATAGTATTTTCAAAGCATGAAGCACACGAGTATGTTAGTCTGGTTAGCAGCCAACGCCTAATGTCCAACGTGCAAAGCGGACTTGCAGCTGCCAACAGTAGTGATGAGGGACAGCACTTAAACGTCCAGCTTTGTACAACCGTTGTTCGTAATGACCGCCTCCCACCATCGATTCTGGGACTTGCGCAGATGTGCGACACGAAAGTTTGTTATTGGGAAGTGTCGAGATCCGAGCCGGTATCCTGAGACTACAGTATCCTATTCCTATATACTACCTCTGGAGCGTGCGGTCTGAAATAGCCCAATACTTCTACATATGACCGTCGCTACCTTCTGCTAATAAACGAACATCCCTACGGAAACGGCGTGACTATGAGTGCGTGTGGTACAGATTCACACGCGGCCCTATGTGTAGTCCGGCGAGTTATAGACACGTCGTAACCGTGCGATTTCCTAAGATAATAAATTACATCGTGAGTACACAGAAATTTTTGGGGCTATAAGACCCGTAGGCTACGGACACGACTTAGCCGATACACAGTGCTAGTATAACCGAATATGGGATTAAACGGTCATTGATGGTCAATTTAGGTTTTGATCTGGCAGCGTTAGGGCCATAAGCAGTGACGCACTTAAATCCCTATGCCGAGCCAAAGAGGCACTTCGCTAGATCGACGTTGCAGGCCCATCAGGATATAAGGCAGAGGACGATAGTTTGTTTCGGATCCAGGCGACTGTGCGGTCATCTATTGTACCTCGTCCTGTGTTAGGTCAACTACTACGCTTGCTCCACTTGCTTGAATAATTTACAACGGTATATTAGATATGATGGTTTTGTCGTCATAGAGTAGCAGAGTCTCATAATAAGAGCTTCTGAAGGAGCGCATAGCCGTGTACTCCGTTCCCGGTATGGGATACCGAACCACCTACTTATTTTCATCTGTCTCTGCAAGTGA,1804,48.23,Caenorhabditis elegans
SEQ_526959,CGCAATCCAGTCGATTGTGAGTAGGGCATGGCTGAGAGAGGGGTTAGGTAAGAAGACTGCACTACTGCCTAAGATATGAGTGACACTTAATATACTGACGATACAATAGTAGTGGGACGAGTATACGGAACTGGATCGCGTAACCCACTGAAGGGACCCAAGCCCTCGGTCTTACACGGCTAAAGATTGACAGAACGCCGCGATATCGCGTCAATGCTCTACACAGAAGCGCACCATTATTCTCTGCGAATGTGATTCGGTCCGCCGAGGCGATTTCTTTGAAAAGTCCGGGAGTTCTTTGGTACATCAATTAAGAATTGCAACGATAGGTGTAGCCTAAGATAGGCCACTATTCCATACGACCTTCTCGCGCGCACATGGATTACTTGTTGTGATCACCAATGTGGAACGAGAACATACGAACTCAGTTAGGGACCATATCATGAGTGCACCGACTCCAGACTATGCCGTTACTAAACCTTAAGGGTTCAGTGCCGAGAGGTCGAGGCCGGCTGTCCTCCTTAAATTGGGTGATGACGATTTCTAGACCTAGCAATAGCAGGGCCAAGCCTATGCTGGCTCAGAGCCGCCACGCCAATACGCCCTAAGAATTTCCACAACGGCGACTCGGACGAAATAATTCACCCTAAAACAAGGGGAGTGAGGTATCATTAGCATAACGAGAGTAATTTCGCGCGCGTCCTGAGCTGATGCCGGTCCGCGAGGCCAGTATCTACTGGCGGTCAAGTGCTTGATCGGACAGCCAAACAAGAAATGGATGATGCCCCATGCTGCTCATAGGATTTAATGATGAATTGGTGTTACCTTATACTTGGGTCGGCAACCACGCCTAGGATG,858,49.53,Saccharomyces cerevisiae
SEQ_138105,ATGCAGAACAGACGCGTAGCATCAGCCGCTTCAACCTGTATAATATAGATCCTTAATTCCTGCCGACCCAGTCAATTGGCGGGTGTCAAAAGCAGGATACTCGTCTGCTTGGACTTCCTGTAAGGTCTTTAGGTCACAGACTATCCAGTACAGCACGTACGTTTAGGCTGCTCTTAATATACCATTAGTAAGGGTACTAAGCGGGAGGACCAGCACCGCTCGGGCCTTTGCTAACGTAAGAGGGGCCAATCCCTTCCACCTATCGCATTTTCTGTCTGGGATACGAGAACGGGGTCTAGGGGAATGGCTATTTTCTATGGGGCTTGTGAATCCGAAATCGTCTGAAGGGTCTTATGTTCTCATTATCTGAAGTCGTCCCCCCGCTTGGACCGTAATTTCCTCTTATAATGAATCTGGGGGTGAGGGCCTTTGCTAATATTCCAATCGGACCTGGCCAAAAATCGGGGGGGCACATAACCGCCGTGGGCTTCGTTTGTACGAACCTTCGCTCGGGTAGGTCGCTTGCCGTTGACCACACTGTTTGGGAAGGACAAGTTTACTCTACTCTGCTTCAGACTTCGTTTGGGATGTCTATCTCCGCGAAGGCGTCGCTGTGTCGAGTAAATACCTAGCTGTGACACCTCCAACAGCCACTGTACTTAGAACCGGAGATGGGTAGTTGAGAACGCCCGGCGCCTGGGGCCTAGCCAAAATCTGAGGTAATTCCGTTGGTACTACCATATCTCCTCACCACAAGCTAAGTGCCATGATGTAACGTGGGGTAAGTAAGCGTGACCTGTTCACCTACATGTAGATAAGAAATAGCCTGAGCCTGACAGGTGTTCCCATCGAGTCTGGTATGCGGTTTAAACCGTCGCCGGACTTGCTTGATACTGCAGGTTTCGGGCTCCAGGGATAGACGACATCGTGGTCATGCCAAACTTCCCCGTAACTGATCCTACCCACGCCGTGCGGTCGATGCATGCCCATCTGGGGCGCGCCTTGACGGACTAGGTACGAGAGTAAGCTCGGAACAAGCAATGAACACGTGCACCAGATGGCCCGAATAGTACGACAGGGCCTACCGTAAGAGTAATTTATCTATAGAGGGGTATGGGTTCTAACACGCGACCTCAGTTTACTGACGCAACATGACGGGTCGAGTGGTCACCCTTTGTCAAGAAGGGAGTCTCTCGGTCCCAATTAAAATGGCCCAGGCCGACAACACGAGGGTGCCACGCCGGGGTGACGTAGCCCCACTTCCGTCCTATAACCACCTCAGCT,1284,52.1,Escherichia coli
SEQ_663937,GATTAGGAACTAATAAAATTCCTACAACGATCCAAAACTGCCACACGGTAAGAATCGAACCGGTTGGGGACGCAGGCTGCATCCGCTATTCGCAGCACAGTATACCGGGTGTCGTTAGTGCGTATCGTTGAACACCGCGTTATGGCTCCCCGCAGAAAGACTTTAGACACTTCGCACAACGATCTAAGACGACCAAGACCTTTTTTATACTGAATTCCTACTTTGGCATACCCAAAACCCGGCCACCCGGAAGGGAGGGTGGGTACCCCGTTCCAGGTATGCATCTCAATGGGCGCGGGATTATGTGGAACATCATTGCTCGCTTGCACGGGGCATTTCCACTCTCCCCGCGCTTCCGCCAGTTGCACCTCAGGAGTTATCGGTCTCTGTCACATTTCAGTCTTTGCGGGTTAGTCTAGATTTATTATCATGCTATAGCCCTGACTCTTTCTGCACATCAAATTGCCTCAGTAGCTGTGTCCCGCTGGCGCGCCTATATCTAAGCCACCTCCGCGGAATGCTTACCTATTTGACCGACGCTTACGGCGAATGAACCTCAAAAGCACGCTATATTACTCATAAGGTACTGCGCTTGGCTGCTTAAAGTAGATCAGTGCGTCACTGTCATCAAGGTAAGTGGAGCAATGGATAGTGTTGTGGCAAAAGATCTTCGCGAAGATGCTGCGTTAACCCTGACCTTTACCTCTGCCAAGAATCCACACTGCAGTCCACGCTAGGTCTGGAGATCCTCATTGAGATAATTGTGCGGACGCGCTACTGCCGGTTATACTAGGGCCGCCCACACACTCTTCCTCCGTAACGCTGCATTTTCACCACTACCCTCTGTACCAACACTAGGGTTCCAGATAAAAAACGAAAATCCTAATCAAAGCAGCGGGTCGCGCAACGTTGCAGTACCCGACGGCCGGATGAGAAGGGAACACGTAGGGGACTTA,956,50.73,Escherichia coli
SEQ_785066,GCTCACCGCCTTCTTTAGGGGACTTTGATAGTTCCCCCCGTTACCTATGTATAGCTGTGTGGGGATGTCCATGATAAACGTCAGGCGTACGAAACGGATCTACTTCGCGTAGTTAGCACGTGCACCTCCGTTCACCGTGTATAGTACCGCTTGTC,155,51.61,Saccharomyces cerevisiae
SEQ_578821,CTCTCCTCAGCAACTTTAGTCATTCCCCTTCAAGTTAGAAGCCTTTCGAGCTTCATCGAGGTGAGACTTGGGCGCCAGTTGTTAATCACAAGTGCGTGACGTCGGCTCGTTGATGTGAGCTGGCACGCTATCCGAGTACGGAGACGGTCAAAAAGCAGCGGTGCGCGGGCGTTCAGCCGCACCAGGCAATTCTGCAATTGACCTATAGGTTATATGTACTGATGATGATAATGGTCACGCGATACATTTTCCAGTACGCATTGAACGTTTTAATTGCTTCCCCATCGTCAGTAGCGATCAGTACTAATTGGAGCAGCGCGTGGGCCACTTATTGGCCTAGAAATATTTTGACCTGTGGCTCGACACGCCAAAACAGCGAAAGCGCGGTCTGGCAACGTCTAGTATACTGTGTTTAGTACCACGGATCCGTTTTAGCCACTGGTTGGGGCACAGGCGTGGATTTGCCCTACTGTTGGTACATACATGGTCTCTTTCCCCTGTTCGCGTCAAGTGTCTCACTTCTTCCCATCTTACTGCCTGTTCTAAATGGTCGGTGAAACCTACCGAACAAACTGCAACCCCGGACTATGTACACTTCGACGTGCCAACACAACAACAGGTAAAGTTGCGTTCGGCCCTACTACAGCTAGCACAAGTTCCTTTTGTGGTGACGACGAGCAAGGTTGCCTCTTGGTGGGAGAGGGATGCCGAATCCCCTCGGTACCCC,727,51.03,Drosophila melanogaster
SEQ_359064,TGCGCAGAGTGATCGCCTTCCCTTCGATGAAAGCCAAGGTTTTAGCTGTCGCCGACCACAGCGTTTTCGACGTCGAAGGTTAGGTATTAGCTTACCACTATGACTTCATTCTCATGAAAATCGACGAGCAAAGTATGTCGCCACCTTGTCACATCATGTGGTCGCTTTCAACACAACCGGGCGCTAGAAAGCTTAATGCGATATTAGGTCTCAGGGCCATAGCCCCTTATGAAATTTAAGGCGGGGTCTCACTTCTTCCAATTAGGCGAGAGTGACAGACCCAGGCGTACGTTGCCCGTAGATACGATGGTTGCGTGGCATAAGATAGTTCAATCTGGATTTCACCCTAACCTAATCCAACTCGAGCAGACCTGGGGCATATAACCCTAGACGCCGCGGCAAATAAGGCTCTTCGTCGAGCCCTGTGTTACGAGGGGTTCCTCAAAACTCGTCACCTGAACGCGGTTAGAACATGACGCAAGTTACGATAAATTTGACTCTCAGTTTGCGAGCATTAGCCGATTAGTGCAGCTGGCTTCGGCATCCCTTGGATAATGTCATTTGTCCCCGTCGCCGACAGGTCAGTTGCATGCCCGATGTGTTTGGAATTAGCCTGTACGCCGTAGAACGTTTCGGCTGACTACGACACTCCCAGCACAGCGAAACCGATAATTTTGTCAATCCGCCAAACTGGATAAACGATCCATCTCTACGTTCGCTCCTTGTGCACACAGCTTATGGCTGCTAACACTCATAGTGTACTAATTCCTGTCCTCAGAATGTGTGAATCGTGATATAGGGTCCGCTGAGTGCGCAGCATAGCTCTATGGTTACAAGCATACAGTCGCTGTACGCCCGAGCCTTACCAACGGGTTTCTTCCAGTGAGGTTTACGTGGCGCTTTTGCCCCAGGTAACAAAAGCGGACAGGCTCTTGTGGCTCGTCGATAATGCAGTGTTTAAGAGCATGAAACCGTTGTGCCGACTCACGTTCCGACGCAGAGAGGTCGACTGGTGTACAGCATCGTCTAGCTATCATGCATAGCGCCTACGTTCTGTTCCGAGGATCGGCACTCGACAGCCCTACATCTCCTCAATAGCTTCGGGGATGCTTACTGATTGTCGCTAATGCAGTTCGGTGAGTCTACAACACTATATGTACGTTCGTTCCGCGCAAGGTCCGCATTGAAACCAGCTAGTGGGTTCACTGCATGGTCTCTTGAAGTCCAGATGTTCCATATGGCGTGCCTACACATCGGCACTATGTATGATACCCTACACCACGTAAAACGGTCTTATTGCAGGTACATAAGGCAACGGGACGCTCGTAAACCCTCGAAGGAATATACTAGGTACCTCAGCCTTCTTGAGCCTTCGTAAGGAAGTGTACGCCCCACCCACGTGACCGTATGAGGTGTGGCTTGTCGGCTGCGACTTATGCGTGAGGAAATCGCTTTTGATTCCTCTATGGGCATTAAGGATCGACCCTTAATTTATAGTCCTCCCTCAGCAGACCGCTGCACCTCGAAGCACCGCACCGCTCCACTGAGGTTACCGCTTCAGCACTCCCCCCCTTTCGACCTTGGCTCCAGCGGCCAGGTCGTATGCAGAATATCGGCCAGTATCCTTCTCATGGGGTCCCCCCTCGACGATCTCCAGAGTCAGTACTCTATTGACATCTGTCAGCCTAGACTTCATATCCCATGTTTTA,1709,50.91,Mus musculus
SEQ_987950,AGGGGTTCCTATCTCTAGAAATCAAACCCCCTCAGTAAAGACTAACACGTTTTCCCTGATGTGGAAAATCACCTGCCGAAAGAAATGGGTGGTCGGCAGAACTGAATCGGTTCGAACATACACAGCGGTGACCCGGATGTCGGTCCGAACTTCATTCTTGCACCCATGATAGCCTATGGCATGTTGGATGAGATCAATCAGAGTGTCCTACCGTCTGATAACACCCAGCCAATGTCACCGAACTCTCTATTACCGTAGGGTCAAGCCCTGACGCCAGGAAGTGTCAGTAGCTGGACACGATGAGATATTACAAATCAAGCGTTACCGAAGATAGCGGTAATCTGGGAGGTATACATTAGCAACTGATAGAAGGACGGATAATACTCCTTTACGAGCTCCTGTCGGCATGGTGTTTTCGAGATCCTGTAGTTTTTTTGGGGCCGTGCCCACAGGTCCACCAGTTCAATCCGAGTAACTGATAGCCTCTACTTGACATAGTTGACGGTGGCCGTAGGCATTTCCGGTGTGATCTGCATATCTCAGGACTCTCTGTCGATTACTCCTAGCAACTGGATCGACGAATGTCACTCCAGGGCTATTGGACCAGGCGGAATTTGCGAGCCTCCTATAGAGGAACATTTTACATAATCTGTCAACTCTGCTAATGATGCATCCGTTAAATGAACAGCAGGTGCCGACCCGAGTGGTCTCTCAACGCGTATTAGAGTCGTGGATCCCCCTCGAACGGGATTTACTGAGGTAGAGCGGCCGTCCGTCAATTGCACTGTGTGATTAAGGACTCGGAGACACTCGCCTCGACAGCGTAGACTTGGACGCTCCCTGTTCTTGCAAG,853,49.71,Caenorhabditis elegans
SEQ_788642,GTGTCGGGGCTCGTTGGCCTCCGTCGCACAGCTACATCCGTAGCTTGGAATTCTATCGTCTTGGATCTAACCCCCCCTGCACCCGTATCCGTAAAATGCCACATGTCGCCCTACGAAAACCGATGAGCGTCGGATCATTTGACTGATGAATCCTCACGCCGGTATTCACTATTGTGTCCGGAATCCGAGCGCACTGAGTTCAACAAGTCCTGTGGTGCGGCTAC,224,54.46,Caenorhabditis elegans
SEQ_253848,TCGTGGACATGCGAAGAACAATACGATGCGTTACGCGGTCAATCAACCACGTGAGACCAAACTATATCGTACACGCTAAATCGAATCATCGAAAACGAGCTGGTATTGGTTAACGGTGCACCAGTAGAAGTAGTGAAGGTTACTAATCCGTCTATGCAATGGCTAGACGAGGTGAGGGTGTCACAGTAGCCTCTGAAT,198,46.46,Drosophila melanogaster
SEQ_562396,AGGGCTGCTTGACCCATTAGGACGTACTGGTTGCTTAAATCCCTAATCCCTATAAAAGTACTTTGACCGCAATACCAAAGAGTAAAATGAGCACATAGAGGCTGACAGCTTGGGCATATGGGACATCTTGACTAGTCCACAACATGGAGAAGGTTGTTAAGACGATCCTAAGCGGGCAAGCCGCACTGAGGCCCCGCCCAAAGTTCGCCGTGGCGTACATGACATGGAGGCTCTTCCACATGTGCCCCTACTAAAGGACGTTAACCTATGATGCTTGCGCAAACTCTGTCGGGGCATATATTAACTTTTTTTGGACGAATCCCACGTGTAGACGTCCTTTAGAGACCCAGATACCGAGCATGCGGTAAGTTTAAGCGCTTAGAGATTGGGTGCTATCTGGGCTAGTGGACCATTTGGTAAGGGATTACCACAGGACTACCGGTAGGCAAGCGGACGGTCCTGTTAGAAGGTATGCTTATGCTTTGTTGTACACCCCGATTAGCGACAAACACCTACCGAGCTCAGTCGGGCGGCCACGTTGCTAATCTCCGCTGAATTAGACCCTTTGTCCTGGTCGTTATTGCGGACGCCCTCCTGATGACCCAGTCGGGTCTAAACCAGGTCCATATCGCGTCACTCTCGCGTAAATAATTATCTCAACAAGCGATGCGTAACCGGCTAACTATTGACGCATGCCCATATGTTGAATCATTCCGGTAGTAGGCAGGCGCTAGAGATTCGGATTTAAAAAAGAATCTACGGTGCACAAACCTTCTTTGAGGAACAGATAATGCAACCGTATATGGTTAGTCTTAAGCGTGAAGTCGGACGCCACTCGCCTTGGCGACTAGCTTCAACGTGGGAGGTTGGTGCACTACAGCAGTCCCCAAATGCTTGTGCGGCCGCCTTATTTCTATAGAACCATCGATAAAATGAGCATGTTGGTCTACTTCGCTACTTCGCCCATTTCCCTCGCCCACCTACAAGTAAGCCACTGTGACCTGGAATATACCACGTTGCGCGTAAGTCAGATGCTTATTGGGTTTATCTAGGTGCCTCCCCGGAGCCGCTCAACACTGGATATGTTGGGCCGGTAGGTCTAAGACTCTTTCGTTCCCTTTAGGTTCCATGTAGCCACTCTCCTACAAGGTCAGGGTGTGCACTGGTAGCATAGCATTCCCCTTAAACCTCCTAGCACGTATCAGCTGGGCTTTCGCGCTCGGTGGACGGGGGACGCTTCTCGCTCGTGCCACCCGCACTCTCTTTGAGTTGGACACGGTCTCCGTAGCGTGCGCGTTCATCGTTGAAATGTGCAACACCTAGGTATCGGTCTAGGCAGCATATAGGACTCAGGTTATAGTCGTAAGAAGTCATGCAGGAGAGACGAACCTGTTGCACCACTCATCGAACGTTCTGTCGATGTATAACCGAGTTATACTCAACGGGGCGTGACCATTGATTGTATCAATCCAACTTCCAAGCGGACTAGAGCGAGGCGCACGAGATCCTCTTGGATGGTAGACGAAGAGAGCTGGCCTCAAGTAAGCTAATTCGCATCATTCATTGGATGTTCTGAACCTCATAAATAGATCCGATGGGGTACCGAAAGCGCATGAGAGCCCCGTTGGACTCGTTAGTAATCTAAAATTTTCGGT,1655,50.09,Arabidopsis thaliana
SEQ_401199,GTAGTAAAAACTATCAGGTTGTCCATGACGTCCGGGTAGTCCAATCCCTGTCCGTCCCCACAGAGCGGCGGTACGCGTTTCCCATTGAGCTATAAGGATCGTGCTTACGAGCAAAGTCTATACATCGGCCCCTTCTTCTGCGTTCTAATCGGAGTTTCGGTACACCCCACATCAAATGACCTCCGCTACGGACTAATGTGACGCTGTCACTATTAGTAGCGCATCATCTACCGCGAGCGTGAGCCGACGCGAGTACGTACTTTGGGTCTGGCGTTCGGCTATCACAGACCGGCCCATATCGCTCCGTTTCGCCCAGACTAGAAGGCTGCTTATTTGGTGATGTGTCATAACGGCCGTGCCGGTTTGTCTAGGCCAAAATCGGGCGTTATGTTCTGGCAGCGGCGTTGGTTGACCCTAAAATGTCTTACACGTGGGAATGCAGATTATCCGACGGCCAGTTCGTAGGCCTTATCCTGGATGGTGCGGACTAGCCGAAACTTGGTAACAAGCTCTTTAGGCTACGTATCGAACAAAATCCTGCATTAGCGCGTATTGGGTGCATTCCTGCAAAATCTAAGGTGCTTTCCTAGAGATAGGGTCTAACTCTCTCGTATGTGCCATGCGCGCTAATACAGCATTACTCGAAGTGCAACACCCATTAGAAGCCCGTATGGATGGAGATACTACGTCAAGGTTGCTCCTTGCTACAAGCGGCGCGAGACCAGCTTTCCCCCCAGACCAGCAGCGAGGGCGATGGGACAGCCACCTCCACTCATCGGATCGTCGGGAGCTTCACGTACGCACGTCGTGCTCTAGAGTAGTTAAAGCGCGCAGGGCCCCAGTACACGGGTTGCTTTCTATGAAACGATTGCCGGCATGTTCTCTCTAGGCAGGGCGACTACCCTGAACTGGACGTGACTACGCGCGCCGTTGGACGTGACAGTGCTGGGTTACTCGCTGAGTTGACGTTACTTCTGCCCAATCATACTCCGAGGGCATAATTATACGCTTCCGGATTCAATAAACGTGAGCGTTCAATATCTTTTTCGTGCCAACTCGAAAGATAGGCACGATGCCTTTTCTCCCGAGAGCTAGGCCTCTGACGCCATGCTCTCACAACTGCTGGCAGCGTGAATATCTTTGGTAGCAAGATAGTTTAGGTTCTTGTCCATAAGCGGTTAAGCTCCGACAACTCGCTTCCA,1202,52.41,Homo sapiens
SEQ_357309,TCGTGGACCGATTCCAGATTCCACAGGCACCCTTTCCTTGGTAATCAGCTACTCAACGAAGAGGGCCTTTGAAGGTGAGGCACAGAAAGTCATATACACGAGAAGCAGTGGTCAGTGCGGTTGCCAACAGGGCGGTTTATAGGAACTGCCCTGGCCATGCAGACTCGCCGCACCAAGATGGTCGAGCGGATACAGGAATCGGGTGAACCGTGTGGCAGTGCGGTCTACCATAATCGGACTATAAAATGCGTTCTATTTATATGACGCGCGGCGACGGAGGATCTTACCGAGGCCGCTATCCGCTAGTGTGTATACCATGGAATTGAAACGGCGACAATGTAAGCCCTGTTCATCCTTGTCACTGGATCAACCGGCTAGAGGGCTGCAATCCTGGACTGTTTCT,403,52.61,Escherichia coli
SEQ_665755,CGTCAGCTCAAGGCGATAGGAGGAGCATGATTCCGATTGAGCTGCAATAGAGAGAATTCAATCGTTTTGTCAACATAGCTCTCCCAGCATTGGCCAAGACTGCCATCGAAGGACCGATACGCCGTTACACCGAAACTGGGTCGATTTTAGCTGCTGTGCTGCAATTAACCCGATTAAGACTGTTGGATGTTAAAAGGGGCGCAAGATCGTAGAGCGGAACCGCTATTCAACCTATGCCGTAGTCCAGCAATTCGCATCCATCGTAAACAACGCGAGCGGCGACTTCAACCTCCGGAAGGGGGGAGTTTGTATCGAATCTAGCTCCCAACTAGTTGGGCAGTGGTAACGACTAGCTTTGTCAGCGAATCGCATCTTGGGTTGCGCGTGCAAAATCATGTCCGAGGAGTGGAGCTAGGAGTATGCTATCAAACGCTGGTACATCAGAATCTCGCCGCGTGCGTGGGAACCGAGCCAAGCAGGCCCGATATTTGTTGTTTTTGCTTCTTAGGCCCAAGAAAATTATTCCCGGTCCGTCTTAGAGAGTGGCATCTACATTCCAGCTCCTCTCGACACGATCAGAACAAACATGGCTTCCCTATCGTTATCTCCCTGGGTTGTTCTTCTTTACAAGCGTATACACTATCGTAAGTATCACACTATATCCAAACGCATGGACCGACACTCGCTTTGACAGCCACGGGTAAATTAGTAGCCCTCTATATAGCGCTTCTCTACATGACGTAACATACCCCTTCGCCGCGACTAATCGCGTTTTATCTGCCGGTTTCACTGGACGTTGCTCTGTCCGCCCACGACACGGTATCGGGTTCCCGGATTATTGGAAAATCGACAGCAATAAACCGTCACACTGTGTAGAAAACCACCGATCAGACCGAATTGTAGCTAGTAATTATACGACACCCTTAAATAGGCT,934,49.14,Homo sapiens
SEQ_104189,GGTGTAAAAGTCTTAGTGGTAAGTCTCTTGGGGTTGGACGGCACAGAAGTCGCGTTCATATGTCGTTCAACCGATGGCACCACAGCCTTCCGTACGTCGGGAGTTGTGACTTGCGCATTACGTTGAGGAGAGAGAACAGGTCACTCCTACCGATAACTACACGTCATACACACGGGCTGTCACATCTTTATATCCCGGACCACGTCATCCTGACGAAGTGGTGATGGAGTATCACAACGCTTCGTGCTTCACTCCGGTAAAAATCCATCGATATCTGAATCGGACTTGGCGAAACTCGCTAGGCATCGAGCAATACTAACGGCTGGTGATCGTATAACGAGCCATTACCGTTGCCCAGTGTAGATTGGCGCTCCACACTAATGTTGGTCCAAGTCAGATACCGTCTAGTGGGGTACAGCGGGCCCAGAGCGCAATGTTAGGTAGGATTTTAATAGGATTATAGTTGTTTTGATGTACAAATGGATCTCCTACACTAAAGTGTCGTTACATCTTCTTCTTGCGTTCTGGTTCTCCCGGGAGTCCATCACTTACAGGTCTCTACAAAGTACCGTGCCTATGAGAAGCTTCTGGGAGCTAGGGTGATTTTACTCTTGTATTCCTTTTACGCAAACCGTCCACTCATTCCAGGTGTCCCAAACGGTTTTAGTTCAAATTTGCGTCTCAACGATCCCCCGCCTGGGAGTCGCGTCAGTACACGACAGAAACCACTCTGAGATCTGTACGTTTGATCCGGAACGTTAGCCGTTTCCCTAGTACTGGAGATAATGCACTTCTCATAAGTTTCCCTATAAGCAATTCGCTAAACGTTCGCAGGTTTCGTCATGGAGGTGTGTGTAAACAGTTCCCGTAGATAACCCAACGTGCGCTGCGACACTTCCCTTATTTACCTGCGATTATAAACCCTTAAGGTCGTGTACGGGTAAAGCTCAAGTGGCATGTTCGTGATACTACTCATTTGGAATACAGAGTCTTTTGGCACGAAAGCTTCGTCGTCGAAATATACGTTGTTTGTGTGTTGTCACGAATCCAGCTATCATAGGCAATTACTCCGTCATTCTCGATGTACTTAAAGTCGGGGATTCTCACGGGCTGTTTATCAGGTATTGGTTGCAAGCAGCTTCGAATGACCACGAAATCAATGTGGGCCCACAGCTTGCGCTTCATTGTAAAAGGATCAGGTAAAACTGTGCAACCTTTGTATTGTGAACAGGGCATTTGTTTCACACGACGATCCTTTATTCCCGACTCTTCTTGGTCCGAGACCTACCCGAGGTACGGTTATCAGACTGCAGGGGCAGATGCTCCGGTTGTTGACTAAGGCAAGTCACCGATCCACGCAGGCTCACTCGCGGTGTTGAAAGGTACTTCGAGGAACCGGATATAGGAAGTAGGGTGAATGAGTCGGGATCGGTTGGCCGAGTACGGAGCTTAAGTACGTCTTAGCCACATACTGTACTCATCCCATTCGCAGGTCGTGACGCTATGATCCTCAAAGTCGACATTCACTTTTTGCTGTCGGTATCACAACAAGGGGCGCGACCCACCCGGAATCCCGACCGCCTCCCATAGACGGTGGCGATCTGACACTGCAACAAAAGGGAAGACCTTAAGTTCCTGTCGCTAGTGCCGGCGCACATTTAATCTACCGACGACCGACGACGCCTCATGCTCCCATTCACTATGTGTTGGGTTCATCTGAACGTCACACCGATAGTGAAACCGCGATGAATCTTGTGAACATGGTTCCAAGTGAGCCTGCACAAAGCTACATGTAGGCTTATGTGGATTTTGTGGGTCGTGTAAGAACTTTTTGGCGGGCCCCTTGCCTATCACTT,1856,48.81,Drosophila melanogaster
SEQ_554986,CGCATTCACAACGTAGGCAAATCTGTCAGGCCACCACGCCATGGGGACTCGCGCGCCGGGGGGGGCGATACTCTACTCGTTTTAGGGTTAAGCGATGCGCGTTTAACAGCACACGTAGCCACAGCGCAGATGGGGTAGTCTCACTTGTGGTTCGAGGGATCGGTAGAGACGCCATCCTTTTACAGCTGGATCAACTGCGCTTTAAATCGCCCCTGGCTTTCCTCACGTACGAACGCCCTCGTCGGGATGGACATTATTGCCATCTTTCGCCAAATAGGCCACTTTAACCAAGGGTTGACGGGTCGCCGGCGCCCTGCAGGTCTAAACTTAGCCCCTAATTCACGTGCGCCTCATCGAACTTTAACTTGTCAGAGCACAGTCCTTTACCGTGAGGAACCCATATAATGTTCTATATCCACCAGTTTCTCCTTGACGCCAGGTGCAGATCCAAACGCTCCGTGTACTCACAAGGGTTCTGTTAGTTATCCTACCCTCACCGGATCGTCGTTCCAGGCGTTCATCCCTTTGGTATTGCGCCTGTGTAAAATTGAAGTTGGTCACCCTGCAACATTTACCGTTAGCGTGCCAAAGATTCGCTGGGCTGAAATACCGATGCGCATATAACAAAGACTGCGCGGTGTTGCTCGCATTGTGATTACTGAGGGATGGAAGTTTAAAGTGCTTCGCTTGCTATATGGTCTTCTCACGCTTCCTGGCCGGGCGCGCGAGGGGTTGTGACGTATCGTCCCACGGTTGATATTGTTCATTTAAGCGATCAGTTCTCCTCTTATGGATCTGTTCTCATCCCGGTCGACAGACTGCGAGATGAGACACAGGTAGATCTATCTCTGTAATATCAGGCAGCGCTGGAACCACATGACCAGAGGCCGGTGTATCCTCAGAAGATGATGTCGCTGAGACCGATGAACTGGACCGAGGTTACGTAATCTAGGAAGGTGCAGAGTAAGGAACTATTCATGCGACGGTGCTAACTCCTGTGTGCGGAGTGGACCTTACTAGCCCCACCGGTTATTTGGCAACGGTCCCCGCTAGTCAGCACCGTCTAATTATCTTGCTAAGGAATTAGAAAACCAATTAAGGGAACTCTTTCGGGAACGTCCATTGGAGCGTGGTGTTAGCGCGAGCATACGCCTATCTAAGCCTAATGTATTTCACTCAGAACATGGAATTTTCCTGGCTGCTTGTGAGGAGTGGGAGGTCTTAGTACACACCTTGCACGGTCATGTCTAGACCTGATGTATGAACCGCGACAGACCCATGTTGTAAAATGTACGTCACGAGCATCTGTATATTTGTAGACCCTCTGACAGTCGTTACGGCGTCCGTTGACTATATTAGGTTTGTGCCACCCCATATTCCTGTATCTGTGAGTCGTGCCTCTACATTGATCTTGGCTCCGATGGGAGCCTAAAAGGGGGTGTCAGAAATATAGCACTTGCGATCCTTCGGATAAGCGCATAGCCGAGGATAGCGTCTTAAGTTGATGAGTTTCTGGTGCATCTTATCAGACTTTATACCTGGCCGCCCCAAAATTCAGTATGATACGGTTAGCCGAGAACGAAAGCGGAATTGGTCCCCAAGCCCGACACCTCTTTCTGTCTTCTTAACTTAAGAGTGACCATTCGAGGTGCGATAATACAAACTTAAGCAGCACCAAGATATTCCGCCATTGGAGGACACTACGATTGTAGCTACTTGGCACCGACCTTATGTCACTTAGTCGAATGGCAATGTAGGAAAACATTAATGATGCCTTCACCCTCGTGACGCTGGAATTCATCCGACGAGCTCCGAAGTCCCTCGACGCCAGACCTCCTGAACAGGTAGACAGTTCACTGTTAGAGGGTAATACGCTATCTGGATCGATTTGCCCATTGTCATCCGTGCGAGGCTCCGGAACCAATCCCATGACCATGCCTT,1941,50.23,Escherichia coli
SEQ_712884,CGTTTCATATAGCCTTCAACACGGAATTTAAGTTAACGAAACTGACACTTTTGCGGTCTACCGTGTTTGAAAGATCTCTCAAGTGCTGTAGGATGTCCCGGGGAATTGCTTTGATCAACTGCCACAGATGCCGACAATCGGGCCATCACCTAACGTATGTTGATGTATCCGGCCCACACCCACGCAACCGGGACAGAATGGGGATGTAGTAAAGAGCAATCTTATGGATGCACAGTTGACCACGACGCCACATCAGGAGTCTACACACTACTTATCGCTGGCCTTTTTGTGTGAACTTATAACATAACCCATTTCAGAAGTTCATATCGGCAGGCGAAAATAATCCGCTCGCGAGGTAGGTGATCGGGTCGCGCAAACCGAAAGATTCCTGTTGACACTGACAAATACCGTCGACGCCGCCTTTGGCCGCACTGGAAAGCGGCATAGTCGCTCTCATCCAGAGAAATTGCGGAAATATAAGCTCGGACATATCTCGGGGATTGGCATTTCGCCACGTTGGCATATGTGCTCATATTGGACTACCAGTTGAACTCCCGATCAGACTAGCCCCAGCCTCTTGCCTACCCTAACCGGTGCGTGCCCCAGCCGAGTGGGTAGCCCAAAAACGTGAATCCACTCATAGCCCTGCACTGGTCTGGGGTTAGTCGCCATTCACAAGGTTTGCCTGGAAATCGCCATACATTGACCCACTGGTACCTAGGGAGTTGCAGTGTCACTAGAGGAACAGGCAGATCGCAGCCGTGGGTCCAATGATACATGTATCAGACATACGGCCACCCCGCCAAATTAACGTTCCAGTCTACCGCCTAAACCTACAATCAGATATTTTTGCATTCGTTGCACTGGCCGAGATACGTTTTGACGGGTGGTTATAGCATTAATCTGTCATATTATGTGCTGTATGACGCAAGATTATAACTCCCGACCCTGTAGTTGGAACCCGTATGGCGACTCAGGCACAATCTTCTTTTCCTTCGCGAGGCTTCTTTCGGGCAGCCCTTGGGTACTAGGGCGCTAAACCAAT,1045,49.95,Drosophila melanogaster
SEQ_402325,TACGTGCATCTAGTAATACTGTAACTCTCGCTTCATTTTAAACACCGCCCGCTTCTACTCATATGGTTACATTTCCGCTATTCTGGCCTGAGCTGCCTTCAGTACTGCAAAATGTGAGCGGGCGTGGTGGTTCGCAGGGAAACGTACATCATACATAAGCGGCCCACTTATACGTGGTTGTCGGCCCTTTAATCTGTTGAGGGTGGAAACAGTTGTTGAGCCACATGGCCTTCAACAGCTAGGGCAAACTCTATATAGAGCGACATTAGCTCCTTTGGGCTCATCATCAACTGAGGGCGGGACGTTGGACAAAGTGACCCCTGGTGTTGTACCCCATGGCGCCAAGCAGACCAGCGTTTTACTTATGCCA,370,49.73,Escherichia coli
SEQ_726256,TATACCTTTACTCACAAGTTCTTATTACGCAAGGGTACGCCTCCGCACTTGTTCTTGTTAAGCCAATTTAAGTCAAACAGAAACTGTGTCAGCATAATCTGTACAAATCCGTCGTCCCAGACACATACATTGTAAACGATTTTTATTTGGGTACGGAGTTAACTGCGAAGACGCCTCAGTGTGGACGAGTCTGGGGAGTTCAAGGCTTCATAAGGAGATCAAATTCGCTTCTCCGAGCTTAGTAGGGCCCACTTTCATCATGGACCTGCCGTTACGCTGCGTATCGACTCAGCATTCATTATACAACTAAGCTGAGCTAAAAATAGCGAATACCGCTTACTCAGGGCGCATTGGTATCCATGTGGTGGCTCCCGGCCTGGTGGATCACAATGCTGCTGAGTGAACGGTTTTATCTGCGTCTGGGCGGTAGTTAAGCAAGCCCTATGAAGTACTATTCCCTTTATATGCGTCCACCGCCTGAATGTTCGGGGATACCTTCGAATTCGCGATAATAGGTCCGTCCAGACGTAGCATGGCATGTGCTTGGAATCGCCTCCGGCGCGGCGTCCAAGGCAATGATATTAGCCGCGTAGCGGATTCACTCCTCAATGTTATGTTCAGCGGCCTGAGTAGGCTGCAGCACATTAGAAATCTAAATTGCCATCGTCGCTGATAGGTCTCGTAACCGGATACGCTTTCTTAAACTACAAGCCCGGGGAGTCGCGTGGACGTTGTGCTAACACACGGACGAGCGACTAGGACGCCTTTAGCACTGTGGAACCCATGTGCGGTTCTGTCGGTGGGCTCTACCTCGTGAGACGGCGTTAACCTCAAAATCGCCGGCTTCGACCAGTCAATGTACACGAACTTCATTAACCTTACCAAAGGATATAGACATTAGCCCACGATTACCACACAGTAGGACTCGAACACCGCCTGGTGTTTGAAATCTCTTAGTAAGGCAACCGGTAAAGGAGATGACGTGTATTCGCGTACCCTACAAAGTTAAACGCAGTATTCACCTTTTCCGGGGCCCAACAACTTTGGAATTTGTCAGGGCCGACCCAACAATGCTAGCAGGGATGCATGGAGGGTTAAGGACCCCTTACAGTAACGTTCACAACAAGTAATGGCGAACTGCCAGCTCCTATCACGAGCTATTATTGATCAGCCTAACGACAGG,1183,49.11,Homo sapiens
SEQ_685457,GCGGAATTCTAGGGTGAAGGCAGGGTAACTCTCTCCCGTTGGACGATAAGACGTTCTGGTGTTCTCATCAGTCCACTCGTCGCCCCTTTTTGCGTTACAAGAACCGATGAACGCAGCACTTTGCCAGCTTCCCGTGGCTAGGACTGGATAGCGTCGAAAACAGAACGGGATCCGAGAACATAGTTCCTTCTGGAAAAGAAAAAGGGGTGACAAAAATACGACATAAACCTCAAGAAACCAGTATTAATAAGACGCGTGTTCCTCTATATCACAGGATACGGGAAGAGATGGATCATACCGCTACTGAACGCACCGAGGAAGGAAATTCTGAGTCAGCACGGCTCAGATAAATCTAGGTAGCCATTTACCACCCGCGCGGGTCAGGACGACCAGCGATAGTCTACAGACAAGTGTTGTAAAAGCCCGCCCAAAGCCGATCAAGCCAGTAAGTTCCACTTATTCTCCTCCCCCTGAATCCCATTATTTCGGCGATTTCACATGGGCCAGCTCCAGACTCTAGGAGCCCCAAGTGATCCAGAGATTGTATGGTCAACAAGAATCATGAAGCGAGCATTAAACTAAGGATGGTCACGGACGTGATATATGTTGTTGCTAGGCTATGGTAACTAGTGTTCGGATTCAGCTGGCCGTTATGCACTTGCAACTTATACCGCCATGTTCCTCCAAGCTGTTCGATCTAGGCCCTATATTCATGTAACCTCAATGGTCCGGAACGATTAAGTCTCGGGGTCCAATGTTAGGCATTAATCGGGCCGATGTAACTTCTCAACAAGATGCTTCCGTGTCGTACCGGAGCGCTACACTGTGCGGAACTTGGCGACGTCAAATAAGCCCCTTCCTCGGGAACATCGCTATGCCGTGACCACGGCCGCACGATATTTGCCGGGACTTAGACATAACAACATCCTACACACGACCGCTCAGCTTGTGTTGGGCATAGATGCAACCACTCCGATGTAGCGGGTGTTTGTGCAAAAACGGTTGGTGTGAGTGCCTCCTGCAGAGTTCATCTCCGGCCATCTGGTAACTCGCGACGTAGGCACTGGGTAATTACTTCGAAGCTCTACATTATCATCATTGAGACGGTCCTTGTCCCTATTCGAGTCGATACAGGAATGCCTGGTCTAATGGGCTAGAGGTGTATTTAGTAGAGCCTGGCAGCACATGAAATTAGTCCCTGAGTCTTCCAAGCACCCGAACATCGCGGTAGTCGTTTCCGTCACAGACAGTGGCATTAACAAGATGAAGTTGTTATGGTAGGTGATGAGGCCAGAGAACACACAGTACGCGAAAGTCGAGCGAAATAAGCAAACCAGACAGGTCCGAACTGGGCGCTCGCTCAGCTGCTCTGGCTATCAGCTAAATGCCATAAGTCACTTTTTTCTTGCTTGCCTTCCTACCCTCTCTCCAAGTCCCAGAGCACCAATCTCGCGACCAGAGCTTCAAATTATACATAGTGAAAAGGCGATATTGTGAAAATGTGATCGTGCTAGGGATACTACATTATGTATAGATCCTCAGTAGTTGGGACTGTAAGACCTCAAAAGAATTTGCACCCTCCATGTCATAGCCTAGGCCTTGCTTCCTGGGATACTTTTATATATTCAGTAGTTGGTCTACTGGGTACGTAGTGGTTTAATACGGAAAGGTGCGCTCGGTAAGGAGTGAAAGCCTTCTTTTAGAGCAGTACAGCACTTTCGGTGTTTTCTGGGTATTTCTGCCGTAGTCGTTGCACTAGGGCTTAAAGCCCTCGCTTCATGCAATCGCGGCGCTTGTTGGGCCCCAGCGGAC,1812,49.06,Mus musculus
SEQ_420303,CACAAAATGTTCCTTTAGCATACAAGCTCGGTCCCATTCATACCCAATCTGTTGTGTACGCAAGGAAGTTGCCTAGGGCCGCTCTCTACGCGCGTCGCGATCTACGATACCGGAAAAGCCGTTGGCCCGAGTACTTAGCTCCAGCTAGGTGTGAAAAGTATGTTGTGTACCCTCGGCATGCCGCCTCCAGCCGCTACAGAAGTGATTCTCTCTCGATCTACCCTCGACGCCAAGGAATAGTTCATACTTCGGGCAACCACCGTACGAGCACTGGGGTCCTGAGGCCTATCGGAGATGTGTCGCAATCAGAAACGGGTTTAAAGATGATGTTGCCAGATTTACGATAGCCCATTAATTTAGCGACGTGGGTCCGCTATCAGTTTTTAGCTTCAAATATCGACCAAAGCCTACGGTCCCGTGCTCGTCTAGTCGTTCATATTTGGCGACGAGGAATAGTTTCAGATCCGCAGCATAAATAGTCGGCCGGATATATGGAACCTGATCGCAATTCACTACTCAGGGGGATGGGTTTCTTACTACGCGTATTAGGACGGAAGTACCGTTTTTGTCCCTGTAAAATCATGTAAGCGTAGTGGCTTCTAATGATTCCGCCGTATGTGCGAGACGAACGCCCTTCATTACGCTAGATGTTAAATTTATTACTAACCGTGCGGGGAATCCCCATAATGTTACTATCTTGGAAGCTAAGATCTACTGGCGCAAATTGGATATAAACAACTTAAATGTTGCTCATAACGTCCGACTCGACCGTGACGCTACAACGGGAGCTTGCACTGCAGTAGACACGAGGTCAACGCATCCCAAATAATCGGACGAACGATATGGCAAGCTGTAGTAAGGCCGAGGATCGAAGACTCGGTATATATAAGGCAGCCAGCCTCGTGGTCTGTT,912,48.68,Mus musculus
SEQ_892859,CAAATGATTTTTGAGGTTCCTCGGGGGACCCACAGTCGGGAGAAGGCAAAACTTACGGTTGATATTATTATAGAACGGCAGTCATATTTGTAGCAAGTTACATAAATTTACGCCTCCCGCTTTACCCGGTCCACTTGAATGAAGAGAGTGGCCGTTTTCTATGTTTTAGCCAATGATTACGGTAGTGTAGAAACATCCATCATATTTTTAGGTCTAAGAGCTCGTGTGTACAACACCGATCCGAAGCCGCTCTTCGCATAGAATGTATGTTTGCCGACCTCGCACGCTGTTAGAGTTTAAACAGTCGACTCATTCATGACTTGGGGCCTAACCGTCTCACAGACGGACCTTTGCTGAATATTAGTCGTGCTACCGGGGTCGGTTGTGTCTCGAAATGCGGCCAAGGTACACCTTACTCAGTGACGCGAGGGCCTCATAACCAGAGCTAGAGGGGGAGAACGGAAGATCGTGCATGATGGACTCACATCCCTTGCTTATATTTGATATGAAAAGGAATACAAGTAGAACACTCGAAAGTTTAGTAAAGCGGTCAGATGTCGATAAATCAGACACTGTACGTCCGCTGCTCGCTTGGCTGTGGACAGTTCTACCGGTGAACAGGCCTACCAAATAGAAGTAACTGACCCTATCATACGCTTAGTAGAAGCTCTCCTAAGCTGCCACGGGCAGAACCTGTAATAAGAGGACTCATACACAGTTGTTTGGGTATTGTTGGAACCATAGAATCGTCGTTCTTTGCCGCAGCTATCGAACGACGCCCCCTTGAATACGTTTAGAACCCGAAGTTGATGCCTAGTTGCAGGCATAGTTCGCCGCGCTTGCGAAACCAAGTGAAAGACGCGTTGAGGCCAAATTCTTGAGACGGGGATCAATTTCATTGATAGAGAGCTCTTGTTTGATTGACTAACTTACAGAGTACCGATATGTGCTTCATAGGCGTCGCCAAACACGCAGCGGATATTAGAAGCCTTCTAAAACATTCCGCTCGGAATTTACCTAGAAGCATGGCGGAGACTGAGAATAGTAATACCAGCGGTAGTACACATGCATAAGCCATACGTGAATACACTTTGTGCGTCATTCTCCGTGAACTCATCTAGTACTGCCCTAGTATACGACGCACCGTAAACTAGGGTAGGAATTACAAGGTGATAGGCGTATCGTGTAAATTTCAAACACTAAGATCATATCGCGAATGCCATCGCATTCTCTTGACGGTTGGACGGGCAGTCTGTCCCGCCCCAGACAGAACGAGCTATGGCCCTTCTGGCCTACACTCCCCCGGGCGTAATAGCGTACCATCCCCTAGCCGATCGTTGGAGCTGTACCGAGCGCCAATCTGCCTTGGTTTCACGGCAGGGACAGGGTGCCTATGACGTATGAGGCTCGAACCTAGGACGTTCAAACACTGGCGCCTTCATTCGACGGTTCGCATGAATTTCCAAATCCTTTGCGATGCCTAACTGACGATCTTTAGAGGAGCCAAGCACGTACTTGCCCAGTACGAAGACACTCCCCTTCACGAGGGCAACAATGTGCGATACCGTGTATCGGAGAGTGCGATATATTCGAAATTTCCTAGCATACTTGTACAACCATGGACCGATATAACTGTCCAGTGCCCAGAAATGACCCAGTTAGGTCTCTCGGGTTTAAGTCCTTGTCGAGATACAGGTCCCAAGGCTGTCGTATTAACGATTCGTACGTCGTGTCGCAGAACCAAT,1745,48.14,Drosophila melanogaster
SEQ_628718,AGTTGGTTTTGCAGGCTTAGGGGGTTGTACCGACAGGTGTTTAGGTCCGTTTATGTGAGACTGGGCCAATACCATGCCCGGTCAAGGTAGAGTTATCGTACATTACATGTAAACAGAGTCTTAACTATAACAGCCGCCTTGTACTGAGGTGTGTAGCCGAAGTAGTGGTAGGCAACGGAGTGGAAATGATGAACAGCCCTTTACGTTATCTTGCCCCAACGTTGTCGCGTACTAACCGGAGAGAGGTCCGACTAGCTGCACTGATCGATCTTTCGTTATTTTGCGCAGGGCGTCGCTTTAGAATCGACAGAGAGAGCTGGCCGGATGTCTGCTGTTGACCGTGGATGGTTCGCTACGTGATTCACGACCTTATCTATTTTGCATCTAAGATTTTCCGTTTGCTCTCCGCTGCGGAACATACATAGTGGAGTCCCAAGGGGTTACTGTAAGCGAGAGTGCATCTCTCGGCTTTACTGGGAGCCCCTCATTTAAGCGATCGGAGTGGATTGGGCTATAAGTATCCCGATTTGACCGTCGCAAGAGTTGTGTCACAGGCCAACGACCATGATAGGTTGTACGATCTGGCCACAAAATAGTCCCACAGGTGTTCACCAGGTATGGTCACCCCCTCTGGGACGCGACTACAGGCCATTGGGGCCTTCACACGCAACTAACAAGCCCCCTCCCACCAATTGTCACTGGCCGCGTCACATCGCGTAGGAGAGTCCCAAAGCGACCGGCCCAGGTTCAGGATCGTTCCGGGATATAGCTAGTAACTTCTAACTGTTAAGCATCCCCTCTATACCGTCGCCTAGTGCCGTTAGTGCCAGGACAGG,836,51.79,Drosophila melanogaster
SEQ_701189,CGGCCGACGACGCAGCCTTTCAGACAGATGAATAGGTCGTCCCCACTATATTCCCCTACAAGCCACCCGCCGTATATAGTAAGGACCGACTCCTTTAGACACCCTGGTTTCTCGACACTGTACGCTAAAACAGGTGGCCCCGACTTAATAAATCAACCCTCAAGTTACTAACCAAACACAGAACGGTGTAGATTTTTCTAAGCGAACAGTTTGGGATAATCTCGTGACCACGTTTGTATCGGTGACCGTAATCAAAACTGCATCTCATCGCAACGCTATTTAAGCCCTCCATGATTTTACCGACGGGAACTAGGCAAATTACTGGACGTCTTACCACTCGTTCACAGGTCCTATCCTCTCCCGCACTCCCAGGCATACATTCGATCGACCGAACACGTACTATAGGGGGTGCGAAGTGCACTCTCTATTCGAACAACGAACCAGGTCAATTGACGTCCAGTGCCGCTTTGGCTTCGTGCGAAGCTTGGATATAACACTGCAATATCCGATCGGTTACCATACCCGCTCAATGAAGGAGCTATTCCAGAGAATACGCTTGATGGTAGGATATCATTCGTTGTCAACCGGCCGAGCGAACACTCTGGTTTCTTAGGGGGAGCCAGGAGCAGCACATCGACCTAGTTATATTGTCCGCTTCGTCATAGAGGACGCGTCAAAAGGAGGATGCCCGAACAGACGTTACTACACGAACAATGCAACATGTTCCTCATCTGAGAGTCCCCAATCCGCTTGACATTGCACACCTCGTGGGACTGGCTCACGGACTTCATGTCAAGCCGCGACATTCCTACGCTTTTGCTTGTAACTCCACGTAACCAGCCCCCGAGGTAAGGGTTGCGAGACTATGCGTAGCCAAACAATTCTAGAAGGATGCTTAAGGTAAGATCGATGACGCCAGTGCTCAACCGTTAACGCAGCGACGTTTCACCTTAGTCCGTCTAGTTATAAC,970,49.69,Mus musculus
SEQ_612001,TAGATACTGACTATACCCGGCAGGTATTGATGTCAACATAGGAAAAGCACTACATAGACAAGTTAGAATATGGCCTGAGACCCGCGCGATTAGGGCGTTTCAAAGACTTGGACAACGTGACTTCCTGAGACTGCTTCGAACTGCAGGTCCGCGGCTGCAGACATCATCCAAATGTACGACGCGGCAACAACCAAGGCCACCCTTTTTGGAAAGGTGTTATCGTTTCCCTTTCCAGTGATTGTGAATATGTGGGAGCGGCCCCACCCGCAGCGTGGTGGACGCGTGCCCGGTACGAACACTAATTTTACTAGGATGCACGGCTGTCCGCAGTCCCGCTAGCCTTGTCCCTCTGCATACCCCGACTATTCGCATCAAGTTTTGCGATCGTGGGTTATTAGTAGGACCAGGTGGAGTATACAACTTCTTCCTTCATCTCTGCCAGTGGGGTTCCCCGGAATCATGTATCTACTGGTCTCCTGCTGGCCTCACAAGAGTGTTGCTAATCCATCCAATCGCGTGAGCCTCGAAGCGTTAAGATAACGTCTAGGCAGAGATTCTATGTAAATTCTTCGGATGCCTGTTAGAGTGGAAGTGACTTTACGCTCGTTCAAGTAGGAAGTCGTCCATATTACAGGCACAGAAAGTGAAACTCCCAAGGTAACTCTCATCACAAATATTACCTGTGCAAACAGTCTGAAGCGCCCGCAGGAATTAGGTAATGGAACTAATACATATGCTCCGAACCGATTCTGCATTGGCCCCGTTTCTTTAAATTCAACTCCGGTAGTCCGGAGGGGCCAGACAGGGC,808,49.75,Mus musculus
SEQ_696842,CGGAATAGCGCGACCGACCGCATATTCGCCAGGGCTAACGGGGCGATAGGTTCATATAAAAATAAGGTAGCGGCTCATCATGACGTCGGATTTCTACCGGTTAAGCGAGTAGAGGATGCTTCGTCGTCGCTGCATCCGACGAGATCAATAATAAGGACGCACCCTGGGATTCGACGTGTGTACACAGTCATGCCTTGCCGGTATGATGCTAAGTCGATTTTACATATTAACTTCCATCTAGATAAACACACACCTTTACGGTGGGTATGACCAAGCCAGTGACATTCGGGTCCATGATACTTGGAGGTATCAACTCAAACTAGCGGTCGTCCTTTACAAC,340,48.53,Arabidopsis thaliana
SEQ_621150,TATGCAACGGCGGTAGGACGCACCGATACAACTATCCGTCGGTGATCGACCTTTTATAAGGACACCCCCGTGGAAATCACACGTTGGGCGTACTACGGAGTCCATGAGCACGCGATTCTTTACTGTTAAACCCAAACTCTAAATCGATCAATAGCTGAGTAAGCCCCCAACAACGTTCAGACGCCATTTCCCGTATTTCTGCCAACCCTAATCAGTCCCCGACTGCTGTGAATTGGCTTTAACGTGTGATGGCGCGTTACAACCATCATCTGTTGATCTATGGAGAACCACGAATGCACCAACTTCAACTCTGACACTGAAGAAACTATAAGTGTGCATACCTTATACATAATTTTGGCTACTCTTAGCTGATTGCATCCGAAGGGTTAAGGCCCGAGTCGGTCACCAAGACTTCTATGCCAATATCATCAAGGAACGATGCTTGGTCTGTATTTCCCCGCACGATGGCATATGGTGAGGAGTTACCACGCGAACAGACGTACGTGGGTAGGCACCATCCAGAGAAGGCTAGAACCAGTCACCAGGTGATCCACGGTTAAATCGTTATCCGCCGTGGGGAGCACGGTCCTCTCTGAGTGCCTCCGTACCACCGAGTCGGCTATCATATAAACCCGGAGACTGCGTAAAACCTCTCAGGAACAGAGGGCCGAATGTTTACCGGAGAGCCAATAAGACAGCGAATTACCACCTTTGATATACAGCACACCTCCGGAACATCGCCAGTATG,748,49.6,Drosophila melanogaster
SEQ_398755,CATTGTCGCAAACGCGCACAATTCATATGCAGTAACTCGTATTGGTACAGGTCTGGTGAACCTTCCTGTGCTTACTT,77,45.45,Drosophila melanogaster
SEQ_401885,GTCGTCTAGCGGAAATGACGGGATTGGCAAATTACAGTAAGCTACGCGTACACGTCAACCTAGCACCCGTTAATAGGGACGACTGTATGACTGGACTTCATGACCCGGGAATGCTTGTAGGCTCAACCATCTGGGGATATACGAATACCCGCTACTAAACGGCTTTGCTGACATGGGCTAGGACTCGAAGCACTTTGACAGTGTTTCGTGAAGGAGAGCATGTTACGGTGTCCTTCGTGAGAAGAGTGGTCGGTTACTGGACTCAGCTCCCCGTTGCAGTACCATCGGTCTACAACTACCAGGACGACCTTGGTCCAAGACACGCCGCCGCAAACTAGTCATTCATGATTCGAGCCAGCGGTTCCATTAGAATTGATCGCTCACAGGTGTGGAGAAATACCTAAAAGGGGAAAGCATATAGAAAACGAATGTCTCAGAGTCTACGCGCAGACGGCGTACGGATGGGGGCGATTTTGCTATTTTCTATCATGAGACCACGCCGCTTAACCCTGGCAGATTACAAGCCGCGCCCACTTGGGGTCTCTGGATCAATCAAATAATTCTGGGTATGGGTGGTTGCTCATTGCGACTGGCCTATGGCGTAGCTGCTTTAGCCAATGTGGGTGTATTTCCCATAGATTCGAGGAACCACCCATCAATTTTTGGGTCCTTGTTGGTTGCAAAAACGTCGAAAGAAGATATCCACCCATGGCAGTGTCTGACCGAACATGTAGAGTTTAACTCTTTGACCTTTGTCGATCATGTGCTTTAGTGGGTCCATTATCACCCCTTGCGACGGTACTGGTCATGCAAGCTAAACGGTATATGAGAAGTCGCAGTGTTTTTCGCGATTCTCGCAAACGATTGCTGTGCTAGTCTGTCTCCTACGATTTGTTATTGCATACTTACGGTGCACGTGTACACCAAGCTCTTCCACGAACGATCATCTTCTGCCTAATATGTTGATACATCGAATTAGTAAGCAATCGGGGTGTCCCCTTCTTATCCCTAGTTAGCCCAACATCGATAAATTCTTTTCGTGTAAAGTACCTTGTAGCAATCTGAGCTGCTTCCAACATCATAGCTAAGGCTCGTCTCAATCGGTTCCGACTAAGTGTCTCAACACCCAACCATGTGCCGCGACTCCTCCAATTTTTCGCGACAAAACAAACTCGCACAGTCCCTGGGTCTCTACAACCGGTCTTATCCATACGTGTTTTGACCCGTGTTGTTTCCGGGTGCTATCTCCTGCACCGGGCTTAATGTCAAACTTCCATCCCGGGAGGGCGTGTTGCGCATCATCCCGCTCATCGTTACATTGAGTTCGAAGTTAATAGTGGCTCAGAATCCTCGCTATACCCGCCCTGGGTGCCCTCACCAACTCCTCGAAAAAGTCCCATGATGGGACTATAGGTAACTTCTGGGTCATACATTGCGAGAGATTCTTAGTAGTGGCTGAGTGTCAGGTTCTGCAAATAATGCTCTTCTTATCAGGATGAACGCCTCCGTCCTGCGAACGCCTATGCCTGCTGCGCCGCGGCAAAATATCAAGCGTTGACTTGGAAGGGTACACCAATGTCCACATCAGATACACTGCGCGTGGCGATGGGGGCTCGCGTCTATA,1624,49.32,Arabidopsis thaliana
SEQ_209402,ATATAACCCTTAGAATGATCATCATCCCTTACTGCATAGCGACCCTGGGGTTGAAAACCGAC,62,45.16,Caenorhabditis elegans
SEQ_784359,AGCGACAGATTATTAGCCGAAATGCTTCCAGGGGCTAGCTCCACGGTTTGAGT,53,50.94,Drosophila melanogaster
SEQ_450202,TAGTGAGTTGCCCTTCGCGGGGTTGGCCACACTGTAAAATATGGGCGGAAGGTGGTTTACCACGATCTTTATAGCCAGAGTATTGTCAAGCGAATGATTTCACGCAGACGGCGACTTGAGGTGTTTACGAAGCGGGTGGTCAACCAGACAGTTAAAATATTACCAAACATACGCAGACTACGAACACCGTGTGTAGGGTTTCAATTAGGATCATGCTCCGACGGTGTTGACAACCGTAGAGGTCTCCACACCGTGCCTCGTTATGGAACTCACTTCCCCTAAAGCTGACCAGACCCCCGATCATACACGCCAAAACGTGGGCGCTCTCATCGCACGAATGGGTAAAGTGCTAAACAACGTAAATGATTACGGTACAAGGACACTTCCATTCCCCACACATAGCGATTGTAATTAGCGTCGTATTTTTGGGACTGACTATCGGGTTGATTCGCAACGACGTCAACCGAATACGCGAGTTTAGGGTCCCTCAGAGGTACGTAGCAGCAAGACTCCGTGCATAACTTCTGAGACATCTTTAGTCCCTCTCTCTGGTGTCCGAATGAAAGGTAATCCTTTGGTTGTGTAACCAGGGTGGGGGGCACTGTGAGCATCGATCTTCTCAGAACCGTAGCTGGTAAGGCTCAATGCACCTGGGGGCCTGACCATCACTCGGTTGTGAACCTCGCCGTAAACGGACGTTAGATTAAGTAAGAATCATGTACAGACCGTAGCGCATTCGACTGCCTCTCCTACTCTATTAAGATTTGCCTTGGAATGCCTTGAAAGGGAGCAGGAGGACGCCAAGCCACTTGGGTCGTGCGACAGCATCTCGGAAGTAGACCTCTCGT,848,50.12,Arabidopsis thaliana
SEQ_428208,TCTGGCCCCGCGGGTACGTATGCCTGTGTCATCGTACTAGGGGTCATATCTTAGTATCGACACTAGCGCATGCCGTGACCGCTGAAGGTCACTGAACCGTCGGGGTCAAGGCTTGATCGAAACGTCCATATCTATGAACCGTGGGGTAGAACACACGCTTGAAGTTAGAGCGGGTTTGTCCTGCTGAGGTCGTGAGCATACACGAAAGTACGTAAGCACCCTTTGCCGGTAGCATAAACCGGCAACCGTCGTCCTCTAGTTGAATCCGGGAGATCCCCAGTCACAGTGGGGCGCAGGTGAAATTCCACTTCCGTTGGCCATTGCTGAGAACACCGCATTTTCTCATAGTCCACCATACACACGGTCCGTCATATTACCGATATCCCCTGTAGCCACCACGCAACAAGAGGTGCGTCGTCATCCTCTAGAGATAATCTTGCGTGCCTGTGTCGCACGAGACGTAGGCAATTGCCACGATGCGCTAGTCAAACGGAAGGGACTCGTGCACGGGTGCTATTAGCTGTTACGCCGTGCCCATTTGCAGCGCATAAGTCCGATCAGCCCATGTGCGGGCAGGTCAGTAGCCCTGAGCACGGCGTGCCTCAGCATCACCAAAACTTATATGGGAACGTTTCTCCGGCTAAATCATTATAGTGTGCCTGCGATGTGCGTGCGTAATTGTATGTGATCTTTGGTGAGAACGCGTTATGGTGGGCTGCTCTAATGACAATCCGGGTAGCGGATCTCAACAGCACAATCGTAAGCCCCCCGGGCGTCTAAGTAACGGACTTGCAGCTCCGTTGTATAAGAGTTAGTTAATCAGTCAACTTATGAGGGTGGCAGGGTGATGATGGACCGTTACTAGTTTCGTGCCCTGTGGTGTGATTTTTTACTAGCTTTTTCTGAACATGGGAATCCGCTACTTAGCTAGTCCCGCTTATACTCTGTATACGAGGCGGAACGAGGCCAGTATTCGGGGCGAAGACAAGGCCCTTTCTACGAGCCGTCGTGGAATATCGAAATGCCCTCTGATATTTTTCCTTGCATGAGCCTCGCACCAAGCGCACTGCCGATAAACAGCATCTCGTCCGAGGGAAAGTCTTACGGACGCCACAGTTACGGAATCAGTCAGAGTGATCACTTGGTTAGGGTGGAGACGGAACAATCCCTGCGTTAGCCACAAGGAAATCCACTCTGATCTGGATCGGCCGCATAGTAGGCCCCGGCGAGGAACAACCACTGGTCCTTTCTGTCTGATTAATGCTACAAGATGTATGTCGAATTTGCTTGAAACACCATTCGCCAGAAAGCCACTACTGGTATCGTATAGTACGGCCTTGATCGCCCAGATATCGCACGCAAGTCTTTGTCGCAGGAACCAGCCGATTTGATCCTACTGATACGGATTAAGAATCGAAACACGAGGAGAGTGTATTCGATCTCAGTAGAACCGCCACCGTGCGGGAGCTTGACGCACGACTCCTCGTCGAGCAGTGTGGACGAGAAGATCAGGTCGGGTTGGCCAAACCAGCAAAATGATGTGGTCGACAGCTAATCGCGCAGAGCAATCGCTTCATAAGACCTTTTAGACACCCGACTTGAGGTCGGACGCCCCGGCTTTCGTCTTAGAGTAAACAATG,1640,52.01,Saccharomyces cerevisiae
SEQ_305998,GGCCAATAGCACAAGCACCACTTTTGACCCCCCTAACGAACAGGTCTACGTCTCTTTCAACGGGGGATTGCACCTACTCATCTCTGTTTACCAGTCTAGTTATAACAAGCCGTTATA,117,47.01,Drosophila melanogaster
SEQ_582159,TCGGGCGGTCATAAGGTTTTGTGCCGCCATCTCCGGTGTTGAGAGGAGGCACATGGATGAAATTGTCCTAGGCCTCCAATGGTAAATATCCAGCGAGAGGGAATTCCGGTTCTGGCGTACTCGATCGTAGCGCACTATAATCACTTGCCTTGTGCGAGTAAGGCATGACGGTTTAAGCTCCATTCACGAGGCCCTCATAGGCGGTGATGCCGAGCAGAGTTTTGTAGGCACTTGTCCCTCCTTCTATCCAAGCCATAAACAACGGTGGCTGTAGTTATTGAAGCATGTTACTAATCACACGTCACAACAGTTAGTCGGCCGGACACGGGCACGAGCATTATAGTTGTC,348,50.86,Homo sapiens
SEQ_523360,CAGTCCCACGTCGTGTGTCGTGGTGTAGCGGAGACGGCCCTTTTTGGGTCAGGGTGGTGATTCTGCCTAGCTGACCGACTGCCGCCCGCTTAAAGACGACACCAGGTCACTCACACACGAGAAAGAAGCTTCATCTATGGGGCGTCGATTTCTGCTCCCAGGAAAAAGCTGGGCGAGTTGTCATGAGCGCTCTATCACCCAGGTTTTCACAAACCCTGCCTATCTCTCAGGTAAACTTAGCACCGTGGGAGATAGCTTCTAGCCGAGCAAACCGTGTAGTCACAGTCGATAAATTGTTCTATCGAATTCTCCTCCGGTCTAACTTTCCCTCATCGCGTAGCAACGCGAATAGTAGATCACCAGCTATCTACCCCTCAGTCAAACGTATAACGGAGGCTCAAAGACGAACAGATGACCGCATAATTGCGCAGGCCGTACTCGCTCGCCCGCGAAATGCACTGCCGCGTTCTCCCGCGGCGTTACCGGATGGGCGTGGGAGGGGTCCGTGCATAAAAATACACCTCACCTGGGTTGTAATTGGCTAATTCATCTTCCTTGGCCTCCCGCCATAAAATTCACCTGAACATCCTACTAACTTTAGTGGTAAACACCGTCCAACCTCTCAGATGTGCTCTTAGCATCTCGTGCCGTTTGCAGACGAGTAAGCTAAAGTAATCGTCAACCAAGTGAATAGGCTTCCGTAAATCTACCACGTAAGGGCCGACAAAACTTCTGCCGGCAAGATCGATTCTTTGTGTGCGGTGTTCGCGGTCGGTAGAAATGCGGGAGCCAGGGTCAATTAGAACTCCCCGAACCGCCGCACCTAAAATGTGGGCGATGACCACAGACCGGCGGTTTGTGCGATTCTACATATTTCGAGTTAGGGCTACTTCATTAATGGGTGACGTATCCCTGCGAAAACCTCAGGAAGATTAGAGTCCAAACAGTTGGAAGGGTAGATGCAAATGCAAGGAATGTCCAAGGGTGACTGCATCTTATAAAGGGCGGACACCAACTCGATCGAGGCCCGGGGTATAAACGTCCGGCAACCGATTGATATCATCCGCCCTCCCGGCTGTGGCTGAAGTATCGCTATTCATAGTAGAAACAGCTCAGGGAGGTACAAAATTTATCTCCGACTCCGGAATTACATTAGCGGTAGTGTTCAGGGTCATCTGGGGAGTCTAGTCGACTCCTTGACGCATCTAATTGTTAATAATAGAGCATAATGTGTAGGTATGCTTTCGCAGACACAAACTCCTCTTCGTCCCCACCTGAGGGAAAGTATGTTTTACAGGCTACTGACTAGTCGTACGGGACAAGTCCCCCTATTGCGGAGATGGGTCTCAGGAGATCTTTGTTAAGGTGCGAGCTATGTGCTCCCGACATATTGTACCCCATATACATGTTAGGTTAAAGTATTCAGCCTCGACACCTGTCCTCCAGCGGGGGTCCACAGGTCGTTCCTACGCGCCACAATACAAGCGGTATGCTGTATCGTGCTTCCTACGCTAACAGCCCGTGAGTGGCTCATAGAAAGTTCGGGTCCTCCTGAATCCAGTCCCTATTGGACGTCGCTCCAAGTTTATACAAGACAACATACCGCAGGAAAGAAAGGTACCGGGTGCAGAACGACTGCTCACCTCGCAAAGTTACAGTCCTCCCGGTTGTAGGAAGTGGTCGGGCGACACAGTACTCCATGTTCGTCGAGCAGCGCATATTACCAACAACGTGTATATCTGCCAGGCGCACCGGT,1756,51.2,Caenorhabditis elegans
SEQ_592720,CGGGGCAGCTGGCACACGGCAACGCCGGTTGTCAGGACAGATTCTGGATACTTA,54,59.26,Homo sapiens
SEQ_751982,CGCGAAGGTCAAAAATTCGTAACTTAGTAGGTCACTGATATATTCTGAGGGTGACTAAATATCTACGCCCTGCGTCGGAAACAGGCAGTATAATACTGGTACGACATCGGGGCTCTTCTTTACGTCACACTTAATATAGGCGGGGCCGTATCATTTTAAAGCACCAATCGGTAGACAGGCCGGACCGGTATAATTGAAGACGGTACTCTGAAGAACACGGTAAGTGCGTGGCTCAATGGGCAATCGGCGATTTAGCCGTTCGCGCCGTCGGGAAAACGTTCGTCATCGGGTGCCCCATAAGTGGCCTTCAAAAAGACGAGATATGACAACGCAACTTGATTACAAAGTTCAGACCACCCTCCCTACCACTTTCAACGATCCCCAAGACTCGTTATCGACTCCAGGCTGAGCACCGGGCCCGGTGATGTGTGGGAGCACGTACCTGAACGCACCAATACGGGTTACGCCTAATGGAAGGATTAATAAACACTAGCGTATCTCTCTCGTGATGAAGCGTCTCGAGGCTACTGATGCTCCCTTAGGAGCGGAAGGCGGGACTGCGACTGCTGACCCCACGGCCTGTTAGCACATCAGCGGGG,599,51.75,Saccharomyces cerevisiae
SEQ_108410,CACTAGAAGTTAGCGGTACGTTAGGATAAATCAGCACTTCTCCCTAGTCAAGTAGTCGCGCTGTTCCCCGCTTCCGACATTGCCGGTCTGGGACATCGCGTTAACTCCTAAGTAGTGAGGGTTGGCGCGGATACTGTTCGAGTCCCCATGCATTCAATCTAATAGAGCACAGCTATCACATTACACGCTATAGAACAGAGGCGGTCGCACCCATCTACACATAGTCTCCGAGGCCTCGGTCGACACCGTAACTCCACTAATTACCCCGCCACCGTAGCCGGCGTCGCATGTGATTTTTTCGCTGAACTTTCC,312,52.24,Caenorhabditis elegans
SEQ_658782,GTAGCTCAGGAGCGTAATTAGGCTGCCAACGTAGGGGTTGGCCGGAGACATCGTCGGTTTGACTGGCTAATGCGACGGTGAAATTAGTCGTTTGAAACTACTTATAGTGACCGGTGTATTATCATTTCGGAGCGAGGGGGGTGACGGATGCCGGCTGGCTTGGAATATTGCCCAGGGCTCTGGCCATGGGGGTATTTGGGCCTCGGATAAGGTCATTATGTGACAGCAATAATATACTTAACATTCGTGAGCCCTGAACGAGGGAGATACCATCCGGGCCTTTGTAGACTCACATCCCGCTTGTGCCGGTGCGGTACAGTGGATTCACGCGCGTGATGTCGTCGGCCAATGGTTATTGTATGCATTTTCTAAATTGTCTGTTCGTCAGTTGTAACCGAATTGTAACATATGTGAGTTGCTCACTGTTTGGGTAGCTCTACTAGAATAGGATGACTTACGAGCGACGGATAAACGGCTTTCAAATCTATGTGGATGGGTCCCGTGTACCGCGCGTTTATTTACCTCTTTTGTTTGTGTATGGACGCGGACCATGCGTGCGCGGTCAAGTAACTGTGGTCTATGCACTACAAGTCATAAGACATCGATGATTATTTGTAGACATCCTGTTCGTCTGACATCTAACCTGTTGATTGATAGTTTAGGAGGGGTGATATTAAATAGAGAGTCTAAACGGCGTAGGGGACATCGTTAGTAACCCCCCATAGAGTAACGTGCAATAAAGACACCGTGACCGCCACGGTCACAGGTACGATAGGTCACTGAGGACGAGCGGTGGACGGGAGGGTATGGCGGGCATTGGCAACTTAGTTTCCCCTGCGAAAAAGAGAAGTATCCCAACCAGGGGAGCCCGCTACTTCAATAAACACAGTAAGGCTCTATCTTGGGGCCGAAGTAGTAAACAGTGTGTGTTCTTCTACGGGTACATAGCTGCCGTATATTCTTCCTGGTCACCATGGTGCTA,982,48.98,Caenorhabditis elegans
SEQ_555271,TCTTACAAGTAGGGTTAAGTTTACAACTTCGGTATCTTGAGACTCATCGGATCCCCCCTCTGACCCACTCCAGGTCACGCGATTCAAATTCACATTAGAGCGTAGTGTGTCGGCGAGGCCAGGAAGCGATGTATGGTGTGACCACCTTGTCACTAACTCGACTCTGGTTTCCCGTATATCTACTTTGGCTTTCACCTAATACCTGATCCGTTCTAGCTACCTTAAACCGTTACTCGGGGAATGTC,245,48.16,Arabidopsis thaliana
SEQ_161616,GATGAGTTTTTCATATACACAAGAAGTGAAGTTCCCAATCTTATTGGGTTCCTCGTAAGCTGCGAAGATTAGTCGTGGGTGTCCAGGTCGGCATCCCAAGGGTCGTATCCGATTGGCGACCGTCAAAAGGGGAGTATAGAGGTGGAGATGGCTCAGTGGTCACATTCCCCTGTGACAAACATTCAGATCCGCAGGAGGGCTTCTGGTGCAAAGTTCGCGTCCAGTGCAACCGTCCAATCCGGCTGATTACGATTCACCACAGGATAGCGCTGACCGCCGCCTCGTTGAAAACATAGTAGGAATCGTATGGTGTCGTACCCCCCAGCAATTTCTCTTCTTGCTGTCTTAGTATTGGAAGCTACACTCGCAGCACGCTTATGCGTCTTCCGCTTGATTGACAAGGGAC,406,50.99,Arabidopsis thaliana
SEQ_933703,CACTGACTCTTCAAGTCTCGAAGGTATTAACTCGCACAGCCCAACACTCGAAAAACCTCTTACTCTTCTATGGGAGAGATTTAGATCTGTTCCCCGTGTAACTGGCTGCCCCGCAGGCTCGGTGCCGCCGCTATTCCTTCACAACAGCTACTGAAGTTTGACCACGCCTTTATGCACACCCGGACCAGCGCTGACTGAGCGGGAATAACGGTTCCAGGAATGACGGGCCGCGGCTACAGTGCAACTCGAACCTTTACCAACTGTTCTGCCTACCCCTCCGTCACCAGTCAAAAGCTCAATCTTATTCGCCGTAGGTGGTCGCGTCCTAGTGGGCACTGCAAACCCCAGGGCCGTTACGATGAAACCTACGGCGAACGATCGCGGCGGGCTAGTTGCCGTGATCTACGAAACGACCGCAGGTGAAGGCTTAGACATTGGGGATCCGGCTGATGCCTGCCCATGGGCTCGTCGTTTTAATGACTGCGCCGGTTAGGATCATTGTAATCGAGTATCCTCGCATGTTGCACACATAGGTAATTGATTCGAAGGTAGTGTGCCTTCTATATTCACACGTCATTGCGTGTCCCGTCCCTAGAGGATCTACGGTGCCGACTCATTATGAGGTGGCTACACCTCTCTGTCACGCTGAGCAACCTCTATGACCCACATAAACCAGCCGACCATACGATAGATAAGCTATCTTTGCGCAAGTAACAGCTTAAGGCTTCGTAATGCCCAGTCGGAATGTCTACGGGTAGGTAAGCATTAATGTACTTAGCTAGTAGTCGCTCTCGGTGTACTGAGGAGGCTAAACTTACGTAAAATCCCCTCTCAATGTAACTTGCCTGTCCCGGTGAACTGGGAGAGCCATGTCGCTGACATGCGACCCATTTTCTAAGGGTGGCTTTACACTGCTCGCACCTTATGCCAGGCTATTCCGTGGGGCGCATATACCTGTTACACCCCAATTGTGAACTCACGGGGCTTACTATGCGATGCCTCTGTTAACCACCGCATAGTGGGCGTACCGGAGTGGATAGGAACGCATCCAGGGGCAGCTCGGTTAACTATCATATGATGAGCCTTCGACGACTAAGCGTAAAACTAGTGCCATGACTCTTGGGATTGCAGGAGCTCGACCCTGGCTAGCTTATGATGATCCGTGGTGAGATGCGGGGGTTTTAGTTAGTTTTCAACGTGTAATGAATTCGCGAACGGTAGAGAATCCGGCTCAGTGGGAGCGCGGGTAAGAATCGGTTTTAAAACATCACTATCACAGGAGCACAAGAGGAAACGACATCTGATGGTCCGCGATTTTATGCCCAGGTCAACGAGTCCCCGGCTACCACATACTGTGTTCCGTGTCTCCGCAGCATTATCAAGTCCTTAGGGAGCAATCTGCCTCATCCCTTCAGTTAGCGAGTTCCTGAGTTGTCTCACTGCTTGGGTCGGATAGGCGGTCGAAACTTTCTTCGTACATCCCTCACCGTATACAATCGTTCATACCTCATGTCGGTTCGTACCGGACTTCACTGTTTAAGGGCCCGGAACTCCGTTATCCAATGTTTTGAGCCTCGTATCACCAGTAGCAGAACCTAACACATCAAACTCGCTCTGGTGTTCTCTGTCCCACAGATACACTCAGTAGCCAATTTATTTTGGGGGTGCGGCCCGACCGTGGGTCACACGCAGTCCCCGTGTTGGGAGTCAAATGACGTCTCCTGCTCTTCATGTGCAAAAGTGAAATCATAGCTATAGTCTGGCGGGTTGTTAAGACCTGCCGAAAACGGTCACGCTGACGGCGGCCATCAGACTCAAGAGAGCCGGCCGTTCAATTAGATGCACGCCATATGGGAAATCCTCTACCTCTAGTTACGCTAGTAGATGGTGGCATCCACCCGAGCTAGTGCATTCTGGGTATGTCTGGTTAGCTTTAGTCTGGTCATAATTCTTTGCTCTACTATCGATTATGAATAGACAGACTTGAT,1988,51.16,Saccharomyces cerevisiae
SEQ_793767,TTACAATACGTCCCCCGCCCGTGGCTGTACCACCATTTGGGTGCCCAAAATGAATGAAAAGCGACTGTCTTTATGAGTGGCAAAAATGCTATGCGCACGTGTATTCATAACTAAGTACCCTGTCGTTTCCGACGATTCTCTCCTTCTTATCACCAAGCGAGGCTCATGTCGTGGCTGCTGCGCTGCGCTGTCGAGGGCTCACAGGGAGGTATCTTAACATTTAGGGATTTTATCTGCATCTCTGTTGACGTGCATTTGCCTCGGACTACCCGCGTGTTTTGTGAGCTAACAGACCTTGCTAGCGCTACGGAAACGGAGGGATGCACAGAGTTGGAGGCATGACTCGCGTGGATGGTACCCCGCTAATAAGCGCCAGAGCATATTTTGGTGTCGGTGAGAATATGCCATCATTACCTACGCATGCTTAGGATGCTCCAATATGAATGTGTCGTGTGCTCTCGGATCAGTGAGTCTGGTAGCCTCCCTTATGTCAGGTCATCTAAGGGCAGGTAAGCCATCTCTCCTAACTCGAATGACGTACGCTTCAATAAGCAGGCGATGTGTGCGTTACGCACCCGGCAGAAAAAGTAATAAAGCGCTGAGCCTCCAAACGTCCGCATGATTTAACGTGCGAATGCTGTGCTTAACCGACACACCCTATTGGCCAGCGGAAGTCCGCCGAAAAAGGCTGGTACCTATGCAGCTGACCATTAAGAAAGGCACATTTATTTCCTAGACATTTGATGGGGCGTCACCATACGCCTTTAGGCTTATCTGGCTGACCAAAAAGCCGGTAGAGGGCGGGTCGAAGCCTACCACCAGTACCAGTCCTGATGGTATTGGTTACAGCCGATTTGGGGCCTTGCGTACGAAGGGAGCAAGACTTGTATGGGCCCGCGTTAGCGTTATCTAAGGGCTGTTTACCAACACAGTGGCGGAGACTCGCAGCGTGATACTTTCTGTACGTCGTAGCTCCATGTCTAATGCCACTAGAGTGCACTTATGTTGAGCAACCGGAGTTCTCCGCCATGCAAGCCGGACTAATCGGCACCCTCTGGGGCTACCGATGTAACCTTGGTGTGTGGACTCTTGCCTTCGCTCTCGGGGCCTTGTTCAATTTTGAAAGTAGTGCTCTATTCAAAGCTGCTGCCCGTCGGAGATCACAATTACGGGGATCAGATACCCCACTCCCTGCTCAATGGACTGCAGGTCCCAATATAGATCTGGCAGTACACGCGTCAAGGCGTGAGGCACTCTACACCAGTGTAGGCGCCG,1275,51.76,Escherichia coli
SEQ_110874,ATGGCCTGAGAGAGAAAAGGCCTCCTTTTAACCAATGCGAGCAGGTCTTAGGATTAATTTGAATAGCG,68,44.12,Homo sapiens
SEQ_782329,TCGGGTTTATAGCTGGTTATCAAGCAAGGCAGGCTACCACGTTCAGTGAACAGAAGAGGGCATAGAATCTCCTCCCTGGATAATGTGCACGCTGAACATATCGAAGCTTGAACCGAGGATCCGCCATACAGACGGTATTCATTAACGCTCCTGTTTAAATATCTCACGATCATTCCAATCCCATATTGGCTAGCTCCACCAAAGCCTAGAGAACTCTCGTATTCGGCGTACATTCCTCGACGCAGCCCCCTCTAAAGATCCTAGACGGGGTCCACTCATACGGCCTTCGATTGAACCCAGGGGGTCCGTGTCTCGGATTCCACGAGACTGACGTAGTTAGAGCTCGTTTAACACAATGCTGCTCTAAACTCGCCAAATAATACGACTATCCAACTGGCTTCCTGGTGTTGCCACAGGGACGTATCCGGCGAAGTTTGTTTGGAGAACAGACCCGTCCAATACCACTTGCGTAGTCCGGTACGACTTCGTGAGAGACTGGCCCTTAGTCCGAATAGGCACTGGGTATGAGGTACGGATATTAGATACTCTCTTCTAGTAGCGCTAATCTGAAATTCATTTGGTTGGCGGTCGTTCATGATGCCGTCGGCACTTAGTCTATTTGGAGTGTTTCGTTCAAGGCCGGATCCCCCCCATATTGTATAACCATGCACACACGATTGACTCCGTGCTTGCGGTTCGCCACATAACTTGATATCACCCTTCAGGAACTCGAAATTCCAGCTACAATCCTTTCTAAGGCTGCATAAACAAAGGGCAGAGTCGGGCCGGTAATCTGGATACCTTTAATTGTGGTTCGCTGTTCGGGTATGTGCCGGAGGTAATTTAGACTGCCTCACAAAGGCTCTAAGTAGTCACGGCTTCCATTGGTAGTGGTAGTGCTAATTTGTACAGGTAAGGAGGTATAAATGGCCAGTGTGGGAGGTTAAGACCGTCGCACTTGTAAGTTGACCGTTTCGAAGAAGCCCTACCGTGAGGGGCTCGCGATTGGAGGGACAGGGCAGAACTGGAGATAATTAACAGCAGAGCAAACGGTATATAGCAAGAACATTAAGTACAGCGTGAGGTTCGGAGGTTCGCCATGCACGTCGAGCTAATGGTCACTGTATGCAAATAACAAACCAGCACAATTCATCGCAC,1158,48.96,Arabidopsis thaliana
SEQ_468835,AGCAGCGTTCAGATTTTAACTTTGCAAGCCTGTCCGGTTCCAAGGTAGTCAAGAGCTTATGCCCCACATCTTAATGGAAGACCTTCCCTGCCCAATTCATGTAAGTGCCTACAATTTTAAGCACACGCGTCATCAGTTAGTGAGACTATAGCGTCGGACAGTTCGTACGGCATGGGGGCAACGAATTCGAACAAGTTCCACGGCGATAATCGCCGGTGTCATCAGCCGGCATGTCGCTTGTTTGAA,246,49.19,Escherichia coli
SEQ_481742,GAATGGATAAATAGCGAGGTACCTGCATGCTGCACATCCCCAGATTATATATCTACAAGTGACGGCATAGCAAGCCATCGTCCCAGAAATATAGTAGCGTGAGACTGATGAGTATACCAAATGCCTGTAGGCCACCCGGTCCTCTGCTCTTCATCAGACTAACTCTTCTTAATGCCCGCGTTCTAAGCTATACGATGAATAGTCCCAATGCTCATTCCTCCCCCTTTAAGAGACAGCCGGGACAGGGATATTATGCGACACCGATGTAGCTCGGAAAAGTGCACGCTGGCTCGTACTCGTGTACGACGTTACCTCCTTGTAAAGCAGGCTCCCGCCCTCCCCCAATGCAGTGCAACGTCTGCTAGCCGAAAGTTATGGTGCAAATTTCTAACCCCTCAAACGGATCAAGCAAGATGTGGCTGTAGGACTATACACCTGTCTACTGAGTTTGACGCTGTTCAGTGACTTAACCCAGTCTGCTCGCAGATGCTACGCGCGTAAACCTACGACTTATTTGGAAATACCCCTATGGCGTGCCATGGGTAGAGGTCGGCTTTCAGCGCCTAAGCGTTGCTCGTGACTCTATATCGCGGAGCCGCGGTACTTTATGGATGACAAGAATGCCATGATAAATCGTATTACACGCATACAGTACCAGTGCTCATGCCGGCGGTATCTTCCCTGAGCCAGAGGGCGTTTTCCGAGGGATAACTCTTATGGGCTAGACTAAAACGTTGCGATAAGATTCTCGCAGGACGGCTCCGGAGTGATTAACCTCATATATGACCTGCTACACCCGGAAGCGAATCGTGCGGCTAATCAGTGAGCCTTTACAGGCTCAGGCGGCCTCTTGACCGACAAGTGAATCAAACCTCAGAAGCGTAACGACGGGCAGCCAGGACATTCCCAGACGACGCGGTTCTATGTTGGCAGAGCCCTTATGACGCTTGCAACTGGCGATCCTACCGTAAATCATTCCGATAAGGCACCTCGAACATGACAGGTCACTTTGGGAATACCC,1021,50.83,Saccharomyces cerevisiae
SEQ_390648,AGGCGGCGGGTGTGACCGCCCGCATATGTTTCCCGACGATTCACCCGACAGGACAGCTAACGTTCCTCGGCCTGCATCCCGAACAGATCAAAGAGACAAAATGCGCAACCGACCCCTGTGCTTTACGCCTGTAACGTCCATCCACAGCAGGGCTAATGCAGTTTCCCCCTAAGGGAAGAACAAATTCCGGTGAGTGTTTGTATATTAATTCTCATTCCGAGGGTATGGGTCCTACTTCATTGGACTACTCGAACGGATGGCTAAGCAACCAGGTTCGGGCACCTTAATAGATAAGTTCCTAGTGCGCCTTCAGTTTACATTCATTCCGCAGGTCATCCAGTACAGTGGGCCGAGACGTTTCTACTGGACTAAAATCTTATTACAATGACGTGGGGATAGGGCAGACGCGAACCGGTAGTGCTAGTACTGCGCAAAACTGTTCTAATGGGGATCAGAACCCGAGTAAGCTTGACATCGGATCACCCATTCCCCGAACGATGATAACTTCGTAGGTTCCCAAGGAACGTGACCTCCCCTTCAACTCAAGTCCGGACCCGTTCCCTAACCAGTACACTGGAAATGGGCGTGGTCATTCGAGAGCACTCTGGCTACTTTACCAAGATCACCTCCGGACTAAGGCCGGAATTCACAATTGGGATAGAGCTCCGCGTTAAATCCAAACCCGCTGCCCACGCACGACCGGCGGAACTACATATATTGGAGCGTCATTAGGTCCGCCCATGTCAAGATAGTACGCGTTATTTCACGACCAAATAGTAGGTGAGTTGACTTACCACCATTTGCCTGACGACGTTTGGTGGCTATCTGCCGAAGGTCGCCAGTGGCCAAGTTTATGCAGCGGACAGGTGTCGTCCGTTCTATGTGCGCGTGGTGTGGCACGAATAATTAGTGGAGTCGCACGACTGTC,928,51.72,Caenorhabditis elegans
SEQ_214985,CCCACCGGGTTCTAGGAACGCGAGGGGCCTGTCCGGGGATCAACGACCTCGCTGAGACTTCCACCACCGCATTCAATAGAGCCACTCATTATCCTCAAAGTATCAAGCAGTCCCTACCCGAATCGCTTTGATGGTGTTTAAACTTTACAGTGATCCAGGCTCTGCAGCACCGTGCCTGGAGCGCCGTCAAGATAGTAGCTCGCCCAAAGTTCCTGTCGTTACCCGAGAGAACAACTGTTAACCTCACTAATCCCATTCGGCTGTAATCCGTCCCACCGACGCCCCGAGATGTGTGGAAACATGCTACATGCTTCGCACTATCATTTACTGCCGCCCTTTTATGTAGAATCCGATTTTAAGGACTGATTCCTGCAGAGGTCAGCTCGGTGGCACCCCCCATATCGGTGATTATAACCACAAAAAACGTCATATTCCGCGAGGGGTGTAAAATGCTCTGAAATCACACGGAAGCGCCGGAAATGACTTTAGATTAGATCTTTGCTCTTTTTCAGACACTATAGGAGCAATCAGATAAGGCCGTGCACCTCCCATAGTCTCATGTGTTCCAACCGACCAGAGCAATCTCTAGAAGCGACCAGAGCTACGTCGTACAGATAAACAATCATATCGGCCTCTCACCAGGTGACTTTAGGTAGGTGTAAGTCGTGGATACGCTAACTTCCAACGTGCTTAAGTTTAGGCCCCTCAGTTTTGCTATTAACTTTGGAGAGCCCCTGTAAGAACAGCGGGTCCGAATTACAGATCTGAAGATCTCGCGGGGCTCTGGTTATTAGGCACGGGTAGAATAATAATTTAGTCGACCGTGTAATTGGCAATATATTCAACACCGACATAACAACGGAACCTAGTACCTAGACGGCGTTTTCTCCGAAATTATAATGTCAGCCCGAGTTCTATGCTCTTAAACGGGCTGTATAACAGAGACATGAGTCTTCAACTGGCAATCTCGGAAGAGGTATCTGACGTGGTCCCGCTAGAGACTGCCAGGACGATATTGGACCACAGAGATGGCCTTGAGAGTGCTACATCTCACGGTCATAGTGAGCCCGCGAAGCCACAGATACTCGCGCGCGGCATTTAAAGTGGGTAGATAATATGAGGGAAACAGGAAGATACCGGAGGATCTAGGTGTATTTATATGTCTTTCTTGGGACCACGCCTAGTGCTATTATCCAGCTTTCCCACCGCCCATTTGCGTGACTTGCGGAGTACCGCCGGAGGAATGGATCTTTTATGTAACTGCAGCGTTCCAGTTATAAACAGCGTGACGTGGCTGAAACTGAAGAAGATTTTTTCAGAAGTGCTCATCAAACGAATCCCCCATACTCCAATTAGAGATAGCGGACCTCTGGGCGCATTAGCAGCTCTGATGCTCTTCGTTATCAGAACGTTAGGAAGACTTTCATCGGCTCTAACTGCAACCTAAATTAATCCGTGGTTACCCTTATCTGCCTCTTCAGAGCCTAAGGCTGCCTATTGCGCTCGGAGGGTGGCTGGGAACATTACATCCGCCGGCGCCGAAATACGAACAGATTCGTGCTCATGTTGAAGACTTGATAGCCAGCTAGATCTCTACCTAGTCGTTGCCAAAGATAGGGCGCTCCGTCATGGGTTGAGTATTTCTCACGGGCCGGACACAGCAGGGCAGCCCTCCTGAATTGGTCCGAATAGGACGGCAAGGGCCCCATCTCCTACAGAAAAACAAGCGGGGGCTGATCCCCTCGTAATATCCAGTTAGGCAAACTTTGCCGCACTTCGGCTTCGGTTTGATACAACGCGCCTCCTTACGGCGTCA,1816,49.67,Escherichia coli
SEQ_949676,ATTCAAATTCCCTTACCCTAAGCAACACCTAGGCATCATGGCGCACAGTTACCTCAG,57,47.37,Arabidopsis thaliana
SEQ_369673,CGACTAGTCCCCGCACGTCCTAATCTGCCTTCAAGGGAAAAGTGGCTCAACTATTGCGATAACATTATGCAGCTTGCGCTACCCGATCCTCCGGCGGCGTGCCACACTCATTCTCAAATCCTTTAGTTCAACACGCTCCAAAGCTTCTTCCACCACAGATTGGTGAGATGGGCTCGAGCGCACAGCGTCATGGCCGTAACAGAATCTCTAAGCGGGAACAACTCTCTGCCTGTTAAGCCGGATGAATCCGCCTTTCTGATTGGTACCCCGCCCTCCTCCTCATTGCCAGGAGCGCAACTTAACGGGTAGTTCCTTGTCCCTCTAACTCAGAAAACCGTGTCCGCGAAAAGGTGGTGCGCAAAGTTCTTTCGGATATAGGAGAATCAACCAGTCAGACTCAGGACGGTTGTTCTTGGACACTTGCGATCAACGTAGCCACAGGCCAGCCCAAGTTGCGCTTCAGTTTCATTTTACCGAATTCTGGCGCTAAATCATCTGATACCATTGCCATTATCTCTATAAACGTCTCCCGCAACGGGGCATGCCGAGAGCTGTATAACGCACGGAGTGCATCGGCCGCTCAATCGCTATTGGTACGTTGCCCGTCTTCAGGGATCCGGCGTGAAGTGTTGAGAAACGCGGGATGTATCCCGGGCCCTGCCCTAGATACACGGTGGGGATCCCATGCATAAGTCCTCAAGGTGACGAGTGGCGCAAACTCAAGACTGACGATATCGCTCAACATAACGACTCACGAAGAATCGACTGGAGATATTTTACCTTATAGGGACCATTGTGCTGTGATAATAACGAAAAGACGTCGTGACAACAGGATGTAAAATCTGCTCCACTTGATTAGCATCAACCAACGGCACATTGTGCCTTGGTCTCGCTAATGGTTCGTAGACACGGACAGCGAGAAACACATAACGGACTCCCCCCTAGGCGATCTGGTAAGACTCTACCCGGCTAGCCAGAGTTCTAGAATCTTCGTCCCTTAGATACGTACTTTCTTGTAAGTTCCAGCGCATCCACTTCCGGAATGGCGCGGTTTGGTCCTCCACTTATGCCTGGTAACTCGAAGCGTCGTTCGGGTGCTGAAGGCCGTATTGTCATTAGTTCTGATCCATTTGGATTCAATGAATGGGTATTTTAGCACAAGTCGGAATTACGGGCCCACCAGTATTTAACGTATGAGAGTGTGGACGCGCCGGAGTGGACTAATAATATGCTGTTGATTACGCCCTCCTCGACTATGGAAGCTAAGAAGATTAGGATATTCCGAGTTACATGGACACGGAAACTATACGGGGGTATAACATTAGTCAGGCACGGGCTCTTATTCCCATCCGCCGGCATCAACGGACCGATCCGGGCTCTCCCCCATCCTACGGTGACCTGGTTAAAGACTTCGTGGCAGGCAGCGATGAGCAGGTTCACCGAAACTTTGTGCGCCACTGACATTGACGTTATTTAGGCTGTTACGGGCAGTTCAGTCTCGTGGGGCGCTCCGGTATCCTTAAGACTCTGGCGTCAGCTCCTGCGCTTAAAACCTAGCACGCTCCTCTATCCCATAAATTCGTCCCCCACGACGTCCCACTCATTGACGGTAC,1613,51.33,Drosophila melanogaster
SEQ_771375,AGATAGCAGACGGCGGTTGGTCATGACATCGAGCAGTCAGGGACATACGGGATCGTCACGCTGAACATAGAACACTGGTACCTGAGTAAGGGGGAAGAAAAGCTAGGAGCTTCTGCGCGTACGAGCAGCTCGATTTGCAATATGTCCGTTTGGAAACGAGGGTACGCGTGTAGCGGGATACGGGAGCAGAGGTGGGGGCTGCTGCCCTTTCTTTGCGGTCCAAACGAGTACCTATTATAACTCCATCTGTTATCAGGAGTAAATTCGCTTCCTGCGGTTACCTGGATTGTACAATTAACCTCACAGATATAAAATAACGTTTTTAAGCAATTCTGCACGGACCATTCAGTCCAGCCCCAAATCCCTATGCCTAAGATCGACCGCATGGATCTCAGTGCCTCTGGGCGTACGAAGAGACGACATAACTGGATTACGCATTGCTTGTCTTTATTCCGGTAGCGGCACTGTGATGCTTGCATTTTCTCTTCGATCTTTTTTCAGCGTTACATACCATGTACCCCAAAACTCCCGGGCGCTTTACATAGAAAAAGGCGTCCTGTGCTAAGCAGGCTCCATTGTAGGACACCCAGAGTTAAATTGGCGCCGGTAAGCGTCTTGACCAACCGAAACATCGCTAAAGGACTTAACTAATGCTACAATGCTCATTCTCAGTTTCCCTCTTGAACGCTTCCGGAAGTCGAGCGCTTGGGCCGACTGCTTGTCCACGCTAGCAACGCCGACAGTTCCGGGGGCGTGAGCAGACCCTAAATCACCTAAATGAGTCGATGATACTGTACTTGGCACGGTTGCCTTGCACGATTCAGACTCGTAAGTCGTTGTGAGTGTGGCTGGATTTAATACAGGGTAGAAAATGGGCCCTTTTGCCAAAGCCTGCATTTCACATCTCCTTCCTATTGCTAATGGCCCCGACTTTAGGGGACTGCCGTGGCATAAGAATTCCGTCGGAAGCCTATACCTAACCTAAATATCATAGATCTATCGACGTTCCCATTGCATCCGTGCTGCGAGCCGGGCCAGGCAACTCTGTAGTATAGGACGAGCTAACGTCATCCGAAAACCTCCGTTCTTGCGACCCGCTAGTACTGAATGTCCTATGCACAACCAATAGGTACATCCTTTAAGTGCTTGATCGAGTGCGTTGATCAGTGTTCGTCTGAACGGAGGGACAAATCGAGCCAAGCCTGTCTCATTAGCACGGCCCCGCATCCTGGGGTTCGTAGTCGAGCCCGTAAACAGGGGCGCGCAGGTCAGGCGCCGGAGGGAGTGATGGCAGCACCAGCGGCCTGAGCTTTGGCATTTCTGAAACGGAATAAAGTTCATAAGCCGCATGGGCAGTCGGGGAGCGAATACCGGCTGCGAATAGGTTAGTATATCGGCGTATGCTTTGGACACTGCAATGCCGGAGACTGTGTTGCATTGGTCACAATTCATTATAAGTACAAAACAAACGCGTAGCGTCCTCATGTCTAGTCCTCGCCCTTTGGACTCCCCTAACGATGCTTAATATCCTCACACGCTACGCAGGACTTAATTAACCGTAGCTAGGTG,1569,50.61,Homo sapiens
SEQ_416950,TGTCATCCGAATGTATTGGTGTCTCCGCCGACTGAGCCCTCTCGCGACCACGGTTGGCTCGAGGGAGTCGTCCTGTCCACTTGCAACTTTAGGAAGGAGGACCCCGTTGACCTAAGCATAATTTAGGGACGAGTGTGCCTTAAACGACATCATAGGCCCGTTTGCCGCTAGATGGTGGTTCCTTGTCCGGGCAGCGAAGAGGTTAGAGTGGAGCCGGTGTGTTCAAACACACTGATCCTTAGTACGGATTGGCTAAATGCCCGACGCTTTGGCCTACTACAGTTTCCCTACTAGCCTCAGTGCGTGTCGCTGTACAAGAAGCTGCGCTAAAGCTGGTTCGCGGAATTCCAAGGCCAACGAGCTAGCTAAGAGTCGTGGTGGAGATCCTATTCAACACCAGGGCACACCGGCAATAACCTCAAGATCTTAAGTCTTACCTGATATATTTGAGCTTCCGATGCGGTCTCTACGCCTCATCTAGCTGCTGTGTAGATGCTGGGGACAGACTCCGGATTCTACTCCTATACTCTGACAAGGTTATACAAGCCCCCTTAATTGACGATCGCTCAGAACGGTCGCTTCTACAGGTCCCGTCTTCGATGAGAGTCGATGTTAGGCACGTGGACGAGATTTGCCGTGAACATGAACAGATTTTTAAGTGAGAGCGTTTGTGAAGCAGATACTCAGCACAGTCCGGACAGTCGTAACAGAAGTGATGAAATTATCCTCGTTTCGAGGTGGTCAGGGTGACTAATGAAAATAATACAAGGGCGACGCCGACCATGGAACTCATCTTCTTTCGCCACTATTATATGGTAATCCCTGCATCCCCTGCCATCCTGATGACTGTGTACAGAGGTGAGCAGGTCCCGGCTGGTCCTAACGCTTATCCTCGTATTCACATGGCTAGTGGGTGTTCTTACTACGCCCCCCCACCCAGCAAGGAGTGGCTGAGCCTAGTTGCAGAACAATCTGAACGGG,981,51.38,Homo sapiens
SEQ_788484,AGGTAGCCAGGTACTCCAGTACGACCATGTAGAGCGTACCTCCCTATTACGCGTGATTGACTAGAGAATTCCCTTTAGCGTAAGACGAGGGAAGTATGTGCTTTGACCGGAGTCGTCTGTATTAAATCAAAGTGCTGGTGCAAACATGCGTTTTTAGCACTCCGTAATATGTGGAAAGGACAACTGATGAAATGTGTCGACTCCCAATGGGGTGAACGTCGCGGAGGCTACGGCACGGAACCGATGGGCTTGTTTAATTCGTCCACGGTCGCTCCATGCTTCTCGTCTTGGTCCCAGTGGTCGTTGATTTTCACTATACCTGCCCAGAGCGGCTGTTTGTCGCCCAAGACAGCTAGAGTTCGTCTGCAATAAAAGCACTGCCCTTATGGAGAAATCAGTAAACAATTCTTAATATCGACCAATCACCTGTATTCTATGTGAAATCGTCGTGACTCCAGTGTATTCGGCGAAACATCGCGATGGTCAGCGGGGCCCCGCACCAAGTCTTTTTAATGCCCCGCTGCGTCAAACGATCGTTCCACTGAGCAGTCGCAGACCGACCGCGGTAACCTGAATGATCTCCCCCCAGCAGAACATTCAGCGCATAACACAGGCGCCTGCGACGGCAGCTAAAGAAGTCATCGTATTTCTTGCTGATGTAGGATACTCGAGAATGTAGACATGCTCTG,689,50.07,Caenorhabditis elegans
SEQ_832825,TGCGATCTCTACGCAGGGGTTCATGAATTGGCTTTGGGCCCCTTGGCCTACACACAGGTTGAGCCGTCCTGGACTCCATTTGCCTTCGAATGCCGTAACAATGGACTCCCTGAAGAAGCCAAAGCGGAAGTGGTGAAACGGACACGCGCGTCGGTCGTGCTTCCTCATGAACGCCCACCACAGAGTCCAGAAGCTCAAATGGCGAGCCCGCTCCACTAGCGCTCCAATCAGGTGTCGAAGGCGCTATTCCCGGCAGGTTACGAATACCACACGATGTAATGAAGGTGTTACTAAAACTCGTAAGGAGTCGGACTCACTTTCTAGAGACCTGGGCACGCATAGCACGGTATGGCCCAATGTGCC,363,55.1,Homo sapiens
SEQ_165223,TACTCATCGACCTGATTACCAGCCGTTCACATCTACTTATTGGACCGGATACAGGCTCTAGGATTTTTTATAGTGCGTAAAGACCTAACCTAGCCTTTGCATCACAAGAGGGACCGTAAGATAACCTTTTCTTCCATTCATGCACCGAGACTTCGCCGTAACTTCATTTGACGTGTGTATCCGGTTATTGTACCCGGGCGTCCAATTAGCTGCCGGCCTTGGCTATGGCCCTGGCTCCGGGGATCACTGGCACCAGAGGGTTTTATGAGGCTAGGCGCTCATACATCGCATGGGGTTGGTTAATTTCAACCAAGGTCTAACGGGATCGTTACCTCGTCTAAGCGGGTGCCACGTAGCAGAGGATAAACGAAGCGATATTTGGCATACGTCTGCCATTGCAGAAGACGTCTGCCTGGGTCTTAACCTAATACCAGTTCTCGCTTGGACATAAGACGTAGCTTATATATGGTACTAATAGGACTAACGCACATTTTACCAATGATAGACAAGCATGAAGTCTTACTAAACGAGCCACACTCCCGATTCTACTGTCGACTATTTCTACTTACTAGAGCTAGTGATGTCCGTTGCCCCATGCAGCGGCCGACCGAGCTAGTGAGACAGTGGAGCATACCCCTAAACCAATTACCTGAGGCCCGCGTCGTCTCACCAGTCCACGCCAGGGGAAAAAATGACACAGGCCCTCCCTTTTCTACATCGTGAGTACTACAAGGTGTTCATTCATAGGTCATCTCCCAGGGCCAGACTGTCTCCAATAGGAAGTTGGTCCGTTTTCCCACAGCGGCTCACTGGACCGTTCCCGCTCTACCGCACGGGCTTACCGTAGCCTCCGGTGTAATCGTGTGAAGTATTTTTAACTGTTAGCCGGTCTTAGGGGCTTACTTAATGGGTCAATATCCGAGAATTGGTACTCACGGTGTAGGTCCCTGCATGCCGAGTAAACCATCGCCAAGCTGCCCCATATTCGAGACATACTGTCCAGATGTAAAAAATATCGACGCTGCGATCCGATCGCAAATCATGGATCATACGATAAATGACCATCGGGATGATATATGAGCACCCTCGCACGTGCTCACAAGCCCTATGCGCTTCTGCCAATTCATGTGCTGCGGGAGTATGGCCCGGTTTTACTGGGGTCCCCCGACTAACTCGATGGACTTGAGAGGCCCAGACGACATTGTCAAGGGAAGACTCCGCTATAGCTTTAAAGATCATCATACCATCCAACGGTAGTCATGGCTGCGAGAAGCTCTGACTCCACTTACTAGTGCTCTAGCTTTTGTGAACCCATATTTAAATCAATTATCGCCGAGGACTGGGTTAGACGTGACCTAGTCACGTAGCAGACTGACGATATAAACCGTCAAAAATGTTCCGGTGGTGGTGTAATGGTCGTATTTAATCTCTAGTCGGCTAGAACGGCAGATTGGAGATTGCAAAAGTAAATTGGCCAATTGACCTTTAGATGACTGCGTCTGATTGGGCATCTGTATACCTCTATCGCGCATCGTGTAACCGGGCCAGGGAACAAAGATGTGGGCAAGATCCAGCTGGGTTTACATTAGTTCATCTGCTGATCGATCTTACAGTCACTCTTAGTGCGGGTGTGGTGGAAAAATGTCTCTTTCGGGACGTTGCAGGCAACGTGGTCGCGGACCTCAATTTACGCACTAGCTTATTGGTGGGATAGCGCTTCGTAGTTAATCTGCACACACCCTGCTCGTAAGCATATTTTGAAAAGATCTTAACGC,1775,48.9,Caenorhabditis elegans
SEQ_672573,GTCCGCTTCCCATCCGCGACCGTAGCTTTCTACATGGGCCTATTTCTCAACTTGATAGTTGTAAGTTAATCGCCCTGCCTCGGTCCTAGCTGCTTTCCGCTACTTTGTTAGCGAACGCCCAGGAACGGTCCAGGTTGTACGTACAGCTACGAGAGTTACTCATAGAAACCTGTCCTAGCAATGGTAGCTATGGGCAGGTGAGGTCGTATCACTAAGCGGGTGAGCCAAGGCCGCTTTTTTATGAAGATAGCCTGGTGGAAGGGAACGTTCCCTTCGGAAAGTGAATGCATCTTTGTTAGAGTTCTACTGAATTAGCCACGAGGACGGACTTTGT,334,50.0,Drosophila melanogaster
SEQ_491001,ATCCCGTAGTAGGGAAATCAGCCAAATCGGTATTCTTCAGACAGCTGATAAGTAGCTATCTGTCTTCCGTCCGCTACCTCGTTCCCTAGCACTAGCGGTTATATCCTCGCCCCCACCTGAACACCTGGACGGAGTTCCCTACAGCATCGTTCCGGGTTTTATTCCGATCCGGATGGTCCTGCGCGCTCAACACTACAACTCCTAGTCGCCCTGAGTGCTGTAGCTCCTACGTTGAGCAGGGAGCTAGCATACTACAGGTAAGATTAGGATCCGATCGGAGAAGTGATTTTGATGTCCTCGTCGTGCCCTAGGGCCACCACGGTCAATGCGGCTGTAGGGACTCGGATTTACTTGAGGAGAGGTAATCCCAAACGCCCGATCACGGTGTAGCCCCCGATAGGATTAAGAGGGGTTGGAAAGTGCTCTGACTGCGTTTGTGAGGCTGGAGAATACCCCACATCCGTACTTACTAGAGCTTCGATCGTAATAGCCCAGGGGAAGATAGGATATGTAGAGATCTGCCTTATACTCGCAGCCACTAATGCAAATTTGAGACTTGACTATCTCAAGAATAACCTTGTGGTGTATTTATGGGACTACGGGTGCTGTGGACCTAATTCGCATTAGTACAGTGTGTACCTTACGTTAAGCACGGGGATGTATAAATGTTCCCTTAAGGGGGCCCTAGATACAGGCCGATCAGCTGATGAGTATTAGTAGAGTGGTCCTGTTCCGTAGCACGCGATTTGGATTCACGTCACTTAGAAGACTGGCTCGCGGTACCTACATTATTGCGCAACTGGGGGACGTGGAGTCGCAGAGAGATGAGTAACGATCGCTTATTAAAAGACGTCGACCTTGCGCCCAGTAGAATTTTGTTTGAAATTGTTGAAAGACCTACATTAGGCTAGAGAGTAATCCGCGTCTACAGCGCACAACAGTCTGGTCTGTCACAATGGGAATAAATACGCGACGAGTCCCCAAAAGTCCCGCGCAAGCAGCGTCCCCTAGACTTCTTTCTCCTTGGTAGCCGGGAGTCAAAAATGCGTCTAATCACAAGGCCAAGTCCCGTCATGACCGGTACTAGTATTTACCAATTATATATCTCCCGCTCGACCTGCTCACCACTTCGCTGGGTGGATCAGCCACTACGGTAAAGACGACCTGAAGCACCGAACGGTATAGGTTCAGCATTGGAAGACGCTATCGCACTGGTCGGATCGGGAATGTATTTCTACTGGCGGGTCTCCCGCCTGCCGCTGCCTCGACCATTTATAAGAGCTACGATACAGCAACCCCCACCGCCGGCCGGGGAGGTGGTTACGGACGGCGAGAATAATCGAAAGTCTCCGCGGAAATCAAGTCAACCCAGCTCAGCGTCAGGATCTGCCGTCAGCTACCATACTTCTTCTCTGTATCTAGGACCGCCGACTTACGCGGCCACCAAGCGACTCTGGTTTGTAGTGGAACCGTATTCATCTTCCGTAGGTTAGGAGCAGCTCTTATAATCTGTCACTCTATTGAGTCCGCTTTTTCTGAATAGAAGTCTTGTCCGATCACGTTAGGTAAAGGGGTGGTCTCTCCCTCCGTCTATCAATCAACAAGG,1606,50.81,Homo sapiens
SEQ_183944,TAATGGTACTCGGCAAAGATGGGCGGAACGAATTCGGGGAGACCCGAGGATTGTACTAGCTCTGAGCGAGATTTGGCGTTCGTATTGGGTTGAGCACTGAGGGAGCCGAGATCATGACACAATTGCTGTAGGTTACCTGTTACCTACTTACACTTACTGAGC,162,50.0,Saccharomyces cerevisiae
SEQ_353065,GGGATCGGGGATTTTGCCTCAAAAGGGTGGTTAGTGCTTTATACATGCTCCATTACGTCGAATTTTCGTAAGTTCAGTCCATACGGTAGTTTGAAAGGCTTGTAAGGAGCATCCCCACGAGGATAGGTAGCTCAGGCTCTTCCACTGGCGCTCTCGTATCCCCAGGTAATAGTGTCGCATTGGAGGTGCGTTAGGCTGCAATCATTGAGGCGGAGACGCTACTGACGCGGTGAGGCACGGCAGATACATAACGCACCTCGCCGACCATTTTGGAAATTGTTTCTGGCAATCCAAGTTGATGAGGATTCACCTAGGCTGATGCTGCACCGTGGCTACACATTACTTACTCCAATACGTACTCCCACAAGGTGTCTATAACGTTACTCGGAGTGAGCTGCCAATTATCTGGGTATTTGAATCCCGCCATAGCAAAGAGCTACTTTCTTGGCGCCCCATACTACGAGCGTTCGATGTCCAGCTCGTATTATTGTTGACGGATCAGACTTGGCCTCAAGAAATCACTCGTGTGGCTTGACGGACATATGACCGAAGTCATCCTTAAATGATATGTCAAGCCTGACTATTGCTACTAACTTGGGTTTTTCGCTGCTAGACTAAAAGAGCTGAAATTGTGTTCTGTACAGCAAAAGGCAGGAAGCGATTAACGCCACCAGGGGCTCTCCGGTTCCTGGCGGATTGTAGTGAACCGGGGCGCAAATGATCTAGCAAGTTCCCTTTCCCGAATTAGTACAGTTAGCAGGTGAGTATTGAGGGGTGTTGCGAATTGGACCGGGTAATCACGGGTCCCTAGAAATTCAGGGTACTAACTAGAAAAATGCTTTCGCGCGAATTTGTTGATGGCGTAACCGCGCACCCACGGATTGAGGTAGTGGAGTGCTTCTCAAAGGGGGCTGATTGCGAATTCTTGGCATGATACGCATCCGCTAGGTTCTGTTACCCTTCCATAAATCGAAAATCACCTCCCCTGCTGGCACGCCGCTATACATGAGAAAGGTGGCGTGCCGACCGCAGACGCGTATGAATAAAACTGGACCATCCCGGTTGTCAACCGGTTTGCGGCAATTTAGCCAAGTTTAAGCACGAGTCTTCTTATGTGATTTAGCAAGCGCGGGCGGTTCGTAGGCACAGTAGGTAGAAACTGAAGATATTATACGCGTCCGCGCCTCCATGCGGCAGACGAGTCCCGTCCTGCGTATAGCGTACTGCTTCTTCGTATATTGTCGAACGCTCCGCAGGGGGGAGCACGGGCACTTCGAGCGCCCGTCCGGTCGTGAAATGCCCTCTAATATCTCTACCCTGGGCTTACTTTCACCCGGTCTAATTTGTCGGACAGAATAGCATTTTGGAGCAGCGCCCATTGTATTCTTTTTTTCTGCGCCGAGTTCCACTCAAATTAACGTCCGCATACTTGCGGCGGATGACGAATCACTGAGGCGTGATGGTCACCTACATCTGTTCGGAATATGCAATTAATGTTTCGGGGTAAAACTAAGTATAGGGTTACCGTAACTGGGCGGGCTCAGGGCAGTGCAA,1554,50.13,Homo sapiens
SEQ_783588,AAAGTATATAGGGGACGTTTGCACGGGTTCCGTTTAAACTATTCGTACGAGATCAAGTACTCAACAGTGGCCATATTGTTCGGCGATGGGAACCTAGGAGATTTCGTTTCCATCCTTTCGGTACTCTTGTAGGTGCTGATGTCCGAAGGAACGCTGCCCCGGGATTTCCCTGGTAGCCGGACAGCGTTAAGAGAGCCGAATTGGTGTTATTTGGTGTAGAATAGAACCTCAACTCCCCAACGCGGCAAATGCGCTAACCTCAGCCCCCTCTGAGTTGTCAATC,283,49.82,Escherichia coli
SEQ_633052,AAGCCGTGTGCTTAGTATCCTTGTAACCCATGTGCATAGGAGACTGACATGCGCGCGGGGATTTTAGTCGACGAAGGGACAGTCCGGCATCGAATTTTCGGTACTGTAGGAATATCAGATCCTACACGTTCGAAGGCGTCATCCGTCGGGAATCCCCCTAATCTCGGGGAATGCCAACTGACCATTCAAGTGCGTACAGTTGATCCAGCTCC,212,51.89,Mus musculus
SEQ_709413,AAGCGCGATGTAACCACAGCTTAGCTTAGTCGTTTTTTGTAAGAAGGTTTCATTCGTCAGGAGGCATAATCACTTCGCATCTGCTAATTGGCTAAAGCAATTGCGTAACCCAGGACAGTACACCTGAGCAAGGATATCAGAGTCGGGCTTAACTGTAAGCATATTGTTGTGCCTATTCCGGAAAGTCGAATGTATCTCAGTACACGGTCCCAAAGGCGTAGCTACAGGGTCACTATCCTCGCCTCCCCCCCGTAAAAAACGTTGTAATAGGGCACGGCGACTAGCCAACTTTTTGGGTTCATGGGCGCGCTTATCTGTAGTGCCCGGTTAACTTAGTATGTTATAGATGCGGAGAGCATCAACACACATTCTTGCAAAACCTCTATTGTGGACTCGTAGCGGTGTCGCATCGCTCGGTGAGAGTTATAAAATCCTAAATGCTGACTAGGATGCCCGTCTAGATAAAATCGTTTCAAGCCTTGTAATCGATTTTACAAAGAAACAATTACAATACCATTCAAGTCCTGGCGACCACCAGGAGAACTTTGGCGTGACCTGGAAGACAAAACAAGTGCCTAGCTGGAACCATGGCAACACAGCAATCAAGTAGGTAGGAAAGGTTTCAAGGATTTGCGCCCACAGATACGTAAGTGCGAAGGCTCGCGCCGAATCCGGTATCACTGCCATGATCACTCATTGACTCCACGATACAGAACCATAATAGTAGTCTGAGTATCGTTATTCCATGTCCCAATGACCATCACGCGATGTTTCGCTCTGCCTTCGTTATCCGTTGGCACGTGAGTCGGAACCATACGTCGAACTTGGTACCCTGTTACAATGAAGGTTTTTGAATTGGGCAAGTAGCGACCACGGACGTACGACAATACATCACGTCTAACGTGGCGGTGATCCAGACTCTTTGTTGAGATTTCAATCCGGGTAGGGAGTGTATTTCACGTCTCCGGTCTCGGGCTATGGCTCAGTACGAGACACGTCATACCGGAGCCCCCGTTAGTCTCTGCGCGGACCGTAAAATATACTTCCGAACCAAATTAGCGATAGGAGCTCTCGGTGCGGAGAGTGTCATCCTAGGCATAACCACGTGGCGACGTGCACAGCTGAACAACTTATTCGTATGCGTGCCCGGTTGGCCCGGTATATACAAACATAGCTGGAGAGCACCAGCGTGCCAGCAGAACTCTGCGGAGGATAGAAAACAGTAGGCATGGTCACAGTTTCCGCCGGAACGTAGTCTCTCAAAGATAGGCTGATACATAGGTTGAGCATTCACCGTGCTTCTCAGAAGCAAATTCGGCGTTGACTTGTGAGTGGCATGGACAGGAGCAGGCAAACTATCTATGGTTATACTAAGGGGGGTATATAGCGAATAGCGTTCTAGCCTTACATCCTATCATCATGAGCTATTACGACACCGTGGAAACCCACAGAACTGT,1457,48.32,Saccharomyces cerevisiae
SEQ_141962,CCCCCAGGGGAGTCTGAAGTACTTGGCGACACGCGCGGAATAGTCTCTTAGTACGCGCTTCCAGTGGACTCGGCCCAAAGCAATGCAATCTTACACGTCCAATTCCACGAATATAGCTCGATAACCCGTATGTATAAAGGCCGCATGCCGGCAGCTGCTTGCCATCTCGTTGTGAGATATTTCTAACTCAGAAAAGTTATGCGCCACTCACGATCTGCTCTGCTAAATGCATTCACTGTGGGTGCACACTAGTAAAATGCTACCAACGACCCCAGTCCCCCGAGCTTCGGTTGTGAATGGGTCCTAACAGGGACGAGTGTTCCCGAAGTATTACAGAGTTGTTCTATGTTAAGGGTTCGTATTGGGACGCTACCCCTTTCTCTTAGCATAGCTATTACAAGCCCTCTAACGTTCAGACTAAGGTGCTAAACCGAGCTAGATTGCTTGAGTCTAATCTACTAGTAACCGACATACGAATAAGAACGTCGGGAGACAAGTGATGTTAATCAGAACATGGGTTTGGCTGTTCCGAAGATATGCCTCTCGCCGACATGCCCGGCGCGGCTGCCAGACAACGGTCAGTATGTGAAAGACAGTTATACGATACCTCAA,612,49.02,Saccharomyces cerevisiae
SEQ_495729,AATCCGGGGTAAATGCTAGTACATGTCCCCTCAAGTGATCAGTTGTATCTTGAGGCGATGGCCCTTCTCGCTGCGGGCTCCAAAAGCGACCCTGGGTATCCTATTGTCTGAGTAGACCATACATTCCTTTGTTAAGGGACAGGTGCCCGGTCTGGTCAGTCGAAGACCCTGAGAGACTAAGTACCCGAAATTCTGGCCCTCACTTGGATAACATTAGCGCACTGGTGAACACGGTTGTCTGGCCGCGCCCCTGCCGGCTGAAACGGGCTAACAGCTACCGTAGGTTTATGATGACGCCAGCATACGTGGATGACAGCTAGATCGATTTAACCTCAAACTGAGACCTGGGTTCTTACTCGAGTTGCCGGTTCTACTCCTTGCCACCTATAGTGCCGGCGCCGCTAATCTATAGAGTACGTTAAACTGGTAGGCAAGTAGAAGACACGGATAGGCGCAGCGCACCCCGTCAGTATTATCTTATCGCATCAGGACCGCCTGCAGAACCCGCAGTTATTTGCACTCTGAGGGTTGATGCTGCTCCTCGCTACCGGTAGATAATCAGGAACTAGCTGAAATTATGAGTAGAGATGTCTTAGACTCACTGCTCCACGGTGTGGGAAGGCAAGTGTCTATGGACTTACCTAGTT,647,51.47,Drosophila melanogaster
SEQ_633199,GGTATTCGGAGGTTGTACACTCTGGTCTGAAAGCACGAGCGTGCAACACGCGTTTCATCGATCGGGCAAAGAACACCAGCAGCCAGTATTACGCAATCGTGTAGGAGGTCCAACCACTTCGCACCTTGGTTCTATACGCAAGTGCGCTGTTCTGCTTCAACCGACACCTCCTCTAGTCTGTCTACCCACGGTATCTTGATGCGCTTACTTGGCAGTTTACCCTTCACCAGCCACCTGCTCCTCAACAATAGCCAATCGCCCTCTGGACAGGAATCTCTGGATTGATGTAAAATATTTGTGAAATTCCGTAATTGAAGTGAGACAATTCGCTCCGGTGCACGCGCTGGGCTTTCTGTAAATCCGTTGAGAAAGTCGTGCAACAGTTCCTAGTTGCTACGTTTTAGGTGAGACACGGGGTCATGAAAGGGGGTAGTTAGGCTGTAGCCACCTGATCCCGGTTACCTCACGGGCGTGGTAATTTTGACCCCAGGTGTCCAATCTGTGGCAGCGCAAGGGATTATAAGCCGGTTGGATAAGCGGCACAGAGCCGAGCTGGTATGAGATAGGATAGTAAATCCCATAGCGTAAAGGACTATGGGAGTATTGTAGTTTTGACAGGGTCCTTTGCTAATGGAAATAAGTGTAGCGTAGGACGCCTAGACAGCCGGAAACCGGAGTCTGCAGTTTAAGCTATGCCAAGGGACAGGAATTTAACCAATGACCCCGTCAGGTCGGCGATTAACGATGGAGATTGTGACATACACTGTCGCATTTGATAACAATGGTCGAACCTCGCTACCGCGCGTCACGCCTTGGCTTTCAGTACCAGAAGACTGGTGTTTAGAATATATCTAGTAGTGTCAACTGCGGCAACGCCGGAGCCAAAGCTTTGCTCGGCGTTCACAAATTAGGAAGACTTGCTACAATAATGACGCGTATTTGGTTGCAGTAAAGTAGATTACTCGGTTCGAGCTCCTCGCCGGCCTCACCGCAGGTTCTCATCTCGGAAGACGGCCTCTCTGGTTGGTGGCCTTACCCGGAGGTTGGGCGGCGTGTTTCAAAGATCGGTTCACTGGAGTGGGTGTGCGGTCGCGGGCCAGTCCATGTTCACGTTAATCTACCGGTGATTTACGGCTGACCCGAGGTGCACTCTCCTGGCGGCAATGACGCATGCCGGACGACTCACGGTCGACCTTACCTGCAATCGAAGATTCTACGCGTGGAAATTGCGGGAGTTTCAAGCCGGCCGAGGCCGACATACACCCATAACAACGCGCACGACTGGGGGATGCGACCGGGTTTGTCTATACAGCTAGGAGGAACTCACGTCAAGCAGTGGCCTAGCGCGTTTGACAAGTTCGACCAACGTGAGCTCAATAGCCGGGGATAAACCAGTTTACTTGCTGCTGCAGTAGTCAATCGGTCGACGACATCTGATGGAACTAGACACAACGCTGGGTGTTCTCGCCAGAGCGGATCGTTATTTCTGCCCCAATGATCCGTACATTTTACTTAGTAGCGTTCCAGAGCTCATACCAATTGAGGTCGACCTTATCCGCAGAGATCCACGGTACTGGGGCCACTG,1585,51.99,Saccharomyces cerevisiae
SEQ_954804,ATAGCAAATGAAGCGGCTCGATTAACCACGCTAGACACTTCGGATATAATATCGATTCTTAATTATAAAGGTCACCCTAATTTCTGGGTCTGGGCTGATACGTAGTGCTAAATAATGCCGAAGTTCAGATAGCGGCCCAGGCCTTACTCGCAAACTGCGGATGTGTTTCTGGCCCCAGTGCATTGAGAGTGCGACTGGGTTCTAGTAAACCCCCGTACCGTCTTCTACGGCCTTGATGAATGTAGAAGTTTAATACCCTCGATGTGGGTTTTAGTGCTCGGTCAAATA,288,46.18,Drosophila melanogaster
SEQ_662702,TTCCGCTGTAGTGATGTTACCCAGAATGGATTTGGATCAATGCACGTTAGTTCCCT,56,44.64,Arabidopsis thaliana
SEQ_228165,GCTGCCTCTCCAGTTCCCTGCCCTTTGGATCACCCACGTGCGCATTTACCTTGGCCCTTATGAGTTTCTGGGATCGCAAAAATTACCTAAATAGTTGCCAATTTGCTCCTGACAACCTATCTTGGCGGTTAGTTTATGCTTACCGCAGGGCTTCACCGGGTGTGTACTCACCGGTCGAGGACTTAGAACTCAGGTCGCGGTGTCTTTAGGACCCTTGGCACCGAGCGAATGTAGCCAGCACTACACAATGGATTTTTGGACTGATGGGGCAGGCAGCCGGGAGCGTCCATTGTATAAATACAGAGCTAATACTTTCCAACCAATTAAGACCCCCCGACCTTCGTTACAGCCATAGCCGTACAAACCCAGTGTGTATGTGCAGCGGCATGTATCTTAGAGAAGGCCATGGTGGAATCGGCCAATTAGAGGTCAGAAGAGCCAAAGAGGTCAAGCGATCTCAGCACTCGAAAAGAAGGCCTTACAGTCTTGTGGAGCTCATGGTGACCCTGAGTCCTCTGTTCCTACGGTGGACCAGTGTTATGCTGGCAAGAGGAGACAACTAGCCTATCCGTAGTTAACATCCC,584,51.03,Mus musculus
SEQ_871711,TACTCGCTGGTTACCTCCGCTTACTCCCCTTGCGTGGGGATTCAATAGCCCACGGTGAACGGCGCCTAAATGCCGCTTCAGGTTGCCGGTACGGAGCGCGCGGGTGCTGCAAACTACATCAGGCGTCGGTTCGATCACGCTACGGTGCCACTAACCTCGCGCCCTTACCATCGGGTCTCCTTGAAGGAAAAAGGTGTCGCCCAAGCATACCCTAGCTCACTAAAATTCGCCCCAGACATGCGAAGTCTTAATCCCAAAATGAAAAGGTGATACGTGCGTAGCTTATTGGAGAAATTACGCTAAAATCGGGCTGTGTATTAAAGTTGTTGACTATGGGTGGTCCGGCCTTCATATACCTCCAAACGAATTCGAGATCCATGACAGCAACACCAGTGGTCTTGCGTGTTGCCACACTAGCTGCTA,423,52.25,Saccharomyces cerevisiae
SEQ_407195,CTACTACCCACGGGACAACTCGCCACCAGCTTTGGGCTTACAAACAGTGCGCCAGTCTCTAATAGTCTTGCAACACCCATTACCCAACCCAGAGGTTTTAAGGATAAGTCCGAGCTAGATTCGGGGCGAATCAACCCGCATCGAGTAACTCGGGTGCTCGTAGGGTATTGTTTCCTGAATAACGCCGTTGAACAGTCGCCCAGAAATCTTCGTCATAAGGGTCAGGTTCACGGTCACGTCCAGCACTGTACACCGGACACAGGAGGTAAGAGGGGCTTACCCAACGCTCTGAGCACCGCTGCAAAACCTGAATAATGCCAGCTAACGTGCAGTCGCGCTGTGCTGTCGGGTCCTATCGTTAATGGCGTCAGTGCGAGTTCGAGAGGGTAAGTTTATTCGGCCACTAGAGGAAGACGTGGAGTTCATAAAGCGTGCCGGCGCTATCTTTTCCGACGCCCGGTTGATCAATACATTTGGTCCCGTGATAACTGACAATACGTAGCTCGTCCATAGAACTTGGCGCGAATTCTGGCTTCCCTTAGTTGGCTTTTGAGGGAGAGTCCGCATGGATGCCCGCGGTCCCCGCTTCATCTTCTGAACAATCCGAGTGGCTTCATGAATAGGATTTCGTAGCCAAATCGACGGTATAGATATTAGGTCACATCGAATGCGGACGCCCAGGTGACGGCAACCTCCAAAACAACAAGGATTTTTCTAGTCCTCTGATTGTTCAGAGCAAAGTGGACCCTCTGGGTGGGGGCCTCACAAGTTACTTCTCTCATATAGCGGGGTCGACATTCAAGCGCCATAGCCACAAGGATTAGTCCCGCACGCGCCCACATCTCGACCGAGGTTGCTCCTTCTCGGTATGTATTGACAGCCGATGTCACACAAGGCTCGAACAGACCGGGTGACAGGCCCAGCCCCGACGTGCGAGATCGGTTCTAATCGCGGTACCCAGTTTAAGAACCGGAGGCCTACCACATCGCT,990,53.13,Escherichia coli
SEQ_846975,CATCACCACACGCCCAAGTAGTAGGGATTCATATAGGTGTCTACCCGGGGCGATGGTGTCAGGTGCAGCAGCCCTATCTTTAGTTACTTAGATCTATTAAATGCCGCACTGATTTTATGATTGTCTCATTTAGACCTCCTCTAAGGGGTTAGCAGGCTAGATGCATCAACTACTCGGCGCAAACTCGCTAAACACTATCGCACCAAAATAGTGTCCTCAACTAAAAAGCCTAGAGGAAGACTTAATGAATAATGGGGCGGAGCAAGAACTCCGGAAGAGCTAATAGCTCGAGACTGATGGCCGGCACGTCATCACCACTGAGGTTAGGCACGGCACCTCCTGTTATTATCTGTTATGGACGACATAAAGGTCGATGTAGGAGTATGCCAAAGTAGAGCCCATGTCGGGGCTTGGAGGTAGGAATCGTAACGGGAAGACTTACGTCCAAGTTTCGAAGCACGTGGTTTTCTACAAAATGAGTTCTCACTCCCTGACTCTAAGGTATATGCTTTTCGACGCCATGTGGCACGAGTCCTGAGGTTATCGTCCACCGACCGAGACCATGCCAGACAGCCACCAAATGTCTGACATCGCCGCACGGGTAAAGCGGGCCGCCCAAGATTCTTTTGGAAGCCAGCTCTGTTACGGCGTGTGGGAAAGCGTCATGACAATCACTATATACATCGCCCACTGTTATACGGCATTTACATATACAGGTCCTGTCCGTAGGCTACGTGACGCTTTAGTAGGATGCGAATGCACATCAACATAGCATCTACTGCTATCGCAATGGTATGTACTTAGCACGAATCTATCTTGCGAAGTCTTATTGGTGGATCCCTACACATATACGGCGTAATCCCGATCTATTCACCGTAGCTCACCGACTGTACGGTTCCAGGCTCTCGTGAAGACGCTGCC,921,48.97,Mus musculus
SEQ_328763,AAATTGGATCACGTTTTAACAGTCACTACCCTAGTGCGAACAAGAGAGACCTCCCATCCCTCGTGCAGGCTCATGAGACCGAAAATCACAGGCTACACTTTGAGCCTAATGTTGTGTATCATCGCCTCGTGTGCTGGTGAGCCTGGGACTTGGAAGAAACATACACCTCCTGGACTGGGACACCCTCAGTATATACGGGCTGTTGACAACCTACCGATGGAACCTACCCGTGGCTACGCATAGCAGAAGCGATACTATTGGACCGTAGGGCAATCGAACAGAAATTTCATGACAAGCGTGACAAGCCGTCCCATGTTTACCTCAATACGCCCCCGGTCTTGCCGGGGGTGGAGGTCTGACGCACGGAAAGGGCCTGTTACTATTAATAGACAGGACGACTCGTCATTCCCACACCACGTCGCGCTAACGCATAATATATTGCGCCACGGATCAGAACGGGTACTGGGGTAGCAGGCTTTCTTAAGGCCTCCTGAATAAAACCTTCATTGGAATCTCTCGATTGTTGACCAGGATTGTGTGAACAACGGACGTATCTAACCACGCTCTCAGCCAACATGAAAGACGATATTACCATCGTGACGATTACCCATGACACGCTCATAGATGTCATGATCCCCTTTCGCTGGGAGCGCAGATGTCATCTCAAACGTAGAGACATCTTGATTTTACATCGACCCTTGGTACATGACAGCGCACCAAGTATTTGACGATTGACCTGTCTCGCACGGAAAGCTGCAGCCGGAATTTTTAGTGCGTACGGCCTGTAGTCGATTATGGGTTCACCGAAGCAGGATAAGGAACCCCCACAGGTTTTAACCTTCGGAACAAAACGTATCCGGGTATCGGGTGCGCGCTTCTGTTGTAGGTGAGTACACTCTTCGCTGCATTGCGCGGGGGGCAACATTGGCATCGTCCCATGTGAGCTTAGACGCCGCCTTCGGTGTACTCAATGCGGGGTCTCTTGGGCGGGCGCCACCCGGGGCCGCTCAAGACGCAAGTGTACAACGGATTCGAGG,1037,51.98,Arabidopsis thaliana
SEQ_727475,ATATCGTCAGTTCAACGTGGTTGGTCAAGTAGACTACTTACTGCTTTTGCGAGTGTTACACGCGTATTATTATAATTGTTTCCGGTAATCTATACAGCATCCTTTCTTAGACTAAGGGTCTAAGAAACCCCATTGGGTGCCATGTAGCCTGTTCAACCGACTTCCCCCAAAATATCGGTTTAACGTCTTGGCACCCTTCTTAGACTTTATATCTTCGCCCGAGGGTACCTCCGAGAGGTTACCGTAACGCTGGGTAAACGCGAACGATGGGGATTAGTGGGACTATGTCAGAATCTTTCAACCGCTCTGTGTGATGAATTCGAAAATACACAGACACGTGAGGGAATTCTTCATGGACAAATTACTAAGTAATACGGGAGACGAGGCTTAAATGAATCTCAGAGTTATTAGGCGCGTCGCGAGCCAATAGGAGTCCGCTCATCAACGAGTGGACTAACTTAGCGTCCGCGCGTACCAGAATCGTTGCAGCACCTACGTTGTCCTGAAAAGTGCAAGAATGCTCGTCGAAAAAGTTATAGCGCCGGGCGCTGCTCGGGGGTGAGAGGGAATGGGAACACTCACGTTAACTCTATGTTGGCACCACCGAGGCAGTGTCTTGGGATAGATCGCTTGTGTAGGCAGATTTAGGTATAATGCGACTTTGAGTCCGAAGGGACGGGGTCGGACGAGTCGGATTGGGCCTCTATCAAGCCAATGACTCGAATCCTTTAGTTTTACATAGGTCTATATACGAGCCGCCGCTACCACTATTTTGGGCTTCTTATGCCCTGGGCCTGCACGGCATGGCTTGACCCGGGGTTAAGGCCATCTGGCAGTGTACTCTTGATGAAATAAGCGAGGGCGCGAGTAGCAAATCCTCTACCGCCGTGAAAAGCTGAGAAAATGCTGTGTCGGAGCGGTTTGTTAGGATATTAGTTCGAAAAAAGGTCAAACACCTCCAGTACGTTTAACCGGCCACTGTCTTGTCGTGTAGTGGCCGCTGGCGGTCTGTACGAAGCCCTTACGTGCATTCGACTGATTCACGTTTTATGCCTGTTAGCTGTAAGTACAGGCCGAGTCCGTTAAGCCTAAATTAGTAACTCCGGGCAATCTCTAACCTGAAGGGCTAGCACGCCCTCTTTTAATAACTGCTCTAGGACTCGACCAAGGAGATTTGTTGTGCCGCCTCACTTTACGCAATTACCCCCCAGCAAAATACCAGCGTTCCCTATTATGCTCCCGCAGTCCCATTCTCTTGATGGTTCTCCACAGATAAACCCGCGTGTTTCAAGCGGTAGGTCCAAAGATGTATCAAGAAGTAACCACAACTGGTTATGACGAGTAATCCAATAGCCATAGTCTAATATAATCATGGTTTGGCGTTTGTATCGCGGTGGTCGCTTTCGTGTAGATAGGCGAAGAGGAGGTGCATGCTTGTTCTATGTCTCGAGCCGGTCCCGACGTACCATGGGGTTGCTTA,1480,48.72,Drosophila melanogaster
SEQ_324652,GATATTGAGATAGGGTAATTATATCTGAATTGCCCACTCTAAGCGCAAAGCGAACCCGTCCGCGATCGAGGCTCGTATGGAATGAGTACAAGTTACTCGCGGCCAACGTTTAGTTGGCTGCGGTGGCCTGGGTAAAGGATTCCTCTCGAACGAACCCCGGGCAGCTGTACTCGGGCAGCGCCAACGCGGACGACTGCTAGGAACTCCAACACGTCCCTTCGCGTACATTATATTAAGGCACTCGTCGACTTCTCGTTGACATAAACAGGGTGCTCGACAAAGCTTTGAACTCTAAAGTCTTTAGCTTGCATTACTGCGTCGGGGCTCTCTTTCCACTCAATCCACATCAAAGTTTGCAACCCCCGTGATCTTCAGGGGTCCTACGTGTTATACCGTGGCACTGGCAGTAATTTCAATAGACACGACCATATATACAGTTGCAGTGCGTCCCTGGCCGGCGGTATTATGGTTGGTAGGCTAGGTTATGGCCGGAAGGGCATTAGTCGCGAGTCACGTGTGTCCTGTTCAACTGCGCACTTGCCCCAACGACAGCCACGCTTGGTCGGGAGATATTAGCAGTACCGGACGCTAAGAATAGCGCGGGATCGTATCTCACGGGCATAGATTGGCACAGGAGGGTAGTCAATACTTCACGGAAGCTCGGTCCCCAGTTCATCTATGTGCGCGGATACGGTGGAGGAGAAATGCGAGACATATCAGGAAGTTTCTGGTGCTGCAGCCCCGTTATTTGGTCGCCAACCCTTATGGAATTACCTACCTGGTGGGGATGTTAGAAACCATAAGTCTAGACGGGTAGTAAGATGTCCTCACCGGTAAGTACATCAGTTGAAAGACTAGACACGTTAAGGCCTGCAATTTTAGAGGAAGGTTCCTAGGGACACGGGGCGAATGAATCCTTGACTCGACGGGATCGAGCATGTGCTATATGCTATCTCCCCTCCATTTCATCTTTTTTCGGGAAACGTAATAGGCTCGCGTTATACTGCGTCACAGGAATCTGCTCCGATAAACGCGAGCAAGTAGCCGTGTCTGTCCTAGTGGGACAGTGTGGTGTCAGCCTCCGTTTTTAATTGACTTTAGTAGGACAATGCGCCCTGTCACATATTTGGTGTTCAGGGCGGATAGGGTGT,1151,51.0,Escherichia coli
SEQ_167818,GCCCCATCTAGTCTCACGTCACTGGCCTACAAGCCTGGGGCGATGAATGGCCGAGTTCTTGTGGAAAGCTCAGAAGCTTGGGTG,84,57.14,Arabidopsis thaliana
SEQ_213318,TGCTGTGGGTACGCTCTAAGCAACTACGCGGTAAGTCCCGATCAGTCCTCGTAATTATAGTGCCCTGATCGAATATATGTATCGGGCGTTGGGTGATAACGATTATTCGTGCCTTTCATCCCTCTCGTAGTATCCGAGTTGCACGATTTACTGGACATCTGCGCCGTGAGACAAGCGACCTCGCGATACGGATGTCATTCACGGCTGCTCAATCAAAGCACGATGTCTTCCTGCGCGTAGAATGCCCTAGTGGGTGGCGTGACTGAAGCCATGAAGTAAGGTGATTCAATAGTTATACGCGGAGCTGTGGAGAAAGTAACAGCATCTAATACGTTTCTCTCATGTCTTTATTTCTTACTCTCTAGATTGCTATTTTTTGGTTTGAAACATCCTGGACTCCCACGATGCCCCAATAGCTGCCACCTCGTTTCGAGTTGGAGGACTCGGCCGGGTTTCTCGCGGTTGTCATAAGCTCCTGACCCTACTTAGTTCTTTGAGAAATTACACACCGGTTGGCCTATGTCGGGACAAGACATGTTCACGGACAAGCTTGTTACGGGGCGACAAGCTCTCACCATAGAAAGCTTGTGAGTCCTGTAACTCCTAGTTCGAAGTCCGTCATTTCACAGTGCCAAACCCCATGGAGGTTGTAAGAGGGCGTTTAACACGATGTTTATTCCGTATTCTGCGGTGATCCTAGGCCACCGAATGGTCCCCGTCGCCGACTGCGCGACCGGGAAGAGTAGACTTTGCAAAGAGCTTGCAGAGCAGGCCGCCGTATGTCATCAGTGAAATAAATTTTGCAGTCAGGACAGGCATCCTATATACTCTCCCGTACCTACGTTTGGGCGCTGTTAGGGCTCCTGGCAGCGCCCTAGGTGTCCGCCTAAACTGGTAACCAAAATTGGATTTACTAGGAGTAACCGCGAGCTTCTTCTCCCTACGCTGGGCACACTAATGTCCCAAGCCGGCTCTCGCAGCAGATCCTTTATCAGCTGACCTATATGCGCAGACCAAACACCTATTTGCCATCTGAGCTTAGCCGAATAACATGAAGACGTAGTGACACTGCGGGTATCGTATGGGCCAGAGCTAGGACCATGCTGGCAATCAGGCACGCTGAGGTGGAGAAACAAGACTTGGTCAATAATTCTGCAGCATTCCAATCACGCGGTACCTGAAGATAGCAAGACTTCCCTTCTATACACGTATATGCACGGTTTTGTGGCTCAAATTCTAGTGTCGACCAATTGCGGTCCTACAATGAGAAACTGAGTGATAATAGTTAGACGTTGCTTTTCAAGACGTATTAGCTGAGTCGGGCCACGCATTCTACCTCACCCCTCCCACATTACGAACTCGTTCCGATGTATATCACTACAGTCGCGGGTCGAGGGGCGCGCCCATTGTCTGAAGGCGAGGGAACCAATGTTTTCGCACGGCAATTCTCTATTAATTGAAGTCTGGCGTTCGGTGAAAAGAGTCGACGTGGCATCAGTTCTTATCAGAAGTGATCTTTAAAACCATGATAACCAGAATACCGTCCTTAGCAGGACGTA,1559,49.39,Saccharomyces cerevisiae
SEQ_827640,TCCGTCGCAGGGGCTAATTAAGGAGTCCTTACATATTAATACGCCGGCTACAGTCCAACCCTCCCGTATCGCGCGTGCACACGGTGCTGAGCATCACACTAGGGTAATCAATTTGGGTTGGCAGCAATGCTAGGGTGCTCGGTGGCTATTATAGGTAAAGATCGCATGGAGGGTGGTCCAGAACAGGTGATAGGAATATTTGCGCTCATGAAGTTGTCTTGTTCGCTTCATATACCGTGAGGCATACTCTTTACGTGCCCGATGGGATCCGCCCCGTAGATAGGGGGACGACAACCTAAGGTCAAAAAAGGCCAAGCCCCACCCTGCCTCTGTGATCTCCGTTAGGGGCTCCTAGCCTGTTGGTGGGGCTTACACAAGAAGTTATGGGACCACATCTAATTACATGAGCACGCCATTTTACACGCGAGACGCACACACAAGGGTATAACCACCTTAAACAGTCGCCACGCCAGTAATGCCCCTTACAAAAATAATCATACGACCTCCAGTATTACAAGCCTACTGCTGTTTTGGTTGCGTGCGCTTTTAGAACGGGGGCAATCATAGTGTGGCGGGTGGCGGTCAGATGCTTGTCGTGGGTGCAAAGGATTTCCCCCGTGGAGATTCTCTGAAACTATCTATTAACTTAATAATACGTAGGCGCTGGCTATAGGAGGCTTTGCAATCGGCCGATTTAAAACAATGCTTGACATCAGCCATAGCTCATACTGCCCCTTGCGCAAGTTCTACCAACGCGTTGAATAGAAATAACATCATGCTTATCAGCTATCCACACTCATTCAGGTAGTGTCCCATGGCGCTTCTGCGGCGCTCCGGGACCTATTAAATGTACTACTAGAACTTGCATATAGTGCAGACAACCCATCGGGGATAAATCCGTTCCACAGTAAGTTTCACTACTTTCCGAGTAGTGGCGACAAGAGGTGACGGTCAAGACTTTTGTGCCCCTGACAAATCGTGGGAGCTCCTAACCCACTCCGGATTAGCATACTACTTCGAATCCCACATTAATCATACGGTAAGCATTCTAACACTGCAGTGAAAGGATTATGTAAGCCAGCTTGCCAGATGACTTCCCTCACGCTGCGGGTACAGGGTCTATAGCATGTTTTACGATATTTGCTTGTCCTGGCCTTAGTACTCTGACGATGTTCGCGTGGATCTAGCCTAGTCTGAACTAGTCTGGGATGGTTCACATGGTTGTATGAACGACCGTGGACATTCCGGATTTGCGTAATGGTACG,1265,49.01,Drosophila melanogaster
SEQ_589438,CCGCTGCGGGCACTCGATAGGACGCCTTGCGCCTAGCTTGCTCTATGCAGGGCAAGATGCCCATGCATCTATTGACCGTGGCATATGAGAGTCCGTTACTCGTCCCAACTCGTATTAATGCGCACGTGCGATTCGCTCAGCCCACAGAGCGCGTAAAGGGAATGCGCTTACCTATCCATGTACAGTAATTGCCAATGACCTACCTCGAGGGCAGGAGATTGCAGGATACTTTCCCGCTTCCCTGAACCGGGTCACCCGCATTCGCGCCGGTATCACACAAATGATACGTAAATGTTGGCGTAATTCGGGAGCAAATTGCCACCAATTCACAGGACAGCAACGTCGAAGATCTAAGCCTGGATACGTTTCTCCGATAAGGGCGGATACTAGTTTGAACATGGCCAACCGGGTGATATTGGCAACGTCGAGGCGTAATGCCGCATGGGT,447,53.24,Arabidopsis thaliana
SEQ_448638,TGCGCATGTGGTTAATCGCGAGGTGGGGGACAGGATCAAGCCGAAAGACAGCACATGTAGGGTTACAGTTCGACCCGGGCGCCATCGGCCAATATAAGGGAACTCATGCCGCGAAGCACTTAAGTCAAGTCGCGCACAGGTGGGGTTACTTTCGCTATATTAGTAGTACGGCTTTGTGTCATGTGGTTAAACGCTACGCACAGGAGGCTGGTTGAAAAGTCGTTACACCTTACGGGAAATACCCCCGGCTCCGTACAAGAAAATGCAGTCTACACAGAGAGCAGGCGCGAGGGGGGACGGCTGTCCATCGCAGTACTCATAATACACACGCTTGTCGCTCAGCAACTTATTTCAGTATTAGGCGTTCTCGGGAACTATTCTGACCGTCCCGCGCACCCGGTTACACTTCCAGCCTCTACTTGCGGTTAGATTGTTACTGGGCGTCTTACTTCTAGGACCTTCCGCGGCCTTGGGCCCTCTCATATTTTTTAGAAGAGGCTTGGCTGTATATTTGTGCCTCATGCTCATTTATCGCCTCATTGCATGGAAATGTGTCCGTGAGAAAGATTGTTTCCGGCCTTACATCGCGATTATTTGCTGCTTATCCTCGGCGAGCCCCCTGATCGTCTATTCGGACCTCCTAACATGTAGAAGCCGTTATCGTTCTAAGGTGGAGCTAAGTAATTCCCGTCAGGGGGATACCCAGCCCCGTCACCTACACTGGGGAGTAGTGGCGACATGTCAAGCCTGTCCTCTACCGTAACGTATAACGTGAGTCGCCCGTACTACCGCACCATCTTACTATCAGTAGGCGCCTCAGGCCTCGGTGAGCTGTAGACAGGGGCCAGCTGTAGTAATAGGTCCGCACAGATGTACTCGGCGCTACCCCGCTGTGGTTGCACTGACTCCTCCTATCCTCCAGCGCACCGAGCTTCAAGCTTCTGTATGACTAAGTTTCTGTTCGAAAGGATCGAGGCCCTCGTCTTTATTTTCAATTATACTGGGGCACGGGGCAGATCATCCACATGCGTCAACGACTCAGTAGGAAGGCCCCTACGGACGCTATGGTTTCAGGTACAAATGCTAATTTTCTACAACATGACAGCTGGGATTATGTTTATCGCCTTTGCAAAAGATTCAGGAGGCCGTCGTACCACCCCGATTAACAGAATCAAGACTATACATTTATTGTCAGCGGCTTAACCTCGTGTATCCCGCGTAAACA,1225,51.35,Arabidopsis thaliana
SEQ_396996,CTTGTCTGCGGTATCATATAGGGCGTGATAGGCACCCTTGTTGAATTTGGGCGTGCCGGCTACCACGCGTCTAACCTCTGACGGGGAGGAGTATTGGGATCCCTTGAAGCTGGCGGGCGAGAAAGGACGGTGTGTCACTTGACTTATTGGTTAATCAGACAGTCCGCCACCGGGGTCCAATGTCCATCTTGCAATCGCGCCCCTTTTAAAGAGAGACAAGTGAAAAATTAGCTGAAGAGCCAATATCTGGGGGACATCATACGTAGTACACAGCGCTAGATGATGGTGGCGTAGTAGAACTCACCACTAAATAGTCACGCGAACACCGAGTGACTTAAGCCACTTGTATTTCTCACCCTTCCGCAAAATTGTCACTCCTGAACAGATCGCTTAGGCAAGCATGTGGGACGCCCCCCAGAGTCATGCTATCTAAGTTCACGGGGTTTATGGACATTATCCATACGTCACATTTCGTCGCTTCCTGGTCAACTTTTGAATCCAAATGCAAATTGTGTGGTCGGGAAGGTACCGAAGGGCTTATTCTCGGTCGGGGTAGCACATCGGCCAAGTACAGTTTGGCCTTAGAATGCGTACCTAAATCACAGCCAGTTCAGGACAGCGTCGTCAGAATCCGCTTAATTTCAGACTAGGCAACGGATCCACAAGTCTGTGGGGTTTAGCATGTAAAACCGTAAACGTATTTACAATCGCCACGGTGTCAAACGTAAGTGACGTTGTTGTCAGTTCGTGTAATGCCGGAGGTCAAGAGGCCAGGAAGGGGTCCCGCCTCGTAGGCCGTGTTCGGGGGGGGGTTACACTTAGTAGCTTGAACCCGGCTATGGGTCCACAAGTAATACTACAATTGCGTCTGGAATGTATGCACCCTGGGGAGTGAGTTGAGGCTCAGAAATATGTCCGAAAGCTCCCGTCTAGTCTAGGTGAGATTGGAGCTACTGGTTGCATTGGAGGGCTGACGGCTAATTAGCCTTGGACACTCAACCTCGCACGAGAAGCTTGTCTACCAAGGGAGGCGAACCTGGGGACCGTTGTTTTAGAGTAGGCCCGTCTATGCCCCGCCTCAGTCTGAGCCGAACTACCCTAGCCGAGGAGTCCTTTAGCGCCGGTAGTAGAACCACCCTTGACGAGCTAAGTTCAACACAAAACTAAAGCTCGTAACACCAAATTCGGCAATCGCGCCATAAGAATCTACTCTGGTCGAATGCCATTCGCTCCTAGTAAAGCTAGCAACAACTACCCCATTACTATTGGTTTT,1273,50.59,Homo sapiens
SEQ_917833,AGGAGGCTGAGTCCCATGAATAAGCGCTACCGTTGAGGAACATCTTAGACAGCGTTCACGGAACGGGTCTGGTGAGTTTAGCGAGCTATGAAGGCCCGAACGTTGACATATACGGGCTTTTTCAACTGATAGGGCGTTTAGTGGTCGTACCCACCATTAAAGGTTAAAAAAGTCTGCGCACAACACGCGGAAAAGATCCCGCATAATAAATCTCATGACAGGGTTTACCAGAAAGATTATG,241,46.89,Caenorhabditis elegans
SEQ_725178,GAGTGAGCTTTGATTGAAAAGTAGAAAGAACCACAGTTGAGCAGGTGTGTCCGGAGAATGCTGCATTGATTCTGGAATAAGCGGCTAACATTGTTTCTTCATTAGACCGAGTTGCGAGTAAGAGGTGACTTTGATCTTATTTAGAAAAGGGCTGGAGATATGTGCGTGATGAGTGAACTAATGAAGTTCGATGGATTTTTTACATATTTGTCGATGTGAACAGATACCTCCCTGAAAGGAAGCACGTGAGAGGCGTAATGTGACGGCATCTTCGGGTACAGCAGTGACGTCTTCTAGTACTGCAGCGGCACCGATAATC,319,44.2,Drosophila melanogaster
SEQ_213701,CTGTACACAAACAGGACATGCCAGGTCGTATGGCCAGAGTGTACCCTAAATTCAATAACCTTCCCGCACATAGAAACGCCGTTAACCGAGGAAGTACTCTAGTTGATCCATGAAGGGTAGGTTCCTGCTCGACAATCAGAAGATTTGGCTCTCAACTGTTAAACATGTTTACTACTGATCAGTTATTGTACACGCATGTGGTTTCTGTCGTTATGGACAGTTTGTCAATCGCCCAGCGCCAAGTCAGCTGGTGTCTTCGTACATGAGGGCCAAACTTAATAAATGCCTGCATGCCGTATTAGATTCCTCTCTACCAATACAAATGTGCCTTGCGTACTTCTCCCTATGTCGCGACGTGTAGACTGATAAACGCCGGATGGACTGTCCCCCAATGTCTGGATGTATCGTGCGGCGACGTAATCTATAACCGTCAAGATATCTAGGTTATAATATACACGCGGCTCGTATGCTAGGTCTAATGACTATTCCAATGCAGTCAAACTCTAACACAAGCAGAAGAGCGCATACCCCGGGTCAAATCGTGTCCCTAATTTCTGGGGGGTCCGGCTCGATAGTTTTCCATTTAAAGCACTTAGGCGATGTCCACCCATGACCTACTGCTGATGTGGGTCATCAAAGGTTCTGCATGGGAATGGCTAATATACACGGAGCTATCGATAGCCGGTAACCATAGTAGCTGTTGGGTGGGAGGTCATAAGTCCGGGCGATCTAAAGATCGGGTGGGGAGTAAATACCATTCAGGCTCTCAAGGTATCACCAGTGGTGTGACCTTCCATCGGGCAGGTATGCCGCATCCGCGAATGCACTTGGGATGTTATGAGCGGCTACTTTTAGTAACAGTGCTCCCCTGTACTACTGGATCATAT,887,47.8,Mus musculus
SEQ_329891,TTACGTATACTTCTCGAGAGTAGACGCTAATTGTGAATAAGGATCTATGGAGGCCAATATGTCCAAATACTCTGAGAAGTCACGCAGGTAAGACTAAATAGCGGTGTCTTTGTCCAAACATGGAATTCCCTCCATTCGCATCCAGTGGTAGCGAAGCGCGACAGCTTGCCACCCGGACAGTTAACACAGCCCATTTTGAACATGGTTCAAGGAGCAGCTTTTATGTAGCCGAACTCACTTTGTGGATAATTTGGTTTGGCATTTCTGATTGTATTCAGCAGAACAAAAGTGGGACCCAGAGTTCCCCCCGAGCGTATTGTGAAGCCTAGATGTGAGCTCTCACTCTCAGTCCGTGTTGGCCACCCTACTGACCAAGGAGCTCCCATACGGCCATCCACGATAAGGCCGCTGACAGAATCGCCACGTAGATGGTTTCTTGGGGCAGTGTGCTGAGTTTACTAGTCACGGTGTCCAAAACAAACCTGGGACCAACAAAGATGCACGAAATAGCTATGGCGAGCATATGCTCCTATAGGTGTGAGGCCTCGGGCCAAGCAAATCCCATGTCCGGCCCATTGGAGTACCAGGTTGACGTGACTCCTTGCTGCTGCGTAAAAAGACTGATGGTCACTTTGGTAGCGATTAACACGTGTTGATATCGTATTCTCATCCGGCTCTTATGCCGGGTTCGTAGGCGAAGGATGTGTTCTTCCAGTGCTACAAGTATTAGTGCGCAGTATACCGTTACGCGAACGGGCCTCTGAGTGACCACCGGACGAAGTTGCGGTCCTCTGAACGGGTGAGGGCATTTTCGGGCCCTAGGACTTGGTGTCAACATCTACCATTCTTGGCATCCTAAATGCGTGAACTGCGGCCACCTTAACGGCCGAGGAGGGATTATTACCCTTTGAGGACGGTTGCACAACACCTAGGCCCCGATACCAGCTTGTCTCTGCAATGGTCCGTGATTTGCAGCCGTGGGTACCTATGGACCATTCAAAATAGCTGTCTGGGTCATAGAACATCTCCAACTGAAACGATACGAATATATAGAGGGAATATAGGCGAAGATAACCTTTAAAACGGACGCCTTCTAGTGTGTGGCCAGGGGACGTCTTATAGCGTGCCGTCCATTGGTCCGCTTGTATTCCGGGTGGTTAGTACTTGGGACGCTGGAATTGCTCGTGGTTGGATGGAGGGTTTGACCTATGAGCTTTACTTCTGTGGCAGCCATATAGGCCTTCCTCAGGATAGATACTAGGTGGTTGGCTCTATTGGACCAGATGAAATGACTTACAACATGGTAATAGGGACACATAAGGTGTTGGTTTGATAAATATATAAGTCAATTTCTGCAAGAAGTGCGTCAGATCGGCTGTCTGCGCAGTAGCGGTGGCCTCGCATAGTCCCATTGGCTTGATGGCCCCTCGGACCCTGGGGCTTCTCCCGAGGAACGGACTTAACGCTGGGCTTCACGCAATCGGAAACGTTTTACCATAATTCGAGTTCTGGGACCCATGTCTCCTTGGAATCAAGTCGATGATGAATTCATCATATGTGCAACTACGTGGAAGAAGTCGACTTCACGGGCATAATCTCGGTGACTTGCTGGAACCCTCTCTAGAGTGTGCCTAAGCGTGTATGCCCTGGGGGCGTCTGGACTTACTTGTAGAACCCAACCGGAAGCTATCGTGGGCACATTGGTACGACCGGCAAAGCTTGTTCACTCCTCCTCCA,1737,50.14,Caenorhabditis elegans
SEQ_308835,AATTCTCGTAGCCTACTTCCACCAAGTTGCTCCGAGAGATTCTGAGCATAGGGGCTATGGTACCCATACACTTGATACTGCTATACGCGCACACCAGGATGTTTTCTAAGGAAGGAATATCTCCTCTGAGGATAGTTACACACCGGTTTGTTTGGGCCGGACTATACTTGAGTGTTCGGGAACGAAGATCTTAAGCATGTATACCTTTGAGTAATATAGGCAAGCGCTCAGCGGCAAATATGGGTTTCCGGTACGGGCAGTCTCCCTAGAGGTTGAACCAGCGGTCGGCGGGGTGAGGAGGGATACGTGTTGACCGTGACCGACGTGCGAGGCCCAATCGACAGGAATGTGGATAGACGACGTCTGTCGGCGAAACCCTATACATGCACCGGTACACTTTGCATAGGGAAGGTCGGTGCGGTCCGCTTCCCATCCCGACAACTGAGACACCGTTAATACGAAACATGCGGGGGCCA,476,52.31,Drosophila melanogaster
SEQ_400779,GTCTGTTGAGGCTTCATGACCGTTGAGTTCGGGCACCCCAGGGATCTGTAACATACTAAGCATGTGAACGTGAGCATTGCGACAACAAACTACAAGTTTCGTGCGAAAGGTGTCACCTATGTTTTTTGTACTACCGGTTCGAATGTGGACTGGAGCAAGATTTTTCGAAACCACGGGCCCACAAAGGCCTGAGATGCGCCGCTATTATATCCCCTAAACGCCGTACTCTAATGAAGGTGCTGACCCGTAGCCAAAGGATGAATCGCTATAATGACGTCTAGTCCTACAGGTAGCGTAGACATGATTAAACTTTAGCGTTCGTGCCACGAAAAACGAGCTCAACTTAGGTGGTTAGCTATTGGCCGATCAAGAGCGTTACTGGGGCTTCTATGGGTTTAGCTGCATGGATGCCAGATGTTGGGGTAAGTCCGACACCGTCACTTAACGCTGGTTCTTCCCATGTTGACGAGCCTCAAAGGTGTGGATCCTCTGCTAGGCTTAAAATGACGAGGGAGGATGTGTTCCGAGCCATATTAGCTTAGGAATTGCTCGTGGCATCGGAACGAGCTACATGAATTCATGTTGACGACTGTACAGACCTAGAGACGGGATGTCCCGGGCCAGGACCGCGGGCCACATGGACTTGTACTGGGCCCTACCCCCATCGTTGCTATGTTTAACGCACAGTGTTACATTCTCTT,701,49.79,Homo sapiens
SEQ_791333,TCATGTAACCGAGACACAAGCATAGTCTTTATCGCTGCCTGTTTGTCATAATGCGAACGGATATCTACCGGCCCTATTTAACGGGTAAAAGCGGCTCGCTGTCAGCGATGAAGAAGTTTAACGCACAGGATTCCTTAAAAAGTTATGACTGACGCAG,157,45.22,Drosophila melanogaster
SEQ_746662,TTTTGGATGAAAACGGTTCTTGCTATATAACGAACTTAGTACCTCAGACGGGCACGATATTAAGGATTCCAGGTTACACAGCAGAGACTATCATGCCACACACCCCGGGAAGGATCTAGAGAAGATGGGTCACCAGGCCAGGCTTTAGCGGCCTGATTCAAGAGTACTAAACTGGAACAATTGACCCTCAAAGCCGTGGGGGTTAAACGCTGCGCAGTATCGTCAGAATGTCAACATCCGCCTGCTGACCAACTTGTACAGACGGCAGATGCGGATTCATATACGCGAGCGTCAAGCGTTCTCCTATGATCGCACGCCTCCGGAATGAATAAAACTCGCCTCGTGCGTGGGTAACCACGCTTTTCCAGGCTAATGGGCATAACGAGTAGGTCAGCCCTAATGGGTTTAGGTCACGCTATTATCAGCCACTGATCATTCGTCGAACCGATTGGCCTCTTTGGTATAACCAAGGACAAGCTCTTAGACCACCAATAATTGTCTGCACCGGGATCTGTTTTGACAGAAATCGGGACGCGGTGGCACTCCGACTCTGCATATCGTGGGATCTTCATTCAGTCCACACTCGTACCGTCAACCGCATGACGTTCACACCTCTCATGTCACTCGAACTCATGGACTATCCATACTCTAAACTATCCTAGATCACGCAGTGAAATCCTGTTAACATACTCAGGATACGGGTTGTTTTTAACCGGTCGTTAGTCGGGCCCATCCTATTGCAATCCCGACTCTCCTCCCAGAATAGAGCCCGACAGATTGTTGCTACGGTCAAAGTTCGGCGTGGGCGATTGTGGTAAGTCGAGGCGCATGCACTTGAATAGTGTTGAACGATGTGAGGGGGGGCAACCAAGCACGATATCATATACGTGAGGCTCTAGCAGTCGTTCTCGATTATAGAACAAGCGGCCGATTAGCTGATCGATGAGACAAGGACATAAGGCCCAATACTTAACAGCTCCCTAAGTCCTTCTACTGTTTAAGTTTTGCTGCCATCACGCGTCCATCAACCTACTGCCCTCCGGTTCAGCAAGAGAATCTGCTGTTCATCCCACACAGGACGCCATGCCGTGCTTAAGCGTCCACATGACTTGACATCCTACGGGGGTCACTGCAACACCTTCACGTCGTGAGACGCAACAGCATGCCTTTCTCGTCAAGAGTTACGTATCGACAATCCCTTCATTTCGGTCCAAGTTCCGCTTAGAGAATTTAAACTCAACGTCCCAATCACGGAAATATCAGAAACTTTCGTGTCGCATTAAGGCCGTGGCAGTTTGTGCTGTTAAGGGCCGCATTAGGCTATCCACCGGCCGTTGCGCTTGGACATAGTTACAACAGCCGCTTGCACACCTGAGCTAAACTTGGGCCCCAAACCTTCATGCGATACGGATCCATCCTAGCGAGTCTTATGGGTACAGGAGCGGTACCCCGCTGAGTGAAGAGGGTTTAACGTCGTTCGATCGTTGACCACAGAAGACGGTCGAGGGTTACAATACCTCGGCCCCAACAGTACCTGATTGGGGGTGACTCCATGATAAGACTTCCGGGGGTTTTCCCGTTTAGT,1585,50.35,Escherichia coli
SEQ_487919,TCAGCACGCATTGGAAGAACTTTCCGAAGCCACGGTTACCCGGGATGGGGGGCCAGGTGAGGTGCCGTAGGCCCTTCCAAATATTGCCTAACGAAAGACTCCTTGAGCTAGGTAAGAAAATAACTTACGCGATGGACCATTGGAGAGAGACTAACACAGCCGTCAATCCTAACCGGGACCAGGTTTGGTAGTAGGTCTCAGACGATGAGCAGGAGAGCTTTACCTTCACCGGTTGCAGAGTGTGCATTCAGATTAAATGGAGTACCGTCCCATTGGAGATGGAAAGTTGCATAGCGTGGGCTACCTTACAAGGGCTCCGCTACAAAACTGCGCAATTCGACTAATACTGTCTTGTATTAGCGCTCTGTCCCTGTTCAAACTTCTGTCCACCGGTAGGATCACAGGTTCAGAAATGGCGACACCAATTCGACAATACAGCCGATGAGTCCCGCTAACCCTGTGACCATCCTTAGCCCGCGGCTCCGACCCGGGTGCA,496,52.02,Escherichia coli
SEQ_295227,GAACTCAACTGGTTGTCGCGAAAACGACGCTCCTCGGAAGCTTAGGCCCAAGGTACCTTCGGCCTTAACACTAGGCGTCACGTACCATCACTTACTTGCTTTTGTCACCTCACCAATCCCTCCTTCGATGATCTAATCTTAAGTGTAATACATGTGCTGCCGCCGGGTAATCTTCCGGTAGACAGGCGGTTAGCTGTCAGACTGGTAGATGATACCAGCTGCTCGAAATGTGCTCGTGTCCTCGGGCAACTTAAGGACACAATATATCAGTGCATTGTGCAACATGCTATACCCAAGTAAATCTTACGGTCCGGTCCTTGCGGGTTACA,329,49.54,Saccharomyces cerevisiae
SEQ_755340,TTGTACAGTAATTCAACGGGCCGGCTATTGTGTCACCACGTCGGGTCCATTGTCCTAGCGAAATATAACCACCTCCTCACGGGATACTCCTAAGTCCGACAATCTTGTTGGGAGAACACCGCAAATTAGCTTCAGCTAATGGCATGACAATTAAACCAAGTCGACGAGGGACGTCGCACCATCCCGCGCTGCTCTCGCTGTCGGTTACGTCCATATACCAACAGCACCTAAGAGCCCGCTGCGTACTACTTTTGGGTATAGGTGCGCGCATCACTAGTGTCACGATGGCACAAGGCTGTGTCCGCTCCAGAGAGGCGGTCGTACTACCCAATGGGGAAGTTGACATTACTGAACTAGTGTATAATATGGTCCCCTGTGAAAACCTCAATGCGTGGGCACGACCTATTGCGGTCACGTTGCTTACTAACGACTTGTAGATTCCAGGCTCCAATATCTTCCGGGGTTCAGCAAAGGTGAGACATCGTCCTCGCATGCGCCTGAGGCTCAAAACCGGGCCTGAAGGATACACCTCCGAGGTAGAGGACTCGACCCTGGTCCGTTACTAGTTGGTGTGGGCTGTC,581,52.67,Saccharomyces cerevisiae
SEQ_423286,ATCCAGGCTTAAGCGAACGATGAGACCAAACTAGTAAGTGGAAGCCCGGTTCACCCAGCCGAGGAGTATATAAGCCAAACTTAGACTGAAAC,92,47.83,Caenorhabditis elegans
SEQ_853271,CGTTCTCAGTGGCGAGTAAATAGGCAAATTCTTGGGCCGCACGAGTGGAGCGCCGCCCGCCTCTTAATACCGCTAGTAAGTCATGCGTATTGGGCCGTCAACTCCGTCAACGAGAAAACCTACCTCGGTCAATGGAGGATGCGCGTACTCCGTACCCAGACCCCCGGATTTACAGCCGATTAGGAAATGCGTCAGCTGACATTGGGTATCATCTGCGCATTCTCACATGGAAAGCCAAGTGGTGTATGTAGTAGCAACAATTTTTACGATCGGATAGGGTTGAAAGCCGTGAGCGCTCCGGCGATGCCCTCAGTGACCTTAGCGAAATAGGAGATTACGGAGGCCTACAATGATGAGTAAACGATGAAGGATAGGGTGACGGGATAGGCAGGGTTGGACCTACAATATGTCTTTGCTACTATAACTGGCCGATCCGTTTACGGAGTTAGGCCTAAGAAAAACGCCGTGACAGACAATCACAATAAGAATACCTCGTGAATGCGCCTCACGGTGTTGTAACATCAGTTCGCGAGGGAATCCAGTGGTGGTTTCTAAAGCAAGGTATTGTAAATATTGCCGCGCTAAAACAGAGTCTTGACTTCAAAAATTTTTCCATCTAGCAC,623,48.96,Drosophila melanogaster
SEQ_622783,TCGGACGCCACCTAAAAGGGTGTCGTGGAACGAACCCATGCAGTCTTTACATTGCTACTACATATAAAATACCCCCTTATGAGAGCACATCGCAACCTCGCCTGTTGACAAGCT,114,48.25,Drosophila melanogaster
SEQ_892243,TTCCCGACTGAACACGACACGTTGAAGAGGGGCATGTTGTCTCCGCATGGTCGGCGCGTAATGGACGTGGCAGCACTTCCAGATAGCGCGTGAACTTATAATAGGTAATTTCACCTATGCATCATGGCTGTCTGCGGGGAGTATGGCCCCCCGGATTCCATTGGACGGGATACATTATCATGCGGGCTCTAGCCCTAGTTAAGGTCGGGATTCCCCCCGCTTCACCGTGAAGCCGTTTATGGACCTACCCACTAAGCATCCTCTTAACAATCTACTGTCCATGCACT,287,52.96,Drosophila melanogaster
SEQ_778207,TGCAGCCTACCGTCGGACGATTAATTGAGGACTAGCATGGTCGACGTCTGTTTACACGACCTTATAAGATGAGCCTTTGTCACCTAATCAGTAACCACCATACCTTCAGATCTCTCACGACATCTATTATCGTAATGTGACATATGACATTCTTACCATCCAGCCAATAACACCAAGTCTTAAAGCACTATGCGTTATTGAGGCTATCCATAATTAGGGGGTTTCATGTATCGGTCTACAGTTGTGTGATGATGGCACACTGATGCGCAACGACAAGCGCATGGGCAGTAAGTAAAAGGGCGGGCTAAAATGGAAGGCAGGCCATTGTCTTTTTCCGATTAAACCGTGGCGTCGCCGTGGATGTCTGGCATACCGGTTCTGAGCGGCTAACGGATCTTGCGGCGTGAGGATAAATAAGGTCTCGACGGCTCAACCGCTCACGTAAATCATTGGATACTTCTTTTGCCTAATAGGAATTGCACTGTACAGGTATCATTGAAAATGGCGGAAGGCCGACCGCACGAATGGAGAGTCGTGTGCCGTATTCACAGCGGAGTCCTCAATGACCTATCAGCCACTTTGCGAACTCGCTGTTCGTCCATGCCCGTGACCGTACGACGGTCTGTTGAACGGTGGCAAATTAAGTCATTGGTTGTTTCTTCTAACCTTAGATAATCCAATCTGGCGAGATCAACCGACATGTTTGT,707,47.52,Drosophila melanogaster
SEQ_795120,CCGCGAGTCTGGGCGTTACCACTTTCCAAGCGCGCAAAAACCCCAGAAGTGATCACGAATTTCCCAGCTAGGATCTGTGACTAGGATTTGTCAGTGGACGCGCATCGGTGCTTTAAGACGTTCCCACGCAACCATGTTCTCAAAGGGCACCCTATTAGGCCGCGGTAACAATAATCTGGGTGGTTGATGCGTACTGTTGACGTGACGAAGCCTGCACCCAGAACTTACCTAAAACCCCTTAAGTTAAGTCCACCATCGAGATTCACTGCGATCACTAATGACTAGGTTACTTCTATATATCACTTCCGGCATGAGCCCACTGAACGGCCGAGGGACCAAGTTCGGGAAGCTCGCGACCCGCTCAGCCGAATACAGAAGATAAAACCAACAAAGTTCTACTCAGGACAATTACATGTATCCGGCTGCTCTTGTTGATGGCCACCGAATAAGCACGTTGGGGCCACATGCTGCCTCAACTGTGTTTGACCGGTTACCTGGAATATTCGCCTGAGGGCCATTGTTTAGATATTAATGTAAGACTTGGACCACGTCTGCGCAGGAGAGCAACGTACGGGGTTACCGTTAATTGCAGACCACGCTTCTTATCATACCTTGTTGTCTCACAAGACTCTATGCGTTTCTCATTGCAGATCCTCCTGTGGCGCAAAGCGGTCCAAATTGGAATACAAATGGTGTTGCTTAGTTTACACCCGTTTGATTCAAGAACATGAGGTAAGGGTTTGTGAGGCTCCGGGGCGTTCACCAAACTCCCCCGCAAAAGAGGTTAAAGCCCCCCATACACCCGTGTGTACCTTCGTCCCCGCGTTGCGCCTCCTGCTACAGAGATGGCTGGTAAGACTATGCTACCCACTATCAGAGTTATACAATGAGACCTCTGCGGCGTACAGTACTCTCTGTTTCCAGTATGTGGGAGTCTTATGTAAAGGATCACGGCATCAGCAATGAGCCCGTGAAACTGTGATACACTGATCACATGCTCTAAGGCAGTGCCTAGGGCCGCTGTGGAATTCAACACGACCTGTTCATTGTAAGAACGGTTTGTGGACGGACTACGGTCTAGCCGCGAGGCAAGCCGGCAACGTCCATCGGGGATCCATCAAGGCGACTCTCCAGGAGTAACAGAACCATTGATCAGACTGGTAAATGCGCTTTCGTGTATTTCCACATTCTGTTCAGGTGCATGGGTCTTTCAGGATCGTCGACCATTCCGACCCCTCTCATATTTACTTAACGAGTGAACGGCCGGTTGGCCTGCGGACTCCTAGATTTTAAAGCCTCTGAGTTGGACAACTCTGGCCCGCACCTACTCCAAGCTTATAGCAAACCCGGTACTAAAGGTGCCGGATGTGCATAATCAGGCTAATCGAGGAGGGGATAGCCTCGACGCCATACGCCAATGTGCTTTCGTCGGCGGAGATAGGTCTCGATAAGAAACTGCCCTGCCATAATCTTCCCGCTCG,1481,50.84,Saccharomyces cerevisiae
SEQ_638247,TAACTTCGATATGCAGCACTGTAGGAATATGCTTAGCGTTTCATCGAATTGACTACCCTTCTGTTCAGTGGTTGAATCATCCCCTATTGCTATGTCGTGTCACACGACTAACGGGATACAGTCCGAGACTTTGGGATGCATCCAG,145,45.52,Arabidopsis thaliana
SEQ_112173,CAGTCAGGGTAAAACTCTCCGCAGGCGCTGCACGCAGGATTCTCTAGTGGAGCCGGCTGAAAACCACCGTACCTAAGAATCCTCAGGTCTGACAATGACTTCCATCTGATAAGTCTCCCTAGAGGTCACTGACGGCGAAACTTGTAGCAGGGTGGTCCTCTTAAAGCTTTCCG,173,52.6,Homo sapiens
SEQ_745651,GTTAGTTCGAAGATCGGATTCATGCGTTCAACCGCTGCGCAAGGAATCATATGAGCATCATCAAGGGGTGGGACCGGTAAACTCGGGTGCTCATTGACTTACCGTGATGCTGAACGTGGCGCCACGGTGAGACTGTGTGGATATCAGTGTCAACTGCTTTTCTGACACAGAGTTCCATTGTAGATACGTGTCGAAAACTACCAAAGACTACCGAGCCGGGCCCAATCTACACCTCTCCTGCCCGACGCGGCAGCTCCATGGGGCAATATACCGATCAGACCTTCGGGGGGGCAGTTAGATCCCGCGGGAGATATTATGCTTGCGCTTCATGTAGTTAGACGCACCAACATGCCACAATGATTGGTTATGGGCAATTAAAGCTTGCAACTACCAGTTGGTGTTTGGATGCAGAACTTCCATAGATTTCTACCCCTCTAGGTCGGCGAGGTGCAGTAAATCTGCTGCTGCCCCCCAACGCAAATGAACCGGTAACACGGATTCCTTCCAACCCCCACGACCGTTCGCCCAAACAGCTTGTAACCTAGCCGATCTGACGTGATGCTGGCAGAAGGTGGTGAGGATAAGGATGCGCCTGTTGTATAATTCAGGCCGGGCACGCTGATACATGGCGCGTTCAATCTAGATAAAGGGTGAATCCACTGTCATTGATAAGATAAAAAAACCGGGCCCAGGCCTTCTCAAATAAACAACGATTAGTCACTAGTAGGCTTCTGGTCTCAGAATTGACCAATTACCTATACCAAGTAGCAACTTTGGCCTCCTCTCGCTATGAACACGAATGTACCGGAATTTCGGCTCTCCATGGCGTAGATGCCCAATGATAGATGAGGCTCTATTCGTCGCCAAACCCCTATACGAACCGCGACGTATCTACATGAAGGCCGCTGCTGTCTTCCATAGAAGCGTTCCCTTGAGCCTCCTCTTTGGGGATAAACCTTTACACACGTTGCATCGGCACCCTAGATCGATTTAATTAAGTGTTAGGTTACCCGGTGTCAACAGTAAGCGGTCAAGCCGGCGGAACCACCTATTAAGTTTCACACCGTTAGTGGCGAAACCTGAGGCTATAGATTTAGTGTTCAGTTTTGTGCACTGTCGCGTTGACTCGGCAGTCATAAGCTGCGTGGAATCTCCTGAGCCTAGGGGAATATTTAGAGCACAGCGTATTGCGGAAGCGAGTGTTGGAGAGTATAAGTATATTTATGCAGCTCAAAAAGCAGCTCGTAGTCAGGGCGGTCACCCAAACGTACCCCAAATTCGAACGCTCGATCCGGGTCTTCAACATTCACTACTAACGACATTGGCCGACTGTCTATGTTTGCAGTCACCCAATTGCTCACGGATGCCACCAGGGAGCCACTGCTAAATAGAATGGATGTACATTCTTGACCTAGAGGGTCGTGAGTATACGCATCTTCCCAAGCAAATGTCAAGGGAATATTTGAAACTGACTTATATGTAGTGCCACCTTGGCACCCTTCGGT,1505,49.5,Caenorhabditis elegans
SEQ_242074,GTACCCAAGTTATTGCTATCTTCTAGCCAAGATACCTAGGAGCATACTGTTGACATGTTCTTCACCCCCAGAGTTCTGTCCCACCCAACACAGACGCCTGCAAATCACACTAAGGTTAAACACTACTTCGAGAGATAAGCCTAGTCGTTCACGCACTAATTCTGTGCGAGTAGGCTAGGTACGGCTGAGTGGAGAAGTATGGGCAGGATTTCCATTCTAAGTTGTCCAGTGAACTGGCCTCCCCGTAGTACCGTCTATCGGAATTGCACAGTAATGATATTGGCTACAGCAATTAATCACGGCTACACGCCAACAGGTTATAAAATGGTGGTCTGACTAGTCTCCATTTCACCGGACAGCGGTCATGGCTTCACAGTATTTCACTAGGAATGGTTGGCGAACCGGGATCATACCGGTTCTTTGCTTCTCCGAGCCCAAGCTCAATGTCAAACGTGTGTCAGCTCGTATCCTCCGCGTTTGGGGTCTATCTAAGCAGATCTGGCTCTCACCTGAGTCTCGTAGGTCTGCCCATCTGACGGCTGGCACTCCTGAGTATGCCGCAGTACTAGATCCGGCCGGTCGCACTGGAGCCATGGATCATTTGGCTGTATGACGCTTCCGTGTGGCATGCCACACCTGGGACTTGGGGCGCCGTGACGCGTGTCAGCATTGCGTAGAAGGGATACCGCGGCGCGTCATCATAAGCACTGGGATAAAAAATTCGATGACCCATGCATAGCCTGCTCAAACTTTATCAGGGACTGGGAACCGGACCTGCAGGTGTACGAGCCCCTTGGATCGCCGATTGCGTCGACAGTCAACACTAATCCATTGGGGAGCCAACCGACCGTTTACCCTGAGTAGAAACTGCATGACGCCTACGGTTTACTAACTGATAGCAAGTGAGCGACGATTACATTGTCGGACGCCTTTTATGACTCGAGTACGTGTT,952,51.37,Arabidopsis thaliana
SEQ_613820,TCATTCAGAGTTCACAGTATCCCCCGGCAGGAAAGTCATGGGAACGTAAAATAGAAGAGAGGGGTCCACTGGACTGGTGACTTCTTGGCATAAGATAGAATGGAAACGTGGTAGCCATTTCATACGGGGTCATAAACCGCTTCGACTATGGTACTCATCACCCTGGTAAAAATCGCGATAGATGTGACCGTCGGGGACGGTTTCGCTTGGATTGAACTATTAAGTCATTACCGGTGAGTCGCTGACTACAGGCCTGTATGGAGAGGGGCTACCGTAATGTCTCCGCATACAACTACAGAGCATGGTCTCCAAAAAAGACCCTGTTTATAGCATACCTTAGGTATACTTCTCAAGGAAAATCGGGTCGTTAGTTGGATGAGAATACGGTACCAGGTCAATGGATGCTACCTTCACGTGGTAACGAATGGGTATATGATTTCTCAGCATCCGCACCAATAGGAGATCCGAGACGCGCTATCACCTTCGTGACAGTGATCTGCAATCTTCATTGGAGGATTTAGTTACCGACTCAAGAGACAAACGTCTCACTGCGCCTCGCATTAATTGGGTATGTGCAGGAGCTGCGGAAATCTTCTCGTAACATTGAAGGTCTGGCTCCCAAAATCTTTTCAGGTCACTAGCCAGATTGGTGTCTCATGGTATATGTCGATTTAGCTATGCTAGTGTTATTCCTACTCAATGGTCCGCACATCTATTTTGAGACGCAGGTATATCTAGGAAAGCGAGTTATCATTTGGCCCCTCATCCGACAGAGCCACCTGTCGCAGCACCCAAGGAAGGTCTCTTCGTTGCCGGCCTGAAGCAGACCTACCAACTGGAAATAAGCTATAGTAGCGTTGCAACATAGCGAGGCCATAGGCTGGATGGTAGCCTGACGCCTGCCGGCCGAGGAACGTGCAGAATGCCACCGGGCATATGCCTTCTTCACGGTGTCCTGCACACTGTTGATCAGATACGACATTAAAATCCAGGCTGCCGTCCATATCGCCCTTAACTTGCGGACAGGTCCGATCTAATCCCTTAATGAATGATGAACAAATGAATGATTCCCTTAGCACGTGTCGCTCGGTCCTCCACGCGACATTGTTCGCCAGGGTGACATCCGCGTTTATAATCCGCCTAACTCGTGTTATATTCATATCGTGGACTTCTCGGGTCCCCACCCAGATATTCTACAAAACTCTGATCTATGGACACGTGGGCCCAAGCACCCCTAATGAGTTTTAAACTTCGAGGGGAGGGGGGATCGTACGAGGACTAGAGGCTGGAGCCCCCTTAGCTAGGCATATATTCTCTGTAGGTAGTAGCGCGATACTTGCTTCACGTCCGGTCTGACGTCGGGTCTAGCTTATAATCCGTATTAGGTTTCATGCGTGCCATCTCTGGCGCGTCCTTCTTACGAATTCTGCCCACCCCGCTTACCGTACTATATCAACGAAAGTACGAAAAAGCGATGCGGTATTTTCTTAGGGTCCAGCCGCAAGGAGCAGGGGGTCCAGCGTTCGTGTTCTGAAAGGGATCCATGGACAAGGCTCCAGGCTCCTAACATCGGGTACTGTGCATGGAAGGCTGATGGAAACCACTCTGCCCACCCTTCCTAACATCCTAACTGAGCGGTTAGCAAGAATAAAATACGCACGTACTGGACAGATCAAGATTACACGGCCTTCCCAGGTGTGTCAATAGATAACAACACTGATCGGCTGGGCACTAGTTGCATACCGTCGGGGCAAGGGGGACACGCCTAGTTGAATTAGTGTGGCATAAATCCCTGTGCTACGTATGAATAGTGGGTCTGCGTGCGCTTATTGGGGAATTATGATCTTACCAGCTCCTAACGAATACTTAAGCG,1873,49.39,Mus musculus
SEQ_902727,GACGGAGTACTAGAAACTCGTTATCCAACGTCCTCTAGATAGCATGCCAGGCAATAACTAGCTTCTCAAATAGGGATTAGATAACGCGACTTATACAACCCCTGTCACTGCAGTCCAAATGATGTATGTCACGCATGTTGAGGGAACCTTAGTATGATTATTAGTATATATGGAATGTATGCAAGATCGTAACCGGATTTAGTGCGGAGGCAGATAAATAGGGAACGTATTTTATGGTGGAGCAGGTTATGGACGTAGCCGAGGAACCGTTCACCATTGGCACTAGATGTGAATGAGGCGTACTGGTAGTGAGCCCCTTGGGAGGCCGGGGTTTACAGTTAGCACCGAGGGGCCGCATAGTGATATGGCCATGTGCTCCCTCCTAGCA,388,47.42,Drosophila melanogaster
SEQ_247205,GTTCATCGCCGAACCGCCTACGGTCTGCCGTCAGATCCTGATTGTAATGTGTTCTGGATCACCACAAAATTGCCTCTAATCTGAATCGGCGTATCGATCCTATGCCAAACTGTTAATTGTACCCTCCTAGTACGTTGGCGTGACCGTAGTGGGTTTACCGCCTTATTCAGTCCGGAGAGTCGATATGTAGCATCTGTATCCTAGCATGGGAGACGGGTTGCCCGACGTCCTGGTCACCCTATAGTGGCTGCGCTTCAGTTGCGTCCACCTCTATTTATCACTGAGGCCCTGTGGATAGGCTCGATATTCCTCCAGCCGGTCTTGCCAGTAAAGTGAGGACAAGGCCTAACCAATGAAACTGGCTGAAACGTACGTGAGGTAGCAAGGGATTCAACTGACTTTCTTGCGACACGTGGTGCGCATACGCGGGTAGTATGGATAGCGCACGGATCGGGCCACAAAGCATTGGAACAGAATTGGATAGAAACCAATGGTTTGACAATGATCGCCTGCGCGAGTCAGAGCATTAGGCTAAATGTCAATAATCAACTGGGACGTTCGACTAAGGAGACCTCCGAAGGCAGCCTATTAGCACAGTTGATCGCCCCGTAGT,613,50.9,Homo sapiens
SEQ_445869,TGACTTCCAGACGGGATATAGCGAAGTTTGGACCTGGATCTAGGTTCAGGTTGACAAGAGCGAGGTCGTGATATTGGGATACTATAAGTGCCAAGCGCCATCGAGCTTTGGGGATGGAAAAGAAAGTGCGCAGCCGTTGCGAGTTTCAATAGTTAACACAGTTGATTAGTGACGTGACAGGCACTTGGATGGTTGCGGGAGCTACCTTGGCGTACCCGGGTGAACTCTCTACATGGAATGAATAAGACTGCTAGTCGGAGTATGCGAGTTCCCTGGTTCGTCGAGAATCAAGCGATGTCATATCAATAGGTCCATC,316,49.05,Saccharomyces cerevisiae
SEQ_779641,CAATCCTCCAAAATATGACGTGCCACTTTTTGTTCTTTCACGACCCTCGACCCACATACCGGCAGAGACTATGAGAGACCAAGAGGATTTTAGAAGGGGGATTTTTGAAGAAGGTTTTCAGCGCGACTGAATCGTGCGCATAGAGAAGCATTTAGATGGTAGTCTTTCGTAGGCCGTCGTACGCTGGGTGTATCTCCGGCTGGGCTTTCAATGTAGGAAAGTTTGGACTAGTTTCGCAGTATCTCCGTCAAACTCATAATTGGCTAGTGTATGAACAAGCTCAAAAAAACTGGCTCGCGTAGCTATGCCCTGTGGGCTACGTTTCTTAGCTGTGCATGGCCTTTCTTGATGCAAAATTGGTGCTTGGTGGTAACAGTTCGATTGGTGATTTCGACGTTATTGAACTTCTGGCCACCCACTATACAATAGCGACTCAATCCTGACAACCATGTACCGGAATCTGAGGACCGTGCCGGAGAGCGATCGAATGGTTTCCGCCAGCTGCTCAAACTCGTGTGCTTTTAATTGAGCAAAACGCACTTTGTCGCTGGCGGAAGACAGGTGCCAAACTGGCTGGATCTTTCACCCCTTAAGCCTGATAGAGCAATTACCGCAATCCAAACATGTTGCCCTTTAGAAACCTGGGGTCGTGCTCATACCCACGGTTCAACACTTGGACCGATGCATAATCAGTAGATTTATTAGGGAATCCCGATGCGATAGTGGCTCTCCCAGATCAGAATCCTTTAATACTCCGGCCCTATCCTGCCTTGGTAATCGTATAACGACCGTCTGACAGGGTTTGACGGACGTGGCCACTAATTGGCGGTATGAAAGAAGCGTACTGCTTATCAAATGGTCGTGATAGGGAACCCAAGCGGGAAAACGCGTTACCTCGATATGCCAACGTAACTCCCTGTATCCTGATCGTACACTCGCCGGAAAACTGCATTCTACGTCGAACCATCTGCTCGTTTCCCTAAAGTCAGATTCCTCGCGACAGCAGGGAAGGATTTTACACTTCACACTTTGGACACAGTCAGTCCTCTAATGATAGGCGATACTGTCCATACCGCGCTCGTAGATATCAGCGATGGCGTGAAAGGGTCTTTACACTCCCGCCACCTACGGGTGTGACGTTGCGCTGTTGCTACGCCCAGAATCTTTGCGTTTCGGGGAGGTTAGCCCCGCGACGCTGCAGCCGTGATTCTCCGGCGCAAAGCCAAACATGCGATTTTACACAACTTGTCTACACATAACTTGTCTTGAAAGTGGAGACGCGATACGGCTTCCAACGCCAGCGGACCCCCCATACTGTGATAACCAACGTGGAGGCGGCGTAAAGAGATAGGGCGCGTTCTTGTAGCAAAGTACGCAGTCCTTATCTCGGTTGCTAGGTCAATTGTAACATTGTTCTACGAACTGTCAACGCTCATAGTTCGATTAACCATGTCACGGGTTAGAGATTGAAGCAAAGAGACCATATGCTTGCCGTATCCCGATCTGTAGTAGGAACTTTGGTAAAAGTGGCGGGCACCCGCTACCATACGCGATGTCTCCACCAACTCTTGCAATTATTGTTCAGGTTCCCTAAACGCCCCCCATATTATTCGCGTGGTCTCATTAATTGTCTTCGACGTTGTTATCCTTA,1651,49.0,Caenorhabditis elegans
SEQ_590467,GCCTTCATTGTCCGCTCAAAGGTACTTCCTGATAACTCGCGTAGGACTGCCAGAGACCCCATTTTCTGATATAATCGCCATGCGCAGAACGTAGTGAAGAGAATGCGGATTCTGACAAGGCATAGATCTAGGCAGACGACTCTCCGGTCATGCTGTGGGAGAAATGCTCGGTATATTATATAACAGCGGTAAGTCGGATAATCGAAGACGCAGCTACGATTTACTTTCGACGGTCCGGCGGAAGGAAGGATGGTCAGTCTTTTAATAGCCAGTAGCATCGCCGAAACAGGAAGACCTATTCGACTAACGTTATGGAACGCACAGGTCTTGCCAGGCCAAGTCCGGGGAAGCAGCAAGTTATGACATTCGAGTGAGAATGGCCACTTAGCAGAAATGACTCGACCTTTGCATGGGAGGTAATATAAGGGGTGGAATTGATGGACTTTTGCAGTTTGCGAGGTAATACTGTCAGATGTAGAAGTAGCGAGATTATGTCACCTATTCTGGAATTTAAGCAGACGCGTGCATTAAATCCGGCGATAATGCCGTCATTGCCCACGCGTCGCCCGAATACATCGTTACTCCGTATTCCCTAATTACTAAGCTCCGCTGCTGGTCCAGGTGAAATCTGGGGGAGGTACCTGAAGAAGCAATATCTCTGGTATCCAAATTGCTGGTTCTTTATCGGCTTCCGAAAGCTAAACCAAAGGGGGTTGGTCTCCAACACTACAGTAGTGGACTTACGGGTTTAGGCAGCGATCGGTATGATTAAATGGAATTCCACCAGAGTCCACGCATGGGTGAGCTGCGAGCGAATTTAGTAACGTGTGACAGCGAAATCTACATATCACCGCGTAATACAAATTTAGGTACTGAAGCGAGTTCTGGTCCAGTAAAATTTTGTCGCGTGTACGTGCAGTTGTGAGGGAAGACCCTCCCTCGTCGGCCTTCGTAGATGCGGTCGCACATCCGCTGTTTCTAAGGATTTACTCAGTATTCCCGACGGATCAACCTGAGCACTCCTCGCCTGCAGTATCATGTTATCCTGTTGCACAGAGGTTGCCCGCA,1068,48.6,Saccharomyces cerevisiae
SEQ_863361,CACGAGGCGCGTGGATCGCTTGCGGGCACCGTACGGTGTTCCCCAGCCAGGGTGAGTGGTTTCAGCCCCTTGCGCTAAGCGAATGACATACACAACAAACGTCTATTGCGAGCGTTAGATGGGTTGAGCTTCTTCTGAACGCCTAGATTGCCAGCAGCCACGCCC,165,58.18,Mus musculus
SEQ_521667,TTCAAAGTTCCTAAAGACGTCGAAGAGGCTACAGACGTCAGCTTGTTTTGAAGGTTCCTCCGGACCGATATGTCCGAATGATGGAAGAGTTATTTAGAATTACGCACAACTCCCATCTTTGTAATCCTCTCACTTACCAGACGTAACGGTCCAAGGCTTCGGTTGCTTTGATCAGGCATGTTCAGAGTTAAGAGAAGGGTCGCGTGTCTCTGGTAGGTCGCGGAGCCCTACGGCGTTGATGCTGGCAGTTCAATCCCAGCCGTGTAGGGTTGGGGACAGGAATCAATGTGGGTGTAGGAAACGGGAGACCAACTTGAGGGAAGAACCATAGCGATTTGGTTCTCGTTTCTCGCGACTTCGAATCCATGCTGTTTCAACCCTGTAAGGGCCTCTTAGACTCTAAGGATGTCGATGGGTGTATTCCACTAACGGCCCAGGAGTGCCGCTGGGTTTGGAGAAAAGAACGAGTGCATGGCAGCGTGAGCTTGGAAGCATACGACGAGAGTGTATTCGGTGTCGACGTTGCACGCAAATAATTGCGAAACCTGGCTTACATTTACTGATTATGGCGATTTTAATGCAGGGTAGAAGGTTTACCGTATTGCCGTGTCGCCTGAGCTCGTCCATTAGCCATGTGAGGGAAGGCCTTGGCTGCAAATGAACAATGTTGGCTTTTCGCACGAACCTGCGCCTCTTATAGATTCCTAGGGATGGGTCTGTAGGTTGCCTCTTACCTTAAAGTATACGGTGCTAAAAGTGGTCCATTTATGTCTTCAGCCCGATGCCGCCGTTTTAGAACCTACCCAGACGAGAGATTAGAGCTGCGGGCACTGTTCGGCAGATACAGTTTGGTAGCCCGAGTTGAGTCAATCGTACCTTGAAATCACAGGCAGACAATCCTTAAAGGTAACTGAAGGAGATGATCTGGTGGGAGTAACATTGCCTACGGCCGAAACCCCAATCGAGGAGCTGAGTTTATGAATACAGGGCAGCTCCGAGCCGGTCGCGATATCACGCCTCATCTGAAAGCAGCAACCCTCAATCACAAAAAATCCGCAGTGGGTGGATAATTGGTGTGTGCCGAGGCCCCTCGCCGTATATCAGCTTGCTAAACTGTAATACGCCTCAAAGGGAAGTTAATACACTATGGTAACCGCGCAAGCGACTATTGAAGCAGAGTCGAGTCCCCTGCGTATACGAGTGCCGATCATTGGTTAGTGGTTAAATGATGGAGTGCCAGTCACACAGACGTACAGAGTGAAGCAAGCGAGAGTTGCTTTAAAAAACAACGTTCCAGTACTTTTCACCCAGATTTGGACATCGAAGAGGGGGGTCCGGTCGGCAGAGAGGCTCCAACAATCCCCAAGGCATCCCCGAAAGTGTTACTTGGATGATATAAGTGATCCGACCCGCTGCTCCAAAACTCCGAAGATATTACTCGGCTGGTAACACTAAGAAAAGACGGATCTTCCGCAATCC,1479,49.63,Mus musculus
SEQ_628084,TCCTGCCGAGAATGTGTACGTTGTCTTATAGTGATCGTCGTATAAAGGGAACGACGGGGGGCTCGTTGACGTCAGCTGCTCCGCGCATAGAGCGTGGAGTGCATGTAGCGTCACGCGTTGCGGGGATGCGAGTAGTTAACTGCTTGCCATCTTCCCTTAATCTACTGATTCGAATAGAGAGGCCCTCTACTCCCGTCAAGCTGACCCGTGATGTGAGATCTGAGAAGAAATTCCTTAATATGCCAGAGTGCTTGTTTTTCAGTTGACAGGCGACACGCTCCGCGGGAGCGCGAGATCATGTAGCGTCCTCACCTTAACGCGAATTGGACTACAGCACAGGCCGTCTGTTGGAGAACCCATTGTACAAAAAGCTTACTGAGTTCCAATGCCTGCCGTTTTATGCTAAACACATTGATCAGGCCGGCGGGATTCTGATACTGAGAAGTGCCTCCCAAAGCTAGGAGTTACCTGCGCAGAATACAATGAACATGCACAGAATCTAATGAGGAAAGAAAGTAAACAGGTCATGAGCGTACGAGGTTTAAATAACAGCGGTCACGTGAAAGTCCTAGGCTTGGATGCCCGATGCCGACCGTGGTGTCGTTGCGAGTGCACTTTTATGGAGCGCGGTTTATCACGGAACCAGATGCGATATGAAGCAACCTCCCTATATGCTGCGGTCCATTTTGTACACCTGATTCCCCAACTGGCTACCCCAATGCTATTAGCGCCACTAGCCGCATCACGAGCCCTCATAAGACGCGCCTTAACATGAGTGGTAGGCCAGTGTCGTGTAAAAACGGCCGTCATGCCTCATACGCTAGAGACTCGTTACGCCGTGATCTAAGACTCAAGGGGAGGACTTATACGCGAGATGCGTTGTCTGAGGGACTTAGGGTTCTGTTGAGTCCTTCAAGGCTTTGTCTCCTTTACTTGCCCGTGTTGTGATCGGAAACTCGATCCAATGACGAGAGCCGTCGGGTGTAATGATAGAACTAAATGCTGGCGGTCATCTCAGTTCGCTAGTCCCCGCCTCCCCTCGAACATAAGCTGTGATTGCTCGGTCCAAGTGATTCAGGGATCCTCATATTGGGAAAGGTCTCGGAACGCGACAATTCTGGTTCCACACATTCACACCTCTTCAACTTCCGTCTCCTGCTATTGGGCCCGTAGGGGCCGATTACTCGTCCCAGCCGCGCGGACAGTGACTAGCAGGTGTGCAGATAAGGCGAGACCTCACTGGTTCACGATGTTCTCGGATAGAAACACGAGGTCGGCGTGGCGGATCTGCCGGGACTCTTTTCTTCCGTGTCTATCGTGCCAAGCTCGGGGAAACCTATGCTCTAACGCCATGACTAAATTCCGACGATTCATACCTGGTAATTACTATGATTTAGCATTCAGGCACTTGGACAGGAAATGCCTAGACTCGCGTATGTATCTTCAAAATGCGGATCACGATGGTTACTCTGAAACGGCTGGCGATGTGCGATATTCTAAAGTTTTTTTTGCTTCGCGTACGAGCAAACAGTGGGTAGATCGCTCTAACGTTGGTGAGCCTTGGATTGGCGCGTGATTGAAGAACTTAGGGTTCCGACGACAAAAATGGAGGCATTCCTGGCTACCCGTCCTTTTCCGCCCACCAGTTCCTGTGCGTTTACTACCCAGGAGAAAACATTTGACGTGCTAACCCCTACATTGGTGTGCGGATGCTCTGCTTCAAAGGCAAACAGCCATGCTTGTACACTCCATTACCCGGAGTCTGCGGAGTGATGCGAGCTACTCTAATCTCTTGCATGAGGCTCGCCATGTAGATCTATAGTCGTACCGGCAGCTGGAAGTGTGTTAACTCGTCACGTATCCGGGTGCTGGGGGGAGAGGCCAGGCAAGCGAGACCTTCGTCCTTATCGTTTAATTCTGAACGTCCCTA,1930,51.19,Mus musculus
SEQ_409407,ACGGCCTCGAACTCGACCCTAGCTGGTGTCAGGGTGTTAGAATCGTCCCATTTCCTCGTGCATAAGTCTTGATCCTCATAGTCGTCGTGCGTACAGACGACTGTCAACGCAGGGCGTGGCGTCTGAAAACGCTGGCTAACGTCCTTCAGCCATAAAATATAACGTGCTTCGATAAGTTGAAGAGCACTTAAATTGCCTTCGCTTAGAATGCATTCTAATACATCACCATCGCGTGGTCACCCTAGACGACGGGGCAGGCACCGGGGTGTATATCAGATGTATTCGCTTCGAGAGGCCTGCCCGAGCCGGCTACAGCAGAGGGTCTAAGGCTCGGACGTAGATACTGGATTCCGCCTGTAATGCACGACTCAAGTTCCATAGGGACCTTCCGTGTGCATATGTGCCCGAAAATCACTCCATTATTAGAAAGACGATATTGAGTGCGAGCCTCCTATGTTTTGGCTGGTAATTAAACTGCAGAGTTTGTCTAAGGAAGTCCTGACTCCGAACGGATACTCTTTCGACCACTCCGTTCACCGCGATTTTGAAATGCATGATTCTATGCTCACCTCGACCTATTATAGATCTAAGTTAGGCCGTGAACTCTCAGGAGCAGTCGGTTTTGTGTGCGATTTGATCGTCTGAGGAGTGCACTAGGCTTAATAGCACGCATCAGCAGGTAAAACATATAAGTTAGAGTGCTCGAGTTAGCTTAAATACTAGCAGCTTAGGATGTTACTATTTTCCTAGATTCCCAGATGGACAAGTCTTACCCCCCAATCTTTTTTACATTATGAATGGGCGACATTCGGATCACAGCCGGACGACGTTATCATCATTACTATGTAAGGCTATAATCTTGTGGGGTTTGCTAGCTCTGAGCCCGTATAAGACAAGCTACGGATTCTCCGCCCAACATGAAGGATGCGAGGCACTCTAGTGGTTAGGTGGATGGTCAGTGATTCGTGAGGGAAGGTTGGCTTTTGCACGATAACTGGGTCCTACTCGGTCGAGGCTAAAGAGCTAGCTTTTCTTTGACTTTCGCCGGCCCCCTACCGAATCGCCTAGATGACGGGCTAGGTGGTTTTAATAACAGGACGTTGTATATTGTGGACAACGAGCGTCGACCTACGACCGTATCAGCCCGTGGGTCTTTCCGTCCCGGGAAATTTGCGGCCATTGAACAAAATCTGGGTTTTGCCCGATGATAAATGGTTGCAAGATTACAAACAGAATATTCGGTCGTGAAAAACGTGTCATGTATTCTATGCGTCATTCACATTCCACAACGAGTACTAGCTCGCAGAGACGCCCCGCTTACCTTGGAGTTCTCCGCTGGTCAAGAGCCCTGGGCTAGAGCAAACAACTTGTATACAGGAACCCTAGTACC,1390,48.49,Homo sapiens
SEQ_116964,AGGTGATTCTCAGATACACTGGTTGCAAACGATTGAGACCACGACACAGGGATGATATAGCACGGGCGTCGCTCAGCGGCTTATTAACGGCAGCCGAGATCTCTATGGCCCGTAGGTTACTTTGGTGCGCCCTATCGGGCGAGCCGAGCTAGCCGGGGATGCTATCGTACGAGATCAACGACGCAAAAATTATCTTAAAGCACGGATCCGGTGTTTCGACTAACTTTTTAAGGCAAACAGGTGTCCTACATAAGCTCGGCGCCTCAACCTTTAATTCACGATCAGCATGAGAAAAACAGTATCACCATCCCGAATGGAGGTCACTGCATCCACCGTGAATGTAATGTCAGCCACGAGTATACCGGGATAGCACTTGAAGGTGTAGTGTGTTGGAGGTCGTCCCGCGCGACAAGTGCGCGAAACCATCACACCAGGTCACAAACCTAGCATTGCATCATTCTGACATCTGAGAACGGCACATGGTCAGTGGCGTTTCGACCAGGATACACAGGTCTTCAGAGACAACTAGAACACTAAGGATTAGTAGGATCGACACCAAGGGTGTCAATGTTGTTGTTGAGTTTAGTAGGAATATTTAAGACATGTCGCTAGAAGGCCTCGTATATCAATCTCTAGCAAGGGGAGGTTGACATCTGGTGGTAGGAGGCAGTAACGGCCTTGTCAGCCAAGTGGCGAGTCCATACTGTCAGGTCTTTTTAGCCCAACCGCTTACGTAAATCGTCCCAGCGAAAGCTTCACGGCGGTAAAACGTTTGCATTGGTCTGTATCACCGTTCTCAGACTTATTCGAGCTAATTTGGCGCCTCATATTTCATCGGCTACTCAAGAACGTAATGTATTAGACGGCGATATTCGAGTCGTACGTAAGATTGTCGTGTCATTTTCCTAATCACATTATACTCCCTCGTACTATGGAGCGCGCCCCCAGCCTAATACCCCTGCATATTAGACGTTCCTATCGTCATTGTAACACCTTATATTCTCCCAGGGAGTGGCTAAGCATGTAATTCTCTCCGGAAAGGTCATCACTTCACCCACAAACTAAATGACCGAGGAAACTGCATTTTGAATCGCTCTATTCACGTGCCCATCAGCAGTTATGGCTGTTATTCCCTCTGCCAGGTCTCCCTGGTCATGTCCGCAGTTCCGTTGTCTGCCTATCTAAAGTAGTTTAATAACGACCGACAGCTCCCGCTAGGATGGGCGCCTGCTGTTAAAGTGTAGGTATCACACAATACCTATGACCATCAATGATTTAGTGGGGGTCCGCTCGTCCTCTTGTAGTCTCAGTGGGGTGGAGAGGCCCAGAATCCCTTGCATTTAATGAACACGCGAACAAGCTACGACGTTCGGAACGGATTTAATTGCCTCTGCACTCTAGAA,1403,48.54,Caenorhabditis elegans
SEQ_409495,TAAAGTCGTACATCTTAGGGCTGCCAGGTTCATTGCGTTGTGGCAAGACAAGGAAGGCAATTTCCCATGTCGATCGTGTGGCATGCCAATTCAGCTACGTGCACACTGTCGTGCGGTGCCAACGGGGACATATTTGGGGCCGTAGTGCACGACGTAGTACTTAGTTACCAAGCTAATAGCAAAACGTATATTCCGGTATAAATTGGGTCTGAATCTAACATGTTCTTCAATCCTGTTGATAAGTAATTCCACGAAGGTCCACATGCAGCATCTTCATTCAAGACTGTCCTACGGGTTCAGGTACTGCTCGACCTATTAACTATTTGCGTGTATCTTTGGATTAGAACCAACGTCCCTTATTGCTTGCATTTGCAGGCACCATAGCTTATGGAATTTAATTAGGTAGGGCTGGTGGCCCAAACAATTCCCTGAGACTTCGCCGGCTTACCGATTACAGCTTCATGTGTCTCATGATTGCTTGCAGCCTTGACACCCCACCGATTGGCGGCGGGAGCCATCCCTCTTATGAAACGTGCAACCGTCCAAACCACTTTCAAGCACAATAAGGGATAGCTTCAACGACTTCAACCTCCGCCTTTGTCGAGTTAACAATTGCGTTCGGCTCCCTTGGAGTTAGTGGTCAAAAGGCTCTTGAACGTATACCCGTTGACGCATGTTGAAGTTGGGACTTGCTGGAGACGGGCATTGTTGCCCGCGTGTAAGACGGGACCCTGATGGAACAAAAGTCATCATAGCTAAAGGAAGTCCCCATGCGGTTTTACCTCGTAGCCTTTAGATATCGGGCTCCCTCCCCGTTGTACAATGTGGC,829,48.49,Caenorhabditis elegans
SEQ_645391,AATATAGGAACTTAGTCCCGATATCTTACGATCACTCTATAAATACTTGCGATAATAGTCTAATTATTTATATAGCCTTTTGGCGCCCCAGCTGGTGAACCTCCGTGCTGACTCTCTTAGGTGATGCGAGTTAGTCGCACGCACGTGTGAGATCTGCTCGCGATTTTTGTCGAAGAAGTAAGGACCCCCCAGTACTAAGTCCCTGCTTTGCTCGGCCACACCCGTCCTCTAGGATTCGAAGGCCCCAGTCCCTCGCAACTCAACCGTTTTGATGGCCTTACTGCGGATATGTTCGTCTAATCACAGGGTGTTGGGGTGCAGCTGTACTCTAGGAATGCACAGTAGTAGGATAGGTCCGTCATCCAAGCCGAACTATGCGCACATTTATATCCCGCTCATGGCTCGGTGACCGACAATGGGGTAGTGAAAACATGCTCATTTTCGGCTGTTAGATCACTGCAATGGGTGACAGGACGGATACCCTTGTGCGTTTGAACAGTCAGAACGTATGACCTGCTTATTGAAGCCATTTACTAGGACAACGTGGGCGCGATGCTGGAGTCATGTCATGGGAAGGCCGGGATATAATTCGCGGATAAGTGGGCTAAGCGAGGGTTGTCACACAACAGATCAACGCTGGACTTCGTAGTGCCTAGTGCAGCGCCGAGAATTCCAGGAAGCCGGAGTCCGCACGTGCGTTAGCCGGGGCATACAAGTAACAATTCGAACGGACCCCAAGGTTAAGTCTCCCCCCTTTTACCTGGTCGGCCGAGCGTTGCTACGGTTAGCGGTGACGAAGCATCGATCCACGTGCTTCGTGGTCCGAGTCCTTATGCACTTAGGTTGTTACATGATGGAGCGATTGCTTCGCTCGGATGTGATTACTCCGTTTGCTTTTCATCATAACCTTAGACACGACAGGGCTATCACTCCGCCCTGACTCAAATTGAGGCCAACTTTCAGCACACCGGTAAGCAATGCACCAACGACGTTCCAAATCGTCAGGCATTTTTATTCGCCATGGCCAATGTTTGCTGGCATCGTGGTGCGACAACATCACTGCGGTCACTGTGCGAGGGCCTGTTTTTATCAGTCTCTGCTCCCCGGAAGACTGTGTTCGTCAAAGAGCAGGAGAGTGTCCCCCGCCGTGGTCTTAATCCCCAATGCGTCGTAT,1174,51.36,Escherichia coli
SEQ_966460,CCCTGTCAACTAGTGACGGATGAGCATGGCCCGAAAATTTAAACGTGAGTTCCGATACGTGTTCCTATAAAATACGCGAAGAGGAGGCCTCCCGTCTCTCCCTTATTCGGTGTTCACTTTCGGGAACGGGTTAATGTTCGTCATTGCCAGCATCTATTGCATGCTCGTGATAGGATATGCTGCAGTCCCTTGGATTCTAGGCAGCACGTATATACCATTGATAAGCCCTTGTTGGACCCCCGCCGGTTATGCTATGTGCTATT,263,48.67,Caenorhabditis elegans
SEQ_472902,TCTAGTGCGTAGCCTCTTACCCTCTCCTATAGGTCAGGCCCTTGAGCCAGCTTAGCAGTCAGCCAAATCAGCGGAACGGTAATATGTTTGATCGGCTATATTTATCCCTCCTGAATTGAATCTTAACGGTCCCGCCATTGCCTACAGCGGTTTTCTGGCCCTTCACGGTCGATAAGGGGCTGCATGCTCCCTACCTAGCGCGACCGAGTTGATAGAGACTTCCTGATGATTTCAAATTCCTGAAGAGGCACCATTACTTGCCCGTCGTCTGTCGCTTATAGCATTTCATCCCGCCACGAGGAACCAACCTGGAGTCCGGGGAGCTGAACGAGCCTGAGTGTCCTATTGACACAGCGTCCCTACCATACGAATGGAATTAATCTATGTGGGAGAATCTTGCAGAGCGTTAATAAAAGGCCCAACGTAAAACGTCGTAGGACATGTGTTAAGTCTGTTGACCTCAGCCTAACCCTCTACCAATCTAATGAAGAAGCATTGAAGTCTGATGCATCTTTTCTCG,520,49.04,Mus musculus
SEQ_316305,AGAAGTTCTGTCGGGGAAAACACGCCGCCCTAGTAGACGAATTTGGCGAGTAGAGTAATTAGGCCAATAGGTCGCCGGAGTGCACGGTAGTTGCGCCCCTGCCTGGTGGCCATTGCCCGTCCCGGCCAACCGATGTTCGATGTTAGGCTATTACTGAAGTTCCTTAGCTGACGCTTGCGCAGTTTGATGCATTGCTCCTTAATATTGTCGGTTGAATGCACTATAGCCGACCAAAGCACGGTTCAGTTCTGTTGCCCGGGCTTCCAAGGCACGAAGTGAAAACTGCAATTAATGGCCAGATACCTTGCACACGCTAGCAACGACACTGATATACTTTGTATTTACAACGGGCGAGCCGGCTGGAGGTCGTGTAATTGCGCGGCCAAACTGGCTTAGTCTCTAGCCTGTGGATGTTCACATAGTGGGTAGCTTTCCATCCAATGAAACTGTCAAATAACGACGGCTATAGTTATGGTAATGGCGTCCATCTAAGAGTATAGTCTCAGCTTGGTTAGCTACGATAACTGCTCGATATGTGATTCGGCCATCTGGCTTAGTAGAGCATCTCTGCTATTTAGGCACATGCTTGTAGGCAGCTGCAACTAGGGCCGTGGGTAGATGCAAGGTTTGGCAGGCGCGCCGGACTAGAGAAGTGTGCTTAGATCATATCGGTAAGTTGCGTGCATCTGCGTATAGCCGAAGGCCTGGGAAATCGTAAACCATTCG,726,50.41,Mus musculus
SEQ_941293,ATGGCCTGGCGGTGTGGACGTCTGTCATAGTTTGTCATAGCTTCACCCCATACTAACACTCGCTCATCTCAACTACCGCGACACTAGTTTGCCCAACCCAAAAGACTCTTGGTGCTCGTGAATGGGCGTAACGCGACCTATCTGTAACCGTTTTAGCTCACTGCCTGCCCGATTGTGCAAATATATTTCGTTGTAAGCCTCTCTTCTTTAAATTAACTGTTTGGTCTTAGTGGAAATATAAAGCGAAGATGTACTGGCAGTTGAGTAGGGACTACCCCTGACTTTGCAGATGAGAAATAGCGGAACAGCGTCAATTGTGTTGTTTGTTTGGTTCGACCTGGGGTGAACAAGGTAGTAACGGCCGGACATCTCGGCTGCGGCGGCGTGGCCTTACTAAACGCGGCGCTACTGCCGGGGACGGGAGGGACGGTTTCGTATTGGCGCGCACGGTATATAGGTGAGGGGATGCAATGTTGTCAGATCGAAAGAAACGCGACCACTTTCTTCGAAGCCCTGAGTGATCTGGTGCCTCTCGATCAACAGCGTCCAGGACAACTCGCATCCGGTACGCGAAAAGGGCGGAGCATTGAGCCAAGCAGTGACAAGCAGCAACGGTCACATGGTGCAATGAGAGCAAAGCTTCTAGAGCAAAGTGGACAGTAACCTTAAAGATGGCGACGGCATCAGACTGTCGCCGTAGTACATTAGGGTGGCGTTCGGATCGCTTATTGGTCTAATAGTTGCGATCAACTCGCTAGTAAACTCAAATGTCGTGGACCGATCACATCCAGGTGTAGCTGAGTTGCATTAGTCCTATTTCTTGGAGTAGAATACGGAGAAATTATCGATACAACTAATTGACAAGGGCGGGCGTCAACGTACGTATGGACTCGCCTACCCATGGCACTGCCCCTTTTAGGAGGCAAGATTTTGCACAGCTAGCGGATTCGGATTAAAAGACACTGTAACAATCCCTCACTGTCGGTTTACACTCTCAGCTATTCTAATGGTGGTGACTGCCCACTCGTTACCGACCGTAGGCAAGTGAGACTATTGTATACGAATAAGTTAATTGACCAGGTAGCGGAAGTTTGCGATGACCATCGAATTCCTGCCCTAGTTAACTAGTCGATTAGATCGTTATCCCGTGAGCACCTATATTAGCTCTGTACGTCCGCCTCCGGTCCGTTGTAAAGTATGTGTCTTCTGCTGGTCAGGACTCCCTGTCGTCGTCCGAGCCTTCCTGACGACGGGCCCCGCCTGAGGGATGCCCGACGATGAACCAGAATGACCGGGACTCCTACACGTTTACCCATAGAGGACATCATTGAGGATAGGTCCCATGGGATTTGCTTCATATCGTATGATCTGGTACGCAGGCC,1382,50.29,Homo sapiens
SEQ_947185,GTTCGGTGCAGTAGCGAAAAAATGGAATCATTATCTATACGAATGAACCTAATCAGTTGTAAGTTGCCTAATGAGAAGAGGGATACGAGAGGATCCCAGTATGACTGGGACATTCATCACTATGCTGGGTTCTTGCGGAAAGGTTGGATATAAGTGTGAATTACATAGAACTCCTCCGTCTGTCTGACCCCTGGAAACTAACTCACAGAATTCGTTTATGGGTCCCGTTTGACGACAAACCTCTTCGCGGGACCCTCCCTGCGAATTCGACTCGCGCGCTAGGCCGTGTTTTCCATAAACCGCTTTTTCTATCGCTTCTGAATCACGAACGGCACGGCGCTTGTCAATGATCTCTGTATGAGTGCGCCAGTGTAGGACCCTCCCTTGGGTTTAAACCTGCGCGTCATAATTGTTACGAACTTTCAAGTTCTCAAGGAGAGCTGTCCCCTACATGAATGTGCGGACGAGCAAATGCGCTCAGTCCAAACTCCAAATCCCATCCCGTGATTCATCTACTGGGTCACGCGGTAGATGGCGCAGGATTCAATTGTTAGATACCTGACTAGCACCGAGTCCCAGAGCATTGAAGTTCACCTATTTTAGATCCATGGACAAGGCCTAAATCGGCCGGCCGTCTTCGAGTATCCCCGATGGACAACTTACCCGTATCGTCTTTAAGGCGTTTCGGTTGCTTCACCACCGTAGATTTACGAGGCGCCACACCCGGCGCCGCTGGCCAATTGGAGGACACGCCTATATCATGGTTAAGAGGTTCTACGGGTGCGGGTAATTTCTGATCTCGAGAGCTTGACTCTTATAAGTGTCAGCAACAGAGGTGTAGCAATGGCCGCCAGATCTCTATGTTGTCCAGGTAATATAGGCTTAACCACCCACTGCCAGGGGTCAAATTGGTGTCGAAGGCTTCGCAACCTTGTGCGGACGTGTTCCCTTCAGGTGTGCGCTAGACAAAATACTTTATGAGTGATCATCGTTTGGCTGAATGGCCATCTCGATGCGGACGCACCATTCCTCGGAGGTTATTTCGACTTCTGCACACAAGCCGCGTCTGCTTGAGGTGTGTAAACCCACGTCGCGAGTGCTTACGTAGCATCAGTATTCCATCCTATATGAAGCACCTATACGGCTATCCGAACGACAGATACAGATTGGCT,1172,49.66,Homo sapiens
SEQ_648806,GCCGCTAATACAGCGGCGCTTGTGAGGAAGGGTGGACAATCGTTCAGGAATACCTAGTGCTAAGCACCTCCGTGTAGTGTTCACGGCAGTAAGATTCGTTTCCTCGTTGAATGGGCCCAACGATAGACGAAGGGACGACGGTTTACCCGTCATTTCCCGAGGCACAATTTATGAATATTCAGTAAATGAAACTGCTAGAGTGCTATTATGGCAGCATTAGTGGATTCTGGGCACCTTCCGAGTCCCCGAAAAGCTAAACACTAACCTTGGTTATCTCTCAAGTCTAACTACGCATCATGAGTATCCGGTAGTGCGCGAGCAATACTCCACCTACAATTCTATAACGTTCTGCATGCAGGGATTAGACGGTCACCATATAAGTGAAGGCGTCGTATATTCCATTCAAAGTTTTGTACGGAGTGAAACAATGAGGGACCGTGACAGATATCTCCTCAAAAACCTATCCATGAGATTATTTTTTGCCCCCGGGTTCCGATAGGCTTACCAAGGAACACGCCGAGAGATAGCCGCTTGGTTTCGAGGAAATAGCTTCTCCCCGGGGATAGACTGGTAATCACGATCACTCCCCGCTCGAGGCCGGTTACGTGTGATAGGCCGCTAAGCACTTGTCTAGGTTTGATAGGAACAGACAGGACCGAACTCGTCTGGTGCACACCCGGTTGTCACGTTTGGGAGTTCCGTTCCTTCGTCATCCATTTCGTCGCGAAAAACAAACCCTCGCTAGTTCCCCCTCGCAATCGAGAATTAGCAAACATAACGCCTGTTCATAGATATTACCTTAGGATCAATTAATAAGAGTACAATCATCGGCAATTAGAACAGCCGACGCTGAATTCCGTATTAGTAAGTCTGGCCCAACCATGAAGTCGCAACTGTATTCAGGAAACGGCGAGTCGTGTGAACGCAGTTTTAACGCTATGGACAGGGGTACTAACACAACTTAATACAGAAACGGCTAGTACCGTCTCGTCGTTCGAAACGTCGAACCACGTCGCACACCGCTAAACTATAGACATTGTCAGGAGCTGTAGACTCGTCAGAGCTTTAGCATTCAAACTTATACCGTGGAGCCCCGCCATGTAGATGTAAAGCGTTTCTCCACCCTAGGGGCACGAGCCTCAGGCTGAACCCCCGTTGGCGTCTGAACCTCACCGCGCAACATTTGATTCATCATTCGTGACCTGCCTAAGTGCCGTACCTCAAGTGTCCACACGAGACTGAGAGCGAACTGGGATAGTTCTCGAAGTTAAACATACTAGGGCCAGTCCTCAACAAATTGGCTCGTACAAAAGCTTTACTGAATAACATCTGTAACGCGAGACCACTCGACCTACTGGATGCGCTGAGGTTTTCCATATGCCGAGTTAACACCATTGATTAAGGCAGATCGAGCCTCAAAGGTGGCGCATTTGCTGGTGGGACAGCTTTGGCTAATGTCCTACTTACTAGCCTACCCCAGTATTATTCTACCGATTCCCGTGATCCTGTCTTGGTAATTTCCGTCCTTGCTCAACCACGTACGCTCACTTACAGGGCGGCATATCCATTTCGCCGACCCGGATAGCAGGGACTTAATCGACCGTGGATAGACACTGAGCGGAAGAATCCGTAGAATATGTGTACCACGTGTATAGGATACTATTGCGTCGCGCATATCTGTTATGATCTTTATCCCACCCAGGCCTTCGATATCGCTCATATCCCGTACCTAATCAGGCCTGAACGTACTC,1751,48.66,Caenorhabditis elegans
SEQ_622496,AATCCCCAACTAAGAGACAACCGGCCCTAAATGCCAGGTTGGAAGCGACAACTCTGGTTATCTAGCCACACGTAAACTTGCGTAACATGTCTGCGGAAACAACCTAGGTGGAAAAACTCCGTGGCGGAGGGGGATCACGCAGACCGGCCGCACGTGGACAACACAACCGATGCGAACCTTTAGCCTATTTGCTTCACCCATACGGATATGTTTCCAAGTTCAACAACTCCCCGTGCACGTCTGTATCGAACCTAGTTCATAGGGCCTCATTCATCGATAGCTTATCGGTGAGCTGTGAATGACGACTCCCTTGTAAAACGCTTCAAGAGCGGGCATTTAGCGAGCCAATAGTCCTCCCGTGGCTCTACTAGTTCCAGTGAACCAACCGAAGCTGGACGGTGCTCATATACGCCAGATCAGTAGAACCACTAATGTGGATTGATGAACACTCCCAGGACGAAAGTCATCGTACGGACTACTAGCAAAGCACAGCTTACCACCACATGATAGAATGCACCTCCCGAGTAACGCTCTCCCGGGATTTCTCCCCGGCGTGCCAAATCAATCGCATTGCGGCAAGCGCTCGGCTTTAGGTGGACGACTTCAGCGCGTACGGAGAGCCATGAGACATTAGCCGACTCGCTTATAATATCACCAACACTAGGGTCACCCTAAACACATAGTTTAATAGGTAGTTAGGGTTTACTTACTTCCGAGTCCCTTACGCACCGCGTCTAGACCCAGACACGAGGATCTTATCATTCGATTGACCTTTACTGGAGTGTAGCAGACCGCTGAAAAGTGTTAGGAACCGGATGTCGGAGATGACTTAGTCGTCACGAGTTTAGGTCATTCACGCAGGCCCTTAGTACGAATATTACGCGTCCAACATGGTTACGTTAGTGGAGCTTTCTCTTTCTCAATTGAATAATGAATATCGCGACAACATATACTAACGGACGCCCGTGATTTGTTTCGCAGCCGGACGAGAATACGGGCTTCAATTGCCCACTGGGTTGTACAACTCATGCGTTCCATGTCGGTGCGTGACGGACCTGGCCGATCAAGAGTGTGCAGGCTAAGTTGGCCCAAGTCGTTTTTGCTAGGCCCGCAGTGCTGTCGACCAAATACGGGAGACGCAGTTATCCACTCTCCCTAAGTGTACCAGCTAAACTGGTGGGGGCGACTGCATGCTAATTGTACCGAAATGCTAATGGACGTTACTCTAAGGGTCTGACTAACAAACAAGATTTGTGATCCTCTACGTGACACTGCACCGATCCTAGTCATAACGGTCATGTGAATAAGATTTTTCTCGGGTCTCTTCTCAACAAACTCGGTTCCACACTTTTAACTGACGAACCGGTGTCAATGCAACTGATCAATTAACACCCTTGAGACCGAGTCGCTCGTCTAAGTGCCCTCCCTGACGTGACAATTACAGCGTACCTACCTAAACAATAACACACTCCTACCGGTATTACAACCCCGCGTGCGGATAAGTACACTGGCCTGTAAGTACCGAAATTTCCGTCCTAACCACGCTATTCTTAAATATATCGTCTTGCATCTACCTCTGCAGCACGGGGACTGTCTCCTCTAAAGAACATTTCCTCCTTGGGGTGAACGTCTACCATAAACCCCTAAACCAAGTAAAGTCCCCATACCAGCTCTAGAGTAGGTTATATTAGCACGCCTGCAGTTAATACCGCCGGTTGAGCTTGGGATGACCTATGAGAGACTCGCCATAAGCGCTGTATTAATTTTGCCCGGAGATCATTTTAATTTCTAAGGTGAAGTATGTAAAGAGATGACCTCCGTTTGGGTTTTAATCGTTAGGTTCACTACCTCTGTACTGTTCACACGGGGCTACCGCTCGTGTAGAATAAAGACGTCCCACATTCCTCCCGAGAAGGCTGATCGCTGGCGTGGTTATT,1937,48.89,Mus musculus
SEQ_268254,GGTCTAGAGCCACCCGAGTGTCATAAGACGACAGCACTACCCTGCCTGGGGCTGAAACTACTATGTAATGATCTCCGGAATTTACTGTGAGGCCTCGGCGGGAGTCATTGAGAATTTGAAGCTAAACAGAGCAATTTTAGGCCGAATACAGCCCTAGGGATTTCCCAGCTGCGTATGCATGCGATATATCCTGTGTCGCCACGCTACCAATCGTTCAGAATGTAAGTGTGTTGCTTATCATGAGTCAAGATTCGCCGACGGTGAAGAGGGGGTCGAATAGAGGTTCCACATTGAAAGGGCAACCATGAAGTTACACTATGTGCTCGACCCGTTTATAAGGTCCGCAGGGCGTATTACAGGGGTCTTGAGGGGGGGAATCACGGAGCCCGTCTCAAGAATTACCGCACTACGGGACACCATGGCACAACATCAGCAGCCCACACAGTACGTACGCAAGCCCACCTTGCCTAGTCCCAACAAAGAGCAAATGCACTCTCGTCTCATCAACAACACAATGGAATCTTAATTTTGTCAGTGAAGGGTTTTAGAATTGGCTCGAGGTTACAATTAACCAGCAAATATACGTTGTGGTCTAAATATGGGGTTTTGACCACAGCTCTGCTCCAGGACACAAACATATCTAGAATGAACATG,654,48.32,Drosophila melanogaster
SEQ_649672,GATGATCGTACGTCCGCGTGGATTCCCCTCCGGCCCCGGCAGGTTTGCACTAAAGCTGTCTCCTAATACTTGTTATATTCCAGACCCCAAGGCAATCAGTAAAAAGCGTGGGCCAATTGTCTCGAAATCAGGGTCAGGGTGACCTTCCATGCAACGGAGCAAGCATGGCATGATACAAGGAAATCTACGAATATG,195,50.26,Arabidopsis thaliana
SEQ_751691,TATTCACATAGAGCTCCAAAGATTACCGGGCAACTCCGGTGTCATAATTTACGACGCTTTTAAGACGGTCGACCCAAACACCCGTATCCCGATAATATAGGAAGAGGCCGGTAAGGACAGTGCTAGGGGCCCGTCGTATGGCAGCCTCTACCTTTCCAGGTAAGTCGTGCTAATCACCCGGCGCTGAGTGCGCACACGACCATAATACAAGTGGACAGTGCCCCGGGCTAGTCTAATGAGCCGAGATTGCCCATAAAGTACGTATCAGACCCAAACGACCGCCCGTCAGCCAGCCATCTAAGGACGGGCACATCCCCAAGCTTCTTTGCACCTTCTTCGATGTGCATGCGTGAAAAGTCTCCAGGAAGGCCGCGGCAAGCACTGTTACGTATTACACGGGAACAGTCTCCCATAAAATGTCACAGGAGCACTATTACACGTTATTTCTTGCAAGGCGAGTATTACAAGGGCGGACCGTAGTCCACGGGGCTGAAATTACAGTCGTCTATACGGGCGGGCCCACACCGAAGGTGTTTCCGTAATGATGGCACGTATGTTGCAGTAAGACCGGTCTGCGCCTCGCTCGGAGCATACAGATAAAGATGCCATAGACCGCTTCCACCCGCAGCATCCTCTTACAATGGCGCTAAGTCTAAGCAGGCGGAAGAACGCATTTGTAGAACCAGGGTGATGCGTCAAGGATTTTTTAGCACTTCGCACGCCGTGCTATAAAGAGCGTCGATAGATTAACTCGGGCGGAACCGATCGTCCCCGTGGATGTGCTCGGGATCGATGGCCGCGTCATGTGCTCTTATTACAAACGTGTCGGTGAACCACTGGGCGACATTTGGAACCGGGTTCCACACTTGACGGTCCACCAGTTACGCACTATCAGACTCATCGCATAACGCTCAGTGTAAGCTGTATATGATCTTATGTTACCCAACTGAGGATAGTACTTTGCCTCATCTTTCATCGTTGACACCAGACTCTCTGCTGCTTCGGGCATTACGGCGGGTGTAACAGTCCACAGCAGCATCCCTATAACTACATCTAAAACCTCCATGCCATCCGGGTACGGCAACAGGGGCGAGAATGGAGCCTCTCCGAGGCCGGACGGTGCATGATAGAGATGGGGCGTGATAGGATAACAGTAGCCGGCTGATAGTCATGGAGAAAGCATGCCATCTGTGGTGTATTTTACAGACCAGAAGAGCTGGTCTGGGTTGTGGAAACCCACTCTTCTTTAGCTTCTAGCGATATGTGTCCGTTGGCACGCTTGATTTTGTTGCTGGACCCCAAGGCAATCAACTCGTGTACCTAACCAGCTCAGTTCCGCGGTGACTCAAGATCCAGCCAACAGATCTATTTTTATAATCGGACCATATGCGTGGAACGGACAGTGTAAAGATATCTGCTATATGAACCCGATGCCGCAAAGCAATCTTGAGGCGCAGAGCATCGTGGCGATATGCATCCCCCTTATCCTAGCCCCTATCATCCTTGGGGTGCAGGCTGCAATTGTTAAGGAGCTACATTCGATCGTTATGTTTTACGCTTGTTTGACAAAGCGGACGTTCAAGATTCAAGTAGGTTAACAGCGGTCACGCGGACCAGGTTGCGCTACGTACGTGATTTAACGCGGAACAGATAGGCATGCACTACCGTCCCGTGGCGGTCGTTAGCCAGAATAGGATGGTTCGAGCTCGAGGTCATTCAAGTGGGAAACAGGTAATCGCAATTAGCCTTGTCAGACCGC,1759,51.51,Mus musculus
SEQ_286031,TAATCCGGACAAGAAGGGTACCAGCAAAAATTGGTCAGTTAACAGCTCTCTCCCGCCACCAGAGCGAAGTGCAAAAGGCGTCTGAAAAGTTGACCCTACAGCTGTCATTTGACCTCGCTCCGGACCGCCTTCCGTGAGTCCACTGACCCGACAGTCAGCGTAACGAGATTGATGACCGTTAGAAGCCCCTGGTGAGTCGATCGTCGTTGGCGGTCGGTAAAACATCCGTTATTTCACAAGTGGTAGGAACCCGACTCGATAACAGATCTGATTGGTTTCCGCACTGGGTGTCGAGCCGTAGGCGAGCCTATGTATTCCTTATTATGCGAACACGAGTCGCTGGAGTCAGCTTCACGCAGGGTGTACGGCGATCAACGCCCAGGCCAACGTACAATGCGGAAGCATTGACCAGTTGATTGTTTCAAGAGTAAGGCCAATTGATCAACTTTAGACACAGCAAATAGGCAACCTCTTCAAATCTTTTTACGTCGTGCGGGACGGGGAAACTTAAGGCAAATTTATTTGTCACGTAATAGTCTCAGAGGCGAGAGTTTGGAAAGCTGTCCTTGTCATTCCAACAGCCACGCGACGGTGCTAAACGTCGCCGTTAATTGCCGGTACGACACTTGGGAGGTTTACGCGCGTCAATGGACCCTCCAAGTCGAGTTAGCGGCTGTAATTTCAGTAGGTGCAATGCGCCTGCAGATACACAGCTCAACTTGCCAGTCGCGGATGCATTCTATGCTCAGTAATAGAGCCTTCTCCCACCTTATGGTGGATAGGAAGCCCCGGTAAAGGATTTAATCGGTAATTCGATGGTGGGGGAGATTAAGCCGAGCCGGGGGCGATCTTTATCCGGTTAAGAAGCTCCATGTTCAGATTGTGGGCGTATCACCCGTGTTTAGAGCTACTGGGCGTTAAAATGTTAGAGATTCTTGCGTTGTATTTCCTTGCCCAAGTATGAACCTGTATAGTGGGGCTACGTCATAGCGAGTATATCTCGTCGTTTTCTCAGCGCGATTTCGTGTAACCTGTGAGGAATAATCAACATTCGGGACAACGTGCTAACACGGGAAACGAGGTAAGCGCCTGTAT,1095,49.95,Escherichia coli
SEQ_925903,TGTCTCGGGGAACTTTATCGAGACCTTGAAACTGCCCATTCAGACACAGTCACCCCCGAAGCTCTTCCACGGAATGCAGCTTATCTCGACGCAGAACGATCAGCTGACGATTTAATAGCCCTCTCCCTCGCGAAGCGTAGTAACGCTCATGAAAGATCAATGCCAGCCGAGTTCTAATTAGCTCAGCGTCAGTCTTAAGAGAAATACACGACCTGATGAATCGAACAGTCGTGGTTCTTCGTTGAGCGTCCGAGTAATGCCTGATTATCTAGTGATACCTCTTTTTTCATCGCCTTTAACTCCCAGCATTTACCTTTAGATGGGAGCTGGCATACCGTCTGGCCTAATACTTTACAGTATGATCTGCGCTACAGGTGGGCCTAACCGCATCCCGACCGACACACAGGTACATCATCCATCGTTGTTGATTCCTGCGTTATCTGGCTGGCATACTCATGGCCCGAGTCGGATTCGACCCTAAGGTTGGCGAATAGGGGGGGGCAAGACCCCCAATCCCTTTCGGGTCGGGTGAGGCGCGAGCGAGTAAGCCAACCGGAAATAGCAACGTACCCATAACATATTACCTTGAAAAAATAGACTCATCCCCGTACTTTTTCAGAACGCTGGGGATTTATGCGCTTCGGCGCTGGCCTCGGAAACTACCTAACGACCCTCAGGAACAATGTGGTCCATATGGAACTTTCACATGTGCTGTTTCACAGATACTACGCACCGTCACCCACAATGTCCGTCTTGTCCTTAGTTGCGGCTCTTATATGTGTTACCGCTGTAGCGGCTTTAAACTTACGCTATTCATGCGACGGGTTCCATCTAAAGAGTTATTTTCCTATATTCCGACATATCACTCTGGGACTTAGGATACGAAGTTAGCCTCGCGCCTCAGTATCCTTGGACGACATCCCGGTGCCTCCCAAAATAACTGTCTTTCTGAGAACGGCACGCAGATAAGGGCTGCCGCGTAATGCGCTGGTCCTCAATTTCGAACGGTCCACTAAATAGTCGCTCATTAAACTCTCACGGCCTTTTTAATTTACATAGGAGGATGATGGGTTATTTAAGGTCTTGGGACTCCTTCTCTCTTTCTACGGTGAACGACTTACCAGACATCCGCGGCCCTAGAATTTAACAAACACCACGCGGCGCTCCATCCCCCCTCAGTATTAATAGTCTAGTATACCCCCTTTGCCATTGGCTGCTGAAATGGGAGTCTGTCCATGAGCATATTATCTACGGTCATAAACCGCGCCACCCCTCACGGTATTCCAGGCCGGAGCCCCATTGGTATACTCGGTAGGACAGCCCTTATTGCATGGAAAGATATGAATATAGTAAAGCTAGGATTGAGACCACTACGGACCTCTATATGAACGGATCGGAACATCCTCGAATTCTGGTTCAAGGCGTAGATATTTCCCAT,1438,48.96,Homo sapiens
SEQ_999899,GAAAGTGTATGTTTCAGCACTCCACCCCCATATATAGGAAGGACGGGGCCGCATGTGTTAGGTGAGACTGATAAGCTATTAGGAGATCTTATCGGGCCCCCAAATTAAAATATGAAGCAATCTACAGGACCCTGGACGAAGAATGTCCGTAGAAAGGAAGATAAACGCAGATACCACCACCGTGCGCACCTCGATAGCGAGCAGGTTTGTTGGAGGAAGTTCCAATCAGATGGCCGTGGGATTCGATAGTAGCGCGAAAAAGTGCAGATTGGCTAAAAATTTAATAGGCAAAATTACTGCTTTACTTGCAAGAATGTCGGGGCTGCGAAAACCGGACATAATCGACAGTCTGGTGTGGACTCCTATGTCGTGTCATTCTCCCAACGGGCGAACAGGTCGACAGGATGTTAGTTCGCCTGGGTACGTCGGCCTGAGATGGCTAATTGTTCGCATAGTAACCGCTGAGCTACGCGGCAACGCTGTCGCTCCCCTGCATATTCGACGGGGGTGCAGGCTTTTAAGAGCTATCATGGAGTTAACCGGCCCATTCAATCTAAGCCTTTGAATCCTGGGGTTCAGGAGACGGTTTCCTAGATACTCCTCCGGCGGCAACTAGGCTAGCGGACTCAGTTCAGCGCATCGGTAATTTTTACCGCGTGCAAACAAAGGGTGGTAACAGTTCAAACAGAAATTCTGTAGCTGGAGTACTACAGAACAACAGCGAACAGTACACAGTAAAGCCACAGACCACGACCTTCGTGCGCAGACACGACGCAGACGTTACCGTTCCACTCACCTCCCGTGAGGTGGGTTCTCTCCCAGAGTCATGAGACTTTCTATAAAGCAAGCATATATGACAGCGTCCACGTAGGGAACTGTATTTTACGTATCCATCAGAACAGCCCACGATCGGCTGAATGTGCTCACAGTCACCAGGAGAACCAATCCCCGCTACTTGAGAAGGCCGTGGTACAATGCTGTTGGGTGCCAAGTCTGACCGCCGGTTAGATAGGGTAACAAAAGTCGCTGTTACTAAACTTGACTATCTACGGCATCCTTTTCCACCACTAGAATTTCAACTCGGCTAAGCTTCTGATGAGGATGGATAACACAGTATTGAATGTCGTGGCACGGGAATCGCTTTTATATTAATAGCAATTGATAGTACTTCCATTCAAAAATGGACCCTTCGCACGGAAATGAATATTCGCCGATGGAGATGAAGCCTTGCTTC,1234,48.7,Escherichia coli
SEQ_723408,CCTGTGGTCAACGGCCGGGCTCACCCATCGGAGCGATGACACCTCTAGACCTGTAGGCGTACCTGGTAGGTAGGATCAACGCTAGAACACGAGTGTGTCTCAACATCCAGCACTAACACAGCCGGAACTTCCACTCGTAGTACCAAGAACAAACGAGCCGAAATTCTTCGAAAATCATTAGTGGTACGTCGGGACTCGTTGTGTAGCTGTTTCTGGCTTAGAGGACGCGGTTCGCCAAGGCCGTTAAGATATGAAGATGGTAAAACTTGGACAACTTTTGAACAAGTGAACAGTTGATTCGTGCTCTTCGACAGAGAAATTTCCGACACTATGACGGGCCCATACCTCACCTGTAGATCTTAGCTGTAATGCTGTAGCTATTTAGACCCCAGACTAGATTAACTGTCTTTCGTTAGTCTCGTAAAGCGAAGACTGTTCGAGCAGAGAGATTCCTGTTGATCTTCGCGCTAAATTAAATAGATGCTGCATCTTACTATCTCGGGTCTTTTTTCTGCAGACTTGCATTCCCGTTACTGCGGAAGGAGAGTGTCTGGGCTCATATTACCAACAGAGAAGTGATAATCGGTCTGCTTAATGGAGTGTCCGACCAACATTATAGATGCTTCCTTAGAGGGCCCAAAGCAGGGCCACTTCAGCATAGCAACTTGTCAGGGCATATTTATGCTGTCTGGGCTTACTTCGTGCCCGCCTACTATGGCCCGAGACAAGCAGCGCACATTACATCCTCTAGTCGGATGAACGAGTCTCGTAGACAGACAACGGATCTTAATTTCTTTGAAGGACAAATTCTATCCCCGCAGACGTTCACCTAGATCTTAGACATGATTTATGATGCCTTCTACTGGAGCGCCGGAGGCTGTCGGTCCCTCTAGTGTATACCGCTGGCGTTGGTATGTGACACTAAAGAACGGCTTGGCGTATAAAGCAGGTTCTGTCGAACTGTGATCGGCTCCACGTCCACATGTCGGTCTTAAGTGTCTTTACTC,1007,48.16,Homo sapiens
SEQ_135766,TGGCTAGACGACACATAGGGAGCTCTCTGTGATGCGGGGCCGCGGGTATCCAGCGAGTGCCGGCCAGGTCTTGGAAGGGCCCAGGACGCGACGATGGTTACATTATAGCGTACCGGCTGCGTGGGCGTGGAGTCAACTCATATGTGAAAATGTCGGTCAGGGTCAGGTCAACGAGGGAAAGTTTGCAGGTTCTTTTCGTGATTTTGAGGGTGCGTGATGATCGTCAACGGTGTCCCACAATGGTCAGTGCCCATTTAGGTCGCCACCCGCCTGAAACTAAACCTTGGCCTATTCCCGCGATGAGGTGTTGGCCAATACGTAGTCTCTTGGATTAAGTTGCGCGACGCCGAGTCTATTAATGGCTAGCTTAACTGTTGCTGTCGTGTCTTCATGCCGATGACACATTTGTGTTGAGTACTGCAGATTGAATGAGCGCTGATGGTTCTAAAGCTGACAGCCCGTGTAATTTAGGCCGATATCCCCATTCCAGCGTCCTAAAGAATTGCATGAAGGTTGCGGCTTGGATAACATATGACCACCTGCGGCCCGACCCCGGGTAACGGCAACGCGCCCGGCAGTTGCGGATTGTCTTGACCTCAGTAGTGGGCACGTCTATATTTAACACTGAATAGTCTCGTTACGTGCGTGTAATTAGATTATCGTTAACGAGAGCTCGAAATGTGCACTTTGGACCCTATTGCGTAGTGCGGTTATGAACAGCGAGCGTAGACCCTTTTTGTGCAATTTGCGGAAGCAGATTTCCGTCGGCTCCCTGATTTGTCAATCAGTATAAACGGCATCAGCCTAAAAGTAAACTGATGGTCAATCACCTTGCAAATCGTCATGGATTCACTGATCTGCCTTCAGCAAATCATTGGTTCGGATGCCCAGATTATGGAACCAGGTGTTAGTTGCATCTGGGGTCGGACAAACACGCAGCGACCAGATGACCAAGACCGAGGGCATAAAGGAAAGGCTG,979,50.97,Mus musculus
SEQ_255923,AGATGTCACCCGGCGGAGGGAAGACACTCAACCTGTAAGTTTCCATATCCTGGCAGAGCCTCCGGAGGGGAAATACAGGGGCGTATGCGCACAGGATGGATATGCCCTACTAACTTTCAGGGAGTTTGGCAGTTATAGAAGTCCCTTACGAGGTGTGACAACCGTACTCAACATCAACAGCAGGTTGTGAGTGTCTGACTTCTGATAGCTCTTAGGTAGTTCTAGCACTATTGGGCCCCTCCCATCGCCTACTTTTGAGTTGACAGTCTGGCTGCGGATTGTACCACAATCTTGGGGTTGTTAAACTGTTCTAGCTTAGCCATGCGCGGCAGACGTAGCTTCAGATTTCTCTAAATGGTCTGAGCCAACTTCCCTCCTGAGGTGTGCGTCCGCCCCGGGAGTCCGGACTCTCAATTGCAGACCTGAGTTTGAGGGTTTACCGGGCGTTGCCTTCGCCTTGAGTCGCGGTGGGGTATGAACTGGTGTCGCAAACTTAGACTGACGTCGCGTGCCTCACCCTTGGAGGGATAACCTCCAGCAGAGAACCCCGGTTTTGGACTGTAACTTATGCCTGCAAGTCCTATCCCCAAAGGACTGGGGGGGGCACGATCGCGCCGATTCGTGGCAGTGACTCGGGCCGCCCGCTGGGGGCAAGGCTCTCATTGATTACCTTCCCCGGGGTATAGCTGCCGGCCGGCCCAGGGTCCGCTGCGCCGCCGAATATTCGCTAGCGGATCTTGCAAATTGCCCTCCACCCGTTTTCACAGGATGCATGAAGGACAGCAAGTACAGCGGGTGAGCCCACGTATTGCCAAATTACCCCCTGACCTCTATCATCTTCAAGCTCACCACAGGGCACGCGCAATAGCTTAATGTTAGATTTAACTGTTAACTCCCTACGCTCTCCCCGCCTGTGTCGATGGATTACAACTAGGGCGACGCACCGCTGAGAACGAAGCATCATTTACTTGTATATCAACGCATTGTGGCTCGCGCCGCCACTGCATGGGAAGTGCCTCAGGACACCACAGTTAAGCAGGGTGAGCACAAGCGGCAAATCAAACAAGCTGGTGTCCTGAAGACCTCCGTACAATAGACGATGATGGGAGACATACTGAGTGTTAAGGCTACTAAATAGTCCTCGCTGCAATCTTAAGCTCTCTTGGACATGGCCCGTCATCACTCGCGATCCGCGGGGGTCGATTGAAATGCGAGCGCTTGGTTTACTCGTATTTTGCGACATCCATGTCTGGTTTGGACGCCCAGTACTGGAAGTAGGGTCAGCCCAGTGGTAAGTACCTAGCTGCTTGAACACGTTTTTCATTCAAACTTACCTGTACCCGTGCGCCGCTAGCCGATTTGTAATCCCGTTTCCCTTCAGATGGTTGACTATGGATCGCTCTCCTTTTTTAACGGACTTTTAGCTAGTCGTCTTTATACGGCAGGAACCGACAAATGGCAGACTATAAGAACAGCAAGCCTCACCCTCGATCCTGGCCCCGATTGCTGCAGTCTGTGGATCTGGGTGGCCTGGGAGAGTCGTGCGCTCTACCTGAGAATTATGGATTAAGCAAGTAGCTACCGTCGCGCGGAACTGCTATGACCCGAGTAAAGACGGCCTGCCACAGCAGCCTGTGGAACCAGGTCTAATGTCTGT,1657,53.47,Homo sapiens
SEQ_802226,GCCTGTATAATATTATATATATAGTATGACAGGGGTAGCCAGAGCATCCGTAATATCAAAC,61,36.07,Mus musculus
SEQ_640091,GTGAGGCGTTCTCTCTAGCCACACCGCACACCTGAGCATGTGGCGCGACTCATGTTATCACAACCGGCCGCTGGGGGATGACTGTCGTCGTGGTGGTCGGAACGGCGCGGGCTCAGGAGGCTGCTAAGTACGTGGCACGGGTCGAATTCGACACAACGAATATCCACAGCTGAGGACTAAACGGCGAACAGGTTGATTTATATCATCCCGAGCTCTTTAATTCGATTAATCGGGCCTGGTTGCATCTAGAGGGATAAGCTTGTCTGACTGAGTGCAACGCGTATAGAACCTGAGAGGCGTCTCGCACACTTAGCCTGACTCTAAAACCCGTAAACCATCCCGAGCTGTCTACACGATAACACTGTCTACACCAAATCGATACTGGCCCGGTTGATGTAATCACGTGGCCAGGGGAGACGCGTGTTGCTACGGTATTTCAAACGTCCCGATACCAGGGACATGACGGCGTGTAGTGTCCATATGTGTCGCTAGACGCAACGTACAGTCATGTACAATGCGAAGAACCCGTATTACTACTTAATACATAGCTCAAACCCGGGCGCCTGACACATTCCTAGAATCCGAACGCTTCAGAAACAAGGAGGATCGGTTTAAAGACTAGAGCGGTATATCATCAGATGTACGAGGTTGTTGCGCCATATCCAGGATGAAAGACTGTACTTCGCACTACGTTTCTCTATTGTAACACATAGAAAATTGCCGCGTTCAACCCGCAACCGGTGTATACCTTTTGTGGACTCAACTTGGTTATTGCTCACCTTTTTCTCTGTTGTGAGGTAGAACTGAGAAGGTTTAAAGCAGCGTCGCTACCTAGCGTTATATGAAAACGAGCATATCACCTTTGCGGATATTGATTTGGTCACGGGATTCTAAGGGTTATGTCGTTGCAGATGGAGAGCTCTAGGAAAGGTTACTTCCAGAGTGTTAGCAGGCGCCCCAGCAGGGCACCCATAGAAATCGCCGTCTGAGGTGCTGATAAGAACGTCAGTAGTCGCTCAAAAGGACGAGTGGTAGTGTTGCCACAGGCCGGTGGTTACCCGCCGAATAGTACACGAAGGTTTGAACGCTTTGAGAATACTAGTCTATTTGATGAGCGGGGAAATAAGGATTTAGCTCATATATTGTTTTGCTCTTGGCGCGGTGGCTTATCCAGTCGGGGGAGGTGACTGCGACATTTGTAAGCCTCACTAGTTGTTATGCCCATCAATTAAGACTCTGCTATGACTGTTTGTGGACTCGACTTATGGTCTGCATCGTTATGTAAGAGGAAGGAAGTAGGAGCAAAGCTCAACTAACCGGGACATGCGAAAGCTGCAATATTCCCCACGAAATAGTGGCTGGCGGCGCACCAGCTGATATACCCTACCTCTACGGATCTCGGCCAAATGCTCAGTGGCAATCCCAGTGGAAGCAACCCTCGAAGAACCGAATGGATTTTGTAATAGTTCTCAATGTCCAGGTCCTAGGGCATGATTGAGCTGAGACACGGGTTTAACTCCTCTGCTGGTGTTCAGAAAAATATTTGACCATATTAGGACACGGACAGACTATACTAAGACCCTTCAGAAGGGACCCATTTCAACAAGGCCACGTCTGTAAGATCAGATGAACAGCGCTGATGGACGACTTCAAATGATCTCCCGAACAGTCGTAG,1675,49.01,Mus musculus
SEQ_876382,TGTTCAACCACGGCTCCCAATGTAAGTAAGCGCACAGATCATCCATGGTAACCCACCGGTCCAGGAGATATTTATTGAGTCATCAGATGCTGTGCTCAGGACTTCCGCGTA,111,49.55,Arabidopsis thaliana
SEQ_871546,GAGCACCTCACGCCACCTGAACGATGGAACCGCCGCGCGTTAATCCGGCATACCTTTAAACCTTTATACATTATACAATAAATCTTCTTCCAGTAGCGCCTGCTTGACTGGTCGCAAATAACACACCTCTTTAGAATATTGACGCTTTCCGCGTAAGCAAGGCTCAGCGGCCTCCCACTCTACGTATTAAATACCAGCCAAGGAAATTACAAGGTGTTGGAAGCTATAGTATAGTTGCCTGACTACTCCTTACAGATGCCTAGAGATAATCTACCCAAGGGAAACGCATATTCGTCCTGGTGTGAGCACAAGCCCCTGGGATGATGGCGCGTTGTGATTTTGAAGCATTGACGAATTAGCGCCGCGACGATGCGGGACTCGCTAAACGGGCGGGCGTGTGGAGTAAATCTGAGCGCAATAATCTGTTCCGCGTTCGATAACGTCGGGAGCTAGCCCATTCCAACATTGGCTTTAGCTCCTACTGGTCCGTCTGCTTAGCGGATCTGGATTGTGGACCAGATCGCCGCGGTGGGTCTTGGTGATAGTTGCCTAGACATTCGGATAGGATACGAAGTCTTTATGATCCGGCTAGATCCCGCTATATTGTCTGTTCACGAATTTTGGATTTAGTATCTATTTTAAATGATGGACTCTCGGCAAGCCCGACACAATTACTTGTCTTACTTTCCACGTCACCGACCTGTGTGCCCTCTAATCCGACCGATTTCTCAACGGGGAATGGTTCTAGGTGAACACTTACCCCTCTACTTGTGGGGCATTCATTTCGTGCTGATTAAGATATACGTTGACTACGAGCTCATTTTTCCCTTCTGAGACTACTTCACTCGTTCTCCGGTGCGCCCCACTACTGGCTCCTGCGCGGTGTCTATAGTCACTGCTCGACAGACGCGTCCCCTAGTCGTTGGTAGCTCATTGCTGTCGAGCTGCCCTCATCGCACCCCCCGGATCCGGCCACCTCGTCATGTTCTTGCTGGAGCACCAGGCCGCGTATTTTAATTCACCTAATGATCGATATCCTGTCAAGCTCCGCACCCCTCCGCGTACGAAAGTGCACAAATCCTTGTATACGGCCTATTTATTCCTGCATGATCAGCGCTTATGTAATAAGTCAAACGTTACGCCCCTGCGCGCGAGGAGGATGAACGACGCATTATGCTTTTTACTGCATTTCATACGGGAGCCCATACAATTAAGTTGGAAGATTCTTGCTAGCCTAAGAGTGCGAATGGGTTGGCAAGTTGAATACATCGTAAGTCTTCATCCCTCCCCTCAGTCTCGCAGTGTACCTGATTACCTTAAGTCGGCCAGCGAGGGCCCTAGGGGTCAATAGCCAACAATAGTTAGTATCGTATAACGCAGCGTTATCTCTATATTGAATGGACGGATGCTGAACAAGGGCTAACGCTGTGTTCTCAGCGTGTAGCAAGGTATAGGACGGGGCGTGTCCCAGTAGCGTATGTGCCATGGTTTGATAGCTGCGGCTGCAAGGTCTTACTTGCCGCTAACCTGGAGTAGACTGTCGCTGCTTAACCCATCAGAAATAAAGGAGATGATGCGTCGTATACTTGGCCGCTATGTCAGTAGGACGACGGTTACGTTCGGAAACTATCAAGGCGAGACACTTGGTGCGTCCGTTATACCGACACTTGCGTCGTTGTTCGGAGGCCGGTGCGTGAAAAACTAAGCATCTGATGCGCGACTCTGGAGTAGTGGTTCCCCGTTGGCAAGAGTGACACTGTGTCGCTACTGGGGATATCGACTACCCCGAGCTATCACATACAGTGGGATCATCGACAGTAAATTGGACGCAGAGGAAATGTATTTTCTAAGTTGAAATCGGGTGAGAACTTCAGGGCAAGGGGTCAATGTATGTTGTTAGCCTCATGGAGCCGGCACTATCGCCAAGAACCCTTAATCGCTCGTAGTGCGTAACAGTAACTTGCGGCGGAGCACATC,1977,50.03,Mus musculus
SEQ_141858,ACACGGGCGCAGGTGTAGGTTCGAAGCTCTACCGTTGAGGTATCGGTGCCAATGACCGAAATTGCATCAGGGTTAACTGGCGATTCGGGCTGAGACGAGTGATCCTGTGGGAACGGTCGTACAGGGAAAATCAGACCAGGATAGTGAGCGGTGTGTGACTTCAAACAACCGTCGTCAGCCGATGCAGCGAGGGGTCCCTAGCCGTTAGAAGTTGTTACGTACATACTCCTGACGGTATCTAAAGGTCAGCCCTAAGTGCTGAAAACCTTCGTGTCCGATAGACGACGGAGGTATTTTGACAACTAACGGGACGACGGCCAAACCCTAATAGCGATACGACCCGCAGTCAGT,351,52.99,Saccharomyces cerevisiae
SEQ_542593,GCCCGAGATGTCAGATGAGGAGCGCGGCGCTCAGAATGAAATCCCATAACCTAGAACCTGCGCAATAGACCAGGCTCCGTATGTAGGTGGCATAATGAGCGATTCATTACCCCTACAGCAACTTAAGTATTCTCTATGGCTGTGCTAACACTTCGCATCTAGGAATAATACACGTCGGGGAGTGCACCAGATGTGTTGTCCCTCCAATAAGGGAGCAAGTATTTTCATTTGCAGGCAGCATCGAACTGCTAGCCTTTTCCGTGTTCCTCAAGGTAATGTTATAACACCTACTGAGGCATGACAGCGTGGCTGGAACAGGACTGGCCCCTGCCCCGCCGTCAGTTGGTAAGATTCTACTCCATTGTCATAAGCATTACGGAGGCAGGCTTAAAGCTACGGCCTTATCTTTTGTTCGGAGTCTATAGTAATCGATTCTGATTACAAACTGTATAGTTCTAATACATGAAACTGGTGTTCGTACGCTCGAGAGCAATAAATATTCAATTATATGAACAGGCTCTGCGAGCACGCGAACTCGACTTGGTAGTCGAAGAGGGGGGGCAGTCGTCCTGTGACGTGGCATAGAACCCGGTGTCACGCGCAAGTTGATGAGATGCCGCCAGATGTCTGTGGATTGATCCTCTTGTGTAGCGCCCATGTGACGAGTGGACGGATGTAATTACCTAGGCCCGATCTGTGGTGAACTCGTTGGCCCAAAGTGTCGCGCGAAACCGAGTACCCCTTCCACTACGTGCTGAGGACTCCGATCTACTGTGTATGCCTCGGCAAGGAGGATGAATCCGATAGCCACATTGTCCGACAGGTAGCGGAGTGCTGCCCCTCCAGAGTGGTATATCCAGATTACTTTTGTCGTAAACGTTGTTCTTAGCGGCATCCCATGACCTAGTCATGTTCTAGCCCGTCTACCTTTGGTAACGATCACAGTTTGAATGTGTGATCGAAACACCTACTAAGGTACGTGTAATCCCATGCAGCTAGCAAACTGATAGCCAGAGAACCCTTCTTGAGCGATGATGCTATCCTTGGATAACGGGATTTTCCCGAATCCTTGGGTATCCGCCTAAA,1086,49.36,Mus musculus
SEQ_901743,CGTAGGTTTGCTCTACTACAATTGGCTCCAGTTCTTAAGTCTGACTAGACTGCCCCGGGCGTTGGTCGGCCCTGGAAGAACTGCTGGAAAGTAGGACTCCAAACTGGCACGTCTCCGACACTAGCTGTAGCAACCTAACTACTGAGCCTCAGGTAGGAGTATAGGGGCCAGGACTTGCTGTTAAGATACGATGATGACATATGTTTGGGCAGTGGTTCTACAGAAGATTTTATTCCTAATTTTAACTAAATGTATGGGGCCGCACGCCATACCCGCTCTCATAGCTTGAGCCAGTAAACTGAGACGGATCTCTGTCGGGGCGCGCCGATGTACATGGGCCTGACAATAACGGTGGACGTGGTCTTCCACCACCTACTCGAGTTATGCTCGAGCCCTTACTTGTATTCTTCGACAGGAATTTATTCCAGTACTAACCGAGCGGGCTATACCAACGGAGGCAGATTGATTCGATAGTGGGACCACCGCGGGAACCGAATGGCCAAAAGTAAGCCGCGACACTGGTTGTCACATACG,534,50.94,Drosophila melanogaster
SEQ_218996,GACCACCGCTTGTCATGGCCGCTCCCCTGTTAAAAGGCTCACAGCCGAGGGTGTGAGTTAGATGTGAGTATAAACTGACCGGGTTTGTGCAGTAATATAGCCGCAGATGCAGACTTAGGTTCGCGTATTAATGACCTAGGCAGCTTGCTGGAAACAATAGCCTTCGCCCAAAAATCCGACAGATACACATTTGTTACCATTGAACAACTGGGGGAGCTCAGTCGGCATAACGGCCGATAACTAGGAGTAATGTGTACGCTCCGGTCTTGGTTCCCGGGGGCGGGCACGAATTTCCTGACCTTAGTCGGCTGAGACTAGTATATGCCCTCTATTCTTTAGAGGGTTGGAAGAGTGGGCGTTGCACACATTGCCTCCATGACAGGGCGTGTCTACCGGGGTGACTTCTAATACGATTCTGCCAGGTGGACTTACCATGCACTAGGTCCACATGGG,453,51.66,Mus musculus
SEQ_707848,CGACGAGCTTTCCTGCCGATTCGCTCCTAGTCTCGATTCGTGATAAGTGCGCATAGGGTCGCACCGGCGCACCACTCAATGTTGATTAGGTCTATTCGCGTTGATTTTAGGAAGGTTCTTCATATACGAGTTCAGTGAAGTGGTGCTCTCTACAAGGGTAATGAATCCATCCCCTCCGGAAACGATCTCTCAATTTGAGTTGCAAGGCGTGGACAGCAGGCAGTTTTACCCTCAATTTAACTATTAGGAACCTCAACGGGTCCAAACCGTCACAACGGCAATAACGCCGGGAACGTATTCTAGCCAGCCTTACATAGCGCTACCAGAGCTTATGTTCGTCACCTTTTGATACGTCATCCCTCTAGACCACACAAATACTTGAATGGATGTAGGTCGGGATGCTCATGGGGTTTCCTAGGCATTTCTCATCGGCGTGATTTACAATGTCGGCGCTCCTAGTGGATGCTTGGATCAGAGGTGGGGTGTAACTGCACAGGCCCACCACATTGCTTAGTATTGACATCGGAACAAGTAAAACCACAGCCGAATTAATTTCTCGCCTGTTCATACGAGCGCATGATCTACGTAACGTGCCTTGTCGAGCAGAACCTCGGACAGTAATAGCTCAATGTCTTGACCCCAAGGTGCCCTGCTTGGTCGCATGTAAGTCTTGCATTTACCGACTTCGTACATCGCGGGAGTTAACGGGGCGACTCCTATCAACGACTGCTTTTTAGACCGAACGCGGACCAGTTATACTGTACCCAGTACCACAAACAAGCTACTATATCTCCGCCTGAATCAACCCCGTCGCCGTATTAGCCAGTACATATCGGGGATCTACTTGCGCAATCGCTTTCAAAAGCACTTATCTGCGCGAGAGTCTGTGTGAGAATCGCACCACGAAAGTGACCTGAGAGTTGTCCTTATACACAAAGGATCTCTGTTACACTAGCTGCGGTGAATCTCCATACTGAGGTTTATGTGGGTCTGGCTAACCGGGTGTGGCTGATACTTCTCCGTTTTTGGAATTGGGCTAACAGGGAGGCGTTGGAGGCGTTTACTATATGAGGAGGGCAGATGGGCACCTGGTTAGGCGTTACCGGTGCACCGTTACGCGAGGGGTTCTCTAGTGGACTTAAGTACTCTTGTTGTGGAATAGTACCTTAGTTTGAACCATGTCTCAGCATTTCGCACTTGACCTCGGTATTCATCGTCCCGTTAGAAGCTTGTAGGGATTGCACAGAGGACATTGATGGCTTGGTGTCAATGTTTACGGGTATGTTTAGTTCAGGCTCATATCCCGCTCATTTACCACTCTCTAGAGCCCAAACCCATGATGTCATCTCGACAGCAGGGTTCTGCATGGTAGCACCTATCCTGCTACATAACCCTATACATGATCACACGGATCCGAGCCTGTTCTGCCCGACCCTCATGCGCATTAATTCTACGTTAAATTTTGAATTCGTAATATCCCAACACGTGGTATGTGTCATACTAGTTACTACGCTAACTGCAGACGTGAAAAATCTCTG,1538,48.5,Mus musculus
SEQ_516603,TGCCGCTCTTGCTTCCAGTCAGGTATGCAGATATGAGCGTCCAGTGAACTGTACGTTAGCACCGGCTCGGTCAAACTTGATTCGTAACCGAAGGTCGCCGAAGCTGTGATGTTAACACGCTCACTACTCCACCTCCAGCCGCCCGCGCGGGATCAACGTAAGAGCGGAACTAAGGGATAGACAGATGTAAACTAGGTGGCGTTTAAATAAATCGTTCATCCGGATCTGATCTCCGCTGAACGATTTTCGGCTGAGCCGAGAGAGTTCCCCCAGGTGGTGTTCCTCCGTATTCCACCGTCGAAGGGGTGCCGGGTTCGGTGTGTCATGGCGTGGGTCCAGCCTCGTAACTGCGAAGTGATCCATGGTCTACTGGAAAACCAGGAGGTAGTGTCCTACTACCGTCCCTCAATGTTAAAGTCTTCTTCACCAACCTGGCGCCCAATGGCATCCGCTGGCGGCAAAGAAGGCGACTGAGCCTAGCTTCCCAATCCTCAACGACTGGTCTTCTGGACACCTCAGGTGTCTCCTATATTTGTGGCGGGTGAACGTACAGCTCGTTTGATCACTTGAACGCTGTTAATTTCTGCCTCAGAGCGTGGCTTTAAGGCGGTATGGGGTTCAACTATACTGAGAGACTCGCTCCTCGGTTGGAGTGCCTCACCACAACTCGATTAGAGCGTCTTGCTCGATTAGTACTTGGCCAGAGTTAATTGAGAGACTCTATGACAATAACAATAGGCAGACATGTTTTCTAATCGTAGGGGCCGTATGACCCTTAGATTACCCTCCCCGTGTATACATCACTGAAAGCTCCCGAATCAAGGCGCTTAGACGGATTACAGGATGTGTTTAATCTGCCGAAACTTACAGGTTGTGCTCGATTTAATACCGAGAACCCTACGTAAGATACGATGACGGTCCCCCGATACACTAAAGAGTCGATCAGCCTACGTTAACCGGAAGTCTGATATGTGCCCGCTAGGGTGCGTGCCGTAAACACGAGGGTTGATTAACTAAATTCTAGGCGAAAGATTAATGGCGCTGTGACAATCAATTGTAAGCCACGGGCATTGTAACATGCCCTATGAACTGAATGGGTGGCATCCTTGTCTGTCGCTCTCCGGTTCAAGCTGTACCCCCAATCCGGGAACTGTGCTAGCCTGACATAATCAGCAGGGCTTAGCAGCCGCTCAGACGCGATGTCGTGCCCATGTGAGCAGATATGTCTTCGATCTGCAGGTTCGTTTTTTTTACACTAGCATATGCCTGGCTATGAAGGTGGGACGCATACGAGACCCTGACGATATACAACCACTGGCCGGAGAACAGACTCCGTCGTTCTAGTCAATGGATCTGAACATCGTGCGCGGCCAGCGAACTCTGTTGGGTCCGTCCGCTAGTTGGCCGTCAACGAAAGTGAACGTGAGCCAAGAAAACAGACGCTGTCCTGAAAACTCGTCAGGAGGTACCAGTAAGGTTTGTGTCGTAGCCGGAGCGGTTTACTGAGGCAGAGTTCGGTCTCCGGCGGTTTGCACCCAACTTCTTCCCGAACCGCCATTTAGTGGATTCGAGGGACCCCCATCAATCGTCAGGTTCTCCTTCGCAAGCGAAAACTAAACGCAACAGCAACATATTGACCAAGTCGTGGTTCCTTCGGACTAATCCCCTGGATTACGCGCTATATACGGCAATACCATACCTTATGGAGTCTGCGCATATCCTGGCTCGAGCCTCTATGAACAAGCCCCAGAGGAGCCAATAACTAGGATGAGG,1773,51.49,Homo sapiens
SEQ_323702,GATAGCGCGCGGTCTGTTGGGTCTTGACCGTGCAGCTACGGAAAATAAGTTACTTCTAGCTATCTTAAATCCCTGTTGATACGCGCTCGTCCAGATCATTAGTCGGCCCCATGGTGATATCGTTATGACGTCCTTAAATTTCAACTGATCGTCTTCTCCTTGTGAGAATGGCTTTGCCAGGGTCAAGGCGGCGAAACCCACCACGAGTAGTGACAAAGGAACTAATCTATGAGAGCTGTTTACCCATCAAACCCTAGATCGCATTGTGCCGGGAAGATCAAACTCTTCCACGGTGGGGTCGGACCGCAGGCTTACGCAATTAATTACACCAAATAACATCGCGGCTCAACCATGCAAATCTATCCGGACAGTTTTGGGTGACAGAAGATATCGCT,395,48.35,Mus musculus
SEQ_532359,GCATGGCTAGAACATCATCGTTTCTTTCAATGCGTCCAACTCTAAGTCGATGGCCCCCTGCCATAAATGGCCTCATGCTATTTGGGGGACGATAAGAATTAAGGTCGACGAAAGGATCAGACGCGTAAAGGCGCATTCGAGTTATCAATGCACCATACCCATCCCTAAGCTTTCCGAACTCCTAATCTCGCGCGACCAGGCTTAGGACTGCACTCTGACCGTCCTTCGCCTTGGCCATAGGCGGGCGCTAAGGCGTACGGCGCCAAACAAAATTGGACATGCATTGACTCGTTGCGTGTGGTTTGCGATTAGTAGACTAGTGGAAAGAGTGTGTCTGTTGAGCCGCCAGCGACAAGGGTCCTGGTTTGGTCAGGCAACGTTGACGGCGGTTGCCATATGTCTAGTGTAGCGGCTAGACAATATGGCACTCCTCCCGTTGCGCTGTCAAATGCCCCCATCTTCATTTGAAGTTCGACAAGATGTTTTTTTGAAACGCTCAACGGATACTGGTGGTAGTTATCTTATTGACTCCCAGGCCTTTACAATTATGCTCGCGACTTCTGCCGATCAAGAGTCTCGAGGGGGCAGAATCGTGCGTGAGTTATCTTGAACTATCACTGTTTCCGGAATGTGGGCGTCATTCCTGTACTTAGGTACCCGGAATGCTACCGAGGTATTGCAATCGTGATGCGAGCCTTATGCGGTCGATTAATCTCCTGTGCGTCACTCCCCTCTGTCAGTGTCAAATGGCTCTAGTATTTTTACAGCTTGGTCTATTCCTCCAATCCCTTCTCCTCTCGTTTTCGACCCGGCGGACCGCTTAAAATCGCTGAAGGACTATACCCGAGCCCCTCCAGTTAATCGCTAAGGACCCGCAGGACTGCGAGTCTACAGTATTGCGCTACTGCAAAGAAAAATCTAAGAGACACCGGCATGTATCGGATCTGAAAGCGTTTTGGATCCTCCGTCAAACCGTATGTTTGCCTACGAACAACCTCCCGTGGAACGTCCCAAGAATTGAGACTTTATTAGCTACGTCATACCTAGTAACCTCGACGTTTCTGAAGACTATAGATGGCCCATCCCCTAGTGTCAACCACGCGGCCGCACAGCACCAAGAAGAAAGCGTACGCAGGGTGGAAGGTGGATGAGGAATCAGTCAACCTTTGCCGACGGAAACCGCGGTACTTCACAAAGTAATTACGTGAAGGTATTCACGACTCTCACGTCAGTTCCCGTTCCGTTCCTTCCAGTGATAGAGCAGAGTCATGACAACGTAGGAGATGGGCTCGCCCTCATGCAGCTTATATTTATCTCACTCCACGCT,1327,50.34,Homo sapiens
SEQ_700855,CGCAGTACGGTATGGTAATTTACAGTTGAAGTTAATCGAGCGCTCGGCCTCTATTTTACCCACAATGAGAGGGGTTGTACGTCCGGCGATAAAGGCGTGCAAACGAGTACCGTAGCACGTCTCCCGTCATTAACAGGGTGGGCCCGCTGCTAACTCATTCGGAGAAAGCTCACAGACAGAAAAATACGATTTCCCCGGTATTGATTGCTAAGACGTATAGACGCTTGGGCCCCCATGCCAGGGAAACGAGCGGCTCATCATTGCTCGACGAATTATTACATCTTATATGAGAACGGGCACGTATGACGTGACATGCATGCGCTGCCTTGGGTCCGGAGCGGGCGATGCTGCGTCTTGGACTTCATAACGGATATGACATGCGATAATATGCGGTGCGACGCAGCGCCCGGCAGCCTAAGCGCATCTTAACAGGGCGCCATATTCGGCGCCAACTACCTAGTAACTACCACAACCACGGAGGTAGCATCAAGGTGGTTCATTAGATTCCTATCACTACAGCTTCACTTTACATGGGTCCGGCGGACCCGTTGTTATGACATTGTAATAGTACTTGCACGTCCTCGCAACTACAGTCTCTTTGTAAGCTCCTCGTTAAAAAGTCGACCGACGGATTGTGCTCGAAAGCATGCGAAGTACTACCCTATTAGGACCCTTCTCTCTGTCTTTCATACAGCACATTAACGCGGGCGGCATACTATAGTGCCCGCTGTCAATCTGGACGATAGTCTATACCGACACGTTGAGATGACCTACCTGAATGTGGCAAACCGATATAGCAGTCAAATTCACGAACTCCACCCGTTCAGCGCCAAACTCGGATAACATTGTCGTTTCAAGCAGGCAGACGGCGGGTACCACTCGTGAAGTAGAACCCACGTCCA,902,50.78,Saccharomyces cerevisiae
SEQ_408683,ACGTCGTCGTATCATAGACCGAGGTTAGTATACATGAGCCGCACTCCAATACTGCCAGGCTGCGATAGTCCGCCGCAAATTATAAGGACTTAGGCTTCTAGTAGGGTAAACAAAAATGTTACTAACCCAGTAATGAAAGTGGGCATAGCTCGAGCAG,157,46.5,Homo sapiens
SEQ_873265,GCGGTTCTCTAATCTCTAACTACGAAATCAAAGCCGCCCATTACGCGCGATGGGGCCAGATTGCGGAAGACCTGCAACTCCAGCTCCCGGTAGATACACAACCCACTAACCTGAACCTACTTCTTAATGGCGGTATACGATTCCCGTTTACTGCCGCTTACTCTTACTACGCTCTATCTGTCTGGATTACTATCCACCAACCATCGAAAGCCAGCCTTTTCACACCCGAGGACCTG,236,50.85,Escherichia coli
SEQ_495535,AATCATCATCATATCCTTAATCCCGTGCCTATAGGGGCGCCTGAATGAGTCTCTGTCGGCGAAGGACCTACGTGTGAGCAATCTCAGCGAGATTCAACTTGATGAAAAGTGGTACCTCATTGTTGCATGTCATCAAATGTCGAACATCAGGCCTGCTCGCCCGATTACACTAGTTAGAGGGTATGTGAATTTAAGGTTGTACTCGCCCGCACCGCGGTGCCGAACAGCCAACGTATTTTCCGCCTTTGAGCCTACTATACGCGACTGTATCAAGCTATGTCGAGCCCTAACTTTTGTTTTGGTGGTTTGCCATGTATCAGGGCGTGGTTTGTACCGGCAAACAGTATTTGCTAATATGACTTGTACGATCGGTTCCCCTGCGCACTGGAATTAAATTGTTAAGCAATTCATAGTTTGTACCGTGAGCGCAGGAAGTCTGAAAAAAAAGACCCGGGCCAACACGTTAACGCAACAGAACTCTACCTCAACGCCATCAGTGATAGCTGTCTTCTGACCAGATCGGGTTTAAGGGTCCTTTCTTGTTGAGGCAGTTTAGTAAATATCATCATCCTCCCTATGTTTACAGCGTTAGACCCTAGGCGGGAACCTCCCGAGTGCCGTTAGCTCCGCGACGTGCAGAGCGAATCTCCAGCGTAAGGAAAATGTGTTGGTCAGTACGGTGTCGCTAACGAGCTTTTCGGCTAAATTTCAGTGCCAACAGCCCGACCCAACGGAGTAGGTATGACGCAAAGTGGAATCAATCGGCAGCTAGTGTTTAACATGGAAAACCATAGCCTGTAACGGCATGAACAACGACTTCTAGACTAAATCCGAGGATCCATGAACGGCTTGCGAACAGCAATACCCATTGTCTTCCTAGGAACTACATAGACAGTTTGTGGGGAATGCGTAGAGACATCAGAAGCCCCTGCACGCGTGTTACTATACGCCTAAGGGGTGTGCGAACGAGGCCCATAACCACGGATGTTTTATAGATACTGAAAGTTTCCCTCGGGAACACGGGATGAAACTCTGACTTAATTATCCGTACGCGAACAAGCAGTAAAAGTTCGAGGCTAACTAGTCTGAGGTTGGATGACGCACCGTCTTGGAAGTGGACAGTGCCGCGGCGTAGCGTCTCCGAATCACCTGTTCAACTTACTCATAGTGATCTATCTGCGACGGCATCACGTCGATTAGCGAGAGTCAACGTTTACTATGGATGATTCTCTGGGTAGGAGGCTTTAAGGGGACATCTCTTAAGAGACTAGCTCCGCCGGAAAAGAAAAGCGGACACATTGCGTCTTTTAAAAGTTTCCATACTTCGTATGAGTACAGGCTTTGGGATATGTAACAAATATGCTATGGCGCAGCGGCGTAATATCATACGTTATGTGTTCACCGCCGAACCAAACGTCTCGCGGAGTCATCGGTACGGGAGCAGTGGTGGCCGCCAGGGCCGGTCCATGGGAGAATAACAAGGACGGAAATTGTCACAGGGGGTCTCGACTAACGCTGGGTTGGTACATAAATTATTCAAACATAGACACGACTTCAGTCCCAGATCATAACAAGCCAACTCTCGGTGAGCGTTTTAGCATTATCTTAGGTCTCATTCTCAATACCCAGTTACTCTCGTATTTTGGAATTGGAACCATACCTCTCGACGGACCCGAAGTGTAGAACTCCGTAATAAATCCATACAGGAGCTTATTCATCAGCAGTCACTGACCTGTCGGATGGCCTTCTGTGACTGCCCCTCAAGCGGAATTGATAAGGGGGGCTGTTTACGACTACGCCACCCTTTTATGATCGGAGGAGTAAAGGGT,1829,48.28,Arabidopsis thaliana
SEQ_878405,GTTGATCCTGATAACTTACCGGCGGGTTTCGAGGGCTGAATACTTGGGAGACACATGGGGGCGAGTGGAGTCTCTCGTGACCATACGCGCTGTATTGTATTCGGAGGTACACTAGTTGAACCTATACGGACTTAGCGTTTTCGGCCCGACAGGACATGAGTAGAGTAAAACGTACCGGTGAGAAGGCAAAAACGAGACGGCCAGACTGCTACACATTTGTCCATATCTGGTTGTTTAAAGCCTTCACATGGTCCAAAAAACTACCGGCACCGCTTCTTACCTTTACGTACTGTTACAATAGATGCAGTGAGCCCACCACACCTATTTTCATCCATAAGAGATATGGACTTGTAATCTACCCCTGGGCAAATGTCTCCCTTCACTGATCCTAGGTCAATGATTGATGCATCATCTAGCTGCGTCTACGCGATACGGTTAGGGAAGTGAACTACCGAGTCCACCCAGTTAAGTGTATTCCAAGTGTTTCCCTTTACCCCTAAGTATGAACATAAGAAGTATGCCTCCGAAGTTGGCTCAAACGATGAATACGATGTGCTTTGGTAGGTCCCAAGCTACGTCGCGGCGGTGGGTACCAGAATTGAGGCTTTATCCCGTGGAGGCTTATCTAGTGTTGTGCATGGGCCACGGGCGGACTAGAGGCGCTCAAACTTTGTGTGCGGGGCAAGGTACTCGTGCTACATCCGTGAGTATTCACGAAATGCTCCCGATACGTACCAGTTTTAGCGGTTTCTTACACTACAACTTGCGGACTCTCTGGTAGGTTCGTTCCGGGAGGTAAAAAACACTCAAAACGCATCCTCTCAGGAGGCAGGGATCCGGTAAGGTAAAGATTCTTTGAGTTAGAGTTCTGTGGGGGGCGGCTTACAGTCACGTATGGGCTCACTTCTACTCCTTGCACCACCATAGAACACGGCCGTCTTGCTATCTAAGGCACAACCAGCGCCTACTAATTCGTGATCTGATAGATAAGCTAACGGCCCACGTTAGCATCCCTCCTGGGAGTAGGACAGGGGCCTCCAAGTCGCAACCGCCAGCTTATTTAGAGGTGACTAGGATACGGTGCTACGAAATCTAGATGTTTTGTCGATATAAGCGTTGCGGATTTTGGCTTTAATAGTCCACCTAGTAGATGCGATGCACTGGGAAGCTTGCACAAGTACCGCATCATCGCGTATCGAGGCCAATAAGTCACTGTGACGTCACCTCTTTTATGACGCTTTCTACAACTTTGG,1253,49.08,Arabidopsis thaliana
SEQ_884127,CGTGCGCAATTTCGGCCCTATGTGGAGTTTCACTGCCATAATATGCCTCTGGTTTTAAGGAGAGAGCATGTAGGCTACGGGGATACCTTCATCGCGCCATGCTTCTCTAACAGATGTTACTGTGTATGTTGAGTACCAGTCTCACGGCAAGAGCTGCTCACCCGGTAAACCTGCAAAGTATGGGCTGATTACTCAATAAAGCAATTGGTTGGCTCAGACTTTACTGGGATTACTGAGACAAGGCTTAGCTATTTTGCATCTGTCGTTAGCCTGCCTCCGAAGTTCAAGCGGGTGATTGTGTGCAGGATTCACGATATAGCCAGTGTCTTTGCTATATTAGCCGCATTAGGACGTAAGGATGGTTCCGGGTGTCAGGGGCAATAGTCAGTCGTGAATCCGTTTGCCGTCAGCCCATTATCGGGTAGTCATTTGTCGTTCTTAATGCGTGGGGGCGCGCGTCTTCTCGCGAACACGTGCAAAGGTTCTGGCTAAGGAGGTTTGCGCGAAGTCGCCCATAGCGGGTGGCACAGTATAAAAAACACGGTGCGAACGTTCCATGGATCCTACCTCAGGTACTGTAATATGTCGGCCAGGTCTACACTTAGCTCTTACTAGCATCATTGGCACGATAAATTCCCCTGACCCTGTAAGTCGAGGGATCGTTCTATTCGAATGCAAGCGGTGACTAAGGCCCCGCTGGCTCCACACTACGCCAGGGTTACCGTTGTCCAGACTAAATTGCCCTACGGCGTATTGTGTAGGACAATAATATCTTTGGCAAGGCCAAGCCATGACAGTTGGT,802,50.0,Mus musculus
SEQ_931558,GGCGTGATAAAGCACTAGGAAGACAATACGTGTCAGTCTGATGCCTCCTCCTGTACGTTGCCTAGGAGCTGTCCGTCTACATAAATGCAATATTGCTCGAAGGCCCATGTACTTCCGCAGGAGGGCATATATGAAAATGCGGGTCCGCACACCCCTTCCGGGTGGTTCTAACGGGAATAGACCCCTACCTAGCCCTCAGCAAGCTAATATGCGTGAAAGCTTCGCAGCTATTTGATTATTACGGGCGTGGCTTTTTTCCCATCATATGCGGTTAGTATCATTTGATCATACGTAGTGATCAGTTGAGCCACCCCGTGTTAGGCTTAAACGAGCGCACCGTTGTGTTAGGATACTGTCAAGCATGGATCGCCTTGCTTCCCGGAATGTCTTACTAGGAGAGAACCTTGGCGGTAGAGACAGTCTTTAGGCAGGTATCGGAGCGCAAGGTACCTCCGATAGAAGATATAGTCGCATTAGCAGAAGTGCACCTACCTGACCTAACGCGAGAAACGAACTTCCGGGCGATATGATGACATGCTTACAAATAGACGTGCAGAGCGCACAAACTGAAAAAAGATTGGTGCGCATCCATCTCAAGGCGGTG,604,49.5,Arabidopsis thaliana
SEQ_181186,CTTGTGTTATATGTTATGATAGAACCACTGCTCTCTCTGGTAAGTTGAGACTATGGACGCAAACGTCGGCCTACACATCCGCCAGCTTTGGGCTCTAGGGTGTTTTGACTTTTGGCGAGTCCTTCATTTGATGGGGGAGGGAGTCCCCTTTCACTGACCAAAGGCGTGCGCCGCAGTGTTGATAGTCTTCCACCGCCCCGGCCTGAGCATCGCACCTATATTAGCGCGAGGCCTTCGATCCATAAGTACCAGGAGTATGAGGTCGCCGAGCCTCCATGAAGTGATCTACACGGTATAGTCAACCTGACATCGGTGCTTATGGAACTCGTATACACTTGATCACGCGCTCCTACAATCATAAAAGGGGCCCAGACGACGCCGTGCAATCTACCCCATACTGAAGGGAAAACGCATAATCACCGTAATGAAGCCTGTTGGGCTGACTAACTCAAACCTCTCCCAGACCCGGAGATAGATGCGTCTTACGAAGGCGGCCCTCGGCTAGCCAACGGTCGCAAATTGAGCATGGAATGTACGATTGCTGACCCATCCAAATGATATTGGACTAATTAAGCTCCCCTGAATTCGGCGATGGTAATTTAGAAGAAGTTAATCTCTTCGGCACTCTTTTCCTTGATTTGAAGTGTGCTGATTGTAAGATGGTAGGAACCGATGAGAGCGAGTGTCCATCATCTTAGATCTCTACGGATTGCCTAGTCTACCACCCAGGCGTAAGTGCGTAGATTCTCTGCGGGAGGCAAGGTCTTTTTCAGGCCGGGTTAGAGAAGTTGCCACTAACCTGTGAGGCCCCGGATATGGCTCAAATGTTTAGGTAATGCCGACAAGAGGTTAAACGTAAAAATAACTCTTTGAGGCGGGATTTGGCCTTCCACAGCCACTATTATCTCCGAGAGAGACAGCTGTCTAGGACAATTCGACAAATATGGCCAGAACCCACGCTGAAAAGTTGGCCGAGGGCACACATTGTCTATTAGTTGCCTATAGTTGCTGGAATTCCAGGTGAGTTCGCTTTCAAAGCCGTGCAGTCCCGACTTTGAATTTTATAGCACGCATAGTTTGTTCTTTAATGGGAAAAAAGGACGTGTTGATTAAGAACGGGTACGTGTAGTCCTCATCATGAAGTGCCCGGTGGATCCCAATGCTGGGTCGCGACACATGCTACCTGCCTAACAAAAACTTACGCCCTGTTTTTAAGCCGCCAATGGCGTGACAAATTACGAAGTAGTAATAGATCTCGGTTAAGTGAGGTGGCTCGTAATCCATCATGCGTCAACTCACGGCTGAGATGTACTGCCTTGTCCGGAACGTTCTGCTATGAACTTTTTTTTTTTGCACTAGTCAGCTACGAGGTTGCCGATTGTAAATTGGACTCACGAGCCCTGGGTACACACGGCCCGAGCTTTAAGGGTCATAGTCCAATACTGATTAATATACCTAAGGACCGAATATGGGCTTTAAGGTAGGGATCCGCCACCGATTCACATGGCGATTGGCTACAATTCCCATTCAGACGATCTAAAACGGGGCACTCGTCCGGGCAAGTAACGTTGCGTAGCGGGATGCATAGTGTGATTCCCGCGTGAACACATCCAGTTCTTGGCCCACACAGAACGGTAGCGGGGTTCGGGCGCACGGATCGTCTCCAGTGAACGTTGATAGTCCGGGAGCAGGCCGGCTGTTACCCGCAGCATAGACGTGCCTAATGGTGAATGTGGGTCGCGAAGGCCGTTTCTTAGGCGTCTGGG,1766,49.94,Mus musculus
SEQ_900852,CTAGTCATTCTGTACTCCCGAAAGTGACGGGAGCAATTGATCACAACGTGGCAGGTATCAGGTTGGACGGAGTGTAATAATGTGGTAAGCGCAGAGGAAGCTACATAGGCTGCCTCCAGGACGTATGCCGGAGTATTAAATATCGAGTATGGCGGCTCATCTGACTCTACACTATCTCAAGGGAATTAGCGATATGACCCGATAAAATCTCTACGCGAGCTTTTAGTGGTACGATCCGATGTGCTTCTCATCCTCCCGCGCTAGCACGTTGCCATTTTTCTCGTGAGGCGTGCGGAAAATCCACCCGAGATTTTTCTGCGCATGTAGACCGGTATTCTGTCTAATACCCACCTGCAACAACCCCGGTAACGGGGGTTTTTCGACAGCCCTTCTAAAAGTCTGCATGGGGGGCCTTATCTAAGACGATAGTAGCTCACGTACCGCTGAACGACCTACTTTGTATCCAACTTATAAAACCCGTGATCTGATCGCCAGGCGACCCCTGCGCTACCTGCGAGATATCAGGTCTGCCCTCACCAGCAAAACCAGCCATATAATTCACAACGAGTGTCACTCTCTAACGCCCTCCGCGTCGTGAGTCTGTCACGATCTACAGCAACTACTTCCCGAACAGAATGTCTGGTACCGAAATGACAGGGAGTATCATTTCGTTCGCGAGAATTTCGGCCTGACGCTAGGGATTCTCCTCTTAGCGCGGCACCACGGTGGTGCGGCAGAATACGCTTTAGGTATCGTACGGACTCGCTGCATGGGGTGAGTCGCCACATGCAGCATGAGAACCCTAGGATAACCATCTAAGACCCTGTAGCAAAACAACATTGGAATTATGCTTTAGTTCGCGTAGCGATAGTTTTGATCTGAAGGCAGGCCACAGAAACGTAAAGTAATTTGCAATGTTCGTCGGTTGTAATTCGATAGAATGCTTCTTGTGTAGACCATTTAACAAGGAACCTGAATAGGGGTCCTCATCAAATGCCCTAGTCGAGGTCCCAAGTCCCGGTCACGGAGGTCTCGACACCATCTTTCTTCTAGCGGTAGATCGGTTACCCTACCCTAGTGGACCTTTGAGGCGGGAACTCCGGCATCAGATAAGGTTGGTCGCTGCGACTGCATCAAGGTTGCCAGTTGCCGGGAAAACCGAATGGAAGAGCCGATTGCAACGGACAAGAAACACGAGTTGGGGCCGGCAAGATTTCGGCAAATATGACTCATGGCCCCGCAAACCCCCTGACGTAGTGTTGGTTGGGAGATGTCTAGCGGAAGTACCCTAGTCCGGCATCGGAACGGCTGTGAGACTGCCAAGTTGTTATTCACGGCCCTCTGGGCGGTACTGGAATCCCCATATGCATTGCATATTTCTATGCTTTCTATTGCTAATCCGAGCGAGGCCGCATATCGTTCTAATGGGGTATAATTATTTCACACCGCAACATAAGTCACGTATGTCAGGCGCAGCCTGAGTTCGCTGCCGGTATTACAGCTTAAGCGACAGCAACTACTTGCGGGGCCAGCGCTCAGGTCCCTAATACAATTCTACTGGCGCCATACGTAGCCGGCTTGTATTAACAAACACGTGTAAATTCGATCTCTGGCCCTGACCATGCTCTGTTGGTGGCACCATTCAAGATTCCTCTTCCAAATAACGAGGATAGCGGTAGTTTTCCGAGATGCCGCAATCCTATTAACCAATCTGGCTGATAGCTCAGCAATCCCCAACGGCTCTCAGTCGCGCGATCGAGCCGGGTGTTGGTGCTCGCTCCCGTTATGTAGAGTTTTCACGCGTGCGGGTTACGCGGCGGCAATAATTCATCGTGAATCGCGGTGATTGTATTACGCGCGTCGGAGCATTTCAATGGGCCAACGTCATTACTCCGCTGTATCAGTCAGAT,1910,50.84,Arabidopsis thaliana
SEQ_196251,TTCGGAATCTTATAGACCCGCTGGGGCTGGAAGCTAAAATACGGGGAAGCCTCGGTGGGATGTTGCGTACTCTTCCTCGCAAGGAACCCTATATCAAGCTGAGAAAAATCTGCGAACTATCAGAGATCGTACCCGCAGGATAGGGCGAGGTATACAAAGGAGGACTCGCTGAAATACCGTTGGATCGGCACCGGATTAGTGGACTGACGCAGTCGGCTTGTTCCATTGCCGCACAGGCAGTTAGAATCGAGAAAGCGCGTGGTTAAAGGGGATTTCCGTCGGAGATCCGCACTTGATCGACATGAAGCGTCACCTGGCGTCAAAGACCACAGATTCGCGAACTGGAGATGATCAATCGAGGATTGGGTTCAGCAGCTGGCGCATTAGGCTACTGTTGTGTCGGCAGCAACGTTACGTTGTTTCATCAACGTGGCCATGCCTATATTTCAAAGACCGGGAGGTTATCGCAGCTGTTACCTATGAAGACAGTACGTGGAAATGGACACTGTACATCATGTACCTCACTGCAAAGATACACCACAGTTGGTTCTGCAGCTTTAGCCAACGGCCGATAATTATCCTCCATTGGTTGACTCGCGGAGCATGGAAGTCCGTAGCATTCAGAACATCGCGGGTGTTCGCAATATCTAATATGGTCTCACGCCTACCTATAAAATGTGGTTCTACAACGTGACAAATACTTAGCGATTGGGGATATTCCGTCCTAGCTTCATTGGGTCGGGGTGCGTAGGGTGATTTCGATGACGTACCGCTTTTAACATAGCTCACGGAGTATGGAATCACCTCTTGTTTGCGTGACCGGCTCCGAATAACGGATTATCTTGCTGTTTGCCCACCTTGTAGTTGGAGTTACACTGCGTTGATAGGGACTTCTCATTGTGACCAATAGCAAACCAGGTCCATACCCGGGCCTGATAATGGTATTCACACGGGCAAAAGTTATGCTGTCAAACGGCCAACATTCCTCTCGCCGCGAACTTCGCCCGATCACCGATTCTCTTACTGGAACTAGGCGGGACAGACTGAGCCTCTCTACGCGTGGCACGGAGTGCAGTAGATGGGGTCCGGCGAGACCAGCCACATCTAGCGGATTCAACAGCTTTAGATTGATCGAAGGGGCGCCCTGCCATCCGTGAGTATCTCACATCAATTGATTACGTTAAATGGAAAGGGGCGTTCTGCGCACCGTACACACGGGAACGTACCGTCGCTACATATTTCCCTAGTATGGCATGGATAGTGGACTGGGATGACTACTGTTCTTAGATTTACCTTCTGACAGTAAGCTCAAACTCCTCTTCCCTTCGTGGTCCTCCAACAGCGCACATAGTGCGGTTGGCGCAACGGCCGCATCCACCCAGACGGGTGATGAAGGCCGATCTCTGCGTCTGCGGAATGTTTGCCTGCTGCATCCCTACTGTCTAGGCATACCAGTCGAGTCCTATCATATCTCACGCAAATGGTCCGCCGGGCAGGGATTCACATTGAAAGTCGGCAAACTTTCAGCAGGCCTGAACTGTTACTCCGTGGAGGTTAAGTTTCAGCGTCAACTACTCGGTTAA,1583,50.98,Saccharomyces cerevisiae
SEQ_578159,ATAATTAGGTCAGATTTCCTCCGGAGTCATCGGGGAGACGGGGCAGTAACAATGCGTCATTGGTCTAGTGTTGACGCCTAAAAGTGTTCTTCTTAGACGATCTGCGTAGTAAGAGACTGCCGACCGATCCGTCCACGGGTGAGCTCGATAGCCGTCATGATTGCGACCGTTACCAAGGCACTATCCTCTAGTTAACTCGCCAAAGTGACAACGTACCGGGCAAAATTCTAAAAGGATAGACCTGGGGCTATAGGTGAGGATCAGCGGAAGGTGATAGGTATCATGCGTACTTGTGTGGCCCGGTGGATACTCTAGAAGGCTTCCTCGGTGATTCCCTTCTATTAGCGGCGTGAGTTAGTAAAGCGTCCCGGCTGATACACAGGAGGAACCCGATAGGCGGCCTCGTGTTACTTGAGTCTTCTGTAACTATACTATTGCAGAGCACGCCAGGGACGACTGATCTGGCATTCTTTAAACTCACTAAACTGGGACTATGACGCCGTTATTTCCAGCACGTTGTCTCAGAGAGGGGACCGTAAACCTCCGGTTATTCTGTCTACTCGAGTACTGTTTGGCTCTGTCCGACAAATGGCCGGCGCAAGGCCACCCTTCTCGCGGAGGTTTGTAGTTATATAGAGTCTCGACAATATCTGGAACGCGCTACGCGTCCCAGTGCTTACCTGGTAGACAACTTGACTCATATGACAGA,709,50.63,Escherichia coli
SEQ_754704,TTACATTGGCGGCAAAGGGCGAACATACAGTTACACCCGCACACGTCCTATTAGCGCCTAACTCCTGCAGGAACCTGGAAAAAGGCGCGAGCTACGCTGAGCATGTAGAACAAACGGAGGCCGCACACACAATCTAGAGCCAAAGCGCCCAGCGGCAGTTTAGAGCTGCTTTCTTACACCATGCTTCATTATTGCTTCCGGCTCCAGGGGGACAGGGAGCCCACTTAGGATTTCTGGTAGGCCTGTCACTTGCCAGCGCCCAGGTTTCTCTTGTAATCCTCGATTGGGCACCCAAGGACTAGACGCAACGTCACAACTCTCTAACAGGCTAGCTGTGAATACTTGAACACGAACTTGTTCCACTGACCGTCTGGAATGTGAAATTTATATGAGGCAAGAATCGAAGGTATGCGACGAGCGTGCCGAAGCTACTACGACTTTACCCAAAGCGTTGAATCAGAAAGAGCATTAATTTACGATACTCCCCGGGGCACACGGACCATGGACTGTTGGTTTCCGTGAACGCTTGAGTTTTCTTAGAATAGAGAGCATCTAATCTATCCGAGGCCTTGGGGCCTATGACGGCCTCTAAGGCGATTAATGGTTCTAGGACTATGGATAACCCACGTCGACGGCTGTAAAGGTTCAAAACAAAGCCGAGTGAAGCAAGCATTGTCCGTTAGGCTATATGGTGAATTAGATCGCTAATGAGCGATCACCCAGATCTCAGATAGAATTGACCCTATGTCCAGTTTCACACAGACTTGCAATACCGTACTCCCACAAGTCGACCATATTTGATCTCGAGTGCGGCTGGCAGTAATCACATCCAAGTGCGCTCCGTCCAACATGAACACCGACTGCCCTTCTGGTGTAAGACACTGATCCATCACGGTACGAGTAAGCGCATTTAGCTGCACCGAATGTTCGGAGATGGACGCGCATTCACTGGAGCTCGACCATACACGCGTTTTCGTTTAACAGTCGAATGCCTCATAGCGAATACCAGCGTTCTACCTGTTCGCAAACAACGGTCGTAAAAGAGACTAGCGGGATGCTTCGGTAGGCGCGTGCAGTGTATGCCTGTGCATAGTGGACGATGGTTCTCTCACCCCACGCAGGGAAAAGCCACGGTCAATATGTAACATCTAATCTAGTACGTGCTACGAATTCTTGTATCCTATTCGCATCATGTCACAGAGACAGCGGATATGGTATGGCGTAAGCGCACGAACATCTTATAAAGAAATTGCTATCTATTGACTCGAGACTCTAGCGTTTATTCCAGACTAATATGCGTGCTATAATACTATAATACGTTCGAGGCGTCCGATGTTGTTTAGGAATCACGGCGCCAAGT,1360,48.97,Drosophila melanogaster
SEQ_366794,ACGAAAATCCATAGCGATACGTTGGACTGCTGTTATGGAGTGAAGTCCCAGGCAAGACCGTCGGAGGGAGCTTCATCTTCCGCGACGATTCAGTAAGCGCGGCCCATAGGGACTCTACTAGCTCTATTGCCTTACCCCATGAGTCCCCCATTGAACACT,159,52.83,Mus musculus
SEQ_508782,ATCGGATTGTGCAGCTTCTCTTATGTTTTCCCGCCAACGCGCCCTAACTGCGGTGGCTTATTTACC,66,51.52,Mus musculus
SEQ_922684,AGAGGACCACCTTGTCCCTCAGCCCGGGACTTAAGTAGGAGCTGACTCCCGTGAATGTCGGGAGTACAGTACGCAATATATTGCTGCTCATTCGCTCAGTGTGGACAAATCGAACCTTTTATCTGTCAGTAAAAATCTTCTCAGAATCGCGACTGAGCCACGATTAGTCTACTGGTGACTAAGCAACAGAGCTTAAGATCTTCTGTTTACTCCGAACCACCCCAGTTCTCAAATCTCCCATGATGGCGACACGTTTGATAACTTAGAAGAGCTCTGCAGTAAATAAAGCTCCAGAAGATACCCGTCTACGAACGTTTGACTCAGCCTGTAGTCAGCATTCTGCGGAGTACGTAACCATTTCCCCCAGTAGTTAGTCAGTGGTTATCCTATACGAGTGCAACAGACCGTATAGCTGCATGACCCGCGCTATGGATAAGTGTATCAGGAGGAGAATAGAACAAAGACCGCGTTCGTTGGTGGCCATAGAAATAGCACCTCGACGTCAATACGGCGCTCATGCCATATACACTCGAGCGGCTTCTCATTTGCTTACCTGCCATATTCAAGCCCGTGTCCCTTGCGGTAGGGCCACTCAAATGGGGTACGTGCAACGTGCCCAGGTTCCATCTAGCTGAGCCGCTCTGAATCCGAATTGTCGTACCTCGAATAAGTCTGGATAAAATGCTCCGGGACTGTCATGTCCCCGCCTAATGTGAGGCTCTACACATGTGAAACCTTCCTTGTAGCCGCCCGAACCGCGGGACAGAAAAA,771,49.55,Drosophila melanogaster
SEQ_525881,AACGATACCTAGAGACCCGGTCTGGAGACGTAAGACTTCATTCCGTGATGTCCTTATGCTCCTGCGCGAGCTCATATGGGGGGTGCTGTGGGATACTTCCACTAATCTTACCCGATATCGGATAGGGAGATAGCGGGAAACGACCCGTAACTGTCTAATTT,161,50.31,Drosophila melanogaster
SEQ_210573,TCGAGCGAATGGAGTAAAGACTAGGAGGCTAGTGGTGCCCAAGAGCTACGCGGCCCACTTGATTCACGCAAGGAGCATTGGTGATGACTACACACTCGCTCGAGTCCGACGGGACGTGTAAATGGGGGGGAGTACGTGAAGGCGTGGCAGCAGAGAAAGGTTACTTTGATGTGTACTTCACTCCCCCAGGTGGGGACACCAGGGGCACAGAACAAGGCCGCTGGCGTCGAACTCAAATTTGCGTTCCAGCGCAAGACTACAACATCCTGGCCGTTC,276,56.16,Escherichia coli
SEQ_129056,CAATTTATTAGATGTTGTATGCTTTCTCGACTTCTGAGCTGACCTCCGCGATTCCCGTTCCACGCAGACGATGACTGCCCACTCACTGCATGCAAATTAAACCAATATCTTGCATGCACGGACATTTCGACAGGTTGCTGTGCATCATTACCTTTCATTCCCACTGCGGTTGCAGATTAGAAAGACTCGCTTCGCCAAGATAACAGCGTCTAACCGTCGATTAGGCGAGTTCGGTGGTGTGATGATATGATCGAGAGCCGTTAATCTCTATAGGACGCAAGCGGCCTGGGGAGTCCGACTTTTTGACCTGCCCAGGCTAATAGTCCGCCCAACATCGTCACCGCCTGCGTCGGTTACACGATGCGCAGACCTGCGATTCCGTGAGGATGTGCCATTTCCGGACGGGTAGTGTAACCACAAACAGGGAGGTAGGCAATGAATTGTAGGACCAGTTTGAACTACCCCAAGCTAACTGCGGCTATTTGGTGACAGATCTTCATCATGTTTGGCTATCACTTCCGAGGCTCTTTTAAAGCAAGGCGAGCGGCGATACCTCCGATGCCCCCAGCCTCATTACACACGGGTCATACCCTTAGCCACATGCGCTAGCATTCATGG,618,51.13,Caenorhabditis elegans
SEQ_499746,GTTTTGCACAACGAATACAGTGGGCAACCTCAGGTAATCTCGCTTATACAATTCGCGTTTCTGAGGTGACAGGAACTGTTTAGTGGCCTTTGGTCCACTGTCCGAGGTTAGGTCAGGGAGTTAACGAGATACGTAACCAGACTTTGGTCGATGATTGTTCACTTAGTTGTGGTACGGGCAGGCAAGGTGGGCTAGCGGCCTGGCACCTGATCTTATGTCTGGAATGAAGTTAGGAACGTGAGCTCAGACCGTGGACGCCGCGGCCTCGACTTAAATATTATTACCAAGTCGCGCGAAGGTATTCATTTCGGGCGAAGACAAGGGAGGCAGGGAAAATGCACTTGGCTACTGTGCATAGGAGCCCACGTCTGACAGCACTTCCGATGGGCAAAAAAAGGGCATTGACTGAAGGGCCAGAGGCCCCCATAGGCCAGCATGGTGGGTGCCCGCTCGACCGGATCTAGGCGCTCGTTGTTTCCAGTATTAACGCGGATATCTAGTTGTGCCCATTTATCGAGTATCAAGAACACGCCCTCTCTAAACGCACGTTTTCAGACCATCAGGCTCGACTCGTGACATGCATAAATGGGTTCTCACCACTGCAACGCCGTTGTACGCGTAGGGACTACTGTGTTGGCCACCACGTTCGTTTAACTGTTAAAGATTTGGAGATGGGTCAACGAAGCATTACTCGTCAGATTCGTAGCTCAACGTGGTGACAGCACGTATTCAGTCGGTTAGGTGACCTCAGATCGGATCGGACAGCGGCTCATGATTGCGATGAAACTCCTCCAACTCACAGTGGCGTGACGACGTGGTGTTGTGTTCGCGCTAGGTCTCGATCATGTAGAGAAAAGGGTGTCGGCCCCAGTGTTCCTCTATGATCGAACGAAAAGTGACAAGCTTTGTTGATATGGTAGTGAGCTCTAGTGGTCTTAAACATATTAGATCGTATCATGGTCCGACTGACCGGAGAACAGGTTCTATGTGGAACGGTCACAGATCATACGCTAAGACTTTTGATGACTCGCGGCAACCACTGGTCTACTGACATTCTGTCGCGTGAACGATTGGTGTTCTGCACCGGAAACGCCAAGCGAAATACTGGCTAGCTCGTCGGATCTCGGAGGTACAAGTAAACTTTTATAACTCCGGCACGTACGTTTGCGGTTGCAGCAATACGTGAGCCCAAATTCTGCCCCGCTATACCCAAACGGGATCCCGTGTGGCATTCGCCTGGCGCGCCCCTGGCCCGGCTTCGTGGCTGCGGCGCTAACTCTGCTTGACATCGTTCCTTTCGCCGATGGTCCGAGGCAAGGGAAGGGGTTGTACGACGACTAGCGACTGTGGCAGGTCGCGCTTGGGCCCAGGTTAGACGGCTACGATGGAGAATCTGTGCTGTAACAATTCCAAACCTGTACCATGGCCATGACTAGTTCCCAACCCAAGCGTCACCAGTGCATTGGGTGCGTATTAT,1477,52.2,Arabidopsis thaliana
SEQ_995684,GCAGTGTACCCGTGACTGGCCGGCTGGGTTCAGGGCGATGCGACGCGCCCTGCGGGACAGTTCCACGTAGATTATCCTCACTATCAGCTAGCAACTAAAGGGCGCTTCCTTGGTCATATCACACGGAGCAACCTATAGTTTTCTCTCATGTGCCTTATAGATGAATGCGAAAAGACGACGGCAAACATAGCTTACTCAGCCCGAAGTGCAGAACACGTTCCGTACAGTAGCTATAGTGATGTCACCCCGGAATGACTTGCGTCCAGTGTTCTTTTTGTACATTTGGTCACGCGGCTTAACGCCAAAGTCGTATACAGGCGTAAACATTAGATGGATTGGCCAAGAGTCCATAGACATCGCCCCTAACTTTCAAGTTGCCACTACCGGATTGAACTACCTTTAGCAACCTTTAACAGACGTTGGTTGAGCCCTGAGCTGGTGCAAACTTGGATTCGCAGTGATAAGATATCAAACGGGAAGGAAAATAACGTAGGCCTCAGTCCCCCTTCGGCCTCTCGATTAGCACTGCTACGGGGAATTCCCATGGGCGGCGGCGCATGGGCGACCACTCACACGGTGGAGGTACCTAGCCGAATCAAACCCGCTGTCCGCAATTCGGGGTCCACAATCGGTTTCCATCTGTTCGCTTCAGCTCAGCTTAGAAAGTTTGGACGTTCCCCGCGCTACCGGCAACGACAGACTTAGTGTCTGACTGACAATCAGTACCATCTCTATTACCACCATCCATCCTGACCGGCGTCGCTTTTAGAATCCGTAGTGTAAGTTTGTGCACTCCGGACACTAAGGGGGTCATGGACTAGTGACACTCTCCTGCGCACATTTCAGGTCACCTACGGACCAAGCAGTACCGGCTCTCGACAAGCCCACACACCTCCTCGAAGTTGCCTGGGACAGGGTCCGAATCTCGTGGAACTATGCTACGGTGTTGGATCTA,955,52.25,Homo sapiens
SEQ_410884,GGACGATCTCTCAATGGATATGTTAGCAAACGCGGATAGCTTATCGGCCCAGCCCGCCCACAAGTTGGACATTAGTGTGTTGGTCGATAAAATCAAGAGCCAATATTAGCAGACTGTTCCAGGACCAGTGGTGGCGTACAGATTGACCGTTTGATCAGCTTTGGGTTCGTAACAATGCGAACACTCATCTCCGTTGCAACATAAAGTGCGTCAGATCAGTAGCTCCCAAGCTACGATGGGTTCTCTGTCGGTCCCGTCCAGCTTACATCAACGCCCTGCCCGCTAGAAACATTCGAAAGGCCCACACACGCCCAATGCGCTCGCTTTGGTAAGATAAAAGGGTGGTGGATCCAGGCATTCTGCACTTATCTGCATCACTTACTCAATCGGGACTATAGGGGACGCACGACATAGTTAGTTTGCATTCATAGCGCACTTTTGCATGTTGCGCTGAATTGGGGGGATCGTAAGAGTAGTAAAGTAGAGTTCATTATGAGAATTACGTGCTGGCTTTGGGACCGCTTTGCGTAATTACCGCACCACACTGCACTATCCTAGTCAGGTTGACCGACGCCTCAGGCTCCATAGAATAAATATCTCCTGCACCGCGACAATTTTCTGCGCCGGCCAGCGCCTCGCCGAGCTACGCTAATAAAGTCGACACACCGATACACTTAAGACCTAAGCGTTTCTTTATGCGTAGCGTATTCAGTCCCACGACCGTTTATCTGAAGGACTGCCTTGAGTGCGGTCTCCGTCGACATGATGAGCCTATCGTTAACCCTTTTCAAGAGAATCATTTTCTTTCACAATGTTCTAGGTGGCAAGACCCCCGCACCCAGGGGTGCAGTTCGTACGGAGCGGCCGGCTAGGTCCCGAGGGTCTGCATTTCTCGTGCAATGCAGCAGATGCATACTAAGGTGGTAACTAGGAACGTAAGACTGACGATCGAACGTACAAGTCCACATATTCATAGGGAACTATTGCGGCAGACAGCCAGGTTTTAGGAAGATTATCCTAACAAAGAACGATTCAACCAGCGCGACTAACCAGGGGTACCGGAGCTCGATGGCGAAAGTAGAAAGCACCTAGGCTGTAAGGACCGATGGCATTTTCGGCCGCCCATCTGTAGAGTCCAACTGTCCAGGATAGCAGTACTTGTGGTCAACCTGCGTTAGGTACGGCGACATGAGATCGTTAGAGAACAAGCGGGACTTCGTCTACCTTCTCATTGTAAGCGGCCAGAACATGCCAGGAGAAGGGGTAAGGCCGCCACGGTGCCTGTGGTATGTGTCGATGACTTCTGAGCATGAGGGTGTCCTACTTTAAAGGCGAATCGCCTAGGCTACGTGAAG,1355,50.7,Homo sapiens
SEQ_300155,AAAGCGAACGCACCGGGTATTCTAAATCATCGAAAGTCCGGTTCCAGATTTAGTCTGTCTCAAATCCCTGTTTCTTTCTATATCGACGAACACGCAATTCGACTTCATACTTCTACGATCGCGTGTCTTTGTGAAACATGGCATATCGAATAGGTGTGGACTTCCAGGCTAGACGTATTAGCGGCTGGCGGTCAGAGCCTGTGACATCTCGTAATTTTGGTGTAAGCCCCTTCTGTTTAAAATGGAGTTACCCAGGCTCATATTATCATTCCTTCTTTCATACACCTATGTGAGAGGCGATGAGTTACACCCCAATGAAAGCAGTAGCTGACGGATGCACACGTGCGATTTCATGCCCGGGATATAGACACACACACCAGGAAAGAGAACACCGTTACCGTTTGCCGACGACAGATGTAAAAGCCCCGTCACAGGGTGCTGTGTTTATGTAGCGCCATGCTTCTTTAAAATACGAACAATACGCTCCGTGCCTCGTACGCCACCGGAGGTTTTAGCCACCCGCAATCGTTATACTGGAATTGTTCCGTTCGGTGGTCGTCCGACCTTCCTGCGATACTCTGAAGCATGAAGAGGTCGTGTACGCCCCATGCGTAGCTGGTTTGCCAGCGTTCCACAAATGCGGGCAAACGACGCGTCCAGGGGATCAAAGGTGGGATTCAGACGCGTACACTATACATGAGCTTGAAAGCCCTTGCGCTTTGGGGC,726,49.59,Caenorhabditis elegans
SEQ_211053,GTCTGTCCTACCGCCCAGGATTAGCAGAGGAAAGCAGGGTTTCTCTCGATCTACCTCCTCCGTTTAAATTAGCCAATGTGGCCGGGGTCCGGAGTCTTAAGACGTCGGAGTAGGCGTACGATACAATCGCCGTGGTACACTAATTACGTTCCGCCGGCTACCGTTACCATAGATCCATTCCCAAAGGAGTTGGCTACGGGATCCCGAGTCTAATTGCTTTGCCCCACACAATGGATGCTTGATAACGCGTTCCAAGCAGACTCACGTGGAGACGCTTTGGGTCTTTGGCGCAATCTACGACCGTCTCAGTCCACCAGTACACAATGCGTCAGAAACACTTCTTTGAATGTAAGTACGCATTCACCACGGAACTTAACAGTTTCCCCTCGAAGTCTTCTGGCATCTTAGGAGAGTAGCATGTATCCGTGGGGATGACGTACTTTCCTTACCAGCATTGTGCGCCCAACCGAACTGCGAGCCTCATGTCCGGGTCGAGTAACTGCGTACTGTAAGAGTGGGCGTATTCCCCGCCACGGGATCCGTTATACGCGGCCGATTGAACACCGCCTACGGTTACCCGTCCGATTGCAGGAGAGTTGATTCAAGTCCCGGAATCCTGATGTAATCTACACGAGTTAAGTCCACATCCCCGGCGCACACAGACGTTGCAATATTAGCTCCGGCAACTACGAGACATTGCCCCTCCGATGACGCAGGTGGGCTATAAGAAGACGATGAGGGCGATTGGTGTCTGCTTCAAACTTGGGCAGTTATGTGACGTCCCTGCACAGAACACCATGGGACGCTCATGCCATAATCTCGGGATGCGGCGCACAGTAGAGGAATAACATAGGAGCGCACCTAGACTCGTCAAAATCTGCCGAGCGTTTGTACTGATAGGTGTAAAGTCGGGACCACATAAGACTTTACGGGGGTGGATTACCGAATCGAGCGCCTTCGATCAAGCCCAGACTTGAAATGTCCTGACTTTAACAGCTGATTACATCATGTACGTGTGAAATACTGAGGTATTCAGAAAATGCGTCCCTACGTCTGCGTATCACGTCTCCCCTGGCCTGGCAAC,1084,51.94,Homo sapiens
SEQ_795895,CAACATAGTGAGTGTTGGAATCGAGGCTAGAGCACACTCAGCAATCTCCACTCCCGGTTAGTAGGGCGGGGGAAGTAGCGTTCAAGATCGAAGAGTAGGTGGGCTGCGGTAGAAACCAAGCCCCATAACGTTGGACCATCAATAATAGAATATTTGTATTCCAGTTTTAGCCGAGGGGCCTGCGCGGTGTACGTCTTAGAAGCTTAAGGACGCTACCTCGTAGAATTTGCTTTGGGCACCATTTCGGGACCGTACATCAATCGAGTTTGTGGGGTGAAAGCGAACGCGGTGGCAGACGGCTGGGATCGCTGCGTAGACTGAATTACTTGGATAGTTAGATCTGCTGTACAAAAACCTCTAACCTTCGGTTCATAGGTCATAGATTGGGGGCGTTTCGGCTTACTCACGGTAACTGCGCTTAATGACGGGGCTGCCAAGGGACAGTAGCACGAAAGTGACGTAACACGCCTGAAGGTTGTCACCAGTAGGATAAAGCACTTGGGATAACAAAACGCTTGCCAATCGCATGTGTATCATCCTTAGCGTAGAGGTATAGCGGCTCCGGCGGTGTCAGACCTGTTGACTGGCAGCAGGTCGCTGGTAATAATGAGTTACGGTATATCCACCAACTTGGAGAGTGCCTAGATTATCACCTCCGACCGTGCATTAAATACTACGCTATCTAATTCACACTTATAAGAATAGTCGAGATCGGCAAAGTCCCATATGAATACTCATAAAATCGCTACTACTTCTATCAGCCATGCGAGTCTCCTCCCGTTCAAGGTGACAAACATCGGGGTCTGTCCCTCTAGCGGCTCCCCTTTTTATGCGTGCTCATACCATCTCCTAGGGTGGCGGCCCGGCTGGCTTGGCTTGTCCGAAATGAGTCAT,894,49.89,Mus musculus
SEQ_526997,CTAGCCTCTACTAGGTGTACACAGAGTTTGAGCCTATTAACGTAGAACTGCACGAGGAGAACTTTTACAGATGCCCGCGCTAGCGCATGCTGCCCAGCAAATGCCTGCTGCAGTGGAAGCGCCCACCGTTCATCCTGTTTACCGCGATTGGCACTGATATTGAGCCGGGCGCTACCCCGTCGATAAATAAGGAACTTCGTGTTGGTGGTCCATCCTAAGATTTCAACTTTGCAAAGCAGGGAGTAGTAACCGACCTCTAGAACACTCTTGTATTTGAAGTGTACGGGCAAACAGATCGGACTTATGGCTTGCTAGACACCAAGACAGTTGCCACTTGGGACCTTGGCCATATAGGCAGTGTCCTATTCCGAACGTCTCTTAGGCATCCGTCGGATCGCTGAGGAAGCTCCCGGTTTCTACATGGCAAGGTTGTTGTCTGTGTCGAGGACGACTGTCATCCATCCGTGGGGTTGTGCCATATTACTACCTCAAATGGGATACACTTTGAATGGACGATTTCGTCACCGTGTAGTAGTCCGTAAGCTCTTACGAGCGGCCGCGGACCTAGTGACGCAATAAATGTCAAAAAGTACTCGACCCCCCTCCCGACCACGCAACGAAACCCACGCGCTTACGAACCAAATTTCTAGCGAGACGTGCATTAGCTCCCTGCTCGACGACCAATCACGCTCGGACCCCAGCTTGTTGATACAAGATATGTAAGAGTTTCCTAGTGTGGAAGAACAAAACTCACGTCCATCAGTAGTTGAGAGCCTGACCGAGAAGATAGCTAAAATAGGCTTAGAAGAAAGGTCTAATAACGTTCAACCCATGGTAGGTAACGTCGGTGATGTTGCGGGCCAGAGACGCATTGCAATTGGGAAAAGGATCACACTAACCGAAGGTGGCGATAATTGGAACCTTAGCGGTTTCGGTCAGATATACTGCCGTTCTTGCGCGTATAATATAGAACTTGCCACGACTTTTATCTCCTTATTTAATATGGTATGAACACCACGTTTGGGCTAAGGCTGACTTGATACTGCTGTTTTACAAAGGATAAGCTTTTTGCCTCCTTGGTATTATCTACCTCAGGTTCTGCTATCCTGACGTCAGACCCGCGCTCCTGATACGAGCAGTACGGCGATTGCAAGACTTATATCAGTCTCTTCTCAGCGAAACAATAGTCATAGTAGCCTCTGGTAAATACCCGGCAAGACTGGTATAGCAACCGTGAGAAACCTAACGGTAATCTATTAGTGGGCACTTATCGAAAATCCCTGTACTAGCTTGGGTTGTCTTGGGGGCTTTACCAGCTATTTTCTCATACTTCTATAGTCTTCCTATCATCCAAATTACAAAGACGGTGATTTGCCACACCCTATAGGACCGACGGTCTTCCGTCATTCTTATACGCCATCGATCTTCCGTTATCAGCGGTCTTGGAATGTTGATAGCGGCGTTTTAAGCCATTAGCATATACAGCCCTACTAGTCATGCTTGAACCAGACAGCCTCTCTGTCCGTTCTTGGCGTTCTCAAAGCCCAGCCTGTTAGAAGCTAAGGCCGGTGTTAACGCCACGCCCTAGTATGTGCGGCACTCCTTCAAATTCGTACTAATACCAGATTTGCAAGCAGAGGACTGGAAAAATGCGCTGCGACCACATCTATCACTTTTTAGCAAGCCCTTAAATGTCTCTATATCCAGTATGGACCCCTACAAGCGTAAGATGAGACACGCACCCAACTGAACCAATCCATGCCCTTTCCACCGCCCCAGGGTTTCCAACAGAAGAGAGCTAATAGTGGCGAAACATAGGATCCCAGTTCGTCACCTG,1837,48.23,Escherichia coli
SEQ_987981,CTTCGACGCGCCTGCCGCGACAGTGTTGGTCTACGGACCGGGCTCTGGTCCGGTTCCCACTAACACCTTGAATTACGCCTACTTAGAACTCAATCGTACTAGTTAATGGTAGTCAAGCCGCAAGCCTGAGCAGCAGCTCCGGCTTGGTCGTGCCTGAAATACTGGAGTCAGTATATAATTGTACTAATACCCGTAAATATGGACGCGCTGTCGACCATAGTACCAGTGACTCCTATGCGGGAAGCACGCTGCTAGGTGTGCCCCCTTACCTCGCCAGTTTGCCGTCGGAAACCGGCGGAGAAAACTGGATGTGTAGTAATGCGCTGTTTGTTAATCCCTAACGAATCCAGTACGTTCGACAATCCCTCAAGCACAATGTGAACAGGGTAGCATCTCTTCACTAAAACTGAGGCGCGCTTGGTTCAGAAGAGGACCCACAAATATGGTTTTTAGTTCAACCTGGTGGACGCCTGACTGTGAATGTTAAAAGACGAAGGGAGCTCGCGCCCTGAACAGAGGTGTAGTTAGACTTTAGTGCTCACGTGGAAGTGGAGTTGCGGAACAGTCTCGATTGTAAGTCAACGCTTCCCTGTGGAAAGAAGTCCTCTGACGGGGAACGCGTTGATCATCTCGACCGGGAGATCGGCGAAGGGCCACATCTGGGGCGTCAAACTAGTCGCACTACGTTGACCATTAGGACAAGTCCCTTGCAGTGGGTTTCGAAGGCGGTCGAACACTGTCTACAACGTGTAGTTTTCTCGGTCCTCCGTGTCTACTCCGGTTCCACTGGATCTTTCCATACTTAGCGTACCGGCCTAAGCCTGGAACTCATTAGGGGGCCAAACGGTTTGACCTGCACTGTCTGAAGCGTCGACTGAGTCCTTCTCAACTGAGCCTCAATCAAAAGCCAGAAACCGTGTCCCGTCCCCTCGCCTAGATTGTAAATTTCCCTACTAAACCCTTACCTAGAGGCGTGTAGTGGAAATAAGGCACTTAAAGTGAGTAACGTAGATCGACACCGTTTGCTTGAGCGAGCCGCCGTGTAATTGGTAGGTGGATTCCTGCTGCTCCCCCTCGCGAACTTAGCGGTGCGTCGGAACTTTCAGGTTCGATACTCCGCGAAAGAACAAACGAGTATTATCTAGGTCGAACCCTAGAGTAACGGCTGCTGAATAAAGAACTTTAACCCGCGGTTAGTTCGATAATTAGAGCCAGGACTTCGATATAACACCCTTGATAGCACGGGCATCTGAATGCGCGTCAAACTGATCAATCCGTGATCGGTTGCTCGCAGCCAGGGTAGTCTCTAAGACCCGTCAAGTTTAACGAGGGAGAGTCTCGCGATCGATGAACACAGGTTGCCGTCCCTCCCTGAGAGTCTTTGGAGGGCTGGGTCTATCTCGACTCTTTGAGCCGCGTACTGTTAGAATCACAGTGTTTAATCACCGGTTTATCACTCTGGAAATAGGGACCAGCTTCTACATTGAGGCAGTAAACTATTACAGGATATGATCGGGTAAGGGTAAATGACCCACAAGACCTAATTGTGGCGGTACCCTTGGTACGATCGCTAGTCCCAGGTCGATTCTGGCATGGT,1597,50.97,Homo sapiens
SEQ_558236,TCGCCGAGCTCTCATCTTCAACGATGGCGCGATGAGAGCATAGTGAGCTTCCCTATAATCTTATACCGCTTCCATCTATGACCTGAGACATTTCTCTGCTAAGGCCTGGGTTGAGAATATTAATCTGGACCTGCTACCAAACGACCTCCTATACAAGAACCTGTAGGGGATAAGGCAGGCTCTGATCAGAGTGCAGCTGACGGTTACTAACATTATTCCACCCATTGCGCGGCGCCTTCCATACGCCACCGCACCGACGTAACGTACGTGTTTGCACCGTGGGTCAGTCGCGACTTGGGGCGCGTTCTAAACCCAGAGCAACACCAACAAGGACGCTGCTATAGAAATTAAATCAACATTATGCACCGCGTAAAGGCGCATTTCGCGGCACGTGCTCCCACTCAGTGACCTACTAGGGGCGCTTGGTGGGCTACCCACTAGGGCAATAGAAAAAGCCTTGGATGGTCCCCTCCCTCGCTGATACCCAGAGATTATGTACAATGCTTCTGGGGCTTTATTCGTCGGAGCGCAGCCGCAGGCGGCAAATTATACCTCGAAAGCTGAGGCATCCGTGATCTTCGGCCCTGAATACCGGCGGGACAGGTAACCGTTCGTGCATAGCTGACACATGTGGGGACCATACCAAGTTACTGTAGGAGGTCTGGGATCCATTTGTCGGCTAATTGTGTGTAGTAAAGTGCATCATTCTGACATAGTTCAGCCCCTTACTTACCACTCGAGTTGAACCAGCCATTCAGATCAGGCTAGGCGTTTTGATGATCATTAGTCCACTAGACGGAGGGAGTTTCACGGTACTCCACCAAGGATGCCGTGGGTCCTACTTGGCACGCTCACGTGCGATCACCCCGAAGTTTATTATAAGACGTCTCTTCTCTGCGGCTACTGGGGTCATTATTTTAGTATGGAAACATACTATACGCTCCAAGTGTAAGGGACGAAGAGTATAGAAGCAAACAGTGTTTGATCGCGCCACTCGGTGTGCTGTAGAATGTCCCGTCGTAATCAAATTTATCTCAATATGTCCGATCGGGGTACATGCGACAAGCCCGCCTTACTAGGGACGGGGTTGCTAATGCCCGACACTCAAGCATGTTACTCGGTCCTCAATAAAGAAGACATTGCTGCTATCGGAATGGATTTCGAGGCTCGTACCGCTCTATTATCTCTGTCGGCCAGCGGGTAAGTGCGTCCTGATGACTGTTCCACGAGCGACCAACAACTCCCACAGGGGATCTAATCCGTCGCAGGCCCGGTGTGCTGTAGCTGGATTCGGTGCTTCCGGGCGCAATAATAGAGAGGGTCACCTGTTGATCGATATAGCGTTCGCGATTGCACGGACATCGCGCAACACACTCCACAGGGACTCTCTCTGTGGTGATCGCCAAGGACATATATCATGAGGTTGCATAATCCCCTAACGAAGCTACTATGAGCTAAGTGTGTGCTTAGCAAGAACTCCTCTCCATGAGATTTCTACGAGCGAGCCCCTTGTGGTCAAGC,1521,51.35,Mus musculus
SEQ_404576,AAAGTATTGACTCTTTAAACCTCCTGGCACTGAATCGTAACTCAAACAGACTCAGGATTAGGTATGCAGGCTAAGATCGATAATCCTGTCGTCTATAAACGCGGCGGGTGGCTCTGCGAATCCGTTCTTCATTTTAGGATATTTCCCGCTTGCGATCACTGGCAATGTCAGAGTTGAGCGAGATTCCACGGACACTTCAATCTTTCGGTGTTGAAAACTAGTACGGTTAAGTCGGTGCGTCGTCGGGGACCCAGTCGCTTGCCGGCGCTTTGTGATTTTAGGGGGCTTACAATGCCCCAAGAAGTTATCTACCTACTCGGGTTTCCATCAGCGCTCGGGACGGGTTGTTGAAAGACTTAGGTCTAAACATAGCATAATGAAGCGGTATAAAAATCCACGGGAGATACACATGTAACGAGGCACCCCCGTTTAGATTGGCGTCGCCAGGCAGATGAGTGCAAGTCTCCTTCCAATACCCTTCTATAATACTATCGAGCCAGCCCCCCAGCCCGCAGTGCAGCGCCGGAGTTATTTGTGGTCTTTACCGCCGTTATGAAACGACAATGGCGGCGATTTGGCGAGTCGCAAAGTCAGTAATCGTCCGCAGGCATTTTGAGCCACGTCGAATGTCATTTTGCAAAGCCTTATCTCCGTTTAATACCGCTTTTCCGTGACATATGTCAAAAGAGACGCACAGCCCGCGAAACTATGCTTTGTGGGCTGGTAACACTAGAAACGACAATTTTGGCATACAAACGGCTAGTGCGCTGGGATCATGCACCGAGTGTTGGCTCCACACCCAACTCAAAAAGTCTACTACACACGGCCCGCGCGGGGGAACATAATATTGATCCAATATCTTAATAAGTCTGCAGCACCTGTGGACCTAGGACCTCCAGTCGGTGGCGCCCCAGGAAGCCGACTCGCCAGCCCCCCTGGCGACCCTGTTGGCTTAACCGGCATGGCGCATCCCAATTTTGTGAGTGTTCGTGAGGTGGCTCGTTCGTTCTGGGCACGACGTCTTAGTTGCCAGGCCAGTCATGGTATCGGATTGAACCGAAGAATACGACGCTGAATCCGACAAGACCCCAACGTGGTCAGAATGATAACGCAAGGGCCACCCATCATCCAGGGCCACGGTCTCCCGATTGGAGCGCAAAACGCGAAGGCAGCGAAGCGTCACATACTAGTCATCAGGGGGTCTTTCAAGCGAGGCGGCTCCTATCTAGCGTCCCTGAGCCTCGGTGTCATGTCTTCCCCGTTTGCTCCACGTGAGTCAGGCAAGGGTCACGGAAAGCCATAATGTTTGTAAAATGCTATCGCGGAATTATTGAAGTTCGTCCGTCGACGTGTGGACTCATGCACTCCGAGGA,1373,51.93,Arabidopsis thaliana
SEQ_140075,GCGAGTAAGAGTCACTGGATTTAGGGTGGGCGCCAACTTCTAAGGGACATGGATTCTCGGGACAGAAACTTGATCGAATACCAACCAGACACGATTGCGCCCACGGTTACACTATGACGAAGCAGTTCCCGGCGGGAGGAACAGGTGCGACCCAAACTCGATAAAGCGAGGGCTGCTAACTGATTTGCCGGGGACTCTTCATTGTACCCTGATACCTGTGCTTCTTGGCGTGGAGCTGCATCACGGCGGTCACAGCCCCAAGCTTTGAACCACAGTGCGATGATCAAGGACAGACTAAAGTATAACATAATGACAATGGGCGGAAATTATAGGGCAGCATTTTGTTAGTATGTCGGATCATCGTTGTAATTTAGTACGTACGTGATGGCTGGCCAAATTCGGTACTATGCGGCCAACAGAACCGTTTCGACTCCAGACGTAATATCGAGCGTGTCTTCGCTATCAGCGGACGGCTGCGGATGTTGGAGTGGTTGAACACTGGGAACCATAGTTAACTTGCATTTCGTACGTGCGGGAAGGCTAAGCGATAGGACTTCCAGTTTCAAACTCAGGAGCCGAAGGATAATATCTACGGAACAGACCTCCGGGGGTTCGACATGTACGGGGACGTATTCACGCTTTCAGTCCAAGATGCAACGTTCCGAATCAATTTTAACTTCCCCTTCAGGCCCTTGCTTGTACCAAACTGCCGGTGGGTCTAGTCCCGGATCAGCTGACTTGAAGTTTCCGTATTTGACAAATGACGTCTTCCGCGCGGGCGGGATGCATCATTGCAAGCAACGCCTACTTCGACTGCCGATTCGCAGTCCGGACGCATCGAAAGCTTGTGCGGTAGTTTGGCCTTACCGCCACCGACTCGACTAACGCGATAGGCTATTGACCGCCCAGACAATCATCTAGAGAATTGGATTCCGACGAGAGCTTAGCACCATTATCTGTCATTTTACGCGCCCAATTTGTTGAAGTCGTGCAAAGGGCTATCGCAAACTAATCCTCAGACAGGCCTTGGGTAGAGCTCCGGAGTGACCTAAGGTCTTCGGTCCTATCGTGATTACCGCGGCAGTTGCATTTCAACAGGAATTCAGTCCGAGCTGCCCTGCAGATGTTCG,1130,51.24,Mus musculus
SEQ_113222,TCCGGCCCGCACACAAGCTACCAACGTCCTGCAAGGATTATTGGAGTGACCGACATTACATACGCCTACTCAATAGTGCGAGAACCTGAAACATCAATAGCCTTCTTGCGTAATAAGGGACAAGCCAATGCGTCAGGCGTGAGCTCCAACAGTGCCTGATGGACTACCGGGGTGGCCTTGCCCCTCGGCCTCCGAACGAAGAGACGGAGCAAAGGGAGTCGCTCTACCATGCGATGCTTGGGGCGAAACAACACGCGCTCCCGCACACTAGTCTGCTAGCATCTCCACAGAAGAGCGTTTCCGTCATAACCTAATACCGAGGCCAGTAAACAAGTGCCAGTAGCGGTACCAGTGAGAGAGCTAGCTCATGGCAACCATTGATCACGCATCAGGGGATCACAGGACTCCTGGCTTACGGTGTCGGACCATAAAATGAACCTATCTGTGGTAAAACATTGTTAGTTTGATATTCATGACCAGTCACCTCCGACAATAAGATCCCAATGTGCCTTTCCGCTACAACGCACCGCGTTAGGATGGCGGCGATTGTGGGGAAGACGAATGGCATTGTGAAGTATTAGCCGAGGTAGTTGCGCTTGATGTCGTTTGTCACATCCATCGTCTGGTACCTGATCATCGGAGCTGACCAGTATGCCAGGGAGTTCCAGAACTATCCCCGACCAAAGTAGGGTCGTACTTCTATCAGATCCAGACCTGCCTTCTCAAGGTGTATGCTATCGACGGGTTGCTTTGTGGCTCTGCGTGTCAGCCAAAAGTGTAATGTGTAAAACTATATCCTAGTGCAGATGTGCCCTTGTACTAGCGCTGCTATCGTAGCTAATTCGCAACCCGCAGGATTGTCTTCTGCTGGGGTTTCTTATGGGATAAGGTCAGACTGACGGGTGGTACCTTCTATGGCCTGATCGAGGGGACGGTAAGGAGCCCATGGCTCGGCAGGTCTACGGCGA,968,52.17,Mus musculus
SEQ_943154,ACACGGTTTGGCAAAGGGGGACATTGAATGTACTCGTTGGCATGCTCATTGTACATCACCATAAAGGTCATTGACCGAACGCGAACCTTCTACTGTGTAGTAGTTGCAAATGATAGGTTTAATAAATTACAAGGGCCCTACTGTTAATACCTAGTACATTATGCGCTGATACCTTAGAGCGGCATTTGCGACATCGACAGTAATTTGGGCACTACATGGGTGCCAGTAGCGATCGAATCATAGTCGTAGGGGACCTTGCAACGAGTGGCACAGACAACACGCTCTTAAAGCGCTGCTGCTGAATAGTATCTCGAAGGCATGAAATCTGACACTTGCATGTAATGTTAAGCTCGCGGGTCGGAAAGCCAAGCTCGGGAGGCGAAGCCGCTCGAATGCATCCATCCCGTGCATCGCCGTTGGGAACACCTCAACTAGCCGATATGCAATGAAAGACCGTGGCCCCGGTACCGTAATCAACGAGCCACACAATTCGGCGGGTCTTATCTCTGGCTAGCACCGAACTGGGCGCACTAACAGGGTGACCCGTATAGGACCTGCGAGCTTACAATCGAACCGTACCTGCATTCTGCACCTCTCAGTGCGCGTACTGACGGCTCCAGGCGTGCTGTTTAGATTCCCGCTTGTGACTGCCACTCTCTACTACTATCACACAGAGAGAAATACCGCTGGCCCGAATGTATTTGCCGTTTGACGGCGAGGGTTACTGTCCATAGAAACGGTCGCGGCTGTATGTCCAGGCATCCGTCGAGAATGTACGGGCGTATAACGGGCCCGGCTGCCGGTACCCATACTATATGATCTACGCAGAACTGGTCATCCTGACATGTGACCTCACCGGTTCTACATGCTTTAATCTTGCCCACCGTAACATCAGCGACTATCACATCACAACGCTGGAACTCGCTCATTGGAGTAATGCTTTACTCGTCACCTAAAAAGGCCGAGAGTTGTACCTATAGCCTGCGCTATGCAGTTATAGTTAAATAATTCCCGCGGGATACGCGCTTAGCGACAGGCCCTTCAGACTAATGGAGAACCATCGCACCCAATGATCGTTGTGCGCGATGTCTGTCTCATGCAGAGGTGCTCCAGCCGCTCGCCTAAACCAGGCGACTATATACTCGTAGTGCCGCTAGACAGTCGCTTCTTCGTGAATCGGATTCTGGTCTGGAAGTAACCTACTCCCCCCGACCCTACTTTTATCAATCCCACAAGCGATCTGATCTCAGATGAGCGTCTTATGCGGAGCAAAAATAGAGTGTTACTGTAATTACATACTGCAGGTAGCCCAACCCCAGGGTCGAGCTCGTTGCTGTAGGGACAACGAGGCTTCTACACGGACGAGATCAACACCCGCCCTGGACGCGAAAGTCAGAAAAGAATCGTCAAGAGGATATCCGCGCCCGCTAACGTACTGGCTGCATTGGACTAAGGCTACGGGATAGCCGCGGAAGACTCGAGC,1483,51.58,Drosophila melanogaster
SEQ_808864,TACAGCAGCTCACCGTTCTCGGCGAGGTAGTGGTTTCCTCTCGTTGGCAAGGCAAGATGGGGGGGTCGAATAGGTAGAGGGAGGTTGCGCTTATTGTCCAACGAACAGTTGCCATCATACTGGAATTCGATGGGTAGAAACGCGTGTGTTCGTGTGCAGAAACGATTGTGAAAGACTGTTAGGTCAACCTGCGAAATGATACGGCTTGGCACTTCTGCACACAGATCTAAGACAACTATCGTTCATAAAGTAAGGAAGGGTCACCGTCTCCTCATATGCGATCTTCGTGCCGTACCATCTAGTTACGCTTATGTGCTTTTTAATGGAACCGGGCCCGTGGAGGTCTAATTACCAAGGGTAACGGCATAGGATGCCGTGCGCAGCCGTTCATGTCGCCGGCTATAGTCCCGTAGTCGCCGGTCGGTGAACCTCGGGCTCAGGGGTTACAATGTCCCAGGGATGCTACGGCCCGTCTAGCGGTCGGTGCCCTGACGCTAAACGTTCTGAGTTCACATTTTGGTTGGCTACGGGCTTCCTCGAGATCGGGAATATAGCGGATTCATCATTATGTATCTCCGTAAGCTCCACTTTACTCCAGGGACTGCTGAAGACGGACCTGCGATAGACTCGGGATAGCTGCGCTC,644,52.64,Mus musculus
SEQ_422700,TACGTGCAGTAACTGCGTAATGTGTTGAACGGCAATCTGCATTACTTCGACGCAACCGGTAGACGGCTCTGACATCGATGTAGGCTCACCAATTATTAGGTACGCTTTCCACTTGTATCTCGCAGCAGCTTCGCATCAGTCGTACGCACGCCGATGCCGATACTTTTCTTAATTCGGGGGATGCTTCAGGTACATCGGAAATGAATAGCCAAACGTGGCCTCGGACCCGGGGGGCGGGTAACGTCTACGCTTGCACTGTTTGTGTTATCACCCAGGGGAGGGTTACCGTAACTGACGGCGCTCCTACAGTAAAATCGACGGAGCCATTATTCTGAAGAAGATCGGGACGTATTCTCGTAGGGCCGAACAAAGCCGTGCCTGGATCTTTAGACTTGTGATTGACGCTGCCGGACTCTGCTCGATGGCGAGGGACGGTGCACACTGAAATCTCTGGGGTTCGAGGTAGGTAGAAACAGTGTATTGGGTAACATGCTATGATGCAAGAATATGACTCGGGGCTCCTAGCCGCGACGCACTGCCCTAACGTGAACCTTCTATTGTCCGAAGCCTCTGATCGGCCTCAACGAACGCGCCAAGGATGATTTTTGCGGCTTTCAATTATTAAATAACTTACACTCTCCATCCGGTGCATCTATTGCTCTATGCCTCACGACGGTCTAGTTTGACCGCCCAGCAGCTTAATCGCCGTCATTTAATACCCATTCAACAGTTCTGACGGACGGCCTCGTAGTCGATTCGTTCGAGACGGTTCACTTGTCGGCCTATCCCCAGACCTTGGTATACGATAAGCATTATCTGGGCCAACTTCGAGCCATCCCAATGCATGGGGTCACTTAACTCTCCTTAACGAACGCCCCGCAATTTTGGCTGTTCCATCCTAATAGATAAGACACGTATACGTGCGCGTAAAACGCGGAGACTGCTCCTCAGCCCTCATGTTAGTCGATCCCGATAGACGCCGAAGTCCTTGAAGGTGAAGGACCCAGGCTCACCCATTCGTGAATGGATTCACCAGATATCGACCCCCACTGAATCTACGCAGCGCGATGGATAGGGAACTCGCTATCC,1089,51.61,Drosophila melanogaster
SEQ_821865,TATCGATTTGCTCCCGGTTATCCTCGGTTGTCTTGTGCGCTGCTAGTGCGACTAGTTTTAGCTCTGCCCGGGCTCGCATGTCCTGTGTTCAATTCCTTTGTGACGAACACTGACGACCCGACTCTTATGACCGCTATCTAATGTATCGGGATGACACGCCCC,162,52.47,Homo sapiens
SEQ_284364,GGTCAAAGCAATGGTTTTTTTGCTTATACGACGGGAACTGGTGCCCACTGCGAACCATTGATTTAAATACCGATTGTTTGAGACTCCCTGGTACTGATTTTTTGTACTAGCTCCTAATCAGCGTCGGAGGCTGGGATCCGAAGAATCCTTGGGACTTAAGTGCGTTGTCCGTCAGCTTCTTTTAAATGCATCTATCCATACAAAGGTTACTATAGAAAGACAATATCCTACCCCACACACATCACCTTTCCGATTGAGTCGCCGGTCTGCCAACTTTATTCGTGTTAAACCATATACTTCGGTGTAAACAGGGGGTCTGCTTGGCACAACACAAATGAAGACGCTCGTTGATGCGTTAGTAGTAACGCACAACGGTCCATTATTGAACTGAAATGGATCGGCGCTGCTAATCTACTTCTCCATACAAGCGATGATATGGAAGTTTGAGGTACCGTAATCTGTGTAGGACAATTTAGCAAACAGAGTACCGGCCTTCTGCCGGCTAATCCCTCATACCGTCTCCAGGCTGTCCGAGGCCGCACGCGACAAAACCTAAAGATTTGCAACGCATCGCGACAATGTTTGACACACTTATCCGTGTCACTTCGTCAGACTTGTGACGCGTAATCAACATGGTCGTGCGATGCGAGCGGGTGGTTACCACTTGTTAAAAATACGTAAGAAATGTCCCCTTCACATTTGCTGCTCAGAATACTTGTTACGCAGGTATGGGGAAACCCGTGTGACTGTGTTTATTGTCGCTT,764,46.2,Mus musculus
SEQ_422203,ACGACCCCCTGATCAGGGTAATTCGTACCATCTTCATGTGGTAAGACAGGCACCTAGGGGGCTGGGAAATTAGGTACACCGTGCACGATACAAAGTTTTTTGGATTCTGTTCCCAATCTACTAAATCGTGCGACAGCTCCCCCCATACAGACATGCGAGACTGGGCGCTTTTTAGCACGAAGACTTAACATATTAGTCACGGTGTACTCATTCGGCTCGACTGCGCAGTTTTAATGCCCGAGTGTACTTTCCAGCATTATCTTACGGACCTTCAATCTAATGTAGCGACGTTTTTCCGAACCCTATTTACGTGGCGGCTTGTATTATCTGCTCGTCCCGCCTATGTGCACATCGGGCTCGTCTATGAGACGGCATGATCTATCATTAGCGAGAAGGGACTAAGGGCGAATTTATTATTCTCTTCCTGAGCTGCTTCTCTACGGGAAGTCTGGCTTTAATTAAGTGCAGAGGGCATCGCTAAGCATTGGCAGAGTACGAGAACTACGCTTGACAG,514,48.05,Homo sapiens
SEQ_967548,CCTAAGGCAACCTTGGGAATAGCTTGATCCACCCGCAAGGGGTCCCCCTAGTATATGGCAAGCAGTATTGTCTCTTAGGCCGCAACGCTGTCAATAGGCGATTGCGTCATTTTTAAATTCGTTGTGAAACGGCCCTAGCACCGGTATTATTTAGATCGATCTGTCATCAATACGATAACCTTTTCGATTTAACTTTGCCCAATTACCAGTCTGAGCGCATATTAATCGTGGTACTGCCACGTCCCGGTTGAAAAACGGGTCCTGTACCCAGGCGGAGCCGCCAGACGCGATTTATGCGCGCCAGGACTTGACTCTAATGGCTATGTCTATGTCATCCGGTGAGGCACCGTGTAGTATCCGACATTTATAGCGGGTTATGTTCTCACTCAGAAATTAGAAATAGCCCTCCAATCCGTCCAGAACGAACAAAAACTCGGGGCAGGGAAAGCATGGAAGAATCAAGAAGTCGACAGACCTAGAGCGCCGCTGCCGGAATTATCTTATATATTTAGATAGAGTTTCCACGACTTAGCTGACGTTCGTGGTTCGATTCTTCCTAATTGCAGCCCTTATTTGAAGGAGCCCCCTATGACTCCTATAACTGTGAATCTTCAAAGCTTAGTATGTCCAGTAATACTCAGGATGTCGCCCTCTTGGCGTATAACGCCATAGGGTCAACGGGGGTTATTTGGGCCCCCCAGAGTTTAAGCTCCGTCGACTAGGCAGTGAAAAGAGCCGAGCTCTGATAAATAGGAGCGTTCAGTACTTCCTGGGTCAGTGGTGACTACTAGACACAACTCGGTCACGGCCGTTA,814,48.4,Escherichia coli
SEQ_692953,TCCGAAGTAGCAGGGTTGAGAGTTCATACCCTTTTCACTCGGAGGACCCACGATCGAGAAGGGGCTTGGATTTCAGTGCCGTCTCATGGACGCCGAGCAGGCGTCGTATAGAATGTACCGTCGATTCCTTAGCGGCTTGGAGTGTGTTAAAAATTATCTATGGACCGCCTTGACACTGGAGATCTGTCTTCCGTGTCTAGAGGATATCTGATAAAACTATTTTCTCATGCACCGCATAGGGGTTCGGCGGCAATCCACCTGATATCCCGCTGACAAAGGCTTGAGGCTGGACAACTGCCGCTCTCAATCAGCTACGTAAGTGTTGCGCGGGGAACCGCTCGATTAAGATATCCCTTCGGGTTATGTTTTTGAATATTCGTATCGGTGCTGGACGAGGATGTTTCATAGGGCTAGCCGTGCGTTACCTGTGACTCCGGTACTGTTCGGCACCATCAGTGCTTGACGGTTACTTTGATCACAAGTCCTATCGAAGGCGCTTTTCCGACCATCCCCAGGCTTACATAGACCCAAAGGTTTTCCGAACGTGCAGATAGGGTCATTTTCAAACGCGTCAGATCTCGGAACTGTAGACACTGTTGATCAATAGGAGGCTGCGATTGCCGATAGAGTAGAACACCCTTACCCGGCGTTACTAGCCGCATTGATGCCGATTGGGCATGTCGTACAGGTACAGCATCACATACTCGGATCGGTTCTAAGACAAACAAGGTAGTGCTGAAGTAGTATCACGTCCATGGCGGATTTGAGATACCAGGAACTGGTGAGGAGGATTCCGCTGCCTTACGCACTTCTGACTCGCGCGGACAATGCAGTCCATAATCAAGAGTTTTAAGCGTATTGTAACGGGATCTCTTCCCTCCCCAAAGTATCTTCCCTTATTTATTCACCTTGAGCTGCACCGAAGTCTATTTGTAGATGCTGTATCCGTTGTAGACTTGATCCTAGTGAACGGTGGCAGTCCTCCACCTTTAACTTAAAGAGAGACGGATTCTTGTTTTATGGGGATGTCACAACGCGATACAACTTATGCATATATGACGGTATTGGCCGGCGGTCCAAAGCC,1084,49.26,Homo sapiens
SEQ_249649,TAGGAACTAGTCTGGTCTGCTCCAGATTATAGTTCCCCCGCAACCCATGACAGGCTGTAGCATCATGGAGATTTGAAGACACTCTGTATTCTTACACCAGTAGTGTTATCCTAGTCGTTGGAGCTAGCTGAAACAGACCCAATCGGGTCCAATCTGCTGCTAAAAGGGGGTGTAGGTTCCTCCACCCTTCCATAATCGTGCCAACCGGGCTATGGTGACGGTCCCAGCTTCACCGAGCACACAACTTGATCTAGTCCTCATGGAGGCTCCCACGCAATCGATTTTCATCGAGATACAATGGTTGCGCGCAGTTGGTGCAACTCGAGTCGCCGCTGGGCAGATCAAGGGTTTAAGTGTCAGCCCCACGGATTAGGTCCCAAGTTAGGCGCGCACCGAGACGCAAGCCTACGCTTCGACGGACGTCCACACAAGTTGTAGGAGATGTTGCGAGGTGAGGTACGTCCAGGACTTCGGTTGTCTCATAACCACTAGCCGGAAGTATGTTGAGCCCATCAACTCAAAATCTTTCCGTCAATTGGGACCGGCTACAGCTGTGCACGTCAGTGAAGATGAGTGAGTGGATAACGGAAAACTGTCCAGAGTCGGACGAACCTTGGGGTACGACCCGTAGTGTGCTAGGCCCCTTCGATCGTCGTCGTTTCAAGACCAGTTTCTCTTTTGCGTGTTTCCACTAGAGTATACGCCCAGACGTCTCAATATTGCAGGCGTCCAGAAAATCTCGTGCTAGCCCATCGTTAGCATTGAGAGGCCTACAACGCTAAGTTTCAGTTACAATTGTCGGGGTCTTGGTTTACGTATTGAGTACAAACAGTAATCGAGAGGCTCATACCTAGGCTAAAGTCAATTACGATAATCGCGTTATCGACAGCGACTGGAGACCAGGGCAATACAGAAATGATGGACGGCTTGTCGCGAGCATGTTGTAATCCGGTTTTGTACGGCGAAAACGAAAAAGCGGGCGAAGGGAAACCGCTGCTCTTCTAGCTGGGTAGACATTAATTCGCAGACATAACGACCAGTAAGCGTAGTCGCATGTAAATCACCCTAGCATGATATTACCTCGAGGAAGCGCTCTACTGACGTACAGAGGGCTTTCCAGGCTAGAACAGGGTATTCGGGCTGCTCTTGGGTGATGCCGTATGCACGAGACAACATGGTTGCTTTTGCGAGCTTTGTCGCATCGATGTGCGGTCGACTTCGTGTTCAACATACCTCGTATACGTACCCCTTAACGGGGCCACGGTAACATATGATGACTACCTGAAGATACGGCAGTGCTCGGAAAGACGTCTTTGGATTGTGTAGACTTGAAATAT,1337,50.41,Homo sapiens
SEQ_197336,AACTAGCTTTAGCCTCGCTATCGGGTGCAGGTCATGCGTGCCTATGTGGCTAATCTGTGATGCGATATCACGTTGTACCTCAGTACAATGTTATTGCTGCCGTCGATATGTGCAGAGGCCGGACTACAGCCTCTGCGGTTGACCGAACATCTGAACCCCCTGGTCGTTAGAGCAACCATGTAACTGGACATATGTCATATCCGCTCTTCTTACGGGAAATATGAAAGAGAGCCTCTAAGCCACAAGACCTAGACTATCTGAACTAGTATGGCCTGTCTGAATAGACTCTTAACCTCTCGCCCCGCGATGTGCATAGCATGCCAAATAGGCATAGTAGGCCATGCACGGAGGCTCCTAACCTAGGGCATAACCAATCCCCTCGCTTTCAGATGACTGCTCGAGAAAACTTCGCTATCCTAACCCATTCGGTTGAGGCGGGCGGTTGCTTCCAAGCTATTGGTGATGCCCTGGAGTCAAGCGTGATTCTGAATCCGTGGAGTATTAGGCTATGGCGTCAATCATGGTTTACTTACATCGGGGCAGTAGTGGCATGCAGCAGAAGATGGTATGGACTAGCGGTGGCTATCGGATCGTCGGGATCGAATCTTCTTCACAAAGTAGTCACGGTGATTTCGACGGAAGACAAACCAGGTTTCACTGTGGTTCATTGGCTAGCACTCTCCCATTAAGATAACGACCCCAGAGCCGGCGCATGAGGAATCGTTACCGGACAATGTGTGCTATTGCCTGAGTCCAGAAATAATGAATAAACTGACGGGACCGGAAAAGCCGGTGGCATTTTGAGACAACATACGTGCACCAAAGTAGACTAATCGAATTTGCTGTATGTCGAAGGTTATTTACCTTTTCGTGGCTATCATAGCGCTTATCCAGCTAGACCGACCTTTGGCTGCTCTATAGCCTCGAGGCGGGTGTGCTATGTTAGGAATTATTAAAAGAGAGCGAACTTGCCTAACACAACGCCTTATGTGATCTGCCAACAAAAAGCGAATCCGGGCCCTCGAAGCGTGTGTGTGTCATACTAATGATCCAAATGGCTCCTTGGCAAGTGCAGGTAACAAGATCAAGATAGTTGGTTGAGCATCTACTCTTGACCGGGCGAGGGTAGCCCGGAGTCAAGTCTGTCAAGGACTCTTTGCGCGGTTGCCTAGCTATTTGGACGTCATGAGGCTTTTATCTGTCGGAGACAGTCGTTTCGTCTGTTTTGCGTTCTTTAACAGTGAGCATCTCTCTATGCAGCATGGCATGGTTCTTTCTAAACGATATGACTTTATTAGCAATATCGACATGTCTTCGGTTAGGACATCTTATTAGTTCTCTCTAGTGATGCCAAAGCTTCTGCGGAAGTATAATCAGTGCCCATTTAGGTATTCAGACGAGCCTGATGTTGCGCGCGGTTGTCAGCCATAAGTCCGAAGTATAACTACTCACGTACAGACTTGATCGGGAACATGCCACTAGAGGCGGGAAGTAACCTATACACGATCAGCGAGCACAAGACCGATCCAAGGCAGAGAGGCTAACGTTGGGTAGGCGGTCAAAGACAACGTTGTCATGGTTGGCGTGTAGCACTGGATTCTGCTTCGATTCTTGACACGGTTCGAACTATCGAGCGCGCGTAAATTAGCAGGCAGTCGCCTTCATAGGACGTAAGTATATTCGCGCACAAGATGACTATGAGAGGCTAGCGAATCATGGTCGTAAATTAGGATCCGAGGATATGCACCACCCTCTACTGGCTACCCCTTAGACTTGCAAACCCACCGGACGTATCCGAGCAATCTTCATGAGCAGCCGATCGAAAAATCTCAGCGCAGCCGAAT,1844,48.81,Saccharomyces cerevisiae
SEQ_150541,TCTATACTCCAGATGCACGTGGATGTTCTTGTATGACGGCATCCGTAAACATTGTGCGTATCAACGCGTGGATGCGCACCCCTAGTCGGCTTGAGTCGCGAGACTTTCTTCTCACGGAGGACACACGCGACGCAAACTGACCAGCTACACCTTTCACGACTAGCAGATTCGTAAGTAGAATTGTCCTCTGGCAGTAGCGACTCTATAATTCAGGTCGTAGATGAGAATTAAATCTTCCGGGATTTTAATTAGTTGAGTAGATTTCTTAGGTTAAGACTCGGCTTGAAGATTTTTTGACAAATGAGGCAACCGGGAAGTCTCTCATTCGCTCTATAATATTGCGGCCATTACCTGGCGGAGCCGACTAGGGATTTCTCAGGAGGAGCACGAGCCACATTGCCGGGCTTATACTCAGCGACACCAATAATTGTTTCGCTGTTATAGACCGTCGCGAGAAATAATAAGAACAACAAATTCTATCTTACTAAGTTAATGTAGCGGGGCAGCGGCACGCTAGCAGGTGCGGCCGCTCGGGCTGGTTCAACACAGTACAATAAGACATTGTCTGGGATAGTCGCAGTAGCTAAAATTAATAACTTAAATTCTGTGGGGATCATGAGGGCAGCTAATCATAGGAGTTCTGAAAAGGTTCCTTGGTACTGACTTTAACGGTCCCCCCCCGAGTAGATATTTTCACTATTTACATGGACGTGATTCAATCCCATTGTGCTTTGGGATGGGCTTGAGAAGACTTGGAATTCGTACATCGTATCGTGCGGAGGTGCATCAAAAAGCTACTCTACTACCCTACGGAGTCATATAGCGCTAAGGCTTTTGGG,839,46.36,Homo sapiens
SEQ_988633,GATTCACGTTATTATCGTATTGTCCTTTAACCGGAATTGTTAGTACACTGCGCGTGAGAGCTACAGGAACAGGGCTAGTTCGGACGAGGGATAGCGGTCGTGACCACGGGGTATCTATAACATATAAAACAGCGCGGGGGGACCACGCATCTACGGGTATGATACATCTGAGACTTATCAGAGCAGCAAACGGCTCCTCAAAGGTTAATTGGATGAGACCGGAATTTCTGTCATCAATGTAAAGATGCAAATTGCGAATTCTAGAAAAGTATCTTCGAGATGCAACAAAACGCGAACTCTTTAGACTCAGACTCCTAACTAAGCGGAACTGCACAAACTCGAGGTAGTTGACTGGGAGCCTCGTCGACAGAGGAGGCGTCCCGGCTACCCGAAGAAGTTAAACGGGCGGGCATGGTCGTGCAGGTGAAGAAAGCGGTAAGTAAAGGCCTGGTCAGGGATCTTCGCCCAATATGCCGATCTAAGCATCAGTCATTGCCACGAGTGCTCCCTACTTTGTATGCGGTCGGAAGGAGACTAATATCTATGGGGGCTGCAATGTTGATTACCAGCAAAGACTATCGAACACGCAGCAGTTTCCTTCAACTACCTAAAAAGATTCTCAGTCGGATTCTCTCCCAATTGGATAGATGTAGCGGGCGCATGTATCTGGCAAAATTTATTGACGTACGTATACCCTAACAATATAGTGCGAAGCGGTACCGCCAGAAAGCAGGAGGACACCTTATCTTAGACGCATCGGCACAGCTCGCGTTTAATTCTTCCAACGTGCAGCCTCATGAATATGCTCCCTCGCGGGATTGGGCGGGGGTCCGTGCACAAATCTCGAGACGCTGGAGGCTCGGGCTTCCGTTGGGTAGGGTTGCAGCAGATCCCGATGA,899,49.72,Drosophila melanogaster
SEQ_100308,CGTCCGAGATTGTTACATCGGAGCGACAAATGAAGGCCGGTCCCGTCCTTAGCAAGCTAGGAACCTGCGCAGCTTTAAGCCAAGGGTCAGGACGGGCTCTGCAAAGAGTGATGGAATAATCTTACCTGACCGGATAAAAGAGCGGTCATTGGTCTTAGTCATTCCGGGCCTGAAGGCCTCTATTCGGTGTACGAACGGGAGTCTTCCGCACTGGGGGTGCATAGAAGTGTAATGACGAATTTCGCAACGCCGGAAGACCTCGGCGGAACCGGCTATAGAAAGGGGCAGGTGTTTAATGTTGCTCAGCCATCAGAACTTCTTTTCTATTAATCTGTTATAGTCTAAATAGGTTTCACCGGTAGTTATGGCACAATGAGGCGACGAGTCGTTACGCTCTGAGGTGCACCCTCGAGTGGCTTACCAGTCCTAATCGATCGCTAGCGACTCACCGTTATATAATTATAGTCACTTCACTGGTAGGGGCTAGATCGCGAAGCAGTGTAATATGTGATAGGCGCTAATTGTGGGAATCTCCACACAGTCATGCGGCTAGTCCGTATATAAACGTCGAGCGCTAAACGGTAGAGAGGAGGTTAAGCCTCCAACGGCACGCATCCGCGACAAAGATCTCTGCTTTCTCCGTCTTTGTGGGAGACTGGCCCCCCACGCGACACTAAACACGGCTCGGCTCACCACGTCAAGGACCTTATTCAGGATGGTCCAAGGAGCTTAATACAGTTGTGAGGTCGTCCATCTGATAGATTAACTTTCGGCTCTACGCCACTGCATTTGTCGGGATGCGATGTGATTGCATTGTTTACTTGCATCTGTCATAAGGTGCATAATGAGTTCGTCGTACGCACTTGGGAGAGTATGCAAACTTGAGAGTACTCCCTCCGCATAATATAATCGATCCGGAATGGTTCAGCTCAAAGCGGCTTTTATTGACCGACCCTAGTCAGGGAATATCTATCAAGTCGAGAAGCACTAAGTCAGCGGACCCGTTGCATACTAGCTAGGAAGGCGCCAGGAGTAAATTAGATCCACAAACTTAAGGAGATGGTGGACGTGTTGGGTTAGGGGAACTTTTATATCGGACGTAAACAGTTTTTCCGAGTCCCCTATAAAGAGCGAAAAATCGTCATAGGACAGTCACTAGCGCATACAACATGCTCTCGCGGATGGCGCCCTAGTAGAAATACCTGAAAAATGGAATGGAACCGCACACTGTCCCATCCTCGAAGCGACTGTCTTCACAGCTCATTCACGAACATTAAGTCGAATTTATACATTTTCCGTCATATCGAGCTGACTGTTGGAGTCAGCTATCGAACACCCCATCCCTGGTTGGCTCGGGCTTATATCTTTGTCGCTCAGCATTAGGGCAGAGCTAGTTTTATCATACGCGGCATATTGCTCAATAATGCGGAATAGGGCGTTACACCCATTATGGAGGGGACGTTACGCACTCTTTAGATACCCACACATCTAGCGCTTAGGGGTTTCAGATGACTGGAAGGGGCAACAGCTTAAGCCATG,1539,48.93,Arabidopsis thaliana
SEQ_552446,GTTTACCACCGGGCGTTCGGCTAGCTCTTCGTGCAAGGTCTCCACGACAGCGCGATCAACCATGTGGTCCGCTCTATCTAGTCGGTGCAGATTAATACGCTGTCAGAAGCAGCGCTGCCACTCTGTATCGTAGGTATTGGCCCCGAGGACGATTGCGTCGTCTCCGCGCACAAAATATTTCATGGAACGATCTCCTTAACGAGAGTCCGCCTGCGTGAAGCAATATCTAGCGGGCCCGATAACCTCCGATTTAGCCCAGACTAATGAGCCTCCGCAGCATATTGCGAATTGTTTGTGCCGCGCTTATTGGGATCGGCCAAGGCCCGCAGACTTTGGCGGAAAGAAACCTTGGTTGTGCGGGGCGCGGCAGATGGAAATAATGCAACGGCAGGCTAATCGGCGTGCCGCCTAAAGGAAGTGGACCACGATCCATTGGGATGTCTAGGTACTACGTTCGTGTAATGCTACGGAGCATCATGACCTGATAGCGGTAGAATGACATCGATAGGGGAAAAGTTACCCAGCGGTAAAGTCGTCAGTCCACTAAGCCGCGCACCGAGCACGTGCTTAATGCGCACTCTGACCCTCTCTATCCGTACGGATGTGTACAGGTAAAGTATTCCAAGCCCCACGTACCCAGCGCTGGGCAACTTTACATTCCTTGGCACAGGTCTCCTACTGCATTGCTCCGAAGGTCCGCCTATTTCGCTACCATAGGTTAAGTGTTAATTATATATGTACTTTCATTGGGGAGGATCTGACCTACCCTCTCCGATAGACGAGGTA,786,52.8,Saccharomyces cerevisiae
SEQ_570820,GATCAAACTACAAGAAGCGAGTGTAAGGAAAAGACCTTGGGCCCTGTGCGTTCAGTTAGACGCAGACCCAGGCTCGCGTGCCGTTAAGCGAGCTTCGGCCAT,102,54.9,Drosophila melanogaster
SEQ_148964,CGGGGGTACAATGCTTCGCAGTTTGTTACGATGGTCTGAACAATTAGGTTCGACGGTGGTGAAGCACAACGCTTAGGTGGCGGACGTTTGAGATGGGTATTAAACCTAGGTCTCCGATCCCATTACCTGCTGTGGTATGGGCCCGTCGTTCGGTGTGGATCATGGGCTTACGGATCTGACCCAGTACAGATCTTACCGATCGCTTGCTCCGGTATTCTCCTTAAATGAACTGGCTAGAAAAGCTGGTCGTGCGCGAATCCCCATCGAGTGGATTAGTTGAGCTGTCCCAACGCCCAGGTTCTAGGATCTCTTTGAGCAGACCGGGGCAAGACCGTCCTAAGTATTCGACCCGTTCTATTACGCCCGACCTTGGTATATGATTAAGTGACTTGGACGCCAGCACGAAGAGCTGATTAAGCTGCTAGAGGTAACAGGTTAAACGCATAGCGTTAAGACAAAAGCTAACTCGTCTACGTTTGAAATTACTCGGACAGCGGTCCATACAACTCTGGGCAAAACGGGGTATGATGTTGAGTCGTGCGGCAGGCCTCGGTTATCTCTGGCGAGGTAAGCGTTGGCGTTGGGGAAAGCACCACACCCTTCAAATCTGACGGCTTGAGGATTGCCTCTCACGCGTCGCATTAGAGAGTACGTGATCCCGAAGGGCGGATCTCCAGGTGTTGTGAACGCAGCCAACGGGTTGTGGTACAGCGCGTGCAAAAGCTGGTTCGCTCCGTAAAAGGTAATATAGGCTTTTATACCTCACCATTACATAGTTCTTTCGGACCGTTGACCTTTCTT,801,51.19,Homo sapiens
SEQ_506528,GTATTCGGGGTGCTCATCGTCCATCTGCAGTGGCGCAGGCTTAAGACGGCGATTCAACGTGGAGCAAAATTGTAAGTAACGGGATAACACGGAGGGTGCTTACACTAAAGGCATTAATTAAACGGCCTCACGCACGTTGGGGACACTGCTCTACGGATTGCAGGGAGGCGTACAGACCTGACCAGTCTCCATTTTGTATTCCCTATCGCCTTGTTCCCGAGATCGTTCGAGAGACCAAGAGAGTTGCGCAGGCGTATACTGATTTAGGTTGATGCGGAAGGACAAAGTTCCCAATCTGCATAGTTAGTTCAGTGGCATCGATGTTAACCCCTTTTGATGATAACTGGTCTTCCAACCCAAAGATGTGAAATGTTCCATATGATCGGGCAAATCATGCGTATGGTAAACCCGGTAGACAAATCGCACCTCAATTTGGAAAATCAGTGAGAGTTCGTTTAAGTCCAGCTCCAATATGAAAACTTACGTGGTGCTAATAATTAGAATGTTCGAGAGTGGTCGGGGGCTAGATAGACCTCGAGGGGATGTCAACGGGCGTCGAAGCAAATGGCCCCCGGACGCCACTTTATAGTTCGTACCAGTGGTTCAGGACGAAGCCTGACATAGCTGTACAATTACTTGCCATCTCCGTAAGGGTTCTCGCTACACAGGTAGCCGGAATAATCTGCCACGTGGCATATACTACGACTTCCGGCGAGAGGGGGGCACATGAATCGAAAATTCAATCGAATCTAAGTTTTCTCAGGCGGCCCGTTCTCTTCCCATTATCGGTCACTGGACCCGGACCCGTGTCCGGGGCTAATCCATTACGGGTGCGCCGCAGTTCGTGCATAGATATGGTGTCTACCAACGGGTGCGGATGGCGGACGCTTGTTTGCAACAATAAAGGGACGAATCAGATTACTGCTCGAGTTATACTCTGCGGAAGGGCAATTCGGTTCTGAACGGAAGCGACGGGGTTCGTTCGATCGGGCTTCGAACCGACCGGTCGCGCCCTGAATGCCCGCCGAGGCTGTGTGCTTGGAGGTGGTGGGGTGATCACATAGGTCGTCGGAGCTAATTATGTTCCACCCTCCATCGCAGCCCGAGAGACATTCTACCACTGACCGACACAGACTCACAAGAACGTACCTTGAGAGGCGTACCGATATACTGGTTAAGTTGATTAGGGTATTGGTATGTGTTCTGCTTGTTATAGCCCTAATACATGGACCCCACATCTTTCCGGGGATCTGCCCGCGTTTTTCGACAATACTCCCGACGACAACACCTCTCACGATTGCTATGTAAGAGGCTCTTACTGGGAATAGTTCTCGGGTCAGGGGTTTCCTGCAGCTGGATAATTAGGCAGTCTGTTTCGAAACGAATAGCCTGACTAAATTCCCGTCGAAACGAGGCCGATAACGGCCTGAAGGCTACCGGCCCTTCCTCCCTTCCACGACTTTTGCCAACCCCTGGTATCTCGTGAATTGTACACTCTATGTTCTGGTGCGTACCACACTAAGGTCCTAGACCTTGTTCGTTGGTCCGGTGGCACAAGTTTTGCGGGGGTGGTGGCGTAATGCGATTTCGCGCGCGCCGCTGAGTGCAGATTTAGTTCAGCGGGGCTTTTCTGCATCCGGATATTGCACATCCTGCATTTAATGCTGGCAATACGGTCGTTTAAGTCGTTTACGGAAAAGTTTGGCGGCACGCTCTCAGTAACGGTCAACTATAAGCCATATTGGCCTGTGTGCCATTTCATTTCGTATCTCAATAACGTTTAGGCGAATTG,1792,50.73,Escherichia coli
SEQ_570499,AGGAGTTTCACGATGCGAGTATCCTCATGTATGACAGCCAGGGAGATATAAGCAAACCCGCGACTTTACGCCACTGCCGATTGGCAAAACCAGAGCACATGGCACACTTCGAGTATACTAGGCTAGGTTGTCTACATTGTCTGACGTTTCGCCGGACGTCTCTCCTACTACGGTAGCTGAAATCTAGGGAGAAAGCTACCGCATACCATGATAAATAGAGAGTTCTGACTCCTCGAGGTAGCACTAAAAGAGCCCTACCAAGAGTTATACCGTGGCTATTTGCGATCGGACGTACAAGAAGAGCGTGGTCATTCATTATATCTAGGGACCGTGTCGAATTCGGTTCTGAATAAAGCGCCCGTACAAGCCGCCATAAACTAGACGTACAAGTTACTTCATCGTTTCCTTTAGGGCGCTTGCCTCGACTTGTTTCGCAGCGAGAGGCACTCTCGAAGGGCAGTCATTCTCGAAAATAAAAGCCGATGCGTGCAACTTAATCATAACCGCTGCGCGTTACTAGATGCCTCATCGAGTTGCGGACCAGTGAGTCGTAGATTGTTTTCTATCTTTCTGATTCGAGTCTCACCAAATGACCGAGGACTGCGCGGCACAATCGTGAAATGCTCATACCTTAAGGGCAAAGAGCCACGAGCCCAATCACTTCCCCGCGACGGACAAGACCTGGCCCCCACCTGTGGCGCGAGCCCTTAAAGCTGCCGTTAGGAACAATATCACTATTGCCAGTGAAGTCGCTCCATTCTACGGCAAAGATAGAACTGACGCACGGGAGGGACCTTAGGAGGGAGTGTTAGAGACGACGGAGCGGGCGCACTTCTACAATCGCCACAGGGGCAAAGGAGTTCCTCCTA,869,50.75,Escherichia coli
SEQ_308574,GTCGTTATGATAAAAGAGCGCCGACACTGGGCAATATTTGTTCTCTGACGGAGTGTAAAGGCAACTTGCCTAGAGCCTCGAGTCCGTCCAAGAGCGGCAAATTGCCACTGCGAGAATACCGGCGTAACTTAGTTTCTAAGAACGGCGTGCACCTCAGCATCCAGACACAAGACCCATTACGTTAATTACTGGGCGTCGAGGACAAGAACATCCACCAGGAGCAGATCCTTGAGCAGACCCAGTAAGGGGTCTAGGATCAGTATAGAACATCGCATCTGGTTGGGGACCCGGCTTTAACTTGTGTTCACAAGGCGGTCCCGCGAACTTGCTGATTAGCTGCTCCGAGCAGGGCTCGGACGGGTGTCAGCTCCTGGTACATCTCGCCTAATACTAATTTCCATATATCCGCATGCACATGTTTAGCACTATCCCGACATTTATGCCCAAACCCTGATGATAGACTAATAGGAGAAATACCCCCTTCAAGTAACGTATTGGCCATAGTGGCACAGATCCAGCTTGATTACCCTACCTGGAGGAAAGCCGAGAGTTCATAGTTGAATTTCTTAATCCCTTAGCCTCGATAGGTATTCGATTCCTCCCGCACCAAAAGTAGCTAGAGGAGGAGCCTGCCAAAGCGTTTAGCTAGATGGTGACAAGGAAGTGTGCTGCAACGCGTATTTGATAGACCTCGAGGGACGAACCGCAGCATTAATCTGGAACTTGGTTATAGTCGGCGTCCGAAGGAATTTAGACAGTATCATACGACAGTATCTCGGCAAAACCCAAAAGCGAGACGTGTATCCCGAACTGTCTTGTAGGCTGAACGCCTCCAATCGTCCAATATTTATGAAACAACGGACCTGTTATTGTGGGTTCACTAACGGGCGGAGTCTAAATCATCACTATTAGTCCTAGCTCTAGGCGTCACGTCGGTTGAGAGTTAGTATCAAGACAAGTTCTCATTGGGCTTGTTCACAAAATCCAGCAGCGATCCCGCTGAAGAACTACACCACGAGAGTGCCCCACCCTGCAATATTTAGACGCAATCATCTCAATGTCATGGCATGATTAGTATAGATGATCCATTGTGGATCGGACCAAAATGCACTCCAGCCATTAGGGAATCGTGCAAGGGCCGCCAACTCACTGTAATCCTCCCCTCGTGTTACTTGGAGCGATATAATTACCATGAGCCTAAGTCTAGCGTTGGCCCATAATTAGACTACCGCCATGGTATAGCACATTCTGCGTTGGTACGTTTCACTTGAGCAAGGGTGTATTTCTATTGCGCGACCTGCTGTATTTAATGCACAACCCCATTTTCCCCAGTACGTGTTATGGCCACTACAAACCG,1357,48.34,Saccharomyces cerevisiae
SEQ_510484,AGATGGCAGATTTTCCTATCTTGCTACGAATGAGAGAACGGCTAGTGCGAACCAAATCGAACCCGGTCAGCAGATGAGCGTCTTCGGGAAGATTTAGAGAAGTTCCACCCCACCTTCGGGTAACTCTCGCGTCCATCTTAACTTAACCATGACGGGGTGAGACACTGCTGACGTTGACAAGCTAAATCGTCGCTTGCTAGGGGATATCCTAAGTCCATAACCGGCATGAGACGAGTGTGTCCTTTGGTGGCCTACATAAGATCGTTCGCTGTACCCAAGGGTCACAAGCCCATCATCTGGTGGGTGTGGCACGGATGCAAGGGGCTATGATGGTGAGTGTTAGATCAAAATCAGAAATACGGTACGGCGCCAAGACCCAGCCTTGCCTTTTCTGGGCACCGGAGGCTACATTCGAGGAGGGCGGGCTCCCCGTTTACGTAGAAGAAGTTTCGTCTGATGCTGCACTGCTGCACTAACCGTACTTTAAGTTAAAGGGGTTCTTTTTGCTTTCGTACGCCATGGTCTTTGCGGCGGCTGAAGTTCAACAGCGCCCTTAATATTACCGTGATTCCACAATGGACAGGAGGGGGGTTGTTGCACGGTTCTCAACGGAGTAGAGGTCCAGGAGCTATGAGGGTACGGCTGGTTGGGCAGTACCAATCCAAGCGTAGCTCTCTGTGCGCCCCACCGGTTGGCGAAATCGCTGAGGTAAATTTGCATAGCTCGACGGTCGGGATCG,739,52.64,Homo sapiens
SEQ_153450,TTATGTATATCACCCGGCTACCTGTGAGTTACAATAAGCTAACCGCACAAGTCCGTTCCACAAACACCCCCAAGTTCGAATGCTGCAAAAGAGACAATTCCAAAGTGAATGTCCTTGCCAACACATAGCGTGTTATACCCCCAGAGATTTGGCCGGGCTGCCATGCGCTCTATAATCAGACAGTGAAAAGTCACAAGAGTACTACGGTAATGTATCCGATACGCCAACATTTGGAGTTTCAAGTATCGAGAAGCGGGAGAAGTTACGCTAGTCAGGCTGGACTGCGAATACAAGAATCGACGACGCTGGCAACGCGATAATACTGGGTATGTCCGTGCTTTTGAATCACTCGGAGGGTTCCGGCTTGAACCTAACGTTGGTCCCGCGTGCTAGCACTAGCACTCGTTCACGGCATCGGCCGATGAGACCCTGCGACCCAAGCGCCCTTGAGCTTCTGGTCCCGGGTCAGGGCCGGAATAGGGTGAAGGGAACCTGTTTTATTGTATACCTGTCATCGGCCCCGCAACAAAGGAAAGCTGGGGTGCATTTATGCGGACGTGATACCCATACGTGGACGAGCACACCCACCAGTGAACCCACTCTCCCCCCTGAACAAGCGGCACGCGACTAGTCCCACTGCTCGTCATGACACGGCGTATGATGCAGACACTCGGAAGACTACCACACACACTGGATTTACCTCCTCAGTTCAAACGGCTCTCGTAATCCGCACGGTATTACTGGGACCGGATGGGGACAGCGTGAAGGCTTAAACTTTTAGAATTCCGTGCAGGACGCGACCTGGCAGCAAGGAGTGCTACGCTAACGCTCAGGAGCAGGGGTAGGGTACATTTTGCGGCAGGCTGATGTGCGCAAAAATGCTTTAGTACCGGTAAACAACCTTAACATTAGGGCGCATACGTTATAAATGCTGCATTCTGACCACGGATCGCGTGCTTGCTATAAGTGATACACCGAGCGTCCGTCCCCTTTCATGTAAACTCCTACGACTCCATAAGAATGGTGTGAATGCTCTGTTCTGATAAAATTGTTACAACTCAGTCTTCGGTTATTCTTGAGCACAGTAGGGATCAAGTCCATAATGTAGAAGCTCGTGGGTTTTGGCGTTCCGATCAGCACCCCCGGTCCGCAGTTCAAGCCAATGCACCGAGCGCACCACCGTACGCGTACGGAGGAATCTAAGCCCACGGTAAGCTCAGCTAAGGCCGTGACCCAGGCATGAGAGTCTCCAAGGTCGGGGGTAGCTACGACAGCAAGACTGCGTGTCGGTATAGACCGTTACGTGGAGCGAACGTTTAGAACGATTGCCCAGTGCTGCTACCCAGGACCTTTCGACGAGGACCGCGTGTAAAAATACGTACCAATGGGCTACGGGGCGTCGGGGTTGAAAACTGGATACGTTCATGTGGAGGTGAATTTAGAACCTGCGAGGGGCTAGAGTGCCACGTGTCGACCGTCAGGTTCTCCTTTCCAGAGGCAGTTGTCTCCATTCTTCGGCTGTATCTACTCGGCCTCACACAGTGTTTTTCCTAGTCTTTACACTCACCACACCAAACAGGGGTCGTAGCCGAAAGACACTGAGACTCACCCGTGTGCGATGTGCGATCTTAAAACAACAGACCAGTAATAAGGCACAATTGAGGCTCCGTCTGTTTTGTCGTCTGGAGTGCATATAGGTAGAAGTCTCCAGAACGTACACAGAGTCGAAATCATGATCCGCAGCTGACAATGTTTGATCGGCAAGGACCGCAGTTTGTGCCGATTGGCCGCAAACACAAGGAGCTGTGGTCCCGCGCTGTACTTGAAATTCCTCATCGCCTGACTTGTCTAAGTCTGGTCTCCGGGAACACACGGGGTGGCAAATATCGTAATAGTTGTTTGCACGCCCCATACTCGGTCCCAACGAGGCCAACTATAGAGAACGCAGAAACATA,1955,51.92,Homo sapiens
SEQ_984019,TCAACTTAAATAATCACCTAACTTATGCTTGTTCTAGTCGCACCATGCGTTGGACGTCAGTCATGAGGTAGAGTCTCTTGGCCATGACGTGGTTACTAAAATCGAATTGAAATGTAATAGATGGCGCTATATAGACTTCAGGCTCGGCGTCGACTCTAGTATAACACTGCTCTCGCTCACAATGGACGAGCAAGAGCGCTGCCGCCTGCAAGACAGGCAAGAAAGAGCGACTTTAATGAAACCGGGTGGGGAATACCCCGCGATAACACTCTAGTAATCCGATTTGGCGATCGAATCTTAGGGCAACACGTGGTCGGTTGTACAACGGGAAGCCGTACCGCCCTTGACCTGAAATACCTGTCGCGACGATGTGGTACGCAACTCATGTCGGTAGGCTTCGGCTATTCAGCGTATAGACGGATTATCAAGATATCTGACCCATCTTGGTACGATCAAAAATCTCTAACATGAGTAGAATGCCTGATGCTTCCCCCGTCCAGGCGCGGCCTTAGCCCATGGCATTTCACGTCGGGCCACGACTACTACTTGGCTAGACCAAACTTTGCCCCTCAATCTCATTC,581,49.4,Drosophila melanogaster
SEQ_777294,TCGTTGCTCATCGCTAAGGTCCCCTCCGTGTACGACATAACGTCAGCCTGACCTCACCCTAACTCAGGCCGTGAGATCGACTCTAATAGTGATATACTCACTTAAGCAAATTTACTATCAAAAGACCGTCGCGCCCTGCAATAATGGTGCACGGCGAGGAGCCTCTATGGGGGCTTCTTTCCCATTACCCCAAGAGGTCCGGCTTGATGCAGGGCAATTCGACTTAAATCATCACTATACAAACTCCGCCAACGCTTGTCCGGTGATGCTTTGACTGGTGGAAGACAGACCTGGACGGCGGGTAACGTATGCAGGCCGAGTGTGCCAGATCCACTTTCTAGGAGCTGGAGCTCTATCAGCCGTAATCGTCATTTCGTCGTAGGAAGTCCACTATCTTCATAGGGTCTGTGACACGGCCCGAGTACCAGCGTGATCCCAGGCTAATGAGCCTCGGGACGCAGCACGTTGATGAGGACTATTGATGAGCTACACCCCGTGCATTTCGTAATGTGCTGTGGCGCCTGACATATTGACGCATCTTCGCTGCCTATGCAGACTGTCGCGGATTCTACACATAGCGGTCGTTATTAGAGCTGGTTTCTCATCTCTGCCAATGTCCTACGTCGCCGGATTACTGAGGTTTGGCCTCTCGTCTGGGGGGAATGAAGAGTCAAGACAAGGCACATGACCCTACGGAAGTTGGACGCATTATAAGACGCCTGCTCTGGTTCAAGCATTTGCTATCGACAGTCACTGTCTCCTAACTGGCTAGAGACACCGCTCTGACGCTTCAATCTCGCATAAAGTTAGACTTTTAAGACCTAGGCTCAACTTTCCTTCGACGAAGGCTCGGATGCTGAGGCGGACGTTAGAATCGGAAGCCGGCCAGGTCGAATATACTGTACCAACTCTAACCTACCAATCCCCCTGGCATCGCTCCTGCTGTTTCTGACCCCACCCACATTTGCTAACCAGGTTACCTCCGTCCGATAAGCTACGCCACTAGAAGTAGACCTGACCTCAATCATGCCTACGGCTACATCCCGTCCTTCGTTCGCATAAGCATTCAAAGGCAGGATTATCGCTGCTTAATAAGTTACGGCTCAATGACCGATCTCCCCGTCTTTATTACGTTTCGAAAAGACAGTGTACCTGGGTTTCAGTCCACTTTAGCCTCGGCATGGAACATACGAGTGCAAAACTTCGGCAACTATTTAAGAACGATTATTCGCTGTCTTCTGCTTTGATTTACCGCTCCCGTGTCGTAACCAGAGACAAGATACAGCTAAGGACGCTGGTGGGACGATTCGGGTCTTCAGATTAAGGAGGCTGATCTAGATGATGTACGACACGGTAGAATTTTCAAGTCATTCAAT,1376,50.36,Arabidopsis thaliana
SEQ_316847,CTTGAACTTATAAACGGCGGGGTACTTACGGCGAAGGCTTATTCGCCGGCATGCGCTGTCGTCATAGGATCGTAAGAAAGGTCTTCCAGTTGGCGGACGCTCTGCTGCAACGCGTTGAATGCGCACTTATGTCATCAACATATTTGCCGACTCTTTCACTGCCCCAAAGGCCCAGACTTAATACCGATCGTCAAATATCAAGATTAGCAAGCCACGGAGATGCTGTCGTTCAGGTATTGATAGCCCTCACGTGCGAGTACTTGTCGATGGAACCCCTGAGGTCTCGTTTTGATAGGATTTCCAAAGACTGCTCGCTTGAATGTATTTTTCCCTTACGGGTTATATGTGCCATCATCCAATATAGGCCCTTGAGCGGAGGCAGGTTCCAAGCATATTGACATGGAAACCCAGTACTCATCGCACTAGTTCGAGCCGGCTGTGCTGATAAGGACAGCGGACCTCACGCTAATATACGAACTTTGCGCGACGCCTATGTGAACCCACCCCTAGTCCATACTCCTTTAGACTAGAGTTAGCGACGA,542,49.63,Escherichia coli
SEQ_837769,CGTGTCACGGCGTCGCTCAAAGCGTGTACGATGAGCCTTCCAAACACCAAGACCCTTTTCTTTTGGAATTTGCACGCTGCTCGGATCAACCTTCATCGTTTGTGCCCGTGGTCGAAAATACGTACACATAACAAGACCATTAGACAGAATAAGCGCTTAACCGGTGGTAAAGTCCCGTTACGAGAACCAGAAACCAATGCAAGTAGTGACTTGAAACGCGTGCAAAATTATCCAGGCTGTCATCTGGGGGTTCAAGCTAGAGCCTCATTAGGCATGTCTTGCTGAATGAAGTTAGACTACTTCCCATGGTAATCAACGGGCATGGGCTGCCTCTAAACTTCTACTTAATGGCGGTTTGCTTGGGAAAGGGGTGCTGCATCTAGATGTACCAGTGGGAGCAGTGCTTTGGCATAGCGTGTGTCGGCGCATATAACCATACTGTTCGCAAATTAATGCACGACTATCCTAAGTATCTATGTCATCGGGGCACCGTAGTCGGAGTGCTTCCCGAAGATTCAGCATAAGTACGGACGTGCATGGTATTATCGAAATCTGGGTATCAAATGCATACGTTGACTACATCTGTTCAAAAGCGTTCAAATCGGTGTCACAGTCTTTGCCACAACAAGTGCGGAGAGTGGTCATACCATGACTGTTACATTACGTGTTGATGGGTATGACGTAAACATCGTTAAAATTGCCGCCTACCGGAACTCCAATAACGTTGAAAATCAACCGCCGCTCGACCAATCTGCAGGTTACAATGCTATTGCCACTGATGCACTGTCTACTAATGGTTATTCAGGACCCTACACACATCTGCCTTGCAGTTCACGGGCAGTAGGCTGGGTATCCAGTTCAGGTGACAGGCAAACTTATAGTTTTACGGGCCTACTAAAGACACATATCTTCGGGGGGGTTGTTCCCCAGGGCCTTTAGCCGGGCACCCAACTAATAGCCGGGCCTCCCCCTGCCTCGGAGCACTATAGTCGGCTCCCCAGCTATTAGCTTGGTCCGAATACACTTGTTGTGGTCGACCCATATGCTACCGCATGATTGACTTCACAATCCCGTAACCATTTATGGTATTCACTTTCTTCGGACAGCACGCTTATTACTAGAAGCACGGGGCAATCGAGACAAACACCCAACCTTACCTTCTAGCGCTGAGCGCGTCCAAACTGGCGTGTGGAAACATCGCCCCCCAGTACCTGTGCACTTTGAATTTTAACGAGGTAACTATAGTCTATCTAGTCGACTCCGGATCGGGTCTTTTCTTTGACCTATCTTCGGGACGTTTTTCCTCCGACATGAGACATCATCCAGCGGTCGATTCACTAGGCTAGTTTGGGAGATTAGCTCGTTAATCATGTAAACTTAAGACGCTTACCAGGCCTCAGCTCGCGACCTGTTATTCCTGCAGCACTGAACGAAACTTTTTGCGCAGCTCCCGACGAGCGGATCCGCCGTTTCGCGCGTAACAAATTGTGGGCCAGAACAAGCAGCGCGGTCGATGTCCAAACATTCCCTGCTATATTTCGAGATCGCGACAGTTAACATCAGCGCATCGAAGGCGACTGCACCCCATCGGTCGAGGCCCGTGAACGCGGTAACCATTGGCCATTTTACAGCATAGATGCACTCAAATCTCCACTACCACTTATGAGATTTGCACGACCCACGA,1684,49.23,Escherichia coli
SEQ_759678,CCTAAGAGTAGAGTTCTCAGGTGCCAGCTGAGAGAAATATAGATCAGGGTTTCCCGCAAGTCATACACGCGTAATCAAAGAGTCGCTTCCCCTACGGGAA,100,49.0,Caenorhabditis elegans
SEQ_558267,CCTCGTCACGTTTTTTTGTGTAACTACAGCCACTCTATCCCTTATCCATACGCTCACGGGTGGTTGCAATTGTAGAAAATACGCTGCATCCCGTGTCACCCACTGGAAGAAGGTCCAGCGTTCGAAAGAAGTTATAAAGCTGATTCATTACCTATAGCTTAACCCTTTTGTTAAGATGCCCGCGTGTGCTGTAATAACGCCTGGGATTGATGGTCAAGTAATGCCCATTATATGTCGCTTTGTCTAGTTGAATGGGGCCGGGAAATCGGCGCTTTTAGTTGCACGTATGCCCATAGAGATCAGTGCATGGGGTTTACACGTCTGAGAGCGGCATGTAAATCTTGTGCGTAAAGCCCAGAGTCACGAGAGGCCGGCTACAATTCCACTATGAATCTAGACTCATCCTCTTTCGCGTTGGGTAAGGTCCCAAAAATATAGACTTGACGAGGACTAGAGCTGATACAATACGGTTCTTGTCCTAGTTGCGTATCCGAGTTGACTATTACGTTAACTCAGACGACTTAGTGCTTTCATTGGAGGAACTATTCCACTCTGCCTCCGGCACGGATAAACCCAACCCTCCGCCCCGATCGTTAGACAATATTGGAAAACTACGAGTTAGCATCATCAGTGTCCGCCATCTGTCGCACATCAGACTTTTTCACGCAATAATATACTTCCCAAGACGGCATCCACCGGTAGGCGAAGCTCTGAAGGCAAAGACGATCCTGCCGTTCTATCGAACTTGCGTTAGTAAACCGGACATACAATAAGGCTCTCATCTACAATGGCATGCGTTCCCATCATCGAGTTGGTTAAGTAATATGCTGGGTTGTGGCAGTGCGATAGGCACGAATAGGTAAAGAGATGCCTCTTTTAACTGAACAAGGGCATTGTGACTCCATAGCTCTGATCCGGACCTCTGGGCTCAATCCGCTACGTAGTAAACCGGATGTGTGTTGTGTTGCCTGACATGTCGTGTGTTACTCACACGATAAACCGGCTGAGTACGGTTGTTGCGTACTCGATCTGTGTAAACGCTACGAACGGTCAATTGCGTTGGTACTCTCCTCGGAGAAGCGGCCCGTTCGTTTATCGCCGCGGTTAGAGTGTGACCGGGTGGAGCTGCCTCATAAATACAGCAGGCGTGATCCTCGTCGACAAGGGGAGGGATTAGTGGAACTTCCGAGAGGATTAGTGGAACATCATTGGTGATAGTACATACACGATAGATCAACTACTGCACGCATCGGATGCAAAATGGCCATCTCGGCGAAAACGAATTTTACGTTGAACGACGATGCGAATCTCGAGGTCGGAGGGCTTAATCCTTTTCCCCG,1340,48.36,Arabidopsis thaliana
SEQ_958474,ACTCTGTGGTCTGTAAAAACAGCCACCTGGACGTAACTGGCTAGCCGCCTTTCTCTTCATGCCCAACTTGGTAAGCCCTCCATAAACCCACCTTGCGCCATAGCGATTCTAACATGCCAACACTGGATGGAGTGTGCGTTCATTACGTTGTACCGACCTCCAAAACTGGATTCTGAACAACTTTCTGCCCCTGGCAAAAAGAAGCACATGGGGACTGGGACATCCCGCGCATCTCTATAGTACCGGAAGTCGATGAGCTAGCTAGAGGTGGTAGTTAAATCGAGCCAACGGCCTCTAATTGGGAACCCTCGTAATGGGAGCGGCCTACTGTAACATTATAAGCAGGGGTTTGGCACTTTCGCGGGCAAAGCACATCATTGTAATTAAAATCTCGCCGACTCGCGTAGAGTCGATAGTAGTGTTACGACTAAACGTTAGCAGCCAGTTGTGGTCCACACAGACCAGGGATGAGGCCCAAACATATTTGCACCACCCACCTTGCACCTATTATAATTCCTTAAGCTTTGCACTATGGGTGCTTTCCACCATTCGCACCTCTTACCCCGCCCGAACGAGTGCGGGCGGTTGGACATTATTGAGCATTATTCATAAGCTGTCCACGCCGCGGAGAGCCAATATGCAAGGTGCCAGCCCGCAAGGGCCCTTCCCTAAACCAATGGCTTGGCGCTTTATACGTTGGCGTCGTACCGGTTTCAGACGGCGCATGTAGGGGAAGAAGGTGGGGTCGGAAGTCGCAGATTTTTTGGATTTTGCTGCTACTCTTGGTACATCGGGGTATCCGCTCTGTGTATTATCCATTGTTA,824,50.85,Homo sapiens
SEQ_656488,AGAATGTACGAACGGTGGGTCGCCGTGGATGATCGCGCACCCTGGGTCTTCCCACCGCATCGTCCCCAAGTCGGTCTCTTCTCATGACACCACCGAACGGTTCACTGGGAGGTTGTTGTAGTCCCTTCCCCGAATCCGTAAGCAGCTGGTACAGGGGCTCTGGTCTGGCGTGTCTGCATCGGTAGCGTGGGTTGGCACCTGTCCTGGTGCTTTTGAGTACGGATTAAGATAGCGGCGATGATCGCTAAGTTGCAGAACTAACTCGATGATGCGACCTAGAACGAGGCCCCACGGTTTGTAGGGGTAGAAGCGTTGAGAATTTACGGCTGCTTAACGGAGTTGCTAGTCTGGTGAGACACTGAAAATAAGGTACCAGAAAGCGCCTTACAAAGGTAGCCAAAGATGTCCCGAAAGTGTCTAGATTATCAGTTACCAAGTCCTACATTTAGCGCACTATCGAGGTAAAAGGTAAAGACCTCTAGCAGAACTCCAAAGTATGCGAAACAGTTACATGTGCGTAGGGATGGAAACACACAGCCAGGCGAGACCCCTTAGGACCAGGTCACGAGTTTGGTCTTATGCTGCTCCCAGCCTTGTGCTATGATTCCACGGGCACTCAGGAGCGGGGGTCTCATGCAGGCTCCACAAGCGCATCCCGAAGTGCTAAGGAGGGTCCCTCCCGTGCAGTCCGGCCTCGATTCATCCTATCTGCATACTGTATCCAACGGAATCTCAGGTTAGGTCATGTGGTTACCTTCCCGGCATCGAAAGGACGACGGCTGTATACCATGCGACAGAGAACGGAACCGAATACACCAAGTACGACCCTCGGTCCAAGTACGTCCTGAGGTAATATCGCTGATATAGTTCAACGGATTTCTGCAATCATCAACCATCCGGATTCAGAAAGGCGCATGCACATAAAAAACGCTTTATCAAGGAGAGATTTCGAGATTACAAGTTGCTATGCCAATGCCTACCCCCACTTAGCAACGGTAACGCGTCGTCAGCGTCAT,1016,51.87,Homo sapiens
SEQ_462882,GATGTGAGGTTCTATTACCAAATAGACCCTCTGTGTGTCCCCTACTAATAACATGCCGAGCCGAAGACGCCATATATGTTGGGTTGCCTGCGGTTTAATTCACTTAGACTAATGCTACGGAACTAATGTCGTAAAGAGTGCTGTAATGAGGGTCTGTCCCCAAAGCGTCCGCATAAGAATGGGAACGTACTAAACCTCCTGACTCGAGTAAAGATCGGACATTAACAGGATGCCCGCCTTATATCATGGATTTCTAACCCGTCAGTTGACCATGACCTTTTCGTCCAGAAATTAGCGACACGTAACATGTCCCCGGCCTCGGCCTGTAGGTCGTTAGGGGCCGATAAGCCCACTACATCTATAATATTAGCCGGCTGTCATAAATGATGCCGATTGGGGGGATCTTCCAGGGCGTCCGGCTCAGCAGAAACCCAGCACGTGGGGAAAGGTCGTTTAATAGGGCTCATACGCCGTTTAAGCGAGGGCCCGGGCCGTCCATGGCTGCTTCAGCATCTTGTCATATCATTCCATAGCGAAGATCGATGCTCTTAAACGGAACGTAGCTTGCGGCAGCGTTTAAGTTGGGAAGGGCTTCGGGTCGCATCACCCGCATACGCCGTCAACTTATTTGTGCCACTGTGTTTAAGTCATCCGCTCAAGCTGTTACGATATGGTATAGCGCTCCCATAGTACACTCCATGATGTCCGAAGTAGTTGATCATCCGCTTACGCTTCAAAAGTTTTACGTTCCAAAGAGTGTCGGCGACGTGGATAATATGGCTCTGGCTTCTGTGACAACGTAGGCCTTAGGTACGCTTACGCTGATGCACATGGTCTTGCGCCAAGATAATCCGTACTACTACTATTAGCTGCCAGAGCATGGGAGTTCAAGGGTAGCGGGTTATACGACGATTCTAAATGTCTTTTCAACATTAGCGCCGTTCGCGCCAACGGAACGTTTGCTTCGAAAACCATACTCCAGACTCGTATTACTAATGCCGGATATACTTCTGTGTGTTTCCAAATGTGTCTCAATAATGCTGAGATAATTTAAAAACATAGGTAGATCGGAACGTTAGCTAAGAAGTGACTCACTATACCTCGATTGCTAAAAGAATACAAATCTGGCTGAAACAGGACCCGAATAGTGAATCATTAGATTAACTAGTATGATAATTCCTGATACACCTGGTTCCCATTGACCGAGAGCACTCAAAGATGGGGTGATAGTGCTATTTGTGACGCATAAAGCAGTTAGGGGAGCTATGTGTTGTATTAGCCGCCTACTCAAACGCGGGACTGACGCACTTCTGACCTCAGGGTAGGGCTGCGCTAAACTGGGCCATGACGATTATTGTCAGCTGAAGTGTTTGTAAGCCAGCTGAGAAAATCACTGGGAGGAGTGACGGTTCGAGCGTCCATAGACTGAAGTTGACCGTATTGCCTGGGTTGAAACTCACCACTGTACGCACATATACCGACCTAAAGCCCCAGTTACCGGGAAAACTCTCGGAGTGTGCGCGCTTGGGTAAGACCAGCAAACAGTGGCACCGATCATTGAATTTACCCTGTCCGGTGAGCTGGAGGCATCATTGATCGGAATATAGCACTGGGAATGAACTCAGCCAATCTCCTCCCGATGGGTCCAACACGCAAACATTCTTCTCGCACTCGAGTAGAGTGGGAGCATCAACCTAAATGCGATCTGGAGGAGGAGCTTTCGTTGACTAAGGCCCCCAACACGGCCACATCCATCCCTATAGTACCTAAGGACGATATGCAACAGAGCTTACACGTTGTCATGGATTAGTTCGTTGGTCCCCACGCAGTCACTTGCGTCCTAGCCTCTGCCTCACGGACCGATACGTTGAGTTCCTAGAGACTCACGAGGG,1892,48.78,Escherichia coli
SEQ_119863,CCTGTTGTCTTAATAACCTTCACCGCATCCCTGAACAGAGTAGTAGCTTTCGCCACCTGGAATGTCCTTAATCACACCCAATCCCGCGCTGAGATCGCGTTAGGGCTGTACGCTAACTACGGCATTCTAATGTTGCAGGTGAGTGTATCACGCGGTGTTACCCCCCCTGAACACCTCACGGGTACTATTTTTCGCAACTCGTTCATTACTTTACCTGCGTCCTGCTTGAGGGTGGAGGATGGCCATCATGCTCATAATAGTCCTTGTTATTCAGTGGTATCGTCCTCCTCGAATTGATCTCCGATCTGACGAAGACGCTGACGTGCCATGCCGGCTTTGCGCCAATTAGTTCACAGGAGCCTCATGCAAAGAAGCAAATAACGTTCAGGGTGTGATCGATACCTACGACAAGCGAAGTCATGAATTCTAGTTTCTACCAGAGATTAAATTACGACGTAACGATGAACATCGGAGCGTGGCACCCGGTCAGAAGTCATCGGCTATGCATACAGTAACCGTCGTGCTTGTGTCTTGTGTGGAGATACAAGGCGGTATGTCAATAACCAAGGAAGAGAGCGCCCCCTTTAATCACCAGGAATCTTATCGGATTCGATATAACACTCACCAGGGGCTACAACTGTACACTATACCCGCATATCCTATCAGCGAGCCGTCCTTAAAATAGTGTTTACCCAGTGAACGGCAGTCAGTGGTGTCCTAACGACACACCTTTAACAAACAGCTGTAAATACGATTAAGTAGGGATGTCGAAGTCTCACATGTAGTGACGACCGTAGTCCAGCCCTGACCAAAGGATGCGATGCCGTCGAGCTTCAACATTAAGCCTGTCGTGTGTACCAAAGGTACCGTTAGTGGAAGCCAAGGGTGCCTATTGAGGGAACGAAAACCTAAGGTATAGATGAGGGGGCCTATGCCTTTATGATGCTCTTAAAGGACCACCTAGGAGTAACATTATCGTTAGTGAGGCAAACAGGGCCGCAAATGGGAGTGTACTTCGCTCGATACAAGCAGACTTTTGTGCTTGTTGCCTACATGCCACTAGTGCACGCCGAAGAAGCTTCGTCGGACACCGCTCAGTGAGAGTGTTCGTGCATACGTCTTCTAAATGGGTGCTATGATATGGTTTCATATTCCCAGGATTCTTTGATTGATGGTCTCATCTGCTAAAGAAAATTGTAGCGTAACCCAGATTTTAACCATTTGGCGGACACTTAAGATTAAACGACTGCCGCCGGAGGATTCTAATGCTAGACGAGTAGGGGGGGTTCTGATTGGCTCATGTCTTGGCGAGATGGTACAAGGAGAAAGATTGATGTTGGGGCACACGCGTCAGGACGGGGGGGATCCATGGCATG,1376,48.55,Escherichia coli
SEQ_464606,CACGTCATTTCCCGAACGAATGTCGAAACTATCTAGGCTAGGCCCGGTCCGTAGTTATCGCGAATTACAGCATGGGAACGAGAATGCATACTCGTCATTCTAAGCTTGGTTCCAATGGAGCTAAGGGGAGCACCGAGTGGCTAAATTTTGGCTA,154,48.7,Caenorhabditis elegans
SEQ_465245,GCCGGCCTCCCGGCAGGTCCGCCCGTCGACTGTGGTTGCCTGCTCTAGCTGGTTTTTACAGGCAACGCGGGGCCATGTAAGGCTTACAAGACGGTTTCTTCCTCCTCTCGCAACGACGCAAG,122,61.48,Mus musculus
SEQ_968385,CAGTGTGCGTCACCGTATATAATACGCTAATCGATTGGTATAATTCAGGAAATCGAAAGCATCGCGATTAAGAGTGGGTCTCTGTGTCGGATATTTATCATATAAAACGACCCATCATAGCGTGCGATGTTCCCGCTCTATCGCTGACTTCGCGCACAGAAGCCTTATGTTCTTCTCCGCTAGCCACGCCGCTTGTGACGTCACTGTGTCTAACTTTGATAGGTGCGTGGGGCCTGTAGTAGTTAATGGAGCTACATATTGTCCCTGGCGTTGTCTAATAACAGGAAACTAGCGTATCTAGCGACTGTCCTGCTCCTGTTTAGTTTGGCCTAACAGGTTGGTAGGTCGTCGCCCGACGTCTCGACGCTAGCGACGGCAGCGTCTCACAGACGACACCACTCTCTATTGTGGTTAATAGCTATCAGCCATCACAGTGCGCACAACGCTGGGTAAAGTGTCGGCTTAACGGACTACTTGGGTGTCCAGATCCGTCGACTCAAGCCTATTTAGCATTCGCATCGCACGCGAGCCCTAAACGCCATGTAACGAACCACCAGTATTGAATGTCCCAACGGTCTCGTTAGATGACTACCATACCGTCTTGCGAACTCGGTAACGGTCAACATATTGAGTTTACATATGTACGATCACGCACTGACCAAAGTGCTGAAAGAGCTACAGGAGTCTCCGCCCTAATCACCGTAGGCTGGGCTATTGCGCTCACTGATACCGGCAGGGAATATCCACAACGGAAAACGTGCTTCACAGCAATGCTTTTGAGGTTAGGGTCACAACACAGCGGGGGGGCATCGTGAGCTAGTTTGGTACCGTGCTACTCACCCTAGGGTACTGAAAGAGATTGAAGGCCTCCGCCTTTGTGTCCTCTAAGGCACAGGCACTAGAGTAGCCACATCCAAGGTCGCCCCGGGCGGTGATGTTAAAACTATGCATTCTATTCGATGGCCGCCGATAGGTGAAAAGTGCGAGGTCGTGCAAGCAGGGC,1003,50.95,Arabidopsis thaliana
SEQ_562191,TTGCATTTAACACGAACCATTACAGCTTATCTTCAGGTCAGATGTAGGAGTTCACGATAAAACCCTGAGTTCATCAACGCGAGGTCCAAAACCGATGTTGCCTAGGGGGTTAGTGCGCAACAGGACTTTACTGGAGTAGGCGACGGACCTCACGCAAGCACTGCCCGAGCTTTAGGCCCCGCAGTTTTGGTAGGACTACGAACCATGGGTTATCGTATATAGCCTGACTTGCACTGTACATCTCCGCTT,249,49.8,Arabidopsis thaliana
SEQ_279789,TTTATGTCGTACCCAGATTTTCGTTGAATCGCAACGCAAGGTGTTCGTTTACTAGATCGCATTGAGGTTCGTGCTCATGGTGCTGGCGCCCCGGGACTAGCATGCTTCGTGGAATTGATTGAAATTGCAGACCTACGGGCTCGGCGATATAATTCCGAGGAACACCTCCGTGGGACCACATCAGTATAAATGAGACTCCTTGTCACCTTCGTCAATACATGTGCGCTCTCTGACCCGTTATCACCCAAGAGCAGAGTCTGATAGCCTCCAGAACCGCCTTGTTCATAGCTCTGACTACTGGGGCCTTAGTAATTAAGCAATGAGCATCGACTTTCCCCTAAGATCTTTGCTCTGACATCTGACAGTTATGAGGCCCTACCCTCGGTCGAGTCAGTGTTTCGTCGTATCAAAGGATGCATCGGCACTGCGCTAAAACCATGACGATAATAAGACGTCCGTTCCCATAAGCTGTGGTTCCTTGATATATTGCTGGAAGGAACGGTGATGGAATTCTTACCACCCACG,525,48.95,Homo sapiens
SEQ_895179,GTGGATGTTCATCCCCGCAAGCGGGGAGTACCTAGTAACCCAGGCTATTGCCAAGCGTCGCGGACCACTCGCTATATGTGGAAGAGCGGGCAAAGTTCTAGGGTCACTTACTAGTCAATCAGGATTGCGTACGCTCTATTATGCTTCTGTATGTCTTAGTTACTTTGTGCTCAACTCCGCGCCCATACACGATTAGCTGCTAATAGGACCCCTAGTTAAAATGCCGTTCTGTCCTTAGGCCGTATTTCAACCCACCATACTGCTCTAATACTACTATACCAGCGAGTTAGAATAGCCACTTTGTCGCGGGGCACCCTACTTTGTCCAGAGTATGCCACTTATGCCCTGGTTTGCACAGCTGGATACTGGCGAATACGAGCCCGGAGGGGCGAAGTGATTAGACAGACCGTAGATTTTCGATTCCGGGGTATAATTTGCACATGGGTGCTCAGTTTAAAAGGAATATCTCAATCAGATCCCTTGCATTGGGCCAGCCTAGGAGGCTACAACTCTCAGTTCAACCTACCATAGTGAACAAGCGCGTCGGTGATTGGTATGCACGTGTCTGGCAACTCGAATGAAGAGGTTAGCTTCTGGCATCAAAGAGGTGCTAATCCAACTTAACGAAGCATTAAGGCAACCCACTAATACACACCAACCACCAATCATTG,671,48.58,Drosophila melanogaster
SEQ_316126,ATACTTTGGAATCGTTATGTATAGCTTGTGCCACACTCAGGGGCACTCTGATCACGACCGGCTGCTAGTTGTAGTTCCCTATGATGTGGATATCGGACTACTAATGGTTTGGGATTTAAAATCTCTACATATTAAATTACAGGAGTAAACTAATCCGATACAGGGCAACGGTCCCGACTTCTTAGCAGCCAAGTTGACGACAGCACCCCATTATCTGCCGACTAGCGAACAGTATATAACGGGGGCACGTGCGTGATAGGGATTCCTGGTGCGTGCGTTACTGGTTTTCACCGCATGGGAATTGGACATGCACCCACTGTCTCTGATAAGGAGCTTGTCTATCGCGTGTAATACAATTTCGAGGCGCTGTGATACATGTGGAGTCTCCGTTGTCGACAGTTTATCTACATAGCGCGACACTTTTTGCTTTCGGCGAAACAACAATGCGAACTCAAGGGTTTCAATGGGGAATCCCCGCCAAAACAACTCTGGCTCACAGCCTGTTAGGCAACACACAAAGCGCCCTGCCTCCATATCCGCGAGTTGTCGCGGGACTCAGGCAACATGTTGCACTAGTGCAGTCCGGGGGCGAATGATCATCAAGCCCCCATCAGGACATTATTTAGACTAGGTCCAGTGGGTACAGACGGAATATTCACGGGATCACTCCCAAACACGATGTACTTTCTTAACATCATCAATGGCCCAACCCGGTCTAAGTGCATGTGCAGGCTTAGTTAGCTTGTCTCTCTGACGACTTATACAAGCTAATGTCCTGTGCGGGACAGTTAAGAGAGCAAAACCTTCTTGCTGGGCTGTTTGTCCTTTGGCCTCAAGGCCTAGCAAAGGCAGGGTAAGCACAGAAAACTCTATATGCGAACACTTAAGGGGAAGAGTGCAAGCCTCAGAACTACCGATAGGGTTTATAGTTGTCTCTCGCCCTCTAACTGGGTAGTATTTGGGGGAATCAATAATCGCAATAGGGACTACACTTAGCTATAAATGGATGGGTGTACAATGCTATACCAGGGCCGGCTCATAGAATATACGACAAAGCGTGGCCGTCTGCGTAAGTTGGATCACTACTTATAGAGAGAGCCTAACTACCTTTGGAGCTCGAACAGGACGTCCACTTTTACATTTTGCTCCAGTGGAAAAGACTTATAATACGTTTTTGTCACCTTATACGCTCTCCGTTTTAACCTCGTTTTACTCCCAACTTTAAACAAGTAATGGTCCGGCGGCGGGCGCCCTAGAACCCACACATAGCATTTGTCGTATTATGATTGGTCAACCTCTCACAGGAACCCGTACTACCACGACCCTCAGTGGATACCTGTAACATCCCGGAACACCGGGTTATGGTGCTGACCTTTCCTCTCTAACTGGAAAAACTGTAGAGAGACGGCCCTACGACTCTCGGAAGACGTGTTCCCTTTATAAGCTTTTACACATGACTTGCGTTTCAAGAGAGTTTACAAGTGATGACAAAGAAGAGACCATTTCCCCCTTATTGTCGTGTTGAAAGACGTGCGGTCGCAAGACACGGGGGACATCGGCGGCACCAGACTGCCCGTGGGCTAGTGGGTCCCTTTGTCCCGGTTTTCGCGACCGGTCGA,1619,48.55,Caenorhabditis elegans
SEQ_457853,GGCAGACGGCGTGGTCCGTCCACAAGCCTTATCTTCCCATCCAGGAAGGGATGCAGCGCA,60,61.67,Caenorhabditis elegans
SEQ_871378,TTCTAACGAAAGGATGGAGCTCGTTGGGCGGTATTTTGCTGGAGCCTTGAGATCAGTTGCGTTCTCTAAGCCGCTTGGGCCACTTCTAGCCGAGCTACGAGGGCAGACAGAACATGAGGCAGTACGCCGACGCCAGGAGGTACGTGAAAAACTTGGTTTAATGAATCGTTGTGTTACCTTATCACGGGAAGCACACATTAGTTGGATAAATTGCGAAGCCTTTAGGGTCTAGCCAATATGGCGCGTTATGGTCCTTTTGATTAATGCTTCCAAGGCCACGTTACATAATACAGTCCGTCGTTTCCGAAGTAAAATCTTATTTACATGTGTCCCCTCTGGCAGCTTGAAAGCCGGTTACTTCTCACGCGCGTTATAAGCGTTTATAGTGGTTCATGCCCAGCAAAAATAAGATGCTGAGCTAGCCGATCGCAGTGGACGTTGGCGAGGTGTATGACGGTTTATGCATTGGTCGTAAACATAGGACTCGGCGGGGTAACGCTGCTTGCCGAGGAGCATAATTTTATCTTCTTGCCGTGTACGAGAATACCAACGGCCTCACGAGGAGATCTCGTGGGAACCACCAATCACGACAGGGGCTGATATAACTATCTTGGACTGAGATTTCTCGTGAAACATCGTCCGTTGAGGGGATTCCACTTCCGGGCAGTAAGCACGTGTATGGTTGTGGGTTAAAAAGCTCGAGAAGCCACGTTGATTGTGGATTCCCAAAGCAGGTGATCTAATTTTCCCAGGACTGCCAGCCAGCATAACAGA,774,48.71,Caenorhabditis elegans
SEQ_776142,CTCACGCTTGTCCCAGAGCGACCAGCTAGGGGCGCACAAATTATTCAATGCGTCGAACATAAAGAGACGTTCCAAGGCAGCACCCATTGGTCTCCGAGCAAACAGCCCTCGCTAGGGTTCCGACATGCGGCAAAATTCACTTAAGCAGACGATCAGCCAATCGTCCTGTTGTATGGATGCATTTAGTTCTATGATTATATGCTGCGAAGAGCTCGCCAGGTCGCGGTCATTAATCGGGGCGCATGGCTAAGCGCGGGCTTATTTTCTCGTTATCGAGGCGGTTTAAGTGAATATTGCGATGTAGAGCACATGGGCCACATCTCGCACGGTCAGCGCGGATCAATTTGCATGCGGATTTGGACCTGTTCGCTGTGGTAGCAAAAGAAGAGCGGGTAACTGGCCGGGAATAGTGGTCCTGTGGCCGAGCCTTATTTGTTAATCAGGCTGAAAGCGCTTGCGTGCATCGCCGAAACAGTGAGCCATCGGTAACGGCCTATTAGCTGCCCAAATTGTGACCCTAATGCCTGCTAGCCAGAAATAAACGTATGAGTGCGTGCCCTTATTGCCTTGCACTCTTGCCCCGCTATTTGGACCTAACCCACACCGTCCCTGTTGAACTACCGCTATTTGATTCACACAACCAACATGGTCCTGCGGCTGTTATGTCGTACGCTAATTGAAGCCTATGTGGACCCAAATTCTAGCCGAATAGACGATGATGGTTACGCCAGCGAAAGACCGTATTACTTACCAGCTGCAACCAAGAACCTGAAACCATCGCTTTGCTCTTACCGCAGCTCAATGGTAAGAAGCCGCCCTTTGAGGTATGTGTGCCGTCTATATAGACCAACCGTTTTCTGTCCTGGATGTGCGGTTACACAAGAATCAAAGGGTCCATTGTCGGTACATGAGACCGAACAGTCGTTCTGGAGCGCGGAACCCTAGACGCTCTCCACACGTTAGTGAACCACAACCTCCGAGCGTTACAGAGTTACAATGACCAACCTTTACCCGATCTGAATGAAACGGGACAAGCACTCTAAATTCTTGGAAGTCGTGATGGAGTTTCGTACCACCTATCGCACGCGTCACTGTTATAGCTTAGCGAGATCTGTGTTCGTCGATGAAAAGCCTGCCTTCACGCTGCCACCACGTGATCGCTGGAGACCTGCATGATCGTGGAGGTAAGGAAACTTTACAAGACGAAAGTCTGACCCTATAATGGGATAGACTAGATGGTCTCGGGTGTCACCTTAGTCCGGCGGCTCTCATGAGGGAAGTGCCTCGTATCCGGTTTAAGCGAGAGGGATCAGCAAGAAACTTGTACGGTTGATACGACTGCTTGGGACAGTAGGTAGTACGGAGTACATAAAATACGGGATTGACTCCCAAGCCTCACAATGGATTAGTGGATTACCCTTCGTGGTCATAAAGAGGGGTGCTATTCTACCATGATGCAATACGCGAACCTTCCTCAATCTCATTAACCATTATTCGACAGTTCTGCTGGCTTACACCGCGCAGGGTCTTACCAAATGTTAGCGCTTACTGGCGATACACGCACAATTGATCCGTCCTCGTCATAGAATCAGACATGCACCCTATTC,1607,50.03,Drosophila melanogaster
SEQ_100717,TGAGGAGATGAGGAGCGACACATGCAGATGGGTCCGTGGAACTGCAATCCAAAGTATCCGCGCTACAGTCAAAAGAGCGGCGACAGCACAATTACGAGGTTATCCCGCACTCAATCCTTTGCGTAAAACCCTACTAGCCAACAAACGAGAAAGAATCGCTAAGTGGGTCTCAAGGTCATAAACGCCAGCCCCGATCTCAAACAACCCAATGTCACACGCCAAGGAGGCTATTTCGTATAAGAGCCAGATTGAAGGGTCCCTACTAGCGTGTCGCATATAGTGAGGGCCTTACCGCGGCGACTGCATAGCGCGAATTGGTCGCTTCAGTTAAAGGCACGCTGAGTGCCCTACTATTAATCGCACTCTCCGCAGTTACGCGCTGGTGGA,387,51.94,Caenorhabditis elegans
SEQ_878633,CAAAAGCTACCGACGAGAATTTCTGCTGCGTACAACTCGATTCCCATCAGACCTTCCCTTCTTGGGCACTACTGTTATCTCTCATCCTTCCTTGAGGCCAGAGGGGCACGCACTCGTACGCGTGTACCACCACGAATCTAATCATCATAAAAATGGCTCTGGAACCACTCTATTTAGTACACACCTACCGAATGTCGATAGGATGGCCCGGCAGTTCGGTTATACGCCGCCACAGAGACAGATGTCTGCCGACGCAAGTGGTCGATCGTTAAGGACTACTGACCCGCGATCCTGAGCGGGCGGGTTTTCACGACTGTAGGTAAAGGGTAACGCGCCGGTACCGCCAGGAAGTATTACGCCGCAGCCTACGATCATCTCTCTAAAGCGAGAGAAGTATACTGCACAGCCGACATCCTCAGGCCGAGTTAAGAATGAGAGGAGCCTTGACGCGAGATTATTGTCGAGAAATGTTCATCCGTGTGAACGATCAAGGTAGGCTTCGCGGCTAGTCGGGTCAACATTGATCACCTGGGAGAGTACGTTTGTTGGGGTAACCCACACTAGGGGAACGAGTAAGGTCGGATTAACATAGCGCTACGTGTTACGCAGCCGATGGGTACGTAGTATCACTTAATGTCCTGGAGGTCTCCGGCCACTTGTGATACTTGGCCGACATTAATTGACAGATATTACACGCTGGAGGTCAACGCTAGGGCTGCGGTTATTATGAAACAATCTAGGAAACGCCGGGTATGCGGATATCGTTGGTCGCGTTCACGTTTACTACTTGCCGGCAGCGAGACGCAATACTATGTTATTTGAGCGTGGGTAGAGCGAAGAGAATGTGCTATTCTGTAATTCAGGTGTGTTTATAACGAGTAGTGC,885,50.62,Drosophila melanogaster
SEQ_932434,CCCGTACACTAGGCTATTAAGTTCAGGATAGCATGCCTCGTCCAAAAGATACGACCAACTGTTTATGGCGAAGAGGTACCACACGTTCTTTCATCTGTACACACCGTGCTCATGGCTGTATGCATAATAAACAGCCTTTCCCGGTACAATTGCGCAGCTAAACTCTCCGACAATCACGTTTTTAAAGACAAGTTGCTCACTCAATATGCTACGACGAGAGGGTCGACCGTAACAGTTGCTTCAAGGGTGAGGACACGTCGAGATTTTCATATCCCATCCTCGTCCGCTCGGTGTGCCCTCTCAATCCGCCAGCACTCTCCGTAATTCATGATTGGAGGTCGTGGCAGAGATACTAGACCTCAGGTACATATTTACGGGTATTAGGTCCGGGGGATACCACTGGATGAAACCCCATTTTGTTGGTATGTTAGCAAGCTCACGTTGTCTCCTAGAGGGACCAGCAGCCAATCGTTGGATCGTTGCTGACATTATTGCCACGTGCGCGGCCCTACATATGTATGGGCTACATCGATATAGTGTCGCGTGCCGTCTCATTGTGAGGACAACTTAATCCTCAGTTTCGCGCCATAGGAGGAGGCTATACGGATTCCGTTGGGTCTTGTTAAATCCAGGCATGAAGTGTGAATGAGGAGCACGTCAGTCGAAGAATGGGCAGGCCAAACGACCCTAGGCGCTCAGGCCTTTGCAGTGTCCTTGATATTCCCACTTGCTGCATGCGGCGTACCAAGGCCTCGTCTCGCGTTTCTATACCCTCCAGTACTTTTAGTCCGTGGCTATGATAGGTGTCCGCGTCAAACAGGGACCTTTGTTCGACCATCTACTCCAAGATACCTTATGAATAACGCAGTGACTACATCCTCTTGGCTTTATTACCTCCGTGTTGGGAAGCTGAGCCTAGCAGCGAGCGATGCATTGAGTCGACCGTAAACTAAAAAACTTCCTCTAATGAATGAATGAATAGCGGCATAGAAGAATCGGAAAATGTGTGACTGTGCCGCTAAGGGTAGCTTTTATTGTCGGTCCAAACCCTATGCCGTTATTCGGATTAGTTCCAGCGATTGTTAACTCCATGAGGTGCTTGCCCGCACGCAATATCAAGTTAAGTCACTGACTCCAAGATCTCTCAGACAAGCTACTCGTCACTGCCAAGCCTTGGGATCGGTCCACTCCACGTGTGTAT,1201,49.13,Escherichia coli
SEQ_414195,GTAAGTATACCGCCTGCTGGAAACCATGATAGGTGGTTCCGTATGCAGCTCAGAGTGGGACAGAGAGATACTTACACCGATGACAAGAAGTAAGTAAGTGCGCCGAGCCTGAAGGGATGATAGCTTAGTATACTTAACCGAGGCTGCTGTTGTCAAGTTACATGAGCATTAGATAGATCTACCCAACCCCTCACCCAAGAGACGACGCAACTGGCATCCCGCGTTCGCACAAAAAATGTCTAACTAGCCAATTAATCCATGCCTCTGAGCGACGACATGACGTAGACGGACAAACCGTTGCGTCTGCTCGTGGACTCAGAAAAGTAAACTCGAGCCTGGTCCTCCCTACTCTCCAGCACGTGTTCGCGAGGATTTGTATCTCGCTCGTTTGGTTCGCTCCCATCATACGTACCATCTGCTTATGACCGCTCTCGAAGCCATCCACGTCACTACAAACACTTAAATTTCGCCGACCCCATCTCAGTGAGTTCCCAGATGGCCTCGTAGACGCTTGGTCAGGCGCGTTGTGAACCAGGAGAGCCAAGTCCACATCGTGGCCACCGATGAACTCGGCACAGTTGATCCGTCCTACATCATGTAGATCGCTGGGGTATTCGGTGATCACTTCAAACGATGAGCGCATGCCTTTCTTGTCTTGCCTCTCCAGCTGGTTTCGGACAGACATGATCGCCCGTTGATACAAGTGTCCATCGCACGGCTATCTTGTTCAGATAGGTGCGTATACGTCGTGCAGGACCACCTTACCCGTAAGGCAGACGTCAATGACCCATGGGAAGAGTAAAAGATCTCTCTAAGGAGCGAATTGGTACCAACTAACCTGCGATCTTGAGTGCGTACCGACAGTTGTTGCTAAGGGTCTAATCTATTACGAGCACATTCTAAGTAGGAGACCCGCGGGCCAATATCAAATCTTTAGCGTCCAGCTCGCATGTGTTGAAAGCGGTGAGGATACCAACCCCCCTGGACAGCTTGCCACTATTTTGGGTTCGATAGACGATTGATGATGTTCAGGTACCTACTCCGCTGCCTTCAATCGTTGAAACTAAGCACTCGAGAGGAGCTGATGAGGCCCCCATAAGCACCAAGGGGAACCAGTTTAAGAGCTATCATACATCGAGACGTGGCCATCCCGCGCCGGAAATCCT,1166,50.94,Drosophila melanogaster
SEQ_716021,GGTGAATGCACGCGGGTCCGATGTAACCTGAGTACGCAGGGAGACTGACGGGTCCGATATAAGCCTCATTGGACTCGTGGACTAGTGAACTACTAAGTGCCTCGTACAGGATCCACTATTTATTTTCTATGGCCTCACTCTAGCACATGATAGCCATACCTTTCTAATTGAATCTACTTCCTCACAACATATGCAACATCGAGCGTTCGACCTTGCTGGCCGCGGGACTTATGTGAAGGGGCTGTAGACTTATTCTTTCTGCTCAGGGTACTCCGTCCGCGTAACTGAGCAAACCTGCTGCGGGCGCCTGTGTGCATCTATTGACAGGATTTTGCGTTTTTATGGATCATCAAGTTGGGCTCCGCCCACCTCAGAACCTCTGATCGCCGCCGGTATGTTGCAAAAGGAACTATGTATTCGCCAACACGGTAGCGGTTCGAGATTAATGAAACAAACACCAGCGCACTCCCACTACAAGTCCGGTTAAAATATCTCCGAACATCGTCCAGGACTCCTCTTGCTAGCCTAAAGCCCGCCTAACGGTGCTTTAAGCGGACCGGACACAGGAAAGCAACGAGACCTGAGGAGATTTATATGATAAGGGTTCCATACTCCAAATTTCTAAGCTACCTTGCCTTGCCTTAATACCTCCGTAATCTGAGCCGGGAGGGGAGCACTGTCTTCTATCCGTCGGCCAAAGTATGTCTTCTAAGGCATCGATCGAATTCCACTAGTATCTGCCCGTGTAGTGCGAAGGAACGCACGTGACACCCAGTGCTGGGGGGGGACGTATATCAATAGAACACATTTCATGAGCGGGACTACCGATAAGAGAAAGTGAGCCCTGAGTTACATCGCAAATTGCACGCCG,871,50.06,Escherichia coli
SEQ_361207,TGCAGGGGAAGTTCGCCGAAGCTTATGTATGGGGCTCTCCTTTTCCAAAGTAACCAGAAATATCCCGGGCGCTAGTTTCAGTTAGCCAGGCCCACAGAGGTATTGACAGCATTAGAGGTCTAGTGCATTAGACAAAGGACAATCATCGTGCGACTTGAAGTTATCGGTGCCTTAGTTGCCTCTCGTACGCATTCTATCTGGATTCGTTAGCCCACACACGTGCTGCTAGGGCTGTCATGCGTTGACCGGGTTCACCCAGATAGCATTCTTCTTAGAATTTTCGAGTACGACCGTTATACCCCCAGGGGTCGACACTCGTCCCG,323,50.77,Homo sapiens
SEQ_937505,ACTAGTTGGTTGAGATACCCGCGCGAGGCAGAGTATCATCGACTAGATGACCCGCATCCTTGAATCACGGACCGATGGCGACATCTCCCTGATTGGTTAGAAAGACACCGCGACATACACATTCTAGTTGCTCGTTGATTATAGGGGGAGCCGGGAGTTAAGCGAATCTACGTCCCGTGACACAGAAATTTAACATCCTAGCTTTATACCTAAGCCATAGTCGCGGGGGGCTAGAGCGATCGACAGGCGGAGAGAAGCAGTCCGGCAACCATAAGCCCCACCGGCGACGAATCGATTCCTGACAGCCCTCTGCGTTCCCTTTGTAATTTTATCACGGCCTGCACTAGTGAGACGGCTCTATGTACTTCACCGAGCGATCATTACCACTGGATCTTCTTTCGAAAAACAGCCTAGAAGTTGTCACCTTTTCCGGCGAGTCTATTTACGATGTTCCGTAAAGCTTTGCGGGCTGGCTACTAGCCGGGCGCATAGAGCCCTGCATAACTCAGTAACTGCACCCTAGTGTCTATGACTATAGGC,540,51.3,Arabidopsis thaliana
SEQ_864433,CGCACACCAGTGAAATAGAGCTCTTATCATACACTAGGCGCTGTCAATCTGGCCCACTTGCACCGGGACTGTCTTTGCGACCTAAACAAGACGGGCGCGTTGGATGCGCAACGTCCGCTGAAGTAAGTCGTGATATCCAATGGGGACGTTTTGTCCTCGTGTCCATTCATTATACTATATGGGACAAACCAATTTGCCTACTTATCAAAGATGACGTTTATGCCTAATCCGGTCACATTCGCGACTTGTAAGAGACAAGTCGCGCCTTACAAAAGAAGCTCGGCATTGTCAAGCAGGTCGCTTGGACAAATAAATTCTTACGAAAATTACAAGGTACCGGATCAACAGCCCATTGTATTGGAATTTGCACGTGCCTGAGAGGGGGCTATAGGGCTCGGTGCGAAGGCAGCATTTTTAATTCGATTAGATCACTAAAAGTAGTCGGCAGCCCCGGGTTGAAGGAGTATGGGGATTGCGAGTGCACGTTCCATGTTGCCAGTTTAGGCACCTATCGCTGCTGTGACATGCAGAATGATGACTCTCATGCATGACAGACGTTCTAAAACGTGCAAGACACTTCTTACGAGATATTAAGGTCTATTGTTTGTCCTGAACTGACATCAACGGTCGCGCGTCGGTTCAAGACACGTCGTTCTTTTCCACGCTTTTCCTTTGTTAACGCGAAACCGTTCTCCGGATTATTCTGCGGGATTGTTGAACGGCGGCATTGTACCGGTCGTCCCATCGCGGACCACCCATTACAGGACATTCTGTTATGAGTTGTCTCAATTGGTACTTATCGTCCAACGAGGTCACTGAGAGCAACGTACTTCAGCGCCCGTCGTACGTGATCATGACACCGGTCGATAAAGTACCATGCCACCAAAGCTAGTCAAATACCTGGATGACGTTGAGACTAGGAAACCAATACATAGAGATATCATGGGAGGACCTGACAGCCAGCTTCAACCGAGGGGTGCATCGTATTTAACCTGCCCGGAGATTGTGACCTTATGGAAAGCGAAAGTTTGCCTCACAGGGGGTTCGGGTTTGCGTCATTAACGCCCGCTCTTAGGTTCAGTTGTAGCTAATCGATATCTAGACGCTCCTCTTGAAGGATTGTTCCGCTCTAGTGTCTTACTATTACTTGGCACCGGGACTGATTGCGGGACATCGCTACCTGTTATCACTAGACCTTACGAGTATAACGGTCTCGTTTTGAGCGTCCCCGTTTCGTAGCCAAAAAACACCGCGAGCTCGATGCTGTTCATAGTTCATAACCAGTGATACCAGCGTAACTATTGAGAATGGTCCAAAGCCCAGTAGCTTCACAATCGTCTGTTCGCGTAATATATAGCTGTCGTTAAGAGAGTAAAGTTCGCGCCTTTCTCCAGATAGTTGCAGCTATTCCTAAATGTGGGCGGAAGTGCTTACCGGAAAGCAAACAACTTGCCTCCGTTCTCAAGCACGAACCGCGCCAAACGAGGCGAGCGTGACATCACTGGTGAGAGTCTTAGTGGCCTAGGATTAGGCGACCTCGGATGGGGCTACCTTAGTTGATGAATCCCGGTCATATAGTGCTAAAGATGATACGGAAATTCCCTGGGCCCTGACTCTCTCCCTATTTGATGCCCCCGTTGGGCGGATCTGTCACGTACCCCGCGCTCACGGCACCCCTGCAACGTTGAATGGTCCTATCAGCGGATATTTTTCTCCGCTGGGTGCAGTGTAATACTAAGGAAGTAAACATATCCATTCACCCCGTCTCGGGCGGGCGACGTGTCACAAATCGTTGGGGGTAAATCTGGCTGAACGGAAGATCGTCTGAAGGTAGCATCTGGTAGACTAGGCAGCTCATACGGTGCAGCTCGAATC,1875,49.39,Arabidopsis thaliana
SEQ_854317,ATACAAGCGATGGGCTTGGCCTCGCGCCTAAGTGTGAGGCGGGTCCTCGCAGAGACTGCGTATCAATTACCGGTGTTGTTTTTCAATCGTAGCGGCGTATGCTATACCTCCAGTTGTAATCTGTGGTACAGAATCTCGTTTTCGCCAGCATAAGCCGGGTTAATAGCGGACGGCGTTGTAAGTGTATATGCACGCTTATCGGATTTGTCAATTACCATGTTTTAGGTCCTTGCTGGCTCCCGGGACTGATGCGTGAGTTCCAGTCCATGTCCGGAATGCCAAATTTCGTCTAAATGGAGTCGACGCCGTCGTTGGCAGACGAGGGTTAGGAAGCTTCACTTGTCTTCAGCCGACAGGTCGTCGAATGTACTTTAATTGTATGGACCAGCGGTGGGCTCCGGGAACGAAACGTTTGAGTGTTGTAGGCCAGAAAGATCTGCCACGAAAAACTCGTGTGCTTTAAATGCCTTGACTCGCGTAATGAACTACCGCCTCGATTAGTGCATAGACACTATTCTGGAAAACAAGCCAACATTCACCCGCGAATCGATAACGTGTGGCAGCCCTTCAGAAAAAAGCGTATCAAGCTAGTTCCGGCATAACACGGTCCTCACCGGCTCGTTCAGGGACAAACCCGCTGCCCTCGGGGGTAAAAACGCTTCGCAGGGATACGCATCCGATGTTAAGACCCTACCGTCGGGAACCGTCGGCCAATGCTTTCAAATCATTTGCACGATGTCGTTCCATCTGTCTCGTCCGTAGTACGTAACGAGATCGTAGACGTTATAGGAGCGCTCCGCATGCGAACCACGAAGGAGGAACGTCCCTCTAGCGACCTCTTGGAGCTGTGGCGAGGGGAGCCATATACTTCACTATCTATCCCAGACGCTCATAAGTCAAGTAAATGGCTCTGTGAGCCGGAGGCCCATATAGTTGTCCGAGCTA,945,51.43,Homo sapiens
SEQ_393923,TTAGTTTATCCGAGGGCAGAGGACGCATAGCTGTGGGACTAGAGTACTTGTCAAGTGGCTCGGAAGCGAGATTTTAGGCCCCAGTGCAGGCCGGCGATTCCTGAATATTGGTTGTCACGCTCGTCGAGCCTATTGTTGTTGCATAGGGACCTGGAAATCCTCATTTTTCTAAGAATGAGAAGGTGCCTCAACTGAAGTGGGCTTAGGGAGGCGATGTGGCAATAGATCGGCACGCATTGTCTCTCTATAGTATTCAACGTTCCATCGTAGCAACACGTACCTTCTTTCGTCACTGTGGATTTCCTAAAAAGACCACCGGCTTTTACAAGTTCCCAGACAGTGATCGCTAACCGGCCGAGAATTAGCCGTAGGTATTGGAAGTAGCGGCATCCCAAGCATCTCAGTGCGTTTCTTTCCTCTGGCCCTCGCGCAAGTCTAATTGTACCGATTCAAAAGTATTACAGGCTTGCTATCCTTCTAGGTGACGAGGGGAGCTCCAAAATGATCTAGCAAGTCTAAGGACTCCTCAGGGTCGCGTCTCACAAGATGATGCCGACCACGAGGGAGATGGCTTCTTGAAGGCACACCGCAGGAAGTCCTTGTTATAGCACAGCCACCGACCGGGGTAGCGGCGACACGCAGGAGGATCAAATGTCGCTGGTGAGAGAATGGACACGCCCGATGGCCATCTGGGATAGTGCGGACGTGCGGACAATATGCACACGATCATAGTCGAGAACAGGGAAGATAGAGTCGGACTATATAAGATAGCGATCTGGGAAGGCATGCGGGCATGTAGTAACGGGAATAGTCAAATGCCGCTGTTGGCGTCTATACTGCGTAGGGCCATTCAGTAGCGGTGTCCATCTCGGTACGAGGACGCACTCGAGGGATCCGCTTAGCTCCCGCTAACTGAATACAGGCAGTCGCCGACTAGCCCCTTTACTAGGATACACTACCATACAGGCCGATGCTGGCCAATGACCTAGCCTTGGCCGAGAGTCATTACCAAAACCAGGCCTGCCCACTTCTGAGGAATCTAGGTTCAAACTTCTACCACTTGACGTTTTTTCGATCAAGCTTCGTAGACCGACTCCCTTTCAAGGATCAAAGAAATAGCAATCCTTTTAGCAGCCCCTAGGCTTTGGCGCATGACACGCTTTGTCAACTGTGCTTTGCCTCCTCAGGACTGTGCCTCATAGTTCGAGGAGACAGTCCATAGCATTCCGATGTGTAATCGGTCATACTTTCGCAGTATATAATTAAATAAAGACCCTGATTGCTACCCGGGGACATCATGTTACGCCTCGAATGTGACCGTCCTGCACATAGGCATAGAAAGAGCCGAAACATCAGAACTAGTACGCAAAGGACAGTCTACAGCTGCGTAAAAGATTGGTGGCCACGTCCATGCCAGGATGAACGTATCAGTGAGTGCAACAACCAATAATATCATGGCGCCCGAGACTCTTACGAGTTCGAAACTATTGTAGTACCTAGGTCCTGACGAAGTATCGGAGTTCGGGTAATACGGGGTTTACTACAGAAGTATTAATTGACGCTCCTTTATGCATTCGTAGGTGTGGGAGCTGGATCACATATGGTTCAGCGCCAGTCAAAGCGATGTTGGTTTGAGACATTAAATACGGGTGAAAACGTGATTTGGGCTAGGCTGGGACGGCTAGAATACGAATAAGAGTGGGGGCTCCTCGTGCTCAGTGAACATTATAGAGTGAGTCAACAGGGGTGTACGCGG,1756,50.06,Homo sapiens
SEQ_523071,CTCTACTGACACCCGGCTGGAGTCATGGTAATGACGTAGCGAGTCAATTTGTCTCGGCCACCTCGGGGCTCCCACTTGCTCCCTATGAGTAGAATATCGTGTGCGCAGCCCGTAACTACACAAGTGCGTGTTTAGCAAATAGGCCCAAAAGCGTTGTCGGCACAAGCGGTGTATATGCAACCTTGGGTCAAGTCAAGCAGAGCCTAACCATATCACTCTTCTTTCGAATCCCGCCCACACTTAGCGCCTTCATTAGGAAATTCTTCTAGAGCTCGCAGTGTTTACTGACCAGCTTTTCTTATGGAAGGTCGATCTAGCAGCTGGCAGTGGTTTTGCCTGGGGTACGGTTTGTTAATGATCACGGCACACGCCAAGAGGGCATACCTGCAGACTAATGTCCCTACCTTCTTTAAACACATTGATGCGACCCGGCGCCTTTCCCATTTCTAGGTGAGCTTAGAGAC,464,50.65,Arabidopsis thaliana
SEQ_920863,CATGAGGTGTCCCCCGCCGTGGTCGAGTCAGCTGCTGACGAACTCCTGAGCGGTCCATGAGATCCAATCTTACGTGCATTCTGCTAAAATCCGGTGCTGGAAATCTACCGAAGATTCAAGGGGTGCCTGATAATCCCCGCTGGCCGAGGGCATCTGCATACAGGGTGTTAGACCTTCCGTGCTTTGTAGACCATCGAACAGCTATCTCTTGATGGTAGATTAGAACCGTCAAAGAGAACTCAGGCAGGACCTAGGATGATCATGGCCTGCGGACTTCGCGACAATCAAAGAACCGATGACAACGGCCGAAGACACAGCGTGGCCCAGAATAGTCTTGAACCGCGATATACGCCTCGCATTCCCTTTCATAGGTCTGTAATTCGCGAAAAGGTCACGAGTTGTGGGACTGTGATGATTACTCATCTTATTAGGTGTCTAAAGCAGAGAAAGAATCGATGACCTAAAT,466,50.21,Drosophila melanogaster
SEQ_926284,TATACAGTAGATCTCAGTTTGCTGAACACCGCGCACGTCACATCATTAACTTGCTTATATCCCGCTAGTTCTAGGGCTCCCAACTTGATGGCGCCCGGCCAGAGGGACGT,110,51.82,Caenorhabditis elegans
SEQ_210584,TTAGACTGCGGACCCGCTGCTGATGTGTGCCTCTCCGTGGACTGAGTGGCAGTGTTAGAGACTTTGAATGCAGATTTGGTCTCCAACAGGATGGTACCAACTCAAGAGCCCGGACCGTGACACCATGCTTCTCAGACTGAAATCACCACGAACGCAGCCTAGGGAAACGAGCTAAGCTTTGAGCGGGAAGTTCCATGTTCGTAAAGCGGGGCAAACCCTTCCATGCTGAAACAGTTATCACCAGATGGTATCAATGCCTGCGTTCTGAGTATGGATCGGGCGGTCAAACTAAGCCCTTTTCTGGCTCGCCCTACCAGGAGTGCTTAGGGCCCTGATGCGCTTCCCCCTGCACTTCTTGGGCCGCCGCACTAAGTCTGCTCCACACCGATAGAGAGATTAAGTGTGTCCAAGTCTATCAATCTGCGCCACCACAGGGCCTAACAGTTTATGAACTAAAAGCCCCGTGCTATAGCTCCGAAAAAGCCTAGGATGTCTTATCCCACCTACCAGAATATAGGGGTGCCGGCTCGGACGTAGGTTTTTTGCATCGAATCAC,556,52.52,Saccharomyces cerevisiae
SEQ_226730,TCGGCCTCGAATTCTTTCGTCGGTGCAGGGAACAAATTTAGCACGCGACTTGGTTAGGGATATTAAAGCAACAACTCGGGATTCTTAGCCACGGAGCCGTGCGCCTGAACAGAGAACTGGGAGATCAGTGGTGGCACACCACATACTGATGCTTTCCTCTTAATCCGTTAGCGATCTCATATAACACGGATTTCTGCGATCTACCTAGCTCTATTGAGGAGGAATGTGATGCAACTAATCACACTTCTTGAATCTCTTAGCACGGTATCGAGGATGAACCTAGTGGCTAATCCCGTTAACCTCCTTCATTGCCGTCCGATGATCGATTATTCTCAGACAACGGGGTTAGCTTTTCAGAGCCTTGATCTTTCAGCGATGCCCAGCCACCGCTTCTGTTTGAAGCATCGCCTCATCCCTGCTCATAGTCCGATTTGGTGTAGCGATTAAGCTCGCTGTTCTCACGGAGTTTGTTTGCAGATGAAGCTCGTAACGATAGGGATGAGTTGGGGGAAAGAGTGCCGAGGGTAACTTAAAGGAAGGCGATCGGCGATAGATCCTGTTGGATCAGGGAGGTGCAATGCAAACATTCTTCCAATAAGCTCATTGCGGGAATTATAAATACGCAGGGCGATATAAGACAGCTGCCTTTCACCGTTAGCTCTATTACGACGCGTTCCCATTTTGGATAAATAGATCAACCTATATGCAGAGCTAATTAAACAGGGGTCGTTTAACCAGGCCTGACAATATTAGTAAACATAGATGCGATCAGACCACTATAGAAATTCGGCATTCACGCTTTCTATATGTCAGCTGAAGACCTCTAAAAAATCGAGGCGACTCACGAAGGCAGTCGTTCTAAGTACTATCAGACGGTACCCCACACCGATTCCAGCACGCCATCGGTCTGTGGCGCAGAGCAGCCGACACTGGGTTGAACACATCGAGCAGCACGTTCGTCGCCTGAATGCTCACTATCAGCGGCGGGCACTATGTGCCCTCAACAAATGATAATGCTTACTCTGGCCGTCTCGTAGACTGGGTTCAGATGTCACATTATC,1061,48.07,Caenorhabditis elegans
SEQ_874224,CGCGGTGGCCCCGACCCAAGTTCCGAATGCTGTGGGAGCGAAGTGTACGGCGAACTATAACCAGAGTACATCGAAGTT,78,56.41,Drosophila melanogaster
SEQ_358690,GTCGTGGCAACAACTACCTTCTGAGGACGGCGGGCTTATAAACTCTGGGTCGCTCTTCTCGTACTCGTTAGCACGTGGGCGGGGCTCGATCCTTACGCTCGGTTGGTTAGCTCGGATGTTTATTAATGCATCCACATACCCAGATAGCTACCCAGAGTATGCAGGGGGCCATGCAACTTCAGTCCATGGGGAAAAGCTTATATCCCATCCGACGGAATTCTTCAATGGTGGTGTCTAATAGGTAACGCTCATAGGGTCTCAAATCGTCATCCCGCAAGAGGTTTTCCAGAAAAAGCATAGAAACCGACAGGCGGCCCGTATCCCCCGCG,329,52.28,Caenorhabditis elegans
SEQ_209173,CCTGAAGCGAACTGTACCGCCAGCTCTGCCTAAGAGTATTGGGGCATTCTCTTCCTATTGCGCCGATCGTCAGACGGGAGCCTGTGTGGGGTAGTGCGCCCCTGTCTAATTCACGCCACTGACCCCGGTATCCCGTACGCAACGCTCTTGATTCACGCGTCTGTGTAAGGGGGGTCCGGGTTTTTGGTGAAGATAATGACCGGCTCAGGTTACTGTTTCCTTGCTGCACTGGGGAGGGAACTAGTCTTATATTTAACACCGTAAAGTCCCCCCTGATTCTCTCCCCGACCCACGTACTCGTACTGGTTTCGGAAGTCCCCGTTGCTTGGGGACAATTTCGAGACTATATTGGCGGTGCGCTAACGACGGTATCCCACGCGGCGAATCGGAAGTTGCAGCGCTTGGGTATTTACTGTGTTAACGACACCATCTATAGGTAAGTGAGCTGGGCTTAGGAAGCACGCTATTATAAGGACCAGCATGACATATCTATTTCGATCCTCCTGAAAAAGTACTTAAAATTCGCAGTATCCAATAATGGAGAGATATTCAAGCCGAACTCCACTTGACTTCGTGAATAATTATTGGTTGGCAACTAGCCCTCGTCTACTGCATAAGTGTCAGGGCACCTATCTGCCGTAGATCGACGACCAGCCTATAATGCCTTGACGCCACACACGAGCATATCCTGAGTCTTTAGCACATATATACCACTCAGGCGCGTGAGTGCGTCTCTATTAGCGGAATAATTGCCTGCAATCACTTCCAACGGGGGAAAAAGGTGGGGCTGAGTGAAGAGTTGAAATCTCTCCGCTGGTTCGCTGCGATACTAGCGGGCCAATGCATACACCCGGCGTTCAGCGTCCTTAACGGGCTGTGAGGTTACCTCGAGACTAGATCGAAAATAGCTAAGT,914,50.77,Arabidopsis thaliana
SEQ_510115,TTACGTATGAATTAACCGGTGAGTCGGGCGTAGCATCTTTAGTAATCAGGCGTAATAGGCGTCGGGTACCTTAGGTTCGCAGACATTAAATTACTACTCGACCGATGGTGACCGTCACTTCTGCAGACCCATGTCAAC,138,47.83,Escherichia coli
SEQ_580177,TTTTCAGAAATTGTAAATGATGTTAGATACGCTCCCTACCATGGCTTAAAAGAACGGAACGGGGAGATGATAGGGGGGTCCCAGAATCAGTCGAGCTACTCCTACGCCTCCGTTCCTTTGTCGAAGAGAGACCTACAACCGCGATTAATTTGCTTAGGTATAACACGTTTGCTGTACCGTGGATGTAGGAAGTTGCCCTCAATGCATCCATTGAATCAATCGAGGGCAGGCTGTCGTTGGTACGACCGGGGAGTAATTGTCGTGCGAGCGGTATGTTAAGAGTGTGTCATGATGTAAGCCGGCGCCATATAGTCTCGAGTGGGTACGCAGGGTTAGTGCTTTTCGGGCGGTGCTTTCGTTGCGTATGCCGTACCTCTCCACAGGCGTGGCTCCCTAAGCTAGCCACCGTCCCCAAATTAGGATGCGAACGAAATGTACGGGCTTGACCCAAATTTAAAGTAACTATACCGTCCGTTGATATCGACGTAGTAATAGGATGTGTGGTGAGGGAAGTCCCACGGGCCAAGTTTAATGTCGTTGATATCCTACATATGCTGTGTTAATCTGGCGTGGAGGCTAGCACGTTATCTCAACAGCTCGTTGGGTATTTAGGAGTACAAGCAAGGGGGCAAGGGACGATGAAAAAGTTCAGATCCCTGATCCCATTCGCTTCCGAGGTAGAAGCGTTGATTGCGGGGCTGCCGGGGCTGAAATCATTGTCTGCGTCATCCAAAACTGGTAACGCGACTTATAGCCCGTAAATTCGCTCCCTAGTTTGCCTAGCAATGAATTCCCTACGGGCGCCTTAGTGTTTCCGACTAACTTTAACTTTAATCCTCGGATCCCCCACCTATTTCCCCAACTATGAGCGTTTGTGCGCGATAGAGGCGATCGACCATGCCAAGGTAACATTTATCCCATCTCGAAAGGAGCTCCTATATTTATGTCTTGTGGTCCTTCCTTATCTGGGCAGAGATAG,979,49.23,Caenorhabditis elegans
SEQ_367900,CCATAGTGTTTAAACCGCGCATTATGCGAGCTTTACTCTATGCTATCGGTTACACACCAAGCCTCAACTTTGTGCCACGTACAATGGTCTTCGTCTTGTGTCATACACAGATTGCTAGAGACCGGTCCCGACGTGGCTAAAAATCCCGGTTTGGAGCGTGCGCTTCGATACCCGGCCAGACAACATTGGACAATTCCGAGAGATTTATTGCAGTCTGGTCACCCCCTGAGCTCACGCCTATCAGTCAACGGTTGGTTCTCCATAGAATGACCCGTGTCCGAGCACCATTACCCGAATTGGCATTGAACGTCGGTCCTGTTCGCCGAGGAAGCACTAATCAGTCTCTAGATTCAGTTCTCGTGATACAGCAACGCCTTGTCGCATGTGTTACTCGCCGTAAGCCGGAGCAAGGCGAGATGCCTCGGAGCCAGGTAGGTTGATAGTAAGTCGACAGAGACCCCCTGACGGCTCGCGAAGACCCCAGCGTAGTTCCACAAGGATTATTGCGATCGGGGAAAGTGGTGTCATACAGAGTATGTCCTCTAAGATTGTATCTGTCCCTGACGGAGGTGCGAACGGTAGCTTTTCTCGGAGTTACCCTTCACGTGGCCAGGGTCTGCCGAGACAGGCGAAGTCCCACCTAAGCTAATTTCTGAGCAGTGTGTGTGTATTACTACTCGCATCTTGCGAGGACGTGCTCCAGCCACCCGTCGATGAGGTAACAAGCGCGGCTTTCTAACGCAATATGGATTTAGGCATCAATTCAATGAAACTTCGGATAGCGGCTCACTACAAAACCAAGGACGATGTCTCCAGCGGACAATCCACAGATAATCGATCACTCCAACAGACACGGAACATGGCACTACAAGTTGCATACTTTTGATCTAATCATCCCGACATCCTTGAAGGTTGCAGAGGTATTCGTGTCGGCTATTTCATCTTAATAGCGTCTCTGTCCCGGCCCGAGAGATGGAATATACATCGGCTTCCCTAACGACTGAACGTGCGTAACCATCTTCCGAGGTAGCTACTCCGACGCACAAGTTAAATCACAGTCCTCCTAAATACTTAAGCTATGCGCGTAACTGGTTTCCGAGAAGACGATCCGCTCAGTGCGTCCGTGCAAACTTAGAAGCTTTGAAGCTCATCGATTGTGTCCAAAAAATGGTAACAATGCCCAGGAGCAACCCAACATTTCTGTCGTACACGCCGCGTTAATGATCCAC,1229,50.28,Homo sapiens
SEQ_767356,AATCGCCCAACCTAACGATCAGGAAACGATATGCGGCGACAGGTCATCCTTACCACGCCTGTAAGAACTGCCCCTGGAGTCAGATCTAACCATTGCCCACATCTGAGCCCCGACAACGCCAGCATGAGCCTCTAATCACTTAGTGAGAGCGTAGTACAGGTTGTCCCCAATGTCGCGATTACGCACAATGAAAGTTTTTCCGCAGCATCATGAGATTAAAACTTATCCAACACACGTCTATGGCTAGCAACTCAAACGATGCCTTTGACGTATCATCACTCACCCTATGCAAAGCACCGTATAGGACAATAAACATGTATCCCAAGCGGATATTAGTCTCCCCGACATTGTAGTGTCCGTTATTCGGTAGTCGGTTGAGACGCCTACATTTGCTCGCATCTACGTGCCTCGAGCTGTCACTGTCAGATAAATCAATTGACGATATCATAATCAAGCAGTCCTACAGTTTGTGGGCAATTGACCCAGGAGCCCACCTCTATCCTCACATATATTACGTGTGTTAGCCGGATACGGTCTTACCGGGGCTTTGACCAAACTTACAAACGCTGTACTTTCTCATTAACAGTGTGATTAGACAAACGAGCCGTCACCGAAGTAGGCCTTTGCTGTGGTGTTTGATAGGAGACGACGAATTCAACAGCTAACTGGAGTTGGACCATGAGCTCGTAAAGAGTCCACGAGTAAACGGACGCTCCCGTGTACCAGCGTCACCGGGATCACACCGTAATTGCTTTTTCACCGGCTTCCAGCTGGCGACCGTTTCTGGGAAGACAGGTTCTGAAGGCTTACCCGACGGTCCATGCCATGGGGCTCATATACGATGGACCACAGACTATTTGGGGCTAA,867,49.02,Homo sapiens
SEQ_907985,GGGCGACTTAGGGATACTGACGACAATGCTTTTGCCCTTAAAGTTCATCAAAC,53,45.28,Caenorhabditis elegans
SEQ_404998,AGTTAAAGCCGCAGACGGCCCACACTAGCATAGCCGACTCGAACGATGCTGAACGTCTGCATTATGCTAAGGGGGGGTCCCATTGCACGTTTCACGATCCTCCCATGAGTTGATCAGCGCCTACCAGATCGCCAGAGTAAAAGACGAGCAAATCCTTCCGACTCGCCTGGCCAGGGCCCAAATTTGCCCAAGACGACGGAGTCCAGAACGAATCTTTACAAGATGAATACGGCCGACCGCACATTGCCGCAGTTTTTTCCAAGATCTATAGCCCTTGACTCCCGATGCCCGAGCGTGTAACGGTTAACAGTAAACACGGAGCGACTGTCTAGTCCTATGCGTGACGCCGGTATGAGCCCCCCCCGTCATTCGTACCTCCCGACGATGGCATCGTTACCGTTAGGAGAATGACATTGTCGGGTACAGGCGAACTGTTCCGCACCCGCAAATGACTTCTGATTGAAAACAATGAGGGTACGGACGTCCCTCACCCCAGGAGGGCCTGGGGAATCTCAAGGTAGGTGAAGCCCTTCAGTCGGTCTTGCCTTAATTAGGGAAAGCACACGCTAATATGTCAGAGCGAGGATGCTATTAGTCTCGGCGCACTGGGCCTCCGACCTTCTAATATGCGGAGTTATCAGACACGTCCAACATTCAGTAATAGCTTTCCCGAGGACTACTAGGCACCGGATCCGAGATTGCGCCAGATTACGAAACGATATATGTTCACAGTACAACCCTTCCCATAGGAATTTCGTTAGTCTCGTGACGTTGTCTATTACCTTTATGTCGTCGCCTTCGCTTTCTAGTTTCCAGCTCTGCTACTTTTCCCATCTTCATGGTTTTAAGATTAGTTCCTGGTAACAGTCCTAGGCGAAGAGCAGTAGGCCCTATACAAACATATAGTAACGACAGGATTCTAGTAGTTAGCTAGCGACCGAACATGACACCTAGGGGTTTCCTAGGCATGTCGAATAGAGCGGTAATTGCTAATCAATCACACGTAGCTAGAGGGAGTGATTCCGGTGCGACTCTTCCGGGTAGACCGTTAGCGGCGATGACCGGCTAGAAATGGCAGTTAGGTTGTGCAATTCACGCCGTGCTACTCGATTCCGCAGTCCTCTCAGAAACGGCATGCATCATGAGTACATTAGTGGCCGCGGGGAAGGGCCGAAACATTGTCCTTCTTGGTAGCTTGCCATGTAGGGACTTAGAGCGTACGGGGGTGCGCTTTGGGTCGCTAGTCCTCGGACTCCTGTACTAAAAGAAGCCGGAATTGCTGATGTTGCGTAACTACAGATACCAAGCGGTGCGTTTATGAAGAGTACGTCTGTACGAAC,1340,51.27,Escherichia coli
SEQ_162604,GCTCTAGCAATTTTTGTGGTTCTTTAAGTAGGCTTGAAGACGGGTGCCAGTATGCCATAAACCGTCAGAGAAGGGGTGAAAACTTAGGAAAGTTGAATCGCTGACCAGAATTACCTTGTAGACGACCTCTGATTTTCAGATGTGGGCCGTGGATCTCCACATACTTCACGCGCCAGTAATTGGTCATTAGACCGCCCCTTCGGAGCCTCTTAACTACGAATGGCATCGCCACTGTACACTATGACCCGTAAACACGGCAACCCCGTAGTGCCAAGACCACATGAAGACGGCGCTTTGGTGCGTAAAGTGCCGCTAGCTTGGTGAGGGCGTCATATCTACGGAACCTTACTAAAAACGCAATAGCTTATAAACGCGTTCTCTGTCGGTACGATGGAGCTTGGCCCGGTATTTTAACCTGTTAGTCCTATCCTCATGCACGATGAAATGGTATTAAACAAATCCCATTAGAAAGGGCAACGGGCACTTTTCACGCAGCGTCGGATCGGCTAAGTTTATTAGGTTATAGTACCGTGTTTCCCATCTCGCTTTCTCACCAATGCAGGCCAATGGCCTCATGACGAAGATTCCCGTAAACCATATGCGGCAATCCCTAACGCGTGGGATGCCGGGAGCGATCTATGGGTCGGGAAATCGGGAGGTCTTAGACGAGACGCCTATAGCCGAGGGAGTACGCTTGGGGAGCAATCAGCCTGACCAGTGAAATAGCCGATAGATGGCCTTGTAATCTGTCTTCGAATCGAAGAGATGTATATCTACGAGGACACTGACCGCACCGCCGGACCAAGTATGCCGCTTGATGCAGGCGGGGCCCACGCCGCCTTGACTGCTGCCCAGCATCTAAGAGAATCTCACATTCGACTAGGAACCTTTATAGCCGACGGGCTTATGCCCAACGGCGGACTATATCATTAAACCGTCGAGTCTAAATACCTGCAATTAGGGGGAAACAAGAAGAGACAGTCAACACCCTCTCACTAACAAGGGGAGACCGCCTCATTGAATTCACCCGCGGGGGATGAGATAATACGTTGCTTTACGCGGTGAACTCCCGCCGGATATTTCTTTCAAACAGACTTCATTCACATACGCTCTTCTAAGTCAGTCTGTCGCTTAGTTTGAAGGCCGTAAATTTTTAAATTCTCAGCGTAGGGTCTGAAAGGAGATTTGGCTGAGAGCCCTCGGGACGCGGCTCTTGGTATCACCGTCGTTTTGTCTAAGACAGGTAGACCCCGCTTGAGAACCCCCGAGGGGGCGTTGAGGTTAACTAGTTGCCCGCAAGGATAGAACCCCAGCATGCGAGAGTCTGTTACGTTTCATGTGAGCTAGTTCAGGCCTTTAGCTGGAGCAACTTTAAACCGATATCTTTCTGAACCTGCCCGATCGCCTGCTGGGGAAGAGGATGGAGCCCTAAGTATAGACCTTCAACGGAGCCCGATCTAAACAATAGGGTCTCGCTTACATCGATTGATTAGGAACAGCTCCACAGCCATTGAGACCTTTTCTCATGGCGCGTAAAATACCCTCGTAAAGTCGGGACCCCTGCTTCTTTCTAGCTCCCGACCACAAGGGTGCGCTTCCACACCGAGATCTGAAATCAGTTTGAGACACACAGTGAGACGAATGACATTGTCGAGTCCCATCGACGAAGCCCCCCTATGACTCTGTTTCCTTACCAGTGGTTCCTTAGCTGCAGCATAAGGCCCGATGAATTAGAAACAGCTTACGCAACTTCAAACGGACAGTGATACCAGAAGAGCAGCGGGCGTCTCGTGCTCAATTACTGCGCGAGATGGAAGTCGTGTATATACAGGCCGGTACATAATGCGGGCTTTTGTATCGCACAGCCGGAAACCTACCTCCTGCCCGAGGTCCAATGCGCCCTGTAGATAGTTACTGCTGTCGCACCGAAGTATGCGGACCAACAAGCTATCGGCTATCACGACCCCGTTAATAG,1975,50.68,Drosophila melanogaster
SEQ_688798,TCCAAGCGGCCCCGCGTTGATTAGGCATGTCACTAATGCCAGCGAACAAGCGTCGTCATTGGCACATGGGGTCGATTCAGCGCCCGTATAAGCTGCTTATGGGATGATCCCGAAACTTACTTACTTTTACAAATATCTGGTTGTGTAGCCCTCGACATCACGGAGGCACCGCGGACCACCTTTTGACCGCGGGGCTTCGCTATTGTGCAATGAAGATTCCCATGCATGTGCGGTCGGCCTTGTAGCCAATCGGTTTAAGGGCGCGACTAAGAGATGGTGGGGCAATGAGTGCCACGATAGTGATTAGGAAAGTCCAATGCTGTAGCACCATCTGGGTCCAAATCAGTTTTCCACTGGAGAGGCATAGGATTGAGGGAATAAGTCCTTAAACAAACTTAATCTCCCGATTCCCCCGCAGTATCAAGGACCCTCTTCCATGTTGTCGTGTTGCGAGAACAGATACTTCCTGCTGGTCTGCAGGATTTACTGAAAACCACTCACCGGGCCGCGTCAGGATTTCCTAAGTCAGGATAATCTGCCTCAATGTTATTAGCCGATCGGCCCGTTTTTTTCACGGGATGTGCAGGCTTGTAGAGTTACAATGTCGCGCGTTACGACGTATGTACGTAATTCAGATGAAGTGCTTGTCTCAACGTATTGAGGCAAAATGGTTTCAGTCCGGCGCGTGGCTACGTAGTAGTTTCCCTAATTCACTACAAAGCAGTGTATTACGAAGAGTCGTCTTCATAGGTGAACTGCGAGACTTAACCTAACGACCCTATTCGGAATCAGGACAACGGTGCGAAGTTGTGTATGCGACTTGAGGGCAGCCTGGGCGTGGTTTGGATTCAAACTCTCGCAGAGTATCTTTAATCACAGTAGTCGGGGATCGACGTTCCTCCGGGCTCCCTCCTACCCGTTTTTTAATATCGTAGTAATGAGCTAGTGAAAGTCCTCCGTATTATCCTAACTCCTCTCTTTGGTGCTGCGTGGGCTGCCTCGAACCCTGTTGAAGATCATCGCTAAAGGAACCCGTGATGCCGCAGAATCCTCCATGATCACATGCGCCTAAGCTTTAATCGCGTAAACGGTAGTGGCGTTCCTCTGTCCAGGAGTTCTTAGCGCCGGGGCATCTAGACTGGGGTTAGAATTACTCGCCGCTGTATAGAGATAGTAAGTTCCATGGCGCGGGCGGTAAACCTGGTATATTATACGCTAACGACGAGCAAATCACTTATTACTAGTCGCTTCAGACTTTCTCATTCAGTCTCTTTCTTGGCCCTTGGTACAATATGTTAATGGACTGAGTGTGCCGGTGCCACAGACCACATTGTCCATAACTGTAGCTGTTCGGAGGGCAGTGTAGGGTACCGGCCGGTTAGGTCTCACAGGGCCCGTCAGCTACCCCCCACACCCAGCGATAGGGCGTAGTCGGTAGTAGGTGCCATGGGGGAGCGCGGAGCGGAGATGGGCGAGCCTCAAAAGATTCATTTCCGCCGAGACTGTAGGCTGGAAGCTGCGCTCCTACCGCACTATACTCCCTCGACTAGCCGAGTCGGTACAAATTAGGCGTCCAACTGAGTGTACTGTCTTCAAGTTCCAAAAACTATCTCTCCACATTAACCGGCCATGATAAATGTGGTACCAAGGTTCATATCGTCGTAAGAAGGTGCGCTATTTACACGACAGTCGGCTACCCGTAGGC,1705,50.73,Drosophila melanogaster
SEQ_293048,ATGAACTCCGACTACGTGGGGTGCAGCCCAGTGCCAACCGCCATCACAGACTCACTACCCCACTTAAGTTTCCTACATATACCTAAGCAGCAAGGGAGACCACGGCATAACACCCTCGTAAGTAATTTTACCCCGCGGAGGTTGGTCCTAAGTACTGGCGTTCGCGCTTCGACCGACCGCCCTCGCCGGTGATAACAAATATAAAATGGCTTGACAGACGCTCGCCGACGGACCTAAGACCGCCCGCACCTCCAATAAAGTTGCGCTAGCCTGGCCTCATATACGGGACGATCTTTACGGAGGCAGCAAGTCGGCAACGGAAAACTTTTATTTCCAGAGATGTACAGATTTACGAATTGCGCGACGTATCGGCTTATTCTGGCGAAATCTACTCGACCCGCAGGGTCAAATCAACCTAGTCTAAATCGCTAGACTTGACCATCCCCGCCATGACATAGATTCATTAGAGCTCTTGAGAATTTCCTTTGAGAGACTTTTATATCGGCGAACCCCCTGCATGGATAGATAGCGTCCGGCTGGGATTACAACTGCAGCATCGAAGTGATACGTCGGGTGGGGCCCGTTAAACGCCCCTGGAAGTAGAATCGGAGACGTTCACACTGGAAGGCCGCTGTCTCGGTTAGAGGTAAATAGCCTAGGTGTTTTTCAGGGACGAGTTTCTCTCCCTTAGTATCATCAGTTCTTGGATCGCCATCCTCCGGGGCCAACGTTCGTAGATACGGGATGCACATCCCAGCGTATACGAAGGTACGGCGAGACAAGATGTAATATCTGTTCGGATTGTCAGTAGCCGCTCGTTATGTCGTTCGCGTAGGAGGAATTAGGGCACGCTGATGTCGAGGTCGTGAG,870,51.72,Caenorhabditis elegans
SEQ_811378,TACCCAGCGTGAATAAAGTTAAAGGCTGGAACTCATTGAACGATGCGACTCCAGTCGCCTTTAATAAGGCGCTGTTATTTTTTAGGTGCTGTTTTAACTTAACGGAGGTCGGTCACCGAAATCACATAGGGACCCCACTCTGAGGGACGAGAGTCGCGGTACGTAGTAATCTCTGTAGCACTTTGATTATGGTATGAGCGGATAAGGTGTGAGACTGAGTCGGTTGAAATAATGAGCCCCAAATAGTTTGTAGTGCTCACTTAATAATGATACTTATGGGAAGGGATTTGGGCGCGGATGGAGAAGATAGCATTACTTGAGGGTTTTATCCTAGGAAATCCAAGCGTGCCCGTGGGCATATGACGCGCACGCTGACTAGCCCGGAAATTAGCTGTTCGTCCCTCGGTCTTCAGACCTGATTTCTGTTTGCAGGCGATGGCATATACATAGATAAGCATTGTGGGGGAAAGCCAGTACAATAGTCCAAGCGGATAGAAAGCCGGATCCAAACGTTGAGCTCGGAGGAAAAAAGCCTAGCCCCCGCGC,546,47.99,Mus musculus
SEQ_134127,CCGGGCAATACCAACAATAGACACCTGATCCAACTTTTGTGTGCATACCAGATCGTGCTCCGTTTCCGGTGTAGACAGTGTACGGGTGGGAGGGAACGCTCGATGTTGCCAAGCCATACACGCCTCACCTCTAAGGGTCTGAGGGTCTAGGGGTCCCATGACTGCTCGCCGTTAGCAAGCGAAACTTGGCCTTGGTAAGGTAGTATAGGGCGCTGTGACTGATGATCCTGTTATCCCTGACCGCGCGTGATGCCCCGGGTCGGCACTGTTTCCTGGATCTGCAGCAATGAAGCGGCTTTGTAAGACAGTACAAACATCCGAAGCGAACGCCAAGCATCGAGTAAGAGATTATCCAGGGTTCTCTCCTCTCGTAAAAGGAGTTGTATAGTTGCATATGTTCCAATAAGATCCGGTAACTATTTCTATTTCGGACGCTGAAGAAAGGACCCCTATCCGACCTTATCGCGCTCTCAAAAATCACTACGGTGCCGCTGTCTATAGGTGAACCTTTAAAGTATTATAATTAGCGAGCGGAGCCATGATAAAGAGGGGCAGCTTCTCACACACTTGGTTCACGTTCGTCCGATTAGCGTCATACAAGCCAGCGACCCGTATGAGAGTAGTGTTCATTATTAGCTAGTGTTGTTATTACCTAACTCATTTAGAGGCGTGATTTCTTACGAATATTCTTGGACACTGCTTTGGATAAGCGGAGATATTTTGCAATACTTTTAGTTCGCAGGCAGACATCGGACTCCTAATTAAGCCCTTCGCGCGCACCAGTCTCGTATACCGCGTGAGATAACGCAACCTGTTGGCAAAGCTACAAGTTGTAAAACCACAAAAATAGAGGTCGTTGGATGCCTGTCAAGTCAGAAGGGTGCGTAAATACGGCTTACATTAATTCGCCTGAAGTGCGGGTACCATGGCGGTAGTCACCAAAGCAGACATGTACTTAATAGCATTCACATTAGGACAATACTGGCGCTGAAATCATTTTCTGCAGCGGATAGCTCCCTACCTGACAGGTCCTGGAGTAGTTCCGTTGATAATGCAGTGCTGCAATGTAGCGGGGGAC,1078,48.33,Arabidopsis thaliana
SEQ_462234,CATCGTCGTAGGGGATTAACCAAGAAGATTCGGTCGAGCCTACGAGGTAATGCAAGGTCTTGACTCGGAAGCTCCTAGCGACTGACAATCCGGACGTTAAGCACGCGATCACTATGGACGGACTAGCAGATTAATCGTCGCGGGAGCCAAGCGTAGGGCGCAGACCACAAAGAAGTCCCATGTATAAGCCAGCGGTGGTCTTATCTCCTTCGCTAGGGGACCGTCCTGGGAACCGAGAATGCCGAGGCATTCGTCTCTTCTAGGAGATCGAGTAAAATGCCCTCCCGGGAGACCCAGTGGCGCTCGGAAGCCCGCCAGATTCAAGACTACTACAAAGTAAGCTCGACGTCCCTAGCTATCGTCATACCAATGGCAAGGGCAGCGCTGGACGTCTAGCTATAAAGATCCGCCAGACTTCCTCCCTAGAAGTAGGGTGTCATGCACCTGCGGATGGAGAGGCGTGGAGGGACACCAATGTGATATTTTAGATTATACGAACGCTACGCGACTACCTCATAGGTCTATATTAGTGAGCCAAGCGGCTTCCGGAGATACGGGTCCATAAAGGTAACTTGAACTGGACGTAGTGTACCTTGAGTCAAACAACAATCGGCAGGCTTTCGCGGGGATGCTGATGATTTATAGCATCCTGTTGCGGAAGAGCGGACGGCTGTGATCACCGGGACCTAGCCAGAACAACATAAGGAGGGACACACCTAGTGAGTATGGTGTCATACTTCAACCAACGCCAGAAGCGGAATGATTCGACCATCCCGTCTGGGGGGTAAGGGAGTACGCCTGCTAAATTGGTACAGGTGCCGCGCCCGTGTGTGAAGGTAGTACAAATAACACTCCAGCATACCAAATTAATAAAAAGACATTGATCCAGAATCGAGTATCCAATCGGCACTCCCGAAGCAAGAGCACTCGTCAACGTTGTATGTAGTAACTGTTGCGAGGTGTGTGCCACACCAGCCTGAATCCCTAGTATGCCCCGCCAGCCGCCCAGACGAGCATTGTAGTGAGAAAATACTTCGTGACCGGGGCGCGCATGTGTAGAGCAAGTTGATCTCTTCAACGGACCTCCGGTGTGTTCCTGCTTGCCAAGTCGAATTTCCCTAATTAAATACTGAGTGGCCCGATTCTCTGGTCCGTATCCGTAACTCCAGAATAGGAATCAACCAACTAAACCACGTCGTTCGGCGTCAGATATCTCGAGTCATACAGGGGGAGTAGATACCTACCTAATAAATCGCTTACCAATATAAGCAGCGTTTACTTCCCGTTTGCCGGTAGACGTGTACCTCGCACAACCAGTGCGCCAGAGTCATCGTCTTATTTGCCACCTTTTTGAGAACGCAATTAACCGTTCGGATTGACAGAACATCGGTCGAGAAACGTTATACTCCGCGTTCCATATCTAGGGAAAAAACGCGAGGCGTGGAGAATACTTGTGTTGGGATTTTGAGTATGGCATGAAAACTCGAGTAACGGACTGTGTAAGTGCAAGTTTAGCCAGTGACCCTCTTATTAGGAGACCGGGCAGCAGCAAAAGAGAGTATTATAGCAATTAGGATCTGTAGGGCCCGCACCCTGCAGGTTTACCAATTAGATCAGCGTCGTCCGGATGCCTACTCGAACTGGCATGAAGTAATACCGATAATGGGTTCGTAGTCCTAAAGCATTCCGCTGAGGGGTGCCGTCTGCTCCACGGTCGTTGAGGCAAGTATGA,1732,50.81,Arabidopsis thaliana
SEQ_537059,GTTGTTATAACCACAGATCGTCTGTCGACCAATGCTCTAATAGGTTGGCCGAGACCAGTACTCCATCAATTTCGCTTCAGGCCAAGGGCCAAACCGGCGTCTCGGTGAACATCCAACGAAATGCTAAGGGTCCCATAATAACTTTGAAAACGAGAGCAGATTGACGGTTAATATGCATTCTCGACGTTATACGCATCGACTGACGACTATGGATATGGTTGCGGCCTTCCGCTCTAGACTACGGTTTTGGATCGGTCTCATATCTTAGGGTAACTACGTGTACAGGGGGTCGAGGGCTCAACAGGGGCTGTTGGTTATCACATGCATCCGAAGCGGGATCGCCCCCATGTCGCTCTGATAATCAATCTTCGGTCATATCGGTCATCCCAGGT,392,49.74,Arabidopsis thaliana
SEQ_735499,TAGCCCCTCTTAGTGCATGCTGGTACCAAGGGCCTTACTTTGCTCGTGCTACTTTTCGGCCAGAAGCCACAGTTGTGAAGGCGCATGAAGCGTAGCTCACCCGTAGTCCTCTAGAGTTCCTGGGTATACGACCTTGGTCAAGGGGCTGACCAGCAGCCTGAACAGCTCATAGCCAGAGGAAAGATGATTATGCCACCTGGCCATCATTTTCCACAGCCCAGTTTTAGACGCTTAGGGCCATGATTCGCGTCGATATAGATCAAATTTATTAAATCTTCACGGACCAGCTCTGCCAAAAACCCTATCTGTATAGAAGTGGTGTGATTCGCCAAGCAGGGCGGCGGCGGCATACCATCTATAAAAGGAGGGGGGTAAGAATTGTTGACGGATAAGAGTGAATGTGTCGCAACTTATAGTGACAATTCCTTAAAACGCCTTGGTTAGTTGGGAAGCACTAAGCTGATTCATAATGCCGAATACGGTTTTGGGGTCCTTCGGGGCCCTTTGCTTGCTTGCACCTTCTCACGACCGAGCTTGTGGCCCAGCCAGTCAAACCAAAAAGTCAGAAGGTGGAGATGCTCGTACCGTGCTTTCAATTTGATAATGACGGCCGCTATCCTCTCGAGGCAGGCCCAGGGAAGCATGATTCCGGACACAACTAAAGGGGGTAGATGTTGAGCTATCGAGACAGTTCTCGAGATCTAAGTAAAAGCGAAGCATGCACCTGGTACGACAGGCCTCCAACATATCCCGCTGCAGAGTTCGTCACTGCCGCACATATCTAGTATAGTTGGTATTGCGACAGTTGGAGTCTACCTCTTAACAGCTCACGGTCCGGAGCTTGCGGAGGAGCTGTAGAGCGAAGCAGGAGCGATCATTGCTTCCTAGTCCGCGCAAGCCAGCGAA,906,50.88,Mus musculus
SEQ_761372,TAACTACCTTCTCTTTACGAGTTTAGTAAAAAGGCACAATGACTTGTGAAGCAGGTTATGCCTCTGCTCGAGTAAAAGCCGGAAATATTCCAATTTAACTGGTCCCATCTTCTAATCCCTGAAGGACACTACTTGTGGAGGACCATTGGCATGCTGGCCGGGCCACATCCTCTCGCCGGCGACGCACTGCCTGCCCCTGTGCCGTGGTCCCATAGGCCCGATCTCACTATCGTATGCAACCTGTAACTGGGTCACTTTAAAGCTCAGCGTTAACGGGATAGCGACAAAATAGATCAAACCGGCAATGACTCCAGGACCGTGTCAGTACATCCGCTTCAGGGAACTGTGAGGGGATTCAACCTTTGAATGTTTTTAGTTTGCTGATGCTAACCACTTGTTCAACACACTCCTATCGCGCCAAAAGAACCCTCGCTTACGATGATTTCACGACTACGGCGCCATAGGGGCGCGGCATGGCGAGGCTGCTTTCCAGTTCACTACCATGGGTCAATAATTTGGCTTGGCCTACACCGACTTAGGCCAGCCCATACAACCTTATACGAACGAATTCATTCCGCAACGAAGTCGTTTACGGATATGCCGTAGCGTAGTACTTTGATTCCGTCGTACTACTTCAGCATGTTTGTACTGCCGGGATAAGGGCCTCATGCTTCTCATTCGAAAGTTCTGGTTAATCTTCTTGCCTATACAAATACTATTAACGTTAATTAGTCATTGGGCCATCTCTGCGTTCGTGGGGTTAAGACCAAATTTCAAGGAACTCAGCGTGAAGACGAGGCGTGCCGGCCATGCAGCATGCACTATTTCCGAGACGTGGCCATGCCAACAATCGTTACCCGCCATAGAACGGCATCAGATGTTGCCTGCATGGTTGTTCTGGAATATAGTTCGAGGCTTTCAGTAATTTTCCCCGCTCCATCCATGGCGCGATGTTCGGATTACATCCACTGCAATAGAAGTCGGTTCCAATGCCCCCCTGGGAGTGAGGGGCGTGTTTGTGCTTGAGCATGGGTGTATGTTGCCCATTTTATTGATCCTTTGAGAGTTCTCGTAACTGTTTTATGAAAATACAAACACAAGGGGATTCGGTTAAACCCCCATCTTACAATGACGGCGGCAACCTGTTAATTGCGATTTAAATAATCAACTCTGACACTATCCTGGTCGTAACCTAACTGACTGCCGGCCCCAACTATCCATGATTGTATAGTTGATGCAATGTCCGCGCCGCGTAGAAGACAGGCGGTGCTTGAGTCCGATACACGAGTAGCGTGCACCTTGCGCAGGGGTAGCCGGTCGTTCGATGAGTAGCCATTGCGCCTTTTCCATCCAGTTTATTCTTAAAGCTGCTACAGACTGGTGAGAAAGATTGCACACGGCAGAAGAACGCGTTCCTAAGGTGCTATGTTGGGGCTTTACTCCTTAAAAAAGCAGTTAAATCAGGCGTTCTTAAGATCCGTCGGTTTCTTACGGTAGGTCATAGATTCCGTCCGGCGGCTAATTGTCTACCCTCAAAATGGGTGGACGCCTTCGCAGAGGTCATTTAGCTAAAGATACCTCATTGGGGTAGGACAAATCCTTGGTAGCGCATATGACAAGACTCCACAGTGGGTAAACACCGCTCTAGTGTCCATGAGAAGTAACAATAGTCCAAGTGCCTGCCTCGCGTATTAGCACCTGATACCGGTAGATATTCCTACGCTAAGCCGCGGACACACAGGATTCGAAAGGCGGCATCTGGCATAACTTTGATGGAGCCGTTTGGACGTACCCAGAGGTCCAATTATTTAGACGGCGTTGGTATCCACGACTCGGCCTACACATTAGTGCAAGACTGATCCAATTTAAAAACACCGGAGTGTTCACCTAATCAAGT,1897,48.66,Homo sapiens
SEQ_902024,GCTATTCTGAGATTGACTAGATCAGCGTGCACAATGACTGTCGTGGGTACCCCCCCTCTGGCCTAGCATCCTGTGGCGATAGCCATCAACGAAACATAGATACAAACCGCCGGCCTTTAGTGAGGTGTGGCCTAGACTTATACCGAACTATTATAAAGCTTATTTGCGTGCGTGGCAACAGCCTTCGCTTGCTTATACCTTGCACCGCTTCGTCATGGACACAGGGCAAACTTTAAGGCGGGCGAATGGACACATAAACGAAATTTAGAGTTCGTCAGCAAACTGTGAAG,290,48.97,Homo sapiens
SEQ_275901,CTGCCTGGGAGACCGCTTGGGTCGTATCGTCACGTAGGGGGATTCACAAAAATGCAGGTCGCATAATCTGAGGACACCACCACGTACTTATGACCTACCGTTTTTACAACCAGTCTACCGAGCCAGGCCGTAGCCCATAAGCTGCGCAATGAACGCCTGTGTAGGTTGTAAGTTGCCCGTAGCAGGACTGTTCCAACTTCCGAATCTCATTCATAGTAAGAGTTGACCTGACGCGCCTCTGCCATTGGTACTGAACGTTGAGCGGCAAACTAAAACAAACAGCATCACGTGCCAAGGAGCATCGGCACGCCCTTCGTGACGCGTGCGATTCTTTCACCTCCAACGGAACCATCAGTCCGCTACACACCTGACCAGATTTGACGGCAGAATCCCTAAGAAATTTCTAAAACTAGGAGACCTGGTATGGTATTGCCACAGATGTTTAGCGTCACATGAAAGGTCTTGGGCACGTGGGTGTCCAATGTGGACTGTTCAACTCTCTCGCCGCTGGACCTACCCTGGCTTGACATGAAAACGCGGTAGCGAAGAACGTAGGAGGGGTATAGGGACCATGGAGATGGAACGTCATTCAAGGTATCCGCCGTTCCAGATCGATACGCCGTGAGACAGCAGTAAGGAAATTGATACCGATGTGAGAACGGGGCTATCCTCTCAATCCATCTGCCCCAACTCCCACACGTTAAGTATATTGCCGAGTTGGTGATAGAATAAGCGGAAACAATTCGCTACAGCTGTAACAGGCCGCATCCATCCCTAGTGAACAACGCGGGGCTGTGGGCTAATGGCTAAATCAGCAGGGAAATGTATGCTGTGGAGACACGTATAGCCGCTTATGTGCAGAACGGCCTGACGCTGTTCTTGACTGGGCTCCAAACAACTTAGGGAGTGGCCCCTCGTGCCGCTGAAGACCGTCCTGTTATCAGGGTGCTGATGCCTGTGCAGGAAGACATTTCTCTGACCGGGGGAGGCGTTGACGGTGTTGCAGGCTTGCGTCAGATGATAATGGGTTCACCACGACTTCCCTCCGGAATAAGCCCTTCTCTTTTCCGGAGCACCGTTCCACATACGGGCCTTACTGTTTTTGCTTATCGGCGATCTTCAGTTTGAGGGGTTGCGCTCACCTACATCATTGAGGTTGATGGCAGCCCCCCGACGAAATACAGATATCTTCACGTCAACGGACGCATCGGGCTCATGAGGGCCAAACGTTGAAGATTAGGCATGTCGATTTCGCTGGAAGATCCTCTGGTTGCGGAAGGTGGTTGGAGGTGGCATCTGAGTAGGTAC,1308,52.37,Escherichia coli
SEQ_481768,TATGAAACCTAAGGAGATACACAGATTCCCGGTAGACACTGAGTACCCAGATAAATCGAATACCACGACGAACACAGAAGGCCTTGAATATCTTGCAGGTCGCCTTATGCCAAAGTGGCCGTGCAGGGAGTTGTTCTACGACTTCGATTCAGGTGTTCCGGTGAAACGGGAATATAGGATGGGTAATCTTAGTACCCTTTACGGTATTCGCTCTACAAGGTACGGGGTTCACATCGTTCATCGAACAAATTGGGCAGAGGGTCTGTGTGGTCAAGTCCCAAGAAGATCGTCTACTTCTCGGATGCTAGAAATTGTACTTAATGCGAATGATGATCCGAAAGCCGCTTGCTGGTGGATACCGCCATCACTGTTCCCAATTGTTCCGCTTTCATTACCAACCGGATCCGCACCACAAGTTATCGTGAACTTACGGTATACTCAGGGTTAAAAAATCGACGCCGCAAAACCCCATGGCCTGTAGTCCTACCGTACGATTGCTCACACACGTACAAACCGGGGGCTTGGAGTGAATAGATGTCCGTTTAAAATTATGCCGGTCCCGGAAGCCACCCCCCCGTGTGAGTGCTGAAGGCCTGCCTCTTCAAGTCTGTCGTACACCGTCATACTCTTGCGTAGACCGGCATAGGGGGTATGGTGAAGGTGACTTCCATGGTGTGAACCTCACAGGATATACTCCGCACTACGTTTAGCCGTATAGGCTGCCAAAAAAGTCCTCTAAGAAGAATCTTATGTTTAGGCCATTACTAGTAAACGGTCTAACTGCAGCACACTCTTC,796,48.62,Saccharomyces cerevisiae
SEQ_980900,GGAGTCATCGAAACCTGGCACGGACCTTAACGATACTTGATAAGGGCATCATCAGTACCGGAGACTTTCAACCTATGACTGAGTCAATCCGGGCTTACATGGCCTTAGAGAATCTAGCGTCAAACGATGTTCCGGTGATGAATACAACAGGTCCCAGTCGTTTTTGACACCAATGAGAGCGTCTGTTGCACGAGTAATAGTCTTTTATGCCGTGTACTACACGCTTTTGTAAAGCTCGAAGCATCCAAAGTAATAACGGGTTACTAGGTTTTGACAACATGACCTTTCCTCGGCCGGAGGTGCTCATAATGATTCAGTGACCATTTGTTGATACCCTTCAAGCCCTGTCGGGCTTATAAACGCTGCTTGGTGTATGTGGTGCAACGTGGACTAGTCTCTTGACTGAGTCCCGTACTTGTAAAACTGCCCATATGCAACGGCGCGCGGTCCTTGTTCAGGGTTCCCTATAATACACCACTTTTTTACGTAAAGTATTCCGTGATAGGGTCTTACTAGGAACCCGCCCAAGTTTGTATCAAAAGCTGATCTGTGTTCAAGCCGATGATCTTCCTGCATACTGGAGCGAGCATTCTGGGAGACGTGGATCCTCTTGGGTCAAAGCAGGGCGGACTCGCGACAGGTCGGTGATCGGGATCAGGCACTTTAACACTAAGATTCCAGGTATTGCAATGCTCGATGCGATCCGATTGGTTCCGGGCAGGGGAGATTAGAGATGAGGACGGTGACAATTTTGTGATCCAATACAACAATTACTGAGCTCTAGATCAATACCTTCGCGCCTTCCCGGGAGGTACCTCTGCCAGAGTGCGCAAAGTTAACAGATATCTGACCTACATCCTGCGTCCTACGTCCCTGAACGATACTTCTCGCGTAGGGCTTCTCACGACTACAAACTGGCGGACATCAGGGGCGGAGACTGTTTTCCTGACTGTAGCTTAACGGTGTAAAATCCCAATTCACCGGACTCACGCGAGCTGAACCATCGATTCGGGCATACCTTAAAGGAGCCCTGAGTGCGACAACGGCCACTGTCATGCGTCAGCGTATGATCTTTTACAGAGTCATTCTCGCTCGATGGGCCTGCGTGGAATAACTAGCCCTCGGGCTTTCATGGGGGGCCCGAGGAAGCCTGGCCCGCCTACGCTGATTTAGTTGCTGCCCTGTGCTAGTAACAGTGATAGGGATTTCCTACTCTTTTCAATTTCATGCCACGAGACGTCTCGCCCGTTGATGTTGATACCATGGAGGTTGAAGCTTAGGAGCTACGCGTACCGTCCAAATGGTAAGTATACGTTCCCGTATAGAGAAGCCTAGCTTACTTTGTCTGGCCAATTACCCAGACTATGTCTTTAGTCCTTATGGCCACGCGCCTGTATAATCTAGCAATCGTACACCATCATACTTGGATGAAACCCGTCTCTGTGATGTAACTCCTATCAGCCCTACTAGGTCGTCGATCTCCGACGAATTCTGGCACTCCATCCTCACGCTACTAAGATCTGCCTTACAGTGCGGGTAACGACTGGTGTGCCTATTTACGCTTCGAATAAATTCTGTGTGATGTGAGGTTTTATCGAAATATGCTCTGAGCTACATGGGTGAAACTGCCATGCAGGGCACTC,1643,49.3,Caenorhabditis elegans
SEQ_568046,CGTATGTCCGTATAATAAGTCATAGGGCGCACATGTTTAGCTATTGCCCAGCCACTTTTACTGAGGGGAGTGCCGGTGCCACGTTCTCAGAGATAGTAGATCCTGTCTTTACAGAAGCTCCCATGACGAAAGCCTGTATCTTTCATGGGCAAGGATTGCTGCATCCGAGCCGCTCGGACCAAGGGAGCACCGTTGCATTCCGTGTTCTGCTAGCGGGCGGTGGTTACTCCCCCTGACCCCAGCAGGGATGGAACTGATACAATCACCACATGCATCAAGGGCCTCGGCCGTTCAAGCTTCGGAACCAAAGCATGATTGCCATTTCATACGATACCAAGTTAATCTGGTACGGTATTTGTAAAGTCTAAGGGTCTCCGAACGACCACCTCTCCGGGGTACATGGCGACCTTTTGAATTCGTATCTCAGTAGACGGCCACGAAAATAAACGCGCCACTAACAGGGTCGGGGGCGCTAGAATAGTCATTTTTATTTTCATTACGTAGTTTGCCTGCTTGTGCTCCATTTGGAAGCTTAGCTTACATAGGTCCCCTCCCCTAGTGCTAAGAGAATCCTAACACTGGCTCAATAGGGGCCGGTGGTGGATCGTAGTGCCCGTCGATGTGATACGAAGCACACTCAAGTAGTGATCTTTACCAAGCTATTGCAACATTCGTTGCTTACTGAGAGTAATCGGCCGCAATAACATCGAAGGGAGCTCACTAGCCGTTCACCGTATGCTGTTATTAACGCTTAACGAGAACTTGATCTGAATTTATCGTTTACGTACGAGACGCGCCTACTTTACGGCTTGTATAAGTATCCGTTGAACCCAACGCATTACAAGCCAACTACAATTAACAAATCTCCGTGAAGTTAGATACTCGTGTTTTGAGCGCAACTAAGTAGCCCCCGGAAGGCCACGGCAGAGACGCTAGCCAGTTGACAACTTTGGAAGGCAATAATAATCTGAGGGGGCAATGAAAAGTGGCAGGGAGTATCCCCACGCCCTGGGTTTCGCAACATTACAGATATCCAATTGATCAATATCCACGTCAAAATTGCATGTTCCTAACTGCTAATGCGAGAGCTGCGGGGTGTTTGTATAAGACCGGTACGCGCCTGTAACCGTTATCTCCCTCCGTCTACCAAATAGAAGATCCTGCCACTAGAACGGTGATATATGAAAAAAATGAAATGCGATGGAGCAAAATCCCCAACCCGACAACGAATAGTTCCGGCTTGAGTTTACGGCCGGCCGGTGGTTGGAGTGCGCAACTTCCTTGCGAGTTTCCGGCGTAGATCGTCCATCGAGGTCCGTTAATTGAGCATGAGGGTGTTTGTAACCCGACCGAAGACCCCAGTCGGAG,1368,49.27,Drosophila melanogaster
SEQ_239861,AATGTGGACCGGTCTATCTTCGACCTTCCAAGAACCGCTGAGGGCTCCCGGAGAATGTGTAGGTCAGCTTGACTGCAGTATACCTCTAAGGTCGGGTTGCCTAGAATTCCCTTGCGCTCTTGCAGAATTCAACAGTGTAACAAGATCCTGCTGACAAGAGCAAGGAGCGTACAACATCTGGATGCGAGTTCACCCCATATTAAGCCCGTAACTGGCAGAGGCTACC,226,51.33,Caenorhabditis elegans
SEQ_590614,GCTCCATCCAAGATCAGGGGCTATTTGATAATCAAGTCACCGGTATAGTCGCCTCACGTCCTAGCTCATAGCCCACCCCCCTTTGGCGATGGCGCTAACCCGGATTACAATCGTCGCCACAAGTAAGCGACCGGTATCATCCATCCTACTTGAGAAGTCAAGGCTGCAAGAAGGTGGATCACTTAAAGAGCGTAGGGTGGGTGCACGCGGTGGGCGTTCGCCAGTGTGAAAAAGCGGGTTGGGCAAAAGTAGTCTCGGAATGAGGCCGAGTTGGCGAGGTTCTATATCCTTAGGCCGTCGGAGTCAATCCGGGCAGACCCTA,322,54.66,Homo sapiens
SEQ_762403,GCAAAGCTCTACTGAGCCCATGTTAAACGTACAGGCCGTGCGTACAACGAATGACTCCCACTCCATAAATTACCGAACACAGTTACCGTACACGGATTAGACTCTCGTTTATAAAGGGCATTGAGGGTGGCGTTTGGGAGTTGATTAGGAGATTGGGGGCAAAACCCGTCACTACATGACCCTCTTGATGGATCGATACCCCGGGTGAACGTCAGTGTGGGTGATCTACTTGAGCCGGGGGCCTATAAGTGGACGGATTGCTAGCAGGTGGCTAACTACCGCTCTACTGATCAGGCCGACATGCAGCGGAACGTGCGTCCGATACGTGCACCACACGTCCACGACGTAACGGCAATGAGTGACAGCTATGCCGGTCCAAAATATCAAGCCCCGAATGATCACCCTTGAAGATGACAGGAGGGCGGGCCCGTCGGTTTGCACAACCACGTACCTATTAAGAAGCCGGTGCCTTTGGTCCTGGCGCCACGGCCGATCGAGTGCAGGCAGCAGCTAAGCAGCCTGCGATTCAAACTGCGTGTTAGAATAGGTGGCTAATTAGCGGCAGTTAATTCCCAATTCGTTCCCCTCAGAGCCGGGAGACACTGAATCGACTACATGACGCGTGGCGTCCACGG,635,54.17,Saccharomyces cerevisiae
SEQ_821479,TGTCCGACGGCGTGAAATGCCAGTAGACAAAGTAGAACAGACGTATAGACGAACAAACAAAAAAACGTATACGGGGGCTAAGGTGCACAACTATCTACGAATCCCGCAAGACTAGCTAACGGTATCCAACCACTGCGTATAGCTTCCGTTGGTGTAAGACCCTCAGTCCCTCTTGATGAGCTTCCGCCCCAAACTTCGTTACTTCCGACACGAGGTCATGTTGCGATATCGAAGTGAGCTATTTCCTGAATTCGGTTGCAGTAATCGGTTTGATTCAAAAGGGCTTTACACCAGTTCTCTGGGGAAACAGTTTGTATTTCGGGGTACCAGGCAAGCAGCCACAGAAAGGAATTTCGGCACTGTCTAGCTCCTATATGCGACGTTCATATCAAGGACGTGCTTCGGAGTGAAATCAAGCGCCTTGGACTGCATCCGTAACTGCGAAAATACTTCGTTGCATGTCATCCAGTCGTATAGATATTCTGGCAGGGATCTACAACTAATAGCTAATCTGAGAAGTGAACTTGAATGAACGTACGGAATTGCCGCTGAAGCAGTGGACAGTGATGATCTCATGCCATAGACAAGCGGCACATGCGGCAACCCGTTCTGTGGTGTGCACTTATAGTAACTATATTTGCGAGCACGTGGAACCCGGAATCGGCACATGACACCTACAGTAGCTTGTAACGATATATGTGGTTACGGCCTGCAATTGGCCTACCCGAATCAGCTCCGTCCAGCGAGTCAGTGGAAGTGTGGACTACCGAACGCGCGTACCCTCGATAAACGCCAGGTACTGTGAGAGAGCAGCTATATCTGAACAACTTGGCATATCTCTGTGTGCATGGGGTTGTTTTCAGGGGGTAGAACCGCATCGTTCGCCATTTTGGGCGGAGGCGCCTGGTGCGCCTAGTTAACAAGAT,926,49.03,Arabidopsis thaliana
SEQ_657787,TCATGCGAGGACTAGTCAAGAATTCCATTCGTCCCCAACGGGCCCGGTCCTCTCAGTAGGCTTAGCGAGTGGGCATTATGTCCCGCGAAAACGTTACATAGCAGGCCAGCCATTGTAACCTGAAGAAATGTAAAAGGACGGCGTACTAG,149,51.68,Drosophila melanogaster
SEQ_598097,GTGAGCCTCGGCTCCGTCTCCTTGTGGAACTCTGACCGTTACGATGGTTACCACTTGTGAACACCGACTAGGCTAGTCCCAGTTCTACGCCGAACACATCAGTTTCCTTAATTGTCTTGTCGATTACAGCAACCTTACGTACACCGCCGACACAAACCTTCCGCAGTTCCGCTGACGCCGATAGTAACTGAACCAACCGACACAGTTCACCAGTTCTCCTCTCCCTGCCGGGCTACTTCCCGAGTCATCATTACAGCACCAAAGCAACAGCGACAGGCTATAAACCCGCCTTGGAACTTGCGGAAGGCGATTCGGAGAGCTCGTTCGCCACATCCGCGATTCAGCTTCTTGGTACCTGGCAGCGCCCTCCGAGTACGCACAGCATGACGTGCGAGGTAATGCGGTTGGAATGACGTTGTCCCGCCTTGCAACGAAGATAAGAGTATGTGCATGGCGGAGTATTATATCTGAATCCTGCCACTCTTTATAGATACGAGCATCCCGCGTGCCTTCCTATTTAACTTATTAAAAGCTAGAGCCTTGGAAGGCCGTTAAACTTTGGAAAAAGCGGACCGTCTAAAAAAGTGTAGGTTTCTCTTAATACGATTGAGAACAGTTCTCTGCAGGCCTCCGATAATAGTAGCAGCACCTTTAAGTATTAGCGCTCAGGTAGTGATACAGTCACCAAATGTTACTGTAAATGCCAATGAACAATTCCACTACTCGTCCTGGTATGTGCCTGATTACGCCGGCGCAGCCTACTAGAGAAGTATGTGCCGGCAAGTTACTAAAAATGTGACTCAGCGAGCATTTAAAGGGTATATTCTCCCTTGGGACGATGCTTTATCCATGTCGTACCCACTTCTACGGTAAGGCACACCTAGGGCCTCAGGTTGGGTCTCACCCGCGCCCAGCTAATTCGAGCGCATGTGCAATAGAAGCCCAGGAGCTCTTGGATCGTTCAACTTAGTACCACAATGAACCCCATTCGCTAGGTTTGATCAGTTTAAAACATGGTTAGAAGAGGCGGTGCCACTTATCATTACAACCTTGTTTAAGGTAACCCTGAATTTGGCCCGGTCCTAGTACCCTATTTACAGTGAAGTTCTGCGAGCGTCGACAAAATAAGCAGCTGGAGCTCTGGGGTGCCTGGCCGCGGATTCCCAATTACCCTGTAATTAATGAGCACTCGAGCGTGCTGCCCGATACTGAGCCCAGCCTAAATGCCTTTTTCTACCCGAACTTAAAGGCCGGCTGGCGGGCGACTCAAGTCCATACAATCGTCAATATTAGAACGTGCTCTCCCTGACCGCTCGTATCAGCATATATTCTGGGACTCTCGCCTTGATTAACTTGTCCGGATATCCATTCCGAGCGATAGATCACGAGTTGGTGATTAATAGCGGAACGTTTTTTTGAAAGCTTGGTCAAAACTTCTTCATTGACTGCGGTTTTCGCACGAGCTCCACCTTCAGTTCTGATCACCTTAGCAGCACCGGGACAACGCCTCCGATGATCGCCAAGATGGGCGCATTCAGAGTTATAATGTCGCGATTACTACTCAGTTGCTGAACGAGACGTATTCCAATCCCACTACCGAAAACCAAATACGACCTAGGGGCCTACCCAAATGTGACTAAACTATGTAAGACAAGGTATGAGCTAGCATTGTAGATCTACCCGAAGGGGGGCTTTATAGGGCGGTCTTCTGTACGCCCGGATTGACTTAGAAGGACTGATAGCTCCCCGATTCCCGCGCGGCGTTGAATGCTCACACACACACCAAACGCTAAGACAGCGGCACAAAAGGAGT,1813,49.59,Escherichia coli
SEQ_618762,TCCATGCTACCCCCTACAAATCTCGTGTCGTACAGCGATTTCCGCAGACTATGACGAAGCCGGTTTGTGAGATGAGTGGTGTAGCTGTAAGACATATGGCATCGCAGTGAGTTGAAGCTCTACGGCTAACACTGGCCAGCACAGTTAGACCTTGGGGTAAGGAGTCCGGCAAATCACCGTTTAAAGTCGTCGGGTGTCAGAATCGGCCCCACGAGTACCCCCTGGGCAAGGCTCCCTGACCTAGACGTTGCCATTAAACGACCAGCCATGTCACAAATTCGTTTCGATTAAGGAACACTAACCTGCACTTCCCTAGTTAACACGCAGAACCGAGGCAGTCTAAGGCACCGGTAAAAAGTTATACTAATGTAAGCTATAAACAGTTCTGATAGAGTCAAGCCACCCGGTTGCTGATCATTTGCTGTCGGTTCACACGTATGCAAATGTATGTCAAATACACGGCGACGATCTAAGGGCTGCAACGGCAACAGACTCCGAGAAAATCGCAAGGACTCTTGAGACAACCAGGGCTATTGCTGGTCCAATATTATTGCATGCTCTTTCAATTTTCCAATCGATTAGTCCTAATGGGAGGCGGTC,600,48.83,Homo sapiens
SEQ_559635,CATGAGATCATGTTCACGAATGGCTTGGGATCTCACTCACATGACGTGTAAGTTAAGGACGCAAATTTTCGAATCGCATGAGCGTAAGATACCCATATAGGCAGGCCCTTCCCTGTATGCAGAATAGTCAAGATATTCCGAACCGGTCCATAAAGCCGTTAAGCTATGTTGCAGGTCCATGCGTTGAAGTAGGATGTCGCACACGGCCTCCCTTTCCAAGTCTCATGCTTTGACGTCACTAAGACGAAGAGACATCGGGTCAGACATTTCAATACGTCGGATTTCATGCCCGCACCCTATTCTAGAGCGGCACTCCTGGCTTAGGAAATCGATTAGTCTGAGATGAAATTGTATGAGTAAATCACCCTCTATAAGTCGGGTTAAACACTTCGGGACTCGAACAAAGGTTTCCTTGACGCTTTTTCATCTGAAATGTACGCGTGTTGGAGGGCAGTCGCCCCG,462,47.4,Homo sapiens
SEQ_621508,CTACCAAATGATGGGACACGCGGGGAGATGTTCGGAAAGTTATTTAAACAATATCTAGGCGAAACATATGTAATAACGGCCCGGCTAACGCTGTGTGTCGTTAGGTTGCTTGTTGAGTACTGTTTTAGCAATCCTTTAGGAGCCTAAAAGTCGGGATGTCAGCTAATAAGCGACTTTTGCCCGCAGCTAAGTCCGTTGAACCGCGTAGCGTTGGGTTAGATACAAATCGGTCAGCTTTAAGCAACAATTAGACACCCGACTAAGACCGCAGAGATAACATATCTCCGTGTGCCAGTTTAGGCCACCAGGTGGCTTTCGAAGTACTTGTCACTTCATGAAGGGTATCCATTGCTGAGCTACCGGCGCCGGTTCGCATCCTGAGTCAAGCCAGTACTCCCAACCCCGCACTGTGTGATCACCGTCACATACCGGATCTGTGTAATAAGAAGATAATCCCCGCCGGTTCAAACGGGCGGATTTCATTCGTCAGAGGTTGAGGTCATGGTTCGAATGGTGTACCATCAACTTAACCGTCTACGAAACCAGAATACACGAGATTTAGGTCATGGCAAGTGGAGCTTCCACGCTACGCATTTTCTGCTACACACGTGAGCCGAGCTGTTCCACCGAGTGGTTCGAACTAGTGTCCACATCTGCTCGTCGGTGCGCAGTATATACTGTAGCTCGGTCAAAGCTAATTTCAAGAGGGCTGGTACTCCACAATACCACTCCGCGAGAGAGTGTTCTTGTTGTAGAAGGGAGCATTCTATGATAATTGGGACGTGGGTAGCGATAAGCCGATCGGGTAGTTCTGGAATCTGTGGAAGCGAGTACCAGTAGTGAAATTGTCGCTCCCAGCAGCTCATGGAGAATATATCGACAGGATGCGCGAGCTGGATTTGGATCAATCGCTCCGTTAGAATGCTACCGTTGATACTGCTCTGGCTCTAAGGTTTGCAAGCCACCCCGTACATTGAGGTATCGGGTGCTCTAGCACGACGACACCCTGACCGACTACTTTTCTGAAAGCACTCAGATGGTTACCGACCGCGCAATCGCAGAGCAGCAGTATATGGCGTTTGCCAACCGCTGTCACTTCGCGGTCACCAAGCGCAGCTAGACACACTGGTCCTCAGGTCTGGGAGCCCCGAGGCGCCAAATAGGCAATTCTTTTTACGCACTGCTTCACACGTGGCCCTAGAAGGCTTCAAAGGCTTCTACAGGAGCAAGGTCATATAATTATCGAATGGCGGCATAATTATGACCTAACTAGACTCTTAAAAGCTAGTTTTGGTAAACAGCCTCGAGTTGTCTCGATGGACTTTCGTGTACATAATCCCTTCTTACTACTGCCGAAAAGCTCCAGTCCAGATTGACTGATGGGCATTATGGCAAATGAGAATTTATGTCTGTAAAACGTGCCAATTAACACTTACGCGGGCGCCGTAGAGGGAAGGGGATAGGGGCCGAGCATTCTCCAACAGGTCGAACCGGCAAACGACGTACTGAGAACCCGATGCGAGAGTTACTCCGACTCCGGCGGCAAAAATTCGAATCGCAGGCACGATCTCACAGTCCGTATCCTTAGCAATAGCACAGTGGGAGCTTAGGTAGTCGCTATACTTTCGCCTTCTGCTGATTTTGTATAGCCGGGCCCAGCGAGACTACCTAGGGTGCATGAGTACAGAACCAGCGCACACGAGCCCCAACGAGACGTCGTATCTCCCAAGCTGGCGATTTTGCTGCGTCGATAC,1754,50.23,Saccharomyces cerevisiae
SEQ_952208,CAATGAGACTTCTGCCAAAAGCGTAATGATTAGTGGACCCAGACATAAAGTTCGGTGCGACTTTCGCTTCGGTCTCGATGGTACGAATCCGCGAGCCAGTTAGGAAATAGGCCGCGATCCAAATCGCTGAGCCACCCGTTTATCTACTGTGATGACAAAAAGAGAAATATATGTATACTTTATCTCTAGAAGTGTTTCTGACAACGTAAACCTACCTGAACCTGACGTGTTGAACGAGGAATATGGTGGAGAATATCGCAAGGTTTCATGTTATCTGCCCCGGCCCGGATGATCGGCGGTAACACTAGCCATATGCGTCTAAGTCTTACAGGGGGGTCGCGAAACGCGGCATTGCAATGATAACCACGAGCAATCACTACCCGATACTGATACTCAGCCCTACGTATAGGGGTGCCTGATAGGAACGGGGGGGGCTCCGTGGTCTCTGAGGCGATGCGGCCAGAGTCGTTCCGTAATCGAATGGCTTTCGGATTCCAACGAAGCTACCCGCCCTAGGGTTTAGGACTGGGGTCATAACTTGTGAACCTTACTTCGAGCCGGGCCGCTAGGGACGGCATTGAGTTAGTCAAACTCTCGCTATAGTCCACGTACTCACAACGACGAAGCAGGTGTTGTTCTTCTGACATCTATAGTGTAGTACCGGTGGCAAACAGATAATGCTGCTTAGCGACAGAACGTTCTGCTTGGATTCACAGGGTCTAGGAGGGGTATACTAGCAGGCTTAACCGGCTGCTTACGCACGCGTATGGGTGTTGCTTGCCTACTGTGTTACACTTTTTTTGACTTTTGACTCCTCGACGCGCAACTTGTTGACCCCATGTGAGCTTCTACACTACTCGGAACACTATATCACGTAACCATGCGCACATCGCGTTAGGGAGGGCAATGATCATCCCAAGGTTACATACAGGCCTACAGTTCTGTCGTTCGCGGTTCTGGTGAGCTTCAATAACCAGGGATCTTAGTATGCGATAGCAGTGGGTGAACCAGGGCACCAAGTGAATGTGATTGCGTAGCCATGAGTGTATAAATGGCGTATTGGTCATGGCCACACACGGGGGTAGAGAATAATAGCAAGGGAAGGGTATTCGATGACGACGTATCGGTACCCCTGCCTGTGCGCAAAGTTTGACAGGGGTGAAGTTTTAACGGTGGGACATATTTGTTTCGGGCGTCTATAATTTCCCTGGTGATGGGATCGATTCTTGGGTGAACACCACGTCTAGGCCAGCGAACTGCAGTACCACTCATAATGCGCCTAAGCCTGCCCATGCATAATTCTTCGTTCATGGGTCCAAAAAAAACACTTTCGGAATTTCCGTGGTAGTACGCAGCCTGAACGTTACTCCGCGACAGTCTGTCGAGGCGAAATTATGTCGTATTGATCTAGGCCCATACTTATCGTCCCGTCTAGATCTGGATCTCGCCTTATGTAAACGTGCTGTGACCTCTTATATTACTTCTTGTTGTGGCTTGAACGGGGATGTGTGGAGGTCCACTGATGGCGCTTATCGGGTACACCACACTTTGTTGTCAAAACAACTACGATAGTCGTAGCAGATCTCTACCAGTATGGCATCCCAAGACTGGGCCTTAACACCACGGGACGCTAAGAAGGTGTTTCCTCAACTTTCCTGTGACTGGAGTGTCTTCCGCAGATATTCGCTGGGAATTAGTCAGCACATAGCCTCCCATAGTCCGGCTGGCAGCTGCAAAATCGAGGTGAACCGGCTTCAAGACCGTTCCTATAAAGACTACGATGGATGGCTTGGACCCGAGATGACACTGACTACTGTTGCTGCATAACTGTGCCCTTCGGCTCGTAAACCGAA,1853,49.76,Arabidopsis thaliana
SEQ_238615,GCTCTGGTTCTACGGTCAGACCCCTCTGCAGTTAAGTACTGGCAATTGATCTGTGTGGTAGTTTCGACTAGTGTAGACGTGTAGTTTGTGGCTTAAGACGAGGTAATCCAAACCACAGAGTCTTCAGAGAACTCGTGTGACTACTCACTTTGCGTGTGAGCCCCCCAACCACGCCAGGCCTGGCCACGATGATTGATATCGGCACTCGACGGGGACTTATCTGGCGCCTATCCAACTGAATTAAGAAACTGTGCGTCCTAGCCAGGCATACGACTACTGTGTACCCTGGGGTAAAATTTTCAATACCGAACTATGTGTACATTACGTTATCTATATGAGAGCCAGTTTTTTTCTAGAAGC,360,47.78,Mus musculus
SEQ_807702,AAGTTCTCACGCCCGTGACCGATGTTTTGTTTAGGCTCACAATTAGTAGACGCGGGTCCATGGAACCGAGCACGCGCCCTATGCTGCTCCCGTCGAAGAGACTTGGACTTTGTGAATCGCATGCTGCGAGGAGTGGTGTAAGTCAAAATGGACCCTTCACTCTATTGGTGGGTAGCGAGGGCATTGAGGAACGAGCTCCTATCACTTCGTGGCCGGCAACTAACACCCGCTATTGCTTTATTCTCGCAAGAAGGGAACGAAATTATACCATTTGTTTCCCACTCTCCGTTACTACTACTAAAGAGATCTGCGATACTGAGTTCAGGGGACAGCTTACGCTACACTCATTTTAGTCCTCACCGGGTTACTCGTTGTTCTGTGCAGATGGTGTAGTTACTATCCCGGGGAATACATAAGATACTGATCCGGTGGATAAGATTCGCG,444,49.32,Caenorhabditis elegans
SEQ_675545,CGGACTTCTAGGGGGTCAGTAATAGACCTGACCATGGTACCACCGATTCTTGTCCCGCTGGGTACGCTTGCTGACCTGCTACTATCTCTCGCACCCCTAAACACTTGTAGCTCAGCAGTGCTTATTAGGAAAGGAGTAAAAACATCGTCCAGTAATCCCCACGGTGTGCTTCCAGCAATGGAGTCAGCACCAGACTTGCTCAGAACGTGTCAGCTCTGGACTATCGTTCACACTGACTTTCTTACTATATCATTAAATGA,260,48.46,Drosophila melanogaster
SEQ_375133,TTTGCGATGTTGACTTAGTGCCGGAAATTTTTCTTTAGGATATATAATCGGCTGATTCCCCGAGGGAGAGTCTGGTAAACCACTAATTGTGCGATACTAATGAAGATCAAATGGGCGTGCGGGTATTCGGAATTTTAGAGACCCACAGAAACGATCCTGTTTTTCGCTCCCGTCTATGCAACTCAGCGCGCCGGCGACCTGCATCCCATTGACCTCAGGGGGATCAATGTCCCCGGGTGAGTGAGGCAGCCAAACCCTGGATGGATCCAGAGACCTGACGAGATAAGCAAATCTAGGCACTCTGGGACACAGCAACTGTGACAACCAATTTTTGACTAGCTTTGCTAACTCGTATTCCCAGGGTAGTATGGCGCGTACACAATTAACGGATCAGCGTCCTTCCCCTCTATCACTAATTCTTCGCCTCTAAGGCTATAAGTCTGGATAGTGTGACGTAGTTAATAAGAGCTTCGATGTCTACGATATGTTGTAGGATGGACTGGTATGAATCAAGGTATCTTCATGAGGTGTCTGACGCCTCCAATCTAGGGATCACGGTACTTCTAAATGTTTACGCGCGGGGCGTACGTTTTGATAATAATTCAAATATAAGATGCTGCGGTTGCTTTATGAACTCAGCGGACGACCGAATGTTGAAAAGGTGATAGATGGTCCCTCGTAGTTGTGCTTTGACTGCCCGAATTGAAGGCATACGCAGTCCCGTCTTTTACATACGAACGGCCGATAAATCTGCCGGGGGCGGGAGAAACTCGAGCGAATAACCTGAATCACGGTGTCCCCTACTCGCCATAGAAAGCAGTTACTTAACGTGGCGGCAACTAGAGATCCTGTCCTGAGTAAACATGCGCC,870,48.05,Saccharomyces cerevisiae
SEQ_138854,TGTATGCGAAGCGGCTGTAATTCGAGTCAACGAAGTATCAGGTCCATAACGCAGTGAGAGACATACGGTGATAACTTATGCGCCATTACCGCAGATACCTGTTACAAGGTGGCTGTTCAATTGGCCCGCGTGGGGGCCGGAGGAGGGACACGTTGTCCATCAGCATGTGACTTGTCAGGGCAGTGACCACGGAGCGGACCAGACTTGCTCTTAGGAGTGGTAGGCTCGTGAGTCGGCGAAACTATACTAGCGGTACAGATCCCCGGTAGGTCCTCCGTGTCTGCCTTATTGTTAGCCGCTGGATTGCCATTGTCTCCAAAGTCGATGCGCCGAGGGGTAGGACCTTGATGCTCTCCACACAGCGCGTAACAGGATCACAGCAGCTCCGCACCAATTGGCAGGACTGTAGCCACATAAAACGCCAATACATTAGCCATAATCCATACACTGAGCTGGGAATAGCAACGTACTACAAGGGATCTTAGCACGATGGTCTTTTGGTGTAAGAAGTGAGCAGAGCCATGCACTTTCCGTAGACGGACCACTGCTAAAGCAAGGTTACTGGCTACGCCGGGCTATAATGCAACCATTCACGGACGACAGGGATGGTTAACTAGTTGAATACTTCTGACGAGCATCTGGCGGCCAACGCGACCCCTGCAACATTGTGGGGCCGATTCCTGGCTCTCAACCTTTGCACACTGAGCGCCTGTTCCCCTTTGATCAAGCTTATGCCTAATTGTGATTACTTGCCCGCTACTGAATCCCGCGCTTCGCCACAGGGTACTAAGCTGCCTACTCGCCTGAGCCCCTGACCGTCAATCGGCTGAAATAAAACGCCCTCGCGGGACATTGTTAGAAGGACATTGCAGTTTCCTCGGCACCTGGCCTGAATGGTAATCTCCCACTCTAGCTTTAGTGATATCTAAGGAAGCTAGGCGATGGTCATATAATGTGTTAGGCCGAGATCCCCGGGTTGCACCGCATAGTTGGTCATCTCGTTGTCGAGTGTCCTTCACCGGCACGCTAAGGTCCGTGCAAAGCGTCTAATAAACCTACCCTCTCAAGTGGACCACCTTAAATCTATTGTTAGTCCTCTGCGGGGGCTTTAGTGACATCAGACTCCGGCGGGTCATAGCTAAGTCCACGGTTCTTTCCCATGTCCAGCAACGCCTAAATATAACGGCCTTCGAAGGAGATTGAAGCAACTAGATAAAGCTAGTGTTGGGCTTAAGTAATGTGGTCTCGGTCGCCGAGCCGTCAGGCTGGTGTGAATGCAAAAAATGTAGAATTGTGTATTGACATTTGAGGCGTTTACGCTGTTTGTCACTCAATGGGCGCGTCTAGCAAGATGCGCTAGAATTAGTCAGCAGTTTATGCTAGGCGAGCTGTCGTGCAAAGATACTGTAAATCTATTTCGTATTCAGACTAAACCGCTATCCGGTTTGGAGTTGCATTCTCCGTGATAGTGCACTAGCCCATCCCACTGTGTGAGGAAGCAACACCCCATCCGTATTCTGCTTTCCGCCATATATTGGGTCAGCGAAAAAAATGTCGCATGTATGTGTTCTCTGATCCACTCAGAGTATACGTAGCTAAAAGGACGGTGACAAAGGTACACATTCCCACAGTTGGCACAACCGAATGTTACAAGCCATCTCCGGATGAATTAAGGGGACATAACAGTTTCCGTGCATTTTGAACTTCGCCAACTGGGTAGCGAAATGCTATTACGTTGGTCGTGTCCGTACTCTCGCCAACGACACAGTGCCCTTCATGGACTGGTCCACACTGACCTACCTGAATTGCACTTTCAGACAGGACACCTTACCGCGCAGGTCTAGAGTACGAAATGCGCCCTTCGTTGAAAGCTATACTTGGTGATGAGCCGTCGGTTGTCGAAAAAGTATAGGTCGAAGTTGCTACCTTGGCTGGACCAGATCTCACACGGGTAGTTGACTTGAGGCGTACATCAGGCCAGCTACAATTGCTCGGTC,1997,50.63,Homo sapiens
SEQ_564254,AAGAGCGTGGAGAGTTAGGGGTTGTGACCAACAACCCCAGACCGCGAGTTCAAATCAGGGGGAATGACACGCACCCTCTAGCGTTCATGCCACGCACGTCGTTATAGCATTTGCGCAAACAGAAGTCGAGTTTTGAATTTGAGTACTTTGATGTTAAAAATGACCTCGGATGCAAGTTCCAAGCATCCGTAACTGCACTCACACCGTTAATGTACACGACGCTC,224,48.66,Drosophila melanogaster
SEQ_250369,GACAGAGTACGTCCCCTACAGTCACGGTCAAAGTCTCCCTTTGACTCTCAGCCGGGGCACTACGCATCACACAGCTAATTGCTTGGGTTGCCGTGGCTGGCAAGCAACCCGTACTGTTGGCTTATCGGATCCGCCAAAGGAAGTGAATGTGCAGTCGTGGCACTGCCTATAGAACATAATGTTTTCAGTATCAAAGACCCAACCTTACCGCTAGTAATATATTGGTCGTGCAACCCAGTAATCTGTCGGAGGCACCCCAGCCTATTAGATTTCTCTTTCACCAGAGCCTAAGCCGATACCTCCGGGCCGAACTAAAAGTTGCCGTTTGACAAGCGGGTGCCACAGAGTAGCCCCTTAAATCACCCTGAAAATGAGGCCAATAAGCCGCCTGGGGAAGCATAGCTGGCTGATCGTCGGCCGGACTCTCAGCTTCGCTTAGTCAAAGAGTGGCAATTATTGCCGTCCCTACGCCAGTAGACTAAGGCTAGCTGCCATCAAAGGAACGGGTTGTCTATTCCTTGTGATAAGAGGGAGGCAAAAGGCCCTCGGTAGTAAAACGTGATGCCGATTCCGCGATACGCGCAAAGCCACCTACAGCACGAAGTAAGCTTGAGCATCTCCAGGGACGTCGATACAGGGCCGTCGGTTTGGGGGCGTATGTGTACTATCCCTGGGATCAAGGACGGGAACGAGCCTCAACTTCACACTCTCGTAGTAGCGCG,722,52.91,Drosophila melanogaster
SEQ_301481,GGCGCTTGGACTCACAAAACCTATTGTGATGACATGATACGCGCTGGGCACCGGCAATAGTTTGTATAAGAATCACAGTGGTTGGAGCCCTTGACATTAACTCGCATCTCAACTCTGATTTTGGGACTACAGCTTGGCGTTCTGTTTGGTCTAATATCTTGGCATGATGTTCCCACGCGGTAAATCTATTGTGACTCAAGGGGCCTTATGAGACTACTTGTGTATAAAAAATCCCTAGACCATGCTTCGCGATGAGATTTGATTATAAACCCAACGTGCTGCCTAAAATTGATCTGCGGTATATATAAATTACATACCTTCCCGTTTGGTCGAGAAACAGGTTACGTATGATACCCCCACCAAAATATTTACCCCGGTAAGGATTACGCAATATTGGAGCATGGGCAGACACCAAGGAGAGGAGGGATTTTTGACGTAAATTTAATCTACCGTCGCGCTTTGATCTACCCCGGAAGTCTCATGGGCGATCGTTTGTTATGGGCGCAACAACCACCCGAATCCGGCTAAACCCTATCTAGATTTGAGGGACGGGGGACCGTAGCATCGTAAGAACCGGACTGCTCTCGGTGGGAAGGAACGTTCCAGGAAGAGTGTAATTTCTTTTACCCGCGTGGATTTGCTCTCACGAGTAACCCCTCAGTTTTCTTCGCCTCCCCTGGGTCCCTCTGGCTTGTAACGAACCGTTAGTTAGAAGTCTAAGATTGTGGGCCCTTCCATGGGTTGGGATTTGTTTACTCGAACCTTGGATGACTCGCCCTGGGGGGCACGGTAGTTGGTCACCATCATACAGTCGGAACGAGGTATCCGACATGCCAGGGAGTAACCGAAGTCCTGTTGACCCTGCAAATCGAGAGGGACTCTAGTCTCCGTAGCATTGTCAGGCGATGTGGAAGACTACAGCCACTACGTACTCGACCCACGAACTTTATAACT,954,48.43,Escherichia coli
SEQ_645880,AACTAATGTATACTATGCTGGATAAGAACTTGAACGCCCGCGATCGAAATACCGTATACGCGACCATCATTCATCATTCTCGCTAACAGACACCACTAGCCGGTAATGCGGTCGGTACGCGACACGGCATGCTTAAACTCCGGCAATAAATTCATCAAGCCTCTTCGCGTGGACGAATAACGTTAGTAGATGATTTTCGGAATCCGCCACTCACAGACGCGCCCAAACAGGAGCCGCCCCACCATTCATAGATCTCACCAAAGACACCCGCTAAAGACCACGCGTTGCGCAGCGCAGTCCGACGGGCGGAATTCTTATACGAATCCGAATCGAACGCCCTCTGATTAGCCCCACGTAGGAGATCGGTGATCATCGGAAGTCTTTATATCACATGGCCGATCCTCAAGCAAAACAGAACTAATGTATATACAAATACCCTGGGCCCTGGGAAGACATTTTCTAGGACCCCGCGTTTCCGGAATTTCAACGCACGACCCTATCCGTATTCCGGTAAGGCAGATGACGCTGACCTTCAACGATCATGTAAAGGTGGGTAGCCACGTAAATGCACTTCAATCCAAGCGTAGGTTATCGGGAGTAGGTTGGAACGTGACCTGAATGGCACGATGACATTCGAGAGTCCAGAAACTACTAAGCATACAATCTGCCCGGACGTCTAGGCATGACCATGGTTGAGGGCCGATCAGAACCCCCACGGCATCGTATCACGTTCCGCCAGTTTCTTCGTACTTAAGCGATAACAGGAGCAATCAGTGAGCGCTGCTGATCATTGTGACTTCAGTAACGTTCCTCCTCAACGGGGGCCTGGTTGTGAACGAAACGCCGCAGTTAAGGATTCAAGTGGTCGTCTCGACGCGATTCAGTGCACGGAGGTTCTTAAGGCCTGGATATCATCATATTCTCTACGTCGAGCGTAGAGAGAGGATAAAGAGTACAGACGCACGACCGTCCGTATGGAAGGGTCGCGTATTACCCGTAGGAGGTACCCGAGATAACTTGTCTACAGGATTGTAGCATAGAATTGAGCCCTTTGGACGCGCCAGGATCTCAAAGAGTACCAGGTGAATCAGGACCGACATAGTACTGAGATGAGTCTTCCCACCTACCCATGCACTTACTTTACTCCGAAAGAGTATTACGGCACTAGGATTGGACTCATGTAGCATACTCATTAGGGCTAGCCGCCTGGCATTTCCGATCGTGCACCCTTACTGCCAACCTGGACTGGATCAGCTGGCGGATATAAGATTC,1272,50.39,Saccharomyces cerevisiae
SEQ_198600,TAGACGGCAATACGTTAAGTGGGCGTAACCCCCGTCCATACCGTCGTTAATTACCCAGCTACGAAGCTAGTTCCCCGCGTCCACCAACATTACGATCCTATCAACCACGAGTTATCATTAAAGGCGTCCGCCACACAAGACGACCGTGACGCAAGCCGTATTTCGCTCAATGGACTGCACAGCCTGTCTCATGAAACCGGTGAGGGCCCTAGAAACTATGGAACGATGGACCAAATACGCACCCCCTGTGTTGTACCTGATTTTCAACCTGTGACGCTCTGCATTATAGGGTAGAAGTAAAGAACGCGACTACTACTGTATTATCTTGTCCAACGGTGCGGATCATACATGACTCTGAGAGTCCTCCACTGCCATTAGGTTCGGTTCTCCTCGTTAGCAGCACCATCTGCCGGAGCACCCAGCGAGCCGGCTGGAGAAAAAAAGCATTACCTTCACTTAGTGAAGAAATCTCCAGGCTCGCTGTTGAGGGTTGTTTTCATCCCGGCATTCGATTTCCCGGAGCCGCGGAGGTCTCCGCCCCGCATCAAACATAAAACGCCAGCGCGAAGAGCCGCCCCGTAGATCGCTCATGGTAAAGCGGTCACTACGGCGAGGTACGAAGCTACCAAGTGTATTTGGATGCTCTTTTAACAGTACCCAATGAGTCAGCAGTAATGTGACTGCAATTTACAGAGGTGTAACAGATTGGGTGTGCTTGTCGCCGGCTGTCTAGTAATAAGCAGTCGTGGGAAGGTTCCTAAGTTTTCACCACACCTCGGAAGTGAATCTATGTACGTTCCGCTCTGATGCCAAGCGTTTGGTTGGAA,827,51.03,Saccharomyces cerevisiae
SEQ_338908,CTTTAGGATAGAACCACCGATGATAGGTCGACCTTCAATAACGGCGCGGGTTAAACTATGCTAATAGAGGTGCTAGTCTAGCGTCCCAGGCGAAGTGATATTTACCGAACACTACCAGTTGCCGACAGGGGGGGCGATATCAGGATATTGCCTAACACTGACGCACCACGCCATAGATAAGCGTATGTAGACCCGGTAGCGAGGGGTCTATCCGTATATAGTAACAGTGGGTTGGATAGATAGATCAATCCTAGTAAACTGGGTAGTGCACTGTTCGTTGGAGGTAAAATGCGTAACCTGTACGGGACGGGAGAGACCCAATACGTTCAAAGTAAGAGTCCTACTTAGACCAGGCACGCATGATAATTTTATCAAATTTTTTCGAGACCTGATAGCGTCAGTTTAGTTAATTGGTATAAGATCATACCCGTTGCGCTTTTTTCTAAACCCGAACTGTTTAGCCGTAGCCCTTTCCACCTCGGCACAATGTGACGCTGATACCGTACTATGAAAAACGCTTCCTCGGGCGAACCACGAGCGTATTTGACCCTTCAGTGGCGCTAGAGCGCCACTCGTTTCTCTCAGGGTACCCACAATAATTGAACCACAAGCCAGCGTTATCCTCGTTTAGGACTTTCAGCAACATTTGTTTGGGATTGTCGGATGACAAGTTATACTCGGTGCGGCTATTTGAAGTGGGTCCGAATGCGAGTGAAGCGTAGGACCGCTCCTGACGGTGTTCGGATCATTACTAGGCCGTCCGGCGGAACGACTTCTCAAATAGACGGATGTCCAAGGGAGAGGAGGGGTCATGTTCCTTCGTGCGTCATAATGCACAGTGACTGATCCCAATCTTAAGTGTACGTCTACCAAACTGTGCGGGGGTGACGGCAAGACGGGTGTGGGTAATTAGGTTTACACGCTGCGACCTCAATAACCGTCCCGGACAACAGATTCATTAGATCCGTAAAGTGATCTAGGGATCCTAGCCCTTCCACCCTAATGCATTCATGCTTCTCCGGCCAAGAATGTGTCGTACAGTGGTGCAGTAGTTCAACTAGTACCGGTGGTTATTAGCTTTCCAGGCGGTAGTAGTCCCCAGCTACGCGTTAGGCCGGCTCAGGTGTCATAGCCGTTCCCCGCGTTGGTGTGTAACCAGGGCTCCGATTATTCGCATCCGGGAACTCTTGTCAGTCGGGGCCTAGCATTACTTTTTGGGCGGGCAGGCTAGCTACATGCCTGGACCCAGCTTAATCTACTCAGACATTGGTTGTGAACACTACGCATCCCGACCTTGAATGTCAACCGCGGCGGGAACGTTACATTTGGCTAAAAGCAGTCAATCCCGTACTTTACCAAGGACGAGCTCAGGATAAACAGTTGGCGGTTGAAGAAGCACGAGCAGTAGGCGCGAAGAATAAGAACCACTGTGCTAGATAGCACCTAGGAGAATAATCAACTTACCGTACGATACACCCCTCGTATTCTGTTAATGATATATCTGTTAAGGACGCTAGATTTTGGTCTCTGAAGAAGGCCAACTATGCACTTCGATTGCCGTCCCGTATGATAGAACGCCTTTATAAGCAGCGGCTCTAAAGCGGGACGCACCATTGTAGGTTGACTGGTAGCTATGAACTACTCCGCCCCCGTCAAGCGGTGGTTGTGCAGCGACATTGAACGAACACAAGGGCGTGCGCTCCCCTTCCTCATTGGTCCTACTCAGAAACGGCGCTGGGCTAGCGGAGCGCGAGGGAGAATGAGGGTTTGAAGATCACCTGCTGTCTGTGTGCCGAAGGTACAGGGGAGACGGGCCCACCATAACTGCCTGCCGGTC,1837,50.63,Mus musculus
SEQ_244665,TGGCTACCGATGGGGGCTATCAACTTAAACGCCAAAAACTCAGTCCGCCTCGGGTCGCGTAGGGAGGTTTCAGAGTATCCGAATTTACTCATATGCCATCACAATTTGCGAGCCCGTCAAAACATCTAGTGATTCGCGGCATGGAGTCACACAATTTAAAGAGGGACGCGACAATCATGTGAAACATTGTCCGAATAGGGTTAGGCTTATCATGGCACGTACACCGACAGGACTGTAAATACCGGATAACCGAGGATCAGAAAGCCGTTTGCCAGCCTCCTAAAACCCCAATCGATAAAACTACCGGTAGGACTAAGTGAACTATGTTAACGACCAACTATTCCTATGGTGTGTCGCCTACTGTGTGCCTCAATAGCCGTTCGGACTGGGACAATGCAATACCCTTGGTGAATATACACGGGCCGCACAAACACGTCTAGGTATCAGTAGGGATTATCTGCTTGGAAAAGTCCACATAATTGACGTGTTTGTTCCACCGGACGGAAAAGGCCGATCTATTCGGGCCATACTACGAGGTTGGTCGATAAAAGGGCACGAACTTATTCAACCGAGCATGCGGGTTGCTTGATCGTAAACGCAGGGAAGCGAGGCCATTAGCAATCCTGCAACATGCGTGCTACGAGTATGGCTTATCCTGGCCCGTAGTATGACTTGCCGTAGCAACCCCTAGTTGCATTTAGAGTGACAGTCTGTTAGCAGGGGCAAGTAAGATTATCTAAGTGAAAGAAAGTTCACTGCAGGGCGCGCTTAACGTCGCAACGTCCTTGTTCTGTTGACTTAAGACTTGAGTGCTAAGTAGCGACCTTCTGGGGCGCTGAGGGTAATTTCAAGGTAGAAGATTTCTCCAATCGCATGTCCCGTTCCGATCGCTTTACGGAACTAAGACCCGCGGAAATCAAGGCGTCCTCGCTTAAAGGCGACATAATTAAAGAAATATAATTGAGTGTTTTGCATCTACCCGCTCTACCCCTGACTTGCGGAGCTTGGTCATGTCCGGTAGAACCCAATATATAGGCTAATGTTGGGAAGACGGGCGCTCGATGGATGTAAAGAGGCGTGCCCTTAGTTCTCAAGTAGTTTACAAGCTCCGTGATCTACACTGGACGGTTTGGTTGCCCCTAAAGGCTAAAAAATCGATCGACTTGTCAGGATTGAGACGCTCGAGAAAGTGCTGCTCCATGTGTGCCTGAATTCCACTTGGTCGAGACGATGGGGAATTCTTCTGTGCTATCCACTCACTGGCAATTGTTAAGGGAACTCACTTTCAACACTTAGTGCATTAGAAAACGGCACTATCAATGGCCGAAAACGATAGTGGGAGGAGGACATCGACAGGTTCTCTATACTGAGTATATTCCCTCGGCATTGCCAAAACGGTGTCGACCTGTGGGGCAACGTGCTCGCTAATTTGTCGTGTGCACCGCGGTATTATCTTGACTTGATGAATAACTAGGTTAGCTATTAACAGATCGGGGTAACGTATGCTCTGTATCGGATTGCT,1522,48.03,Mus musculus
SEQ_612813,CCAGATAGTCAGTGCAAGATCCATCCGGAGTTAGAGGGACACAGTAGGCACAAAGACTCGTGTCTCTCGGTTCCCTCGATACACATACATTCGCCAG,97,51.55,Saccharomyces cerevisiae
SEQ_974789,AACAGGAGCCCAATGTCGCATCGATCCGGGAATCGGGGTCTGAGCATCAATTCTCGCACCGTGTAAGCAGTGCTTAGCATGCAAGGCCTGCTGCGGAAGCCCCGTAGGGTGTGTCGGTTAATAGGACGGACCACCAAATATAAACGTCAGACGAATCGACCTTGCCGCCTTCATGAGGGGGCATAATCTCTGATCTATGTATTACATTCTATTTCCTAAGCCCTATGCTGCGTACCCGTATAATCCCAGGGCTCCGACCGGTCCGTATACTGTCTTCGCGAAAATAGAGTTAACGAAGACGTCTTACGGAGGTTGTCCTGACGATGAAGTACTAATTGTTTTTGATTTTACGGTCCGTATACTATTAGCCCCGCGTTATGAAAGAACTACCCATGCCCTCATTAAGCACCCAAATTCTACGGCGGGCGTACATGGGCGAAGGAAGCCTGAGATCTCTGAATGGGTTAAAGCTCATAGTTACATTAGTGACCTTCTCTTCATGAGCAGAATGGATAACAAAGTTAAATTTCAATGATGTGGGCCCCCCTGCACGATTCGATTCCCTCTGCCTCGAGTAGCGTGCCGTGTGTTCCTCCGCCTCATAAAGGAATCTCGCAGCCAATTTGCCTGGATTTGCTGTCGTTGAATGGTGATGGTGACAGATTTTTGTCATCAAACGAATTGGTATGCAAGTCGGGGGGCCCGTTCGCCAAGTGAACAGGACGGCCCTTTATCGTAATATCCTGTCGGACGTATTGCCAAAGGCCTAGCTTAGGACGTTACTTCACTATTTGTGGGTGCTCGTTTTCGACAGAGTCATCTATATGATTCCTGAGGAGAGCAAGTACCTTGTACATATGCCCGAAAGTCCTCAAATAATGAATCTTGAGTATGCAAACAAACACTAATTTCGAATTCTCTCACTAGTTGTAATGGCATGAGTGTTACGCTTAGACTATCCACGAGTGCCTCCCTACACCAACGAAGATGCATGCCGAGAGGTGTCTACGGGGGACAAACGAAGGCCTGGGAGCCGTACTCAGGCCTTTCAAGTCGGCCTAAACCACCGAACAGAATGGGTCAACTTATTTATACGAGACGACGGAGCGAAGCCAGAAGAGGGCCCATCTAGCGTGTGTAAA,1142,48.51,Homo sapiens
SEQ_942486,CGCAAGGGCGCCCGTCTTCCCACGGGGGGGCCTAGCCAGCCAGTACTGACGACCTTTTAGGGCCGCGCATTTTGCGATTCTTCATCTTTATCACAGAAGACTGAACCAGCGGAAGCGCATTGGCGCACGCCCCTAGAAGAGGGCGAGCGTTCGACGTTCAGGTACCAATAGGAGATACTGGGAGGGTACTTGTAGTGGATTAGGAGTTCAGGACATCCGCACAACAAGGCTAACTTTGTTAAGTGGAACCACTTCTCATGTCATTACCCCAGCCGCCTCTAGGCAAGACTTACGCGAGTATCTCTTGGATCAGCGTAGCGCTGGGTACCTCGGAGTGGAAACGGGGTTCGTCGTTTATTCGGCTAAACCACTCCCGGGCCCGATTCAGAACTCTAGGCCGCGCTGCGTTCGACGGTTTTCCGTGAGCGGATTTTCATCGTCTTCCAGATCAAATTCAGCTGCCAATACCGGGAGTGTGAACAACCCCGTAATACGTTGACCAATCTAGGTCATCTATGTCGGGCGTTCCGTACACTGCCGACAGTGCCATTTTCAGAATTCAGCTGAATAAGGTTGTACGTCTAGTGGTGACTTAAGTAGGCTAAAGGATGCAAATTGAAATGATCACATGACCAAGTTATTCCAGTTACTTGAGAGGATCCGGGACGTCATGTCACTCTGATTGACCAACCGTTGCGATCCATAATGTTATTTACATTCTCTGTTTGGTGAGAGAGTGTAGGCACACTCCGCGGAATCACAGAAGCCGGACTGCTCTACATCAGCGCCAGACCTACTTTCCAACACCAATGGGGATCAATACCCCGACCGAGCGCAACGTAAGGCTTTGAGATTCGCGCACCACTCGACCTGGGGACTGGCTTATAACAAAGCTGCACCTCTTCTTATTGCCCGTATGGTCCCGAGCTATGTCCGGGAACCTATGGGATTGAGACTCGGTTATTTAATGGTCCAGGCTCCTACCTTGTCGACGGCACGATCAGAACTGAAACGCCGTTTCTTCCTCGCAAAGGGGAAAATAGATGCTCGACCAAAAGCGTCTTGAATGTACGCATCCAAGTGCATGAACCGTATTGTACTCAATGGTGTATTTTTTAATATAAGATATCGGGCCGGTTTTCCTCCGGGTTCCAAGCATGACTCCGAGTTATACTCATTCCGCTCTGCAATGCGAACGATAGTCCTGCGTGTGCCCAACCTCTTTACATGACTATAGAGACATGGGCGATCGCCCGTACTTCAGGTCTGTTAAGTAACTAGTTAACTGTGGACTTGGAGTCGTCCGTACGGGTGTGAATCTTATAGCTATCGTGGAATTGGGCATCTTTGCAAGTCTAGCTAAGGTGAGATTACCTCAATTGGAATGGCAAATATCGTGACCACTAAGGGTGTTGGTTACGTATATACTCTAGATCGGCTGTCAAAGTCGCAATACTTAATACAGCATACATCACCACCAGCAATGCATACAGTTGATAAGAGAGCAACTGGCATAGTATTAGGCGCCTTCGGACATAAGGAGCCTCAACGTGCCAAAATGGCTTCAATTGCGATGGATATCCTAGTCACTCTATTTTTTAGGTATCCCGGCGGGGAAATTAGTCTCGAACGTTCCCTTCTTTTCCAGCGGATTTAGTATATTACTAAGCACGAATGCACCTTGACTATCATCGGGCGCAGAAAGTAAAAAGCGGCGGGCAGGCCGATCCTGCCGTACCCAGTCAACTCTCCAAGACTACTTG,1763,49.35,Drosophila melanogaster
SEQ_127652,CGAAAACAGAATAGCCCGGGGTCGCCCGGTTAGCCTCCCCCGCAAGAGTTTGATATGTTTCGGGGTATGTTTCATGTAATTTAAGTGTGTCGGTAAGTCGTCGTGGCTACGTACATATTGCAAACTAATTGACGGGCGCGCGCCCTATCTACAAAGTGCGACCATTGGGTACTCGGGCTACTTACTCAAAGGCAATAGTCGAGATGAAGAATCCAGGTAGAGTTTGTCCTCGGTTCGCAACACTGAAGGAAGGTAAATTGAGTAACCCTCAACCCATTCTAGGTTACGGTTCAACCGCCCCAACTGAATACAGATCATTCTAGATCTTCTCGCCA,335,48.36,Homo sapiens
SEQ_885248,CGAACACGCAAGCCGGGGTTCTAAGGGGGTCGATACCCTTCATGCATATCTGGGGTACACAGTGCTCTCATCGGCAGTCCACACTGAAGAGGGGCGTTTAGGCGCAGCCGCGTTGTGCGATTACGCTCGGGGCAGGGTCTGGAAGTCGAGCCACCTCCTTAGCAGCTCGGAATGACAATTTAACGTATTATATGCATTCCGAGCCAACGCATGCACCAGCGGATATGGCGCGGGATGATCACTCCCAACTGATCCTCCAGGGAGGCGCCCCGCCGAGCTGATATAGCTTCGA,292,57.53,Caenorhabditis elegans
SEQ_191209,GGTTTTGGTGTCTACGGCTGTCTACCGCTAGAGCTCACGAATACTCTATCCTCGGATAGTGGCGCTCACCCCACTTCCAACTAGAGGCCGGAATACAACCCGGTGCCAAAAACGTCCAGCTTGTGTACCAGTTCTTGCGCGAGATAAGGTCCCTAGTTGAAAGTCAAAGCAACACGAATGTTCAATAGTCCCTAGAGTTTGTCATACTTAGTGCCTCGTCGAGAGAACGGCTTAGCTTAGATAAACGTGACGGGTGAGTTAGTAATGTCCAGTCGTTACGTAGTTTGTCGAGACGCCTTTACTCGCTCCACCGTTTGTAGCCTATCATCTTTCGCAGAGGCAGGGCGTAAGACGTTTGTGACTGAAACAGGGCAAAGGCTTTTGGAGCTGTTACCTGACGACCGTCAGCTGGTACACATGCGATTAGCCATGATCTGTTTCTTCTGTGTTCCCCCTCGGCAGGGGGGGTACTACTCGCCTCAATCGGCTCACGATCCTATATGGGAGGCTTCTGCGGCCGGGAGCTTGAGGTGCTTGGTACTCTTAGACTTCCTGTCGTAGGCTCTCGTGGTAAAGGGCCAATGTCCTGTCGGAGTGGCGCACACAGTCGTGACTCTACGGCGGTTGTGCATTGCTGCATGCGTGCCGGCTGGGGAGACGACACCTATACTACGGAGAAACTGGTTCCGACGGGTTACCAGGAGATTAAGCTACTCTGGAGATCTAAGCGGAGCCTAGTAGCGCGGTTGGTGTTTTCGGCATGATCCGCCCTTTTCGTCCTCTCTATGCTGGGAATTGAATCTTATAGTCTACGATTACTCTAGCAGACTAATACGCATGACTAAATCTCTTGGCCTGTTAGGAGGATCCCGGATGTCGCGTTATAGAGAGCAACCTGATAACTATCTAAATCACTATAGGAGCCAGTCGGACCCTACTTCGTCATCAGCCAGGAGACGTAATTCTACCATCAAACATCATCACCTCTCCCACTTTGAAGGGATAAAACTCGCCTAACCTTT,1022,50.88,Saccharomyces cerevisiae
SEQ_906087,TAGCTCAGGGCATTGCAGCTAGCCATTGGGTCCTACACCTTCAACGTCGAGACGAACCATCTAGCGGCATTTATCCGCTGCGAAAGGACTCGTGTCAGCACTTACTAATTTAAGTATATTAT,122,46.72,Arabidopsis thaliana
SEQ_514620,AGACGCAGGTCTCACTTGTTATGATGGAGCGAGATGCCTTGGGCAAGTAGCTAACCCAATTGGAAACTTGAATGTAGGCGACCCGCCTATCTCCGCTGATCAGCGCACGGATCACGATGCCGAATTATACGGGGCAACGTTCAAGTAGGAACATATCGTGCTATATCTACCTAGGAGTGCCACTTTCAAAGTTATGCAATTTCACCGCTTGTCATAAAGCGCCAATATCCACCCATCTCTATTGCGCCCTCAACGTGTAAAATGAGTTGTCATGCAATATCTCAGCACCAAAGTTTCGATAACTGATCACGCCGATCGACCAGAACGTGGCCTCCGGGACTCTCATTACTGTCACCCCGTAACGCTCGAAACATCCCGTAGCAGGTCCCCCTGGAAAGACGGGATGCTTGGTCGAAGCTTCTTGTTCAGGAACCACATTTATCAGCAAGCGTGGCCTGGGCGGCAAGGCGTGGAAGTCCGACTAGGCCACGAGTCGCTATTGGAGACGGGCGGGTAAGCGGGGAATATTCTTATCGATCTTGTTGCCCATATCGCTAACGTAGACTATCGTGGCATAACTGATGGGCAAGTGCTAGAGATGCTGCGTCTGCAGCATCGCTCGCCCAAGTAATAGATGGTTCCGACACCCGTGTACTAGGACTGGTATGTGGGTCCTTCTAGCCCGAACATGCTTACTATTCCGGCAGCCATCGCCTCGATAAATTTCAGAGTCAGGTTGCTAACCCCGTTTAGATCCTCAATGAA,765,50.98,Caenorhabditis elegans
SEQ_874514,GATAAGTATTGCCGTCGTGGAAATTCAAGAGAACTAGCTCCGGTATTACGCAAAAAGGCCTTACAGTCAGTCGTTGTGTCTTGATATCGTCATTTTCATACCCCCGTGCGCCCAACAGGTATTTGGTGACCACGACATGACTACGGTGATGGGTGGGTTATTTCACAACTCCTAGTCATGCTGTAACGTCTGGGGGAACGGTTCAGTCTGGTTTGTTTTGAGGCCTTTGATTCTACTCCGACTCCTTGGGTTCTCGACGCTAACAGAAAATGATGTGCGCGTTGGGTTTTACCCACAAGCGGGTCCAGGAGACGACGCGTTCGTGTCTCCAGGGTTGACTGCCATCATCCAAATGGGCGATGACCGCACTTAAGCCCCGTCCAAATTTTTCAACGGCCGAACTGTACTACGACATATAGAGAGAGTGCAGCATTGAACAATACCCGCAAGCGATAAGGGTTTGCGCACAAGCCTGGGTAGTTTTCGGCCCAGTCAAACCGCCTAACGCTGAGGTAATAGTCGTGTGCTCGCCCGAGACTTAGCATCCTCGCGGCAACCCGGTCGACTCTTGGCCCTGGCAAACATACGGACTGATAGTGCGAGATACTAACGGATCTACCGATAGTTGCTTTCGGTTTTCCCGGCCTT,648,51.23,Homo sapiens
SEQ_852962,CGCCACGAATAGAGAAACCGAGCAGTTTGGGCAAGCGGCAAACTGCTTTGGCGCACAAGTCTAATGTGCCGTTCTCCCACGCATCCGGGCGACTCGATCTACCGATAGTGTATGCCAACTATGTACGACGCGGACATCGCTTCCTGTCTAGAGACGTCGTAGGTCGAGTTTGTTACGGCTTGTACACGGAAGAGGGGGACTGTACGAGGGGGTGCACCTCTGTCAGAACTTAGTCGAGTCCTAGCCTCGAGGGCGACAATGTCTGCTAACTCCCGTGGTGCGAACTTTCCTCTAACTTTTTGAGGAGCTGGCAATCACTCGCAGAATCGCCGCCCGCACTGCACGATATCGTGTTCACGTAACTTGGGGCTAATGAGGGCAGGCAGGGGACCAAGGTCCTGTCGTCTCTAGCCATACGATAGAACTACTGTGCAAAAAAAAACTTATGCACTCCCACTTGTGGCTGCGATCTTTGCTGTGGCGATCCCCGGCCAACGCGGCATAATGCCAGAGCCTGCATGGCCAGGCAACGCAAGAGGTTTCCACTAAATGCTGGAATAAGTGCAACTTAAGATCGGGAGTCCCAATTGTCGATATGGTGGCAAGTCCCGCTTCACTACTTGGCCTTGTCACGAACAGAGCCTCGTTATCACCCCGATTGTGGGGCGGGCACTTAAGTTTTGGCCATAAGCCACTATCCATACCGGAAGAGTCATTACCATTCAGGGGCACAGCGTGACTGAGCTTGGTCACAGAGACATCAGTTGTTGCGTCTCGAGATTGACCTTGTCTACCATCATGTGGGGAGTATTACTTATAGGCGCGGTATAGCGTCCCTATATACTTCGTTCAGGTTACACAAGGAGTTCGGTGCAGGCAACCATAAAAGAAAAAAAGTTCCTTCACCTTCTTTGCATTGGGGCTCGCATGGAAACTCGTCTGGAGCTTTCACTCGCCGGTGACCGTTTTATACATTGGAGAGTCACCTCAGCTGAG,996,52.21,Caenorhabditis elegans
SEQ_361365,TATCCGTGTAGCGAGTAACCCTGGAAGCCTGATTGTTGCAGCAAGACCCCATCTCTAACACAAGCAATCAGAACGTATTGCCTTCCGGAGCCATTAGGCGCTAAGGGATGAGGTAATCTGGTATAGACCTATCACCAAAACGATCTGCTATTTTGTAGAATCTGGTGTCTATTCATGCAAAATCTATGCAATCGTCAACGGTTTTCGAGTGCTCGACAGGTAAATGCCAGATAGAAACTATTGGAGGAGAGGAATGCCACGCTACCCATCGGCTGATGCTCGTCATGCTAAGGGTTTATACTACCGACGTCAACAATACAAAGCTAGTACGGTATGTTTTTATCACGGCGACTTAGTAATAGTAAATGTCCTTACATATCATCCTAAACCATGCGATGCATAGGTGTAAAAGCTAACGTTGGAGCGCGTGGGCCTCTGGAGACGTGAAACCGGGGACGCCGATTGACAGCATGACAGGCACCCCGGGCCGGATGACTAAGGCTAATGTGGACTTTCCTACGTCGGCCTCACCGAAAGTGTGAAGTAATAAGTCTAAGAAGACATATAGATCTTTAAAAATGGTGTGTTCTTGATCTCAGCCAGGGCAGCTCATCAGACACAGCCGAGCCTTCTGCCCACTCCGTATTCACGTCTTAGGAGTCGTATTGTAATAGCATGGTTGCCACCGGGCTGGGATTGTTCACCAGCCAGTAACCTATCCAAACATGGTGACTGCCCTCACAACGTACTGAAGTGTTAGGTCTCTGCGCCGGGTTTCTTATCGGCAGAGTAGAGACATTTAGTGGGCCGTCAACGTATTCTACTGACAGGCCCTCTTGTCCTCGAAACTTGTCACCGTGGTACAAGTATAACTGACTCTTTTTTGTATCACGCCGTAGCCACCGCCGCTACGCGGCAGCGACCAATATGATGCGCCGGCAGTGAGATAGGAATACGATAAGTAGGTCCTGTAGAGAGATTAATCGACGGGACTTCTCCCAAGTGTACATACCAACTTTATTACTCAGT,1029,48.01,Escherichia coli
SEQ_189970,GATCCTACAAGTGCGTGCACTTCTGACTAAGTCTAAGTCAATCTCGAGAATACTACGCGGACCTACCACTTTTGCGGCGGACTACACATAATCTGAGTCCGTGGCCCGCGCGAGAGCCCT,120,53.33,Drosophila melanogaster
SEQ_896966,TCTAATCTTTATCTCTAACTTTCCGCCTATCGAATCCAGTGAGAATTGCGCATCCCAACCTCTCCTTACTCCGGATTAGATGCGGCATCTTTTACGATTCCCATCGAAATGCCACTGGGCATGAGGGTTGAGGGGAGGCACGGTAGCGCGTTCCGCGGGCGCCCTAGATCGAGCATGCCAATTGGTCGCTGGGACCAGGACGAATGCCCAGAGGACGGCGGCTGTGTCACCGGAGATACAGATGTTGGATCGGTCAGTAACAAGACAATCTAGGCAACGAATCAAAGCGTCCTTACCTGTATTCGATACACGCCGCTCGGAACTGCGCTACACCGTCGATTGTGTAAGGTACGCAAAAGTACTGGCTAATGTTAACCTATATACTAATGGTACATGGTACGCATCAGTTAGTCAGCTGAAGGGCTCCAGTGAGATATCACTTTTCAGAACCGACTGTGGGGGAGACCATTTGCCGACAACCGTAATCCATCTTCGTGATCAACTCGGTGTTCTGATCATTTATGGGTATGAGCTCAGGCCTGACGAATCCCTATAATCTCCAGAAGGGCTCCGCTACCTCACAGGTCTTATCCCACCACGAAGGCCTTGATTATTTGGAAACTCCACCATCTTACCTGTCTGCGTGTCGCAATGGTAGCAACAGTTGCCCGGAACCGCGGGGTAAATAATTGTTCATCTGTGTAAAAACTGTGCAATTCGATCTCATGGCTATCGCCGGACCTTTGCCGGGTGCACTCGAGGGTGCCCTTTCGGTCGGTCGCATATATCAGGCCCGATGCGCCTTATGGTGCTGGGACAGGCCTGGGACAAACCGGACAGGCCTAAGAACATCCGCGACGTGTTACGTATTGAGATACATCTTCCGTCCATCTGACAGCCCATGAGTTAGCAAACGATAAGGACTCCAGCAACGTGTAATCAATTGTGGGGAGACGCATGCCCGGACTGTGGGCACCGCTGGATGCGCAGGCTGTGAATAGGATCGTGATCGCTCATTAATATTTAGTTCATAAAACCGATGATTGTTAACCTTCATATGGAATAGGTCGCTCTAGTTTGGACTCGTTTTCGCGTTGTTGCCCGCGGCTGCCTCATTAGCATAAAGACAGATATAGGTACTACCCCAGTTTTCAGGGTGTTCGCGTGTGGGTAGAGTACTAACGTTGGGCGATTGGCGGGTGCGTTCTCACACAGCCTCCTACCTCGTACAGGCGCCCAAGCCCGGCCAGTAGGACCAACGCTCATTTTGCACCTATAGGCATGACCGGGTGGATAGTTGACCCATCCTACAGTGGGTGTCGTGCCCTTGTTTCGCATTAGACCGCCGTCAGAGCTGGTTGTAACATTCTAATCGCAGGCTGCCTCCTACACGCTTAGTTGAAACATCAGTAATGGATTCCCTGAGCTCTCGGGGTCTAAGGAACCGCCAGGGTATCACCGCGCTGCTGAGCCGAATCTGAATCGTTTCAGGTTGGACAGTACCACGGGTCGCCTTCCCCGTATGGATTGCCACGCTTGCCTCCCCCTGTCCCAAAGAATTGGACCCCCTGTAGCTTACCTACCAGCCCGGTCATATTTTTTCAGCGTCACAGTACGAGTGTATCGAATTAACTGAAAATTCGTCGCGAACTATGACGCCCGGGTGTTATGTAGCTAATCGCGTTTACGCCGGCGGATCGCAAATTTTGATTGTTAGTCTCCACAATTGGCGGTCCCCAGTGTATCTAACCGTTCCCCGATTCCTGACTGAGACTCGGGATTCGATTCCATTTGCTACATGTACCGCGTAAGTGTACGTTGGCAAAGAT,1829,51.61,Caenorhabditis elegans
SEQ_243866,GCATACGTAGCTGCGTCAGGGTTAGCCTATGTGTTTCGCCTGGTCCGGGCTCGTTGGCGTGGCCGCATTTAGTGACATAGGACACTGTGGGCAAATCACCTGGACCACACCGCATATGCGAGCTCGACACCTGCCGAGTAGACTCCTCATAAAGTAACGACGCATCTAAGACTGTTATGTTAGTGTACCGTTTTACCACGCCAGGAATTAACTGGCCCCGAGAGCATATAAGTATCGTACGGGGCGCGTCAGTTAGACAGGCACGGACCCATGCGCCTAGTGAAAGCATAAAGCACGACAGCGCTTCGATCCAATACGGTTTATGATAACGAGGGGCCGCCGATTGATATACCGAAGCTGCCCATTAAAGGTCGGGCTCCGTGACGCGCCAAATACGATGTGGGCTCACAACTTAAACTTCGTAGGGCTACAGTACAACTGTGTTGCAGTGGGGATTTCTCTAACTACACGTGTGTCGGTCTGGAACTCACCGAAGCCTGCCCTCGTGTTCACTACAATCCCGACTTCAAGCCTGGCGGATGGCGACGAGCGTTCGGCGATGAATGACTGGTAAACATAAGGGGTACTACCATTTGGCCACAGTGCTCGAACTGCCCTCCCCTTGTAATACCAGCTCTCATAACCACGAGTACCCTCCTTCTCCAAAACCTATCAACACAGCCACGTTGCGTGCGTAGAGGTCAGGTGTTATTCGGTAATATCTTTTGCCCTATGTACCGACTGACGTCACACGTTCCCCGAAGCAATGCTCTGGGCGCCGAGCCCCTAAGTCCTCCTTGAGTCGTGGCCTCCATCCAACTTTGTATTCAGACGGTGAACTATATGGACTCCAACTTTTTCCGAAAGTAACAAGGGCCTCCATCGATGGAATTGGCTTTTCCTACGGACCTCTTTCCCGGTCCGACGACAAGGCGTCTGGACGAAAATCCTCACAAGTCACCGCTGCCGACAAAGAAACACGATAGGGGACTCGAGAGCTCCGCTTAGTATGGCCCTGGTCTTCGCGT,1028,52.92,Mus musculus
SEQ_653752,TACCACTAATTTGAACGTCCCGTATCTTGTGGCGCCCCTGAAGGGTACTAATTCTCCTAACTGTGTTATGGTGTGGGGACGTCCCGATTCTCAGTACCGCGGCCCGCCGTAAACTGGACAAGATCCCAGCATCATGGTTCACACCTGCACACAACCTGTTGTTCGTAAACATATAAGGTTCATTCAATGACAGATAGTCCTATCTGT,207,48.31,Escherichia coli
SEQ_943591,ATAGCTCGGCAGGCGTGGGTTGCTGTGGTCGCGTAACCCCCAGACGGACGTGTAATACAAGATTTTGTTGTTTGTGTGGACGTTACAGAGAGCTTACATTGCGCGGGGTAGTCCGGGCTTGTTGCCCGCAGTCCCCCCTGGTGTGCGTATTTTTTCTTCTACGTTATACCTTACACTCTAATCTAATGTCATGGTCAAACGCGTACTCTCAAAAGTCGATAAGTCGGCCTCTGGACATCCTAGAGGGGTGAGGTTCGAGGGTCTGTGGCCTAATACGGAGGGGGCGAGGTTTACCTGGGGCCAGCTCCCTGCTCGCTACGCTTTGAGTGGAACGCTCACGTGGACTCAACGACGGAGCCGTGTAGCGCTAATGGCACTTCGTCCCCAGCTATCTCACCCCGCAC,404,55.2,Saccharomyces cerevisiae
SEQ_266433,ATTAGCGATATGTATATGAATGCGGTCCTCTTGCTCTAGTAATTGGAGCTGAGATACTTAAATGGTTTTGGGCGCTCTGCACCTCCACTACCGTGTAAAAGGCCG,105,45.71,Drosophila melanogaster
SEQ_297421,CGCATCAGTAGTGGCTACTATAGGAATTGTTGAAAGGTGCCACAGTCTGGTAATTCTTCAGGGTGTTATTCAGTCACTGTAGGGCCGGCAGCTCATATGGTGACGATGCCATGCCTCGAGACGTAACGACTCAGGCCGGACGTCTCTCACGCCGCATTCGGCTGACACTATCCACGGATAGGGGGGGTCACGCACGACCATAGAATCCCGTTCCACAAGACGACTAACGTGCCACAGATGTGACTACTAGACACTAACTGAATAGTATTGAACAATTTTGTTAACACGACAAATCTTATTCAGCAGGTCTCCTAGATGTCACTCCTTCGCATACGGTAGCAGTTACGAACATGACAATTTAGTCCCGATAAACTCCGAGTCTTAACCGCATTATATTCGGTCTCCTAGAAGGGGTAACGCCTTAGTATTGCCCTCGAAGGCACCGTGCCGGAACGTCTGCGGCATTCCGCATCATTCTTGGCGCATGTCCCACAGCTAGCTAGTGACTCCCTTCATTTACGCTGTTACCGTTGCGGCCAAATGCGATGGTCGCGCAAGTCTGCAGGATGGGTTAGATTTTGCTGTGTAGTCTCGTTCCATGAATTCGACTGGCGTCAGAGAGCTCGTCAGGTTCAGTCCAAAGAGGAGACCCCGCGAACCAAACTTAGCGGTGCAGTGTGCCGTCCCTCACAGAACCACTGCACATTGGCACGATGCTAAGCAATCCTAAACTTTATCGTGCGCGCAGTACTTACGAGCAGTCTCAGGGCGTTTTTCAGAAGCAGGTTGCGTCCCAACTCAAAACTGGATTCCTCGTACCTGGTCTTGTTTGATGCACTATCACCAATGTGACTCAAATACACGGTGGCGAGATGTAAAGGTCTAGTCATGGCGCACTTGGATTCCAACGGAACTCATAAGATCAGAGGAATTTGCTGGCCCGTCGGCCATTAGCACTAAGCATGGCGTCATCCTCCCTAAGAGATGAGCCAGGGGCTATTGAGACGATGGTCGATATGTATATTGCGAAGGGTGTTAGCCAGTAGTCATCAGGATACTAGTGACGTTTGTTTGTCTCTTCGCCGTAAATTCACGTGATCATCGTTACATAGATCCCCGGTCGTTGCGTAGCCAAATAGCAGGCTGTAATCGTAAGTGGTGGTGCCCTTTAAATTATTCGACATAGTCCTGAAATCCACCACAACCCGGCCTAGAGCTGTTCCACGCTGGCGGCTATTAGTTACCAACTAGTCCGAAACTGC,1262,50.0,Caenorhabditis elegans
SEQ_978540,GTCCGCGTACCAACATAGACATCGGTTCGTAATGTTCACACTCAGAGCGTCTCTGTACATTCTCATAGTATCCGTGCGCCTCAATTTCCTAATCGACCGCATATCGCTACGTTTTGGAGTCCTAGAGGGTAACGGCTATGGGTGTACCAGCGCAGGAATACGTCCGCACCTAATATGTGAGACATACGTGAATTATAGGAGCCTCAATTTGAATTCGTGCCTCTCTTCTGTCCCTGACTTATAATGCGGGAAGGTTATTTTATGCGACCACGGGCTTAAAAGCCGTGGTGATGTAGCTTGTGCCGCGTTCCTGGCCCTCGGCACCCCAAGGCTGCCTGGACGTCACCGATTAAATTACTGGAAATTTGCCCTGGGGGGGCGCAATCTCCTCCCGTTTACTGCGAGTAGCTACACAACGACCCCCACTATAAATTTGGGTTCTGCCAACTTCCCCAACGCACCCCGCGACAGGACGCAATGAGTATGGTTGGCAATACTGTCCCTTCTTACTGATCCTCATAGAACTTTTGTTTGCGCTCTTGCGAGCGGTAAAAGAGGATGACAAGTTCATAATGGAGTCCTGATAAGGACCTCAAAGGTTACGGCAGATAGGAGCATACACTGCCTGGGTGGCGCCTTAACACGAAACGAAGCGATGATTGGACAAGAATAGCTAAACTCGACCGCTCTTTGGTACCTGAACGGTCGTTACCATATTACGCCTTCCACGCTTGTCAGCTCCATTGACCCCTGCGCGAACGTGTGACAATCATCACTCTGAGAAATAGCAGGGGG,795,50.44,Arabidopsis thaliana
SEQ_405882,TCCGAAATTAACCCTCGCTCCTACCGACAACACTCAACGTGACATAAGGGCTTAATTGAATGTGTACCTTGAGCACACGTGATACCACTGGAATAGGTTACGCTTACCTCTGGGGATGCGAGTCGTTGCTCCCACGAAAGTGATAGCATTCTGCGATACGAACCGAAAGAATGATGTCAAGCCGCAAAGTCGCCTAACCAAAAATTCCGTTGGTTGCAATTTACTACAGCGTGTCGCTGTTGACAACAGCTTACTAGGACATATAGTTGTGCATTTGGTTCCACAACACCCAATACCACAATAGGGCGAAAGTGTCGAACGGCCTTGGCCGTT,333,47.45,Saccharomyces cerevisiae
SEQ_136232,CGAATGACAGAGATACTTACCCGCTATTCGTGGTACCATTTTCACGCTGTGGCCAAGACTTGTACGAAGGCTAACTCCGGGAATTAGGACTAAGTCGGCACCCCAATCTGCAGGGCCATAAATCATGCTGAGCGAACAGTTTCGGGGAACAAATTGGACCCCGAAGGGAGGTGCAAGGGACGCCGTGGCAGACCGGACATACCCCCCCGGAGGAATCTTACGGCTACAAATCATCTTCAGTCTGGTGAGGAGGTTGACGATTCGAACTACATCCAGTACCGGCTCACGATGAATCAGTCGTCGGGCCAGCTAAGAACTCGACTAGGGGTGCCAACGCTCAGGTTTTGAAACTAGCACTGCACAGACCGGGGCTCGACCCACATTGTCTTAGTCTCTGCCTACGACTATGGCCTCCTAGGCTCCACACGTGACGCCAGCTGGCATGATACTCGAGTTGGGGGTTAGTTGTTACGGAAGGTATTCCGCAGTCGGTGCGTCGCCTACGTCAAATGCGGGGTTTTCCCCGAGGCTTTAAAAACATCTGGTGACCTAATTTGCGCGTTGGTAGTGCTAACAAATGAACCACTCCACACAATTTGTATGTCTCCATGAGCCTGATCCGGACCAGCAGACAAACGGAAGGGGTTTTGTTTCATGTAGGGCCCCGCGAGAAGGACTCCGTATGTGGAGGTAGAACCTGACGACAAGTACATGAACTTTCTTTATTCCACGAACATATCCGGTAGCACCTATCAGGGAGGCGCGACAAGGTTGGGGTGGAGGTCCACTCGCTCTTTGAGTCTTCGGTTTGGATCACGCACTGGAATCGGGCGAGCGCAATACCGTTATACGGATCCAGGTGGTTGACAGCTGACCTGCACGATTTATTAGGCCATGTCTAGATAGGGATGAATTAAACCCTGCAGACGGGCACGTACTTGTATCCATATTAACGACCAAGAGGGTTGAACGGGTTTAATGTCTCTCCAACAGCCTTTAAATTGTTTGCACGCCCACGACGTCTTGCCTCGGTTGGCTATCTATTGTAAATAATTTGTCCCTGATTTGTGCCGCGCACAGGCGGTTTCGAGAACGGATATTAGTTATCGTTCTCTTGAATCGCTCGCGCAATGGTTGACTAGCTTTAAACCGTGGAAATCGAAAGACTTTCTTCAGCGTTGAGTGCATTCAGAGGGAGTCTCCTTTACGCAGGGGAAAGATCTACTAGCACAGACGTATCAGCCACGAAGCTGGGACTGTATGATATGTGCGAAATTAGACTGGAAGGTGTCTGATTCTTTGGATCCCCTCTAATGTTCTTTCAATTCATTGCTGTGACCTATACTACGAATAATTACAGCCGGGCTACTAATCTGATGGCAATCGGCGGCGTCTAGACAATGGGCGACGGACACGCGGGTCCCATCTCCACTAAGCGGGC,1441,50.87,Arabidopsis thaliana
SEQ_955296,GGACCAAGTAGGCGGAGGACTCCTAGCCAACGTTAGTTGGCCGCGAACAAACTTAGATCTAAGTGAGGTCGAGTACCGAACATAATATCGTATATTAGAGTGTCGATGGACGATAAGTAGTAACAGCTATCCTCGCTGGGTCGTATTGTGGGAGCAGTTGCCGCTAGGGGACATGATAGCCGCGGCCGGTCCTTTTTTATTGCGTGCCCAAACCGTCAGGCCTATTATTCGGTGCCCGTGGATCGTGTAGACCCGGCTTGAAAGACAGAGGTCGACGAGTGTTGACAAGCTCTCTTTACGTTAGCCGTCGTTAGCGCCCCATTGTGTCTAATGAGTCCCTATCGGTTTCTCAAGGTCCAGGGGCGGGCCAACTCGTGCTTTTTAAGCACTTGAATGTTAGTAAATAGACATATTAACCCGGAACGGACGGCGTTTCCAGCTTACGACGGTCCAGGGATGAGTGGTCCCATTCGCGCTCCAGTGTCTGTTTAGCAATTCCAATAATCTGCGCGAGATCGGATTGAACGCGGAGGATCACCGTGTTTCGCGTTCTAGGGCTCTGTCTTAATCTTCGTATAGCTAGGAAGAGTTTGCGTGTTTCAGGGCCGAGTACGACGATCCCCCATTACCCTCCGAGCTGAGGGCTAGAAGCCTTGCGACATCTTGAGTAGGCGGCAAGTGCTAAGATGCTATCGCCCAGACCTCTTAACAAATACTACCTGTCTAATGTACCGCCCGGCTAAGAGTAGATTACGAGCGGTGCGTTGACACGGAGATGGGCCCAGGGGTGGGGGGATTTCCGATTGAGTCTGGCTCAAGACCGTCATCTTTCAACTACCCACGCCATTGCATTACAAGTGACTTGCAGGTAAGACATGATGGGAATTTGACAAAGGTAACATGATTACCTAAACGGTATCTTCTGGCTGAGCCCGGCCAATCTGAAGACGTTGTGTCCTCATCCATCCCAAACTATGTTTCACGTGCCCGGCGTCTCGGGGTGCCTCTATGTATTAACGATGCTTACGTAACTTGGTCCAGCCTGCATGACGATGGCGTCACAGTGAGCCCATTGGAGACCATGTAAACTATAGGGACAAGAGACCCCTTATACGTTTAACTATCCGTGATGCGGTGAATTATTAGGGCTCCTGGCTTGTCGAAGGGCCTTGGGACAAGCGTGTTCTGCCCACCCGGGTTCAGCAAGAATAACGTAGCACCGTGGTCGTGAAAATAGGCCCACGTGAGTTGGCATTAATCGGTGAGTTAGACCCAGAGTTACCAGGACTCCCTTCTGCAAATCTGTGTAGTTTGAAAAACAAGCATAAGCCTACATCCTGCATCAGTTGTACGTTGGAACGACCTGAACCGGAAACCTGGGCGACGCCGCAGCTTAACAGTTTGTGCTCTGCGATCTTCGAATTTACGTGTCATCCAGCTGAACGCAGCCATCTTTTGGTCGTCCACCGTAGTCTTAAATGACCAGTGAATAGGAGTGGTTACGTCAGTCTGATTCATGTCACGCTCTCTTGGGTTTGATCTAAGATGCGACCAGCATCCCTTCTGGCATGCTGTCGTATAAGCCGGCGCCGATGTCGAGGGCGCGACTTAATGGGTCTAACGTTATTGGTTACGAGACGGACCAGCCCGCGCCTAAGTGTACAGTGTCCGCGTGTAGGCGTCCAGGGCATGCAGATCCCTCTCATATTATGATAGGACCTTGCTAAGTGGCGACAAGT,1739,51.29,Drosophila melanogaster
SEQ_499954,GCTTAACTTTTTGTGGAGGAATACTAAAAGGTTCCGTACTTGGCCATCCGGAACCGGGACTATTGCTCGGGCGTCTCTTTTTTCTTGGGTCACCTGAGCGCCTTGCGGGGGTGTAGTCGAGCGGAACAGTCTCCCGTTCCGGAACGGGCACTCGGTAGGCGACACTTTAGACAACGTCTCAGTCAATATACCAGGGGGTAG,201,54.23,Caenorhabditis elegans
SEQ_172977,AAACGAGTTGCCAGACGCAAAAGCCACGTGCTAATCACCCCGAGTATGTACCACAATACCCTAGTATTATCTTAATAGGGGGAGGCAAATAACTAAAGCTACGTTAAAGAGCTACATGAGACCGCAGAGACTGTCAGGTGTACGCTACGAATACTTTATGCCGGAGTAACCGTTCGAAGTTTACAGAGAGTCGTATGAGAGACGCGCCGCATGGGTCTGTGCACCCTTCCTGCCCTTGAGCATTTCGAGAATACAAATTAAACGCGGCATGTCACTCGACGGGTGAAAGATCCTACATCTATTCGGGGACGTGGTGGGAGACGTACAAGAGGAACTTCGTGTAGCGCCAACCCTCCCTTGCTTCACGACCACCGAGTACTGCCTAGGTAACGTCTATTCACCCCGGACTTCACATCCGGGGTGGAAAGTAGACATGGCACTGTCGACATGGTCAAGATGAGAGCTAGG,468,50.43,Drosophila melanogaster
SEQ_873851,TACTTGGCGCTAGGACAGATGCAGGTGTGTTTTCAGAACCCCGGGAAACTCCTGTCTGGCGTGCTCCGCCGTCACGAAAAGCTTCAGTCGTCCTTACAACGCGTGTGGAAAAGTGGATTTTGCCCTCTGATATACTCGACGGTGATCAGCTAATTGTTTCCGTTTCGGCATCGAACAAGGCTACCTCGCGCGTGAACGGGTTGACCCCCGTTAAGGGCCAGCGTACCACCGGGCGCGCTCGATTCGCTGCCACTCAAGACAATCCTCGACCAAGGAGCGGGGATGACCGGGGCAACTAGATCTGCTCCTAGAACCTTGAATAGCTGAGGCCCGGAGCCCGAGAGTGCCATGCTCGAGATCCATATGCGGAAGCAACCGGCGTATACCCTGTTTGATTATCAATCCGAATCACTCGATAACTCGAATGTCGCAGTTGCCTGTGAGTGCGTCGGCGGATTTAATAGTCAACCGACGAAATCGTATCTGGTTTCAATGATAATCTCAATTGCCCTGGACGTCACGTAGGCAGCAGGTGCAATTCACCTTAATCGAGAAAATCAATTCTTACAGTAGTAAAACAGATTGGGGTTCCGTACATCAAAGGTGATTTTTATACTAGCACTGAATAATCGTCCACCTATACGAGACTGATTGTTCTCCCCATACTACGTTATATAAGAGTGAAGTTTACCACAACGACTAAGTGTGATCGCTGTGTCAAATCCGTAAGGTTAGTCGAATAGTAGATTAAGGACTACTGGCCGAGGGTTCCCGCTCGACCCTAGGGGCATCAGAAGTGCCCCATTTGACCCACTGGTCGAACACTTGGTTGGGCGTACTCAGATGCTCAT,851,50.29,Mus musculus
SEQ_258086,GGACGTACGACGTCGAGTCATGTGCTACCAAACAGCGATACGTCGTGCAAAATTGCTGGTGGTTGGTCTCGCACTGCTTTGGATGAGCGCCAGCTCCACAACCACCCTCGGCATGGACACAGCGACTGACCAAACGAGGTCGTCACAACAGCGCTCGGTCTACTGGTGCGATTCTAAAGTAGTTACCCCTATTGTGTACCATTGTTGGACCGGTTAAATCGACAAGCGTGTCGAACCTGGCATCCATAGGCGCTAGGTGGTTGCCCGTGCCATCCACATTAATTTCCCTTGATTGCAAGTTGCATAGTTTGTATGCTAAATGAATGTGGGGTCAGTCTGTAGACTGTTTGCGGACCCAAGCAATAGCTCTGAAGTAACCTTCAGACGATCACCTAACCTCCCGATTCATGTGCTGATAAGAGCATATCTATTCATACTTCCCAGTAGAAGGCTCGTATATACTTTTATGCCAATACGCATTCCCTCAAATAGTTGAGTG,499,48.7,Saccharomyces cerevisiae
SEQ_519873,CCCCACAGCGCTTACGCACTATCACTGCGTTGTCCGACCAAGGCCTATAGATTCTAACGGTGCTGTCGTCGCACCCTCCCCCAGCCCCCACACGATGCGGACATATGGAAGAGCATAATTTCCCTTCGGTGGGCATCCCTCGTGGTAGCCATTCGGCTCTGACCCCGTTACCAAGCTTCATCAGTGACTTTCATTATTAGATCGCAAACTAGGGATAGGCCGACAAATGTCGGATGAGGTAGTATACATACTCGAACGACAGCTCAAGTCTGCTAATATCCAACGAATCGGCGCACACAGTATACTACGGGAAGGACACATTAGGATTTGGTCCAACGTCTCCAGCTGTACCCTCACAGCTACAGCGGATATAGTTGGGAAGGCTGTTCTGCGACAATGAGGAAGACTCCCACTTCCTACGTCCCGCAACCAGGAGAACCCGGTCCCCGTGCTAAGCTACCACTAGTCCGAACCGCGTCTCCGCCTTAAACGCGACAAGCGAGTTGCTAACTAGAGTGTTGAATTGACTGTTCCTTCACCGTGATGTCGGCATTCTCACATTTAGCAATCAACCTTGCCAGGTAGAAAAAAGGGCGATGGACGAGTTGTGCTGGAAGCAGGGCGTCCCCCCATTGTGTGAGCGGCCAACATCTCAGGGTTAGCTCATATCGGGTCCCGGCGTTTGTCGGACGGGAGAACTTCACCCTTGGACATCACTAGCGCTTGGAGACGCCAACATTTCGTCCCACAGCAGGAGCGCCTCATAACACAGGGTGTGGAAGGTTGCGCTAGGAGGCTACGAGGGTGTCAAAAGTCCACCTTGCCGACTCCCTCGAAGTTGAGTAACCAACATTTCCGTCATTCGGTGCATTCCTGCGCAGCACGTGCCGCAATAGGAGAGGAGAACGAATTTGGTGAGATCATGGATACGAAGAATACTCCCACGTCCGCGTCCGGGCATCT,963,53.69,Arabidopsis thaliana
SEQ_878398,CACGAAAGTGTGCATAATTCGCGTACGTGGACAATACCACTCAGCAGTTGCCGTTGTAGCAGCGACTTAGGGGCCGTTCCTGGAAGTAAGCAGTACTAGTTCCGAACTCCGAGTACTAACAGTTCACCATCACCGTGGTCACAAAAGGCAGGGCAAGGCGATAGTACGGTAGTCCCAGCGCCTTCCCCAGCCGATATGGCCTAGAGGGTCACTAACTTACTAAGCAACCTATCGCATGCGTACTAATTAGAATAAAAACCAACGAGCACGGTCTTCCAATTACACTAACTGATTTCTTGCACTTCTTGGGAGATTTGATAGGGGGAGGAGCCCGGCGGCGACGCCCAATGAGGCCGAGACCACATCTCGGGGCAGGCCCGCGCAAATATATGATACGGAAGCCGGGTCTTGTTTTAGGTGAGGAGTAATAAGCGTAGGGAGTGATCCACAGAAGAGATCAGTACAAGTTGGGCCAGATCCGATACAACTGACATTGTTCTGCCGGACCTACCGCCAGGTCCTCTAGCAAAAAAATCGACTCAGCAGTCACGCGGGGTGCGCGGTAATTTAACTGACGAGATCTATGCTGACCCACCATTTACACGCCCTTCACTAGAGTTCAGCTAGTCCATCACCAGTTCTCAGGAACACTTCTGTGCAAACTAACAACTGGTTACGAAACAAACGAGGGGGCACAGATACAAACCATACCAATAGACGAGACGCTCAACTAGGTAAAGACCTTGGTGTCGTGTCTGACGTTGAACCTAAATTAAGATGGGGTTTCCGAGGCGCTGTTTGCGACTAATTGATCTCCTCCGATGGGGGGCCGCGCTACACTCTAGGACTCTCACTTCTAGGGAATCCGACCGAATTGCGTGGGCAGAGTTCGCGGTGTATGGCATTCTCCAAGGCTGTCGACTATGTGACCCGGTCCCAGATACCTACTCTCATCCTTCCCCAAGGATATCGTGAACAATTACTCCTTCGTGGGGCGTTCGCCCTCGTCGAATCTGCAATACTACCTTGCCGCTTGTGTGCGGTCGGATATGGGCATAGAGCGCATATACCCGTTGCGCTGCGGACCCAATCTCTAATGTTCTAGAACGCACAGTCTCAGAGCAGCGTCACTGGTTAGTTCCTGGACTTAACGACACTCAAGCTCTTTACACTCTGTTGTGCAAACGTCTACGGCAGGCATAGTAGCTTATACGCGTGGAATTACAGGAATCTGTGCTCGTTACAACTGCATTACCGATAGGCGATGGAGGGACCTCTAAATGTTGGAACATGCTAAGCACCTTTGCCAACTTGGAACGATAGATGAATCGTAGCGAACACCAAAAACCTACCCTTGAGGCCTCTCCAAGGTAGACAAGAACATGTCCATTCTGGTGTGCGATATTCTCTGTCAAATAATCTCCTGGAATCTCAGCCTTACAGTTCATATCGACGCATCGTGACGCGTCGGTATGTTGACCCAATATGAAGCTGCCTGCAATGCATGATGAATCGGTCTTCCGACACGCATCGCGGATCAACTACATAAGCGATACAGATTCAACATGCTCTAGGATCTGAGGCTCGGCTTGTAGAAGCCTATATTGTGCTTCAATAGTGGATTGCCCCTCAAGTTGAAGGGTCGCCATAAGCCTTTTATCACCAACCCCTCCTAGTAACCCCAGCGGGCAGCATCCCAACAATTGCACGCATTGTCAATCAAGCAGGCGGTGTCTAGAACGGACATCTGGGCGCGGGAATTTGGAGTAGATCAGGAGGAGACGGACGCGTGCCGTATATATTTTATGCTTTAGAGTAACCTAACACAGCGCACGATATCTTTTCGTTTACTGACTAGCAGCGAAAGTCTGTAGCAAGGGCGAGACCTGAATCCTGTCCAAGCGCCGAGAAGACCGAAACGAGAAGAGAACGATCCAGTACCAACCTTATGCTGCTTAG,1959,50.23,Caenorhabditis elegans
SEQ_241352,CGCTCACTATGTAATCACGAAGCAGTTTGACCTCCGGCGTCTTTGGGGCCCGTCGTGCCCAGGTCTCTGATGACGAAGTTATAAGAAAGACAACCCAACGTCTGGTCATCTTGGCGCAAATAACAATTAACTTGGAATCTCCTCTTCTTGCAATAAGGGGGAGGCTGGTAGTTGTCGTAAGCCGCGCGAGTATCGCCCCAGTTCTGCTTGATATTGTAGTGTAGACGGCACCATGGCGCTGTTTTCCAGGTTTCAATGAATGGGTTCAGGTTGGTATGACGGTCTCGGACTGTTAGTTTACGGCATATGTGAAGACGATAACCCGAGTTACGTGCAATAACTCAAAGGGCGGTGTCATGGGCCCCGTAAGGTCATGTGGCAATCCCGTGCTAGGCTGGAACTATCTTATAACCTCAACATTGGTGGGGGAAACCGGTCTGTGCAAATGGATGCGTGGCTTCCGAATCTTTTTAGATCAAGCAATAGCGGAAATAGTAATCACGCGTCCCGACTACTAAGCAAAATCAATACGATTCACGGCGTCCTAGCCTTTCGGTTTATAGATCGTAGATTCCCCCTCAATCCCAGGCTCCGAGAACGGAAACTGATCGCTCGTGGAAGTTAAATTAGGGGATACCGTTCGCTCTGTAATTCTATAGCTACGCTCTTGTAGATCAGTTGCCATGGCCACAACTTTATGATCATAGCTACTGAAAGCACTAGCCCGTCCATTGGACGTAGTGTCTTACGGGGGCCAACATCCTATCTTCAGAGGACTACGATAATTCGAAGAGAATGCCCCATGTTTAAGTGTTATCTTGTCCACGCTGCTTTCAAGGCGTGTAGGAAGTGGATCAGAAACCACCGTGTGCGGTTCATAGGCCAAGGGCTTTTACTCTGCGTTCGAAGTAGCTACCTTCTAGCAATAGCGTGGGATTTACGAACCCTCTTTACCTCCCTGTCGATTTAGATAAGATAGCGTACCCAAGGATCTAACGGGTCCGAGCTGCGCAACTGCTAAAGTACGTACGAGTGGTGTAAATCCTAGCCGAAAGGAACGCTCTTGAACGAGTTTGCCCTGAGTAGTTTACAGCCCCACGCGGCGTGCAAAGCATGCACCGTTGTTCTCACGTGCCATGTTACTTAAATCGGACGCATTAGAACGTCAGACAAGTATCTGCGCTCAATTTGCCTTGTCTCAGTTCGAGAGACTAATCCAGCGAGGAAGAGCGCACTAACATACGCAACTGACTTGTTCTCCCGCGACTCGAGCCACACATTACGCACTCCCTAGGATTACGAAAAGGTATGTGAAAGTTATACTAAGAGACCAAAACAGACGGATTCGTTCGCTTAATTGGCTGAGTACCTGCGATGTTTGCCTTAGCACGGTCTCGCAAGAAGTAGAGTCTACATTAGTCAGGGCGCTACCCACACTACGGTGCCACGGGGGAGAATTCCCTCTTCTGAGCAGCAAAGGG,1481,49.09,Caenorhabditis elegans
SEQ_968517,TGTATGAGAGAGCTCCGCCGTTGCCGCGTTCCGTAAATAATCACCAAGGTTGGTAATCGCGGCCGAGCGGGAAAAAGCATCCAGGGACCTGTCACACGTGCGGTTAGAAGGCGGACATATCGGACTTATCCTCCAGGCCGCCATCAAAGCTAAAATTAGCGCCACCAAGCTTTGGGAGAAATCTTGTTCAACTCGCCCCCCACGCGAGTTCCGATGAGATCAGAATCCACTGCGGGTTTAGCGCCAGCACCAATTAGTCATCACCTCGAATTAAGTCGCGTTGGGGTTCATAGGTTCGAATCTGGCCAATTCAAAAGACTAGGTAGTGGTTCGCTCCCTGTACGCGCGTAGTCCAGGGTACTACTGTAATTCGTGGAAGGAAAAAAAATGAATGAGGGGCATAAGCTCAGCCGGGCACATGCTCAACCGCTTACCCGCAACCCGGCTACAGTATACCCAGGGTGAGGTGAACGCCGCCGGAAATATGTTTCGTCAGATGGATTCTATATTGGCTCGAGGTCACGACGGACTGAGTCGTGAGAGCGTCAGTAGG,553,52.8,Arabidopsis thaliana
SEQ_155084,GTGCAAAATAGCTAATCTCAACTCGCAGGGTAGTGCGCTAAACCTAGGACACGCACATGCGCGCTCGCAGGTTTCCTAGGGCACCCAGGGCCAGCTGAGGTTGGGGACGAGGCGACTTTATACCAGTCATGTCCTCTATCAGCTATGGGGAACCTGCTTAGATATCAATCAAAGTTAGGCATACTAGGAAACAACCGGGGGCTGCCTCAACCACGAAAGTCT,222,52.7,Caenorhabditis elegans
SEQ_238987,TCTATTGATTTTGAACTTTAGGATAATAGTCTAGCAGTTGCCGACCTAGATCACTGTACTGGATAGGTATGTCAAAACGTATAGCTTTGACAAGAGAGCTGTACTTGAGGCGTGTTACTGTGAACGTCTACGGCTTAATACAGTTTCCGCCATATAGAATGTGGTCTTTTTCATTCTACAAGTATGGTTTTGAAATTTTCGTATCAGAACCCGTAGCGGCCTGATCGGTGGTAGGCGAATTGGTTCTGTACTCGAAATACAGACGGTAACTGACAAGGCTAGAGCAGCGACTGACCGACCACCACAGGCTTTTCCTTCTAAGGCAGCTGGTCGACAATCTACACAGTACTAGCTTCAAGTCGGCGGAGACTCATGCAGTTGATCTCTAGTCCACGCGCGGTTTAAGATCCGCTAACCACGTAGTGAATCTGGTAGGATAGCCAAAGACCTTTGGCACTGCATCCGTAACCACCTAGCTTCCCGAGTAATGAAGCATCAGTGATTTTGCGTATCGTTTGATCGATTCGGAAAGTATATGACCGGGGAGTCTATTCGTATTTTCTGACAAATGACGGTCCCACAGGTAGGCCACGCGGGGAAATGTGTATTATCGAAAGGATCTCCCAGGCTAGCTACCTAAATGTTTGAGGTCCGGCCGCTTCGTTCCCACTAGTTTAGCCGTTACGCTTTTGGTGTTGTGCGCGCCAAGTGGGCCACAAGGAGCGGCGCTATTTACAACAGCTTATCACCTCCAGAGCGCGAGATCCCCCATGATCAGCGACTCTAAGGAGGGATACGAGAGCACGCATAAGTGCTCTGGTTGACTTCATTCATTAACGGGCAGCTCGGAGTCTCCCCAACCTCATAGAATTGAGAAAGTGCATATATAAGAAGCTGCCCCTGATCCGAACCCTCAGTACGTGAGTATAGCGCCGCCTCGATCCTTTGCACAAAGGGCGAAGGTGCAAGGATTGCTCGTGGGCCTGAAGACTGGCATCAATTTTGAATAGGTCGAGATGTGCTGGCTTATAGGCGACTAGCAGACCCCTGCTTGGCGCACTGTGTCGGCCACTACCTGTCTCATACGGAACCGGAACTTGGACAGAACTTTCTAGTACCGCTGATAGTGTCTAGGTTTGCTACTTCATAAGGTTTTCCTCCTAACATTATCACTACCTATCTAGCAACATGGACGTTATAGGCTCGGCCGCGAGCTGTGGCCAGCCGTCTCTAACAGATCGCTAGCCCGTCGTCGAGCACCTAGTGTTTCGTCGGAGGATGTCCGGCTTTGGATACAGAATAGTGGGCCCATACGATCTCAGTCAGGATTGCTGTTGTGAACTAACACCCGAGCAGGGTTGTAGGTCCATGCATTTTATATACGGCACGTGGAACCCCTCTTGGAGGGCGCCCATTAGGACTGCGTTCGATCGGGGCGCCCCGAGGCGGGATCACGCATGGAGTAATCAGTGTTCTTACAATAATATGATGGTGGCTGGATGTTTCGCGATGACTGTTCCGAGAGGCATCTCCGTCGGTGTCGATAACAGGTGTATGAAGCTATTCACGCCGTGGTACGGGGCCACCGGGGTGACGAATTGGATGCTAGGGAGGCACGCACAGGCCTGATCGCCGCTCATCATGACCTTTCGCCTTGCGATACCCATCCCTTCTGCTTTCTTGGCACAACGTCCACCCTTACAATGTCTTTGTACAACTTCACAGGAGTTTCAGGTTGCTCAGTTACGGGCGACGCAAATGCGAGTAAGGATACTCCGTCAGTCTGGACTGCCTTTCTGCAAGCAAACATCGCTCAATATTCGATCGAAGTCTCTGAGCTTATCTTGCTGGCCGG,1855,50.51,Mus musculus
SEQ_735648,CCGCTAAAGTGGAGAGGCACGGAGTACTTCCGGTAGACATCCAGCCCTTTGCAGACAATAACCGCTGTCGTCATTTACGTATGGTAGAACCCCCGACACTCCCCGACAAGTGCTGGCGTCCAAGGCTTGTGCGTTTGCCAGGGTATTGGGGCACTAAACCCACCCGCTGGTCGCTTATCTGTGTAGAGCACCTGCCTCGGTTGTCTCGGGGGTTATCTGCACGGTACTCCCATCCTTCGCCCCTGTACGTCCAGTCTTAAGATGAGTCATGCGATTAATTTGGGATTTACCAGCGACACTACACGGCGGACCATAATTACTTACATCTGATTGTTCCTGTCTTTTTGGCTAGAGCTAATGTGGTTTATTCCTCTCGCATGTCGCATTGTCCACTAAACACCGAAAAAATTGAGATATGCACAAGGCCCGGGTACGTTGTCGGGTTGAATACTTAATGTTAACTATCCAGGCCATCCGCTCTAGTGTCCCTTTCGCATACCGAAACAAACGTAGATTGGAGATGGAGCGGCCAACACCATCCGTCATACTATTTTGCTTCTATTATAGGCAGGACGTAGCCATACCGAACTAGAAACACCGGGGTGACGCTGGCTGGACCCTCTCAACTACGCCACGACGTGCCTATGAGTCTGGATGCCTATACCTCTAGCAGTTAAAGAACGCCGCCCAGGACATTTGGAAACATCTTTTAATGCACATACCTCATAGCGGGCCGACTACAGAGTCATGACTCACTTCTAACCTGACTCAACGGGTCGCGTACTTCTAGCGGCACCTGCAATACCAAAGACGGAGTGTCTGGTTTAGCGCCATCTGCAAGTAATTTAGAAAACTCTGCGATAATGGGTTAGACGTCACGCTGATCGAAACATTCCTCCACTCAGATTTCAACTACGGTACCATGTCTCTTGACGAGTAAGGTTAAGTGTCCTACCCATCGAGATAAGGAGTTTCGACCACGTTCATGGAGCTTTTCACAGGCAATTTTCTACCGTCGCCCGGCTGTCGGGTCTCTGCGCAAGTGTTGCGTTTCCGGACGACAGAAAACAGATTCATACATTCTGAATCATGTGTTCTCCCAGGTTATATCGGCCACATGCTATCCTGGACCTGTAGACCCGCAGCTCCCCGGCGAACCGCCCACAGTAAGTTAGGTATTACTGGGTGGCCTTTACTATCTCTCGTAAGTCAAATGCTCTTTGGCGCTCGCGAAGATTAGCGACATTAGGAGGATCCTCTTTCCGGGTGTTTCAGCTTTATGAACGGCACCTACAAGGGTGCATAATATAGGTAACATACTGTCTGATCTTACGCTCACCGAATAACTACCCTCCAGCGCATCTGTCAAAAATCCTGCTTGCTCGTTGTGCCGACTGAAGATTAGCGAGGTTTTTCCGGATCTGTCACGAACGGTGTGCGCGTTTGCGACGCATATTTAAGTCTATACAAGCCCCTGGTTCTTAACCGGCATCGAGAGTAGTGGGAAAGTGGCGGACCCGCTGATACGACTACCAGAACCTAGGTTGGGGGATCATTTGAAAGGTATACTGCAGGCCGGGAATCCGAGTGCTGACCTGAATTCCTAACGTGATCGTGATTTGTTGTCACTGCCGTGTGTGAGAGAGCTCAGTCGAGTTTAGTGTCTACGTCAAAGTGTCCGATTGCCTCGACATCATTGGATATTCGTCTCGCGTAGTATTATACGGATTTTGAAACTATTATCCAACGCGGTCCGTGGTTGCAGGACGGGTCGAACACTCAGGAGATTCGCCGATTAGAGGCAGTGCTGACTCAAGAGGATCATAAGTTTGTGT,1835,49.7,Mus musculus
SEQ_184227,AACGGACCCAGGGAAAAGCAGCCCTGTGCGGAATGTCCTATCGAGGTCGCCCCCAGGACAAAGGTTGAAGTCTAAAATATGATTTTGGCTGGGTAGCCCTACTCCTGACCGTAGGAAGCTGCTGAAGGCAGTGACGTACGGCCAGTCATCTGATTGACCTTTGCCGAGGTGGTAGGGTACCGAGATTCGACAAATATACAGGATCTACTGTCCCGTAAATATATTGACTCAAACACGTTTATATACTCAGACATTATCTGCCTGTGTTTGTCTTCCTGTGTTAGCAGTGCAAGTTAGCTACTTCTTAAACGAACGGTGAATCGGTCACAAAATAAGTGGCGGGTCGAAATACCCATGCAGGGGGCGACGGACAACAAGACTTTAACAGGCGAAGTCCCTGTCCGCCATGTAGAAGCTTGAGCTTTGATTATGACGCTTGAGGAGGTCGTGGATTTCCGTAGAAAACCCCGTACCAGAAGCATCGACGCCGGGCTTACTATTCCCAGTGAAAGCAGGCAAGCTTAGCAGATACCGACCTTGACCCTACACCCTTGTACTCAGTATTGCATAGCTCATCCTCCCTGTCAGTTCTGGTGTCCGTATACCACGAGCTCGACAACAAGGCCCTGCCAAGCCGATTGGCCAATCTTCGATATGACAAAACAATAAGCGCAAACCACTAAAATCATTGCCTGATTGTGAGCATTACACGAGGAAGGCCCCTGAGATGGATGAGCTGTCAAGCCATCAGAATTAACTTATAGTGGAGGAAGACAATTAAGAAACCACAGTTACAGCGCATAACGTGGAGCCTTGGTCCCCTGTTTAAGAAGCTAAGTCGCGGGAAGGTTAAGAAATTTGACGACCATAAGAAGCGAGAGAGTAGGAGACGGATAACCACAACTACTGACTACCTTGAACCAGGGTAGGTAGGATACAATACTATAATTCGAAGTATCATCGTATGGTTCTCGCCTCGGCAGACCTTGAGACGGCCCAATAGAAGGTATCTCCGTTATTTTCGTAGACGCAATGGCCTGCCTCTAAAAACGTTTGACGACGCACATGTTTACTATGTCTCCTCTTCCGGTCCAATTATTTGCGATGACACAGAAGATCGCTGCCTGGGCTGCCACTACGCAAAATCTCATGTCACGAATCATGTCACCGTCATGTAGGGCTGGACCGTAAAAGTGTCGCAATGGCCAAACCCCGATCTGCGCCAACAGGCGCCCCTTTTTCCTTCCAACGCTGCGGCGGCCTATGAGAACGATTGAG,1278,48.9,Homo sapiens
SEQ_257114,TTTGCAGGGCCCTTTTGAACCTATCCTACCATAATAGCGCCTGCCCGGGCGGAAGCGACGCGAAAGTATCAAAGCACCTACCCCCCGGGCTCCGCAAAGAAGAGCCGTCGCGATTATGGCAAACCGGGTCGCATGCCCTAACGCCAGTATATATGCTCGACACATTGTTGGGACGCGTGGAGTCCGGGGACGCTTAGCTAACTTTGCATTCTGTGGAAAATTCTGACCGCGCTCCTGTTAACAATTCCTTAATGAGAACCGATCTGGGTCAACCAACGGCATTGACTCGGCCGCCGGCGGGACCTTTATTTAATGGAAGCACGCCGCGCGATAGGGAGTCTACACCCGAGCACTCAGCTTCTGCGTGCACCTTGGTGAAGCTGTGCGTGGTTGATTTGTCTGTTCACACCGGTCTATTTCCAGAGCATTTGTGTGAACTTCGACACCTGAGGGCGAGACGTGCAGATAAAATGCTAGGACTATGCCAAGACGAAGACGGCCTCGGAACAGTGCGTTTGTCGACTTACGGGGTAACAATTACTGGGCGTGGACCCTCATAATTCTTGGAGACGCCCAATCACCATCGTGCCACGTAAACTAATGGAATTATCCACGTGTATAACCGGTCCACCATGATAAACCGGGCTCTATAAACCATTACACTGGGCCATAACGAAGGAGGACTAAGCACAACATGGTACAGGGCTCGTATTACCACCCGACCCTTCAGCTACCACAGCGCGGTCCTTAGGTTGAACGGCCAGCAATTCGTAGTTAACGTTTGTAGTGTCTGCCATTACGGATGAGTATACAATTGATTGAGTAATCCCACGAAATGGTAGTCTACTCTTCAGCCAAGGGGGCCGGCTATTGATTCTTAGAAAA,885,51.53,Escherichia coli
SEQ_321314,CCACATTCGCTTTTAACTGAGCCCCCTTTCCTAGACCTACAATTGCGAAGGAGGCATAAAGGGTGGCATTAATCCGCCATGATGAGCTATCGGTCTAACTTCGACACAACTTCGCCGATGTGCGTGCGCTCCCGGCTCCTGAAGCGTCGTATTCTAATCGTATCCTACTGTTCCTTTTGCTTGCCGGATTAGACACTAATCTTGATCAGGAGGTTAAAATCTGTTCAAGGGCTGTGCGTGTTCTAAAATCGCTCTGTTCAAGCGGACAACAGACCAAATAACCGCAAAGCGGAGCATCGCACTAGCAGCCCTCCTGTTTTCGCCCGGTGCTAGCAGTCCCCTAGAATGCACTGCCCCGTAATCACATATTTTAGTCGCTCCACTGGCTCCACGTGTTAAGTTGGCGTTCCCGGCGAGCCATCTTACGAACCGTACGCTCAAACCCCGGTAGCTGTCTTGACTAGGCCGGGGAAGTTCCTGCCAACCGAAATCCATCCCCCCGCCCACCGCCGGTTCCAGCTAGCACTCCTTAGATTCAAATCCCGGCCCCCCTCTAATATTATTAACACTTTCCATTGACATAACGCCGTCTAACGGTTTCGAATGCGGTACCGCAGTCCACTACCTGGCGTATCCTGCACGGTTGCCATAAGGCAGGGAATTCATTTCGATGGACAGCGTTAGTTGCCAGTGTTCAGGAGTCGTGGTTACCCTGCGTTTCTCCATTCCACATGAGGTCGGGCCCATCTGTCTGCACCTCTCGCTGCAAAAGTCCTTGGTCTCTGTTGCAAGATTCCGTATTGAGTCCACGGTGCATTCTTTGGCCATCGATGATGACACCTTTAACCAAGACGCACGCATCTCTGTCGGGGAGATCTCATAACTAATCATAAATTTCTATTGCACTGGCCGCACGCTGAACAGAGTAACACGATACCCTGATCATGTAGACAGCTCATATTAGATAATTGCTAGATTGCATTCGCCTGTTGTCTGCATTACACGGATTTGTTGCCGGGCTAGTATATATGCGCGAAGATTTTACGCGTACACTATTTTTGAATAGGGTCCACTGTAGCCCGGTAGGGTCGGCATCTTTAAAAAGAAAGGCGTATCGTGAGCGGAAGAGAGAGAGTCCTACCACACTATAGTGGATCTTGAGTGTCCCCCCGGGTATATAGTCTACTTGGGCGCTGCTTCCCTTTGATCGCTGATCTTCGCCGTCCATGATACTAGCCGCAATATCGAGTAAGGTTATAGCTCGGCCGTCCGTAAGAAGGTGCCGGTAATTTAACCCGGTACGGGATCGTAGCCTGTACACCCGCTGACAGAGATAAGTCCGCGGATCCAATCGTGTGATGAGTAATAGAGCTTCATCATTTAGGTTCACTGTCATCACCTATTTGACTATGCACATC,1418,50.21,Saccharomyces cerevisiae
SEQ_938742,ATAACGAGTTACAGTGCACACGAATGTATTGTAGAGTCGGGGCCTTGACTTCATGAGATCTTGGACGAGCCTAAACTTGCGGGCACTGTCCCCACTTTTTTCGGTCTCCGCAGTCTCAAGTTCACACCAAATCACTGATGGGTCCTGCCGCAGAGTCCTGACGAGACCCCAAGGTCCACAGGACGCTTAACCGCTCGTCCTTCCGGAACTATCGACAAACACGGTAACGCTAGTGCGTGGACGTGTTGGTGTAGCCCGAAGAACCGAGGGCTAACATGCCAGCACTATACACGACGCATAACTTCTGGAATTGCATGGGGTTCGATGCTACGCCCCAATGTTCTTAAATAATCTCGTAGGTTTGGACCTAAGAAATACTAATCCATCTAGACTAAACTGTTAATCGCCCGCCAAATTGTGAGCAGCTCAGAAAAACGCCCGCAAAGCAAGCCCCTTTTGCGTGACATTCCGGGCAGCGCCGTTCACAGAATTGCGCGCATTAGGCGGGACGCAAAAGTGACCTTGGTCTTGGCTCTTCCACAGAGGTGTCAGAGACTATTCCTTCGGATACCTCCCGACTGGGGGTGCACATCTGAAACATTGAAAGGGATACCAGACATGCAGCAATGTGCTCGCGCGTACCGCTGACATACGACCACACGGCCCAGATCGGAGACGGGTCCAGTCTGTCCTTGCCCGCAAACTCTCAAATATACGCTTGTGAGCTTGTAATCCGTACGGTCAGTTGGAGCTGTGCGGGTGTACAGGTCAATCCTATGAATTCGCAGTGGCCGGCCTAGAAAATGCTAATCCCACGCGCGCGTAGGCTCTCGCGACGTGTTAGTGGTAATAGTCTCCCGCTACTACTCTACCCGAATCGTAAGAACTCGATCAGGTTGGACCCGGATTGAATTCAACGATTGCTTGTCCAAAAAGTCGAAGAGGTAATTCCGTGGTGCGACTATCACATCGAGCTCGCGATACTTAAGCGAAGAGAGTGCCGGGGAATCTACGAATGCGACGATGTGTGCGTCCACGGTTATGAGCCTAGACCTGTATGTGGCTAGGGTGGAGCGGAATTGTAAAGATCCTAGATCCTGTTAGTAGGCGACGCAGCCACAACGATGATTGCGTTTCAGGCGTGGCACCGCTGGGGATAGCTGAATTTTACAGTTCGCTGTCAGTGTTACAGCTACAGACCTCGTTGGCGACTATGCGCGTATTCTTCTGAAACCCATGCCTCAGGCCGATATGTGTGGCGGACGCCGAGCTCACCGAGCTTGCCCTCCCCGACTCAAAGCGAGCTTCTAAACCCTCATCCTTGCTAACCCATAGCCAAAGGATGTAACTATATTTCTGATCGTGGGTTCATATCCTAGCGCTTCCATCTTCAGTACCCGGTGTGTTGGTTGAGACCGCTTGGAGTGCGAGAAACTACGAGAGTCAACTGGTGTACATCTTACCATAACCCGACGAGATCCGTTGGGACCTGGGGAAGTATGGCGGTACCAAATCCTGCTCGCTATCTAGACGTCACCCCGGGTAGAGACAGATTCTGGACAATCGACTCGACAAGAAGCGAGCGTATGTGGCTGAGGTATGATTCGGCCCCGCATTGGATTACCAGCACGTTTCAATGCAATCCGCCCCAGACTGCTTGGCGACCCCACTGTAGTTCCCGGCAGGGGACGGCTGCCCGCAATGAGCTACTTCACCCGTCGCGTTAGGTAGCAAGAGCACTGCATGCCCGTAAGCGTCCACATATAACATGCCCAAGATGCCCTCAACTAGTAACGTCGATGTGAAATGTTGCTGGTTGACGCATTTACACTGTTCTCCGTCTATCCTACCCACACACATGTTGGAACACGTGACCATACCCCAAACGCGTACCGTTCGATGGCCGACAATAGTGCGCTTAGGTTTATCGAATTCATGGCTGCCCTCTTTTGTCTTTGTGGGATAA,1966,52.34,Mus musculus
SEQ_615291,GTTTACGCAATAGGACCTTTCGCCGTTTCCTGGCATCAATGTCTTCGATCACATACTGTCTGTCCTACTGACACTGATCGCAAGTGTTAGTAACGCGCTTTTCGCGCGGTCTCACTAATTCGCTGAGGGGAACATAGCTCCCGATGTAGTTGCCCGTTAATGGCAAAATTCGTGAGCAAGGCCGAGGTTCCTACGATAAACGGCGACTCTGTATGTTGTAACCGATTTCCGCGTCACACGGAATCTCCCACACCCCTGGGCCGAGTAATTGTTTTCCAGCCGGAAACACAGCCTCGAAAGTCTCATGGCAATTTGCGCAGATCTGTCCTTGCGCAGGGTTATTGAGGTATGTGTCGTACGGTGAGATCATCAGATTGTCCAGCCTCCGCACAGCACACGATCGGACCCCTCTTCAACAGTATGCGGCCAGACAACTTAGTGTCTCAAACTCGACGCGACACTGAAAAGCGGTAGGCGGGACAGCCGCGGCCTATGCAAGTTGTTGGACTGCGTGATCTCTGTCAGGGTGACGCCTCGTCGGATCGCGTATCGCTTTGCCCTTATGAGGCACGTATCTCAGACTCAGAATTAATTTGTCATAAACACTCGACCGAAAGTCGTGGTCTTTCTAATTGTTGTCGAGCCCTTCGAGGGTTGAGCACAGCGGGAATTATATGTTTCGTAAACGCGCATAGCAGACGGTGTCTGGCTCGTGTAACACCTGTTCAATAAAACCGGCGCACTACTTCAATGGTTGGGTAGGCCCTCGTGAACGATGACCACCGAACACGCGGCTGTTGACGGTAGTTCGCTCTACGGGCAAGAGTCGAGTCTAAAGTGCTATCGCGAATTCAGAATTCAGAGCCCCCAAATTGGGAGCATCGCAATTTATATTCGAGGACCTTCTGCCGGGGCGTCCAACGCAGATCTGAAGTGATTTCTTAAGGGGTAAGTCAACGAAATTCCTAGTGCTGTTCCCTAAATATACCTCCCTGGTCCACACGCTGGCTGGCTCCCTGAGCCAACTAGCGGCTCAATTTCTTACTCTCGGAGCGAAAGCACCAATGCGCGCAACCCAAGACGGGGCAGCTCATTTTCCGTGCCTGAGGTAAACCGATACCACTCAAATCATGCCATGGCCTTGCCAGGGTGAGCGGAGAAGCGCTTGACTCGTTGAAGCAGCCCCGGTAGAGCGTATCTGTAGATTTCGGAACTGCGCGCGAGAGCCTAATTAGTGAGGAGTGCGGATCATCAACTCTTCAATACTGCTACGGCTGATCCCATGCTCTCTCCTTGTTATTGGCGCGCATCCACCGTCACCCCTCGGAGGCCGGCGTGCCAATTGATGCTACTGAATCCCGACAGTGGGCACTGACTTTAATAGAACATAAACTTGACCAGCATAGACTCCTCTGGTATTGCACCGCGCGTAGTCGCTAGGAGCCACCTTCGAACCGAGACCCGATGAAGTTCTCCCTGCCCTTGGAGTCATGTGTTGGTGCGCTAGTGCGCTACCCAGCTAGCGTATCCTCGGATTGTGTACAACTTTATATCAGATCTCAGAGTGTTATTTGTCATCGTGTGAGTA,1588,52.14,Saccharomyces cerevisiae
SEQ_896334,GAAACGTACATAAAGCTAAATATATCCGCACGACAGGGGCATAGAAGAATACGGCTCGATCTTACGTGTAATCGCGCTAGCCGGCCTGTTTGTACATAATTCCCCTACTGTCGTACTGAATGGAAGGTGGAGCGGTTTTTGTAGGTGCACGATCGAAGGGTCCGTTTTAGGGACGGCTAACCTGGTCGACTAGCGTCATTCCGATTGCCGTGGGATGATCGAAGAACACCTATGCACAGCATTCGATACTAACATACAAGGTAGCAACAAAAAGGTCGCGTAAGGATTTGGTCCACTGAAGCTGTAAAGTATTCCGGGTTAAAGTGCTGTCCTCGCACTGGTGACTCAGTGGCCCGGGGCAGATTGTTTTTCCTCCTTAGCTAGGCGACTACACAACGGGACACCTGAGTTGGCACCTCGGAATATAAATGCACCGGGGACGGCTTGGAATTAAGATAGCCTGAGTATCCGAACTAATCTCGATGGGGCCGGCCAGCTTAAGCTCCCGTTGCTCGAGGAAGTGAGTCAGTAACAACTCGTATGGGTACGTTCGCACTGAGGCCTACGTGAGCACGTCTGAACATAGATGTCAATGAGGTATTCGCCCAGAATTTGCGAAAATCGTTTGGTCATGAGACAGCGCCCTGAGTCGGACTACCGTTTGCAGTGTGGATCATAGATAACAGACTTTGCCCAGAGTCCGTCTTGCAGTCCCCCTGTGTTAATGAAATAACGACCTGCGACCAGAGGGATCCTTAGGAGGTGTCGCTTGCAAGCCGTGCGGGTATTACCTTTAATTATGTTGTTTTCCTCTCAGTCAGGACGTTAACCCCCCTCGCGTCTGTGAGAAGCCGGGATCAGCTCATTACCCGCGATTAAGATTGTCATGGTATTAATGTGCTCTGTCTGTACGGGCAAGAGATATAGGTCTGGGGAACATTCTTCCTTCGCGCTTGATTGGGTTTATAGGAGACTTTTTCGACCAGAAGAGATTGCACTCGAGTGTAGTAGAGAGTGTGCCCAATACATACTGCTTACGACAAGTCGGTCCTGTGATGATATTCCATTGAATCCATCAGGCGGCAACTCCATACAAAACGCTCTTCAAAACGCCACCCGTGATCACCCAACGATAGCAAGACGAGTATACAGTAACAAGCGCCTTGGCACTCCGCACAAAACGGAAACTGATAAGCATGTTCCCACTCGTCCGAACACCTGCCTTGGACAAGGAGCATCCCATAACTCTCAGCCTCTCTCAGCAGGGGCCGACTGCTGTCTACCTTAGATGTCCATACAACTTCGTACTCGCTGAAAGTGGGGTCAGGGCAGTTCATGCTTCGCAAGTATGCGGCTTGGTTATTCTTAACACGACGCACTCTAGGCCTCCTGTGCCTAATGTAGACCATCTGGACATGGCTGCCACGGTCTCTTCAGGGTCCACCTATATTCAATCATCTTCCGCAATTCGCGAGCACGGATAGTTTTTGTCAATTAGTCTGGCAATCTAGTGAAAATTTAACTTGGGCTCACGGCACTTCGGTTTAAACGCGTGCGAAGCATTTACTCTGA,1572,49.55,Escherichia coli
SEQ_171413,CTCATGACTAGTTCCCGTAGTTAGAAGGGGAGGTTTGGAGTGCTGGAAAACCGGCTATCTTCCCTCATTAATGCCCTCCTCCGAGACAGGAAAGCAGGCGCCGGGTTTAGAATGTTCCTGCGGTTCGCTAATTGTCGTGTATTGTGTCTCAGAACGGTCGAACGTCCTAAATAGTGTCCCACAGCGGTAGGCTTTAGGATACAATGAGATTCACTCCGACCTAAATATACCGGACATATTTGTATTGGTATTTCAGGGAGTAAAATTGTATGACTAAGGTAGTTATGTATAGTATATCCTACAAGGTTGCTAACGAACTAATCAGCGACTCTAACCGGCATTATTCCTGTGGAGATCCAGTCCGCTACAGGCTCAGGGTGCTTTAGCCATTCCGTCTGGTTCATGCTCTTACCGATGTATATCTGTTGAGAAGCTAAATACTAATGAACGGCATATGGTTTAACAATTGCAAGGAGGGGTTATCGGGCTGCCTCAGTCAGTAAACAGGCCCATGTCTAGAGACAGCGTGTGGACTGGGTGCCCTCAGAGGTGTAATCGTAGTCCCTGATTCATCAGATATCTGGAAATAGACAATATCAGGAGATATTTTGCGGCTGCATTCGACCGTTGTCCTGTGTGAACAATTGGTCGGAAATCCACGTGAGCCCAGGGATACTTGGGCGCCCCAAAGTTGGACATCTGGTCTAGAGTGCCCCGCATACCAGCGGATCCCCCTGTCGCTACTTGACGTCTCCCTGGCAGACACGGCTAGGAACGCTATGGAACCCTTTGTCAAAAGTAGGATAAACAGCCATAAGTTTAATGGCGTAGCGTATTCTGGTAGCTCACCTAAGTGTGGCTATTTATCTCCCCGTTGGTACCCCAGTATCTTTGCCCGATATCTGGGGCGCAAGGCGACTACGGTCGAGGAATTGTCCGGGCACGGATTAGTGGTCTCTCAGGTATAGCGTCCTCCCCAATGTCCATGGATGTCAACCAATATACTCTACCAATTCCGATTATCGGTGGCCAAACATAACGTACGCGGCAAGTTTTCTCGATTTAGATAGTTGTGGTGGTTTGAGCAGTTCCATTCCAGTTGAAGCACAAACGTGTTCGGGCTCTCCTATGAGTCTCGTGATGCATTTCCTGTTTACCTTTGTATACTGAGACGAAAATGAGGATGAGTGAAATCGAGATACCTCTCTACGTGCGGTCATGTGTACCATCATTGAACAGCCTGTCTGACAGCGATAACCTCACGCCACCTGCTCGGTCCTACAAAAAATCGAATGAGTCGCGCTAGCGGATCGGCTAGGTAGAAGTGTGCAGAGTAAACTGAGTTCATATAAACTTTCGACCGCCTAGAGGTTGTGTCATCGAAGGATCGTCAGATCTCCAGGGGGCGCGAGGGGCATGACTTCCTTTTTATTTGCACCCTGTCAAATCACAGTACGGCTCGTCCGTTTCCGTCCCAACGAATTACCGGCGCATCCCAGGCCTAGCATAGTGCGCGAGTACAAAATAAGCCCGAATACCGCGCACGTCCCAGTGGACGGCTCTCCCTACCCTGACTGTAAGGAT,1584,49.12,Escherichia coli
SEQ_979107,TCAGGGTTCGGGAACGGATTTCTCTTAGTTCCGCAACCCTTGCTCTCGTACTCTTGTCGAGTGATCAACTACGATTATAAACCACTTTTACGCGATGGCGTTTGTAATTAAAGGATGCTCATACGGAACGACCCTGCCGTTTTACCGTTTAGTATTTTCAATTTTTACGGTGTCACATTTCCTAT,185,42.7,Mus musculus
SEQ_205140,TACTCGGCTTGTACAAGCTAGGTTTAGGACCAACGCAAGAGACCTTTTACCATAGCAATGTGTATTAGCTCCGCAAGAGCAAATCCAACGCGGAGTCCTGAACACGATTCGCTCAATCGGTTTCGGTGGCGTCAGGGCGCGTTCCCCCTCGGTAACTTGTATCATTGCCTAGGTTGGGAGTCGCGTGTTGAAAGTCGCATTCAATAGCAGACACAGCGTAATCGCGGGATGCGTGTTGTGTCACAGCCGAAGCGGTCAACGAATTGCATTCAGCTTTAGTATGTCCTAACTCCCTCGTTTAACTGATCCTTCTTCAGAGATCCGAGACCGGGGGGGCTGCCACAAACGGTGATACTTGACGTATGCCTAGTCACGTTAGCAGAATGTCTAAGCGATTTCCATGACATATTTTTTACTTGCCGATGGTGAAATACGGCGCGCCCTGTCTGGCGCGGACATTGGTCTGCGGCAAAATCCGAACCCATTGGAGCGGCAGACGTTCGTGGAGGCCTCCGGGAGACTATATTGCCTTCAGGACGGCGCACTCAATTACTTTCATGTTTTGCCCCG,570,51.75,Mus musculus
SEQ_178115,GCTATGCCGCGTGTAGCACTAGTCCGTTCCAGAGCGTCTCACACAGGCGGTGCACTTTTTTCTCAACAGGTCCCAAGACCGCTACGTAGGGTAGAGGATAGTTCCTCTCGACTGGAACCTCTAACCTCGTAGTACATTGATGGCTATAAATGCCCAAATGGCTTAAGTACGGCCCCGTGTTCGTTGGGATCGAAACAGGCATACTTGCAAGCATCGGGTAATCATGAGTCTATCCCTCAGAGATGATTGACCTTTTTCATGTAGCTAGGTCAGTGGCGAATCTGGTACGCCATTACAGTAGTTAACCTGTTATAACGAGGCCAGCTCGGACAACCCAGTCTTATACCTATGCGCTTGACTGACGGGTATTTTCGGGCCGGAGGTGGTGAGTGATGCCTGAGATCTATAACCGTAAGGCGGTTCTAAGATGTCACTGCGACTCAAAACCAGTTTGTCCTATAGCAAGTTGCGTGCAGAGCCGGCCATCTAACTAAAGTTTACACTTCTGGGATGATTGGGGGACCCACCGAGACCAACCGGCGGAGATCTCGCACTGGGGCTGCATTCCACAAATCCGAGTACGGGACCTCCCATATTATTAGGTCCTGGTAACGGGCATGAGCCGTAGAGAAGTCTGGGAGTGGATGTGCGATACCTATAGGATGCAT,668,50.9,Saccharomyces cerevisiae
SEQ_758870,TAAAGTCCGTGAGAACTTTAGTACTCGGTCGAATCTACCCGAATTGTGCAGCGGGGCAGCCCAGTTAAGCTACGTTAGACGGGCAGTCGCCAGGCCGGGGAACATCGACGCACCTTGAATTACACTGAAGTGTGCAAAACATGAGTTCAGCTCGGGTGAAGCTACATCAAGTAAACCTGTTGTATTAATACCTATTCCAAATGTCGATCGGGAAATTATCGTTAAGCCAGTACTCACGGAGTTCGAAGTACATGTACTATTAGTTCTAGGTACTTACTCCTGGGGACGTGTCGACTACATACCAAATAATGTGCTAGAAGGTGGCGAGGACTACATAGCCATATGCAATACTGGTGTATTGTAAATGATTTGCCGACAGAGCGGCAGTATGTAGGCCACCCCGAAAGACTGATCGCATTACTGGGTACTATTGCCATACTCTAGTGGTCGCGTTATGCTGGCCCCATGTTCCGAAAAAATAGTTCAGATCAGTGCGGTCCGTTCAATTGTTAATAGGTAAAGTATTCTTAGTCTACTTAGCAAAGCCTGGCGAAGTATCAATTGGCAGGTGAGTATCCATACAAGATATCATTCGACACTGCATATGTTCCTCCGACCGCCTCGCCGTTGAGGCACAAGGAGGCTTCTCGTTATTCACGAAAACATTGTATTCTTGCAAAGGAGTCACCAACAACCGACGGTACTAGCCATCCAGTTTATACCGACTGGGCTAAAAAACAGTAGAGATACGTTTTTGGAGGGGAGCATCAGTCGTCCGGCTGGGACAAGTGCTTAGACTAGACCGGTTTCTAGAAGAACGACATTCGAGATGTGATAAATGCTCATGACCAACCGATGTACGATTACTGAGCCGCAAGATCACTTATAACACTTTCAAGGGAATTATGCACGGTGATTCGGTTCTCATGCAACCTGGTCCGAGTATTTCACAGGTCCGGTCCGGTTATGAACGAAACTGGGCCGCTAACGGTCTTAGCGAGATTATTGCAGGGTCCAGGTCCGAAGCATGGAGTAAGGCCGGGGTTTATCAACATGAAAGAACGATATTTAACAGAAATGTGAGGGTGACGAGTTTGACTCGAGCTGCTGCTTTATAAATAACGGTATCCTCGAGCGTACAGCGAGGGGGACTTCGTAAAGTAAATGTCAATATGGTCGTCCAGCCATAGGGCAATTCCCGCTGCCCTTTATAGGCCCCATACCCTCTGGAGTGCGCACCATGGCCGGTGCTTCCTGAAGCCCGGCTGATAGCCTCAGGCTTATCAGCGTG,1291,47.79,Homo sapiens
SEQ_761069,CGGACTTTGGCGGGACAGAGCAATAACCCCGTTGGCTTAGGTGACAGGTACCAGTGCAGACACGCTGTAGGATGCGGAGTACGTGAGGTACAGAGGTCTGCAGCCCCGCGACGTATGTGTGAATTTGATCGTAGTTAAGTGTGCCTGGGGGGACTTGGAGTGGCATCGCAAGAGGTAGGTTATGCTCTGCCTCTACTCGCAACTTCACATATCTAATGCGTGGCAACCCCGTCGGTAAATCACGTCGCTACTCCTCCGGTGCCACTGCAGATCTTTTGCCCATCAGCAGTCAAGAAGGTTGCAACCCAGGTCTACGGTCCTACATCCTTTCACGGAAAGATATGACCCTAGAGGAACCTGTTTGCAAAGTGGCTGTACAGCCGCACACGTCAACGGGACTTCAGTCCATGAACTGGGTCCACCCGCGAGTAGATCTATCCAAGATGATAGCCACAGCACTAGTGCCACGCCACTGAATTTGTTCTAACACCTCCGGGTTCCTCCATCCCTATCACTGCATGAGCATTGAATGACGGTCTCGATGCATATTGTAGGTGGACCTGTAACCGTATGCATAGGTAGGACATTATGGTTCACGCGTACTGAGTCCATAGTACGTAGCTCCTATCCGTGCCAAGTGGCCAACAAATTTTACTCAGCGAGTACTACGTCGGCCTCATCACTCGGTCTTTTGCCGCAATCGCGCTGATCAAATGCCCAAGTCCCACGTACGTCATTTGCCCTCTAGCGATACTCTTTTCTCTTAGCCAAGCGTCCCGACGCTACCTTACTAGGAACCCGCTATTCTGGGATCTCGGTGGGGTACCATCGCTCACAGGTAGATAATGACACAACCATAAATAGAGAAGGTGAAGCCACCTGATAAGACAAGCCGCATTGAGATCACCCCTCGATTGCGGTCTATGGCGGGGTGATCTGTTTAGAGATAGAAATCATTTATCGTACCTAATGATCGGTTGGGTCCTATCGGAGCTCGAATCGCAACTTGCAGTTACTCTCGGGGGCGGCTCTCACGCTGTATGGATAATCCCCGTGGGTTATGAGGTAGCGCTTGCAGTCTGCGACTTATGAACCAGCTTGCTAACTCGGATGCCTACTAGTTACAGATAGAGACCCCCTTGCGGAGTAGATTCCATGATGCTTCAGTAATACGAACAGGGCCGGTCTCAACTGC,1195,51.63,Saccharomyces cerevisiae
SEQ_598364,CAACTTCCACTGCGGTTCAATACTATGCTCTATCCCGGATAATGCCTACACCAAACATGCTGACGCCGCCGTATCGTGCCGAAAGGCGGCAAAAGAGACCCGCGGCGCTTACTGCTTGGTCGGCGCGTCAGTGACCCGGCGCTGCAGGACATACCCTCAGCAATTGACTGGAGGGAATCGGGCTGCTTGTCACCCCTGTATAAACGGGTTCGTCATCGCGATAGTCGTCTCCCGGAGACGGTACGTGCTGATCCAGACAGAAGGTGCACGCACCGCTGCCCTTTTCCCGTGCGTCTGGTCGAACGTAGCTAGCATCCATAGCGCATCTTAAGTGTCCTGAAACCATCCCTTACCAAGACTTGGGTCTGTCCTAGCCTGCGTCAACTTTAAGAACTGCTGCACAAAAGGAGAAAAAGGGGCAATTGTGTTTATATCAGTAAACCGAATACGCTACTACCTTAGGCATGTACGGTCCCAGATAGCTCATTCTTCTTCCAAGTCTGTGGTACGTCACGATGTAGGGCGACGGATCCCTGTAGCTAGGAACCGGCAAGTAATAGCGGAGCATTAAAACTCGTCCCAACCTGTTTTCGACGGCTAAGATCTAGGGGTCATATCAGAGCCTTCAAGCCGACCTGCGACACTGTTTATCAGTGTGATGAGAGGCTCTACCGTGACACGGCAATGCACATGACGATTCCCTTAAACAGCTTGTAATGTAAAACGGTCCAAGTGTGCGAACTAGTACTTTAATAAACGTAAACGGACAATCACTACCGTCCTTTTGGATCCACAAACAATCAACATCTTCGGTTGGCCCCATGGAAGTTAGTCAAAATACGGGCCTGGATGTCTTTGCACTTGCCACGGTAAACCACCGTAAATTGAGAGTTGTCCGACGGCAAAGTTCATGAGCTGCCGTCAAATTATCCCATTATCGTTAGTGAGCGGTGTGCCTAGATAGAGTTAAAACTCATAAGTAGACCTATTCGTCATGTAGTGCTCAGCCTGACC,1014,50.2,Saccharomyces cerevisiae
SEQ_847824,GTCGACCGGTTGTAGGATAACTGGCTACAGCGTACAAAAACGACTGACTTAAGATTAGCCTCATCCACTCGTAATTCCGATTATCTTGATATTCGGCTTTTACGATAAGTTACAACTGGCAGAAAAATCTTACTCGTTATGACGACGTGTGCTCTCCTCCCATAATGTCAGCTGCTTCACCGGTTTGTATGGTATTAGGACACGCTCTGTACACTGTCACGTGTTGACGGCAATGCAGCTCAGGCGGATCACATCATCACGTCTGAGTCCCATCATGGTATAGATTTGGGGAGTTGTTCGCAAGTGAACCCGCAGCTTGTTCAAGATAGTATGCAGTGTTCCTCTGCAGTCCACCTAGCTTGAGTGAGGTAACAATCGCATGCGGCTAAGCCATGCAATTAGCGCATAGGTCCGTGTGGGAGTTGCAATCGTGTTCGCATATAGTGCTAGTGCTATATACATTGAGCGATACACTTATCCTACCTGAGGCGGTTCTAATGCAGCTGGGTACCGTTCTTTCTGTATATCAGGATCTAGGTGCTACAGTACAATAAGGAATGTCAGGGTGGCTTTCAGTGACCATCGCTGAATGCGTAGGTCCTTCGCGTACGTGAATCGGACCTTACTCATACTTACGGGCCCCAAGAACCTGGAAAAGGCGGTTTCGAGATCCGTATACATGTTATAACCATTGGGAGGTCTAGAGTCGGACAGATGACTATAATTGAGAAAGATCCACTCGTCCGTAGCTCAAGTTCGTAAAATTAGTTTTATACCAAACCGCTAGTTTGCGAGGAGCTGTGGTGTCTATCAGAAACAGCGGCCTCTTATACAGCTGCATATGGGGCTCTTCGCTGACGGAATTATCCGGCCCGTGTAGTAATAACTGGCGCTTCCGACAGGTAGTTTCAACGGTAGTCCGTGCAGCGGCCGTCACGGGCTCCAAGATTGTAATAGCATCGCGCCGTGGACGTCCTGCGGATTTTTCGCTATTAAAGGCGTATTAAGACGATCGAGTTATAAAACGTTACTGCTCTCCTTGTGTTAATCGCCACTTACAGGCCTATCGTATCTCCCTGCTTTCACAACCCGGTGAATTGTCATTCGACTCAATGGCGCCTAATCGGCCCTTTCCCGCGCCCTCCTAAGGCTAATGGAGTCACTAGGGTGCCTAACGATTCGGTAGGGCGCCAACTCCCTGTGCTAGAAGGTGTGTGGTGCGCAGTAGACGCTTCAGAACAGCTCGCATTTCCCTATACCTCCCAAAGAGCAGGGCTTAGCGGGTACAAGCGTATCTGTGAACCTGACTTCGCATTTAACGAATTAGCCTCCACATTTATGGAGAGTGAAACATCGACACCTACCGTGGCAGGCATAGCTGGAATAGCATTCTCTCCATACGATAAACGGGAAGATACTGATGATCCCCTTCTGCAGTGGGCGGGAGTGACGTCCTTCTGACCGACTCTCTAACAAAGGTGTTAGAGGCACTCGGCCCTTGAGCCTAATAGCTATGTGTATAGATTATATCAAAAGAGCGCTTAGCCCCAGAGCGTGAGCTAGTAGTGCCAACTATATGCATGATCTTCAAAGTCCTATTGGAAGGAGTTACGTAATCGAACAAGAAACCTCACGAACATACATGGAATTGCGTAGACCAGCCACAACGTGAAAAGTATACTCGCGCTAAGGAGCGCGAACGCGTTGGTTTGA,1713,48.51,Arabidopsis thaliana
SEQ_748932,TATTTTAGCGAGACCCTGTTGCTCACTGTGGACAGTATTTCCGGGAGGGATTCGCGCAAGGTCTCCCGTGATCTGCTACGCCGAGATCGTGGCACGACCTTTAAGGATTCCGGCGGTTATAGAACATAAGATTTCGCGCATATTCAATATAGGATTCACCCCGTGGTCCCGCTACATCATCCGATCACGACGTGCGTCCAATCCGAATTATCTGCTCTTCCCACTCTTCATAAGAGGTCTTCTGTATCATATTAGCTCAGATTGGGGGGTGCTAAGCCCGGGCGCGTACTGGTACAATTCCACTCACTCCCACGCTGACGGCTTAATTCAGACCCACAATCACCGGAGGGGGCGTTTTATCCGGCCGTCGTCTAGACCTGAGCGGGTCACACCATCAAGACAACGGCCTTTGTTCACAGAAGGTGCAGAAGTCCCCCCCGGCTTTTTAACTGTCGCTAGCCTACACATGCTATATCAAATATTTCCCTAGTGTTGAGAGGATACCAAGTCCACTAAGCGGTTAAGTTGGTGGGCTCTGGTTTCTTCACGCTAGTGAGCATCATACACGATCTCTGCGCAGCTGACTCAATTGTGAAAGGTAGGTGGCTTCAAAGGTTGCAACCGTAAATTCGACCAAGCGATCCTCATGCTCAGCTGGCGACCCCCGACCGGCGCTCTCTGGGGGACTGCCTAACGCGTAGACGGGCGTTTTTAGCGATTCGGCGCCGTTCCACTATGCCCAATGCAGATTGACACTCTCGCTCAAATGTTAGTTTCTAGACCTGCATTAGCAAGGGTTCGTGGAGCGACTCTGACTGATGCTAATGACAAGAAGATGGGTAGGACCCCTCCCAATCCCACATCCTGCCATTCCGGGGCTCCTTCAAGTGTAAGAGTGAGAATCAAAGAGCCAGATCATGCGATTGGGTGTTCTTCGAACTACCGGCTTGGGTCTTCTTTCAACTTGAATGTCGGGGTTGCTGAGGAGGTTTTTCGTGAGTGTATCGAGAGCCCCCGTGATGAGGGCGATCTTCGCTGTTTTAATGCCAATCTTTGTAGTCGCCGGGAACACGTGTGCCGAAGTGGACGGCGCTGACAGGATAAAATGCTACGTTAACGGAACCAAAGGACCTCGGGGCGTCACTGCAGGGAGGGGTCGGCAGCCTTGTGAGCGCAAGGGCTTAATAGATGAATAAGTGGGATCTGTGTGATGCACAGCCCGGCAACTATCTAATTGTCCAATTTGTCAGGGTCCTTCCGGCTCAGTCCCCTAGATATCTCCAGCGCAGCCGCTTCAACGCCTGCCTGCGTAGCACGGGTTACGGAACCAAATCGATGACACATGCCGGTAGGGCGCAATCTAAAGTGAACTATTGGAGTAGCTCCGCTGTGCGGGTGTTCTACTGTTACAGGACCCTAGTGATAGGGCGAGCCTGGGCAATACATTCCGGACTCTCACTTCCTAAATCGCGTGCTCCGACGATACACGGAGATCCATGTGAGGAGATTCGATCCCTCAGGTTCCCATACAATGCTGTATCGGAAGACAAGATTAACATCCCGATTCGCAACCGTAGCCAGTTGAAAGTCCAATGCGGTGACACCTGTACAGGCACGGGTGACTGTCTTAGACGCCGGCGAACTAACCGCCTCTAAGCGCGCCATTTCGGCGGCAACACCGTTAAGGATAACCTATGGTGGAAGGTACCCTGCTAGGTCACGAGACGGGCTTTCCGAGCCGTACCGACCTTTCCCCGGCGTTCACTTCTCTACAAGGAATGAATATTGTTTTGAACTATATACAGAACCTCAAACAAACGGATA,1824,52.36,Homo sapiens
SEQ_483449,CGTCGACTGGTCAGGTTTATGCGATTACACAGCTCCCAGCACGATTAGAGGGATTTAAAATCGCCCAACAACCTCAGCGTCATCCGCGATCGGCATACCTTTCGTACCGTGACGGACTTTGGATGAGTTACATTTCAGCTGTACAACCCAGGCATTACATGGTATCACACTGGTGGCATCAATTGACTCAGGGGAATAGGCTAATGGTGCGCCGCAGGATTGAGCACACTATAAGTTCGACGACCTTTGTTAAATGGTTTACTAGGGCATGGAAGGACCCTACTGACGGAGACAGAAAGTCGTATCAGTCGGCCATTCTCTATACGTATCACCCCGCTACAGTGAGGGGTGTCCCTGCTCATCCTATCTAATTCGAACAGACTTGGAATCTCTCCCCAGTGAGTAAGTCCGCATATGCCTAATTACATACCCGCCGGGGAGATATCCACTTTGCGGGTGGTGTGCAATCTCCAGGTCTAACAAATTTCTTGGCGGGCGAAAGTAAGCGTGAGGGTCCTCCAATATGCAACATAAATGTGCCCGGCATTGGACTCAGAGGCCCCGACGTACGTCCGGCTTGGACCCGAGTTGCGATAATCTGACGAGAAAACTGTCCCACATTGCTGTCTCTACATGGTAGCTCGGAAGTCCACGCACATTTAATTTCACCATCGATCCCCACGCCTTGGGCGCGCTAGGGAGGAAGGCATACCTCTTCCATGAGGTTTCGCCAGGCCCCGGTCGACGGGGAGGGGTCGATGTGACTCGCCGCATAGAGAGACATGCGGAATCTGACCCCACGAAAGGAGGGCAAGACAGAACCGCCATAGACAATGGCATATTGGTTGCGGTGCTGTGTGGTTGCTAGCACTATGGTACCGTTGAGCACTCTTATACCTCCTCCGATCCCATGTGCTTAATAGTAATGCCAAGAAAACTGGAAACTGCTCTAGACTATCGTGGAGCCTGCTCGGACCAGTGCCCTTTTGCTGAAAGGCATGTGCTCGTACTTGCCTCTCTCACAAGATGTCTCCAATTCTTGGCGCATCATAATGTGCAGGCTGGATCTTATGCTCGAGTTGTACGATGCGGAGATATACAATCCTCTCCGTCCGTTGCAACGATATCCAACTCAACCATTGGTGTTTCAAGCGATCACGTAACGCCATGCAGATAATCATGTGGGTCGACCGTTATGCGCCCCGACTGAAGTGTTAGCTACAGAACGTGGTAGACCTTACTAAGAGGTGATTGTAGTATTCGCGATTCAAAACAGAAAGCTGATGATATCGTTTGAAGCGTGGTCTTCAGGACCTACCTAAACGCGGGCATGGCACACCTAATCGTCCTTGAGGAACAAGGCGGCACGGTGAAGTAAGGGGCCGCGTGGCACACGAATGATAGGAAGTGGATTTCGTGATCTCGCGCCTCCTAGCGCCGCAGGTAATGAAACTCAGGGTTAACAGCCCCACGGTGTCTCTATAAGTGGTGCCCTTCTTTTATGAGGATCGCCACGGCGGGCCAGATCGCACGTCAAACTTGGGTACAAACCGTGCGAGAAACTCGCACTGGAAGTAACTTATAGTAGATGAGTCACCCCGGCACAATCGACACACCGTAATGGGTAACACTGAGTGTGCGAGGTCTAATTCCGATAATCATTCATGGCCTTCGCTTGAAACAAATTTGGGCTCCATTCATGCGTCGGCTGCCGCGGGCTGGCTGCTGTAAGACAGCGAGTTAAGGACTCAGCGTTTTGGGCCAAACGGTCTGATAAGCTAAGGAACAAAGCAGCTCGGGCCCGTCTTCATCGCCTTATGAGAATTGTCGCGTTCCCGACTCCGACCGAATGGCATTCTGCGCACGCTGCTCCGTGTCTGCATGGGTAAGCGCTACTAGTACTGGCCGAATACAAG,1916,51.77,Homo sapiens
SEQ_830692,TAGGGTTGGCTAACTTTGCTAGCGTCCAAGGACCATCAACTTCATGCTAGAAATTAAACTAAGGGATGAAGGGAAACATCAGGGCCAGGGGACGGTCGTTAGCCGCGCGCGAAGATCGTGATCCACTATTGGGATCACACTCTAACCTGTGCCCTAGGAACGCGATTGTGCACAGTCGCCGCAGGTATGGGGTTCCTAGCTACATACGTACCGCATGCACCTAAATCATTGGGAAAGGAAGGAAGAACGTCTTCGAGATGTGAGAGACAGTTCAGCGACCTTACTCTTGTCATCCAGACCCCGCGGAGGCATTCGGTTATCGGGGTTCCGGCATGTGTCGTAGTCTTCCACTTGGTCACATCGGGCCGCGTGTATGCCGCCGAAATGTAAACGTCCTTTAGGCGCAGATTTTGCTCCACTGTCCGCTAGCCGCTAGCATCCCTAGCCCTCTTGAAATGTGTCAACCCCGTGCCCCCAGTCCGACGCTGCAATCGGAATATAAGACCAGAACGAGGCGAGAACCTAGCGAGTGGGGTAACACCGTGGCACGAGTACGTCTCATCCTGACAAAAGTGGGGTCGCGCTGCGAGGTCACCTACGGGACAGCATATCAACCCGGAGACACAGTGATGCACTCTTCGATTAGCAAGGAAACATGCATTGTATCTGAGTGCTCCAACTCTTGAGGCATCCTAAGCCCGTATCCCGGCAGAGTAACCTCTAGTCGTGTTTCTGGAGAGAGAGCGTAATAGCGACGTCCCCTCCAAGGCGCCCAGTGATGTGCCGAAAGTTCAGTCAGAACCAAGACGCGAACTCGATCTTGTAGTCCGGCCTTACGGGGGACATCCGTTGCTGTGATACAAAGGTATTCAGGCACTGCGGAAACATATTCCAGTACGTTCATAAACGGTTTTTAGTTATCCGTTACACCACTGGGAGAGGGGTATATGCACGATTTGGAGTCTCGGACAATACTGACGTAAATACATGAAGCCTTGTTGGCTAACGCCTTAAGCATGTGTGCCCCTGGGAATATGTAGCCGGTCGCTGCGGCATGAAAACGTTGTTCTAGAATAGGTCCGTCTGCCTATGGGAAATGTGCGTTCGCCACCTTCAGTATCTTGTCTAACTCCTAAACGTATGGTGCCACGCATTCCGGCCTACGTTCACAGATCAGTAGACCTTGTCGGTATCCCTAAGTTTCCCATCCAAATGTGAATCCCACTATCGATGCGTGTTTTATGGACATACGATGTCTAACGGCGTGCGTCTCGACGCTAAAATTTCGTTCACAAATTGAGCAGGCTCTGGTGTAGGTCGAACTGTCTAAGCGCGATGGCTCAGGCACGCGGTTATGGACCCCTGCAATTGGCCGCAGAGAGCGTTTAATGGTAGTAAAAAATAGCCTTCCTACTGTAACCATAATGCGCTGCTTCATACAGAGACAGACTGCTATTGTTAAAGAGCGCTATGTTCTGAGACCTACTGATTTTAAGACAACGCTGCAAACGACTGAGAAAGGCCTTGGCAGGGACCTATACAACTGTTCCTGCCACTACACGTCGCCCGCTTCGCT,1576,51.33,Mus musculus
SEQ_907646,TTAGTCATCTCTCGCAGGGGCTCTCTCGCACGGACTGATCTTTACAGAATCGGACGGTTGGGCCTAGGTTCTCTCAGTAGCAATCGTAAAACGCTGGGCAACACCTCAGAGAAAGGGGCAGCGTCAGTTCTTACAGGGGTATCAGTGCAACAATAGCCGAATGACCCCATCCACCGCCTTACGGCTCGGAGCATCTTTAAGTGGAAATGCTATAAGATCCATTGCAGGCTGGGCACGTCGCTTACTCAGACGTCACGGATGTTGTGACAAAAGAAATTTTCTCGACCTGCCGACCAACGCCCTCCTACCATCCGAATCCCCCTGCAACCAATTACTCGCTCATCATAAGAAGCGATCAATCCTTCCCCACGTTGATTTCAGGAACAAGCTGCGAAGATGCGACAGACGCCCGAGTTCCCAATAAAGCCCTCGAGGCCCACACGCCCCTGTGCACTCGGCGTTCTTTCTAATGCCAGAAAACCAACATGATGAGATCCATATTATAAAAGTAGGAGGTAGTCTATCGAAAGGACGTGCATAATGGCACGACAGGTCGCGATTTATGAACACAAATAAGCCCATGAACAAACCTGTCGCATCGCGGCTAACCACGAGCCCGAAGGCCCTGGCCCTTGCTGACAACCATTAGCCATATCTCTTCCAAGTCCCAAAGGGTACCCCAGAGAGTTCCAAAGGCGCCGGGAGAAATCACTCACGATACAGAAGTGCGGTTGCCCTGTCGTCTGTATCTTAAGACCGAACTCTAGATTGGAGACCCTTACCGAAGAAAGGGATACTTGAGTTCCTGCCGGTGAAGTTGAAGCTAACCAAGTCAGATGGCCGGTGGGCGACGAATATGCACTGACCACTATTAGCATGCGGGATTTACCTGCAAGGATCCGACATTACAAGCAAGCAGGCTGAAAGCTCTACCTTAGGGTATAACACCATGCAATAGCACCGGAGCAGTCACGCACTCGGATCTCATCTCGAATATACGGGAACGTCAATGTACGTGTTAAAAAGCTGCGAGGGAAGGAAATCCACCGGAATCATCTTATACCAAAAGATAATTTACCGTCTTAGACGACAAATCGAGACTATATGGGGCTTCTACACCGTGTCAAATGCACCTATGACCCAATTGTACTAATCTACCTCCGAGCAGGATCGGCAACTATGTACAGTTCCCCAGCGATGACATTAACCGCCCTAAACATAACAGTAGTTCGTGTCCCCTGTCGGATCGGCTATGACGGCAGATTCCCCATGCGATATTTTTCCACTCTTGAGCGTTAAAAAGCCTAATGAACCAAGAGTGAGTCTATGATTGCGCATGCTCGCCGATTAATGGCGGGCGGGCCAGATCAAGAAGCAGATAATGCACGATTTCCTGTCGACGTGCTGTGGAAGCACACCAGAGATACTCAGTAGTAATTATCTAT,1445,49.62,Saccharomyces cerevisiae
SEQ_775257,CACCGAGCTCGTCAAAGCGTAAAAAATCGGCACTGTCCATCACAACCTATGCGCTCTAGTTTACGCCGATGTAAGCCGTCTATTTAAACAGGGTGCTTACTCCACATTAACAGGCTTGTTGTAGAGGAGCGGGTGGGTGACGCAGTTATATACATTAAACTCGGGGATCCTATCTGGAAGATAGAGGGTAGAACCAGACCATACTGTCTGTAGCACTAACGCGGGTGCAACCATGCACGTGTACATGCCGCCTAACGAACAGCATAAGGTGCTCCCCGGCAATAAGGGAGAAACGCTCACGTAGGTCTTGAAATAAACCGCACAGCTTACCAATGATAACAGCCTGATTATAGGCAGCCTCACTCATGGAACTTATAGACCGATCGAGTTAATCAGTAGTATTTCCAGTGCCAATTGGTCATCAGCCGTACCACACGCTGGTCTGTTCTTCTCGGGATCACACAGCGTACCGTATTACCAATCTCATCCTGACTTTCAGACTGACGTGCCCCGCACCCGCAGGATCGTTTGCCGTCAGTGCCCTCGGGTAGGACAGATAGTAAGCGCGGAAGGGCTCAGTATATCCACTTGCATCGCCGGCTGTCAGCTCCGTCGAGACGCCCGTTCACGATGAGCTTTCGGGCTATCAATGCAGATCGCACTAGACGCTCAGTTCCCACTACAATGAATCACGTATTTTTTTTGCAAAGAGACGGACCTGCCAAGAAATAAGTAGCAGGATGGACAATGAGATGCGCGCCAATATCGACGAAGCGACTCTCAGAGAGTGGAGCGACAAATGTTGTATGGGGTGTCGGGGTTTTTTGGTCACGTCGGAATTTTAGTAGAGGAGGTGCGAGACTAAAACCAGATTAGTCGATGCAGACGCATCATGGAAAGTTGGCATTGGGCCGCTTAGGCCGCGAAATTAAGCTCCCTTGCCTACTCTCGATTAGCCCAGCCGGGACGAGTATACCAGACAATATGCAGATGAGCCGAGATGTGTTTACGGCCCATGCCTTGGAGCCATTAGCGGAGGTGAACAGGTGAATCTAATAATCTTCTCGTAGTCGACGGACGGACCGTCGGAAACCCTTGTCGAATTGTAATCCCTTCCTCGCCGTGTTAGGCTTCCGGCGTCTGGCGTGTTGCATTACTTTAGCCCTGTGCTCCAGAGACGTTATCCGGGGATGGCGCGCCAACCGTGCGCAGTTAGGGATGAACGAGAAGCCACTGTCTACGGCTGAAGGGCGGAAGCGTCCCAGCTAATGCCCCGCAATAGTTAGGGTTAAGTGGCTAGTTAGCCCCAAGAGGCGTATAAGTCGGTTGAGATGAAAAGCGGGGGAGTGTACGCTGTCCCTCAGTCAAGCGACACTCGCTTACCGGGCTACTAACGATAGTGCCGGTACGGTTTAAGTCAAATGGGGTCGTTACCCAGTCAAAGTTCTGACAACCGGCTTTAGAGGAAAGCCGGGCACTTAGATCAGCCAACCTCTCCTTATCATACGGCGTCCGGAGCCATCTAGGCGTAGACCCTTCACACCATGTGTGTCCCTACGATCTCGCATGGCTGGCGGCGCTTCGTGCTATGGGCTCGTACATGCGTCAACTTTTTGACCGTGTTTACAAACATGAGCTGGGCACGATCTCGCTGCGCGGACAACTATGTGTTACTTGAAGGGAACATCAGACCGCAAA,1698,52.0,Drosophila melanogaster
SEQ_990981,CGAGTTAACCCGGAGTTCAAGAAGCCAACAGCTGACAAGAGAATCCCATGCGCAGATACTAAGGACGATGGCCAAAAATATGGGATTATTAAGTGGGCCCTTGGTTCATTATAAATGCTAAATACGCCAGCTTCGCCGAAAACCCGATTGGGCAGTGCGGTCATTCGTATCGGACCCGAACCGGGGGTCAACCTCGGATTTTTTATGGTCTATCACGAATCATCCAGATTTCGAATAAGACGAAATGCTATGCTCGGTCACGTTAACGTACGTGCAAACGTAAACAGTAAATACAAGTATGGAGCCCGTACAGGCGGA,318,47.17,Saccharomyces cerevisiae
SEQ_108381,TATCGTTCCGGTTGATCCCACTGTTTTGCTGCATTTTCTAGGTTACAGACTCGTGTCGGCCTCCAGGTTGTATAGTCATAATGAATAAATGCTGAGCAGAGACCTCGACGCGAGGGTAGGTCAAA,125,47.2,Escherichia coli
SEQ_741587,CCAAGGCTGCGTTGCTACTGTGAAAATCATGTTGATCTTCCTGTTATTCATGTAGACCTTCTGAAGGGGTACATTTCGTTTCTAAAACGGACGGGTGCTTAGTTTTTTTGCACGGACTCTAGCTCACGGCTGTTGTGCCCAAAACGCTCCCGGGCTTCGCAGCTTTTGCGGAAAAGATTGGCGATTATTATGAAATATTCGATTAAAGTCGATAACAGCACTGTTAATGAACCGCTGAACAATCGGTAGTCATGGCGACTTCCGGAATCCCCCCGCTGATGGTTACATCTGTAGACCTAGTAGCAGCGCAACTCGAGACGTTAGGTCGTGCGTATGAGACCGCACGATGTTGGATCGACACAAGGGGCTTGTGTACGGACTGTATACTTAGTTCAGGGGTGGGTAAGCGATAGACCACCAATCCCATCACTTTCTAGATCAGTCCTAGCATCATTAGATGGGATACAGGCGTACCTTTCCAGGCATGCTAAGAATCCGGCCTATGGCCGCGGGGCCTGGATGACATCTACACGAAACTGCCTCAATTGATCGTTACCTAATTGATTCCGCGAGAATATGTCTAATCCTTTCGGGTTCTGGGAATTACACTCTGCCCCCGTGCGCTTCGAGGATTTTTTCACCGTTTTCCTGCTGTTGAACTTTCGGAAAGTAAGTGGTGTTCTGCAGGATGCTTAGTTGTGATTCTGCTGTCGTCACGGTCACGGTGGATATGCCTTGGGGAATTACCAGAAATGTACTCGAAGACTAGCCTACTAGGGCTTAAACAGTATCCGGCGCCTGCAGGTGGAACCATGAGCGGGGCCGGCCAGACCGTAGGTCCGAACCGCACCGAAATACTAATCTACAAACGCTACAGACTCTCAACGACAAAGCCCCTCCTCCGCTACTTCAGGACTCGTAGTTACTTAAGAAATACGGCGTGGGAATCTTCCGTTGTTGGAAGGATCCGGGTGGTGGTCCAATACGTTTACTTACCCGAACGATGCAACCTACCCACAAATCATCGGCGGACAATTAACCCTATTCTGTATCCTTAGTCGACTGCAAGAAGCGGAGCGTTTGAAAATGTAAAGTAACTAAGTGCCCGAAAGGTGACACGTCCGCCCTTAACTCCTCGCGAAAAAGACGCCCGCGAAGGTCCGCAAGGAGGTTGCTGCTATGCGGCTCGGGGGTACTCAAATGCCGGGGCTCTAGGCTCTAGATGGATATCGGCACCACGGTTCCTTCAGGAGAGGTGGGAAGCAATCTCCGAGTATCCAATTTAACGTTGTAAATTCCGACCTTATTCCCCGTGGTACCCAATTTTAGCAGCTAGTCTGGCGTCCGTGGACACTGACAAGGGCCGGTGGTGAGAAGTCTCTCCCTTTGTTTAAATCAGCCCTTACCAATGTAGACCGCATTGGTTAACCTGGCCATTTGACTGTAAGGGCGACTGGTAAACACTTAGTTTTAGGCAAGACGACGCCCGCTTGTCCCGGGTAGGAACCAGCAGTCGTCTTAGCAAGATTCGCCCTGTGACTGGCGATATATCCTCTAAGGCTCCCTGAGCCAGTACCCAGAGGACGAAAATCGCGCTTGTGGTCGCCGGGTGTCTATTAAATCTCAGAGTTTCTAAGGCATATTATCGAAAAGTGACCCTTTTAAGTACGCTGCTCGCTGCCCGGCATAGGCTTACTATGGACTCGCACAGGACTGATTTGACTTATTATTTAAACGTTTATA,1743,49.8,Saccharomyces cerevisiae
SEQ_816491,GTTGTCAACAGTTTGGGACTTCAAGCTTCCTAGTTAAGGTTGCGCTGCGTTCGCTGAGTCCACGTTCAAGGTAGGAGTGCTATCGACTGAAAAGGTTCTCCGGTGTCCAAATGATCACAGGTTAGCGTCAGAGTGTCATTTCGACTACGGGCCCTCTACCAGTGGTCCTACATGGCTCGACCAAACGGAAGGCTATACCTCCGGGCCGCGTAAGATAATCCGGCTAAAATACGGCCACAAGTAGGTCGCCGGTCGTCACCTCTGCTCGAATAGGAATCATCCGCCCCGGTAATACAGCCTGCCTTCAACTAAGGCCAAAAGCGGAACCGTTTACGCTGGTCCGATCTTGTTGTCTATGTGCAGTGACTGGGATGGATGGGGGTTGTTTGAGGTATTAGTGGAATCCCTGACGGACTACAACTCGCGGTACTTGCACACCGGGTCGTTCCCAGATCCATTCTCTGCAGTAACCTCGGTATATCGGTTATAAGTTGGC,496,52.22,Saccharomyces cerevisiae
SEQ_223194,TGTGACTCAGCCAATGGTCGTGGTCCGCCTGCACCATTCAAGGCCCGGCCGCACCGGTCACTCAGTGCCGAGTAACGGAGACCCGTGTACTCTCCTTGAGAACGGGATTGGGCGTCAGAGAAGGGTCTGCAGGCGCTGATGCCAGGGGACCACTAACCATAGTGCGGATTCCTCTCCCCATCCTGACCTATAAACGAAGCCAAGGTGCTCGTCGATAATTATGGTTGTCTGTATGGTACCACAGTGCGACCTGGTCTGCGAAATTAATTTACATGCCTTATCTTCGTTGACACTTAAGCCAGCAAGATGATGGTCTGTCTTCTCAAATCACGGAGCGACGGGTGGAGTTGCCCTGATCCGCGTGGAACTTGGGATACGATACGACGATATGACGTGACGTGAGAGTTAGCGATAGACGCGGGTAATGTCGTAATACAGTCGTCGTAGTCACTGATATCCTAACTCGTGTTACAGGTTTCACACCTTTCAACTACGGTGACCGAAACGACAGCTGGGTTCACCATCGTGCCAGT,533,52.72,Homo sapiens
SEQ_308508,TGAATCGTTCATCATTGCACAGAACACCATCGTTAGCCAAGTATCGTGTTACACAGTCATTTGAAAATCCTTCAAATGTCAAAGCGACGCCTGAACGTTTGATCTACCATTTTTTTGAGCGCCCGCCACGACGATCCGTGACACTGGTGATAGGGCGGTCTCGCTAGAATCGGGAGGCCCAATCTGTCGTGCGACAGCGCGGTGCCCTAAGTACGACTCCGTAGTTATCACGCGGGTTAATGCTTGTAAATACCAAGCTAAATGCAAGGAACGCTTTTCAAACTCAGGAGCATCGACAGCCACGAGGTGGGCTTCCTTAGGATAAGCGTCGAAAGAAACCAGGCCGGCGAATGGTACATCACCTATATGGGGTACTTGACCCGTTCACCCGCATGGTTTGGCGCGGTCATCCCGTTACTCCTTCTTGCATGCCCACGCCCGTTTGGGCGGACCTGAACAGACATTCCCGGTTCCCATGCCGTCTGGGCTACCTTGACCGGGGGGTGGGCGGTTCCATCTCTAAACTGCAGATGCATTAAGATATCGCATGATGCTAGCCCCCATTACATAGCGCAACGGATGCGCTGTTTAGTACCAATAATCTGTTGAAGTCGTGATCTGCCCATAGGTTATCGATCATGACAGCAACTATCAATAAGATCAGCAGTGGCGTGTTGTCGAACCCTCTCACAACTAACGCTAATGGTAGTCCCCATTGCCAAGCAGTTATAAATACATTTGGTTATATCATCGGCGCTGAAAACGCCGCACTAGGAGTTCCTCATCCCCGCCGGGGACGGATCTGAATTCGTCCCAATGGTCGATGTGTGTTAGAGCCGCAGATTTAGACCGGAAACCACTACGTGCAAATTAAGTTGTCGCTCTGGGACACTCTACGGGTCTATTCAAAGTCCACCGAGGCCTTTTACCAGCTAGATCCTGACACCTTCCCATATTGACAGAGACGCCAAGATCGGCACTTCAGGCATTCAAACCGCCCTGTCCATAGTTGCAAATATATGGTCATACATGCTAAAAGTGCACTTCGGGTAATCACTAACCCCAATTTCGGAACATAAGAACGCGGAGTAACCCCACTCACACCCCCTTACTAAGGTTCAGGGCCGGTACGCACGACTATGGGTGATGTTCTCTAGCCCGGAAGCGCGGATCAGGACGATGTGTGTTCTGTACTAGGTATGTAAGATTAATGAGATAAGAATTGTAAAACACTAATCGGGACGAGCGACCTCCAAAAAATCGGACCCCACCGTGGTACATGTCATTCAAACACGTTGGAACAACAATGCGACTTGCGGCTTTTAACGACCTCAGGATAGGACGTAAGGACGTGGTGCAGTTCGTACGACGCATGATCGATAATTAGTTAGCTCCGGGGCGCATACTTGCATCCCACGGGCTACTTGTAAACCTGAGCTGGGGCTCCACGATCACCACTCAACCTGGTGATGTAAGACGTAGC,1483,50.3,Saccharomyces cerevisiae
SEQ_418276,CTCTGTCGATTAACGGGCAACGGCTGGCCCACTCCTAGTAAATGTCAGTTAAGGGATGTAGTTGCGGTCGCACTACCAGACCGAATCTGTCTCTCAAACGAAATAGACGTTGCGGCATTTACTAGCGGATGTGAAGGACTCCGTGAATAAGTGCGCCTAGCCATAGTATCCACGAGTACCCCCGCCTCACGCTCGTAGGCTCCTTTGTAACGACAGGGCGCGATTCTTCTCATTTTCTGGGGCCATTACTCTATATTGACAACGAAGATGCTAGACCCTGCTGACCTAATTCTTTGTCGAATTCCGCTAATCGAAGAATCTTCTACAGGATTGCCCCGTCCAGTCCCGTGCACTGTTCCGGCGCTTTCCCTAGAGCCTAGAATTCACCGCCCTATGCTCAGAGTTGCGCACGCGGCCCATGGCGGCACCTCGTCCTCTAGAACTTTATACGAAGAGCCCGGGACATTGTGTCGAGTGAGGGAGCCATTATACTTTTTGGCTATGATCAGTCAAAATATATATCCGAATTTGACAAGAGGACGGGCGGCTAGGATACCTTCTCCTGAGACTATAGCTAGTAGGAAAGTAGAGCATGCCACAAGGGCCAAGGCGGTCTTGTTAGCTTGAAGCCCAAACTTTTCATCC,645,50.7,Caenorhabditis elegans
SEQ_802019,GTTCCTGCCCACACGGCGTCTTACGCACGCCGTCCATAAAGGATTCCTATGTAGCTAATTGTGGCGCGTCCTGACCACTACCCGTTCGCGTGTTGGTCTCAATCTGGATGAGCAAGCCATGCTTTCAGAAAATTCCAGTGTTCGCCGAGAATATGGCTAATGTCTCGCAAATTCAGTGGGAGAACCCAAGAGAAATATTAGTTACACGCGAGGGCGCCACATAGCGCGTCTGCGCATGAAGATGTCATTCGGACTCACTCGGTGCTGGTCATTTGAGCCTTAAGCCGCGATATTAGAAGTAGGCTCGGGGCTTTCGCATTGGGCCGCCGCTTTATGGCTGATTCAACAATTCAAGAATGGAGTGGTTTCCTCTCGTCCGAACATCCCGAAAAGGCGCGTGCTACCCAAGGCGCAAGTTCTGTAGAAGTGGTACGAGATATTTGGTAGAACCATGGCAAAATGGCGCAGGAAGGTTTTGGCCTCTCCCGGGCGCCATGATTCTTGTATAACTTTGCTGGTTACTTTCCTCGGTGGCTGTAATTTTTTTAGATATAACCCCTAAGTACTATTAATTCAACTAGGGCAACGCTAGGAACGCAGACCTGTTCAAGTGAACCAACCCAATTACATCTGACGGAGAGATGACTTTAAAGGGGACGAGTGTCATGTGCGGATAGCTCCTGGGTAAGCCCAGATGGGTGCTCCACCCACCAAATAAGACATACACTCCACCTTGCAGTGGCCTGTCACTGCAAGAAAACGATCGCTTATACTATTGCAACGACTAAATTTACATAAACAAATTCCAGTGCTAGGGCCAACACAAGCAATCCATAATCAGAGCTCACACGGGTAACGGCACCTGCCCAGAAATCTTCGGGGTCCTTATGGGGCACCCGTCGAATCTTGGCGCCGCGTTGGAAGTTATAGTGGCCACTCACGCTCCCGAGTACGTGTTCGATTCGTTAAATAATAATCCACACCCCGGAATACGATAGTCAACAATCGTCTGCGATCCAGAGGCTTACAGTGGCGGCAGGCTACCCACATGCAGGGTACGGAGCCAAGTGCAGGAGGCTCTTACCTTCCCCAGCCAGAACCACCGATCGTAAACTAAAAAAAGAGGAGTCGAGCCCATACTACTCCTTTTGACACCCTGGTGTAACTTGATATAGTATAGTAGCTCCAAGTATTTGGCGCTACCCTCAACGGTTACAGTAGCCGATTTTTCAAACCCACGCTGATTCCTGCGAGTTTGGGGGAGGCGTGCATCAGTTCTTGGAAGATCATTGCCGGACCCGTTATAACGCGTGCCTAAACTAGTGTAGATCGGTCATTAAGGGACTCTGTCGCACTTAATCATGACCTCACTTATTTGAGGACCAAGCTCACATTCGGAGCTAAATAATATACCCATTGGCTGATCGGCGTTCTCGGGGTGTGTACTCCCATACAATGCTGGTCGGGTCTTTCGTGGTGCAATCACAGCGCGGTCTGGATTATACCCTC,1509,49.83,Homo sapiens
SEQ_944611,GTAGGGCTGGTTGTCAGTTTCCTAGTCCCATGGGAGATGCGTCCCTCCGACCGCGTCCGGGGCTCGCTGTTGCGTGTTTAATGGCCACAGGAAAAGAGCCTCACATAGTGTCAGCTTTTCTTAAGTGTGAGGAGAATGCAAAGTTTCCTATTACCGAGCACTTCCGCCCCTATGAAATGCTCCCTTTCAGCGGAGGCTAGGTTGACGCTAGGTTACTGTTCCTGTGTACGTAGTAGTGCCAACTCTAGTCCCCTAACAGGCACCTGCCTAGCGTTCGAATGTCGTCTTGCTGTGACGATAGGCACACGGTCCCTGGGGTCCCCGGCGAAGATAAATTAAGATAGCATTCGGAAGTAACTTCTTGACCTAGAGCCTGGAAACCGGTCCTATGCTACGATAGTAAGTGATAGTGAATCCACGCAGCTGGCCATACGTCGTTTATAATGTCGGGAACGGCAGAAACACACGATAATTGCGAAGGATGGCGCGTATCCCCTAAAAAGCTGAGTGACCCTTGGGGCGGGCCCCCCTAGAGCTACGAGTTTAATTCGACGCTTTTATTTTATCTACCAGCAATTCTGTTTCTGGAACTTGCCCCCGGAAA,604,51.32,Arabidopsis thaliana
SEQ_596799,ATTTAATTCTGGAACTGCTCAGGTAGCGATTGTAATGCCGGACCGTAGCAGGAAACATGTTCCTGTGCACGGCAGTGCTTTGCCTATAAAGACTCGAGCTGCGTGACGCTGCCCAGGGGGCACGTAGCTTGAGATTGTCCCTCGTCGTCTCGCCACGGAGTTTCAGTGCGACGCAACCACGGGAAGGCGGGTTCTCTGGCGGGAGGCGCTAAACGTGCGACCACGTTTGCGGGCCGATTTCGAATACGATGTATTTATTGCGGTAGCGTGCGATTCACGCGGACTTGATAAAAACCTCACTTCGCTGATCTCTGGCAACTAATAACAATTCGGTTTTGTAGGTACGCGGACGGGCCCGTTACCAAAGACGCGTCTTTTCATAGGGACGGATCCACACTTATCTAAAGGTGGACTTGACGCCCCCTACGGGCTTTTCGATTATGGGGGGGATCCTTCGAAAATACGCCTTCCAGACGGTTTCCACTTGGAGAGACAGCCTACGAGCTCGCCAAGACGTTGCATTTTCCCTTATATAGAATCATCGACGAACTCTTGTAAACTACTTCTGACACATCTACGAAACACTGACCATCATTACTGGAGTATGAAAACACCTTACATCATCTCTTCCGGCTCCGGCTATGAGCTAGAAGTTCACATCTAAACCATGGCCTAGAAAGTGCTTAGGGTGCCCATGTGCTCGGGTGATACGGTTCCATACGTATCAGGTCTCCAAAGGCGTGTTAATATCCACCTGACTGTATTGCCAGGGGTGACTGGCCGTGCACATAACCCGAGAAGCGGGGACGAGCCTGGATGAGCAAGCCCCTCCGTACGATTCCTAAACAGCTACCTGTACTCGCAGCTTGTATCTGGTAGCCGAGTCTAGAACTTACACTTTTTTCAAGTTGGTCGTCGGGCAACTAGCTGTGGAGAACGAAGAATTTGTTCCCACGTTATGGTATACCCCTTAATATCTCCATGACAAGTGTCCAAGGCGGAGGGATTACAGTCTTAGTTTCTGAGGACGACACAGCCAAAAACGGGTGCCTTGCTCCAGAGGTCCATTGGTCCGAGGGGGGACTGAATGGGTATTCGGAGTTTGGCTCCGGACCGCAGCCAAGGCGATGTCTGGGATTACTTACCGTCCTAGGTATTCCAGTTACATCCACGTTGCGGGTCTCGAGATTTAACAACTTAGGCTGACACAAGTGTACCACGTAGAGTGCCTTAATTAGGGAGACAGCTGCGACCGAAGTATGAACGAAATGACAAGGGACCCATCATACGGGTATACGCAATAAGTTTGCTAGTCCTTTCAAGCGCTTCCCTCAGTCCAGCGTTTTGCCTCCAGGTACTTCGAGCTTGTAGCGGTCAGTGGGCAGAAATATCCTGAACGTTCGGGGCATGGACGACCATGACTATAGAAGTCGTAACATGTCCGCATCTCCTGCACCATGCCTTGGACACGCTTGGGAGTGAACTTCATCAATGACGTAGCATCCCAAACCGGGGGTGAATGTCTAGAGGCTGAAATCAACGACCGAGAACATATTACGTCAAATGGTTGGCCGATGTTAGTGGCAAGCAACACGCTAGCAACGGACGGGAGTGTATGCATACAAAACGACAATGAACTGCTCCGTCCGTAACGGTGATGGCCTCATGCAACTGGCGTTGGGAATCGCAGGCCGCCAGGCTGATTGAACCTCGTTAAATTGCCGCGTAAATCACTACTGGATCTTCGTGCGGCAAGGTATTATGAGCCTTGTATTGGTTTTTGTCACCAATCAAATACGGGCGGCAGAACGTAGACGCGCCCTTCCGAGTGGTAGTGTCTGCAATT,1846,51.03,Saccharomyces cerevisiae
SEQ_187147,ATAGTTTCCACGATCTTAATTAAGAAAGCATCAGCGGACCATCCGTTGCCCCTCGAAGCGGCAGGGGTTGCTAAGGCGAACTAGACCCGGCCTATGGAATTAGTCTAGCGTATCATCCGTTTGTTGCGCCGGACGGCGGATTCCTGGCGCCTATCAAGACACAATTAACTGTATCACACCGTTTAGGTCATCAGGTTGCGCCGTTAGCGTCGGAGTGATCGCCCAAAGTGGGGGGGCACCCCACTACCCCTGACCGTCCGCGCTGTATCCTCTAATTATGACAGGCTCCCGCGTTGTCTCACAACACTGAGGTTTTCGTTCCTACAGAATGGTGCCTCCTTTTACAGTAGAAAGCAAGTCACACCCGGACCGTCGCCATTGATATTTGTAACCCTAGCGTCACAATGGGAGGGAAACAATTTCCATGCAATCGCTGATGGGGCGGAACGCTCCCTTTGCCACTACGTATAGGATGCGTAACGATTTGCAGGTCGCGTCTCGACTTGGCACCCCGATACGTTGCTCATGCTCAACACCGGCTCTGGGGTCCAGCCATTTCGACCGAATCCCTTCGTCCAAGATTGTGGAGGCCCAGTTATAGAACTGGGCGAACCGTTCAGTCTCCCTGGATCAACCCGTAAAAAGAAGGCGTCTTAATTACCGGGAGCTTAGTGTACAAGACAAGGATGATCACGACAGTACTGGCCCATTACTTACCGCGCGCAATCCCGGCTCCATTCACATCTCCGTTTATTTAGAAGGCAACCTATTAAGCCCGTGGTTAATATGGGGACCCCTATATCGGGCGATATGGTTTAAATACCTCATACAACGACGAAACCCAACAATCAAAACTTCGCCAACAGTCACAATCTAGAAGGGCCGGCCGATGTTAGACTGTGGATTTTATGGATCAATCCACGCTCAGCAAGGTGAAATAATTCTTGCCTGATATGGCTTATATCAATCCAGATCCCTACTTAAATAAGCTGCGAAGTTCTGCTTCGTATTGGGTCAGTAGTTTTATGTCGGATGGATATCCTCGATCCTCTAAGACATCGGAAACTAGATAGTAATCCCCAAACCGATGACGAGCCACTTGGTCGTAGGGACAGACTTCTGATCAGTTCGGTCGAACTCACGCGCGCATAGAGCAATTCTAACAGACGAGCCGCAGACGTTATTCGCTGCTACCCTGCAATGTTGGTAGTTATACAAATTCTGGCGCAACTGGGTCGGCTTTCCCCCCGCGCAGCCCCTGTCATTTCGACACAAATTCTAATTGACTCTCCCATTCGCTCATGAGAGCAAAGTAATGCAAGGCCTAGAATATAGATTAAGTCCTATTAAGAACTCGCGATTCCCGGAGGGCGCGTGTTATTTCTGGAAATCACGAAAAGGCTCCGTGAGATAATCGCGAGCCGCTT,1427,49.96,Caenorhabditis elegans
SEQ_571669,CTACCGTCATGTCTCACGGTCGAGACCAATAGGACCCGGCTTGATAAAAGTGTGTATACAGTTGTGCCCTGGCTAATAACGCGTGATGCCATTAGCCGTCTAATAGTTCCTGGTCGATGCTGTGCAAACGAGTACGTTTACCTTTCACCCGCGCCCAGTACGAATCCCGAGGTTGGCGGGTGACTACTTGATCCAATTGAATCACGTCTCG,211,51.18,Escherichia coli
SEQ_915713,ACAAATACCGTCAAGTTATTCACGGATCATACAACAAGGGGACGGCCGTATGGTTATATCAGACAGGATCCCTCCGACCTATCCTAAACATACCGAGGTGTGTCGGAGAGGATGGGTGTTATCGTTACGTGATATGGGCTCCGGACAATAGAACTTCGCTGTTTACAATCAGTTAGACTGCTAAAGGTGGCCCCAATCACCCGTCCTTTTGTTCAGAGTTTAATCCAGGTAGTTCGCATGCAGAAATTCGGGCCTCTTCATAGCCTGGAACTGTGAGGCCGTGTCTAGTGGTATAATTAACCCCCGTATCCCTCAAAGAATGGAAAGACTGAGCTCAAACGTACGCACCGTATAGGCAATTACGCGGCACCACTAGGGTATCGTTATATTCTAGAGCAGCGCTTGAACACCGGCGCTTTTATCGAAGCCGTCTTGCTTATACTTTTCTGTGAGTCTGTCGATATCCAGTTTACGCAAAACGGAGGCGCATGGTATTGGGCATCAAATTAGGTCGGCTGCAAGCCTAACCTCTAGTTCACGGTCTTGGCAGAAAAATTATGCGGGGCATTAAGTCCAGATGACATAATTATCCTACGGGTAAAAGGTTTATAGTCAGCGTATGGCGCAAACTTATGTATCACAGTCCTGCCCGTAGGGCGAAATGCAAGACCTATCGAATCTTTTAGTCAGGCCTATTGACCCTCACACAACTCCGGATCTTACCCTTTCGTCGCTTCCACTCGCGAGTCGGTCCTGGCTGTCGGTAACCTCCTCTAGGTAGCACAGGATGCCGAGGTCCAACAATCGCGAGATGAGCAACCTACTAGACGGCAAATAGATCATAGTTCACCCCTACTGCTTTGACGTTGGCAGTGCCGCCCTCCCGACTATACTCGGGGGCGCAAAGTACCCAGCACTGATGGGGGTGAGGACGGCATAGGTAGTCCCAATTATTTATCCTCACCGACGGGGCCCCACAACGCACGGTGGAGAGTTGCGTAATAATCACATACCGGGCTTACGTTCCAATCACGTGAACACTAGTCCGGTTCGGCAGAGTGGTCCCGGCCCCTTTCAACTAATTAGAGAATAGGGGGCGCAGTGATTCCTAGTTTACTCCTAGCAGGGCCGGGCACGCGAAAGCAGTCAGAAAATGGCCAAGTGAATACTGGAGTCGGATAAGACTATGCACCTTACACGTTGCCTTGGAACTGCGCGTATACACGATTG,1230,50.16,Saccharomyces cerevisiae
SEQ_183143,CAATTCCTGTTTCGATCTTTGCTCGGTATCGGCCCTTATACGCGAAAGAAACTCTTCGGCGACCGACGATTGAAGCGCTTGGATAATACATCGATATCTCGACGATGAGCGCATCTTCGCAGGAGAGAAGGGTTCATAATTTGCCGAGATCGGAGTATCACGTTAACTCACGATTATAAGTCGGTGCCGAGATCGTGCCGCTGTGGCCCCTCCTCATACGAGGGTAGTTTTTCACCATCCGTCCTAAATGCCCTGCTCTTTAGTTAAGCCACTTCTCCGCCATTTGCCGGGGAATCCGCTCCCGTGTGGGTCTATGATCGCATAATTGCTTATGCTAGCGGAAGTTGGTGCTGCATACTAAAGGCGAAATTAACAGGATTTGGGAACAGCCATCTATGATTGAAGACGTGCATACACTTGCGGCGTGCAATGCGCCCATACCGGGGACGGCTAGCGATGGGCACCGCAGACCTAGTGCCGGAAAACAAGAATAAGTTCAGCCGCAACGCTCAAACATTCCTACGTATCGCCTCTTGTACTGAGACGGGTTTCGACGGAGCGGCAGCGGTTGCTTCCAGACGCGTCTTCCTATTACCCGAATGATGGCGTAACCCCGCGTGACAAACAAGACCCGCCAGACCGCGTTGTAGACCATACAACAGGTATGACGAGTGTGGATTGGTGCTGCGATTCACCACACTACTGTTACCTTTGCCTGTTCGACCAAACGAGCGTGCATGACACAGCCGCTCTTAAGCTTCGGCTTGTACTGGCAGTGTTACGACAGGAAGGGAAAAACCATAAGACCATTGCAGTGAACAGTAATATGGTAACTGCGGACTCTCAGCGCTGATTCGGGTACTCCAAGTTCAAGAAGCCGGCTAACTGAGGTGGGTATGGCGGTACACATTACGAGCGTATGAAGATTGTCACCGGCCACTGCATAGCGTCAGAAAGTGGAGACGGATGGAGCGCTTTGTCATACTGATGTCCTAGACCTACGGGCAGATTAAGCATAAAGCGAGAGGAACCGTTTTGACCTTGTATACCCAGTAAATACGTGTCGAATGAGATGCTGGAGTAGTCAAATGGGGGACCGACGCCTAACTCATTGGTGGTCGCGTCGAAGGGCCCGGATACTCCCACGAGCAATATGCTCATATGAGAAGCCCGACCTTAACAGAGAGGCGCGAAAGACAAACCAAGTACTAGCGCAATTATCGTATGGTGCGAATGAGGCTCGCGACGTGCTGCGCCATAAAAGACGTGCGAGCAGTTACGGTGGAGGGCCGATCCTTTGATAAAATTGTGTTTCGGAATCTTGTAAAGCTAGAAAACTGTAAAAGACTGGGCACCCTACGCCGCTATACATGCTTTGATCCCCGCCGGGCAGGACATTCGCACCAGACTATACTATGTGCAGAATTAAGCGACTGTCCTGAGCATCCTTTACTTTAAATCGACAGCTTGCCGGTCAACTCAAGGTATAGTCAATGCAAAGAAGCCTAGAACTCATACTAGCTATTACAATTGAGACTTGGTCTATTCTACTATATACATGGCCCGAGCCTTGTCTTGGCGCGGGTTCTAGCCGACTCAACCCTCGCCAGTCACAATTATACGAGAGGTCCGGAGCGTGGCTAATATTGGGAACTAGACCTCCTTGGAAGGCGCCCGGTTAGGCGGCAACAGCGAGATGAGATCACTCCCACAGCCCTGATTTGTAGCAAGCACTAAACCATTCTACTTAAACTTACGTACAAACCACAGTTCCTTAGTGGTAGGGATCTGAGGGGCAAGAGAACCACCTTTACGAAGACATATGGCTGTGCCTAACCCGGACCAGTATCCGAGTATCTGGTGATACTTATCGTCTCCACTAAACGTTTAAATTAGACGACCCTTCCGTCC,1911,50.39,Saccharomyces cerevisiae
SEQ_477953,ATTGCAGAATCGTTTATGCCTGCTGCGTGGGCCTCCTAAGTGCCGCTCCGGCTTGAGCGGGAACGATGAGTTCACTTGACAGTTAATGTGTTCCAGCGCAATTGATGAAGGAGCATACCGCCATTACTATTAGGTTTTCTAGTGGAGTGTTTGACGATTGGGGGCAGTTTGCATGCATAATGAATCCAGGATGGAACGCGCCGTTCTGCGTCTGTACCGGTACAAGTAATCTTACTTCTTACCATGTAACGCACACTGGGGCTTATGCTACGGATTGCACCGTTTAACTTCAAGTCTTTGTATCTACTCCGAACGACCACACTTTCGCATGGCAGACTTTCGAGAAGACTGGCTGACCTTTCAGGGCCTTTATATTCCCTACTGACCTTTGAATCGATATAGAGCATTACGCACCAACCTTTGTCACATAGAACGACGGCAACTCTCAGTGTATCCATCGCGAACGGATTCCGACGGCATCAGGAGAACGATAAACCAATATTTAGCATTCATTGTACCCTGGTCCGCGCCCTCGGGAGCTAGATCGTCTCTTTCAATCGGTAATACCTACGTCAGTCGGCCCGGATCGGGCGCCTTACTTGGTCGAGACCTCAGTCAACTAGCCCTAGCGGTGCTATATGTACCGACTTTGTGCGTAATCGAAGGATTTAGGTACCACCCAGAAAGGGTTGTGAGACTAGCCAGAAACGTACATCGTCCTCGATCCGTATACTGTGGCGCCTGCATCTTAATAACAGGTTGGAAGAGAGCTATTCCCCGACTCCATACATACCCGACTCATACCCCTGCTGAGCAACCTTTGATAATTCATGAACTAAAATAGTGGAAGGAAAATCAACTCGAAAAACGCTTCAACATGACCTGTGGTGACTACAATAGTAGAAAACGGGCTCTGTCTATATGGAACGCCGCGAACTTGATGCGCAACAGAGATATGAAAAAAGGATTCTAGTATATCTCCGGGTTACCGACCGCATAGCAGCACTGGGCTATTCGTGTTGCGGATGGAACATCCTAGGCGTATCTCGCGGGGATGAACGCGCTCCGGCTCTAGTTCGCTGCTACGTGGTGTATACCTGTTAATCCGCTTGAAAGTTAGATCTCCCCGTCGAAAAAAGCTGAGATAGGAGACACCCAACGCGCCATGTGGAGTGGAAGGACCCCGGGCACTGTAGGACGAGCGGTTCGTAATGTCATCCGAAATATCTTCACCCCACTAATCGAAGAGCGCGTTCTGGTGTTCAGACTTTGAGGTCATAACGTCAGATTTTGCCCTGAGGTGCGTGTAAGATATTTCAGGCGTAGAGCAGCTCACTCACTCCAGATGATTTGCGGCGTAGCCTGGATCTCCGTGAGGCGAGCCCGGCTCACCGCATTGAAGCGGTTGAAGCCATAAACTGAATTCCCGCTGAGTAGACTTCCATACATATAGAAATATCAAACTCCTTCCTATTGTCTCCGAATGGCCTGATTTGTTATCTTGGGTTTTCAATCACGGATTAAACTCTTATATAGGCAGCACTGGTTAAACCCCAATACCATTTCAAAGCCGCCTGACTCAAATTATTGGACGAATGCTGAGAAGTACCTTGAATAAACCACAAGTCCTCTTTAGAGGAG,1641,48.39,Caenorhabditis elegans
SEQ_214959,ATGCTAGATAATATCCCAAATTATAATATAGGGAGCCCCCGGTCCCATGGCAGGGAGAGAGTGCCTGGGTAGTATGCTTTTTAACTCGTGGACACTTAAGCCGTTCGTTATATACGCACCAGGGATGACGAATGCGGGGCGTAAAATTGTACCGCCTTGAATCCTCATAAGGAGATGAGTTTATGCTCAACGCGGCCAAGTTAGGGACGCGTCTACCCGAGACCCACTTTTTATGAGCTAAAGGGTTTGGAACATAAGATATAAAATCGAATTAAGTGTAGACCTAAACCTGAAACCACTCACCGAATTGTTTTGTCAGGCTACCTGCCTTGCGTCCATGACGATTTTGACATAAGCGATACATATGGTTTTCAGCCAACGACTAGCCCACGACTCGACTCGGTGAACCGA,411,46.47,Arabidopsis thaliana
SEQ_154294,GAACAAACGCTGACCGAGGGGATTCTGGGATGCCCCCCGATTACTAGCAATAAGTACGAAACCGCCAAATTCGGGCTAGGACAGAGTTTGCGTTACGCCCTCTTAGCTCAAGTGCTTGGATTGGGATGACCCAACGGTCGGAACGGCAGCGTCTGTGGCAAGGTGCCGTACGCGTTAACAGCCCCTAGGCTTCAGCTATAGACGGGTTCGATGTCCGTGCGCCTTTCAGTCTGATGTCCCGGAACCAAGCGAAGCCCGAATGAGACGGAAGAATAGCTAGATGTTCTAGGGTTGATAAATGGTTAGCTGACACGTTGCAACGCGACCTTAATCCCTAGTCCTCACATCGTCACGCGTCTGTGGCTCTCGAACTGCCCGCAGACTCTATGAAGTGATAATGGTTTCATCCAGTCTGCAAGCTTACCAAACGCACCAGCCCTAAGAGGCGCGAGTCTATTTATGCGGCAGGCAATTCATTCACCCAACAGTTCATCATAGGAGCTCTATCCTAGAGCCAGAACTGGGTGTCCTAGTTCGCGTCGTGTCGTGCACCTCGGCTCACCACCCTAACATGGAACATTCTTCGATGGGGTATGATAGAGCCGAGCCCCCTGCTTCCGCGTGGCTGGGGATCCCAACTAGTTTACATTCGCGCAACTTGTCGCTACCCCATAAAGGAGCTTCATACTGGAAGATTTCCTTACGATCTCATTTCAGCTATGGCGGAGTCAATTTGAGTTCCTCCGGGGCCTAACTCTGGGCAGTGGCGTCAAGGTGTACCGTAGGATGTCAACCAGGAGATTCGCTTTACTACCGTAGCATGACCCTTGCGTTATGATCACGGAGTACTCTCACGAGACCTGTATTAGCATTGTATATACCTATGATTTAGCATAGGCATCTTAACCACTCCGAAACGCCACGATACCCTTAGTTGGACCCAGCACGAATCTTACTCACAGCATAACCCCGATTGCGTCGCGTCCGGTCCTAGCGTTCCCCGGTAATGGGAGTTTTGCCCTCAAGACATAAGAATTTGTGCGCGAAAGAAGATATAAGTTCGAGCCTTACCGTATGCCATGGCCCAATTTACTGCTGTACAAATTGAGCGCAGCCCATCCAACTTATTGCGACGATCGCGCGCGCGGGTCACGTTCACCGTACGAGAACCGTGGCATGTCTAAAGTAGTAGCTTGCTTTGCGCAAGTCACGAGATCGTCCGTTGCCGGAAGCAAAGGACGCTTTCACCTACTACCGGGGCCTCCTCTTTTGAGGGGCGTCCGAACACACTGGGGAATTTTTGTTACTGTTTTTCTTAACAACCGCTAAGCTGCATAGTTTTCACTTTAATCTCCCGCTTAAGGAGGGTAAATTACACATAAGCCATACCAACATTTAGTCATCAATCCGACCATGTGACTAATATAGCTGCCAGAAAGTCACTCCCGCCCTTCGGTGATTTACGCACGTTGAAAGTAGGTCGACCTGAAACTACGATGGAGAAATTTACAACCAAACTTGGTCCTAACTTGAGGCGATAAACATACTGCTTCGAGTCGAGTCCTGCGCGCGCAATATAGCGCACCTCGCTTAATCCCTATGCTTGAGAAATGATGCGTCGCAGCAAATACATAAGACTTCCCGAATAACCCTTATGTTACATACTAGCAACCCAGCACACCGCGAGCGGCATGTCCCTATCGCACATGGTCGTGGGTTTAGCGGGCGCCACTCGAGATTTGGTAACCGGATCTGCCCTGTACACCTTTGGTGCGATATTAAGACTTTTTACCTCCCTGCGCTCGGCTACCCACCCTCTACTTTGCGGTGCCAGATTGGCCTGTTGCACGCACCAGAAAGCTGTCCTTAGGCAGCAATCAGTTTAGCTACCGAACCACCTGCCCACTGTGTCGCATGTGGACGGCATAACCGATTTAAAATTCACTACAAACCCTCCGTCTCGCACACCAGATAGCTTTTTTACGCCGG,1989,50.93,Arabidopsis thaliana
SEQ_571232,TGGCGTGGGTTACTGTTCACACGGAAACATTTACTTTTGTTTTACACTAGCGAGGTGAGGCGTTCTGCAACACGTTACAGCCTACATACGCAAAATTCCATAAAGCAGGTAATGTTGGATAACCCTTCGTTTTGTCTTTAACTCGTAGGGGCAGTAAGAAAGTACTGGTATTGAGGGGCCGGTTGAGTTTCGTAGATTCCAGCTCGGGGGATAGCTCGAGTGGGAATGGACCTCGTGCCAAGCCTCGACTGTTGTCTGGTACAGGATAGAAATAGGCGTTCATACGCGACTACCCGGCCAAGTACTTTGACGTGTATTACTATCATCCTGCGATAGACGCCATCGAGCTCGAGCCAATAAACGCGCTCGTTTGTTCTAAGGCCCCACGTAACGCGCGCATCGGTCATTGCTGTAACGAGTATATGGGCCTCATCGTGTTATGTTCGATGCAAATAAAGTGCTAGGTGAAATATTCAAATAGCGGAACGCCCCCCAGTCCAACGGCTGATCGGTGCCGGATTGGCAGACGAGTAACTAAGCTGCCCCAAAACCTGCTATTCCCTTCGTCCGCCAACTTATGTCGATGGCCACACACTTCCAAGTTGACTCAGATTAGAGTTAAGCAATCGTGCCGCCGCGAAGGCCTGTGATGGGGCTGCTAATTCCGGGATAGCAGGCCACGACTGACGGAGAGGCAACGTCAACGAGCCTCAAACTGTAGGTTCCTCACTAACTAGAATTCAAAGAAACGCATCAAAGGTCACAGCCAGCGCCCGCACCATGAAAGTCTCTACTCAGCATCAGCGTAGGAGGAACGATCGTTCTGCGTACTTGCCTGCTATGCCCTTTTATGTGGGATTACAGTTGCGTCGGGACTGTAATACGAGTAAAAGGTGGCCCCACAAGTCGTGCGAAGAAAGCGATTTAACCCGGGGTTACAAGTGTATATTGGGACTCACTGAGCGCCCGAGTGTAAATTGATCCCAGCCGGATGGTCGTAAAGCTACTAGGCCGATCGTAGACAGCGCAGGTGAATCCGAAGAGTATTCTAGGGGAGGGCACGACTCACATGCAAAATGGAAAGCGGGACAAATCATAAGATCTTACTGTAGGATGGCGATGATCTAGTCTTGAACCGCCCTTCAAACACATGGTGGCAGTCTGGCTACGGCTACAGTCAGTCCTGAGCGTGCTGGGGGGAAGTGGATATCCTGCATGTGTGTTGAACGTATGGCTTACAAATGCATACGGCGATAAGCCAGCACAAAAGGCTCTTTGTACAGGCCAGACCATGCGCTCGTGACGGACCCGTACCCCGAAGGCTAGGGGCCTCCGCGGAGGGATTTATAAAATAGGTGCATCCAGCGACCAAATCGTTCAAGCAGAGCATTGTTAGACCAAGTAAGTGTACAGTGTTTGCACACGC,1426,50.84,Escherichia coli
SEQ_213235,TGCTCGTTGGTGGATCCCGTTTCTGCGATTTTATCGCTCGCTAAGATATACGGCCTGTACGAGGATGCGTAGAGAAAAGACGCGGCAACATGCTTTGATGATTATATGCGTGGGGGGCGCAATACTTGCCCTGAATTCGAGCAGGTTGCTGTCTCAAATCACGGCATTATGGGGAATGAGGGCTGAGGAACTGTATTTGGGCGCCGCAATGGGGATTTGCTGAGAATCATAGAAGTCTGCACTTATTGCCTGAATACGGTGCTTGAGAGAATGCTCCAAACC,282,49.65,Saccharomyces cerevisiae
SEQ_355402,GCTCCAGACTGTATGATACTCCGTGGTCCAGCTTGGTGGACCCCTATAGACGTTAACTAAACCACGGGTCCTTACTCGCGGCTTCTGTTTTCCCTGATCCCGGAGATCCGCGGAACGTATGTAGTGACTCCGTCTGTCGGATGGTCTCCCTCTGCTGAGAACTCACTATTTGATCCGTTTTCGGGTAGAAGTCTTGCCGGGAGATCATGGACCGATCCGCGGATACGAGTCATGGACTGTCTGTTCCAGCTCGCGCTGTCATGTTGCCCACACGACTGTAAACATAACAATGAGTCAGTCAGAACATAGGACATCCGTGTGGGTAGCAAGACACCCCGCACTCTAGGGAGTGCATCCAATAACCGGTTTTCGTAGTGTAGACACACCCGATTGGCTGATATCCGTGGCTATGTTCTATAAAAGCATGGCTCTCTCGATATTGATCCCACCTAAGCCAAACTTATTAAAGGTCGCTAAGTAGATTGTATTCGCCTTTATCTGGAGCCGCCAAGGTCGGAGTTTCACTCCCAAATGACCGCGAGTATAGGTACATGGCGACAACGGAATATTGATTCGCTCAGGTTGTCGAGTTGCGTCAACGTCCCTTAGGTGGCACTCTACGGCATATTTCCAACTTGGTTCGGGGTAATAGGCGCACTCGCAAGGATCTCTTGGAGAATCCCCCATAGGGAACTTGCATATCTCTCAATGAGGGGAGCTATACCTGGCCCTGCCATGAGGGGGAAAACGGGTACATCCCCTACAGGACTCGGTGAATATCTCTTTTAGCGGTTATCTCCTGACCAGTGTAGCCATCTCGTAGCTTTGCGAAACCGGAGTGGGTGATCGCCGTCCCGGTCTTCCTTTTACCCTCGTACTTGTTGGGTTAGGAGACTAACACCAGCTTCATTTTACTAGGTAGAAAAATTCAGGGGTCTATTAAACGGCTAGCTCCTTTGGGTACCTCCAATCGATCGCGGGGTACCAACCTGTTATTTAGGATAGAGGTCACAGCTTC,1018,50.49,Homo sapiens
SEQ_918376,GATCCTTCCCTGCGGATACGGGCCCCAGGTACTCCCTCTTGTATTAACTGCTAAGTGCGAGCAGTCTTGGACGGGGTTGCAAAAACACAACAATATGTATTTAGTGTTGTTCGACTGGCATTACCGTTTCCACGTGGTAGAGGCAGATGCAAGTCAGTACCGAATGTTCTAAACGAGTCGAGTAAGTGGAACCTGCATCCGCCGCCTACGCAATGTCGGATTTCAATTACAAGAGTCCGGATTACCTGGCCTCTGTCTTCGACGCCTACACATAACTTTGTTATCGGGCGGTTTGCCCCTATGGAGTCGCATAAGGACGACCCACTTTGGCACCAATATGGGTTGCATAACATTCCGAATTATCAGCTGACTACCCAATGGTGAGACAATCCCTAAAATCTTTGGGGCCTATGAATAGGTCCTGGTCGGTCTTGTATCTAGGCAATAAGAACGGGGCGCCTATCATGAGACGCATTGCAGTTTACGTCACCCCAGAAATCAAGATGGCGTTTAGTTTCCGGTTCGCGAGGAACGAAATCCCGACATGCTGAAAGGACAGGCTGCCGAGGGTCAAGGGAGCTATAGCGTGATGTGCGAGCCAAAGCAAAAGACGAGCTTTGCCCCTTGCCTACGCACGAGTTTCTTGGACTTTCGCCTGCCCGACGCTACAACTACCTAGAGTAGCTATCCGCAAAGGATTACCCGAGATGCAATCGGACCCCCTAGGGACGTTATCCAATCCAAGATCGTTTTAATTCCCTTGACCCTCAGCCGTCTCGAGGTTATCTGCCAGGTCAGATCCGAGGGGGAGCCCCTCATAAGGAGTACGTTTTCCTTCGTTTGCCTCCTAGGCGTATGAATACCATCTCAAGACGCTGTTCTAAATTCTTTGGCTGCAACCCGCTG,906,50.66,Escherichia coli
SEQ_270018,TAGATTCTTGCGGCTATATGTCGATAGGTCACGCAGCCTTGGCGGAGAAAACTTTCGATGATCGCTTCTGGTTGGCGCAGCAGGGAAAACCTCTTGAAGAGATAATGCATAGCATCGAGAAACAGTAAACGTAATAGACTAAGATACACCGGATGCGCTCTCTAACAACAGCTCGGCTGGGGGAACTAAAGTTCTGTAAGGCCATGTGGTTTGAGGGCGACCCACAACTCTCTGTCGCACGGTCGAAAATCTGGATCCTTGCCTCATGGAAAGAATTCCCGTGGGGACACGGACTAGAACCATGTAGCATCCAAGCCCGTACCATCTGGACTTTATCATGGGGTGGGATCAATTGTCGTCGAAACCCCTGTTCTCGGTCCTCAAGCTGTTGTCCGATCTTCGAAATTTAGCGGGGCACCAACACTATCGGAACATAACTAGAAGTTATGAATGTACTGCTCATACGGTCTTGAACTACGTGGTAACCGTTATTATAGCCCCTTCGTAATTTACCGTACCCATTGTACAAGGTTTCGGCTGTCCTGGAGGAATCGCTCACTACACGTACGATGCCCTCTAGAGTCACGCTCCGTAACGATCACGCGCAGATCGGCGTCTTTCTGATACACCCGTCTACGTTCAGAACCTTAATTCAGTACTTAGAGAAGATTGTCGAATCTCCCCGCCATGGTTGACACAGCACGCACGACTGGTTCTTAAAAATCTGCTCCGCGCGAAAACTTAAAATACTTTTTGGTATGACTTTCACGACGGCAACTTCGTGTACCTCTCGCATCATCCGTTTCGTCGCAGTTCCTCCTTCAGATGCAGCAGGGAGTAGATGGTGACGGAATGACCCTGCGCAATTGAGAACTATGTGTCGAGCGCAGACATGCAAGGCTGTTCAAAGCGAGCAGGTTTCTCAGCATGCAGGCTTTCATATCGAGATTTGCGGGAGGTACAATGGGAAAGCTGAATCACGTAATGTCTACATCTGATCGGGGGCATAAACATCATGGCTAAATAGCTCTATTCCGTCTAGATGGCGAACATGCGAGCCCCGTACTTGGGACTCGGTGGACACA,1085,49.12,Saccharomyces cerevisiae
SEQ_638868,TGTCTACTTGAATAACTTTTAAGCGTCACTGATAATTAGAGCTGTTTATGTATCAGAGAATCTGCAGGCTTCAGGTCCCGTAGGGTAAATAACTGTTCACCTTGAACGCTAGCCGTCAAGAATCCTAGCCAGGCACCCCATCTGATGTAATAAAGTGCTGTTCCGACATCTAGTCTGTCGACGTTTTAGCGCACTGATTGAGTATACGCTCGCCTCTTGTGCCTAGAGTCATATTAAAACCGCTCACCTGACAACGGTAATGTGGGGAAGCCCGCCGGTTATCACTACTCTGAACATCGCTAAAAATGCCTATCGAATTAAGTAGGGGTAGTAAGGAGTGGCTTTTTCTGCAGCAATAAAGTGTATGTTGGCTGCACCCATAAGGAGGTATGAATCGCATGATTGGGGCATTCGTCCATTATCGTGGTGTTTCAAATGTGGTAGGGATAGAGGTCCTCCACGGTCGTTTCCTGTACTGTCTGGCTTTGCCAACAAAGACAAGATATGGCGGTCGGGTACACGCCGATAATGAATTCGGGCGTGTTACAGTGTTCCTACCGACGTCTTACTGCTCATCACAAGACAAAACTAATAGAGAAATTGAAATTTTTACTCTAAGGAGCGAGTGCGTTCATACACGTGGGGCGTGCTCCCAAGTAGGAATTTCAATACGCCAAATTGTTCCACAAGAACGTCTTTTGAATCTCCAGTTCCAAGAAGTTTTATTTTTCGTAGAATGCGCTTTTCAGAGCGAAATTATGGTTGAGACAATTAGTTGATTCCCCGCAGAGGGTTTACACGGTCGGGGCACCCTGGAGGCCACTTCGAAACGTTGGCTGGATGCTTTACTTATTTATCGCATCAGCGGTAGCGTTAAGGCGCAGTTGTCTTTCTGGACTATAGGGCATGTTTGTGCCAACTCTGCGGCCCCCTCTTCTTCAGCCATCTGCGTCGGCTTGACGCTCATTGCTCTGACAGGCCTATAAGTAGACGGGTGTGAGGCGGTTTGATCGTGTATGGCTCACGCAAGCGCATCCATTCCGGAGGGCACCTCACTTACGGACTAACATAACGGGCCGGTCTCGTCGCACTACCCCTACCAGGTCTCTTAATAGACTAGCTGAACCACCCTCAAGAGAGTTGATAACTTTTCCATCCACTCGTGTAGCGAGCGAGAGACCAACGTGAGGTCCGATTTTGAACGCAGCTCACAGAGCGCGCATACGGCTTGTAGTCGCGAAAACAAGGTGACCAGCATTAAAACACAGGAATCGTAGCCACGAACCTACCAAGTCGAGCTCGCCACGCGCTTGTTCTTACCGTCTCACCGCCACTCTATTTCTACCGATACTATAAACCCTTTCGCTACCCGCGGCAGGCCGACTACGAGAATAGCATTCGCAAAACAGAGAGTCCCAGAACCTATCCGTCCGCGCCATTTATACTAATACTAGATCTCCAGCTAAATGAACGATGAGCACACCTACTCCGGCTGACAGTGTAAATTTCGATATCCGAGGTATCCAGACGCTGGTAACAGGCTTACTTAAGCACCTTCAAGGAGTCAACCGGGAGGGCATACCTCTCGAGTTTGCACGGTTTCGGTATCTCCTGACACGTGGCTGTGATACTCAACCGAACGGCAACTATTTAGAGTTCTTAAACCAACGTCAGAGTTCTACGTGTCGATCACCCCCTCACGAGG,1705,48.68,Drosophila melanogaster
SEQ_449743,CCCCTAGTGCGGTCCGATGACTGACTCTTGAAACCGGGGTTGTTAATACGCGGGGGACGGGAGGACACCGTGAGATTGCCCATTATGTTGTCAATCCGTATCTTCGTGAACGTTAGGGCGCGCGTCATTCAGACAGACCACACTTGCTTGATAGAGGGAGGATCAGCTTACGACGAAACAGCTCCAGTGAACCAATGCGAGCCGGCCCTATCAAATCCCAATTTTTCATTAAGGTGTGTTTCGATGGCCTGTTTCCCGCAATTACGCTGAGGGAAGAAACGCGAGGCAGTTGAGTCGTAGTATGCCGTTGCTGCGCAGTCTCGCTGCGATATGGGTACGTCACTGTGTTTATGATGTGGGATGTACGTTAGAAAGGGCACTCGTATACAAGGATAAACGAGGCATG,406,51.48,Arabidopsis thaliana
SEQ_175746,GCGAGTCCAATAGTGTTCATCTCCGCGAAAGTCCCACTTAGTCGCAAGAGTCTCCCCCTTTGTGGTCTAACTCCGCACATGCACCTCACTGGAGTACCTATATGCCCATGATTAAGGCGCTACGTTGTCACTGGTACATCCGATGGCCGACTGGCTGAAATTTGCGTGGGTTTACGAATGCCTGAGAGATTTTAAGGTGCCTGTCAAGTCTACCCAGAGGTCACACCCCCGAACTTAGGTGGATATTAATGTGATATTCGCAGTAGCTGAACAGGACTTAAGTAGCTTCTTATTCTAGTACAGGAGCAAGAAGGGAACAAGAAAAACTCGGTTACAACTGAGAGATAAAAGCTGCGACGACTTTCATAGTAGTTGTTTATAACGGTGGTTAGATGATTTGACAAATTGACTTCCATTTTACAGGGATGCACGGCATGAAGCCTAAAAGCGAAGGAGTTGGTGGAGGTAGACTATACTGATGATAGGAAACGGTCGTGCGCCATGGAGGATCAGGTGGTCAGGTACACTGATTATACGTATAACTGAAGGCGGGCACCGAG,560,46.96,Homo sapiens
SEQ_778548,TTCAGGAAAGTACGATGGATACGCCTGCGCCGGTTTATACGTATCAGCAACGGTCTAGGAGATCGTTTTATCACAGGCGTATTCGGATGAAGAAGCCCATTATTTGAGATACATCCACAGAGGCCCACGCCCTGCGGCTCCCCCTGTTGCAGGTCTCATGTAAAACTCTCAGTTTCTTATCTCTGGGCGCCTACACGCATAGCTCAGATGTCCTCTAGATGCCGCTGTCATGGTCCTATACACTGGTACATGACGCAACGACTTCGAGGATGAGATTCTTGTTATATGACCCACAGTGGTCACTACAATCTCACTAGTAGTGAAACGGCGCCTTCAGGCCGCCATAGCCAGATCAGTCGTGCAGCTATCTGCTCTGTATGTTTCACGTCGAGGTTCATCGGTACTCGTATTTTCTCATCGTCAGCGGGGGAATTCTTGGGCGTCCCTGACGTCAAAAACTTATTATCGGAGCTCTCTAAAGAGTTGCATCTGGCAAGCTCACACCAACCGTTTACACATGGAGCTCGGGCCTATCTTCACACCCCTCACAGGACCAGGGATAAGTTTCCCGGTCTGCTCCTACGATTATTTCGAGTCCATGGCCTTTATCATGTGCCATGAACCCCACGGGCTTTTTCGAGGGGAGCGAAGACTGATAGACGTGTGTCACACATAGACAATCGGGGGGACTCGTCTGTAGAGCCCCAGTAATAATTCGGTAGAAATGTATGCCCGCACGTCGGACTAGTTCTTGGCCTCCGAGTTCGATCTCTTATTATTGATCAGGGCAACGAATCGTCCTCGACTAAGCCGAACGGGTTCTGCTGCAAGAGGTGAGCAAAAGTAGTTACTTCACGGTTCTCCTTGATCAAACACGAGCGGTAGTACTCATACACCAGGCCCGAGGCCAAGCTCCCAGAAGCAGGCGGTTAGATTGTTCCGGGGTTACTGAGATGATAAACTTAATTAAAACAGTCGTGAGTAAACTTCGCCGGGTCTCTGTAAGTCACA,1011,50.15,Escherichia coli
SEQ_292647,CAACGGGCGAGACTAGTGGGTGGATGTTCTATGGAACGAGACATCGTGTACGCTCCGAGACTGGTGGGCCACATGAGTAAACGATCGACGCGCCGTGACTTAGGCCTATTCCCCCAGTAAGCCTGTGTGCGATCTCGGGTATCTAAACATATGAGCCACAAAACCGTATCGGGTTTGTTAGGGCGGTACTACGTATGGGGGACAATCTGACCCCCTGTTCTTGAACGCGCTGGGCGTCCACGGTCTGCAAAAAGCCCCGCTAACCTAGCAAGTAACCCCGCTTCCGGTCCTCAGACAACACAGTTCACAGGCAAATGCGTCGTTAGTATATCAACGTATGTCTCGCGCTACAAAGTGGATGGCTAATATGGAGTTCGGTTAACTGGGCCTACATTCTCACGGTTAATTCACGAGTTAGGCCTGCTACGTCCTCAAGGTAGTGACTTCTAATCTGAGCAGCCCAATTAGGGAACAACCTGAATATTGTCCGCTGAAAATTAGCCTTTTGGGAGAGTGTTTGACGTCACAATTGGGTCAACCTCATATAGTATGGCCAATGAGCCGTGTGGAGATTAGTGGAATGTACTCCCTATTTTAACACCCTGAATCACCTCGGCTACTAATTCCAGGAATCGTGAACGCACATACAAGCTATTACACAGGACAACTTGACGGATGGACGGGTCGGCAGCGTATAACCCTCGACGTCCTGGTGAGGATGCTGCTTCGGGGCACGATGCACAGGTGCGCATACGATCCGCCTTACGACTCCTATGCCGCGCGGAGGTGCCTCGGTCGAATCCGACCCACGAAGAATTTGATGTGCGTCTCGTTATCTGCTGTCCAGGCGAGCCTTATGGTCCCCAGCAAGAGACATCAACTGTAGCTTCAGGCAGAATCAAAGCCAGAGACGAGTCGGCCGTAGCTTCCCACTGTCGAAGTTCACGGTGCGACCCTGACA,961,52.34,Caenorhabditis elegans
SEQ_143372,TGGCCAGTGCAGCTGCAATGCCCGGCTGATACAACAGCGCGAGGGAACCTTTACCGTTCTCGGTCCTAGTTTTGACGTCCTGACTGTCTGGCACTTTCCGTGGACGCGGTGAATAGTAAAATTTCCAAATTAACTACAACCGATGGCTGGGGGACCTCAGGACCTATGACGTTAACGGTCATAGACGGACGTCGTACTCATAGTGCACTCGACGGTGAGGACAAGATCTCCCTGGTTGCGAGTGGTTGTTTGCTTTCATTCTATTAGGCGCGGACTACTTAGGGGCCGGCGCGCTTCGCGACACGGTTTTCTCCTTGGCTTGGAACTTTAGCAGGGCGTCATGATCGTCTAAAGTTCATACCGGACCATCTGCTATACCCTGTAGGGGCACTACGTTGCGAAGTTTCATCAGGAAAATCTAAAATTTAACTTTACGTCCGAAGATTAGTCCTAAACGGCAGATCTCCACCGTACTTGCTATGGGACCCATGAGGCTTTGACTTTCAAATATTTCGATGATAGCCCTCACTTAAGAAGTTTCCCCTCGAAGTCAGTGGCTTTGCCGTCGACAGGATAGACGTCCACTGCAAGAGGACATCCTGTCTTGATGGTATTCTTGTAAAATTCTCGATTTGGGCCTGCTCCAATGTAACAAGACGTAAGTCAGGATGTTATGGCCACGAAGGCCCCGTCGGTAAAGGCACAGGTGCCTGGTGTCCAACTTTGCGAATATCTGCTTAGATTATGAACAGCATTGTTAGGGTTCTCTTCTGGAGTTCTTACCTGCCTCTTATCTGGGTCTAAATAATCAAAGTCACGATTGTCCTACTTGATTTTTAACCTTCACGCAGTTGGACGCTCTCCAACAAACCCAAGTTACGGAAAGGAGGGTGTTGACACAATAGCTGTAGAGATCTTCTGTACGAATCAAGCTCAAGCAGGGACCCTTGACTGGTGGTATTTACAAAGAATCGCCATAGATATGTAATGACATGTATTATTCAAAAGGGCACTTAATTCGGGCAATTTCACCCTCACGTGGCCCAGGGTTAGTCCATAAAGAATCTTGCGGTTACTGGTCATATTAATCATCTTCAAGAGCTCAGCTAGCAGTGTACTTAATACTTGGGACGAAACCTACATTGGGGGGAACGCAGGCTTGAATCCCTATATCATGAATAACCGTGACATCACAGTAGAGACGTGCTAACAGAAGTAAAAGTCTGTACCCAGAACTGCTGACGGGTGTACCAAGTGTTGCTTGTTAAGGGCTACAGACGGCGGCTAAGCGCTGATCGGCGATCACGGCTTGGATATGCCCCCCACGACCACTAGGATGGTAGAGTGGCGTTTTTCGTGTCGGGGACGCCGTAGACAGCGTAGTCTCGTTTGAGCCAGCCTTTACGTTTGCCGTGTACAAATATGCAGAGACTACC,1436,48.19,Caenorhabditis elegans
SEQ_740237,AATAACTTGAAGGACTCGTTGAGTTGGTGACTACCGGGTCCGGGAATTAATTACTTGAATTAGCTAACTATTGCTTCTGTGGATTTTATGACCTAGCCTTAATGCGGCACGCCAGGTTGTCAAAGGCGAGCTCATACTTAGTCGACAGGTCAAAGGTAGCGAACAGTTGGGCACCATTATAATCCAGCGTTACGGTAATCCGGATAAACCATGACGTAGGAATCGCACCTGTGAGCACTGGGACTTACTCGTGCAGATGTGAATAACGTCTGTCAAATTCAGCTATAACTTGGGAACATACATTAGTTTTAAGGTTTCTCATGTCAGCAAGGTCTATTCACTTCTCCATTCTTAGCCGCTGTCTTGTATTCAAAAGTATGACCTTTTGTCACGCACAAGGAGTTCACTCCAGAGCTCCACAGGAACATTAGTTGTACAAAGGGTACCAAACTGTCCGAAAACTATTATTGGCTACGTCCTGCTCGTGGGGGCGTGAATTTGGATAGTGACGGCGAAAAGAACGCCGTAAGCCCAGTACCATGAGTTTTTTCTACGGCCTATACCTTCTTGTGAAATGCCGGGGCAGCAAAGTGGTATATTGCATTGCCTCTTATGCTCCTGCGCCCCTGCGGTGTCGTGTAGTCCTAGTTGGAAGTCCGGTCTGTGCGGTTGACGCTCTGCGCCAAGCTAATCCAATGAAATTCCATTATGAAGCGTAACGGTGGTTGCTCTTCCTCAGATCATCCCTAACTACTCGTTACCCCTCTTTGTTTGCGTTTGTGCACACAGTTGGAACGTCCCAACGCCATGTCCCCCCATGGTATCATGTTAGCATTCGAGGGTGGAGGCTTTGGAGGACGCCGAAACCCCTGAGGACAATAGCTAACGGCATGAACATCGCTACATTAGAGCATGGATAAATATACAATCCGATGCCGTCGTCATATTCCTGCACTCGTGAAAGAAATTCAATGCTTGAAAACCCTGCCGATAACGACTTTTTACGCCCCCACACGAGTGCGCAGGGAGGAATCCTCAAGATAGAAATATGGATAGTTGATCCCAATAGATGGCCCAGGTGCTACAGTATAAACTTTACCCCGTGGTTAGGGCCCACCTGCGGACATCATTCTCACGTACAAATGAAGTTACGTCGTCGTAGACACTAGACAAACGGCTGGTCGCTAGCCTTATGCCTTGCAGTCCCGGCACATTTACGAGATGGGGGGGAGCCGCTGGGCTCATGAAACCTAAACTGCGATTCCTGTCGATGATTGAGCGTCTTATGAGCATCGGAGCACTCAAAGCGCATACCTAGTGGTTGTAAAACGAGGAATGTTTTCAACTTGGATAATCCGAGCAAAATACCGACGACGACTCCTCCATTAACCGTCCAGTCGCGCAAAGCACGGCAACCTTCGCGCATCTCGATCCGGTGGTCACTCTGAAACAAATTCCCGCTTAGCATATGTGAATGGGCGAGACAAAAACGCTGGAGTGACAAGAGGGCAAGTAAACGAGATGCTTT,1528,48.17,Saccharomyces cerevisiae
SEQ_855197,GTCCACCTCGACGGGGTTTGAATCCTAACACAAACGTACAGCATCTGTCGGACTGTAAAGTCTAGGAGATCGCCTATGCGTTCATGCGTTCCCAGACACAATAAGTCATACGCAGCCCAGGTAGCATAAGCCAGATCAGCTATTCCGCGGGCACCTTTAATATGCGAAGAACTAAAGACTATTCCCTTCGTCGCTAGCCCCCTTTCTTGCTGATGCAACATCGCGTGCTATATGTAAGCGAGCGTTACCAGATTCCGCCAAAGGCATGGTCCGGAAGCGATCCTATGTAGTACATC,296,50.0,Caenorhabditis elegans
SEQ_605383,TTTCTTGGAGGACCCACTCTCGTTCAAAGGATAGGCTCCGTCAGGAGTAGACGAAGATGGAACCACGTACAGCCCAAGGGTATTAACCCTCCATCAAATGGAGCCGGGGAGCCTCCCGAGCGACGCGAGATCGGCTCTTAACGGATTGTGGGGGGGCTTGCTGATACGGACAGTCATAAAAATGTGCTTACATACTATTCCCCAGGCCACTCGATCGTCTTTCATTAAACGAGGTATCGACCAGCATAGTCTGAGGCACCTGTCAGCCGCGGTCTAAATCTTATGTGAGGGATGGGGGCTATCAGGAGCAGCACTATAAGCAACGGTTGCAACCTCGTCGCGTTTAGACATCAAGAGGGCTAAAGCAGCTCTCTGTTCGTACCATCGTTAAACGTCGGAGCTGGATCCGAGGGGTAATAAGATACAGAGAATTTAAGTCTAGAGTAGATAGTCTTACTCAGACCCATTGACGCAGTAGAGTAAAAGCGGTTGGTCGAGAGTGGGCTGTGCGGTTGGAGTGTCCGAGTTTAAGCGCCGCGTGGTTTTTGGGGTTCCACGTATACTCCAGTGCGTAATAGTTGGGGATCGGACCACCAGTGAATCCGCATCGAATACTGTATTGCAGACACGGCGCGCGGATCTCGAACGCCGGTGAGAGTTCATAGTAATGGGGGATAATAATCTTTAAGTCATAGACCCTTAAAGAAAAATTGACTCCCCCGTGATTAGGTAGCATGCGGTAGCTTGTCTAAATTGTTTTCAATAAACATGACTGTAGACAAATAAACTTGTCCTAGACTCGCGGGTTTTGGTTCCTCCAACCCGCACAGGGAATAGGGTGTCGGAGCTGACCAACCTTTTCTGCTTAGTGCTTTCCGACTTTTTCCGGCCTATCAGGCGAACCTATGGCAAGGCCTGTAAGCCTACGTATGCGTAAAAGA,941,49.73,Arabidopsis thaliana
SEQ_676053,TTAATTGCCACGGTCAGGTCTTGTCGTGGAACACGTCTCGTGAACCTAACCAACACTTCTTTGTTACTGGCTCTAATGCCAGAACTGTAAAGGGACAATAGCGTTGCAGGGCTGATCCATGGGGTTGAGGGTTGGTCCTGACGCCTGCGTTTCTATGGTCACGGCACCTTTGAAGGGCCTTCATATGGTAGCCCATAAGAGACGCCTAGAGGAGGAGCCCATATGTGATTTTGGGAAAATTAGTTAAATTTTAATGTTCCAATTGCAGTTTACTGCAAGTAGCGTAGCAGAATCGGAGGTATGGTCACAGGTTAACGTCGATACTTTGCCTACCGAATCTATGGAAACGAGCTGCGATGTATGGCCTTTGCGATTCTCCAAGTTCGAACGAGTCACCATGACGATGGCACCTTGCGTAGATCCGGCGCATCGACGAAATTGTGTGCGCGGCATCCTTCAATCAGGTCCGGGGCGCGACCTGACCCCCGGGGCCATAGGATAATCCGTGACAAAGGTGGCTCGGCAAGTGATTCCTCGATGCTGTAGAGCAGGGGCCAAATAATGGAATTCTCTGCCGGCGGGTCCTAATCAGTGTCCCCTGAGTAGTGAGACTTATGTTTTCGAGAACTCTATCGCGTCCCGATCAAGGAAAGTGACTGCATACTGAGGTTCCTCCATTCCACCGCAGTAGCACTGGCTCAACGCCCAGATTGTTCGGACTAGGTCTGAGCTTTAGGCTCGACAGTTTTATGAGACGCCCCGATACCAAACGCGTCAACATGAACTGTGTCCAATCCTTAGTGCAAAAAGGTAGATGTTGGGGCGTTAATTTCCAGGATCGATCGCGAGCTGCGAACAATTATGAGATTCTCTTCTATGTGCTATAATTGTTTTTCCAT,899,49.61,Arabidopsis thaliana
SEQ_755897,GCTCTCGAATAACAGGCTGGGAGGACAAATCGTAAGGGGTATTATATTTGTTTGCTGACGGTACCGTCGACCGGTTCAAGCCATCGAGAGCGGGGCAGACAGTTAGGCAGTCCCTGACGACGTGGGGAAGTTCAAATGGCATGTCCTCGCACCGGGGGATTCGACTCGTACCCCCGCAGAATCGTAATGGGTTATATGAGAGTGGGCCCCTCAGCCGAAGTCGAAGCGGGATACGTTCTTGGGTAAATGCATTTCTTCAGTCCCCCGAGTAGGTAATGCGCTACATCCATTGGATCTCACAGAGTAGAGGTGGTAACTCCACATATACTGCTGTCAGGGGTCGACACGGCTCGCTCAAGAATGAATATGTGCATAACCGTTAATAAGCATTACAGACGTCGGAGCACGCGCCCAGATCCGTTCGATAGATCAACATCGGCCCAGGATCTAGAGCTAGGACCCAATTTGAACTAATTAAGAGGAATCCGACCGCCGCTAACACAGGCGATCATCAACTCACTTTGGACTGCGAACAGCTAACTTGGAGCATACCACTTACGTAAAGGCGCCCATGAGCAATCCTATTTACTGTTCCGCTGGCTGAGACCGGTAGTTTTAGGTCATAGTACCGGCTTATTTTGCCCCCACCACAGTCGCGTTTACGCTCCGCAGTTTATGCCCCGCTACAATAAAAGCTGTAACGCGATAATAGCGTCAATTACACGGGATCAAACAGAGGCGATGGTTGACTGAGGTAGATAGAGAACTTACGTCCCTACCCATGAAAACTCAAGCCACCATAGGGCAGGTGCGCGACCTACAACAGCGATAGGAGTCTCTGCGGAGTGGCGGGCTCATGGGATCTCTCAGCCGATAGTCATAGATTTGGGGTGGACGATCAGTGCAGGCACAATGCATCGGCACTCCGGACCCTTATCCAAAGAGTGAGAAGACGTGTATAGGCAGCGGCTATCTTACACTAATCTACGTTTGGCCGATCTAGAGGCAATCGCGTATGCTGGGTCTACAGACGCGGCAATAACTTGACCGCAGAAGACAACCTTTGATTATTGCAGGGCCGGGGTGCACTTGCTACATATGCCTATACGCTCCGAACCGCTGGTCTGCTCGTTCGATATAGTCGGTCTGGGTTTCATTGCAGTATACGATCAGAACGATGCCTGATGACTGAGGTTGCTTGACCTGGAGTATGCTCCCTAGAGAGGTAATCTGTGATCCAAGAACCGGTCCGCGTCAGAAGCCCAGTTGATTCTCGACTCTGGACGGACAGACGGTTCGTTGAATCGCCATATCATCGTCAAAGGAACCCAGTCTCACCCACTCTGAAACCCTACCTAGGTACCAACGAACAAAAGACTCAAGAGCATGGTTAGAATAAGAATAATGTCCCATATTCTGGCGGAAGTGATGAGATTGGGCCGACCTGCTTGTAAATCTCAGTGTTGTCTTCACTCTTCTTCTGTTGCATTGGGTGGGGGTATTAGGAGTGTTCTAGAGGGTCCGCACCGCTAGGAGTAGGTCCTTCCATGTAACGACACCACCTAAACGGCTAGCATACCATCGTCTACTGAGATGCAGATCACGTTAAAATCATCAGGCGCTCCGGTTAATCTTGCCGGGCCCCCCTTACAGAGACTTAGCTCACCTGAGACAATGGTAAATACTTACGAAATTAAAATTTGAGCGTTGTCAGGTTCGTCACCATAGGTCTTATCCAGATCCCGTTCATAGGGATGTCCGACGGACCCCAGGAGTTGGTCTACTCGCCGGGACTCTTAACGGTCTGCACCGACCGTTGCCTGTCAGAGCAGGAGATTTTCGCGCTTACGCCAACTTGCAGACATGTCTCTACTTCA,1877,50.88,Caenorhabditis elegans
SEQ_666556,TCTCTAAGTGACGCGACAGGCGAGATCCGAGCATACAAGGTTTTCAGCGTCCTACTGGCTAACGAACCTTCCACCTCGGTCGTGTAGAGGATACCACTCCTAGACATAAGCCTTCTGAGCCGAGAGTACTTGTAGGGGCTAATTGTCTTGAAACCGTCTCCAATGATGATGC,172,50.58,Homo sapiens
SEQ_988562,GCCCTGACACGATTCTCCAACAAAGCGGGATCTAATAACTTTTTCTCTAACTGCACGACTGGACATGCGAATGCCACGATCCGATGGGGACGACAGGAGCGCGAATTGTGTTACATCGTGACCTCGGCCCGTGGTGTCGCCGAACATTACAGGGCGCGCGATACTATCTGGCTTCATCATTACATTATCAACTTGTCCCGTATACCCATGGGAGTATCAAAGCGACCTGTGAACAGCCGTATGCTCTTTTGCACTCGTTTGTTGGAGAGAATTGAACATTAACGTTACGTCTATTCGAGCGAATGTACGAGTACTTTATCAAGAGTGTCCCTGCCGACAAGGCCGGCCCGACTCTCGTTCCATAAAAATACCTTATCCACAGCATACCCTTGTCATTAGGAGGCGTACAATCAAAGGGTCTTCTCGGCCTGCTGGAATTTGGCGTTGCTCACCTACAAGTCGGCTTCCCGTCTAGCTTAGCAACCAGGGCAGTCGTTCTCATCCAGTCTACCACTGATTCCTGGCTTATCTGGCTACACACGTAATAAAAATGCCGTTGGAACTAACAACTAGAGGCCAAACAACCGGCTTACCTGAACATGTTCCTGGGAATACTGCAAGCAAAGCAATTAATCACAAGCAAAAATGATAAAGGCCGTGTTAGTTTACCAATAGCTGCAGCTGAGCATAAGAATATTACTACCCGATTTCAGGGTTTAGGTCGATCATCCGGCCGTAGACCGTTTCGTAGTAGCCGAGCATTCTCTCGTTACACGAGCCCTTGCTACTGGGAAAGTGCCATTTCACGTCATTTCAGGCGAGAGAGGCCATAACGTCCTAGCAATACTTTGCCCATTATACATGCTGGCATAGCGCCGAAGCTGCTGTCCTTTCTTAGCCATTGATGTCGCCATTAATCTATGATTCTACCCATACCGCTGCTTTGCCTGTAACGTGGACCCGCACAGAGCACGGTCTCAACAGGGCTTCTTCACCCGGTGGACCTAGTAAAGCAAAATTGGGTGGGCCAAAGGTTGACCGCCTCTTGTTGTACGTAAACCCCCCATTGTACGGAGAGCATAAAGTTAGGATCTTATCACCCTCTTTTGCATTTGCAGGCTTACAGCATGAGAATTAGCCTCACCCGACAACTCGGCCCCTGATTGTCCTCAGGATGCACTGCCGGCTGGGGCCACCTGCTTATCATCCCAGGCTCCTTTGGCGACGTGCTTAACGTACCTATGCTTCTCGTAGCGCCCTAGTTGCTACTCACACGGTTTTATACAACGATACCCATCCCGGGGAAGTATGGTGTACGGTGCTAAGCTGAGAGATAGAGGGCGTGTGACTCCCAGAGAGTACTGACAGGGAGCACGTTTACTTCTGTGTAGACAGCTGCAAAACGTGAGTGCGTCTAAGACGTTAGAGTCGGTTCCAAGTGGAAGACGA,1449,49.76,Arabidopsis thaliana
SEQ_576204,CTGCTCGAACCGAACCTCACTGGTCGAATTCCTATTTCGCCGAAGGGGAGGGGGACTGCTACTAAGCCTAACCTCCTCGTCCGACTGGTAGCAGTAGCGAAGGGACCGAGGTTAACCACCCTGGCATTTCTTACCCTTAGCAGGAGAGAGGGAGGGTCCACGCCTTCGCGAACTTACTTGTGGTCGGTTGCGTACGGGGAACGGTGTGGGGCTATTGATTAGTTGCGATTCGGCCCTAGGGCTGTATTGGCACGTATCGGGGTCCTTCCGCAAGTGTACGAACATACTATATACTTCGCGACTCAAGAGAGCATTGATCGAGCCAAAGCCGAGGCTAATCTACACCGGTTCTCACGGGGAACAAGTACTTAGTTAGAGTTGTACCGCATCTCGGGTAGAATGGACCGCGTAAGAGTCGTCACTCGCATATTTCTGCTCGACTATCTTACCATCGCTGTTACTCTTAGGTGACGCAAGTCCCCTAGATGCACCTGTGGAACCATCGCACTTATTAACTTACTATGAGATCGTGTTCTTCGGGAGCATCAACCCCTCCTCTGGCTTTAACCAACGACGTAAGGCCTACCACCGTTCCAGAGCGCTCATTCAGTCCCGTTACCGCAGAATCGGTTCCACTGCACCTGAAGAGTCGACTTAAAACGGTTGCGTTTGCGTATTTTATGCCAGTTAGGTCTATATTCAATTCACATAAATGACACTAATGCTTTTGGCGTTTACGAAAAGACGTATCGGAAGACGATCTGATTGACGGTTAATCGTGATGCTTCTGTCGCTACGGCTTAATATTGTTCGGGGTTGCCTTACAGCATCCTTTGGTCGTCGGTACCAGCTGTCTGGAAACTGCGACGTCAGAACAGCCCATATATCTTGGGCAGCCTAGACGAAAGGGGCGCTTTCTAATCGGCCCAGGTCACGGCAGTGAGCCATCCGTGCCCTATTTCTCTGTAGCGACGCAGTCATTAGTCAAACACGATTCAGAAAGATGGTTCGATTGCAGATCCTTCCGTGGAGGGAGAAACTTTCTCATTTAATCAATGAGCTCACCAATTAGTGGTTCAGACCCCGTGTTATAATTATTGGGAATTACCCGATAACCGCCCAAAACACCCGACCCTCCTCGGAATTGCGTTCGGAATGCGACGTCTTGCCATGGTACTCGGGCCTGCTTGAAAACCTGACATG,1203,50.54,Homo sapiens
SEQ_118369,TAGTCTGAGATTATCCACCGATAACAGCGTGTTCTACGGGGGAGTACTGTCTACGGATAGTGTCGGTAAAGATCAACCCTATTTGGATGACGCGATCCGACAGGTCGCCTCTAACTCTTCGGGCCCCCAGATTGCGTCTCTTATTGGGACGAAATTTTTTGTGGCTCCGTTACTATGCGGCTTTAAAGAGCCCAATCGACTCGGTGTTCGTGAAAGGTAATGAGGAAGACCGCCACCGGGAGGCCGGGCTCACAAGATCAGAACCTTCCCTTGGGACACCTTGTCACCCTAATGTGTATAGGCAGTATTTCAACGGGACTGCTAGGATTTCCAAGAAGGCGGAACGACGACGAAAATGTCCAGTTTCCCAGCGCCGGTTTCTACGCGTTGTACAACAAAATTGCGTTCTTGGAGCACAGTGGACGGGCGATGTTCGAGCGAGGGTCGGTTTTCATGCCAGCAAGAAAACACTGATGGCCCTAGAGGACGCCAGTCTACTGGATCTGAAAAAAAGACCAAGATGAAATAACTGCCTACCCCAGAAGGGATCGCAGCATATCATCCGAATCGACGACTAATCGCTCACACCAAACATGGAGTTCGATAAAACCGTGATATCGCGATCGGGGACTACATGTACCACTGGCGTAGGGCATTGATGCTCTGTACGGATGTCTATAGATTAGGATCTGTGGTTATACAGCAGATGATCCCAGTGGTATAACACCGTCCTATTCGAACGGGCTATATTCTAATAATACGACGGAGATTGTTAAAGAGGTGTGGGGCTATACAGAGACCGAAAACTTTGTGCTTAACTGCCGCCGGGGTTAACTCGGACACCCCTGCCTTGCAGAATGAGTGGGCGGAAGTTTTCCGCTCGGGGAGAGCGTGATTGCTGTTTTGGGTGCATTTGCATATACGGTCTAGAGATTGCAGGGGAACGGTGAAGAGAGATACAGTGGGGCGAGATCCTCCCGCCACAACCATTACCAATAAGTGCGCAGCCCTCTGTCTCTAACATCTGAGCTACGGGGTGCATACTTTGAAGAAAT,1055,50.14,Escherichia coli
SEQ_306424,ACTAGATAAATCACATCTCCTAGGTTTTCGCTGTACCAGGGCTATCCGTCCGGTGCTTAGTACACTTGAATCACTATCTGGTAACCTGATCAGTTGTGGGGGGGGAGACGGGGTTCGAAGTGGTATGACACTGTATGTATACTCGCCGTTGGATCTTACATAGTTACGTCTTACAAATGAAATGCCAACCGCCCAGTAATCGCTAGGCAATGGAGCCGTTGTAGGAATCGCCATGCGGCAGTTCTCACACCCTTCGAGCCGGAATTCTGACGAATTAGGGAGCGTTTTAGGATACGAAGGTATATTCTCTCCATGGCCCTATTTAAAGCCACACTTACGTAGAAAACACTTGATTAGATTGAGAGAAA,368,46.47,Arabidopsis thaliana
SEQ_254051,TTACTCGGTAATATACCTTGGAGGTAGTTCAGGGCAGAATTCATGACCGTCCAGCTTAGACTGGTCCCTGGCATAGGATGGATGTCAGCCTTAAGACAGTTTGCAAATCGTCGTTAGTCTTTTATAATAGTTTGGCGGGGCTCGCTGCCCCGCTATGCGTTCTTAGTCACCGTCCTTTATGATTCAACCGAATCGTGTTACTCTCTTCTATCCCAGCAAAAACGTGATGCGAAGGTGGTGCAAATGGAGCCAGACATACGGGGTATAGCTGTCATTATCAGAGGAGATAAAAACTATTCAAATATCGCAGCTCCACAGCTGAGGGGACCGTCCGCAACTTTGATAAGGAGTGCCCGTTAATTATCAAGCACTGAAGTTATGCTACGCAGCTCATTACGGTTAGTCAAAGCTCCTTGCGAATGGGTGGTGAGTCCGTGCGGGCGAGGGGGGGGGTGCCACGGCCGTCTTAGTCTACAGGCGAGAGTTGCGTTGATCGCGGCACATCACGACAAGCAGGGCAATAGATCGTACTAACAATCAATTGCGATAGGCACCCGGGGCTCCTAACCGATCCTCCCTAACCTGGTCAAGACAGCAGTTTCCCTAGGCGTTGGTGCTAAACTTTCGAGATTAGGTATAAAAGACTATGCCACCCAACGTCAGACTTGATGCGATTCAAGGCGCCAAAGACAAGCCTATGCAGAGAGGTGGCGCGTAATGAATGATGCGTGTTCCATATGTTTTTCATAGTGGGCTAGTTCGGATGTCGTTGTATAGCTTCCGTCGACGCACCCCGGCAGGGAATCGACGTTGCTGTGACGAGATGTGCTTCGAGGCAGCCTCCCATAACAACGGTCACTGTTAAGTCGCGTGTGCAGGCAGGAGGCCGCTGACTCTAGACTTGGGACAGGCCACGTTGGGAATGTTCTGGTGAGGATTCATCTCTTCGCATGCAGATCCTATTCGCCAGAGGCGAACAGGGATGTGAGGGGGAAAGGGGCCCCACTGTAAAGCACCTGGGTGCTATAATAAGTTATCACCCTGGCAGATGGAGAGAACATTGATTATGCAAGGGACGCAAGCGCCAGGCACCGAACATCTATACGCGTCCGAAGCCTCTCGCGATGGGACTAAACGCTGTACTAAAGCCGAACCCCTCCCTGCCGTCTGAGTG,1174,51.79,Arabidopsis thaliana
SEQ_707550,AGTGGTCATCCCGGAGGAGCATACATCCAAACTCATTCCATGCAGATCCAGAGCCGTTCTCCGGCGCTAAATCAGTAAGGAGCGTTTAGA,90,51.11,Drosophila melanogaster
SEQ_270752,GTATTTTTTACCGTCGTTCGTCAGTGGCAGTACGAGGGATCGTCGGCTTGACCATTGAGGCAGCAAAACGACCTGACATTCTTTCGCGGTTGTTGCCAGAGTTGCCGCCTCAAACAAATTTACTCCATACCCAGGGGCCGCCGAAAATTCTACAATTCCTCTAAATCTTACCTGAACCGTGACGTGTAGTGCAGGTCGGTCCGGTGTTATTGTCAAGTTCCATAACTTATTCTAGCAGGCAGGGGAGCATGTTGCTCTCACTTTACTTACGGCACAATTGGGAAACTACCATTTACTGGACCCATAGGTCACTCTCGGTGTGTTACCCTTCCCCATAGGTGTAACTGGGCCTTACGGATCCGTCTCGGCGGTTGATGTGTCCGCAAGAGACTCCGAAACTGAGATGGCACTATCCGATGCTGATCCGTTTCTGAGACTTGGGAATTGTCCACGCAGCTTCTTCAATATACTTCATCCCGGCAACACCGTGCTCAGATTCGACACCGGCTGTAGACGGCAATGGGCAAAACCACGCCCCGCATCGACACGACTGGGCACGTACAGCACAATTGTTGAAAACCGCCCGAGCAAGGCCATCGGCTCGTGAATCCATACCGTGGAGCCGCTCATCGGACGTTTGTCTCAATACATTCACTCGGTGAAGACAGGCGACTTGGGGGGTCATCAGTTTTATGGCCACTGATGCGTGTTGCTGTAACAGCTAAAGACAACCCCGACAGGGGGGCTCGAACTATAATTGCTGAAAGATGGAACTTATGGGGGGTTGTAGACGAACCCCTGAGATTAGATTATTCTGTCAACATCCCTGATACCACCGGAATTAAAGGTCTCGTCCCTGCACAAAGCCCAGGAGCCGTCAGAACTGGCCGCCCTCATAGTACGATCGCAGTCTAGAGGAGGCGATCACGATGTCACAAAAACCGAGCCAAACATCCAGGGGCAAGCGTTCACGCCTTTATACTAGATCACTCGGTCTGCTATGGTTGACCCTCGGCCATACAAAGGTCGAGGAGGGTTGTACTCAAGGGATTCGATCCGTGTCTGGTAGACCTCCATAACAGACTTGGAATAGATTAACCCTATTAGTGACTAAAGCTTGCTAGGTGACGTTTGAGATCCGGAGGGTGATAGCCGGGCCCGTGCGGACATTTGCTCCCATG,1181,51.57,Drosophila melanogaster
SEQ_126448,CTATGCCTGCTTTAGAATCATTCCAATAGGCTTAGGCCGGCCAACCATATTCAACCAGGGCAATTCGCCTAAACCAAGTGAGACATCGGAACATAACGTGCTGCGGGCCACTCCACACAGATTAACACGTCGGTTAGCCGATGCACCCTGACTTCTGCTCGCCATTTAGCCTGTGCGCAGGCGGTGTGTGCCGACTGAGTATCCAGCACCAACCTACACGATGCCTTGACGCGTCCATGCATCTAGACATCCTTCTTCCCCATTATGACCCGGTGCGCCTACACCCCGATTTCCACCCATTCGATGATGTCGACGACTATCAAAAAGTAAATACTGGTAAGTCAGTTGTGGCGTTTTGCGGGCCTTTTATCGCAGCAAATATGAAGTTACGCCCTGGATCGGTCATCTCGTATGGACAGTCTATTTGGGAGCTCCCTGCACATCAGTTTTCAGTAGTCGGCGTTCCACACAATCCTTCTGTCCCATAAGGGTAGGTACTATCGCTCCCGGCAAGTACGAACGATCCTCGTCTCAGGACTCTACTGTCATTGACCATGAGTGCTCGGGGTGGTAATGTGGATTTTGATTGGGACCACTGTGACAGACTAAGTCGGGTCTCCTCTTCGATGCCGAGGCCATCCCACCTGTTCTGGGGGTGAAATTCGCTCAGATACCTTGCAGGTATCTACGAAGACAGTAGTTAAGGGCTGGGGGGACTGCTGTATGCAATTCTGGCTTTGATCTTCAGCCGTACTACGGAGCGGCTGCGACAAGACCGCTGCGCCTGAAATACTATAGGCACACCACGCTAATGTCAATTCGGAATTATCGCCTCCATCTGAGCCCTAAGTAATCATCGGCCACCTCTTCTTTTGGGGGTGATCTCTACGTGTAGATAAATCCAGTCCTCGACGGGAATCTTTATTCGATTAGGGCCCCCGTGACGATAAGCGCCCGCCAGTTCACACCTATGCTGTTCAGGCGTTTCAAGGCATATGTGTGTAGCGAAGTCGCGAACAATGTACTCTTATTGGGATTTAGAGACATGACCGAGCGTGCAATGCACACGAGCTGTAAACGTCGTGATATTTTTATGGGTGACCGTGACTAGGACATTCATCCGAGATTGAAACGCTCGTTCTGCGCTAGAGAACTCCCAATCCG,1164,51.03,Arabidopsis thaliana
SEQ_776377,GTAACGGCGATAAGACAGTTGAAGACTTGGAAAGTGCGTAGGGGTGAACTTTCTGCCTTAATGGACACTTATCGCTGCAGTCCTTGACTTTAGGAATCCCTGCCAAGCGATTTCTCTTTTACACACTTTCCTCCTTTGGTTTTTAACTAGTTATAGGCTACGCTTTGCGTTGTAGGAGTTTACCTGGATATATTGAGTACACGATTCACGGTATCCCTTAATTGACGGCGTGCTACCGAATCATCGGAACGAAGGCCACTTCGTATGGATCCGGTAACAGTGGCGGCCCGCATTGGCGAGCCATCGACCTACACGTATGGTGAATATTGTACACAATCATATTTTACTTGAGAAGTGGGGAGAAAGTGAATAGCGTCGCAAATCGCATTTGAAGAGCGTACAGACCAACTACTCAACTCGAAAGCAGAACGGGGCAAATGCCATGTAAGCCAGCTAATGATGTAGACAACTCGGAGCGCTCCGGAAGACCGGCTATTAACACTAAAACTCATAACTTTTATACGGGCTGTGGGGGCAACGCCTCGGCAACCTCGCAGCTTGACTGGGCGTTACCGTTTGACAATACTTTCCGGCCATTAAGGACAGGCTACGTTATGCTTAGAATGGTATCGCCCCGCAGACGACTGAACCGTGGAGCGAATCTTGACTTGTACCGGCGTTTCATGTTACGGTAGCACGGCAGACTATGTCCTGCGTTCCCATACAACCGCGAACGTCGGGGAATGTGGCACCAAGCACGTAGTCGGAGTTTCTCTCCATAGAATTACCTGTCTAGGCATCGAAAGTTTCGGGGCTTGCCTCGTTGGTCAGCGGTCCTATTAACATCAATTGTCTACCTTTTTGGCTCTCGAAGTTTCTTAAAGCATTATCCACTGTTGATTTAACGGAGTAGCTCAGCTTCACTAGATAGCGGGGGCGTGGTATGTGGACTGGTAATACCTTTACGGGGCGAGGCTTAAATCACGAATCCCTTCCCGATACTCTAATGTACAAAAACAGGTTAACTACTATTATTATGAACTCACGGTCTATCAGTAGGAAAATGACTAAACAACTTGAATAAAGGAGTGTTCCCCGAAGGTTAAATACCGGCATATTCACCACCATCTAGTTGCGATAGATTTCCGGGACGTTCACCAGGCAGTGTCCATATCCAGATATGGTAGTTCGGGGAAGTGTATATTTAAAGCTGCAGGTATACGCACAATGCGAGAGTACTAATTGTTCTCCCAGAATCTGTGAGGGACTTGGGATCCCTCTTGAGCTGATAGAGCAGGCGGACCGCCCGTTAGCTATGAATTTTAGACGATCGTAAGTCTACGCGAGAGCGTGCGCAAAAAATTTGTGCCAGGTGCGTCTACTCAAATGTGTAGGCGAGTGATTATGTCCCTGACTTGGAGCAGACATTTCGGTTTTGACCTACATTTTGCTTTATCCAA,1460,47.05,Escherichia coli
SEQ_562087,GCGGTGTGAGCAGAAGCGGATGATGTCCGAACTACAGCAGAGTCTCTAGAACTCGTTTCTCCCCCTACACAATAGAAGCGGCGCATGACAGGCGTTAGTGGCTGCCCACCTCAGACTTGAACGATGAATTTGCGGGCCACTTGATGAAGGGGGGGCCCCATCCCTCGTAG,170,56.47,Saccharomyces cerevisiae
SEQ_117328,ACTTCTCCGTCCGTCTGATATATACGAAGGTGAACCTCAGACACAAGTTGTAATGCAAAGAGAGGCGAGGACCGACATTACTTGTTTCGTTCTCTCAGGCCTATGCTGAGGAAGCGGAACTCGCATCCCAATCGTCGACTAACTAGTGTCAAAGGTCTAATGCCTTGAGTTTTAAACCGAGCGCAACTCGCCAATGGGCGGAAGCGGACCCAAGGTTGAGACTGCGGAGTCGTTCTGCCCGCCAACGTTTCTCCAATCAGCATGCACTGTGGCTACTATATTGGAGCCGGCTGAGACGCGTCGCGGGCAGTCGGCCCCCCAAACTCGTCAACGAACCGTTCGAGGGGCATTCTGGCAAGCCTGCAGCTCTCGGCCATCGATGCTAGACGGTGAGGATGGGTGGGTCTGAGGGTTGTTTGAAGGAAGAAACTAACTCAGTTTATATCCCGCAACTGATCTGGTACCGTCTAAGGGCACTCTCTCATCTAAAGAGGAGATGGTCTCCTCGCGAGGCTCCACGCCGTCAGGTGCCGGATAAGTCTTGTAGAAACGGCTATTCTAGAGCTTACGTTGTTCTCAACCATATTACCATAGAGCATAGTTGGTGATCTGTTCAACTCTTCTGTGTGCGGTCAGGTGGCGCGTATGGCGTCTAATTCAACAAGAGTCCCCGGGCGCCTAGTACAGCTGGATCAAATAGGCATTTCCATATAGACAACGGCCGGCTCTCTGCCTGAGTTGGCTCGCCCCGTGGGCACATCCATTAAGGTTTTCTGCATCGTTCGGAGGGACAGTCGACTATAGATCGATCTGAGTTTTAGATCATGACGACAACGTGCGGAACATTAAAAAACCATTCGTACAGCTTTGCTGGCAATCGTATTTTTACAGTGAAAGTTAATTATTTGCATTGGCCACATACCAACAGGTTTGTGACGTGGATTGTACGCATCAAGTAGTAGTCGTAGTTATAGTCCGGTCGGGGGTGACCAGGCTGAAGACATTTCACTCGATATAGGGTCCAGGCCGGTTGGATAGCTAGACACATGGAGTTACACGGGCAACTCCGCCAATCCTTGAATAGTTAGCTTCCGACGCAATTCATAGCACCGCGATGTATACTTACCGGAGATACAAAGCAGCTGACAGCCTGGAATCCTCCCGCTCCTTCGCCTCCTGACGTTTCGACGCCCTCTTTATCTCGACATCGTGGAGGAGAACGTTGGAAAAATGTAAATTAGGTATGTGACCACTGTATTGTCTTGCGATATTAGCTGAAGTCTCTTTCGAGAATAAAAATTCCCCCCCCCAGTCAAGACCACTTCTCTCAACAACAGCGCGAGCCGGCGAAATAAACGGGGTCAATAAGCGCCACTTTAACACTTAAGCACCTATGCATATCACCTCATCTGCCAGCCACAGCCCTATAATACGATCGGTTTTCAAACTAGCTGCCCTTAGTACAGCGCCGCTTACCGTCATATTCTGGACTAGTGGTCTCGACCAATCACTGATTGTTAGGTTTCGGTGCAACTAGAGATAGTCTCAAAATCGAAGTTACCTGAATGACATGACTTGTTACTTCCGGTTTAGTAGGGCGGAGCTTCGGAAATCAAGCCCAGGGGGGGCCTGTCAGTATGTTGTTCCGTTACTATGAGCACGAGTTCGTACGGCAGGGCTGGCTTAGTCGCGCATGGTTTTCGCTCTTTATAGCTTGTGGTGGAAGCGTAGAAGCGCTGATAGATTCCCGACTGTCCTATACACACTAGATGTTCGGATTCTGTA,1785,49.86,Escherichia coli
SEQ_925972,GCATACTCTGGCGGTAGTAAAGTACCGCGACGGATGAATTAGATACAGTAAAGGGCGAATTACCTAGCACAGCCTCCATCGAACGTGTCAGCACGTCCGATACTAAGAGACGAGCTCGCAGAACAATACCGGCAGTGGAGCCCAGTTGCTACACCGAGAAACTCCAGCGTTTAGGATAGAGTACCGCCTCTTCGTAGGCTAAGCCTCCCCTTCCTAACGTCTGCCACTTGGTCCATTCTGTTATGCCGAATTAATTGAACGGAAATTAGTGCACGACCGGACTAGGCTCTGGGGCCAGCAGTGTCTAACCAACCCTTTTCAAGCCTGAGAAATCATCTGCGAAAGTACATACTCGCTCCTCAACTGTTTCTTTTCGCGCTTCGGTCTAGTCCTCTTTGATGGCACGCTGGAGTCGACCCGAACGGTGGGCAAGGCTTATATGTAATCAGCTCTGCCTTTCGCTCTGTGGTACCTGATGTAATTCCGTCCCTCTGCGTGACACAGACATCCGCCATTAATGGTGCACCCAACCCGTGCACAGTGAGCGGACATGGATCTATCTTTCGGTATGTCTTAGTGAAAGGTCGGACATCTTCTGTGACCATCGAAAGTCG,614,51.14,Caenorhabditis elegans
SEQ_502525,AAAGTGGTTGTGACTAACTGTGTTATCTATGGCGTTCAACACTTTGAGTGCTACTCGGACAGAAATTGCCCGAGTATGAACGTTTCCGCGGCACAGCGAATTTGGCCGCTGACACTAATTCCAGCATGGAACAGGAATAACCAAGCCCGTAAGAGATGAGTAGCACCCCAGATCCAGCAGTTGGACATGGTGATTTTCTGGAACAAATCGACTCGAACAATCTATCGAGTAAAATTTAGTCCCTGATCTTAAAGAAAAATAGATATTAACGCTTTCTGTAAGGACACCAAAGTACACGCAGTACTGTAGATTAGAGGTTAGGGAGATCCAGGATGGTTGCCATGTATGTACAGTGCGATCCAGCAGACTCGGCTAACTTTACTTCAACGGGCCTCTGAGCAACGAAAGCGCTGAGCCCTTTTACCCAATCCGTAGGGCTAGAAAACTCTCGTATCTATGGCTTACGGTATCGGTGGGGGCTACGATTGTTGTAACCGATTGTATTAATCGCTTCGGCGTTAGTTTCTGCACGACCCCCCACCATTCGTCGCTT,553,46.65,Drosophila melanogaster
SEQ_784095,CGCTGGTTGTGTGCTCAGATTGCGTGAAGAGGCCCAACATGCTAAAGTTCTCTTTTTGCGTTCCTTCTGGGTTTTCTCGCCGATCCCTATGAGTCTTAAAACCGGTTAGCAGCCCCTGGCTTACAATGTGCGAGGAGTTTCTTGTTGGATGCGTTTATAGCGGAGAATGTCATAATCGGAAGGGATTTACCGTCACGGTGGGCCGAATCATGAATCAGCGTGTCACTGTAACGAGGCTCAA,241,49.38,Arabidopsis thaliana
SEQ_638125,CCCAAAGAAAGCTGGTGCAGGATACTCAAGGTGACGGTCTGTGGAGATTATAACGCATTGTGGAATCATAAAGGCGTGTGACACACCCTCCCTCATGGCCACCGTATTGCGGGCATTGCGTGGGTCACACACTATAGTAGTCTCTGACCTCCGTCCCTACTCAAAAATTGCGGCACTGGTCTCAATTTAGTCTCATACCGTGCATGTGCGCAGGGCTACGCTAATGCAACAGCGAAAGGGAGAACGCTCGTTTGTC,256,51.56,Escherichia coli
SEQ_683759,CCAAAGCGCTGCTTTTTTGTCTCGCCAGCACTCATAAACTGAGTAGCAGGGCAGCCGCTTCATTAGTCATCAGAGAATCGCATAATCCCGGCGCGAATTCCCTGGGTTGTGAGAACTAGACGACGTATGTTCCGGTGTCTACCAATCCGCTCTCACGTAGGATTGTGCTCACTCAGGGCATGGATGAGCGGCTATTCGCACACGCGCGCGTTTTCACCTACGACCCGATTTTCTAACACCGGCACTCGCGAAACTGGGAGAAATAAAGGAGGCTTATGCCAAACGGACAAGCAATGGGTGCCAGCGGGAAGTTGAGTCCAGAATATTACCTTCAGTGCCGGCGATTGACGAAGCTCATTTTGGGCATGGGCATTACAGCCTATGAATCAGGAAGGTGTAAAGGTTCCTAACTATGGGCGTAAGTACCCCGCACTCATCACAGCCCGTGAGCCTCGAAGACCCTCAGGACCTCACTATTCAGGAATATGCTTACCGTGAGGGTTAAGGGCACTCCCACTAAACACGAGTCGTAATGACCGAGAGCAAGCAGAATTTTTACGGTGGGACCCGTAAGCGTCTCAACCGGTGTGTAGTCCAAAGTTAGGCCTGTATACGACG,618,51.94,Caenorhabditis elegans
SEQ_279049,GTAGGGACCGAACCCGACTGACCTGCACAATCGTTTAAGAAAAACCAGCTCGTTGTACTTGATCTAAGGTCCGAAAGGACGAGGCGCCGGATCGGCCTCCCGTCGCAATCTCAGGGTCATAGATTACTGGAGCATTGCTAGCCCACGGAAGGTCGGGGTTCCGCGTTACCTGTCTACATGACCTCCTTCTGGATGCTGTCAACGGGTTTCTTCTACGAGACCTGTTACGTATTAGTCTTTTGGCTAAGTCCTCCGGACATTTAGCTAAGAAGGGGCGATGCAACTCAGAAACGGTACTAGATTATCGTAGGTCGCAAGGGGTTAAATACGCTATTGTTCTCGCACTATGTGTTGACCCGACTAATCTACTTCAGAGAGAGATCAGGATTCGGAGGCTGACAGTGGCGGGTGATTGGGCTCACCCAGAGCTCCAGTGCGAAGGCAATATCGAAGTGGTTTGTTTCCGGTTGACGAATATTAGTAATCGTAACGCAATAAGGTCAGAGTCGAGAGGTCGCGCACACCATCAATCGTATAAATCTCGAATCTCGTATAATGACCGGCCTCAATACGTGAATGCCACAAAACATACTGCTGTATTATCGATTCCTACGGTAGACGGGGAAGACCTCCAACGCCGTCAGGGCTGCTAATTACATTGAATTTAAGCATTGTCGCAAGATATTAGCCGGGGATGGATAGTAGTCGGAGACCGACCAAGAGCGGCAGAATGGTTAATATGTTCATAAGGGCACTCTTTTTAACGTCCTCTCGAGTGTTACACCTTCAATCTAACAAGAAAAGAACTTAAAAAAAGACGGCATTCCTAATTCAAGTGGGGATGTCACCACATACACATATATCGCCGTTCTCAGCACTTCAAATAGGCGAATCCCGTGAGGGGTCGCACTGTTGTGAATAGTCGGTCCCGCGTTGTCTAGTTCAGTTCACCATTAAGCTATCGCACTACTTACCTACTATCAACCCGTGCCAGGCCCCAAATGGGCGACTGGCCACGAACCTAGCGAGATTCTCCTAATTTTTCACTAAGAAACGGGGTTGTGCAGAGATGTTGAGTGCGTGGGCACGCGCGCTGCTAGCTTCGTACAAAGGTTTGTTTGGAAAGACCGATTTCCACCTTTAATGACCAAGGATCCGTCAGGCAGTGGAAGTATAGGGTCGTATTCATGAAATCGTTTCGTTGTCCATCCACCGAAATAACATCACTCAAGATGAGGACGTTACAGAGTTAGACCCACAACACAGAATTAGTATCGGATGCCGGTGCCCCTTTGTGGAGTATACCCTGATTAGTCATTTGTTTCCATTCTTACCAGTCTCCCTCGATCATTAATTAATACGAGGGCCTAGTACCCTCTGTGATCCTAAAGGATTACGTCGGCAGTTCTGCAACCGCAGATACTACCCTGTTTACAGCTGGATTGCCGCCTTATCAGAATTGTCAAAAGGTTAGTTGTCTCAAGACGCCGCTAAGTATCCACTTAGGCAATGGCACGTGTTCCTGCTTATGGTCACGAAGAATCATAGCCAAGAGCTACAGGACCTCTTAATACTGGGTGTTTGGAGTGTCCCCGCCACTTGTATTGTGGACAACTGGGTAAAGATCGGCACGTCGCACCGCTCCTGGATGTCTAGCTGACCGATGGTAGTATGTAGAAATCATAACTGTATAGCTTCGGTCAGAGTCTCGTAGTGATATCCGCGACATCTGACATCCAGATGTGCGTCGCCCCTCGAC,1759,48.21,Escherichia coli
SEQ_251285,GAGAAGCCTGAGAGGCCGGAATCTCCCGTGGGCATCTGACGGAATGCCTCTACAGCGTATTTAGTATCAACTACCTTTACATTATTAGACTAAAGAGTGGTCCTCCATGTCCGGAGCCGAACATAACTCCTGAAACTACACTGAGAGGACATACCAACCATCTTGAAACATCACGTGACCGACTCGTCCCTGTGATCTGCCAAAGGACGCAATTCGCGGATGCTACTAGGTACCTCGTAATAAGAAGGCTGAGTGTGAGCAATCAATTCCAACCGACGCCCCAGGGTCGACGCGGGATCCTATATGCCCCGGTGCTTTGCTGCGCACGAGCACTGTGCCGGCCGGACAATACTCAAAGAAAGGAACCATACCAGTAGCCGGCGAACACCGTGTATTAGAGCATTAGCTGTTGCCACGCGTAATGTAACCGTGACCCGTTGGGTCTTTCGGAGCTGCAGTAAGGTCGTTTAGCGGAGGGTGGAATTCTATGTACCCAGGCTCCGACTATAGGACCTTATTTTGTAAGAGTAATTACAATGCATTCGGGTTCTAGGGACACAACAGTTTCGGCGCTTGCGGTCCGTCGCCGATAGCAAGCCTCTTCTAGACTGCTCGTCGGCTATATCTTCTGTGTTGGAGGCAGAGGTACGCTTAGTGGTTTTACACGGCGTGACACACTGTGACACATCGGGCAGGCCATAGACTGTCGGACGGGAAGCGCAGCGCTGGTAGGCACACATTACCATTTCGTTGCGCTTGGCGACTGACCCGATACGTCGTCAGGTTGAACTAGACTTCCTACTGTTTAGTCTAGTTGGTGATCAGCGGCGTGTGCGGTCATCATGAAGGGTATGCATAGCTTGCCTCCACGCTTTAATAGGGGGGATTGCACTTTGAAGGAGTGAATCTATCGTCGCGAAGCGTCCCCATGCTCCTATACAATTTTACTCCTGGCTGTGATTCGATTCCTCCGCTAGACGGCCTACTGGTGGCACATGGACGTTCACACTACAGATCTACATTCCTTGCTTCGGTAAAAAGAGCCGGCGCTTCCCCGCACCTCGCGCACCCCGTCCGTATGAGTTCGCTAAAGTCTCTAGGGGCCTCATAGCACTACTACATTCGATTGCGTTGGCAGCTTGTCAAAGAATCCCTTCCGGAAGTCACAGGATGTTGGTATTCAGGACGTAAACAGCCTTTGCACTATAACATCATCGTCCAGCAAAACTTGTGAATTGACTTGCCTACTCACTATTCGCGATGCTCGAGTCCTCCGACAAGACTAGTCCTTCAGGATGTAACTAACGACGCGGCAGCCTGAAATCATCCCCCATTAAAAATATGTAAACTTAGCATCCTGTTAAGGCTTAGATCTCGCTCCGACCAACCTGATACGATCATAGTGAAGCCACTACGAACTTGTCACGAAGATCAACATTCTCGGAGGGCAGAGGCAATTGCTGTGGTATGATTTCGCGGCATGTGCCTTCTAGCTGCGTAGAACTAGTCCCTTACGCCCGTACGGAACGGGCGCGTACCATCCTTCCGTTAACGCCTACCATTGGCTCAGAGACGATTAGACATACAGC,1589,51.23,Caenorhabditis elegans
SEQ_246920,AGGCGTGGAAAGCGTGAGATGTGTGTCGAGGAGTAACCTATTAACGTCGCCTTCCCTAGATGACCTCTGCACAACAACCGGTCCCCTGTCGTTAATAAACCATTATTCTCGATAGAATTCGGGGCCCGTTGGCAACTGTGTCCCGCTCATTAGTTCTTAGTCCATAACTGGATCGTGGATGTACTAGGTGGAGCCACCTTCAAGGTGGGTAGGAAATCTTCTTGACCGATACGAAGATGCGTCTCCTTCCTGGGGTCTGACGTCGGAATGAGGTCTTCAGGGTGAGGAATTTCTCCGGGAAGATGAAGTCCGCTTCTAAAAGGTATGCTTCCACTAACTCAACTAGTGATAACGCCTGAATGCTATCCTATCGAAAGAACCCCCCGCCAGAGCCAGCGCCAAGGCGTTATGCGATCAAAAGGCACCAGACGCCTATTTATCCTTCCCAGACTCCAAACGCAAGTTCGCGTGTTGATTGTAACCCTTCGCAATATGCTTTAGAATACCCGCCCCCATAGTACCAGCGACTTACCTGTCTCATCTATCCTCGGATTAGAGTTACATATAGAACGGTATCCGACGTAGCGCGGCAGATGAAGTTGGTGTGGTAGCGGCTTAAGGTGGGGATAATACCATGGTCTACGGGGGTGGATATTATTGTACGAGGTTATTGTAGACAATTTGATTCCATGTCAATCGGATTAGAGATCGTCCACCTGTACGGATTGTGCCTAGACCAAAGCGTAGGGCTTGTGCAGACTATACGAGATCCCATTGCTATTTAACTAGCCAGAGCTGTCGATCGGGAATTCCTCGTCATGCATGTAAAAATCTTGCTTTGGGCATAGCGCCCCGGCGGCCTGGCTGGACGGATACTGCTGAATAGTAGATCTCAACATCACCAAAGCTAGGCTTGCTCTTCTAGACCTGTTGGGTCGCGATCTTACTATTCGATAATGTTGGGTCCAATGGCAGAGCTTAGCCCAAGCCGTGAGAGAGTTATTGCTTACTGTAACAACGGGGGACTGGTTCACCCTGATCATTTGCCGCCTCGTAAACGGCCAATCGAGGTCGTAATCTACGACTGAAATTTGACAGATCCGGCCACTTAGTGAGCCAGCCCTACTAAATGAAATATCGGGCCCGAAGCGTAAGCTCACACCAAGTATTGCGAGAAAGGGTTATGTGGGCCAACCTCCACCTTTCAGGGATGGCAAAGATTATCTCTGAGAAAGCACAGGGGGTTTTACACAGCGCCTAGGAATAAGAGGCGTGTAATCTTAATCCTTTGAGAAGATAAGTGAGGACGTTGGAGGCACGAAATTCGACCGAGACACCTGCCTGACGCAGCTCCGAATCAAGTTGTCCCCAGCCATAGCCACTTGATCGCACTACTCAAGGTAGCTGCTGAAGCCATTTAGTGGAATTCTTGCCTATATATTGATGCCGCACATGTAGATTGTTCAAGTACATCCTGAGTCATGCAGATGTACCCACAGTTACTCTGACATAAGCGATCTAACGTCCGTAGGTTAGGGGGTTACAATGTCAGGTAAGTAGCGTGCCTATTAGCCTGG,1577,49.02,Drosophila melanogaster
SEQ_357193,GGTGTATGCGACTCTATGTGATGAACACGCGGGTAGGGGGGACATTGTGATCTTGAACTAGCGATAGGGATGAGCGGATGGTATTTCTAGGATAAGTATGCTGTTGTAAACGCCAGGTTTGAGAGTCCCTGTTTACTATCTAACGTACAAGACACGTATGTCGAGT,166,46.39,Caenorhabditis elegans
SEQ_292485,ATGGTCTTGCGAAAAAGTAGGGGAGCTGGCGGACGCATCCGCCAACAGCCTAAGAGCTCAAGGGTTTCTCACTCAGAACAAGTATCTGGTTATGTTCGCTCCCTCCCGTTGTAGCAGAGGCGGAGAACGAAAGGTTACGGTTCTTCTATACAGATGCTCCAAAAGAAAGCGAAGCACTTAAAGAAAGACGAGGCATCTATCCAGGACTATATCAACGCCCATCGATTCATAGGGTTCAGTCTAGGGATTCTAGAGATTAAAGTCCACAAGGGGAATCACCGCGGTATTTTTAGTGCGTTCATCCGGGGGTTACTGAGAAGGGCGGTCGTATCCAAGAACTGTTGAAGTAATGGACTGCCGTACTACTGAGCTTGGAGCAGCGGCTTCCCCACAGGCGAGTAGAAGAATAACCGTCCCCTAAGCGAAGGGTAGTTGCAGCCTAGCGCATTCTATGAACCGTCTGCATCGCAGGTACGCCTATGAGCAGGCCCCAAATAGCAGTAGATACTCTGCTGTCTTAGGACCATAGGAGTAAATACAATATCTACTAGAAGCGGTCGTTCGGGCGATCTGCTGTGTAGTAACATCCGTATACGCACATAGTGGGATCTGCGACAAGAGAAGCACGATTCACCACGACGCCAGTTGGGTCTCGGATATCAGGCAATTTGCAAAACAATCAACATTGGCGCCATGTTTCGTTCGTGGACCAGCCGGTTTCCATTCTCCAGGTCAGGTTCAAGATAAATATCTCTCCATCTCCCAGATGGGCATCTGTTCGTAGGATTCAGCTTTACACCCACTGTGGACGATCCCGGAAACGCAATTCGCCCGTATTCTACGTCGGCAGATGCAGAATTTTTAGATCACAGGAAGTCAACGAATTGTGCGCACTATTTCGGGCGAAATCATTAACTCGAGTCTATTTACCGGTCCCCCTAGGCATCGGAAAACGGGCGGCATTGGATCAAGTCCTCGGATGCGCAATAAGCACCTGAGGGACGCCAAGGGCCTCTATCAACGTGCACGCCCTGCGATATCCGGTCTCACCAATGGGTGACTAGGGAACTTTCGCTGAAAGGACGGACACAAGTGACCGGAGGATCAGCGCTAGGCGCATACGCGCCGTCCGCCACGATAGACACCATATCACAACCAACGCTACGGAGCTTCAATCCTCACTAGGGAGCAACAGCTCACGTTACGCGACTTACGGGCAAAAGGACGACGCCTGAGTGGACAAAGCGTCTGATAACGAAAAATCCAGGCACTGCGCAGCCGATACTAAATGCACCGCGTCAATTCAGAGGTGCCTTTTTATTAGGATAATGTCATCGTTTGACCGCTCGGTCGAAAGTAAGACCGGCCACTGGCTAGTCGTTTTGTGAGATTACGTGTTACATTTACAGACGGAACATACTACTCATGCGCGGCGGAGTTGACTGCAGCTCCGGGCCGCAGAGGGTAATGATCGCTCGCAAGAAGTGCCCTTACAACCGAGCTGTGTGATAGGCTGCTCTTGGTGGGGGCGTTAGCGCAACGTTTTGACTGCAACTATAAATAATTGTCTAATGAATAAAGCCTCAATGTTGTAGCTGGGTCGATCCGTGTAAGAAGAGAAAATCGTTTTTTCCACAGTCGACTCACAGACGTCCTAGAATGGTCGGTGGACATCTTGTCCGCCGATCCAGCAACGGCCGTCGACTTCGCATCGCTGTGAATCCCTCGTGACGTCGCTCGTTTGTAGGACTTTATCACGAGCTGCCCCCCGGAGCGATCATAGGCCGCGGATCCATACTTCCTGATGGAATTATAATCTTTCATCTCTACCAATAGTCACACAGT,1845,50.79,Drosophila melanogaster
SEQ_771044,TAAGTGCTTAATTCATGTCTGTTGTCGGCTATTCGGCATAGATTGACACCAGTTCCGAATGAGTAGTCCTCATGTACGGATGGCTATCCGGATCTAATGGGTAAGCCCCCGGGCTTGAGAAGCGACAAATTCCTAGCTATCAACTAAGTGTCCGCCCACGATGGTTGATGCGCGGCATAGTCTACGACGCATATAAGTATATAGACGTTGCCAACACTGGTGCTCTCGGTCGTAGATATACTACTCACTCTCCTGGGGTGGGCGGTACGCAGGTTCCCAATAGTTATTGTCGACGGAAACTCTATGTAGTTCACTGCTTAGGATGACGCGGATGTGGCCGTACGCTATGGGCGCCTTGCTTCGGGGCGCGCTGCTCGCTCCCCTAAATTACCGTATACTTATCGCCATGGCCATATGGTAGCTAACCCCACGTGCAGCGCGACAACTGGGACATTTCCCTCCAATTATCTTAAAACCGGGCACTGCAAAGGAAGTGTGTCGCCTGCAACCCACTCCTATCTCAGTTGGATACCCAATACGTTTAGGTCTAGATGTGCCCACCAACAGCGGCTAATAAGCGGATCATTAGTGGTACAACATATTTTTTTTTGTAGGGGGAATGTTATAAACACACCACTACCTAGAACGGTGGCAGGTTGCCGAGACAGGAGAATTATAATCGCCCGACTATTGTCGCCGACTCCAAACGCGAACGTTCTCGAGGGGCGAGCCAAATTTGCCGGACGTCGCCTGAACTCCCGGCACCTAGATCCCACTAAGAGGGCACATTTTTAGGCCCAACTATACCAGCAGATTGAACATGGAATGTCAACCAAGAGGACGTTATTCCGGTAGAACAACTTCGGGGCAAGACCTAAAGCTGTATGACTACCGTTAGCTGTGTTCCCTGGACTCCTATTGCACTGATATATACTTTCGATTCTGGCTCCATCATAAAATGGCAATACTAATTGGCGGTTCTAGGCGCACTGGAGTGAGTATGACCCTTGTTGAACGTGTTAACATCTCATGAGGATGTGTAGCGCTATCCCGGGTCTTGGAACC,1065,49.67,Escherichia coli
SEQ_700602,GAGTCAATTGAAACGTAGTAGTGGGTTAAACTCCAGTGGCCGTTTGTTGAATTACGTGTCATCGTAGTAAACAGATCTGGGGATCTCGGTAAGGCCCATGCTCTGGTCAAACGACAAGTACCCACTACCTGTTTCGGGTTACCCGCAACTCTTGGCAACCGAGGGGTCTCCGCAAACAGTGAAGCAGGGGCGCAAGGACCTAACAGTTGGGTCTTCTACCACACTATTTTGTTGCTTCTCGGAATGTGGATCCGACAAGCTTAACTGTTCGATATACAACTTTAAACTCGGCGCGGTACCATAATTCTAATTGCGAGATGTGGTTGTGCCCCCCCAGGATTTTTAACGTCTGTTTAAACCTTCTATTGTAGTAGGGTGAATCCTAAAAGTCGTAGGGCTTAGCCCCTGATCGTTATAGAGCTTACTCTACCTTTTTTACCGTCAATATTGAACGGAATTTGGTTGTGCCGTCCCTGTTAATCACCAAAGTATCCATTCGCATACGACCAGGATTCCCTGATGTATTCGAGCCAGACTGGGACTATCGCAAGCCGCCGCTGTTACCCCTATCCTATCCGTCGTTCACCTGTCGTCCATACATCGGGGCCTAGGGGGGAATTTCTCCCTAATATTTTGTCGCTCGCGCGTTAGCCAAGACTCGCCAGGCTTAACTCACCCCTTCCTGGAGTGTTAAGGACCGCGACCGCTCGACTCATTCTCACTTGAAGGTGGGTCAAACGATCTCCGCTCCTGTGGATCACTTCGCCCATAACTTCCTAGATCCATGCTTCGTTGGCATGCTATACCTTGCTACAGTGCCAACCACATCTCACCAGGGGAGGGCTAACTTTAAAAGACCGAAGAATCCGACGATAAAGATACCGCGTTTGCGCTCACCTTTTACAAAAGTGGAAACGCGAGTGTTAGACTGTGGTATCATACGCGGTATCATACGTCAAGTGGGGTTGGATCCGTGCCCGAGTGATTAACCATCTCCTCTATCTTTAGCAGGCGACACAAGGCCATGCACCGCCTTACCTTGACGCCTGCCTCTCGAGTTC,1061,49.67,Arabidopsis thaliana
SEQ_272867,ACCCAGGGCACAAGAAAGCGTGGAGACAGGGATATAAGGAAGAGAATGCACGGGAGCCCACACTGGCCTGGTGTCCAAGATGATATTTGAAAAGGGGGCGTTCTTTATTTCCGTCGTGTACTATGAGTGGAACGTAGAATTCGCGCGTGTTACAGTCTCTGTTGGTTAAGGTCATTCCTCCCTCGCCCCGCAGGTGAAAAGGTTTCACACCAGAGTCCCACAAGTGGCCTCAGAGCGTTATTGACTGTACTTTCTATGTATATTGGAGCAAAGTGTCCGATGCAACATCGCACCCTAATTGCTGACAGAAGCTTGTCGGCAGGTGACCATTTTTCCGGATTCTGCACCTTGCAAGTGATTTACATTCTTCTAATATAACCATATACGGCAAGTCTATTTGTGCAATGCGCAGGAGTGTCCCTTAAGGTCTCGGTGAAGTGCTGCTGGTCTGCGTGTGGCAAACGTACAACCTTAGGGACCTACATTACGTACATAAGCACTGGTGAATCGAATGAGTTGTAGGCAAGTATCCACGATCGATCCTAGCCATTGACGTTAACAACGTATTATTAGGTGAACTTGATTGCTGGATTCGTATAGCCAAACTAGTAGATTGTTCGGCTGTCCCGGACCGAGAGCCAAAGCGAGGATTTTCGCAGGATACAGCGGAGCGACGAATATCACGAATCACTATGGATCCAAAGTTCTCCCAAGTTCTCTGTTCCAACTACAGTGCTTAGACCTATATTGCGCAGTTCCATTTGATGGCCAAAGAAACGGTGGACCCCTGCCTCGCGACGCCCTGGGAGAACACGCT,817,48.47,Arabidopsis thaliana
SEQ_362483,TCGGCCGCTAGCGATCACGCGACGCTCTTTTGGAGTCAGTTACTTGTAATGCACCTACAGGACATCGCCTTTTTCGCGGTCGAGAGTGTGTGTGCCTGAGTCCTGTCCGAGCTCCTCGAACTAGGAATCTCTTGTGTTCGCACATCTTACCTGGTTTGGCATTCATTTGTCATTAATCATGCTAATGAGGACGAGCCTGCTTGATCGGTTAGGTGATGCTGAAATGGATGAATTCGCTTTTTTGGGGCGACTCCAGTAATCACAGACATTCGCCAGGGTAGCCGATATTCAGGGCAGTCAAGTGAGTGGGCACCCTAAGGGTATGGTATATCTATAGATGCATGATCCAAGGCAGGTATTGGCGAGACGTTGCTGGGTCGTCATAGTGATACCCCGCACGCGTTCAGTAGAGACTTACTGAACCAGAAGAGGTCCCCGCTAGCGGACGGTTTAATACCCAGACAGGACGTCCAAATTGGGGATCACACAGACTTTTAAGGGCAGGACATACGCTCTCATTTCTAGCTATTTGCAGGAGACGGCGGACTTAAGAAGAGTCATCACGCTCATCCGTGATAAATTGGCTCGGCTGAGCGACGATACTTGAACCCCTGGAAGCTTGAGCCCAACCGAGAATGTCTATAGTGTATCACATGGCATGGGAAATTCGTTGAGAATGAGCAAGTGATATACGGTGCCGTACATTTAAACTGAGTGAGGGGGCTTTGTTTCCGGTAAAGTCAGTCCCCTGCTGGCCCGATGATTTATGGCGACGACACTCCCAAGATCCGCGGAGCTCACCGCGATTCAATAGTCTGTAACCCATCCTCCACTCACTTTTCGTCGCCGGTAGGCAAGCTGCGCATGGATTAATCTCTGGCCAAGCGTGCGACAAAAGACACTCATTAGAAGGGCGGTTAAGGAAGTTGGCACGTCTCGAGTCACTCGCCCACATGGAAAAAACATGCCTCTTGCCACCAGTGCCTACTAAATCTGCGGTAGCATCTAAGGACGACCAAATTCCATTTCTTACGTCTGACCAAGTCTCGCCCAACGCATGGATCAGTGCTACCCGGGTGTAGGCTCAGTAACGTGGTCAATGATAGGCCGATCGTATAGAATACGTGGCCGGGGAGCGATGCCAAGCATACATCATGGAAGTAGACTTAGTAGAGGTGTGAGACGCTTGGGGCGATGCACAATTATGCTATCCACGAATAGCTCGTAAGTGCGTAGAGGGGGGGGGCCGACATGTTCCTATAAATCCTACCTGCGTTAGTGGATGGTTGACCTATCAACCGAGGACCCTTGCGTAGCCTGATCTCCAAGCGTGGGATCCGAGTTAATCGATAACTCTTCCGCCTCTAGTGCTAATTGCCTTGGCTCCTTAAGTGCAGACACGCCGCTCTCCGAATGAGCCCGAAGTGTCCAGCTCCGAATTAAGTCCTGAGGCCAGTTGCACCTAGTGAGAAAGATGCGTGTGGCTGGAGATTGTCACTCGCCGAATACAACTCAAAAACATCACGGCGCTCCGATTGTGCCAGATGGGGTTTAACGGTGACGAGATATACGGTTAATAGCAGGCCCTCCCCCGAGCGGTTACAAAGGGGTGCTGAAGCACAGTGAATGCGGTCGAAGTAGCTGCATCAAGCCCTTCCTCCTAGTCACCGTAATACACCTCAGTGCCTAGTCAATGTCGAGGGCCCTGGCGTCGGAACTCACGCTGCTGAGCTTCCAGGACTCGCCACGGTGTATGGCGGCGAAAGTCGGAGGTTGTGGGACGGTGCCAGCTCCGGCGGCCTGCCAGAAGCAGATGAACTTAACAGGACGTGAGGCGATTCCTGAAAGCTATGCACGATACAACCGCCCGAGGTATGATCCTGCTGATCAGGTCGAAGCCTCTCTACCGATTACTGATCCAGACACAACCGGCGATCACGGACCTTGC,1948,52.41,Saccharomyces cerevisiae
SEQ_105763,TTCCCTCACCTCTGGCAGGACATTAGTCGCTTAAAAAATCTTTCTCCCCTCATTAGACCTCAGGCGTGTGCAGTAATGGGTTCAGTCAAACATTTTATCATAGGTCCAACAATCTTTCCTGGACTCAAGCCGAGAGCCCTCGCTTGACGACTTGAAACTTGAGTCAGTGCCATAGGTTTGATTCAGCAAATGCCAGTGGAGCTATGAGCTTTCACGTCTCGGAAGCTACTCACCCGCTAAGCTTTGTATAAGCTAGGAAAACCAACGGCGTTTGTTTGAAACCTGGCATTCGTCTTTGGACGCAAACTAAACTAACAGTGCCGAAACAGCTCTCCTTGATGGCAGTCCAGGGATTGAAGTGGCTATGTCGCAACCTCACATGTACGTCTCAACGGGATGGTAATAGCAAATCACTATTCACAGGTCACATGTGTACATACCGGGGCGT,448,47.32,Mus musculus
SEQ_791052,TTCGCTGACCGTCAACGACCCGACACGCAACCGCTGCGCATGGTCGGGCCAGTAATAAAAGACGCTGAGATGTGCGGAGTCTCAGGGGGCTATATTCCGGCAGTCGTTAAAGATGACCTTGATCTGGAACACGGTATAGAATTTTGTAGCCCAAGTTTCCTACCAGCCTTAAACTGGTTCACAAGACTGGGGGATGTGGCGTCTGGCACACGCACTCCGCCGGGGAGTTCTCGTAGTCGTTT,242,54.13,Arabidopsis thaliana
SEQ_560149,CTAAAATCTGAAAGACGTTACCACGAAGGGCGCATTGATCACTTTACCATATCATATCGACTTAAGTGTCTTGACGTGGAAGCGACGGACGTTATGATTAATCCCACGTTTTTGCACGGGTTTAGAGGAGTTTTAGATGTATTGCTCCAGGCCGCAACCTATGATGCTGCTATACGGACGTAGATACTCTTTAGTATCGATGTTTAGCGATTCGCGGCCCTTCTGACCTGATACATACACGACCAGTTCTCACGCATGATTTGTATCCAGGGCTAATTTGTGGGGGAGCTAGGTGCGAATTCAAGTGCTATGGGAGGACCGTGAGTCAGGACGTATTTGAACTCATACCTCGACCTTTATCGGAAGACGGCCCAATCACGTGCCCGACTGGAGAGGGCTCATTCATATACCCAAATACACTGCCGGCCTGTTCGCCGGTTCCAAGACTAGGTTACGTTAGGCTATCGAGTATTGCAGATAGTAGAAAAGCCCCGTCAGAACCGCCTCGCCGTAGAACCAGCCGTGAGCAGACTGTATTGGCTGTTAATGCACAGGGGGATGATTGAAGTTTGCAGTCAAGACTAGGGACATTAAAATGGACGAGTTACGGTGACTCATCTTGAATAACCAGGCCCGAACTTGACCATGCAGGTCCACCAAATCATACAAACACACCGCCTAGTGTGCTAAATTGCCTTGTAGACTTGTGTAGGTTCTAATGAGGACGTGACCCGTCGAAAGATGCAAGTATTCTCCGCTGAGTACACGATCCAGTCCGTACGTCAAAGTCAGAACAAACGGGTGTGTTCTAGCAAAGTACCGCAAGGTGGTTGCCCAATTTAAGGGCGAGTGTTGCCTATGCTCGGTGGTAGCCCCGCTGCATTGCATAGTTGGTATTTTTAACCCAGAAACTTGCATCATCGAGGACATGAGCTGTAACACAGGGGCGTACGGGGTTGACCCGGTCCCCCCTAACTACCCCGATTATATGTCTACATCACAGCGACCAAGAATTCAGTACGCTAGGGGCATAATCGCGGCATGCCGTCTTCGCGGAGTTGTCCGTCTTTAAACCGTACCTTCGCGACCCTGCCGCAAACGAGGCCGGACCATCTACGTTCGGGTGGTCCCTCTCGCTGTCCCAGCAAGCGGTAGTGATCTCAATTAGAGGTGACCACGTATCACTAACCGATACTTCGTAGACGTACGCCTGTCACTGGACCAAATTCAACGGTCGCATATGTGGTATAGGGCAGCTCGGTCGCTGTTGTGGTGACCCCTCCGCTATTTCTTAGGTAGTTCCAACGAGGCATTGTTTAAGCGCTACATCCCGGGGAGAGCTCGTTCATGTAGGGTGCCGGGCTAGTTAGGCGACAAGTTAAAGTCGTAACTCGCCACATTAGGCAATGAAGAGTATCCCCGAAAGGCCATGCAAAGCCGTACGCGCCTTGGGATGCGACTCATATG,1467,50.58,Caenorhabditis elegans
SEQ_838095,ACTGTTCTGTCACGTTTGGACCTCATGAGCATCTCAACTCTTGGAGGCGGTCACGACTGCCACGTCGGCTTGTGGTCGCGCAAGTTCAAGCTCGTTACGAGTAAATGAAGGGACTAATCCTAATAACCTAATCATGTATGCGTGTAATCATCTGGAGGTCGGTGGGGTGGTGTAGCGATCTGCCGAGCGCCGGACTTTCGTACGACGCCCGCTGGCATGATGGCCGCGCCTCCCTCCAACTAATCTATGTACTTCCGCTGGGAGGACGTCGCCGAGGCCTTCGGGACTATGTACAACAATGCGCCACCAGCCAGTACTATGATTGCTGTCCGTATGGGACGATTAGTCTCATAAAAGGAATGGATGCCTGCCCACTCTCCAACCAATGGATAACTCCGCTATGCTCCACAGGGATCCAGTAACCATATCAACTTCGGAGACAAATTACACTTGCAGCCGTAGATAACCCCGTGATATCACTGTGGACAGTATCCGAGGGGAACGTCGTTGAGGCTGCTTCTCTTAGGGCCGGGCCGCTGGATGCACATTACTGACGGCATAAATCGCTGGCACGCTGATCAACCGGTCTCTAGTAGACCGCACCCCAAAGGGAAGGCCGCCCCTCCAAGGTCAGGGTAAGCGCCACTTACAGTAAGATGTAGAACCGTCGGGCATGCACCGAAGACTCTAGCTCCTGAAAGAGATGAACACCACACCTTAGAATCGTAAGATTGCCATCCGGG,743,53.7,Saccharomyces cerevisiae
SEQ_809205,AAATTCAGTAGCAGCAGCTGTCAACCGGGTGTGACCACTTTTACTAAATCAGGGTTATGCTCCCGGTTTGCTCTCGCGTGGTCGCCCCCTGCTAGTAAATAAGTGATCTACCAGAATGGAGTTAGGGGAGCTCCGATTACAGTGCTTATGACATTAATGTGCCCGTTCATGGCGAGGCGCTTCTAACGAGTAATGATGGCCAAAGAATATCGTAGCGGTGAATCTTGGGGCTGAATTCGTTACTACTCCATCTGTTTAGGCAAACTGCCGCGATAAACATAATGCACATTCGCCGGATCGTTCTAACTGAGGCACTGGCCTCACTAACTGAAGTATAGAAAAATTGCGGTATCTTTTCCAAAAGAAGTGCGTAAAAACCCAAAATTGATCCCGCCACGGGTATTAAATAAGAATTTAGTTAGCTGCGCGAAAAAAGTTATAATAGCCCCGGTATTTCTTAGTCATGCCATTTCCATACCGTCCGGAGGCGTGTAACAATCCGTTATTCAATTTACTGCAGGAAGCGGTGTAACTGCACAGTGGAACATGGTAGAACATCGCAGCCGGAGCGGGACCTTGTTTTTTAAGTTCCTAAAAAGCCGTTTCGTGTACAAGGCCCAACAGGAGTAGTAGTACATCCGTTACTGAAGAGCACAACGGCCGTCACTTATGCGCATCCCAATCTATGAACCTCCGCCATCCTGCCCGTTCAACGAGTGCCTAGAGAAAACAGCTTAAGGTAAGGGACAAGATACTGGCCAACACCACTCGTGGCGCCGTCGTAAGGTGTGTCCTTCGACGTGGGAGAGGTACAAAACCGTCATTTGAATTTGTAGGCAGCTGATTACTTAAGTATATACTGGAAGCGGGAATTGTAGCTGCGGTCGTTCCGTCGACCCGTTCCGCATTCCTCCGGTTCATAGCGCGCGTATAAGAGCTAGGTTCGAGCAACCCATCGTCGGTGCTTGAGGCTTCACTTCAATGACCACGGTGACACGCGTGTAAACGCTGTCACATCGACGAGCGGTAACTGGAGACGGACCGACTCTCACGAATCCGGTCGTTAACGCAGAGGATAGACCCTGATCAGAGAAAGAGGAACTAATCAGTAATTAGCACTTTTCTTCCGGAGCCCCCTCCGGACCCCCTACGCTGCTATTCTCCAGGATCGTACGTGGGCACATGCGGGCGGGGTCTTGTGACTCTGTAAACATTACATACCAAGGCTTCATTTGGAACCCGACGTTGTAACGTTGTAGAGGGGTTGTTAAAACCCTTGACTACCTACGTGTGGCATCATACGCTTATCTGGGGAAGCGAGTTTGGGTTAGGACCGGGCAGACCACGCCCATTCGTCACTACCGCGTATAAACACCCACCTGTCGTTTACGGTATAAAAGTGATAAGGAGCCCGCGAGGGCAGTAATCAATGCCGATATTTCCTGGTTGGCCACCCTACGATGGACCTACAATCGTCTAGGATAATTTCGTGCGTTAGCCCACAATTCCCCCGAGTATAACGCCCGAAAGTCCCCCCTGTTGCGTGGATGGCCTCATAGGTAGGTGTAACGATCTCAGAGGAAAAGCGATGGACCTGTTCAGTAACAGAAACAGGAGCCGATACTCACGTTACTATACGGGGATCGAACTTCCGTTTATGTTTCCACACTTTCATCTTTCTTCATGCACGTACTAGGCCAAGCCACTCCCGGGATAAGTGCGCGCGCAACACCACCA,1737,49.68,Caenorhabditis elegans
SEQ_976973,AAAGTTTGGCGGGAGAGTACCCGATCCCGTCTCTCTTTCCCAAACTACAGCCGTTCGGGTACACGTAGATTTGTGAGGCTTTCGTATGTGCCGAGATCGACTCTTGATACCCCCTCCTTCATCGCAGGTTCAAATACCAGTGAACAATTGTTACTAGTGCGCCTAGATTTTCGAGGAGGGATTGACCAAACGGAACGCCACCCCGACTATTTTATCTATGTCTCAGAAGGGACTCGGAACTCCTCTCTCCTGCGTGTCCGACCCGTATAATCTATCCGTCGGGCGTACAACGTAACGGTTGCCGGCTGCTTGATATTTCCACCTCGCTCAAATTCCGAGTGATTGACCAATATCGAAATGGTGCTAACGTCCCCCGGGGCGTATTCCTCTTATATCAGGTTATGGGCCATATAAGGGGACGGATGTAGCCATGGACGCTCGTAAAGTTTGAAGTGGGGAACGTAGCCCTACCTCTAGAACCGGAGCACATCATAATAACATGGCTTCTCCGACCCTAAACAACCGTATTAAGGCAAATACGGAGCAAAAATCGCACTCGACTGAGACTTAAACAGCTCTATTCACTTCGTGTCCGCGCTAGGTAGACAATACGCCGTTCATCCCTTAGTCAAGCCCCCGATCATCCG,647,50.08,Drosophila melanogaster
SEQ_439176,ACTCATCCTAAGGGACCCATTTTATTCACTGGTACAAGGAAAGAGAGGACGACTTTTTAGGACGCGCCGTACGGCATGGTACTGGCTTGAGCGCGAAGTGATAACAGATTGAAGCGGATACATTTTCATGAACATCAATATTCTGGTAACTAAACAAGTTGTTCCATCACAGCCAGTAATCGTAGGTTTATAAAAGTCGGGTAGAAGACTAAGGGACAGCGCGTAGCTTGCTTGACGATCGCGCGAGCGTAGACGATATTCAAACCTATGTTCGGTAAACCCCAAGGCATTACTGTCGCCGCGTCTTGGAATTGACGAACTGCTGTTTGTTTAGAGATCAACGAGGCCCATAACTCCAAAATATACTGGCGTTGAGCTTTGGAGTCGAAGACCTTT,396,45.71,Mus musculus
SEQ_159269,CACACTCCTATCTGCGCAGTGATGATATCGCGCTTCAGACACGAAGAATAGTGACCGACCGTAGAGGCGGAGACCGTCCAACCACCCTTCCTCCTGCTGATCGTGTGACGGCGCCGCGATAGTATGAGAATGCTGGGACGATCATCTAAAGACTCTGCAATGGGAGTAATCTACTATTGTTGTTTAGCCAGAGAGCTGTCGTGCCATCCATCG,213,52.58,Saccharomyces cerevisiae
SEQ_811586,CCGGATTTATATTCCCTGACGTGCCGTAACTTGCCCACCTCAGGTTACCCGGACTCGTCCTGTCAGAAGGTGAGCTACTGTCTTCGTTCCTGTCACACAAACATCATTGTCCTATCATGGAACACGGTTTTGAAGAATGAATGGGGCGATGCTCTCAATTCGGACCC,167,50.3,Mus musculus
SEQ_547584,CTGTACGACTATCGCCCAAGAGGAGGTCTTACTTGTAAACCGCTAAGTAACTCATGGTTACAGTTATCTGTCCGACGGGGTAGTCCTACCATTCTAAAAGCAATGACCACGGCTTTGTCGATATTAAC,128,45.31,Arabidopsis thaliana
SEQ_854741,GTACTGGACCTCAAAATGTGCGGTTCCATCCAAGAAGCCAGACTGTGCCACTATACGTAGATGAGATTCTGTGTTCTGCGCCGAGGAAGTGCCCGCCGGGCCAGTCCTTACATCCGGTACAGCTAGACGGTACGGAGAAAGCGTTATCTGGTTCTAGGGCCTATCTGACGAGAGGTTCCCGGGCATCCGAGGTCCTGCGAGGTGAATTCTTATATATCTCCGTAGTAGATGTATTCAGGGAACACACGACATATCGGAAAATGGGTATGGTATAACGCGCATATGGTCTATGAGGCCTAGTTTCGGGTCCAATCGAGACGGGGTAATTTTTAGACGCGATGCTTTCCCGGACATAGCCCGCCAGCACAACTCTTGGTAGGCCAGGTCGGCCGATTATATATCGTTAAATGTTTAATGGCAGAGGAGCTGAGCGGTCCTCCGTGTAACAACCAGTGTCAGCGGGTCGCCCGACGAGATAGCAGTAAGCGTCCCTATCGATTGTCGTGGGTTATTCGGAATGGTAGAGATCCATAGTGGCCGGTTCCCATAGACCTTTACTTTCGCATACAGGCTGAGCTTGGTGGCTCTTAGAGTAGCCCGGTTATCGTAGCTCTATGTCTCCCCCGGCCCATCAGGAGTCTACCCAGGCACCGCATCATATGGGGTTTATTCCCCGTCATAGCGACATCTAATTGTGGTATAGCTCTCGGAGTCGCTACGTTAAGTTGATCGGCCTGCGGGGGAAGTGGGGTGATAGAAGTGGACGGATTCGACGCGAGTTCTTTTCCTGCGGATACTGATATTACAGGGCGTATTGAGTAACAGGTCTCTTACCCACACGAACGACGGCAGTTTCATTTACCGACACTATAGGGGTCAGTTTCCGGGGAGCGGGCCCGTTTATCTATTAGCAGTATGACCACGGCGGCCCTCGATCCAGTTCTCTAAACATGGAGCGCCAACCTGTGCACAGGGGATGCGGATCAGGATACAACTAGTGCGCGGCCAGTCATTACACTTCAATAATTAAGTTATAGTAACTACTATAGGTGCCGTTAGGCTCTGACGCTTGTACCACTTCTGGTTGCGGGTCCTCACATGGTGGTGACCGTAGTGCTGGGCCTGGTCGGCCATAAAGGCTCCCCCTCGTTTATGGGGCTAAAATGCTCACGGGAATCAGGAATCCGAGCTTTATTACGGCAATCCGCCTTATCTAGTGTCTAGCTCACTGTCCCAATCTAAAACTTTGATAACTCAGCTTCTTAGCCCCTCGAAGGGCCGGGTTGGTAGTCGTGTGAGCTGCGTTGTTGATGGTCGCCTGGTGCGCAACCTTTTGAACGGTGCTCACTCCGCTACGAGGCGTCGTATAGTATGCTTCAGTAATGCCTAGCACTCCCATCTCGTAAATATTTGCCTCACGGACAAAGAATCCGCCCTATCT,1441,51.91,Saccharomyces cerevisiae
SEQ_956976,GGCGTCCCTCAGCCTTCCTGAGGAGGTTCGAAGGACCGAGTAAACACCAGAATCCCGACTTCAGATCTCCTGAGGCGATGTCTCCTGGTGCGCGAGTTCGGAAGCACTAGTATGTATACATTGTTGCAAATAAATTCGAAAAGCTTAATAACGCCCCGTGTTTGTTAGAAGACGCACGTGCGATGCGTAGGACATCGGAAGCAGGGATCATCGGATGTGCCGCTGAAAACCTACTTGTTTCGGGCCAGGTCGTGGAAGAGATTTCTTAACCTTAAAGGCATCAGACGCGCAGCCCAGGCAAGGCGTGTCGCAATTAAACCATCCAGCCAATGTAGGTCTACGTCTTACGGCACGCCGGGGGAAACAAGTTAGCACTAGTGGGTACATCAAACATGTAATTCTAGGCTTTGGAGTTATGAGGCGATATCGAAGCTCACAGGTAGAGCTATACAATTACCCAATGTTTTACTTAGAAGCGATGAATAATTACTAGATCACGTGGAATTAAGCTTGGTCGTTCTGTCGGGCTACGGGAAGGTAAGGACTCTGG,550,48.91,Mus musculus
SEQ_419083,CGAACGATTTTTGAAGTTGCTTGATCTTACACTTAGCGTTTTTGTGAGAGAAGACCCTTATCAGCCGCATGTAACGTCAGAAATTGGCTTCATATGGCGTCAGGATGGGTGTCGGGTAATAGAGTTGATAGAAATAGAACAATCTAACCCAAAGTTGCCCACGTCCGTCAAGGGAAACCTCAATGGTGATGCGGTCGATAGAACCGTGTTGTATTCTCTCTCAGCTCACGATACCGAACAAGAACCGTGGGCTACGTCCGCGCTCTACCGCCTTGCCCCCGCATATTTCAAATGAGGCTGTTCGTGGGACTCCCATCAGATTCTAGGACCCAGCCTGAAATTCGCCGTTTAAGCACTTTCGCGTTAAACATACTTAATTGAAAGCAGGGTCAAAAATCACGGCACCGATGGCGGTTTTCTAGAGTCGACCGCCAAGAAGGTGCCAAGCCCAGCCCTGCAAGGAACATTTTCTAGCATCTAGCGTTTATTGATTGACGAAAGTCCGAACTAATGGAACGAAGATCGCATTTCTTTCTCGTAAGATTGTGTCGGAGTACTAACCTCCTGACATAGATACTACCGGGGAACTCTCCCAGCCTACTCAAGTCCCCTTCAGGAACGACTCACCTGGGTAATCTAAAGATTGTCGGTACAGAGGCTGAAGATGGGGCTAATAAGATTGAGCGTCTAAATGATTGATTGGACCTTCGCTTCTATTAGTATCTTGACACGGGATACCACTACTTGTCTTTGGACAATTAGAACACTGGCAACGCCATGGAACCCAAGAGTGCTACCCCGATAACCAGTTTTACTAGGTTTGCCGATTACGAAGATTCATATCGTACTACCGAGCATCGATCTAGTGACCAAGAGCTCTCCTATGCACTGCAGGCACAATAGGCCCGTGATGTCCTTGGTCAGATCATTGGTAACTCCATCGGAGTCCCCGGTGTGCCCCGAGAATGCCGCTGAAACTTGAGACTAGGGGCACCTGGCTATGTACGAATATGCTGAAATTAATTCCTCGGTGATCCATCCCCTAAGAATCCTCGGACACCGTGGTCAAAGCACGTTTGCTGCGTATTAAGCTTTGGAGGGGCTGTCGTATTCATCTGGCGTTTTCGCCCGAATTAGCACGGATATTGGGATGTGTGGGCCTGGAAAGGGGGGCCAGGGTTCTAGAGCCATGTATCATACTCCTACATTGTTACCGCGGGTAGGTCAAGCATAGCACGTAAATGTTAACTCTCAGGCTTCGGGAGGACCTAAACATAATTTTATTTCCTCTCCCATCTATGCAGTTACAAATATAAGATCTGCGCATACCGCTAGGCACGCGCCATAACTCCTTAGTTGCAATCGATCAAATGAGGCGTGACTGCACAAAGATCCTGCCATGATTCGGTCCTGCCTACGTAACGTGTACATTTATCGCCCTCCAGTTCGTTACAGCTGCTGTTTCTTGCGGAAGGGTAGAACCGGAACAAAACAGCACCCGGCCAGATGGTCTCAGCTTTGCTTAAGATTGGGCGATTACCGTTCGATAGATTCACCACACTAATATCATAACTTCCGCTATCTAAAATTGGCCCTTCCTTCAACAGCACTAGCAAAGGCCGGTCCGAAGCGATTGGTCTGTACGACAACCTTAATTACGTCGATAATATCCCTTACGAACATCTACAGCCTAGGCAAGGTGAGAAACTTATACCTGGACAGGGCATGCGTCACGATTATAGAGCTGGCGGTTGGAACACGAAACTCACCGAACCACATAGAACGCTACATTATAGTCCGGCGGGAGTACATACTCTTTAGCTTGTTAGACTAACAGAGAGTCACCGGGAGTCCTGGTGTACCTTGATTTCATGGTAACCATACTACCTCGCATTGGTAACGGATAGAAGCTCCATCACACTGGGCTTGCGGAATCAACGCGTAATAGTGCTTCGTGTAAGCGCACTGGTAATTTGATCTTGTGTATCGATACCCCA,1997,47.92,Escherichia coli
SEQ_220782,TACTTCCGTCTCAAACATTAAAATAGGCGCAGAGAGCTGCTGAATCCGGGAAGAGATTTCATAGGGATTAAGGACAGCTGCAGATTACCCGGCGGGGAGGCATACTAATGACTTGAAGGTAGAAAACGCGAGTAAGACCCCTGTGACTCACGGCGGTATGTGTCCTCCCATCTCAAGGTCTGCTCTGGACCCGGAACGTGCTGCTCCTAAGAGGAAGCCGGAAAACGTACGTGGTGGTAGCTGCAGACCATCGAGCCATCAGGGTCTGCGGCCTTGCCCGTGATTTAACAGAGACGATTTTTCTGCGGACTACTAGTCTCTCCCGAGTCTTTATAACGCTACTTCGGTTAAGCACAAGAGCGTGGACGGTGGCCGTAGGGCCCACATAGGGCAATGAGAAGGTGAACGGGAGAGGAGTGCTAGCGATAGCAGACGCGCTCTTCGCACTGCTGCTGTATTCGAACTTGGGAAGACAGACAACGAGACCTCACCTAGAAATGTTTTAGCGCGAACGTACCGTGAAAGTAAATGTTGCCCTTCGTTTCACTTTTCGCATTCCAAGTAGGAGCAGTCGCATTGACCAGTCAGCGCGGGAGACCCGTAGAGTTTTAGGCTCGTATTACATTTCGCAAACTTGTACCGTAAAAACCAACTTGAAAGTACTTCGCGGAATGGCTATTGCATGTTCCAATTTTGAGGTCTGGTTATTGAAGCAATATATCTCACGCCAGACGATCAGGACAGTCAGCTCCTAGAGACTTCAAGCTGCTGTGGTGGGATCTACCTTTCCCGGTACTGAAACGTAAACATTAGGAGCTGCCACTCTCATAGTCGAGTAAGCCAAACATCAGACGAAATCGAATTGCAATCCGTGCTACTCGATGTCATCGGTAGATACTGCTGCGTGCATTGGCAGAGACAATAAGAGGGATTGGTTAAGGCCATACCGTACGTTAAGGGGCGGACCGTAGCAACAATTTCCCTGAAGTTCGCCATGGCGCATAGCGGTGTAACCTAGTTTATTTAACTTATAGGAACAGGATTACCACATACACGGTCAAGATATAGAGGGCTTAATGTTCGGAATTCTAATAAAGCCGATGCTCGCGGCCTGCAGAATCACCTCGGTCCGACGGCCCCTGATCGAAGCGACGCTGGTACCTCTCGGTCGTGGAGTCATAACTGAAACTGAATGAAGCTCAGTCACGTCAATACAAAGTAAATGGGTGTTACTAGTTGGCTTGCTATCGAATCATCCGAACGAAAAAAAATCGCCGACCTGCATCAGTCCCGTACATGGTAGGATGTGATAACTTCTCGTAGGGGGGCTACATGCGAGACTGGTACCTCGTATAGTAGAACAGATCTC,1369,49.38,Drosophila melanogaster
SEQ_961203,GATCCACAGTGTTCGCGAAGTCCCGTTATGGTATCCGAGATACCAGCGGCCATGCGACGGACGACTAAAATAAAAGTAGTTAAGGCGTTATTCGTTCCGCTACGCACCGAGGGAGTCAAGAGTGGTCTAGATCCACGTAGCCAGGGTCGCTAAAGGAAGCCTGGAATTGGAGCTGAGGTGTATAGCTCCCCGTCCGCAAGGTGACGGCGAAAGCCACGATCACACCTGATCTTCGAGATATGTCTAATGAAGATGCAAGATATACGGGACCGGAGCTCGAGCCTAGAACACGTGTCTTTGGTGTGGGAATATCCCCTCCGTAGTGTGTACTATCCATCCAAATCGATTGACCATCACCTAACCATACATATCTCACGGCGGGAGCCCTTTGTTCTATTCTTCGATCTAAATATCTCATCGGCCCCTGGGGCGCAACTTAACCCTAGGGTTCGGAGGGATTGGCAATATTGTACCCTTCGCACACGCTGCGGTAACAATCTTCTACTGGTTCTTATCACACGCTTTCAACATGCGGGTTACAAAGCCCTGCCAGTCCCTAGGATACAAAACTGCAGCTTCCGGTCGGCGTGTTACCATACCTGCGTGGATATTCAAATCTGCTGCCTCGCTCCCACTTAAATCGAGATGTGCCACCTCTAAAAAGACCTCTGCAAGCTTCACTCACGCAATCCCGGGTACGCGGACACGTTGACTATGCTAACGGACCATCTTTGGCTTGAGGACTTGTGACACCTGTTAATCGGAGTTCACAAAGATAGTGCCCATGGGCCCTGCAATTGGAGAAGACAATTGAACTTATCCGTACTCAATGTTATCCCTAGACCCACCGAGGGTCCAGACAGCGGGAAGTCACGTACCTATGCGGGCTAACCAGCACTCGATACCACAGAAATCACTAGTTTAGAAACTTGCTAGTGTCGGGGCGCTACTCCGGTATAGAGCAAATACGTGCTACCGGGGTCGGTCCACTTTTTACTTTCGTTGGAAAGCACCGATTTACCGACAGCTGGCTTCAGACCGAATTAAAACCTCCTGGCGATTGCGTCACTTCAAAAATTGAATGCTGCTATTCAAACTTTTAGTGTTGATAGATAAGACAACGTCACCCACCTCATAAGTAACTGTCAGCCATTTGCTATACAGCTGGATTGTCTTAACCCCACCCGGCCCTATAGACAACTTAAGTACACAAATAACAGTCTTT,1225,49.22,Caenorhabditis elegans
SEQ_735985,TCTCACAAACGCGCCCGGACATGAACAGTACGGCGATTTGTGAAGAAAGTCAAGGTTCCGTAAGACATTCGTTATGGACCTATGTTATTCTTAAGGCAATCGTGCAGAGTCGATCCCCGTTTTAATTCTTTTCCCCGGGGCGTCTGCATAATTTCGGCGCAGCTGGCACAACTGTTAGAACTCTTATGAAGCCAATTCAACGTAACTCATAAGTCACCAAGTTATTCACCTAATTTAGAGTGCCTCAGCTATAGCACTGTGCGACACGTCAGAATAGGGGTAGAGTAGCGTGCCGTTACCTCCGCTAGGACTCCCGATTCTGTCGTACCCCCGACCAAGGGGGTATATGGCCACGCGTCCTATTAGCTTCTCCTGGACGTATGAGAATAGCTGTAAGTGTGAGATTGACCCCCTCTGTGTTGTAGGGACTTGTGGCTATTCCTCAAGGGAAATTATAGATTTCGACCGCTACAATGTAACACACGAGTGAACATACCAAGCGAAAAGTTTCATAGGCTATCTATACGCGGT,531,47.46,Arabidopsis thaliana
SEQ_392320,GTAATATGGGGATTGGTGGAGCGTCGAAAAGTATATAAGAAAAATCCGCGCATATTGCTCGGCCGCCGTGTCCGCGGAAGAATAGCGTGGGTTTTAAAGCCCCAACTTTCACAGCCATTCACATCAGGAGTCAGCACCGATCTCGACGCAGTCCTCCGGTACCACATAAGTAATCCAGGATAAGTCGTATGGTTCCGACCCCGGGACGCTACGATTCCGTCGCCTTTAGTGAAATCGCACATTTAGCGATTTCCTTGCGCAACGTGATCTTTCCTCTGTCATCTGGGCCCCCCGGCCAAGAGCCAGCCACTCAGACACAACAAGAATAAACGCTCCATACCCGCCTTGATGGCAGCTGCCTATGTATAACGACCAAGTCGATCGGTCCACTGTGTATCCCTATTCACGGACATCTAGCAATCTGACGATACTGTACTATGCGCGGATATCAAGCCTTTAGGCGAGGCCTCGGGACCCGGTTATTATAAGTGTCTACACAACTTG,504,51.19,Arabidopsis thaliana
SEQ_511891,GAAGTTGCACATCGAGGATGCCGGAATACGCTAAAGTTTAACTATGGTCTAGTGCTTTCTAGCACGCGAATCGCTCGATAAGGCTTTTGCATCGAGTACAATAGACCGAGTAGTGGCGTGCCAGGACGTGACGCGCCGGTTGGTTTTTTTGCTGAATTATAGCTTGGCTCTCCCGCATTTCAAATTCACTTGTCCGTCAAGCGACTAATTGTGCGAGGACGCAATACGCGGTAGATGCTAAAAGACAGTGATGTTAGCAACAAACACACCAGCCTTAGACTAGAGCGATCCGGTCAGACATGATTCCGACCAGACGGGCAACTACGACATGTTTGCTGATCAAACTACCTGCGGCAAGAACTTAATACTGCGCTATGGTGCCCCCACCAGTAGACCGGTGACCTTCGGTACGTGCCGTCACAGAACTAGCATCACCACTCAGCCCCCGGGGGAGCTGCCCATTACAGCAATTTCTACTAAGGTGGCGCTAAACTTCCCGCCAGATCATGCGATAGATCGTGTTCATGAGAGTAATTTGAGTCTCTTCACCTTCCAAGCAATCTCGCTCGTGACGGACACTTGCGAAGCCATGGCAAAAGAGTATTTCTGAGTTCAAGAAATTTTGTCCTCATCGCGCTCTGGGAGTTAAGATTCACTGCGTATCTGTCGCACGGCTTATCCTCCCGTGAGTTTCATCCTGACGCTAAGCGAACTCAGGACCAGCATGACTCCAGCATTGGTCCCAATTGCCTATCAACTTCGATCATAGGCCCACGCATGGCCGATAGGTTCAGTCGCGGGATACTACTTCGATTGCAAGTTCGCGGAATGGATTTTGGTAGGGGGTGTACGCCATTCGTCGTTTGGGAGTGCGCCCGCGGGGGTCACGAGGCAATCCCAGGGGACATAAAGCGCGCAGGTGGGTACTTTACCAGTTGGCGGTGCGGCAGGGCATGCGGTCTAGTATACCAAAGCTGGTTTGCACCTTTCGATTCATGTAAATTAACGCGTTCATCGACTCTTTTAAGCACTGGGGATCACTAGTCCTGCATAAATTCGGCCGCCCGTGACATAACCAGGATACTAGTGAGACTGGATAAGTAATGCCTGTGACACCGCGGCAAATGGCAATAACAGGGCTCCGAAAGATAGAATTTCGCAAGACAATTTGGTACCGGAACCCTCTTTCATCCGCCAAGACTGCCTCTAGCACGTGATGGGTATTAGCAAATTAACGTAGCAGCATCCGC,1250,50.8,Mus musculus
SEQ_466844,GGAATGTTGCTCCGCGGTGTAAAGCGGTCGCCCTAGTCCCGGCAGGAGTCCATAACGCTCCTGGGTAATCGCGGCATCCTGAGCTAGTATATGAAGGAATTCGTGATGAGTCACAGTCTATCACGAGCAGTCATCAGGGATGCTCAAAAGATAATTGTGCGATGTCGCTAGGGCAGCGAGACGGGATACTTGCGGGTGTTGTCTTAACTCGACCAGCTAGAGCAGTAAGGAAGAATGTTAAGGAAATAATTGGCTTTCTCAATGGGGGCAATCCGATTTGATTTTGCACTGTGCCTACTAGTTGTTATACGAAGTCTAAATGTCCGTCCCTGCTTCTCTAGTAACTCGCTCTAGCTACACGTGAATCATGAACCAGTAGCACCGTTTCCGCCGGCCTTAGCGGGCAAACCTTTTTTAGATTAATCGCCCCCGGAGTCAACTCCGCGGGGCAGACAAGGATAATGACCTCCAATCGTGGGGAGGAGGGTTCCACGGCCTTGCTCTCAATTGGTAATCCCGATGTGAGAACCCACCCTCTCGCTACCAACGAGTACGAAGGTGATCCTCTCGGAAAGCGAAAAACTTACCCTAACAATAGGGCTCCCGGTACATATCACCTAGCGGAGTCTAAACAGGGCTAATCACATTTGTTGGGAACTTGTACAAGAGCTCGGTTTACGCGCAATGATTGAATTCAAAAAGTACTATATTAGCTTCCACGGACTTTTCGCGCCGTAAAGTACGCAGTGGCCAGTACTATTTAGCATCCCGTGGGAGCCCACTAGCAACATCTAACGCTAAACGGTGAATCAGAGTCGCCAGTTCTATTATGCAGTAAGTCTTAGCTCGGTGCGGTCATCACCAAGGAGAGTGTCGGGTGAGATACATATCACGGGCGACTAGGCCCCTTCTTACCAGTACTCTTGCCACAAATCGGGTGCATAAGATGGGATTAAGAAGGATGCGTCGTCATATGGTAA,980,49.49,Drosophila melanogaster
SEQ_324746,GGCAGTTACGGCGACGACCATTCTGGATTACAGTTTTTCAAATCGGACCCGTGATACTGGTCTGGCTGTAGCTTCTTGGAACTGCATGAGGTGAATGCGGAATGACTACAAGGGGGATCTTACCTGACTAAGGCGTTGATTATTGGACAGCCACGCCAGGCAGTCGGGATCTTATTGGGAGCACATGTCCGCTAGGCTCATATGATAAATTCCGGATCAGTGTGTACCCCTTGCGCGAATCTTGTCTGTGCTGC,254,50.79,Mus musculus
SEQ_657884,GCATGTGCTCCCATTTTATACAGCAATGTTAAGCACAGGTCTTGCCTATTGCCACGGTGAGAGTTCTCTAATAGGTAGTATAGACATGTGGGCAAGCTATGTTAGTTAAGTGGAGGCCCGACTGGAAGTCTGCTAATGTACCCTAAAACGTAGAGCGCCAAGTTTAATCATTGCGTTACGGCGTTAGCAGGCAACTTGAGCCCGGGAGCCTCTGCCCTGGCGGGTTAGAAACGGCGTGCAGACGGCAACGGAAGCGACCTACAGACGAAGCATAGCTAAGAATAACCACCGCCGCGCTAGGGCTGGTACTTACGAGCCGATTCAGGAGATTCTCATGTACGGGTAATCTCCCTCTGCTATGATCTAATCTGCAAGCTATTTGTTGCCGGTTACTCTCAAGGGTCAGGCTCATGGGGACCCAACTTAACAAACCAGTAAGCTATTGTATTCGCATGCGTTGAATGACCCGCTACGTGTCCTGGCGTCGGGCTTCTGGAGGCCCAGGAGTACCTCGGGCCATGCCAACGAAACGGATCATGGCCCCTAAGTATATATTAAGCTGGTATCAGGACCGCATCTAGCGACTGATCGATTCTATGACTGCGGGCCAAAGGATGTATTTGCGAAACGAGGATCTTTCACGCGGCCCCTGGTTAACCCGCGCTCCCGACGAGACTGTATATGCTGTATGCCGCGTACATTAGGTCACCGACCATGAAAATGGTCTTCTGACTTCCGTCAGGGATTGGCCTCATTCCTCCTCGCCCTCACACCTGGAGTATACGACGGAATACTATTAGGCTGCGTAACATATCTCCGCGATTTTTCCAAACTTATGATAACCCGGCCCACTGAGGGACTGCACTCCATCTGGGTTCCTTTCTATCTACCACGGGACCCGTGAGTCGAGAGCTATCACATTGCTGTCCTCATTTTCTCGCTCCGGTACAGGGGAATCTCAAATTAGCAAAACTATGGCTGACGTTAGCAAAGCCGACACGCGGGCTATACCCACGGCACATCTAAGCGAGTCTTGTTCATAGAAGCTAAGTTCTAAGAGCTACATGTACTACGTCCTATTCTCCGAGTGGGCAAACAAATACGAGGTTTTTCGCCCGTGTCTGTCCGTACAATGGTGCGATGAGTATCACGGATCTTTGCGAGATAGGCGAAGCATTTTACCAATGGCGTCTTCCCCACTGGGGTCCACAGACTTTAGCCAAGATGATAGCTGCTCCCCTAGAGTAAGGACGAAGAGCCCCCACGCGTCGCCGATCGTACCCTTAAACCCAATTTCCGCCGTGACGCATTTCCAAATATACCCTAGTGCCTTAGCGGTTGAGCAAACCATCTATATGTCGCCCATCTTAGGAAGCGCTAGGTCGAAGAATTGGTTGTTAGATCCCGTCGCGTACCTTCCAAATTTAAGCTCC,1433,50.94,Homo sapiens
SEQ_758149,AATAAGTAGCCCTATATCCGTCGTTACTCACACGCAATCTCACGCTGTTACGTGAGATCTGTGTGTGATACCCGAGTGTTTTTGAAATCAAGACTAACCGTAACGCCTCCGTTCGTCAATCTGATGCCGCGGCTAGGGGATTATGTCGCCGATGCGTTTTTCACCGATACTGAGTCTTCCCCTTCATGCGATTCGTAGTTCGGACAGTATAGATAGTAGACGAGTGCCACCGTACCTACTGTCGCCCGAGCCGGTTTAAGGCCTGGCAGTGATATAAGGAAACCGCCCGTCGTCTATTTACAGTGGATAAATTGCCTGAGAAGCATGCGCAGGTAATATGTAACAGAAGCTGGCTAGGCATTCAACATACTACGGGAACACCGGGACGTGGTCGTTAGGACACTTCAATAGGTTGAGACATTCGAGAGCAGAAGCTCTAATCAGAGACGCGTGGAGTGCTGAACTATCCCACTTAAGGGCGAGAGCACAGTGAACGGAAATACAGGAGGCCTGCTAGACGGCCTCGGCGCGGGGAGGACTCTAACCGAACATTTTTTGAGTCACAGAAGCAAGGGTACTACGTTCGGGCAATGAAGTCATCCACTGATTGGGAGGCTCTTTCTAGCATCCAGCCTCGCCTGTGGTGGGTTAATCCTGCGGAAGGTATAAGCGCCGCCTCATGGGGAGTAAGGCACCTGTGACCTAATGGAACTGGGTGCGGGCAATAGACATATCACGGGGTCCTAAGAAACCCTCATCGTAACCTTCTTGCTACCAGTTTATCGATAGAGGACTGATTATGTACGGCTGCTCATGCGAAAGCATGCTTGCCGAAGCACACCTTCGAGCGGGGGTAGAGCGGCCTGAAGGCTCCCTGAAGGCCCTATGCTCGAAAGCGGCGCGTGGTGCATGGTGCACTTTCTAACTACTTATCCGTAGTAAGGATATCACATCGATGAACGTGAGGTCCAGGATATTTGGACGTGAAAAACACAATCCGGATCAAAGAACTCACAATCTGCCCGCGGGGCAAGGGAGCCACCTCGCATGGGAGTTTCGGTGGACCTGCAATCCTTAGACGTGCCCCCAATCTGGGGGTACTCACTTGCAATCATTGGTGTCTGTTGTCTTTTATCCTTCTACGGGTGACCACGTAGGAGGGGGGGTCTCACCATCTCCCCATAGCCACGAGAACTTTTATGCGGATTCCGAAACGATCTTTGTAGCCATTCACACCCCAAGCAGGGACACCGATCCGCTCCGTGACGTAGATTGTTTGTGGGTACGAATTCCGAACTGGTATAGTAGGTCAGGGCGGTAAATATCCCACCGTATAAATACAGCTACTGAACCCTGGTACTTCTCCCTTATTATACACTAGCATGAACTCCCTGCAGGTCCGTGAGGATGTTTTCTTCGTGGCACCGACCATAAGCCTTGTAGGAATCTACGTTAAGCCGACCTGACGGTTGGCAAGTGCTTCCTTCGTACTGTCTAGTACATAATTAGAGGAGAGAGCGTGAAATCGCGTTCACACCAGCTGCCTTCTCCAACACAATAAGAACTTATTCTCAACATCCTGTGTTCCCTGGGAACGGCATGTGAAAAAGAGGAATATTCCATGGAATCATCTAAAGGGATCCACGAGGACGGAGGCCACAAAGGGGCGTCTGATTAAAGACATAGCCCGCAACATGGTCTCGCCCAACCGTCCGCACCTCCACATCATAGACTTCACGACTCGGTAATACTACCCAGGCCGTAGAGCACCCTTCCGTAACTTGGACTAGTGGATAATGGCCCTTATGTTCACCGAATCTCTCCCCGAAAGTCGCCTCCGGCTCAAAAGGAGCGTATCCAATCAGCTCTCACTGCAGTCCCACTCCCT,1888,51.22,Saccharomyces cerevisiae
SEQ_436014,GGGCAGTATTTGAAACCAAGGCAGGTAGTGCGAAACTGCTGGCAGTAGCTCCTTAGGTTTCAGCGATATCTAATCGCCAGCGCTAGACCTATCGCCCGGTATGTACGTCCTATGTAATAGATATACGCGTCCCAAACGGTGCCCTACCATT,151,50.33,Arabidopsis thaliana
SEQ_293114,GTAGCTCAGACTCTCTTACTAACCAGGCTATTTCTGAAACGTTGCGTGCTATTGTTGCGGTTGGCCACGTGCCACCTCGAGCGCCGGTTTCGTCCTTCGGGAGGCTAGACAGTCGAAATACTGACGACGGTGCACTACGGCATCGTTACGTGACATTAAATTGTGCCAAACATAATTGGACGAAGCGAACGCTACTTGGTGAATACCCAAATACTGGCTCAGCGCCTTTCTTAATCTGCGTTCTTAAAACCCGAAAGTTATACGTCACAAAAGGGCCGCTGTGCGCGCACATATCAATGGGATTAAACTTACGGCTAATTGTTGGTCTTGCGATGTGCCGTTTTACAGTCTAGGTGTCCAGAGCTCCGAGTCATTGAAGTAGGAGTTGAGTGAACACACACCGGACTGGTTGAGTTTCGATGCTTACGCTTGACGAAGACGCTCACGCGCAAAAGCCGGGTTCGCGGATTGAGGCAACTGATGTGGGCGGCGCCAGGATTCAGTTTTTCGCTGGATATCTACCACGAGAGACAGATGGGGACCTTCGTATAATTTCATTCCGCTGGCCGTTGCTTCCTGTTGACAAACAGTTTCCTCTTGCCCGGGGACATCTAAAAACTGCGTAACTTGTTTTCTCGCTGAGATCGTCTACGAATGACATTCGAGTTACCCTAACTCACATCTTAGTTTGTGCCTAAATCACCCAAGAGGAATGTATACAGTGTCTTCTTTTTCACC,738,48.64,Escherichia coli
SEQ_582602,ATCCTGGCGAACGGTCGAATTGGCCTAACAATGTGAGCATGGGCTCGCTATAGTACAAGGGGTGACAACGAGTGGGGACCTTGGCCCTGATCGCCAAATAACTCCGATGTCCCCTTGCGCTTTATGACAATTGCACCATAGAGGCGAGTAAATCCCGGAAGGGGGGCGAACGGTCCAGTCATCTCGAAACAATGTGCAGTGGATTATGACTCAAGTGGATTATTTTGGTAAAGTTAGAAGATCTATAGCGAGTAAGGGAGGATTACCAATCAGTGAAGCTCGGGATCGACATCCAAACTTGGACGGGCAGTGAGGACCCCATTGCTGTGTTCAGCATCAACCCCGCTCTCGAGTGGGGTCAATTGCGCACCGCAACGGAGCGATCCTGAAATCGCGAACGACGAGGTCTTTACTTCAGGCCCGATGCATAGATGACAAGACTTTTTCCAGATACCTCGTAGTCATCAGCTCACTGTCAGCTGGCAAGGCGACCAATACGCACAAGTAATGCTGGGACCCCACAGCCGACCGGGCTGACTCCACTCAGCCCGACGCGTAGATTAAACTTATTCCCATCCTATAACCTGTAGACCGTCAATTCATAGACGCCTCAGGCGTAGATTACACTCCTCACGAAAAATTGACTAAGCTACGACCTGTACACTTCCGCACCGACATGACTAAGTATGACACAGGGTCAAGAACCCAAGCCATATAATTAGAAAGTGAGCTGCGAAGTTGATACCTACAGGCATAGGTCGGCAGGCTCCCTACTAGCCTGTTCACCGACTTGGTGGTCTTGGAACGTGCAGGGCGACTATGTCCCACCAATTGTTTCGTAGCTCGAATCATTAATACCCGACTAGTAAGCAGCGACTTTGCTTCCTACTGTCCTGGGCAGCACCTCCTTCGGCGGTGAATCTACCTATAGCCGCCGAAATGAAAGAGTTAAACCTGAAACCCGATAGCTAAAAAATAAACTTTTTGGTCCGGTCTAACGGATTTTTGAGCTGTCTCTGGGATATGCTGGCCCTCGAAATAAAGAGCATGAGACTTCTAAGGGGGTGTGACCGGAGATGCGGTGCGAACGCCTATACGCCGCTCCCGTGGAGTTACATTGAACATACTGTGTTACTTATGTTTATGAGATTCCGATTCAACCTCCGCCATTACGAGGCTTATTCTACGTCAAAAAACCGAACGTGTAACCTTATAGTGAGCTCGGGGCCCAATATCAACTGCTCGGGTCCTGGCTCCACACGGCCGCATTGCCGCCGGTATGCATTGGTCGCTAGGGGCTTCTCCGTTAACAACAAACTCGTGGGTGTAATGGAGTTTGGGGAGTATGCAAAAACCTGGAATATACATCGTAACCAGAGTTGGTATTAGACACCTATACTCGAATTGATGGGAGGCCCCGTCTTTCACGGCTCACTTTGTCTGGCCGTTACGAAGAGGCCCAATTATAATGCAAACCCGGTGTTTTCGGCTAACATCGATTGAAAAAATCGGTATTGAGCAGCCTTTACTAACCTCACATTTGTATGGACGCCGAAATTTGTCGGCGGAACATCCACAGCTTCCCGCGCTTCACTGAACCGGACTGACGACGCTTGACCCCCTCTCGTCCGCTTAGCATAAATATGAAAAGGCCGTCGAAGAGGCTATTGCAGGCGTCCGAAGTAGGTGGTGTCACTTCCGCGTGCTCTCCCCTAGTCTGACCCATTGGTTACCAACGAAGTGCGTTGTCGATTAGCAAGGAACTGATATATATTTGCGCGTCGGCCATTGCAGACTCTCCGTTCCCTAGCCACGGTACTAAATCCCAAGTGGGTCACGTTTTTTCAAGTATTTCGGGCCAGGATAAGTCTGGAGTA,1877,50.13,Escherichia coli
SEQ_653386,ACCTCATTGCCAAATCACCAGAGAACTGGCGCTAAGTAGGCGGGGGGCGGCCACGACGCTTTTCCATTTGGGGATGTAGCAAAGCAGAGAATAAAATGTCAGAGTCCGCTTATCAAGTTAGTTAATGGTAGGCAGAGTGGTCAATCCACATAGACGAAATAAGGTCGCAATCGATGATGTGTCCACTGAGTTATGGGATGTCTGTCCGGGTGGAGTATCGGAGTTTGTTCGATGTAATCCATCCACTGGTCGTCCCCCCTACCAACATCAAGACATGGGCTCGGTTTCGCCACTAAACGTGGCAAAAGTACGACTTGGTACGGTGCACCTAAAGCTGCTGTTAAACCGGAATAAAACAGAGGTATGACCTTGCGCGTAGGATAGCGTACCTGTTCATATTACTCTGGCTAGACCCGTCGACGGGTGAGAGAACGAGATACATGTAACACAACAAGCGTTACAGGAGGGCTCAACCTTTTAGTGGCTCCTTGTAGCTGCCTATGAGGGGAGTTCAAAACAGTCATGATGATGTAAGCTTTTCAGGGCCTACCAAAGCTGGCTACCGGACAGCGGTAGCGTCCAGCGGTGCGGGTCGCGGCGACTGATTTTACTCCTCAGAAAAGGGCAAAGGTATTCCCAACGCAAACGGAGATTGGAAAGGGCCCTACTGTCGGCACATTGCAGGCGTCTCCCGTGTGATTAAG,704,50.71,Homo sapiens
SEQ_590981,TATAGCAGAAATAGGCGTGTTATGAAGGGTCGCCTGGTGTGTCAATCCAGGCAATGTTACTAGGCCTCATCTTATTGGAAGACAGCTTAGGTCGTGACGATACGAGAAACTACAGCTATAATGACCAGATTGTTTCTTGTTATGATAATAAGTCACAGGGATCTAGGGTAGTGAGCCTCCAGCACAAACAGATACCGTTCCACTTACAGCTGCCGGTACGAGGGCTAGTAGTCCACTCTATCATCTTGATCCCTAAGAACACGATTAAAGACCGGCCCCGATCGTATGAATCTCAGGAGTTCCGCCACCCAGTTGTCCCGAGCCACTCCCGATTGTCCGCCGGTCGCTGGTGGTAGCCACGAATCTCGTACACTTACCTCTGGATTAACACAAGTGTGCAAGCGACTCGGTCGCGCCTTCCATGCATGAAAAAGGGATTGCACTTGTGCTACGCTCATGTAGGACACCTCTCAACTACGCACCACCGTGCCTCAGTGACTTCTTAAAAGTTCAATCAGTCAGTGCAAACAAATTCAACCGTAGCAGATATACACTATAGTTCTCGGATATTTGGCCAAATGATACTGGTGAGTATTATCATCCTTATCCGTCTTGGCCACGTATGGGACTTTCCTGAATTGAAGATGGTTTAAGTGCACATGTTGAGCTAACAAATACATGGGGCCGGACGAGACGTTGAGTACTGGTCTAGTGTCTGGTAATAATGTCGTCCTTGTAAGGGGGCCTTCCCGTAAGTGTAGGTAGTCTAATACAAGAGGTCGGACTAGACGAGAAGTGCAAGATGATCTGCGCACTTGTAAGTGCGCCGTCTAATAGGGAGTGCTAGATACTCTGAGGCAAACATGATGGGTATCAGACCTCGATCGTGGATCTGGTAAGTGTATCACTCGTCGCGGGCACAACCTGGGGAGAATAGCGTAGAACAGGGCTGATATGAGAATCCTGAACCAGGTTAAAGCTTTGCAAACCATCCTGGTCCCGTACGAGATGACGGGTACTTCTTGAAGGCCGCCTAAAACCAATCGTGATCCTAACCTATCGGCCATGGTTGGTAGGAATGCAGATGAGTCCGAACTAGCTTCTACATTGGATTGTATTATCGCTGCGTTTAACAGAGTAAACAGGGAGAACATCAAAGTACTAGTTCGAACTGAGACGCCACCGGATCCGGACATTACGTGATCCCGCTGGTGATAACGGAGTCAGCTGACGATGCCTCTTGTTATAAGCAACAGTCTTTACGAGCCGGCAACAACGGGAGGATGCAGTACCGGCTGTGCGATGTCGTTCAGGACATAGACCACGAGGAGTCAACAGTAAATAATCATTGGGCCTACCAGGCGACTAAAATCCACGAGTACAGTATGACGCCCGGGCATTCGTATCCCATGTCTACCGGTATGACATATTGAGCCGACTACCAACTAAGCGACCCGACATATCCCCAATGTGCTCTCGCAGCTTCAACTCGAGTTATATCCGGTGCGATCTTACCGCAAAGTCATTAAGACACGAACTAGGCTGTAACTATCCGCGTCATAACGACCTGCGTATTGGGATCCAAACGACGGG,1593,48.71,Arabidopsis thaliana
SEQ_861687,CCAGTCGTAGCAGCTCAAGGCAAAAAACGTTTATGTACCGTCCTTACACTTCGTTCTGCGAAACTTATTTCTGTAGCAGGACCCTGGTCAAGCCCTTTAATCTGGAAAATTGGTGCATAGTCTCGCGACGCTTGACCAGAATCCGCGCACTCGCGCTGCATTTGCACTTGCCGCACGTACCACGTTTGCCGGCCGTTTCATCCGGTCAATTGGATCCCATTGGCTATGCACTCGACACTATCCAAAACCTGGGGGCCCTAATGACCGTACATAATTGCCCTCGAATGTGGTCTGAATCGACCGGTAAGAGTTCTTGTCTGTCAGGAAATGGAGGCCAATACGGATGTGATAATGCTGAAATAGCATTCGTCCCGAGTATCACCCTATCTGAGCGCGGGCCATGACACTGCACTTATCCCTAACGCGTGGGACTAAATCAGCCGAAAGAGATGGTGGGGGAACGATGTTGCTTTTGTCATAAGGGAGCAGAGCGAATTGATGATTAGCTCATGTTACGTAACACCCTAAGTAGGAGCCGTTATTCACCTTTAGCTATTAATCGAAAGGTGAGTGACCAAACACCCCTCTAGATGAGGTAGCTATCGGACTAGCGAGATGGGCGTCGGGGGGGGCGGGTCACACTGTCTACGCACAGCTGCCGATTGCCTATCAAGCACCGGCCCCCTCGACCGAACTCCTGTGATTGACCGACAGCCTAGTCTTTCGACGAGCTTGCCACCGCGTTCTGGACCAGAAAGGCAGACGGCACCTACATACCTCAACCTTTCTGTTGCAATCGATCCGAGGGGGAGAAAAATCGATTAGTAATGTAGCGAGATATCATTGCTCTCGTTAATGTGCGTTGACAACCCTTCTTGGCTGAACCCGCTCTTTGAAGGACAGACTCCCTTGGACCCCGTCCTACATTCGCACCAGGTCAAGCCAAGGGGACGTTTAGCAGGCCGTGACATCGGCCTAGTGCCGCCTACGTAGTTAGGACTAGATGATAATTAATATGCTCCGTCCGCTAGAACATGAAAGCATCGCCTCACTTAACCCTGCGAGTGGACCAGATGGACAGAGGCTGAGCCAACAGTAAAACTTATCGAGGTAGGCGGTTTATTTGCCGGTAGCATGCGTCATCCGACCAGTATGCGGGAATATTGGGACACTCTGGTAGCCTGGGATTGCCATTGCGTGGATCCCCGACTCAACGCATATTTCGAATTTAGCCTTCTAATCCGGTAAGTCGAAATAGTTGCTAAAGTGGAAGAGGATAGTATGTATCGCGAGACATGTCGCCGGGGGAGCTAGGCCTCCTCGAGACTGTACAACGTTCCGACCGTCCACTGTGTGAGACACTATCTACGAACGAGTGATCCAATCTTCTGTAGGGGTATCTGCAGATAGTGTCTTTTCTAAGTCGGGGCCGACCATAACACACTGGAAAAGAAAACTATGCGGCGATCGAGATCCACTCGGCGTCAGAGGTATGCATTGGGTAATATTGACAGGCCGACGTATCGTTTGCGTCGACTACTTGCATGACATGTAACCGTGAAGAAACGAGTAGCGTGGCGAGCGCGTACCGGAGAACAATGGCAGTGGTCAGAAGTAGCTCCTTGTGCAGACGTGGAGGGTTCATAGTAAGAGTTAGCTCATTCTTGCCCAACAAGTGATATTTTCGAAG,1690,50.95,Caenorhabditis elegans
SEQ_543374,TTAAGGTCATCGCTAGGTAAGCAGGCTATGAATATCCTGCAGCCAGGACCCCAGCTGACTACATATGCTAGGTTCTAGTTGTATCTGACTCCTGATCCCCGCCGCGGTTGTGTGTGGATGGCATATAAAAGCAAATACGAAATCCAGGGGTAATTGATTCCTTCTCGGGTCTTGAGGAGACACACTGTCGTATTCCAAAACGTTCCTTAAGGGCTTTGTAGAGTCTAGCCGTTTACGACTTTTGCTTAGTGAAAAACGCACATCTAGAATACATGGCTCATAAAGTCAGCTATATTGATCCTACACGAAAACCGGATGCTGGTGCTAAGTGCGTATTATGGGTGTATGTTGGTCGAAACCATTTTTCTTGTCAGTGCTAACCCCCAATGCACAGGCCAAACAAGAGTTCTCTCTTACTGAACCTCTGCCCGGACAAATTGAGACGCAATCCAGGCTCGCAGTGATGAACATCACCACCCGTTTAAACATAAAGCGTGGCGGCTTATCCAATGGCTGGATTTCTCCAAACGGCCAATTGCCAGGCGGAGGTGTAACATAGCTATCCCGCAATTACGCTGTATGAAACACAGAACAAATGCGGTAAAAAGCGTGCAAGCAACGTGCGGAATTCGAACAGATAAAAAGCTCGTCGGGACGCATCCAGCAGCGCGCCCAAACCAACAACCACAAACCGGATAGCCATATGTTGTGTAGCTATAAGACTACTTTTACAATAATTTCGGGAAAGCAGGCAGTTTGACCTGGTGATAACGATCCTCCCCGTTAAGACAAAAATTTATCAAGTATACACTGCGATTAATTACCGCCTGGAACGGTCGGCAGGCGTTAATGAAACCACCCGCCGATAGGATGAAGGCAGTTGTGTGAATTTCACTATAGTGTTCGTGTCTGCATCGGAGGCTTGCAATAAGCTAGTGGCTCACCCCTAGAAAAGTTTTAGCAACTTCTGCTCAGTTAACCTGCAAAGACTCGTCCTACTGTTTATTTCGCACGATTAAGTGATTTGTGCTGGTGGCGGACAGGGCTCATCACACTTCATGTGCTAATACTATTATAAAACCATATTGTAACACAACAAATAAGGCGCGTTTTGGTCTAAACTACTGTGTTCGGTTTCCATTGCGTACATTCAAGCCGGCAAGCGGGGGGCTTGCCAATTATTGCTATTTTTACTTTCGAATTCTGCGAATCAGTCACCCGCGACCTGGTACGGGGACTCCTTCGCTAGGTCACACACCTCCTTAGTCTGCACAATTCTGGTTAGACCATAGGACGCCGTGAATCGAGGTCTACCGATTCATTGACGTACTTGAAATACAGGCTGGAACACAAACGCCATCTCAGGGCAGTTTGGTCTTGACCCGATACTTGATTTTCGCCGTTCTCCAAAAGGTCTCTGGGAAGAATAATCGCCCACTAAGATGTTCCGTACGGTTGCTGACGGGTGCACGGTTGATCGGGTGATGACGCGCGCGTGCAGGTTTTGCAAAGGAATTCGACTACGATGATTCCAAAGCGTGAACGCTGCTCCTCAGCTTCTACGGTCGTAAATCGTGGATGGTCAAGCACTCACGTCGAAGTGGACGCGTCAAACTGGGGTTCTTATATACCGCTTTCTAGTAACAGGAGGTCAGTGCCTGAACACTTGCTACCTCAAACGCTACGCAAATCTGACCCACGAAACCCGGGCGCGCCTCTTTCACCACCGAGCCGAGACGAATCAAAAAGTAGATACTACCATACCGAGAAAACTTCGCTGCTGTTTGACGTATCTGCTTCTGTCGGTCGTCCAGACGTGTATCCGGAGGCACAGGATTCAGCTGAGGGGCCTGGGCGATCAGGTTTACATGTATTACGTACTTAACTTCATATTTCGAAATATGGACCCGAACGCAAACGCAAGCAACTGGGTTCCTGATTACCTGGTGCGCCCGGTCCTTTGGAG,1966,48.02,Drosophila melanogaster
SEQ_792624,TAAGGCAATTCCAAGCCGATGGTGACACAATAAATAACACGTCATACCCCTCTCTGTAATGAAGTACCGATCCCTTTGCAGGCTTCTCGACCCCTCGTTCGGGCGGCTGGACGGGGTCGCCTGCTAGTTAGACTGCGGCATCAGCAGGCTTTGCTTGGGCGGACGACTCTCCTCTCCTTAAGTAAAGTGTGTTTTCCGAAGGCGATCACTTTAACCCTATTAAGTCGTAGTCTACTTTTCTACCGTTAGACACATTTGGGTACAGATCAGTTACTAGCGCTGGTTAATATCCCATACCCATATTCAAGGCCCCTCCTATAAACAACAGTTCACGGCTAAAAGGTGAATAATCATATCGTCGTCGGTACATTCCATGTGGACCATGACCACGACGTACTAAATTTCCTCACCCCAGGGCATTATGTCGAGCCCCACACACTCTTCACGGCGAACTTTCCCTATCAAGTACAATCGACTTATCGCCCGGATGTGCAGAGTGCGTGCCTGTGCAGAATACGCCCGTGATGGGCTCGGCATCCCGCGCTTGGTGGATTTCGTGAATGCGTTATCATTGGAGCAAGGCACGTAACGATGTCATCTGTGCGTTTGAGAAGATGCGAGTCTAATGTTAGCACGGAGAGCGTTTACGGCCGTAACTGCCAACGGGGGAATCTCAACCTTATGGAACGGCGCAATGCCATCGCACGTCGGAGCGAAACTTTCGCTGGCCGCGGGAGGTACGGTTTACGGGACGCTAAAGATTCTAAGGCCTTTCGATTGTGGCTGCTAGGACCCTCCTATATATATCCGACAGATCCATCTCGTTCCTCCACTACCCTTGGCGGTTACGCTATAATTTACGTGGGAATAAGGACGTGAGCAAACAACACATTCGTGGATCTAGTCGCGGGTCAGAGAGTGCTAGACGCGTTCATTACCGGACGTCCTCTTTTCTCTTCATTTGCTGTGGAAGGAGAAGCATCCGACAGCATTAAGTTGGACTGGGCAGTGCCGTCTATCGGTTGCCAAGGGATTCAGAGTGTCATTTTCTATCTTTCGCACGAGCGTCAAATTTTTCGCGTCGGGT,1087,50.6,Caenorhabditis elegans
SEQ_114030,AGATTATTTTATACTCTAACGAATTAGGAACCTCATAGTGACGGTGCTTAGAGTGGAGTGGAAAAGATCGTGGTTGCAACGGGTAAGCAACATCCACAACTTGTAGGCGTCGATATGCACTCATGCATTTGAAATGGAAACGTATCATAAATGATTTTTGAGTTATCCGATGATTACTTGTGGAGCTCTTCCCAATGCATTACGGAGCTTCTATGGACACAGCGTCATCTGGTAGAGGTGCTACATGGCTTGACGAGGAACTAACGTACAAGCGTTCCACCACCGTCATTCATACGAAGGCGAATGTCGACTACCTTATCGACTTGAGGTAGCGTAAATAAAACGATCGACCGAAGAATACACAAGCGACCGAGCTTTACCGTCGGCTATACGGTTCC,398,44.72,Drosophila melanogaster
SEQ_773912,TGTGAGAAGACCTAGTAGCAAAAAGCCTACGGACATTACTCTTGCCACCGGACGTAAGGGTGTACACCCGAAGGTGGTTGAAATAATTTAACCGGGGGCTTCGCTGATGGGATACCCCATGTAGTGAGGGCAAGCTTAGCGCGTAAAATCCCCACTAGGCAAGTGTAGAAGGGTTTATGTGGACAACTGTTGCACATTTGGCGCCTCACTGGCACATGTTAGCTATCATAGCAGGCGCGGTAGCCCGCCGGACTCCTCAGGATAGTACAATATTAGGTATGTTCATTATAGTAGCGTCAGAGTCGAATAACAGGAAATTTCTACAACTATGTTATCCATACTCACACCCGGTTACATGCCGTGGAGGATCAGACTTGGCGGCTCGGCACAGCCGGATGGGCATGGTTAGAAGAATGGGTCACCGCTTATACCGAATGATTTTCTCGAGCCTTTAGGCCTCTCTTCGATGGAGAGCAGTGGAGAACATGCCGTCAGCATCCGTCGTTTCAGCGCTAAGCGCCAAGTATCACCTCCACTTGGCGATTGGAAATTCCCGCTCCTTAGTGATTGAAGCTGGCTTCTTCTAGGTGAAAATAGCTCTAAAAACGAGCCGGCCGCCGCTGGAGCTCATAATCCTTAGCCTAGGTTGGACGGGAGAGTGAATGACCCCTTACCCAGTTCCGCTCAACTCAGGCGAGATCCCTCATGATAAACTATTCACCTATCGGCGTTACTAGAGTCGTCACAAATACGCAGAACACTTTACACTTCTATACTAGCCCTGATATGCCAACAAAAATAGGAAACGACCTCGGGGTGTTGTGCCTCGTGGTATTCCTATTCGACCACCGTTTTAATCACCTAATAC,868,49.31,Escherichia coli
SEQ_237254,CTCGGGAGCCCGAAATCGGCGTGCACACTTAGATCACGCTTGGTACAATCCCTCGGATAAGGACATGCTTACAGGCATCACCTTCAAGTACGTAGAGTGGCCATCTTTGCCTAGATGGAATTATTGCTCCGCGAATGAAAACCACAGACCCTCCATTGGAACATGTGTTAATTTGCCCCGGTGGCACGTCTCGCCCAACCGTCTCAGTTCCGCACATGTGACCCTGCTAGCGTACCTTAGACTCGAGTTTACGGTGTGGCGGAGGGCCGAGGTGAATGCACAAGTATAGCAGTACCTGCTAGGGCGTTCTTGCCATTACGGCAGCTATCCCTGCTGGTCATCCGCCAACATTTCGCGATGATTAGATTCCCGAGTACATTTGTGTCGGGGGGATCCGTCTTAACTCCAAGTAGTCCAGTAGTGTCTCCGCTTAGTTCATCAAGCACTAGGTGTGCGGACCGCTGCTCACAGATGGTGGATCATTCCTAAATCCTCCGAATTCTCGTATCAGATGGCAAGTCACATAGGAGTATCCGTCGAAGTTACTTCAAATGAAGTAGGGTATGTCGTGACTCAAGCGCAAGTTGCAGAACAGGTTCATGTAGACCCATCCGAGTGGAGATCCTTATCTTCGAAGGACCGGCACGGCCACACCGCGGCGTGAGGGGGGTCTTCCACTGCCTGATTCGCCCCTCACATATTCCGACGGGAAACATAGCCACTAGCGGAACGTACCATTCTCGGTGCTCATGTATAGATCTCATATTACTTAGAGCTGGCGCTGGAGCGGGTGTAAACCAGGTACCAGGCCTGGAGGTGCGGGCACGAAAATGTCAGTACCTCCTACAGAATCCAGTAACAAAAACCCCACAAGACAATCGTAAAGCTGACTTGTTCAAACAAAGAGATTTTACTGCATGATC,923,51.35,Homo sapiens
SEQ_558254,ATAGTACTAGCCCGGACGTAGACGGGCAGCCCAACGCAATGCGTTCGGGCTGCTGCGGCCAATCTTTTCAGACTTGATGGACTCACATTGCGATACCCTTTAATGTAACTGTTGCTCGGATGGAGTCGGAAGCTGCTGGGAAAGTAAAATTAACCGAAGTAACTCGTTCCTATGCTCAGCGACACCCGGTGCACCGCCAAATGCTTGGTCTAGGCTGGACCAAAACAAAGTCCGCTGCGAGTAAACTCACTGGCCAGAAGAAAGATACACACATGTCACCAACTCGTCACACCATCTACGGAGTCGTTGCTTTCGAGTCAGTGTGTCTACGGCTTGCTGGCAACACACTGGGATACAAGATTAGAAATACTTTGTTACCTTTATATGATTTACCGTTGTGGGCTCCTGTTACCGCATAGTCCTCCCCATGGAAGAATAGAAAGCGTTGAGTTGCCACACCAGCGTGGCTTAGGTGTTCCAAACAGATCGCCAAGTGGAGCACGCCCCAAGACATGAAACAGCCGCGTAGTTATAGGACAACGAACCCTGAAAGATCCCTGGGTTACCTATTATAGGTGACGCGTTGATTCTTATTGATGGGCGCGGACGATTGTGAGTAGGGGAAATGGCAATGGCTACTTGCGTCGCCAGGCTGTGCTTGGTAAAGGGAACTCTACCTGGAAGAGGTGAAGCCGCAATTTACGTTGCTCTGCATGTCGCTCACCTATGGAAGATGCTACTTCGCCGACGCAGA,754,50.53,Escherichia coli
SEQ_882036,TACAACCTTACTCAGGGCCCGAGTTTAATTACTGTCCCCACCGCCTAGGGTGCTCATTATGCACTGGTTATCTAACAGAGGCTAGAGAGCCGAAGTCATGCGTACACGGGGATACGCGAAGAGCCTCATCCCAGAGCAATGGAGAACAATAGGTACAGCCGAAGAACATATGGAACCATACAGGTGACGGTGTCGCATCACATCCGCTCGAGAGGGGTCCCGCCGAATGGATGCACATGCGTAGCGCACCCTGCAGTCTCTTCCGTCAGCGTAGATATGTCCTGGAGACACCGGTTACTCTCCGGAGAGTAGTCCGGCGGAGAGATCGGCCTAGTGAAATCTTCAAGCCCAATGAGGCCTATAATGGTTTAGAGAGGTAGTTCTGAGCCAAGACGGCCTGTAGTGTGGAGGGTAGCATTCTCGGGTAATCGAAGGCCACACGGGGGTTTCTCAAATCAACACAAATCATTCATGCATGGAGGATTATTATCAGGGTACGCCTGTCATTATGAGCACTGCTCCCATCGTTGGAATGCTTTGCACGAGTGATGTTTGCCTGGAGATCGAAGCTATAACGCTCGGTACATGAACGTCCCTCTAGTCGAGACAAGCGTAGTTTGGCTGCCAACATCTGAAGATCCATGTAGAGAATAGAAGGGTAGGCATGCCCGAAGTAGCCCTGATTTTTTTCTCGGGCAGGCCGT,704,51.7,Arabidopsis thaliana
SEQ_193239,TAGCGAAATGGCCAACCCTCTCCGTCGGCCTGAAGGTTAAAGTGGATCGTTTTAGCAAGACTATTGAATGATAACCGAAGGTGTAAGTGTTAAGTACGTTCGGGTGCAAGGGTAACATCTTATGCTCGTTTTGGCGTGACGTCGTGATCCACAGGCGCCCCGTTAGTCCAGAGCGGACACTAAGCGCAACCAATGGGGGTAATACTATACAATATTGCACAACGCGGTAGGCTCATGTAGACAGGGGCCTTAGTAGCAAGGTCGCAGGTATCTAGGGTGCAGTCACTAGGAGTAAGTTGTACGACTATGTCCACTGACTCCCGATGCAGCTATAGAAGGTTCCGGGGGGCTGACTCCGACCTAATATGGAAACCCTCAACTCGAAGTAAACGTTCACTCCCCGATTTACAGTCATTTAGGGGAAACCATCCCCGATAACGAGAGAGAAGAGGCGCGAACCTTCAGGCGCTGGGTGGGTTCTATGGAGGTCAGATGAATGGTTTGAAGAGATGACTCCAGAGGCCTTAACTGCCCACGAATTGCATCATTGGCAGCCCGATTGAATGACCAGTTGTGATCATTTTGGCATAGTCGAGGGTGAAGGTGTGTTTCCACGGACGCCAGAATAAATCGAGGTTTATTGCCGCCGCGATGTAGACGGTCTAGTGCTCGTGTCAAGGTAAAATTGTGCGATTACACGTCAAAGGCATCAAGCTGCTACCACAGAATAGAAGCGGAACTCTCCCATAGCTGATGCATCTTTATGTGACTCAAATTATACA,782,49.23,Caenorhabditis elegans
SEQ_674503,GACGATCGAACACGTTTCCAGCCCGTGATAACACCCCTCGAATACTGCCTGCCTCGAGGCATCCCTCAACCACAAAGGTTTAGCTCCACCGACAACATAAACGAGTCCAGCAGCAAAGTTAGCCCATTCAAGGCCGAATCCTACACAGGCCGTTATAACGGGGACCTAATAGTCACATGACCGACAAAAGGTCTCTTGAATCCGCGCCCCCCGAGTGGAGAAAGGATGACGGTGTCGGTTACTCGAAGAAATTACAGGTTCCCTGGAGCCTGTTCCCACGGCCGCGAAACACCGTCAGAGCATACGATTGTCGAATAAGAGTTTCGACAGTATGCTGCAGTCGTCGTTTTTAATGTGCAATCGAACTTAATACGTAACTCAATGATTGCGGGTGCAAGACCGAAGATTCCCACATTGGAATCCATTGTTCGTTAAAGTGACGTGCTCGTCGCCTGACTCCGCATAGTACATGCTGTCTATAGCCTTGCTCGCGAAAAGGGGGATCTGCAAGTTATTGGTCCCTTTCATATGCTGCTGTAAGGTATGGGGCTACTGACTAACTTCCTACTAAGCTACGAGCTAGGACTCAGGGGCTATTGAATCTAACCACGAGCTACGATTGGATGGTCCTCTGACGTCTCCACACGTTTACAACACTCCAGTACTGCTCAAAGAATCCCGAAAGGTTATCTCGTAGAGTCACTTACCATTTGTTGACCGTCCGGTAAGTCGGCCCGCTGAACTTTTATCGCCTTTTCCCCAGCGAAGTTACAATCAGGATTGCCACCCTTTCTTCTCTAGAAGTTGGTGCAGAGTCTTTTTTGTAAGTACGACGCTTTTGCAATACGAGACATAGAGGGGTCTCAGAGATTGGTATAATGACTTCGCAGCACCTGCACACCTTGACTGGCACTCCTTCAAGGTTCGGGATGGTGTCTTGTGAACGAACAATGGCTATCAGATCGAGCATTCGGTTAGGAGAACGGTCCTTTAACCCCGGTCTAAGTGCGGAGATTCGTTCCGGGCCTCCCTTTCCACCGCATA,1044,49.62,Saccharomyces cerevisiae
SEQ_868526,CCGGATTAGCCGTCTTTAATTGAAGGGGGGGTTAATTTCTACAAGAGCATCTGCTGGTACTATATCAGGACGAGACGGCTCTCTAGTATCGTCTAGTTGAGACATTGGAAGAAGAACTAGGTAGAAATCAGGGGGGCTATAAAGAGTCCGGGGCTTATAATTAAGCGAAGGGCGGGTGTTGAACGTATCTAAGCGGCGAGGTGACCACCGGTGCTCCCGTAGAATGTCGGTGGTGGAGTCTGCGTATTTCAACAGGTTGAAGTAATAAGGGAAGCCTCGAGGCTCCAAGCGTTTTCCGGAAACCGGTAGGCCCTCATTTGAAGAGGATCATGGACGAGCGTGGGCGTGAAGTTCTGTCCGTGCTGGGGACGTTCTAGGATACCCAGCCTTTTGCGCACCGCGCGAGGCTCTGTGAAGGGTACATCAGCAAATCGGAGAGTGTCATAGGTCTTCACTTCGGCGATGATCCCACCAACCTGATAGCGTAGGCGCTTTTCCTGCAGGGTAGTCCGTCATAGGCTAGAATGGGCCTCTCACAAGTAACAGATCCACTATGAATCGCTCTGCGGGTACGGCACCGTGTAATTGCCTCTCTGAGAACACC,604,52.32,Drosophila melanogaster
SEQ_335014,CACCACGAGGGCGTTTTCTACTATGATGCGCATGCTTCCGGATAGAGTAGCCTTTTCGTGCTCAGCATAGCGTGGATGACGTTGGGGTTTCTATGTACCTTAAGACCAGACTGCTTCTGTTGTAGTAGAGCCGCCCAAGGTACGGGGCAGACAATATGGTTGTTCCTGTACGAAACTAGCATCAGTGAATTGGTGTGCCACCTTTGTAAAGCCGTTATTCGTGTGCGGGGCAGACCGGGACATGGCGCATGTTTCCGGTAAACTAGGGTGCAAACTGACAACGTCAGAGCTGAGTTTTTACATCCTAAGCTAGAATGGACGGACACACCTCCCTTTAGTTCCACAATTACCAACAGGACGGGAAGACACTGGCCGCCTCCGGGACCAAGCTCGACTATATTACAATTGCCTCATCTGTTGTTCTTCAGCGCCGATCGTGGACTCTAGAGATTTGAGGTCACGAAGTTGTGTGCGCTCCCTTTCGTCACGGGTTTGGAGTATTGCACTCTACAAGCCCAATCTCGGACTCGGAGTTAACGTCCGAGACCCGTACCTAGCGTAGGGTACGTTGCTGCGGGAACCCTTCGTCAAGAAATAATATTGCACAGTCCTGAGACTCGAGCCAAATTAAGACTCCCTCACTGCCTATGTGGGGCTTTTAAATGTTGCGTAAGATGTTTCGGTGTAGTCATCAAACTAGAGGAACCCAAACAGATGCCCGAACGATATTCAATTTGTGTCCGGGTTGAACCCTCGAGTCCATACCTCAGCAGTTTTCAGAGGCTGCCCGGACAA,795,50.31,Escherichia coli
SEQ_515255,GCTCCACCATCCAGTGATGACGAGTTATTTTGTGGGCAAGTGGCGTCCCCCATGCACTAGGCGCGAGCGACATGCTGCGAAGCTTACGTTCTGTCGGGCGTGGGGCACGACTGGCGAAGTGAAGAGGAGGTGTAGTATGACTCAGGAGCAGTGAGCTCGTCTAATGGCCTAATGTAGACGGTGATTGGGAGTAGCTATCGAAAAACAGGGGTTATGCAACTCCCAACCTTCCGGTGAACAACTCTGTTGGTTGGAGACGCGCAAGATGCGCCCTGGCATGATGTACAAACTTTGGAACATGCCTAGTTACGCGACGTGTACCAGGTACGAGCCACTTGCGCACCTGTACGCGCTTTCAGGTACTGCGCCGGCAGGTCCATTCGGGGTTAATAAAAGCGCGCACCTTAGAATAGGATACCCAGTTTCTGGTGTTAGTTCATGTACTGACCTTTTTAGCGCTCGCAGGGAATCTACCGGAATAAAGGCGGATGCGACATGTAGAGTCACAATTTGTCTGGGAAACGCTTTGTCGGCGAATTCCGAGGGCGCCTTGCTGGTACTCTCGGGGGACTGGCTGCCTATGAATTATGATTCCGAAGGAAGGGGGATGCTACCGGTTGAAGTTTACCACTGTGGAAACCGCTAAGAGTAAGAAGATCCTTTTTAGACGAAAGTGATGTGTACCCGGCGGCATGAGGATGGCCAGCCTATGTGATTTCTGGCCGTTCGTTGGCCCGCTAGCTCGCCAGGACAGCTATTCAATTATACAATTTACTGCTAGACAATAAGCAGCTCACCAGAGCATCCAAAGCGGCAGAGTACTCGCCATTACGATTAGGTGATCGGCACCTGTGTGATAGCGCAGCACCTACTCCGCTTAAAAGCTACTTTACAGAAAGCGATGCGACCGCCGCACTAGCTCAGGGCTCTAATGGGTTTTTCATAGTACTGTTAAAGGCGACATATGCAGTACGGGTGGGTTAAAGGCTAGGGTTAGTGGTTCTCTGCTTTTGTCCGATTTGGGCACTCAAGGGCCTATGGGCGTTCGGTACCCCCTCCGTCCCGTGCAGGGAAAAGGCTTGGGGTGGCACGTCACAGGGGCATCCGTATTGTAGCTGGCCGGCTCCTCTTCCGGAAGTAATACATACCGAGCCTAACTAGGGATTTAAATGATGCTCCACCGCTACGCCCAGGGGTCACTAAAAGCCTGTCAGTTTTCGTATTACCGCGCATCGATTTCAAATCAGGGCAGAAGGGTGGAGTCAGGTTCTGAAAGTCCAGTCAGTAGTTTGTTTGACTCCAGCGTTCAGGGCCAGAACACAATGAATCCACGTGGGTTCATTGATCATGTAAACTGAATCACAGCGGAGAAGCCCGGCCAACGGCATTTGCAGGTTGGACATGCTTTACGGCTTGTTGGCTGGAG,1426,52.24,Drosophila melanogaster
SEQ_469715,CTATACGCCTTGAGCGGGAATCTACTTTTGTTATTCACCTTCATGTGGTTACACATATTTAAACAGCTTTACCTGACTTCGGCGGTCCCCAAAAATCGCCTTATGAGATCCCTGGAGCCATGCACAGGCTTATACTTTAACCTAGACCTGAAGTAAATGTTGCAGGTGCACATGATTTCGCATCAGTTAAGCTTTTTTTTAGAGAAACGCGGCTACGGATGGACGATCGTACTGATACTACGTTGCACGTAGGTAGATAAGCAGAAAGCTTATGTCGCGCCCATCGTGACATCCGGGACAAGATAGGGAACCCGGGATGGGGCATTACTCTCCCGGTTGTGAACTGCGGGATACCTGGAATATGACGTCTTCTTTGAGGATGAAAAGATAACCCTATTTATATCTAGATAATAGTATCAATCAGATAGTGGAGGATGGGTTAACGCTTTCTCAATGATCGTCCGGAAGTGTGTTGTTCGCCCGCGTTAGTAGGTCAGACGCCCAACTCATTAACTAAGCCGGCGTCTCGTGACTCTGTCCTGGGCGTAACGGTCGATGCCTGAGGCGCATCGCGGATTTTTTTATCTAACGGATCCACCCGGCTGCACCGTCGAAGATGCGGTGTACTAGGAACGAGGGAGTAGACGAACGTTACGTTTCGACAAGTTCTGGGGGGCTACAGCTTCTCTATTTAACCTACTTTGGCGATGTCGGGACAGTCCTGACAGGCGCCTGTTTCATATGGACAACTCAGTTCCCGCGGCTTGAAGCTGAGCACAAAGCACGGAGGGGGTGCGGTTGGGGGGGCCCAAGAAGACGTCAGTAGTATTACCTACTTTTATCAATATGAACCATAAGGGCGAACTACTCCTGGGTTTAGTGAACCATACTGAGCTTCACTATAGAGGTTGTTATGTCTCCGTCTCTCTCTTTCTACCTTTTAGTCTTCGTCACCCCAATGTAGTGTCAATGTTTTTTTCTTTGAGGCACTCGAAAAAGGTGTCTAATCCTGATTGCTATGACTGAATCCCCCATGATATAGCTCCCGAACGTGTCAGCCTCGATGCACCCAGGGGCGTCCAGAGGACTTCTTGTCAACTCTGATATAGAGTAGGATATGTGCACCAGGCGGGATTTAGGATTGGATGTCGGAGGTGTGCAACTTTGTTGTACTCTATATCCCGACTGGTTGTCACATTTATGACCTCGGCCTCCCGAGTAGCTGAGTCCCCACAGGGAGCCAGATGTAAACATTCTTAGACACAACTCACGCCCGATGGTCGTCAGGCTCGACCACAGTACGTGTCTGA,1310,48.7,Drosophila melanogaster
SEQ_225326,TCCGCGAAGTTATTCCCCGAGTAGGCGGCTACCCCATTTTACCAGAAAATGGTAGGTGGTCGAATTGGGTAGCTATCCATAATGATTGGATTTGTCGGTTTGGCGTGGTTTACGTGTCCTATGGTAGCATTACCTTCGGACGGATCAATACTGTGTAGTGTATGCTAAAATTTCGTGGTGAGCTGCTATGGATACTTTTTCTAGAGCGTCCGACTGCATAACCCATCACTGGATTGGTGAATTAACACTCTCTATTAACGAACAGCCTCAGATTTGATATGTGACTGCAGTACTACTCGCCAAAGACTTCCGGATTGAGCTGGGTAATAGCACCGAAACAGGATAATGGGTTCACTACTAAGTTCCTTTATTTATGTGGATGCCAGCGCACGGTAAGAGCG,401,45.39,Arabidopsis thaliana
SEQ_984741,ATTCTCTTGTAAGACCGATAAGAGGACAGCAGCGATGCCGAGCGTCGATCCAAAAATGTAGTGCAACTATTTCATTAGTAGGTCTACCAAATACTGTTTATCATGGAATCGTATCTTCCGACACTCAGCCCTTAAACGCGAGACTACGATCGGAGGGTTAGCTCATAACTTTTATAATGGGAAGTGTGAGCGAGCGCGGAGGCCGTAGTCTTGGCTTTTCCACGCCGTCTGTTTCATTCAAGCACGGCCTGAACGCAGAGACCCCGCACACGCGGGCCGACAGCTCTACCAGGAGGGGACGACAGGGAAATTCGGGCCCATGCTAGAAATCTTGGATAGATGGGCGGGTCGTGGTCAGCTATGTAACTCGAACTTAAAGACGCGACTATGATACTTAACTGATGACGCGGGGTTCCACCGCTAATACCATTTGCGCAGCGTAATTATGTGTGTCACATTAGCTCTTACCCTGTCAGAGAACCAATTTCGAGATGGTCGAAGACCGCCTCCGATGTTCCTACTTGATTCCGCACCTCGCGCTTCTCCAAACACCTATTCCCTCGTTGCCGTACAATATTTGGCCTCCCGCAACCATTGACTTACGCCCCTGTTTCCAGATACTTCCTAGGCCTCTAGTTACTCATCCACAATGCACATATCCAGCTTTAGCGTACGATGGTTGTTGACAGTGATCTCCTTACCGTCCACACATGAGCGAGGTCAGGGTAGCATCAGTCTTATTATTTGGTACATTCGGTCCAACGTCGAGGCTCTGCCCGCTCAGAGGCAATCGGTAGAATTAGGCGGTCTCGTCTCTCCAAACCGCCTTGGATGGGAGCATTAGTCTCGGGCGGCGTATTGGAGCATTGGCTCCGGGATGTATACCGTCACTGGTTCGGGACACGGCCGTTATGGTTAGTGTTAACGATAGGAGCCCCAGGAGCAAGGTACGTGGCCGAAATAAAGCGGCATTTGATCGGCTATATAGTAATGGGTAGACTAATCCATCTCTCTGGCGTAATGGATGAACAGAACAAGCAAAAGGACCGGCAATATTCTTGCAATCAACTAGTTAATGCCAGAAGGCTCACCAATAGTCCATTTTGCGTCATGGCTGAATAAAGGGTCCGGCGGATCTTACACCCAGCCCGTATAATGCGTAGCCGTTAGAAAGTCGTCACATGGGCATCACTAGACAGACAGATTTGGTGCATCTGAAACCCGGTACTGTGAACCATCATGCCTGCATGGACATTGCTGCGCACGCGATGAGTATCGCTGCCCAGTGATACATTTTTTGTTACCGTATGAAGTTACGCGGGAGGACGCCAACAGACGATGCCCGATATTCTTTCCGAGGGTTCCAGTGGATATCTTGGAAGACTATGTTGGTTAGATGCCTATGTGGACGACGACACTGCAGGCATCTAGCATAGTAAGCCACGCATTAAACATGTCATTCCAGTAATAGGAGCACTTGCGCTGCGCATCCAATCTATTTTTGTGCTA,1509,49.77,Homo sapiens
SEQ_680711,TATTTTGTCCTCGATTTTGCTTCTTGCAGGCGACACGACAACGGGACGCAGCTTAGGGGATCAGCACTCATGAGTCACCGTTCGCTGGTGAAAAACAGCTAGGATTTATACACATCGATCCCACCGGTGCAAGTCGTGCTCGTATTGCGTGTGGCATAAGCAGCTTGAGGTACGTTTTTTCACGTATATCTCTTGGACTGGCACGTACGTACACTATGTTCCGCGAGTATCTCAAAACACCCACCCTCAACTGGTGAATACTTCAGTCGTGTAGATCAGTGGCCCTCTTTATATATGGCCAGGTTCGATTTTCTGTGGTTCTGGTTTAAGCCTTGCCAACCGTCCGGTGCCCGTAGCGTCATAAGGCATTCTCCGACTTAATGTGCATGAGCTGCAAATCGCTACTCTCAAGCCACCGGGAATGTCCTGGACAGCTTAAACACCAATATATTATTGTCCGGAACACTGTCCTGTGACTTACGCCGGCGCGTGTCTGTTGCGCTCCTTTTCCCTCACCAGCCTAACCGACTCGTCTTGTAAGTATCGCTGCTAGGTCAATTGAGGCTAAACGCCGTGCGTTGACTTGTGCCACGACGGTAATAATTTTACGTTGTGTCAGACTAAATAACGGACCGCGCCCACTCAAACCTGACGTTATTGTTAAGGGTGCTTGAGCCGTGAGTCTCCAGACGTAAACTAAGTGCATCATCCATTATTGGTCGCTGCAACGACACTCGTATCTCACCGCTCTATTCCTAGATCGGAATAAAGAAGTACCACGCAGTATTATCACATAGTGCAACAAACCCTACCCGGGGCAGCCCATCTGGACCGAGGGCTTCCACAATGCGTGCTGAGCGGCCGGAAAACCTAAAGATGACTGTTGTGTCTATCTTTCTGTTCGCGTGGTTTATCTATAACGGGACAAAGCGTCCGGATATCTGAGCCAGGCAGCAACCTAAATCTCGTCATCCGTTTGCCGGTCCTAGTAGCAAAACGTCGCATGACTAATTCACTATCACTTGACGGGCAGAAGCTCTCTCACGTCGTTTTACGGTGTAGACACGATAATTGAGTAACGTTCCCCAGGTGGTTGAACGTAATAACTCAAGTGTAAACATAAATCACATCAAGTGTCGTTTTATTTTTGAACCACACGTGACTTAATACATTGGATTCGTGATTTCTGTTCCTATGACATAGTGCGGCATCGACCTCTTTTACGGAGGCAAAGACGCGATGAAGGTTCATGGAGCGGTCAGAGGCGTGCGACAGCGACCTAACTTTAAAACGCAAAATTAAGTTGTGGGGAGGGATCCCTAGGAGTCTGTCAAAAGAAATAACCAGGATAACCTTTGGGTACGGAGACCAGACGGTATACAGTTGCATGATACTCGGAAGTAGAACGACACTCATAGACAAGATAACCGAGGACCCGAGATACCCACAATAGCGGCCGTCCCAGGCGTAGCGCTGATCTCTACCGAATTGGTACGAGTCCGCCTTCATGTTCGTCGTGTGCTGCGGAATGCGATCCGAACGTTACTAAGATCCTACCCTAAGCACCCACCTTATTGAATGGTATTGTCTCCAAATAACGGTGCGCAGAGGACCATCAACTATGTCGATAATTAAAGCATCCATAAGCATTTAATCCTTATATTGCGCCCGGTCCCCTTGGGAATATTCTTCGGCCCGCGAACAACTGTCCGGCCTGAGCTGCCGCAGTAAGTCAGTGCTAT,1742,48.62,Drosophila melanogaster
SEQ_418385,AAATACACTCAAGCTCAAAGCCGGATTTTTCCTATCTTCATAGTCATAACAAGTGGCGAGTAACTGGTTACAAGATACAGACTACCCGCAGTCATCGCAGAACGTATAGGGCAAAATGCACTTTTAGACGCGTTCAGGGCTATCCACCGTCGCTTCTGGCTCGAAGAAGAACTCTACAGTATCCTATCCAGCAGAAAGTTAGTTGGATAGCTCTCGACCAATCATCTATTAAGGGAACTGGGACCTAGGTGAACACGGATGCTCAAACTGCGCGTTTGCGCCGTACCGGCGTACATGCAGATGTTACTCTGGGTTACTACACCCGAGGCGACGGTGGAGCCATCAGGCAACACGTGCATCGAAGCTAACAGTTGATATGCCCAATACCTCGTCGCGGCTAAAGTAACTACTACGCCCTCCCCATCGATATTGTACCGTAGGACAAGCATGTTTAGGGCTTAGCGCATCGGGCTACTGAACAGTAACTCTAGACATAGCGATTTTGCGGAGTCGTAGTTCCTTTACTCTCTTTAGTCAACGGGTGCCGACATCTAGTTTGGTAGGCTGTGGGACAGGTGCAACTCCGCGGAATCCACATTATTACTGTCGAGCATGAAGCTTATCGAAGTTTAGGGTCTTTGACGAATGACTCGCTGACAGGCTCCCTAGTGCCAATAAGGGGGAATGCTAGGAACTTTATCAATTACCGGTTTCAGCGCCTCCAGACCGAGAAGGTGTCCGTCAACTGGGGTCTTTTCGCCAGCCGAAGTCTTTATCCAGCCGTAGTCATACACGTTGTGATTCGGACTAACGCTTCTCAACCCATGCAAATAAGCCCCGCGTAACCTTTGTGGCTCTTCATACCGTCTTCGGCGGATTCCACCGACAATTCCGTTGTTGGCCCGCTAAGCTTTAGACATAGAAGGCTTCTTAAGATGGACCAGAATACGGACTGCGC,958,49.58,Caenorhabditis elegans
SEQ_747001,CATCCCGTTGCGAAATCATCGAATTAACAATTGCCACGGACCGCATTCTAGACCTCCATCAAATATCAATATTGATCAATTTAGTACGGATCGGATGGAGCTACTTCCCCTAATCGACGTGCTTCCCCCCTTTCAGGTATATCTTTTCAGGATAGGGAGAAGAGGCCTATAGTTCCTTATCCGGGGAAGAACTTTTACTAATCTCCACCGCTTTTCGTAGACCTGAAATCAGCGAGGGCGGACACCCCAAGTAAGCCGCCCCGGGGATTTAGGGCATCTCAGCGCACTTCCCAGGGTCTATTCAAGCTCGTTCGCGATGAGTGACCAGCGACTGGAATAACGCGGGTATCGATGGCGTGGGATCAACAGGGAATCAGCCACTCTGGAACAAAGATGTTATGCGACGCCTTCACTTCAGCTAACTTTCATTGGTTCGCTACCTGCAAACCAGCTCAAAACCGTGAAGTGTCCACATGCTTCAGACCTCTTCGATGGGATAATGGTGTGGATGTTCGGGCCACCTTCGACACTCTTCTATAGGCTTGCATATGATTGAGTAGCCGTTATGCTTTGCAGGGGTGCGGCGAGAGAAGCAAGGCAAGTGATGCGAGAGGAAGTCCGCGTCCGTGACGCTCCACGTAGGAGTAAACGGAACCGATTTACGCTTGTGATATTTGGGATCAGTTACCACATCCACTGATCCAATTTCGTCACTATCACTTGTGTACCGTATTTCGTGAGGACCAGCACGTCAAATGCTAGAAATGTTTGTGACAACTCTATATGTCCCACTATAAAAGAAAAGTTGTAAGATTGGTGCAGCGATTTCGTTTTCGCTGTAGCTCTCTTCGGACTAATCTGTAGGTCGACGTTCACACAGCTACGTGACATCGTGTAATAACGAACTCCTAAGGTATGAATGCAATGAAAGACGACGTATGCGGACCGATTGAGTCACGGCCTCTGTGAGGCCGGTACATTGCAGCTAACCCGTGAAGGTCAGGTAATCGGGTCACGCTGAGTCTAGCCACTCGACCAAGCGGAGTGCTTGGGTCCCGGTAGGAAACTAAGTCCATATTTATTTCAACTCTTTCTCGTCACTGCCACTCATAATGTTGG,1119,48.79,Drosophila melanogaster
SEQ_262396,TAATGAGAAGCCAAGCGCGTGTATCGACCTACCCCTCGCCGCCGCTAGGACTGCGGGGTGCTACGGACGGAGAAATAGTCTAAACACCACAAGTGGACCATACAGTCCTGTGATCTAACGCATAACTGGTAGCACTTGATATCGTCCGCCAGTGCCACGCCCATCTCCCCAACGGTGTACGTGTGGAGAGACGTATTATGATCCTCTACAACGGACGCTAACCAATCAAGGGGGGAACAACGCTCTATGTTTGTGGGCGATCTTGTGCCTGGCAATTATGGGCGATGCAATCATGTTGCCTAATCCGTACCAGCAGCATTTGTCGGCGCAATGGCTGTATAGCGAACGAAGGCACGGCACAACACGGTGCCGGTCGTGGACAACTTCCGTAGATTCCAGAGGAACGGGACGCAACACGATTGCCAGTCTTAAGAGCCTTCACCACAGTTTGCGCAGGCTTGATGTATGGCGGATACATCTTCAACTAGCGCCTCAGCTCCACAGTTTAATTAGGACGATCCCGCAGTC,528,53.41,Escherichia coli
SEQ_227877,AATCCTCTTCGTCGCGGCCGTCGACACCCCAGAAATTAGTGATTTAACAAAGCCCCTGCGTTAAAAAGCGCGACCTTCTTGGCTCTTCGGCACTTGAGAGCGAACGGGAAATATAAAACATCTCAAGCATAGACTTAGTTCACTCCACCACTGCAGGCATTCAGTAGGAGTAGCTCGACAGCACCAAGCACGACGAACGGTGGTGGCATCGATCCAGCCCTGGATGACAGATAGACTTCTCGATGCAACCGACCTGTTAGGTGCATCTAGCAGTGAGTACCTAAAAGCAAAATAGAATGGCTTCGATGATGCACTCAATCCATCATAGTGGTTCCCTTGTCTCTAAACATGCTGTCCCGGATAACAGAGTGATTACTGGCGGAGCCTCGTGGGGTCGAGCAGAGCTCCGCGGAGCCAGGCTCCGGTATTCGACCCAGCCTCGTCAACGATTAATACCCGACTCGAGTCTCACAGAAGACGTCGTATAGTCGCCGGGGTTGGGCGGATGTCCGGCTAACGACTCGACCAGGTCAGGCTTCTAAGCCGATTTGTGAGGACCATGTTTGTAAGTGCAACTTGGAATTGGACGTGATTGATTGTTCTGATTCTAGCTAGAGCATACATCGCGGGGCGATGGTACGTTTTGAGATGAGATCGATTCGTGCCGTGTGAGGTCAACCGGTTATTGGAGGTGGCTTATAGGCGTGCGTCGCACCACTTCCAACATCTTCAGGACAGCGAGTGCACCATGTCGAGCGACGAAGATCACTCTAATGTATCCGAGAACGGCAGGCATTTCACGATTTCCTGTTGGGGACATTGCAGGGCCACCAAAACCGTGCATCGGATCCAACGGGGATCTCGCGTCATGGGCTCCAGTTCTGATGGACAATACTCCAATAAATGTGGCCTGGCGCATAACACTGCTAATTCGCCATCTATTATAAGGCGCCACTCATTACGTCCCAATAAATAGAAGCTGTAGAACGATGCATGGGCGTGTTACTAAACTGCATACTAATCCTGTCTCCGGGGCCGACAGACGCGTTTCACATATTTTGTCGGCTGATCAAACGACGATTTATGTAACTATGGCTCTCCGGGGTTTAAGTCGAAGGCCATGGGCAGGTCCGCTTGCGTCTCTCCGACGGTACATAACGCTACATCCCCGACAGTTGGCGATGTAATGATCATCTCTTGCCAAGACGGCATGGGGGGTATACCCAGCTCGCGTTTTAGTTCGTATCCTGAAGAGGCAAGGATGGCTAGTCTGAGGAACCCGGGCGACCACTGTGGAAGAGTGTACAGTGAAAAGCGGACAGCTGGTCACGGTGCTAATAAATGGTGCTCAAATACCTTGGCCCATTCGCACCCCACAAATCCACCAGGTACTTGGGGACACGATCCCACAAGGGACGTCACACAAACGCACAATCTTGCGAAAAGTGCGGCGCACTATCTTTCGGGAGAGATGCCCTTGCGGGTATCCACAGGGCGTAGATATAATGGTAATCTATTACCCAAGAGCTCGTGCATCACACTGTCGGTGGGGTAGGGGATTGACCTAGGAGAGGGTTCCCCCCATATAGCTGACCTACTCCTTAATTACCACCAATCCTCCTGCGGCTCTACAGCAGCCGATACGTGTTAAATTTACTGCTCATGTGCATGCGTAGTGGGCCTATTTTCCCCTCAGATTTGAGTACTGGTTATCTGGTCCTAGTGAGTCGCTAGTGCGGCGACCCGTTGACCAAGCGAAGGGAGGATTGGCCGC,1774,51.92,Caenorhabditis elegans
SEQ_309595,CCATCTGTATCCTCTTATTGTGCCGAGCTGGTAACATCGGGTAGTTTGGACTAGGCGAGCCCCTGACATGGCGCGTGGCGATACGTGCCCCAATGTCAATACGGGTGACGGGCCCAGCCGTAGGCGGTGCCCGGGAACACGCTACTACTCAGCTCCAAGTGCTGGTACTGATCAACACAATGTGTAAGTGAAGGCGGTGAAGGTCTGACCCTCCGATTGTCTGGCATGTGAGTCGTGTACGAGCTGAGAACGTGACGGCCTTAATACACGATTGGTCTTTGAGCAGAGGTGAGCCCCGGAGACCGGCGCGCGGGTTTTTCGGAATCGCGAGTCCGTATCGGGAAAATGCACCCAACCGGCCACGAGGGTATCAACGGGTAGAAATGGGAAACTCCGCTGGTGGTAGATTGGGCCTGCGCATCACGTCCTACGTCGC,436,57.57,Caenorhabditis elegans
SEQ_374178,ATCCTCGAGTCTCGGGTCTGCGATTCCTGCATTAATCATAGCACAGCCATGAAGCGCGTGACAGAGCATGGATCGCCAACGTGGTTCGCGCATTCAGTCTGCTCCTGGCATCCCATATTGCGGCTCCATTCACTGTTTATCCAAGGGTAGGTACCGTCCTAACGACTAAGCTTATGTCTACGGGTGCACTTCACCGAAGCTGGCCCCTCCAAAAGACGTCCGCGTAGGGTATAAGGCGATCCCGTAATTCGTCTCTCCGGCTGGGTAATCCTGGGCACCTAAGTCTCACTAACGATTCGTCATTGTAGGCCGATGATACAACGACACGACCTAGGGCGCGTACCCGATTCAGAGTACGTCTCGCTAAGCGTAACGATCCTGACGCTCGTATTTGGATGTCTGGCCTCGTGCGTGATTCTCACGGTCTAGACTCCTAGTCCTGCAACTTGGGACTACAGAAGAACTGCCGATGTTAACAAGGTAGGGACTAGGCAGTGCCGACAAGAGTGAGATGGCCCGGGCGACGCGGTACTGTAAAGGTGGAGCATATTTGACTAAGCTACGTCACAGCTGCAATAATCTATATAGGGTTAGTTTCATCCCACCGTTTCGAGCCAATCTGGAATACACTTACGAACACACGAAGTCGCGGCCTATACGGCTCCGTGCGACGTTTGATTGTCTGGTGTTCGCCATCTTGGCCATTCGCCCCAGGCCCGGTGAGACTGACAACAGCCGTAGGTGG,745,53.42,Drosophila melanogaster
SEQ_350163,CTCTGGGTGGCGGCGCAAGGAGTGTAGAGCAGCCTCTCATTATTCTGGGTGTTCTGAAAATAGTGCTTAACATTTTTACTGATGCTTCTCAGGCATCTTATAATTGGCGACCATTCGCATCACGGTCCGAGTGGTGCTGTTCGCGTCGCTGACTTAAGCACACGAAGCCTCGTTCTTTTCTTACATCGCGTCAGCACGGCCGTTTGAGTTTGCCAAGTTACTGGTTTCGTTGGTCTCGGCGTGTCTAGAGCCTGGAGGACCAATGCTTCGCAGGCTGGTAGCTTAGTAGCCACTGACGGCATGGTCAAGGGTGCCAATTAGGAATACGAGATCGGTATCGCGTCCGCGGATCCTAAAGTGGACACTCTGCAAAATGGGACGCTGAACCTTCCTGCGGAGTATCGAGAGTAATGAAAGACAAGTGGGAATATATTCAACGGGATTGTCCGGTGCTAGGCTCGGGCACGAACCCGTAACTCCATTGGTTCCGTGATAAACGGTATCCCGCAAGTTGGGTTCACGGAAGTGCAATCGCGGCCGTGGTCCGAGTTCGAAGCGGGAGATTTAAGACGGTGGTGCCGAGCTTAGAGCTCGCCACGTGGTCAAGGGCAATCCATGTTCCTTGATAAGATCTACCTCGCTATGTTTTCTCAACACCTGTCTCGAAATATTACGGTCGAGTTTACCACAGTCCCCGTAAGTTCCTGCAGAGGGAAAACGAAGCACTCTAATCTAGTCTCCGATTCCGCCTGAGATACTTTGCTAGTTCGAAAATTCATGGTCGTAATCGCTGGATAATCGTCTGGATTGTGGGTGCACGAACGACTTGGTGCCCCACCGAAATTGTGTGGAAGTAGGGCCGCTCTGCGCTGTAGCAAAGTGTAGCTTCAGATTTTTAGCGCCACTATTAGTGCCACCAGCGAGCGGGACACAATGTAACATGGCAATGGCTG,953,51.31,Homo sapiens
SEQ_110454,ATACTCTGTACCGTCTTTGATATTTGATGGAAGATACACGAGAGGAAAATAGCCTCGGCATCTGTATCACATCATCTGACGTGACGCACTACCTGTGTACAGACACCGGTGTTAAGCCTTAGTAAGCGAGTCCTGAGTTCCATTAAACGGACTGTCAAAATGCGGGACAAGGCCGGAGTCCGTAGATTAACGCCATTTCCTGCAACATAAGGCTATTGCCCGTAGAATTATGCTAATGCAGCGGAGTTGTGGTCGTCAACTTCCATCAGGGTCCACTATCGTGGTAAGACGGTCAGCCTGTTGATATAAAGTGGGACTACGAACGGTAGCGCAACATACTGGTAAGAGAATGAAAAGGGATCCAAGAGCTGCCTCAATATAGGTAAAATCAATAGTAGTTTCACGCCCTACGTATCACTCCCTGCCGAGGCGTATGATG,439,46.92,Homo sapiens
SEQ_949776,GGCAAGATCGTAGAAGCTCATTTCGGGAACTGTATAAGGGTGGTAACAGCTCATTTCCAATGATGTAAGGCGCCACCCGGCACTCCTTCTCGGGACTCTCCCACCTCATGCGGAAAACAACGCAGGTCTTGAATAAGTAGCGGTACCGGAACATCTCATCAGACCCTCAAAAGCAAGTAACAGCATTAAGAATTGAGCAGCAAGACTGGTTGCGTGGAGTCCGTCATATACTGGACAACCATAGAATGATATTGCCAAGGTCTTTGCCCTTGGGGATGTGTAGGCTACTACGTAAGAAGGTGTCAGAAATTACTTCACCCCTCCGATAAAACCCCAGGTGGCGCCTCCGTATTCTCTTGAATTTGGGTGCCGTTGCAACACATAAGCCTCAGTGCTGGACCTAGGATAGCGAAGAGTGCACCATGTGTAGGTTCTACGTTAAACTCGCACGCGATATGCTAGATCGGACCGGCCGGTTTTGCTCATCGCGAGCCCACAGCGAATAGCTTATAGATATGCTCTCTCCAGGGGTTTTAGATTTCATCCGTCTTACCACATTACATTAGAAACGTGTCATGGTTGAGCAGCTTAAAACTTTACCGTTCAGCTTAACGTAAGTTGAGGCTTTGTACCACCCTGCTATTTCGATTCCCACGTGAGTGTTCAAGAGGCGCTACGTTGGTATCGATCGACGGACAAGCTCATATCACATTTATACTAAGTGGAGTACTGGCAAGTCATGTGCGAGGTACAGAACAGGTTTAAGGACCAATGGACCGTATTGTGAACATGCTTAAATTAGTTGGGGACAAGCTCAAAGCGGAACTGGTCCAATGCCCACTTTGCTTGTGGTGATTTGGGTCGCGACCTCTAGAGGGCATCGCAAAGAATTTCAATTGAGGGCAAAGACTGTGGCGTTTTTAGACGGACTGTATGTTGGCGGCAGACGGTGAGGGATCCAATTTCTCTTCTCGAGAGCGGCGGTTAGCGTCATAACGGGTACTATGTAAAAGTAGCTTCTCTTCACTAAAATCTGACAAGCGGTGTCTCATTCCTTTTACGCCAGAGTCAGTGGATTAACTCTGCCTTACCGTACACACCTTGCGATACATAATGTCATAATTGCCAACTGCATTCGACGACAGATTGAGTCGCCGGGGAATGGGCTGCGTCCATAGTATCTTCAACTGGGTCGGCGATGCAGGTTACTTGGCCGTTCTGTGGAGCGTGTCAGCGTCGTTCATCAATTAAGCCATGGAGAGGACAACCAGATGTAGTAAGACCACGTTAAACCTACAGGGGCAGGGGACGAGTTCTCGATTATTTTAATGACCTCGCCAGCCATTCCCCTAATCGCGGCACGCCTGACACGTGAATCGGCGAGGCAACTCTACTTTTCGACACCACGTGTGGTCCCTACCTGTGGCCACGCTAAACAAACGGGATGAGGGTGCATCTTAAAAAACTAGGTCATTAGACCTTCGTGCCGTGTAAACATCCTCAAATTGATTCCTCTGCGCACGTCAGCGTTAGATCAGGATTAGGCGAACGGGCGAGTTTGGCTGGTGGGTGATTAAAGGGAATGATCGGATCTGAGAGTTGCCCGGGTATTCCCAGTCTATTTGGTAGTCGCTCTAACCTTACTTGAGAATTCTCTGACCCAAAAAATAGCAAGGCCGCTA,1682,48.75,Arabidopsis thaliana
SEQ_943257,TTTATAGGGGCAAACGCGCACTCGCCGGTTCAAATACTGACTGGCTGGGCTCTTACTGTCGGCGCCGTAGCATACCCCCATATAGAAGCTCAAAAGAGCTGTGATCCTAGGGGGGCTACGTCAGACTCAGAGTACCCCTGGGAGTGACAACGCCTCTGTGTCCCGTTCCCATCTCTACATCTGTATGTCTTCTATAGCGAGATTCCGGCGCATATTACAGAAGGACGCATCAAGGAGGAACCATGAAAATACTAGCTTCTTCTTCCATCCAGAGCCCCATTCTGCCTCGGCCGTCAGGATAGTTGTTTAGTCTGATTATCCTATTATGGACACTGGACGTGTAGCTAAGTGAAAAATCCTCAAAATTGGAGACAAAGATTGGAGTAAGAACTTATTAGGCTAAAGTAGCAGCGCTTCTACGCAGTCATAATATATGACGCAAGCACCAAGACGCCTATTTTGAAAGACGATCGTTATGTGTCGGGACCCACCATACCCCTGTGTCGACATGCCCGCGAGTGGCTGTGGAGCGGGTCGCTGGATAGATTACAACCAGGCAAAAAGAACCAACAGAAAAGCAACTCGTCGTTGCTGTTTTGTAACGAATAGTGGCGAATATATCCATTCAAATGAGCGAAGAGTGTGTTAAGAGCATAGGAGCCCCATAAAGTTCGGCCCAAAGTGGAATTGCTGGAACGGAGCATGCTCGCTTTTATACGTCGAAGGTTGATTTATCTAGTCCCGTCAGCATGCCATAGACTCGTTCCGGAGATACAAGATGAGTAACTCTTCGACCCATTAATGCGCATCTACAGATTACCCCATCGATGGAGTCGTGAAACCGTGTTATGGGGATGCCTGTGACACGCCTATGGAGCCAGCATAGGGTCTAGGGACAAAGAGTAGATGACGGCGGGTCTGATCACCCCGGCCTCGGTTACTGATAACGGATACATCGCTATGGCGGCGGATTCATTCGTCTTTTCAAAGGTAAAGCGAGCTCTCTGCATCCCAT,1015,48.97,Homo sapiens
SEQ_586949,TGGGATACTCTCTAGCGCAAACCTACCCGCCCATCCGAGCCGGTGCCTCTAGGAAAAACACCATTATACTTATTTCGCGATAGCAACCAAGTCAAGCTAAGCACTGGGGAGCAGACTCAGAGAGGGGCTTCGGATTATGGAACATATTGCCCCGCTGTCGGGGGACCAGTCCTGCACCTGCGACAACTTCACGGAGCCTGAAACGGAACATATAAGGGGCAAGGACGCACCTCACAAACGGATGTGGCGTGTTGGTACTAGGTTAAGGCGACACGATTACAGCGTCCCCCGAGGCTACCGTGCTCACCGGAAAACCCGATGAAGGTATCCGAAATCAAGCTCTGTACTGGCTCTTAAAACGGCGATTGTTGTTATTCCGGGGGGGGCTTCGCGGGATTGCAAGTATTATGACCCGGCAACGATGGCCACGTACGCGGCAGGCACGGCACAGCCTAGTAACGCGGGGTAGCGAAGGATTATAATCTCAATAATAGGAGCTGAGAGTCGGACTCTCTCGTTACACCTCGCCACGTGCCTATATAATCTCTATGCTAATCAAATTTAAGGAGACACGTGGGGGAATTGATGGGTTTGCAAGCCAGTTACGGAGCTGAAGAGGTACCCATACGCGGCGAGTGAAAACTGCACATTAACGGACTGAACT,664,52.71,Escherichia coli
SEQ_288959,CTTCTGCAGTTACCGTACATCGCACAATTCTGCGCTGCCCCATGCGTCTCGCTACGGCCGCGATCTGGGAAGTCCCCCCGCATTGACCAGACACTAAAGACGATCTCCATGCCGCCCCGAAGTTACCGTCAACTTCCAGACACGTACTTTACTGACTCAGGCCCGCCCAATAATATGGATTATAAGGATTAAGGGGCGAGATAATCCCACCCAGAACTACTCTGTTGGACGAGGAAAGGCTGGGGACTCTCTCGACCTCCGCTGGCTCGTTTTATTGTTGTCTGGACTGTCCGCCGTGGTCCTAGGCACAGCTATGTGTCCCGGCGCTCAACAGCCGAAGATATATCAAGGGGCAAGATACGCTGCAGTGGAGTTATCAGAAAGGTAGTCCGCAATTTCATGTCGTTGCATCCATGCAGATTGGCTTGAACCTTCCAGGCCCGGCACAACCCCAGTATCGAGTTGTCTCGTTATACGGGTTTGTCTGCCTAAATTACCACCAGTGCGGTGACGACAGGACTCGGGGTAAGACTAGGAAGAAGGATAAATGAAAGGCAGTTTGTAGCCGTGTATCGAGGGCCGCACGCCATGCTAACGCATGCCTTCCTCAAGAGCAGAGGCGGGTATGGATGAGAGAGCAACTCGATCAGGTCTGCGAATAACAAGAACAAGGTCCCTAAATTAGTATAGATCGGCATCCCCAACTTAGACACGACGTGGCAGTGGCGTACGGAACCTAACCATCGCATCGCGAAAGTACCTCCGGCCGATGAAGATGTGATCTGGTGTCGAAGAACTGAGCTAGCGGATCAATTGTAAACCGTGGTGTGCTGCTGTGGATTAGTCGCTGTAGCTCGGCTGCAGTGGCCCGTAAGTGTGGGTGAAGAGATAATTGCCCCGCTGATACAGGATAGTTACCTTAGGGACAGATAGGCATGTACCTTCAAACGATGGCGCTGCCGACGGAAGGACAATGCTTTCTCCTTCGACTTTCAGAGACAGCATCACGGTCTGGGCGGAAGTGTACACATCCCTACGATTGAGCACGGCGGCTGCCCATCCCTGGAAATTCATCACGAGGCTACCATCGATGGCACCACATATCGCGCCCCTATTCATAGACAATCGCCCTCATGCCGGCGATTTTTGCTGAAATACGAGGAGGCCGAAAGATCTATCCCTGGCCGATTCACGCACACAGGGCTGTTGCCGTTAGGATGCCAATCCGGTTCCAGTCGGAGCGAACCCTAAGTTTTATACGCCGCTAAAGGGGCCATTTTGCGTGAACGTGCGCTGGATGCGCATTCCTGCAATCCGTTTGTCGCCGCCCTGTACTGCTGGTACCTGGAGTGCGTAGTACGCGAGTTCGCGCTTACCTGAGACGTATGCAGGGAGCAGATCCTCAGGTCTCATCAAAAAAGATGCCCAGGGCTAACTCGAGGTCATAATCAATACGCGGTTTAATTGGGGTACTCACGTTTTGCTCAACTCAGACGAAACGTTAAAGTGGTTATAATAGCGTAGGTGGCCGAACTCCTATGCTCTTGCACGAGATCTAGGACCCGCTACGTTGGAAAGCGATGAGTGCCTCAGATATACCTTACCTTGATTTATGGGCCTCTTCGCGCGTCCTTAATCCGATCTAAGCGACTGAATTTGTGCCTTGCTCACA,1672,52.63,Escherichia coli
SEQ_256647,ACTTGGCAGCTCTTGTTGGCCTCGGGGAATGGATGTGAGCTAGTCATTGCGCTCTTGGCGTTCACGCGAACCACGCGTGTGCTCACCAAGGTTGTTGGCCCACCGGTGAACTACAACGCACTGAATACCACCAGGTTTTGTCCGCCCCCAGTTATTAGAACTGCTTCCTTTTAGTGACTACCGTCCCCGGGGTTGTCGACTCGACAGGTGAACGGCCGGTCCAGTTTGTGATGTGAGACGCGGGCCGTAAACCCCGCGGGGGTAATGCAGCTGCCCAAGCTAGGCACCGCGCAAAAAAAGTTGGATATTCAATCACGAACCGGATACTTGTCCTTAAAAAGGAGGTGACTACGGCCTAAAATCAAAGCATCCGACCTGAGAAGGTTCAGTTACATCCGCAGAACGATCTCTGCGAAGAGTTTGTTCGTGGCTGCTGAGTAGCGCGTTCCACCGACGCATTAGCGTCGATCTAGCAATGAGGTCCAACCGGACAGGACGATTATCATGACGGGGCTCTCCTGATGAACTGAATCCACGTGATTCTGTAGAGTTGCCTCGGGTGGAAACCTTACACTCGGTCATTC,584,53.6,Caenorhabditis elegans
SEQ_565963,TGACGCTAGGCTACGCCGGAACAGGTGCGCTCTAGGGATCTCTATTGCCTGAGCTGGAGTATCTACTGGGGTTTCCTTACATGCAATTCTGGCTACCGTGCCCCATTGTTAGTCCCCGTGTACCGGCACACGCTGCCTAAATTTTATAATCCCGCCACATTCCGAGTCACAATCGTCATCCTGGGATCGTGATCGGCTAGTCCCGAGTGCACAAGTTTGGAGCATGGAAGTACGCCCACCTGCGTAGACGAAGCCATGACGCTCCGCTACCCACTGGCGAGCGTGTCAATGCTTTGTTTATAAGACGTTACCATTTAACTTAACATGATTGTGTCGGCCCGTAACTCTTTAGGTTCTTATGCTCGGACCAGCTTTCTGCTGTAAAAGATCTTCGAGACGTGCCCACGTTCGGTTTGGTCCAATGCCACGCGGATCGTCGCAGAAGTCGAGGATATAACTAAAATGATTGTACTTTGACCCTGCCTCTGGAAGCAATGCAGCCTCGCTGGACCTATCCAATTCTTATCCATTCACGAACGTTTCTACAAGCTCATTTTTATATATTCAGCCGAAAGTCAACTATTCGCGCCGTCGACCCGTTACCTACAAGAAGCGTCGAATGAAAATATTAATATGAATGGCACGGGACACAAACCGTCAAAAGTCGTCTGTTCGAGGCGGTGCGTACATTAGTGAAACCACACAAAGTAACAAGGAGGCGGGTCGTAGAGTGATTTCGTGATTACACTTACGTACACATATACAGTTCTAGATTCTCGGGGTTGCAGTACGCGTAGTGGATTTAATCACCATACCGCAATAGCTCGGGACGTATCATGATATGCGGGCTACTCGTTACAGTGACTGGGAATTGTTCGTCTACTCGCGAAATTGTGGTGCTGTACTGACAACATCCTTTGACTTCTCTGCGAGCCGCTACTGAGCCAGTGTTAGTTCGCTCGAGAACTAAATTTCTCAGCCCTGATAAACACAGGCTAGTCAACAGCGCGGTCGCGATAGCAAAATTACTTTAACGGGTCCCTGCAGCGGTCAGGGTCCGCTTGGGAAGCCAGTGAAGGATCCACTCGACTCATGCGCCAAGAAATCTCTCGGGTATGGGCTTGCTGCCAGCCATACGCCTAGTTGACCCGATATGTTTTCTTTGTTCATAAAACGAATGAGGGTTTCTTTAGCACGATTGACATATTAACGCGTTACTTACCGATGTAGCTGGTCCCGTTTATCAACGATGTAGCCCTAGATAATGAAGGCGGATACAATTCGTACAATAATCTGTGCACCTATGCGATTTTATGCCGCCAGGACGCAAAGGAGCCGGAGGCATCGCTGGCGTATCCTGGACCAGGGGCATTAAGAGTGCTGACGAATTCCCAGACGAATATAAGACAGTAACTACTGGTAGGCCGTCCGGCCGTCATAAGCGTCTAACACATGCACAGGCACAAGTCAATGTTGATTAATAATGTAATATGGGTAGCCCTTCTAGTGCGTGGATATGTGAGTTGCGAACGCTGGGGGGACCCGTACCTGGTATGGAATCTTAAT,1566,48.79,Arabidopsis thaliana
SEQ_856710,CGTTCGTTCAGCATAACTCTCAACTGTCCCATTCTTTCGCGGCTCATCTCTTACGAGGTGCAGAAAGGGCGAAACTCTCTTAGACACTCTCTTAGTAACATAGAGCACTACGTGTCGCCGGCGGATACCTAGTGGCTCACCAATCCCGGTACATGTCTGATGCCCCGATCTTTCAATTGTAGCGCTGCGGAGCCCGATAGACCCATCCCCTGTAGGACCAGGACAAGTTTTTCTCGATAACCCATAATAGGACCCTCTGGCACCACAATACGCGATCGCTCATAGGCGCTCATGCCCTTGATACCTCAAGTAACTGGGTTTAATAAAGTGTTTCAGAACCGACGGTAGTAAGTTGAACCACCACCAAAGTCGGTTCGTAGTCTTGCATATCTATGCTCAGAAACCCGGGCCCGTTAGCAGGCGCATTGGGGGGTTTCTGCACGTTGTGAATCAAGGGTCACAGCGTCATGGCAGAGATAGGGATCCCACGCAAGGCGCGCTCAGACTACCACACAGCATTCTTACACAGGCCGTCGGAAAACGGCGCTATTTGGGCGTAGTTATCGTCAGTATAGAGCCTCTCCAACCCGGGCCTCTGTATCGCAACCACCCAAGTGGTTCACTGGGCGGTTCGTGATCTTTCACCCTGGCGGCCATGTCACAGTACGACTGGTGCGCCGCGGACTTGGCCTGTTGGATGGAGTAAAATACCACATTCAACTAATGTGGAGAATTCCTAGTAGTTCGGCCACCAATTTCCTAATGGCCTTCTTTGATCACCATTCTATCTA,791,51.71,Caenorhabditis elegans
SEQ_584442,CAAATATTGAGGCTGTTGAGAGACTGTAACGAAGGACCTCGTAATCGAGAACTGTTCACGGGCTGTGGATTGAACAGCGTTGAGGCTGCTCTCTGGAGGACAAATATCGCACGAGCCCACTGGGATAGTTTTGACGCACACTAATAAGGTCGACTTCAGACAGGAATCTTAACAGGCCCGTTCACCGTGCGCAAGATCGAAGCAGCTTGGCTCCCTGCAAGTGTGACTCCACTCTCTGTCGTGAACTGTTCACACTAAGAGAATCTCCTGTGACTACTGGTCTTACTCCTCAATACATGGCTGCCTCGGCTAAACATAAGCATGATTTAGAATTGCGTTCTCTACAACAATGTAATGACACCATGCGGGTGGGTGATTGCACGGCTGTTAACCCAATCAAAATGTCCAGGAGAGTTCCGCAGCATTACTGTCCGGAGTGATCGACTAAGCCGTGTCCATGTGGTCGGTGTATTCCCCACGCAAGCGGTTCACTGTGTTCGACACACCTCAATAAAAAGTGCCATTACACGTTGCGCGTCCTACCGTCGGTAAAGTTATGCATTTACTGGTTTACAAGTCCAATTCGACTTCCTTCTATGTCCTTAGCTGTCACGGGTGAC,620,48.87,Arabidopsis thaliana
SEQ_220333,CTCAGCCTAGTACTCGCCAAGGGGGATCCGTGGCGCCCAGGGTCTCACCGATACTACTCTTAAACATTCATTGACGGTAGGCTGGTCTCGGATACACAACCAGGGTGAGATATTTCGTATTGAATCACCGGCAGCCTT,138,52.9,Drosophila melanogaster
SEQ_792583,AACGGAAATTTGGCGGTTTCAAACTGTAATCGTAAGTTTTTGGCCCAAAGTATAAATGGTTGAAGTTGATTACATCTCTCAGAGAACGAGTAGAGTCCTACCGTGAGTGTACCCATTAACCTTTAATCAGCGACACTGTGATCTCAGAAGACCAATGGAATTTCAACACCCAGCGAGGTCATCAGCTGGAGGCCTCACAAGATAGGGCCGACTCGCACCCCGCCCATTGACAGTGCCAAGAGTTACGTTTCCAACTTGCTATGTGCTTCGTTAAGTCTGGTTGGCGCGCGAGGTCCGCGGGGCGCACTCCCGCCAATAGACGAGCTTTGGGAAGACTTTACGGGCTCACAGTACGGTTCCTGTTGGCTAGTAGGGAGCAAACGTTGAGGAGGAGTCGTTTAAGCACTAGCCACCGTCGGTCCTTATATTCATATCTAGTAAAGTTATGTTAGCCTGAAGGTTATCTCGGAACCTGTGGCGTCTCTTATAGCGACAGGAAAGGGAAGATAGCTGCTATTAGAACAGTACGGAACTCGGCCGGATCTGCCTAGACCTTCTCCTATCCCGAACTCTCTTCCACACAGGAGCTCCCCCAGGTAACATCACCATTCGGAATCGTCTTTTCGCACAACACGCGGAGCACAGCGTCTCGCCCTCCCGTATGGGCACGGTGCTTGTCCGCCTCATCCAAGTGCGAGGACACGCACAGGGAACATCATCAGATGGAATGGTTAAGATGACACCAACTCAAGGCAATATTTTGGCGAGCGGTTGTATTCCTATTCAGTATAGCAGACCAATGCACCGTATATTCTCCGGTGTCGAAAGTGGACACGGCTCAGCCGCCCGTACACAGTGCAGGTCTTTGCTGGCGGCTTAGCGGGTATTGAGAATTAACTACCCGTTTGGCACATGCGTTCGGACCTTTGAGTGCACCTCAAAATTGGGTATTTGTATTTTGTCTGCAGCTTGGGTTAGGACCATTGTTGGGCGAAGATATCTACTCATCTACACGTTGCCACAGGGAGCAGCCCATGCGTTCAAAATTCGTGGCGCGGCGTCCTGTGGAAGGAGCGCCTTAAACAAGAAGTGAGTCATTAGGATTCACGCCTATGAAAGGGTCGCAGTCGGATTGTCGACGATGTTTGGTTCTAGTGATCAGAAAGTTGGCAGTTATGTAAGGGCACACCGAGTCTCTCGGTCAGTTTCTAGTATTAGTGGCCCGAGTTTTGGCGTTTATCCACTGTAGCGCCCGGCACGGCAAATACACTGGCCTTGTCCGCCTTTAAATAATCACCTAGTGGTATTGGCAGTTGGAGCACTTATTAAAAATTCAGCTTGCCGGTCCCTTGGCTCAAGGACCGTCAATAGACCCACACGAAATCGGAGTCTGCTGATTGAAAATTAAGTGGGTCTCTCACCGGCCGAGTTCAATTGCCCTGCACTTTGTTATCAGGCTAGAGTCTCGCACGGAGCTAATGCGAGTACCCATAGCGTCAAGGACACAGCACTTTTGTGATTACGGCCAAAGTACCCTACGCGATTAGACACGCGGCTGGGAGTATATTCAAATACCAGCGGTAGAACTTGAT,1592,50.19,Mus musculus
SEQ_362912,GCTTAATACCATTTTAGCAATCAACTGGCGACAATCGCGTATTCAGTCTAACTCATGCGGCGGTCCGCGATAAATTCCACAGAACTCTAGACCATCGCATGCCGGCCCTAAGAAGTTGTACACTACGCACTGGCCACGAAAGACTCCCCCCTGCCGCGGGCCAAAATCGGTAGTGTCTTGTTCCTTTACATACTCAACGTCGTACACGCTCAAATGAAAACCTTAGTGGTCATTTGACACCATGTTAGAGGTAAAAACACGCCGCAATCGTGAACGCGCGAGTCTCTGTCTGGGCCTCTCCAGAATTTTTATTACAGGTCCATAATTGACATGCTTACACAGCTTGTGCACGCTCGGGAAAGCGATCATCATGCGATTGTGATTCTCCCCCGGTCTGACTTAAAACGACGCCGTCTTGCTTCTTTTAAAGCTAATGCGATCCTTGTGGGACGACACGAGTAACCTATAGAAGAAAGATATTGAGAAGACCAATGTCGACCCGAACCTCCATACGCGTCTTTGTGTTTCGTTCGTTACTATCAAATCAAAGGCGATGATGGTTCGTTGTTTTATTAGATCCAAGTTCTAAGACATACTGTATCCTTCTTAAGGCCGGGCTCGCGCGCTACACTGTAATCAATTCCGAACATGACAGCATCCTGGACATGCGAGTCCGAGTCTTACATATGACAGAGAATAAGCGTCATAATTGAGGCTCCTGCCACGCCTAGCTGCAGGTGCCAT,744,47.58,Caenorhabditis elegans
SEQ_944756,CGAGAACGCTATCCAGTGAAGTATCGTTGACGGTAATGCTCTGGGCACCTGTCTAGATCATTCAATGGGAAGCATTAAAGTTGAGTATTGAGCAGCCAACTGCCGCACCCGTTATCGATCTGTTACTATGAGCCACTATATTCAGCGTTCTCGGGGCGCCGGTACCGACGACTCCCTGTGGGCATCATTATTTTATGCACAATGTCCAACGTTCGTAAGTCGAAAATACTGGTGCTGATGCATAAACCTAGGGGGGGGCGGAGAATGTATACAATATGTGGTTGATCCATGGCTTTAGTATGTAATGCGCGG,312,48.08,Arabidopsis thaliana
SEQ_532364,GCGAGGTATCCAATCACCGCTATCTGCAGCTTTGGTATTCCGCACTGGAAGGCTCATAATTTCGGTGCTGATTGGACTCTCGACTAGCCGTGTCGCGTCTCCGAATCCCTGTTCCCTTTCAAAGGCGAGCACTAAACGCCTCGGCCCTTCATCCGGGCTGCAGTGTGTCGGCGGGGTAGAGGGTCCGTAAGTGGAATTCGTTATCTAAACTTGGTCAGTGTTTGGTTAGAGCGGACAGAGGTTCTAGTAGTAGCTCTTACCGTATTATAGGGCGTTTCTGATCCTAGTTCAGCGCGAGCTTGCGATCACATGAGTGCCAGAGCCTGCCCACGCATCGTATGTACACTGTCGTCCGATGCACCGCACCAAGTACCCAGCTCGTAGGGACACCTCTCCCACATAGGGTTAAGCAAGCCCGCTTGACGTGAGACGAACCCCCAGCACTAGCCTAGAGTTTAGCATGGTCTAATGCTTGCACGACGAACAGTAAATTACTTCTTCAGCCCGCACGGTGCGACTTCTACCACATGCCCGCTCCGCCACTTAAATTCGAACGCACCGCCGTGGTCACAATATAGTGTCGGAACCTTATATAGGTCGCGACCGTTTCATGACCCGGAAGATAGTTCCAGTTACTGGTCCGATGAATTACCATTATCTTTATTATCAACTCTACCTTAGGCACGACTTCCTACCCGCGTGTGCAAAGCGAGGTACCGACGTTCGCCGCTGCATCTGTCCTGGAACAACGACGTAGACACGGCCCCCTGCGCAAGGTTCCGACGCACTGGTACGTGCATCCGTGCAGACGCGTTTATATTACCGATCCGCGATGTGGGAAGACTCTACGCCGAAAGGGCAGTCCCTCGACTTGACAAACCGTCCAGAAGGAGTTCACCTTGGAACGTCATATTAACGTCAGGCGTGGCGCTGGGCAAGGAATTCTTTTTACAAAAAACAAACCCGGATTGTGTAGCTTGTCGATTCAATACAACGGTGGATGATAAGATCCTCCTTACAAGCGCCCGTCTTGAGCGGCGGATTAGGGTCTTCTCCACAGATAGGCCGCCGTTCAGGTTCCCAACATGAATATCTCGACATGTGAAGTTCCCG,1113,52.74,Arabidopsis thaliana
SEQ_140419,AATCGGATCGGAGCAGTCACCGGATGTGGTCTCCTCGTTTCAAACTAGGATCGAAACCGCGCGGGAGTGTCAGTACGAGATATAAAGGGGTGCGTTTACGCTCTTGCCTCTAGCTCAAGACGGCACTACTTAGTAGCTTCGCGCCGGACCACGATTGAATGTTCTTGGCATAGCTGCAATGAGTAAGATATCCTTTCGAGTAGAGGTGATCTCCATGCAGCCATAGAATATCGCCGTGATGGTTACGACCATGCCACTAATATACTCTTAAAGGAATGATACTCTACTTAAGCTTCGAAAACGTAGTATTTACCATGGAGCCCAGTCCGCCGACGGGAGGTCGTAGCTTGATGCATTGGGTATGGCTACAGGTCAGCCTGGACGGCGCCTGGGGTCATAATCAGGTTCGCCCAAACCTCAAAATTTTAGAGGTATCTTACTAAACCTCCACGTCAGAAATCACATTGAGGCTGAGGACACTGTGATCGTCAAGTCGCGCGCAGCCTATAGATTATTGTTATTTTCGACGTACGCACGAAGTATGCTCTGGGCCCATCAGGTTCGTAGGGCACGTCGGCAATACTGACTATGCCCCTGCAACACAGCACATGTTTGCAGTGTCGGGATCGAGCCATACATGTCGCGGAAAGACCCGTGAGATTACGCCCCGTAGAGCGCTTCTGGTCAAACCCTTTACCTTTAACTCTCGTCTAGGTGAGGCGACGAACTGTATGAGGTCACAAAAAATATGTGGACTGATCTAACGGTACACTGCTGGCAAAGCATGACTATGCATACTGGTACGGATCCCCCCTGTAGTCAGCGCAGTTAAGACCAAGCCGATCTCGCGCGCACTGGGCCCTCCGGAGTGTATGGACACATACCTACTACTAACCGTCACTAATACCCACGCGGCAATGATGAGGACATATCTCCCCGACACCCCAGATACCATCTATGTTGATTACAAGCTGGCCGGCGAATGTCCCTACGGCTCTACGGTCCTCGCAAAAGCTACCCGTGTGGCTCAGCGAGAGGCCTAATACGGGGTAATAGGGTCGGAGCTTTCAGCTGATTTAGGACCACGACATATGGTTCAACAAAAGGTTAAGGGGTTCATCCAAGCGGTAGCGAATATTCGTCATAGGCTAGGGAGGTTATTCGACTATCTATGGGGCACCGCACTCATTCTTCGAAGCGGTGTATCCAAAGATTGGGTCCCGTCGAGGCGATGCCCCCGTGGACAGCTGGCTTGACTCCATGTTAGCTAACCAAGATCCACTAGGTTGATACAAAAGACTCAAGCCATTCAACTGATCGTTATCTGCCACTCTAGCTCACACTCCGCAATGCAGCCCGAACCTATACTCGGAAGCCTAATTATTACCCATAGCCGAACGAAGTACGTCGGTCGTTGGCTTGGTCACTACATGATATCAGACCTACGTAGAGAATCTCTGTATTTCACATACTTGGTCAGGTGGATGTTGGATGG,1495,50.43,Mus musculus
SEQ_177203,ACATTTCAATCCGCGCAAATACTGATAACCCAATTGGAGGATTTTGTCATCGGTCAGGTCACCCGGAGTATAGCATCCAACCCTAGTCATTTCGTGGTGCATTGCCTAGTAGAGCCGCAGAGGGTCTATAGAAGGACCATGATCGTTGCAGGCGCCGTCGGAAGGGAGTTAGGTTCGGATATCGGCATAATTTATATGTCCGAAGATTTGACAGCTTTTAAGAGAACCCATCACGCGAGCCGCATGCAGCGGCAACGTCTGGCCAGGCTATTCGAGCCGATCAATACTCTTTAGTTCTTTTCCACTCGCAAGTCGCAGAATATTATAAAGGTCACGGTGCGACCTGTTCGGCTCTTCTGGCTTCGAGGGTAGTAATGTATAATGTCCGAGCTGCAATTGCTCCAGCATTTGGATAGATTGTCCAAGTACCCAAAGGGATTGCGTTAAACTGACCTGTACAGCCCGGGTACGGGGACGGCTTACTGGGGTGTCCCAAATACCTTGCTAATTCAGTCATGACGACCGACACCCGCTCATCCTGTCCTGGGAGCGGCCAGTAACTACTTGCACGCAGTCATCGGGCAATCATAAGGTGGAAGCCTTAAAAAGGGAGGTCAATTCCGTCGCGCTAGGGGAATTCGGATTTTAAGTCCGCGGCGCCATTCTAACCTGAGACGATACCAGTTAATGGATAGTCTTAGGCGGGATTGTCGAGACCGAAGCACAGAGATCAGTAATGTGCACCCCAGCTCAGGTTATGTTTCCCGGCGATCGGGTAGATCGTCTGAACGGAAGAAGTTAAGTGGCCCATGCGCTTGAACCTGTACGTGGTCCGGTTCCTATCGATTGCATTTTCAAGGATCACCTCGGCTTCCCTTAATCTTCCATTACCGCTGACAGGTCCCGGCATGTCATGGAATCAATTGAAGCAACTAAGGTAAAAGTTGACAGGGAGCTTACGCGCCCTTCCCGAAAAATCCATGTTGAGCACACGACAACTTCGCCCGTGGGACTCTGTCGGGTGGTCTCGTGCTAGTGAGACCTATCCTCTTTCTCCAAGGTATCTGTGCTATCGGAAGCAGTGGGCGACGTAAGGCTAGAGTACGGCGGGAAGTGCGAACTAAAAACGCTGTGGACATTTTAAATGGAGAACGTATTGCCTTTGGAGCACGATAAACAAGATAGAGGGTGCCGCGGGGTGCATGACAACAACAGACTGTACAGGGATGTGCAATGAGTAGAACACGATGTTCGAGCACA,1260,50.56,Arabidopsis thaliana
SEQ_256073,TGTCCTACCGTCGTAACGTAATCTATGAAAGGTGAATCCTGGGTTCTCCGTAAAAGGTCGCTGTCACAACACGCTCGTAAGGATCACGTCGTTAGAATGGAGCCAGACTCTCTGCTGGCCTCTGTCCCCTAAGATGTGCGTGGCGTACAGAACTTGAGACTTGGAATTGCGATATCGGAAAATCTCGAATCCTTGTGTGATATCCCGACACCGCTACACGGTCCGCGGCAGAGTACAGACACTAGAGTCGCTGCCCTCGCAAATCCAAACTTACATTCTATAGAGGCCGCTTTTAGGCGGTTTATCAATTGTCAGTATCCAGACACACTGGACTTCCAGCGTACCTTCCCTCATAGTGAAACTCACTATACTGTTCTACTAGTCGAGTGTAGCCAAAGTCGCGTGCGTAGCACTTTTGTCTTCAACCATATGGAACCGGCCGTAAAGTGTGTTGCATATCGAATAGTAAGATTTTAACACCCTAGTGTGGATGGATAACAATTATAGATCAGTCATTGGGTCCGATGCAGGTCGGAGCAGAGATACATGGTCCTCGAATTCTGTACGGGTTCTGGCTCGTAGAGGGAACCGCTCTTGGAGTGGGGTGTCCGGTGTGTCATCCGCGTTGGACCATATTTGTGCTGAAAAGCCGTAAACGAATGACACTTACGCGATACGATCTACTGGTTTTCTAAAAGCTCACTTTGAAGCTGCGTATTGGGCTGCCAGGTAGGGAAAACCTACTGCAAAGTCTTAAACCAGATCTTTGGGTCAACGTTAAAGACTGGTGAGTCTAAATTTCATTTAAGCTTAGGCTGAAGGATCCCCTCCTTGTTCCAAAGAACAAAGTTTCGAGCAAGCTATACCGAGCCTGGTGCTACCCTCCGCTACGTCGTTCATTAGAGTGCCTCCATCGACTCCCCCAGTTGAGACCAGCGTTCTTCATAACACCTAAATCCACCGTACGAGTCGCTACTCCGTATACAGTACGGTTTGTACACATTCCCCGGTGAAGTATCGTGCAGTCCTTGCGTTT,1036,48.26,Saccharomyces cerevisiae
SEQ_577936,ACAGCGTTCGCCGTGGTGGCTCCGGGGGGGAGCAAAGCTGTCGGTCCCCTGACGGACTCGTAACAGTGCCACACCCTAAAGGAGCTGCAGGCTACAAATTCAGTACCCCATCAGAAGTGACTAACATGCGGTTTACACTAGGTCGACATAAAATTCGAAACACTACAGCTATGTTGATGACATATTTGGAACCTTCACAGCCGTACGCTTGTGTCAGAACAGGCTGTACGGGTACCAAGATGCAGCGAGCTCCCCTTATTGCGATACG,268,52.24,Caenorhabditis elegans
SEQ_178534,CTAATCGGGATCGCGGAACTACCCGCAGTTGATGACGAGAGGCTTGAACCCTTAGATTAGTCGTCGTCACACCATGTACTCCGCTTAGCCTAGCCCAATCATTGCCTGACCGTTCAGCGTAGATTTGTGAGGCTTACAGCGGCACGCGCCTCTAGGACGAGCCCGCTCAGTATTCTCCGGCATCATCTCGCGCCACAGTTGCTGGCTGTTAATCGAGAGACTACACTAACGCTGAACGAAAAGACTCAGAACCCGCTCAAAGGGGGGCACGTTTGTCTTAGATTATGTGAGACGACGAGAGCGGCGCGACTTGCTTGTAGATGTGCGCGTGTCTAGCCAGTGTAGGCGAAGAGTACGGCGATAGTCGGTCACAAGTCCGTCGGCTCCTCCTTTAGGAGTTCCTAAACGTACGGCTCGAGAAACCAG,426,54.46,Drosophila melanogaster
SEQ_924466,AGATCCTCGATTTCCTGTGGGCTATTCGTATATACAATTACTGGAATGCGTCGGCGACTCTGCATCGACTCCTTACTAATGACTCGTGATGCGCCGTCTCTCAAGAAGTGGAACTCGGGCATAAGCCGTAGATGGGGGGCTGTACGCGGTTCGTCCGAGTATTAAAAGCGGGCATCTTTTACATTGGGTAGAAACCTCGCGAGCGGTTCATTAGTCCGTTGAGAATGGCTTATATGACGTCCCCTTGACAACCCGCTATTGCCAACAACACGCAACTGGCCAAGAAAAAGTTAGCCGCCGATGTTAAGAGCGGACTACCTGCCGTCGCAGCTCTCTTTCCTGCACTAAAAGCCCTTTACCGGGTAACAACCGAAGGAAGCTCTGGTTAGCACACAGGCATGACATTTACTAGGTACATCACTTGTAATACACCTGCAGACTGCGTAGCTAAGGCTCAGTAGCTCGTACATTCGCAATGCAACGTTGATAAGATGGAGGCTACGCTAGCCGCCCCCAGGGGCACATGTTGCTAGGACTGCAGATCCTGGCCCCCATGAGCCCCATTAGGGCTCAATCGAAATATCACTAACAAACACCTTTGACAGGATCTCTGAGCCCATTCGCGTAGTAGCGAGTCACAGCTGTTCAAGGTTCTCCTTTTCCCTATTTGTTGTTAACCACCGACGAACGATGAAGTATGGAACAGCGCAGTGTCCTAAAGGACCCTATGAAAAGGGGACAGTACCCTCCCTGCCCTTATGGAGTGACCACATATTCGAGGATCGGTTAAGTAATCCCAACATTTTTCTAAGCTTTTGCAAGGACGTTTGACAGCCTAAACGCGTGAGCATGCCCTGATTTATACGCCGTCCGATCGCCGGCGTTCGGAGACTTGGGAACGCCATCGATTCCATGCCCGTAATCTACAAATGCATTATGCGTTGGGCACCGCTGTATCAATGAGTATCAATGGCCTTTAGTCGCGCGGAAACTTGGCCCCACCCCAAGGTATAGCATAACGACTAGATCTTCGG,1034,50.39,Saccharomyces cerevisiae
SEQ_684297,TCCGCCATTCAAGTAGTAAGACAGGCAAGAATCGTATCGCCGTTTACGAAACCGCACGACCAATGACGCTCAATCGCTGTGAAGTTGCCCCTGATTAGCCAAACGTCTTGAATGGAAGGAATACAATGGCTTCACTATAGCATTACGTCTGGGGCTAGTTGAGCATACCGACTCTGTCTTTAGCTACAGCTCCGATGAAGTCTAATCGAAGTAGTCTCGGGAATGTATTGCCGTTGCTTCTCAGCTTTGCCATTAATACCTTGTTACTCGTGTCTTACTGTTCGATATCCCACGTCAGGACTTAGGGTAACCTATTCGTACTGTCACCCGAACTGTAAGCTTTTGATTTCAATGGCATCGCAGCGTAATTGTCAGGGTATCTAACCTCATGAAGTGCTTTGCTATCCTGAGCCAGTATGCTCAACGGTTGCGCGCCAAGCAGCACTGTGATGATCTACTCCATCGGCTCTTTGTATCGGCACCTCAGGTGAAATGAGAGTCATATGTAGTCACGTCGTGGCGCAATAAGGGGATCTGTTTAGCGGCGTGATACGTTGTCTCAGGGCGAACATGCCTTTACTACTAAATGACCAGTTGGATTCCGTTACTATGGATTATGAAACCGCCGTATGCCACCTATAAAGCTGGCCGACGGTACTCGCTCAGAATCTCCACATCGGCTAGTAATTTGGAGAACTACGTCGACCATTACTGCGATTTCCGTGACAATGGTCGAAGACGACGATTTCTAACCTTGTTCTGATAGGGGCTAAACTGAGTAAAAATAAGGGGACGGGCGAATCTGCACTATGTGTATTACGCCCAGATCGACGCATTAGGGCCCATCGTGCCGGCTTAACAT,862,47.68,Saccharomyces cerevisiae
SEQ_371262,CGAACAATTGCTCGTATGAGGGCACATGCTTGGAACACCTGTATCTGATCCGGTAACTCACCCTTCGAAGATACATATCGCGAAAACATGTAGAAAGCCTTCAACTAGTTTCTGTCATAGCGTCGAAAGTAATTGTTGCCTAGTCCAGTATGAGAAACGTATTGGGTTAGGCCGTAGGCTGCTACATGGGTATCGCATCAGTCCGGTCGGCGGTACTTTGTCGGTTGCGTGCACAATTCGCCGTAGTTGAAAGATAACAGACTAGTAATCGCCACCCGATACAGTGATCCAGCATTGCTCCCATTGAGGGACCTCTTAACGCACAACATGAGTTCAAGGTTGTCTCAGAGAGGTCGTATCTAGACACAATTTTCTTAGAGCCACCCATTCTTGACGCTATCCTTTTATCGCCGAAAACTCTCTAGAAGGTTCGATGGGGTCCAGGAGAGGGCAAATAAAGTGTCCATGACGCGTATTGGAACTACGTAACGCCTAAACAGTCGCCTGAGAGGTACGTTCAACAGAGCCCCGTCGCTGGGTGGATCCTAATGCATAAAGCCAGTAATCTATTAGATGCTCAGGATGTAACGCTAGGAGCAAATAGAATATCAACTTCCAGATTAGCAATTCTCAACATCCCTATAGGATGACAGTCCTCACGGATAGCAATAATCCAGGTAAATCTGCGAATAAGGTGGTCAGTTTGTAATACGGTCTCCCGTAGAGTGGATACCCCGATCCGCTTCTCAACCGGAGTTCCTAAGTGGTGCTTCAGTCACGGAAAAGCCCAGCTCATGAGAGGGACAAACATCCGAGAACGAAAGTCTACTAGTCCCCAAATTGGAGTATTCCCGTCTAAGTGTAATACTTGCCTGCTTGTGTTAGCATGAAGGTGCAGTTGGCGTTACAACGCAGGATTGCCTTATCGGCTTCTGGACCTAATTTCTTCGTGGTACTAAGAAGAACAGACGAACCGAGCCTCGATTTTCAGGCGTAGGTTCAGAACCTGGGTTCAAGGTAACTGCGGAGGCTAACGATTCGGGCTAGAGGCCTATGCGCCCTTAATAAATACACGAACTCAGTAGTGCTTCCGTAAATGTAAGATTACAAACCCTCTGGCGAGCGGCAAGTTCATGCGCCCCCGCGTATACGTTTATGATGCCGGTCTAAAGCAGAAAACTAAAGAGTCTAGGGTATAGCCGTGTGTTTTAATGTGTCAAGTACGCCAGATCCTATGTGCGGCCAGAACTATCGAGCTGTTCATGATCGCTCGTTACACGCCCCGTTAGCAGTCCTAGGCCGAGAGATTGTCCAAGATGATTATAGTAAGATCTGCGCTGCCAATAAAAGCCCTTTTGTTATGGACTCGCATAAATCAGGCAGTACAACAGGAACGGATAACAAGCACCCTGATACTTGTGCAGAAATGTCTACGATACTGCTTGCACTTCTCCCTAGACGCCCTCTATCGACTAGCAACAATAGGATTCTTTGAATTCAGGGGCCAGGTGCATGACCTCTACTCTGCATGAATTTCTCATAGCTCTAATATACTAATAACGGTTATTCACGGTTCAGCATACCACTGCCTTTTGGAAATAGGAGAAGGGTTTAGGCTGGGTGTGGGTTAGATCTTCCACCACAATCTGCCACACCAGCAAGAGGCCACGCTCTACACCCAATAGGCGGGGGAC,1694,47.52,Mus musculus
SEQ_605434,CGCCAACCCACTCTCAGGCAAAAGCCAACCCAGCATGCGCATTACTTTGCCTATCGTGCATCAATGATAACATCGTAGAGAAGTATTTCGCATGCCCTGTCTGTTACTGACTCATCGCGGGCCCGTTGCAGGCTTTGAAAGGATATAGCCTGACAGCGTTTTAGCCTGTAATCGAGCTAGTTTTTCGAGCCGATTGTGACCAAAGAAATCTTTTCTGACTTTGGTTCATACAACATGGGGAACACCGCTTCGGATCTGGGATGCGTTGCTTTGACGTTAAGGACTTGCCCACTTTTCTAGATTCAATCTGTAGCATACTCTTCCATACATACTTTGTACCTGGTATGTAGCAGGCACAAGGCGTCCTAAGTCCGGTTGTCATAAACCTGACTAGGCACGCTGGCATGCGTCTCAACCTATATTCTCGTCTGTAATATCTCTTGGTTATGCCCTTACGTGTCCAATCTTAATAATGGCTCGCTGTAGTCTTGTTCAATGAACTACGGTAAATGATGAGTTAATTTCCAGGCACTCCTACGGTTTAATTGGAAACCATCGTTTTTGGATGTGGATAGTGTCGCCTAATTACCAATCAGGCCGAACTGCTTCAAATCTATTCCGTTCGAAGAGTGACCCTGAATTTTAATCGAGTTACCAGACGACTTGTCGCAGACGAAATAAACAATACCTGATCCCGCAGAGGAAAAGTGTGAGGATGCTTGCAGTGTGTCGCGTTAAGTATTAAGTCTAAGAGCATACTACGAGATAATGCCATGCGAATAATCGTTCGAATTCCTACATCGAAAACAACAACGGTGACTTTAAAGGGTCGCGTAACATTCGTACGAGGTGTCAAAGAGCTGGTTCGCCCACGGGAGGGTGCTATGTCGCCCCACGTTCATTGCTCCTGGTAAATAGGACAACGCATCTTCAATGCTTGTAAAGCCGTACACACCCAAGCCAGGGGTGGCCCAGCGACGTGATCGCAGAAAAAAGTATCGCAGCCTTTTTGTGCCCACTCTGGTATTTCCCTCCTCGCGGATACCCCTGCCATTCGTTGGGGGGACGATGGATCCTATAGTCGGGCCACTCTTCACCCACGGCAAGTAGGTCGGTAAGCCTGTGTCGTGCTCGGCTAGCTGGAGCGGACACCATGGGCGTCGGCTGGGGATTTTTTTTATCCATGATCAAATTCCCCAACAAGTTTAGGTATATTTGAACTGGGCAGGCAGGAGAACAATCCGCGCACATTGTCGCATGACTGAGGGCGTGGTGCATCCCTCGCACTCAATCCGTTTTCTGTCTACACGCCCTGGGAGTCTTCACGAAATCTCTGCCCGAGGAGATCGGTAGACACAGATAGGATTTCCCACGGGTAGCTGACTCTCACTATCCCGCTTTCCGGTGCCCCTTCCTATAAGATTCGGGAACCAACGGTCCGGGCTCCCGGCCTATCTCACAGCGCAAGTAGAACAAGTGAACTCAGGAAGGCCACTGATATTTTGTGCTGGGTACTACCGCCGGTTCTGAACGATCCTTGGCGTAGGCAAAAGGGCACAGGTCAACTGTATACGTACATGGCGGGGTGATTGGTAATCATTGTTACCGATCACTCTTCTGCACAGCAAAAGAGGATTAGAGCATCGCTCTTAGGATGGGCATCCAAGTGCGGCGTTCGCGAGAGAATCTAACCTTCTCATATTTCGAGAAGGATATACTAACGCCCCCTCGACCTATC,1738,49.19,Mus musculus
SEQ_589302,GTCATAGGGATGGATACCGGGTAAGGGTGATCCGCTTCTGGCACCCGAATCTGAATTAACTAAAGGTCTATTAAACCAAGATCAAATGTATTCTGAAAATTCGCGCTAGGATGCCGCACGGAAATATTTGCATTAACCATCCAGGCCATCTAGCACGGAAGGCCCTATAACAGACCTTAGTCTGCCTTGAGCCGGGTCACTGCGTTGACTCAATCGCCCAATTGGATTTTTGGCCCCAACTGTACCTCTGGTACAACTGGACAATGCGATGGCTGTACCGTCGTGTGTAGTCTACTAAAGATTATCGAAGCTTTCATAACTCAATGGCGTCGATGGCGTCGTAGGAGTGCGTGGCCTGAACGTGTGCACCACACGCCCGACCCAATGTCAATCACTTTCCTCATAATGCATGCTAATTGCTGTAAAGATTACATTTATGTACATTATCATTATGAAGAGTAATGGTCGCTATCACAGCTTGGTCGAAGTGCACCATCAACTACAGACCCGAGGCCCTAGGCTGGATAGTGGGGCCTAGCTTTATAGTGGCTATATGAGCTAAGCCCTCTTACTGATCTGCAGCCAATCTAAAAAGTCGACGATCGTGTGATAGACTAGCAATCCTTCGAGCCGGCGTCCTTTGCACTACCAATGAAAAATTGCACCAACCTTATCTCGTTTCGGCTCAAAATCAACCATGCTAGTGACACTATATCCGGGCTTTTATGGCGTGTGGAAGAACCTGCGGCCGGTCCGGTGACTTTCCAGGTCCTG,774,47.93,Drosophila melanogaster
SEQ_397030,TCGCTGAGCCCACATTCGGGGATGATAAACGTGGCCTGTATTTCTTCAGGTGACTGCGCTGATTTACCGATGAAGCTACCAAAGAAGTCGGCGCACGGGATCGATTGGGTTCTCACGTCATATGCATCGGCTAGGGTTTCATTGGTAGCACTGTGCGAGGCGCAGCGTATCATAGCAATACAGTGGCAGTGTCGCATCTTTCAAGCCGCCAAACCATACCCAGCATAGACAGGCTACATGGGCAAGACCCATTCAATTGGGAACGTCGCCAGACATGCCAACTTTACGTCGTGGGCTAGAATATTACTCAGTAGGCGGTAACGCCGACGCGGGGATGATGCCCGTGAGCGTCCTATATGTCCTAGGGCTGGGTTACGGAGGTCGTCAAGCGTCCGCCGTGTAAAGTAGATTAGATCTCACACCGACTTATAGCGTATCTCAGCTTGGAAGGGCCATGCCTGTCTTGTTTGTGTCGCTGATCTCTGCCACTCGTTGTTGAACAAGCGAGGGGAGACCCCCAATAGACCACTCATCCATCTGGGATCTTGGTTAACGCCGAGTTCAATGATTAAGTGATCCAAGGCTGACCCATAATCAGATATAGTCTACCAACCGCATAAAGCGTGCGGGTTTAGAGTTCTATACTGCTACGCCTATTATGAAATCCGATGGTGTCTGAGTAAGGAAGACGGGCTCGGGTAGTCACGCCCCTTATGGCAAGTTTGTGGGGCAATGACATTTGATGAGGAGGCCTAAAAGCAGGAGCCGAAACTTTATTTCCGGTTCCCCTCCTAGTCAATAGTCTTATAGGATCAGCATCCCGTAGTGTTTAAGTTGGGGCCCGCGTATCACAAACCCTCGCCCATCGCATAAATCCTGTAGCGGGTCCATGAATAAGGCACCGGACAAAATTACATCCTCACATAATAATCTCAGCCGCGTCTGGAGGAATGTATACTCATTGGGACATCCTTAAGGCGAGCATTGGCGCCTGACCGACGATGGCCTGGCGCATTCACTGACCCGAGTACACCCATCAAGGGATCCTGCGCCGGGTAAGGTGACGTAGTACAATGGACGTAGCGATAACACTCAGCCTCATTCATTGTCGGGAACTCATACTCGGCGAGTGCTAGTCCTTACCGACCCGTCGTCGCCCCGACCGACGGGACAATCCCTAGTTCCCTACACCAGTGGACGCCGAAAGAGATCCTCAGATACTTTAGTCGTACTCGCCCATCATAGTTTCGTCGGACGGGGATAGTATAGTAACGACCACGTAGATAGTCGGAGAAAAGACCGCAACATTTACACGACAAGCACCGCGCTGTCCGTAGGTGCTGAAATCCATATGTATATTGATTGGCATTGGCCATGCAGCTGCTGCCTGGCCACGCTATCCAACGGAGCACGGACTTTGGATAACCCTGTGGCGATCCAAGTGACGTGAGGGGATCAGAACACAAGAGTCATCGAGGCTGGTCCATAAAAAGTGCAAAAGTGGAAGGCATTGAGACGATAACCGTTTCATACAGCAGTGGAGGTAGAGTGTTACCATTCTATAGTTGTTTCGCTCTGTGTAGACTCTGTTGGTTCAAGGAGGTTGTTGCAAGAATAAGGCATAGTAAAGGACGGGTTTGCACATTCTTCCCAGGTTTGCCAGCTAGATTATGCCTCGCCTTTGAGTTAAACAGCTGAACGTCTCGCCAGTACCATAACAGCGAACCGGTACTTGACCTGGCACAGTGCATAGTGGTAACGATTATTGCGTGAGCTTCGCATATTAAAATGCGCGTTCCGGGACAGGACGTTCTAATCATGAGTGACAAATTCCCCTACCTACATGAGATTGCAGCTGCCTCAAGTGAAAGTTTG,1875,50.61,Homo sapiens
SEQ_830665,ATGCGGTCCGGCCCTCGACACCACTAATTCGCGATGGTCGGGCCCTCCGCCTGGGTGCTTTTCATAATGATGACGGCTTGCATCTGGGATCAGACCAATGGGCGGGTAGGACTCGATACGGCTTACGTGTAAAGCCTCCGCTCACTCGACACCGCAATGCATCTGTATTGAGGATGGCTTTGAGTAGAACGCCAATAAAGCGAGACCCGTGTTTATCCACTCCGTTTGTTTCACTAGGTTCTGGAACTTCAGAGCTCCACCGATTAAATTGTCAAACGCGGCTAGGAGTTGACCGCTTGGCTTTAATGTAATCACGATACTTTATACACCAACTTCGGAAAGCTGGCGATGGGATCGAGGGATTACGCGCATCTGGCGAATCTATGAGCCAGAGCAGGCAGACCTACTTTTGAACCGAGTATTGTAGTCGATGATTAGAAACTTATGGTGCACGAATCTCATTAACAAGGGCCCTAGTACTAGCCACCGATTTGCAGTCCTATCGGTTGTGTGGAGAGTGGTATTGATTGCCACCTTTGCCTGACCCCTGTTAACGCCACGCCTGGTGGAACCGGGACCTCTTTCGCACATTTATGCCTCCGACAAAGCTAGCCGAGGGCCACGATTGTTCAGAGTATGGTCCGGTAGATAGGGGCTCGCTCACCACACGTCCCGCTGCTAGGGAGAAATCTAGTTGCACAGGGGATTTAGCTTTAAGTGATAATCCTAAAGAGAGTCCAGCGCTCCGCGTCACATACAAAGAGGCTTAAACCCGGGGAATGTTTCATATGAATCTCACTGATGTAGGTTACTTTGTCTGCCTGACAATCCATGTAGGTAAGTATTCCCGAAATAATCCATCCAACATCCCGGGGTGGGCCCGTGCCGATACTATTGGCTTGCTCTATAAGCAAATAGCTCATACCTGTCGTACTTATCGATCACATGTGTAACATAATCTACACGGATTTACAGGCTACTTTATGTACAAGCTGATAATTAGGCACACTTCCATGTGTTTCGATATATG,1030,48.93,Homo sapiens
SEQ_727152,CGCTCCTGATCTCGGACACGACACTTCTAAAATACAAGGCTGAAGTACCCTAAAAGACGCTTCGCTTGTGTCCATGCGGCGTGACGGGATCGCGTGCAACGATCTAGCCGCACTATGAATGGGTTGTTCGAACCAGAATTCACGGTAATCAGATAGAGATAAGTAATCACATACATACTGAGGTATAACCCAGATTGTGCTCAACGACAAAAGTAACTACTGCCGGGTATTTAACAGTCCTCTTTAAACGCCTGTATGTTCGTCTTCGTACGACTTGTCATTCCGAGTATCTATCTGGGTCGAGACCAAAAGGGTACGAGAACATGTGTGCTAAAGCCGCTTCCAAATGTTAAGAGAGGCGGATGAAAGCCGGGTGCCTACCGCCGGTGCCACACTCAAAGGGTCTGCTGGCGCAGTATCGAAATATTCTGCCTACTCAGCACGTATATCTGGTCCCTCCACGACGAGTCCTATGTTAGATAAACCTGGACAGGTTCTACCTAACAGTAGTGGTGTCCTTTAATCTCGATGTCGGAATTCTTCCCCTGAGAGTACTCGAAAGCTTCCCTCATGGCTAGTCGCTGGGGAGCATATCCCTAATGGCCAGACTCGGTATGAAATATATATGAAAAATCTGATCTACGATATGGAAGTATCGAATAGGTATCGCGAGGTAGGCGCTTCATCGGTGGTTATATATGGTGCGCTGTAAACACTAGACTACGTTATATAGCCCGATGACTGGGCCTAGCAGGGTTTGGTGGGGCCTGAAGATCTCAGAAATGCGGAGCCTTTCTTACACTGTCAGATTCACAAGCCTCGACACTAGAATTTCAATGAAGTATGTCTAGTTATGAGCGGGTTAGCCCGAGTCCAGTGGACAGTACACGGTTGTAGGCACAAGTCCGGCCCGGAGCTTACCGCCGCCGTCATTGAATCTATGCGAGACGGTACTCTAAGGCGGTTGGCTACAAGCTAGCCGGGCAATCGATATTGAACAGAACACCCATCCGGTAGGATCACCGTAGACCCCGTTGTCATACTTTGTAAAGCG,1054,48.77,Arabidopsis thaliana
SEQ_562729,TATGGATGTAATGTTGTACCCGGCTTATGTATACCTTCAGGCCGCCGCACATTAACGCCTTTAGGGAGTAATCCGGTCGTCCGCATTTAAGGTATATGTATGACTCTGGCTGGTAACCTTGGAAGTATAGTCTTCCTTGAACGAGGATATCGTAATGCCATTTGACATTGAGTGAAAGGTGGGGTACGGAGCTATGATTGTATCTGCGAAGTTTCAATGCAGTACATTACTTCTATCACTGTATAGAAGTCCCCTCAAGTGTCTATAGGAATACTACAAACGGGCCCGACGCATGTACCGGATGGTGGGACTCTTCGCTCGTAAGAACCTTTCAGATCGAGCCGTAGACAGCCGGCCCCTATATCGATTCTCCACCAGTTTAATGATACTAACGGCTCTAGTTCGAAGCGCCATAGCCAAACCGAAGGCATTCCAGGCTACTTTGTAGATAAGCGCTAACTCCCCGTTCACGCGATCCGGCTCCCCCGCCCAAAAGGACCCGATTGATTA,510,48.24,Drosophila melanogaster
SEQ_433802,CGTCATGACTAGCACCAGACTAAATTACCAAGCCATGAGCTATCATTGTTCGCCCATTCAGTCAGGTTCGAACCCTTGGCGGAACATTGGCGGCAGGCACTTGGTGCCATAAGTTTAAGCAGCACGTCCAATCATCTTTGCCCCGCAGGTAATGTGACAGGAGTATATTATGTGGCCCCGTTACGTGGGCCTAGGCAACGGGCAATCTCTCTCCCGCACAGAGGCCACATGAGCGTAGATGTTAGGTACAGCCAACGCACACAGACTCGATGTTTAGCGGTGCGCCGAGCGGGTTCGTGGCTCGTGCCCCCACAGGGGGGTTTCATTCTAATTTAGGGGCGACAAGATTCTCAGATAGCTGTCCTCATTTCTCCTCCTACCACCCGGAAGAAAGACATAATTCCCACTCGCTCGCGCCGCCCGCATGCTAGTGTTTCGTGTTCGGTACTCCTCCGAGCTAACATATGCAAAGGACTACTTATATAGGTGTATGGGGGAGGTCACTCAGGCTATAGACGTACATGATTCATGAATACATGAGGGCGCCCGTACGCGTGGTGAGACCCACAACCCAAGCATAGGAATATGAGAGCAAGATGGTCCAAGGCATTTAAGTAACTTGGCATTCGCACAGAGAGCTAGTGTATTTAGTCCTACCGAAGGTTCTGCACCGGACGCTTTGTCTCCTCCAAGGACTGGCCAGCGTGATTTGGAAAATAGTCCTTAACCGGGGGGGGTGCATTAGCCACCGCTCTACCCACCGCTCGTAGCCTCGCAGCCACTACAACTGAAGCTATTTGGCTCGGCAGTGCAGTGAAGTTAAGAGCTTAATACCGTCTATTGCTAATAGAACTGAGCCTCCGGCCCTGTACCCTAACCGACCGTTCCTCCCGTCAATAAGTTTTTGAGTTTAGCTATATGTCGGAACTCTTGAGAAACGCCCCCCCTAGGGCGGATCTTTAACCCTTCTGTAACACTCTTACGGATCAGCTTTTAAATCTACTAAAGATATACATGTCCCTATACACTCCCTTTACGACATCTGACGCAACTATCCTATTATGTCGTAATTTGGTGCGTCGCTCCTACTAGATTTACGCTCTCCCTACACTAATGAGGGCCACGTCACATCTTGAAGGACGCTTGACAATTACTCCCCCGCGCATTTGACTAGGCAAACCATGATTTACCCAAATAGGGCATATCTACTAGGCCATAGGGCCCTTAGCTGTCACCCGCCAGTTCGCTGCCTTAAAACTTCTACCCATCCCCTTACATCGGGATAATGGCCTTAAGCCTCTCGGCGTGGAGGTTTTGGAGTCCGGGACGATGACACAAGCAGAGCACAGGGGTCTTAGGTAGTCATATCTTTCACGTTTAAAATGCTCGGTCGAGCACCTTGTGACTGAAATCCCTGTAGTTCCTCGCATAAAAGTTTACCTGTACGGCCCGGATTCCGTATCCCGAACTCAGTACGATCTTCCAAAGGGTCTGGACTGGTATCTTCCTTTCATGATTTGACTCTTCTCTACTCAAAAGTACTGCGTGAGATTGAAAAAAACACGCTAGGTATTGAATATTACCAGGGACTGGCCCCCTAACGTGCCGCCCACGAATGACGACGGGACTGTACCTGATGATAGCTCATAAAGTATATAGCGAGTTCGGTTTAGACCATTACATCTGGTTGACGACTAAG,1699,49.85,Mus musculus
SEQ_137908,TGATCGTCGCTCGAGAATTACCTGGGGCCGCTGCATGACAATCTGAAGTCACACAAACTCTACAAAGGGCCTGGATGGAGTTTTAGATCGCCGGAAGGTCACGATACTTTCCTAGAGATTTTGCCTTACACCTACTACTGCGCGGTTAACCGCATATTAGCACGACATCCCAATTTGTTCCTTGCATTCCCAACCAGGAGAATATGCAGTGTTAGTTGCCTTTGTAAGCTTGCTCCTAAATGAGGCAGATCCCTTCATTTCGCCACGCTAGGTGTCCCTGACAATTGCAAGATGAGTATGGGCGACTACTCACCGACCATGTACGTCTGTGATACCAGCGCAGCCATGATTTACGGCTAGCGAGCCTGCTGAATTTCACCTCCCTCTTCCGTGTGGATGAGCCTTTGTAGAGAGGGTGTTCCCCGATGTACCGCTTAGTTAGGTGTCGTAAGTCGTACATAACACGCGACCGTTCCTGGAAACTACGTGTAGAACATACCACTAATTTGCTTGGTTAAGGGCCGACTCGTTTCAACTTATCATCGCGATGACGTGTGGGTAGTACCTTCGTGTTCTTACGTTAAACAAAGCTATGGCGCTTGTAGAACGACAACCCGAACCACTACAGAAGGCATGTAACGAAGGCGCATATTAATAGGAAGTGCTTCCATGCTCAAGACAGGATTCTCTGTTTTTTAAGGATTACGCCCGTGAGTGGACGAGTGCCTGCTGACTTAGTTGCTCCATAGCCGGGT,755,48.74,Arabidopsis thaliana
SEQ_511173,ATCCCTAAGCGACGACAGTTCTAAAGAGTGTGACTAAATATGTTCCTGCACCGTTTACACCTTTTGCTTATTCGGGCCTAGTCGCATAGGCTACAGAACCTTGGGTACATCTCGTCGAATAACGCACACACTATCGAGGACGCCTCGCCCGGTTCATTTCGTAAGCTAGTCGATGGGGGATGTGGACTCCTAACTACTGCTAACCGGGCCCAACTTACCCTAAAAGCGGTGCTTTGGACTCCGTACGTTGAATCAATACCTCTCCTTTAATCACTGCAAGAGATGGGATTCAACAACGCGTTCCAAAAGACACACAGGAGGGGTTCATCCATAATCGTGACGCATCACGTACCAAATACTACAGCCGGAGAATAATCTGCTAGTCGAACGTAAGCCGATAGTTTGTGTGTAAAACCCAGTATTAGGCCCGTAGCACTAGATCCAGTCTCACCGATTGTGCTTCGGGGGATTCGGATTCATAGTCTGGGGTTTTCCTATGGTCGGCCAACCGGGACCGCAGGATCATTTGACCTCCGGGTACGTTCTCAATTAACTCTACCATCAGCGGCCAGGGAAGAATGCAGTACAAGCACCCCAGGCTTACCGCTCTGCATTCTCGAGAATACGTATGAGAAAGACACTGGACATGGCGAAATGGAGGCTTCATCCCCTACGCAAGTAAAACCAATCACGTGCCGGTGGTTCCGCCAGCTCCGTCCACGTTAATTGTATTCTTTGCTATCGATACACTTTCAGAGTCTAGAGAGCTACTCGGCACTGTAACCTCATTGACCGCTTGTAATACTATTGTGGATTAGTGTGATGAATGCATAGTGTCTCGCTCCGTGACAGAAACACAATCGGTTGCGTCGATGGTGACTCCCTTACATCCGCGGATGAGCACAATGGGTAGCACCCGGCTCTCGGGGGCCGAAGAATGTAATAGGTCTTGCTTAAGGATCGAAGTGGACAGATCAACCGAACTCCAGGGGTTTGCTTATTTCGGTATCACTGGCTATATTCAGCGTAGCCAATGATGCGTCGCATTAGGGAAGATGGGACGATGCTACTCCACGAATGTACAAACTAACGTGATTATTCATCTCTCTCGCGGCATCCCCACAGTCCGGACTGGATCAGACACCCCCTAACGGATATCATTAGGGAACACCGAAAAATAGCTACGAGGTGACTTAGGCACGTGACTCGCACGTAATGTCTTCCCCTGTTTGATACAGGCTTTAGGGAGGCACGGCGGGGTAGCCTAAAAAGCGAACCATTCCAGTCATTTATTCACGGACCTACACGGTAATGAGATGACAGATAATGAGATCACTTGTTCTTGCGACACCCCAGCGGACGCTCAGGATCGAACATGGATTAAACCTAATTACCATTGGGAAACCGCTTACTCGGACATCGTTTACTTACGACCCTTAAATGGGCCTAAAAGCAGTCAGAGTGTGATAGGCCACTTTACGGTGCGTATTTGTAGTTCGGAGATACTCGAAGATGTAGCTTAGAAGTTTCTACGTTCTGTGCGCAGAACCAGCACGGTTATCTGGGCATGCTGTACCCACTCATCGAGAATCTGTCTTATGAATCCGCCCATGATGGCGGGGCCTCTGATGGTACGCTCAACGAGGGAGAACTTTGGCATGAGTCGTCCCAATTGCCGGAGGGCACGCAGAGTCAACCACGGCCCAAAACGGCGAGAGTTCTGGAATAGGGTATGAGGGTGATGTGCCGTATTCCTGTGTTGCATTAAACACCCATTAGTAGCCGGATAGGCCGCGTACGACACCCCGGGGATAAGAAAAGGGTTACTGCGTATGATCTAATGACGTAGGGTCCATTATGTATAGCAAGGAGGGAATGATCGTACT,1886,49.58,Caenorhabditis elegans
SEQ_300455,GTAGCGAGAAGAGATATTAAGAGGTATTTTACCTAGTCATCACAGAAGGCGAACTGCGCGGGGGACTTGGTATGCGTCCCTGACAAGAGATTACCAAACTGACTTTGATATAACTCAAGTGGAGCCTACGGTATGTTCGCGGGTGGTCTAGAGAAGCCCGCTCTCGTTGGTAGTCACATCCATGCTCAAAAACCGTTGCACCATAACAATCTATCGTGACCGCATCTGGCGGTGGGTCGCTTTCATTACTGAATGGGAAGGTCAGGCTTTAATAATGGCACTAATCCGATGAACCGTTGATTCGAAAAATTGCTCCTTCAATGCACTCGGTAGCTAACGCGGCGACACCTTAATACTCGATAGGACACTAACTAAGGACGAGCCGTGCCGTTAAGTAGCATTTTTCATACTCGCCCGAATCTAGATAAATTCCTTGAATGGGCGTAGGGCCTGCGGTTTAGCGTCGGGGCGGTGGGCCATTGCACTCGATCTGTGAAGCTTGCTCTGTGTACCTCAGACCCGTCTAGGGATGGAGTCATATAGGCGTGGTAGTTGTCCGCGACTAGCCTGTTAACTGGTTCCGGCACCGTTGGTTATCACCATCTGATTGGGGGGCGCAGACGTTAATGCACAAATACGCTAAATATTGCTGTTGTTAAATACCGGCGCAGTGTCACTGGGCTGTTCTCACAACATTCATTGGCGACGAAATAGCTGGAAGTTGCCCTCGTTGTGGGACAGCACCATACATTCTTCCTTTCATCATTAAATAGAGCCAATTATCAGAAGTGGGACAGTTCGTCGGGGAAAGCACGTTTTAACGAACGATTGTTGATCAGCAGGGCTTGGAAGTTCAGATCAGCGTCTGGGCGACCAGCGTCTCACGATGGCCGAATACGGCATACCTTGCCCCGTTAGCACTATAAAGGCATACAACCCCTGCAACTTGAGAGGTGCTGGATGTAACCGCCCGAACCAGCACTCGCCTGTACAATGGCATTCTCACATCGTGGATGCTACAGCTCTGCTAAACATATCTCCCGTCCACCTTCGTTCTCCAGTAAACAATCGCCTGCCTTCCGGTGTCTTGAGACCCCTTTTTCTTATGCGGAAGTAGACATACAGGCGGGCGAGTCCTGTGGATGATCTCACCTATCCCCTGTCCAATGGTTGACACGGTTAGTTTGGCTCTAGAAACGTCCCTGTGTATGTAAGTTTACGTCGTGAGCAGTATTTGAATACCTCATTCGTACCGCTTCGTGCCCACTGGTGAGCACTGGCGCTGGCTGCGTTCTTGCGGGAAGGGGCTCTTGGTTCCCGCATGTGCCGTTGGCGGTGAAAACGGCGTACAGATTAATTGCGCCTGAGAATTAGAAAAAGCGGTTGGGCACCAGCAGGTAGCCTCCCAGAGTAATGCTGCAGATCTGCGCCGAACGCTCGACTCCAGCGCTCCGATTGCGGGTCAACCAAA,1471,50.99,Escherichia coli
SEQ_407708,GTGCACCATCGGCTCCAGTGAACGAACTGGTGGTCGGCTCATAGAGTTCCGTTTCACATTGCGTTGGTAGGCCTGCAAGACTTCCAGCGGAAGAGGCCGTCGGGTTTCCGAGCTTATCAACGGGGAAATGAAAACTAGTACCCCATGAAGAACTAAGAATCTGTCTGGCAGACTAACAGAAGTAAGCCCGTCTCACGTGACTATTGCGTCTTAAGGGACTCTCCAGCGCGCGGGTTACAATGTTCACCACGTCTGTGCCCGTGCTATTTAGAGAGAGTAGATCCCAATAAAGACTTAGCTTTTTAGCGGTGTTATGCAGCAAGATTTTTGACATATTAAGTGGTCCCTAGGCCCAAGATCAGAGACGGGTACAGCTTCACCGTTCGATACTTGACTCGGGACTATTTCCAGATAGGTCATGTTCTGGGTATAACAGGCAGTGGGTACAGGTCAGAGTGTTTATCAGCGCAGAGGACTCTTTAGGTTTCGTTTTAAGTGTCGTGGAACGATATTAGGCTCAGAATGAAACTCTCCAGACACGAAATCCGTGCGAATTACAAAGTGAACCCGTGACCCGATTCATCTGGTCTGAGATATGACGCCCGAAACAAATAATATGGCCACTGATGGCTTAACATACTTACCTAGAATCGAGACGTCTCAATAAATAGGTCTTTTAAAGTTTAACTCTGCGCAAAGTTCTATAGCTATCCATTTTGTGAGCTGCTTGACCGCAACTATCTTACCTTTCAGAGTAAACAGCCATCTGACACACTACCAGATATTTTGAGACGTGTCGGCGAGAATTGGTGAACCGGCTCCTGTCGTACAGACCGGCAGTGTTTGTTTAGATGATGCTCATATCTAAACTACCGTACAAATCCCTCCGTTATGTACAGATGGCGTTTGATCGAGAGATCCAGGCGGTTTGTATTTCCAGAGGTTTGCA,949,46.47,Homo sapiens
SEQ_248250,TGGAGTTTGAGAGACCAAAGTTCCGACATGCTTCCCTGGACACTCACAGAATCGGCGGCTCGCGACGCAGGCTAGGAACGTCAGTGGAAGCTTCTTCACTGAAGTTGTAATCTGCCGGGAGGGGGTTAGAGTATTGACGTAAGAATCCGAGGCCACCCTAACGCTTATACAGGTGTAGGAGTGGCAAGCTCGAGTAGCGTATGTCTAACGCGATTTGCTATCCCTCCGGCGATGAATTACCGAAAGTAAGCCTTGGCAAGAAGGTAGAACTAAGTGTGTAGTCTCCCGCAACTGGTACATTAATAGTATTCCAAGGGGCCACAAATAAGTGTTACTCCTCCTTCCATTTCGGATTGAGCGCGTTCCGTCGTTCACTATATCCGCATTCAAGTGGGTGGCAGCAGCGTGGCCTGGGAACCGCTA,423,51.3,Arabidopsis thaliana
SEQ_866693,TACTATCGTTCTCGCAGGATACCGCAGGGTTTTAGGGTCCAAGTCTACGATTACCGCACTTAACGATCCTTCGCATCATTTCTCGCTATTGCATGCCGCGCTGGGCGAGTACGATTATACTTTCGCTTTGCTATATCGTGTCTACTACCTCATTCCTCGATCTCTGACGACGTAATATAGTAGACGCGGCCGGGGGCCTGCAGGGCCGCGTTCTGCGCGCTCGGAAAGGCAGCAGTTAATCCGGAGACAGGGTATGACGTATCGGATTAACCTTTTCGGCGTAATATTATGCCTAGCGGAAAGGAACGAGTTGCCTTTGCCCACCCGCCCGCTACTGGCTTTGTGACTCCTGGTAGGACGCGAACAGAGCAGATTGTATCCGCATGAACGGGAAATATAAGGGCCGAATGGCTCGCACCCTATACATGGTCGGGACTAGTCATAGTAACAGTTTTAGCCCTGATCAGAGTTGGTATATTTGTTAAGCACAATTTCAATACACGACTGGCTACGTCCACGCGGGCTCGCGAGTAAAATCTTACCGTCCCGACGGTGGTAGGGATATATACCTACTTGCACGCGGTTCTGTCCAGACCGAAATACGCATTCATAGAAAGGCAGATATCCCGACTCTACGGACTACCTCCTGGTCGCGTAGGTTTCGAAATACACTGGCCATCACGATCTGACAAAGTTTTCCGCGTGGTCGAATTCTGCTCGTTAGCTACTGGTCGAAAAACGGAAATATCAACGTGGACGGGGAGACGTACCTGCCCACTGACTGTGCGCGACGATTGCGGTAGTCGAGCGTTCTTTACTCTGATTCATATATTCTTAACTTAGTTGCGCTTCAGCTTGGTGTGGTAAGCCCCAATACGCGTAAGCTACCGGAGCGCCTGCGATAGCGCGTGGTGGAAAAAGGGTCAAGAGAGGAATAGAAGCTCTAAGTAGCGCGGCGCTTAGTTGTCCCATCCGATTCGGATTTCCCGATCTGACTGCAAGACATAGATTAGAAGGAGTGAAGACGGACGAACCCGCGAAGGATAGGTCTAGGTTTGGCTCCATCGGCGGTCGTACCTCAGCCGCTGCCGGATACGCTGTCAGGCCACAACGCAGCTTCGGTGGTAGTGGTACGCCCTACCCGTATCCATGAGCGGGACCGTGCTTGCTCGCAGGGCGGCAATCGCTTAGTCGGAGCTGGTGGCTCGGTGATGGATCTGTCCCATTCGTGTTGTTCTTGACGTGTCATCAGCACCTCTGCGCCTCCGGTGTCATCGGGCCCGGCAACGTAGGGGCGATTACACGAACTTAGATATATGACCACACGTGAGCAACTATCATATCTCCAAGATGTTCCAGCGAAGCCGCAGCTTATCTTCTACCAAGACCCGGGCCTCCAACTGAGACAGTAGGCGTCTGTTACCACGCGCGGCAGTTCTAGTTTTGCGCGAGGGGGCCAGCTCTCTCATAAAACGTTGGTGTCAAGATCTATACGTCGAAGTACTCGGCAGACTTCATGTATTCCCCTGTACTGTATAATGCTTCCACGACCCCACGAGCCAGAGCTCTGATGCCCACGCAGGTCGCCATTCTAGCGAGTACATATGAGGCCTGGTGCCCTAGTGAGGCTTTCCCTGATCGCTCATGCCCCTCGATTAAAAGGGTATTTGACATCTGTCCACTGTCTTCTTGCACGCCTTCCCATTACAGCGCGTGTCCCCTAATGACCCCTATCACCACTCAAATGGGCCCATGCACGACTGCCCGAACCAGAGCTTCACTATTCTAGCCACGGGCGA,1799,53.14,Caenorhabditis elegans
SEQ_457371,ACTTGTTATAATGTGAAGTGGTCCCGTTTTGCTGAGCCACTATGGAAGTGCGGATATAGGACCGGGTGGTATCCAATCCACTTCGATCGCGGCCATTGCGGCGGCACTCCAGTCGATACATGCCCCTCCTCGCGTACTTTTTAGTATCTAATCAATTTAATTCACGGATCGTTGTCACAGAGAATCTTTTCGCTATCAGACTCCCTACGGGAAAGGCAGTGAGGTGACGCTATAGCTCGCCGAACAATCCGATTTGCTGAGTCTTGCGGGGAAAAGTATATAATCCGTCATGAGGGCAACGCCACAGTCACGGCGGGCATATTCGAATTCACCGAGGAAGTATAGGTTAACAACTCTGGGAACCGTAAAGGCGCAGCCACCTAGCCCGTAGAATGTTACAGTTCAGGACACGTTTGCTAATTGCCGACGGTACGCTCTGCCCGATTTAGGCTAGAGGCAGTCTTCCGGGAGGACTAAAAAGAATCCTTTCTATATAGCATCAGACATGTCTGCTAGACTTGCGCCGGAGTTAAACTATTCTGCGGATTCATAAAAAGAGGAGGAGGCCCATAGGACTTAGATCATAAATTTAGACCTTGGCCGTTGGTTTAGGGCGGGGGGTGGTTAAGATCGCATGGAAGCTTCAGTAATTATGACGTATAGGAAGCCGCCCGCTACTCGGATACGCACTCCTACAAACGCGCCTGCACGTCTGTGCCCGGCAGGGAGCGGGAGCACTGTATACAACAGCGTCAATGCGTGATTGTTGTTCCTGAAGCAGCTGTCCCGTATACACCCCCCTGGATCCACTAGTCCGTAACCGCAGTTCATGTAACATACCTAATTCACTAGGCTCAGAAAAGGCTTTAAGGAACCTTCGTTATCCAACAAGTTAGAGAACTGCCAGATAAGTCCGAGACCTACAAGGTTAGCAGTGGCCGGCGTCTCCGCCTATGCGAATAACGTCTATTTTGCGTAGATAGAAGGAATTTGCTTCAACTCCCCTGATGTGTAAATTGCATAACATTCGTGCAATCTAGACGATCATCCATTAATATTACTTGAATGCACCGCCGACTATTAGATCGAAACTTATCAGTCTTAACCACCGCCAGGATGTGCCATAGCGTGATCGCCGATAAATTGCTGAGAAACTAAGAATTAGACTTCACGCATGCCTGTCCAAGCCAAGCAGGTATCGTAAAGGTTGGTAGATAAAACCATCAGGTAATATGCGTCACGCCGAGAGCAATTGAAAATGAGTTTATTCAGGACATTCACAAAAAGTG,1289,47.79,Caenorhabditis elegans
SEQ_584504,CATCTTCAACGAGGGGGCCCCTTACGGTTCAAATGCACTTGGGAATATTCTCTTACCTTTGTTGCTAAGGACAACGCAGACCTGAACGAGTCCTTTGATTCAAATATAACATTTATAGACCTTTGACGCCTTATGTGCGAGCCTATTAGGGCTTAACAGGGCAGTCGAAGAGATTTCGACGACTTTATTTGCCTTTTACCCTGTTGAGGACGCCGGTGTGTACCTCGTAATTGAGCGGATAATCATGATGTAGTGTCAGCAAGAGCAGACATAGGCTAATCCGGGACCGTCGAAATCTCAGTTTATTAACCTGGATGGCGGCCATCCAGTTTGACACACGGTGTACGCGAGAAGGCAGTTGACCGTGTCCGTGGAAATACTAAGCGGCCAAGGACCCCCTATGAGTGGACACGTGTTAGTGGGCGAAGCAGGAGGAGGGGCACCGTAACAATTGATACTGACACTTTACTACAATGTCCGAACCACGGAAATCCGTTTAATATCGAGGCAGAAATCTATAGTATTAGGGTATCTTTTAGCCTGATTCTACGCAACTAGTTAACTCTAACGTAGCTTTCAGCAAATAAGATCATTTACCAACGACAGTACGAACAAATTAACTGCACGTGTCAGAGTTACGGAGACGCTCTAACTCCCTATTATTTGTTCGACTGAGCAATATTCGTCGAATCAACGAGTCCAGGGTCATAATGTTGTTGTATGATAACCCACTTGTCGTGTTGGTTAGTGCGACAATAATGCAGCATTACACAGGATGTACTGCTCGAGACCCTGACACTTGACTCATCGTTCGGACCACCAACATCTCGCGCACGCCTGGTTTACCACCTACTGTGCTCATATAACGTTAGGGGCTGTAACTACACATCGCTGAGAAGTGCCCGTAATTACGTTATCCATCCTATGTGAGCGGATCTTGCAAAATACTTCCTTTACCTTGGCAAAAGCGGCTAGGCCCATCGCTGAAAAAGGACGGAGGCCCCTACTGGCAGGATACCCCGAGGAGGCGGTCACGTGGAAAAGAATTTGGTAGCTTACTTAATCGGGCACATTGCGTATTCTTGCGCCACGTGCAACCGCACCGCTTAGTAGCCAACTGACCGAGTATGCTCGAGGGGATCTACGGAACTCCCAGTGAATGGTAAGGAAACTACCACGTCAGACCCGATCTCCGCATGTCCCACGACACGCTCCACTACAACAAAAACACGAACACGAGACGACGATTCCCAAACGTCTCTACTCAACGTGAAGGCCGCCCACCGGCACGCCGATGGCACCAATTGACCTTGCAAGCGCCTGCGGCCGCACTTGACTTCCAGATGCGACGATGGTCGAGAACACTTTTCGTATCGCATGATTTCGTAGCCCCGTGCAGTGACCTGACGCCGAGTGGTCGGACCATGTCAGTGGTAGGGTCTCTCGGTCTACCAAAGTCGACCTAACCGGCTAACTGGTGGATTAATGAACTCGCAAGGTCACATCAAGTGGCAAAGTGCCATAGAAATCTCGTCCGAGTTG,1542,49.42,Mus musculus
SEQ_232250,GCCCCTGGTCACTACCGTATGTGCGAATGGACGACCGAGCTAGGTGCCTAGTGGGGCCGCATACTTTCTTGTTCGCTTTGCCGAAGTTAGATCTACCCCATTCGTCTACTCCAATCGTGTGCAAGTTTGTCATATGAAGTGTCAGGACCGCGATATGACACGTGGTCCCTAGCCCATGCTGCCGCAACGCGCGAAAATAACCATGAATCGAGACCTTGGCTTTGGCATTACATGTGCAGCGTCCTATGGCATAATGTAGATTTGTGGCGAGTATGAGACAGTGCCATATGTCTACTTGAGACAACCTAAAACGTTACGTCCGATAAACTCGTGCTGGGGGGTTGCCCTTACACGGAGGCAGACGTTCCGGGGGCAGTAGGCTAGACCGGGAACAACTAATCGGCTCATCGGTGTTGGGGAGGGTCATCAAGTCTCTGCAGCCTAACTTCCCATTAGGAGTAAACAGAGAGCTTCATTATGAGGCTAATCCGCGGCTCAAAGATGGCGCCAGGCTAACAGGCTTACCTTCTACGAGATAATCGCCCCTCATAAGCCTTCCAGTCCGCATTCGAGGGTAATAAGGCGTGAATTCTGCTCAGTTGAAGTACAAACACTTGCAGCTCTCCATCAGCCACGAAAAACAAGCCAACGAGGTTTGGGTGATGAAGCTAAGAATCTTATATTCGGCTGAAATCTATCAATTTTCGGTTTCATTCTGAGGGTGGTCGCGTACTTGCGGCAGAGTTAGTGCGCATATACTCTGTGATTAGAGCCGTGAATTAGTCCCTGGCATATCTCATCCCGAAGAACTGTTGTCAGTGCTAGAAGTTCGATCAGTAGACCATACCACCACCGTCAGTCCAACTTCATCCCGAGGTCCAAACATGGGAATAGTTTCCGGTCGTAGTGTAGCGGATTAGCAAGTGGCTCGTAGACCACGGTGTGTCGGTGAGTGCCCAGGTATATGCATCTCCGCGCCGACCTGAAGATATGTTGAAATCCGGATAGATGATCGGAGCGGTGGTCATTATGTTACTCAACGCCGAGTGAATACCGCTCGCAATGAGGATCAGGCCCTCTAAACAAAGATTGGATCACTAAACTTTCTTTTGACTTCTATCTCCCTGCCGCGCTGCCTAAGTACCGACGGGTTGGGATGATGCCAAGCCCCCAGACCGTGCGGTCCCGCGTTACCCAGGCAGGGGGCGATCATGTGGCGCTCGAAATCATCATAGTGCCGGCCAACCTAATAAGCAAACTTTCGAGATCAGCTTGGGAGCGACTGGTCGGTGTGACTATACCTGCCTAGCCGCTGCTATCAAGCGCACGCGGATCAAGCTATATAGGGGCTGGGGTAAAGCTACCCCGCTTCAGAACAGACTTACAGCGAAAGTGGACCTTCGGGAAATTGCCACACATGTTAACATCTTGCTTGCCAATCGTCCACATTATACCTGCATGGCGTCTCGGCGAATAGTCATCTGATCTTAGTATTTTCCACTCGCTAGGAGGCACTGCACCGGGATGGACTTTAACTGACAACCCGAACACCATGTCGAGCTATACTATGACGCAAGAGCAGTTGGACCCTCTTGCCCGAATTGTGCTCGTACCGAAAGAACGAAGTGTTAGCCGCGGCCACTCGGAGTTGGCCTCGCGAAAGCCAGCCCCACTTTTGCGTGGGGCATCTGCTTGTCCTCGAAGAAGCTTACGCGATCAACATTTCATTCAACGTATAAAAGTGGCGACCAAGGTATTACGCAAC,1765,51.27,Homo sapiens
SEQ_377278,GCTTTAGCTGATTTTCACCATTCAGGTATAGACACAAAAGCTCGGAAATATGACAGTCATATACTCAAGGGGAAGGGTATAGGTCAAATATTATGCGCGTGAAGATGTCTACGAATGCGCCTGTTTGACATGCCTACTGCACGGCATCATGGCTTGGGAATGACTACGCGCTGAAACGGTATCCAATACGTATGCTAGACGGCAAGAGTTACTGGTCGAATCGGGGTCGAATAACCTACTGAGTTGTTACGTCTATTCCGACAGGCCCATAATAAATGCCGAGTTGCTATCATTAGATGGTCTATTGTATCGCAAGAGTTAATCGGGGAACGTTCGTCCACTGACGGTAATTATCCTGGCGTTAAGGGCACAGTAACGCCTTGCCATCAGTGTGTCTGCACTATTCCGTGGTCCACCCAGCATTTTAGTGAAATGTTAAAGCTGCTGGTTCCAGCTGTCATGTACTTGTCTCGGTGAGTTATGAAGAGTGTGGACAGCTAATTGGGATATAGCAGCGGCAGCTCCGCGGGGACTTGGGTCGGTACATTAACCGTCTGCAGTCGGGCTATGCGGCCATCTCATTGATAGACGGGCTTCACAACCCGACGTTGACAGGGAAAGCCTTGCTAGTTTTGTCGACTCAGATTACACATTGCCAGGGTAACTACGGTTGACGCTGAATGCTGCGGTGCTAGGTACTAGAGCATGAGAGAGCTCAGAGTCGGTGAGGCGTAAATGTGGTTCCGGCTGATGTTCCGTGTGACGGCCACCGTCCAAATAGAATCATGGGGCGTTTAAATGGATCGAGCCGATATAAACACATGCGTTTCGTCGGAACCTACATTGAGTCGTGGGACCTTTGGCCTTGGATGCCAACCGTCGTTGAAAGCACGTTCTCTGCGAGGATGGTATTTCCATAGGCGCCTGGTGGTGGGGGTGCGAGGCTGGATCACTTCTCGCAGTCGACGTAATACAAAAGAGCGGCTGTCGGGGCAGCACTCACCTTGCAGCCTGAGTAAGTATATAGTAAAAGGCGATAGGATAATCCTAATAGTGGAGTACGAATAGATGGAACCTGAACATTATTTGGCGCTAATAGAGCAAGAACGTTACACCGGGGCAGACTATCCTAAC,1134,49.29,Mus musculus
SEQ_333070,GTGACTAAAGCGCAATATACTAAAGATCGTGATGTCGACAACCACCCCAACACATGCGGGAAATGGACGCGCTCGGAATGAGTTAGTCCTAAGATTAATAGCAAAGTCTGGTCTTTGCCAATACGTTCCCATGCCTCTGTCAGGCTGGTCGCCCATAGCCGGCGGTTACTCTCGACATGATTTAAATTGGGAGCGGGTGCAATCCATCTAACCCGATTCTGTGTGAGGTTTACTGGAGCTTGTGGATTGCGAACCAATCCTAATAGGGCTTGTATTCTCAGCGCGTGCCGCCCCCTACTTTTATTACAGCAGATCCGGACCACCGGTGTTATCTGGTTCAGCCCACTAATAGATTGTTCTAGTCCCCCGATTCCGCTAACGCACGTAGGATCGCACTATGGCTGTTTTAAGCGCGCACGACTGTCGCCTCCTTCTTCGCAATGGTTCACAGCTCCAATTCCCCGGCCAGAGTCAACGGCGGCACGAAGTACGTATTACGTGTACTCACTCTTGACGTGATTGCGCCTCAGCTCTCTCCGACGCTGCCGATACGGACTCGAGCCATGGTTCTTCTGACGGCAAGAGATTACCATCATTAAAGGACAGGAGTTTTTAGATACTAATAGCAGCTTATCGATCAGTATAAATAAATAGAGCCTCATACTATGAGATGAGAGTCTAAATAACAAATTCGCTTGTGCAAATTAAGTAGCGCGGGCCTTTAGCCACCGCGTCCGTAGCGCTCTGCGTTTGTGAGTACACCAGACGACCCGGCAATCACAACTTGGATGCTAGGCGAGCAGTGCGAAAGACACGCGAGCGGTTTAGTGGGTTTTTATCAGTCTCTTGATGGGTAAGAGGTATTATTTTGTAGGTAGTCTAGTCGGACTGCCGTATGGCATCACTTACAATCCAACCGTTGGCGGGTAGGTCGTGCCAACGGAGAACCTACTGCTGGCCGACTTAGGCTAACGCGCCCTCATATTTCTAAAGGAGGGCCTTCTCGATTAATACGAGACAAACTCGGCTTCTGTGACCCTTCCAAAACGCTTGAGTCCGGGATGT,1065,49.95,Caenorhabditis elegans
SEQ_929857,GTGTTCTACGCTATGGCTCGACTGTTCACTATCATTTCCCGCCGATCAAGCACGATGTCAATTAATGAAGTGCGTTGGGAGGCGGATTGTTGCCGTAAAAGCCAGTGGTGCAAAAATGCGTGCATAGGTAGCGACGTTTAGTAGTGAAAAGGGCAGATCAAGTGGACGAGCTTAACCTACTCTATTGGCGTGCTGTGCCTGAGACCGCGCAAAGAAGATACCGATGAACGCCGTTTCGTCACCAGGGAGATCGCGTGCCGACCCAGGGAGTTGCTATGGAAACAGGGAAACTCTCTGGCATCGTTAGTCGACTGGTCGAAAATGGCGCTCCCAGCTTCCTCAGTAAAATATAGGTGCGACACTCACACGAGCGGTCTCACCAGATTCGTCCAGTAAGAGTGTCCTTATCGTTTTGGTCCTCCTTCGATGAGTATTGTTCAAAGGTACGTTATGCGAGGTTTACGTCTACATTGTGAATACATTGTCTTGGTGCCCTGCTAAACCCTGACCACCCTCAGGTTGCTCTATCGGTCGTCTGTCCGGACAGAAGGGCCAGACACCCCCTCCGTTTGGACGGTCTTTAACTGTTCTAATTTTAGATGGGGTAAGACGATGGCGGGCTTTTGCTCGTGATACATCTAAGAGATCAAACAGTCCAACTTGCGCAATAGGTTGCAGCCCGCGATTTGAACAATTGCTGCGTTTGAGCAATCACCGCTGCGTCGGCGTTGAGCAGCCGCAACCCCTTTCCCATAAACCCGCCTGCGTGACAAGTGTTAGAACTAGGCACAACTCAATGGACGGCGGATATATTGTCCCTCCTTGGGTCGACTAATGCTGCTTGTTAGCGCACCTCGCGGCGCGCTCGGCTCATCAGAGTGAGCTTGGATACGTTAAAAATACAGCGTCAGTGAGGGCGCGGTTGCCAAGGACCTCAAAGATAACCGTGACAATTTCGAGATGATGAGAGTAGGTGCTCCGACCAATGCCTCCTAGTATCCGGGTTGCTGCCGTTCATATCGTAGTGGGCCACTCCTATATAAAGTTACGAACTACTATGTACACAGTGGCCGCCTGGAGTATGCTGCGCATCTCTGTCATCAGGGTTCCGCCGTCCTATTAACTTAGTCAGCCGGGTTTGACCGCCGATATACCTGTCTTGCAACCAAAGTCCACCATCTTTAGATGTTCAATCCTACAGCGTACCGTCAACTGGCCCTCAGGCACTCCTCAGATATGATTTTCGTCTCACTCGGAAACGTCCCTACCACGTCCCAAATCGTTGGACTGTGCGACGTACAGTGCCAGCGCCCTACTACGGTCGTTCACTCGATCAAGGGGAGACCTCCTGGCTATTAGCCAGGCTAATTCTACAGCAGTGTGCGAGCAAGCACTTGAGGACCCTTAGGTAGTACCAGACGGCCACTATGACGGCTTACAATGCTCCGGAGAACGCTGTAACACGCAAACTCGAGCAATTAAACGTGACGCCTGCATTCAGCATGCGGTCAGACCTCACGCTGTAGACATCCGTGGGTGCTTTAACTCATAGCAGGAGTG,1560,51.73,Escherichia coli
SEQ_965690,GGACCGTATATCAAGCTACAAATTTCTGGTTGGCGGTCTAGCTCTCCGTGGTTCTGTGTTCCCGTGGACGTCAACACCGCGAGTGAAAGTCGTCAGGCGAACTAAGGGGTATATTAACTAGTAAGCTTCAGGCAAATGACATTCACCTCTAGGATCCCCAGAGATTCTACGGTGATTGAGCAGATTGGACCGTAGCCGGCACCAAACCGTCTGCGGCTGACCCCGCTGACCTCCAGGAGGTCATAGGGACATAAACCGTTCCACGCACGCATAATGCTCCATACGGCCCGTCGAGATTTGTTTTTCCGCCATTGATAGAAGAAAGCCCCTTTGGCATGAGCACTTGTGGCTCCCATCCGGAGACGACAGAGGTGTAATGAAGTCTGTAAGCCAGGCGGAACATTACGTAGTAAAGGGACACCCCTAGCGTTGGTCACCATCCTGAAGCCCGGGAGCCGGTAGACATAGAATTTGAAATGACGTCCGAGGGCTAAGAGTTTAGCGCGGCAGGTCCTCCCAACCAAGTCCATCAGAAAGCTGTATAGATTACAGCAGAGAAAGTTATTATCACTTATCATTAACGACGAGATACCACGACAGAGGTTTGTTAACCCGATTCTATTGGCGGCACGGTGAGGGTAATTTTAGTCACGGGCTCACTAGGCATGACTTCACCTTATTTGCGCCAGTGGGACTCCCTCTTTTCAATTCCGGCGCAGTTAAGCTCGCACCACGATTGGGGGATGCTGGTTTACACCCCCGCAATGTTTCCATCAAGTCCTCACCACAAGAGGTGCGACTCGTTAATGAACAGGCGGGGACTACAGGGCAAGCCCCCCCGATAGATCGTCCTCCCCTCTAGCACCGGAAGCTCATCATTCTTTGGTGTGTTATGGCCTTTGGGACGTTCGAAACCGTCGAGAACTCTTGACAGACGCTTCTATCTTCGCAACGATATCACCGCGCGCTTCCACAGCCCTATTGCCCAGTTAAGAGAACGATAAGGGCGCCTTCTCCATGTGCCGGTCAGACGGGCACCTTGCGATCATATTCGCTGGTCGATTCCGTTGATGAACTAATCTGCTTGGTTAACGTGGCATTCAGTCGACGCATGGAAGCGTCCCATTTTTTGCCTGCGATATGACCGGTTAGTGGTGACCGCCCCACCACAGCTTTGAACGTTGTTGTGGCCAAGCTAGTTAACATTATCATTTCGCTAAATGAGCGACGAGCCGTAACATGGTAGATATTATCGTCACTTTATTTTATCATCCTCCCCATTTTCAATAGTAGTCACGTCCGAAAACACGGCTCGCAACCCGCGTACTAGTATCTACCAGTACTTACGTTTATATGCTTAACTCTAATCCATGGTCATGAAGGGGTATCATGCGCCCATCCAGTTCGCGGCTGAGGCCTCCTTAGGGACGGTTTATTACCGGACGAGATCCCAGCGGAATGGAACAGATATGATCTGGATTGCACGGAGTAAATTGGAGCCAGGC,1505,50.9,Drosophila melanogaster
SEQ_584775,CCCAATAGGATGATGGAATCCGAATGAGGCGCTGGTGGTCGTGAAGTAGAACCCGCCTATTAGGTTCTATTTAAGAACATGGAAGGGAGTTGCCGGTGAAAAGCAGCTAACAGTGGTACGAGCTGGGAGTTTCGGTCCAACTCAACACATAGCAGCATGTGGCCTCGATAGTTCCTTGGCCGGGAACTGACAGCGTTCCCCGGCCTAGGGATGAGCTAGTAGTGTCGACCTGGAGGGCAATGTGGAACTTCTGCACCTGGGTCCACATAACTATTGTTAATGTATCACTACAGTGAGCTGGGGACTAGCTGCCACCTAAGCAACGGTACTAGAGCGTGCGAGGTTTGTCTGGCAACAAACACAAAGACCCTGTATTCAGAAGAGTCTTGGTCCAGGCCGATCTCTGGACACTTCTGCGTGCTACTCGCGAGCAGCAACTGTTTGATTTTACTTGAGATATAACCCAGGCGACCGATCGGGATCGATCACGGAGAAGCTCCTGAATCGCTAACGGCTGCCACTCACCAATTGCTGCAACCATGCATTTTTTTCGGTGGCAAGTGTCTGGCTGGTCTAGGCACGGCGGCAACGTGTGTTGGCCGTGTTAATTGACTTTTCAACAGCAAGGAGAAACTGCAATGGATCTCCAAGCGCGATGGGAAAGCCGTGTACAAAGGTGATTCTAGCTGCTGGCCTTCTGAAGCCCAAAGGAAGCAGTTTAGTACAGCCGCCGTCCAAGCAATTGCATTCCACGCACCCGGTTTGGAAACTTTGCGTCCGCAGATGAATATTGTACGCTCTGGTTCACGTGAAGATCACACCTGGAGCAAGAAAGTCTGAAATCAACTTGCCGTTATCATCGGACCTATGAGTTCTGTACCCTCCGGTTGTACAGCTTGCCATCCTTGGGGTCTATCTTGTACTGTTCCCGCCCTTGGACAGCTGCATTCATTCGGCAGTCAAGGTCTGTCGTTACCAGCGTACCATTCATCTGAAGATAGAAGGGGCGCTTGTCGGGGACCTACAACCTAATGGGGTAGGGTATCCAAATCCGGATTTAAATACGTAAGTTATCAGTGGAGCCCTCCGTGCATCGCCATCTAGCTGAGAAATGCCAAGAGTGGGAAAACCGGCTCTGAGCACTTGTGGTCGTGTTTTGCGTAGTGTGCATTGAGCCTGAAAGGAAGGTATCGATCGGCAATGCAGTGCAAGAGGCGAACTAGCCGCCTCAAACCGTTACCTGCTAGGTTTATACTAAAATTATACAAATGAGGTTGAGCCAGTTCGTTTGTTTCTCCGCGTGTTATACACTGCGCGCTGTAATATGGTATGTGGATGTGCGTTCTTAGACGGATCTGTCAACAATTCCGGACCACGAGGGATTCGTACATCCGCCAAAAATGTTTTCATTATACAGGTGCTAGTTAGACCATAACAATGAGGTTTGGCCTCCTGTGTAATAATGGATCGAACCCACCTGCATTGTGGCGGAAAATGACCCGGGGAGGATTAGGGATTGTGCGGGGTTCCTAGTCCTTCTTATAGACTGCGGCTCTCCAAGTCTCGCTGGGCCCGATTTCAGAGACGAGAATGAAAAATCTAAAACGCCTCGAGACTGCCATTCTTACTTCACGGAAAACGTCCTGACCGTTATTCCAGTCTCGGATTTTTCTTTCGGGCCTCTGTGGAATGCGGAAATTCCAACCCTATGCACCAGGATGGTATGCCGTACATACGCCGACGTGAACCCACAGAGCATCTGTCTAAGCCGAATCATTTAAAAATGCGGAGTAGGGGGGACGGGTCAACTCTCGTGGTGGCCTGTAGACCCGTGGACGGAGGTGAGCTGAGGTGAACAATCTTTTCTATCAGATGCCCTGGAATAGGAGTTTGGTCTTAAGTGCTGAG,1908,50.26,Homo sapiens
SEQ_421029,GGATCCCAACAGCATTAACGGGAGAGCAGAGTGCTGAAAGCGCCGTAAGCCATAGGCAATGGCAGGTGGGATTGTGCCGAGCTCACACCCGGGCCAGTTCGCGCGTAGACGCAGCATTCATCCCTCCACCGACCGTTCTGTATTGCTGAAAAAGGCACATACTGCTATTGCTTGAAGACGTTTACATAGCATTCTTATCACAAGGTAGAGAACATATTATATCCCATAAGTATCGTAGATCGGTCGAAATTTCCCATATTCGCCGAGCACCCAAGATCAGCTCATAAACAGGTAGCAAAAAGAATACGGCTAACCTACTTTCAGATCACCGTGAATATAGATCAGCCTCGCTCGACGGGTAACCTGGTAGTTAGAGGGCCTACACGACACCGACAATTTGGCCTTCAACGTGATTAGACCACTGTAACTTATCGTATGATCGTTATCAGGGGTTTCCTCCTCCACGCCATCCTTTCCCAACCCCTCACGCGGAGGCCACCATTGGTAAGGAAGCCCGTCACGACGTGATATGGGGAGCGTCAAGTAACTGTGCTCCTCGGCCCTTCACAAACGGGGTTCAGCGTGTTTATACCCATCCGAAGTAGCAGCATCTTTACACTGACTACCACAGCACCTGTACGTAGGTGAGGATCAATCGGTACACTATTTAATCAATAACTTGGCACAACTTATGACCCTGGCTAAAGCCGGCTCAGGTGTCTGACCACCGGGATGCTAGTAAAGCTCCCCACATTGTTATAGGTAGATGAGCCCTCAGGGAGGGCGGGCTGCGTTTGAAGGGGCTCCGGCCTCTGCTGTCTTGATTCAAGTTATCGTGCATATACTGACACTTACGGGACCGGGCATGGTTTCATGGTCTATAGCAAGGGCGGACCCTTATGTCTCCCTGAACGGTCCGCCGGGAGGGCCAGTGGCAACCCTCGCGCGTTTCTGGTCACCTAACTTCTGTCAGGAATCCACACAATGGCGAGCTCCTATCCGGTGTGAAGTGACAGCTACATACAGTTCGTTTGAGGTCAATGACTTCTCCACCGGGCCTTGGCATCCAGAATTCAGGTGTAGTCAAAACTTACGCACGTAAATATGGCCGTCCGGCCGCAACGTACGCATCTTTTTAACCAATTTAGTCTCAGGTTTGATTACAATGGATCCATAGCCACCATACACACGGTACGACGGCCACGCGATTACGTCCTGATCAATCATGGGGGGGACATGGGCGAAGAACTAAACTTATCGGTACGTGCCGCATGGACAAGTGTCTGACAGGAGATCTCGGTCACAGATCTTTTTCCCGACGGGTAAGGACTTGCTCCCCGCGAGGTTAAGTTGTAGACTGGCAGATTTCCTTATGCTTAGAAGATTCAAAAGAGCATTGATTTCTAAGGCTAGCAAATCAGCGATCCTTTGCGCAATATTTCTCGTCTTCAAGAGCCTTTGAGTTATAAGGGTAGTCGCTCGAGCGCGTCGAGTGTTTGTAACTATTAGCAACGGTATTAGCGGACTACTCATGGGTTTGGTTACGAGATATAGACTGGGTGACTTTGAATCTCGTAGCCTCCCTTGGCTTTTTGGCAATTACCCCGTTAGAGAATGCACCACTTGTTTAGTGGGAGAGCTTTTTCATTTCGCCAACTTTTGTCACAAATATAGGGGCCAAGAGCGACCAACCAAACTAACCACTCTTCTACCGCCACCGACGCCGGTCTAGTCTAACTCTCCACGAAAACATAAGACCGTTCCCGGGACACGTGTGTATAACAAGCTAGATGGGGTTATTTTCGAAGTGCCTGTTACCGATGGGCCGATGGGGCAAAACTTGAAATGTTCTACTTGCGATAAGATCCCCTCGGTATCGGGCG,1883,49.92,Mus musculus
SEQ_750704,ACGTACACTAGCGCTGACCAATGCTCATATAAGAAGAACTTGAGTTCGGGTTAAATTTTACTAGAGCGAAGTTGCGATATGCGGGGCCCTAAGTGCCGAGAAAGCTCGGTCACCTAGGAACGTTTCATATTCTCGTGGCCTCCTGGTTTACGGGTTTCGGGACTCTCTTCTTGCTTACGGCTTTGAGTGGATTAAAGCATGATGTGGACAAGGTCTACCAGACAATTCAGTCACCATTAAGGTACGATGATGGAGCACTAGCGTCACGAAGATAGGCGTAGTTACAATCGGCCGACCCGCATCCACTAGAGGGCGGAATGGAACTAGGTATTCCTATCGGATTCAGTATAATCCATAGTGCACTTCTTAATATAAAATATCAGAAAGTGGTCGTCCGTGCTGTACCTCCCTTCATACCGGCTTAAATCTGGTCTAACGGGCGCTTTACTTTTTAATTAGAGCATAGAAATCACGTGTAATGAGAGAGCGCGAGTTTCGCCCTTTACGGCAGAGGATCACGTTCCACACAGATTCAAGCACTAGCCCCGCTCGCTACAAGTTACCAACTGACGACCGATTACGATACATCCAGTGCGTGCTCTGGAGGCGGCGGCCCAGTTCGGCAAGCCCCTTTCTGGCAATCTATACGCAGGAGCGAAATGCGGGCCATCCACCCCTGCAGATCCTTTGAATCCGCCTTTGCCGAGTCATCTAGCCAGATAGTGGCAACTGCCGCAATTTAACCCGGTTCACCGAAAAAAGAGGGCACGGCGTTACGGTCGTGGTCCTATCTGTATCTGTTTGTCATAGTAATCGACGTGCTTAGACCTCACGATCCGGGAGCCGGTGTGGTCACAGAGACGCCATTAGAATATCGATAACGCGCGAGACTTCTAGCACTACAGATTGCGCAACGTGACATGAGATTAGTCTATAACGGAAAGACTACGTAACCACTAGTCAATAGACTATTTTCACCCCCTAGAAAAAGGTGCGTTTTATGTCGACCTTCATTACTTTGCGTATATTCTGATTATATTCGTGTATCATAATTTACCGAGCAACCTGTCGGACTCATTTGCGTGAACACGCAGTGCGTCTAGCTAGGTATCGTCCCGAAAATTCAAGGAGTTACGTAGATAAGTTTTCGTTACTTTGGTGCAATAATCAGGTCGCGTGTGCGGGGCTACTATACAATCGCCTGTATCCTCAAATGGTATAATTATTCTATACATTAGACTACCAATTGTTTGAAGTGTTTGTTTACGCCGGGTTAAATGCCGGGCTAATTCTTCACTGAGTATCAAACCGCCCAAGTATAGTGTCACGAAACTATGAGCCACGTCGATAGGGGTTGACGAATTCCATAATTCACTAAAAGGGTCCTAGGTTGGGGTCGTTGGATGTTTCTAACGCATACAGCAGCGTCTTCTACTGCCCCGCGGTGCTTGTCAAGCGCGGACATAGCCGCTAGATCTTAAGACTCTAAATGGTCACGGCCAATACTGGTGAGACCATCGAGCAGGATGTGTCGTAGATCTGGCCCA,1547,47.64,Saccharomyces cerevisiae
SEQ_164075,GTGCGCTAGTTGGAGCCGGATCTTCCGGGGTACGCGGAGTGTTGTATCTGTCTTTAGACTCTGTTCCGCTCTGGCCGAGGCACCTTATACACAACCCTTCGGCGCGAGTCCCTATGCGCTCAGCCGGCGATGCGTACTCGGAGGCACCACCAGGGGACTTTCCAGGCGCCGGGTTCTCCTAGCACCCGTTATAGATTAGGAGGACGACGGGAACCCGGCTAGGAGGTCGTAATCGGAAACCATACGGGGGTTGTCCCTTCATCGTGGAGGACTTTAGTGAGGGGGTAACTTGGACTTGGTTAGACCGAGTGACCGTATGTACTGCCAATTAGCTCCCTGGTTGAACTCCCCCGCCACGCAGGTCTAATGTGCTTAGGACTCCGGGTTTGGGAGAGGATTAGGGATGCAAGCGCCTCAACCCGCGAGAAGGATACCCTACCCGGCCAAAGCGACTGATTCCGGATAGGGACGCATTGGCCAGCGCGAACTTCAGGTAGTCAGGATATTGCTCCATGTGCTACTTGCGATTCGAAGCCACTAAGTCCATCTCGAGGCAGGAACGGTTATGAAACTCAGTGTGATCTCACCCGACTGCTCTTAGGGTCAACGTTACCAGTGTCACACGTTTGCGCCCCCTGCATACCGCAGCTTTTGGTAGGAGGGACGCCGATCCTAACGCCTATTTATTTTGCATCGCATCTGCCTTTCTCATGCGCTCGGCTTATGGCCTAACGATATACTGAGATTTAGGGCGTCCGGATACGAGTCAGGCGGTGACCAAGGTTAACCACCAACGTGCGCGGTCAGGTATCCCAGAGCTCGAGGAAACTGTTCTCCTCGGAGGGCTGACCATCCAACTATCTGACTCTGTTCTGCCTAAGCAATCTACTTTTGTAATTTTGACAAACTGCAGCTATCACTGAAAACGTACGGCATAGGTGTCCTTTTAATTCCTGCAATGATTGGCAAGTCCTTCTAAGAGTTATCATACTACCCATATTAGACCTTAAAAGTTCTGACTTCAGGTTTACTGTGTGATAATGCGGGAAAATTAGGATACGGTCATCTCCGACGCCGTCTTCTTCGTATCAGTATGACCGTCTTCCCTCCCACTTGCGATACGTCGGTTAAATGGTGGGCCGTAATAACGCAGTCGCAACAAGGTATGTGCAATGACTTAGTGCCTCTGTACAGCTTAAGATCACACGTGCGATATCACCCCGGATCGCCCCCGCCACCGGTCTACTACTTCTTTCAAAATAGAGAACAACTACGGAATTGCTCGACACACACGTTGCACAACCCACCCCTATCCCTTGTCTCTGCATCGAGAACCACAGTCTGACAGCGGGTAATCATTCGACTAAGCGTCTACACTGCATAGGACTAGCCGAGGGGGCCTCAGGTTCTAACCATCTCCACATCCGTGTCGCGCGGTCCACCCGCTTTGTGGACTCACCCTGAAGTACAGACGATAAAAGCGAGACGTGTAGGTACTATAAGGCCGCTAGTCTTAATACCAAGACTATCACCCCCGTAAACCTAAATGATGGTACCGTGAGCTTCCTAAGCAGGCCAGTTACCTCCGCGCTACCGTGTCTTCAGAATGCTCACGAAGGTTATTGGAAAACGAGCCTATCGGCCTTAGGGTCTCGGAGCGGATTCCTGTTCAGCAACACCATATGGTCCATCATAAACTGATTTTCATCTTGGGGAACCCGGTGTCGTCTTATTATAGGGCGTGTGCAGGCCAATGAAATCCCATCACGCCCGGAAGCAATTGCAGTGGCTGGCCCTGCGATGCGAATCTATAACCGGTGTATTCACGACTTAGGATCCAGCTCTAATGGCCGTCAAGTAGTGATTGCGGGGGGACTGTTAC,1882,52.23,Escherichia coli
SEQ_148278,GTCTTCTATGGCTGGTCCCGACGAGGATAGGTGCCAGAATCCGCAGGTTACAGCCAAACTCGACGGCTTAAAAACGCCGCAGGAGTGGCCCCCGCAATGACACTGATGTATACGTCCTCAACACCGCCCAAAATCAACCGAAGACAAACGCCACAATCGGTCTGTCAGGAATATGGGTTACGTTATAACGCAGAGTTATTGGATGCGCTGCTATTCCGAGGGTAGCGGCATCGCTGGTATTTGCACCGTACCGTGCTGCTTAGGTCAATAAATCGTCTGCGCGGAACAATTCATGAAGGATCATTGCGGGCCACAACCATGACGAGGACAACTTGTTCTTTCAACGTGACGCAACCCATGTCGGACAGGTACGTCGGACGGTAGCTGTGCGGCGACAGGCTTACTTGGCAAGTGGGCCTAAAAATTCTCCGACGTTTGGAGAACAAGATGCACTCATGTGGGTTACAAGCCTTACAGCAACTTGGATGTTTCCCATCTCCCAATAGTACCCAAGGCGGCCCTTATGGCCCGCTCTTAGCCGGATTATTTAGCCGCCGGATCTCCCGAGAGTTTCCCTCACGCGGTCAACTCCGTACAGATGGGCCACAAGCGCCGGAAACTATCGGACCAGCTAACGTCGTCCCTTCATCCCCCTTGAATTAAGAAGATGCCGCTCTACGCTCTCGCAGATCCGTGCAAATATATTCGTTTCCCAATGTGACTGAACACCCTCCGAAGCATACAAATGTGCGCGTCGGCATGCGTTGCATCGGATGTTACCGCGCATAGTAAAAGATGTCGGGTAAGAATTTGTATGATTCGATAATCCGGCTTACGCCTCGATTCCAAAGAAGTTCTGTAACTATTCCGTCTAACGAGGAGTTGTGGCGCTCATACGAAGACCGTAAAATTCTAACTTCAGGATACGTATTGCCAGCAACATGTTCCCCGCACGTGGAGATACCTCCGATGTGCCAGGCATTCACTATATCCGAGGATGAGCACATGCTTGCTTTACCTTTGGGTCGCGGGTCTATGGAGGAAATATTACCCCAACGCCGTAGGATTCCAGACCCTAGAGCCGTGCATTCCATAGTCGCATTGCGATGTGCGCACTCACTTGAAGTTCAGCCTTTACGCCTTACTATTCGTCACATTAGTCGCAGCTACATGGCAGTTTCACTCGAGTATGACTCACACTGATATCCGCAAGCTGGACCTGTCAGTGTTGTCTGATCGCGAGGGGAACTCTTCTTAATGTCCATGTATCTTAGCTCTCTCGTGTTTGGAGTATCTGGAGGCTTGGGACCATACTGTTTGACCCCAGACATGTTCATACAAAAGTGCTCGGGTATTCATGCCCGCGATGTCTAACCTTATAATCAAGAGGTTCGGATCATACTTGTTAAGCCATTAATTCGCGGTAAGGGTACCTCGCCGGCATGGCAAACCAAGGACAGCAGTATCTAACTGCATGTCAACATCTCCAAGGAGAGTCCACTGGTTCAGCTGACGTTTGGTACGTTTAGCACACCAACCATTGCGACATATGATAAGTAACCATGTTTTAGGTACGTTGGCGATGGGGAACCACAGCGTTAGAAGCGCGACGTAGCGTAATCCTTCAACCTCTCACATACTGACATAGGAAAGATAGTTCTTTCCTGTGCTAGGGCTTGAGAGAGGCAACCATCTGGGGGTGCAACACCTGGAAACCGCCCAACAAAATCTACGAGCCAAAGTAAAGGGACGAAAGCCTGAGCCTTCCTGCTTACACGCCTCGCA,1785,50.36,Drosophila melanogaster
SEQ_725903,TCCGGTGTGCCATCTTACGCGCGGCTAAGTGATGAGCTCTAGCCCGCAGCCCCAATATTTCACATAGGCAGAAGTAACTGAGTCTTAGGCGATACCAGTGCGTTTCCCTCTAAGCCGCCCAGTGGTACGCCGTAAGCCATTTTTATTCCGCGAAGTGCGGCGCCTAACCGCGCCCAGACCAGGATCGTTATGTTTCAGGTATGCGCTGGGGGTACGGTTAGACAGGACTTTAGATGCAGAATGGTCTTGGACTATAGTAATGTAGGGCCACATAATTTCCCCCAGCTTTATCCCGTCGCGAAACACTGCGAAGATCAGCGTAGCCGCTTTCCGCCTGGAACGATGTTCCTTCCGACGCAAGGGTTTCCTGCCTCACTTTAATAAAACCTTGGTGCTTGGGTTGATTTAGCCGCGTTGCGTTGCGGATTAGTCCCGCGTTGCTCCTCATCTACCATGCGCCTGATGGGTTGCGAGCCTGGAACCACTCAATGAAAATCCATAAAAACCGAACCGTAAGCCGTTACGCCCCTCGTCAAAGTCACCCCTAAGACTCGGGCGCGAACCATTGTGAGCTTGGAGAGGTTGAACACCGGTGGCACATGCCCGCTACACATAAACCAACTTCACGTGCTTTACTAAGTACGTAATGTACCATACAGCTGGGGCATAACCCTCCAGAAGACGTGCCATGGCCGCAAAAACTTGTCCACATGTTGGACTAAGACGCAAACTTGGTCTCAACAAGAGGGGGTGCGAGTCGTGGGTTGGCTCTAAACGAGGTCTTAATGCGAATAAAGGGCATACGCATGACTTTCCCTACGATTGTCGGATAGGCCAATCTCTGTTCAAGCGCGTCATGGGTTTTCGTAAATTTACTGCGTCGTTCTCATGTTACTCCCTTTGGGGCTTACTTCATTACTTAAAACATGCACCGCGAATAGGATGCCGCTAACTAAACTCCTAACTGGC,969,51.29,Saccharomyces cerevisiae
SEQ_846143,GGAAAGCTCGGACGTGAAACACAAGCTGACGTTAGCGGCAGATACCCCGGACCACTTTTGGACGGAATCCAGTTCGGGCTTAGACACGTATGCTCGAGGCTAGTTTAGCCTTCGCGACTCCATTCCCAATAACTTCCGACGAAGGACCCCCCAGAGCGTAGCACAAATCATTAATCAGATGTGTCGATCTTTTATAACTCCCGATCTTGCTCAGGTATGCAGGCCAAGCACACCTAGTATCCGTGGATGGGAATCTTTATCCAGGTCACCACTCATAACACTTGGACCATTTTGCCGTGTGGACCTACTATTGTATACCCCAGTCCTTACGATCGACTTAGCTAGGCCTTCAATTGGCTGATTGTATCTTCACAACTCCTCCAAGTAATCTATTCATGAGCAGCAAGAGGATTCCTTTCCTGATAGCATAACACCCGGGAGAATCGCACAACTGCAGGTCACGGAGAAGTCGCCGAACAAGCCCACCCAAAAATGGCGCTTACTCGTGTCGAAGTTGCCGTAACAAAGTTCAATGTCGCCTTCGACGATAAGTAGACAAAGACTGCCTCGTGGCATCTTGATGAGCGGTCCAGGTCACGATATGAGGTCCGATCATCAGGGCAACTAGACCATGGTAGTTTATATGAAGAAGAGTCCGGCCCTCCGCGGGGCCCGAACAATATATGGTGCTTTCGGGTCCCCTCTTGAATGTGACAGCACGGAAGCGAAATGATGATCAACGACTTGTGTCCCAGGGTGACACTTACTCACTGAGCCCGTTGCTTAAGGTCCCGGCCTCGTGAAAGGTTATGACTGTTACATCCACTGTAGCGCGTCTAGAACTCGTTCGGGCATGGACGGCTGGCTCCTTTAGAACCACATAGTGCTGTAGGACTGACCCACCAAACGTAGCGGCTACGTGACCCACCACTGGGGAGGCCGGCGGGGGTCACGCCAATAGGGCGGTGAGAATCTTTATGTGAAGTAAGTGAAATTCAGCCGGAGCAAGTAAACGGATCGACCATCCAACGTCACAACCCCATATTTTTGGCTGACTACTCTGGAATGTTCCCTCCCGACGCCCTAACATACCGGTTGGGCGGTACGACGACCACTACTGTGAGGTCGACCACGTCTGCGCCACTGCGCAACTATCCTTGCTGACTGTCAACCAGACGCAAGGAGGCACGTGGTAGGCATCTGTCTTACGGGTCGGTTTGTGTGATATGTAGTCGCTCTTTCGGTCACTTCGCAACTTAATTCCCACAGGCGCGCGCCGAGAAATATCCTACTTTAAGTTGGCCGTCCATAGCCCAAAGGCGTCATAGGGAAAGGACTAACCGTTATACAACACCTATACATGGGACCTGGGGTCTTATCATGCAGCTTGCAACCACACCAGGACTTCTTACACATGATTAGAATTCTGTCTAGATCCCCCAGCAGACTGCTCGCAGAATTGGCTTTCTGGGTGATACCAACATACGAATGCTCTGAATGCGTTTATACTTCTATAAACCCACCTGACATCTTGATCCGGCATGTCCACCGTAAAATGATATTTCCCACGATGGTAACTGCTAGTCGTTGTGTGTTGTCGATATCGAAAAGCCTCCATGGGTAGATACCGCGCGCCCCTGCCACAGCTGGCGTCGAAGTGTACTGTTTCTAAACAAGGTATCGTACGCGTGGGACCCGCTTAGCCTTCTCTAGCCACAGGTG,1722,51.22,Escherichia coli
SEQ_550795,AAGCAAAGCGACTTTACGCTTATGAAACCCCGGGTCAGTGGTCTAGCCACGTTAATGAACATGAGATACACAGACTGCGGCGGTAGGGCGCGAGCCACTGCAACATCATGAGTAAGATGTCCCCCATAATGGTCTGGCGGAAGCGAATGTAGGATCGTAGTTCCGTCGTTCTCGAGTATACCCTTTTAATCGTAAACCAGGAAAGAGTTGATAGTTGTAGAGTGCGACAGGGGCGAGGTTTTATATATCGCAGTACCTCACGCTAATTCTGCCGCCTGCATCCGTTGAATCCCCAACGCAAGTCAGTCCGTTGCTAATATCTGTCCTTCACTCCACTCCCTGCGTACCACGGACACTTCTGGGCAATAAACCGTAGTCGAGAAGATCATCCTCCTCATCCTGCCCCAGCGCAGCTGAGCCTACAACGGCCTATACCCCCAGTAACGGTGCGAGACGGTCGTCGAAAGGGAAGCTATGTGGTCGGTAATCAGAGTAAACTGGAGGAACCTAATCTCTATGCAGAAGTAGGACCGATAGTCACGTGTGTCTTGATGACTCCCAACAACGATAAATGAGGTGAAGCTCTGGCATGCTCAAGGATAGCTACTTGTATCGACATACACATATAGCTGGTTACATGCAGTCAAGATTCTCGAAGTCTCCTGTCAATGATATCTCTTGGGGCCGGTAAATTACTCCACCGCCCTCTGACCGGCGTTAAAACGATCCGTACAGTTCTGGACGGAAGAGGCCCGAAATTCTTAGCTTGGCTTGACATGTCACGCGTCCAGGTAAAAGAGGACAGCTGGTTTGGATACCATCAATCCTACATACCTTGTATGCAAGTT,848,49.65,Saccharomyces cerevisiae
SEQ_915616,GAGTCAGACCCACGTACACTGCCTGGAACCGCGCTAGACAGGAGAGATCCTTCGGTTAGGATTTGGAGTCTAGAGTCCATCCTTCTCCCAAAGCCCCAGCTTGTTAATGAGTCTTACGGGCTGCGGTGGCAACATAGAGGTAGGACGTCTTCCTTCAAGCTCTTGAAACGGAGCAAGTCGACACGCTACGTCATTCCCTCCGAGGCCCCGTATTCCTCACTGCCGACGCTTGCGCTGAGTTTTCCCGGGGCTAATGGGGCCCTGAGCAGATGAGCCCACAGACACGAATTCGAGAGCGGACTGGGAATGGGTCGGGTCGAGGAGAGTCGACCGAAGCGACAAGAGGATCGCTTGCCGATTTTTTCAGTGCATCTCCTGTATTGAACAACCTCAGGTGAGCTGTTCAT,407,55.28,Arabidopsis thaliana
SEQ_652181,TTTCTTTAGGATTCTTCCGAACTCCGGGGCGACCACTAAATTTATTAGTCTGGCTCTAGGCGTTGCTGTTTCGACGAGCATAGGTTTGTGGTATCGGCGCAGGCAGCTGTGGGCGACTGGCTTCCACACAGAAGCCATTTCATCCCGGAGTCGAGGGTCGACAGATACACCAGGCAGCGAAGGATCAATGTCCCTGGGGAAGACCCGACCGCCGGTCTCCGAGGGCCTACAAGATGGTTTTCAGTTTGATTTCAATCCGGTCGCACCCTCATGCGTAGAACCCAAGACGCCCTAGATTTTACATTTATGTTGCCGCACTCCCGATCCTGCGACGCTTAGTAGATTAGGGCTGTAAAGCCAGACAGTGCCTTGCTGCCAGGTTTCGCCTCGCTTTTTCTTTACTGTACCAGTTTCGAGTTGGAATTACTCGATTGGCAGACCGGACTCGATTAACTGCGTATCTGGAGCTAACTGGGACGATGAAGACTCTGAATGACTCATGTACCATCGACGGATCGCCCGGCCCTAGTCCCTGGTCCGAGGCAGGGTGCGCCATATGGGAGAATTGAGCTAACGCCTGATATTCACAACTCAGGGAAGGGGAATGCGGGAAGTCATCGACAAATGCATTTGGCAATTCGTTGGTTTTGCCATCAACTTTTTTAGCTCAGGTGGCGTGATTCAGACTGTCGAGTAGCGAGTAAGATCCGGTCAGACCTCCATCAAGACTTTGGCCGCGGGATTTTTCCCCCTTATAGAAAAATCCCCCCTCGGCTAGACAATGACCAGTTCTCGTGATAAGAGTCACTATGCAGTTACAGCATATAATGAACAGTTAATAGACCTAGAGTGTGCCGAGTTCGGCAAAGTGCGCTCAGGAGTAGTTACGGCTCCTACAACCCGATGAATGCCAGCTTATCGACAAGACTAAAAGCAAGACGAGGACCTCGACGGTTCTAAACGTTGGGTCGATAGTCACACGCCGTCGCCCAGCAGATTTTTAGTCCTGCGGTTCTGGGTCATACGGCATCACCTCGCGCTGACAGAGGGACGCCCCACGCGGCTGTACATCTAGTGTCGTGAGTTTGTCCAATTTCGCCTAGACTCCGGACCCTGGCCTGGTGTTTGGTGTCCAACGCGACGCCAAGTAGACAACCTGCCAGTGCGGTCGCTCTTGATTGTCGCGTGAATACTACGCGAGGTTGCTCGTGCGCACGCGGCTAAGGTGGCTTGCCTGAGGAATATGAGGACCCGTTGCGCGCTCTTTTTCGGCTGAACATGGTTTAACACGGGTTCAAGAACTACCTTGGGGGGTAAGAACCAAAAAACGGCAATTGTGCCGGGTCTTTTTCCAGGGACGGGTACGCCCGGTTGGGTGAAACCGTACACGAGCGGTGACTGAAATGTAACTCCGTGCATAAACATCCCCCGATTACGCCCCAAGCAGCCAAAACAAAGCTTTACGGCGCGTAGGCAAGACCTTTGCACTCATCGTGTGATCAAGTATCACTTTTAAACGATTGAATGCGAGACACCTATCCAGTGCGTTCCAGTTTCGTTCTTGCATGGCCAGAAGGAGTTTTTTTTGCGGTCCACGAAAATGCTGACACAAACTCGATCACTAAGGGCACCTCTCTAGTCGTCACTTCCCTAATTTCGCAATGACAGGCCTCTAAGCGTATGCCGCTCGTGCGGTAAGGGCGATTTGCATAATCGATAACCTGGTGTTCAAACGAGATGATGCGTTAGTTGGTGGGAGCTAGATTTTTATTACCCTCACTACCTGGCCGAATTGCATCTATTCTTGGCCCACCCAAAGAGGAAATCTCAGCAGCCCATACTACAGACAGTTGCGACTACCTTCTAGGAAACAAGAATGCACGGGACAGTGAGCTTACCCACTGTACGCGGGCGCCCTCCTAAACATATCAGGTTGCAAGCCGGCCGAGCCTGCATACCCCGTAGTATGGATGAGGTGATTAACA,1985,51.79,Mus musculus
SEQ_542562,ACAGTGACCGTCGTCCGCTTCTCCAACGTGGTGGCCTTACTACTCACATGCGATCCGGCGTGGGACTTGATGCGAACGGATCCTTGTGTACCTCGTCGAGGTAGAGGATACTAACGGACTTAGTGCCCAGCACCGCGATCACAATTACCAGCCGTCTGGATCAATAGTGCCTAGCTTCACAACTGGTTGATGCCCTTCAATTGCCCGCCTGATAAGTCCCCTTTACAAAATGAGAAGCGGCTGCGTTCCTGGGAAAGTAGGACTGTTGAATCACAGTCTAACAACGGCACAAGATAAGAAAAACTTATACGTCGCGCACCCGCTTTAAACTTAAAGACAAACAGCACCCTAAACCAAGACCCAGCAATCGTTGTTGGCCTGAATAATTAAAATAACGTAGCAACCCTATATCGCGTTTCTCTACTACGTGTGTGGTTTCCGTTTAGTTGACCAGTCCACCATGAGTGCATTACAGGAATGGCGAATTTCGTTCTGTTCTACGGGGAGTAGCGGCATACAATTACTGCTCCACGATGCAGGAAAATAGAAATTCTGCCGCCGCCTGTACAAAGGGTTAATTTTTTCTCGCCGCAACAATCCCGGACGTCCAACACGCGAATCAATAGGGTTTGCCACAGGCCCCCTCGGCTCATCCTTCGAGTTATAATGGTACGGTAATGACGCAGTTAAGTGCAACGGTACCCCGCGCGCTTATGGCACGAGTGACATGAAGTTACTGCCTAAGTTACATGAGTTTTTCTGTCTGATTGGGAGAACATTGATCCTATGGTGGTTCGCCGCAGTAATAGGCACTAGCTCACAAGGGTCAAATTGTGCATGACCTATGTATCTGCAAGGAGATTGTATGTGATTATAGAGACGGCCGATTCGCGCTTCCGTTGCCACTATCTATGTGTAATCTGATGCGAATTGGTAGTCCTCGACGAAACTGTACATCAAGAGGCCGTGACTCTCTACATTTGCTCAGTATTCAACACGGCAGCGGTACACTCACAATCAAGCAGCCGTGAGATCTGGGAGCAAAGTGGGCCAGGTAGAAGAGCGTCGCGGCAAACATAAAGAACACTCTTTCTCAGGTCTTAATCCTGATGGGCGGGGGTTACTGGTCCTAGGTCACACATTCAGGACTTCAAGCATCAGTCGGAAAACCCGCTCTCTTTCCTAGTCTGTCCTTCTTGTGGCCCTGGTATCGCCATAGAATAAGAATAATTAATACAGGATACCACCTAGGGGGCGTGCTGAGAAGCGAAGTCGCGCAAGTAGCCGAATAAAACAGGCCGGAGAGGGCTCTGAGCGAAAAGTGACCGCGTATATATATGAGAACTCCACCATTGACACGCTCAGTAATCGCCGGATGAGAGCCAGTTCCGTAGGTGGACGATTGGCTCCGGCAGAGGCATTTTACGCGGGTATGAACCCTATAAATTAATCCGTGGCATTAGTCGCCGCCGGTATCGGGTGATTTAACGAAATTATAAGGAGCACGTGCCGACTTGGTAAGGTCACAATTAAGCCTTGATAGATCGTAAAGTGAGTGCAAGAGCTTATTCTCTTACAGGATTTCCCGGGAGATGTAACGGAGCAGAGGATGATAGCTGGGCCTGTATAATAGTGATGCCTAGACATGGGCGATCCTTGATCTAGCCGCAATAAGTTTTAGCGGGGCCGCTACTCATGAAGCCCCTACCGTCTAAACTCCGATCGTCGCTCCTCACTAACCTCTTAGAAACATCTCACTTAGCACTCCTTGTGCTAGTAGTAAAATCATAGAAGGGGTACATCTATGAGAATCACAGCGCTACTTGGAGTATGGTGACTAAAGCGGATGCCAAGAAGTAGTTCTGCAGAGCTAGCTCTATAGAGTACCGCATATAACG,1898,48.63,Caenorhabditis elegans
SEQ_496552,AGACCGGTACTTTTAGTTGCATTGGCGCTCTATTTGGACATACTTGAAAGCTCTAACTTAGAGGCGTTTGTCACTTATTGGTCGCGCCTTTGCCTCGTGCTCGAAATCAACGCAGGGTCATCAACTGGGTGTCCATTCGCGGTCATGGATACTTTTTCTCGCGCGCGCGTACTTAGCTCCTTCCACAGGTAGACTCCACTCGATGCTAAGCTCCCTGTCCTCCCCTACAATGTAGAGGCTGCCTAACCACGAAGCATGGTTTTTACATAGACAATAAAGAGAGCGGACCAATAGTACCGCATTGCTTAAGTGGGGGGATAGCCCCGGCGCCAAGCCTCGCCGATGAAGTCAGCTGTTGTGTCTATATCTATCTTATATTGACTGTAATGGGCGTTAACCGTAGGAAAGAGCAGCGCTGTCAAGGACCAGCCTGCGGATCTATAAAGTCGCCGGTACCTGGATTCCCCGATCAATCGGTATCCTATAGGAGGGTCGTACTGTATCGAATATTGGCCTGGCGAGCCCTTAAATTCATCGGACTACCGAAGTAGGTGCACCAGGAACTTTACAGAGGGCCATGACGGTGCTTCCATCCTATATTTTTAATAGTACCTCTCCCCGTCCTATCCGGCTTCTTGTCTTTTGCACTAGGCCTCATTTTACGCCCTCGTCATGAGAATCGCTCGCAACTGGATTGACTTCCCCCTTTCCCCTCGGGGGCGCAATGGCTTCAATGGGAATAACATTGGCAGAGTCGGTTCCCTGGGCGCA,771,50.97,Drosophila melanogaster
SEQ_899680,CCGGCATCACTGAATTAGCTACTGGCCATCGGATAGAACATTTCGGCCCTTAGCTCTCTGCCTCGCGCCACTATCGAAACTACTAATCGGTCTGTGACGCCAGTGTGTACCAGCTGTATGGTCATAGTAGTTAGTTCTGTGTACGGGAATTCATGGTAAGCGGTCCTTACAACGGTGCTGAACCTCATAGGAGTTTATAGCCGGTGATAACAAAAGATCTACCGGCAGAAGTCAACGGAGTGGTTCCGTGCTAGCGCGGGATTATCGATACACTATCCTTCCTTAAGCTTACATGTGGGCCTGTCTAAGTGTGTTGACGCAGCTCTTAGGCCTTAAGTCATTGTAAGAGGACGTTAGTGAGCAACATCTGGCGGCAAGAGCCGGCGGACGGCCTCGATGTATGCCCATACAGTAAGGGGATAGATTCTAATACGTCACACAATCGCGTGCAGGGTCCGCGATGTAGAAACCATACTGTGACGGTAGGTCATTCTAACGAGTCAAGTGCCTCTTTTCACGTTCCCAGGCGTAGTGGAACCGTTGAAGCAGGGGCCGAACTCCTGGTAAATTATGGTACTATCGCTGTCTGCAGGGGTTTTAAGTCCTGTAGTCATACCGCGCGTCGCGTTTAATGGGTAGCAGCCAGGCCGTCGGTAACCGCACGATCGTGCTGGAAAACAGTGGGTGGTCCAGTCTATTGCCCTTCGGCTGCTCAAACTGAATGTGACCTGCGTGTGGTCTTATCAACGGCCAGTAGTCCTGGACGTAAATACAGGGACTTGAGGTCGGTGATCATTCGGAGAAGTACATCTCGGTTGCCTCCTGAAGGATGTGCGCGAGCATGGCGTTGACCTAATGACCAACGAAGATTTTTCCATTTTTGGACAGTCAGCTATCTAGGTGCAAAGTGGGATCATTGATTCCTTATTCCCAGCACGAGGTTCGCGTTAACCGACGGAGGATGATGCAGGGGATTGGGTCGAGCACCGAGTGGTCCGTTATATGAATTGCTCAAGGTCCCAGGTTCTCGGTTCGGGGCCTTCGCGCCGGCAACACCTGAAATTGTGGCAAGGAGCTTGGCCTACTGACTTGCTAGAGTGTACTTGCCGCAGTACAGTAGAGACCTATATGCGGGTGAGTCCTTTATTCATACCATAGCATCCCAAAGAATTCTAACGCTCTGATCGTAAAGAGAGTCCGTTAAAGTTCGCCTCCTCCGGATTGCGACTCTTCTAAGTGGCGCTTCAGAGCTCTGATTACTTACGAACTCGAATAGAATTCTATACGCCATACGTGGGGTTTTTATACTATCGCCTCTCCCCCCGGTCACTGGTAGAACGGGACATACTTAGAGGCTTCTCCTAAGAGGGACTAAGGCCTAGCGCAGGGTTGTCGTGACCTTTGACATGCGTGCTCGCGGTAACACCTATGTACAATATGGAGTGCCAATCGGCGACACGAACCAACAGGCTTGTATGCTACGTTG,1486,50.94,Escherichia coli
SEQ_901360,ATAAGTTTTTGATCCATTCTGAGGTCAAACATTGTGCTACCCCGCCACACCCGCGCTATGTCTGGAATGCTTATGTCGGTGTGATCTCGTGCATGATTCGATGGTACGATGGGCACTTTGACGTTGGGCTGGCTAGCTCAACCCTAGGAGGCGGCCATCATGTCGTTACATTGTAGATGAGCGAGATCAAAGAACAGCTTACGTCCACGGGATTTTTCACAGGATGGCCCCACTGAAGTAGTAGGGTTTCCAATACAGCGCTGCCGTGCCCGTCTTGTGAAGGTTAACACATTCGAAGCACGCGGTCGAATCTCAGGTATTTGCGCGACACCTTCCGGAGTAAAGGCAGATGCTCACATTGAAGCGCAGTTAGATATCCATCTTTAGTTTGACCTTCTAGCATCCTATGTACTATTACGCTCTTCACACCACATCACTGTTGCTCACACAGTTTCCAGTCAGCTCTAGACATCATAGATCCCATAAGCGAAGTGGAACCCCTCTAAAGCTCGAAGCGTCACGGTCTGGGTTTTTTCTTAGCTACAAGAGGTTAGGAGGACTACCTAACAGGACCAACAGTAAGTCATTAAGTCATGATATTCCTTGTGGACAGGCGTATCGGAATAGATGGGTAACACACGACAGAATACTACTACTCTTGTTGGGCGATCGACATCAAAATAATCCCAAAGCCCCATCCATTATAACCGGTGCTCTCGGGCACTCGGCCTATGGCCACCGTCCGTCGCGCTATTATAATAGGTCTCAAACGGCAAGCAATTGATAGATTTCAGGCCAATGTCTTGTCCTTCTCGTGATTAACGGGGTATCAACTTACGACGTACATACATCTCATCAAGTAAATACCCCTTTTATAACGTAACTTGAACGCCAGCTTGAGGGTTTTGAATCTCCCCTACTGCTATGGACGAGTTAACCACACGTGCTGGCGGTTAGCCACCGCCTAGGGTCGCAGACGGTGCCTTGCGGGACATAAAGAGCTTTAAACACCCCTATTATCTATTCATCATTCCGAACCAGTTGTTATGATACGAGGGTACATCTCCTGTATATCCTTCAAGCCTACTCCAAAACAGTGATAGGCAGACCAGGTATGCCCTGTTACAAACCGTCCCCTGTTTCTACGTTGACGTGCTTATGTTAAGGGTTCATTCTCACTGCTCGCTCAGAAGCTTGAAAGTCTAGGTGTAACGGGGCACAGGCTACACCATTGGGCTGCTGCACACATGACTGCCACAAGAAGGACCGGGTCTCAGCAATTAAAGAATATGTGATTCGTTAGGACGCTTAGACCGAAGGAAGCCTCGTCGGCGTAGAGCTAGCCAGACGTTGACACCTCCGAGTCCAACTTTTATTATGTAGTAGCACCATTCGTTGAAAAGCAGACTGAACGCTGTGGTATCACGAACATAGTCCTAAACCGGATTGAGCTGGTGCCGTGAGCATCCTTTGACTAACGGATAAGATGCCTATCTAGATTGGAACGAAAAGTTCCAAGCGGCTGTTTAAGCACTAAATGTTGCGCGGTGTCCAGAGTCCACTCCCTCAATCGCTCTCAGTAGTCGCCAGTATGGGCTCCTCATCTAGATGGACCAGTACGCTCTAACAGTTCACCTGCCCCACAATCAGACCGCGTCCTCCTTGCATGACCCTGCCTCACTCTGCCTATGTGTTCCGACTGGCCAAATTGTTAATAAATACGCGCTAGTCCAGACGGCGAGGCTCCGCCGAGCAGATTAGTCGGGTAGTCAGGGGATCCCGACGTCATTAATATGCAAAGTATAGACAATGACTAAATATACTTATTTCTCCCAACACGCCCCATGAGGACTATCCGTAAAGCCGTAAAAGTCGTGGT,1879,48.48,Escherichia coli
SEQ_228610,ATATGCGGTCACATGCTATAGAGACATTCTCGGATGACGTGCTTTCAGTGATCGTAACATGAAATCACAGTCTATAAGGCCAAGGGTTGTTAGAACGCCCGACATATATTCACGGTTGGAATCTACAGGTGACATACCCTTCTCGTTGCGACTGTAACCTGGCCGTAGGAGACGTTCAGTCTATATCAACGGGTGCCAACGTATAGTGGATACGTGAATTAACAGTTGACTTGTACGTATGGTTTGCTAAGCACTAGCATGCCGATTCGCTTAATGATTTTTCGAATCCCGCCCGCGCTGGTGAGGGCGAGCTCGTGCCACTTGCAATCTTAGTACCTAGGCTCCCGGAATTCCAAATCTAGTATGAATTCCGCTGACTGTGGAGTCTCGACCGCGAAAGGTGAGTGAGCGCCCAACGTTGCACTACGTTATGCAACAGCCAAGTGACTAGAATCAGGATGCGGTTGATAAACGATGAGATTCGAAAATGGAGCTCCCGCGTTGGTCGCAACTAAACGAGCCGATCGTCCGTCCCTCGTACCATGTACCATGAGCTGATAGGGGGTTTTCGACAGTGCCAGCCTCTTTGCCAGCCGAAACTTCCCGTGGCACCAAGCATTAGATCCACTAAACTTTGACGGATGGACTCTTGTATTGCGTCATGTAGTTGATATGAACTTCATGCAAAGGACACAGCCATGGCGTCCGAAACAGCTGCAATTCGCTACGTATCATATTTAGACACTATTCGCAGGTACTGTAGGGCTTACGGGTGGGTGGTCCGCGGTCGCTTCACGAGCACGCTCGGACGCTCCGTCTGTTATGAAAGGCGCATCCGCCTTCATGCTTGCCTTTCGCAGAAGTAGGCCATCGGTCGTGATACCAGCCTGGTGACGTTGTGAGGCTTGGAGCATCGCGGTTCCGCATGATTCTTGGACTAGGTGGACTCGCCTAAACCAACATTAACCAGACTTACGATTCACGTGCAGCCCTGTCCGACATGCTTATACTAGGAATCACATACGTCTTCGCAGTCATCTCTATAAGAACTACAGGTTGACCCCTCCCCGGAACACTTGAGAGATAGGACAGTAAGTGCATCCCATCCCAGTGACCCGATTTGAAGTCTTCATGCGGTGCAGCTGGAGTCGTGACTTAGTCACTGGTGCGTGCCATGCGGTCCTCCCACCAGCGTTTATATGACTAAATGACGTGGCAGTAATAGGCGTAACCCAGCCATATTTTCGTCTCACCAATTACGCC,1263,50.51,Caenorhabditis elegans
SEQ_109348,GCCATTTCAGACCTCCCCGACCTTGATTTGTTCTCACTATACTTGCTGAAGGTGCAGACGGTGCTGTCTAAATATTCGGAATTCACACATCGTAGCGAAACTCTAGCCTCGCCAGTATAGACTCAACTACCTTACATGTCTGCCTCAGGGCTTCCTCACGGTCGCCGGATGTCGCTCCCACGCTCCCAAGGCTATTCCGTGCCACTTGGATGCGACTTAGTGAACCTGGATCGTCGATGAGAAGCGACGACGTTTTATGACCGGACAAGTCCTCGCGGTTTGAGCCTAGTAGGCGTCTCTATCCGGGAGATGATGAACGCGACAGTCGCAGTGGCATGGAATTCAACGGAGGCCGAAAGAGAATCTAAGAGCCTGCGGCAAATGTTACTTTTAGTGAAAGAAACGCTAGTGCATTATTCTCTACGAAGCGCAATATGGATGATACCAAAGATTGGCCGCAAGATGGTTTGTGAATGAGTTGTTTGGTTTTTAACTCGGAGGTGTGTAAGGACAACATGCTAGATGCACTGGAGTGAACGGATTCCCTTACCTATATTAGTAGCTCGGAGTTGAATGAAGATCCAACCGCAATGACGAGGAGCGGACCTCCTGGCATGCTGACGCGAATACTTGGTTCAATCGGCCTAGGCGCTATGCATTGAACACGGTAGGATCGCCGTTGCCGGCAGATTATGTAATAGTTGGCCGAGACGAAATGAAAGACAAACTGGACCTCGGTTATTGGAGGGAAGTTTATGTAGTCCCCTGCACCATAAGGCAGACCTTAGATGAACCTGACACCGAAGCGTGAGCATCCTTTATGGTTTGCTTCTATGGGGGTGCCGTGCCTGCATTGTGCCATTACCCGGATTATCCTAGCTGGAGTCAGTTCTGTAGCTCTAGAGGAGTATTAACCCAAAG,921,49.62,Arabidopsis thaliana
SEQ_537658,TAGTAGGCACTCTGCGAGACCTAAGAAATAGCAGGGAGTATGCGCGACAGCAGGCAATTATAGCTCTTATAGAACGAAAGCAATTAGGTTCCGTGGAAGAACATCTCAGCTCGTTCCTGTGCAGACGTGGGGTGGGAACACGTAGATCAGGGTTTCGTACACACGCACGCCAGATCTAAGCCCACTTTTGCCCGGACAAGTTCCTTCAGAAGCCATGCCTGTATTGTTGTGCTTGTGGATTCAAAAGCTTACTTCTACTAGAAAGCTTAGCGCCGGGGTTGCTTAATCTCGTCAAAATTTGTTTAACGAGAAGGCATCAAAAGCGTTGAGTTACAAGATTATACTATATGACATCACCGGATACGTGACTAGGAGTCCGCGATTCAGCGCGATAATAGCAATAGGACACCTTACCTTAATGTTTTTACGCAGCATGGCCCGTTACGACAACTCGGGACGCCTCAGTTGGTTGACATACGCTTGTACCTTCGGGTACTCCTTTGGAGCTGTGTACTAATTATACTTGTAGGTGTGCTGCCCTCCTCCCCAAAGTCTATACTCCTAGAAAGGTCATATGATTGCGCCGGATCATTGTGTGTTATCCCGCCAACGTCTCTTTCCCCCGCCTCTACCACCGGTCCAACCTTTCAACGGCTTACCCCGGTCGTCCAGGGCTCCTGACGAACGGACCTACGATTAGGGTGTCCAGCGGTTATACTTAAGTCCATGAGCATAGACACGGTAGGATTTTAGGTGGTCCGAATTCACGTGCATGGTTCATCTGTTCCGGATGCATTTAACCCGTCTGTGAGAAACCCCGTAGGGCCGGATCGCCTGGTGCAGGCTATTCTAATGCCTCGGCAGTCCGCGGGTGCTAGTGTATCAAGAACCTGAACACCTGTCTGACCCACACTTCCGTTCGTCAAAACATAAGCATCTTCGAGCCGGTAAGTTTAATAATCGTATCCGAGGACTCGTTGCCTCATTAGCACCGGCTCTGAGTGGACTCGAATATGGTGCACCCGAGATTTATTCTCCGGCAACGGAAACACGCTAGACATGGTGTAGCGGGAAGTATAGACCAATACGGCCTGAGCTTCCGCGTCGAGTGGCAATGATCAAGATTCTATTTTTCGTAGAAAGTGTATATCAAATGCTCGCTCCCGCGCCGATACCCAACGACACCTCCCAACTCTCGGTTGCCACACTTGTATGAGCGTACAGAGGAACTTTCACCGCATCTTACTCATCTGGATACCAGTCGTGTGAATATGCAACCCAAGTAGCAAACCTCCGACGCGCGACCTGCCTCATACGTGATTGATGCCCAGAGCACCGTCACTTCAGCTTGAGACCGAATCGTTGGTAATTCTTGAAACGAAGCATAGGTCCTTCACTCTGTTGGCGTGTATATGAATGGAGTGTTGTGCACAAAGCACTCATCAGCCGTGCTCATAGTAAAACGAGGCGGTCAACTTTCAGGGAGGGTTTGAGACAACAGGGCCCAAGATACATAGAGACCTCGTTCCAGTTCTATGGTACGTGATCCACTGTAAAGCGAAGCCTCGGCATTAGTATTAATTTATAAACGACCTGAGTCGCATGAAAGAACTGAGAGGACGTGCTAGAATCTTCACGTGTCATCATAGCACATGATTGGGATGCTCATTTCCCACGTATCTTAGGCGCCGCGATACAGTAGGGGGGTCGAGATGCTCTGTAAGTACGCATTGTTGAGTGAGAAATGGTGTACTG,1755,49.29,Saccharomyces cerevisiae
SEQ_220091,GTCACCCTTTGCTAAGCTGCGTGGCATGCCATCACAGGAGAGCACCCAACCCAGAGTTTTTCGCGCTACCACGTCTTGTAGGCATGGTCCACG,93,56.99,Mus musculus
SEQ_989140,ACAATTCTGTGTTATTCGTTGTATCGAAGTCGGGCGGCGAGCATCGAAATAAAGTCCAGGGGAGGTTTCCCTAGCGGTGCTAGCCTTTTGGGAGGTTTCGTTGTCTAGCAATTGTTCACCCCAGTCGGGTAGCATATATGCGCTGTGAAAGTGGAAACTTTGGCAAACACGCTCTGGCTGTTGCAAAGAAGGATGAATGCATGCCTATAGATAGATGACAATCTTATCAGTACCTAGGTACAGTCGTGGAATACTGAATGTGGTCTCCTCGAGAAATTACCTGTTTGGAGGCAAGAATACCAAGGTCCGCTCACTCTACCCTACAATACGCGTGACAATGGAAACGCCTAGTAAGGTAAGTGACGACATACTGACTTAAAGTAAACTGATCCCTGTTGGGGGATCCGGTATCTGTGAGATTCTGCTTCTGGGCAGGCTTTCCGTTCCTCCCTCCTCCGGCTTCAATGTCTACA,473,47.78,Escherichia coli
SEQ_568475,GAAGGTCGCTCAGCAACTGGCGTCTGTCTGCTCGCAAAACAACCGTCCGTTGTCAATCATTGCGCTACATGGCACTCCTTGAGCATTTATGTGCATGGCCAAGAGGATAGGCATAAAGCATAACTGATCAAGGCCAAAAGTCGGTAATCCTTAGCATAGCGGATGCTGCCTGTAAACGGTCGTATCCCTCAACCGACCCCGGCTCCTAAGGACCATATGGGGTGTGACAGTGGAGCGACTATGTTTTCAGCCCGCGTGCCGAGGAGCCCATTCTACTGACGATGTATCAACCCGCGTGTCTCGAACGGGACCTATGCCTTCTCGGGGTTTCCTCTGGAACTAGTACGTAGTTCCGTCCGCACGTTGCCGTCTTATATGGCGCGGAGCGTCGTGGCGGGCCACAATCGGTCGCCCTTCTAATGGAAACCGTGGTCTTCATTGTCTGGGGCCTTGCGAGAGTAACGCTGTGTCTGTGTCTCATTATTT,486,53.91,Arabidopsis thaliana
SEQ_474062,TTACATCTGCTCCCCCTGTTAAATCAGAGGTAGTTGGCGTACACGTTCGCCATGTCCTGCACCGGCCAAATACTCGGTCGCGATAGCTTACTACAGTACACGTACGTAGCCGGCACGCACAGGGAAGCAGATGTGCATAAGAAACGATTCTAACTCTGAATGATTCCAACACCTCCGGAACAGGGTTGCGATGGATTCCATGTCGGGGGGAATCGGCGCAAATAATTACAGGCAACAGGTAGGTGGCTTTTGCTGAACGCACATCCACCGAACCACAGCAGGGTGCGACGTCTTCGATTGTTAAGAAAACCGCAAGTCAGCTCAAAGACCGGAACGCGCCACAAGGCGGGCCTCGACCGCTCGATCGGCGCAGATTCCGTTGCGGAGAGCGGCAGCCCATTGGACTCTCAAAAATATGAACAGGCGCGCCATGTCACCCTGTCCGGTGTTTGCTGTAGAGGGATGTAGATCTTCACAGAGTGGGGGGATTACCTCGCCACAAGGTGAATCCGTTACGGTAAACACAGACGGCTATTGGTCTAAAGGAATTTTGTGACTCCCCGTACTTCGGTCGCTGCGTCTGCAGACTGGGAGCACCCGTCTCACACCACCCGGTTGAATGGGCATCATCCGAACAATGTGATCAGGTTCTCCCAGACTTGAACACCGATTGAGTCCTATAGGCTCGACTTAGATGTAAGGCAGGTACACAGAGTGAAGTCTTAATAGGCTAGCGGTAGTGTCGCCCTGAGAGAACGCTCAGGCGTACCTGAGCATCACATAGGAACGTAAAACCGTGCATGCGAAGATTACTCGTACGGATGTGTCGAACATTCCTACAACTAATAGTATAAAGGATAGCGCATGCCGTGTCTTACACGGCTTACGAGGTAGTAGCCATAAATGATTGGCTGTCGAGCTAGGTTAGCTTACCATGACACCTAAAGACAGCTTAGTAGCTTCTGTGGGCTCTAATTTGGTTACGCTCAATCGAGAGACACGTCTAACACCCGCTTGTAGGCCGGGTACGGCACTCTATTAGCACCTATATCGCTTTATGACCATCAGGTCAGACCATGACGTAAAACCCATGTATATGATGCAGCACATAGATCGCGACGAGCGGCACCAGTTACCCCTGTACTCACGCCCTTCCATAGACTCGTAACTACCCTCGTGCAAAATGGAGATGTGTCAAATCACGAACCGAGCTACCATCGTACAGCCCATGCGTCTAACCAGTCGCCTCCGCGAAAGTGACGCCGTGCTCTAATCTAAAGACATGGTTACTGAAAACTCTAAACATTGACGACGTTTATTGGTAAGCGGATGATTTCCTAATTCCCGCAGATTGCCCGGAAACGGATACTCATCACCATAGGCGTTGTTCGTCGGACGAAATTTTCCGGCGTCGAACGCTCTATGGATAGCATCTAGCACATCGAAG,1447,50.93,Arabidopsis thaliana
SEQ_188485,TAAGTACTTCCCCTACGCACAATTTCTCGTTCATCGACGCGTATCAATATTGTTTGTTTCCGAGGCCAGTCACTAGCAGTCTTGTTATTAAGCCGTCAGCGTCGCCGCTTCTACGCGTGATACTGGCGGACCACACAATCACATGGCTTGAGGCCTGAATAGTCCATGGCGGGAGCGTGAATATAGTATGCTTATTGCTCGTCAATACCCACAGAGGTCGGCCTCTTTCGAAAATAACTCGTCAGGCCTCTATCCGTGTATGCAGGCAGAGGATATCTGGTCTACTCGAGTGTGTCTTACTACTCATGAATATTCTGCTAGACGTTTTCACCCCTGCACGAGGCACTGGCTCGTATGTCACCAAACATGCCGCTTCGCATGATGTGACCCTATAGCTGTCCGACGGGGCAGCCAAGTTGAGCTATCATCGGATATTGCATTGGTCTGACGAACCTGGACATTGGTACTTCGAATCTGCTCCGCCAACTGGACACGGCTGACTTCGCTAATCGACCCTAGAATTTGCTGTAAGCGATAGACCCGGATGGTCATCCCCCGCTCGCATTCCGTTTGGCCCATCGCAGCACGACGTGCTCACAGGTCGGATTTAATTGAGCGGCTCGACCATTGATGATACAAATGATGCCTGAACGGTCAACTACGTACTATGGGGAGAAGAATCGGGACTAAGCAGGGCGAGCTGTTGCTCCCTTTAACCAACACGGCACAAAAGCGCTTATAGCGCTCCATCGCCATCATGGCACAAACCATTTTCGCCGACGCTGTGTAGCACAGCAAGTCGAGTACTGTTAAGTATACTTCGATGCCGTAGCACCTTGCCACAATCCCGTTGCCGCAGTGCATCCGTGAGAGCGAGGTAATTAAGAAGGGAATTATGGCTATGACACATTTCAGTGATTATACGTAAAACACTCCAGTGATACACCGTGCGGCGAGAAGGGCATCCGTGAGTCGCCTAATACTGCGCACCGGCCAAATGAGCAGTCTTCATGGACGATATTAACTCCCCACCCACCAGCGACTTGTTTAGGGGGGACAAAGCACAGTAGCCGAGGCATCTCGATGCGCTCATAATAAAACTTGTGCTTCTGGTTTATTTATAGGGTAGGGACGCGCACGAAAGGTGCCATGCCGAACTCGTGACCGCGATCGTGTCGGGACCTGACAAGGTGCCTATGCATCTGGACTCCTCCCATCGTATCGACTTTAGAGTCCCGTCGTCGGTTAGGACTTCTACACCTGGAGGGTCTCACGCCGTTTTGGTGATCAGGCTAGAATACGAGCAAGCTGAGAAAGATTCTCAATTATCACTGTGAGGACTTCTCGTTCATTAACTTGGTTAACAACAGCTGGCGACGCATCTACAATAGTTAGATCCTCTCTTGCCGTAGATTAATCTTC,1422,50.56,Escherichia coli
SEQ_626906,GCAGCGCATGACGATGGCATTGTTATCACCAGGTCACTCGTGGCAGATGCTGGGGCCGCTGCTGCTACTTACTTTTTAACGTCGGCACGAATACGTGCCGATACATCCATTATGGGTGTACTCCCCGCTGTCTTGCTCAGCCTAGGGGACGCGATCCCCTGGGACGGAACGAATAAAAAGAACGTCGTAAAGTTCACACGAGCACTAATCCCGTCCTAACTACTGTCGTGACCCACTGCGTTCGTAGCGAATGCGGTCCACTCGCCGCGCCAAATCCTAATAAACAATGGTACACCCAGCCGTCGGTCAACACCCCAAAAACCCGACAGTTTCCTTTAAAACGTTTGAGACGCCCATGGCGGTCACTCCTGGTCACTCGCGCTCCAATATTCGGACTGCAAGCTCCCGGAGGGTAGCTCACATCAGCGGCTGTAGACTAAGAAACCTACCCACGATTCTTGATTAACCTCCTACAGGACGTTGAAATGCTTCCCAGAAAGCAATGTCGTGACTCTAGTAGCCAGCTATGTCGTTTGTTATGTCGGATCGGTATCCAAGTAGCCAACATGGCCGTTATTTGTGTTACATGCCTGCGATGTGTGCCGGATTTTTAGAAAATCGGCAGGAGTTGCTGCCTCTACGCACATGCGTCATAACTTTCAACTATGCCTGTGCCCAGGAGTATTGTATGCAACCCATGTGATTTAGCAATGCGATCTGCTTGCTATGAGCATCACCCATACGTAAGGCGAAGCTAAGTTTGGATCTCCAATCGGTCTACTATATATAAAGAAACTCTCGGTAACTGTACGCTAATCCCAATACAGTGGCCTGTAAGGAGATCTGTCTTGGAGGTGTAGATCAGCACCCCTCTGTACTATTCTGGCCTCACAATGTAAAGTATGTGCATGACTTACTGCCATAATCAGCTGACTCCGCGGCGTATGCAAGTATTACGTCTATATGATGACAAACAATGTTTTAACTCGAGACCCACAGCATGCCGTATGCATTACTTCATTTTACGTGTGCGCAGCACTCATTTAGATGACACCTCGGGTGCATCTATTGCTATGCCTGTGCGGCGGCGCGTTATCGTATCAAGCGTCTTTCTGAGCCATTTGCACGGACATGCCGTAGAGGCCGGTGAAAGTTGGAGGAATTCTGACTCTCGTCGATCTCGGTTACACCCTTCCTCAGCGTTAGTGCATGAATGTAGTAACGGTGATCTTATCCCACCCCATTATACTTCATGTTTTCGTATCACGATTGGCGCATCACGATCACCGAGTGGCAATTTACCAGTTGATCTGGGAACTCTAGGACTGGGATGAGGCTGCCATACCGTCAGTGGCACAACTAATAAACCCATTTCGAAGATACAACTTTTTTTAAGAGAAGAATGGATGGAATGAATTCCGGTGTTAGTCAGTCTTAAGTTGATGGTGCGTGGATGCCATGAAGAATGTACAGACG,1476,48.58,Caenorhabditis elegans
SEQ_268811,CAAAGAGAACCTTCTCGCTAGTGTGTACGGCATATACGCGCTACATCAATAACCGTGGGCTTATTCCATGCCAGCTTCTTAACCGTCGGCGCCGATGGTAAATTTACATCACCTTGTTCAATTTACACTGACCTGAGGCACAGAGCCGCAGGTCACAGCTAGGCATTACCCAGTGATAGTAGGTAACGCCATCTGCAAACAACGCCGTCGTCACGCACCGGGTTCCCTCCGGTGTAGAGGGTCTGAGAAGCACAAAGGAACGGAGGCCTAGGACGTCCCCTGCTTACAATTTCTTCTCGAAATCGACCTGGCGTCGTGGGTCCGTTGCTCTTCGATCATTACCCTATGTGGTTCTTAGAATATGGCCACTTTTATAGGAGGAATAAGCCGGTACAGCACCTGCAACCGTTATGAGGGAGCGCATTCCCCGACGGCATTTCTTTCTCAACGTAAGCCCCGCAGTACTCACCACGAGCCGGTCGGTGTATTATGTCGTGTAAAGCGAATCTATATCTCTTTGGTCCTTGCGCGCCATGCCGCCACTCCTCACTTATGGGTCACGAACTTTG,569,51.85,Escherichia coli
SEQ_696200,CAGACTGAGGGGTGGAACCCTTTTAAACAATTAAAATTAGCTATCTGGACTAGATGCCCACGCTATTTACCGGCGTCAGTTCGTGTAACTCCGGCCGATCTGCGTCATTGGGCAGAGTTGGAGTCTCTCAACTGTTGCAGGTGGCGGCCTCAGTAGGTTACCAGCACGGGCCACTGGTCGATGCGGGGGAGTCTATTAATCACTCCAATACAAGATTGGGCCCGCTCCACCTGAGATTGCGTTTGTCCATCGATATACCGTGTAATCACTTAGGAAGGCGTAGCTGGAACGGTCAGAAAGAGCCCTTCATCTCGGCGCTTCTCTACCCAGGCGAGTTCTCTTTCCACCTCCTATCCCTAAGGAAATCCATTAACGCTGATATGAATTGTGTCGGTGGGCTCTTGCATGTGGATCTAGCGCGAAGCGCTTCCTTGGCGAAAGTATAATCTTATTTGTAACCGACGGGAAGTCCGGCTAATGTACATCTTAACAGCGTCTTGTGGATTGCAAGCTGGGTCTGCACTAACTCACTTAATTAAGGTTGTGGAGTTCTTGCGAAAGGTACAACGGCAGTGTTGGTAACAGTGCCCCGTTGGCCGTCCCGACCGCTATCGAATAAGAGCGCACTCCTCGGACTTAGTTGTCAACGTTCGTCTTCAGACTCCCCCAAATAAAGTGTGTCTCCTAGCTCCACGTACAATGTCTCGTCGAAAGCGCGGCATACGCCTAACAAGAACCGCAAA,743,50.74,Saccharomyces cerevisiae
SEQ_999146,GCAATTGTACTCCCATGCCCTTGTCGCGACGCCCTACGCAATGCAGCTTGTGGCCGCGAGAGGGATCCATAACGACCGGCGACGGGTCTTCTTCCGGACTGAACGTGGATCACAGTTACGGAGTTCCTTAGAATAGCAGAACACGCCCCACCAGGATTTACGTTATGTCACAGAGGGACTCATGGTAGCCCTGCTGTCTAACTAGTAGCTCCGTAGAAAGGCTTCCCGACTATGCTATGCTTCGCAGCTCAATCTGGGCACCTATTGGAATCCATTGTACACCGTGGAATAGACCGCTATTTGCGTTAATAGTGCACTTTTATATCTGTAATCCCAGTCGTTTCGGACAAGGGCTTGCTAGGTATATCCAGTCACTCAAGATGTCACTTTCCTGAATAATGAGGTCTTGGCAATTTGGGACGGGGAGTGCTTGGTGGCCGATCAAGCGACTTCCAGCGGCCAATCGCCCTACCGGCCATAGGTATGAATGAAGATCTTGCTTCCTCGTAGCGAACTCGACATGAAGGACAGGTAGTATTAAATGTGAAGATAGTCCAAGGAAAATTAGCTACATTAACCGCCTT,584,49.83,Arabidopsis thaliana
SEQ_551284,AACTTACATCTGTAGTTATTGATACCAGTGAGGAGCCTCAGCTCACCCGTTGCCGCACCTAATATTCGAGTTCAGAATCCTTATGCTCACTTCCACACTCGCCTTGACTAGGTAATCGAGCTAAAATATAGATAATAACTTCAGCCGCTAGTTCAGTTGGGCTCACTATTCTACTGTAGGGA,182,43.96,Homo sapiens
SEQ_871917,CATAGCAACGCAACCGCCAAACGCACCGCTCTAGCAGGCGTAGTTTCCGCCAGTCGCAGAAACTGGAGCCCGAAATAACCCGGGATCTCGGAGCTGATCTAGGTCCTCTACACGGGGACATGAAAACTTTACGGGTGCTGTTCGCAGATTTAACTCGGTTTAACGCCGGTTCCCGGTCTGCATCCCGCTGGCCAGGGGGTGCCGTAGTTGGGTAAGAGCGATCG,224,57.59,Escherichia coli
SEQ_686167,CGGGATCGTTCTGCTATAACATACGGGGTTGTATTCGTCACGTGGCCATTAAACGAAAACCCACTGGAGCTCGTGGTCCCCTTGGAGCGTGTCCAACTTTACTGGCGCAGGTATCATTGCAATAGTTGCCCTCTGCACACAGCATAGCAGTACTAGAACGGAGGTCATATCCCGAGCACCGGCGCACCAACTCGATACTCAAAAAGGGACACAGCGTGGAAATACCCACACGAGGCGGCGAACCATGAGCGGCAGGTAGTCCGCAGAGCGTCTAGGGGGACACGAGTATGTGCTTTATGCATTGTAGTGGGCCTAATGTATAAAATCTAGTTCCCTAAACCGAACTTTAAGAGTCGGTTTTGCATGGGGGGACGCTCGGCCTGTAGATTATGCCGACAGGGCGCACGTATTGTGTTGCTACCCGTATAGCAAGCCGCAGGGCAGTGGGTGGCTTCCGCAACCATGATGCAGCCGTGTGTACGGGAGGCTCTAAGAGCTTATGCCATCCTTCGGGTGGACGACCGCGAGCAGCGACCGCGAAAGTCCCTGCTAGGCGTGTGGTCGACAATAGGCCATATACGATGGATAGTGATTAACACAAGACAAAGCATTTCCTGCGTGCACTGGATGCTCCTTCACCAAGCAATCCGACGTTGAGGGGTACCTATTTCGGGTCGCCAATGCCGACCGTAGTGTAAGATCAACTCGGGTTACTCTGCACCACTGATGGGCGATGAGTCTAACGTGCCGAGTTTGGGCTAGTTGAACAGATATATTCGACCCCCTTCCCTTTTACCTATCCACTACAACTACAGTGCGGGGCGTTTGCTGAAGGCCGTCATGTGAGTATCGGAGGTGTGGCCCCTTGTCTATGACATGGGCCGAGTATGCTGAATCAGTTGGATGTGCTCGGTTGGCGGTTGAAGACGAGACTAGGCATTA,942,53.4,Mus musculus
SEQ_237276,GGTATAGTAATAGTGAGCGAGGGAGCAGGTCGGGCAGAACAGGTGTGAAAGGTTTTACGGCCCACGACAGTCATCCATCCTCGAGCGGGTAAGGTTGGTGTGCTCAAGATCCAATGATGGTGTGCCAACACGGTACGACTACAAACGGATATCCACTTAACGCCCCACAAGTATACCCATCAGTTCATAGCGAAATCTTTCAAAGTTTTAGGCCGCGCACATTAGGAAGAAACTCCCTGGTACGTACAGCCTCACCAACGATGGTGCAAACGGCTTGACCTTTACGACGTCTAACCCGATCAGGGTCAAAACCTTCCATCCTTCTAAAAGGGTTATATAAGAGAATTCGATTCGATCTCATGGCCTCGACCCACAACGATCTGGGGGGGCTAATTCAGTCCGCACGACATTTCGGTGCGAAGACCGTGCCCCTTCGTGCAGTTCTTTCGCGGACACGTGTACCG,464,51.08,Mus musculus
SEQ_604372,ATGGATGTCCCTCAGTGTACCTGTAGTGATTGCGTAAACTTTAATCGTGAACTTTTACGAGCAACATTCCCACGTGCTTACAATTAAGCTTCATTAATACTTATACCGTTGTGGACAGCGATCGCTACTGAAACTGCAAGCTTACGAACTCTTGTCCAACATTTTTTCTCATAGTGCCTTTTCGGAACCCCCTGCGAATGGCGCACGTGTGCATCCGGTAACATTGGTGACTTACCGTGGGTAAGTCTCAAGACGCTCAACAAGTAACACGCCCGCGTGTCAGATGCGCCGGGGCATGTACTAATCCATGCCTCTCCAACTTGACTCTGAGAGGTTATCAGGTTCAAAGCGTATTTGGGAATCGTAATAAAAGATAACCACTCAGGGCGGTTTCACTGATTTGGCCTGCAACAATTGCTATGTACGTACCATCGTAATGCGGTAGTTACCGTAAAGCGTCCACGCTCCTCCATTTTCTACGCGTGTTATAGGAGAACAGGTAGCCCGATCGTCCTCAGTGTGTACTCATACCAGGTCGGATTGTTGG,547,47.17,Mus musculus
SEQ_863879,CTGTGTGTCGTGCCAGTTCTGGATTCCGAAATCTAGGAAAACTATTCTAGAGTACATTGAACGGTTTGTTTTATTGGACAATTGTCAATCTTTAGATTCAATCTCCATTACACTGTGAATATCACGGCTGCCGCGTGTCACGCATGATTACGGGCCACAGCCCTCTTGTTCACCTGTTGGGACATTTATGTTAGCTCTTATGGTGAACACAACCAGCAACACCGACAAATCGGCGTTAGGTTGCTGAACTCGAGGTACATTGATTTTCCCGGACCCTCGCTGCCGATTAGTTGGGCTGGTGTGGTTGAGCAGGACCATTGTGTCACATCCGTATTCGAATCGAGGTGTAGGAATTCGACGGCGGGACCGACCGCCGAGCCTGCAACAGCCTTGGAATGTACCTCAAAGTATCAGCCATGACAGATGAGTCGTCTTAATCCCAATCCGGGACGATTAGGCCACAATCGTGTTATGTGTCTCTCATCGCACGCATAGTGAATCCTGAGGTCCCCCACCCCAAATCTTGGGC,529,49.34,Caenorhabditis elegans
SEQ_244779,CGCGGAGCAAGTACGCGAGAGGATGGATAGCAGCGATCTGCGCCTGACTTGAGTGCCTACCCGACTCCCTGTGCTCAGGCGTGCGGTAACAGCCTGCTGCCACAACATATAACTACTCTCGGCAGACTACCCTCCCGAGGCTGGGGCATGAAGAAAGTTCAGTCCGCATCATTAAACTCTTTGAGTGTATATACATGGGTAGTAGTTTGCGCAAGTTAGTGGGTACACAGTTCTCGCTCGCGCCAACGGCAACATTATCAAGTCCTTCGTCGGCACACCCTGGACTTGGAACTCAAACTCAAGTTGCCGATTTCCACGGACATTTAGATTATGATCCGCGAGCTCTCGGGTAATTCCGGCGCATCATGCCAGGTGAAGTGCCCGTACATCCAGTTACTGCCTAGTGGATCGCCGTGTAATTATGGATCTAGTTTAACTAGGATTCTCCCCGCCCCTTTTCCGGTCTTTGCAGCCACAGACGGATTGCTCGCACGGACGCGAGCTGGCACCTTTTTAGTTAGTTGGCCAGGACGGTCATCTTGGTGTCGTCCGATTTGTATGTGGGGCTTGTTTACTCACACTCATGATTGGATATCGAAAATGGCCTGGGTCCAGGGAGTAGAAACCTCATCCTGTCATATGTACATCCGGTTGCCATCCCTGTTGCGTGCCGTTTTGGACATCTGGGGGCCCACTTCACATACAGCCAGGTAGGTGGTATTTAATGATCCTGGCGCGCAGACTCCGAACTCGTGCCGATTTTAGGTAGGCGGAGATACACTAATTAGAAAAACCAGCTGCCCTACGAAGGCGATGTAAAGTGATCTTACAGAATCTGATGGATACGATAATCGTCCCTGTGTGCGGACGCTCTGGAATCCCCTGAATTGCTCGCCTCTTGACCGGACCCGTCAATATCATGGATTACTTATTGCCTGATCCTGCTCTTCGACCAGTTCATCTTTATTTCCGTATATAGTCGTGTTATTACTTCTAAGAGAATCATACCCTGAGTTACAAACAATGGCGAGCTCTTGACGACGCGCGCGATTAGGGACGAGAATCCCCGCACTTTGAACATTTGAACTTCGAATGTCGTCGTTTCTCATACCGAAATTCGCAAGCATTATCGATCCCATGGGTAGATCACCGGACGGGGTCTATTGAAGCACGAGAACCGCAGATGACTATCTATACGTTCTGAATCAATGTTGTTGTTTGACGCGCATTGTCTCTAACGGACCAACATAAGCGTGCAAGCCGGCTGTTAGCAATTGTCGCCTTTAGTCCGCGTTATTTTGCTCCTACAATTTATCAAGCTCGGTTTTTTCAGCGTGATTAAACTATCCTTATATGTCTCACACAATATAGACGTAGAGGCCCCCTCCTCTACGGTATACGACTACAAAAGTCAAAACCGCAATGCTCCATCTGGCTCATAGTCAGCCACATTCTTGATCCCTTTATCCATGGCCAGCAATGGCACAAACTAGGCGCAATCCCTAACTACTCCCCCATCGCAGGACGTAGTGCGAGGCCTTAGATCG,1547,49.58,Drosophila melanogaster
SEQ_696763,CGGAGAATGGGGGCGGACCAGTTAAGTCAGCACTAATCGATTCTCGTGGCCCGGGATCACGCGGAAGTTGCATAAATAATATATATACACAGCGTTTCCCTCGCCGGGGTCCCATCTGAACAGGAATAAACATGAGGTCTAGACTGCCGAGCCTGCTCCTCCGCGAAGTCTCCGGAGATTATAGCAGAACCCTTAATATAAATCGGGGCTGTGTCGAGTTCTAGTGGTACAAGCTTCGGACAGTCTGCCGAGTGTACCCTGGGCAGATGTCAAGTGAAAGACCGTGGCGGACTGGTATGGAAGAAACCGGTTGCGATATTGCGGCGTATCCCTGACAGCGGCCTGTTGCTGTACAAAACCGCTCAATCAAGTTGCCGGCAACTAAGCTTTTACACAGGATGACTTATTCGTCTAGGAGTTGTAATACATTGATCTTTCGATGGCGTACAGTTATCTGTATTCCCCACATAGCGTAGAAGTCACTTTCAGGTATCATGAATCAAAAATATCATCGTTCATTCTGGTCTAAGGTACGAGAATGACAAACGCCTCATGGGGTGCGGGACAGAATCAGGACGATGCTGGAGAGGAGCACAAAGGCAACTCCGTAGTGCGAATAGAACGAAAAAAGAATACGGCTGTTGCACGGGACATGTTATCCGACGTGCACAGGCCTCAGTTCCTTCTAACATGCGTATCAGGAGGTACGGATGCCTTGTCGACGTCGCAGGTTGACGCACACGAGCGCCGAAGGGCGAGCTCCTATCATACAGTGTATTGCCCTTCTAGAGCTTACACTCATCAGGAACTCGCGAGTAGACTCGTAAGATCGGTTTCTGGGAGTTATTTAGCTAGTGGGGCGGCTCCAGGATTATCTTTACTAGTATAGCACGTCAATATAGATTTTGCATCGTATCCCGGCCGAGAAGGACATATGCGGGCCCCGTCGACCATGCGTATTATGAATTTAACGAGCTGATTAGTAATGGTGCCCATGGGGGAAAGTGTTCATTCAAACGCCCAGAGCCTATTCTTGTGTGGTGGAGTGTCGCCGGAGCAAGACCCCGACTGTTCAGAAAGCAGATGAGGTGGCGCTAAGCGTGAAATGGTCCTTCTCACGGATCCCTAGCTGCCGGTCCGCCTAAGGTCTAAACAGACTAGAATAGCCTATCCCGGCCCTCCCAACCCATGTAAACCCTAGTGACGAACAATTACGAACGATATAACATAAAGGCTCCAGAATTGCACCTTGAGTACTGAACAGCCGAGGTGACTTTCGCCACGTGTCGTCAAGAGTTAACTAATCTTGTCGTTTGGGCGGTTGAGAGGGGATGCATAGGCGGGCACGACGAGGAAATGCGCCAACCCCGACCTCCTTGCTCCGAGCCGGTGG,1393,50.83,Escherichia coli
SEQ_761514,AGCGTCTCTGCTCGAAAAAAAAACCTAGACCTCACGTCCCTCTGCATGGCTGGGTGCGGGTGGAAGAGTTGCAAGCAGCGGAGCATATCCATGGATATGGTTAGTATGCAGCCTCCCCTAGGATTGGACTATTTGGATGGGGGACCCCGGACCCCAAGAGGTGGGGTATCCATTCTAATTAGGACCGTTCGTTAGTATCCCCTCTCATCGGTCTTTAGGGACTCATACCAGCCGGGGTAAGCTTTGACCGGGATGAGGCCCTGCAATAGCTTCAGGCTCGCTGTCATGACTTACGCTAGAGCTACGTGCGTTCACAGTTATTTCGATGCCTATCCGCGGCTTACAAATGTATCAGCCGGGCGAGGACGAGGACCTTTCTTAGAACCCCAACCAGCGTTACGCTATAGGAAGTACCCGTTGGGTCCCTACAATAAGCGCGGGCATATAAGGCACACCTGAATATGGGTAACGGCGCGTTATCCCGTGCATGTCAGCTACTGTTTCCTGATGAAACGAACTACATTATATAAGTCATACTACCCCCAATGTCGCCAGACCACAATCCTCCGTTATCAACAATTCAATTCTGCGGATTGATACCCAAAAGCTCTGGTTACCGTGAAAGGTTCATCAATACCAGGATAGGGGTTAGCAATGGTTGCACTAGCCTCCCTAACGTTATCAAACCCACAACAACTCGGCCCTGTAATTGTATGAAACGGAATTCAATCGTCTGGGAAACACACAGGACTAAAACGAGGGGTGGACCGCTAGGACTCGCCAATGTGCTTGTTAGTATCAGATCCGTAACGGGATCACCGGATAGTAAATAGGAGGGAAATCGCCAAAGCCTAGCTCGTTGGGGAACCTGATCAAGCCATTGTTTTATGCGAGAAACTCTGCTCCTGTACACGCATAGTTGTCCAGGCAGGATAACGGATGAATTACTTTTGTAAGCAAACCATCCATACGAATAATTGGCACAAAACCATGTTATACTTAGACGTTAGTTACGGCAAAGTGGTAATCGATTGCGCGGTGCCACCCCCGCCCTTCGCATAGATACGCCAAGCTAGGCTCCGGGTGAGCCTAATCTCCAGGGCAGTGTGCATAGACTCCAAATATTGGCGCGTAGTCTGCACAATACTATGGTCGCAGTTTTATTCATTCAATGGCAGAGGGCACGTTCCTACGTAAACCTCAGAGCGACGCATCTGTACTAGCACCGCGTTGTATAGGCCCTCGAGTGCAGGAGCCCGGAGCTCGAAAGCACGGCAGGTGGCCACGGCGTCGTACGGTAATCTTTTTTGTCCGCAGTTAGACCTTCGTAACGGAATGGGAGGTCGATAAGTGAATCGTAGCATTTTAGATTAAGGTAGGACTGAGGCAGCGTGTTAGTCCGTTTGTCTTGACGCGAATGTCACCTTCAGAGTTAATAAAATTCGCTGTGCCTGCGACACAGTGTCCTTTCTTGCCGAGGGATTTAGAGGATTTACCCTTAGTGACTACGTGTGCAGCTGCTCGTATCGCTTAGCCGAGGGCCTGGTAACGACCAGCTGGCGAAGTAGCGGCCACCTTCGCTGGATCCCTGAAGCTGGACCATCTCGATAAGATGACCCCCCGCCCTTGCACCCCTAGTAATCTTAGAAACGCGACGACTCCTAGCAAGATCGGGCGCCGTCCCAGCTACGCACACCTTCTTGACCTA,1708,50.88,Mus musculus
SEQ_621390,GTACGCGAGTACACGTCCGGTTGTGTCCCGGCGCTGCGTTTGACCGATCAAAGCGCTTGCCGATATAAATCAGGGACACTATCGACTCATAGTTGGTAGTCATTTCTCCGAGCCAAACGCCCTATAAGTGGAGCGAGGACTCCAGGGTTAGAAATCCGCTAGACCAATTCAACGCGTCCCAAATAGACGCATCATTAGTCCGTACGGGACCTAATACCGTGATGGATGCAATACTTTCCTTACCACTTCTGAACGGATGCGACTCCTCCTGACTGGTCACCTTAATTCCCGGTGATGCTCGCACCGATCGACCATATTTTACTGGAAGATACTCTGATGCTAGCCCCAAGGCCAATGACCCGACCCCCGACATTGACGCACTACGTCTGCTCCCATCCTCCTCGAAAGCGGCATCTCGACATTAAAGATCTATAATACTGAGTACCATCAGGACTCAAGAGATTCAAGAATTATAATCTAGTCAGCAATACCGTCCCC,498,50.0,Mus musculus
SEQ_259824,ATTACCCGGCTACCAGGGAGCAATAAGAATCTCTATTGGCCTGCACATTCTAATCTGCATCCCAGAGGGGATGCACACTAGAAACCCGGAGCAACCGGGACCGTGAAACGCGCAATCCGTACAACGTATGATTGTGTCGAGCTTGTGAAGTCCCCGAACAATATGCCTGACAGGAGCCTCTGTTTAATGTCCACACCACCATTCACAAAGAGTTGTAACGACTACACCTTTGCTTCGAGTACTAACTAAATTAGCAAGTGGAATTTTTAGACATCTTATCAAGGGATAGATTTGGCTATCACCCCGTTTCAGACAGGATACGACCTGCGGCCGGGAGTCCAGATCATCCATGACTGTTAGCATGTAATGGACTTCCTGGCCAGTTGCCTTTACTTAACCTCCCCAGCGCTAGAGATTGCCCGAGGACAACTGACGCTGGCGTTCGGTTCACCTGCCGTCTTGTACGTAGAATCAAAAAGAACTGAGACACGACGATATGAGGCTGGCAAAGTGTGGCTGAGAGATAGTGCCCCCCTCCTTAATTTGCCTAAGTACCGCATCCCTGACTATCGGTCTTGTCCGGGGGGCGAACTCGCATTGAATGGCTGTATAGCACTCGTCTACCCCCATACAGCTATACGCAAACCCTTTGGAGCAGAACTGCTTTCCGTTGTATTGATTCGGTTCAATTGTATAGGCCGATTTTGTACGACGACCCCTACCCAGAGGGTCGATTAAGCTTAACCGTGTGCCTACATGGAACGTCGGGATACCATCTAACGTGTCGTCAACAGGTTGGGGCTGTTGTGGCCCTTGACTCGTTTGTCCCGGCCAGGTCGGATTTATGAGCACGTACCAGTGACCTTATGTCCATGCGGGACTTCTCGGGAAGGTTCTAACTTTGCCTCGGGAGCAAGACCTTCAGAGCAACCCTGCGTTGACGCCCTCGGGGCCAGGTAGACTGCTTAACAAAATTTGTTCTCCACACGAACTTGAGCTGTGAGTAATTTAACATCATCCGGTCGGACCATGCCACCTCAGTCACGGCTGTGATATGGGGTCTTCTGCTGCTTGTGATCTGTTGGGCACAGCGATACGCAGCAACGGCGAGGTAGACCCAGGACTTAGCAGGCCGCGACGAGCGCAGTACTCATGCCGGATCATATGACGGAGTTATAGAAGGGTACAATCTCTCGGTAATCCGGTACGGGCTCACCAAGAATGCTTTAGATGGGTAACCATAGTCCTGGTGCGGGGGCACGCGGTAGACATCGCGGATGTCAACTCTGAGCTTAGTTCTGCGATGTAGGCTAGGTTACGTCAGTTCTGCGCCGAGTGTATCCGAACATCATAACTAAAGTGGCTCTTTCCCTAAGAATGAAGCTCCCCATCGCCATGGTAACCTGAGAACGGCCAGATCGGCCGCCCCTTTGGCCTAATGTGTAGGCCGCCAAAGTTATTAGATCGAATGGTGGTGCCTTCTCCCCCGAGCGGTTGTAGTACGCATCAGTTACGTGAGATATTAATGTCGTGTCTATTTAGCCGGAAAGTGGGATCCGACATCATAACTTCGCCCCGAAGGTGAAAGATTGTGGCCTAACAGGACCACGGAAGGCCAGGCAAGCTGT,1628,51.54,Mus musculus
SEQ_788340,GTGCGCTAAGGTCACGATAGCCGGAAAGTCAGGCTTCACCTACTACGTACTTATTCGCTAGACAATTTACACTTTTCCCTACTAAAATGTACAACACAGATTCCATTGCCCAATCCGTGGACCCTGTCTCCACATCATGTTTTTACGCCAAATTTCCGCAGAAAGTTCGGTCTGGAACCGATTTAGCTACATGCAAGAGTGCGCGCTTATACTTATACTAAGAATCGCGAGAGTCTGGACGAAGCCCTGAACAAGCAGTACCTTGGAGATATCTCTGTAATTAAATCTACTCAAATTTAATCGCAGGGGCGAAGTCCTGTGCTACTAATACAAGCCTCCGCGACGTCCTAGGGGAAGCCGGAAGCAATCATAAGCATGAAGTGCTTTCATGCAACTTCGGACTGCGGCGGCGAATAAGGCTTAGCAATAGACATCGCACAGAAGAAGGCCTGGGTACTGCCCCCTTCCGGACCTCACATGGGGCAGCCTGAAAGGTGGGTAAACAACATATCGCAGCAGGGCCGCCAATTTGCCACTGTTAGTCCGTAGCTGGGCCTCGCACTCGTCACCACAATGGCCGGAGCCTTCCTTAATTCACCAGGGAAGGTCAGTCGCATGAACAAACGTAGGTTACGAGGATTAAGGCCCGGCTGTTGCGTGGCCGTAGACCGACGCGGTATCTCCGCTGACCGCAAGGCTTTTTTTCCATATCCGGGATTGCATAGTGCAGGTCATTAGAGAACCGCCGAGGGAGATAAGGCCTCTCGATGGGCCGGAGGGGACTAGGTGCGCCAACTTGCAAAGTTTAGTAGGCGCTGTCCAATGCGACTCGACGCGACGCCAAAGTGCATTCGGTCTTCTAAACGTGATCCTAACAAAAGCTGAGCAATAGTGCAACACCATTTATACAAGTTGAA,917,50.71,Arabidopsis thaliana
SEQ_550432,GCCAGAAGTTACTATACTTGGACCTCCAGCCATCCCGCATCGGGCCGACTAATGCCGTTATGTTGCGATGCCGCATAATGATTTAGTGGACTTCGGCGGCAAGAAGGTTAGAGTGACGCCAGTATCTGCGCATTCAGGTAGAAATACGAGAAGGGCAAATGACGCCTTACGAATCTTTGTCCCGAACACCAGACGTGATTGACACGGGCCACGTCCAGGGAGTCTTACAGACAGTGTGCCGTTAAAGACGCGAGTGATTAAGCGTGTTCAGACTAAGGCCTCGGATTGGATTTCAGGCGCATGGCAAGCAAAACAGTCATCGTGTTTAACACAGCCACGTACCGAAGAGGGTGCCCGGTATGCTAGCCGCCCAACACGTGGGCGCGGCTTCAACGCTAGACTAACTTGGGGTGTCGAATCAAGTATGACGATGGATGGGGTGCCCGACATCGTAAGACGCTCTCTTAACTGCCGTCAGACAATCATACATTCCTCCGACGTGTGGCGTTTTGAATATCTCATGTGCCGCGGCACAACATCTCGTCATCAGACCTCGGTGACGCGGGGGCGGCGTCGCCCTCGGATCCACTTGTTCTGAACTCTAGTCGTGCCATATCTTTGGATAATC,628,53.18,Drosophila melanogaster
SEQ_396027,TATTGGAGACCGAGCTTCAGTTGGAAGTGCCCGGATGTCAGCATAGGACATAACCGAGCGACTAATTTGTTACCCATGTCTGGGCAGTCCAAAAGGGACCGATCAAAGCCTGCTCAAATTGCGGTTTGGGTAGAAATGTTTGATGGCCACTACCACCGAATGAAGAGCGCTTAGATGCCCATATGTCTCGCTGTGCGTCTGGGTCTATGGCTAGCGTAAGGTCAAGATACTAGTTTAGGCGCCCCAGCGCTTCAAGCCCGGTCGCACGCTATTGGCAAAGTCTGCGGGTAGCGCCTAATCTTCTATTAATGATGCGGTGGCGACATACTACTCGGGTTCTTTTATCGAATCGCCTTCCAGCATAATATGTCATAGCCTAGCTCCAAGGTCTACCGGTATTAGCAGGTTAATAGGCTAGTCCACTGCCA,428,50.23,Mus musculus
SEQ_505024,TTACCAAATAGGTCGTTGTCTTGTCAAATCTGTGTTGCAAATCGTGTTTACAGTCATGCTGGAGATACGGGGACAATAATGGAGTCTTATGCTAATGTCAAAATATAACGTTCAGGATGGCGGCAAGGAGAATTCAGCCCGGCCCCACGTTCCCACCTCCTGCAGCCTGTAGTGCCTTCTGTTATCGTCTCTCGACTCCCAGTACCGGGCCGACCTACGGGCATTCTATGACCTTATGTAGACATAAACGCCTTTCAACGAGCTTCCGGTCGTGCTTTTGGAGCGTTACTCCGAAACAATCTTGAGATCCTGGGCTACACGTCGCTCTCGTTTATGCGGTGCAGGGAGCCGCGTAAGTCTGGTTAACACCACGCCTGTAGAACTAATCAACATCGACTGCAAGGACCTGAATACATTCCCTTTATAGCCGTAAATTTTTCTCGCCTTATCTAAGTGACAGAATGCGTGATTAGCTGGTAATGAACAACCCTCATGGGGGATTCGAGGACTTAGCCGAGACAGTACGCGCCGAGAAGTTGTTCAAAATTTTGATTGGGACATTAACCGTGAGGACAACCTGGAACGTGATACAGATCAGGTCGGGGTTATCCGTTTCGTTGGAGTCTACTCCGCCAGCCACTAGTTAACAAAACAATGAAGGCCATATCCTTGTGTCCTGATGCGGTTAGACGACTGGCTTACCGGTACCTCCGCGTTGACCAACGTTAAAAGGGTTGCGTTATATTGATACTCGATCGGCTCTTTTGTTATACGCAAGGATCCTTGGGATACGTGAGCTCTCCTCAGACAGACGAGCGAAAGACGACTGTAGTCGATGCAGACGTGTATGAAGTAGCATTAAGTGTCTTCGCATCGTTTGTGAACGGTACCCGATCCCATTGACACGTGGGTGGCTGTGGGGCAGCATGGGGCCAACCACTGTGCTTAATATTATCGTCTTTGATCATCTATGTCCGACGCTCTAGGTTTCGCTCACTAATGCTTATGACAACTGTCTGACTGCGTTGTGGGCCTTGCCATGAACCTTGCATTAGCAGCCACACAAGTCGTAAGCAGTAACTTCCTTCCGGGATAGGGTGGCCCTCACGATTTATCATGTGTCCGTCCCAGCGTTAAATCCAATAGGCCATCGCTTGTGTATGTGTCCACCTGGGTCACTATCCATGTAACGTACTTGACATACACTCGTTATCCGCTAGTCACTGTAGTCGCTATAGCCACGTGGACCACGGTAGCCGGATGCCTGGTTGTCCCCAGCTCCCAAATAGATTTGTGAAGAGCACAACTATCGACTGTACTAGAGGCTAAGCCCATGATATACTAGTGGCCAGAACCGCCTTTGCCTTTAACCGCGATTGTTTGGTTTTGAGGTAACTTAAAACCCACTACATTTAGACAAATCTACTCGAGCTAGCCATCCTAGCGGGCATAAGGCGTCAAACAACGGGCTAAATATGCAGGAAACGAGTTTAGTGTTCAGGGTTCCGGTCGTATGTGGGAGCGCTAGTTAGGCCTAGAAGCAGTCCCGTTCCCGTTATCACAACGGTCGCACTTGTAGTTGCCATGGATCCGTTCGGAAGTAGGTGGTCGTTCGATAAAAAGATCAACACTAAC,1635,48.87,Arabidopsis thaliana
SEQ_824927,ATCTCAATAGTCCTTTAAGGACGGGTGCTTTTGGCGATACTACCGAGGGGGTGCTCGGTCCACCAACACCCATGGATTTTGAACGGCTGATAGACGCCCGCGGTCAATTGGCAGCAATCGGAAGACCATTACGCGGTACTCATGTGTGTCAGACTGCTCGCCCGCCTGTCGGTTCCATATGCGTCGCCGGGTTACAGAAGCGTCTAATAGGCCGCTCCATTCCTGCAAGTAGCGGCCACATGGCATTCGATCAGCAAGACGGCATTAGTGTGGCACAGTGTGACGGTCTGCTAAACGCAGCCCTAACTGACGTCCACTCAGCGATTCGGCCAAACGATCGCCTAGAGGTACGGCGAGGGGTCAGAGAGAACCCGGTACTCGTGATCGGGACGTATAGAAATTTAGCGGACGGGAGGCAGGAATCGGTACGCCTATCTAGCCCAGACGCTAGCGGTTAAGGATCACTGCTGGAGGCAATGGTAATGGCAGCCACGTTAGCGTTTCGTCATGTGCCACCTCTGTCTAGTGTCATGGGTGGGCACCTGTGATCCTGGGCAAGGCCTAACAGCATGACCCGAAGCGGATAGGCAAAGATTTCCTGTCGCACCAATCCCCTTGCCATCGATTACCAGTCTGACTATGCATGTCTATCTGAAAAGGGGGTCCTGCTACCGTCTGCAACATTCACGATTCCAGCAGCGGGGGCAAAATTCCCGCAAAGAATCTTTTAGTAGGTTGCGAAAATGTGTTAGCATTCGTATACGTCTGTAGCCATAGTTTCACGCTTGAGGTTGCGAGTATGAGACACCTTTTCGAATACGGCTCGGCGGGATTTGAGATACTGTTCTCCTCTACGGTCGAGTACCGGTGTATATTACATTCCCCGCTAGTACTACCCATGCACTTTGAGATCGAGAACCAGGCCCCATTAAGCACTACGCTCAGCAGATGTTGGGCATCCGATTACTCGCCTTTTTAAGTGCAGACCATCCGTGGAGCTCAAACGCCACTAATCCTGTATATAGAATCAGTTCGCTTTCTACACCTTTAGGAATGTCTCGGCAATGACGGGCGCAGTGGAACCGGAAGGAAACACACTGAGTAGTATTGCGCGTGGCCATGTTATTGTGTGATGAGGTCAGAGCATCATATGTATCGAGCAATACACGCTATTCAATGGTCCATTTTCTAAACTACCGGTAAGCGGTATCGTAACTCTTCAGCACGCACAAGGACTGCTGTCAAGCCTCGAATTCGTAGTCCGTGCAGCAGAATATTCGCGGCAGTATAATAGTGTCGGCGTTTTAACCCCAATGTAACGCAGTATATTGGAAGATTGGTACTCCTAATTTCGTCAGTAAGGATTACTAATGATAGAACCCAGGTGGCTCAAAAAGGCAGCCCGAAACATTGTTAATGGTCTTACTTTGGGCTATCAAACGATCCAGCATACAGTCCGTAGATCGATCCGATCCGGACCCCCAACTCACGTGAAAACGATGACACGGCCATTACCTTCCGCAGTGCTGGCACCCATGAAGACTGTCCCGTCAAAATCGTAGAGTCCCGAGTTTCTTAGTGGTGGCGCGGCAGGCAAGGGTGAGGCGCAATCATGAAGCGCTCAGGTAACTTCACTACTATAATATGCAAAAGGTAACCTTTCTTGTAGGGCTCGAATGCTTGAGCATGGCTGTTCCCGTAGACCGCAGTACACTGTGCTCCCGCAATTG,1730,50.98,Drosophila melanogaster
SEQ_451692,AGCGCCAATTCGGCCCGGAATTCTCTGGGCTCTGGAGGCTTTCGTAGTGGTACGATGCATTTCATGTGTGATCTCCGCGTCCCGTCCAGCGTTAACGGCACCCTGAAGGTCCCAAAGAAGCTTGGTGGATCCACCTATGTTCCGCAATAACGAAAAATAAAAGTTAAGGATACAGTTGTCATACTCCCTGGTATCACTCTACCGTCTATTCCCCCCTCACCCACTGGCAGGGTCTGTACATTTGGCGACTGCGATACGCAAAAAGACCGACGCTCTGACTAGATTCGGCGTATGCATCGTGACCGACTCACATTCGACCTCAATTGTCGTACGGATTTGTCGACGTACTTGTAAAAGATCGCGCCACCACCCACAAGACTCTACCATTCCGGGAAGGTCTTATGCCAATCGATTTTGCATACGCTTAAGTACGAAGTTGTCATCCGCCGGACGTATGCTTATAAAATTGGTCGATTAGTGTACTAGCGTTGCTCCTGCTTATAACGCGATCTACTAATTACGCGCCTAGTGGACATTGGGGAAGGGGTCGGAATACGAATCACAGCTTTGCATTACTGCTGGTGTTTAATAACAACTCGCGGCCAAGATTACGTTTAAATGGACCAAAGAACGAGTTATCGAAATTCAGCACGCGTCGCCTTGGAAGAATCCCGATACATGGGGACCGTATATGATTTCTGTGTCCCACCCGGGCCTGCTGGTCATTTGTACGATAGAGGTTACGGTGCGCCGCCTTAGAGTGGAGAGGAAAGCCTCATGGGTTGTTTACCTATACCGTTCAGCATACGCGCAATGCGACTAGAGGGTGTAGTCGGTGACTGCTACTTCTTTTCTAACGTGCAATTCTCGTTAGAGTGCGGGATTCGTAAGGCCCTTTCAGAGAGAGGCTAGGTTTCCTTAAGTATTTAGTATATGCTTTCCTCGATCGAGGCCTGTAACGTTAAGGTTAACACGCGATACTTGGGGGTCGCTCAACCTAGGTCTTACCCTCGGCGGTTGGATGCGCGGCATTCGCGTCACTTACGAGTCCGATTAAAAGGTACTTGTAGGGAGACGTTGGGCAAAGCAGCTTATGCCCGACAGGGAACTGGCAAGGCCTGCCCCAACCTGGCGAACTTGTATCACTAAAACGCCGCCATAGATGATAACCACCCGTGTCTCAGCGCGTAAGAAGTTAACATGAGAGTTCGGGTGGCCCGAACAACTGAAGCAGTAAAACTTAGGGTGAAGACCTTCCCATTGACGTCGACGCTGTTAACTCGACACTAGTTTAAGCTGAGGAGGCCCGTAGACCGTGCGCTGAATGCAACAACTCGGCGACCTAACTTGAGGTGCCCTGTAATAACAGTCGGTTCGTATGAAGGTAGTACCATAATGGCGCTCCAAAGTGGGTTCACATGCTGATGGCTCCCAGGAGTTACAGCACTTTAC,1452,50.14,Drosophila melanogaster
SEQ_254780,GCTGTTGATAGACCCGTGGGCCTCAGGCCGTCTGCGCAGCAGGTTAAGTAGTAAGATCCGGATCTGCACCTCCCTTTATATCGTCCAATTCACGGTCAATGAGCGGTATGCAGTTCGGAGGGAAACCCATAAGCGGCGATTACGTAGTAGGTCTCATGACCTGGGACGGGTAGTAGATCAAATGCATTTCGATGTGGGTATCTTCCTGTCATTCACTGACCCTGTTTATGTTATCTGAGACTTCCGGATAGGAATTAAGGCTGTGTCAGTTTCCCTGTGCGCGGGCTGGGTCAGTAACGAAAACGTCTGTTAGTGATACCACCAGATACGAAGGCAGCAGAGGATTTCCCAAAGAGGCCACGCCTTTGAGGGGAGGAGTTCTAGTTAATCAATTCTCGAAGTACGCGCATTAGTTCGTATTTTCTCGTGAAGGAGGCAATGAAAACGGTGCTTGGAATCTACGAACTATTGTACACGGGCTGATAACTCTAAAAGTAATCGAGACTTGATTACACGAGGCTACAATTTGCAAATTATT,538,47.4,Arabidopsis thaliana
SEQ_713204,CATTAGGCAATAGAAGACACTTTATCGCTGGAAGGGGATCCAATCAGGTTGTGGCTTGATATGGGGGATGAAGGTTTTGTTCACTTTGATTGCCGTTCGACTGAAGTACCGTAGTAGGATCACGCATTAGTTATAATCATGAGCTGTCCATTTGTCCACAATTGCGAGGGCTCAAGCGACGGGTTGTCGTCTTAGTCTCCGATAACTCGAGGGTCGCGCGCTCCTCTATTGCTTTATTGAGCCAGTCGACGGTATGGGCTTAAGCCGACGAATGCCCGAGTCTCCCGGCGACAGTTAGGGATTTCTTCAATCAAAGGCCGGAACGATCATTCATTATGGGTATCCGAGGGAAGATAAAGCTTCCCTCACGGCCGGGCGGCTTACAACTGCAAGCGTGCGCTTTCGCTCTCTTGAACAAAACGTGGATATTCATTCCACGCGCAGATGCGGAACCGGGATATGGTAACCATCTGAGGTACTTGGACTTCACACACCTGGACCCTACCATCGGTAGAATATATATTTCCTATGTGATGAAATCGGTGGTCAGCATGGGCTTGCA,562,49.64,Saccharomyces cerevisiae
SEQ_934792,ATTTTGAAGCCGCGTAGCTATCCTGTTTTCCTGTAGGGGTGGATGTTTACTTAGTACCGGCGCATTTTTTTAACTTCCGTCATGACAGTCTTGAAAAGCGCCGCCGCGTAGTTTTTCTATAATAAAAGGAGGGGCGAAGATTTCCGGAGCACTGTCTCATTGCAAGGCGATGTCATATAAATGGGGCACCAATCAGACGTGCACCAGTTCGCGAGGTAAATCCTCAACATTTAAACCGCTATCGCCCCTCTCCCAGATTGAGCCTGATGACGGTAAGGTTCAGTGCCCGCCACTAACGATCCGAAACTACCCTAGGGGAAGTGATGATCAGATGCTTCGGGCGATCATGGGTTGCGAACCAAGTGAGTTGTTAAGAACAAAATATCATCCTGGCTGGAATATCGGGCCTTACGATCTGTGAACTTACCGTATGTACCAGGTCTAATCGTAACCTTCCGTTTGATCGCACTGGACTTTAACGGAAGCTCGTCCTGTATCTAACTAGATGCAGTCCGGTGACTGTTTGGAATATAAATAATAATGGACTGTGACGACAACTATCCTTAGCTAAGCTCGCGGGTCTGATAGTTATCACGTATGAAGGTACGCCTATTAGTGCCACGAAGACCGGATGGCTAATTTCCCCAGCACCTTAACAGCGATGGACCCGAGATTGTATCCTCGGGTCTGAAGCCCTTTAAACGAACTGGGGCTCAGTGGAGAGTCCATCATCCTTGTAGTTAGTGCTGGTTTAAACGTCGGGTAAATTAAGTCGATCCATGACTGAGGATTGTGAGGAAACGACGTTTCCTCAACCCGGTTCATCTGCTAGGATTTTGATGGGTACTGTTCCCGATGGCGGCATTTTTATTTCGACTGGAGCCCTTTGCTTCTCCACCCCCACGTGTGTTCGGATCAATCATTATAGGTGTTAGGAATTATACGAGCAAATTGCCGTCCCTGGACATGCTCACACCATACGCGCGAAAACTGTCTCACTTCTCGCCTGGGCTACCCCTCGGACCACGATGTGGCGGACCTATGAGAATTTTGTCCCTCGTTCCTATGTGTTTCAACCTTAACACACAGCGCGGTAGGAGCCGGGACGGCACCTGTAAGTCATCGATGAACTAAGACTGTCGCCGACGATTCGGAGTTCGTTA,1163,48.67,Arabidopsis thaliana
SEQ_982184,CCATACCCCGGCAGACCCACGCGTGAGATCGTGGCTAGTCAGCATCCATGCGCCTGAAAATGGAATCCACCTAAGTCAGTTCGGCTTTGGCCCCCAAGAGACCTGGATTGGTTCCTTGGCATTGGATTACCTAGTGCAAGGTTCGTACTTAGATCGGTTACCTCGAGCATTGGAGTAATAACCTCCGTTTATGCCAGCTGCTATGCGAGTGGCCACATTGGGTGTGGGCCGTCACCCCTCATGGCCGGAACTGAGTATGCCTATGTCTGGCTCGAA,276,54.35,Caenorhabditis elegans
SEQ_534496,GCCACCTGGGTATTCTGCAAAGGTCAAAGTGGCCGGCCTCGTAGAAAGAGTACGGGATTTCGAGAACCGCCCGCCTCATCTAGAAACTTAAGCACCATCGCATTTGGTCCTAGGTGAGTAGGGAAGCCCGCAGAAATGAGGAAAAGTAAGCGTTTACAATTTCGAATTGGTGTCTAGAAGATAAGAATGTCCCCCGTTTTGAAGGTTGCTGTAAGCTCAAACGTACTAATAGGATCGACTCAGGGCTCTCGAAAGGTAGAACCTCTGCTCTAGAGACACCGACTGCATACTTTTCTACCTACTTCCATTGGCGGGGGAAACCTAGACCGATCACATTTTGCAGAATCTGGATTTTCGTGCACTGCAAGATAAGTCTAAGTATTGCCGGTCCAACGGTTAGGCGAGCCGAACTCTATCACTCACTCGGTTTAGGAGTCGCTCAGAATTTAATAAACACATTCCTTCTTGGTTTTGTATTATACGCTGTAGATATCGCCGGCCACACGAGTTTAGTGAATGTCACCCCTATGTAACTGTCTATCACCGCCTTGGACTCCCAGTTGGATAAAGTCCGCAGTTAGCCAGGCCTGCACATTACTGAGCAATTAACCCATCGGATCCAGACCACCTTTGATTTCGGATCGCACCAGGATGCTCATCGAGTATTGGAAGTCCCGGACTCGAGCGTATGAGTACAATATCACTCCCTGCCGCCGGATTGGAACGCAACAGTCAGTCACTATAAAGTTGTCCCTTTCAGGAGATCGAGGGGTAATCAGTTGTACGGATATCGAATCTGACGGAAGTAATGCGGCTAGGAAATTGTCGATGGGCAGCGTCTGCGTAAAGAAAAAAACGGTGGTAGAACGCTTTCGAACACTCATTCCCGCAATGCAACGCGAACGACTACACAAGGCCAAGGACGAGAAAACAGGTTTGTTCCGAATTATGACCGCAACGTCGGATACAAGCTGGCCCCCTAACTCTTCGTCCGCTCGCGGGCGAAATGTGCTGCGAGAACAAACGCTTGTCTGGGTCTCTGGGATAATGTTTGTTCACAATCGGCCATGCCCAGTGTGATGTACTGGCCGGAGCCCTGGACCCTGGTCGGCCTCGATGCGACCTAAAGCCAGTTGCTTACAAGGATGTCAAAGTGGTCCGGCAGGAACCGTGGCCACGAGAGTAATCCCTGACGGCGAGAAGACTAATGTTTCAGCGCTTAGATCTTGGCGCCGCGTATCCATCGCGACCATACTGGGACGCTGCATACCCTTGCCCGCTT,1282,50.39,Mus musculus
SEQ_444875,GAGTTGGCGGTAAGCATGATTATGTTTAGAAGGCCGTGACTATACTTAGGCCAATAGCATAAGATAGTCAGGCTCAATGCGTTGAGTCGCCTCGACAAGCATAAGCGATTCTTCAGAACCCCGTATATCAGCCCCATCCCACGCTGGAAAACAGTACACCGGATCCCCGCTGCTCTCATACTGGGCAGCATACATCCAAGAGGCGCATTCGATGCACAATAGGTCCGCCAGACGATTCAGTTTCCTTTGGCCTCGCAATGTAAGCTAGGTATATCTTCTATAACAGGTTAGACTGCCCGCGGAAAAGAGGGCTGAAAAGCCTACTGTGAATCCTCCACTTCTCATATAGAGTAAGGAGCATAGCGAGGTATCTACTTCAACACCTGTACTGGCTAGAACCTATCAAGGTGCCAACAAAATAAGAGCTCGCCTTACAAACAGAGCGAACGGCGTAGTCTCGATTCACCTTCCGCTATGGGTTGATAGGCAACTGCGCTACCTAGTTGAAGCGGCATTTATGGATGATTGCTACAAAAACTGCGTCAGAAGATACTAGGACGGAGAATAGGTCTTTCAAGCCGGGTCAGGGATTCTATCTCGAGTGCCCCTTGCATTTGCCTCGGATAAAACTCATCAGGCCGCGTGAGAAACGCGACGGTAACCACGAAGAAGAGCAGTTAGAATGAATATCTATACGCAGACAGAGCGCAAGCCTCAACTGCCGCCCTAACTCTATGCGTCATAAGTACACCGAGGCCTCACTGATGCAAGCGCACCAGGATCGTTGGGACATAGTGTGGTAAACGAGGAGCGCGGTAAGGGTCTACCTGTCGAACTAAGGCGGAAGCTGTATTTCAGTGAGATTCGCGCATTTCATAGCTTCAACACAATTCAGTCGTACCGCCGAAATGAAGCGAAAACTCTCAGGCGATTAACCAGTGACGACAGTCTTGCTGTGGCCTTGGTTCCACTTCTAAGTACGAATACGTAGTGTGCA,997,49.15,Homo sapiens
SEQ_775957,CTAGGGGCCCGTAACGTCAGGTAAATAGCCCTTCGTTCAGCTTATCTTTCCGCATTCTGAACTCGGAGAGCGAGTAGTAAGGTGCTCAAGGTCCCGAAGTGGAAACCTCAAAGGTAATCGTATAAACGATGAATCTTGACTACGACCAAACTGAAGAATCTCGGTATGGTGGGGTGTCACATTAGAAAGCTGGTACTCTCTCGTTCCTCATTCTGGTCTGTGTCACTTAACACACCACAAGCGTAGGGCCGGGAAGCAGCCGAGCTCGTAAGGCATACGAATTCATAACGAGGCGGTTTAACGTAAACTCGAGAGGGAACAGTCGTTCTTAGGCTGCGAGCTTCCGGCATATAAGTATCGTCACCATCTCTCGGTTAATCCTCACGGGGGGACCTTTGCTGCAATTTGTCGCCCCTCCTTAGTCACACCACGTGTGAAGGAACGGTTTCTCAGCCTTCCTTCGATTCGCATTCTTAGGATGTAAGCCGAGAGGCTATCCCCGAGCATGATGAATTTAGATTAAGCCCTAAACACGCTGTTGCGGTGATCACGCAGGCAGGATATTGGACTGCCCGTTGCTATAGCCCAACGCTTTGCAAGTCGGATCCTTGGATGTGGTACGGCTCTTATTACAATTTCTATCATTCAATTTGCGTTCTCCCCCATAAATAAATGATGATCCATGGGATAAGGTTATTGGATTTTAGAGTGTCCACCGCATCTCATTTTACTGGGCAGTACTCTCAATTGAGGGTTGCTTGCAGTGACAAACAACGTTGTCTAAAGGTGACTAGGCCGAGCCTGAGGAACGTTAAATGTGGCTAATTTTGTCTCAATCGGAAGGCAAGCGCATCGAAACGCCATATCCGTCATCTACAGTCACAAGAACGCAAGAATGCTCTGCAACGTGAGTGCATCATGATTTCCACGTCAAGGAGAGCACGTCGGCTTTAGAAGTAGGCATACTGCTAGACTGGTGTCCCTTGGTGAGCATACAAGATAAAACATGCCTCCTCCCGAGAATGTGGCTCCACCTTGACATGAGCTTGATAAGGTGGGACCTATGGAGTTGTTTAAATCCGCCCAGTAAAGCTATCCATGTGGTGCGCCGGTCACCACTTGTCATGCTTCCTTGCTTAGTATCCCTCATCTCACATCCGAGAACCGCGTAAATAAAATAAGTTTCAACCATTGTAAGGGCTTTTGAGACCAATGGTCGCAATATATGCTCTCCGCCTGGTACCGAGGCATTTGCCGGGGGTAAGCTTTTGCGAATTTAGGCCGGGTGTAGTACTGGACAGAGAGCGCTCTTCTACATGGAGCTCATCACCTGGAAAAATCCAAACGTCATGTTATCGGGCGAGGTCCTTATTAGGAGATCCCGTATGCTCTACATGTGTTATGTACTCCACCTTAGTGTTCAAACAACTGGGGGCAACGCCCTCTGCTTCCACCGGCTAGCCGCTGGATGTGGATCCGATCTAGTGGTGCGCACTTCAAACTACAGGCTGTACGCTTGGGCCGTCCTCAACTTTCCCTTCTAGTATTAAGGACCGCTAATAACTATAGGAGCACTATAGGATCCAGATCCTGACAACTTGGTCTGGACGGCTGGTACTGATGATCCGGCCTATGCCCCTGATCGACTTCCCTAAACAAGTGCATCGTGCTAGAGGCGTAGCGGACCGTGCAGC,1694,49.17,Arabidopsis thaliana
SEQ_553445,CTTCTGTGGGATGGCGACATGCGGTTAAACGCTCACTATACGTTATCTATGTAAACGTGTAGAGAATTGGTCGATCTATAAACAGTCACATATAGCTCGCTGATTCGTCCTCATCTCCGTAGGACCTTCTGAGATAGGCGGCGAAAAGTCCAGAAATGCTGGCGGGGCATTGTGTGTGCTGCATCTGAGGCTTGCCGGCGCACCGTATATATATGTAGATAGTGATTAAGCATCGGAATGTAAGGGCAGTATGATTCGTTTTCATGAGGGTTAGAAGGCCAACTACGAACACTCTTACGTTCGATGGGACTATACCCTCACTCCTTTGTAATTTAAGTCAAGACTACAAGAGAGGGGCTTGTGCGTTTTCTTACTGACGGAAGCTGCGAGAGCTCGGAGCCATTACTGTGACCCTTAGTCTTCGCCCGCGCCAGCCAGCGGGCCGCTGGATCTTCTTCCCTGGGCACAGACGGGGATTGGGTCCGGCCGGGGTCGAATCGAGATTGACCCGAGAGGGTAATTTCGGTCTGTTTTTTGCTACCTCAGAGACTCCCGAGTATTAAGGCTTCCCCTTTTGATTTCTCTTCAAAGGGATGAACGTTAAGATCTTCTGGCTGCATGTACTTAGATTAATTCAGCAAACAAGTTTCGCGGTGATAGGTTCTAGCGTGCCTCTTGAGATTCGGCATGACTTTTTCAAGTACGCGGGCGGGCACATTAAAGCTACGCAGTGACCCTGTCGCGGTGACAGGTGGATGGAGGGGACAAGGAAGCACTGTCGTAGTTCAAATAGAGCTCTAATGCTAGACGTTTCTTTACAAACATTAAGACTGCAGTGATGTGATCCGTGATTTCTGAGAAGCCTAGCTTGGTACCGGAGGGCATTAGCGCAGGAGAAACCTTGAATTGATGAGCTTAAATAAGCTCGGTAGCCTCTCTATTTCGGGTTCCCCTGTCAAATTGTATTCAGCAAGGGCGGCCCGCCCGTAGCATGTGCCTTCGCAGCAGCTTCCAATCACGCGATGGCCACAGTTGAGAACGTTGAGCCCAGTTAACTGTGCGTTTAATGGAGATATATACGGGAAATTTCGGGCACTGTAATCTCGTTTCGATAAGCAATGGAGCATTTGTTATTCAAGCCGCGGTCGGTTGAGAAGTGGTTGCACGTGCTACCTTGCGATCTTTCCG,1188,49.24,Homo sapiens
SEQ_587706,AGCAAGAGCTTCGTAACAAGGAGCACGACTATTGAGAGTCAACACATGATTGGCCGCAACGAGATTAAACTCTGTGATCAGAATTATTAAGCGTTACCTTGCAGAGTTGGTCCGTAGTGACTGACTCTGCAGATTTTAGTGGTAGAAAAAGGGTCGCCACACCACTCATACCTGTGGCCTGCATTGCTAGGCGCGATCACCCTGCGTTTTCCCAACAGACTATTTACTGGCTTGCATATAAGACTGGGATGCTCCAACTCTCGCTCTCACGGCATTGTGGATGCAACAGATGTTTCCGGGCAAGCACACAGAGCATATGAGGTGAATAGCCCTGCTAAAGGCCTAAACTCGTCGTCCACCATCAACCAGCGAAGTTCAACCGGCTTGCGCTGCCTTATTTCGACCGATAGCGAGGCTGCCGGTACTCTGCTCGACGTGCGCCTCGGTGTTTGTCCTGGTAATCTGCGGCGCGGCCATCACGGAATTGCGCACAATTTTTCAGGTTGACGAGCTCCTCTCACCTGGTGGACGTCGGAAATTTTCCACAAAATAAAACTCCGAGGAGACACACTTACCCAGCCTCTACAGGTAAGGCAGCAACCTATAAAGGGTTGAGGGGGCCGTAAGTCACTGGCCTGGCTAACTCGACGGTTTTCAACGGACATTAGCTAGCCGTCGCGCGAAGCCGCCAGCTGACCGACTTCCGCTGGTCTTTGCACTGGAATACCGCTAGTTATAAATACACAAATGCAGCAGTTTATCTTCCAACTCTAGCCGGAGCGTATCCAGGTGGTGGCTTAAGGCAGACAGGGCCTACTTATAGTTCTATCCCTGTCCAACGG,842,51.54,Escherichia coli
SEQ_249558,TACGAGCGTATACGTTTATGCAGCGGGAAGGCAAATTGCGTGTACGGATTTCTCTATAAGAGGCGAAAAGGAAATCGCTGGCCCTTCGTCGATGGCCTGGATAGGCCCCCGAACTCTAGGTTTTAAAAACCCCTGAGGTCGCTCTGGTTTCCCCGTTCGATCGTATCACAGCATGTCCTACACGAGGGCCAGACTCAGTGCCCGAATCGCGGTTATTCACGAATGGGATTGTTGACTTAGGCCGGCCGTACTTTTTTTTGATGTGATACCTCCCTGC,277,51.62,Escherichia coli
SEQ_141052,ACCTCTATTATAAATTGGCTCATGTGAGCTCTGACTTAATCTGTCCACACTGAAAAACTCAAAATACAAGCACTGGTCCGTACGGGACTTGGAGGGATAGGGACCTGGCCTCCACATTTGGGACATGGTGCAGGGGGTGGCTGACGGGACCCTAGGTAAAGAGGTTCAATTATACTTCCCCATGCCCGCCGCTATTCACTCGCGTCAACTTATTGGGAGGAAGGACTCTCAAAGCACCCTGCGCACGTCACAGCTTCATAGGGTTACGCATGGACTTTTGGCCTGTGATCAGATGGACCTCTGTAAGTTTCCGTCAGACATCGGTTCTTTAGCCTGTGGATTCACACTCTTTTGATCTTGATGCCGGTTCTTTCGATGGAAGAATTCGTAAGCTAAGGCTAAGTCTCATGGCAGGGACGCCTCAGCCCATCGAGCACCGCGGCGTAGATGAGCCTATTAGGATCGAACTCTATGCAAAGTCCTCCCCAACCAGGGTTCCGCCTCCAGTCTCAAACCCACGGGTCTGGGCACCCCAGATCTCGTCCGGAGATAAATAGCATAGCTCCAGCGTCCTATGTGCTCACGGGTATTGTTCCCATTTACCCTGAATTAATTCTGATAGGTGCGGGGAATTCGACAGCGCTAGTCCAGGCGACGGTCGTTGAACATGAGGGTTCTACAATAACGCGCACTGTCACTAGCGGAGGCAGCGTGTTGTCGCAAGATCATACCCTTTTTCGTCATAGAGCCCATACGACCGGGAGTCAACGAGTGCTGAAATTAACGTCCTCCGACCGGATTCCCGCGCCGGCAGAACGCGCAGCAATGCCGTATGTAGGCAGGAGTCGCAGTCCCGGACCGTTGTTTTAATCACTACATGATCAGGATAGTTAGACCTGTCAAGCTCCGATCGGGCGCTACTGGGATCGTGTGGTCTACTGGCCTTCCTTCCTGAATCGGCGCCATTACGAGTGTAGTTCGAAAGCAGCATGCGTTGTCGTGTCTGCCAGGGCAAATACTGAAACCACGCCCTAGCACGCACTCTAGATCAGTCGGCGTCCTGTGGGCGGCGCCTCTCGGGTGCCTCCGTGGCTATGACTTCAGCTACGATATTGGTGCCACCACAGTAATTTTATAAAGCCACGACCCCCATGATTCAAAGGGAAACGGTGAATTTTTCTACGCGGGATTCACACTTTCGCGTCGACCATGGTAATCTGTAATCAGAGTAATAAAGTCCCCCGCATCTTGCCTCACAATATGTTCATGTTGTGCGCGCAGCACCCCGCTTGGGACCGGAAATTGGGGCGCTGGCTTAACCTGATACTTCTAGAAGTGGTGCCAGACTGTATCATAGTTCAGCTCGTGTTCAAGTAACATAGAACATGGCGCTCGTGCGAACGCGGCTCGTTTCCAAACTTGATGTAAGGGGAACGCGAGGTTTTGTAAGCAGCTGGCTTCGAGCGGTTCGGGAGTATAAGGACGCAGTACAGCCTAAGCTAGAAATAATCGTGGTGCGCGTTACCCCGTCGCGAATAGGGACGTATCGATAATTAACATCGCGTCCCGAATAGCATTATGACTGCCGGTCCCACAACATGGCGTGCGCCTACCGTTGATCGAAGTACTGCAGAAAAGCGGTAAGTGACTTACGCGGCCCTGGAGCCCTTGTGGACTTACCTAACTCACCGATGGCTTCTCCGTTAATTTACTCTACTAAAAAGCCCTTAGAATCAGTGATGATCTCTCCATGACTGTGGCGCGCAATCTTCTTGAGCATCATTTTGACCCGTTCACTTAGATCGAGCGCGAGACACCTCTATACTGTGACCGGTATCAGGAACACTGCAGGGCGGTTGGGTATAGGGCGGGGCCGGGGCTTTATGTAGGCTCAGATCA,1899,52.24,Caenorhabditis elegans
SEQ_485473,GCCTCCCAACCTTTAGGCCAGGACTGCTCCACTCACATATTGACAGCGCGTATCAGCGGCTCAGCCAGACCTCACGTTAAAGAGCATGATATAATACGGTGATTCGGTGGTGCAAAACCGTTGTCTAGCGTTTGATCTGTCAAAGCTCTGGCCTCCAATCCCGCATAACATTCCGACTAGATTGGCGGACGGCGGATCTACTCGATCACGCTCAGTACTGGGCTATCGGGGAGTGAAAATACTTTGCAAGGGCTTGCAGGTGCTTCAGCGAGTCTTCTATGAGCACCATACTCGAGCGGTTATTTAGCACCCAATTGCTGTGCTATCGATTTTAATACCAGGGGTGGCGCTGTGCAAACATTTCGCCCTTCCCTTGGTTCACCTCTTCATAACGGTAGCGACCCAGTCCCTCCGCGGTAAACACGCTTGGGCCACTTATACTACTGCGGGGGCTCGTCGAGTTGTGGAGTCGAGATGTCCGTTGCCCACGTTCGCGTGTGTTTGGCATTGGAGGATTGTGGTCACTACTACCTCAAGCAATGAAGGTTAATGGTTAGCGGCGATAGGATCAACCTCCTGGGATGAGATTAGCTTGCCAGTTTAAGTAAATGGTTTCAAGTCTTGTGTGGGGTATCTAAGGCTACTCGCCCCTACTCAAGGTAAGTCCCTCTTTTCGGAAGGCGAACAGTAATAATTAGGAAAATAGGTGAGGATCTGCGCATTTGGGTTGATCGGAACTATGTACTATACCTGACA,756,50.26,Mus musculus
SEQ_355377,TTCGATTAAACATAATAAATAGAGGCTCTCTAAAGAATAATTCTATGTTAGGCTACCAGGAATAAAGATAGTCCTCTAGTCCATCTTGTTGGTTGGTAGTACTGCGCCTCCGAGTGATCTTGTTGCGATTATGAGTATGTAGATGGCACTCAAATGATTCTCCCTTCTGGAAAACCAGATGAGAGCTACGCCTGTATCAGCGGTAACCGCTCAAGATTTCTGAGATGAAGTGCAAAATGTTCTACTATGCTTCTCGTCCGACGGCTGGGCGGACAAGAACTGAGAACAATGTTTTGTACAGGGCGATCGCCCTAGTTTCTCACTTTGCTGAACAGTACGCGGTTGTTATAAGGCGGCTATTTGCTTAGTCGCGCTCACGGTACAAGCAGCGTTCTATAGGAGGAAACACGCTTGGACATATGCAGATTTTTCGCCGGCTTCCGCCACTCACCAGCACCGCCATGGCGCGGACAGACAATACAGCGTGAGGTGATGTTTGGTGACGTAGGAGGTCTGTCTTTAGTTCGCCTCGTGTTTCTAGGATGCTCCCACTTCCGTCAAGCATGCGTCGCCAGTTCAACGTCAGATCTTGGTGACTGGACGCCGTTTCCTGTTGATACTAGAACGACAATGACTGACCCCCTATAAGGTGTATATATCGAGACCGTCTTTGCGAGCACGAAAGCGTGGAGGCATTTGAACAGTGTCTTTGGGCGTCCC,720,48.33,Escherichia coli
SEQ_289002,GAATAAAGGCGAAAGTGAGAGACGTGTATCACCCCAGCAAATTCGAATTAGGAATTCCGTGTCAAGTTGGTTTACCAACAAGCACCATCATTCCCGGAAGCTCGGATTCGTACTGTTATTAAGTTATGTCTCAGAAGGCACGAGCACAGTATATTACCAAAACCATGCGGCTTCATAAATACAGACCCCCGATCTGTTCGTTGAAAAGCGAGTCGTTGAGACCTCCGTTACGTCTACAAGGTGCATCTACAGCCACCCTCCAATGTCTTTCCTCGTCAAGGGATAATAATAGCCCAGCGAAACACCGTTTCCCATACCACAAGAACTGGCAAATGGTTGTCAGTAAGGCATATGGTTCGCGTTTCCCTTCTAGAGACCGGGATTAAAATTACTATTGCTTGCCGACCTGTTACGTACGCATCTGGCGGCAAATTCCGCTGGAGGTACAACTCGCATAATTCGTATGAGCGCGGCATTGAGGGAGTCAGGCTCCCTTTGACCCTCCACGAAGATCTCTTTCTGTTTTATGTGAGGATCCAAAGAACGCGTTTCGAGTCACGCTGAAAGGTTCATGCAGGAGCGGTGGAATCTACAGGAGACATGGTATTACGCTGTTTGGATCGAGGACTTGAGGCTCCTTATGAGAGGCTGAAGGTGAAGGTTCATTGACAATTAGAACGCAAGCGAAGCCAGCAGTCGGAGACGCACGTCCTTACAGACGACTCGATTACATCACAACTCACACGTCAGTCTGAAGGGTTGCTCCTATTACTGTGAACTCTAGGCATTTAAGCATTCTCAATGGATGCGACCGTCCATGTGGTGGTCCCCCATGAGGCCCTACCGAACTATCCGCTTAAGTAGGTTTAGTCATTGCCGTCGTTAGCTGGGTCGCTGCTGATGGCGCACCGCATTTGGAGCAATACCGATAAAGACGCCATCGAATATCGGTTGAATCGCGACTGTTGCTGCTACCGCTGCACTTTGTGGCCCCCCTCCGCCTAGTATTTTTCCAAGAACCACACGGCGTTCTGTTACTACATATTATACAGTCGCTTATAGGCCAACGGATTAGTCCCGGGGTCAATAATGAGGACTTCATTGCTCTCTTTCAGTTGGTACGTGAACCTGATTGCTAAGATCCATATCAAATGCTGTCGCGGATCAGAGCTAGTTCCCCATCTGACGCAAATAAGGGTCCCCCATCTTTGCCTACGCCGATCCGCGCGACGAAAACCTCTTTTCCCGACGTCATGGAAGTACAGAACCTCCCAATCTCTGATTTGATAAGGGCTACTAGCGAAGAGGGGCTCAGGAACGCTGATTCAGGCTTGCTATCTCGAACGCAAAAAGCCTAGCAATTGCTCATACACTGCAACACCGACGTACATTATCGAGCAAGCAAGTCCGTTTGTGTATATTGCTAGAACCCACGAACTGACATATTCTACGCGTAACACCCCTAGTTATTATAAGACGACACTCTATAGCAAGATACTCGAGTCGGCTCGAGGAAGTTCGGAAAAAGAAAGGTCGTATGATACTGGTCTGAAAATCGAGCCGGTCGAAACATGCCCAAGCGAAACTTGAGCCAAGCAGTAGCTGGTGTTTTGCAATAATTCGGTAGCCAGAATAGATATGGGCAACTTCACGTTACCTCCGGTCGCGCAGGCTGCCCCCAACGTAGTACCCCACCGCCACTGGAGATGAAGACTGGCCAGAGCACGCTCTAGCATTAGAGGTGAATAGCCAAGAACCTCCAAGATGGATCAGACTCAGCTTGGGTCAAGCCCAAACACTATATAGAC,1808,48.89,Caenorhabditis elegans
SEQ_207932,TGATTGGTCATATGTATTGCTAGAGACCTTGGCGCCAGTACTCACGCAGATCGACCACAAGCATTCGTCCATTGTGCCGAGTCGAGTCGATGATTGTGATGCTACGACCTCATCCTAAACGTTACAACGTATAGAGGAATCATTATCTAATACCCGATTGCACCCAAGGCACGTGCGCTTACGCAGTTCGATGGGCGTCAGCAGCGTCCACATACGAGAAAGCGCCTTGGGGAGTCGAGGATAATAGGGTCTCGCTTGCCTAGGACATGCACTAGAAAGGTTTCAACTTGGCGATCTCTGCTAAAGGTCGCGTTTGTCAATTCCGAACTATGGTGTTCCTCTTAGAACTAATAGTATTTCTCCGTAGCCCCCTTGGGGAATGTTCAATGCTATGACAGGGCCCCGACTCCGCGCGCGTATCATACGTGGGTGCTGCGACTGAAATGAACCCGCTTTACCGATAATCTCCGGGATCGTATGCTATAACTTTTCTATCCTTCGACGTTCTGGATAGCCGTGCGAGTACAGGCCGTGTGACGGTTAGCGCAACTCCTCCCCATGATGTCCTGAATTAACCTCGTTATTGACATGTTAGTCGGGATAACTTCAGAGGCACGTGTTGAAGTAAGGGTAGAGGGGATTGAGACACCCTTCTCTAGATCCATTGTACGTGCGATCCAGCTTTGCCGGATTAGAAACCCCCACAATATAATCTTACGCGTTAATCAGGCACGTTCTCAACTCGACTCTTCTAAACCCTAGCAGGGAACTAATCCTTGGCATCGAAGTCGGAGTTAGCTTGTAACTCGCCGCCCGCTGGCCGAGCGTACTCTTACGCGATGGCTATACCCGAAATCGCCTCAAAGTCGTGTAGAGATTCCCACACTCCCGCGGGCTAGGACAATCTGTGTCCAGCTCTCAGGTCGCGGATTGGATTCACGGTATTTAGCGGGTGAGTAAGGACGATAGACGCGTTTCAGGCCATAAGGAAGGGACCCCTTCGTTAGTGCATCACCCGCGCTTGTGATGAGTCCGTCCAACGGTAAAAGGCCCGCGGAGTATCTGCATCCTAAGTCTATTTTTGGCAGGTACCTCATTCTCCATATGGACCAACTCAAGTAGTGTATCAGGCAGAAGGGTGGCTAGGTGCTGATGTGATGGAAGGAACATCCGTACTAGTGAGCGCCTATGCTTCAAGTGTACTCATAGGTGTAGGAAAAGATGCAAGTAAGCGCAAGATTTCTTTTTCAAAGCTTAGCGTCCGGTTCGCTTAGCATCTTAAACCACGCTACTTAATTGTAGGATGGCGGGGATCGGTGTTAGAGGGATCGCAGCATATGGTATGGTCAGAGAACATCTTGGG,1363,50.11,Saccharomyces cerevisiae
SEQ_595600,TCCACAACAGGAGTTAGGTCGCAAGTGCGTGGATTAGCGGAATCGCTAGAAAAGCTGCCTGTACGGCCCGGGGCTGGGATTGGTGACCACGCTTGCACTACCGCATACTGAGGCTGAAGTTAACTCTCGTAGCCCGTATGCTTATGTTCGTACTGAAGAGCTGCCACAGAATCCTCGTCCAGACCGATGAACACTTGAGAAATCTGTGCAGCGAATA,217,52.53,Caenorhabditis elegans
SEQ_502026,ATTAAATCCAGGTCGGGGTGAAGTCGGTCTGCTGTTTCGAGCAAACTTAAACAGAAGCAGCCACGAGTATTTACTTAGGATTCGATTATCGGCCGATAACCGGCGGACGACGATCCGTGATCTGAGACTAGCTCGGCGCGCCCAGGAAATCCACCGAAAGGAAAATCAATGCAAAGAATCCGCGACCACCGGCTGCAGAACACTTAATTGATTGGTCTACTCGTTTTCATGCATGTCTTACGAACCTCGATTTGGAAAGGGCATACTGTAATCATGTAGGACTCTATGCCAATCAAGAGGACAAACCTGGCCACTAGGGAAGACCCATGTTGCCTTCTTCGGTCAGCGTCTTCTTGGTAACCGTGGCAACAAGGCGATGAAGGATTAGCACCTGTAAAATGATATATTTTTTCACTAATCAAATACCAGTACGCTTTTAGAGGACCCGCGTACGACTGAGGTTCATCCGCATGCTAGAAACCTGTAGCGCCCCATTACGAACACTCTTCACGTATATAAAGCTTTGATTAATACAGGATCCCGGGGTGATCAGTATATACATCATGCTAGAAGTCTGTTACCACGCGAGGGGACATTACAAGCGCCCACTGGTTCCGTACGTGCAGACTATCGGTAACTGTGCAAGAGTACTCTGGAGTCGCTAGAGTCTTAATAATAGAGCAGTCCAAGTTGCGGATGGCAGGCTAGGTTGGCCCATTCTCTGAGAGAGGTTTGCTGTCGTTGCTCACACCCTGGACCCAGTACAGCCCGGCCCGCGACTTAATCACCATTCCTTGGTGCCAAGGGCTTCCTCTTGGTACATGCGTACGGCTGAACTAAAGGTGTTAGAAAACTGTTAGCGTAGGGAACGATATTCGCGACACAGCGATAAGATCCACCATCGCCTTTAGGTAAGAGTCCCAGATAAAAATCACAAATTACCATCTATAGTTGCCCTCATCTTGGAGGGGGCAGGTCAGCCGTACAACGAAACATGTTAGCTGCGGGTCGGCAATAGTCACAGGTATTTCTGGAAACACAATCTTCCTGAATCGGCACAGATGGGATGTGTCGCGGAAACGTTCCCCAGCATGACAGTAGGCCAATTTCAGCGTACAAATCCTAGGACGTTAGCCCTTCTTACAATATGTCAGGTCTTAATAGCTCTCGACAACTCAGGAGAGCGTAATAAGCGGCCTTCACAAAAAACTCAAATCGTCGCCTTTATAATGCCCTATCCGCAGGACCTAATCGAACTCAGTGTGATGATTAGCGATAGAGCGAGCCTTGTGCTGCGTAGTAGTTACTTGGGTAAAGAACATGCCAACGAAACGAGCAAAATCACTGAAACCGGATGCTATAGGGTCCCCGCAGCAGTAGTAGATTGCCTGTCAACCGGAAAGCGCGGGCTCAGCGATCCGCCATGTCAAAAATCCACTTAGGCATAATAAATTTACGGGTATAGCGTGCTCTCACGAAAGGCTTTGGCGCGTGGTACGGCCGGTATTAAGGATCTGTGTCTGTCATTACCGGAGAAATAACTGACCGGTATTTATGGAAAGCTCCTGGGTGTAATCAGTGGCGTACGTTGTTTTATAACTGCACCGACGCACGCCCGTCATCTCGTGTCCCACAGAC,1638,48.6,Escherichia coli
SEQ_546478,CTTGGCACATTGTCGGTGGAAAGTGCAGCTTAGGGATCTTAGCCGAGGCATGCACATGATATCTCGGTTAATTGACGCTCCAGATGTCCTTTCTGACGTTGTAGAAAGACCAACAGGATCTTTCTACCCGCACGCCGAAGGTTGCCAAGGTTCGTCAATCGTACTTATCTTCATTGCCCATGTCCCCCATCATCAGAGAAAGCACCCAACCGGGTGGCGGTAATGTCTAAGAAACATATAGTGTCAGAGTCTCGGTAGAGTACGCATTTTTCTGCGCACCGGAGAATATCACTACTTGCGGGCTTGGGTGTCGGGTAGACCGCATATCGCATGATCTTGTGCGTGGTGCCTATATGACGCTGGGATATGCTCTCGGTAGACTGAGTCCGACTTCTTCAGGCAATGGTCGTCAAAAGCTCCGCACCGTATCGAGAATCCTCCTCATGGACGGCTGGAGGGGTCCTGTACGCCGGAATTCGTCTAGGATAGATGGCGACACCTAGCATGCTTAGGGTCGGATCTGTACAAATCTCGCCGCCTAAGGATCATAAGTATTGGGTCTATGGAAAAATATGACCGTGTGTCAGCGGGTAAGAAGTTAGCCCGTTCGCGCATGGAGCTCGAAGTGTCTGTTTTTTGACCGTGACGTCCAAGCGACTATACGGCGACAGATACGGAGCTCCAGACGGCGGGAGTTTGGATGCTCCACCAACATATTGGATGCCTTTGGTACTTTGCTGTCCCAATTCGTAAGGAAAACGTCTGACTAAAGCTTGCAGACGAATGATAGCTCTGAAGATTACCTGGGTACTTCCGAGCTCTGATGGTGACGGTGGCCGTATATTCACGTAGGCATGACTCACAACCATGGACTTGTCGACATCACTATTTCCAGTCGGGCTGTAAAACCGCATCTCCGGCAGGAAAGTATTGCGTCTCTATGGATACAAAGCCAAGACCTGTCCCACGGCATAAGCATACGTTGAGGTGGAGGCTCGTCCTCAGTAGACGGAAAGTCGAGAGGATCAAGCCACGCATATTTGGATCTGATAGGTATGACGCGCTTTTACAGTCAACAAACAGCATATTGGTCCGAAAGCCCAGGCGGGGTGTGCCCCATCTACCATGCAACGGTTCACATCAAGACGGATGGTATGGTTGAGCTCGTGGGCCGTTCTAGAAGCACACTTGTCCCACAAGGAATCAGGACCCCTCGCATATTCTCACTTATCATAGCGCCTAGCTCCCTCATTTTGCGCCTGACATCCCCCATACGGGTCATTACGTAAGTATAGCATTCAGTAGCGATCCAAGATCTAATCTTCTGATCCATGCCGGCCGTATTACCGCCGATAAGAATGTGGTATGCATATAATACAACGACGAAAATGGACAATCCTACTATTACAGAAC,1413,50.11,Mus musculus
SEQ_804712,TAGAACTGCTGAAATCTCCCCTCGAGAGGCTCCAAGGCGTCTCGAACATAACGGTATTCATTCTCGGATTTGGCACGAGTCTACAAGAAGGAGGATCGGGGGACCTCGCCAGGAAGTGGAACAAAGGCGAAATTATGGCCAACAGGAAAAGAGCCACGCAGATAATTAACTACATAAGACAATAGCTATCCCTAGCGCTTTTCAGTGGACACTTACGCCCCGGCTCTACATCCTCTACGGGAATTTTATAATGTGGGCCTATAACAGTTAGTAGGGCAGATACCATTGTCTACACCCTGCAATTTACTGCCGGCCAGCCTGGGGTCTTCGTTAGGGATGGCTGTCACTGGACATCAATCGCTTAAGTGTAACAATAGGCTGCCCGCGTGCGTTTTCAAAGGTCTGGTTAGTGCATTGCGAGTAACGACAGGGTTTCCGGTTACTTTTTCAGTACACTGATCTTCACCAACAAATACCCCCTGATGTCCCGGGACAGCGTTCTATACACACCAAGTGTGAAGGGCGCCGTTAAAACCGTAGTGCCGGTAACACCTCGATCTTGCCAACTGCAATACGTTCCACGCCGGACCCGCCTGCGAACCAGTTTTTTCGTAGAGAGACAGGCCCTTGGCGCGCTGTTATTCCGCTCCGAGGTTACCAGGGGCGCGGAAATTCGTACTGGTCTAGAACAGGCGCTTGCACGCGCTTTAACACCTTTCCAATATGCGCGTTCGCTCGCCACCTCCCAATCGGTCGTCGTTCCGCGACGGGGATACGATACTTCTATAGCCGTCACTCAAATGGCCACCACCTCCCTCTTGCTTTCATTCATCATCCAATCGCGATGACATAAATTAGTAGTAATCCTGTGCAAAGAGGCTCGCGCAGACCGGACCTGAGGTGGGATGTGGATCATCCTGTCGATCAACTAATACATGCTTCAAGTGGTCTGCCTCTGTGACGTTACCGCTTGGCCAAAACGGGTTGAATACATGGGAAGAGATGTGGGGTACCAATGTAACCTTAATATGTAGACGTTTAAAGTGTGAGATATGTGCCCGTCGTGTTCGTTGACAACGTGCTCGTTTCCCCCCCCGGTATCATAGGCACTGCGTC,1116,51.08,Caenorhabditis elegans
SEQ_434172,ACGAAGATATCGTTGAGCCAGATACACTAATTATACGGCCTATTAAACTAGGAGTAATGGCGAGGAATGGGGGAAGGTATTTTTTTTACCCTGTATCGGTCGCGGCTTCCAGTCACTACGTGCACACACATTCGGGATCTTACGTTTCCGCTGTCTCCTTGCAGGAGGTGTGTATTCGTACGGTCACTTGGCCCGGAGGGCAACTCATACTTGTCATATAGACCACACTAGAATTCGATTTATCCGAGCGATCTAAACGACGGGGCCTGAAGGAGTTAGGATGCGTAGGGTGTATATTTTGCCGCATTAGGTAAAACGTAAATTTGTCGGGGCTCTTAAGCCTATTGCCCTCTCGATAATTCGGCCGGGTAGCTCAGCGTAAGAATAGGGCCCAGGAACAATGTATAGAAGTTGCAAACCTCCTTCATAGCATAAAGAAGGAGAGTCTGTAACGTGGTTGGCTACTTCAGGGGAAGTCCTGTATGCGTCGCAGCGGTCCAAATGCGTCCCTCCAGGGCATCTGCTCATCACTCCAGCAATCTTGTTCCACATTCATAACCTTAGTTTAAGCAGCTACAGACGCTATCATTAGTGTGAGGGCCTAGATTTCCGCTTCACGCGAAGCAGACGCGCTAGGCATTGTCAGCTACAGGTGCCAAATATCCCCGGCGTCCGTCCCACATATACATACGGGCTAGGCCTTCGACCTGATGCCAGGGCGGTCCGTGCCCGGTGACGATACACGTAAATGGTTTATGAAATGCCGGCGGCGAGATGTGGGCCGGTTCACTTAGTATGGGCCGGACAGGTTAGGGCCAGTGGGGCTTCACCCGTATATAGGTTTTCTCAAAGCCGGACCGTCTATGTTGGACGCTACAAAACTGATTTTATCAGTGTGATCGATTGAATCCCAAGCCACCTCTGCCAGTGGAAGGGTAGGTGGCTCGCTAGCTATTCACGCGATGTGCTTACTCATATGCGGATTCGCCGATTCCGATCTAAGTATTAGGAGTGTCTGGTTAAAGTAAGTAAACCTATATGGGCTATTAATAGCAGAGATGGATACACGAAGGGACGACAGTTCAATCTTGGGATTCTTCCCTTTGGTAAGCCGCGGGCCTTCGGAATTCCTCTCGACCTTATTACACTTTGGAAGAGCGACCATCTAACAAGTTTAAGACCCTCGCTCCCATATCACAGCTACACGACACACGCTATTAAGCTGACAGATGGAGCAAGTTCGGCGGGGAATAGTAAGGGCATCACGCAAAACAGTTTAGGTCATAAGTCAACTACTATAATGAATAGATGTACAATGATAGTGGACGGGCGCGGATCGCACAAACACCGCCGTCCATCCGTTACAGAGATCAATCCCAAACTTACGATACCCAATGGCAAGGCCTCGCTTTCTCCACCCGTTTTCAGGCTTACTAAGACTCAACGCCCACTAGTTTACACACTGAGGTGTGGAAG,1476,49.32,Mus musculus
SEQ_814081,CCTACCAAATCGCCACACGGATTCTTTTTGGTCGTGAGAGGCAATCGAGGAACAGCCAGCTGCTTCTACCAAGATAGCCTTTGACGGTAATAGCCCCGGCGAGCCCAAACAGATAGACGCATTAAGAGCAACATGATCTCGGCAATAGTTGGCGCACGGTCCCGGCAGGGTAAATTTGAATTGAACTGCGGTCGATGAAACACAAGTATACGCCTTTCGCTAAGTTCATCGGGTTCTAAACCCATAGGTCGACTGTTCGATCTACCGCCCATCTGAAAGCTACTTAGATTCTGAAAACCCCATGCACATCCGTAGTTGTTAACCCTGCTGGACGAGAATCCGCCACTTGACCGTACCAAATCTTGGAGTAGGACTTTGTCTGTAAATGTGCTCGAAGTCGTAAAGGCAGTGTTGGCCGTTTCTGCTCCAGGCCTCTTGGAGATGGGATTAGAAGACAAAGTCGACAAGCAGTACCGCCCCGACAGTAAATTGTGGCCTGGAAGCCGCTCTCTTGCGGGCCCGCGGGCCACTCCAAACGTCGCTTAGGTGTGGCGTTCGTAGGACACATAGCAGTTAGGGGATAGCGGCTTATCGCTAGTATCTACCGAAAACAATGCTGTATAGGTGCAAGTCCGGGAAAGCGCTCGTGACCGTTCTGTACGACTATATAGAGCCGTTACCCTTAACCGCAACACTACACGACTTAAAGATTGATCTCGGCAGATACGCGGGCTAAGAGTGGCGATCGTAGGACGCTATAGCAACATAAATTTATAGAGCTACATCATCAACGCATCGCGCCGTTTGATACCCACTCACGCCCTAACATAAAAGGTCGATGAACTTGGAAGCATGGGCGAGTGCTTCGTACGTTATCTTAGATGTGAGAAGTAGCGTCGTCCGGGGAAGAGACTGACACATCCGCGATGCCCGGCAAGAAGGCGGACATCGTGTACTCGCTTCGCACAAGAGTTTCCGCTTGCCCAATCAGAAGAATCGATCATTGTCTTTTATTTCAATCTGTCATGACCGCTAGGGGAGTTACCGGGCCTGATTACGCTTCATCGTTAGACCGAGAGTAGTCATTTCGCGTTAGATCATCATCTCATCCGCCCCACCTGGCCCTGGGGTCAACAGATCGGGATGACTAAGTACCAAAAACGCCAGTGTCCGAAGCAGAAAGTCGCGATCCGACCTGGCCACGTGGCCGGAGTGGAACTTGAGCCGATTATTTGCTACTCGCTGAAATTCCCATATAACTAGCCGAGTTTCGCCTCTGATATACCCGCTAGTCGCCCCAGATAATATCTCTGCACTGTTATGGATCGCCCACCTCGTGTTTTCCTATATGTCTTGCCGGGGTCCCAGCCAGAACGTCAAGGACATCCTAGTCCGTGGATCTTATTTTGTGTAGGACCGTATTAACCGATCAGGCCGGGACTCCGCGACCC,1451,51.21,Homo sapiens
SEQ_677499,TGCTATGTCATTTCCGGACATAGTTCGGAAGATTCTCATGTAAACTTAACAGTTAAAGGAGACTTGAGGGGGGCTCACTAAGCGCGGGCATCTGACAAAGAGCGTTTACTAGCGCGGCGGTCCGGTGTCGGTGGATTGTGGATCGTGCCTGGTGAATCGGTGCCTAGCATGTGTTAATTGCAATTATCAGTAGGTGGGGCCGTGCATTTAACCCCCACTGGTGACATACCCAATGATGCTTCCCATCATAAGGTCTGAATCGCGGGGCGCTGTTCATTGAAGAATAGTCCATCTCGAGCGACAGACCCGTTGCGTAACTTAATCAATCTCAACGGCACAGATCTCCAGCACACGATTCATTTACGGCGAGCATTGGAGGTTTAACTATCACCTCTGTCAATGATGGATGAATCCTGTACTACTACTATCGATACGAATGCTGGCACCGCAGCACACGCAATTGATACCACCGCTATACGTTATTTCCAAAACCTAACCAGCGCCTAGACCCGGTCTCTACGTGCTACGAGTCAGAAATGGGATACTAAATGCAAGCTCTCTATTTCTGAAACTTCTGTCTCGAAGCCGGATGGATAACCCAGAAGGTTCGGATTATTGCTGGCCGAAAAGCTCCGTAGCACGCCTTCAAGTGCCTACCGAGTACGTATGGTGAACGTGAGATCCGCGCATCG,692,49.42,Mus musculus
SEQ_258299,CAGATTTATCGCGGCTGACACCGGATTACATACGCTCTTATGTAGCTGCGGCCGTCCGCTATGCCAAAATCAATTATCCTTTTTTGTTGCTTCAGGAAGATACACTCGGGTGGGCTCAAGGTCTTGGTGAAGTGCGTTCAGCGGGTCAAACTACGTCCAGGAACTTCCTATTTTTTAGTGACGGCAGAGCCCCACACCCCGTGGCATAACCGAAAAGACTCCTTAATATTAGGGAAGGTGCGGAGGATGCCAATTTCCGGCCCGTCGGCGAATCAGCCGCACAAAGGAACATATCGAAGATGCTCTACACAATGAACTTAGTGACCCAGGCTTCGACCGTTAGAGTTTGCCGCGGGCGGTGTCGCACAGATTCTTGTACTTCATTTCGAGTCGGGTGGCTAAACGCCGAGTAGAAACCCAGGGCCGTATAAACTGGCGGAGTTGTAAGATTTGAGAAATTTGATAATAATGGATGGGAAACATCGTTTCGTGCAAGATCGTTAATTCCTCACACCCATCCATGAAGGCGCGTGCCGGCATGTAG,544,50.0,Caenorhabditis elegans
SEQ_820873,TTTGGTTTTGGCGTACGCGTCACCCATAAGCCAGACGGGGTGCAAGATGGCATCTACCCCGCTAGGTGCGACGGCAACACCCAGCTTCGTTGCTCGTCCACGTTTGTTAGCCCTACGATCTAAAGCTACGCCTACCAGTTCTCTCGGCGAAACCATCGGAGGTCACCTGACTGCCGTAAACACACAGATGGGTTCCACGTGCTAAAAACAATTAATGCCCATTGCGCAAAAGGGCAAAAGCTAAAAAAATTCGCGCGGGGTGCGGATTAATAAAGGTCCCGCCCGCATGTCAATCTTCTTGATTGCTCCAGCCAGTAGCACCGAGCTAGAATTAGAACACGGGCCCGCGGTCGAAAGGCGGCGTTAGTCTTCTTTGTCTGAGGCACCTCGCCCATCTCTTCCCGTGAGCCCCACTCCACTCCCATCAGCCGCTTAAGTGGCCGCGTGGTGGAACCGTGTTTCAATGGTAGAATACGTAACATCTTAGTGTATCCGACGAGAAGCACCACTGTAGCTCGCAAATCTGGCTCCAGAGTGGTATCTCGGACGTCACTCCTGGTGCGGGCCTGTATCCCCCCTTCACTCCCTAATAGGACTTCATTCATGATCCGCTACAGTCGAAAACGACGTGTTAGTGTCAGTAGGAGTGACGCAGGTACAGACGTACTGAGACTGCCAGCATTGCGGTTTAAACGATTTCTCCCGCGCATAATTAGAAGTGTCCAGCGCAGAACTGTCCTCAGTTTCCAGACCAGAAATGGGTGGTTCCAACGGATAGTGCTGTAGACAGCGATAAACACGAGTTCAGACAAATTCTGAGCCAGCTCACATCGTCCTTAATTCTCGCCGATTTCCTTGCTGATACCTAGTGCAGCCCGACTTTATAAACCAGTTACGCCTGAGTCCCAGAAGGTTTAGCGCTTATTTTGCTTCCGCTTCGTGTTTATGTGTTTTCACGCAGTTCGATGACTAGATATGATCGTTTCTGCCAAAACTAGTCCGTGGTCTCTAACGTGCACGAAAAAGCTTCAGGGCCAGATATACAGGGGTCAGCGCCCCCCCGTGTATGAGCAGACGTTCGAGCTGGGTGACTATATCGACACATAACCGGGTCCTGTTTTCTATATTGCGCGTGAGCCGCCTTTGAACCCTGGGGGAACTCTCCTGCCGCCGTCGTGTGTCACCTGTGTCCTCGGGTCGGCGAGCTCGCTGAACACAAGGGGATCATACGTCTACACACTCACCGACGAATCTCAAAGTGTGACACTGGACCTTCCTAAAAGGCTAGCTAACTAGGTCGGTTTAAAGCTAGTAGCTAGGTATGCAATCGGATTGTGGATAGAGTCGCACGAGTTATCTTCATAAAAGGTCAAACCGCAACAACCGACCGCTGAAGATGTACGCAGTTCGTTACGCCATTAGTTCGACTGGAATCTCGCGTCTTCTACAAAGCCTCTCAGAAGTAGAGGGTCTTTATGCTTAGGCCAAGTCACCAATGGAGTTCAGAAGTTTATTCCAAGCCTGCGGTACATGAATCATTGGCTTTTCACGGTAATGCGACGCTGACGTCTCTGCGGAGTACCATACTGTGACCAGCGAGGGCCGTATTAATGCGTGGCCTTTATTGTGGGGTTTCGATTGGACATCGGCAGGTCGCTGCCGAGTACCAAACGCTGGCTGTTCTCCTTCTGTAGGCGAGGCCAGTGATCAGCGTCTTACGAGAGACCGGCCCCATAGCAAGACCTCCGGGTCCTAATCCGTTGAGGACTTGGCGCGCATGGTCTAAGCAGCTGTGT,1796,52.0,Drosophila melanogaster
SEQ_681717,AGTCACGGTTCACGGTCTGACAGTACGGACATCGTCATAGCGGCTACTGAAAGGAGGGGGAAGCGGACAGCGCGATTGAGATAGACATCTCCCATAGTTCAAGTCAGGCCGGGTTAATGGGAGGGGCCGTTAAGCTATAAGGCCCTGGAATGACCCCGCTCGTTGTAGAATTAAATGGAAACTCACCGCAACTCGCAGATTGTTTTTCGGGCAGAATTAGACTAGAAGTAATGGACCGTATGTCGTACGGAAGGGTGTTTCATAGGCTGCCGTAAGAAGACGGACGTGGATGGGAGAAGGGGTCTAAATGTGCGGAGTCGTGACTTTCCAGGCCGGGTTTCGAGGTTTCTGACACTTACTGCATCCCTTACATTACGCATCCACATATGGTGCT,394,51.27,Homo sapiens
SEQ_726368,GGTGGCCACTCGGGCATCTTCTACGCTTGTACGCAATTCTGTGACTTAACCGTTCACGAATTGTTACGGCCCGAGCAAACAGGTGCAGCGCACAGCACCGATTGTAGTGCCGATGAAAGATAATTGTGCGCGTACGAAGTACTTGGCCTGTCACTTTTTCTTGACGGAGGAAGATTTCGGCGAGCTAAGGTTGAAAGCAGTGAATTCCAGAGGAGTGGGTTGCGTAGATTGAGGCACAGACGAAGTACGGGCAGAGCACCATATGAGAATGCTACCTTAGGACGGGAGGCGGATATGCCGGGGGTAGTGCCATAAGATCAAGTAATTGGCTGGTTGATATTACGAATACGAAACCTCTGAGCGGTATTATTTGTGCGAAGTATGGTCCTCAGCTGTCTTTAAAAATCTCATTAAAAATAATACCTTCACAACAGTTCTTTTCGAGGCAAAGAAGAATTCGGTGGTAGCTGTATGATAGTGAACGTTCATGAA,492,46.75,Escherichia coli
SEQ_612736,GAGGCCTAAGTGAGATAGCCATGAAACTTGGTGACGGTGGACAAACGGTACTGGCTGCAATGGTGCATTGTCGACACTCGGCGTCCTATGGAAATTACAGAGAGGCACGGCATTCCGGGTTACATTCACGGAGGAGCCGGAGCGGTGACTGTCGTCGTGCTTGGTGAGCCTTCTCAAAGTTGCGGGTAGAAAAGGCTCAAGGGGCAGAGTCCTGATACGTCCTTCCATTTTCCCTCGTATGACCTGCCTAATCACTCTACATTGTTGTTATCCCCCTGTGCCAAGTCACACTTTTGCGCGAGGCCATGTTAAGGTCCAACGATCGGATGGCAATCGCTATTTAGCCCCGAGGTAGTATAGACGCGCATATGGACTTTGTTATCTCCCGTATAGGTCACGATGGCTCAATGTCACTCTAAGGGGTGACCATGTTCCTCAGGATATTAACGGACACGGAATGGCTATTAGCAAACCGCGCCGGTTGTTACTGTCTCGATGTGAGCGGTACATTTCAACGACTTCTGTGTATATTAACGCGTAAGGATAGTGTGCTAAGACCAGAACGCTGCGATCGGTAGTCCGGCCGCGGCGAGAATCGCCGGACGTGATCTATCGCATCATGTAAGATTAAGAGGTGCTCTCCGACGGGATAGATGACGGCAGCTGCAATTATTTCTGGCGATAGAGTATGACTATTAGAGAGGTGTCAACACCCATTCCCGGCATTTTGCTGGATTGGTACACTGCAAATCCCCGTCGCCATGTCGTGACTTTTCTTCATACTCTATCTATGGGAGCTTTGCAGACATGATACGGC,817,50.67,Escherichia coli
SEQ_461361,GGTCATTACTTCGAGGCATCTCGTCTATAAGCACTATGCAATTGTATAACGGAGTTAATCGGGCGTCCACCGCCTGGCGGCGGGTGATGGAGAAGAGCCCACATATATGCACCGTAATCGTTGTCTACCATATACATCAGGCCGCAAGGCTCGTGACGGAGACCGCGCTCGCGTGCGGTTCCAAGTAGTGATTATACACAACCAATGCGATACACCTCGCGTGGGACGGTAAACATGGGCCCGTAGTGGTGTAAGCTATATCGATGTACAGGAGAGACGAAGGCGCTGCTGGCTCTTCTAAGAGATCCCTGGACGCTATCACTCCTTCAACAATAGGCACGCGATTTTAGGGCTTTTGAGTTATGACGTGCAGGTAAAGCTAGACCATTAAATCAAAATTTGTGGCCAGCGTTCCCGGAAGTCGTGTGCGTCGCACACACCAGCTGTAGTTCATCCCGTGATCCAAAACGGCGGAA,476,51.68,Mus musculus
SEQ_720053,CAGCGCGAGTACTTAATTTCGCACTCTAATAACTACCCGCTACCCCTGAATTAGAGACATTGCGAAAACTAAAACGCTAGGCTCATTGGCCTCATCTCGCACCAGACGGATGGTCGTCTGTGGCGTAGGAGAAGAAGGAAGCCGCTGTCCTACCCTATTGTTGCAACTGCTTGGTCGCCCGTGTAGCCTCGGAGTTAGACCACGAGAGGTTAGGATAAGGTAGATCCCACCCAGTACATTATATAGTCACTCACTTAATATCGCCGCAGGAGCAACGACAACTCTACACCAAAAACGCCGAAGCCGTTAGCAGTAGGCCCGAATGCCTCGATATATGAGCTGGGCGCTTGTTGTACGAAGGCTGTCTGACCTAAGAATGCTGTATGATAGAGGAGTATATATCGGGCCTTGGGTTAAATCTTATCATCCCTTTCACTGCCTGTGGGCTGGTATGTGTCCAGGTGATTTTGGGCCGCGTTTCTCATGGAAGTTAGCGGTTACTGGTATATGTGCTAGGCCC,520,50.0,Homo sapiens
SEQ_847028,GCCGGTCCAGATACTCGTTTACCAGCAGCCTGTGGGCGTTTGAAAAGCGTACCCCAGGCGAATCGTGGAACGGGGGTGATGCCTTCGTGATACCATAGCGTGCCCGTCAAGGGGCCTCCCCCGTGGAACGGTAATTTTCTCAAACATCAGCGCGCTCTGCCTCTTCGCTCCTACAGTTCGCAACATTGGTTGTAAGTGGAGGCAGTCTACATAGCATCAAATCTGGTTCCTAACAACACTCAAAGTCGATCTCGGTTCACATTGGCCTTAAACGCCAACTAAACTTTTTACGGCACACATCCTAAGGTCCGTGAGTTATATGAGCACATTTGTCGTAGTAGCGGCATCCTTTCCATACATCTTTACCTCTGCATATGTCTACTTAAGATACATCTGAGTGAGGTGCAGTAGAATGATATTCTCTTTTCCGATGCAGCACACATATATTTACCAAAGCAAGACTGCTGCAGCTAAGCGGAAGTATGGTCTAGATGCAACAATACGGGAGCTGTTATAACATCAAGCGACCACCTTTCCAGATTAACCAAGTCCCCTGATTTACCATCCCCAAACTAATGGCTACATTGCGCTAGCGGTTATACGCTGAGCCGGCGGACGTTTCTACACATTGTAGGGAGAAGCCACCATAGTAAATCCAACGGTAAGGTTGTTAGGGAGTGTACGGAGGGTTCAGGGGCGGTGATTGGGTACGTGTTATCGCGCACCTTCCGAAATAGGACCACGAACTTCAAGACGGTATTGTTGCATCGACGCCAGACTACAGTGCACAGAATTTGGGTTGTCAAGTACGCTATTCTCCCGAGTTAGTGTATACCGCTGAGATTCGCCTAATAAGGAGGGTCATATCCACCTGTTTGGAGTTTTTCATTCCTCGTACTGGTCTCCTCTGACAGTCAACTCTAAGTGGCGGCCACGGGGGAAACAGCGGATGCCCAGCGAGACGATGCTAGCACATTTGACGCTAACTAAAACCACGCTCTTCGACTCGAGAGCTCTATAATTCAGGCGACTACTCTACATCAAACCGCTTGGACATCTTCCATAGGCAATTAGCCGGAAGAAGACCGGAGGTGAGGCGGCTCACGAAAGGCGTTGACCTACAAGGTCGTGACGCTGCGTTAATCCAAGAAGCGATAGTATAATCTGTCTTGGATGCGCCTTAGCTAGGTGATGAGTCGCCCCGCATGTGCAAAGGTTGGCCGGAGCCACACATCGATGCCTTTCTCCTGATAGACTATACTTATTCCTGGAACATCACTAGCCATTTTATTCGCTTGCGGCAACTGGTCCAGTAGGCAGGTCCTCTCGAATTTACGGGAGGGCATCGCTAAATGGCCTTATGCACCGCTAACAGAATAAGATTCGCATCCAGCTAGACGCGATAAATTAAGAGTCTATACGCCAGCATGCGAGGTTTCGTAGTTCTTTGAAATGACGAACAATCAGACGTATTCGCATTCCCCTAGCGTCCTCGCTATCGATGTATCTACCGGGTCTAAG,1521,49.18,Caenorhabditis elegans
SEQ_712586,TCTACTAATTCCGGCCCGCCCTATACGGACCCCCTCTTCATTGTCTGTCGGTTATACGTCAAGGATTCCGTCACAATCTATATATTAGCGGGCGATGTCTATCTCGCTAAAGCATACCTCCAAACACAAAGCTAGACCCGCCGCGAACAGGGCGTTGTACGCATGCAAACAGCGCTGAGTGGACCGGAGTATTCGTGATTCCCTGTTCAGACTCAACCATTCAGAATAGGAACCCACCAAAGAGACAACGAATTGGATAGTGCGTCCGTCCCGCTATGGCTTCCCTAGTTAGCGTGGCATTGCCGCGTTACTATGGCTATTCGGTCGTAAGCGTCTCCCCCAACTGGCCGCTCCTGCAGGCTACATCGTT,370,52.43,Caenorhabditis elegans
SEQ_981580,CGTACCACCGTTACCCGGAAATTAATCTTAAGGGTTGACAGTTTGCCACAGCCAGGTTGCGCTGAGACCACCTGTCGACCGATGACGGGAATGACATTTGGTTATTATGCTCAACCGTAGGTCGCACCCGACACCGAATGCGCCATTTGGGACCTCGAGACGCTTAGACTAGGGGCTCGTCGTTTGCTACGGCGATTGCCCTTCCGTTCTAAAGGCTGTAGTTCCGGCGCGTTGGCTATTAACTGTTAATTTGCTTGCCGTCAATACTAGAGTATGACTACTACTCAGAGCTAAGTAGACAGTGGGTGAGAGACACGTCATTGTTCCTCGACAGTACAATGTGCTCAGTCGCTGCTTGTTCAGCTGCTTGCCTACTCGTGATTGAGGCGGACAAATACAATTTTATTCATTATACTTTCGCCTGAGACACGCAGTAGCCATTTAAAGCCCACGAACCGGCCCCGCATGTCCATTCTAGTATATCCTACAAACCCTTCTCACTGGCCGGTGTTAGATGAGTTAGGCGCTGCCTCGAATACACGATCCCATATAACATCAGGAAGTGTCACCCATCCTAACAGCGACGGCTATGGCCTGCAAAGCAGAAAGGCCCCAACTTGGATACTTTACGGCCATAGTCGAAAGCTATGAGATCTCACGGAGCGACCTGTTAGCAAAGACAACGTGCGTGGATGAACCGTGGGGTTGGGCGCATCCTAAGGAGAAGGTGCCCTATGCTTCGAGCGTGCAAAGACACCCGACCGGCCTT,769,51.24,Caenorhabditis elegans
SEQ_619166,AGATTTGCATCTTGAACGGAGAATTCACCTTGTGCATACGCTCACGGCTTCAAAGTATTGCCAGGGCGGGAACCTTTCAGGCGTCCTAATTCACCCTTCCGCACATAAAGATCTGCGATCCTGTGCACTACTAGACAGAAATCGTGCGGCCCAACTATCTGCTATCTAGATCTTAAACCCGCTCCTCGCTAGTTGGTGTATGCTCTCGCGCTATGCGTTCCAAAATGCTAATTTAGATACAGAGCTAGCATAATCTTTTAACACTGCTCGCCATTAATTTCTTATACCGCTTTATCCTGAGGTCAAGACTGTCTTAGGTTCAGTTTAACCGCCAACGGGCGCATGGGATATTTGTGAAATCCTTCTTACCGATAGAGTTGGATACGCCGGCCCCAACGTGTCCCATCTTGTTGAGGACGCGTCCCCATGGTGAACCGCTCATCGTCATGGTTTAAGCAGTAAGGCGCGGCCCTCTGTTCGAGGAATCGGCGGGACGCGTAAAATGCGCTTTCGGGCCGGCAAACCGTTGATCGCACCCCGACAAAGGTGTGCAATGGCAGGTGAATTGGTACAGGGCTCGCGTTATTCTTAGTATTGGGTGCGATTGAATTGCAGACGGGGAACGGAGGGTTGCTACTTGTAGGAGGTGCTCCTAGACAGGACCGAATTCAATTACATGTTGCTACGCAGCGTCCCGCCGAGCCTCAATCCCTATCCCACCTATCTTAGCGATCCACCGATTGAAACATCCTCAGCATCTAAAGTAAGACAGTCACGTTGACAATTGGCCTCCACGTATATGCCTACCCTGGCTTCCCTCGGAGGCGCGCGATAGCGTCATTGATTGACTTGTGCGGCCCAGTAGAATTGTGCGCACCGTGTAATTACCGGTCTATCGGTCTTCCCGCGTACGGCGCGCTCGGGGTACGTATCACATGGAGGCGCGTGCTGACATGTATGCGAATAGCATACAGATGTGTGCACTGTCGTCGAACACAAGAACGCAACGCCCACCGAGCGATAGAGACCGGGCCAATGAGTCATTATAAGAACTTTTGGCTCCGGTCATGAGAGATAAACCTGTGTGATCCGACGAAGAGGTCAACAGGGAGGTCGTGCAAGCGTCAAATGATCAGAATTGTTTTTCACTACCAAACTGGGAAATTGCGATCGATCTAGCGGGGACTACATGCTCCTCAATTTCTCTACCGTCTAGTGAGAAACTGGATAACGGGTGTTAGTCGATAGGTAGACTTCAGGTTAACCTTGTGCTGCTTACAGGGGGTACAGCAGTTTCCAGATTTTGGCTATCAAAACAATAGCATGGCGAGACTTCGGGGAGTCTGAATTCAGCCTCCCCTCGATAGCCTAGGCCGGTTGATAGTCGAACCATAATTCTTGTGAGTAATCACACCTCGATGAAGGCATAATTGTCAGAGGTCAAGTCTTCAGCCCATATGCAAGCTTTCCCTGATTGGCGTCTTACTGCACCAAAATACTCTGGATTGCGCCGAAATGGAGTCGCTCTGCGCATAATAAGTTTGGGTAGCCCAGATGGAATCTATCGAGGATTCGCCTAACAATCGCGCACGCTTAAGACGATAGGGCATGACCTCTCCAGTGAGCCGTCAAACTTGAGGCATATTATACTTCCCTGCAGAAAGGCACGGACGAGGCCTATTGGCGGACGAATGTCACTATCGAAACGCTATAAGTGCAAGTAACGTATTCGGAATAAGGTTCTTGTTCAGATGTAGAAGTGATCAGTACCGTAAACAACGCACGGCAAATATGTTTAGAAACCATTTAAACTACGGAGCGCGTCCGGTCGGCATCAGCTAAGATTTTGCTATCTCCTGTGCTCTGGAGTGACCGAGAGCT,1881,49.76,Mus musculus
SEQ_440862,TCTTATGTTTTTAAGTACATCGACGGAACCTATAACGTTGTCAGACGGCAGATTCGCCTGCAGAATCTCCTCCGGCAACACTGATCGACGACTATTTTTTAGCGGTATCATGATCGTCTCTTACCTACCAGTCTAGGGCAGGACGCAGTTAATTATGCGACATCTTCCCCCCAGCCTGCATGGGGCTGAGGTCCACCTCTTAAGAATCAAGTCTAAGCTGACTCGCGGAGACCCTGATGTGGTGTTCACGCCGTGAAGATCACGAGCAGGCGGCCATTAGCGACCAGCGGTTGTACGAGAGCATGAATACGATCCCGAAAAGCTGCGCTCTTAACATCGGCTTGTAGCGCGATGTCCCTCTCGCCAGTTGTTTGTCGGGTATGACTTCCTTGAGCGGTAGCGGACCTCCTATGTAGACCACGGACTCCAAAATCGATTTAAGTCGGGCTTAAGGGCGTAGACTTATTGCCAAGATAAGAGAATTGATTCGCGGGTCGTGATGTGCTGAACTAGTAAGCCTCCTAGAATTACTAGCTATCCCACTCCACACCTTCAATATGTATACTCGGCTCGTCCCAGGCCAGTTTTTATGTCGGGGCGTTGATAGATCGCCTTCGCTGGTGTGCAGGGGGCCAAGTCGGGCGGCAAGAGCTAGGAGTCCTATGTGAAGGTACGTCTTGCCAGACAACCGCTACGTGCGGCCCTGAACGGTGTTAGGGTTTTGAAAGGACGATATAATATATATGTTTTGTAGTGCGTTGTTATTCAAGACGTGGGATGATACCCGATGGTCCCA,796,50.75,Escherichia coli
SEQ_469895,AAGCTTAGGTCCGGGGATTGCCGGACTATACCCTGTAAAGTCAACTTGCTCGATGCATTACTGAAAGTGTGGTTCCCTACAGTGAATTGGTCTCACTGCCCGGGATATGCGAGCCCACACGCACCCCT,128,53.12,Caenorhabditis elegans
SEQ_237939,ACCACAGAATGGAGAGAATCCAGATCAACTCCGAAGCAATCAAAAAGTTGAAATTGGGGGGTTGCGTTCCAGGGACGTCTAAGTTCGCTTAAAGCGACGCGGCACCCGGAATCCTCGACTATTCAGCACTTTGGATGGTACGAATAAATGGCCGAGTCATATTATATCAAACGCACTCTCCATCGGTGAACCGCCTGTGGATATCGACTTTTCCACGTTGCAGTATCGGACGGATTAGCCCCACATTGTTGGTGAAACGGTATAAAGCCTGAACATACCTAGTTTCACATGAACGTTGATAGTAGTTACCGGGCGAAGAATGTCGACTCGTGGATTTTTAGGTATCACTGTCCTGCGAGCCCGGCTCGACTCACGCGCCGATGACGACGGGTCATATAAGCAAGCTATATTTCCATATCAAATCAAGTCATTCAGCATTTTCCTTTTGGGTCTATCTTGCTGGCCAAGGGCACACGGACGCCCGAACCAACAAGGTAAATGTTGCGCCACTAACCCGACCGCGCATATATGACTTAGGAGACGATCGCCCTTAGGCCCTATCATACAAGGCAATCAGTTCAATGTGCAGACTATCGTGATGTACGCATCTTACCCACGTTGGTGTTTCTGTGCGCACCCGAACGTGTACCGGGCTACTTAACGGGAACCGCATTGTTTTATTCAACGAAGGCTACGGTTCTTTCGTTCAAATATAGGACGACGGTCTCCTGGCTTCGTACCGAGGTGGCACCTGTCCACCACATGAGGGTTTTCTTCGATCCGACTTACAGGTGTTGCTCGGGTTCGTCCAGGATATGCTGTTCTTTTGGAATGGTCTGAACTGGTATACATGTTGTTTTCCGCTATACGATTGTAATACCCTTCTCTCGTGTCCTAGAGCATGTACGCTCCCGTCTCATTCAGTCAACTATCAGATTTTCAGAGGATCCATTCGGGCATTCCATCGCGCTCTACCATCTACAGCCGACAATTCTTGCAGTGTGGCGGTTTGACGTTAACGTCCGGATCGAATTATGGTTAGTTGTGGTAGAGTCGAGGTGGGCGTGGCTATGGAAGAGCCGGCGAGCGCTGTCGATAATCTGTACGAAACATCGCCAAACCACCTGGGAGTATGCTCTGCCCGCGCAAAGGATAAGAATGGCTTTTAAGCCTAAAGTGGGCTAGACTCTACACTCAGCCGTTGAAGGCGCGCTTCGCCTAACCTCAGTTTGCTTTAAAGAGAGCATTAGCCCAAGCGATGAAGGCTTTTGGTATAGAGCTCACGGACACCATGCGTGTTCTTGTCGACAGGTGTGAAGAAGACGGAGTCGTCCCTGAACGAGCGCTCTACCGTCCGCCATGTCCTAAACGCTCAACCACTCAAATCCAAGTTTGAGACTCAATGCTAGAATGCGAGCTGCTTTATTAGCCTCGGCTGATTCACCTTAGGGGGACTTGGAATTTCCCTAACTGTTTGACTGCAAATGACTATCAGGCTTCCTGAATTTCAACCAGGAAACACTATCTCTATACGGACTCG,1540,49.22,Mus musculus
SEQ_442085,ACGTGGTCCCTACCGTTGACCAATTGGTCTGGAGGGTTCGAGTACCTACAGCCCTTTACACAAGACTTTTAAAGAAAATGATGTGGCCCCATTCGATAATGCGGCCCTGTATCTAATTCTGATCAACAGTTAGGGTCTACACGTCAGGAACAGTCGGCTCGTGTATAAAGGCACAAATATCTGGATGGTTGGATTGTTGATCGATTTATAGAAATTGTGCAAAAAACGGAAATCCGCGGAAAACACTCTTCGAGACCTCTTTTATCTTTGCCACGGCACTTGGGGCGTGGCATGCCCTGTTGCAAGGTTGCCATTTACGACGCGCGTTATTGGCCACTTGACGGGCCGCTGCGACCACGTTATTAGCCTTTCCGGTTTACCGAGTATATCCCGTTCCGTCTATAACCATCAGCACGCGCTTATGTGAACAACCCGTAGATGGCATTACAGAAGAAATCGGCGGAAGGAGATCAGAATAGGGATGAGGAAGCCGTTTTTCCAGCCCTCCTCAATAGTCCAAACGCGGAGTACCGGCTTCTTGGAAACGTTCTTCTTTCGCTAAATCTTGAAGTGATAGGCCTATTCGTGACAGCTGCCTTCCGTGTATGGACTCCTCTCGACTCCCAGGACGTCTGGCATAGGTATTTTACGACAGTGAGAGTCTGGAGATCACTTTAGTGCATAGCGTTTGTATGAGCGTCAGTGCCAGCCAACGTTACGGGGGAGACTAGTCACGGCGATAGGATGGCGATGTAAGGTGACAAGGAGCACAACCATGCTCAGTTCGCCTGCCACAACATTACTAACAAGCACTACAGGTATCGCGAGTGATCCACAAGCGTGTGAACGATTGGGAACACTGATGTGGGATGTAGCATTACAGGGAGGACCAGACCCCATCAGGTAATGTTCCGAGTGTTCGTAAACTTCCCGTTTCATGCAGAACCTGGTTATATTTGCAGTGTAAAAAAAGGGCCCAGCAGGGCGGAGTACAGTTAGTCGTTCACGTCTAGATCTGAAGTATTAGGTCGTCGTTAAAGCGGGCGAAAAGTTAACGAATGACTCGAACAGGGGTATTCGAACTCGTCCTACCCTTAACTCTAGGTCGATCTCTAACGGAATCCGCGAGCTGAGAGTGGGCTAGAAATTAATTGCTGAGGGCGTTATTCTTCCTCCATAGAAGCATGAACCATTCTGCACGCGGTATACAGTTTCCATCTCTCTCCAGGTATAAACTCTCAGAAACTACACCCTAGAACGGAACACCTCTTACGCGTCGCATGCTTACGTACAGTATTAGATATTACCGGCCGTAGCTAAAGAAGCTGGTGCGCCCTAGAAGATGGCTCTTCCGGTCACTCCAACTATATGTCCATTTGCC,1381,48.66,Escherichia coli
SEQ_643140,ACGATGCTCACCATGTCCATGATGGAACTATTACCAGCTCCACTACCTCAGTACACTGCTGGTCTAGTGTGGTCCAGCACGTCTTATCTGCTCAGGAGACTTGAAAGACGACTTGCTTGTATTGTTATATTAAGTCAGGAACTCGATGTGTGGGGAAGAGGTCCTAGATGACGAGACAATACGGGTAATATCACCTACGTTTATTGAAGCTGTTAGGG,218,45.87,Drosophila melanogaster
SEQ_651657,CCTATGTAATGATGTCCACGAAAGCTATTGTCCCAAATCATTTATCCTGTGCGGACACTGCTCGCCCCCGGTCGAGCGCTCGGCATAGAGTCGGCCGCTTGAAAATAGCCCGCCTCAGGATCAGTCCAAATAAAATGAACTTCCTTTAACGAGCACGCACTGTTCTTTGTGGTCTGGTACACTCTTGGATCACTGGTATTCCGCCTTATCGACTGGTCCTCACTCCTAAGTATTCAAGACACTTTTCGGCGGAAGCTGGCTCAAATGGTTGTGGAGGGCTCTGAGAGAGTCCGTGCGCACTCGATACTGAGAGCGGTATGTCACAGTCGTTGGTCCGCCGGGGTAACCCTAGTATACGCATGGAGGCACTCGCCATGTTCTGCAAGAGTGTCTCTTCCTTCTCCAAGCATATAAGAAAAGCCTGGGCGATGGGTTTACTGGGCTATTGGAGCCGTCGTACCCTAGGCCAGCTCTGCTGTATAAGTCGTCGCTGAGCGCCAGGTCATACGGATCCCTGATAAGCCCGAATCTCGATAAGCCATCCACAAAGCAGACTGCAGTAGCGTCCTCAGTCGACGCCTCCCCCTCACCAGACTGTTAAAATTCCTAGTCAAATCGCATCCTGACCAGACGGGGAGGCGCGGGTTCCGCTGTACTGGATAAACTGTGCTGCGGAGCTACATGAATTCAACGGGTCCACAATATGCGGCTCGGAGACCCTTTCAAACATTTATGCTATAAAATACTGTCCGGAGAGAATTCTGCTCTATGGCTAAGTACAGTGCTTTTTGTTGGACTCCCAAATAACACAACTTCTGGCCCGCCCTCCTGATAGCGGTGCGGGCAGCTGAGTAGGGTAACTAAGTTCACTAACCATCTGCCCAGAGTCCCCCTCTAGCGGAGGGCATATGGATTTTCTGTGTCTGTAGCATCCGAAGCAGGAGCCAGAAATACTCGCCTTAAATTAGACTTAACTGCCGCGTCAGTCAAAAATGCCAATCTCAACGTGATTAGGTAGCTGTGGCCGCGCGAACAACCGTTGGGTCCAATTAAATGAAAGTCTCCCCACTGACATGTGCGTTATGCAATAAGGGTCGCATCCCCACGGAAACTATTAGCTCTGAACGGATCCGCCTCATTCTCCTTTGGTGCTGTCTTAACAGATGTTTTACGTCTGTGTACGGTATCCCGACCGATGGCAGCATGCTTTATTCCCGTCGTGAATCCAGTAGTACTACTCGGTAAACTCACAGGTCTTCGCCAGGACTTCCCGTGGTTTATTATCAGCCACGTTAAAAATATGAGAACTACAGCATTGGACTGATAGGGTGTAGTTAGTTGAATCCTTCAGTAAAATCTAAATACCCGGCGTCGCGCCCCAGCAGGCATAAGCCTCTAGCTTGATCCCTAAACCCGTGCATTTCACGTAAGCCTCCGGAACTAAGCCTAAGCCGGCTACTCAATCGACTTCCAATGAAACTCCGATTAATGTCTTTCTACTGGACATATACCAGGACGTTAAGCCACGAGATGCAGTCATGACTACGGATACCAATCTGAACTCTACTTACCTTGGCCATATTGCGTAAATGATTATGCAGGCGTGTCGTAATGCGGCCACAGGAAAGGATGGGAGAGTCGTCAATAGCTATCTTGTGACTACCTCAAGCCGGTCCCACTGCCTTACGACTCCTTGACCCGCTTCTTCAAAGTGGAACGGATTGTGACTTGTGACTAGTCCAGACGCCCTCATGACTGGAGGTGTGCGTCAAACCTGCACGGTGGATATGGTATATCAAGTCCGCGCCACCTGATGACGGGGGGCAGCGCGATAAGAAACGGCCGTCACTCGTATTTCAAACGACAAACCCCTCGGACGTGGGACGACTCGA,1892,50.74,Mus musculus
SEQ_300915,ATCCTTACCCATGTGTCTGAGACACCCTTATATAGCAAGTCTTGCAACTTCCGTACGTCCAGCTAAGAAGGAACCAAAGCAAGTGGACGCACACCGGTTACTGATCCGCTAGCGATGAGCAGTTTAGTTTCCGTGTGATCGGCATCTACAACGAATACAGTTTTCCTAGGCAAGCTTATGCCAAGGACGCTCGTCTCTATACAGACGATTGTCAGTGGTCGGCAGTAAGAAGTGCGTGGAGATTATCTCACCCATATATTGACGAACAAGCAATTAGGCACAACAAAGCTAATTCCCGTGGCGCGCGAACGATTTGCCCTCCGCGATTGCGCCTTGAGATTTTTGACGTGTATGCAGG,358,48.6,Drosophila melanogaster
SEQ_925908,CCCCTAGGTGGCAGAGGCCCTATTGAACCTACATATTACGTCTTAAAACTGGGTGCTCCTCTTCCCCTTTGGGACCGGGCGGTAACCTGGCGGTCGATTACCACCGTAGGGCAAAGCGGTAGCGTTTCACGGAACCATGCCTCCCTGTCGCTATGCCGCTTGGGCATCAAGTATTCGGAGACGTAACAGATCACTGGGGGTAGTCGTTGCTAAACAAGGGTAAATCCGAACATACGAGAAAGAATCGCAGTTCCGATAAGACCTGGGCTGACCGCGGCTAGTAGGTTTCTTAGATCACACATACCCTTTAGAGCGGCTCCGGAGCGGGAACTCGACCCATAAGCCTGACCGGTGATACTGCTTATTCCGATTGCGAGTAGGGTGTAAACCGAAACGGTGTTTTGTAGTTCTGGAATCTGGCAAAACATCACCGTAATGCTAGCGCGAGTGTAAAGCGGCTTTTCGACGATCAGCTAAGTTATGACACAAATTGGTTCCCACGGCTTACAGGAGCGAAGAACTGGGGGCTTACTACGAAGAACCCTCGTTGCGTGCGGACTCGCCGCGCTGGGTACTTGGTCCGATCGCATTCTCTCCTGCTGAAGCGTTGCCGAGGACTGACCGCCCGTTGTGGATCCAACTTGCCATAATAGCTTGCGCGGCCCTTCGTTGCCGGGGAGCTAAGTTTATTCTCTTTGGACGGAGCAACTCTAGTGGAAATGAATTGGCATCCTCTAATCAGGCGCGTCAACCCTAAAAGTGGTCCACCTCGTGCGGTAAGTTTGCCCATACCTCCGACCCCGAATAATCAGTAGAATCACAGGGAGTTAGCACGTAATATATCGTCAAACCTCTTTTAAGGGTATGATGCGCTGCCCCGCCGTGTCGAACAGATTATTCAGTCAAGGCATTTTCAAAGTTGCCCTAGGACTATCTTTCTCCAGACAGGAACTCGGCTAGTACGCCGGGATAATCTTAGAATCCAGAGAACACTACACAGTGGGCATAATACACGTAATGAGCGTGACATGCGAGTAAGGTTGGAGGCTGCTTCCGGCTTGAAGTTGCACACTTGTGTAGGTCCGGTTTCCTGGTCACTACGCGCTATGGCTATAGTCCTGTTGATAGGCGTTCGTGAGGGCGGCCCCGAGCAGGCGCA,1159,52.37,Caenorhabditis elegans
SEQ_826365,GCGGTTGGCAGGCAAAAATTTTCCGCCTATTACTCCATAGGTTTGTCTCTTGTGCTACCGGGTGAAAGAAACACAACGAAATATAGAGAGGTGACCAAAGCCTACCCGTACGAATGAGGAGTTCAACACGTATCTTCGTGTCTAGCCTGTAGCTCGATCCCGCGCTGTTCTACTAGCGACTCTTATACGCCCCGCCTCTCCAAGCCGCTAAATGTTGCCCTTGGCAACATCCTCTGTGATACCGTGGAATTTGCTTAGATTAACCGCTGTGACCTCTGCTTCTCCGGAAAGCAGCGGGCTAGATGTTCAATAATTTTATCGTAGAAGCGCGTTCGGGCTCGGAATTATTACATTCTTGCGTCTTATTGGCGTGTCGACCCAGCAAATGTCTCCCAAAAAACCGGGGCAGTGCAGGGTTCTCCTTTGGTATGCTGGCATAAGTTTCCTCAACCCTATGCCACTCTACGAATTCTCGGCGGCGATATAATTCCAGTGGCTTAATTCCTGAGACCTCGAAGAACACGGAGACGGCCTCAAGCTCACCGAGCGGTCCTTGGATTTCGAACTAAGTAGGATGGTTCCTGTCCTTTTTCTTTCTCAGTTCGATCTACACTTTCCAGTCGTCCATTTGGAGATAGATCGCTCTAGTGTGCTAGGGACGATCCTGGTTAATGACTGCACGGCTGAAGCCAGCCTCGCAAAAGTAGTGCGATGAAATGTGGGCAAAACCAGTGCACGGGAGCCAATGAATACGGGGGCATTATAGCCCAGCGATTGCGATTCATATGCAACTTATAGTTGCTTTGCCGAGCGCAACTGTACCGAAATTAGCCTCTCTGCCCTAGGTTTAGATTTCTGACAAAGCTATCGAGATTTTTCCTTTAGATCGACTTCAGCGTTCAAGGTGCAGTACGCGATTACAGGTCATCGTTTCTCAGAGGAGCCGACCTAACACGTAGGCCCGCAGTCGCTCCATTTAGGAACTCGGCATTCCAGAGGGGACAAACGGTTTGCGTTCGATGACCTACGATGGCGCTCTTCATAGGGCCTCAGGAGATGCTCAAAGTGCGCGATCATGTATTCGAGCATCACTCTTTGATATGACCCTGGTATGCCCCTCGAATTGTTGTCCCACGTCAGCTGGTCTTAAGAATTGCATTCTTGCGGCCGTA,1172,49.66,Saccharomyces cerevisiae
SEQ_548032,CCAGACGCTTATCTTCCCGTCCATTAATCATGCACGGAATTACTTAGCCGGCTTCAGTCAGGTATCTTGGCCCCTCGGTGTTTGCGCTGTAGTTACTTGGAGCAGTATGACGGGATACTTCACTCAACATCTCGGTTCTGGCCTAGAATGATTGTTGGGTCCCATGTACTGTGTGAACGCACAATTTAACGGCAACATTGCGTACTCAGCACCCAAACCGGTATCCGCCCCGCGTCACTTCTCTAATCTCCCAAAACTACGAACTCAACCTCTCGGCCTGATGATGGCGGCGCCGCGCCCGAGCAATTTACTGCTATGTGAACATCAATACGAAAACCGCCTGAATAACCGAGAAGGTCACGAAGGCCGACTACCTCGCCAAGAGGCATGGTTGTTAGGACACTGTTAAGATTCCGGCAAGCTCAACATGCGTCCCGGAAGTCGGAGGACGTGGCCACGGATAAAAACAACGGGACAGTGCTGAGAGCTGGCAAGACCTCAGTACCTTCACTGGCAAGCGTCGAACCAGCACGCGCATAGGACGTGGGGTAATCGAACGTTACCATAAAGCTATTTGGATTTTCAGCTAGGAACTCCTCGAGGTATCGTGTTAGACAGTGGTTGCGTGAACCTCTCCAGGTGGTACGTGTTTGTCTCTTTAGGACCCCTTTCCTTCCTGGCGCGTCCTTAACCATCCCCGGAGCTTTCGGCGCCTATCACGATCAAGCAGCAATTACAGACAGCGAAGTTCACTATAGAACGGACCCTAGGACCTGCATAATCGTTACTGGCGACTTGCCAAGCGTAGGCACCCCTTAGAGAGAGCCAGGTCCCTTTCTTATCGGCTCGAAGGGGTACTGCTCCTAGCTTATGCGAAGCGCTTCACGTCGAGTCGGGACACCCATTTCCCGTACAATCAGCACCACGGTGTTAACCCCGCTGAAGCCACTAGGTAGAACTACTGGTCTAGCACAATGGTATGCGGGGTGTGCCCTGCACTTTTTGTCAGAGCCCGCGGTAGATGTCTTGCCTCCGGAGACGCGCGAGCTCATGTGTACCCTTCACGGTGAGTCGCATGCGCCCTACCATTATTAGCATATTCCTAGAATCCCAGTAGGGTGTGAGCGCCTTTCCTACGGAGTAGGGGCTTATTGTCTGGTTGGGGCCCACCGACGTGTTTCCTGTTGCAGCGGGTTGGCTCCGATGAAGCCTAGCGCAATATAGAGCTTATTAGTCGAGTCTGGTTCGCCGGAACAGGGACCGGTAAGCGTCTAAGGCCCTGCAATGTTTACGATTTATCCCATACATGGCATTAGGCTAACGGGGGAGTCTCAAGCGCCCTATCGGCAGGGTCAACA,1358,53.39,Arabidopsis thaliana
SEQ_113038,GCGCAAAGCCTGGGTCACCTGTCCGTCTTATTGGTCACTTGAGAAGCAGCGGTCGTATCGCTCCGGTTTTTGATCACTAGGGGCGCCAGCGGCTGTGCCATTATAAAAGGTTTCCGAATTGAACATAACGGATCTACGGGCAACAAATCAGCCAAGCGAAGCGCATTTGTACCGAGTGATTG,182,51.65,Escherichia coli
SEQ_518543,ACCGTGGGCACGCCATTGAATGCAAACAGAAGACCATTAAGAAGATTGCGGCCATAGGCCATTTGTCGGCACCTGTCCTCGACTCGGACAGACCTTATGATAATGCTCCAGCCAAGCATTGAAGGTCCAAAGAGTTCTGGTGGGTGCTAATAGCCTGAGTCTTTCCCACGACTTAATGAGAGGGGGTAACCAAGGGCCAATCGGAATTCACAGGATCTATGGGATGTGGGTGGCCTCTGCGCAAGCTGGCTTACTTGCGTTATCAGGAATCGTTTGTGATGTGGTCCCAGTTCAGCTTTCCGGTTTTCTCCTCGTACGGCTGCACGTATTTCCGCTTATGACTAGATTTATGACTGATTTAGCTAAGTGCTATCTAAACGCAGACGGCTTGCGGAGTCTCTGCCCGTTGACATTAGCTCCCTTATTCTTATGAAAGTACAGTCGTATTGACAGTCACCACTTGATTAGTAAGTCAATGTTAGTCGGTATAGGGCGCGGGGTTTGTCGCGAAGGCCAAAGGGCACTAATCGTGATTTCCCCCATAGTATGCACCGAGTTGCTTGCGTAGTCTGGGTCAGCGGCTATAGATGCTAATAGGAGTGGGACAGGGACGAGGCCAGATTGCGCTCACTCAGCCTGGTTTCAACCCGCGTTGATTAAGGGAGGTACACATGAGATCTAAGAGACGCCAGTTACGCAGAATATCTCCAGTCTTGGGGCCCCATCCGTGCCGTTCCAGTACTCCGCGCGAGATAATTAGCGGTCACGCACGTTCTTGTTCAGACTGTTACCAGACCTAGTAGTTGTGTGCCCGTCGGTAAGTATCCGCTTTTGTATTTACTTCGTCCTGGTAAACAATCCTTGGGCTTCCGGTATCTAGCAGTGCACGTCTGAGAACATATGGTCCCGAGTCTACGGTAGAGTAAACTGCTGCCTAACTATGGGGCACGGGATCATTCCGACGCGATG,969,50.57,Homo sapiens
SEQ_972330,AAACGTCCGTGTCGAGCACACGGTCTTGAGAAACGAATTGGGCATCTACGAAACGTGAATGCAGCACTTTAGGTTACAGTGCAAAGCCAAGCCTGGAACGAGTCGGAGAGGAATCGCACATTACCGAAGTCGGTACGAGGTTGAGAGTACACTTCTTGTGCCGTAAGTGCGGGGAGCTTCACGCCCAAGGCTCGTAACTTAGCACCTCACGAGTTGCTATCATGTCGCCTCCCAACGAACAGGGTAGAGTAGAGCGAACGTACAGGGTGGTCTCTTTATAGTTTGCTTATGTCTCCAGGCGAGGAAGGGATGTTTAAGTTAAGTCAACATCTGGGCTAGTTGTTACCACGCGTCGGATCATGACTTCGTATGCGATTTCCCGCGGTGTCGCACAGCCTGTGGGGTACATAGTCGCGGACAGCGGAGATAGGCCCGAAAGTTTAAGAGGGACACTTAGATCTGCCCTCTTAAGCCGCTCATCAGAAATTATCCCACTGTGATCGTCAAGGCGGTATGTCACCGTTGCTAACGGTTGGGGACTA,542,51.66,Mus musculus
SEQ_421984,GGTGGTGCCTGATCTACTAGCGCGGCGCGATCATCGAGCAAATACATCCTAAGTCAGGGATCTAACCTCAATACTTTACAGTAGGGTCGCACGAATACAACGAGAGACGAACGCCAACTCAAATACCTCAGTTACGGGGGTAACTGTGGTTTACTGCCGGAGTGAAGAATACCGTCTCGGGTTCACAGCGGGGTGTTCTATAGTACGAGCCAACTAGCGCTGGATCCCGTAATATAGAAAACCTCTATCAAGCTGACGTCTTAGGTGTTGGGCATCGCACTATCTGGTTGTGAATGGCACTACATTTTGATTTCATCCTGGCGCTAGACGGAAGCAAAAGCAGCTTCAACGCTCCGCTGTGTAGCAGGTCATAAATACATGCAGTAAGGAACAAAACCTACGCAATGCAGCGAAAAAAAACCTAGATCTTATATGCACTCCGCCCGGTTCCAGACAGTGATTTTATCCTCTCGAAGACGTCACCGTTTACAGACATTTAATCCCGATAGCTTTCTGCCCTGTGATAGAGCCCCCAGTTTCGAAGCTGCCTCGAGATTTTGAGTCACATAATCAGCCAGACACCGCTGGGTGTTAGACGGAACTCTTGTAGCCCTAATCCGTTGTCAGGTTAGGCCAACCACGTATAGCGTATGTCGGAACGGAGATGTCAGTGCTTCAAGTGTCAGCTCGAATCGACAGCAAAGACGCAGTCTATTGGAAATAGAA,726,48.35,Caenorhabditis elegans
SEQ_743524,CCTACGACGTCATTGGTATCGGACCCTACATTCTTGTTCGGGTAACGAGTGGTCTAGACAACCATGGAGACATCCAGTTAGTAGATATCCCCACCACCGTCGGGCTAACGTTTTTTTTCTTATAAGCGAATTTTGAGTAGTTGCAGGTTCGCCCCGTATCATGGCGTTTCCAAAGACCCGCGGCATTCCCGCTGTTCACGCCTTTCTAGCGACAAGTGTGCCGATACATCCGAGGTGGTGAATGGTGTTACCACAAAGCTATCGAGACGACTTCAGCGGAATAGTGAACTTGGCCGGTCTCACACCCACGGTCGGAGTTCCTCCATATACCCGATCTGGAGTGTTTACCCTGAGTGGGCCTCACACTGTATCGTACCTAGGACGCGAACGGGATGCGATTTGTTCGGTGCGAAGGGTGGATCCGCTTATAATTGCAGGGACCCAGGGAGTAGTGGGGTTGTTCCGACGTGCCCCCTAAACGCAGTAAAAACTGGGCCAAGCAGCCCATGAACTCTGTGAGATTGTGTCCGCGACTTGGAGACTCATGGTAGTGAGCGCCTCTCGATGTGAGTGCAACTTAATAGGGTTCAGCTGGCGCCTAGCTCATGTCATGAAACTGGGCTCGCCAAAACAGACGGTCGACTATGGGGGTGATCCGTACCCTACTCGAATCGGGGAACCGCGCTATTGGATGTAAAGATATCAAGTTGGGCGGCTTCCGGAGCCCGGGGTCCATAACAATAACGGAGACGGACGACCGATCTCTCTTAATTCTCGCTGCAGCCTAAGTCTGTTAACTTTCTCTTTGTGGACTCCTGCGAGCAGATCCTAACTACTGCCCAATCACCCGGCTGGTCGGTGCGTGCGCTCGGCGTGTGCGTCGACTTCGTAGGAATGGTGTGCGTTCGAGACGCTATTGTCCGGGACCCCGTTTCACCTCGCTTAATGCTAAGCACGCAACAACTAGAAATCTGACTAACGCCGCGGGCGAGTGATAGGGTCACGATCTTTTAAATTATACCCTTTCACCAGTGACCTCCTGTCGTCGCACGAGAAGTAGATAGACCCGGAGCTTAGGCGGCCTCGAGTTCCGCGAGTGTAGTGTTTACTACCGAGCATACGATTAGCCAGTACCCATGTGGTGTCCCGGACGATGGGTCTCATATTCCGCGAGCTCCGAGTTCCCTAAACCCATCCCTCTTAGGATTACCTGCCACCCATCCGAGGGATTAGCAGCCTGCTATCATCTGAAGTCTTCAATTCAATTCCATTCGCTGCCGCTGTGGATGTCGCGGTTTGCCTAGCAATCATGGCCCGAAGCGTCTGGGTCAACGGAAAAGTATACATCCGCAATCTGCCTACCTTCACGTCTGAGGTGATACTCGATTTTCCGACTAGGCCGGATATTCATAGCCAGCTCGTGTATAACGCGGGATGACGTAATGACCCATCAAACGTCCTGCGAAGTGCGGAAGGATCTGTCGAGTCTGCATCCACACGGTACTCCACGGCTCGAACACCCTTAAGTTCCTCTACCCGATTGCTAGGCATCACCGGGGACCGGCACCGGTGT,1573,53.53,Homo sapiens
SEQ_122057,TAAAGTTGAGCTGACTACGGTCTTAGGGCGGTCCACGCATTCATGCGATCTGACGATAGTATTACTTGGTATGTTTATAATGCCGGGCCTCTTCAGCTATAGATCAGTAGGCCGTTAGGTGGTACACCGTGGACTGGTCCTATCACCGCACCCCCATAAGTATTACAAGGTTTAGTCCCGCCTCGGCTGCCGACAACCGCAAGATTGTATCCGTGCCCACGCCAGAATATCGGTTCAAAAAGTGGTTTTTATCGATATGAGGACGAAGCGGGTGAAGCATAGCCCATATAGTCTCCTATATTTACCTGCTGGATCCCCCTTTGACCGCGTTAAATGATTCGGTCTCTCGTGGAGGCTCTAGACTTTCGAGCTAAGACTACTATGTGAGAAGGACTATGTCGGGCCGCTCTGGTTAGGACTATTGTCCAAGCGAGCCAATAAATTCTCTGCCGGCGGTCCAGGTTTCCCGAGGGACTAATACGGTCCTCCGCTCCTATGCGGAGCCTTGTAAGCTGCACCTATATAAGTACTCAGCTAAAAGTGCGTCTCATTGCGTCTGCAAAGCTATGCTACGTTACCTGAAGGCAAGCTGCACGTCCGTGACCCTGACGCGATCCCTTTAGTGGTTCCCTGGATGCCCCCTGCGTAAATCCTAAGGTAGCTAGATCTATGGTCGGTAGTGCATCTAACTATTCACGAATACTTGACGCCGAGCGGAACCTAGCATGTTCATACACTTGTTTTTTGGGAGCTATACGCGGTCGGAGTCCACTCCATTATATTCTTCGACTTCTAGTTGGAGAGAAACACACCGTCCTTACGCCTTGCCCAATAAAGTTCGTACCCTATGCCAGTCGCCTCAAGAACAGCCGGACCGTGTGAACTTACCGCAAGGCTCTACGTGAAGGCCATCGCTTGACTAAATCTGATCCGGTACTGGTTGTAAATTGCGTCCGAACCATTCGATACGATTACTGAGCATCGTTACCTCGGATTACTCACCGAAAAGGCACATCGAGGGCTCTAGACAAATTTACCTTTCACCGGTGGTACGCCTTCCATTACCAACTACTCTTGTCACCCGAGCGCAGAGGCCGAGGTTTGATATGTTTACTTAAGCGCGTCACCGCGAGGCCGGCTGAAGGAGGATTAAATGGTCGGTGTCTCGAGCTACGGAGC,1179,50.47,Drosophila melanogaster
SEQ_938861,CGCCGATTGGTCACACACATTTACGCAATTCAGACGAGCGCGGAAATGTCCTATCGAGAAGACAAGTCCGATGTGGTTTACTATCCACGTAATGCATTGTCAAACATCACGTTGCGACAAATGAACTTGCCTCGCAATCGCCGGTGCTGGTATTCCGACCGGCCTCTGTCCTACGAGATCCTTGGAGCCTGTTTGGGAGGCGCTGCATGTACAGTGCTAGAAGACGATAAGCGCGGTGTCGATCTAATTTAATCTTAGGCTTTTTACTGTGCCTCCAAGGCATCCAACCGCCTATTTCTTCGCTTGTCTAAGTCCGTCTCATGATCAGCGCCATTAGGTTCAGGGCCACGGTGCGGACCATAAGCCGAGATCGCACGACAAGCATAAATACACCGACTTCACAGGAGTATACGCCCATGCGAAGGTTCTCAGCCGATCGGTCGGATTCTATCTTCGCCAAACACTAAAAAGTCCGGAAAACGGCACGTCGTCAACACGCATCACATCAGCGGCAGGATACTGTCCTATGAGAAAGTGTTCGTTCAATTACTCGACGGTCGCAGAAATTTGAATGACGCGCGGTAGTGCCATCCGCGCGAGCTTTACTGGCTTCGATAGTGGGACTAAGGAGATGGCCTGCCCGACTAGAACATAGAAATAAACGTGTAGATTAGATACATCTAAGCATCATCCAATACGTTTAATATACGAAGCGGCACGCGAGCGAGAACCATTAAGTCTAGGTCGGGAAATTTGAACGTATACGAAAAGTAAAATGCGGATCATAGACGGGCGTCCCCGTATATCCGTCGCCACTTTGTCGATCCGCGCGGATATGTGTCACCAGCCACATTTCGAAGTGTAGTCTCATTAGACACTCCTCCTGGTACGCACTTACATGCATTTTCGTACAGAAGTCGATGCCCACGAAGTTTTAACACCTGGCTTGTCCGACTCCTATGCTGCTTTCGCCCGTACGTCCCGGCTCTGACTTGGCGGTGTCACTACAAGAAGTCTCCCATAGTATCGGGAATGATAGGAGAATGCTGGCGTTATCGGCTGGCCAGGTCCATGCACTACTAAATTAATCGTCTCGCCCCCCTAGAT,1107,50.05,Caenorhabditis elegans
SEQ_816274,TTGTACGGCAGGACCCGATGAAGATGAGCCTGAACCTGCTGCAACTTTATCGGCTGAGCTATGGAACACAAGCGGCACTCATCTATGTCTAATGAGTAACTGAGGGCCTCCTTCAAAACGGACCCAAAAGTACAAGACATCGCACGGGGCTATGGGTACCCGGAGGAGCCGCATCGCCTCAGCGCAATCGCTAAACACGTGGGGTCATTGACCTGTTGACGACAAAAGGGACAACTGCACGGGGTTTGAGAGCCGTATAGCCGGGAGCCTAGGTGGTCGAGTGTATCGTCCGATTAAAACATCATCTGTATTTCTGCTATCGCGCGGGGGAACTTTGACTAGGCGCTAAGGCATTCCTTAGATGGAGTACTTCCGCTTACCCCATTTGCGGCTTCTGTAAACGTGTAGGCAGGTATAACCCGGGGAAAACTGGGTTCGACAAATGTATCTTCCCGGAGGCGCAGAAAACAGGAGCGACAGGCGGAGGACTAATTGAGTTCGGACGACTATTACCTCAGCGAGTCTCGGTTCACTGAAGGTTTGCGGTTTAGAACAGAGCGACGATAGATTCCAAGGATAATGAGATAAGGCCATTCGCGGATCGTGCCCAGTTGCATTACTTGAGCCAGCTTAACTAAACCGCCCTTCGTATACGTCACAACCGGTG,667,51.87,Saccharomyces cerevisiae
SEQ_679184,CGGTGTGAATAGAGGCCTTGCGCTATACCCTAATAAACTAAAGTCGACAGACTTCGGGCTCAGCCGCAAGTACCAGCAATTTGTGGGTAGCTAAATATAGCCATTCTAAATGAATAGACCCTGTCCTCGGGTCGTTCCCTCCAAATGAGTGACACCGTCATGGAAAACAAAAATCACCCATATATGTCTCGATATCTGTGTAGAGCCAGGGCCTAAAGACTCCGCCAATACAGCCGCGACTGGGACCCCCCCGGCAAGCAAGTATAAAGACATCCAGGTAAGAGAACGTCTAATAATACGGCTTCTGTTCATTATAACCAAGGGTAACTTCTCCTCGCAAAGCCGCGGTGATACCACCCGAGTAAGTTGACCAGCTGCTGTGCATGTCGCCTCCCTTTAGACAGCCTCCTTTATAGTGAGCGAATAAAAGGTGCATACCCGACTTGTAGAAGATCTGTTAAGTCGGCAGTTCGTGCTTGCTTAGTAACTCTCTTCTATCAGTGGTGCGCATTGACGTGCTTCGACTTGTCCCATGAGAAGATTCATTTGAGGGCCTTA,558,48.03,Arabidopsis thaliana
SEQ_212004,ATAAGGAAAGAGGCCATATCTTGTGGATGACCGTCTCCCGCGGCTCCTGTTGGTATCTCAGATTCGGCCGCCGTGAATGACTTATTAGGGGCTGTCTCGGGCGAACATGATGTAGCTTATGGACGACAGGGTGGGGCATTAACGCGTCATGTAGGCCCTATAGCGCCCTATTACGCTTACGCCTGATATTTCTTAGAGAGTAAGCGCCTATTGATGAATGCGAGCCACAGTGTCCTTAGGTAGGATGGCGGGGGCTTACAGACTGAGCTGATCTAACCATGGTGATCCCGCTGATACCCTCCGTTCGACGGAAGCGGCTTGCTTCATGTTAGAGACTTATGCACTTCTGTAAACGGCTAAGTTGTGTCCCGGCCTAGAAGCATAAAATCCGCGTCCGGCTAGGCTAGAGAATCTTATCTCGATTAATATAGCCCCCCTTGTTAGCCTTGAGATGATGGATACAGTAGATGTTGAGGATTTCGATTAGTAAGCACGTCGCCTGGGACAATGTTTATGATTGTAAGATTACGGATCTTCGTTTTGAGCGTGGTACCATCCACTATCGGAACCCCTGCCATCTGAACATAGAGACCGATGTAGTACAGGTGTTAGCGAAAAGTTCACTAGTTACAGAATCCCTCCGAACTAAGGCTCGACAGAGACTGTACTCAATACGTGTCGGTGCGGCACCCAAAGGACGAGCTGCATTTTGAATTCCTAAGTGAATGAGGTGCGTCGGTGCATCTCCATGAGGGGACAGCTTCGTCGAGACGAACTTAGTGTTTCTGGGCATGGCTCACCTAAGCGAAGCGAAAAGTAGGTCAAAGGGTTTTGGAGTGTTAAAATGAGTAATCAGACCCAGCCTTTAAATCGATCTGATTGACATGGTATACACGATTCTGCTAACGGACTTAGTACCTCAAACATATCGTGTACAAAGACAAAATATGTTCACCCCGATCCTCATGTAGACCGCTCGAACAAGGGCGGGGAGCGTGCTATTGGAGTAACGTCCAACCGTAGAGAATGCTCCGATAATTAGCTGACTAACCTACCGGAGACGTCCTTTATCTGATCTGGGACACGATAAAAGCGAAGGGCTTACCCAGTACGGCTAACTTGTCTAACGATATACGCATCAATAAAAATGCGGAGGAATGGTAACTTCAGCTAACCTGCGCTTACCACCTTCTGCCAGCGCACCACGTCGTAGCAAGTCA,1220,48.52,Homo sapiens
SEQ_314337,TACGGCGGTCCGAATAGGAACTAGTTGGCGGACACAAGTTCATCCACCCGCCAAGCGAGGCGGCACCGCATTTCACATATCCGAGGGTGGCAAATAGGACGGTCAACCCGGATAAAGGCAAATCCAGGCGGTAATCCGTGCCGGAAGAGGTTACGGTACAAGGTTTACGAGGTGTTAACCTCCAGGCAGACTTCAGACCCAACACTTCGAAATTCCCGCAGATATGCTGGCGTGCCATCACCGGTTAAGCTGACGGCTAGCATGTTAACCGTCCAGTAAGAAGGTATGGGAGAGTATAACTTTGCCGTCACGCCACGGAAATGTGGGTAGTAACACGTCGGGTTCGATTTTGTAGACCTCTGGGGGAGATTACATCCCACGAAGGCCGAGAACGTACGTTTGCAGCAAAAGATCCGTCGGTTGGACCGTCATGCGAAAGTGTGAAAGCGCAGCTAGCACTATAAGCAACCGCATCGTCATCCAGACATCGATCCTGCGTTTATTTGCACGTACCAACCATCCAACATCATCCACAACGTCGGGAGATATAGAGGGGCTGCCAGCGAGCTTCCTGAAATATATTTTGAGTCTTCTCGTGAATCCCTTTCATTGAAGACTGACTTCGCTAAGTGTCCGCCCCTGTTTTTAGTACGCGAGCTGTGGGTACTTCAGCGTGCAGTTTTTTTAATTTCCGGCATCCGGGGGCCACGGCGGGACGTGGACTCCGTGGATGCAATAAAAACTCAAACAAGGGCGGATCGATGTTCGTTTCCTTGCGGGAACTTCGTTGATGCGGGTGCTCGTTTTTAGTACTCTAGTTGACCATTTACCTCGCGAGAGGGTGGCAAAAAATCATGGATCCTGAAAATATCTTTTCACTTGTTCCCAGCAATTCTTCTAGCGCTAGTCTAAACGCTCTAGAGGCGTCATTGTTCTCCTCCTCTTTGCGTGGAGGCGCTGTTGACCTCCTCGCCATTTACATCTCCCATTCAAACTGGCATTTTTCCATGCGATATAGGGACAACTTTGACCTTGACGTTGGGCCCATCTCCAATCTCCCCATTGGATAATCGTCTCGTCGACACGATTTATACCGCTAAGTTGCATTATCGCGGCGAAGGTAACCGAAAGTGCTTTATTGTTCACAACAAGGGCATAACTGGGAACCAATGCTAGATGATCCTTGTAGATGATCCCACGATCATATCCCCTTGCGTTGGGCCGGGACACACCGTTCTGACCATGGAAGAATGAACCGCGCGGTACATGCTTGTTACCAACGTGGAGGTGTGCAGCTCTGCGGCCACCGAGCCCAGGAGCCAGTACACACTTTAACGTGGCCAAGCCAGAAACGACTAAATCAGCCACGTCTCAAGACGGTGATTGACACCAATAGGATACGACAAGTGGTACCAACGTACAAGTCACTACATCGCGCCGAGCTCAGAATTCTCGGAATCCATTAAGTTCGGTGCCATCCACAGCGCAAACTTATTTG,1498,50.6,Escherichia coli
SEQ_275220,GTCTCGCACCGACACTGACGCTGATGCATAGAGGAATCATTCCTTCATTCAGCGGGCTGAGCACTGATGCCGGCAACGAGGAGCCGGTTGTGAATTGTCGCTAAACAGTTTGCCGCAACATCTGGTCCTAGAACCATTGGAAGCCTCACAGTACCGGGCGGCGTGGGTATCCTAGATTCCACTTACGATAGCGTTGCGTTGTCCGTAATTGAAAACCCCAGACAGTCATCACGCAGCCGTTAATGCGGTATGTTAGTAAACGACAGAGCGTCGTGGCCCACAATCGTGCCGGCTAGGTATATCAACTTGTTTTTTGCATGTCCTGATAACGGGAATTTTGGTTGAATAAACGGGCTCGACGATCCTCCTAGCATATGACAGGGTCTGGTCTCGGTTTTATCAATAGACAGTGACCTGAGGCGCTGTTAGCCCTCCCCCACAACATAGATTACTCCTCGTAGGCGACGCTGTCCTCAGCAAGTCGATAGCAGATCCCCATTGCGACTGGCAGGAGCCCACAAGTTTCAGCATCATCTCCCCCTTTTGAGACTACATATCAGCGCTGGGCCATAATAGAGTCGTGCTTTCAAGGCTAAACTCGTCAAATCAGCTGTCTACCCGGTGTTACTAGTTCCGGTTCCGCCATATTCAATAACGTCCTTGTACAGTCGTCCTCAGGCGTTGCGACGCCTATGTGACAAAGGGCAGTCCAATGAGGGAAACGCAGAGCTCTTCACTCCTCGGGCGATTGGAATCGGCAAAAGATTTAGCTCGCCATTTGTCGGTCAAGCCAACGCTAGTGAGAAGGCTGCCATTTGCCCCTCCAATTAGGTCCTACGCGTGAGTTCCCAATGAACGCACCGTAGGTCTCAATTTCTTTCCGTCGCTACCTCGTGAGCTGAGTTCAGTGCTTGGGCTACTGTGGCTTAGGGAGGGCCCCTTTTCGTATAGTGCGGCAGCGTCGG,965,52.23,Saccharomyces cerevisiae
SEQ_491521,GAGGATAGGTGTGTCAGGGGGGTTTCGCTGGTAATAGAAGGCTGGACTTGGTAAGGCTGCGGAGACATAATATACTGGGGACTGGGTGGATAAGCCGCAGACTTCATCAAGCGAGACGCTGATTGCAGCGAGGCTTCAACTGCAACTGACTCAGCATTCGATAAGATTTCTCCTTATCGCCCCTGTAGGGCAGTGTAAATATACGGAAGACCACAGAGTTAATTTAGAACTACGCGTGGTTTAGCCAATCTAAGTTCGTCAACCTCTTGGCGTTGAAATCAACCGCAATACCGAAGCGACCTGGGGCGGTAGCAAAGCAAGAAACGGTAGGAGACTCGAACTCGCGGCAACTCCCTCCCTCGCAACCCTCGGGGTGGTATCCGAGCCTGAATTGGTTTTCGGATCTGACTATCGTCCGAAGAGGGGGGCTTCCTGTCATGCAAGACCATATCTTACGAAGGCCTAAGCCCGACGCCAAAGAGCATGGGCAGG,492,52.44,Drosophila melanogaster
SEQ_713397,CTCGAGGGACCAGCGTGAGCGTCTAGTGATCCTGCTTACGCCTTAGAATAAGGCTTTCTATCATGCGCTGCCCCTACGCAGGACAACGTGGCAGAGCATCGTTCTTGCTAGATATTAATCATAGCTGACTCATCCAAGAATTGCCGATGAAGATCCACGGATGACACAGTGCGGTGCTGTTCAGGTGCTTCTAGCGCTTGCGACGCCGCCTTTACTACAGCGGGTTAAGGACAGCTCACGGCCCGACGTCCAGCGAGTCGTGGGGAGAAGAGCCAATTTCCTACGAGATAGAAGAAAGTATAGGGGCTCAGTGTGAAGCAAGGTTCTCCACAAAGATCCCCTCGGTTGATTCGACCCTTTTCTGGCGGTCTATTTGGGCGTAGGGTCGGAATAGTGGGACAGTAGGGCCGAGCGTGCATGTTGGAAAGATCGATGCTCAACCACATGATTAAATAGACGGAACTAAGTCGCGGCCAGCCGTGAGTAGTCAGCACCCATGTTGTGCAGGTTCAGTACTCCTGCTGAATTACGCCCGAGTGAAAATGGGGGGCGCGCCCAAAATGACTCGAATGGTGGTTTAAGTGGAAGGACTCGTCGCTGTTCCCTCATCAGGGTTTGAGGGATAGGTACCTTTGCAGGGACCGATCACCAAAGGGAAATTCTGCAGATCCCACCAATTTCTGACCGTCTGCCGGGCGGTAGTCTTGCACATACGTCAGCATTCTGAAGGACCCAAACGGGTGGCCTCAATGAATGCGACCTTGTATCTTAGAGAGCAACCTTATGGCTGGGCTCTGCCTTACATATCGAACCCTTGGACCCTGTTAGAGGCATACAGTCACGATTATAACGGGGAGATGCACCTTAGTTCGAAGCTATCCGTTCCGACTGTAGCTCCGAACGCACCAGTGTTAAATTGCATTTTTTGACGAAATGACTTCATATTCCAGGATCTACTAAAGCTTTTTAGAAGAGGAGTAGCCCCTGATGACGTCGACTACACTCCCACTTCACCTAGACGGAAATATTGTGCGAGGACACCCGGCAACGCTTTAGACTTGTGCAGTCGGGAGAATTGCGCGGGGTAGTGCATCACAGAGTGAATAAGTGAGCGCATTTGAAGAGAAGTTGTAGCTTAATTTTAGGCACCCTTGGCAGATGGAGATTTTTTTATGTTTTGGAGGCGTGAAAGGCTACTGCGTCCACGTGTTCAACTTGGAGCAAATAAGTAGGATAATGCTGTCCTGGGGGCTTACACTGGAGTTCGATGAGGGGCCCCTCCAGCCGCTCTACGACGTACTTTTGTGCCTTTGGCCCAATCCCCGAGAAACTGCGGTCAAGAGGACAGAAGCTGTGGGGGTTCAGCATTGTGAGTTTTCTAGCCCCTACGTACCGTTCTACCGATTTAGAGTTCCGAGCTCAAGGGGCTGCTTCAATCGACGTAAAGGAACGTACATGTGGCTATAATCTAAGGTACTTACGAAATCGGCTTACCTCTCCGACGTACCCCAGGCCAGCTGGACCCTTGATAAGCACGCACAACAGTGAC,1549,51.13,Caenorhabditis elegans
SEQ_997100,TGTGGTAGCATGTGCCTAACTCCATGTACAGATCTGTATATATCCCTGGGGGGTGGCTATCGAGCCGATACACCCACGGTTCACCAAGCGCGGTACTGCACCTATCGGCGCGAGGGGAGCCCCCAACCGGCACGTGTGACCGACAGATGAGTCTGTTCCGCAGTTGTCTGACCTATCCAGCCAAAAAGAAGCGCCCCGGGATGGGACTCGTCGGTGGAAATGCACGTGAAGTTCGCAGACCCTATGTTGCCAGCCCCTGATACAGGTTGGGATCCTTATCTTATCTAAGGCAATACCGCTTCTTTCAGTCTGCAAGAATCTCTAGGTTCGGTGCACCCACGGTTCATCGCTAGCCGCACAGAACAAAAGAGCCCACGTCACCGCGCGATATCACCTTGTCCCCAAGCTCTCGGAATACCGATGGAAATGTAACGTCCGTTGTGACAAAACGGATAGTGTTACCCATCATCCGGCAACCTTCCTACGGTTCGTGTGGAGAAAGAGCTGTTCCGAGAAATAGAGGTACAGCATTCACCAGCCAAACACATGCGGCGGAAGCCGGGTCAGAATGCCTAACGCTCGCTGTCACAACTGCCAGTTGTCCAGCTTGTGGATTCCTACTCTAGACGATCACCCTATTTAAATGATACACATGGGTTTTGTATCCTTCCCTTTAGACGTGACTCTCATCTTGGTTCAGGATGCCTAGTATATGTTACCGAGCCTTGGGAATCTGCTTGTGCAGGAGAACAACGCGTTGCGTTCGTACGAGGCCCCGTGGAGATGACCATGTTTCGTTCGTGTGGTTCTACCGTAAACAGTAACCTCAACACATGGCTTCCACCAGACGAGTGAAGGGTAGCTTCGATCAGTAAGGGGAGAATAGTTGAATAATCTTCAACACGACCACGGCCACGCACCAGCTCTGTATGGCTGAAATGTCAGTGCTCTGTAATGCTGTC,962,52.08,Mus musculus
SEQ_420284,TATTATCAAATGGTAGAGAAGGTGACCACCGGTGATTTGGGGAGTAGTTGCGGCGAAGACCAGACAATTCTTGACTTTCATAACTACTTCAGAATCTAGGACCAACCCCAGACTAGACACTCCATGCGAGCCGGAACGGGAGTTTTGCTTATAATCGTCAGTGCGTGGCGTGATATCTACCCAAGAGGGGGAGCGTATCCACTGTTATAAATGAAACTTTTTACTTAGGAGAAGCCAATAGTCCGATATTATGTCGCGTCAGCAATGCTAGAGGGACATTCCGGGATGAGTTTTCGGCTAGACTACCATGACATGCCTCTGGGCAGTAGTCCAGAAAGGTGCCGGACATCAAAG,354,47.46,Caenorhabditis elegans
SEQ_625636,TTAGCCGTGGACAACTTCGGCACAGCGTTATCGTACTAAAGTCTAGCCGTAGCTAAGAGTGCGGGCTTCGGTTTCGAACCGCCCAAGCTTTTTCAGGCATGAATGAGGAATCCCATCATAAGCGGATCCGTTTGGCCAATCTCATAGTAGATAGTTAACTACCGTCCTACAGTTACGTGGTTTGGAGGTTGTGAGGCTGGATGTCATAAACGTACGAAACTCCGCAGCCTGGTCTACAATGGAGCGTTTTGTGAAATCAACGGAGTGTGACACGTCTTGAGCTACACAAGACAGGACGGGTTACATAAGTATCGGTAGTAATTGATTCGTACTCCAACACCCTAACGAGGATCGCAAGTGGCTTGCGTCTAAGACCGTGCAGTGGATTACAATGACACATGATGACGCCACTAGAGGTACGAAAAAATGGACGATGCTTTGCTACTGGGTAGCCAGCTAGCGGGTAACGTATCGAGGCCCACTGCGCACCCGGTGGCCCGATACCATCTCCAGGTGGCGCATCGTCCTGTTGAGTCTCCACATCGACGAGTTGAGGAAAATCCGGCAGCGTGCCAGCACCAAGGAGTCACTCGATAGCCCAATTCAAAGGTCACGTAGTGTGCTTTTCGTTCCAACGTCTCCGGTGCGATAAGTTTCTGGTCAGAAGCGCTTTTCTGAACCTTGACAGCCCGTTCAGCCCGCTGAGAGGTAAAAGGCTAAACCCCTTGGTGGAACGTACAGGAATTATATGAGGAAGTACGCCCAAGCAAGGATGGATAAACAGAACTTTCAAATTCAAACCAGAGCCTAAGGTGGTTCCACCAGTTGGACGTCGGATCCGTCATGCCTAATTTGGCGAGGGATTCGATTGATGGCGCAACTACATACTGCAGGCTAGTGAACACTTACGGCCAACAAATCTATCGTATAAGAGGAATACGGACGATTACCCATCTTGCGGGCAGTTACCACTGCATGAAGGTCCTTAGGGAGGGGACATCGTGCATCTTATTCACGCACAGATACTAGGCCCGACTCGACAGAGATGTTTCAACTTACAGACGGTGGTTGGGGATTTGTCAATGCCCTCAGAAGTCTCACATTTATAGTAACTTTACCTCCGCAGATTGGTTTACCATACACGTCCTTAAATTATTACCGAGCCTTACAGTATGTTTGAACGGGCGTCTTCCCCAGGTCGTGGGGAATCGCAAGCAACCCTGGTCTGAGCGAACCTTCCGTCCAGGAAATACGGGGAGCCAACCGGGGTAGCTAATAGGAATGTAGTACAGGATAGAATTGGGTCGGCCTCGTCGGAACGCATGCTATGCATCTTTGCTTCCGTTGCGTACCCCTTGGAAGGATTCCCACAGTCTATTATCGATGAGCGTGTGCAGAAGCTCTTCGGGCGGTCGCGCCTACGCGAATCACAAAGGAGAAACGTGTAGACCATGAGATTCTGTACTACCCCGTATGTGTACCAGGGGATGATTCGAAGTCCTTCGAGGCTGGCAATTCGACCCCGAAACCATACGACACTGGCCACCGGCACCGGTAGTAAGGTGTAGGGGTCCAACAGTAACTTAGACGAACAGTAGCTCAGGCGCGACGGGTTATGCGATGCGAAGAGCAGACACAGGAT,1642,50.79,Saccharomyces cerevisiae
SEQ_783422,GCTATTTTTACTTAAGGTGTTTCAACATTTCCGCCGTCGCGCACTCTGTTTCGTAAGGAGTCGTGATCAAGTTTCGATAGATACCTGGCGCAGACGTAAGTTTCCCTGGCTTCCAGAAATTCATTGACCGCAGGATTGCGCATGATGCTTATACGTATCATACGTACGCTGAACTGAGATTCAACCCTTTCTCAATTACTCACATGAATTCGTATGTCGCTTTTGGACCTTCTCAGGGCTTGTCGACGGATCCGACGCATATAGGCGTAACCGAAAAAATCCTGTCGCTCTTTGGGAGCAGGTCACCTTCTAGTGGAGCATAGCTAGTAGACGCACTTAGAACTTATGATCTCTATCCACGAGCTGCGTACCAGAGTCGTCTGGCCCCAGACGCACTAGCTTTTAAAATTTGTCTGTCAGTTACCAGGTCTGGGCGTTCCCCTGGTCGTACTTGTGGAAGTAGCCGGAGGTTTTGATCCAGGTCGCAAAGTTGGCACTCAGGCGCGGATCTCAGGCTTCCATCGGAAACCCGGGGTTGTTCACCGTTCGCGAATTAGCACACATAGAATGTAAACAAGCACAAATGATCAAACGCTAGCAGTCTGTCTAACTCAAACTTGGGAGCATATTGGTGATCTCCTGACAACCTGCATCCTGTAACCCGTATTCTTAGATAGGACAACTTAAGAGCACTACCGCCTACCAGTGTAAGTAGCCGCGGCGAAAGACGGTATAAGACGCGCATGCTACCATAAACTCGCTTTGTCTTTTC,772,48.19,Caenorhabditis elegans
SEQ_281569,GCATGATATAGGGATAAATCACGCGGCATAGCCACAAATACTAAAGTAGGATAGCCAGGTGAACGCTAGTGGACCTTTTACCATCAACATTATGGTGGCCAAAGCTAGCCGAGCGACTTCATTCCCCACCGGGTGCCGATGTACATATCTTATATGTGAAGGTAGAAAACAACATGAACCCACTCGTCCAGAAAACGGCTAAACATACTCGGGACGGAACATCAAGGAACATTTTCCGTACCCTAGCGGCAGTGCAGGCAATCAGGCCCGGGAAGCATTGTACCTGAGCTCCGAAATCCCGGCCAGCCTCGGCGCGGACTTCTGGCTACGGTTGATATGTTTAGGTATATCGGCAAGGACATATTCGCAACGGAACAAGATGATTTCATCTCGGAAGAAACAGTGTAAACCTCCCGCATACCTAACAACTAAGAGAGTTGTGGTCCAAGGCGAGTATGGTCCGTACCTTGACGTGTCCTAGTCGTTTTGTTAGGGCCAGTTGGTGACTGCGGGGTAGAACAGTAAATATGCGCCTCGGATATGTGTACAAAAGCGCCACCTAATGGATACGCTTTGACGTAAGCATGTAATCGAGTGCGAGTGCAAACTCTCAGAGACAGTAGGGAAGAGCGATGTTGATTTTGTAACATTAGCAGACGATGCTTACTATGCGGAATCAGCTGACCCCTGCCTCCCAGGGCTTCGGTGGTACTAGTTTATAGTTCGCGCCTGCGTCCTACATGCGCATATGTTAGATAGTATCCGTTGTTGCAATCGTGGTTCGACCTAAAGGACTGATCTATATGGGTATCTCGGGCCACCTTGGTCCTTTTTCGACAATGAAGACCCAACAATTTCGACCTTTTGGGGTCCCTGAGTCAATGAACCAAACGCCTCACAAGACACCGACGTGAACACCTGCCTCAAAAGAGTCACTTAGAAACGCCTTAGCCCGCACACTGTCGAGTCGATAGCGATCTATACCTGAGAGATTGCGGCATTACCCCTGCAGAGCCAACTAATGACCCCCGTGGAGCCCTAAATATATAGACCTCCGCTTTCCCCTCGGTGTGTTAACGACTTGTCTCAA,1090,49.27,Caenorhabditis elegans
SEQ_344467,GACGGAGATATGTTAAGAACGAACGCCACATGGTGAATTCCTGAATTCTGCTTTCGCCTGAGCTTTCTTAACTCTAGTATGGAGCTCCATTACCTTCCAAAACCCTGTGCGTGGGGGAGTTTTATTATTAAACTGTTCTTGGTCGTAACGAGTGTCCGGTTTCACAATACTACCTCTTTGGCAGGGTTCCACATCGTCTTCGTACGC,207,45.89,Drosophila melanogaster
SEQ_536751,TACAACGTTTCCCTAGCCGCTACAGGGACCCCGGCAGGTATTCATTCAGTCAGTCCCATCGGTCACCGTGGACCGATGCTGGCTCAATTCATCAATACCTAATCAAAAACGGACCTTCCGGTTGTGCGATCGCTAATCCGCTCACTCAACGCTGACCATGGTCCGTCAGAAAGTTCACCCAGGGACTTGCCACCTATAACTCATGCGTGAAAGGTCCAAATTGTCTACGTCAAAATCGACTGTGTAAAATCCCGTGCGAAAAGCCAGGCTTCATAGGCGATCGTTAACCGCACACACATGGAGGGTTAGGGGGATCGATTTAGAACCGATTAGTAGACGGTGTTCATAAAATAGCCCTTCGGCTATTTCCCTGAGAGTAAATATGACACTCATTCTGAGGGCCTTTAATTTCTATACTACTTGTTCATTTAACGCATGACGATCTAGATTGACCTAGCCCCGGGATTATTGCTTCCATGACGATCACATTGACCCGTTGACGGATCTGAATTCTGATAGAGAACTAATAGACCGCACGAGCCTGAGATAGACGTTTTGTCCAGTTACGAGGCGTGTCATTACAACTCGCCGTTATTTCTTCGAGGGTTTTTATGAATGAGAGACAAAGCCACGTAATATTGCTGGAACCCCAATAGTAACAGCAGATCTGTACCAGCCGAAGTGGTCGAATTCTGTGTCTAACGCTACCTCAAGCGGCACCTCAAATACCACAGCCACGCCTAGAATCATCCGCAGCACTGGACAGATTTACATTGGACATAAACAACGGGGAAAACATTAACCGTTCGCACATCAAAATTGATATTACTACCCTTCCGTGCACGGGACTAGCCCGTACACCTTTCGAGAGCGGAGTGATCGTCGGTTTGGTCTCTGCAATCGGACCACACCAGCGCTACACCTAGAAAAGCGTGGCTGATTGCGCCTAGATCGATGGAAGCTGTAAGAAAAAGATTATCCACGGCCCAAACGACATCCGCTTGCCTCGACGTGAACAGCTATTTTTCTCTCATTGGCGACATCAGTTCTCAAGGGATTGGCAAGTCAGCGACTTTGATCAGCGTGGCATGGGCGTTGCAACCTTGTATCATCCCGATCGGGCGAGAAGAAGTTCATGAATTCGTCTATAGACCCTCTACAGCAGCACGCTCATCATTTACACTAGGGCAATGCGGGATGGGTGCATGCTGCATTTTGTCTCGCGTGGAGATTAGCATTAAGTGCGCGCGGTGCGTTGTCTGCAGGGTAGAAAAGCAGTTGAAAAGTCACTGTTCTGTATGCGCCATGAGGTATGCCTCACATATTGTTGTTCGTTCTTTACAGATGACTCAGCGAGGATGCCACCAAGGTCGAGCTTCAGTATTAGTGAGGTAAAGTGTGGGAGTCCCAAGGCAACCCAAAGTTGTGAGTGACGAACGTTCATCTCACCTGATCCAGGCCTTCAGTCCCCAAGATAAGGAAGAACTCACCCTTGAAAGGATACCA,1506,48.47,Mus musculus
SEQ_620313,CCGTAAGCCCGCCACGGCTTCTCTGTTCTCTGACACAACACTTTAACGACAGTCTGACTTTTTTA,65,47.69,Homo sapiens
SEQ_507255,GTCCCCCTTTATCATGTACAGCAATTTTACGCACTTACGTCAATCCACTCCGTCGGGAGGAGATTCGAGCGTGTTCGGAGCATGATACAGTTCTCTTGACGCAAGAAAAGATATATAGATTGACTAGAGTCTATCCGGTCCCTGGAGACTCGAGAATTAACTCCTAGACGTTCTAGCAGGCAACCACTCATGAAGGCTTATAGAAGCTCCTTCTGGTACAATTCCGCCGCCTGCGATGCGTTTTCGGAGCCATTTTCTTCTTCACATTGCATACGTGAGCTAATGTAACTGGATGGGGCTGTTAGTAAGCATAAGATGTGCCAACTAGCGACACAAGATTAAATTCCACGGGGTTTGGGCTTGTCGAGACTCGAGGGGCGTAAAATGAATGGAATCGAGGCCATTCCTTTATAGCGGGAACCTAAACTAGCCGTCCTGGTCTCGCAATGAATACGTGGTCTGAACGATCTGTGGAGTCAAACAAAAAAGATTATCGCCGTTTATAGTAATTCCCGACATCCGACCATAATTCAGAAACTAAGAGAAAAGACTACCCTCAGCGAGTCCTTATGGGGCGGACAGGAGTTCTGTTCGGGTAGAATCCCATCCAAAAGGCTACCGATTAGGGCAAGATCGCGTCCTCATGATAGTGCTGTTGCGTGACCATAAGTGGCCTTATGTTCGAAGTATACGCAAAGTGGAGTATTACCCTGCTAAGTCTCCGACATCCCTGGCGATCTCTATGAGTGCATCGGAATGCCTGGTGCCGATGATTCTCTTGCGGTCGTTCCTATTCAAAATTACTAGGGGACCCTCTAAAGGGGGCACTTAGCTGCCGCACGAAGCCGTAGGTTACGGCAAATCCACCGCAGCCCGAAGCTGAGTGAATCGCCCCCGCCCAAAATTGGACCTACATTACGATGATTTTAGGAACGCGGCCTGACCCGGAGACTTCACTTCCCTGAATTCTCTTGAGTTGCCTGTCTGGTGTATGTGCCCGGGGAACGCTTACAGTGTAGCTACTATGGTAACATCGGGTAAGACCAGTCAGCCCCGCTCATCCCCCGAGACGACAAGTTTATTCTTCCGTCCATTGAACACCCCTTTGCTCACGTCAGGGTTAAATCCATAGTCATCACGAACTTTTCTGAAAATTCAACTTTTCTTTCCCCTTGGTACCAGCGTATATTGATGTCGACGTACTTGCAAGGTTAGTTAGAAGTAGAAGCGTCAGGTCTATCCGAAGAAAGATGCGGACAGTTGGTCCAGTATGATTGAACTGTGTCACGTACCTCACGCATATTTCAGTCCCATGCGGGCCGAGGCCAAGCCGTCATGAGCACGCAGGGCCGCCTCACCCAGTCCAGACTCTTGTCACATCTGGCTAACATTCCGACTGCCTAAGAGAGCTTCCCACGCATCCTATGGTTTCCGGCTACTGGGATTTGAACCTGTCCAGGGATGGGCATAGTTGCTTGCGTATCTCGAATTCCACCATCGTCGTTACCCTGGGTTCATACAAATGTGGGAGTCAAATGAAACAT,1544,49.22,Drosophila melanogaster
SEQ_861198,ATTTCGACGGCATTGTTAGTATATTATCTAATAACGAGTGATCACGCCTTCGCACCCTCCGCAAGACTCAAGCATGATGTTGAGGCGTTCAGAGAGGCGCGTAATGTGGCAGCCTAACCACACTTAATTATTCTACTCAAACATCTGGGTCGGCTTTGATTTGGATCTTCTGAGCTAAAGGAATAGTGGGACGATAAGTATAGTCGCACCTGGGTCATGAGAGATGATGAATCGCGATACCCGGCGAAATCTAGACGCCGATAAGTCAGATCATTGACGCGAAGCAGCGGCCTATTCGCGCGTTCACGGAAATTGAGAGGCTAGCGCGATCCATGCCATCAAGTACTACTTCGAACTCCGTAAAGCCCACCGGCCCAGCGTAGGGTAAGGTCGATTATTGTGGTGTCAACGACGAGCATACACCCTCTGGAGGGTGTAAACGCCGCCCACAGACAAACAACGATCTGTTAACTACCCCGAGCACGTCAGTGGCCGACGGTCTGAAGCGTAGTTAATGTGAGTCTCCACCAGGACGCACGGACCGTCATGGGTTTGGCAGGTCCATGCGTGCAATGTAATCGGCTGTTCGTCGCAAGAGTCAAGCGCCTCGGATCTGGGGAAGTTTCAGTTTCTGAAGAACCCGCGCTCTCACCACGGGAGAGCATAACCATCGCATAGTTATACCACCCATTGGCTTCCGTTTCCCTCTCCGATGAGCTGCAATTCAACTCATGCATTTGACGAATTGTGATCCAACGCCAACCATGGAGTACTTGTTCCCAGCGAGTCTAAGAGGGGACTCTAGGGAGTAGGAAAACGCGACACCATTATAATCGTAGAAACCAATGTCCCTCTCCCTCAATAAGTTCTCTGCTACGGGTCACGCAACGCACCCGTCGGATGGTTTGGTAAAGAGTGTGGCTAGATGT,929,51.02,Drosophila melanogaster
SEQ_679470,GTTCCGGCTGGCTCGATGCCCTGTGTGTAGCGGGAACCTAACCAAGCCTGAGCGTGTGTATCCTTGGCATGCTCTTTTGTCGCCTTTGTCTGGAGTGTTTAACGCAATATCAGGCGGCTTCCTTCCCGAAGGTCGCACGCTCATGACTAGAATCAGTTGAGTCCGTTCAATTACGACATCTTGATCCAACGACATAGAATCCCCATTTTACTTCGCATAAACGTACCAATAAGTATTTACCTGCCTATGAGGCGTCGACGATGCAAAGAAGCTCATCTCGGCGATGACGAAGCTTGTGGGCAATCGATTTAGTTCCGACAGCGCCGTTTGGACCCTTTAGAGAGTTGAGCCGGTAGTTATACCCCACACGTATGACTAATCGTCCCAGATAGTCTCTTGGTTCTTACTATTAATGATGATACTCTAACGGCCCGCCGAAGGGCCGTGCCGTTGAAAGAATTAAGTGTGATTCTGTGTTTTACTGGCCATTCCTTTCCTTCAACACGCGAGCTATGACTCTGAAGCCCTCAACAATGGTCGCCACCATTCACTTACGTTTGTATGACCCCGCCATGAAGCCTGTTAAGGTCTACCCCGCCTCATGGCACCTTTTGCCTCTATATAGCGCCCACACCTTTGCTAACGATTCCAAATTGGCCACAGATCAAGGCGGAAGGGTGAGGCGTAGCTGTGACCGGTCTACATAATGCTAACGTGAGGCCACTCTATGCCATACCGAAACAGGCGAGCGCCAACACCCCTACCTCAAAGCGTTAAGTGGAATCTGGGCCTCATGATCACGCTTCGCTATGGATCTGCGACCCATGATTCTCAATATACGTCGGTGCCAGACGCGCTTTTATTAGAAAGGAGACAACTGGTAGGCGCGGCGCTTCAAAAGCTTAGATGCTGATTCTAAATTGTTGCCTACCGGAGCTAATGCCCAGTCGTTTCTATCAGTAACGCAAATGTTAGTGGTCATATTCTACCCGGCTGATTATGTAGTTTGCTAGATGTAATATGGGTACAAACATCGCGACCTCAAGTAAGCGACTGAATTATGTGTAAAACGGCGCAGTATAGCACATTTAGACGGCCAGTGAGGGACCGGGGCCGTACGTGCGGACTAACTATCAAGGTCGACTCTGCAGCTGTAGCCCTACCAATAAACGGAACGTGTGTATAGTGTCCGTTAAGTAGTAACTGATGCCCGTTTAGAGCCCGACATAGATGGGGTTAGTGCCGGCCCCAAACACGATCCTGCTGTACTCGGGCGCAGTTGTGATATAGTACGGAAGCTCTACAGGCCATTTCAAAATCCGGGGAGCTGATACACTACGTATGACCGTAGACGAGAACCATCATTACTGTGCACTTCATCTGAGAACGTTTTCCTGGTAGTGGATGAGTCCTCCGATATGCTGGACG,1428,49.51,Mus musculus
SEQ_229733,GTCACGCAGTTTCTGTACCTACGTCTGAGCCCATACGGTCTAAATTCCTTCACATACGTGCATCGGTACCATAGCGAGAAGTTGGCGACCCAACGATGGTTTGAGGTCCATCTAAAGGTCCTTTGACACAATGTGAGGCAGGTTATACTAGTACATGAAACATGAGGGAGCTGACGCCAAGGGGTAGCTGGTGGCGTCATTCACCGAAGGTGGTGGTGCCCGTGGCAATAATCTTTGTTGGTGAACAAAGGCTACGGACGTCATTATGAAGGTGTATCCGTAATACGTACGAGGTATAACCTCCATCGCGCTTAGTTGTCCCGCGTTGTACACAAGCCAGATTTACCCTATATGACATGGGGGGCGAGTGGAAAATGGTCTTGTAGTAACTATGCAATAGCGGAAAAAGGCCGGCACGCCGAGTGGGTAGCGCTACAGCAAACTTCAAGCTTTTAATTCATTTAAAGTGGGGACTCTGAACCGAATAGTTTTTCGCGCAGACGCGGGGTGGACTATCAGGCGTGCACGCCATCTGTTCAGTATGACTCAGTGAGGTTTCATCGAATTGCGCTTTTCTAGAACGCCGGGCTTGTTATTACCCAAGGAAACTGAGGGCTCGGTGTAGTTAACCCGGTTGGTACCGCAGATCCAAACCGCTAAAGAAGCCCCCATTAATGATGGAAAACTCAGTAGGTCCTGCAGTAGGTGACGAACCTTGTGAGCTAATGTAGTATTGGCACTCGTCAAACCCCACCGCGTGCTATGACGTTTGTGTGGTGCGTCTTTAATTAGGTTGGAAGTTGAACCTGAAATCCTCCGACGACGCTATCGTCTCCCAGGGGTATGTTCTAATAACCATGCCTGCGGCAAGTTCATATTTGACTCTGTGGCGTCCTATGGCCTATCATAAATGTCTGGTGTTTTTACCTGCAGGGCACGGGTGAAACGCAAGGATGAGAGCGTATCAGTCTTACGAACAACAATAGCGTTCAGAGCTACCGACCTGCGTTCAAGCCATATGCGAGCGATGGGTGGGTCAGCCGACGGGTAAACCAAGGTTTTTAGGGTAACCCCTAAGTTATTTACAAAGAGGTTCTCTTCTAGCCTCCCTCGGGCTCACTCACCGGCACGGGTTCTCAGTATAATATACTAGACCCATCTGGAACGTGCACGCACTCCTCCACAGTTAACATCGGCATTACGTTTGCGAACGTCGAAACGCGTACGTCGCCAAACAACGTAAGAGGGTTGGTGAGAAATTGCTCCAGATGCTTCATGCATCCTAGGCTACTAAGAGCGCGTGTCAGCCTAATAGCTTCCTTCGGCTCGCAATCTTACATAAATGACTTATTTCACATTTTGAGGACATA,1370,49.12,Drosophila melanogaster
SEQ_338436,TTTTATTTTCACGACTCGCATACTCATAGATAACCCATCAAAATCACGCCATCTAGAACCGTGGCGAGTGGTGCCTGTTACGGTATCACTACTAAACATCTAACGCTCTCCCCGAGTTACTGCTGCATGGACGATATACGTATTCCGATTAACGTCCACTGCGAGGCAACCCGATTTGTTGGGATGTAGCTCTTGAAGCCCGCGGCATGTGACGCGCACCGACAGGAAAATGTTCTTAGCGTTTCCACTCTCACATTGGTGACCCTGGCAGACAAACTTTATCTGCCACTAAAGGGGAGATCTAAGCCCTGTCTCCGGCACCCGCGTCTCTCATCCTCGGACTCGCCAAAATATTGAGCGCACGAGGTAACACGCTGCTGGGCCCGCCGTCCCACCGCGCGCCATGGGTTTTGCAGTGCCGCTTATGGGCGAGGCATTTAACGCGATATATACCAATGTCCCGGTCTTCGCTTGTGGGTCCCATCCCGATTTACCCCTCAGCTTAACCCTCTGCCAACTTTTCTAGTCTTTGCTGTGCTCTGCTATAATAGAGTTCGATGAAACGGGTGACCTGGCAGATGTTATTCGTGTGCGCGATTAAGGACAATGCCCCAAAGGCCCGACTAGATGTACAGCGCCATTGATGTGAGGACCATAGAGGGCTGTCTCCTCCATCGGGGCGCAGATCAATGCATCCTGAACTGAAACTATTCGTTCATCCTTCGTTTCAGAATGTTACCCCTTTTGCGACCAGCGCGAACGCCCATTCCTCGAGGGCGGTAACAAACCAAAGCCGCTGCGACGATCGCTAATTCCGAGCGCTTTAGAGCATTAAAAGGACTGCCGTATGGGCAGTGTTGGGGCATGTCCTTAAGTATCGACAGTCGGCGGAATTCTCAGAGCAGTATGAATTCAGCGAAAAGCCCCCAATCCTAGACGCTGAGCATATTGTACTTACGCGTGAGCTCGGCCGTTTGGCAAATTTGTATAATAACTCCCGGACAACGAGGCCCTGCGTATCCCATTACTTGCAACCTTCAGGCACGACTGCCACGGGTCCCATGAGCCCAATACTACATTCTTATCACGATAGCTTCCCTCCCTCTATAGTAAGGGCAAGCGTCGACTTTTGCGAGCAGAAGGTGACAGCCAAAATATGCAAGGGTGATAAGTGGCTAGGTTCAACGGGCGTTTGCCTAGCCCCAATTGTTGAGGCATTGCGGGACTATTGGATTACGGTCTCCGAGCACAAAGATTGAGTTTAGGGTGCGTACAACCAGTCGCTAAGGATTAGCAATACGAATTGACAGTCAGGTACACTCGGGCGTATTGATCCCTATTCCATGCATTATTGACCCTAAGATTCGCGTCACCATTAGATCCCACTCCCTTATGATCGGCGCTCTAGTAGGCCTCGTCAGGCTTTATATGGTTTGGATGTCCGGCATTGAGCACAAATCAGTTGTGATGTCGTTCGCAGTCCTGGCATAGGTATTCTGGGATAAGTCTCTGGCCGGCGCCAGCGGTCATACTTGCACGCGCTCCATTGCATATACGGAGATGGCGTGATGGTTGAAAAACAACCTTGTCTTCTTATCGACTGCTAACATGGGCACAGTGTACTCTGTTAATGGTTGTCTAGTCCGCGTCGGCGGCTGAGGCCATACGTTAGAGTCCTTGACCGGGTGTGCAAATTGACGGCCAACGTAGGCAGTATTTCGGGGGGACTGCTCTTCAAGAGGTGCTGTGGAACCAAGCACAAAACGCCGCTGAGCCTCTGACAATTCATGCGATAGCGATATTAGCCTGATACCGGTTCTAGTTGCGCTCTTAGCACGGAAGGAAGAATTCCCGCGCCCACATTTCCTTAAACACATACATCTCGTGCAGAATCTGTGTGAGACCTCAGCAATTGCTCGGTGTCCATCC,1929,51.27,Caenorhabditis elegans
SEQ_981883,CGGGTACCCTTAAACAGTATAGTTGAAAGAAACTCCTCTCCTTATAGGATCTTTAACAGCGCCCAAGAAGTACATAACGGTTACTCTTGTGTGGCGACCCGCCGTGGAAAAGCACGAATGTGCTGTCCCTTCCATCGGTATGTATCACTCCCTCACAGTAAATTGTGGACGAGCCGGGGATCGTAATACTGAGATCCGTGCGTCTGTCAAGATGCCTCATGCTCGGACCGCCGAGGGCACGTGACACGAGCCAAAAAACGAAGTCAACCGGCCTTACTATACTAACTCAGGATAGTCTAAAGGAGAGAAGCTTCCCAACGTAAGGAGGAGGTTGGTCTCTCGTTGCCAGTCTAGAGGTCTATAGTTGGTCTAACTATCACCTCAACGTCCCTCTGGAAGCGACATCCGACTTGGATAGGTCCAGAGCGGTGGGACCGTCGTAGCTGACCATTGGGCATAACTTTTGTAATCAGTATTAAAGCTCTCCAACTGACTCGTCAGGCAGTCACCACCTTTACAGAATAGTCCTGCTAGCTGGTCGTTCGTTTAATATGAATCTGCACGACGCCGACATCGACCCACCTATCTATGTTCTTGGCAAAGCTTGCTATAATCACACTCGGCACTACAGACGAATCCTAACTCAGTGAACCTCTTCCGTATCGGGCGTTTTGTGCTCTGCAGA,685,49.49,Homo sapiens
SEQ_180180,GTGCGAATTATGTACTGGGAACACACCCCGGTGCTGTGCGCCGTCCCAATTGTTCCGTACGTCTACACGACAGTGTCTTGTCCTAGCGATGACTATCCGCAGACTTAAAGGAGCGAATGTAGTAACATCCGCAACCTTTTGACGCCGTTCTTTTTTGACTTGAATGGGGAGATCAGGCCTTGACGGTATGCAAGAAGCGGATACCAACCTCACGGAAAACGGTCACCCAGTGTTTCGCACCGGTCCCTTCGCAATACGTGTCTAAACACTTGTGTGCACTCATTCACGCAGAGTAAACGTGTCTTCTCTGGCGTAGACGCACGCACTTCGGCCGCGTTGAGACGGCCATGTTAGCTCTCCGAGAGAAAATGAGCTCCCCTTTGGGACATTGAGACTCACTGAGTAACGGGAATGACGGGACCAGAAGTCACGACCTGTCCAGGTGACCCGTGTGTGAACAATCGGGCTACCGCAGGTCAAGGATAGACGACTTGGCAAGCATTCCTTATTTTGAAAGACTGGACATCTAGAGATGCTACGAGAGGCTAACCTCTGCGTATCAGCCAACGTCCACCGCGTTTTAACTTCGACATACAACTGACGGCGGTACGGCGGCACAGTTCGCTATTACGACAAATGAGTCCCCGCTTATCTCCATGCGGATCGAAAGCCTTGGCTACGCGTATAGTGATCTTGAGACATTACGAATTTCAACGCCTTCGCAGAGCCGTCATCCGATGGTAACGTTAGTTGGGCTGAACATTAATTACGTGCCCCCGTACGAATTTTGGTACAACCGCCCCGAACCATGAACTGGGTCCGGGTTGGAGCTATTTGCTCGTACGCTCTCATGCCTAGGTAGACTAAGCGCACAGTGCTATATAAGAGCAGGTCGCGCCCCAGTTACGTGCCTAGATCTATTGGCCCGCTGACTCTTCAGATGGAGAAAAAACATGCTCAAGCAACGTATTATTAGGACACCATACTAGGTTTCTCGCTGGAGGCTGCACTCGTGGCAGTTTAGTCAGACTCGACGATGGGCCGACGATCCTGTGCGGGTACACGCTTGCGGTTTCACGCGATGTAAAAAAGTATCCGGAAGCCGTTCACCGGTGAAGTTATATGGCAGAACTTACACCCTACCTTTCCAGTGCATTAGCCACTGGCCCGAATTGCTACGAAATGTCCCAGTCTTATCATTGGATTTGATATGGAGACAGGACTATTACTCATCTTTAAGAGTGTCCGTGGTAATGGATCCGGCGACAGCGATTAGGCTATCGCGTAACACGGCGCAGGTTAGGTCCTTCACCGATCGCGGTCGTATCCACGTCGGGACACGACCGCAGATGGTACGCGTTACCACTGGTAAGCAGGGCATGTATATGAGTCCTGACACATCAGTTTGGGTCCTGATGTCAAATATCACACCACCACCACCCCGTGACCGGGAACATCAAGTCGGTATCATCGTGGCCAGTAGAAAAATAGCCTCGATCCCCGCGGCTTCCAGTAAAGCAGGGAAACACCTAGGTCTGCCTGAACTAGGATCTGCTCGACAGCTTATATTAGCGAGGGCCCTTGTTCTCTGGGGAGACTCTATATTTCGTTAGCACGTATAGCGCAGCCGTTCCCCCCGGTTTGCT,1646,51.76,Caenorhabditis elegans
SEQ_692067,GAAGGTTATGGGTTAATTGGGTGATTCAATAAACCGCCATGCCTCAGTAACACTTTTTTCCTTGCGTGGGATCTTGTCTTGCTACCGCCCTACAGAGGGCTGAAAATGTGGAGGAGGGTAGGCAATAGCGGGCTTGCATTACGCAAATACAGATCGCTCGCATGTTACTCCGAATCAACCAGGCCAGCATGAATGGACGCCTAGAACGTTCGTTGAGTCAAAGAAGATGTGTGAGAAATGGGTAGAGAAATCTTGTTGCTCATGATGCTGGCCGGCCCGGTTACCTTGTCCTATATCAGAGAGGTATTGGTCCGCTTGACGCCGTAATGGACGCCCGCAACCACAACCCCTACTCATCTTGTCCACAATAAAGACCAGCAGCGCGTGTTCCGGTCCTTGCGCGCGAAGCGCCAATTCATAGCGGCTCTTATATCGGCTCCCCGTGCTTAGTAAGTTCACCGCTGTAGGGAGGGTGGGACTGTCTCGATTCACTACAGCGCGACGCTAACGCTATTACTTGCTCGAACTTTAACTCGATCAGTTGCTAAGGGCAGAGTAATCACCTACTCCACAGTGAGGGGAATGGTCGGGCTGACTACGTCTCTTGATTTCATGCGATCTCGGGACAAACGCGAGGCTTCAGGGCACTGGTTAGACGAAGGGCTATCCAGCAATTGGCTTCGACGAATAAGGATGTTCGCCGTCTCATCCGACCGTTCACCTTGCAAGAATGGGCTGCGTTGAAATTGTGGGTATAAGCTCACGGCGGATGTCACGCCCGGCATGACGTGGATTTAACGTCCGAAGAGCACCAATCATCAGAATCATACATCGCCCACAACATCCAATCACTTCTTGCCACTAAGATGAGTCTTATCCGCCCCACGAGGACGCCTGTTTCGTGGCCACACAGAGCAACTACGGCCGGTTTGATACGGCACAATGTTCCGCCTGTAGCACTGACCGGACATCTACAGTGGTATAGTCAGAGCGGTCCGAACAGTTGTAACGATCCCAGCCTACTCCGGAACCGAAGGTAAGCTGAGAGATTTCGTCTTGCCATGCGGGACTCGTTTACTCCACATAATGTAGCGGATAAAATTTGAGATCTAAGGTACCTAAATCCCGTCGGGTGGAAGACGTTTACATGTGCTTAGGAAGGCGTCGACCTTGACATCCTCCAGGTAGTTCTTTGCAGAGGTCCTTATTCTTGAATGATTGCACAGATGAACAATATTGTCATACTTTGTGGAAATTGCTACACGGGCCAAACGGGTGTATTGGGAAAAGATCAAAACCCACGTGCATTTTTACTGGCTTGAAACGCCAGAAAAAAGGATAGTTCCATCGCCCAGATGCTGTAGCCTTTTGGAGGGTCATAGGCGCATGCTTATGTAATTGGTCCCCACGTTTTCGTCATACCGCAGAGACGAGATGTCATTGCACGTAGCGCATGATCTGCTACCCTGCGGGTGACATGTAGACAAAACTAACAGAAACAGGCGAGGTATAAGAACATCAAAGATGTTGATTGAGGGCACGTCACCGATCCATTCATGGTCCCTTCAACCTTAACCGGAGTGCCGGAATAACGTTGACCTTGGGTGCTTGCCCGACGCTGAGTCGGCGGGTTAAAGAATTTTGCTCATCATCGCGAGGGC,1661,50.39,Mus musculus
SEQ_407392,ATCATCACTTAAGCCCGACCCTTTTGACTGGAAAAGAGTATGAGTCTGTAAGATGCCGTGACACTAACGGTGCGGCCGTCTCGGACTAGCGGCTTCTAGAAAAATTGGATTCGTTGATGGAAGCCACGCTATGATCCCTATGACCTCTTGAACAGCATGACAGTTCGGATTGGGGGTCAAAAATCTGGACCATGCAAGGAATGCGGCCAAGCTTGAATAGTTTGACCTCGTCAAGCGGCAGAGATACGCGATACTTGAATACGGCATCCGCGTGGCTCCGGAAGGCTAGCACCGGCGTCGCCACCATCCGCTATTGTGTGAATCCTTAAGGAGTTCTCCGATATCAAAGTAGCAAGGGGACCCAGGACGAGGAGCCTCTCTAGGTCGCTACGTCCCTTTTACGGTCTGAGATCCGCCGTCCGAGAGCCAGCCATAAGTACTACGGTCTGGGCCCACGGCCACCAAGTACCCTCAAGAAAGGGAAACATTTGGTACGCCTGTAG,503,52.88,Caenorhabditis elegans
SEQ_176471,CTTGCTTGAAGACTCACTGGCATACGAACAGCCTCATCGCCGTTATAGCGGAATAATTAAAATAATGAGTCTTCCTCGGCACTCTTTGACCACTCTGTCCTAGTTACACATGACTGGGACCGGATATCGCCGTCATATCTTGTTTTACCCTGCATAAGACGGAAGCGTTCGACGAGATCCGAGGTACGGTGCGCAT,196,48.47,Drosophila melanogaster
SEQ_968338,ATGAAAGCCGCGTGCAACCGCACAAATCTATGTACCATCGCGAGCTGAGACAGCAGCACCAGAAAACCCGCCTCGCTGGACGCGGGAAGTCATCAAACCGTCGGGCAACGGTATTTACCTAGTCTCCTAGGACCGCCGCACGTGCCCATAGACTTCCAGGGTCCGCTAGGTCATGTTTCCAACATCGAGAGCGGTCCTAGAGATTTCTGTCGTGTGGCCTGTTGTAGAACGATCGGGGCTGGCCGGTCCCACGCCAGCGCACTAGACTTAGCGATGTTCCATTAAACATAGCACATATATGCTCCAACGCTTCCGGTGTTGAGTTAACCGCCTGTGGCCTATATACTGGGGCGCTTGTACTGTTAAATAAGAACGGGCCCCCTCGTTCGAGGTATACCTCGGAAATCGAGAACGCTCGACGACTTTTTGAGCGACTGACGGCGCAACCCATTTGCTGCGCAGTAGGGGAGGACTAGCGTGGACTGTTCACGTACGCCTTAAGATCGCTGAGTGTGTGTACTTAGCTACAAGCCGGCGGTCTTCCTTAGAGGCGCGTCGTGTTCTCTGGCGATTCGTATCCTCCTCGCGCCATGGGGGTCTTGGAGCTCTGTCACTGTTGGGAATGTATCGGGGTGGGGATCACAACACAGCTCCACGTTCATGCAGGGTGATAAAAAATCACTGAAATGGCGCGCTGGCGCAAAATCGCTATAATAGTGAGCACGAATCACCTAGTTGGAACTAGGCAGTAGCAGCTAATCAGATAGATTGTCCCCAGGCCCTGGATTACCGATCATGTCTGGATCAGCGCGCAAAGAATGCAAGATTTCGAAGTGCGCGCTAAGCATGGGATCATGAGTATAACATGACTTTCAAGAATTATACGGTATCACTGAGATCGCTGGTAACCCGTTGTAAATTTTGATCTCGAATTAGACCTCCTCGTAGGCCCTGCACCTGAGAGATGCAATACGAGTGGGCGCCACTCTATGTATAGGTGTGCTCGTAGATGTTGACGATGTCTGTCTTCAACCCACACCTTTAGAGAATGGGTACTTCCAATATCGGAATCGAGCAAT,1079,51.9,Saccharomyces cerevisiae
SEQ_697833,GTACATGACTAGTTTGGCCTAGGACAATGCACTCTAATCCTGAGTCAGTGAAAGGCTGTTGTGACGGATTAGCGGCCAATGAACGACTCGGAGTGGGAGCAACATCGTCTACTCTTGGATTTCATCCCCCACTGCAAACATGCACATACCTGGGCGGCACAGGCGATGGCGTCCATTCGACTCGGCGTTAGTACAGAAGTATGAATATGCAACGGTAACCTTGCCGGGAAATCGGTCATGATTCAGGAGACTGAACCTCGAACAGACCGCAAATTGTGATGGGCCCACCATGACTAGACTTTTCACAGTCCTGGCGCGTAACCATGTTCACGCCGTTCCTGCCGTGTGCGGGATATTGGCTATAAGGCGCTATTTCCCCCAGATCCCTGTTAGACATATGTATTAAGCTCTGGTCATGTTGTGTTGACGTCAAGTGGGATGTAAGTTAACGTACCCCTGATGGGGCAAAATTCATTCATATTAATAAGATTATACCGATGCCAAAATCAGATCTCTTGCAGCTCTATCTTAAACTTCATCAGTGGTTGTACAAGGGGGGGGGTGCATTCATGTGGCTATTCACAAGATTATCGTTCACTATCAGGATACGCGAATTTGACATACATAGCCTATCAGCCATTAGGATGTCGTGACTACGCCGACGGGACGCGACGGAGGCTCCTTGTTCTAGTTAATAAACACAGTTGATAATGGTGATGTGAAAACTAAGCAGAACTCCTTGTCGCAGAAAAGTGCATTGAACAGCGGGGCGCACCTCCCTTTGCCTCATGCTGCTGTCAGGTCACTGCAACAGGTTTGAGATTAACCGTTTCTTAGGAACTAGGGCCAATACTTTTGTCCACGAGCTGGTCCACTGCCTACTTAACATAGTGCTGGCGACAATGTGATTCTCATTAGATAATTCCCCTAAATCAGAGTATCAGGGGTTTCCGATGCAGAGTCTCTGGGCCGGTGCAAATACTCTTGAACGGGGATGAGCCATCTTAGTTAGGTATAGTTAAGCGTCC,1028,47.76,Escherichia coli
SEQ_923592,TTGAATCGGCAGTTTCGAGACTACCAATAGCTCTGTGGATCAACGTGCGAGCGACTCCGGAATATATCAACTCCAGCAGATTGGGGAGCACTTTAAGACTTACCCTCGCCCAATACGGTCCATAATTACGGGGGTCCCGATGAATTATTATTCCAACGCGACCTTCATGACCACTACGATCCGCGAGATACGGAAGTCAGTTTGCAACCCCAATTCGAGTTGAACGACAAGGGTTTACCACAGCACCGCCACCTTTCTATGCGAGTCAACCTAATTAGTACTAACCCGCGTTTGCCGTTCGGGAG,305,49.84,Arabidopsis thaliana
SEQ_428140,CACGTACCCACAAAGATGTGCCAGTGACCCCTTCATTAGCTAATGGGAATTGATTTTTCGGTGAGAAGTGGGGAGACACGCATGGGACTCGCCTTGCGGGGTTAAGAATCCGTATGGAGGCGAATATTTGCTATTGATAGGATGCTGTCTATGACCAAGGGACGGACGTATTGGATTAATAAAAAAGTCTTAAGGTGCACGCGCTACCAAGGGGCGAGCATGATGTGCCCTTTCTAACACAGTGTGTTGTCTAGTACGAACAGACCGATGCGTAATATGTCGCACGGCTGCCTGTTAAAAGTCAACTACCAATCTTAACACTCGGAGGGCGTAATTGCTTTTGTGGTGGTAGTCCAATTGCCCTTCCTTGACCCAGGATAACTTACCGTTAGAGGGCCGTGACTGATTCCCTCCTTGCAGTTCGTACCTCCCGTTGCCGGACGCGTTACATAACGCGTCAATTGTCACACTAGGTACATAGGCCACCGAGCATCCGCCCGCGAGTTGGACAAACGAGGGCCAACGTAAACTACGAAGTTCAACCCGCTTTCATAGTCACTATAAACAATTGATATTAAGGTGACGCCCATATGCCCTTTCTAAAAAATAGGGATTGTCTTGGCGGCGCATCGAGAGTTAAAATATCGCTCGTTCGTTAAATGATCAATAGACACTATAAAGCCCCCCAGGCTGTTGTTCGATACGTTCGTTGAGGGTGGGAATGATGCAGGCAACTATGAAACAAGGGTGGCGTTGCCTTTTACCAACTCCAATTAACCTCATTT,785,47.77,Escherichia coli
SEQ_886672,GATCCGAGTATTCGTTAGCCTATCAGTACGGACTCTCATCTTTGCCAGCATAGCCCATTTGTGCGCCTGTTGATGTCTTTGTGGTGAAGATCACTGCTGAGTTCAGCAATTCCGTTTATGCGAACATTCACACTTTTGGAGACACTATACCTTTGGAAAAAATTAGGGTACGGGATTTACTGTCTCGGACCATACGTGCCCGATTCAAGCTCAGCGATTTAACGAGTATCATAGGGCCCACGGACTGCCGCTGAAATTACGGGCAGTGATAGGCATCGTTTAACACGCTAAACAGTGTTGATCTTGCGAAATCCGGATGACATGGCGGGTGTTAACATAATGCAAGCTTAGCCGCCCATACATGTGATCGTTGGCCAAGGGCTATTACAGTATTCACATTAAATGATATTTCATCGAACTCGCAGGTCGCGACCAATACTTTACTAAAGGTTCCTAAGAGGACAATGGTTATTGGCGGATCCAATCCGCTTAGACTCTGACAGACAATTGGTACGCCGTCTCACCCGAGCGCGCAACTCTACAAGTGAGGATATCCTTCCGATTCATTATCCTGGTAACCTGTAATTGTACTGGTCCTGTCTTCTTAATCGGTGCTATGCCCTGCAATTCAGTACCTCCTGGCTGATGCGTTGGACCTCGATGCGCGTTACCCCGTGGTGCCACCGACGGACCTGTGTAATGAAACAGATCACTTCGGCACATGCAGACGCTGCCAGCCCAGGCTGCGCTTCCGTAGGTGGGAGCATGTGACTGCCTAATGCAACGATCTTCGAGCTCCTGCGTACAGCGACTGAGGCCCCTAGGCGAGCTATCTCTAGCGAGGATCAATAGTAGCGAGACTGCCTAGTAGGACCAGTTGGGATATATTGTGCTGTCCGCTGGTTGGCCTAAATTCGTAACTCAACGACGTTACTCCGGTTCACTAAACCTCAGAGTCGGTAAGGTGGATAGCTTATTGAGAGACAAGCTGGGTTGCATGGCGGCGTAGCCTAAGGGCTTGATGCACAACCGGTTAGATGTTTGGCGCACCCCGTGAGTTGAACCGGTCCAGGTTTTAATTGTTTGGCAAGTCGGAAGCAAACAGTATAGTCAGTTGACGTGAGATATGCACTTTCGAAATCCTCTACCTGATGCAATCGCAGAATGCTTCCCTTATTGAAAACCCGCTGCAATCCAGGTTGGGACCTGGCGCATTCGATCGCATTTAGAAGAATTCTGAACCGTGACACCGATTTTCCCGGGATAATCCCACTCTCGCGCCTGGTCT,1288,49.61,Arabidopsis thaliana
SEQ_368981,CCTTCTACTTCAACTCGGCCCAGAGGACAGAGGAAAGACCACCTTCGTTTGAGCCAAAACGAGTGAGTAGACGGTGACTTTCAAACGCGCACTTGTTGGGCAGACAGTGAAATACTAGAGCACTGACCGGTCCTGAGGTTTTCAGTTACTGCGACGCACCGTGAACGTCGTTACTTGTCATCTGTATACACTGTCATTCAAGATAGGCTGCCCACCAACGTGGGGTGACATCTGCATATCCGTGTTATAGAGGATAGTTTCCATGGTTAGCGACCGGCAACTACTAGAGGACGCCGGATCGGCGAATGGGTGATTCGTCGGCCCATAGACAAACAGCCTTGTGAGTGTACCTCAGGCGTCAAGTTGGTCGATTATAATAGGAGGACCGCGGCCGTCTTGAGAGGTAGGTGATGTCCTCTCCCGCCTTCACACCGCTTGAAATTCCGCGCCGCTTCCCCCATCAATTCGCCCGTCTTATGCAAGATCTACTTAAGTAACTCCCGCGCGTCTGCCCCGGAGCGCGCAAAACGTTTGGATTACTTCTGCTTGCAGACG,555,52.79,Caenorhabditis elegans
SEQ_889501,AGGCGCAGCACAGGGTGCTAACGACTGTACCGCATTACATCGAACCATCCACACTCTTTTTCGACGGGCCATAGCCGTCTAAAGTTAAATAAGGCTGAAGTGTCTGGACGGTATCCCGAGCTTAGTACTCTCTTGAGCAGTGAATCGAACCAGGTCGAGCCCCACTAGTAGAACCTTGACACGCTGGAGCGATGCGGTCACGGACAAACAACGAGGGTGCATCACAGAATGGTACTGTCAACTTTCATTCCCTAATATGACCCGAGAACCTAACAAATTTAATTATGCACCTAGTTAGTTGGAATAACGGGAGAAGGTAATAAGGTGCTGTAACGCGGCTCCGATAGGGTGTTCAGATCCCAAGCGGGCTCCTACATTTCAATGGCGATATGGGCATTCTCTTACTCAAACCTACTTTCTTCTGTGTTGTTGGAAATGATGTTCAGTACGGGGCTGGGTATACGGGGAGGAAACATTCATGTAACCGGAGTCGATACATGGTGTAAATTCGCAGGACCGAGTTTATTTAACCGACCAATTGCAGGGGAATGTCACTGAGCAGTATTATCTAGGAAGCCTTTCCGTAATCGGATCTTAAAACGTCAAGTCTAAGCTGTCAAGAACATATGTGTGAGGAGAATCATTTTCGCAAAGTCCTGTCGACAGAGGATTTAGGAAAGAAGTTGAAAGGCGGACCAGGGAGGACGTTAATGATCCTCGTGTCAAGTACTCAATGTCATGCGCAGTGCTAGTGCCGAGGAGTGTGGGTCCAGTGGGCTCGTATGGGTTCCATGGGGGAGTGGTGCTTCACCCCATCATTTTGTGTCAACACTCGCACAGCGACTCCGGCTCGAGTGCTTGATGAGTTCGCCCCTTTCGGTTGTCATCGATGACGGGCGCATGCCATACCTCCGCCAAACGTGAATTGGAACTTAGACCGATAACATATTGATCGGCAAATAATATCAGCTGCCGAATAAACAGTCATTTGACTGCAAGGTAAGTCTCGCACCCAAGACTTTTAGCCTCAAGCTACTGGCGACTCCGTGCGGAGTCTAACAACGCGTTGGGAGTGAAACGCCCTGGTACCTGTCGACACTGCACGCGCCGTACTGCGGCCTGTTCCGAGAAGGTCTGCCGACTAAGAGGAGATACGGCATTCCTAGATGCAATGAACTGCGCAGGTTTTAAAGTAGGCTTCCTACGAGCTGATAGTGCATAGGCAATCACTCTCTATCGCGTATAGTCAGAGACGTCGGAGCTTCCTGCGGCTATTGCCGATATATTATGAGACGCATACGAGCGGATTGACTGTTCGACCAGGTTTCCAAGCGATACCCTTGGCCCTAGCCTACACGACGAGGTGTTCATCAAGAAGTCCGACACCCGCCCAACACTACTGCATTCCGGCTACAGTCACTGAACCTGCCTCTCCCTTAAAATTACTGTCGACCGACAGCGGCTCTTGCCCACTCAGTCACGTGAGAGGTTGACCCTTGAAGTCCTCGGCGAAGCAAGGGTGTGGTTAGAAGTGGGGACCCACAGGCCAAAACAATTTGCGAACTGCAGGGATATCTTGTCCTTCCCTTTTGCTATCTAACACTCGCGTTGCGATCCGGTCTGATAGACGTGTAGAGTCTAAGCAAATATAATTCTCTCAATGGTGCCAAGGACTTGCACGGAAATCGCCTTTTGCGTCGAAGACGATATCACTTATCTAAAGGCAAAGACGGTTAGCCTCTCTGGTGAATCAGAACTAGCTGTGGTTAGCGGTGGGTTTTCAAGTCGGGAATTGTGAGATTGTGTCCCTTAGCTGCACGATAATGCGCACCAACTCTGGGTAAGAGCTTACTTTCATACCTTGGTAGATAAAGATCAGATTATGTCTGTCGAAGAGGGCGTAGTGATA,1909,49.4,Escherichia coli
SEQ_512427,ACCTTCTCATATCGAAGAACTCCCGTGTCGCTCCTTAGCGCCTGGCGCGTAACACAACGACTACTTGGACCCCCCACCGGGCGGCGGAGGTCCATACATAGAATACACATTCACGACACAACTGATGGGGGGACCATAGGCAGGCTCTGTCACAGGACACCCATCACCGATTCGTTCTCATGGCTAGGAATGTCCATTAACAACTCCAGCGGTTATACAAGCTATATTATTTGTCGTTAAAATCCACGTGCCACGTACGCAACGTCGCCCAACACTCCCGCCCAAAATTTTAAGTGGAGGTTTTGGGACAGCGCCCCAATAGTAATGTAAACGCAAGTCGGCCACAATTTGGGGGATGTGTCTTGCCCTATCACTCCGCGTATCCAGGCCGTCGACACCTGACCTCCGCTTACCGCGCCACAGATGAGCAGAGTTCTTCGCAGGGCACACTGCCCAGGCCAGTTTTTTAAGCAGTTCAGACTGATCGTGGACCTGGGCATTCACCTGTGACATCCCCATGCACTGCTCATCAAGGCGATAACGCGGTTGCAACGGGAGTCGAACATAGCAAGGTTGGAGGTCTAAGCTGCTGTATTAGCGAGAAACGAATGTCCGACCCACGGAATATACCTTTGAGGAGCACCAGCTGCGAGTGCCCCCCATCCGTAGGCGGTGTTAAAATGGTGTAGTTCGTCGACATTAGCCTATCGGTGTCGTCACGGGACGATGGTCAGGATTACAGAAGATACCCTCCTTCTCGTGAGCGAGACCCTGCAATCTAGACTGCCCGCTCGATCAGTAACTACTATAATACCTTTATACGGCCTCTCTAGGCGAATGACTCTAGTCATACTATGAGTTCCGCAGTCATATGGCTCGCTCCTAGTTTAGACTTATGATCATGCTGCCTCACCCGGCTCAATGATTAGTGCGTCCAGGGCTATCCTAAGTTGAACACCGGGTATCGACGGCGGCCCTTGGTCCTGGCTCCGGGTGGCAAATAATGTGGCGCTCATTGCCGTGACTTGAGGAGAATGCCTGGCCGGCAATTGCACCGGCAATCAAGATATGGCTACCAGCCCCCTAACCGCATATGTTACCTACACTCGTCTAGCTAGGGAAAACTGTTCCAGCCTCCACCAACCCCGCGTCGGCCACGGTGGGTGCGCTATCGACTCCGAGAGGGATTTCGAGCAAATGTTGGCAGTAGGTAGATAGTCGGTGTAATAACGGGCGTTGTAACGCCGGCCCCTCCCGTGGTATTCTAATTACTGAGAAGTGTGGCTGATAGTTGAAGACCGATGCTATATCGGGGGCCTCAGTACGGCAGTCCCTACGAGGTATCCGATTAGGACATGTATCGGCCATATTGTACGGACCGCTAGGTTTTAAGCGCCAGCTATATTAACCGGCGGACATTCATGCAACGTTAGCTCCTGATTAGGCCTCATTGGACCGAAACTATTATTAAATGCCCAGCCCGCTGACAGCTAAATTAGCATTAGAGATGTCGCCGAGTTG,1521,52.66,Escherichia coli
SEQ_502486,ACCTATTTCAGTATAGTTCTTGCTATATTCTCAAGAATCGGGGCCAGAAGTCCATCGAAACTACTGAATCGTGCCTTGTCTTGTTATCAATCATGTGGGTTTTGCGCAGGTATTTGGAGCATTGGTTTTTCAGTGCACACGCCTACCCCGTGCAGCAACACATAATGCCCCCGTGCGCGTATGCACTCTTCTACAGGTCTCCGAGTTATTTAGATCTTTACTAGTTTACATAACGCGTCGCACAGTACCATAGATGGGTGCGGTTCTGTTCATCATTGATCGCACGTCTAGACTGCTCAGAACACAACACAGATCGAGGCGCCTTTTGCGCACCAGACAGTCCGTAACAGCAGATATGTTCCTTGGCCCCAGGCGATGCAATGTCTACCGCGCTTACTAACCGCCCGTAAAGTATTCCAGGCACGTAGTAAGGTAGAATGACAGAGGCGCGCAAGGCGGTACTATCCCCTGGGTCCTCACCTGCTGGAAACTTACCCTTCAAGTGTCGTAGGTGGTTCCCTCAAGGTAGGAGTATCTGACGAGTAATCATTCCACAAGAGTTGTATCATCGCCCGCGGTCCCAATTGCAACTCACTTCTTGGGAACCATAATTGCGAAGTCCTCTAAAACCAGTTTGTCGTCTAGCCTGTGGGAATGCAGTAGGCTACTGCTTCCCATATGTCTGCCTCCCAGTAAGTTCCAAGACCTAAGCCACTCGGAGTGCATGGCTTTACAACGGAGCTGCCTGCCGGTGATTCATTACTCCAGTTTCCAAGTATCCTCAGCTCCTACTCAGAAAGTACCCACGCAATGGCATACCACCTTGAATAGCGGATAACAGGACATGTCGCGGACAGGCTGCTGTTAGGTCCCTACTATGGAGCGTTCACGTAGCAGGAGCGTGGTTGATAGTACCGGCGAGGAGCTTAGGTAAGAGACCGCCGGTTATCACGTATGGCTTCCCGGGGACGTCTCTGTAAGAGACTCTGATCGGACTTCGGACAACGAGTTTAGTGGTGGGGCCCGCCCGGTGGTAGCGGTTTTTTTTCTATATGACCAATCCGTAGTGATCCGAACCTCCGGCCTGGGGATTAATACAGTTTAACTCCCACGTGCGGGCTTGTCTCCGTGGAGTCCTCGCTAGTTGCGGCGTGTATTCCGTCGGCTTCTGAATATTCTGTGCAAATTCACCGAATCACCCAATGTAAGAGCCGCGGATGCTTGTACCTCGTGCTCTTTTAGGGTAAATCCACGGCCGGCGCGGATTGTCTAAGATGC,1278,51.17,Drosophila melanogaster
SEQ_508440,TACCACTGTTGCAAATTACTTAGTTATTCTCCGTTTACTATCGGAAATTCTCGGAAACCGCTTTGGTCATGAGAGTATGTAGGGTCCACCTGGGGTCTATTTGAGTCCCCGAGTAGCATGTTCGATAAATCACCAACGAGGCCTACTGGGTATGTTTGTCTACTCTGCATCCACGTGGGGCAGAGAGCGCGTCCCTGATAGGATAATCTGGTAGCCTTTTTCTACCTTGACCAAGCTTAACTTGGCAACAGGGTGTACCGTCACAACAAGTGCAAAAACTGGCATAATCAGGTGTATTAGTGAGGTAGAACCAGGTAGCTCTCCCCGAGGGCCGTCACCCTATACAGCCAAATCTTGATACAGAGAAAAGAGTAAGACACCTGTAACAACGGAGACAGACTCTCGGACGGGCATGGGTTCCTGGCACGGAGGTCCTTTACTATCCGCAATAACTATCCGAGTGCTCGGACCAACAGTTAATCTCGGTTGTAGACCGGTTTGTCATGGGGCCTAATGTTAATGACGGAGAACGAACCCGGAGCTCGCCCGTGGGTTAGCTCCGATTTAGCGGTATACTCGGGACTGCATTTTAAAACTTCCAGGCCGCTGGCCATTTAATTTGTTCAGGTCTTGGACATAGCTGCTACATGTTACAACGTGTCTCTGCGACTCCTCCGACGTACCCACAACGGACAGGTGGTGAAATAACTTAACGGGACCCGTCAACCGTGATGCCGTGCTTCACAGACTGACTTTTCGACAGATTAGCCTGGTCATGTCCACATGTCATGGACAGGTCTAGCCCCCACGGTAGGCCAGTGCCATGCGCTTAGAAAGACCCCCCTCCTGAACATCATTCTTCCATCGCGCTAATGAGGGAGCCTCCCGCTAAATTCACCCGTGCTTATCAATTTTTAGTTGAAGCAACCTAACGCAGGATCCACGATAGTCGCTGAGGTAAGTGGATATAAACGGTAGAGTGATTTCCCTCTGTTGAACGGCAGCAGCCCTTAGGACGTTGAGGCGACCGCTTCGAGATAACAAACGATTGCAGTGAGACTTGAATCGAAAATTATATCATGTGGCGATGAATGGGCTCAATGAACTATTATGGCAGGATATTGTGTTCGCCTGTTTAATCGACTGGACCTTCTGATGTATCTGATTGGGCCGGCACTG,1179,49.28,Homo sapiens
SEQ_612288,ACGTAACACCTGTATTGGCACATAAGTCAGTGTTCCAAGATGCGCGTGAATACCTCAAGTAAACTTTACCACATGACAGGTTTCGCAGCAGCACGCCTTCTACCAGTTGCTCTGGCCTACATGGGTTCCTATCAACCGTTATGTGTTTAAGTCTGCCGTCTGGCGGGTGTCCCGATCTGGTAGGGACGCACCACGTGAGACGAATCGCGCCGCGACCGGTGCAAACGTAAGTGCGTGATCATTAATTTATCTGTGTCTTCATGCAGCAGTTTCCGGCTTCCTATCAACAATACCGCCTGATTGGATAGTCTAGCGTATCACGGGGGCGGCCTGTCATCGGCGTTGGCCGAAAACTCG,357,52.1,Saccharomyces cerevisiae
SEQ_940575,GGCTCATCCCCTTCTTACACTACCCCCAGGTGGAATAGGGCCCGTGTCTACATGCGCATTGATATCCGCGGGCGACCAACGTAACCCGCGCACGGGGGGACCGCTAACCGATTCAATCGCAGGTCCTCAGTATGCAGTCGCTACTGTAGCCCTGGTAGCAGCACTGTTCCGCTGGCGGGACAAGCCGTACAGTGATGAACACAGGCGCAAGACGGTCACCCGAACGGAAGCGTGTATTATGTATTGGGTACGGAATCCCTCCGGTGATATCGGGTCCTAGTAAGATTTTCGTCCACAGACTTCTCCGGATTCGTCAGGCCACACGCCTGCCGTGACCCCAACTCCGCTGCAGCCGCGGATGTTCGTATTTCTCAGGTCTAACTTACTTGGTATGAACGGCCTGAGTTTTCGCCGTTGGGTTCAGGTCCGTTAGGCTCTTTGTCTGCCGACTCTACCAGTTCCGGATACACAGCTCCCGGATATGTCCCAGTAACCAGCTACGCTGATCACCGGGGTACAGGGATCGCCGCGATGCACCGAAAAAGAGGCGCGTCACATTAGGAAAGGATAATGAGTCCGGCCACCTCGCCCTAATATATGCGTTGTGCCGCAAAACGCTTCCGTGCGAGTGATCCAGACAAAGAACTGACTGGCCTCCGATCTCAGTTGCGTCTCCCTGGCGACGCCCAAGCAAGGTGTGATGGGAAAAATATGGGTTGCGCTTGTAGTATTTACAGGCCGCCATACACCAACACACTCAGTGCCACATCTCAGCGTTGATCAAGCGTTCTAAGTGCTTATATTTGTAGGTCGGCTCGCAAAACAGGGCGACAATACACCCCACCGGAGGCTTTGCAGAAATAGGTGCACGCTTTTTGGCGATTTTCGAAGAGGATGTACGCCGTTTCCCATACTCGATCATATCCAATGTCTATAACCACAAGCATCGTCTGGTTAAAAGCGCTCACCATTGTGTTCGGCAGGGCGACATAATTAGAATTTTTGCCTAGACATAGGCCACAATAGCTGGACTGGACCAAGACCTCATCGGCTGGAGCCACGTCGGCCTCTCTTGGAAATCTTATTATCGGATCTCGTATGGCACATGGTCTCCTAGCTCGGTTTAGTAAATTCTAAGCTGAAGAATAATCCCCGGATAAGTACTACCCCGGACGGACGGTCAAGGCCTTTTCATTAGCTCAGACGGAGATCAGGGAGCTAGTCCTGGAGTAGCGTTGCCACGGAATAACATGCGAGAAGGTAGCCTTCCTGTCACAGGAGTGTGAAGTCTCTGACGCTAGATTCAACGCTTAGTCCTATTTTTCTTCATAGCAGCATCGGAATCTTTGGCTACTATGCAAAC,1363,52.46,Escherichia coli
SEQ_379520,TTAGTGAAATTGTAATGTTCCCGGGCTCCAATACGCGGATGACCGACCCTCGCGGCCATACCGCCGCGGAAGCCACTTCTGCCAGTCTCTCAGCCAGTACTAAAGCGTTCCGCAGTATATATATTACACACATCAGTATGGCGCCGAAATCTTAGCGCTTTTTTATCCTGGCATATCTCCGGTACGCCCGTCTAGTCTGGCCCTTCAAGGTGGAGAATGAGTCGCACGGTCATAGCATCGCCCCGTTGGAAAGCTCTAACGGACACACGTACGCCAGCAACGCACCGTATCCGGTTGACTTCTACACTCTCTCTCGACGCGGGAGCTCACGTAAAAGGGATTGTTCCCAGCAGTCTTTATCATTTCGGGCATTGCGCCATTACCCGTAACAATTGGAAATATGGGGTTGTGATACTATTGCAGGGTGCCCCTATTACCCCTGGTCATCTGGGACTCAGTTATAGATCTTGATTGATGGTCTCTAAGTAGGAATTTGAAGTCTGTGGTTAGCGCAGTTTATCTGGTATACCTTCGCCGTCTGA,542,50.55,Drosophila melanogaster
SEQ_965150,GCCCCCACGGGTAATAACTATTACACCATGCTTCTTGCAGCATACTCACCAGCAGATACTCTTCCGACCGCAATTCTGGTACCAACTAAGAAAATAAAGCGTACGTTCGAA,111,45.95,Mus musculus
SEQ_746523,TATTCGAGGGGCCCTACTATTATGTTGATCAAACTGGGGTGTTGGTCGGTTCGGGCGTTGGACAATTGGATCTACTCCTTTCTACCAGGAGAGATCGACCGCGCGATATTCCATTTCCCGAGTGTCTAGACGCTAGGTCAACATAGACATTTACCGCCGGGCAAGTGCTTTGCGTGCATATGCTAAACTCAAAGGAATCGGTTGAGGCATGTAGATGTAGGCTGATAGACGACAGCGTACTGTACACAATCACAGATTAAACACGTGAAGCCTGATCATGCTACCCAGTCCATACACGAACTGCGGTGGTCAGAAAGAGCCGGCCGCTTTTCTTCATTGACGGAAAATTGCATTCGCGCCCGCTTCCTTTCACCAGGGGATGCTAGGGACGGTAGGTAAGGGTATCAGGGGGTGGACAGGAATAAATACAGAGCGGTAAAAACGTAGCGGCACCTGTCGCGACAGAGGTTAGGCTCAAGTTGGCTAGGTTGGGGAGAAGACTTTCACGCCCAACAAGCAAAGGGTATAAGCTCCTGATGTCGAGCCTACCTGGTCTACCGCGGCTGAGTAGGAGAGATAACAGATAGAGACCCCCAACACTGCGTCTGGCCCGCCGGCCGACAGATCTACAAAAGCAGGATAGCGGGATGGAGAAATCACATAGACTTCACAATCTAGTCGATAAACAGGGACACGTGAGGTCTGGGTTCCTCGGACTCTGCGACTACTTAGTCTTGTGGTGTAAGGACGGATGCTACTAGTTCGTCTTGAAAAGAGGCGTCGTCGGGGCGACTGTACGATGGTCAGCCGTTCTCCGGGGCCCGTTATGGGGTCGTGCCTTTGGGCCATTAAGTTACCTCCGAGGGTGAGTTCTCACAGCCAGAACGGGAGAGGGAACTTGAACGGTATTGCCGCACTGGTTCAGTAGCGATGCCTATTGCCTAGGTATCGTACGAATCCAAAACCATCGACTTCTGTGTACTAGAATGCTGGAGAACGGAGATCTCGGTAATGAGCTCCCGAGTAAGATGACATGCGAGTCCGAGGGGCCAGCGTGCTGGCGGCCGGCCGCGACAACGTTGACTATGACAACATCACGTTTAGAGATACCCACCGTCAATAACAAGGAACGCGCTTTTATGAGGGAGTTTGACGGGTGACCCGTCCAACGCTACTAATGGCGGTCATGCCGCACCAGCGGATGGTGTCTCCTTACGATCAGCGAAGCTTTTCGAAGAACAGCCCCGCCTAAAGCTATTTCCCTTGGGGTCGTCTGCTTTTTCTGGCCCAACCATGCAATTGTCAGTCCTAGAACTAACAACGACGTCGACTCTGATTCTCCGGTCCTCCAGAAGGGCATGGTAAATGAGATGGGATAGGGAAGGGTCTCTGGTATCCGTGAGAAGAGTTCAATCCTGCGACTGTGGATATTAACGGTCCAAACACCAGTAGCACTCGACCGA,1463,52.43,Saccharomyces cerevisiae
SEQ_429784,GGCACGGTGCCACGGGCAATCATTGTGAGCTACCCATCGAATGCATCAAAACGACCTCAGACAGGGTGACTCCGCGCTCAATTTCTCCGCTTCCACCTGGGCGGAGAAGGCAAGCGAGACGCCCAGCAGTAATCGGGTACCCTCAAATCGCCGGGTGTAACCGTTAAGTTTCATACTTTCGCATACGGTGCTGACGTTGTTATATATTATTTGTTCTGCGGTGGGTGATCCGGAGAATCATTCCGACGAGTTAATACGAGACACTTTCACACAGTCACCTGCCGGCTACGGCCGGGCAGTTCATCTACGGGATGGTGTGCGCAGCTCAAAGGGGAGGGGATCGACGTCCTAGAAATCAGTTCATGACTCTGTTAACTGATTAGTATTGCTGCGGGTGACCGTGATACTTGACCTATCTCCGTTCCGTGTACTGGCTCGCGCGCCTGGTTCAGCAGTCGATAAATCGACTGACCCCACCTGTCACTTGCGCGCCGATAACGACTCAGAACCGTGCGCTTGGCAGGCGGTCCAAGTAAAGCGCTTCCGCAGAGTTGCAGCACCGACGTACCTTCTCAATACGGTCGGAGAGGCTGCATCTCTAATGCCCCTCAAATCCCTTTATGCGACACTGCCCATTCCCGCTCGGTCTGCGCGATTGTTCGCACTCTTTACGAGCCGTCTGCACAACCAAATCCGGACTCTCCATCCGTCGTTCAATTGCCCATGTTGGCTTAGTTATAAATAATGCCCCCTGAAACGCCATCATCAAGATGTACCTATGAATCTAACAGTAGCCATACTCTCAGCCTTTTATCGCAGTTCCAGGAATAGACATTATCTTTTTCGCTGCCTTCGACAAGAGTTAAAGGGTACTAGAGAGGTCCTAAAGGCGGATGGTTAAGGTACACGTGAGCGCCACCCGGGTGGCGCAGTCCCTTGCCGCCTCCACTGCCCCAAGGGCTTAAGCTAGTATACTAAAAGCAGCTGTTTACGGTCATACTTAAACAGGGACGAGTCTTTCCAAGTGGACGGGATACGTCAACCCGTTATTATGCTCAATACCACATTTTCCATAAAATAATCTGGATATGGGGTCTTTAGACTGACAGAAACACTTCTAGAATCATACTAGAGGCCCTATTAATATGTCTGCCACCCGAACCGGCATCATTGCTCGGTCAGCAAGTCACCCTGTCACGTAGGTTATGCCACGTGGTCATACGGGTAACGACACGTTTGCATTAGGATAGTAGGTGCAGGCGCCGGCGGCCAATCGCATCACGGTTAACGTCGGCGTCAAAAGTCACCTGCGTGTGTACGCACGGGGACAATTACGCTGTGGTTCATGCTCTACATCACTATATGCAACCTGCGTATTGTCGAGTACCACCACACAGCTATCAGGGCTCTAAGGCCGACGCCGACCTATATGACAGATGGGGAGTCAAACGCGTTTGTATCAACTAGCTGGTCCTCGTCAAATTTGCCTCGGGACCGAGATATTTTTCTCGCGATACACAAGTATTAAGGCGCCGGGCCGCGTATTGAGTATGAGCGACTTAGATTCAAAACACGATTGTGAGGCCACAATGTACGGTTTATAATGTAGGCAGGTATTCTAGGGAGGGGACCCACGCATATCTTGGGCCCAAAGATCTGACGGGCTAGGGCATCTGAAGTGCGCTTCGAATGACTGATCAGGTCGTCCACTTGAAATTGAAGCTCTCATCTGAACAGCCCGAAATGGGCGCACGTCTCAGCGAATGGGAGTTACTGGCCTAGCTTTTCGGGCCAGCTCGCTCGAATGCGAGATAGTAATGGGACTAAGCAGCACTATAACAGACGCTAATCTAGTGCTTCGTCCT,1865,51.37,Homo sapiens
SEQ_571390,GGAGAGACCCACTGTACATCACGGCTGGCTCGAGAGTGTTGCTGCCTCTCTCCCATCAGTCTCACAAGGTTAAGCAAGTTATTAGCCTGGACTGCCACAGGTACCCACACTGTTTGGCGCAGACCCAATGCGTCGTCCTAAACAGATTCTTGCTCAGACGGCCCGTCCAGTTAGTTACGGTTAAGGCATGGCCGCCAAGCTCGCTCAGGCAAGTCCGTGGACCCTTATTGAATTACTACACTGGCGGGGTTGGGCATTGGTGAATACCTTCAAAAGGAGATCCGCGAGGCTCGTGCACCCCGAAATAATGTGGAAGGGTCCCAAATCTAAATGAGGACCTCCGTAATTTTTCCCAGCGGGACACACTATAACCTTTGGCAGGTGTGTCGACATGACTCTGAGGGGGGATCAACGGAACGATCATTTGTGTGTGACCTGCAACAAAGTCCTTTCCTTATACGCGTCGCGAATACCGATCAATCTTAGAATGGCCATGAACAAAGGAAAGGTCCTGGCACCGTACAGCTGAGTGGTAGTCACGCAGGTGCAGTACGCTGTTGTGGCACTGTGTCTACTGGGCGTAATCCATTGTGGTGGCAGTCCCCAGGAATCGGGGGCGGTTGGATTCCTGGGTCTACTAGCGCTGTAGTGTCCGGACCATCAGGCGAGTGGCACTTGAGCCACGCTACAGTACGGACGTAACAGTGAAGTGAGACTGCCCTGGCTGAACGAACGCGCTTACTAAATTCGCGACATAGTTAGTACCATCTGGCTTCGGGTCCATGGTGGCCGCTGTCTCCGAAGATAACTTGCTAGATTTCGGGACAAGAGGTTCCAATAACTGGAGCGGGCATGAATTGCGTGGGCGTAAGGTGCAAGCGGCAAAGCCAGCAACCCTAAAGTGATGGTCTCCAATACAGTCTGGTTCCATTTGCGGAAGAGTCCACACGTGCCACCAACACGTGCTGATATCGGTCGGGGGGCAGTGAGATAGGTTAGTATAGTGGGAGGCTGTTCCATCGAGATACCTTTGCGGGGCCACCGCCGCATCCGTGCTAATATCGCTAAAATGCACTTCGCTTAATCACGTGTATTTGAATCACGAGACACTGGCTCTTGTCAGCCACGTAGCCATTTGTTACACGTAAGGAACACCCTCGAAACCGTAGGCACCTTAGAAGTATTCAGGACCCTAAGGGTGGGTGGTGGGGCCTCTTATATAACGTGGTTAACGCCGTGATTAGGATAGTAGCCCAGGCTAGCACTCTCCGCAGAGTCCGCAGAGGTAAGACATACCGATACCACAGATCCGGCCCGGTGAGCCTTAGACGAGTGCAATAGCACAGCCTGATCAACCGTCTACGCATCAAAAACCTGGGCCTCGTAAAACAAGGTCCATCACAGTCCTCGCATAGGGTGAGCGGACCAACCGTCCTACTGATGTGATCCAAAACAATTGGCTTAAAGAA,1469,52.76,Drosophila melanogaster
SEQ_825176,TACTGTCCTGATCGAGGTGCTTACTGGAGAGTCTCATTGAAGAGGGAAATGACAGACGGGCCACCGGAGCTTGCTTAATACATTGCCACATGACAACTGGGAATAGAGAAGCCAAAAAGTCTACGTTATACGGCTCTACACTCTTCAAACAGTGAATGAGGTTTCACATCAGGTCCTACGGACAGTATCATGGAGACTCCCCATGCGCTCGTCGCTATTAGGGCCGCCAAACGATATGCCCTCCAAATGCCGAGCGGAGGGTCAGGTGGGACCTTCGTGATCTATATTCATTCGAATGGATACTGCATGATAAATGACCGGACCAGGCCTGGGCTGACCCCCAAATGGCGTCCCGAATAGCCGAAGTCGAGATGGGCTGAATAAATGGCTGAATGTGTTTGCCCTACTTCGGGCTTAAGAACTTAGGCGAGGTTCTGTAGAACCAGATTAACTTGTTCCCGGTCTCTGTCCAAGGATGCCGGAGAATGTAATACATCATTTTCCGCGGGCACTAATACTAGCGACGGCACCGGCCTGCAGCCGGTGGTGATATAGTACTAGGATCGGAGGTTAACACATGTCTGGAGTTTTTTTTAGGGGAATGCCAAGCGCGAATCTGAGGCGGCGCTTGTCTTACTGCTACTTCACATGGACTGGCGTAGGATTGAAGAGTGATCTTTGTATACTGCCGTTGAGGACGCACAATAATGCAGTGGTCGGTAACGATCGAATCTGCATGTTATCGGAACTTCATACAATGGGCGCCTCTCCAGTCCGCAAATAGTATAACGTGACAGGGATCGTTCCCGGGATTCCCTTCGTTAGATGATATAGTTTATAGACGTTTCCAGACAACCCAACTGACTCTCGTCAACTCAAGAACAAACGTCGGTGACTCAATAAATAACAACCCTTGTATAGCCACCATGTAGACACTAGTGAAATCCTGTAATGGTCTTGGGGGAAAAATATCCTACC,978,48.57,Mus musculus
SEQ_433564,TTGGGACTGACAGTGACCGCGCTCTGAAAATGGCGCGCCAGTAATTATTACCATCCCAATGCCCCGACGCTTCTCTGGATCGGCTTAAGTGTCGCCAAGGCCGGGAGACCGAGCTATTTGGGCGCATTAGAAGCCAAGCTACGAGAAGCTGGCCCACGAGTGTCAAACCGATATCGAGATGGAACAGAGAGCAACCTAACTATAAAGTATTGTAGGTCCTAGATACATTAGGGCGGAAGTGCGCGCATATCTTCCACCTAGGCATGGGAATGGACAGAACCGCCGTTTGTAACCTTCACTTGTTCTGCCTACTATCTCGCCGGAGCACTAAGGTCACAGATTCGCTCTTCTTACAAGCACAGTACTATTAGCCTACACAACGGTCGCGACAGCCGGTACACGTACAATGCCAAGGAGACCTTCGTATATCGCAAGGGGTAAAATCCAATATGGCCCCTGTGTCGGGTGAGCCTCTGAGCCTAACAGCGGGATGTCGTGGGAAGCACTGCGAACCCGCATGATATTCTCCAGGAGAACGCGCTAAAGCTATCCTCGGACACTCTGAAATGAACGCGACTACCGCTGTCCACCAGCGAAGACTTCTGCGTGTCACTCCGTATATACTGTCTAAAGCTTTAATTCATGTCCGCTATCTGCTCGGAG,663,51.89,Mus musculus
SEQ_125512,GGATCGCCATATGTAGGTTGAGGGTCTACTGTTACCGACTCTTTGTGACGACTGTTTGTTGCAGGTTCAGTATAGGCATGACGGTGCGCGGTGTGCGTTAAGCGCATCATCATATAATATAGGACCTTTATACATATGTGTTAAGTTCTATGTGGGCTGAAGAACCCTGGGGCAAATACCATGGTCCGTGGACCCAGAAGGTTGGCTTGGATGAACACGGGATTTATTGTCAGCTAAATAAAGGTGGTGACCGATCTGATATAT,264,45.83,Escherichia coli
SEQ_463570,CCCGGCATATCTGTATGCAAGTCTCCGATCCTCTCTAGAAACTGTGATGTGGCTACTGGAACAAATAGCGTCATCTGGGCCCCAATAGCAGCTGCCAGATGGGGGGGTGGTGAGGGGGGGTAAGAGGCCCGTTACAGAATACTCATCGTTCGAACGTCTCTGCTTGTCGGCCGGCATCTAGGAATACCGGCTACCTCGGAAGATTGTCGGCCTAGATATTAAGCCTGTGAGGGCTCCATTCTGTGATCATGTGGCTTCGTTATGTGCGAGATCGCTTATATAGTAAGATATTATCCATCGCAACACTCCGTGGTAACCTTCGGACCTGCGTTCCAGGTCAGGAGAGCTAAATAAGCGGGTCAGTCGCCGTATCCGTACAGGACCATCTCTGCCATCTAGTCCCAGCGATAAGTCCCACAATGGTCCGATAGTCTACGCGAACCAAGGGGAGCTGTCTCGATGGAGATTCTCACGTAGAGTCAAAACCTTTCAATCCTCGAGATATGCGGTGTGCCGTGCGGTCAGCTCACAATTTGTCACTTATTTTAAAGGAGAGCGAATGATGGGTACCTACTTCATTCCGGTCCACCCTAGGAGCGGGGATCTGTAAACGCCAGCCCAATAGAGTGGGCTAATCAGATTATCCCATATCTCGCCGAAATAATAATAATGCGTTCCAGCCTAAGATGAGCGCCGAGGTTTCTTAACCGATGAGACACAAACTAGGTTGGCGTCCCACTCGGGGAGTTGGCGAAACGGCATATTTCGAGGTAGTGAAAACACAGCAACGACACAACTCGAAGCCCGAGGTATGATGCTACTATTCGGTCTCAGCATGTATCTGATGGCTCAGGTTGTCCGCGTACCCATGGTCGCTGTTAACCCGTCAATGATGCTAGCTCGTTATAAGGCCCATACTTGGATGTGGTGGGGAGCTCCAACGAAAGTAATTTACTCCTGACCAGACGTAAGTCCTGGATTAGGATGGGGCATAAAACTAAGCTGACTGGTATCCAAGAATGGTCGGAGTTATCGTATTATATCTTCTATTGACGATAAGCTTGTAC,1067,49.86,Caenorhabditis elegans
SEQ_978000,CGTCTTGTTAACCAACACTATGGGGAGATGAGTATCGTTTTTCCATCAATCTATAAGGGGAACTCCGGGTTTGATACGTTCGGGGTGTTAACGGGTCGGTCCGTAGGATGGATTAAACCGCTCCCATAGTTAGCCTTGGTAAGTTCACAGGGCGACTCAAAGCGTTAATCAACGGCCTGTGTAATTACCGTCGTGATTCTTGGCACCTCTCCGGGATATATAAGAGCCTTGAGAATATTAGAGCAGGCCGTCATTGCGCTAACTATCATTATGCTTGGTGCACGCGTGTATGACCGCGCTACATTCCCGGTCATGTCAGCAGGAGCCCACCGATCGGTTAAGTCAGGGTACTCGTTGCCTGTGTGGAAACTGGGCCTATACGTTTCCGAGCCGACAGCTAACCCTTAGCAGCGCGGGTTCCGTAGGTGGGCATTTGCCATTTAAAATCACACCCTGCTGAAACGCATCAGAGCGCAAAGTATATTATATACGGCGTGTTGGCGTTCTGAGTTCTCCGCCCTAAGCCGTAATGTACGTGGTAGCCTTATATGGCGCCCTGATTACATGCCACTCACTATTCAAGGTGGAGCCAGAGACTGGATTAGGAATGAGGACTTAGTGCCAATCTATCGACGGCGACCAGCCGAGATTACCTCATACACCAGAGCGCGCGTCCAACCGTCCTAATTATACCGTTGGACCAGCGTGTCACTCACATGTCTCTGCGAGCCACTGATTCTCCTAGTATACCCGATCCCGTAAGGTGTGTTTTAGCGTTTAGCCCGTATACATCTGTATCGAAATACGTGGCGGATTACGTCGGCTCAGGCGATGCGGTACTTTTTTCGTGACTCAGGCGTGACCATTATATCAAGCAGAACTGTTTGGACTGAGCCTGGCAGGGCAATAGGTGTCAACAGAGCGGTTAGAGAAGCGTTAGCTTGAAAGCCACGTCCATTAGCTCTTGGGTTTTATCGAAAATCCAACACGTGGACATAGTAAACCTAGTGGGATAGATCAGCCGGTGATGAGCCAGCAGAGATGAACGGGTCGTGTAGCAGGTTCTCCCCACACTGCTGGTGGTATACAATACATATCCCGGCTTGGCGTTCCATCGCCGACAATCCGGGGCTTACACTACTGCGCTACATCCATTAACAAACCAGCCCGGCTATCCATCAATGTGGCCTCATAGATTGGTGTGAGACGCCTAGAGTCGGTCTTACGTTTGCAGCCACCCACCACTTGCCGGGCCAGGCTCGGACGAGGCTTCACTACCACTTTTCCTATATCCGAAATAGCGAGGTGATGTACGTAGACGTAAGGCGCGCACTTACGCGCCGGATATTGGTGAATACCTCATAATCACGAGGTTTGCATGAAGCCACTTTATAGCCTAACTTAAGGGAATACGTATGGTATCCACTATCGTTAATTACCCCGTATCTCCCAGTATCAACTATAGTAAGATGACGCTGCTTTACTGAATTCCGCATGACTGATAACAGTGGCCCAACTCCGGATTGGTAGGGGTTTAGCGTACTATACGATGAATTCCACATTAGAAATCACGGGTGTGTGTGTGCCTGTTGCTTGGTGTACGCCCTTGTC,1611,50.09,Arabidopsis thaliana
SEQ_235902,AGTGAACAGAATCTGTTTTACCCGAACAAACCTATCTACAGAACTCCAATTAGGGGGTCTACCTACATTTATGTAACTTGTCCGCACTGGGTAAACCGGCAAAATTTGATCCAGTGAACACCGTAAAGATTAGAATCCGCACTTAGTAATGGATTTACGAAACCATCCAGATAGTCTCGAGGGAAGTCTTATCCATGACCGATTTAGTCGTTTCTGCGTTACACCGTCCCCCAGCTGTAGGGTCCAAGCTGTTAAGGTTTTGAAGTACACGCTGGGCGACACCCTGGTGTCTCCATAGTATCGGCGTCTAACATACTCCCGCAAACCACCTGGTCAAAGATCTCCTGGGGTGAAGACCAGTCAAGAGCCGACCAGTTGATCGAATCTTTATCGCCTGCCTACTCGTAGTTTATCGGGAGGCTGTGGAGTGAATTTTATGTATCATTGGGCGTATTGTAGCATGCCCCGATCAACGCCGCCCATAGCTTGGCTCCACTTGGACCCCGTCTGTTGCAGTGGTCGGACCACCGGCGTCCACCCGAGAGACCGACGCGGTTGGGTGGACCAAGAAACAATTGCAGCTATCTTGAAGGCTCGGGTAGTACCAATCACGCGGGAGTCAGGTAGAAGTGTAATATATTTTCTTCCTATCAGACTTGCTGCGGCGTCAGGGTTGTCGATAACATCCGTAGGTCCTTACAGCGAACGGAGTCACTAATCCCGATC,726,49.86,Caenorhabditis elegans
SEQ_980026,GGACCAAGAAGTCCAGCCCGTTTGGTCGCAATTATTCTATCCAAGTGATCCGTTCGCAGCATTTTTTCATGATCGTGATAGCTCTGTGAGTGGGGTCCTCCCCCATCGGGGAAGTGAAGGCCTACATTTAGTGCCCAAGAGAGGCGCGTGGCGTGTCGTGACGCGACATGGCCGAATCCGACTCCTGTTCTCTTAGTACCGGGTAGGTAGTATTCGGTTAAGGGGCTTTTTTTCTCCTCAGCTCCAAGACACTCGGTATGGGCCCTTGACCAGCTTCAGACGCAGAAGGCAAGCCATTTGCATTAGCCTCCAAGCTTGCTGGCGGAGTTTCACTCCGTCCGACCAGTGACATGGGTTCACTTATAGGTCATTCAGTGGGATTTTTCGCCATCCAGCCTTTAATATTTCTTCTCGACGGGGACATTGTGTGCATTCGTCGTAAGCTACTATCTGAACTGGTAAATTTTATACTGTGCAAGTTAAACGTTCAGCTGTCCCGATAATACCATAGCCTAGACGAGGTGGGACCTCCAACGGGCATTCCACTGCGGTGGCCCTGCACCTTGGCGGAGTTAATCACATAGGTATCTTAGTTCTGTATCAGGGGGCTATGTCTGTGTGATGGAAAAACCTAGCAAGTCCAATGTGGCGGGCTAGTGGAGGCCTGAAGAATGTAAGTTTTCCGCGGAGGTCAACTAAATTATGGTCTCCCCCTCGGGTCTAGCCTCCAGCTCTGAAATACGATCGTACGCCCTACATCGAAGGTCTTCGTAGTGCTTTGCTGGTACACGTATACAGGTGGTCCTGGTACTACCACACAAGGTGGTTACAATCACCTCTTTCCTTTGCCCCGCCAAGTGGCACCTGACGGGTGATAGGCATAGACAGGGGGCTGAGCATTGGTAAGGTGTAATTCACAACGTGCACCATCCCGCACGTCACGCTCACAAACCCAGTCGTGTTTGCAGAGTCATCGCAGAAGTAGATAAGTATCGGTTTTCCTCCCTGCACCACAGGGATCCATAACCCACGACCTGGTACCAGAACTCAACCCCTGAATCGCAATGCCAAGTTGAATCCACCACTGTGTGTGGTGCCCTCGCCGCGGCGACATCGGTTTACCGATTCCGGTCCCGACTGCCTTACGCCGATCGGGGATCATCTGTCGTAGGTGGTGGCCCTTTCAATCATGCGAAGAGTCAACTCCACACTCCACCCAAGAACTTAGGTCGGACGGGCTACCGCTCTGCTGCAATCTTTTCGCGATCGCCTTCGGTATTTAACTCCGAAAAACTCCTGTCATTACGACATCGTTATATGGAGCGAAGAACCAAACTTAGGGGTCGCCACCATTGCAACCAGCCGACTCAAATCAGGATGCGGCGCCCCTCCTCATCCAGATTCTCGCTCTTAAAATCCAGGAAAATACTACCGATGATAGCTGACAGTGGTTAGTCGTGCCACCTGAATGTTTACCGTTGCCCATCACATCACCCCTTCAAGTACCGAGAGGAGCCCACAGCCTCACTATTCGAACTAGAGGAGAGTTAGGGAAGGTCAAGTTTCGCGAGATGCTGAGATCGCGACCCGTATCACGATAACTGCCCGCTGGCAATCCACGCTCAACCCAGCTAGTTCTTGTGACTCGCGAACTCTGAAGGCGGAGGAGGGACGCCGCCTTCCATCGTTCCTCCCGCAGCCCTCGCATCTAGATCCTAGTGAAGGCTAGTGGAAGATTGCCCAGACGACTGACTTATCCGGTATCTATATTTTCCCGTACTAAGACAACGGTCGTGAGGTTCAGCCGGG,1809,52.4,Arabidopsis thaliana
SEQ_105518,ACAAGCATTGCCTCAATCAAGATTCACAGTAGGTTCCAAGCCGGCGGAGGCTTCATCCCAGATCGCATCCACAAGTCCAATGAATTGGCAGCTAACATGCGCTTTGGGACAAACCCACTCGATGAAGGCTACTATTCTTTTGCGACTAACATATAGCTAGGATCTGTCTTTGGGCGAGTGATCTATATATGGATGCTGTCCACGACAGCGTTTATCAACTTTCCCGGGATGTACGTTGACAAACCCCGACAGATTGCCAAAGATGGTTGGATATCATGTTGTCGAAAAACTTTCACGTCGCTGGCAGCCCCGCCGTCCGGGGGATCTCATCACACGCAAAATGAATGTCCTAGACTCCATAAAGTAGTAAGTATAAGTTCCTACCGATTCAAACATCTAGGCCCGGGGGCACCAGTACGCCAGTTTGAGGCGAGAAACCAGAGGGAGCAAAAGAAATCCTTTGGCACGCGTTTCATATTCTTGTGTGAAACAGAGTTAACGAATGGTTAGGCATTTCGACACCTTATAAGCCTCACAGGTGATGGGACCACTTATCAGCCCCTAGCCTAAAGACCTACGAATTAACCGGACTCTTACTGGGTATCAGGCTTTTTTCCATTAGCTGACCTTACAGGGCATCTTCGGAGACGCCAGAGTAAAAGAGAGGGCGACTAGATATAAAAGTCGACTCAGACCGGTCCATTCCGGATGACTCTGCTGAGGAGGCGAACCAGAGCACACCTTCGACGAGGCAAATTGTCCCACGACCGCACTCTCACAGGGAAGCTTCTCATCACTACGATTAGGCACGCTTTTAGTCTCGTAGTGGTGAGTGTTCGCAACAGTCAATGCCAGAAGGCATCCATATCTGGTGAACCAATACGCTGCGGGAGGATCCAAAACGGCGGCGCAAAACACGCGCGATACTCAACATATTGCAGGATCCAGGTGCCATACCTCGAATGCGAAAATCGAGCCCCCCTAGCCGAATGCCCCCCAAAAAAACAATCGTTCGATTGTGATCCTTTTCGCTTACGAGTCGTGAAATGCGATGCTGAGACTGCAAGAATGTCGTAGGCTCTTGGATGCTTTGTATTTCTGCGCGTTAAACATTGTTCATGCCTCTAGGGGTAAAACCCAATTTGTTCTCCCAAAAGGTACAAGCCATCGCCGAAGTTGCCATAGGTTCTATCCTCTACAGTGGAGTTTGCATGTAGCATTAGTGTAGGGGATTGAGGTATTGACTTGGATGGGCAAAT,1259,48.61,Escherichia coli
SEQ_798797,CTGGGACTTTACAAAAGGGTACTCGGTAGGCATCAAGAGCACAAAGGCCGATAGCAGCCACGTGTGGCTCCCACGAATCACGTTCCCACGTCCCGTTACTTAATTGAAGACAGCGCCACCTTAATTAGGCTGGGTATGTCACAAGGAACACAGGTTTGTGCTCACCATGTTTACCTAGCGTCTGCGCGGTTGATCTTAGACTTGCGGGCGGTACTAGCTGTTGAATATGGACTTTGCGACTTTACCCAGGGGAAACCCGACTTAGCCGTATGCCAGACAAAAATGGTCGGTCTAACGCCGGTGGTGGAT,309,51.78,Caenorhabditis elegans
SEQ_494185,TGAGTCTGGCGCCGGCACGGAGCCCAACACCAGCCGTCAGTTGAGTAGTATCAAGGACTGTGACCAACGGTATCTTATCGATAGCATGTCGTCGAGCCACTCTTTTGTAGCATCGTTGGGCAAACCGTTCACCCTACTACGGCGCGCTCAGTTGACTCTTACAAGGGGACATTCCCATGTACCGTGTGCGAGTCTAGGCGAGATCTAACCGACAACTTAGCGCATATTCGAGTACTTCCTGGATCACTCCAAAAGAGTATCGATTATTTACCCAGTTGGTCGAAACTTCTCGTACCTCGCAAGAGTGCGGACAGCTTGAAATTACCCGTCGACTGCGGCAGAGATGCCATTTTATATAGGTACGTGAGGCCTTATGGTGCCCGCTTCTATTGCCGGCCTTTACTAGGAATCCCGGAGTCGTGGTGCGGACATGCAAAACACTGAGCCGTATGTTCCACAGCAGGTAAATTGCCTGGCCCATCATTTGTTACGTTGTCTGTAAGTACGTACTCACACTTAACATAACGCAGCCTTTTCCAAGTTTGCTCTACAGCACTAAACCAAATCGAAGCGACCTATCTCCTGCTCCACTGATACAGATTAGGATGCGGATCACTCCCTGATTACTGGTTTGACATGATGGTGGACGGTGGTAGCCGCACCAAAGACCTCCAACGGCCTTTGCTTTTTCCGAATCGGTTCGCCGTCGCGCTCGCTAGTTGATTGTGGAGATACAGGTGCACTTGCTTCGGATCCGCGGCGATATAGGCCGTAGGAGTTCTGCTAATCTCTTAATCCTAGAAACTTACAAATGGTCGACACAGGGTATGGATTATCATAGGGTACAGCGTCTACTTCAGTAGTAGTCAGTGGAAACGGGCTGTTCCTCCGATCATGCTATCTACTGATACCTATCGTTATCTATGAATCCCTCGAATTGACGACAACCTGCATCGCATGAGATTAATCTTCGGAAACCTGCTCTCCCTAGCAACCATGCCTCCTTAAACGGTAGCACCGGATCCCTAAAGATTGCGTCTCTGTTTTGTTGAGTTACAATTGTTAGAACACAGTGGTCTGGGACGTTGGTCATGAGTGTTGCTGGCTTGGCAAGGTCCAGTCCCCACGATTCTGACTTTTCTGGGACCGTAGGACTTCTTAGTTAATATAGGGGCGAATCTAAACATGGCAGTGCTTGTAAGGTTCATTACGCCGCGTCAACATAGGATGCAGGTATCGAACCAGGAAAACAGAACAGAGGCCCAGTATTGAAGCTGTTTGTGATAGTGTTCCAGGTATAAGTGTCGTGCCTGGAGATGCATAGTTAGTCAATCCGTGCGCCTGTAGGTACATACGGCGCAGGCTGTAGATTTCGGCTCTTAAGTCCTACACTTCTGGAATCCGGAGTACTGGGTTATTATCTAATTGGACTCCATGTCATACGGGTACATTGGGGTTGTATACTGCTCACCACTGCAAACCAGAGAGCATCGATACGTATAAGGCGTAAGCTCTCAGGAGTCTGTCGTGTTCACCGTTTGCCAATATGTTGTCCGCGTCCCAAAGTCCGACGTGTTACATTCTCTCTCTGGTTATCAGCATGGAAAGTAAGTGTTATAAACGTCCGTCAGGTCATGTATAGTCTTTGCAGCCGCGCTTTGGTCTTCAAACCAGGCGGATACTAGACAAGGACTCGCAGCCTAATTCAGACAAATTGAGTGAATCTAATCGTAACCTGCACTGTCTCTCTAGGGCCCTTAAGGTGGTCTGTCTC,1774,48.7,Homo sapiens
SEQ_770064,GTTGCATTCTAACGATGCAGCATTCGGATTAATGCATCAAGAGCCTCTTGATTATCCCGCATAGCCGAACAATAATGAAGATCCAAAACGATAGTCATTCGCCGTGCTGGCGCCTTGGGCAATAGACATTGGATTAACGATATAGTTCTGCGAGATCGCGTCTTGCAAGTATAGTTGGAAACAAGACATGGG,192,44.79,Arabidopsis thaliana
SEQ_323292,TCCTTATTTACTTGGCTAGGTGGGGGCTCCGCGCGCGTGACTGCCCTAGGAAGGTCGATTGTGGACCCCTAATTAGACCCGACTCTGCGAACCACGGTCGATTAATAGTCTACGAAGGATCACCGTTGGACTATCTAGCATGGTGCCTGCGCTAACCTTCCGCAGGTGCGTGAATGATTGATCACTACCCAAGTGTAGAGGACGCTAGCTGGTCCCGGAGTTGGGAAAATTTGTCCTGGTCAAGAGATGCTGTTTCATGAATAAATAAACCTCAAGCCCGCACACGTCTCTCTGACAACATGGGCTGGCAGCTGGATCTGTGCCAGCCTCTGTAGAAGAAACACACTAATGTACTTGGCGTGGGCTCGGGGGGCTAGTACATTCCCAGTGGTACCTCCCTGATGGTCCCCATCGGCTCAAGGAGATATAAAATCGGTATAGTGCAAGATTTGAGGGCCTAATGGCAGCGCCATCCTAGTGAACCATGGTGCGTTTTATCGGCAGAGTGATTTAATTGAAAAGCGTCAGAGTTTAGCGTACGTCCTGTCGGTTTCGTTCCCTGTTAATTTCTTCGGTTCTACGTGGTCTACGGTTATAGGGGTCGTCGGCACAGACCCGATTGGGTTTATCAACTACTACCGCCCAGGGTGGTTAATTCCGTTCTGTCCGCGTCGTTGTGTGAGCTACCCCAACCTTATAGCGGAGAGCACAATTCAACAGACTACAATTCCATGTGCTCAAACTTTTGACCTAAAAGACTACCCTCTGAGACAACAGATTGGACTCTGGCATCTACTATTAAGGTACTCCGTGG,814,50.37,Caenorhabditis elegans
SEQ_803381,CCTGTCGGATATCTGGACAAACTACTTCAATCACGACTGCCGGGAAGTGGTAATTAAGGCGCAGCGGTTCCGTGTAGACGTGAGTGTGGCCTTATTCCCCCCTGTGGACGTATGGCTGCGACTTTGAGAGAAACTTGAGAGAACTTCAACGTGCACTGTTGTAAGGCTACTTGACTCAGAAATTGAAATACCTCCAGAAAACGATTCAGGCATTTGCCCGTCAGTATCAATGAATGTAAGGGCGTTAAATGAGTATTTCAATTGACCGCGCCTTTGATCTGTATTTAAGCTGACACACACGACCGGATTTGTTGATGCACTCAAGGGGGCGATCCTGGTAGATACGTACGAAGTACAGACCTCGCACAATCGATTCACCCTTCCGCTTATGCAGAGAATTTGTTCGTTAACAAACGTCAGCCAGGCCACCTGCGGTGTTGCCTCAAGACGCGTCATATTAATGGCCTTCATTTAGATCATCCATTCCCTAGTACCGCCTTGAACCGTGCGAATCAACTGAAGCAATGAGTATGCTCAGCATTACACGCAGCCGATCATCCATACCTAGCGAACAAGTCAAAAGCATTCTTGCGACTACATACTTTCACGACCATGTGGTGAGCAGTTTATGCCAGTCACCCCTTAAAATTCCCTGTCGGGATTTACGCTCAGTCAGTGCTAACCCTCAGCGTATACCATGCAACACTTAAACTCGTTCGCGAGGACACGTATGGTAGCCATTCGGTGACAGTCCACAATCGATGAGACATACAAACATGACCCCGCTAAGGTTTCAGATGAATATCATAGAATTGATTGTCCGCCAGTTAGACTTTTTGCTTCTAAGTACTCGTTTCACCTGAGTCTTAATAGATTTTACCAACACGTCCCGCCTTTTCCCTTCCTGGATTCCTGTATCCAGGAAGGAAAATGTATTGTTGTTGGACACGTCCACTAACCGGGGCCGCTGTTTGCCACGGCGAAATGACCCGTACGCGATTTCCACGTTTGAAGGCAGTCTTACAGCCACCGAAGTGGCTTAAAGTACAAGGTGTGGGTCAGTACCAATTAGGATTAACGTCTACGTCGCACCTTGACGTGGTTGACGTGCAATCGGATAGCGGCGACTCTAGGCGTTTAAAGCTAATAAAACAGATCAGTAACATACGGTTTTTCCACGGGGCAGCGCGACTACATTCTTGTATCTCTTTGCTTTGTAAAAACATATGCATGTTACCCCTTAGTCAGGACAAAAACGGACATAGATCCAATCGACCGATGATGGCTGCTATCCATGGGATATCCCCGGAGTCAAAATGTTTCTTCGCCGTCTTGAGTGCGTACTATTCTCATTGGTTACCGGCACAGTCCACCGCTCCTTCTGCCAGCTGCCCGTAGGGAATGCCGCGCCGGGTGGGCATTGCTGGCAAGAGGACGACGCTCAGGACACGAGGCTGCATGAATAAGCACATAGAGCATCAGAAATGTGAGGCCGTGAGAACTCAAGTGATTCACTACTACGGCCTACATAAACGATCGAAACTACCAGCCATCGACCTCAGGCTTACTTAGACCCGCATCCCTGTTTGATTGTCTAACCGTGCATGCCTTGAAACATTTGGCCGCTATAGGTGTGAAATGTGAACGACGCGTTCGCACGCGAAGGAAGCAAGAGAAAGAACTTCCACCATGAGCTGCGGTTCTGCTATTCCTGCGCAGCTGGGATTCACAGTATATCATATGTATTTTACTATGACATAGAAGAAATCGGCCTAGATAGGTAACGAGTACAACGACAGAATAGACACGTGGGTGCGCTATGCAGAAGGTAGCGTGAGATAAGGTGACATTGAGATTTCTTGTCTTTCATCAGCGACATGAAATTTCAAGGAGTCCGGAGCCTGGCTACACTGGTGGCTCCCATGTGAGGTACTATTCACATCTTACTTTTTGTCCAAATAGACTTTTCCAGGCTGCACCGCGTCGACGCTAATG,1995,47.87,Arabidopsis thaliana
SEQ_149556,CAATATTCCGACGGATCAGTTTCGGTGCGTGTATCAGTGGTTGGGCCGTAATAACGTTGTCTTAGCCAGCTCCCAATAGGTAGATTCTAACGAGCATAGGGGGCTCCACACCAACAATAGCCGCGTTACTGATGAGACTTCCTCATCGGGGTTGCAACATGTTCATTTACTTAGCCCGGCAGAAAAAGGCATTAGCCCTTCTCAGATTGGAGCACTCCATTCCAGACGATGGAATCTAGAAAACGTGCAAGGTCTGCCCGGTTGTTGGGGGCCCGGCCCTTTGTGGTGAACTAAAAGCCGGCCGCACCTCGCACCCGGGCAATCACCAGTAATTCTAATTCATTACTGTAGAAGGCAAGTTGACATCGACATTGTCCCCAAGCAGAATCGCTCCAAGGTTCCAGCCAGAGGTGACAATGCATGCGGTTGCTGAGACCTTAACCCGACGGCAGAAAGATACGGTTAGGGCCAAGTCTGTCAGGTTGACGCAGGTCGATGGAATTCGCACAAGACAGACTTCCGCTCTACGATTATTAACATAGTAGGCCTCTAAACTAGACTGTCGGCTGATTGGACCCACAGTTTCCATATTCTGACAAACCGGGAAGCTGAATTCCATAATAATCTCGCCGGCGATAACACTTCCTAGGACTCCTGGCCTATCGTATGCCGATAGAGGTGATCTTCAATGAATGGCCCTGGTGCTTTATTGAATAGTAAAGGAGTCAGCTCAGAATTCGCTATGCGGCTACTACCTTAACTTGTTAGCGTGCTAGGTCCGAATTGACCCTGATCCCTCTATAGCAATCTGCCCGCTCGTCTACGGATAGTTATCAGTAGACTGTTCCGAAAGTCAGCATGTTTAAACAATCAGTCGCAAAACTGTGTCAGCAACAGCACGCCCAAGACGGATCTGGGGGTCCCTTACGGGTACCTAGCCTCTGCAGGTACGGCTCAGTGACATGTGACAACGAATTGTGTCAAACGTAGCCCCCGCTGCACAGGTTCTGGGTCCAGTTCCCTTACATAACTGTTTACTGTCGCAGCAAGTGTTCCCGGGTCAACAAGGAGTCGCGCTGCAGCCGTGATAGAGTAATTTGCAGGTATCCGAGCCAGTCACGCGGGTCCATGAGGCTTTGGATTACGGCTGATTTGTCAGACTGATAGGTTGTGTTACCATCAAGAGCAGTCTTGACTCAAGCCTCGGGGCATAAGACTCAGAGGAATTTAGCATTGGAGCACTGAGGACTTGACGGGGGTCCCTTGAGGGCGTTGATCAGGTTGAAAACTCGTAGGGGTATCGTGAAACGATGCTTTTCGGCGAGCGGGCGAATAAAGGTATTTTACTCTAAGGCACCAGCTGACGGAATTTTCTTAGTTGAATGCTTAACTAGGGCAATTTTCACGTTTTAACGTACAGGTTACTGTGTGAGGGTCCTAAGTTAGGGTGCGCTGGCTTATAGTCAATGTTTCTAATGGGTGATATTTCGGAACACACCGACTCCAAGAAGTTGAACACAACAGGGGCAGTCCCGTACCGCGTCCGCACGATACATTCCACTGGAAATTCCCTCGCCTGGCACACAAAGACGTCGATGCAGAGATTTAACTAGTGTGACATTCAACGATACCCCTGCGGCGTAGACACGGATGAAAAACGATATCGGCAATGGTGCGTTTCGGTTGCCTCCCATGTGCCAAATTAGATGGAATTCCCGCGAGAACCGCCTCCGCGTAGCAAAGTGATAGACATCTCGGAGTTAGACGATACTGACCGATAACGTGGGGCCGGTTCATTACTAGCGTACCAACTTTTAGGTCAAAGCGTGTGCAGGAACTTGTGTGCTATGTTGGCGTTTTTCGAGCCCGCATACGGCCCGTACTATCG,1888,50.11,Mus musculus
SEQ_164161,GCTGACGGTCGCAAGTGATTGAAACGGGGGCCACCCGCGGACAGTTTGTGTGCCCAGTACTGGTTGAATTCCTGGCGTC,79,59.49,Escherichia coli
SEQ_154950,ATAGAGGCGAAGCCGGCATTCGGGCGGTTGATAATCCTTCTCAAGCGAGAGCCCTAGTGATCAACCTAAAACACTGAGTAAGGTTTCGCGGCCTGTGATTACTACACTAAATGTCGGCCAAAACTGGACAAGAGACAGACCCGCACGTAGTATAATGGGCTAAGGTGGGTCGTCTCCAAAAAAGGTATACTATCTTCATAGATAAGTGTATCGCACCATCGCTGATCTGCCAAACAGGTGGAATGTTCTGGCACAGGCTTGGGCTCCATTGTAACAACGCGCGATCTGACCTCGAGCTGGGTCTACATGAGCCTTTATAGCATCCGGTGTTCCCACTCCTGTAGCCCTGCGCCCAGCCGCGCAGGCGCCTTTTGGGCCCAACTACTACGACTTCGGACGCATATATCAAGGGATCTTATTTGCGGGGGGAGTGGTAATATCCTGGTACAGGTGCCAGAGCCCGACCTCTGATATTCAGGGGCCTAACCCAGGCATTAGGGGGGCGGGTAGTTGACAAGAATCCACTGTGTCTCAGCCCAATATGACTGATATGCATCAAACCTTTTCATTTGTATGCGACCGCTTGTTAACTTAATTTTGTACCGCGCCGGGTGGGTAAATGCCGTAGCCAACGCCTTGCAGTCATGCAGACCTCTGCATTCCACAACCTCACCCGGGGGGTATCCAATCTCGAGTAATCAGTAACCAATGACAACGCAGCCATGAACAGGTGATAATAGGAGCTTGTGCGGCAAGTATCCCCTCACCTTCGAAAAAAATACCTATTGGATGGCACCTCCTTTAACCCAGCGACACATGCGTTAGAAGCTCTAAACATATCAATGGACCAGCAAGAAAAACGCAATCTGAATTTTAACAAAAATTATTTTTCCGAGGCGGGGGTCTCCAGGTTCTACGCAGTCTCCTAACAGAAGGAGTGGTTGTATCGTCTGATGACACTTCGTAATTACCACCGTCGATCCGGCAGGCCGCCTCACGGAAATCTTGGCAGGACCCTGCTATAGCTAGCTATGCAATTAAGATACTGGGTTATTTTGAAATGTTTCAACTATCGTTGGGGTGCCACCACACAGCGGCATAATGCTTGTCCTACTAAGGTAGATGGATTGAGATTAGATAGAGAGAATGGCGCCGGTTCACGCCATTAAGTGGAATTTAGACAAACCCTCACTGCCGGCTTCCTACAATGGGTGTACGCCACGTGTAACTCTTTATGCTGCAGATCAACCCAAAACTTTTTCTCACTGGAAATGTCACATGAATGTGCGATTGCTAT,1297,48.88,Drosophila melanogaster
SEQ_949018,TATTTCCTAGACCTTGCCATGGTTCAACTACTTGGCACCCATGTGTCGGTGCTAGGCATCAAATAAGGGCGGCTGCCGGTAGCTCTGGATGCGCCAGACCGGCTGGCTCGGTTCATGAACGGGGTGGAGTCGTGGAGGCGGAACAAACTGCTTAATCGAATCGTTTACCTGAACGTTGAGTGGCAACGTACCTAATCTCCGTGGCAAATATTCCTACGGAAGATAGTTGCCCATACTTGTCAGCCAAAAGTAGTCCTAGACCCGCATACTCCAGTGGCACGTTGCATATAAAATGAAAACTTTCCCCACCGTTAATTCGCACTGGGTAACGCCCCTAGCATTGTCCCTATCCTTCTTGACTCATACGATCAGCTACCATAGCAACTCTCGTGAAGCACGCGGACATAAAATTAACTTACACTACGTCCCGGACTCGCTGAGATCTCAAGAGAGACTCACCCGGATTCTAAAAAATCCAACTGCCAATTATCTCACCCCAAATATCGAATCCCCGGATAAGGCTCAAAAGTGCCACATTGGTTGCATACACGCTTTCACTGCTGTGTGCGCCGGAGGTACTACCTTGATAGTAGCGTAATCATACTATAGCGGTTACGGCTCTACCGTGACCCAAGACTTTCATAGCTTGCAGACCATAGTCCTTGGTCATGACTTGCGTTGGACCTGTGACAGGCAGTAACAGAACACTATCTGTTAGTCGTATAGGAATTAACAGCTAATCTCCAGAATGGGATTGCTTTTCATATTAGCACCTCGTTAGCCCGGGCCCATGTCTTCCTCCCACTCCGTTCGAAACCTACGGTGAGCGCCTATCCAAGACAGGTTTATGCCAATGTGTTAACTGTAATGCATAGATGTCCCCCGACGTTTAGATTGCACCGCGTATCGATT,912,48.68,Caenorhabditis elegans
SEQ_551549,GTTCGACTTATGAAGCAGCGAGAGGTGATAACCTTTTTGAGTAGGCAACCACCCCACTCTCTGGGGGCCCTCTCGGTAACCTATTCCTCTAATTTGTCCGCCCTAACATCGATTACATACGAACGACACGCAGTGCACAGACTAGAGCGACGCGGGTATCTTCTAACAGCAGTAAATTGC,180,50.0,Homo sapiens
SEQ_611656,AACGGTAGACCTACCCGCAGGAATACTACCTAGGAACCCGCAGACCCTGTTGCGCCTTCAGTATCCAAGCGCGTGGCCGATAGAACTCACGCGGTTATGACGTCGTAGGAGGTCAATTCACCACCACGCGAGCTCCAAGTATTTGAGCCGTGGAGCCTTTGCATTATAGCTCACTCCAGCGCCCCAATCCTATTAGTGCAGTAACCGCTGTTTGCAAAAGCATCTTAGGATCGTGCGATTCTCTTGTTGTAGCATTAATACTATATAGTGCAGACGTCCGGAATGATGGTCCTAGTTGCCACAGTAGGTTTAAGATATGGTTGAGCTGAAGCAGAGGAACTCCAACTGGGAGCACCACGCTCACGTGTATTAGGCTAGCACGTGCTGTGAGTTGTGTGTTTCGCCGCAGGATCACAAACGGGTGATATATTATCGTCACCCAATCCTCCAAAGCACAAAATACTCCAACCTGGGGGAATAGAAGGAGCCGTTAGAACGTGATTGCAACTTTAAATACTATAGGTCGACGAACGCTTCGTGAATCGCTGACATATGACCACTTTGAATGCCCCTTCACGCAGATCGGTCTCCTAGCCCGCCATCTTCAAGCATGCTTCCTTGACCCTCTCATAACCGAGATACTATGCCGTGCTGCGAGCAATACTTCTTCGAGCAAAAGAAGGTTCCTCTGGGCGCTCTCTGATACTTGTGGATGTAGATCGAACCCAAACGGACACGGTAGTTCAGATCTCCTTTAAAGTAGAATCTCCTATGGTGGTGCCGAACAGCTTCGCAAAGAGACTTGGTTCGTTATCGATTAGGGAGACTTTCAAACCATTTAACGGTCTGAGTTCTGCATTTCTTCCTCATTACCGCGTTAAGCAAATCAGCCTGCGGATGAGGTGTTGTGGATCACAAATGGATTCCTAATCTATCGTGCCGCCGTGTTAACGAACTTCAGATGTATTCAGTCGCCGGAGCGCACAGCAAATGTTGCTCGGGACAAGTTGAGAGAAACCTTCTCTGAGACCAGATTACCGTTGCCCAATCTGCAGAGAGAACCACAGTGTTACGCTACGATAATCTCAGCTATTAGGCGCAGAGTACGCGATGGGTCCCACCGCCCCAAGTTGTAAACGCAGTCGTTAAGGTCCAGCTGCTAGGCCTTCACGGCCCAATCCACAGCATTAAAACAAACACAGTCGGATTGCTCCTGTTATCGTACGCGACTGATACACTACTTACACTAGTACGTCGTTGTACTAGACCCTATGGTCAGACGCTTCGCGGCGACTAT,1297,49.27,Caenorhabditis elegans
SEQ_295345,CGGACTTGCTATTCTACTGAGTTCCAGCCCTCTCAATCGCTACGGGGTTAGTCTGCGCAGACCGAGAGCGAGACTCGTCCACGCGTCATAAGGTAACGTAGCCAGTCGCACACGGTAAGTGAGGAGTGCCTGCACGCAAACCGAACCCTATAGAATGGTCGTGTGCCTACTTGTTAGGATACGATCGGGCACTGCGAGGTACTTATAGGACTTTACACTGCGCGTTCGTAACAGCTGGGTTAATACAGGATAACGGTATAGTTGTATAGGTAACTCACACCCCGGAAGCGAGTATTGACTAGCGTTAATCTACGAGCTGGACCCGCCTCCAGTCAGCCCCTGCTGTGGGTAACAGGTAAGGCGTAAGTAGTTCTAGACCGAGAACAACCAATTTGGCATACGCCGTTTGACCTATCATTACTAAATGCCCGGGCTTGGCTACTTCTCTCGTTGCTTTCAAAGACTCTACAGCGGAGCAAGCCCTCGTCAGTGGTAGTGCAAGCTGTATGGACTTCGAACTTTTCAAGAATTTTAATACGATTGACCACCGTTTTGGAGGCCAACTTGTAGAGGCTCTGTCCGAACACAAGGGCGTCATTGCTTCGGGGTCGCGCAAGAGACATCCGTTGAGATATAATGGAATCGATCTCGCCCCCTGACCGACATATCTACAACCCCTGTGGGGTTAATATTACATATAATGATATTCCACGAGCTGTGGACAAATTGTGGCAATACCTGTCTTGGCAGATGTCTCAGTTGTAGCCCGGACAGTCTAGGA,781,50.06,Caenorhabditis elegans
SEQ_806873,GTGCTCCGGAATAAAGCTCATCGTTCCATTTGGATCACTGAGAGTGTATATGCCTTTCGTCTCGAGTGGATTGCGTTGTATATTCATTCCACCTGAAGGGAAGTTACTCCCTTAGCTTAAGTTCAAGGTCCGTGGAGGAGTCTACTACCCTATGGAAACCTAAAACGGGACGGCGGGATCATCTAACCATATCCGATTGCTAAGCTTCACTACTTAGGCGCCGCGATAAATGAACGAAAGGCTTCACAATAGAAACCGACCAGCCTTTCCGGTGCACCGGGACCATGGACGGGACAAAAAAACTGGCTTAATACCAATACCCGCTTCCTTACTCGGGTCTTAGGTTGGTATACTACAGTTTAACCGTAGATGCCTAGATTTCGCCGCCGATCGGTAGAACATGCCTGCCCATAAATTCATACTTGTTTCGAAGAGTTTATCTGTAATTAGACCTTGGTGTGCTGTCCAGGTGTGAAAAGCGCGGGAAGTTAATCCATAGATCGCCTCGACGCTCATAACATGGCTATTCATAGTGGTCTTAAGGGCTTCGGGTCATGCTTGGCCGGTTTCCTTGCCTACAAGTTTGCAGTGAACTTCCCCGTATCTCCCAGATATCTTGGCGCTACATAGCCTCCGTGTCGGACCGAGCCATCCAACCTTGTAAAGACTCTTAAATGGCTTATTTGCCACAGCTCAGCAGACAAGTTTCCCAGTGTGAAGAGCCATAATGGCTTATGCGGGAGGGCAATAGGGTGCCGGATAACCAGTTATGGAACCGGCCCTATATCGATCCTCATCCCGATTCGTATCACGAACGTTTTATGCCAGCCATTCCCGCCCCTCGCTTGGAATGCGATGCTTGGATTACTTACAGCATTGGTTTGATTGAACTTCAGAGTTCCCGTGGGCTGCCTAGTGTGCCTGCGCCGCCAATACATAGCTCTCACACGCTTCTACAAGAGAAGTGTCATTATGAGCCCGTCGCCACATGGAGCGAGTCAGAGGACCTGACTGCGAGATGATGGAGGAGAACGATTGGGCAGTTGCAAGATTTCAATGGAGAGCATCTATCATTGTCTATGGCGAGAGCGAATTCGACCACAGCAGTCTGGGCCGGAGCGTAAGCCCTACCCTTCGTAAAGTAGAGCAAAGATGATAGGCATCCGCATGCTCTACCTCACGTAAATGACCAGTCAATGGCCACAGGGGATAATTGCCTGGGCCTATATGAACGGATCCATGTGTCGTCTGCAAAGGATCCCTACGCAACGTCGGTGCACATTAGTGACGTAGCGCACCGCAAAAGGTTCCCAGGTGTGTTCAGGGGTGGAAAGCGGTACCGGGTAAGAGCTCGCAACTAGACAACTGAGTGCTCTTGACTGAGAAAATCGATTCTAGTATGACTTGGGCTAGATAGCAGGGAACTATCGGAATCAGTCTAAATTCAGCTGTACCCTAGTGAGTACTTATCCAGTTCGCACACACTTCGGAGAATAATTCCTGCAGTGCGACACACCAGGGATCCTGACGGGAGATTTCGCCCTAAGTGCAAAAGACGGTTGGCAAT,1567,49.65,Escherichia coli
SEQ_832711,GCCCGATAACGCAGGGACGCACATTTATGGGAGTTGTGAGCACGACGATCAATTCAGTGTTAGAATTATCGTTATCACATCGGAGCTCGAGCCAGCGCGATGGTTTGCTCTCCACGTATTAGTAAAGGTTTCCGGAAATGGGCACTGCACCCACATCGGTCTCAACCTGTGATTGTGCCTCAAAAAGGCTGTCGACTTGTCTCCGAGGGATACGAGGATCCGCCTCCCTTCTACGGGCCCGGGGCTCGTGGCGCCAAATGTCCAAACTTGTCGTCTGTTATACTAATCCCCTCTAACGAGGAGCGGAGGGGTAACCTAAACTTACATGCAGGCTCTTCAGCTCGCGCGGTCACCCCGCAAGCTACTATTGTC,372,53.49,Escherichia coli
SEQ_193192,ATGGGATCCTGTTGAGAGTGCTCTACCACTGACGATTGACTCCTTGGCGCAAGGTCTTGAGTGACGCGGAAAATAAGTTTGTCAAGCATCCGTACGTGTGGTCTGACTTTTAAAAGTTGCGTTGGCTTAGTAAGCTGGCTGGTCCGGATGTTGGTACGAAACTCCAAAATAGCTGTGAGCGACTGACCCACGGAGTGAAGCCAATGAGGATAGCAAGAGGCGCCCTAAATACGATTCCGTTTCTAGCTGGAGAGTATGCAACTAGCCTCCGAAATCCAACTTTAAACATGTACTCTGTTTACCGACTGCCGCTTAGCTAGAGTAGCTGTAGGCGAGTGAGGTCCATACGAACTTCGTAATCACCGGCTGAGTGCCGAGCTATATTTTCGGTAGGTTGCCACGCACATTGAGCTAGAAGTCCCCGGGCTGTGCCTTGAACGGGCGTCGATTTATTGGTCAACCTAGTGTGTAGTCGGAGGCTACCATCAGGGTGATGCGTTTAACCGATCGACCACTTATGAGAGGCTAAAGCACTTTATGATCGGGTACAAAGTCCTATATTTTGTACGGAACATTCCGCACGGGGCTTACGCAGGCGGGCTGGACCCAACTGGGCAACGCTACTTTCAACGGGATCCAGTACCATGCGGAGATATGCGCAGTATGGAGCTCGAGGTTGCGCTTCGCGATTAATCTTCACCCCCCGACTTACAATAATCTTAAACTCTGGGTTCGAGAGGCTTAGCAGAATCTCGAAGATGTACATTTAAGGTTTGATATAACTTGAACATAAACTAGTACACATACCAAAGCAGACTAATTTGGGGATGTAGAACCGATATGTGTTTAATGAGGGAGGGTGAATTATAGAACCAGTGGAGCCGTTCGAGTGAAGGGCTCGCACACTGGCTCAGCCTGTACCCCAACTAAACAACTATACAGCCCCACCACCCGGCGTTTGGCCCTTCGATAACAAGATATTGCT,985,48.93,Mus musculus
SEQ_571356,CATTTTATTCTATAGGCAATAAGAGACTCAACTCGAGCCTCCGTTGGTCTCTAGGGTAGCACACTGGCATAAATGCGTATGGACGCCCGGTATGGGTATAAGTGGTCGACGATTCAGGCGGGAGGTATGTATGGCAGGCCGCCTACGTGCTTTGCTTAACTAGCCGTAAGGTTCCTGGTAGATTTGCCAGTGTGAATTGGATAGG,205,49.76,Arabidopsis thaliana
SEQ_599353,TGGGTCAAGACACCCTGTCGTCACCGCCAAGGTGCGACTCTAACAATCCACCTCGACACAATTTGAAATCCCTAGCCCCCTGGTTCATAGAATCTTAAATACAACGTACATCTTGTGATGACCCGCTCCCTGAGCCTTCATACGGGCCTATAATGCCCATGGTCAAATGCGGAGCACTGCCGCGCGATCGTGAGATGAAACGAAGGAAGTGTCTACCCCAGCGAGGCTTAATAAATTGTTGTGAAGTCGACAGGTAGGGGGGGTACTTGGACGCACCTTCGTCTTACATATTCCGCGTCTCGCTGAAGTCTGACACACCATTGTCTCCACGGCTCAAATCGCCTGTAATGCTAAGCGCCTGAACCGTGTGCGCGAAGGCCAGTGATAAGGCGGGCACCCCTATCAAGTCGTGCTCAGAAGATCGGGAACCCAGTTTTTACGTATCTCGGGTAAAAGTACTGCATCCCCCAAAACCCCCTGGATAGGGATTGCATTGTAGAGGGTGCAGACCTACGAGGTGTACAGATCTACAAACGCGCGGCTAAACGACATGAGGTACCCGATAAAAGGCAGACATTAAGCGGAGTCGCCGCAGGGGCGTGTCGGAATTCCACCTCGCTTTCACGGCGTTGATAATTGGGGAGATCCCCCAAACGCGATAGCCGTCGTCAACATCTGCATCGATGAGTACCCGATGCTT,700,52.86,Escherichia coli
SEQ_159709,AGTTTAGTACCATCTGGGAGAGACGGGCACCGGCGTACCACTAGTTCAGGTCCCTCCTGGCTCGTACCTCTCTGATAGCCTACCTTTCGAGCTCGGCAGGGAGGAGTTACATCGGTGGTATAAAGGGTAAAACTTTACTTACCCTAGAGACAAAGAACACCACACGCCCCTTCGTTAATCAAGGGGGTTCCGAGATATATATGTCCACGCCAAGAAACGAGAGCTGGTTTACAGCGGGAAGCTCAAATGGCGCCGTGATCGCGCGTGGGCACGCCGTCCACTCAGATTCGAGAATTCCATGCAGACGGAGCATCCTTGGTCATAGGGGCGTAGTAAGGCTTAGTCATAAGGAACCCCTGCCTCGTTTTTGTGTCCTCTATTGAAGAAATGACCTTGCCTCAGGGAAATTGCGCTCGTCTACAGCCAACGCGATCAGGAAGGTTGGAGTGTCTCTTTGCTTACAACCAGGCTCTCTTCAGGCTTTTTGGATCTCGTTAGCTGTGTAGCTGTCCTTCATTGCTCCATTGTGTCAGCAGTAGTCGAGAGCGATGTGGGTCGACAACCTGCGCAACTAATGCCAAAGAAACGTGTGACAATAATGAGTATCCTAAAAGAGCGTTAGCGGTCGGTCCTAGTCCTGGTGTACGGGCTCTACTCCTGTTGGGGATGTATTACTCACCGTACACTTTACGGTCGGGACTCATGTTTGTACATACGAATGCACCGAGTTGGATTTAAGCGATATCCTCAGAGCCACGCAGGCATATCGCGTCCTGTCCGCTGGCCATTGTTAGAGCTGTTTAAGTACATCCGTAAGAGGGCACATCAAGTGCAAATCGGCCAGACTGAAACTTCGTCGACACAAGCTGCGCCACGTCGTACAGG,885,51.3,Saccharomyces cerevisiae
SEQ_666760,TTTTCGCGGACAGGGGGACACACTCATGCGCGCGTTGGGCACAAAGCGTTATCTCCGGCTCCCTTACGACGTAGACCCCACGTTTATGGATATACTCTCTCGTATGCCTCTGTGCAAGAACGATGTAGACGTCCTGGAAATGTGGCCTTATCCACAATATGTTGCTACCCAGTGTGCCTGTACATCATATCGACGGACCATAGAATCCCAATCCCAGGCCAATGGTTAAACTTCACTCAAACTTACACGGTCATAAGAGCGAAAGTCATCTTGGGCGAACTAGTGTGTAATTGGCTCGTATCCCTGACCGTCTTTACTATAACGTCCGCCAAGGTCCGTGTGAATCATAGCTTCTTCGGTCGAGCCTCCTGGATTATGGCCACTTCACTTCACCCGACATCCACTATTATAGAGCTCCACTGCCTCGGTGGGGGGCAATCCCACGATACTGGTGCCCTCCGATGGGAGTCACCCCCAGTGCGCGTAAGTGGTCACGTATCCCGGTTGTCGCCCACACCCACTTCTCAGGGCGCACGGTCCTAGCGGCGTAGTTATCGCGCTTTCGATAGTGGCAAAAATCATCGAGCGTTTAGCCGCGATTCGATAATGAAGGGCCCTGGTGTTCTAAACGCGCGGCAAAGACGGTAATATGTCTAACAGCGATACGACTAGCAAGTGAGGTGGACCGCACGGTCCCTCGAATTTTCGCTTGCCTGTAAAATAATGCTGGCGGGCGTTATGGCTCAAAGTATGTACAGCTCGAGCGGCTTCGACCTTGATCGTCCGTCTTAGATTTCCAGGGCTTTACTCGTGGATACACATAAGGGCACCACATCTCGCCGAAAGAAAGATGAGGACCCTACGGGGCCGACACTAAAAGGCTGTCACGCAGATAGTGGACCGGCTGACGCCAGTGCAGTCATGGCCCATGCCTAGGGGAAACAATCCACCGCCATCTAGTACGACCGCAATGCCGACGCCGTCAAAGTTTGTCTTAACCTTTATCATTCGCGCACGGGCAGTCAAAATGTATATTATTTTTTACTTCATGGTCATCAGCACCAAGCACTGTTTGTAGCTCAACCTCTCTTAGAACATGCTCGTTCGACTCATGATAAGAGTGTAGATTATCTCATAATGGTACAAGATATAGGTCTCATCAACACAACCTGGCCTCGACTCAGGTCCGCAAATCTTCATAAGCCCACGTCCCTACCGTGGTTTAACTATGAACATGCGATGTAAAGCGAACATACGGGTAGCCAACGGGTGAGAGCCCATAGTCATCTCCTAAACGACAACCCCCGGATTTGGCACCAGCGGCTCAAACGAAACGAAAAAGTGTGCAGAGAAATTAGGTCTTTATGGGCTGATGGTTAGGGAGTTGCTGAAATCGTATAACTCACACTAGCAAAATGTATCAAGAACTCTAAACACCAGGCGATGTCGTAGGCTTGTGCACGCGGGTTCAGTGGTCTGTCCGTAGACCTTCACGGTCGTATGCGTCGCCAGAATTTGAGGTGTTGATGCTCAGCACCCTGACAAGACCAATTGCTCCGCGCGCAGAACCTTTGCGTACAGTACGATTTCGGTTGACCTGTAGATAGTCCATACGTTCCGGGCATCAAGACAGATTCGCGTTGCCACCCTCTAACCTACTGACCCATCCGCTACTCTTTTCTGATGGGGCTACGACCAAACTTATACTGCTGCTAACTCGGCCTTTCAAAGGTTAAGAATTGGTAGTTATAAGGCGAGAACAA,1763,50.48,Escherichia coli
SEQ_168654,AGCAACGTTATTGCGAAGCCACTCCTCTACGCAACCGGCCGATAACAACAATAAGGAGCGTAAGGGCCAGGCGAAGATGGTATAGGGAAATATTGTCTCGCTATCATCATTGTTTGGCGAGGGTTACCTTTATGAGTCGCTCCTAGGAGCCAATTTTGATGCGTGCTGCAAACTACATACAATGAAGGTGAAGCAAGCCCCCCGTACTCAGTCCATCTACGATTAGAACGAGACATCAAAGAGAGGCTTCGCGAGGTTGACCGGGTCTTCATGACAGGTGGAACATTACCGGGCTCGGTTTTAGTCCATGTCAATAAGCTGTCGGGACACAACCTTAGGTAGGCACCAACAGAGAAGGGCAGCTATCCCTACTCCGGGTCTTAAGGGGTATAAGGTAAGAACATGATGCCACCCACTTAGTGCCCTTGGATTATTGGTCTTTGCAATAAAAATACCTCCAGTTACCTGCTTCATCGATGCCAAGGTTCTTTCGTGTGGTTAGACGGGGTATTTAAGCTGAGAATTCACTACAGGCGAGATGACAGTCACGACCCGGTTATTCGCGAATTTCAACTCACGACAGGGTTTCAACAAAATATTGCCAAACGTTCGAGAGTTTAATCCGCGGAGGCATTATAACTTTTGCACTACGGCTAAACCGTGGAGGGAACCGCTCCGCCGTATTTTACGTTTGTACTGTACATTGCTTAAGCCGCTTACCAGTACGCAACCTAGATATGCTTGAAAACGACCAACGAGGGCAAGTGACTCGCGTGATTCTTGATACCAAGGACGTATTAACACCCCGTGGCAGACGCCTTCCGTGCATGGATACGACCATCAGGGACCCCGGCAGACGATTTAAGTAGTTCATGGTTTAGACATAATTACAGGACAGACGGTCTTCCGCAGCCCTGTTATCCGGGAACTTTGCGGTCGCCAGATTACCTGCTCTTCTCGGTCACTCATCCTCATAACGGCTGTCGGTACAAGCCTGACCGT,1002,49.0,Arabidopsis thaliana
SEQ_503390,ACAGTCGCACTGTGAACGGGGAGGTGTGATTAAGGTTCGATGCCTCGGCAAATCGCTACCCCTGCTGACGCAGTTATTAGACTGTATCCGCACCTGGGCCTTAGACGGCGGGGTTAGCCACTCTCAACATCAGGATCTTTATCGGCGTCCCAATGAATGATATTTAAAGCCCCACGTTCGAGCTGTTACTAACCTACGAAGCTCATAGTGTCGGTTGACTAGCTTATGACTAATCTCCTAACCCGTCAGGACCAAGAACAGCTTGGACCTCATCGAAGGGTCGACACTGCCTCGCAAACCCGAAGCGACGATTCTAAGCTGTCGCTCGGAACACTGGTAACACCCCGGAGGGTGACGTAATAATGTCGAAGATCCAAGGTACTTTTCTTAGACGGACCCTCCCTTTCTGAGTTGCATTGGCTTAAACGAACGTACAAATGAAGCGATCTTCTAATCACCCGAGTGAGTTTTGCAGGACCGGACCTGTCAGGAACCCAGTATATCATTAACGTCGATTGCCTCGGGCCCAATTGACTCTACTGGATGAGCTATTTTAGCAAGTGCACCGGTCGTGGGTCAGGGCTCAACTCATATGGGATTGGTATGTGGGAGGCCATTGACAAGCGAGGTACTGTTGTTTTCCGGATACACTATTTTGTACGTTTTAATCTGCCGCCGTGTTTAGGCCGTGAGCCCGTCATGTGCGTAGAGGGTTGCGCCCGATATCCCCTGTACTGACCTACATCTTGAAGAGTTCGTAGCGTGAGACACCATACGGATGGGGAGTAAGGACCGACGAAGAGCCATGCGACCCGGCAGGGACAACGCCATTATGGGGAGCTGTCCTCTCTGTTTCGCTTGTTCAACGGCCCCCCCCCGTTTCGATTCCTGCCTGCTGCACAGACCGACGGGATGGTCGTGCTGCTAAGCCCGTTTAGAGGTGGGATGCTTTGGCCGTTACAGAAGCATTGATCCCATTAGATGAAGCTAGATTCACTTCAAAATATCATCTGGAGTATTAAGTACCCTTGCGGCCTAGGATCCAGCAGTTGGGTGCTTCGACAATGGGTGCAATCACCGCACAGACTAGCAAACACCCCAGGCAACGTTAATATAGACTTGCGATCGAGGGCACCGGAAGTGCTCCACTGTCACATTTGTTTGGAAGCGTTCGTCCCTACCCTTGCCCGTGGCATCTAAGCGGCGGCGGCTCCTTGCGGTTCGACCGGGGTCCCAACGTGCGTCCTGGCCGAACAACATAACGTTGTTTTTAGCTAGCACATACGAAACCTCAAAGCATGTTGGAGCCTCTAGTAGAACTAATTGCGACTCTATCCGCTAGGACACGTTGTGACTCGCGGATCGCATACATTTAAGGAGTTATACGATCTCTTTCGAATCGCTACCAGGGCATCGCGATTTTATAGATATCACGAAGTTAACGGCGACCATACATAGAAGTAAGCAGATAAGTTCAGAGTATCGGGCGCCCAGGGCGCTCCGGGTCCACTAAGGCTCGTCTC,1523,51.81,Mus musculus
SEQ_234389,TCTTACGTCTAATCTTGCGGCTGTTGCGGCAGAAAAGTCAGCGGCGCAGGTCGTCCTACGTGATTAACCACGCCCGGAGTTCAGGTGCCGCCATGCTGTTCATAGGGCATACGAACCTTGTCAACCATACTGTCATTCCAATGTACGTTCGATAGGCCAACACAGTCTTGCGCTTATACAGCCTCATCCTTGGACGAGTTGCACGGTAAGCTTAAAGTCGCAAGTAATCTAAATCGATTTTCAATGTAGCTTTTGATCATCCCCTTCCGTGCGCTCTTACGGAACACTTTTCCTCTTACGGCACTTACGTGGCTAATACGACGGGTCAGCATTTGAGGGATGCCTTACTCCATTCCCAAGTGTAGCGTGCTGGGCCGGATAGCTCGGGAACACCAACGTTGCCGACCCGCGTGCATCCTGGAACACCTGCTATGCAATCAAGACTCCCGCGTCGAGAGCAGACAAAATAACAAGCGGCGCATACATTTGCCCATAATCCATACTCCACCACGATTTAGTGGTGGCGACAGTCGCCACTAATAGATCTTGGAAGTACGCTTGAGAACGGACGAACGCATGGCCGTGCTGCCGTTAACATTAAGCCAGGGGGGAAGCGCGGGCGTTTTGTGTTGAGGTACTTGCTAGATACTACTGGCGCCCAGCATGGCCGATGTAGTATGACAAGACTTGTAAACGATTAGCTTAAGCTATCGTTTCCCTGCTGCAGGTCTCATTGCGGCAATGGTACTCGCCCGACTTCACCCCGTTCACGTTACCCGTATAAAAAGGAAGATTCCGTGTGCATCAATCTAAAGCTTTAGCGAGCGCAGTTAGCCTTCCTTTGGCTCTGGCCGGAAGCATACCTTTCCACTTTCTTACTGTATCAGAGGGGAGCCCATACGAGTAATCTCCTAAAGAAAGAGGTTGTCCTGTTCAGAGATCCACTATCTCCGTAACGCCGACCCATAGCCCAGTCTCTTGCTGTACTCGCCAGATAGAGGAATATAAAGTGAAATGGCAAGCGTAGGGATCCTATGCACGGGTTCACCAGGTACGACAGCAGTTGCGTAAGGCGTCATCAGGTTAAGCAGAGGGCGGACGGATTCAGCAGTCTTAAACACTGGGAGACGGTATTTACTAGGGGTGCGAACTCTGTTGCGAAAGAGGATCATGCACTGAATGGTTGAAGTGCGCCATCTAAACTCAGTCCGCGGGCTCTAATTTGCCGGGTCTACAGACTATCCCGAAAAGGTAAATGATCAACTCTATGCTCGATGGATGTTCTCCAGTCATGTGAGCGAGTGCGTGGGGGAGGACGAGTCCACCGTGCAACAATTCGTTTGAATCATGTTCTAACGAATACATTTATCAGGCCAGTTACGGGGTCTGAGAGAAGAACCCACGAATCTCGCGGACCTAGTTTTCAATTAGTTTGAGGAAGGCACGCCAATACGGAATACGTACAAGAACCCCGGCAGAGGGGTTGAGGAGACTATGGAAATTCTAGTGATTATTCCAACACTGGTTGTCCGCCACTTATAGACCGAAGCCG,1552,50.39,Mus musculus
SEQ_576127,GGAATAGAGTCCCGCGCACGCACACGCTAAGGATTCTTCAGCGTCCATTTTGCAGATTTAGATGCTGAGACGAATTGCGATGCTGGAGAGGACTGGTAAACGTGCTGGAGAGCTTAAAGTGTTCTGACCATTCGCTCATCTAGAGTAATATCATAGCCGCAGAGGTCTTCGCCGTCACTGCGGTTGAGAGCCTGATGTAGATAACGTTTTCTAGCCATAGGCGCATTCTGCCCGCGCTCAAGACTGGTCGGGACTCATAGTCGCCAGGTGGCGCTACGCGGCAAGACAAGAAAAAGTTTGGGACCAACAAGGATAGGACTGGAATAGGCATTCTGGGTGCAGCATACCGGCAGGAGCCGGTGTTACTGGAGCATAAATAGTTCCACTCGAGGGATGGTCGCGACAAAGTGTCACTGTCGACTACCCAACCTCATCCATTCAATATCATGGCTGCCGAACCGTAACAGGGTTTAAGCCCCTAAATATTCGCCCCAGTCATTCGATCGCTGTTGTCAGCGATGTGATGCTGCACAATTAGAATTGTGAGAGCTCGGTAAACAATTTATGCGAAGCTGGCCTACATTCCAGGGTCCATGTCCTAAGGGAACTCGCGGTTGGGATTCCGTGAGTCTTTCCCGACTCTGCAGTATGTTGCCCTAGGACAGGCCAGCATCCTCCTCAGTGCGGAAACGCGAGGCCAGTCTTGATAGGCTTCTAATGTACCAAATCTCATTTCAGGATCCTATGTTTAGCGGGTCCTTATTTGAGCTTAGTTAACCTTACAAATATGTGCGTGATAGACGGATGCTGCCTATAGGTGATGTGGGGTGTACAATCCACCTATGCGCGTGGGAATCCCTGCCACTCCGATCTGCAGCTGTGCTGATTATGAAAAAGTGTCAATGAAAATGTATCGGCTCTGTTCACAACGGACCCACAAGGGATTCCCGAAGTACCACTTAAAACATGCGACACGAGATTCGTCAGACCGAATGAACCAACAAGCACCTATAGCACTGATTATATCGCCGAACGAAGAATAATACATGAGGGCGAGCAAAATTAGGAGTGCTATGCTTAATGGTCCTGTGTAAGTACAGAGTGACTCCAAGTGCTTAAGGTCCTTGATGTCAAACACCCATCACTATTTCGTAAATTGTTATCTCTTTGCGCCAATATGACCCTTTCCACTTTCTCAGAGTCGTTGCATGTTCCTCGGGCACAGCACCGGGCTACCATACTAAATTTGTACACCCAAACTCGGCATACAACAAAGGATATGGGGGGTCTGGTAACGGAGACACTACTTACTAAGTTCAGAAAATGATGGGTGAGTCAGGTTGATCTGTTGGGGGTCCCCTAGGTACTACATTTAAGGTTGAGACTGGGGATGGAATTAAACTCAGCTGTGAGAATAGTTCTTGTAAATATTTGGGTAAGTACTGTATTAAGGGTAAGCGTGTGGGGGGGCAAAATTTAAACTGCTTAAGACTCGGCCCAATATCGAAATGGCTTAGGTAAGATAAGATTCCCCCCCGTACAGTCCAGTAGAACTTTTGGTGGCTCATGTTGAACATCTATTCGTAAAAAGCTGTATTCAGCATGTAGAGACTTACACGTAATAAAGCTGTTTCTTACCTCAGCTGCCTCGTCTTTTCAGGGGGGTCCATTCACCTATTTACCTCGCGTTTGTGGTCATCAGTAAGTTTAACAGGTAGGTTGGG,1724,47.45,Saccharomyces cerevisiae
SEQ_500256,GTTCGTATGTCATGTAGCACGGAATTACATGGCACTCAGCCCCGAATCAGAGGTTTACACGTCGCTGCCAATAACCATTTGCATTTACTTGGCTGTCAAGTGTTCTTTAGGACTCACACTTACTGCATCCGATTTGAAGGTCATAGTTCCTACGGTATGAGTGCCATACATTTTGTAAATGACATGCACGCCCCTGTAACTCTAAGCCACCTCATCAGTGTAACATACCCGCATTAGTAGCTGCTAATGTGTTTGCCTTAGAGAGGCATGGTTCCCCGGGTCTTACATAGGTATGCGGTAGAATTTTTTCGTCGCTGATCGCGAACAGTACCAGTCGGCCTTTCTCGTGCTACCGGTGTTGAAATGAGCAGACCGCGTCGACACCAAACCCCTAACAACACGCCCTGGACAGCATCACAGACCAAGAGAGTCGGGTTTTCCTTTTGCCCAGAAGCTGGTGCACATTGTAACGTCTTGGATGGGCGGTCTTTGCACGACGCGAGCGTGTACCGAGCAGAAAACACTTCTCGGCAAACGCAGGTCACCTCAAGCACTGGTCCGAGTATACTCCCTTCGGCTCCACTGGACTCGACGTTCCCGTTCAAGGTTCGTGTTTGGTCTGATCTAGAGCGTAC,635,50.39,Arabidopsis thaliana
SEQ_475980,GGTTGAACCACTCATTATTACCATAAGCCTTCTAAACCTTAACTACCACCTTTGATGTCTGATCTTGGGGTCATAAGACGACGCTCCGTCCTTCTCACAAATGACCACTGCGCCAAGTGGTCCAGGACCCGGTTGCCACGTAATGAAGCGAACACAGCACTATAAAACGGGCTAGATCCGAGATGGGGGGAGCTACACGAGTTATCAGGAGTTGTATTCCGTACATCGACACGTAGCACAGTCTGCGGTGGAAACTCGCATGCTTCTGTATCCTATTGACAAGCACCGAGTGATAGAGCTTGATAACATAGGATTGTCTAACGCACAGAAAACTGACGAGATGCCGTATCGCATTCCATCGCTGTGAATAGCGATTTAGAATAACACTGAGGTCCCCGGGAGCGACTGGTCCAAAGTAGAAGGGTAACGGTACATTACAATGCGACGGTCAGACTCTCTCGCTGAGCCCGCCTCTGGTGCCGAGGCAAGTTGCTGCTGGTGAACATGGTGTACATCTCAGCCGGTGAGCGCACGCAAGCACTGTGATGGGTGCAGCGTACACCCTAATGGAGATGGCAACGCCATGTTGGATGTGAACGGCAGGTCTGATGCAGAAGGCCACGTCGAGCCCTGAAGATAGGAGTCCCATCTGAATCGTTCGGCCATTGACCTTTTAACGGTCGCGTCTCTATAAGGCCAGTGCTGTCTCGTCCAATATAACGCCTTATTAGTGATACTTTCGTTGGGTCCAAAATTCTGTGCGTGGGTTTCAGTCACAGCGACCTCCGCCAAGGGCTATTCGTGCGATGGCAACTAGGCGATGCAGTAATAAGCTAGCTCATGTAAGTCACGTTGGTTCAACACGAGCTAATGTTTTAACGTTGGCGAATCACGAGAGACCAACCTATAGTTTACAAATATAATAAGATTCCTCGAACAAATGATTGGTAGTTGGACGCTCTGCGGCGTCGCCAAATAGGGTCTGTGGATCGCTTCCTGTTGGGTAGAGGGGAGGGCCTCTCTAGTTGGCTGGAGCTGTTACACTCATTCTCCCCCTATGGGCACGATAAAAAGCTCAATTGCTGTCCTGCTGAATTAACGCCCTCGGCGCACTTTGTAGCTCCGGCGCAAAGCTGCAAACACTATGTTGTCTTTCAACATAGTATGCGCTTTTACTCGTGCTGGAGAAGCAGCGACCTCAGAAATTATCGATTCGTCCCTATAGTACCGACAACGTCCAACCGGGAGGTGGGAATCGCAAGACAATTGGGGAAAAGATAAGTCTGATTACGGGCTCCGGAACCACCCATCGGATAATAGCTCGAATCTCGAGCTCTTGCCGGAGTTGGTACAATTCTCCATACCGGACTATGATGAGGAGCTAAAGGTTGATGCAAGCCCACCTCTGGTCCTTGCAGGGCCCCTAACAGAATCGGATCAAACGAGGCGACAATTTACCTCAAATTGTAACCTTTTGTGACGGCGACGGAATGCGCCCACTCCAACACGAGGTTTAGTTGGGGGTCTGCGATCAGGTCTGGAGATGACAGCGGTCGACAGGAACCCATGTCTATCGGCCTAGCTTGCGACTATTACAACAGGACGTTAACGGTGCAAATACGCACTCACAGTGAGGTTATGGAATTCCATGCCAGCTTTGTCATTAATCGTTCGCTAAAAGTGCAACTGGCACGGGTAGAGTTGCGTCCTGGCGGGGCAGCGCCCCGGATGAGATAAAACGTCAGTCCTAAAGGTCCGTGCGGTTGATTACCCAGCCTCTTCAGCCGTTCTGAGAAGATGCGCTTT,1806,50.72,Drosophila melanogaster
SEQ_677672,GCACTCAGATTCGCCACTGTATACATATTATAATCCATTAGATGTAACAAGTATACATGTGCCACTATATACGTACTGGCCCATCTGTGAGTCCCTTGTTCGATAAGTCAGCGCCTCGTAACGGCGGTAGTACCATTGCATTCAGCTGTGCTGAAGAGTGACGTCAAGGCCTGGTCAGCAAATTGGCGTTTAGGCTAGCGTACGACGATTGACGTTGCCTTGTAATCCCCCTTAAGACGTCCTCATAACATCACTCGTGTACGGCAACCAGAGGCAATGCGGATAGACAACGTTTGCA,298,47.65,Arabidopsis thaliana
SEQ_319935,TCGCATCGGGGAGCGGCGTTGACTAACCCGCGACTACCACCAGGCCCAACAACCAGTGCCGTGGTGACTCGGTCAGACTCTACAGTCTGGCACTAACCAGACTCCCTTAGGGAACTACTGTTCTGTGTGTCTAACGGAACTACATCAAGGGAGGGGAAGGGACTGATGGTCAAGGGGAACGACAGAGGACACTTGTCGTGTTAC,204,55.88,Caenorhabditis elegans
SEQ_334526,CTCGCGACCTCCCACGGGAACCCAGAGGCGTCGGACCTATGACTCCAGTGCTGCAAGTCCTCTTCAGCCCTGCTGAGGTCGTATGGTAAGAGAGGCCTGAGTAAACAAGACATTGTAGCGCACAGAGACGGCTACGGCTGTTGTATGTTCTGTCGCTCTGCACTTCGAGTTCTCAAACTCGAATCTTCTACTTTGTCTGAGACGAGACCACATTCAGAAAGGTTCACGTCTAGACCAAGCTTTGTTGACAGTTCTCGCGCATAAAAACACAACGTAGCACCAAATCGCTGCATCGCAATTTGATACATCCGCAAAAGGATGGACCCTGCTGCTGTGAGATCGCCGCCCCGGGGTGGTTGGATGCTCGACGTGCGATATGCGTTTTACGGGGGTTGATTACGGGATGATAATGTCTGTGGTGCACATAAAATGCGGCCTTTGGCAATGCAACGGGTGCATGCGAAGACTCAATATTACAAAGCAAGTACTGACTTAACCCAACTTATTCCACGTGGGCGCTATGCCTCGTTATTTGCAGGCCCTACACTGTCTTTATGGATCTGCTCATTCCGCGGTGATTGGCTCATGGATGCTAACGCTATTTAATATTGCCGTATTCCGCTACAGATCGTTAAGCTTTGCGCACCGAAAACAGCCGAGTTAACTCTGACAAGATGTGACAACGTTGGGGTATTGCGCGAGGTCCGCAGCAATTAGTCAGGGGCTGTGCCTATCCGAAGTGGTAGACAGAGCACTGGACGACTCCATCCAGAGCGGCAGATGGTTTCACAACCCGCAGTGTTCTAGGTCCTCAACACGCATACTATATCCCGTGTTCGCACCTGCTGTGCAAATGCGATCAGCCCTATGGTTTGGCTGCTTGTGTCAGCTGATTCGAGACTTTGCAGGGTACATCCGTATCGACTCTTGGATCAGGGAATGTAGTACCGTGCTAGAACCCGATACGGCTCCAAAGTTGAACGTTTGTCGACATGGTCAAATTACGCTCTCAGGATAAGAGGCAAGGGTTCAGAAGAGTAGAGACTACTGTGACATCTAGATCTGGCTCCGTTCCCCTGTTCAGTTTAGCTAGGCTACGCCCGTTTTCTCCCTCTGCGACCCGAGCTTCTTCCACCAGCGCTGACTGTACACGCCACAGCATTACACGACCAAATGATCAGACCGGGACTGATAGATTATCGTTTCCGAAATATACGGACTTCAAGAGGAACGCACTCCCCGAGGTGCAAGAGCGCCTACTATATGACATATGGACCCGGAAGCGAAGACA,1291,50.97,Drosophila melanogaster
SEQ_426107,TTTGACACCTGGGACTAGCGTAGATGATTCAGAGTACCCCTGGACTAATGTCTTCATAGTGATACCCTCCCAGCGTATAAGGATTTTATTTCGGCCTAATAGCCTCATGTAACGCAGCTTACATCATTGGTGCCTGGCAACGATTCCTCGCTCAGGTCATTCGGCAAAGCATATAGCCTGAAATGCACGCACGGTTATACGGCGTCCTGGATCTCATGAGGTGGCCTACCAACGGGATAGCTACCCGGGTATCAATAGATTGGTTCTGGCCCGTGTGGAGATCCCCGCTACTTAAGTGGAAAACGATTTAGAGTCACGATAGATAGCACTGGAGTTTTTCCAGCATTCCAGGGAACAGTATCACCGTGTTAAGGTATATACTAGAGCTCAAAAGGTGCCTCAAATCGCATTAGTTACAGAGTCGTAACAGTTTACGTCTGTAGTGATCAGAGAGTAAACAGTCTTATGTCGGGCTCCAGTTAGTCGCCAGAAATTATATGATCGCACGTTGTAGCCAAATGACAGTGTGCGAGCAAACCAGATCGAAGATCGTCTTCCTCCAGGATCGCATAACACCTTGCATAGACTCTGGGCTAAATCCCGCTGTTGAGCGATGAGAAACATTGTTAAGAGCAGGTCTACTTGACGCAAGGGCAAACTGCCGTTTGTACATGCTTGCACAGGCTGCCAAGGTTGCAGGCGGGATCGGTGGAACGCACGTGTGCGCTTAGTTAGTCTACGCAAAGCATACGTATCCAACCTGCGGGAACATCATAATTTACAGTCCTACTCGAGCATACTTGCGGATAGCCTTCTATGCGCGGTCTCAAGAGGGTCCTTCGTTACTCGATAAACTCCGGTGACTAACTCTATTTGCCTCCTCGAGTCCGAGTTTAGGATAGGAAGGTCGGCGATCCCCTCCGCCTTCGTCAACGATAGACTCAACAAACCTGTGCCTTGCTTATTTCACGATGCATCTCACAGGCAATATTTCTTACATCGTTTTGTACTCTGGTTGAGACTTCAAGTGGCTATTCCGACCTGAACGAATAATCTATAGTAGATTCCCCGTATTAGTGCGCTTCACCAGCTAAACTCAGAACACAGCTTGCTACTTTATTACAGCTCCTAGGCCTCGCCCCACGTTCATAGCGAGCACGCTACTATATTAGATTGGGAGGTAATCTTATCGATGGGCTATGGCACATTGATCGTGATAGGATCACGGCACCTCGCTAAATTTCGTCAAGTAGTAGGTCATGAGCAACACCCAGTCTCATTTCTTGAACCTAGATGTTCCATTAGAGTTAGGAGGTTATTGCTCAGCCGATCTCACACATATAGAAGGCGCGGACTTATAAGCCTGCGGTCTCCATGGTACGTGCCGTGCGGCTGACGGGGAGCGAGAAGAGATGCCAGATTATGAGAGCTTATTAGCGTCTATCCAACGGTTTGCATATACGGACCTGGGATGT,1475,48.0,Caenorhabditis elegans
SEQ_236308,CTGCAGCTGTAGAAGCGTAAAAGTGACCTTTCAAAGACGATAGGGTCTGTCCCTCCAACCCCTCGTGTTTACGGTTTCGACAATTCGCATATGCAGTGGGGAAGGCAGAAGTGGCCCCTGAACGGAGCTGTGATGACTAGACCGACTTGATGGTTAGGCGAGCACGAGCGAGGTCGTCGCTACGAGTTGCGTGCCCATTCGATATAAGCTTCCTCAAGCCCGACCGCTACGACCAACACGTCGAGCCTATAGAACTAACGGCCCAAGCCTTCCCCAACTGAGCTGTCGCCTACCTTTAAGCCGATACTCGCTCCGACCTCCTCTAGAACGGCTCGCCTAGAAGCATGATCCGGGGGTGGAAGGAACCCACCGTGGTGGTGGCGGCAAACTGCGATATTCTGACATGGTCTATGATGCTCATAACCATCCTAGCCGCTAAACGTTTTGATCTTCTAAATGATGGCGTCACTGAAAATGATCCGGTCGTTACACCTATTGATTAACTCCCGAGGATACTGTGGTGCGTGCCACGCAGGCTATATCTGGGTCGTTTAATAACCGCAGTAGGCCGAAACCGACTCTAAGAGGGTGCTCTGGCAACAACTTGCTAATGGGTCCTATATATACAGCGACTAGTCTTCTAATCACGATCCAGTACCTAATGAAGTGAGTGTGCAAATCTGAGGCCCTAGGTAGTGTGGTGCAAGGCCAGCGTTCGCCATAGGTGAGGCCCGTCGCGACGCAGCGTTTACCCTTCATGCCCCACGACCGCAGCAACTCTAACGCTCGGGCGCTAGATAACAGTTACGAATTCTAGGGAAGGAATTGTTCTATACCCGATCAAGTTACTCGCTAAAATGGCTTCATCCGTGGGTTATGACAGACGGCAGCTGACTGCTTGTTTTACGCTACGCGCGTGCGATGACTACGGCACGCCGCAGAACTCAATTTAGAGGCCAACGAATGGCGAGCTGTCCCGGTGAGTTTCATTCCTTTATACGTTGCGACCGCACAAAATGCCAGTAAATGCGTTTGACTGCGTAACACGGCCGAAAGGAGTAAGGGGGCACCCGTTAGCGGAAATAGACCACACGCACGACAGGGGTTCTCTGTGTACCTGCAGCATAGTGGGTACATAAGGCGTCCTCGGAAGACTAAGTATGCCTATGGGCTATGCAGGGACTTCATTTTAACCCCCTGGGCAACCTCGGGGTGGATTATGTGTGATTTTAATAGAGTAGGAGAGCGTAACCC,1254,52.31,Homo sapiens
SEQ_270741,TCTGGAAACAAAGTCTATTGACAAGCTTGAGACCTATATTATGTGATGAAACCGAACTTGGAATCTCGCACACGCAGCTTTGTTCCCTGGGTTTAGGGCCCACTTTTTAGCATCTCGTACCATTGCCGCGAGTAATTTATATTTGTCATCGGTACCAAACCACTGAATCCTACTCCCTTTACTTAGGACACGTATCCATTGGCGTCTAAATCGCTCGATTTGTAAGAAACGAGAACTGTGCACGTGCGTGGGAGAAATCTTATTTCGATTGGCCGCCGAGGAGAAGTCGATCGTCACTACACCGCTCACAGCCTCTTCTCCGATTCCCAGCCTCGCGCACTGTACCCCCCTTTAACTCTTAGCGGACAGTGATGGCTATGGAGGCAGAGGTTATGTTTTCTCTATAGAACACTAGGATTTCGTGGCCCCGCAGGGAGTCCGTGGGGCGATGCTATAGCTATCCTTGACCTACTGTTTTTCGCGGATGCCGGTGTGAGTAGATCGGTTGCAGGATTCTAATCTCCGGGACCTCGTGGGTCCAGACCAACTAAAGAATGGGGCTAATCGGTTTTTACGGCGCAAGATCAAACTCCCGTCCTGCAACCGGGTGTGTGTGTAGATTCACGACCAGAGTGGCGAAACTCACCCAGCCTTACCCCTTTTAACTTCCATTGGACTATGATGGGAATGTCTCTGACCTGAGGCCATTCCAGGAGAA,718,49.72,Escherichia coli
SEQ_489456,ATGTGACGCATTATGAAGCACCCCGGGAGCACCTACTATAGTTATAGCACTGATCTGTATACCACTACCCGCACCCTACTGAGTCTCCTGTGCCCTAGTGCATTAGAATAGTAGTTTTGGGAGCATAAGTTGTAAATAACGAGGCCCGTCAATTTGTTCAATAAATAACTTGCAGACATGGGAGTGCGCCGTCTGAGACGCTGGCGTCAGCCCCAGAAATAACCTCCGGAGCGTTACCCTCGTTCCTAGGAAACGGGTCTACCCTCCAGTGTTGGGAGAGGCTACGTATCTCTCCTGACACGCGTTGAGAACGTGCGCACAGTATTATAGTCCCCTGTGATTCCCCGCGTTCCGCTCAGCTGCCGTCTAACGTTATCCCCATGATCACCGAAGGTGTTTGAGCAGTGTATTGCAGAGATGATGCCGCCTTGTCGAGTTATCGAATTCGAACGTCGGGGGACGGCGCTTTTGCTGCTCTGCCTACCGGACGTGCTGTATTCCGCGTAGTTGGCAGCTTGTCTTGGTGACAAGGGGTAACCCGAATTGCTCTCTTCCCACCGGAAAGCTCCTGGCGCGTCAATTTAATTTACAGGCTGTAAATTGCGTTATCTCAGCTCCATGCACATCTCGCCTATAACAAATGTGCTGGTGGGGATGACGCACTGCGTGAGGTTCATGACCAACCCCGACGAGTGCACACTCAGAGGAAAACTACGCAGCCAGCTATGTATCATGCTCCGAATTCGCTCACTCGAGGGCAACATTTCACGACTTTATTACATACACTTACGGCGCT,796,51.51,Saccharomyces cerevisiae
SEQ_554476,GCCCGCGGCTTGGACGTAGGTTGCCAAGCGGTTTGTGCGAACCTCGAAGTCCTCAAGGTCATGTACACGCAGGCTAGGGATGTGACCAATGGACTGAACCCATTAGCTGACGCTTAGTAGCGTGCGTGATATGAGAGAAGAAGCGTTTGGAAAAGATGTATGTGCGTAGGCCGACGCGCGCGCTTAGAATCGTGTGTGGACGGTACGAAATGAAGCAGTTCTGCATAAAGTGAGTGGAAATACTCTGTATTCCCGCCCGGGAGTTAAACCTGTGCGTATGTGATTCCCCTCTCGGGTTCCCACCTGTGTGCCGTCTCTTAGTGGTCATTCTCTACTAGTAAAGTACTTACCGGTAGCTAGAAAGCCTACCGAAACCAGGCATCTCTGGTGCGAGGTAAATTTTTGGAAGAGGAGCGAACCCTGAGGAACCCCTAATGGAAAGATGGCCTACATAGACAGCGCATCCTATTTTGGTACATCACTTCCTCGCAGCCGTAGTAGCACGATATCCGTCTATCTTGATAGCCGTACCTGGATTGAGCATCCAGGCCACTTAAGCAGTAATCCTGGCATTAAACTGATTCAGGGTAGTGTGACATCTTGCCATTGGCTTCCCGGTCGAACAGAGCACACGTTGCGCACCTCAAGGGGGCTGTTCGCTCTCGGGCTAACTCAGTAATGTTGAGTGAACCTCACTGGTTATCGCGGGTAAGGCATTCACCTTTGCGTAACGACCTGGTTTAAGTCGCCAGCATGCCGACGACACATTAATATGTGGTAACGGCGATTAAAGGGTTCGGGTAACCACCTGAATCCGTACCTAAGCCAAAAGTCTTGAGGGCGTCCTGAGATCTCACGAAGTTTAATTGTGAAACCGCCAGCCTGGCAGCATGCCCAACGGGGGGCCTACGGTCAGCGGCAAGCTGGCTCACCTAGTTACCCGCAAAATGGATAGTCTATCCATGACCCGTTTAAACCGGTGAACACCTGCGGACTTTTATCTCTAGCCTAAAAAGTTTAGCGCCGGATGTAGTGGCTTACGCGTATTGAGAGGACCCTTCAGTTACCGTAGTCCAGTTTCGGTCGGCGAAACACGTCAAATTACAGTGGCCGCGGAGCTGGATAGCCAATACAGTCTTAGCAATCATGGACTTCCCGTACGACATGGAGGAAGTGAGAGATGCGTGCAGCTGACTTGGCGATGGCTCTGCCCCGGATACGACCGAAGTAATCTTGTACAACGCTATTGGAACATGGTCTGTCATGGAGCCAGCCCGTCCCACACCTGACTACGGCTAAGGTTATTAAGAACACTCTGGGCCACTAATCATTAT,1334,51.35,Escherichia coli
SEQ_147908,GTGGATTGTGTAAGAGTGGTGCCGGATATAAGTGTCATCAAACTTGGGCGTCCAAGCCAACTAGTACGAATCTAGTTGTTCTGATTATCCTGGGCGTTATGTGCCCTAGCTCTCAGCTCGCACTCGCTGTCTTCGCTGACCGTTGCTGGTTCTCTTACATAAAAGGGCTGTATCTAATACCTACGTCCTACGACGCATGTCGCGCAATGGGTAGACCGATTGGAGGTCCGGTGTCCATTCATCGGACAACGACACACGTTTAATAAGTTGTGTGAGGGGCCGGGCTAGCTATTCGGGTAGCTGGCTCCTATTCGCAGTACGTAGCCAACCAACTATGTGACGTGACCCAAAGGCCGTTGCGCAAGTTAGACGTAATACGAGAATGTGGGCCACTGAACGCTGAGTAGGTGCATAGGAGCTCAATGCCAAGTAGGGACCCGGACCTGAAGACTCAGATCTTAGTGATGATTAAGCAAATGCCTAGACGCTCAGGCGGACCGAGCGGATTATAATAAGTCTACTCGACGACTCCTCGTACTGTAGTTCTAGTGGAACATATTAGTTAGTGGCTCTATGATAAGGCAAAGAGCACGAGTGCGATCGCTGCACGCCTCCCATGACTTTAGGACGCTCCAATTGCCCTCCGTTTAAGACATGGGTCCTAGTGATTGGCCGAATTAGGAACAGGTGGAATATCACTACACAGCTACCCGTTACATGGATCAGTCTTTTGTACGCCCTGAGAGTGAGCTACGGGGCAAAATGTCGTTCTGTCATAATATGGTAGTACATACTGTACTTACAATCAACGTCTACGTAAGCGAAGGTCTCCATGATCTCCAGCCACGCTGTACCCCATTCTTGGCTGTGATCTTATTCTGCCTCTCGGATTTGGAGTAGGGACTAGGACTAACGGCGAACTAACATTCCCCCCAGCGACGAACCCTATAGTGATGGGAGAATCCCGTAATACGCATGCATGGTCCTAGGATTCAACATAGGTAGAGTGAGCCGGTTCAAGGGTCCTATATCACTCCGGAAACTCGGCTGTTAAGTGAGGGGAGGTTAACCGCCTACGTCAGCGAAGACACACCAAAGGTATTCATAGGTGACACTGTGGTTTGTTCCGTCGTACCTGACTTGTCAGGGTTCTGTCTGCACGGTCACTCCAGGTCCTGTTAGGGTGCGAACGGTACGCAATCTATGGACATTCCTAACCGAGGTGTAGCAGCGTAAGTCAGATCAGGTCGCTTTTGTGATTGATTACCTCTACGCATTCGGTCACGCTGTAATAATTTGGGGAAACCCGGGATGGTACCCCAAGGGGGCAAACCGCGTTTATGTTGCACAACCAGCTGTCCTATGTGTCTCCGCGCACCTG,1381,50.33,Arabidopsis thaliana
SEQ_757632,ATGTCACCTCCTTATTGCTGACACAAACGTTGTGATAACCAAATTCGGGAAAAGAAGACAGATGGAATATTCGACGCAGACCATCAGTACACATCGCATCGGTTATAGACCGTCCCCCTTGAGGTTTGGTTCCCGCCAATTCTCTCCCTCAATTGGAAGATTTGGTGTTATAGGATAGTCACGATGTGCGTTTTTACGGTCCTCCGCGTTGTTTTGCGTCCTAATTCAATAACGGCGTACCAGCACTCCGCGTCAGATGTTATCCGTAACTCCGTGCTATAGGCTGTGGTGCCTGGGCCAGTGTTACACTAATCCTTTAAGGAAATTAGTACGGGTTCCGGCTGGTAAATAGGTCGACGATTTGGGACCACCTGATCGGCTTTCTCATCCGATGTCGGTTTATCCAGGTACCTTGACGACCCTTAGCATTATCATTTGGTCGACCACTGGTACCAGGTCTCGCCCATCTAGGCGCGGTATACCTTTGAAGCGGGTTTGAAGCGTAGGCTACGTTATGGACTATTCGGTCGGGTACGTAGCCGCCGTTAATTGCGTTGATGCTCAGGGTCAACATCAATACAGTTCTAGCCCAATCAGGTCAAGAGACAAGGTAGGGGTTCAGGTCCGCAAAATCTACGAGGACACTTTTGATAAGAAATCAATTCCGGCGAACATTAATGGAAGACAGTCTCCGGCTTGGAATAAGTCGGACACATAGGCCGTCTAACGGGTGTAATTTATTCCGTCGCCCTAACGCTTATGAGCGCACGGGTAGGGCAACGTTTCAGTTGCGAAATGGTTACGGCGATACGACACTGGGGGCCACACAATTAGGCTATGGGTAGGAACCGTATCCCCTCCATGGGGAGTTGTCTGGACTTTAGCATCATACATCAGCTTCAGGCACAGGTTATGAGAATATGCTACTTACCAGATAACGGCGTTGTGCACAGCTCCCTATCAGTTTGGTATCAGCCCAGATCTAACTTAGGGAACAATCGCGGCAGCGGGGCGTCGACTTGAGGCTGAAAGCCCAAAAAAATCAGCTCAACTGCCTCTGTTCAATCCCACATAGACGCGCACGTGGCAGCCGCACTTAGACTCCACTTTGCTACCGATGGTATGTATTGCGAAGGGTGATCCATTGCAACCTTTTATTTCCGTTCTACTGACAGGGGCGAATGTGATCATAGCATCCAAGAACTACCCGGTAACAAAGACCGTGATACATTAACCCTCTGCTGCGAGGTTATCGCTCACAGTGCGAACATCGCCCTAGAGCCATTAAAAAGGGTTGGGACCTGTCGATGTCTTCAACCTTGCAAATAATCTTTTTGTCATTTGGGACTCGAGAGCAGGCGGAGGCAGGTTGGGTGGTGCCGGTTAGCTTCCTTTAGCGGGGAGTGCGCGTCTGTCCAGTGTCCTTCGGTCCCTGATCAGGTCGAACGACCCATTGAGATTAGTTAACAACAGTCTTGGGGTTGAGTGAAACAGCGTACGTAAAGGAGACGGGGGTAGCAGAATATAAGCGGTCCTTTTGTAGGATTATGAGTATGCGATGGGCTTTGTATAATACGAGGGATCACTCAGCGGGACCATGCGCCCATTAAGAACGGTGA,1619,49.6,Escherichia coli
SEQ_711126,ATACGTGCCGAACCGTATGTATTAATATGGCACACTGCCTAGAGAATGTAGTTAGACTACTCCTCATTTCGTCCAAACTTCGAGGGGAGGTCTTCAGTTCTCGTACAATCTAAAGGCTACAAGTATTTTCGTGCCGCGTGGAATGCTAGGATTGATTCTGCCTGTAGCAAGGCACACTTATCCAACTTTACAATTTTTAACAGACCCGATAGATCTGTCGAGCATGTAGGTTCCTAGGAACTGGCATGTTGCAAAACGAACATACCCCCCGACCTAAATGCAAACGCGGGGGCGTGTTAACGTGAACAAACCCAACGTCATAATCACCAGCTGCTGCACCTACGGAAGCAGATGAGTCTAAATCTTGTCGCACTCTTAAGTGGATTTTCCCGATGAACGTGGAACTAGAGACAATGAATTACAGGCAATTAAAAGTGGCACTAATGAAAGCAACAACGTAGCTGAAGAACAGGAGTCGATTTTGAACCACAGCCCGAGTAGTCTCGACAATCTGGCCGAAGGAAGAGGTGCCTGGCCGGTGGGTGGAAGTATCCGCCTGTAGAGAGCTTGGTCGATGCTTGCACTATACCCGACGATAATTAAGTCAAGCGCCTTACTGCGCAATTTTGTAGTCGGCCGTTCATGAACAGTTGTTTACTTAATCCGCGGGACCCACGGAGCGATGTGGATCCCAAGGCCATAGCAGTGGAGAGTAAGCAGGGAGCGTGGTGCCCCCGTGTCGTGGTGTAGCAGTCTCACCCTTAAGTGCATACTTCCGTTCCGAGCGAATTAAGCGGACATCTTTGTAAACGCAGCCCGTTGCCAAGGCATCTAACCTATCGTTCAATATGCGAACGACGTTGGGCGAGTTAATACATCAGACGCCGTAAATGACTTCACATTAGCACACGTAGACTCGTTGCCAGTGTGTGGTACGCGTCGAAAACGGGCCCATATAGCCCTTACCTTGGTTACACCACATGGCTAGCGCCGAGGGCACAAAAAGGATCTCTGGTAACAGTATGTAAGACCAAGTGGACCTATGAATGGCGCCCTCACTCTGCGGGGGATTGCGCGAAAAACAAAGCCCTTCTACCGTCGCAACAACCATGATCTCCGAGCGAAATTATTATTAGCTCTTTCCCACTCCTTCCGGTTGGA,1161,49.18,Homo sapiens
SEQ_409528,GCTTATCGCCGTACGAACGAGCCGTAGCAGCTACTATAGGCTTATCAAATTAGCGACCCGGGAGATGCTGAAACTATGTGGGTACTTCTAAATTTACACTTGGCCTTACACGTGACACTATATCCGTAAACTAAGGCCTCGGGAAGACAAAATGAGGATAACTACGAGGCGGTATCCTATACACAAGACACCGGTACGTTGATGAATGAGCAACGTGATATTAGTAGTTGATCGCAGTGAGGGCAGAAGACGGGGTTCCGGGGTTCACGCGTTAGACAGAGATGATTGCCAGAAGAATGGGGTAAGCGTAACAGACGAATAAGTGTGGGTTGTGTTTGCCCGGGTAGTAAGAAATACCCTAATAAATAACCCTTCATGGAAGAACCGCAGGCTCGTAGATGCAACATCAACTGGGTGCAGTCATGGAGAGGGATCAAGCCTACATGAGTTGTAATCATCAGCGCGACGTAAAGAACGGGGGCCAGGCTTTTTTCCAGATTCTGGTAATTACCTGTATAGAGGTTTAGCAGCAACACGCAGTTCGCGTGAGTGAAAGTCGCTCTCGAACCGTGTAACACCACCAAGTTGTCGCTTTGGGGGCGTATAC,607,48.11,Escherichia coli
SEQ_800140,CCATTCATCCCTAGACTTGTGCACGGGTTGGCGGATGGGGCTGGACCTCCATCATATAGCTTATAGATGTTGTGTGACACAGAGGAGAATACACGAAATGGTTCCGAATTCAGCACTACGGGCATTGAAGATAGGCGTAATCGACGAGGTATGAGGCATTATCGTTGTAAATCCGCCAGAGGATGTGCGGATACGAGATAGTGGGCGTAGGTACAGTAAGCACCGGTAGTCTGAGGAACCCCCTAAGCAAATGTCCTACGCGTGCTCAAA,270,50.0,Caenorhabditis elegans
SEQ_881149,GTGTCAAGGCGTTGTGCGTCTTGGCGATAACCGATCGATAAAGGCAATTTATGTTAACATCAGATAGGTACTCTTAGCTGGGCCTCGAACTATTATATAGGAAGATAAAGGCTGATTACGACGGCGATGAGTCTAATGAAGAGCGACTGTTAAGCGGCAACAAAAAACGGAATTGTACGTCTGTGGGGCAGTAAGAATTTTTCGGTCAAATAAGTCACCGTGACACCGGGATTATGGTCATTTGCGGTAGATACGCTAAGTCTGACTGGTGACGATCCTTCGGCCCGTA,289,45.67,Mus musculus
SEQ_286658,CGGGATGCATCCAGTGGCACACTAGTATTATTACGAGAACAAATGTGTAAAAGGGCTATCTACTAAACTTCGGCACCCGAGTATTATATGCGCGGCCAGCCTTGGCCACGCTCATCAGAGATCCTGTTACGATAGGATAGGATCCTATTGTGAGAGAGGCCTAGGTCACCAGACAACTAGTAGTTGTTCCCACATAGAGACAAAGCTTAAGCGCCTGTAGGCCCGACAGAAATGATATCAAAGTCTTACGTCTGTTTGGACTCTTGGACCACCCTAGCCTAACTGCTCGGTAGATATAATTGTTCCCGCTTATACCAACCACGCGAAGGTAGCATAAAGGCGCATTGATCCGAAGTCCCCTAGCGACCTGAGCCTGAACACATGGGGGCATAATATCGGTAGTTGTCAATCGACTTGTCAAACAGCGGTTCATAAAGCTGTTCGCATGGTGAATAGTAGTTCATGTGCGCGAGGTACAGGCCGCACATGGGGTCGTGGAATGCCGTTAGCTCTCGATTATGTATCTACTCTAGGCGGAGCACGGCGACGCGTAGCGCAGGTCCGACGCTATACAGTACGGGGACTGGAGGCCCAACCAAACTCCCACTGATTTTCCGTTTTCTGTGCCCTTGAGACCTGAAATTACACGACCGCTCTAATTATGTTATGATCTATAGTTCTGCTTGGAGGTGGTCCTAAACTCTGGAAATGGCTCTTAGCAGGCCGACCATACATGCGCCCGGTCTCTACGAACGGATACTGTTGTTCAAACATGCTCTTTCTGCGCCATGTAATCGTCGTGTATTCGTGGAAGGGACGTTGAAGATGAGGCCTGTCCGTCACATGTCCCAGCCCGATGGAAAGTGGCGAAGTCGTTATTCGTGAGCGGCTGTCACACTAACCCGCCAGCGTAACCGTTGGTCTCCCAAGGGTATTTCACCCTATCATCCGTGACGAACCCGCCTGTGAGTAACCGCTTGATCTAGGGTGAGTGAAACCTATCCTTATGCACTAGCGGATCCACACCAAAGGCTTACAAAGTAGATAAACGTTTTGTTCTGGGGTACTCTTCTAGCGAGGGCCTGCCCTTTGCATTCTTAAGGCGAGAATGGGGGAGATAACAACCATTGCCCTAGTCACCGTGACTACAGGGGATGCCGCTAAGATCGAAGTAAGCCTATAATGGCCTACTGCCTCCCAATTTGTTGGGGCCCACCTGGAGTATAGAAACCTACCCTCATCAGCCGCGTGAGTCCGTAGTTCGCTCTGGCACGGGACAGGATAGTCCAGGACGTATTCATCCTACATGAAATGGTACACTCTTCGTTTCAAGACACTTCTGCGAATGATCCACCATAATACATTGGGCCGTAAGTCACGCGTGAAAAGGACTCAAGAGTCTATAAACCTGCGATCGAGTACATGCGTTAGGGTGTTATTATAGATTATACACTCCGTTGACTATGCCCTGCCAGATGCCCCTGATATTGCCTGGCGCTGATACGCAGGTTTATCTACCCCTTATCTGGCTCTCACCGG,1539,50.16,Mus musculus
SEQ_305948,GTAGTATAATCGGGAGGGGGTTGTCTCAGAATCTACTGTAACTAAATGGATGCTTGCCCCGGTATTACTCGTCTATATACGCATAAAGTCTATAAACAGATTGCGGAGCCTTCAGGGCCTCACCGGTATTGTGCCATC,138,46.38,Arabidopsis thaliana
SEQ_770886,GGAGCGCTGCACGGCTAGTCAGTCGGCAAGGGGAAAGCGGAAAAGTACCCATAGTTGGATGGTCACTAGGGCCCGTTACGTCCATGCTTGCGAATATGGAATCAATGAGTCGTGCCAACTGTTAACATGGAACTTTAAACGCATGAAGCGATCACACGTCGACCGTAGATCCTACGAGTCTATGCCTTTTATAAGTTACGTTCGGGTTTGCTAGGCTCTCGTGGTATCGACACACTAGCCAGTCCATTTCACATCGGATACCACAATTCAGATGTGATGCTTACTGCTGTCATGTAGCGCGATGTCTTGAATAGGGCAGACGAGGCCAACGGCCGATAATATCTTGGATGAAGTTCCGTTGCTATATTCGGGACATCGTACCTTCAAATGCTCCCAGAATCTGTAGAGGATGGTGTTGGATACATGCGAGCTCTGATAGGACCAGCGCTCAATGCGGAATGTGAGTGCCTTGCGTCCGAACCCACTATTCTTTAGAGGCCGTCAGTGGCCCTATTTTAGCTGAGTGGTTTATGCGCCAGTCGCAATTATTACGCATACGAAGAGAACCGCTAGGAGTACTCTTATCGGTGTGATCGCTTTAACCTCGGTCATTAACTCTATAGAACAAAAGGCAAGTCGAATAAATGCATTCTCTCTTTCAGAAAATGGAACCGGACAGGACTATCGTCTTACAGGTACGCGGGGCGGTACCGGACTGGCCATAGAAGATAGGTTCGAACGTAGAGCCAAGTATTCGATCGCCAACGTAGAGATGAGCGCCGAACCCCAGTTTAGTGGAGTCGATGGTTTCACAAAGATTTGCATTAAATCTGACTACTGCAAAAACCATTTGGAAAGCGGGATTTAGGCCCAGATGTCCATCTGATCCCGGAAGTATAGCTCGCGAGCGGTTCTGTGCCCCTTATATCAAGTTAGTTCCCCATCCAGTCCGAATCGAACCTTTTTATTTTGATGCTACTGTGAGGTATCTGCAACTTTCAGCGAAATACTCTCCACCACCGTTGTATACATGGCGCCGCGAAATGCCTCGATATGAAAACTTTGCGAATTGACTATAGATGCCATTCACCTTTCTAAGAACGTATCCCAGCATATGCCTGAAAGTCTGCGTAGTGATAAGATTCCGTGAAAGGAGGTCGCTACAGACTACGGTCCTGTGTTATAAACGTCAGATGGATGGCCGGCGACCGGATACGACCAGTTACACGTAACGCTCCACGCCTGTAGGGTATCCGTCACACTGAAGTCAACTGGGCTGACCCGAGGCACCCGATCCTTTCGGTGTGTGTGACTCTCCAAAAGTGCTCGGATATGAGGTGTGTCCTCTTTCTGCAAGACAGTGTAGCTTAGGGGTGACAAAACTTCTGCATCAAGAGGGTACGGCTTTGAACACCGTGTAACAAGGATACGGACAGCAGCCAATTGTGAGTGCCGTCGACACTCAGCTATACCATTGGCTTTCGGGGGGGACTGTACGCCCCACCAGCACTCAGTACCTAAGGCATGCTATCGATAGCATCGCAAGTACTCTTCCGAGTACCAGTAGTCATCGTTGGGACTCGTAATCCGAACGATAATTCGGCTAACTCCATGGAGGCCTCCAATCCTGGGTGCTCGTCGGGGCGTGAGATGATCGGCTAACTGCCCAAAGC,1673,49.49,Drosophila melanogaster
SEQ_855698,TGTTTCAGGAGGCACACACTACGAGCGCGGCCCGGCACGTAGCGATCCGTGTGGGCCCAAAGACCGCGAGCGCGCGACCACCAATTATGAAGGGAGCCAAGACTAGACATGTGCGTCCCATTCTGCGCGTCGGAGCACCCAATAGTTTAAAGCCGGCCGAAATGTACTTCCTGTTAGACTCCCTCCGGTTGGAACAATTCGGTCCCGGAAGTGCCCTCACCCTAAACAGAATACAGTGTCGTGTGCACGCGTACCTCTGCTGGCGAAGAACTATGTCGGGGCGAGTGTAAGGCGATCGAGCAGTTGTGTTTGTACCGGTACAAACCGAGAACCGTTGAGCGGACGTAAAGAGACAAATGGTCAGTCTCCATTGGGAGCTCTAGATCAAGGATCAACAGATATCAATGTCACACATGAAAGCGTCTGTCCCGGTACGCCTGC,441,54.88,Homo sapiens
SEQ_250344,CTGATCTGAAGCCCAGCTTAGCGTTCTAGCAGATACATCATGACTGAACCTAATCCAAATTTACGAGTGGCACTTAGTGGGTCGGGTCACAGAGGCCGTAATGTCCATTTCAACTCAGTGCGACCTATTACCACCATATGTCGGCCCGTCGGGTAGTCGAATCAAGGTCCATCTTTAGTCACCAACGACCACGACTAGAACTGCACCGAGAGTATCAATAGTTGGAAATGGATCTCCCGCAGCCTATGTCCGGACGTAAGTTGTGCAAATTTTCTTGGCTCAAACCTCACGAGTGGGTGCATGCAAGCCCGTTCATTTGTAAGCGTCGAGCTAATTGCGTACAGTTTCAACCAACATCGTCCATCTAATGAGACTCCCCCCATGGCTACGTGGACCTGATTACGGTCAGCGCGGTTTAGACGCGATGGCACACTAGGTAGCCTTAAGAAGCCCTAGACTTCGTGGTTCCAATCGTTAAGACGAAAACGGTGAGCTGGTAAGTACGCTTATGTGGTTGGTTAATACTGAGTAATCGACGAGTCCGTTCGGTCCTGACGGCATACGTGTCACCATGTCTTCACTGGTCTTGTGATAGAGCAGACGATTTGGCAACTCAGCTGAGTATGAAGAACCGCCGGGCAAAATCTGCTGAGGAATGAAATTGGCTCGTTGGCTAGGCGGCGCGGAGTGGATGCTTGAGGGGAGCCCATCCCCCCTCGTTCGGTCAGCCGAGAGCCCATAGCTCTCGACAGAATCCCGATGAGCGATGCATGTAGGTGTTTAGTTCCATTCTGAATCGTGGCGTCTAACACCAATAAAACGCAGGAGACGGTTAATTGTATACCCCGGAAGTGGGGATGTCGAGCTGTGGTGCATGCGTCTTCTGGGCCACCCAAGCTTCTTCATTAATAAGCTTATCTTCATATACGTTACACATTAAAGTCGGCACCGTTCTTTTGCATAAGATAGTTCTTATAATTCGCGCGAGCCTTTGATTGGCCTCAATATATGATATGGTTTACACAGACCGCGGTTGCTTAAGGGATGGTAGCGTAGACAAGTAAGTTGACTAGCTGACGTGGATCAAACCACACTGCTTGGTTATACCTCGAGAAATTTGACAATACGAACAGGCTGCAGTCATACACCACCTGCAGCCTAAACGTGGCGGAACCTAGCCGATTAGTGACCCTGGGCCGTTTCAAGCAACGTTTAAGACGGATCAATGGACGCTTATAAGGAAGGGTATGGGCAGTTGCGACGCGCAGGCCGTTGGCTAGTTCCGTCAATAGATCCTAAGCGGCCCGGAAGCACGCTTAGCCTCATCACAGCAAGGAGGGCAACCAAGGTCCCAGGTCTCTAATTCGCTATTAAGCTATAGTCAGGTCATCGACAACTGCTTTAGCGAAACCTGTGCCGCACCGGACTGACCGTATCTCTCCTCGTCCTCTTTCAGGTACCAGTCCGGAGAAGTAAGCGCGCCCAAGGCTGCACGGCCCGACTGTCTTGCTAGTGTAACGCTTTTTAAAGCTTTGTCAAGTTGAGATAACTATCTTCATGGGAGAGGACTAACTGACGACTGTAGCCCGTGGGTCCGCCGTCGTGACACCGCCGATAGCGTACGTCGAGTAACGACAGACAGGGCGCACGTTCCAGATGCGTAGAAGGTAAGCACTATTCCATCGGGAGCACCATGCA,1698,50.77,Arabidopsis thaliana
SEQ_108346,AGGTGCAAACCCCTCAGCCACGCGTAATACGCATTGGTGGTGTCCCGCTAATCTTTATCGTTGTACATGCCCTGATTACGGACTACAGCGTGCCTTGACCCTAAGCTAATGAGAATCAGGCAGTCTTTTTCCGTATAGCACCTAACACTGATCTTTAACAAATCACCTTTGACCAGACAGTCCTACTCTGCCTTATCTGTTCACCTACTCCAGCACCATCATTGAGTCGAGTAACCACGAAAGACCCTGAAGAACCTTGAGCGGTCCAAGTACAGAAAACTAGGGGTGGATAACATTCCAGGAGCAGTAATGGTGACAACATACGCCTATCCTCTGACCGACCGGCAGAGGTAGGGGACATGGTATCGTCTATAGCAAGGCGAAACGTCCCAACGCTCTCTTAATTCCGGAAGAGTAAACCCAGCATGAGTCACGCTCCAGGTGGTTTATAAGGACAGCCCCGTCAACCGCGGTCCAGTAAATAAACCCCCTGCCGCGGCAGTCAGCCATTCGACACCGTTCTGCCGCTTTCTCGATAATTGGAAGGTAGCGACGGGATAACACGATATAAGAGCACCGTCGCCGCCTTCCCTAAGCAACGCGCCATTTGAACTGCTTGGGAGAATACTACCGACCATTAGCGTACTTTCCTTTTTCCGCCACCCGCATTATGGCCCTGCGTAGCACTAAGCATCTGTTTAACG,704,50.71,Arabidopsis thaliana
SEQ_513061,ATAAGGTAGACGTATGCGACTTCAAATTACGACTGCCTGAAAATTCCCTGCTGCTATTAGCTGTGAGGCTCTGCATGGAATTCCACACGCTTCTGCCAACAACATTGGCCCACACATTTATCACACTAGAAATAGACGTGACACTGAGCATGATTAGTACTACCCAGGCCTTCACGAGGGGACAAAGGTGCCACGATAATCTGGTCCAGAGGCGCTCGATCCTCCGTATCGGAAGCTACGAGTGACCCGCCTACTGTTTCTACCTTATCAGGGTAGCCTCCAAGTCCGATTCTATGCGTTACCACGAGTTCGTCAATACATGGCAAGGTTAGCATAATGGTCACTAACGCCCGTGCCGCGTCCATCCCGGAATAATCATAGGAGGCTGACGGACATGGGTCCCGATCCGTCGGCCAGGGTATAGGGCACTCTATGAGGCGCCACGTAAGTTTGGGAGAAGGGATTCTCCACAAAAAGCTTGCACTAGCCCCCCCCAGAACCAGGAACGCGATCCACCCCTGGAAACAGTTTTTAGGGTTTCGATCCCTTTCTATTGACTGAATAGCAGGTCGGTGCTGACGCACTAGCTGCTTTCGATTAGTTATATATCGCCTAAGTTTTCTGGCTTTACGCCGTAACAACAACATTATGGGAACCAGCTGTACCGACTCGGGCGCAAAGCGATCTTTCGTTAATCCCATGGCCTACTCCGCTTCCCGATTGCACTACCGTGAACAAGGGGAACAGTCCTATAATGGGGAGCACGTCGCCTGTCCTATAAGGGTACTAAATCGTTGTCATCATATTCACGTATCCCACCGTAATCATAAGACTTTTATCCCTCGCCCCGGATAGGAAGAACGTGCAATTTTTGTGACGGATCACTAAAATCCCGCTTACGCAGGTGGATTTTCGACTCGCGTGGCCAGTTAGCCCTGCCACGGATGCGACCCGTTTGATAGGGAACCTCGGTTTACGCTTCCCTTGAACTTCCTCGAGTTCTGGAGATAGTCCAGTCGACTGATTAAGCGTGTCTAGCAATTCGATCGATATCCAAGGATTTCGGGACAGAGGACATGCGGGATAACATTTACATCGTGGGGCGGACGCTGCTGAACAAGATTCCGAATACGCGAAATTCCACTTTGGGTTGATAGGTTCTAGAATCGGCTCAAATGTGCCCCGGATTAACAACTGATCACGTCAACTAGTATGCTTCGCCTAGCTGGAGGCTTGAGACTGTGAGTTAATCTGCCGTAACTCCTGAAAGTTTTCCTCAAGTGATCGCGTCATACAGGCACCGTATTACACAGTCGGAGGGAGCGGCGCCGAAGGTACTATTTATCCGTACATCATCTACAAAGTCTTAACTACTTACCGTTGGTACCAGTCTGCTCGCAACGCTCGTTATGCAGGCATTCTTACAGCAGGACACCCGAAAGTTTAAGTTCCGTCCCCATCGACTTAGCATGATTGTATATACGCTAAAACGGAACGAGAATGTCAGCCGTGGTAGCGCACACTAACTGCCAATGATGTGCCGCAAACGTTGATGCGGTAACGTCATGCCTCGAG,1575,49.9,Escherichia coli
SEQ_936960,TATAGTCACCGGTCATGCATGGATGTGGATTTGTTGAAAGGAGCCAAAGTAACAGTCATTTCCAAGCACTACTACAGGCTGCGGGGGATTGCGCCAAAAGTTCCGGTGGAAGATCTTGATCCAATAGTCCGTGTGGTGTGCGCAATGCTCGTGGGTATCCGACTCCGTGGGCACCCTCAGTGGTTATGTCGACACCGGATCTGGGCCAGGTGATCCTGGAACTTTTACAGAAGGCCATCCACCTCCCCGTATCTCTGCCGAAATTGTAATCTGCCGGTTGTTATTGACATATTTGTTCGTACGGTGGGACGTGTTTCTTGGTTGTATGTTCCGCTGCGGAGCGTGCCGCGATACCATTCGGGCCTGGTTTAAATTTACCATGTTCAAAGGTGTGTGGGGCAGCCTCGACCTTAAAAAAAGATTAACAGACGCATTGCCGGACAGACTTGCGAAGTAGAAGACCGGTAAAGATGACGGGATGTAAGGGGAAAACGAGAGCTCAATGGAAAACTACCTTCGCGGGGCGGTCCACATGTATCTAATCGGCGACAACCCCGGAGACGCGACCTGCCCGTTCTGTGCGGGACTTCCAGAAGGCGGTCTCGTCGAGCCCACCCGTGTAAAATCGTCTCGAAGTGCATCTGTTATTAGGCTTTACTCAGATAATAGCGGGCGAAGCAGCGTTTCACCCATAGGTTCTGTTCGGCATGTCATAGTTATTTACGGGACTTCCTCTGCGACCAGAAAAAAACTTAAGCGCGATAAAACACAGGGTTTATCCTCTGGGGAATGTCCCCAATGCCGCATATTTCGGATTCAAACCCAGCCCCGTCGAGTCCCAGAGCCTTACCTGTGTAGTGGAGTGAGGTTGGGTACATTTGCAAAAATCCAAGAAACACGGGAGAGGAGAGTTACTAGTGACGGTCACTACCTTCAGTGTATTAATGTTTGACCCGCTACCGCCTCGAACTCCAGCTTGTACGTAGGGTCTTCTCCCCATCGGTCAGGCGTTTGGCCGTCCTATCCCTGCGCTTGGTACGGAGGGGGCATGGTCGCATTTAGAATATGTGGTCACAACCGGCCATTGAACCGCATCTCCTGTTTTTAAACACTGGTGTCCCTACTTGGGTGCCACTGGAGCGTGTAAATCCACACGGCCCAGGTGGCAGTCACTTAACCGCGGTAGCACTTTTGTTGGGACTCATGGGCAAACTTAGTCCGCGGTATCATTAGTCATTCCG,1241,51.65,Caenorhabditis elegans
SEQ_893464,TGATGTATTATAATTACCTGTATAGTGCTGATGACTTGGAAGCACCGATATCACACGCATATTCCTCTGACCACTACGCTCCCTCCTAAACTGCCTGTGCCTCCCGGAAATAACGAGTTACTATTTGTATCCATCAAGAAGGAGATTTTATGTAAGCAGAAGATACAGCGTCGGTCATGTTGACCCCCTAGGATTCAGTGACTATTGCCCGCCGCCAAGTAAAGCCAGCGATAGACTTAGAGTGCGAAGGCGACGTCGTCGAATTTCTGTCGGGCTGGCTTTTCATTGGAACCCGAAACCGCGTTAAGGAAGTTGCAGGGAGGGGAGACAAGAGGGACTGGACTATGGCGCAAGTCCAGGGACTGCCGGGCGCGCATTGAGGCCTTATTTATTCATACTTTCATTGAGTGATTTTTTCCCTGTTCGAACCCGAAGCCGCCAACGTAATTGGTTGTTAGCTTCGTATGGTTAGGCTATCTTACATTAAGATTTATCACTGGCTTAAGACACCATTTTAGGGTCGAGAGCGTCTACGCGTGGGAGTTGGCTCCCATCATAATCTAGTGTAATTTTTCATGGAGTGTTTTCGCCTTACTGCGGTATCGATGTATCTTAACAACATGTGTATGCCAGAGGTTTAAGTATTATATCCTAGACCAGATGAATGAACGGGTGCCTGAGTGGCAACTCCATAACTTTACGCCAACGACCGCCCTGTTGGGGGCACAATCTGTTATACAAACCAATCCCTGTAATTTGGTAACTGTCAATAACTGGGTCGACCTCGAGTTACTTGCAGTAGGGCTAGCGGGGCACCTATAAGATTCATCGTAAAGAGGCCGATTATTGAATGCGCCATACCTGGCTTCCTCAGGTCAAGAAATAGGCTGCTGCTGGTGGGTCGTATTCAACTGTCCCTCTAACTTGTGGATGGACCCTTGACAGTTAATGCATCTATTGGCAAGAACTGTCAACCTCATTGAAAGTATCGGGGCAACTGTCGAGCCTAATGGCTATCGGTCCTTCGACAGTGAGGGTGCTTTTATTCCGGACCAAAGTAGTGCGTCGTGGTGCATCTCAGTGCGAGATGGGTTTTAGACCAGCCGTACCAAATGAGGATCAATTAGTTTTCCATACCTTGCGATTCGTTTTCTGGAAACCAGCCGTCGCATTGTGCAATAGGATCTGCAGGCGGGGGTGCAATCATTCACCACTTCGGCAGCATTGTATGGAAACACGCTCAACCCGGATATGTCAATGTTAGGTTTGGGGGCGGCTTAGTTAGCCAGACGTTCAGCACGCGCGTTAGAAATATTCGTACGGACCTGATTTTCTGAATAGTTGTACACGTATGCCTCGTACTTTCCCAGCAACCCTCGGACCTGCCCTCAAAGGCCCAGATGCATAGCCGCCCCCAATTCCTGGTAGAAGAGGCTATCGTGTATGCCAGGCTGAAAGTAGCTAACTTCGAGCATCCAGATTCAGTGATTGATCTACTTACAATTACTACGGGCCCCACCGTCACTTGCGGCACATGGAATAAAGCGATTCGTGTACGTATTGCACTTGATTTCATGTGTGACAGTACCTGCAATAAAAGCCCCTATCCTCATTACCTCCAAAAGGAGTACATAAACGGCCTGGAGCACGATTCTGTGCTACAAGGGGAGGTTCACCTTCGGGCGTGGTCACCACGTACAGCATCACTA,1709,48.22,Arabidopsis thaliana
SEQ_347098,CCCAGCCGCAATTTAAATTCCAGGGAATTTCGGGAATAGGATCAACATCTCGATTTGACGATCAGGCTTTACTCGCCCCAAGGACCCAAAGTTTACACATGAAGACTCAGTGGTGTTGTGTGTCCCCACAAGTATCCTGCAATCTGCCATATTGTGTTCAGACGGTCAGATGAGGGGGTCAGTCCAACGCCTCAGGTTAGTGACTCATAGTCTAGAGTCCCGAGGTAATGATCCACACCGTGATACATATGAGGCCACTCAAGGCCTTGTGGTTGCCAGGGTGGGTGTCCGCAGTAGGTTACACGAATCCATGACCCATTGAAATCATCTCTGGAGATATCAAAGTGACCCAATCGACATACCATGTACGATCGGCTCGGCCACATGGCGTAATTATCGACATCAATCGACCCCGATTCTACGCGGTGATGATGATTAACGTTTATAGACAAGGTATATGGGATCCCCATCATAACTGCGCTTCGACCCCGTTGGACACACAATTAAGAACCTCCGCTTCTAAGTTTTCGGCTCGAGAATGTCATCATTTAGGAACTTTACCGGACTGCTGGCCTACGTCCGGGAGAACATAGGGCGGGTCTCCAGGTGATTATGATGTCAATTCCCACTTGACCAGCGTGCTAATCAAGAAATGGTCCCGTAAGCATCTTGTCGGTAGTAATATGCCATTTCTCGTTCGGTCCACTTATAGGAGCGCCCTGGGGAGATTAAAACATCGGACTACGATCGAATAAGAACGAGGTAGTGGACCGCTCTCACACAAATACATAAACGGCTCCCTTTTGGTGTCTTCACTGCGTAAATGGCAGAAATCGCTCTAGAGCGCAGTTGCATAAGTTGACTTACTGGTGGCAACCTCAACTTTGAAAGTCTAGCTTTTACGGTCGGCATCGGCTAAATGGGTTCCTAGATGGCCATC,940,48.4,Caenorhabditis elegans
SEQ_874412,CGAGCGGAGTGTCAATGTAGGCTGAGTTTGCTAAAGTGGAGGTCCCCCGCTTCTATTAGTACCTATCTTCCGAGCCTATTATTCCCCGTACTGGCTGTCCCTACCCGGCTTGATTGAACGATCTCCTAGTCGCGCGTGTGGACTATGATCTGTACGTTGCTGCAGAGCTGGATCAATCTGATGCGTCTATAGCAGTCAAAGCCGGTGAATTTCTTGGTTAGGAGCTGTACGAACTACTGAATTTGGCTTCGAGCTACGCCGCCTTGGACAGCCACGTCAACTTAAGACAGGTAATTCGCTAAATGTTAGTGCCGGCTTCTAACGCGTTTCAAAGAAATCTCGCCTTTTTGACGCTCGACTTCCTGAGTTATAACCAGGCACCACTGAGTAATTAAGCTAAGCAAGCATTCACACCCGTGGCTATGAGACCTTGCGCACACCTGTGTCCGGCTATTAGGACGTGATCGACTGATCTAGCCCACAGGCCTCAGTTTTCGTTCTTCCATTCCATACCGGCCGGCGGGTGCCACATTGTCTGATTGATATGAAGTTATGAGGAACTAAACTCTTTGGTCGACTTAGAGTCCCTTTGATTGAATGTGCTGGGCGGAATCGCCCGTCACGCTCGATTTACTTATGGGAGGTTCGCACAGGCATGAACCGGTCATGAATCAATACCCCCCTAATGGCAGGGTTTTGCCTAAAAGGCAGGCCAATACCGGTACAGACGGTGGCGCATTGTAAGAACTTCTTTTTAGTTACACAACGAAGACCTAAGTCGCACGAGGCTGAGACCACGAACCAGCGCTTCTCGTCGAGGTTTAAGCCATTATTCGTGCAGAGACAAGCAGAAGCAGTATTTGATAGTGTTTGCGGCATGGGGTAAGCATCTCCCGTCTAGCGGTCTAAACAAGCGGCACTCAAAGCACTCATGTTGCGCCCCCTCCAGCGAAGATCTTCTAGACCACGTAATTACGGATCACAGCCAGTTGATTCAATATTATCATTAAACGGAATTTCCGAAACGAGGGACACCGATGGCTGGTAAGATATTTCTAAGGACTCCGATAATTAATATCAACGGGTGATTTTACATCTTATAAAGCATTAGCGTCTCATTCTGTCTACAGAGTAGATCGCCTACAGTTAGGGGTCTCGCGTGGAGGTTAAGAACGAAAATACGTAATTGGCATATGACCTACGCTCCTGTACCATAAAAAGGGGGGATTAACCTCTACCGCTCCGTTGGGGCCAGTCCTAGCCCTGCTCGTGTCTACCGCTTTCTTCACTTGAGGAGGACGTCCGCGTATGCGCATTTATCTCATTTGGTAGTCGGAAGCAGTAGGAGGTAGGAGAGCCGTGTGAGGAATGTATTTCCCTGCAATCCCTAACACACACACTAGACATGTCAGTGTTACTGAAGTCCAGCGCAAATGACAGAGTGCGTGTTCGCGCTATGATAATCTATGATAAACTCCCCCATGGCCTTCTACCTTCACTTTCGGCACGGAGATGCCAATGATGTAGTGCAAGGTCCATTTATTTCGCGATTTGTACGGGGTATGTGGAGAGCAAACGCGCGGGTCGGGTACCGTCATTAACTTATATCACCCCTATTGCGACTTGACCTACTCTGCCTGTTTCCACGCTCTAAACGCGTACGCTTGGGGCGCCATATAAAGGGAATTTCAAGGGTGGATGGTCGAGGGGCAAATGCGTGACCGTGTTCCATTCCGTTTTATTCGAGCTCTAAGGCATATCCTGCCTGTCAATTTGTTGGCCTACGAAAGTCACGGGACTAACATGACCTAAAAGCGCACCAACAGTTAACGTATATAGGTAAAAAGTGGGGAATGCTGTTCTTCTGAATAGCGGGCGCATGGAAGTAAGTGCTGTTGGACAATCACTAATCCCGCTCCCATTGCGAAGGCACGCTCTGATT,1942,48.87,Homo sapiens
SEQ_438308,GCCAAGGCGGTCTCCTTCCACGCGTTCAAGTCTGACCAGACTATGGAGACGATGAGCCCTGTGTTAGGTCTTGCTTACATAGCATCGCTTGATTTCGTCACATTTCACCTGCTTGCTGACTAATAGTCCGGGCCTCAGGGCTACTTGAGAGCTCGCGGTTTATATTAGCGCGCGCCAGGAAGCTCATACTCTCCGCGGTACCCAATTGCCTTGAAGCGGGTGAAGCAAAGGACCTACAACAGCCTCTTCTTTACTCTAAATAACTCGGGGTAATTAGTCATTCGTTATATGAAGCAATTTGCCCTCGCGAAGCCTCCTCTGCTTTGGCTCATAGTCGTGCCGCCT,345,51.3,Saccharomyces cerevisiae
SEQ_246872,TGCGACTGGTCGCAGACATACTACACGGGATTCCACAACACTGAGATGCCAGAGCGGACGACGAGCGATACACCAGAGGCCG,82,58.54,Escherichia coli
SEQ_302981,CTTGGGGGGGACTCCTTGCCATAGCGCCCAGAATCTTGCATATATTGTCCTCAGTATTTGACAGTTGCGACCCCATATACGCTGCTGTACAGGACGGGGAACTATGAATTCGTGGGGCGGCTCGGCCTAGGTGTTTACGTTAGCATTAGTGCCAGTATCGAAAATCGTCTTTATCCACCGGACATGTCGGACTACCTGGAATAGCGAATCTGACATTCTCCGTACCTTCGGAACTGAGACAATGAGTCCAAGGTCATGATGCTTGCCTGAAAGAGAGGTGCTTCGTTCTAAAACACATTCGCTGCTAGCTCTATAGCGTTTAGATTGGGAATCCAGTGCGTCACGCGCGCTAGAATCCAGAAGTTCTCGGGTATTCTCGGAAGCGTTAGATGTCATAACTACACCTTGCAGGCTGGTAAAACGGTCTACCTAAGGTCGGTTTGAATGC,448,49.33,Caenorhabditis elegans
SEQ_513420,GTATAGCCCGATACGATGCCCGGCTTTCAAGCAGGAGACCAGGCGTGATAGAACCGCAGCCCTTCATGGCCCAAGAGCTAATGTTCGGCCTGGACTTATGCTTTTAGGGCAGGTTCAGATGTGGTATAGTCCACTACGGCAAAATTCTGTGTGCTTGCCGGGTCGCAATTTATTTTCCAGGTTATCCGAGCCCGTAATAGTCATCTATTTGCCCGTGTCCCCTCCACAGAGATAAAAAAACGACATTCGGGAGCCTTTATATTGCATATAATAGTTCAGACGCACCCAAACCTGTGCCACACGCATGCAATCCGACCCAACGCTATGGGGTGGACCGAAGGACGGCTGT,349,51.0,Mus musculus
SEQ_547228,CACCTCATACCGACATAATGTTCGTTTGAGGACTAAATTTTTCTTTCTGGGTCATCCGAATTCCAAGTGCGGTAGGGGAAAGACTTGTTTTAGACGCACCGCCTTTACTGTGGAATGCCCGCATAATATCTCTACTCCTCCCGGATTGGTCGCAGTTTGCCAAGCGCTAAGAATCCTATTAAGTTCGATGTCACGTCGGAGTCGGCCATTGGCAAATGTCGTCTTGTTTAAGTATAGACCCGTGCCTGTTCGTAAGACTGGACCCCTCCTGAAGGGTAGTGCGATTGATATTTAAGGAGCCAGTCCGAGAGTCGCACACCCTGTATGTGGGATAACACCCAATATGTGTGACACCATACGATGACCCCCATATTTCAGCAGACGAGAGTTTCGTATGATAGGTGTTCCGCGCGCCAGAGTCTCTCACGCCTGTGACCCTCGACCACATGGGCTCTTAGTGAGGGGGTGGACTCTCGAGGTGAACTACCGAGCCGACCATGCCCGCAACCTTTAAGCCCTCCATGATACGAGGGCTTCTATCACCTCTGCAAGAGTCCATTGCTGGACGGGTTACGCCCTTATTACGGGCTAATTCAGAATGTGATCTGGACCCTATAGAAGCCAATTATGATCTGGCAGTTCTGCCACCCCTGTACAGCAAGTTCGGGCACATCCCATTGACCAAGACGTTGCTAACGGTATTAGTGAGGCTACGTAACCCATCGGTAGTCAGCCTCAAGTAATCTGAGAGTTAGGGAGATAAAAGGACTCACTCGAACTAAGCACGGGAGCGGCCTGGATACCTTGTAACGCGGCTGTCTCCCCAGATTGATTTAAGCATCCTGCTGACTAAAGTCAGCGACCACGTTGCACACGCACTCGATTGTGTATCCTGAGTAGCTTACTCGTGATCACGGCATGATCTTCAAGGCAGCAGAACCCGTGGGTCGTCGACCGTTATTCTTCACGGAATGTATGTGGTTCACTTGAGCTTTACAAGATAACACGTAAGAATCCGCGAAACGAAGAATGCACCGATTCAACCGCTGAATGTTGAAGAGCCAACCTATCTAGTCTAGGCTGGGCTCGGCATAGTATTAACATGTATCTACGATTGAAAGGGCCACAACTCTCTAGTTACGCGGAAAATATTAGTTGCAGCACGTGTTGGTTATGCACTAAACAGTCTCTTTATATTGTATCGCGTCATGTCATATGGGCTAGGAAAATCAACTCTCACACGTCACGAAGCTTAGACGCCCGCTTTTATGAGTGTCCGAAAGTTCATTTGGTACGTTTAAACGGAACGCTTCCTTAGAGTTAGCCTGAGCTGTACGCTAAAACCCCCCGTCTATACTTGTAGGCCATAGGATCAAGATTTCGACACCAGCTTTCTTAGCTAGGGCGTAAGAAAGGGGAGATACTGGTAGTGCCGGACATCGGGCATTTTTGCCCGCGGTTTCCTATGGCGGCACTGGGTTGTCTGGCACGAACTGTTACACCACCCTTCCAGTAGCGGCTCCCTTATTCCACTTCGCTCCAGGCGCATAATGATCCTGGGACAGGACTGGCGAGGTCTCTATGGGCTCGTTAGTTGGAAGAATACATCACTGATGACGAGAAACGGAGACGTTCTTTACTAAACCGACAGACGCTTGGAGTATATATTTAGACACTTGGTAAAGATCTTATACCTAATACAGCCTTCTGTCGTATCGGCCGCTCGCCACCTCATTGGTACTGCTAACTCAATAGCCTATATTAACCAGCGATGATCCCATTCAAACCATACCGCAGGCCG,1801,49.08,Caenorhabditis elegans
SEQ_785940,ACTTATGGAAGTCCCGGTGCGCGGCCCGAAGCCCAAGCCCGGGTGAAATGTGCGTCTCGGCAGAGCCCAAAAGAATTATCCGCCCAGCGCCACCTCAGGCTATACCTGTGATGCCCCCTCCTAAGGATTAGGGTATGATGGCAGACAGTAGGTGTACGCTCATCAGTTAGGTGCCCCTAGTATAAAAGGCCGGCACGCCTTCGACATCAGCCACAACGTTTGCAGATTATCTGACAGGTTAAAAAGCGTCCTATCCTTTGTGATCATCTTCCATAAGCTGACCAACGCTAGTAGGGGCTGTTTGAATGTCGCCACCAAGTATGCAGTCGAGTGTTTGTGAGATTAGTTAAGAATACAACTTGTCAGCAATCGGCATCATTTGGTAACTTGGGGATAACTTGGATTCCGTAGGAGCTAAACGTGCTTTGAGCGGTCTGGCTAGGTGACACATCAAGTCCACAAAGAGAGGCCTGGCACCAAGGGAGCCTAGCGGAAGCCGTGCCGTTTTCACCGGGTGCATCTGGCGCTCTTTATAAACCGTCCTTGACGTCCAGATATTTTT,562,51.25,Escherichia coli
SEQ_563223,GTATCTCGAGGGTTTCATAACTACTGTATAGAGCAAACGTCGTCTACGTAGAATAATCAAATCACCGATGCTGCGGTGGGGCTGATCCAAAGTATTGGGTCGCATACACTAAGAGCAGCAATTTGGTTCGAAGATTGATCAGTAGTGCAAATAGTCATCAAAGAGATGAGCCGTCTGCTACCAGGAGCTAGTCGGTCACTCTAGCAATGATGTAGTTAAGGGCTCGCTACCGAGTATTGCTTAAGCCACCGATTACATCTCCGCCGGCGGTCCGTGCGTGAATGTCACTCCGAAGTACGCTCGCGCGTGCTCAACGGAGCAGTATGTGTGCAACCTATACCCTCTTAGTTAACGCACAAAGGTTGTATGTGGCCGATTAGAGAAGAGTTAAAT,393,47.84,Saccharomyces cerevisiae
SEQ_487205,GGCCCCCCTCCGAATGATGAACTACATCGCCTTTCATCCACATAGTACCAAAGAAAATATAACCCCATTCAATAACGCGGCCTATAAGGCTGATATAATCCTCCTATTCGTGCGGATTTTAGCTTTACTTCCCAACATCAACGCAAGGAGGTTCGGCGTAGTTCAGTTCAGCGAACCAGCTTCGTTCTCTTTTACACGTAAGACGAACCTGAGGCCCGTTGCCGGCCGTCGAAGGACGCCCTCTCTGACTATATGCAACTAGCTAATAGGCTGCCACCCCGTAGGCTTCTGACCTTCATAGATGGCTTTCGCCCATTAAGTTAGGAGTCTCATCGAAGTCTGGATAGCAAATCGAATGCGGTTATATCTAGTCGCGTAATGGGTGATCCCTTAGCCTCTTAGACGCCATTCAGGACTGGTGAATATAATGATAGACAAGGCTATCTGGCTGTATAAAGCAGTTGATACAGGACGCGGCTGAAGTTCTAGGATTTAAGGACCTCACGATAGGAGCTTTACCACAGTAAATAATACCGGCTGATTGAGCTTCCTCCTTAAGGTTTGTCAGCACGTGGTTGTAAGCACCACTAGAGTCCCTCCTGACCATATCTACGTTTACGTTTAGCCGCGGTGGGCGCCGACTGAGATTGTATCTATTACCATTTAAAGCACTAGTGGACATATTTATTCGAGTCGAAATGTCAAATTGGATTACTGGACTGAGATTTCGAAACACGCATGATCCCGACGGATTGCACTACCAACCTCGAGTCTGTCCCCAACAGACGCTCCATGCCAGCGTCTGAATAATCGGAATATTTGGACACCGTATACACGACTGTTGTGATGCCATTAAATTGAATATGGTCTAATAGAACGGGGGACTCGCAGTTACCACTAGAAAACTACCTAGAGCCAAATGTTGTCACAGATGATAGAGTCTGACCCAGGAGTGTGCTGTTCTTCAGTCAACGCTCTAATGTAAGTCGTACCCTATGACGGAACTGACTATAACCGCTCCAGCCGCAAGACTCCAGTTAATGTCAATCAAGATAGCAGGCATGATCAGGAGTTCCCCCTGTGAGCCAGACGGATACGGATATTTAACTGAATAGTAACCCAGA,1124,46.71,Escherichia coli
SEQ_159479,CAGGATCTAAGCCTGGAGTAGATTGCCAGGTCTGGTGAGTCCTTATTTAGAGAGT,55,47.27,Arabidopsis thaliana
SEQ_431514,AGCCCCCACAGACATGTAGCATAGGTTCTGCCGCCTTGGGTCGCAAACGATGCCCGGCTGAAAACGATATCCAAGTGAATCTAGCGGTGTAGTTATCCTTGAGGCGTGGCATGCTCTGACGGTAGGCCTCCCCAATGTCGTACCGAAACATGAAAGTAGCCGTTTCGGTGCTAAGTCTACGCAGATTCGTACGTCAGCCCCCAAGTGGTTGGGGATATGAATAAGCATTTTGCAGCCAAAATCGTATTACTCGTTTGAGGACTGGTGTTTAAGCTAGTGTAGACTTGCGTTTACTTGTTGTTCCGATGAGAAAGCGCTGTACATCCGGTCGCTCCCGGAGCTATTGGGGGGCCTCTGAACGGGACGTCTTCGCCGCGATTTGCGTCAAGTTCTACTGTCTCACTGATTGGCGGCCATACAACTGCGTGCCCGAGTTGAACCAACGTCGCCGCAAACGCTGACGCTCCCCCCTCGTGGACCAACGTGAGCCTGTAATCACTGTACTCGCCGGTTTGCCCGGCCGGAGGCAGACCCGCCGGGCGATGATAACAAACAAGCACAAGATGAACGAGCGAACAGTTAGTGACGCGAAGTCCTTGTGGGCCTTTAAAGTAATCAAGCAAAGACATCTTTTAACAACTTCTGCCTCCGCATCTAAAATGGATTGATATGGACTTCACTTTTACGCGCATAGATAGAGACCCTTACTCACGCATCATACCTCTGTGCAATTCGGACTATATTACTGGCCGTTCGGAATCTCCGTGTGGGGCGGTCGGATCTTGTTCTGATGAGTTTAGGTGCGGCCGTTGATGCCCCTGTGTATTACAACAAGTGGATTGGCGTGGCGGCGCAATACAATGGGCCCCATTATGTACGTTGTGACAGCACGTCATTCAAGTCCTTCCCCTTATATCCCCTGACTCTCCATCCTGAACGATATGGAGGGTGGACGGCACCGTGGTCGTGACTTCATTTTGATTGCCCCTTTTCTGCCTCTGAGGCAGCTCTTGTCATAGATAATACGTCAACAACGGGGGGGAGGCGGACGGCAATCATGTACTGAGTCCGCTGACCACCTACAGCTCAAAGGGCGCATCCTTGTCCCTTCGCGAATTCTACGTATCAGGATGTAATCGGTCTACTTTCACCCGATAATGAACATTAGGCGAAACGGAGGAGCTAAATTCTAGGGTAAATCCGGGCGTGTAAGAGCATCAACCCAAAGCTCCGCCACGAAGGGTCTCTGCAGTGCGGGGCTGAGAGTGGCAGAGGTCTATTACGAGTTATACGTGCTGCGGTTCGCGCTACTTTCATAACTTGATCAGGCGGATGTATCGTCACGGAAGTTTAACTAGAAGTATAAGACCAGGGACTACCGTTCAGGCCTCATTTAGAGTGGCCAAGCACGACGGGGACTAGAAACATCACGTCCTGAAACGGCTGAAGTTTATCTAAAGAGGCCGCTATAATAAATTCATACCTGTAGTAGGTGCGATGTTGCCTGAAGGATCGTGGCGTTGACCCCAAAATTGGAACGTGTCCAGTAGGCCCACTTTAGTTGTGACCCGGACAACCGTTCAAGAACTATGCCACTCCACACACTATGAGGGATCGTGAGTGTCAGCCCTATGGCCCCGGGTCTGCTCCGACTCAGATCCTAGCCCTTCAGCGGCTGAATTATCGTGATAAATACATAATAAATCCAAGGCGTCTGTTAGATATACAAAGAGGTCACCATGATTAATGACTCTTTTCGCGATGACGCGCAAAATAAAGTTCACAGCCGCAGGCTCTCTAACTTAA,1806,50.83,Homo sapiens
SEQ_213524,CGCCCTTCGCTACATCAACGATATTACTTACATGGGCGGCCGGATGTTCATTCGAACAGTACGTAGTTATTACTCTCTTAGCGCTTGTCATGTGGCGCTCCCGTTTTAACCGACAACAGCGAGATAAGCTTAAAGTAAAGTATTCTTAATCAGCGGTGGTAGTTGGACCTATGACTTACATTTCACTTTCGTTGACGAGTAGGGTCTACCACTTTCCCATTGAATTCTGGTCTCCCCTGTGTGCCTTCTACCGCACCCACTTCGTAACGCAGAGAAGGCTTTCCTAGTGGCGATGTGGATTTAAAAAAGCCCTATGATCTCATGAGCAGATGGCGACGCAGGGTTGTTCGATTGAGGACAAGAGCCGGATGGATCTGGCTAGATTGCGTGTCCTATGGCGGTATCCCCATCTGCGAGTTGGTTAAGCAGTGCACACGGTACGCCCCCCGCACTCTCGGACTCTGGCGAGCAGGGACCACGGAAGGCGGTCTCGGATCCTTGTTGCCCACTAGTGATGGGGCAGTAACTGCATTACTAGGTTTCAGAGATGTCTGGGGGCGCGAAGTTCCTCATAGCGCCCCGATATACAGTCCTCGGTGTGTACGAATCGAACAAGACAGCAGATCTACCTTCCCGACAACGGGACCCATTCTGGTCCAGTGGATTCGTCCGGTGGAAATGAGATACTGGGGGGATGCCGGGCCGCAAGGATTACTCGATCTACTTCTATAGCTGAATCGATTCATTGGCGAGCAAGATCCGCCTGGAGTGGATTGTCCTGAGAACAATATATGACAGAGCCCTACAGACAGTAACAATGAACAGTTTGTGCGGTCAGCTCAAGGAAATATAGCTAGAGAGCATAGCATCTTCTTTTGGGACGCCGCAACCAGGCCTAATCTAGTCTACCTGCCCGCCCTGGTTTAATGCTGCTAAAGCGTTTGCCGGAGATTACAAGCGCGCAACATTCGCGCGTTTACCTGCATTGGGTGCCCGACAATCCTAAGGTGTAAGTGGGCCTCTGTCACCCGTCGTAGTGAGTGCAAGGTTCGCTGAGAATTCCCTAGCCACGCAGCGCTCACCA,1084,51.85,Mus musculus
SEQ_673046,CAAATCGGAGAGTACATTGTACTCACTACCGTGTCATAGCGCGGCCAAATCCCATTACCTATAGGGTAAGCTAGTAGTCGACGCACTAAATCGGCCGATCAAAGGGTGACGGTTGACCCAACACAACCAGTGCGATCATAGATAAGCGGCATTCCGTTTTGACGACGTACCAACTTGAGAGGTGCTGGCAAGTAACGTTTAAAGAGTCCTGCCGTCCGCCGACCCCCCATACAAAAGTAGGATACAATTTAATAGTTCTCGTAATAAAGACGGTGGCCTAGGCGCAACTGATAAGTAGGAGCCTAGCAACAGTCAAGTTAGCTTAGTTGAGGGAAGGTTAGTCGTGCGCGTACGTCTCATCGTTCCCGCTCCTTGTATCCCCGGGTTCATGGACTCCTTCACTTTTCCACCTCTAGCACATATGCCTAATCACGGTGAACTTTCTTAAGGTCCCTGTAGATGCGTTGCTTCGACGGTTACAATTACGGAGAAATAACTGCTGTAATACACAAGCGTGCTCCTTACTTTATGAGCCCTGTTCCCATGGCCGTCTGGGTAGAAGCCCCCGGAGAGCGTGCGTCAAAAGGGAATGCAGACCCAATATAGCGACCAAAATCTGAAAATAAACTGTCCCTGGGCCTGCGGTGATGCACCAAAAAAGAGTCCGGCCGCCTTGCCGCAATGATGCCCATAAGCGACGATGGGTGACATTTATTGATTTTTCGTACTTATGCAATTTGAGTAGTTCCATCAGGCGACCTACAATATTCCCGATAGCTAACCCTGCGAAAAGCCCATGGAGACTCGACTGCTGGTCCTCACCTACAATGGAAGTGCGTCCACACGAATTACTCCA,856,49.18,Arabidopsis thaliana
SEQ_470589,CACCGTCGTGTCTAGCGTTGTAGCCCAGAGTTGTTATCGCGAACTTTAAAAGATGTCCTTGGTTCAAGAGGGCAATCGATGCATACGTAATTGGAAACTTTACTCGGGGATCATGTACGATCACCCCAATAATGCCACTGCTACATGATAGTAACCCGATACTCCAACTAGGGGTGGTTAATGTTTTTCGTTGAGTTTCATTCTTTGGTTCACAGGCAAACTACCGTCTAAGTTCGCAACGGTTGCCCAGGCGCATATCACTCAGGCCCGGCTTACCTGGCAAGGTGTTTCAGAGAACCAGGTGTTCACGAGGGCCCCATGAATCCAAATTACTCATTTCCTTGCGCCTGTTAGGCATCGCAACTTGGCAGCCAACGCTGTGTTTCAGTACTAGTAACCCCTGATGAGTGGCGAGGAGCCTGCAGAACGAAAAGACTGTAGGCCCTTGTGCCGGAACCGGCCCCCGTACATCACTTGC,478,50.21,Caenorhabditis elegans
SEQ_338731,ATCGCCTAGCTCGCAGTTCCGGTGACCCATTACCTTGGCTGAGGAAGGCAGCCCCAGCAGTGGACTACGGCAATAAGAGAAAGTCCAAGAGGTGATGACCTGATGAAACACTAGAAATACAAATCCTTGCGGCGCTCCTATTGCCATTTAGCTAGCATGCCGCGTATTCGCCCTACGACGCCAATCGCATGCCTGACAGATAGGGCGATGCAGGCGAGTCGACCCATTAACCTCGTGGGGCGTAAAATGGTGGCCCGGGACCTGCCCTTTAGGTATCGGGCGACCTCAATCATACCTGCCCGACTACGATTGAGTACCGCACGATAGACCGAGTGTCGATCCGTGGCGGTGGGCAAACGAAATAAATCGATAGAGCAAATTTACAGAGATCGGATGCTGTCAATGAAACCTCGAGACTATTCTAAAGTAGCCCTGAACTATTTAGGACTTCAACGCCACAAACTGCAGCTAAGCTTGACGTTAAGCGCACTCACCGTCGTCTCCCCGCTTACAGTGCGCCGATATCTTCCCTATAGTGACCATGACCTGCAAGGATCCGCAAAATCCCCAGCGGAGAGGTATAAGAGAGCTAATGACACTAGCGGACCCAGGCTATTCGATGGCAATCTGGTTAATCAAAACGACCCGGGGTTTATCTATACGTTTACGTGGAAATTGCGCCTGACACAGTGCGAACGGACATTACGTGCTTACAAGTCGTCCGTAACATAGAATCACTGTAAGATGAGAACTACTCGCAATATCGAAATGCTAAGCCACCAACTTGACTGTGACGCGCATTGATCGGGTGAATTCCTGCAGCGCATGGTCTGGGTGGGGCTACATGACACAA,853,51.11,Homo sapiens
SEQ_700032,TTATCGTGGCCTTCTCTTAGCCTCTCTAAACGGAAGATGAGATCAGTAAGTTTCCGTGTTACTATTGCGTTTGGACACGTGTCACTCCGCCACTCTACATACAACAGATCGACTTTAGCGTCATCAGGCCCTGCCCAAGGTATAGGCGCAATGCTGTCACATAGGCGGCGCCCGCCAACACCTAGCCTAACACTACAGGTTGTACTCTACATACAGGCTTTTCGTATCTTCACCGCAGTGGTTACGGCGCACTGAGGACCGCAATGCATTCCTCTCGCAGCGCGCGGCATCCCATTACCGTCTCAACCTCCGGCGCTCCTGATCATAGCTGTTAATAACATTATCGGTATTTCCATTTCGCGTGGGGGACATAAGGCGGAGATAAATACAGGCCAGCGCACCTAGTTGCGGGTACAAGATCAGCACGGCGTCGTCATCAAAGTGTTGGCTACCGAGGTAAATGGAGCGTTCTCGAGTAATGGTACTGTGCCGTACAGATTAACCCAGATTAGCAACCGGTCTATCAGACAAATCGTTTTCGGTGCCTCCAAACTGAGGCCACCCTCTTTCATCTCGTCACTGCCCCTATCGGTCCAATTGACGTAGAATCATGGGCTAATCTATTAGCAATAAACAGGCGCCATGCAGGGCCGATTTACTTCATTCCTGCCCCGAGTGCGCTACCCAGTCGGGCATTACCCGCCCGGTGACCCGGTTCTATATGTCCGTAAAGCGTAGATTCAGATGGCTCCATCGCTAGTATGTATGATTCTGCTACGACATGTACTGCCAGTCCCAATATTCAGAGAGATTTATGCAGTTGGAACACTTGTCTACTTTCTGTGTCGTCCCCCTCACGGTACACCCCCGGCCCTGAGTAGAGTTGGCTGTTCATTGAGTCACCCGACCGGAGCACCGTTGCTAACACCAACCTCCAAGCACGACGCAGGCTATGACACAGTCTTCCAAACCTTGACGCGTGGTTGGTTCGTCCGGATGGCGTCAGTCAGATAACGTATCGACGTGTGGCTGGAAGTAGCATACTAACGGTATGTTACTATTTTCCGACATTAGATTCCATGATCTTCATGGGGCAAGTGGAGTTAGCACCCCTACGCGAGTAGCCGCCTCCCTGCTCCCGAAGCCGAGATTGACCGTTTTAGCTAGCCATAGCCAGCTAATCCACTGGATACGGAATGCTCTTTTTGCAAGTGTAACGGATAGTATAATACCCCGGTCCAAGGGACGAACGAGACGCACGCTAGTTCCAGTGACCTCAGAGCAGCAACTACAGGGATCTGAATTCCGATAACGCCATTGCATCGCGCAGCGAAGCCGAGCCCGGACGGTTGGTGCTGCTCTAGTAACTGAAATGTGGACACTGTACATTTCTGGCGATAATTATGCGACCGGAAAAGTAGCTCTCCGAGTGGCAAGGGCACAAGCGGACCCCCGTCGCCTTATCAGGTGGGGGTCGATGCATGGGGCTTCTCATTCACAATCTATATTCCGCTGCGGGGCCATTCTTGAATGCCAGTTCCAGGTGATTTAGGTCCGAGAAGGCCCGCAGGGACCATACTGCAGGCCCAGAACGTCATTACTGCGAGCATAATCAGACGAGATCGGACTATGTTCTCCCGAGCCTGTAGGCACCTCTTAAGGAGTTT,1667,52.19,Drosophila melanogaster
SEQ_377529,CAATGTCATGACGATATCTGCCTTGTACTTATGGGATGAGCTGGGGCATAGATGTCACAGAAATTCGATGATCTCGTGCGTGATTACCCACTCCCGATTTCTCATGGTGGGTAGCAGAGGAGCTGCTGTACTATTGGCGGGGTGGATTTCCCGACTATAGCGCTCCTGCGAGGTGCACTGATACCGGTCCATCGATGCTTAGTCGGCATTCCTTCCACATGGGTTCAGGGGACGAGGGCTATGTGCCTAAGATATGCTTTCAAGTTGAAAACCATCTGTGCATAGCAGTAAAATAATAAAGGCAGCTGTGGTGAAAGAGTAGCTGACGGATGATTCCGGGGTGCGCGCGCTATTCTACTGCCGCGCTTGCCTCCGCAGTGGCTCTACGCAGGGGCACTGGGGCCACGAACATAGGGGGGACTGCGAGAGTATAGCTCCGATAATCCTTTAGATGCTATAAGGAGGGCCATAGTGCTGAGCATTGACGATGCAGCTTGTAATGCATAAGGACATACACTAAGCATAGGACTGTCAAGCGTGCGGGTGCACTCCTGCAAACCAACATTCGGCCCGGTTAGAGTTATTTTTCAGGGCATTTGCGCCGCCCAAGAAATCCAAACTCGAGAGGCGCAGGGATGAGGCGGTTGCCAAGTTGTCAGCTCCGATAACCGATCAAACACCAAACTGAAAGCGTCCGCTTTCACGCTGTTGCTGTTCTCACCGCGTTGCGTAGCGCATTATACCTATTAGTGATACCCAGCTTGTCACCACAAAGCCTGTGCTACCCCAAGCCGAACTCAGCGTAATAAGATTAAACTGCGCTCTGTAGCTACTCACCTCAGTTAGGGGAAAGTTATTTCCGGGAAACAAGGACTATGGGACCACTATTTCTCGTCTCGCGACCAAGTGGGCACGGTACGGCACTCTACACTCTTCACTAATTAGTAGATGAAAGGTAGCGGGGACTGACTAGGTTGTGGATTCGCCAGACCATATCGTGGGTTGAGACTGGTCCACGTGATAGCCGAGACGTCCGTCGCGATCCCCATAGGTGTTACCAAAGTACTTAATAAAATTAGCTACGTCTATAATAAGTAGAAAATACTTAGCAAATCGTGATGTCTCTGTCCCCCTTATCAACGCACCGTAGCCGTGTTGACATC,1163,50.47,Homo sapiens
SEQ_937369,GCATCGTCACAATGCATGGCAGTAGTCGAGGCCCGAACCTTCTCTCTTGCTATGAGTAACCAAAATACTTTTGGTAGCTAGTAGTGTGGCTTTATCCTATCCTAAACCGTAGAATAAGCTGACGGTACCGTACACAGTGTGTTATGAAAACGCAGAGGTCATATACACGGCAAGGGGAGAGAGAGATTACAACTTACGTATAGAGGTTCCTTAACAGCGCACTACGCCAGATTGGCCCCCCGCCAAGGGGTCAGATTTGCAACAGAAGATCGTTTCGGAGAAGAGGAATGACAGCGAGCCTTGTCGCAACCAGGGCCAGGATGAGCTAATATGCCGGCGGGGCGGGTAGCCAAGCCGCACTAAAAGATAAGTGCATTGCACTCGTAATCTGCGCTGGCGATTTTCTTTTCTGAATCACACTTAACGGTAGGGCGCTGCAAAGGAGCACAAATTGCTCGCGTTGGAGAACCGATCCTTCTACATGGTAAGTTTTAGTTATACTCTCGTAACACACTAAGAGACCAGAATTCGCTGCGTGTAGGGAATTGGGTGGATGTACAGGTGCTCAACGAGCGTTTGTGAAGGGGCAAACCTCGGCAACACGGGTGGCTGAACTGAAATTTCCTCAATAGGCACCATGAGCTTAAAATCGCTATTGGCCTGTATTGGGTGGAATGTGGCTCAAAATCAGCGGCAATGGCGATTCCCCGCCTAGCTTATTGTCAATCAACCTGCATCACCGTATACAAGCAACAGCATAACAACGCACCCTTTGCAATCCGCGCAGCATTCTTACCCCAACAACTCTCAGGATCTCCCTTTCCACAACCGTCTGCGTGCTTGGAATTCGTGATGGAACCCCACGATTCGCCGAGAGAAAGATGTCTCGCCGTAAGTTCGAGACTGAAAGCCCTCCAAGTGCACCTGCGTCACCGTAAGTATACTGATCATTTGGACATGTACGTGAACGTTCAAGGCCAGCCGAAGTGCAACTTTCTCCGATTATC,1007,49.55,Homo sapiens
SEQ_920349,GGTAATCCCATAATACGGTCTGCCCTCGGTAGCTACCATCGCGTAGGAGCATCGACGATTTGTGGTATTCAATGGATCATGGTTGCTCGGGACTCCCAGTACGTTTTTATAGTTCCGGCCGACTCGAGAAAGCACGTCAGGGCCCACATAGCGTTCTAGGATCCACGCTCGGTTCCGCAAGAGACTCCTTACAAATCGACATAAATGTGCAGTTATCCAACTGTCAGCTCGTTGATTTACGAAAACGCTCGACCTGCAGGCGACGGCGCGAATTCTCGTCGACCGACGGTGCTGTTTATGTTGCACTCCGGGCTCCGGATATGCTAGCCGTAGTGATTTCTCGAAGTTACTCGTCTCGGGCACGGCCATGAGTAGGGGACTACGCCGCCAGATTAGCGAAATGAAGCTCTT,411,52.8,Homo sapiens
SEQ_916401,GATATTGAAAGGACTGAGTGCGGATCATATTCGGAGCTGTGTACCTGTAACGACCCCTACCGCAATGCACAGTACAGGTGAGGAGCAAGGATCAGTCTGCCCTGTTCAATGGGTGCAAGGGAGATGTGTTCTCAATGTTGGGACGGTAACTGAAACCGATCGTCAGGTAGTGTCCTGTCTAGTGGGACTGCATCACACAAATTGACTTATTTTCTCGAACAAGTTTGATAATGCGTGCCGGACGTGGTAGGAGCCTAAATAAACTTAGATAGATCTGGTACGTCAATCGATGCAAGTCAGGATGCCCAGTGCAACAGATGAGAGTTAGACTAAACTACGAGGCACCGTGGCGTGCGGTGAATCGCTCGTGCATCATGCATTCATCCAGCCATACAGACGTTGGACCAGCCTCTTGCGCGTCTAAATGCATTCAGCACTATGTTTAAAGGCTGAGATAGGAGGGGGTTAGGCGAGTGGAATACTGGTGTCGGGGGGTTACCAAAAGAATTCCAGCGGATAGGTTTTACCTAAAACCTAACTGATGAGCGCTTAAGTAATTACTTCGCCTCCGCAAGAATGGTCTAGCTATGCAACTGAAACACAATAAACTATGATATCTCCGATTTAATCCTTATTCAACTTTCAGGCGAGCTCGCCTGGCGCACGGTAGTCCACGACCCACCTCAAAACAACTTCGTCGGCTGTGTGCGCGCTTAATAGGCGCTCTGGCCTTTCACACGCCGAGTAGAATATGGTTTCGTCACAAGAACGCATGAACTAGCGTGGGTGTTGCACTCAATATACAGTTTTTCTCGTGTCATTAGAGTGTAAAGTTTCCCCCTTGAAGTCACAAACTCAGCCATTTAAAGCGTCAACCTTTGTATGAGCGTCTCGAGACGTATATTCATACAACGTCTGGCCATAGCATGCCCAGTGATCGAGCCACAGAGGCCACCTAAGTACC,964,48.03,Drosophila melanogaster
SEQ_871163,CCCTGTTTCTCACTATTGTCGTGGGGAGTTCTAGCCCCTCCACATTCAGGCGAAGGCTCAAACAGTCCCCGACGGCATGGACTTGCGGACCGTCCACTATCGTACGCGGTAGAATAGTCGAAACTACAAGGTGTCAGGACGCGTCCGTAACTTGGCTATCGGGCCCATGAAGACTTAAAATCGACACTAAAACTGTCATTATCACTTTTAATTGACCGAACACTGATAGCGAGATGTTCCTCTACGCGGACCGACACTTTTTCTCAATGCATCTTAATTTGTTCAACGTGATAGGTTTCATAGATACCGTCGCCCGCCCTAGATACCTTGCATCGCCATGATTTTGTAGATACAGTGGATCGAGCGATAGTTCACGTGGAAATTGGGTAATTTATGGGCATCTCTGCGAGGAGATGTGGTTTTGTACTAGTTAACCAGGAGCTTGTGGAATAGAGGTTACGTTTCGTGTGTCAACACCAACGGCTCGCAGCGGTTGTCTACGCTTCACATCGTAAGCGGAAGAGGAACATCAATTGAAAGAACGTGCGTCCGTCGAGTCCTCACTAAGCCCCCGTAGCGGAAAGGTTCTGTTAGTAGCCGTTATGGATAGGACGGAACGCGAGAAACGAAGGGCCAGGCACCCACCAACCCACACGCTAGTGGCTGGTTATGATTCAACATTAGTCTAGAGCTAATTCCAGTCGGACCCATAATATTAAGCGGCGATTGACTCGGACACCAACGTCTGTAGCGGTCAGAATCGTCCGTTTGAACGAGATGGTCGGACCGCGGAGTTAAATAAGGATGGCCGGTAAACACATCTACTTTGTTCGCATTCATACTGCATCCATACAAGGTGCTCCAAAAAGCTGCCCCCCGGCATTCGACGCGCACTGGGGTTATTTCGCAACGATCCATGCTCGTGCTGCTATTACGCGGGGCCTCAGCAGTTATTATTTTGAGGAAATGAATTACGTACTAGTAAAGGAACGTAGATAGGAGAAATCCGTGTGGTATTTGCC,1022,49.02,Drosophila melanogaster
SEQ_956738,CTCACACATTGTGGGTACTGGAAGCTTCTGACTCGTCCGTCTATCAACGGTTCAGCTAGCCGATCTACACACTTCAGCAAGTCCTTGCAGTGTTGCTTGTGGTGAGTGGTCTACTTACTTTGTATTCACACGATGGACGCCCGGTTTAAATCCTCGTTCTTTAGATTATAAGGTGCCCCGAGAGCGGTCTTCTCTAAACCATAGCAGAAGCCAAAACTGATCGTGCAAAACGACGGAAACGTCTATGTGAGTACTTAGCCTCGGAAGCGCCGAGTAGGTTACTCATTTCTAGAATATCGAAAAATTACCGACAAAGATACCACGTCTGCTCGCAGATGGCGTGCACCTTGGGCCGAAAGGCATTGTAAAAAGGGCGTTTGACCTCCAGTGACGTCCCACATGATCGTCCAGGACTACCTCGACGGCTTGCCGCTGATAAAGTTCCTTCAGATGTAATTGATCCGTGTAGGCGGGCGGGGTGGGACACCGCCTAGATGGTGGAATGTTCTTTTCCGCCATCTTTTCGGTACTCAAGTGCCGGTTCACTATGGAGAATGCAAGTTACCCGTACCAGTCTGCCTGAGCTTACCTCATCTTGCTGTTCGACCGAGAACAATTATCTAGTAGGCTCTTTACCATAGTAGGGCGCTCACGAGCCCTCACCCTGCGGAATTCCGTAGCGTGGATCTGAACGCCGAGTCCGCGCCATCGACACTCATTAGGTAGGGCGTCGGTCGAAGGGGCGAAAGAGTGGTCGCGTTGCGTGTTTACTGTTCACCCATCTGCCTCACGCGCGAAGTTCCCGACGCAGATAATTGTAAGTCTAGTGTCTGAATGTTTTCTTGGATTCTTCCTACTCCCCACAGGACGTTAGTAATTAGAGAAACGGACGCGAAGGTATTCCACGCTGTGACACATCGAGCTGAATGACTTCAAAGTGCCACTAGAGCTCTATCAAGCTGAGGTAAGTGCGCGATAGGTAATATTCCGAAGCGCGCTGCCTTAACCTAACCTTAGGAGTTTAGGACTGGGTCCATTGTCGTGATGTTTCGGTTCATTATTGCATTGCCTGTAGGGTGAAATCGCGAATACGGCCCTCCCATACAACGACAGCTCCTTTGGCACATTCTACCGGCAGTAACTTACGCTCGAAATACCTTGTCACAGGTAGATACCCCCCGGGTCATTCAATCCGAAAATAGTGAGGGGGCGGCATCACTCTACATGTAGTCCGCAGACTACGCCGACGACGCCTGTGCCTCTCCCCCGCATGAAATCTTCGACTCATCGCTGCATATAAACTATTCATGGCCTTGTCTAATCGCATACTCAATCTTGTGATATGGATTGTGATCTCGGACTCTACTCAGAGGCGCATTGCACCCTTCAAAAATGGGGATATCCCTCCCCCCTGGTTTCCCGGGCTAGCTGTATATACCGAGTATACTCAACGCTTACCACTCGCCTATTCACTGCGGCGGGTCGTGCGGGTGACAAGTAAAAGGGTACCGCCTCATCACCTTACGAACCTGTACGATCTAGAAGGTAGTCGATCACATTTCACGTTTTTCTGCTGGTGGCTGACATTTCTGATGCATTAGCCTGTGGGGT,1611,50.53,Drosophila melanogaster
SEQ_268777,CAATCAATTTGTCTGCACACCGTGACATATTTATAGACTATTGGAATAATACCTAGCTACGCGCGTACGACACAATCCCGAAGAAGCCTATACTACGTAGCTCGGTTTTTGGGATACGAATACATGGGATTTGGGATGGGACGCGAAGGGTGGGAATTCTGGGAGCTCTTAGTTATAGGTACATACCCCTAGGCGAAAATGGGCAGAGGTCAGCTGCTGGGAACCAGGCAGTCTGAAAAGTACTTCCAAGCCGCACGCAACCGTTTGTCGACATCCTCAGCGCATTGTGTGGGCGCCAGCGTAGCGCTACCGTCAGATACACACGAGATTCGACACACTCAAGTACCGTCTTGAAGCGGAAATAGAGGCTGTGCACTACGTGTGTTCGAGGTCGCGCTACCGTCTGGAAGGTGTACCCAATAAAGCAGGTATACGCCATTGAGTAAGAGTTTCTCGGCCCTGGTATGTAATCGGAGATTTCAGCGAGTTCAAATTGTCGCTATAAGAGAGAACCAACCTACCTGTTGGCTGTCGTTTCTTCGGGTTATAACAAAAGTGGAGGTGTCGGGAGTATAGATAGAGCATTAAAGGGTTCCTGAGTCTGGACAAAGCCTAAGGCAGACCAGGCATAAGAGTGCGTCAGGGTCAGGCCTAAGGAAAGTTAGTTATCTCGTATAGTGTGAGACGTGGAAAACGGATCTTGTAGAGGCCAGTTACTACATCGATAAGTTGTCTTACATTGCTCGAAGTCGTTTAGGGGGCGGGTGCAAGGGGATAATCCCGCCCGCGCTTGAATGCAGCGTGACAAGAGTGAATCGGCTTGATATGGAGGCGTCCAGTTCACCTATAAGGTGGCAAAAATTGGCACTCCTACGCGCTCTGGCCTTACCGTATTTAGGCGTAGAGTCCGGGGCCCCGCGCTTAAAGATATACACGGCGTCGTCCCTGTTATTGCGATGTTGAGTTCCCGCATATCTGCGCCGGGTACGGAACGCCAGGCCATAAGGCAAAGTAATTACGACGTGACCCCTGCCGTACGGAACTCGCGTGGGGAGTTGGAATGGCAGTAGATCTGACAAGTAGTTACGGAAGGAATTAGCTTGGACAGCTATACAGCTGGATAGCACTCTCCCAGATCAACCTGAATTCATTTACACGTTATTTATGGGATACGCACCGCTTGCCGGAACCACAGGGAAACTGTCGAATACGCACTTAAATTCAGTCTTGGTTAGGACGACCCCGGAGGCATAATGAGACGCCTTTGCTCTTTCCCGCCGAGACCTGGGGGTGACACATTAACAGACGGGAATGGATGCTTGATATGCAACTCCAGAGGCCCTGGCGCTTGACGGGTGTGCAGCTCTCACGATCCACCATTTACTTTTGCCGCATGGATGGGTTCTAGTCAGGTCTAAGCTGGAAAGACGTCCTAGATTGCGCTCATCAGCAAATAAACCATGACAGGCGTCCCGGACTCTTGAACAAAGACTGGGGACCTACTTTTATAGGGCACCAGGTCAAGACT,1528,50.59,Caenorhabditis elegans
SEQ_188900,CTTAGGTAGGAGCGGCGAAAGCTTAGAAACTTCAGCTTAATCGGAAACAAGATGCGAATTACC,63,44.44,Arabidopsis thaliana
SEQ_593669,AATTCTTTTATTGCTGTCGCCACCTTCTGCCCGAAGCTAATAGACTACCGCACCAAGGGCGCTCATGTCTATGATCCCGACTCGATGAGTATTCAGGACATCAATACTCTCAAGTCACTAATGATTATTTAGCAAGTTGGTTTATCACCACTCAAAATCATATAGCGGGAGGACTGACGGGGGGGGGTCGGGTCTGCCGCGAACTCTTTTGGGTATGAGCTTCCCATTCCAGGATTTTCGAATGGTAGCTGAGAACCACCGCGCACCAGGCGTCGTCTAACTTAGCAGATAATGAGAAACACTAATTATGACGAAGTAACGCCTGGCTCTGCGAAGTCGACC,342,48.54,Caenorhabditis elegans
SEQ_915939,TTAGAAAAGAGGGAACTACGGAGTCTTAGTGTTGCGTAACGACGTATGCCTAAGTAATCGCTTAGGTGACCTGGACGAAACTGCTTGTGCGGTCTGATTCTAATGGATTTTAGGAATCAGAGTCCAGCTCGCTAAGTTGTGCCCCAAGAACGCCATGGGGTTATACCTAGACGCTGGTGGGATACGATCGAGAGGGACGGTCGCGTAGCTCAATGACCTGGCCTTACGAGCATGCCAAAATCCTTACTGTAACGACCGAGGACAGCTCGGACTTTCTATTGTCCACCGCTAAAAACTGCGCCGCTCTCAACTCACATTGACAACTGATCTGCGTCAGTACTCCGTCCCCGGTAGGGTTAGTTATATAGTTCCGCGAGCCGCCCCTACAGTAGTCTTAATGATGTGAGGTTCGTTCGCATGCGGTACAGGATACAGTGTGATCCAAGTGCCTCATGTGTGCTCAAGGGCAGGGCATAATAGTGTGCTGCTACCGGTGTGGGACTACTGGTTGGGGCAAAGATGATCGTGGTGCCAGACACGCGACATGGCAACCTTGTAGCTGGCTCACTGGGTCTAGAATCCTCCCGCGAACGAGGGGCCACCTTTACGCACGACAGTCGATAGTTGAGGTTTCCAGTCCCGAGTTCACAGACTCGTATTAGAGGGGCAAAAACACTTGCTAACCATCCCGGCAGCATCTGATCACAAAGTACCATGCAGGCACGCAAAGGCAGCGCGAAGCCTGCGGCGAGAAACCAGTCTTTCTCATAGCCAACTCTTTTGAATCTAGAATTAAAGCGTTGACCCATTATACCTATGGATGTTGACAGTCGGATGAATAACCCCATGCCCAACTCTTGGAGGCTAACATCGTGCTACACCTCCTTGCCTGTTATAGCAAGCACAGCAAGTAGTAGTACTAGTGCACTGGAATCGGGTCTGCATATGAACAGACACCCCCACGTTGCACGCGGTAGGCCCTTGACTGGTTGCTGACCTAAATATAATTGATCTCCTGGACGGGCAGGGATGCGAAGTATCACGCTACCCAGCGGTGCAAGGATGAACATTCGTACCATGGCACGCGCCGAAGGTGATCTCGACATTTTGGTTGTCCCCGATACGTCGTTACCAATTCATGGAGGCAAACCTAGTTAGCTTAGCATACGTCGCACAGCTACTGCCATATCACGTAGTATCCTATAATCATGGCACTACGGAGGACTCTGTAATATCACACTACAACCGTCCCCCCTGTGTCCGCCTAGATTGGCCGTCGCTCCTTACGCGTTGGATTTAGGCGCTCGCATTATAACAAGGTCAGATAGCGCCTTACTATGTCTA,1344,51.12,Caenorhabditis elegans
SEQ_584266,GCTACTCAGTTGAGAGTATGAGGGCACACATGCAATGGACTCCATAGTGGCCATTACGACTCCACAGCATAATTAACATCCGATGTATCCAAACTGACTCACCCGTTTCCGTGAATTAAAAAAAAAGGTAGAAGGATCAATTTTACGATCGATCACGGGAGCATTTGCTAGACACGTGATAATTTCTACGGACATGAGTATAGACACGTGCTCTGACTGCCGCGTAGCGAACTCAACATGCCTGGTATCTTTGACTTACGGAGAGCCCCATACGTTTCCAACCGTGCGAGTTCCCAGGTGGACAACCGAGATCGGTTATTTTAAACTTGCCCGCCATACATGACTGCGTAAGCTTCGGAACTCGTGGTAGATTTGTACTCCTATGCGGGAAAAGCTCCCGAGGCAGTCATATTGAGAAGTACGGCCATCAAATCTCCTTGACATCTAGTTTTAGCTTCCCACCCGACGGTTAGGGCCCGTGCTTGGTAAGTAATATTGTATGGTAGCTCACCCCAAAGTTCTTCCACTAGCTCTTATATGCTCAATATACTGGGAGTAAAATTACCGCGTGCTTACGCGTTGCTTCAGTAAGTGTGAGTAACATCTCGATGTCTATCTCCAATCGTTAATGGGTCCAATTCCATATACTTCTCAGGAGAGAGGACAGTATTGAACCTCGGTGGTGTGCATTGGCACTTTTAAACCAGGTAGGCAATATAGCAATACACCCCGAAGCATTTTGTTTCATGTGTGAGTAGAGCGTGTAATCTTCAGCGTAGTAGAGACTAACGTTTAGGAACCTCTTAAATATCACTCACTGCTGGGTTCGTGACCACGCCCACGAGTTTGCGAAGGTGCTATAACGGCCTCAAAACCGAAGGTTACAGTGTCCTACCAAATGGCTAGCATCTTCTGGTTAGAAAGGTCTATTTGGAAGCCCTTTCGAGAGCTAGAACGGCCTAAGATACTGTACGGTGGTTGGCTGCATCAAATCGCGTTCTTTTCTAACTCCGGTTAATGTGCACCCGCGTCACGTTATGTATACCTATGCGGGATGATTAGTGGATCACCAACGTCATTGCGAACACCGATGGCCCGTCAAATGTGTACGTTTCGTGCTGGCGTAGGGGATTGGAATTAACAGCGTCCTCGGGCATTGTTCCGTCCGACTGGGCTTGGAACTCTCTCCCAAAGTGCCCGCTAAAGGATCAACCAGAACCTGCGGTGTATCCTTTATACTTGCAGATCCGTCAAAGGCTCGACAGCGAACGTTGGACTTGGGAGTTAAAACAGTCTTCTAGGCTTAGCCGACCTGTCGACACGTGGTAATAAGACGCTCGACGGTAACGCACAGACTGACTGCGCGCCAACGAGTATGCTGTGTACATCCTTGAAGTGCAATTGCCGGCAATCGACGCCAAGACCCTGGATAGGCTTCAGGCGACGTACACGAACGACTTATATCCTGCTATTAACTCCACGCACTCTTACCTCGGGAAAGTAAAGATGACCGCTGCTAGCTTTGTTTACTAGTGCATCCGCCTTCCTTTGCATCGCCGAAGGATGACTAGAATGAACTATGGCCACTTGAGTCATACGCGCAGGGTTGCTGGATCGACCGATGCCGCTTCGGTGTCGCCGATCTCTGGCGGCCCATTTCCTAGAGTTACCCGCTAATTTAAAGGCAGGTAGGCACAGTAACGTACTCGCACGGACGATGAATGACTTCCGTCTCTCTAACCTAAGCCAGGGTTTTGAGGTCTGCGGGTACACCTGAGGGGACAGGGCGTAGGCACGAGCAAAATGCCGCTCCTATTCATTTTGAAACTCATTGATTAGAGGCTTGAATATCATTCTCATGTTACAAG,1868,48.55,Mus musculus
SEQ_510276,GTACGCCCGAAGATCAGGTAACTATCACGTCTAACAAAGGGTACCCCGTTCCTAACCAGCACTAACGTGACTCGTTCTCAAGCCTCCTCTGTTACGCGTGTGTTTCCATTCGCTAGACGTCAAAACCAAGTCCAACCACCGCCGTTCAAAGCATAGCACAAGTGTACCGAGATCTTCGGCGTACTGCAATGTAAATGAGAGGAGTGTCGCATTGTTAATATCACGTAAGTCAGGAATGTAACAAAGATATTTTGAAATGATGGCTGATCCTATCACGCAGGTTCGCAGCCTGCTTGCAGCTTATGCAAGAAGATGTATCGTTCCGGGGCGCTGTCCCAGCTCGTCTGTGCAATAACGGAGAGTTCCTTGACCAGATGTGCCTATACGGGATTCACAAGTAGCCTTTTTATGCGACTGTTGTACATGTCCAGAACCTCGAGCGGGGGGCCGCGCCGCACATCGCGATCCCAACACATCATGGACGAGTATGCCTTAGCCCAGCGGATTCGAATCCCATTAACGTCATATAACGTTCGTTATTATAAAGTTTGCCAGGAGTTGGTGGTTACTGCTCATCAATAAGACCCTATTCAGGGCGAAAAATTCTGTTAACGTGATAGAATTGCCTGCCATGTAAATTAATCTACAGGGCTCTGGTGGCAGGTGCCATTCCCCGGGTGACACCATAAGCGGCCATGATCTAGGTGTCCGGGCGTGGCCAGTGGTCATAGCCTTGGCCCGACCCACCCCGACTAAACACACGAACATCAGGTCGGTCTACGGAATCCTTACGAGCACGTCGATCATGTACGGGGGTCTTCGTCCACCTCACAGGTCAATCGGACTTGTTCGTGCACAAATCCCGCCTCTTAGTTTATTTAATTCGCTTAGGTTCCGCGACTTGGCGGTAAGACGCAGCTGCCACATTAGATCTGTAAGGCGTATTTTAGCGACTAGTCTAGGAACTTTTCATAGCCAGCCATCTGATTTCCGCCCCCGCAACGTCCGCCGCATGGCCTCTTCTTCTCCGGAGTATCCGACACTGGCGTTTCGGACCGTAGCCCTATCATACTGTAAGTCCTAGCATGTGGTACTGGCTGCGCCCCATGTGTACCAGCCACGCTTAAGGCGGGCTTATGAGCCATCCTGGTAAACGAAAAGCCTGGAAGTTTCGCTCGCCGGATCGTCGGTGCCCCGTTTCATCAAGTCCCAGCCAGACTTGTTGACTCCGTTAAACCACAACTCAGAGGACAATCAAGTTATATCCGCGCAAGTAAGGGTTTGCGTTAATCTGGTTGACAACGTTACTCTCCATGCCTGCCTCAGAATTGCTAGGTAGGTATGCACCCAATCGCCAACCTCACTCTGGAGCAGATAATTTAACAGCGTACAGCAACCGTATCAAAGTGAGGAATACGCGGGTCGTATTCCCGTTAGGCGCATAGGTGCCGCGTGGCTAATTGCCCTACCAATTAAAAACGTAGACTGCCACTTGCAAACTGACTCAGTCGAATAGTTTTTCCACGAGCTTGCTGCTGTCTGATACTTCACGTCCTCTCGCAATGTCCCTTATATCTGTAGAAACCCCAAGTTCACTTCGTAGCCCTTCAGTGGGATTTGCCAGCCTCCGGCCACAAAGTTTCTAACGGGAAAATACTAGATCCTTAGAGCTCCGCCAGCCTGCAGTCTGACCGGCGTGCCATTTACTGTCTCTCCACCGAAGTTAAGACAGATCGAAGTATATGGTAGAGTCTTGGATGGGAACGAGCACGCGCGCAAATATACCAACTGTTGATACACGGGGAAGGGGGTACTGTATGATGAGAGACCAACTCGCGGGACTCTGAAGTCACTCAACTCCTCTTGGCATCCTTCATTTTTCATTCAAATCGACGGTTAACCGTGGAGAGGCCTAGTGGTCATGAGTATGAAGCGCTTGAATGGATCACTCCAGGCGTTTAGGCGGCCCTCATGATGGTAGGTAA,1985,50.53,Homo sapiens
SEQ_363390,CGTCAGAGTGAACGTTGTAAGGCATACCACGACTGATGATGTAGCTCGGGTCCTAAAGGGGATATTCTCATCTGACACCTCACTAGGAGTGAACTGGGGTGGCCGGCACAACACGTTCTTGTTCAATAGACCAGCGATGAAACACCCAGCAACAGAGACACATCGGTAACCGGCGTTACGTCAATCTTACCTACCGCGCAGGTGATGATCTTGTCTATGAGGCTTCAAAGCTTTTAGGGTAATGTGTTCTCTCATAAGTTTTTGGAATCGTCAAGGTCGGGAACGCCTTCCTCCGTTAAGACGATGGTCCCTCGGAAACACGAGTGGTTGATTTCCGTATCTAATGCCAGTAGCGACGCAGTAGATGACTCGAGACTCTCTCGGGGCGGTGCGCTTGAACATGCTAATCCGAATAAGAAGTGAGCATATCATACTCCGAATTTCGACTCCTCCTGGATGTGGAATGCAATTTTCCTTCTGCGAGATAGAAGCCACACTTTGTTAGAATCGTTGGAACTCCCCCTCCGACGCCGCAATAGTCATTACTTGCTTGTCGCCAAAGGGAAACAAAAGTGCATAGTTGATAGTTTTAGTGCGGACGATGCGCTGAGGTACCCAGGATGCGAACCTGCCAGCTGCGTGGAGGGAATATGGGCGAACTTGTTGCAAATAGTCTAGAAGATGTTTAGTCTAGAGATCCGCCATTGATCAAATTGTATGCT,722,48.48,Escherichia coli
SEQ_975018,GTACCCGAGTACAGATAAGCTGACTAGGCGGATAATATAGTGACGCGCTGCTAACGCATCAGATTGAGTTGCATAAGGTTCGGGGAGGGAACGATAGAGAACTAAGTTACGGAAGCTCAGCTTAGGGTCCATTGACAACGTCCCACTGGTTAACGCTATCGACCTCCAATTCACAGTGTACATGACGAATTCTTATAATCTCAACCACAGCGATTGCCCAATAGTATTGCCTGATGCTCCGGAGACAAGTATAGTGTATCAATCTTGACACACCCTCATAAATAGAATCGCCCCTCGGACAAAGAAGCACCTTCTCCGATATTTTTAGCAGTAAGTTTAACTCCCTCGACTTGTTAATCGGGTGCACCAGGCGATTGTTTATACATGCGTCACAAGTGAGGGCGAATCGTTCGATGGAATCTGCTGCGGCACGTGTCTTCCTGCACGCGTGTTGAGCTCGGTCATGGGGTGAAAAAGGAGGTCTGGTAGGTCCCGTCCCTATTCGTAATTAATCGTACCTTACTTTTAATGTCCATTGCGCAGGTATGGGCGTCAAAAAGGTGAAAACCGGAAGGTCCTGGCGCCATTCCAAAAACTCTAATTAGACAGTAGACTAAATTAATTCGATTGGCAGTGTAATTCTTAGTCGGCGAGTCAAAACAACCCTGGGGTCCCGTATTAGGATTCACAAATTAACTTATATGTCCAGATGCCCATACTGGGCCCGTCAGAAATTACTGGACATACTCAGGATACTGGCGGGATAGCCCTGAAGGAAAGCACGATGGGGGTATTTTGTAACTAGACGATAAGACGGGAATTAGACCTCTCCCGAGCCTATAAGCCTCTGACCCTTAGTTAGCTGCTGTTCTATCTATAAACCCGAGCTTTAACCGTCAGGTCCTGATTCTGTAACCCCTTTCCCCATAGAAGTACCCGATAGATGACCTAGACAGCCAAGCTGTCAGTGCTTGCCGAGGCTTAGCCAAATATATGATCTCTCCTCTGGTGCGGGTCGGAAACTCCTAGGTTACGTACTACCCAAGTAAAGAATTTAGTTCCTACAGTTTTTACAGAAGCTCCCCTGTACACAAGCCAACGCATGAACTTCTGAACATAGGACAGGTTTAACCGCAATCTTTTCTAACGCTGCCAGTTATGGACTCAGGGACAAAAGAGGA,1181,46.66,Saccharomyces cerevisiae
SEQ_295361,CAGCACAGATGCGGACGTTCGGGCATCAAACATAGCGTCTCCTGGCATCTTCGAGTCGTCACTACCCGTAACACACTCGTAGCTGCAACTGTCGGTCGAAATGGCTTTACAATGACGCTCTTCTCGCCTGTACGTGTCTAACGGTTCACATCAGACACCAGGGCTGAATGCTCGGAGTTGATGCGACGCGGATGATGTCCCATGACTACTTACATGTAAGGATGTATGAAACCCTGTGGCTTCGGCTCGATTAAACTAATCTATCTATAACCGGAAAGGATCCTGAGGGACCGTTCACTTTGATTCGATCTTGACAGGTCGGAGCTTCACTGCTGACCCCACGATGCTTAATACGCGAAGGGGAGACTGCTCAGTCATGCACCAATTCGTACAGGTTGTGTAATGACTCGCGTAGTTTTGTAGCCGAGCCTTGATGTTTGCAAATGGTAGCTATTGGCGCACAAAGTGATGTACCGACTGGGAACGCATAGTACTCGATCAGGAAATCCATAATGGCGGGATTACGCACCTCCTAAGGGGTTGAATACTTCTTGTAACTGACTGGACCGAGTGGTTCATGTACATAGTCGGCCACGCTATATGGTCACCTACATAAACGGCGTGCTAACGCCCTTCCTTAACGTTGGGGGTGCTCCAGATGAGAAACTCCGACCGGGGAGTAAGGCGTATGGTAATCAGTCGGTCAAAGAGCGTGTATCGTAGACGGCGTCGTAGGCTCTCTGGCGAGGAGATTGTTGTCCGCCAGAATCTGGCCTTGCCTTTCCTATCATTCCACTTGTTAGTTTTTGTCGCCGCAATAGTGTATGCTAACGACAGAATCTTCCACCCTTCATAACCATGGGAGTGTTATGACGTGACATCCTGCTGTTCCACCAGTGGCACGCGACGGAGAGAAACTCGATTTGCGAGGGTACGCTCAGGACGTGCGGACTCGTCTCGCCAATTTGCGCGCCTGTCAATGGCGACGACGACGAGCACGAAACGGTCAGACTCTTACTGTTTCTAAGAGATAGCTTGGAACATTCTGAAATGGTTGTTTGCCGATCCGTTAATGTAATCACGCGACGAGCTAATTACCTGTAGGCAACTCTCCATCAATGACCTGTTTCTGAAGAGCGCTCAACTTAGTCCCCACCGTTCCCGTAGATAGGGTGAAAACCCGAACTTATGGCCTTGAACCCTTAATGGTTTTCTTCGGGTTTGATGGCGTGAACAAGGAGGTGGCTGCAGCCGCCACGAGCAACTGAATGTAGCTCTATTGTGAGAGTGGATTGGATCCGTAAGGTGACCACCAGTCAACCTATCGTGGATTTCGCTGAGCGCTAATATCTCACAGACGAGCGGCGAGTAACAGACGCTTTTTTAACGATTCGTACTCTTAGGCCAAATTTCACGATATGTGAAGGAGCCTTCACGGTTCCACGTGA,1448,50.21,Escherichia coli
SEQ_633121,AGCTTCCAGCGCGGCGAGCCTACGTCTCGGGGACTATTTAGGTATGTTTATTAGCTACGAACTCGCCCACCGGTGTGCGTTGGTTAGTACAGGAGTATATCGCCGGTTCAGTGGTGGGGGATTGCGTTTTCTATAGGCAACATAACTCACTAATGTAGGACCCACATGAAGATTAACCGGTGCCTCAGCAGGTAATACATTGAGATGGCGGCCAATTTACAGATTTTGTAAACCAAATACGTAGTTTTTAAACTCCGTCAATGATGTCCTCCTTGCATTTGGTTTGGGAACGCGAGGATTGCAATGCGATTACTTAACATAACATCACGTGACCGACCAATTGGCACATCTGAACAAGGTCGACGTTTACCCTAACTGCGTGCGACATACTTTAGGTTGTATCAGAGTGGCAAACTTGTACCGCTTCCGGATTGATGGCAGAAATTCGCACCACCTTTGTAAACGACCACGCGCATTTGTGTTCCGAGTATATATGATCACAACCGATGTCCCGCCCACGAGTGTTCGTCCGCCAGGGATAGTAAAGACCGTCTCCGGTACGGCACCACACTGCAAGGATATAAGCGCCGCAAATTAGAAGATATTGTGTACTTAAAGAGGTTTGATGGTTGTCGAAATTCTGTATCAGCCCAAAAAATTAGGTATCATATAGATAGAGCAGAGTGCACCGCCTTCGACCGCGCGTTCGCCATCTGGTCATTATTTCACGTGGAGAACCGAGAAGTTTATCGCATATTAAGTGCGTGCTGCTCGGATAAGTTGTTACCCTGCTGCTCGTGCTCGGCGGGTGACAATCGCGCAAACTTCTGATCAAATACAACCGACCTTTTTTTCAGATCAGGTACTCGTTCATGAGGCATAGCCCATTATTGAGCTACTTAGTTGGTCCGAAACTCGCTGTACACGGGAGCTCTCTGCGCACCCAGATTGCACGAGGTTAGTATTCTGGATGATCGTCAGATTTTTGCAATACCCTTGCGCAAGTCCACGGAAAGGTCTTTGAGTGCCTCGGGATCCTCTTACTGGATCTCGTCACCCTTAAACCGTAAAGAGTGGCTCTTCTACCCGACTTACACAGAAAACTTCCACCCGAGTCCCGGCAACACCAACCTTGTCAACTAGTCGCTGTCCAATGAACAGAGGCCAGCCAAGGTTTGTCCATCTGGGACAAATAACGAGTTTACCCTAAGATCCACTTGGCCGTGCTAGACCTCTCCCGCGATCTTACTAGCCAAGAACGGAATTCTTATAGCGATCACGTCCAAGGCTGGTTCAGCCCACGGTCCGGTCTCTGAAGTTGTGGGAACCCCCGGACTGACCGATAATGTGTCGTTCTCGGCGTAGTGCTGTTCTCTGATGATTCTGGGACGCAGTAACCCGTGATAGGACCTGCGCAACCCTCATCTCCGCTCCTCTCGCTTAATGCAGGTCCAACAGGACTGTTTCAGAAAGCCAGTATTCTGCCGTTCCGAACACGAATCCCTAGCCTGGATGGGATCATAAGCCTAGCCGTTAATTGGAAGGGTCACCAGGTCGCTGATCGGGTCCATGAGGTCAACGATTTGCTATCATCTGGGGGGCCGCGTTCCGCTTTCGGAACAGTACAAAATCAGGTCGGGTAAGTTGACAATGGGCTTGGCTTACCCGCCCCAGCTACATCCGATAGGTACCTTAACGGCCGCGTATGAGTTAACCACTAGGTGTGCTTGCTTACGAGACGTCGACACTCTCGGGCGGTCCAGGCTATCCAATTAGATGAACGAGTTAGAACTCCCCTAATAATCGGACGAGACTTTGGACGTGTTGCTGGCGTAGGCACGTTGTCGGCGCAATCGGCTCGCTGTAGCGACACTATTCCTAGCTTTTA,1888,50.05,Escherichia coli
SEQ_524352,AGCTAAAATGAGGTGCCGAGGGTTCGAAGCGTCGCCGGATTTACTAATGAGAGGATACGATCAGGCGCTAACTGCCGATACCTCAATAAGATACCATGGGGGGTCAGCTACAGCGTTACACACACTGAAGCAAGAGCGGACCAAAATCCTGAGCTCGCCCGCGAAGCATGACATGACAGCCTCCGCCGCGCTTTATGGTTGCAGGCTAGCATTAGCCAGCAACACTAGAACTCGAAGCACGTGGGGGATAATCTGCCAGCAATGGCTCTTCTAATCAACCTGTGTACACTGCCCGCAACTTGCCAATGGCACCCCGGGCCGGAAGAAGCTTCAACATCTACAGGATGGGTCTAGTGCAAGAGCTCGCAACCTGGATTGAGAAGCAGTTCTGCCACGGCCAATGAGAAAAGTAAACGTCATTCCCTGACCAACGTGTGGATGGGCCGGTAAGATACTTATGTGCAGAAGGAACCTTTGACTAGTTATAGAGAACCATGTTTATGAGTTTTATGCTATACATATATAAGGTTAGACGTAAACGCACTACTGGAGTCCCCATATTTACGCCGTTCCTCTACGTCTCGATTCACGCTTTTTCCCTTAAGGTTGGAGTGTCCAAACAAGTTTAAGCGTCTCACAACGATAAATACGTACATCGTGAATGTTCTAACCTGCAAATGCGGATACTAACAGCAACTTAGGGGTTTCACAATCGAGTCACTAGGATACTTCACCATAATAACTCACCCATTACGTATCGGGTTCTCATTTGCTCGGGCGGATCAACAAAATCACGCTTCACATAGCTGGGTCTTTCCTTACGGAAAACCAACCTGAAATCTAGGGAATATCTATGACGTGAGGTTGCGAACAATCTGCGCGCAAGCAGGAATACGATCGGCTGTATAAGGTGGGCGGTACATGGGGTAGTGAACGGTCCCTAAAGGAGACCCATTTCTCCCCCACATCACTGGTCCGGTAGACCTAGGAGCGATGATGGTCAAGGAGTGTATATATAGTGTTACATCCTTTGTCGTGCCACCGACGATGCAAAGGGCCGAAACCACCTGCAGTATACACGACATTCGTTCCAACTGCTATAACAAGTCGGGCACCTGAGAAATTTCGATGTAGGACACTAAAAGCAGCCTTACTCTCTTAGTGGAGGGATGGAGATAGGCGGTAAACATCTTTGCTTGTCGTACTTAAGATCACTGGCTCGTTAGATCGAGCGTGCTATGAAGAACCGTTTAAAATA,1258,48.01,Drosophila melanogaster
SEQ_118490,TGTGCTTGTCAACCTGACTAAGGCGCGAGATGTAGGATTACAAATGAGGCTTATCTTTTGCCGTAGATCCCGACACTTGAGGTATTCTTATAGGACCGCCGAGGCGACACGGGTATGTACACGCGTTGGTTGTCATGACATGGGTACTGCCTTGAGGGAGTGTTCACGAAACTATCTGGGTTGAACTCAGTCCCGGGGCAGAATGCTCTCCGTCGGTAGCGGTTCCTAGATTTTGCGTTAACGACGATGACTGAACTTGCCGCGGTCGCTTTATAACGGGGGTGAAAATATACATCATCTCGAGTATAAAGCTGTTTAAATACGTACTACAGCAGTATGCCTACAGTGGTATAATGGTCAATTCAGACGACCTGACAGGTGCCACCTACTTGGAGGCGAAACGGCTCGCCGCCTGCAAGGCGACAGACACAATCTCATATGGGCAATGAATCTCTCCCCCATACACGCTGAGTAGGAAAGGGTGGTACGTTGCAGATGAATAGCATCACCATCAAGTGATTAGTGCGTACCAGTATTCTACCTATTGTCGGAAGTAACTGTCATTACGTGCACCTTAGCTCGGC,584,49.14,Caenorhabditis elegans
SEQ_736931,CAGATGCTATGGGCACATCGATCACCAGGTAGGACGCATGCACGACGGTAACTCAGATTCGGACGAACCCTACGAGTACAGGCCTTTTGTGTCGATAAAGTGGGATTGATGTCGGTCAGAACAAAAACAAACCTATCCGTTTGGAGGATGTTAATTACACGAGCTAAAATCACCCAGCTCGATTCTCTCTCTTAGCCACCGAGAAGGGAATATTAATTCTGCCAAAGGGACATATGGCTGGCCGTCCTCTAAGGTCAGGCTGCAACCGGCCACAGTTGGTCACCCATCTGATCTTGCTCCAAAAAGATCGCTTTAAGGTTTCTGGCGAGAATGGTTCGAGTCTGGTCCAAGACATACGGTCTCGTTGACGGGTTCCCGCACACCTTAGTTTCCATGGGTTCGCGAGTTATGTATCCGTGTCGCACTTGGTGGTCCGGTAGGGAGATAGCCTACGCTTGAGGATACTACCGCCGGCATCAACATCAGGTAAGCTGTCCAATTGCGCGCCCTAAAGGGACACTGGCAGTCGCGGCCGACTCGATTGTCCCTGGAATGGGCGGAGGCCTTACTAAAGGCACGGTTCAATATTTTAACGAGACATTTCCGAGCTGAAAAGGCTCACCGTTGTTCCCTCTAAGCAAGTTAGCGCTAGGCACTAGATCAGATCAGTCCGTTATGCAGACCTTGCAAGGATCTGACCAGGCGTATGTACGGCACCGAAGTGTAGGCCTCTACATGCCACTGGGCGCTCCCGATGCAGCGACGCGCTGATAGGACGCCACGTTAACCTCGGAAAAAGACACAGGAGGGTATTTGTTCTGCAGCACGCCAGAGCCTCTCGTGTTTGGAGGTCTAGGTAGACGAGCAGCGTTGTCGCCTGGAGTAATTCGGGATACTCGTCGAGCGCCATAGTATCAAGGCCGAC,925,52.65,Escherichia coli
SEQ_360798,TCTATCTACTGCTTATTCAATATCGGCAATTTGCGGCATCTGTTTGGTCACAGTGTAGCCCCAAGCGTTGTCTTAAACTGACGGTCACACCAACCTCTACAATTCCAGTAAGGTAAATATATCGCCCCATTAAATAGCACGAACTGCAAATAAACCCAGAATCCGGGAGGACATATTGTAGCTTACGAACAGATATCCCATGGCGCCTGAAACAGGAACTACCTGTTGCCAGTTGTTCTCGCTCGTTACAGATGCTGATTTCGCAAACAATAACCAAGTACGTTTGCGTCTTAGATTACATAAACCAGGATTGACGGGGACCCGCCTTCTGGGGCTAGGGAATACTGGCATGGCGGTCCAAATACGACAAGGTTTGTGAGGACACATTGTTGATTTCAGGGACTCCCATAATTCTGCGTGGGACGACCACCCCGCAGCTAGTCGCGCATTACACAACATCGGGCTTAGGCTGCTCCCAGCAAGACTTATTTCTAGGGCTATCCCTCATCGCCCCTATGAGGAAACGTTACGGGACTCCATACTTACGTAAGGTACTTGAGCCAAGCCGATGACCCCCAAATTAGTCGGTGGTAGCCCCGGGCTTCCCTAGTGTCCGCGAAGGGCAGACCAATATCACTGATAACGGGTGTCACCACACATCACGGTGGGCTACCTCCTCGAACGAGTGTGGACGGCCTTGGGTCCACACACGTCCTTAGTCTTGCGTGTATCGAACCGGGCAGGTCTCATCGTAGTGTTCTCCGTTCAAGTGCTGCGGGGTACAAGGCATCAGATTACCCATGTACACCGCTCAATTCGAGGCCTGTAATGTCGCTACGTCTATACGCATCACGTTCCCGACTGGGATGATCGTGATATTGAGCGACTAGAGCGAAGAGCAAAACTCTGATAGCCACACTAGCAGTCGACACAGGCGCGCGACCAACGGTAGTCTGAAGTTACTCGGAGCCAAGGCTCACGCCAGGGGACGACCCATCCCGTAAGCGGGAGCGAGTAGTAATACTGCGCTTGCCCTGTTGTCCTTCCTAATTCGCTCCGGAAAGTGTCTAGAGATGTGCACACTGAACTAGATTGGCTGGCAGTGAACTTACGCTGTCGCGGTTACCTAAGATTCAAAGGCGTAGGGGCATTGAACCACGATTCTTGGAGCCAGTTAAAGTCCGTGATCCAGTGCGGAGGCGTTACTCGCAGTGGGGGGGTGTCGTACCGCGTTCAGTCCCAAAGCTGCGGCGGGATCTATGGAGATGGATTCTAAGCCCGTCATTAAGGGCATAGTTCAGATTGGACACTCCAGCGACGCACTCACACGGTTTCACTCCTTTGTTGACTACATAAATTCAAGTTACGTTTGCCCGTAGTAGTAACGGATAACTAACTTCGGGCATTCCAAATGCCTTAGTAGCTAGGCCCCACGTCCGACCATCAGGACCACTCGACCAGAAAACACACTGTAGACCCCGGGGTACAATCCTCCTTAATATTTCCCAAGTACCATCACCCTAATGTAGTTTGTCTGGACGCCGCCCACACCATTGGTTGCGGACGGAACCTGCAAGCTCTGGTGATCGACAAAAGACACACTCAGTTGCACTGGCAACGCAATTTAAACACCTTACGGGCGCGGAAGTCTTTATCACTATTGCCTACAGCTCGCCAGTTACACGCGATC,1690,51.48,Escherichia coli
SEQ_770682,GTGGGGTTCTGACTTATGCGCTTAGACATTTCTTCCGTCAGGCTCCGTAATCAGCCGTCTGTCGTGACGCTACATACGCCTAACAATGCGCAGCAGAGACTCATTTTTAAATTTAACGAAGGTCCATTACCGCCAGGGAGTATCCCGCGTTCGGGGTCCGCATAATTACTCCCCTGAAAGAGTAGTTTTAAGCGCATATGGTTTACGCCGGCGACTGCCTAATCACAAGGACTTTAAATTATTGACTATTATCCTTCGATAAGGTCAAACTATTTATGTTCCGCAGCATTTTGCCAGCGTTGTTCTTTCCAAGCACGGGCAACACAATTGGGATCCCCGACGCAGCAGTAGTAAAACGGGTGGCACTTACGCCCATCTATGAAATCCGGCGAACGGTGTTTGATAAACTGAGCGAACTCAGATCGGGGCATCGGTATCGACAAATTCGCAGTAATCGTGTAGAACCCTTCTGACCACGCAGTTCCA,486,48.15,Homo sapiens
SEQ_845716,CATTTTCCTGAAAGTCGATATACCGTCCATTGTTTAGTTCGAGAAAGGTCGGCTCGCAAGGAGACATAGTAACCTTAGCCAGGATACGTGTCTCCCAACGAAGAGTGTGGCGTGTAAGAATCGTGTGATGCGTAACTTACATCGATCTAACCTAAGCCTCACCGCCAGCCCTGGGGTCTCATCTGATGCGGTACGGGACTAGTAGCAGTGCAGCATGGCAGCAGGTCTAATCAAAGTACTATTCCCCGGCATAAGGTGTCATCAGAACGCAGGCCACGTAAACTGGCGTCTGGGACATAGGTTCTGGGAGCGAGTACAGGGCGCGAACACATTGTGGCATGATCGTTATTCGCCAAGCTGGCACCTGCGGACACTCTCTGTTACCTGGTACATGCCTCAATGCAACGTCAAAACTTTGCGATATACTCTGTACTGGACTGAACACTAGGTTTGAACCACCTTACGGAAACAAGCAGGTAGCAAAACATGGCGCTAAAGTCCTTAGCGACGGGCTAAGCGTCGAATTGGACCAGATACCCATCTCCATCCATTTGTGAGCGCCGGGATCCTGGTAAGCGTGGCTATATAGGAGACACCGTGAACTGCATTTCTTATGTCGATCGGATCTACACCCGCTGGCTTTACCCGTGACCGCTATAAGGTCGAACCTAATGAAGTGCACCAGAAATCCAGGTTATTACGGGGCGTGGAACATTTCACTTGTGAAATGACAATACAAAGGAGGGTTTTGACCCAGCGAAGTCTTAGCTGCGAGTTTAGAGGGTGAAACAAAGGTAACGGCAAGTTGAAATAAAGGCAGGTTTAGAATGTTTGTCACCCATACTAAAGTGATAAAAATCGTAACACGTGAGATTACGTATTCGATTCGCAACTCCGACTACATTGTTATGTGTGGGAAACTGCAGCCTCATTGGTAGTTCGGTA,945,48.36,Homo sapiens
SEQ_514500,ATTGAACTATTACCTGCGTCTGGCCTCTTTGACATGAGGGATATCAACGAGGAAATTTTGACGGTCGACGCGACAGTAATGACCCAAGAACACGCATACATGTAGAGTAAATATGCGATAAGACTACATGTTAACAACCTAGAAATCCCTCTTAGGTAACACCGAAGTGAGCAGAGTATAAGTCACTAGACTTGTTCCTACAGGCGTTAAAAATCTCCCTTAAGGGATGTTCCGGACTTACGCCGGTTATGACCCTCACGCGGGGTTATGTCACGTTCTCCGACGTACCAATTGTCAACTACTTTCGCACCTCCCTTCTCAACATCGCGAGTGTAGTAAGCGGCGCGAGGCTAGCGCCGTACGCACAAGTTTAAGCTCAAGAGTACTTGGACAGCCTACGTATTTATTATGGTCCCCTATTATGTGTACGAGCACATTCATTCAGGGGGAGCATGGTTCAAAGGGTGCCTGAAGGCAGCAAACTCCCGTCGTCGTTGGAGGTTTCTTCAAGTCTAGTGAGCCGGTGCGTGACTGCAGTGTTTTTCGCAGGAGGGGAGGAAAAAAGACCCCCTGGATGTTGCGACGCGACAATATACCTGCTGGTACTCTAGTGCTCTAAGGGCCCGCCTGTAGTAGCTTGTATTGCATCCTAGAGTTTCGGTGGCTATATGTTGATGATGCTGTACTTATTCCCGCCAGGTATTTATCCTTTCCTATCTGGGTCCATATACTCTATGTTCTGGTGTATATTAGCCGGATCCTCGGCGAATTGTCTTGCAGAAACCGGCTCTTAGCTATACCCAATATAGTCCTTTAATTCCTAACGTCCTCTATGACCGTAAATATCTCCAGGTGCTCGGGGGTGAGACAGCAATGTCGATATTTCTCTCCAGAAGAGACTAGTAATTATTAATTCGCCGCTCACGGTGGCCACCAATACAGCATATAGCGCACGAGAGACCATATGGATTTTTTGACAGCCATAGTGGGCCAGATGCAATATCTGTCATGTACAGCGGCCAGTTAGCATCCAGAGCGATTAGACCACCAGGCTCATTAGCTGACCATCGTCCGATGCGCTGGCCGTCGTGCTGATCGACTGATCAAGATTTTATTTCTGTAGGCCGTATACAAGACGACCGGTGAATATCTAAGTGGAAGAACGTCTAAGTAACCTCGCGGCGATTCCAAGGGCCAGTGTAGACGCAAAAGGGATACACACCCCAGGGGCTGCACATTGTCGTAGGACAGGTTTATCGACTAAAGTGAACCTCTAGCGTCGGCCAAAACGAGTCCCTTTAGCACAGTCCCGGTGGCAGGTGATCACGATTTTCGTGGTCAGTACATGGAGAGTCAGGTTACAATATTCACTTCCCCCACACTCAAGACTGAGTATAACGCTCAGTTAGTGGTGGGTTGCGTGCAGTAGCAAATTCAGGCTGCACTAGCTCATCCTGTATCCGTGTGCCGCCTACCTGGATCCTGCTCTGTGCTAACAAGTGCATGCACAGGGCTGAAGGACCCTTGTAAACTCCTGCACTGTAACACAAATATCTACTGTCACCATAGAGTAGAGCACACTGGACTGAGGATCTCCACGCTGAGCTCTTACTTGTGCGGGGACTCCCAGATAACTAAGTTAAATCCTCGAATTTGACCTAATACCTCGGACCTAGAGTGTTGCCTATCTCTCTGAGTGGCAAGGCGGACTAACCTTTAGGGGCGGTAGTGGGGCAGTGCGCTGATCGACTAGCATCCGACCGGGGACGCACATTTTATTTTCACTACCTCGGTCGGTT,1799,49.08,Caenorhabditis elegans
SEQ_484355,AGCTTCCAGTTAATAATGTCCAAAGCTCTTGACCCTCTACTTTATGCACCAGCCCCCCTTTTATCAGCGCCGGATCTGTTGTCAGCGCTCCCACAGATCTTTAGCGTGCTCTTGCTGGTGGCCGTCGCGCCATGTCATTCGCGCCTGGTGAAGATCGAGCGAACAGGTAGGAGACCCTATGTCCCCTAGGCTTCAATATCCACCAATGAAACTCACGAACAGGAAAGTGGTCAGGGGGGAGTCGTTATAGTCTTGGACTTCCTTATCTAAAGACGGCGTCACGGGTTCCGGCAGAAAGTACCAAAATAAAAGTACCGTCCCTCCGACCGTGTCCTGGTGTTAAGTGTATTTATTTCTCATGAAAATACAATTAGGGTCAGGCCACCGCTCGCTGTATCGGCTGTTCGGGTAGGATTGTAGGCTGATTCATGTGTGTCACCTAATATACCAAACAATTACCCATAAGAGCCCATAAACATCGTACGTTAGAGGTCTCTCTCCCACCCTAGCACCCCTACTAACGTCCTAGCAAGATATCCGGCGCTCACCAAGTTTGCTCTATGCCGCTCGTAACAAAAACGCGCTTCCGGGTACGATTCCCTGGGGGTCATACTCGCCCAAATAGGCGGATAACGTGCTCTAATCAAACCCGACTTACACTGTTCGATGCTGCCTCCGATCGGAGAGTCAACCGAGCAACATTTCCTTCCCGCTATCCTATAAAGTCTGGAGGCCCTGATCCCTTATGATGGTCAATCATTCACACCCGGAACAG,775,50.45,Saccharomyces cerevisiae
SEQ_704962,GAGCGGATTAACGAATTTTTCCGGATAGCGATCGGGCGCCATTGAAGACACCTTACGAGGTCAGTCTCCCAACGCTCCTTCGACTAATGATGAATAGGGGAAGAGGAGGGAGAGTTGTCGGATTGGTCGCATATTTCCACCAAATGTTCGATTTGAGGTAACGGGTAGTCATAACGAGTTTCCAAAGGGCGTAGCACATATTGTCTCGTCAGTGGCGTTCATAGACCTTTAGTAATCGGCAATCCGTGCACCCGCTATAAATCCGTTATCGCTAGAATAGGATACTGTACTTATGCCCGCGTGGATTCTCTAGGCTCCAGCGACCCTAGCTTGCAGAGTGTGTGGACATGGCAGTATCGTCACCATCAAGGTGTGTTGTTTAGGTGGACTCTCCATATGCGTGCGATCAGATGAGTGCGCTGGTTTTAGCTAAATAGCCCCCGTGTGGAAACTCTTGAGGGCGAGTTTTTAGAATGTAGCTCGCGTCTAATCAAGATCACTGCTATCCCCCCTTGGGGGCTGCATATGCGGCCAATAGCCGAGACGACGACCCGTGAACGAGGTCGCCCGCGTTACATCAAGACGGCCGTTGCAGGACGACGAGTTTTTTCAGTCTACTTTAATTCCTAAGGACCAGCCCCGAAGACACGGTCATAACGACAGGGATTAGACGGGTAGATCTCTCGGGGATTTCCGGTATTAGCAAGTCTACTTCACTCAACGGGGGAAAGCGCGGTCCGTGCGTAATTCGGATCTCAGTCAACGGCCTGTACGGATAAGCGATGCACTCGTACGCCTTGCATGCTGCCGTGGCGAAACCCGCCTCAGAGTTTCAACTAACAGGTTGAGGTGACCGTGAGATGAACAAAACTGTTAGACCCGTTAGGATAGTCTCGTTGCTTGTCATCGACGGACTATACCAAGGTGTCTTCATCTGCTACATACATGAGAGTATCACATGCAAGCAGTGAAAGCGACCGACATTCAGGTCGCTGTGATGGCCGAACACTAGTAATAGTGATATTCCATACGCTGGAACGCTTAATGTCTGGGATAAAAAGTGTCAGCAGGAAGAATGGGTAAGTCCTCTTCTGAAAGTCAGTAACAGATTCAAGGTAATAATGGTTAGATCCTGGCTTTTTCATACGCGCTAATCGTTTTAGTCGAGTTTTGGTACTGGCCACCCCACAATGAGTCCGGGGGACCCGCGGCTGCGTTACGCAGGAATACGAAGGATTGTCGCAGGCTAGACGCCATTCCTGGGCGTCCTAGAATCCTCAGGGAATGGTCGTAGAATAGGTTTTAGAGCCCCGAATCGGTCAAAGCTGTCACCAGGTAATTCCACGATCGCCTCCGTGCAGACGATGGTACGAACGCCTGCAACGCAGAACGACGTGGTCAAGCTCGTTAGCGACCGAGGGGTTAAGTGTGAGTTATAAGCCGTATGATGGAGCTGCGGTGTATCATACGCTCG,1474,50.68,Arabidopsis thaliana
SEQ_647826,AATATTGCACGTACAGGTCGCGCGTTTGTGCCTCTTGTTCACTATGGCAACGAACATACGTTGCTTCCCACGCATAACTCAGAGCGGTTCTGATGGAGTTATAGATTTTTAAACCATATGTTCATAGCTATTCGAGGCTGTGGTGTATCCCCCAGGATCAGGTCCCTACCAGTGAAACATTGAAATCAATCCAGATACATGTCCCATCTTCATAAAATGTTCCCTCACTAGCTTTGTCAAACCGACATAATTAGCT,256,43.36,Homo sapiens
SEQ_334017,GGTTTTGGCGACTACTGTGTGCAGTGGCTAGGATAGTTTAAAGACGGGATGCAGAGTTTCTCCAGGATTGTCGTGCAAATTTAATCATGGCGGGATAGTATAAGAGATGACATACGCTGTACAGAGGAAAGTAGCATGTGTTTCGAGCGCGAAGTTCGGACGTATGGCTGAACTCCAAAATCCAACCCTAACAAAGTTCGTTAAGACTGGATGTGGGTCTCCGCGGTTCGGTCTGCGAGTCGCCTTTGCGACGGCGACGCTCCCAACGTATATGATGGCTGGCTGAGGCCTCTTCTTCAAATTCACCCAGCCTTTTCAAGCGCGGATACTCGCATAGTCGGTTAGTAAATTAATACTTCCTACAGCATGTCCAACCGCCGTGCATCCTTGATAGTTGCTTATACCTTCCTAGGTCCTATGTATAACATTAGTTATAAGGCGTAGCTGTCAATAAGTCCTTAGCTCCTTAATCGGATGGCAGTCAGTTGCTTAATGCCCCATTGGACCTCTCGCAGGTGACCTCACATACTCAACTATAGGCACGGCATATTCTTCACAGCCGAACAAAGACTTCCACTTTTCGCTTTGTGACTGTGTAACTAAGGCGGCTTGTCAACGTTTGAAGATTTGGTCGGCGGTAGCGATCCATTTCCCACGCAAGTAGGCGTGACGGTAGCCAGTGGTAGACCCGCCTCTCACGTATTTTCATTGCGACTGGCTTCTACAATGTTTTAATTGCATTCATTTAGCAAATGGGCCAGCAAACTGCGTTGGACTTCCTCTCTGTGACGGCGGCATGGAGCAGTCGCACAGCAAAATATAGCAGATGCTCGATTGCTGCAGGGGTCAGATCTGGCTCAATGTCCATCAGCGGCGCTGTTGAAAAGGTCAAGGGAGCCTATTGCGGGCTATGTTTAGTGTCCAGAAATTACAGTACCGTTGACCGCTTGGTCAGGTTAAGGAGTCGCCTTCGAACGCCAGGTATCTCTCAATGACGTTCCGTGAACGCGTTAGAGTAGTAGCGTCTGTGATCCCGAAACTGGAATAGCATCAAACCCTTAAAGGAGCGTCTAGCTGTGAAGGGCATGATGTCCTATTACTCACTGAAGAACAAGAAAGCCATGGGAGATCCTGCCGGCGATCTGCATCTAAGTATTGAACCATCACACCGCAATCGCAAGCAATACGCTACGTTATCCGGTTTCTGTGCAAGGTAATTCTGCGCGTATTGGGACACTACATTACGGCGTCACATTGTGGGACTTCTAGCCGGGTACGTTCATCACAGAATGCCATCCCCGGCGTACTCGAAGATCTGAATTGCGAAGATAAATCTTGCAATCGCAGCCCACTGGTAATGCCAATTGGCGTGTCGGGAAAACCTTCCATCCTCTGTCTCCGGAGGCTGCCGCCATTGTTATAAGGGTGCCGCACGATCAACTGATGGTTATCATCCAACGTTAAATCAACCGATCCTTATCGTCTCATATAAGAATTCGTGTTTACTGCGTTAGTATCGACAGCCTACCGACGCTATATTGATGCTCGACGGGTGCCCATCCTACGGAGTTGAATTCATAATCGACGATAGTCTTCCAATTGCTGACGAGCTGTTGTGAGACGTATCTCGATCCAGGAGTAGCATAATTCACTTTTCCAAATACCACCATTTAGTCACGCGCGGCACCCTTAGAGGGACCGCAAGATAGAAAGTGGCTTTCTTTCTAGTGGCGACTTTCACATAGTCCGATCGTTAATCTCCTGACGGAGAACTATCGGGGCCTGTCAAAAACTCGCTATGATCCATATGTTGCCGCCATCGCTCCACATTCAAATATAAACCTGTGACCCCATTCGAAGAATGCATCTGGAGTGATGCAAACCTGGGCGGACGGCACTGGAGAGTCACGTCCTCATTGGGGAGTGCCCCTCGAGGGTGTCT,1942,49.02,Mus musculus
SEQ_831217,ATTGCCGGGGGAAAGCGACAGGTCTATCGATCAACTCACAGGTTTAGTGAGCCGGCCTATTCCTACTACTATCTACGACGATTCCGAGACTATAATACGATAGATTAATCAGCCCTTCCATGATCGTGCAGCTGCATACAGCTGCGATTACCCGTTTACT,160,47.5,Saccharomyces cerevisiae
SEQ_680809,GGAGCACCCGTGGTACGGATGTGATATGTAATGTATTGTTCAGGGTCGGGCTCAGCACCACCTTGGTCGTGAAGAGTGAACATTGAGTGACAAGCAGCCGTTTCGCCGATATGGGTTATCACAGTTTGCGAGGAGGTAAATCGGAGTAGCCATCATGCACGTATGCTAGTCGAAAATAGCGCTACAAAACACGACATGTAATGATTTTCGTCGATCCCGATGCCTGAATTGGAGGATTGGGAGACATCTCTGGACCAACCTTCCAGAGGGCTCATGCCAATGCGGCCGAATGAAACCTCACGAGGACGATTACGAGCACCTGGCCAGACCGTCCGCCTTCACCTCCTAAGTCGTTCCAATCTGCGAGATTGTTGCCACCCCAACAAAATTCGGGACACGGAGGGGGATCGTTATCCGGGTATCGGCAATGAGGAGGAGATCCTTTAGGGCCGTACGGATACCTATGCAATCACTATTGACTGGTACAGGCCAACTGCCCACTACTTGTACCACCTGCCCGTTAATAATGGGAGAAGATGTATACCTGTGACACATACGACGGATGACACCTTCGTCTCCAAGCAGCAAGAATCCGGCGTCGATCCTCTCGTAGACAGCTTTGTGAATATCCTGAACGTAGACACGGGCGGAAATAACAGTCTTCCTACGGTGTAACCGCAGGCCTCGATCAAGCCGACTAGTCCGTAGATGGGCGTGAGGATTCAGAAAAAGGGGAATGCGCGATACGCAGATGCTAAACACAGCGCGGTCGTCACTCAATCTATCCCAGCCACTTAGTAAACATGCGGGTTACGCTAAATGCCCCTCTTGGAGTTTGATGTACATTAGGAGACGGGGAGTGTCTGGTATACTGGGATCGGGGCCCATTCTTCTTACGGCTAGGCCGGCGAACAGCACTGGGCTAGGAGGAACTGGGGGTTTGCCCTACGCGTTCTAAGGCCACCAA,967,52.33,Caenorhabditis elegans
SEQ_454807,TTCGTACTGTGTGCTGTCGTACCACTATGTAATCGCGCGTCCGTACTGGCCCGCAGCAGCGACAGTTAGGCATGTCAAGACTACGTCGAAACTCTGATACGGATGGTAGACGCCAGTTTGTCATGGGTTACCGGAGCGCAGGGAAAAGATTCTGCCGCTACCGAGAGAAGCCGAACTCCACATGCCAAAACCCCCACGAGGATCTTGAATAGTCCTACCACCTCCTTCTTCATCTCTCCCATCTATACCAACTCGCGTCGCTCACGCGAAATTAACTACCATGACATCCTTAGATCGTACTCCGGATTCTCAGGCACCTTTCTACGTCCTTACGGCTTCGATATAGAACAACCACATGGACAATGATAGTCGGATAGGACGCATCCGAGTATTGATGATCTTATAGTCTACTTCCTAATGTGTCTTAGTAGGTTTCGAGACCCCTGTCCCATGCGCATTCACTCTAGACGTAATAACATGTAGTGAACGCAAGACTTCACGCCGAAAAGGAGCGTACAAGGATGGCGTTCCCTGTACATGTGTTGGTAATTAGGTTTATCTCCCCCATTTCGCGCGCCTGAGGTGCATTTCGCTTGGCCATACACCGCAACACCTCGACGCTTTAGGGGATCCCAATGCTAGAGATCCATCCTACGATTCCATCGCTACATAGAAGGCTCAGGTATGTTCTGCTGTCAATTCACTCCGAAGGTTGCAAGCGTAGGACGGCTGAGCACATATCCTGAGGAACGTTCGGAACGCGGGGAACTTTATATGTTCCGCCTGTCCTCTTCTTCATTGGCGGGAAGACAGAGCCGATCCGCCACTGGTCCGTGGCACTATCCCCACAGCCTAGATATGGCATTTGGGTACAGCAAGAACGAATCCGTCCCCGCTCGGCCGTGTCCAGTCTTGCTGATAAAGAGCATGTAAGTATGTTGCGTTGTGTTAATACACTCCGAAACTAGTTTCCTTTCACCGATATCATATTAAAACCTTGATACGGAATGGCCATGTTATAGGACATTATAAGCTCAGTGGCCCAAGTCTAGGTTCAAAGGTCTCTATGCCGAGTAATTTAGCCTCGAAGTTTCACGGTGTGTGGTAAACTTCTTTCCGCAGTGATTTTCGTATGAGACCCGTATGTAACGAGCGAACATTCGTTCTGTGGACATCAACTACTGATGCCATCGTCGCTGTCCCCAGGTATGAATGCCATACCCACCGAGTTGGGGATGGAACATCTCCCTCTATCTATCAGATTTCGAGCCAGGGGTCCATCCGATGGTGGTTAGCCCAAGACATGAGTCAGTCGAAAGCTTAGCCGGTAGATTAAGACAATCAATCAATCAAGACTCCGTTGGGGAATGGTGAGCTCAATTGCCCCAGAGAGCCCTATACTTAATGGAGTATGTCTTGACGTAGAACATCTAACATATAATTATTCTCACTTAAACGGGAGGAGAATTATTGATTATGAGGGCGAGCGGTAACTCTCCCGTGACAGCTCGGCGGGGTAGGTAAGCGCATGGTTTAAATTACATCCAGGCGCTCAATTTTGCTAACGACACCTGAAGGAATGTTGTGTCGTAGCAAATCCGTGGGCTGGCTGGACTCATTAGGCACCAGGCCATCCCTCCCGTGGTTTGGGGGCCATCACAAGCCAAGTCAT,1672,49.28,Drosophila melanogaster
SEQ_855375,CGAGGAGACAATGTTCACGCATGAGAGATAACATTTTGTTGATTCCGACTCAACAATTTGAGCCTATCAGACGCTGGCTACAGCATTGACTGGCGAATATTCGGCACACCCCTGTGGAGAGGCCCGAAGAGCGTGGTCCTATCTGTCAAACTTACGAGTCACAGTACTTCTGAGTAGGGATGGTGCGCGACAGATCTGAAACTGTTACGGCGCGGACTGCCGGAGCCCGGCTTCGGACCAGGCAGAAATTAATAAGGGTCATTTGGGCTGGCACATATAAGGTATGTGGACTTCATCAGAATTCGTGAATAGTGGCCCGAGAGCTGCTTAACGTAGCGGGCATCAGGACGTTCGCTGAGCTTTATAATGACACTTATGAAGTTACAGTGTCCTAAGCCGAGCTGACGGACCTGGGAATGTGTTCAGGCGAATTCAAGGACCGTGCCCCAGAGTGGTTAATGCTGTCGTATCGGGCAACGCGATCTCTTTAGAGGTTTGCTGTTGTTTGGGGTCACGATAAAAGCTGTCAGTCACCTGTGTGCCGGTGCTACAGCACTACACGTGAATTCACGGGGATACGTCTAGATGTCCCCATGTTGGCACGCCATAACCTCTTGATAGGAGCATTCTGGCTGCGTGATCTATTTCGCTCACACCAGAGCCCCATCCTACGTGGACGCGCCAGTTCTACTAAGTAGGCAAGACCCGATGCACTAACAGCTCTACATGATCACCAACACATACTAAGCTGATCTTGACTTCCAACTGAATACCTTTATTATGGCGCCAGACATTGGTTCCGCTTGCTTGCGGGGGATGTTAGTACCTGCTAGGGTGGGTTGAGTAATGGAAGTCGACGGGATGACCAGTGTAGTCTATAGGGCAAAACATGTAGTGGGTGTAATGTTTTGAAGGCGCGGCAGACCGCATCGGCCTAAAAGTAAGAACGGATCTCTGAAGCAACGCTTATAATCGCTACCATCTCTGATGCGTTCCGACCATTAAGTTCTCTACAAGTCATTCGGATAAACTCATGTTTTCGGGGGTTGTACTTAGAAGCACGGACCGAAAGATCTTGCGCAGTTACGGCTCTGCATATATTAGAGAATCCTTACCATCCCTCATAGAGCCCACTTATCATCCCAACGTATCACCGCAACAGGAACCCTCCTTGACCGACCATATATTAGTGTGTAGGGGTCACAACCCTCAGACGCAGCTACCAAGTTCGGCGGGTCTGTACGACCTATTAGCCTTTCCCTTCGCGGGGTTTGGAAGGTATCCATGTTGCCACCTTTATTTACACGTTGCCTGTCTAGTCATTGGAGCCATGGGGTTAGATTAGAATTAAGCCATGGCGTTTTTATCCTGAGTCTGGTGCCTAAAGACGACAGTAAGGCTGGTTAGTTAGAATCCCTACGCACACAACCCGATCATTGGGGGCACCGGCCAACACGGAACTAGAGAGCGCATCGGTCCACAGGCCCGAGAGACTTCGAAAGCAGTTCAGTAGGGCATGTTTATACTTCCTATTAGCTCTGGGAATCTGTAAATTGGAACCTGGCTGCTACGAATCAACCACCTCGGTTCGAAATCCCCAAGAGCGATCTGAGCGCTTGGATTCATTTGCTCGGTGACGTGGCCTTCGAAGTTCAGACACCTTAGACGTATGGGTTTGAGACTAGCTCGGTCAAGATCCAACGAGGATGTTGCGGGTTTACCTACAGTCGGGGGGGCACCTGTATCCTTAG,1751,50.14,Saccharomyces cerevisiae
SEQ_582948,TCCTCCCAACTGACTATAACTATCAACACCGTTATGGCGTCTCATATCACGGAGCTACCGGTACGGGCCTAATGTGTTAGACATAACGTAACAAAGGTTTCAGAAAGGTTACGAGCTTTTTCAAAAAAGACAGCACACGCACTGGATTCAACCATATTAGTTGGTGACATAAGCCCTCTGCTGCGTGTACTACTGCTTATCCTGCACGGGACTAGCGAGTGACGCGCCACGTTACGTCTGTGGCGGAGTTTAACCTATACCATTGAATTTTCGGGAATGGATTTGGGATGA,291,46.39,Escherichia coli
SEQ_891376,CAAGGACGCAATGGGAATTAGCGCTAGTAGCAAGAGGCTCAGGTAGGAGGGTGGGGAGATCACAGGATCGCCTTGCGGACATCGGCCTTCGGAATGTCCCTAGGGGGACTGCCATGAAGTCGCGTTATTGGACTTACGAAATTCGTATAATGATGGTGGGCCGCTATCCTACGATACCTGACGAGCCACCACCTACGTATGCCAGCCCACCGAACGTGCGCAGCAATGATGCATAGGCACACCAGAACTTCAGCCGGCGCTGATGTGGTACAATCATAGTGTCACTCTGCTTCTTCAATTGATCCTTCCCCTCTGTGACCAACTTGCGGCGAATGCACGGCATCTGTAAGGGTGTGTTTAGCGGGCCTGGACTTCGGATATGTTGCCTTAGAACGATCTTAACCCGTGACTGTTCGTGACCCTCGGGCTGGTTAAATTTTGGAACAATTGGGAGCTCCAACTCTCCTGGGAGACCAGTACCACGCCACTGTACCACTTATCGGTACCGTCAATGATGAGCTGACGGGGTAGAACGTTTTGTGCTTTGGTACGCTAGTTCCCTAGGCAATCTAATATTAACACGCCAAGCTCAGTTGTCCGCAAAACAAATGCGCTTGGCGACGTCAATAATGGGCGGCCACTCTCCCCATTGACAGCGGAAAAATTTCAATAGCGCTTCTGTAATCGGACATAAAACATAAGATCACCAACTTGACTGACTAATTCGCGTTTTTCTCGATTTAGAATGACTAAAAGCGTTCGGTTCTGGCGCAAACCAACCTGGTTCTCTAGACTTCGTCATGAGCGTGAAAAGGGAATCGTATTTCGGAAGAAATCTCTCAAATTCAGCAATGTGCTGTAAGTGTCCGTGTAACAGACGCCCTTTGGGAGGCTTGCCGATATACGACCCCTATTCTTCATATCGCATCCGCGCACGTGTCGTGGGCATCGAGATTCGTCACCTACGCGTATTATGCG,978,50.31,Drosophila melanogaster
SEQ_528631,ATACTCCCACCAATCAATCCAGGGCCAATTATTGAAGACTCATTACGCGCTCGGCGTAACCGGACGACGCGACACCGGCACTAAGGACACTCACTGCGGTTCTCAGGGGATTTCAGGATCCTGGGTTACCACCAGTGTTGCCGCATGGCATGTGGTAATCAGGATTGATGGAGAACCACAAACCATTTATTGTACCGTGGCGGCTCATGTCCGTTGTGACAATGCAACAATCAACTTCAGGGAGCTAGATCGAGGCACAATCCATTAGATGTCAACACGAATATGCCACGAGCGACGAAGGAAGCGTAGACTACGCGATCTTGCTTATTGCCTTTATCAGATCCATCGCCGACACTAGCACATCGAAGCGACAATAATGGGAGCCGTGATGGAGAAGGCCCGTATGCGGTCGTGGGAATCTTAGAGTGCACGGGCTGGTGTATCGGCCGTGACCTTTAGTCTTCCGAACCGTTATTCTTCTCACATACGCTATGTTCTCAGGTGCCGACTCTCGTCAGTCTCCGCAGATGCGTTCACAATTCCTCAATCAAGGCATCCTCATCTTAGCCTTCAGCAGGGCTGACTGTCGTACCTTAGAAGCAACGTGAGACATTTGTAGGGACACTTATGATTGGCCGGAGTTGTAGTCAGAATCGTATTGGTTAGAAAGAGTTTCCGAAACTCGGGGTCAGGCGCTGACTTCTGAAGCAGGAGGAGGTAGCGACCCAGTAAGTAACAGCGTAACAGGGAACTAATGACTGCGCCTACCCATCGGGTCCCTCCGCTCCAAGCCTCCATGTCACACGCGAACCCGATTGGGTCTCCGTGCGTCAACCCCTTCTCGTAAAGGCTTCGTCTTACCCGATGAGTTTCTCATGCTTTCAAGATATGTACCGGCTTCA,902,51.55,Mus musculus
SEQ_239945,GAGACTCTATGACGATACTTCTCCGAACGGCCCTTCAATGCGATGCCACGTACCCGCCCTTACCGAGGATGGAATGTAATGGCTGTACTTAGTTGCATACTTATGTGCAACTGTGTCAATGTAGTCAAGTGGCCTTCATCGCTCTAATTCCCATTGCCAGCGCAAGTTCATGCCCCGGAACCTTTCGACCTGTGGAGGGGATACATCTCAGCGGCTCCTAGCGCGATGGATATCAGGTACCCGTAAAGCGTCGCTCGAGAGCTCCCCCAGGTCACGGTAAGCCGCTGGTACGGTAGTCATCTACTATTAGGTAAAACCCACCATAGGTTGTCCCGCGACGACGTGGAAACGAGTGCTCTTTAGCTGCTGGTGGACTCCGATCCCTTCTGCTGCCTATTGAGTAGAGAGGTATAGAATATGCAAAAGTACAAATGGTGAGTAACTTCTTCCGTTACGCCACTATCACACAGTCAATTATACTCAGTGTCGCTTCTACGATTAAGAATCCATCGATTCCAATCAGAGCAACCTTAGCCCGGACGCGCATTTAACTTTGCGTCGGCCTACGCCTTCGCACTCGGCCCGAGGGTTGTGGGGCTATCAGTCATAAGCGGTGACTTCAAAAGTGGCTAAACTAGATGGTAGCACCTTTCAGGTTTTCCCGCCTGTACTGTGTGTGCCTAATCCCGCAAAATGGAACGTTTAGCGCCCAGTGCAATATCTGCATGCGCTTACTCATGCACGGGGAAATATTCTGTTGCCGACGCCGCCAGAGGAATGCTAATTTGTCTCCACCTCCCGGTCGCTGTGCTCACGTATTGCAAAATAGTGTTCTGCCTATGGACCTCGTGCTCATGAATTCAAGATCGAGCCGTCCGCAATGAATGTACCTCCGGCTTCCACGCGCAATCAATGTTGCACAGCCTCCTCCGATTCTGACGATGTACCTGTAATCGTGCTCGAGTCTGCTATTCTTAGATTCCGACCTAATATCCGTAAGAGGTCTCTCTATGATGAGTCAAGAATGAAGCCACTCAAGGCTGTGCTGGAACGGGCGGCCTGGTTTCATTCACCCGTCATTAAGACTATTGCTTTGACCGTCACATCGGTGGACCTGACTTAGTCATGCGCCGTACCCACTTACACTAACCCCGGTGGTGCGATCTGGTATTTGGATCCCTTATAGTAAGAGTTACGCTTACTTCCCGACTCTAGCGGGTATCTAATTCTCACCGCGCCAAGGAACCGACGCGGTGGCTTAGTTCTCGGGAGTGAAACTTCAGTCTAGATATGAATCGCTACGACAGAAATAATGTTGACGCCGGTTGGGGGTACTCCCGTTCCTTTAGTCAACCAGCCGTAGTACAGACTATAAGCG,1378,50.73,Escherichia coli
SEQ_109768,CGTAGAATGGGATATTCATGACTCGGTCCGCCTTCTCGAAGGCGCCTTAGGATGCCAAATGAGACGGTAAGTTAGAAATGGAAAGCTCTTAGATCTAGAAGACGAGGCTACCATATCCTGCAGTAGTTCATCGCCCCGCGGTGAGACATCCCGCATCAGCTTTCTTCTTATGGATGGCGATCCAACCCACCCTGAATGGTCTCCATCTGCAATCTACTAAAACATTGTTTAGAAAGTCGAACAGTGCGCCTTCGCCTGGGTTTATAAGTTGGGTAATTTTTTGTTTGCCTATCACCGTCAACGGTCTATGGACTCCGTCTATGGCCTGAATTTCGTGGTTGTAATTTATGGTGCGACGAGTTTAATGTGGTGCGCTTGCCCTCGTGACATGTAAGAACAACAAATTACTTTCCACTAATCTTCAGTATCGGATGTCTCGTAATAAGTAGCTGCAACTAAGTTCACTACAGTTATTGCTGTGGGAGGGCGCATCAATGCAGCGTACAAGTCCCGTTTGCAAATAGAGACCAGCATACAGGCCTTCCGCAAGCCTATAATCATTGTTCCCATTACTACTTGGAAGAAGACTGGCAGTTGGCTTGGCGGAAATAAGAAGGTCCCCACCCCACCACCCAAACCACGTATCAGTTCATCTCCCGCTTTATGCTACCTAGGCTCAATTTGTAGTGCCGATACAGGCCTCGCTAAATTCATTATAGATCATCCCGGGGCGCACACTCCGATCCACGGCAATGTGTTCCTATGAGAAGGATTATTGGGAAAGACCGCGCAGTGCTAATAAGTCCTACCACATTAACTCGCACAACCGTTCGGTTTCGGCGATGTGGTCCTCTGGGCACTTGCTGAGATTGCAGGCTAGCGATAATGTGTACTCCAGTCGAACGGTTCAAGCCCGCCGCTAGTCCAGCGGCCTAGTGTAAGGATCACGAGGCATATCCA,960,48.54,Caenorhabditis elegans
SEQ_513172,TCATCGGAACGGTTGCCTAGAAGCTCTGGTCCAGGTCCCAGAGAAGCGTGCTAGAGCAGACGTCAAGTTCACCTGGATCGCTTGACGGACTTTCCTGTCTAGCGCCGTTGTGACGCCCCCACGCGCAGCGCTGTTTCCAGATGCGCGTGCCGAGAGCTAAGGATCACGGAAGACATGTTATCTGATCTCAAGGATCATTTGAACGTGATCCGTCGAATCAGCACGGCTGAGTCAGGTGCATCGACTTTGGCGGTGTTCCCTGAACGAGGCGGTCCCAAAATCCAACTAACTGACAGCTTGATCTGCCTTATCATTGCGTGGGGCCACTGAACGCTTTCTGTCCTTTCACGCTCGCTGGTTGAACCTGAGCAGGTGTAGTAAGAATCCCCCGTTAGGGTTCGCTCTCGCGTATGCATAGTCGAAAGAAGCTAGGCCGAGTATAGATAACAGTCCACCTCAATAACGCTGGAACTGTATGTCCAGACAACTGAGCGCCCGGAGCAGTTCGCTTTCCCCAGTACTCGATGGGTAACACCCCTGACTTCTCTCGCAGCAGAAAACCCGGACGCCGAAATCGGTAAGCATATACCTATCGGAGACGTCGTAGGTTGACGGGACCCACGTACTGCTCTAAGTAGGGTAGGATACCGGCACTCAGAGACAACATCGCGCGGTTCGAACCACCATGATCCCGGTAACATCGGCCAGGCATAAGAGCGCACTTCCTCCTCGTAGCGTCATACGACCGACGCCGATCGAGTTGACGACTAAGATAGAACCTCAGAAGGAGAACGACCCTTCTATCGAAGTAAGTCTCATGCGGTGAGCCACTTAAAGAACCCGACGCGCGCATATGTTGAGGTGGTCCCCGCTAAAAATGCCGCAGTGTTCCTGAGTGCTTATACAGACGGCATGAAGAACCCCGGTCATAGGTCGCCACCGACTTAAGAGGTCGATCACACGTGCGTGTTCGAGAGAGCTACTAGTACGTTGCCGCATCTAGAATTTCACCCTACGAATCCCATGGGACCCAGGAAACTTGGCACCCTTTTTGAGAAGTTGCGATTGCCAAGATAATCGCTAGAAAGAGTTTAAAAGTAGGGCATAGATATGT,1114,52.96,Escherichia coli
SEQ_960038,ATTAGGTGTCATTTGCACCTGGTAGACCCCGATCTTTGCAACTTATTAAGCAAATTCTCCCCGTGGCTCCACTTTACGACGCACGGCATCATGCTCCTCGGACGGTTATTTCGTCGATGTTTAGTACAGAGCACTTGTTCCACATAACCCAGAAAAAGAGTAGATCATGTTATACACTTCAGATTAACCAACGGGAAAATATGCAATTACCGGGTTTCCCACGCAACCGCCCATTGTAGTGGTGATGACAGTTACTACATTCTGGCTAATTGAAACTAAATTAATAGGAGGTATCGGATCTGAATCCCTTTCCGGGTCGTTCAAGCAAGGTAGGCCTGTGTTTGTAATAGGTTTGCGTAAAAGTGCCTGCCGAGCAGGTAGAGATCGGCTACGCCCGTCCTGCGCCGGCATCCATTGAGACGTTATTCCAAGCCTGAACCACATCCTATAGATATCCAAAGTAACCTTCGCCTAAGAGTATCCGCAGAACTTCGAGATCGGGTTCGGCGTGTCGGTACAGCCAAGATGCTTAGTTCGGAACGTAAAACAAAGAAAAGGGCAGCAACCGTCCCAGCGGCCTCAACTAAACGCATCGCGTGGAGGTGTGGCGTCGACTCGTGCATCTACATTTGAGGCAGGAGCTCCTTCAGACGCCACTTCGAGAATCGTTCTTAGCCGTTGGAGTCGTGGTAATGCATGTCGAGTTTCCTGTCGGTTTTGTGCGCCGTCTATAGGCACTGGAATGCAGAACGTTACCCATGGGCTCTGTGTGCTCGCGGGGCTACGCCAACTAGTTTGTTTCAGTTTCAGACTCGGCACTTTTCATGGTACATCACATTCCATACTAGAGATAACTCGCGCATGAGGCATGGATCGAGTTCGACGCTTTCGAGGGGACATAATCTATCAGTTCTTACCATATTTATCCCCATGCTGATTTAATCAGAAGTCATTGTGGAGGCCGATCAACGAGTAAGGCGGTCCGTGTCGAGGTTTTACCGCGCCGCGTAAGCTCGCGGTGAGAGCGTCCCGACTCGGCCGGCTGTGTGTGGCATTCGTGGATGCACGTAACCAGAGTCGCTTGGTATCATCTATATCGTAGACACATAACATCGGATGGGTCTCTCTCAGCCATATGCATAACTCTCACCCAGAGGTTTGACTGCCCCATTAGGCAAAGTGCAAAATCCAAGGCTTGGCCGTATGTTAAACAGCTGGAAAAAAGATCCTTTGACTGCGATTTATGAATGGTAACATTCTAGTATCGTTATTCTCTGCCAAGATGCTTTTCGGATGAACGTCTGACGCCGGCCGTCGTCGACTTGCGTGGCGCACGATAGACAGTTGTCCTCCAGCTTGACCATGTGAATCTAAAGTGTTATAGGGCTGTGCAACTCTTATTTACTCCCATGAATACATGAACTGGACTTACTATGTACGTACTCAGGGTATGGCAGCCTCAACGATGCTAATAGATCCTGATGTTCTTTTTCTCGACAGTCGGATGTGTCCGGCGTACGATTCAAATCGAGCTGTGGTCAGTATCTAGTTAGTTAGGCTGTCACTCGCTTCAAGTAACAGACTACTCGGGACTAGCATGGAACGACCTCGAAGCCCCATCTTGGTGTGACGCGGCGCGCCGAGCTCTGAACCGATATATCACATCTTAGGTAGTTCAAGTTTCATCGTCTCCGGATGTATTCCATATAGTGAATCAGGTCAACTATACCTTACGGGCGGTAACTTAACGCGGATAGTCCGCTTTTGTTTCCTCGGCGACGAGGAAGGTGAAAAGCGAACTCGAGTAACCCGTAGGGGATGCTGAAGATTGCCGCGTCATTATTCGAAGGTCACGCAACAGAATTAGGGGGTCCAGATTCCTTTTAAGGCACGGTTTTTAAATCTACTCTTGGGTGGGTCGAGGCCTGGCACTTGGCCACGGACACGCGGGGCCACATGATCCCACAGAGTTATCGTGGACCTCGAGTCCGA,1992,49.4,Saccharomyces cerevisiae
SEQ_354256,CGATTGCGCAAGGAGTGAATTACCGACGAGTAGTTACATTACACGCTGGAAACTGAGGTAATTTAGTGGTCTTTCTGTGTCTATTAACATTCAACAATCGGCGTGTCTTTCTATAATTGAATCCAACAAAGGTGAGGGCCGTCAGCCGCGTCATGACTAAATCGTTCCCGGCATAATACAGGTTTACAGTACGATTTTGTCAGGTGAGAGTCTTAAAAATGAACCGTGGTATGCGTGAAGACACGTACAGTTCGGTAAGATTATCATACCCCTTGTACCCATTAGGTTATGCCAACAGGATGATAGCTTCAGAGACATTGGTCCGGGTTAAGAGCACCTTAAGCTTCTCTTCATACTGTCGTCTGGGTCGTTCTGGCATTAGTTGACTTTTGGGGTCAGCAGACGAGGGACGTTTGAAAAGTCAGTAGTTCTGTACGGAACGAATCCGATCAATCGTATGCAGTCTCTGAATCACGTCGAGTTTAAACGACTAGCACGAGGCCTCAAGAATTGGAGTTTATCGAAGATATAAAGACTACGTACTTGGGTCTCGCTAAGCCTGACAACAAACTATTTCGTCCGTTTTTCTGCAGTCGTGGTAGACGAAGCTGCCGAATTCAAGATCAATCGCACCGCTATCGAAAGTTGCGAGTTTTCTCAAACGAGTCCCAGCTCCCTCGTAGTAGTCTGCTAGTTGGTCGGCTCTCTGTAGTACCCGAAATAACGGTGTACGGAATTAGAGCCAGTAGAGTATCTGCCCTCGTTGTTGCAAGTTGGACAACTAAACACCCACCCTCCTGGCCGAGCCACGGCCTCTTCCGATATCGTGGAGTGGAACGGTCGTGCGCTCCAAGCCCGACTGCCCCGAACACTAGGAAGGCTACAGGCGTATGTACTGCCAGCACTT,907,47.74,Escherichia coli
SEQ_775683,ATACTATAATAACGCACAGTCCAATGTGCAACCTACCCGTCCACGCGTTAAATGCCACACAGACAGTGTGCGCCGGGGTGAATGCTTTTGGGGGAGAACGTTTTGTTATGCGAATTTCTCTCGTGCACGATTAGGCCTTAGTAAGTCCATGACTCACGCTTCCAGTCGACGCGGACATTCTCGGTCAGTCCGAAATCAGTAGGTCCTAAGTCTATATTCCCCGATAGCAATCGATACATAACCCCCGCATAAAAATCCGTTCATCGGCCTTGAACCGCCTAAATATTAAACAGCTGAGCGCTTCAGCGCCCGTACTTATGTGTAGATGGGGAATCTAAGGTGGGGGGCGGTATATCAATATATATAGAGCCTAACCTAGTACGTTCCATTGCGATAGCCTGGTTGCGCTTAACTTATGGGACGTTTTGTTATTACGCGTGCAACTGCCCACTAGCTTTAGGAACTAACGATCTCGCTGAAAAAGTGAACGGCTAGGGATATTGGTGTGTAACCCCTAGCAGTTCACTACCACCGCTACGCACCTGACAGGACAGACCTCCGTGCTGCCGACAGGTATGTGTCGTGTACCAACCAACTCAGGATGAGAGGGCGGTACCCTTAATAACTTGATATGTGCTATGACTCCTTTGCATCAGCACAAGTGCGGCGGTAAGGTTTTAAGGTGTAGAGCCGTCATAGTAAGCGATATCCGCGTCACCGGAGCCAGCGTTTCTGACACTGGTTATCTCTGTTATCAGTAAGTAGGTCTTACGTCTACGTCGGAATTGTTAATTGCCCATGTCATCGGTAGAAACAGTGTGAGTGTGAGTGTTAATCCCATAGTGCAAGTGTCTAATTGAGAAATCGGGGTTCTCGCCACGAGCAGGGAGAAAACTTGCTCGCAGGGACCGATTTTGCTTTCTATTTCTCGCGGACGAGTGAGGTGAATAGGCAACAGTCGTATCGGTACGAAGACAACACAGTCAAATCAACCGTGGTCCCTTCTCTCTTGATAATGCTAAATTTACACTCTCACCGAGTAATCGGCCGGAGCACCCGGTCCTTGGGGGCTCTCGTATTCGCGAAGACCGGCGGTCCGCAATAGAGACCGCGTGTGTGGATAATCCGGATACATTTGTC,1140,49.12,Caenorhabditis elegans
SEQ_514105,ATTATCAACCATTGACGGCTATTACTTACGGATTCCGAGTAAACTATGGGGCAGTCGAATATCCTCTCTTGGTCGAGCATGTAGCGCACCGTCCCGCTCGTAGATCAACATCGTCATTGATTGTGGATACATATGCGGTCGTTGTTAACGTAAAATATGAAGAGTACTATAATCGGGCACGGTTCGGCTTGCTCTTGGGACTCATGTGTGCTTAATACCTACACATAGCCTTGCTGTTTTCCCCGTTCGCGAACCCGCTACTAAAGGCCTTGTGATGTCTGCACATGCAAACCACATCGCGATACACCGACGCATGCCGCAATCAGTAGTGGAACTCGCCCG,342,48.83,Caenorhabditis elegans
SEQ_852860,GGGGGACCTATTGAGATCTTGACTGTTACCCCTATATCTCAACGTATTACATAGCTCAGAGAGCTCGGGGATGGGCAGCCACATTGGGCCCTCGCCTAAAAAACTATTCTTCTCTATCTCTCTCTCCAGGGTACAGGAGTTCTCTGGCCTTCGAGCCTTAGCCTATCGGCCACCTGAAGCTAACCGCCAATTAGTATCGGACGGTGGGCACCGATTACCATGAGAGCGCTCGCCGTCCCTCAGGCGTGTACCAATGCGGTATTCACTTCGCGTAGTGCTAAAAACAGAGTGGTGCTTACCTGCGCGCACGCGACCAAGTTACGCTGGTAGGGTATGTTCAGACAAGTTGAGGTTCATCTGTCGGTCACCTCTTTACGAGCATTATTAGAGTAGCATGAGTCGCGTAGCAATGTGACCCGCCCAAGCACCGACCGCTTATCTTTTCATCGAACGGAGTCCTGACACGTGGAGGAAACTATGCCCAGATTCGCACCGCTATGGTGGCGTGCGTCGGAACCCAGGTCTATACAAGGCTTTACCATTGAGCTGGGCACTAACGCGACAGCTCCCATCGGTACGAAGATAAGTAGATCGTCCAGGATGGCAAATTACAAGTCGAGCATGCATTCGGTCGAACTGACGCGTTCTCAGTTAATCATTGCAGAGTTAGCAACTAATAAGATCGCCTGTTGGTCAACATACGACTTATAGCTTACCCACGTCCAGCGTTGGTTAGTCCGTGCGGCCGCACGATTCCACGTACGGTATAGGCTATTCGCGGGGATGCTACCTCGTAAGTTATATCTCGGTATTATCCAGAGTCAGCATGCGGCAAGAAGTTCGATGCGTAACGGGTAATGGATTATTGTGTTCTTTTTCAGTACGCTCACAGACAACGAGACAGCATATTATCTGGTGCTGGATGTGCGGAAGGCCGTCACA,942,51.17,Homo sapiens
SEQ_436764,AATGATACTAGTCCAACGTTGATCTGATCCATTCGGATCCGAGACTTTACTGTATGAGAGTGACGGACAGACTGGGACTGGAGGCAGCCTCGCTCATGGGGCATAGAGTTATGTTCACGATTTTATCGAATCTTGAAACGTCCGTGTTGTACCCCAACATGCTATGGTGGATTATTCATGGCCATTATGATTACAAGTATATTCATGTTTGGTTATCGTGTGGTTTGTCCGCCTGCTTAGCCAGATACGACCACTCCATACCCGCCATCTCGCGGGACCCCTCCACCATGAGTGCCTCAGTTCGTTCCGCGGGTGGCTTAGACGAGCACGGTAGGCGGCTCGCTCGGCGTTGAGCACAGCTTCGCTGTTTTTCTTTGCGATTGATGCACCATGAACAAGGCAAAACATAGATTTTGAGCACTCGACATACAGAACCGGCGCAAATTATGGAAATCGCGCGCTGAAAAGCTACCGCGTAGTACTGTACTCTTTATAGGCTAGACCGAACGCGCTTCGACTTCAAAAGTCGAGGGTACCGTTCCATTGATGTTGGGGACTGAAAAAATGCTTGTTCGGCGTGTCGGGCATCCATGCACAGACAACCCTCTAACTATATGGGACGCCTCTATCCAAGAACCGCTGCCCCCAGTAGTCCTACCGCGTGTGACTTCCCCGTTAGTACCTCCAGAAAGAAGGGTCATGCTTCCTTTACAGT,715,50.21,Arabidopsis thaliana
SEQ_836753,CGACAGGACCACACTGGGCCCAGTGCGCTACATCAGGCATACTGCCCAAGGCCTAAATTAGATGCCATTCAAGTGTTGGCACCGCGGAAGGCCAGCTGCATTAGGTTAACCACGACTAAGGGGTGGAGCAGGCCAGTCGTAGCATTAGGCGGGACTACGTTGCTCCATAAGAAATTTTGACTTTGCTTCATTGGGCACTTGTGGTCGCCTGGCCTTACTGCCACCGACCCCCATCCCTCACTTCTTTTTAGGCCTTGTGGGAAATCAGATCCTCAGCCTACCCCTTCGCTATGGATACTGGAATAACTATAAGGAGCGCCTGATTGTGTCCCGGTTTCCTCGTCCACCAGGTCGCAAGATCCCGTATCCGCGACCGGCCAAAGATATCTGGCACACGGAACCACATCCCAGGGTCTGCAATATCATTGAAATGAACGTGGCTTATCAGTCCTGGCGTTAAGCCATGTATGGCGTTTATGCCACTTTTAGACCCGACCTGCAGCAGCTATCGAGGACTGGGGTTGCAAGAAAAACCGGTAAAACGGATCGTAGTCTCGAACGCGCCGCAATGAGTAGATCCACCTACGCCCGGATCGACCTCCCCACGGCGAAACGACGTGACTTTACCTTTATCAAACCGACCCCATCTCGAAGAACGACAGATCTCGCGGGTCGAGTGCCTACGTACCGACTACTGTCCGTGGCGCTGATCCCGCTTTACTGTACCCCATGAACCACAGATAGGACCCTGCCTATACGATAGGGTGTTTTCGGCACCGT,780,53.97,Drosophila melanogaster
SEQ_494104,ACTGCATTACAAGAGATATTTGGATACCGGGTTAAGTGCGGCGGGGGACACCTGATTGTCACACGCTCAACAAGATGCTGTTGGTGTCCAACGTCGAAGGACGAGCACGATACTTGACTAGTGCGCCTGTAGAGCCCGAGGGCTGACCCCTCCGAAAGGGTCCTGGTTTGGAGGTCCCTGTGACTTCCACCCATACGTGCAAAGTTGCCGAACGGGAGCGGCGGTTTCCTTAAATGAATAGCGCGCTCGCACTATTTTGGATGATAATATCCGGAGCTCGTTGTACCCAGCCAGATGAATGACTTGTCGGTGACTTGTGCACCACCTTGCTGGCCAGGTCAACTATGCACTTAAAACTAATACGTAGTGGATATCTCTCCTCACGTAGCCTGAGCGTTAAGGAGTCCGCTCGCCTATCACGGGACGCGATACGTCCAAGTGTCAACTCCAAGGTGCGAGGGAAGCGACCGTGGCGAGCTCTAGGTTTGGATTACAATTCGAGGGATTATCAGATAAATGGGCAAGAGTGATCTTTCTACTGTGCGAACTTAAGAGTGGTCAGCTGATTGGTTGAGATCTGGTCGAGCGAATGCGATGAGCCCTCCTCCTCCTCGTAATGAGTACGTCAATCCTTCCGTTAGGTTACCGAATAATTAGGTAATAGCATTACCTAGCTTGAAATCAGGTATACGAACAGCTGTCATCTCATAGTGGATCATGTTAGCCTTATTGTAACCATTAGAAATACACAAATATTGTGATCCTCAACCTGTAACCATTGATATTGGCCCCCGGTGGTAGGTCCGTCAGTTTAAGGAGAAGATAACCGATTATGATTTAAAAGATAAATCTGCGCCGAGGTGGGGAATTGGTCAGAAGCCGACAAGAAATGCGGGTTGAACCGGGCTCAAGCGCAGTTTCTGCGTTAGCGG,932,49.25,Escherichia coli
SEQ_920408,GAACCACCATGGAGTATCATATGTCTGCCTCCGCTGGAGTGGGCCGGACAACACATGAATGACAGGATGCATGGTAATGTGTTGATGTCGGGCGTGACACCATCAACGACTGAAGCTTAGTACCAGTCGCTCGAAGCAACGTGTTACACGGGTTGTAATCGGCCTTAAGCCCTTCGACGGGGAAACCGCCTCCGCCCTCCGAACTTAACTGCGCTCTATGAGGTAGCCGTCCGCCCGGACAAACCCACTATTCAATATAAGAAGCTGCGGCACGTTGACGGAGTGCCCTTTTATATCAATCGATGCCAGATGGTTAGCGTAAGCTTGGTCAGCTAGTGTCGCTTCAGCCAGTCAATGGCCGGAGAAGTCAAAAACCACACAAGACGAGGGGAATCTATTTTGAGATGTTTTGATCTACGATTCGGTTTTCGTACCATGGCCTAGCCTCTAACCAATGAACGAACATTTGGCTGAGAACTCGGATTACTTAATCGGCGACGTGACGTTGTGGGATAGTTCGTGATTTACAGCGAGACACATGCGGCCTTTAGAGAACAAAGGGGCCCTCTCAGCATCACTACTCTTCACGGGCCACACCCATCAATGGTGGCTTGATGCTGGGCCTTAGGTCAAGCACGGGTCAGAGACACCGCCTAGGTGCAGAGACGACGTCGCCTTACCTCGTAAGACCAGTGTGAATCTTGAGCGTTATCTCACAGACAAATCCAATCGACCGCGTTTCCAGGTTGACTAATGCGCTGTAAGCAATCTAACCAGGGGCAAGTTTAGCTAGCGTTCCTCCCATTCGGGGGTTCCCCTATGAGCCACTCGGCTGGTCTCTTCAGCACCCGAGGGTCATGACGTTCGGTAAACGCTCTTACGATCGGTAAAAGCGAGCCCAACACTTAGTCCCAGTACCCGCTCCTTAAGGAAGTCACTCGTGAGCCGTATTGCCTCTATCTGCCCCAACATGGATACGCAGCGGTCTCGCGCCCTGCTCCGGCTTAACTAAAATCTTTTGGACACATTGTTCTCAAAACAGCGCCGCTTTTTGAATGCATTCCTGGTTAGTAATACGTTGCTGCGCTGAGCACTCACCCCTGACGCGATGCTTCTCGACACGATCTATGAGTCGAGATCATCGTGATCCCACGTCACGCCGAGGGAGTGTATAGACCCCATAGGCAGCTACCTTGTACGTGCGGAAGTACGGCGGATGTGTCTGTCCCGCGAATGAGTCTAACACAGGCGTCACGCTAGATTAAACAAGGCGAAACAGCGTTAAACAGTCAAAAATCTTCTCGAAAACTCTCGACTGTCTCAAAAGACATAAGTTTTTCCCCGCAGCATCCAATTCCTCAAACTTGTACAATTCTTGAAGCAAACAAAGCCACGGTGGTAACTAGAGATGTTGAATAACCCTTTCCATGTTCTTGTTCACGTTATCGGATTAACATTTCTCGTAATAGTGTGCCAAACGATTAACGCCAGCACTAAACATAAAGCGTCTTGCTTAACTTTCCGACTCGAGAGGTGAGTACTACCACACTTCGCGAAGACGAAGACAGGTCATCAGAGCGTACGCTTACCTAAGAAACGGGATGCACTGTATCTTTCCGTAGTTACATAGGAGCATCAGCAGATCCATGACTTCGGTAGAGATTCTTAAACGGTACAAGCCGTCCGAAAAGATCAGAATCCCCATCAATCAGTTGTCCTGACCAAGGCGCTTTGATGACGTAATCTGCGTATCGAAATAGGCATTATGAGCTTGTTAGCGGACACCTAGCATGACACGATTGTACGTGGGTCCCACAGCCGTCCAATTTAAGCAGTGTGCACGTGGTGGGCATGCTATATCCCTCCATAGTCGGCATACAGGCACAAGATAGCACGCTTCGCTCCTAAAATGCGAGCTGATAGCTCCCGGGCACGGGTCTATACTATACCCACGGAGCAGAAAAACATAGCTCAAACTAAGGGGGAGCTTGA,1992,50.05,Saccharomyces cerevisiae
SEQ_155115,TGAAGAACCAGGACTGGCCCACAACCACTATGCCAGTCACTACCAGTGTAATTTCCCGCGGATTGGACGGTCGAAAAGTGACTTTTGGCGATGGTACGCCGTACGGAACAACTCCTGAAGTCTAAGCTCGCAGTTGAATACAGGATTTTCCAGCACGCCACGTCCCTAGCAACGGCTTACCTCTCAACGGAGCACGTTGGACTGGAATCGCTTAGCCAAATGTAGTGGTGGCGATTAGCACAGATACATACACATTGATCCGGCCAGCAGCTATGCCAGTTGTCGAAACGCGATTTGTTACAGGCGTTCCTGATACTTGATTTACATCATGTAGGGTTACAACTCACTCATGACGCCAATCGTGCTTGTGCTATAAGGTACTTGCAGATGACCCTATCAGCGTTGCGAAATCTCGCTAGTAAATCGACGACTAACCTTGTCGTCTGTTCCTAATTCTAAAGGTCTCCAGATAAGTAGTATTATTACATAAGAGAAGATGAAGTTCCGAGCAGATATCGGGATTTTACCAGGGGCGCAGGATCTACGTACCTCGATGTCGTTATCTAATCTTTCTTGGAAAACAGTATATCTTTTGCTGCGACGTCGCGCCCGATATGAAAAAAAACTGCAATTGCGTCAACAGCATTGACCCACACTGGGATAGCATAA,669,46.79,Arabidopsis thaliana
SEQ_441450,CCAGCCGCGATTGGGACACTTTCGCAGGCCACCTACAGTACGAGGACGCTGGTGGGCTAGGAGGGAGCGTAGTACAACCTATGCAGGTGCCATGAGACAGACCACACACCTATTCTCGGACAGAATGCCCGGTATAACGGCCCACCTTCTCACTCAATATTGCAATCATTCTCGGGAGGATGCTCTAACCTGAGAGAGATCGCACTGCAACGACCGAGATCAAAGATCCAAGGATAATCTGGACTGCCGGGGGACATGCCCTGTTGAACTCTTGGGCTTCCCAAAACATCAGGGTTGCAGAGAGTATGCGAACTCACGCCATTCTAGGGGGTTAAATGCTCAAGCGAGACCCAGCTCGAAATGATAACTGTTTCGTGGCACTAGTTTTATTATCAGGATA,400,51.75,Caenorhabditis elegans
SEQ_145635,CTGAGGTCAGTGGTACGTCTTGAGTAACTGTCATTCTAAACGCAGTGGTAGTCGGGATCGGCCCGTGACAGTAGCCTGTGTTCCTAATCGCCTAACCACGCTCGGATTCCATTGGATGAAGCTTTAGAGCGGCTACAAGTCGTGTATACTGGGAAATCCTGACTGTCCGTCCTGATCGACTGAGCAAATTTGAAGTTGACGATGAGCGGCGAACGGGCGCCGTTTCGGCTCATCAACACAGTAGCGGATCCTAAAGAGGTTGGTTTCGATGCGGGAATGTGAGAGTCTCAAATGCCATAATGCTATTCGAAGGCCCTGTAGCAGTCCAACCTGCCGTATCAAGCAGAGGCAAGTCGTACACCCCGATAACTTGAGAGCGGTGCGAGTAAAACGCTGATAGCCCAACCCTGTAGGGCTTTATTTGATTCCCTACTATACTACATTACGAGATCTTCATCTCTCAAATACCGCCCTTGCATTCGAGCGTGTGAACAAAAGTTCCAAATAATATCACCATGTCGGTATTCCAGTAGTAAGCATTTGTGATCCGTGTAACAGATGTCAGCGTTTCGGGAGGTCCGGGGTTAATTTGGGGTAGACTACGAAATCCCCATGCACACTTTTAAGCTGTTTTCCAAGCGTAAGAGGATGGGCCATACCGAGGAGTTCCTTCATGTACTCAAACCGATAAGAGGATGTCTGCAGTCCTACCGTTTGGACAGGTGTAGTTTCTTGGACGTTATTCGAATCACGGAAAGCGATGAAGCCTTTCTTCTCGTGCACGCTAGGTATTCGATGG,799,48.69,Drosophila melanogaster
SEQ_483544,CGCTCGGTCTGAACCGGCAGAAAATTTCGGGGCTACCATGGAGAGGTAGCCTCTTATCAGCCCTTCGACACAAGGCACCATTAGCTTAAAAAAAGATCATCACGCATGACAGCGCCTGGCAACAGACTACAATCAGTAAATGGTTTCGTCCAAGCACTGGTAGTTCGACCTCCAAGGACACCAAGACCACGATGTCCCCGCTGAGATTGACATGGGAGGCTGAGGGCTTGTAGAGCAGCGCGGCCTGTGCAGTCTACCTACCGCATTGAGAAATCCAATCTAACCCGCGTGAGGCACAGCCGTGACTAGATCTTGCTCTCCCCAGTTGAGGCCGGACCTGCGCAAGGCGCGGTTGTTACGAAAGAAGATCGCAACCGTAGCATGTGATAGAGTCGCTATCTTTGGATTAATTAACTACATATCACCGAATTGCTCATTCTCGTCGTAAGACTACTTCATACCGCCCTGAAATTGTAAACGTACTAGTCTGCCACTACATCCGCATAGTATCGCCACTTGGAGATGCCCATAAAAGCTCGTAAGAAAATGATAGAAGATTAGTGAGACGGGGCTATGATGTATTGGCGAGCGATGCGGCGTATCTCGGTAGACGCCAAGCGGCTAGATATCCAATTTGTCCA,641,50.23,Mus musculus
SEQ_715816,GGATTGCTGTCCTAGATTATTGTGGGGGGCGTCCCTGCTTTTTAGATGACGTGAGTAAATAATTCACCCCCTGCTTTGGGAATGGGAATACAGGGTCAGTGGGATATAAACGACCCCCAGTTGCTCAGTGTTTCACGTCAGGCCAATGGACTAGGAGCCTACGGCTTACTATCACGGAGTTTCCAGGCTGGCTGTCAAGGTCAGATCCTCTGCAGATCCTGAGGCACATCAATCTTCGGCCGTCTGGGAGTACCAAACATCCCACGGCGTGTTGTCGGTGAGGGGGTGTTTCGGCATCCGACATAAACATGTGTCGCTGTGAAAGGAGTTAGAGTGGTCACCTCACCCTATTCCATAAATAATTTGGTATC,371,50.67,Mus musculus
SEQ_347204,TACACGGTTCAAATTGCAGCAAATAATTGCTAAGGAAAAGTGATGTCAATTACGGTGCTATGTTTTTCCTTGTGTAAGGGTAAATCTCCACAGATGTCGCTACCGCTTATTATTCATAGAGGCATGACCGAGTTCTCTCCTCGTCCCGGATATGGGATGAATAGCCCATCGTCTTATAATTTTCGGAATCAGTCCGTCCTGTCTCATAGAAAGACTCTGACGCTGCTTGAACCGGCAGGCCGCGCGAGGGCCGTAAGCCAACGTCAGGAGCGTGTGAAAGGTGTCTCCGCATAACCATTGATAGCACGTTAGTGGTCCTTCGCCGGCCCCTAGAATGAGGATAGCGAAGAAAATACGACTGGTAGCCTGATAAACGCTCTACCAGAGAATTTGCGGCATGTAAGTAGTTTTTGCCACCGTGAGCGCTCTCGCTGATACGGGACTGCTACACACCTTTATGGTATGCTCGATGATTGACAAAAGCGAATGGCACTCGTCACTAATCACGGCACGGTCCCAGAGTTCCGCAATTGCCAATTATCTATAGTACCCTACACTTATATCTTGACGTATGGACAGTGCGAGTTTCACCGAGGGTAGAAAGCCTACAGAATATAGGACTACAATCCGA,631,47.7,Caenorhabditis elegans
SEQ_793984,GAGGAGCCGTAGATCCTCTTGAGATCATGTATCCATTTTGCAGACCGGTGACTGGGGAATTATCCAAGGCCAGTTACGCGTACTCCCACATTGCCTAGTTATACTAATGCACTGGCCTCCCACGGTGGGCACGGAACTTAGCTAATCCTATCATGACTGCTGAGAACGGCCGGGAACTGTCTTTTATCATCTCATAACGCTTCGTGAGAAGGAGTCTGATCACTTTCAAATCGTATACACCTTACTGAGGGATACCAATACATCTAAATACCTGTCAGTCTGACTTGGTGGACGGCGTTGCGGTCGTACAGAGAGTCAACTCGGCGATGGTCAATTAAAACTCACCCTGAGATGAGAACCTTAGCGTGTATCGGTGAGCAGGATCGCAGGCCCTAATACAGCCTACTGTGAACAGTTAGAACGCAATTAGTACTCACTGCACGCTCGTCTCTGGATCTGGGCCATGGCTGGCTAGGAGTCCGGAATTGTCCCAGAAGTGCGTGAGCACGTGCCGAGTACAGTAAGCCAAAACGTCTAGATTACCCTCCCTGGGTGAGATTGTGCACTTGTTATCGACCCTAAAAGGGCACACGTCCGTGCTCGCCCTGTGGCCGGGTAGCCAGACAGAGATAATTCAACTGTCATGCGTCTTTGCTTGGGCTAGCCTAGCCCTCTTCTTAAGTCGGAAGAAACGAGGATATGGATGCTACACCGTTCAGGCGTCTCTGCTAAACTCGCGCCGATTTTACATACTTGATTGGACTTGGCTCAGAGTTGAGGTTGATTATCCGGTTCTGTGGGGAGGCTAATCGAGTAGCTTCAATGTCAATCAGAAAATAATCACTACTGCCTGCATAACTTCTATATATAAAGATAATCCATCAGGTTGTAAAGTACCTGCCCATCGTTAGTTCACGAGGGTGGTTTGTGCGCGGGCTCCGGTATCAGGGCTCCCTGGTTGTCGCACGACTTGAAAGTATCTCCAGTCTCCTTGGATGGGCGCACACACCCATGACAATGCCGACCCGAAACACAACTCCGTACTTTACGGGGGCAACAAGACTTGCCGTAGTTTAATAATGGTTTCTGTGGACCTGAGGCAAGCGGTACGCCCTACGACGGTGGTCATTACATTCGCCCTCTTGAGCATACATCGATTTAAGACTTCGAACACCGAGGCGTTGCGCAGAAGCACGGTTGGCCTTACGTACGCTCGTCATGCTTTCCATCTTGCAACCGCATGGGTTCCTGGCGATGAAGCAGGACAGTTGAATCCCAGCATCCCCCGAATCAGTGGAAGGGCTGTCTGGAGAAAAGATTTTGGGCGATCACTCAACCCTCTCCCTAAT,1349,50.48,Mus musculus
SEQ_803473,GGACTGTGGGGCATGAGTGTTTAAGATTCACTCATATTGGCGATGGGGAGACCAGATCAACAACTATAATTTCGGATGTGACTTGCCCATTTGGGATAGAATTAGAGACCGTGCATGGTTTAATGCCTTCGCAGAACTAGTCTTAGGTGAGGCAAGGCACTATCATACCGTGGGACGGGTGAATGCCTGTACTAGATCCTAGAATCTGCTGACCGTTCTGTATGGCCTTAATGGGCTTCTCGTATAGAAGGCAGGCTTGTGTATCAAGAGTCTCGGCGCGTAGGGCCCTAGCGCTCTAGATTTATTTGAGGGACGCGTACTCTGTCAGTCGGGGCCTACTTGTCTGCAGTCCCGCAACAGCCCACATATGCGTAAATATTATTCCAGAGGACTCAACCAAGGACGGTGGGACCGGCCGCTAGTTATAATCGACAAACCCGGCTCTTGTGATCAACGTGCACGTCGCGCGGAGCCTTTCGTGTGCAGACCACGTATGCAGCAAGCTGGCAAATCGACACAGCCAAGGTTAAAGCTACAGATTGAATCCTATGTTGTTGACCTCATCAAACGACTCGGAAGGGGCAATTTAAGAGAGAGGGCAAGTCGTGCCGTGTAACTGTAAGCGAGGAAGGACGGAAATCTTGAGAGCCGCCCAACTCCATCGATTCTGCATCCAGTGTGATACAACAACGTCCATATATCCAGAATTTGCCAAACCTGAAGTGCCGGTCACGCGAGGCTATAAGCGT,749,50.33,Arabidopsis thaliana
SEQ_459440,TCATGCTACTGCGTGTGGCGATGTTAGATCGAAGTCGAGGTCAAGCGTTTGACATGTAAAGCTCTCCCCAAGGTGAACCTCAACCGGAATCACCGGCACTATCGAATTTTAGTAGGATCTAATGACTTGTTACTTCATTAATACACTATATAGCATTTAGTTGTGACCAGCCAGGCCTGCAGCCAAGACGTACGATATATTCCTGCTATTTAGATCCCCAGTGATCATAACTTCGACCAACTCATACTCCTTCTCAAGGACGGGGGAACTTGAGCGTTAAATAAAACAGCGAGCCGTGTAAGAAAAGGCAGCGTCTCATGCGCATACATCTCTGTAACCGTATCTTCGATCATGCTGGCTGACCAAGCCATTCTATGGTACGTTCCACAAACGGGGCCTCTTCTGTTCACTTGTAACTGCTAGGTGATGTCGTCCCTAATCTAATCACCCTGTAATATCACCAAAAGGAGCTTAGTCGGATGACGGACCGAAAATTTTTTTTATTAACTTGATTACGACTAACTTGGTGTTCGTTTAAGATTCTACATTGAGTATGCCCACCTCTTTCCCCAGATCAACTATATCTTTATACATGGCACGACCTACAAAAGCGTGTATGTGCCTCACGACGTGGCTGATTTGTACCGTAGTGGAAATCGCACCAATGAGACCTGTTTTGCGCTCCTGCTGATGGCAATCGCATGTTTAAGCGACTACACACTGACCCTATTACTCGGGATACTGAGCGAAGCTGGCTTCCGTCTGGTAGCCCCGGGTACCCACAGTTCGCGGTACCGTAGATCGACCGGAGTCGTAGTAGAGAACTGAAGCGTACAGACACACTGTGGGAGGCTATCTCGGTGCTTACGACTCACGTAATTCATGCCTGCATTACGTCTACAGTAGAGATTCCGACAATATGGTCTTGGACATTGGCTGATTGTGAACTGAACAGATACCAATATTGGGTCCTCCCTTGAACAGCCACCGAAGGCGGAGGTGGGGCTTTGCAACGTTTCTGCACCGCTGTTTAGCACGGACAGAAAGGTCCTTTGACTCGGAGCTACAGTGTTATGGGTTTCCATTATGGCTAACCAGTCGCTAAGAATATGGATCTC,1118,47.14,Escherichia coli
SEQ_808749,AACTACGAATATATGCCTGTCCGGTTTGGTTAAGAGCCGGACCCTTCTAGCTGCAAATCCAGCCACTTAACAGCAGAAGACCTACAATCTTTTCGGCGCACTAACGCTCGGTTTCACCAAATATGCGACCTTCCATGGCTAGGTAGCTCGCGTCTTTATTCCAAGAAGATCGGGGCGACTACTTACATGAGAAGCGCGGGACCTCGCACTTCGGCTTTTAAACCCCACCCTAGGTGTGCGAGGTATGATGACTCATCCGCCCGCAAAGTCCCAACGTACGCAGGCACTACACTAGTCAGCATTTTAATGGAACAGGGCCGCTACTTGAGAAATAGACACAAGGTACTCTGCTTCTTCATAGCGTATGGTGCGGAGCAAATTACTAGCAGGTGGGACCCAATCGTATGACCTGAGTTCGAGTCAGCCCGATTACTACGTGATGCATATACAAGGCCCATTACACGCAACAGCCAGAATGGAGTTAGGATCTCCCCAGGACTAGTGCCTCTGTCGGGGGCTTACTGATTTAACCCCAAAATGGGCAACTAGTCTTTATGTGTACCGGATCATCAATAGCGTGGCGTGACAGAATCACTACGGGTGTAGCATGCTGGATGGGTAGCCGCACGGCTTGTATTCCGCGTAAAAGTCTGGCCCGGGCTGCAGTTAACTACCCAAAAGTGCGTTGAAGGAGAGGTGGTACCCTCTCAGACAACTATGTTCACTTATGCCTGGCAGCGCTTACCAGAATTCGGCAGCCTGTTAACGCTAATCACTAGGCAAACAGGCCTAATCCTAAATATTTGGAACGTACATTTGTTGGGAGCCCCCCTACTGCGTACCTGGTCCCTCCTTCGAGGGATGATTTACTCTTGTAACCTATGTTCATATGGCCTGTATCGAATAATGATG,912,49.89,Homo sapiens
SEQ_426309,GGGCTGCGCACGTCTTCCGATAAGATGATAATAGCCTGTCTTTATAATCACGAACACGAAAAACGCCGTCCGTACACTCGCAGGCTACGCAGGTATGCTTGTGGGGGTTCATCGGTTCGAAGACAATACTGCAGACATCCCGGTGTTGGGTACTTGATCTTGACGCTCCCTTGCTAACGCGCCCTCTCGTAACGCAACATGAGCTTTGGGGTGTCCAAACATATCAATATCAGCTGAGTGGGCATCACCCCTTCCGGCAGCTCCGGGTGGCATAACACCCACATGCGCAGAAGGGCGCTTAAACCGCTGGTTTGCTATTGCAATATTTCAGTACTGTAATGTTATTGCGTGATCGAATGAGTAGTGTTTGTCAGTCTTTTTAGATATAGTTCAATCGGTGTCTCGGCTTCACCTTTGGGTAGGTCAACATCATTTCACCGTTAAGGGCCAAGGGAGTTATGGAGCCCTTTGCAAGGTCCCGACACCTCATTTGTAGACGGTTACTGGAGGAGTCACATCGTAAGCAGTGCCTTATGCCGGCCTCTTAAATTATGCTTGGGCTTATGTGCCGCCCAGCGCGTTCCTGAGTGTCGGTGCTTTCGAGACAGGACTATGAACGCTCATCTTCTAGTGGCCCCTTAGCCTCAGAAGAAACAATGGGAGAAGCGTACATGTTTAAACTCGTTTCATTTCGGTACAACTTATGTACATGGTAAGCCACACATTTAAGCGACAGGTTAACCAAGTGCTCAGCTAAATTCGGATCGTTAGATTTATCTGAGTGGGACTAACGTCAGTGTATAAGATCAGTGTGACTAGACAGTGTGGGAGCCCAACCGT,840,48.69,Saccharomyces cerevisiae
SEQ_346344,CCTGATACGAGGATGGCAGAAATAGCCTTCTGATACTTATACTAGGACAGAGATGCGCATTCCCAGGCCGTGGTAAGTCTCCGCCACCTTGCTGCTGCAAACGCTGATGCCTGCCGTCTCCGCACTTAGACTAATGAGCACCCCAAACGCGGTCGCAGCTCAGAGTAGTAGGGCCCACTACTATTTATTTCGTGTTTAATGTGCGGGGTAGCTTCCCGACGGCGCGGGAACCTCCTCACGATTGAGGGAGCTATCGCCTCAGTCAACTTCCTCATTACGATTTTGTTATGTCTACCGGGCAGGGAAGTTCAAGAATCGGAAAAGAGTCATAACATTCTCCATGGTTGGGTGAAAACGTTCAACACGTAGATCTCTTTACAAGTACCCGAGAAACAGGCTCAATTAATCCGAAGTGATTCCACATGAAGGTTTAAGGCGTCTTGGCTCGAAGAACTCAGCTAAATTGAGAGACACTTCGTAAATACATACCTGTTTGTAAAGCTTTTGCAAATGGTGGTCTTCATGATCCATCGCATCGCTCTGTTGAAAAGCTCCGCGGGTGTCTGCTTAATGGCAGAGAGAATCTCCAGTCCACTATATGTGCACGCCTCGAAACGCAAGGTTGTTGGCTCACAAGGACATAGCGACCAAAGGGTGCCTATGTTCTTCACTCTACAGACAACGTGTTCGCACGGCTGTGTATGCCAATAGGCTATTGCACATTGGTCATCCCGCTCGTCCACGGGTTATAGCATACTGTCTGTTTTAGGCATCTCAGACCGAAGGTCCGGAGTTTTAGGGGGTGTGGCGCTCCCAGAAAGTAGGCAGTCCTGCCGAGGAATAGGTACGGTGTAAGTCTAGGGGCATGATTGACGCGGCCTGGTGCCTCATCATCCTTATTACTTGTGTAAAGGAATTCTTATCAAAATTCGCCGGCAGAAAAGACAGCATTATTATCTATCACGATGGCCTCTATTACTTAAGTGGTGTAAGGCCGTTCATTTCTGGATCGAGACAGACGTGTTTATATTCATTGCTGCGGTTCATCGACGACCTGGATAAGGCGCCTACGAGTTAAGCAGTCATTGGCCATGACAAATGAACATTAGAAGCGCTAGAGTCTTCAAAAAGAACAACGAGCGAATATACAGGGATAGTTGGTGGGGTTTGGTAGGGCTCAACGTCTCGGTTAGAGTAGTTCAGATACCGAGCAATATGGTACGAATATCCTTTTAAACTTGTCGGCTTATGATCACTGGTTCAGAGGGAGCGCCATTGCTTAATTTCGGGACCCATGGGCGAGCGATACGTTGTCTCCGCTATTTATTGATCAC,1334,48.05,Drosophila melanogaster
SEQ_521280,TCATGCTCGGGTTGTATATCTTGGCTACCGCAGAATTTTTTTCGACGTCTAATTTCCTCTATCCAATGCGATAATATGTAACAAGCCACTGAATTACATAGCCCTTCCGCCAAATTCGCCACGAATACAACGGGACAATTGCCCGGTCATAGGCGTTCACTCCTCGGGCCAAATAGTTGACTCTCAGTATTTTCAGGTATGGTTTTCGTTTAGGGCGTGTAATGAGCAGACGATCCGAGATTTGCTAGTATATAAAAATTCGCTGTGACGAGATTGGATGATCGGATATCTAGGAGTTAATCGAATCTTCCAGTACATCAGATCACGAACTTGATAAAGCCGGCTTCCTCGGGAGATGCGGTTTCCACCTCTCGGGGCTAATTTCCCTAAATGCACATAAGGTCGCGTCCATTACAAAACGTACGCAGTCCACTCGCCTGCCGATAGCGAGATGCCGAGAGATGTACTGTCAGAGAGGGCGAAAGTGAAACTTTCCATCCCTGTCCAGCCTGTTTGGCGTGAAGTCTTAAGACACATCGAGATGCCAGAGTCGTCTTCAAATTGTGATTGACACCCCCGCCTTCTATAGCTTACTGGAATTGCGAACGGTTGACGGCTGTTCTTTACGCGAAACTGCTGTACCATATTCGCAACCTACTAGCTAGGAGAACTCGGCCACAATAGTTCCCACGTCGGTGGCCATATCATGGCCATCCCGCATGACATGGCCCATCGCTATTCATCGGTTCAGTCTGTAGCTCCGATAATGCGCTAACGCGACATAGAAGGGCTCTTTAGCTTAACATTACGCGGCCTTCTGTATCACACCTAAGTATTGCTGTTCCCGGCACGGGTTGCGAAATGACGATTAACCAAGCTCACGCGTCAACGCAAGTCACCGATTTGACAGACCATAACTTTGTGCACATAGTAACTCTGTAAAATACCAAGCATATCGCCCAGATACACTTACCTATCATCGTCAAACGTTGGCTGTTCATGAAGGCTACAGTATAAGGAACTATTGCCACCTTATGCACGATAATGTGTAAAAAATGACCTACTACAAATATCGGGTACTGACGTGTTAGTGTCTAAACACATTTAATCACCTTATCCCGGAAAAGCCGAAAGTTCCTGATAAATCTTATCTGGTGCGTGGTCCGGATCTCCTGGATTCAACGGGCTTTCAAGTCGTGTAATGCAAAGACAGGTAGCCTTAAATACTATAGGCGGCGGATGCGACAAGATGGGCGGTGGGTTACACCATTCCTTCTATAAGGTATCGGTACGAAACTAAGTGGATGTGGTGATATCGGGCGATAGACCGTAAGAAGACGCAGCGGCTCTTATGCTACCTAACGCGCTTCGTTCC,1375,46.98,Saccharomyces cerevisiae
SEQ_707158,ACAGCTACGTGGGCCACCTGGGGGTGTAGAACTGCTCGCCTGCGCGCGATTTTTGTGGGGAAGAGTCGCGTGGTTGCTACCGTCCCATGCAGTCCACATGTCAGGCATTCCTCGCGATCGCGAGGCCGGAGTGGGACTCGAGCAACCAACGGCAGGGTTAAAATATGGACGAGGACAGGTATATTAACCTCACCATCTTTATGCAAACAATGCCCGATCAGGGGTAGCTGTCGACGTGCGCCCCTACTCATATCGTGCAAGCTACCGCTGCCGCACGGGGTAGCATGGCAGAAAGGCGACTGACGAGGGACAGCCCATGGGTGTGTTAATGGCTCTTTTTGAGGTAAACAGACACTGTTTGCGTAGACTTTGGACTCAGGCCATCGGAGTTGCGGGGCTATTCGGTCCGTTTATATTTAACAATTCCCTACAGCCTATCCAGGTACGTGCACGCTATCGCATCGTTCGTCAACTTAGATCGACATCTGAGGACTTCCCAACCGCACTGTTCGGTTCGAGGATTGATCTACGCCTCCCCGTGCCGCGTGCGTGAGTAAAGTTCAGGACACTGCAAAGAAGAACAAGAATAATGCCATCAGTTCAACCACAACCATCTTATTACAGCAGAGGCGCGCATATAAATGCCCAATACGAGTACGCTCACTTGCTTGGTAGTGCATTATAGGGAACCTTTACGGCGTGCTGTAAACCATTGTGGTTGTAATGCCCTGGCACACCTCGAGACCAAGGTCCACAGTGACGGACTCTTATCTACTCGGACCCGCGAACGACGTCCAATGCATGTCCGATTACTTACTCCCTGAACTTGTTCGTGTCAGACGGGCAGCGTCCTGAACCCGCACTGGGAAGAACTTACAGGGCGCAGATTACAGATAACGCAGTTTCGATAGAGGTTTTGTGTTAGGTATTCCCCTTGAGTGCAGACGATGGAGGGTTCGCTCTTCGAGCGTGCGCTATAACTGGGTCATTCTTTTCTGCATTAACAGGGATTACAGTTCTCAAAGGTGTTGCTTGCCACTACTAAAGTATGCCTCATTTATAGAGACAACTCAGTTTCGCTGGAAACCAGGTGCCATTGCCGCATCATCTCGCTCTTGCTAGCATGCGTTTACCAGTGTATGGTGACGAGGCGCAATCGCTATCCGATTGGCGGCTCATGTAGCCATACCGTATATGACGCCCACTACCGCAGGATGAAACAGCCCATCTTCATATCCGCCCGATCGTCACCATGGGGCGTCGAAGGGTACCAGCGGCTCAGTCACCGTACCATTGGCCGGGAGAGGTATTTGCTAGGTCCTTTGTTAACCCAACTCAACACATCGCCCTACACAGCAGCCAGTCGGCTGCGCATTCAAATCTGTCGGCACTTACCGTCCGCGCATATCCAGACTTTACGTAGCTCTTTTGTGAGCGAGGCGGGCCGGATTCCCTTCGACTGCTAGGGGTCCACGCCTCGCCTATTAGCTAATCAAAGGTTAGAATTCATCGCAGGCGCGCACGCGACAGCCTCAGAAGTCGAATTCCAAGAACGAGCCTTGGCACGTTTCTCACGCCGCATCAGCGCCTCACCTCCATCACGGTATGGCGCTGCAACCCTTAGTACTTGACC,1633,53.09,Escherichia coli
SEQ_571724,TAGTCTATGTAGTCTTGTAGTGACTCCCGTCTCGGTGATGCCGGCTGTTTGGGAAATGCCATCTAGAGCAACATTTGAAGTAGCCAGTAGAAGGAGATAAACGGGATCGGTAATTCTCATGCGCAAGAGATGTGTGACGAGTTTAGACACGCATGGGGGGCTAGGTTATTGTCTCTGGTTGGCCGTGGTCGGCACTATCTGGAGGTTATCATTCCTATCCATCGCTTGAGCGTCGTTAGCATCTCCCATTAAGAAAGTGTCGTTCTGGCCAGACGCAGGGGTGTCAAGACATCCATACTCGCCGGCCCATTAAAGGGACTTGAACAGGATGTAGCGCGTGGGCCAAAGTTGCAAGATGCGGTTAGCTTTAGATTGATAGCCATGGCGGTATTTAAATCGTACGCGCAGATCACGATATTTAAATGGGCTCACCTATTACATCATCGTACTGATGCGTTGTATCCTATCTGTACGTATCAGCACGGCCTTTGACGAGCCTTAGAGCCGCTGGCACATTGACTCGATACCTATCAGTGCCAGTTAGCGGATCGGCCAATGTATATTACTTAGAGGAACGTGATTGCAATGTTTTCCTGGTAAACCCAAGGACCCTATTGTTCTCTGGAGTTAAAGTAAGGAGGTACTGCTCACGATTTCAGCCTCCGATTAGGTTTTAGATGTCTTGGAACATATTCTACTTGTTCCTACCGAACAATTAAAATGTGCTCAGCTCCCAGCGCTCCCCAAATCATGGGAGCATTCCGGATAGGAGAAGTTATCCCGCAAAAACAGTCCTCCCGCTCCAGCTGCCGCGGACTCATTCGTGCCCTTATACTGAGAAGATGGTATCAACGCGCACCTTTGGATTACGGCCATTTTGCCCAAACGCACGCTGACATCGTCAGTCCCCTGTGTTCTAGGGTTACTAACTGGACAGGTGTTGTCTTGCCGCGGCAACCGACATGGATCTAGGTCACAATA,981,48.83,Arabidopsis thaliana
SEQ_251110,TCAATGACAGCCCAGGGCGTTGGCATAAAAAATCCGTCCGTTCCACGATCCAAAAGAGCTACTACTCGCAGACGCCTTCCTCTACTCCCTGGTTCCGCAACTAAAAAAAATTTGAACATTCAGACCTAAGGTAGAGGTTGCAACTGCCAGGCCACGCAGCGTAAACAAGGAAGCGACTGACTAGTCACATGTATACGTTCCAGCCCTTGGGGATAGGACCCTGGGTCCAGGTTGGCTGTGAAACATACCCTAACCTAAGAGTCCAGATTCCCCGTTGAGAGAGGCGTTTATCTTAAGTCGTCGTAAACGTCTACGCGTCTAATACCAGATCTGCAGTCGTCCCAAGGAGTGTTGCTGGTGATAGATAAATGCCGCAGTCACACAGTTATGATGACGCAAAGTACGTTCAAAGTGTAGTCCCATATTCGTCTGTATACAACCTGTGGCGGCAAGTTTTCAGGAACCACTCATATTATTCTTGTAGGGTCCCCTGCTTCGCTCTCTATTGCTTAAGTGAATGTCAATTAGTAGCATAATAAAACTCACCTGGGCAGCCGCTACGTGCCACATGCTGCCGGTCGGTCAAATACATATTGTTCATCCATGTACCATTCTTACTAGTCTTGTTAGGTGTGGTCTTAGGAAATAGGTCCGCGCCAGGCTCAGAGTCGCCCTGTACAACAATCCGGCCAGGCCCTCTACCCAAAGGAAACGCTCCAGTGCATCACAGAGTGTGCGCGTCGCGGAACATCCGGTCGCGAAAACACTTACAATAATTCTATCAGTTCGCAGTAGCTAGGGCTTTACCCAACTATTATTTGATCGATGTATGTCCGGTTCTGCTAGCATTAGACTCGAGCGACTCCGGGTGAAAGGATGGGGGCGTCCAAGTACGTCTGATTTCCCTATATAAGCCAATGTTAAAATCTGAAGGTAATTGGTTAGGCGATCCTCAGCTGTAGTCTACTTGCCGAGATTTCAACGCGCCGGGGACGTCAGGACAGTCCCTGGCAAAGATCCCATGGAGCACCAGCGCAATCTAGCATCAAATTAACCGAACTGCGCTGGAAATATACCGAATCTTTCGAGTGCGAGAAAAGGATGGACCTCCTGAACTTGGCGTAGGCACGTCACTGAAACGGGGGCAATATAATATCGGGCCGGCAGCTTTTGTGAAGTACCTGTCCGGACACATGGTTCTGGGACTTCGAATAAATTCATCAAACTCTGGACTTAGCCGGACCGAGTTAATTACGGGACCCAGGGGCTCCTCTAGGCATAAGATTAAAGTGACTATGTATTACACCTAGCCAACACTAGTAATAGGCCGGCTAGGCACGACGCATGGACTCATGGCTTTCGTGGGCTACGCGTCGGCTTCTACGGACAAAAAGGAAATGAGATACTGTGCGAATCCGAGTGGCTAGGATAGTACCATACCGGACTGAGCGTGGGCCGCCCGGGCGTTGATGCAGAAGATAAAGATTGTCTAACTAGTGCACTTTCGCATTGGGTACGAAACGCACGCAGGTCATAGGGTGCTACAATGGACACCACTACGTCCTCGCTTGTAGGAAGTGATAAGCGGCAATTAAAACGCTACCGGTTGGCGTGGCGATTCGAGAAAACATGCAACGGCGACTAGATTAGACAGGGATATGAACTGGGAAGCAATAGCAAAGCCGGTGAACTCTGGTAGGATGACTGGAGCCGTCTAGGTGAGCTCGTAATGATCGCGACCCCCTATTCGTGCGGGGGTGTCGGGTGTACGCATTAGAGATTCGCTGGATGCGCGTCGCAATGCGGGTGTCGGGCTTCCTTACCGACATAACAATCGGATTGAAGGTGTAGAGATGCCGGGACCTTCCAAATTCACGTTGTCATAGTTGTTCCAACTAGGATGCCACTGTAGAGGGAGCTTGCCTAATTGCATGTCCTGCCGTCTATGTAGCCCCGGTAAC,1961,50.13,Arabidopsis thaliana
SEQ_821030,AATCCCACGGGGCTTTGCGTAGTTATTCTGAGGCGCGTTGCAATAATGGGAGACGGGGGTTTCACTAACCGTGCGCGTCGGAGCATGAGGATAACATACGGCTAACGATTCCAGGTGTCCTATAGACATGGCATGCGCTGCCCGGGAGCCCCAAATTCGAGTAGAGCGGGGGTGAGAGGCAGCCCAACTGGTCGTTTAATCGCTCTGCTTTTAGCTCGTGGAGAACCTTGTGGGTGCTAAGCTAGCGCCTCTCTTTAATCTAAACATCAGCCACGTTGCAGGGAAGGAAAAGTTTTACGGTATACACCTCGAAAAGGGCTTGGTCCTACGGGTACCCCCGCCGGAGCAATGCGGTAAGTATCCAGGTCACAAACTCAAAGGCCCGACGCAACTAATCCTACTGTGACGGAGCTGAACAGCGATTTCATTTCATACGACTCCCTTTCCGCAGGGGTAGTACTGGTTTGAGCCGGGCCAAAGGAAGAGTATAGCCGCATACACCATCAAAAAGTGCGATCTTGCGCGAACTAGTTAACGCTGGCCTATAAAATGGGGTATAGGTTTACAATGAATAAACGTCACCCACATAACTTCAACTCGAGCCCTGAGCGTACGACTTCATTATGACCCAGTTATATAAGTTAAATCAGTCCCGGACCGCATAGCGGGATAAGTACAGCGAGTCGCAACGAGAAGAGTCCATCGGTAGCTCTGAGATTTAGGACGTGTCCATTTGGCTGCGCGGCGCAAAGGAAATCTATGAGTATGAGCGGAATAGAACCGATCTGCCCCGATTGTCCACTGCTAGTATCATATACCGATCCAGTTTCCTGTCCTAGGCGAGCGGGGTTTACGTGGATTAATGGAATGTCGTTGCTGTGAATCTCATCTAAATGTCCTCTCACACGAAAGCTCTGAAGAAACGTCAGAGCGCTGGCATGCATGGTTATATGAGAGTCTACCGGCACATTGCAAGAAATGTGTCAGACACTGAATTCTACGAATGACTGTCTCCAGCCGTGCAGGCTGTAAGTCTCGGAGTTGGCTAACGCCCGGTCTCGCGCATTACCTTATTGGTGCATGTGTAAGTAAACATATCTCAGGCCTCTTTTATATTCGGGTATCCGAGTCGCGTTTTGGTATCACCTAAAATGTGCTTCTCTATCATGCCGTGAACTAGCTTCTTCTGTCACGGGCCCGGCATACCCACTATCACGACCTGCTCTGCTCAAGTCTTCACAACATCATAAAAGGCCACAGCATGGCTTCGGGCAGCTGGGACACCGGCCCAGATACGCGATTCAGGTTCCCGCTTTTCTTCGGAAGCCACTGGAAGATTACTGCATGCACC,1351,50.48,Drosophila melanogaster
SEQ_101691,AGGAGAAAAGTCCACGCTTCTTCATGTAATATTGCATGTGGCGTTACACACTATAATGTTTTGCTCAAAACCCCCCGGAGTTCGGACCGCACCACGCACCCAAGAGTTTGCCCTTGTCCATGATCCTCTCCAGTAGATTCGGTTATACACCGTAGCCCACCTCTGATTGATAAGTTTGGCTGTGAGAGCGTCGTCGCAGATAGGCCCTCGGTAGATGAGAACATAATCTCTCCCAGGATGCCGCTCAATCGACTCATCAAGCTTTGGACGGCCCCTGTCGGCTTCGGTCTCAAGGCGATGGAGACGCTTGTACAGACCAACAGTGTAGGCGCACTCTCCATGCAAAGGCTAGACCATGTACATTCTTCTTTTGCTCATCCGGGTGAACCAACCTCCATAAGATGGAGGCAGTGGCGACAGGGTGTATGGATGGGTAGTACGCGTCATATTGCTCTTTAGTAAGGAGTTCCCAGGTCGTCGTCTGAGAGTTGCAGGCATGGTCACGAATGGCGGATTCTCCAACTTGGTTGACAAGAGAGAGAGTTAATTTCAGGGGCGGTCGACTTTGAGGTGAGCCTAGTCGACGGTTCAGGAGTCGAACTTAAGCAAACCTACAATCGAGTGCCTTGTGTTGCGAG,638,51.25,Drosophila melanogaster
SEQ_438712,AGGGTCAATTGCCTTACCAAGCCAAGCTGGCGTTTTGTCAACCTCCGAACCCTGACCAGTGCCGGGTATCTGATTAGAGCGCTCTTACAACGAGACACATTTGGACCCATCAGTTTCCTGTGTTCCGC,128,52.34,Caenorhabditis elegans
SEQ_602205,GACTCCCTTCACCCGTCAAGCTTCCACAACAGGCCAGTGCTTGAATAAGCCGGCTGGGAAAGTGTCGGTATTCGGCGCCGGGTACCCACGTGGAACCTAGTACGACGGGGCACTCGGCCCTAATCGGGCTGTGACCTCTGTGACTGTTTTATAGTAAGCGAACAGACTCGCACCTCGGGCTCATAGGTGACAGCCGTAGAAGAAACGCTTTCCCCATTCGCACGATAACCCCTACCGGCAAACTTGACCTCGACCTCATGTATATATCGACGGAAACGCGAGGAATCGTGTGGGACATTAGTGTTACTGTGACCCCGGAGAAAAAAACGGAGTCGCCATATAGGAAGCTGAGGCAGCTCATGGCGGTAGCGGCTGACCGAGCTATGTGAGGAGGGGCTGGTTGTTTTTTCGACCGTTGAGGTTCCATAGGGTGCTGCGATGGCACTTTTCAGACTACCTGGCTCACAGCGTTTCACCGGCGTTTACGAGATATGCTTAACTATGGGCGCATACCGCGACTAGACTCCAAGCGATAATTAAGGTCGGCTTCTTTTCCCTTGTCAGATGCGAGGAAAGCCGACGCAACTGGCTAAGAGGATACGCTTGGCCAGAAGCTTATCAAAGGCCTGTTTACAGGACCTCGTAATATAGATTAGCCTAGAGGTGGTGCGGTTTAGATATTGAAGCACCCTGCTCCGCATGGTCAGTGAAGACAGACTACACTAGCCATCACGGCTTTAATATCTGGAAGAACTTCAGGGAAGTCCTCTCTACGTAATGTATTCCGGCCGACGTCTTGGCCTCGCGCGATTGGGCGGTGCAGCACCAAGCCACTACTTCCGAGTGGACTTACCCGTCGCCGGGAGACTTGATACAAGGGTTGGTAGAACCATCGATCGTTATGTACGCTAGTAAAAGCCATCGTCAATCACAATCACTATCCATCCATTAGTAACCACGCCAGACTCACTACCTTCTGGGATTTGGCTCTCAGCACTAGGCGGCAGGTGGGCAGCACTCTGAGTGAAGCGGTCAGGTGTCGCATGCAAATTCAATGGCGGCCGTGACTATATAGCCAACTCCAAAGGCTGGGGGTTCGACACAGTCAACGTTGTAACTTTATTACTATTTCTAGCATGATCGAACGGATGGGCGGGAACACCAGATCCTCCTTACCG,1178,52.46,Homo sapiens
SEQ_236066,GTGACTTCAAATGGTTTTGATATTCAGTTGCGTTTAACTGATGTGTAGGGCCCTATGATCGTGCAGTCCTCGAAGTAGTGGGCTGGATAAACACCCGGATGATAGGTCAGGTTGTAAAGAATTCACAATTACGAACCGAACCCACCGATTGATAATGATTGGAGGAAAACTTTAAATCATAGGCAAAACTCAGACGTGTCGCAGATTTAGAGACGATAGTTTTAGCCGCGACCCTACTACGGAAAAAGAACGTAGTAAGGTAGTACAATGGTACCCGAGCTCCGTTGGCTCATTCGCGAATGGGAAAGACACCGAGTTGTACTAGATCAGGATAAGAATACGCTGAATCAATTACACACATGCAGCAATGCCCGGAAGTTACCCATTCATAAAGCAATAGATTAGCAGATATGTCGAACGTCGGCTTGGTTCTCCGTTTGTTACTAATGCCTCTGATTGATACTGAGGAAATTCATCAAGCCCAAATGGATAGCAGCAGCCAGGATATCACCGCTTCTAGTTACTCAGAGGATAGAAAGGAAGGCGCGTCCGAACCAGGCATCCATCAAACATTTTCTCGCGTATTTACTAAATATGACAGTGTCTCCTTCGCCGCACAGACCTCAGTAGATCTCTGTGGTTGAACCTTTTCATTGGGCGTGATGATAGCAACTTTCCGTCTACCATATTTCGCTGTGACCCGTTAAGTCAAGTTTGCACGTTCACGATGAGACGTGAGAGGAATCGGTACTATATTCCTGCCTTCATGCTTCGAACCAAGCTCTAGGTTGCTCATGCCAAGTTGGACAGTGGCGCGTGATTAAGCGGGCATTGCGTATACCCTTGCAGGTATACCATTTGTGGGCGCGCCTATTTGTTTGACCAATCGCCTCTCTCAGAAATATCTACAGGTAAGGGTCAAGCCACCAAGGATACTTTGACTCGTAATAGTGCCATCTGAAAGCAATCCAATCTAGGCCTAAGGTCATTTTGGTCAAGTTAAGGCTCCATTACTAGCCATTTAGGTATCGTACATCCCCCCAGCAGTATTTTCGCACGCCATTCTCACAAATCCTGCACGAGTTCACATGCCGCGAGTGTTATCTCGCTCAAGCCAGGTGAAGACGGGCACAGCATATAGATGACCCCCTGAAACCGGCGAGTTGAATGCCTTAAGGGCACTTATAGTACTTGGCATCGGCTCAATACTCTAAACTTATCAGAAACAGAAGGTGCGGAGAAAGGGGAGGACCGCGGATTGCACGACGTGTTGTACTATTGGCGTCGCCAGATTTCGTAGAACTGGCGGGCGCAGTTCCCACCGCTGGCAACAACCCTCGCTCCAACCGCAAGGCAGGGGGTGAGTAGAGGGCTTGATGCTTACGAGATATTACAGCGAATGGCCCTAA,1409,47.48,Caenorhabditis elegans
SEQ_793128,CAGCGACTAACAAGCCGTAATGTTACACACTGGGCAGGGAATTTATATTATGTTCAAAACATGCTCTCTGCTGTTCAGGACTCGGTACCATACCGCATCTGGTCAGGAGGGACTTCCGCCTGTAGGGGATTTGCTCTAGGCGGCGTGACACATGCTGCGAACACCTACGGACGCGGCGCGAATATAATAAAATCGAAACTGTTATCCGACACAGTGGGGTATCTGCTCAGCGTTGGGTATGTGAGAGTGGCCTGACGACCCAGTGTGATGGGCCTTTACCGTATCGTGAACCCTGGTCGTTACGCATTTACAGCAGAGGTTGCTCACGCGATATCGTTACCGGCTCCGAGTGTGTTCGGGAAAGAGTTGTTGTTCCTAATCTTACTAATACGGGAACTCGCTGACCTCCTCGGAGAACGCAACAATGTCTCCTTAGCCAAGACCTGCCGTGTCCTCAGCTATAATTACCCGAGTGGAGTACACTCAACTCCCAACGCTCCCTTTTTACGTTCCGTGCTGGACTCGATTTAAATAACTGTATTTGGGAGAACTATACAGGAACGGAGAGAAGTATGGGTAACCAAGGCGCTCACCCGAGCCTCGGGGACACGAGCATATGGTTCAAACTCTCAGATTGAGTTACTAATGCTTAATGAGAAGGAGCTGATATTCTTTCTATTATTGGCTTGGGTCCGGACCGGATCGCACGCCTAGCGTTGGAGCGCTAGTGTTGACGGGAATGGCAACGGAGAAGATACCATGTTCGCGGTGCATGGTCTGAAAAGGACTAAGATGCTCATAGGGAACTTTAGCGTCGGTCTACCTGTCTAGCTCCCGTTATTGCTCAAATGCTCAAGAAGCAACCTGTGAGGTCGATGTGGACAAACTCTCCTGATCTGGGATTGCGTATCCTATCTGCACCGCCGTTCTTCGCGAAAGCTATAAGTCGACGCGCTGCCCAAGCCGGGGACCGACAGAAAAGCTCAGAGGACGAACCACAGCGCCATTGCTCAACCTCTAGAGCCTCGCTGGCACGAGTTCTTATGTGCTATTACTTAAAATGCCATGGTGCGAAGAGGTCGACTCGTGGCGCGTGTTCGTTATGATAATCTGGTTCAAAGTCGGCGGGTGACGTGTTTGACAACCGGTACAATGCGCAAAGGTCTCCACCCCACTTAGGCCTGATTCAAAGCGGTGAGAATTTATAATTCTCATGTAGCGAATAGATATGGACATGTCCGGCTTGTCCTAATGTTCGCAAAAAGCCAGTTTTCTGACGCAAGCACTATTACCAAACTAGAAGCTTCGTGTCTGTGTCGGGATATGGATTCGTCATTCCCTAAAACTGGGCGCGCCCCATATTTAAACTTTGGAATGGCTGCGCTTCTTGGCCGAGCCCTTTGGGTGAAGGAAGTTGTCGTACTGTAACGTGATGAACCCTTACTAAAGAGAAGAGCGGTGATCCGTGTCAACTAACTCTACATCAGGGATTGACACGACTATCAACATGCTCCCTTACTTGCTTAAACTTGAAGGCTAGGATTCAGTACGTTCATATGTATCCATCCTTAGTGGTTTAGTAAAGCGCCTAGTTAGTCGCTCGCAAGAATCAGACTGAACGGGGAGTCTGTGAAGCGCGCGGATGAAAATGCAGGAAAGGGTTATGTATCCGTATATAGTGCCATGCTAGATAAGGGAGAAAGTTTTAGCTTCTCCGCACAGAAAGACGGAGTCCTGAGGCAATTTTTGACACAGCTAGAGTCCTACCAATAATTGGCGACATTCAGTATATCTTGGTTTAGGGCACATGCGGGAGACAGGTTCTAGCAGCAGTAGTAAATAATCGAATCGTTGGCAAGATGGAACAAAACTACATAGCA,1880,48.78,Escherichia coli
SEQ_653363,ACGACCAACGCGCGAACTGAGCAAGCGCCTTGGTGCATTCGGACCCCGAAATTGCAGGAATATCTCGATAGGATCAAGTGCACGTCGTCTTTCTTCCACAATTGGCACCGGAGAGGCAGGTTCGGCCGCAGGATGGCATTCTGATATGTAGCAGTTTCCCTCGTTTAATATTGAGTGTCTGGCCTAGCTGGCGGGACGCAGGGACATAGCCCGACGATAAAGCCGCAGAGGGGGAGATTTAATTAAATGGCGCCGTTCCGGGGCACGAAGCCTGCTAAGTTTTACACATGTGGAATTTAGCAAAGTCGTACACGCATATTACTTGGACGATCACTCCAAAGCGGCGTAGACAGCACGAAAAACAACTAGCAATGGTGCCTCTCTTTAAACGGGGAGCAGTGACCTTGCACGGATAAATCACGAGTTCGGTTTGAACTAATAATGTCAACCGCCACGGCTCACCTGATGTTCTAGTCCGTCTACAAACAACCTTTCTTCTGCTTGTATAAACTCCGAAATCTTCTTCAAGT,530,49.62,Arabidopsis thaliana
SEQ_445080,TCCTGGGGCGCTTAATTACGCAAGTCCCTTCAACTCGAGCACCAAAAAGCGTAAATTCCGTACGAAGAAAATAGTTTAGCCTTCGCTTGAGCACGTGCCGGTCCACGTAGCTGTGTCCGCAGCATAAGCCCGTATGCGGGTGCTTAAAGAATAAGACCGATTGTAGGACCCTATACTATCGCGGATGAGACGGTAGCACCGATCCTAGCCCCCTCATAACTGAGGTTCTCGTACGCAGACGTACGATCCAGTGTTCAGGCTATGGACTAACAGCCGGTACGCATAAACACTTGGACAGCCATCATGGGATCCCAATGATCTTGATGCGATCGAATCGCCCGATGAAAGCGGACCGCAAAAGTTAGAACCCGCGCGTGACCGCTCACATCAGATCGACCCGAGTTCACTTCTCTAAAGGGACCATGTCGGACGGCCGCGGGACGTAATACGGTACACATTCTTTCCTTGATGGCTGAAAATGGTATTGGGCTTGGCGATTTAATGAAGGGAACGATCCGTGCCATGCGTTTAACGTTACACAATCTCTGCCGGGCTTAACTCACGGGTGGCCTGGAGGATGCCTCGATAAATTTGGGAAGCACGTCAGAGACGTCCGGCCCGTGAAAAGTCGTAAGCGCTAGAACGGATAATCCTAACACGTTTTACGTAGATTTGCCATGAGTCCGGTGACCATCAATGCGATCGTCGGTACACCGGTCACTTAAGATGGCTTATGGAGAAGGCGCGTATACGCGTCATCGCGCCTCATGAGTCCCTTCAAATCGAAGTCATGCACGTGTTACTGACAATGCGGCGTCCGCGAATAATAAGCTCGCCCAAACTGCTAAGTCTCTATAGGGGGTCTTGGGGTTATAATAACTGACGACGTTAACGTTTTCTCCTTATCGAGCATAGAGAGTTCGTCGATTTCACCTAATCTATTCGTCCGTCTAATCTGGAGCAATAGGCAGCCTCACTGTTAAACGGACGCTCCTGTTGTTTTAACCCTATAATCGAAGAGCAGGGCCCTATGACCTCCTTACCTAAGAGTCTCTATGTGTCGGGTTGTCGAGTGCCGCCACCTCCTCCCTTACAATTAAGCCACTCGTAAGACTTTTTCACTCACGCAAATTCATGGGAGATATAAGGAGATCGGGGATTGTCTGGGCGTACCTTCGGCGCTCCTCGGAGTCGCGTCTCCCGGAAGCTTAGCATATCTACGTCTGATGTTTACGTGACGCGGGATGTGTCGTTCGCCGGCCTTATATAATAGCAAACCCTCAAAAAGTAATTGTAAATGAACATCTGCCTTATCCGTAAGACGGCAGAGTCCATGACAGGTTTGGCAACCCCTTAGGATTACTCATGAATTATTGTCTCGGTTGTTTACCGTAGAACCCCTTATGGGAGTACCTTGTAGGGAATCAGCCCTACCACTAAACACCCCGTTGAGGTTACGACAAATAAGTTTGGAACGCCGAACTTAATTGCGAGGCAAGTACTCAGGGGTCAGGTCATTCCTGGACTGACTCATGCTGTAAACAAATTTGGAGCGGTTGCGTCCT,1565,49.84,Escherichia coli
SEQ_949947,GCGTAAATCTAGCATAAATCGCACTAAAACGCCAGGCCGCCTTATCGACATCAACCTACGGTCCTATGACTATGGGAGGTCTGTACATGGCGTTCGCCTGGGGCAGGGCGCAAGATTCTATAAGATTCCCTCCATGGGTGTTCTGCAGCTGGCTTGCGTTCGGATAATTCTGCCGCGCTACATAACGCCATAAGTCCAAGTCGGATCATAATGTTGTGTGTTTTTGGATCGCA,233,50.21,Mus musculus
SEQ_498109,CGATTTGAACTCGTTGATTAATTCAACGTGAAGCGGGGGCAGTAAAGTACGTTTCTATCACATAGACCAGTGTAAGCGCGAACTTAATAGGCACACGATCAACTCTTAGGGCACTTTAGACTGGTACCGCATAACCGGCGTTAGTGGATCACCCCTTGGCCTGGGGCCCATTCGCCAATGCTAAGCGATCGGGGGAGACTAGGTTCCGCGTGCAGCCGGTATCAATCCAAAAGTCCGGCATCTTGCAGCATTGGGTATAAGCTCAGCGATTCCTCGATCCGGCAGCTTAAGCAAGCCCGCCGTGCCGACTCCGTCCCGAGCCGGTGCAAATACTTTTATATAGATATCAACCACCAGCGCTATTTGGTCGTCCGAATGAGTGTGAATGAGGAGATGCGGATTGTCAGCGACCGTCGCACTATGGCTTACTGGCATGACCTCACCTCAACGATATGCTT,458,51.97,Arabidopsis thaliana
SEQ_511954,GGTCTTCAACGGGCGAATTGCACCTTTTCTGGAGTACTTTATGAGAGGCCGCGAGTGCATCTGAGGAACACCCAGCGCTAGGTCCGAAGTTAATAGACCGACAGGTAGAGAT,112,51.79,Escherichia coli
SEQ_868476,ATCGGCGCAGGCACTGCATCTAGCGCCCGTGCAGGCCAAACAACCCCGTTTTAGTTTATCTATACAATACGGCAACGCGGTACTCTACGCCACACCACTTGATACCTACTGCGACAACGCATCTATCGTATCGACTGTGCCGAGCTACCCAAGATCGTGGCGTTTACTGCTTGCCACTTAATTTAGGACCCGAGTTTGTTTACACGTGCTGGACATTAACCCCGTTAACGGTAGGCGGAACGTGTCACGCCCCGCGCCTTCATTGTAGGCTAAGTCGCGCGCCAACCTTGTCGGTCACTGTATATCCCCGGCGGGGGCAGTGAAGGGATCAACGTGGGGACAGTTGTGCCGAATGACCATGTTAGAAACCGACGCGGGGAGACAGTTCTTGCAACTCAGACGCCAAGTGGAGGAAAGCATCCCGGAACTCAAATTACACCCCTGAGTTATTGTGACGTTGCAGTAAGTCTTCCGTTCCCAAAGCCGTGCAGTAAGACAGCTTACGTGCGCAATTACAACCAGGACTTCGAAGCTGCCACGTGCCGTCATGCAGATAGCGCACTTACGTTCTATGGGCATTGAACCTGGTCAATACAAAGGGAAATGATGGCACTGAAGTATGCCGTGATGGTGATACCTGTTGCTGTGCAGCGGGTCTTTACATTCCTAATAGGTAACGAAGCGCGTTTTCCCAGCACGAAACTAGCGATCTGATGGCAGCGGAATGCCACCTGGTTAACTTGGATGCGAGTCAAAATTATTTTACTTTGTCCGTGCAGGGGTGCGAGCTAGTTGGGATGCTTATTTAGGACTTCATGGGGCTTGCTTGGTCTACTCGTGCTTAATTGACGTAGTGATTAGTCTTGCAATCTGGTCTAAGACATAACTCGTCCATGATGGCGACTTTTGATCCGATCTGTTACGCGACTGCCACTGCGCAAGGGACAATAGTCGGTGCTAGACGG,965,51.4,Homo sapiens
SEQ_365262,CTATGTCCCTGGAGACAAGCATAGTGCCATTCTCCAACGCACCTAGGTATAGGATCGAACCGCACCAGAGTCCCGACCCTTTCAGATAGAGCCGATCACAATTGGCACGAATGTATAGCAACACTACCGCATTTGGACTGACAGCTTATATCCGTGCACGCCCGGCGACTAATGTCCGTTCAAGAAGGTGATTCAAGCATGGCACACGTTATGTGACCCCTGTTTCCCGATAACCGGGAATTAACGTAGGGACTAGCGAGTTTCTTCAATTTGACTTCCACCGTAGTGTATTATCAATTTGCGGCTTGTTGGCACATATGGACCGCGTCAGCGCACTCTGACGCGTACTAGAGCCGTGCCCACTTGAATTGGTGCCCGAGAAAGGTGTAAGGCGTTCCTAACGGCGTGGGAGCTCGCATTACATACGCGAAAATCCCAGCGCCGATCCGCACGCCCCACCCGATTGGTATATCGGAGAGGACAAAATGAAAAAAGCGGCGTAACAAGCCCAGGTCGGGTGAGCACCTAGGAAAAGACTGGCTCGTTCACGTGGTGGGAATATTACCACTGCAGAGACCCAATTCACCGAGAAAAGCAGTGTCCGTCTTGGCAATCGTCCTGGGACGATGGGGTAACGCTAGTTAACAGAGTCAATGCGTACTTGGCCCTTGCGCTTGTCTCATATCACCTTGGAGTATAAAGACTAGAGTGTTTCCGTACCTATCACCTGTACCAAGTTGTGACGTGATGGACTACCTAAGCGTGAAGAAAAGAGATGGCGGTTGGGGGTTGGCACTGCCAGCTCATAAAGCTTGTTGCAAAGTGGTTGGAGGGACGAATGTACAGTTTGCCCTTGCCTGAGTGCGGGTCTACCATCTCACTTAGAACCCGCCCCACTTGCTGCTCGTAGTGCCCGCCGGATTTCGGGCGTCGTCCCTTCGAGATGGTATTAATGCTTTGCATCCCCGACGGCGCAGAAGAGATGCCCCCTAAATCCCGCATTAAGCCTGGCAGGCCCCGCAGCCAACAATACGATGACTCGTATGAGTCGGATCGTGCAGCACCTCGGCTAATATTGCGTCTGCGTACATGTATCAAGAGACTGATATTTTTAGCACGATCTATGTCTGCGACCATGGCGATGTGTGGGCACGGTGGGCTGAATCCGTTCGACGGGGGGGGCTGGCCGCCACCGCAGGCCGTACATACCTAAGGGCTTCATCTACATTCCCGAGATGCCTGCGTTAGTGCGGCATCGAAGAAGTAAATGTCGTACCCGATCAATAGACACTTGGGTACCTAGGGCACTGATCAGACGGTTTCAGTCGCGACAATGCCTTATTATAACTGCGGTCATGCTACCAGGCGAGAATCTTCAGCCGCGCACTCAGCATTAATCACGTGGACATCCGAGACAGACTGTTCGCCGAGATATTTGTGACGACAGTGTCTTCAGTCTAGAAGCTTGGCGTAATCTCACCCCAACGCACTTAAAAGTGTCTAGGAATTAACACGGTTGAGGGTCTATAAAAGACCAACTCGGAGACTTGCAAATAGGATTAGTGGACTATTTGGCTCAGAAAAGTACAGCTTAGGTCATTTAGCTGGCCCATCTTAGTAGAGCCGATCACTAAAGCGGCAGTTGAGCGACGGAGAGATCGGGCTGCAGGATCTACTGGGGACTCGCATATGTCTGACCAGGCCTTCAGGTCTTATAACCCCCTGAGGTAAACTACAACCCGT,1743,51.92,Saccharomyces cerevisiae
SEQ_526899,GAACCTCTGTTAGCCAGTTAGCGATGTGAGAATGTTCAACGAGAGGTGCTTATTCCCCAGGATCCTGAGTCCCCTGGGCTTCCCGTGTTAGTGTCGATTCAGAGTGCACGAACTAGGACGCGGCTTTGGCTCCGGAATGGGCAAGCGACTTCCTGATGGGGACGTGGAGTGAGACTCCTGGACAACAGATGGCCCCCGCGGACGTAGTAGATTAAGGTCCTAGCACACTTAGTGGGTTGCGCATCTACGGTTAGATGCCATGAATGCCAGGGAACGCAGCTTGGATGCAGTATTTCGGTGGACGATGTTTTGTCGACAAGCATCGTCCCTTAGGTGTCATCTGGCGGGGGCTACAGCCGATGCGGTCTCACCTTCAGAGGTCGGCACTGCCCAATTCTTGAATCGCGATCGACCAGTACCATCGCCCGAGGGGGGTTGACACGCCTGCATTGCTGAACAGCTCTCACGGAACAATATCTCCTATCAAACGGCGACAAGCACCCCTCAGGTCACCTCATATCTTTAAGTTAACTGCGGACAGCGACCATCACCAAATCGTTACAAGTTGCAGGCGCTGTGTCCCCGCCATGAACGGCAAACAGGTATGACTAGCATGAGAGATGAGAGAAAACTTTTGATGGAATCCTGATTTTCGCTGAGCCCTCGCTAGCTGGCTCCTTGTTGGTTTCGTCCTCTCAAATGTGCTGAACCACCGACGCAGAATTATGCCAAGTGCCAAGATAAGCATAGGCTGAAATAAGCACGGTCCCGAGTGGCGGATCGGTAGCGACTCGCGCATCGAGCGAGTGCACCGCCGAGATGGGAGGTACTCGGATGTCGGGAGGGTACGCCATCCCCTGCAAGAAACGTAGCCTGTCATGCCGTAACGAGCGGAGCAATGAACCCAATGGGCATGTTGGCGGGCCCGCTGGTCGAATAAGCCTGCTGGCTACTTGTGAGAGACCAGGCTCCCCACGCCCAGTGGCCCCCAATATTTCGACGAATATCTGACAGGATTATCTCCGTTACAAACTCATGGGTCAACTGGAGAGCGAATTGAACAGATTACTAAGCGACTCTCTACGCCGAATGTAATGTCTCCCGGCGATGGGGTGCGACGTATAAGTCATTATCTTTCGACGACTCTCTACCAGCCAGACGTCAAGGGGTCATCAATCCGCCTGCTTCCGGTGTCAAAGGCATGCGGGTGGCTACTCTGTAATCCTGGGAGGGTCAGCCCGTCAGAGAGACCCTTTCATTTATTATTACTTAGCCCCTTTG,1281,54.02,Mus musculus
SEQ_545808,GGATCATAGAATGAGTCGCCTAACTTCCTCTACGAAAGATTGCTGGTTTTCAACCGGCCAACCTCGTATAGGATCGTCCGAGGCCCGAGACTATCTTCTCATCGTTATCAACCAAAAGCCGCGGTACCGGACAACTCAAGCCGTAGAGGCACAGTTTCCCCCTGAAACCGTAACTCTGTGACCCCCGGCAAAATGCGGAGCCTTGAATCGGCTTGATGTCGTGAAGTCAAGTTATGGGTGTGACGATTACTGGGGAGCGTTAATTCTAACAAGGCAGCCATGTTAACGGGGAAGCTTAACTGCATGGGTGGCTGATGGCACCCGGGACATGTGCCAACATGAGAGTAACCACACGTCTGCCTGCACAAGAGAGATACTAGATACTCCCCACGCGAATTGGATACTTCCCAATACGTTCAGGTGCTATGGGCGACAACGCCACCTCGCCCTAGAGTACTGTCTGTTTGCTGAAGGCTTCAGGGCGCGACTGTGACGATCTGTGGCGGCGCCCACTTTTTCGTGATCGCAACATAGTGACTAAACAAGGATGCACGACAGTTGAGAGCCCGCGACTTGTGGCGGGTCGTAGGTGGCAGATTTACTGCGTTCACGTTAGGACGTCCTAAAACCATGCCAATCAGAGATCGGCCGGAGTATAGTGTTTCCAAATCGGTGAAGGGGGCGAGTCCCAGCCTCTAAACAGTCGCCAATACGTCGCAAGTCATAATCAGGTGGTAAGAGGATCATAATGCTGCGCTGTTATGCCGTAAGGGAATGATGTGTGGGCTTAGGCGAGCCCACGCACGGAACATTTACTTAAAGGAGGCGAGTTACAAGAAAGAGTCCGTTGATCGTGAATACGGTTCATTTGGTAGATCTTGACACTG,887,51.63,Caenorhabditis elegans
SEQ_957741,TTTACGGCCGTTGAATCAGGATCTGCGCAAAGATCTAAGAGGATTGCTTAGGATTGCCCTGTCACTCCGCATTAAGCTAATTTACCTATAGGAAGGCCTCACTCGATTCCGTTCAGCTTCTAGGAACCCATGACCGAGAATAAGCTACCAAAGCCCATCCCGTCCGGATAAATCCAGCCCAGGATTCACCAGAGCAGTTTGGTAGATTCTGTAGTTTAAATTGGGCAGTTTTTCGCGCAGAATTCCTTCGGGTTCTTAATAGTGATGCGGGGTCAAGCCAGACGATGACGCCGCCTGTCCAGTTGTGACGCAACAGGCGGACAGTTTGTTGGACGACAATCCGTGTGGCCGATCATGATGCTCAGTGAAAGTTGAATTTTAAAACTCGTCAGTCACCCACAGGGCTACATCAGATATTGTCGGCCGACACGTCGTGGACGGGAGCACGGGGGTAGCACGCCGTCCTGAATTCCACCTGGTCCCGAATGCAACCATGTGTGTGTTAGAAATGAGATCCCCCGTCCCGCGACACCAAGCACATGGGGAAGGCTCACTGGCCTGAATGTGTCAGGTCGGAAGGGGTAACGACGTGCTAAAGGGATTTCCGCCTCGCTTCCAGGAGTTACTTTCCAGATTACCCGTCTTCATGTTCTCCGGAGTCGGCCTATGCAGAATACTTGACCTAACCCACCGAGGAGTCAAAGGAGCGGGAGAAAGCGAAGTATGTTAGACATTTCCACGACGAAAGGGCAAAGGTTTCTTGGCTAACTAGTACATAACACAATTGGCCCATACAATGCGACTATCCGCTGAATTCCATTACAGTTTACACAGCTGCCTACGCCGTGGGGTCCATCAGTCTAGAGAGCTGGAGTCTTGGTGTGGCCCTGGCCGTGCAACCGTACGCGCTTCCTGCCCGAAACAGAGAAGTGATCTCCTTTGCCCAAGGGTGTTGTATTCTGACCGCAAGGCAACCAGCGATTTGGGTAGCCAGGGTTGGGGACGTCACAACATCGTGCACACACATAGAATTACAATACTGATCGACAACCCTACAATCCCCGCGATGCTATCCACCGGGATGGATTACGCTTGCACTCTTAGCTGACACCCGGAACCCTAGCCGGTTACCAGGTGGGAGCAGATTCTGCACGTTATCTCAAATTACACGTAGGCCAGGCCCACGCGTTTACCTTGGGAATCGTACTGCAACTCTTGTGCCGTGTATTACCCTTCTATTCTGATAAGCTAAGTGGGGCCACTTATGACCATAATCCATCCGGCTACTTGGTGCGCTGCATTCCAATTCAGACCAGGCTTTTACTCGGACACTCTGAGACACACTCTTATAGATCTTTGCGCAATAATCTATGGCACACTACTCGGCCATGCGTGGTTACGGACGCCATTTTCTTGCGTTCGTCCTCGCTCCAAGATCTTGGTCTCGCGTGTGGGCGTCGCCTTGAACGGCCGGCGCATAGAACCCACATTCAGGGAGCAATACACAGAGTCGCGCGCGTCTACATGTTGCTCAGCAACGAAATGCACACACGTGAGAATATGCCCTATTAGATACAGCAAAAGGCAACCAAAGCAACCCTGGGATCCTACGTCGGGGATGGGAGTGGCATTAGTTCTCAAACAGCTCAAGCAGCAACGGTGACAAGT,1668,51.74,Caenorhabditis elegans
SEQ_710827,ATGCGGCATTCTTAGTTCCATGAACAGAGGTGAGCTGGCTTCCGACGGTACACAATGGCTCCGCCCGTTGCCTGAGGTAGTTTAATCGTGAGTAAGCTACTCGACTGGCCTCGGGGTATTGGTGGTGCACTTGCCTGTCCGATCGGTGCGATACCGTTGGCTACTGCTGGTCGTTCTTCCAAGTATCCGCCGCTACGAACAATCGAAGAAATCCTCATGGTCAAGAACACGAGAAAGCAATCGCGTAGCTCACACTGCTTTCCTTACTCTAACGTATCGGGGCAGTCTCTCCACGCGGCGTTTAAATCCAGAGCTTACCACATGATGAGGGAACTTCGCAACTTCCGTGAATTCATCCGCGAAACCGTTGGCATCCCAGCCCGATTGTGCAGATCATTACGTCCCCGCCCTACACTGGGTGCTTTCGAGGTAGATTAGCACGAATAGAGCGCCATGTATGTTTGCATAAATGACTGTCCCATGTAATGTGTGCCTGAGTCTTCCGTTTGCAGACAGATTAGTGACGTACTTAAATACGGATGCGCTCCGAGTTTGGGCGGCAGTAAGAATCGTGACTGGTACACTTTGGTGATCGACTACTCCGTAAGACTAGTGTATGACCAATGGGCTGTTATCATCATTGGTGTTTGTCCGACGCTCGTTCTACCCCGTGAGCCCACGCGACGGTAGTGTTACACTTGAGCCAAACTAGACAGCGCCCACACATCTACACATTCATCAACGACCTCTAGGGTGGAGGAATACCACCTCCTTAAATCGAAGTGGTTCGCAATGACCTGGTAGTGTGACAGAAGATAATGCTGGTCGGAAGCGACCTAAACGGCGACCGCACTTAAGGTTGTACGGTGAGTCTAGAGGCACATCGCCAGCACTTTCCGTAGGATACGCTCGTTTCAGGAAAACCTACCGGACTCATAAGTACACATCTACGAGTGGCCATGCCCGGTTTACACAACGGTTAGCACCCATCCCGGTTCCCATTTGATGTGCTTCTGTTCGCTGACTCTCTGGTAGGGATTTTCGAATAGCACTGCATGCTTTTAACTACACTCACGCATATTGAAACGTCGCGAAGTCCCACGATCGTCGCAGAAGCACACTAAGTGCCTGCATTCATCGTGGCTTCCGTACCGTAGTGTTATAAAACAACCCCCGACTACCTTTTGGAATCGCCTTAACTGAATCTATGAGGTTGGGAACTGGGTCGAACTTTGGGTAGACTGAAAAGATGCTGCGTATTATCATTTTAGTGCATAAGAATGCTGCAAGTACGCTCCGTAATAATGATGGAAACAAACCACCTTTATGCCGCGATCGGCTTCACGTCGGGAGACTCAGTCTCGACATTTTCTTATTGCTTTCTGCAACAAGCCTGCTTCGTTCGTAAACCCCATATCGGTAAGTAGGGAGACTTGGCGTATCCAACCACTC,1452,49.86,Homo sapiens
SEQ_973751,CGATGTCGGGCTTATCGATCACAAAGCAGAGGACCCGGATGGCAGATTTGAGCCTGATCCCTACGTCGGAGCACTTAGTAAGACGCAAAGTGATGTCGTCGAACCATTAGCAGGAGGCGAGCTCCCCCCAGTTGCCGAGAGTTGCAAATGGTTCGTGCTAATCTGTACACACGTCACCTCGCTGTAGTGAGCCTTTCTTGACTTACGGCCGCCCCCTTGGTTCAGTGTATTGTGTTACCGTATCGATTGCGGCTCCAGGAGTGACTTAGTTAATCCAACATGTCCTCACTGTGAACTTCGAAAGTTAAAATACAGTTTACCGCCTGTTGAACACCGGCATCTGGCTACGGACAGGGGCGTATCCCGTATCAATTCTCGATTGTCCCTCTGGTTTAGAGCCTCATAGATCAGAGTTCGCCTGCAGGCTTCGTGCGTTGGTGCACCCGGTTCGACTGACTGAAACAGAGTGGGGCATCCAAAATATGGAGCAATAACCGTCTGGTGTATTTGGTCTCTGCTCAGAGTAAGTCTTGGATATATTCCGGAACTTTGACTATAGAGGAGAAGTGTATAGTTTCAAGATGAAGGGCCTATGCACGATGCTACCCATCCGCTGTGATCCCTGCCTTGCAGGCAAGACAAACTAAATGAAATTCTTGTGCCCGCCAGGAATTTGTTATAATCGAACCGGATGAATATCAGCCCCTTTGGGCTATTCAATGAGTTAACTCAGCGTTGCAAGGAACCTACAACTCGATTTCTGCGCTTAGGATGACTCTAAATGGCCATTTTTTGGCACTCGGTCTTATAGGGCTGTGTGTTCCAGGTTTTACAGAGACAGACAGGTGGACAAGAGAACGCCTTATGTCTTTCGTTTGTCGGTCTGCGGTGTCGTTTCCGTACACTGTTTGCCCCCGTGTGACGGCAGCCTAGGCCTGCCGCCTAAGTGATGCAGCTGTCGTGATAACCAGGATGGCCGGGGAGAGCAACTCAAGACTGAATGATATAGCGTTACAGCGTCGCACTGTTACTCCCTTCTTGATCTACTTGATAGAACTGCGGTTGGAGTCAACTGTCCTGGAGCGGACGATTTTGTGGGGCTTGCATCCCGGGGCCCGTTGATTCCCTCTAAAGCGGATTCCGTAGGAACTAAAACCCATCTGTAAAACCTATAAAATAACTGCTCCGCTGCCATGCAATTGCACGGGTCCGCTATGACGAGGGGGCGTCTGGTTAGTTCACTTTGACAGATCCTATACGAATGCAGCACCTCTAAAAGGCCTATGATGACTTGTAGTAAGGCTGCTGGGCCGCTTCATATCAGAGCATATTCGCAAGAGCAAGGCTCAAAGGAGAGAAATATCAAGGGACGTTGCTCTGGCAGTTAACCGAGCCCTCTGAGAGCATCCACGCGGGTCCGGGGCACTGAGTACATGCTGACTGTGGACGCAGGCGTAGTCACCACGTATGGCTGAAGCGATTGTATGGTAAATTCGCACAGCAGGGGAATGACGTGGTCACTGATGTTTGAAATAGTATCGACGCGTACGCAGCCCGACGTACAAATCCTGACACGTAATCGAGCCGCCTCCTCTGTCATTTCTACAACGCTTGACGTTTGACTGTTTCATGGCATCTTAGTTGGATATGTATTCGTGAGTTCATTGGATGCTACCGGTTAAACACGATCACCGCCATGCGGGTGAATATTGCATTAAGGTCAACGGTGTTGCCCGGGAGATGTCGGTCCATTGTCTTTGAGTCCAGACATTCCTGCTCGTTAACTGAGTGCAGGCCACGAAACCGCCCGTCCATTCCCCGAGTGAAATTTCCTTAGGC,1839,50.35,Saccharomyces cerevisiae
SEQ_862529,AGGCCGTTCCGACTCCCTGCTAATACCGTGCACTGGATTCTCTGCTAAAACCGCAGGTTTGTTTCGACCAACGACTGGATAGAGAGATGTGTTCTCGTGCATAACTCGGTAGAGGCCCGGGTAGACGCGCAGCAGCTTGGGTGGATAATAGCTACTGTCCTGTAACCCGACAGGATCCGTGTGCCCCCTGCTTAGTTTATTCGAAATGTGCTAAATCGGGACGGCCTGGACTGACACTCATGTCAGAGGCTCAGCGTCTGTATGTGTAGCAGTCCATCGTCCATCATTCAGCGAGATCATCCGGCAAAGGAGTTACTAGTCGCCTCCGACTGGGGCTTAGTTAGTGAGTTGTTAAGACAAGATAAAATGGGGTATTTAACACCGGCTTATCCGAGGTAAGGCCCGGGCTTATGTACCTCGCCAAAATCGCGCACTAAGCCCGTAAGCTCTCTACTGAAGTAGGATTATGCCCCTCATGCGCGGTGCTAGTGGACGACACCCTGATACGGAAATCTCTGAAGAGACTGGTGAACATACCAATTGATGGAAAGACCTTTGTCACGAACTTCGCACGGATGCCCGTGGCGAACGCGTATTAAGGTCTTACCCGCGAAACACATTAGAGCACCTGGGGGGGTCACGCTTCGATCATGCATGAGATCACCATGGGCGCCCCTAAGGGACGGTAAATGACGTGGAATGTGCTGACAATGGGAGCAAACATCATGTCAACTCTATTGTTATACTAATTAGACTTCACGGGTGAATAACGAGGTAAAGGAATCCTAAAGAAGAGGTCAACCGAACTGTTTATTGTTCCGTACGTTGTCACCGATGCATGAGGATCTGGCCAGGCCCCGTCCTGGACTTTCGAGTTCGGCTCCTCGAAGGGGATTGTGAAGATGACAAGTCACCCCTTCATGTTGCATACGAAATGGTGGTTAGACAGAGGAGATCTATGTGCCATTTAAGGGACAAACTGGTCGAGACCGCTATTCCACAACGACACTTTTGCCCAGGGTCACGTCTTGTACATATTCTTACCGTGCCTTCAGCTGCCTCGCATGCACCCCACGTTGTACAGGGGCATAAGTAGGATTATCGCTTAACCAATGACGACCTGGAAGGTAAACAGATCCTGAAAAACAGACGATTCGCAGCCGCCGTGAATCCCCTGGTGGAAATAGGCCACCCCCCCCCGTTCGAATGTGAGACAGCCACGGCTGAAAAAACAGTTGACTTCATCGCTCTCATGTAGAGCTATGAGGTTTCACCGGGGTCAGTTTGGCTATGCCCACCCGGCGAACAATTAGTGAGAACCTGGCCGGGGACTAGTTGCGGTGTTGTGAAGTTGCACTTCCCGCGCTGGGTAAAAGCCGAGACTCGGTTCTCGAAGCTTGTGCGCGAAATGTATCTTGTGGTATTGAGACCAGCTGATAGAGTTTATACTCCGACCCATTACACGTCCATCGATCATGAATGCAGACGCGGAGAGTGGCTGCGGTAGTCTAAACTTGACTGTCGAGCGTCTTATGCCCAGCAGAAGTCGAGCCGCAAGTGCTCGTGCGTGGCCGACATCATGCAGGAGATAAATGATGCAGAGACGAAAGTACGCGTCCGAGACCTAATGCTAGTAATCTAGATAACGGAGTTAGTCGGCTACACCCGTGCACGAAG,1677,51.34,Escherichia coli
SEQ_733524,GGGCCACTCGACTAAACCTCGTGCTCACTTCGACCCAAGCTGAAACATGGTTATGGCGTGCAATTTATAACCATGTTCAATTATATTAGGGGGGAGAATTCACGCACGATCGTACATAAGCGGATGGTACGTCGACGGATACCCTTGTAGGTTTGTGCATAAGTGGTGGGATGGGTGGTGAGGATTTGTATGAGCGAGCGAGCTTTCACTCTATGTGCTTCAAGAGGTGAGGCTTTTACTATAAGCCAGTGTCAAATCTTCCCAGCTCGATAGGTCGAGAGGGCATCACCCACTTGCGGTGGAGGAGCATGACGAGATAGCGAAGTAATCCCAACCCAGGGTAGTGTAAACAAGAGTCACCGCGTGAGCCGCCTTAGCCTACAAAACTAGGTCAATACTCATAACCCATTGCCACCGACTATTCTTTCCACTAGTAGGATAGGCTATCTATATTAACTAATTAGTTAGCGGTCATCTTTTTTGCTCTGTATGGATAAACGCCACATCTG,509,47.15,Saccharomyces cerevisiae
SEQ_479874,GGAACCGTCCACTCATAATACGAACCCATCGAGGTCAGAGTGATTAAACCAAACAATGTTTGATAGACCTAACTTCGGAATATTGGCGTATGCCGCGCCACCCGAGCATTAAGTTACCGCTGGCATGCCAGCCCTTCCTCTTAGGTGCATCGAAACGAGTCGCAGCGCGACCACCGGGAACATTCTTGTACTTAAAAATGGACAGATGCGTAACTGTTTGGACACATCAAAACGGCGGGGACACGTCGCCCCGCATGCTGCGGATCATTCTGATCGACACATTCGTCGTCTTCCGAGCTTCGGGAATCCCTGCAAAGCAGGTCGACGTGGGTCCAACCGTTATGGGATAGAACCTCTGGAGTCGACGCATCAGGGCGTAAAAGCTACCATGGGTCGACTACTCCCGGACCCTCCCGTCATAGTTTTAATGCGTCTTCGCCGAGTAGTATAGTTCAAGTCATCTCTCAGTGGGAGAGCGGGATGTAAGATGAGCTGGCAGATGGGCTATGTTTTGCGCGGGCGCATCCACCTGTCAATAATGATACAGGCCGAGTGAATGGCCTTCTCCCTACCTTTTTCGGTCTCGTTTTACAGACATAGACAACCCCTTTACATCACCCAGTGTGTTAATCAGCAGCTATGTAGCTATATATTTACCTGGATGGGATCATCGCAAGTGTATCCTTTAAGGTCCACGAGTAGACTTATTCGCTACCTATCCAATCTGGTTGTGTCTCTAAAATGGGGTAATAATATCAGGGGGGAGGAGATCGGGGTCGAGTTTTGCTGCTAGGGCCGGAGTGATCCCCACGGTCATTGTTACATGCGCGAAGTCTATCCGCCCCGGATGGTGTTCGACGCACAAGACTTTACGCAACGAAAGGACCTCCTGTGAATCAGGTTGCGCGTGACCCTCGGAGTGATATCCCAGGTTCTCGACCTCCATTCGAGCGTGCGTGATCAGTGAGGTAGGGCGATGTACTGTCGGTAACACACCTTTGCAATATCGTCTTGACCTATAGATACTCGCTTACATCCCAGTTATGATCAGGTTGGAGCACTCAGTTCGGAAACTATTCTAGCGTCGTTGCAAGTTCGCTTGATCCAGCGCCGTTTGGCACCAGAAGCTTGACAGGCTACATCATACGTTGTGCCTCGACAAAGGAGGCAATCTTTCTGTGGCCTCAATTGGGTCCGCTACGGGCATCCCTGATATAACCCGCTTCCGACATCATCCCCGCGACCAGCTCTTCGACCATGGAGTTTCTCGCGCTGCCGCGCGCTGCGGAAACTGCCCCCATGGCGCGAGCGTCGTACAACCGCGTTTAGATGTGTTGCCGCTTGAGGTGAGAAGTAGCGACACTCCACCGCAATCGATAAGTAATGTCTGGCGTGACTGGCGTCTGCTTATCTCTGGACGAGTGAAAATAGGAGGTAACTAGCCGATCCTATATTTCGGACTGAGGGACTCCCTACTAAGCGTAGACGAGGTGGTTATGAAGGTAACCCGTCTAGACCCGCGAGATCCCGTACGCAGATAACACTTGAACCGCTTCAACATGTGCAAATAACATTGGAAGCTAATGGGAGCCAATGGATGCGACACTCGAGGTGCTACCCAGTCTACAGCTTTTTGAGTCCGTACTGGATGCTCATTGCGGAGAGCCCATTGTTG,1675,51.82,Homo sapiens
SEQ_811574,GTAGATCCGCGTACGCATGTCGTCACTCCTTTTGTATGGTCAGTGGCCATGGTTAAGTCTTAGCGTTAGACACGGAACCGGGAATTAGATAGGGCTCTTTGGCCGCCTCAACGCCTGCGAAATGGATATCGCAGTCCAAAGGTTGTGCGCGAAGCGTAGGTAAGCGCAGAGTCGTTAAAATCTGCTACGACGCAGACCTCTATAATTAGTTACGCCACACACTGTACCGTCGAAATCCCTTCAGAGACTCAATGACATTTATCGTGCCTAAACCCGCAACGGTGCGTCTAAGACGGAACGGTCAGCTTGCGCCATTATCGGGTATCTGCGGCCGACGAATAACGATGTTAGTATGGGATCACGGTAGTCTCGTGCGCCTTGTTCTGTATGTCTCGGTGGACAACGTCTTTGACCTCCTGAGATCTCTCGGACAGCTAGCCTCAAGTTAGGGACTGGCGGGTGTCATGAGTGTAAGCCAACGTTACGCGATGTGGGGGATTGATGAAGCTTATTGTAGTCCGTGAGTCTTGCTGACTCTGCCTTTGTGAGCGAAGAATGCTACACCTTCCAGCTAGTGAGACACTCGAAACTTCTCTCGGCTGATTGAGAGCTTAGGCCTACCAGTGAACGAGACCTGCTTCAGCTAGGCTCGATTCCGTTGGCATTGACTACACCCTTAACCACTCTATTTGGCTCACAGATACTTCCTACACTCGCAAAGGCCTCGGCGATGCGTAGGACGCATCATACTTGCTTTACGCCCCCGACATTCATAAGTGACGCGGGCCTTCGGACTGCACGGATCCCTGGACCGAGAGAACTAGTTGAAGAGAGGCCCGTGACTCCCGTCCTTAAATGCTGAAGCTCTCAGGGTAAATCGAATTGTGAGTAGGAGCTTGTCCAATTTACTCCGTCGTTAACCTTGGCGATGGGCCGGGCAATTTACGGCGCGTCGCAAGCCCACAACGTGTCGATTATCGAGATTCCTAGTGCGTAGGGCGTGCCTGTGCT,1011,52.23,Drosophila melanogaster
SEQ_133264,CGTTATTTGTCGAAACTTTTGAGCGTGTGTATATATACAGTCGGGCGAAGATTTAGATGTACGAACTCTGAATCTCCAACGTTGAGAGGGTGACCCGCGGAAAAGTATGCGATTTCTTGGTCGGCGGGTTATCAGCTACGGGGTGAGACGTATCTCACTACTCGGACTTCGACAACCTGGCTTCTTTGCCCGGAAGTTCCGCCGTGGCTCCGGTTCGAACCTCCTTCATACAGTTCGTCTCACCTGCCACTTGACCCTGTATTTTACAACCCACCCTAAATCTGAGGCTCGCGCATAGTTTTTAAAAGTCCTTGCCAACACTAAGGGACACTTAAGCTCGCTCCCCAGTGATGGGTCGCGAGGACCTAAACTTCTGGGCCACCAAACTACCGGAATGTCACAAGAACTTATTGTAGAAGCTCATCAATTAGTTTCTAGGTCTTTCGCGTGCTCAAGTGTGTCCCGATCCTTTATGTGGAATGGTGCGTACAAGTGTACGACAACTGTGGTGTAGTGAAGGATATGCTTACGCAACCCTGCTTCGGTCGCAAACCTGAAGTTCATCAGAATTGAATAATTACTCCGTGGGCAATAACACTCAAGGGCTACCCAGGCGGTCAGAGAGGATAAAATTCTAACATCTCTTCGGTGTAGCCCGAGTCTCTCTACGTCCGGTTATCATCGCAAAAGGTGCAGCTACCCGTCGGGGGCGGTAAGTCGCGCGGAGCGTCTTCCGTGCGGAAGACTTCAAGACGTCGTCATCTAGTGCTACTACCCTCTTGGTGCCATAGATAACTTCACGGAATCCCTCACCCCTTCCCTCAATCAGGCTATCGCCTCAGCTAGGTTTATCGGTTTAAGTTCCAGGTAGACAACTGGTGGCTAAAGCCCTCCCAAACAACCCCCACCTATTGAATAGAGCACAATACTAGGAGCTATAGAACCAACAACTACTAGGGAGGGTGTGGTTTCGGCCGACGCAGGACTTGCGATTGCTCTCTGTTAAGTCATGAATCGAAGGGCTCCTTAGTTCGTGAAATGGAGTCGCACTGAGAAAACCTCAGTAAATAACGTGCATGCATGCCATTAAGAAAAGCACCTGCCACTAAACATCAGAGGCTCGGTGTACAGAGGGTATCATTAAAAAGGCTGAAATGCATCATGCCCCGTGACCGGCACGGCTTATTTTTGTTAAACCGCCGTCGTCATTTGAAACAGAGAAACCTAAGATATGAATATTCACCATACCTCGAGATACGAAATATCTTGCAGACAGTTCGGACATGTGAGCTAAACACAGTCCAAGAGGTAAACTGAAGATGCGCAAGTGGTTAGTGGTGAGACCCCCTTCACAGGCTTGCTAACCAAGGATGATAGCGGCGATTTGCTACTCACATGGTGCCGTTCCCGGTAAG,1415,48.9,Mus musculus
SEQ_200731,CGTCAACAGATCATCCACAAGGACGGACTCAGAGGCCTCTCATAGTTACCCAGCAAAAGCTCCTTCGGCTATTAGGGCAGTGCCAAGGAACTAGTAGGATCTTGAACTACATGCAATCTATGGGCTGTCTGTCGAATTGGAACTCGCAGGGTAGTACCCGTAGGCCGTCCAGACCGACACAGCGAAAGGCTGGATACTTGTGAATGGTATACCATGTCTACCTCTGCCAGTAACATTCTCGCCTGTCCGGTTAGAGGTTCATCACGAGTAGTGAGCATCGCGGAACTGCGGCCTGTTCACACGCCTTCCGGTTTCATGTAGCTGGGGGCGACTTCTTCTGAATCCGCTCCGGAGCTGAATGTCCAATTTGGTACAGGCAATCGGAAACCGCTTTCCGCGATTCGGTCAGTCTTTCACCAGCGATGTTATCCTAGCTTCAATCAGATATTTCCGGGCGCTCACATTAGCCAATATTGAACATGCCCATCAACCAGCTACCTACCCTAAGGCCTCTTCACCGAATGTAGTGGCTACGGTGAGCAAGCCCTGGGCAGCTCGTAGAAATACTGAATCATAGGTGTTTGAACGTAGCATCCGGCCTCACGAGCTGTCATATTATCCCTTTTTGTTTTTGATCGCTGTGCACTTCATGTCCGCATATGCCAGTACACTTTCAACAGGAACCCGCGTAAGACTCCCGAGATTCATCGGTATAGGTTCCATTTCAGATGAAAGGCGAGGCTAGCGTGGTCACGACCATGAAAGATTTGTCACGGGATAATGCAATTGCTCATATTCTTCTCGCATCCTGCTAAACACTTAGTGTATGATCGGCCAATAGTATTATTAGTGATTTTCCAGCCGAATTCTCATGGTCCCATAATAGCACATTTTAAGTCCGAAACCTGGCGCAAGTCGGGCGGTGCTTCCGCCTGGCGTGGTCACGGCACGCTGGCATGATTATAATGGTTACCACAACTTCGGAATGATCGATGGCTATAGGGTTCTTACAGGAGCAAATGGCTTTTCGCGAGAGGGCAGCAGGATGGGGGCACTCATCACTGGCCTGCGCGATTCCTAGGAGTTTCCGTTGTCGACGTTAGTGCGTAACTAAGCCGATGAAATAGTCGAAGTATTATCATTCCCCATCAATACACTATTTCGAACAGGTGAAAAGCAGTCATGGGTTTTGGTGTAACGTCAACGTGATATCGAAGTCTGCACTTATTGTGGCGCTATCCCGTTTATTGCGCATTACCAGGTACCCCTCGATCCCTTCGCCTCCAAGAACAATGGGGGGGAAGGGCCTACCCCAAGGGAGTCGTTTATACAGAGGTCATTCGGATACGTGTCGACCCTTTTTCCGACAAACCTCTACTTAGGTAATGTTCACC,1394,49.57,Arabidopsis thaliana
SEQ_752238,GAGTAGCGCAGAAGCGGACCTTTAGTTACTGACGATTCCGTGCTGAGCGAACATGAATTGTGGTCCGGTGACTAGACCACACCTATAATGGGAGTGTTACAGTCTAATGAGTACATTTACACCAGGGTTAAAGGTCTCGATGGAGTAGAAATGTGTTGTGGTCTCGCAGACATCTGTGTCGTTAATCTTACGGTAAATTTTGTTCATTGATACTGGCGCTGCTGCTACGTGTTTGATCTGCTGCAGACTCATCTGCCAGCCTTGGGCCGTGCGCTATTTACTGCATCTTAATTGCAGCTAGACAAGATCTAAGGTCTAAAAGCGCGAAATAGAGCTTTAGAGGGACAATGATGGTTTTTTGGGACTTATAGCATTGTACTAGTCAGCGGACCGACCATATCCAAGTTCCTTATCAGTCCGTGATTGGGTGGCTTCGTGTCGGGAAGGCGGACTTTAAGTATACCTTCGGTCTTCCCCGCTGTAACGAGTTGTAATGTTATAGTCCCCCGCGGCAGAGCGAGGATAGGTCGCGCGGGGTTGTCGGATCATGGGTTTAAGTCCTCGTTCCATGATTCCTCGCATGACATTATGCCGGCTCAGTTCATGTGAGTGATCGTCTAATCTGATGAGCGCTGGATTGTTGAGAAGATTCTCAGTTAGTGCAGGCCTAGCTGCAGCCCCAGCGTTGGACGTCTAGCCAATCCTGAAGGGGTAGAGGCACACCGTTGCTTAACCTCTGAACGAACACCGGCACCCCCTATATCCTTCACGTAGAACGCCATATGACGACTGGAAAGCCTTCCCATGCCGGGACGACGGATAGTTCGTTTATGGAGATAACTGAGTATACACACTTCAGCAGCGAGAAACAGGTCGTCCCCCAACAGTATGGCGAACGAAAGCAAGTAAACGTGAGGCTTTCGGAGAGCTTTACAGTCGTTGACGCGTAGTGATAATAGACCTACACATTAATTATCGTTCACCTCATTGAGGCATCGGCATTGGAGACAGAATCGTTGACGAGTGGCGTTTTGATCCTTCACGCACAACGCGAAAATGAGATGTCTCGTGGAGGTAACCGCCCTCAGTGGGCATTTGTAGCGCGGAGTGATTCGGGCACTGGGGTAGATTGAGCGAGCCGCAGAGGGAGCGTGCTGTAATTATTTCTCCTGGAAAACACCGTAGAGGATGGGCTCGCTCCCGCTTACCCGCGGAGTTATTAAATTACACGGAGTCCATCCACTTTTAACGCCACGGTAGAATAATAAAGTGCTACGCTGTGCGGTTCTACGTTAACCGACCATTGCTGGACAAGCGGATGGCGAAGTCATAAAACGGATTGCAGAGAGTTCAACAGACGATGACGACAATAAAAGGCGTTGACAAGCCAGGCCTGGGAGCATTCGGGGAACCGCAATCCGCAATTATGGAAGTAGACTCCACACCTCGCCCGTCGGCAGCACGAACAGATTATAGGCAAGCCGTGCAACCGACCTCGCTGCATGTCATGAGTCACTATTAAGATGAAATGCGGTTACTTGTCAACGGCAATTGGCGCCTGGCGGTATCCTCTGCGAGTCTAGGGTGGCCAACCCAAAAACCAACGGATGGCTCCCCTAACTCATCCCCTCTTGGAAGGCGTGGCGAGGTAACCTTTAGTGTCGGGCGATAGCGCTGCTACCCGGCGGTAGAACCGTGCTCCAAGAGACATCCGTTAGCTCGTTATTGTCAGTGCGAATGTAGGCGAACGACCGTACTGTAGACTGATTCCCCGCATGCCAACGCAGGTCGGGCCAAGTTCGTTCATCTTCGACGACATCCAGGGAGACAACTGTTCCCTCGGTTTACTCCAAATAAACACTTG,1864,50.86,Saccharomyces cerevisiae
SEQ_125785,ATCGGAGTTTACCGGATTCAGCGACCCCTTTGGATGTGACCGACAAAAAATAATGGATGTTCAGGCCGAGAATTGATCCCCTATCAGGAGATGAAAGGTATAGTCGTTTGTACTACGTGCCATGAACTAGTTAGGAAGCGATCACGAACGATAAAGCCGTATACGGAGCCGGGGGATCCGCTACCTCCTCCTGGCGCTAGGGGCGTGTCCCTAAAGCCGGAATCTGCATGACGGAATTGCAGCTCGGCTTACCGAATTAAACTGGGTCACAAGTCCCCACTTCGCTCCCCCATTGAACGAATGGGCCGTGGAGTAGCGGGAATTAGAGATGATGTCACACTATCGAACATGAGGCGGTTCAGTGGACGTACGTAGTGAAACAAGACAAGTGCAATGAGTACGAGATGGCAGAGTGGCTGCACCAGAGTAGCACATGCGTATCCCCTTGCCAGTCATACGTCCGGAACTGACTGTCCTGGGCAGTCCACGGCGTAGCACCAGATTGCCGTTGTCTAAAACGGCAGCTGTCGGTCTGGCCCATGAACCAAGCCGGAGTCTACGTTACACTTATACTTTACGACGAGGGGCCGCGGGCGGTCCCAGCACATTTCAATACTCTCCAAACCTGGCGCACGGTGCTGTAGAGTACGGCAAGACCCGATCTCCCAGCCTGTTAGCAGACACCCCGTGGAGAGTTGC,699,53.93,Caenorhabditis elegans
SEQ_870112,ACTCACGCCGCCATTGACGCCGTTCGCTTGGTTTTCAGCAGATGTTTAGAAGATGCTCAAGCTGTGGTAGCGAGAGGTTTTTTTTAGTGAGTTCGAGGGGAGCGAAACTGCGAAAATACAATTCCTCTCCTGACCCGACTTTATCCCCTCCCTTACTCGTACGGTTACGTATTTGAGGTGGCGGAGGGAACGTACGTTTGTGAAACTTTGGCACGGTCGGTATTTTGTCCACTGCCCGTGTAGCAGACATTAGACCGACCCGGTCCGATCAGGGATGGGACCAGAAGAGAAATGCAGCGATCTGAATGGAAGGTACAACGGCGGTAATTGCATTGAGAGCGGTCATTTAAGAGCTCACTCAGACAGGATCTGGGGCTGTTAAGCTATTCGTGGCATGCACCGTTTACGATTGCACCGTAGTCAGTTCTAAAAGCGCATACACAACTTTAAATAAGTATTTTGAAAGTGTAAACCATCTCTGGAAAATCGCCTGCAGGGCAAGCTGCAGGGCGCAAGCCCTTGCGATGGATAAGAAGGTACAACGACCCAGTACTGACGTTCTCGCCAACCGTAGTACCGATTTCATTAACCAAACGTAGAGGTCTCCGACAAAGATAGGCGAGCGTGCAGCGACACCCGTCTAAGGTTCGCGCTTAGAGCGAGGGCAGTGCTAAGTTGAACAGACCACTGGTAGAGACATACAGGGATGTACCATATCAAATATCGAACGGCGGTCATTTGCGCCGCGATAAAAGGGCA,759,49.93,Homo sapiens
SEQ_501334,TCCGGAGAAGATAAGCAAAACCTACACCCGATGGGGCATAATAGGAAATCGTTGACATGGTTAAGACCCCCTGCCGGGGGTTGATCCTAACGTTACACCAAATAAATGTTCGGGTGCAATGCATTAACGGAGATGAGTAAGGAATTACCTAGACGAGAGTCGAAGTTGGCTTAAAGGCTCGTATCATAGTAAGTCTATGTAGGGGGAGCGTTTGCGCAATCCAGGTTGTTTTGTGGAATCCGGTGGAAGGATTACTCCTCGACAAGCCATACACTCAAGAATTGGCCACCGGAATTATTTGTGTTATACATTAATTACTCAAGAAGACCGCCTACGGGACAAACAACCTAAGCAAACTATGGGCCCAACTATTTCTAGGCATCCGAATTTTAAGCAGACATACGAAGGATATGTATTAACGTTCCCACCTGCGCCAGCTCTCAGGCATACTGCGGAGACACAGTGAAGCATTGTGTCGCGTATGAGGGGGGGCATGAGAACAGTATATGCTCTATTGTGTCACACATGCCGACCTGCCTGACATCCAACGCTCTACCTCGGTGGCGGTGGTGATTGTGGGAGGGTTGGGAAGTCGAAAGCAGCTGTAAGCTCCTTCCCACACAGATTTTATTTTGGTGGTCTGTACGGATGAACATTCTTAGCTGAAAGGAAGACTTTAATACCAGCTATC,691,47.03,Homo sapiens
SEQ_824778,TACACCAAACCTTGGTGCTCAACGCCCGAGACAAAGGTGTTAGGGTACTACACACAGACTGTGTGGTCTCAGAAACATACGCTAAGGCAAGTCGCAATCGCACTCAATACTTAGCCTTCCTCAAGTCCGACAGGCGCATAGACGGCTCGTTCCTAAGTAAGTAACGTTTTGAGCTTCGAAACGGTGCGAAAAAGGCTCAAAACTAAATCGGTAGGAATCGAATCCAGCCAGGCACGCCCTGGGCGTATATCACGTGTGGGTCGGGCCAGTATATACTTTTGGCAGCTCTCGGCACTACCCGGGTAACCTGAGTGCGATCCGACGTGAGAAGAACAGAAGGTTCACCTATAGCGCGGGTGCTACTAGAATAGCTATCACTGACGTGTTACAGATCACCCATTAATTTTATCCTGTCCCCCCTAGGAACGGGTATGCCAGATCCCAGGACGTCACATGCCGGGCACAACATGATACCGGCGACCACACGTAACGCCAACTCTACGCGTTAGCTTGAGAATGACTTCAAAATAGGAGAAGCATGCGGGCCCTTTGGTGCGCCGCCGGTAGTCCCCACTATGTGTAACCGCCACCTTTAGCTGTAATTTGTGTTTAGGACATCGAGGATTTTGCATAGGTCTTACCTGTGGGTGTCCTCACCGAACAAGTCAATGCCCAAGGCTTGGCGGCGGGGTCACACCGGAAACCTGTTCTATGTGATCGAGCAGAAGACAGACTCTCACAGCGGTTGCGGGTCACAATAATCTTGGTTAGCCAGGGCCGTCTGCAATAGGAGCAGAAACTCACGCTCAAGCGCACAAAGATCTATTTTTAGATTAGGTTCTCGGTGTTAAGCATTGCTAAATAACCAGTTCCTCAGTGACCCTCGGACTGCGCGCCTTAGCTTGCGTGACAGTATGTGTTAATAAAAATGGATTTAGAATCGCAAAGGCTTTCATGCAGCACTGGGCACCGCCTAGTAGTGACTCTCGACAGCAACGTGTCTGCCGATGTCGTTAAGTAAAATCAGCCATCCCTTGCGACTCGGCGCTGGTGCCTGGATGTGACGTGTTAATTGCAATCTAGATGCCGGTCCGATAACGAAGCCGCCGCAATATTCGACGGAAAAGCATAACAGCGGTTTGACATAACAAATAATGCAGTACTCGGGAGCACCCGCCTCCATCGGGGACTGTATACTCAACTTTGGTCCACCCAACGCGGCACGTGGCACATTCGGCTGAATTTTGTATCAAGATTGTAAGCATCTCCAGACAGCATAATTATAAAACCTAGCGTTGTGTTTCCCAGACCTACGCAGAGCAAGACGTTATTCAAGGCATAGAGATAGAAGGCGGAGGAACAATCGTTGATGCGGGTCGATCTGTGTAGATTTGTGTCTACTCGCTCATCGCTTACAGTTCCATATCGAGTGTGTTTGTTCCTTTCGTTCACGGGTTTCAGGCATTAGGTAATTCAATTACTCTGTCTGGCAAATTCTACCCTTGGCTTTGACCAGACGAAGAGCACACTCGGTCCGCTTTTCCTGCACGCTCGCTGCTTTCGTCGCTTGAGCGTAGTATCCGGCGGCTAAGGGCGTTCAACACGGGGTTCACAGTAACCTCCTCCCCCAACTGTATGGACGGAACCTCAGCCGCACACGTGGAGTGGTTGCATAGACTACCCGACTATACCATCGGAGGAAATCGGTCACAGCACAGGATGCCATTGAGT,1731,50.61,Drosophila melanogaster
SEQ_545386,TGTAGGATACGAATCGTGATCCAGAATTCCGTGGCCCCGACCGATGCCACCCCATCTATCCAGGTTGCCTCAGGGTCAAGAATGTGTGATGTACGTTGAGTGTGCCAATCACAGATCGTACCGTCCGTCACATTACCGTGAGAGCAATTCGGGTCTCTTTTCTCTGAGATCGCCGCCACGCAGTTCTCTGCGCGCTCCAGAAAATGTTAGTTCTCGTTGGCTGCTTAATATGATTAGAATCCTCTCAGGGTGGCGCGAACCATATCCTTATCGGATACAACCTCGACCTAACATTTGGCTTACTGAGGAATCCTTCGTGAGTTGCAGGATAGTGCATAACACGCGCTCGGAGGTGCTGCCATGGGGCCTACCACCTACTTGTCGCGCTAGTGGAGCTACGACAAAAAGTTCTACCAATATCCCGTACAGATCAGTAGTTCCTTGGCAAAGTCTGCAAACGAGTTCGCCCGGCGTAAATCTTTCGGGGATTCGCCATCGCTACATACTGTTCCTGATGGAGTTAGGCGGTCTCCTGGGAAGTACCACAGGCGCATTTACAAGATCATCGAGTGCTCCGGATAATAGAGAGCCGCCGACGGATTTGTCTGACGCTCTAAGTTCGGTTTATCCTAAGATCTCAGCCAGTGATCTGTGCTAGGTGTCCTCGGTTCCGGCGGATTGCAAGCAGTCCAATAATAGCTTTGGCTTCCGCCATCCGAATTTTAGCGGCAACATGGCCTTGGAACGCCCAGCTTTGGGAACTCACGTCCGCAGTCGTGGAGACATCCGACACAAGAATGCGCCAGAAAGGATAGCTTTCACTGGGTTCTGCGCATGATAGCTCATCGAATGGCTCCATACAATACTAAGACCTGGAACGCTGCTTCTGGACCCTCTAAAAATCTCTTAACTTCGAATGCTGCAAGTACGCCTAATTCTACACATGGAGATGCTAACTCTTTATTATTTATCGCGATGGACTGTTTAGAGTCACTAGTTGATCAAGACCTGATTTAACCGTTGATAGGAATCAAACGCTCCGGTGGCTTCGTGTGTATAATCCGAAGCGTATGCGGACAGGGAATCTTGTCTGAGGATGGTTAGATCGGCTCCACGCTGACTCTCGAAATGCTTTCGCGATCTGATCGACTGTAATAGAATGTGGATTGGTTAAGAGCTACGTATGTTCTATAACCGCCGGCTAGGTCCAGTGTTAGCGCAAAGTGCACGGCTCATCTGGCAGGGCTGCGTACAGCACGGCGAAGCGATCGTTATCTCCTCGAATTTGGAACGGATCCCGCCACCGAGTACCAAAGATGAACACGGGAGATTTTGTGCCATCACGCTCTAGAACAAAAGGATCCTAGGTTGGGCACAACTGCGGGGTATACTTCCCCTTACCAGGAGCCAGGATAATTAAGATAAGGTCGCGGGGGAGACGGGCTAGTTCTGCTAGTGCTATCCGTTTGAACATTATACGAACGAGACATATTTCGTCGCGAGTATCAATGTCGCATGCCGCACCCAGACACACCTGACTGGGATTGGATTCATAAGCTAGTTAACGTATACGGGATGGAACATGTAGCGCATAACAAAACGCCTCCAGAGCAGTAGTTTA,1621,49.91,Homo sapiens
SEQ_823975,ACGATCTAGTAGTGCGGCATGATTGGGCAGATCCCTGGAACCGTTCCTCGTGGTTCATCGGCATCGACCATATGAGGACACATTTCTTATTCTGTGCGTGTTTCTTCACTTCCAAAAGCTGCGTATTCGGAACCCTCAGCAGGGGGCTTCAGAGGGAGATCCTTGCGGCTGTACGCGTTCTGACCGGGTCTCCTTGTCATCGATTCCCGTGCACCGTATCCGTCTAATTACGACACGGTCCCTTGGCAACGGAACCCTAATCGTTTGCATGAATAAGGCAGCCAACTAACGCATCGAGATGTCTCAGTGTGGGAGCAATCAGAGTGTCGGCTTCGTGGGATCAGAGTGTGTTTGGCGGATGGATGTAATCTGAGCGCCCACAACGGACTTGGTAACAGAGGAACTTCTAGCCTCCTTGATTAACGTATGTGTGTGAAGGCGACAGATCGGAGCCCTGCAACTCTTGCAGAGCGCGGGCTGGTACCCTACGTGAGGACGTATCTCATTTTGTGATCGAGGGCATGAGTGCTAAGTGGTAAAAGGCCTGGAGCGTAATTTTACCCAATAACTCATCAGGGTGTGTGATGCGAGTATCACCAACCAGCATTATGTAAACATGCGCTGATGGTGGTCGCGGTTGGATTGGACAACCCGATAGGCACCGCTAACAGCCCAGCGAGTACACCGCAATAGGGAGTGTGTTGGCTATACATGAGGCCAGGGCGAAATCCCTCTTCTGAACAGGTGACATCATTCCGGATTGCACTTTATGTGTGCGGTAGTTCCCGAATCATCTATCAGCATCGTTACATACTGAAAACTCATGGTCTGTACTTCGTCTCATCCCATCTGATCCCTTAAGGAAATAGACGTGCTACTGGTGGTTTACCAATGGGAGCACCACCCTTGGACCGACAGGGACCCTCATTGCCAGAGTGGAATCATGAAATGCTTACTCCACTGTAGAGATAAAGTACACCTTCGGTTGATCTATAGGCAAAACTTAAGGTAGTGGTTGAACAAGCCGAATTGATCGATAGACTTCTGCTCTTATTTTTCCCCCATAGAAGGCCCGTGCCTTCTATTTGAAAGGAAGTTCCTGGGAGACTAAAGCCTTCGTATGACATCGCACGCGACATGTATGTATTCATGAAAACCGCCGTGTTTAACGAACCACCCATTTAATGAGGTCGCTTTCATTCCTCTCGTCTGAGTCTCGTAGTGAGAGGGCAG,1233,49.8,Mus musculus
SEQ_308466,TTAGGTGGTCCGCTCCGTTCGGCTCCGAGGTGCGTACCTGTTAAGAGTAACATCTCATGAGTAGTGCACGTACGCCTCTGCCTTTTGCCAACCACGCTAGACAACAATGCTAAGCGTGTCTACAGGCAAATTCGGCAACTGATCTGTCAGTAGATCACTGGTGCTATACGTCGAGCTCCGGCAGTCTGCACTCGATGAGGTAGGGAATTCAGCAAGACCTACTATACTCCAGATTCCGAGCTCATACTATGTGGTCAGGAGTAGTGTTCCCTTCTCAACAGTTTACCTAGCTCATGCATAGTCGAGTACTCTTTTATACAGTACGTAAGTACCACACAAACGCTTACGCGCCCCGAGCTAGCGACGATTGATGATCAATGTTGATCTTGAACAGGGTCGCCTAAACAGTCGCCATGTCATATGAAGAGTTTATCTATCGCTATATTATATTACTTCGCCACATGTTAGGTTGCCGGAAGAGGCAGGCACTTCGTGCGGCCGAGTTATGTTTCAGGTTTACGCACGGCTTCGTACAGAAATAAAAACGACCCTAGTGCCAGCTTGTCGTTTCTAGGTAGGCACATGCACTACCCATATAGTAGACGAGAGTGTGAGAAAATTCACTCAGATGCAATTAATGCCCGTGACCGAATTTGTTGTGGTACCTCGATTCCACAGGGAAATTGAGGGGGGTGCAGGTTCCATGCGCCGGGAACAAACTTGGGTGGTATCGCGGTTCATACTTGAAACCTGCAGCCTATTCGAAAGCTCTGGACAGACGGTGCGAGATTCGGGCCAACATCCTCTTCGTTAAAACCTCTGTTCACTCAAAAATGACAGAATTTCCTTAATGTACCATTGCATTGGTCTTTGAGCTGAGTTGAGTCATATAGGATGGGTATCTGCTTCAGGCTGTTAAGCTCTTACAAACATCCACTATCACGAGCTCGAGCAGGTTCGTCGTGGTTCCAGATCCACGGAATCTGTCAAGTGCAAAGTACGGCACACACCCAATATCCGGACGGAACAACTCCTCAACTAAGCCGTAACTAGACAGGCCAGAGAGCAGCGCAAGCAACTCGAGCCGGTCAAAGGACTGCCAGACCGTTCTCTGAATCGATATTGCTTATGTTATATAGATGTAATTGCCACACAGTTCCATAGACGTTATGTTGTATGCAAGGCAGCCCCTCGCTGACGGGGTAATTCCGCACCGAAATGCCCGTAAGTGTGCATATTGTTAAGTACACCAAGGCACCTCACAACCGGTAATC,1274,48.27,Escherichia coli
SEQ_727195,CCTATGCCATGTGAAAGTCCGACGCGTGGTGAGTTCTTAACTCTACGTCGACGATTTAACGTCCCCTTTGGAGAAGGACTAGTCTAGGCCGATTTGGTCTTCATTCACTTATTTGTGTGCTTCCGTTGATAGATGGAGTAGCTCCTAACACGACACAAATATGGTACAGTTGTAACTGTTCGTGGTCTAGGTAAGGTCACAACGGCTCGTCAGTATGTCTCGGAAACTAGCTCACCCCGTACTTTCTCTGTTTCCAAAAGCACAGTATTTGGGTAGAACACGTAGGAAGAGTCAGGAGCGTACGATTTGATTTATTCACGTAGGTTAAGGAGCTTAAAAGGCCCCGCCCATGCGCAGAGTAAAATACCCAGACAGTAGTGGATAACCTTTTACCTACCTTTTACGGCCCAAACACAGACTATGCCTGCAGCGTAAAAACGTCTCTTATGCCCTCGGCGTAGAAATATAGAGGCCATACTAGAGTGCTGCCCGCTGGTTCGCTCCGATAGTTAATGTGCAACTCACGTACCTTCTAAACACGATTTACTGCTACAGTGTGAAGCCTGGTTCTACTAACCAACAACCGCCAACGATAATCCATGAGAAGGAATAAGTGATCAGCCCAGAGGTCATTAAAAGCTAGACGTGCTATCGATA,657,46.27,Mus musculus
SEQ_482857,AGACAATGGGGAGACGAGGACAACTTGCCTCGTGTAGCTCGTGGCGGTACCCAGGTTGATCAATATTTATCTACGAGAGAAAATTGGTGCTCGGCGCGTATTTCTCGTATTGATAGCGAGTTCCATCGACTCCTGGAACGATAATTTCAGGTTTTTAAATGTAGATCCGCGCGACGTTCTGAGGGAACCGGGACATAGACGTCCTTGACGGGAGCCGCATACGCAGGACTTTCATACGCACTCGAACAAGTCTCGCGATAGAGCCATGCGAGGGGCGTACATGGCGTGTTTTTACAGTCGGTTAATTAATGAATCTCGGGGCACGGAGACCATGACCTGAGCCGTACTCACAGCAAGGCTAGTAGCCGCTCGATGGTAAGCGCGGCCCTCCGTTTGCCACTTACCCTGTAAACGAGTGTTGAGTCTCCCAATACGACTGAGTGTGCGAGCGCCCGCTATGTCTATGTGATATTGACAACGCCAGTACGGTCCGGAAATGTCATCTCGTGCATATCATTCTCGTTTCGAGAGCGCCGAGCACGGCGTACTGAGATTGGATACAACCTCACTAAAGTGTCAAGGCGCTAAGCTCATCCCCAACGCTACTCGTGCCCTAAGGTCAACCTTGGCGGCCTCGCCATACCCCTAACTTCACCGTCCTATGATTGGTCTGACGTAGAGCGTGTAGTGATTAGTTCTGTCAATTAGGAAATTTGAGTCAAGCAGTCAGGACATGACATCATTACTAGAAAGGAGAATTATCACGAACTCATATGGCCGCTACAACATCCTTACTATCGTTTCTACCTCTACCAGTTGCATGACGTCACCGTACGCGCCGAACAGCGCCTTCTAACACTAACTTGCTACTCTGCGTGGACTCTTCAGTGTAATAATATCACCTGGGCTCGATGGGTCTGTGCGACGAAGCGGTATTGGCTGAGTGTCGGTATCCGGCCGCACAACTGCCGCCCTCGGAGTCACGACTACGGTGGTATACGGCTCAGCCCTTCGAGTTGCCACATAGAACTTAGTAGGCGGCTGCTGCTAGGCTTCGCCGACCCATCTATACAAACCGCCGGCCTAGGTTCGCGCGTACACTGATTCGTTGCTCGATTTGAGGTTTACTAATAATGTTTAAGCACTGAGACTCTTTCTCATAAGCAACTACACGACCGAGCCATGTTGTGGTATTCTTATAGAAACGGGCACCTGCTCAGTTGGGCCTCGGGAGACGGAAGATTTCTTTGGGCGTTCGAATGGTTTGTATTCCCTCTAGGGATTCGTTGTACAACGCGCAATCGTATAAGGCATGTGGACGCGGCACCAGAAAAATTCACCCTATTTGATGTAACGGAGGTAGCAGGTTTCACAGAAGCGGGCTGTAGCGGCTCTTGGCAACGGTTCTAAAACGTCTCTATTGACCGCTATGGATAGCATAAAGTACCGATGAGTAACTACTAAGTATAACGCGGCACCGGACCAAGGATTCGTTCACAATTAGGACTGTGACATCTGCTAATAGTCAACGTCCTATGAACTGTAACGTTAAGTCTGGGC,1560,50.38,Escherichia coli
SEQ_554840,CGAGCCGTCTGTAGGTCTATCTGGCTGGGGCACAAGTAAGAGCTACGATTTGGTTCCTTACGGACTTCTGTTAACGTGCTCAGATTCTCACCGCCGTTCCTGTTAGGTGGCTTAACGAAGATTGGAGGCTTTTTTATCTTATCGGGAGTGCATTGTCAACGGCCCGTACTACCTTCAGTAAGCGCGGGGGAATCTCGTTAATTGAGGTTCGGAAGAGCTTATCAGTACCGCTGCGGAGGTCGTCCGTGCAGGGAACTTCGGGTTCCGGGGACTGCGACTTCTAAGTATTTGGCAAAACTTCGGTGACGAGGCTTTGTGCGAGGCTTGCCGAACCATCCGCGGAACCGCCCGAGTTTTGCTGGATGATTCCTATGGTTTTACACTTGGGCGAGTAGAACAAGGCGTGAAATGTCGGCAATATGGAGGCACCTCCACTCAATGGTAAACGGAGCTGTGCTTATTCAAAACAGCCGCGTGGCCAGGATTTGAAATCCACTTGCATTCTTGCGTACACACCTGGAGATACCACATCAACTACCGGAAAGGGACTGGGAACGAGGATACTTCGGCGGCAGCGACGGTACTGTCAATGCTTGTTGTCATAAACTCTCTACTGCCTAGCAACACGCGAGTACGTGTCATATCATGCGTAGCAGAGGTGACGGTGTTTGGGACGAGCGCTGGCGAACCCTCCTAACCGACCACGTGCCACCCTACTACGATTCTGGATGCTACTCCGCAAGTTTCGAATGCGATGTCACACGTGCAAGATGTTCCCCCATGAAATACGGTCCCGTTAAACATGACTAATTTACGATCAAAATCAAGGAGGGGCGTTGCGCTACTTGTAGAGGTGGCGAGATCGTAGTGCTAGGTAAATTACCAGTGAGTAAGTGCCTCGAACCTGCGTTCCACCCGACATATATCCTATAGGCTCTCGAGCTTTCCGTAGACCTAGACAACGCTTTTATCCCATTGCGTGTAAGAGGGCATGGTGAAATATTTGTAGGGTTCAACGCCTAATCGTCCCTTGGTACGGCTATGAGTGACGCCGAGCTCCGATTTCGT,1068,51.31,Drosophila melanogaster
SEQ_859201,TACACAGTCTTTTCGTCTCTGAAGGCTCGCGTCTGCGAGAGGATTATGACGGTAGTGGGCTTAGCCCGTCGCTTAACGGCTTCACGAAGAAGGCCCAAGGCTATCCTCCACCGACTCCGAAACCAAAGGCGGGAGCCGACGTAAAGGGAAAATATTAGATTCTGGTATATGGAATGATTAGTTAATTTCCCCTCGCTTCATGCTGAAGAATTACGAACTCGCCGTAAGCATCCATATCCTTCTCGTTCTAGACACACTACCTTTTGAAAAGGGGTCAATCACTTTAGGGCGTTCTAATGTAATACGACGCTGTGTTGGCAACTGGATTAACAATCCGGCGAAAGTTCAATGTTAGACTGTGATGTGGGCGGGTATAGTGCCGCGTGCGGGATTTGTGGGGGCCTTCCTGATAAGGGTCACGAGCTATTGGTGAAGCTTCACGTAGATCCTTGGCCATTCATCCAATAGTGCGCTTGAATCTGGACAAAGGAAACTGGGGCGTTTCCGGGGAACGCATATCCAACGCGCATAGCGTGTATTACCATGATAATGCCGTATGTTCAATCAGTCGTAGTTCTAAATGGAAGCCCCGCTGGTGGTTCTGCGTGATAGAGCCGACGCTGCCGT,627,49.6,Homo sapiens
SEQ_286898,TATACGACCGTCCAGTAAGCATTTCTGGACGATCGGTACGGTATATTCATAAATGTTTATGTGGCGACCACCTGGGTGCAACTCTCGACCGTTCGTCTTCTATGTCGCCGACCCACGGCCATACCATCTATATGGTGCTGGAAAGGGACACCCCTCACGTATTAGCTACTCTCAAGGCAAGTTGATCTGCAACGCTGCTACTTCTCAACCCCTCGGAAACGAGCCAGCAAAAATTAGAACAGATTGGTAGAAGAATCGAGGCGGAGCTTTGCGGGAGCGGATCGCTCAAACGCTTATCTGCACTGCTTGATTTAGCAGAGGGAAAGCGTATACACCGCGTAGTGTAGTTGACATGCTATAACTCCGTCCGGCGTGTATCTCAATCATCACTAGAGTCCCTCTCCGAAAGTGCGACTATTAGGAATGCGGTCCTCGCTACATTGACCTGTCTCCGACCTCAGATACGGAGTAATACAGGCCTGAACGTATCGTCAGAGCTGTACTGTACAAGAATTTTGTAACTTGTCGCAGTGTGGGCTAGCTGTACGCTCGCCGGGGAGTTATACATTTTTTCGTATTACTAAAATTAGTGGCAGTGGCTTTGCTTGGCTGTTACATTGCATTCAAGCTTGTCTGTATGCAAAGCTTTAGGTGGCCTACCGAGCCCAACTACCTGGCCGGGTGTAGTGATTATGACGAAAACACCCTCAGGGCACATCTCTTACCACACGCCTATTTGTTTAGTCCGGCCCTACGATTTTAACATTTTTACCATTGGTGCTCACGTGGAAGGATGCGACGAATACCACAACTATGTGGGCCCGTATGCAATGGACGGGACACTCGGTTTTGTTGCACAATATGTGGAGATGTGCAGATACGACAAGCGAATCATTAGTTAGATCTAGAGTTGCTTTTCCCATATATGGGCAAAGAGGCAAACGATACGTTTGGTGGGGATAGCTCTTAGTAAGCGGATTACTGTTCCTTCGAACACAAACGCATCCCTTCATAACCGGTCGGCGCGGTTCTTCTGCTGAATGCGCATCTCAGACTATAATGGGGGTACGCCAAGGCACCCTACCCCTAACGGGATTGGAGGTATGTGTCCAGCCTAGGTTACAGCACGACAGGCGTTGTAGAAGATACAAATGCATGTTGCTCTTGACACCACTATGCCCATGGGGTTGTAGGTTCAGATGGTGCATAGCCACTCTGGTTTAATGAAACTGTGCTATTGATTCCCTGATATTGGGGGTACTATGCATGTGCACTACAATTTGTGTTTTTAATTAATGAATGTTCCAGTTTTTTCCGAAGATCACTAAGGCCACTCTTTCTCGTATAGCTCTAGCGTTCATCTCCGCTAATTGCATTAGTAACCAAAGGTAGGCCCTAGTCGAGAGGCTTCATTCAAAACCCGCTAGTTCGGAACCTCACATATTTTAGGATGTGATCAGGGACCCAGGTACACCAATCTGATTGATTGTAGACTAGTTGCAGGCGTGAAATTGACTCTAGAGATTCAACAGTAAACTTGGCGTCGATAGTAGAAACCGGGCTGTGTAAAGCGCCGGTGCGTCCGATTTACCCTGTAAGTGGTGGCTAGAAACCAAGGCAGTGCGGTGTAATAACTGTTGAATCGAGGAGATGAATTGCGGATGCGTTAGTTATAAATAAGTGGGCTTCCATGGGCTAATGTCGACTACACCCATGACAATCTAGGCGTTCGGCCTCCACAAAATCTTGATGGGGCTGAA,1760,47.5,Homo sapiens
SEQ_191008,CCCTCCTCAGGGATTGTAATACCCAAATGATATGTTGCGAATGCCTAGATATATAAGCTGTATTTTCCTAAGGAGGTCCATCAGATATATGGCTGGCGGACTATGTATGTACCTTAGGGAGAGAACAAGGGCTACGTTCTAGAGCCTGAGCGTTCCGGTACCTTCGATACCTGCATACTACACCTCAGGGATTAAGCGCAACGGGAATATGATGCCCGCACGTGAGTAATACCAATAGATTCTGATCGCGGCCTGTAAGGAAAAGAATGACACAATTACACCCAGATCGTGCTCTGTATCCTCGAAGGTACCGAAGAGTGGTTGTTTTACGCAATATACAAGGTAAGACTCAAAGTCGGTCGAAGTCAGCCTATCGATATTTTTACGGGCAGATAGGATGGGAGTCGCAAACAGCGATCAGAGCTGGATTGGGAACAGTATTGCCGCGCAGGGTGCGGGCAGATAACTGACGTGTTCAATTGTGCCCGTATGTCGGGTCGAAGTTTTAGGTACATAAAACTAAGAATGACAGGTCCTAGACTCCATGGCGCCGGATCTCGGACGGATTCCAGTCTCAATGATCGTTTGATATCTAGCACTTCCCCCGGGAGCGCTCCGATCACGAAACAGCACTTCGGTTACCGTTTTCTGTTCGCGGTTAGCACGAAAGCGCGTATCTATGCGTTCTGGTATTAGGTGTAAAAGAGTCACCTACTCAGAGCATGCTTTTACTGTGGTGGAGCACGCTACGGAGAAACCGTTCGCTAGGCTGGAGCCAGGTCCTGCACTGTGTAAACGGACCGTGCCTTGTCCCATACGTAACTCCCCCTGATTCAATCCTTAGGGCTGCTTTTACGACCCCGGCTCCAGGTCTGGCGCTATGCCTTGGCTAATAAAGCGTGGTTAAACTGCAAAAACCCATGGGACTTAAAGAAGGGACTCGAAAAGGCGGTGGGCCCTTCTTAAGTACAAATCATTCGCAAGTTGTCTTACCTCCTCCGTAGAGTGCAATTGACGTTGAATAGGATAATGTAGTTGGAGGCTTCCCCAGGGAATCACATCTGGCACGTTTACTGGGAGATCTTTATCGGGACGTAGATCCGCGAGGAAGGGTTCCTTACTGTTGGACGATGGCTCGCGGTTTTGTTTTCCACGCTGTTTGTTCATGAAGTACCGTATGCTATCCATGCGGGTGACGTAGCTACGTTATAGTCGTTCTACTAAAATACAGAGTTAAGATTTCGCACGTCAAAAGACTCCTCCGTTAACTTACGTCTGAAAAC,1283,48.56,Drosophila melanogaster
SEQ_220063,GGTGAAAGTAGCGGATCAATACCCGAATTTCGATGTTCGCGGATACAGTTTGCATACCGCGAAGCAAGATTTTTGAATACGGGAGGGTTTTTTTTGATTAGGAGCTGTAAGGCCACGTCCTGATAAGTTACTTCGGCACCGAGTAGCGAGACCCACAATACACAATGAATTGCTTATCATATGCGTCCAAGGGATTATATCCATTGGACACCTAGTGTTTCGGTATTGGAGCTCACCCGCCCGTGTTGCCTGCGTATGCTACGCTCATGGGGACATCTACGGGGTGCAGACTCCTATTTCTCAACCCCTGTATGCGACTCCAAAGAGAATGGCCTAGACGCTTTACTGTCCAGGGCACGTGCCCATTCCTTCAGCGCCCGCACGAATCATCTCGGGTAACGCCGATCACCGGTCCACGCTGCCAGCAATATAGTAATATGCCTTTGATAAAGGGATACAGTGAGTCTCTACATCGCTGACGTAAATAAGCGCCAACGGTTGAGTCGACGTAACCGCGATCTAATGAGCAAGAACGGACCTGGCGAAATTTGGGGTCCGACCGTCGATACGGATTGGCGGTGCCCCGGGAGGCGCTGGCTCGGCTCTTAAGGAGTGGAGATCTGGTTACTATCATCCAGCCTCGCCCTCCCACCCCTAACCAGCATTGGCCTAGTAGACCTCGCTTCATCAACAGTGCGCACGTGTTAACCCACTTGGGCGCCACGGGACGAAACCAATAGGCGTCCTATAACCTGCAGATGTTCCGCCATAGGACCCAAAGTACCTGTGGATCCTAGAAGTCGTTACGGACCGGTCGCTTCAAAAAGTACATAATCTTGGACTGGGACGGGTTAGCAGGAACCCCACACAAAGAATCAACTTGGCGCACCATACTCGGGGGAGTATAACGCCCCTTCCGTCAACAGTTTCATCGCCCGCGGATTGCCCTCGAATCGGGGAAGCTGTATGCAACAACTATAAGTTAGCATGCGCTGCACACTTAGCGGACTATTTTTGGCCTTGTGCGCAGGGCGACGATGCGCTTTAGAACCTCCCGGGAGTAACTATCAACTCGTTGGTTTTCAGTATTGTTGCGTTGCAGGCAACTTTGGTACTGGAGACTACGAACCATCCACGGATTGCTCTACCCTACCGTCAATGCGGAATGCAGCTGTCGGATCCTTATAACATCCGAGCGTTATAACGCTATTTGAATTCCTCTCATCGGATTCTGCGCGCAAGATGCCCACTGCTACCGTCTACTCAGCTCATAATCAGCGACATTGTCTTCGACCCCATAAGACTGTTAGTTCCAACCCGCCTCTATAGGAGAGTCTGAGCTGTTATGTTGGTGCGCCACTGACGGTTTGTCTCGCAGTTGGTTCGGTTGGCCTACGAAGACGCTACAGTCGTATGATCGCAGCAGGAGGGCCGACAGGCCCCGTACCTCGCCTGTGCCGGGGACAGTGTCTCGGCCAACCAGTGGCCAACTTGTTCACCCATCACACAGCGTGACAGCGCCGGTTGGGAGGCCGCTGTCAAGCTCCACCGGCTCCCTGGAACAGCCTCTAGCGTATTCTTGGACGTAGCGAGAGAACAGTGGTTGAGGAGATAGCCGCGCTTGGAGGGCTAATACGGACTCCCACCTAGGCCTCAGCACATAATTTAGCCTCGGAGATAAGTAA,1685,53.12,Drosophila melanogaster
SEQ_527584,GCTTATTTACGAGGGTCGATGGCCACTGTATCGTTATAAGTTATGGTACATCCTGCATGCGGAGGTTCCGAATTGGAACGTCTAAATGATGCTGGTGAGTCTAAAGCAATTTTTTGAACTCGTTGGAGGCCTATCCAGTCGTAAGAGGCAGCTCAAAGCAGACGTGTCTTTAAGACCCTATCCGCAGGCGATCAACTGCAGACCGACAAGCGACTCCAACTGAATGTCAGTTTTTCGCAAAGAAGGTTTCATTCTGCCTTTGCTCAAACACATTCATTCGACTAGTCAGCGGCCCCGTATCGCGAGACGAATTTTTACACTAATGATCGGACTCCTCAAAAGTTGAGAGTCGTAGCCGTTTGCCCTACGCGGACAAACCATCGGGCCCATGACATGTCGATTGGCGAGAAAAACCCTGCAACGATCCTAATAAAATAGTGTGACGGAAGCGTGCCGAGATATTCAAATCTGCGGTGAGTCTGTCTTTTGCGGGTTATGGGCCTGAAAGACAGAATTCACTAGGGATTACGCCATTAGCTGGTCCTGTACGAAGTGTATATTCAATGCACGCGGATAATGCTCATG,585,47.35,Caenorhabditis elegans
SEQ_698618,CCAATCTGGGAAGATCTTCGTTTAATCGGCGGTTCGTCATTCCGGAAGGCCGGATGGGGTAACGAGTTAAGTCGAGGGGGGATTTTAATCAATTACGATCCCTCTGACTCCACGCGTCAGGGACCGCCGACGACGAGCCACACAGCATTCGGCGGGAAGTTCTGTCTGCTGGCACTCCGAGTTTGGAGCGGATGACTCATAGAAGGGATAATACCATCCCCGCCCTCTGAGGAAGTCTGAGAGCTAATTGAAGTTCTGTGCGATTATTATGAAGAACTCCGAAGGTTTCCCTAACTAATCAAA,303,51.16,Escherichia coli
SEQ_552975,TCTCGAGTTCTAACCCGGTACGTCAGAGTTTCTCGATAACCATAATCTAGCGTGGCGGAACATTCATCACAAGAATACATAGTGTTGGGGTGCACGGCAGGCCCCAATAAACGAAGATACATAACCTACCCAAGCTAAGTTAACTCCGGTTAGCTATGAAAAGCTTGAGGGTCGCGGAGGAAAGGGGAGATGCAGGTAAATGAAGCAATTGTTTTTTTTCCAGTCTCCGTGAACTCCGCCAGACGGTCACTCCGCTTGAAGCTGTGTCAGTAAGTGGTGTACG,283,48.06,Drosophila melanogaster
SEQ_586595,GGGGAATACTGAATCAAGGATAGAATCTTCTGAAGCAAACGAGAATACTCGTGGTTCACAGACCGCTATTGCTTCACTGTTGGTTAGCGTAGTGTTCACACTCTAACAGATTCGGTGGATTCAGCACTGGTGCAGTATATTTGTGTGGCGAATGAATACAGTGTAAGCGGTATACGTACCATCCCGTATGGTCCCCGCGTTACTAACCCCGTGGCACGGTACTGGGGCGCGAAGCCAGCCCAATAAACTCCAACTCAATCTACGGATCGTAGTCATAGCTACTTTCCCAGTTGTGGGATTCAGCGTGTCGTGGGCCTGCCTACTAAATATGCATTAGCAACAACCTTCCGAAATTTCTGCCATCGATAATACGTAATGGGCGAGGGTTAGGACCGAAGATTCAGAACGCATGCTTCTCCGCTACTAGCTGGGTGGCGCTTGCATACCTGTCGCATAGAACTAGCACCTATAAGGCCTTTATTCTACGCGGTTCCCTCAGCAGGCCAGGGATCCTGCGCGCGCCAGCTAATAACTAGACAACCACTAACAGCTGCAGAGAGCCTTCGGTTATATCGGACATTGAATTGGCGTTTCCACACGTTGCCATACTTGCTTCTAGGACAGATGTGGGAACAGTCTGCTCGATAGGTTAGTTTATAGGCCTAGTGCCCTCGCTCTTTACCCCTGTTAAGACGTTTAGACTTGCGTGACTCGGCGCTCATATTCATACGTGACCCCGAATTAATCGGTACACCGGTGTGACAGGACCTGTCCTCGTAGTGGTCTCGGGAGCATCTCAAGATGCCCAATATAGTCGTTATCTAGTATGTACGTTAATTCTGATAACCTAGATTTTCTGAGCATACAGTACCATATATGGGCACTACGTCCGGAAGAGGAGATCTGTCAGGTGATGTACTATTGTTGCTAAGTCGCAGATGAGGTAATTATGCATACTGCGCGACCAAGAAATTCTGTTCAGAGCCCGAAGCAACACCTAGGAATCACTCATTCGAGAGCTCCATCCTCTTGGTCAAGCTTTTACTGTGGTCCTGCGGGTAATCCTGAGGGCCGAGAATTGGAATGTGATATGATTGAAATCAGATAGAATAATTCCGACAATCGCATTGGAGGCGGCGACCTCCGCTTCGTGGGATACGTCACTCGTGGGTCAATTGAGAGTACTATGCGGGACAACACCATCCTTTTAGGGGTTTGATTTGCGTGCTTGTAATCCTAGTGTGTTTCACAGCTCATGAGGTGCGCACTAACCCTCAGCCAACCGCACATCTCCCGATCGAGGTACGTCAAATTGAGTTAGGAAAAGCTGTCATCGAAGCACATTATTAGGCGGTGCATAAGCAAATGAAGCCTGGAAATTACCGTACAGGATACGATAATGGCATGGTATACAGGGTATTCGGCCATGCCCCTCAGGTTACAAACTGTG,1450,48.41,Drosophila melanogaster
SEQ_246272,AAATCTATGCAGACTGGGACTGTCATTCTTCGTATATGCGAAGCTCGTCGGCTGATTCGAGAAGTCCATGCGCCGGTGGAACGGGAGGAAGCTATGTGTGGCATGGTGTAGTTACATCTAAAGGCTAGGTCGTTGCGCCGCACTGCCGCCTGCCAACATTAGCAATGAAAGGTCGGCCAGATAATGTAAAAAGAAGCTACCGTTGGAGAATGGCCCCCAATAAAGTCGACTATACGATTTGGTGAATCTGTACCGTCACTATCCGTGACGAGTTGAAGTCGTTCCTGCACCTTTTATTACCTCCGCCATAGCTGCTACGGCCGTGCATTCCATCTCTTAGAGCAGGCAATTGGGATTTGCGTAACCTTTCGATCCATATCTATACAGCCTTTGCATGTTATCCCATTCATAACTATGCTCGCCCTGGCGGTGGCCCAGAATCTATAGAGCACATCTGGCCAGCAGTTTATCCACGAGATTAAGTATGCGCTTAGAGCCAGGTACGCGTGACGACGGAACGATCCTTACTGTCGGGGACGTATCCGGTGCCTCGGATTGCAATCAGCTCCCCCTCCAACGCCCTTTGTATAAGGGTCTGAAACGGGCTGAATACCCACACCCTCACCACCCGCGACGCCTAGTCGGGACAGTTTGCATCTATTATGATGCGGGCGTTCCGGTCCTCGATTCCACCTGCCCATCCCACAGATGGCGGATCTGCACTTTGACTGGTATGACTCTATCACAAGTGTCTTGTGTCCATTTCTTATGGAAACTTACGTTCCCGCATGCCGGGTGAATGGAATTAATGCTGGTAGCAAGGGCCCGGCCTGGCGATTAGCATAGAGCAAGATGACCAGTATAGCACGTTGGGCATGAAAGGTCAGAAATGGCATGCCTGTAACGCGGTGCAAGGTTTAGGCCGGACGCTTCACGAGCTGGAGTCAAAATTGTGTTAATCCCGTCAGAACGGGTGTGCGGTGCAGAATCCTCGTATTTCACGTTCTCGTAACGAGCGTTTCGTTTGCGGAGGATATTGTTAAATCCCATGGCGCCGCGGAAAAGGAACATAGCGTTCGTCTACCGAGCAGGTACTGGACGGCAAGACTAGTACATGGTTATCTAAGCCGCAGACATGCCTGCACTCGGAAACTACGGCCACCCCAACATCGGAACTAACTTCTTAGAGAGGGGAATTCAAATACCGGCCTAGCTCTGCACCTGGGCCTGCGCATCGTGCGCTCTTATAACCAGCTCGTACGGAGTTATGTAGCAAGGTGCTCTGGATACTGTCCTACATCCTGATGCTAGCATATAGTGCGATCCGGCTAAATGCGTCTCGCCCGCTGGCTCCTGAGTCGCCCTAAAGGGTTACTGGTTTAGATAAGGTCTTGTGGTCGGAAGGAACGGTCCTTAAGAGGAATACCACCCGGCAGG,1437,51.91,Drosophila melanogaster
SEQ_267012,GATCTTTGGCGCACCCATGCGTTGGTATACTACTAATATTCGGAGGTCGGACTACGTCCTAGTCGGCGGTTCCAACCTCGAAAGTGGCACAGACGCTCGGTATCCTACAATGTGGTAGTCGCTAGATCTATCACCTGTAATCCTTGTGCAACCCACTCAGCACGAGCCGATCAAGAGACCAACCCATGCCAAACACAACATCGGACTCCGACGACCAGTTGTACATAGTGGAGGCCCCAGCGGCCTCGAGACCCAAGTAACCTCCGTACATCCCACAAATCCCTACCGTCAATATAGTGTTTGGGTTCACACCCTGCATCGGTCTTGAAAAGATTCTCAGTGATACACCAGCTCGTGAAAGGCCGACGAAAGTATCGTTCTACGCAGCCCGGACTGTCTCCGTACACGCAACTGAGGTTGAAGGAAGGGTTGCCTGGGCACTTGCACGGGAAGAGGACATTGGATGTAGGACCGGTACCCCAAAGGTGTCGGTCCCCATATTATTATTGGAGCTTGGCTGACGATCGCGTTAGAAAGTTGCGCGTTGTCGCCTAAGAGGGAGGTAAACGACGTCACGATTGAATATGGCCTGGTAGGAGAAAAAATCGTCGTGTCATCGACTCTGTTTACCGCTTAAGATTTTCGTCAGATACAGCCTGTCTCGCATGGCTACAGGGCGCTCGTAAACGTTTACCTGTTGTTGAGGGAGCACGAGAGTGAATTCCTCTCAGTAGTACAATAAGAGCGGGAGCTCAGGTTGTTGAATGGCCAACTTACTCGGCTTAACATCGGCTTCGGGTGGGCCGTAGGTCTGATGGACACCCTATGCTTCGCTGGGATCTAGGTTTCCCACAACTTACCCTTAACATAAACTCCAACCGACTCAGCTTATTAGCACAGTGTTGCCAATTTCACCGTGCATATTCGCGCCAAACAACGCTGGCCGCCGATCGTCAGATTGTTCATGGGACCGAGTGCCAAGTAGAAAGTTCAAACTGGTACCAGGAGAGTAACTGTCGAAGACCGAACCACAAGGCTACCACTAGAGTTCCGCGATTGCGTCCTTACGCCCGAGAGTTGGGAATTTTTAAAGTGTGTCCGGCTCACCTCCCATTAGGGAGGGGCGGTTTGATGCGTTCCTAACGATCCGCCAATGCGGAGCGCCGTTCGAAGGCAAGGTCCCAACTTTCACGACAAGCTATGCAGGTGCTGATCATTATCGGGTCGGAAATGAACGGGCTTAATGACAGGGTTGGGTGAGTTTGATCGCTACTCTAACAATATACTGGATCCAACTAATACTTGAGGCGTGCATTTCGCTACAAGAGTTTCGCCTCTCAAGTTACAAGACCTGTCCAGAGCAGGCAGTCCCACAGGCCAGATGTCCGGTGTACTTTCGTTGGTAGTTAATCTACGTAGGCACTACGTATGGCACTGTGCTACCGTTTGATGACGTCCTAGAGTCGT,1467,51.33,Homo sapiens
SEQ_737040,ATTTCTCCCGGACAGGGGAAGTGTTTTCCTAATTAGATGGCGAGAATATACGATCTCTCTGCCAAAAGGTGTGCACTTGGTCACCACTCCGAGGCAATCGCACATGCGGCCCGGATCTCCTTCATCTACATGGAACTTCACTGCGTTGTCAAACTTACGACTTTATCACCTCCCGACCGAGGTTGGGATCGCATCCGAAGCCCTTTAAGCTTGTTTAAGTCAATGCTTGTGGCTCAGCATAAGGCCGACTCTCGTAAAATACCTCGTATTATCTCATAGCTAGCGCCTGTACCTTGCAACCATTAGGCACTAGAGGCCCTGAATACCGCCCGACTAAATCGCGACCACATATATTACTAAAGTCACCTGGCGGCACTCCACGATGCATAGGCAACTTTCTATTCGAGCGCACTTTCCACGATTCATAAACGAATGTGACCTCCGCATGGCACGTTAGCGATTCACTTATCATCCGGTGTTATATCACATGTCATGTCGAATCGGCCTACCGAATTGCATCATTTAACAGAGAAGGCGTAGTAGTAACGTATGATCCACAGAACAGAAAGCTGTTAGTAGCTTTCCTTCAACTTCGCTCCATACGGGCAGATTACAGCCTCATAGGTGCCGCCAACCACGGACTTAAAAAGCCGATTCAGTTTGAAACTATTCCGTTATTTGGCGGAAATTAATCCAGGCTTTACAACGGCGAGGGGGGACCGAACGACGCTGTTGAGGGATCGGCCATGCCCCTAGAAAACCTCTTGTACCATACAAGGTCTGACGATCACTCCCGTGGCTGGGGTACGAGCATCGATGTCAAGATCGTCCATCCCACCATCTACATTGAAAGAGAGCCCCTCTCTTTCTACCATGAGATTCACTACACCGGTATCGTTCATTTTGTAATAAGGGTTCGTGATGCTGATCACTATAGTCTGGCTCT,946,48.31,Escherichia coli
SEQ_557427,AAGGTATACTCCCCCGCGCGGTCAATTTGATCGTTGTAGTCCGCAAGCGCCACTATTGTAAGTTGGGCACATACAATCAAGCATTCGAACGCTACCCAACCAATTAAAACTAAAACCGAACCAGCGGTCGTTCGGATTGTGACTAATCGGCATCAGAGTCAACCGAATGATGGTGAGGAAGCACAATTCCACGGGGGGTACGTTCAAGGGACTTAAATCTCTAGTAACGCCTTAATTGGAGAAACAAATTATACACTCCGCGATTAATATAATGTACTCATAGTAGCACCAGAAACTTGGATATCGCGCTTGCCTTAAGGAATCTCCCTCCTGCAAACTTCCCGGCTCTCTTTGTAGTCCTCTATGAAAATGATTTCGTATGCCTCAGTGAGATAGGTATCTCCGCTTGCATCTCGACATCTGAATGGTGGAGTTGTTATTCAGATCATCATACCGTTTTTAGTGCCAGCCAATTACTGTCAGTGGGCCGATTACCTACGCCCATACAAACATATGTCCATACGACTAGGATCATCCGCTCGATAGCAGAAACTAGAACTAGGAAATAGACTACGGATATGAGCGACTGTCAGTATTGTGATCACTTATCGCCGTTGGAGGAGGCCTGTGACCTAGCATCCGTGGCACCCTCGTCAAGGTGCACTATGGGTACAGTTGGCACGCGACCTGGTTAACAGCGGCGCTCCTGAATTACTACGATCTATAGCCCGCGCATGACACCGGAATCCACTCAGACCTTTATAAGGCGGCGGCTGTGCCAGTCTGATAAGTCGCATATCTGCTGAACTCCAGAACGCTAGGCCCGCCTTAAGCGGACAGGCAATGTGATTAGATACGACGGCATAACAGTACACAACTCTTCTGTCGCGCAGTATCCTACACCGAGCAGGAGTCACCAACTTCGGAGGGCAAGTAATCCACGGATACGCGAGGTCCCTTAAATCCTCGAGCGTGCCCGGGGAAAATCCGGGTGATAAGGAGTGACCGGGGAGGGAGGGACTCCGTTCGAACTGATGGTGAGACTTTCCATTCGCCTCACAACCGCTACCTGGTAGCAAGTCCTCGATTGACTTTAACTCCGTACAAGCATGTTTGGTGCGGTGGGGGGCACAATGGTGGCTCAGGTGTGACCCAGGTAGGACCCTTCCTTCTCTCTGGACAAACAGATCCTGGATGGAAAGGATTATGGCTGCTTAAAACTTCGCCGGGTCGCGTGCCCGCCGGAATCGTGTCCCCAAAGCTACCACCTTCGAGTGAGTGCAA,1284,50.47,Saccharomyces cerevisiae
SEQ_311226,TCTGAATCGAAGGCTACGCTAACTGACGAGTTGACGGGGGCAGCAGTTTGTTTCAGCGTCTATAAGTAGACTCGCAGACTAAATTTATAAGTAGATTTCGTGCTCTTGTGGGTACGAGTTGCCACGGCGCCTCCCTGGTAGAACACGCCTAACGAGGCGTTTTTGATGCACAATATGATAGCCTCAGAGGTATTTTTACATCTACCAACCTCTCTGGCCGTCACAACAGGCATTCGCGATAGGCAAATCCTGACTGTTATCTTGTGGCCCGTTAACGTAGTTCATGTAACGAATAACGGACCCACTTCTAGCCGGGTTTGCATGACGGTCGCCTGTCGGCCTATGGGATAGTGCTATAGTTGTGCACAGGTTTTGGACATGTGCCAGTCTCACTTTATAACGGCGAAAAGCTGATATTGCCCGTGAGACTCCCTCTACTCCTTCCTCGTCCCGGCAGGTAGAGATCGGGATAGTTCCCATGTTGCTTTACGGGCAAGCGAGCCAGGTAACATCTAAGTGACATGTAGGCTTATAGGGGAACCACGATGGTCTTATGCAGACTGCCGTGAGTACGATGAACCTTGCGGAACAGGTATTACGGGCCCCAACGCCGCCCGGGCGCGGCCCAGGAACTGCCTATCACCTTGCTGAAGAGTAGGCTTACAGTAGGAGACGGCCCCACTAGGTGAGGATGGGCAGTTGTTCGTTATGAAAAAACTTAGATATTCGATAAAATTATATGGTCTACTCTCCAGCGGGAAAGAATGAGAGCTGTCCTCTCTCGCTTGTAGACCTGTTTTACAAACAGCCCGAATCCATGCTATTTGAGCCAATAATCGATAGCGCCGAGCTCAGTAGTCTAATCCCGAATTGGTTCCCTGAATCGAAGTGGTTTCCTATCGTTAACTACAAGATCCTGATGCTGTATAGGATTGCCGTGACCTCGATCGTATAACCCATCGTTATAGGTTGTCCTTGCTCTCGCCGCTCCTGCGTGGTTTCTTCAGGGACCGCCGAGTACCGGATCATGGACCGGGCCAGTCATGAAATTGTATTCCGGCAACGCCCATTTGACGGATATGATTGTGGCGTGACGGTTATGCCTACCCGTCCAGGCCAACCCGGAAGGCTCCTGCGTCACCGGTCGTGTTCAATTCTAGGGCCATGCTGAGGTAGGAACGAAGCGATCTAGTGATAAGATTTACAGCCAAGGATCTCCAGCGGTCGTGTCGGTAACATTGGTAGTACACAGTTTTCTCTGTTCTCAGGAGTAGCCTCAGCGCGTTACGAACGAAACTTTTAAATGTACTACCAAGCCAATCTCCTACCCGCCTGCGCGATTAAGAGGATTGGAATTGATGAGTCGCGCGCGAGGGCTACATCTGTGTTCGCCGCGTTGGACGCCAGCCCAAGCCGCGAATGCGGCATAATGTCACTTGCGGTATCGCCCGGAAAAGCGAAGTATCGTGAATATACGCGCCTCCACGTGCGTACACCGCACGTTCATTCGACCTATTCATGCTTGCCTGGAACTGCGAAATGTTACATTTTCACAGTGGAGCGTCGTCGTTCGTCCGAGGCCACGCCTAGTCGCC,1595,51.35,Mus musculus
SEQ_633054,GAAGAGGTGCTTAGAGCAGCCTCTGCGAACGCAATAGCCCTGACCCTAGTCAATAATTTAAGCCATGTTGTCACCCTTTGGCAGCACCGTATAATTCTTCTCTAGTCTCACGTAACCTTGCATGCCTTCCGACCTTTGCCGATATCAATGGCAAATCAGATTACTGCTGAAAAATGACTGGTCTGTAAGCGGGTTCAGGTATTACACGACAACCTTCTGTCAAAGTGGGAGACCTCAAAGCTAGTTTCTACTCGACTTCCGGGCTTTACTCGAACCCAAACTCGCCACGGTGATTGTTGTGTGCAAAGTAGCAGGTAAGCCACAACCCTGGTTTCGACGACATTGTTAGTCCCTGATATACTTCTGTATCAAACTGCAGGATGTCTCCAGACGTTGAGGTAACGGTATCAATCTTCCCGGGGGCATGAATAGTTGTTTCGGCCTAGCCAGAAGATGAAGAGCACTGCTTTCGCAATAAGTGGTCGAGCTGTCGGCCTAAGTACCTGCCTGACTGTTGATGCCACTACTACGGGATCCACTAGGTGTACGGAGCTTGGGCTACAAACTAGGCGCTCGCTGCGTGTTGCTCGGAGGTGTATTTACGGGATTATTTGCTATTGCGGTTAACGCGTTTGCGCACTTAGTCACCCGAGACTTGATCTGCATTCGGTTCCGACTCCTGGATGAAAAGATTGACGTATCCTCGGTACTTCAGTGAGAAGGAAAGCGTGCACCCCGAGAAAGGGGGATGATTGACCGTGTGAACTTGCAGTGTACAGCTCACTAGAGTCTTCCACTTCCTCGCAATGGAGGACAACTCTTGGCGATGGCTGCAGGGGTACGATTGTGTAGCTGGGGTGCTGGAATCGCGTGTAAGGCGGTTACGGCACATGTCGTATTCTGTTCCTTCCCATCACGCGTGGCATTCCCCTCAGCAGGGGCCGCAATGTTACGTAATGGAACGTTGCTTACATTGTGCTCGTAACATTTTCGCCCCACCTCCATGGATCCGCGCCAAAACTCTAATTAACAAGGGGCATGTCGGTGGAAGTTCAGTTTGATTCCCTTGTGTACTAGAGACAGTGCTTAGGTTTTTTGCTAGGTTGGTGACCGTGCTTCGTTTGACCCTGTCCATTGCCTAACTGAGTACAGACCCCTGCCACTTATACGTGGAGTGTTCCGCTTTCGTGTGCCAGAGGAGCAAAATTAGGGTACAAGAGTTATAACGACTATGCAATAAAACAACGCACAGACAAGTGGCTGTGGGGGGTTCTAACGAATGCTTACACTGGGGCAATCCG,1301,49.88,Saccharomyces cerevisiae
SEQ_130257,GTACGGCTCGCCGCCAACATGCAATGGGAAAAGGAAGATGTACTATCTCCACCTTGCGTCCCTACCCTATCCGCATCAGTCGGCAACACTGCGATGTACAAGGTAACTTACCCGTTAATGAAACCTATCCCACGCTGATATAGATAGACTACTAGTATATCACTGGTCCTCTCGCACAGTCCATAGATCATGTTCCATAATTAGGTATACAGTTTCCGGTTGGATACACCCTCAATTTCCCAGCCTAACGTCCACACCGTTCGTCGCTAGATTGTAAACCCTAGTGTCCTCGGTATACTATGTTCGGCTGAACAACCGGTTGAGAGATGGACTAGGCAGTCAGACAGCCATTCTGCAACTAATTCACGGGTTGTTACGCAACCCTTCTACCGACGCCGTACTAGCTATCCGTATGCCCCGGCCTTCGCATGCACGTCTCGTATAAGGAGCCGCTCCTCAAGGACATAATATATAGAGGCTCAAATGTCGATGAGTTGTCTCATGGAGTACGTAATCCCATACGCGTGCCGCCTTGGAACAGCATACTGCCGGGACCACACATGCAGACAGATTAAACTCGGACTGCTTACTATGACTGCTGAAGCAAGGCTCGTTGGAAGTGGGTAGTATCGCGCATGTGTGAGGGTAAAGTGGAATACG,660,49.55,Mus musculus
SEQ_688677,CTTGTATTGAGCGCCGGCTCCTAGTTACGCAATTGTCGCCATATGAACTAGCCGCGTCCCATAAGATCGTTGTCAAGCCTCAGCTGTGTGCCGGGTCATCTTCTGTTATTGCATTGCGCCTCCTCGGAATCACCCAAGACTGTACCACGCAATTTAGATTTAGATATAACCTTCACATTACAGAACGAACTTCAACCAAAATAATTGCTTACTATAAACTAAGGGGTCTAGGTTTACAGACAGG,244,45.08,Escherichia coli
SEQ_119278,CAGATGGATACCCAATCGAGGTAAACAAACGGCTCTACGGCAGGCTCTATGGTGCGTCGGGCCATGCGCATTTCCCCGAGTTTTACATGTCGGACCGGACCGAAAGTAGTCACGTCTAACCGAACTCGGGATGATTGGTTAGTAGGATCTATCCATGCAGCCACGGCACACCATTGCTGTGACCTCAAGTGGCGAGTAGTCGGGGGTACTAAATGGGCAGCGTGTTTTTCCTTAACACCGAGCCCACACTT,251,53.39,Escherichia coli
SEQ_974232,TTATCCACTTGTAAAGAGGCAGGGTTCGGGCATCCGAGTCCTCTGGCGATGGTACTGGCATCTGGCCTATCCGGTCGACGGATGATTATTGGGGAGTACATGTCGAACAACGGGATGTCGATTGACCACCGGCTCTACCCCATCGACTGTACTACGCTGGCCTCTGATCTAAAAGTGGTGTCGTCTTATAGAACGATTATCGCCAACACAGCCCTGCAATGATAGTTAAAGAGAAGCAGCGCAGATAAGTTCGCAGGCATAACTCTGACTCTATCTAACTGGGCGTGCTCCATCATGAGTAATCGAGTTGATTTGAGCATCTTCCTGGGTTGGAAGTGAATGACTCGTTTGCACGAGGGGGAGTGCTGACTCACTGCCCCTGGAAAGAGGGAACAGGCGCAGGGGCAGCTCAAGGAGAACGGCACTGGGTGTTTACATCTGCACCCGGTGTATGGTGTCTTCATGATACGCGAGTCTCGTCTCGTCAGTATTTTGGCAGAAAGATGGTCACGATATAGGCAGAACATTTCTGCGTCTCTCTCAGAATGCCATGGCTCCTTTACCTGACTTTAACCCTGGCATGGGCAAGCTTCTCACGCACGCGGCCGCTGATGACATGGCAATCGAGCCACCCTAGATCACTACGTCACAAATGGCACATACCCACCCATGACCCTTGTGACCCAGTCTATAGAGCTAGGTAATTTCAGCGTCATTGCGTCTGACGTCTTGGGCTGCGCCCTGATCGGTGCCCGACCGCTTGCCATTGGCGTGAAGGATCGTCACTACCGTCCCCTCCTTTGGTTTCCAGCCTCTGCGTACATCCGGTCTGTATAAGGGTCTGTTGCATATGTCGTGTCTCTCAGCCGATGCGTTAGATCATCCAGTCCTGGTCTTTGCTGGAAAAACTCGTATCTCTTTTTGTCCTTCCACAATTCAACTACAGCAATTTCAAAGCACTAGTGTCCACAATCCATGGCCTACCATGTTGAGCGCTCTGTGCCCCACGGGTAGGGCAGACCGCCAGGGAACCGCTAGTCGTGGTTGTACGGCTTGAAAAATCGAATGCAAGCCGTGCAGCGTGGGTGTGGGCACGTAAACGGTGCATATCAGGGGACGAAGATTGGCAAACAGACTAATCATAATTTTTACGAGCGCGTCAATCTACCATAAGTAGCTGTAGCCGCGTAAAGCTTACATGTAGGGGCTCTGGCGGCTCTATTGTACCTGTAATGGACTCTCGGCCTTGTACAACCGTGCTAGGCGGCGGTACGGTTCCATTTTGCTTCGCCGTGACTACCTGTGGACAGGAATCATTATAGGAGGGTTGATGCCGTGGCCATCGTCACGAGAAACAATGTAT,1363,51.94,Escherichia coli
SEQ_725534,CCGTCTCTTGGCTATATGTACTTGAATCGGTTCGGCGCAGGCTCGGCTCAGAAATTTAACTTGCCTTGACACGTTATAGGTTTACTAGCACATTGGCCCTCCGTGTCCAGTCATTTGAGAGTGTTTAGCCTTCGTTACAGCGGGTACCATGTGTATTCGAAGAAATTCTGCACATCCGTATTTCTGTTCCGCCAACTTTTTTCGCACGCATTACCTACTCGTGGAAGGTTGCGCCAGCTTAGAGCTCTGCTCGCACAGCTCTGCAGCACGTTAACTATTCACAGCTAGCGCTAGCACAGTCCATCGAGAAGTCTCCGAGAGAAGAAACCGGCGGTTTAGATTTGCCAGT,349,49.28,Homo sapiens
SEQ_256238,TTTAGTCATTAACCAAAACGCATTGAGAGAAATAGGCTTCGAGTCAGTCCGAGATCCGGAACAAACGGTCGGTTTGACGCCTTCAATTTCATGTC,95,44.21,Homo sapiens
SEQ_686274,ACGAATGCCGTCAGGTCCAGCCCTGCGCGCACTATCACGTGTCCGAAACAAATGCTAGCATATACAGTGGGGGACAACAACCCTTGAAAACCTCCCCCTAAAACTAGCTCTGATTAAGTACTTGCCTCCATATCTAATCGACCTAATGACGGACCCATGACCAGTAGACACATTACCGAGACGTGGCTATCGCCAGGCGCAGCTCTTCTTCTCGATTTTGAAAACGAGGGATCAGGATGTCTATTCGAATATCCGTATTCTCAGCCAGGATTACGCTGAACGAAAAGGTAATCCGGATAATTGGCACGTTGCGTGTCCCGCCGACTACTGTCGGACTAACTACTCAAAAAAGTGCGTGTCATGCCCCCTTGACCCATATACCGCTAGTGATTGAGCTCATACGTGTGTTGAATTTCCCAGTCAGTTCTACCGAAGTCTTACGTCGCCAGGATATTTCGTCTCTTTATACGCACATAGTTCATTAAAATGGAGTTTGAAAATGGACCGCCGCTCTGTTTTCGTAGAAATGGGAAGCGGTGTTTCAAGCGCTAGCTTGGCCGGTTCCACATGTTTTCTTGACTCCGTATTAGGAAAGGCAATGTGTCTTAAGGCTTTAGCGCAGATAAACGCTGTCGGGGATCCGGTCACAATTGGACCTGACGTTTTGATAACAACTTCTCAGCATCTGGGTCCGCTGAGAGTCTCGTATTCAGTACACGGACTACCACACCATCGACCGTAAGGGTCGCCTTGGGCAGTGTCCTGAACCTATCGGCACTACTAGACCCACTTGCCATGCACATGGCAGGCGTTGAGTCATCCGCTACTTCGGCCAGCACTTCATTGCCCAAAAATCCTACGAGTCTTATCTCAGTTTGGGAAGGACCCATGGATGCTAACACTCGATTAAGTTGCCAACGGCTCGCACGCGATTCGCCACTAGACACCCTATCGTAAGGAGCCTGGTGCAGCACTAAACAGACGCGCACGAGTTTGGCGTGAGAGGTGTGTTGAGCTTCTCTAGTCATTGGGGAAAGGGATGTATCAGAATCTGACGCGTGCTGAAATGATAAAGTAGTTCTTGTAGACATAGAAAATAGAAGGAAGCACAATGTTGCTAGCCTGAGATTGCCGTAAACCTCCCACTATGCAATAATCGGGTCGTTGGACGTGTTTGTAAGATTTTATGATTGGATGTGACGGACAGATAATAGATGTCAAAGGCGTTGCCTCCCGGTGAGACCCGCGCCTCATTGAGACTCTCCAACATACGTCTCGGAAATGCTTCGAGGCCATAAACTGTCACCCGGTCGTCGAAATTCGATTTGCCAATCCGGAGGTACCTCGGATCGTAAGGCGTCCTCAACGACCGAACCGCCGCATTCCTCCATATAAAATGGTGTGAGGGTGAATTTTGTCGACCGGGTCAGGACGAGCTTATCGTAAACCACAAGGGTCTCCTGATCGTCTAGGTTTAGCGATGCCGTGATTAGGTGTTACCTAAACCTCCGGCGGCCCGAGCAACCGTAGTCCCTGATGCCGCCAGCTGGTAGGGGGCTTCCTCATTTTCCGGGAAAAGGT,1581,49.91,Escherichia coli
SEQ_337615,CCAGGCGAGGTCCTTTCATTATCGTCCCCAGACCTTCATCACTCTACTAGAGTAAGGGAGGCGTGGCTTACGTGACCCCCGATGAGATGAGTGCATTGTAGACTGATCGTATAGATGGAAGGGAGCCAACGCCATAAGGAACGCTATAAAGGAGTGGACAACATTTGCTACGTAAGGATCCGAGGGTAACGTCTACTGGTAAATGAACGTGTTTTACCGATAAAAGGCGCCTTCTCATTTCTCACGTATCAACACGCTCACTGAGTACGTCAATCTTATCAGTCGTTCTAGTTACCCATGCAGTCGTATCCGCCTGTAGACTCGCCTCTTGAGTTCGGGACGTAGCGCAATAACCTTACAAGTAGGTGTCTATAGAGCATATGTAACCCTGCAAAGGGTAAACAATAATCAATTCACATCGCTTCCCCAACTCAGTTTTTCACAGTAGATGAGCCTCGAAAGCTTTGATGCATTCCCGGCTCTCGTTAGCGACCGTATCCTCCTTACTACTAATGGGTAGGCACAAACACCTATGTC,537,47.3,Escherichia coli
SEQ_714834,TGGCTTTCCGCAACATACGCGGGTTATTTGTTCTTGCTCTCAGGCGCCCAGCAGAGGAAGGCGACAAACGGTCGGCCTCACGCGTCAAAGATGCTGGGCTTGAGCCGTCGCTTCTTCGGTGTAGGCTACCCGATATAGCTCCGCGGTGAAACTACAAGTAGCGCAGCGCATACAGGGTGACTAGCTGGCCGCAGTCGGGATTACCAGCGAGCTCTACCTCGTCAGGTACAAAATTGAACGCGGGTATGGAACAAAGTAAGCTTCATTTCTACAGGTGGGGCGGAAAAATCACAGAGGGACTCAACGCTACTCAACAAAATTTCTACGCAGAAATTACTAGTGTATGCTCCCGGTGTTCCGGAGGACGGATGTGGCTAGTACGTAAGAGGACATCTGGCAAATCACGCCACCATGGATAAGTTGACGCTCTCATGGACAGCAAGTTCTCTATGATAGGAATGGCCGTGGGTTTTGAAATTCACGCTAACTCCTACAAGGGAATCCCACAATACTTGTGTTGGACCGTTAAGCTCTTGCTGGATTCTTTAGACCGATGAGATGAGCTTTTGATGTACGGGTGCACAATTGATTAACGCAGGTTCCTTTCATATTCTTCCAGGTAGAAGGGTTTGGTCCCTGAGTGGATACACCACTGAGATCAAGTTGGATGTCTGACAATCTCTAAGTGGGGCTTATCATAGTTACCTCGCTGAGTAGCACAAGCCTGCCGATGAATAGGTGAAGGATTCACG,752,49.73,Arabidopsis thaliana
SEQ_156735,GGTCCGAGGCTCGACCGGAGGCTTATGCCAATTAATATGGGTCTTATCTGTCAGAGACTAATCCGATACAAACTCGGGAGACTGAAATGAAACATCGGATGAGACCGATTCCACATTTTGCTATGCTATAACTTTCAACGCATCGCTTTGAGGTACACGCGAGAGCACCGCTACATAGACACTATGGAGCCGAATTGAGCAATCGTCATTCATATGAGGGTTGTTTAAATGGCTACCGGGATGTTAGTGTGCGTAAGGGGGCTTTAGGTAGGACAAATCTTTAAGTGTAGGAGATTTTGACTCTGCAGCAAGCGAGTCTAACCGCACTCGTCTGTACACAAACCGCTGGAACTCCACGCAAAAATGGCCCCGGCCATTTCGGTATGAGTACCAATGGAAGACTGTGGCCGAAACTAGTGAACTATGATAAAACAAACGAGCTGGGGTGAAATACTGGGGTGGCTGTGCACTCCATTGTGTCGTCCCAAGCCGATACGAGACGCCCCAGGGGTAATTATACACCCGTATGCAAGATCACGGTCATTTTGTTCTATGATACTAGAGTAAAAGGGACAGGAAGAGCGCGGTCAAGGACAAACCTGTGGTTATGCTAGCGTTGTCATTGGCATAGCCAACCGCAAACGATGGGTACAGCACTACTACTAGTGACCAGTTTTCGCGTTGGCCAAGATGTTCTGACCGCAAGCTCCTGGAGCACGGTACTATGTTGTCACCGGCGCGAGTAGGCTCCTAGACATAATGAGCTACTAGAATTCTCTTCTGTTACAACCCTTCCTATTGGCGGATGTACTTACTGCTGAGAAGACTGAGGCTACGTCAATTTACGCAGTTAGGAAAGAAGTGATATTCGTGCGTAGTCCGATCGAAGACCGGGGCCGACTGGTCGTCAGCCGTCTTCGCTAGGTCACTTAAAATTAGTGCGAGCTGGGGACTGGGCCCGACCATTCCCGAAAAATATTCCGCTACAGTCCATTAGTCACTATGAGGCCCCGATCGCGACGGAATCCAGAGTCACTCCCACTAGAGGGTCGATTTTTCCAGGACGGGCGTTCCCCTGCGAGGGCCTGATCACGCTTCAGAGTTGATGAGCACTGTGTTCTCGGCGGTCAGCCTGCAGGAGTAGAAAGTCCCGAGGGACGTAATCAAGTAGCGTAGTTGTACAGAACGGGTTCCTGTCCTAGATGGACCTAAGACGTCGATCACTTAGAAAAGGGATTAGCTAATGGTTTACGGATTGAGTCACGAAGCAAGCAGAAACCAGAACCGACGGAATAGTTCAGATGGCAGCGCGTCCTGCAAGGGCGACACCGTGATCAAAGGACATAATAAGCGGCTACTGTGGAATGGGATAATATCCGAGATGGTTTAAGGAGCTTCCGAGGACAGGGAGACACACTGAGATAGATATAACGAACGATGCAGAAGATGTCAAGGTCTACTCTAAGCAAAAGTAGCACACAAAGGGACAGTTTAGGGCGGTGACAGCGGGCGTGATAGAGTGGGCGGCTCCAAGTTAAATCTACCTAGTATCATTCTTAAGAGTAGGA,1568,49.55,Saccharomyces cerevisiae
SEQ_867449,GGCAAATAGAACGGTTCTACCGGACTCGTCCTGTGATCTCAAATGCCATTCTGGAACGTAGATGACGACCCGGTGTTGTATTGTCAATAGATTGCTCTCAAACTCGCAATGACTACGGTGATATTGGGTCAAGTGGCGAGGGTATGCATTTCGGTGTCCAGCTGGTTTGCCGTATCGAGGGCAGCAAACGGCTCCAGAACTTATGAAATAACGATAACACATTGCGAGCGTCGATTCCGTTTGTAGGCTCCCGAGCATTGACGGTCGAATGCAGGTGGGTAATATCCGTGATGCCTAACGGCCAGTCGAACGGCCAATGAACCGTCTGGTCGGAAATACGTATTTACGGTGGTGGCTCTAACCGGGGAGCCCTAACCTCAGAGAAGCAAAGTAAGTTCTGCGCCTTCCCGAGTACCGCTTCATTCTAAAAGTAAGGCCTTCAAAGATCCGGGCGAATCCCGCTTGTGGAAACATAGTCAACAAATTCAACAGATATCAGATTGACACGCACTGTGACGTCGAGTATGGTATGTTTCGAGATTAATTGACAACGTATATAATCCACCAATGATAACCCCAAGGAGCAGTGCCCTCTCTCGCGAACGTCGAGAGACCGATGTCGCGGAGTGTCGATTTGTGAGTATAGCGATTTAGCCGATGAACGAGTTGGCTTCCGCAGTACATAATGAGTGCTTACATTCCCGCGCTTAACCGTCGACTCTCGCACCGACTGGTGGTCACGCACTGCAACTGGGCATTGACTTTAATAAAATCATACGCCCTTATGATGTTATAGAATAAACACGAGTACCCTCGCTGGACGGCAAGGTCTGTGGGCTCTCCGGATGACTCAACACTACGATTGCTGAGTCCCAGCTATTTTATTCAGGCCGGTTTACCAGCTCCCTCTAGTCCATTGCTAATGGCCTGATCTCGCCAA,940,49.47,Caenorhabditis elegans
SEQ_475821,TCCAAAGGGCCTTAGAAAAGCTAGGCGAGGCGCATGCTCAAGGCCGTCGCTGGGGCGCATAGATAGTCTCTACTAAGGTCCCCACCGCGGATTATATCCCTAATGGTTCTTCGTCAGGGAGATACTAGCTGTAGAAGTCTGAACCAGATACCTCGCGAGTCCTAGGGTTGTGCGATTTATCGTGTTCCTCACTATGACCTGTTGGACTACCAATCTGCAACTCACAGTCACCTGATACTAATGCGATATAGCCCTTTTTCCATGCACCTCTCGTAACGCCTGCGTCGCCAAAACGATTATTAACAGCGTGATATGCAAGAGTGGTGTTACATATGAATCACCAAGCAAGGTGACTTTTAAGCGTCCGAATGTGCAATAGCGCGCGACGCCCTGAGAGTAAAAATAGTCCTCTGATAAACTAGTCCTCAGTGCACTAGAGCGGCACAAGTAGAGAAGAAACGAGAAAAAAGTCTGGCTTAATTACATACCTCCTCTTTGTAAACTGGTTGCATATACAGATCGAGCGCCGACCCTACGTACTGCCTTTGATTGTACGATATTTTAAGGCAGATGCGGTAGTGAGTGAGATGTGATCTGCAAAACGAATAGGCCGAATGACTGGTGACATGCCCCAGGACGTAGGGGATGTTTCAACCGTCAATCGGGGCCGAGTAATTTGCTAAGACTTCCGGACACCGCGGCGAATATCCTACTAACTCCGTGGAATATGAGCAGATTGTCGACAGCTTCTATCACCCCACGGTATGCTAGCGTAAACGGTAGAGAACATATGATGCTAAGTGCGTTCATTGTGCCTGATGACCTCGGCAACACTGTATTCTCATCAAGAAGGGGAACCCCAACGACTACAGTTTTTATTCAACAATTATAGGAGTATTTCACATCGTCTAGTCTTTGTCTAAGTCAGTCATCAAGAGGTGAAGGTCACTGAGGGTACCTGAAGGAATCGTTTTGGGCTTATCCACAATGCCACGAGAAACTGCGTGCTTCTTCATCCATTGAGGCGCCCGTGGCTTGGTAAGGATTAACTGCGGATAGTTTAGAGGACCACAGCTTATGCTCCAATTAACGATTGTTTGTGATTGTGCGACCTCGCCGATCACCCCGTACTATATTTGGGGAACCACTATCGCTTAGTCAAATGTCCTGACTAGGACCGTTCGGTCGTGAAGGAGTTATCCGAAAATATAGAGACAGGGCA,1222,47.46,Arabidopsis thaliana
SEQ_574717,CGTCCGTAACGAATCGGCTTGTACATTTTAGAGACAAATGTGTGAACGCGTGCGAAAATTTGTGCGTCACGGTGCATCGTTAGATACGCAACGACGACTGCCCCCTCAGAACAAGAGGCTCGAGATCGTCTGGAAGAATCCGTGCGACTGCGCTCAGATGCATCTAAATCATTGCGGGACATCAGTATGTAACGTATCTTCGGAT,205,49.27,Arabidopsis thaliana
SEQ_615081,TTAAGTGCCTCCACTATGCCCCAGCTGCCCGTGTAACTAGGCTCTTAGATTTTTCGCAGTGTTCGCGGCTCCCACAATGGGTTGACCGTGACTGGGGGTTATCGCGGGGCTATTGTTATTTTTGGTAGGTCAAACGGCCTACGAATGGCGAACCAAGGGTAGGGTTAGGAGTGCGTAGCACGGTGCCGGACTTAAAACGATTCTCATCCGGAGGAGGGAGCCACAACATGGCGTCACGAACGGGCTGAAAAACGCGGGGGATACGAGTGCCCGAACCGTACAGCCCCCTGTATGTCCGATCAAACACTTGCAAATTATCACGACTATTCGATCAGGCGCAAGCGTACTCTGAACTAAGCCGCTGTTTGATTGAGGCAGCAGTATGTCTGGACGTCCCAAGCAGAACGCCCTATACTTGCGTACGCATAAGACGCCTACGTCAAGGTAGGAGCGTCCCATCTAGGAATCCTA,471,53.5,Mus musculus
SEQ_687460,GGTTATACGCAAGAGGACAGGTGACCACAGTCCTGCGGGGTGCCCCCATGAATTGCCCGCCACGTTCTGAGCTGTTTAGGAATTTACTCGTGAAATCGGGAATAGCAGCCCACATACCAGTGAACAAACAATCTGTTATTCAAATCTCGCGCCCAT,156,50.64,Saccharomyces cerevisiae
SEQ_799490,CTGCTATCCGTTTGGCCGAACCGAAGTGTATCGAGTACTCGGGTGTTACCCTACTATCCCGGGATCCACATACACTCGGCAACCTGGGATAGCCGTCATCTGCCATTCTTCTTGAAGCTAGTAGTAAACGTAGTTGGTAGCTATAGACTATACGAGTCCGTACTCACTATAGCCCCTCTATAACCAATATGATCAGGCGTCGCCGAACACAACGTAATACTTCTAGGTTATTATAGATCGATCTTAGTCCAAGTGGGAATACCTAGTACGCTTGTATAGCTCCTTAAGCCCGAAAGTTGCCAATTGTCACTCACAAGAACGAACACGTGGGTGGCGAGCATGAACTTAGGAGGATAAGTGTACGGCGACGAGATATGAAGAGATAACCAGTTTTCAAACCCCTAACTTCCGCATCCGTTAACACCCATGACACTGTATGCATATCAATCCAGCTAGTGTAGGGGGGTAAAGCTAAGAGTTAATAGAAGTCTTGGACGAACAGGACATGGATCGACGTCGCGAGAGTTACCCCTGACCCCTTACGCCCATCCATGCTCCCAGAACATTTCGAAAATAATCCTGGAAGATTCCTATTTGTCATCGGACGATTGCCACATGCTCATCTCTCCCGACACCTGATCGTCTTCAAATAAGTATAGCTGGAAGATTCGTTAACCGGTTAGTCGTATCTCAATAAAATCCGCTCACTTAATCTCCCCAAACCACCGGGCTAACAATGACTGGAGTCAGTTTATCTACCATTAATACATGTTGAAACCGTTCACATCTACAAACTAGGGCATTTGGTTTAGATTCGCGTGGAAGGCAGAAGTAGGCATTTGTCGGCTCGACTCATCTTCATAAAACTCGGTTTTTTACCTAGTTCACGGATCCTAGCGCAGTAGTTGGCGCATCGGAAAGAGTAAGAGTAGGGTAATGTCGCCCAATATTTAATTGGCCGATTGACAGCGTGCTTAATCTATGTCACCAATTTCGTCTATGTGGTCACTAGGAAAATATACTGCTTACATTACCTCCAAATTCCCAATGGCTCCCTAAATTTGTTACAAGTTGTAATACAAGATGCCCCCCCTCTGCGATGGTTGGTAACTCCACTGATCGCACCGAAGCCCCGTTATGCACCTGGTTGAGGCAGTCCAACAAGTCCAAGAGTTATTACTGCGGCACCATCATCAATCACTTGCTTCGTAAGTAGATACCCAGTAGTGGCTATACGATCTAGGCATATAGCGTCGATGAACGACTTTAGTGTCTACATACGTTGGGTTAAAATGTACCCGATAACGGTTGTTGGTAGGTACAGAA,1326,45.48,Escherichia coli
SEQ_759815,TAGGTGCTTAAGCCGCTTTCGCCTGGGTGTTATAATTTGCTGGTTGTTCTACACTGATTGAGTGCTAACCTTCGGTTAGTCCGCACAGCGATGGCCCGTATAAGATCGGGAATCAACATGCTGGTGCTGCGGAACCCACGCTACAGTCGGGCTTAGAAGATACCATATCGACCGGCGGAAGGCAAAAAACGTTGATGATTGAATCATACCTCGAAGTACTTTATGATAATAAAGGACCCAAGATAGTGCTCGGGTTTAAACCCCTGGCTGTTGAGACGGATCGAGATTGCGGTCATCACGAGTGGTGCCATGGACGAGTACAGTAGTCGACCCGCAAATTTGTTGTCTACGACTTATAATGGGTCACACTCCGTCGACGAACATACCACAGTTGCATGGTGAACTCGGATGGTTCTGACATACGTGGGGGAGCGGAGTTATCATCGTCTAAGAAACCTAACCCAACGCCGCGGCAGTGTGATTTGGAGTGTTCTTGACTTATTGATAGGCAATCGCCAACCGGCCACGTGTAAAGGTGTATGACCCACTCCATCCCCGGAGGTTGACCATCGTAGTGCCTGGATAGGTTAGATTAAATCCGAAACTGCGTGAAAGCCTTGACCGGGGCACCCTTCGCCCATGAACTGTAACCCCCGATCGGGTCATAAATAAACAGCTACATACTCTAGTGTTATGAAATCCTCCAATTCGGGTGAGAAATACATACAGTTGCTACCTTGAGATCATGACCCACAGCAGTGAACCTACCTGACCCCAACAGGAAGGGTGGAACCACGTAGTAATGTTGTCGCCAGGGGGGTGGGGACAAAGTAACAGGCACCGTTGCCGAAGTTAGACTCGGGGGACCGTGAGTCTCCGCGACGGATAAGACGTTTCCCGCTCACATCGTGCTGTAACAAAAAACGTCAGGGCCCGTACAGCTAGCTGCCTTCTGTACCATAATTCTCCGTACTCTGCGGCTGAGTGAAGGGTTGCGCTTACGGCCATATTCCGACAGAACGATCTTTCCGGCCAGATAAGATGGCGGCAATTGAATTTTCCTGGCCTAGCCCATGTCAAAATCCAATCGCGCCTGAGGCTAAGCACAGGAATGAGGCATATCTGGCGACGATTCGCCTTGGGAAACGGATCGCCGTCTGACACATAACGTCATCTAACTTGAAGCCAGAGAGACCCAAGGAATATGCAGAGACCATCATCGCGGACACATCCCTACACATGACTGCCGTACCTTACAACCACGACCGAACGGAGTGCCGAGGTTTGCCACGCCGTGTGCCGTCTA,1306,51.3,Mus musculus
SEQ_739401,GATTTGGCGCGGATCGACACCAAGCCCTTTCGTAGATCAGCCTAACGCGATAAAAGTCTTCGAGCACTTAGCGCGCGATCTGATACTGTCTTATATAGCTGGGCTAACGTTGATTATATGGCAGAATGAAAGATATTATGGATAAATCCCGCAAGCAACCATAATCGGCGCATGGACCATGGTCTTAGGATTCTGGGGGAACACACCATATTGCCCCTCTAATAGTAGTGACGGTTCCGGCGATTATATAAGGTCCCAACTTCACGATCCTCTTTGATGCTTCATCAAGTATGAGCCCTGTTGCCTTGACGCGGACGTCTGTCGCCAATGTCTTGTCTCACCACGTTGGGTCTCTAAGCATGCCCGCCCACTTTTACCGCCACCGCCTTACTCAGTTACGAGCCCAAATTAGTCGACGCCGTTAGTGTTTTGGCGGATCAGCTCGCATACCAGCCGTGTTGCGTCGCTACTTTCCGCCGTATTCCAAACTCAAACCCCTGTGTTACCTCAAAGAATTGGGCAGGAATTCGAATAGCTGAGGACCAATAACGGGGTAAGACCTGTCCACCTGATCATCAAGTTGCCCCTGTCACTTATATTTGCATGGCCAGGCACGTAGTGACATGTTGCGCAAACAGTCTCGAGGGCGTGGACGCCAGAAATCCCACATGGACACGTAATTAGTATTGCATGTGCAATAAACCCTCATAAACATGGAGCCATCGATCGACAGGGCACCATAACTTTCCAGATTTTTTGTCGCCGATAAAATCCATAGGACGTACATCACTAGTTAAGAACGTATGTTTTTGGGGGAAGAGATCCAATCGACGCCGCCTCGTATCGTCTGAAGAATGAATCAAGGCTGTAACCCTGTACTTAAAACCACCGAGTGTGGCTGCCTCCCGAAGCCCAGATGACCTTGTGAATTTACCAGATCCGTGGGATTAACCAGTATCCAAATAAGGGCGCAGGACTATCGACGTTCGGTCTTTCTCGGATGAGGCTTTAATTCGCCCACATTGCGTCTGCGACCACACCTAGGCTATACGTTGTGCCAGAATGGCTGGTCTCCTAGCAACGCTAAGTTCTGTCCGAGGACTGCACCCAAAGGGAATAGCGGAACACTTCCTCGGGACAGCACCGGGGCAGCTGACCCGTTTTGGGTTCAAAGCCCGGACTCACTCACGCTGTGGGGGTCCGCACTGGAGGCATATTATAGGGACGCTTTTTTCTCCGTGAACGCCCATCGTGCCCTGGAGTTAATTGATACGCCAGCGCTGTATCCTTAGTGGCCACTAACAGCACGCTATCCACAACTCCCCGTGAAGCGGTCTCGACCTGAGGGGTCAACCAAAGGACAGGCTGGGGCTGCCGCTAGAGGTGTATCAATGACTCACGTGAACCCAGACGTGACTAAGCTGGAAATCGAGCAGAGCACATTTGAGAAAGGAATGTAGGAGCCCCACCTCAGAGACACCAGGTACGCGCCATGCAGGTCTCCCCAGTCAGTATTGCGAACCGGGAATACTTTACAAGAGGTTGCGAGAACAATAAGGTCCGAGTACTACTGTAATTCGAGCACAACCAGCCATGGCGAACGCCGGAACTCGTAGCCTAAACGCAATTGGCCAGGTAATGGTAGTACTTCCATTATGACAGGCCGGCCGGAGTCCACGAGGGATAGAATGCGGTTTAGGCTTATACTTCAGCAACGGCATGTGCTGAAAACTTTCACTTTCGACGGTTGTCGAGCTCTGGGACCATATTGAGACGCAGCGGAGCCCCAAAACATATGCTCGGCAGGTGGCTTCCGCATTATTGAGCG,1828,51.31,Arabidopsis thaliana
SEQ_810911,CACCTGAACCATCAGGGGACAGCATGCGGTTGGCTTACGATCATCAAGCCCGTAGTAGCCACAAGCTCCTGTCAGACCCGCTACTCAACTGGCTTATTATACGGAGATAGGAAAAGCACTAGAGTTCAGGGTCCTAGCATGTTAGCATCCGACCTAAATGCTCCGGCGTATTATAGTGTATTAGTTATAGCCAGAGTAGAGCTCATCCTGTAACTGAGACCGTCGACAAGGACGAGCACTCGACCTCGTTTACACGGGGAACTGTGTAGGGGTGTAGCTAGATATCGTGCTAGCGATAGCAAATGTGTTTTAGCCGAAACGGACCCAATACATCTGGAAAGTCCTTATAAATTGGTTGCTAATGTCTGTAATGGCGGGTTCGTTTGGGGGAGGTGTGAACCTCCACGCCACTGCCAGTCGGAATGTTAGGTTCGAACGTCGAAGATTTTTTCCCTAGTAATTTTCTTATCTGTAACTGGCTCTCTAATGCACGGGCGGTCTGAACGATTAGGGCGTCTGCACTGTCCTCCCTTTTGTTCGGAGTCTCCTCCATCACTAGAGGATTGTCATCACGTTTTGGAAGCGGCACGGTTACG,596,49.16,Saccharomyces cerevisiae
SEQ_422192,ATTATGCACCGGGCCCGCAAAAAAGCCAATTGTCTATACATCTTGTGAAACCTGTTCGGTGAAGGCGGTAAGGGAGCAATCCTCTACGCTTATTGAGTCGCTTGGGAATCCAGAGTGTTGAGACCCAATCAACACTTCTCACGCGTGCCTCTGAAATGCTGCTTTTCACCGGTCCAGCTTGACTGGGAGCATCTGAAGACGTCCAGGGGTCAGGGAATAGCATGACGGAACCCAACGAATTAATTGGGGGAACCCAGACCTCCGAGCGTAACTTAGGGATAATGAGAGATATTGTATAACGTGGACAGGCGTTGAAACTCCAACACACTCTGATTCTGGACGATCCTATTTCAGGGCATATTCTAGAATCTCCCGGTACATTATAAGGGTTTTCTCAGTGTACGTTTGGCGTACCAACCGACCAGGAGACTCCTCGGTCGACAACCCGTCTATTGGCTATCTAGGTTTCTTCCGGATCCTCGACGGCCCAACCGTCTAACATGCTGCTAAGAGCTGTCCTTAGGCATCTACTCCCGTGGTCCAACACACGCTCGGATTTGTCATGTTACAAGGCCTCCATAATGCGGGCAATACTAAGTTGCTCCTCTCGAACAGTAGTGTCACTGTACGACAAGCAAGCTCACTAACGCGTTCGTACGGTAGGTATCCTCGGGACAAGGGGCCAAGGAGGGAAGCTGGAAGCAGACATCAGCGGTTCATATATGGATTCCGGCCGGCAACCCGGGAGTGAATTATGGCCCACGCTATAGTCCAACGAGGTACACAGCAAAGGATGTGTTCCCGCGATTGCACATCACAAGAGGCAGACGTCTTGCCAGCTTGCGAAGGGTCGCTGGCCACAGCCAAATATGTTCATAAGATAAGGATTGTCTGCTTTAAATAACAAGCCACTCACCATCGCTTCCTACTCTGACATACCGGCGGATTACTGTTTTTTAGAACATACAACTTACCTACTGCATTGAATTGGGCATCACCGGTCCTTATGCCGCTTTGCCGCGCGGTAAAAAAGCTTCTCTTTCTGCATGCTATGAGCCCCAGATCTCATAAAGTGGTGGTCGGGCTAGCGACAACCGAACTTCGAGACTTTTACTTTCCTTTGGTTCAATTCGTTCGGGGACACTAGGTCAATAAGCCACCCCTACTGATAGATGCCAGCGGTGGCCCTAAGAGACACTCAGTCCCTCAAATCTATTCATCGGGCCCCAAACTGTAGACAATCTGGGGGCTCCTGTTTGTCAATTAAGGGGATAACCCAATTTAATGGTCGCTCGCGCGTGGGATTCGGGTGGGTAGGACCTGCGGAAGCTTCGGACTTCCTAAGGTCGGATGTAACCTGTGATTGGTGGCAATGTTTGGAATTACAAGTGTAGCTGTACGCAGAAGGGGCGCGTTTTCCGTAGTACTCCTGTCGCGGGCACATATACATGCAGTCCTCGAAT,1463,50.38,Drosophila melanogaster
SEQ_540823,CTGGGTAGCTCCAGGCTCTGAGCCGAAACCCCCTAGACCAGCAACCAGAAGGCGGCGGTGTATTTTGTATCATCAGAAACATAGTAGAAAACACGTTCTACGTTGGTGTTCAAACTATATGCCTCCCTAAATTCAGACGTCGTACCTCATCCCTGCCCCTTCTGTGCTCGACCCTGGATACGTACGCGGGTCGGGAGAAATGTAGGATTCCTCCACGCTAAGAGCCTCGCTCCACCGGCCTTCTCACACGCGTGTGCCAACCGCAGAGTAGAGTTTAAATGTGCAAAGACTATGCGGCCCAGTTTGTTATTCTCCTATATATC,323,51.39,Homo sapiens
SEQ_907732,AGGATCTATTGGTTTACCATACAGTACAATCTCCGGAGATCTTCCGGGGGGGAACCGGTACTGCAACGCGATACAGGATGCAGTCCGGTTATTCTTACCGGATGCAATTAAAGTAGTGCCAATAATGCCATTCGTAATGAACGGTGGGTCGGAACGTTCGTGTTCTCTGATGGTGCTCTAGACCCAACCGGTCCTCTATACTCTCGCCATTTTCCGATTGCTTCGGATGCTTAAAAGCAGGTCCGCTGTATATACGTTTCTCCGTAAGCCTTCGGCCCGGTTGATAATCGTACCTGACTAGAGGTCAGGCGACGCGCCATGTATCGCCACCATAAAACGATTTGGGCCTTGCCTAGTATGGGATCTGCTAGTGGTTCATGTTTCCCGACTTAACTCTGGCCAGTGGTATGCGACCTCCTATAACCAACGCGGCCAGGGACAGCGCCGCGGGCCGTTCGGTCATTGCCGAGGCATCCTTGATGCTTCTATCCAATGGGGGGTAAAAGCAGTAGTAGTTGTTCCAGCGTGATTAACAAGGGCTCGTGGGCCGTAGTGCGATGACGTAGCTTTGCACGGGTCCCTCAATCAAACTTGAGAGGTACTTTCTATTTAGCGGGGATGCATGTGTTGAACCATGGGGATTGGCAAATGCCAGTCGTATATCTACCTTTAGCCCTTCTGTTACGCTTCTGGCACTACATGGAGCATTTTCTAAAAGTCCCAAGGA,727,50.76,Caenorhabditis elegans
SEQ_326771,AGTGACACTGAGTAGTGTCCAGGCTCGTTCAGTCTCTAGAGAAAAATAAGGGGTAAATTCGCCAGACCCGCAAGGTATGCCAGAAGACCATACCCCGAGTGGACATATGACTCTGTGCAGACTAACACAACCATAAAAGTGTCGGTCGTCAGTTTTGTTTTCATTCTCGTATAGCACTTTAGCGGTTCATACGTAGTGCTGCTTTATAAACGAAGCGATTGTCACCGGGTTGGGTATTTGCGGAGGCGCCTCATCGCTGACCACATCTGCTCCTTCCGTTCCAAAAAAACTTCGAAGTTTTTAGGTAATGGTCCGTAGTTGGATTCCGTATGACATCGCTATATCCATTTACACGGGCCCCGCGCGCACCTGGATGATTCCTGACCCACCCGCACGCCCTGTCGTTTGGTGTTGACGGATTGTGGTTCACATTGCGGCTCGTCCCTCGCCGAAATGGGTAGCGGTGCGAATATGCTAGCAGTTGATTAGATTTCCTACAGAAATTACGTGTGGAGCGGGAGCTCAGGATAGGTCGGACCCGCTCAGAGCATGAACTACCTGTAGAATTTGTGGACTAAGGTCCTTAACGCAGAATGCTGACAACACCGGTGTAAGAGTGATCCACGTAACGGATGAAACGATACCCGCGTAGCTATCAGGCTCGCTCGTCACCGTTTATACTGATATATGTGCATCAATAGCGGCCGTGGAAATCCAAACAACAGTCAAGGAGGGTACTACACGAGACGAGGTAAACCAGCCGTCCTTCGACTCTCTATCTGTCGCCTCACGGTTCTGACGGACGAAAACGAGCCAAACACCGCGTAATTCAACCAACGGCCATAGATCGGACGGATTAGCGTGAGTTAATAAATGGACTTACGAAAGTATAATGAGAATGGTGTGGCATTGTCATGCGCCGCTAATTCGGAGACCGGGTGACGGGCCATCTCATGAGGTGACGGTAGGCCTCCTTATTCGACCCACAATCGTTACCAGCGCCAATAGCTACTCGGCAGGCGTACTACCAGCGTCAGTACTTCGGGCGCTAATTCTGAAGCGAACCATAGTTGGAAGTTCGGAGGACATTGTCCCTATGTGGGTCCCTGATTCTCTATAGTCACGGCGGGAAGAACAATTCGATCACGGGTGTGTCGAATTACCAAGCAACTTGGAGCTATACCTTACCCTTGACCCGGCGGCGCCCCCCCCCCTCCGCTTCCGGTTGAACGCCTAGTCTTTCGACACACGGAGCTAGAAGCTAAGCAAGGTGGGTCGGAGGGAAAACCCCGTGTGAGGTTCTAAATGCGGTGTCCGATGCGTCTGACTACAAAAATCGTTCTGAACGGTCGCGTTTCGGCCTTGTGAATGTTC,1374,51.24,Drosophila melanogaster
SEQ_622128,AGCGATACCGAGGTTCCCGGGTCTTTGCAGGACATCGCTCTTTTATACGTCTGAACG,57,52.63,Saccharomyces cerevisiae
SEQ_231516,TCCCGTCAATGACTACGTCCCAGCTGCGGGGTAGCCTGTTTATTCAGCCGCTACCGCAAATTGCAGGAAGTTAGCAGGGAAGTCTGCCGCCCCTTGGTTATGGGACCAGCCGTTTCTGGTGCTTCTAGCCCATAGGTTGCCGCTACCCTATTTTAGCTAAGGACGGTGCCTGTGCCGACGGGTTTTCCTGGCAAGTCCCAAGGAAGTTCACATCGACCACCCAGAGGCCGTTCGTAATTGAGTGCTCTACACTTGTGCTGGGTCCCGAAGATCCCCATTCAACCACGGGAATCTCATATCCCTGCTTTACATAGCCGGCAGTTAAGATAGGCAAGCCAGCGTTGGGTAAAGTAATGTACCCAGGGACACAATCGCAAAAAGTGCAGATCAGTTCGACTGTGAATCTGCGCTGAGCGTAGTCAATTTAGGGCCGAGCACGCCAATCGGCTGAAAAGCACCCGCATGAACGATTTCTAGCGTGCTTGCGATGCTTACCGAAGCATCGGGCTAAAATAGTCTACTACCCAGTTAATGATAAAGATTATTTCGAATTTTTACACGCTGGACTTTTCCACTTGGGAACGGATAACGCCTAATAAGAATAAGGAAAGGTAAGTAATTCTATATAGTCTGCGAACAGACCCTTATGTTATCCTGAACCAATGTCAAGCACTCCTATAGTTTGCTTTAGACCCGACCTAAGCCGAGTAGCACGACT,718,49.3,Drosophila melanogaster
SEQ_669650,AGTCGGTAGCTCGCTTCGGCGATTGTGTCTCACCCATCCCTCACTACATACCTGGGTGTAGTGATGCTTTCGACTGTTAGCGACTTTTAGCCAGGTCCGAAATGGTTATACGAGGGGACAGTAACAATTGCGCACGTGGGGACTGCACGTGGCGGCAGGCTTTGGTCGTCGGAGGGAACAAGGAGCAGCATGCTACCTTATCTGCGGCCCAGTAGACAGTGTGCCGCTGGGGAGATTGACTCCATGAGACTGCCCTCCTAGTTACAGTTTTGCTAGACAGAAAATGACTATATATCCTGACTATGATCCGAAATGTAGGGACGTCGGTTATGCCTTTAGGCGCCACCTGGCTGTGGTCATCGCCCTATCCGATTCGAACAGTTGGATCAAATAGGTTCAAACAGAGCAATTAACTAATATCCGCTTCGTTAGTTCCCCCTCTTTCGCCCACGTTAGTTTCAACAAGCCTTAGCTGTGGAAGTGTGTAGCCAACCATAAGTTATCGTACGTATACTCACCGTTGCTACCGTCCTAGACCGCCCCCACTCTTTCGTTAAGTGACAGCATTGCGAGAAACCGTAGTGTCTTAAGGGACTTGGAACATGATGGAGTTCCGTAGCGGAGGTGTCGGCACCTATGGAATGTCAATAGCGCGGTTAGTACCCCCAGATTGGCCACGAGTTACGCTGTAGGGCTTTATGGTGGGGATGTAATCTCTATGATCTTAAGCTTTATAACCGGCCGCTTTGCCGAAGCGCAGGAACGAACTCCAGATTCCTTCAAGTCACGGCTTGTTGTTAGCATAACATTGGAAGGAAACGAAGATTGCATCTGGGTCATGGTTATGCGCTGCGCATACAGTGGTTGCGCGCCCGCCTTATATTTTCGGGTGGTGTACCCTTAGGGTCCAGTAAGCGGACAACCTTACGCCGTAGGACAATCTTTGTCCTTCCTAATGCACTTTGCGCTTCGGGATTGTCGTACGTGGCATTATGGGAACCGGCGCCACCCGCACTGTCCGACGGAGGATCACAGCATCACTGTCCCGGAAAAGACCAAGACCGGTGGTTAAGGGCTATGCAAGATGACGGTAGACATGTACAGAGATACTTGCCTCTGAGGATGGTCTGACAACTGAAGGTAGATGTCCGTGACCAATTTTAAATACGCGCAGTCGATAGAGGGATCTCGGTTGATTGTCCTAAACTAAATCGCCAAGGATGCTGGTGTTACGTCTCTAGTAACTACTATAGTTCAAGGGTTGTCTAGATGGTTTTCTAGCAATATCCTTAGTCCCTCTCAGGATTTGGCGAAAGTATCTGGGGAGCTACGAGGTCCTCGTTATGAGTAGTAAATTACCATGGAAAGGCTAATATGCGCGTGTTTCCAAAGGGTTTTAGAGATGCGTGTATGGATTTCAGTACGTGTCTGTCGTCGCGCCAGCGCGTAGATTGAGCTTGCTTAATTCAAGACACTTAGGCTGGACTCTACTATGTCGCGAAGTTGATTGGACCTTGACGTTTCTACAAATTTTTAGCAGATGGGATAATAGAAACTCGCTAAAGAGTATCACATCGTAGGCTTATACCTGGTTAATTTTAGTTAAGTTTATCAGCCTACGGCCCGTGGTGCAACTCATGGGGATTGGGTGCCAGGGGGTCCAAGTGATGTTATGTCGCAACCGTCTCTACCTCGCGAACACAATCTCATTTAAACGTGGGCCGTATATAGAAGCCTCGGCCGGGAGCGAATCTTTCGCTAAATAGGCACGATGTAAAGATCCTCCTACCACTGAGTCAGTTGCACGTGATTCAGGGGGATTTAGCGCTAGACTTCCGCCATGCCTCACTCAATCCTGGGGACGATGCCTGGGATTCGCTCCGTCATATCG,1891,49.44,Mus musculus
SEQ_605995,AGTGACGCGTGTCGATAACGCAACAGCCCTACTTGCCTATATCCAACACTTACTGGGCCTAGGGAACACTATGGCTGCCGAGCTCGAATAAACGTACGCACCGAAACCGTAGGACCATTACACTTACCTCTAATGAAAGACGGGGGGGCGTCGGTCAGAATATCGTGTCACTGCGCCTGCATCGTGGCTGTCCAAATCTTCCAAGTGGCGTGCCCTACTCTACATTCCTGCTACAGTCTAGCTTCGGGGGACCGTTCGAGGCGCCGTTAGCACTTGTGCATGTGGTAGACGCGACCTATCCTTGGCGCAGCCTTGCGCAAGAGCATACGACGCATCCGCGTCGCGACCGACGAACACACATCTGCAGGTTGGATATCTGATTCCGATGGCGGATGGCTTTTATAGACGATCCCGCCTTGGTCTAGCTGGGTTACACGCGAGTATAACAGGACCTGAATACGGGTTAACGGGGTCTAGGTAGTTTTCCCGCTGGCGACCCTCTGGAACAGGGCAATCCCTGGGAAAATATATCGCTGATCTACGTTCACGGCCCCCATATATGCAGCAACTATCATATTAGTGAGTAGACTCGGAGCGTATGCTGGACCCTGTAGACCTGTATGGTTGTCCGGCCCCTTCATATGAACAACGACCTATCTAAGGAGGTCCACGTGTAGTCACTCGGGTCCGTCTTTTGGTGGGTGCGCCTACTAGGGATTTGTTGAAATCGGCCTGAGCTTGGTGCTAAGTGAGCTAGCCCCTTTATCCAAATGTAACGAAGAAGCTACATTAGAAAAACTGTCGTGGCGCCTCAAGATCCTCAGCAAGCGCGCCAATTTATACCTAAGCAGGTATACTCTAGGGCATTAATTTTAAGCTAACTCACCCGAATGCTACCCCCTCCATGAGGCAATTCTGTATGCTCAAGTCCATTTGCCAGACTGGCGGACTACGCTTGACCCCACCCTTGAGTATTCTTGAAGCCTGTTATGACAAGATGCGCACTCTACTGCGTGGAAATC,1022,51.96,Escherichia coli
SEQ_341433,TCCTGCCACATGCATCAGGTAGTTCGGAATCCGAGCGGGAATCCAGTTACGCCAGAAATGCGCTTTCGGTATTTCGTTTGGACGGGAAGCGCTACGTCCTGTATCCGTGGCGATCAGCCGGGAAAGCGATCAGTTACGCGTGATGCCAGAACTCAAATCGGCACGCCGCGATGCAGGGTATAAAGCGAGGTATGATGGAACCAGTCACAATTTATATCTGTTCCCGGCATAACCTATCTTTGGCGACAGCCATAATCGGATTACTTGGACAATGCATTGTCCTTGTGTTATGTGGAAGGTGGGGTCGAGCACGTTCGTGAGGAGTCGCCCCGAGCACCACAGATAGGGTTCCAGTGGTGGTTAGGAAAATTGATCGAGAATCCTGGCAATAGGCACCGAACGTCTGTTGCCGGGGTTCTAACCTCTCGTTGTGATGTGAGTGGAGCAAAAAAGGGAAAGATTATGACAATCCCTCAGGTCTCAGGCGCCGGGTGGTGGAGGCTAGATGTTCCTCCCACCGCGTGAATGGGTTTATGGCATGTATCAACTCTAACGAAAAAATCTTCACATAAAGGAAGTTAATGAGCGTTTTTTCGGACGTAGCGGTGTGCAGTTTTGAGTTGCTAAGACCCGTCTTCTTAGTGAGCTAATGTTGTTC,658,50.15,Drosophila melanogaster
SEQ_175932,TGAAGATGCTGCTCCTCCCAACCTGTTCCAGCGTTTGTATGAATATTGGTCGCCTTGTAACGGCTGTGACTAGGAGGGCTTTCGTGTGACCTGCTTGGATGACTCTGGCTTAAATTCAAACTGCCCATGCACCCAGTACTTTAAGCATCAACAACGCAGGTAAAGAATGTCCGTGGATTATTCCGTGATATAAGATATGCGAGGTGCACACCGTTCGGTGCGGATGACTGGTCTCGTCCAAGAGCACCGGTAAGGAGGCCACTGAGCTCCGCGTTGCGTCTGATCTATGTCAGCTGGTTGATTTGCTGTACGCATATAATCCGCCGAGGAGTTTCGGTGGGGACAGACGCTTGTCTAGACTCCCCTGGGGATCGCTCGGTTGAATCGATTTGTTAACCAATCCGCATAAAATTGACGGCCGCCACGGGCCTAGTAGCGAGGAACTAGTCGACCGCAAAGCGCAATACCGAGAGATCACGCGATCTTACTACGGTCTGGCAGATACGCGCAGCTTCACAGACCTTACGTCTCTTACAGTCCTGTTTGAAAAGTTAGTGTGACTCAATCGGGCGATATCGTACGGTTACATCAAAACACAGTTAGTATGATAGTACGTCTCGTTTTGCGGTGACTTTTGTAGCCCACTTAGACTCGGCACCGGAATTTCGGTCTTAAGCCAAAATTGTACGAGTATATTCCAACCGTTTTCCGCAGGCCGGCGCAGGAATCTAAGCAATGCTTACGAGTTCCAGTGCGGGTGTGCATTCGTTCTCTCAGTAGATGTACCGAGCGAATCGTACGGCAGCGTATGGCCTTATTCGGGGACGGGCTGATCAGCACATCAGGCATAACAAGGTAATAGGTATACCTACCGACTGGACTCTACTTCTCCTATAGCCTGAAGCTGATATGCGTTTCGCATAGTCCCGCAGAAAATGTTGCGTTGACCTTCGGTCAGGTCCCATTCTATCTACACGAAGCAGCACTTTAGCGGTGAGACGGACTGCTCAATAAAGGATCTTACCAGTCAAACGACAGACCAAATCGCAAGGCTTGCGAATGGGGGAGCCCTGCCTACGTTTACGGCCTGATATGCAAAGCAGAGTGCTCTCTAATCCCCCTCTACGTTCTATATATCAGATTGCACTAGCTACGCCACTCGCACAATCGGCAGCTGAGATACGCAGCGCTTTCTAGGACAAGCGCCAGACGTCCCACTGGGGGCCACTTGAGCGAATTGCCACGTACAGGCACCGCCCCCCCTCAAACGAGAGTTTGCGGCCAGCGGTCGGATGCCAAATCAAGGTGGGTAGACGAACCGGATAGGTGCTTGGTTTTCCGAGCTATAGCGGCAACGCGGCGTAAGAATACCTCCGGGTGTTGCATCTAGGTGGACGGTACAAACGACGCCACAAGACCAGTAACTATGTGCACGGGCAAAGGCCTCTCGCTAGTCGGCCCCAATCACACCTGCCGCAATCCCTACATCCTTGCTACTTCGCAACTCAAGATTACAGTGTTACCGATAGTGCTACTGACTGTGCTATAGCACCTACGCGGACTTGACTTAGTAGCAGTAAGCAGCCGGAACGATACACTCAAATCTCAGCCATCGCATATAGCGAAATGCAGTAGCGCTTTTGGTAAGCATTTAGATAGTCTA,1663,51.29,Homo sapiens
SEQ_644597,GATTGTCGGTTTGAACAAGGTACTGAACCCGTCCCGCCGGACAGACTCGGGTTACTATTCTCGGCGGCTGAAGTCAGTTGGTGCGACCAAGTGGACCCGCCAACCAGATTCACTTCCTCTCGCATGACCACCGCCGGTATCAGGGGACATTGACTACACGCGCGCAAAGTGTGTTTATACCTGACGTAAAACGATATACTTATTCAAGCTGGTTCGATCCAGGGATCCTCCACTCACCACCCTCACGCATCTCTACGCAAACTCTCTTAGCAGCCCGAGTCAAAAGCCGTCGACCTGTGTGACCGACAAGAGGGGCTGATGTTTGACCGATAGGCACATGGTTGCTTCTTGTGCCCTGATACGATATGTCCTTGCACGGCTGATACTTTCAGAAGGCCCCAGTATTGAGATTCCCTGCGGTACGAACACCTTCAACCTCTACCAAGAGTAGACGCTCTCCTAGAAGAATCATTGCCACTCTACTACCCATTAGCACCAGTCCCGTTCGT,509,52.46,Drosophila melanogaster
SEQ_528295,CCCGGTCGCAAGATCTTGAGGGTAACGCTATCGACTCCAGACATGGAGCGGATGAGTTCCCGGTGGCCCAAGATCCGTTGTG,82,58.54,Escherichia coli
SEQ_176147,CGGTAGGAGGTAGATTGCCAAGTGCTAGAGGAGCACTGAGCCGTCTTGATGTTTGACTCCTGGGACGCTCCTCCGTTAAGGCTCTATGGACCTGCAGAACTCAGCGATGAAAGTACTACTTTCTGATGAGATTCCGAAAGGTGTACAGCATGCAGTGTGCTAGAGTAAAGGACCAGAGAAATTAACTTCCGAAGAACTATAGAGTCAGAGACCGCGTACTCGCTAACTTCGTTTAGGATAAAATTATGAGAAAATATGCTGAATTACCTGCCTCTACCTGCGCTAGCCCTCTGGCCCCAGTTGGACGAAGGCATTCATGTTGTCCATAGTTGAAGAGCATGCGGCTCAATACTTTGATCATCGATTGCGTGAGCTCCCGCGCTATGCCCACGATAGATTAGAGTTTCACGCGAGATTTCTAGTTAATGATGAAAGTAACTGTCAGCTCGAAACTACCTATTTACCCAACACAGTGAGTTCGGCAGTATACTTGCTTCGTGTGATGCCACACTTGTAAACCGAAGGGGTTCGGATACTATAAGCCTGTTCAGTCCTGTAGGCTGAAAGCTCACGAGTCATGGCGCGACGTTGGGCCTTCGACCAGGCAATTAGCATGGGTACAGACTAGGACCAGGTAGACGAAGATTCATATCTGCCCATCTTTAATAACGCCAGATCTCCTACGTGGTGGAGTAAACCTTCAGTCTAACGTTTAAAGCCGCGTGATATAAAGATCGTTCCGCCAAACCCAACCGGTGCTGGCAGGAGCACGATTGCAAGTGACACACTGCCTGTTAATCTAATCATGCGAGTGGGATACAATGGAGGTTCTAATTTTGCTAATATCACCTGATCTGTAACCCTCCATGTGCGGATGACTACTGCAATTGGGATCAACAGGGCAAAGACCCTCTGTACGGTTATGCATCGTCGTCGTGAGATTCTGTTTAAGGTATATGAAAACAGATCCGGACCGTGGAATGAATTAAACCTTGGACTCAATTAACGTACAATGGGCTAGAAAGCAACTACTTACTGAATATTTCAGAAATCGTCGGACACCAGATTCGCTTTGCGTAGTAGCGAGTTAATAGTTTGGGACCGGAGGTTAGGGGTGATCACCGAATTTTAAGCGTCGTTTCGAAACACTGTGTGGGTCGCGGACATAAACCAGCCACCTCTTGGGAAAAGAGTTGTCTTGATGAATGGCCGGCAAGGTGATAAGGGCTTACGCACCACGAGTATACTTAGCAATGGTCTATGACTTCCAATGAAACACATTATGACCGGCTGTTGCCTATACTTCGAGCGACATCTTTTCACTCAGCTCTAGTGCTAAGGTACCCGCCTTAGGACGTATACTAGAGTTATGTTTCATTGCACGCCGTCGAGTATTTTCGGGGCAAGACCGGTGTAAGAATCGCTAACTAGCGCCCTTGTCTGGTTGATTGAGGTTAGCAATGGTGCGTCGGGTTACGTTCGGCGATCGTTACCGAAGGAGATGCGCCCATTCAGGTATCACCCCATCTTTCTTGCCCGGTCGCTTTGAACCACCGGTTGTCCGGTTCTTTCGTCGGCTTTTGTGGGATGCCTATCAGCAAATCTTCTCCATGACACAAAGC,1622,47.66,Saccharomyces cerevisiae
SEQ_474043,TCGAGTACGTCCCTTTGGTACCAATAGACCGCTGATGAGATGGCTGTCCAGGGACGTACGCGAGGCTCTACGGAACCGCCTAGCCTATCAGACCGATCCTACTGTTAATTCGGGGTATACGACGTATGGATTACCTGTTAAGTTGACGCATGTAACGCGTGCCCGCGGTACAAGGTGCCTACGTTACACTTGTACACTGCGTTTCGTTTGGCGACGCCAATACTACACACTTACGCTCATGCCGCGCCGGAGTAGGTCATACACCGAAATCGGCTAGTTGTCGACTACTTCCCACACGTATACTATCTACAAAGCCTTGTTAAGTTATTGGTTACTAATGACAGCCTGTGATTTACGATCATGTTGCCTAACTAGACGGCAACTAACAGGCCTAAGCTAGGCGTAAGATTATGCGCCATGTCACGCCGGAGAAGTGATTCCTAACCTAAACCCGTAGGTACTCCGATATAAGACGTGCCTGGGCTTGCCGCACTTTCGTCTTCCGCCTGGCTGACTGAAGTTATGCAGGCTTTCCGCTACGTGCCACTTATGAGCAATAATACGACCGTCAGTTGTCCACGGGGTTACGCCGTGCCGTAGCCGATGCGAATTTTCAGCTTCAGTTAGGCCCTTGCTTGACTTACAACGCATTATGGGCGATACAACAACTTAGGATGTTGCTTGGGTATTTCACGCGTGTAATGCGCGTGGGTTGATCAGGCTTCAAAGGAGATGCTTTTGAATATGATTCTACTATTGTGTGCTATTTAAGTACGGCCAGATTCTGTGATAGTACTGCTAACGGTCCGCTTTTCTGACCGTACACTCTTAGAAGTAGCGCAATT,845,49.11,Escherichia coli
SEQ_149665,CCGGCGTAGTGCTGTGCTTCTACGTGTATTTCTCTTCGGCTAAGCTCAACCGGAGTAAGTGACATAATAACGAACCCGCGTCTCAACATGCCTTGGACCCCTTCGGGCGAGAGCGGCAATATGGTTTCGGACAAATTGTTGTGATGAGATTTGCTTTCAATTTCTCAAGATGATTGCCTGTAGGAAAGGTACTGATCGGTGCGCGCGACTCCCGTATATCAGGCACAAAGAAACCCATCACCCGTGTACTTTTATGCGAAGTACGCCACCGTGCTCGTAGTGACTAGACCGTCAAGGTTCGTGGACTACGACCTCCCTAGCACTTCTTTGAACGCAGTAACGTCGAAACGAAATTTGTTGCCGGATCGTCTAGGTCGGCGTGTCGGTCCACCTTCAATCTTGTGCTTACATTCGTGGCTGAATCCCTCTTTTACCATTTGCAGGGTTTCAGCGAAACCCACCTA,464,50.0,Saccharomyces cerevisiae
SEQ_204351,GTACAAGTGCGTCACATTTCGAGGAAATGTCAGCGTCGCCATCCCAAGGGCGCTTGACTCTAAGAGGTTATCAATACGAGATGCAAATCTGCGTGGAAGGCTAGGGAGTATGGCCATCCACTTTTGAGTTCATTAACACGTCGGTTACACCGGCGTGGATGGTGTGTCTAGTTCCTGGTTCGATATCGTAAGCTAAGCTGGATGATCTTAATAGGACCAGATGACGCGTAGCGCATAAAGTCACATGTCGTGTAAGTTTAAATGAAGTGATATAACTCATGTTCACTTTCGGCGACCCTTGACGAATCCCATTACAGAGCCAACAGTTCTGTGACAGATGCGACCAGGTGCGGATGGGGAAGACATGGGAGATCGCTGTAACAGATGGAGTTCGCGGCGTGACGCACGACACCTATGGGCTCTAAAGGTCTGCCAGCGGCTTCACGGACTACCTAACCACCTGGCAGTGGACCCACGCCGCAATTCCTATGGTAGGTCATCTCGTGCCATCCGTCTGGTAACATTATAGCGCGCTGATGACGTAGCCTCTCCCAGACTACTCAGCCTTCCGGTTGAGCGACCATATAGCAAACTCAGTGAAATGGCGTGACGACGTCTTTAGTACGCGCGAGCGCTCGAGTTGAGGAACTATGGCCGCTAATCGTATCAGCGGATTCGAGCGGCCATCATGTACGCCCACCGTATACCAGAACAAGTGCTCTAGACCTGCCGGGGTTATGGATAGATACTAAAAGTTCTTATGATGATGGGACGTATGCAGTCATTCCTTCGCAAACTAACTAATGATCCGAAACATTCCGTGCCCATTATGCCAGCGGAACGTATCCACACGGTTGATATATGGTTTGATAGTACGTGTACAGTAAATGAAGTAACGTCGAAGGAGCTGGGCCTCCCGACCCGCGGTTGAACTCTGATATAAGTCAAATTAGTCGAGCTAGCTATTCACTCTAAGCGGCTGTGACAAACCGGCTGCCTTCGGACTAGTGTAAGCGTCAAGGGGGTACACCATCTGGTCATCCTATGGCTCCGCGCTTACAAGACTATCGGGGTCCGCTGGCATAAAGAAGCCGATACAGAGGCGGGGGCTGTACCTGTGCTGACGCTGTGGTCATAAGCCAGTAAGTACCCAGCCACTGGCTTCCAGTCATCTACCTGGAAATAGTTAGCGTGGACCAAAAGCACAGGGTCGTAGCATATCCATCGCCAGGGCATATAGGAGAGGAAGACTCCCATGCGCCACTCGCACCATATGCATTCTCATCTTGAAGTTATCGGTAGGGCCACGTTAAGGGCGCAGCCTTCGTCTTGGCATATGCTTCGCGTGTGTTATTCAGAACTAACCATCCTGGACGACCGTCCTGAAGGTTCCACGCAGCATGCTTGCTGGCAAATCCAACTCTGCCGTGACGTGGTTCCGGTTTTCGTGCTGTTGGCATTCGGCTATTCGGATCCTGGAAAGGCTGCTTGAGTCCTTCGCGTCGCATCACTATGAGAGGCACCGAGAGAAGCTGTTCCAGACTTCTATAGGGGCATCCTCGACCCTTCTCGGGCCGGGAA,1581,51.87,Caenorhabditis elegans
SEQ_128980,CGTTGTCCGATGGGGTGTCAGGGCAATCTCAGGACTATCGTACCAATGCTTGTTTCTCATTAAAATTTCAGTCTGGTTACCGTTGTCAGAGTCGCATGTGCAAACACACGCGATTCTTCTCGATCGGGAAGAATCCTTGGCGGCGATTTTTCCCGCCTGATGCAGATCACGTAGGACTAGTATGGCGTTGCACGAGAGGTGCCAGGCTGAGGAGCTATCTAAGCCCCTAACACGTCGTTTCTGAGTGTGTGACCCGAACAATAATGACTCGGGATCTATGGACAACTTTCTGTTACAGAAGGTACCCCTGTATCATCCGTCACGCTCCAACGCGAATCTTTACGCCGACATGCCTACCAACGAAGTCATTTACGTGTATTGAGGTCGCTAATGTTCTAGCTGTTGTTATCTATGTGAAACAGCTTTCGTACGTGTGCCCGTGTTAGAACGGGCGTTGGGTCTGACGTCCTTGGAGACATATAACTCCCACTTGTGAAGCATCAAGTAGTGTCGTGAGTGCCGTCCGTACCCCCCTTCCTCGCTCATTGCGAGTATCCTTGTGCGTGAATGAGTCTACGAGAAATTCGCGGGAAACTCCATACTGGTGGGAAATATGCTATTGCAGGCAACAAACCCTGTCCCTCGTTTGTAAGAACGCTCTTTACCTGACGGCGGCTTATCTTCCCATGCGCGGTCATGTCAACACTCATAATTGCATTTAGACGCTTAAGTCTGCCCTGTCCCTCCAATGCTTGTACGTAGTTCAACATTGGGGTGGTCAGCACCTTGTGATCATCGGACGCTGCCGCCCTTGTGCGTGATACTTGGACACAACCTATCCATTCTCGTTGTCTCGAGGTTAGGTATACGGTTGAACGATTGACATTAACGTGGTGCACTGCGATCGATGCTTTCGTGCCGCATTACTCCGCATAACGACGTGGAGCACTTGGTACCCTCACACTTCGGTAGGTGTTCACCTGATTACTAATAGGTGAGTCATGATCAGGGTGTTGCCGGGCATGTAGCGCTGATGCTGTCGACCCTGCGGGCTATGGATCAGGGTATTCCCTAAATGGTAGCGTTGAACAGGTTGACACCTTAAGCAACGGTCTAACCTAAAGAACGCCACTTGTACAACTCTATAATAACCTCCCCTGTTCTATCTTGTTAGAAGGTGGCGCACGAGCTTGGATAGTGCTACTGTCGTAAATCACACGAATGACGCGGCTGAGCGGCCTCAGCGTCGAGGCTGGTGTTTTGTTTCCACCAAGTGACGGAGCAGCGTCCAAGCACCCCGTCACAGCAAATGAGAGGTTCTGACGTAAGTTACTATTCAGAATTTAGCGAGACTGCTGCGACTCCGTAGATTATCGCTCAGACAACCCGCATTGCTACGATTCTGGGTGATGTGAAACTTCGATCCAACCTATGAGACTATACGGTCTCCTTTCATTTGGAGCTTTTCTAAACCACTGTGGCATTCGGTGCCTGTTCTAGTAGTGAGCGGGACTCCTAGGCGACTGAACAGACAGGCTTTTATTTCCTACCTGCGCACAGCGGTGGCAGATGTCCATATATTCACACCCCCTACTGTCCGCTAGATATCCCGCTCATGGGTAAAGTGAGATTTTTGGGTCGACACCTATCCCAACGAATTGGGCTGTCTTCGCAAAAGCCGACCCCTGTTGGGGCAGCCATTCCCTGCTCATGCCAGCGAGCAGGCTACACCCGTCGTTAGAAAAAGATCTCCGTATCAATTTCCTTCAAGTCATTTTGAGGGTACTCTAGCGGCTTCTTCCGGTAGGGTGACATTTTTTTCGTTGACCCAGTTAGACTCGTGGAGGAGCACGATGTTGTCCAAAAGGATCATCGGACTCGCGCTATGTAACAAGTCGGCCCGTATTCCGAGAGTCTCTTTCCGATGTTGAGGGGTGGAGTACGCTTTAGGATTGCCAGCTTGTGGTCTTAGAGTGTGCGAGGATTCCGAGA,1992,50.3,Mus musculus
SEQ_231334,TATGCATGACACCGGTACTGTCCATAGTTGGTTATACGACTTGAGTCCATG,51,45.1,Arabidopsis thaliana
SEQ_951496,TAAGAAGCGTGACGAGTAAGGGCGGCGCCGCCGGACCTGCGAAAAAGGGTCACCGAGTCCTCTCCCAGATGGACTTTTATGACTACACTCACAGGGTTAATACGACGGCCCGCCGGCATTTTCACATGCAATGGGTTACTAAGGTGTAGATGGCGGTCCCGCATTGTGAAAAGGTCGCATACGCAGTCGGCTAGCTTAGACTCTTCCTATCCATTTTAGTGATTGCTGAGCACCTTGACGCGTAATAAGTCCTCCCAGAACTAACTAACAAGCTCACTTTATTAAATGACTCCGATCGATGTCAGTGTCAACTTATGAGGAAAGGAGCCCAATATTTATGGTCTGATCATATGACGGATAAACTGATAGAAATATTAGATAAGGGGTCATATCACAATATTTACGGCGCAGTGCAGTGCATAGCCGATCGCCGCATTTACTGGTTATGTCTGTTCGCACAAAGAGACCAAGCTCTCTACCGATCCATCCAAACCCTTGCAATCGTGTCGCCGCGGTACGTTACAAGATTTCTTCTATTGCGGATCGTGAGAGGCCCCAATTATACGACCCCGTTGACTCGCACTTAGTGTTTAGGTAGCGACGACGCGGCACTTACCATCGCTTCGTACGGTCGATCTCTTGCATCTGCACCGTCGGTTCCGGAGTCGCTATCCACTGCACTTTGCTACACATTGGCGTGCGGCCGTCCAACAGTACATCTGGCCCCACGTCTCATATCCGGATGGGCAGAATTGGTCACGTCGCATCCAAATGACTGGTGATGTTTATAGTTAATGCCGGACGTGAAATATCCCGTCGTTCAGTGTTGATACGAGCCGCCTGTTTCCCTTCTGCAAAGGCCATCGACACCAGCTTTATGCCCTCCCGGCATGACCCTAGCGTTATTGCTGCGATATAAATAGTACATGAGCCCGGTGTGGCTAGCGCAAACTATCCACGCATATTACACCCTAGCCGAGCGATGCGGTGGCAGAGGCTAGGTACGCGCCGTGATCTTAACCGCAAGTCA,1030,50.58,Escherichia coli
SEQ_953446,CGACCATCAGATGAGACGGTGCGTATCCTCAATAGGGACGTCGGCGCGGAGGGATTTGAGTACCGCGATCCCTCTTCAGAAGTCATAATGAAGGTTAACGCAGGGCTTGTTCGGATATCTGTTGGCCCGGAGTTAACCCTCATAGTTCCCTAAGGAAAAGTGATTTCTCTGACTTTTCACACATGAGGTCATGGCTGCCAGTAGCTCCTCGTTCTTGTGACATGCCGCGGGCGGAGAATAGATCGCGGCGACCGAGGCGACGGTTCAATCCGCGGCTTCTTAAAAGTTCCCATCATATTTCGTTGCACGTGGGCAGGGGCAGACGGACTAAAAGCTGACTTGCAGCATGCTGCAATGTGGTATACAATTGTTGCTCCTTTCGTCCGTAGCGGCAAACCAGCATGCAACTGTTTATCCTCTAGACATTCCACGGATGGTAAAAACCTTAACGGGTTGAAACTATGCGACCCTATCGTCAACGGCGAGGTGCAATGGCTGTAATAATGTGCGCTCGTCCAGTTAACCCAAGCAACAGTGCTGCTGATGCCCGGATTGAGACAACATTCGGAACAGTATAACTTATGTAGTCACAGCACGTTTAAGTTTGTTTGCGTTGTGTTTGGAGGGACGACTGTAGTAGTCAGGTTCACGGGAATAACTTCAGCTCAACCATCGTGAGTCCATCAAATCCTAAGCTATACTTATCTTCTACGCGCACTCGTTTCCACAGTGGTCTTATCCTGTGTGGCAGTGTATGCACGCGTTGGTAGGGCTTGTGTCCAAGAAACATACGTATGGGTAACCTTGTCGTAACTTTGTGCTTTCATGGTGAATAACGATGGTTCGGCAAACCCGCGGCGAGGTCTAAGGGAGTCCCCAATTTGTCAGACTTACATCAGCTAGGTTTGAACCTATCTGCACTTTTTAGGGACGTGTAGATCTCTTCAGGCATTGCCTACCGGGCCTAGTCAACTACGATACTCGAGAGTTGGAACTTGAAATATTTACATGGAGTCACCGGTCAATTTTGGCCGTGCTTGAGTTCACGTGTAACGTCCTCCGCTAGGGCTGTGCTATGGCACTTGGGATGAGCGTTTCCAAGTCCCTCCTCCTCTTGACCTTTCAGGGCAACACTACGTGGCCGCCCTCTCGTCTTGGTATGCTACGATCGTGGCCATGCAGATACTTCTGGTAAGTCATTAGAAACAAGCATTGCTATGGTGGTTCAATCCCACCTGAATACACGCAGGCGCTGTTGTTTCACCTTCCTGACGTGTCAATACAAAATGACTACATAGGAATGTTTCCGGCCCGCACGTTCTGTGATACTCCCGGACGGCTCGAAGCTACCGCCGTTAATACATGGACGTGACCTTTACGATCGAGTTAGGGGTACACCCGCAAGCAAAGCCTGATGAGTGGGGAGATACTCGCAGTTATATATTACTATAATAGATTATATTGGCTCTTGTGAAACACATTTAGGGCCAGAGTAACAT,1499,49.03,Caenorhabditis elegans
SEQ_218356,GGCCTACAGCATAAGGGAAGAATGCACAAGCTGCCTGGAGTAAATAAATTCACCTGGTGTATGACTGCGGGGCCGGTATCGAGGCAGAATTAGTCATATTCTGCGAGCCTGTATATAGACGCAAGTTGAACCGGTAACATTATAAACTTAGGAAAGATCCCTCCGGTAGTAATCGTATTATCCAGAATCGCCTGAGAAAGTCGAGTTTGAGTCTAATCGCTCCGTTGGATATTGTCGTTTAAGTCTTCCTGCTTACCTAGGTTCATACTCCGCCTATAAGTCTACAATATATCGTTTTTGACTTCGGAAAGAAACGCGCTAGTGGTATGGCTTCTGCTAGCACACTATTCACCCTCGTCCAACTCCCGGGCCCACCGGCTGCAAACCAAATCCCATTTCAGTTCTATCGATCCGGATGAACCTCCCCCTCTAAGGGAAGATAGAGTCGACGGATTCCGGACCAAATCGGGAGTATTTACACGGGCCCCATATTTGCCTAGGATCCAAGAACATAACTACACAACCAAGGTCGCTAAGGGTGTCACTGTGAGGTCCGGTGTCACATCTCTGTGGTCCAGCTTCTGCATTGAGCAGTGGCTCTGTTAAAGCAAGGGCTGCCACTATGACGTTGTGAAATCAACGACTACGGCCTGTCACCGGGTGTGACTGGACCAGCCGAACACGAAGATAGCTGAGTAACAATTACAGCAAATTAGGGGCGAGATGTCACATCCGGGTCGCGAAGGCAGCCTGCTCTTAAAGAAGGGCACGCCGCATACGAGGTCTTCGGGAGAAAATTCGCTGGGTGTGGTATAACAGGGTAGGGAGGGATCCCCTAGTGAGTGGGGTATGCGGTATACTGTGCCAAGTGCCTGTCAGCCCGATTATCCTATGCGAATGTCGAGTTGCTTATCACTAGAGTTTTCTCAACAAAACTTCACCGGTTTAGGGATCTTACCACTTATGTCATGGGAGAACTGGCCAGTAACTTCATTATGTCATCTGAACTTCGGAATTTGCCTTTAAGCACTTGCAGGAGTAAGAAACAGAAAGACGAGCGACT,1063,48.64,Arabidopsis thaliana
SEQ_209205,CCATGCTCCCTTCTTATGTTCCGACGCATCCTGGCCGCACGTATGGATAACCGGGCGGGACGGCGGAGAACCTGATACCCTCATTACCTCAATAGTAAAAGCGGGATAAGGTTACAATTGACTTCTACTTGTAAGGTTTGCCGTGCGCTCTCAAGGTTTGAGGTCGCTCGTGGCCCGACGCACATATAGCAGGTGCAATAGACAAATAACACAAAGGTTTCGTATTACGCCAGTAATCCCTCAGGGCTGGGGAATCGTGGGTGTGACTGCGTGGCGCGACGTGGACCGAGAGGGCATCTAGCGGACTCATTGCCTCGGCGCTACTTATCTACGCCCACATTGTAACCTCGAATCTTTAGACTCAGAAAAAACACAGGAGTAAACAAAACAATCAGCAACCTTGACTGGAAGATGCGACTAGTACGAAAAGTGGTATAGGTGCACTTGAAATATAAGAAAAAGGAAGACCCTGATTCTGCTGACTAGTACATAAGATACTGATTCCTAGCACGATGAAATGGGGTCCGTAGCTGTCGCGTCAAACCATGAGCCGGCTTTGCCCGGCGACCCAGGACCCCATGCGTCGCGTCTCGAGTGCGGGTCTAAGGTAGTCGAGATGGTTGAGTCTTCAAATCTTGTATAAATAGATACACCTTAGTCCGAGACAACTATCGGACTTCTTCTTAGCCTCCCCGAGTTCATGCCGCCGCTATGCTCCGAAAAATCATTTGGAATCTGCGTTCTTTATAATAATCTAAACTCGGTGGGCCACCTTATACCCAAAAACTTTAGTTACTAGTTTATCCACGACGTTAAAACCGCGTTAATACCACTCCCCCATGCTATCGTCAAGGGTCCTAGCTACGCAAGAACGGTATCCATGTTCGAAGCACGCGACATCCGCGTAGAGGAATGCCATAAGTTCGTCATAATGTACAACAACATGTATTTGTTGACCACCTCAGACTTCGTATGTACGGTATACATTTGTTAATAGTTAGGCAGCACGCTGTGACACGTGCCCTTCTTGTCGATTCGTGCTTAACAATCTTGAAATCATTCAGTACATCCTATGTACCACCCGCTTGTGTTATCGCCGATTACGTGCAAGAAGTCCGATCTAAAACGTACGAGAGGTTGCATATTGAGCACCTAAGTCATGGTTGAGGAAAACTCAATCTCATTACAGTCCCTTCTTAAAATGACATCTATACGGTGCCAAAAAATAAAGGCGATGTCCCCCTCGAGACAATAGCTCCGATCACAATCCTGCACATACTGAAATTGCTACCGAAATAATTCTTGCCACTACCCAATTTTCGCCGCATGGCGAACACGGCAACATATATCAGTCGCTAATGAACCACGCGCTAGCAAAGACGGGCGTTAAGGCTCGTCCCTCGTCTAGTTTCTCGACCACCAAGAAAAGTGCTGCAAGATTCGAATACTCATTCCTGCAGTCCGGTGCGGAAATCGCAAGACGAGCTTCCACCATTGATCAGAGTAAGTGAGGGCAGCCCCAAGATTTCTCCCAATCCCCATCAATCCTTCACCTTCTCTTTCCCAGCGCGGGTTCGATGTGCATAATGACTTGTGGTTTTCAGAAGGATCATGGCCCGCGAGACCAGGTACCGGTACCCCGAGCTAGTTGAATAATCTTTCTCAGAGTTCACGGTCTCGGCAATGTAAGGTGGAGCCTTGAAGACTTACCACTACGTAGATCACGTTTATTTGACGGCCAAGGACCTAAACGTCTGCCTTTGATCCGTGACAGGACCGACTGTCGTAGGAGGAGCTTTGATGACACTGTATCACCCCTGGTCCGACT,1828,48.19,Escherichia coli
SEQ_157684,GAACAGTGACGGACCGTAAAAATGGTGAATGGAAGAGATTTCGAGAACCACCAGTGACGAAGAGTAGGCTCCGATAGCTGGGAAATAGTTGCCCCCACTGGAAGCGGAAACGGCGAGCGGCGGGCCGAAAATTGGGCGAATTGGCACACTGTCCGGGTAGAGCACAATCTGCGACCTGATACAGGGCCTAATTCGTCTCTAGTCTTCCCCACTATACTTCATACGCAATGCCCCGATCTAAGTTTTGTGTACCGGCGTTTGAAGAGCGTAATCGTATAATGGGCACTTCCGCATTCCTTCGCCCTGGTACCGACTACAAGACTACGATTAGTGTCCGCTGCCTCGATGTCGGTGCAATATTGATCCCAGGTTAAAATAGACGGGCTTCTACCACGAGGACAGTGATAGAAGTAAAGCGATCTGTACATCGGAACCCGATACCACGATTATGAAGAACTCGAGCGGCCTCCGTCATGTCATATACAGACGCTGAGCTAGCGCGGGGTTGATATAATCCCAATCTGCATAACGATGCGCTACCTGCGGAGGGACACAATCGCCACTCTAGTAATTCGGTTGCCCCGACCCGGCTAATTGAATACATCCGCTGGCATACTTAACCGGAGGCCCACCTAGTACTCATTAGACCCTTAGTCGTTTGCTTCAATAACATAAT,676,50.59,Saccharomyces cerevisiae
SEQ_527614,CCTCCCGAAAAGGACATCCCGATTGGTTTATTTACGATTGAGGCTTTTACCCGAAACCTGCAGGAGTTCATCGAGTCTCTAAGTGTTTCTAGAAACACACCGGTATCGGTGAACTAGCAATAAATGCGAGACCTACCACATCACCTACGCATTTTTTCTAATCTTTTTGGGAGAACGGTCGCCAAGCCCGCAACAACGGCGATGAGATCAAGCACACAAGAAGCGTGGGCGCTAACGGGTCCGACTATCATCTGTCAAACTACCCCCGGTCTTGTTCGGGTAATGCTGATTTGAGCAAATCCACCATCCTTTGCGCGTACTCAGCTGCTCCCTCGACCGATGAGCTAACGTACCGTGAATTGGAACGCACCCATGAGGCAATGGCCCTGCATAAATACGGCAAAGTGTTTAGATGAAACATCTCATCCAGTGCACACCGGTCCACGCGCGGACCCGCTATCTAAATATTGACGGTAAATCGTTCATTGTCCGCGTACAAGTATTACTGATCTCACTTAACTAAAATTGAAATCTCATTTGATGGAGAATTTGCATTGGGACAAACCAACCCCTTGGGTGGCATCCCCACCGTCGGACGATCGAGCCAATAATGATATAACTAATTCTGATTCTTAGGCCGAGGCATGTTCATTGTAGCGTACCTAAATTACCGCACCCTTTGTCCGCGTAGCCGCTGATGCGCAGTACGTTCTATATCCTATCCCCGGTGGACAAGCCCTCATTGCAGGACAGACGCATTAAGTCATTGGTCCACAGACTTGCCTCGGTCAAGTGCAGGGCTCGATAAATTGTGACCTGGGACGGAAATGGCAGAGATGACCCTTATTTCCAGCGGGTCATCCCTCGAATCTGCCTATTACGACTGGGTGTGAAAGGAGCAGGAGAGGCGTCTTTACCCTAGTACTGAGGACTCGTCAATGCCTTAAGTCTACACCCTTCGGGTGGATATTCCATGATTTGTTCCCTACTAGGTGCTCAAACGACTTGCAGTAACCCAACAGCAGCTATCTCGGTCCTGTCATCTCCTTGTATTCCGGGGGGGAGGTTGTCACCCTTCTGAGGTTTTCGTGCCGCGAAGTACTTGCGTCGCATCCACTTCGGCGAGTTATCATCCTGTGGACCAGACAATCTCGTCCATGCTGCTCTGTCTTGTCCCGTAAGTTACTGATTGTTTCCTCATTATTCGATTGCACATACCGTAGTGGATGAGGTCGTACTTAGGGGGAGTAGGCCTGGGGGATCATATCAATGCGCTTGTGTCCCTCACTCATGCAGCTCCTGAATTCTTTCATATGAGAAAGCGAATGGTGTCCAGCGAGCTATGAAACCATACTGTGGGCATGCCAGAAGGAACCAATCTTGAACGCATCAGGACGTCTTTCTCGTTATTGGGGTCCTGTATCGGGTTTGGGGGTTTGTAAGGTTGGAGCTCGGGATGCGCGTGTACTTGCCTGACTCTGAATAGAGTGGTGTCAGTTCAAAGTTGGCGATAAGTTGTGGATGA,1525,49.51,Escherichia coli
SEQ_482082,GGACCTGTCGCTTCAAGCGAGGACGTAGTCAACGTTTCGCAGCGAACATCTTATGATAAAACTACTGAAGCTGCCATCCCAGGGATGCCATAAGCAGCGGTCTGGGGAGGTTCGACGCTGGAACTCCACCAGCCGCAATTGCGATGGGGCTTAAACGAAGCTCATAAGCCGGTAATGTAGACGCTATGAGGCTTACATAGACTCAGTATCGGTCGCTAAGGCAAATCGATCAACGGTAGAACCAACGACTAGCGGTGTTTAGTTGCACCGATTCCTCTCCGGCACGAGCTCGGTCTGGGAGATTAGTTTGCGTAGGAAAAAACCGCTCGTACAGGTCTCTCAGGTGCGGTACTGGTTGACTTTCATGACTTGCAATGGAAGTCGCGATGCGCTGCAACGGTACCGCATACGTGGATGACATATATATTGACTCCCATAACGTTTAGTTTCTTACTTCAGCTCTTCCATCGTGAGTAAATTGCCCGCTGGGTGTGATGTGGCGCCCGCAATGCTATATTATACTACCAAGCAACTGCTACATAGCGTTCTCTTGGAATCTCTTATGTAGGATGGGTCCCAAAATGAGTGTCCGTCGAAAATTACTTAGGCCCGTAATCTA,619,49.43,Drosophila melanogaster
SEQ_329478,GGGCAGCTAACCCTAGAGGAGGAACTAAAGGCAAGTGAGGCCACGAAATGCTGCCCACAGTCCACCCTAATTAACAGCTTAGACCGCAACCGAAAAAGCAGCGTATTTTAAGAGTACAAACTTGTCAGTCCTGATTGAGCTACAAGGCAGACCCCCGGCAAGGACGCATTCATCACTAAATGTTCGCCAGGTAGCCAGTAGAACGTCGCAATCGTTTTGGGGAATATCTGGGCTTGGTCTGTTGTTCGCTGTCTTCTGGACTTACAGGCGAGGGGTGCTCGCTGTTGTCCTCAGTGAAAGCAGGAAGCCTAGACCTTTTTGGCAATGTGGGCTTAACGACTCCCCGGGGCGTAAGCAAATGCGTCCATTGGGGGGCCTTAACCCACGCTCTGGGACGTACTTCATGGAATTCACTAGACCTACCTGGGCGGGTGGCGCAATTGCGACCACGGTCTTTAGAAACGTAGCTTCTTTAGCTGGAAAAATGAGCCGAGACGTTGAAGACCAACGCGTTAGCTTAGGTAGGCCATTGCTTAGTTAGGTAGCCGTCCTATACGGGAGCACTGTACGGGGGCAGCGGAGTTCATAGGCCCGTGATGTGGGTTCCGTTTCGCCCGTTCAATGCCGGAAGTGCATAATTTTACCGTGCAATGGATTGGTGGAAACCACTCTGCACTATTCGAGCCAACTACCGATCGCGGGCGGCACAATCCTCCTGACACCGTTGTTCGTATCTGAACTGAACAGGCGGCCTGTCATGGGAAAGTGTCACGAGCGACCTTTTGAATATTCTCCCTAAGTCAGCCGAGCAAGGCCGGAGTGGTGGTTACCAAAGGAGCTAAAAAGCAGGCGCCAGCCCTGTGGGGTCAGGACAGTAGAGAATGCTGCGTTGTGTCGAACAAGTTGAATCGTTGCAGTAGATGTCGCCGCGAGTATGGCTAGTCACATCGTACGCAACCCCGTGTCTAACCGGCAGGGGAGGGATTATTAGCAGTCCTAAGATAGACAGGCGCGTTCAGTTGGTCCGGAATCTGATCTGCCGACGGCCAGGTTACCTCAACAGACGTGGGCCATGCCATATGTCGCTCACACGGTCGTGACCGGTGCCCTGGGTAGGATATCAGGGCGTGCGTGTCAGACGAAGTTACACTGTTGATAAATACGACAGTAGGGATAGGGCTAGTAGTCAGAAAAATTCGTCGGAAATTCAAACGGCAGAGTAGCTGAGACAGATCGCGTGCATCGCTGATGTCAAGCTCTTCGCAAAAGGAAGCGGGACAGAAAAACTACGTCTGATTAGCTAGCGATGTGGGCATTTTAAGGTTTAGTAAAGCGATGTTGTCTCGGCTTTCCCGGGTTCGCGTTTGACATCTTCACGCGATAGATGGTGGCAGTACCGCTACGCTCGGGTGAGTAATCTTCACTGTTGAAGATGCGGG,1439,52.61,Escherichia coli
SEQ_208174,CGGCCGTGAGCTACGGGGTCTTTCCACCGGTGCTAGGGTCCGCGTAGTTAAGCGAAGCACATTGCCGCTGTTTCGGTCCGCTCTTTGGCATGTACCTTCACGCGAAACTTTGTCAAGGTATACGCCTAATTTCTCCGGGGCCTCAGTCCCTTCATCATTAGTGATTACCAATTCGAGTGGACGTCGTACAATCTCGCTCGAGATACATATAGATTTCTGTAACACATAGAGCAATCAAACCGAGAGTTACTTTCGTCTGACGGGCTCTTAGTGGACGATTTAAGACGTGTGCGAGTACAGAGCCTTGAGAAGGCCCCTCGCCCTTCGTAAGAATTAGACTCCTCTATTGCGGTTCAAAAGGCCTCACCCCGAGCGACGTCTTAGATCTTCCAATTCTCGTGGACAAGGAGATGGGGGGGGGACACTCGTCAAATACGGACCGCTTAGGAGCAAGCCCGGGTGGTGTCCAGGAGGCTTGATCGTCCTTTAGGTCTGGGAAGAGGCCAATGTGATCGCCTGGCTGCAAAAGAATTGAGCGTACTTACCACGCGAGCGCGACGAAACTAAGCTGAAATGGGTACTGCTGACGCAGATACCAGACACATGATTCTGGTAGAGGGTACCCCAAAAAACTAGCCCAAGCGATCCTGGGCTATGATTACCGGTACAAATCCCGTGGGCCTATGTGCACCTCCCTGAAGAATAATCGTGAGAGTTCACCTTGGACCTTAAGTCTCCATCGTGTATCCACGTTAAAACGGAGGAGGGTGATGTCAGGTATCTGGGGACCTAGCGCCGCTGCTCAACGAAGTTTGAAGATGCTTATGCCTTAGGGCTGTTCACGCGCATTTTCATTGTCTAAACATAAGTCGCTCCAAAAGAAACGTAATCTTCGTTCTAGGTATATAAATCGCCAAGTGACTACTGTATTGCCATTCTGAGGTTTTTTTACACAGGACCGCTGAAGATCGGATTAACAGTTGTAGGCCCAACGGAACTTCCCGGTGAGACTGGGTTATGGTCATTAGATTACCGCAATTTCTTTATAAAGGTGCGCAGCATTTTTACGAGCCGGAAGGGGTTGGAGCTTACGTGGGAACCTTGTTGTAAACCTGGTTGCTACAAGGAAAACGGCTGGTAGAGCAGCCACCTCCTACTGCAGGCACGAAAACTGTGGATCCTCGGTTGGTTGCTAACTCACTATCGTGATACTTTAGTGATGGCGCGCAATGCTGTATCTTATCGGATCTTACCAACAGAAATTAACGCATAACATACAAGAGGAGGGCGTTTCCAAACGTATGAGATCCTATGCAAGCCACGTTCGAGAGTCGCATTTGTACCCCCTCGCCCTCCAGTGCTAACGGTGCTTCACGCTGTGCCACGATCCAAAAATTTGCCCCTAACGTGGCCCTGGGCACTACACTGGAGCATAGCCTATGAGCGAGCGTACGGAGTTTAGTCAGCACATAGACCGGTAGTAGCTTGTCATACAGGCGGAGTGGTACAGATGGTCCCGCTTGCCCCGTCGGATTGATACTTGACTTGAGTGCAGTTTGTGTCCGAAGAACATATGATGGAGAGAAATT,1589,50.03,Caenorhabditis elegans
SEQ_693329,ATAATCGCCTTTTGACGTATCCGACACATCCCGGGTTTGTGTAGATCACAGCATAAATCCCATTAAGAGTACAATTCCAAGCGGCTATGAATCGGAGAAGGGTCGGGGAGATACCCGGCAAATGATCTTTGGCAGCACTCGAAACCTAGACGCCTGCAATCGTTAGCAAAGGTTATTCGAGATGTCGAAACTAAAGTTTTACTACCCATCTCAACGAAAGGAGAGTGCTTGGTCTAATCCCCGACGCTAGGCTCGTGTTACTTACGGAAAAAATTTGAGGTTGGTGTACCCATGCCAACGAAGCCGGGCTCAATCTCCGCGTACCACGAGCCTGGTAAGTGAGACTCTAGCCGTGGTCTCGGAGCTCCTTCGCTGCTGGGATGACTCAGAGCGTTCGTGAAGTGTTGGAAGTCTTTCCTTCCAAAACAGCGGGAGACCGAGCATCGCGATCGCGCAATCGAGGCACAGTCTAGATGTACCACGACCTGAGTGCCATCTTCGCCGTCGAGGCTGT,514,51.36,Mus musculus
SEQ_607901,ACGCTGCGGGATGCACCGATAATGCTAGTGGATCACCTTGAACCCACCTGAGAACTGCATATATGAACCAGATCCTAAAGGGAGTAATCCGTTTCAGCCTTATGTATGGTAAGCTGACAAACACATTGCTTGAGAACGCTCCGTTATGTATAAGCTCGCACGGGGTGTATGGGTCCTCAAAGCTGGCGCGGTACAAATCTAGCTACGGGTTACTCACGTCCTTGCCCCGCCTCTAATTGTGAACTGGCGCCGCTACCCATAGACATCCGGAGCGTTAACTAAATGCTCTTTAGCTTCAACACCTGAAACCCGCTTTTGGCGCCGCCGCTGCGACCTTTCCGAGAGCGACACTGCTAACCAGAAACTTAAACAGGAGACGGACCAGCAACCTGGTAGAAAGAAAAATCGGGAATTTTTAATCTTCCCGTGCCTTCGCAGCTGGTCTCTCCTCATCTGCTGGACGTTCTCTTAACCCGAATCGCAAAAAAGCTCATTGGTACCCAGGCGAAATTGGTTGCATTAAGCTGCGTAACGCATTATTACTGCTCTGCCTCGAGGGAGTCGACGCGACTACATATAGTGGCGGGTTCCCTGAGGGCACTATTTAGTACTTGAATGCGGCTAAATTAGTGTCTCCTAGGCCCAATGGTCGAACTGCAAAGTAGGTGATTACGACACCTCCTCCACTCAAACTTTAAGGTGTGGATGCCGTGAGTACCGCCTAGTGACTTAGCGAACTCTGTTCTGAGGGCTCCGCTGATGTCCTGTGAACTATTACCCCTGAAGGACTAATACTAGCCTGTAGCTCGATCCTCGCACTTCTGATAAGGACATCTCCCCCCAGTCTACTCAAAAAAACCATGCGCCGGAGGCGAAAGTTACGTACGTAATACTTATTAAGTGACAGGATGTCGGCAACAGAGCGTTTGTTAAAAGCCAGATTGCTGGATCGAACGGGCCTGATGAAGGCTCTCGCCGGGCAAGGTCGGGGCGATTACGGCGTCGGGCTCTCGCAACGTGTATCTAACATACGATAGATCTCGGAGCACAAGATGGTTAAGGGCCCTAGGATTAGTAAACGCATAAGGAGGCGATCCCTATGGCTTGTCATTGGACGCGGTCAAACGACTTCCACGAAATGCCAATAGGGAGCTGACCCGAGCTCTGATTAATTCAAGAACCGAC,1185,50.46,Caenorhabditis elegans
SEQ_464179,TCGAGTGTTATTGCTCTAGTTCTATACTTGACCAGATGAAATGTTGGTCTCCGCTTCCATCATGCAGCTGCTGGTATTACAAGCTGTGGGTTCTGTTCCGTTTTATGAGATAATCACCTCGTATTGAAGAAGATAATCAAGCGTAGGGGGCCGTAAACGATCGACGGGATTTCCTTAGCATGTAGTGTAAACAAGCTATAGAGCGTTCATGCTTCATCCCCATCAGCGGGTTTAGCGACAAACAAATAAACACACGCCAGGGGGGAAACTCCGTAGACTCGTAAGTAAGCAACGTCCTATTTTTAATCGATCATCTGTTGAAACTTAGGCCGACTCTAACGTCGCACCGGAACGTCTCTCACCGGACCTAGGAGCTATCGCGTCCGACCTAAGACGGAGTATTGTAGCACTGAGCGCGTAGTATGTGAGAATATGCTAGTGACAAGAGCTGCTTGGTCAAAGGCGTAGCAACGTACTCTGGTTTTCGCATGACGTAGTTAGGGGACTTAGTAACTGCACGCTAGGACCAAAACTTATACGGTAGAGGGAAGATCATAATGAAGGGCTGATAGCCGCTCGGGCCACACCAAGTCTAATTACAAGCAGGACAGTTAGACGTAAAAACTCTGCAAGGGCACGCCACCTTCCCATCCTAGTCAAGCCCTAAGACTTCATAGACTAAGCGATTCGGCAGTCTCAGGATGGCTCTGGAAAGCTTACTGCGAGGGCCTACAAGCAGTTCAGTCCGCGTTCGCTAGTGACGCTAATGAAGATATAATTTACCTACAGACACTATGGAGGGGGCTGGATAGCCATGCAATGAGCGTCTCTATCGAAAGGCTAACTACCTCGAGCCGAACAACCATAGGTAAAGAAGTGTAGTCGTTATTCAGTCGCCTTGACTAGGTATTATGTACGCAAAGTCCACTGAAACCTATGGAACGGCAATTGGGGTCGCTTTGTTTATATAGATTATTCTATTGGGAAAGGTTCACCAGCAATCACTCTCGTATTATTGGATAAACTGTTAAAGCATGAACACTTTGAAGCTATATTTAGATATCAGGGCTTTACGGGTCGAAATGTAGGCACGGCTACCCATTGAAAGAGTAGGTTAACCTAT,1123,46.13,Homo sapiens
SEQ_476912,GAATATTATTGAACGCCTGGCACTCTCTTAGCGTTGCCACAAAACCTTCGCGATATGATAGACTTGGCATATTAAGGCGTCTTTCAAAAGATCAGTTCTTCCTTTTACCTCGCTAAGTTCACCAACTATGGGGCACGACGTGGTGGCCCCGCTCTAAGATGATTTAAATGCAAGATGCGATATCGAACAGCCCCCAGGGTATTGCTAACTCATAGGGCGACTGTATACCCCTCATGGAACTACGAAGTGACCAACCTCTCTATTATGAATGCTATTCAAAAATTATTGGGCTTGTGCTTCCTGTAAGGTTAGAATACTAACCCTATTCACGGTAAGAATGACGTGATTAAAGTTCCTAGCGAAGTGAATCAGGGATTGAAGCTCAAATAAGGGACGATTCGCTGCCACGCACCTGCGACTTACGCAGGCTATCGAACGATATCAGAAGTCACCATCCGGGAATCGACTTAAACGGTCTTGGGGAGGCGAGAGTATGGTAGGAAGACTTTAGTGGTTGCGAGAGATGTTCGGGGCGTTCGGCGGCCGCGATGTTGTTATGAGGTGTATGAACCAGGGTAAAGACTATCAGCGATATGCATTCACGGTTCGGTTCATTTGGTGTGCGGCTAAGGGACGCAGGTAGCACTGGTCAAACGTGATGGGATAGAAGGACGCACACATGTTGCCGACAAGTCTTTCTACTAGATACGACTGGTCTCGGCCATACTAACTACCTTGGAGGACCGATTTGTTCCAGTAGATTGCGGATAGGTGTCAATCCATAGAAAGGGTCGGTTCCCCCTCTATACGTGGAACCTTTGGACCTAGGTAGATTCGGGTGTCGGAGTATATGCCAGGACTTAGCCACCCTGCGACCGGAACTAACGGAAGGAGAACTTAATTACTACGATGTCTAAACTGTTTGTGCGGGGGATGGTCACCGCTCCTTAGTACAGCTGGAGCAGGATACATTCAGACGTTTAGTGCCACCTTATGCGCTGTCCGAGATGAGTATGAATGTACGCAGTAAAGGTGAACGTCCACAATTACGAAGAACATTACATGCACCCAACAAAGTCTGGTCCGCTCAAATCGCGTCGTGCCAGTGTTAAGACGAGTTAGATTAGTAATCCCGGCACACGGACAACTAAAGTTGAATACAATGCACTGGGGGTCATTCAACGCACGGCCCACATGGCAGAGAACCATTCAGCAATAAAGACCGGAATGGGTCGCATTCCGCGTGGCGTGCATGGTAGACGTTGAGACAGTACCCCGAATCTCTGTAGGAAGTCCTCTCACTACTATAAAACGGTTCTTAGTGCAATACCAAGACGTTTCTGTGGCTTTGGGGGCACACGTTTACATATATCGAATGGCGGTTTTTGGAGAGGGCGTACTACCCTGGCGATTACTATTCTTCTATCAATCTTGCCTGCGCATTTGACGGGAGCGAGTGTCGGAACACTTCGACCCAACTTAGTAGGAAGATTGTGTCAGCTTGGCGACCGGAATGATCCATTACGCTTCGTCGGGTTTAGGTCAGCCTATGCCCTAATCGTATGTAGCGAGGACTATAAGATCGGGTCTAAGTCTGCGGGGGCATCTACTCTTCCAAAGGCCGTAGGATTGTCGTGTCCAAAACGTGAACGCTTTATAAGAAACATCCTCTGGCACAGCTATCATGGGTATGAGTATGGCCCCTTGCTACGTGAAGCGCGCAAGCGTCCGGGCTCTACACTTATTGCAGTGCAGGCTACACCTTTGATGACTTTTT,1777,48.62,Arabidopsis thaliana
SEQ_548576,CCCCGGCTCGTTACTGTGGCAACGTTTTGAGACCTGCCCTTTTTTCCCAAACAGGTCTGGGACTAGCCTTCAGCCTTAAAGCCCGGTGGTTTTTCTACCCCTCGCAAGCGGACCACACCATTGGACTGGCTGTGTATTAAAAGAGTGTCTGGCTCACGTAAGCTTGCGTTAGGAGGACCAATGAATTCCAGCCCATCCCCTGCATAAGCTATATTTCATCGGGCGTACCGACTCTCAGCGAGTGGTACTGATGCATATGGGGTGGAGGCGCCTGGCGGTAACGGTTGCAGGAGGTCCCAGCACACTTTTAGACGGGTCGGCGGATCCATGTTGTGCGTTCTTTGACCCTTGACAGCCAGCTAATGCGCTAAGAGGACCCCGCAGCTTCCAAAGTAGAACAAGACCGGCACCAAGCACTAAACTTTGCTTGATAAATAGGCATCGCGATACTGTAGCTCGTCCGCGGATTGTGACTCTGCCCCACCCGCACCCCCACTCGGTGGATTCTCTGATGTTAGGGGGTTTATCTGGATTCTCCGAATTTTTGACATCTCGCCATTGTTAGGCATGCGGGCAACCCGTGACCTCTCTGAGGACACTTCTGGATGGCATCTTTGTGACAACAGACAGTGACACGCAACTAGACTACCGAACCCGATCCCATCGTGATGCTCGTCGAATGTAGACCCAACTGTTATCTCCACACTGTTTTTCGTCTGTTGACACAGCATTACTTTATGACGCGCGTCTACACTTTCGTGCGGAGCAGATTACGTGGAGGTCCTAGCCGCTTGGCTCATTCCATCGCAAGACAGGGATTTGGCTGCCGTCGCCAGATATCTCAAGTACTCCAACGATTAAAGATAGTAGCGCCTTAATAGAACTCTTTATGTGTCTGAGCGCAACTGCGAACGTACCGACAACCTGTATCTGTGTCGAGAACAAATTTGTTTAGTGAGACTAGCTCGCCTATTTATTGACTCGGATATCTTGCAGTTGACCCCCAACCTACAATGAAGGTAATGAGACCCAGGGCACATAGGAACTAGACGACAACCATAGCACAGTGGGGAGCTTTCCGCCGTTCGCTTTGGCGCGCACAAACACAGAGACCTAGCCACTAGGGTCAAGTAACGCCGTAGGGCCGGCCTACGACTAAATCTACCAAAAAGTTTAGGTGGATCCCGGGCGTAACCACAGACCATGTTGGTAGTTTGCAGGCCGAATGTCGCCTTGTACGAGTGTCTCCCCATGTTTTCCGAAAGCGACCCAGTCCCCTAACTTGAATCTCGATGCACCAATTTTCATATTTATGGCCGCTTGCAGCTTTCGGCGAATGCCAAATTGGAAC,1351,51.44,Arabidopsis thaliana
SEQ_906086,GGGGTCCTAGGATTCGAGGGGTGTACAAATAGAGATACAACACCGATTCCTTCTTGTTAAGATGCCGGCCTAGATCCTAATCCTCATTTCCAGGCCAGCTTGGGCGTATAAATATGAAGCCATTTCATTTGGGATAGCGCGAGATGGTCGCCTCTCGCTACTAGAATGGTCTATTAAAGCCAACCATAGGGAAGCGTGTAGATTGGAATCACTTCTAGGCCAAACGCGCTCGGGGCCAGTACCGAGAAGGGAATAGAATGGTTTTGGCGGTGTTCATCCGGCGTTAGGCAACAGCGCTACCATCCTGGCAGCTGTGCTGATCTTTTGCATGGTATAATCTTACAATTTCATCGTTACGACACTAGTGCTAAATTTGGAACACCCTGGGGTGCGTTCTAGGTTGCTCCAGCAAACGTGGCACCGGAGGTCCCTTTGCCCTCCGGGAGTACTGCAGCATAGGGAATCGTTAATCTGCAGTCAATACGACGTTCGACCTCAATGGGATCGCGACATCGTCAGGATGATGCTCCATGTTTTAAATGGTGGTTTTATCCGATGAACGTGAGTAGAATCCTAACTAAAACAGTCAAGAACAACATCTACGTTACCTAAACAACACGGCAGACCCCCTGCCAGGTGGGTCTGCAGCGCGCGCACTGCTACGCACTGGTTTAAGCAACCACAGGGCATAACGTCCGCATTGCGGGATTGAGTTAGGCTGTGTACGTGTTACTGACTTTACAGGGATGCGCTTATTCTCCGGATGTGCTTCGAAATATTGTACCACTATCCCGACTCATGGAGGACACCAGTTGAATGACCAGCACGCGACTAAATTCGGAACTGACGGACGGCAACTACTTTCTCTCTCAACGTAGAGCCCCGCGGAGTTCAATCCCAATAACGTGAGATACGCACACGTCGCAGGATCTTCGTAAACTAAATTTCGGACGGTTTAAAAGAGTCCTGCCCGGAACGACACAGCCTGTTCTCCTAGACTCACGAAAGGTAACTCGCCGTCACAGCCGTACCATATAGCCACTTCGGCGGCTCACGCAAATCACCGTTACGCCGCGTTCAATCGATCTCACGGAGAGTGGCCAATAGACTAAAACAAGCGAATCAACACGCTTTTAAGGCATTGGTGGCGGCTCGGCACGAGTCAACAGAGGCCTAGACTGAGAGAGCTTTAGTGCCGAGACTGAGTTCCCTGGAGCAAAAGGTTAAAATGATACACTGGCCCTTTACTAGACCGGAAGACGCCCAACGACCGTGTCATGTCCCGTTGTTGTATCATCGGGCCGCCTCCCTCTTGCAGTCTCGATACCTAGGTGCAGATTACTTTATGGGATGGAGCATCCTCTAGGGGTCTCTATATTCTCGATAGGGTGAACAAGCGGTAAAGTCTAAAGACCATGGCTAGTAGTCGTTCCAGAAACCCCAATAGGGCTGGGCGTCATATGAACCCCACGCGTTCCTTTGCAACGGATTCCTCGTCTGCTAAGAGGATCTATTAGATGTTGCTCGCCACAACCGATGCGGACGCAATGAAACTCCCATTGCCATCCTGGCGGCTGTACGGGAGCGCCAGACACGGCCTAGTTAGGGGTCGTGACTAGGGGCTCCGGCTATTTAGTGTTAGGAGTTTAAAATGGGTGAATTCGTATGAACGCGCGCCATGTAGAGAAAACGACACTATCCGAAGGTACTAGCTGAGATGTGAAGATCCGTGAGGCGACGCGGACTAGAGGTGGTTCCTA,1760,50.91,Homo sapiens
SEQ_624897,CGCCGTTCCAGGTGGGATAACCAATCGCAACTTGTAGTCAAATATACGAACCGCTGGCTATCGATGTAACGTAGAAGATGATTTAGGAAGCCTTACTGATGTCAAAGCGGGTGAGGACTCATGGCAATTGGCGACAGGGAGTTTTACTGCGAGGTGAGGTTTTGGAGCGCGTAGTCCCTTCCAAGGTGATGTATCATATACACCACTATAGGTCATGTTGTAATTTTCCGGGGAACGGGAGATGTGCGCTCTCCGGGGAATGGTCCGAAAATTACCTGCATGGCCCCTCGACAGTCAGCGAATCCTTGGAGTTTCCCAGGGTCTGGGGTGTTGCAACTCTTCGGGAATGAGGCGAACCAAACTGGCCCGACCGAACCTTCATAAATGACGAATTCACCATGGCTTCACATCGCATAATTGAATGAGAGGGACAATAGAGAACTCTTTATAGGGGTATGAACGTAGCATTGCGCGAGTCACTGATGGCTAGGATGTTGTCGTACTCCACTCTATACTGTGATCTTGGGAGTGTAGGCAAATGCAACAGGAAATTCGGTCTCTAGGCTTGCGGCGAAAGATTGCCCCTAACCGAGGACAAAGTAAAGCTTGCTTCTCTCAGTTATCATACTGCACTTAGGTTCGGATAGACACAGAACAATGCATGAACCAATATCCCTACACAATTGTACGCGTCCCAGCGGGTACTTGGGGTGCCGGACATTCGTTTCTAGCCGCGTCCAGTCTTTGAGAACTTTGACTCGAGAAGCAAATCCATGAACCAGGTTACGCAACTCCAGTAGGTGCTAGAAAGAAGTTCTATGGGGTCAAAATCACGCCTCAACCCTTAGCGTGCCAGAGGTTACTCCTTCTTGTGAAGTGAGAGTCCTAATTTAAGTATTTTAGTTTTGCTGCAATTTACTTCAATGGTCAGATAGGCAAAATAGATTTCATGCCATTCACGCCGCGCATACAACCGACGATCAGAGTCCGGCGTCCAGATCGAATTTATTTTACCCTTTCTGGCCTCTTTGCGAACGTACAACCAAACAAATCGTACGTTCTAGTGGTTGCTACAGAGAACTGCTTTATTAATAACGCCTACGACCCCTCTTTATATTCGAACTTATTCTAGCAGGTTGCGAACGTTTGATTCAAGCCGGTGAGTACATGCTGATTAACATTGTGAAGAATCGGTCGAAGACAGTATGCAGACTGGCGGGAATACTGTCACTAGGGGACATTATCGCACACAAGGGGGGATTTTACTACATCTCGGGTGATCAACCAAGAAAAATTCGTTTAGGCGAAGATTAGTGAAGTTATACCGTATTAATTTTGGCGCGTATTTAACCAAGTAGAATCGCTTTTGTTTTATCATTGAGTCATCGATGGCATTTCTTGGGGACGGTGCACCCGGTGCTGTGCCACACTAGCG,1435,46.69,Saccharomyces cerevisiae
SEQ_452800,CTGTGGACGCAAGACAGAAGCTTTATCCCATGGGGTGAGGGTCCGCTCGCGAATCACCACTGGATACGTGCGTCGTGAACGAAGGTTAAATCGGAAAAGAGCGAAGCGTCCCCTGTCCCCTCGGAGAATGGCACGCCGATGGGGGGCAACACACTCATCATATTCGTATTAGGCTGTTTCCTCTGCTTCATGATCCACCGGAACGGTTGAGGGCTACTTACTCAGTTACGTCATCCTTCTAGGAAAGTCACGTATAGTAGGCAGGATGCAGTGCTAACGTATAGCGTAGCCAATACTAAGGAAGCCCTAACGTCACATAAATTCATTGTCCATCAGATTTCGGTGTCGGTCCTGGTAATTACCCTGAAAGCCACGGTTCTTACGCGAGAGGAGAGAAACGTTTGTACCACCAAACCCCGTGATGGGCGACTGTCATCGAATAAGTAGCCTTTCTCCATAGTTTCCCAGTCCGAACGCGGATGAGTACGTCCCTAGCTCTTTAACGGGAGGGATAATTGTTAGACAACGTTCAAATCCACTCGGGTAATCTGACCCTTACTGAGCGTCACGGCCGAGGCCGAGTGTATAGGTAAGCGACGGAACCCGTCAAGGACGAAATAGTGTAGTATTAACTCCCGCATACTCTTAAGCTTATGCCCTGAATGATGCTGAGAACCGTTGAGTGAACCTAGCCACTGAGAAGAGCTCTCGCCATTTACGGCAAAGTGGGCTGGTACGTATTAGAGACAGTGGAGATGAGGGTGGCAGGGATCTCAGTCAATGCTACGGGTGTCGTTGCAGCCATACTCGCCCCGACTAAATACTGACCCTTCGATGGACTACAACAGAATCTTAGGGGTAACCCTTGACTAAGCCCTATGAGGGAGACTGGTAATACGTTTGGGTCAAGAATACCATCCGCTGAATCCTGCATAGCGGTTGAGTTGTGCGCTGACTGAAACTTAAGGGTGGTCCCAGGGTGGAATTTGAGTTACAATATGTTCGGGTGAGCGCAACAGTTTGATTATCGACTAGACTAGAATGTGTCCATAGATAGCCATGGTTGCTTATTTATAAGGCAATCTAAGATCAATTGGCTGGTTGTAGAAGAGCGGGCAGCAGAAAGTGTTGCATTCTAACGGACGTGGATGTTACCGAGTCAATTAGATTACGTCAGCGTCTAACGCACGTCACACCTACGGCACCCATACCTAAAGGCTCGACAGGGTTATGAGAGGGCGGGTCTGACGGCTACAGAGCTAAATATAAGAGGCAGCCCCCCGACATAGCGGCTCGAACAAAGGAACGGCGGTCCTAACTAGTGATGAGTAGGGACAAGCGCCCCACGCTTGCTAATGGTATGGAGTGTCGTTGCTATCTGGCAATTCCAGGAAGGCATTCCAAATCTTCTTCATTGCCATGTAAAAATGGATAAAGACGTTATGCAGCACAACTTAGTACGTCGCGCCTTAGCAGAGGCCACATCTTTTACTCGCCGCATGTACGATGGGAACACGTCTGTCTGCATAATCGACGCTTTCGGTCCGGGGCCGGAAATTTTGGCCTAGGCAATGTGGTCTAATCCGATCGTGTAGGCCACCACATGCCTGTGTGGGCCTACTACAGTGGGAAGGGGCCCTGAAGCCGT,1648,50.36,Homo sapiens
SEQ_255118,CGACACGCGCTGGGGTACCTGACGCGTCAGTGATGTTCCGGCTCGGTTTATGGTTAGGACCGTTAAAGGGTGATCAACGACCAATCTTACCCGGACCACGTCCCACTGGATGACCTGAAGTAACTATCGGCTTACACAAACGATACGCGGTGAAGCGTGTTGCATGCCGTCGTCCCCACGCGGATTTGAGGACGTGCTCTCCAACGTCAAACGTACCCTAATCAGGGGCGGTTTTTGTCTTATCTTGTTCATCAAGGATAATAAACCTTCTTCTATACGAATATGATGGTACTCTCAGATGTACGGCGCTCATCTAGAGTCGCTCCAGCGCTTCGGTAACTTGCATGTCGTGGTGGGTTACCTTGTGCCCTTATCATTGATATGGATTCGGCGTACTGTAGGTAAACTCGTTACAGAAGATCTCCGATTCGACAGCTATCGCGACGTGGGCCAGGCAGATGGAATCACACAAGAATCATTTCAACACGGGACAAGGACCACATAGTAAGCATTGATCACAAGGTTGAGCCGTACCGGAGTCATGAATCTGAGACTGTGTATATGTTATGGCTCTCAACAAGCTAGAGGGCGCTACTGTAAGCGATGGTCCTCCCTACCATCTTCGGCCATTGTATGGTTCGCCGAATAGCGCCCCAGACAGTGATACACGTACGTCTTGGTTCATGGAACTGGGTCCCACACTGATGATATTCCTCGCCGCGCTATCCGTGCTATCGGCTTCATGATCTCGCTATGGCCCAGCTCAGTCTTGGTTTAAGGCCTAATCGTCTTCCCAAACATTGAATGTGACCATATGGAAAATTGCTCATGTTAGCGCAGACTCGGCGCCGTTTGTATGGGAGCCGAAGGGAGCGCGGGGTACTTCGTATAAATGTCGCTATTCACCGTGCACGGATCTCGTGCGATCCATCTCTGAGGCTACGGTACTTGTCCCTGAAAATCACACCGATACATAGCGAGGTTTATTTACTAAAACTCAGTGTCATCCGGCCCGCTACAAGAAGCCCACTGTAGATACTGGTGTCAGGAGGTTGACCTTTGTGGCAGACCCGCGGTATCCCCAGATTGCCTTGGAGTCGGGAGCCCCCAAGCGCGAATAAATCGCTTAGGATCATCGCTTCCACTCGTTCAGCCGTGGCGCGTGCTGCAGGAGACTCTATGCTGAACACCTCTACAAGAATGTGGATAGATTGTGTGAGAAATCTACCGGCGTCAAGTCGGCACTTGTTTATGAGCTTAAATTAATCCATGCGGAAAACACATTGGCCCTAGATACCTGTTTACACACGGCATCCGAATAGGCCGTATTCCTTCCTGTGAACTAGGTCGTGCGTTTACCATGGGCGCGCACGTACCAGTTTGATTCTCAGTGGTTGTGTGTCAAGTTTATGGCTGGTGGCTAAACACGCAGGGCACCACCTCAAATGGATGGAACTTGGTGAGGCCAGCAGGTAGTAATTTTCTTTCACGTCGGCCTGCCC,1502,50.87,Drosophila melanogaster
SEQ_109539,CTACGTGGTATGCGCGAAGACCTAGAATAGCAATTGATCGTTGAACCATGACATCGGGCCGTTATACCAACAAGACCACCACAGCGCCCGTTGGTGTACAAGTACGTCACAGTACATGACCGCTGGCCAGGGCTTAGGCCCACTCATCGACGAGAGTTATCGATTGATGCAAGTATAACTTCGACTTGAATCCGACACAAAACGCTGCAGGTGGAAACTTCCCACGGGCCTTCTGCTGGTGATTTCCTAAAGGAGAACCTCAATTCCGC,269,50.93,Drosophila melanogaster
SEQ_749881,CCAACACTGATGTAGTAACGTGGTCGGGATACACGCTCCAGACCGCGAAAACGGCGGATAAAACTGGCAATGCACAATATGAGTGTGGGTAGAGGATTTAGTCAAAGTATGAAATGCTCCACTCGCGCGAGCGGAGAGCCGTTGACTTTACCTATCGGAGAATCGTACATTCCGAGAAGGAAATGGCACCAAGCCCCTGGGACAATCTGCTACACCGCCGAGTGTTTCAATTCATGTCGCCAGGTAACAATTTCAGCAGTTACCGGATCAGGGTGTCTTATAAAATATTCCCCTTCCATGGCCAAATGCATCACGCTTGACGTACAAGTGTGCAGGGTACATGCTCTTGAGTCTATAAATAGGAGTGGCATATATACTACGTTGTCATGTTGTAATAGTCGGTATCCCTCGAGTGTACAGAAAGCGTAGCCTGCACAGGATTTTCGGGAAGGTGTGTCGGTATTGGCAACTTCACTGGGGTGAAAGCCCGTCGCGGGGTTGGATGTCGAGCGTGCCCTACCTTCACCATCCCTTATTGGCTTACAGTTCCGGATCGCTCTGTGGTCAAATCAGCAGTTTAAGAAGTTAACCCTCCATAGTAACCAGCATTTTAACAAAATTATGAGGCTAGCACCCCGCTAGTATGCCTCAAGCACGCTACAAGAGGGGCGATGACATAGGGTAAGCGGTCGTGAATGCACACCTCGCCTCTTCAGGAAGAGTCGCAGCAAACAAGCTAGACTTATCCATCCCCGCTCGGCATTGTGCAACTAGGAGAACTCTATCGTCTTAATTCTTTCACCATGCCCAAAGTGAAGACCGCGGGTTTCAGCCAGCTACCGCCTTTACAACTACTGCAACCTACCTAGTTCACCTGAGTTGCTCCGGAGTAGTCAGGGTAATGAGTAGTATGTTCCTAACAGCAATGGTATAATTATAGAAGTCCCTATATAGGAAGTCGAAACGTAAAGGGGAAAGGACTAGAAGTGGTTAAACGAATAGCCTGCCTTCTATTGGATGTTACATGCCTG,1031,48.21,Caenorhabditis elegans
SEQ_134239,AAAAGTGCGTGGACTGTATAAAGCCGCACGGGATTGCTGCCATTCTCCTTCAGATGGATAAAGGTGAGGATGTATGGGCTAGTCACTACCTCCCGGGGTATGCCATACTCGTCTGAGGAAGCAGATAGCGAGATGAAGAGACGATCGCGGTGTAATCATAGCAAGTGCCTAACGCCGAATTGATCAGTGCCTTACAAGTGTTA,203,49.26,Homo sapiens
SEQ_267201,TGCTGGAGTTAACGTACGTTCGGTGGTTCACGAAATCCAACACTTCTCGCTCTCATACGCTTAAAACGTGGTCTCGCCAGGGCTCTACGAAATTAATGTACGGGTGTTCCTGTGAGGCCCAGCCCGAAAGAACGGTACCCCATTTCGTGTGAATGTTAAGCGCCTTGTGCACCAGCATATGCTCGCGACCGCATCTAAATCCGCAGCAATACCGCGCCCACGTTCGCTCAGGAGAAACCAAAGGCGGACCGTCAAAGGGACTCAGATAACGGGGACGACTGGCATAACATGTACCATGGGTGTAAGTGGTGTGCTTGGTGGCAGTTCTCCGAATGCTGCCTCCGCTCTCAGGCAAATGTCTATCGTGGACTACAGCAGGGGCACGACAGTATAACACTAGCGGGGTCGGAGATGTCCACTCTCTTGAGTTACAGACTGTCTAAGTCTAGGAGCTGCACCCAAGGCTCAAGCGCATTAATCAGAGGGGTCCCAACCCGATTACTACGCATGTCACACACCAGTCGGGCGAACTACTAGAAAGCCACCTTTGGATCCACCATAGATTGAATCCCGACTAGGCACAGTTTCCTCGAAAGCAACATTTCGACGCACGTTCCCGGCTTTTGCGTTTTGTAAACCTTCTTCGCTGCACCGTTCAGCTAGCGATCAAGGGTGGGGCGCCCTGTGAAGATCCGGGAATGCACCGGATTGACTTGTCAAGGGTAGCTTTGAGCCTCCGTGCCGTCTCCTAAAGTGAAGAGCA,763,53.21,Drosophila melanogaster
SEQ_943367,TGTGCCAATCTCGGGGATCAGCTCGTGCATAAATGTCTCGTATGGTGGGAAGAACCGCTATCAACATAGGGGGTACGAACCACGGAACGTCAGTCTCGCACTTAACTATAACGTAAGCGACGTATACCAGGTCAAATATAGCCTTTGGAGCACTACTGGATCTAATGCCACTAGTAACCCAATCTGACTAAGCATCTTTAACTGATGCGAACAGCTATGTCCTGGGACAAATAAGCATTTGCGAGTGCTAGCATGTTCTAACTCAATTGAGGCGCTCTTCACAGCCGTCGTGTTACGACTCACGGGTACCGTTCAGGTGTTCCGATGATGATAGATAGAACTACCAGCGTTCGCGGCTATGTATTGCTGCCGTGCCTTTCGGCTCGTCCATACATAACCAGCGGTGAGAGTGTCGTGAGGATTTTACACCAGTTTAGGACCTTTACGGTTTCTCACGTCCATCATAGATGTTTGCAACGTACCGTAGAGTAACAAGACCTAGGCCGCATCAGCCCGACCTGGTAGCGTACAAAGAATCGCCAGCCGGATAACGATGGGGCAATACACCGGACAGCACACCGCATGTAGACCAGGTCTTAGTATATGCATTTGGTGGTTTGGCCTGCTTCGCGGCCCCTATCTCGCAAAGATGGCGGACCGAGGCGGAGGTGTTGAACCCTTCAGGCGTACTAAGACACAACCACGGGTTAACCTCATGTCACCTGGTTTAAGACGGCT,738,50.41,Escherichia coli
SEQ_891753,TCCCCTGACATAACCTGTGGCCACTTAGGTAGCAAAGACGACTAAGAAAGTGCGGGAACCTCGTTTTCCGGTCTACCTACGTGAGGGCGAGAGGCTCGTTGACAATCTGCGGGAAGACTAAGCGAAGCTGAGGCCCCTGTGTTTCTGAACTGTCGCCGTAGCCTTCGACACTACCTAGATAAGGGTCTGGGGACGGCGAATGGTCGACAATTAGTTGTAAAGCTAGTAAATTGGTCACTGATGGCAGGGGAGTTTTAATTCACGTTTTGCTCATCCGGCGGTGGAGGGTGACGGACGGCCTGTCTAGTCACCGGATAGGCCCATCTCGTAAGCATATTATTATATGTGGAAAGGGCGCACTGCAGACTCTAGAACTTTCACGACTCTGATGACTCGCCGTCATGAACCGGCAAAACGTAAAAAGTGCGGTACCCGTGGGATGATCTAGGTCATAGACGGTAGGCGACGCTGAGTACCGTGA,481,52.18,Drosophila melanogaster
SEQ_611978,TTGAGCACTGGACCAGGGAGCTAGACGCGGTTAGTCTGATGAAAGTTCGACGTTAGAGAAACGGGGAGTTGTGGTACCTCTCTATCCGCATTGCGAGGCGTGAACTCGCAGCGAGAGCCGGAGGAAGCACCAAGCCCTTTTTTCCGACCCGCAGGAGCCGGGCACCGGAGAAGACGCTAAAGCACTGAACGGCCACCTTCGGCGACCTGAGCTTGAGCTCCAGAACCGCAGTTC,234,58.55,Saccharomyces cerevisiae
SEQ_198337,GAAGTGGTACAATGACAGCGAACCGGCGTAGATATTGGCTTGGATTAGTGACTGTCGACGAAGCGTAGACGGGGCGGTGGTAGGTTATCTAGTCCTCCGCTCGATAATCCCTGGGCCATAGTGCGTTAAACGTTCGCTGTAGACAACGATCCACCGAAGCCAGTGCACACCGCGTCACTGGAGTTAGGACGGAATTGACAACATGAACTGTCTGTGCGTTCGCAATGTCTATGAACATAGGACCCGTCCAGGGGAGTAGTCAGAAAGGACATACGAACAGGCATTCCATGCCACTTGCGAGTTCTTGGACGCAAGCCTTGCCACCGCAAATAAGAATAGAAACACGCGTATAATGGCACGGGTGAGTAAATGCCCCGCCTGGACGGGGGCGTAGGCGCGGTACTTTACGAGCCGGAATACTCCGATCCCACCGAGGGATCCAGTGCCTTCAGATGATCATAGAGGAAATTTGTCCTTTCAATTTCCCGTTCTATGCTCTAGAACAATCAGGTAAGTGTCGAGAAGCGGTACCGTACCGATACTGGTCTTCGAACCAGCTCTGTACTCACTTGTGAAATTCTGGTGTAGTTAAAAAACTACAGGTCAACCTTACTGTCTCGGTTGCTACCGCTTACTTTGTCCGATAAACTGGTCAAATACGCATGCTCGTTAAATCAACACCTGAATGCTGCTTGATAATGTAACTGCCGGACTAAATGGCCATACTATTTCATAAATGACCCCTTGAACACCGGTCGGGGATAATCGTCCCTAAAGACGTGCGTGAGTCCACTATGGCGTATGCTGTACTTGAGATCTGCCCTGTATCAGAGCTGTGTTAAAAGAATTATCCGGAACTGGACGGCTGTCAGACATCCTGACGCTAAACGTCCCCGCGACTTGGCCCAACGCAGTGTAGTGCCCAGTCGGCTGCGACGGCGCTGACGAGTATCACCTGCATTCAGATGGCCTGAAAACGTAGAAAGAGAACTTGCTAGACCGCTATACCTTTATCCTCTGATCCATTGCAGTCCTACGGGCGGCTTAATCGGCGGTGGACATTACTCCCAAATATGAGAATGGAGAAATTCTACGGCATGGTGGTCCAAAATCTGAACACTGAAGGACCTGAGTTTGTCGCCTACACTTT,1150,49.91,Saccharomyces cerevisiae
SEQ_845817,CTATCCCCACCCTGAGTTGGTTTCATCCACATCCGTTCTTGATAGGCATTCGGGGCTTTGGCCGCCCGGGTAGATAGAGCCCAGCGTAAATAGTGGTTAGAGTCCATTAGCTCGTCAACAGCACTTCCCCCCTTCAGTCAATTGAGCAAACGGTCCGTATCACTTCCCATAAGCTCCCGCAGGGCGGAGCTGACCTAGCTAACTAATCTCACTATTCGACGTCCTTGAACAACGTCGAGGATCGAATTATGCGGCGTGGTTACGCCCGTGCTACTTATCCTCTGCGTTACGCTTAAGATTAGCGCTGAGATAAAAGCACTTGCGGGCGGGAGAAAACATATAGACACCCACGTTTAGCCATTATTAGACCAGGAATCCTAAATGTCGGATAAGGGGGATTTATCGCATGTACATGGAGTAGGGTCTATTTAAAATGCGTCCTAAGTACTGGACGCGAGGAACTTAAATGGGGTATGCATATGCCCAAAGGCGTGTAGGACCATGGTAGTTACGACATAGTGCTCTTCTGCAGACGGTACATGGGTAAGAACATGATCCAATCGGAAATAAGAAAGAGATTGATCTATGGCCCTTGTTTTCTGTCCCCGCTTTGAAGCTGGGATAGAGCAGGCGGATTTGAGACGAACGCATAGACGGAAAAAAATTGACCACTAATACGAATGCGCTGAGACGGGGTGTAAAGCTGGGGATCGCGGATCTTTAGTCAGGTGTGTTCGCCTATAGTCCTCATCAATCGCCGTAATCTTCCTCGGGTTATTATAGGCTTCTCCTATGCACTCACAGCAGTATGTCCAGTGATCCCCATGGATGCGCGTCATCAAAAGGAGTATCTCGGCCGTCCGATTTACAGTCAAAATGTTTTTTATTGAACAGATTCAGTCTAGCCAGTGCGATGCTTGATCCATGTGCCCTGTTTGGGCCTGCGAGTTGTGTCGTCACGGCGTTTTGACGTCAACGAATGGTTCATTTCACTTCATGTAAGAGCTAGCTATGCTAGTGATGCTTGATGCGAGATGTTTGTAGGGGCAACCTAACAGTCCCGAAGTCGGGCTGAGCACTCGTCACGACCCTTGGAACATATTTGGCAATCACGAGAGGCGCTTCCTATAGTACGCGTCCTCGTCACGAAGTAATACCTCCATCCGCCTCTCTCTTAGCGGTCGCACCTGCTTCGTTGAGTAGCGTCTATAGGGTTTGGCCCAACTCTAATGGGAAAAGCGTATAGGCTATGCAACCACGTTGCATGCACACCCGACGCATAAAGGCCATTCCCGAGAAATTTTTTATATTTGTTATGTAGGCTTAAAACTATCTAGCACGGTTTTCCTCTGATCAAAGGTACCGGATTTTTCCGTAACGCGTAACTGGAAAGGAGGCAACCTCCTAATTCACACGGGCATCCCTAGCTTCGGGGCACAGGGCTACGACCTAATTTAGCCCAGCAGCTACATAATATTCTGTAGAAGCTGATGTCGGACAGATAAAGCCACTAGGGATTTTTCTCCGGAGGAGGAGGTTACGCTGCAAAC,1550,48.65,Homo sapiens
SEQ_145086,ATCCCAGCATCCGATTCGCGGGGTAACAACCTGCCCCTAAGTTTAACGAGCAGGAGAGTCGGTTTTTCATCAGGGCATTTCGACCGTACACAATATACGTCCAGGAGCCGTACGCCAACCGAAATACGTGTGCTGTCGTCCCGAAGGTTATTCAGGATTGTGTCTCCAGTTTATCTCGCTAGCGAGAAAATGGTCTAAATACCGGGACTCGCTCCCCGCAATACGCAACGGTACGTTCTGATACAGTACATCTGAACCCCCGGTGAGAGAGATAATAGTATCCTCTTTACGACTGCATTTACCACTGTCTGATAATTAGACTTAGTGTCCAGCGGGTTCGACCCTTATGGTACATACCAGATCCATTTTAATTGGACCTATGTAACAACGGCTTTGCTACTTTCTATCCACGAAGCATACCGATATTGCAATTGTTGAGCTGTTGCCAATTGAGACAAGCTACATTCTCTCCGCTGGACCCGTATACTTGTCAGACCCAGTACAGGCACAAGCAGAGCAGATCCCGTAACTTTGCTCCTACGTGTCTATGCCGCGGCACGCTCGTCCGTATCAAATGCTGTCTCTAGCGTACGAGATCCTGCCGGGACATTGACCTGTATGTACCAACAAA,631,48.65,Escherichia coli
SEQ_582202,ACGTTCGGACGTCCTAACACCTCTTCAATCCCATATAGATCTATTAATAGCCGCTTAGTGATACTTACTAAAGAAGAGGCCTTTATGTGAGCCCCGATTTGGCCGAACGCCCATGTCGCGGGCTTTGGACCTCACCGAGCGGTAAGGACTGCAACGTAGAAGAAACCTTGTAAAACACCGGGCCCTGATCTATATAATCCCCTAGCGAGTCTGGCCACCATGCTCTCTACCGTGGATACGCGACTCTTACTATCGTTGACAATCTTGAAATTCGTCAGGTAAAATGTTCCAGTCTCGTTTAAACAAATCGGTAGCAAGAGTTGACAGAAGTTTCTTCAGTTCATTCATCCGGATCGTGATCGAGATGTTAATAAGAGTGGGCGTGTTGCTCGGATCCTCCTATTATGGGTCTTCTCGCAGGCTAGAGAGGCCCGCGTAGCGCCAGTCAGTGTTTCACGAATCGTGCGGGAACGTGGGCGCACTACCCGGGGGCCTTTTAGGAGGAATGTCATGCTGAATCATTTTGCACAGGCGCCGTGAATACCCAAGATAGACCAGGTCGGTTTATTTGGAGCGTTAGATCTTCAGCTGTGACCGCGGAACTCTAGATGAATTTGTCGCCTAACTAAAACCGTGCGTATGGGAGTAACGTGAGATTTGTATTGGATCGGACTGTATGTTTAACTCCCATCACCGATCATACTTATCGTTCCGCTACATTGATACGTCGGACACGAGGGCGCAATGTCGAGTCGCAAGGGGCCGCATTCAAAGCAAACACGAAACAATAGTGACAGCGTTCGCACCCGGTTCTGTATGCTCATCCGTGGATACTCCATACACGACCTACGCATCGAGCTACACCTGTGGCATTCCTTGGGGCTGTATGAATCCCCATCTTAGCCGCTGCTTTCGTCGTGAAGGATTGTCGCTCATGGACGATGGCTTACCGGTAGTTTGTGCGTTTTTTAGCATTGGTCTTTGCGGA,988,49.6,Arabidopsis thaliana
SEQ_328145,ATTCTTACGATATCATTCAGGCCAGCGGATCGGACTAGAGCTTCAACTATAGGGCTTCACTTTCAATCCAGAATCAGGGAGAGTGGCTAATTACCGCAGAACTCGCGCACTGTGCCCAATTGTCAGTTGTCGGGTATTGAAAGACCCGGTTTCCCGTTCATAGCCGCATAGTGGTACATGCTCCAGTGGACATGCATACCATTTACTTGGTTAGTGTTCCTCGTCAACCCACGGCCTTTGATAAGCCGTTACCAATTGGTGGACTGGGGCGTGGTTGAATTACGACTGTTCTTTTAAATGTACATTGTCTTTAGCGGCTTAAAGAAGTGAAAGGGTGCTCCTACCATGAGCCTGGTTTTAATCACATACGCTATACTTCACTGCCCTAGTTAGGTTACGAGAGGGATTTTCTAGGGAACTAGGGGTACCCCATAGTCATGGCTAGTGAAGTCTGATCTTCCACATTTAAGAGTTCACACATGACACAGTTAGCGGGTCCCGGTACCAGCGACCTGACGGGCCCCTTAATACTTCGTTAGTAACTCTTAAACACTGGAGCTGCATTCATCGGCCCTTCTTAAAGACATTTCCCGTCGATGTGGTTTGTATGATTTTGCCCATCGTGTAGGTCTGACATGGACTCCCGCGCCTCGACTCGCCGGTTTACGGCGGTGTGCAACTACGACAGCCCGCTTCCGTCCATCAGCCCACGCGCTCTAGCTGAAGCGACCATCCATTCCGAACCGCGCAGCTAAGGTCCAACGTCGTTGCTCAGTTAGATTCCTGGGAGAATTTGCAGTCTACGGAAGTACAGGGTAGCCATCGATATTCCCGCAGAGGGTAGATTAACCGTTCTGTTCACGACTCCTGTTCTGGATTTCGCTATCACTGTCAACAGAT,900,49.56,Caenorhabditis elegans
SEQ_372451,AACAACCCGAGTTCTAACCCGATAATCTTGGTAGTTAAGTCGATCAGTGGGCGAGCTAGAGCATAATCAGGAACACATCCACAGTTGACATGTCCAGCGCGTACATTTAAGTTGGGTCCAAGCTTAAAAACCACTAGCGGCGCTAGTAGATGGCTTCTTTGCAGGCAATAGTCGTGCGATCATAGCAGAAGCAGATCTGCGGAGAATTAGTTTACGAGGCGTGCTTGGAAGTAGCAGTATCCTGATCCATGTAATTCGGCCAAGCTGGAGGTCCGGAGGAGAGTCACCATGGATTGGCCGATAGAATTGACAGATACAACAGGTCCCTCCGTACTGTCGATCCCGGGTATCGGAGCATTCGGTTTCGGATCGCAAGGTCGTTCGGTATAACTATCGTACAGCTTTCGATGTGCGCTTATGCCAATACTCCGATTTAGCTCCTCTCACAGA,450,49.11,Homo sapiens
SEQ_850182,ATGTTTTTATTGGCTGCTGGGGCACTAAACTCCAGGCATTGTCCACCTATTAAAACCGATCTAAGACTAGCTGAGCATCCCAGCTGTCAAGATCAGTGCTTTACAAGAAGAGCACTGGGGGATTATAACGTCGTGTGCAGTGGCACGTCCACGTCTCGGCAGATATCTTCTCTCAGGTAGGAACATCACCTCTACATAGCACCAAAATCGTGCACGATGGTTCACGCGGTCGGAAGCGCAGGTACTGGAACAGAAGTATAAATGAATTTGCTGACATTCGTGCTCCGGAAAACAGTACTAGCGTGGTTACATACTCACTAAAACACACTAGTTCGCTGTCGACGAATGAGAACGACCGGTAATATAGTCAATTCCAGAGAGGGCTCATTCCGTACGAATACGGGTGGACAAGGGAGTGGAGGTTCCAGTCTAGAATAGGTGGAGGTAGATCGAAGCCAGGCACTTGTTCATACCGCAATGAAAACTACTGAAACAGAGAAGTGTAAAGCGGCTGAATACTCGCAAGTATACTGCTGAAGACTATTCTTGACCTCCAGAGCCCAACGGTAAATTCCGTGATCCCGGCTGAGTGGAGGTTGACCGAGTAGCTTCAGGTCCTGGACACTAGGCAGACGCCGAAATGGTTCTTGTTGCGTCTATTATTCAACAGTCCGTGCGCTCGGTTAGATTGGAGCACGATGCCCAGTCCACCACATAGCGGGGTGACATCTGGTGGGGCCCCGATATCATCACCGGTCCGACGCCTTAGTCCTCACGTTCGAATTTCATCACGGAAATAAGGCCTGCCAGCGCTTTGTCACACTCACTGAGCCTAGTGGTGTGTCTCGCATATAAGCCGTTAGGGCGATTGCGATAGAGCGACATTGGAGAAAAGGCATGTATGAGTACGAGGTTGGAAGTTCCCGCGGCTACGTTTGCCGGACTACTCCCTTCCTAGTTCTTTACAACCGGGCACAGTTTATTCTTTCGAACGATCCTGCGTGTGAGCCTTAAAGAGAATCGCCGCAGCGTCTTTAGGTTTCCTACCGAGGATTAAGGCCCAGGAATCCCGTCCTTTCCACCTGTAG,1088,50.18,Drosophila melanogaster
SEQ_790636,ATGGGTGGCAATAGTGGACTCCCAAAGTCGAGTGCATGTGGCCTGGGTCTCGAAACTACCGTCAACTCACGCGCTTGGGGTCTACCTACTCCATATGTACATGTCACTAGCAGGGGTAATGCTGTACGGTTTAACGTCCGGCATGCGTTGCGAGCACTGGCAATGAAGGTCGGCCGACCTTCCAACTAATCTAGGATGACACAATCCTTTGGGCAAGACCCTTCTAAGGATTTTATACTACTTAATATCTGTAATAGCTCATTGCTGACGAGATATCGACCTTACTCTGATTCCTAAGACACTGTCAGCTTAGGATCCCCACGCACGTCGTCAGACGCCTGAGCTCATCTTTATACCGCTAGGAGGGTATTGCGAAAACGGACCCGCTAAGTACTCAAATTCCTACCGACTCTGGCTGAGAGGACGTTAACTGCTCCGAGACGACCCTTGACTTAGATGGCCTGTTTTCAGGCAGTCCATGTTTCCAGTTGCAACTATGTTGGGCGCGGTAATCCGAGTTAGGATGGTAGAAGTTCACATAAGAACATCCGTACGCCCAATTGAGCCTCTGGTCCTCACCGTACCAGCAGCACAGCAGTGGTCCAAACGTGATTAGAAGGTGCTTTTAAAGCTAACCTGATTACTCTATTGACGCTATCTCTACCCTTTGGACTTCTAGAGATCGAGGTAGTGTCGCATTCCTGCCCTGAGACTGCGCAAGGTCTGCCCGAAGGTCGCCGGGGTCGAGCGGACTTACACGAGGGGTCCGGGGCCCACTACGAACTGTTGGGCTCGCATCATCGAAGAATGCAAATCAGTAAATTAGCGTGGGATAGCAAC,840,50.83,Arabidopsis thaliana
SEQ_391497,TGCTACAGCCAAACTACTAAAAGGGTTCGCTGAACAGTAGCCTCGCCGTCTGTTGCGGAACAACGGGGGCGCTACAATGACCTTCCATCCATTCTGTCACCGCACGTAAACAAGCGTCGTTCTGCAAATCCACTAGGTATTAAATGCTCTAAATCCCCATTTAGAGGTAGGCACATCCCGCGGAGCAGCCGCGCCAGCTCTCAAAGAGCCAGCTCGTATCTCTGATTGCGCAGCTGATCCCCTGGTACCCACTGGGACGACGTTCGATCACCAGCTTTGCTTTCATCGAAAAGTATAGACGATTGATCTGGAAGCTTGCCGGTGACCATAGATAGCCGTCACGGGCTTCTTATGCGAGATAATTGTATCCTGACCGATTTCCCAGGCCGTAGTTATCTAATCCACTCCGCGCTTCCAGGCGGGCAATCTAACAACCCTGCGAACCACATTGTGTGGGAACTTTTGGAGAAGGGACCCAGGACGGCGACCACAGTCGTCCTTAGGGTCCCCCCATTAAAATCCCTTCGTGGATACTTATAAGGCATGCATTGGTCCCGCACCTACGGGAACGAGCGATAGGCCAGAATAGAGATCCTCCCAAATGAGTGAATAGCGTGAGAGACTAACAGATTTAATGCAAAAATACAATGTGAATCCGGCTTAAAGCCCGCTTTAGGGCACGAGAACACAGATTTGTTGCCTTATTTAAGCCAGGAATGGGAACGAATGAGGTAAACACCTCCTCCATTTTAGTAACGTGCAAGGGCTAAATTGTTAAGTGTCGTTGCACATCACAAAGTGTTGCCAAGGGCTTCCATAACACCTGCATGCGACAGTCGAAACCAGGCTGACCCGGTGGTGTCAACTGGAAAATTACGCGGCTACTGAGGCTCACTGTAGCAGATGTGGACTCGGGTTGAATTGACACCACTGGAAGCGCCCCTCGGCCGGATTTTCCCGTCACAGGCTCGCATACGGGAGGTGTACGGTCGCGAGTCTGGAGGAGAAACGATTAGTAGGGCCTGTTGCTAGTGCTTCATAAGGGAAGGCCTTTGCGACATGCATGGGCGTCTCTGTTGACCAGGCATAAGGAGCATCTTAGTATGCAAAACTTTCTGACCGGACCCTTACGGAATCATAAGCTTTCAGTTGGAGATGGAGGATGCGCACACCTCCAAACCTAATTGGCTCTCTATAACGCGAAAACCGAACCGCCACCCAATTCGCCCTACCGCCGCTGGGATTTCAATACTGAGAGAACCTTCCTACCGCTCCTACATCATTCTAGTGCGAAATTATCGCATCTTTTGAGCTGTCGACGTCGCTAACCGTGAACCCCCTACGCCGACTGTCACCGCTTAAATCGCGATCTAAGTCGTGAACCTGGATGTTGCCTATAGACGCGAGGCCGCTAGCACGCTGACCCGCGCTTCCTTCAACTGAGTCTGCCACACTCTGGCAGCGGGTTAGATGGGATCCTGATAACATGGCGGTGATCACTTCGGCAGTTGCCTGTTCTTTGGATCATTTGTTCCACCA,1539,51.53,Drosophila melanogaster
SEQ_625069,GTAAGCACATCTCCTTGACGTCTCTACGGGCGCGCTGGAAAAAGGTTCTTGGAGGCAGCACATTATGGTCGCTGCGTGTTGAACATAGTTATAATGAGTCGATCCCCAAAAGCTAGGCTTGTAAGCTTCACAGTACGAGAGAGTCATAACGGGACTAGACACTATAGGAAGTCCGTTAAGA,181,47.51,Homo sapiens
SEQ_779274,AAAATTTACACTCCAACGAGTACAACAAGCCATTACACCTATTGTGCGTTTAGATGCCGCGGGCCGCACTGAACTTAGGGACAGGTGGGAATAGAGGTCCGCTACGCAGTCGGCTTACGGGCAGGTGTCGCTTCGCGCCTAGCTGGATTCAACGCTTCTTCCCGTCTCCCTATCAACCGTGGTCCCACCGTCCCTACAGGACTAATGAAATCGATGTCTGCTGAAATTACGTGGATTCGTAAAAATAATACCCCATTCTTAGACGGTAAGCGGGGAATATTTATAGGCAGACAGTCCCAAATCGGCAGGAGTCAGGCCCATGTATCCCGGCGTACCACAAACGGCTCGTGTTTTTGACAGTGAATTTGACGCGAGTAACAGTCAATCAGGAGCCCGGAGTATCCGACGTTATTGGCAAGACAAGCTCCCGGCGTCGCCTAGTACCTGGCGTTTCCACTCAAAGGAGAACCGCGAATATAGACGCCATTCCACATCAGCGAAGATGTCCTGGGAACCGTTATCGGTAAGACGTAAGTTTTCTCGTGCGTAACACTTATTTAGGTGTTTCGTTCCGCCGTCCGGAATCGCACCTGCAACATTACTT,604,50.83,Mus musculus
SEQ_229012,CGGTCTAGTACCAACCACTAATAACTGATAAGATACCGTGTATATAAGTTTACCATACGGGCTTACAGGCAGCTGGTGGGAGCTACAAGACCAACGAGTTCAGGGCTTGTATTTAGGACTCACCACTCTACCATTCGATGGCAATAGCCAGGCACTAGCACGTTCTGAACTGACCGCTTGAATGCGCGAGCCTACACCGTGAGTCAGGTGTCTTAGCCGGCCAAGCGGGAGTGGACGCCACACGTACGCCCCCTGGCCGCCTACAAGGAATGAAAGCCACGGCCCCAAGAACTCCTTACTGTATACCTTACTATTTTAAGCTTTAGGGCCCAAGAAGTTTCTACCAATACTTCTTCTAAGAAGGGGCCACGATTATGCAGACCATTAGGTCCTGGCATGACAGCGCATCGCAGATCTGATTGCGCTATAGGAAATCGTGAGTATTCTATAGACACGTGTGACTAGGGAAGTGAGTCAACGGAACCCTATACAGGAGACTTTTGTTTGCCGGATCTGGCGAACATGGGTTTCGGGAGGCCTCGGTACCAAAGGAATTTCAGGGCCCCGTGCTCACTCTCTGGCGTGGAGCTATTATAGATTACGCTGCTCCTTCGACTACTCAACAGCGTGGAACGAGCGAATGTAGAAGGTGTCAGTCTAAGCTCCTTGACAATGGAAATGACAATACAGGCGTGATCGTAGGGGAACACGTCACTATGGAACCACCGTCTCTTTACTTAATGGTAGATATGGCCTTGCAACTTGCCTCCGGCGACGCGGCCCATTTTCGCCTGCTCTAGTATGGAAACTCCACGACTCCGAGGTTGACTGCGCGACCGTGGCTACGCACCTCGCTCGAACGTAATTTGATTGGGGTAATCAGCCCAAGGAAAATGCCTTGCACAGGTGTCACATGGTCTCAGTTGAGAAAAATTCTAGGGGGTGCACCAGGAACGCATCGGGGAATTATTTGATGCCAAGGATCAATACTTATCGGCTTCTTAATAGTCCGCGACCGCTCAAAACAGTTATTCGAGTACGCCGCTAATCGTTTGTAACGCGACTAAAAGATAGCTCAATTATTTTCTAAATTGTGGACGTTCAAATTAAAACCAAGTATTGCATCCCACTATGAGACGGACGCGTGGTACGACTGACACAAGATGAGGCTGCTTCTGGTGACGATAGTCCACTTAATATTTGTAAAGTGCGATTCTAGGTACCAATGATGGTCGCCCTCCAAAAAATGAAACCCCAGCAAGGAGGGCTACGGTTAGCTGCAACCGACGCTATACCACGTTGGAGCTTTCAATAAAGTGGACCGCATCTATAACCGGTGGTCGCAGTTGAAGACCTATCCCGCGTAGACGTATGAGTTTGCAACCCAGCACGGACCTTCCC,1401,49.54,Mus musculus
SEQ_857088,GGATCAGCTATTTACTAAACAACTTGCACCGCCTCGAATAGGCCATATTGACCGGTTGAAAATCTTCGAACTCTTCCATGCCCCTACCGAACGAACGATCTTCCGGAAGACCCAAATCCGCTTGCGCGTCGAGGAAGTCGGCTACTATTTAGTCCTGGCACGCCCGCTGGCGCTTCTGTTGGTACGACCGGCGTAAGCGTACCCGCCTGTTGTAACTATCTGAATAATAGGCTCCTTTCGCTGAACCGATGGGTTGCAGTACCCACACACAGACGCTTCCCCGCGGAATGAGGTACGGATCGGAAGTCCCTAGTCTGTCGATTTGTACCCTGTAAATGAACACGGCTATTAATCCTGTGCAAGGCAGATTTTCCGGTAGTGACCGGGGAGACACCAACACTCGTCCTTAGTCTGTTAATTATGCCTTGATGCGGTCTAGCACGTGACTTACTGATTATGCAGCGTCGATCGCAGAACCTAGGTCAACGACTTAGACGATGACGTGTAGTACCGTATCGGTCGCGGCCCTAGTTCAGATGTAGACAGCATCTGCCATTGGAGGACATACATCGTCACTACACGCCCACCATCAACTATTCATCTACGGATTTGATCGAGAACTCCACTCTTAGGATCGATCCAAATGTCGGTTCAACGTACATTTCAATTACCTGGCAAGAGGCATACAATGCGATGAACTATGCTCCAGTGACCTCACGTGGATTGGAATGGCTCTGCCCTCCCACCGGGTGAGAACCTTGCGAGTCATATTGGCACTTGTCCACCCAGTGAGCAAGAATCAGGCAGCATCTTAAGTGGCTAGGTATGAAGTATGACCTTGACCTGAAGTTTGAGTGCTCCAGCAAGGTGGTAGCGCTCATGGCATGGAGCGTAACCATATGACTTCAAGTCCGTCCGTGGGTTATTCCTAGTCTGGTCAGCAAGAGACAAGACAGAATCAAGATTAGCAAAATTGTACTACCAAGATATCAACATGGTAATTCGACACCATCTACCACGCGTAGCCGGTTGTGAATTCCCTGCGAAAGTTAATATACGGCTTAATTGCAGTGCCGATAATTACTAAGGCTGCCGTTTGGTCGCGCGGACCCCGAGCTAGTTTACACTCGGCTTAAGTGTGGTTTGTGCGCCGCAACCCTATTTTAGTTAAGCTCATGTAGATTATCAACTCAGCAAAAATTAATTACGAGGCACAAATTGTGTGCGGTAAGAGATGTACTCACATCTGGCGGCCGTCAAGTTGTGTGCATAATCAACTGGGATCCAGGGTGGTGCGTTGGCAAACAACCGACGCCCGTCGGACTCATTCCGTGCACTCTAAGGCCCGGGCCGTGCTGCAAACTGCTATCTACTTAGGTCAAAGCATTCATGGATTTCCGAATAAGCCTGCCGACAACATCAAGCCCAATGTGGTGATGTGATTGGTTTGTGGAGCACAGCTACTCCATATTCAGCTCACCTCCCGGGCTCTCAGCGAAGGTCCATGCTGACCTAGTTGGCATGCCGAAGCCTCTGACGCCATTATTAACTTGGAGCCTCTTTTAATAAATTGACATCAAGGTCCTTGGCGGCGCGTATTGGTGCATGTGTTCCGTGTCACCCTTTTTTGATCGTGGCAACACAAGACAACTCATTCGAAAACGTGTATCGAGAGGCAACGGACGAGC,1688,49.7,Arabidopsis thaliana
SEQ_107972,GAGAGTGCAGCTACGGCGTGTAACTGCCGGAAACAAAATCCGTATTAACTCGAGTAATTCCGCTTGCCATCGGCCATAACTTGAAACGAGATTAAAGTCCTCTATCGGTCTGTAAGGACCGACGCTTAATCAGTGTTATGAACCCCTAGTCGTTAACCCCGCGGCGTTCACATTCGCACCCGACCAAGACCATGCATATTTCACATTTACCTAATCACAGCGGGTTAAGTTACCCTCCGGAAATCCCATTCGTTCTTTGATTGACAGTAGCAAATTTACCTAGAGAGGCTGTCATGCTCCTTGGATCGCTGACGATAGCGTACCTGCGCATGTTTGGGTTCGGAGAGACGTGCTGTGGAAATAACTCCCACACCGAAAATTGGGGATATCAATTGAGTCTGATTGCGGTGAGCGCCGTAGTTATACAAATAGTGCGAACGCAAGTCTGTTGTGAACACCATGTCATGCAGGTTCAGACAGTCTAGTCGGTGACAGGACTCCAGTCATTGCTTGTGGCCTACTCGTACCAGAGTGACAGAATAATTACTAATCAGCCGGGCGTCGTCCCTACGGCCTAATGCGCGAGACGGGAAAAGCACTACACCCTCCGGCTCAAGGACGGTACGGCTAAAGCACAATGACTTGACAGGCAACTGCTGGTCCTGTACTCGACGATTTT,679,49.48,Caenorhabditis elegans
SEQ_104064,GTTCTGACATGTGTTAAGTATTCACCCCTTGTCCCAGAGCCGGAAGTTCGAGTACCAAAGGCATGCAGATATGAAGGGAAACGTTCAGGCACAGCCCATGTTAGTAAATCGCGATACCGTAGTGGCTAATTCATGGGCCAGATAGGAAGGTCCCTGCTCAGGAATGGGGGGTCAGGAGATTCCTAACTCAAACGGCAACCTTACTTGCCTATCAGGGAGTTCTATCTACAGATTCGCCGGGATGGTCAGCGGACGCCGCTCCGGAGTTGTACGCTGTGTCCCGCGCGGACGCATGCTCTAATTGGTCATAAAAGTGACGAAGAAGAGAGAGCCGCCACTCGGCAGGGATTACGGAGATAATCGAAGAGATTACCAAAACAATAGCTCCGCTAGAGCTGTGGGTAACGTACTTGATTCGATATATCTCCGGCTCGGAGCGTGCGCCCGTGTGTGTGAAGCGCGAACTGATCTCTCCCGTGTTGGTCAATGACGGGAGGGCTCTGAGTCTGGACGGCGAGAACCCGGGCTTCGACGCACGAGTTGTCTCTTAGTTCAACTCAGGTTTGGCCGCGCTAGGAGCAGCGGCTACAGTTCTCCCATATTGAGCGCATGTGCTAGAGCTCTCCCAGCCTTCAGAACGTTCGTACGCAGATCGATGAAGCCATGGCTTACGCTCGGACTCGAGGTGACTCTATTGCCATATCTCTTGCCACTTCAGACGCCGTGCTGGGTAATTTTCGGCCTTAAAGAGCTTCCTAGACAGACTTTTTTCGTGATGCCTGATGCCGTAACAGGTTATCTCAAGACTTTTGCAGAGCCCTCAGGATGGGAGATTATCATTGATGGACCTCAAACTTCTAAGGCGTTGCTCCTAAGGAGAGAGGTACACCACTATAAGCGGCCGGGTCCCGTAGCGACCGTCAACTAGGACTAAATTAACACTGAGTCGGTGTTAGCTTCAGGCCAATAATGATGCTACCTCTCACGTGGATTTGTATCCAAGCACGGACGCTATGTGTAATTGCGAAGACTCTCATTTCCACCAAACGCCTAACGAGTTGCGCCCGGGATATGTCGCGGCAGTTTCGCTACAACCGTGTCACCGGGTCGTGCTGCCGGGTACCGGACGTAACTACGGAGATCTCCTCTTAATCTCATCCTAAGACAATTTCAGGTAGCGTTGTGCCAGTGTTACGAATATAGTCCCCGAAGCTAGCTCCTACCTCGCCAAGATGTGGCCATAATCTATCGAAGTTTAAATTGCGTCCGTGAGTCATGCCTGACAGAGGTGCGGAGGTCAGAAGTCACCTAAGCCTGAACCGACACCCTTATCCTGTCCACAACCGCGTTGCGTTATCGTATTCCACCTGTAGAGATCGTGCGTCGCGTTGCAAATAGGGGTACTG,1406,52.13,Arabidopsis thaliana
SEQ_921240,CGGGCTTTTGCCCCATAGTTATCTGATCGTACTTTTGGTCGAGATGTTGCCTTAAGGTCCGTGAGAGATCGATCTGCCTGTCCGTGAACCTACGTGCAGCGTGGTCGACGGCTCGAAGTACAGAAACAGTAGCCCCAAAATATCTCCTGTAGCATTGGGTCTGGACTTCCTCGAGGCACTTGATCAAAGCGCCAAAGCGCTGCTGGGAAATCGTTGTATCCGTTCATGTGACTGTCCCGAGTAAGGCCGTATATAACTTGGCATCCTCAAGGGCATTCCTCGCTCCACGCCCGGTCAGACGCGTCCCCCATATGCGTAGACTCGGGTAGTTAAAACGTTGGCCCTTCCCATGGTATTGGGTGCACGTACTGACCTATGGGATACGTCCCTGGACTGGCTATCCCAAAGTCACTTAATGCTGCTATCGAGCCAACCTCATTAAGCGGAGCCGACCCACACCTAACTAACTTTTATCGTGGTCCTGCGGGCCGTCCAACTGAGTTCCTTTAAGCCAGTCTATCCTTAGCCGTATTGAGAAATGTAAATGCTATTCTACTCAAGCTCTGTATCGTCTGACGCATGGGCTTTATTGCGTCGGACTCTTCTGATCCGCCACTCCCCTTTATTGTACCATCGTTCCCGTTGTGCATTCATCTCGCCAGTAGAGTCGCATCACATCATGAACTAGCACGAATTGCGGAAGCGATCGTACAGTCACTGAGTCCCGGCACATGACCAAAGCTATGGTGCTCGAACGGGAAATTACGAAAGACTATCCGCCGGCCAATGGCTTCACTACCCTTGTAATACAGCTAAGGCCATCTAGACATCATCCACCACCGGCCATTTTGGACAAGCATCCCTCAATGTCTAGTTGAAATTTACTTCACTCACTCTAAACCTTCAGCACCTAATTTAAGATGGTTGAAGTGTCGAGCTTGCTCGACGTCAGAGTCTAGTTAACGGGCCCATGTGTAAAGATGGTTTTAATCATTTCTACCCGGCTATGAAACACACGAGATAAAAAGTCCTTAGTCTGAGCGGTACTGCCACAGGTGGCGAGTGCTAACCGGGTCGCAGACAAAGATTACATAGGAGCGGGCTACGGCTGTTGCCAGCTCCCGAGCAAACCCGGAACTTCCTTAGCTTACCTTCGGATATTAGAGCGCATTAATGACGAACCGGTCACGGATAGTTGGGCCATAAGGTTAAAATCCATGGGAAGGGGGGATAAATGCGGATGTTGAGCTCATATGTTGATTTTGTCAATAGTGCGCGAATGACGATACGGCCATTTCGAACGCAGACGGTAGGACAGTAATGTATCGGGTCCCCTCTTGGTGGCAGTGAGTAAGAATAAGGAGGTTGACCCTTATATCGTTGATGGCAATGCCTTACCCCGCTGCGTTGCGCTTGGCAGGCACGGGACGATGCATCTATATTGCATAGGAAGTCCAGGCGAAGAGATGGCAGCCTAGTGCCTGGTGCCCTTAACCAGTAAAAATGTCCCGCGGCCTTAGCTGAAGACTGTTGGTAGGCCAAGAGGTCGTGTCCGTATGTTCCGAGATTGCCCTCTACAACGGGACATGGTTGGGCCGAGGTCAGATAACCCTGGGGGCGAGTTTATATTCCTTCTGTTAACATCCGAACCCGACCCGTGATTCGTAGCAGTAGAAAACCCGAGCATCAAAGTTCGTTAAATTGCAGGCTAGATCCTTCTACACAACACCAGAAGCGGCTTTAACTCCCGCGAG,1754,50.51,Saccharomyces cerevisiae
SEQ_116331,GTTCGAGTCTTCACTATTGGTAGTGGAGATACTCATAGGACCAGCTGTCTATAAGCGGCACATACGCACCAAGTATCAGTTACGCAGGTGCGCAATGCCACTTTACCTAAAGGCCTTTATCTATAGCGGCTAGCTTCTGAGTGGTCTTCCTGCAGACTCCGCCCCTAAAAGAAGGTTCTCACTTATCGATACGTCGGCAGACGATCGCACAAAAACTCATCCAATACATTCCTCGGACGGATCGGAGTGTCAGCTTAGCACTCCAACGATCTAATAACAATCATCTGAGGGTGACCATTGAACGGACATACAGATAGTGCCGCACCTATGGGCGCGCCGTTCCATATGGAGCACTCGTCCCCGTGGCTAAGCTCGCCTACCGTAGTTTTGATCGCTGTTGCTCATCTATATGACTGTGAGTACTAGTCATTAAGGAGGGAGTTACCATAGGCAGGGGCTCTTCAGGTCGTAAGTGTAGTCGAAGAAAGAGATAAGACCGCGCTCTTGTTATGATTGTCAAGCTTAATGACCTCGTCGCTAGCGAGCACCGCGAGAAACCTAGACTAGAATTTGCCGGTGGTAGGAGCGCGGCGGCTGCTAAAAGCCGCCTGAAGCCCTTTACGCAAGCCGTTCACTATTTTCGGTCTCATCCATCAACAAGGGCTTTGTGCTACAGTCCAGTTACGAGCCAACACGCTCGCATCAGGCAGCGCGGCACTGGAGGTACTAATCCGCCCGAAACCCGTTTGGCAAAGTTTGTGGCCGTTGCAAGGTTTCCAAAGTGAGTTCCAGATGTATACGCGAAAGCGGCGGGTTATCCTTTACAGGAAAGTTCTCTCGGTCGCTCTTAGGGAAGACTACCGGATTTAAATATCCGCGCATTATCAACTATCATCACGGCGGCACATTCTGGATACACGAGACCCATACGACATTTATCCTAACCCAAATGGGCATCAGAGAGGAGCTGCGACGCGTTCAAGACCTGCACGTTGACCCGGACGTAAGGTGTGCGGGAGAGCGTTCGCCACGGTTCACACTGGCAAGCATAAAGAGGGAATGCCGATTCTAACACTAGTAGTCATGGCGGTAGCAGAAGACAACGGTCCACGTATGATGACTCATACGTACAGTAGGCAAACGGAATACAGACGGTAGCATTCCTTTCCTAGGTAGGGAGCAGACCCCCAGTAGCGTGAATCGTGCATATCATCTAGATACGCAATGCAAGCACTCCGGCATACGGACCAGTATCGGATCTCCCGAATCGGGTGGTCGGGGTGCTGAGATTTCTGAGACCGGCGATACGATGAGCCCTTCGCCCGTGTGTTATCACAAGTACCTAGTAGATAGATTTACTACCTTTGCTCCTGGCCGAGATGCGGAGCCCCTTCGCGGCAATGGTGATCTACGGATGGCTAAGTCATACTTACCCCCCTCTTTCCGAGCCCCAAGAGAGATGCGGGATACAAGCACATCTCATATTTTTTACCTCATCAGAATGGCCTTGGGTAAAATGCGTTTTTCGTCTAAAGTGCTTTCTCTGGAGCTCGCCTACCCACACTGCGGTTTTATTTGTGAAAACGTCTCATTATAAATAACAGGGCTGTCCACTTAAAAAGCGGATTGCTACGGAAGAGTATGGCAAAGCAATCTTAACTCGGGTGGCTGGTCTCAGAATTTAGTGGTACGTAAATCTATTGGACTATCAGCAGATGCTAGATCTGCTAGGTTCGTAGCTGTAATTCCTCTAATCAATCGAGACTCTTTACGTATGTTGTGTCTTCGCTTCATTAGGTCCACGCGCT,1808,49.89,Mus musculus
SEQ_448860,ATGGCAAGTTGGGTCCACTTCACGTTTTCTAAACTAGGAGGAAAGCCGGTTCAAAGAACTCACACAGAGATGCGGAACCTATTAATTCCGAGAAACTTATACGTCCTGCACTTACCAGGCTATGCCAGAGTTTTCTTATCGTAGATTCCATTTATTCCTTGTTGTTGGGTTCAGTAACGCCCCTGTGTAGTGATTTAAGCTGTTAGTCCAGGGCCACCTCGCGGGGCCTGAGAAGAGCTTGTACAACTTAACTTACTCTGTCGGACAATGGCACGCTTCGTGATCTTTCTCCAGGATGGTAATGTATGTATCTAATTTTTACATTAAGCACGTAATGAAGTGACTCTCCCACTCCGCGAGTTTTGGATACGGACGGCGTAGGGGGTGCCCGTACCAACCAAAAAATCAACTAACTGGTGCAGCCATACCGATCCCACGATGCCACAACTTACTATATCTGCTAACAATCATAATTGTAGCGGGGGCAGGGAAGTATACCTACTCTCATTCAATATGGGCGGGTTCTCAAACCTCCACTCTTATATGCAAGGAAGCAGAGGGCATGTATTCACCGCGCCACATAGAGTAGAGGACGAAACGTTGTAGGGCAGTGTAGGGGCAACTCGTAGACGGCAACCGCATGGGCTTTTGAGCTCACAGCGGGACATTGTAGTAATGAGCACGTTAAGGAACAGCCCGGCGGAACATACTCGTTTTACCCTCGACGTGTAAATGCGTCCGAACACTGCTCGCATAGATTGGTCATCCTCATACCACTCAAGGACGATCCAGAACCCGCCTGTGCTAATCACGGGCCACGTCCCATAATTAACTTTCAAGTGCTCCATATTGGCGCATTAAGATTAATCTTCGAACTGTAACCGCCATAGTAAAAAGTGCGTTACTAATACCATCCTATCAAAGTTGAGTATGCTTTGTCGCTAAGTCTACTACGCCTAAGGAAAGACTCGAGTAAAATCAAATCCATATGGCAACGAACTATCCCAGGCTCGTCACCTTACTGTCGAGGGAGGCCATCACCCGTTTTGCTTGCAGTAGCCTGAAGTATTCGGCTCAGCTCCAGAAAACACTCACACGAGTTAAGAAGACCTTAGGGAAGCTACGGTGAAAACGGAGGGGCTATCTGCGTAAGGTAGTGGAGATTATCGTTAGACACATTTGTAATATCAATTAAAGTAACGAAGGAACGTCTAGCCCTCTGAGTGCTAACTATTATCTCGTATTTAGCTAACGCTAGGTGTCGTAGTTAGATTCCACGTCTAAGCCGCTATCACGCGATAACTACGTAGTCCTGGATGCCAGATAGACTTACTTCCTCATAAACCCCTCTGGATCTTCCCCTAAAGCACGTTTCTCACATTAACGCGATAAGCCAATGTGGGGTGGTCATTTTAACGTGTGTGTTGCACATGGGACTTCATTCTATGTCACGGGTTCAACTGGTTCTTCGTCTAGTCGGTTTAGATGGGACCTGGGACTTCCCCGTCGTAGTATCTTGGGAAGATCCACAATGAAATAGGCTACGGTTAATTAACCATTCTGGACTCGCCAGCAAATCGTACGAAGGTTCTGAGCCCTCCTGGCAATGTTCGAGCAGAGAGCCAAGTACGGTTAGCTGAAGCGCTGTCGCTCGTAGTGCCGTCGGGTCCGTGCTGAGGGGCTGCTTTGGAATTTCACAGCACATATACACGATTTAGTGCAAGTATTCACTTATCGATCACGTCATCCTTGTCAATAAAAACGAACTAAGGCGGTATGGCAGCTACCATCATTATATGACCTGGCTCGCAGGGCTTCTAGGAAATTATGTACCTCAATATAGACAGGTACAGCTCAGCCTACGAGCTATCCGGTTGTCCCGATTTCCAAGGCACGAGCATTATATACATCG,1912,47.12,Arabidopsis thaliana
SEQ_630844,CTCTCAATGGGATGCTGAGCGAGAGCATTAACCGGGGATCCATGATATTTGGAGGCTAGTTTGATTTGTTTAGTTCTAACAGGAACGCGTAGTTGAAGTTCCGGGATAAACACGGCATCCTCGTTTCTCAAACAGCAGTAATAATAGCCTAGGACAGGAAACCTCAACCATATTATGGTTTGAACGCCGGGGTTGAAAGTATTTGAGTTGGTTTTCCAAAGCACATGCGTTCGTATAGTTAGACCCGTAAATGTCGGCGTCGTACCGTAGACCAAAAACTTCAAATA,287,43.9,Drosophila melanogaster
SEQ_942280,CTGTCTGCTAGTAGCATTGAAGATGCGGAGAAGCCACTGGCGATGATCAACGGGAGTTCCAACTAAGGATGGCACAGGCAGCGACTCACAAAGGTTCTCTTAACGACTTCCTAATTAAATTATCAAAATAGAGCAGTACGCAACCGTTGGTGCACCTCTGAGTGCCTCCGCAGAAACCCAGAACCATACACGCACAGGAGATTGGTTTCCTGCCTGCATCACTTGCTCACTCAGCTACCACAGTTGCTGGGTACGAAGTCCTATCAAAACGGTGACGAGTGTCAGGCCTGCATGAAAGGGATGCTAGGGCGACGCCTGATTCATGGTGTTGTTGTCGATTCCCGTATCCGTGTGAAAGACATCCTAGTGTGAATCAGATCATACGTAGGCTCAGGCACTGCCTGTAACACAGACCTTAAATCTAGTCCCCCCCGCATAGCGTGAGAAAGGCGGGGATCTGATGGCAGAGATTCCACCTAGCGGTCATGGGTTTAGGTCATAAGCGGTTGTGCAGCTTCGAGAACATAGGGAGGAGTACCTGGTGTTTATGAAACCTCGGCAAGGACTGATTAGCATAATTTCAGCCGCTGTATTTTCGCAGTCTAGGCCCAGTAGGATCTAGGACCACTATCCTACCTCAGCTCCGGGAAGCCACGCGCTCTCTGCGTTTTTTAGATGTAACGACGGCGGCAGAATGTTGGACCAGTACCTATATTGTACACTCGCTTGCCCGTAGAACAATTCAGATCCTTCACCTTTCTCCCGTACGGGTGTGTCTAGAGGTAGAAAACCCCGACACCGGCAATCGTAAGCCGGCAAGCATCTCCCGCGTCGGAGACATTGGGTGCTTACTTAGAAGACCCTATCCTAGTGTACTCTGTGTTATTCAATTATGCGATAGCGACAGGCCCTTTCTTCTATCCTGTCAATCTGTCACCCATCCAACGGCGGTTCTCAAAGAATCTCCTCTCACTCACCCCATGCACATAAAAATCGAGCGATGAGAAGAGTATCTAGAACGAAAACCGGGCTGTCCAAACGTTTACTCAAGGCGTAGGTGGGTAAGGATATCAAAATACTTCCATGCCCGACC,1093,50.14,Caenorhabditis elegans
SEQ_337041,GATCGACTGAATTGGCTGGACTCAGCGTGATGAGTGCAAACACACGAATGCTCTCAGTCCCTTGGGAGATTTAGACATCCTACTACACCTATCGGTAGTAGGGAATTGTTACGCTAGGTATAGTAGGGACCTCGATGTTGTTTAGAGGTAGTTGCTCCTACGGCAGCTTTATTGGCAACACTTGGAGTCCCGCATATGAACGGGCCTGGTCTGGCCCTATGGTTATACGTGCTGCCTGCGTGAGCAACGACATGGGCTCGTACTCGGTTGGCGTAATAGTAGCAGATTGTGGCTATAACATTGCATCGAGTCGGAGGCGCGGAAGCGGTTTGAGGAGGGTCTTCTCCTACCATCTTCAGTGAACCAGTTGACTAAAACTGCAGAGGTATACCAGGTTATCGAGAATGGGAATCCCGACGGTCTCTGCGAGCAGTAATGTTCGTTCGAGCAGAATCACTACCCCTTAACACTGCATATTCGCCCTGAGTCGGTATCCCACAGAGGTAGTCAAGTCAGTCTCGCATTGGTTACCCCCCCCCGTTGGCTTATGCGCCGCGAACACACGAATCGCACGCAGCTCGTTACGGAAAGCATAATACTAGCTGATCCCCTCATAGCCTGGTGTCTTGGATCAGACGCCGATCTCAATTGGGGATAATTACTGGGTAACCTTGCGTATTTATAGGTTATCCTCAGATACCTCATCTCAGCGGCGCAATATCGCTGATCGGGTTGTTAACTTAGTAAACGTACACCCGATTGCCTATTACTCGAGAGTCTGGGCGTAGGTCCGCCCATAAAGAACCTGGTCACCGTATGTTGGACAGCTTAGCCCGTGTTGTTCCACCGTAGCTGAGGTCAGGTGGCAGCCTTAGATTTAGCCGGTATAGCTGCAGTCCCTAGCTAACTTATGGACATAGTAAATGCAGGACACTTGCTGGCGAAAATGAGACCGTTTGAACGGCCAGACTAACTATTCGCTGTTGGGCTCGAGGGCTCGTTGGATTGCGCGCGGGTTACTTGTGCACCCGATCGGCAGAAGCTGATCGGATTGCTCGGGA,1061,51.37,Homo sapiens
SEQ_308027,AATCATTCCAGCAATTCCGAACCCAATAGCCCGTGCGCACGTAGGATACATTGTAGCTAA,60,46.67,Arabidopsis thaliana
SEQ_884510,CGGGCGGATGCTAGCGTCGCGCAGGTAAGTACGTTCTCCGTTTTAAGCCTTCCAGTAGGTACGTTGGGCTGATATTACGGGTGGAACGAACCAATTACCCCGAAATAAGAACGACGGCTATAGTTACGTACGCACCCTTCACAGTGGCTCATCTCAAACTACTTCAGGGCGAACTTAAGCCCCGTCCTCACTGCGGTATGACGTTCCGAGTATAAAGTGGGTATTCTGAGATACGAAACGTTTCTCGAGCTCCGAGACCTATAAACGAAAAGGTTGGGACCTTCGCATTCAACCGTTTAAAACTGCCGCTGGCCCGGACGTAATCCGCATTCGGCGTGTACATATTGACCCCGCGGAATAGCACGGCCGTATTCCAGGGCGGTTCTAGTGTATGCAAGCATGTATTAAGTGTGCGGTAGCGTCGAGTTAACCGGGCGCGGTGGTGGACCTGGCGGCGTTCCTACACTAAGTCCAGGGTAATTAGAATTAATGTCGACTTTGGTCTGGTCTTTGATAATTATAGACCTAAACCGCCATCAGGGGTTTGTGTGACTCACTAGCGGCCTGGTGACCTCAGACACTCGGCGACGAAAGTAAGGTGAGGGGCTTTACTTTTGGGTGCCTATCGATACGGTGATCCAAGGCAATTTTGCTAAGGCCTGGTGCATATAGACGGATGGGCGCTCGTCGGTGCCATGGAGCTCCTTTTGCGCAGGTTATCAACGGCCTTGCGCATGTACTACCCCCACACCCGAAGGCATATGGTAGAGAGTTACACAGCTTAGTTTACGCGATCTCTAGAACCACCCCCTAACCGCAAGTTATGAACCAACACCCAGTTTTGTGATACACATTCCCTCTAGAGCAAGATACGGGTCCAACCAATACCAGATGTTCCATGACCCCGCCCTACTGCAATTGATATTAACCGCAGGTGTCTTTGGAGACAATTAACTCCCCCGCTATCTCCCTTCGAACACGACTAGCAAAACAAGGACTCGGCCAATTTCGCTCTCAATTAGACGTATACCGTGGCTACCACCTTCTGGAGTCGATCATACAGACGTCGTTATTTTGATGGAACGCAAATCACCTAGGATACTGGCCAGCATTGAAACGTTCTGTGACCTGAAGACGGCGATCAGTCAGACACCGGTCTGGACAGAACTAAAGTTGTATGTCGAAATCAGAGGTCCACGTCGAAGTCCGGGTCCTTGAAAGACTAGAGTAACGGTGAGGGTTAGGAGTCACCGTCATTGGGAATATTCTAACCATGTAAAATCGCGCGTGGACTTACCGACGCTCACGCAGCGGGTACCTCTTGTACTCCTCACGGAGCTGTATCTCTTGTCCAACTAGCAGCTGCAGCCTGGGCCTTTGTGCAATTTCTCGATAAGTGGGTTTACCCGTGGAAGTGGTCGCTATCCAGCAGCGGGATGTGAAAAGCACCACCAACCATAGCCAATGCTTTATAACATGTAATCCATTTGGGTACAGATTATTCCGG,1507,50.5,Escherichia coli
SEQ_976744,CTGTTGGAACGCAAAGACTGGACCTAAGCGCGGTGATCAGCGGCCACGTATTTTAAAATTCTA,63,47.62,Homo sapiens
SEQ_817201,GGAGCACTGGTGGTGCAACCGCTACCTATGTCGGCAGCATCAATTCGGTACATATAGGAGAGAATAAAGCGCGCGATCTTATGTTAGTCAGTGTAAGCTTGCGCGATGTCGTACAAGAAAGGAGTTTTGGACATGACATTGGCACAATTGCATAACCGTCGAATAATCCGGAAATTTTCCATGTGTCGTCAACCTTAATAAAGGAAAACTGTTGACGATGTCTCTTGCGCCGACGGGCCTCAGGTTAGCACCGCAACCTACACAGGCCAGCTCTAGCGTTTCACGTGTAGCACTCCTTTAGCGCCACTTGGTTCCAGCGGATGCTGATAATAAGTATCTACTAACAGTGTCAGCGTTCATCCTGAACCTCTCAGGACTATATTTACGAATGCCTACGTGGGCCGCATGCGAATGGCCGGAATAATTGCTAACCTTCATGATGCTAGGATCCGCGTGCAGGACCGGACTTGGTTGAACTAGACATGGGAAGCTTCAGGTGCAACTTGGCAACGAAACTCGAGCACACGGCCGGAAATGATAAAATAAATGCGCGGGGCCCTCCACCGGATCAACGTGGTTTTTGCAGGTCGTTATGCCATATGGAAGGTGAGTGGTAGTATCGCTCGACCACTAGAGAGACAAGAGGGTACCCTGATACACGTGGGCGGCTGTTAGTGCAGCACCTCCGAGTTTAACTCTGTCGAGTAGGTCGATTCCTGTTTCGCAACTAGGCATCTCTACTTTAAGACGACCGATCCTCCCGTACGTATGGAGCTGAGGACGATTTTGAGGAGTGAACTCAAGACTATCTCAAAGGGACTCGAGTTCCCCCTTGAAGCTCCTTTGCGAAGACCTCCAAAGAGTACATTTTGCCCCCCCGCTGCGCTCCTGGTGTGAAGTCCGGATAAAAGCTTGCAGCGGGCAAAACAAAAAACCTAATCCAGCACGGGGCCAGGGGGCCCGGAGTGAATTCGATGCTATGGTAGCGATGGCAGACTATACTAACGGCACTGGGATGTGTGCTTCACGTCCTTAAAAGGCCGTCGGTGAGAAGGAGAGCTTCGCCTAGACATCCGAACACCTACCAGGAGAGATGTTGGGAATGAAAAAAAGTACGTTCTAAGGTACTGCCTTTGACCAATATCGCTACGACCGTTAGCTTCGTGAGTTTCAATACCGGAAACAGAGAAACTGTGGGAACTTAAGATATAGCGCGAAGGAGGCCGGAGGGCCCGTTACTGACAACCTATGCAGCTCGTATGCTGTATATCACATCAAATAATGAATTAGTCGGACTGCATGGATATGGATAGCTGTCATGCCGCCCCTCCGATAGGTGGCTTGTAAGAGTTCAACTTGCAGCCTTAAATCATTCACGGACGGAGCTTCTTGTTAACCCCATTAGCAGCACAGATCGCGGCCTCGCTTAACGGTGTTAGCATGAAAGATATTTTCCTACCTACGACACTCAGTTAGGTCCACCAAGTACCAGAAGAAAAACTATAATCAGTGATATACAAAAACCAGAATATAAAATCCTTTCGTCGTGGCCATGAACAGGGATGCGGAACTGGCATCAGCTCTGTGACCGTAGACGTGTCGGGCCCGAATACATTCTCCAGCCGCCTTATAGATGCATAACCAAGGCAATATACTCGGTGCTTT,1665,49.31,Saccharomyces cerevisiae
SEQ_393389,GGCCACCCAAAACTGCCGTACCGGGCGGCTATGAAAAGGACTTTAACAATCTATCTCTGCCCGGCCCTTGTCCGTTCCGGAACTCCAGACAGGTATCTATACCGCACTTTCGGGCAATCAAGATATGCCTATCCTATTCGCGATGGTCCGCATTAATCCGCACGAACATCTAAATACACCGAGTACCCATCTTGTCGTTAGCTCATTATACTTGTTAGCTTCTGTGGTCTAAATGACGACCACGGCAAATAATCAAATCCCAGATAGGCTCCCGCCCTCCGACGCCCGTGGAAAGCCTCGCACTACGGAATCTAAAAACTTACCTTAAAGCACGTGCCAACCGCCATTAATTTCGCCGACCACCATCACTGATTAAGTACGAGGACAATAGCTTGGCAGGCAGGTCATCCCCGGTAGGGTCAGCGGGGAAATAACGTAGCGGGTCCTTGCTACTACTCGGAAAGTCCGGTAACGAACGGTCCACTCCCCCTTGCGTTTCAAACTTATATTACGACGGGTATCGTGCGCTACCAAGCGGCTACGCTTTGGGCCTTGAGGAAAAGCCATGGACACCACCTTAAACCTGCTTTTAGCATCATAGACAGACTACCGGTCCTAAAGCTGGACTGGAGTATGCTGGCTTTTCGTCCCCCCAGTAGTTGCAGACCAATGCCTCGTGGTGTGGTTGTAGAAGAGCCTAAAAAGGCGGCCTTCTTCACGCTATCTTCTAGTCCGACTATGACTGTCTTCTCCCAAGATTAAGACCCCACCCGAATTAAAGGCCAAAGGTTCCTGTTCCTCTTAGGGCCGCTTCCAGCAAAATATACTGTTTGCCATGATTGAAACACATTACCTTGCTGTCGTCATTACTAGCATACAGAAGGGCAAACGGGTGCGCATCAGCCGCATGTTTAATCGAACTGGAAAATAGTGGTCAAAAGGCTATACCGACAGAAAACCCCTCTACATGGGCAAGATGAAGGCAGAACAATGCCGTTTCGGCTTACGCGGTGCAAACATGCGGTACGTTCAAAGCGGTAGTCGCAAGGGAACGTACGTAGACACCGGTTGCTTGATTAAATGACATGTGGGTGATACTCCCTTCCATCGTGTCTGGATTCATCCTTTGTTAGTGAAGTCCTTCTGTCGCGAGCAGTACTGATAGTTTCACATAGTTCCTGGTCCAACCGCGCGCCGGCAGTGGAGGAAAATGATTACCATACACCCTATTTATAGGTAGTCGGATTGTTGCCATTCTAGATACGTTCACGAAAATGATGC,1281,49.49,Mus musculus
SEQ_895129,TAGAATGTATTGCTACTTACCTCTTTGAGGGAGCCAAGTAGTGGACGGGTGGTGGCAAGATTTGTTTCTGCAATACAACTCGGCAAAGTGGCCTTGCCATGCACGGGTTGGTACAGGAAGTGCGTACCGTGGAGATGGTTCTACCTCACCTCCCCATACGCATCAAATATCCTACTACTTATTAGTTATGGAAATGCGCACACAACGGATGTAGTACACAACCTTGCATATACCCGCGGCAGGACCGGAAGAAAGACCGCACCCGACTGTCATTTTTGCTAGTTCAGATGGGTACTTAAAAGATACTTCGCCGAGGTTGGACAACTTTGGGCATCAACCGTATTAGGTACTAGATTAAACTAGAGCAGCCGATTCTGGGAAGCATGGAACTGGCACTCTGGACATCGCCTCGAGGACCGTGAGCTCTCACTAAACGATATCCGAATCGACACAAGTTTGTTACAATCAATTTAATGGTAGATGGAGAGTTGAGTCGCCGGTGAAATCTATATAGTGAGCTCAAAGAAGCGTCTTTGTGGTCAGCTCCCTAGCAAATCTCTTTCTGCAACCGCGAGCCACTAAAGTTTGCGCCGGGTGACTAGACCCTCTCACGGTAGAATCATACCCGTCCACGGATCGGCATGGATTAATATTTGGAATAACCTCATAGACAGCGTTACACAGAATTTTCTTGTGGAGGCCAAACCCGGGATTCGGCCCCGGGTATGAAGGTGTTTGCTACCTCTAGGGATCTACTTCCCTAAAGAACCACGAAAGTTACTCTTTGAGCCTGACACCGACGATCGGTGCGTCGCTCACGCGCCCCTGGGTAACCTAGCCGGAGCGGGTAGCAACGCGGAAACCAGCACTATAGCCAGGGGAGGGCCTGGATCTTCCCGTGACCGTCCGTCACGCAGGGAGCCTAAGTAAATCGTTGTTAGGAGCGAGGGAAATGATAGATCGGAGCCGACAAATCTGCGCCTTGGTAGCCCCGCGTGCAGCTTCTGTCCCACGATGTCTCATCTCGTGTGCCAGCGGGTTCTAGGCTCGCTAGACATGGAGGTGCAAGCACCACTGCCCTATCGCAAGGCGTCCTTGCTTAGGGGGCTCAATGGAATCTTCCTCCAATTTGCCTGATGTGCTTCCCGTATGCCCCGAGATTATGGCTCACTGACGTCTCATACTCTAAGTTGGGTGTTATTTCTGTCCACGGGAGGCCACAACGTGCGTAATTACGCCTCGACCCCCTCAAACGCTAAATTCTTCATGAAGGAGCTGCTATTGGTCTGACTGACATCAGTCAGCCGACCTAGCCGGCTAGGTTGCCGCTTGGGCGATGCTCGGCAATGTGACCAGCCTCCAGGTCATCAGATTGAATTCGCGAAAACTCCTTCTCACATCCTGTTGACTTCATCTGGTTAACTAAGTCTCGGGCACTCATCGGACAGGAGGTTGCACACTTTTCAAACGGAATTAATTCCCCCGACAGACAGGAGGCACAGCCCA,1506,51.53,Mus musculus
SEQ_916315,ACAATGAAGGCCGCCTGAGTGGCGTGAAGCTTTGTTAATTTTCCCCTTAAAACTAGGCATACAATGTGCCGGGTTTGATAACGGATCTGGACATTAGCCTCTCGTTCACTCATGAACAGCTTTTGCTACAATATTGTACAGGTCCATCTCTACAGCATTGGACATAAGTTGGAGTGATATTTGAGCGGTCACACAACTCAAACGAATGTATGGCGCCCAAGATGGGAAATGACTGAAAAAACATTGTATTACACAACGCTCCGACTCGCCTAGACAAGCCCTTTCCTTTACATGTTTTGGCACGCGTAGTTTCCTCATGACAAGGTCCACTATCGACAGCCTCGGATGGCCTTATGACCTGGATAATTAGGCTCGTACGCGACGCGTTTGGATACTAAAGCTCTTATTACACCCGCTTGTTCACGGACTTTGCCGGCATACTGATGACGTTTGGCACCCAACTAGAGGGGGTTGTCGTAATTCTGGTCTGGAGGTTCGTGCGCCCGGGCCGAGGTTTTTAAGCTAGCAGCTGGCGGCAGCGAGGCTGGCCGTGAGACTTAGCGTTGGAAGATTCAGGAAGGCCGTAATAGGGATACTGAAACCTTGCTAGTATGCCGTGAGGCACTATAATGCCTGGATAGAACCGGGCTCGGGTTCACCATGGCCCCTGTACGTATCCCTCGCTTAAAGGGGTAACAACAATAGGCTCCCTTGCTACACTCTTCAGCAGACCGGGTGTGAGCAGGTATAGGTTTATAAGGTAGCTGGCAGATCTGTGCGCGCAGC,786,50.0,Mus musculus
SEQ_512301,TGATAGAGTATCCTGTCAAAAACAGAGACACATGAGATGAAAGCCTCCCGCCGAGATGATCCATTTTGGTCTCCGGCCCCTGGAGCTATGGTCTTAGGACGCGAATTATTTAAGTGTTACACACTAGCCTCGAATCTCATCTTGTGCTGACGAGACCTATTATCATCGAGGTTATCATGACTGCCATGTCTCTTCTTGGCTTTCGAATGCCCGAGATTTAGAATCTCACATACGTAGCGTTGGCACTCCTCCCCGCCCGTAATAATTGTTTACTCGTCAACTTTAGTTTCATTGACTATTTAGTCGCAACTTTCCCCTCTGCTGTACGAAATTCTGAATGCCACGTCTGAATAGTCACGACCGGCCAGTTTACATTCGAGGGCTACCCGTTACTATATGACGGCTCTCCACAATCATGCCTTACTTATGGTGGTGAGAACCTATGTGTTGCGACCCGAGAAGACAGTATGATCCATACAGGATATCGAAGCACCGATCGGTTCATCGCCGATTCCTCTCCCTCCGCGGGATGAAAGTTCTAAAACATTTCCAGCTGGCTACCAGCTGCGCGGCTAGGGGCACTGCGTTTTAACCAGTTTCTTTTGAGTTCACTAACGCAGTACACCTCCTCCTTCGACCTCACTCAGTATCTAGATTCTCTTACGGCGCTTATAGATGATTAGTGGTTTGTTGAAGACATTCTTTCTTGGGAGGTTGTGATTCAGCGGACTTGGTGTATGACCTTATCGTACTGGGTGCTGGGCTATCTGATAAGTTACAGAGGCTGACTGAAATCCCTCTACAACGTTCTCCTCAGGAATCTTCCAGAAAATTGCTGCCTTATATCGCATAACGGAGAAAACCTGACATAGCTATATCAGGGCATCACGCGAAAATTCCCTCACGAGATAAAGTGAAGTGATACCAACTAGCGTACGACCGGAACTGTCGATGAGCATCTACGGGTGTTAGGTTACCGGGAACAAGACAAACCTGTAAGAACATTGGACCTTCGAACCTTGTCCAATAAGCATATAGTGCCTCGTTCCGTACAGTCGGGCAAGGAGGTGCAAACTAGCTTGGCCGAGACAGGGCTGGAGTGTTATATCTTCGCCCGATGCCACGCCCGACCTCTCCTGTGGCTGCAGTCATTAACCTCTTTTAGAAAGTAAAGTCGTCACTGATGGACGCCGTTAAAAACTTGCACCTGCACGCCTTTAGCGTTTTCAACTGCCACTGGCCGAACGATCTAGTGTCGATCAAGTCATTAAGCAGCTAATGCATGCCGTTCTGCGATAACGAACGTGGCTCAGCGAACCCGGAGGTGACAAGCTTGGCTTAGGTAAAGCGAATGTAGCTGTCAACTGGGCGCTGAACTCGTAGAGCG,1387,48.16,Caenorhabditis elegans
SEQ_392779,AAGTCTCCTGGCCGGCAGCCATTGCTTCTGCGCTGGGTCCCGGTACTTCGATAGACCTGGTACATGCTTCCACCGGTGGCCAGCCATATTTTAACTTTTTTCCCCTATAATCCAATAGTCATTATCAGTCTACCTTAAGTGTGAGTGGGAGGGACGTATGTTGAAGACGCTCAGGCCTCGGTAGAGAGGTTCTCATAAGAGTCGGTGGCGAATAATTTGCTACGATACGGGCTACTTGTCACTCTGCCCATAAAGTCGGCAGAAAATAAGAGTTAAGGTGGTCCTACCCGTCTCCGCCTGAGCCAGCCCTCATGAGATGGCACATTCTCCAGCACAATTGTAAAGCA,347,50.14,Escherichia coli
SEQ_791937,GGTTGGCTCAGGGTGCAGAGTGGTAAGCCCAGGCACTCATGGGATATTGTGGTAACGTCAATCCTCATTGTTCTTCTATAGCTGCCGGAATTTTGAATCCTCAAGTACCATTTTGCCCTTTATTTTCCATCGCGCAACCAAGGGTTCAGCCGGTAAGCTGCTCCTCTGTGCTACCCATAATCACTCTATCGGGAGCTCTGAGCGACGTCAGTTCCACGTGACGCTGAGGAATCGGTATCAGTAGGCGTGGTATGCAGCTTCAAATGGTGGCACGCACACAGCAGGGGTTTGTGGGAGTGTTCGCGACACCCGGCAATATATCTGCCCGTGTTACTCTGCAGAGATGGAAAAAACTCTTAACGGTTGCGCCCCAATGTCAGGGCTTTTAATTATCGGAAGGTACCAAACATCAGAACCTAAGCATACAGACTCTTGGCAATCTGCGCCATGTGAGCGCATGCCTGGCCCGTCCCCATTTTGATAGAATAGATAAACGAATGGTTTCGGCAAGGGGAATAAGGGTTACAGCTCATTACGTGCGGTACTACGTGGACATCCTGTTTACGGCATCGTGCATTTAGCTTTGGGGAGTATACGTATTAGCTCGAATACTTGTACTCACCAACCGCCCGGAGGGCGGCAGGGGACTCGGGGATATTTCGCCTTATTGATATAATGGTCGCCTCAATTTCCGACTCTGCAATGGCCCGCAAGCACAGACCTTGTCACAAGAGGGGTTCAGCATCCCGTGCCAGCAGTGACGGCACATAACAACGGGACTGTGGACCAGCACTAGTATTCGATGCGTTCTGACACGAGTTCCCGTACTGCTAGCGGAAATTGAGCGCCGACCACGCATTGCCAGGCCGTCCTAACGGTGAAAAGCTGCCCTCATCGAGTGGACATCTTTCGCCAGTCATTTAGATTAGCTTAGCATGATTGATTGGATACGTAG,955,51.1,Homo sapiens
SEQ_143351,TAGACTGTATTCTTTGTAATGAACAATCGAGCACGGGATCTAAGCGTATCCTAGGGATACTGATGCTCGCTGGACACCCCGCGATCTGTAGTCGCTCCGACTCCGAACATACTAACGATCGTCTTAACCCCGCGACTGTCGGGAGTACAATGATCTGTTTCGTACCCGAGGAATGTCTTTCACCTACACCAAACCGTGTGCATCAATCCCACGTAACACCGGTTTGCTTTCTGTGCGGATTTTATTGGAGTCTGGATAATCTTGACGCATGAAAATTACTATAGACAGGTGATATAGCCGGCGTTTGGGCTTGCAACGCAGAAGTTCAGAGGGTGTCGTCAGAGTCCCATGACTCGTAAAACACTAATTGCAGCTAGTGCGGCGATGGTTGTTTACAAAATAACCAATCGGGTACAATCAATTGGTTTTGTTCTGATTACTAGTTAGTCATTCCTGCGTGATCTAACTAGGCATAATGAGAGACGGGAAGACACCTGCCCTCAGCCGGTAGGGGTAGGCTTTAACCGCGACTTACCCATTTGTTGCTAGCTGAGGCCCCAGCGCTCTGCATGCCCCGAAAGATCACCTAGCTATCAGTACATCGACGATGAACCGGTGCAGAATAACTACAATACGCACCGGCTAATCGGTTTGAAATTCTAGTAGTGTCCCAAGCGACTACTCCGCTCTTGGTCGTTCCCTGTAGTGTTTCGGTTGCATATGATAGAATGATACAGTTACGTAACGCGAATGAACGACGCAGCCGACAATTACCGCAACGACCTGAACAAGTGGATAGCTGTCCCTATCTAAATCGACCAGCCTTGCGGATCTTGCACTTGGCCGCCAAATAGCCAATGGCGAGAACGAGACCTAACACGAATGATCCTGCATCTGCAGCGTGGATTCCACCGCTTAACTAAAAGGCTGAGTAGAGGATGCACTGTGCCCCTAGCTCCTCTCCGTCGTTAAGATTAGATAGTGCCGGGCAATGTCACCTCCCGGGTGAATGACAGATTAGTGGGGGCCTAAGCGGCTGACCAGGCTCGGCGCATGAATGCCGCTTACCCGGCACTAACGAGCCAGCTTGGCCCTTCCCCAGTCAGCCTTACACCTCAGTTTTGAGTTGCGGACATAGCCCCAGCCGCTCACTACTACACGACAGTCGAAGCGTTTAGGGGCCTCATGTTAGTCCGTGCGCAGGACATGACACGAAGCGGGAAGCGTCATGGAGCTCTAGCTTCTATAGGGTCCGTTTTATGGAGGTGTTATGATTCGGTTAACCTTCATGTGGCACAGGTAACGGTGGCGGTGCCATCGCTGAACCATCCAGTAAATTAGGCCGGAGAACAGTTTCTTAATCATAACTGGTGCTTTGTACGAGGAATCGAGCACATTGCGGCAGCCTAAAAATCGGTTAGTCTGAGCAATGCAGCATCTGGGCACCCCATACATTATGTCTTTCTGCTCTGATTCATGTCCCCTCCAGTCGTTTAGGGTGGTATCGAGTGATATACCGATAGGGACGTAGACCCCGCGATTCTCTATGGACGCAGGATCGGTAAGGTGGTAACGGCTGACTGGTTACATCTAAATAGAGCACCCGTAGTCCACGCAACCGTGG,1624,50.55,Homo sapiens
SEQ_908956,CGTCAATGTCTTAAGGCGAATGAGCCACAGTAGCTAGAACGCACGGAACGAGCCGAACATCAGTTTGCCCACGCAGATCGGTCGGTACGAAGGTAACTCTCCGATACTACACAAAGGCCCGTTATCGTAGCCGGACATGGCTGGGTACAACGTTGCGGAATGAGGCCCCCCTTCGTGGCCGGGTTGGGGAAGCCACAGGTGGTTTATGTATACCGTAGAGATCCCCGTACATCCATCAACGCGGCTTGCCTGCGGCGATCCCACTGCAGGCCTGTTGCCAGACAGGGAGTCTAGGCCACGCGTTGGAGCTGCGGGGCAAAAAGCGCAACCGGTGATCACACTGCCCCGCGAATAAGACGGTTAGACTCGCTGCCAGTTTGTAAAGACGTATACGATGGTGCCAGATCCTCCCATCCTCCGTTGCTACTACGGCAACTTCTCCTTATGGTGTCCAGTGCTTGACACTTGATCTTTCGTGCTAGTGACAACTCTCGGGGAAGATTCCGGGTTATTGATCAGGGCCCTTTTACGTGGGCCGAGGCCATGTCTAGGAGCCACATCCCCAACGGAAAAGGACTACTCGACCGTACGCCCTGGGTACGTGTTGCTTAGAGTGTGGACACGGGGCACGTGAATACATTGCATCCCTTTGCCGCCGACAGGTGAGCCGCTGGTTTCACGGAGCCGCGCAGGGTGTACGTTGTTCATAGTGCCCAGTGCTCTGAGGGGTGTTGTTCGAGAACACTGCTAGAGAGTCCTTGACAGGTCCCGTGGTAGACAGTTGCCGCCTCAAGCTAAAACGTTACGTGTCTGAGAGCTACATTTGTTCTCGTACGACGTTCTCAGAGAGGATTGTGTAAACACGTTTTCTTACGGAATGCCTCTGTTCTCTGAGAAAGCTATCCTTCAGACCAACTCCGATTTCGGCACGGAGACGAAGTATGCACAGACTTCTGTGTTACTGGTCGATCCTCGCATACATCAGCGCTCGACTTCGGCCAAGTGTATGCCACCCGCATCCGAAGTGGTAGCAACGTGTGGCGGCTGAAAACATCATTGGGACGCTATTTGGTCGTTTCTCGGCCTTCATGGGGGCAAAGCGCCAAGAATAAAACGTTCGGGTATACAGCGCCGCTTGTCACTTTAATTTGCGTATTTTGCCGACGGATATTATAGCAAAAGTCGAATCTGTGTAAACAACTAATGAGCAAACGGCCGTACCCTCTGCACTAGTGCCGGCAGCGGGGCATGAGTTAGGGAGTTCAATGTACCAACTTCCCCAAATACTCTAGGCCATCACGCTCCGTAGAGCCATGTGATAAGCTGTATACCAACTTGCCGGAAAAACATCACTCGTTAAGGGTTGGTTTCGCTACT,1377,53.23,Homo sapiens
SEQ_206688,CGCTTGGTGCTGTGTATGTAATCGGGACAGCGGACCTGGACTTGCTATAAGTAGAATATCTTGTGAGGTATGCCGGTCACATACTTAACGTCTCACTCCACTGTGAATCCACTTCCTGAAAGGCCGACGGCTTTGCTCTATTAGGCGGGCGTTCTGACCCTTCAGATCACGCATCCCATGTAGGCATCACGCCCTACGTAGGACCGTACGATATTTACCAGAGTAACAGACCAACACTGAGCCAGTTTCAGGGTGGGAGCGATACCGGAGTTAATCACAATGTTTCTGGTTCCGCGTGATCCGCGGTCTAGGAGAACCAGTGCTAAATTCCGAGGACGAGCGACCAACGTACCCCTAAGTCATTAGGCCGAGCTCCCAAGTTCATGCGCGCATGGTTATACCAATCGCGTCCCTATGACTGGCTAGATCGGTCAGAGGAAGGATAGATCAACCGTGCCCTAGACGCTCAAAAGACCACGCCCCGGCCGCTCTTATGTACCTCAAAACGTCGCAGCTCGGGTTGAGACTACCATTAATTGGCTCCGTCCGCCACAAAGTGACCGCAATTCATGAGATCCCATACTGAGCCTTCCCCCCGTGTTGATTGCAGCGCAAGGTTTTTTAGTTGCTAGCCGTGGTTTTACAAGGGGTATGGCGCGGATACTAATGTGTATGAACAGTTGTCGCAGCAGGTCTTCAAAGTTAAGTTGATTCAGAACTGTCTACCTCCATGTGCACCCATCACCGAGCGATTGAATGAACTTCGGGCGCCGGGTTTAACCATTCAGCACTCATCTTGAGCTGTACAACCACTTAATCCCTAACAGTCCCTTAATTTAACGGTAGAGGATTCTGTGAGTCTTTGGTTTCAACCACAAGGTGCCTAGATGTCCTGCAAGCTATACCCATCCATTCCGCAGCGAAAGCCTTTTGGCTCGCCAAAATCCCATGTCGGAGCACTGAGGTCTCCTAGAGAGTACGACTCCATATTTGTTGTACGACTGCCCGCGGACCCTCGGTTCATATGTAGTGAATCAGGGACACTTGCACCCCAATGTCTCCTACGCAGTGGGTGCGATTCTACAGGTGGCCGGCTGGGCATTAATCGCTAAGAGGAGACTCCTCCTTCTTGGCGGAGCAATTCTTAACAGGTAGACCTCCCTACCCTGGATTACCCTATTTCAAAACCGCCGTACTCGATTTCGGTGTCAGACGTCATCCATAGGCGCTCTGCCTAGCAATCTGGAAGCAAAAAAAAAGCCGACTCGTATCGCTATGCCGCAGTACATCGGCTCACGATAGCAAGAAATTTATCTAAGGTTGATCCCGAAGTCGGCGCAAATGCATGCGCACGAGACGATGGAGGAGGTTGCTTCTCAACTCAAATGAGGGATGTTCATGAGAAGTACCATACTCCATATCTTTACCGTACGAGTGGTCAATATTATTGGGTGGTGCGATCGAATCATAAAGCACGGTCCAGTCCTGACCCAGATCCCAATCTTTCGTACTGTTGTATTGACTCGCTATGGGTGATTGCATATGGCTTCAGTGCGTCGATTGGGGGATGACAATACCGCAGTAGCTCCCATCGACCTGTATTCTTCAGTCGTCGCGCTCTATGACGATGAACATCGATGAAACCCCTGTACGGGTAAAGGGGCGTCCCGTTGTGCTGACGTTGTTTTGACGCATGGGATTTCACCTCGCTATGGCAGTCAATACGTACTATGAATAAACTACAGAAATTACTTTTGTAGCCAGCTTAAATCCTGGTTCCTCCTTAATACGTTTGAACTAGATACCGGCGCTCGTGAGATACTGAGGCCCTTCAGTACGTTCCCCAGTAGC,1851,50.14,Arabidopsis thaliana
SEQ_566937,CTCTCACACCGGCGCCCGACAAGAGTCATCATTATGGGTAGAGGGTCACTTCATAACGTTCGTGCACTGATACCACATGGGTAAGTAAATATCCCCGAAACATTGTGCCGGTAATACTTTACCAGAGGTCTGGGCGTCTGTCCAGGTAACCAAGGGCGACCCCCACCTACTGGGTTAAACACGTCCTCAAATTTGAATTACGGCCGCACATAGTCATAAGTTAAATTACGTCGCATCCTACGTGCTGGCCTTGTGGAGACCTCACAGGCGAGAGACATCTTCGTCGCGCTGCTAACGAACACGAGAGTACGGCCAGGAGAGCCGGGGGAGGTTATCGATCGGCGCTCAAAGAGAGTCTATAAGTAGGCCTGTCCTATAAAGTCCTTCGGATTAAACCCTCTCCTGATGTTTGAACAACTCGACGGAAATGTTGCTTAGGTACGACCGGGACAACAAGTGTGGAGGATTTGAGCACGTTCTTCCCTTCATAGCCACGCGGCACATTTGACTCGCCAATGAAAGCCGGGACGTGCGCCACGTCTGTCTTAAATAACAAACAGGCAGAAAGCAACTCCAAGGCAATATAGGACCATTCATAGTACTGAACTAGTGGAGAGTCACCGAGTTTGAAACTGGCTGACAACGGTCGCCTCTGCTGAGAGCCCACGACATCGCCAGTATCTTCCAATAGGATGCCGTAACATCGAATTCACCGGGTCCTGCCACAATCGTCTAAATTCACTAACCAGAAGGCAAGAATCGATGACTATGCGGAGACAGTGGATACGCCTGCCAGACCGGTTGTGAAACGCTTGTGTTCCGATTTGGGGTATATAGCTTCAAT,844,50.36,Drosophila melanogaster
SEQ_243495,CCTCCTCCCCCTTCAACGCACCCAAGTCCCAAGTGACGCAGTATAATCCGTAACCTTCCGACTTCAGTTGGCTGGATACTTAATCCTACGTTGTCGACTGACACGAGATGAAAATTATAACATGCACAATGGTGCACTGCTCGAAACCTTTCCAACAGTTCGTACTACGGGTTCTAGTAGATTGTACTTCGCTCATCCGAGAGGCGCGAGAACTGGAGCCTACCTTTTTATTTGAAAGGACAGCCCAGCCCGCACGTTGACCAGCGCGTAGCCCGATAGGAGTCCGGCTACCCAACCCCACTTAGGGCTTGACGACCAGAAACACGCTAACTGACCCGAAGGCTCTGTTAGAAATCGTTCCCGGGTTAACACAAAAGTAGGCGTTTTATCGCTATTTCGGTTGCAGGTGCATGTGCAGTGTTGGGCATGCACATGCCCCGCGCACGTACTCTGTGTAAAAGCGACTGTTGTCAGAAATACGTGACCGGGGGGCTACATTTATCACGCGGTGGGCGTGACCAGAATTACATGACTAATACCACAGGTCCTCAGCAGTTGTCCCTAGCAAAGAATCCAACGGGAGCAGCGTGTGAACAGGAGTCGCTTATCGTAACGAGGACGCGGACGGTCCCGGATGGAAGGCAATGAAGTACCAATCTCGCCACAGTCGCCTGCGTGGGGCGCGATATGGCCTTGTGGCTTTTGTTTCCTCACTTTGATGCGGTCCACCAAAGTCTCGGCCCGCGTCTTAAAAACGGAATTTTGGCAAAAACCATTAGACGGAGAGTAGGCGATGAGTACTCGAGAACGTCTTACTCAGTCGTGCAAAGCTAACTTCCCCAGAGTCGTAAGTATGTCAGGCTGGGAATGAATCCCATATAGAACTAGCTGGTTTTCTCGGTTACTCGCCCCGACGCTACG,921,51.9,Arabidopsis thaliana
SEQ_445235,ATCTGTTTGATAGACGGGACCCACAAATACAGATTCTCATGGGGCCCGAAACCTCATATCTTACGGGGGCGGACCGGTATGCTATATAGTATTAAGGCACTTACCTTTACCCCAGGGCAATCGAAAGCATGCACGGTGGCAACATGCCCTAATACTTGCGACAGCGTAATCAAGAAAACCAGTGTACGACTGTGATATTGTGTGACCGTCGATAGAATAAGCCTAGACGGCCGACCTGACGGGCTGAGTTGGCGAAGACCTGGTTACATCTGACGATCGTGGAGATAGTAAGTCATGCGCAATAGTCATAGGTATAGGACGTCATCCTACGGATCCATCTTAACCCGGATCCAGCTCGACAGCATATGCAGAGGGGTACCTACGTGGCTCCCTGACATTTGCGCAACTGGGGATGTCTTAAAAGTATCCCGATTGGTCACTAACGCCGTAACTTTGGCGTGGCAGTCTTGCTAGGGCGCAAGACTTGCATACCGTCCTTACCTGAGCAGTAACTGCATTAGCCCCAAGTTGTAACGTTCTTCGTACGCGCGTTCAAGCTTCAAATAGGACTGATGTCACCACAAGTCTGTGAGGTTCCTCTCCTACTCGCAGAAGAGCCCAATCAAAGCGGAACTTTCCAAGGGACGTAACATCAACACGCATGGTTCACCTGCCAGCTAAATTTATCAGAGCGGACCTATATCCCGAGTATATGACACTCCCAAGTGGTTCCATCACAGTTCTGGATGCTGGGAGATTCAACTTTACCACTAGTTGCGGCAACGGGATGACGAGCAGCGCGACAGTCACACCCTCAGGGACCAAAACTCATAGTGGTCCCAGCTCCCAATTATTATCCATTGAATGGTACGGGGATTCATTACGCAGGATTAGCTCTCCGGATGGCAACACAGGCGTTAATCCCAGTTGTTGATAGAGGGTACACGCCCTGCCCAAAGGCATGCTACGTCATAAATGGGGTTCTA,986,50.0,Arabidopsis thaliana
SEQ_676812,TGCGATTTATCGAGCGAAGCTCCTTCTAATAATCAGAAATTTGCCTGTAAGCTCGTGCTCTTTACGTGACTATCATAGTAAACGATACCTGATGTTATACCGAGTGAGGTGACGGTCATGGGGGTAAATTCTACCCAAATTTGGCCTATCGACCGATAGCGTCCCCGACGTCCATTAGTCCCAACAGTTCAGCAATCCCTTCACTATAAAAGGACATATTTCAAAGACAAACTGCGTAGTCCGTCCATCGGATACACAGTTAACTTTGCTTCTCGTATAGCGCTGCTATGAGAAAGGCTGGTGGTAGAAGTTTCCGTGGTTATTTGGGTTGCGGCACTGGTTCATGACACCCGTCGATGAAGGATTTGAGCAGTGGAGGCCTCAAGCGTGACAAAAATAACACTTCCTCGGCGGGTCGTCTTTACCTAATCTACCCCGCTCGACCAGTTTCCGATCTTGGGAGTACTCTCTGATCTTCCAATAAACCACTTGTTCGTGTTGCCGTCATCACTGACACGCCTTTGGGGAGGCTTCCTCTCACAGGAACGGATGGTGGCCGCGGAGGTAGGTAGTCTTACCGAACCATTTACCTATGGATCCTCAATAGCCGGTTCACGGTAGGGACCTATATCATGACGTACCGGTGGTTGTTCAATATGGGCCCGCAACTGGTAGACGAGGCGTCCGCGTAGATGCTGAAATACGCGTAGAAGTATTGGTCGTGTAGCTTATTAGAAACCCTGGCTTGACACCCAGGAGTCAGAATTTATAGTGAAGTTACGCTGTTTGGGTCACAATCATATCAAAAGGCTAACAATCGCCGGATGTTTTAATATTCGTCTCCCCTAAGTTGAGTAAAGAGCCTTATTTGGACTAGTATAATGGTCGGCTGCGGCTTGGGGTATTAACCCCCAGATTCTAAGAAGTTCCACTTAGTCGCCAATCTAGTCCCCGGTGCTATGACCTAGAGTTCGCGAATACGAAATGCGCTCGACACTGGGCTGTCCATACTACGCTAGTGTGTCGCCCGAGCCACAGCGTTGGGCAATTACATCAGACCCCTTCGGTCCATATGCCTAGCCCGCATCACTCTGATTATACAGCGCAGGCGTCAATAGAGACCGCCATGTTGTGATATTCTGCGGACCACACGCCCCCGGGGCGCATGTAAGGGACTCCAACGAATTCCATCTGGCTAATCATCCTCTGCCTTTTCGTGCTTTCGCAGGCTATGTGCCAGGGAGGGAGCTCGGGTAGCTACTGAGGGGTCCCAATAAGCGGGCGTGACTCATCAGGCTAGAAAATTTATGCACGTCTTCAGCTACGGCGTGGATGTTCACAGACAGAGATCTGTGACCCGCTAACTTGAGTGAAACTCACAAGGGGCTTCAGTCACATAAGTTACTATATCCACTCATAAGCTTGCATTGCTCGTTTGGTCATGATGACAAATTAACAGGTTCTCTCCTAGATAATACGCAGTCACGCTACGAGATGGCGGTATCAGCTCCCACGATGGATAAAATTCAGATATTTGGTACGCTGTAGCAGGTACACGATCAGCTACCAAGTCGAGAAATGCGATTGTATGACGCTACCGTCTTAAACTGGCGGTATAAGGAGCCTGCGGTTTTCTGAAAC,1641,48.99,Homo sapiens
SEQ_765771,TTTCGTTAATCGGGAGTTATTCACCAGAGAATTTGCCGGGCTGGTAAAGTTGATACTAGCCATTTTTCACACCTGTAGATGCGCGACACCGCGTGGCATCTCGGGTGGGTGTAGGTTGTAAGAACGTGCGCTCTAAAGTTCTGATTTCGGTATAGAAATGGGAGGGGTGATCAATATTAAGGTAGTAGGTTCTACCTGGGGTTTGTGGGTTGACTGATTCACGTGGTCCCGTACCAAATCAGCACGTCCGAGTTCTTAGGTTTTTATTGTGGACGTGGAGCAGAGAAATTTATTTTCGCTCCAGTTTTTCATCGACTGCACCATCGCAGAGACCGACGAACAAGTAGGCCTACAACTCCATTGAACCGTCCAGGCGCCCTGAATTGCGATCTCAGCAGATCTGCGGACTATGCTATTGCAGACCTAGGTCCTTAATTGCAGACAGCTAGATGTGAAAAGCTTGCCAAGCGACATCCTTTCTAGCGCCCCTGTCACGTTTTGATGGGCACTAACACAAGAACCTTCAGCATAGTTGCCCCAGTAGTGTCGCCCTATACGGACCTCACACCGTATCGCTACTTGAATTTGTACCATTCCTAAACACTCGATGACTGTAATTACCCCGACTTTAATGCGAGCGGTAAAAAAACTTGTCGGTTTAACAAATTGTATTTCTGCTCGCTATTCCTGCAGAACACTAATAACTGTTCTACAGTGGCAGATTATAGTCAAAACTTATCTTAACGAGGGCGAAGTACGTGGCCTACAGACACAGTAAGACTAGATATCGTGTGAACCCTATCCTGAAAGATATCACCTGAAGACAGTTACCGCTGGCCCTCAATGTCTAATTATGACAGTGCGTAGACCGTTGTTTGAGAAAAACCAAAGTAAACTACGACTTAGCGGTAGGCGGTCACAATAGACTGTAAGTAGCCACGGAACTTACCAGGGCCCGGAATGAGCAAAACCAGATCTGAATATCTGAATCCACTAGCCGTAAGATAACATGGGACGAAAGGTCCGGCGAATGCTCGATTTCAAATGGAGCCGGAGGATCTTCTATATTCAGGGTAATACCTCCGAGCAGCCTAGTCCTCTTGCCAACCATTGCCGAGGGTAAGATTTATAGTGCTAGCCCAAGCAATCGTGGCCCCGGGGGAAGTCGAACCGACGGTTATTAATAACACGATCGAGAACAGGCAAAAATCGAGCGGCTGACTCGGGTTCTATGCGCTATGCCCCCGTATATGCCAAAACATAAATTTAGTGGCAGAGCTGAGTCCGAAGCTGACAGTACACTAGAAGCGTACGGAAGACGGAAAATGAGTAGACTTTAAAGCTATTTTGTCAGGCGAAC,1360,46.91,Mus musculus
SEQ_357833,CACCTTTGTAGACTATAGCACATCACGAATGAATCCGTAACGACTTCAGTTATCTTGCGATAAAGTTAGGGTCAGCTGCAGGCCTGTTTCGCGAAATCTTGTATTTCCAGATATAGAACGAGAAGCTTCGATCCAGCAGCGGAGGTTCCGCACAATGAAAATCGATCATGCCCACGCTTGTACTCCCCATTACAGCAGGAACTACCCCGGGTGCCAATAAGATACCGCGTAAGATAACGAACTCTCCGGAAATATCTGCATAGACATGGGTACGTCGTCCCAGCCGCTTGGCGTTTCAAAACTTCTTACAATTCGGCGGGCAGGTGGGTAAACTAACGTACGTTTGGTCGTGTACGTCAAGTATATAGACGTCCCGAACAGTTTTCCAACATTAATCTGTAAACATTCTCCATCAATCACCATGGCGAGGTACCAGTGGAACGGTACGATGACACTAGTGCTTGAGAATAGTGAACTAGAAGCAAACAATTCGGTAAGGGACTACATCAAACTGTCCTCAGTTTAAGAGAAGGAAGATGTGAACCTCGGTATGTCAAGCCTGCCACAACTCACAAGTTGAAACCCAGACCTAAGAAAACCCGTACACGCTGAAATTTGTTGTCAAGTTCTCTCGTGCTAGAGCAGGCGCTGTTCGAGTGCACCGCGAGGTGACCTCGTGGTCGTAGTGCCAAGATATAGAAGACAGTTTCTGGACTGAAGTCACGTTCTACGATCGCCTGTCGGGAGGAGCGATGAAACTGGGGGTTCCATGTCGTCTGTATCCGATTCTCTAATTCATGGGTAAAGGCGTCGCAGACGGAAAATCGTCCGGACGAGCATATCCGATCTGTCAAGACACTCCGAAGCAGAGACCTAGCTGTGGGCTTCGGTACATTCCTTAAATTAGATTCATTTCCTCTCTAGGGGAAGTGCTTTGGCTAGAAAGGCCAACCTTGGTATGAGAGTATAGTATGTGCCTCTGATCTTGGTGAGAAATTCATCTGCTGCAAAAGCGTAGATATCATATTTCAAGCCAGTTAAACACCCATACCACGCATAACCATTTACTCAGTAGTGAGGTGGTGTACTAGCTTTGCTAATTTGCTCCGATTGGGCCCGTTGAGGCCGAACGCCCATATTGATCAAGGAAACTTCTCCCCATCTTGCAAGGGTTGCTCGAAGAAAATCCATCATCAGACGGTAGAAAAGTTACAGTAAGGACCCATGAATTGTTGGACAATTCTCAATGTCTAAGAGACTCTACACCTTTCCAAGTGCGTAGGAACCTGATACTCGTGGCTCTTACTATTTGCTACGTACTTGTTCGGGCTGTCCCCGAGCAATTACACTCATGTTGCTTATGTCAGCCGAAGCGTATATATCGGTGTCCCCTCCTAGTCTGCGGGCGTATCTTAGTCTAAGTAGTTGTCCCGAATAATTTAGAGCCCCTAAGGCAGAGCGTAGCCGTGCTCGCATATAAGGGGTCGTGCCAACGGTTATATCGTCCTTGACATCAGGAGGGGCGCATACCAAATAAAAGCCTGCTTGCGCTATTCAGCCGACTATCCGACTTAATGACTGCAGCTCGCCGGAGGATGAGCCAAATGCGCAAAAAGCTCTTGGCCCAA,1628,47.67,Mus musculus
SEQ_372345,CACCCGCAATGTTCATTAGTCCCCAAATAGTCTATCAGGCAGGCCAGTAGTTACGTTCGGAGGCAGGGTTTCTTTCTGTAACAATCATTACTTCTACTAATAACCGGAAGCATACCGACTGGGCTG,126,46.83,Saccharomyces cerevisiae
SEQ_794074,CTGGCGAACATGCGATGGCGTGATCTACCGGCGTCGTTCATCCCACCCACGGTATTGGCCGCGTAGGATTGCGCACGTTTCGCCTTTTCTTAGGCCAATGATGAAATGTCCGGCTAAATACCAGAGAATATCAGAGCGTAGCGAAACGGGCGACTAGGATGACCTTTAGCTGGAACAGGATATATGGAATCTAAAATCATTTGCGGCCGACGACGTCAAAACAGCAGACTCAATTTGCCACACCCCTTCTCCCGCCTGCTACCGATAGTGAATTTGTTGTCACACAAAGACTACGATGGCAATCTGTTAGTTTCTGATCCAGATCTGCGGACTCACGTCCGTGCGCGAGAGAAATGAGATTGGACAATTGCCCAAGGAGAACTGAAATCCATGAGTGCGACAGACAGTTTAAATAGAGTTTTCTAAGCATTTATCATGGGTGTTGCGCAGCTAACAACATTGTGGCTTTCTAAAATGCCTGAGTACGTATCGTGGCCTTAGCTCCTCTTGACGCGTCAGCGCATACTCAGTTAGCGTTATCCCAACTCAGCGGCACCGACATTATTGGGAAATATGGGTCATGGTAGTATATGTGTTCA,599,48.08,Caenorhabditis elegans
SEQ_144567,GTACCTAGGCTCCTTCATGCCATGAAATCGTTTTCCACCTGACTAGGGTGTTTCATCTACCTACGGACATTAATCCAATTTCGAAGCCCGCCGCGATCTTATCCTATGAACGCCTATAAAAGACCGATCGATTGATTATCCGAGGACCGGGCGAAGGCACGTCGGAGGTGTATTTATTCCTGAATTGCGTCTCATACGTTGCGACCGATCCAGGTTCATTTATGGCAATTCGACACACATCATTCATCGACAACCGGGTCCTCCCTGTCACACATCTGTTGTCTCTGTGATGGCGTGACGTAATACGTAAAAATATACCCCAGCGAGAACCTCAAGTATACCCCACCTGTATAATTAAGGTTTTGGTTAATCTAGTATACCGGATAGTTCCCCGCTCTCAGCCCAGGCCGTCCCACAACTGACGTTCCTGTGATTAAAAATGGCCTTTTGTTGCCTAAATCGCGCATATAATTAATCATGCCCTCTGGTATGATTACGAGTTTAGAAGCGCCTAGGGGGCCATTGGCGATGAGCTCGCCGCATAGACAGTCTCTGACAAATGTCAAAGCTGCAAGACAGATTAGGAGGATGCGTTTCGCCGAAGGTCGTCCGATGTCAGACGAGCTCTAAAACTAATGCATTGCAGGAGCTCTTAGACGGTGCCCTACGGGCATGACCTATCCGGCCTGGTAAAGGAGCCGGTAATAATATCCAAGCAGTTGCTAGGAAACCGACTAACTTGGCTGGATATCTCGTATATCAAGGTTGACCAGATGAAGACTCCTGGTGTACGGTATCTGTGAAAAGTCCCTCGGTAGATCCTTCCGGCTTCTGCGTGACTCGAGATAGTGGTCTCGAGTATCGAATGTCTACGTACGGGGGTCATGAGGCGCCCGGTGCCAACAACGCCCTTTGTGGTCCGAGCTTACAAGTGTAGCTGCATGTGGGAATGACAGTAGTAGGATCTACATGTATACGCCCGGCTTGCGTCCGCTTGGTCTTCCGTTATCACGATGCATCCGCGGCTTTGCGGCCGGCCTGGCACTTCCGAGGAGATTCCCTGATCGTAGCATAACAGGCAGTTCTCCATGCAGCCATAGCACCTATAATCCGTAGCCCTAACTTGGTAAGCAGTGCCGGTAATGATTATGACATACAAGAGACGATTTACCGGGCTGTGTCTCTGATCGAGCAAGCCTCTCAGTGCTCCGAGGTGACATCGAACCATTGACGCGTGCGTTTGCGTACGCCCTCTATTGACGCAGGGCGCATGCTCCGTCACAAGACGGATGCACAGGCATTAGGCGTATGTTGTTAATGAGTTATTCCAGTGACTGCGGTTGTTATATTCGAGTATCACTTGAACCCGAACTGGTGCAGGATTCAATTTTAGCATCTATCATGTAATATGTCGTGACGGAAATCAACCTGAGATATACCTA,1442,49.51,Homo sapiens
SEQ_491418,CACTTTCGTAGGGGACGTGTATCTCTAAAGTCCGACTAGTCTCTCGTGGCAGCGTGCCGAGGAGTTAACAGTTACGCCCTGACCTTACATCTGGATCATCCTGATAATTAAGACGCACAGTCTTAGGATACGAAGCGCTTGTGGTACAGCCTGTTTAGTATGCATCCTCCCGCTGTAAGGATATGCGTGTTGTTAAGTTCTCTAACTATGTAATGACGGGCTGACCATTTTGAGCCGCCTATGAAATACTGGTGTTTAAGTTCAAGGCCGATGCTAATCATCACCCTACCGGGCGCAATGATGAATGGTCCGGGATGCTGATGTGGCGCGTAACTCACGGAACTTCAGCGTACCCGACCTCTCCGACCCCTGCTTACAACTCCCCAGCGCAAAGACTCGTGGATACTGGT,410,50.49,Homo sapiens
SEQ_541932,TGCACAGATTCCGGGGGTGCTTATAAGGGTCGCACCTGAGACTTAATACCCGTTGTGGGGACGAAGACGTCGCATCTAATGCTCACCGTTGACTAAACGTTCCGACTTCAGGACAAGCCTAAAGATTTTGGAAACCATTCACTAGTGAAAGCGACATGATGGGCCGATGAAACTTTCCGCGGCCTGTGGGTACATTATACCTTGAAATCTATGTCTTGCTTTCAGTGCCAACTTCATTCGTGCACGATAAAAAACCTTCAAGGATCACGTCACGCGAGCACGTTAGTTCTGCTGCACGACGGAGAAGGGCTCAATTCATGCCCAATCAATCGGTCGGAGATAGAAAGGTTCCCATACGCTATTGTTCCGCAGGAAAAGCATATCGGGACTAACTGGTTCGTTTAGACTTGACGCGGTATTGCCCACACCGTATTTTTCAGAGGCCTGGTGAAACCCTATCAGCCCGGCCTCGTGAAGCACTTCGGAATACTCCGCATGCGGATTGTGCCACGAAAATTCGGACCTCACATATGTACTCGGCCGTCTCATTCTGACTCATAGTTACCCGTGAAGGATAGCGTCGCCCAATCAATGATATTGAACCAAACTTTTCGCTAATGGGCCATGCATAGCAGACTTGTGTGGGCGTTTGGTGGTCCGCTTCGACATGAAACGTCGTGCAACTAATCACCAAGGCACTATTCAGCTCGTTCGTGTGTGTTTCACGGACTCGGAACCACTGGCCTCGTGATACACCTCTCAAAATCGCCCATGCCCCTACAGTTGCCCCGAAAATTCCATCTAGCGGGATGGTTTCGAAAGCGTCAGCCATAAAGTTTTGGTAGACGGCGTTAAGCCCTTTCCAGATGTCTGCGGAGCCAGCTCTATTCGCTTTAACGGGACGGGTCTTTGTTGCACTGGTCGTGCGCAGACTATTGAAGGAAGGCTAATGTTAAGTCGGTCTGATGTCCTACCGCGTTTAGACGGTTACCCGTGTAGACTGTCCCGTTATACAGTCCTCTAAAGGAGTGAACGCTTCCGCTAAATACTCTACTGGTTCGCTGTTTAGTGATCTTAGTTGGCTCGGGTCGGGAGTCTTTGTAGCCTTTAAGAGTCCGTTGAGCTAAGTTCTATTCCGGTTGGCCAGGTGGTCGCGTGGCCCACGGCATTCGTTGCATCCGTATTTTAGAGACGCTCGAAAACAAAGAAAGAGCTTCTGCGCACATCCATCCGCACATTTTGCCCTGTTCGGAAGTTTCTGTGTTACCCTTCAGGTAGTGAAAACAAGCAAATCTAAATCCGGGAGAATTGATCCTTAAGACAACGGGGAGGTCGGTGATTTATAGCAGCGCCCTGAGGTCCCGTTGCTGCTCGTGATTTCTTGCGCTTGAGAAAGCAGTGATACTGCCGGGAGAGGCCCGGGGACGCACACTTTGACTTAGCACGAGCATCCTGTCACGTCTGGGTTCACGGTTTAACTAATACAAAGCATCCGCAAAAGACAATACTCGCTTTCGACAGCTTGAGAACGGAAATAGCCCGACCAGAGCGGCAGGAACAGGACCGTGGTTTTAAAATGGTACATGGCCAAGCTGCTCCCAAGTTTACGCTAAC,1614,50.06,Caenorhabditis elegans
SEQ_415283,GACGTAGGTGTATGCCTGCTGGTCTAAAGACAACCCTCCACACCTCCGCTATTACGTATGTGGCTTGGCCCGCAATTACACCACCTAGTACACCCGGACTTCCAACAGAAAAGCGGAAGTATCTTCAGTTAAGGATTACCGTTACCATTTGTTTAGTCAGTCAGGGCTCAGTACAGCCCTCCGACATTAAGGGCTCTGGCTCTTCAATGACGAGCCGCTGCCGGGCCATGCTTAGTGTATGGGAAACGTTGAGCAATCCCCGGAGAGGGCGCGCTTGTGGACTGTCCTCACCTCAAAAGCTGATAGGCGTTCGATCGGCCCAAAGCAGGGTTAATATAGTAGCATGCATAATGCTGGTAAAAGATGTGTATAACTTCGCCACTCCTATCTATACTGGGATCCGA,404,50.74,Arabidopsis thaliana
SEQ_735169,TATACGTCACCTACCTTGGGTGATGACCTCAAGGCAAACTCCTCCACGTCCTATTATGGTGGTGATCACTGTCGTTCGTTTTGCGGGCAGACC,93,51.61,Drosophila melanogaster
SEQ_757817,AACTGCGGGAGAGGATACAGCCCTCGATTCGAGGATGGGGTGGCCGTAGGAGTGAAAGCAAGAGTTCGCCAAAACCGTGTGGTTGTACCTGTCTGACCCAGGTTTAAACTTTCGCTTTTGATTAGCAGGACCTGAAGATTTACCTACATACTGCTGGAATGGGCCGACAAAGTTGTCGGGTCGAAGGGCGTGTAGACTGTGCAAGGATGGACAGTAACGTCAATCGATACTAGGCTAAAGGTGCTTGTG,249,50.6,Arabidopsis thaliana
SEQ_597289,AGAGGGGGCCCTATTCAGGCCGCACCTCGTTTATAATAAGGCATACTGCGGCAGGTGAACGGCGGGCTTACTAGACACTTTCCCCGAGGGCCCGGTAAATTGGACAATCCGGT,113,56.64,Caenorhabditis elegans
SEQ_258628,AGCAACTTAATCCAAGGGAAGCTAGCCACAATATGTGAGTCCATCTTCATAGGCCAATCGCAAGCTAGGCACCTGAGCGATTTACACGCGGGCCTCAATGACAAGGGGTTGAACAAGTAGGGGCACAGGCGTCCCAAATCTCTTCCATATCTAGGAGCATTACATACCAACAGCCGAATGCCGTACTCAGATAGTGCAATCGAAAATGGGGATGGTCAGGACTATACGCGTTAGGCAGCTGAGTAGGCACGGGCAGTTCGGTGTTTAAGATTAATGGGCGTGGACACATCGAAGCATCCTAAGAAGGAGTATACATAGAGCTCATTAGGGCCGATATTTACGCCTCCTCGCCCGGTTCTACTTATCAAATTTAGGGGAGGAGTCCAATCATGGTATACTCCGATTTGACTGGGGGCCAAGCTGAGGTCTGAGCCTCAATATAATAAAACGAGGGTTAGAGTGCACCACAATTCAGTGCACTGATGATCCTAACAGATCCGCGAGCCAGGAGTGGGCTCGCACATCACACGGAGCACAATTTGGGAACGAATAGTAGAGGCGAAGACATGTCTTCGCATTTGCAGTTGTGGGCCGATAAGGTGGGTGAGACCGCCTTGCGTTCCACGCTGCTGATTCCTACGATGGCGACATGAGGTTGTCACGGCCTATCGTGGCGGAGCTCATAGCGGGGTAATCGTTACAGCCGGAGTATCATAATCGCGAGCTACTCTTCGATACTGCCAAGTTGACGCAGCCCATACTGGGCCTCACCTACAACACGCCTACTCATCTAGGCAGGTCACGCGAAGTGTGGCCCACAGCTAAACATTGTACTTTGCCGTGGACAATTTCGCATAACCATCGACATGTGCTACCAGCCCTGTTTCTCCCGTGCAGGCATACAACATACGACGATTGTTACAGCCGCAGTCCTCTATGATACTTCCTGCCGTTCGACCATGAGTCACACTTATATGTGGCTAGAAGGTATTATGGGCGTGAATCTTGTTGCTTTGTATATAGGATTCCACGTCTACAGCCGCAACCATTTTACCTTTAGGATAATGAGTGTATACAACGTGGGGATGCAAACGAACAGAATAACGATCTAGTATCTTATATACCTCTTAGAGGGAATGCGCTAAGCTCACCGTTAATACCGGGGATGGAAGTCCTAACGAACAAGGTGGCATACGTGTGGAAGAACAGCAGGGACAGGCTTCGACCTGTATTGTTGTCATTGTCTAACGCGGAAGAGCAGCTGGAGCCAGCCTCATAATTCCTCACCCTAGGTGACTCTAGATGAGTACGTCCATACTGTATGGGCCCGCGTTAAGGGCGCCATCGGAGTGGCTATCAGTTTCGTGCATAGCTGGAGTGTTTGTAATCCTGTTAAGCGCTCACATTGGTGAATTACGAAGTTGGCCATCTATGTGACAGTTCATCAGCCCTCACCGCGCGATCGATAAAAATGTTGTAGGCCGGGTCCCGACATGCAAGTTCTTTACTACTGACGGTCCGTGTTCGCTAGCATACTTCAGGCAGTGGACTGGTGTGATTGGGAATTACACTTCACATCTTAGTGGCTGGAAATACGTGAAAAGTCCGGTTTTGCGACCAATCTAGTTCGAGTAAAGACGAGTGAAATGATCGGCGCACG,1660,49.58,Mus musculus
SEQ_558069,GGATAGACAACTCTAAGGCGATGCAGTAAGGGTACAGATTTTACGAAAGCAATACACTCAATGTTTGAGTGATAGT,76,39.47,Saccharomyces cerevisiae
SEQ_279770,CCGGGTGCGGGCCGGGCTAAGGCGCCCTCGCGCCAATATAACCGACCTTGACACACTGAGGAACGTGTCGAGGATTCTGGGATTCCCTGTCCTGATCACAGTCGGGACAACGTTCCGTGCCTCGCGATCCATAGAACTCCTCAATTACAAAAAGTTAAGCCTCTTGGTGTAACCCTAACCCTTCGGGGGCTACACTTGTTTAATCGTCAACTAGCCTGGCACACAATGCCATTCTGCGCATTCATGCGCAGCGAACATTACTCACATTGGAACCTTAACTTCCTCTTGAACTGGCCTCATCGCGAAACAGCAGAGAGGTTCCGACTTCGCTGTGCATTTTTCGTCAAAGCAACCCTGACACAATCCGAGAAAATCGGGGACACCTTTGTAGCCCCCGGGCTGAACGAGCTGGTACGATCGGCTTTCACGGCCCATCTGGTGTCACAAGCGGCAACTGAGATGCTCCTGACATGGCAAGCTCGTCCGAGGAATGATGGGCTCCTAGTGGCGGCCTTCTTAGAACAGCCAGATTTTCAGATCGGGATATCCGACCATCTGGACGTGTTACTGTGAAGACTTGTAAGTACAGTCGGCCACACTTCCGCAATTCGGTATGGGGGCAGGTTGCAACCCTCCGTCGTAAGCAGCTGTCTCTAATTAACCGAAGCAGGCGTGGCCACTTCGACAGCCGCGGCGTACAGCCCAATTGCCAGTCAGGGAGGCCCTAGTCTGGAATGCACGCTAGGAAGCTGATTCTTGAGGCCTGTCGCTCGCCCAGTTGATTGAGGAGGACATCACGGGTGGCCAAGCCTGTACAGATTCGTTGTACCTTAGCCACGATTCTCTTGCCTCTTTCTACCCTCAGACCCCGTACCTTACTCATATCGCGCACGACTGCTTTTTGAACCCCTGTGGTACTCCATGGCAGCGTCTATCACTGAAGGTCCTGGTGCCACACGTGATCGAATCTCGTTGATATTTGGAACGTAATTTGCCGAAAGAGCTATCAATTTGTTTGACCCAAATCTTGGGTCGGGGTGATACCGGCTTAACGCCACGACAGAAAACGCCATGCTCAGGGCGTGTTACTGTACGTTCGCTCGTAAGAGTCTCGACCATTTAAGGCTATGTCCGGTGTAGCTACGTTTGAGCGCTCCATAGGTGGCCACAGTTTCTTCCAAATATGATTGAGGTCAGCCCCACGATCCAGCTCTGGCCCGACTTCTGCCTAATTAGCGACTGGCTTTCATACACCAGCTCATCTTACAAAAAAACTAAGTCAGCGGGGCAGGAGAAGGTGAGGAGGAACCAATACTTCAAGCTGAGTTCGTCCGCATCCTGGATGTTATCGGCGCAGGACTGTAATTTCAGGACAGGTGACATCTAAGTGTAGCGCTTCAGAAGATGGCAAGATCTCGCAAAGGCATGGCCGATGTAGCGTAGGCATCGTCCACACGATCTTTTGGGAGAGCGGTGTGTGGTGGCGTGGTACCCCTAAAGTTCTCGAACATGAGGTCAGGGGCGATTTTCCGTCGCGAAGGATGAAAGTTGTGATTTTTTGACGTGATATAGCAAGACGCAAGCGAATTAATATCATGTAGAGTAGGAATACTGGCATGATAGAGGTAGGGGGTGCGAACGTCAACGGCGCGATATCCCTCACCCAGGACGTCTGCTCAATACTGTTCTAGGGTGCTACTCTGGGCAGTGGGTATCAGCCCACGACTCTATTTATACAACTATGTTACATTACCACATAGTCGCCATAGTAAGCCTGTACAACATGATACCGT,1793,51.92,Mus musculus
SEQ_782124,GCCCACCCCGAGCAGACTGCCCAGGCAAGTTACGATGGCTCTTCGAAGATGTCTTACTGTTCATCCGTAGAGAGCCCGACTAGCAGTCACGCAGCCTGATGGCCCCAGCAGGCCGCGGCTTCTGCCCGGTTAAAATCGAGGCGCTACAGATAGAGCGGGTCTTAGAGATCCCTCCTAGGGTGACAGATGAACTGGAAGATTCACCGTATAAGATCGGCTTAACCTTTTAGTCTGCAGCAGGGCTTCGCACGTTGTGGCGAAGTGGATTTATACCTTCGGCAGTGATCTTGCCGCGTCGCTACGTGGAGGTCTAGGGCGCCACCGTGAATCGAAGGTGACCCCCCACTCCATCGTCTTACGTTACGGCCTGGGCTCAGCCTGGTTTAGATGAAAGAAATGGGTCAAGCGGCCCGCGCGTGACTGGCAAGTTGTAAGGTGGGCGTATCCCTTACGAAAGCGGCAATGTGGATACCTAGTCACGGTGCGCGGCTTCTGTGCTCAGTCCATCAGTGAGCCCGTGGGATCAGTAGACTAGGCGGCGGGGCGTATGACATAGGCTCTCTTACAGCGCTGGGGACGATTCAGATTTGCTCGTGAGGTCTCATCCAAGGCAAATGGAATCGCACGGTGCCGGAATCAGGCACGCCTTAAGGCTAACAGCGCCCCTGGACAGCGCGTGCTACGAACGA,689,57.18,Mus musculus
SEQ_779375,CCTTCGAACCAAGCTATGCTTCTCGTATACGCTCGACGACGCAAATTCCCGTCATCTAGAAGCAAGCGCCAATCTACGCGGCAGTGCATTCGGATTCAATATGACGACTAACGAATGTGTGCAAGGTGGCGGTGTACACCGCACGCACCTATACGGCGAGCGCTTCTTACATGGTGATATGGGTCTGCGGAGTAGACATCTGAAATATCGGTTGTCATCACG,222,51.35,Caenorhabditis elegans
SEQ_320490,GCCAGGCTGAGTCAACCCACTTTGATTGACAAGTGTTCATGTTAGGCGTGCGGCGTTATCTTATAGTCGACCTTGACGTCGAGGACTCAAAAGAATGAACCCTCACGGAATGACGGTCCGTCAAGATGAACCCCCACAATGGTCCTCTGAACTGAGCGCTCCGAGCTGCTTTGTCACGCCGGAAGTGCTTACAGGTTTCTGGTCCATTGACTGCTAGTCTCCTCGAGCGTTCTTAGAAATCACCTAGGGCTTTTATTTATAGGAGACAGTAGAGGATGTGCACATAGGCGTAGACACCTCCTCTAGCCAAGCTCACCTGATTGGCGGGTCGGATTCGAACGAATGCCGGAATAACTAGGACTAAATCCGTTTATCAGAGTAAAACTTCCAAACAGGAGTATTAGCTCTTTTTGGCAGCATCAATTTATCAATCCTCGGTCCGGGTCACGCTAAAGTTGATGGAGCGCTTGTTGTGCACAGTCCCTCGCACTTACCTTCGAGCGCACTGATCGTAATCATACGTCCAAAACTTGGTGCGAAACTCAACGCATCGACAGAAAAGCTAACTCTTGCTCTCCGAACCGGCTAACTTCGTCAGGGTCCAGAGAGCTTTGAATGTTATATCTACGTTCGTAGCTTATAGCTGCTCATACGGGGTGCACTCCCTGAATTAGAACAGTGCGCTGTCTGAGATTGCGGCGCATCTGTACCTGCAAGGTGCTTAGGCGGATTGTGCATAGAACATTTCGTCGGATCCCCTGGTTATTCGTGACAGATTCACAGCTCCCGACGAGTGTAACCTAACATTTTTACCTGCAGGTCCTGTAGCTCGATAGGACCGTCCTCACTGCTTTGGTCCGTTACCGTATTGGAACAGTTCAAATCTGGTGCTTGGGGCCAACAGCAACCCCCAAATGCTAACCGATCCCACTGCATCTAAGTATGTGATCCTCTTGCAACACCTCAGGCCCCGTATTAGCTTCGACAGTACATAGTGTCCCACAGGCTACAGTGGAAATCCTGGGAGACCAGCGCTATGGCGCAATGAACAATCAGGTGGGTGCTCGTCCCGTCGGTTGACAGCGCTACCGGCTCCAAGCAGGGCGAATACACAATTTGTTCTTCGGTCGACCCCGCGTGAGTCATAATGCGCAGAGAGCGTTGCGTTAAAATCGTATAACCGGCAGGCGCGAGTATGT,1199,50.54,Drosophila melanogaster
SEQ_866808,AAAGCACCCTCTGCCCTGGACTTCCCGCGGACACGGTGGACAAGCAAACTACAGTCACGCGATGCGTGTTGGTGGGAAAACTGAACGTAGTCATACTGATACAGACGCGGACAACCGGGCGTCGGGAAATCCATCTGTTACCTGCCCCTCCGGAGGGAAGCGTTCGCGATCGCCGCCTAGCCCCTGGATGCGGCACAACAACGAAATCCCAGGATGCCAGCTTATGCCGAGTTGTCTCGCTACGTGCACCACTGTAGACACACGAGCACAATAGAAAGCTTGGTGGATCCTCCGGACCCTTGGAGTACTACATGAAGTATACTTGGCACAAGCGAGTGCAATCCTTCGCTTGCCCGTATGGAATGCGGAGTTTTGCCCGGGTGAAATTGGGGAATACCCCTACAGACCTTCACCCCAATTTTGTGAATCCTACAGTCCACGTCCCCGTTGCTCCACCTAATATTTAAACTGGTCGAGGCGAGGTGGGAACTCACTGGCACGTTGGAGTTTAAGATGAGGCTTCCAATTTGGCCTTAGGTCCCTTCTAGAAGCAAGACGGATTTTCCGTGTTATGCGCACGGCGGCCAAGCCTATTCTTTTCGACTTTCGATCAACAAAAAGCGCAGGGGTGTAGCTTGCTCGCGGGCTGCCCACACTTCACCGCCGAGATCGCAACATCTAGCCGCAGCGTAGAGTTGGAAACCAGGTGAGGCGTTTCTTGCTTACAGACATGCCCCGACTCTAGCGGACTGTGAGATTCATCCGTTTAGGGCCGACGCATCATCAACCTCATCTAATGAAGTGCTACGATAGGTCCCATATAATTCGCAGTTTTAGTGAAAACTCCATCTGATTTTTCCCTCAAATTGCGGCTTACTGGAGGGGTCTGTTAATAGCAAACCGGCCCAGGTACCGCGAGTAATCACTCTGTCATTGTTCTGTCGTCTCTGTCGCGTAGTGGCATTGTACTGGCCACGGCCGAGTATGACCTATGCCATGCAAGTGGGCAGTAAGCGGGCCGGAACCTTTTACGCGTCCCTAATCAGAGACCGATAGCTGTCGTCCCAAGGTGCAGTAAGGGATTGGGGACTGACAGAGCGGGTCGGTTCTTCTCCAGCCTGACACACAGAACTCTGCGCCGCCGAGCCTTACGATAGTAAGTTGTGCGGACTACTGGGTCACAGAACGACGTAGCTATAAATAAGGTCAGTTGATTAGTACAACATACTTAGTTTGTACATGGTCAGTGAGATTACTGCTGCTGTTAGCGGTGATCTTTAGTAACACTGCCGATCCCAAGAGGCTACCGGTCTGTTCAAACCCGCGTATATGTTGCACCGCTAAGACTCTAGGGAGAGGCTGCAACTCACCTAATCGCGTGTGGGCTAAGTATAAGCGCCCTAAATCTGCATTTCCCAGGAAGTCTCAGCCTGCAGAATGGAACTCTGTCTAAAGTCACTCTACCTCTATCAACGGAAATGCCCGAGGAAAGGGATGTTGGGATGACTCCGATCGTAGCCCTCCTTCCCAATTGTACATGTACCCAACGTACAGTCATTGCGTGTTAGACACCCCGGTACTTCACAAAGAAAGAAAAGTTTAAAACTTCAGCATTTCTACCAAACGATTAGCTCTCAAAGATCCGACCCACCAAGCCTGGGAGGAAAGCGTCGGTCATGGACCTAGAATGCTGGACGACGTACCGTCAGAAACAATTCTGGTAATAACAACTATGCACGAGGCTATGTCGTCCAAAACCAGTCCCGAGGGCCGGCTATTTAATATAGGGCACGAATCGAAA,1801,51.42,Arabidopsis thaliana
SEQ_638457,TCAGGAGCCGAAGACGTTCCGCAAAGAGCTGTCGCCAGCGATCATGCCCCAAGTCATACGTTGC,64,57.81,Drosophila melanogaster
SEQ_347652,AGGTCGTTTTGTACTGGTCTAATCCTAGTTAGTATGCAGGTTTACCGCGAGTCCACGCTCGATATCAACCGCTTTATACCCATTGATCTTGTGGATCACACGCCAACTGCCAAGGTTCCCCCGGCATTCCGAAGTCTAATCATCTCGGTTCCTCCTAACACTTAGGTCTGGTGGGTGTATTCTGAGTAGCGTGTGACGCTTAACTAAATGTTTGCTCATGTTACCCTAAATCCTCTTAACCGCCCTCTCATAATTCCCATTCTCAGACCTCACTGGGGTTGGTCGCAGCCTGATCAGCCTACTTGATCCTTTTCGACTTATCTTTCCTATGCCAAAGAACATCT,344,47.09,Mus musculus
SEQ_560666,GTGTAGTATCGTCCTTTCAGCATAGGAGTAGCCAAGCTCGACTTGTCGTCTCCGCCTTATACCTCTGTCCCCTAAATCCGTGACCAGCCCAGTCAGCGTGACTGAATCGCCTGGATAGGTATCTGTACAGTCGATTGTTTACGCAACCTTAGCGCGTTACGCGAATGCACCACTATCAGTACTCTAGCCGGAAGAATATAATGAATGATTGTGGTAATGCACACGTTCCCGACTGCTAGTGAATTGCGGTCAGTTACAATCACATGGATGATAATTTCCACCCAGCCCAGTACAGCGTCCGGAGCCGTTGCGTCGCCAAACAGCTCTTATCAAATCGTTTTGATTATCCATTGGGGGTGCATAAGGGAACAGCGCCAGGTTGTGTCGGTGAAGAGTAGCGTCGGGCGCTAAATCTAGTTCCCCTCAAATTCTACCTGCCCATCCATCCCTCGAGAACCGAGACTTCTCGGAGACCCTCGTACCCTACGCCTCAGACATCATTGATCAGAAAGGCGATATCGAAGCTACGGCATGGAGTAATAGCCTCGGCACGCGCTTCGAGATGGCGCGCTCAGCACACGCCATCAGACAAAAGAGCGCCCGAGCGTTTTTCTCTGGATCTTTCACGCGCTGAACAGGAGGGTCAGCGGTAACCTCAATACCTCGCGAGGCGAACTAATCCGGTGCTATCTTAGACGGGCAGCATCGTTCGAGCACGTCCCCGTTCATTTAAGAGGAAGGAGTGTTAACCGACGCGGGCAGTCGACTGAAGTGGCGTGGCGGTAGTCAAAGAAGAACGTGTCGGGTTCATATCAGTCGCTTCGCGCCGTATATACGTGGTAATCTAGAATTGAGTTGTCGCAAAAATTTATTCAATCTGTTGGGATACAGACTGCGCTGTCTAGGTTTCGAAGCTGTGGTAGGTTCTCTAGATGATCGGCTCTGTTTACTCCCGCAGTAAGAAACCCCCTACGTCCATACTTGGCTTAGTCAGGGTCGTCTGACGACGAACCTCTCAAGGTGCCTCCAATTCATGTCTAAGGTTTCTGATCTTGCGTTGGCCTTCAGTCCCGGGACTCATTTCCTCACAAAGCCTGCTAGACCCCCTACCCATTGACCAGTATACGTCTGTTTCACGGCCTAACCAGTCGATGGTTTGCGGTTGAATAGGTCAGTTGAGCTAAACTATTACTGATTTTACTGACTGCTGTCTAGTATGTTCGGCGTATTGTCTCGGGGATGTACCTCGTGCTACTCCCATGATAGGACCGCACAGAGTTCTGCCAAGATACTCCATAACTTGTGCCTCGAGCACGGTTTAATATCTTTGAATATAATTAGAAGAGGCTGAAGTCTGATTATCGACCGACATAGGCGCCAGGTGCTCGGAATTCCACACATTTTTTCTCGCCAAACCACTCGTTTACAACTAGCTACTAGGTCTCCAAGACATTCCTGGTAAGATCAGGGTAATTACGTAGGTGGACGGCGGATAACATACTGAGTCTATGTATACGGTCAGCGTTGAAAGCTGAGATTGGTGTGTGTAGGCTGGAGAGTCCAAGCTTGAATCCCTCGAAGGTTAGCCTAAGAGTCATCTACTCAAGTCATTTGACTCCCCCCGCCCGACTACGGTCGCAATCCTTGTTATAGGAGGTCGCACCCCCCACCGAGATCAAAAGGTATATGCAAAGGGAAAAACCCACAGCAGCCTTTTAGTATCGCTCCCATCAAGTATGCCTTATAACATCCCAGTAGTTCCGTAAGCCTCTAAACGACTTGGCATCCCGTGCCATCGCAGTCTTAAATGCTTCCAGCGTCATTAGTTGTTGGAAC,1836,49.84,Escherichia coli
SEQ_852626,TTTTATGACAGTCCAAGTTACGCATCACTGGAACTTTGGCTTTGCAGCGGGGGCCAAGCACAATATTCATAGGATAGGGTTATTCATGATGCTAAGGCGCCGAATGCTGAGGTGTGTTGTACGCTTAACAGTTGGTCTTCAGTGTTGGCTCTGGACCTTCAGTACCGCGTTCTGACCACTTGTATCAAGCACCAATACGTAAGTCCGCCTGGACCAGTAGTGT,223,48.43,Escherichia coli
SEQ_873316,GATCTCGACGGCGTGCATGTTCCTTACATTACAGATGCACTACTCTATGGATTAGCTCCCATAGCAGAAATTTGTACTCGCACTACGTCCATGGTCCCTACCCACCGTTGAAGCCTAGACCCCGCATGCCTTTGCAGTTTAATTAGGATTACTGATTCGGTACTTAGCTAGATTCCCCCTTATCTCGGGTGAGTGTCATACTAGAGGCCCAGAACATCTAATAGGCGCTGCTGATACGCCCTAGGCTAAGTACCCTCCTTAATTTTACTTTCGATACTCTCATCCCAGTCATGTCGCGTGGGGAGTGCCCTATAATAAAACACAATTCCCCCGAAATTTGTTCATCGTTTGGTCATAGACACAAGGAGAGGGCATTGAGGTTTGCGTTCTGGTCGTCTAGTGACGCTGACAACTACTTTTCTCTTTTCACGAGGCAATGCCCTCCTCCTTGCAAGCGCATACTCGACCTATTGAAGATGCGATCCAGTAACGACGCTGATACGGGGTCCCATAAACGCGTGCAATACTATCTGATGGAGGTAGTGACGGGGGACTAGCAGCCTCGTTCCCTTAAACCAGACACATTCAGCGGTGGGGCAGCCCCCAATCGTATCGTGCTCTCCAGGCGCGGGTAATAGAGCCACTGGAACTCTGACCCTGAGGAAATTGTGCCCCGTCACCGGAATATAAATGCCTCTAGCAGAGACCCACGGATGCTAATTCGCGGACTTAATGGATTGTCAGCTCCTATAGGTACTCGACCCTGTATATCGTTGGCAGCGGGGATGTCCCTGCTCCTAAGAGGGAAACGATGCTCATTGTCCCCTGTCCAGCAATCGGTATACGGCTTTGTCGAGGGCTGACTCACCATTGCGCAATGATTCTAACTCGTCCTCCTTCGTCAGAGATATCCCAGCATAAGAGGACCGGGGGCGCACCCTCATGGATTGCTCACTGGTGTTACCTCTCGTTCTCTATTTAGCTCTTCTCACTGCGCTGACGAGCACAGTGGTTACCCCTCTCCTCGAGAAGTGACAGGCAAACTACGGCGCGTCGCAGATGTCTATAATTTTGACCCGCTTGCGATGTTACCAGAGTCGGTCTCGCCTCCCCCACAGTAGAAATCTTTTTGAAGTGAGGGTGAGTATCATGACACTATGCACGTTCCGGCTTGATTGGTGCTTGGCCATTCCGACCCTTAGTGACCTACGGTGTGAAACTTGCGACAGCGGTGTCAGAATCTAAATA,1248,50.88,Homo sapiens
SEQ_507978,CGTGGAGGTGACTCCTGTTGTGGGCACCTGGTAGAGATGCTCCCCTGATCGGGTAGCAACTAGCCCAGAACCCAACATTAATCAGGTATCCTCAATCCTGATCACACCATGATTGAACCGATTAGGCCGCTTAAAAAATCCATTCTTCACTAGCGCTGACGCCTGACATAAAGTAGCGAACGAGGCCGATCTCCACCGTGTCGGATGGTAGCACGGTGACCCACCAGATGTGGAAGGATTAGGAATAAATAACTTGGGGTTACAACAATATGAGGGAAGAGATCGCGCCACGACAAGGTAGTCCCCATTGCTCGTTTATTCCGTTACCCCTGAGGGCATGACTTGTATTGAGCTTCTTTCTGCTGGATCTACGTATGTATACTTGCAAGTAACAGCCTTAGATTCGCGCCGTTATTCTATGGCTGGGATTTTCTTGAGTCGCTCAGGCGTATGGCATTGGACCACAGCCGGGGGGTTTGTGTTAAATTTAGGTCTCATCCCACCGTGTCCAGCGTATTTTCGGCACGTCCCCGTTATCTGCTAACCTCCCACCATCAGAGGAAGACTAGTTTTACACTAGATCACCGTTGTATACCACTCCCCGAAGGACCTGTTCCAAAAACATTGGTTCATCCTTCGGTCGCTCTGGCGTTTACCGGTATACAAGTGAGGCTTGGGTGCAGATGCCTCCAACATGGACGGGCGTTCTGTAAGTCGCCCCTCGTGCTTAGTGAAGGTCTGCCCACATGACCGGTCGCTAGAGTGAACAAGCTGGAGAAGTAGATACCACTAAGGAAAACCTCGGCGGAATTCTAGTGAGTCTCGAATTCCTCCGCGTATTTTTACTCCATTCGAACTTAGTTCTTTGAATGAGTAAGGGTGCGGACCATCGGCTTGCGTAGACGAGAGGTCACCTCGTGACCGAGATTATACTTGGGGTGGAGATGGGGCAGCACGTAGATGACGTAGCGCATGTCAGAACGGTGATCAATCTTCTTGTTCCCGTGCGCGTATGGCTACATAGCAGGCCCGCTCCCTGATCTGTTGGCTCTCCGCCAGTTATTGAGCGACCTCGCAGTTTGTAAGAACTGATGCACGCGGATTATACGTACCTC,1115,50.85,Drosophila melanogaster
SEQ_283864,CACCCGTCAGACAGAATTGAGTAATGACCCGTGCGTCTAGAGCCCGCCAATTTACATTGGGCGTTTAAAACCGCTTGCTTTGCACCACCGCGGCTGTTCTCTAGCTAGCGGCCTAGCGATTATACTTCCAGAGACCGTGCTTGAAGATGCCAGAGAATGCGCAGCAGGAATCGGGCTAGGGATCAGCCCAGTCCATCTTTAGCTCATGTCACTTCTGGATCTAGAGCCGAATTCGCCGGGTACCCGGTATGATTTGACGAGGCAGAGGGAACATCGCTAGACCGCGTCCCAATGGCGGGCTCCTGAGCATCATCTGGAGGGTAACGAACTAGGGGGGCTTTTGGAAGTTGGTGTTTTCCGTTCATAGTCATGAGAAGGACTTCGCGCCTTTACGCACGCGCTTAAAATTGATTTAGTACGGCAGTGAGGGGTGAAAGGACGACGGTGGGAACACGATAACGGAGTTAGTAGTGGATGGCTCAGACCCTTCCACTGGTCACGGCTATTAGGGCCTGACGATGATATACGGCCATTATGTACTGGTCAGCCATGTACACTGGATCGCGG,567,53.26,Escherichia coli
SEQ_323329,GCAGCTGGTGTAGCAAAGAGGATTCCGGCTCGATGTAAAACCGGCTACCCGGGGCAACACGTTGCCTAGATTTGCCCCCCAAGGTCGTGCGCCACCTCAACAATAATCATATCCCAATCGTTTGAATTCTTGTTGGTCTCTGGCTGAATCGCCTTACATCCCCCCCCATGGACACCTCGTAAATGGGTATCCAATTCGAGAGTCGGGACCCTGGGTCCCTTTGCAGCCCCACCGGAATGCTGGGCCATCTTCTCGTAACACTTCGATGTATTACACAGGGGTCCGCGGACACTCTGGCAATCACTGATGAGGCGCCCCCCACCCGCGGCGATGTAGTCTCAAAGTCAGTGACCCGAGTTGCTCATAAGGCCCACTGGCTGGGCTGGGCGATGGAAGACGGTCATGGTTTTATTATTAGATTGCCTTCCCGGTGCACACAAACAGAGGTTAAACACGGGTAAAGTTATCCGACTATCCTAGAGGCAGTGGAAAATCTATATAAGCTGCCAAGGCAAC,516,53.49,Caenorhabditis elegans
SEQ_778328,GGCCGAAAGTCTATAGCTGATAATTCGCCTAATGGGATAGGGGCCCTACTTACTGCATTTAATCTGAGCATGAAAGCAAACCAATGTACTTGGTCGTGGGGTGACCGGTGAGGGGATTGCCTGAGTGGACCGGATGTGGATGATCCCAACAAGTGAGCGCTAAGGTTACTTCCCTCATTGATCGCCGTCTCTCTTTTACATAGGGGGCTCCACGGATAGAAAGTTTGCCTAAAGTACTCAAGGCGGTCTCTACCACAAGTATTACGCTAGCGAAGGTTTTATCTCTGCCTTCCTAACCTCAAAGGTTTTCTAAAGACACAAGACAGTGTCGAGACAAATTCTCGTCATCACTAAATACATGGCAATGCCCTCAATATCATCTCTGGTTGGTTACCCATATCCACTCCCACTCAGCTCATACTATCAGGGTGACATCGGGTAACTCTAGGCGACCCAGTGTCATTCTAGGCACTAGTCACTTAAGCAATAGAATGCTTGTCGCCCGCTGTTGACTGCACCCCACTGCCTATACCGTGTCCACCAGCAATGGCTTGACGGGTTGGTTGGCTCTGATCGCAACGACCAATTATTTTCCAACGCGAGCTCGACGTACGACGAGCCAATCGTCGGTGGACACCAGCGAACATCTCAGTAGTCCACCATTCGGCCAAGCTGGGGTCCGACTGAAATATAAAGCCGGTCCCCTTTAATTGTCGAACTATAAGAGTGTACATATGCACCCACTGCATGCTTGTTCACATGCTATGGCCTGCATGTACCAATTTCCTGCTAATGCGCTTATACACGAGTGCGCCGAGAATTTATGAGTCTGGAGCACACCAGTGGTTACGCTAAACCGGTCATCCTGTGGTAGACATTATATATCTATCATTTCTTTAGAAATGGGCCGCCGATCTAGAGTGGAATCCTACGGCATGAGCTACCGCTACTTTCGTGGGTGGAGGTCCGCCGAGCACACCATTTAAGCGTCTTCTATCTTTCAGTGTGATGGCAGATCCGTTGGCGTTGACACAACTGTGGAGAGCAGACGGCTAGTATACCTATAAGAACCATCAACGAACTGGGCGGGCAATGTGCTATCTGAGCAGTTCACTTCCTGAGCCTGCACTAAGATTATGCTAGGGAGTGTCAGTTCTTATGTATATTTTAGTCTTGGGGATCACACGAATGCAACACCATAATCTAGTTGAGTCACATCAATCAACGGTTGTTGGCACGGTCCTCAAAAGAATGTACCACTAAAGAAATGGATGAGACGTCGGGGCTCGCGAAGCCGGAAACGACCCTATCGCCCGATAAAAAGTTCGCGCAACAGGTAATGCAAGACCTCAGCCGCTACGATGCAAATGGTAACAGAGGGTGGGCGGGCGAGCGATGACACCGAAGTGTCAAGCGCTACCAGTTTGGGCGATCTTAGTCGCGTCCAGGACCCGCCCACCCGGGTTTCTCTACACGAAAACGGCCTCATGAGACGTCGGCTGGGAAGACCTTTAGGGCACTAGGGCATGTGCTGCATATTGATCT,1545,49.77,Arabidopsis thaliana
SEQ_933512,GATATCCGGGCGACATAACTTCATGGTAAGCCCTATAATTCTCTAACTGAGTTGGGGGCCTGGCCAGGATCACTAACCGACGGTGGCCAACCAGGAAGTGCTAAACGGGAACGTGGCTACAGATCGTTGCATACATCACTGGTGGGTGTCTTCGGTAAACCCGGGTTTCCCCGGACACCGTTGGAGTAACCCCCCCCAGATGTGCGGGTCAATCTTGAGAGGTCAGCACGTTATTAGCTAACTTGAGCTAATTTTTCTATTTTCCCATAATCCCGACAGGTGTCATTCGGTGGTCTATAAGCACCAAGAGGCGATGAGCTGGTGTTTCATCTAGTTGTAACGTTGTACTCATCTATGAGCAGATCAGACCATCATTGCAGCTGGCTCGATTTATTCACATATCGTGTCTTATACTCTAGGTCGGAGAGCGTTCCTGCCTCGCAACACGCGAGGGTTATCGATAAAAAATGGCGTTGGATCTATTGGGTAATAGATTCTATGGGCCATTCTCCTATACGAGCAGACCCTGGTCTGCTATGAGGAGGGCTGGTCGGCCCTTCACTAATTTGGAGCCACTCACTGGTGTATTAAGGTAGCGCGTGGCCAAAATGAGTCGGTCAACCCATGCCGCGTTTCACTATACGTGCAGGTCTCAAACGGTCAAAGGCTGTGTGCCGAATGTATTGTTGGACAACTAACTTTCCTCGGTCTTACATGCAAGTATAA,726,49.17,Homo sapiens
SEQ_198499,ACCATGCAAAAGCTGCTCTGGAGGTCGAATGCTCGTTTACAGGAACAGAACGCTGCGGAGCAGCAAGACTTGGTATCTCTCAACCTTAGGTGGCAAATTCAAAGGTCTCACACAGAGAGTTGTTGCTATCTAGCAGGCTTCACGTGGTACAAATAATACTACATACATCTTTATCATGGGCCGTAAGCGACGTCCGGGAAAGGAATCGGGCATGCGATCGCCTCGCGGGACCAAAACGCCATGTCCCTACTTCCATTCAATAGATTTGCCTGCGGCTTTATCCAGCCTCATCCGTTTCGGGCTCAACAGGTAGGTTCACGGGAGTGGTACGCATGGGTCATCTGAGGTGAACAGTGTCCAGCTCAAGTTGGTTCGCGGAAGGGCGTCTCTGCTCTTCGATAACCGGCGCACGATAGCGGAATTGTTATCTCCACGGGGAGAAGCATGATGACACTCGCTTTCAGGCTGCTAAACCTTACAAGCTAACTAGTAGAGTGTGGCAGCAAGGCACTCACACCGTCTGGAATCCATACTTTATTACAGCAATGATCCAGGAGGAGGGATCGGACGGCAAGTAGCGTTTTCAGTCTTGGCGTGTTTTAGGCTGCTCGCTAGTTTGCCAAAGC,626,51.12,Homo sapiens
SEQ_613154,CCCAGCTGTTCCCGGGTCCAATGTTATAGTTGCTATAGCGGGTAAACATCCAAATCTCCAAAGGGTTCGGATGCACGCGATTGTTGCACTAACGGGTCAGATGAAGTAGGACGCCGCGCCACAGACATATAATCTTACGCCGTAGGGGACATCGCCACTATTCGCTTAGATAAGTGAAGCTATCAGTGAGAACCTCGGATAAGGCGAAAGAGTAGAGATTAAACAGTCAACGCGAGTTTAGACGTCGGACTGGCCCGCACCACGTTGCTCGTCAACACCGCGCGGCTCAGAATTTTTTTCATCTCCCTACTACGGAGTCGATGTACAGATGTTAATCGCTAATACCTGACATGCCTACTCTGTTGAGGTCCCTCTCTCGTAGTAGCAATCTGTGTGACTTAAATTGTGAATTGTACCGTTGTTGGAATGCGGACGATCTTTCCTCGGGCCAGCTACAAAGTCTCTATGCAGCCCATGAGTGAACGACCATCGTCCAACGAAACAAGATCATTTAAATACCTAGAGTATCTGCCTATGGCCGGCTCGTGCTTAGGCAAGACGTGCTATTGTCTCACCTCCAACGAGTCGGCTACAACGCATATCTCGAAAAGCCGTGGATACTGGGAGTTTTGATACTTAAACGATGAGAATGGATGCCATACGGGTTAAGTGCCATCCATGCATGCAGAGTCCTGAGCTGCTCCTCCAATACGATACTGCTTATTCCTCTACTGCCAGTCCAGGCGCCGGAACGTCCTCTTGATTTTTAGGTCCAGGACAAATTACTACCTAGGTAACATTGCAATAATTACTTTGCACGCATTGTGCCGAGTACGAGCCGAGAGATTTTAACAGTTAAGATTAAGGTCGAAGGAAGCTATCAACCGCCTGGCTCTAAATCTAGGCACATCAGTCTCTCCGCCACCCCAGTGGTAGTACGAAGGCACGGTAAGACGGCAACATACGGTGGCGAACTAGAAGAGGCGTTGCACGGTATGTTGTTCTAGGGGGTAAAACATCGCGCGATGGTCCTTGGTATAAGGGACAAGAACGACTTGGCCCTCAGTTGCAGCTCGTCCGGGCTTGATCCCATGGATTTTCATCTGGATCAGGCCGCCCCCGGTGGACTGGATCATGCAGATGTTCTACAGGAGCGCTGAGTCTAGGAGAACGGTCAATCGTTCCGTATTAGTCCGGT,1198,49.75,Escherichia coli
SEQ_993801,TCCGGCGCTTCCCCTAGGAAATTGGAAGAGATCAGCACACAACATACGTACGAGTTAAGGAGGACTCACTCGCAACCATCTCCCCCGGGAGGCTTTGGCACGACTCGAAGCGTCCTTGAAGGGGTCTTGTGAGACAAACATATCAGTAAGTCGCAGTGGCAGTGTACCACTATCCGCAGGGTAGGTAAGATCACGATCTCATTGTCCCGTCCAAGTCCAACATCACCATTCGTATCAGTTTTCAATATCTCAATAAGATGGGTCCTGTTAACTCCGAACTCATGGCGAATATCTCCCGCTGTTTTAGAGTCGCATTTTGCGACAGCGGAGCCGCAGACTCGGCATGGGGCTAGCTACCCTGAGCCAAGGACGCAAGCCTACTTCAACTTGAGGCAGGACAACCCGGCCATGTCCATGCTCTGCTTGGTGGAGAGTCGCCTAAAACGTAAGACGATGCTTTGCACAAACCCCAGGATTGAATCACCCGCGGACGTTGGAGGCAGTCAGTCAGAAAGTTTATGTTCTGCAGGTCCTCATATAGTTTATACGCTAGCAGGGAAATGCGAGGGTTTCCATTATGGAACTGAAGTCAAGTTTGCAGAAGAGCCTACCTCCCCCGATCGCACAAGAGCGGCTTAACTTGCGATCGCACCCCACGCCCAGAAAATGGTCGCGGACGAGTGGCGGACCCCCTATGTCGCATCTGCATGCCAAACTTGCTTTAGTGGTAATGCTGGAAAAAGATAACTAAGGACTTGGGTCCTTAACTAAGGCCGCCGTGCTTAGTTGCCTGAAAACCATGTACAGACCAGGGGTACATGTTAACCGAGACAATAGCCAGTTGCTATAGATTGGCACGAATGCTACGTTCGCGTCTGCGTGAGCTATATTCTACCCAGCGTTTATAAAATGGGTGGCTTGCTTCACGAAAAAGAAGTACCATACCGTACTTAACACAACCTAAAGTTCGCAATGGCACCTATATTAATATGTAAATATTCTCGCTCCGTTGCTAGTGAATGTGTTTCGAAAAGCGTCTAGAGTAGGGGACGACAACCCACTGTGCGAAAGCCGGGGATATGGACCACAGTCAAGTCGATGGCGTCTTAGTTCCTGTTAGATCTCCACGCCGCGAGGATGGTAAGCAGCTCGCTCATAGCAAATCACCGATCAGTATTACGCACATTTTATTAGCCATCGGACCACCTTAACTCGGGTGTATACATACGTCTAAAGGACACGACAATCGAGGCTATATTTTTGCAATTAATAGCGGTACATGAAAGTCGAATGCGTCGATCAGACCTATCAACCTTCTTTGTCCATTGACACCAAATATCGGAGCAACGAATGAAGTGCTCGTAAAGAAGGCCTCGTGCACCTGCGCTTACGTTGGGCCATTGACGGGCAGACTTTATCGAACGTTATTGTCTTGGGATCGGGGGACCCGACTTCGTCCTGGGGATGAGTGTAGCTGTATGCAAGGGGAATTTTACTTATTCGTTAGGTTGCAGAACCACGTCGCTAATACCTAAGCAATTGCTTTGATTTCCTACTACAGCAGCTGCAAGGTATTTCAGCAAAGATCGTAATTAAATCGCGCTGTTGGAATCACCAGGGATTAAATACATCGATTGACGATAGCACGCGTTGGGGCTTATTTTAGTTGCGGCCTTTGTCCAGGTTTTCTACGATTGAGCGCTCTTGACATACATTGCTAATTCCTTCCTGCCTGGTTAGTGCCACGCCACAGGCTAAAATAACCCGCATCCTCTGCAAACAGCTAAACCCGTATGCGCGATATGCTGGGAATGTTTGGCGAGCGTCCGCATGTGTCCAGAGAATGTATCTTAGT,1855,48.73,Drosophila melanogaster
SEQ_271725,CGTTACTGTATTGCGGCATACCTACTTGAGCCCCTGGAATAATCTGGATGATTGAGTTTACCGCCTCACTTGATAGCTTCCCCTGCTGTGTGGGCAAATCGTATAACGTAGACACCGAATCCAGTTTAGCGCTCCGCCCAACTAAATGGTAACCGCTACGATCGCGTAATTAGAAGGTCGAGAATCGTAGGGGTTTGGTATTAGGTGTCCGCACACTAAGTATCGAGGTAGTTATTTGCGAGAGTAAGAGAATATCCTGCCTACCGGTTACCTGTTATCAGGGCGCATGGTGACATTTTAAACAAAGTGGAATTAGGTGAGTACCAGACTCGGGTAAAACCCGGGATTGGACGCCTTATCGACACAATCCCTGTGCTTCGTCGGGGCCGACAAGATGGGACCTCCGTGCAGTATTTGTGACATCACCACACCGAGCGCACTTTCATAAGGTGGATAAGGCTTGGACGGACAACATGTTGCGGCCTCCAGAAGGAAGCGCACACTTAATAGGCTCCGGGCGATGGTACGATAGGAGGTTTGTCGGAGGTTCTCTGGGTAAGGAATTCCTGGGATGATTGTGTGCGTAATCATCTTTCACATATTTGAAGTCAGTGGAATAATAAACCTGCGTCGGCCACAAGTGCCCACGACCATAGGTCAAACAAGATGGATTTTGTACTAACCGACGAGACCGTTCCTCATGCATTAAAGACCACATGCTGTATCTTCCGTTGACCAGTACCTACCCTATTTTCCTTAGCAGCGAAATGATCTGTTAAGAAATAAGGAGACGCAGTGACGTCTCCGTCGGAGTCTCCATGCCTACGAGCCGGTAGATGAGATATCATTACCCCACTACATGATAGGAACCTCTAAAAAAGGGTTTATGCCCGAGATGGGGGTGAAGTGTGGACATTTCGGATGGCCCTAGGGTCACTGGGTCCTCACAGGCCCGACAGCTTCGCCCGAAGTGGTGTGAGGTTACGTAATTAGCCTTCGCCCGGCGGTTTCATGTACTATTCAATGAGTCACCCACTGCCTGTTCATCCTGACAAGTAATGCGCTCAGCTACATCTCGATGTTCATGGAGACCTGTTATGGGACGTAGCACGTATTGCGCTCGGCCAGTATTTGTCATGAAAAGCAAATCAGTCGGGGTGATACGCCACCGTAGTTGAACCCCGTCCATCAGTGTCGAGCAGTGTCCCACATTATACTGCCGTATTCAAAAATTAATTCGCTCTTCATGTTGGAACTATATCCAAGATGGCATCCCATACCGCGTTACGATACGCTGTCGCTCATGCCAAGTGCCAGTACCTGGTGAATGGGTCCACTCCTGGCGGGCATACTAAACACAACGAAGAGCCTGTAGGCATTCCAAGTTCATACTCTTCAGTAATGAGACCGTATTATAACTTTGGAGCTAGCTTATTCACTAGAACCATACGCCTCGGGCCGACCCTTCAACGGGAGTGCACATAGAGGATTAAGCAGGCCCGGAAACGCTAGATAAAATCTAACCAACGGTAACTATGAGGATCGGGTAATGCGTTCGTCCTGAAGAACCATTCTTCCGAGGGGATCCAGTGATATTAATTACGAGACATAAAGTCGTATGGAAGGTAAGTTTAGTTCGTTACAATGGTACAAATTTCCTGCATCATCGCACTCACGTAATTGGTTTCGAGGAACCCGCCGGGTTCATCGTAGTGGCTTGAATAGACACTACAGTCGGAACGCGAGGGTCACTCGGGGGTAGAGCGCTTAAGAGGACCGGATAATTTCGACTCCGCGGTACGAAGCAAGCATTACCTGGAGCTGATTGCGGTGGCTTCGTCATCTGCGTAGTTCAACCCAC,1861,49.11,Saccharomyces cerevisiae
SEQ_313086,GTGCAAATATTTCCCTTCCGGTTTGTGGACACTCGAGTTGAGACCACAGTGATCCAGCTCCAATGCTGCGCGTCGAACGTGTGCGTATCATAAGTGTAGCCGTAGATCGCTATAGGAGTTGTACAATAGGACCCTCATCAAGTGCGCCTAGATACTAGATTCGCACGCGGTATCCCGCGTACCTATGACGCTTCAGCGCACTCGCATGTCAATGGGGCCATTACAGCACATTGCTTTTGTCTAGATCAAGCTATTGTCCATCGCAAAGCAAGAGTGTCCGATCTCAACTGGCGCTGCAATAATCCTATCGCTGTTACTAAGAATCTTTGCCCCCTGTTTTTGCCCACCTAATTAGAAGGGGCGGCCTTAAGTGGAGTGTATGGTCCCTAGTTGCCCGACGGTTGTCGTTTAGCTATCAAACGGGTCTTGCGGTTGTTGATCTCCAGCAATGCTCATCATTGTTGGTCTGGGCGGACAGAACGTTTAAGTCTTCAATTACCGCTGCCTCAACGACTAAGGTCTACCTTAAATCGCCTAGTACGACAAGGCCGGGTGACCATGTTAGTATACCTTCCGCCATATCTCAACGCGGCAAAGGACACTCACAAAGCTTCCCCATTTACGGTCCGACGTCAATAACCACCGAGCGGTGACAGTACCAATTGAGCG,669,50.07,Drosophila melanogaster
SEQ_221475,TACTCTACCGCAAATTTACTCGCTCCCTCTATTTTCTGGCTCATCCCTAGGTCCCGGGCGTCACCCATTGATTGCAGACCGGCTCTCATCCTTAGGTTCGAGGACTCCGATCTACGGCGCTATTGAGCGCGACGGAAGGGAGCAAGGATAAGCCCAAGAAATCACTTGCCGCGACCAGTCATCCCCGCTTTATTAACAAGATACTGTACGGCTGGGGGGCGCACTCATTCCAATTACCGAGCTCTGAGGTCAGGTAGACTTTAACCTTAACTGACCGAGAGATCAGAATATCTGGTTCGATGCTATGATCATGC,314,51.59,Caenorhabditis elegans
SEQ_980008,CCACCGGGGCTCGCCCCCACTAAGCTGGGCCGTAGGGAAATGGCTCCCGCGGGAGGAGTGAGTTGATCTACTAAGGAGTCTATTGCAACCCACCGGGCGCGTTATGTTGCTTGCATCGCCAAAAGCCCATTGTTGGTGTCCCTCAGCATCTTTCCACGTGATAGTAGTGTGACCCGGCCATCTAGGTGCTCCGAATTCGGTGATCTTCGCGAACAAGGCCCTAGCCCTGTTTACCATAGTATCCTTGTAATTCTTTTGGGCAGTGCGGATGCGTTCAGATCTTTATGGTATTATTACGGACAACGAAGAGGATCTTTTAATGATCTGCGAGATGACGCTCCGATCTAGCAGGACTGCGCAACAAGTGCATATTCGTTACGGTCTCTAAAATTCGATTACTAACCCGCAAAGATCGGAACAACTCGGCGCGGCAGATCCCTATTAGCGTGCTGCGGATAGAGAGACAGATTAATCTAGGACCGTTCGTGCAAATGCCGATCTAACTAAAGTCAGACGGAAGCCCCGAAGTGCGGGTTTTGACGGCAGCGTCACTCACCGCTAAAAACGGGAATTATGAGCCAAAAACACCTCACGAGGGACTACAGAGGGAATCACCAATACCAATGTCCATGGATAGTACCTATTACCAGCGTTCACCTAGATAGACATTGGGTTCGGCCTATCTTATGCGTCCTGTTTAAGAACTTTAAGGAAACAGCTGTGAGAGGGCACCAATACAGTGGCAGATAGCTTAAAATGCTCCCGGCTATTTAAATCACGCCGTTCAAAACCTCATGCTCGAGTGGATCAAAATGACTAGTCATCACCAATTTCGAGGACGTATGCCGATGTGGTACACATGTACTAAGTGATGAAACGACTACGAAGCAACTCGTCATTAGGACGAGCCGGACAGAGGGCAATGCCTCGCGTGCTAGACATAGCAGGCAGTGGTTTGCGGGAAAGGAAACGTTGCAATAACGAAGGTCAATACCTTGGCTTGCGTTTTAAAGTTAGTCACTAGTTGACTCCGAAAATCCGAGCTCCAACTACGCATACTTCTTAAGCCGGATAAGA,1077,49.03,Mus musculus
SEQ_251218,GGAAAGTACAAGTCTTTCCCAGCTAGAAATAACTTATTAATACGCTACTTGACAGACTCTCTGCTACCTCTCTCTCTAGACCATCACATAGCCTGGGGGTTTTCATCGAAGCACCCGTACGTGCCTGTCTCTGTAGAGACAAAAACACCCACTTTCTCCTCGAAATCGCGTGATACTGATTCAAATATACCACCCAAGCAATATCGTAAAGGACATGTGGAGCAGTAAGAAGTCGTTGTTGCTCGACAATCTGCGTATTCCTTTTCATAGATTACAAACTGTCCGCTTGGGAATACTTTCGCCAAGATGGATCTCGCAAACGTAGACCTACGCGTAACAAGCTATGGCCATCGTTGTCGGCCAGATCGAAAACTGCTGATCTGTTCTCAAAGTAGGGTTGGGGTCCTCGGCCGCACAAGGTGTGAACTTAATTATCTTTCCAGGCCCTGAGTAATTCATGTTCGGCTTGAGCTTCTGGCCGTGATCTGACGTACCACTAGACATGGTGGTACCGCGAGGACTCGCTCGTGAGCAGACTTAGCCGAAACGCGAGGTTACATCATCGGTAGGTGGGACCGAAGCATTAAATATCTGGGGCGAAGG,603,48.09,Escherichia coli
SEQ_772586,TGCTATATTCAGGTCCCAACAAGAAGTATCGCATCGGTTAACAACATTTCTCTACCTGCTAAACTGCCAATGACAAAAATAGACAGTTATCAAACACGTGACGCCCTGGATGTCCGCCAGGAATGTGGTCCTAGCTACTCTTAGGAAATTTACAATACCAAGTGTTTGGTGAAATGTGCCGCTATCATTGCCTCTTTTCGGAGCGTCTTTGACTATAGGAAAGGTACTGTTCTGGAGCGGATTTAGAATGAATTTCACCGGGTCGCGCTGAGCAAGTAGCTGACTCATCTTACCTATGTTCCATGTTGTTTATTATTGCGAACGGGTACTGTTGTGTAGGTAAGATTTTGCGCGCCAAGATCTACATTTCGCAAGGCTAAGTGTTTGACCGTTGCATATTAAGAGGTAGAGTTGACTAGGCTACGACGTTCCGGGACACGGTTCCAGCTAGCTCACCAATGTTAACCGCGGCTCGTATCTCGGCTACAAACCTTAAACGTGGCCACGCATAAATGGAAACTGGTTCGGGCCAAACCGAACCTGACACCTTTATAGACATATACGCGACAAATGCAGCCACCCGAGCGATCCAGTTTTTGCACCCCGGAGAATGGACTAATTCCTCGTGTAAGTTGATGATTAGATAGGGAATCGCCATTTTGCATCAAATGCTGCAACTCGTTTGCTCGCATCTCCCGTCAGAAATCTGCTCGAATAAAATCTTAAGGGTTACGAGGGCCTTGGCAGCCTAGCGTTTGAGCAGTCCTGGCTTAAGGTTGTCTCTTTATTATCGTGAATCGATTACCCGCCTATTACTTCGTGCCCTACTGTACCTCGTATTGCGCATGATCAGCCGGACTCGCTTCCCTATGGTCAAAATGCCGTCCATTGTCAACTGAAACGGTCCTAACGCAACCGCCCGCGGCTACAGCGA,934,47.32,Homo sapiens
SEQ_572870,CTCTTCGCTGCGGTGTTGCCGAATAGGCCCCGTCGTCATCCCCCGAACTCAGAATAAAAATAGTAGGCATAGAAAATGAGGACGTAGCCAAATCCCGCTCAGCTTGCACTTGGGTTCTTAAATTGCCTTGCATTTGGTCGCAGGACCTGGTACGTAAACCGTCGATGCTGCCCTCCTTTCCCGTTGCGTGAGATCAATCAAGACCCGCGCCAGCCGGTTGTGTCTGTCGTTGCGTCGACAAACATAATTCCAATTTAAGAGCGCAGCTATGGTACGCATCGGGGAGCTGTCCATAGGACATCGTTTAGGCAATGATCTTGGCTTACAGATACTTCGCGTTGCTACGACGTAGTCCGGCGATTCTAGGGCTCCGCAACACAATTATATTATCATGTGCTCCATGGCATTTATTCATAAGGCTGGTCCATCGGTCATGAACCGGCGGCGGTGTTGTCGGTTGGGCATAACTACGACAGCCTGGTAGGAGAGCAGCACGCTGACGAAAGCGTAACACTAAGGTAAGGTGCTCCTCAGAGTGGCGAGCCAACATCCGCTCTGCCACCCCCACGTTCAAGAGCGTAG,582,52.58,Arabidopsis thaliana
SEQ_976179,TCAACGTGCTTTCAACGAATCTTAACGCGCGACACGGGAGGTGCTTGACGGTCCAGTTCAATCAGCGACGCCGGTGTTAAGGCAATTGAATCCGGAACCCATGGTACCGAATATAGTTGAGGGGGGAACCAACTACGCAGCGCGGTTAACCCGAGGTCATTGAGGTCAATCCGACGGATTAAGACATATTTATTACACCCGTGTCGTTTTTACGTTGGCGTTGCGGGCTGGGACATGTGAAAGAAAATATAACGCTACCGAAGCACATGGTCGTGGGCGAGTCCCAGGCCTATGGCATTCAGCTACGACGATCCAATTTGAAAGGAATAAGCTGGTCTCAAATGGAGGTAAACGCCGTTTCTTATATTCACCTCGTTAAGATGGCGTCGCCAGGCTAGGATGCAGAAGAACCTTGCCATTCACCAGCGACGGCGGAAGCTACGACAGGTGGGAACTTCAAGCGGGTCCGTTAGGCACTGCGATGGTTCCTTTCGGGCACAGTAACCACTGTTCTTTTGTACACTTGTGGGGACGCCGACAAGGCCAAACAGACAATCTTATTTGAACAACTAGTAACGCGCATAGAGCCAGTTCGTGTTGGCCACTTAGTCAACGGCCCTGTGAAGCGTACTAATCGCAGCAGGGATCAAAGGTTATAGAAAGTTGACTTCCCTCATCGGATACGACCGAGCCGCGCCTAGAACCCAAAACCGCGTCGGTAGTCGAATGGAAGTCACGGAGTTATCTGCGTTACGGAAGGCGCCTATAGCCGGCAATTTAGCCTGTCGCAGGTTGGCAATGTGTGTAACTCCCCACACATCTACCATCCTTGCGCGTATTACTAGGTACAACTCTTCAATCTTCGCGCAACATTATATCTTTCGATCACCCCTTTAACTCGCCGCCGTCCACCCCACTACACATCTTATCTATAAGTATCAAATCCCTGTCATGCATAAAGCTAATCGTACTCCCGCCGATAGAACGTATTAACAATACGTCCGGTCGCCCTAATTGCAGACGAGAGAACAATAATGTTACCAGAGCCGATGTTAGCTGCCTGTAGTGCGGTTTCCTCCCC,1081,50.32,Drosophila melanogaster
SEQ_133744,GATGCTTTAGGCGGAGCGCTAATTTGTAAGAGTCCACTATGTTGCCGTTTCGGCGTTCGATGCTAACTGTAAAACTGGCGGCTAAACGTAATACCGAACTGTCAGTTCTAGCGTGTCTTAGCCTAAATCAGTGCCCAAATGATGAACACATGGTCTGTAGATCAGAACCCAGAGTTAGACTGTAGCTCCGCGTCGATTACGTAAGACATAAAACCTTCCACATGCTAACGCACCTCTTCTAACATTGTAGGCCCCTATTGCGAGCCTGATAGTACGCCATTCCATATAACAAACACAGTCGACGGTAACATCGTTACGAGGACCATTCCAGTGAACACCAGCATATCCCTGTGGTAGAGTGGGTTGTAGAACTCAGGCAGTTCTGTCATCCATGAAGAGCCCCTACCTACAAATCTAGGCTAGTAAATCAGGCAAGGGACGTATACGCCTTGAGTGGGCCAATGCCCATAAGGAGCGCTACTCCGAATCGCCGGCTCTTATGATCTTTACGCAAATTGACAGCATGGTAATTCGAATCCTTCCTGCAGGGGCTCATCCAGCTGTGTTACAGCCCGCACTACGACTGAGTAATCACGTACTGGCGGGCCCAGTCGTTGGGCAATTAGTGTACTGATAAGTCGAGCGCTATATCTCATAGCTGTGTATAGGAGCTGTCAGACGGACTTGAGTAACCCACCAAATTCGACGGCCGCGCCGGACCTTCGGTCGAACACTTTTGTTACGCTCAACGAAACGTCCGCTCAGTACCAGCAGAGTTGTCGTCTCTCTGTATGGATTACGTCAAGGTTCTGACAATCTCCCTGCTCTGTGATTTATTATGCTGTAGATGTGGCCGACAAAAATCCAATCAAGGCGGGTATCTACTAAGTGGCTGGGGGTTGGTAGCTGCATCAGAACTCCAACAGTCTAGCCGTCTGTCCTGCTTCGTGACAAAGACACTGACAGGTT,969,49.12,Arabidopsis thaliana
SEQ_722937,TCAGGGACCCTCAATATTGGCATAAGTCACTCGGGCGAGTGATGCAATACTTTGACTGTGTTCGCACTGAGCACGGTGCCGTACGGTGCCTCCAAATGTCCCCCTACCGCTACTCGTTTATTCCGAGGCGACTGCGCGCGATGCTGAGTTGAGCGTCTCGCTGCAGTCTCTGATGTATATCTACCTGGCCGATCACTATACTCGCCTCTATCTTGCTCTGAGTGATGTACTGCACGCGGTCGCAAAGCGCTCCCGTATTGGTACGGACCTTCGTGGGCTTCAACTTTGTCACGGAAAGGACGTCATAGGACAATTGTTTGGGCCTTAGCATCGTTCGAACGCTCTGATCCTGGGTGCGGGGCACCGATTAGCGCGTATCCCTAAAGGCTCCAGGATATTTACGCCAGATGCTTGCGAAACCGGCCACGTTGTAGCGGCTTAACTTACGTGCACTTAAATCGTTAAGCTCTCTTCGGATTCAAGGTTCGGTCTCAGGATCACAAAGGTGTGAGTCTGCGATGTGCGCTGTGAACATCTCACCTAATTACAAAGCCCCCAGGCGCGAACTGCAGGTCGCCGGAACGCTCCTCTTGTTCGTTCTGGCTAACTTGCAAGCGTAGTGGTTAGTGCCCAGGCTCTCACGATAGCGTGTTCCCCATGTGTCATCCACCGCGCGCATAACGACTGCAACTTTGTTGCACGTAAGCCGGAGTATGCTCATTGCTGACCTGTGTCCACCTTCGTCTCGGGATGTAGGCCGATAATGATAGGACGCGTGCTTTAGAATCCCAGCTTCT,797,53.58,Drosophila melanogaster
SEQ_312072,CCACTGCTCGCAAAATATACGGTTTGATAAGTGAATGTGCAAATCAATTCCAGGTGGGTCGTGGGCCGCGCGACGACCATACCGCCTTCCGTCGCCCCGCCCGGTTTACATCGGCGTGTTTGGGGCGTGATTACAAATGATCACATCCCTATGAGAAAAGATACCCGTGACGAAGTTCAGTCTAGACAAGTCAATCGTCATGTTTGGACTGAATTGCAATCATCAGCCATTAATCACCGGCCTGTGGTGTGGGATCCGACTGGCTGCCACCTTAGATCCGACGGACCCGCGCTATGCTGACACAAATGGTCTACGTAGCTGCTTGACCGTCTGCCCTCTCGGATTATTCAAGTGTCGTGCCCCGTGCATATCACGTTACAAAGGCGCCGGACAGAGACATCAGGGCGCCATCATCTGTATGTTCCGATTTCTGGGTGAAGCCTTCACTTGACTGGTTTTCCGGTCAGTACGATCGACACTGTAGTGGGAACTCAACCAGCCAACACGACACCAAGGAAGGACGACCGCGTTCATGGGATAAGTTTTGGATGGAAAAAAATATAAGGCAGGAATTAAACCCAGCGGCAGAACACTCTACCATTATCCTTCAGACGCGTGAATTACCGCGCAAAAGTGGCGTGGCGGATAGTTAGGCGCTGCGCACGTAATAGAGATATCGGCGATAGCTGGGCCTTAGTTCGAGCGTAAAGCATAGGCTAGTCGTAAACCACAGAGCTCATAATGTACAACGGATGTAGCAATCGGAAGAACCAAGTAAAGGCGTCCCCTGTCGATTCTATGCTGATTGGAAAACCGCTCGCGTTAATGAAGATGGTCCACCCTTATTACCTGCAATAGTGATTCGAGCGATCCTGGCGCACCTGCGAGCAGCATAGACTGCACAATTTCCCAGGTAGACAAAAGGCCAAATTCACGATTTGCGTGAGCTCCAGTACCGGTTCAGTCTTATACGCGGTAAATGGTTAGGTGAATCAACAGATTCGTATTCCAGGAATTCAGCGCTCGGGCGAGTACCGTCTACGAACGTGCTGCTAGCATCGTGCTTACATGGGTGCGCCTCAAGGGCTCACAGTAACGCTTTGCTTCCATAATTCCTGCACTAGGAGCCGGGACACATCCGACTCATTAATTGCAGCGGCGCTGGAGAGGAACGTACTTGAACACGGCGGCTGATCGTGCGGATGCTGCACGACCATAATGTCAATGAATCCGAGTGGGTTAACCGCCACACGATCGCGCACACTATACGTAAGCTAGTTACTGCGTCCCGCATGGTGGTAGTGCTTACCTAGAGAGTAGATGAGCCCTGGGTTTCCAAACCAGCCGTGAACATGAAGACGAATGCAGTACATTGGCCTCCCCTCACAAGCAACAGCACGCGAACCTCATCCTTGAACAACAACGCTTTAATAGCGTACAGCGAGCGCGACCAACATCCGCTGCTTCGGAATGAACTCAAAGGTATGCCTGTGCC,1495,51.51,Escherichia coli
SEQ_599397,CCTCAGCTGACGCGAGTTCAATAGCCCGGGCCTCGCCGTTCTGCCTACGAGCTAAATCGGGTACTGTGCCCCAAAGAATAGGATTTGGCAAGACAAACCTATCAAAATACTAACCGGCATATTTAGTTACAATGACCTAATATGATAGATGCCATTGGTTTCTGTCTGTATCCTATATTATACCCCCAGCTGAATCGTCGTGCGTGTTACCTCACTGTGGAGTTATAGGCCACAATATGTAATACCAGTTCTACCGCTACCCCGCAAGAAGTGGCACTAAAACAGAACAGTACCATCCTTCAATGGAAGAGTGGAAGCGCTGTAACCTATTTAACTGCCAGGGGCGCTGTACGACGTGATCGAGGCCAGGAGCTAGTGCTTTAGTACGAATCGACTGAGCAGACAGCTGTTCGGCAGTATACCTTTTGGGTAGGTGACTACCAATCCATCATTGAGAGTGTATTGCCCTCGCGTACTGCAGTTACTAAACCTCGTGCTGGGACCTTACTCAGGATGGGCAGACACTAGCCTGCACTATCGCCCATAGGAACTGCAACCCATTGGTTATGGCTGAACCGTTAAGTTTGGTCCTTATAAACTGGACCGGGAGACCGGTTGACTCATTCCTA,629,48.49,Caenorhabditis elegans
SEQ_148369,GCTAGAATGTATAAAGCTAAATGATAGTAATCCCCATCGAGCCAGCATGAAGATCATCGACATGCTTTCGGGAATCACTTCATTTAATTAACACTAGCAACATGTCCTCCTGACGATGTACGTTTTTCCGGCAGTGCACGATTGCGTTCGGACGGAGCCAGGCTGTCCTACAATGTATAAAGATGGACTCACTCAGACATAATGAGACGTTCGGCCCCTCAACGCGAAACTAAACCCTAACTCCTCTTTCCTGGCGGTCTAGACATTCCAACATTTCCGCGTTTTGTCGTTCATTCTTATGCACGTGGAAAGTTGGGTAGTGGTTTAGGGGCGGGGTTTGCACCAGTGCCTACTGCCCCGTTCCCCGCAAGTGCCCGTGTTGCGATGGCGAACAGAGTCCTGGTAGCCCTATATTCAGACTTCAGTGTGGGCAAAGCTGCAAGTTGCGATTGGCATGCTTACAAACGTATTATTTGTGTTTGCAGCGCATCAGTATTGAAGATACAGGCCATTCCTTCATTCCAACTCTAGAATCTGTGGGTTCGAAATAAACGGATCCGTTTGTGTTATTAGTGTTTGTAATGTTCAAGGTAAAATGATAGGGCTGGAACACAGGACATTTTCCTTCCGCGATTCGGGGGCCGTTTCCTTTTTAGTTTTCTAATGCCGTACTTTTACCTTACGCTGGCCTCGGCGCGCAAAATAAGACTAACGTCAGGCCCCTACGCAGAACCTAGACGTCGAGCGATACCGGGTTAAATAGTGGGCCCAAGCCTCAAAAAGAATACATTGGATGCTGAAATCACTACTATCGGTGAGGTGAGGCCCATATTTTTACCAACAGTAGCTCTCCCCGGATTTGCACCAACGTCTAAGCGCCATCTGAGAGTATCCGGGTCCAACGCTCTTTCCTAGAGTGTCATTCTGCAAGTGCCTATCCTGTAGAACCTCCCGGTAACTTTGCGGCCAGCCTAGGAACACAAGTTGTTAGTATACTTTGCCGCTGTGTTCACGCTGTCGGTCGTCATTATTTGTTATTGCTGAGCCGAAATGGATACACCTCTGGGGGTTTCATTGATCGGTACAACCCGTTGCCAGATTTAATCGAAGTCCGACTGGCGAACGGTGTAGCGGATCCTAATTGCCGGCTTGGTTGTAGACTCCCGCTGTTAGACACGGTCGCCTCTATTTTTGTTCCATGATAACGCTCCACCATACCCAGGCATGAGGTCAAAGCGGGCTGACGGAGTTATAAGTAGTGGACAGAGGGCTACTCTCACGGCATATGTGTATGGTCATTTTACGTTTTTGGAACAATAAGAGGCCCAGATTGCAGCTGCCGAACGCCCCGGGTAGCACTACTGTACAATTTGATTTGTGTGCCCATCTTGTCACAGGCACCAATCTCCGAACGTTGCGGGCTCTGCGCGCCGCCTGCACCCTCTCACTTCAGTGTGTCCTAGTGGGACAAATCCAAGAGTTATTCTCTTGTCACATCAATTTAGATTCGTAGGACTGGGTCCGCTGTGGGGGCAAATACTAAAGGGCGGGCAGTTTAGCATATGACTGGATTGACACTCTGTGTTGGCGCATCTGAATAGGAGCCCCATGGATATCGTAGCCACTCCCAC,1631,49.05,Homo sapiens
SEQ_691001,TCCCTGTTCTGCCTCTTGTAATTGGGTTGTAGGTGCAACCCCTCCGGTAATCCCCTGCGCGGAACTATACGGGTTGTTGAACTATCGTAAACTCCGGAGGCCAAGCAGTCGAAACTTGCCAATGAAAGTCCATTTCAGGAATGCTGTGAATCTGCTTAGTTGCCGCTATTTGCTGGCCCTCCCATTACCTGGTTCTTTATTGGCAGGTTCACGCAGCCCAAGCCCATTGGTGCAGAAGCCTGATAGAACTTACTGGAACCACGATAGAGCACAAACCTCAAGTATGGTCAGCCCGTCGTATTCCTCGCTTTTTGGGCTTTGGAGGACTTGGTATGGACAGGTTGTAATGGTCAGGCAACTACGTCTCGGCGCGCGCTCGATTTTACTTCAACAAGTCGGACGAATCGGGTTGCCCATACGC,421,51.31,Caenorhabditis elegans
SEQ_270227,GCCTCAATGGTGGAGGGACGCCATGAACCAGGCGCCTCTAACCCAGGCGCCCGCTTACACGGTTTTCAATGATGAACCTCTGTAGTTTGCCCCAACGCCGACTTAGCCTCTCTGGTTACACAGGACTACTGCTCCAGCCGCCCTCGCAGGGCAATGTTTGATTTGAGGTAAACTGCAAGGCTGGTTCACATCAACTCATGTTCCTGAAGTGGGGTCAAACGTCTCCCGGTCAAGCCCCAGACTCGGATTAAGCAAGGCGCTGTGTACCTTGAAAATAATCGTTCAAGTAAGAAGATCCAGCCTTGTGGCAAGCCCGCGATTGGTTGTAGCTTGGTGGAAAGTCGTATCTGGCGGGCGTCCTGCGCGCACAGCGTCTATCTGTTTAAACACCTCGGGCCTCGCAAGGGTCAACATTCATGGTTCGAAGCTAGGGTGACACCAGGTAGTCTATTCTTCGCCTCATAGCGGATAAGCGCTGCTGGTGCTCTGTCCCAGCGTATCTCTGCGCCGCGTGCAGTCATCCGGGAGTGGGTTAGGAGATCAGGGACATGACAAGACCAATACCTCATACAGAATAATCACGAATTCAATCCACAAGTTGTGTCATCTGAAAGAGTGACCCCCATGCGACCTGCATCTCGACTTGGTACAAAGTTAATAAGTAGATCTCAAAACGCATGGCCGCGCTCACCGAATAAGACAAAGAAAGCTAAACTGATGATAACCTATCCGCTTTGTCGACGTATCAGTTTTCGCCTTAACCGGGTGTCTGATCCCCTAAAGGGTACATTCCGGACTTCAGGGAGGAAGCAAGATGTGGACGTCGCCCCCACGGATTTCAGTAGGAACGGTATCACGGACCAACGCTCCGACTACAGAAATAGGCTGCGTAACCTCCAACATCGGAGCATCCGCGTTCTGCGCTAGGACCCGTTTAGGTGTCTCCCGGTGGCCTGACCTTCATTCGCGTTCAGGGATTAAAGGAATCCCTTTGGTTGGTCCGCCTCGTAGTCTATATGTTCTGCAGTGTAAAGCCGTTTTAATGACACCTGACTAGGACAACCAATTAGGCTTAGATATACGTTTTCAGAAGCATCCTGCACGCCTAGATAGGAATCGTAGATACAAAAGGTAACAGGATAGGTGCCCACAACAGGCAGATCCCCTCGGACCGTTTGCTCACGCTGTTTTAACGGTCCCACAGGCCTTTTAAACATAGTACCCCGCGCTCGAGTGCGACATGTGAGGTTCGGGTACAATCGATCTGCTTAGGATGGTGAACATTGTACATCTCCCGAGAGCACTATGTTAGGATCTAACGGCCACGAGCTATATATATCACGTCCTTACTATTGATGTCACACTTGAAGCTACCGAGAACGGCCGACAACGCCGACCATGTGTGCTAGCCTGGGCATTAGGCGAACTGATAGCAGTCAACTGACGATCTTGTCCTTTGTACGCATAGATGGGGGAGTTGAATCTTGATTAACAACCGAAATCGCCGTTTCCAATTAGACCGCTCCACTATTCGCTATTTGCCCGGATGTATTACA,1556,50.84,Arabidopsis thaliana
SEQ_289484,GAGCCAGAATCTATGCTGCGACACCAGTTGGTTTAGAATGAGAGCGTGCATACTGCCCGTATGTAGGTGTTAAAGCTACTGTTCCTGAAACCTGGTTGCT,100,48.0,Escherichia coli
SEQ_253736,GGTCACTGATTCAATCCACCGGTTTCAACGACGTGTGGGCTAGACAGACGAATTGTGAGCGCTTAGCCCGTATTCATTACTTGGGGGCAGGGACTGGAGTGGTGACACCGGGTTGGGTCGAGGTCCTGTGCCCCTGAGTAGGGCTGCCGCCTTTTTAAGATGCTTTAATTAGGAGTACATAGACATACTCCTGGACACGAAAGCGCTGTAGTAGACACCGGTTAGCCAAGGGCGTGTACCGGGTAAAGTATTCTCTACCGCAAGGCGTTTCACCGTTGCTGCATGGCCGCTAGGAACGTTCCCGTGCTCTGACGCGGTTACAGAGAAATCCTACAGTTCGTGAATTCGACATAGCTCGACGCTGCTCAGTTCGCAAGAACGTTTCTACGATCGCTAAGCCATTCTACATGGCTGGTCAAGTCTGCCAAATGTCAGCTAGGACAAGAGTGTCCGTATGGGATGGCAACAGGTTGCTGCAATAAGCAAATTCCATCAAGCTGTTCAGATGAACAGCCCGCTTGATCTGTGCCCACGACGAGACATGTTTCTCAAAGTAGGACGAGGGTAGAACAGTTAGTAACACGCTGATGAGATGTTCGCCTTCAACGATTCCAATGTCCTGCCATCGCCGGTGCCGGGTGTAACCGTCATAACGAATTAACACTAATGCCATACAGACTTATTTTCCTAGTATTGCGAAGCTGTAACCATAAGTTCATTGGCGAACGAAAATCGGTAAAAAACGAACCCCATATGGCGACCATGCTGCCGATAATCGAGACTAGTACTTAGGAAAATTTAAATGGAATATGAAACTCCGGGAGCAAGCCTCTCTTAGTAAACGTTAGAGACTCAAATGAGTTGCCGCGTGGCACGAGGCGTAGTCCCAGTTAGATAAGACTTCCAGGCACGGCTCGGGACTACCATCAACGCGGAGGAGGTATATGGAACATGCATCGGGTCGGTTATTTGGTCATCAAGACTGCCCAAAATTTGCGCTCGCCCTTAGAGTACGAAGCAATCGACAGTACGCCCGGTGTGCCCTTAGATTAGGGCTGGTCTGTTATTGGTGTATTGGGTGTTATGCGAGATATTTCTGTCAGTACTAAGCCCAGCGCAGATGCTAAGCAGAGTCCCCCAATACGGAGACGAAGATGTTGGTCAGATATATCCATAAACGAGCCAGTCGGGTCGCCTGGTCCGTGATGAAGGCCCAAAAGGGGGATATTATTAAAGGCCAATATCCCCTTATAGTTGGTGCGCAAGTCTCTCGCGTCTTTGTGAGGGGTATTGGTACGTGCCCGTCAAACCTCTGGCGTTATAGGCCCAAATGTAAATGTTGATCTAATTAACGGTGGTGAGAAGAACTTCCCTGATGGTGGGCGAGGGCCCATTAGGCCTAAATACAACAGTGTGAGATCGGGTGGTTACCTAAGGGCGTAACTGAACCGGAAATCTCAAATGTCTAACCAGTGCCCCTCCACAAGGTTAGTCGAATGTCGTCTCAAGCACAACCAGGAAACTTACGAGATTTGTAAAGGAATACTTTGTTGCCTCCATTATTAAAGGTACCTACTTCCATTCGATGCATCTTAGGGGTGCGATTAAATTCGTACAGATCGATTTGGCCAGGTGAGATCAAGGGCGTGGCCCTAAGCTTGAGGTATCCGCCAGGACTTCTGTGTGTACGTGGCACGACAGAGTCCGGCGGACGGCTTCTCCACAATGAGATCCTATATTTTTTCGAAGGCCCAGGCACCGTTAACGTAAGTGAGACGCA,1780,49.44,Saccharomyces cerevisiae
SEQ_277284,TGTTCGGTGCTTCTCGGTGACTGTGGCTGTAGCAAGTGCGAAGAAAGTCTGTAGACGTGGGTAATTCACCCGTTGATTTCCCCGGTAGTGAGACTCTAACAAGGGTGCAATGTACGGGTTGCAGTAGAGCTCCACTTAGCGACACTACTCCTTCAATCCTTAGACGTCCCCACATCTGGCACGGAGCAGATGTAAGGCACGATTTAGCCACGCCGTAGCACACGAACAGCTGCCAGCCTTTACCTGGCACAACGTGGGATCGCTTTAGGCGATGCCGGACTTCGGAGGCGTGTCTTTCCGACACAAGGAGAAAACAACCCGAGCTGGGCCGAGCATCCGGGTAGAGTTGTGGCAGGGGTGGGACTAGTAATAGGCTAGTACAGTGGTATCCGGGTCCGCTATAAATCTCGTCTTGTCCGGAATCTACTACGGATTTACACCTTGCGGAGACTCAACGGGCCCGAGATAAGACATGGTCGTCTATGCCCGGATAGCTTTAGCATGTATGCTTCCACGGAACCAGTACCTCTGCAAGTATTAGACAGAGATTCGAACAGTTTTCCTGCTAAAGTTCTTGCTCCAATTGTTCGTGCTTCTAATCGGCGACATTGATATGTGTTCGGGCGGGTTATGAACTGTTTGTAGTCGTCATTGGGCACCAGAAATGGAATGTAACAATATGAGTTCAAATCTATACCTCCGCAAAGGCTCTGGTCCGTACACGATACAATGCTGGTTTCATGTAATCACCACCGATGAGGAGAAAGCCCGCTTTTAGGAAATGTCGTTAACGCTGCGTTCTTGTTTGACGTCGGCAACCATGAGTTTCCATCAAGCTAAATCCTAATTATCAAAGCCCTAGGTGCCATCGGCTGTTTTCGACAAATAGATATCTGGAGAACCCAATTTATACAATAACATATGAGAGAACTGGCTGTATTGCATAATTGGCCCCGCCGGGGAAAGGCACTGGCTGATTTAAGGAAATGACGTCGCGTTTAGGTTTTTGGATCCAAATCACGTCCAACGCCTAACCGTAAATGGGGATAACCATAGATTTATCTTTACTTCGCGTGCTCAGAATGAGAGTGAAAGTAATTCTTTCAGGGGCGCGTGGGGCCTTATGGTGGACGCCATAAGGAGCACTTTAGGAAGCGAAGCGCCGTTTTGCGATTATCCGCGAGAACTATATCCCATCAAACATATGTACGGATGTCGATAAGGTCGTATTGTTTGTGCCTGGTAATTATTAGCAGGATAACAAATACGTTTGGTCACTTCTATTGACGCATTCTGTTATTCTTTTCGCAGCAGAGGGGGGGGAGCACGGAAATAACTCGCACGGGAGGTGACGTGTTAGTATTTAGCAACGGGGGTATAATAGTGTCGGGCAACAAGTTGTTCATGGGATTCCACGGACGCTTGGCGACCAGGTTTTTGCATTCGCCCAAACATTTTCCGATATGGCATAAGTGTCTACGGCCTACAAAAGCACGTACTGAGTTAACGACCATCCAGGTTTATGATATAATGGTAACGCAGCCTTTAATATGGTCTGCGAACGATCATGCGTCTCCTCGGCGATTATAAGTAACGAGCGGTCTCTGTACCGTATAGGTACTTTTACGGTCTTCTCTACTATGGGTCGTTAGTACAGGCTGTACACGATTCTGTCCTTTACGGTGGTTTCTCCTACTAA,1699,47.79,Saccharomyces cerevisiae
SEQ_641161,CGTGATGCACTGACGTGCTTTCACGCGCGAATACCATTATAATTTCTAAGTATCTTCCAAGCCCAGAACCCAGTGTGTTGCTCACTAAGATATGTCTCCTTCCCATGTTGCACTCAGCCTGCCAACTCGCCCCCAACCACCCCGGAACATCGATGCCATCTTTCACTTATCGATGTCCCATCCTGTGCCTTCTGTATACTTCCTGTGGTTGACTCACAGGATTGCACGCCACTAGCCTGTGAAGGGTTTGCTTTGAACTCGATGCCTTCTCGCCCCTAGAGCTCTTCAGTTTCGATACAACCTTTGCCTGACGTTTAACGTTCTATATTCCTCCTGACTGTAGATAGAGCTCGGCGTAGGGCATTGCCATGAGACCCAAGAATACACACCATAACAAGACTAGGGTTAAGTTAAGTTCCCGTACTTGCCGTCCTCTAGGCCCTCACCTCACAGGTTATATTAGCAGACGTCTCGAGTATGGGGATCGCGTCCAAGACGAATTCTTACTCTCGGGAGCGCAGAACGACCCCTTTTCTCTACAGAATGGGCTCGAGAATTTGTCGGAAGACTCGTCCGAATGAGGTTGGCAAATTTTATGTACAGGCCTCCGGGCTTCTTGGCATGGGTTAGGGTACTATCGAGGACAGGACAAAACAGTTGATCCCGCTTTAAAGGCCCTAAATACTCGGTGAAGATGTTGGGACGCAACCCTCCTGAAAGCGCTATCGCCCCGCTCTTTCTTATCCTTTCCCCCTATCTGATAACTGATTTCATCTGACGGCATTTCTGGAATGTTTATACTAAGACTGTATAATGAGACACCACGAGCAGTATGTAGTATCCGGTCCCCGCTCACAACCGTTGCCGGTTTTGGAATGATATATCCGGGGATATGGGTGAAACAGCCTAGCCATTTAGAAGCCCGCCATGAATACGGATGGCAACCCATGCAGTGTGCTTGAAGTGACCTCTCTATTGGAGGTACTATAGCATGGCGGTTAACTAGGCGACTTATATG,1018,49.02,Drosophila melanogaster
SEQ_868522,GAGACGGAACGGCGATAATAAGAGGGATAGGAGTAGCGAGTCGATGACAAGACACGCTGAAACGCGAAGGGGTAATCTTAACGTCAACAGACCGTCGATCCCTAACCCTTATATCAGAAATAACTAGATAGAACCGCGGCTACCCGTGCCGAGCGTCTGAAGCATTGACGGGATAGGGAATACCTTGAAAATGATCGTGCACAGTTAGAGACAGCCGAGGCGTAGTTCCTTCTTAGCCGTAGCACGTTAGAATTGGGTTACCATATCATTGCATAAGACAACAATCACAACCACAAACAGGCCAGCTTCGGAGCTAGTGTGTCAGGCACATTATGTGCAACATGGTGTATTAGATCCGTGCATAGAAGAGTATTCGGAGGGCCGGATTACGACTTGTCTCACTTTCAGGGCTGAATTCGATTTAAGACTACTTTCAGCGCCCATCTGCTGACGGCTTCTACTCCACCTCCTTCGCAGCACAACCCGCCGCACAGGTACGGGTAATGCGTTAGGATACTCTTAAGATTCGTAGTGAGTACTTCGTATTAAAGTTCCGCTAACAAGCAGCTCACGGTATGTGTCGTCCTTAATGGGGTACGCCGTGTGGGGGATCTAGACAGGAACCCACCGGTGCGCTCTGGTGAGCAATGACCTGGAGAATGAGTTTGACCCGCTGCATCCCGTAACTCATGCGTCAATCAAACCCTGAGCTGTATGAGGTACACTCTGCCAATCTTCTACCTCGACCTGTGTACCCTCTCGCGACGTGCTTGCTCGGGTACTGCTCTTAAAAACCTCCCGCCCACCGAGACAGACGGGTCGAGCCGGCATAATTTCGGGCTGTTGGCGAGGCAACCCGATCTCGTCCTGCAGTCCTGAGTTGAAGATATCGAGGGTTCAATGGGCTAATCCCCAATTGTCGTAGGGCGTAAAGATGAGTAGTCCAAGTAGAAAATATCCTAAGGGCTCCCTACATTTCAGGAAAGGCTAGGATGGCTTTGTGTCCAGTAAACCGTGACTAGAATCCTTCTCGAGTTACCCGTGCAATAACGTCTTATGTATACTGTTCGGGACGATCCTTGTACTAGTGTGACCACTGCCACCCTTGAATCCAGACTATTGCAAGAAGACGGAGAACTTCGTTCTCACGATGTAAACAAGCGAGTAAGGCTCCAGCTTGGTGGGACGGCGGGGGGGGAGCATCTCTTAAATTCGTATGCAAGCACTTACAGCTTCGGAGTTCTGGGCTGCGATTGAGGAGGCGCCAAACGGTAACACTGTCAGGATCTGTGCCCTTCTAGGGCAGGATCTGCAGTGTCTGTTAGGCGCCATGTGACCCTAGTGACGATTGGTAGGTGATCCAGTAAGAATGCCATTGGCGTCTGGCGCATATTATCGAATCGGAACTCGGTCCGCTGAACATGCGGTCGTATGCAATGTCAGATGCCAGTCGTGAGGTAGTGGTCATCGAGATGTTGATAGCTAGCACGTCGACTGTGACCTTATTGCTACCCACTGTTAGAACACTCTAAATGTAAATTCTCAATTGGGGCTCCGGTACTGGTAAAGATTAAGCATAGCTGCAGCTAACCCTAAGACGGGAAAGTTACCGCCTCAAGGACCTGGGAGGCCATTGCTCACCCATGACAAATGAATCCTGAGGGTGCTACCACGGACTCTGTATGCTTAAATCCGAGCATATCGTGATAGCATATAAGACAGCTGGCTCAGCGATACAGGAAATTGATCGGTTGGGGGTCTGTTAGATAATAAAATAGCTACCATCTGAGCTCGTAAC,1798,50.06,Arabidopsis thaliana
SEQ_694977,TAGCCATCTGACAATGGTCAGCCGTGTCGAAATGGGCTGTCGTCTGGCACTCATTACTACTGAGTCGAAGGTAGCGCTCCTGAGATATCATGATGGGCAGTGTGTCCGCCCTTAGTAGATCTATTCAAGTCGTAGATCCAGCCTGAATGCTCGGCACCTATTTTCTGCATCTCTACGTTGTTGAGGAAGGAAAATACAAATAGTGAGCTGGGGGGTATTATACCGCCGAGCCTTCACGGGTCTGGCGGAGCCTTGGACCGCACGGAGCTACCGATGAGCCGCGATAATTAAGGTCCCACCCCAGCTACCAGCGCGTGAGTCGGTCCATCGGAGTACGGGTAATTCATGCAGGCCCAGACCCCTATCTCTTGTTCAGCAGAGCGGAACAGAATCGTCTTCACATCCGTAGATCAGAGGTCCAACTTTTCTATTACGCCGTTCGAAGAAATCCCCTATCAGCGTGTTTCCCCATAACCGGCATGGAAGTGCAAACAGAGAGCGGAAATCGTTTTTGTGCATGGGCTTTGAAGAAGCCTGGTACCTGTCTTCGAGAGCCAACATGGGCTTCTGAGGTCCCGCCGTCATAATCGAGTTCAGA,598,52.17,Escherichia coli
SEQ_511074,GCTCGTGGTCGCTTAGGTAGCATTCCTGATTCGTGAACGACTTTACCGTGGATGGGATAAGCGTAGAGTGGCCCGGGACGTTATCGTCGGAGTGGACAACTATCATCTAAGGTACTCTTTAGGGGTGTCGTACTCCGCCGCCCGACTTTTAATGCATGTGGGATATCATCATAGAGTTCCCATTTTAGTTACGAAGCCGTGAATCACAGAGGTCCTGCGCATTTGCGTGACTACCGTAACCGAACAAGTACCGGTTCGGCTCCGCCGATACTAGCTAAACACCAATTCAAATGCGTCAGCCAATGACCGTCTTGCCCTTCCACTCAAAACGGGTATATGAGCTAGCCTTTGACGACCTCCGTGAGTGGTCACGAACTTCTACGCCTGAGTCGTGAGGCCACCCGGGATTTCCTCGGTAACAAAAACCGGGGGGTTTTACTTACCGAAGGCCGCTGACACCAATTCTTGTGCGGAGATCAAAGAAAACCTCAAATCGTGCGTCGAAGAGTCGCCCCGTACCGCAATCGTCGCCGATTCGTGTTTACCTCCGCAGCGGCCGGGGTCAAACCGACGGTCCCCCGAAAACCCTGCGCGCCATTACCACCAAGTCGAGCCCGCGCACGTTTAACTAGTATGACACCAAATTCCAGGCAGATATGACAGCTCCCTAGATCGGAGGTACGCAGGGTTACGTCGAGAGCTACTTGGATAGCATGCGAAGGGCTGACTAGACGCGCTAGGAGCGGCGCCGCCTTACCGTTGGCGTAGCTGAAGTTGACTCAAGAAAAAGGCCTCCAATCGCTAAATCTGTTAAGAAGCACCTTATACGTGGCGCCCAGATTAAGAAGCTCACAGCGTGTATGGCCTTAGCACAAATAGGCCCCGTGGACCTGCCAGTGCAGTCCCTGGCGCCTCATTTCCATAAACTTAGATTAAAGCCCTGTAAGACAGTCTGAAACGGTTAACTCTCGTAAAACGGCGAACGTCTAGACGACTATGGGGGGGGGCCTAAACCGGCGTCGGTATGGACAGGGAGCGGCTTGGCAGCACTAGGGCGGTGTAAACCTGCTAGACCTTAGATCCAGTTGAAAATGATTTCTAAGCTCCTGGCTCTGCGCACTGGTTCATCTCCGAATAAGTGCAGACCGATTTATCCAACATTTGTCTACCGAACACAAAGTGTTGGCCCCACGCGAGAGCTATCAATCTGATCTCATGAATCGGCTTAGCAGTATTGGGCAACTATCCGCTGGGTCAACCTTCGTGAGAGTGGGTCAGCCCCCGGCCCAGGCGTACGGGATGAGAGCTTCGATTAATCTGCAACAATCAGTTGTCATTTCGCGAACGCCAAGGTACTACTACGCATAAGTGAAGTTATTCATTGGTCAGTGTGCGGTTTTGAACAGAGTACTAGAGCTTTTCTATCTGCGTACCGACACATCGCGCCTGAAGCCGACGTTGCATCCCATAATAGGGTTGCAAGTCATGCGAAATCTGTTGCTTTACCTGCACGCGACAATGCCCAAATCAATAACAATCAAGCCCGTCTTATATCAGGCAATCGACTTAGATTCGACGCTGGTATTGCGTCACCACTCCACGCGGGTCACACCTCGTGATCGTGTACACTCGCCGACTCAAGAGTTACCGTGATTGTAGCGGACATTACACCGCGGGTCTGGATAGCGCGCGGGCGCTGACCGCCCCGTCTGAAGGGAAGGTTAGTCTGGACCTTGGTCCTTGCTTGAGCGAATGACCCGAGGTCTCCTAATAATTGACGCGGACTCATAGTGATCTAACACTCCTGCGTGGAATATCCGCGCTCCCGAAGGGTCCACGATGCCACACCTGTTCCCGGTTATTGGTCGACCTGCCAGCTGGGGATTCCTGGCAAACTAAGGTAG,1904,52.84,Mus musculus
SEQ_999134,TTTTATGCGTTACGATACGTCAAGAACGATACATCCGGGCACCTCGCATCCATAACCTGGAGTGGTCTATGGCATCAACACGTCAGTCTATTGTGGTGGCTGGGATATGGGTACGCCTATGGTACGTAGACTACTAGCTGCGATCTT,147,48.98,Arabidopsis thaliana
SEQ_819146,TTGAGACGCATCTTAACTAGCATCGGTCGCCACCAAGAATCTAGGGGCCCCAGAATAGGCAATCCGAGAAATCCGCAGTGGGATGAGCCGATCAGGCCGTTGATTGTTTCGACGTACCGCGTACGGGCAATATAGACCAGGTTCGCTGCCACCGACATACCATTAGATTCAGGGTCGAGAGATGGGTCTCTTACAATTGGACACTCTTCACTGTTGAGCGATACCATCAGTAAACCTAATCTGTTCCATATGTGCAATAACAGCACCACTTGTCTATGCTACAGCCCCGGCAGAAGTCACGCATATGTGCACACTGCTGGCTGTCAGGGTTTCTCGTACGCTAATACAACCTCTACAGGTATAGACCAAAAACGGCGAGGTGTCCGTATCTAAAGTAGTAAGGGAAGCCCGCGATGCGGTACGCACTA,428,50.47,Saccharomyces cerevisiae
SEQ_498637,TGTAGCATCGAAAAGCCAGGCATTTGGGATCGCTTTCCTAGTGTCAGCATGGCGAGGCATTGACGGCTAGTTACGGGGATGAGGGTGGGGCTGGGAAGCGCCTGTCTTCGAGGGGGTCCATGCGGTTAGTTCTTGTTTAAGGGATAACTCCTCCAGTAGTAAGCAACATGTCTGCACCAGTAAGAACGCTACGTAGCCGGTCATGGATAAATATCTCGCTGGTCCTAAGTAATCTAGTGTGACCGCTCATTAACTATCTTCTTTCGAGCATCCTGTGCTGGATGATGTAGTGGGCCAGCGGAAGCTTTCACATTACGTCGACAACCAGCACCCACCCTGCCAAGCTAACGATGGGGCTATTGTTTAGCCCCCCGTTTCGTCTAAATCGTGGGCAGTAGAGGCCAAAACTCTGATGCCTGCATCGGGTTGACGTAGCACGACCTAAGCAACAGTATAAGAGTAGCTCCCAGGTGGCCAGTACAGCCGCCCATTCACGGGGAAAATAATATGGTACGATCCGAACACGACTGTACTCTATGTCAGGCTTTTGGCAAAACGGCGACCAAGCGCGATCGCGGCTTTCGGGTCACATGTATGGGCATACCGCCCCCCCGAGGAGTGCGCGCGGGCTTGGCTCGAAGGCTGCACCGTAAACATTCGTGATTCTATACGAAGGCTCCTGTCCAAGGCATTGGAACTCGCGCGCTCGTGCAGTCATTGGTTGATTTATCGAGTGGGCCTTCCCTTCTAAATCAGACTATTTGGAGAGCATTCTAAAAAATTGTCAACCTCTTCACAACTCGCAAGCGTACATATAGAACCCGACAGCTTCGAGAAGCTCTGAAGTTAGCTAATATAGGCCTTAATCTAAGACAGGTACTCAACACCTACAGGAGCGTTGAACCCATATGTCAACAAGGCTCTTGTGTTTAACACTTTGCCATTAACCGTTACGGATTCCGTCGTTGACCAGCATCGAATCACCACGATAGTCCTTCGTCTAGCCATAGGTA,1013,50.74,Homo sapiens
SEQ_840143,AAAAACCGCTCCACTGGCGATCATTGCAGAATGCTCTAACAATAGGCCTGGCAAGGTCAACCACCTATTATTCTAGTCCCTGCAGTGTGAACCTGAGCGGGTTTCTCTGGAAGGCACTGGAATCGGTTATGTTACCCGAGACCTGATGTAAACTACCGCCCCTAACTCCTACGAACATATCACAACACGTACAACTGCTGTGGACGTCAACCTCGAATTAGCACACTCTATTGGGGGTCCCGGTGGGTGTGAAATGTTCGGAGGGTCGGGCGCCGTCTTGCTCGCGGGGGGGCCGCGCCGTTAAAGTCATGAGCTCTTTGCTCAGCATTCTATCACGTCGCACTCCGGCGTCTCGCCCACTGGCGCAGATCGCGTCGAGGTGAGGAAGCCTCTGTCCTAAACTTTGTATCTTTTGAATGCTCACCCATACATTTGTGCATGGCCGCCTCCGGAGCTCGGCTTGGGGGCATCATTAGCGATTCGTGCCTCTTCTGATATCGCGGTTAAATCCCCTTGTATCGCGGAATGGTTTCTCCCCCTCCGTAAGAATCTGGTGAAATATGGCGGCACACTCAGTCGTGGAGGAGATCTGAGTGTTGCCCGACTGTAGATAAGTTGTCTGGTAGAGACACCACAAAGTTGCTTGTTCCGGCGGTGCCTAATGATAACCCGCGACTGCGTTGCCCGCCTGTAGGCCTACAGATTGAAGATGCATGCTGGTGAGAGGCCAGGACTCTGAGGTCAATCCACTCAAGCCATGGAAAACCAAGAATTCGAACATACTACTTCCGAAGACTCACATGATGTACGCCCATACTTCCTGCAATTCGTTTCTTGCTCGCAGAAGCTCATTACGTCATTCTCTATGAACCGAGCCGCGTAACCAGACTCTGTCTGAATCAGGCACAACTCACGCTCACAAGTGCCGCACGAATGCGCGGAATAAGTGGTTACATTTGAGAAGTGCATAGAACTTGTCTACCGAGTCATCTTTTGATACGAAGCCTTCAAGGACTGTGGAACCTAACCAGATTTCATTCTGTCCCCTAGAGATAACTCAATCTAGCTCCATGCAACTGTTTGCACGCTTTACGGCAAATATTACTGCCACCAGAGCGTTGGGAGGGCTGTATGACTAAAACTTCCATCTATATAGTCCTTACCGTGACGTGCACACTGACCTGCGCGCATTAGTAGATCTATGAAGGACGGACCGAATTGCGCACTTAATCAGGCGAAAAGTCATCGGTGTGGCTCATAAAGTACATAGCGGGGTGGAACACTGTATCCTGCGACTGAATATGCGCGGTACAATTCGAATAGACAACTCTCGCTCTTACGTCTGCCGAAATCATGTTAATCTTGGACTACTGAGTGATGGTAACAGACCACCAGAGGGTCAACCCGGTTCTGAAAAAACCCCTGAAAGGAGGACCTACGTACAACATGAATAGAAGGCCT,1461,50.44,Caenorhabditis elegans
SEQ_721327,ATTTCGTTGCTTGCTTCTGGACTCACCAACCAGAGCGTCCAGTCGGTCCGTGGGATATTCGCTTACGACCGAGATTGTGCTAGACGACTCATGTATAACGGGCTATCAGCGTATTGATAGAACGCTCACGGGAAGCAACTAATGCAGTCCGTACTTCCCTGGAGTATTTGAGAGCGTGTCAGGTCGGGCACTTGTCTCGTTAGACCCCCGACTTGCGAGTAGAGCTAGGCAGGGCCATCGGATCAGTTTCTGGTTACGGTCTCTCTAAGTAACGGCTTTCGCGCGGTTTGGACTGCCCGCCCTGGGTAAAAGAAGCTGCTTGCGAGAAGGCTGATTCATAGAATATACGTATGCGGGAAACTACACCGGAATCGCTGGGATGCAGCCTCGTTACCCCTGTGCCAGATTGAGAATCATTTGCCGCACCCGCGGTTACTTCGATGCATGTCCTCCACGTGAAGGCAGTATGCCGGTCGCTAGCCCGCCTATGTCGGCGGCCCTTGTCTCAAACGGGACAGGTGTACTCGGTTCTCTAGGTAAAGCAACAGACATAACCCAGTTCAAGCCAGCCTGTATATCGGCTTTTTCGCCTCTCGGGAATCTTGCCATGTCCCCCAGAGAAAATCCAGTTTTGATAAATAAGCTAAACTCGGACGCTCGTTCCTAGCCTGTAGGTTAACCTGCCAGTGATCCGGATCTGGCGATCAGCAACCGCGCGCAATAGGCCTTGAGGACGAGTAGATCGTGACTGGAACCGGACCACAGACAAGTACTAGAGCGGCATCAGGTCGTCCTCCTACACCCTCGGTGTCACCGGATGTCGTACAACGCGAAAGGCTATTCGTAGGCGCCATCATCTGGTACATTAGCAGGGTTATATAGATTCATATTCGGGTCTGCGCAACGTAGAGCGGTGCCTTCGTTGTGCTACTTTTCCGGATAATTCGCCGTGCACACTGCCTAGCACGGACCCCCTTATGTTGACTGTATTAATCACATTTTTCGGGGGGGTGGAGAAAACAACGACCTTGGGCAGACCCGTACTACTGGCAGTGGGGCAAGCTTAACCGTCGAGGGTACCCGGAATTGTTCCTATAGACGTGACCAATCCTAATCGACCTAAGGCGGTCCCAGCTAGATTGATCGAAAGACCGAGTTATTCAGGGGAAGGTGATCCTATGTGGACTCTACAATCTACGTAGCGTCGATAATACCTCTACAATGTATATATGTCAATCGGTTCAGAAACAGATCCGCCTCGGCCAGCAGAGATCGCGGAAAGGCAAACGGCTGTATCCAGTTTTGGGGATGAATCGCCCGTTCGAACGCTCGCGACTATCAAAAAGACTGTTTAGGTACGATGGGCTCGTGATCTCACTGGACACAGCATTTGTGTGAACTGGGCATATCTAAGTCAACAGACTTAACTGATGCCAAGGTCTGTGGACCCTAGCCAAAACCAATAGCTAGCGACGGGGCGTTTCTAACCGTCTTGGTGGGAAGTAATGTCCTCGGCACTCCGACGTCGTGAGGAGTGATTCATGCCGCTGCGCAAATTGCGACGGGAGGTATCCAATTACCTGGTGCAGATGGGACCTGAAGATAGGGCGCTGCTCTACTACAGCGCCA,1629,52.36,Mus musculus
SEQ_642197,CCGTAGGTTTAAGTATTCGCTGGACCGCGTTTTGCCCCCCGGGTTGAGGCTATATATTGTGTTGTTGTGTTCATTGGAAACCGAAGTAACTAGTCTAGCCCCAATCTGCAAAGAGGCGCGGGCGATCGCCGCCACCAAAAAGGAGTTAGTCACTACAGTCTACGCGTGCCGCTAACCGAACAAAGAAGATAGGATTCTATCCACTTCGCTATCCGCGGACACTCCGAACATTGGGCGCGCCATACGCCAGCGGGACACGCGTACCGTCATGTCAATAAGCGAATATCATCACAAACGGTCATCGGGACCCACGGCCATGCGGACTGAGAGGTTTTCTAGCGTGCCTCAGCTAAATGCGAGATTACTAAAAGCTGCGCGACGTCTGACACAGTGCGTCATTGCTAGCCACGCACACTCTGGACTAGAGATAAGGTTCCCGTGAATCACGCCCTACTTAGTAAAATAGGTGTGTAGTACGCTGGTCGGTTGGACCGGTCCTTGGAGGATTGTGCAGCGAATCTGGCAAGTCTTCGGCGTAGTATCGAAAGAATGTCGCGAGGGATGCTGTTAGTCAAGTTTAGTCGCCTACAGCTAGC,596,52.35,Drosophila melanogaster
SEQ_413728,GTGCTCTAGTCCGGTAGTTAGCCGTTTATACCGCGCTGTAGAACGCTCGTGCGCCAGGGGCATCATGCATAACCCTATACCTAGCATACAAGTCGATGTCCGTGACGATACCCTCTTAAGATGAACTA,128,50.78,Escherichia coli
SEQ_820454,CGAAGAGTTTGGCATCCTGGAAACCTGCAAGTGCATCATCGGTTGGGTCGCAGTCATTGCGAGGTAAACACAAAGTTCACAACGAATGAATAACCAGTAAATAGGTGGCCCGTACTAACCTGCGATCATCCATTGTTCGATTACCATAATCATAAAACGATATAGAAGTCTGTTCGGGTTTGTCCTTTTATTCCCTAAAGGACACTTACCCACGATTATAGTCACCGATTCGTGCGGCGGCAGTCCTACGATTAACATGCAAACCAGTTCCCGCTTGGAAACCCCTTGAGACGGACCTGGAGGCGCAGAGATCACGATAGGGCAGCTAGCCTGAGTCGGTCACGAGCCTGCATCCCCGGGTAATCCTATTACAAGGTTTTGGCAGTCATCCCCTGCAAGAAGTCATTCTAAGAGAAGTTGGGCCGTAAACGAGACATCATGTACAGGAATAGATCCGCTCCACCTCTCAAGGAAACCTAAAAGTCTGACGCACCCAAATAAGCAACGATAACAGAATTTCCCAGAACAAAACTCCACACTTGGATCGAGAGCATTACCGGCGTCGATCACGTGAACGCCCATCAACAAACGTGGATAAGCCTGCTAAGGGGGTAACCCGATGAGTGTATTCGAAACCCATTGAAGTCTCTCGCTTCACGAGTTCACGTCTACATTAGCCACTCAACTCAAGTTTCGTTGTGCGCATCGGAAACAGTGCTCCCTGTCGATGCTCGACATTCGACCATAGGGCCCTACCTCCACATTGTCCCGGGTAAAAAGCGCAACCTGTAAAGGTAGTTGGGTCTCCCGCAACATTTAAGCTTTCAAATATTCATCGAAACTGCCGTAGTCCTATCCTGAAAATTGATACCAGAAATGCGGTTTGTTAATTTGTGTGCTTGGTCCAAGGCTGCGCCATTCAGCAATCGCAATACGTCGCTACTCTTGGACACTACTATCTCTATCGCTAAATGCAACATTCAATACTCGAGTGACTGAGCTCCCATAGTCTAACGAACTTTCACTG,1027,47.61,Homo sapiens
SEQ_152262,CGGCCGTTGTCAGCGGCGGGTATAGGAGGGAGATTGCCAAAGGAACCTGGGTGACAAATAACTTTGTGCGCCCTTCAATTATCGCTTCCTGGCGAGGGCCTGAAGATAGGTAAAATAGAACGGATGTGATGACGCGTATTAGCCGAATGATCGTGCAATACACCCTCTTATTCGTACTAGGCGTCTGACGGGCGATGCATGGTTGGAAGTGACCGACAAGAGCTCCGCTCTGGTACGTCTGCATAGGATGTCTAGCTGGATGGCCGGAATCGCTCGATTACCGGATGTGGGCATTACATAAGATGGGCCTATCCTACGCCACCTTAAAAGGATTAGAACACCGTGGAATTGCCAGCCTAACGGACAACGTCAATTACCCTAAGACATTTTTGGATAATCAACTTGGACGAGACGTTGGGGCTCGGCGGTCGAGGGGTAGCGACTCCGCTCCGCTCATCACATTCACGTTCAACGGTTTCACAGCCCGCAAAGTGCTCGAATCCCCAAGTACAACAGCAGCGGGGTCAACCTTGGTACCTTGAATCTCACCTTCAGGTTTATGAAGGCGATAGTGAGATTTCAAAATCATAGTGGTTTCTGCCACACGAGTTCACCGGGGCAGGGACCCCGCCACTAAGTTACCTACAAGCGCGATAGTGTGGTCAGTGATGAAGCCTGTTCCTGAATCAAGTTGAATTTTATGCTGCAGCACCAATCTGCGTATCTCCCGCGGTGTTGACGCGTTGTAATCAAGGCTGGCAACCACGAAACGGACCTAACATGCCGGACATCGACAAGCGGTATTGTCGTCTTAGGGCTCGCTACCAAGCCGCTTGATCCGAATCGCTAAGCCCGGTAACGGAATACTATACTCGCATCCATTCAGCACTTTCATTAAAACTACACCCCAAGCCGAACTAGTCTAGCTATAAGTTAGGACTTTTTTGTTCAAGCATTCCACTCAATGCGAAGTGAGAGACTGACGCGGTAGCCGATTAAAGGCTACCAGGCTGGGCTCTTACCGGTGTCATGCCATACAATCTCAGCGGCGGGTGTTCCGTCCCGGGACCCCAGTCTGCTCAACGTTGGCATGCGGTCAGCAAGCACACAGTCCCGCATACACGCTTTGTTTGCTGACGCACTTCTGTGCTTTTTAAGAAACGGCGCATCAAGTAAAATTTCGAGCGAAAAGTTAGCGCCTCCGAAGTGGGTGCGGGAAATCAGCGGTCCTCCCTACACACTGCCCACCTTTAGGTCGGAGCTGAACAATGTCTTAGACAAATCGCCTGTAGCATCGGTAATGTTTGTAGGAGCGGAATGGTTGTAAAGATAACCGCAAATACCCCTGCCTCTGCAAAGCTTTCAGCAAAGTAGATAACGGGGCTTGCTGCTTCCTCGGGCATAAAAGTGGAATAACAGTGTACGAGTTATCCTGCAACTCTCATTAGCACGCCTAACACTCGAACCCTCGACAATCTGGCAGGACGGAGGCACACTAAGTTTACAAACTGACCTTATAATTGACGACGTGTCATTACACCTTTGCTTCCCAATGTGTCGGAAGGACGAAGGTCTTTCCCAAATGGCGTCAGTATTACTATCCGTAAAATTCTCACTATACTACGGTTTGGTGCGAAATTGCGA,1644,50.3,Caenorhabditis elegans
SEQ_490483,GTATGCCTAGGACGACCGAGCGGAGATCTCCCCCTCGTAGTTCCGAAGTATCCGAAGTACCGCAGCTGACTCTATTGCGCTGTTGAGAAACCTTGACTCTGAACGACAGCATATGTGGTACGAAGAAAAAGTACTTATTGAAGATCTGCTTGTTCCGCTCTATCTAGACGTCAGGCGCCTACTTATGCCGGTTACGGCGACATGGTTCCAGAATGGATGCGAGCATCAGAGCCGGCGGCGGGTATGCTCCTAGGGCAAAGCTTCCGATCGCCAGTTCAACCGTCCTTCGACCTGCCGCTTTTGTTTTCGACTTTAAAGACGAATTATGCAGGTTAGCAGGGACTTTGAAATATGGACTCTATATCCGCACAGAAGTGTAACTCTATGTCCAGGTATCCAACCGGCCTCCCTTGAGTAGTGGACCAACCGAGTCGGGAGATTTTATCAGGGACCGAGCGTGGTGGTCAATTTAAGCTCCGCAACCTCAATGCGCCGGGAACCTGGAAATTTGGTAAAAGGCGACCTTTCACATTATTTAAGGAGGAACTAAGCGCGCGTGTGTAGCATAGGTGATACGTGGGAATGGAGTTGAGATAGCGGTAGATTATTCCGTATTTGGAAGTCTCCTGGTTGCTGGCTACCAGAGGATTAACTCAGATCTGTTCCGGGCCTTTTCCCCCTGTCTCGCACTGGCTTCAGATCTTAAGAGCACCCTTACTAGCGAGGGTGGTGGGATGGTATCCGTCGGCTAGTTGCTAAAACGAGCTGATCCCAACGCTGACACACCTCTGAATCGCATACGTGTAGCACCCGCTATGGCCAGGAAGCGCCTTACAAGGTCTTGCACGAGGTCAGCCTATTTGCCATATGTTATGATTTATAGCAGTCATGCTAATGGGTGCAGATTACTGGTAAGCACCCTAGTGACTGCCCATATATGGCCAACTAGGCCACCTACATCCTCTTTAGTTGATTGTCCTCCCCGGCTTTAATAATATAAATTGCATTTGCTATCAAATATAGGATTGCAATATATCACCGCATAAAGACTATTGATCCTGGGTAAACTATTTGCGAATATACAGCGAGCAGCAGAATAACACTCTGCGGAGATCGAATACTGGCTAGCGGCAAGTGCTCATTAAGTGCTCTGTTTCCTGTTGGGAGGAATGAATAAGATTTCATCGTCATAGTAATTAGAGCTTTTACTTTTTTAGTGGTAGTTCCTACGATAATCCCCTAGTAATTCACTAACTTAGAGACACGGGCTATACAACTTCTCAAACGGGTGGCTGAGTCTCACGCTTCCTAACACTCTTGGGGTGAAAAGTAGTAGCTGAGTTCAATTCTTCAACACTGGGGCGACACTTATGCGGTTGCGAGTTAGGACGTGCTCCTCCCGCGACGTGTATCGTCCCGACCTAGGGTTACAAGCGATCGTCCGCGGTTCACATACCAGCCACTCTTAACCGAAGGTGTCGAAACCTTGTGTATATAATAGTAGATATTAATCCCGAGACTAAACTCAGAAAGCGGCACCACTAACGACGCGACATCTG,1559,48.11,Escherichia coli
SEQ_269099,TGGCCCTAATAGGCTGGCTCTACGATTTAGGCCAGCCAGTCGGTAGGGTCCGTGCGCCGTTCACGGTGGCACAGTTGCCACCCGTTTATGCCATACCGCAGGCCAAGCATCTTGCTATTGGGTTCAGCTTTCCTCCGGTGTTACAGATCTGGGATACTTAGCTGCCACTTGCAGTGTGCATAGTGATTAGAGGCATTAAGCTGGCCACGGGTCCAATATTGAGGCAAAACCATGGGTCGTCCGGAGGTCACATCGCGATGCGACTACTGAGAAAACACGGACCCCCTATAGATCTCTGGCGCGGGAGTAGATTTGCACCCCGACGATAGATCACGTCACCCGTCTCTCCAAATGAAACAATATGTCAGGCGTAACATACTAGACGAGTGGCCCATAACTCAATGATAACTTCACGCCGGGTTAATGGCATAGGAATTATTTGTCAAAAGGTCGCAGTCCTCGTTGCCATTCAGTAAAACTGGTCGCTTGAACGGAACTACAAACAATAAACTCCGTAGTTTTGTTGGGATCGTGAGACTGACCGTAGGTTGTCTCCATCCGGACTTTGTGGTACAAGCTCAGATATCATTAGTCCACGAAAAGTTACTCGGTGTCTGGAGAACCTCCAT,629,50.24,Caenorhabditis elegans
SEQ_883949,CGAACAACGGGGACCGATTTGCCAGCACACCGTCCCTGTCATATCGTATTAGGTTGCGGCCAAAATACTCTAAAAATTCGGGAAAGCAGGCTGGAAGCAGGAGGTCACTACATAACTGGCCCTTATTCCCTGCTGAAGTCGGGCAGAATCTATAACTAGTCGTTCAGTAACAAGTCGCTACGAAAGGTATCTCCGTCGTTGGTCTATCGCAAGCATTTAGGTCTTGATCGCAAGCTTCTGGATAGAAGAGGTCATTTGTCGGTATTGATTATAATTCCCTTTGTTCAGAACTGGTTCAGGGGACACGCTTACCTGTCTGAAGCAGATGTACTTCGACGGGGTGAAAATGATTCATGTCAGGTCACCTGGATCTCGGCGCTGTTTCTCTACTGGCAAGTCCGATAAGTCCAAAACACAACCAGCACGATTAGCGAGAACCGGGCTCTGTTGCGGAGATTCACGCTATATGCACGTTCGTCCCGTTCAGTACATCTGTTATCTTAAAACCTTAAAGCGGAACCCCAACTACTTATCACTCCATACTTTATTCCGTTACTTATGCGTGGAGTCCTTAATAGCCCTGCCTTCCGTGTCTCCAACTACGAAAAGACCCCCTCTATTTCGCGTAGTGTCTACTCCGCTTGGCGACAGACTACAAACTTCTAGGGCATACGTCCAGGTATCCAAATTTTGGACCTATTAAATTGTCTTTTCGGTCCCAAAGAGGACTTTTCCCTGTAATAAACCTTTACATTTGTTTCTTGGATCCAATTGGAACCTTTACATGACCTCTGCACTCCGGCGGTTAATAGCTCGATACAGGCCCATCGTTAGAGTATCACCCTTATCAGTGCGATCTACGGTCGGTACCAGCAATTGTACATTCGATTGCAGCGTGATACATGAGGGACGGAAGTCAGCTTCATGTCTATCGGAGCAGGGGCGTTTTTACTTATTTACACTCAGCGCCTCCCTGATGACTCTATCAACTTTAGATAGAGAATGGGGTGTCTTAACACGCGTTCTCGCAGCGCTCTCCTAAACGATATACCCAATTACCACATGAATAGTTTCATGTCCCGCCGAGTCGGATTGTTCGTTGACTTTGAGCCCCCATCCCGGCTATTCGTACGGACTAAAGCATCTTACTGGATGGAGAATCATGATACACGACCATTAACTTTTAAGGATCAGCGTCGGCAGACTGGTGTCGTGGGAACACGAATAAGAGGTTCATTATTGGCAACTTCGGGCCACCTCTGCTCAAACACCTGTTTGACCGACGGCTCTAGGTTTGTTGGGTAACGCCATATCCCATGCCTCACAGGACACTTACGGTGAGAGTACCATGGTCGGTTCCTAGGAGGTTTCGCAGTTTTACCTCCCCATCCTTACGCGGACAGCTGAAGCCCTTTATTTGCGAATCACGAACGCCTGTATTGCGTTGACTGCAAGTCGTCCTGGAGGTTTCACGCAAGGAGCGTTTTGGAACTTAACTACCGCGGTAATATCTTTGCCGGCGTCTCAGCCTTCCAGTACTCGGCCCAACATACTGGGCGGGCCGCTGACTATTTTTAGGCAGCACGGACCTATAAACCTCGTCGACTCCCACATTTTTTACCCATAGCGACACCTACTCGACGGGACACTAAGCTATGGGACCCCGTGGCTTCTAAGCAT,1680,48.45,Escherichia coli
SEQ_450359,CTCTGTATGGGCAATCGATAATATACGCCTAGGGGGCGCACGATCAGGCATCACTACCAGACCAGGAATGCTACCCACTATACGATCATGTAGTCTGTTAAAGCCATTCGGGAGCCATGTGCCACGCGCCAAACCAAGCCGTCTGAATCATGGGCACGTATGTGCCGGAGAGCGTCCGTTAGTCGGGTTACCAGCTGGGTTTCTGTTTCTTACAGAGGAAACCACCGTTAGTAACTGGACTCATTAAGAGTCGATTCACTGAGCTCTTGTGAGACGGCAGTGCTGCGTCACACGTACCGATTGAATGGATTCCGCAAAATCATGCTTGAGGAAAGGGGGCTGTATTCGGGCTACGATTGGAGATTTAGTAGTTGGTCCCAATCTTCCTTTATATAGGCAGGTAGTTTCAACCCGAGCCCGCGTCACCACAAATGTTCAGGGGTTCGACCCCGCATATATCTAGAGTGTAAGAGAGTGGGTCGACGTAATTCTACGAAGGATGAACGTAGCCGACGCGATTCACGGTAAGGCTGCTCGGTGAATCTACGAATCAGCTATACATGAACCTTGGTTCACCGGGAGAGGTTTACGTATGGGCGTGCGGGCGTCTACAGCAATGTCCTGGCCCTACCAAGTATTTCACACCCAAGAATAATTCGGGTAGGAGGGCACGCCGGAGGTCAGGGCGCCCGGCGCCAGTTCCCTGATGCGACCCACGTGCGGGCCCGCGGAATACCGTGAAAAGTCGGGAAAAGACGGCCGATCGAGCCAGTGGTAGAATCTAACACTCAGGGACGAGCGGCCCGGCGCTGGGATTAATATAGCCGATATACTTTGTTAGATGTTATGACGAGTATAATTGTGCTTATAAATTTCTAGGTTCTCGTAGATCATACGCTTAACCTACTAGTGGAGGGTCTACCCAAAAATTGGAGTAAGCTGACTTCACTTCCACCCGCTAAGGAACGAGGTACGCGAAAAGATTTATGAACTCGCCTATGGATTTCAGTTGAAATCTTATTCCAACTTGCCCAGCAGAGAGGCACTTTCCCCCTGGAAACCGACTCGAACAGTGAACAACTACGATGGGTCAGACAACCGAATCCTACTGAGAGTGTTGAACACTTCATACCAAGTCT,1139,50.57,Escherichia coli
SEQ_591084,GACTTCGCCACTGATTTGTGGTCAGGACCTCATGATGGAATTAAGGATGTCGCCCGGATTGCTGTGACTTCTATGTACAATCGTCGCAGGACTTTAGTGCCTACGGGTGCTGCACGAGGATACCCATTCGAATACGGTCTCTAGGTTGAGAAGTGAACTTGTAACCTGTCAGGACAGAGACAGGTTAACCGGCCACTCCGGATCCACCCCGTTTCAGGTATTGAGACTGATTCGACTTGGAGGACTTACTGATATTGTATCATGGGCCACTGGCCCAGGTAAATCTACCCGCGTTGACAATCTTGC,306,50.33,Caenorhabditis elegans
SEQ_333532,AATACGCCTGAGCCGACAAACGATCAATGAGGTCCTATGTGACATGCCCTCCGTGTCGTACGCTATACGAAGGACAACCGTGTCCTCATCGGGGCCAAGTGGAGCTACTGCACTGACTGGGCGACTTG,128,55.47,Arabidopsis thaliana
SEQ_687411,TTGAATGAGCGCAGTCCCCCGAGATTAGCACAGGATCCCAGTTTGAAATTATTGCGACGTGAAGCGCCTTGCTGCTATTTGTGCTCCACGATGAGAGCGCGGCAGTGGACTCCTGGGGAGCTCGAACCCGTCAAGCGCTCACTTCCTTCATGCGATAACGATAGCGTTTACACCCCATCAAACGTGATGCCGATCAGAGACGCACCCGAACCTACGCAGCTCATACAAGTATCACAGTGGAACGTTTGCTTTTCCGCTTCAGGAAACGCATGAGGCAGCTGTACGCCTAATGACTACCGTGACCGGTAAATACCCGTAGAGAATCCGCGCAACCCGAGGCGATGCTAGGTTCTACTGATATTTTATTTAACGGTGCCCGCAACGGCCTCGCGGATGAGCGGAAGTAGCATAGATCCTTCAGGTCATACAGTTTAACACACACGTGCCCCCCCACTGTGCAGGGTAATATATGCGGCTCAAACGCTAATCCTCTATTCACAGGGCCACAATCCGGGTCAACAGTTCACTGGTGAAGGGACCGTCTCGGACCCACGTATTGGCCGACTAGAGACCGCGGTCTGATCAAGGACTTCACGATACTGATCGCGTTCGGGGACTCCTACTAGTGCCTGGTATGGTCAGAAAATAGGGCTGGCGTGCCTGACCAAGTAAGCTGCTACGAATTTCCTCCCGCGGACCTGCAAATCTCATGAGGCTAACGAGGGGATCGGGCATGGCATGCCGGGCAAATTTCGATTTCAATATAGCAGATTCTTGCCAAGAAGCAGGGCTCAAATTAGCCGGGGAATCTCTAAGGTGCGCTAACCTGCACATACCTCTTATCGACTACCGTCAACGTATTACCGAGT,869,52.7,Caenorhabditis elegans
SEQ_643036,CATTGAGATCTGTGGTCGTGTTATTGTTGCCCTATGACGCATCCGTTCCTGCCTCCCTTTTATAGGCCGGACCCGGTGCAGAGATCTAGACGGCATAAGACCAGAAACCGGTTTCGACTTACCTCACGAGGACGCCTAGCGCTCGTTTTATCGTGGGAACAGTCGGCCTATTCGCGGCACTAACCCGCGGCGGTCAGGTGCAGTGAATAGATTACACATGTATGTTCGTATGTCGCCCACGCATTTCACGTCGAAGGCATTCTTGGGGGTGCCGCTTTGTAGACATCGTCGGGCGGCCGACACTCGCAGGGCAGACCAAGATTCAGCTTCGTGGTACCAGTATCAAATATGCTCCCTACCTTTGCCTACGGGCTCCGTAAGTGGAGTAACCGCATCCTGGCGTCTGCGCACAATCGTCTATGAGAGGGAAAACCTGATGTTCCCTGTGGGATCTACCATTCGAATGAGCATAACGCCTCACAAAACATGCCAGGTCGACAACGAGTGAGAAAGTAAGGCTGCAAACGCTGGTGCGATAAGT,541,53.42,Caenorhabditis elegans
SEQ_702546,GATATTGCCTACTGTTCGGCTGACCTGACGGTCTTGGCCGTCACGTGAGGTACGTTACAATCTAAGTTCTTACTAGTTCTGCAAAACCCCTGCCATCACGCTCCGATAAAGAGCGTGGGGGTCCTTACTAATGCCCGCGTTTGAATCAAAATCTCGCTCTGGAACACTCAGTTTGTTGCGGCTGTATCAGTGTTAACATCGAGGCGGGGTAACCGATGACGTTCATCCGTACCAATGGTTATCTCGCGAGGTAGGTCCCGCTACCAACTACTCATGAGGATCCGGGACATCGGGGTTGCAGCATACTCAGCCTAGGCGGAATCGTGGTGATTCCACAGCCGTCACTCTTTCGTCTCTGTATATTCAAGATACGGGATCCTTATCAGATTTTCCCACGTATAACAGCGAAAAGCATACGCGGACAGCCTACCGCAATATCTTTCGTCCGGCGGTGGGCTCGACTGCTGACCTGCGGTCACGCTACATGACAGAGCTGACGACTGGAAGATCTTGTTATCAATGTGGCTGTGTGTTACATACCGCCAATCGTGTCTTCTCTCAAACTCTTGTCGCAAGAGTGTACAACGTCGGTGCTAATAAAGAACGCGCGGATATTTACAGCACCGTCGAACCAGGTACTGGTCAGCAGTCAGCTAGTCCGTTTTTGACACGCGATTTCGCCGAGTCGGCCGAGGTCTTTGATCGCCTGTCCGGTAGACGGAATTAACAGTGACCCGGTATGATTGGAGGTGCGAACGA,759,51.52,Mus musculus
SEQ_812738,GAATGAGGGTGCCCCAAGCGTGTCGCCGTGTATCTAACCCGTAAGGATGAGTGACCGGCTTGCGGTTGAGGACCTATCATGTATGGATCACCAGATCAGCACCTTTTAGCCAGGTAACCGCACTCCTTGG,130,54.62,Drosophila melanogaster
SEQ_797595,GAATTAGTGAACACGTAAGCGAGCTGGGCACCGCTGAAGTTGCACTCGTCGACACGTAACTCCGGACTTCCCACGAGTACGCGTCTGCAAATGTCGAGCCTATAGGCGTGGGGGATTGCCGAACCTTCTAGGAACTTAGGACGTAGGTCATTCTATGGTCAAAGGTCCGAAAAAATCGTGGCATGCCCTAGGTCGAATCAAGCCGGCGGGTTCTCATCTTGGGTGCTGTACATTAGTCATCAGGACACCGTGTTGTAGTGCACGATTGATTAGGGCCATATTTAACATCCAGTCTCAACCAGCTTGACTATGCACATATTACGAACCATTTTCCAGACTCTGCCGTAGGGTCACGACACTCCTGAAATACCGTAATCTAGTTCTCAGTACAAATGTCTGGGTCGTAGATGCGCTTCAATCATTCAAGATCATGCACGTTATGAATTTCCCCAGCTCCACTGGGGGTTAGACTCGTGTCGGCTACATCCTGTATAACTTGAGTGAGCAGGGAAGGCTTTACAGCGTTACGGAGAATTTGTCTTTATAGTTCGGCAGGATGTTATAAACACGTTGGCATAGAGAGCGCACCCGATCTGCGCTTGTCTTTAGTCTTTGTGTGTGTCTACGGGAAACGATTGAGACATTATAGAGACCAGATAAGTGTCGTCATGTACTCTACGTATTTCCAGTACAAGACCTCGCTGATCGCCGGCATGACAAAGAGCATATGGCGACGACATGATTACGTCATGTATACGGGCATAGTCCTAAGCTCATCATTATGAGATAGTCTTGTGATTCCCCCTCTTTTTCCTAA,817,47.49,Escherichia coli
SEQ_517441,GTCCTACTCATTCGATACCGTGCGCGAGAGCTCACCACGATTCGATTAATCGTCCGGCTGGAGACGACTGGTCTACGTACGTTAAGCGACAAAACGGCTGGAGTAGGGGCGGTCACGCTTATGCATCCCTCAGCTGTTAGATCATGATTCTATGCTGGTGGAACTCAGGCAAGTTACGTAAACTGGGTAGAAGTGCCTGTCCAAAACAATCGCATTGTAAGTCCAGCTCTGACGTCTGTTGCTTGTGCCGTCTATCGTATCACTGTCGGAGGGCGTGGGCACTGGACTATACGCTTGTTAGCGTCTTTATCTCTAAGAATGTAAATGACCCTGAACCCAGATAAGCGGAGTCCGTGTGACGCTCTGCTCTTGCGACCCGCGCCCATGAACCTGCTGCGCGCCCTAAGTCGGCGCCAACGAATATCTATTCCAAATCTCACTCCTGTGTGCAGCTCTGGTTGAGCCAATTCACCTACATCGAAACGCGAGGCATCAGTGCAGTAGTCACAATGACTACTTCCACCCCCTAGAGGTGTTTACCCCGGGTCAAGATAGTACGGCTTATAAGTCTCCGGGCCAACATACGACTACGACGGCGAGACGAAGGTCCGAAAACAGACCGCGTCGAGTAGTTACCTGACACCGATGGGTGAAAAGGTCGTGAGACATATCGTATCTGCGGCCAGAAAATGAAGACAAATCCGATAAACATGGCCTTGCACGGTAAAAGCGAGCCGATCCACGCGTCTGAAATCATTTCACTGGTTAGCGAAGCCATGTACCCATCCCCGAGTCTTTTCGCGTCACTTATTGTTTACGGTTGCCCTGGCATTTCACGACGACATACTACGAAAAGGATACCTTAGACTTCTCAGCGTGTTCGAAACTCTAAGTGGGAGTTCTAGTAAGTCGAGGACTGAAACGTCAGATGGCGCCTCAGACCGCGATAAAAGCATACGGACGAGCCCTTTTTCTGCATAGGTAGCTATATTCTGGGTACGGGACGCCCTATCCTCCTCGTGCCCCAGACTGCCATCAGACAGCAGCAAGCTGACAGCGGCAGGGGGTACCGTGCCTTAACTACCATCGGAATGGCTGGATAGGCTATATCACCCGATGCGTGGTTCTACGGCTCGTGTTGGGTTTCGTGCTGCCCGCCACCAGAGGGAGCGATGGGATGTTGTGCCGTAAGAGTCTAACGCACCTCCCTCACGGTCTAGTTAAGTAACGGACGAATCCTTATTGTTGCGGGGGGATAGCTGAATAGAGCAGCATGTCGCTAGAGGTAGGTCTACTCTCGGTTGACACTGCCTTTCTTTAGAGAGACGTCTCCGGTAACGTTGTTGTCTGACGCGGTCCCACAGCGCGAGGCGCCCCTACC,1381,52.79,Drosophila melanogaster
SEQ_708360,CTCGTCACTAGGTTGGACTGATAGTCTGTTAATCGTGTGGCACGACCCGTCTGACAGGAGACAGTCCGTTCTGCGTGTCCTATGATTATGTCCAAAGTTGTAGGTATGTAGCGATTCCAGATCTGATAGTTAGGGTGAACTAGTCCACTAACCCGGTGCTTCACAGTTAGTGAGTTTGTGGCCACCCGTCCTCGAACGGCCGCAACCTTACGCGCCGTTTTCCTCATCTGTGCTGCGTATAGTACGAGAAGGAAATCTCACTGGGGTACTCTCGCTCTGAAAAATGGTGTGTACGTTGCATCTGGGTAACTCACAACAGGAACCGCGTGGGACGCAGCATATTCTCGACGCGTTTTCCCTCTACTTCTTAGTCCACCCGATATTCACGCCGTGTAATAGGTTGCGCCCCGGCGTGTTCATCTTGCGTGGCACTCTCACAGGCTTCGAACTGAATGCTTCGCGGACTCTCAACAATGAGGAGACTTGGGCGTCGGTTCGCGCCATAAAATGCGGATGTCAAGACCGCGCCACTTCGCACGGGCAAATTTATTCGTGACGGTTACTGAGGTCAAGAATGGTGCTTTTGGCCTCACGGAAAGGATTACGCACCCCATTAAGTAACGACGATCCGAAGCGCTCCGATCGGCAGGCCCGGACATAGCGTAAGGCATCACACTAGTCGAGGGCTACTCGAACGGTTATTGAGGAGGGCCCATGTTTTTATTAACCTTTGTCTTAGTGTGAAGAGTTCAACTTTAGTCTATTGAAGCTAATTTCGCTAAGGAACTATTAGATAATATCCATGCCTTGGCGGGGAGACAATCAGGATTTGCCGCGCACCTGACACCCCAGTGGCCATGCAACTGAATCTAGGGGCATAGGGTTCTCCGCCACGTAAGAGCTAAATAGGTACTGACGCAGGTTCTCGCCACCCAGTCGCGCCACGCCCCCACACGTGCTTGATG,965,51.92,Escherichia coli
SEQ_691589,CCGGGCAGCAGACTCTCATGAAGTACAAGCGTTCGTAGATATCCCTTTGTGCCTAAGTCCGCAAGTCTGTAAAGCTCGTTTCAGTGTCCTACTAGGAATTAATTGCTTAATCCCCGTGATTTGCCCATATCCCGGTACTCATCAGCGCCATTTGGGGTAATGGATGGGCGCACGAGGTAGTCCCGCCCCGGTAGGCTGTGGAGCAGCCGGATAACCAGGGGACTATCTCAGGCAAGCATCAATGGCAGCCTCGAATTGATGGCGGCATATAGACCTGGAGTCTCCGTATTCCTAGAGTTATTCCACCTCACATCGGGGCTCGTTTCCAAGTTACTTTAATCGGTCGGGTTTCAGGTATAGTTGTATTCCGAGGCGGTGCGCACTAAACGGAGGGATCGTGCCGCCCAATTCACCACAGGACTGGCTATCGC,431,52.9,Homo sapiens
SEQ_977526,GTAATTAGCCGGCAGCAATGCCTCAATACATCGTCTAAAAAAGGGGCTTCGATTCACGGCACCCTTCTTTTGATTACCGGCGATTACCAGCAACTGCTGCGGGAATGAGTTATCTTCTGCTGTGCGCCTTATTCAACACATACTGCCTCGTATTCTTGCAGCCTCCGCTTCGTCACGTGCCATCTAGCGATGATTGGGTCGGGCCATGCATAGTTTACAGCCGTATCGTGGGGAGGAGACCGGAAATTTCTATCGGCCCTAGTCAGCAGCGGCGCCCAACGGACAGTACACTCCGTCCAGGCCCCATACATTATCACTAACGAAATTCGCGTCAATCGGCTGGGTTGCTGCCTGGACCGTGGCTCGAGCTACGGTTGGGTCTAGCCCATCTATGCCACCTGAGAGGAGCCGTTCAAATTGTGAGTGTGCCACGAGTTACTGAAGCGGTTTCCAAGGACCGAATGTTCCCCAACCTCACCTGGCCACGCGGGCAGACTACTTAGCGAATCACAATTTCTTGTTGGGTTGGGAACACTTGGGGGTTGCACCTAGTAACGAACTCGGATCGCGGCGCTAATCTTAGTAGCGGCTCTGCTGTCCTTTCCCCCACCTTCCTACTGCAACTACGATCTCATTGCTCGGCTGGGGGATAAGTGTGTGTAACAGAGTCTTTGCCATAAAATACACGGGGTTGTCTAGGACTATGTTGGGGTTTCCGTAATTAGGTAAGTAGAAAGCGCGGAGCATACAGTCGGTTGTAACGGTTAGTAGAACTATAGAATGGAGATCTGATAAATACTCGCATACGGCATGTGCTTGAAGCGTATCTCGCACACAGATATGTGACTGATGAAGGCGTCATCAGGGGTGAGTAGCTCGTCCTCCGTTCGGCGAGCGTAAAATCCGCGTGACATCTGGGATTATCGAATACACGATGTCTTACGTGGTCGGTATCGGACGCACAATCCGTACACTAGGACCAGCGTAGTTAAGAAATCAGATAGGACGGCCATTCAACTGGCTCCAGGAGTTCAGTGCCGACTCGTTCTGATACGTGGTGCAGATGACGTAAAGCTGGAGTGTTGCCTCGTTCGTGGGAAGCCAGTCCGTCTGATCCGACATCGTGCCCGCTACTGGTCTGACCGTGAGACAGCTCTCTGAAGGGCAGCGTACCCGTTATTTCTCCGGCTAGTGGGTAGAATTTTGATAAGCTTCACGTGGGGAAATCTAATATGAGCCGCTTACTACAGCGGGGCCTGGTAATCTACTCGCTACATTAGTGCGACTGTCGGCGTGGTCTAGGGACCAACGAGATACCCCAACTAGCAAATAGGGAGAGTGAGCCCACCAGTACGGTATCACCAGCATTCAGTGCTCAGGAGTGTAAGATGACGGGGAGACATGCAGAAGACAGGGGATCTGAGCAGTGGCTGAGTAGTGCGTCCCCACTTCCGGTAGGTTCAATGCACGAATGCACGTGTAGGCCGGCTCCTTGGGTCGTTTTGGTCTAGTCCACCCTTACTGCGTATACTTGCAGGGCAAGATACAATGTGGAGATCTACTACAAGATCTGCCCAACAAACACCCACTGGCCGCGACACAGTATGCTAGCTGAGGGCAGGGTTTCAAATCGTCGCGGTTCAACCTGGGGGGCGTGCTACCACGTTCTTACGTATTGTGAAGCTGGACAAGGCCGGCTCTAACACGAGGCGTACGCACGCTGCCTCTTGCGCGCGATGTTGTAGGCGTTCTCCTCACTTCTGCCGCCAAGAAGGAGATATAACAAGCACAAGAGAATGTGGAAGTGGGGCGGCAATCCACACA,1824,52.8,Homo sapiens
SEQ_381790,TCCTCCAGTTCGAGATTCCCCTTTAGAACCTCGAGCTAAGGCTGACGAGGCATGTCACCCCCTTATCTTGTCGTCGTCATGAAGCACAACAATGCGGAAACCCGGCTTTGGGGGAGAAAGACAGGGGCGCGATATTTCGACCACGAAATGCATACGCCAAAAGTCGGGTTGTCAGTGGCCCGGGTCGCATAGTGAAGTATGGAAGGGTGGTGCATTAGCGAGTCACGATGGTCACATATTAGCCTTAACTCGTGTCCCGTCACTTCCAATGAACTGACGTCCATGTCCAAGCCAATTCGCCCCCGAAATTTGGGCCTGGAGTAATATGCGGGTGTGCAATCCCATAATACGGAAACAACGCCGTAAGCCAGGCGAAAAACATTGTCACTCGGAAAGCGCTTCCAAACGATAATGGTGCCTGGATTAATGTGCCATTAGCGAGTAATCCCCTGGGTCTTCCTACTTTATGAACACTGTGTGATTTCGCCTTATCGCACGCGAGTCCGGAAATACTCGCCGGATGTAATTAGCTCGACGTTACCAGCGTCGGTCGCCA,556,51.62,Homo sapiens
SEQ_587017,TCTGTCAGTTGGGCGTTTACCCTTGATGCTCTCATGCCTTCAGGCATGCTGGCTTAACGTTTTAGTGGGGGACGCAACCGCAGTGTGTTTTAAGGAGGACAATCTGGTACCGGCGACCACCGCACCTTGCTGCTCTTTGCATGGGCGCAACCTTCGTTGGAATAAGCAGAGGCCTACTGCTAGTCGGGAATTAGTGAACACTCTGCCCGATCGCCGCGAGCTTATTGTCCCATGCATTTCTATTACTTAGTCACAGCCTCACCAGGGCCCATTACGCTGCAGCGAACCCCTGCTTTCGGAGACCGGGCTCATGGAGTAGTTCTAGAAACGGCTTAAAGAGTGACTGTACTTCACGAAGGTGTGTTACCCGGGACCGACGTATCGTTGCGGCCGTCGTCCAAGTTTTTGGACGTGTGCAGTAGAACTACACTCGTTCATGCTGCACGGTCCGGTGCAACAGCAACGGTCCATTGAAAGTGATGAATGACTTGATTGATCGCGGTTGACGTGGATCGTGCAGAATATATTCGTTAACACGTATGAGACCTTATTCCGGCAATACTCCTGAACCCTCCCTGAATGAGATCGCAAGATGTTGCGGAATTTGTATATCGGAGTTCGCCAGAAAATTGTTAGGCATTCCACGCAGTTGGTTGCATACCCGGGTTATCGATGTCCGGGACTAAATCGAAGAGGTTAGAGACCCCTGGAATATTTCCTCTTACCGCCGTCAAAGGTCGTGTCGATTTGGCCGTGTTGTGTTCCATGGAGGAGCAACGGAGCAACACAGCTAGTCTGCGCAAGGGCGCACGATAAGCAACACTTCGCAAAGGTCTCGGCAGCCCTGGTCGACAGTGACCGGCTAGTAGAGGTTAGGTCTTGGAAGGCCACACGTGCACGGTCCGTGCCAGCAATGAAGATAGTTGTAACGTATCCCTAAGGAACAGCAGCGGCATGATGCATATCTCATATGAGTTATTGCCGAACAATTCTTAATCAGTGACGTGGGTGCTGTTCGTTTTGGGGTGCCACTGCATTGTGACACAGGGCTGACGAAGGGTCCTGCTAGACTTCAATATCGTGTAAGTCACTGTTGTAAACGAGGCGACCTCGGGCTAAGACGATTACCCAGAACTCAAGCCTCCTGCTCCACTCGACGTCCTATGATCTAGTCACGGCACAGGCGGCATCGGCTTTCAACCAAGTAATCGGAGCGTGAGAGTGGCTTCTAGAGAGTTATGGAGTGCATCTTTTGAACCCAGAAAACTCTTCTTAGAGAAGATGTTGTGGGATGGTTTTCTGGAAGCAAGAGGTTGATTATCAAACTCGTGCCTCATCCTGATGATTTCGATTTTCGTAAAGAGTGGTGTGAACTTTAACCCTTGCTGATTGTCGAGTGCTGATGTCAAATACTCAAGTCTAAATATCAGGTTGATTGGGTCTAGGAGATTGGGGGCAAACTTCCAACCCATCCCAGGGTACGAGCATGCTTAAGGGGCTATGCTTCAGAGCAGTCCGATCCTAGCTTGTGGCGAATCGTCGGTCCGGTCCGTTGGTGTTACAGACGAATCAAGTTCAGTTACATCGGCAAACATGATTCCGTGTGCTCGGATAGTGGACTGAAATGGAGGATCTAGTCGCACAGACCGGCAGGACGCCTGGCTGATCTTAGCCAGTAGGATAAGAAGTCCATGAGAAAGTAATGTAGGTCCGAGTCCAGAGGGTGCTATCTAGCATTGCGCAATTTTAGGAGTCAAACGAGGGAATTGCTTTCCTAACACGTCAGGCCCCGGTCTGGCGCACTGACGTATGCGTGCAAAGCGCGAGGCCCGTTGATGGGCGCACTCCCATGGGTTAGTACTGGGAGCAAGGTTTTATCGACTACGATTCGCTGACGATATCTAGTCCTGGGGAGCCTAGGTTTTGCAACCTCCAGCAATTCCTCCCTC,1949,50.95,Mus musculus
SEQ_754541,GGTTACTATTGTAGGGACATGTGCAGGTAGTGCAGCCCCTCAAGGGCTGTTTGCTGACTCTTCCTAAAGTAGATTAGGATATACCCGCGGTGCAGAGCTTTTATGTGGTGGGTCGAATATGCGGGGACCACCAAGCCTTAAAGCCTGCCTCATTAACAGACGCAGCGGTTCGGGAGTTATCTAGGCTTAGTACTTGCCAGTCGAGGAGGGATTGGTAGCCCAAAATTTCCCGAGGAACGGAGCTGTTTAAAGGCATCCAGAGGCCGACACAAGTATGGATGCCGGTCCTGAGCACTTTGGTCGCATAACATGGTACTAGGGCGAAAACGGCCTGACTTGGTATTAAATCGCTTGCGAGCCTAACGTTCTATCCGAGAGTGTGATTCAGTAGGTGGCACGCCAATGGTGCAGCCCCAGGCACGCGATAAACTACACTTTAGCGTTTCATGTCATGGAGGGGATTGATATGGACGTATAGGGCCGAACGCTCGTACCATCGACGGCCATATCTCAACGATATCGAAAGAGAGCGGATCAGTCGCTTATTTAGAACTATCCAGCTGGTTAGCTCGAACTATAGGTCCAAGCTCTAGCTTTGATCTAAGAACAGTCGGACTATATGCAGTCCCAAAGAACCCTCCATTTCTTTAGTTTATGCCATCACGCAGGTTACGGCACAAATATTCTTGTATGTCAGGACAAATGGTAGACTCGTCCAGGGATGGTGGGTAACTATCGGGGCCTTACAACGTATTTGATATCGCGCGGCCTGTGCCTCCACTCTGGTGCGCATATACGTATATTGAGTCAGATTCGTATCAATTCAGTGCGAGCGGCTTTACTGGGACGCGGCTTGGCACAAGACCGAGTCAAACTACTACGTCTCCTTTTTGACGTATTCGATCTGCCTCATGACCAATGGAGTGATTCAGTATTGTCATTCATGACTTTACTGCTATACTCAATGCACCACCGAGTTGGCCCCAGAATATACAGATCTAAAACTGGAGCATAAAGGCGAATCCGGTAAGCTGTGCGAAACTTCATAAGATCGGCACAATCTGGTCTATATGCTTTAATATTGCCATTTAGGGATTGTGTTCGTTGTTGTGAAACGTCTTACGGTTATTCAGCCAGGTGCGGCCTTCCACGACCTTTCTCGAGTAACATCCCAAGAAGTGTTGGAGGCTGTGCGAGTTCAATTACGCCAGCTTGGCCTGAGACGTCTAGATTGGTTCCGTTTTTAGTGTCACCACCGGTTGGCGTAGATCTTTGCAAATTGCCTATTAGTGCGTCCTTCAGCGCTCGGCTACTTAGGCCGATATCCCCTCGGTTGTCCCCTTTTGACAGATTATAATGCAGTTATCATATCCGCTAGG,1379,48.51,Saccharomyces cerevisiae
SEQ_936980,CCCGCTCCTATTAGTGCTGTGTATGTAGGCAATGAGAATGTTCGAAGCGTTTGGCCATACCTGGGGTGTCCTTTGAAGTTCTTAACCACACCGAGGTGAAGTGATCAGGATACATTCTTAGGTAATGTACGTTAAATGTCCTAAAACGGCCTAGAGCTTGCGTCGGGCCGGACCATATGATTTGGTACATTTTGAGACTCTTTCTTGAGCGACCCCCTAAAAGGTGCTCATAACAAGCCTCTTACTACTTCGCTGAAATCTTAGACGAGCCAGGTTCCCTCTATCGACTGGCTTGCAGCCTGACAATGAAAGCGTACCATTATCTAAATTCTAGGACAGACACATCGGCAGAGACTGATGTTATATTTATCTATATGCGTCCGCTGTTGAGCAGAGATAGAGGTTCGGTATATGCCAAAACAGCGCTCGCACGGGAGCATGCCAATGTTGTTGCTGGACTAATTACAAATGAATTCAGTCCGATAGGTACCGCCTTCGACGACTTAAGTGTCAGTAGTCTACGAGAAACATATTTGGGATCCTTATTTGGTATGTCAACTGACTCTGATATCCCCTTATTAACATGATCCAAGCTTGTCGAACAAGGCTGATTCGACAACGGCGTCGTCCATCTTAAACAGCATAGGGGCAAGTACGGATACCGCCGCCATAGGATGTGGGCAAAGGATCCAGCAGCCTGCGAGTTTTGGTCCCTCCGTCATCAAATGACCTCTCTCAACCCTAACGATTTTGAGTGTTTGAGGTCCTGTTTTACCGTCAGGTTTTCACTGTGGCGCCGCCAGTTAGCAGGCATACAAGCAGCAAGACGACTGTTTGTCCCCGGTATGCGAGATCGTGATACAGCCCCTCACCCAACAGGTTTGGACGCATTGCGCCCGCGTACTGTAAGAAACACGGAGTGTTTTTAAGGTTATTCTGCTGGCTTGATTAGGCACACTGGCTCACGACACGGGAGCTCTCGCCTACGGCGTGAAGGAACCATGAGAAGTTTGTCGCCCAAGGACGGACGGAACTGCCCCTCGTCCCGATATCTTGGCGCTAAGGCTCGGTTGTGGGATCGAAGCATGTTGGGGAGACGCCGGTGAGACCTACAATTAGGTTTTAACTTGAGATGTGGTCG,1141,49.17,Homo sapiens
SEQ_773582,ACAGTAGTGGTGGCGTAACGTAATGGTACGCCTGGTTTTAGTTAGTCAATTCATGGCCACTGGTCAAGGCGGATACACCATTGACGCACTACCTTGAGCCCGAAGGAAGATTATAAGCAAGATAGATGAACACGGAGTATACTTTGACGAGCTGCGATACTCATCGTGGGATTCAATATAAAGTACACGGCAGTCAACCTTCTTGTTCCGTAATATAGATCAACCTCACGGTTGGAGAGGGGACGCGGTCATCTACCTAGACCGGGGGTCTCGGTATTCCAAGCGTAAGACATTAGACCTCATTCAAGTGTCGGACGGGACTGCAGCCCCATTCTATTCCAGAGTCTCGTGGCCCCTTGTCTGCGAGTGGCGCCGTGGTTCCATAGGGTCAAATGAATGAACCTTTACGGCGTCGGGTCCTTCGCACTTCACATTTGTGAAGCTCGGTCCTGCTCATTCCTGACCCCGTTCAGTGCGCTCTTCCATTGTTTGATGCTGGGCTAGTCTATAAGGAATTAGTGATGCGACTGTCGATGGGCATTCGAGAATTCCTTCCAGGGAGCTACCAAAACAATATCAACAGGCGTTATAACGGTTACTCTTAGCGATTTAGTACTTGCTCGATTGATGTGGGATCGCCAATAATGAATAAATTCGGCCCTTTCACGCGCCTCACGCGATACACCTTACGAAGACCCGATGCTCCTCATCTAAAAGAATATCCGACTGCATTC,734,48.91,Caenorhabditis elegans
SEQ_594747,TGATGCACATTCCCGTTAATCCCCACAGACTTATGAAGAGCAGGCCCTTATAGTGGAACGGTCATATAGAGGACGTCTTGATGCCAACGGGTATGGCATAATCGCCTGTTGCCAGAATCGAATGGGAGGACTCCAGCTTGCCTGCCTACTTTGACGGAAAAGTGATCAGCACTTGACCGCTCTCTAGCCTCTGGGCGTGGTAGCAGGGCCGTTGCAACTTGTTAACCAGACTTTCCTCATTGTTAATCCAAAGCGCTCTCTCAGGCTCGTACACCCCATGTACTGAACAAATGACCCACCGATAAGTCAAGTGTCACTAGCTAATGAGGTGTGGTACCCTAAGCATCGTTAAATTAGACTGTAGGAGATGTATGAATGTAGCCCTTGGCTGACCGTAGTGTTAGGATCTGCATCTATTATCTTGTAAGACACAGGTGGGGCCTCGATAGTAGCGCGCATCATCTAGCGCCTGCCCTCGAGTACCCGTGGTAGAACCAGGAACACGAAAGTACACGCCAGTAATCGGTGTCCGAAGATTTAAGGAGAGAAGCTACAAGATCTGCCAATGTCCGCTAGAGGCGCGCGGTCTGCGAAAGGGAGCTGAGGTACCAAGTCTGGTTGGGAGCCAGAAACCAGTCAATCGACATAGGTCACGCTTGTGGGGAATCGCAGTCATATCATACCTTACTGTACATTATTCCTAGGGGAGGGCTGTGACTTCTTGTAGGGTAGCTGTACGCATTCATAGTTGAGTTACAACGCTCTTGAGAAGCTTTATTATAGGTCTACAAACGGACTGGTCACAGTTAGGGAAAGATCTGCCCAATAGGACTCGTCTCAAAAAAAGTTTAAACATACGAGCTGATAATCGTTGAAGGTAAAACAGTAAGCACCGGAGTTAAGCCAAGTTTAGCGAAAATTCGAGAGCTAAAACCGCTCCCCCGCGTAGTAAAGTAAGAGCTACGGCGGCATCGCCTCGCCTTCAGTCAACTTGCCGGTATCGCAAAAGACATCGGGCTATGTACCCCAGGAGGCGGGTTCCTTATCGGGGAATGCCCCTACACCTTACACAACTTGTCTCGCAAGCATGCGTCAGGGAGAGGGAGGCCTGATATAGGCCAGTTGACTTGTCATTGCTCCGATAGAGCTTGCATATCACGAAGCACGGTTGCGTTGCGGCCCCGTCATGTGCCAGTTGCTTAGTTGTGAATACGGACTATGAGTCTCGATGTATCGACTAAGGCAGATTAGGCACACGTCT,1261,49.72,Homo sapiens
SEQ_411711,CAAACGATTAGGCTTCCTAGCAAAGAATGGACTGAGCTCAAGACTTTTGGGCGACCAAGAGAGATAATTACGGAAGAATCTGCTCCCCCGGCCAGGCCAGCTATAATATATGGTCCTGCGAATTAGGGAGACGCCATGTAAAGGCGCTGAGAAGACAGGCCCGCTGTCGCGGTAAACACGAATGTCATTGACACAGGGAAGGAGTATTATAGCGCAGCCTAGGTGCGAACGTTGATATAGGAAGACTTGTGTGGATGTTAGAGCAGGTTAGTATAGCCACATAATATCAAAGACCCAGCGTTGAAATGACGGAACACCTGCAGTGTAAAAAACTTCACGTAGCATTGTCTCAGCTCAGACAACGCAGAGCAGTCACGGAAAGAAAGCCGCATTACGCCCGACGTTCTCACCGGTGGACTGGAAGAGCCTCTCCTCAACAGAGCATAAGGGCAGGACGTAATCTTTAACCATCGTGCGGCGACGCATATAGGCAGCTTACTACGAGTCCGAGAACAAGCAGCATATGGTGTAACTGTGCAAAAAGAAACTAGATACGCGGAAAATCGCTCAACGCCAATTCGAGTGAGCCGTGAGGTTATAGCTATAATATCCCTCACCTGCGTAGCCGGTAGGGTCGTAGGGAGCAAGATAGGAATTGATTATGCGGAGGCAAGCCCCTGGGTTCTCTGCGCGGGTTAGACAGTTTGTGTCCCATTGTGTGCAGCCCAAACGGTGGGTGGGCTAGGGGGGGCGTCCTCTTACCCCGGCGGCAAATCGGATCTCGACGGCTGCTGTCTCACCTCGCGGAGAGGTATTAAGTAGTATTAGAACTGGTCTAGCAATTTTGCCGTCATCATCGCGGGAATGCTTGGTTGTAAGGCGAGACGATACTCGGCCCACGAACCTTGAAATCATTCACGCGCCACTTCGGCGCATACCGCGAATAGACGACGAGCGCTGTGTCGCGTTAGCTACAAGATTGAAGGGCTCCAACATGCACTCTCTTCCACGACTACTATTTTCTCTGAAATGTACGAAATATCTAACCTTATAGCGGATACCGAATCCGCTAGTCGGCCATACCTGAAGTGGTCCAGCCGTATACTCCCCATCAACATGTGGCGGGAACTGGGGCTAAGCATTAGTCACGGCTGCATAGCAGAGTCCCAGTCAAACAGGCTTATGACCGGCATCCATCCATACCATAGCAAAATCGAGTGCCCTGTTCGCGACAATTCCAGAAATGCGCACGGTGGGGCTAGCGAACACTTGGAGCGGTACTTATATCTTCGATTGCGGCGGATAATAAACACGACC,1317,51.18,Homo sapiens
SEQ_761913,GCAGTGACTACGCGATTTTCAATCCAGCAAACTTGAGGAGTTGCCCTCTTATTCGTTCCCACAATTAGCATTCCCGCTGATAAAAGTGTATCCGGGCATGGTAAACGTAGCTAGACGGGTTACCCCTAGTGGAGACAGGCGAGGAATCTGAGCATCCTGAGTGGAGCGTTAATTATGGATCCAGACAATCGTGTCTTAACCACGTCCAGCCCAAGTGTGCTGGCCCGGAATCTAGTCCATGGACCACCTGATGTAGGTCACCACCTCAGACGATGGCCGGCCCGGGTACCAACAGGATACCTTCGTCCTAATACTAACTCATCTCGAGTCTCCACTGGTTCACGCCCTGTGAACTCCATCAACTACAAGCAGTTAAGAGGTCCTTGTGGCCGGACCAGTTGAAACGTAATCCTTGAACGGCCTCACCGCGGGGGCCCTGCTTACACTTCTACCAGTGCGTGATCCTACGGGGGGGGCCATTTTATGCCCGACTAGGACTGACCCAGAATCAGACGCAGAAGAGCTCCGACACGGTCCAGCCTCAAATGACTAGTTTCTTGTCTTCTTGCCGTCTAAAGTGTAACCAATACGTAAATCACACGGTACACCGTCGGTTGTACTGAGCACGTCGTTACTCCGCACACGAAAAGAGATAGGGACTGGAACCGGAACCGGAGGGATGATGGCCCCGACGTTAAACTCAGTCGCAAGGTACTAGCAAGATCCCCCGGACCGGTACATGCTCTTTTAGGGCCTAAACAAGCTTCGTCATATCTTCGTAGCACAAATTGACACTCTTTTACAGAATGCCCGCCAAAACAGGTAGAAATGGACGGTCTACGTTCTGAATAAGGTGGTAACGGCACTGGCCTATTTCAATTGGCTAAGGAGGTTCGGAGTGTTCATAGTAGGGGACCCCGTGCGGACAAGATGGGATCTGTACCGACCCATTATTATGGACGCTTGGAGTATATGGCGCTGCCTCAGCTTGAGTATGTTTTATTATATGTCTAAACTCCTAGTGCTCTAATCCCATAAGATACGGTGCCCTCGTGGTGCTGATTGCGTACTAATATGATGGGGTTTCTAGATCCCGTTTATCATGATTAGGCCAAAGTCTGCTAGGCAAGGCCGCTCAATGTACACTGAAGCAAATTGTGATGATAAAGGATAACTCGTTCTGGCGAGATAC,1192,50.17,Caenorhabditis elegans
SEQ_700309,CTGTTTCTGGTGCATGCCAGGTGTACACGTCAACACACTGCTTTGACTTGTTCAGACAGAACAACCCTCGCAAACTTTTTATTCGACCTATTGCGTTCATCGTGGTAGATCGACGTTCAGTCTG,124,46.77,Arabidopsis thaliana
SEQ_374968,ATCATTCTAACTCCACGGGACACTCCATTGGCTCTGCGGGATGGCCCGTCCAGCTCCGCCTTAGTATTCTAATAGGAAGCAATGGTCCTCCTTTCTACTTTTAAGTTTCAGTCCATGAAAGTTCCACAGTATTTGGAAAGGGAGATAGGTCCAGGCGGATAAGCCCGCATCGACAGGGGATCACCACCGGATTCATGTTGTACACCCGGTCTGTACAGAGTAGTCGGTGAAGTGATGTCTGGGCGCGCCTATAATATTTCGGTAAGATATTCATGAGTTGGTGCGTAATTCGCATTATCACCCAGCAAACCGTCGGATCGACGTCTCTAGACGCCTCCTCGAATCCAACGCACAGTAGAATCAAGCTTGGTGCCGGCCTAGAAGCGCATTGGGAGCTCAGTCCTAGATCTCTCCTTCTTATAAACCGGTTTATTCTTCTTTCAGAACGGCGCTCATCGGCGCTTTGTGAAAGGGTAACTGCTTACAGTCATCACGCTAACTATTCCGACAGAAAGCTAGAACCCGCTGCTTCGGTGCACCGTATGCTTATCTTTTCTTCTTCGATGCTCACAGATGTCAGTTAGGCCACGGACGACGTCACGACTGATGGAAACGCTACCTGAGCAGCACTTGGCTCCGCAGGGCCTTCCTTCACGCCCCTTACGCGTTGTACTCTTTATTAGGGCCTGACCGAGTAACTTGGGGACGCTGTAAATGAAATGACGCCTGGGCTGATAGCGCCGCAACGGTAACACCATTCTCAGTACAACTCCACAAGTGACCGTAAGAACCCAAAGAAACCAAGTGCGCGATTTCCTTGTTATGCCTTTTTACGCGAGGATGATAGTGGCGACCCGACCAGTCCTTACTTAGACAGCAGCCAGGGTATTGCGCTTGGGGGAGATGACGCGCGACATTTATTCTGGCCGTAATCATCTTAACCCGCTTCCTACAAAGCGTCATCAGAGCCAACCATATCCCTTCCCCTCTCCTGTGATACATTAGGTCACATGTGCCAGCTCTCCACCACAACCAAGGCGCAGTGATGGCCTTGTAGCAGCGTTTTTCTAGCAAAGCCAATAAGGTCGATCACCGGCGCGATCCACATTTGCTAGGGTAACGGTCCTCGCCGCACCTCTGCTCTCCCTCACCACGGTTAGTCGATCGGACTACCGTTGGGGATACGGCCGAGATATTTAGGTGTCATCCATCTTAACAGTTCGCCCTGAGCGGCATGGGAAACTTCTCTTTTCTCGACTTTATGCGCCCTTGTCTGAGGCACCCAAACGAACA,1293,51.43,Saccharomyces cerevisiae
SEQ_369135,ATGCTACGTCAATATACTCAAAGATATTAATGATACGCACACGAGATCTTTACCGAATGGCTCCGGCAAGCAGAACTCGCATTCCGACATCTACCCAACGAACTAAGCGACGTGCTCATGAGGTACATGAATACTGCAAGCTTCGGTACTTCGCGAATTCTGTTGTGCCCGACGTAAGCTCGTAGGAGCTACGCCTAGAGAAGAGCAAGATCACTCTATCGGGGTTGCAGAAACGCGGGATCGAATGTCTGCTTGCTTTACCACTTACACTGGACTCAGGTAACTTGTGTTACCCGGAATACCCATCGTCCCCTGGTGTACTTGACAAAATGCTCTCGACTTAGCCCTGCGAGCCTTCATTCTTTCGCAACAAGAGAGTTTCGACTTTCGAGTCATACCGATATCCCGTGACAGAAGGATATTATAGACAGAAGGTGCTATCCGAACTTGTTTAGAAGGGAGTAGTCGTGTTCGAATCGCCTATTGTGATTGGCTTGAAAGAAAAGCGGGGCTATGGCCCTTAGCGAACACAAATCTCTCCCAAGGGTAGCCCAGACTACTGGTCATACACATTAATGAGAGCCCTATGTCCTCGACTGGACGCTAATGGGTAGGCCGTCGCGTCATGAATCTTATTAGCCCACGTTAGCAGCATGCCACTGTATCGATCATCATGGGACGCGATCCAACAAGCTTTGATAGGAAAGTCATCCCTTCGTAGGGCCCCAAGGAAGAGACTACATAACCATGCGCAATGTGTCTCGATGCACTGTGCAGAGTTGAACCTCTGAGATAGGCCTCCTCTGTATGACCCGAAAAATGCACCTGAGACTCGTACATCCCTGTCGTCACTCGTAAGTCCTAACTATTGGATGAATGGTGGCCATCGGCTAGTGATATTGCTTAATAGGGACGAGTACCGCGGAAACGCCAACCCTAGAAGAGACCCACCTAATCGGTTAACAGTTACTTATACACGCTGATGACGATTCAAGCCCCTTAAATCCCTTAAACGACCTAAACTTGTTAGACCTGGTATTCCTCTGTGTCCTACCTCTTTCCCCACGGGCGCAAGTCATATGATCTAACTCATCACGCCGGCGACTACTGTACGAAGAGGTACAGAACGTAAGTCCCACTCACTAACTCGGGTGAACATCCTCATCAAAGTAAGACGGTCTGACCCCCTACCGGACCTCCTGTGTGAGGCTAAAGGCGCCGGATTAGAAGATATCGCTTAAGAGGGAACACTTCCCCCCCTAGCACGAGTCCGCCTCTATCGGATTTTCCCCAGGCCATCGGACGACAGGCTTAGCTGTTTCACTTACATATCCCGGTTATAGAGAGTTATAAACGGAGAGGCTTCGTGCGATGGATACGTGCCACTTTGTATGTCCCAACGGGTACTACTCCGGATGTATACCACCGCCTATTCAGAATAGGAGGTCACGCGTTTGCCACGGGACTAGTGCACACGAAGAGG,1483,49.49,Arabidopsis thaliana
SEQ_946876,AAATTCCATGTGTTTCTAGCAACTATTAGTGTTGAAAATTTATACATTAGGTCTCCGATGCACGTCAAGGCCCGGAGATTAAGTCGTAGGGACAGACGTAGAGTGATCATAAGCTAAGAATCGAGGACAGCGTGTGACCTGACCAGGATGCAAAGTGAGTGTCACAAATACCACATGCTATGAGTCGTCCGGACTACGAGACTCTGTTTTACCCTACCATCAGGGTACACGCCTTTGAACACGTAGTAGTTCGGGGCAGGCTGGCACCCGGCCCCCTAGCCCTGCTGTGCAACATGTTTACAGTTAATTCCAGAATTCCGATCTCTGGTCCCTAATTGTGAACCCCAACGCCGCTCAAGCTATAGTGCACAGCTCAGCCCTTGGCGTTCTTTGCGCCTTCACCCCTGTGCCCGTCGCTTATACCAGCGTGGGGGTTTGTCGGTCGTCTATGTTGAATAGGACTCAATAGTACGTCATACAACAGCTTCAGCCGTAAGTATCTGAGATGACACAATGGCCGGAACGACCGAGAGCTCAACTGCCTCGAACGGCGTTGCTGTGTACTGCCAACAGAGGTCGGAACGTTCAACTAAGCGCATTCAGTGGCGGCGGACGTATGTGCGCCAATAGCCCAGAAACGTAAAATCAAAGCTGCGGCTCAGGGGGTCTTCAGATTGGGGTGGCGGCACTGTCGATTTCGCCGCTGAGGCAAGATGTGTCGTTACATAAGTTCGCGAAATGTGGCATTATTACCCTAGCAAACCTTTGCTACCACCCACATAGATGCATAGGCAAAGCTTTCTAAGCACAAATCTATAACCAATATCCCCGCAGCAATGGCTGTACTTCGACCCAGCACATACCCAAGTAGGCAGCAGCCTCTTGCTTAGTAACTTTTCAACAGTAACATTATATCGACGCAGGGGGGTTGGGATATCGGCGTTTCCCTGTTAGCAGTATACTTCGGTGTTAGATGTACTCGATCCTGGCCCAATGAGCATCAACCTGACTTCTGTCCGAGCAGCCAGCTTTAACACGATACATATGTGCTAAAGCACTTGCTGGCATGGCATGGTGTACACATACATCGCCGACAAGGCAATAGGGCGAACTCATCCGATAGCGCGCTAAAGAGCCAATTGTGCGGTTTTTTTGATAGTACCCGCATTTACCTGGCCCGTACGTGGGCGAGTAGAGCATCCCACAAATGGTCGAACGCTTCATTAGTTATACCTTGCTCTCTTTAGTGCAATTGCGCTCACGCCCGGCCAGGTTCAGCAAAGTTGTCACCATGCAACGGGTACTAAGCGTATCGGGCTAGTATATCTCCCCTTTGCGTCTGCCGCCGCAATATTCTCACTCGCTAGAAACTGCTGTAGGCGGGGAGCTGGATAAGCACGGCCACAACATGTTTCTTACTAGCACGCAAGCGGATGCCAACTTAAGGAGATCTCTGCCGGGAATATCGCACGAGGGCGCTGGTCTGCCAGATCTATGTCCCCTTCCGCTGTACGATTAAAACTTAAATGTAGACTGATAGTTAAACCGACGATTGATCAGAGTGTCGCCGCCTGGTCCGACATTTCGGGCGAGAATGTGAATTCGAGTCTATGGTATCCCTTCGATCAGAGAAAGACAGAGGCAGACAGTGCTGTCCTATTAC,1663,50.39,Escherichia coli
SEQ_712064,ACTTTGCAAAGATCGAGAATTGGCGGTCTGTGGAGAAAAAAGGCACAGTCGGCTCATTCACAAATTAGGACCTTGTAAGCAGTGCTGGGAATCCACCACCAACATAGCATCCCACACGTTAGTAAAATGGTTTAATCTGGTTGGTCTAGAGCCAGCATACCGTCCTAGCTGGGTGACCGTGAGGGATGTGCCATAGTGGACCCACCCAAGCGGTGCACGCACGATCGACGCTCTCTACCAGAGACCCCCGGCGCCAGCAAGAGTCGTGCCTAATACGTTACGGTTGGCGCCGGTACGATGGAGCATTGTTGGGAGTGCATGCGCGTGGTCCCAGACTGGGTCGGCTGACGAACCTATGACTGCGGCCACTTATTCTTAAATGAGCCTCCAAGCAGGAACTTCTACGTCATATCAGCCCGTGCAGTCGAAAACATCCATGATGATGAACCCCTGTCCGGTCCTTCCGTGGCCTGACGAGGGGGATCTAGCGTTTCTAGTGATACCGAGATTCTCGAAGTCCCAATGAGATGTTTTCTCAATACGGCGTAGTCCTTCTACGTACATCGAAATAAGTGTGAATATGTCACCCGTTCGCTAAGAACTGTCACGCCCCAACCGCCCCATCTGTGGCGGACTGACTAATGGGACTGCCCCGGCAGTGTAGCCTGGGGGTTAACAAACTTGATCTCAGCCTAGGGGTTACTCCGCCCTCCAACGCAGCAGCTACTACTCGCCGTATACAGGCTGGATTTCGGCGGGCGGTGGTTACGGGGGCGTACTTTACATTGAATTACACTGACCCTCCATCCTGAGGCCTTGCTCACCGACCATAAGGACGTCACCAATGGTACAAAATTTTTGGTAGACAATTCGT,874,53.09,Mus musculus
SEQ_314952,GTATAAGATCCGTCGACAGGCGACCGCTCATTAGTACTGTCTGTGCTTAAGGATTAATGCGCCGCCCCTAGGTTGCTCGGTAACAACAATTTACCTCTTAGCAATCGCTGTTTGACAACTTGGCTCTAACGGTCCTCCCTAAAAGAGTAGGACCCCTGCGAGAGTTAATGCTCCGCACACGGTGTTGGGGCCGCATGAAAGCTGGCACCATATATGTTGCGCTGTCGACAGCAAGGTCGGTAGGACGACACCTCGTATAGAATTACAGGTGAGTTCCATTACCGTGAACACATGTTGAGATCCGGCATATTAACCTGCTTTCAAATGTCCTTCCAAACCCGCTAAATGGCCTCAACCGGCCAAGGCTTACGCGATTCGATCGGGACACCCAATACCCTCCTTTCCGTGTACAGACACTGGATGTGAGAATGCTCGCGAAGTCTTTTTATCGGTAATATTACAGATTTTCCTCTGTATCATTTACTGGGATCACGAGAACCACCCTCAGTCCTGAGATAGACGCCCAGTACGGGCGCGTTGCGTGGTGAGGCGTGGCGTGACAGAGGAAATGGGAATGGTCGATATCACAAACTAACACCCGTTTCTGGACTCTCCGGTGCGCAGCTCCTTGACGTTCAGGTTTAGTTGAGAGAAATTCCCATGTCCCCAAGGAACCCAGTTGCTTCGTCAAATGCCCGGCGAGCCTGGGTTTCTCTGACGCTATGACCCGGGCAAGGTCGCCGGTAATTATCACCAGCGACAGCATACACACTGCGTCATTCCCTTTCAAGAATAAGCAACTCATTAGCAGGGACCACGTAATGTAAGGGCCTTGGCGGGACTTAGCAGTTTCCTAGATTTATTATAGCCAGCCAGGAGCCCCAACTTCACTATAGGTCCCTCATGCAACTAGTGCCTGTCGACGCTGCTCGCTGACACAACTGAATCCAAGATATGTTCTCATTTTAACGAACGTAGTGTGAATTGTATAAAGCGTCACCAGACCCGTGGTGCATCTGAAACTAGCTCCGTTCTTAGGTAGGAGTGCGTGAAATCCAATTGCGTAAAGGGTCCTGGTGTAGGGTTACCGGGACACTGAATCGTAATAGATCAAAATGGGGACGAATTCCGAGAATCTGGTCCTTTGTTGGTTAAATTCTAGCCAACTACAGCACGTGAATAACACAACCCCAATCCAAGACAAACAGTTGACGACCTGTCAAGACTGATATCATGTGTTTCCGGGCGAACATAGCTACAAGCCGTTGTGGATGCCGTGGAGCAATGACATAGGCTCCAGCCCCGTACAAGAATCCGTTGCTGCTAAGTAAGATTGAGATGCAAGAGGGAGGTTATACGGACATGAACCTGGGGCGAGGCTTGGTAGCCTCCCAGTCAATTCTGGTTCTCTGACCTTGGCCAATCGAACAGGATGAGGCACCATCTTACTGTAACATAGGAGACTCACG,1469,49.83,Homo sapiens
SEQ_131357,TTTCTCTTTTTGTCAGTCATATTTTCGTTAAACGATTACTCTGTTGAGGGTTGAGAAGTAAGATCGGACCTCAGTTTTATTCTGGAGCCCATCTGGATATACGATGAGCCGTCCACGATCTCTATACTTAGAACGTGGCTGTCTAATTGCTGCATTACTTTGCCCAATAATGCTAGGCCGGCTATCCACTCATGGGCAGCAGACATGAGGACCGGGCAGATACTGGAAGCGGAGTAGACAAGGTAGTATATTACGTCATCAGGACCTCAACAGTGATCGGGTCTGCGTAAGCGAATCGGATGCTTGTCAAGTTTGAGGCCCGTCTGCAAGTTGAGCGACTGTTGAGGCGCTACAAATGCGATGGCTGCTAGTGCTCGTGGGGACACCGTACCAAGTACCGGTCGGCTAAGGAACCGCGCATGAAGGCGGCCATACAATACCTTATTTGGATTCCTTGGACCGGAGCATCTCTAATTGCTACACCATTCGAAGTTTAGTGGGTATCAGTAGCATTTACGTTTATTTATCCTGGTTGCTGTCGTTTACGCTCTTGGGTACTCTATTAGAACTTCCTAACCTTCATTGCCTCCTATGACACCCCCGTATCAGCACAAGTATCTGGGGCACCCAGGTGGCACCGTCGTACCTTCTACGTGCCGTGGAGGCCTGTTAAATGAGTAGCTTCGTAACTATGCTCACCAAGTTGAGATTGTTTGGCTTCGCATCGTATTCTGTTCTATTAAGCGTTATTGGCATTTCCGTTGAGCCAGTACATTCCATCATTCTCATCAAAGTTGCACCGGATTTAAGTCCTCTCAAAAGATTCTTAGGCTGCCTTATCGGCAACAACGTATGTGTCTGAAAGATGGCTGCATGCGCCGAATGCATAGCCTACCAGTCTTAAATGGAGTTGGATGCAATAGGCGAGCCTTGAGAGACTAAAGCCGTTTTAACGAATTACTCTTACTTTATCCATGGTACTCAGACTCGGGGCTTGAAAAAAATGGAGGCCAAACTGCGATGCTGAGACGGGCTCAGACAGCATAGGTCGCGAGTTGTTATCGTTATTCGAGGTGTTATTATAATAGTCATATTAGGTCACATTCAAGTGCAAGAAGGCCAGGAACCCAACGGCCTTTGCGCTATATAGGGCGATGGTCTCCTTACCCTGAATGCGCGCACGTGTTCTTAGTGAACGGATGTTTCTGTCAATTCCTGCCCATTATTTTATAATTACCCAATCGTGGATGAACTTCTACTCAGAAGGTACTACGGTGGCCCCAGAACCCATTGATATAAGCGCATATAGGGCCGGGGTGGGACTTCTCTCAGGTGATAAGGTCCTGACGGCGGCATCCACGGGCAATAAGCTTATACTAAAGTTGGAGCCCGTAGCTAAAGATGGGTTACTCGGGGGTTGACATCTCCAATTTATCGAACTAGCTCTCTGATGGATTCTATCTGACCTTATTTGCTTCAAGTGCGTCTTAGTCGAAAATAGCTAGTACCGAACTGCCTACTTCTAACTAAGTTCTACGA,1539,46.91,Homo sapiens
SEQ_420080,TTACCCGAAAATCCCAGGGTGGATGCTAAGGATCCTAACTGCCAGTGCCGCAAAACTACTTGGGCTGCGCTTCGGATACTGTGGACTGCGACGGACGAGGATACTAAATGTGTGCGTCAGAACGATCACTCCACACAACCATCGGTAGCCAGATTTTGTCCCTTGAAGTTCATCCCCTTAATGGAAACCGCTCGTCCTGACGATCTTTACCAGCAGTTTTAGCGGCTCCGTTCGGTCTACATCGCGAACGCATAGGTGCATGTGGGGGAAAATGACCGACAACATTTAACGGGAGAGTCCCAGCGTCTTCCCCAGTTCTCGGCTTCGTAGCATGTCTCTATACCACCGGCATCGTGATCACGTGTAGTATACTCAGAGTTCCCCTCTTTTCTCGATTAAGGCAAATATCACTATCGTCTTCAGGAGGTCTGTCCAGCTTCTCCCCTACCCTGCTCATCGGTGCTCATGTCGTAACTGGAAACGAGGCTGCGCTCCTCGGTGGGTACGTTATCCCGCACCCTAATGGGTCACTCGTGTTGGTTCTCACCTTTGACAGCGGACAGCTTAACGGCAGAAGAGAAATGCATTGCTGATCTTGCATGGCAAGTCTTTCTACATCGGTTGTTGTTGCCTGGGACCCCCCGCTTTTGAGGTATCCTAGCGAGACAGCCCGTCCCTTTGTCCAGATAGTGAGCCCCACTAATTTTTTGTTTTTACATAACTATCTGAGGTAAATAGTGACAGTAATTTCCATTCGAACGGGGTGGTTGTGCGGTTAAGGGCATCCATAGATAAGGTCGAGTGGGTCTTTCGTGTTGTGTAGGTCATTTGTAAGGTAAGGAATGCGTCTCACAGAAGGCACCATGGCCATCCAGCCAGTTAGCGCCTCCGTCGGCAAATTGCGCCCAAATGTCACAAATAGTGTCACAGTATCTCACGGGTTTGCTTACTACAATGGAGCTCGCTTTGTAACCCAGTAGCTGATGCACCGAACAACGACGTAGTGCTCTGCCAGGGAACGGCAAACAGGGGCTCCATTGAGCATGCGTTGACCATGACGTGTCCGTCCCAAGCAAAGACAGATCTTTTCCAGAACTGGGTCGTACACATTAACCTACACATCCTCACTAAACCATTCGCTCTACGTACGATCACCACCACGGTTTTGGGCCTTTTGGGTAACCATGAGCCATGCTTCGAGCATAATGTGCACTCTCTGGCAACCCTCTAGCACACATTATAGCCTCTGCCTAGTTCGTTCGGAAAAAGATATACTTAGGTCTCGGATTTGTACTACAGCCCATAAAACCACCCTGGTCCGCCGGTTAGCAGCATACTGCGCCCACCCGGGGGGAGAGTCTGCTGTGCAAGAGAGCACATTCATTCACTGAAGACGCGCCGGGAGTTAGCATCACGACCAAGAGTGTTATGCACTTCCTAGAAGCCCCCGACGCAGGAAGAACACTAAATTCACGGGCGATCGGAAATAGAGCTTCGTCATTGGCACTCCAGTATTACCTCTTGTACTTAGTACTACAGAACATGTGTACGTACTGTTGAGGCTTATGTGGCTTCGAGTCGCTCGCTTACAGATACCTCTCCGTCCTAGCTAGGACGCGGGACCGCGGCGCCTGACCTGTATACCAACAAACCTCGCGGTCGATTCAAACCGGCGAAACAGTTGAAGTGTGTACACAAGGTTATCCTCTCCATGAGGACCACAGGTTCTTCCCTAGGGGCATTACATGCGTCATCACTTTGTGCCCGCCGCTGAAGAGGAATTGTTGTACGATTCAGTCCCCAGAGGCCGAAACTCGGTCTGCTGAGGCTGAGGACCTGCGGCGGGGATGTGCTTAAACCCTCTCTGGACTCACGTGCGTCGCGGATACGTCAATCATAGTCGTCAGATGGTGCAGCT,1918,51.51,Arabidopsis thaliana
SEQ_602428,GGTTAATATGCGTCACAACCCGTTCATTGGAGTCTCGTTTTCCACGTGCGGTAAAGATAATAAGTAGGAACAGGGCGGTGTCCACATTCACCTATCATAATGTCGCGAAGGGTAGTGTAGAAAAGCCTCGAACGAACAGCTACTTGAGTCCACTCTAAGTGTATGCGTATCCTCAGTGTTGTCGCTCCGAACCTTCGTCCGCGGCGCCCCTGGTAATTATGTTTGGCTGGCAACAGTCCTCTTGACCAAACCTTTTCACACTATGGGAAATCTCGCTCCGACAGTTGATGGCGGGAGCCATTCGTCGAGATGATATTCCTATTCCTTGACGAGACACCAACCACAATGGTCTATTTACATTAGGCTCCTGCCGGGAAACTTGGTTGCCGGCCTGCCATTGAAACGCAGTTGCATAAACAGACGTCGCTCGCTACTAGCGAGAGCATATTTAGGACGGCGCGATTTGTATATGCTGCTCCATCCACCGCAAAGTTCATGTATCGAAGCGCCAATCTCTTCCAACTCTTTACTCTTACGGCTCAGGGATACCATATGACCCGCGCGTCGTCGCATGATAACTCGGCATAAGGCGAGCTCAGCCTACCGGCGGGTTTCTGGCCGCTTGCTCAATTAATCCTGATGGCAAGACAGCGTTAGGAACCTTGACCGCCAACCAGAAACCCATATAACTGGTTTAATCCGACTAGTCCTTGGAGTCCCTACGGGTGGTCACACTTATAAGACGTGCTAGCCTCCGGTCACAATCATCGGCGTGCAGATATAGTCTGAAGCCGAAGCTATGAGGGCTTCCACCTCTGCAAATCCTCGAGCGGGTCGGAACTACCAGTTGATGGAACGCCAATTTGCCAATATAGCTTGTCGACGCAGCAGACAGTCGACGATCT,905,50.83,Mus musculus
SEQ_754467,GCGTTCACCATCTCTGAGAAGGGCTTCGCGACGGCATTGACTCAACGCGGCTAACGTGGGTAGCGGCTGCAGCTCATTCCCAGGCGATATAACTTTAGCTCACCATTCAGCGACTCGAGGAACCCCAGTAGTAGTTGCTCGTACCCCAGAGAGAATAATTAACGGCCAATGCTGTCAAGGTCCGCGAGTGATGAACTAACCTGCTAGTTGAGTCAACAATACTGTTGCCAGGCTGAACATGTTCATATGCGTCAAGCATGTAGTGGGTGCAGAGATCTTCGTTAGTCCGGAGGGTGAAAATTTGCATCCGCTTCCATATATTCCGGAACCTGCGAAGATAAGAATTCGCACACTGCCAAAAACTAACGAATTTGGGGGCACGCAACATTGTCGCCTGCAAGGCCTACGGCGCATTGGCTCCGTCGTGGCTCTCGG,435,51.95,Mus musculus
SEQ_238046,ACCTGTGGTAGTGTCTGGACACACTGACGGGTGTACAAAAGAATGTGAAATAAGGTCGAGCCAATAAAGTACCGTCCACACGAGTCTCCATCCATGGTCGATCCATCTCAATCACCTGCACTGGTGAGACTACTTAGTCCGTAAATCCAACCAGCGCAAGACGAACCGTATTCGGATCCCTTTACCTGAACTTCTAACAAATACGAACTTACCAAATGTATGTTACATAGGGGTACACAACACTTGATATTCTCGACGGACCCCTAGTGAATTTTGGCAGCTAGTTTTACCGCGAGAATTTACAAGCATTTATATACTTGCGCTCACATGATAGGCATATAGCACTCGTGCCCTAAGACGATCGCGTTCAGGAGGTGACGCAAGCGATGAAAGTAGCTAATCACTCCTATGAGGTTTCATTCGAAGGAGCAGCTTGCAGATCAGAGCTAGCCAACGTACCAGACGGTGCAAGCGACGCAGATCGCTGAACATCGACGTCTAAGGCTAGATCGAACCGTTAAATTCAAAGAATTACGTATTCCTTGGTCCGATGCTTTTAAGTAATGGTTCAAGTAAACATGGCTGGCTGTGTCATCTGACGCAGCATTCATTACCCTTCTGAATGGCCATCCTGGTTTGAGCATTTGGCTGTTAACGAGGTGTAAAACGAAAACACGTTCCGTGTCCAGTGGGCCACTGTATATAGGCTATAGTGAGTTCCCGGGACGCTCTAGAACGAGTGCAGTAGTGTTAAATCACAGTGAGACAGGACAACGCTGAAATTGAGGACAAAACAGGGGCCTAAAGCGAATTTGAGTAAATGCTGCCGAATGACTTTAACGCTCTTTTAATACCACGACGAGACGCTACAGGCCATCCTGCGGGGAATACCGAGAGGCGTTGGTCGACATGTGTTGTTAAAGCACGCAGTGGTTCTTGGTCCGCCGTATAAACTGGAAAAGAGCCTTCCTGGCTTTGTGCCTATTTACTTACATCGTCCTGCTGACTACAACACGTCGGTAACGAGATTGTATAAATATAGAGAACATCTTTTGGGCGTGCTCTGGTACCCGGCTGGGTGGACAGACATTACGACACTATTCTCCCGGGCCTGATCCGAGCAGGACAGGTCGATCCTGGCAGTTTTAACCTGCCATCGTCTCTGTAGTGTTCGCTGGCATGCTCAGTAACCCAGGGTATGACCGATAGGTCGTTGGCTTTTCTACAAAGGGGTATTTGGGTCCCGCATCCGCATG,1256,47.85,Drosophila melanogaster
SEQ_838782,GATTTGTATAAGAAAAGCGTAAACTCGCTACTTCTAACGATGAGTGCGATTTTCAAACAGAAACACGAACTCCAGCTATTAATACTATAGTGCGAGTGATTGCATAGCTCTCAACCCGTTAAGAATCGCGAGGACACTCAGAATGTGTTATACGAGTCGTCGCACGTCCGCGATCTACATCATGTAACCTCCCCAGATTGCGTCGTGTTGGTGCACGTGGGATAATGGGGGGATTCTAAGTGGAAGTGAATAGACAGGATACAGTTACACCTCTTCGATTCGGCTCAGCATTATCGCCGGGATTGTCCTCCTTTAATAATTCGTGGGACCAGGGAGATGGATAGACCTTATCCATACCGTCACTATTATTACATAGTTAATTAATGTCTTCCCATATGGCTACTCAATCCTCTGAACACGGCCGTCGTTCGCGCTTCCACTCCGTAAGGATTTTTTTAGTCGCACTATGCAATAAGGTCAACGACTCGGGAAGGGTGTACTAGACTGGTTCCCAGGGAATTATTGATCCTGGCTGGCCTAGAGGATGCGTACAAGCTATGGAGCGCTTCCTTATCCAACTGTAATGTTTCACGGACATAGGACGGCTTACTCCTGGTTGAATCGACACCAACGCGGGGGCCAAGACCGGTTAGACCTTCCAAACGGGAGGGCATATTGTATGGAATCCACAACTCCAACCTACTTCCCTGCACAATCTCGGCGCGGCTATGGGAGATGAGCCGCCAACAGGTACCTGAAAAGTAGCCCTTTAGACTAAGTTTCGTCAACCCCAATAGTGGCTTATTTATGCCCACATGGTAGGACATGCACCGTTAATGGTTCCCCGTTGGCGTTCGCTCTCGGTTAGGTTGGGTGGGATGTCTCGGGGCCCATCGCAGTTGAGGGCCCATGAAAGCTGGAGCTCTACAGTGCCGATGCAGCCATTAACACAACATCAAATTCCGTAAATCAGGGGGACTAATGGTTCCGTACAGAGCGATAGACTTTATTTGCATGCGTTGACGGGTATGAGCTATGTTAGTTCCGTCCTAGTTAATTCCACTTCGCCTACCGTCATGAGCATAAATTGTCGTGGCCCCAGCCGTCTGGTCATTAGCCGCCGGAATACGGAGAGGCACTAGGTGGACGGGACCGATCCACATTGCTAACCTTATACTAACAAATACATGTCTTTAAGGCAGCGAGTGGTCAACCGCATACTAGGATTCACATTCGGGCGGATATGGGGCCCTTTAATGAAGATTAAGTTCAGCCTTTAGAGCAGTCCCGGACGTTTGATAACGTTCCTTCGTAGTGATAGCAGCATCCAAATGCCCTTTTAG,1343,48.55,Saccharomyces cerevisiae
SEQ_416625,TACTTGTATATTCATTCTTGAGCGACGCATGTTCTTATGAGTTATGTTATCGACGATAAGTCTGCTCTTGGGTTCGTAGATCGGACGTACGAGTTGGATGTGCTCCGGATATAGCTCTTGGCCTTGCTGGACCGCTGACAAAACACTTGAGGATCCGGGTTTTTCGACCAGATGAGCATATATCCTAAGTGGGATTTCCTGCATCGACTTTGTAGGCCAGAGAAGGCACGGCAGCTCCGATGATTCTAGCGCTTTTGCATAGACGTCTCCGTATCTAGAGCGAAACCATGCAATACGGACCCGCACCCCTTATGATTGAGTTGTGAGCGCTGACATACCGCAGTGATGGATTGCCGGAGACGCTCAGAGTTCATACTGCCTACAGGTGCCGGTCTCGCCGTAGTGCTCGGCTGTGTGCCGGACCGCACGGCGGCAGGCCGTCTTCCACAGCCGGCTACGTATCCCGGGAGAATACGGCGACCTTAGCGGGACTGTTGGCGGTAATGATTAATTGGGGTGACCCGCCCGATTCATGGGCGACTTTCCAGGTCGGGGAAATCTTGGGTCCTCTCATGAGTTCTAAGTGAGTGAATAGGGGCAAGAACGGTAGTAGTAAGTCACTCAGTGGCACCCGCACATCTACTCCCAACGCAGCTATACATTGAAACTCGGAGTTACGTCATTTTTCTGCGCGCGAGCGAACTCATTGAATGAGCGCTGCACAACCCACCCAGTCCTCACATGGAAGTGCGCCCTAGCGGCCTGGGGGATCAACGAATGGGTGAGTCCTATGGCCTCCCAGACGAATCGCATCGGCGAAGCGTCAGCACTCCCCGGTCTATATTCAACTTCAACCATACGCGCGGATGGATAGATCATTAACGCACCATGACGGTCGATCGATCCGTCATCCATCTGTCAGTACTGCTTAATTAGATTGCAGGACAGTACAGCTGTCTTTTTCACCCTTCACTACTGGGATGTAATTGGTGCAGCTACATTCGTGCCCGACAGGAAAGGAGCGTCTCGTGGAGACGGAGGCAGACCCCGGGTGCGGCATTCCTTCTGGCAGTACCTCTAGGCGAACCGCATTGGGTGAGCACGTTATAGAAGGCGTGAAGGCCTGGGCTCAACCGTCGTATCAAGTGCCCTCCGCAACGATCCCACTGAACATAGGAGCAAAAACGATACGAGTAGGATAAGCGCCCATCTCTACCGAGGCCGCAGTATTGACCGGGGAAGTAGAGAGAAGGATTGGGTCACGCTCACCTCCTAACTTCGGCTCGAGTCTGCCACGTCCCTAAGGC,1307,53.86,Drosophila melanogaster
SEQ_194088,AATACTTTACAGAGTCTCATTGAGAGCCCGTCCCCGACGCGGGAAATGCACACCCTCGTCAGACCAAACCAACACCCATCACATACTACATTAAAAATAGGAGTTATCAGA,111,45.95,Drosophila melanogaster
SEQ_184531,CACGCAAAACCCACGCCAGATCCGCTAGCGGTAGACCCCAGCAATCCATTTTGCCTAAACTCAAGAGGGTCGTTTTTGGTAAATGCACCACGATGCTACCTGAGGGTATTTAAAGAGTCTAAAGCAGAACTAGCTGCAGGTCAGTAAAGAGCTGCTTGGGCGCGCTAAGGTAACGGGCCTTAGATAGACAGTAGTTTCTGGCTGGCAAGGGTCGCACCATTGCCTGAGGTACGTCAAAGGTTCTATCTAGTACGCGCGCAGGCCGTTGATTTTTGAGATCCTTCTATTTCCCACACCCTCTTCGTCTATCGCTTTTCCGTAGCAGCCTAAATCTCATTTCGGGCTTGACTTCACGATGGGCCTAGTGGCCGCTTATTCAAGTTTCAAGCTTATTCGGCCAGATGGTAACCAGGTTCCTCTAATCACCGGTCGGCAATAGGTACGTGGTAACTTCTAAAACTTACCCCGAACGAGCTGAAAGTATTTCTAAGGTAGCCCCTGCGCCTAGCCAGTAACGTCAGAAATTTATGGACGTTATAACGGGAAAATAAGGTCCTCTCGACCGGCTCCCCTCTTGCGAGACTTGTAGCTTTTTTCACGGCAAGCGTCTCAATAATGAATAGGCAGATCACACCAGGTCTTGTGATATCTGATGTGGCTGCTGCATGACCGCGGCTTTAT,681,49.19,Arabidopsis thaliana
SEQ_699425,CATTCACGCCAGTTTTCGATTGCGCAAAACAGGGGGCGCGCGATCGCCTATAGGTATCCGAAAGGATCAGGAGATTACCGTATCAACCACCCGTTGCTCGGGGCGGCCATAGAGACAACTAGTGAAGAGAAGTAGCAAATACAGTTATTCCAGTCTCTGGTCAGTTACGATCAATTTGATATCATCACTGTACATAGCCCATCGTAGATTCCCATCCCTGCACACGCCTCCAAGTGAGACCTATACATACGAGGTTGCTTTTGCTGGTGAAACTCACTACGAACAGATTGAGTTTACAGCGTCGTAACCAAAGGTGCCTTAAATCCTCTTATGCATCTATAGGTCATCTATCCGCATCCGACCTCACGCCCCCCCGAATTCCCGATTTTTAGTATTGAGTAGTCGGTACGCCGATATTCCGTTTTGTAGGAGGTGGGTAGTCATTTGGAAAGGTTTATAGATACCTTGGTGACTAAGCGTTTTACGTGGCCGACGTTTGGCATGTCGGAGAGGGTTATCCCGAAGGTATGGCGGAAGAAACCTTCCCAGGATTTCATTCATGACAGCTTAACGGCGCCGATGGATCCTTCTACACTGGAGACTAAGTACCGGCCATTGTTTAGTGTAATCTCGCGCAGCATGGTGCTACACGATCAGGTGGAACGCGTAAGCATGTTAGGCTTAAATGGAATGACCAAAGTGTAGGTTAAAGAGCTAGTCTCTGCCGCCGGCCCGTTGGTGTGAACTGTGCTTTCAGTATGTCGGCGAAACACTCCCCCCTGTTTACGCAGAATGATAGTTCCACGGCTACATTTCTCAACGTAATGGAATACGGTGTCGTCTGCCAAGAGGATGTTACCAATCAAAGTCTGGCGGCGCGCATGCTCAGATATAT,895,48.6,Drosophila melanogaster
SEQ_956607,CAGAGGCGACCGCTCCGAGTAGGTGAATGGTGTGGATTTATGAAAGACTGTTTTATCATAGGCGGTGATTCTAGGTCGCTCACCGTGTCTGCCTAGGTTCTTACGGATTACCACAGTGCATTCGGGACTATTCGTTGTTACCCTCCGCCCTCCGCCCGTGCCCGGTATCTTC,172,53.49,Mus musculus
SEQ_770644,GAGCAAACTAGCTCATGGTGGAACCTCCTTGTTTGCGTAAGTAAGCTAAACCAAGCGAGACGTGCCCTTGGTCTCAGCATTCTGGGTTCTCAGAACGTGCTATTGTAGAGTACGTTTGTATCCATATTGCCAGAAAGGGGGCTTGAGTCTCAGCTGGCACTTGGCTCCTAGTCTCGTAAATATCTCTCTGGTTATTGACCCACTATAGCAGCTGATCCGCTCGTCCGCCTCTGCATCACTCACATGTACGAGCACTATTATCCCATACAGGCTACATCTACATCCTCCCTCATTATTCGGTGACCGAACAGAGTAGGGTGTCAGGGGTGATAAGTCGAAACGTTGAGCAATGAGCCGTAACCCGCGCGGAGACGTGAAGGAAGCAACGACAGGACAGTAAGTCGTAATCACGTGCTACGTCCCCAAATCGAGACGAGCCGTTTTAAACCAACCTAGTGCTAGGAGTCACAAGCGCGCGGCAGCTGCGTTTAATCATCTCAGGGGTCGTCGTACTACATA,519,50.48,Saccharomyces cerevisiae
SEQ_729231,CAAGGTGAATATCGCAAGTTACAGCATTCTAACGTTGATATTCACTAAGTCGGCATGTAGAGTAGCGGTCCGCGTCCGGCTGAACGTCCTAAATCCCCAGGAAGCGGATAACTGCATCAACTTGGCGATAAGTCCTCGAATAGTATTAGCAATTACTGCTGGCACGA,167,47.31,Escherichia coli
SEQ_311262,CGTTCCCATGCGCCCGGGGACTGCACAAGGGTGGCATACTCTAGACTAGTCAACGAATTCAAGCGGCATCTCTCTCGCGACACAGTCTCTTGGGATATACGACTACTCCGTCGCCAGGTAACGACTATTACGAGGCATGCGGTATAGTAGACAACGACTCGGCGGATTAGCCAACGGCCTGGCGGTTTCCAGGCTAAACTCCAGACGAGCCAGCCCACATCAAGACCACCAAAAACAGCCGATCTGAAATCTGACCTGGATAACGGTCCACTTCTGCAAGGAGTGTGGGCTATCAAGTACCGAGCAGTTCTGACTTGCCCCGTGAATCATAACAAGGCGGATGGCAAAATCGGGAAAAGCACCCGTTTACGATTCACCACGACCCCGACGGGATAAGGGGTGTCGAGTA,409,54.03,Drosophila melanogaster
SEQ_705435,AACCTCACGCGTAGGGATGGGAATCCTCAAGCAAAAGACACATCCTTACCCCTCCTAAGGCCGTTTATTGCGTCAATAAGTACATGGAGTGGTTCGGCTGACATCTCGGGCTGTCCGACGCGTGAGCTGAGTTCCTCAGTCCCCAGCCGTGATGCTGTAGAAGGTACGGTTCAAAGGTAGTCAAACAAACAGTCTACCAGGGTTTCTTTACTTAGGGTCTGCTCTGTAATTACTAATCGAGAAACGACGCGTGTTTGTCAAAACACGATGGAGACACAATTTCGGCCTGGCTGGGAGGGAACCTTAATCGCCTTTTTTTTCGTCTGGTGGGCAGAAAGAAGCGTAGATGCAACCGAAGAAACGACTCCAAGCAAGCTGTCGCTCCTCCGTAGCAACCCGACTTGTTGTTGAAGACTGGTATGACAGTCAGGCTCGCGGGGGGGGTTACTATTGCCCTCCTCGTCCCATGACATGACTGCTTTCCTGGAGAACAGATGAAATCTCACATGCAGAGGAGCACCAGTTGGACAATGGGCATGCACGGTCTCACTGTTGCTGGACTACGCGGTGTTACATACCACTGCTTCGTCCACCTTTATCCGTGACATCATCCAAAAACTGCTCGATCCAACTATCCTTCTTCTGTTCATTCCAATATGTTTCAGTGTCCAACCCAGGGATGGTGCACTTCTCTCTGAATTAAAAAAGTTCCCGTGTGCCCACTAGCTACGTCTCAAACGCATCCTACGGGAACATGTCTTATCGTTGTGCAGATACTTGTCGGGATGCCGTTCCGAATCAGCGGCTCCTAATTTGACCAAGAAAACTGGGTTTCGCGTTCGCTTTGCACCGCGGAAGGAATATATACACAAGCGCAAAGGGGCGATGGTTCTGATCGATCGGCACTGGGCATTAGGGTCCTAGAGTCATGCCCTTTCCGAGTTGGGTGCAGCACTGGAGAGTTCCACGGCCCTCGGGGTGGCCTATGCGGTTGAGTGTACCATAAGGGGGAAATCGCTACGGGGCTTAGTCCCCTGCGTCACAGTCGACGGAATGGAAACTGAGGCAAATTAGACAAAGTAGTCGGCTCGGGCTAATGTTAACGGATAGCACCGAAACTCTTATCACGGGTTCTATTCGTAAGCGATACATTCTTACCCACCGTCTCGTGATCGGTTACTAATCATAGTCACGATTTACAGATGCTTCAGTCCAGTATAAAGACATTTACAGGAGGAGGTCAGATCAAAGTGAGGCGAGTCGCCCATATCACTGTGGTGTTTCTCTATATGTCTACTAACACTTGTTGATTTTTCCGGTCGATAGCTTTTGAGTTGGCCGACTACTATTCTGGCTATCCTGAGGCTCCTGCGATTTCCACATATAAGCTAACGGACAGAGGCTCGGGTACCGTGATAGTATCCGCATAACTAAGGCCCCCCTCGCAGCACCATCAGAGGCGGTGGGGTACGCTTCTCATCGGGGTAATCTAGCTTTTAAGACTATATTCGCGGTCGTACATCTCAGCAAAGTGTCGTTGTTAGTTCGGATGGCGGGGTGACATATTCGCCTCCCTCTGCTGTAAGGCAGCGTCCGGATGACGCTCTGAGGAGTATTCATCCGAACCGACAAGCCTAGCCCTCGAGTTCGCTGTGCCTGTTGATGGGACCATTGCGATACCAAATGTGGCTCTCGTAAACCGGTAAAGTTCGCCTGTTGCGCATTAAATTTGAAACTGGAAAGGTTTAGTGCGTGTCCCACGTAGGAGAACAATGCCATTACCACTGACTCAAAGGTGCCAGGTCTCAGCCGCATCTTTGATTAACGTGTGAGCGAAGGTCGGAATCCACCTATCAGCCTGGATTAACTTAAAACATCTGCAGGTGAGATTTGCCCAAGAGACTACAACCCTCA,1914,50.16,Drosophila melanogaster
SEQ_943018,TTACTGTCCTCACTATTTCTACTCTTTCCGTGACTGTTAGATGAGATCGCAGCGTCATGCGGCTCACGGAGTGTCGTGCATCGACGTGCGCATGTCTGGCTTTTGCGCTTGCAGTCGCCCCGTACTACTCCTATACCGTTTCACGAATTGGTGTCCGGCTAGGCTACTTAGCTTATTAGGTGGTTGAACGATCGCCCAGTGAGCCTGGAGTCATGTTCCTCCTTCGGGACGCTCGCGGGGAACTAGGGAAGGGCACCATCAAACAACCTCGCGTAGGATGAATACCGCATATAGTCTCCGATGCTCCATCTGTGGAAGGCACCAGTCCTGGAAGGCGGGAACTTGGGGATCGGCAATAATAATGTACGACAAGATGGGCACTCACCGCTGATGACCTGCGGAAAAGAATAACGCGTCGGACTGTAAAATGCACCCTTCTGTCCCTTGTCCGCCTGTGAGGCACGCGGACCTCAAAAATGCGCCCGACCTTCAGACGATGACCAGCTTGGATGTTATCGCGCTACGAGCGGGC,532,54.51,Mus musculus
SEQ_188363,GTCCTAATCACGGCAGATGCTTAGTCGCTACCCCGTTACCACACAGGACTCGGTACTGGGTGCAGGAAGACGTACACTCTCTACTGTCCCAGAGCGTCTCAGAGTCTGCTATGGTCGTTAGTAGTAGAGTATGGAAGGCCTCTGATTGTATAGCGGCCATCCCAGTAGTTC,171,52.63,Saccharomyces cerevisiae
SEQ_993917,CATCATTCGAGTTGCTTTTAGCGGTAATTGAATCTGGTTGTTTTCACGAAGGTACGTGGGCTCAAGAGTGATGAACCCGATCGACTAGACATATCCAGGCACTCAAGATTTGATGTTGCGGGATACTGGGTGCACGGGGTGTAGTGTTAACGAGTGATGTCTTCAATAACGGCGCATGCCGTCCTACACTACGCTTATCGAAGCCTGCGCGTGCGGTTGTTCGTCTGAATTGCGATATGGTTTGGGGGGCTGAACCCATTCTACTTTGAATAGGGGGGAATTCCCTTAGCCGTAAAGCTATGCTTCTTGGATGTAAATCGAAAGACATGCCCAAAAGTGCGGAGCAACTCATTCATACAAGTTCTTTTTCGGGTTGGAGCTACTCGAATACTCAGAATGTACTAGAGGCCATCTCTGACCCGCGCTCGGCCCTAATATGAACCATTTAAATTCGCGTCCCCTTTCCAAGGTCTAGCATTCAAGGTGGCCAAGCGTTTCCCCGAGGTATTGTACCTCAGCACCCTTCAGGATCACGTTCGCTCCAGTCAAATCTTAGATTTCTACATAGTTATCGGCACTGCCTTATCTGTTTAAAGCGCATATTGTGTATTGCCGGATTTCTTCACGGTTAAAAGCCTCAGGTCTCGGTAACATTGCTACAATTGAAAAGACCCGAGCGTATTTGTGGCCACCGATAGTACTACCATAGTTGTTCTGGGTAATGGATATGCAACCGCAACCAAGACACAGGATTTATGTCTTACGCTTCCGGTTAGTCTCTGGCCGCGCTTGCAGTTTCTATGATACCAAAAACAAAGATGAAGGCCGCATAAATTTGCGTTTATTCGTTCGCCGCAGCACTTGTTAAATTCCACCAAATTGCATCTCGGATCTGATGATAACTTTCCGTAGGAACTACTAGCAACCCATCTTGTGCAGATTGGCCATCAGCCTTTTGAGCAGCGCAGAGACGTAATTTTGACATGCAAGGCGCTGGAGCGGATACACACCGGGAGGTTCCGCAAGGAACCGGCAGAATTATAAGACGCTTTACAGGGATAGAGCCTTCCCCCGTGGAACACCCAACAGAATTACATCCGAATCGGGCAACTACACTCTTGCGCCCGTTGGCCCATATGTATAATTAGCGCGGTCACCACTGATTCAGGACCGCCAGATGCGTTC,1185,47.93,Arabidopsis thaliana
SEQ_243734,TCTGTGGTAGATTTGCGTCTTAATATACAGATCGAACTAACAAGTTCTTACTCTATCGGGGTGCACTGGTTGGGCCTACGGCCAAGACCGATATTAACTTAGAATTCATACTACCAACCACCCTTCCGGCTCAGCGATGTCTTATTGTTCAATCCTCGATGGTCTTTCCAGCCGACAACGAACCACATGACTCCCGACTACACGACGGCGGAAATCCGACCGTTCCGTACTCCACATCGTACTAGACGACCACATTGTGATTCTTCCGCTTTCCGAGTTTTAGCACCGCAACATGTGACTCGCCTTTCTCCTTGACTAAACCTTTAAGGTTAGGCAGATTGGCCGTTGCCATTCATAACTAGGGCAAGGTAGCCATAGTATGTGTTATATCCGAAATTATGCAGCAGAATGTTTCAAATCGGATTCAGCTAGAGTCTTGCTTAATATTCGAAGCGTATTGATACCAAGCAGCCATTCCCCTGTTTCATTCTCCTGATAACTGCTGCCATAAAGAATCTAAGTTATAGCCATCCTAATTAACTATGAACCAACTACATCTTGCTTGCCTCTCAACTAGCTCCCTCTGAGACTTGCAATAGGTACGCAGCCCTGCTGAGAAACACCCAATGCAATCTCGTTGTAGGGCGGATATTGGCCCTGCCGTACAAATATGCTGCATCCTGTCACAATGTACCACACAACCATAACTAAGAATTTATAGTATGAATTCCAGGACCTGCGGTCAATGGATAACATTTCCACCTTCTCAGGCTTGTCTAACCTATAAATCGGGGAACTTTAGATGGTTAGACACAACTGATACAGTAACAAAATACCAAAGCATATTATTTTCTCCAGTACCATTAGCGCTTATAAAATCTGCGCGGTCGACGGCTTAGTAACATCGCTGTCTAAAGCCACTGCGAGCCGAAGACGGATGCATAATGCTACCCTCCTTCGATATGTTCGTTTTTTGCCGGCCCGTGATTCGATAATGCGAGCACTGTGTCCTCGATTGTTTAATCATCCCTAATGGAAAATTTCCAACCTTTATTTGGGATGGTACACTGTCAATAAGGTTTAGTCCATCTGAAGTTTTGT,1101,44.23,Caenorhabditis elegans
SEQ_874027,ACGAAATCTCGGGGTCGCACCTGTCAGCCTGTAGACACACCCGAAACACTGATCAATGACGCACGACTGTGAAGTATCGACAGCTTATACATTAACGGGTCATTATAAGGCCAGGGAGTCGTCTTACATACCCAAAGTTGCTTTTTGCCTCATGCGTGGTCATCCGTTTTGTACTCGGGAGCATTAATTTGGCAGTGCGTCACTCTTCTCAGCAGAGGCACATGTGAAATGCGGCCGCAAAACAATAGGGAGCAGTCGCAGCTGATGTGATGGACTCCGCAGTTACCGGAGAGTCTATCTCTAGCTCACTCCATTTCGGCGGCCTTATGCATCGAAATCCGTTCTCGTGAGGCGAGATCCAAGTTCACCGGCCCTGATACAGTTGACTTTTCGCATTCCCGTGGATAACAAATTTCGAAATGTCCCTCATCCACCAATTGGGTTCGCCCCCAGGTGATGTTGTGATGCTCCATCTAATTCATGTCGAACGGGTGAGGCTGGGGCTCCTCGGTAGTGATGAGTTCCCTCATAAGGATGTGTGTCTGGGATGGTGTTCTGCTCCCCGAATCGGGGGGAGCATCCGTGGATGACGTGACTCAACGTACTGGTCTCTCGCCAACACAGAGCATACAGGGTTGGTTGCGATGAGAGAACCGGCCTTACTGACGCCTACGCCCTTAGGGATTTCCAGATCAGACTTACCAGCGCCTAGAAGGGAATCTGCTTCCTGACTAACGCTAGCCCTACAGCACATTGGCTGCCTATTGGCTGCCACTGCAATATGAGCTCGTTGGTAGGGAAAGCGCATGCTGAGGAACGCGCGGGGTCTGCAGCTGTCGATGCCATAATGCCCTTCGACCTAGCCTACGGGAGATCCTTAAAAGTCGCGTCTTTTATTGAGTCCGTGCAGGGACTACGATATTCAACTGAGCTAATGGCCCACTTCCAACGGGTCGGCAGGGACTACATAACAATGGAGGGGAGTGGCACCCTGCTTAACTTCCACCTCTAGAGTACAATGGGCCTAGATGTGGGCCT,1038,52.6,Homo sapiens
SEQ_421484,AGCATAATATTTAAGGCCTGTAGGGCAATCTTCGTACCCGACGTGATTGATAGGCTGACCCGTTGTGGTAAGATCCGGATCGCAATGCACGGAGACCATGGTCTGTCTGGTGCACGGAGTCGGTAAGGTGGGCTCCTCACGATGAGGCAGAAGCTTGTTGACGTTCAGCGCGTAGGTTGGCTGTCTAGCTCGTGACATCCTGCTCGCAGCATGGCTATTCTCGCCTCCCTCCCGATCATTTCAGTAAGAAACAACACGGAAGACAGCAATATGATACTGGAAATACGCGTACTGTTATTAACGAGCAACAAACGGGAGGCTTGAAGGACAACGGGCTTTGGGACGTCGTGCGAATGCCAGAAATATCTATGCGGTCAAGTCAGAGTATACCCATAGAACCCACCAGTTAACGTCTTATTCAGCGGAGCCGAACTCCGGGTCTTTCGAGGCGAGTCTGAGCGCCGTGAGCGAAGGATCTCTATTTCGACGTATTTACTCGATCACTCATAAAGGAGATCCTGCGGATACTTGGCTAAGAGCGGCTCTAAATTCACTTAAGACACCGTTTCTCCGCGTCCCTCGCAGTTTGCGTAAGAGTTACAATCCTATCCACCGCCTTATAGCACAGTTACTGACAACGGAATATACTTAGTCCCCGATCAAGATATGCAACGGGACAGCGGCATAAACGATCCTACCTTGCCAGCCGCGCGGGGATCGGGTTAGTCCCCTACACACGCGGAATCAGAAACCAGCCTTAGACCGATTCAGCTATAATATGTCGAAAATACTACAACTTACTCTGGGTTGGCGTAGTGCTGGGTAGCTCAACCCCAGATACCCCTTCGGGTTAACCCCATCACACCGATGAGCCCAGCGACTCGCCCAGCGGGTGCTTTACTTATTGAAATCCTAGGGAACATCATCACCGTAATCCAAACCCGACTGTCATCAGCGGAGGAATCTTCGCCTGTTGTCTTAGACTGTCTCGGAACCGGTCGCCACAACTGATCGGGTTTGACTAATCCTCTGAGGCAAAATGCAGGGTACTATGTTGACGGCCACCCTAGATCCCCAATTCCGACACAACAACGAGGACCCGCACCCCTTCTAGTTCTTTCCCTTAGCAGTGAGGAGCTATATTTTCTCCTGCTGCCCGTGATTAGTATGCGAACCTCATCATGCACTATTAGATGTTCGCTCCCCCTTCGGCACAGCCCGCCGGCAGACCAGAGGCTACCTCGTCCCATCGGTGCCCACAATGGTCTCTCTGCTTTGTGTACGTGCACGA,1291,51.82,Mus musculus
SEQ_682835,GGAACGGAAGAGCTTAGGCACGTCTTTGGGACTGTTCACGCATCACAATCGCGTTAATCGACCTCATCGTCGTTAAATAGGCGTTTCCGGAGAGGTATCACATAGAGCCGCATCTCTATTGCCTTCCTTCTCGTAAGACTTGTGCGGCAATTCTCTCACGGGACCTAAACAGTTGGATATGTTTGTTTGCCTTTCCTGACTTTAGATTGCCGGGCACAGCCAAAAACGTCATGAGTGAAGTGTGGTGTCAGGAACCATTGTACGCTAGTAGAAGACTTTGCGTTTAGTCACTTATCCCCCGAGTGGTCGCGTGTCCCCCAGGGTAATCGTTGCGATTGCCCTCATGCGTGTACAGTAACACAAAGATGGCCTCTCAGCAGTTCCCAATCCCTGTTAACCCGGGTTCTAGACTCGTTCACCAGGCTGGGAATTTGGTCTATAGTAGGACACAGCTGAGCTTGGCACATTAGAAGTAATCGACTAGCAATTTATTCATTAAGGGATTCAGTAGTCTAATGTGCAGGCGCAGGCGTGAGAATCTAGTGGTCATATCCCCCTTTTTCGACTCCCCGCCACACCGACAACTTCTGCCGTTTGGCCACCTGAATTAGCGAGGACAAAATCCAGCACAACTATCATCTGAGCCGCTAGTGCGATATCGTTTTCGAGCGCGCGTTTTCTGCTCCCATTACACAAACCTATAATCTGGTCAGTAGCAGATATTGTATACCACTAGATTTGTATCCAGCCGGGAGCGACTGGCGACTTCCGCCAGGTCCATCTATTATCACCTGTACTATTCTCGTAGTGAGCGCAGGACCATCCGACGCTGAACATTCCCATAGCGAGCTACAATTTCTTTCACCGGTGTGTTTCGTCAGGTGCTGTGCCTGTTATCACTTTATACTGGGAGTTTGGCGCGATGCCATCAATGCAAATCCTACCACGCTACTTTCTTTATAAATCTAATGGCGGTAACATGGAATCACACGCTTGGGTGCGTGACGGTACTTCAGGACTCGCGCACGTCGCGCAATAGGCTTGTTTCGCTAGCTAGACGTCTGGTCGTCTACATGATCGTGCTTTTTCTTGCGATCCGTAGTTAGACTCAAAAAGGCCCGAATAACCTAGCCTGGACGCTGCGTAGTGTATAGAACGCGAGAGTCAGGACCAAAAGCTAACACAGTAGCCGACATGGTAAACCCTGAGGACGTTACGGTACAATCGTCAGCAATAGCCCTGGGGAGAGAAGTTCGAGGCATACCCCCCTTCTGATAGGGGGGAAGCTCCAACTCCAGACCCATGTAGGAGGATTACCGGGAGTCCCGACGCACCGCCCAAAATGGAGACGCTGTTCGCATCATGCACTAAGACAAATCCCCCGCTGTAGAAAGGTCAAGGTGCACATGATATTGTCTCCCGTCCGACACCGTATGGGTTAAGGTAGTTTTCATGAATACCTATCTCATCTTTTCTAAGTCCAACTTAGGTAAACATACTACGGACGTGCTTTTGCGTCGCATCTCCACTGGTGAGTTCGGTTGATTATACATGACTCGCGGACGCATTTACGAGCGTATAGACTTCACCAACCAGACAGCCCCAAGGCTCATCACAAGTCGCAGGTTACGGCCCCATAGATTACAGTTCGATGATGGGAGACATTCAACGCGTCGAGCTACGGCAGCCCTACGATATGGAGACAACACGGGAAACGGTTAATAATAAATGTTTCTCCACAACTAAATAGAAGGGCAAACGTAAGGGCATCCGGTTTTGACACTGGGGGGAGTTTATTTATTTACAGAGCGCACTCTCAAGGCGAAGGGATTCAGAGTCA,1840,49.35,Mus musculus
SEQ_254256,CTCGCGAGTTAATTTGAGTACGCTCGAGACACTTCCAAAGAAGCGTAAGTCATATATGAAGGCAGCGCCCATTACAGCAAATACCATGGCCGACACCGGGATCTTACCAGTTTAGAATTATTAAGGGTTCCGCGACGTCGTAGGTAGGAAGACACC,156,48.08,Saccharomyces cerevisiae
SEQ_515772,CTTAAATTTGATCCTGGATTCGTGCATTGCATGTCGGGTGTGCCTTCGGTTGTACCTTTGTCTGAGCGTTCCACAACAAGCATTCGACCTCCAGTGCACATCTATTATGGCGAACATTTTGCAAACCTCCATGCCAGCCGATGTAGAGGGGCACAGTACCTAAACGATGATATTAGCGGCCTACTCGGGAAACGGTAACTCTCATCCACACCTTCGGGCATCCATGCTCTTTCCGGCGTGCCTTCCCCCACCGCAGCAGAGGGAATGCCCGGAGGCTTTGGTCCGCCCATATGTGGTAACACACATTCCATCTGAAGATAGACCCGATCCTGTTTGGTAGTATCCCTCCCACTAGAGCTATTACGTCCGCGGGTA,375,52.27,Escherichia coli
SEQ_995748,ACTGAATTGAGGCACATCTTGTGTTCTCTTTGTAGGCTCCCTAGTGGTTCAACCCGACTATCGCTTACATTCTGAGGGAACTAGGCCGCCGCGCGGATGGGCTTTCGTATTAGTGGCAAAATATGACCTGTCTGACTGGTCCTCTGCGTTTTATGTTCATGGACTGGCCTCACACACCCAAAGGGGCAACGCAACTGCACGGCGTTAAGGCGTCTACGTACTGAACATTTCACCGCTCTGGCCCGCACTCCCGAGAAAGCAGAATTCGAATCATAGCGTGCGCTAGGTTTGGGTGCAGCCGGGTCGACTTCTTGCGGACAGGCTGCTTAAAAAATCGAACATATGCGCAGACTAAGGTTTGAGGCTCCGCGGACAAGTTCGCATTGGGTACGTGTGTCCAACGGTTAAAAAGTCAAGCCTCACCCGGGTATGCGGCGTTACCAATGAGGTGTGTACCCTCTATGGGTGCAACGCCATGCGTAGTCACAACCAGGGAACGTTCTTACGATAGGGCCTAATGAATCATCTATATTCCTGGGCGGGTTAATTTCATTTTGCCTCCACCTCTTGTCGATCACAACTTTTGGAATCGGATAGGCTTAAATTGTACCGAGGTCTGTTCACAGTAACATACGAGCCAAACGAGAGGGAGACAGGTTCATGGCCTCCGCATATGGGTTCCTACCTAGCGACCCAAGTGCCGCCTCACTTGCCAAATTGCTGTTACCAAAAGCACGGTCTTGTATGGCGATATGTAAGCCTTTGCATGAGAGAACTTAACTCGTGAACGTTGCGTTCTAGGACGAAAACAGCCGGCCTCTATTAAGCATGCTAAACCTAGTAGG,845,50.53,Caenorhabditis elegans
SEQ_247716,AAGTATCAGATGTTTGGTTGTTTTAGTGATTCTGGCAGAGAAGTTGTAATAAACTTGCGCCATCTCTTGATTCCGAAAGAGGGGTGTTATTGCTGTCCACGCATGTCTGCTGCTCTGTGAACTGCGCGCCTCCAGAAGTCTTGATGAACGCTCCCGGAACTGACGATACCATCAATTCCCCAATCCTTAAGCATGGGATTATGCACTTGGCACCGCATACACCTCCCCGAACCAGTAAACGACGACTCTTGATGTCGGACTATTACACGCGATGCGTTCCCATGATCTGCAAGCACGGCCGTTCGAGAGCAGCGCGGAAGACAGGTTAAACACTTACCAAGACGAGTTCGGTATATGCTCGGAATCGGACACTCAATTGATAATCTTTAGGTGAATGACGACGACCCACCGGCCCATAACACAACGGTAATTCGTTGGGCATACTCCGCTAGGAGGTTCTCCAGTAGAATCCAACGGAGCGGTACTTTCGGCCGTTGTCAGAAAATAAGTAACCCCGCAAAGCCGGATTGATTGTACGCCGGTTAACTGCCATTCGGTGTTTATAACTGGCCCCTTATCGGGCTATTTAACTTTGAAATCAAAGAAGTAATAGGACAATACTCGCGTAAGACATCAGCACTAACGGACTGTATGGGTTGCCGAAGTCAATGCGTGAAGCCAGATCGTTTAAGACAACCCGATTACTCTTCGTTAATCTTCTGAATCATGCAGAAGCGTGCTCGGGCATCCCGAATAAAGGGATAATAGTGCCATTGGTGCCACTCATCTTCGAGATTTCTCACCTCGCAAGTAA,814,47.91,Escherichia coli
SEQ_527178,AGACTCTATTGGGACAGGAACAGTAGTAGACAAGGGCATCGATACCCCTTGGTCAACAGCCGCCGGGTCACATCACAAGGGTCACACGTCTATGCTTCTGCAGCGGCCGAATACTACGGGTTAAAACGGTTGGCGTTAACCTCTCTGAGAGGGCGTGGACGATATCGCCATAGAGGATCTACGTGTATCAACGGATCGCATCATAGTGTGAGGATCATAGGCCATAGACCGGTATGAGTCAATTCCGTTTTAGAAGACGGCTAGTTATCTAACTCGGATTAAGCTGTCCTCTATAACCCGTTCGTGAACTATCAGAGCCCGATGACCAAGGCATACCAACAAAGGGGGTTTCCCCCTGACCCCCGCTTCCACCCATATACACTCTAGGCAGCGACTCTTTACCTTAGTCCCAAGCAGCCTAATCCATCATGTACTTGGAAATGTTGTGGACCTCGTAACCGCCTTCAAACCATACTCTTGCGAGGCGCTCCGCCACGTTGTCGGCTACCATATTTGCTTCGGCTTCTATTTAAACCTCGGCCCTTTAATCGTTAAAACGCGTGGTTGTTGGCACATTTCTTCTGACTGTGCAGATCGCACCCGTTTTACCACGTCATGGCGACTAGCTATTGTCCTGAAGACGTTGGCTTTTTATTCCTAAAGGCGTGTGTGGAGAGTCTGCCGTGCCCCATAGTCCATTTCTAGAATTCCAACCGTTGGTTGCCGCCGGTTAATTTACGTGCTAGTGTGGTATACAGATGCCGTAAACTATACTATGTAACCTCTCTCGCGAGTTCCAGCTCGCATATGGCTTTAAATCTACCGTCGTAACCGCATCATTTAAAACTTAGGATTCTCGTCTAGGTCTCCTGATATCGCCACAAGGATGTGTGCACAAATTCGTACCCGGGAAAAAAAGATCGACGGGGAGCATCGATCATAGCGGCGAGATCCCTTCTGTGCAACAGGCAACGCTCGCGTGTTAATTGGGAAGGGGTCTGGCCTTGGGTTTGTAGAAGTTATTCGCCAGTGCCAATCAACTAGTGCCTCAAAAGCGTAGCGCAGCACGTGAGGGCAAAGGACGCTTTGTAGACATCCGCCAGTGTTGCCGAATCAGAATGCACCAAGTGTCCGGCTTGAGTATAAGTTCCATACCTAGATTACTCAGCGCACATCCATGTTCAGGATGTCGAGCCAAACTTGCAATCTAAGGCAGTAGCACTCAAACAGGATGGGTACAATCATAGGACTAATCCTCCTACACAAAACCCATTCCTTGCTTAGAATAGACTTAGAGCTCGTACCTAGCCACTCGTGCTTACGACGCCATGGGGGAAGATTCTACACTACTCTCGGTTCAGCGCGCCGTGCTCATGGAGAACAGGCAGAGGCATGAAGAAAGTCCTCAATTTCGTGAACCAGTGTTATCCCTTCTATCGAGTGGCCATACGGTGGTTGGGGAGTGTGGAATAGATAACAG,1480,49.53,Arabidopsis thaliana
SEQ_580465,CCCGCTTTCTCGAAACGGAAGTTAGTGTGGTCATGTTATATCACTGCGGACGAGATGGTGTCGAGACTTCGTATATGGCACAGTCTGGAGGAGCACGTGCTATTACCGCGACAAGAACCATCAATAGCACGATTGCATCGAAGGTCAAGGTATGAGTAGAGGCTACTGGTGAGGAATTTTATGGTACTCGTCTATGACTGCCCATTACCCGAGGCATAACTTTGAGGAGCTAATCATTAATACAGTAGCTCAGCCGCTTAATGGAGGTTAAGTTTTCCCGTCTTATCCGGTCAGAAGTTTTTCCCGCCTCGTTAACCTTATGTACGTCCAGTACCGATAGGGCCATGAGATGACGCCTCGCTGGCAACGTTCTCCCTTATGGCATACATGTGACCACATTGGACTGGTGGGACTGTCGGGGGTTCGATTCATCCGTAATTTCTGTAAAGTTGTCCAGTATGAGCTTAATTGCCGGGGTCGTTGATGGGCAGGGTCAAGAGGCTAGTCCCAATCGGACTGGTTATGCCCAAACATCCCCTAGACAAATAGACATATAGGGGCCTAGTACCGAATTACTGGCTCATTCGTTCCAGTTAGCGTCACGTGGGCACGGCCGCAAGTCCCCTTTCTGCAGCCCTATGGCATCCTAGTTTGAGTGCGTTTTTATGTACTTGTGGCTTTACGACCGCTACGCTGAGTAGTGCCGGTGGAGGCCACGTTAGTAGTCTAACTTGCGCGACGAGAACCACTTTCATACGGTCCACCATATGTACAGGCCTACCGTTCCGATAGAGTCGCTGATCAGCGGTCCGTGCAGAATTAACAAACGAAATTTACGCTTATATGGTTGACGAATTCCAAGATTCGGTTATACGGAAACCTATGTGGGTGTTCTGCCCGTATGGATAAAGCGCTCTCCGAAACGGGAATTGCCGGCTCGGAGCCAACGGCTCCATATATCCGCTATCGCAAAACAAGGCAATATTACATTTCGGGCTGTGTAATTGGGCAACCAGCGCGGAGCAGGCCAGCTGATGCGCATGTTAGATTTCCTCTACCTATTCGGGAGCTTAAAAACCCTGTAAGCTTGAAAATTTAAAAGAGGGGTGAAAACCCGGAAAGTTCTACAACCGCGGGGCGGAGATTTTAGCCTATGAATCCTGGAGGTACACAGTAACTGCTGAGAACCGAATATATTTTAAATAGGCAATAGTGGCGGTCTTAAATAGCGATCTTATCATCATATCACCAGTTTCTTCGTGACGAGGCCCCGCCCGCTACAGATTCCAATCAT,1294,48.76,Homo sapiens
SEQ_244578,ATTAGCCTCTACATGGGCGGCTAATGCTAACACGGGTAGCTAATGAGAGGACGAGAACTCAGGCCCGTGAGGATGCCACTCATCGTGCTACTCGGTTCCCTTGCTTCCAGCCGTGATACTGAAGGCCTAGTCAGCTAATATCGAAGATTAGACCACTAGCCTTCATCAGGGTCTGCGAAAAGGAGGGATTCGTTGGGGACAGCCGGGAAATTAAACACCTCGTTTGTAAACAGGCTCTTCGCAAGTAGCTGGTGCAAGGGTCCTATGAAGATGATGGACTGTACCGGCCTTGACATGCCCGCCCGTAAAGTACATCGATGCTGCGTGGTGCGTATCCCCATTTTTATGGAAGGCGAACGTGGGAATCTCGATACTTTTATAGCATATTTTTCTCCTGGCTATATCAGCCAGGGGTCCTACCGACAACTCCAGCAGGAGTTTCAACTGTCATTTACGACCTACGTCCCAAACTCACTGTATGGAATAGCAACATATGGTCGTGTTGCAATGAGTAATTGGCTACCATGTAACACGACTAAGAGATGCGTGCTATTGAGAGATTCCTGGTGGGTAGGATG,578,49.31,Homo sapiens
SEQ_458015,AACGTAATCTCACAGAGTATACGAGCTCCGCACAGGAAAGTGTGCCGAACGTGATATAGTCCGGACATCTATCCACGGTTTAAACAGAAAGTAATGTCGCCCTTGGTTCAGGCAAGACAGGTACGAGACGTGTTATGGTGAGCCAGATGCTTGACACTGAGGGATACGGTGTGCCGATCTACGGACCCGATATTTAAAATTGTTGTCCCCAAGAGCCTGCAGTCGGTCGGGTTCAAACCGATGTAAACGTAAACCTGCGCCCGTATGGAAGAAAATTTTGCAGCGCATCCCAAAAATCCAAACCAGGTGGTCAGTATAGAGGTATGGTTGACCAATCTGATCCAGACACTGACCGAATGCTCGATTTCTTATAGGTTCCTGCTCTGCACGAAACGCTTAATACCCAGCACGGTAAGAAAAGTGACTTTGGGCAACTGTTGATAGTCGCTTATTAAAGCCGACCACGATACTTCTGGCTATGGTCCTTGTTCGAAAACTATAGCAGAAAAGATTTACGGGAGTGTTATGCGCGGTATCTGTGTACAGGAAACGATCGGCGCCGAGGTGGTTGTGTGACGATCTAGTTGAGCTTCCTTGACGTCTGCCAAGATCGGTCCGTATTCGGTGCATGTCCGCTGTTCTCATCCACCTGATGGATGTATAGTTTAGGAACCATCGAGATCCATTACATGTACGGCTTGGTTCAGGCACGTCATGGAAGACACTATCGCCATGGTAGTAATGTACCTGTCTATAATTTAGCACCTAATTCATCTTGCTTGATCAGGTCACCTTCGCCGGCCCCACGGATTCCTTTTCGCGTCGCCGAAGCAGTTATGCGTCTTAGGGGTCCTGCTCTTGGGCATTGGTCCTTTCAAAGTGATTACTGACCTCGGGCACTGGAGCACCGACGCCCCCTTAGATTTTCAAGAATCCTGAATTATGTGTAGGCTGTAGAGTTCGGAGTCTGACACTGACTCGGATATTTCTAGTACTAAATCCCATTCGGACGAGATTTCGACTTTAGAACAACCGCCTTTGAGGGCTCCAGGTGACGATTTCCTCGTACTTGCGCATTATGCCTTACCCACCAGGGGTGCACTCAGGTCTGCGGAAGCTAATCTACATGAGGTTAACTCGGCCCAGATTGAGTCGTACGCCATGCACCCGTTGCCGAATTGAAAGTGATAAACGTTTGGGAATATTGTGCAGTGTGACCATTATGATAAGAGCGCCCCGGTTTCGACGTCGGCCGCGACACGTTGCGGTTCCCAAAGTCTTTCTGGCTACCCCCCCAAACCGAGAGCGGGGTATCAAAGGTGTCCTCTCACGGCCAGCACATCATGCCATCGCG,1354,49.7,Drosophila melanogaster
SEQ_796456,CGCAGACGTAAGGGATTGCCATGCTAAGTCCGAAGCGATCAGGGTGTCCTTTTTATAAGACCAAATGATCATGTGTGGAAGTACCGCTGATGGTTTACAAGCACTACAACATGCGGGGTCTGTAAAGCATAGCTTGATACACCTTAGGAACAAGCTAGTGTGCTAATTCTAACCCTAAGTATGCCGGTAGGTTGCCCTGCCTAGCGGAAACCTGCTCACCAATGTCAGTCAGGTGGATGGAGTACGATTTTACACCAACCTGCCTGTACTAAGGGAACTAGTCAGCAACGTCAATCACGCGTTCAGCTGTCTCCGGGTCCGACCTTCCTTTGCCCTGGTTCTCGTCGTGCGCAACTGACGAATAGCATGGTTGTTTTTTATATCCGCGAGCCCGCCGGTTACACACTTTTCGCCGCGAAATTTACAGAATGTAGATTGGAGGATTTTTGACATCAGTACCGGGCCCGTAGGCAAGGATCGCGGGTGCTCCTATCGCGACGCCCCAATTCAAATAGGCGCACCCCAGGCATGCACATACATGTACTCGCCTACACCTGGCCTCGTAAGAGAAATTAGGGCCTGGGCACCGACTGGATTGCAGGACCACGACGCCAAACATAGAAGATTCTCCGCTGATTAGATAGGCAGAGAGTCCTCCAACTCCACCTCTCGGTCAACGTTTGGGTAGGCTATGAGCAGCAGGCAAGGCGCCCGGACGCGAAGTCCCTTGCGCCGATCTGGCTGCGTAGCATTGACGATTAGCACGCATCGAACCTAGTCGAACAAAAGTAACCCACTTCTGCCCGCGGTTTATTGCTGCGTACCAATGATTAGATGTCAAAGACTGCTGGGCGGTACTTTGTAGGGTCGTCTAAGTTTTAAACCGGTATGATCTATATCCCACTTTCCAGTTAGGTGGCGAGCTATGCGATTAAATCACGTTGTTGTGATTGATCTCTGCAATGCTCCGCTTGTTCTTCATACTACAAAGAGCTACTCCTAAGGGATTGGCCGATGTTTGAAACCGTTGCGTACCACATTTAATTGGTTGGGTAAGGCCAAGTTATTTGGTGGAGTCCGCATAACTCCCATCTCAGGATCCTTGCGGAGTATTGTCTGGGAAGTCATTAATACCAAACTACCAGTTGGAGGTCCAGCACCACGCAGAACCGATCCGTTGTTATTAAAGCAAGAACCTGAGTTTACTGCCTTTGGCTATATTCCTCGGATAATCTAACAGTATTCCTGATCTCAAAACAGTCGTGCGCGGTCTACGTTCGGTAAGGTAGCCTTAACTTTCCGCGGACATCGTATTGCGGCGGACTATACACGACCCGATGTCCGAATTTCTTAGGGCCGTCGCGCTTTTGTTTTGCTCATTTCGATCGCCGTCCTATTTAGCCCGAATCGCGGTTAGCTACCCGACCGAACCCCACTCGCGCTTTCACGCACGACAAATAAGTGTGCTTGGATAGTCCTTAAGTAAATCGGGCGGTGCCCTTTCGCCGCAATCATGGAACGGGATGCATGAAGCCATCTTCT,1542,50.19,Mus musculus
SEQ_416301,AAGTATCAAGTACATGCGGAGGCATCGGTGTCGGCGGGCTGAGACACCCCGCGCGATAAAACTCGCAAGCGTTTACCCAGCGGTGAGGAGGTCTCCAGGCATATTAAACAGTACCCTATGCGGCGCTCCTGGGGTGAGTAGTGTGGGGAGAAGGTTCCAAATTGACCGCCCCATGATCTGTATCTTCTCCTTACTGCACGAATCTTTGTGGACGACGTGGTCCTGAACTAGTAGAGAATCCGGTTAGATTTCGAATAAAAAACGTATAGTCTGTTCAACGAAGTATGCTATAAAATAAACTTAAACAACCCGGGCCCGGCATCTGCCGAACCATGTTATCAGAGGAGGTCGTGGGTCGGCGAAGATCTGGAAAGTATCAATTTTACGTTTCGCTTCAACGTCTATAGGCCCGTCCTGCATGTACGGGTCGCCGTGGACCTCCGTCCATCACATATTACCTGCACATATTTACACATAGAATGGCTGAACGGTCGAACAGCACTATCAAGGAAAATGAGAAGCTGATCTTGGTACTAAGCTTGAGGCCTCCCGTCTTATATCCGGGCCTCACCTGTTCGGGCCGCTCTGCATCCCGCGATCCTACGCAAACGCATGCACAGCAGTGGGATTAGGTACAGTTTCATAGTTAACCGGCTATCCTGCGTTGCGATAATCACCTCCCTTTCCTCCCGGCAGCATGATGCACTTGAGTCCCAGAGAGCGGGATTGTAGGAAAAACATAACTTTCCAGACCGAGTTTGAATCATCCGGTCCCTCCGGTTTTAGACGGAGACTGCCTCATCTAGTTTGTAACCTCTCCGGAACCCAGTGGATAACGGCCACTGCTGGTAT,852,50.7,Caenorhabditis elegans
SEQ_659423,TATGATTCGCTCCTAAATACCGGCCTAGCGTTTATTTCTGACCTCAAGTTAACAAGCGTACGAACTAGCATCAGACTAAGGCAGAGACACTGACCTCGACCTACTGGTCTTTCCTGTCCCTTTCCCGAGGATGAGACACTCATGGAGTGGCTGCCAACTCAACATCACTCGGTGATACTTTACGGTCCTCAAGCGCTAGTTTACGCGCTCGTATGGCCGATCGTAGTTGTGAGAACCTGGAGCGCGAATACTCGCCTAATCATACCAAGACGCCCCGAGCTTTCCTACGTTGTTGGTCGTGTCATATAACATACCCAAATACACCTGCGGTCGTTGCTAGCAATATACTACACACTTCAGAGGAGCCCCGTTCGCTAATGGCATAGAAAGATGCGTCCCAGCGTTGTTCCTGTCTATAACGTCGGAGCTATTACCACGATCCCCATTTGATACCTGACAAGACCTGATTGAGACCTCCGGCCGCCACCCTAACTTTCTTTGTGGACTACGCTTAAATTCACGATTACGGCTGATGCGCCCGTTGCACTCCCCGGGTTTGCTGGACTAATCCACTTACCAGATAACCTTTCTTCTTCATGCCACATGCTGGTGACTCGACACGCGATGACGCGACGACCGCTCATCACCGAAGCAGGCCGTGTCAGACCGGTTTAGGCTTAGCCTTGATACCCTATTGGGTCGTTACTTCGGCCGGTCCTGTGTACATAAAGTGGTACGTCACGTGCATTCTCGTCAGGGGACCGAAAAGCGGGGTGACTTATTTTAGCACTAGATTCATAGCCGGGGAATCTACGTGCGGCAAAGCCATTAGCTTATCTGATGAGTGGCTGCGCATAGGCGGCATTCCTCCGCCACGCTCTCCTCCCTCACAGAACGGACGGACTGCTAGTGCGGGGCGTAACGCGCCGCCAGTAGTCAAACTGCGAAACCTCCCCTCCCTTAGCTGGTGCGGATCAATCCTCGTCTCTAAAGTGCCAATCAGTTGGGTAATACAGAGAACCGTAAACTTAGTCTCACGTCTGCATGCAGACCGAGGTACGTGGGCGGAGTTTTAGGGCCAAAGGTTCTGACGTTACACGTTAGAATGGCTTAGGTGCGCGGTTCCAACCCCATTAGAGTGGTCCGTCAGTAAGCGAATTTTTAAATCGAGCCAGACCGGCGTGGAGCGCACCGTCGGCATTGGGCTTAGGGGCTATGCGCTTACCCCTCTCCTGCAGTTTGATTGCCCAACCCCGAACGTGCTCCCGGAAGTTTACTAGTCGGAGCCGGCATTCACCAGTGGCGCTTCCCTGCCTTGCTCAATTAACAGTCTTAGGTAGTTTCAGTGCGACCTGTCAGAGAGGTCAGGTGTTTTTTGACCCCGGCAGATCTCAAACTGCTAGACCTTGGCTTCTTGCTTTAAGAAACTCCGAAATAGATGGTACCAAATTGTATACAAGGGATTTATCGCGGCTCTTAAGTTGTTGTTCGAATGCGTTGACCTCAGGATTCGCACCCACACACCGTAAACAGGCGTATCTAGGTGCGTTGGCCCCTCACATTTGTCTCCCCAAGTCCCAAGCCTCAGACAATTGCCATATGAATTTAAAGCCGCAGGCTATCCTAGAGTCTAGTTACGCCGAGTTAGAAAAATGGGCTTGGTTACCGCTCCGTGTTCAGCACCGCGGGACCCTTGGGGTAAATACCAGTCCTAGTTGCTTCCTGACCAAGGGCCTGTTACTCGCAGTGGAAAGCTCTTACATCCGCTACAAGTCACGTCCGCCTGCGAGGCATCTTTTAGTGGCCCGGCACTGTTGTCCAGCGCAGTCATTCCGGTACGAAGTATGCGGTTACGGACGCGATCCAGCTAGCAATAAACTCCACTTCTCTTGACGACAAAGTGCAGAAGGGGGCAAGTAACGACATTTGACAGTAGAGGGCTTGATACTGTATTACAATTCGGCGCTTGGCGATAGCGCCTTGGACTTAGTGTATG,1996,52.0,Homo sapiens
SEQ_129341,TCACAACTCGATTTCCGACTGGCGCGCTTTTTCAAACTTCTAGCTCTAGAGGTCCGTGCGGGCCGATCCTGACTAATACATAGACCACTAACCTGGTCTGTAAAAATGCCATACTCATGGATGGTCGGAAGCGCCCCTGTGGCACGGTGATCATCACCAGACGCGCTGTGTTGTGGGCTCTCGCCGGGAAAAAGTATAAGGGCATAGACTGGTCGACAGGCGAGGAAAAGATAAGGAGACCCTTTCTAGATCAGAAAATTTACAACAACCCTTGTGTTGAGGCTGGTAGGGATTTCCTCCTTTTAGGCGAATTCTCACTGTGTTATACCCCG,332,50.0,Homo sapiens
SEQ_905104,CATGTGGGTCGCAGAGGGAATTGCCGCGGCTGTCGCCTTGGCACTAATTGGCCAAGTGCAAAGTATCGCAGCCACGAGTCTATACACGTTAGCATATAGAATAGCTGGTGGTAAAAGTCGCCTAGCTAGGTACATTCCCCTTAGGGTAAGTGAATTTTTACATGCGTAGGAGTGCATGGACTATTTCGCCACAGCTTCTCGGAGGTCTACCAGAGAAGTTGTTGGAGCTAGATCCATAAACAGTATGTATGAAAAATTATGTAGAAGTGCGCGCTTGGTTGTAGACGGCCACACATTACCCTGTGCAGATACT,313,47.6,Arabidopsis thaliana
SEQ_570831,GCCAGAACGCCCAAATCAGTTGAGCTGCAAATGCTTATATTCGAGTAACCATTCGAACCCCCAAACAGGATCCCCTCCGTCCTTAATTTGGGAGACGAGGTACAGACCGTAATTAGGCTTCGTCCTTCCGCGCCCACCCTTGTAGAGTTTACTCGAAGTCTGTCAAAGGAGACTTGCGGGAGGTAAGATTCAAAAGATTAAATAGTGTGTTGTATATTAACGTATGGCGTATTACAAACAAAGCTCAGGTGTGTGCGCTTGGGGTGCATCCCGGCCAAAACTGTACCTGCCGGCCCTAGTTCAAAGGGCTTTCCCCATCTTTGAGAACCGGATACAGGCGCCGAAAACCTACGGACGCACAGTGACTAGGACACTTCTGAAGTTGCATCTAAGTAGGTTTTTTCAGGCTAGCTAGCGAGTTGAATTCCTGGAGGATTCGACCCGCAACCAGTTAGAGTATGTCAAAAGGATTCGATTTAGACGGGTTGTAAATTTAAGGCTCCAGGTGTCTTAGTTATGTTGAGACGGAACTTGGTATGCTGAGACGCCATGTAATCACCAGCTCACATGGACTATCTAAGCAGACCCTTGGGGTGGCTCACACCGGTTAATCGCGATATTGGACCGATCACGTTCAACGTTGCACGGGGTGATGTCTGGTAGCTACACTCGACTACGATCAAGGAATCGTAGTCCCGTACTGCCGCAGATTAACCCCGTCGGTTTCAGCAGCAGGCCATCCAGGGGTCGACCCCCTCCTTAATTCAAAAGGCATAGCCGATAACTGTATCTTCCCGCCACTAC,804,49.5,Arabidopsis thaliana
SEQ_827293,TCTCCGTGATCCGTGGCTCTAGCCTCACGATGTCACATCCATAGACGGTGTCCTTGTGTCCTACTAAGTCCTGGAGCGAGCAGTATTCACGAGAGACAGGTGCATTGATACTAAGACTTCATTCGGAGTTCGATTCTAAAAAAGTAACCAGGGTCGTTCACTGGAACCTTAACTCCACCAGAGGCGAAGGGACCCGATGATGCAGAGCCTAAATGGTAGGCATCAGTGTCCGGATTATGTTAGCGCGTTGGAACGCAACGCTAGCGGTGTGAAATGATATCTCCTTCGCAGCCTCAAGATGGAGATGTCCAATTTAAGGCCGTGGGTTACCTTGCGCGCAATTAGTTCCGAAGCCTGGTTGGAAACGATCAGCGCATCCGAATCCTCACTAATGTGAGCACCACAAACTCAGACGAGTTGCGGTGTCAGGTAACGCAGACCCACCATAGTGGCAATTATACCCGACGTTACTTCAGAGGGAGGGTAGAGATAATGGCTAGATTGAACCGCCTCAAGACACCTATGCGTGTGCGGGCGGCCAAGCATGCAGAAGGCGAGCCTAACAATCTCATTGCCGGGTCGCTCCCGCCCGCACCTAGTTGCTTGGGAAATTCGCGACGGTTAGATAGAATTGCATACGGGGGTGTAGTAATGTTGTGTGAGGGTGTTCACTGGGCGAGTGTAAGTGACTGATTGATAAGGTACCTCCAGCCAAGAAAAATATGTTGATCGATCCCCGTTCGAATCAAAAACTAATATTAAGGGAACTGGGCGTCGCAGAGTAGTAATTCGCCCGCAGCCAATGCGGTGCAGGATACAAGTGTCTACTGATGATACTAGAGTTAGGTCCGAACTTTAGGACGTATCTCTTGCCCACCAATCGAGGCTGGAGGTTCTGACCCTCTATTCTATGTCTGGTAGTTTTAACTGCGGGGATATCATAAGCGGGTTTTTTTTGTCCCTGCATCACGACGGTGCCGTTTTGTTCCGAGCCGCACTTCATACGGCGTAGACGAGCTGGTGTGACACTAGACCCGACGAGGGTCGCCTGCGTACCCCGCGCTAGTAATTT,1072,50.93,Escherichia coli
SEQ_195522,CCCAGAGACATCACCTAGCTATAAAGGAAATCTCGCATACATAGCTGTGGCAAGAGCTGCTCGTTTGATGCGACCAGGGAGATGGCGTCGACAAGTCATATTGTAGAACTTAGATGCTCCAATTGAGTGGCGATTCAGAAAAGCGGTCGCCAACAATACGAGCTTCGTCTCGCTCATGTCCGTTCACTACTTTGGGATGGATGTAGTCCAGTATACGGACAGATTGAATGTTCTATTTCAGATTGTCTAAGGGATGAAAGGAGCGTCTACGGGAAACTATCGCCTACGTATACATTGCAATACGTCAGGTAATAAGTCAGAAGTTCCGGGTCACTCGGGCGTAAGTAGAGTTCTGCAGTCGATGCTGAGTTCCAGCTCATACCGTGTTCGGAGCACAACCATATAATGACAAGATCACGGCTATTTTACGGTGTTCTTTGGCGCTCACGGTCCGGACCGAACACGGTGTTTGTAGATGCCCGTTACCGTGCTGGCGGGCGCCGAAACGTAATAACCACTCTGTCGTTTAGTTCCCCCCACGTGACTCGTTGTAAGTGCTGGCAGCCCTGATGCGCACCGCCCGAGTCGCCCCGTAGTTGCCGGCTGGAAATAAAAGGAAGGGTGCATAATTCTCTGAGTCACGACTGGCGGTGCAGACTCGGTTGAGATGAAAAGGCTATGCCTATCCCCCTTAATAGGCTGGTCAGCCGAACCACCATTATATGCAGCATACCGATCTTGAGGTAATACTGGAGGAGTAAAGGGGGATTCTCTTACACTAAACTCTGTTCTTTTGGACGGCCATGAATCAAGGCAAATCTTGTCTACGTAACGATTTAACTCTCGCGATCGCGGACCAGTTCAGAGGTTACCACGGGACCATTGGCTTGGGATTTTTAGTTCACCGGCCCGCAGATATTAGTCTCTGGCATCGCGCTCCTTGGACATTATTAAATTTGAACCGACCAGCTATCAACTTTTCCCTAAAGAGAGTTGCTACCACCAAATGGTTCAGCAGGAGTCGTTGCAGACGTTATCGGGCAATTATTTGCCGAGTTTCGGCAGGTTTGGAATAGCTCTGTTAAGGGTACAACAACGCTACCCGCCGCGTCTGGACTCTAATAAGCCGATCGGGAGTTCGCGCTCGGTGACTCAATGTCGGCTCGTTCTATGGTGACCCGGGTGACACTAGGAATCAAATAGGATACCCTCGCGAACTGGGTGTCTACACCTAGCTAGCGTCTGCACTTTGTGTGAACATGGGAGAAGGGTATACCGTTGGGGCCTACAACTATTTAGCATTTGAAAATTACCGCATCTCGCCCGGCGCCGTACCGCTAGTAGGGTGGAGGTGTGATCCTGATTCTTAGAAGCAAGAGTCAACAACTTAGCCTCCCCTGCATCGCTCAGCGTGCCGAGGTTAACGACCCGGCAGGAAGTATACGACCTGCCTAGGGGGGACATAGGTCGCGCTGTGGTAATAGTCGCGCACGGCCTGGCCCAAGGTAATGAAAGATGGGATGTGCGATTTTACGCTGCTCGAACCCGTACGAGTTAAACATGTAGAGTGATCGTATTGGCGCTCCCATCTGCCCTAAACCACCATCTGCACGTGGGGGCGCGGCTGTGGTTGGTAGATATGAACTTTTAGGCACGCGGTCCGGTTGGAATGAACACCGATTGATCCTGGTACTATCTACATCTCTTAAACATAGCTGGACAGTGTTGCGGGAGCTGGTAGTGAGAGCGTACTGTGACATTGTGCGCGCACCGCGCTGACCGTTCCGTGCCTACTTGTTCTATAACGGCTGTT,1813,51.08,Arabidopsis thaliana
SEQ_581788,GGCCTCGTGCCCAGCACGTGCTTGGTCGATGTGGCCCGGCGGTATTCGCATGCAGCCACTCCTAACCTAAAGCCTGGGGGATACCTAGGATAAGAACAGGAGAGATACGAGGAAGCTACAAGAACAAAGGCCCGTACACTGGGCTCTAACACTACGTTGCCGATAATCTTTCGGAGTTATCGTCATTGACCTTAAATGTGCGAACAGAGACCGTGCCATTGTAAACTGTAACTATCAGGTACAATAACTAATCTATCGGCCCCATTTAAGAAAGGGTCGGGGAGGATCCCCAAGAAGTCTGCTCCATGCAGCAGGTCGCACAATGTACGACGGTATGAGGCAGCACTCTGATCTGCACAAAAGCTATTACGGACTCACTCATCTTGAGAACCATGTCCATTTACTCGTGGGGCTGTCGCGGAGGTTTGCTGCAACGCACGGAGATAGCCTCTTCATTTGATCGCGATCGCAATGGGAATAGAGGTGACACAGGTTATCCTGGTGTACGTTCAACGCCAGGTCGGCTTCTACATGATCATACCGAGGATAGCGATAAAGCCCCCTATCTATTAGGCTGCTCGACTATTGATCCAAGGAGTTCAGAAATATATAAGCAGTAATGGTTGCACGAAGTCACCCAAGGAGATGAAA,651,49.62,Homo sapiens
SEQ_263772,CGCTTGGTTCTGTATGGTTAGTAAGTCCCTGTAATCTTATGAAGTATCGGAGTACAGCCATGTATAAAAGTCCTCGCGGTGACAGCTTTTCCTTAACGCACTCATTGCATACAATGGACACCCTGTTGGGCAAACGCTAGCCAAAGCGAGGTGGCAAATCTATGGTCAAAGCATTATCCATGAAAGAGTACTTAGTCCGCCAACCTTGTGCCGTTCTCCATGGGTCGCAGCGCGGGCCGACTGTGACGTTGTACGCTCATCTCAAGTTGAAGCTCGACTGACATTCCGGCCATCTATACAATCAATCTTGTTTACGAAGACCATCCCCTCAAGCGCTGGCCCGGCTCAGCGAGTTGCTAAGTGATATCCTCGATTACTAGCAAGTCTTAGGCTGTTCGATGAGGAGCGTAACACACTGACTCCTCGCTGATGGTCTATGATTTCGACGCGGGAAATCTTCTATTGTAGGCAAAAATTTAAGCCCTTCTGGCACACTTGAGATAACCTTTCTTACCAAAACGGCTTAAGCGGACGCGATCAGTAACACTAGATCTCTTTTTGTAAGATGGGATACGAGCAGTTGCCATTGTCAGGTCAGCGTCGGGTTAGATAGTCGGTCTCTGTGACTCCCTCATCCCCTGTCTCAGGAACGACTTGCTGTGAGACGCCGTGCTGGGAAGGTGGCAATTATCTGCAAGCCAGAATGTTAAGAGCTAGGTAACGCTCACAAACCGTACTCCTAATCAGATGCCTAATCTCGTGAACGGTGATCGTCAATAAGCCGTGTATACTGACCTGATCACGGCGAGCACGGCACGGCACCTAAGCTGCGGCTAGTGGACCAACTCGCAATTGCAGACGTGTAAGATAGGGCTATTTATGCGCTATCGTAATCTGTACGGGATGCGTTCAGGGCAACTTTCCGCGCTGGTCGGAAGACCAACCCCTTAGCTCAGTTTCGATGTACAGACAAGTAATGTCGATATCACGGGGCGTTTACGTATATACAACTCCAGCGTGGCGCGGGGCTGTCCAAATCGAATATCTGGGCCAGAGATCCGCGACTGCCACCCTCCAGGGAATTTCATGGACGAGCCGGGAAGGCTTAGTTGACGCACGGCTTTGGGTAGAGATTAAGTGGCTGCAAGCTACCCACCAGGGAGTCATGCGAGGATCATCAACGATAGCCACATCAAGCAGGGGTTGCAGCTCTAGGATGTACGGTGCCTTCGGGTCTTCATTCGTCTGATCTGTGCGTGATCAGTGATGGGGTCGTAACGTATCGATTACAACGTCCTTTCCGTGCCACCACTTGGGGATCTACCCTTGCGGGCCTTTCTTCTACCTTGCGTAACGTGCAGTGCGCGCCGCCAGTAGCAGTAGTATCCGTCAATGATTTGGGCTGGGATTCATTGCGCCAAGTCTACTCCAAAAACCTCAGCTGACCGAGAGACACCCGGCAACACCTGAGTGGCTTCCTGTCGGCGCCCTCCCCTTCGTGTTCTCGACTGGCTCTTATGACATGACCAATGAAGTGTTTCCAGGGATTTGTATGGTAACGGTGGAAAGCGCCAAACTCTG,1581,51.36,Homo sapiens
SEQ_207492,TCCGATCCCTAGCAACTGGCAGACAATGTTGGCTCAGCGCCAGTTTCTCATTTGGTTTCTGTGTGGCCGTGATCAGCAAATTATTGCGATATGTCGTCAACTGATCTTAGCCTGAACCCGTATCAGGCTGAGCACGAGTCGCGATCACATTAGACAACTGGAAGGATATGAACGGCGTAATGGGATTTCACAGACTTGCGTTCCCACCACGGTTTATCGGCTCGGACAGGCTCCCTTTGTATCGGTTAGACGTGACCCCACAGGACCGTACGAAAGGAAGTATCCAAGTTAAATTGGGTGTTACTAGGGGCGTATCAGATAGCGTATGATGTCTGCTCGAAACTCAAGGAATGGTAGTAGACTTGGACTGTGCTCGAGCACATTCGAGCATTGGGATCTGCACACTGGGCGATATATCTGCAGAGGTAGGCGGAGAGGAGTTGGTGATCAGGAGAGTTTCGATTACCACGAGAAGGAGAGCCACTGGTGAAGACTATCCGTATACGCTGTATAACTTCACACCACTATCTTTAAGTAACTGACCGAATTGTTGGCGGGCGCCACCCAAGTCACAGGATGCCGTGGTGTGCACATTGCAGTGGCGGGTTCTGCATGGGCAAACGCCTTGATTTCTATCATACTTGCTTCGGGTACCCTAACCTAGCTGAGGCAGTTCATTGGCGCCATATGTGCCATGAGGTTCCTTGTCTCATCTGTTTGTATGTAGGAACCAGACTCCGCGGCGGCGACTGAGACCAAATGAAAACAGCTCAGCAGACCGTAGTACACCTGTCGGACTACGTTTACATAACAGGACATCTATGCAACCCAGGTGCGTTTGATGATTTTCGACCCCATATGTTGGTTGGTATGAGCACGCACATGCCCGTGCGAACGATAGCTGATAGGTGACTGCGCGTCTACAGGACCAGAGAGTATGCTATGTGGTCAGCAGGGACCTCTCAATATAAGGCTTACCCCGTTGTACCTTTCCTCGCCTTGAGCAGCAAGGGATCACGACTACCAGCGCACAGAGTACATGAGACGGTGCAAGTCAAGCCCGGGGACGCGACCTTGGAACGCCCTCCTCCTAGTATGTAAGCCGTATATAAAGGGGTTGAGGGCTTCTCAGCAAAGGAAGACTTGTTATGGATCGACCGCACTGACCACAAGAACGCCCTGAAGCTGACGTTCATTTCCTTTTAATCAGAAACCCTCCCTAATGAAATAAGAATGAATTATTGTGCTCAGCTTGTACATTGTGATCCGGTATGGCTAGTTCGTATCCTTAGAAAGAGCCTATCCTCTGCTTGGACGCACCGATAGTTTTTAAGATTACGAATGAGACCCTACCACTATTACGTTCTTTTTTCCTGTAGAGTCGGCGGACTCACATAGCATCCTTACAAGTCACCCTTACTTCAGATCATCACTCAATCGTCCGACTTCGCGGGGTTGGGATAGAGACCTGGACAAGACTTCGAAGTCGTGTACGAAACACTCTAGAGATAAATCGGTAAACTGAGAGATTGTTTAAGATTCGTATTGGAGACAATGAGTGCAGCGCTAAGGGAGCA,1577,49.21,Escherichia coli
SEQ_920472,CCCGGCTCGCAGTACTCGGCCTGTGAAACCTTTGCACCAGTCAACAACAAGCGCTGAATTCTACTCACTGGTGGGGGGGTCGACCAAATGTAGTGTGTTCGTTAGTAGCGTAATGTAATCAATAGGACAGCTTGGAACAACGCTGAGTATCTGCCTTCCCCGTCAGTCCGATACCTTTCTTCACCGAAAATTGGGGCATGGTCCTAGTCTGATAGGGCAAAATACTACTTAAACGCATGCATGACTCCCTTGACAAGTAACAGTCGGGATCAGGGGCCTGGCCAACGCTTTCAACTTCCGTAATCCAATTCTAACTTCTGGGATCTGTCGTATATGCGAACTGAGGGAGTCTAGTATAACCAGACCCTAACGTAAGGTTCGTGGCGACCATGCGTTAAGGTAAACGCTTCGCACCGGAAGTGTCCTCCCCCTTTTCACTCGGAATTCCTTCCTCAGACAACGCGTTATACGGACGCCAGAAACCAACTTGTATCCCCAATTTGACGGAATTTCAAGCCATTGTTTAAAAGGCTCCCGTATATTATGCAAACTAAGGTTGGCGTGAAGGCACTATAACCTGTCTACATCAGCAGGTCGACGTGTCTCCTAGAAAACGTCTACAAATCGGGGTGCGTGCCACTTATGCGTCTAACTTTATGCGGTCTCCACAGTGGTTCCTGCGGAGGTTTGTTTAGGCCGCTAATTTCACACGCTCACCTAGGTATTATCAATCGGCCTTGCAAAGAACATAGACCCAAGTAAGTCTAGACGGCTACCTCTCCCGCCTATTTGTGATTATGCCAACCCCGCCCACGAAAGCAGCTAAATCGCTACGTCGTCGAACCGGAACCAACTCCCCATGCACCTACTAGTAAAAACGTCAGATTCCATGGAAGAACGCAGCACCAGAGCTAAGGCAGAACACCTCTTGGTTTAGTCACCAGGATAGGAGTTCTCCACCTGACTAACGCTACGCGTCATAAGGAGTTCCCATGGAGTCTCGTACGGCACCACCCAACGGGGACGTTAGTCTGTAATGTTCCAATCTTGCTGTCAAGAAGGGTTCGCTAACGACTATATCAGCCTGGGCGCTTTGGGGTAACTCAGGCAGTAAGATTTAAGGTGTCTCATATATAACCCGACTGAACAGCACTTTCCCTAGTGGGGTGCAATCCCGGAAGGCGCTATCTGGTGGTGTGATAAGATGGTGTTAGAATACAGGTGGCATTTCGAAAAGCCCTAGTCCCAAAAGCTTGCAGCGGATATAGGACAAAGAACGTGTCCGATCGACATACGAGTGTTAGAGACATGGACGTTTAATAACCATTTATAGCAAGCATGTTACTTGATCTCTATAAACTTCAAACGGTTTCATTGTGATGAAAACCTGAGCCAAAGGAAACAATTACGAAGATGCCACCACCCCTGAGTGCGCTAGCAGGCACGGGAAATAAACGGGTGACGAGAGATTATCGGTTCGCCGCGTCAGAACACTTGCGATTATCACAAACTCGTTCGCCATCAGATTAAACCTGCAGTAAGCCCATTTTCAGGAAGGCGGGTTACATGGCGCTCCTATTTTTCACTTTCTGAAATCTCGACTGTTAGATAATGGCCCCAAAGCTTCCAAGCCCGGCGAGCTGCAAGCCTATGCTGTCCTACGTGCCGCGGGGGGGTGCGCGAACGCCAACTGACATTGACGCTCAGTTGGGTCGGGGAGGCCATCGGTAAAGAGCTTTAAAGGTCTCTTGAAAATGCCATAGCTGTAAAGTCTCCTATGATGGTAATTAGACAGACTCGGCCATAAAGCACCGTTTGTGTGTGTGGCGGAGCTCTTGTGGATAGAAATTAGACTTCAAACTGGAGCATAACTCTGCGCAACCTCGTTCATGAGAGCGAGGGCCGTTGGGTCTTAACCGACAAGCTGAGTAAGTGGGTTGTTGCATTAATGGGGACGACAGAGC,1964,49.13,Homo sapiens
SEQ_877613,GTGGTGTCTTCCTCTCAAAATTAGTTTAGACTGGCACAGAGGGTGCAAAAACCATTATCTAGGCTCAA,68,42.65,Homo sapiens
SEQ_453482,ACGGCCGGACCCACATTATCCACTAAAGCATTGTACATTGATGGTCTTAAATGACCCAACTGGTCCCACTCCCCTAAACCACACATACGCTTCTCCGCATTACACCAACCATAGGGCATCTGGTAACCGCCGGAGTTATGGGATACGATGACCAAGATTGCACGGTAGTGTTCATTAAGCGTTAGGATTATCATGTCACGCTCATCTTAACGGGGGTCGAACCGGCAAGACTAGGCCTCAACGCGACAAGTACTCTCGTAAGACCAGCGTCAATTCTTGACGCTATGGGTTACGGCACTGGCATAGAGAGGAGGAAAATCTATTACGTACCGTTCAAAAGGAAGTCGGCCAGTCACTGGGTCGTAAATGGCGGAGCCTGTACCATATAATGAAGAA,396,48.99,Saccharomyces cerevisiae
SEQ_870346,CAAATCACGGAACCGCGCATAAGCGTCCATGAGACCCGAAACTCTATGCGGCGTAGTGAGAGCGAATTACAAGCTATCCAATTAATGGTACCGCTTTGGCCAGAATTCACCGAGCGAGACAAGTTGCAACGCCTAGCAGGGCGATTGATTGGCGCCTGTGTGCGATCTTCGCTTACCACCTACATCTATTTAGCTACTCAGCGATTTGTCCTTGCATGACGCATTAATATGATCGTTGTCTCCCTGATGCTCAAGCCGTGACAATGCTGTGTCGAAAATGTCGAGTGGATCACCATTAAACGTGGACCTTCCCCATAGGTGCAACCTACATCACAACTATAAAACAAAGAAGCACTATATAAAAAAGCGGAGCCCTCGAGGCCAATATTGGCACTCCACTAAGCTTTTATTTGTCCGGGGAATCGCCAATCATCGTAAACTGTCGGGCAGGCCGGCGGCACGGCCCACAAACGCTGACTCTGTATTTCGAACTCGGACTTAGACGGAACTCTAACCATAGCGCTCTATTTTGGAGCCAGACAAGCACTCTAGTTGATGTTGCAAATACAATACCAGACGTGGGAACAAGCGGGCACTCACAATTCAAAGGGCTTGCACTGTCATGCAGAGGAGCGGTCAAAGGAACACTTCAAGTACCGCGGATCACCTAGCGCTTCCAGAGTATCATCTCCGCGATCCATAACTCCTCGGCTACCCCACCCTTTTTGGATTTGCGTAAGTGTGTAGTACCGCGCCATCGAATACGAGATGTTGACCCGGCATGGTACTAAGCCTCACCCATGGTGGAGTACTGAGGGTCTATAATAGCTAATTTAGCTGCTCAAGTGAAACGCTGTGTCCACCCCTACGGCAGCCCGGAGCAGAAAACTTCCAACATATTGTGTAATTGCTTGACGCGCGTAGAAGGCGCCTGTACATGTCGTCATCGCATTATATTCGGTATGTGCTCTGCTTAGCAGGGATCACGGAACCGTCATTATGGGACACACAGTAGCAACTGTACTAGTTACTGAGCACATTATGTCTTCCTCATCTTTTCTGAGCTGGGTTAGAACGGCCCGCGAACCCATTTTACCCTCTGTCTCGAATTCATCCACTAGGATTAAGGGCTCTGCCGTGGTATTCGTTCTTTTTTAATCCGCAGGTCACGGGAGGCTCTGCATTGGGCCGCCCAAGTAAGCTAAGAGTAACCAATGCGCTGATGACTGAGAGAAGCAGGATAATCGCTCGGGGTGGGGGTGTCCGTCGCGCAGACGCATCTTCGGGAGCTCTATCGGAATTAGCAGGACCGCCTAGTAACGGTCTGCATTAATGGGGTTCGATGGTTTGGAGGAAAACGGACAGTCGCAACCTACACCTGTTGTGACTAGCCCTAGGCATGTCACATATTAGTCCATAGTGTGTGTTGGTACAAGTCTTATGAATAGAATATGATATAACTTGAAACGTGACATCAAGGAAGGAGCGATAGCATTTGTTGGTCGAGGTGCAAGATTGGGATGGGATG,1528,49.41,Homo sapiens
SEQ_903785,AGGCGGAGTAAGACAAGGCACAAAGCCCAAGTATTACCCGCCAGACCCCACTGGCACGAGTTGGCATTTGCGGATTTTAATATCCCTACGTGGGATGGATACCTTGATGGCCCGTAGATGTGAGAGGGCCGGCAGTATCGGTGGGTCATGGGGCGCAGGATTATGTCCCCCTAATCATCGCCGGTAATTAGCCTACTATCTGACGGCGTGAACGACTATCGCAACCCGCGCGTTCGGTCGCGATTGCTCCACTCCAAAATCCTGCGAATCGGCGACCGAACGTTGTAGGGCTTTCGCTCAACTTTGCGAATAAGATGTGTTTATTGTTTCCCAGGCTGATATTACACAAATAAACAAGCTGCCTATACTATATGCTGAGGACCGTTGTCAGGTCTCGCTATTTCGTGGATCTCGTGGTGATGTGTCTATGCAATATGACGGAACCTGGGCGGAGAATTAATACACAGGACGTTGGACGATTGTCAACACCAATGTAGTGGCAGGCTGATGGGAGTCAGCCGTCAGCGCTCGCTAGGTTGGCCGGTCAGTTGGCTATCGTAAAACTCCTGAAATATAATCTCCCGAAGGCCGTCCCTGGGCCATTCATGCTCCGAAGGCCTGCGGTTGATGGGGGGTCTGTTGGTTTAGATAACGATGGAGTTTATAAATCACGCGCCGCGCTTCAAGTAGGTGTGAACGTACGCTCCGCAGCGGCGGCTGGACTAATCCCAAATTAGAAAACGCCTCGACCGGTCACAGTCCGACATATAATTTACAACCGGATAATAGCTGACTAGGGTGAATTGGTGGACACCCTAATGTATGGTATTACGGCAAGATCGTCGACTCCTTGGACAGGCGATTAGCTTAACTAACTTAATCATCGGAGCTAGGTCTCGACTGGGTTTGAACACTGACACTATTGCCTCATTCCGTTCTAAGCTATAGCTATGGCACCCGGCTCAAGACTTGCTAAAATTGTCGTGTAACATTACTAT,998,50.3,Mus musculus
SEQ_252337,AGGGTTTCGTGTTGTGCGGCGATTTTCGATTTTGTCCAAATTCAGTCTTATCATACCTATGTCAATGGGTAGGTGCTCACAAAGAATTAGGAGTAAAGTTCAACGGTGTAGGCGGCCTGAAACTCGCCGCGCCGTACCGGACGCAGCTCCACATGTCCGTATGTTGTTATGGGACCTGCACGTATTGGCCGTCGATGTGCCATATTGAGCGACCATGAGAGATTCGACACTCTGTCACCTCGCCCAATCCTAAGTATTTGCTGCCCGCGAGAAGTTATCACTGTTTGACGTTTATTGGGGGAGCCCCGCATAGCAATGTTGTCCCACTATCATGGGGAGGTTTACGAGCAGTAGACTCATTACACCGATATATCGCCGTTGATAGAATACCAAGTATTGGATAATTAGAGCGGTAACGCGGGTACTGACTCATAGAGACATGTCTTAAGGTCAGACAGCTAACAATGTTTATGTATACTGACTGTCTTTCATTGAGACTATGCAGTCTGCCGTCTGAAGGGATGGGTCCTGAGATGGAATACAAATGACTGAAATTGGAGTGTAGTGGTTTGGTACAGGAAGTCCTCGCGATATGAGCTATGGTAGTTGTCACGGAACGTGAGCACATAGACCCAAACGGACAAGCGCATATCGCGATTGACGGGCGAGATGAGACCGAGGACTGCCTCGAGGGCCTTTGCCGGCATGCAGTTAGCTGTTCGGCTTCTATACGAATGACTTCAACCAAAGTAGAGCCAGGCAACACGTGGTGTGTCAGACGCCCAACGTCCTAAGAGAGATCCTTTCAGTAGGTACAGCGTAAAAATGAGGCCATTGAGGCGTGAACCCATCGAGCTGCTACGCCACTGCCAAACGGGGTAGGCTCATTCTTCTACCCAGACGCCGCAGAACATTTGCCAAGGCCATCAACTAAGGACCAAGTCCCATGCACAGATGCGCACATTAAGTTGACTCCTGGAAACCTGCCGCGTCGCGGAGAGACAAGTAGATAAATCTTAGGTAGTCTAGGTATAGCCACTCCGAAACAAACGCTCATGCGTGCTCACCGCGATCTGTTATCGTACTACACTGTAGGTGATACGTCGATACATAACTGCTTCTACGCTAATTGTGTGAGTCGCGATGTATTTTTGTGTACGCATTACGAACAGTTAGGCGGTACCGGCAAATTATACATCTCCTCAGGATGAATAATTAATCACTCACGGTCTCGGTGGTCTGCATGCTCCGATATACGGTTTATGACCGTTTGTTTTTAGGATGGAACCTAAAAGCACCTTCCTCGCGAGATCTGACCACACATAGATATTGAGATCAAACTCCCAGAGACGTCCGCTGCCCAAGGCAAGCTCAGGCTTATCAAGAACGTATTGTGGCCAGAAGTCTTTATGCCTTCAATCGGGCGGTGGCCCGGTACGTTCTCATAGCGTATATAGCCTTAAAGAGGAAAACTATTCCCGGTGGCCCAGACCGCGACGATATTACGGGGGCATTGAAACATAGCTGAATAGCCTACACTTATAGCCTCGACAGGCGTAGAGTAGCGACGCTATAAAC,1578,48.86,Escherichia coli
SEQ_820389,TCGGTCACCAAGATTCATCGCTTGTTGGTACACGATCTCCGGCCTGCCAAATGTGTGTCTAACGGTGCGGCATGAGTAGTAATAACCACTCTACACTATACGTCTATAAGTCTCGCTGTAACAACCCGTCTTTCGTACAACATCTTCTAATAGTAGCCATGGCAGTTTAATCCACTCTCCAGCATTAAACGCCTGCCATACAACAAGATCCTATGCGTAGTAATGCGCGTATCTTGCAACGAAGTCTGAGTTGTAGTATGCGCGTGCAACCACATCCGCTATACAATTAACATTAGTCGTGCAAATACGAAGGGATTAAGCGAGGCATAACACACGACACACGGGTCCAAGTTGTCTCCCCACCAAGCGTCGCGTCCGTATACAACCGCTGAGTAGGGCGTGCTGCTGCTATCGGTGGTGGAAGGTCGAAGAACGGATAAACTCTGAATGCGGTGAACACAGCAGATGCACCTAATCCGGGGCCATATCCCGGTGCGAATAGCAGGTTATGGAAGTTTACCTAGTACGTGGGATGCCATATTAATGTCCCGCCTCGGCAATCCCGGTTCGTACGGTAAACATTTTCGGTTTTCCAGCCGGGGTGATGACCAAATTGTTGGGAGAGCTGCCGGAGCGTAACCCTTACGTGTGCGTCGCATCGATATACACCTCGAGCTGGGCAGTGGACCACGAAAAAGAAAAGACCAGTTGGCCCTTGAACGGAGCAGTGCAACCTTCCACGAAAAGTTGCTAAGCGTTACCAACGTGCTCACCTTCGCTGAATTGACCTAGTGTTATGGCCGGATCGCCGAGTAATCTGGAATGTCGCACATTGCTAAGGCACACCATACTCCCCTACTCAGCCTTCAGATCTCGCAGAGAGGGATCGCATAGTTATCGGCGTACTCCTAGGGTACGTATGAAGAATTCGTACACAACCAGAGTCAGTCCCGAACTCTTCTCTTGCTAGGCCTGGTCCCCCCCCGATGGGTAGAACGGTGCGCTATCGACAGTTCTCCTACTCGGATCCCACGCGATAGCACCAATGCATATAACGGCAGATTCACTTTACATGGAACGGA,1082,50.74,Mus musculus
SEQ_836079,TTCGCGCTGTCGTTATGCCCCTCTGAGGATCGGATACCCAGTTAAGCTGTGGGTTCCAATTGGGTGAACCAACGGAAGATATTCGTTATGGGCATGTTCACAGTTGGGCAAACAGCGAGACGTTTGTACGGGATTCAATCAACCGTTCTCCTCACAGTCATGGCCAAAAGTACGCCTTAGAGAGGGTTTCTAGGACTGAGTTGAACTCCGCATCCATCTATACCTTGCGTGACACCATGGGACAGCAAGGTTATTACGGGTTCGCACGTCCAACTCTCGTAAATTTATGAGTTCGGAGTAACGTTTCAAGGAACTTAGGGCCCCTTAGGAAACACCTAGCATGTCAAGTTGTCTAGATCTGACATAGGCTTGTGAACCCTTCGAAAGACTCCACTAAGACAGGACAGATGAAACAATGGGAAGAGACGACCTGCTCTTATGAATCCATAAGGAAATCTAATATGCGGCCGACAGTAAGATAAAGATTACGCTGGTCACTCACCTGGTGCCATCGATTTCAAATCAGTCGGAAGATCGAGGAAACCGGTCCCGCATGTCCTCAAACGTCGATATAAATGGGGGTGTGGCACCGCTCGGAAAAGCTATCAGAAGTTTAAGTTACTACACGTCACCCGACTAGTGACGGCTATGAAAATACTTTTTCCGAATAAATATATTCCACGCCTTCTAGTCTTGAAAATACGGTAGGGCCCTTTCCTTTACCAGGTCTAACAGCGCATTGTCGGATAACTCTGCAACGAACTGCGTACCCCGTTAAATAGAGACCCGTGTACTCCGCATGTCAGGTCCTCGTGTATAAGCCAAGCTTTGCTTGACTTAACGCAAAAGGGCTGAGTGACTTGCAAATACGCAGGCATGCTTGGATGGATACGAGCATAACATCGCAGTGGCGTCACCACTCAA,924,47.51,Caenorhabditis elegans
SEQ_378672,CTAAAATTAAAAAATTTTAAAGGAAGCCTCGACTGAACTGTCCAATGAACACGATAAATGGCTCTAATGAACGCCCCGCTGAGGCTCACTATCTGTGTACTGCCGAGAAGTAGGCGGATTTTCATATACACAGACGCCCACCAGCCTGTTTCTCCTTCTGGCCCAAGCTGACACCCCTGGGGTAGCCCGGCTTCCGGAGAAACCTTGCCTGAGGTGCTCTCCTGGGATCCTTCAAAACTGTATTTGGTGTTCTGGCGATCATCTTGGCTGCAACTTAAGCGGCAGTGTGTGACTTTCTAACGAATCCTCCAACTCGAAAGTCCTCTTAGTTCTTTTCTCGTGACGTGACCGTAGGTCCATAAAGTACAACGATTTGATTAATCCTCTTATTGTAGAATTGATTGCATTTCTTAGCGGCGTCAAGGCTATCGGAAACAGTTCTAGCTCTTCCGCGATTCGCCATTTGGGTGAAAGCGCTGTACTTCCAATTCAGGTCTATTTACGCCCACATCGTCCCCAGATGAATCCGTGGATTTACTCACTTTAATGAAATCGTATACTCAACAATGAGAATTACGCTCTCAAAGGATTCCTCATTGCGCCAGTTATCAACATTCATTCCTGCGTTGGAAATCAAGGAGCGTAGAAATTGTAATTGAAATGAGGACCGTCCTCACTTTGCACTAACCACAACTAGGCGTGAGCCCCCAACGCTTTCACACTGAAACGTTCCGTGTAACTGAAACCGTTTAGTCGATGTATATTGCCGTTTTCCTGCTACGGATCCCCGACCTCAGTGTGCAGGCTTTGCCGAGAAGATCAGTCCACCAGGTTTTCAGTTTCGAAATTAGATGACTGAACAAACTGGGACGAATATCCAGATACTGAGATATTCGAAACGGCCGGCATGCTCATAGCATCCCGCCAAGCACTCTCCGATTGAGTAGGGGATGCCACTCCTCCACCAAACATGCGGTCAAACATGCGGTCGACTTCCTCCATGCGGCTGGTCTAGTACGCGTACTTCTGCAGGCAGAACCTGGCCCCCTGGAATTCGGTTCCTGGCAGTCGGTATCCTTCCAGGAGTAGAGGACCGGCCAGTTTTATACATTCGCTGCCCCGTGTACCGGCTTCGTGCGTGCGACATTGTTGTGCGTGTTTGCATCTATCCAAGCGGCTTTGCTACATCCGAGAGTCTTCACCACGGCGCTCTCGCTGACACCGCAAAGCCTCAGAAATAACGGAACGTGCCGTTTCTGATAGAAGGTAATAGAGCTAACTGTAGGGATAGCCTTCCGAGCTCAGTGGATTGGTTAAGCTCAATAGGCGTTGTTCTTATTAAACTCCCCTCTGGATATGATGAATTTCTACCCGGGTACCCAGACATTGATTCCAGGAAGAAGACGTGCAGGGAGGTCCGGATACTGCAAAGCTGGGCTTCCATTATCTTCTACTACTTACGAAGATACAGTGTTCGACCGGGGTAGTGGTTGGAAACACGGAGATGGTCCAATATGGCAGGTTTCTGCAGGCACATCGGTACCCTGGGAGTTAAACCGCAAACATAGTGAGAGGAACCTAGTCTATACGTTACCTCTAAATGTCCGCGGCGGAACGCTTCCAGGTATCATTAGTCTGTCAAACATGTTAATTGCTGAGCATGCTCGTACTCAAAACTAAGAAAAACGTCGCCCTGCGG,1699,48.68,Mus musculus
SEQ_390312,ACCGGCTTGGCATTAGTCCATTGTACGAGTTCCTTGAGTGGTCGAGGGTGCCAAGTCGCCTAAGTCGCTTTTGTCAGCCCTATCGGTGCACATTGGTAATTCTGTTCCCCCAGTACGGCGGATTGAATACAATCCTCCCCCTGTCCCGATTCATAGTGAGGAAATCAGAACGGCATTCGTATCAGTCGTCGAAAAGTCGGCGATGGTAGTCTAAAGTATTAATATACCAATTGTTCGCTGTCTCTGTGCAACTTATCCTAGCCCATTTATCCAGTTCCCTCTGCAATGGAACTTCTCTACTAGTTTTGCACGGACAGGGGCCACGGGTCGTTACCGGTTATGCGCGGGCTGGACGGACGGACACCAGTCATTTGCTCAATTCGGACCAGAATTTGACAGGTCGGAGCTCGCACATGTGTCGTAGAGGAAGAGGGTTATCTACTTCATGAAAAGGCGGAGCGCCCCAGGAATCGTATTTGTACGCCACGCATGGGTCGTGTTCCGAACAGAAAATGAGCAGCTAGACAGAAGCGTCGTTGTTAACACATTTGCTGGGATTTATCGGCGGCGACGTGTGTAGCTTGAGCCAGTTACATCTGATGAACAGGAAGCCGATAAAATACGAACAGGACCAATTGCGCTCCCGGGGTTCATGATTCTTCGGAGCGTCTGGCAAAGGGTAGGGTTATAAAGCTTTGCTTCTTCTAGCGAATGAGGTTGGGATATGAAACCATGGAGGCACACGTACGTTTAAGAGTTGCTGCTCCCACCTTGGCAAAAGCGTATCTAGCTAGGTGATACTGAATCGGGTGGCATCCCTCCTTGGTACAATAGCCAGCCTAGCTAGAGTCGGTTGTTATCGCAGTGGATCACGACGAGTTCGCGGTGGGAGCTGGGACTTAGAATGTGCCCCTTGTCGGCCCTGTTTGACAATCCGCGTAAGTGCCAGGACGTCTGTTCCCTTCGGCTGAAACTTACATCTAAGGACCAGGCTAGCGCGACGGATTGCGGGGGGGTACAGGGAAGTCTTCTGATGACGGGGCATTGCGTAGTGTGGCCAGTCTTGACTCGATCCCATAACTGTGTGTTTCTACTTATGGTATAGGCCCGACTCACATGTAATTTG,1126,51.07,Mus musculus
SEQ_604098,TAGCGTGTACCTTACCTGAGCCCACTGCTGGCTGCCCATATGGGCCGCCCTTGCTCGACAATTAGTTGGCCAATGCCCAGCGCGGTAATCATAAAATCCTGTACCACGACCCTCTGGCGAGCACCTGTATATGGATTGGGTCAAGAACACCGTCCAACAGACCTTCAACCATATTCTACTGCGTTATCTTTCGCCGTACACTACTGTCTTTGATCTAAGCTGCCTAGATTAACCCAGCCGGAGTGCAAGTGGGACGTAGCATCAGCTGGCAATGAAGACACTGGAGCCTTTGCCGGGTCCAGTCTCGCCCAGTAACCACGAACGATTCCAAAATACACGAAAAAATATGGGCCAGGTTCTTGCGGTACACATGTGTCTTGAGATGCATCAACCCGTCCAGAGCTCGAACTTTGCCTGTGCCTCAGTGCTGATCCGAAATCAGCACACGGTCATCGAAAAGATCTTTGGCCTAACTAGTCCGGATTCACAACGTGAAGGTAGGGATGTACTCGGATCAAGTAGCACTTAATCTTTAGCTTCCTTCGACCATAGAGTAGAGGGTTATACACGGCATTCGTGAAGTAGGAACTAACCAAAATCAACAACACGGCCCAGGGTTTCTGAGGTAAG,630,50.0,Escherichia coli
SEQ_256321,AATACCTCCTTCCCCTGTCTCACTACGACCCTCCGTATCTAGACCCCCTGCCCTTGCACGTCACTTTCCTGGTGAATCCTTATACGGGACCAATGCAGTTGGTGAACAAATTTCTTGCAGTATAAGTCTTGTTTGCGGTAATGAATCCTTGGATAGATTCGGTCGATGCCGCAAATGTTCAGATGTGAGATGTTTGTCCCTCTGGGCGCAGACGTCGGGGTGGACTGGCGCGAATATGCTGCCGGGTAGTGATCCGACAGTTGATTTAAATAGACCTCCACAGATTGCAGATCATACCTACGTCTAAATGTCCTGATCACGCGTAGCTCAACGAAATCACAGTCAAATAGACGCCCGCAATAGTCAACCCCGATCCCAACACCGGAACGGGCCTGCTCACACTTACGGGCCCAGAGTGATGTCGACTCAGACCTCACAGCCTGGTCCCCGCATAACGCTCAGAATCTGCCAGTTCGGTGTAGTCATGATACGATGTTAGTGCGCCATACCTCGTGTCCCGAGCAAGTAGCCCATACGTAATACTACCTACCACAAAAAAGGGGACACTGATGCTGGGCACTCCGGTTTGGCTTCTCGACTTTTGGGGCCGAATTAAGTTACCCCCTACAAGCACTCTGCTTTAATCAGTTATGACATTGCCGGCACTCGGTTACTTCCTCTATCAATATATAAGTGGTGGCCCCAACTGCGCATCGATTTCTCATATAACTGTCTAAAAACTGTGTCTCTGCGGTTTTACGGGAATTTTTGCCATTCGTTCTGTATACTGAGTGGGTTCTGACCTCGATGATAGAAATGCTCTAGTCCTGCCGTACGGCAAGCCGAGCATACTTACACAACAAATTTCGCAGTCAGTTCTACCATCCCATCTGGTGCGCGGCACAGCACTAAGTGAATTTGTTTCATATAATTACTCCGCGGAATTGTAAGTAACAATATGCGACCTTCTATAGATCCCTTTCGTACAGCACCGCGGACCCTTGTATCAGCGGTTATTTTGCTTAGGGGAATTCTGCGTGCGTAGGATAGACTGCTTGGTTCAGAAAATTATCCAGGAGTAGCGCGAACGCAAGTGGACATTCGGACCAATTCAGCTAGTTTGAGTGAGGGATACTTCTAGACCCATAATAAGTAATGTTAAGTCTATGGACTGGCGGACTTCAAGGTGGGCTCACGCTACAGATCGTGATACTCCCAACCAAGCAGCAGATAATTATCTGGTAGGGATTGAAAGAACGTCGGTTAGTATTAAGGGGACCCGTCGTCGGAGCGGAGGATTCTAAAGGCTTGTCAAAGTCACATTCTAGCAAAACTTCCACTTGCTCCTAATGATACAAGTCACTGGGAATTCTGC,1375,48.15,Arabidopsis thaliana
SEQ_536697,AGTGAGGTATCTGCTCCACCAGCGAGGAAACAGGCAGGCGGGATAAGCTACCCTCGTGCTTTAGGATTAGATAACTAAGAGGCTCGCCATAATATAGGAAGGCGTTTTGATCTTAGTCCCCTACATTGTGGTCGGACCGACTCCGTTGGAAGTAAAGGCGTGAATTTTTAATCTTCACAGGAGCTCGGGTCTCCGGCACCGCGGAGGCGAATCCCTTAAAGCATCGAAAGCCAATTGGAGATGCCGCAGTGAACAGGTCTGCAGTCGAGTGTAGATATCTTCAACGACTGACGTCAAGTACTAACAGGCAGCATACCACCGGTAATAATCTGGCCCTTGTTAGCAGCCTCGGCGCGGACGGTCTTTTGCGAAATTGGTTCGTCTGAGAGAGTCCTAGTGCGCCATTTGCAACCTGAAAACGCGTCCGGCATCGCTCCGGTAGAGCAATGGTACGTTTAAGCATCCCATGCGATTAGGGACTTTAATATAAGTGCGGACGTACCACATTTTATGTCATATTTAGAATGAGACCACTCAGGTGGGGCCATTACGCTAAGGGATTTCTACCAGATATCCGTGGGAATAAGTCTGGCCGGGTCCACAGGAAAACCCAACCACCTTAGCGATTGTACCCTATCCAAATCCAGTACCTTCCCCACCCGAGCTGGCATACAAAATCTTTACTCACTTAAATTGCTAACACAAGGAATTCCGGAATCCCGCGCCCACGGCGATAGGAAGTCTTCATCGACCTGGGGCCTTTCCTCATTTGTAAGGAGCAACTGCTGCACCCAATTAGATGGGTAAGACTTCTATGAGCAGAGATAACAAGTATCTGTCAATCCATATCGCGAAGCATAGTCTACCCTGGGGTTTGTACAGAGATCGTCTTCTGCGGGCAGGAGGCCTAATGTGGCCTCTCAGTATAACATTGAAAGTCTATAATCTCTGGCTTACCAGCCACCGCGGTGGGATATCCCGTTTTATGATCAAGTCTGATGTTTTACGAGTCTCGCACAATCCGATAATCCAGTAGGGGCACGTTGGACTAAAAGAGCACAAGAGACTGTTGCTCTCGCCGAGGAGCCGTTGTGGTGGTAGAAAGTATGCTGGGACTTTAGAGATAGGACATGCTGGTTTCG,1142,49.39,Drosophila melanogaster
SEQ_777066,GCCAGACTAGCCCCGGCTCTTAGGGCTCTAAAGCGAAGTTCTTTTGAGCTTAAGGAGATCCCTCTCGACTAGATATGAGAATTTGTGGAGGAATTCATGAATAATAACTATAATATTAGTCGGTCAGTATTGCAAGATGCGCTTTCCAAAGCGCATCGAATCTCGCGACTCGTAGGTTGATACCTCAGCATTGCAACCGGTGTCGGGTACACACCTTGACGAATGCTAGCCGGGTCCCGTGCCGACCGATCATGATCTTAATATCGCATGCGTCAGATCTAGAGCAGCGAGGTTAGTGCTCAGGTTGTCCGAGTGCGATCTTATTCCCTGCATAATCTCCTGGAGAGTCTGATGCCCGTACCCCGCTCCGATAAGAGAAAGTCTTGTTACGACGACGTCTACCACAATACGGGCGTGAACTTGCACATCCCATTTACCCCAGTAGTTCTTACGCCGAGGCTACGCGTTAGTCCGAACATGCTGTCAATCACATCCTGTCTACCGATTGGATGGCCTGCTAGTCAATCGGCTCGTAACGCTCTTGATGTGTGCCCAGACACTATATCCCTCTTTGCGAGATGTGGCACAGCTATATGTCATCGTAAGCTCCTAATATACACCTTGCGCCACTGTGTTACCCACCCCCTTGGTGTACATCTTATACAAGATGGAATGAGTTGCGACTACAGACCGTCTGTTCTCTCGCTTCAGTTCCGTCGTAGAACGTTCATGAGCTTGAAGTTACGCCCATTGAGACAGAAAACGATATTTATCTACTGAAGGCGTAGTGGGCAGTAACGCCGTACCGCGACGGTGTTGTTTTACTCGAAAGGTAAAGCCGTCACTGTTAACCCCGGTAGCTGGGGCGGACGGTTCTATTTA,882,49.43,Homo sapiens
SEQ_370232,GAAGCTCCCTGATGGAAGAGAACTGATTGGTATTACACACTATCGGGCATGCTCCAACTAATTCAATATACGAGAGGCTGGACACCAGTCCAACATTGAGGAGGTATTCGCGCCGCAGTAGTAAACCCTTTTAATAGTGCGGCGCTCTCAAGATCCAGGGCTCAAAAAGAGTTAGCTAGGTAAGACGAAAGAGTACAGAGGCAAGTTTTAGACCACCTACCTTCGTAAGTTACGTAAAACGTCTTCACGCTCTGCACCATGCTGGAGACTCCAGCTAACTACTCGCCAGAAACGTCGAGATGACTAGGTGTCTGGGATAACTAAATTCTGCAACTGGACATTGTGAGTGCCTCCTTTGGGTGGAATGGCTAGTGGGCCTTCCATTCTTGACACAGCTCACGATCACACTATAATAATGGGCCCTGTGCCTACCCCTACAACCCTTGTGGACGAATGTGGCTAGTCGTCTATTGCGAGAAATCATGCCAAGAAGGTCGCACGATCTGCGGTCCTCTGTACTCCGGTCAGCCGAATCGAGCACGCAGTCAAATTCCCGGAGGTGTTAGCAAGGTCTGGTCGGTCCGTGCCTAACATCACATTATGCCCTACAATCGGCCACATATGTGGATTCGGACCTATGACACCTCGCAATGTGTCCTTGTCAAGGGTTTACGTACTGTCATCGAACCATTCGAAAGGTCCCTACGTCGGGCCTAACCCGGCTTCCGTCAATCTCATAATACAGTAACGACCGCAGGCAACGAGACCAGTTTACATAACACTCCGTACAGCTATCTGCATCGCTCGAAAGGGTATAATTAGTTAGTTAACCCGCGCTCTGGAGTTCTCGGTTTGCCGTACACCTCCAAGTGGGCTTTTGACTGTACTTCCGGCTTCTGCGCTCGTCCATCTAAGTCGCCAATAACGTGCCTACGCGCTGTCACAAGATGCGCTCACAGATAG,963,50.16,Caenorhabditis elegans
SEQ_246778,CTGCACCCCCGAGGGGCGTGCTGGTTGACTATCAGGTCAATCCGTTGTGCGTAGGAACCGGTGCAGGCAAACATGGGCCTTCAAACACATCTTGCTGCGATAACATCCTGCCAGCGTCGGAAAGCTAAGCCTAGCTTGTGGCAGTCCACCGGGCTCGGTGTATCTCGATCAAGAACCTTTGCACTTCAACAATCATCGGCTTGTTTCCCAGCGATAGTTCGTGTCATCTCCTTAACAAATAGGCATCACCTCTTTTATGACGGAGGGGGTCTGGAACGCCATTCAAAGCTCCGATTCTGGTCCTACGGGAATGCAGGCCTTTTTCTGAGCTCAACCCTGTCTGTCGTTCAAGGGATTTGAATCACCCAGCGCGTCACCAACGCTTCAGGAACGTGATATGCTCCCCATGCATCTTGTCTGGCGCCTAATCCTACTACGCTTACTATGAAGGTGATCGTATGCACCCTGATTAGGGGGGTAGTATAAACGCGCGTATTTAGCAAAGGTCTTCGATTTTTAAACGCTAACTCGATGTCACTCCCCT,544,51.29,Escherichia coli
SEQ_864015,AAACTCGGGTCGCATTGAAAGTTCGGCGCACAATATTATGAGCAGTGTAGGACTCTACTCCTTTGGACTATCAATTCTTAAGTTTACGCCGGATAGTAGCGTGAGTATGCGTTTTGAGGTTTTACGCGCGCCCGACTGTTAACCATTGCGACATTGGGAGACGAGATTGTAACGACCTCCGAGGTTTCGGGACCGGCTACGGTCTTCGT,209,49.28,Drosophila melanogaster
SEQ_641450,GTCGGCCAACATCGGTTGTTTAGTCACGAGACGGCGAGTATCTTAAAAGCGGCGGAAACAACTCCACCTTGAGCCGAAAGACCATTACTGTAGACCTTAATGGCTTCCCGGGAAGACCATTGAGATAGCCTTACGGTCGATCCAAGCACCGATGAAGATCGCTGGTGGCTTAAAGCCATAGAAATAGTACGTCGCAGATAGCGTCCTAAAGTGTACAGCCCCACACGGGAACAACATGGGTTTTAGAATCTGGCTAAAGATTCTCGCTAAATCGTCCCCCGTAGAAGCATAGCTTGCGAATATACAAGGGTTCGGGACCGTCGAATCCCTAACCGTACTGTTCATCTCTTGTGTATTTGAACTGTGCAACTTCACATGATATAAATTACAATACTGACGAGCCATGTATATTGAAGGTAGACAATGCCCTCGACCGTGCACTTATCTTCCATATGCAGTGGCAGTTTGCACGCCCGCCACTTATTAGCATGGTCAGGAAGACGGAAACGTCGCCTGATGGAACCTATGTAAAGGAGGTTACCTTACCCAATTCCACATACCGTCACGGAATTTAATTTGGCGATGCCATTGTGGTCTATGGTTGCGGTACTTGCTAAATGCAGTATCACTGCATTCAAGCGCCGGTCAAAACCGGAGCTGGGGCTATTGTGTTCACTCCCCGTATTGCACTCCCTACCAAGTTTCGGACGGCACTTTTATGTAATGCTTGTGCAATAATTAAAAACCCGTTCTTGTATGGGTGGTGTCACTAGATACCCCACCAACATTTGGCCTGGCTGATTTAGATCCTTTCACTCCGGCGCCATCTACGCCTAAATTCTTAATCCGCCGTTGTGAACTCATAGCTTTAATCATCAGGCTTGAGGGGATAACGTCGCACCTGGAGTACGTTCCTGGGAAGTAAAGGCAACTACACGAAGAATATGCGTCGCAGAGTCATCCTTGTCACCTCTTTGAAGAAAGTCTAGGGGCATGTTAGAGCTCCAGTAAGGCATCAAACGGTCTTATGAAGGAGCAACTATTTCCACGTCAACCCGTTTCGAGGCTCAGTATGCCTGCCGCAACACTGCTGCTAGGGTTTAGCCATGCTGCGCCGACCGACCCGGGTTCGCTGTCTCACGACGGTGGGTAGGCCCTTGAGTAGTCGCTCTTTGTGCGACCAATCCCATCGAAGAACATGCGTTATCTCCAACACTGTAGAACCTGTTTGCTAGATAATCGGCCTAATGAAAACTGAACGCAATGTGCCATACTCGCGCTCAATCCGCAATTAAGGTTCGCACACCCAGGGCGTTGTTGTAGTTTTCAGCATACACTCTGTGCCAAGGATTTAACAAGATGCCATTGGCTGGTAGGACCCTCCCAGGGAAGTTCTTTAGTATGCACATTGACTGCGAACATGGCAAAGGCGGTCTAGTGTGCTATGAGCTCAATACGACATGAATTGATGGGCCTTAGATCTGACAGGAGAGGCTCTGAAATACTTGCTAGAGTAA,1517,48.38,Saccharomyces cerevisiae
SEQ_624525,ACGTTCAGCCAGAGGGTTTGGTCACCTTTACCCCAACTCCCGCATCCTCCGTGCCCACGTATTAATGAATATCGGGTATAGTTGTTACAATGATACTTCCAGCCGCTAGAGTAACTGCTTATTTAGAGCCACTACAAACCTTCCATGCTTACGCCACTAGCAAGGATCCTGCCGCCGGCGGTGTTCCTACCACTATATCTGACGACATAATCGAAATAAGTTTATACGTACAGCCGGTACTAGAGTTAAACCCCAGGAAAACATCATCTGTATCTCCGATTTCAACATTGGCGTAGCAGCTGTTTGTAAAGTGTCCGCAGGTCATATCCCCTGAACTGCACATGGGAGCGCTTGCCAGCTCGGGTTGAAGCCTGAAGGTCCCGTGGGTCGCATGGGCTCAGGCTTACGGGGACTTGGCTGTAACTTGTATGCGGGCTCGGACTGAATTGGCAGAAGAGTGAGAATTCAGAGACACCTTCGCGGCAGGGACCGTAAGAACTTGGCCAGGACGTGGTGCCCAGCACACTGTAGCCCAGCGGGGTAAGTCGGGCAAACAGAGACCACAGGTGTGGGCGGGGTTCACGTAGGAGATGATAATACTACATGGCAAAAGAAGGTGGCAGGCGTAGAACGGCGTGAGTATTTGAGTATAGGAGGTGCCCAGACTGTTGAGAAGTCAAGTCAAACCGTCCTGCACGAGCTTGAGCCGAGTGTGAGGGAACCTCTGTTAAATAGTGCGGGTCGGGAATTGCAACACTACGGGGACAGAAGACTAATCTTGGTGGGTCCTTAACTCAACAACTAGGGTCCACGATTGCGGAATTCTCGTCGGTAACACGCCCTGTCAGTCAGCTTAAGTGTGCATAGAGTCAGCGGCTTCGCCTCGGCTCGAAATCGACAACAACAGAGATCCAAGAATAAGAATAACCTGAAAAGTCACAAAGGCAACCCGCCTTTGGTCCCTGTGTAGGGGCCTTAACTTGGTTGCAATCATCCTTTTACCTAGCGGTAATGCACCGCTTCCGGCTCTCATAGACCCATGTCCCTATGATGGCTATTCCGGCCAGGTACAGAATCCGCTGCAAGCGTATAACACTGCATGGGTGTTTCAGTCTCGCTACCACCTCAAAGTCATATGTCCGGTCAAACGGACCAAAGCCGCGCAGAGAGCCATACCCAGTCTGCATCCTTACTGCATGTTCCACCGAACGAAATAGAAGGTCGTACGGCAAAGAAGTTCCTCTTGGGGGCCGACGGTGAGCGTGCAAAACATCGACCGACTGCAGACGAGGTTTCGGCCACTCTGCTCCCTCTAGTAGCATCTGTATTGCGAGCGGTTGCATGGCATTCTCTGAAGTGCGCAACGTATGCCATAATGTGATGCCCCCGCAC,1392,52.16,Drosophila melanogaster
SEQ_487471,CAGCTCCGAACAAGTCAGGGAAAGTCGTCGTTATAATGCCACGACCGAGAATGGCTTTCTCCCACTGATCGGGACCTTGCCGTGCTTACCTCTAGCGCCCCGTTATCACTGATAAGCAGCCTTCTCCCGATAAGAAGGTGTCATCCGCGGTGGCGCTGAACGACCTATTGAGAAATTCTGCACATGAAGTACATGAAGCCGGACGCAATGAGGTAGTTCGTGGTATCGCAAGTGCGGAGCAGCCTTCAGCTCCGCATAGGGCGGTCCTCGCTACTGGTAAGAGCGTTGCAAGTTGTATCCACAATCCTATGAGAACAGAAAAGCGCGCTAAAAGCGCTGCTTACTATCATTCTCTCTGATCCCATGGTTTAGCCGAATCTTAGCACTAGTCTCGTTAGTAGATAATGCCGCCTCCAACCGCCAGTCCAACAGTAACTGAAAACTTCTAGCGATCTCGAAACTAATCGAGACTAACTACGTAATTAAGGTCTAGGGAAATTGTTTAATACTTAACCGCCGGTACGCCTAGATCTGTAGACAGGCGCCCATCGTATATGCCAAGGTGGGCACTCTGGCCGGAGGAAGGGTGTCGGAGGACTACGATCGCCCGCCGACAAAAGCCTATAACGGGCCGGGTGCCATTTGCAGGCGTCAGGTCCCCTGTCCTGATACAATTGTGACCTAACCTTGATGAGGAGGGTCATGTCGGGGAAAAACTGGTCGAAGAATATTTACCTCCTCCGTTATGTGTGCCCTTGAGGCGTACGCATCGCTACTTTTCCGTCCGATGTAGCTAAGCGACACATTAAGCCCCCGCGTCCGACCGCGGCCGCGTGGAACCATAATACCAAAAAATCGAGGAGATGGTAATACCCTCCATCGCTCTCGAGCTGGGGCATCGTCGAACATAATTAAATTTCTTCACAAACTGCGGCCACCAATCGCCGGCTATTAAGTGTAAGACGGATGAAAAGAGACTCCGCGGAGCAATCTGTTTGCACTGATGCTAACAAACCGCTATCTATACGAAGTCTATCGGAATAGTAACCGTAGCTATTCCATTACGTCTAGATATACCGCAGAGAAGCCCGTAGAAGAGAAGTATCGTGTAGGCTCGCCTTAAGGCATGCTCCAAAGCAGGTAGAATGCATAAATTATACACATGACCACATTTGGGTGGATCGGTACAGAGTCGGGTCTTGTAGTGGCTTTTCCGTGCCATTCGCACTCCAACCCAAGGCGGGTTTCTTCAGCTAATATTGCCACTATTGCCGATCGGATGTACTGTACTTTTTTCTTGTTTCTCTGAAACATATACTCAGTATCCCATGCAGTGTAGTAACTCTTGACTGTCTTAGAGGGGTCAGATGTTCCTTCTTTGCTGAGTCCGACAAAAGTCATCTAGACGTGCCCGACAAACGGAACATGCACACGCCAGCCGGCACCGTTCGACAACTGGTTCCCAAGCGGATATTTCGTATCGTGTGTGTTGGCGATGCCACCAATTCCCTGCCTATGTATCAAGTGGCTTGCATTGATCCCACTGTTTAAATCCGCAGTAGCTCCAGGAATCGTCAACGCACTCACTGAGCACGTATGCCTCACATCAGCTCCCGAGTGTACTCTCAGTATTCATTGGCACCCACACTCTACGAGCTAGGCCTCATACTCCAACGATCCAGATTTCGGTTGCCTGAACACCCGTTTGTAATGGCAGGCTGTTAGACATTAAGGCCAGTGAGCTGCCCACGGCACCACTGTCAAGTCTAAGGGCTGCATGGGTGTCTATATCCGTCGATCTTTGACTTTGTATAACTAATTCTAGCCCGGGCCTTATCGGCAACCAGGCTACCACACCGGGACCCGCGCGAGAAGCCAAAGTGAGTTAGTATCGTGGTCTCGCAAAATGAAGACCAGCAATTTGATAGTCCGATCCGCAATGATTGCTTTCGCGCTAGAATGTTCGTCGCATCCT,1975,50.18,Saccharomyces cerevisiae
SEQ_343141,TGGTAGTAACCCACCACTGCACCCGGTGGCCCTACGAGTCACACCTACCGATTCGCGGCGTGGCATACGTCTAGACGACATGAATT,86,56.98,Arabidopsis thaliana
SEQ_809858,TGGTGTCTAGATGGTGCCCACCACTGGGCATGCAAGACTAGGGTACCTTTAAAAACGAAGGGCCCAAGGCGGATTTCCGGGCACCCTAATGCAAGCGATCTTCTGCAGATCAGAAGTGATCGTCTCATCGTCAGTCTATGCAGTGCAAGGTGGCTTACCCGCTCACTTTCATTGGCGGTTGTCGTGGACCAAGGCGGTGACTCGGGACGTCCGCCCCACTGAACTCTAATGCCCTGCGAAGTCCGTGCGCACACTTCGACACGAAAAGTCACAATTTTTAGGGCTGGCTCCAAGCCCGTAATAGCACCCAGCGTAACAGCAAAAATTAGCGACTTTACGCCAGCCAAGATCATATCAGATCGTCCTACCTACTACTTTGCTATGTTCAATGCAAGACTGAAGCGTTCTAGACGCAAAAAGGGGATATACCGGATATTTGCTTGCCTATGGGAATACTTCCCCCCTAACTGGTCGACACACCGGGTACTCGTCCTCAGGGACACGAGATTTACAGTCTCACACTGCATGAGACCAACACGAGTTCTAGGAGTGTGTTGAGCACGAACCCGCAATACAGTAGGCGTTCAACGAGTCGCAGACCGCATCTAAAGGAGGAGTGCCATTGGATGGATTTTAAACAGGTCACGAAGCAAGGTGTGGACGATGCGTTTGGGCAAGGTTGGTCGTGTAAGAAAATAGCTCCTCAGACGTAAGTATTTATCACTAGGCACCCGTCACGAACGACACTACATTTAGTCGTTGGGGATCACGGAAAGGCCTCGCACGATTCTCCTCAGGGGCTCATCGTTCCCTCCCCAGTGACATTCATTTGAGCCATAATCGCAACGAAGGTCGGACCTGTGCGTGACGTTAGCCCACAAAATGAGGTGCGCGGGAAGAAAGTCCGCTTGAGAGAGCGGTTTGTAATTGAAGTTCAATCTTCAGGGTACTTTGGACTGACTAGGACATTACGCATGATAAGCGATGACGTCACGCTATCCAACCGAAAATGGCTGAGTGAGCTGTTCAGTCGGAGCATCGTGCTTACTGCCGCTCCTTTGGAGTTCAACGACTAATTTGTAGCACAGGACACACTGACCTCATGTGGCCACAATACTCGGGAAACACGTCGAAGACAGCTACGATCCGGCCATGTCTCGGGGTTTCCTACGAACCCTTAGTCCGATCGTAACGAAATTTGTCTAAGGGGGGGCTGGCCTTAAACTAGAATGCGCGCGGCATCATTGTGCCGCCGCGGACCGCACACGAACCCAACGGTCTCCCAAGTGTAGTTTCCTGCCGCGGGGACCAAGCAACCGTGAACTCGACTCGTTAGGGCATCCCGAGACGTATCTGAACCGCATCACGGTGATCTTGTTGGGCCTCAACAAATCCACCGGATCGCATCCTGTAGCGCTGCCGTTTGGTCAGCACCGGGACTGCGTAACTCAAGGAAGCTAATTGGTGTATCTCCGATGCTCGGTATGTACCTCCATTCCACAAGCTATTCAGGTGTCCCCCAACTTTAACTAAGGCCATTATGGTGCCCACCTGTCAGGGAGACGCGGCGAGATAGGAGGAACCGTTTAGGGCGTTTGGGTACATGATGGAGAGCCTTGTGTCGACGCGAATCGC,1635,52.48,Caenorhabditis elegans
SEQ_535386,GGTCATCCAACGAGAAGGGACACCAGGGGGAATTATTGATGAAGGTACATAAGCGGTAATTCTCCCTCCATTCGCATCTTATCCTTCGCAACAGGATGCCGGTATCTCATCACTAGTCCATGTGACTTTTCTACCAAGAAAGGGGTCCATCTCCGTGTCACCTAGAGTCGAGTATAATGTGGGTCAAGGACTTGATGATATCAAGGAGGGGTAGCCTGTACTCGTCTGCTATACCCTGAAAGTATGGCGTTAACAAAATTTATCAACTAAGCGAACCATGTAACAATGCATGTACTAAACATTAGCTCCTTTACGTGATGGCTTTTTAATACCGTGGACCGAGAATTGACCAGTCCTACTTAATGAAAATTAGACGACTTGATGCCGTTAGGATCGAATCATCCCGATAGTGGATCAGGTTAGTCGTAAGACTACATGAGCCACGTATGCATTCGACGGATTGACCCCAATTAAAATGGAGTATGGAAATCGGTCTACGCGGAAAGGAATCAGACACATCACTTAGATCATTTGACGGTCAGGAAGCAATTTTGAAGGGCACTGGATGGTTAAGACGAACATTCATAGACAGACAGCATCCTACTTGATCGTTGGAGGGTGAGTTTAGATTAGTAGAAGCAAAAAAACTCAGCTGGATCATAGAGAAAAGACACGTTTGGTCCAGGGTCGGATAGGCTGATAGCACCCCCATCCTTGTGCGCTCGCGGATACCACTAGGCGCTACCTGCGCACATCACCCGTAGGTATCCAGGAAGGACATCTAACCACTAGAATGAGCTGTTCTTGATCGGCCGCAGGGCGAACTTATTAAGTGGAATATATGTGTGCCATCTAATAGTTTAGCGTATGCGTCAATTACCCTTACTCCGGGTACAGGCTATGAGGTCG,909,45.76,Drosophila melanogaster
SEQ_463597,CGGATCCGCCCCCTGGTCATGCTAGGAATTCCCGGCGTCGGAACTATCTCAGTTAATCACGCCAAACATAAAACCTCAAGCAGTACGTTAACCTGGGTTGTTTCTGTCACGTCGCGTATATATCAGTCTTGATTGTATCGAGCACGAAATTAAATGTCCCATGGCGCTGCTAAGTTCAGGGTCAGATGTCATGATTTGCCATGGGAGTGAGTTGTCCTTCGAGCTTATCCGATGGAACAGCGTATGATCTATGTGCGGAAGAGCATTCGCTGCACCCACGATCACCATACTGGTGGATCTACTACTAGCTATTAAAACCTCACGGTTCGATTATCCTCCGTTCTGCAGCAACTTTTCCGACACCCCTAGATGTTTTCCATCTTCCTCCACAGCAGCCGTCTCCTGTGACCTCGAGCAGGCATTTACGTGAACTTGCGAGACTGCTCGGCATATACTAGCGATGCAATACTTCACTTTTTTCCAGATCTAACTGCGTGGTGGCTCTGATTAACCAGAGACGACACGCTTTTGGCTCACACCATTTTCCTAATAAAACGAAATCTCGGAGGAGGGACCACACATACCACAAATTTCAGCGCCCATAACCCGGAAACATAGACTTCTCATCTGTGAAAACGGCGGGGTCTGTTTAGAAGCACATCCGGTATATAATTGCGACGTGGGTTTGTGCGGATCAAGTCCCGTTGACGCTGCGGACTCCAACACTGTAAGTTGTTGGCTTGTTCGCATTCTTTTTCTAACTGAGATGGAATAGGTAGCCAGTCGAGACGCAATATTACGCCCTTGTTGCCGCAGGACCCGCCAGCATCC,831,48.86,Escherichia coli
SEQ_387862,AGAGCCCTGGAGTATCACTAAATAGTATTCTTTAAAGAAGAGGACCATCGATAATCCGGTTAAAACAAGACCGACACGCCGCGGAGTGGGGGAGGTCGCCCTGAGTGAAAGCTGCACACACTCAAAGCTAAAAAGCCGTGCCAGCCAGGTGCGTCGCGGGGGCCGGTATCCTGGAGTGCGCCACTTGCCAAATGAGCCATCGAGTACCCAAGTCTTATGACTTGTAAAATAGCCCATTTCCCTCCCGGTAGCCGCCGCTCTAGTCGAAGACTATTTCCGGAGCTAATCTCAAATAAAGAATATTATGATAAACGCGTCTTGCCTTTTCATTCCCGCAAGCGCCTTTACTATCCTTCTCTCTACCTGGGCCCCAACTGAGTTACTGGGTCGAACATTAACCGGAGTAGACTTATGCGATGGCTAAGGCTAGCCGCAGGACGACAGTAATGAACTGCACGAACCCCCTGGAACGAATTAGGATTTAGCGAATCCCTAGACTATCGAGGATAGACATCGACGCCCGTGTCTCCACTGGACTTTGAGCTTCGATCTGCCTATTCCAGGCGCGCATATTAGTTTAGCGTCTTAACAATATACGTTCTCCCCTCAACAGCACGTGACCACAGACATAAAGGCATATATTTCGAATTAGTGCGTCTCCTAACCTAATTGATTACGCCATTGGAGCTGGTGATCAAAATCCGTACGAGAACACTCACCTTCGCCTTCTTGTGCCGCCA,740,49.59,Escherichia coli
SEQ_939936,TACCTAATCCCCTGAGAGCAAGCGTAGAGATGTTTGGTCTGGCCCGTCGTTTTGTCCGCACTGGGCCGCAGCAGGGTTAAGGCAACATAGGCTGCAGGCCCATCGTTTCGATGGCGTTACTACTATAGAGGTAGCAACATGGTATGCGGTTTTGCTTGAACGAGCGGGGAGGCGGCGATATGGAGTAAAGGTGAACAAGGTGATTAACCGGATCACAGCCATGGGGCGTCTCACCTACATACTTCTGTATGAAGGTAGGTCCGATGCTTGCCAACTTAACGTACTTATTTTTCTAGACGGAACTATTATGAGACCGTCACTTTCTGCTCAGTTTCCACAGGTGCTCTGGCCGCGGCGGGACGTCTTATGACGTATAATCGCGGTCACGTGGCATTTACTGTACGACAACTGGCGGCCCAAAGCGGCATTCAATCATGTAGTGGTCTCGACCCGAAGGCTCTATGCCGAGAAGTTACCCAGACCAAGGATGTGCACACGACTATTCAGCATGGCGCCCCGGGCTTTTTTCTGTGTATCCCTGGGGCGTGATTCCAAAACCCTCCTTACATTAAAAGAAACCCGGGGAGTTTTATACTGCCCCTCTGCGCGCCGGATCGTCTAGGGATACCTTGGGAGGCACTGGAATCCGCCGAGACGTTTGTAAAGATCTCAAAGGATCCAACACGATCCTCCTAGCACACCGAGATGGCGTGGAACTCTATCTGGCGCACGTCCTCAAGCTGGTTTCCACACCTACGACTGTTTACGGCACGGACAGTCGCCCGGCCCTAGCTTCCAGTGATGGGCCGATGTATATCTCGCGCAGACGCAAATCCAGAGGCTGGAGCTCTATTTTAATTCAGAAGCGCCCAGGAGGTCTCTCGAGTACTCGAATCAAAATTTGTGTCTCGCGCCTGAGAATGGACTGGAATAATGAAGCCCCATATCAGTCGAGGACCATCTAGTTCTTAGAGTTACACGCTCGTACACAATCGTATGACTATCCGAAGACGACTATATAGATAATAAAAAACCAGCTCGAAGTACTATCCTAGTAATAATAGTAACCGTATTTATAAATCACTCCTTCGGAAATGAGCAAACCCATGTCATAAACTAATCAAAACTTGTCCATGCCTGCAGTCGCTTACAGTCCTCAGGGACATCATCGTCACGCAAAAGAGCGA,1187,50.21,Caenorhabditis elegans
SEQ_918145,CTATTTCATACACTGGCCACTTGGGCGGGAGTCCCGGGGGAAATTGTCTGCTTCTGCCAGCCACGAATTACGGCGACACTAAATCTTAGTCGTGCAGACACGCCGCCAATAAGCTTTGTATGTCCTCCACGCATATGATGCGCATCCCTAAAGACGCCGACTCTTATCACGATGAGTAAGGACTGACAGGACTACGAACAGCGTCCGGAACGGACCCCTGGGATACAGGCGGCCCTCTGCTACGTAGTGCGTCTACTTGAGAACTCGGATCAGCTGCGTCCTTGACATGATACCGTCAATCCGCGAAATACTAGTAGGCCGAATCAACAAACATGCTCTTCTCAGGGGCACCACTGAGCACTACCTTTGAAGAGAAGCCCTTCTCGAAAGGGAATAATTATAGTCCTCCGGGATGTTGCGAATCGTAGTTATATCTGCGCGGCGCGTTAAAGACGTCAATCCGACTCCAAGATCCTCTGAGCAATATAGACTATCTGGGGTCTGCACGAAAGGCTGACTAGCCGTCGCCATCACGTGACGATGCTTTCGACAACCCGCTATAAGTCGTTTAGATGCAAATACGGCCTGCCTGTCATTTAGTTATCAAGGAGCCATGCATGGCTTAATGAGTCAAATCTACGAATTGCCAATATAATCTAATACCTAGAGCTTGGACCCTAGGTACGATCGCTTGTTTTAATTATCGACGTCGTCCAATGTTCTACCAGTGCGGAAAGCGAACATTAGCGAGGATGGTAGAGGCGCGCTTTAGGCTGGCTAGCTGACTTCACACTCGCGAACACCATCGACATTCCCGGAAATCCGCCCCGGAGCTCTTACCCAGTGAGAATGTATCCCCGGAGGCCTAAGGGGTGTCACCAACCCGGTGTCGCATCATATAAGGACGGTCGTCTCCAGACCAGCCAGATTTGGGTCACCCTCCGGATTGAGTGAAATGCTGGGATAAACCGCGACAAGGGCTAATAAGAGAATCCAGGTATCAAAACTGCAACCACGGCATTCTGCCAGACATACGATTATATGGTGCGGTATATATAACGGGCATCTACGTAGGCTCATCATTGCACTTAAATTTGGGCTGTATCCCCGCAGCGCATCCAGATCGCCCATCTCAAGAAGTCGGAGACGATGAACCTACGGCCTAACGCCCTAAACAAGCTCGTGGAGAGCGCCATG,1197,51.04,Caenorhabditis elegans
SEQ_918346,AGTTCATAAAAAGAATCGGATAGCGGCACTACTTGAACGAGCTCATCATGATCTGGTTCAGCAGTCCGAAGGGCATGGCAGCCTCTCGCACTCATCCGTTCGATGTCAAACTGCTCCATAGGTCCGCAGCTTGCCATGACCGCGTATCAGTACAAGACAATTTTAGGCATCATATGAGTGACTTTTCATCCTTCGAGCATAGCCCGCAAGTCGGGCATGGCACGATTCTTTTCTCTCCCCTGCGCGGGTATATGCCTGGATGATGTACTGTTTCTTATGGTATCAGACGAGGTTCGTTTGTCTGCTCTCGGCCGTATCGTTTCCGTGATCCGAGTATATGGTGATGTATCTTCTAACTCTAGAAAGGTACACGGAGTTGCGCCAGCTATAGACAAGCTCGCGCAACACTGTGAAGCGTCCGTATTTCATTTCTTCCCTCAGGCTACATTACGAACCAGTATTAGGCAGGCACCTTTACCTTCGGCAGGAATCTATTTTCCAGTGACGATAATTGAACGGTCATCTAATTAGTAGCATACTATGATGGTCACTTACGTACTCGATTCACCAAGCAGGCAATCGCACTTTAGGGCTCTAAGAGGTAACCCGGCGAGGGAGAAAGCCTGTGAATGATCACTTTTTTGCCACGTAGTCCGGAGCATCTTTGCGAGAGCTAACAAACAACCAGGGACGCGGCTGTTTGGTCAGGAGACAACGTTTACAGTGGATTGGTAAGTCGGTAGGGTCAATCAGCTCGTCAGCTCTTAAATCCCGATTCGGACACCTACGGTCGCCTAACTCATTATAAAGTGTCCTTACGAAAAGGTACTGATACTGACGTATAGAAGGTCGGGCTATAATATGAGCGCGTTGCTAACAGAAAGTAGGTGATTTAATCTAGTGCAACCTCCGTACCAATTGGGGGGAGAATAACCTTGTGGTCGGTCGCATGAGCTGTTGCCCGGTCCGTGAAGGGTGAACTATTTTTGCATACGACAGATCTCCCCGAGATGAGGCAGGTAGACGTGTTGGAGTGTATCCGGACGCCAGCGTTCTAGCTGTCGTATTCCAAGGTTGGCCCGTGAGACCGGTTTCTTCGAACATTGGTCACTGAGTTTTTTTCCGGGCTCTCACATAAGTAAGGCTCTACTTAGTCAGTTGTATCCAGTCTAAAGCGCTCGATCGCCCCAGCGATACGCTTTACGCAGATAGTTAGAGACGTCCCCATCGCCAGGGAGCTGCAGGTAGCTATCGCTCTTGACAATTCAACCCGTCTGTCGAGCACCCGGTTTAGGTCACGCGGATTCCGTTTGTAAAAAGACGTGAAGTTTTGATCGGAAG,1341,49.07,Saccharomyces cerevisiae
SEQ_262679,TGGCCTCGGGTGTTAGGGCGCTGACATCGGGCGAACCGTCGGTCACCGACGGATCACTTCCGGATCGGGGCTCGCAAGAGAAAACCGAGAACCTTACGTTTGACCCAGGCACGTACCCAGCAGACGGCATCATGCTCAGTCGTATCGGCGTCCCTCCCCATGTTGAGGCTGACTATTAGCGATAAAGGGGTTCTACCGAAATAGTACACAACAATAATCTCATGTATTCATCTTAACGTTTTGCTTATGTCGTCGCGAGTGTACATGCTGAAGACGGCCACGTGGATTCCTCTGACGGTTGACCTATCCCCCCATACACCCCAGAACAAAGTTTACCCATCTAACCGGTACCTAGTGATATACCATTTATCACACATTGTCTACGGTAGCCGGATAACTAATCTACGTCGCACTTTCGTAACATTGCAAAGGGCGCACCAAAAGGTGTCCTATTCAACCTTAGGCCGTCGTGTTGATGACCAGAGCCATAACACACTAGGTAAGCCATTCTCCTAGTCCTGTGCGAACTACTCCATTCGTGAAAGCGCGAGGAGCGGAATTGCCATCCGGCTGTTGTGTGGCGGGGAGGTGACAGCAGTCAAGTTGACCGCATGCTCCTCATCGCGCCTTCAGGATGCATGTTTACATTACTGCCATCGATACGGAGCTGGATACTACCGTCGCAACCATACATCAATCGGTGTGGCCCCGGTGATCCCGACCTCGAGAAAATCAGTCGTAAGTTATAGATATGCGTTATTCTAGCTTATAATTCATCCGCCCCAACCCGTTCTGGTTAAATGGTTTATTAGCTACGCTAAGTACATGCCTTGCGAAAAAGTCGCGTGCCTCCTGGAAAACCACGGCGGCTGTCCGTAGGACCGTGCACCTAACGAGCTCCCGGCTTCACAGAAGAAACTGACGACCACCTTTAACCATGCTCACTTAGGGGGGTCTTTCCAGTTATGCTATGAGACCTTGCCCCATAGGCAGGCTGTAGACAACAATTATATAAATTCCTGGCCCAAGGAACTGAGACTAACAAGCCTACATGTTCACTGGTCCCGGCTACTTCTACTGGGAGGATTTCGGAGAGATAGAGTGCTAACTATTTGTCTTAGGTCCACCGCTATTTGAAGTTTATTGTAAATACTAAGTTTCTCCCAGTGAACAATTCCAGCCTGACACGATTCATTAAGAACGTGCTAATCGTTTAAACCAGAAAGAATATCACATGGATCCTTGTGTTATTTCCTAGCCGATAGCCTCACCGTTCGAGTAGCACTTTCAGAGGTAGGAGGGTAAACCACCTCGATCGCGGAGAGAGTTACGAAAGTCTAGGTTGATGTGCGTTCGTTAATTATTACTTACGAAGCCGCTGTCGCCTGGTTAAAGACGACTATGTTTAGCTGGTGGGTCCTGGCGCCCTCGACGGGTTGAGGATGCATGACAACTGCACAACACCGGTCACTTACTTCTCACTAGGCCTAAATGGCATTATTCTTAGAACATTAGAGCTGTAAAGCATATTCGAATGTGTAGGAGCAGTCGCGCCTCTCCACCGATTCTCCCTTACTGAAGGAAGTCGCGTGCGTCTAACACAACCGAAAGCTGTAGGAGGCACGCTTGATGATAACTCAGTATTATTGCTTCAGCTGGTGATCCCTATGCGTGACAGGCTAGGGTATCTCAAGGTAGGCACTTCGAGTACCCCTTGCGAACGATCGCCTGGGGTATTGCGCCACGTCCGGGCAGTATCTCCGTATTACCGGTAGGCCGGCTGTTAAGACATTATCAGCGTAAACGACAGTCGCTTTATACCCTAAGCTCGTAGGTTGGTACGGAGTTCGTGAACCATGGACAGACGCAGACGCAGAGGGGCGCGGTGATCGGGCCTCTGATTGACTCTTGGGTGCGTAACCCGAATAGACTAATTTACGCTGTCTGCTTCTGGTTGAGTAGTAGGGCCTGCAACTAACCTGACATGTTCCCCT,1994,49.95,Arabidopsis thaliana
SEQ_705413,CTTGACATTTCGTAGCACGATAATTCCACGGTTTGCATGTGGATTATGGACCAGTTGAGATGGGGATGGATGACGGTGGTAGTAAGTTGCTGCTTTAGCACTGACACATGTCACGGAAAAACCAGAGTCGCACCAACATTGGTCGGGGAGTCGTTGAGTCGAAGTCCGGACAATGGGAGAGAATCAAGCACGTTACGGGCATACGTGGGCGACTCAGAAGGGGAGGTCGGGTGTACCTTCCTACAATACGATGATTGTCATTCTGCAAAACACGGACGTGAAGTATGCAACGCCATGGCAGATTCATCTTCGCGTTTATCTTACAGGAACCGCAGACCAAACAGAGGGTAATGTAATGGTCGAATGCAACCCGCCAGCCACAGCTACCGCGTCGCTGGCCGATGATATAAGCGCAAGACAAGGTATAGATTATCATGCTGTAGTGCTGCACACGCTAGACGCTTGCCGTGGAGGGCGCTCGCGGCATCCGACTCTCGCTTGGAACGGGGATTAAGTGTTAGCTACCTGCGAAGGTCCTCGGCCATTAAAAACAGCAGTGATGCCACGTTTTGAAGAAGTCCCAGGTTATGGTAATAACTCGGAATACACAAGGCCAGCCTCTTCCGATTTGCCTAGCGGCCCCTCAGTACAGAGCTCCTATGTTAACCTGGACTGGAACTGATCCAACCACCAAAAGTGTGCCGGCTTGAAACCTTAGAATCGGGACTTCATTAGGTTCGGTATCCAGGTAATAACGGTTCTAGTCGAGGGGATATGAATTACTATATGGAGGGCTTTCCGATTATACAGATGGGAACCGTACCTGTCGGGTTAATAGTGATTCTCGCGGGGTCTTGCGCGATGACTGGCTCGGGAGTATCCAAGTACTAAACCTGAACAGGGGCACTAGTGTAAAGCTTCATAACCAGAGGTGATTCTTGGCCATAATGCCTCCGTATATGAAGTTGCACTTTGCGTGAAACACAACCAACAAGAAAATACTGATTAGCAAGGAAAGCTGCATGAGA,1028,49.51,Escherichia coli
SEQ_961967,TCCTGAGTTTACCACATTTACGTATACAAAATCTGGTTTCAACTTCAAATCCATAAGCCTACTAGGCTCAGGGGTCTAACATCTAGCACCACTGGAGCTCTGTTTAAACCTCGGTGCAACGGTTCCGCAGGTGATCGTCAACACAAGACGGTCGGGGCGATTCATAAAAGAGTCACGTGCGCCGTCACATTCTCCTTACATAAACGCTTGGCTATCACTGTCTTATCCTGTACACGCAGGTTGTTATTACGTAGTTCCTAAGACCGCGAAGAGCTGGCACAGTGTATACCTGTCGACGTCTTCTGATAGCCTCAGAGGACTGGTTACGGATTCGAGATTACATCGATAGCAGCACTATTCAATTCATTGAGGTCGTTCCAACAACTAATGTCTTCCCCAACGCTCAGATGGTGTTTATAGAGTCTGGTCGGCCGACCCTATTACTGCTTATGGTGGCCACACATCTCCGGGGGCGTAAAGCTGAGCACGACTCTGATAGCGGCGTTCTGAGGGTCTACTATTGTGCAGGCAGACTAAACCAGTACGTGTCTACAATCGCAGCGGGATGTGAAACCTAGGGTCAGGTCCGTGGACTCCATTTTCAGTCAATTACTGAGCTTTTAGAGGGCCCAGGCGACAATGTGGTAGCGTCACACGTAGGACGAATGAGTCGGCATGGTGTCCCTTATGCGATCTGGACTAATGATGTATAAGGGCTTTAAGTAATCCCTCACCCTACTCGGTCAGGAATGAAATCGGTTAGATTCAGGTCAAGTAACAATGTATTGGGATTCTGCCATTACTGCCAGCCTAGGAGGTGCCTTAACAACTAGATAAACGTTTGGGGTTGCATACGCCAAGCATTAGAGCGCCAATCGGGTTTAACCCAGAGCGGGCCGGATAAACGACATCTGATGAAGATATCAAGAGTGGATAAATCTGATGTAGGTATGGCAGATGACTCGTCCTATGTTAAGCTCGGGGGCGGCGCATATTCGGAATCTCCCAGTCTGTAATTCCTCATGCGGCGGTGTGAACGGGCCTTCCATACGCATCGAGTACAGTCTGCGACCAGTAGATAGTAAGCTCCCTAAGGAAGTGCTATCATGTTAGCCACTATTTCCCTAACTAGCGGAGTATTCTTCCTAGGCGTCAGAACGTCCCCTCCGGAGAGCGAACTCCGCTCTGTATGGGGTAAGTATCCCCTCATGGCGATCCCATATCGGGTGGAATGTCGCGAACCCACATAGAAAGCGTTCTACTTAGGACCGCATCTAAATAAGGATTACATTTTACGGTCGAAATGTTAGCGGTTCATTTCAACGGGCTGTATAGCATAGTAGCGCTCCGGTGGAAATCACATTGCCTGGGCGGGGCTCTGAGAGCTCATAGAAATTTACTTTTACCGATCTCTAATGATACAGTCAGCATGCTAAGAGCCCTTCCGTGTCAGAATGTGCTGATTCTTACGACCACATCAAGTGTTTGTATGGCAACTGATTCCTCATTGATCAAAATAAATATTCGAACACAGAACTTTTTTTATTTAGACGGAGCCACTAACACTACAGTACCAATATGTATGCACCGCTTCAGTTATAGTCTGTTCTATGGCCGGCGTGGACGGACGCGCAACTCTGACGGGCAACGAGGCCTTCCGAAAGTCAGCGTGACGTCTGGCCCCTCCCCGACATAGAGAATCGTTCCATATGATCGACAGGAAAAAATCCCCTGTTTTGGCGTATGAACTGTGATCCGTGTCCGGTGTTAGACCCCAACTGGCTCCGTCCAGATCTATTGCATGATAACACATCGTTAGCCCCCAT,1826,48.47,Drosophila melanogaster
SEQ_734745,CTAGACCAGTAATACTAACCTATAGTATCCGGTCGCCATGACCCTGCTGATCCGAAGATATAGAATGGACGATCCCGTCTCGCTCAAACCCTCCCTGGTCCAAGCGGCAAAAGAAACGTATATGGCAGGTGACGTAGCATTTGCAGTTTGATCAGCGTGTTAGCTAATACGTATAGACGTGGATCTCCGTACAGATCTGTGAGGTGGGCACTCTCGGTTTCACTGGCCTCAGCTGTGCCAATCGGCGACTTATAGTAGGGCACACGCTTTCTTAAAAGGTCAGTCTCCGGCATTCGGAGCAGCACCCTTAGACAATAGCAAGCGTCCGGTCCTTATTCACGGGGGTTACAGTGTTAGTGTAGAACACTGTTTGAAGTTGATCTTGCGACTGACGACCGGTCGAGCTCAGGGTTGGGAAAACCCCCTCCGAAGTGCTATGGATCTGAAGAATAGGCTGCTCTCTTTTCCTATAGGTATCCAGAGCTCGACCGTTATCGTTTAAACTACACTTCGGTAGCCCGCCGATGCAGTACTAGACCAGAAGTCCTTACACCCTTTCACTTCAGTGCCTGCGAAAGTAGTGCGAACAAGACTGCGCACGTTACCATGCACGGTTTACCGTTCATAGTCGTAGGTAGAACAAAGTGCAGACTTGGATGTTCTGCCTTCTAGTGAGGTCCCTGAACGTGTCTCGAGGCGGCTCTGATCGCGCTTTGTTTCGTGCTTTTAAAGATATATTGTCGGAGGCGGTCGGGGTGACCATTTTGCGAGGGTCACCCTCCGCATACCCGATATCTTTATTCCGAACTATGAAAGTCCTCCCTTTTTATCCTTTCTAAATCTAGGTGGAACGTGCTCCGGTAAGCTACTCGCGAGTTAATTGAGTCCGGAAGCAGTATCTGCAAACTATCGGACAGAATCAGGTAAAAGAGGTCTGTGGGACGTGTTTGAAGGGTTGAGGATTACCGCGTCGATACCAATTTGTCCTCGTTCAAAATATTTAAGTGATGTTATTACGTGAAAGCAGGGTGAGGTTTCAGATTTACATAGTGTTTGTAGTATGTTTACGTGCTGCTACATTCCACAATCTTTCCAGTGACCGGTGTTCGTAAAATCTTCCTCGTGGCTCTGCTGCTGAATAACTAAATAGTCGCACTCGTATATAGGAATGCCAGTATCTGAAACGCCATCCTATAGCGTAGACCCTATTATACAAATCGATGAAGGTGCCATGGACTCCCCTTATATGCATATAACTTCCTCATATCAGGCAATGTATGACGGGTGGACCTGACACGACGCGTCAGATGTAAACACGACTACAGGACATGGTAGTGAAATGAACGACGATCATTTCTCGGTGAAAGCCGCTAAGGCTAGTCTTACTGATAGATGGCAATACTCTCGGCAACATCCCGCACTGAGGTCCGTCCCTTGGGCCTTCTGCAATCAAGAAAAGTTAGTTGTGTGTGCGCCCTTAGGGAGTACGGGGGCGCGAGCAAGCTTGAGAGCCGCTCTCAAGAAACGAGCAGGAGCCTCAGCTCCGACGAAGGCCGCGTGGTTGTTACCTAGGACTAGTTACCGCTTACATAATCGGCGTTTGAACTGATATTCTGGAGCTATACGCACTGTGCATGGTACGACTACTCCGTAGTCTGCACTCCTCCTCCCCGACCTGGCGGGTGTGTCTCAGCAAGGGTTTGCGCTCCTGATTGCGTAGAACATACCATTGGGTATAGCAGGCGTTCCGGGTTGGTGAACACATTGCCCTAGGACCTCTATTCACGGTTCCAAATAGACGAGCGCTTTCCTGATCATATTATTTTGTCGCGGAAGGTCTTAAGATGCAAATGATGGTGGACTGGGTCAACAGCCGACGAGGTGGGCCCATACTGGGAGAGTCTCCCCAATGTAAGAGCCTCGTATCCTGCCTTAAAGT,1939,49.25,Escherichia coli
SEQ_864537,CGCGAGTAGATATCCGGTGCCCTGCCATAGTGATACGTCAACTAAGCAGGAACTGACTCTGATCTTCTGGAAGTTAAATCGGGGCTCACAGCTACATTCGGATATGTGGAGTTGAGTGAGCCATTCTAGTCATAGAGGACCTTAATGCATGTGTTTCCCAGATGGTTATCGAGGCACTCTAACTCGTGCAAAGCGGGACAGTCAGTATGTAGATAAAGACGGTGACCCTTCTAAGTTGACTCAGACGCCTTGTCTCAGCCACTTGCGTCGTAGCATCCGAGACAACTACGTCGTTTGGG,299,49.16,Caenorhabditis elegans
SEQ_195978,CCATCCTTTGGACTTTTGGTGTACGCTTGGCGGGTCCGCGAGAATTGTTAACCCTTGGAATACGGCTGCTTATGCACTTCGATGCGGCAGTATTCTCAAATGAACTCCCCAGTCCACCCTCGCTGGGAAGGCCAGACGTGTCTCATAACAACGGAAGTTCTTGAAGAAAGTGCTGGACATTACAGTGTGTTGTTCTAATACCTTACGAAGAGAATTTAGTAGTCCCGGCTGAAACCACTTAATGCTCGCTTTGCGATTCAGGGATTCCAATGTACCCGATGATCGTGTAGGGTTTATCATTCATGTGCGCCGCATACCCTCCCTCCCCGACCGTTCGAGCAACGTCTGTACAGCGCCGTAATCTCGGAAGCGCCCATCCCAAGGACAGTAATTTACAGCGTAGCCGGTAAGAAACGTCTCGCAGGGACGGCGGACATCACCCTCTCTATTCCGATGATCACACCAGCAAGTCGGATCGACGACCGAGCGGGCTGAAGCATTGCCAACAGATTTTCGACTTCAGACGTAGTTCGCCTTGCCTAAAGTTGGGGATCCTCTTGTATCGCCCACCATGCTCTGCTGCAGGCCTTCATCATACCGCGGATTGTGGTGTTTTGTCCGCCCCCAAGGGGGTCTTAGTGCGAGGGAGGAGCTGCGACAGGTACTTAGCCCCTTGGACATTCCGCATTTAACTCAAAAGCGACTCGCTTAACGGCGGGCATACAGAGGCCATGAAGCGTTTCTCCGGAAAACCTAGGCCATCTTACATGGCCAAGGTATTACTCATCTCGTGGCACCTGCGGCCGGTCCACTACCGGAAGTCCGCGTTCCACGTAATATTTATGCACTGGCTTCCCAGCGAATAATAGGGACGTACTCAATATCCATCGCT,892,52.58,Caenorhabditis elegans
SEQ_158629,CAGAGTTAGCAGAAGGTGCGCTTATCGGTACTACATTACTAGTTGTCACAAGATCCCGAACCTTGCAGGCAGGTCGTGGTACGGTAGGTTCACAATTGGTTGCCCTAAGACACACTGCTATTGATCACTGAATTTTAGACCCTTGCGCAACGTCAACAGTCGCAATGAATTATAAGCCTTCGGCATATTGGTTACCGGGGCCGTAACAGACGAACTTGGCACGGGCGTAATCCAGGATCTCATAAGTGGGGCCATAGATGGCACGATCCTCTGGTGCCCATTAGTGATCGGGGGAAGGATTAGCTTGAGTCGACGTTGATAGTCCGCGCGCCTCGGAGTGAGCCGAGGCTTTTGACAGTAAGGGTTCTCTCCAACATGAGTGGCAATGTCTCGCTCCGACCAGTAACACCCTGCGTATAGCTTCTAATGTGATAAAGCCTAGTGTGCACGCCGTTAATACAAATGTTTTACCGTATAAACATAGGTTAGGACGATCGGCGGCTAATGTCGCTAGCCGAGTGCAGGGAAGATCTACAGCAATGAATTGCTCCAAACACCACCCTGGGAACTTGTGACTGTGTCCGAATTGCTGCCTGAATGTTCACACGCCTTTAGGGGCCCCACAACATAGCTAACAGTACATCTCGCCGAGTCTTAACATAAACTAAGCACCATAACCTCCAAGGCCTTAACGTCACATCGGAACACCGTAATGCAAATCTAA,724,49.31,Arabidopsis thaliana
SEQ_343430,ATTTTGATGTTCTACTGGTTTTTGCGCTCCATCATAGGAACCCACTCCCAAGGCTGCATTCGTTAATGTCTTCGGATAACATAAAGAGAGCCGAGTCGGAATAACGGAACGAGGGTGAAGGACCTAACTGATAATCTTTAAGCATAATACACTATATGTGGGCAATGCATCAGCAGATAACCCTTGATCCGCAGGAGGAATTCTGCGGTACCACGGTTTCCCACGGTACTATGTCGATTCTGTCTAAAAAATCAAGGTCGTGTGAAGTGTCCGGCTACGCCGTTCCCATGACACTGTCGTATCATAGTCATTAAAGCGCGTTCATGCGTCAGAATGACTGTCCACACTATTGACAGTCATCTAGGGG,367,46.05,Homo sapiens
SEQ_998194,AGACTGTGATAAGCGAAGTGGTGAATACTCTTTCGCTTTCCCGATATGCGTGTCATAGAAGGTCCTTCATCTCGGGTTCGTAAAATACGACGTGGACTAAGTTCAAGAACTGGTTCGGCTATGAGTGCCTAACTGTATTAAGAGGCGATTAGCGAAGGGATCCTAGAATCCACTACCCTAAGCGTTCCGAGGTGCGGAACATTCCTTCGGATCACTCGGTGGGACAGACCGAGCTCACGCCTGCCTGGTTTCAAAGTACAGATAACATTGTAAACAGGTAGTGCTATTTCATCAGTCCTCAAGTCATACGAACCGTATAATATATAGACGTACAAGCGTGCGCAGGTGAGTTCTCGATTCCAAACTATTCGGACGTTACCCTACCTGTAGGGGTAGTATCTTTGGGGGATGTGGCAACCAACGGGTCACGCGTGCAAAGGAACTTGACCGTATAGAATCAGTGGACGTCAACGCGGTGGAGGCTTCAGATTCTGCCATTCACCGAGTAGGTATCTATGGGAGGAACATTATTGGAAATGCTGCCCCGCGGGTGAGTGAACCAAATTAAACACCCGCTTAATCTGACTCAATGATGCGTGACCGTGCAGGACCTGAGCCCACTGTCCTCGTAAGCAGAGGCCCAACCTCTGAAACAACTAAGAGTACGAAAAGTCAGCACTCTCGACTGTTGGGACCGCGGACGCAATACAAACTGTGGGAACGTCAGGATGGAGTAACCTACCAAGAATTCCGTTGTTGCCAGGCCTTATACTTGACGTGTGGCATCACCGCGTCTAGAGTGGGCTCTATGATAGGTCGGGTGCACAGGACGGCAGTGCCGATAGGTACTGAAACGCTAGTGGTAAAAGTTAGTTCGTCGTCTCTATGGCCTGTAGACCTAAGAC,905,49.72,Drosophila melanogaster
SEQ_947660,CTGTAGCCGAGCTCTCGCCAAGCGCCCAGGTGGCAAAATGGAGTTATCTTATGCGCAGCACGTGCGCGCTTGGCGTTGTACGGAACGTATAAGCCTCCCCCCGCGACATGGCATGGCAGTGCTACAATATATAATCCATACAAGAGTCGCGGCCTTAGCTACTTAGGTGCGCTAGTACGGTATTAGTGTCGTGGTCGGGATAGTTGCTTCCAACAGTAGTTTTATTTGTCCCTCGGATACGGGATCGACGTAAACTGGTTCCATGCAGTACCGAGGCGACCTGCTCTTTTCATCCGTTCGAACTGGGCGTCGAGTATACCAGCCTGTGCCGGTCGGATTTAGGGAAGGTACCGAGACATTTCATTGTAAACTTATTACTTGTTAATCCATTAGAGTGATTTCGGTGCCTAGTAATTGGTCTGTTTACCGGCGTCCGGGAAGCCTTAACAAGAAGCATTCGTGAGGGACTCTTATGATTGCGGATCCGTCAACCAATTTCTGATCGTGGTCCAAAACGTCCCTGTATCCGTCATGAGGTCACTTCTGTCTCACCAGGTATCGTTCTATCTACAATTCTAAGATTCCACCTTGTATGACAGACGTTGTGGGGCAAGATGATGTTTTACATTAGCGGTCCTATAGCTTCGTTAATTATTAATAGCTATCCCGCGAGGTTGCTATAGGGCTCGCCCAAGATCTCCACACGTCGGTCGTGTACCAGGGAAAACGGTCACTGTTAAAGGGTGTCCCCTCAGCTACGGCACACCTGCAAACAGAACAGTATACGTCGTATAGCATATGGTGGTAGTAGCGCATTACGTTGAACACCTGATGGTGTATTTCCACTAATGAGGAGAATCTCCGATTATTTCGAAGCCAATTCAGGAAGTGCCTGTCTGCGATCCCCTGAACGGAGTTTTTCATTCTGGTGACACAGGAGGGCCCGAGCGCGATCAGAAGAAAAATACTATTGCTGTTTATTGGTGTGTGCTCCAAATGTCCCTATTTTACTACCGTCGAGATACAGCTGACAAGAG,1037,48.51,Arabidopsis thaliana
SEQ_379120,CTCCACCGAGACGTCCCGTTTAAGCGTTGGTAGATCAGTACTTTTGGTTCACCTTTAACTGTTGTTCCCATCTGGCCGATGTTAGGCCGTGCAATTGGCCTTTACTACTGGGCAAGCGACCATGAAGGGCGCGGGTGGCGCTCGTTACAAAACCCTAACCCTTGAACACACAGAGTGTATTTAATGTCTGACCCAGTGTCCATAACGATCGTCCTTCTATGATCATGTCTGATTAGTCTTTATCTCTCTGTATCCCGTCGAAACGATGGAACGGGCCCATTGCTACGTGGTCACGTGAGTAGCTCTGAGCTTGAGATACTAGTATACTTCCTGCGTAGTGTTGTCGAGACAGACCTTGAAGTCACTACGGTCTGGCGTCAGCCACCTCTCCATGTATCCTGGGAAGACTCGAGCGCCAAGCGTAGCTTATCAGTGGGTTACGTTTTTCATCGCCCCCCTGATTCCTTGAGTCAAGAGATGATCGATACAAAAGTATAAGCCGTTTATTCCGTTAAGTTT,519,48.75,Mus musculus
SEQ_437000,GAAACTCTAGGCCCGACACTCTGCGGAGGATTTATGTGATTTTTAACTATCTCTGTGCAGATGGATACGGCGTGGTTGCGATAATAGAACCAAGCCGCCCCACGCAGCGGGACGCACTCTGTAAGCCCACCAACCCTGTAGTGGGCCCGAGGCGACGAAAAACAATTGATTTTTCCATGACATTTATGGCGCCAACGCGGCGCTACGGCGCGGGGAATAGGTCCCTTTTCTAGGACATGTCGCCGCAGCGCTGATTGGTATGACAATCCGACGAGGATCGATCAGATATAGTAAATCGGATGCTAATACGTAAGGTACGCTCACCGCACTAGTGGTTGTGAGCCGTAGGTAACGGCTCCCAGCAAAGAACGACGGGCGTCTTAAACTTAACAGGTCTATCTATGAACAAGCAAATAAATATTAGTTCCGATCATGCCGGTGTTTGCTTTCACAGCAAATTTAAATCGGCACGATGGATCCTCCAAATTCAGGGCACGACGGTCGTTAAAATAGAAGGCCTCGATTAGCGGGCTCGGTGGGCCGAACCGCATGGGCCACAACTGGTTCGGAAGCACTCTTTGTTGGAAGACATCTGCTTTGGTCGGATTAGGCATGACCGTTAAAGTATCCACCATAAAACCACACCAGAATGCCTTGTCTAGAACCAGACCGCCACGTCGAGCACAGCCATAATACTCGTTCGAGCATATGCGAAGCTTGTTTACGCCACCTTTCCTGGTTACAGGGTGGTAACTCTCAAGAGGTTCATCCAAACAATAGACGACGAAAGTCCACCCAGAATCTTACCCTATCCGAGCCCGCTGTCCATTCCTGATCCGTTTCGTGGCCTTAATCTGCCATTAAAACTTCCCTGAGGTGTGGTCCGAAGTCATAGCTTCGTCTTACGGACACAGTCATTTCTTGTCAAAGCGCAATCTTGACAACCAGATAGAGCACTTCTTGCGGGCATCCTGTGAAACCAAAACGCTATAATGTATTGTCATCTAGGATATTCATGCCGTCGCACTTCGGTAACAGGATACTAAGGCCGTCGACTATGTATGTCTGCATTCTAGCTAATTATCGACAGACATGCGAGTCCGCCGATCAGACAACCCAAGTCGTGACTCGCCCATGCAATAATTAGCAAGGCAGGTTAGAGGCGCACGGTTTGAGTCTATTATCCACTTTGAACTTGTCCTTCCCGACCGGGGAAAGAGCTTAGTAAAGTCATCACTGCTCACGGCGATCAAATTGGCAGCGGCAATATCGTATAAATTAGGGGGAAGTAATGATTATCCACATGGGAAGCGACATTTGGCTACGAACTTGGCTATGGTTGTTCTGTATGTCTCAAAATCCACTATCCCCACAGCTCCCAGGAAACAGCGGGTTGCGAGGAGGCTGACGGCGACCGGGCCGCCTCGAGCTCTCTTCGAACTCCGCCTCCCTTATGGGAATGCCCTCGTCGACCCCGGATAGGCGGGTAGTGGGTTCCCCAGCAGTGCGAACGGGCTTTCTGGTCCGTCGGACGCATGCCTTCTCTACTGAATTAATTATACCGCAGCGCTCACTTTCGTATAAGAACAGCCCCTCCCAACAC,1603,50.53,Arabidopsis thaliana
SEQ_482558,GCGAAGGATCAGAACGGCATGCTGCCAAGAGATCTGGACAGCGCTTGTGTTGGGGGATCCGTGAAGCACTGGTCAGCACGGGGATACCCGTATGAGACGTCCACGTTGCGCGCTATTTGGGTGTTTTTGAATGGTCTAGCCATCGAAGATACATTCCTTCCGCTTAAAACTCGCGCACGTTTCGTGAGCTAGTTAATGGTCCTCCCCTACGTTCCAGGACGTTCCAAGTGTCAGTAGCTTCAGGGAAAAGAAGCTTGTAGACAGTGTGAGGAACCAGCTTCTCCAATAGATCGCGTCGGTATTCATACAGAGAAGAACGCTGCAAGAGCTGGAAGGGTTTGGAAGCCTCAGACTCGTCAACCCCTTCACGCGGGCTCGATTGACATATTATGGTCCTGGAATCACAGGGCCAGACCGGGCAACAATTGATAACCACATGGACTATTTTGGTGCGGCATCCTAGGGATCGGCATCCGTTGTATCCTAGTGAATGATATGTGACTTCCTATCGCGTTTTTAACCGGCGTCTACAAGAAAGCCCGGTAGCGACCTAGTTCAAGCGTGTCCTTACCAGTTGTACTGTCATAATAACACTGTCTTTCTCTGAAGAATTCGACTTAGAGGTCTCCTATGTTGTGCTGGACCGCAGACTATGCTAGGCCTCATCACGACACCGTGACCCGGGAATACGAGAACCCTGCTGTGCGAGAAAAGCGTGCAGGTACGGAAACGTAGATAGCCAGCACGTCTTAAATTTGGGTGGGGAGAGCGCTTAAGAGTTGGCAATCCCTAGTTCCCTTGCGGTAGCCGAAGCATTCAAATGAGACGCCTCGTACTACTCGCCCGCCACCCGACCGCTATCGCGTAATACCAGGGCAAATCTTCATCGCTTA,893,51.4,Saccharomyces cerevisiae
SEQ_222889,GATGTTCATGGTGCAATGTTGCAGAGTAATGGTAAGGGAGTCGCCCAGCACTGCTGAGGCTTTATCAACAACGAACCCGACCCCTACTCACCTTGATCAGGGTTGTCGCGATGGGCGTGTTTCAGAAAAGAACTGGCTAGGATAGTCATATTAAACACCTTATCAATCGGTTACCGCCAGCACAAATGCGGAGGAACATCCGCGCGGTCCCCATAAGCAACTTCAAAGCCATGCTATTAAATACGTTCCCTCCTTAACCAAGTCGGCCGCCTACGATGACCGGGATGATCTGCCTGGCATATAGTGATTAGACAGACACACGTACTCCAGGTTGTTGGCGTGACTCCAGTTAGTGGATACAACGCCCAGCGTGAGGCGACCAGCCGAACTACTTGCCCTTAAACAGTAATAAAGTACGGGGCACTAAAATTCTTCTTGAAGCGCAACTGCTAAGTAACCAGCAAAGCGATCGTACAATAAGCACCCAAGTTGACGCGGACGTCTCTGTCGAAAGCGAATACTCTGCTTTGTGAGTCCGGTACATGCCCATCCCCCTGAGTACGCACCCCAAATCTGGGCAAGAGCCCTGAACCTACGTGCCCCGCCACTAACTACCAGACGTTTTCTGCGTAGCAATGTACTTAGGCTGACCAGTGCAGGAAACTATTGCAGTCACTCTGTTCACGAACCTAGTGCTAGCATAGGATCCCGACCTAAGTATTAAACAACGCAGTCCGTCATGGGTGAGTGAACTCCGACTAAAACTATACATCTATAGTAATCAGCTTATGCGGTCCGGTTTGCCGAGCATCTTGTTAAGTTACCGAGGTGAACCTCGCTGAGGTTTCTTTGTTACACTGTTCATTCGACCCAGGAACGGTGGCCTCTCATTTCAGAGTGGAGCTCAACATGTGTTCAGAGCGTGGAGATTACGTGCAGTATGCATAGCTTTGATTGTGTTAAAGATTGAACCTCCTGCCATGTAAGACGTGGTGTCAAAATAATGATCGTTTCTCACCAACTTATCGCGAGCTCGTGGAACCTCATAGGAACAAAGCTAGCCTGACTAAATCGGCAGCCGGAAAAGAAACTACAAGGGCCATGGCCGGAACCGTGCCTACAGATCGCCCGTGGCTCCTCCGTAATTTCAATTGCGGTAATGCAAAGAGCGGAACTACGTCTAAACACCTATCACACACCTACGGACACAGTAGTTCCCAGCTTTTCACCCCCACACGAACCTGTTTCCCTCTAGCACTAATAATCTCGATTCAGAGTCCAGCGGTTATCGACTCCTCAACAGGCCCCCGAATCCAAT,1318,49.47,Drosophila melanogaster
SEQ_428391,CCGGTAAGGCAGGCGACATCTGTCTGGTGCTTCTAATGAAGGACGGACAGTAAAACTGCTCTAGTAGTACACTCCTGTAAAATGCACAGGGTGACGAATATCCCTTACCTTTTTGTGCAGAGATGCTGGGGATTCAGTATTTCCTGGAGTCTCAGCCGGCGCACTAATGAAACAGGAGGGTCGGCAGACAGACTGTGTAGTTACCGGGACCGTTTACACGAGCGCCTTCGAATGGCCTACTGCCCCGCTCAGACGAGGACACACCTGGGGGAAGAGATCTAGGCTTCCACCCTCGATGCAGGGAAGGCGTGGGAGCGTACGTAAAAATGTGGGTCAGGTTTTCGAATGGTATGCACAGACCACAGTATCGCCATCACTAAGACACTCTAAGATGCCAGAGCACTGTGTAGGAGCTTGCGGAAAATCTAAAATCGCAGGCCATCTCTACACCCCTTGAAGGCTTATTCGCAGTAACGAAGGAGGGATGGCGTCCTTTAGCGCTACAAGTTTACCCCGCCTGGTCATGCTGAACGAGGTAAACCAATTCTTTCGAGAGCATATATTGCCAAAGATAAAGGCTCATGGCTCCACACATAAAAGAAGATGTCCGGTGTAAAATTAGAGTTGTTGAGTATCTGATGCAAGTGACAGTCTTGCAGCAGCGACTCTGGCAGAGGTTTTCGGGAGTGGGCCGTTGAACCCCTGATAGATAAGTATGAAAGCCCGTGCATACAATTTGTAAAACCGGCAAGGTGAGATATAACTGTGACGGAGCATCGTCCGTCGCGTGAGTCGAAAAACTCCTCTCGAATGTTGCCGGCTTCTGTTGCGGTGTCGAGGTGTTATCGCATGGGGTTGCTGCGTTGACTTAATACGGTATAAATCGGCACTAGCGGTGCGCGATAAACAAATTTGTCGGTCGGCTGAACCGCGCAAGAGCTTCCGCCCATGTACGACTGTATGTATATCTATATCTGGAAATGGATCAACCCTCCTGTTAGTCGGCGCGAATTCTGTAACTACAAGCTTTG,1031,49.95,Saccharomyces cerevisiae
SEQ_330354,GGTTAAGCGTCCAAGTTCCCTTGCGACGTGATTGGGGACGCTACATTCTCTAGTTTTGCATTCACCTCAGTTGCGTTTTCTAGGATTGGATCTGGCGTACGTACTCGACACGTTAATTTAAGTTTGGTGAATGCGAAGCACGAGCTGTAACTCGGGTTTGTGGGGAGCCGGATCCTGCCCGTCTCACTTACTCCAAAAGGCAGTCATGTCCACCGGATGCATTCCCGTTGCAACTAGCTCCTAGTCGAAGGTGAGCAACGGAAACGCTACCGTCCTAACGAAGGCTCTGATCACCCACGCGATCGGCTGATCTGTATGGGGCCACGCATTAGGTGTGGGAGCACGGGTTACTCGATGGCGTCATATAAAGCCGTACTACACGGACGTCCTCGGTGGAAATCTTGCCGTTGTTCGAACTGACACCCCCTAATCCCTTCCCTCGGAGACATCATAAAGTACATGTCGAAATGATAATGAAAATTCAGCTGGTATAGTAGGAGTTCTAAGAAGGGGCACCTTGCTAACGCGTCAATCGAACTCGTGCGAAGGAAATCGCATTTACAATATGCAGCAGCTCCCCGACGTGATGGTTAATCACGTGGTGCTCCATCCAAGTCCCCATATTAACGTTCCATTCGTTGTGCTCGCGGCCCAGTGTCAGATTCTCGCTTGTAACGGAGTACATCCCTACCGAAGAGGACGGCCGTTGGATTGCACCGCTGGCTTGCATTTGGTGCCACGGAATCATCGTAACGGTAGAAGAGAGTTGGTGGCCGCCAGGTCGGTGAGCTATAAGACCGAGATATAGCCTAATAACACTCGCAGTTAAGGTGGGTTTCCCGAATACGCAGCCTATGACATCGGCCGGCGACGTTGCGGCTTTTGCAGAAGGGTCCGTGGGAACAATGAGGGGGTAGTACTCTACAGAATTGGCGCGTATCTGCACTTTGAGCAATCGTATTTGTATAAACCGGCCTCACCGTAGAGCTATTTATCGTGGGGTCGCGGTCTTCACCAGCTATTACTATTCA,1031,51.41,Escherichia coli
SEQ_299684,GCCGCTCTTCTTCTATACCTTCCTCAGCACATCCCCACTGGAGACTTTAAGACAAAAACACGACCCGCGAAACCTTGGGCCGCAGCGAAACTGGGTACATTCCCCTTACGCTTGGACCGATTATGTGAAATGGCCCACCTTGTACGAGAGAGAGGCGGTTGGCATCTGCTCCAGCGAAACCTTATCTTGCATTATCGAGCCCTAACGCACCCAATCTCCATGTCGTCTGACGGCAAACCCGATCCATCGACCGTGAGTGACTGCCGAAGGGAGACATGGTCATCGTTGGTGACGCGGTACCTATCTGAAGGCTTGTGTCTATAGAAAGACAGCGAGTACGCCCATATGGGGAGGCTTCCTGGGATCATCGGTCTGAGAGCTCCTTTAGATCTACCGCGGTTGACTGTACAGGACATTTTAGACATTCAACGAGCTATGCAAGTCGATATGCTTTACCCCATACCCTCGTCGGCTGGATGTGGACAGCAAAGCTGTCATACCGCGTTGCTCGCCTGACTGTCAGAACAACTATTAAATACGATATCCCGGATGAATTCCATCGCCTGATCACTCCGACCCTATCCTCCCCAACCAGAGCATTGTGACTGCACAATTACTCTGGCGCGGTTACTTCAGCGCTATCTCACCGCAACTCGCGAGGCTTTTTACATCACAAGTGCAACGTCCTTCGCAAGTGACAGACTGTCCGCTGTACATCCCCCAGGCCACCCTGTCTTGTCATCATAGCTCAATTGACCCCAAATGCATACCCCGCACCGCCGTCGAGAATACCCCGCTGGGCCGACGTTATAAGTACCTAACTCGTTCTTGTACCTATCAGCCTTGGGCGTGCCTGCTGGATGCCAATGAATATGTCGTA,880,52.5,Escherichia coli
SEQ_531965,TCGCTGGAGGAGTATTCCCAGTAGACGTTACGAGATGGACTGTCCAGTCCTTCCCACGTTAAATTTCCGAAGGGTGTAACCTGTCACAGTGAGACTATGCCTTAGTCAAGCGTGGGCGCCGTTTCAAACAACTATTGGGGTCTGGTTGAAGCAGGCTAGTGTGAAATAGTTCAAAGGTATAATAGTGATAACGTCACTATGGCAAGAACATGCCATCTGGTATATCTAACTTCTCGGTATAGCACACAACTATCCATAGCAAGGGCTACCCCTCACACTCGGTTATGGATGGCTTGAGCACTTAAACTCTTCCCACACATTTTTCGCAGGCGTACTCTCTACTTGGTCAAAACCTCCTTCGAAGATTGGCTCTAGCAATTTCCTAAATGGCTAACTAACATGGCCCTATACCATGGAGTGGGAAAGAATTTACACACCGTACGCTAGGTTATCGGCAGTCCAGAACGGTTGTTCTGAACAGAACATCCTTAAATTGCGTGGCGTGGTCTCAAGTTTATGTCTCATCAAAAGGCTTTAGTGCGGTGCATAGGTGGCGCCAATGAGGCATACAACGTTTTTTCATACTTCTGATCCGGACCCCCTGACGGAATAATGTACTCTCCGCCTGAGAGTCGGTGAATGAAGCGACTGGACATGTTGTAGAACGGGCCAACAGATTTTCAATGGGGTCACGCACGTTTAGGCCCCATCGGGCCTGAAATCGTTCGTTGTGTTATGGTAAAAGTCAGTCTTCAACACCATCACCACATCGACCGCGCAGTTAGACGGAGGAAAGATCAACATTACAACGGTCAATAAAAACATATTGCGTACGTAGGACTTCGCAGTGTGATATGCGAAATTGAGAACACACGAAATATTTAGCATGGGCTTGTTTCTGCAAGTCTTAACCTATCTCAAGCTTCGGACGTCCAACTCTTATCGTATGTCTCCTACTTTTGCTCAAACGCGTAATCTCAACTGTAGCTCCAGACCTGTTACCGGTTGTAAAACAACCAGCTTCTATACAGGATATTTTGGTTCCCCTGTATTATATCAAGCTAGGAATGCCCTCTCGTCCACCCAGGAAGGAAATGTAACGACATACGAAAATACGAGCTAAACTGGTAAGCTAACCACTCCATCGGGTTCCTACCAATAGGTAGGTTACCAGGCCGATATGGTTGACTGCGGGCTCCCACTAATATTGAAGTATGCCCAATAGTGCCTCTGCCAGAGGTGTGATGAAGGAACGTTTCCCGCGTAACCACAACCAAACGCGCTAGGCGGTGTTGATTGGGGCCCAGTTATCGAACTACTGATGACAGACCCTGTGCACCTGGCCTGCTCGCTCG,1355,47.16,Caenorhabditis elegans
SEQ_330098,CTCCTTAGTGCAGGATATAGTCACAGAACTTGGACATCTGATGAGGCCACGAGCAAAAGCGACTTACGAAGGTACGCATACCCGAAAGTTTTATATGGCCGGTCAGGGTTCCAAACGGGCTCCCACGATTGGCTGACCTTGTGCAGTCAATTGGGAATTGACGCCCACATACTCCGATTGGCCGACAGTCGCGGCATCGTACCCTGCGAGCCAAAAATATTCACGCTCGCAGGCCCCAGGTTAGATGGGAGCAGTAAGACTGCTTTCGGAGTAGGGATGCACCTCTTATCCCCAATTCACTGTGCACCAATAGCGGTGCTTCGATGGTGAAGCGTTATCACATGCCTGCATCTCATCGAATCTCCTATGGAGTAGCAACGCATATTCCTTGTAGATTGGCCCGGAGCAGTGAGACGGTATAAGGAGGCCATTTCCTGACAAAGTTGTTGACCTGATACATCTTCCGCTTGAAGAGCGTGATACAGCTGTTGCGGGTTCAGGCTCACAGCATAATCAGATCAACCATTGCCGCTCATTTCTAAAACCGTCGCAATAGCGCAGGATTGCACAACCTGATTGGAGGGTAAAACCTTTTTCAGCGCAACTAAATAAGTCCACGAGCATGAGCCTCTCAAGCATGCTCAGCCGTTGTACTGAAGAGCCCTCTTCTTAATTTCCGACTGTTAAAGTTTGCGGCTCTGCCAGATCCCGCAAAAATTAAACTCACCTTGGCCGGTACCTCAATCCCACGAAGCATTTTTAGCTTTCTACGAGATGTTGGGCGACTGCTATTCGGCGGTGCGGCGCGTGAATGACTAGGCCTGCTCCCCGAATCTCAGTCGTAAGTTGCGTCCAGCTTGGTCCCGATACTCAGCCAAAATGAAGCGGCTTCAGCTGTAAAAATGAGTACGGAGGTGGACCGTGATGATGCGCTAAGGATAGCTAACCGACATATACCTGGATATCTAATAGGACTGAGGAGCATCTTTTCGATTATATTCCCTATTTCTCATCCCCAGTCTAAAAGTGGAGGTTCTGTGACTACTAAACATACTATTTTTCCCCGTTAGTAGCGGCCGAGCGTTCGCAGCACCATGAATC,1101,49.59,Caenorhabditis elegans
SEQ_689010,AGGATGGGAAGAATAACAGCGAACTACTAAGATTAAAGTGCCCATATCCTTAATATTGACGTGTTCACCGCGTATAGGCATTGCCCAAAGTAAGCGGGAAAATCGCCAAATTCTGCCCCTTGTCTGATATTGCACACATAGTTTTACGTATCTTTTCTATTGATCGTAGCACTACTGTGGGTTCAGCCGTACTCGCCTACTACCTGCAATTTGTGTAGCGCAGTAACAGATATAAATAAGTGACATATCTCTCCCTGACGATCGTCGTCTTCAGGAAGGGGTTAGGGACCGCCTCCTAGGGTATTTTATGTGGGTTCCTCCGCCCAGGGAACTCAGAGAGCGTGCTTTAATGTGCAATGCCGACGTCACGGTTGCGTAAACGTGAGCTTGGCGTGGTATTGGGTGTATATCCGCCTGCTCGCTTCGATTGGTCGGATATAGTTAACGAGTGGAGGCGCAGTGCTTCCATCTACAGGTGGGCCGAAAGACAGCACCGACCTACCTCCGTACGACCGATTAACGCCTATTGCGCACGACTCCGATAGTGAAGACAGCACTCTGGCCGGTAAAAAAGTCGTCTGCCTGCAAGTGCTATATCTAGCCATACCTGTGTTTCCTCCTTTGCATGAAGACTCCTTTGAGGATGAGAATAGGTGGTAGATCGGATCACCCGGGCGTATTTTGTTGAATTCTGCGACTCAGCTTCACTACACCCATCGGATCCTGCCGGTTTTCAGGTATTTAGTTAGGTTACGCGTGAGGTGAATAGAATCTTAAGATGCACGCACGGTGACATTTCTACGGAGCTAAATACCAAGCTCTCTTTAAATTTATTAACGGCAGAAAGGTGCGGAACAGTACCATTGATGTCTTATACTGTAGGGTATCCTCGTAATTCGGATGTAGCGACACCCTTCGATCGCTCCAGTCCCTCTCTGCTAAAAATAACTAGTTGATGATCGCTAGAGGAATTGGCAGCACGCATCTAAAGTAAGGCCTAGCATTATAGTGTGAATGCCGATCGTGACCTGTCGTCATCCACGACAGGGTCGTACCCACGGTGCCCCAAGGTAGATGATTTGGAGTGACTCATAAAGGAGATGTACAAAAAGGAGAACACAGAGGTCTGGCGGTCGGTCGTCGTTGGTGCACGTTACGCG,1160,48.36,Homo sapiens
SEQ_553713,ATCATCATTATTTGTTGCGAGATTTACCATCCTATAATAAGATCATTAGTACTCAACCTCCAGCTACCGGGAGACGGAAGATGTCGTCGTTAAGCATCTGGGGTATGTTAGACCGCGAACGCCCAGAGGCTACTTCAAAAACGCAGCACTCTAAGGTCGCGCAACCTACAAGCCCTATAGTCACGTGACTGAGGCCCGCTGCAATTAATAAAAGTTTTGCTCAAGGTAGGAACTGAGTTCATCGCTTATCACGCCGTTCCCGATTTGGGGCATGGAATATCAATTCCTTTGTGCAGTTCACCCTTACCTAAAGAGGCGCCACATTTTACCATAGAGTCGCCCTTTCCTGTACAATCGACACGTTCCGGCCTGGCTACCTACATTCCGAGATGTCGCTCATCTGCTGCGCGATTGATAATGTGAGGGCTACGAGATAGCATGCTAAACTCATGGAGGGGTGTAATTAGGTATACAACATTGGTACACCAAGATTAGCTGCTTCAAGCGTGACCGGAAGTTCCAGAGATTGGACCCCAACACACGAGCCTCGTCGGGATACAGCTGAACTCGCCGGAAGGACGCCCAAGTAATGGTATTATAAAGCTGGTTGATGTCGCAAGGAGCCTACGGCAGTCTCAACCTAGACGTCCAAGCATTAGTGTAGTCGACCAACACCTCTGCTTAAGAATTTCTGGGCGACGTGAACTCCTCGTTCTATGGACCCATTACCATTTTCATGGGGTTAACTGTCTAACGCATCAGACAAGAGCTGCGGTCGAGGCTAATGGACCGAATGAGAACGTCCCTCCGTAGTCTGGAGGGCATCGGCCCTTGAAATGCAATAGAAGAATACGTTTGACTCCCGATTGCAAGGTGCTCGGTCTCTAATTTTTAAGTACATCCTCTCGACTTTCACTTCTTCCACATTGGGTTCCGTGTTCTGACACGACCCCGTTAGTCACAAATTCTGCCATGTGTTGTGCACGACGAACTGGAGTATATCGCGGCCTAATCATAGGGGCGATCCCATACTACAGGGGAGGAAACGTATTCGGGCGAAGAATTGTGCGACTCCATTTCTACGGGTTCCTATCTTGAGTGGATAGGAGGTGTAGGCTAATGCCCTACTTACTTTCCGTGGACCGCAGACGTCCTTCCTTCTGGGGGACTGTAGATCTAGTAAGCTCTCTCTAACCCTTCAATCGTGGGCGGCAAATCTTCGCAGGGGCTTCGACCACCAACCAAGGTAGTCAACGAGTACGACTGCTGGTAACATGTACTGCTTGAGGGTATGGGACTGGCCCTTCATTGCCACGAATTACCGGTCAAACCACTCTTTGCTTTAACCTCATTGGCATCGATGTAAGCAGCGGGAAGCACGCTGCCAGGCCCTTAAAGCTGCACCTAGCGTATTGGACATTTCCCACAAAACATCGCACACGCCACAGGGATTTTACTGAGTGTCTAGAGACCGCACAGAGTGCGACGAACGAAGTCTAAAATGAGCTCGGTGGAGTCTGGATAGCCTTTAAATGTGGCTAATTGTCCCGGGCAGCAGAATTTTGAGGTATCTCTCGGCTGTACGTAATAGTTTATATCAGCCATTTGGGTATCAACGCCGTAAGAGTTTGTATTGGAAGACTAACTTTACGTCATGTGCAAAGTAAATATTGCTTCGTGTGGGGTATTTTCATTGGGCACGCGCAGCGCACCGAGCAGGTAACTGGATAGTGACTGCAGAGTTTGGCAGGCGTTGGAATGAAATAGCCTCTCGTAGCTACAGAAATGTCTTTACTATCCGACTTCCACGTGGTCAGCTATAATAAGGAGCACTACGAAATTTTACTGATATTCCTTGGGGTTAGGG,1867,48.74,Drosophila melanogaster
SEQ_555086,CGGTCCGATTCACACCGCTGCGGACGTCATATTCCTCTCACAGGCTCGGAGTTCTTTTAAACATCAGTTGAACAGTCCTCACCCTCAATACGTTATGCGACGGCTAGGAGCTTCGTAATTTTTACCGGACCGAACTAAGGATAGATCCTAGCCGGCCTCTTGCATCAACTGACAGCCACGGGTCACCTTGCATGCTATCGAATGTTATACTCGCGCTCCACTCCGGTATCTTGGTAACATTCGTAACTCCAGACGGAAACCACGGTATTCAATTGTGCCGCGTTTCATAGCCAGGGTTGTCTTTCTTTCGTTAACGCGGTTCTATCACAATGTGTAAAGCAACTTGGAGAAACAAACGCCCCACAATTTGTAATATCTTCTTGCAATATTGCTGCCGCACCGATCTTCTGAGAGAGCAAGGCTTGTACTTGATGAACGGAGGTGCTTAGCGATAAATGATTGAGGATATTGCGTGACACGGACGCTGCATAGTCCTGGCTTAACGACCGTGCTATTCGATCAGAAAATCTCCCCGTCCTGCTATTGGATTTGGTTGGCTTCGCACAGTTGATGTGCTAGCGTGCTTCCCATCATACGGGGTACTTGTGCGTCCTGACCACCTGTACCCCGAGAAGTCGACACTTAAACTCCGGCGAAGTGGCGCCAGGAGTTCATCGACTCTAGATAAGGGAATAACACATTGGAGATTTTCTGGCGGGGCTGTTTACGTAGACGTTGCACCGGTCCGGCACCAGCCAGCCGACTGTCCCCTAGCCGGTTGGGGGCGCACCCAACAGATATATCGCTTTTTGGGACCTTTTGCGGGAGTATGAGTAGGACTTTAAATTGACTGCTTGCTGCCTCATTGCGTAAAAACGGGTACGTGGAAGGCGCAGGTCCCCAGATAATACCCCTGAAATATTGCGCAGTTAATGACTTGCCCGCGTGTGAAATAAGTCGATTTCCATCTGGTACAGCCATAAGACTCATTAGTATGTTGGACGCCTGATGGTGCGACGGTACGACTTATTAGTCTATTCAGAAGAGACGACACTAAGACACACATAGAGCAATCCGGCGTGGGTACTGAAGGACTACATCACAAATGATTTAATGGCTTTCTATGCTTTCTTACTATTATCTACGCGCAGGGAATTGTCTAAAATAGAGTTTAGAACTGCCCCTCCCTGAGGAAAGGGCAGATTATATTCATATATCTCAACACACTCTCAGATTCGGTTTATCGCCACAACGTAGGGAAAAGGGAGGTTACCATGCACCCTAGACAACCAAGTGCCGGATACTTCACCCAACTTACTCAGCGCCTACAAGGGCCTCTATCGTTGTACGGTTGGGCAGGGAGCTCGGTTGTTAGCGCGCTCTACCGGAGACGAACATGGCTACGT,1406,49.15,Arabidopsis thaliana
SEQ_464533,GTGGAGCCCCAGCGCTCATAGCGACGCGGAAATTGAGCTCCCAGACCGAACCACTGCGGGAGCGAGGCATATTACGACCTAAGGAGCAGCATATGACTTTTGTGATACAGAAAAACGATGTTAA,124,51.61,Caenorhabditis elegans
SEQ_182615,AGAATGGGCGGGCGTTTATTGCGCTCCATGCCTACCACGAGCGTAATGCTTCTCCAGCCTGCCCAGTTAGCCATCGCCCGCATACTCTCGACGATCAAGAAGGGCTTTATCGCGCTTATGCCTCCAATTGCCTCAGCATAGCACCATAAACTGACTGTAATTCTCATTCTTACCAGTCACAAACCCATGGCCTCCATTAAGCACGAGCGTCGGACACGATGCTGAGTGCGGTGCAATTAACAGGTACCTTGGCCATAACGGGGGCAACCAGAGCTAGATAGAAGTAGGCCTGGCGCATCCGGTGGTGTCGAGGGAGAGTTATCAGAACCTATTAACTTCCCTCTTAGTCATAATTAATTCTGGCCCCAAGACCCCTTGCAATTGAATGCATTCTTGCTTTGCGACAGCCAGGGGAAGTAAAGAAATTGCTAAGTCTCCCGCCAGGTAATATCCAACAAGAGCCCGTGACTATGGGAAACTAGCTGAGTGGGC,492,51.02,Homo sapiens
SEQ_310121,TAGTCCTACCCTAAGAAATTTTATACGACAAGGGGTATTGGCACTTTACTCCCTCCTATGGTCCTAAACCCGAGTACTAATGCGCCACTTCCAAATGGTCGGTTCGTTTTACTCACCTCCTTTGGTAAAGCCGTCCTGCCTCAATAGTTGATATTGTGCTCTTCGTAGTTTGGTGCCCGCCAGCCGGTAGGCGTGCCTAGTTAATGAACCTCCAACAAAGCTCTTGATCACTGGCGATACCCTGCAAATCGGGTAGCTGCCTCCTCGAATTCTAACCGGAAAGCAGGTGATACGCTTCTCCCTTGACACTAAACCGTTGTCGTATTCAGAGATGGGCTCCTTCCAGCCCTAGGGGGTGTATACAATGAGTCAAATAGCTCTGGAGACCGTCCCTAACCCGATCAAGAAGTGTACTTTCTGATGGCTGACTTACGGAAGTAGTATTACAAGTATTATGGTTGTTGCGATGGCCGGCCACTGTACTCGCATTCTGTATAATATAGCGAACTGCAAGCTATAAGATGGCGACGTCTACGGTAAGCGGCCACGGCTGTGACTCTCACATGTTATAGCGTGGCAGAACGGGTGTCGCCTGCCCCAAGCACGTAAGCCGGCGACACGCATAATCGATTCATCTCAAGGCGACGTAAATATGGCAGTATTTGTTCAAGGAAGCATCAGTAATATCTAGAATTTCCGCCTTCACGACGCATGCTATTAGGGCGGTCCGGCGCTTTGAATTCGCTCGTACGAGTTTAGAATTCGTACTTTGAGTAGGGACCCCTCGGTCGTATCAGCGCTATAATCCCTTAGCCGTATGGATCAAGCCCTTTAAGTTCGTTTACGCGTGCGGCATGCTCAAGTCGTTGAACCCCGGCTCGAAACGGCAGGTAAAACGAGGCTGCGGGAGACCATGAAGCTCCGCTAGGGGATGGTCCCGACTGACTTTAGACTCTATCCACCACTAAACATGAACCTAGACACTCCCACACTGTCCTACATCGTAGCACATGTGGTCATAATAGACAGCGGAAGTTGTACGAAACGCGTATGTTTTCCGTCGAAGATTCGGGTGGCGCGGACCTCAAATTTATTACTACCCCTCAGTTGGCGACATGTAGGTGAAATCATGCCCACCCACTCACGGGGGCTTTATCTGTGAGTGGAAGAACAAGGCTCGGGGAGTTTAAAATGATACGGCAGTGGAACGCAG,1213,49.96,Escherichia coli
SEQ_959426,GCCGTCGCACGCCCATCACCGTCCCGGGTTCAGGACGGCTGTCAGGAGGGGCAACTGGGCGCATCAAGGAGTAGTAAAGTCGCCCAATTCAGACGGTCTAAATCTAACAGGAACACACGTCTACGAGGGATGAGGATCATCGTTCTGAGCGCACCTCGGCTCTGCAATGGCTCTGCAATACAGGAGTATTATAATCGCAATATGCAACATCGAGGGCCCAGGCGTATTGTGATGACCAGGTCAACAAGACTGAGAAGGTGTCACGAGCGTTGGCCTCGTAAAAGTTATTAGTAGATAACGCGTCCATTGGATAATAGCCTCAGTATAGCGGGCGAAGGCACGAGATTGCACCAACCCTCAGCCCCACGATACTAGACCTTCACCCAGTACATGAGGTTGGAATATTTCCAACTATATATGGTGATAGTTGGGTCTACAGAAGACCTTGACTCTATCGTACTCTTCTACGCCTCGCAAGTCGATTGCTCAGGTCTGACCGGACCTTGTACTCACTACATCTTCGGCGATTACGCTGAGCGGTCCGTGTGGCATCGCAAGCCCAACAGGGAAACACTACAAGAGGCAGTGCTAGCAGTCAACCGGGCGTGTTATCGCGTTCCGTTCCGCACCCAAGAC,636,52.52,Homo sapiens
SEQ_869452,TCTTGTTTACAACCTCACGGCAGCATCAAGTCAAAGATACTAACGTGTGGCCGTCAACTTTACGCGGAATGACCCCATCAGGCTAATCGTCGCAAGGGTTATGCGCCTTCTGCATAGGTACCTTGTTCGATGTTCCGGAATGATAGCGAGAGATCACCCGATGTGATCTCAAAGCTCTGTTCCTTTCGGTTATAACGTTCCCCCGGCCTGCACAACGAACACAGTCAACCCCAGAGCATTTGCATATGCGAACCCACCCCGGAAGTTTTAGCTGATACTCACTAGTGGGCTCAGTATAGAGCCTCGACTCATTCTGTGTACGAATCCGGTGAGCGTGACCAGGTGGAGGTTTGTTCCGCGCAGCAGGGCGCTTCTAGGTAGCACTCGTCATCACCGGACCCCTCCACATTCTAGAGCGTTACTTATCCACAAACTGCATCACGATTGTTCCGAGAGGCTTCCTGCATCGGACTTTATCTAAGTATGATCGCACTCTTAACGTTGGGATGTAAACCATTATCCGCCTGAAGTAGCACCGCGACAGCGTAGACGTGACCTCGGTTTAATTCAGATCGGATCCTTCTTGCCCGATGCGCATCCCATGCTGATTTGCCCAACTGCGCCAATGGCTGAACCGAGTGTACTTGAGATACCCACAGGACTTCAGTACCAGATCGAGGGGTGATTCTAATCGCGAATTTCTCCGAACTACCAAATCCCCTAACGCTCAAGGAAGACGGGGCGCGCGTCCACCAAAAAGACCCTGAATCACGGTTCGATGTAAATCGGACACCGGTGGGTAACTTGTTCTGCTAACGCCGTTGCTCGCGCCTTTATCTTTCTGTCGGAAACTGCGCGAAAGACGTGGGCTCATCGCAGGACAACGTTGCGTGAACAAAGCCTGCAGTAAACCCCATTTACAGTCAGGATACAAGGGCCATTTCTAGCAGTAGGTCAGCCCGATTAATAGCCGATTGACTGTCACGAACCATCGCGCGGTATGGGCGTCCTTGTCTGTCATGTGAGAGTCACTCCGACCAGGAATTTCGAGGTGATGTCTAGACCTTAAGAAGTGGTTATTATTGAACGCTAGAGCTACGACACATTGCCCGCCGGGGCTTCAAGCACACCCTGGGTGTAATGCTAAGAAGAGAGTCAAGTGCATTTCATTGCGTCCGATTACGTGAATAGACCCGCAC,1199,51.29,Arabidopsis thaliana
SEQ_992578,TGAGTTCTGCGTACGCATGACAGCGGGCGCTTGATCGGCGATTTTACTCGGTTGGGTTTTGTATTCGCAACAGTAGCTCTCTTAGGAGAATGGAAGATCATTGTGCTTTAAAGTACTAATACTTGGTGGCAGAGCATTGTTGTTCACCGGCCCTCGCTTGGGGTTATTTAGAGACCCTTGCGCTTAGGGCTCTGTACGGTTCCACATACTTTTTAGTCGCGGAACAGGCCTTCCTCGGCCTTGATCATCCATAGGCGCACTCCTTGTGTTCGTCCGGATCATATATAACCGTAATAATTTGGTAGACCTAGGGTCGACCTAGGATGTCTATTCCACGTGATCCGCCCGGCTAGCAAACTTCGCAGAGCCGGTTTTATGCTGAAAAGGCTGATTCAACAGGTGTAACTACACACCTCGCCAACACTCGGAGAAGATACAGAATCCTAATGGTCGACATCACCGTGCTAACATGTAGAGTAACCGTCTTCAAGTAGAAGGGCCGCGCCTGAGTTTAAGCGCCGCAGTTGAACTTCAGGCTGCTTATTCCTCCGGCGCTCACCGCTGGGTGGTATGGGCCAGTCCAGATTTCTATTGAACCGCATGCTTCAACCACAATATACCTCTCAACCGTTGTACGTTGGACAGCAGGTAGATGGTACGACAAATCGAAAATCGACGATCACCAGAAGCGTAAGGAACCTTCTCCGTATATTTCTGGACGCTAGTAAGTATTAGACTAGACAGTCCCAAGGGAGGACCGTGTAGGGCGCTTGCATTGGTCTCACTGCGCAAAGAACATGGCTAACGTGTCTGCTACACGATGCTTCGACGGGGTTGCCTTAGATGCGACTTGGAAATATAGTAAGACTTGGAGTAAGATTGATGATTTCTGTTTCAGCGGCGGTGACGAGGTTGTACAGCAAACAGGAACTACCTCTCCCTATCCGATTCCCCTATGTCGAGAACAGTCGCTAATGCGGCACCCTCATCGGTAGTACTTGCGGGGTTACTGCCCGCTACCAGCTTGGTGCCTTTGGACGGCTTCTCGGCCAAGTATTAAGGATCCTCTGCCTCCCCGAACCCCTAAGTGCTTTCGGTGTCCTTAGGGGTGGCCACCAGGTTATGGCTATATTGGACCAATCGCAACATGCCCTACTCCTTAGGTTCACAGACCGGTGAGGCGGTTTAACGAACCTTTGCTCACTGGCCAGATGTATGTTCGTATTGTTTCCTAAAACTTAGAGTGTAGGAGCAATGCGACTCTCCCCACAGAGTGTATGCGACAGCAGACCGCAATCTCAAAACAATTGTCCCTAACGCCACTGATTGAAAG,1333,50.11,Arabidopsis thaliana
SEQ_914201,GTTTGGTGGTTAGAGTTCCGCGGATCCTGTGCCCTGGAATCTGTGGGCACGGATCGGGAACACGGCGATGCTGGGACCTTCTTATCCCCTCGATAACAGCCCATGTATTGTAGAGTGGCTCATCCCGTCGGCAGGATGCCAGCAACACATTTTGTAGGTCCTCCCGATTTACATGTACCCCGATGCCAGCAGTAATACAGACCACCTTCTTCTCGGTAATAAACGTAGTTCCACTCGAGCTTTGCATTGAGTTAACTATAGGATTATGCAAGGAGTACTGTGTAGCCCTTGCCGCTGGCTGGGCGTGACCGGGCGGCGCCGGTGGGAAATCCAGGGTTAAAAATCACAAGCCATTTAGACTGCTCGGGCGTTGATAGGGTAATAACGATGTGTTCACCTCCATTCATGTGTTGCGGGTCTAGTACTTAATAACACCAAGCGCAGATCTCGCTGAAGCGGGTCAGGATACGTGTGATTGTTCGGCCTTGTCGCAGGCTAGTTTGCATCTCGTAAAGAGAACAGGCTCAGCATTAGCCTGCCAAGTGACCGCAAGATGCTGATTCACTCGGACCTTCTCGGGATTATATGGATGGGTTCTTAATACTGTAAACGCTTCGATGCGATCTCCTACTATCGAGCTTATACTGGACCACCAAAAGATTAGTATCTCTCTGATAAGCAGTCCTATTACAGAGTGGTGTCTAGTCAAAATATCGAATCTCTCCCCCCTCGCAAGACCTATAAACCCGTGCTAAAATTGATCGGTCGGTCAGAACACGTCATCGAGAAGTTTGCGCCCTTTTTGGCCGTACCATGCCCGATTAAGAATAGAGGGTGACATACTAGGTTCCGAACAAAGACAGAAGAATTGACCTTGCTACGCGATATCTCTAAGCTTAACTGCCCTGTATGTTGCATGTCTTCACTCTAGACCCCCTTCGAACTTGATGTGTGAATTCCGTCTCGGGACAACGTCCTAAAAAGGCGTGCTTTGTGTCCATGCGCCTGAGCTCCGCCAATCCGGGTGCCCCTTAGGCACTTGTAACGGAGAGGCCCGGAATCGACCGAAACTACTCCACTTGAACCTTCTATCCTGTAGCGGTTCCAGTGCCTAAACCAATACGGGACGACACCCCCTTCGGTGCGGCGGCCGAGACTGTTTGCACAACTGCAGGCTGGCGACCTGCAGCCGTATGGCCTCGCGGAGCCGGCCCGATACAGTATTGAAGGTCGGGTACCCGGACCAGCCGAGTCACAGCTACTGATCGCCCTCTAGTTTCTCCCGGTACTTATTGGATGTCCCTGGGCCATCGCAGTGCTTCGACCAAAAACACCTGACAAACCGACGATCCAACCATTCCCGTAGAGCCGGGATTGAAAGATCCTTCATCGTTTGTGGCCGCGTGACCGTGTATGGACGTGGAGACATGGGAATGCAGACACATAATCCTGTAATCGGATTTATACGACGGATGTATACAGACGGTTCACGATTCAAATGCAGTTATATTTAGCTCATTCTTCGGCTGGTATGACTCCTAGAAGGGGAGCATGAGTTCAACGCAGGCTAGGAGAAATGCATGACGGGGCTTCGCGGTGTACCTAATCTGCCAAGCACGCTTCTTATGGTGACCAAAAGGTTACTCCCCCTTTTAATAAACGGATTCTTTGCCAAGTCCAGGAACCATCTCTAAAGTGGTATTTTGACA,1709,50.79,Caenorhabditis elegans
SEQ_965531,CTAGACAAATCGCGGCCATTGGCATGGTACCCGGCCTGGTACTTCGGGGGTATGTGTAGCAATGTGTAGTGGATTTGCAGATGTAGGTATGACCCCCCTGACTATTCCAGGCCATAGGCCAGAAGAGAGTTCGGGACGCGACCCACCGGTTGATGTGGGGACCACGATATTACGAAGCTACGGCGATCACTTGGCGTAGCAAGGAAAGAGCCCAATTCGAGGGCGGATCGGTGTTCGTAGACAGGACCGGCAGTTGGATTTCGCTGTAAGGGAATTGTTTATGTTTTTAGGTTAAACACTTCGCCCGTTCTTTTACTACAAGCAAGGAAGCTAGCGGTAGTAACTCTGCATCTCGTAAGGCTAAACGCAAGGCTTCTGCCGTGTATGTTGGTAGACCCCAGCATGCGAGTAGGTGCCGAAGAGAGCAGGCCCGCTCAAGTCGAGGTGATAGAGATTGTCTCGCATGTCGTTCCTCCCGGCCAGCTCCACTTTTATGGGATTCGGTCGGTGATCATTTGGCTATTAGAGCCTGCCTGTACACGTATGAGAGTCCCATAAAAAGGCCCAAAAGAGGAGCATCGGTTGCAAATCCAGGGGCCGTGATCATTTACTGTGTATTCGGAAGGGCGTGACGGACATGGCCCTCATGTCGGCTGTCAAATCATAGGC,669,52.47,Mus musculus
SEQ_654501,AAGTTTAGGAAACCTAAAATTGAGTTCTGATGATAATACGAATGCGGGTGACATGGAGGTCGCATGTTGAACCACCGTCTGTTTTTCTCAACTGTTGTAATTCGATCATGGTTCATTGACGGTCACCCTCCTTGCAACTAAGCACACACAGAGCCTTCACTTGAGAGTTTGTTGCGGATGTTGTGCATGAGGAGGACTGCAGGTGGTCGCCTGGTATTGAATATGCCGGCCGCTAAAGCTGGAAGTCACCTATGTACAGACCATAAATATTGTATATAGGCGCACATCCAATGCACAAGTGCCGCCACATCTGGACGGAGTTGCTCCTCTCGTTCGGGAATAGGGGAACAGTTGGTGTCGTCGAGCCAACCGATCTTCGAACAATGAAGCATTGCTCGCAACATTAGGTGGAAATGCTGTCGGGCGCGACTCTAATTCTTCCGGAGGACCCTTAATCCTGGAACTGCGGAAAACCCGTGCCTCTCCGAGACTGGAATGCAGATGCGTTGCATGCCATCAGTCGCCGGGAGTTCGGCTTAGTAGCGTATTTTACACTAGCTTGGTATTCACCTTCTCCGGAGTTGCTATTTACGAACTATCGTAAGAGTATAGTCGGCAACTAAGCTACAGCCTGTAAAGGTCCTGGGTTAAAGACCGAAAACTGATGTCAACGCGGTGGAAAAAAAACTCGCTCTGGATACCGTCTACGTCCAATCACAAAAGGCGGCTCAACGGACGAAGAAATCGCTGCGCCGATTCACTTATTAGCATCGGAGTGCACCTACGCGACCCACCGGGGTAGTTAGCTATTAGATCAGATGACCGATGAATGTTGGAGCAGACCGATCTCCTGCTGCTTCTCCTTCGGTTAATTGGGACAGACTTTTCCAGGAATCGCGAAACCCCCG,908,49.45,Escherichia coli
SEQ_932068,ATATTCGCGGTGTAGGCTCAGATAACCGATACTTAACGTGAGCTATAGACTCAGTCGGCACCTTCGTGTTGAAATCGTGGTACACTATAGGATCCCAGACGTTTACGGTGGGACTGCATGCAGTGTGCACACAGAACGGTCGCGGCGATTCACGGAGAATTCCTCAGTACGCATAAGCATACCACTGGTCTAGGAAACGTGCAGCACATGGGTCATATTAGCGGTATCTAATCCGCCTTGAACACCGGGATATCACCCTGCTCAAGTTATGATCGCTGTCTAGTGTCCAGCGCAAGAATTACCCCGCGACGCCGGCCAAACCCACGCCAGCGGGTCAAATGACATGTCTATCACCTCAACATCTTCGATTCGAGCCCTGATAGACGGGTTTATCGC,396,51.52,Mus musculus
SEQ_439858,GATTGGCATCGAGCCGTCTAATACCAACATTCGGAAGAAGCGTCGTTAAAGGCAATGGCACTCTGGATATCGGAGGGCACGTCGTGTGAAGGTCAACCTCAGACTCGATTTGGCGTGCTTAGGAACTGAAGTCTTGGCATGGAGCAGACCTTCATGCCACAACCTGACAGCTGGCCTCCACAGCTAACCCCGGGGACAGAATGCGCGAGACAAGTGTGTCGAACTCATGTGTATGCACCTCGGACTGTTTTTTATCCTGGGCGTTTTAAAA,271,51.66,Drosophila melanogaster
SEQ_297760,GATACCTTCTCTCGTGTCTAACCGAAGCTCAACGGCTCTGGGCATGAACTAATAATGCATTAATCGCTCATAAAAATTGTCTCTTTCTTTGAGTCACAGCCATCCCTGATACCCCACTATTTGCAGAATAATGATAATGTCCCCACCGGACATGCGCCATCCGGGAGTAACCTCTTGTAATACATACTGCTCGATGCTCCCCTACGGAGTCGTCCCCGGAGAAATGGCAGAGCACCGCACGACTATGTTCTTCGATCAGAAAGTCGCTATAATATAAAATGGATATAAACATACAGTTGAAGCATTACGCGCTGCGGTAACCCGGTCACCCTACCCACCTTTTGGCCCTGGCTCGTCCCCATTAGCGTGGTCTACTGGCAGACTCCTCAGCATTCAAATGTCCCCACCTTTATAATCACCCCGGGACTCGTGCCGTAATGGAGACTACGATCGCATTCCAGAAGTTAGCCCATATTGTACACTCGCCTACAGCGTTGTATATTTCAGGGGTTCTGTGACTTCCACCTCACCGTAAGGTTTAACGGATTCAACTACCTGACGTTGGCATTACAAATACGCCATGGACCCAGGCCATGCCGGGACAAATTACCCCAGCCACATAACCATGAGCCAGCTAAAGGGACGGATTAACCCCGAGCATAAGTGTGAATATTGGCTGATGTTAGGAGGCCGAGTCTCGGTGCTCTAACTTGGCAATACTCTTGTCGCCCAGTGTATGTATGCACGACTGATGGTAGAATTGGTACACATTTTGATTTGTCCTCGAAAAGATGGGTCTTTCGCTTGCGTGTCAAAGTTGCGGAATAGCGATTTATGCGCGGCCATGTTCCCTACTCGGTAAGCAGTTGACGCGAAAGTTCAACGCCGACAGCGCTTCACTCATATCGGGATTAGGCTCGGTCAACCAGTGGATCGCAATTGATAATTCTTATATCTCAGAATCTTCTCACAGATGAATACGTTATCTATATTGTTACAAGATGGTGAAACCTCGAGCTACGGGGATTGTGTGGAACATTCGTGATAACCGGTCACAACATTCGTGTCTCAACCTAGGACGGCACTCAATGGGGATACGGTAAGGATTTGCTTGATGCTACTGGAGTTACTTAAACACACGGGGAGCAACCCGACAGACTAACTACTGCCCACGTGCTCTAGTTGATCATGCCCTTTAAAGCCACTGGAAGAACTCATCAAATAAGAGACTACAACATGCTCATTTCGATACTAAAACTAAAATCGGGATGTTCGGCTCCACACCCCGTATATTGTCTGGGACTATTAGGGGTATTGATCGTCGCGCACCTACGAAAGCCCGACTCGGTTAACTGGATTCGCTGAAAATGCAAGGACAGGAGCTACAAAAAATTACGGGATCCATGGGCCATATGCATAATGACAGACCGAACGGGGCTGGAACCACAACACACTGTCAACGGCCTGACCTCCGCTCTAGACCGAAGTAAAGTTCGAAGCCCCTCTAGAGTACGGGAGCCGACTGTCATCGCCATGCATATCTAATAGTTTCGGACTCACCGTACCCGTTATAATACAGATTGCCCCAGAAAGCTCCGTAGAATCTTGCTGGACGTTCATCTCGTGTAGATCAGGCCAGGAGCTATACGAACTGTCGTCGTCCATATTGTTATGGGACGTGCATTCGATAGGCGACCGTCCTTCGTAACTCGAAAAGTGACATGTTGAATTGTGTCGGCGTTTGAAATGCGAACGGAAGGGAGTAACGACCAACGCCCATAGTCATGGGGCTCCTCATTGCGATTACAGCCTGGTCTTCATGCGAACTATGGGTCTTCTACCATCAATGCACTAGTAGACACTTCGGTTATATTTGACGAATTTCTAGGGACCTGATCCAGCGTGACGTCAGGTCCTTATAAGGTATGATTAGTCCACGGCCGAGGT,1947,48.23,Caenorhabditis elegans
SEQ_772737,CTGCCACACTACAGTTCTTATCTGTAACTTTATTCAGGATAGATGTGCGAATCATCTATATCAATGCACTAGAATTGCCCCGACGCTCGCGTAATTTCTAGGGTCAGTGTACGGTAGCGCAGATGCTCTCCTGGCCATGGACTCACATGATCTTCATTCTTATCTAAAGTGTTATACCTATTCCCCGATTTTGGTCGTATGATAGGAGGGTAAGCTCAAGTGGTGTGAGAGGGGATTCGCACGGCGCATCATTCAGGTTAATAACAGTCAGGACATTCTGAGTTGGAGTGATCCCTCAAAAGGCCCAGCTGGCAGCTGCTATAAAAGGATCTCGCGGTCTTGCACCCCTAAAATGAATGAAAATGTGTTCTCCAGAGTCACCCTCCTCATGCGCCGGTCCAATAAGTCCGCATGCTCTCCAGGCAACGCCATTTTTTTTGGCATCCTGAATGCCGGACCCGAATCTTAAAATGTCTACGGAAAGACGTTTACCTACCGTTACGGTATACCAAGGTCACTGGTGATACTGCGATCTTGTGTTGAGGGGGATTCGGGCTCTCATGGTTGTCGCTAAGGCTGTGCTTACCCATGACAGATGTAAGAAACCCGGGGATTATGTCTGTATGTTCGTTGTCATACATCTCGTGTCTCCGCACATAGATACATGAATACCCTGCGGGGTGGCAGAGTCACCGATGCTCACGGTCTGCGAATGCTCACGTGATTTTGGCTTCTTCGCTGTCCAGCGACCTGCCCCAGAATAAACCCTTGGGCATGACCTCCTCGAATGCGGCTCGAGTGACAATGTTGTCGTAGATTTTCTTAATAAATGGGGGAATGCATGGTGTACGGCGTGAGTGTCGCATAAGGCTGATCGTGCGAAAGCACGGTGTCACGAGCGGCAGGATTCTTGGCGCTATTCCCCGCTCGCCTGAGCTTCCGTCGAACTAACCTTCTTCAAGGACGGTTTGTCCGAGGAGTCCGTTCCAGCACCAGCCCTCTCGTAAGGTAGTATTCACTAATTTATATCAGATCAGTTCTGCTGGGTTCCGCCTTGAAAATAGGGAGGGTTTGTGCATCTCCAGGATCGCTCAAGCACCCAGTTGTTCGAACTCTCTCTAACTCAAAGACATAACGGCCCTACTTCCAGGGAAGGCTTGAAATTGCATTACCGCAGAGATAGATTCTCATGTATTACGTGTCGTCTCCTTCGACTTTAGTGACTGGGTAACGGTCGGTAACGCCTTGACTTAATGTGTTTGTGCTTGTTCAGTCAGTTAGCTGGCAGACCATGTGATCATGCAAAACGATGGAGGCCAGGAAACAGAATGTGAGCGACTTAACCGTGTGGATTTTCCCAAGTCACCCTCTTACCGACCCCCTTGCCAAAGCAATAGCGCCCCCTGAACTTGCCGACCCATGACTTGTGGCTCTCGACGACACTAACTTAAAGGAGGCGTCCATAAATCGTGCGACTCTAATTCGCGAGAACGGTCATTACAACTACATGTCTGCTATACATTCTGACCTGTAATGGCCAAGTTAGGCGCACTCACATCGGCGGAGACGCTCACAAACGTTCATCCTACGCGGCTTATACGCCTAGTTTCGTAATACCAGGCAGACGTCAATTTAACTATAAAACCTATAGACTGTGGCGTGGAACAGACTGTGAGCGCAGCAGATGCGCTTGCACAGCCTATGGGGAGAGGATCCTGTGATGTAACGGCCTATCGAATGCTCGCGCACATGTTCGCAAGAAGCGGGGGGGGCCGGGAGAACCTTTGATAGAGTACTACAGATGGTTAGTCGAGAATTTCACCTGCCTACAACCCTGGTTGCACGACATGTGTGGAGATCCCCTTATCCGGTCTACCAACTTTTGGC,1887,49.81,Arabidopsis thaliana
SEQ_482837,CGACATTAAAGAATCTTATCACATAAGGGATGATACGAGAGCCCGAGTTCTCCATCACTGGACACGGTTACTCATTATGTAGTTCGCAGGACCCCCTTTTGAGCGACATAGGTCGGCGGGGGCTTCCGATTAATGAGAGCCGGTCGTATAAAGGTGCCACCCTCATAGAGGGCTCATCTGTTTAATAGCGCTTGGCTTGAGTACGCGTTTGGTGGATGGATGTCACCCTTGCCATTCATACTACACAGAATCTTTGAATACAACCAGATTAAGCACGTCCAAATACGGTTAAGAGTACTGTTATAGGAATCCCTAACAGTACTGTGCGTCATGAGGATCAACGGAGGACCTTACCGCTACGTGCGTAGAGACCCCCCTTTCTATATGTGCCACACTCTAGGCACCGAGCATGCGCACCGCCAAGGCCAGGGAGTTTGCATCAGCGGACAGGCCAAGTGACCTATCAATGGCGGGCCATCGGCTCCGACAGACGACAGGGGGTGAAAGGTGCAGAGGAGTTTGCCTGGACGTC,532,51.69,Homo sapiens
SEQ_314374,TTCCATTGCTGGTATTATTATCCCCTAATTACGTTGTCTTCCTACCGCGCTGCTGCGGTCTCTCAGCAACTGTAACCCGTGTAAGCCAAACAATCCATGGCTGACCGTTCAAGGCGCTGTATCGATTATCCCGGTATCCTCGCAACTGTGTGTGTGCCCTTCCACATGAGCGTATTATTGCTCGGTTAGGACTACAATAACGGTCACTTGGTTTTCACGAGGTACAAACTCTCAAGTCTAAAAGGGGGAGACGCACGGTCAACTCGGATCGTAATGCACTGTGTTCATACTTTTGTCGCGTGTGTGTGCGTTCATGGTCACCTCTGAAGAAAATAGCGCCGAGTCTAGATATAGTCAAGCCCATTTATGCCTCCGAACAAAACGCACTCATAACTCCAGTAGCCACTCAC,410,48.29,Drosophila melanogaster
SEQ_528419,GTAAGGGACGGCCCCTCCTCCTCCAATTCGGCTACTGACCGGTATACTGATGTCGTAAGGCTCGTATGAGCCTCGTGTCCTAGATCTTTACCACACAAATCGTACGGTCGAAGAGGTTTATAGAATGGTTATTATCTCACGTCCCCTTAACAGGTACTGTACAGCGGGTCGAGAGACCAAACAGGGACTGAACGTGAGCTCAGAAAGCCCTGAAACCAAACGACGGAGATCACTGCCAATGCCGAGACCCATCTGGGGTCGCCCAGTTCTGAGGGAGCTCATGTCAATACAGTGAATCAGTAGCTCGACGATCGACCTTTTACGGCTTAAAGAAGGAGGAGCGTGTATAGGATCATATCCTGCCCTTGAACTTCGAGTGCCGGTGTGTTGACCACATTATCAGACTTTCGGTCTTGAACAACAGTACTTCGTTTTCTCGGCTTATCGTATGACGGATTTTGGAGTAAGATAAGGGTGGCGGTGTTTTCAGCTTACCGTTTCACAGTCCTCATCGCAGAAACCAAGACTGCAGAAAAAGCTCACCGCGCTCTAATAGACGGGCATTAAGCACGTAGCTCCGGATAAGTGGAGCTGTGAAGTCCGTTATGTACACAGTGTCGAACATGCTTACGCCCTACAAGGACGTTATTAGATGTATAAAGGCCGAATTGCGTTAAGACAGAGCTTGTGAGCTAAGGGACAACCGAAGTAGGTTATCGCTATCGGATGGGGACAGGAGAACGCCAAGTATTAGAAGACTCTTCGAGTGACACTTTCTGCGAAGCAAGAGCAGTTCCACTAACGCGTCCACGCTATTAGGTCCCGGGCCGATCCGTTAGCCAAAAGAAATCGTCATCTCACTTTATGTAAAATTGTGGCTTCTCGTTTCCCACCGCGTGTTGATTTGGTAAACGATTTTCAGTCACCGGATTATATCCAGACGTGAGCACTTGCCCCGATTTTCAAACTCTACTATTACCATTCCGCGGCAGTTGGTGAAAGGGTTGATGGTCCACCTACAGACAGTTTGAATCCGGATCGGATCCCGAATGTAGCGTTCCGCATCCGTAGTTAAGCTCATTTATATCGCTAGACTTAGGGTTCCATCTTGGTGGAAACGATGGCCCGGTAGCAAGTCGAGCACAAGACAAGGTTGGTTATAAGGATGATCGTTTGGGAGGATATTATGGCAACACGTTGAACAGATCGGATTGGCCAATCCAATTTGCCCTATCCAT,1238,48.38,Homo sapiens
SEQ_275973,AATAGCTAATACGCGGGTTGTGCGCCTCGATGCCTGGGGTAGAAAGCATACCCTCCACGCCGCTATCAAGAATAGCCTCCTTACCCAACTTTGATTGAATTGTACTTGCATTAGCACGCGGTAGGAGCTCTGGGCCTAACCTCATGGTCCAGAATACACTTACAAGGTCACCACATTATAATTAAACGGGCTGACTTCGATAACAAGGTTGTGGGCCCTAAGTGGATGCAGCGTAGGCTCAACTGTTTCCATGCGATTCGTACAGGGTGGCGATCCCTTCGTAGAAGAGCGATAGGCAGGGATGCCGGGAGCAATTATTCCCACCCACCCACGTATCATACCCCATCGACCTTTTTATTGAGTTATGCTTTACGGTCTTGGGATTATGGA,390,49.49,Saccharomyces cerevisiae
SEQ_609150,CTTAAAGAGGTACAGGAGGTCGTAAGCAGAAGATGGCGTTGACGGCGCAGCTTTGTCACTGTTGTGGTATCTGGCCCATTTTACATGCTCTACGTCTATGACTGCCGTTGGAGTGATCCATACTTTAGACTGCGTGATGACCTAGAAGCCATCGACAGACTGGCAACAGTGACCCCCAACCACCCGTCCAACTAGGGAAGGAAAGTGCTAAACCCGCATACACATACTCACAGTCTCACGTAACGATTCCGCACATCGGCTATACAGGCTATTAATGCCAGACGTGGACTCCTTCTGAGTCCTTATTGTTTTGGGATAGATGCCTATGGAAACTCGCTACTTAAGGATTCCTTGAACTGTCGCAAATCTGGGTTAAAAGGCCTTAAGCGTTTATACGGACGGCGAATCTGACTGACAGATTAAAGCCAACCTAAATACGTCTAGGGGAGAGGAATTAGAGTTTCGCGGGACAGAAAACCTGTAGCCCACTAAACATCAAACGTCTACTCCCGCGAGGGCTAGTTCCTCTAGGTCCGATGGAAACGAATTGGTCAGAAACCATAAGACTTAGTAACAGGTCATGATTATTATACCAGCCACACTATTTAAGCCGAATTATGTGGGAATCTCCTTACCTACTGGTCCTCGACGAATGGTCAACACGCGGAAACGACAACGGTTCATGACCCCTGGTCGCATAGTCAGTCGGTCTCGAGTGCGTGCTGGTGACCCGATGAAAGGTGGAGCAGTAGCCCGGAATTCTATCGATGGCCCCGTACAGCCAAAGGGTCTTGCCATCCAAACCGGGCGCACATAGCGAGATTGCACTCCGATTAAAAACGCTACGCCTTAGTGGCCCCATCAGCCATCAGAGGGTGACACTGAACTGAGTTGTTTCCTTGAAGAATAGCGCAGGTACACGCATCAGTATTTTTCGTGTAGGGCATAGTGTGACGCGAGCAGTTACTAATCTATGTTGTTATATTTTCCAACGACCCGGCGCCTGGAACTGGACTTAATACTTTCCGCAATTGCCCACGACTTCTTTTATATAATTGCTTCTCATCATTAACCGTAAAGTCCAAGGCCTAAGCCGGTACTCTGAGATTTACAACAGATATGCATGTGCTTATGAGTTGCCTAAAACTTTCTACTTGAATAAGGCCGTTCGGTTACGAGAGATCAACTCGCCCTACGGCTAAGTGTACGGCTCTGCCGCAAGGAATATTTGAATCATGGGCATGTCGTCACGCCAAGGTACTCTGAAGGTCCTTTGGTTTTTAGTGTCAACCATATGTTGCAGCTGACTCAGGCGGGGTTGGAAAGCGAGTTTGCGTAATACAACTTTGGTCTAAGTTTGAAGACACACGAGAGTTGCCCAATAAGAGATACTCCTTAGGGGATTGAGCAAGCTCCTATACGCTTGGAGCCGCGGTTATGCGTCAGTCTTGTGGGCCGACCCTTAGGAACTTGAGGACGGGGGGCTCCGGTCATACATGTCGAAACTTATAACTATCGGCCATCTTACCTATCATTAGATGGCGTTTTACAAAGAACTGTACAGGTGGCCTCTACGTAGGTGATAATGGAAGTGCCCTACTCTCCGCCGCGGGGCGCTCTCGTTGAAGTGCGGAGGTTGCTGCATTCATCCGATGTGGCCATGCTCAGTGTTTTCATTTCATTGACTGGATGGTGTTGCGGGTGTTTAAGCGTAGAATGTTAGTGTCTGGACCGCTCACAGCTGCAACTAGACAATTCATAGCGGACTGATCTTAGAGTTCTTCCTTATATCGTTGATCCGAACACGAGGAGTACATCCAAGAAGGGGTAAGGCTCGCTCAAGTCGTCGTAAGGTTCCTGACGTGTACCTTCTCGGTTACGTTGACTGACCTAGGACCATGTTAACCCCTTTGCCCATTTCCGTCGGAAAACATCGGTGAGGGTCACA,1948,48.61,Mus musculus
SEQ_769954,ATACGGATAAAGATTCGGACTCTTCCTGTGCAAGGGCCGATATTTTACCGGTTCTGAATAGATAAATGGATGGGGCTAGTGCCTCACGTACGAATTCGTACCCAAAACGGCTCCGACGCATTTGCCGACCGGCTTTCTATCCAGAAGTTAACTTGGGCGGAAGTTCGTAGCCCCGTGCCTTCTTGCCTATAGAGTGAGGTGCAACGTTATACATCGAATGAATTGCAGTAAAAAATCCCGCACAAAGTGTTTCTGGGACAATTGAGGAACTTTGCGAGATTCCTTCTACGGAGTCATTGGCCCGGAATGCTAGGGTAAGGCTTGAGGTCGGAAGGTGGTAAGCACGCTGATAATATGTTGGATGATACATAATGCATCGCGGTCCGGAAACCATTCACCTACCGACTTTGGTTCACATCAAGACAGTTTGAACTAAAGTCGTTCGCCATACCTCACTGTCGCCCGCTCAATGCAATTATTCCCCTAACCTCGGCTGCACCCCCTAGTTACCGGCATTTAGGGTAGTGAAGTCTGGTCTAGATCGGAAGG,549,48.63,Arabidopsis thaliana
SEQ_934598,GCTTTAAAGAGTCTGTGGGCTCCGCACTTGAATACTCAAGGTGCCAAAAAGGTACAAAACATCATCGACTTGTCCGGCAGTTGGCCTAAACGATAACGTTAACACGTCCTCCGCCGGTGTTTGTGTCGTTACGTCAGCGTGATCGCCAACTCACGTCTAGGAGCTAGCGTTCCTCCGCCTCGCGTAAGGAGCCAGCAACTCCGGTGAACCGAGCTACAGACTTAATCACGCTGGCCTAGGGGTTTACTCCGATCTAAGAACTATAGACAATCGGCTCATATGCTGAGGCAATGTTGCTTCGTTAGCGAGTAGCCACGTGCTGCAGTAGTGAGACTGTTTGTAGAAAAGTGCGCGCACGCTCCCTCCTCATCCACGCTACAACCGTAAGAACTCAGCTACGTGACCGTAGTGATACGCCTAGCGCTGGAATGCGGCTCTCGGA,442,52.71,Drosophila melanogaster
SEQ_353180,CACACTTGCAGTCCCCGACACACTTTACTGGGTAAGCTGGTGATGGGGTCATAGTTTCGCCTAACGTAAGACCCCCATGCCTTCGGTATTTTGTCGTTTACAAACGATCGGATCGGTGAGCCCGGTATGGATATCCTGCTCCATCGGTCCGATGAGACGCTGTTTAGGTGTTAGTAAGTAGTCGAGGCTCCATACCGTGATTCAGGTTTTGTCCTGAATTCGTGTTATTGCGTGGGGTTTTCTTAACTCTGAACTACCCCGTCTCTACGTAGCCGATGCAACGCGTCGGTAAACAAGCGTTCTGCTCCGTGAAGTGGAGCTTCACAAGATGACACGACTGTCAGGATTGTGACTCTGCGTTCGTGTTCAGCCTCGTTTAATTTGTTCTACTATCGGCGGAGATGTATCGCGTTCGTTCTGACCTGCTGAGTCGACAGTTCATCGGACAGCAACGGCTTATACTGGTCTTACGACCGGCTAATAGCCCAAATACTTCTCAGAGGGCGGTCACCTTAAAAAAGGGGTGATAGTGCAACTGTGATTACACTTGGCACTACCCCATTACACTGGTCTCATCATATCCTCCGAGCATTAATTAATTTTGGTTGTC,610,48.85,Arabidopsis thaliana
SEQ_184203,TTGGAGACTTGATGAACCAGGGGTAGGCAACAATCCTCGCGACGGAAACAAAAGTGGGTCACCCTATCCAACTGCTCAGCAACAATTGAGCTTGTATATCCAGCCTGTCCATCGCGCGGCCCCCTTTTCATACTCCCCCAATCCTGTCCGGTTTCCTATGCATTCCAGCGATATATGTTGTAGGTCCTCCTATGCTCCCGGACCGTGTCGCCCCGCGTCTGAAAGCAGGATTTACCAATTTCAACGACGCTAAAAGGGTCCCCTGATCGCGTTGGCAAGCCTCCCTGCTGATGAAGACGAGTCGTGCGGTGCGGCCCTTCTCTTTTGTCGTCTTTTAAGATCCCCAGCTACACAGTCATCCCTGCTGCCGAGCGAACGGAGTACAATCGAGCAAATGTTTACGTGTGAGCGTCGGGGGGCATTCCTGCAAATGAGCTCCGCGCGACTCTTGCATCGACCTACTAGACTTAACTCCACACGGTCACATTCCTTGGTTATACCGGTGCCGTTTCGGAGCCAACAGCGCCGCGCCACGCTTATGTGCGGTTCGTTTATTAGTCCAGTAGCGTCCTACTATTATTAATTTGTGGATTTCTCTCGTGTATGCTGTCTTCGCCATCGATCGATCGGAACGGTCTCGGTCCTCGTTTTACGGCACGGGAGACGAAACAGTATAACACAGCCGGTCCTATGTATCGGACGAAGAGCATGTTCTCGGATCCCATACCGCGCGCCGCCCACAATCGCTGCTCCGGTGCGCGAGACGCTATTAGTATACAAATGCAACTCCCAGGGTTTCTGCGCAACCAACCCTGCAGCCGTTATGACCATACTCTGCTAGGCGAATCCTGAGGGCCTTAAGGTGGTCCGTGAGTATAGGTAGGGTGTGGCGTTTCGATTGGTTGCGGTGACTCGGACCCCGAAGGGAGCAAGATTACTAGCTTTGTCTATTACTCCGAAAACCCCTTGTCAGGCGGGACTACTGTTGGAGTCTACTCGTACTGTTCTGTTATGAGGAGGGCGTGTACTCCTTGAACCGAGGATCAAATTTAATCGGTAATCTATTGTAATTTTAGTTATGCCCGCGCTCGAAGACATCGGCATCTACTTGGGGAGCCGACGTTTGAAGAGAAACAATCGAAAGCTATAGTTAGAGTCTGTCACGAACAACGCGCCGATTAAATTAACTTGCTTGTCGCATGGCGCCTTCCCTTCGGCGGATTCACGCGCAATATATGTCGAAGGATATGTTCGGACCCTTAGCTAGTGGGCTCCTGATGGAATCGACTTGGTGCCCCGTGGCAACCTCATGGATAGGGGTACCAGCACCTGAAAGTATCGTGAGGGCCTAGGGCGTGAGGTATAAAGGAATGCCTTCGTCAGCGATACCCTAGGTAACAATAATCTCTGCAGTCTTCCGGGGGAACCCTGGTAAGTCACCTGCAGGAGTAACTCCTAAGTGACTTCCCGAGCAATTATATAACTACTTCAACTGCTTCCGTTTACTCGCCCTGGCGGTAGACTTAAATCGCCTCTGAGCTCCTTGTGGT,1550,52.06,Escherichia coli
SEQ_975487,CTTCTTGTCTTCTTACATCCATGCGTCGCGAATGACTAGCGCCTGCGAGATGCTCGATCGCTGATCATGGCATCCTAAGCGACGATCGGAGGATCGACCAGGGGAGGCTACCAATATCGCTAACGCTATCGTGTGAGAGCCGCGTCCATATCAGCGACTTATAATAATTTTCTACGGAGAAGACACTGCCGACACATTGTATAATTATGGAGTGCAAGATTGCGGCCAGCGCATGTCGCCGTATTGTACCCTGGCGTCAAAGCTGAGGATTTGTACTCCAGGACATTATGGCGCCGTCCGTTATAATTTCACATTGGTTGCAGGAAAAGTGGAATCTCAGAACGGGCTGCAGCTCGCGCCGTGCTAATCACCCGGGCACGGAGACGGCGACTTGACCAAGGGACAGCCCAGCACCTTTGACGCTGATAACAAACCCGCGGCTGCTATATGCCCCTGGCGACGAACCGCTGACCGCGCTACTGCGTTCTCACGAGGGTGCGCCGCGTTTCTAATATTAGTGGAGGGATGGATTTGTAGTGGTGAGGAATGCTGCTCATTCTATGGGATACCCAGTCCAAGCGTCGTTAGTATTCAGTTTGTTATGACGATTTAAAACGAGGAGTACACAAGAGCGGTGAAAATTAGCGTCCGTGCCAGCGGAGCGGCGTGTGATAGGTCCGGGACCCCTCACTTTTG,696,52.87,Drosophila melanogaster
SEQ_533866,TTGGCGCGAGTATCGCGAGCGACCGATATACTAGAACTCCGGAAGGCGGACTA,53,56.6,Arabidopsis thaliana
SEQ_235100,ATTCGGGGGTGTGCGGACTAATGTAGCGCGACTAGCAGTGTGCCCGCAGTGGCTACAAGGGTGTGGTATGATAGGCGATGACGAATCAGGACTATGGGTTACGGGCTGAGGTGACTATCGCTAAACCTTCATGACGGCAACTAGGGGGGTGATAGCATTCGTATACCGGCCGCACGCCGCAAGTTCAGGTTGTACACGGTGTGCGTATGTTAATGGGAAGGATATTCGGTTCGTACTCCACGCGTGATGGCTCAGGGACGTTCGTGTGATTATGTTGGTACTGGGATCCGCAGAGTGGCGGAGTAGAACCACTGAAGGGT,320,54.37,Drosophila melanogaster
SEQ_619462,TATTCAGGAAAGGTCCAAAGACCAAATTGTCATCAAATCAGAAGAGATAGACCGTGGCGGTCTGACACGTTCTACTGGCATTCGGTTAAACACATTAGGGCGGAATATCTTCAGAATTCCGACCCTACTGCGGGTGTGAATGCCTGCCTTGAATCACTTTTTTAGCCGGACGCGCATGGCTGTAGGTGCCCCCACTACTTTGCGGAGTAAACACTCGCAAGCTCACTGGGATTAGTTCACGCCGCGCCCTCAAACAATCAGCCCTTGTCCTGCTACAAGGACGGGCCGGTCAACCATAGCGGGTGCGCGCACAACACTCGAACCTTGGGAGGTAGATAGTATGATCCCCTTCGTCGGCCCCTAGGCAGCCGTAAATTTTGGCTCGACGGGTTAACTCCGGCGTTTCCCCCGATATCCCTGCCAGCAGTACAGCACCAAAGTATGGAGTTTCCTTATGCCGAATTTATGTATGTGTTTAGTTGTCGCCCTTGTAACCAGCGCTGGGTATCGTAATACTTGCCGATCGTGCTATCCCGAAATAGACACTCCCCGGGGATGGGTTGCATTCGGACTCGATTGTGCCGAATAGGTCCATTGCCACATTTCGCATGTATAGATAATAGAAGACGACCAAGGTAACAACCGTCACTTAATAGAAAGGATGTCGCAATCCGCCAACGTCTACTTCCTCCTTTGTCCGATTATTCCGCATGCGGAGGGACTACGGATCCGTTTTTCAGGCAATTGTGATGGCGTCTACA,761,50.85,Mus musculus
SEQ_178651,GCTCAGGGGTCCATCGTAAAGTCTCACACGTAATGTGACTACCTTGAATCCCGACACGAGCAGCAAGGGTCCATGGTTTCAGAAGGGGAGTATCCCCTGTAGTCCAGGTAGTGGTAGCGCGAGACTAGTAACAGCTATTTGACACCATCAAGACTTGGGTAGACGAGCTCTACGTAACACTCTAATAGTTGACGGCTGTTTTACGGCCTGGGAGATATGCATTGGCACACGGGATGCAACTCGGGCCAATTGTGCCTATACGTGTCCCGGAAATATTGGCGTGGTTCGCCGAGTTGAAATGCGTGCATGCTGTTCCTCCCAGCCGCTTTCTTATCGATCCCTATTTGTTGTGGTACGATGCCTATTCTGCAATGTTACGGCTACTCCGTGGTTCGCGAAACCCGCTCGATAGCTTACTGTTCAACCCGTGTAGGCTCTTGTTCGATACTTCCATCGGCCTCACTTATACAAATAGCTGAGACTTCGAAGTTATGGTATGTGTCGAAGCATGAAGGGATCATACGCCGGATGGTAGTAGTTCGCTTACTGCCTAACCGGGATGACTTGGTGACGCCCTAAAGATGGCGAAAATTCCACCTGGCAACATTCAACCAGATACGTTGTACTCAGGGGGCAATCAATGTGCATGCATTTAGTCCCGAACTCCTCGTTCTCTGATTGAAGGTTAACCGACTCATCTCGAAGACATAACTGATGCAGCGTTCGCAGATCACCGCCGCTAATGTTCACGTTATATGCTTCGGAATTGGACGAATCTTTGTTCGATGCGCGGCCCTCATGATTTCCCAACCGCACAGTCGCGAGGCTTCCTCCTTCATGTGCGAGCGGTAAAGATGTATCGTCACCACCGCCTAGTAGTCGCGCATCACGTAGACGGGTTATGGAAACTAGTCCTTTGGGCAGAGAGCGTAGGAATTTAAACGACGTGCAGAATATTAGGAAGAGGTATAAGTCAATAGTTATGAGAGGGGACACTTCGGATGCAATACCAATAGGCCTTTTGTGTTGCGCTCAACGATCCCAGCGTCAGCCCGAGGGCCCCTGTCGCCTACTATATTGGAAAAACATCAATGTCGGCCGGCAGTCGCGGGGATCAGCGAAGACGTCCACGGGTCGGGGCTTGCTAACCACCTGCCAAGTGCACGGTTGTCCTGCGATGCTGGGAGATGTTCGCGGAATCGTAAGGGATAAGGCGCCCGCGGGCTCGCGCACGGCGCCCGTGGACGTGTGGGGGATTTCTTATTACCATAGATATCAAATCGACTCGTGGCGGAATCACTAGCACGCGCAGATCCAATTACAAGCTTAAATCACAAGACGGAGTCGGACGCCTCCTAACAGTTTTAGTGCGTACACTATATCTCAAATTGTGGTATCGCTAGTATATGATGTTTAGGAAGCAGTTCACCAGCTAGACCGGGTGTCGTCGACAACAGGAGCACCTCCTTAGGAATTTGGGGAAGCCTATCCTGTGAGCCTTAAGCCGCTGCTAGCAACACATTCTCCCGATTAAGACCGTCAAACCGGGAGGGGTCTGCAACAATGACGCGGCTAAGAGGCCTGGTCGTGTTGCTTCGCCGGGCCCGGTATTTCTGAGCTTATACGAGAAGCCATCCAGCGTGGCGTTCGCTGGATCGACCCCCTGAGCCCCTATGCAGTTATCGGAGGAGTACTCAGAAATCTTATCGAAAGTCACCAAGTTAAAGTCCTATGTTAAAATTATATACATGTCGGCCAAAGCACCGCTCAGGCGCGTAGTGCTAAGGGGGCCTCCCCTCAGGCGTTTCTGTCCGTGCATCAAGGGGCACCCAAGATAGTTAGTTGCGTTCACCGGGGCACGTACTGGGGCGACAATCTCTAGGTCCCGAAGTATAGTTTACGAAGATTTGTATGCCGGGTGCCCCGGAAAAATGACCGACCATTGAG,1947,51.72,Arabidopsis thaliana
SEQ_959366,GCACCCGCGGCAACACGCAGCGTCTATATTAATACATCTCATTTAGATGAATAATCGAATTCAGGGTCTTGGCCACCGAGGTTCACCGATTCTGGCGTTGGGGGGTGTGTGAGATGACATTTCTTTAACGCAATAGCACGGTACAGTACATGCGTAGTACGCGACGACCAGGCGAGTGATCATTCTCTGAGGCCATTACCCGACAAGTCAGTGACCATCCCCCTTTAAAGCCGTCGTCACGGGGGGGCTTTAACCTACAATAGCCTCCTGGGCTGTTTCTTAAAGGCATCCTTTTTGGCGACTTCCGTTGATAAGTAACTGCGTGAACCATAACCTCAATAACAGGCCCTTTTTATTGGGGTAGAACCGGGTAGCTCTGCTATCCCCTAGTCATGCCAGGGTAGCCGGTAGCACTTGCACGGAGCTCTGTCTATGAGTAAGCGTGCCAATAAAGCACCCTCACTGTAACAAGAGCCGCTTGTCCTATCCAGTCCCCGACTGGTGAGGATGCAACTATAATAGCCGCGCCAAATGGCAATGTGACGGGCGCGACCAGGTGTGACTATTCAGGGTTGGCTCATGACCGGGTGGGTGTTTATGTCCCCTGTACCCGGGAGGTCACACTCCCCCTCGTTGATTGCACCAAGTAGAGCGAAGCTTCCCATAAATTTTATTTCTATTCCGCCTGTTGGCTTACCTGGTCTACATGGGGCTTTTCTTCCACCGGGTCTCCAGCTGTAAAGGGTAGAATAAACGCAACGGGACACTGATCGACGAAGATGAGATTCAGACACCGCACTCGGAGCTGGATAAATGATAATGCATTAAATCATTCACAATTTCATCCTGATATACGCTATCATTTTCGAGCTGCAAAAGCACATCGTAAGGGCTATGCCCCTTAAATGCTCCACTGAATCGCGTGGTGGAGGTACGGTGACCTTGATTACTAGGAAGCGCAGGTTGTTTCGGCACGCGGCCTTTACTGAGGGAGATTAGTGAGGCCATACTGTCGGACAACGGAACAGAGGTTCCAGACCGACGATATATATAGGAATCGGTCGGAGTGACTGCTCACTCTGCTATTCTCTAGCTATTTGGGTACCGGCCATTCATTAAAAATCAGCAGTTAATATCTCAGATGTCTCCGATGGAGGGAATCCCAAGAGGATCACCGTTGGACTGAGCCCTCCAGGACAGCCCCGGGGTCTGCTAACCCCTTGTGAGACAGCCCTCGTTCGCACTATACGGGAAATCTTGGAACGGTAAGTGCTTGGAGTCCCAGTCCTCTCGG,1294,50.85,Drosophila melanogaster
SEQ_375477,TGCTACTGCTCTTCCAGATCTCATGCGCCGATCAATGGTACCGGTATCCATACCCAGTAAGCTCGTCGATGTTATACTGACGCCGAGGATGTTCGCTTCAAGCTGCAGTGGCTGGTAGTACGTTAAGAGATAGCATGTCTAACTGGGGCCGCATGACTTCCTACAAAGCATAGGCGTCGCGGTCTCGCACACAAGTCTTCAAAACGGTCAAATGGCATGAGTGAATCGACCCAGTGACCAGTCATGGGATTCTGCGCCAGGCGCCTCAGGTGAAAGCGTCACCCATCAGTCTAGCAGGAATTCCTCGTACGACAAGAGCATATGTGTAGCCTCTTGTCGCCTCTGAGCAGCCTAAGCTAAGTGTAGTTTACCGTACGAAATGAGTGGTTGTAGGCTCCAAACCACGCAGTGGCTTATCTAAATCTACCTTTAGTAGTAACTCGGCGCCTAGCCCTCGCATTCCGCCGCGGTGGGCATTATCAAAGGTTACCTGATTGTTTCAATCTCGATCAAACTAAGTTGTGGAGGGCATGTCCAGCTCGGTGGCCGTTAGTCGGCCTAGCATTATCGGGTCCCGTACAATCGTATGGAACCCCTAGCAGGGAGCATCTGCGTGCGCTCTGGAAAGATCCAGGCAACCCCCCGTCCATAAGCCACGTTGTATTATATCGACACTGCGCCACTAAGGGCCATTCAACACTTGGAAGTGGAGTGTCAGTTTTCCACGCGTTCTAGAGCTGCAAGTTATCGTAAACTTAAGTGAGTGCTCGCGGACGTGGTACAGTCAACGCAGGTCTCCCCGAGTAGGAGTTGGCATGCTCCTCGCATCCACAGCCTGCCGTTCGTCGCGTTTCGCACTGTAATACTCCAGCGCGCGACCAACAGGTCGCACCCGTTCCCTTAATAGAGCCAAGCCTAGCACAAAGCATAGACCCCACACCCGGAACCCACACGCCCTGGGACGATCGCTCTGGAAATTCGCTAGCGGGTCACCTCACGTATTTCGAGTAGGGCCACCCTCCGTTATGGAGTGACCTTTGGGTCCGATCTGAATACAGAATACAGCTGTTACGGATCCTAACGATTAGGTTGGGTGATGCTAGCATTTTGGTTGCTGCAGGAGGTACTCTTCGAGCGATTCCGCTCAACAAGAGGTAACGTACCGCTCGATCACCCGATTGAAATACCCCTCGATATGGACCGAAGTGAGTTGTACTTAGTTAACCCTACAACGCTTATCCTTATCGTTCACAGTACCTGCACAGGAATGAAGGAGCATACCGTGAGTTTCGTCAGTGTTCACTTCGGGGTTTGGCCAAAAAAGAAGCCATACATGGGATCAACTTGGTCACATAGCTACTGATTAGGGTTGAAAATATAGGGTGAGATAAAAATCTCCTTACGAACCCGCTTCACTTCTCGGGTCTGATTATCTTAACGGGTCGTGTTTAATTAAGGTACGACGCAATGTAGCACTTTGAGCGTCGATGTAGTAATAGCCAAATGCCCTCGTGATTTCTTGCGTCGTATCCTATCCGTCGATG,1544,50.97,Homo sapiens
SEQ_359627,CTCTGTCGACATCCTAAATTTTAAAATAGAGTTAGAAAGTCGTTAACCGCGTTATCGCGCAGGCGTGTCTACTCCAATCGACTCAACGTCGTCATACTAGGGCCCATAGTCACCGTAATGCAGGCACCAGGCTTGGAACCTGATGGAGGTATATGATGGGTCTGTTTCATGGTTGGGAGGGTCTAATCTGCGGGGATAACTGCCCAGTGGGGTGGCCCAACATGTGCTTTATACGATCGATCGTGAATAATTCCGGAACGAACATTTCTCATACGCGCAGCCGTTTAACATACCAGTGGCCCGCTAAGACAATCTACTTTATGTGGCTACCGATTGAACAGGGCCGTTGAGGAAACCATGTGTACTAGTCTACTATGGACCTAACGGGGGTCAATTCACTGGTAGACAGCCTACGTTGGGGAGACCCTTTATCAACCATTCC,442,48.87,Caenorhabditis elegans
SEQ_301645,GTCATGTCATCGCGTTCGTACCTCTCACACAAATGATTGTAGTCTTCCCAAGACACTCTCGATGGCCTAGCCTGAGGAACTTTCATGCACAACTGAAGTAAGTTTAAGCTCATTCACGCACGAACTACTTTAAGGTAGGATAAGGAGTAGATACCGTAGCTCCTTCCACACCCGGACGGTCCATTCGACAGATGGTACTTTGAAGTCTGTCGGACGTACTAGGTAATTTTACAGAAGACCAATAAGCTGCGCGATTAAACCCTCTTCCCGGTCGTACGGACATTAGTCTGCGGCTATCCATAGATTGTAATTCCGCCTTGCGATCGACAGCAGATTGATCCTCCGACGAGTTGCGTGTTTAGAAGGTGTCCCCCTAGAAGGAGAGTCATTTTACTAAACTCGCAGCGAGGATTAGCATAAGCGGAGGTCGGAGGCTCTCTAATCGGCTCAATGGGGTCAGCAGCCGCGGTATAAGACTTCACAGATACGCAATTCCTGGGGCTGCCTGCGGAAGTGAGTGGACCTGGGATCGTCTGTAGCAGACGCTAGCCGACGGCTTACCCGAGCAGTGAAACAATGCGATGTAGTAAGGTATTATGCTGTTCCTCGAGTTTGATAGTCGACATAGAGATGAGCTTCCGAGATTCCGCTGGTTCTCGCACGTTAGACGGTTTATGTGTCGCAAATAGCGGTGGGAACCCAGTGTCGTTCGGCACCAGAGCGGTGACTACACTTACTCATAACTGATCACGATTTATTATTTGGCGGGCGTTAACCTTGAGACCGACGCATAGAGTTAATACACAACACAAATGCCGCGAATCATAAGAGAGTGGTATCCGCGTCGAATTTCCTAAACGAGGATCCTACATGACCACCGGTGGACAAGCCGTAGAGTCATGATGCCCTAAATCCCTCGTACCGAGATTAGCGACCCCCCCTACGTCAATCAATCTGTCGATTCGATTGCAATTGTGTGTACAGCTGATCGTCATGTTCCAGAGTATCAACGATAGATTTGTGGCAGATGATTTAACATTAGAAAGCACTACCCGAGTTATGTCGCTGCGTCTCACGTAGTTTCGGAATTGTTTCTCGGCGTGACCCTAAACGAGTTCTTCAACCCCTTGCCAAGCGCAATGACACCTCGACACTCGGAGAGTATTATGGGGGGGGGGCGTAACTGACGTTTAGGTTGGCTCGGCAGTGGACGCGACCAATACCCAAAGTAGGCTCTTCCGATCTAGTCATCAGGTCAAGAAAGTACTGTTCTCCTGCTGATGAAGAAGGAACGCATTATGTCAGACTTAACAAATTTTTCTATCATAGAAGTCTATGTATACGCCCCTGTTAGCATCAACTCTGATGGAGAAGCTGTAAAGCGACTCCGTCGAGACACAATAAATCAGGGACTTAAACCCCGTTACCTCCCGATCCACCAATAAGTCGTGCGCTATCGGCCCCATTAAAAGGCGTGATAGCGGCCTTTACATATTTCTAGGAATCGATGCTTTGTAGCGTCGGAAGACAAATAAGGATTGCTGTAGCGCTCGTGAACCGCCGGGCGCCTCCGGTCATACTGTGGACAAAGTTGGGCGTTCCTAATCACCACAGTCTGCTAGAAGGCCGATGCGTGTACAGTAATTGGTGCAGCCGCCGTGTTCTTTGTACTTCTCCCTCAGACTGTGGAAACGCCGGGGCGGCTCCGCTGTCAAATAATTCGCATTGTCTGAGCCCTCAGCTCTAATAATCCTAAGATGGCCTCACTTCATCATAGACATCTCTTGTTCTTTCGAATTTGTTAGGTAGGCAATCGGCCGCCTTCGAAGCCAATTGAGAGGCAAACAGTTCTTAGTGTAAAACACCAGAACTGACGCATCGGATGCATCATGCACGTTCCGAGCGATAAAGGCCTATACTCATCGAACTTATGGTCGAGAGACCAGTGAACTCGCAGCTTCAAGCAATTCATTCACGAAACTTGAC,1986,48.89,Drosophila melanogaster
SEQ_250418,AGAACACTGAAGATTTCCCTACACCCTATGTACGCAACCACCTGGGAGCTGTATTCCTGCTCTCGTAGGTCGCTACCGGAACCACTGATTCTGCTTTACGGTCTGCGCCCTGTCGTGGGAAGCTAACCCTAAGGTGGCTCCTGGGTTGGCCTATCCGCGATCAAGAAGGGAAGAGCGCAGGGACTGTGCATTCTAACCTGGAGCAGGTGCCCGGTGAATGGCGAATCGGCGTACGTCACGAGGGGGTCGTGCCTCGAATTTTGACTTAGACGTCGCGCGGATGGACTTTAACAAGAGCTTGCATCGCACATGCACAGCCCGGCCACGCAACCTGGCCCTGTAAAAGCCGGGTGATGCCTTCCTTCTTATCGTGGCGCGGAATTGGACCAAATGGAATAATAATCCTTTATCAACTATTAACCTGTGGTTTCTAGGCTGGATGAGATGATGCCGCATAAGCCTCGTATTACGATCCGAGCGATTTCTCGCGTATGTGATTCGATGCGCTCCGTCAGGGAACAGCATGACTGGTTTCGGGCATACCCGCGCGTCGTCTGCTAGACTACGAAGTAGCACCTAACTGGGCCACCCCATCTGTATCGAGAATGCCTCTGAGCCAAGAATCCTTCTAGAACGCTTCCTTGTATGGCCTGCGTGTGTGAGCGACGATATATCAGACAGGACCTTCGTGTGATGTTATTTCGCGAACTGATAGAGCACTAGTAGTCAGTAACGTCAGAGTACGCGTCTCAACTCATGCAGTGACGGAATGGGTGCGTACTTATCAGACACAGGCCCCCGAGTATTGTGAACAGCAATTACCCTCGTGAAATTAATGAAATAAAACGTCGGGCATTGCGGCTGGCCCAGGAGACATAGTAAAATACAAACACGGACATCCCGTGTCACCAAGCCGCCGTAGGAAAGGTCTTCCCCATGTCATACCTCAATTAGGATATGCTTCCCGTACACGATGTAAAGTCCTCCTCACGGTCCGCTTTTAGGGAGCACGAATACCGCTAGTTGTGCGTGGGTTTGCATTCTCCAGGCAACAGGTAGGTTCGCACTTCCGATATAGATAGAGTACAGACAGAACAGGGATTCCGTCATCTCGAGACAAGACGGTTATGAAGTAGGGGGGCGATTTTTCGACTACGGCGGCAGGCGAGTGCGACGACACAGTCTAGTATCGGGGACCTGTCCACGTCAGCACAACTGACTCTGCGCTTATACCGTTGAATCGGAGAAATATGAGCGACCCTAATTAGGTGGAACGATAGGCTGCTTCATTATCGCCTTCTCGCCTTAGGGGGGTTAGAGTCGCACGAGGGCTGTCGACTATGGTTTCCCCCGTCGACTTAGTCAAAACGGGGCAAGTTGGAAGTGTTACGGTACTTGAGTGAAAGACGCCATAAAACAGTCACATAGAATGCCCTATATCAATCGCCACCCGGGTTACATTGCGGAGAGCAGTGCCTCCTTCGTCGCGGACGCGGGACCTAGCTCGCGCAATAAGCAGTCGCCTTACATCATATACAAAACAGAAGTCGTAATGAAATCCGCCTACTTACGTGCAGAATATTCGGGGATAAGAGGGGGAGGAGTCTCCAATGCTCGAAGCGGGCGTGAGTAGTGTTTATCAGATAGACCCAACCTGCGGTCCGAGACTCGGGTTTTCCAACCGACCGATGTATCCATCGATACCAATTATTCGAGGGGCAAGATAGAAGGAGGCAGGGCTAAGGAGGTATGACGCTCTGGCGCGCTGCCACGTTGAACATGTGCACAAGTGCGATGC,1798,52.22,Saccharomyces cerevisiae
SEQ_780052,GAGAGTTGAGTCTAATTCAAGCCAAAGCTAGGAAAACGACGTCGTATCGACTCTCCCCAAGTCATCTACTGAAGCGCAGGGTACTATTAATCCTCGCGGGCGTCAAAGTCGCATTTCGGAGTCGACGTGGTGGATCTTCGACATATGGAACAGAATTCCGACATTAGTGGCAGCTACCAATGGGACTCGAGCTCCCTTGCTGCTACAAGCTGTATTCCTCTGCGACTTTAGGTCTTGAATTGGTCGAACTGCAAGCCGGAGAGGACAACGGGAACTCAATCCAAGTAACTTAAAGGAAATCGCGCACATATACTTGTTAACTTAGATGCTCCAGTCGAGTCCTAGCCGACAGCCCGACTCCATTGATTGAAAAAGAGCCCGCTCAAGTCCTAACCTCGGCAGACTGTACCACGTCCATGTTCGCGGAGTGACGCCGTTTCCGAGAGGGCTGCTGCCATGAACTCCTCTGAAATACCGGTACTTACGACACTAGAAAAACGACTTCCGTGAACTATCAGACCTCACCAATTAACCTCAGAAAACCACCTGTGATCGATCTGAGCGTTCACGAGAAACGAATCCGCTTTATTGACATCTGAATCGCTCGTTACTTCTCCTTTAGGGGCCGCGGCAGCCGAATGTTAATATAACATCAGCGATAATCGTAAGATCCCGCCAGGGCTACCGAGAGTCCCTTCCCTGCGGAAAGTGGACCCTAATTTCGTTACACAGCCCCACATTCTGCCAGCAGTTATGCGCCATCGCATGACTTATGGGTCACGATGTAGCGGTAAACCCCCCGCCCAGAAGCACGAAGCCAAAGCCTCACCAACGTCGGCGAGATGGACTGTCACCATTAATAACCTATGTTCCAAGGTGGGTCTTTGGCAATATTAATGTGTGGAAGAACGAGTGTAGGACCTTAAATTAAGGGCCCATTCAACGAAAGTTTGAAATTTAAGGCGGAACGCAATTAAACGAGGTGGCTGACTGAAGCATCGAATTTTGCCGGCCTCTACAGTGAGCCTGAGTGATCGTGCGCCTTCG,1047,49.86,Drosophila melanogaster
SEQ_418182,ATACTGCGGCCCCACAGTTGGGTCTATGGGGAAAGCCCACGAATTCATTAAAGTGCCGTCGCTAATTAATAAGTCCTTCTACGCAAGCTCACGCGCCAGTACGTAGACGTCGTCAGGATAATATGCCGCAAGGTGCGAACAGCTGCGATCTGGGATATATGAGACGCGCGTTTACGAGCCCACGTTCACGTCCTTTACTTTCCGTGCGACTCGCTAGGGAGAGTGGGGCGTAACGTGCAAACTCTAGATCCTACATACCATCTTTTACTCAAGTTGTGCCCACTTGTGCGTCTGACCGAAACATTTGAAGTACTCTGAAGGCATACTTGCACTGTTTCTCTATCTCAAGTTGTTCCTTGATTTTAAGAGGCGATACCTGGCTGTGAAAGCATGAAAACCGTTCTTTTGAGGAAGTGCGTAGGATGGCGCCGCTCTCAGCTTGACCTGCCAGTTCATCTAAGGTTGGCGTGCGGCCTGTTCACTAGTAGGAGCCAGATCTCGTGATCAGCTCCACTGGTATTATACCTACCAACGTCGTAATACCACTCATCCAGTGTACATTGAGATTCCCATGTAGTCTTAAGCAAGGGAAACACAGCCGTTCCCGTCGACATCGCTGAGATTGGTCGGGCGCTTGAAAGAGAAGTGAGCCTCAGTTGTAAAACACCAGGGGACGAGGTTAAGGGTGTGTCCAGCTAATAGCGCCGAGGCCGACTTTCTGAAGGAGCACGGAAGACGCAGTGGAATCTTCTCTCATCTGACCCCGGGATGAGGCGAGCGCAGGCTCGTAGCTTATTTTATATCTGCAAGGCAGACGAGAACATCGTGGCCCTCAGCACCGGGTACGTTACTAAGTCTAGTTGTAGCGGTCCACCGAAACTCCCATTTAACATCATGCGCTATGTATCTCAGCTATACTCATACAAGTGAACACGGTACCAACGACTCATACAGAGCAAGTCCTAGGCGAGGGTTAGTCCATTTTGTTCGACTGCAACTTTGTGCGTCACGGAGACTCGACCTGATTAGGAAAATCTCCGCCAGCCGGCCAAGCTACGTCAGTCATAATCGCAACATGCTGTACCGCTGATCCAACGTCTATCCGTGTTCTAGTACTTATCGCTTCGAAATGTCGACGGGACTTGCATCCGATACATCGTAATCCGATAACGATCATTGTGAGCGAGTCATACCCACTTTATAGATGCTGCGCATGCGTAGTCGAATATTCGCTTAGTTTGGGCTTTCGCTCCA,1254,50.0,Mus musculus
SEQ_717143,ACTTGCTTATCAGCCTGCTTAGCTAGCTTTGGGTAGTATCCCATCGAGAACTCTGTCTTCATTACTATTCACGCCGGGGCCTGGGCTATGGCAGTACGTGGTCATGTAGTTATATCCGTGGTGGAAATCTAGTCCCACTAACTGCCAGACGCTCGATGAGCCGGGCCCACTGGGTAACCAAACTGGTAATCCTCTGTACGCAACGAGCGTAGTTCTACCGGCGTCGTGGAGGCGATCTTCCACAGCAAAATTGTGGCCCATACGAGGAGCCTCAGAATCGTAAAGTCAGCTCAGGTGTATGGTGGCCGATAGAACCCGCGGATAAGGCCACTTACGGCTGCACTAGCGCCGCTACTCTTCCAAGGCTTGTTAGGACGGTAACAGTAGTATTTGGGAGACATAGTACTTGATCCGAGTCTACTTGAGACTATAACGCTCAACGCTGATCGCCTCATCTCTGCTTCGGTGTACATTGCCTGTTGTCGCCGTTCCCCCGATGCGGAAGGAAGCGACTTGCCTTGCCACACCATTCCCACTACGCTGCTTCTCACCCTATATCCCTACGACTAACGACTTGATCCATGACAGTCTAGCGAGGTTTGAAGTGTTGGATCTACGCCCTCGTCCTGGGTCTTAGACCGCAAGGACACCCGCCGGCCATTGTAGGGGAATCCCCAAGATCGTGTGGGCTTGATCGGAGCTATTGCATAGATGGATCAAAGATATTACAGTGCCGCCAT,740,52.7,Homo sapiens
SEQ_347404,TCAGTCGTTTGTGGGCTCCGAAAGTGGACGTATCGCCTCCCCCTTAGAAAGGATCATCTTGACTTAATTGCGTTAACGTCGAGTAGTAGGACATATAACCCATCCTGTTCCAAGATAAGCCGCCATGGCGCAGATGGGGATGACCATGCTCAGTTTCCCGGGTCCAGCCCATCTCATAGTAGGCCTTGCCCGGCCCGCTGTTGAATTATGCTAAATTTATCGCCCCAACCCTGAGGA,237,51.9,Saccharomyces cerevisiae
SEQ_788875,TCAACGATGATCGTTAAGACAACTCGAGTACACATTTTGGATTAAGTCATGCTATTTCCGACTACGGGCTTGGGATTTCGGACCATCTCCGTCTCTTCAGCCCGAGAGCCTTCTTACTGTCTGAGCCACCGAACGGCCGCGGACATACTGCCGCGTTTTACAATCGTTGTGCGTTCCGAGCTCGAACACTAATGAATTATCACAATCTATAATTCCTGAAACGTTCTAAATGCGCTTCTTGAGAGATCGAATGGCGCTTGGCAAGGCACAGCCCGCACCGGCGTTAGACTGGTTGGGTTATCCATTCGGGTAGCCAACGGGATGGCGAGGCTAATACACTCATCCCCCGTGAATCTCCATAAATTAACATCCACGAGGAGTGGCTCACTGTCGTGTGAATGTCAAATTGCAGAACTTAAGCACCACAATCAAAATGGATTTGTCCGACTTGCAATGTGCCTCTCTACGCTACGACAACATGTCAAAGGACGACTTATGGATAGACAAGTATAGACTGCTGACGACTAGGTTTTCGGTACATGTCATAACGTATGAACTTTGGGAGAACAGATTATGGGAAGTAATAGACGTAAGTAAGCGGGGTCATGGTTCCTCAGGAGTATCCCTCGTGCTAAAGTGTGTCTTGCCTCCGACCGAATAGAACCACTATAAAGGCTTTGGTAGGCTGTCCTCGAGTCGTGCCTTCAGTGATTATGGGACCCGTTTGATCTCCAGGTCCACTCGACAGCAATGCTACGTCATACCAGTGGCGCCCGGATGTGTGTAGGTATACCAAGCCGAGGTGTTCCCTCGTACATTCGATTCAACCAGAGTCTTGTAAGTTGTGTTTACGGTAAGGAAGAATGCACGTCGCATCAGGCTGGAACCATAGGAAAGCCATAAGGTATGCTAAAAGTAATAATTTCTTCTAGTCATTGTGTAGATTCGCCCGGCTATCCCAAGCGTGTTCGGGGAGGTTCTTTTATTCGGAGGTGTTCATCTTTTAGGACTCCTCAAAATCCATAACATCGAACGTGATGATTCCGAATTGCGGCGATGGGCTACGCCGGTAGTTTCCTTACCTTAGTTGGGGAGAGAAATAAATACTCAGTGGGGTTATCGTAGCGGGCATGGCCGGGTACGATAATACCGGCAGATACGGGCGGTTTTACGGTTAGCAACCCCCTTATAGCAAACACGTGGCTGTGAACCAGGGTTAGAGGATAGAACCTTTGCGCCGTTGGTAGATATTAAGGGTATAGAAAACTCTGTGGGAATACACGCCCGCGATAGTCTGTAGCTCCTTAATTTGCGACTAAGAAGCGAATACGACT,1334,47.9,Drosophila melanogaster
SEQ_473217,TAGCACAGTGCTTCCATGCAAACGACCACACGCGAAGCGTCTAGGTTATTGTAGTTCTTGCACGGGAAGGCTTCAATCAGCTAAAGGAGTGAGGCTTGGCCGCGACGGCGTCCGAGATTTAGCGATAGATGGAAGACTCGCTCAACCCTCCGAGTACCCACGCGGCTTTGGACTTCGACTCACCGGTGCCGGCTGAGGTAGACGGACGAGCCCACGGCGAGACCAGTCGGCTAAGGACACCAACACATACGTCACAGACTGTAGAATGGACTATGATGGTGCGCATTGCCACCCGAAATGACTAGCGTGGTTTAGATATTGTACTGCCACGGATAATACCTACCTGGGTATGTGCCTCTGACGTAATCGGTTTTTAGAACAAGCCGCTTCGGCAACTCTGCATCGAGACTTTCTTGGAATTGGATTTAGCTAGCGCTTTTAGACTGGAAGTTGGTCGGGACTGCGTCCGGCAGGTTTTGGCTCTGGCTCTATACTATAAATGGTAACCCCCGTGTCCACTACCAGAGCATAGCTCCACGGACAACGTCTTTACTACAGGATCAGCCCAATAGGGGTGCGACTTTACCTATTGCGGTATCCACGAGGATCTTCTAGCGCGCTCAGTTTGCTCATCTGCAGGTAATCCAGGAAACGAAGGTCCCATTCCCGGAGCAATCTAGTAACACGAGCTGGCTGGGCAAGCCGCAAAGACCGCCAAGTCGTCCGTCCCTCCCCAAGCGACGCCACTTCTGTTAATGAATTAGGTAAGTAGAAGTTTCACGTAGAGAATAAAAACCCTACGGAGACGAATGAATTATTTTTGGATAGGTTAGATCTATGACTCTTTGAAGGGGGGGATGGTGCGGACCCAAATGAAGTACGCGTGGACTGTCCCGGTCGAGGCTCTCGCCACCTCAGAGTTTACCTCCTGCATGACGGTTCTGCTATCACACTTAGCATGCGCTTGCACCGCTGGTACGACATAAACCTTGAACGTTTGGAGGTCCTAACATCCCCCCGGCGGTGCCGCGAACCAACCACGGTTTGTTGGGAGCCAATTCTCAGTTGTACCTCCATGGGGCGTCCTCGTTAGATACACAAATGACCGTACATAATACTGAATTCGGAGCCCGTACGAATAGGGGGTTTGAAAGTCGGTTCAGAGTTTTAGGTTCACTCCAGTCGTGGATCGATGGTTGTGCCCATTATTTACTGTTGCACGGTGGTGAATTGCTATTGAAGGGCGGTGAACTCCCGGCCCCACGGGTACGAACTCTCCAGACCAAGTGTAGTGGAGCTATTCGGGATACACGCCATTCCCTAGTTCAAATAAAGCGATATAGAACTTATTAGCCGGCGCTTATGTGCCTTAAACCCTTTCTAAGGGCCCCCTGGTAGCCCCCCTTCTCGTGGACAGTGTCGGATCTCGCCAGCTTTTAACTTCGGTACAAGCTCAATTGAGGGTAGTTACCGCAGATCGTTGGTAATCCACGACGATACGTCTTTGATGAGCTCGATTAATAAATTAAGCTTAGGTATTATGTATAAGACATATGTGTTACGCTAAATCAAGCACGTCACTGGCCACAAACCAAACTTAAGCGAGCGGGGAAGTTACTGAACGTTGCGGATAAGCAACTAGTGCTAAGCCAAAGTCCGGACCAAGCAGTAGTCGTTCTACCCCAGTATCTCGGTGAGAGTGCGACGCAGCAGGGTGTATATCACAGACCTTTCTTATGACCTCTCCTGTACGCAGTCTGAAGACAGTATGCGGCACGCTGGTTGCCTTCATGCCTTTTAATTCGCCTATTGTATTCTACGATGAACCATCGAGCCTACGGTTGAGAGCCATTCTAGGCCGATGTTATCGCGCGGTAAATGCAAATTGGAGGAGCATTGCTTAAGATGAATTCC,1914,50.52,Arabidopsis thaliana
SEQ_776674,ATCGGTCCTAAGCTACCGTTGGTCAACACCCGGTTATATAAAGTGAGCCGTATGATCCTGAGTCCCATGTTTTTTCTAACACTAACTTTCACCCCTCGTAGGGAGCCCCACCCATCAGGGGTCGAGTCATACTCGGTAGTGCTCGTCAGAAGTAATCGGACCCTGGGTCCCTAGTCAACAAGTAGGTGCTACCGAACGCTTATAAATTCCCACCGCTCGTAAGGTATATGCTCTGCAACTAGTCCGGGGCTCGCCCCTAACCCTCGTGAGCGTCGTGGGCTGCAACACGGGAGGAATAAATAGCGAGGGAGGATGAGGTAATCGGCCGAACATTAAGTACCCTCTTGAAGGTCAAGTAGGCCGGCTCGTACTAGAGTCGTGTTACGCGCACCGCTCAGAGTCGAGCTGCAAGGTATGGCTTTGGTGGAGAACACGGCTCGCTCACCTATAGATTAGAGACTTCGTCCGCGCAACTCGGTAGAGAAGAACGTAATTACACACAGGGTGACTTTGCATGCAAGGCCGTGGCCTTTTTCTTAGGCCGCATCAGCCATAAGAATCGCAGCAAGCGGCCCGCTTGCTAAGGGAGGGTGTGCTAAAGAGAGATGATACCCCGGAAATGATATCTTATCATCTAATTATCGCCGTCCTTAACTAAGCTCGTGAGGACGTTAGGAATAGGTCCGCACGCTGGCGGGCACTTTGGCCAAACCCCTCCCCGTAGTGAGTCGCCCAGGAACGCGAAGACAGTATCGGGCGACCTGCCATCGCCTCCCGTCCCTGGGGCGTGGCAGGCGTTTAGACTAGCTAGGAGATACGGCCCACCTGAATGAAAAGTCTCACCCAATTCAGCTGGTTCAACCCCTTACCAGTCAGCCCTGTGTTTGGATCACAATCTTGCCGAGTCCAAGCTTAAATTCGTTATCGAACGCATTGGCTCAAGGGACCCGATATTTCTTTTGTGATCCATACTGCAGGATGCTGTCATCGATAGTCCACTTACAAATCCACTATAAGAGCTGGACACAGATTGTACCGTCTTAGTTACTTCGCAGGGTTATAAACGAGGCAGAGTCGTATTTATAATTGATCTTGTGGTCTATTTTCGTCCCCCCAACCTATCCGAGGCGTGCGCCCTCCAGCGGAGCGCTAGGAAGAGCATAAGGCTTTAACGTACTAGTTACGTGCCCACTGCAGGTCTGTAGTCTAGATCATCCTGTCAATTACAATGCAGGACCATGATTTTACTCCTATTATCTGATATCTCCGAACACGGGAAAAATCAGCTCCCTGCTCAATCTAGAAAACCATCGGTCAACTCGGAAGCATGCTCCAGATCCACGCGACACACGGTGCTAGGGAGTAAACTCACGTCCTAAAGGTCAGCAACCCCGGTAGGCTAGCTCGCTCAAGGGATGCGACAGTGTTCCTGATACTATTGGTCCTCAATATGTCTCGAAAGACACG,1467,51.4,Caenorhabditis elegans
SEQ_958816,GTGTTATGGCTTGAGAGTCTAGTTGCCAACACCATAGCCCTGTCAATTCGTAGGCGTTCTCCTTATTATGCTCTCGTAAGGTATCGTGTTACGGGAACGGTTTTCACGCATAATCTTATGACTGCGTAATGCAGAGCTGATCCGGCAGGATATGAACTTAGTTTAAATACAAGGCGCTGAAAGCGACTCAGAGTATGGATACGGCAGCCGACTACATTAGAGAAAGCCACCCTCGTGTGCAACTGTTCTGGTAGGCTATAACCCGCGACGGCGAAGTGTTCCGAACCCAGCCA,293,48.81,Arabidopsis thaliana
SEQ_656283,CCTCACCGCAGTTAACGCATGATCTTGAAGCCACTTACCAGCGGTTTTTCTATTCGCATTCTGTACCAAGTTGCGCATCTCCTCTGATTCGCACGGATACTGGGTCCAACATTATTGGGTATGGTTAATAGATCAATATCGCCGTTTAAACCATGACAGGATTGAGACTCTGCGAAAGTATCATACTTCGCGTAATGCGAGGCGAGGAAATCGAGTGCCTAACATCGACAGAGCGTTGACCCCTATACAACATCGCCGATATCCTAGAAACGAAGTCCTAAGCTGATGTGCGACCAGCTGGTACAACGGAACAGCTTCGTGAGAAGTGCTCGGGCTTGTTGATACGTAATACCGAGTTCACCTTGAGCTGCGGCTATGAAGCGACTTCCACTTTCCTCACATACCCGCCCTCTATTGAACCGTACAAGCTTAATTAGTCCTCTGTCCGCGTACGAAACTTTACTGCTGGGCCTTCTATGAAAAGGACTATTTATTCTACTCTATGGTGGTAGCCCTAATTTCTTTACGGACACTCCGTTAACGAGAACTTTTCTTCTAGGGATGCGTAAGTGTCCCCCTGCACGCTGTGCGGGTGGCAAGTGCGGCGCGTAGTTATTTGTACCTCCACATACCGAGAATCTGGCACTGTTCTACGACGTTATCAACACCTTTATTGCAGACTCCCTTCTAGGACTTGATGGCCCTCTTTAGGAAACTTGCGCAAGGTGAACACTTTTTCGTCTATTTCTATTGACTCACAGAAGGGACCCTGAAAATCTTGTAGGGCTCGACGGAGTTTTGTTGATATCATCATTATCCAGAATTCAGGGAACCAGATCGCGCTAACTAGTCCCAGAACAGAGGACGGATGCGTATTGTAGGACCGTGAATTTTCGTATGGAGTAGAACCTCCAGCCGCTGTCTAGGGCCGGAGGCTGATCAGCTACGGCAGGAAGCGCAGCCTCCTTCTAAACACTCTAGATTAATTATTAAGCAACGGTTAGCACCATAGCGAACTGGGTCGATATCCGTCTAGTAGTAGATGCACCACATTGCTGCGTCGATGTTATGGAAACCAAACGTTAAAACAGAGAACATTCTCATGAATAAAGCATTAAATGAAGGCTTTAGTCGTAAGCTAGGGCTGATGTAAAACTGACCTTCAAGATGTTCTCAATTTAATGATACGCCGAGATCGTGTCTCCGATACTCGGGTCCACTCTCCGTCCATAGAGGGTGCATAGTCGACTTCTTAAGCAGAGAGTTTCATTTCGTGCTGACGTTGGATTTGCCTTCTGATGGGCAGCCTCTAGGCCTATAACATGACATGGGCCTATGTGTGTGCACATCGGTGCCCTTTACCCCCCTCCCCCTCTCACGTTTTAGCCAGGGCCCGGGTAGCGTCCCCAGCGAACTCGACCAGATCTCCTCTAATCGACGGATGTAGGCCTGTGCCGTGTAGACGCCTTACGGGTAC,1477,48.41,Drosophila melanogaster
SEQ_697756,TGGAGCACCATAGTTAAGGGTGTTACGGCGTCGTAATTTTTAACGATCGGGTCCCTCTAAGCGCGTTGGCGCAACCCCGTGTCAGTTGCCGGGGAGGGCTTGAAAAGGAAGAAATAGCCCCGTCGTCTGTTTTGTGGAGCTGTGGTGGTCTCAGCGAGTTCCGGTATCAGGATTGCCCTCCGAATGCTACGCTACAGGGATCTCTTCCTGCAGATCAGTTCCGTGACCGTGACGAGTACTGCGATGTATTGTCACCTGGCCAACTGGGCAGCATCTTCCGTTTTCTGGTACCGGCGTTGCGTCCAGTTTCCTGAGCGACATATTGGGAAGTAAATCTTAGCCTCATACGCTGGTGATGGCTCATTAATATAGTGCCCGTAACTCACACAAGGCGACTCGAGGTATTTATTTTCACTGTCCACGTCACTGGGTAGAATCAACCATCCAGTCTGGAGAAGAAATATAACCCACTATAGTTCGCTTTTGAAAACCGAGTTCATACTGTGAACGCCCGCACGACCTCTTTGATATCTCGGCACCTCCAGATCGAGGTCACCCCTCGGGCTGGGCGAACCAGATATACGGAACATCGTGGTCCTAGAAGTAATTTAGCGCTGACGCTCGCTCAATTTTTCCGATCAAACAAACGCTAGTTCGCGCCCCGCGAATCTGCTAGGCCAAATGCGACAGAACTACCGAGGACCTGTTTGCTCTATTCGGCGCGCGGGTTGTGGAGACTCGAGAATGTATTGCCCTCCACCTGACTGGTAAGGGATGGTAATTGACGTGCACGTCAGGCATCCTCACCACTCGACCAAGCCATAACAGACCGCAGCCTCAGAAAAACATAGACAATCTGGGTCAGGGCACTTAACGCGGTTTCTTATAGTGTGGGTGTAATCAGTTCATGTACTGTTGCCCCGGTTATTATTTGACAGACCCCAGATACGGGGTCTAACTATTATACCCTCGGTAGTTGGGATACTAAGACCGGTCCTAAGATCCAACTACAACGGGACAGTTGTGTGACACCCTAAGCGACTTAAACCTGCCTTAGGTGCGGGAGTGGCAAGACCGGAAGCCGGTTACATTTATTTCTTGTAACTGTTTTGAATGAAAAAGTCCAATTGGAGTGATCCAAAGTGTAATCGTCCTGTATGCCATATTCGTGCGACGCGACCCGTCTTGACGACCACGATTATTTGCTTACCAAGACCGTCTTATCCTATCTTAGATAGTTCCCGGACAACATGACAGCAGGATTCCATTACGATCTCAAAAACCCCGAATATGCTTCGTTAGTATCGCCATAGGGACACAAAAGCGTGTCAGCAGGCCGTACGTCAGCTTTTCTCCCTCATTGTTATCAATGGCCTGCCTAACGTAAGTTCGGATGTCATCGTACACGCTTGTCGTATCTCTGAAGTGTGTTAATTTATGGGGGGTCCGTCATAGAAAGGGTTTTACAATAAGCATATTTGGCAGTATTAGGCCGGCACCGGGGGTAAGCGCCGGAAGCACGCATGGGCGGTCGGAGAGCTGCAACGCTTACGAATGGCCAGCCATATGACGTCCGCTGGAGTACCTAGGTTAACGGACCCCCGAACTATCTAGTAAGTTGCATAAAGTTACTCTCTTAGAATGCTGTGGGGCAATAAACGACAATGGCAGGTGCGCATGTGCGATGGGTCCCTTCTACTTGAGGGGCCAAGGGGATGTTCCCCGATTTTGGGACGTCGGGAAACAATACCGGGGAATCCAGAAAAAAACTCAATAGGCGGGTTGGTCACACTTCGTTCTCGTTGGTATATCCGACGCAAGCGCTTTCCGTCGCAATGGCTTATACACTGGGCGTATAGCACATGACGTAGAGTAAATCATCTTGCGACGTGACGAGCGTGCGCTAATTGATTCGACACACCTTGGCCTCGATAGATCACCCTTTTATTAGGAAAAAATGACCGAGCCCTGAGTCCATTTCTGCTGTTG,1989,50.03,Saccharomyces cerevisiae
SEQ_442647,CATGAGTAGATACAAGCATCAGCCATTGCTTAGCTAATGCTTTTGAGGCATGTTGACCCTTTCCGAACAAATAAACCGCGGATGTACTCATACTCGTACGTGCCGACAATGTCTAGGCCGGCGACTGGAGCATCAGCCTTATGTTACTCGACGGGTACCATCAAGACATGGCCGTGCACTGCGGCTTGCATATGTCGTTCACCACTGACTGAGGCTATAGCTTCTACAATTATAGTCAGCTAAGTCCAGTGAAATAGGGCCCCAATCATGGACCTTCTTCGTTATAGGCTGCTGACTATATTACATTAAAACCTGGTCTAACCTAAGCAGGAAGCATGCGGCGCCAGACGCGGACCACGAGGGGCGGATGGTGGTTATAAGAGACATACTAAATCAAGGGAGCGGCATCCCCGTGTAACTAGATCATTATTCATGTAGACTTTGCCCTGTCTACAACACTGATAT,465,47.96,Drosophila melanogaster
SEQ_195914,ACGTTTGTATTCCGTTTCGGGTAACACCCCTCGTTTAAAAGGTGGAAAGCCTAGCGAACTCGCACGTTAGCCGTAGGCGGATTCGACGCCTAGAAGCATATTGGGCCCTCCCCAGTATCACCATTAAGTACCTTTTGAGGGAGCAAATTACGTCATGTTTCTTGGCTCTACGAGTGGCTTACGACTGATGATAGCGTTCATTGACGCTCCCCGTGAACGGGAGAATAATGCATGGCTACATGTGAGTGGTTCAAGAAACGCTGCGACGGTTTCGTACGACGATAGTAGGCTCAGTGCCCAAAGCGGAGTGGTCCTGGATAATATGTTTCATGGGTAACCTCTCCTAGCTTCCGTGGTACGACAGGGTGGCTTAGTACATCATAAATGATTCTATCTGCGCGTATATGCAACGTGGATTATGGGAAGATAGCTGGGTGAGCGAAATTTACAACCAAGGATGGAACGCTCTATATGATTGGAGTGTAAGTAGAATTTTGATTACGGTTCTCGAATGCTGGCGTTCCGGAAAGCTCGTTTAACCAGGAGGCGGACCCGGGCTCCATGGGGGG,569,49.38,Mus musculus
SEQ_205501,TTAAGGACAATTGTCCAAAAACATCTAAAAGCGCCTGATATGCATGTCCTACTTCCGGAAACTTACCGCGTTTTGGCGACGTCTCCCTCCAAAGTTATAACAGCGATCTCGTGCTTGCTTTACCAGCATGCGGTTGAACCTCAATATACGTTCTCAGAGTTAGTGAGGTGCAGTAGATAGCGATGCCATTATGAAAATGGCTGACACCATCAGCATTGGGGGTTGGCTCGCAGGCGCCCCCGTCAGACACGTCGCTGCCCTCTTGAATCTGGGCCTACTGCGACCAATCCCCTGTCTGAGCCTTCCGTCTCACTGGCTTCACAAAGCGATTTCCACCGATGCTGCTGACAACTGGGCTGTCGGAAAGCGCCCGAACCGAACGTAACAACGTCGCACTCTGCGTGCTCTGGAAGGTCCGTTGGGCTGACTAGTGACACTGTGAAGGTCTGCCTCCGAGCAAATACTTGCGCGCAAGCTCCCAAAAAGATCTCGAATTCCTGATAGTGGAACTACCTCCCTTAAGGTGCGAGTCATTGCTGATGGATTAACACGATGGGAATACCGCGTCAGACATGTATTATTTCCTGAATTACGTCCCTCTAAACCAACAACGGGTACCCGACACCGGCTTCGGTCACTTCAACCGGACTATATACTGACTAGTACCGACGACTGATAACTGAACTTTAATACAGGATAGAACCTCTAAAAACCGTCAATTCTTGGTCTAACACCATAGCCGACGGCACTCGATGTGTGTGGGTCAACAATTAACTCGGTAAGGGACTGATAGCGAAAGTTGCATGAAGCCACATCGGTGTCAGGTCCGATTTACTAATTCCGCGTAACTCGAATTCCTCCGGGGTGTATTATGATTAAACGGGGTGAGGGGGCGAGAGAAGGGAAGGGAGCTCTGAAAGAAAACCGCGTGGCAAGGACAACTAACACTACTCCGAGGTCCCAGACCAACTCTCGACCCGTCATCGATGTGTAAAGTCGGAATTGATTCTTGTCCGGCAAATGTTTGGAGCGTGCGGGTGGCAACATTGGGGGCCTAATCTAGGATACAGGGTGTAGCGTCATAGCTAGGTGGTAGGATAAAATAATCCCGGTCGCTCTCACGTTTGCATATCATAACCACTCGACATTCAATACCTATCGTCAGGGATATATTCAAACAACTACGGAGAAGCTCAACGGTAGCCCAGAATAGAAGGAGAGATCCTAGAAGTGATCAGCAATACTCAGCTAAAAGGGAACATATAGCAGTAATGCACAACCTCGCGATTCTAAAGAGCCATACAATCATTGTCCGGAACCTTCGGATATTGGCCGATCGCACACTACCCTGGCCCCTCGATTCCAACGGAGCCGGACGCTTTAGGAGAACACTAGAACCTCTTATTTTCTCGGAAACAACTGGCGCGCCAAGCCCTGATCAGGGCCGCATAATCGGCTCAA,1461,49.83,Caenorhabditis elegans
SEQ_561841,CACACGTACTGTCTTTTGGCAAAAAATCCGCTTGCCTTTACTCTCAAAGAAGAATAATCGAGGTCCATAGGATTGATACTCCCGGCTGGGGAATTATAACACGCAGTCCTCCGCATGTGCATGCATGTAGGCCACAACGATCGCTAATCACTCCCACCGGTCTCGTCTAGCAAGGGATGGGTCCAAGAAAGATGAAGAGACATCTTACACTTTAAGTCGCGTATCAGTCCAAAAGCGGCGCAATGATATCGCCTCGAGTGAAACACAGGATGCCATTGTTGCTGATGAAACTCAGCTAAGTGGCCTGTAAGATTGCGCCTCCCGACAATAGATCCACGTCTTGCTATTTGACTGATATCATCTAGCACCCCCTCTCCGAATTACGAACTGGTTGCGAGCGAACGTACTGGGGTAGAAGTTAATAGGACATAATGGTAGGACTACGGGGCTTAACGTAAAAAGGTCTACATAGGTGAACTCATGACTTCGGCTTAACTCGCCAAGCGTAGAGGTAAATATGAATCGGTGCGGGAAGTTCGTTTTTTGAACGATCGCACCGACCTATTAACCTCGATCTCACAAGTTGGGGTCCGGACGCAAACCCTCGCCGCTGTGGTCACTGCGCGGCCCGAGTTTCAACAGCTCAGTGGCTTCAGCACAAAGAGAAAAGTGAAGCACGACTGTCAGCTACTACGCAAGGTCGTCACTTCGACATTCCCTTTTTGCTCTAGGATAAAAGGCGGAGGTGAGCCGGCATGCATACACCTACAATGTCGCCCAAGCGTAAGGGCGGTTGCACATTTTGTGAGACCCTCCTTGCCCCTCGCACATTGTCATTGTTTTGCAGTGTCCGTCATGCCAAAATGAAGGGCGCTCAAGCAGACCGAGGGTGGAGGGGCTGACCACCCCGTAACTCCGCCACAACGGTAGCCTTCATCCTCTTTCTTCTGTGCCCGTCCGCGGCGTACGTAACAATCTAAAACATTGGCCGGCAGCTTGTAGAAGGAGTTTGTGCTATCAACCGTTTTTCGGGTGCAATTTGAACCAGCTGGGGAAACCCGTCTAGAGAAGGCACAAACAAGTAAAGTCCGTACATGCTGGGAGATTATAGGATGGTGGCTTGGGTGCTCAGGTTTTTTAGCTTGTCCACTACGATCCCACAACAGATTTAGTTGGGAGACAGGCATGTTGGCCGCCAAAGAACTTTCGCCCTCCACCGCATCCTGAAGTCGACAACAGGCATATTTGTTAGACGGCACAATGCTCGCTACGCACAGTAGAGCCTCTGATCAGGGCCACGACGTACGTCACTAAATGGAGAGTGATTGGAAATTAGAAAGGCAGGATCTATTATAATACCCTTCGAGCGCGGTTGTGCTCTTTAGGCTCGATCCTGTCATGGACGGCGATAGCATGAAGGTGCAACGCGCTAATACAAGGGGCCCATAATATATGGTTTATTGTCAGCTACTACAAGAGTCAATGACAACTCGTTTCGTTCGGTGCTGCGGCTAGTCTTGAGAATACGCCTGGGGAGACGAGGGCCAATGGAGTCTCCGGTCTCTGGGCGTACTAGTGATGGGTAGGGGGAGATCCGACACGCACCAGAGGGAAAGCAGGAATAAACTAAGCACCTAT,1638,50.49,Escherichia coli
SEQ_322310,AATTACTTGCCAATGAATGACTAATGAGGATGCCAGTTGACCAATTCGCACGCACCCAAGTACAAGTTCGATTCTAAACAATGCTTGTGCGTACTGTGTGCAACCTGAACATTGATGTGATAAACGCTGCTCCGTATGACCAAAGGAATGGAACCAAGGAATAGCGAAATGTGTGGGTTACGGACACAAGTATTATCCAACCGTCTATTATGATCATTATAGCCGGCCAGGTCGTTATTTTTCGAGAAGCGCTCGCCTTACATATAGGCCAAACCCCGCATGGGGGATCGCCTTAGAGCTGGACAGGGATGCGACCTGGGCCATAGAAACCCCAACCTATAAATGCTTCGTCAATTCCTTGGGAGGTCCTATATGATTCACTCAGGTCCTTCTTACCTTGTGGTGCTGTCTGTTTCGTGTCACTCTGTTATCCTCTTCTAATTGAGCTCAATCACGGGGCGCGCGGATTGTATGTGCCTGTGGACAGACTCTTTTAGTCCGTAGCTGGCCTATATGATGAATACAATCCCTGTATGGTTGAATCGGTATTCAACGGATCAATGCGTACTGGCCTCGTGAGTCATAGGCGCGGCGGAGAGCACCTTGCTGAGTATACTAACCTCAACGCCCCGAATATCGTTGGACAGGAGCTTGATTAGGATGGCGCAATGGCTCTACCTACATCATTTGACCTCCCCATACTGACATTCCCTTCAGCAGATTAGATTGCGCCGTAACGGCGCCTGCGGGAGGTCGAAAATCATCGTTCATTGCTGTACCGTGGGATTCTTGCCGCCAACTGAACCGAGCTCGCCGTTTGATACAATAGATAGGCGTGCGGCTCGGGACGGAGAAGCGTCGGGCCCCCCAGGCCCACTGCCGGA,884,50.34,Caenorhabditis elegans
SEQ_519043,CCGATGACATTTTATGAGATTTATTTGTCTTGTATACCCAAAACATTGAGCCTTAGCGTAAAACCACTACGGACTCACATCCCGATTTTCAAGTCTCTTTATAAGCGTTCTCACCCTGGGAGTCGATTCTCCTGAATAAAAGGTTGTATAGTCGGCAGGACTGCGGGGGTTATTGGTCAACCATGAGCGTCAGTCTTGCCGCTTTGTCAGTGTTATGGAAATAACTACGTTCTGCCAAAGAGTAGCGGGTACAGGATCGTGGGAGAACTGGGCACCTTAAGCATCGGTCACACCGCATGGTTTAGAGTCCGGCGTACTCGATCTGACTCTCACGGTAGTTTGGCCAGGCAGAAGGAGACCTAAAAATTACGTCCCGGGGTACTGCGACGCGGTAGAAAATTCTTTACTCTGGGGCAACATGCAGCTAAGAATTAATTGAGGACAACGACACTTAACTCCTGGGCGCTCGTATCGGCCCGATGTGTGTCGTGTTTGGTCCATATGACGTGGCCCGCTGTACTACAAACCGAAGGATTAGAGTATCAGAAGAAAGAAGTCAATACAAATTTACCCGAGCCGTCGCATAAAGGAAATAAATAATGCGTGAGTGGACTATCCTCGCAAACGTATTTAGCCCACCATACAACCCAAACACTTCGAACCTCCCGTGGGAACTAATTGTTAAGAAATTTGACTTCCATACTATCTAAAGAAATGTTCAAGTATGCGAGGGCAGAATATTAAGGACAGAAAGATTGATCGATACGAAAATGATGACCTAAAAGCAGCGTTGCCCGTATATACTCCAGGACTGTTTCAGGTGCTAGAAGAAAATACATCAGGTTAGCGAGCGTATCTCTACGTCCAGATACGACATTGCACGAGCCTGCCGGCGAGGGTACCTGCCCCGTCGATCACCGTCTCACAGTGTCTGGTTAGCCGAAGGAAGATTGTGGTTGACATTTCCGCGACCGAGTAGGTGTAGTTTGTGGTGCTAGCCTATGAATTCTAGTCAGCACAACGATGAGTGTAGAGCAACTAGACGAGTGCACTGAGATCAACGCATATCTGGCGTCCTTGCTCTTGAAGTACGGGTCATTTAATAAGGGTAAGAGAAACAGTTTCCTACGGGTCGAAATTAAGCGA,1146,46.68,Drosophila melanogaster
SEQ_103372,CGCGGTGTGCTCCCAATAAATAAGAAACGGTACTCCTAATTTACCCGGTTAGTCCTGGGTATCGGTCCCGAGATCGATACCCTTACGAGCCTTTACGGAGCACCGCCTGTCACAATAACAGGGGCCAAAGTGGAAACTAACTCTACCTCCGTGAATTGCCCCTTATCGTGAAGTTGAAGAGGTGTGCCGCGTGGATACTGAGAATCAATTGCCTTCGGTGCGTGACCATATCGACCTCTAACTTGCGCTGTGATGGCGAAAGTTTTTGAGTTCTCCTTGGAAAGTGCAATTTGATACGACGACGAGACGGGCGCACATGCTCGATTTCATTTAGGTGGCAAAATGTGGGACCTTTACCGTAGTCACTATGAAAGTCTACCTACAGTTGTTGTCCTGTCATAAGGTACCAACAAGCTAGAACTCTCCTATGTCGCCGGAACCTGGTCAGTTCCATCTGTGTTGTGTGATGGGCCACGGAATGAAGGAAAATAATCTATCGCTAGACTGGGACGCTGGAATAGGACAGCGCGAGCAACCAAAAAAGACCAGGATTAAGGTTACAGTGTTGAGCAGGGTCGCTAGTACATGTAGTCGAGGCTTCCTCCATCCATTACTGGACCCTGGTGGGTAACAATAAATTCTGGATGCGCAAATCCGTAGCCACTACGCTCTTACGATTACGACGGGGTTCTGTCTCGCCGCTATCGTCTTATGTCACCATGTTTTCGCGCCGACGTTGTGATACCTAAGAAACCCTTGACGTACTAGATTATACAGTATTATGATAGTCATGACTAATCTGCTTACGCCCGATAGATCGCTCGGTGCCGGAGTATTCCCACTATTCAACTCAAAAGCTAAAAAGGAAGTCTGTGCGAATCACGACGCGGGAATTGGCCAACTTCCGAGCAATGAGCGCAACCGCGCTCGCCGGCAGTAAGCAGGCATCCTACCGATGCAGAGCTACACCTAGTAACCCATTCCGTCGGGTCAGCACCTATCGTTGCAGTTCCAATAGCTGGTTTGTGTCGGCAGCTCTAAGCTGTCATATGATTACCCTGTTCCCCCCGACTACGGACGGACGACCATGCGTGGGCCAAATTTATAAACCTTGCCTTCCTAGAGTAACAGGTTTCATGGCACCTCCCCTTAAATATATTTCTAAGGAGTCAATCTCGGCATGTCGCTATAGGCGCACTAACAATCGCTTTCATCGTGTAGGAACGAGCGCAGTGGTCAAGATGCTCCGCCTTCACATCAGATCGCTAAATCTTAGAGCGCGCTTGATGCCTGTTCGATTGGCGCTAGCTTTCCGCTATATCACAACAGACGCTCCGTGGAGTTGGTAGTATTGCCGGCTAGCGCGAAGAGCTTCACTGAGACTAGACTAGCATCGCCGCGGGCGTCGCTGTTGGGCATTTATGTCTATTTGCCGTCGTAAATATGTACCATCGTGGGTGCCGAAATCGGGGTCCGGCGTGGCTCACAAATAGTTAGTCCGGACTATGAAGCCCCGCAGCTCTCTGTTTGGTTCCCCACACCACACAGATCGGACGGTGGTTGAGCTCAGTGTATAAGGACCACATTATTTACTTTGCGTACGGGTAGGGCAGTCGGACACTGACCCCTCAAGACCTTCTTCCTCTCTACAGACGCCGCGGACAACGTGGATTCCTGCCCTAATGCAACTGATTAGGGCTTATCGCTAATGATCCGTGGGCTACCCCGCAACCTAGGCTTCGTCAACC,1748,50.69,Caenorhabditis elegans
SEQ_755226,CGCGTGGGGGGGAAGTATGGATGTTTGCACCCAGCTTACGCATAACAAGCACTACGACCCTGTTTAACAATGACTTGCGTACAACGGCCCAAGGGAGAGCCAAGCTCTCTGCCGGTCTCCTTAGCGGCAAGAGGATACCTTTATGCTGCTGGCCTCCAGCCGAGGTTTCATGCGCAAAATTGTTGTCAACATGGCGAGCCACACCTCAAGGTGCCGTATGCGCCACCACGTCCCTAAACTTCGGAAGCTCTTTAGGCCTAAATTTAGATGTTTTAAAGCTAGTAACATGCGTTACCAGGATAAACCGAGCCGCTCGTATACAGAACCAAGCTTCAGTAACGTATTCACGTCGATTTCTAGAGTTCTTCAGACTACCCTTCGAGCTGAGTTGGGGAAATGGTTGGACCGAGGGTTATACACCGAGGGACATAGCTGTATAATTGGATTGGTTGTCGGAGGTCGATTCCCTCCTAAAGGAGGGAGGTATTCACTATAAATGTATGTACGAAGATCCCGTGCTAAGTAACATCTAATGACCAGGGGATCAATCTATGCTGAGTCAAAAGCAATATCTGGGTAAAAGAAAGCGCCCCCCCTGGGAGGCTCCTTTTGCTTATGCCAGTCGACTCCTCTGCCACATCTGGCAGTGTCGCCGACTCATTAATCGGATCCTAGTGCTCCTCAGTCCTATCACGCAATTTGCAGTGGTAGCCAGGATAACAAGACAATACGACACTTTCGTGACTGTAATTGGTGCAAACGCCGTCGGTGAGATCTCCATCCGCTCGGCCGCCTAGCCGGGGCTACCAGGAGGCATGCCTTGCTTGAGCACTGCCAGATGGTCTAGCGCCGCAAAGCTCGTAATCGGAGGCGTGAACTATGTCCGCCCACCTTTCCGGGCGCTGTTAATGTGTAATCTGTCAACTCCCATAATCGGATTAAATTGTGAATCCGCTTCGATTTGTGAATGGCGCCCTCTAGAGATAACCAGCTTCTTTGGATCATCAGTTTATTGACCTCCTTGTCTTCTTGAGCACATCGCAGCTGCGTGCACTCGAAGCTAATCAAGCTGAGTGGAGTGCCTCACCCTGCGGGATTGGACTATAGTGCGCCATCATGTATGGCTGATGATTGAACCAGACCGCCGACGGGATACGTAATGCCCTTTCCGTCTGAGTAGAGGTCGGTTGAGGCACGTCGATCCGTACTAGGAATATGGAGTGGTTGCGAAAGGTGCCCGACGCATTGTTTACTACGGGTCTAGCACACACCTCGTCACGCGCAGGCCAAGACATTAGCAGAGTTGGGCAGGCGTATCCTCCTATAATCTCACCGTCATCATGCGTCAGCCCCCTGAAAGACTACTTCGAGCGTGGTGTAAAGATGAACGTTGTAAACTAAAAAGACTAATGCTTAGAACAAGGTAGACTGGGTAAATGGCCCGCTTCGTTAACTAGGGTTTTAAAGCTCTGCTTCGTGCACTGCAGCAAGGATGTGACGTTTATGCAAGCGCCGCGCCAGGACCTACTCCTCGGTTACTACCTAGAAGTGCAATTAGGCTAGAGGGCTCTGGCTCTTAGTTGTCGTACGTTCCTTGCATATACGACTAGCCGTAGTTTTGGGCATGACATATTAGCCGCCTAAAACTTCTTGCTCGCTCTTCAAAGTTTAAAAGCTGTCTTGATCTTCCGTTATTACATAATCCATACCGCAGCTCAAGAACATCGCCTACATCAGTAACTGCACCACGCCTGTTTAGGGAACCAAGACGTGTTCCATAGGGCAAAACGCAGCTGCCGTTCAGTGTAGGCGGTGCTTTCCCCACATGCTGGTGGCGCAAAGATTTCCGAAGTACTCAGCTGCGGGGTCGAGGCGGGGGGGTGTC,1885,50.77,Arabidopsis thaliana
SEQ_488482,TGGACCCGAAAGGCGCAGATCATGTACTATATGCTTCTGTATGTTCAAGCTTAGGTAATAATCGGGATGCTCGTAATAGACCAACAGCTACTGATACGTCTCCTGTTGCTTCCGCGCTTTGTGACCTCAGAGACTTCATGCTTTGGGTCGTATGAAACCGCGAACTTACTGTAGTATGCTATGGTCTGGGGGTCTAATAGGCATGATAACCACGCCTACCTCCTCGGTCCAGACCTGGGAAGCCATATCTTCTATAGGTCATCGGGTCCCTATTCTATAATAAGCCAGCTGTCGTCCACCAGCTTCACGCGGGCCAGCTGGCGACAAACCAATGAACTAGGCTGGGACTTACACTGTCCTAGGTGACTATTTGTACCGGGTCTAGACTTACGTCGTAATCGAAACTGACGAATGTTCGAAACTACAGACACGTGTTCTTAGCGCGCGAATCAATGTTGGTATTAGGTGCAATCTGGCGAATTAGGATGTGTGTTCCCCTCCATTCGTAGAATGCCCCAGACCGGGATTCGTGGTTCCCTACAATGTGGCCATATCCCTTCGCGATCATGGATATTACGATATTTACACTCGCTCCGAAGTTCAGCGCCCACACGTAGCCAAATATTTGCATCCCCGCTCTAAGCACGTACGGACTGGCAACTCGAGAGTCTTACTGGTCCCAGCTGCGTTCAGCGGCAATCTGATGATCCTGATGCTCCAGTCGAATACGGCTCTGATTAGCCATGGGTAGTGGGCAACCGTCTGCTACGCTTGAGGCCCGTTAATGCTTTTCCTAGGAACTATTTACTCGGATGACTGAGAATGAGTGCTGGTCAGGCAGACCAACGCCAAACGATCACAGCGCTTGATAGTATGTGGGGTGCGTAACCTACCCAGTAGGTGGACGCAGATGCCCAGCTAGACATGTGGTTCCGCTTGGACGAGGCCCTATGGAGTGATAGGGAGATAAAGATTGCCCCGACCGTGCGTGATCAAATGGACTCGATTGCTCTCTGCAACCTCCCTCGGACTTACGACTTTAGGCAAGTTTGTGTATAGAGCAAGTGGTGTGGGGGCAATAACGAACGATTACTTCAATTGGAATAAAGGGGAGGGGTGCAACCGATTCGACCACCTTCTGGACTGCAACTGCGGTTGCCCTCTGCGGCAAGGACGAACTGCAGCTTTCGAATCTAGACCGGGTCGAATCTGCGACCTTACGCCGTCACAACCCGCGCAAGGAGTACTGTCTGCCTAAACGTCAGCTCATCTGCGGGATCCTGCGTACTCTGAGTTTGCGGCCTTAGTTCAGCCGGCGTACTCCC,1325,51.62,Mus musculus
SEQ_898273,CAGCCAAAGATCCGCGTCGATGTAGCTCCGTCCCACCTATGTATCTAGCCCTTAAATTTCGCCTAACTTCACTTATGGCGCTCTGCGTGGTCTTCAAGCGCATGCGGTTACCGATGGCGGCTTTTATACTCGGCTCTCGGATCTTTGCCCAGCTTTCGGGACGCCGAAGCGATACTGCGGTATAACGGCTAGGTTGAGAAACCCTATGAATCAGCGTGCCTTGTTGAACAGTGGAATCTGATAGGCTCGGCTACTTCATTTGGTTTTGAAACCATCGCCTCGAACGGACAGGTCGTCTATTGGGATTGTGTCGCGTGAGACCTGAAGTGACGAAAGGGTAATCCTTGGAGCTTGGGTCGTCCCTCCTCGTTTTGTCCCAACCCATAGCGATAGGCGGTACACAAGAGGCGCCGCATACGGTTGACAACGGGATAAGCCGCTCTACATGGTAATACAATAGGATTCTGGGCAC,472,52.33,Homo sapiens
SEQ_493445,TGCCCGGGAACGATACGCGGAAGCGGCACATGTTCGCAGTGAGTTTCAAGGCGTTAGTACATCTGCCCCGGAAACCAGTAGACTCAAGCATTAGCAACTGTCGGCCCGAGAGGCCGCCCATCTCGGTCTTTCCTCACGGCGGAGCGAGGGTCAGATCTAAAAATAAACGACATTCGAGCGATAGTACCTGCGCAGAAATACGCTTGGAGAAGGAGCCATCTAGATACAGGCGCGAACAGTGCCGCATTATTTCCTGAGTCCTAATATACGGACAACTCGACCGGACGTGGAATGAGTTCGACCGAAAGATTGATCACAGGCCCATATGTGTAGATCGTAACATCAACCGCTGCCTTGCGTGTACACTTGAGGATCACTTGCCGTTTGAAAGGTGGGAATTTCGATGCAGGTATCTGGAGATACCTTACCAGATGCGACCATATTCTTGCAGTGCTAAGGCCACAAACCAGTTCTAACCGTAGGGGATGGCGCCGGTTCTGCCGGCATGTTC,511,52.25,Homo sapiens
SEQ_246482,AACGAAAGACGCTCTTCGTTACGCCGTGATTGAACTATACAGGGATCTGTTCCGATCATACTTAGTGCCACTTTACCCGACCTTGCCTTAAAAAATAAAAGGAGTTCGCTCTCCGATCAACGTGCTCCGGACGGGCCCGATGGTGATTAGTACGGGCAAGTAGTACTACGCGGTACTACATAGTGCCCGGGTCCTCTGTCAGTCCGGGACTTCATCACTATGTAATAAACATACCATTAGGAGGGGATCGACTCCTGCGAACCTCTGATCATAAAAGATCTTTATAGGGCTCGAAGCGAAGTGCTGATGAAGTTCACATGTAACGTGTCGATATTTCACCAATATGGAAGGCCGGCTAGTAATTGCGATTCCTCTCCTTACACAAATTTCTGTGAATCAAAAGTCGCTGGGCTAGAGAATGTAAATCTGGGTGAGTGGAGCAAGGGTGAATAGGAAGCCCATAAGCGTAGTAACGTTGTCCCGGCATTCATACATAATCAGGTAAAAGACGACAAATGCCTCCTGAGCACATCACCGGCTGTTGTGATGTACGGATTCCATATCTGACAACACCGGGGGCTATGTGCCGAATTTGACATTCCGTAGTCCCCGCGCCTGAGAGTATTGGTAGCTACAAATCATTCGTTATATACCACGAGCTATATTGGTCCATCGTCTGATAACAGCGCATTACTGGAGTACAAGTGGGACCAGGATACAACGTACAGGACTAACGCTTTAATAGGGACCCAGACTCCATTACGTCGGAGTCACCTGAAAGGGAGTACTGCACGCCCCTCATTACCCTCGACACGTGCGTTAAATGTAACTAATTGGGGTACGGACCCTCCGCTTTTAGGACGTAATCAATTTTCCTTATGGGGCGTTTGACGTTTATGGGTGCTTAAGTTGCAAGTCTCAGCTAGTCTGGCCTTAAGAGCCAAAGATAAGTTATGTGGCGTCCATCCCGGCTGCGCGCATTGTCGGTACTCCATGTAAACCCCGGCAGACTCATGATTGTGACAGCTATCAGAAAGTATCCGATTCAAATCCCTAACGCGTGAGCGGACACACCCCGACGAACGGCTCCCATAAACTGAATTCAGGCCGCCGAGGGGCATATGACTCCTTCCGCAGGTACGACTTGCTGCCGGCCGAGGACGGCTAAGACCACTTATCGCCCCCTATGGCCCCACGTTGGAACTAATACTAGGGCGGCCATAGCCCCGTTCCTAAGTGGTTCAACGGACTCACCTCTGATGCCCTTACATTCCATCGCGGTGGAGCCTCAGACTACTCCAGCTGTTCTTAGTCTACAGGATTTCTCAGCAGGCCAAGGCAACCTGGCGGCGGCTTAAACTCACAGCGTCGAGCGATGAGTCATAGCTGTCAGTCGTACCTGTGTTGCCGGGACATTGGATGACCACCTGAAGGGATTGCGAGTACTTCTTGACCCGCCTGATTGGAAATAGTCACTTGGAGCGACCAGGATAGTTCACCGATGGAGTCATCGTGGGCCTCGCATGAGCTTTAAGCTCCGCAGCTCCCTGCCGGAGCATCGCTCCCTGGTACTCGACACGTTAATGGGGAAGTCAATAATTTTCGGG,1607,50.65,Arabidopsis thaliana
SEQ_659174,TAAAAGGCTGGCCACTTTGACAAATCATAACCTTAACATCGATTCAGTCGATCTCCTGCATACCCCAAGCCGACCCTCGTGGGCCACCCTTGAGTGCTGCCCTCCCAACCCTACGCCACTAAGTATCCTCCCTCGGGATATATAGGAGTTGGGAATGGTCGCGCGACCTGAAGGCCGAAATAGTCGCATGCGTTCGGCCATAACAGCCGGCGCATGGGCAGATCGCATTTAAAGAAGATGGATCGTGCATAACTTTGTAAGTGTGTGAACCACCTGCACTCGGCCCGCGTTTAAGGGGGACAGCTCGTGGCTGGGAACGATGGTGACCCACCCTAGGAGCGGCGCCCGGGAGTAATCTTAGGTTCGCCGAACCCTGACTCTGTAGTCCGGCCTCGAGCATCTCTCGTCCTTCCCCAACACATGATTATGGCTCTTCCATCGACGCAGCCGCCGATCCACTTCAGCTCGGGCAACTAACGCCTGGCATCCGAGATAACACGCGAGCTAACTGGTCACACAAGCGGTGTATTATCTACCAATGGCATCACAGAATTTCTTTCCTATGGCTTGTGTGTATCTGCACAAGTAAGCTTAAACATTCGAGGGAGGGCCAAGGCTCCCATTCAAGGGCGGGAGTACAAGGCTAAAGGCCCCTAAGGAAACTAATACCCGCTTGTTTCTGAGTCATACCGATGACCTTACAGGGAAACCCGCAGAGTTTACCCCCTTCTTAGCGGGAGCTAATGCCACCGAGCGCGTGCTCGGCGTAGGACCTGCAGCTTTAGTGCGAGCCGAAGGATGTGGCGCCCGTGAATTATTACCAATCCGCTAGGATGAGGAGGTTCCAAGACCAATGATAGCTTTAGCTCGATCAGCTCTAACTCATCCTAGACCCTGCAGGGTACGGTACATGACCACAACGAAGTTCGGGCGCAAATTCGAGATTTGCTTGTAGCGATCCTAATCGAGAAGGGCAGGAATTGGGCCGCTTGATAGAAGCTTGGCGCTTGGCAAGTCCAGGAACACTACAGCCGGTAGCCGCCTTGAGAAATAGCACAGGAATCTTCAACTCGCGCCAACAGCTACGAGCCCGGCAGACGGCGTTTTGACATGAATTGCTGGTCACCTGTATGCTTGAAATATTTTTTTTAAGATATAATATCTACATCGCGGAACGCTAGGGGGGACTAAGACGTCTAAAGGAGATCCTGTGGAGAACAGCCCAACTACGAAACAAGGCCCAGAACGCGAGACTTAATTACCGTCTGCAACGGTTTCAACCATCTAGGAGGAGACCGTGTTAGGCTATCAGGTCCTCTGATCCACGTTGGAGGATGAAGGACTTGGTAGCCGTCGTTGACTTCGGGTCGATGTTAGAGCCAAATGCACTTTTCTGTTCCAGAACCAATCTACCACAGCATCGCCTTACGTTGCCCAGGTTAAGATACATCTCCATACCAAACCGCTAAACCGGGGTGGGGATCCCGCCCCCCCAGTACCACCTTAGGTCTG,1512,52.78,Escherichia coli
SEQ_756688,GTCTTCGCCGCACCAAGCAGTAATGTATCTGTTTGGCGTCCTCGCACAGGGGGTTTGCGATTTTTCGGCTTAGGCACAGGTCTACCTAGACCGCGACAATGACTTCACAACACCAACAGACTGAGTTCTCAGAGTTCCGAGAGGAATACAACCAATCGTCGGGTTCAGACCAGACCGAAACTGACAATAATCCGAGAGTTGGCGTCTGGTCGACGACTTGGCTCAAAGTCAGGCTTGATCATGATCACTGAAATTATAATACGTGGAGTGGGCAGGGCGCCTCCATACACCCTGCCGTCCTCTGGAGGACCATCTCGAACCTGTGGTCGCGGGATGGATTTCGTACTCGAAGCAATGAGAAGGACTGAGCTCCGTGCTCGAAAAGAGCGCGCGTGAGGTTCCACCTGGGTAGCATGTAAACGCGTAAATTTCGTTCCTCTTTACAGTGTCCCTTGTGCCTTAACAGCCAATCAATTTTAGTCCTCTCTGTTTACAGCAGGACGGGTTGAGAATATCTTGGGCTCTACGTATCCCAAATTATACCAGACTTGTACGTTAGGGATAGCTCCCGTGTCTGTGTGACGAGTCGTATTCAACCAGGACTCAGCGCACTCGGCGCTCACGACGCTCGCGATTATAGGAACATATTACCAGCGTCGTGACTTTTAAAATTTCAACCCTTCGCTAGTCCATGGACTGTTCCTGAGACGTCTATAGGGCACTCATTCCAGGACTGACCAAATTCGCTCTGTATCATGAGGGAAACCGAGACGCCTTATGTCGGATTCATTAGCGTTTTGAAAAAGAGCACCGTGTTCATATCGGCTTCAAACAACTCTCGCATGCGCGGGATGCTTGTCGCATATAGGCGACCCTCGCTCACTCGGTAGACATGGGCCTGTCTATAATTTAATCTTACGTCAGGGCTCCCCATTGCGGCGCAGATTATAGCGGATTTTATTTGCGTGTGGGTTGCTTGACCCTTCTTGCAGTGGAACCACATTTTATAACATGATGAGAGCCGAATCTCTACAATATCCTTCTTCTCCCAAGGTCGAGAAACGCAATAGCGCTGAGGCTGAGCCTAGGTACTGTGACGAGGGCGGCCTCCGTAAACATTTAAACGGATTATACGGTGGGAATTTGTCACTTGTAGACCTCATTAATCTTTAGAGGAAGGCACGGAACACTATGGGTTGTCATCCTCGAACAAGTAGAAGCGCGGTCTTGTATTACGCGCTACACTTATGATAGACTTTATCTTGTAATTATACGTTTGTGGCGATAGTAGCCCAGAAGCATTGCCCTAGGTTACGCAATTCGACTCCCGGGATTCGTGGGTGGATAATAGCATCTTGCACCCAGTATGACCATCCAGGTAAGACCTCCAATATGCAGACATAACTTAGCTTCTTCTTCGAACTGCGAACGTACAAAGGGTGTGATGATTGTCCACGTTTGCATCTAGCTAAGGACCCGGAACACGTTCACCGGTCGTAGCCTTGATGGTCCCTCTGGTCACTTAAGGTGCGATGCCACCGCGGAACGGACTTCCTGTAGCCTTAGGCAAGCGGTCTTGCGTCTAAGTCGCTGTACAGGTCTCTTTGCATTCTC,1614,49.44,Caenorhabditis elegans
SEQ_860785,GCGACTGTTACTGTTTCCGCCGCATGTGCTCATTACAGCCCTTCTACTGGGTAAAGGCAATTGACTTGGGTGTATTATCGGAAACTCGAGGTCCAACGGTAACCATCATATGTGGGTTTTGCTCTTGGACGTCCCATCCCTTAATTAAGACGACCCGTTGGTGCAGCAACGCATGTACACTCCTATGGTATTGAGATTTAGCACCGGGGGAGTTGGTGCGTTGCGACACTGAAAAAATTGAGTGCACTGCATGTGCAACTAACCACAGTGGTCTGATCAAATGCGTGTGCCATACTAGAGGGATGGATAGTTGGTCCGCATCGCCGTCTAGCTCGTGGTCTTTCTTGGGCAATACTTTACAGGTACAATAAAAAGTTTTCCTAGCGCGTCGTTCGCGTGTGGTGCACGCGGCATTGTGTGGAATTAACATAATATGGAGTATATCTGAGGGCCGTGGGTTGCTGGGCCCATAACCCATTAATAATGTCCAGCTTAGGACCGTTCGGTCGTTCGCCCTGAAGTTATGAAGATCGATCTAACCTGTCAAGTAGCCTAGCTTCTTTCCTTGTCCTGGCTAGTGGGCTTTGTCGGCGTGCGTCTTGGGCAGTTCCATCTTTGCGAGATTGATCCCGACTAGGGTGTCAGAGCACGGAATACCGCATGGCACCTGCAAATGCCCTTGTCTCCGACTGTGGTCAGGAATGGGGCGAGCTGCGCCGCCTGGTTTTCCTACTCAATCGCTTAAACTACGACTGAGAGTTTAACGTAATAACAAGGTATTGAGCCAAGCCCACGCCCAGGGGTTCAAGGGCATACGTAAGGATAACGCGCAGTGCATTAACCCTCCTTTCGTGATAATCTATACTACGGATTCCCATTTGCTACATACGTAATAGGTTATCGGATGTGATAACCGGATTTGTTCTATCGTTGTCTCGTCGATACACGTCGACATATGACGTTCAGTCAAACATAGGCGTGCGTCTGTGATATCCCTCAACGGGTGGCCCGAGAAGTGGCATAGAGAGTGGTCAGAAGTGACCTTCTGAGCTTGTTAGCTATAGAAGACTATTAATTTGTTTCCGATGTAGATCGCCTACATATTCTTGGCGCCTTTTCCGGGGGGTTAGTTAGGTCGTGTACGGAGACCCTAAACTGTGACGCCAG,1167,49.27,Homo sapiens
SEQ_646889,CACATAAATGTGTTCCGGCATGAGATAGCTGGCTGAGATCCACTCACATGCTAGTTAAGGATCCGTTCCCTTGTACTGCTGTTTGGTGACTAGGTCGAATCCCACCTTGACCAGTGGACGCTGATCTCCAGGACCGGTGTCGATGAACGTACGTTAAAATGATATTCAGGACCCCAGAACACCTTTTCCGTCTATCACTATCCCCTCGCTGCGCATCCGTACTACGGATAGTCGGGAGTAGCATGAATCGAAGCCCAATTACATCAGGGATACACCTACAAACGTCAGGCGAATTTTACTCTCCCGGACGTTCTCGTTATCCCTGTTAAGTGACGCTCTAAAATTTCAATAGTGCTCATGTTGCGGGGATCCGTGCGGGGTACCTAAGAAGCCCAATACCATTAACACCCCTGCTCTCTGTGGGGTGAGTGACTGTAAGAGTCCCTGGTTGGGACTTTCCCAGGGTGGCCTAAACCATATCCGCCTTCAAACCGAACCCTATTAGGAGAACAACAAGGGTTGCTCTAACGAAGCTCCGGGCCCCGAAAACCAGTTTAGTACAAGTGATAGACGAGGCGATCTGGGTAAGTTGATCCAGCATTACTTAACACGGACGTCGACACCCGACGATGATGACAGACGAAGGCCGGTCACGTTTCTAGCAGTTATTCGCGGGGTGGATGACCCATGGCGTGTGGAGCTGAACGGGCGTGCGGACGCGCTCCAGGCATGTATGACTCCTACGTCTCCCAAGCGCATTCATTTAAACTAAGGCATCCGCCTTCCTCGCATAGGTGGGCTTATGACGGTAGTTGTAGAGCGGGGCCCTTTACGTTCATGACGATGAAAAAACTTAGGTGCCTAATATGTTCCAATTGACAAGCCCGATCAACACTCTCGTCCAAGTCAATGCGGCAGTGTTTCACATCGTGTAGCGGCATCCTCAGGTTGCTTTGAAGTCCCAGGGTCGCCTGGAAATGCGGTAGAAGATAGGCCCCCTCTTTGGGGGACACGCCGGACAAAAACTCATGGAAACGTAGGGTGCCTCGAAGGGCGCCCCGATGCCGATGAACGAACGACAAGCGTGCTAATCTTTGAGTTCGGGCCGGTTGGCGATGACTGCAGCAGTCTACTTATGCGCAAGTACCGGTTCATCATCTGAGCGGTTCAGATAAAGTAACACGAGCGGTAACTTTGATTAGACACTATAGCTTACCCGAACAAAAAATCGCCGGTAGCATCTCTGAGCCTATTCAAGGCAAGGTATGTAGTCTAACAACCGAACAGCCGAAAATTCCGGTAAGACTGTCACCGTAGGGTTTTAAGAACTCGGGACTCGGTTGGTGCATGTACGAAGCTATGTCCCAGTGCAGCTTGTACAAAGGCAAGACCGGTTTTGCGTCCTTATCGTAAAAATGAACTTTTACCCGCTTGCTAGCATCGCCTCGAGCGGGTAGAGGGCCGGTTTTATTACTACATCGGCACGCAGTTTCGAATAGACCAGAATGTATATTGCGTATAATCGAGCGTGCCAGATGCCTCCGCAGCATGTCTCCTTGGCTACCAACTCCGATCTATACTAGGCAGTAGTCGTTAAGTTACTTCTAGCTTACAATTAAGTTTGGGCATTCATGCCGGTTGGGAACCCTCACCAGTCTCGGGTTCTACTCTTAGGTAGGTAGCCACGTATTAGTGCGTGTGCGGGGCAGTTGCATTATGAGTA,1723,50.67,Escherichia coli
SEQ_543142,CCGGTCTGCTTGATTCATGCTGGTGGTGGTCCACTTGGGAATTTTCCGGACTCCCCGACCGATGGGCGATAAACTAGGCTGCGCCACCATGAGCTATCAAGATTAAGCCGGTCTCACCAAGTGTCCGAGTGCTCTTGCGGGAGTGGTCTTCGCTGCAAGCCTTCTGGTCAAGAATCCTAGGCACGCTGTCGAGGGCGGCTGCCGACGGCCCCCGCTTGTAGCGGAGGTTAGGAGGCAGTTGGGCCGCCGTTGGCAACCATTGAACACTTGGTCTCTCCAAATAAACCGCAAGTCAAACGGCAGTTTTAAGTTTGCCACATCTTCCGCGATTCGTTCAGCGGCG,343,57.14,Drosophila melanogaster
SEQ_794326,AAGCAGTGGCAAAATGGTAGATCAAGTGTGTCCTCGCGTCGCCGGTTTTTCCCCTTGGGGGAATTAATGATCGGGCTCGAGCATTGACAATTTGAGCCTCGGCACGCGCTACGTTTTAACACTTCGCCCACATTGGCCAGCTCACAGCGTGCGCCATAGTCTTAACGCGGCTCTGAATATCACTTCTCTGTATCATAACTTTACGCTCAATGACGTAC,218,50.46,Homo sapiens
SEQ_933244,ACTCAACCTCCCATTCTTCCGCGATCCAGGGGCATCGATGACTGCGAGCCAACACTTAATGTGAAGTGACGAAATAACAAGATATCCTACTCCAGAGAGAACCCGGGGTGGGGTGCCCTGAATCGACTGACTCCGATGTGCATGGCTTTGCACTGAAGACTAGTCGAACTATTGGTCCCACCACAATTGGCTCGTTGCTCTGGCCCGCACTCACCAGGGGGTTAAGTTTGGTCCTGTTGACTGTATTCCAGGAGAGGGAGGCGACGCCGATGTAGAGCCGACCAAGTTGCAGTACTAGAGCACGAGAACCTTAGAGCACATAGGACCTTGTCGGCCTTATTTAATGGGTGTCCACTAGATGCCGCCCCCTAAAGACCTATACAAAATATCCTACCTCGGATGGGCCATCGAATTAGACTAGAGGGTGCACTACTTGTCTAATTCTTAACGGGGCGCAGGAACGTGCCTTGGAGAACTGAGTTGAGTCATACTTGGCGTGACCATTACGCGAGCGGGAATAAGGCTTAGCGTAATCGATGTACGCCGTAGGGCGTGAAATGATGCGAATACGGCGGGTAACCTCGGGTCTAACGATC,596,52.18,Arabidopsis thaliana
SEQ_923325,GGTGTATTAATAGATAGGGTACCGTAGGTCCTAGCTCCTACAGCTATCCGCACTCGGCCGCCTTAACACCACATCCCCCATCGATACCCATATAACAAACATTATATATAGGCTAGCCTTCTGTTTACCAGTTTCACCTGAATAAGGTTCTTAGAGTGGCGGGCCAGAACCAAGGAGGAGTAGAGAAACAATACTGCTCGATGGGGTGATGGCGTTAACGGGCGCTATTTG,231,48.05,Arabidopsis thaliana
SEQ_560425,TAGCCTGAATATTTTCAAGAAGGTCTCCATTCGGCCTTACGGTGCGTTTCGCGTTGGATAAACACATCGGCATAATATCACGGATTATGGCCGTTTCCCGGAGGGGGACTACCGGCCGGTAAGCTGTCAGCGTCTGTGGCGGCTGTATCATCTCGCGCGTTATAAATTCACCTTTGCATGGATCTTGCACTAACCATTATCCTAGCTATAGGGGAGCTAAGCGAAGGCCCGAGATCTGCCGAAATACTTCAACTGCGACTCGCGCATCTCATCGACACCCGCCTTGTCCACGGGCCACTCTTGCGCTGTCGCGCTTAATACTAGTTCAACACCCGGCTGTGTCGGCAAGTGTGCTCTTTTGTCTTTACTCGGCGCCATAAAAAGTACTACACCTGCATAGTGACGTACGATATGCTTCGTCTGTTGAAAGCCGTGAGACGGTTTCGGCATTACTTGTAGCTGCTATCAATTGATTTTTTTAGGGACGTTACCCGGTACCCGCAGCTCGTCCATATTCCAGTATACTGTTGGCGAATTAGCAACATGCAGTGTTGGGTTTAACCAGCACAAAATATATCTCCTAACATGCCAGACGGCGTCCACCATATTATTACCCAACTGTTACATCGATGTTATGTGCAGCTCGTCAGCACCCAGATGAATTGACCCCGGTAATGCACGCTCTATCTAGGTATAGGCAAAGAGCTGTCCAGGCGTCTCCCAAGCGGTCGCGGAGGGGAATAAATTGGTTGCTAATCTCGTACGACAAGCACGACACATACCCAACCGCTATAGCGTGCAGTCCGGCTTAATGGATCGGAACAAGTTCCGCGGATATTTACCTGTCTAATGAATCCTATCTTTTAGAAGTATACGGGGAAGGATGCCTCATACGCTCTCCCCGTTGGTCCATCCAGTTTTAGTTCATAACCCGTCCGCACATCTAGGGGAATTACACGGTCTGCAAACCGAACCGTGTCATACTATGGGTTTTGTACGCAGGAGTTGGCTGGCGACACGATGCGCAGGTCCAGGCGCAATGACGGGTCCACAAAAAGTACGTCACATACGAAAGGAATGTTGTGAAGGCAGCCTTTTTGGCATGCGAACCCGACACTAGGAGCTCCCATTAAGTATACTGGATGCTTGACCATAATTTATCCCGCTCTGACCAGGGTGTCATTGCTAGCCAGTAGGTATAATGTCCGTTGTGAAAAAGTACAATTGGCGGGGAGGGTCACCGCTACGAACTATAACTAGACTATAGCTTTGGTAAGCAATATATCCATATCGGGTAGTGAGGACGCTACTCTAAGTCTGTTGTATTAAGTTATGACTCGTGACTGAGGATCAAGAGAACTCGTCAGGTCTACTTTACCGAAGTCCATTGGTCCGATAGATTCAACGGATTGCACTGTCTTAATGCTGCATAAAACTAATTGCACCATTAAGAAAGCAAAGATCCCTGTGTGTGATAATGGGTTCGCTGCGCCACGGTAGGCGATTCCGTCTGCTAGTTCGTTCCACGGACTTTGCGGGTAGCCATGTTGCTTTTAGAACTATACGCAGGCACTGGGTGGAGAGCCACACTGTCAATTCATGGGGCATATTGAAAGCCCGCACAAGTAAGCGTGCTTTCTCATGACCTCGTTTCCAATTTAACGTGCTGACACGTCACACGTTACGACTTCTCCTACACGCCCCCGGTCTAGAGTAGCAGGTGTTCCGGTTATATAAACAGCCGATGGCGAAGCTTGATAAACTCCTTAAAATTCCGTTCCGAGCGAACGAGCAAATGACAACACGGTTCCTTATGGGCGATCCACATCGTCTGAGAGGTCTACTTTGCTAACCCTCTTAATGAGTAGCCCCCGCCGAACAAAGTGACCAGCATAGCTCGTCTTCCTTGAGAGTTGCCTAAATTCCTGGATATATAGACCCTCACAGTGGCTTGTACCA,1959,48.8,Drosophila melanogaster
SEQ_227799,CTTCCAAAGGAACTACTGTGTATTTTGGACTCCCCGAGTGTACCGACCCTCCTTATCTGTTCCATACTTGGCACTTCGCCGCGTAAATAATTCGTACGGTTCTCCGGATACTCTTTGCGAAATTATTCAAGTTGGAGGCCACGGTCGGGCGGCATTATGCCTTAAGACGGACTTGGTTTGATGGTCTTGGTGTCACGGCATACAGGGGTTGGGGCAGCTGCAGAATCATCGGCCTAGGGAAGACCCCAGCTATTATAAACTAATTCTCTACACTCAATTTGAGCATTTGGAGCTACACGCACTGTTTTTGGGCATAACTATGACACGATTCTGTGCTTTATCGTAATTCGCGGTTACACAAGGAAGATAACAGATTAGTGCCGTATCTCAATTGCGCGAGTTAGCCACTGCAGGACCAGCTCCATATGAGGCGAATATATATCTAGGAACTCTTACTACAACGGGCTCAGGTTCCAGGAAGTGTTACCAGTCGTAACCCGGGGACGTCTGCCGAAATTCGAAATTTCATCCATGCGAATTAACCTCATTGTGGTGCCAAGGATTACCCCAGCTTGACCACTATAAGTGACCGAGCCCCGCATCTTTTACTAGCGATTGGGCGTGTGTAAGCTGTGGTGGCGCACTACGTTTTACTGGAGCCAGGATTGAGAAGCCTATTGCGCGGTAGTATTTTGAGAGGCCTACGATGGGCTAAAACGCTAGTGTTGTTTGCTGTTCGGGTATCAGAGACTGAGAGAAGATGTCATGCCACATATGGTAGGAATCCTGGAGCTCTGTGGCCCTTACCCTGGCTCTTCACAAGTAACGTTCTTCCACTTGACGTCACTTTTCAAGCCGGCCATTAGGATATAGTTTTAACACCGCTCCGTGGCGCGCTCATCGGTTATACCCTGCGGTAGGAGCTTTCCCACGTGTGAGTTTATACTAGGGTATATGCAAGACTACCAAAAATAGTAAGTATCCACTACCGCGGGGGGTAAGTTATATTGCGTTGTAGTCGTATAGCTACTCGTCGCGCTAGACTACAGGGCTGATTAAAATCGCGTCACTTGTAGCGGATTGGCATAAGCCTCTCGCGCTTTTCTGCTCAAAGGGTCTCGGGATTTTCCAGTGTCTGGCCAATCGTTCTGTCCCCAATAGAGTTGAATTACAGAGCCGCAAAATGAGTCTGCAACGGTGGCCGCCCCGTTCTGGGAGAGGGGATACACACCTCGGCTCACACGATCTGCGCGTACACTGGTTGACCTATCAGCCACCCAGCAGCATTACCCACCGGGGAACCTAACAATAGGGGCCCAGTTACGGCCCCCTCGAGAAACTGACACGTGCGGATCCCAGCCGTCAAATTACAACGTATCTACCTGTAAGCACGCATAGATGACAGGTAAGAGCATTCTGGTGTGAAAGGTGTCCCCCGTGCCCTTGCTCGACAAAACTATTTCTGAAAGATACATGAGGGGAACGCAAGTTATGTAAGTGCAGAGCTAATAGTTGTGATACTTGCAAGCGGCGTACCACCACGAATTTGGCACGGGCTCTGGTGGCGCTAATTGAGGCTCGACGGTGGGAGGCCTGAGTCTACGTAAAGGTAGCCGTATAACTGTTAGTGAGATTTTTTTTATGAGCACAAATGAGCAGTCGGGATCTTGCCAAATGGAACATGGCTACGGTGCCCCCGACCAGCTGTGACGACTCCCCTGGTTGGATCAGTAGTGTCGGAAACACACACACTAAACCACTTAGCGACACCCTGAAAAGTCCCCGATGCAAAATGGCAGTCTGGTCTCTAGGAGTGGCATATAAGCTTTATTTC,1834,49.73,Mus musculus
SEQ_542424,GTTCGACATAGAGTCACGTAACCTTACTACCACCACGCGGACGCAGCCTAGGGGTCGACGACACTCAGCTGCTCGAATTGTCCAATTCTCAACCGCTTGTTGATCGGTTGCAGATAAGCTCAGGGACTCGCACAGCCTAAATCTGGTAGCGGCGTAAAATCCAAGGTAATGTCCGCAGGCAGAAACCATTTTTAACTTACTACGCGAAAAGTATCTATTTTTGTAGCCCTAGTGGGATTTGTTCGGAGCTAAACGCTGTCTTTGGTGGGTTGGCGTACGGCAGAGCTATTGGAGAGACACAGCCGTGAATTCACCCTAGTGGTGATTACTATATAGGTTCGTCCCGAAACAGCATTGCCGCGAAGTATGCACTCTTCCGACCGGAAATCAGCCGGATCCCAACTAACGAAAGGAATGGTTGCAGTACTTGATAATCCGTAAAAGTCATGCTATAGCCCTCTCATCTGAACGATGTACGTTAGTCATAGCCGATCGTTTATGGAGGTGCCGCATTCACGGATCGGGTACATGGATAAAGAACACCTTGTTCTGGAACATGATCTTACCGGTTGTAACTGAGACACACTGTTGTACGATTCTGCTGCATAATAATGCTTGCACGGGTTTGCTAAGATGCTCCAACGACTGTGCTGCGGAGAGACCAAAATCCTCAGACGACGCCCCGGACAAGGCTGTATCTACCAGGTTATTCAGCAAGAAGTGCCACATAACTACACACGACCGCCTCGTAACGCGCCTCGAAGTCGATAGACGATACCATCATATAACTACAGCGTTCCGCATAATTCTTGCAGAGGGTCAGCTTTACATATGGCACATGGCGTCCTAACTTCTTACAACAATGTGTGCAGCATTGGAGCGTGTACCGCGGGAGGATTGACACTCCCGGAATCATTAATCACGCCACCTCCTGACTCATTTTGCTCTCAGAGCCC,956,48.95,Escherichia coli
SEQ_278110,ATCCAGTACGATAGGGCACCGGCCCATTTAGCGTCCGCATCTGATCCGCATGAACAGTGTAGCCTAGCTCAAAAAGATGTTTTTAGAACCGGACGCTTTAGCGATATCCAGGCGATGCCTAATGTAACAGTCTCTTCGACAGGTCTCAGACCCCGGAGTCTGCATTGTACCAGTGTTACTTTGTACGACATTAGGGTGCTCTCCGCTAGCCGTATCGCTACGCCCTAGGGTGTGGCGTCTAGAGTCGTCATGGTGACTGTCATCATTGGCGTTCCGCGGGAGAGGCGGCCAGTCACCAGGCTGGACTTCACTAGATATTATCCTCACCAATTAACTCCCTCGGGTCGCTACCACAAAGGCGACCTCGTGATAAGGTAGTAATTCATTGCCTATGAAGCCGTGTTCGCTATCACAACCCATGTTCTTTGGGGGCGGGTAGTCCCAGACCAAGGCCCGTATCCGCATCTCCGAGCACATCAGGAAACTATTTCACTGGAAAGCTACCACTACGGCGAGTGCTCGGTTCCGGGATGGCCGAAGCGAAATCTTAAAATGTTAGGAAACGAAACCTATTGAAGCTCGCCAACGGCTCCCCGTTCAACTTCCTCCACCCCTTTATACTACCTCCCGCCCCAATAAGGGAGATAAGTGAAATACTTTGGGGTTCCTCACCGCGGGAGACAACTCATTGCGAGTCTACAATATAAATTTCAACTTAACAAGTGCCCTAAATATGGTCCAGTATATTTCGGCGCCCTATTCGGTGTCACACCCGCGATACCGTGGCGGTCCCGGTTGATCAGGACGTCGCTGCGATATGTGTTTATGCGTTAGCGCACCGTAAGTATTTAGCTCTGCGGTACCCTCTGGAAAGAACTACCCTTTGGGACAACTTAAAGCCATACATGGTAGAGTCAGTCCAGGCGCTTGTTCTGCTTGGCTTGCTCGACTACTCGGACCGAGAATTAACAGGCCGAATGGGCCATTAAAGAGGCGACAAATTAAAACCGCAGTGAACGGTACTATGTGGTCAGGCGATTTATTCCTAGAGGGTTGTTAGGTACTTTTATAAAACAAGGAACCAGATCGCGTCTAGGCATTCGTACAGGGAGTCCAGAACGAAGAAACTGCTAGTTGTTTTCGACGTCCCCCCCATACCCCTCTGAAAAGTCTGGGAAACATAGTGTCTCGGCTTGACCCAGCCGGGTTGGTAAGGGTGGCACTATGCATTATTACTCTAGGGGCAATAGGAA,1253,50.6,Homo sapiens
SEQ_145654,ACACCACTGGTGCATCGTTGCCAGAATAGTGAAGAATCCGGGCTTGGACATCATGTTCCGTTTGCGGTAGGTCATTCGT,79,50.63,Homo sapiens
SEQ_240307,AGATTTTGTCCGCTGGACCGTCTACGAACATTACGTAGGGCATAGACGTTAACTGTACCCTCTCCCACGAGAATTGTGTGAAAGTTTGCTTCCGTAGCACTCGTTAGGTTAACTGTCGCTGCCGCGCATCGTGAATATCGCCATTCACGAATATGCTACAGACT,164,48.17,Escherichia coli
SEQ_424496,TACAGAGCTGTGAAAGCCACTCAGCACCTAAAAATTCAGCAACCCGCGTAGCCAGGAATGACGGGGCAAGCAATACTTCGCGTGCCATCACCGTGGGTTAGTGCGGCACCAGCTAAGACGCTGAGGACTCAGCGGAATCTAGCGTCCACGACCGCTCCACGTAGGCAAGGCGCGCAAATAGAGCGCTAAGATATGGGTAACGTGTTCGACCACTGGAAACTCGTAGCCCAACCTACCAGAGACAGGTGTTTACGCAGGAGCGACTATGTTTAGCGGCTACCCTCGGACCGACGGAAGTCTGGTTTGGTTTCTACGCGAACCCACCTAAAGATGACTTACCTAGCGACGATGTTAACCTCCCCTCCAGCTAACCACTGTAGAGTGAGACTCTAGCTAATCCGATGTTCTTCAAAGATTCTTTATATAAACTTGCTTTTTCGCATTCACTGAATGCGTTGTGCGTAAAGAGAGTAAATCGCAAGTCCAGGAGGCGCCTGGACCATGTTCCCTATTATATAGGTTTTTGGTAATCAGTATTCTGGTTCTACGTATCAAGGCGCACAATCTAAGAAGGAGCGCCACCTCTTGGGTAATGATGGAGTTAAAGGCCCAACATAGTACCCCAAAGCTAATGGTGCCCTCGGCATGATCATTTTGTCGCTGGGTTTGGCATTGAGGTGGGCGCCGCGTCGGTGTCCTAACGCTAGCACCGAAATCTCTAGACGGATTGCATAGGTCTATAAATTCCACGTGGTTCATTAAATGTTGAGATAAGTGAATCTAGACTTACGGATTGAGGGGCTTGCCGAGGTGATGTCTATTGACACTATTTCCATAGAGTGCGTTTAATATCAACGGACCAGCACCACACTTCAGGGTCCAAATAAGTAGGCTAGTCACTTCCGGCTAGCTTGTAGCTTAACTTATCCACGCGACGGGTGTTTGCAGATGTTGCGGGCATTAAGGGAGGTGGACGCACATTACATCAGTTTGGTATGGCATAACTTTTTCAGCGAATTACAATTATCATTTCCATCATCAGTATCCGGGCGAATTGGTAGGCCCAGGGTAAATTATTTATTCTCACATGATTGACTGACTTAGGGTGGCATATTTGCAAGGGGGGCGATGATACGCTGACAGACTAAGTATCTGCGTGAGGTAGAGTCGGTTAATACAGGACGTGTGTTATTCGTGAGGCACGCATGCGACGACGGACTCCTATTCAGTCGCAGAGATATGGTATTGGAACCAACTGGCCCCGGTAAATTGGGGAGTCGAACACAGGGACCATCCGCGGAGCTAGTTAACCTGAGGGGCTCTTTTCCACGTTGCCGCCAGAACCTACCGAAATGCAATCTCTCCAACATAGTTGTCAGATGGGGGAAAAAGGCAACTAGCGCCGCGCTTCAAGTGAGGACAAGCCGTGCGTTTGACGTGGTCGGTGAGCAGTAGCTCTAAGCATGAGTAAAAACTAAGCCCGACTACAGCTATGCGAGGACTTGGGCCCGATGCCAGACTAACATGCGGGCCGAACAGATCATAGCGCGGCCCGCGATAACTATGCTATTATGAAACCTATAGACTCCTATGTTGCGGCCAATATTAGTTCCCGTGAGCATTTGTAAACGCATAAAGTTAAGACAAGAATAAGATTTTCCTACCGCCACTAATTTACCCAGGAACTGCTCTCTGGCCCATAACCAAGGCACGTACTCCCCGTGTTCTGTTGTTACGTTTAGAGGTCACCGTTATTCGGGTTACAAAGACTCTTGACCTCTTTGGATGATGGCCAGACGCCTTCGAATATACTCGGTTGCCCTGACCAGGCACTATATGAATATGTTCTTCAAACCCACCTCAGCCGTGGTACCACGTCTGACTTACCAATTGCTGTCGAGCCCCCTATTC,1911,49.08,Saccharomyces cerevisiae
SEQ_148191,ACCATGTATTGTAATGAAGTCTCCATGCGATCAAGTTTATCGTTCAAGAGCGGAGATCCTAGCCTCAACTCCAATAAGAAACGTTATACAAAAGGTACAGGCATGTCCCAATGGAGATATGGAAATGATTCAGAAGGAAGTGACGTGCGGTATAAGGAGATGCGAAACTCTCGCAGTATCAATCTTCATCATCCTCCCAGATGGCCTAGCCAACTGGATATAAATATAATCATAAACTGCTTTCTCTAGTACCACGGAAAACGCTTTAGGATCCGCTTTCCGCCCCGATACGCAAATCATATAGTGACGTTATCCTCAAGTGACGATGGCTC,332,43.37,Arabidopsis thaliana
SEQ_516893,ATGCACAGCTGCGTATAGGGATCAAGGCCCTTTTCTCACATCAGACGATAGCTGCACTCTACATAAGTGGGCAGGGTCGGTAACGATAATCTCCCCTGCATACTCTGAAGGAGATTGAAACCAAAGAGGCTTGAGTGGCACTAGAAGATGTCACAAATAACCGGATGATTTAGTCTCGAGAAGCCCAACCGACACAGATAATAACCTTCGTAGTAACGTCAAAGATGCATGATCGGTGTTTTACACTTTGACTGGCAGGGCCATAAGTCTTGCCGGTTTGGAGGAGGCCTCATCCTAGCGGACGTAAGGCTCTACTTTGAGGGACTGTCGCTCAATCTCCCTCCGGCCAAGCATGACAATTAATCTTTTCCCTTCGCATACAACATACTCAATAGATTACTGTGCGCGTGCACCCCTAGATCCAGCATGAGACTATCTCTCGTATATGACGTTAGGGGCTATGGGCTCCGTCTCTACCTACACATGGAAACAGCGGTCAGTCAGGCGGCTGCTTGGGGCGACGCAATTTTAGATGGTCAGTGAGTAATTGTACGATGACACCCTAAACTTTGGTATTCTTCAGTGATGTGTTAAGGGAATTAATGTGTACGATAGACGGAATTCCTCATATTTGGCCTGGTCTTTGCCAGACTTTTGGGCTGCTTGCTCGTTCTCTGTCGTGGATAAATAATGTGCAAAAAGAATATGATGGCCCAGTCTACAAGGCGAACGCAAAACGCTTTGGCGTGCTATTTGAAACGTAAGTGCACACAGCATGACGAAGAGGTAACACACACCCCCGCCCAAAAAGATCGGGTTCGCCCCATTTTAGGGTCACTGCCGCAAGGGAGCGTTTCCGTGAAACTACATCCCCTCCT,878,48.29,Mus musculus
SEQ_445265,CGCCCAAATACCCGACCGCAAAAACAGGCGTTTACACCCCAGCTACTCTGATCGGGCCTTAGAGCAGGCAACAGTATTAGTAATTTAGCGTCGCCTAAGTGGTCTGAAAGATTCCCTAACACGAACCCCGCACGTGCCTACGTTCTAAGCGTCTGGGGCATAGCTCCAACGCATGCCTGGTGCTTTGTGCGACGGGCAAGTACGAGAACCCAGAGGCCATCGACGCCGGGTTGGATATGAAAGAAACTTAGGCTTAAGCCCTATAAGGTCCTGGAAAACTACTATGGTCGGTAACCCAGTAGGGGCCTCGCTATGAAACTTCGAGTAACACTTAGATTTCTTCTGAGGCGAGAGCACTAGCTGTGACGGAGAATAGCCCAGATGAAGGCTTCAAACGCTGGTGGGGCCTCCTCACATACTGCTTTAGAGCAGCTCCACAACAAAGTCGGGCAAGTCGTCTTCTGGAACGGCAGCCAACTCTATTAGGCGCTCTGTGGACCCTCAAATAAGGAATTTGAGAGTTGAGACTTGCATTGACGGAATCGATGCCTCCGTAGAGGTGGCACGAGGTGATTGTGTTTTATTCTTTCGTCGAGTTCCAGGGCTATCTAGCTTTCGATTGACCGCGACCTCGACTAACAGCGCCCTGTCGCGACAATGCCGTAGATCGACTACGCTACCCATAACCGCCCCAGCAGTAGGATCGTTCTGTGAGCACTGGGCATAATGTGCGATTCCCGTTGTCAGCCTACATACAGCTAGAGTGTGCGCGACTGAACGATCCACCGAAAGATGTTACCGACTCACGAGACTAGAGGAGATTTCTCGAATTGCAGCGTCAGCGGGCAGCAGGCCTGCCGCTGTGGTCAACTTAAACTATTCCAAAACCCTCTCAATCTGCCCTAGATCTGCGTTCGGGGTTCACCGCTCATGGTATGAACGCGTCCTTCGTTATACAGCGGTTTAGAAGACAGCGAAGTCATGAAGTGGGTCGCCGTTATTTATGAGGCGTTGCCTAAGTCGGTATTCTATCTAGTACATACCAACTCCCATCTCCTATCGAGCTATGGACCTGAAAAGTCAGCTGGATTTGGAAAATGGCATGTAGCATATACGATGAGCCGCGCTTAGGTCTCGGCTCTTGTCGTACCCGACTATACCTGTGGCTATTACCCTAGC,1179,51.57,Escherichia coli
SEQ_608335,CGTGTCGTCAATTGGTGCCACCCGGGAATGAATCACAGTTTGGACGTTATTACACAACTCATTGCTATAGACCATGTAGCATTGGGAGTTAAGGTTGAGAGATCACTATGTAGCGGGACGTGTTAGCAGTCTATCAAGGAACGCTATTATGACACTTCGATAGGGAGTCGTATGCGCACAGTACTCCGAAGCCCTCTTGTATCGTAAGTCATTTTCTGAAATGAGCGTATTGTGCTTAGCGGTCAATTTCCCCCTTTAATCAGATGGGACTCACGCTAATTGTGTGGTAAGCAGTAGCGTTAAAAAATTTGCTAGGGGCAGTGTCATTACTTGTCACCATAATTGCGTTTACGTTTGGGTGCGGCCGCCTGCAATACAAGGTACGGCATGGTCATATCATCTGGAATCCCGCATCAATGCGACTCGCGTCAAAGGTAATTAGGTTTTCAAAACTAAACGATAGGGCGGTCTCGTCTCAGGCTCAGAAGTTACGGAGGGGTCCAATTGCACAGCATGTGTCGAAGCTTCAAATGCAGAGCCATATGGTAAACACATTAGACGGGATTCGCAGGAGGCCGTCGGCGGAGGAAGTTCTCGTCTTGCGCCTGCGGCAACTCGGTTAGAAGCCGCTTTCGTAGTCTGTTAGCACTTGTCGGATTTCGCGAATGGACAGCTTTTAGACACACTCAAGCTAAAGCATGGCCCCCGACGACATCCGATCGTGCGGACTGAGTATTCTGCGGGGACATAATCCAAAATGGGTCCTTTTAGGATGGCTTAGTGCTTCCAATACTGTCACGGTTCTCTTCCCGAATGGACTCTTTGCACTTAGAAGGTGCGTCTGCAACCCGCGGTGACATCTATATAACATGGGTAACACGTGCTATGCTAAGTTATATGTAGTTGGATCTGGTGCTGACTCACTTATGGGGCATCCGTATGCCGACTATTGATAGTCAAAAGTCTCACATCATGTACTCTTAGTCGTTAGCCGCACCACCTCAAAGCAGACGCATTATTTAATAGAACCACTTGACAAGAAATACCAGAGCAGAGGTCTAATAAATTAGTGGGGTGACGCCGTTTCCTCACTAGGCGTATCACCGTCCGTTCAACTTTTTCCTCGGACATCCAGTTAACGGTGCTAGCTTTCCCGTAATCGTTGGGCCGAGAATGCGTCGTTACTACGCCCTCATCCGCCGAAGCCGACGCGTTCAGCGAACTTCGGTTATCCCTAGACATGTCGTTCCGA,1252,48.4,Arabidopsis thaliana
SEQ_713180,ACACGGTTCCCCACTCGGTAGTGAGCGCCCACGCGCTGCACATCTCCAGTAACGTGTCAAAGGCTATGTTAGGCGAGGGATACCCTAGCTCAATAGCGCGTGTTGAGCATCCACGACTTTTCTGTCCCAATGATTTCAATGGGCCGTACAAGACGACCGACTAAATAAACCACAAACGAGTTGCCTAAAAACATTCGCCCAGCTGGTAAGGCCCGATGTTATAAGTCAACTTAGAATCCTAAACCCTCCGCTCTGAGACTGGGCCCCGTTAATTCCCTAATCTGTAAGACGTGGGAAACAAACGCGCTCAGAGGGGACACTATCGCGTCGAGTTTCAAATCCGAACCGTACGAACATATAGTATTGATCCTAACTCTGGCGATTAATTCGTATTTAACTGGAGATCATTTCCACTCTGATCCTTGTGCGCCTTCGCATAGAGGTCCCGATAACGGTTCGCACTAGAGTTGCTTGTACGATGGAATAAAGAACCTTAACGCTAGATCCCGCTGACTCATTTTACGTACGGCGGGGGGACCTGATGACAGAGGCCAGGTCATTATATTTTGATCAAGAGTTGGTCGGAAGCGACGCAGGGAGGGGCTCCTAGGGCTGGCTACCGTAAGATGGGGCAAATAAAGATTGGGCCCGACTAAGGGAACATCCAGACCCTGGGCCTAACCATTCGCCAACCGCCACCACCACGACCATTGGTAATGCAGACGATGGAACTTAGGAGCACGACCCGGGTCTACTCCACTTCGCGCTGCACCTGAAAGTCTTGTGAAATAGTAATAGTCGCCAACCGGCATACCTGGCAGACCCCGTGA,830,51.2,Drosophila melanogaster
SEQ_916113,GTGGTTACCACATCCTAGAAGTGTGTCAATGCGCCCCTGAGCCATGGAACATACAAGGCTCAAAAGGCGTAGCGCCAGAGCGATAGTATCGTACCTTAGGTCTTCCTACGCGGTGGACAACGGATAGATCCCATTAAAACTAGTTGTACGGTACTCAACATATCCATCGACACAGGGCATGAAGGACAATAACCCCCGAGACTAACCAGCGTGTTCGCGACTAGATACCTCACCCTGAGTCTGAATGCCAACTTTAACGGCACGGAGTGATCGGCCATGCTCTTTGGTATAAGGTGACTTCTAGGCCGCGAGGCTGCCAACGGAACCCTAAGCCTCAGGTAACGTTAGGGTGATTGTATGCTTCGTCTTAGCAGTTGTTTTGCGGCTGTCGCGGAGAAGGGACGCGTGAACGCTACAAACAGGACTATTGACCCATACGTATCTGGGGCGCGGGCCTATGGTGGTCTCGTCAGTTCTTCCTTCGGGGAGGAGGGTTAGCTCCATCGTCGCTTGTGCACGTAGGACAGGGTGGCGGACTGCAACCTACAGCCTTGTCTACGAGAGAATGCGAGAGATTATTCTGAACCATCCCTGCGGATTAAAGTTGACTACTGGTGCTGATGCCCAAATTGAAGTTCACCCGGTGACCGTAACTACACAGCTGTGGCGTGCTAACTAGTGCTTTGTCCAGAGCTGTCGATTGAATGGGCTTCGGCACTGCTATGTCTCGGTTAGAGTTCAGGGTCTGATGTTGTTAGATTGGCTTTTGGAGACTGAAACGCGGGTACGAAGCACACGGTTGGTTTTGAGTGACGAATGAATATGGGATATACGCTTACTAACAAGATGGGTTCTGCAGACACGTGCAACTCCGGCTGGTGGCCGGGTCTACGTGGGGCGCACGCGAACCCCATGACCGCGGCACGCAGCGTACCACGCGAGTATGGAACTCATCTAGTGCTTATCGGGGGCTACATCGATGATTTGCTGCAACAAGTACTATACCGTCATGACGATTTTGGTAGTGTCTTGGGAATTTTAGCGTATTCGGACTTGCGGCATCTAATCGGCGATGAGATACATGGCCGGATAGAGTGCTCGTATTTTGACCATACTCCCGACCCCTATCATGAGTCCGACTACCTGTCTTACGCAATCCACGACCCGCACGCGACTTGGGGATCTGCCGAACTGCACATGCTTCCGCCACATAATTGGTCTATGTGAAGTGTATACTAAAGGCAATTGATCAGTCAACAAGCTTCCGAACCCGGATTCCCCCTTCGCGTGGGTGGATTACCAGCGGATGCTCACGTCAGGCAGAGAGTCACGTTTCAAATGGATGAGCATAGAGTGAGGCACAACCTTCGGGGTGCAGAAACTGATATGACCATCCAGAAACAG,1404,51.92,Arabidopsis thaliana
SEQ_283199,GTCTTCATGAAGTTCACCAGTGTCTCAGACGCGAGGGACTGTTACGTCGTTTCCAGATGTATCTGGAGAAAGCCGGGTGTGCGGAGGTACAGGTCAAGGGTCTTGGACGGAATTTCCAGAACCGAGGGCTTCGCCACTCATATGCCGAGTGTGTAGTTCGCATTACCCTACAATGTTCTTCCGGCGATGTGGATGACGTCTGACCCGCTATAGCATATCGACTACAGCTTCCACGCTGTATTCGTACCCATGACAAGGATGTACTTCAATCTCGGCATTTTGGCGATGATATTCTGTCCAACGGAGCTCATATATCCTATCGGGGATAGCGATACGCCTTTATGTCCCGAGTCCATACAGTCTTACTATA,370,49.73,Mus musculus
SEQ_579260,GAAGGATGGCGCGAGGTTGAACGCATGCCAGTAAGATATAGCATTTAAACCCCGTACGAGCGAATTGCATTCGTATAGAAGGCGCGCTGTGCCCTACTCCAGCGAAGCGACACGGACACACCACCGTTGCCAACCATACAATTAGCCCTCCTATGAAATGAAGGGGTTAGTCCCATACTATTTGACAAAAATCGGGACGCGTCGCGCGCCCCGAGTCATTGCCGAGTTCACGATAAACATCGAAAAGATAGAGGTTTTTTTATCTGACCTAAACTCAACTCTGGCGACGCCTGGTCATGGGTCTTGGTTGAGACCGTGGTAAAGTACTGTCGTCTGCGTGTAATATGTACCGCTCAGTGAAGATACCGATCGCGTTTTATTGGTGTAGGTCCTGCGGTGGGTCGAAATAAACACGTTTTACGCCCCTGTGAAGTGTGACACTATGTCCGAATACTTAAGACGGGTAGGGCTTCGTCCCGGGTCTATGCTCAGAATTTTATTGAATAGATCCATTCCCGGTTGTTACACAGGGGACCGGGAGCTTGCCGACGCACTGCCTCCGATCAGTGTGGAGTCCGTCATGTGATGCCTCATGGCCACACCAGGGGTCTGTTGAGGACCACAGGGT,628,51.27,Drosophila melanogaster
SEQ_821067,ATCCCAATTGGCTAGATACGTGGCATCCAGAATGCTGACACGAGGAGCAGTAGCCGCCTAGACACGTAAATTTTCTCCTCCTTAATAAACCCTGGAGGGCAAAGATAACGGCTCCCCGTGGGGAACGTGAACACTTTGGACACGCCAGAAATATAAGCCACAGGTTTACGCCCGGAAGCCGTTTGGAATGGATTGAACTTGGAATTAACATGTTCAGGGTGTTTCGAGCAGGACCGTTCCCGTTCCCGCAGCATTGCGAAGGGGTACGTCAACACTGCCCCAACACGATGCCACTATACCGACGGAGTATAAGTAAACCGGTTTCGGAACCACTTGTAGTTCTCATTGTAGACGGAGTATTAACAAGATGAAAATCGCAAGCGACTGCATTGGTGCCATCAGAGGAGAAACGTCCCGTCAAGCTTAGACGCCCTACGTTACCAACAGGCTGTAGTTATAATTTGTTAGACGCAGACGCCTCACTAGTCAGTAATCGTTCGGAGTGGTGTGCGTCCAGGTTCGACATGCGGGATATTTTCTTTTCCAGTAGAGCCCCTCCAACGGACCATGATCCTCGGTGGGAGCCTACTACGAGACAATTCCTAGGCTAACCTCATCTGGAGACATCTACTTGACCCCACCACGCCCCATTTAGCTCCTTGTCCCAACAGATGGATTCATCGTTGGAAAGACGAAATATGTACCGAAATATCAGTCGGTTGTGCTCTCTTAGGCACCTTCGATCGATCCCCCTGAGTCTAGATGCTCAGCGATGAGAGTTGTCCTAACACACCTAATCGCTTAGCCAGAGCGAGGGGCATAGAATCTCACTTCGGAGAGGGGAGTTTACAAACTCAC,858,50.0,Saccharomyces cerevisiae
SEQ_255965,GAGGGGCGAAGACAAGTCCCCCTGCACCTCGGGAAAGTCACAGGTGACACAGGCGCCAAGCAACACTGAGAGTGAGCTTCACTGAGGACTAACATTCCCCGATGACGCGCGGGGTTGGGCTGAAGCCACCGTACGACCACTGATCGGGGAGATGGACCACGTTGGTCGTAATCTGGGTGTGGCGGAGGGCCTGTCCGAAATGGCTTTCAACGGCAAATACAGGGGATTCGAACATTGGGAATCGCTACTTAAAGGCGGTGTGCTGGTATTCTTTGAACTTATTATCTATTAAATAGTCGGGTGCTTAACAGGCGAGTGTTGATTGAAGCGTCCTTGGTTGGCGTATCCACTCGGGTTATTAACCAATACCCTAGTAATCATCATAAAGAGCCTCCCTTGACAGTGTGTAGCGAGGTGCCTTTTTCCCTGCCTGGATGTAGTGCTCCGACTCTGTCCCCTTACCAGGCTGGGGACGCGGGTTCTCCACTGTCAATGTGGAGATTTTCGACTTCACTAG,517,52.8,Mus musculus
SEQ_622676,ACCGGCGCCATCAGCTGTATTTACTTTTTCCTGCGGTATTGGCTGCCAACGGTCCGTTATTTGTGCAGCTTCCGTCTGAAGTCTACTAACAGGCACATTGTTCTAGCTGCATGGTAGAATGAGCCTCTGCACAAGTTTGCGGTCGTCACCAGTGGGCAGTATGGGACCTGGCAGGCTATTAGCTCCAGTGATTCCGTTATGACATAATTTGGTGATAGCTATACTCGGTTTAAAAAGTTGGACTACCGGGATTGCGACTAACATGGCATAGCTCTACCCATTGATCCCAGATTCGCGGAGGTAGCAGTAGTGCGTAAACAGGTAATCTCAACACAGTTTACCTACAGCGGGGGTAAGGAAGTAGTTCCGACTGCAACGCGTTCTCAGCCGGGGGTATCCTACAAGGAATTTAACATGCGGGGGCCCTCCAATGTATACACGCCCCGGGAAGGCTGCAAGATGCCCACGCGGAGTCCAGTTTATACATTCTTATGAACTCTATCCGCTTAGATGTCTATGATTGAGGACCCAGCGTTCAGGACCCGCCGCGCCCTTGGTTGTTCTCGTGCAGTATGGGTGAAAGGTCGGCCTAGGACAGATGGGAAAGAATCGGTCGCGTGTAGTTGTCGGTCCAGTCATGCCACTTCATCAATATCAACTTATAGTCAAGATTATGTTGCGAGTGGATTCGCGTTGAGTTCGAATCAGCCTGATTTGTCCAAGTCAAAAGCGAGTATCTAGTCACAGCAATTCGTTACAACTGCGTTATTAAGCGTTCGACATAGTGCCGAGCCCCTATTAGATCGTCGTACGAGGTCGGGGTCAGTGCCTACGTCATTATTGTTTAAGCCACTGACCGAGGCGAGAGCTCCCGAGTCATAGGAATATTCGTTTAAACTCAGCTGGAGTCCCCACTCCTCAGAAATACGCCTTCGCAGCCAGCGGCAAGTGCTAAATTGAACGAACCTGAGATCCGAGACTGTCGCCCGTACTCTCGTTACGGGTTCCCAGCGCTGAGGTCTGGCGGAAAGAAATCTGTTAGAGTAGTGGCAGTAAATCTGAAGGGACGAAAGGGCCGTATTGTAGGTGTGGGCTGATCACTTGGGCGCGTTAATTAAGAAACTTCGGACCGCGCGGGAAGCTTATAAATGGCCTCGTCATTGGCCTCGAGTACCCTCCCTGATCTGTATGCTGTAATGAGGTCCTCGGTCTGGCTAAGTCAACACACCCACGGAGATCTTGAAAAAAACCAGTGAGAATTTGAGTAAGGAGACGGCCCCCATAAGCTTCCCTCGTAATTATAGGAGCCATTAGCGTACGCAAAGCACAAGTTATGGGCGCCATCGTGACAATTAAATATGGATCTACGACTCCTAAAGCTCCTCGAGTGAACACATTCCGTTCGCTAATACAGCAGCCGGGAGTGTCGTCCCCGGAATGTCGAAAATTCCTACTCGATTAGTAGGATGGCAAACAGTTCGCACTCATGAACCCTCTCACTGACTCCGGCAAGTGTCTTGCGCACAGGGTAGTTGTCCTAGATCTCCGACCTCGTACGACCCCCCACACCAAATTTTTGAGCGCATTAGAAGGCCGCCCCGCAGAAATCGTGGATTCGACCACACAATCGCTATGCGGCGATTCCGGTAACATTCTCGGGATCTTCACTAAACATACTTAGGTATGTCAATGATGGGCCCAAGCGCATACGTCGGGGTTGTAGTAAAGGTGGCAACCGGATGCCTTATGAGAGTCCGGTAGGCCACGCGTGGTGGAGGATCATTGATG,1788,50.62,Saccharomyces cerevisiae
SEQ_459041,ATAATACGATTGTCGAGGCTAGAGAGGGGTGGCTATCGTCCCCGATGGGTTGAGAATGCCCATCTTTGAATGTTAAGTGTACCTAAAACGGGATAACCCACCGATGCGGCGTCGTATGCGGGATCTGCGACAATATAGTGCAGAGCGCACAAGGAGTTGATTGAATTAAAGCGATTGCCTTTAAAAATGAGAATTGA,197,46.19,Homo sapiens
SEQ_504196,CGCACTGTTATAGGCTTGGAGACTTGTGCTCTCGGTGTGTCTTGGTTGTACCAGGAAATTTTGCAGAAGATAATATGCCTGCCGGTTCCACTAATAGTCAGGAGACGCAGACATATGCTTCTATGTAACGCAATGCTCCATCTCAGGACGTATCCCCTTTTACTTTACGCTCACGCGGAACCCAAAGACAAAATGTAGTTCTTCCTATAGTGCTGCCCTCTGTGGCTACGTGCTGCCTTTGCGAGGCCGTTCCCCCGGATCGATTGACGAATTGCTCCTCCAAGCCCCGGCGGAGTCAATCAACGTGGCGCTGATGAGACCGGTGAACTGGAGCTGCCTCCCCCCAAGCTCCTATCCCGGGCTGAAATGGACTTTTCGACAGAGGGAGTGGCCTGCACCCTACGACCGAAAGTAACGATGACACGTTAGGCCGTTAGACCTATATCGCGACCGGTCGTTGCTCGTTCGGTACCCTGGTCTGTTAATAGTTCCATGCTACCCGTTTGGGTGCACCAGCGAGTGCGTCGAACATGAGCGCCAGCTGGCTATCCGCCATAATGTTTGCTCAGAGTCCTGACGTTACCGGTTATTGAACAAACCGCTTGCGAGCCTCAGTTCCAGTAGTTGCAGGGGAACGGCGGTCAGGTACTATTACTGAGAAAATAACAGGTATACAAGCGGCTGCCCTTCGTCTCGACAAAACCGCACATCTTCGTCTGTATCAGAGTAGATCGACTCGTTCGCCCCAGAAGCTACATGCCTACTCTGCCTCGTATTCTTATCTGGCTATTCTTGTGTCCCGTTTTCTCCAACTCCTGTAAGCCTATACTCATCTCATTCGGGGAACTTTACCTCGATTCACTTCGTTTCACTCTAATGTAATCACATTAAATTCAGTCTAATATAGCTCTTTCTTTGCCCGCGAACCTAGCAAATGTTAGCTTCTATATCTAGAAAGAACGGCAACAGGGTCCGCATCAACGACAAGCTAGGCGGATATGTCGGGTACCCGAAGGGTCAAGCCTGCACATTACTTCAATGCTCTAGACCGATTTCCCGGCGTGACATATTGCCAGCACGCTGGCGTGCACATTTTTAGTCTCGATGAAGAGTTAGTTGTTCTAAAACGCTGCATCCTCGATTTGATTAAAGAACTGCAAGGCACGGTATTTTCCGCGCCGAGGTTGATGTGTGCCAAACAAAGTGCAAGCGGTATCACCACCGCCCCATTGAGGATTCCACTGCTCATCCTTTTCTGGTTAATTCTCCATCCGGGTTAGAATAAGTGCTTGAGATACGAATGAAAGGGCACGACAATCACAGCAACCATTTCGGGTGGGTGGAATTATGTGTTCTCACGGGTCCCAAGATAGAGGGGATACTGCTCGCAAGGCGATGCTTCTAGACAGGCACTGCAGCCGGCGATCATCACTAACGGAGAGTACAAAATTCGAGATTCTTCGAAACGCTCGTCA,1475,50.1,Homo sapiens
SEQ_841380,CTGGGCCACTACATATTCCGGGGTGATACTCCGAGATCCACACCCCTCCCATCGGCAGGTCACTGTTGTGGACGGGCCACCACATATCATACTAGATATTCTCCCCAGAATAGTACTCAGTTCAGAATACCTCCGGGACGATAGAAGGCGGGGGCGTACCTAATAATTCTTAGTTGGGGATCGCGGTGGGAAGGCTCCTCGTGACTCAAGCAACATTCGGACTACGGTTATACAAATTTCGTCGTGTCGGTTGGTAGATGTTAGAGGCAAGGCTCCCTATCTCCGCGGGGGATAGTGCCACGCGATTTGATAGGGCTAGGCGAGGAGAGCCGTGGTATATGGATGATCCGGTCCAGTTATATAGAAACGAAAACAGGGGTTGACTTAAGTGAACCTTAGTCCATTCGTGGCATAAAGATCCCAACGGTGTATGTCAAAGGGTGATCCAAGAAGTATAAGGGCAGCTCATCACTCTAGTCTACTGTGGATCGGCAAGGAAAGACTCCTGGCATCCGACAAGGAGATCGTCCTCGAGGCATCCGTTAGGTCGGTCCCTCCTTTTAAACTCTCTGATCTTTCGAACCCTAATTGATGAGGACGCAATTGAACGACTACCATCTGGAGGGTCAATAAGACCCAACGGCTTTTCCGGCAGCTAGCTTTGCGTTATAGACGTAGACTACTCAGTAATAGGTGGACCGGACTGGAAGCTTCCTAGAATCTAGTTTCAATTAATTACTTCGCAAGTGTAAGGCCCCTAGATACGGTTTTAGTAACTGGCTTGCGTCTAGAACCAAATCCAGAAGGTTTGAGCGGCGTTAGAAACGGACGGCACATATACGTATCTTCGCCAGAGGGGCGGGCCGCAATTTCGACCGGGCGCTTAAATTCATAAGCTCTTGGCATACAATGAATCCCTTAACGGGGACGAGATGTGGTTTCGCGAGCTATACCCGTAATCAAACTTATATAAGGGTGAAAGGAGGGGAGAGCCAGACATCCGGTGAGTGGCGCACCCAACCGCGTCTCAAGAGCGCATCAACAAGCGCCCGCTGGTATAGAGCCTTCACCGAAACGGCGGCGAATAGAGCTTCTGTAGATCATTATCTATCTCCCTCCATCAGCAAGTAAGTTGACCTCTTATTATTCGATCCGAGGACGCTTGGTCACCGTACCGCCTGCAGCGAGGATGCACATTTCATTAGAAGCATGCAACTAGCAAGTAGACTCTACCACACCCATTCTAGGAGCTGAACTCCCACGTTCGAGTCTCAGCTCACTTTCCCATTTGAGGAATTCCTCTATGGAATAGTCACTTAGTAGTATTTACCTAACGCCGAGGCTGTGG,1348,49.93,Mus musculus
SEQ_568275,GGAGCTGGGAATGGATACCATCGCCACCGACAGATCCAAGAGTAGAAAGGCTCGGAGAACCAGGAGCTTATCTAGTGGTCAGTGATTGCGCTGCATGAACGGTCAGAGAACCTGTTAACTCCGTTAGTTAATTCGCTCTCGTGGTGTATTGCCTGCCATGGTAGAATTTCCATCCACCAACTTCGGCTCGAAGCAGTGACAGAGACTATATTCCTTGTCCCTTTTAATGTTCTGGACGAGAAATCAGTGTAAATTAGTATGTGGTGATCCAGACTACCTTCTTACAGTCTGTTAGCGATTCTCAACTAAACACACACTACGGGCTGCCGTAGTTGGTGTTGTCCAAAGTATTATGAGTACCAGCGCGGAGATCGATGCCATTTGTCAAGGGGGTTGTGCAGTCCACTATTTGAGCCCGATGAGTGACCTGAATGCCCGGTTCGAATAGAGTAACAGACCCACGAGTAAAATACCCCCTGGCGCTGTGAAATAGACTTCGAAAGGCGATAACTTCCCGATGATAGAGGAAGGCCGCTCCTGCCTAACAGGGATGGATTTTAACGATATGATAGCCGCGATCTGGGCAATCTAAATTCCTAGCTTATTGAAGTTAGTTTTACGACGACCAGGTCCAATGAAGGTAACCTTCTACCCGGCACGCGCCTTCCGGCCCTACGACCTATCATATCAAATATGGCCAACGTATGAATGGACGCATGCGGCAAACATTGCAATTTCGGAAGAGCAAAGATGCTCATTTCTGGCTCTCGGGATCCTGTGATGGAGGATCTTCTTGCGATATTTACTCTATGGATTAAGTTGACATTGATGAGTATAAGTCTTTGGGGGTACTTGCGGAGAGGTACGAGCTACAGAACTTCTTCAGACCTGTCTTCTTGGATAACGTGCACAACTCAGGTCGGAGGTCTGCTGATATATCACTTGAGCCAAGGTGGGTCGAAACTCGTATCGATGAGCATGTAGATGAATGAGAGATACTAATTCCTGGATTGTCGAACGCTGTTCAAGTGGGTTGGCCTGTAAGTTGAACACATCGCAGGCAGAAAGGAGCGCGACTAATGAGGGTTTTGCGGCGCCTATAAACGTTCGGAGCGAGCAGAACTTAGGGTATGAATTAAGTGATGTTCGTTCATATATGATAAGATAGCCGATACGGGACATAGGTACATTTAAATTCGTCCACGAGCACTGTACTGGTAACTCTTGAGAGAAGTGGGAAAGGTAGCTGGATGAACCGGTAGCTGCGCGGAAACGAATTGCACAACACTAGCGTTCCAAAATCTTATTGACTCTTACATTTAATTCTGCCCAGATAGCGAATACAAGGATTCGCCACTATCTTCTATTTCAATCGGAACGCTCTGAATTTCTGAGTCTCCAGGTCCCACATTCGTTGGTTGCTCAAAAAACGCGGGGGAGGCGGATGCAGTCGTCCGCCTATAAGACACACCCTGAGCCGTATACCTGGCACGGAGCGCGCTTCGGTCTCATGACGAGGAATTGAGATCAGACGAATTCCTCTGGGGAGGAAAATAAGGTGGCTGAATGCCAAAGTCAGGTCAAGTTAACTGTGAGTGGCTGTCTTAACGCTCGACGGGCTTATCCTTCAGCATAAACGGCAGATATCAGGAACACGAGAACCTAATGGTTAACCGAATCGATGGTGTTGTTTACC,1696,47.46,Escherichia coli
SEQ_677094,TGAAATCTACGTAGAGAGTCGCTCTATCCAATCCTGCGAGATTGTGGGCATACGTCGGGGCGTTCAGAAGGGAGCGGGTCATGCGAGACGTGCCACATCCCTCTTCTTTGCATATTGCCTACGTCGGTTGTTCCAGCCGGAGGAGGGGTGGTGTCCGGACATGATCATGCCCCGTAGAATTTACGGCAGATCATGGAGGAGATTACTTTTGAGAGCGGTTCTGGGGGAACTCCTTACCCGCAAACAAGCGGGCGAATGATCCCTTTGAAATAGAGGGCGTCAGACTATGCGCAGATTTTACAGCCTGGTGGCGCTCATTACCTCTCTGAGACAGAGGGATGACGCCCACTTATTATCTGACCAGGGACAACAGCGAGGACCGGCCTGCTATAGGGTTAGTACCGGGTTCCATCCTCGACTTACTGGGATGAATGATCACACCGGCTGCCGACATCTTTGCAGACGCCCCTGTATCGAGCGTTCTGTGGTTCCACAGACTCAGCCTCCTGGACGGGACAGGGAGTAGAAACGGTACGAGAGTATCTAAAACCTTCGTATGCGTTTAACTAGTGTCGCCGCTCCTAGGAAGTTATCGCAATCCACTGATTGGCATTCAAATAGGATCAATTGAGGAGACCAGAACGCCGGGAACTGACTAGTCACGAATGGCTTCAGGAGCCCGTGCTCTAGCTAATAGGCGTCCGCCTGCTAGGCTACGTACGGCGGCCTACGGGTCGAAAAGTCTCCATATAAACTTCCCGGCGATGGCCGAGTGGACTATATAATACATCCGTATCAATT,801,52.93,Escherichia coli
SEQ_283962,AAAGCACGAACAGATGCGTTAGAGTAGACTTGAATTAACGTGGGTGTAGGTTTCGATGGGGAAGACTCCAACGCTGACATCATGCTTCTACGAGAATGCCAACATGAAGGGGTTGAAGTTCGTGTCCGTTTAGTGGATCCCCCGGATTGTCATATAACGGCCATACTGAAAGCACCCAATACGGCCGAACCCCCGAAGGCCGAACAATTCCTTAGTTCTCGTTGGAGGGCGAAAAGATGGTCGATCACTGGGAAGAGAAGCGATCGAGAGTACCGCCATGTATCCTGTTCCCATTTGCGGCTACGAAAACCTATAAGAACACTATTCTATATTATCACTTGTTAACGGACTAGGCGCGAATCTGCCTAAGCTCACTTGTCAGGGAGACAGCATTATCCCGTTCGAGAATTGCCCGCTAATGCAATTTCCCATCCACGCTACGCCCGCGGTCTCTCGGCCTAATTGCGCAGGCACGCTCCTGGTACCTTTAGGTTCTATCAGAACCATTACCCGTGGTGTGCCGACTGTCGTACGAATATCCTTGTCAGAAGAGCAATTTCTGGCCCTAAGACCCCGACACTATCAAGGCGCGTGGTACACTCAAAGGGGTCGCTACCGGTAACACAGCGGTTGCATGGTCGTCGATCAGCAAGCCCAAAGACTCACGATTCCATTCACTCGCCTTGCGCTAAGTCGCAATAGTACGGGAGCGTTGATAGACC,722,50.97,Caenorhabditis elegans
SEQ_498729,CCTTTGTCGTGCATCTTGTGACTTTTGAGGAGTATTCCCACTAGCTGTTACCTACGCGAAGTATCTGGTTAACGATTCCATGGGGCATTGCGCTCCCTTATTCAGGGTCCAAAAACCGGGCCGGCTCGGGGGAGGAAAAGTGATTTACTTCCATAAAGTCCATAAGGCGCAAATCGGTGAAGGGTCTAGTCGAGGCGAGGGTGAGACTCGGCATTGGAGCGATCATTGGCCGCGCCGCTCCACCTCGTTGGCATGCAGGGCTGGGCCCCGACCAGACCGTAGGGAACCACAGGGGGTCACCTATCCACAGTCCGATGTACCGGGAAGACCGTGGAAAGCGAAAGCCGTATCCAACAGCGATCCTTTTTCTCCTCTGCCGTGCGTGCGGTGTAGACCACTAAACAATGGACTACGCCATAGGTCGATCCGATAACGCCTGTTACTGGCATGAGACCAGCGATTTACGGGCCTTCCGATCCGTGAGAACACAAGCACGTCGCTCTCCGTTGGAACTAGTAGTGGGGGTACCCCGTGTCACAGGCACCGTCGTCAGATCCTACTCGGCCGAATCCATTTGGAGCTTACACTTTCGGGCGTTGTGCGAACTACTCTTGCGGTCCCCAGGTAGCGGACCAGCGAGGCAACCTACGGTGAGCGCACTCCGGTACGATTCTAGCGGAGTCGCACTGTACTCACGGTGGACAAA,706,56.37,Drosophila melanogaster
SEQ_479301,GAACCGCTCGCAACCTAATCGAACTGGTGGAGAGTAGTATGCTTCGGCAGGACTAATGTTGCGGGACGTTAACGCTTAACTGAGTGAGTGCCATCTTTGATAGGGGAGTTCCCACGAGTAGGCTGTGATCCCTGTTTCCAGGCCAGTCTTACATTATCCCTCCCCCAGGTTATGCGGCCCCCATTTACGCGGTGATGAGTATGGCGTGATTTACGAGGTATGTCCTACACACAGTCGCTCGACTGCGCCCGGTCGTTCTAGTTTATTAAAGATTGTCCGTAGTTCCTTGTGATGTGACTAACGACAACGCAGTATGAATGGCGAAGCAGATCGTGAGGGGTGTGTAACATTTAGCTCTTCCATCCAACAAGTCAGCGTGCCCCCGTTATAACCACATGAGAAAATTAAGTTGGCTGTCCTTCTCTTTTCACCAGGGTCTAGCACAAAGCGAAGCACTCACTTGTTGTTAATGTATCACTAAACTCTGAGGCTCTCGGCGATGGATTCTTGAAAGGTAAGACTTACCTGGATAGCTCGATGATTTAGAGCTCATTTCTCCATTGGGCAAGTGCACGGGCGGCACGCGCAGAGGAGTCCGAACGCTGGGATCCTATTTTCGTCTGCCAAGATCCAGGGGACTTACAGAAGTCCGGATTCTGCGACAGACTACTAGGGTGTATGCATCCAGAACACTCCGCGCTTGCCATAGCATGGTGTTACGGCGCTGTCGGGGAACGGGGATCCTGGTGTGCACAGTAAAACCACACCAGCGCCCTCCTTGCCTTCGGTTCATATACGTTACGTGAGCATGTAGACGACCCTTGATGTATTGATGACGGATTTACACGTTAGAATTGTTGGGAAGCATAAGGGAGATGCGAACTTTACAATAGTTATCGTTTATCTCCAAATGGGCCTTCTGGGAAGGCCCCTCACCACCGTGATCTTTGGGCAATTAGCCGCTAGTTACCCTCGGAAGCAAGGTATCTGTGCGCATGATAATGCAGACTGGGGTTCTACAAATACATTGGGTGTCCGCACGACCCTCGTCAGGGTTTTACACTAGATTAATTTACACCCTCCCCATATAAGGCCGCCATATAGGGACTGTCTGTGATCATAGCGAAAAGCAAACCGTACCGGTAAGAAAGATGGCCGTGCAATTTTAGAGTCGCCCTGTGAAAGCAGGAACTGAACCCTCTCTTCTCAGACGATCCTTCTGGAAGTGCTTAGTCCGGTTAAATCGCATGACGGTTTAGTCCCCAAAACCCCGAGAGATAAGGTTGCAATCCTGATGAGTGATCTCGGGCTTGCTCGCTCGGACATCGAACTGCTTGGATGCGGTCGGTTCTACATACCGTATTCGCCGGAGCGCTAAAACTACCTACAAGTGGTACCTGCTTTTCTTTCTGGGAGTGCTCCGCTATGCATAGGCTCAGCCTGCTCACAAAAGGCTCTTGTTCACCTCAGTCTAACAATCCTTAGATCCAAATAAGTTCCAAGGTGAGCTTGATGGACCCGAACGTTTTGGCGCTACTCTAGAGTGGTGTGGGACCCCGATTCCCTGCCCGAGATTTCGCCGTGACATTTCTGCCGGCCAATGGAGTGGACCCTTCCCACATGTAGGTTGAAGTGGTTTGCGTGTCGCTGGGCATGGGTACGCCTGCCTCTGCTACATTAACCGAATCGTTCACGAATGTGTAGAAATACCTACGCACCGCCGATTATCTGGTCTGAGATCCGGATAGACGGAGAGGTAGTAACCCGATGATTCCATTTACCCTATTGGTGCGAAAGCATTGTTTTTACCTGGCCCATGCATGGGCTAGGCCACAGTTTGGAAATACATTGTATCGCTTGTCTCTTTGACCTTGGCCGAGTGTAGGTATCATTTCCCCCTGCGCCATCAAATGTACGCAGGAATTCAGCACCGGTTGAATACTACATGTAGCAGACGGACTTCACGCGTGGCTTG,1975,50.28,Mus musculus
SEQ_279670,ATCATACCAGGAGCACCCCAGAGCAGTGTAGAACTGTCGACATGCCCGAGGCTAGGGCATCCTTGCGCGTCTGCTTGATTTCAACTACGCGCAGACATAGCCGGCCATGTAGGAGAATCTGACTGAAGTGCATCGTCGAGACATGCTGTGACTACGAGATTCACGGACCGGCCTCAAACGTGCATCCGTCCACGGACGAAGGCGCTCCCGCCAACCCCGGGCTGTTATGTCCCTAGGGTCAAACCGGGCGCCTACCTCTAGCTCTGATAGGCGCAGATAACATGCAATAATGCCTAGAGTACTGCGTTGCATAACTCGCAGCACTGTGCTCGACTCATCCCCGCGGGATGATTTGAGCTGGGGTGGAGGAAGACTAAGGGACTGGGTCACTAACATCACTCTCCCGAGAGTGGTGCTACTCGGAGCTGAAGCCGGTAACATAGTGCTTTCGGCAGTCGGTGACGAGTATGTAATACCGACCTTTAAAGTCGTAATAACCTCTGAGAGGCGACCAAGGCAATGCACTGGGGCCTTACAGGACCGCCAATTATGAGCCCATACTCACGTGTGTCATAACGTTCATGTTATCTGCACTATAGTCATCATTGTAGGCAGAGTTACTAGGGCAATCCACGCATAGCGTTCGGCTACAGGGGAAAACCTGTAATCCCGGTCCCCGACACCAATGTCAACGCACTGCTTTTCCGCGAAGACACGCGACGTCCCTATTCTAGCGCAACCAGTTTATCGCACAGGACGAACGTACTAGGGGCTGGCCGCGTGAGGTTCATAAGTGGTTCTAACCATTGGGATTTGAAGACTACAGGCTCAAAAAGCGACACGAAGACACCTGCTGAAGGTTTTTCGAAGTCATGTTACGGTATCCGCTGATCCCATGTCCGTGATCGTCGACGCACCCGCCCGCGAGACCAGCACACTAATGGGGGTCCGCGTTATTAGTTCACGAGCACTAGAGCGTAGCAGACGACAAGAATGAAGGTCTAGTGCTGTGCAACAACCCATAACTACTAGGGATTACAGAAAATTATTGCCGGGGGTCACTGCTGAGCTGTCGAGGCCGATGCACGTAACTCTGAACTTGCCGTATCCAGTCCCGCGGAATCCAATCACTGACAGGGGGCAGCCAACTAATCCCCCAGCCGATCAACGTAAGTCTACTGAGACACCATAAGATTGAACTTCTCAAAAACGTTTAAGTCATCAATAAGCGACCTTCAATTGGCGCTATATGTCTAGTCCAAGGTTCTTTAAAAATCCGTAGTGGCCCGGCGCCTCTATAGTGATAACCATTGAATATCGGTCCCGACAAAAGGCATGAATATCGTGAAGCTTGGATATGAAGCCTACCATGAGCAGTGATATGGGCCCCAGAGCGACTCAGTTGGTTTCTAACATCAGATTCGTGGGTTGTCTCTTCCCATTCTATCAATGGGTTTGAACTATTGCGAGAGAGTTCTGCACAAGACTAACTTAGTAACTGGACGGCTACATTCCGATAGGGCCCCCGCAATTACGCAGGCTGAAACGGCATGGATTTCTTCGTCGCACTCAAACTCGTGACGGGGATCGGTAAGTGGTAGCCGAAGTACCCCTAGTATTCGATTAGCCTTCAATAGCCTCGACATGGCCGAGGCCCCTTTTGTATAGACCCCAAGACCTCTTGATCATAAGCCCTTTTGACGATGAGGAAACGATTGATCCAACTAGCATCGACCCATGCTAGGGGGCTGAGGGAAAACCTAGCGTGAGCTAAACCCGAGCAGTACAGACCCGGGATGAATACGTCTCGCGCTGTAAGCCCCAACGCCAAAAGGAGCGCTGCAGCTTTACCACGTTTATACTCACACGAATTTGGGTCGCGTCATCTAGAGTCTTCGGGAAGCTGCATAGTCTTTTTCGCCAGTGT,1927,51.58,Saccharomyces cerevisiae
SEQ_535682,CCGTAGTTCGGGTGAGACTCACTCCGTATAACTCCGCGCCAGACAGTCTGTGAATGGACTCCGGGTCGACATCAGCACTGTGTCAGACAATCTTTCTTGGACGGCAAGTGACTATTATCAATTTTACGAGTTGTAAGGAATTTCACAGTAGCGAGTCGAGCAAACCCCAGGAACTCTCCACCCGCTGCCCGATATATAGGCGTCCAACTCCAACGTCCTTAAGCCGCTTACTACTTATCTGCGTAGAATAAGACTGTAAACGTCGTGTTCAAGCGCCCGTTTTACATTGTAGCAGATTACACCTATATTCAATTCTATGGTGCCCTTTGTTCTTCCAGAGCTCGCGGCCCTCGTGTGTGAATTCGGGGTCCGATGTACAGGTATCGTTTGGCCAGTCACAGAACTTGTCTGGCCGACGTTCATCGACGTGGTCGTGAGTCACAGATGCGTGACAATGGCCATGAGGCATGCGAAGGAATCGCACCTGCGCAGTGACCCTTCCATTTCAGGCATAATTCCGGATTCCCCCTGTCATTTGTCAGACCTTCGCGGTGTCCAGTGGAATGCTTCATGAGAATTGGGGTTTTGTTGGATTCGTTGAAGGATGATAACGCGAGCCTAACGGATGCGCTTTAGTATTTCATGGATACGGGAAGACTCGAAGTCGCGACGGGTGCGCTCAAAGGTGGTGCCCGTTTGTGAGTTGAACGCTCCACTTTATTCCATTAACAGCAACAAATGGATGTCATTCACCTGCTATCCCGT,765,50.07,Homo sapiens
SEQ_162919,GTGAAGGAATCATATTCTAGCCGCATATTTGATTTCGAATTGGAACGACTCTAAAACCCGTCAAAGTCTCTAAAGCTACTGCGCTGGGCGTGACCGCTATGGGAAAGGATCAGTACGACCCTTAGCGTAAAGATTATGACAAGGCGCCCCCTACAAGTACACCCATCCGTCAGTGTGGTCAGCGACGCATAGCTGAAGTTCCCACGGCAAATCGCGAGTAATCGGACTTGCTACAGATGTGAGGAATCTGTATGCCGCCTAATTTCGACCCCAATATTTACATAACTGACCGTTTCAAGTTGGACGAGATCCGGCGGACGTTAATGCGGCGTGTAGTTGTGCATATAAACTCATACGGCGCGGCTGACGGTCATCCCGAATATCATAATTAGCGCCGACGAACCTTCGGAATACCTATTCTACCTTAAGACTTCTATTTCAGGACGAGTCTGACCACACTCTCGCTCCTCACTTACTTACTCAGGAGACTTCGACGACCGGCAAGATATAGGGCAATCGCAGACACGTCTTTTACACAGGTCGCACTATTCCGCGGTCCAATATCTTTGGGCCTCGGGATATAAGAGCGTGGGTCGGGCATGTCATAGTTTATCATGCCTCTACGGTAGCTGGTGTCACTGGCGCGTGCTGTTGTTTTTAGACTATTATACTTTTATACGGTTCACTGTCTTAAGTTGGCTGCGAGTATAGGGGCCATGCGATTAACGGCACACGAGCTATCAGTGTACTTATGGTTCACTTGTGTGTTCAGGCTTCGCAAGAGCTGACTGCCCAGCTGGGTATGTAGGGTATGTGCGGGTAGTGGCACACAAGTCTTGTCGGAGGACTGAGACTGAATTCCGGCCCAGGGTCTTTCTTGCAATGGCTACAACAAGGGGCGTAATCCGGATATTGTAGCCCCTCATGAGTTGAAGCTGAGCAGGTCCAGTCTTATAGATGCACGGCTGGATACCCCGGGGTGTACATGGACCAGGTTTTTAGGCTTGGGGCCCTAAGTTAGTTAGCTCGCAAATCCTGATGTGCTGAGCGAGAGTCCGAGTGGTGAGATCTCGATTGTAGAGTAGTAAATATGGGAAGAGCACACTTGGTGTTCGGCTCCCGTTTTGGCAATTTGTTCTCTGCCTAGGACTATCGAGTGGCAATAGCTGACCAAGGGCCGATAAACGGCTTCGGAAGAGCGATTTTGACAATCGGCCGTGCGGTATAGAGACTGGTGCCACTCTGCAATGAGTTCCCTATCTTGATGGACGAATTTATGGAAGACTGCTTTCGATTCAGAGAACACACTAAGGGTCTTAGGTAAGAAGGTCACTTACATACGGGTGGAGGAGCGCCCTGATCAACACCACGGTAAACGCGCCTACGTGAGTAAGTATTCTGCATCTTCTCCAAACTTGTTACCCTGTGAGCGATGGAAACCAGCTACGACTAAGCGTATCGCGGGAGTGGTCCTGATAGCCGAGTACTTGATAAACCGCGATTGCACACCGCGGAGTTAAATAATTTGTACGCCGGGAAATACATATTTCACGGTGAGGCGCTTTACTACGGCCGTGCTCCCAAGGCGTAATGATCACTGCGGTTCCACTATCCAGACGTGCCGACACTATTTTTTTAGGAGGTCGGTGCGAATTGCAAGGATTCTAGGTTCGTAGACTAGGCTGCTAGTTTGAGCATAGTTAGCACCGTCACTCTCTCCTGTGTCATGATCACTATATCACGCGGGGATAGGCAAT,1757,49.63,Saccharomyces cerevisiae
SEQ_559657,GATCATTCGGAAATACATACAACCGGAGTTGGCGGACGGGCACCTCTTAGTTCTATGTTCCACAGAGTTGAGGGGGACCTGCCACAATGTCGCGGGACACGTAAGCCTCCGGTTCGATACGACTGCTACTGCCGTTGCGTAACGAACTATCGCGCATTTAATGTGGCCCGATTACCATTCGAAAGATTTTACGCGGTAGAGCGGGCCGAGTGAGCCAATGTTTCAGTTCGTACCACCATTCGACGCCTCTGGGACCGTGAGCAAAGTCCGGGATGCACGGAAAGGGATTCACAACTTTTAACGAGCGTACGCACCAGAAAGCAACGCGTAATGATCAGAAAGCCAACTCAACCGCGCACCAAGTGAAGAGCTTGGCAATTGGCAGGGCATCTATCCACTCTTGTTGCGTACAAGATTGAACCCTAAGGGGCATCGACGCGTCCTACCTTCGTTCGATAGGTGGAGGGGTAACCATGGGGTTTAACGACGCCCACTCTGGGTTGGCGACGGCGGCTAGTGGAAGGCAGCACACTGAATGACCACAGGATAAGGAACTTGGGCATGGCCTCGGTTCAGCCCAGGGTTCGCCATTCTTCGGCGAGGCTCGGGGATATCTCATTAGCAAGGAAACTGGCTATTGCTGGCCGTAGGCGTTGTACTGGTAGTGCTCGCGTCGATGGGATGGAACTACAATGACGTGTATCCGGTCCCATCGAATGATGCGAGTGCTCAAGTTGCGCGGCCCGCCTGCCAAACCCCAGAACCGTAGGTATTCGTGAAGACTAGAACCAACCCGAGTCCGCACTCTCTATGTAGTCTCGTAGAAGGAGCTTGGCAGGGCGCCTCGAGCTGCAACCAATCTATATCAGCCGTCCTGTGCTAAGGCTTGGCATTGCTGGCGCGCACGGAAAGCTTATTCACTCGGTATCGGTTATGCCGGTGACCATCTGGCTATGCGGATACAATCCAACCCGTGGTACAATTACTTACCGTTTCCGGACGATTTAGGTTAGATAAGGATGAAAGGATACTGACGGCTGCGTTTATCAGTAGAATACCCAAATATTAGATTAGCGCTGTCAATGTAACTTTGGTCCATTAGGAACGGATGACAATGTCCTCACAAGAAGTCGGCCACTAAACACCTCCTCGCGTCCACACCCACGCCCACTAAACAACTCACGCAATAATCTTGCTCGAATCTAAGTTGCCGCGACCAGGGTAGTCCCCAACGAGGGCAAGAGCCAGTGTGCAGTTAGGTATTTCTCCTCATCTTTGGGCGGAGGGCAGGAGGATCCGAACGGTCGACAATGCAAGCCCCACCACTTGCAGGAGGGACACCTAAATTGCTTCACTGGGTTCCTTCCTTACAATATCGCCCGGACTTGTGGTCGCCCCAGTGTGGTCCTTAAAAGTCTTACGCGGGCTCAAGGTGTGAAGCTTCAGAATCCACTTTTGTCGTGTTTATGCGACCAGCAACCTACATAACCATGATGGCGTATAGCTCACGTACTTCACGCCCCTACGCTCTATCGGGGCCTTAAATTTTCTGCATGTTCATCCAGCGACCTTTCGTACGCTCTAGTGTTCGGTCTAGTATAAATAGCGATTGTAAAAATACTTGTTTGTATTGCCGGCATCGGG,1644,52.25,Escherichia coli
SEQ_919277,TCTTCTAATCCTTGCTGGATCTGCCAAAGACGCATTGATTCTCCTAGTAAGTCATAATAAAGAAGAAAGTTGTCGGGTTTTATTTGCCCCAATAAGGGAGGGCACGCCTTCAGAATTAGTTTTGGAGTCCAACTACAGACGAGCAGCCAGACCACGTCAACGCACCGACCCATTTGCTTGCGCCATCTATGTAATCGAGGTGAGTAACACAACGCTAGAATCTAGGCTGGACCTTGATGAGGAGACATAGACTTCTTGTTAGACCCAAGGGAAGATTATCATCCATACCAACCGGTGGCATAAGGCGGATTGCCCCATGGATTCCTTGTGTGTGGGTGCCTATTACGGTAGACGTCAGCTACGTTAAAACCAAAGTGCGCGGACAACACAGCATCTTACTGAAGCTCGTTTACTTAGAGGCTGATCTCATTGACCAAAGGTGGACCCCTTTTTAGCTCTCCCCAGTGTTCCCAACTTGTGCGTGACCTTCCTCGTCCACAATCACCAACCTTGATCCGCT,520,48.08,Caenorhabditis elegans
SEQ_481016,CCACTACGACAACGCAGCACGGTGGACTCGTCTGTAGGATTACGCAGAGCAATCTCTCAGTTCTACTACTGAAAGCTGTATGCCCGTAAAGTACCAAGAAACTATAGACTCTGGCAGTCAGGGATAGAACGCCTTTCGAGGTTCTAGTTCATAGCGTAGACATGTCTTTCCGCCTTATTATCAAATTACAAGCTGATGTGCGCCTTAGCCAGGTTCATCATACCGTCTTCTCGTGTAGACAACTGGACGACTTACCGTCGGTGCCGCAGGAGATGCGATGTATCCGATGATCAACCAAATTCCACATGCATCGAATGGCCCTACTCGGTGAGTTCGACGCTCCTTCACAGGGGCATAATCGTCGAACAGTCGCCAGGCACTTTGCAAAGTGAAACGCCGCGGCTAATAGCTTTAACTACTGGTCGTACCGGCACCACTGGTCTAACAGTGGCAGAATATAGTATGTTTATCGAGCGTGCTATAATCAGATGCCTGCATAAAGGAGACACTAATAGGCCAGTACCAGCGCTATTGTATGCCATGATTAGGGCTAACCGTGATCTAGAACGCGCACGTACACGTCCTGCAGCCCAGCACTCGGAGAACAGGGAACTTGGATTAGAGTCATATTTACAGCCCTATTATAGATTAACTAGCGGTCTACCAACTTATTCTCCTACACACCGGTTGTTGGGCCCCATAGATTTCAGTCTCGCAAAGCTTCGTTCGGTGCGTGAGGGCATGTTACTGTTCGTAGTGTACACTGGCATCTACACTTATTGCGTACGTATTACCTACGGATTATAGGCTCAGATTATCTCCGCTATCACCGGCACCGTGGCTTATAGGGTGACGCAGTGTCTCTAGTATGCTAGGGATTAGCTATAGGAAGCGGCTAACCTAATAATGAGCGCGCGGGAAAGTACACACGGAATTGACATAGGGGCCCAGTGAATTAGACATACTATCGTGGGCCGCCAATGCGTGCCTCAACCGTAGTACCAAGGGAAACCATGGGGGCACCGCACACGCAAGCCTATCTGAAAGCCACCAATGTAACTTCTAACTGACAGAGACCCCGAGAAATTTAGGTGAGTTCATCGTGATCAGCGAGTCGTTTCTTCACTGTAAAGCTACCCAGCAGACATCGTAATACCAAACCCCTCGTAGCCAAGTGAAAGCGCATGATGGCTGCCAACCCCTGGTGCCAGGTCTGTATGTGAGGGCCTTAAGATCAGGGAGCCAGGTGTTTGTAATATACAGGCAAAAAGCTCTTATAATCACGTGTATAGAGGTTGTCTTACACCCGAACGATACTATATGCGTTATGAACTCACGCGTGGATCGTAGAGGAGACCTAGCTGCCACGGGTTTAGGCCGCGTTACGGGATACTGCAATTTAGAGCCAGCGTTTTCAGAGTTTGGGGTCACGTCCAGGCGTCGCTTTTCGGGTTAAGCCCAAAGGTTTTAACTGAGGATAATCATTCCGACGTCAGTCTAAAAGCACATATAAACTAAGCATTCAGCGGTCATGACGCACGAGTGCGGGGGGCCCGATTAGGAAACCCCAAACGGCCATCCTGCGAGCCCCCGTCAGGGCATTATTATCCTGCTAAATCCCCAAGCTTGGCATGTGTTCGGGGCAACAGCGCAGGGATCAACTTGTGGTCCGGTAGATATACTACTACTACGCGATGTACCATCCTGACCCTCGTCCGTCATCTAGCCCCAATTTCCGGACCGTATTTATCATGCGACGGCTTGTAGCCACACATCCGTACAGGAACAACCCCATGTGATAGGAGTTAATAGATACGGCTTAGGTCGTCTACCGTATATTCAGTCGTAGACCGGTTAAAGGCTTCGTGAGTAAAGAAGTGACTCACTTCTTTGAATAGCGAAGATGAACACCTGTGCTTCATATACGCATGAG,1933,49.35,Escherichia coli
SEQ_350645,TGCCACTGGATAACCGTCCCTTATCCAATGATCTTGCGACCAACATAGTAAGATGGTGGCCAGTTAGCGCGCGTAGCTGCGGCAATACTAGCCCTGTGTGTTGCGCCTAAGAGTCTCGGTCGGAATACGCTAACGCCGCTTCGTAGGGGTGTAGAAATCATCATATAAACAGGTCGGTTTTAATCAGGGAACCACCCGTACTGTGAGCACTGTACCGGTGGCGGATTGTACGGGGGAATCGAAAGCTGAGGGTTTGGCCTCGATGGTCGGTCACCAGACGCACTCAACGCTGTTATTAAGTCGCCCAAGAAACAGCGAAATCGCAGCGTGTGTATCGCACGCTCTGCCTACAGCCTGGTGCGAAAATAATGAACACTGTGATTGAGAGAGAGTGGGCACCTGCTAATAGGTTTCTCACTGTTAGGGGTGTCACGTTGGGTGGTCTACGTCCGCTCTGGGGGGTTGTCACTTGTACTCTATTAGGCGCCCCGCAGCCTTTCTGAGTCCCAGTCAATGTATCAACATCTTAGTTGCTTTAAGCGTCACATTTGACATGGAACTTGAGGTACAAATTGATTGCATACTCTCCATCAATCGGAGCAACGGAACGGTGATAAACCTGCTACCACCAG,632,51.11,Mus musculus
SEQ_687665,GGGGCCGCTCCTAAGCAGGTTCAACCGGGCTCCTCTTCTCTTGAGGGGTCCACGATATTTACGGGGTTTGGCTGTGTTCGGAGAGGGGGAAAGACAGGCGAGTCGGTGATACAGAGTCTGGAAAAGGCGCTATAATCTATGATACCGTAGCCCATGTTTATATACATCACGCGGACCCATGCCAGTCCACCGCC,194,55.15,Arabidopsis thaliana
SEQ_747947,GAAAAACGAGTGTTGGTCAGGTATGCTGGACGACACCTAACCAAGCTCAGATGACAACAAAGGAGTCAGACGCCAGGGCGATCACCCATCAGCTTACTCCACTGCA,106,51.89,Arabidopsis thaliana
SEQ_137517,AGCGTAGGGCCATAGGAAGACTATCAAAACTATTAGCGCCTATATATTTGGGAATCTTCTGGTGTCTCTGCCAGCACCTAGGTTCTTTTTCGGCACCTCTTAACGTGCCACTTCTGAAGATTATCGCCAATAACGGCAACACCTATTGGCCCGACAGGAGCACGAGTCATGGCGACGTCTCCACTTACGCTCGGATTCTAGCGAACCACGTTGTGACGCCCCGGTGTCCATGTCGTGCCTGCATGGGTGGAATGAACCCGCGTGGCTAAGCAATTACGAGTCTACGGCATCCTAACGTGATAGCTGCGACTAGATGGTTTCATGATCAGGGTGAGGTAGCCGGCGCGAGCGGACTCCAGTAGCACCTTTCCCCTACTCGCCAGCAGGCAAAGCTCTGCCCTTAATCGATTCTCTCCTCGGCCGCGATACAGCTTATGGCCGTATATCGGTGTACTACATGACCCCGTCCGCCAATGTTTTAAGACAGGG,489,53.37,Saccharomyces cerevisiae
SEQ_358304,TTGACACCCAGCGTTCTGCAATTGTATCAAACCAATATTCCCTTATACGTCTACTAGTACTTCACTCAACGAAAGCAAGCGCAAGCACCCTAGTTCGGGTGTGGGTTGCCAAGCTCTAATAGACTACCTATTGCTCACATCACCGACACACTAGGCTAACCCGCATTCGCCTACTTGGGGCTTAAGTGCCTACGTTAGAGCATTTAAGGTCAGGGAAGATAAGACTTAGGGTTTGTATACGGTAGGCTCCGGGCAATCACCCCATTGCGCCCGCTGCTCAAGGCTGGAAAACTAACGACGATTTGGCCCTGTGCCGACTCTGCGTCTCGTCCGACTTTACCTGAACGGCGGGTAACTCAGCCGTGGCCTGACTGCATTAAATTCTGGGGTCGTGAATGGAGCTACCAGAAAGTTGTCATAGCGACCAAAGGGTAA,435,50.57,Homo sapiens
SEQ_849132,CGGTGAATACCGTAACCGGCATAGTCTTCCGCAGGAATATGTAAGGCAAAGTGCGCCCTACGTGACTTGGGGCCTACGGCCT,82,56.1,Caenorhabditis elegans
SEQ_761600,TCACGGGCGCAGAAAAATTAGCCGACCGGGTCCGTATCCCGCTCAGCTAAAGCACGACCAGATTCACACGTACATTGCCGGTTGGATAAACCAAAGGGATTCGCCGTTTTTTGAATCTTAGTACAGCTGAATTACCCATCGCCAGCATACGGTTTGATTGTTTGAAACCATACGCTCCTAAGACAGTTATACATCCACTTATGTCGGTTATCAGCAGTGTGATAATTTTGTAATGCGGTAGACATGTATCCCTCCGGAGGCCAAGACAATTTGGGCGGGATCTTCCGTGTTAATCATTCAGGTAATCTTTCGGGATCCGTCCCCGGCGACTAATACGCAGGATCATAGGCCCGACTAATAGCCGGCTGGTGCTAAGAAGTCGGTAGCATAACGCGTGGAGCGTGTTTGGTAAGCGATCCCTAGCGACCCTAATAAGGACTCTTCGTATTCTCGAAGTAGAGCTTAAATGATTTAACGGCCTTCGGCGCGTGACTAGTAATGCACG,505,48.51,Arabidopsis thaliana
SEQ_685465,GGCGTTCTCACCACTTTCGCAACGACAAGGGGGAAATTTAACGTTCGGTTACTGGATCTAGACGGTAGGTAAGGATTCAAGGCTGGGCCAGAGACCGGCAAGGGCTAAGAGGCTTGTGCCGCTTATACAGGATTGGTGGTTCGCGCCCCTAATTTTAAGAGTTGCTGGGACGTTCAGTAGTTTTTTACTCACATTAATACTATTCACGGTTGCGCTACCCGGGTCATAACAAACCCTAGACCCACTACGCGTTTGGTAGTATGGCAGAGATAATTTGCCCGAGCGACGAAAATGGACAAAGCAGGCCGTCGATTCCGATAACGCTTTCTCTCGTGTGCTGAGGACAAATCCCGGAGTCTATGTATCCATGATCTCGGGCTGGTGCTGACCCCGTGAACTGGGACTATAGGCCCATTCATGATAGTATGGAAAGTTGGGCGCATCGCTCAATGCGTAATGAGGCTTTCAGTTAACGAAGTAACTATCGTCTAGTACTTACGCAAAGGGACTGGGTGTACACGGCACGAAATGGTGTCGCTCACAAGCAGGCGTGAAGAAGGGACGCTGCACGAGGAACTCAGCCAACATGCTTGCCGAACCTGTGATTTGTCTGGGTACAAGCGCGAGCCCCAGATCTTCAATATTTGTTCCTGATTAAAGCAGTCATTCAAAAGCCCATATCGTCCGTCCCTTCGCGGGCTGCGGATCCAACTTAGATTAGGCAGTATTAGAGTATAACGTCAGCGTGGTTGGACAGTAGTCGGGGATACTAGCGAAAAGCACGATGAGCTACTGTGTTAACTATCCTGTACGTTGGCCCCCCTATGAGCTAAAATCGGCCCGCTTGATAGCATCCAGTCTTCCAGGTCCTTAGGTGCTACAATCAAATGTCCCGGAGGAAGTGGCCACCCCCGCGAAGAATCTCACCTTAAGAGTTTTCGGGATAACTTTACAACGAGGTGATATACGGCACGGACAGGGTTGAGGTCGACTACCGACGCCCCCTTGAGAGCGTCAGCCGAGCTCGTAACGTCTCGGTAGTGTTTACAACCTGAAGGAAAAATGTGGCCAAGCGGGGAAGTGTTCTGACGCCCCTCTCATGCCGGCTCGGCGTCACTAAGTCCGTGTCTATTTCTTGTGCTTAACGAGCACTCGGGAACCGGAGTCCCGCTTTATTATTGAGGCACGTAACATGCGTTTACGAGTTCCCTAGAGCTGCTGGGACCTACACTAAGTCCCATCTCATAGGCACTATACAGATCAGTCACGGCGGCCGCATCATCGTTGGCCAACTTCACTAAAAGAAGTGAGTTTCAGGCT,1320,51.06,Escherichia coli
SEQ_978133,CCGGGTCCCAGCAATAGAGCGGAGGGTTTAGCGCTGTTAGTAGTCGGCTATATTTCACACGTGCTAATGCTGGGGCATTAATCCAATCAACTTCGGAAGGGCGGAATATCTCGGTCGGTTTCGCGTATCAAATCCATTACGCGGGAGTCGGCCACCTCCACACCTGGAAGCGCACATACAAGGATTCGCTAAGTGCGGGATTGCGTTAGCACGTGGAGGTGGTGATGGCCCCCTGGATCAAGGAGACTCGTTACTCGGCATGTGAAGTGTGCGGGGACATCCAGGAGCGATCCATACCTCAATGTGTCAGTGGATACTCCCTAAGTCACCATGGCTAGGTGATGGGGTCCATGGGACAGCTGGTCTCGACTTGCGACGCGCTTAGCCGACTCGAACCCAACCGAGGTTAGGAGTGAGAGCAGTTATGTTTATACACTCGCTAAGGCTTTTAGGGGAAACGTTGGCCGCGCATTCGTCGAGTACCGTCGGCACGTTCCAACAGAAGTCTAATATGATGGCTGGCCAGCAAATTCCGTTCGATGATTGAATGTTTCGCTAGCCGTAATAATGATACAGATACTACGAACTAGCCACTGTAGACACCCCTGTGGGCTCAACTGAGGGAGTCAGAGTTTCGCTCGGTGCTCGGG,650,53.38,Escherichia coli
SEQ_533936,ACCTCCGGATTAAATATGCTCGACGAATCAGAACCTGGGGCGACTGGTGTTTGCGCGCGATTTCCCATGGGACACTTCAATCGTTTTATTATTATCTTATCGAGATCCGGGGAACGACGAAGAGCATTCCTATATGAAGTGATTTTCCTTATCCCTACAGCACCCGAACGATACTTCGTGCTATTCCGATCCACTATACTAATTGTCGTCTCGCTTCGGGACCCAAATAGGAGCAAATGGAGAAAGGTACGCCAAACCAACGGGCTAATCCGGCTACATGTATTGGACTAACTACAGTGATCCGATAATGAGCGGGTCCACGAGGGGCAACGTCCTACTCATAACTCTGACCCGTATGGAGAGGATATTCCCATCACCGCCCGTCAGCATGATACGTACAAAGGGCTGCGTTCTCACGGCAAACAAATACATTTACCCTCAGGTTCACTTCCTGCGCGTACGGATTCTCGGATTCCTTTGGTTCCAGATTAAGACCGGGAACCATGGGATCCGTTGTAAATTTCGACTAATAGGGATATGATATCGGGCAAACATAAGGGAGGTGTTGCGTAGCTGGTTACAGTCAGGTGCCGCCAGAGGTGGTAACCTGCTGTAGGCTGCTACCGTATCGTCAGATATATGCGGTCTAACGACCGTGCCGCCTAGTTTATGGCCAGTCGCGGTCCGGTGAGCGCAATGATCGGTCCGATTCATAGAGAAATTGAACGCCAGCACGCCTGCAGGTCTTGCAGTTAGTATGACCGGCCGGTCTGGGGTCGACATACGTCGTACCCTCTGTGCATGGGACCTTACCAGCTATAGCTTGACGGCTGCCTTTGCATCTACCGGATTCCCAACTACCGTAGTAAGTCCGCTCCCGCCTTAAGCTACTGCCAGACGACGGTCTGCGGACCGTGTGTACGTAAGCCGTTATTCAAACATACTAGTTTCCTACGTTGGACGTACTCCTGTCCAATAGCTCTTCATTTCGCCCCCCGTGAATTGCATTCGACTCTCGGTCATTCGAATGAGGCCGAGGCTCAATATTCCGTACGTCACCAGATGCGGAGCTCCGGGCAGGTCGTTGGACTGATAAAGTCCACACGGTATATGAGTTTAGAGAAGTCTATAGTTCCCGTCCTAAGTAGTCTAAGAGGCGAGAAAATATACTTGTGAACATTAGCTGTGGCTGTTTATCAACTTGAACTGAGGCACCAAGATTACAGTCTAGGCGAGTCCAGGGAGAACAATCAGGCTATCCCATTCCTGATGCAGCACAATAGTGCACATATGTTGTCGTTGCTCGCACTATAGTGCGACGACGTTAATAAGGCACACCCCGCAGGCCGTCCGAGACGCATCTCCCGGATTTTGAGGCAGTTTTGTTGGAATAAGAGAAAAAAACATGTCTAGCAGCGTTTAGTGCTGAGGAATGTGTAGCGTGACGGTTTTAGGACTACGTCGCTATACAGCGGTTAGGTTGAGGCACAAATTGGGCGAAACGGATCCCAGAAGCTGACGGCTCCAACCGACGCGTAACCAAGAATCTAGCACGGAACGACACGCATTCCTTGACGCGGGACACTAGGCAATGACTACTACCAAACGGCGCATACCTATGTACCCACGGACGCATGAGGCTGGTTAAGGATTTAGATGAGGACTAAGCATACTGCTCGTCGACCCCCTCCGTGTCTCTTCTACCGTCTTAGCAAGTAAATAGCATCCCTAGGCTCTAAGTTATATTATTCGTTTAGGTTTACACCTACATCCCTCTGAATTGTAGCTCCGCACGTGGCGGGCCGGGCCCCAAGTACCTCCACTTCGGTAGCAAAATATTATCGCGGAGCACCTTACCCAAAGTGTCTGCACCGAGTCCAACGTACGGTGATATCTACCAGAACTCCGGACTGACTTTTAGAAGTCCATTTCGCTCACATCCCGCCTCCCCGTTCCCGGACCCACTCTCGAGCGCTACAGATTAGCTCGTGTGGCTC,1997,50.73,Arabidopsis thaliana
SEQ_765803,CGCTGGCTAAACGTTTTCTCGTCCTTCTCCCTTACCTGGCACATTGCGGGCATGTGGTGATATAGTAACCTCGAGTAGCTCGACCTTCGTGGTTCGTCTGAAAGTTGGGAAACCATCATGCGCGCCTCTATGGGTGAGAACGTCACCCACCTGCGCTTCATCGCGAACATAGAGAGCGACGCATGGCGAAAGCGCTGGGCGCTTGGAATGCCGGCCTTGTGCAGGATCAGAAATCGCTCTGGACCTAGCTCAAGGGAGCCTTGGTATGGGACGCTGATAATGGGGACTAAAAGGTAGCGGTACCTAACCTGGACGACACTTCCTCGCGGGTCTCGAGCTCTAGCGCGCGACCAATCGACGGAATGTGGCGGCACAGAAAGGCCAATGCTGGCTTCATGATCTTCAAAGTACACGCCGCATGGGGTGAAATTTCGATACCTGGGATGATTACTAGCCGCAATATAACGCTAACATACTAGTACTTCGAGTCTAACGGGAGTCCCCAAGCACTACATGGAGCGGATTTGCGAATTTAGTTACGCTCAAAGCGACCACATACTGTACCTTATACAACTATAAACTTCTATTGTGACATTGTCAACGCTAGAAGTACCAGGTTTAAGTCCGCATTCCCCGCCCAACGAACAGAGCTTTCTTACCAGAAAATAACCCAGAGTCCACACGAGTATTAGATTTAATTGTATACCAGCGCGTGCCTGGTGCCATGTTTTGGTAATATGATTCGGTATGAGCATCACTAACGGGATTCTGCTTATGCGCACACATAGACTCATACACGGGAATTTGTCATCCAAACTCCACGGCCGCATGTTATGTATAAGTATGGGGCGTGTATACGATGTACCCTATCCGCTTCTGGGATACTACCGCCGAGCTTCTGTGTATTTGTAGGTGTGCTAGTCGGAACCAGGGTGTGCAAGTTCTGTGTTACTTCCCTCGCTGTTAGGAGTGCCTAGTAGGTTGCTTTCTGGGACGTGCAAAGTCGTCCTGCGAGTTCATAGTTGTTATCCATGAATGTAGCCCTGACCATGATAATGCAGGGCCTGCAATAACTAATATCATTCCCCCCCCCCAATCTCTAGCGGTCCCTTTGCGTTGTCAGACAAACAGTACAAGATGCGCGCAATTCCCAACCTAAATCCCCCTGGCCACCCAATATTCATATTTCCGCGCGCACTTGTTAAAAGGGGGTCATCCAGCTACATGATCCCCTCCGGAGATTCCTTGGATACTCCACAGGACTCCTCTTTTGGATGACAGATCAACCCGGGCAAAAACACATAGCGTTAGATCGATCTCAACTTGAATTAGGCGGGTCAACACCGCGTCCTGTTTGGAGGTTGAGAACCCTACGCAGCTAGCATTTGTACA,1392,49.93,Escherichia coli
SEQ_734770,AACTTAGTGGTGACCTAAGAATCAAGTAATTCTGAGGTAATCATCTATGTCCAACGCGCATTCCGCCACGGTAAATCCTGCTAACTCGAAAAGCGCAGCCCGACTTCTTGTTACGTGATTGGGCAAAGTACGGAATACGTATTAAGCTATGTGTACTTGCAATTTCGGTTGCTTTGCTAGTAAAGCTGGCGCCAAAGGGAGTAAGTGCAACGGCTCTGTATAGGGGGCTACAGCAGTGAGATGGGCAACTCACGTAGGCACTCTGCACACTTAACTTAAGATGAGACCTGCGACTACAGTGCTGCGTGCTCTGTTGGGAATCTGTAGAAACAGACGTAGGTCGTGCGGTCGTCGAGTGACGCCTCCTCAACCTCATCCTAAGCTCGGGGTATTTAGCATGCTCGCACCTGTAGCGCTAATAAAGCTTGAAAAGAGTGCAGCCTAGGTGGTGTGTCAAATTATCCGGCATAAATTAGGCATTAGTGGAATCCACCTATTCATTCCGATAACGAATCTTGTCGGGGAGCTCCGAAGCGTCGCAGGCACGGATTAGATAACACAACAGTTGAATGCAACGATGCAAGCAACCTTGGAATCCACCAGAGCACCTCGTGACGTAGTTCTACAGGTGGTCTTCGGGCGAGATATTTATGGAGTGCCCGAGGCCAGGTTTACAATACTTCTCTACAGCAACTACTAAGCAGGCTCGTGACGGCCCTCGGGCACGAGGAACTCAGAACATTCGAAAATTCACCCACTAAGAATAATCACGAAAAGATCCTTCTTGCATTGAGTGAAGTACCCGACCTACGGCTAGTTGGCGAATTAAGGCTTTGCACGCTTGCAGGGTGATTTTTCTGCGTCCACGGAATGGGATTTCACTATCAGTTTCCGGGTCGCTACGTATGTGCTTAAATGTTAATGCCGAAACGTTGCGGTGACGGGGGCAAAGAAGTCGAAGCTAGCATTATTAATTCTGCATTGGCACTACGCGGGTGGCTCACTCGACAGTGCTGTGGGCAAGGCTCATTAACCGCGTAGAGTGTGCGTCTTACACAATGGAGAAATGTTTATGTGTATAGGCGTATCGTATCTTTTTCCGAATGTTATGTAAGCCTTGAGTACTCGCCCCGTGCAGCAATGCAAAAGACAATAACCTCATGGTTTTGTATGCGGTAGTCTGCCTGAGTACACTGACCGTGCGGCCCAACTGGAACACCCAAGTATTTCAATGAGCACCCGGCAATGATTCCCCCTAGCGCCAAAGCACTCCATGGCAGATTAGTTAGGGCCAGTCTGTTCTCGGATTTCCGCACTCGATGTACTGTTGCACAACGATAGTCCCGTGGAGAAACATTTTTTTTAATTTCTGAGCCACATACCAAACAGTGGCAATACCGCGCGTGATGGAGGACTAGAGAAAGCGCGGATATATGCCCTCGCGGCGCGGGGCTATAATCTCAAACTCGTTAGGGGCCTAGTTGTCTGACGTGTCATCCGGAAAGTGTTCGCACGGGAGTGTCGACTCACACCACCAGGAGCATGAACGACGGCGCCGGCGACCATATAAGATCAGCTAGGTTCAATACGGGTTCACTAACCTTAACTCCGAAAACATGGCATGTTACGAGTTTACAGAGATTCCATCCTGAACTTGTTCTTA,1663,49.01,Saccharomyces cerevisiae
SEQ_803149,TAGATCAATGGGATGCAACCCTCGTAGTATAAAGGAGCCCGTATGCGGTTGGAGAATATAGTCATGCATCAATAACTTCTTTGATAAACTAGAGCGCGATCTAGTATGCTTACCTAGGTAAAGGGGCCCACAGAGTGCGCCTCATACGAGAGATTATCAGAGCCTGACACTATTTATTGAGCCAAGAGCTACAATTGTAGGCATACCTACTTCTCACCACTTTCTGTTGGAGTAATCCCACCCGCCGACGCAGCAGTAACTCACTTGGGGCAGCAAACGGACCAGTTGTAAGGGAGAAACGCCAATTAGGAGGATTACTCGAAGAGCCGGGAAAGCAAAGCTAGGCAAACG,351,47.58,Drosophila melanogaster
SEQ_916923,AAATGGGGACAAACTTCAGCACAGCCCGGCCAATCAAAAGCCTGCTCTCGCGCGTACGACATCTATTTGAAGCGTAAGGTGGAAGTCTCAAGTAGACTTGCGGG,104,51.92,Caenorhabditis elegans
SEQ_745925,GGATCTACGTTACCTAGCCACAGAGTGTCACCAGTCCAATACAGATAGTAATCAGTACATACAACGTCGTTAAGAAACGTAAAATGATACGTAAGATATACGAATACCAGATCTAAAGCACCTACTGGGATGATGGTGATCATAAGCAACGTCAGGATCAGAGGTAGCGTAAAGGTCAGCGCGGTCAATGACCGTAAGATAATGCAGAGAGGACGGTCCGAGATGAACGCTACATCTCGGATATGGTTACCCTCTTCTCGTCTTTTAACTGGTCAGAAGGTATAGAACTATTCTGTGCGCCACGCCGTATTTTCTTCGCGCCAGAGCAGGAGCCTGCACTTTGCGAGTTTATTTTCACTATCGATATTTTCCCGCAATGCCAATTACGCGGGCTCTCGGGACAAAGTCAAAATCCAGAACTGGGGCGGCTAGAGGTGCGGCTCGCTTACTACTCTGTACAAGAGATTGGAAACTCGGACAGGAAAATCAGGGTGGCGAAAGTACGGAAGACCACAAATAAATAGACAAGGGCAGTCCGTTTTGGTTTTCCGATAAAACCACCTGTAGACACCAGTTAAGGAGCCACACTGGCGTTACCCCTACACGACGGGTACGTAGTGCTCGTTCAAAGATCTCCAGGCCCAAAGGTAAACACGGGAGAAAGTCCCTTAAGTACATGGGATTACGGCCTGCCGGTGAAATCCAACACCGCCGAGGTTTGAGCTAGACACCCTGAGGGCTCACTTCCATAATCTATAGAGCGTGCCAATTCCCAGCCGTCTGAGACGTTACCATGGCCCGCCACCGTTATAGATTCGCATGTGAATGTCTGACCCAGCGCTGGTAACAACATGGGGTGAAACCAGGTGTGGCGAATCTCGCTATCCGTGCACCATTTATCCAGCGCAGGAGCTCACTATCAATGAAACGGTCAATCTTTGCTACAGGTGCAGTACATTTCCGCTGGTCGTTTCGGTAGCACGCAGAGGGAAAGCGCTCGACGATATTCACGGTGGAATTTCCTTATTGGTAATAAGAGTTAAAGCCAGAGCGAGTAATGGCGATGGTTTGTCCTCTCTTCTAAGGATGACAACTCTCAGCGGTTAAGTGGGGGTTGCTCCGTTAAAATTCCGGAGATTGCCTACTCATTCAACGACCCAAGGGCAGCCTTTGGCACCATGGAGCTTTATTAAGTGAGTCGATACCTGACGGGGGTTAACCGTTGCCACTCGAGTGAGGCACCAACTCGGAACATACTGCTATGGCGCACTTCCAACCAGGGTTTGGATGACCCGAGCTGCGCCGGCTCCGGGACATCATATTTGGAGCAGCCGTCCATTACGCGATGCGGCAGCTACATCCTGCTTATTCACCACAGTCAAGGGGCTTTCGTAGTGGCTGTCACTTGACGTGACCCAAATCTAACCGAAAACATTTCCCAGGAAGGCATATCTCCCTAAAGGAGTTCAAAATATCCTAGGATGCTAGGCTCCTAGTTAGTGCTCGTCGGAAGTGATTCAGGTGCCGACGGCCTCGATACGTCGCTGATTGATTTCGGTTGGTAGAACCCTTTTGATAGGAAACTACGGCGGTTCCTCTGGGGTATCAAAAGACGAAGAGCAGCCTAAAGAAGTGTGTGGGGCTTAATTGGTGCATGACGTTAGCGCAGCACAGATGAAACCTTTAAACTAGATTCGTCATAGAAAAGTCTTGGTAAGTTAAGGTCGTAGTCATATTGGAATGTAAATAAGTTTGATTTTGGTCTACAAGACCAGCCAAAGTATTTCGGGCCCACATGCTCAGTCCAAAAGGTATCTCCTGCAAATAT,1828,48.8,Mus musculus
SEQ_926614,CGCTGAGTTCTATTGTTATGACTATCTGCTATTTATAAGCTGGCCATGTATATACGTAGTGTTGACGTCCCTATGCCATGTCACGTGGGCGTCCGTTGCGGTACCGGCTCATCGGATGGTGCCAAGTACCCGGAGCTCCTTGAGTCGAGAGTAGGCGAAGTAAGCGGCGGCACGTTATTTTGTATGAATGTTGATCAACCATAAACCTCATCATCTTCGTCCTCCAAGTCTCGCGACATGTACTCTAGACGCGCTCAGGCGGCGATCGGGATATTGAACCTAATATTGCAGGTCGAAGTGGCACTCCCGCGGCTCATAGGCTCAGGAGCGGTTGATGCCTCATAGGGTGGTCTCTGCGAAACTTCGCTACACGGATCAGGACACTAATTAGATAGGTTGGGTGTAAGCAACGGACAGTGCCGGACGCATCGTTGCTTTAACCGTAACGCTGGTGTCGCGATTTACGTATAAAACCCATGGGAAAAATACTTTTTAATCATAACGCCAGAAAAGTTTTCGGTTTGAGTCTAGTTACTCTGTGATCTGACCGCACATAATCGCAGCGCCCCTTTGAGGGGTCTGAATGGCGTTCGATCGGCCCTAGCTTATTCGTCATGGTGCTTATTCGGTGACCAAGTTCGCTGGCAGGCTGATGGGGTTTACAAGGCATGCAGGGGGTTATCCTTGGTTGATACATATGTGGACCACCCTTTGTCTTGTTTGATTATTACGCGTGAGGCATATGGAGTGTGTTAACAACGGGATATGAAGAGAGGGACCGAGGCGGACACTCGTCTGAGCGCTTGGGCAGAAGTCTGAATAGTCATACAGCCGCGCAAGGTGCGGCATGCCGCGCAAACTGCGAGAACCACGCCACACGAAAGTGGATAGCATATTCGCCCATTATTATTAGCCAAACTGGAGGAACTCCATTCAGAAGCCTGACTCGTTAACGTAATGTCGGTCTTCGGTAATACTACTTCGCTTGCTGGATTGCGTTTCACAGGATGGTCGAACCCGCCCATTCCCCGCTAGGT,1037,50.53,Arabidopsis thaliana
SEQ_984463,AAGTGGTTTGTTCACTTATATGAGCCGCAGTTGTCCTGCTTGAGCCCGACTAGCGACCCTTAGGGATTCTCTCATGTCGAAATATCTTTAACTGCTATGAATACCCGCAGTATAACAAGGGACCGACAGAGCGGTTATAATTGAATGTGGAATTCGGAGTTGTGTTTGATGAATGCAGACGGGAACATAGATTAGTCATTCAAACAGATAACCCAGGCATCTGTTTAGATAGGAGTTCTTAGCGTATCTGGACGACCGTTGGGTTATCGAGACAGCCTGACGGTTAACCATAACTGTTAAAACATGCCATAGAGGGAGTGGAGGTATACTCTCTCCATTTGTGGGAGCGAAGTAGTTGGCCGTATCAACGAAATTCTTTAGTGCCGCGATGTTGCGTATGCTCAGTAATGGCTTCCATATTAGATCGTCGGCGGGCGCTTCTCAACATCTGATAGCCAGAACCCTACCCGGAAGGACGAGCACGTCGGTTTATATCGGGTTGATAGGAACGTGCTCGTTTCTGACGATCACCGTGTTAAGATCGTTTAATTACATGGAGCCGAGGGAAACCTAACCAAGTAAGCGTCCCGATTCTGGCGGACCTATTCCCCTCGCGCCAAAAAGCTGACCGGTCAAGATGTCAAACTGTAGCCTGAAGTAATGTCCATTGCCATTATCCGAGCAGTAATCAACTCCCCACACACCCGCGATTACCACTATAATGGGCTCCCCCATTCATCGGTATTGCCACGTCCGGTAAAGATGTATTTCACCTATCTGTGGTGGCCGGGAAGTGTCTTAGGCCCATACATGGGAGGGCCCCTGACAAACGGATACCTATTGTATCGTGAACCCGATGTCCATGCGCTTGGCCTGGCGGCATCGACCATCAAGGATTTTGAGAGAACGGTTGGCGTCACGTGACTTGGATTTTAATTGGGTTACCTGCAGTGTATGAACGCGTTCCGTTGGAAGTGCGAGGAACTCGAATCACACGCATCTGGGCTGGTGGTACGCTGAAACTGCCAATCACGCTCCAGCACTCAACACTTCTACACAGTTCACGTTAATTGGCCGTCCTCCTCTAGGATACCT,1095,49.04,Homo sapiens
SEQ_286724,ATATACGTTCCCTTGTATAATGGAAGTAAATTACCTAATTGGCAAGCCAACGACCGAGTACTTGGTCAGAGACCATACGTATTAGACTATGACCGTGTTTAGGCTTGAGACGGACGCATATCATGTGCCGTCTAGACGTTTATAAATGGTACGTATCGTTAAAGGCGCCGAGACAGCTGCTTTGGCTGGGCGGCCCCACGTTGAATCATTTCTAGATTACTCCTCCATGGGTCAGAAAACGTTATCGCTGTTGATGAACATTGTATTTCGATCCCTCCTCCCGGACGTTTTAGAAACGATCTCTTGGTGTGACCTGCAATCGCGGTTTGCTAGTAAACACCCTATCGCTTATTCCACGATGGCGACTAATGAAAGCATCATGTTAGCCCTTCCTGGGTGGGGGAAGATAATGCGTTTCTTGTTGCGTACTGCGGCTTTGGTATTCTCGGAGATCTGCTTAAAAGGCCGACACCACATCCCGACAGATGGCGAGTGGATGCTACTCGGTGCACAGGTTGGTGGCTTTTAATTCCCCGCAGATAGCATCGGATCCCTCTTCGTACTCTTTGCATATACTAGATTATGTCAGGAAGACTTGCAAACGGTTGGCGGAATTGCACCGTTTATCGCGGAACACATCGTCGAATTGCTGGCTTAAATCGGTGTATTACGTAAAGCCGCTCACCTGCTGAATTGTGACCATAATGTTACAT,713,47.12,Escherichia coli
SEQ_830941,GGCTAAAAAATAGAATGCCCCTAAGCCCCTTTGTTCCTAATAGTACTGGGTTTCGTTTTTAAGTAGCTACATGGTGGAGGACAGGTACTGCCAGATCGAAGTAATCCTGCCGAGCATTGTTATTTCCACCTAATGACCGGGGCGCAAATCGATTTTAGTGGAACTCTGACGTATTTCCATGAACGTTAACGCGCTTAGGTCTGCCGCACAATCTCACACCATTGCGACTGTTACGTACCGTCATTGAGCGTGGACTGCCTCAGCGGGTCCACGTGCATCGCAGTTCCGAAATTACATACGATCTATATGGCTTAAGTCCACACCAAGAGGTCGGGAGCCATGAGTTAAGAGGGCATGACGATTGAGGTCCGAATTAGCAAAACGCTTCCTCTAAGCCCTCCCTATAGGCATTGCCCTGCGCACCAATCCTGACGCCTTAGAATTCGATAGCCAAAAAAGGATAAAACGTTTTTTGTTCTAGTTATAGAGATTTATATCACTAGTTTGTCAGTGCTGGTCCGCTGCCCATGCTAACGGGGTGATCCCAATCTGGCTGTACCAGCTTGAGAAGATGACGGAAGTAATGTTATTCCGACACAAACGGAGGTGCGGTCGAAATAGCACTAGGGTCAGCGCTGAAATATTCCTGCGCCCAGTAGAAGCCCCGTTGGAGTTGTGCTTCTCATGGACTATGTCAAAACGCTATAATACTGGACTCAAACTAATCAAGGTTAGTGACTTGTTCAAGGCTCACGCGTTAGCGTGTAGGATGCCACTGTTGCTGTAGCGCTCGATGATCCAGCAACTTGTAATATGAGGCCAAACGGGTACCTTGTAAAGCACATGAAGTGTCACCTGTAGATAACGGACTGTGTCCTAGCTGGAGTGCCCGCGACTGTATCATAGAAGCGAGCCTGCAGTTTTTAAAATGTATGTGCTTGACAGGATGTAGGTTGGCTTTGAATCGCGGACAAATTGTTCTAAGGGCCTGCTAGTCGGGTTACGACCAACACTCTATTTGGCGTCCCGGGATCGGCGGACCAGATACTTACGATACCAGCGCTTAACTGAAGCAATATATGTGTCTAATATTTTAAAGGGCGATACCCGCCACCCCAGTTGGCGAACATCAAGATTGTAGGACTTTCTTTTAGTTGGTGAGGCTGCTGACTGTCTCGCAACTGATACGTGTCCCGTCAAGGCGGGCGGACGGTTGCCGAACGGCATAGTGGAAATCAGCAACATGAGCCAATGTCATGGGTATTCGCGCTGGCCGGCGCCGGGTCCTGAAACACC,1296,48.92,Saccharomyces cerevisiae
SEQ_651827,TTTGAGGAAACAACGTAAGCGTAACTATCCGTGGTACTCACCCCTGGGCCCGCGAGTATGCCACAACAGCAACTTCGTATCTTAGAACGATACACAGTCCTTTAGGTGCAGAGCTATGACCCGCTGGCTCTAGGATCACTGCACGCTCATTCCAACGAGTTGCGGCTCGCAGGATTCAATTTAGGGCTGATATTATGACGCAGACGTTCACTTGACTCGCAGAACATACGTCATCAGGCCTGATGGTCAAGCGAATGGTACAAGGGGGACGTGGCGACACTTTTGTCATGATTTCAATCAACAGCTATCTGTATGAAGCCGTTATTGACGATGCGGGCTATGGACAATCGTCGTGTGTGTAACGGCGTAGCTCGCGAGGAACATATGCCCACCAGCATTACTAGAACAAGGTAAGACGGCCATTGGTGAGAAGAATTGTCAGTG,444,49.77,Drosophila melanogaster
SEQ_467548,TGTCGCGGACCATGGCTGTGAAATAATGTCACCAAGAGCGGTCCCGAGTCGCTATTCTAGACAACGTTCTTCTTGCAATCGCAAGCGCCTTAAACCAGGTGCGTGCTACGCAGTTGCGGTCGTAAGGTGCGTTCAGGACACAATTTTGAGATTTTAAAAAAGACTCTGACGGTATATGCTCGCACTAAACCGCTGAGCATGGGGACAGAACGTTCAGTGGTCACATCGCTCCGAGCCTTGCTACGAGGCGCGCCTATCACTAGGCCCACTTGATTGTGGGAGGCCTACCTCGTTTGCAATTCTGGTGATCTTTGTATTTCGTATTAGTTTTCTTGGCGGGGTAGTTTATTTTGTGCGTGCGATAAATGTGATGCGCAGTTACTAGGAAATCACTGTGAAAGTAAACATCTATAGAGATGATTAGACGCCCACAGTGACCCTCCGGAGCTACCGCGACTAAAACTCATTAATCCACTTATAGTTCCGTTCCGGCTAAACGGTCTTGAAGAGTCCGGTCGAGGTATTGTAACGTGAGGTAAGTGTAGGTGGTCACTAACAAACTAGGGGCATTT,572,48.08,Caenorhabditis elegans
SEQ_886184,ACCCAACCGTCTATCGCCAAGACGTATTACGAAGTCTAAGTATCCGTACTGGATGCCAAATGGTGATCGGGCTCCCATAGCCGGTAGCGCAGCACATATGAGGTTCCCGACACACCTACGCGGAGATGAAAGTGCAGACATAGAGCGGGTAACGGGCAACTTGTTCTAAGTCACGGTGAACCGGTCTGTACTTGCCACAAAGGTTCAGCTGAAGTCGAGTATAGAAGCGAGCTGTCTCACGTGTCTCGTGAGCGAAGTACTGCGTCTTAGCAAGTCGTCGGCTCTACCTTGCGTACGTAGACAACTTTATTACTCCGGGGGCCTGCTTGGGCCCTGACAGTTCTGTTGAGATGGAGCCAATTTTTTCCGAATGCAGTCTGCTCGAAATGTCTAATGTACGTATGGTCCGACACTCGCAGGCCGCTTCGTAGTGAGAGGCGGTGACTGTGGATCGGCATGGGTGTCAGAACTAAGATTGAAATCGATTAGTATCCTACTCGTAGTGGGCTTTATCTGCACTGCTGGATGAGTGCAAATGGTCCCTCTTCCCTGTGTGTCTTCTAGACCAGACGGATGCATGGCGTCAACGTCGACTTAGTCCAAAGAACGTATCTGCGCTATAGCATACGACCTCCGGGCGTGTTGCTACCAGAGGCTTCCCTATACACCAACGCAAAATGCGTAGACCGCGCGTTGTCGAGGGCGTTTGCTGAAGTAGTTACGTATACCGTGCAGATCGTTTTTTTAGGTGTATATGCACATGGCTTAGCCACCTGTTTATGGCCTCCAGCTGCTCGCCGGTCCTACATGGAAATCGCGATTTTAGCTGCACTGCTGTGGCGCACGCGGCGGGCTTGGTGTTTAGTCCTTTGCGACAGCGACTTGTTCGACGAGTTGCGACTACCTCAAAGAAACAAAATATCTAATTCGTTAGTGGGTATGTCCATGGTTAATTGAGGTAGGCACCCCTCTCTTATCGTACAAACTAGCCTGATGTGCCGATTGGTGGTGGCATATGCCTCGTTTGGTGTTTTCAGGTGTCCCCCACGTCTCGAGATCCAAGCATTCCATTAGTAAAGGCGTGAGGACGCTGTATATAACAAAGCGGAATCCCACTTGTGCTCGTCGCGATCTGCACTGTTCGCGACCTTATAAGATTTATTCTTCAGACGTCTGCAGTAGAGGGTTTTCACTTACGATTATAGCGCCGTTACGAACGGGGAGAGATGTAGACATCCTTGATCGCGGAAGCAATGCGATTTTGGCGAGGTAAATATTCGCATGTCCCTCGCTAGGGTTCCAAAGCGGTGGGTACCGAATGTTGTAACTGATGAAGTGACATACATATCCCGTCGACAACATAGGCAGACGTATGACGTCATCGCATGGACAAAGTCCGTCAATGGCCCTCGTCGCGTGGGATATCGACACCGCTGGTGAAGTCAGACCAGTCTGGACGCATGACCTTCTCTGTGGCCCACAATTCGGCTTTTTGACATTTAGTTGAGACACCCGTATGAGATAGAGCGCGGTTAATGGAGGACTAAACCAGTAATGTAGCTCGATCCCAAGTCTGCTACCGCCAATATCGGTCATCAGCGTTAATCTAGGAAGACGGGAGAGGCCTATCTTCTTCATTGCTGCAAGAGCGCATGAACGTTATTTGATTGATCATCCACTTCCTGACTTTCCACTAATAAAGTAGCACATATTATCAGGCTGGGGGCCCTACACCATGATCCGCAGGGCTTAATGTTAGGACAAAGACAT,1770,50.11,Escherichia coli
SEQ_709316,TAAATGTGTCTTCGGGGAATTGCGGTTGAGCCATGTCCGAATTCGGGTCAACCCCGTAAGAGATGAACACTTTGTTCCAATGAAGGTGGACTTTGCCACGCTGCTTCTAGCGGAGTACGCGTTGGCTCTAATTGATGTCGTTGTATACCTAGCGCCCACCCGCCTTAAGTAATGGAAGAGTCATCTTAGAATTTGCTTACGGGCATACTCCCTCTCCGATTTTTAAACTGGTGACCTCCACAGCGCTAGTAATGTATAGTTTGGTAGGTGGTCTTTAAACGCAGCTCAAAATTAAGTCCAGCCGCTACAGCACTCTAATGCGCACGCAGCCTGGCTCATACGCGACTCCTGTGTGTGCCTGCCATGGGAGCCGGCTTTAGCTTCTTGCAGGTCTGGCTCATGCGCTGTAATTTCGGTTGTGTAGCTTGCTAGCAGTGCTAATTCACGCGAGGGCAACGGTCAATCTCCAACCGATGCTTCTCCTCCAATAACTTTAACTCCTTAGATAATAGTGACACAGTACCTTCACGACGCAAGACGAGGTGGCTCGGCACCGAGAGCCTCGAAATATGACGCTCCCTGGCGATATTCCTAGACGGCTGTGTGGCCCGGTCGGCTTCCCGTTATACACGATACAGTGCGGAGCATTCGTGTAAAAAACAGATGCATACCGGTGAAAATGAAGAGCAGAAGTCCATGACCGCAAACGAAGTTAATATCGTTGGAGTCACCCCCCGCGCAGAATGGCGCGTTCTTCTAGTGGGTCCGTTCGGACAACAGTATTGAGCGGCAAATCCGACCACGGTGTCTGCATCGGGATAGGGATCGGACCGT,834,51.32,Arabidopsis thaliana
SEQ_269643,TTATGATGAATATGTCAGCCGCGTGCCGTGTAATGCTACCGATTGAACCATCCGTGAGTATAGTGTGTCCACGGGACCAACTTAGCACATTAGATACGGCAGGGCTGAGTGTTGGCGTAGGGATTGTTGCACGTGGAAGGGTAGCATACAATCGGCTCGGAGGAATAAACCCTCTGCGCCTAGTTTAGCTAGGGAAGTCGAGTGGAAACACCAGACTGACAACGGCATAGGGCGAAGTTCACGAAAGGACCGCAGTTGCTAGTTCATTCTACGGCTCACTGCCCTATTTCTTGAAGTATGTGGTCGTACTAAATTCGATGCGGATACAAAAGTCTTCTAAGAGTTCCGCCTAGGCCCGATCAACCTCACCGCAGGTTTGCGGCCGGAAGTCTTTTATAAGGGCCCCACCGATGTAACATGAAGGGGCATCACGAAGGGAAAGATGCCGAATTAACGTCCGGCTGCCACTGGCCCACGACTCCGCAAGAAGCGCAATATGCCGTTGACGGCTTGCGATACTGTGTTGTCTCTTGGCAAGTAATGAGTATCAGATTTTACTCTGGCACATCTAGATCGCCATCGGGCGTCGCTACACCCCGTTAGAAGTAGGAGGACAATCATTTGTTTTGCTCATAGCGCCAGGTGCTCCAAAGTGTGTACCAAGTCGGACCTCCAAAGTGATCGGCGTAGAGCGCTACTCCGTCTAGGGTCATAAAAGATACCACGGCATGTCAGTAAAAAAGGTCATTGGAGAGCAGATACCCAAGTCTGGGCTTTGGTAGCCCGATCGTGACCTGTCACTCCTTACCGTGGCGTGGGCTTAAAATATCCAGTCGTGAGATTTATTGCGGAAATAGTCTTTTTCACACTTGAGGCGGACTATCAGACATGGGAGGACCAAGTCATATAGAAATCGTGAACAACTACTTTCTCCGCATATACTCTTCATGGCGTGATTAAGTTTCCGTTGATTTTGAATATGATCTACGTTATTTGCGAATCGCAATTGGAATCCCTACTCCACCCTATCCCAGATCACGGCCACACTCATGCGCTACAGAAGAATACGCGCAGTAATCCATCCATGACAAGTACTTGGCGGACAACACCAAACGGTTGCGTCTACTCCATGCAGATATCGTGTCACGATGACAATTAATAGAAATAGCGGGGAGTAAACGCTAAAGGATCCTTTCACTATTCTGAACAACGTTACCCCTGACCCAACCAGGACCAAGCCGGCAATCCCGAACTACGCTTGCGTATTTGGGGCGCTATGACTTGAATCTGCATAACACCCTATGATACGGACACTCCGATGAACTAGCTCCATGCGTTCTCGGTGAAATGCTGCCTGGGTATTCGTTATCATTGACGCTTAATGTAGAAATCCTCCCAACAGTGACCCTTTGCTACCGCGGTCTGTTGTGCCGGCCAGTCGTACGGATTCAATGAAGACGAAAAAAACTACCCCCCCCAAGGCTACTCCCAAATGCCGTAACGGAAAAGCTTCCACTCACTAGGGG,1526,49.28,Drosophila melanogaster
SEQ_635479,TATCTGGCCAATGCCCAGCCCAGCTATTTATACTCTAGCAGCAGTGTATAAGAGAGCTTATTTGTAGACAGCCAAAGTGGGTAACAAAGGGTGACTCTTAACTTAGAGACTGAATTCCGGAGAAGTTAGTGGTCGTCTAATGACCCATGAACCGATCCAACATGAATCTCCTTATTTAATACCCCTCCCTTTCGATTGTATTCACTTGGGTTACGTCTCAGATGTTGACTTGTGGCTGATGGAGCTTGTTTTCTCCTGCGGAGTTATGTTCTGGCCCGGCACGGCCTAATCCGTGCCTTACTTATCGGGGTCAAGGCTATATGTATAACGCGGTCTTCACGGCTCCATACAACTATAGTTGGTCGCCTCACTGTAATCTGCCGCGTCCGTATATTGCGGAGCTAGCCATGCATTCAATTCCTGGTCGAGATGGTCGCTGCAGAATAGGAGTTCGGATTTCCATTTTACATGCAATAGTATCACCTACTCTACTGCTCTGGTGCAGATTGGGAAGTTATTCATGGAACATTGCCGCTTCGAAATAAGGCAATGCCGAACGGGGGGTGCCTAGATTATCTCCTGTCAGGATTGATCTAACAACGTCTCAACCCTTGGCATCGCGCGCAGGGCCAAAGATGCACGACTCAATAGCGTCCCAAAGAAGTCCATAATCTATCCTAGTCCTCCGGCCATGGATTGGACGCAACGGTTAGCCGCAAGGGGTGGCCTCTCTAAGCCTCTAGTGAAATCTCGATCTATTATGACCGCCAAAGCGCACAAGGTCAGAGGTGTGTGAGACCACCTCTCCTGGACATTCCTGTTGGTATTATCCCTCTTAGCTACTCCAGCCAGAGACTCTGCTACAGTTCCCGGAGACAGTGATTCGCTTATACACCATATCTAGCAAAGTTGACCCTACGCTTCTTGGTGGATGACACTCTGACTTTTATATTAAGAATCCGATATGATGGCGTCCCTCCATTTGAACGCGCACTAAGGCCATCGCCAATGCACTTTGTGGGACGCCCATCCTGTGGTGGCCTCTGTCGTGATTATTCTGTTTATCAACGGTTCTTCTTAGTTTTGTTGCGTGCTCGAGCATTTATCTATGTTACAACTTACTCTTCCATGTACCATGACCGCGATGACCTGCTCGTGGGTAACGCGTGGAACGACATAGCAAATCGAATCCTCTTGCGGCAAATGATGATAATAGAATCTGATCATGAGTGTTCCTCACGAGTCGTGAAATACGCTAATTCGGGCGGGACTTACTCTTCTTG,1283,47.93,Arabidopsis thaliana
SEQ_671135,GCAGTCTAGGGACTAGCCCAATATGACTTCCAAAGTCTTGCATACGGATTGGATATTCACCTGAAGTGAGCAAAGTACTCCAGTGCTATACATTGAAATACACATGGCAATGACGACGCAGCTTAATAGAGACGACCCAGAGTACGGTTGACAAACGACCGCGTCCAATATGACACTCAGTTATTGTCAATCAGCAAAACGAAGGTACTTCTAGGGTAATCCCCCGAATTCGATGGAGAGATGCCTCCGCATTAGGCCACGCCCCATCCGAAAGCATACGCTGTCTGGTGCAAGGGGGCCTTTGTTCGCTTGAGATGCTGTCAAGCCCTTACCTCACACGATAATTGAGGCACGATAGTGGTGGAAACGTGGTTAGTCGTCGTGTTATGGCCGATTATGGTTTAAAGAAGAGAAATTCTCCGGATTATTCATCTGACAATAACACATCGTGTAGATATTTTCTTGCTGAGGTACCATCTAATAGACTCAGTGAGACAGACCTTGGTAGCTTGCCGATGGGCATTGGGCTACGCTAGAATAGAGTCTCATAGGCGATCCCTGGCAGGTCGTATAGTGTACCTTGCGCTTCTCTTGCTTGGAAGGCGGAGGATCTGTCTCACTATATGAAGTACGCCTCCCTTGTTACAGGAAGCATGTAATGCGCGGAACTATTACCTCTCGTTTTACACTTAAACGGGTTTCGATA,706,47.03,Arabidopsis thaliana
SEQ_436117,CTTGTGAGTCGGAGAGCACGTGAGATTGGGAGTCAACGATCTGGTTGCTCGTAGGAAGCCTAGAGAGCTTGTGATATCTAGGTCCTATAAGCTTAGGCGGATGTTTGGTCTTCTATCGCCCCTAAATTCAGACTGTACATAATCGCCTGTTGCGGCCTCGACCTTGACACTTGGTAGTACAAATCAATAATTCGCTAATTTAAATATACATACGACGAATCAAGTGCTTGCGAGCGTTATAGTGCAGGGTTACTGCAAGCGCATGAGGTACCACGCGTTTTTCTTCTTAGTAGTTTTTGAGGTTCGGATAACTGGAAGTTTGTACGTTGTACTCTCGTGTTCGACTGAAAGGCTAGTGGCCTCGTACAGGGCGGTGCCGGAGAGAACTGCTATCAGTACCGCAACATCGGTTCTGGCTGTTGTCTTTAGGCGGACAGCTATATAGGTTCGACCACACCACGCACTGCGGCGGGGGTACGTAGGGGTCTCGAGTTCCTTTCGCTGGCTCGTGATGCCTTGCCCTAGCTAGGGAGTTCGAGCAACACAGCCCCCAGTCAAGAGTTTCTAGGCGTTATGACTAAGATGATACTGAGTAGTCGCCGATTAGTTGATGTCCAATCTTTAGGAATTCAAGGTTCTAAGAGATCGTAGGACAGCCTCCGCTGGTTGTCGTAGTCATCGATTAGTCGCTGCGACGTGGCATATCCGGGCTCTGAGGGACGTTGAACGTGCAGTCATTGAGCGGGAACCAGCAATAAGTGCTCTTTAGTTTACTTGGGCATCGGAAACGATTTCACCTTCAGATTAATAGGAGCCACCACGAACGAATACAGGGCGGGCCCATTGACCCGGTGGCACTGTCGGGTAAATTATAAACTCTTGGGCCAGTGCTCTCATACTGACGCTATTACACCATGTGAATAGAGGCGGCGGTAACGAGTTTAGATTCGTTAATCCTATCCAAAGGCAGACGATCTAGCGTTAGTTTTTAGATAATAGCTGGGTTTCCGTATCGTGGCACGGTTCTGTAAGGCGTTTTTGATTTTTACTCTTACGAGATCCACATACCGGGCTACTCTGAGGCATTTCAATAAGCGCGT,1100,48.73,Arabidopsis thaliana
SEQ_475684,GCCAGTGTGGATTCAACACAGGCGTGGCGAGTCAACTATTCTGTCCGGAGAGACACGTTAATAAAGTTACAATCAGCCATTGTCACCTTTGTCGCCAATGGTCCATCAGGGTGAGGAGGCGTCAGGTCTCATTACACTCAGCGAAATCGTGGTGGCGAGCGGGTTGCGCTATACCATACTTTCGGGTAATGAGCTCGTTTCGAAGACAAGTCAAGGCCCAGGGAACAACCTTCTTTCAGTAGTAGGCACGCTGATCATACTTTCATTATCTTTATACCATTGCTATTTCCCGGGATAGCATCCTAATCGAGTTTTATCACCCCTGTTCTCACGGCGCGAACCCACCAAGGAGGCACGCGTCGGTGTTAAGCATAGAAACGATATAGCCGTTATCCTTATGTTACTAGGATTACAATTGTTAGGTGGACGCCTTTTTCAGAAGGCCCGAGGAGGCCTGGTCAGTAATGGGCACAAGCCAAGAGCCGCTGATCGCTCTGATAGTTTCACTATGAGCACGGATCTCGAGAGATTGAGAGGACGGCATA,545,49.36,Arabidopsis thaliana
SEQ_173257,TGGTCGTGGTCGCACCTAAAACAGTGCACGAATGGAAAGTCATTGCATTCGAAGTACCTCACTTTCGTTGCTAAAGAGTGATTGCTTTCAATCGTGTAGACGAACGGGATAGGTGTCAGGTTGTCCGGTAGGGTAAACCCCGTCTGTACAGACAATCATGTTTCGACTTGGTGAGGGCCGCTTACGGTTGCAGCCATTCAGCGAATACTCCTTATCAAGAGTATTCCTGATACGCGGGAGTCGTTAATTAGACCGGCTATTAGGGCGAGGCAAGCTTACGTTTGGCGAAACACAGCACACATGTATGCGAGTACAACATTTAATGAAAAATTGCCTGCTAAAATCCTTAAAAAAGTTGTACAACACGAGTCGAGAAAAATGGGTAGGCTATCATTGTTAGGTGCACACACGCCGTAGATTTTTGCGAGGAAAAGAGCTTAGATGGCGTGGTAATCCCCGATATGGGCATGCCCTTGTGCCTGAATTATCCCACTATTAACTGGTAACGCTACCTGTAAACACGCAATCGTTGGTACTTGTCATAACCGAGGGCCTGACAAACATCGTAACTTTACCCACGTCCTGCGGCAATGCCAATCTTGAGCGATGCACAAGATTATTATGGAATCCGTACGGCGCAGACAACGCTTCCAGAACAGACCTGTTGGAGGATGGCTCGAACTGAGATCTCTGCCTAACGGGAATCTGAAATCTAGCCTAAATAAGACACGTCATACTCTCTCAGTATCCACAGAATAATGTTGCGTCCAGCCACGCGTCTGCGTCACACCCCAACACATGCTATGCTATCCTATTTAAGAGGTATGGGCTACTCGGCGTGTTGCCGCGAAGAATGGTTTAATAAACTACCCACAAGTGTCAAGACAGTGGAACCAACATCAGTTTAACGGAATGTACTAATAGCTCCCTTCGAGAGAGTCGCTGTCAATACATCGAACAAAAGCCAATCCGTTCAAATAACCTATTGATAACATGGGGCCGCAGAAGAATGTCATTAATTTCAAACTTTGGTCGGCGGCGGGCATGGGAACTGATAATGTCTAATAGATCGTTACAGATTCGGTTTTTCCCTTAAGCAGGCACGCGCGAAGCGCGATCACAGATGTGTGGGTGCTTATACTCCAGGCAGCAAAGCTTTTTGACTAATTAGGGTTTCGCCGGAAAGCACGAACACAACCGCTTTGGATGGAGACGTGAGGTGCCCGGGCCTGGTCCGGGCATAGGAAAGGAAGGCTAATTCGCATCACGTCGTCGGCACTTTATTTCAGGAAACAACATGTGTACCACGGTGGTAGAGGCGGCAAGTTGATCAGTTCGTGCCGGGATAGGGATACCTATTACGCACGTTCATAAAGGGGAGTTACCGTGCAATGGAGGTGGATTTGATGATAGGTGACACCACGCATACAATAAAGCAGATATCGTATGCACCTTCAGGAACTTTCGTTGAGTCTCAGCTCGAAATACATAGATTGCTAAACGATGGCCACGAGCCGTGGTCAAGGAGGCATCCCGGTGGGGTTGGGGAATCGTCTCGGGCGCGTAGGAGATCGGCATGACTTATAGCTCAGTCTT,1596,47.93,Homo sapiens
SEQ_515010,ACTCTTGAGTCGAAATAGTGGCCTCACAATAGTATTCTTTATCCGAATCGCGCGTGGCCTAACCTTCTTCCATAGATAGTAGTGGACCGCGGAAGATCGGGTCGCCACCACTTCCTGCCAATTCTGAAATGAACATTGCTTATTCTCAGGCAACACTGCCGGCCAACGGTGTGATACTAAACGGTTCACGTGAGCCCTCCTTCCTTGAACGCCCCGGAGGACGAAACTTAGGTGATGGCCATGCACCTTACTGGCGACATACTGAAAAATTTACCAGTTTTCGGGACTGATACCGGCAACGTGCTTAGTGCATTCTGTCAGTGCGCCTTATATGTCCAGCCAGAGCGAGCGATAATTGAGCAGCCCTTGTAGGAGTTCTCCAAGTCATAAACGATAACCGTACGTATCTTTCGATTTAAAGCGCCAATATTGGGATATCAATTACTAGGGTGGGGCGAGCGCTCTACCTGGAGATGCGCCCCATGGTGGAAGAAAAAAAAACCCACCGTGAATACCACGATATCTACGTGTCGCCCCGTCAAGCAGCTCTCTTCTCCACCTGATGATAAAGCCGAAGCTGTCCTTGCGGTACGATACTTGCGCCCCATAAATAGATGTCCTCTCTTTCCTGCATACATTTCGGACGTGAGGACCGGCCAGGTCGTGGGCAACCACTCTGTTAATCTGGCGCTCATAGGAATTCAGTGAGTTCCTGTCGAAGCGAATTCTAACTCTTACCTGCGCATCTGCTCAAGATTTGGCGGCACTTGAGTCATAAGTTTCCGCGAAATACACAAGTGGGGTAAGGGGGGGTGTAAAGTTGGTCTTGAACAACTTCCTACCCACTACAATGATTGACCGATCTAAAAGTAGCAATCGCTACTGTTAATCAGCATTGCTTGTAACCTGTCATGCGCAAATTTTGTATTCTTGCAAGAATAGCGTTACTGTCAGACCAACGTGTTTCGGGAGGAGAGTCCTTAATGCAGAACCGACGCAAGATAGTTAATGGGTTGAAAGAGATGTTTGAACCATTCCGCACGTAAAATCTACCCTGCGAAAACCAGCCGTCCCGATGAATTAGGGAGGGCGGGACCAAACTTCGTTAGTAACAGCATTGTTGACTCAGGATGGAGGAACAGCTCATTTTTCGATTGCACGGCTGTAAGCTGATCTGGCCCTCGGGCCTGTGTTCGCTCCAAGTATGACAGATTCTCGGGGGCGACTACCCCCTAGTACATCAGCTTGCTGTCAATTGAACCGTACCACGGTGTGGAACTTCGTGAATTACCATCCCGTTTCTCGTACCTGCGAGGAGTTACGTCTGGATATATACGATAGGTCTCATTGGACTCCGTGACTCAGCCCTAGACAACGGCAGTGGCCTATAGAGGCGAACTTAATGCTGGTGTTAATAATTTTATACCCGAACCGGCGATAGTTACGGATAGCCTTCTGGAGTTGCGTCCGAAGCTCCCCCTTGAGGAATATGTAGCTCATTGACGCGGTACCGTAACGAATTAACCGAGCAGCCCTTCCCAACTGTATACCACACCGCTCAGGCTATTTCAGATCTCGGGTAAAGAGCGGGAGCCAGGACTTCGTCCACGGGGCACGAGGACGCACTGCGACCTCGACACCTAGATCGAGATGGCATTGCAGGATGTAGCATGTGACGCAATGCTGGCACCCGAAAGTCGTTTTTCATGCTATTTGACAAACGATCCTTTGAACTATATGCCTATGCAGGTCCTGCGCGGAAGCAAACGTCACTTCGTGAGGTCACGGTGTCTAGGGCCGCGGCACGTCCGGTTATGCT,1819,49.97,Mus musculus
SEQ_927106,TCAACAGTTCCTTGAAACCGGGCGATCTGTGCAGCGGCGGATGGCCCCGGGAGAAATTATCTCATGTCCTTACGTCCACATAAGATCTGGAAAGGTCAATCATAACTCAACAGTATTCCTGTTGAGGTTATGCGTGGACAGCGGTATGGTGATTCTTGGTCTCGACGCCAGGGGCATCATACTTCGTTACCCACTTGATAGCTGCTATCTTTGAAGTAGATAGGGTTAGCTAGAGAACTTGGAAAATCACTTGCGCCGCCGAACGGCCGTACCACGGTACATCTCGGACCGAAAGGGCCTACACGAAACAGTCGCAACGTAGGCACACGGGCAAATGTTTGTTCCCACAATACGTATGTATAACTAAGATGATATGTAAAATGGCACCTATCACCCGCAAATTGGCCCACGGAGGCGCCAGCCTTAGGGGGGATTTGTGCCCGAGACTCAAACGTGGTCGAGCTTCGATCCTAAGCTGCATTCATTGTCCTTCAAGACTAACTCTACTCCGGGAAAGGCGGGGCTATCAACAAGCCAGAAACACCCTAGATCGACAGTCTACATCCCGCACACCCTCTGTTTCGCCGCCCAATAATAAAACAGACCTGGCCGTCCGCAGAATACAAAGAAAGCCCTTACTGCGCTGGGGGCCCTTTCGAAATCTAATATGC,671,50.67,Arabidopsis thaliana
SEQ_485522,GATTGAAAGTGCACCAAAGTTGACTCGCTGAGACGAGCTTATACGCATGAATCAACAGCCAAAGCATCCCGGTCGTTTTAATAGTGACATAAGAGATATTACTGGCATCGGCTTGCACGTAGCAGACTTTCGTACTGGCCATGCTGCACGGATTCCGCAAGGCTAATTCCTCTAACGCGAGTAACATCTCCTCACCTGACTGTCTTATCCGAGGTAACACCTCAAGAAGATGACACCCGGGGCCAACACGTATGAGGCATCGGAGAATGATAGGCGAATTGACGCCAGAGAAAGGGCATGGAGGTAGCGGGAGTCAAGCAGTGGACCTAGAGATTTACACAAAACTCCTCGCACGCTGAACAGCTGAGTGATTCTCACGGGATGCGACACACGCCGGGGGCAAAGCATCACAATTTTCTTTTTCCCCACGTCTCAGTGTCCGTGAGAGCTCTGCACGCCGCGGTTTCATCATCACTAGTCACCGTACACGCCACCGTAGGGCTTTTTGATATTGGACAAACGGGGACTGCAGCTTAATATCTATAAGGAGTCTCTCATTCGAATTTCCACTGTTCGCAGGGCGATCTGGTCCATATTCGTGGAATACGTACCCAGGAGTCAAACTGACGTTTTTGTGTAAACGCGCCTTAGTGCCTAAGTCAAGAATTAATTGAAATTCACACAGACTAAAATTGGTAAGTGGACGTTCATGAGCAAAGTCGCATGTTTGGTACAATCCCACATTCCGACAGTAGTAGCGACGATCAGCTAGGCCTCAGCCACAACGCGAGATCTTCTAGTGAAGAATGCGGCACCGCTCGCTGGACACCAGTGGCGACGAAGAGCTCTAATAAATATACCCCATATGTAAAATGAACGATCAAACGCAAATAAGTGTGAGAACACACTCTATAACGTGACCAACCCAGGGGACTATTATGTAAATTAGTCGGGCGGCATGCAGGTCGCGCCACGCTCCACTCAAGATTGGTCGACAACCTCCCCGAAGATGGGTCTGCCTCGAGAAGAGGCCAGCTAGGCACACAGTAGGGTCCGAAGCCGTGCCTGTTGCTACAAACGGACTAGGGAACAAAGAACAAGATCAGAGACGTACAGGCAACTCGCATGCCGGCTGAGTCTCCAACTGCGAATAACCGGCGGACGATGCACCGATTTAATCAAGCGTCAGACAAAACCAGCGTTCTTTGCTAAGGTGTCGGTGTGTGGATATATCATGCGATGTACCTCACTTGAGGGATTGTCGGACGCACGCTGGACAGCGACAGTAGTACAATGTTAATTTCGGACGTCCGCGAATACTACTCCTTTGATGTCAACGTCGAAGTTGTAGAATATGGACTGTCTTAGCTCGTGCAAAGAATATGACAGGGGCTTCCAGAACTCCGCCGGAACTGGTTGTACCAAGGTACA,1431,49.69,Homo sapiens
SEQ_444063,GGTGCCAACTCACATGTTACTTGGGTCGCGGCTTTCCGGATCCTGTTGCTACGTCGGGCGTTACGTATACACATCGTACAAAGAACAAGCAACAAAGTGGCACCACACAAACGTTAAGGATTGCAATAATCCTGTTGGAACTAACTGTCGTGGGAAATTGAAGAGGTTGCGCGCTCCTAAACCAAAAATCCTAGTGGTCTAGCGTTACCTGTTAAGCTGCACGCCCTATATCGACTCGTCTCGAGCTACCTACGTTATATCGTGAGGTATACCTAGGCAGAAGGCTCCCGTTGGGGGTATTCTTAACTGGATGCCCCCTGACCCACAATGCGCCGTAAATTTTCACAAATTACTGGAAAATGGAATGAGCCAGATCCAGTGTAGTTGGTAGAGCTCATCGAACAGTTACGAAAAAGATACCGTATCTGCTACTCTTGGCACGTGTGTGCTAGGTAGAGATCAGGTTGTAACCGCTAGCGCGAAAAAGTTGATTTGAATATAGGGATACATCGCCAGCCGCTCTTGCCAGTGAGCTGCGATACTGGATTTTAAGCGGAAAATTTTCATTAGACATGGGATTATAGTCGCGAAGGAGACAATTGCTAAGAGCTAGAGGTAGCCGAGGCAACGCTAGCAGTAATCCAAGAGCGAGGCAATCTACCCAGGATTGAATCTTTGGCCTTAGAAAGAGCGAATCCGTCAATGTTCACTTTACTAAAGTTGCCTCGCCGAAATGGCTAAACGTCACTTGGAACGGTACACTGTTTAGGGATAGAAGAAACATAGATGGGACTTCAATAGCAGAATTGAAGCTGGCCGTCATGGAAAGGCGCAGGGAGGTGCACCCTTGGGGGGAACAATAAACGTTTAGCCCAGTGGATATTTGTTACTTGAACATATATCAAGGGACACCCTACACGGTGTAGAGCCCGCGTGACCGTCAGAGGGGTTGAACCTCTTACATTCCGGCCTGCCTCTGTAAACGAGCTGATGATGTCCTCGCCCCTGGCGATC,1014,48.13,Arabidopsis thaliana
SEQ_502260,AAGCGCACTCTACCCTAAACACGTTGGAAGCGTTACTATGGTCCATTAGCATGCTACGTCTCAGCCGGCGAGTGACAGTGGCACATGGTTGTGTTCATAGAGACAAATGTGTACATTACAACATTAATCCAGAGAATGAGGCGCTAGAGTGGTGGGGTGGCTCCTATGTATTTCTCAAGATTACCGTGGGGAAAAACACAAGCCGTGTGCCTTCGGTCCTCGTCACAAGCTTGTCGGGGGGCGGCGAAAATTATCGGTTCGCACGGCAAATACTACAAGGCGATTGAGACGTCGAGAACAGGGACCCGGAGCGTATACCCCCCAGGAAGCATAATCGTTTAACATGATTCGCCTAGTGGCGGACTTACGCTGCTGTGATCATTCCTGAGAGCTACTCTCCTTTCAAAGTCGCACCTGTCAGGCGTCAGCAGTCGA,435,51.26,Homo sapiens
SEQ_309915,GGGGTACGCCGTCTTTCAGATAAACCCATAACGAGAGCCGGCTTCGCCTTCGCCCATTCCCGTATATGTAAGAGGCCACAGCTAACCTGCGCCGGAAATGGACAGGCGTGACCGTGAGAGATGGCTACCATCAACTGTCGGTACAGCCTTATGATATCGCTATTCCTGGACCTGGGCCGCAAAGCGTAAAGAGATGAACAGTGAGTTAGGCACACGTCTAGTGCCGTTCAGAGCCTATGAGCTTAGGTCGGCCGGGTCTTGATATCAGTCAACTATTTGTCGGACAGTGCAAATCATTTAGCGTAGACTTGTCCTCCTAGGAAGGTCCAACGTGCTAAACGTATCCTTGGACATAAGACGATTTGACGGCGCGCTAGCAGCAACGAGGGCGCTGTCTCAATATTAAGAATTTCGTATCTACGACAAGTTGGTTACGGCAGAGCACCCAGGACCACTAGCGGCCTGGCTAGCGGGATTTACCAAACATAAACTTCAAAATCCACGGGGTAAGGTCATCCTTAGCAGACCCGTAAGGGGGGCAGCGAACGTCAGTGGGCTCGCAGTCGTTCCCAAGCTTATCGGCTGGCTGCCCTTTGAACGCGTCTATTGGGCCTACTGACCTCCAGGGAGGGAGGAGACGCAGACAACGCAAGGATTTAGGAACGAGGATGACAGACATGGTGACGTGGCTCGATAAGTTTGGTACGGTGACGGGTCAAACCAACGTGACTCACAGTACGGAGCCGGCCAACAAGTGGAGTAAGAGGAAGTCGTCCTTAAAAGAACACCGGTGGCGCCGCTCATCATGTGTGATGAGATGTCCAGTCGGCCCCTGGCGTTTAAAGCTACTTACAATCGTCCTACGGGGGAGTTCCTGGAAACTTACAATGCACGACCAGACGTAGATGAGCTATTTCCAAGAGTATTTCTTCGATTATGGTCTGGCGTGCACGCAGAGCATACA,964,52.49,Arabidopsis thaliana
SEQ_400285,CTTTGGCTGTTGGTCTAAAGAAGTTGCATCCCCTAGCCGAAATGTCAGCTGCTACCCTCACTTACGCCCAGTAATGCTGCAAGAGTAAAACTGCGTTTTAATCAGAAGCCTCGGTCACAAACTCGTCGCGTGATACTCTGCACGCACTGACCCGATGTTAAGGGCATATAAATGCACCGACAAGGGTCATTAAAGGGACGGATAGAATTTCTCTATACCAAGGATGTTACTCGCAGCGGTAGACAGAACGGTATGGCCAGACTAGGGGTCGCACGCGCATCAGGGGGGCAGATGCCTCCGGTTCCTGCCGCCTTACACGTATAAAATATTAGCCACGTCTAGCATCTGAACGGAAGCCCTCTCGTTGTTTACTACGCGGATGATGCATGGCGGTTCTAACAATGGCGTCCAGGACCATCCAGAGGTATGAAATCTTTCCAGAGTAGAGCGCATACGCTCTTGTACGGGTACTGTAATATTTGAGATAGGCTAAGCCGTTAACTCCACGACGTATGGCTTTATTCTAGGTCGGAAGCAGAACTTATGAGTATCAGCATCATAGAGCGTGACCCTAAACCTCGATGGTGTTCACCCCCGGTTGTCGCAACCAGTATAAAGTGATGGGGTATCAGATGATTTATACAAATTTTAAATCATCTTGCAGATTACCGAAGGGGAGGACTATATTAGGGTTCTTCGAATTAACCTCATATAGCCTAGGTGGCAAATGGCTGAATATATATCCTGGAGGTTTTGAATAATGCTTTGGACACGTTTTTGGCGTTCTCTGGTGTTAGCACTGAACGTGGGCTTCTTGCATAACGCTCATCCCCCACTTATTAGTACTTCTAGGTTATCTCCTGATCGGCCTGGGGATTGGGCCAAAATCAGATACGTTGCCGGTTTTCCACTGTTTGGTAGTGTAAACGTTTTCTGACCTTTTGAATCCCCTCGCCAACGTCAAAGTTCTCAGCTAGTTCGCCTTGTATCACCTTATGTGTCCGGTTCAAGACTAGTGCTTGCTTCACACACATCATAGCTCTGAACTTCGCTCGAATAGAGTACTATCGGAATGGTCGGTTGGTCAACCTCGTCCCCCGGACATAGATTTATCTCATCTTCACCATAGCCACAAGACTGAAATGGTGTCCAACTCGATACGAATACTCCAAAGCGCCCAGAATCAACCGGGACAGTTCTACTCACATAGGCACGAATGAAATAAGCCAAGGGACATGATGTGGAGAGATCCCCACTCTACCCCTGAACTCCCTTCGTCTTACCCAGAGCACAAGTCTCAGGCTGCGTGTGCCCCGGATTTTTTACTAGAGCCTAAGTCAAGTCGACCGCGAGGCCATGGCACCCTCTCTTTCAAGATGTCGGTGAAGTACACGCATTAATTGGGCCATACTCTACTGACAGATCCAGTGTTACAGGCTAGAGAGTGATCGCTTTGGTAAGGCGGATGTTCGTGA,1475,47.93,Homo sapiens
SEQ_445268,CTCGGCAGACAAACGGAAAGTAGGTCAGCCCGACCGCTTCCGACTCACTCTTTTCGTTCAGAATTGGCTTGAAGTTGGTGGACACACCTGGCTATAGCGTTTTTTACGGAAAAAGGTGGAGTTCGGTGCAATAGCACGCCAATACTGCCCCGAGACGGGTGGCCGCAAACTCAGGATAGGCGAGAATGTCTGGATTTCAGATCACATAATGCACGCTCGAAAGCAAACATGGGGGTCAATGTTGAAACCTGCATGACAGCGTGAATCCGTGACCACTGGTAAGCTAGGGTCTCCGACAAACATCAATACAAGAGACGCTGCTAGCTTAAGTAACGCAGTAGGGCCCCGGTAAGCGGTCCACTCGTAGGGGATCCAGCATAGTGGGGACGCCTGTGCTCCTTTCGAGCACATCTAGGGAAGGTGACGAAGAATGGGTTGGCAAAACACTATTGGGTTATGCTAAACCGAGCAAGATAGGTATGAAATGTGCAGATTAAGGCTCGCCGTCGTGGGAGTGGATGCGCCACCAGTATGACAGGCAACGCGCAATCCAATCATCCCGGTCAGGCGCGAATGCAAAAGACTTGGTGCCCCGCAGCT,600,52.67,Drosophila melanogaster
SEQ_150321,GCCTGACCCATGTGTCTGTGATTGAGGTTCAGGAGCGCTGTCTATCCCGCGCACAGTAATCGAATAAGGGATCGCAGCTAATCGTGGAGTACCTTACCACCGCACAAATTCTCATTTTGTCGATTCCATTGCGGTTTACGTCCTGAATCGAGATGATCTCTAACAGAGTTGCTAATTCCACTACACCGACTAGATAGATCCCGTCTGACGTGAGGCCACACTAACGGCTTGTGAGTCTAGCTGCCTCGATGTAATAGAAATACGATCGCTATCCGCAGGCAAGTAGCAGGTGTTATGTACAGACACAAATCGCTATTCTGTAAACCACTAAGGATGACGTTTTCTAGGTTAGATGGGTAAAGGAAACCCTTTCGTACGTATGGCAGAACATTTGTCCCCAGCCGCTAGGCACGATATCGCATAAACGACAAAGTGGTTTGCTTCGCGGGCAGATACGCTGCAAATGCAATCACGATGCGCCGCCGTGTCTTGACGCGCTCTTAATCTCCCGCGTTGTTCCAATAGGTACAGGCTTTATTTTAGTGTCTAAACAGTCAAATTATCTCAAGTGGTAGATATCTCGTACCTAGAATTCGCACGCTCAATCAGTAGATTAGGACAAGTAGTATGCAGAAAATTACATCATTTAAGTTACGGGGA,660,46.21,Arabidopsis thaliana
SEQ_412107,AGTCAGAGTTGTGTCTAACTTCCCCCCACCATTTTGCGTCTGGATACTTGGAAGACGTGTCAAGATGGCATGATAGCAGTAAAGTCAACAACCAACACCCTCATACATCCGCCACTCGCGTTATATAGTCTCCAGGCGTTCTCAAAACAGCGCCAGGAATCAGCGTCTTGCGGCGGCTTTCCCAATAAGCGAGATGGCGATTCCTCACGCTTAACAAACGCATTCAAGATGAATGTGAGCTACTCCGAGCAAAACTTTTTCCCCGTTGTCTTCACTGTCAATGCAACTGGTACGGAAACGGTTGAGAGGGTAGGGACGCGTCTGAGATTACCTTACAGATAGAACCGATGGGAGACTAGGACCGTAATGATGTTTCTTCAGAGGTTTCAATCCCCTCCTTGAATTATATCATCGACACGGTTCTATAATTTGGAGTACACTTCCTAGACCGAAAAAACATATTTGGCCATCTGG,474,46.84,Homo sapiens
SEQ_447713,GAGTTAATGCTACAAGTTCCAGTCGCGTTCATCATACATCGCTACCTCTCTGGCGAGTTGGAATGTACCAATCAGCCTCTTGACATATGCTCTAGCTTTGAGGCATAGTGGAAGCTCTTCTGTTAAAGTCTGGCCCCGAGGAAGTGAGATGGGTGGGCCCTGCCGTCTAAGACTGTAATGAAATCATTCAAGGACCAGAAGATAATCATGTGCCATAGTACTTAAAGGCGGATAGTTCACTCTTATAGCTTCCATCGCGTCTAATCAGATCTCGTATTCGCCACAATCAAAGGATCTCGAGACTGTGATCAAGCTACATTCCCACGCGAGCACGGTAGGTAGTATGTCTAGGCTCAATAACTACCAGTTTTCATGTACCTTTGAGTAAGTTTTGGGATCAGTAGGATCCGGAAGCTCCATGCTGGCAGCAGGCTCGATATGAACCACCTCGACGATCTCCTTTAGGGTGCAGTGTCAGTACTTGCTACGCAAGGCCGCTGTCGGCTGTGCGACGAGAGAACCAAGATAACACCTAAAGCATGTCATACTGTACAAGTCGACTTATCGCTTTAGCCATCACGCTCCGATCTGCCCTATGTGACACCGAGAATGCGACTATACGCCTTGATTGGGATAGGTTATGAATTGTGGGAAACCAGCTCGGTCCTCTATTGAAAATCCGACGACGCTGGGCACCCACGGAGGAGACGCCTAATGTCCTGATCTCTTATCATACTGTTACTTTAGCATA,751,47.94,Caenorhabditis elegans
SEQ_705098,TAGGAAAGATCAGGCTAGGCTGGGCGTGATCGTGTCCTAGAGAGGGTTTTGCCCCACGTTCGAGACCGGGAATACACTCCAACTCCGCACGACCTCTCCCATCCTCTTAACCTGCCATGACAGCCCGGAAATAGAGCTCTGACCAATTCGACTTGCGAGCTACGATGCTTGTTGCAGTGTGAGACTTGACCGCGGAAAGTTCTCACAGTATCGATAAAACAATGGGATATCCCGTTTACATTTGAGTCAGAATGTAAGGCTTCTGATCAGACTGTGAAGCAGATTAGTTCAATTAGATCGGTTCTACTTAGTATCCTGGATCCTTGCCTGTGTCATTTGACGTCCGGTAGCTGGCATACTATAACGTCTCAGAACTGCGAACTCGCTATCATTCGCAGAGTATCGAGCCACAGCTTAGTCGGTAAAAGCAAAGACAGGCACCGGGGTGCCGGTTCCGGATTAGGACCCGGGGCGTTCCAGCTTATTTTCAGTTTAGGCAATTGCAGGGAATAATGTCACCCTCAAGGCAGAGCGCCTGTGTGGACATCAGGCGAGATCGCTTGACATCCGATCTGGCGACCATGAGCTAAGAAGGAAATAGAGGCAGAGTCAATAATTCCTCTGCAGGGCCCCAACCATCTGGGTAGCCGGATGCACTCGTCAACTTTCAGACAATAAAATGGTGATCTACGCATAATCTATGTTATCCTATTGGGCGTCATTAAGACCCTCTGTTGGGCTACCGGCAGCAAGCCCGCGCCATCCTCCGTCCGCATTCGAGCGCGTACGAGACCGCAGTAACAATCCAACGACTGTCTATCCCCAAAAGGCTGATATAGCAGTGATGATCAGGCCATCTCTTCATGGTACGAAGAGGGGACGGTACGGACACGGTAGAAGCTCGGCGCAGGACGTAGCATACTCGGGGTATGGGCTTTATAACCCCGACCCTCGCCCTTCATCGTTTTGATAAGAGAATGGGATTCATGCGATAAGTTGTTAAGACTTGTTAGAAGGTAGACGAAATGAACTCTCTCACGAGACACGGGGCACCGCTCAGAATAAGAACGTTGTCCACCTCACAAGCGTATAAACAACCATTGTCTGCGGTCTCTTAAGTTGGCCGTGCAGCTCCAATGTGGGGTTTATTTCCGAGAGTATGAATGCCCCATGGAAGGACAATCAGCATTAGCTAGTTTAGAGTCAGCCCGGGGGGAGAGCGTGTGCCCTAGATCGAAGAAGTGTCTAGAGCCTAGCTGGTGTGTGTGCACGTGTGGTGCAATGGGCTCAATGACAGCGCTGCAAGGGTGAAGTCTTCAGCGACCGTGTAGAGTCACCTACGCGACAGTCGAATGGGCCTCCCTTACGCTCCTATTACTGGCCGAGGGGGTCTACAGGGCCTCTCATTATACAAACTGTTAGACATTCTGGTCGCTCGGGGGGGAGATCGATCTTGTTAGATATAGTGCACGGTGAACCCCCATCCTTCAAGCTGCTGATCCTAGTCAAGGTTCACTACTCTGGGGGGCGATATAACTGCAACTCCTGCTCGCTTTCCTCCCTCGATAATATAATGGACAGCTATACGCTGATTCGCGTGTTAGCGCAGCGAACTATAGTAGTGGAGCCCGACGGCCGTGATCTCAGAGCACGGGTTAAGCGAGAAATGTACACATCCCCAAGAATTCATGGGGTGA,1697,51.27,Mus musculus
SEQ_439932,TTCAAGGGACAGCTGTCATCGTTCCCTTGCAGTGTATGTACGACCGTATAACCATCCCCACCATGATGCAGTGCAGACCTATAGCCAGTTAAGGCCAGGTAGTTGCACTTGGTGTTCGAAGTATGCCCGATGCCCTTATTCGATATACCCGCTCTCTATCTTGCCAAACTGTAAGTCTTTCCGCGTCCTGCCTTCTCCGTCGCGCGGCAATTTCTTCAATGAGCTGCAGAATATTATGGTTTCTGGGTTCCACCGGGAAGGTACCTCGATTCAAGAGACCTCGCATAGCGTGACAGATGGCTTGCCGAGCACTTCGGTAACTGGTTATAACAGACACGCATAATGAAAGGATCGGCATGGTTTCTATGGGAGTCACCGTGCACCTTGGACTCGCTGAGTGACGTACAGGAGGACCTTCAATAGGCTGAGAAGTACCACTCCATACAAGCTGGGCATGTAAGAACTTATCTTTTGGAGCCGAAACCTTGTTTAGAGGAATCTATTCCTGGGATGGTCACTCATCCTCATAAAGTTTTGGACCATCGCTACCCGTGCCGACGGTCGTGACTTTCCGTGTCCGGCTGGGAC,588,50.51,Arabidopsis thaliana
SEQ_371376,CGTCGCGTTATTGTTACCCGGCAGTTCTATGCAACATGACCTCCTAGGCCCGTGAAAGCTCTTTTTTTGGGACCCGCACTGAACACCTGGCAGGCCAAAGATTTTACAACGTAGTCCA,118,50.85,Drosophila melanogaster
SEQ_397775,GTATCCTTTTAGCTATGGTGCGTAGCTATACTAATGCATTAAAGATTCTCGTGCCGTACAGTAATAGTTGCGGCTTCTTACCACCCAGGGCGAGGATCAACTATCCATACGTTAGCTCAATGGGTCGCTCTATTCATGTCGGAAACCAATCCCTAGGCGATCCCAAGCTAAAGGCGCCGAAAATACTTATAAAGGCGTCGCGACAACGAACTAGCAAACCGAATAGTAATACGAAGTTCGCAATCTCTCCCATCCGAGTGGGGTTGCATCTGGCTATCGGAACACCAGTTCAGGCCTTACCTCTAAACACTACAACACGCTCGTGTAGTGGAGGAATTCTACTGGGGATATCGCGGATCCAGACGGGACTATAGTCATAAATTTACAGCTTGAGAAAAATAACTCCCCCACGCTATTCTATCCAACGGATTAGAACCCGGTTCTTTAGTTGGCTGCCGCCGGGTACCAACCCCGACCGTCTGTTGCTGTCAATGTTACCAGGGGCTAGCTCGCACCTCATGTTCACTCATAATCTAGGATTTAACATATGCGTAAACCGAGGGGGGTACGAGATGGCGCATCCGCCCACATTTTATCCACCCGTGGACGCCATAACCTCTCCTGGATTACCAATTGCAGTTAAGTTTAACCTTTCTCGTTGCTCCGGTACGTCGATCCCCGTGGATGTCACAAGGGTCCCCGTCTATTGGGTCCCACCCCAACCTACCAGCCTAATATGTCACGTGGGTATATTCCAAATGAGCACCTCAAGGAATCGCCGGGCGCTCATGGTTTAACGCCATTACCCATTCCTGGCTATTGACAAATTCCTTTTAATAACACAGCATCGAGCGCGACGGTGTGGGTCGGGTTATGCGATTCACACTTTTGGCGACATACCATGAAAACGATGGCATCTGTAGATCCCGACAACAGAAGCTTCGTTGCTCGAATGGGGTAGGGGTCAGGGGGGTAGTCCCTGACCAATCTCAAGAGGTAGTCTATGGCAACCCCTGAAGTTGTTTATTCGCCTAAGGCGGTTGGGTATGAAGGAATAGACCGGTTGTTACGAGAACGATTAGGTCTCTCTAACATAACACTGTCATGTACGCCCTATCATTCTGTCCGGTCCATGGT,1137,49.34,Homo sapiens
SEQ_696099,ACAGGTCTGGGATACGAACGATTCACTCACGCGTTGAATTCTTGTGGCAGCGGCGCTAGGCAGAAGACCTTCTTACCTCCCAGAGTTCTGCGCGTATACCCAACCCACGGCACTCAGCTCGGGGAGCAACCTGAGTATTGCTCCGGTTTCAGCTGCAAAAGTCTGAGGGCGCCGACGCACGTACTTATGTTGTCAAGAGAATCGCAGGAAACTTGATGGGGTTCCCACCGCTGCGGGGATTATCGTCTTTGACTAACGGTCAGATACAATACTTACCGGACCGGAGCCTATGTCGATATGGCGTGGCCCGGTTGGCATACTATTCCCCAGAGCTTACTTGTAGCAGGCCCTAACGCTCAGCAAGGTTGACTTGGTCGTGTGGTACTATCCCGGGCCAGATGTGATCATGAATGCCGACGTGAAAAGCCGTGGTTTAGGGACAAACTAACTGAGCCCTACTCGAGGTTGAATCACACCGAATCTTCGCAAGCAAAGTGTAGGTGGCAGGCGAGGGACTCCAAAAAAAAGCAATATCTAAAGGGTTTTGTGCGACCGCGAACTTAACTATCAGAATGCGTTCTAGTTTCAAGAACCGGTAGTCCAACTGAAAAATGGCAATACAGTACTTGATCGTATAAGAGCGCCGGCGCTTGAATTAAGCAGATTCATACGCTATTTTTACGACTGAGCACCCCCTTTCACTATTTTATCTTACTAGGGCTTCAATGTAGGTCGTCCGCGTATGTGAATAGACCTAAACAAGCGAGATACATCTTCATTTGGTACACGTGAATGGTTCTCCGAAAATCATGGCAGGGTCTAACATCCTTACCTGAAGTCACTACGCCCTATAAGAACGGCTGAATCGTTCAAGTGAACCGGCTGCTAGAGGGAAGGTGCTGGCCCCATCGAAGGCGCAGGGATCACAAAGTAGTAGACGGCTGTGGTGATCCCGACCACCTTCTGTCATCCTACTCTATTACACGACTGTATTGGACGTTACTGGCCGGATAACTGCATCACAAACCACGGATTGCGCCTACAAATATAGTCCCGCACCTTGATTGACGGCCGGGGCAGTTTTTAGAGAGCGCCTGTGTTACAGCAGGCCAAGCGGGGAATTGTATTAAATGGCAACTAATGAAAATAGTGGCTCGCTTCTCAGCAACATGTATTGGGACTAGACCAACACTGACTCATCTTCAGCAAGCACGGAACGACATCAAATACCTTACTCGCGTAGGGAGCGTCCTGGCCACATCTGATCGGCCGGGGTCTGCAATCGTGAGTATTCGGAAACTGGTAATATCGGTTAGAGCTACTGGATTGTAGGCTGAGGCTACGAGATGACCATAGAGCTCGGGAAGTTATCTTGGGATAGCGGCGATCGGAAGTTTTAGGTAGAATTTCCATAAGCTAGTCGAAGCCCAACCCGCCTAGTTGGTGGCTAATTACGCGTTACGAATACCCTTGCGCCCGTGAGAATGTCGGAATAATTACGGCTCGAAGGCTGGCGACTACCCAGACAGAGTGTACCATGTCTGGGGATCATGATATCCTAAGGCCGCCAACTAGCACGGCCGGCTACTGAGAACGCTCCGAAGATCGACACGTTCGGTGGCTTCCACTTTGTGCTACCACGATTACCACGCGCCATCCGTTGGCGACCCACGTAATAGAACGGGGTAAGTCTTAAGGAGCAATAGATTAGTTCGGGCGACGAGGCGCCGCTCTACTCCGCCTTCATTTGGAAGTCGGCCTAAACCCTTAAGTTTGCCGATCTGTGTTCGCACCGGTAGCCACTTTCAAATTGGATAGCTTCTGCCTA,1828,50.66,Arabidopsis thaliana
SEQ_182403,TTTGAGGCTAAACGAACGTCTGTATGTGCTCACCAACGAGCTCTTACCGTAGGGCATAGCAGGCGTACGTTTGTGGTTTGTATAAAGGAAGAAACGAGCTGATTGTTTCATGTAGGGCGCCGTATCGCCGGTGGAAACATGCGGACTGAAAATCGAAATACTTTGGGGAGGAGGATCAGATACAGTACACAACGGTAGCAGTCGGCATATACGTAATAGGGCATGTACGTGTCAGCTCACGCCCCCTGAGTTGGACAGTTAAATTTGAAGTATTTGCCGGTAACTACTCCGAAGATTAAGCATCAGTACGAGGTTATGGGCCACGGGCGTGAATTTTTTATCATTCTCCTACAGTCGTCTCCACAACTGAGGAATCCGTCAGAGGTGAATACGGTCGCGGAAAGGGGCACAAGCGCCGCTAGTGGCAGGCGCATCAGGGCTATTTATCCCAAAGACTTCGCTGAGCCAAGAGTTCATGAGCCCCTGCCGGTCTGGTTTCAAAAAGGTTTTACCGCGACTTCTAAGTCGGCCGCACTACACATTTAGGAACATGGTTCGGGACTCCGTGAAGCATCTCGGATAGCATACCCTCACAAGTGGGGCGGTACCTTAGCTTAAAATAGCCCGTTCACTGGAGTCGGTACAGGTTATGTCCCGCGGGTGCAGATATGATTTGAGCTACTGACAAGTGATTTACACTATAAGGGCGCAATGAACTCATCATTACCTTTCTTACGAGGTGGAACTCGGGTCACAGACCCTGGAGAGCTTGACGCTTCGTATTCAAGCCTGCCCGTTAGATTAAGGCTCCACGGACCTACATACCGGAAAAAGCTGCCCATTCCGGTATCATCGAGCCTAACGATTACGAGTCTCCCTTGGTTCGAGGGGGGCTAAGTGTACTCTTACGGATCGTACAATTCCTGTTGTGATTAGCACTCTATTATCATCGTAAAAGGTGGGAATTGTACTATCTGGCATCTACCCCAACCCGGTGAACCGGCGAAGCTGATCCTAATCCAGAGAACGCAGGGCGATTGATGTAGAGGTCCGATAGAGGAGTGCATTCACA,1072,49.72,Homo sapiens
SEQ_315962,TGACTTACAGAATCTCAAGCCGTAGCGTGGATTGTCTCGGACACCCCATGTTGGCAGAGCTCACGAACGCGTGGGAGGAGGCCATATCACGGGCGACGGAAAGCTGGCAAATCGATTCCTTTGCCGTCCTCCGGGTTAGTATCTACTTGCTTGTCGTCCAGCAGCTTTCCCGGACGGTGCGCCTTAAACGTGACGTCGAGATACCCATCACGGTCCATCCCTTATCGCTAGTTAACGGCCTCACCTCAGATTACAATGGTCTAAAAGGAAGGGAAAACGACTGACTCGACCAGTGAACGCCAGCAGTAGCTGGTACAACATCTCCAACAATCTTTTGCTACGATTTTGTAGTCGGACGCGATATTGGCACCTGTCAGAAGCTGCAACGGTGGTCATATCGCCCACTGCGTCGACCTCACGTAGCTTCAGTCAAACCGACAAAAAAACTCAGATCCCATGCTCGTACGATTCCCTGGACGAGCTAAGGGCGATAACCCTCTAAGTTTGCGGGAACACCTGGGCGGTCTCGCCGGTTTTAGAAACCACCTTTTAGCGGCTCGAGCTTATACTGAGATCACCAGAGCTAGCACTATGCATGTTTGTTTCCTAGCGCTACGCCACCCAGAGGGCGCGGCTGAGAGAATGTACTTCTTCTTTTAAACCCAAACAGGAAAGCCAAATGGGAGGCCGGGCTTTCTTTAAAAACTAGACACTGAGCACCATGACAAGATATTCACGGTGTGGGAGTAGTGTAACCGGGCCCTCCTTGCTGGAAAATTTCGCTAGAACGATCCAAGACTGGTCTCGCTGTTTGAAAGCAAGAGGAAAACTTACACCGATCATCGTGCGTTTGTCGTAGCAGAAGACGTTATCGACCTGCTTGCGCATGAACAGCATAACACTCAGCTGGGTTGGCTAGTATGTGCGCAAAAGAGGTCACGATAAGGTAAGATTATAGGTTATCGCATCATTTTACGTGGTGTAGGCCCATGGCCACGGAGACGGGCGCCTGAACGCGACCAACAGAACGAGTCAACGACACCTGCACGAGGAGAATTTATCACGAGAAGTCCACTTGATCAGTGTATGAAGGGCACCATGTTTCACTGCGTGATATCCACCTTGCCCGCGAGTCATTTAGGTTCTTGCGTAGCATTGAAGTACGCGTATTACTGCTGTCATACGCCGTCCACCTCTGCTCTAAGTACAGCAATGACGACGTGTGGCCCAACCATGCTCGGGACAGGAAGCCTGACAATAATTGACTTTTGTCCTGAAAAGGAGGGCGTACATGACCTGCTTTTATATTTACTCACCGCTTCATCGGTTGGAGGATGCGTGTCCACTGAAAATGGCGCAATCAATGAGAGTGCTTCAAGCTGGGTCAAGCATATAGCACGCGAATCGTGCAAATTACACGGAGGTTTAGGAAAGACCGCATTGTCTCTTTGGGAATCATGCAATGATGCCGATTCTTTTGATACAAAGTTTGTTCACATTACGCAGAGAAAAACCTCGGTTTGCATAAGCCTCTTAAGCAGCCTCGAGCGACGCTTTACTTGATTAACCACTTTTTATATGCCCTCTAACGAAGTTCTGAGGGATTACGAGCAACTAGTATTCATCGGGCACTAGTAGAACAGTTGAGGAGGTACATATCCCTCCGGCGACTCACAGGCGCCTGGGTTATAGGCGAACCGCTATTGGCTCATGGCCCCCCCCTCTCGGTATAATAGCAAGTGGTTTATAGTAGCGTAGAGAAATCATGAAATTTCCGTCTAGGTGGGCTTGGGTCCGGACGTGCGGAGCTACTCTTCACCCAATATAGCATGAATACGAAGCAGCGGGGAATTGCATAGTTGGACAAATACAACAATCACGACCATAGGCTGTTGTATAGCACACTAGTGAGTGATAAACTGTAAACAGTAGGTTAAATCACCAAAGTTATACGCGGGAGTAACGATTAGA,1971,49.21,Arabidopsis thaliana
SEQ_145355,TAGCTAAACATTCAACGTTGGGGTTGACAACCGACTAACTTATGGGAATGGGCGACCAAGCGGTAACACAACGTGGATCGCCCTTTCTTTCAATACTGTCAACGGAATCATCGCGCTTTCTCCGCGCTTTAAGAGGGATAGTTTCGCACCGATCGAGTCCTGCTAGACTGAGCTGCGCGGGCCATTTAAGGTTCATCCAGGGACTAACTGTAGAAAGTGGTAGAGCCGGATTACCGAGGGGAACATTTGCCCGTTTACAATTCCAGCAGCCGAATAGGGAGGAGTGACCCTGTTACTCCGCTAAAGCGGCACTACTATATTGCCTTTACAGTATTCTAGCCAGCGTTCGCAACGGAGAGGGAATTTTTCCCGCGCGCAACTTTGAGCGAAAGATTACGCAAACGTAGATCTCACTCTCCGCTAGTTTTCAGGTACTGACTCCAACTACCTATCGTAGTCACTAACTGCTTCGGTATCCTTGACCCGAATATATAAAAAGCGTGCATTTGTTGCCGGACTATACGTGAGCTGTGGCCTGAGCTTGGATCGTGCATGGGCAGGCACAAAAACGTGAAGACCCGTTTATTTGGACCTCCACACGGTACCTAGTCTGCGAAAGCAACAGATTGATGTAAAAGTTAATTGTGCCTAGTAGGTGTTGCGTGGCTCCCACCAGTCCCGGCCGGTAGGCTCCAAGCAGTGGTCTACGGGTGGTAGTCAGGCACCCAGTTGTCTGTATCCAACAGTCTTAACGACATGGAGTGGTATGTTGAATCCCAAACCTAGCACGAAATTTTGAGAACAGATCGCGTGATTCTCGAGACAGTGCAAGTGTATTCATGCGTAGTGCTCTAGAAAAGCTTACCAACTCCCCCCTCGACAGCTGAAAGAGTTATGTCCATGCTCCTTAGATTACTTTCACGTCGACAGGGATTGACACGAACAGCAGAAGAAGGCCACTCGCCTGTGCACGGCAAAGCGATCTGCTCTGTGACTGTTAGGAGATCCCCCCATGAAATCGCCGTGTCATATGGGAGAGCGACGAGATTTGAATCGGCATTGGAGACGCTGGGCGATCCTGCGGGCGGTTCCTCAATTGCTTTGCGCATGACTCGCGGACCGCAAGTACGTCCGTATGGTGTGGGTAATTAAGAATTTGTCACTTGTACCTGCAATTGGCATTCCGACCATTAAAGACAAGAAATCACTGGGCGAGGAGATGAGCTTTCAGCGCGTCTTAGCACGGCTGCTGAGTCTAGTCACCACATGTCCTTCGTTGACTAAACTAGAATAAACTTGATTCTAAATATAAGAAGCCTGATTAAACCCATTCCCAAGTATCGGCGCCGTGAGTTCAAGTGACTTGAGAGAGAGCCGCCATCTTTGTCGAATGGCACGCGGTCGGTGGCGTAGGTGGGGCCCGCAAGACCGAGCGGAACGGGAGTCGCTGAGTGCGTCGCACCACCTAATGATA,1474,50.47,Caenorhabditis elegans
SEQ_747533,GCAAGTCAGCTTATAAGTAGGGGAAGTGTGCAGAGTAGTGTATAGTCGTGGCAGTCCGGTATGGCTGACACACTGGGAGGTAGCCCCGTGGATACTCATTTCTGTGGCCACTCCACTCGTGGTGACTACTTTTACCCTTGCGATTATAGGCGACGAAGTCGCGCTACCTCCGACCGACTCCCTCGCCTCTTCACGGCTAGGTGGTCCTGCACTACCATAATTTGGACACCCTTCTATTGATACCGCCCGCTGAGATCAAGACCCCTCGCTAATTTCGACGTTATACTGGGGAATTGCTAGCGCGTGCACGTCCGCTAGGGAACAACGACAAAACTTGCGCATACAACTTTAAGGGTTCTCCATGCTTGCTCATGCCACGCGCTTCGAAGTCGGGGAACGCAGTTCGATAAATTGAGACTGTTTCAAGATAAGGATCACATTTTAACGTGTTGTTGGGTTGTTCAACAGCTCACCGGATTCTGCCCCTTCGCCTATTGCCGCCCAATACCGGCCGTGGGGTCTATTGTTCGGTATCTAAATATCCCGGTAACACTAATCTTAGGTAATCCAGGGGAACCGAATTTGTAGGATTTGGTGACGCTTTGGACCGTTTGGTACTGATAAGACCCTCTTATACGACGTTGGTATGAGGTGAGCGACCCATCAGGTTGACTCGGGCCTCCGCCTGTCTGCCGAGTGAGTCTGATTCACTGGGTTTAACAGTAATTATATAAGCTCGGCTATTACAGTCGGCGGTCGAGACTCCCACTATTGAGACGGACATAGTATACTGGTGAACACTGTATGAGATTACTGGAATGGCGACGATAGTGATTTAATCATCGGATAGTCGTTGCGGGTGGGAATGTCGAGATTCCAAGTCGGACCCCGCTGAACCTTCCTAAGACTGGATTGCGGCCAACAAGTAGCGTATAAAGAACACGTTAGACTTCGTGCACATCCGGGATTAGGGGACATGAAAAGATTGCCCTGCGACTTGCGCCGCTGGTACCTCGGCGGGAAGACCGCTTCCATGAGGGCAGAGTCCTCACAGCGTTGCCCAACCTCACGGCCGGCCGACGTAACGCCACGAATATCCAACTATAGTGTCCCATTTAGGCATGCAATCCTGGGAGCCGAGAGGCCCAGAGTGCTGACGTCGCACCGGAACGGCTGTTATGGGCACGGCTCCTCGGCAAATACGAGTTGAGGGGCAGGATCTACAAATCACCGATAGACGTAGACTTTCCCCTGTCCTTACAGGTATACATAATCGATAGTCTCGTTTTAGAGGAAAGACGGTGCGTACATTCCCGATCTATGTGATAGATGGGACAAGTCCATTAAAAGAGCTCTGTTCCGTGCCAACTTCCAAATGGAAGTCCAAAGAGGGCACTGGACGTGAATTGTTTGTCAACTAGTGTAATCTAACCCAACGAACCTATTGTTTTGATTCGCACCCCAGTCGTAGTTTTCGTCACCATTCTTACCCCAGGGATGGCCGCTAATGGGCACGTAACTTGACAAGTTGGCAGTCACAAAACCCCACCCGCTTTCATTCATTTTTTGAGTACGGGGACCCCTCCCAAGCTACAAAGTAGAGGCGGA,1608,50.93,Mus musculus
SEQ_702381,CCGCCCCTACTCGATTCCCACAATGCGTCCAACCCGTAGTCAGTAAGTTCCTTAGAAGATTTCGGTGTTGAGTAGGAGTAAAAACCGCTTGTGTGAACGGAGGTTTGATCAGGACGACCGTCGCCACACACGCAGACCATGTACCCTGAAACACACATCCTGCAATGTTCTCCTGCACCTGCTGGAGTATATGAATTAGCGCGCGAACACGGGTAGTTTCGGGGCTGTATGCTGATTTGTCTACCAAACTAATGCCAAGCGGACTTAACAGGTCACGGCAAAGCGCAGTCCGTCGAACTGGATTGATGCCTACGTTACGCTTCCTACCTGTGTGATGGATATACAGCTGGCGTGCTCGAAAGTAAATTAGAAGATTTACCGTCGTTTGATTCGTCGTCCCTAACTTAGGACCGTGATCTCCGCTGCACAAAGTGCTAAACCCAAATTGGCAACCAAAGTTGGCGGGTTTCACGGTGACACAAGTGGTGGATGGGCGTGCCCTCGGAGGGGTTATTTATGACTTTCCGAAATCAAGGTCAATCCCGACGATGCTTTGGAAAGGTATTGCTGTGTTGTGTATCTCCCTATTTCCACTGCTTAATGGGTGATTAGCACGCGGTCGTGGATATAGTCTCTATACAGTCTTGGTCAGACCTATTATCCCGACGTATAGTTAGGGCTTCCCGCCGCTACGAACCTTGAGGGGGCAAGTTTAGACGCGATCCTTCCGAGCAGACGCCTTAAGAGGTGGTACTTGCTCACTCGTGACTCATAAACGTCAGCGTGGTAGCGAGCTCTCTGGGCAGTGCTGGTTAGGAGGGACCGGATCCGGATATATCGTCCAATCATAAATTAACTGCTTGTGTTATCAGACTAGTATCGCCATAGTAACCCCTTGAGATGAGCACCTTAAACCAGGTTGCCACCATTTACAGCAAATTAACTGATTACAGGGGATAATACCCCGACGGAAGGTGAGACCGGTTTATCCTACCAGTTTGTGGCTCCCCAGGACTCTTGCTATAAAGAGTTTATACAGGGTTTGCAATCTTATTTGAGCAACTTGAGGGCGAACGTCGTCGCCCTGAATCGCGCTGGTCGACTAGACCGGTCCTACAGCGCAAAAAAAGCGCTTGATAGGGGGGAACACTAGACTGTGTACTTTGTCCGCTAAGTCGGACCGATTATGGCTAATACCTTGACACGGGGCATCTTGAATGCTAGTGTGGGCCTTCCAGGGCAGCAAGGATGATTCCGGTATTGGGTGCGCTTGTTTCCATATCAACCAACGAGTCGGGACGAGAGAGGTTCCCTCCTGTATTTCGGCTTCCTCAGAGAACATCCCGGGGGGATGGGATTCTTTAGCGTACGACTCAATTTCCCGGTTCTAGGTCATTCTGGATAGTGCTTCTGTTGGATCTCTTTCCTTGTTATGCATTCGAATCGTTACGAAGGCAGCATAAAAGCTTACGCTATCATATGTAATGCCGCAGGACTGCCGGTTATGTCAGTATCGACTATTCCCTGCGACGAATAGAACGCCCACAACCATGGAGGATCCATCGATTGAAATACAGGATTAACCTGCCGCTACCATTGATAGGGGCGTTAGATTCGAGAAGCCATGATGAGGTCCGGTATATCTCGC,1648,49.64,Mus musculus
SEQ_348027,CAGGTATGGATCGCATAATCCTTGAACAAGCGGTGATCCTTTTAATGGCATGGCCAAGGGTCCCGAAGTCT,71,49.3,Saccharomyces cerevisiae
SEQ_318361,ACCGAGATGATTCCGCGCCTAGATTGCTCCTAAAGATTTGTGACTGTGAAACCTACTCATAATTTTTGAGAACACATTGACTTATGTGCCTGTTACTGAATTTCCGTTCCTGGCCTTGCAGACCGCATCGAAGCGTAGGGAACTGAACGCTCCTCGCCCGCCCAGCCTCCATAGAATCCTTCACCGCTCACATCAGTCAGACAGGAATTTTGGTGGGACAGCACCTTTACCGGGCCAGGAGCGGATGTTCGGCACTACGCCCAGTCCTACACCTCATTTGCCCCTTGCTCCCCTTTAGCTAGCCATTCTACCCCCCTATTAAACGAACAAACAGGTGTTGACAGACCAAGCGTCTATGCGTCGTCGCGAATTCTCCACGTATTAACACTATGGTCGCTAGCAATCCCGGGACGCACAGCTCCAAATAGCCGCATAAATCATCAACCTGCGAGGACCTACCACAAGGCCTGGTGTTCCCTTAGAAATTGCTTATTAGGAGCCACCGTAGTATGGTAACACCACACGGTGTTGAGACATACAACAACTGGGAATGTTCTTTACCGTGCCAGTCTTTCGTCAATTGCGTATTAGCAGATAGTAGAAGGGCCCTACTGTATAACAGGGGCTATGAGTACCCGAACAACCGAGGGACTTCGACACCAGTTTACGGGCGAAATACTTGGCCTATTGTGGCGCGCGGAAGCGTTATAAAGTATGAAGCCTGTGTACGTTACGTACCAGGGCCTCTGGCAAATCTTCACGACATCTTCTGTGTGCAACGATCGGAGCAGGGCCAGCCGGCCCTGAACAGATACTGATTTGCAACAAAGCGAGATAATCAGTGACACAAGACTTAAAGTAAGGGGCATAATCAAACGCGAGATGAAATCTCCAGTCCGGGGGGAGATATCTTTCTCCCATTTTCCGATCATGTGAGCAAAATTCCGAAATGAGCCGACGTCGGGTTTACAACGAAATGTCCTCACGTCTAAGTCTAGCATTCCCACAGAAGTGGTATGGGTCAAAAAGTACTACCGGAAGAGCCATCAAATATAAGGCAAGGGGAAACTACGTGGCTATACCATTTAGTTACTCTCCTGATCAGGTGTAGCCTTAGAATTATAGCTGAATTGTCTGGGCGATTCACAGATGTTCAGACATCAGACGTCGCTGCCCATTTAGTGTGACCCTGCGATCTGTTGCTCAATCCTCCCGGCAGGTTAACACGTCATAGGCATGCGAAGCTCGTATGGACCCCGATGGCCTGATTATCATGAACCTGCTCAATGCGCTTTCGGCGTGTTATATTGCTCCGGAAATGGAGCAGCGGATCACGAGCACCGCACCAGACGCCAGTTGACCGTGAAGCGGTGATTCTCCTCTTCTA,1387,49.75,Caenorhabditis elegans
SEQ_722558,CCTAATGCCCCGACAAAGCGATACGGATCGCGGCCTACCGCACAAAAATCACTGTAGTACCCCGTTATCCGTTCCTCTGCTAGATAGTGGTTCGTACAGGGCAAAGCAGTTGATCAGACTTCAAATCTGCTGGTCGTCGTCAGACACACGGCATCCTACGGCACCCTCGGCAAACTTCCAGACCGGCGTGAACTCTCGAGTCTCCTTTTCGTTGCTCGCTGCCCCTTATTACATGCCCCGCATGAACCGTAGCATCTGGACATCTCCGGGTCACTGTACACAATAGTGGCCGGTCCTGAGGGCAGAACAGCTCTAATGTCTATTGTTCTGGGGCTTCACTCCTGTCAATTACAGCGGTCAAGCAGAGCTGTCATGTCGGGCATCAAGCCGTGCCTAATTGAGATTAGAAGGATATCAGCGCAGGAGCACTCAGCTCGTTGGACGGTATAAGGTCCGCTGCAGCAGCGGTTTATGAAATGGACTGTCGGGCATGCATCAATAGGCTGGACTCAGCGTGCAGGACGTGAGGCCTTCAGTCGCCGTGATAGGTGGTTCATTGGCCGGCAACCCTGGCTCTTTTCAATCTAGCAATGTGTCCCCTGAAAGGTGTCTGCCGCCCACGCCAATCACTTTGCTGGTACCGGGATATTCCGGGTAGTTAGTTGATCTCGATACCCAGTCAAACTGTGTCTGTCTGCGCGGATTTGACTGGTCGCAGATGACTTCACGGGACGCGTGCTCCAACGATTTCGTCTTGTGAGGAGCCATCACAGTCGGCTGACGCGGAGGAATGCCCCTGTCTGGAACCCACTGCGGAGGTGCCTTCGGGGCGTGGAACGCCGTTGTCCAGTCTGATAGAGTCTGCCCTTTAACGTGCTACCCCAAGGCATCGGACAGTGCGGGCTGATGTTCGCAACTTCTAATAGTATAGAGTACGGCACGTGACGGATTCCCGCAGCCTGCAGTAGTGAACCAGGATCCAGGTCCCCGATAAGATATCAAGTTGGTGTAGGACGAGGCTTTAAGGCTGGAAAACCGCCCACTTAGCCCATACCCATGCTGCGAAAAATTTTTCGGTCGCTAGACAACAAACAAGCACGTAATTCTGACACAAGCATATGAAAATTCCCCGTATATATTCGATGAAGACTTGGGGACATGAAGCGGATGTAACACATGAATTTGAGGTGTCCCTGACCAATCATGTGGGCCACCCCGACCGTCCTGTCTCGCAGCGCAACCTCCAATATAAGTGCTCGAAGAAACTGGTGTAGCAAGCAGGTCGCCCATGAGCACGCCGGTGCATTGAGAGCACCTGACGTGGTCAAACCGCGCGAGGCTCATCAGCCCTGCTATAGCTGAGTTCCACGCGGTTTCTAGGTCGCGCCATAGGACAGGCATTAAGATGCTGGAGGTGGCAGCGTACAGCCTCACAGCAATGTAGCT,1446,53.94,Mus musculus
SEQ_982674,AGGCCGGCTGAAATCTGATCGCGTACTATGCACGGTCCGTGCCCCTCTATGTCCAAGTTACCTCCCTCTGCAAGTGCCTCATGCACGTAAGTGGGACATCGTCTGACCCTCAGTTACAGTGTGGTCGGTTTAACTGCGAATAACGGATAAAGGCACAAACCCCGTTTTGAGCACAGGGAATCCCGTGGACCCCTCCGGCGAGCAAAACCTTTCAAACGTCAATTGATATGATACTCTATGAGACGCTAAACACTCGACAGGGATAGTGCCACCGCCTTTACCGCGAGTGGGCAGTCGCCGTGGTCCTGCGCTCACATGCTGGACAGGAAGACAGATCCCACCAGTCGGCTATGGCCACCCGTGCAGAGACCACAACAACGTGATTCTCCGGCGCGAGCGATGATGAGACCTCTAGCGGGATGTTTTTCTGTACTTTGCAGTTCCTCGGGAAGCGATATTCGTATGTGGCACCACGGTAAATCCAAGGTCGACGCGCTGCTCCCCACGTCGTGGCCATCGAAGTCGTGCTATGGGCCTGCCTTAGCTTGTTGAAACATGTTTTCTAATTACAGCGAAGTGGCGAGATTGGGACTATACTTTGCCAATCGCCTAAACGTAGGGTGGGGCTTCAGATGCCGAAGAATGTCCCGAACCCATGACTCGTAGCCGTACCGGGGACGAAAACGTAACTTAGGTTCCAGGATACCAGGGTCTGCTATCTATTGGAACACCGCATACGTCGTAGTGCTATCGTTTCGATCCCATGGTATCGTAGTTTGCCAGAGGTAAGAACTAAGT,798,53.01,Homo sapiens
SEQ_289641,CGTCCCCCACGTTTTCATCGTAACAACACCGGTGTATTCGTCGTTGGGGGTCTCTCTGTCGTGTATATCCGTCAGCTGCAACCTCCGGTTTAGCAAAAGGCCGTTGGCGTGGACATGCTAGGACTTAGCGGTGGGCCTTAAATATTTGCACCGCTGTGCTCTCTGAACTTCTGTGACTTAATATAAGTGAACATGTTCAGGAGCATTTTTATCCAGCGAAAATAGATTCTCTTTTGGCTTCTTTTTTCAAGGTGAGTATGAAAAAGCGGATCGCCTGTTACTGCCACGAGCCTCACCCCAGCCCGCCCCTATATTTTTCCAAGGCAGCAACGACATGGAGATAGGGTATGAAAGACCTGGGTGCATGCATCGCCTTGGCGTCCGTCGCGGACCCCCGTACATAGGGAAACCCAAGGTTCCACCACCTCAAGCGCGGGGGAGCGCGGCTCCGTCTGGACCCCCTAGAAGAGCGTGTCTGCGGGGTGAGCCTACCGGTGTGATATATCCCTCTCTTTACTTCTACACTGGCCGATTGAGGTCTGTCGAGTTAGAAAGTACGTAACAAAGAAGCCTACGCGAACAATAGGCACTGTCCCCAGAGACGTGCCGATTTTCCTATCTGTGGGGTTGGTGTGTTCGAACTGATCAGAATCCATACGATTTTTGGCTCACTCAAGATCATTTTTTACAATGTGCTCACTTTAGAGACAGGTCCCGATCAGCTGTATCGTGACATCTCGTAAGTCGAAGTCTGAAAGGAGAACGCCGGTAATAGTTAACATCTTGATATGTAAGATAATGTGATTTAGATCCCTTGTTTGTATATTGGTTGCTGAAAACCCGCGCGACCGTCGGACATCCAAGCCGGCCTATATCATTGTATTCAGCTCCTCGGAAAGTATTTACTCGGGTAAGCTTCCAACGCCTTCTTTACTAACTAGATGACTCTATACTCTTCGGGAGGGGATCCAACCAAGAACCTCGTCCCAATCAACTCCCATCACTTTTGCAGCAATACGGCACTATAAGACGACTTATAAAATACGTCGTGAAATTGTGCATCGGTCTAACAGTCTTCTTCTTGCGAATTTTTTTGTGATTACGAGCAGGATCGCCTGACCTCACTCCAAGTCCGCGCATGCTATA,1146,48.52,Escherichia coli
SEQ_911079,AGCCCAACATTTGATTTACGCTCCGCTACGGTTTGGAACATCGGGGTAGGCTTTAAATCTTATTAACGAAAGGTCCCGTGTGCACGAAGCGACTAGATTACGAACGGGCGAGCTGTAGGAGCTGACCGGCGAGTAGTTGACAAACATAGCATAGGGAAAACCGAGGCAACGGGACTGCAGTTCAGCTGGTACGCACTAGACGGAATTTCATATCCGAT,218,50.0,Homo sapiens
SEQ_526548,CGTTCCTTGCGAAGACCCGAATTGTGATGTGGGGTAACGACCTTGTGTCAAAAAGGTCTTACAAGCCGCCTGGAGTTTCCGCCCGCCAGGTATCCATCCGTCTACATTTAAATATCGCGCTCACTCATGTGGAGTCTCAGCATCCTGACGCGACAAAATTTTAACCTCGCATCCTCGTATCCCTAGAGACGTAATGGCCAAGTCGACTGCTATTCTGAATGGTGGCGTTAGATGGCCAGTAGCATCCGTGAACAGGCGCCCAATTGGGGCAGATAAGTCTCCAAGTGGACGTGTAACTCGTATTAGTGCCTTGGGTCAAATGCACTCTCCAATAAGGGGTAGACATCTGGACATCTGCTAGTCAGCAACCCACAGGCTGGACTTAGTACGGTCGTTGCGGTTATTCTGCGTCACTGGCGGGTAGAAGTCTCAGTTCAGTCTTGCGTGCAACATAATGCTTGGAAGCTCGCACTCCCGAGTCATTTTAGATTCTTTGCGCACGCCCATGCGATCCCACTAACTCCTGCCCTCATGACGGGTTAACCCACAGGCCGTCTCACCGCTCTCCGACCACAATTCATTCATTGCACCGGGTAATTGTACTGCCCAGTAGAAGCCCGGTCACACGAGTAAACCCTTCGCGTCCACTAGATTGGGCCAACTGCGTGTACGGGCTTCAGCTCTTCAGTACTTGTGTCGCAGAGCCTAGTTTAGTCCCAATTAGAGCCAGTCGCGGGTTCCTCCCGCGTCAATCGATAAGTGGACTTTGTGTACGGTGGTTCACGAACGACGCCGCAGAGACACGAAGGATGCTGATATAATCTGTTTACTTTGGCCAGTCCCATCCAACGCAAGGGGTTGCTGACAGGCTGAATCTAGAATCTCACTTGTAGAACTGAGGGACTACGAAGGTTCTGACCCCCGACACTCATAGTATTCACCTATTCGATAACGTGAGTACTTAAAACTAAAGCGCTTGGCGTTACGGGTAGGATACATAGACAGGGGCCTATTAGACATCGCAGTTAACAATGGCATGACACGTATATAAACGTTTGCCTCTACCCAAGGGGCTAAGACCACAGCACGGAGGATGCGCTTGGGCGACTGCCCCGTAATTAAGCTAGAAACACTCCTCTCGGGTGCAGGATAAATTCATGCTATCTAGATCGCACGGAAAGTCTGACCATTAACGTTCACCCTTGAGGTTTTCACCAAGCTATAGCTTCTTCTTCTGCGTTGGTGTGATCTGGGGCGGCAATTCAAGTGATATCGGTCGCACTCCACTAGTATTATCGCTCTCAGCGTCTACCGACGTACAACTCATCCAGCAACGGCACAGATCGACAGATGAGCAAATGTACTACAGCCACGGTGTTATCAAATACGCGTACAAGGGCAATGTCGAAGCCTCAACTGGATCTCCTAGTGATTTCTAGTTGCTCGTTTGGTAATAGAGCCGTCCGGGGCTTTACTGAACGGGCCAGGCTGCTGACATACCAGGTTTGCTACGAACACAGGGGGGTCACGGCAAGCAAAACGCCTTAAGTCT,1552,50.84,Homo sapiens
SEQ_867991,AACCCACCCCGAGGAGTCCTTCGGATCCCTAACGTCTGCATGGCGTCATTTGGCGCTCATGCCTTTAGTCATCGTACACTTCTTTCCGGAGGTGTGTCAAAGCTTTGCATTAGTTGGTGTCCGTGACCGCTGATGGCGCGGCATAGAACCCGATGCATGTGTGCAGCACTCCAAAGATGGACGATCCTATCATCTTCCTCAGCACCCGGCGCGCAAACCAAAACATAGACAAGGAAGGAGCTTGAATTAGCGATAGTCCGGGGCCTGGCTAAGCATACTAATGAGGTCCGCATACCTCAGGAGTTGATGGCCCTGCCTCAGTCATCGAAGTCCAAGAAAAGAAAATCCAGGCGTACAAGGCCCGGAGGTTTAAGCATACGTGCGCCCGTGTGTTATGAATTGAGTCTCTTACCAGGTGAATATTTTAAAGGATCCCGCCGCGGGAATCTATGCTCGCGCGAACCTTAGCGAGCAAGTGCGACGTCCAAATAAGTATAGCCCCCACCATGGGGGCCGCCGTCAGTCATTTTCTCATGTGTCAGCGGCGACATGTAACCATGGTAACCTTCTATTGAGAACGGTAGTCATATCACGACGACGACTCACGCTAAGCACACTGTTATCATTAAAGCGTCTGCAACCTCTTGCATATAAGTATAATTTCAAGTACCCTTGACTTACATTCGACAGCTGTGAGGATGTCTTCAGCATATGTGGCTAACTTATGTTAAGGCCCCAGTAATCTGTGCCAACCTTGCGATAATTAGATCGGGCAAGTAAAGTCTCCAATAGTCCTCGTAGAGTAATTAACGTGACTGGGTTTTTGCATTATGGGAAGTCGGTGTGCGCACTTTTCATTAACCAGTGAGATTTGGTCAGATTGTACCCATCGCTTTATAGTGGGTTAAGGCACTGCCATCTCAATCTGCCGTAGTCACTATCTAGGTGAGTAGCGTCAAAGGTGCGGGCTTACCAAGTGAAACTAAAGCAAAAGAGTAGAGAGTATAAATTGGCGGAGATCTAACTTATTTGTGGCTCGATAGTCAGGGGTGCTGTCAATCCTCCCAAGTATTGAAAGCGAATTATTATGGTCGGTGTCAAGTTAACGCCTAAGACATTAGGTCGTATAAAGTTACCCTAGGGGTGGTACGATATGGCCGTGATCGGCGAGCAATGCACGTACCCCCGTTTACTTCTGGAGTCTGCCCCCCACTATAGCTGCTCGAATGATGTCT,1235,48.5,Escherichia coli
SEQ_136214,TTGTCAAAAACTAATTCCGCGCCGTTAGTATGTAACTCAACACGGCCTTGATATTCATCGTAGCCAGGTGGCGTGCATACCTCTAAGTTGTTTGGTTCCAAGGCTTTTATCGTAGGTTCAGGGGACTATGTAGCTAAGCGGCTCACGCTTGACGTCTCACCCGGCTAGACACGAATTCCTGGGTCTACGCGTCCTGTTCTAAGTCACAGCTGTGTCCCGGGGAAGTATGTGTACTCTACTACATTGGGATACTGGGACGACCGCCCTCTGTAGGTTAATCTCCTGGGCTGTGTACATGCTACAAACTCATTACAGAAGATCACCAGGAGGCAGCGGTTGTTTAGGTCCTATAAACACAGTAGTTAGACAGTGGGGGCCGAGAGTCCGACGCGGCGTCCCTAGCTAGGCCCGAGCTTACGCTACGCTGGGGTTCTGACTTGTCTTCCAGGGACTTGACTGTGCATGTTCCCTCTGTTCCCCTAACAACGTTCCCACCCCGTGATTTGCGATTACCATACAAAGTAGAGTGCCGCGGTCTGCACGTCGGACTGAGCTGCGAGAGACAGCCTTGATGTCCTGCACAAAGTTGTCAGAAAGGAGGCTTCTGACTATCAACGTATTCCGGGACTAGATGACTAGGTCGCGGTATTCGCTGATATGATCTCACGTCTTCTCAAGAATTGCATTGGTAATCGATAACCGACATTGTTCAAAATGGGCTCGTCCGTACTTTCGTCCCTCGCTAGACCAAAGTCTGATGTTACAACAAAATGCGGAAGTAAGTCTACGTTAGGTGCAAATCGGTGCTATGGGGGCACTACCTAAATTATAGGAGCAGACGATTGGATGCTGGTGGTGCCGCGAGTTACTCCCAGTGCTGCCTTCACATTTTTCCGCACCTATCTGCATCCTTACCCCCCCGCGGATTTTCAGTATTACCCTACGGTGCCATAAGTTCCATCACCAGTGTTAAGGTATAGGATGATTGTAACAACGTGTACCGGACATAGGTTCGAGCCGCAGTCAGAAATGGACCTGCAGTAGGGATCTTTGAACGTGTAAACACTTGTGTTGTAGCCTGTGGGGGCAATGTCACGCGATAATCTCCTTGGTTCCTCCTCCAACGTGACCCCTGTCCTCAAAGTTGCGCCTCGTCCATCTAACAGGCGGCGTAGAATCTCGGCACAGGTTCTGAAGGTCAACACTGATTTATTAAACTGGCCCCCTGGGTTTAGCAATGCAGTCATCCTTCACTATAACATGGCGCAACATAAGATAAATGAGCCCACGGCTGCATGGCTAAAAAAATTCGGCTGTGGTCGCATAGGGCTGGCTTTTTCAGAGCCTCCGCCCGGTGTCCCCGTGGGGAGAGGGTTCCTATATAAAAAGTGAAGTTTTGGGAAGATACGTCATACAGAAATATAGTCGGACGTATTGGAGCCAAGTAAGGATGTAACTGACATCTCGCTGCCGTACCATAGAGGCAAGTTAGTAGATGCGTAACTCGCACAAGTTGTGCCTGAAAGTTGACCCTGTTGTTTTTACCCGAGAATGGATCGCTCTTACGGGCACTCTATTAGTATGCAAAGTCCGGGGGGAAAAGGGTCGGAAACGAAGGATACCTCGCACCCAGCAATGCCAATAAGAAACTGGAAGTGATTACAGGTAGAA,1671,49.79,Saccharomyces cerevisiae
SEQ_773151,ACATTCCGAACTCGGGCTCTTTCCTCAAGTCAGATGGGAGAATTCAAAGGTCGGCGCTGTTGTATCGGTTAGTCAGCGGGTCGACGACAGTTGCTGGACAGCTTCATGTGACACATCTCTTGATACCACAAAGGCTGACTTTGTACCCCGCGACTTCTTAACCGCCCACAATAGTGTGGTCACTGACACCTCTGCACACTGATTCAAATTCGATATGTGACGGCTACGCCGGTGCTGATATATGAGGTTTCAGACACGGCGAGGAATTGCAAGGACGGACCCCTTTAACCACTGAATTATCATCTAAGCCCAGAAGGCGCTCTGTTACCACTTCCCTCCTGCATTTTGATTTTAGAGGAATTGTAACCATATGAGTTGGCATGCTACAGATACCTCCGATCAGATCTAAGGGTCGTACCGCTCAAATGGTTGATAATAGTGCGAAACAGGCGGCACCCGGTTGTAGGATTAAAATCAGCATAGAGGATGAGATTAGATGCCTGATATTCCGTGTGAACTGAACTCTGCACGACGTTACGCCGGTTTTCTCCTCAGGACGCAAATCATATACGTCTTCAAACATACAGGATCCAAATCGATAGCCGCTTCAGCGCCTCGCCTTTCTGAGCTGCGACGATCAATCCTTTCCATTATCAAAGGACCAACCATTTCTACCCTCTGGCCTCGCTTGTGGTAAATTTTAACTCGCACTCTGTCATATCTGCTTCACTACGGCGCGTGCAGATTTTCAATATTAGACTCGCACAGACGCACGCATCGGGACTAGCAGCAAACCTTACTGAGAGCGTTGCAAGAGGGCCGGGGACAAAAGACACCCGCCGGTCGTTTGTAGATGTGTGCAGCCCTGTGTTTCAAGGAAAGCAGCCGACAGCTTCACTAGCGAACTATAGATAACACGTGCGTCTAATGCTACACTTCCGACCCCTAATGATGAGAAGCAGCGCTGCAACTTCAATGTAGAATGCCTAACATTGAATAACAATGCTGGAACCTATCTGCTGTGATGTCCTGACCTGCCCGGCAGATACATACTAGCACTGCCGCCTTCACCTTGTAAGCAATGGTATGACTAAAGCAGAAAGAAACAAGGAGGAATACCCGGTACCGTACGGGTTTAGATCGTAGTTTAACGAAGGTCTACTAGTGATTGCACCCGTTGTTTGTTTTGGTGGAGGTGCGTTATCAACAGTACCTTTGTAGGCTAGCGTCGTCATACGCGGGTCAGACACATAGTGGAATCGATTGTAAGGTGCTAGG,1278,48.44,Homo sapiens
SEQ_164459,CATAAATGGTTAAAGTGCAGGTCATCCGGTACGTAAAGTCATATACGAATTGGTGACGTGATGTACCCTGTGGGATCTAAGTAGCTAAAGTAACTTTCCAAAACCGGGAGAATTGATAGGAAAGATGCCAGCGCAGATTCGTAAGCGATACGCGGGTTGACAGTTTCTTGAGTCGCCGACGGCGGAAACGCTGAGAAGACTCCACATACCGTCGTATTCCTAGGTGTTGTGACGTTTGAGTCACTTCAGACCCGCATGAGCTAATCGTCACGATATTCGCGGACTTCGAAGATCCTGACAGAAACAACTGGCGGGTCTGCGCCGGTGGACATTACCCAAGGTGACCGTGGTTTTGCGTCCGGAGATAGATCACAGTCTCATCTTCGGCCTCTTGTAGCTATTAATACACTACCTACGAATATTGACTATCGTCCGAACTCGCGGGAGCTAGCGAATCTGTCATGTGGTAAGGAGCACCGGAACGCCTCATCAGTGCTCGTTGTGTAGGCTCGTCAGAGATCGAACGGGGCCGGATGCACTAAGATAGAACGCGTATAATGTCTCACGATAGCTGAAAGCAGGAAAAGAAGGGATGGCGTTCAAAAAGTGCTTAGTTATCCGTAAAGACTTGCAGTTCGCTTAAAGTAGTTTACCCATTCAATCAGATGAGGGAACAAAACAAGCAGCATTTGTTACGACCATCAACAGCGGCTCAGCCACTGGTTCCAGTCTGAAATACGCATAAGCAAGGACGAGACTCAGTAGCGGCCACCAGAGTCGTGTAGAAACCGTCTGTGCGGATTAACGCCTGATTCCGTGGCAGTATCCAGTAGAAACTAACTCGCGGCATTGTTTCTGCTGTCTGTCCCCGATCCCTATATATAGCAGATTCCTGTAAGCCGACATTGTATTATGCAGGTCTCGTGTGTAGCCATAGGGTCTCAGCCGTTTAGCGCGAATGGCAGCTCGCTGTAATCGGCGCATTTATTCTGAAGCGCATATCGTTGGGGCAATGTTTTTCGTCGATTCGCGTATTGTTTCTAGCTCTAGGTTAATGGCCGAGTGAATTGCCGCTGGAGGAGACACTAAGCGCCCGCCTCCGGGCTATAATCCCGATGCCACTCACAGGGGACACCGGCATCGAGGTGCGTGTTCATGACCGGACAACAGAGCCATGGAGCGCCTAAACGTTTAATGAGTAATGTATGAATGGGTTAAAACCGACATTTTATATGATTCGCTGATACTGTATGCAAAAGTCTCAAGAAACGCCTGCAGTTAAAACGTTGCTACTGCACGCCTATATGGACCCACCCGTTACACTCACTACTCATCTTCACGTTCCTGCGCTAAGCCCTGGAACTGCCCCATCAAATGGTTTGCATCGGCCTCTAAATACGATAAAGGCTCACGGATATCGAGGTTGTTCACCGATGCATTGCCTACAGATTTGGGATTGACCGTGTAAACAATAGGTCATCCTGTGATGTAGCAGAACTCAAAGCCACGCCAGATGGATTCGTCGGGTGTAAGGTTTGAATGACCCGGCTCGGGGCGGACTTGATCTCGGTCGGGTCTGTCTCGATGCTGAGGCGTGACAAACCAAATACGCTACAAATGGGCAGGTGGGAGTCCAAGCAGTGAATGTAGTTGGAGTCAATCATTAAGTGGGAGCAAAAGAGGTCAGATTGTGAACTGACTCGTTGCGCAGGAGTCGAAGGTACCCAGCGTAAACC,1736,49.42,Arabidopsis thaliana
SEQ_103819,TCCCATCCGTCGAATGTTCACTCTGGGACGTGGGTCGATCTCTGGGCATAATCCGTAATAGTGAATCTCCGGGTATAGTTCGCCACGATACGCGGCCGCCGCCATCCGATACTGCATTGGACTCCGAGAAATTGAAACCATCAAAGTCTATTGCCCTCAGCGTCTGAATTAATCTAAATCGTTATGCATGTTGTACGATTCAAAGCACTGATCCTAAGCGCAAGGTAGCTTGCAACGCACGTTCCTAGCTTTCGTCATTCATGTTTAATTGCGTAACAACGCTAGCCAA,289,47.75,Arabidopsis thaliana
SEQ_564859,ACACCATCGTGCATTAGTTGGTCTTATCTTAACATTCCGGAGGAACATGAGTCACTGGAATCAGGTAGACAGGGACTTATAGGTGGCACCTCAGCTTAGTAGCCACTCTATTACGTTGAGCACCAAAGCTGGACGCCTGTGAGCGTGACACCCGGTCTGGAGCTTGATCTTCATAGTCAATAATTTGAAGCCATAATTGAATCTAGCATGATTTACCCACTTTTCAGTAGCCTCGGTGCGGAAAAACTGTGCTAGCTTCGGGTCTCCAAAACGCCGGCTAGGTTCCTAGCGAAGGTATTAGATCCCGTTGAAACCATGGCCAATACGAATCTTAGAACGTCAGTTTTGTGTATCGGACTGCGGCGATAACGGCTATTTACAGTGCCTCCGTTACACCCATATACTAAGCTATGCAGGTCAAGGGGGCAGTGTGTGCATTCTCAGTCCACATCGACAGTGTAGTGAGTCAAATAAATGTCGGAAATCGCAAACGAAGCAAGAGGCCTCCGAAGCGGTGCATGGCTGATCGTCGTTTTCAGGGTGAGCTGGATTAGAGGTCTCGCGGCTCCGACGAATCCGAGCAAGCGAATACCTCACATGCCCTCCAAGAACGGATGGGGAAACTCCAGGTGGGTGCCCCTTAAACCCGATAAGGTTAACCTTCCTCAACCCAGGAGGACTGATTGTACGAGATAATCTGACAGACAGGGATTAGGTGACATATATCCTGAGTCCCTTAGGGGCGGAAACACTGCGGGTACAGGAGCCGTAACCAGCTAGATTTCAACTAAGATATTTAATCCCGGG,807,49.32,Arabidopsis thaliana
SEQ_475783,CAGAGAAAGGATTACGGCCCGCTATTAAATCGCTCATAACGGGTGTATATCTAGTCAACAAAGCTCTCGAAGTCACGACGGAATGACCACGATTAGGAACTTTGTGCACCTTCAGGATCCGAATAGTCTGCGCCGACAGAGTGGAACTGCCGCGTATGAAGGATTGGATGGACGCAAATGGCAGCGGAGATAGCGGTCTCAGCGCTATCCCATATACTACACTCGCCGGTCCCAACGACCACCAGTTCTGGCAAGACGCTCTAGCGACAGGGTATAAACATCCAAGACACCGCGTGTATTACGCTGGCGCCTTTACCGAGTACCCTTTGGAGTATGCATAACAAGTCACCGGCTCAGAGTACGGGGGAAATACCGCAAGCGAATCCGGGCGCGGCCTAGTGTGTAGTGCAATAGGGAGTGATAGGTGGACCCACCTTACTAATCACGTACCGCGAGACTGCCGTACATTTCGGAAAGTCCTTGTAAGGCTAGTTGAACCGTAGCGCATCCCATAAT,516,52.13,Mus musculus
SEQ_782155,AGTCGTGTTCGCACTAGTCGTCATGCGCACGTCAACCACTTGCTGTGGAGCCTCTTCAGATCAAAGGACGCCACGCCGTCTCGAATGACTACCAAAACCCGGCTATTGATGCAATTCCGCCATTCACCTAGCAGATTTCTCTTTCGTGTACTTTGATCCTTACCGATTGAATGTTTCTTTCAGCGCATTCCTAGACAAGCCGTGGCTGTATTCAATCTCTTCTACAGCTTGTTGACAGTCGCTAGACAATGGAAGGCCGCGAACAACAGGACCCACACTAGAAGGCTAACCCAAGTAGCCGTGTACGCGTTACATTCGGGCGATAGCAAGCCGGCATTTCAACCCTTACCTTGACCTTGGTTTATCCTGGCGCTAGTTAAGAACGCAAGCCATAACCGCAAACTAAAGTGGATTATTCTGGTGACGAACACGCGGATACGAACTAACACTGTACCGTAAGCCGCGCTGCCAATTGGCTAACGGAGAATGTTCCGGCCGAGTAAGACGCTATCACAAGTAAATTGCAAAACCCCGAATGTTTTATACATTCGGATACTTACATGAGCCTATCAAAGATAAACGCATCAGTTTGCGGGCTTTCTGGGCCTTGCACGTGCCAGATCGTGTGAGAGTGAGTTACTTAGGTTCAAACCAATATGTGTTGGACCTAGGAGACTTTGTACCGCGCGTGATAGTTCCGAAAGGCTAGCAGCAGTGCAATAAAGGACTTTATAGTTAAGACGTGGTGAGGCCAGGACAAGACATAGCCTTACTAATATACATCCATGGTGCCTATCGTTTATAGATGCCTAGAGTTCCACCCGCGTGACTCAAGATCGTTTTGTACACATATCGCTCCAAACCAGCGAACTAAATGATCGACGGTAATAAGGTTGTCCCGTCGAGGTGACTCACATAGTTGCACATACATCCATACACCTTTGTGAGTAACGTATACATCTCCGAACCTCCAATCGATTGTTCAAGTGGCGGCTTCTACAATCAGTGGACCCACTGCTTGACACCGTTCATTGGCGCCGATAGTCTGGGGGGTCACTGATGATCCATCCAACTACTCGTGTGCACCGGCCGCATTGATGGGCTTCTTCGTCAACCCCGAGCGACTTCCAGTATCCATACATGTACAAGATGATCGCATAACTGGATCCGGGGGGTCCTTAGGTGGTCAGTCGCTTGGCTAGGTAGATAGCAGCATGAATCCCTCTTGCCGATGGACTTCAACCTCGACAGGCTGTAAGCGTGATCCAGGAGGTTCCCCCCTCTAACTAGACGAATTCTATACATGAGATTTTGAAATTTTGACTGAGGTCCACAATAGAATGTGGCCCGTGCAAGTCGGGGCTGTGAATTAGGCGCGCAGAGAATTGACTACGGTTCCATAAATCGAAACCGTTTACGATAGTCTAGATGTTCTTAAAAGGACCACGGACTCTTAACCGCAGAACTCCTCGTCCGCAACACTCCTTTTTTACTTGATTAGACAAGCGTAGGACCGCAGTCTCGGAGTTTCGTGGCAATTCATCACTCAATTCTGCCAAGGATTCGTATACCCTACATTTCCGAGAGCTCAGACCGCGGGTCAACGGATACGCATCGCGGACGCTCCGCCCACTTACTGCCTGACTCCCGCAGCTATCAGAACTCCCTCTCCCCTTTTTGCTGTTAAGACGATCTGGCTCACATGGGTCGGCAACCACACTTATGAACTCGATTCATTTGTTACGTTGCTACGCGCTCCGAAGGACGTCCAACTTGACAGCACTAGTCGGCTAGGGTCCCC,1801,49.31,Caenorhabditis elegans
SEQ_163538,GTGAACCGACTACATCGTCTTATGTTGTTCTGCTGAAGACCCACGACGTACGGGGTTTGTCTGACATCAACGGAAATCAACCACCGATAGTTTGGTGAAGGCTTTGAGTGCCGCCCAGGTGGCTGGTTAAAAAAGGGACTGCAGTAAGGCATACCTGACCTCATTGAAGGCCCAGACCAATAATATGCGACCGACATAAAGGTGATTCTACACGGAACCAACTGTTGCGTGCGGCCCTAGGGCAACGAATGAGGCGAGCCACCGATTGCCCTGGGTCGAACAGTGCGTCTATGAGCTGGGGAAGCCAGTCTCCTAACTCGAGTAGGCACCTAGGAGTACGCACTAATACTCACCGTACAAAGGTGTAGAAAAGCCATTTGCGTACAAAATAGTAATGTAATCTGTCACACGTCTGTCCGAACGCACGTTGCCTCTTATAAGCGGAGCTTATACGTACGGGGTACCCCGCGTTGGGGCGGTAGTGCCGTTGGACCCCCGTCATAGGGGGTTGTAACCTACGATGGTTATAATGGTAACCTAGGTCGCCATTTTTCCTTATTGTCCAAGTCACAGCCACATGACATCTAAATAATATTATCCAAACGGTTATCGATAGGTACACCCGAAGCCGTGAGGGAAGCACCGCCTCGGCAGGGATACCGGGTGTTATGTGAGTAACCCCTATCAATCCTGTATCCCAGCCTTTATAGCCCTTTGCCAGGAATAACCCGTTGCGACCTCCTGCTGGGGTGCTAAGAGATCTCCAGTATGGGAGCCCACAAACAAGTCGACTAAGAGTTACTTCTTTGCGCCGGGGAAATTAATAGACGGACTCTGTATGGATCTTGTAGTCGATCGTACGTTGGCGTGAAATTGCCATGGATACCTTATGTTACGGCCTGGCTATTTATTATGTGCACGGCGTCAACAAGGGGCGAAATTTAGGGTCCGACAGCGTACGGTACTGTGTAGTTAAAAATAGAATTGCTCTACTCTTGAACGTGTATGAGGCAAGAAAATAATCGGGTTTTTCGGAAATGGCGGTGGCTTGCTTCGTTTCAAATCTCTTTCTAATGCAGAACCGGCT,1087,49.31,Mus musculus
SEQ_444580,GATGCCCGAAATAATAAACGTCAACTGCGTTCGAGTGGTGGATTGGAATTTTATCTGATTTATGCGCTTGGTACCGCACTATGAGTCCAGACAGGTATAAATTCTCGGCGGAGCTGAAGCATACCACTTTTGCCCCGATCATATGGCAGGATTGCCGAGTGCGTTCGATTCGAAGAACCCCTCCGGTGTCAGCTCTACGGTCTCTTCCTGATGAAGCGAGCTGATGTGCTGAGTGGTGCTCCGCCTTCTCAGGAGATATCGGGTCAGTTGTTTAGGTCGATGCCTGCTCGTACGTTCGACATCTCAAATCGTACCACGTTGGGATGAA,328,50.3,Mus musculus
SEQ_891122,ATGTCAACCCCAACACTGACTTGCTCCGGTCTTCCCATCCATGCAGGTATTTCTTTCATCAACTGCCATCCTGGAGTGCTTAACAAACGACCAATAAACGTTGTCCGGCCACCGGGTTGACCCTCACGGGATACAATTAATTTCTAGGAGAAAGTCCCCAATCTCCTCCCACGATTGGGTCGAACTTTTCCGCTCATTAGTAGGCCTCGATTTCTAAACGCCATACTCGACTGAAACAACAGCGCCAGAGGAACGGGTTATCGCAGTCATTTGCGATGGGCGCTGTGTGCAGGGATTAAGGCACTTGGCAACGAAGACGAGACCACTTACTCACCCGGCCAGAGTATAATCTGAATTCGTAACTATGTACTACGTGATCAGTAGTACGAGTAAA,394,48.73,Mus musculus
SEQ_414236,TGGCAAGCCATCGCGCTCCCTGCTCACCTGGCTTAGCCCAACGCGAGGTTCATTCAAGCTCGCTGTCCCAAGGGGCCGACATATAGGTAGGTAAAAAGTCCACCTGATGTCCGAGTTGATTTAATGTGTAATGACGTGCCCGCCTGGCTAATACCATAACAGACCGGGCCGTCTCACATAGGAGGCAAGGAATGGGCCGCATATAACATACTCCGGGCGCTTACAGTTGGGCACTCTTTCTGTTATGAATCTACAACGCCGTTTGTTTACTCCACGTCTGCCATTCCCCGTAAGAGTGGGCCGGCCGAGGTATTCATTGGGCGTGCGCCTCAATATCCTGTCCGGTCACGGGAAACTGTCCCAATCTACTCAAGTGGCGTAGGGACGCATAATGTCTCCTCAGTTTTTGGCTCAGCGACAGGGTCATCACCTCCTCATTCGTCCAGCAAACAATACGCATTTTATTCCACCGAACACTGGGCGAGCCGTAGGGTGGGGGCTCGTTATCTCTCAGCGGCACCGTTGAGACCCGATTCTCTTCTACAAAGTGATGGTCTGAGGGCTAAATGCGATTGGGCGGCCAGCGCCACAGGCAAACCGCACCATTGATGATAAAACACTCGAAAATCTTTATCCAGGCAGCGGTCTTGAGTACTCCTCCCACATCCGTTTGTAGTCTGTCACAATAGAGGTTTCCAGGACAACGAGCTGTTACATACTCCTCTTGGGAGGCGCTTGGGGAGAGGCAATTACATAGTAGGGATAGCTCCCGAAAGCGGGCAAGATAAGAGGGACGAGTGCTCATAACAAAACCTAGAGACCGCACTGTTTCAAGATCATCCGTAATTTACATAACGTTTGCCGGGCAGTAGCCGGGGCGCTTCCTCGACGTCAGTGGTGCCTTTGGTTAGCTAGCCGGGTGCCGTGTTCACAATTAAGAAGGAAAGCCCTCACGAGGTATTACAGAAGATAGGACTATCGATTATCCTGCGGGGTCTATCGACCGTATGTAGAACCGACTTCTGTAAGAGGGGACACGCGTGCTCCAGTCCTCTATGGATGAAAAAAAATTGTTCGATGCTGATACAGGGGCAGAAACAGGTTAGTTGATCTACGCTGACAAACGCAGAATCCGTAAAACTTCGGTTATAAACGCGGTCAGTCCGTATCACCGCTGGCCTATACGGTGAAGGCGCCGGGTGGAATTACGCTAAGAAGCGCACTACATTTCTAGCCCCCGTAGACGCACACAACTATTATTAAGATCAATCACAATGTAGATTCTGTGTCCGTTGAGGAGTTGCAGCGTAGAGCTGTCGGAGTCTATACCTGCCTGTTGAGCTTGTTATGCCTATCTCCTTCCGCGGATTCATGAAGGATTAGCTAAGACAACTTACCTTTCCGCTCCGTAGCTCACAATACAATCGCTTCCACCGCCGCGCTAAGGCGTACCGAAATGGAATGCCCTCGACATTGAGGCGGTATTCTAATCGTAATGGGTCGTCTTGGCCCGCGAGTTGATTGAAGTCGAAGGGTAGTTAATACACCCCGTTCTCAGCTCATTCTTTCCAACAACTCGTACGCTAGGATTTGTCATCTCATGCGTTGATTATCACGTTGCATAAGAATCGTATCACACAAGGCATTACCGAACGGAGCCTATCGTATTGAGGCGTGCCGGTGCCCCATAACGAATGTTCCACATAATTCGAGCCGGAGGACTAACTCACACGCGCCTCGGCAAGGGATATACCGATGAGGCAGCCGTTGTATTGAGGCAATTTGTCTAGCAAAGCGCAA,1800,50.89,Mus musculus
SEQ_276740,TTAGTCCTGCTAGGAGTCTAATAACAGTTGAAATGTTCGCACGGACAGAGTTCTCCCGGCGCATGAGACTCGTGACTAAAATATCTTTCTCAACACCAGGAGCAGAGTGATAAATCGGTGTGAAGTGATCGGGGCGAGTAGAAGCGGGAATAAGGTCCAGTGCGAATCGATCAATTGCATCTCAGCTCGTAATTGGGGGGTCCCCGTAATCCGTCCAGCGCAGTTAGGGAGCTTTGGGCCAGCGACGGATCGGAGTGTTGACTCTGCCGGAGATCCTCGAAGGGATGCCTTGATCCTAATGCACGGTCCACCATGGTAACCTTCGGCCTAGGACCCAAAATAATACACGGCAGCTCCCGACACGCTAAGTCACATCCGGCTAATTAAGCCTTAAAACGGTAGATATGGCAAGTTCGTCTACTACTATACTTTGCGTGATACTAGGTCTTTCGGCATTTGTTTGAACGGTCAACTCTGTTCCAATTGCCAACACAAAGGGCAAAAGAGTAGCCAGCAGAGGTCCCGCCACTTACAACTTTGGTCTAGCCGTTAGCTGGAGCGGCGACGGCTCCTGGAGCATTCGAATGGTAGGTTAACAGCAAGGGTGTACAGCGGTAACTAATCCAACGCACTAGTACCACGAGGGCGTAACCACGCGTACGTTCCAGATACATGGCCATACTTATCAATGATAAAGGCATTGCGAACACGGCTTCGAGGCTAATGTTATGGGGGAATAGGATGGTGTTACGATTCTATTCCAGGTACCGGCACCAGCTGTGTCAGATACATGTAAGCCTATATAAGCTACTGACCACGTGTGTTTATGATATACTCAATATCTGTGGGGCGGTAGGTGGGACCGGCTGCGGTTGCGACATTAATAGACACAATCAGGGGCAAGTCTGGGGTACACTAGCGCTGATTTAAGCTAGAAGCTCCTATCGTCGCTATTCGGCCCACGGCATAATAACAAATAGACATGCTACGAAGTTGCCACAGTCGATTAGGCTCCCTGCGGCCAACATAGTAGTGCCTGGAGGCCCATACGAGTAGACAAGGTAGAGACTTTTCCTCCGTGGGTTGAGCTAAAGCTTTCGGAATGTATTGTACACTTGTGGGGACCAGTTGGGTTACCAAATTTAATGTAGGAAGTAGTGGCCTTATAGGAAACAAGACGCCGCCCATTTATATTTGATGCAAGATGCAAGCTCATAGGAACCACCCGCCTACCCCGGTGGGCCAGCCAACCTGTGATATTCGATCAGTCCGCTTACGCGAACAGTGCAATCGGTCAGCGCAGTATGCACTGCGATCTGACCATCTTGAGATCAATTTAATGCCTTGGCTAATGTAAATGGTTCGATCCGAACACCTATCCACCTATACGTCAACCACGAGATATTGTCCTACTTCTTCTAGGAGGCTCACATAGCATACATTCTGCGTCGTTCACCCGGAGCTCTCGGTCACAGCTCCTACACGCTTCATGGGTCATGGATGTGGTATTACGGTGTAGATTGGCCGCGA,1530,49.74,Arabidopsis thaliana
SEQ_450040,TTAATACCTTTAAAGGATAGTATGGAACATGAATAGTACCTCGCAGCTACGAAGCCACAGAAGTTGCAGCGCTTTTTAACAAAATGTATAGTTCGTCTTGTATCGCTTAATTACTATGACCATGTATGCCTTAACTAGTAGAAAGGCAGGGTGACTTAGCGACATATTAGTTGAGCGCTACGAGATGGCCATCGACTGCTATTAGCGAACATCCTTAGGCCAAG,224,41.52,Escherichia coli
SEQ_250524,GTGAGTCATCGATTCCCTCCTGATAACCCTGAGAACGGGGTTCGTTATAGCACCGGCAACCCACTAAACCAGCTTATACTACACTCATGACACACCAACCTGAAAGGACTCCCATCTGGCGCTAGCGTGAGACAGTCGCAGTAGCATTATCTTCCTTGTTATGCACGGCAGGGTAACGCCATTTACCCTTTGGGTAGGTAAGTCGGGCTATACCACAGCTGTTTGGCTATCAACCGTTACGTGTGCGGGGCCAGTAACCCTACGTTTATCTTAATACAACGCGTAACCGATCGTATTTTGGCGACCAAAACAGTGAAATCATCCTGATTAGCCTCCTTATTTGGTTTGAGTACAACCGGGTCGGTAAGGCGGCAGGAGGTAACTAAACT,389,49.1,Homo sapiens
SEQ_944238,ATAGCTGGTAACGTTCCTGGAGCACTTGATCACCGACTGTCTAAATCTGGTACTGTAACACGAAGGTGGCTATCAAATTGAATCGCTAAGCTCCCTACGTACCACGTCACCTGGATGGCTCATTGATATCTGTGTTACCACGATGCTCGCTTCGAATAAATGTATTGTCAGTTTCCCCTGGAGCTATCGATCAATACTAATTAGATAAAATGAGTAATCTTAAGCGCCTGTGTTCATAGTTGGGAAGCAGTCACGAGGCTTATTGCAGGCTTCTTTATTCAGGATACAACGAGCTATGTTCGGGCTGGCGTAGATGCGCAGGCCAGGCGCTTGGCCTACCGTTTGGTCTAAGTCGCCACATATGCGGTTGACTTCCTGGAGTATGAGTTAGAACGGGAATGACTATTAAATTCGTTCAGTTCCCGGCCAGAAACATAATGCCGGCCGCGGTTGCTTTGAAGGTAAGCCGGTGCTTTCAACCAGGCAACCCTTACTTGCCTGACGTAATTCTCGCCGGCCCATTCAGCCACAGGCTAACGGCATCCTGATTGATGGTTTCATTGGGTCACTGGCACGCCCAGAAGAAGTGAATGCTCAGAGTTTCATGACACTCGGGGAGGGTATGTCCACTTCTTGAGATCCCAAATACGTTTGACCCTGATGGGCCGTACCTGGAATTCGATTTTGCCGTATAGATCCCTCTCCACATGACCTGGGTAATCAGGTACTCAGAGATAGGAGACAACCGCCTATATAATAGCTGACCAAAGTTCCGG,776,48.58,Escherichia coli
SEQ_819055,AGTTTGAATGACGTGGGTTACATGAACATTCTATGGAATGCCAGTGCCGCAAGCCCTGATCGAATCTAGACAATGCATCATTGG,84,45.24,Saccharomyces cerevisiae
SEQ_249833,GAAAGATGACCAGGTGCTTCAACCCAAAAGGCACGTAGCATCAGGAAGAGCGATAACTGCCCGGACAACGTATGATGGGTACACGACCTCAATCTACAAGGCAGTCCTCAAATGACGACGGTTTCGGAAACTAATCGCTCAACCGGTGAAAATGTGTATTCCTTAGGACCAAGGGCAAAATGTTTAGACGTACTTTCTCCGGGTTATTTTATATAAATTTCGCGACGAGTCGACTGAACAGCCGAGTCACCATCATTCATTAAAAAATCAGCTAACATCCTTCGGACGTTCCTTTTCTAGTCTCGGGATACTTATCCAGAACCTACCAACTTTCCGAACTGCTCGCTCGGACCCGCCTACATAGGGGATTGTATGTCCTTATGCCACATATGCTCAACTTTATATTAGCATGTGATTCCGGAAGTTGCTGGCGTGGGATGGTACGAGTCTGTTAATGATTGTTAGTTAGTAAATCGTATACAGTATACATCGTGGTCATCTTCTACACAAAGTTTGAAAATTTATTGTCGCATGACTATTTGGTGCGACTCCGTTCGCCGGACAGCCACGTCGGCCGCCGAGAGGGCTCGTGGGGAATTGCCTGACAGCAAATATTATCCGCTTCCTGCTTTCTTATTTGCTTCGTTCTGGATAATTGAATATGCTAGCTGGTGGTATCCGGAATGATATGCCATCAAATAGGGATCGATGCTTTCGCTTGAACATCAGAAGATGTCCGCGGTCTTGGAATGACACTTCACTGGAAGACAGTAAATTTCAGTCGCCTGTTGTTGAAGAGTGCTTATCGATGAGTTTGCAGTCACTGTTTCTAGTACTCATGGCCTCCCACTTGAGCTCCCGGAACGGTGAAGAGATCTGGATAATGATTGGCCTCTTATGCATGGAGTGGGCGATCAACCGTGCAGCTAAACTAGCGAAGAGGCACGCGCCACTTGACGATTGGTGATTCAAGTGCTCAATGGCCTTCCGTCTCGGTATGATTGTCGTCTTTCTGGCTGTGTAAGGCTGCCAGGGTGCTACTAACGGTTTGTCGTAATAAGTCCAGCGGAGTACTTTTGTTACACGTTGACATTCACAGAATGCAGATCCATCGTATCTACTGCGATCCTGACTAACCTAATGCTACAGGCTAGTGGTCAGAAGAAGTTATCCTCAGCAGTCCTCTCGGAGCACTTGTCCACCGACTGATAGTGCGCATAAGGAAAACGTACGAATCCTCCTGGTGTCCCACGTCCTCTAGAAAGGTATACGTGACGTGAGGAGAGCACTGTTCCAGCAGGCTCGTGGAGGTAAAATTTTCGTTGAGGGAAATCCACACGTGCCTGAGACCGAGTGTCTACAAGATGGCGAAAGGGGGGGGCCCAAGAGCTAATTGAAAAACTGGCCGGATTTAACTAAGACCGCGTGTAACGATCTTAGTTGCGGATAACCGGTTTG,1458,47.46,Arabidopsis thaliana
SEQ_929155,TACATTACTAAGTGCTAGTTTCGGAATTGGAGGGGACAGATGACATGTGTGAGCTTTCCAGGACGCAGACGAATAAACAACCTCGGTACATCGAAAGCCTTCCCAAGCCGTAAGAGACTAAACAGAGTGCGCGCGGTTTGTTCGCCCAAGGCAGACTTGCATTCATATCGATTGGGATCGATAGAGAATACGCAATTGACAGCCAGAAGTGCTTCCGCCGGCATTTGTTTATTTGGTGAGGAGAACGTACCGCCTTACAGACCTAGCCACGCAACTTACGGAGCCGATGGACCTAAGTACGAGTCCACCACAAACCACCTTCCGAGTGATGAGAAAATAAACAGCTGATAGCTCCAACGATTACTATCATCTTACGCCAGGCACGAACTAACTCTGTGCCAGCGGAAAGACGCATCTCAGTGAAGATGTGGCGCATTTCCTTAATATGGTGCTGCAAATAGCCATTTAAGTCAGACCTAAGTTTTAAGCGTCCAAGAACTTTGTTCCAGGAATCACCGTTGGTCCCTAAAGTGGGATTCAACCATAACAATTCTTAGGATCGGCATGAAGCACTCAAGCACCTCAAACGCCATCCGAAACCCCGTCGAAGTTGGTAGGAACGCCTACGCGACTGTGAAATAGCGTCAGGGCGGTCTATTGAATATTGAGTTGGAATCTATGCCCGCTCCTCGAATTGTCACGAGTCTCATTCGGTCTTACGAATGGGGTGGATCTCGGATGGTTCCGGCAGGAGGTATAGTGCAGGACTTAATCTAGTGAGTCATTCCTCTTTCTCCCTTTCTGAATCAAGCGGACGGCTGAACCGGACCAGTTCGACTGACCACAAACCGGACACTGGTGATACTTGCCACAGGTGAGTTCTCGGAAATACGGGCTACCGGAAGATCTGGCCGTACCAACTTCCCAAATCTCTTTTTAGTGAAGTAAAACTTCGTCCAAATCAACCTATAACCCCACAATTTCGTCAGCCTGGACTTCGCTACATT,1007,48.36,Homo sapiens
SEQ_775351,GTTAATCAGGTCTCACGGGGGTAAGACAATGGTCCGAATATGCGTCCTTCAGGGCAAGAGTGAAGCCGCACTGAGGCCAAAAGGAACTAACAGCCCAATAAAACCTCTGTTAATACGCATGTATCCCGGCAGGGAAGTATCTCCACGTTTCACGAGGGATCATGGCTAATTGTATACGTTCACGCCCGAGGCCGCCATCGTTATGGGCTACTGTCGGCCTGCACCAACGTAAAAGTGAGACTTGTATAATTCAGTCGTTACGTGCAGTGTGTCGTAGGGACGACGGGAGATACACAACGCGGCAGAGAAGGTAAGGGGAACAAGGGGACTGAATCGATTTGTTCTCCCCTTAGACACTCGCAAGGCTGCTCACCCGGTGTCTAACGGATTATTGTCGTACAGATGAATTAAAGGTATTACATTTAGTAAGATTCCCAGAAAGAGTTACAGACGGCGAGATTCTGGAGGACATTACCTAACGGCCCACAAGGAATCGAAACGGCCAGTTCACTCAAGCGATTGGCACAGGCCAACGGAGGACTTG,544,50.0,Arabidopsis thaliana
SEQ_754539,TCATACACCTTTCCTCAGATCTTGCCAGTCGCTGTACAACCTTTCCCGTAGCCGAGAAACTCGGAGCCTGCGAGGCCACAATGCGACTACATAAAGTGACGATGTGCAACAATCAACCTTTGTTCGCGTCTAGCGCTATAGCAAGGTTGGAGAAGTTAGTCAGGATGATACGACACATTTTTGTGGAGCAGGGATCATCTCCTCATAGGCCAACCTTTGAACGTTGCTCTAAATCGCGGGCTGTCAGTCGTAATGCGCAATAAGCAGCAATGGTTGTGCGCGCGCTGAGTATTGTTACCTTGGTTTCCACGTGGGGAATACCTCCTGGGTTGTGCATACGTAACACAACCAAGGGATTGTATAAGGGGTAACTGATGGTTTAACTTGCGCGCACATTATCGGTCGGTTTAGCGACAGACACGCTCCGGGACACATATGACATAAGGTCCAGAAATTAAGTACAGTATATTCTTATCCTAAGACAAGTTTATTTGATGACACGTTACCTCGCAGGCAATCGGTAGATTAGTGCAAAGCGTTTGGGTTCGATGACGTACAGTGATGATCAATAAATCCCTATTTGAATATCGCGACGATTGCAGTTGAGGAATTTGAGCTGGTCCGATGTCAGACAACCTAACAAACGCAGCTGATGGTTCAAACGTGATAATCTCAATGGCACGGCTAACTACGGCCTTTTTCCTGGGATGCAGATTGACACATTTTAACATTCCCACGACCGGGGTTAGTAGTTTAGTAGATCCATTACAAGCCCCTCTTCGCAACACTGTACGGCGTAGCAACTAGCGAGTGGTACTCACCCCATGGACCACGGTTTCTTTACGTCGCCGTAGGGTGAGGCGGGGTGGACTGATAATGCTTGACACGAATATGGGATGCCGAAATACTACCCCGTTACAAAGAGGGCTAGCGGCTGCGCAAGGACTAAAGACATCCGCGAAAGCAACTCGGCTGTAAGAAGCGACTATAGAACAAATATGAGAGGAGTCCCCTAATGCCGCACCGAGTAAGGTAGAGTGATAACTGCCTAGCGCCAAAGCTACTGACAAATTTGCTGGCGACCGGGTCTAGCAACCAGTATTCCGTTTGACAGGTTGCCCGGAAGGAACCCGGGGGCCCTACGGCTATACGTTTCGCCGAAATGGGCCTAGAGTCGCTTCTCACGTGGGCGGGCGGGCCTACTTCTCTGTATGTACTCACATGGTTACGACTGCGTCATCTCTGGTACCCTGTGGT,1257,49.48,Arabidopsis thaliana
SEQ_814218,ATTGAGTTTGCGCATACGACTTATCCACACTCCTGTCATATGTGTCAAGGGCAAACACTGGCAAATGAGTCAGGCTGGCGACTGCTTAGGCGCTCGTCACATTGGCAGTGGCGGAGAGTGCATATCGGGGGCGAAACCCATGATAGTTAACTCCTTTCTTCGCGACAAGGCTACTAGCGATACTTGACGACATTTCGATCTTACGGAGCTACATCTGGGCTAGACCTACCAGGTGCGCTAGTCCGAGTACTCGGTTGGATCATGCGATGTATATAGTTCGGCTACTACCCAACTACGCCTAGTTAGCAGTAGGGTCTACCCCCGCGTCTCTAGGTGTGTAGACGCCTGCTGTAGCCTTACGTCCATCGCCAACTACCTGCCCTGGATACGTACATCGACATGCCCCGTCGCTAGGCATGGTAAAGGTGTGAAGCTTGCTCTAAACGTCGGAGGGCATTACACCGAATTTATACAGTTACTATTGGCTTTGAGGATAGCACCAGTATGCAGCAAACCGCGTTCCCGATGTTCTGAAAGAGCCTTTTCTATAACTTCAATGATCTCGACACGACGCCACACTTAGATTCGATACCGTTAATACTACCTCACAGGGACCAGGAGTTCGATCGGTCTCAGCACGTACACCCGTGAGCGCAAGCTATTTGGTTTTTGAGTCGAACAGAAGTATAGCACGCTGCGATATCGGCTTATCCAGCGGTCCATGCGTTACAACCTAAGCAGGGTGTGTCGCGGCACTTGCAATGTTTAAATTGAGTGACCTTTTTAAGACACACCGTGACGCTCAAGCGTCCTAGCGATCCAAGGCGGCGTACTACCCATGATCGATAGGATACGTAGCTTTCCATTGCACCGCGCCCCTATAACGGTGCGGTACGAAGACACCTCACCATACGACCTATCGGTTTCGACCATTCCAAACGGCTGCCCGACGATCATTGGGCCTCAACCTCGATGGGTTGCAGATGTATGAGTCGTGAGAGGACGACTCATAAGCTATCTATGCCACGAATCAACGGCGGGTCATATGCTCTTTAATGTACAGCCCTCGGAAAGTGGCAGGTGCCGGGACATTAGTCCGTATTTATATTTGTTACCATATCCCTGGGATGAGAAGCTAGTCGAACTGACGACTTTTACAAAGATTCTGAGTCCATGATTGGCCCATCGACTAAACCGATTGCCTTCTGGCGTCGAGTCTGCATTGCGGCGATGCGCGCACCAGTTGCCAGCTCCGTTTTCACCACGGCTGCAATAGGGTGATGCTTCTGACAGTGACCCGATGTGTCCGTTCTGCGTATTGCATTGTGGAAACGTACAGTCAATTCGCCGTACTTAGTGACCGATGCTTTGCTACGATGTTTTGTCCGTATGTGGAGTTGGTGGGTGCATTGGAACAGTGTATCAACATGTGAGTGTGCGACTGTATCCGGCTGACACCAACCATTAATCCCGGGTCTATATTATGCTTTACAGTATTCAGAACGGTGAATGGTTGTTCGATAGATCATGAGCCACTTCACAGGATACGGCTTACTCTAGACTGCTCCGATAGTACCCCTGAGCGTTCCGGTTCCGGACCTTGTTTAGCCTTATCTTACCAATGCAAAGTCTGCGTCTCGACACAGGGCATATAACGATGTACTTGTGGCGCGCGGCTGATGAACGATAAGGAGCATTATAACCCATGGTTGAATCCTGTTTGCTCACAGCTGAGTACATAGAAGAGTGTCGTCTCGAGGCCCATACACTAGAATTTCTCTAGGCTCTCGCGTATGCCAGCACGAACGCCTTACGCAAGACCCCTGCTGTGGTCCTCCGTCCTAGCCCTTGGGAAACAGATACTAAATGCACACCATGATCTCGGGGATTGAACTCTGACTACCGCTTCGTCGAGAATTACGACCCAGAGCAGTATGAT,1939,50.39,Saccharomyces cerevisiae
SEQ_854978,GTCACGAAGGTGCACCAGGAGGCGAAACGTTCTCACGCTTGCAGAGGGTTCATCCTCCGTTATGACCGCGCCATCTTTAAAGCAGGGCGTGTCATGAAGCGATCGAAAACTTTTAGCCAAGTCACTCTGCGAATGGGTCAGACGTCCTTTTTAGTCTTGCGTGAATTGACAAGTATGGACGCCGAGTCCCTCAGATCGTCCCGCTGCCACCTTAGACAGCAAAACAATATCATCTCCGGGGAAGGGATGCTTCCACGCCGGCTCAGCCGCAGAGGTGGTTACTAAAAAACGATGAGTTTGTTTTAGCTTGGACGAGGTACATGACCGCTACTCACTTAGTCTTCACCCGGGTCTCTCTCCTAAACACACCCCGCACATCTATGTTCGTCTGTCAATCGACCAGCCCGGCCACCGATGGACCATGCCCATAACGGTGACTGTGTCGTAAACGTGGCATCCTATAGGCCGAATAACGTCCAGCGGCTTAATAAGGGCGTTGGTGCTTGTGGTTCTTTCCCAGAATGTTCCACATGGTTCCAGCCGTTCTGTCGCGATTACGAGACTTAGGATTGTATCGAACGTTTTTTAATATCGTAAGCTACCGTCAAAGCAGTTGGGGAAGGCTGTGCGCAGTCCCTAGAGAGTAGTGTTATTGCACAATCCCGTGACCTGTGTATCGCCGTCACTCGGCCAATACTCAGGCTGAGGCTATTTAAGAGGGCCGGGCCATTGGTTACGCTCCATTAAGGATATGAATGACCTCCGTACGCGCTACCAGAATCTTAGTTGTGACGCTTGACGGGTCGATCAGCCTGGCCCCTGGTTGATGCGGTTAATTTTGGCGGCATCTAGTAATTTATAACCAATTGATATGACTAAGAGGTCGGGGATAAAAGTTCCCAACACGAAAAATTTCCCTGCCAGAAAAGTGACTGCCGACCTGGCCTAAGGCGTGTTCTATCAAGCCGGTGACGGTCCCATCCGTAATACTTTGGGAGGTTAGGCGTCTACTAAAACCAGCTCTGGCGCCACCACAATGCAGGAGCGGTATGGTGGGAGAAATTACATTGCGTTTCATAAATCGTTATAATTCTTTAGCTGAAGGAGACCTTCCGGGCGGCCGACCCTAGTATCTTGAAGCTAAGGGCTCTAAACTGCTTTTACACCTCCGCTTGCAGTGCTTGTTTAATCGGACGGGAAAAAATAGTGAGGCCCATAAAAAGCGTTTTCA,1231,50.2,Escherichia coli
SEQ_620044,CCAAGCGGATAACGGAAGTCTGACATGAGATTATGGCCGATTCTTCAATTGTGGCTAAGATTACAATCACCTGCTACCAAGAGGTGGTCAGACAATCCGGCTGTAGCCGTGATCAATGCGACAAATTCACCCTCGTCCGAACACTTGCTATATTGGGCGACGTGTACGCCGGTACTGACATTCGAAGTGGAGTGATCGCCGGTGAA,206,50.0,Escherichia coli
SEQ_772586,CTACTGTACACGCATTCTGCATGCTTTAGCAGTAGCTGGTCGTGATTAGGACCAGCATCGAAGGGGCCTGCTCTTGCGACACCCATAGGGGGCGAGATTACTGGGGGGCAGCATCTTAAGGCGCCCTTATAAGACTAGATGATGGATAATCGATTGGGACCGTTGCATTGGAAGATGCCACAACGGATGCGTCCTATGTGCCTTAGCCGGTGAGCGCCCAAGAGCACGTATGAATAGAGGCTAAGCAATTTATACTGCCCATCATGCAATTGAACTCGATGCCTTTCGCAGTTTGACATTACGAGCATGATCCTATCTCGTGGTACTTGCGACACGGTCCTTCCTTTTGTTGGCCTATATCGGGCGCCCTGAAGGCGAGTCCTCAGGCAGAGGTTCGGCAATTTCAATGGATGAGCGCGGTGCGTCGCTGGCATTATGACGGGGTTCGCTTAAAGCCAGAGCACCCCATCCTACGTTCACTAAATATCAAATGAATGTGTGTAGGAATCGTCGGTGCCTTATGCAACCGCTTCACTTGCCCGTGCATACTTATGGCATTAAAAACAACTGATCGGTGCAGATTGCTCGCTGGGGAGAGTAACATCAGTTGACTGTAAGGATACGGGTACCATGAGGCGGTGACAAACTACCTAGTTTTTCGCTGATTCCGTCAAACCTGCAGACCACAGGTATATAATGTCTAACATTCGCGGCCCGCGATCAGGACGTTAGAGGAGTTCACGGCCCACGCTGTATACGGCGCAAACCCAGAAAACTAGGAGTATATTCGGATGGAGTAAGCACTTGATACCGGCCTAGCGTGTCTGAGC,830,50.96,Mus musculus
SEQ_332723,CGTGTGGGCATAACGAGTGGGTTCTCGATTAGGGGGTGCGCACTGGCACAATTAGTCCCACTCTGTCTATTATCACGCGCTACCTGCAGCTATCTGGTGACTCCTAAGTAGGAAAGTGGTGTCTAATATGCTATCGACTATAAGACACTCGGCGCCATCGAGGACCACGGATAGGATAGGAATACACGCGTAGATATGCGAAGCATGAGGCATTCCTAGTACTCTCAAATATCGCTCCGTGTGGAAGTTTATAAAGTTCGGGTGCGAAATGATCCCTCAACCTTACCTCTTGCCTTCATGAGATTACTCATTGGCGGTATGTCTACCACAAACCGCGGAGAGACTCCCGTCTGGCACATACTCGGACGGGTGATCTAAATTGGGAAAGCTTGCGGACTAATAGTCCAATACTCCCCCCTCTTCCGCGAGCTAGCCGCACTAGATCAGATATTAAAGAACAGATCCCAACAATTCCTAACGTGCTCAGCCCAAGCTATACCTCCTGCCAGCGGCCAAATGTTGGACGGCACCAGAGGATAGCACGCTTTCGTAGCAGTGGGCAATTTAATGGGCGTGAACCATACACATCGAGCGCCTCTAGTCTGTACATCCAGCTTTCATATAGTGCACGCCACGGCCATCGGACATCCAGAACCATCTTGAGTCGCCAGATGATCTCCAGTTGCCCCCGGCTTCCGTGAGGGCACACCTTCTCCATGTTGAATTGTTACTAAGAACAGGATATACTCAGTTAGTCGATTTTATCATAAGGTGAGCTAGCACCGGAACTTAGTCAGAAGCGATGAAGAGATTTCGGTAGTGGAGATCAGGTTCACGTCGCATTTGCAATGGGAGTTACTTGCCGGGCCCCTGCTATCTAGCCTCGTAGCAACCGACTTGCCGTCACTATAGGGCAGTGTCGGATAATCTGTTAGGGTACCAGGTCCGACGATAAAATCTCGTTGTGCCTGAGAGCTTATTTGCGATGCCGGCGATTCTCAATGGAGAATCGCAAGCTACGTCATAGTTCAACCGATATGGCTCTGTCTATTGACTGTCACCACTCGTTACACACAGCGCGCAGCAGGTGATTGTGTCTCACGACCTTTGAAAAATCATATCATAATCAGGTTATGAACACCAACAACCAGCTGTGAATCCTGGATGGTCGTAGGTGGTCTCTATAGATTCCCGCCAAATCTACACATCCATGTAACCCTTGCCTCTTACCCCCGTATGGGCTGTATTGACTGGATACAGATACCCAGTATCTTGAACAAGTGACACCGTAATACCGTTGTTTTTTAATAGTCTAGTGCCAGGCACGAGCATCACACGCAACCGGTACTCCGGGTAATCCGATTTCGAATCATGACGTGACGGCAATCCAGATCTGATGGACCGCCTCAGGCACAATGTTTATCCGCCGTGCAGTGCGCCACGAAAAGACAACATGGATCGGACAGTCCGGTGGCTCAACTTGACCGGCAGCAGTGCATTCCATATGAGCCGACCGGCCCTGAAAGCAGACAACAGGGTAAGCAATAGGAAGAGGCGGGGAGTAACTTCCAGGGTCTAAAACGATACAAGCGGGTCGCATCTACACTCGGATGAAATCTACTCACCGCTATATGGCACCGATCTATCCCGATCGGAC,1657,50.09,Caenorhabditis elegans
SEQ_120458,ATATGGCCAGCGATGGCGTGGATTCCTTATCTAGTCGATACGAGGGGAAAGAGAGTTGGCTGGTGAATAACTATGAGAAGCAGAGGTGGATACTTTCGCACGGACTTGTACATGGGAGACCTCTACCGCTGGCAACCCGTCCAGGGGACGCGGCTGAGTAAATTACGAAAGCCACCGCGACGACGCAGCGGGGGTCAAGGACAGTCAACCGCTCAACCAAAACAATATGAGTCATGATCTTCTCGCCTTGAACTATAACGACATAATTCGGACTTTAGCCGTAACCAGTACTCCAATAGAACTCACTAGCCTGTCAACGTCCGCTCTCGAGTCTCTCCCGGGTTAGGCAGATAATAAGACATGAGCATTCTGCCATCGACCCTGGTAACAAGGAATGTACAAGTAATGTTTTGTAGTCCACTCCCTCTTCCGTGTTACATTAAGGGGCGGAGCGAGTTATGTTGTGTATTTAGTCTGTGGGAAAACCCGAACATCATATACTGAGGGATTGGGTGATCCAACTCCCCTAGACCGGGGATTACCGTTAAACACCCCAAAGGTAGCAGGGGGCAGGGTGAGAGTTTCACACTGACTTGCGTCGGCTTTAATGATTACTACAAAAATCGTGACGGCCCGTAGCGCGGCAAACGCTATATTTCTCGTCCGCTCACATTTCTGGGGTGCCTGCGCACAACGACCGGAACAGGCCAGGCGGAATTGGATGTAAAGTTGGGCCACCTTAACATGGGACGTACAAGTCGGAATCAGACCGTGCAGGGGCTGTGTCTCTCACCCGGCTGCGGAAAGGCGTTCAAAACCCGGTTAATACATCTGTAATCGATAGGTTTATCCGAAGGGAACTTATAGACGCTCCAACCGTAGCCGTGAAATCACACATGTGCGGCTTCTAGCTGCTTAGGGACGTTCCTACGCCCCTAGTTTGCGACGTTAAATACGATCAGACAGATCCTCCCGTGTTGCTCACCGTCAAGTATAGTCGTTACTGGAGTTATTGTTAGTATGGTTCCAACGTTGAATATATTTATGAGTAGCCAACTTGACAATTAAGGTGTTTAACAGGGGCGGGACAATTACGACGTCGTTAGGATAAGTGTGGACCGACTCTTGTGTGATCGGCATTACGCAGGACCGTTGGTCAACTGGTTACCGCATCTACCGACAGGGCTATGTAAACGTTCGTAAGGTTATCTCTCTGTTGTAAACATTAGACTGCGAAAGCGT,1242,49.52,Saccharomyces cerevisiae
SEQ_909099,GATTGAAAGTGCTAAGTACTGGAGATCAAAATTGACTTTTCAATCGTAGTCCGCGCCAGGCAGCAGGCGTCCAAACCATCGTTCTGGGTAATCATGAGGTTGCTTTAGGGAGAATTGCCATCTCCGAAAGAGAGTTCCGCTTCTATGAGTTTCATGATGCGTAAAGAACCCAGGAATCGAGCGGGCGGGAGGGCACCTTAGCATCTGGTTGGCTCAAATTGCTGTTCCGAACTGCGAGATTTTTCTGCACCTTCGAGACCCTGCTAGTTATTTCATATGGCTTTGCTCGTTAATGGGACGTGTAGAAGAAGGTAAAGAGGAGTCTGTTTGGATCACTAACGAGTTCGAGAAACGTAATAGTCCAGCCGCTGCATGCAATTAGCCCTGCCCGGTGTATGTATCTTCTCTTGCATCCCCAAAGCCGGCCGCCGCATTCCTTGCTCTGGAATTACCTGCCGTCGACGGGTGTGACAATGGGGGTGCTTCTCCTCCCTGGTAGTGCGATTACGAAGCCCGCCACGGCACGAAGCCGGGCATTCGCAGGGAAGGAAAACCTCAATTCGACCCCCGGACTTTGTTCTTAACACTAGTCATTGGCTTTTTTAAAGCTTTTTCGAGACTCAAGGTACAGCGGACCGTCCGATCAATCGCCACGCGTGTCGTGAGCCGGCGGCATGGCTCACAGTATCTGCGTAACCCTAAGGCCACGTCACGTGCAGGTGGAATGATTATCTGCGCCCAGCAAAGATAGACCTGCGCTCCTGTACAAACCCCGAGCTTGCCCATCTGTGGTGTTGTCATGAACTCACAGGCCCGGGGGCGTTTAGAGTTTGCGAGACTCTTGTCACCTGAAGATTGACCCGGTGAACAGCATCTTATATATGGTCGGAGAAAGTACGGCATGTTCCGGTGAGAAGCACACGCACAAGGGCGGTGTATCTCAAGGCGTCGGAGTGCTACACCATTCGGCGGTCGAATCGCTGGTACAACGTACTTTTATCCACTTAAGTATCAAGGCGAGGGTATTGGGCGTGCCGAGCTGCGATGTCTCGGCATGAAGTCTAATGAGGGAATACTGAGATCGGCCCCGGAGTTTTCAGTTGTCATCGGGGCTGGTCAACTCGGGATTCGCGTTCGGCACCATGGACGCAAACAAACGCGTTGCGTCCGGGCTCTCAGTTTGAAGTGTGTCGGTTGACCTACGTCTCTTATACTTCAGTCTGTTGCGGGCAATGCCTTTGGGCTAGCGAATCCGGCTGTCAGCCTTATACTGCCATCTTTAAGTCCATACCCAGGTTAAACCTTAAGTAGCATTTAACTGAGTGTTCTCGGGCCCCCGTGCTAGGGTGATTCTGTCCAACTGCGTGGGTCCAGCAGCTAGTACTACACGCCGTTCTGTTGGAACGCGTTGATCTATGGTCCTCTATTACGTCTGGCAAAACCAATGCGAAAAATCCCTAGATAGATCCGACGGGTCATTGCAGGCAAGACTCGCGTGGTACTAATTCAATCACGTTAATAACGAGTTCGGGATCCGGTCGTAGCTTGGCTACACAGTTGCTAGGCTCTTATTCCTCGGGCACTCAAATAGCGGGTGAGTTCACACACTTTAGCACCATTGCTCGTTGTTGGGACT,1636,51.89,Arabidopsis thaliana
SEQ_235712,TACCGCAGTTACTCAGTAACTCCGAACGTGCAGTGATTACGACATATGTGATTCTTGGCTATAGGCAGTCGGCTCAGCGTCTTAATAACTCCCAGTAAGGTCAGGAACTGGCTCTTAGTAGATAAGCTCTGACGTGCGCGCCAGAATGTCTAGGTAACTGCGAGTAACGCATTGAAAATGTCTTCATGCTGTTTGAGAGCTGACTGGCTGGGATAATCACGGTCTACGGTCCGAGGGCTCAATAGCATGAGACGGATCGATCTACTTGTCTTCCCACTTACGTCCCGAGACAGTCGACAAAAAAAAGGCGGGTATCCAACGTTCCGATATTCTCTAATTCAATTAGTGACTGCTCTGCATGTATGTTCCCAAGTGCGCTCACAACTAAGTGTTTGGCGCACTGATTCAGGAGCGCGGGGAGGCCTGAACTCTCTGATCCAAGAACGGGTATCTTGTCATCTACACACTGCAGTTCCCCCAACTTCGGGAGGGGTGTGTTAGAACACAGCAAAGAAAGGACGGGAGCTAAGCTTATTACATACCTGATCGTGAATGATTAGTACAGCTAGACATCTCTTGGTGGGATCATTGGTATGCTAGAGATCGGTTACTTGTACCCATAATCATGGGTAGGAAGAGTTAGGTCACAGGAGGGTCGCTCGGCTCCGTTCAGCGGACGCAGTGAAAGATAACTCACTCGAACTTTGTATACCTTTATAATGCTCACTCCGATAGCCAGGCATCGTTCCTTAGGTTTGCACGCCCGAAAAGCAATCTTGGTGCGCCCGTAAGATGAGCGACTGTAGGGTC,810,48.77,Arabidopsis thaliana
SEQ_301828,ATCGTTATAACAGCCACGTTAATTTCGGCTACGAGTAGTCCGCATGTCGTACTGAGGGACAACCTTCAACGCGCTGTGAACGCTACGTTAATGATACTTGATAGGATGGCTTCACCGATTGATCCAACTGCTCCTTCATATGCCTTTCACCGAATTCGTACCTCATTAGATGCCCCCCAGATTCGCAACCGGGAGTCACACCGCTGTATAGAATATAATAGGTCACGGTTCGAGTCTCATCGATATAAATGACGTCAAAAATACTCTGCGCACAACAGGTGCTCTGACGCTCCTTCCCTCTAAGTAAGTATGGTAGCCCCTAGCGCCTACGATTGATGCTCGAATTTCTGCCGCGGAACTCTTCATGAAACTTCCGAGGCAGACCGCTATATAACCTCTTTGCATGTCCAAATGTCATGGCCAACGCTGACTGCGAACTCTGCAAAAAAATAATTCAATTAACCTGGCCGCCGCCACCGACGAAGCACCCAGAACCTACGCCATCAGGGTAAAGAAAGACCGCGCAGAATCAGGCCGTGTCGTGAAGTCGGAAGAACGGTGAGCTTTTGCACTGTTTGGAATGCGATGTGCCTAACTCCGTACCGATACCGCTTATATTGAATCATGTGTCGCTTCCGTACCTTCTCATTGGTGAAGCTTTTTAACACAGGAGTACAATTAGCAGCGTCGGTACCTTTGTTGCCGACACGCTTCCAGCATAAGCTCTCCGTATGTTAAACTGCCTTACCTAGAGCTGATTCCCCCTCAAAGGCGAGCTTTCATATACAGGTCTCACTCTGGATGCTGGGGTCTAGCTGATGCGCACAAGTCGAAAGCATTAGCTGGTTAGTCATCTCACCGAGCGAACGCTGCAACCTCATCCAGCAACATCGCATGGAGTGCCGGGTCGATGGCCGTGACGCCGGTTAGTCCGCACCTGAAGCGTCTGTTGAGTATGGGTATGCTAGGATATCCCCCTCGCGAAGTTAGCCATGTTGACGCTATTTCCCGCACTACTAACCCACCTGACCCTCATATATTTGCCTGACGTTATGCAGGCGGAGTATCTTCGAAATCCTAATGATCGCAAGATTTCACCCACCGGGCTGGTCTAGTGGTTATGTACCACAGCCTTCGGCTTCCCTGGTTACTCCTATACCCTGATAAACGTATCCTAAGCTTCGAGGGACCGACTGTGACGTTGGAGCCTCTCTATATTGCGGTTGGTAGTTAGCTAATCATCTGAAGGTTGGTCCTGTAGAGTAAAATACTCGCCTATCGTGGGCTCCCAGAGGTAACCGGACACCATATTCCTCATTACAGAGCACATCAGAAAAGGCTACATTATGGACGTTGGTGCGACACGGACCACACTCATCATTAGCGTTAAGCTATCCCGACAGCGGGCTAGATACACGGGCAACCAGGCGTCGCCAAGAGGTCTAGCAAGCATTATGAAT,1460,49.86,Homo sapiens
SEQ_988815,TTTCTTATGAATATACGTTACTTTTAACTTCGCATCCATAAGAATCTATTTGCGGGGTGCATCAGAGTTCGGGAAAAGTTGTGTTGGCTATTTTCGACTTAGCTAGATGTCGAGTAAATTCAATTGATCGGGCAAATCCAGTCGTTGTCATAGTAGCGAGGTAGCCTTACAACCTTCGAACTGACGTGCTTCAAATAGTTTTAATAAACGGCAAAAGGACATAACTAACGAGGTTTCCGACGAGAATTTGAACTCACGCGTCTTTACGGCTCGGCTATAAGACTCTTGAAGAGCTTCAGTTAATCCCCACGCCGAGACAACGTATGGTAATCGGGGATATATGTACAATCGATATATGGTCCGGAGACTCCCCTGGTACATCCATGCTTTATGGACACCAGATAATCCTGTTCCACACTGCGAGGTAGGGTATTTTCTACCCATCATGGTAGCGATACTTTACATCCTATTTTCAGTTGGGTCCATCCTAGCACGAATTCGCACGTGCGTGGACCGCAGCAGGCGTAGTCTATACATCTGTTCAACGTCAGTATGTATTTCTTTCATATCTTGCAGAGTTAACAGTGCGTTGTACGCATTGGCACAAACAGGCACCTCTGTGAGCTTTAGGGCGCGCGCCGACGACAAAACGAAAGACGGGATACGGTCATAATGTCGGCTCGGGACAGGGAACATAGCTACCATTAGCGACGCCGTTCGAGGCGCGAAGGATCTGGGCCATGACTGCAGACCAGGTTAGGAATGTGATATACGGAAAAGCGCGTTTGTAGCCTAGTAGCCGCTTATTATCTGTGTGATGAAGTCCATTACTATCTTAGGTTCGACATTGCAGGTGGAGTGGCCCAAGCGGGACCGTCTACTTTCGACTGATGTGACGCAGGATCGAAATTCTCTCAGATGGACCCCGCCCAGGAACATTCTGCTGTTCATTTACTTTCCAAGCCTTTATGCAGGCACTATGTGGTGCAAGAGATTGCGAGTAGTCAGTACAGATATGAGACGCACAGATGCTACGTGGCAGCGAAACGGCTCGATCATTTTAAATAAGTCTCACTTTAATGGACACGGGGTCTTACCATCGTTTGCTGTCACTGGCAAATCAAGCCGCACAGTTAAACATGTAGCCCAGCTATTGTTAAGGGACCGAGCGATTCTCGAGTCTGGTTCCACGAGTTTTGCAGGGCGAGC,1209,47.23,Homo sapiens
SEQ_352778,AAAAGGGCCACACAACAACTGCCCTCATCCAGCTGTGTGGATCCGGTTGATTACACAAAATGTTACTCGCACCATAGGTGGCAGACGCCCGGTTATCAACTTTACATTGAACACTCTTTCCCGGTAATCGTCGGTGATATACAGTCTCAAACCAGTGATATGAGACTTCTCGCGGCACAACAGGGAGTCTCCTAGCTGGGAGGTTGAAGAACCACAACCACCTTAGGCTCAGCAATCTGAGCGGTAGTAGCATTTTCGCGTAGTATTTTCGCAATGGCTGATCGATCTGACTACCTCGTACTTAGCTGCTGCCGATATATCCCCGTCGGAGTCCTCTTCACCGCTGCAAGTCAGATAGAAGTGGGTGACCCAATGGGAACATCAAAGTCCTGGCTTAGACCCCAGAGAGAGTTTAATCGGAGTGAACATTTTCTTGACACAGGTTTAACTGCGGTGGCAACGCCAGAACGTTAAAGGTGCTTTAATTTCCGAAGCAAGAAAGAAGTCGACGACTGCTCTCATCCAAGGTGTGTCCTTTTTGGCCTAGAGTCGCACTGTGGATAGCACGGTGGCGTCTATCGCCGAGGTCCACAATAGGCAATCCCGGCGCCACGCCGACGGCCAAACGGTCGGACTTACTTCATACCATACGCCTTTAGCTCGCCGAATGCCTTCGGAAGCTGAGATATGCCAGACATTCGCATTTTAGTTCTTGACTATGTGGGGTTTACAACGCTGTCAGCAATGTTGATTCAGTAGTCGCCAATACAGGGCCCAAGATCTGTATTTTGGCCTACGCGTCGCCCCATCAGGCTGTCATATTTCCGCCGGTTGAATCAGAACGCCTCAGCCAGGCGGATGGTGACCAATCTCTTGGTCCAGCTACCAAGAGAGCCGCATGGGGTCTAGTTTGCAGAAG,919,50.92,Mus musculus
SEQ_528130,ATGATGTCCCATTTCGGAGTCCGAAGATGAATGCCTGATTGCTTAAATGCGCTCAGGGCTCCCCTGTCTCCACGCCAGCTGTATTATTCTCTCCCAACGGGGTACAAGTAACGCTACACGCGCAACCCTACGAGACCGGAAGGAGAAACGAACTGGACGGTTGAATTCTGCCGAGGTTTGCGCCAGCCATTGGGCAATGACCACGCTCGGATCCCGAGCCAACCAGGCTAAATCAAGAAGTGTGGCAACCGGGCCGTGGGAAGTAAAACATACGCAAGCGACTCCCTACAAGACAGTAGGCTGCAAACGCCTACATAAGACGCCATAGAGAGGACGTGAACCTGAGAGTCACTTACGTTGGAAGAGACTGCAGGACCTCGGTTGTAATACTCTGGGCATGTAGGTTGGTTGGGCAGCGCGCCGGGCCCGCGAGAGAGATAATTCTACGCCGGAGGCAAATTTTATCTGGCTAGGTGGTCTGCCAGCTCTCCCAGCGACCGCATGTGTGAGAGCTAGCGGCAATGGGGAGAGTCCCTCAATGGTATTGGGCTTCCAGGGGAACAACGCGGTTCAACCTCCGTTCTCGGGAATTCACACATTCTACGGCAAGGGTCTCTGGTTTGAACCGAATCAGGTGAGTGGATCATCTCGTTCCGGTACCATAGCATACTGGCAGAGATGCTGGTGAGCAAGAGCCTTGACGTTGCGGGATTACACATGTGAAGCAAAAGTACCCCGGGGCCACACTCTGAAATGAGTTGATATTGCGACTCATACATTACGGGTATGCCGGCATATGTAGAAGGATTGTATATCGCTTGTTGGCCCAGGCCCTAGGTAGTCCATGTTCCAATTGAGGTAGTCACGTGTCCTCCGCACAGAAGTCGATGCACCATACCGCCGTAATTTCGCCGCCCGTTCTACAGAGCCGTTATTTTCTTACCATCGTTCAGCTGTTCAGCCCCAAAGATGAGTTCGAAATCCGAAAATCATTCTTGCTTCGGAGTCTATTTGTAGGGTGTAATTTCGAAGAATCTGCACGATAATGTAATAACATACTGCCGAACCACTCCGAATGCGTAAGTTGGCTGGGTGCCAAGTGTCACAAATGCCACTTAGACGAGATTCGCGATGTAAGTAGTTTCGTTTGCACCTGGTAATGTGTTTTTCGTGAACTACCCTATTCCGGAGTGCCAGGCAAACAGAGGATTTCCAGTAGCCGTTTCGAAGACAGTAGAATATGTTGAGACATGTAACGCGCGCGTATGATGAGCCAAT,1278,51.17,Arabidopsis thaliana
SEQ_401214,GTCTTGGCGAGTACAGCCGTAGGCTCACTCTTTTTGAGCGGATATGCGTGGAAGTGGGCTTTGGCGTACGTCGAAATGCCATCTGTCAAGAACCTAGTCAAAGCGCGACGGTTAGCGTCAAGGTCAGATTAACTTCTTCGGAACCCTGGTTTTTTGCGAGTGCCTATCTGAGATGCGCGGTTTGAGGTTGAATTGTCCTCCCGGGGTCGCGTGAAGGAGCAACGTGTGGCGGCACTGAAGGACTGACTAGGACGTATTTTGTTCTGGGTGCGCGCTACAACCCGTAGCTAATCACTTTCAACCAGTAACGAACGAACCCAGGCACGTTATCAACCTCTCTGTTAGAGATGCGCTATTAGAGAGGGCTTCATATCGCGACAGATGTGAGAGCTAATTCACTTCTCGCGTGAGGTACTACGCTCCCTTAATCGCCCCGCCGCGCTTAGATATACACGTCTCCCGACAATACTGCACTTGGATTTCATTATGGACCGTGACACATGCATGATCGCTGCCTGAGAGACGGGAGCGTCGCTTCGCTCGATTGCTACCTCGCGTACGAGGTTCTTAAAGACCCTCATAGTAATGTGAATGCGCCGCCCCTGCATATGGCCTTGGCTTTGTCTAACCCCTTGTAGCGGCTCAGGTGGTATTCCTATCAAGCGTCTTTTCCAAATGAT,680,51.76,Drosophila melanogaster
SEQ_158931,TCACAGAGATCCATCGGCCCCGCATACACTGCAGCAATGCGACCAGAAACTATCTTGAAGAAACATATAAGCGACTATGTTCTTGACATAAACTTACCTATCGAAGCATTGAGCCAATCGGTTCATGTGATACGGAATGGTCTCGGCCATGGGCGGTCGGTAGGTTTTAATATGTTTGGGGTGGTTTATCGCAACCATTCATGCCCGAAGCTATTTTTACGGGCAATATGCGTTCTCTCTTCGTGACTACCCATTTAGTGTAACCTTGAGCATTAAGACCGGCAAGTACTACAATGACAAAGAACCTTCGCCTCACAACGCCACGTATATGGTTAACCAAATAAAAAATAATTGCATGTGTTGAGTCTAAACGAAACGCACCGACGTCTGAAACTGAGCCTTGTAATTCGATACTGGGCCCATCCCTTTTACGGCATTTATCGAACTCCGTGCGAAAAAATACAGATTATGGTTATGTTGCTAATGGAGAGGACATGTACGCTCCTTTTAGTCCTCTTCAGCATAGACCACCCGTATTGGTAGGCAGGATGATTGCTGGCGTCATTGTTGGGGAGCACGTGTCTGGGTAACATTCGTTCTACGCTAACGGGTAAACTCTTACAAACGTTGCGTCGCTGGGGAAGCCGAACCCTTCGGGTAACACGTGCGCTGTGCGAGTACATGGACTTATCTTCTTAGAGGCACAGGGGGCACCGAAGAGATCCACGACACTGTACCATAGCGCCCAGTTTTCTTTCAGATAGCTGACAGAGGTAAAACATCCTCAACACGGGGAATATTAATTCCCGATCTGAGTCCGAAACCCTTGGCCAGAGAGGGAGATACCCACTCCCCTCGAAGCAGGTTCAACAGATACGTGTACTTAGCAGAAGTAAGGCCATATTCGTCGAGCTCTGAATATCTAGAGAACCGTCTTAACCGGATGGTGGGCTAGAAATCGCCGATTCATCTCCCGCGGGGGAGTGGATTAGAACGTTACGGGCGGGTTCAGAGCCCCCGGACACCCGTCGTCCCCGGGTTGTAAACAGTGATAACCGCAACCTTAAACGCGCATTTGTACCCAGTTTCCCCGCAATGCCACCCACGATAAATGCGTTTTTAAGAGTCGACACATGCGTCCGATGATACCGCTTTAGTTCCTCCAGAGCGCAGCTGAGCGGCTACGTTAATTTTGCAAATGTTTGGTGTTCGCGATCTGAAACTTCTCACGAGGACTAGCGAGCATGAGGCAAATGGAAGTTTACAACCTCGGTTCGTCAGCTTAACTAAGCCGCCTCTAGTCTGTACGCCTCATACTAGTCGCATTAGTCCAATAGCTGTGCCTCTTAGCATGCATGTGAACAGTTATACGGAACCGTCATTCCAGCACCGGGGTGAAGAGATCGGAGGAAATGGGCGTTGCAGTCGTCTCTGCACGTCTTGACCCTATCTTTATACTTCGGAAAGCGGTTACGTTATCCGCGAAAAGTCCGTCACCTATAGATCCGACTGTGCGGTGGAACGGGGCAGCGGTCCTCTCTGTTAACAGAACCTCAGCCCTGGCATCATGAGGTCCTTCGGAAGGGCCAATTTTCTTTGACGCCTTCATTCTTTGGCAGTCAGCGCCAGCATCCACGGGCACCCACGCACAGGCTTCGAATGAGGTAAGACACCAAGTCTGCCTTAGCTGGAGGTGACAGTTCAGGCCAGATGCCGCCACCGCGCTGCGGCTTTGCACGCTAGAGATTTAACTTTTCATACTAGATTGTATCATTTGTTACCTCTAGGCCGAGACAAGTGATGGGCATAAGTCTCTTCTTGCCTTCCCCCGTACCAGTCGCCCGCGCAGGCTATTCGGAGGTAGAAATACATTACAGTAGTTGTATCTAGTTCCATAACAGTCCCGCGAAGGTTCTAGAGGACGAAAAGCTGCACCTGCCGTGTGCGTAATTGTC,1955,49.72,Mus musculus
SEQ_184015,AGGAGCCGACTTTTTACACGTCCCACCGTTAGCTACGGCTATTGGCACGACATTAACCTTTGACACGGCCTTAGTATCCCAGTTTCAGCATAAACCCCAGTGTGACGCAACGCTTCAGCGTAGTTCGTCCTTCATGCTGACGTTGTATGCTCTGCTGAGATCCGTATACTCTTAATTAGCAGAATCGGGGCGAGGCGTCTGTCAACGTTACCTTGGGTAGGATATGCGTGATTTTGTTACAGATGGGTCGCACTAATGCATTTGCTCTGTTCAGGGTCAGGACAACAGGTTTAATTCAGGGCTAGTTGCCGTGAATCATTGTAGTAAGCAACCATCTTGGTCCACATGGCCGCTGAGAGGGATGGGAGAGGATCAGGCCCGTATACTCCTGTTAACGAGCGATTGTCAATCCATCCCGGGGCACTACGGCGCTCTGGGATATAACCGCTCCGTGTTGCATCAAGATGGAAAATCGCTTTGAAGACATAGAGACGGGACGAGTTCAGCCTTAGGGTTTAGGACATCTACAGGCAAGTTTAGACTTACCCAGCCGCTTCGCACTATATATTAAGTCGGCTTTTAATGTGCAGCGGCGACAGCCCCCCCGCGGGATCTAGCTGGAGAAGATCCGCTATCAGTTAGTAACAACGCCCACCAGCCTAGCTTACGTAGTTGCTCCTTATACAGCAATGCCGTTTCGAGCTCTCCTGGCTTGAAGGACCGAAATAGGCTGGCCTCCGACTTACCTGGTTTATTCGCTATGCCAGGTTGAAATTGGTAGTGTGTGCGGTGACCACGTGTAAGATGCCTTGGTCATACTTAACAAGGCATTAGAGGTTTGACTCCGCAGCTCGCCGGCACCTCACGGTAGAACTGGGAGTGCGCAGAGTCGCACTCCTCGTGCTTACGATACAGGAGTTGGAAGCAGTTGGTGAGTCATCTTCAATCGTATGGGGCGCATGTTAATTAATAGACGGACCCAATCTGGGGATAGCACAGTCCCTATGATAGATCTTTACTTGTTCCGGCTCGTTTAGGCGAATAAGGCTAGTGGATCGGCGAACAAACGTTGGGCGGGGTTGAAGTGCCAAGAGTCATAGGGTTTCTGCGGATGATTTACTTAATGGCGCAGGGTACGAAGAGAGTGGTTTATGGGGCGTCCTTGGGTAGCCGGGGTCCAGTTACTTCAAAGTACGCCCACAGCATCGCCCTATCCTTGGCTACCGATCAATATTTGCGAA,1241,50.85,Saccharomyces cerevisiae
SEQ_204112,CCTCTCAATATGTTTGCTACGGTTGGTCCCGGCTTTCGAGGAGTCATTTCCACAGACTATGTGCTTCTGCTGGCCCACCTTGCAGCCCCTACATTTCATCCTTGATCGCGTCGATCGTTTAACCTTCATCTCTTAGTCCCGAAAATTCATATACCGGCCCTGCGCTGGCTTCATAAAAATCGAGTACCCGTCATGACCGTTGCCTGATGCGCAGCTCCAAAAAGCAGAGGAGGGTTCCGACCCCGACAACGCGCACTTAGCTGGAGGGAGGGCCCCGAAGCTCACAGGAGCTGCGGGTTTCGCGTGTTGATGAACGTGACTTATAACGACCTTAAGAGGGTCTCGACCTATCGACTATTGCAACGTTTAGAGCACAAGGCAAGGTTAATTTGTTTGAACAGTAACTGGGAGCACTTCGTCAACGAGAAGGGGACAATGTGGTCTAACTGATAATTCATACTGAGAACGGCAGGGCGGAGTCAAGGCTCAAGCATACCACAGCTATGACGTGTCCCGAACAGGTACAAGCAATCCTCGGGTGAGCAAAGGACCGCGCGAGGTATAAGGGCTGCTTGTCGACGATAAGTTATTTGTTCCGGGCTTTTTGCTAAAGAACGTACACAACACCATTTTGTACCGGTAACCAGATATCTTTGTGTACTCTTGGTGTAGACGTTACTCAGGCTAGACATTACTTGACACTCCCAGGAAGACCATACAGCATGACTGGTTCGTATGGGATGCAGTGCATGTTCCACCGAATTACCCAGGCCCCCAAATAACAAAACGGATGCCTGCGACGAGTTAAGGACGCACAATATTCATGCAAGGTGCTACAACTTCGAGTTTTCTTACCCTCCAGTAAACGCGTGAGCGATCCTTACATGTTAATGCGACTCGTCGAGATCAGATGAGAACAGGAGTTAGCCTCAGGTCTTGCTAACCAGCGGGAGGGTGCGTTACGCGAAGGCAGAGACCGTCCATAGCAGATCTCTCCCATGCTGCACAGTCGGAATATCTGCCGTACGACTTTAATTCGGAAGGCTCCGTCCTCTCATACAGGGACATCGATTTCGGATCAAAATAGATTCAACTTGCGAGTAGTCTGGGCACGCGATAAGCTAGGGGCCGAACCACACAATTAGGATCGACCTGTAGATCGTTAGCCATGTACAAGGAAGACGGAAGCACGATCGCAGACACGGAGGGCTGAAATCTCCGGGAGGTTATACTTGCCAGCGGATGTGTACCATCCCTTAATTTCATCTCCACTCAGTGCATGGATCCTGGCTTTCATATGGTCCATTCGATCAAGGAAGTAGCTTCAGAGTACTTGCAGCGGCATCAATAGTTCCCCCTGTGGTCGAGCACCATTAGCGCCACGAGGCAGTCCCACAACTCCTACGTTACAGCCGTAAAGGTTAAGCGCATTCATAATCGGATCTTTCCCTACGTATCTTCATAGACCTTGTACTTGTCACGCAATTATGCATAAGAAATCTAACTATCTTGGGGTAATTCAACCAATTGCTGTCCTGTATGTTCGACTGTCGCTTGTTTAAGAACCTTCTCCACAGGCGCGCAATGACGTTACGTTCCCCGAGTACAATTAGCATGCCGCACATCAGGGGTTTGGCACCTGCGACTAAATTTTGCACGAAACAAAACAGAGTGGCAGCAGGGTGCTAAGCCAAATCCGGTGGGGCTGGCGCAGTGAAGTATATACCATGAAAGGAGGTGCACTATGTACAGGGGTATCAAGCAAACCTGAATGACTCTGATCTTAAAAAATGTAAAAGAAGGAAACACTTGGGTGAT,1818,49.23,Escherichia coli
SEQ_407926,ATCATTTTAGGCCGTCGTTATAATACAGTAAAATGTTCAGAATGGGATCTGACAGATCAAATCACTGTGAGCTATTATATAGACTTCCCATGACCAATTTTGCCTGCCACGGATGATGACGGGATGGGCCCAACCTTCGCCTCTTTGGGTACAGGTAGCCGGGCAATAGGGCTGCACTTCGGAGTTGAGCCGACGAACGAAAGGTAACGCGGGCGGTGCGCCTGACAGGTCACAAATGCATAAAGGCGTTCTAGTTCGCCCATTCGAGACGGCCGAATAACAACGATCTGAGTTGATCAACAATAAGCACCGAACGACTATTCAGCAATTAGCGGGACTCTAGGCAACTCGCCGGGCAGGGGGGGATCGAGTATACGCATTCATAGCAGCCGCTGGCTTTACGGGGCGCTTGTATAGACTAGTATCATCACATGTGGCCGCATAGCCGGCAGTGGTGTGTTTTTTGTATGACTGCTCCATCGATGCAGATGCATGTGCATAAAACACAGGGTGTGGCAGCTGCATTTGATCGCAAAATTACTAGCGGATAGGGTTTAGGAACCTCATAGATTGCGAATTGATCTAGAACGAGGTACCTTGATAGAACAGACGACGAGCAGATGATCCCTTCCCTTCGCAACTAACATTGCTCCACTGCAGTCCACCACTCAGCGGGAGCTGGTTTCCAATTTGTGAGCCACCATCTAGCCGAAGGGCAAGTGAACTAGTTTTGACGTTAGGAGCATAACGCTGGGAAATCGCCGCAGTGCGACCGGCTGGCTCATTGTGTTAACGAGCAGTTAAGTTGTAGGATCCCGATCGCTTATTTGCCCGTTAAGATCGGGACTGTGCTGGCTGCCGATGAGCCACATATCAGGGCGAACTGCCCTCGCGGCCTAGTCCGCGGCCAACCGAGGGCTGGAACTTTGTCGTCCCGAGAACTCTGTATGGGTGGCAACATCTCCGCTACATCCGATGCAGAAGTCACACATTTTACCAGACGCCTTTCTCGGCATGCATTAGTACAATACCAGGCTACCCTTTTATCC,1049,51.19,Saccharomyces cerevisiae
SEQ_482391,CTTATATCTACTACTATACAGCATTCTTCTAATATATCGTACGAATTGCTACGGTGTGGGTTGAGACCGCCCCGATTTAGTGAAAGATTCTAGCGTAACGTATAAGCGTCCCTACTCATACGGGTTAGGCAGAGCTAGAGTTGGCTTGATCTTCGTTTTTCGCTTTCGCCACCTTCTAGTGCAGTGTAGGAAGATATCAGAGAAGTCGCCACGCCTCCCAGGAGTGCTGCTGGGTGAATGGCCCGTTCCGCCCTTGAGTCCAGGCGCTATAAATACCAAGGAAGGAACAACTCCTGGAATAGGTTCAGGTTCGTAAGACATCAGTGTGTCAAACATGGGCTCGTGGGAAGAGCCACGAGCCCCTGGTTAGATCGCCGTGTTTCGAAACTCTCGGGGAGCTTGCCTTTAGTTCTTCTGGTTAAGCCACCACGCGCTGTCTAGCACTGCGTTGCCTTGACTGTCCCACCATGCCAGACATTCGATCATTGTTGGGGCACAGAACCGGAAACGTGACACGAGTCGCATGGACAGGGCACCGCGACCGTTATTTGATAGGCATAGCCGAGTGGACTGCAACGGTTCAACGCAATCTGCACGAAGCTGAGTTTCATTAATGGAGGCGCCCTACCGGTCTCTTGCTATGGGTCATAAAACGCAACGGAAGTGGGCTCACTACGGACTAGGAGCCGACAGGTCGATCTGCGACGCAAGGGCGCGAAAAGACGCTAAGTTAAGTAACGATAAACCAGTAGCGTTCTAGAGGCGATTAGATGTGTCTTTTCTCGCAGTTGCTCCACTTATTCTTGTCACTGACGCGGGTAAAAACTTTGCTTAGAGGATCAGGTTTGGGGTCTAATTATGCACGGCTCCCGACAACGTATGGCAACTCGGCATCCGCGCTGGCGGAGCACAGAATGCCGTGGTGCTGCTGTTAAGATGTACCATACAGGCTAGGACAGATGACCAACAAGTCAAGTAGCCCGAGCGTTAAGGGGTTGATCTTATTTGGCGGGACTGTCCGGTTGCACGGACGGGTGCGAAGGACGATTTAAATAACCCGAAAACTGAGTAGTCCCATGGACAAAATCCTCGGGGCTACGGAACTGTGCTCTCGTCGCAGCACCAGATCACACAGGGTCAGCAGTACAGGTTCCGGCTGCATTGTGATAATTTAGCAGAGCCTTGAAGCTGTGGCGGCGGCGTGGGATCTACTTGTAGGCTTCTGTAGTGTGTCCTCGGATTCTAACTTTTCTGGATATACCCAGACGCAGCCATGTGCATAGGCCTCTAGAACCGCCTTCAGTCACACGGCGGTTCCAAGGGCAGGTGTTTACGAACATCGTCATTCGAAGCGATTTCGAGGCAGGTTGGACTGGTAATTTCTTCCTAATCACGGATGTTTTAGGAGCGGGTAGTGTGACGGGTGA,1427,51.72,Homo sapiens
SEQ_685812,TCGTATAAATACTGAGAAAGTTGGCCTTATTTACCGTAGGGATCCCTTGTTCCTTCAACGGTGGCATGTCCCGGTGTGTTCATACTGACGCAAACTCGATGACATAGATCGTTTGCGCGAGCTACCAGAGTTATTCTCAGACACGTTACTTGGTACTCTGGAAAAGGACAATTCGGTGAGATAGAGGGTTCAAAGACCTATGCCTTATGAACTTCATTGCTTGGAAAGATACCGGGGTACGCGCGGTCAGTATGTAAGTCTAATGCGACGGTACCGCTGACCAGACTGGCACACTCGCGGTAGAATATTACTACGCAAGTAAGAGGCTCGTTTGTTGTAGTTCGGAAGCAACTGGGACCGAATTGGATAACCCCGAAGCACGAGGCTCGAAGGTTGTGTGAGGCCGGATAAGCGCCTGAAGTTCTGACGCTGCCGTTCTGATCGGCCCCAAAAATCCTCCCCGTGGGGAATCTGCAAATCGTAACATAGAACCTCTCCTTCTTATCAAAAGCCGACCTGGATATAGATGGAAGATACTAACAATTCACTGTAAGGACACAGGAGTATCGAAGCTACAACAAAGCTTGTGCAAACAATTACCCATATGCTAGCGTGCGGTATTCCCATAAGTGACTTTGGCGGCAATTGATTTTTCCCGTTTGTAAAATATGTGTTTCGTATTAGGTTATCCATGTCCCCGGGTTCCCGGGATCACGGGGTTAATACGCCTGAGATATAGGTCGAGGTCGCAGCGGCCGCGCGAAGTTGTCAACAGACGCCCTACAGGGCTGCACGTGGCGGTAGTCGAATTCCATCCAAATAATTGTCATCTGCCGAACCGAGGAGAGCGGTTCCCATTTAGAGTCCATATTACGCAGGAGCGACTTTACCCGACTCAAGAAATCGTATGTGAAAAAAGGGGCATAAATC,930,48.39,Homo sapiens
SEQ_424089,GTGGCAGGGCCAGGGAAAAACTGGTAGCAGTGATGTTACGAAGCGCATTCTACAGCTGGAGTCATCTAAGCGTGCGTGGTGTCCCGTTAATCCCCCGGGGTGCTTTTTGTCTTAGCGCCTGGCGTGCATGCCTGATGTTCTCACAAAACATACGACTACTAAACGGTGAGCCATAGAGTAGTTGCAACAGCTGTCCCTCTTGATATAATCGAGGAAAAGCCCCCTGCTACACCGTTATCACCAGAGGTGGTTCGTTTTCTGTTCCGGCCTTGTTAGGCAGTGACAGGAGGGCTTCACGCGTATGATGCATACCCTTGTCGTAGAAATCCGCATTACATCCGGAGACCAATCATCAAACAGAGCGGATTAACATCGTTAGCGACTCGACAAAATGTCTGGGGCGACGACGGGGTTGAGCCAGTATCCAACGCAACGCTGGCGACTGATCGCAGTCGGCCTGGGTAGTGGCGTGCTTTGAAGGTGAGGGGACCGTATTTGTGAATGAGGTGCCGGTGGAATGAGGACAAGCAGATAGCGGTACTATTCTTCGGGGCGGTCCACTCCACCATTTGTGTTTATTGCAATGGTAGCGGACAAAGCCTGATCTAAGTACCTTAAGGCAACGAAGATTGTATGCCGCGGATGGGAACTTCGATCGTTAGGCTGGCTTAGAATCACACGACCCAAGCGGACACCTAGGACTCGTATGTAACCACTCGTTAGCGCTCTAGTCTCGCCAAAAATTGTTTCACATAAGTTAGGTTATCACGCAACTGTTATCCTGTAACATCGCATGGCTAGAATTCCGAGTACGAACATGCGCGCAATCCGAAAGTAATGAAATAGCTGAACTAGGCACTCCAACCAACAGTCGATCCCCGGCACAAACAATCGAGGTATTGTAACAGTCCAACTACCGAACTCCCCTTCATGTCAGCATTCATAGCGGGTCACGGGTCTGCGACGCCAGACTCAGGGCCAGTCAGACTAACCGATGAAGTTTGAGGTTCACTTTGTGATGAAGTGCTCTGCCAGACGACGCCTAAGATCGGAATTATTCTTTCAAATGAATAACACCATCCATAGCTGTAGGCGGGACTACTCAACCATCCATATCCAGAGAATCCCCACAAGTTGCGTCCTCCTATCATCTAATTGGAAGCTACCACGGGTGGGGTTGTGTACTCGTCTCTGAAGTTAGGGGTGATAATGGGCTTCTCATTACACGTGCCTCAAAAAATGAGTCGACGGATCCATTTTGTCAGGTAAGGGGCGAACCCCTGTTTGGCAAATCAAGGTTCAGCATTCTCAATGGCTTATATAATTGGAGGCTATTTTGAAGTGTCACATGTAGTTAGCAAGTGCTCTTTACGCTCGATGTTAACTTACATCCATCAATTGACAGTGACGCACATTGCCGACTAACCTACATGGTCGACCACAGCGTATCAACTGCCGAGTATGAAAGTCGGCACATACGGGTTAGCTACGTCTTTCCCAAGACGCATGGTCCCCTCCACAAGCAGAGAAATCGGTATCGGTGGATCAGAATGTGGCCCATTTCTGAATCACGGCACCTTACTCTCCGCCTGATAGGCAAAACCCCTTAGGTAAATACACCATCTGGCGTGCTCCTCGTCCTGCTGGGTAATGATCGGAGGGCTATATTGTCTAAAGCGACCTACTGTAACTCTCAAGACGGATTGATTGGGACGTTATTACCTGGATTCGGCCGTCCTTTATTATTCTCCGTGGACGAATCCGTGTACCCAGGGTTGGTCTTTGTTTCAGAGTGTTGCGGTATGCCCTAAACGATCAGCGACGTGGGAAAATCAGTTAGGCCCGCGAAGAAGCGCGTGCGTACTGCCTCGGAAGGTGACTCATGTTC,1888,49.79,Caenorhabditis elegans
SEQ_629053,ATTATGATAGTCCAGGTAGGTAGGCTACGAGAAGCGTGGAAGGTTAACATTAGGACTTCGCTACCTCGGACATGAGCCAACAAAAAGCCGAGTGGCGATGATCGCCATTACCAAAGTGTCAACGCCAACATCAGGACACGTTGCGCACCGCGTGGTCAAGTTCCTGAAGAAGATGATAAAGCAATCTGTTATTTATGACCCCGGCACCGACAACCGAAGAAAAGGGGTCTGCGTAGGGCGATTTTTATAACCCCGTCAGTGTTATCCCGCATTGTCTATCAGTTGTATGCTGCCCTGCTATATACTTCTATGGAGGGGTCTACGCGGACGACACATCTGAGCACGACGTTGCCAAACTATGACCCGGGTACGCGGTGTCGCCAGCATTGGTAATTGAGTCACAAAAGTCATAACGCGCGGGATCCCACTCTACAATAAAGCAGGGGTGATCTTGTAGACCAGGCATTGGGCTATGTTATATTCCCGTTTTGTATCAGTGACTTGGGGATCTACAGGGGCTTGGTCCACAACTATGTGAATTTAGGTCATACGTACGTGCTCTGGACTGCAGACTAGGCTCCGTTGGAAACAGTCCGCAAGTTCCAAGACCCTACCAGGGACAGTAACGTTTGCTAGTCCACGCTGCGCTCATGCGGTTAGCATGCACTGGCAGCTTACTCACGACTTCTATCAACATCAAAGACCCTAGCTTACGAATGGACTCGCCGTGACCCTCGTGCCGGACATGCTGGCGGTCCCCTAATTTTCACTACGCATGATAAACGTCCCGTTTGATCCACTACTATCACTCGAATCTCTGTGCCCTTGTTCCTGCCGCATGTCCCGGATAGTTGGGGAATAGATTGAAAATACGGTAGTTATAGACAACTTTTCTAAGAACGGCCCACTGTTTAGGAGAATGGTTAAACCAAGTACTATAAAGTGTCTAGTCTGTCTGCACAACAGCTGACGACATTCGCGGTCGCTCCAAACAGCTGAGGCAGGGTCCTATGCTTCATTGGCAGGTCTAAACTTACGCAAATACATTCAAGGGTATAGAGACATTGACAAAGAAACGTAATACGGTCTACGCACATATCGAAGCGTTTGCACAAGCCTAAGCCACTTAGGGAGTTACACTGTTCCAACGACACTAAACTTTGTATTCAGAAAGATTCGCCAACGGCCAAAGCGACAGATGGATACAACAATCGCACGCAAAACCTTGTAGTCAACACCATAAGCACTTCTATATGGATCGGTGTACCACTGACCGATTGGTGTTTGACTGAGAGGTTGCGCCACTCTGGACACGGTACAAACAGTAGCCAGTAACGCCTCTCAACATACTTCTTGGTAATGAACGATCCTTGCCAGTGGACTACCCTCACGTCTCTGAAGCGTAACTATTGCAAAATGAGTAAGCTCTGTTTTAGAAGTCCCAGCCGAACTGTAAAACGCGGCTGTAACAACGGGTAACGCGTCTCGTATTCCCTCGTCCGCTGTTGCTCGTTCAGCCTAGATCCAGAAGAGCAACGCGTGACTTCCTCCGCACCTAGCCTCCTGAGGACTAGATACTTTACAGTCAGTGACATGAGGTGTAA,1604,48.69,Mus musculus
SEQ_200194,GCAGCGGATGTGCGAGAGAGTATCGTGTCGCGACGGCTGAGTGCTTTCACTGAGCGATCGACAGCCGAAATTGCTCATAAGAGCCAACCTCCGCGTCCAAGATACCGCTGAGTGTTTTAAGGTAGGCCTGTTTGGGCGTCTGACTAAGTAAACGTAGCTTGAAGTTTGGACGCGGCATCATCGGGAAACGCTTGCGAGTCCTAGGTCCTGAATGCATTTACAACTTGCGGCCTCAGTCGCGTTCGGGTAAATACCGTGGCCGGCCCTGGTGGCTGACTGATGACGGCGCCATGCTCGATGTAAAGGAAGGTTTCTGGGCATGTGTACGACAGATCCAAGGCCGCATCTATTGATGTAACAGCTAATATTCGCGACAGCGCTCAGATGTGTGTCGGTACAACGACAGACTGCGCATTGCGACACGCATTAGTGGGCTTGGACCATTCTGCGGAATTCGTCTCCCGATCGGCTTAGCGTCCTTTAGGAGCTCATCCGCCCCACTGTCTCCTCAACTATCAACGTGTCGCCCCGCTGGTCGTAATGTGTAGC,549,54.46,Drosophila melanogaster
SEQ_644808,TGCGGGTCCTAGGTTTGGTCCGCAATAAAAAGCGGCCACTGGTAGGGCCTAATCGATAACTCTCGAACCAGCCCTCTGGCAATTAACAGTCAATCCTAAATGCAACAACCCCTTCGAATGACGCTGATACTACTGCGACGGGCTACGTACATTCCCCGGTTAAGTCTCTCAGGTAAGGCTACGGTTATGAATGAGGTGACTCAACGCCTCCTAAGCAAACGAAACCTATTACTTGTGACGAGAACTGTTATTAGACCTTCTGAGCTGTCAACAATAAAATACCTATGCGAACAATCGCTCGAGTATCTCGCCTCGATGTGAAGAACCAGGGTTGCTTCGAAGTCGTACAGTGATATTGTCAGGATAATCCTTTGCGCCGCATCATATCTGTCTGGAGGATACGTCGCTTGTAGCACGGACCGAAAACTTACCGATGCACGAGTCGGACATTTAGAACTTGACCTATTTAACAATAAGCTCTAAAGGGGAGCGTACGGCGAATTAGCACGGAACCTTCGTTCACGATATCGGAGTTCAGTTCAGTTCACATAATCCGGACTGAAGGCTCCGACTTCTCCAACTCTCCGCGATTCTATATCGCCTCCGCACGTTGGGATACGGCAACAATTCCCATGCCTGCAGCTCAGCCCAATGAATACCGTTACTTACAGATTTCCTTTAAGAACAGTAAGGCGCGCGAGTCCGAGTAAAACGACAGAAAACGTCCTTAAATTGCGGCGCCACGTAGGTAGGATGTCTACTCTTTAACCTTTTAATTGGGCTCATACTGCGCTCAAATAAAACTGACGGCACTACACCCTGATGCTTCTATCATGGCGACACAGGCGGGTTCATAGTGTAGCGTTAGTTTGACACCGTATCAGAACCGACACTACGACGCGACCGTAGTGTCATACAGATCTCTCTTTCACTTTCAATAAGGCGGGACCCGAAAGGTCTTCGTTGTCGACATGTCAAACAAGCAGGTGCGGTGTGTACTTCGTCGTGGTATGATATCAATGTTGAGCTCGTGTCTAGAATAAATGTGCGCGGGCTTACGAACCGTGCTCGTTAGGCGGACCCTTGCCCCTGGGTGAGTTCTGGATCATCGGCGTGTTGTGCCGAGGCTTCCTTGTGACAATGCAATTGGTGACGAGTGATTTAACCAAATGGATGGGTCGTCCGACGCAAGATGGTGCTGGCCTACTACGGGTGTCCACGTGCTGCCCAATTGACAGCTAACAAGAAAGTATACCCTATCTAGTTACGCTCAACTTCCAGACGGTTCGCGCTGT,1295,49.03,Homo sapiens
SEQ_745165,CCTCTAATCTCGACAAGGTTTAGCCCATACGATGCAAACACGGCCACCCCCAATCTGTCATCCTTGAATCACATACCACAAGTTAGTTATAAGGACGCGGAGGTCTCCGGCTGACCTTTTAGATGGCACTGCAGGCGTAGCTCCTATTTCAATGGTTCGAGGAGGGGGTCAAGACGTAAACTATCATCTGCATGGGAGCCGGCCCTAAACGTCTGTTCGGTGGCCATAGCTCGTCAAGGGAAGGGAGTCGCGGCGCGACTCCCTCTAGTAACTTAATTGGCTTAAGAAACGGCGAAATAAAACACATTGTAACCCGTGATGATACCGAAGACAGGAGTGGCGAAAGCGTGACCCTCGGTTGCTGGTGGCATTACCCCTAACATGATAGACTCCACGTCAAGAATACGAATATGAGGCCCAGTGTGATTTTCAGAAGGTCGTGCGCCCTCTGCTCTTCCATTACATGTCTGCTGGACACCGCGTGCAGGCGGGGTCACGTTAGCGTGTACCACAATATTTTAACCGGTCCGCTTAAAATTAAGGATCATCCGATAGCCGTGATAGAACTGGACGCAGATCACAGATAATGGGCTCCGCCAATCCGCGGGCGACAACCGATCTAATCTCCAGAAGGCCCACACACCGACATGACGGTAAGTTAAAAAATCTGGAGCCCAAAATCTGCGGCGACTCGCGCGACATAACAGATGGGTCCTAACCTTTAGACCGGGTGTCGTTGCTGTCATAGAGCACTTACAGGTTGAGTTGTCTTCACAGGTCAGCCGTGGACACTAGCGAGTGTGGGCTCAGGGCTCCACGATCCCTCGCAGAATCAGCGCTTTAAATGGAAACAGCCCATCGATCGCCAGTACTTGCGCTGCATTCAGTGCCGCGTTTGGAGGCCTTCTCGATCTCCCGCGCCTAATACAGTGAGCATGAATTTTCTGTTAGCGCTGTATCTAAGCAGAAGTCGTGTGCTCAAGGCCTTGAGGACATCCGCAAGCTTACTAAGGAGCCCGTCGGTATGATATTGGGGATGGGCAAACCGTTATCACATCTGGTATAAAGCGGCGGCGGAGCCCTGGGCGGTAAGTAGCAAGAGGGGGCGGATTTGTTTCCCATGTGCGTCCGATACCTCATCAATCGGTGTGTAACTCGGGGAATGCACTACTTGGCCATGACCCAATACCTTCGGCGCTCAAATCCGCCGTGAATTTTTGGTACGAAATCGCCTAGTATACCTTCAATGATAACGTTGCGCCTGGCGGGTTACGTCTAGACGATTGCCCCACGTATCACAGGGGGATGAGAGCCGTGGTCGAACTCTGCCCCCCCACGGGGGTCGACGGGACTCTTATCCGCGTCACAATGGGAGCGGGCCCTGCAAAGAGGGCTCAGGTATGCCATTCTTGAAGATGTTACACACAAGCGCATGCACGTCCACGCTCCAGAGATACGAATGGACTGCGAAGTGGGCCGTTGCGGTGCAGACCATTTTCTGTGGTTCTTGTAATAACAGCCGGCTTAGGGCACCACTGTCACTGTTGCTCATAAAGCGCCATCCGCACTTAATCGGTGCGGCACCGTTTAGATCGTCCAAAGGTCTCGGAAGCCGAGTTGTTGATCTGTGGGTAGCGCCTCACCAGGAACCAAACCAAACAGTCAATCTGTGAGTTATGTTACATCAGTGGGCGACCAGGGTCAAGTTGCCACGGCGAGCATCGGCTTGGTACTGACCAGGTATTGAGATGCTTACCGACGGCTAACGATTGGTCCCAATGACTACATACCATGCCTTACCGTACATACTCGGTAACGCACGAGCTCTCT,1830,52.95,Mus musculus
SEQ_935056,CAGAGTAGATGTGATACGCGGGCGTACCTCCCCTCATTCAGTTCAAACTCGCAGCTCCGAACACTTCATAGCGGGGTCCGCGGGACAAGGTTCATGTAAGGCCAGTACCACGGGTTGCGAAATGTCATGAGTCCCAAACATAAAATTGCCTTCCTCCTTAAATGTATCTATAACTCTTCAGATCTGTTCTGCGACTATGTGGGCAGTTCACAGCTGTGCAAAAGTCCCAATAACGGACTCCGTCTAGACCCACCCCGTAAGTCGTCCACGGCATCTACGTCGTGCTGCTCCGGCTTGCGTATCGACACGGCGGACCGCGCGAAGAGTTAGCCGGGTACTGAGCAAGATGCAACGTCGCATTAGTTAGGGCTTCTCGGTTACACGCTCGAACATACACATACGACGTGATATAGTATATAGGGCTATCCTCAAGTCTAAGAAATGGCCTGTTGTCTGCTATGAGGCAAAGGGTATTGAAAAACATCATTTTTCCGTCCTACTCGAACGATCTTGAACTAGTTTTTACATCCTTAAGCAACACCTCAGAGAGAAACAGCGCGATACAGATCCATGGGATACTACCGATCGAGGTATTTCGTTGCCGCCAATATGCTGACCCTGAGAGCGCTCTGCCGCAACAGTGTGGGCGTAAGTTTTCAAGACCCTAAAGTTAACCACCCAGTCTGGTATTCTAGAGTCTTAAGGGCCGCCCAGTATGGAAATGGCTCCGGAGTCAACTACTGCTCTACCATTGTGGACTAGGCCTGGCGACTTGAGTTCCTTGCTTAGTGGGCTCCGCAATTTCCTAGACGCAAACATCTTATGGTTCATACATCATTACTCCATCTACAGAAAGAGCTGTGAATGTCCTTGTCAATGGCGGTTAATCAGCCATGACCGTCTTCAAGTGACCGAACTAGGACGTCAAAGGACACACGCGTCATGAGCGCCTTGATCGCCGGGGGTCGGGACGCAGAGGTATAGGCACCTGTCGACTGGAGCCACGCTCCGT,1012,50.59,Caenorhabditis elegans
SEQ_844956,GACGACCACGACGCACGCAGGAGTCGGATTTATGGGGCGAAGTGTAACGGAATTTTATCTACATCTCACACATCGGAAGTTATCTAGCGCAATGATTGTTATAGGTCTTACTCGGTATCTAGCCCGTTAATGAATCACTGTAGTCTCATGAAGGAAAGTGGTGAGTTCACTGGGCCGCATTCGAGTAAGGTAAATGAATAACATTCGAGTAGTACCTAGTGTTTACACCATTGTGTGATCTCATCCCTTCGTATGCTAATTACCGCAATCCATAACATCCCCGTATGTCATTATCCCCGTGAGTAAAACGGTTAGTCAAACAGAGGTTCCAGGGTAATACTTACTGAGGTAACGAGCGTTGGCGCGAATATGGTAACTTCGTTTA,385,44.16,Escherichia coli
SEQ_369747,TGAATGGTTGAGTTTTTTTTTCGCAGGATGCTGTAACTCCGGGGATCCCCAGATACACTCCGTGCGACGTTAAAGATAGTGGGAGCAGCTCGACCGATCGATCAGAGTCCTGAAGGGGACGTCTATCCGAACGTTTGAAAGCTCTAATTGGCGCTGTTCGGAGGTTGCCTGGATGGGCCCGTAAGGGTCGAATCCTCCTTACGGTGAACGCAGTTCCGTGAACAAGTGTATGTACTATAAACAGGCTCAAAAGGTGTCAAGACCCATCCTATTCTGTCGTCGCATCAATGTAGTTTCTCCAAAAGGCGCCGTCAACCCGCCCATTTTCCAATCAGGACCGCGATGACCCCGGATTTCATTGGCCAGCTAGCAGTTCCAGAGTGCTCTCATTATTATGATAGGCTCATTATCTCTGGTGTTACGTACTGCTATAGCCTTTTGTCGAAACCCGCCGAATCCAGTTTGAACGACTAGGCTACTCTTCGAGGCTCGCCCTCTTTAGAAGCACCTTCAACGCGTCCGAATCTTAGGTTAGGAGTAGTGGCGTAACTTGTATATTCAAGCCGATGGCCCCCGGCACTAGGTTTAGTTGGCTGATCCACTAACCCCTTGCGGGAGAGCACATCTTTGGACAGTGTGCACGAACATCCTTCGTTACTCTACACTGGGAATTGGACGCAATGTCCCCGTGTCGCTCGGAGCCTTCTAGTGCAAAGCTGATAGTTATTAAGCTTGGTCTGAGATCGTTCGTAAATGACCCTCACAACACCAGCAGCCTCACCGTCGCGCGCAAATGCTGACGCTAGGCGCTAGGACATTCGTAATACTATGTGACGTAGATGAGGGACTCTGTCATTGTCAGGCCTCGCATTCAAGGAGACGTCTCTACTACACCCTGTCCATCGCAATAGAAGGTTCTACAGAATGGTGTAAAGAATACCAGTCAATGTTGGCATTAGCCCACAGAAAGCAGCCACCTCGCCCTAAGCGGCCGACAATTGCAACGCTGGTAAGGTCTTATCAGTTCAAAGTCGTTACGGGCCGTGTATGTGCAAAAATCGGATTAAGTAGTCAAAACAAAGCAAACACTAAGCCTGGCTATTTTCGCTGTAGGAAGTGACCTGGTCAATTATAGGGGAAAACCCGTTCCAAGCGCGTCGCAAGCCAAGCACACGCTTCCTCGGACCGTTTATGAAGTCATGCAACTATAGAGTGTACAGCGGTCGACTGACACCGTCTGTGCGCGTGCTACTGGAAACAGTGGCGGTACTTTCCGAGTAATCAGCTTCTCATTGCGCCTCACAGAGCTACGTATTTTATTAAAGATGCGCATGTCAGAGGCGATGCCAGACTTGTTCTACGCTCCTGCAGCTTACGCCGAGAGAATTAACTGAGGTGATAGATGAGAATAGGGTTATATAGAGCCATACTAACGATGAATGAGAAGACTCTCCATCTTTAAAGGTGAAGACTTCACCTCGAGACCACTCTCGAGTGCCCCACACGTATGTCAACTGACTTTCCGTTCACATCAACTACCAACGAGCAGAAAGTGACTACACGTACCAAAACCTAAGCAAGATTCCTATGCGTAAGGCCAGTTGCAATGCCGGAGTAGTTTGCGCTGTGCAAGTCATCGTTTTGCCCAGACGTTTCGTGACAAGAGGTTCGTATGGAATATCAGCGTGTAGCTTGAGCTGTGTTGATAGTGCTCCACGTACCATCTGGTTAGGTGATCCGTTCGCAGTATTCAAATCTGGCTTTGACCAGC,1771,49.29,Drosophila melanogaster
SEQ_125589,CCGCGAGTGCCGCTTTTACTTACTAACCGTTGGGTTGATCGGGCAGTCAGTGTGCCCGTGTCGCCAGGAACAGAAAGAGCAGTGCTCATCTTTAGACTTTCTTCTACACATTCGTTACACGTTGCTCATTACAAAACAGAGCTCCTGTTCTGAACCGGTTAGATATGTGATCCAGACGTTGGTACGGTTCGCATTCATGTCCACCCATCCGCTGTACCTCGTGCCACGGTATACTGGGATCATTACTTCATCTCCCGATGACGGTATTCTAACATCCGGTTCACTCTTACTCAAATTATCGGTCTCGAATGTTACACGTGAATAATCGACGGCTTTTGAACAGTCAGACTTGTATACTCCAAGGCCACTTCCAAGAGTGTTGAATTGCACCCCCGGGGTGAACTCAAGACTGTCTCATACTTTTACGTAGTCACTGGGTATTGGAGTTCTTAGATTCAATCAAGAGTGATGTGACGTTAGCAACTGTCTGGCAGGCTCTCACATGCGTAGCTACCTAAGGTGTACGATATGTATATAATCCAGGATTCCCATGTTAGGATGGTACTTTCCATGATCATTGGAGTGTTTAATACTGTTCCAATCGGAGTCCTCGCGAGATCCGTCCAGGGTGGGGTCCAGTTCAACTGCACCTTTGCGGTCCAACTCTATCTTGAGCCAACAAAGTCGAAGCGATTCACCAGGATTGTCCATAACGTGTGGCAATTTACGGATTAAAGCCAGGTTGGGATCGCCGATCTTGAACCGCATGTAAAGTTTACTTGAGAACACATGCCTACTTGAGGTGGCTTAGCATCCCTATGTTATCGTATGAAATTTTGCATGGTCTACGCAAAGCTAGGTGTCAACCTTGCTTTAGAATGTTACGAACCGACGACCACTTATAGAATGTTCCTACATTAAATTAGGAAGTAGGAACCGAACGCGAAGTCCGGCGCTGTGTGCCTTATGGGATGCACAGACTAGTCTTTATTCGGAAACGAATATTGTGCTCTCAGTTTCCTTGGTACTTCATAGACTTGCGGCCATTGCTGTTCATAATGTCGCACCAATCCGAAGTTAGGGGATTAGTGTGACTGTCAGAGGACGATCTCCTCTACGGCATACGATAGATGTACAGATTGATGCCGGTCACGAATGCCCTTAGCAGGGCTAACAAACATCTTTCAGAATCGGAAAGTTCGTTGGGCGCCCTTGCTATGATGGAGGCCTCGGTGGCGTCCATGCAGATTAGGGGAAACAGTTTTGCAGCCCTAGTAGGGAAATCTGATATTATTATGCGTCGCGGAGGCCCTGCATGATGGTCGCCTTATCGCCGGGAGTACAAGCCTTTACTCAACGGACTTATCACAAGAGTTTCGGCTCTAAGCATACCCGGACTGTGCTAACGGGGGACTACCAGTGAACTTTATCGGCAGCTGAGAGGCAACTACCGAGTGTGGGCTCCGGGGCAGTCTTACTATGCTGAG,1487,47.88,Escherichia coli
SEQ_533879,CAGCGGAAAATGGCCTGCGAGAGTATGTAGGCGGAGGGTGCGCTCACAAACGGTTCTGAGGACAAAGTACCAAGTAGACTCTCCCACACGTTGGCAAAGGGTTAATGCTAGGGGCGAATACTTGAGCTCGGTCCCCAACCGCCGCCAGTTAATTGT,156,54.49,Arabidopsis thaliana
SEQ_427040,TGACCGGCTCTTTTCAGCTGCATGCCCTTGGCCGCAGTGACAAAGAAGCCTGTTATAAGGCTCGCCGTCTGAAATCGTAGGCCACACCCAGCGCCTCGGGATGTATTAGGGTTGCAGATCGTTAGTCACGTACGGCGCAACCTTGTGCACCTACACTATAGATCCCGTGGCTCTCGTGGCAATTGAAAATAGTCATCTTTACACAAGCGTCGCTCAGTACGGAAAAGTCGGTGGGACCGGGGAGAACCGAGG,252,54.37,Escherichia coli
SEQ_512789,ATAGTACAGCAGATGCAATCTGTGCAGATCAGGGTGATCCCTTCTTGAGGCTGACTGGGAGCATCCGTTCAGACATTGCCACGTTTTACCTCCGACAGGAGTAGGACGATCGAGCCCTATGCACGCTTGATCAGGCACTTTACACAAATGAGGTCGACTGCATTAAGCTCGTACTGGATGGTGACAATCGTAGAATGAAGCTAGGACACGCTTTTGGGGCATATCATGAACAAGCACGGGTGTGCGGCCCCATGAAAGGACCGTTAACTATATTCACTACAGGATCGCGGAACTATCCGACACGTGCATGCCACTACAGGGGGTTGATGTCTCGGTCCGCGTGACCTTATAATGAACCCTTTCTAAGCCCTGTGGCCATAACGGGTTTGGAATAGACCCTAGACCCTTATAGAACCTATTTACGTGGATCGGCTCGTCCGTCGTGTTAGATTCGGTAGACTAAGGAAATAGGGGCCATACTAGGGGCACGTGTGGTCGAGTATCCATACGTCATGTACGGACAGTCGAATTATTCGCGCTAGGCAGTAACACGTGCCAAGGGCCGCTGCTCGCGGGGGCTCTAACCTTTCAGTCGGTTCAAGATCCAAGTTGACAGCGCTCACCATCCTTTGATTGAAGTTGGGCTGCCGTTCTGTCGATAACTAACACAGGTCTTTTTTCTCCAGTCGTTAAAACTACACCTTGTTAATCGACCGTGGGGGTGTTCATTAGCAGTACCACGATAACGGCAAGACACACATGAAGGTTAGGTGGACTAAGAATGGCAGACACGGAACGTTCAAAGTC,807,50.19,Saccharomyces cerevisiae
SEQ_271986,AATTATACGGCGGGAAGCCGGCAAAGGTTCAGTGGTTTTCGCCAACATTCTGTCCAAGTCGACACGAAGTATTCAAAATCGTGAGTCAAGTCTCCTTCTATTCCCGGGGTGATGATAACGCAGCATAACGCTTCCTGGCACCATCAACAATTGACAGCAGTTCATTTGCCGTGTCTGATACATGAACCGCTACCACGGGTGTAATCCCAGGGAACGTCATACGTAGGGCTACCAGGACTTATGCGCTGGAAAGCACATCACCATTCCAATGCCACTCGTTATATCTGGAGGGCTTAATGTAAGGAAACCTGTCTGGAGAACCGGACCCGGTCGATGATCCACAGAGTAACAATAATCACGGAAACGAACCAAGTCCGCGCTATTCGGGTTTTAGTCAGCTTTCCATACTGGCGTTCACCCCCGTATGTTGTAGATAGACTTCTACCCACGGTGATCAACAATACCAGTCCCCTCCGATTAGGACTATACTTTTGCACAGCCCTGTTCTCAATGATCAACGCATTTCTATTATCTCGATAATACTGCACGCAATTGTCTCCAACGGCACCCTGTGGATACGAGTAACCGTGTTGGCATTGAGGTTAGAATCAAATGGACTCACGGGTAGGCTGGTGAGCCGTAACCGATGCGACCCTCATAGGTGTGTGTTTCTGTAAAAGGCTACGGGCGTACCCTTCTACATCTAACGTTGCGGATCTGTACCGATTATACCTAATTACAATCCCGCGGTTAGCCACTACAATGACTAGTTTGAACTCAATATTGCCGGTGACCAGGTCATGAAACAATCGATGCCAAGGGGCTCTTAGCAATTGTCGAAACACCCTCGTATATTCCTGTTCGATAGAGATCCATACCCACTCCGATGCGGTCCCAATACTGCTTTTCTGAATATAAAACTAGCTGAGAACCTAAAACTCCCGGTTTAGTTCTAACGACCAGATAGTGCATAGGGTGTCGTCTCTGGTCTGGCTTGGACCATTCTCGGTTTGTATTTGTGATGAACGAAGCCAGAGAGCTTGTACCCGCGTGCAGTTTCTATCAGCGCATGACAATTGAAGGCGAGGCGAGAGTGGCTACTGCTTGACTTTCGACCTTACCTCATGATCATAAGGCACTAAGAATGTAGTTTCCGTTAACGCTATG,1167,47.64,Drosophila melanogaster
SEQ_957415,CTACGAGGGGTGACGAGCCATTTCAACTTCACACTGAGAGTTTATACGATGTCTTGAGTACACTCTGTTTGTGATGCCTTAGTACTTCCCCAGCTTTGCGGGTCGTAGAAACCGATAGAGGCATCTGTTAACAAACACATCACCGATCTCATGCAATGTGGCCAAGACGAGGCAAGCTTAAGTTGTTTCGACGGTCATGATTGCGTTGGACAGGGGCGACGACTCTTTTAACAGGGCGCCACCCTGCAGCTAGAGCGCAACGAGACGCATCTGGCCTAGAGCATAGGGACGCCTTACGTGGGAGCCGGCTGCCTTCTGAGAGAGGGCAACAGGGCCGAGCTATCGGGATCCCTGCATCGCCCTCGCGCTCCACCAACGGTTGTTTAAACGCCGTTTAGTCTTACACGGGGCTGGCGTTTGATGACTTATAAGACTTCGTGACATACGGTCCTGTTCAGAGCCAATCATCAATTCTTTCACGGACATTATCTATAGGATTATCGGCATGACATATTGGGGCGCTTAGTGTGAGCATGTCCAAGCCCTGATGGTCCCTATGCAGTTTATATGTTTGCATTCAACTCAGGGCAGTACGCCCGAGGCCCTGTTAGCCGAGTTAAATCATTGGATCCAATATAATACACTTTAGCGAGTGCTGAGTCCCTCATTTCACAACGTGTCCTAGCTGAGGGTGGGACCCCGCGGTCAGGCTGGGGCGCAGAATCCACCCCACGCACTAATAAGCTCTAACTAGGGTGTGAGCACGAAGAATGAAATGGCGGATTGGGTCCCATTGATAGGGCCCACCCTGTCCACGTTCAGACTAAAATCATTCGTGCACAATCCTTAATAGCGCGGTGCGCTAGAAGACAATACGATGAATCAAGGCAGCTGTTTGTACAGGGTCAACATGAGATTGCTGTCAAGCCTATCAGTGCAGACCTCGGCGTAGAGACGCCTCAAGATAATCTTGGTACCAGGGGCGTCGTGGGCTATCACATACGGTTGTATCGCCGACAACGTCATATCAGGGACTAAGGTGCCCAACTTATTCAATCTTCCTAACATCGGTGTGAAGTCCCTCAACACATGTGACTCACTGTATCCGTCTGAATTGAAGATAGTGCGGGCAAAAATGTGATGCTTCCGTTAGAAATAGCGAACAAGGATTTAACAGCGGCC,1182,50.59,Saccharomyces cerevisiae
SEQ_996038,CTATCAGGAAGATAGCTGGGTCCGAGGTAAAAAAGGATATAAAGACAGTATCGCTATTTGCCAGTGAGTACACCATGATTGGTGTAGAAGGTCCCCATGGATAGATGTCATCGCACCATAAAAGCGAATACAAAATGTCCTACCCGAAGGACACAGTGTTCGGGACGTTGTAGACACTAGTTAACATCCGTGTCCATATAAATGGGTCTCGACTCTTCGGTCCGCGTCACTCGAGCGCTGATTAGCCCGGGCCCGATCCTCTCTTTCTGAGAGTCTTACAGCACAGGATCATCATTCCCTGGAGTTGGATATGACAGGAACACAGTCCATCGTTGACGTGTCCCCTCAAAGATTAACAAGCTTAGGTCCAAGTGGCTAGTAGCAGCGCTTTACGACATCCACAAGTTGCGTGGGTTCCCACGAAGCATCTACGGGGCTTCATCCAATGAGTACGAGGAACAGTGTCTCCTGCGACATATAAGTTTATACCGAATCTACGTGAGTAGTTAGGTGCAGCGCGGACAGCACGCCGCAGTGAGCTTACACCCTTTTGAATTGGCGAACCTGGTCAAGCATTCTGAACACCGGCGTATGCATTGAATTGCAGCCTTAATCTAAGTTTCCTGGTCAACCATCGAATTATTCTGAACCGAGCCGACCTTGCTGCGGCCAACATCCATTTGGGCGCCTTTTTCCACCGATATCTTCCGAAAAGGATCGTCGTTCCTAACACTATTAGTGTCTGGCTATTTGCTGCCGGAGCATACACAGAGGCCGTGATAATCCACCTACATTCGAAGTGTTATTACTAGCTTGATCTAAGACCCCGAGCAAGTCAAAAAGCTCGCACAATTCACTAGGGTGAACTTATACGTCGCTGGGCGCCCCATATGCCCCGCCAACGCTTGTCGCGGACTGGCATGCTTCTAGTTTTGTAATTTAAACTTCTTCTGAACTGCTGCCAACCGGGCTATGTAACCCGCATGTATTTGGTCGACGCTGGAAATAGCCTTAGAACCCTTGACGTCCTGGCATCAGTTTCTCGTCCAGGCTGGCGCCTACGCCCTATTACCGATGCGCGAAATAGGCGTCCTACACTTCCGACCATGGAAAATTCGTTGCCCGTTTTGAGGCGCCGCATTGCCCAGTCTGCATCAAAGAAATCCACAGATACATTCTCAATATAGTGGCCAGAGAGTCCTCCCAATGACCGCCCGGCAAGTCTCTTGAACCCTATTACACACACCCAAATCGGGAGTGTGCGTTTTCCAGAGCCTTGTCACCATCTTGAAAGACGAGCAGCTTGAATAACCAGAGCAGGTGTGAGAGCAACGATAAGGTAACGGTGAGCTTACTCGGCAGAAACAAAGTTGCCATTAAGCTGGAGAGGGGCTATATGTTCGGAGCTCCCGCGGTTGTAGCCTAGTAATAATCCGCCAGGGCCATAACGTAAAAATGTTACACCTCAATCCAAGATTCGTGCTACTTTCGCGGTATGAGTACATACAGAGAGCGCCCATTTCGAGTCTAATCTGCGGTATTAACTGCCGTCCGCTTTGACTAACCCCCCTTAAGGCGGGTTGGACTGGATCTTATGAAACTGCTGGCGGTGATTCATTCCATTAAACGTCGGTCAAGGCTTATAGCGAGGTATGGAAAGACGCCGCTGTCGACCGCCCAGTATAAACGTAGTGAATTGGTGCCCCTACTCTGTTGGTCCGAGAGCTGGGTTACATCCATGGATTCATGTGTGAACATATCACGGTATGTTGGGTGCTTTTAGCCGGATGTTGACGGCTCGTACAGGCCAGGGTATATCACGATCGTTCCGTGCTGAGTAATAATTTTACTTACGGTCAGCGTCATTGCCCATTCAAGATTTGATTACCTGGTCATATCCATATCCAGCTATAGCATGGTACC,1923,49.25,Arabidopsis thaliana
SEQ_698444,TGGCACTGAAGCATCTGTTTTATATGTAGCTTAAGTCTCTCCGGAGCTCGCACATCGAGTCCTGAACTAGAGTTATTGCACGACTCCGCGTCGTACGGGACACGCAACCTGGCGAATACATGCCCGTTACGGGACCTACTCTTTTTAGATGTCGTCGATCCCGCCTGCTGTGCGGTGCGATTTACGAAAACTAGCCACCTTATGAATTCAAGACAATGAACTCTAGCCCCAACGTACAGACTACTAGGATCGATGGGTATCATGTGCCAACGGGGGACACTGGGCCCATGAAAGGTCTAGCGCGGGGCTAGAAGCAGTTTTCACTCGACCGGGAGGAGGGCACATAGAGACGACCTCGTCCAGAGACACCGACTCACATATGCCCTGTTTGTAAGACCATATCTACACGTTGCGAGGACAGTGCTTTGCGTGTTCCTTTGACGCAGCGCCTGTGCGGTAAGAACTAAGAGTTAATGCGGGACTTACGGCGTGATAGGGTGAAGACAGTAGGGAGCCAACCGCCCTAAAGGTCGTGGACGAAATGAACTTTCTAGCGTGCTTGTATTAGCTATTACCGCGGGGTACTCAGAGAAATCGGTGCAAATCGTGAGTAGGCCCCAGAGTC,625,52.16,Arabidopsis thaliana
SEQ_251700,CGATTAGATCACACACAAAGCGGACGCTAAGGTAGTTCGCCATTTCTCAGGTCTACTATAACGCAGGTCGCGTAATGATCCCACAAACTGGCAAAAAGTAAAATACGAATCTCATCCGACCATTCATTAATGACGGATCTCATTCTATCTTACCCTGACTGAAGCAAAGAAAGAATTATATAACCAATTGGCACCGGCGTGTCCCTAGTGATGATTTGCTTCGTTTTAATGCCGCAATGATACAGGCGCATCCAGTGCGTATGTCACGTTTCCGGGTTGATCCTCCCTAGCCCCTCCCGGACACCCACGACCAATCCCTGGGTCAGTCCTTTAGTGTCATACTAAGAGAGGTTGGAGAAACGTAAATTCTACAGATCTCCTACAAAAGTTATAGGTCGCTCCACTGTACTCCGCCGACGACGAAAAAAGCGGTAAGAGAAAATGTTAATTCTCAAGATGAATTC,464,45.26,Saccharomyces cerevisiae
SEQ_514449,TGTCGCTGTTACCGCGTTCGTTCGGGGACACTCTCTGCGATGATCGCGACCGTACCGGATCCTCGTTGAAGCAGCTTTATCCCGAAATCGCATGTCGGGTACTGATACCTTGCACGCTGTATCCCTCCGCACTTCACCTGTCCGAGGTGAACGCGGTGCCACTATTATCGGTACAGGCGTTGCTGTTGTAGCCTTAGTTGTGCCTAACCGTAGGAACGGGTCGTTGGTATTTCGTCTTCGTCTCTAGGGTGCGCTCACACGCCTCTGGTTTGACGTGATTAGCTATGCGGTGTCCGGTATACGTGAGATGCTTCCCTATCTTCCGCGGGTTCCACTATAAGGTGGCGCATCTCAATCTCCCATGGCAAGAGTACATTCCGTTGTCTCAAAATCACATCAAATTCCCAAGGTGACATCATTACTAACAGAAACCGGTAAGGGTGGCAGACTCTTTTCTCCTGACTACGGGGGTGCGTCGTCAGAACAGGTCTTAGTCCCCGACCGAGGTAAGCGAGAAGAATAGGCGCTCGCACGACGAGGTTCACAAGAACAAGTTTCAGGAGGACCCCCCGTGTCACCACAGTCGCACCGCATTCTTCTAGTCTACTGGTCACTCGCGCCAAGGGGACACCCGGATTCCTGTTATAGCTGGACGTGAACATGACTGTTACGTTTTAGAGAGTCAGTGTTGCTGTGCTTGATGTTAGGGAAGAATCAAAACCCAACGGGGGGAAAATGCAGGCCGATTGCAACAGAGCGCACAAATTGCATAACGCGTGCCCCGTCTACTAGAGTTGAATGTTACGGCAAACGCTGCACACCAAGGCTCCCGTGAGTTCTCCCGGATAGGTCCCTCGGTCAAACGTATGACGTGCCAATTCCGGTCAAACGTCCGTCCATCTGGCGCTCTTGCTGATGAGG,921,53.31,Escherichia coli
SEQ_816819,GCGGACATTAGATAGCAATTTGGCCGAGCTACTATTAAGGCGAAGTATTACGGAAATCGTTTCGGCGTCAGACTGGTCTAGATAGCGTAACACAGGGATATGACAATGTTTCATTGGTTCTCTCATGGCAGAGCGTCGCAGTTTCGAGAAAATTGGTCAACGAGCCCATTGCGCACCAAATCGTCGCCTATGAATGCAGTAGATCGTGCGCCTCAGAGTCAGGCACTGGGTTAGATCTAATTGCCCCGGGAGAAACGCCATAAGGTAGGGGCAACCCGCGTTTAGTGCACACAGGCTCAACCTTTGATGCGCAACGGGGCACCCAGAGAGGTCGTGCGAGGATACTTTGCATCTCGCTCCGCGCAGCAGATCCGCCATTTAGTTGCGGTGACGCTGGACAAATGTCGTCGTTCACGTGATTAAACAGGCGTTGCTGCTCTTAAAGCTCCGAGGGGTCCTTAAATCCACCGTACGAGGCGCCGGAGCGTCCGGTAGAGATGAAAAATGAAGAACTCTTCAAACCTACAATTGTCACGAATGGAGATAACTGCTACGTGTCTCCCATCTGCGGGTTCAAGTTCGAGGGTGATGGCGGTCGTGGCGATGTAGGGGCCGGGAGCTAAAGAAATCATACTCCATTATAAGAGCGTGTGCGGTTTGTCTTTACTTGTAGTCCCTACCCGTTGCGACCGAAAGATTGGACATAAGGGATAAACGCGTGACACGTGCTGACTGCCTACAATTGTATCACAGAATGCAGTGTTAATGGTGGGGTGACATTAGATAACGAATATTAGGACAGGCCGCCGGCCGTTGAAGGAGTGATACAGTGAGGGATTAGGATAACGACGTGGATGCCACACTTCTCTGAGCAGTGGCTAGAGTGAACCCAACCCCAGGGACACACTCGGGAGCTTGTTGAGCTGTTGACTTTATGTTCTTAAGGCCGTGAGGTGGTGCGGCTTAAGCTTCGGATGGGAACCAACGGCGGTTGCATCGCCTAATTCGTTTTCCGACTCATATGATAGCTATCGAGGAGCCTGATACGTATCCAGACTCGAGAGATAATAGTCGAAACAGTCACTCCTGCCGGATACCTTTCCTAGGTCCCCTAGCCAACCAGCATCATCTCGATTTTTATTGGGTTCAGGACTGATGCTACAATCGTCAGATTTTTTGCGAAGCTTGCAGTCGGTTATTAACCGAGCACTCGAAGAATAAATGTAGGTGCGTTCCAACGGTTAGCAAGGCCTCGTTCTGGCGTATATTCTTCAGAATGTGGCCCATCTCCTTCTGGAATGGTATTGTCTAGCTACGCCCCCAACATACAGTTGCACTTGGTAGCCTTCAGGAAAGTGACGCCTTGGCACTCCTGTTCCTCCCCATTACCCAGATAGCCGTTGCTGTGAGTGCTACTCTACCAATAGAGTCAGGTCGCCGCCACACTTCCATCCTGGGCTTGTGGCTGGTATGCCTAGTCAGTTCGGGTCTGAGAAGCCAGAAAAAGCCCCGAGGGTCTATGTCCCGAACAATTATCGGGCTCGTAATTGAAGAGACCGCATAATTTTCCCGGACGAACGCGGTGAGGCACAGAGCTCCAGTAGTCGAGTACAGCAACCGAACTTACGGATTCCGTCATTGAGACTTTATGCAATCTAACACTTAATTCCAGTCTTGCAAATATTAGAACGATGCACCAACGCCGCCATCGTGGTCTCGCGACGGTTTACCAAAACATTGTAGGATATTCGATAACGCCTCGGCCCTGTGTCTTGACGAACACATGATCGAGGGGTACAGTGACC,1805,50.58,Caenorhabditis elegans
SEQ_440521,GACCTCCTGCGTGTAGGGTAGGGCTACCCTTCCTCCACAGAAGTAGATGTGTATAATCAGCGGCAAAATGACCATTGATGTGAGTAACGTCTGCGCGTTGATCCAGTGCGAACTAAGAGGTTTTCTAGTAATTGTTGAGAGGACCCGCGGATGCTAAGGAATAACCAAGCGCCAAGGGTGATGCAATGCATTCGCAACATCCTATTAAAATGGCCGCAGTAGGACCATGATACTGTTGGCCATGCACTGACAGCGGTACGTCCCGTGTGCTGGAGGCAAGAGGAAATTAGCCATCGCAGGACTTAGTAATTTAAAACGCTGGTAGCACTCATCAGGTAGTGTCGCATCGTCGATTTGTGGTGCAATCCGTGGGGCG,376,50.27,Arabidopsis thaliana
SEQ_173844,TTAAGGTAGTAAATGTTCCAACAAGTGGCCTGTGGTCAGCAAACTCACTTACCCACAAGGTTAAGTAGTTGAAAGCACCTTTATACCGTGCTGGGTGATGGCTTGCTCCTGACACGTTGGTCTTCCCTGCCCCTTTTAGCGGCGACCTTAAACGAATAAGGGAATTAGTGTGAGGTTAGGGCACGCTGCACCCACATGTAGCTATACATTTGGTTCTGTATAGCCGTCTTACCTCACGGGTATCCTTGAATGTTGGAAGGATAGGGAGGTTTCCTCCACTCCAGGCATTATGGCGGATGCCGCCGGCGAATTGGTCACTATATACATCGTATTGTAGAAT,340,47.94,Drosophila melanogaster
SEQ_854909,AAAGAGATATCGTAGCTACACGCTAAAGTACGGTCTAAGTCTTGAGAGCGTTCTCCCGAACGTGGTTATTCCCACGCCACAATTGATTGGCCGCCCTGGTGC,102,50.98,Drosophila melanogaster
SEQ_183775,ACGATGTGCTTAGACGGACGCATGTGCTCGATCACCCTCACCGCAGTGTCGAGCCTACTCAGCGATATGTCGTCACTGTTTCAATGCATTCCCGGGCACAGTCTGTAGCAGAAACCGGATCCCCTTAAGTGGTGCGCAAACAATAGCTGCGAGCTTAAACGTTATGATAAGAAGCTGCGGGCTAGCGTGGGTTACAACGAGAACGTAATTTCCAGAGAGTAGTTTAAATCCTGGGTAATACCGGTTCCCGAGCGTCATAGAGGGGTCTTCGGGACCACCAGCGTCCCCTTAGGCAACCGCTAAGCTGGCCATCATGAAGGAACCAGTCACTAAGCTGATAGCGACGTCCCCCACCTTCGCGGGATCGAAGCTGGGGATGCGTACGTCAAAAAAGTCACGTAAGGGTAAGGTTGTTACTGATATAAGACTGTCGAAAACGCAAGGACTGACAATAACTTCAGACGCGGAAGACGGCGCTGTAGTACTTGTCTGCTAATGGACCTAATGTTTCACAGCTGGACCACGAGCCATTCTCACGTTCTAACCGGGGACTAGGCAGTTCCATCGCACATCATAGCCTACCTTATTGTGTGAGCGGCAAAGAGGTGTAATCTCTCATGGCTATACTTGAAGACTTGCATCATGGGCTGACTGATCGCTGTTAACCCAGGTCAGATGGGAGAGGTGCAAGGCACAGCGATTATCCGGACTGAAAGTCATCCTATGGTAAGCTCTCTGTCGTCCATGGAGGCAATGGACTACACCGTGTCCTCGTTCCGTAACTGGACGGGGCCGTAAATAGCGCGATTCATCCTCAAGCTGAATAACGAGAAAGCTACCTTGTATATCTGAGCAATCTCGTAACATCATCGAGACGAGAAACAAGTGAAGGCCACTCGAAGCTGTAAGCCCCGGCGTCTCGAGTCTCTTGACAAACCATCTCAAGACCCCCACGATTGTACCCTTCGTTGGACCACAGCTCGCCAAGTGGTTCCAATCTCGAGAGGCGCTGTGTTGGGAATAGCAGCTAGGGAACCCACCCGAACCAGTGAGTGGTTGTACCCCTATGAGGCCAGATATTACATACTTACTGA,1094,51.28,Escherichia coli
SEQ_744982,GGACATACTCCTTTAGATGGGCCGCGACCGTAAGAGTCAAATGTAGCGTGCGGGCCCATGCGACAGGAAGTCGCTACGACGTGTCAGGAATGTGGGGCCTACTTCTGGGGCGATTGCACCCACACAACGGATGACTGATTATGGGTAAAGAAATAAACCATCAGTCTTAAAAAAGGCACTAACGACTCACCGCTAGAGGATGTCATAGTAGTGCCACTGCGTCCTCTAGCGCAGCGTCATCAGACACCATGTAACAACGGAATACCTGTGCCTAAAGATCAATATTCGCTATCAGGAGAGTTCCCTTTTTCAGCAGAAATGGTAACCCCCGAAGCATTCCCAGTTTCACAGACGTAGAACATTGATCTCAGACAAGCACGTGTGATATACAGTATCACATAACCACCATAAAGGATTGCATCGAGGCCTGATTTTGGCACAAGTATTTTGTTTATACGCTGTCGCCTTAGCGGCCCCCGGAAGAATCACGAATCATGCTGGAATGGATATTTAAAATAGTGTTGGACATTTCATCGGATAGCCTTGTTGCTTAGGATCTTGACCACCACGGGTTAGGCACCAGACTGCATCGGGCTAAATGCGCCTTTATAATCTCTGAGAAACTACCAATCATCTCTTAGTACGTCACTCAACTGAATGTGTGAGGTGAGCATCACGTAGTCCACTCAAGGCTGGAGTCGGTAAAAGGGAACCCAACCCGTTCTCGGCTTCTTACTTAGGATATACTGCCCTACAATGATGTTGCTTTCGGTACAGTGACCACGTGAACACCGATATCTTACGCTTTCGCCCTAGAGCATCTAGTAATGTCCTCCTGCCTCGCTTGGAGATATGACTAGATGACATCAATGTTATTGGACGCGTATGTAGGATGCACTGTCTGCCTAGTATGGCGTCTGATTTACGTCGGCGGCGATGCAACTGTGCTGGGCTTAGGCCTGGACTGTTTTGAAAGGATTATTCGGTTTACTGGGGTCCCGCGTGCACGGCCCATTGGATCCTTGAACGTCATTAGGGCTCGTTTTCAAAGGGACTTCGTAAATGTGAGCTAGGAGTGACCCATCATGATTGAGCTCAATTCTCGCACGCCCCGAACTGTATTATTGAGCCATCCTCCGTCCGCACTATCAAGAGTATTTCGCCGAAGGCCGGGCGAAGATCTTACTCAAAGCCGTAAAGGGCGGTTGGTCTTTCTTTGGACGTACGGTTACATTATAAACCCTGCCCTTACGTCAGCGGACCATTAAGCGGATTCCCTTTACAAGAATGTTAGTAAGTAGTGAAACCGTAGACATCCGAATACGTGCCCTAAGGATGATCGCATCCGTAATGTCTCACAACTAATAGGTCCACGCAAGCCCTCAAGGCTTGAGATTGCGGTATGGCACCTGTGATCATTCCGTGTTAGGCATTCGCTTGCTAGTGTCAAGCTCTGTGGTCTTCGTTAATCGGCGTGCGCAAGTCAACACATAATCTTCTAGGGTACTGATCACGCCCAGGTAATAAGGCCCTCCAAGCGACATCTACGCAGCAATCGACAGATAGTTCGGGAAGTGCACCCGGATGGAATGTTAAATGTCTCTCACTCCAATTGTTTAACTGACAGAAGGGCTCCGGCAGTAGTCCTTGGATAGACGCTTCACTCAGTGGATGACTTAGTAGAGCTCTTCGCCCGGGCCATGGGCGAGGGCCCTTAATTTGTTACCCGGCACGAGTATTAGCTGTACTCGCGTTCCTCCCATCAAATTTATAATGCGGGGGAACCACCGCCACGTTTGTCTTACTACGAGTTTTTCCCGTGATCGCCCTTTAATGAGATCACGTTATCCTGAACACGAGACGACAGCAGAAACGCTGCAGCTCCTTTTAGAGGGACTCTATTTTTACCCCCATTCTGGAGATCCGAGATTTGGACCTGATACGAGCGGCGCACCAACTGGGTATACCCACAGTCTCCGGCAGCC,1985,49.12,Homo sapiens
SEQ_192164,AGGTCTGTATAATATCGGGGTATGCTCAGCACACGTTGATCGCCTTCACTGCATTGCTTACTCCTCGGGTCATTAATGTCCTCGCTCCAGATTCTACCACACGATCTAGGACTCGCGCAACTCTGCATATGGTTAGGAACTGTCTGGGTGACTCAACTACAGTGAGCAGATCGAACAATCGTGGGCGGCGTCCCTCGGTGGAAACCCATGGGTTTGGTGCCTGGCCTATCATAAGTATCCAGATGGTTAATATTTGGCGTTACAGCAACCACTTGTCGAAGCATTTTACGTACACACTAATCCGACCGAGACGGACTTGGGACATACACCAGACAATGGGTAGTTCACACGACGTAGGAGCTAGAGCAAAAATACGAATTGTTTTAAGGGCAACTTCACGGGCCCAGATCGAGCACTCAATGTGCGTATTTTGGTTCCTGCTCCCCAACTCACCTATAAACAATAGGGGAGCGGGTAGGTCATCAGGGTGTAACGTCATGCCTACTTACAATCCCCAAGAATGGTCACGGTAGTTCGACTACCGTGCCGTACGTAGTTATCTACTCCCTCGCAGAGTTATTTACAGGACACGTCATCCAAGTCAGTATGGTAGTCGAGGTTTCGGACGATCGCTTGAATGCGCGGTACCCTATGTCACATTTGGGTCTAATAATCTTCAACTGCTGTAGAAGCCTCTCCGGCTCCAACCCCCACATTCACCCGGTTACGATGTACAACCGCGTAGGGCCTCGCGCGATCCCAAAGTAATATCATGCCTTAGCTGTTTATAGAGCTTTAGAGGCGAATTGCCTTAATCATCCTGGTATTTTGGTGCGTTGGTCTTTGTAAATGAAAATAGTCGTTGCAAAGGGACCATTAAGGCAGGTTAGCTTAGGAGTGGCAGATAACCATTAATATAGGCAAGCCTTCCTAACGTGTAAGGTTGCTTGACTGTAGGATTCGCCAATACCCTATTAATATTCAATGCTCGCGGACTATTTGGTATAGGCGGTAAATATAATCATCAAGCCAAGGTCCACCAAACACACTGTTTGCAGTAGCTCTCATCAAACTGAAGCTGTTAGTCTTCCTTTGTCGACAGAGTGTTTCGGCCATTCATATAGTGGTCGAATCGCACTCGTAGGCCTCATTAGTGGGTGGCACGTATGGCCGCCGTAGTGCGCTTATACACCCAGGTCATTAGTCAGATTTGGTCTCCCTCACACTTACTCATATATGATGCTCGAGTGTTCTTCAACGGCTTGGCGCAGACGGTTATGTTCATGAAGGACCCATACTGACACAACAAAGCGCAGTGATTGTCTAGAGGCAGGTATTGTCCCATTCCGGACCGGCATCTGTCTCGCGCGTATCGCATGACGAAGGCATCAGGCTGACTTGATTTTAGTTGGACTGCGACAGCACATTGAGCCCGTATACTTACGCTCTAACGTAACAGCTGCC,1464,48.29,Mus musculus
SEQ_629783,TGGATTGATCGCCTCCTTATTAAGCAGCGTTGTTGCGATCTTGCACTAAGGCGGAGAAGTCTGTAGCTTCAAGCCTATAGAGATTAGGTTGGTTCACTAGGAAGCCCCGTATCATACCGAGTTACGGCTGGCGTGGACACACCGGCTTGTAGAGAATATCTTAACTCCAATCGGAGTACCCTTGAAGAGTTCATGATCCCGCTACTTCATATTTTTTCTAAGAATGGCAATACACTTGTATGGGGAGCGTCGAGGCACCGGCTCTCTCAACTTTTATAGTGACGGGGCTTGCGTTATGGTAACCCGCTATATAGGCCATTAGGGACGAGTACGCCTTACAATGTCGGCTAAGATGTTTAGGATGAGCGACGGGGCCGTCGCTGGAAAGCGCGATACCTGCTCGACAAAACTTTTGGTGAAAAATGGATCCCAACGCGAGCAACCCGCGTTGGCATTTCACCTCATCGCAGACTCTAGGCCGTGCTTAATTGACGATACTTCAATCATCTTTGTTAGTACAACGCCTACACATTGTCGCTAGCATTTATTTCAAGGTCGCTGTCGCCACATCTGGAATGCATAGGGCCAAGAGTTCTTCCCAGAACGCGGGGATGAGAGCGACATGCGAGCAATCCCCGCAGCAACCCGTTACAAGCATATTGGGTACACAGCCGAATCCCTAAATTTGGGCCCCTTTGCAATACTTCTTCTTTAGTTGGGTGCCCACGTGCAGAGGAAGAAGTAACGACTAGAGATGACAGGGGAGCACGCGATTGGATGCTGGGATACTCTACCAGCAGGATATGCTATCTTGGGGCACGCCCGCCTGAGCCGGCGACACGGTGTCGAGCTCTTATGCCCCATGAGTGTTGATACGACGGGGTGAGAGGAAGGCTTAGTCGCCGAATACTGACGGGACGATCGACTGGCACCCGACATTCAATCATAATCGTGCCCGCCCTCTGCAGCGATGTGTCACACATAACATAGCCTTCCTCCGCGCAGTGATTGAGTTCCTCATAACTCCAAAGGGACAGGCACCAGTCCCGGGACGACGTCGTAACCAATTTTCGCTCTTTAAAATT,1085,51.06,Homo sapiens
SEQ_758181,TGGTAGCTCACCAAGATTGATCAGATTATAGCCTTACGGTGCTCCATTCTCGTGGGAGAGCCCACGCTGTGTCGTTATAGAACTTAGCTGAGCCAAGGAACGGCGTATCTATTCCTTATAGCATTGACAACTATTCAGGCTCTTACTATTGTGACTGCTCTAAACTCTTAATCGAGGCCTTGAGAGGTGCAGCGGCGTCCCATAAAGACATCCGTTAGCTTTCTCTAAATGCGAGTACCTCTGCATATGGGTATCCTCGCCCCAGGTAATACAGCTCACGCGCGCTGAGCCCATTACCCGTGTGTGAGCCATAGCAACAAGTAAATCTAATTCATAATAGGTCTACCGAGGGGCACTAGGAAGAGAATAGAGGAGCCAATCTGATCATCCGAGTTTCAAAAAAGCATAGCGGTTGGATTACTTACCACTACTAGAAGTAGAGAGAGTTCTTTAACGGATGTTTCGCCTTATTACACATTGCTATTGGCCGAGCTTAAACCCAAGAGACGGCCGAGGAGTTTAACTAGAGCAGCGACACCGCAGCATCCATGCAGGGGTAACGAATGAGTTGACGGCTGGTGGAAGATCTCTACCGCACTTTCCGGTGACTTAGGTGTCGAAGGTGCTTAAAAGCTCCGGGATGGGATCAGACTATTCGCAGCGGCATACACCTTTGTCGAATCCCCTTGAATTGGGGGAAGGCGGTAAGAACACAGATCGGAATGCTGAATGACAGATTGACTGGACTGATCTAGGGCTGGTGCTTCGCTTGAGGGACGATAACTGCTATGATCTTGCTGCAAGTCCAGCTCTATGGAAACTGTGATTACGTAGCGCCCGAATTTACGAGTAATCGCACCCCTTACTATGTGTCTCATGCGAAGGATGAAAATATTCATGTATGAGGATCTAAACTTATAACGGCCATTAGATTATCACGGACGGGGATGTGAACAGGGTTATGCTGTCCGATATTACACTCCTGACTGCTTAAAATAACTAGGGGTTCATAAGAGGTCCGTAGATGAGCGTCGGAATAGGGGTGCGCAAAGATCCTCCCGATTTAAAACGTGTGCCCTTTTGGGCCTTACCCTTTTGTGTTTTACATGCAACCTCCACTCTGAGAGAGGTTTTACTGGCTGCGTGAAAACCGTCAACTGATTCAGAATCTGGCCTTCCAATGTTGGTCAGTCTCGTGCAGGACGCCCTTATCGACCACACCTATACCACAGAAGTCTGCTGAATTTCCCCATGAAGACAATCTCAGAGGATCTCCCGTCTTATTAGGCAAAGCCATGAAACATAGCATGATTAATGGATTACTCAGATTTGCCTCGTTATGAGCAAATTGGACCCACATACCAGTGACAATGGCAGGGTGTCATATCATCGTCGCGTCGGATAACGGAGTCAAACACCCGATGTGTCGTAAGTCGAATCACTTGTTAGGGCTTGCTTCACGCACTATTGCCTTTGTGAGCTAATCGCGTCCATCGTTGCATTATATTTGTATAGTTATTAGATAGGTGAATGTGGAGATGGACGTCGTAGATTG,1555,47.01,Homo sapiens
SEQ_304965,AGAGAGCGACCTAATTACCGCGTCCGCAGTCCCAACTGGAGATACTCACACCTGCGAGGCCGGCAGACGAATGGTTGAAGTACGTCCTTCTCACCTGAAAGATAACAACCGACTGCTCATGCACAATTTCAGCTCTCGAACTAATGCAAAAGCGAGGTTCACGCATTATACATCTCGAACTTTGGAGCGCATCCCACCGCGCGCGTGGGTCGTCACAAAAATCCGCTTCGGAGTCAATAGGCCTGAACGGCGCATTAATACTGACTCTTCCTAAACGTGCGCTAGCTGGGAACGGCTAATCGCTTAGCCTCCTTTAACGTGCGAGCAAGTGAGGTACTTACGTGTGTATGTTTGTCCAAGTTAATCTGTTTGCAGCCTGAGGTAGTGTGCGGTACTCGGTTTCACTCGGCACTATGTGGAACATATGAGGTCCGGCCCTCTCCATAAGAACGAGATGCAAATATACTTTGATTGCCCCTTGTGCCGCATAGGTGCGGACGTGGGCTCGGGGCAATTCGCTTAATGATTCGCCTACGTGCTAGGCGCAATTCAACTAGAAGTGGTATTCCATTGACAGCTGGTTAAACTGAATGCTCTACATGTCGGGGTCAAGTTTGTCCGCGGCTTTGGGCCCTACTCTATTTAATTCGGTTTTATCCTCCAAATCCCTCGCCAGTTAGAAATAGAGAGATCTCGCCCGCCGCGGGGTTCGTAATGTAGCGGCCACGAATGGGCATACTGCATTTTTGTTGTCAACTAATTCGCACTAGCGTGAGGGCTGCTGAGGGACAGTCAAAGTCCCTTGCCATCTAAAACCGCCTCGACGGTTTAGACTGTTGACAGCTCGTCAGTGCCGTCAGGCCACACTTTAGTTCCCTGGCAGCTAAACTGAGAGGTCTAGCAACCCCCATGGTTGGCCTATCGCTTTTAATGCTTACGCGCGAGTTTTGTCATGTCAAATGTGTTGTCGTGCGTTAGGTATGGATTGAGGCTGGATATGGGTTCGCGATTCGGACTGGACTGACTGGCGAGGGAAAACCTAAAGAAGTGCCTAAAGGGGAATCACGCATCCTATGCGCCAGCTTGGGGCCGAACGACGTGAGCGTCCTCTAGTATAAGACCACTAGAAGTTTCCCTTCCAGCATGGCGTTGTCGATGACTGGGGCCGGTTCACTCCCATGATTCCAGACTGTACTACGTTGCCGCACTGACGTGCCCGGAAGATAAGGCATGTGTCACTCCTATCCCGCCCTGCGGGTTGTAATTTTGGGTCAAAATAGGTTTTGATTGAAGTTCATGAACGTCTTTTTACGAAGACGAGACAGCACGAAGTGAGATGTAGGCTCTGTCTCGCGATGCCGGGGTCAATTCTGCGGCTTGACGTGCATTTACGACTTATGGCTTTCATTGGCGACCTACATGTAAATGTTTAGGTTTATAATTGGGAGTGTTCGTGAAAGTACATGGCGGGTACTGCCGTCCGCGAACGATACGTCATCCTGCACAGTGAGGGACTCCGCCTGTTGATGTGTGTTCACGATCGGTACCTCCCAACTATGGAACACCCGGTAAACAGTCGAAAACTTTTACCTCAATGATACCGCGATGGGGAGAATAAATTCCGCCATGCTGGGTTTAGAAAACATGCGATCTACCAATAGCGATCCAGTTGTGGCGATCCCG,1683,50.74,Arabidopsis thaliana
SEQ_831817,TCTCTTACCTCCATTACTGATTCCTTTGCGCTCTGACTATATTCTAGCAACCCGCCGAAATTACTGCTGCTACTGGACCCAGTGCTAGCCACGACCATGGGGAAATTCGTCGGGTAACTCGCCATTTGATGTATGTACGCCTACATTGAGTATCGGGGATTGGATCCCTCATTCGCTTCGCTTATTTCTGCAGCCGGCGGTTCGCTACTCGGCTCCGCCTCTTGTTACAAGGGATTTGAGCATGCTGCATTCAATCATCCTGACCTTACGACCCGTAGTAGGTACCTTTGACGAGTCAGTCACAGAAGCGCGGAAACGCTGTCTTGGATTGACCACGAGATCGGTGAAGAACCCAGCTCTATAAATTTTATAGAACTTAACCTAGCCTTCGCCTCGCCTTGTCCAGCTAGTATCCTTGAACAGACAGAAATGCGAATAGCATTGCAGCTAGGTTCATGTCCATGAGCTCAAGTATAATTACTAGCGCGGCTTATGTGCCTCAGAGGAGTAAGCCTAGCACCACGTAACAGGAATTTCTACCTCGAGTGTAATCAAAGAGCACCGCTTACTGACCGATACACTACGTTAGCTTAGCAAAGAGATTGCTGCCGCGGAGTTTCCAGAACCTAAATCCCATCTCAGTTAGCAACCTTTGGCGTCGTGCAGGACGTCTCTCAATTAGGCCGAAACGTTAAGGCTGATGATCCTGGACTCGCAGTAGTGGGCCCAAAGTACGCTGTTCCTGAATCAGACTAAACGGTGCGGCCCTTGTGTACACAAGAGAGTGTCTAAGTTGCATGAGTGTGATGTCCGAGTTAGGGGCCTGGGCAAGGATGTCATGCATATCTTTTCGGTTCTCCCAGGCCTTAGACGCGGCAGCGTGTAACGGGCGGTGCGGCACCTGCACTGAGTGCAGTAAATAAGCGACATGCCACTCCCCTGCGGGGACAGTATCCCTTGCAGAAGATCTCATTACGACGTGAACGTGATCTACTTTCGGCTCGAGATAATGACAGTCGACGTGCACCCCTCACCGCAGGCGCCTAACTGCCCGGTGACCAAGAACACTCTCGAGCTAGAACGAAGCGGGACGCCGCGGTTTGTTACGTAAAGCGGGTGTGCGGCCGGCCCGAGAAAAATTGTGTTGGTCAGCGCTAAGAGGGGTAGAACCCCAGCAGATCATATCCGGAATGTAGGCTTGATGACAGCATCTGCACGGTTGCTAATCCTGCACAACTCTGCGTACACAGCTGCAGGACCAAAAGGCTCCTTTGCTCGGCGCCAAAATGTGTGACCTGCTCCCCGTAAGCAGACACAAGCGCGCCCGTTCTATGATTTTTCTATTTCCAGTGCTCGCGGGGTGGCTGCAATGATTTCAACGCATTGGCGAGTGCATGAATAACCGTTCATGCACTACTGTAGGTGCATGCCGGAGACACAGATTGGTATTTGGCTAGAATACACGATC,1468,51.57,Drosophila melanogaster
SEQ_760607,TACGTAACCGTAAGTGTTTGGTTCGCGCCCGCTGTATGCCTGCGGCAATGCTTATCCAAGTACCAACCGGCCCTTATACCAGTACCATAGATGCGCCCGCATGCTTTTAGTCAGTGGGTGCGCGATAAGCCTACTCTGACCTGTCGTCCTGGGTGAGTACCGAGCTTACCTGAGACACCGGAATTCCGCCGCTCAGAGTGCATCCACGATATCTCAAGCTCTCCGCGCTGCGGCCGTTTTCCGATCTGGATCGCTTGTACGCAATATCGACTAGTCTCATCTATCGGCCTTGAACTGATCGAAGATGATAGTAAAGTATCGAGAATACCGCGGTGTCGCCTTACGAATACCGAAAAAGACAGTGAAAATTGGCTCGCATTATCATATAATTCACATCGCAGTTGTGCGAAATACTAGCCTGTATCAGTACGTTTATTCGAAATTACGGGCGGATAGTTGAGATAATCAGTGATCTCCTCGGCTACACTCGCCTGGGAGCGTTGAAACTAATAGAAATAAGAGACGGCCGCAAGGTCGCATGATTCTTTCCCGATCCGTCACGGCCTGTCACCTAAGAGGTTTATGAAGGCTACGTATCCTCTAATGACGTGGTATCGTTGGCTCGACACATGTGAGTGGCTCACTGCAACTCGGTGGGATCGACGAACTGAGACCTCAACAACGTAGGCGATTGCAATGACAGTGCACTCGCTCACGACCCGATTTCAGAACTTAAAATAGATGTTCTCTACTACATCCCGCACCGGGTAGCAAGCCGCAATCATAAGTTCAACTGGCGCGGGTCGATGTCGTCGGAGCCTGGGTTAATGGTCCACGGTGGGGCCACGCAAATCAGAGGCGTTCGATGTGAATCGGATGCTAGGGTTCTACAAGTTGGCACTCAAAATTGTTCGCAGCTACGGTTTATAATTATAGGGAAAACTCCTGCCAATTTACCACGCTATAACGTGGTTCCTTGGTCTAACCGGCATGGGACCGCCGAA,1004,50.3,Arabidopsis thaliana
SEQ_158990,CCACATATCAACTATTACGAGAGTACTTATGGCTGAATAGCGGTTCAAGTGGTTAATACCAGGAGAGTTCTATCTTACGTCAGCTCACACGGTCGCATAAACGCTCCTTTATTGTGTCCTTTTAGTCCCGGCCGCGTTCTAGATGGTTTCAGCATCAGAAGTAAAGCTAGTGCCGACGCTGCCCAAAGCGCCCAGAAGCGTGTGAACGATTCTCAGTATGGCAGAGGTGCTTGTAACCGCAGTATGATAGAAAGTGAAGTACTTTTTAAGTAAGGGGCAGGCCTTATTACGGGGTTCACTCTGCTCCAATTAGGGCGGAGACGGGCTATCGTCCTTAGAGTTTGGGCTTTCTGAAGGGATTTTCTAACTTTAATCCAAGCAGATCATGCTGCTCAAATATGCCGATACGAGAAGTAGTAGCCGACACAACGTTCAGAGTGCCGACGATAGACACCATCTTGGATGAGCAATAATAGAATCGCTGCCAAGTGACAAAATCACCATATGGGACTAATTGCGGCATTCTCGGACGTGCCCTACGAGACTCGTTATCCATATATCTGTCGCGAAAATGAGCGCTGCGCCAATTTCATACCACTCCAGAAGCTCGGTTCGAATGAGCCCCTGCAGGGTCTAACGCGTAAGTACGATCGATCGGCAAGGGGCATTAACCATTCAACTGAGGGCACGGGAGAGCACCATGTAAGGGCTCTCAAATTCCACCTTCAATGGAGACGTGAATTACGAGCCCTAGGGACTCAACCATAAAGCTCAGGCCTTTCTATGTCCTCCACATACGGGCGCGACTGACGAGAACAACAAGTTACCACTTGCAGCGAGCACCTTCGTATTTGATGATATGTAGAGGGAGGTAACCATATGGGCGATCACTCCATATTCCAACTCTAGTTGTCATTAACGAGAAATGACCCCACTCTGTTCGAATACGCTGGCAGGTTTCAGACTGGGCT,971,48.4,Drosophila melanogaster
SEQ_387114,GCTTATGGAAGACGATATGTCGGAGGTTTTGCGACCAACCGCGCCCGTCAAGTCCTTATACGGACTAAACCCGGCCTGCTAAGAAGTTGCGGGAGAGAACTGACTGCAATTACAGCGGCTTCAGGTAATGCAGGACCCGCAGCACGATGGGCTACCGGGCCGTGTTTGTAGCAACAGTGGGAAACGGGGTCGCCCCAAGATTCTGATACGTCTGATACTGGCGCAGAGCTGTGTCACAAAATGTAGAAGCGCAGGAGAAATGATTGGGATGTTTTCGGCCATTCTTAACGGCGTAGTGGATCTTCGAGCTGAGCTAGACGGCGAAGACCCTGGTACAGATCACTTCTGTTGATAAATATTTGCAGGGATTAGTGTCGTGATTCTGTCCACCATTCCCAATGTTCTCCGTTACTACCGCGTATAGTCCTGAAATAGTCAGACGTTCGGATCTAACACGGTTTCGACCTTCGGTCTTTGCTTGAGAAAAGCCTAGTTTGTCCATGAGGTGGGTCCGGATAAGGGCCT,525,51.05,Mus musculus
SEQ_316611,TCCGTTAATAGCGGTGCCAAACTCCACGGATACGCCGGCCACGAAAGCGGTGGTTGTACTAGTGGAGTAGGTTAACCCGATTGGCTCTTGCGCCTAGTGCAATGCTACGCCTACGGGCGACCTAGTGTTGCGCAGGACACTTTTTTCGGTTGACAGCTCACGACGGCAACTAGAGCAGGCCAACGTCTAAAGCCCACTCCGGCGTACTAAGAAGTACAGCGAACTTCATGGACGTATCTCTACCTCAAAATCGTCATGCATGAGGACGAAGAAGCCCAATTCTTTATCGGCCGGAAGTTATGTGTGCAAGTACGCGTTGATGCCGTTGATTGTCATATTTCGTTGGCTTTAAGCACTTATTACGGGGTCCTATGGCTAACTATTCTACCGTGTCCCGCTGCCACCTCATTCGTGACCTCACGACCGTTTCGACCTTCAACGTTACGCGAATATACATAGGACGGGACTTGGCATTATCCTCGCCTTGTCTCTTTGGATAATCAATCTCCTAATAGATGGGACGTAGTGAAGCGCATTACCGTGGTGTGTCCCATTATGTGAGAAGGGGGTTTCAACGAATTTTTTACAGAATAGCCGGCTAGTAACGCCACTGTTGTCCGCCCTGTGACCCATTATAGACACGCCCTAACAACGC,655,50.23,Drosophila melanogaster
SEQ_172134,AAAGGTCACCAGGGGTGCCGAACAGTGTGCCGTAGAAGAGATGACGTGCTCGGGCTTATACTATTACTGGTTGCCGCTACGAGTCATGCGCACTAGTTATCGGTCTGACAACGCCTATCTGGGCGCTGATTAGTAGCCCAATCTTTCCCTTATGTCTTCCGAGCCTCCGTCCAATACTTTACCAGGCGTAGCGGTCTCCTTGACTTCTATACCTGGCACCCCCCTTACCCTCATGAGGTGCAGGCATGGAATGTGGCTAAAACTATGAGTACGAGGTTGTCCAAAACAGCCACACCTGCGGAATTTACGACCACTGGAATTATCCATAGAGCTGGTACCTCAGGCTTAGGTACCCTAAAATTTTGAGGGTTAGAGTCACGAAATCACGAAACTAATGCCGTCATTGTCTCACTGTGCGGGACGAATGGTTGAGGTCCCGCTGTAATGCTGATCTTTTAGGAATGGCTTATACCCACAGCCAACCACAGTCATGGTGTCGTGTGGCATGATGCCTCTCCCATAGTTAAGTGTCAGGGTAAAAATGTGACAGTGTAAGACCAGCTCCTAGGTGAGATAGTCTTACCCTTCGTAAGACCCTACTCAGCGGAAGCAATCTCTCTCGAGACATGCTCTCTGCAATGTTGTTTGTAAGATGTGGTCAGCGGGCGTTTGTGAGAGGACCAGTGCCCTAGGATTTGCTTCCCACCGCTGTAGCACCATCGCGGTCGTCGTCCGTCCAGCAGTACACTGAAGGGTTCCGCAGGCATTACGCACGTGCGTTAGCGGACTATTCTAAGGTGGGCAAGTAGCCAGTACAGCGATTATTGACACCTCGAGCCGCACGGGGCCTATCGAGCACCAGTTGTGGTGATAGATAACAATTTCATGCGAGGTACCTACGTACGCGCATCCCACTCTATTGTGGGTATAAAAGGGGTTACGCGTGGAACTTAAGACCACCGCAGTTATTTTGTCTGTATTAGGATTCGTTCGGTGAGATGTACAGCAAGTTCGCCAAATGAATAAGGAAAGACGAAGCCCATAGCCTTCTCATTTAGAAGCTAATAGTGCTTCAACGGGACCTGGCACGACGCCGTCGGTAGCGCTTCCATAAGATGTGTGTGAGAACATGTAAATTATTTACGCCCTATTGAGACCACACGTGTGAAATAAAGTGTCCTTGAGCCGACTAGTGATGCGTGCGGACGACCATTGGCAGATTTTAAGTCCCAGGAGATCGAATGTCGAAGGACACCCTCTACTGCCCAACATCAAAAGGGTATAGCCTAGAATTTACGTCTCGCTTCATTATTTGGTAGCCATATCAACGGACAGAGAAGTAGTACAATGTGTCCACTTGTTAACTTTGGCAGGTCACTAGAGCCGACTGGCTCCCGGGCCCCACAGTCGGT,1412,49.86,Saccharomyces cerevisiae
SEQ_225164,TCTGATTTGTCTCGCATATGCTGATTAGCATTGAATTGCGCATGCAAGACGGCAGCTCGAATG,63,46.03,Caenorhabditis elegans
SEQ_235453,GCACGAAATGTCGCCCTAATCGGATCATGGCCTGGAAAAAATCTTGGGACACCGTTCTGCGCGAACTGAGACGGGTTCCGCTAAGATGACTGGCTCGCATCCTCGTGCAAGAATGATAGACATTGCCCGGTGGGGCCTAAATACCTCCTCTCAATACGCTCACCCCGCAG,170,54.71,Mus musculus
SEQ_710242,TGTCCTCGTAGTTTCGGTTCGCCAACCAAGCTCGGATAACCGTCTGGAAACGTTACACTTTAAATCGTGCTATGGCAACATGCATAGCGACGCGGCGCTCTTATGGGTCCTACAAGGTACCTTATTGAAAAGTTTGTTTATCGGACTTGAAATTTCGTCAGAGCTAACTGAAAGGCCATATTCCAGGCGACGATAGACAACGGCCAACAATGTGTACCTCAGGTGTAAGTCATACTACCATGGTGTTGGGAACCGCACCTGGCGGGTGCGTGCCGTTGAAGCTCTAATCGGAGCACGGATGAGTTTCAAGCTATGAACAATCGAAGTGAACACTCCTCAGGATACGGCACAGGACAATCAGGTACAATGCTGAAGGGGCGTACCATAGAAGTGATGGTTCCTAAGTGACGGCTTAGGTGTCATCCTGTTTTCCATCGCTGAACTGCGAGCCGACGAAGTTGGCGCCCTTTTTTCGATGATTACGGTGTCATTAAGGCGCGAGATACGAATTAAGCAGATGTGGGATCGCAGAGATGGAGCCAGGTTCGAACCTTGAAACCATACCCACAGAATGACGCCCAGCGCTGTATCGTCCGTGCTCTATTCTCTGTGGTAAGTTACAACCCTCATTGAGCGGAAATTCTCGCCCGGTAGTATCGTGGGTAGAGAGCCTGTACGTGAGGGCACCTTCTGTGGTTGTCAGTAATTTGTCGAACTGCCTCAATTTCAAGCAATTCTTTCGCGAAGGCATCTTCCGTAGCCCTATTTGAGCAATTGCGCTCTCTACAGGCGTGCCCAGCATCAAATTCAAAAAACCTCCTAACGTTGATATGGTGCGGCCGTCAGGAGACTGTTGCAATAGATAAGTATGAACCAAAAATCGCCGGCAACAACAGCCTCTTATTTAACTAACCTGCCGAGGGGCAGCGTAGGCCGCTTCTTACACTACGAAACACGTCTCGTCACCGCCAACTGTGATGGATGAACTCCGTTTCTTGTAGCACGTTCACCGACAGATATAGAACAACGGCTCTCCAGAATATACGGAATTTGTTTAAACCGGGCAACACATCACAGTCGTCCCACGCGACGACCTACTATTCGAACTTGCGCTTTGAGTGGTCGATCCCATCCGGTTGGCTCGGTAGGGTGTACCGCCAAAAAAATGGCTTTTAGTTTGACGAGAGACACCAGGACGTCGACCCCCTTGAGACCGAGTTACTTTACGCTGCCAGCTAGGCGACCGGAGTCTATGTAGTGGCAATTTTATGAGCTCAGAGGCTCCCGTCTATCAGAAACTCTGACAATACTTGGACCCGGTCTGATTGGCCAACGCGTTCAATGGGAAGACCGCTGACGATGAAGATGGTCAGAGCCCTTGCTCTCTAGAGCATCATGTATTAAATAAAATGAGCCACGCTGACCATGTTAGTCGCCGATTCGGACTTTACCACTTATTAAAGTAGAATCTCAGGCCGTTATTGGAGGTCCTGGCAATCATACCCTACAGTTCGATCTGCGTCAGGCTGTCTCAGGGGCGTCGAACAAAGGATGGAAGTCATATCTCGTTATAAAAGGCCTATCAAGGTGTGGCTTTATTGAGATGCAGCTATGCTATAATTTCCCGGCCAAAGGTTGAATCTTAGCCGGCATCCATTACCATCGGCATGGCTTTATGTCTATCCGACGTTTGCCCGGTTAACGTGGTGTCACTGGAAACCCATGTGTCGCAAGAGCCGCACTTTGAGCGTACTGTAGGTAGATAAACTAGTATTAACAGCGCGAGCCTCAAACGGTTAGTGGCTTGCTGGCACAATCT,1819,49.26,Homo sapiens
SEQ_501003,ACACCTACCGTTCAGGATTCCATACGAAGTATCACAAGTGGGGACGTCTACAGAGCGAAAGTGCATATTAAGCGATCGGCGACCGGCCGATAGGGACGGCCGTGACACTTGCTTGTGTGTCGGTCGGGACCCAGTGCCAAGACTGATCGACTCGAACGCAAACCCACAGGTCCCAACATATAGTTACGGTGACTCCGAGGCGATGGACTCGTACAGCTCATCGAGTAACGCGGAGGGAGGGACAATGTCTCGATTTAACGGATGTTTTTTTCAAAGGTTGATGGCAAACATATGCATACTATGGATACCATGCCTACTACGGGGACCCGATTACAAATGAACGTCCCACCTTCCCGGTCTGTATTTTACGAGTTTGTACTGAAATATCGTCGGTCGGGTAGAGCCAACGTGCGTTATCCGGACGTTGCTGTATCCCAACCGAGTTGAAGGCGCATAGACGTGGCGATGGCACGACGTATGATAAGTACTCTCTTGGTAGATAGCGGTGCTCGACGCTACAGACAACAACACAGGACGGCCATCAGAGATGCCTCGTCGAAGGCGATGATGATCCACGGCAAGTATGCAATGTCGAATCTACTCCGTCACATATTAGGATAAGATAGTTGTCCTCAGACACAAAAACGAAGAGCGCGCGTATGTCGAAGTCTGCCTCTCTAAGTTAATCAGCTTGATTTAATAGGTGTCTGATGCATCGCCAACTGCACGCCCGAATCCTTAAGAGTCAGGGCATCACACTCGCCATGCTCGCTTACGTGCACCGGTTTTAGGCCCGTTGATCGCGCCGCTTTAATTATCGTGATAGGGCAAGCAGTAGAGAGTCCAGCAATGAGGCATAGGAGCGTACTAGGTTGTCATATCAATTCCTTAGTGAGAATGAGTTGTTTTTCGAAATAGTAGAAAAAGTCAGGCTAGTCTAACTATGAATGATAGCTTTGTAACATCATCTGCCATGATGCCCGAAATCTCCATTTGACCTATCCTTGCCAGAACCACACAGGCATGGTAAAATGACTAGTGAGTCTCCCACGAAAGTCAGATGATCGGCGCAAAAGCAATACCCACCCGCCCTCAATGTATGCTATCGAATAATCTGTGAAGCGGAACCATGTTTTTAATCCGTTGCCACTTCATGCTCACTCATTGAACACTATAT,1177,48.43,Caenorhabditis elegans
SEQ_705152,TTCTGGGAAACTGGTCAACGGGACGGGAAGATTATGACCAACTGTATAACAAAAAGGCCCAAAATCCACACAGCATTAATTAGGTGCGCATGTATCCCAAATAAGGCAGGGTCACCTTACGCTTGTTTGGATTGGGTAGCCCATGGGCTGTAAGGCGCTAGGTGGCGCGTTGTGTTTGTTCAGTACGCTGATCCAGTGATCAATCCATCGACTA,214,48.13,Homo sapiens
SEQ_163925,TATTGTTGACTTACTGAGGGCTATAATTCATCGTAGGGAAGGATCGCATCGCACTAATGCTTGCATTTGACTACGTGCGGAGTAACCCTCGCACAGTAATGTTAACAGTGGGTAATGGCCTCCGGGGCATCGCCTGTAATTTCTTCGAGATATTCATTTACCTAGTTAGCTTCCAAACGCTAACCAGCGTCCAGTTTGAGACGAACGTAACGGTGTCGCAATTAAACTCCGTCGGATCGCAATATGGGCACTTTAGACATACAAAGGTGCTTCTTGGGATTCAAAACTGTGCTGGGGAGAGCGGGACCCCCCGTACACACACACAGCTTGACACGGTACTTCTATGGCCGTAAGTATTCAGCAAAAAACTGTGGGGCTGTTTCCAAGGTCAAGACGCGCCAAAACACATTCGGCATCTTTTGGCAATGCGGGAACGTCTTGGGGGTAAGACGGATTTTCCATCCGCTATGGGGGCCAGCCTCGCTACAGAAGATCGCCTCCTAGTCGAGGAGAATATTGCGAGGGGTCAGCTTGCGTACAAGTTGTCGCGGTGCTTTCCGATGGCACTCCAGTTCGTCTGGTAGTTTCCTACCTTCCTGCTGATATGAATCCATCTGGTCATAGTTCAGAATAAACTAAGGTAGTTTCTTTTCGAAACAGAGTGCCCTCTCGTTTCGCAGTGTCTGCGGAATTGTCGAAGGATACACCCAATATACTAACAAACAAACAGAAACATATCTACAGAACCCATATTGTTCTTATCGCGACGAGGCACCCTCCGACAAGAATGGTGCGGGCGAGTTCCATGAGTTCTGTTATGTCTCCGATCGTCTACATCCGGATCTTATTTGTGCCCGTCAAAGACATAGATACGGTTCCTAAAAAAATTTTGCATGAGCAACCAACATTCTGGGCACGGTATACACCGGCGATTCAATACATTTTGGTGTGTAGTGTTGATAGACGTAAAGTCGAAGTAGTGATGGAACATCGCCGATATCTCTAATGGCTTGGAGAATGGGTACTTTAACGGGGGTCCGGTAGACGCTTGTGTCTGTGAAAGTGTGGCCCCCGACACAGGGTAGGTCACGGACACATTA,1100,48.0,Arabidopsis thaliana
