sequence_id,sequence,length,gc_content,source_organism
SEQ_983213,TTGCTGAAGACCACTAAGAGAGAAAGCCAGGCATGATCCTTCTCGCCTCCTAGATTCCATTCAGCGACGTATACTGTCTCTAAACAAGAGGTAAGACCTACGGGTTCAGCGACTGGTCAATTTAACCAGTACGCGTATCCGGAGCGCGTCGGTTATATAACTAAAATATGCGGCTCCAGACACTCACAGTACGAAATCGCAATGGCAGGATATAGTCGGACACGGATTCTCTAACCACCGGGGTTCCTGAACGGAGTCGCAGTGTTGCAGTCGCAGAACCGGGAATTGAAGTATTACTGATGAACTCCTTGCCAGCTTACCGAGGCAGTTACTAGTCGAAATGTTGCTCCTTACTACATGCAACGTCTCGTATTGAACGGGAGGTTTAGCTAGAAGGCGTTAAATACCAGGTGTGGGGAGTCTCAACCAATTTATTCGCGACTTACACGATTCTATCGGCACCTATGAAACGACTTCTAAGGTTCCTATATGAGTCGTTAACCCTGGTAACACGTTGAAACTGGCCGATGGCCAGCCCGGTTATGGCTATCCATTTTGAGACACCTTAAAGTTCAGCTAACGTATGTATTGAGACTTAATTTCAAGCAACAAAATTTCGTTACCACACTTATCTTCTTTGGTGCCACACACAGTTCCCTCCCTCCCCGTAGGCAACTCTAGGCTTTGGAACCAACTGTAATATAATGAAAACGCGCAGGGACGTCTCCACGTCTTACACGCCTTAAATCACTCGGTCTGTGAGGATCGTGTCGTCCTGCCGCGCAGGGCCCTGTAAGCTTCCTACAAGCTAAAAGATTATACTTGCGCGTATGAGCCGTTCAGCCTTTCAGACCCGGCTATTCAGTGTTCATTGCGGAGCTGGCTCCAACGGGTGAATCGGTAGGTCCAGACCAGAGAGTGCACATCTTGTCGTATTGACGGAAGAACTCTTCTAATGATTGAGGGGCCTTTCCACGTATCGTCACGTAGTTTTCCACACACGAACCGCCTCTTGCCCGAACTGCGGATTACTGAGTGAGCGAACGAACCTTTAAGACTCCATCATTCGCCTGGCCATATGTGACGACGAGACCCGTACACGATGCTGAAGCAGCGATCGCCTGGGGCATGTGCATCGGCTTAGCTAATCCGTATCGAGATACGGCAGCCCGCTTAGTCCTCTTCGATTTGCATTTTGACGCTGACGTTGCTTAGACCCTCTCGATCAAACACAGTGACATGAGGCCATCCAGAATCATCCCACTAAAAGGATCCAACACAGCTATACGGAACTGGAACACTCATCCGGCTCAATCCAATGTCAAGTAGGCGCAGAAGCGAGAAGTTTAATAAATTTAGTCTGATGGGGCTCGATAAGGAGGGCTGCTTAACTGTATCGCGCCGGTGTGGCCCTCACAACCTTAGTCCCCTTGCCGCCTATTGGTGCGGTTAAA,1454,49.31,Homo sapiens
SEQ_889264,ATGGGGCCCCACCAACGCAATTATAATAGCCCGTTGAGCGGCTCCACTGCCCACTCGCGCTGGTTATCTTACTAAACCTTTTATGGAGCGTAGACCAATGCACTTCGTACGCACTTTGTTACTCTCTAACAATCATCGTCGACCGTCCAGTTAGGAGAGCAGGACCACGTGTATTGTTCATGCCCCCAGTTAAGGTGCTGCAACATCAGTGCTTGTCGCTTTTTCAATGCAGAATCCATTCACGCTCCTTGACATTACCGCCGGTTTGCTCGGCCAGGCCGTATCGTAGTGGAGGCGCCTTTCATGGGGAACCTAGACGCATTATTTGGAACACGCACTTTGCAAGTTCATTTCGGATGTTCCAAGGGCTCCGATGCCCAATTAATATCGTCTATTGGCATGCGGACGGAATTTACTTGGGAAGAATATACCGGGCGCGACCTTCGTCCTTCGATTCTCCATTTGTGAACCGCACAAGGCCCGTTCAAGGTTGCCCTCCAATTATAGGTCCCGTAAACTCTCAAGCAATGACGATATGTCACCATTTGCACGTCCTCCAGAGCGAGTAGGGGCCATCGGGAAGTTCGTTGAGAGGTCTGAGAAGTTACTGGAGCCCGTGGATCAATCAGTCTATCGATCTTATGAGAAGGTCCGTCTACGACGATGGCAGTGAGAGAGAGGGCTCTGCCGGCCTCTATGGAAGTCCTCTTGAGGTTTATCGCTAGGATGCCACTACTGCATTCGAAACCTGACGGAATAGACCCAGGATAACGAGCTCAGCTCAACGTGCGCCCTGTCGAAAACGATAACCGGCCATGCCGGAGATCGTCCATAGCAGGAATCCACCCAGCTGGTGTTATGGATACCGAAAGAATTACCTCACGCCGGCGCATATAATGGGTCACCAGCGTCGTGGTGGGAAACGAACGGGTCACACTGTCCGTGCGTTCACATATATTGAGCGGTGGGCCAGTGGTGTATAGAATGGCAAATCCATAATGGTGCGGGGAGAACTACATATCGCTTACACGGCCCTTGCGGTACGGTCTGAACTGTCGGCATTGGTTCTATAAATATAACAATAACTGCCGGTCTTATTCAACTGATACTAGGGAACTCCCCAGATAGAGAGAGGCAGAGCCCACCGTAGTCCATTTTGAAATTTTGAGACAATTCGTTCCCAAAAGTAAAGAAATGTGTAGCACCGCTATCTGTAAGCCGGCGCCCAGAGGTCATCACACAGGTTAATCATCCTGCTAAGGCTAAGCTTGCTACTTAAGTTTGCTGCATTCTAGCAATTTAGAGTAAGTTTCTCGCGATTGGCTGAATGGTGAATATTTTTTCGCGTTTTTCCTGACTTTTCAACTGTATTGGACCAATGGAACAGCGTTGGCCGCATAGGCAGAGAATCCCGATGAGAATCACCGGATCAAAAGGGCTAGCTGGGATCCACTTAAAAGGTGAGTGCAAAACACCGTCCGAGGCACTACAGGTATCATGGGTTGATGCCATAGTTCCCAGCATGATTCTGGTCCGTCACGGTCCGCAATT,1551,49.84,Drosophila melanogaster
SEQ_578160,ACAACCGTTCTGTAAGGGTCGAAGTAGACAGGTCAGTGCCCGAGCCAGCTACGGTCTTCTGGTTAACCGCCACGCGGAGAGCACAGACGCTAATTGGGTTGTCGAGTACGGATAATTCCCACCCACCGCACACCAACTTGAAAAAAGGGCAAGACTATG,159,53.46,Caenorhabditis elegans
SEQ_555991,CAACGTTTAGCCCATTATCACGTACGTGCTTCTGGGGCAGCAAGAGAATACAATCGAATCCCCGGCTCTTGACCCACGCCGGTAATGCCTACGAAGCGCATCACGAGCACCATTTTAGCAATATAAAGAATTATACAGCCGGCAATACTGTACGGCATAAGCCTGGCTTAAGTAGCAGGTTCAAAATTTCACGCGTCGTAAGACTCATAACCAGAACAGCACCGACGTCCATCTTTAGCAACCGCACTTAGCTCAGTCCACGTAGAGTTGCATGTTACATGCAATAGAATAAGGAGAGGGCGTGTTGCAAATAGGCTGGTGTCAAGACGGATCCGGTTATCTGCATAATTTTGGAAAGCCCCCCTTGTCATTTCCGAGATAACGCCAACCTGTCAAGCAGCCTGTGCTCAACCCTTGTCAATTGAGACGTCGCTGTCGTACATCAGAATGCACCCTGGACCGTCATAGGGAGTCCTTAGGAGCCAATGACGAAGTCGATACGAAACGGCACTCACCCCTCACCCCTAGTCTCGTCTGAATAGATAACCCAAGTGATGCCGAATGAGATCTACGTAGATCGCTCCCTGACAGCTTTGCCAAATTTGTTATTACGCTGACGTCTGTAAGGAGCCTGTCATGCGACAATTTTGTATAAAACGATGGTCTGTGGCCCCCGAGAGAACCCGCACTACCGCAGATCAAATTAAAGCAAATGGGA,718,48.75,Mus musculus
SEQ_563396,TGTTACGTTCACCCGCTAGAGATGTTTGGTCCTTAATAACATTCTTCTATGCTGTTAGTGAACAATCGAATGATGGAGACCTGTACGTAAGCCTCACCCTTTACAGAATTGTCACTATACCATCACTATCAAAACAACGGCTGACGATCATTGCTGCCTCCGCGAACCGATGCAAGGCAAC,181,44.75,Escherichia coli
SEQ_147938,GAGTACTGATGTAGATTTAGGAGAGTCGTGCACTAGCACTCACCGAAGGTTTAAAGTCCGTTAGAACGTCTGAGCTAGAACAATCAGGTTCGCCAATAGTATTCGCCGATTAACATGACCATGGTAGTGGTCAAGCCCGAAAGGAGAATGAGCCCAAGGGATTGAGTCTAGTCAGATCCGTTAAGGCCCCGTAAGCATGGGTACCGAGCAACTAATGGGCATT,223,47.98,Caenorhabditis elegans
SEQ_616206,ACGCCTTTCGCTGCACAGTCCAGGAGGACTAAGTCCTAGTATGCCCCCAGTTAAATAAATACCGATTAATTTCAGTCCCGGGTCACGTCAACCTTAAAAATCATAGCCTTCACACTGGGGTTTGTGGGCCATCAAACACCAGGCACCTATGGCGTGCCAACGCGCAGATCCAGAGTTGCTCGTCTCTCACAAGGACGGGGCAACCAGTATAGTATACTGTGGGCAGTTGAATTCCGCCGCGGCCCGGTTGCACGCGTTTTGACTTATAAACCCGAGTACACACCCGGGGGGGACCTACGATCGTGTCCCCTGCCTTTTCATCCCAGAAACTCACACCGCATACCAAGCTCACAACCTAAGAGGCGCAGTCTACCGGAGCACACGCGTATCTCTCTCGATATTGGTCGGGCGTTCCATGGCGACGTTGTGTGACTAATGCACCCCACTCGGGGATTCCAAATGTTAGCCCTGGCTA,475,53.89,Escherichia coli
SEQ_974653,TGCCGGATAGTCAAAGTCACGTGCTCTATTCATCAGGCGTTAGCCAAAATGGACGTCATAACCGGCGGTACCGCGCTCTCGATACGCGCCCTCCGCCGGGCAATTCGCTATCTCCTCTGTGCGTCCTTTACAATTGATCATCTATGCCCGATCCAACCGTGTGGTTTTCGTGCCCGGGGATATAGGGCCTATGCGTATTCACACTTTCACCGTACCGGTCCATTCGGCGCATGTGTTAGGACAACACAGGGGTGTGATACAGAGTGTTAACAATCCAGTCTAAGGTTAGTAATAACCGCACCGACGGTGCGACTATCGTGCCGCGTCTCGGGTACTATCCATGGTCATTTAACCGACTCATTAAAAAGCACGTCGCGGATCAGACCTACCGATCGCACCTGCTTGTTTACCGCGCAGATGTGGGGAAGTTTATACTTGGTTAGTTACGCTCTAGGGCGTTCTTCATATCGGCTTTGGCCGGGTCGTCTCCTGGAAATCGCTTGACCCTCGTTCTCATCTAAGTTATTATGCACTCGTGCTCCGTAAAGGGATCGGGACATATTGGTGCTGTGCACTTTCGAGGCGGGTCGCGGGGTGCCCCGGTTGCGGAAAGGGATAGCTCCCGAGCTTCGATTATGTAACCAGGATTGTTAGTGCGAACAAAGATGCATTGCAAGTTCGCACGCTAAAAGGCCAGCACGTTTCTTTGTTGACTATCCCTTCATTGGCGTTAGTTAGAAATACGTATGAGCCCGCTATTGTCCAAGAGTTGTCGCCTATACCCGTTGGGCCACCAACCTTCCGACACCGGCGTAGAGCCTCGGTAGGCGATTGACAGGTCGCCCTGTAACCGTTCGATTGTCACACGTTGGCACTGATGTACTGTGGGACTCGGCCCTACCTAAAAGAAGCGTAGGACGGCAATCGCGCTTTGCCTCCGTCCCAGCTGGTATCCGGGATTTCGATTCGCACTGGTGTGGCGATGCAGTGTGCATTTACCAGGAGTACTTGAGCTGGACGACCATTCTGTCCTACGATTACTCGGCCACTGAGCGATTGCTATAATTGCCGGGCTATAGGACATAGCAGCATCCCCGGCCCCGTGGTAAACGCGACTTAGGTTTCACTCATGGGGCGAATTCCATACCGGGGCCTAGGGTGAGGGAGAAGTACGGTTTCGAGTCTACTACCTGGTGCTCCTTCGCCCTTAGTTCCACAGTAACGGGAACATACTGAGGATATCAATGTTGGTGGACCTGCCAGGAAAGAACCCCCCAGTTTCCTGTTTTGCCAGTCAAGCATCATGTAAACGCGATCCCTTCATAAGGCCGTCAAT,1336,52.84,Mus musculus
SEQ_714926,GTTAGCACGATGCATGGGATTGACAGGTGGAAGACGCCAGCCCATATCCCAATGCCTGTAGCATTAGGCACATGACCCCTATAGAATGCTTTTCTCAAGTAGTGCTCTCACTGATGAATTCCTAACACAGGGGACCCAAACTTTGGAGGGCCTCGTTGAGATGGGGGGGCCAATGCGGTCAGCATTCTTCTGGTTACGTGCGGAAGCGCCTTAGACAGGGCTCCCCGGCCTGCTCGGTGACAGCGGAAGAAGGTCGGCCTACCCTCGGCTCGGTGCGTCAGTTATGACGGCGGCAGAACTCGTCAATCAATGTGCCAAGGCTTGTGTCAGTAGGTTGCATTCCTCGGGGTATCATCAGCATCCAGAACCCGATCGAGACAGAGATGTCTGGTCGGTATGGGCTCCCAGACGTTGTAGCCTGATAGGCTCGCCTCGTTAGCCTGTAGACAGGAAGCCTCCATTCGTCCCAAGTGCTAAATAGTCCACATGTTGTGCTCACCTTGTTCAGGGATCATGGCGGGGTGTTACGTTCCACCTTACCTTGTGATCCGTTTGTGGTTGATCGACTACTTGTGACATTTATTCACACGTACGCCTCTTTTGACAAATCACGGGATTGATCCGGGAAGTCGGGGTCGGGATTTGCGTTGATACATATATTGTTGGTCAGGTAATACTGTTGTAACGGACACGTACTATCTCGTGGACTCCTGTTAATGCCTTTTCTAGCAAACCAATCTGATGATATCTGCTAACAACTCCACGCGATAACACTCACGTAGCCTGCTCAACCGGTTGCAGAGAGCTCTTCCCCCAAGGCCTAGGGTCAAACAAAAGCTTATCGAGGAGTCCTGGAGAGATTGAGTTCGCGTTGACGGCGTAGATGTGGAAAGTAAGGCGGTGATATAACGCAGACCTCGTGGCGATTGACTGTCTCATAGTAGACTTGAACTAACACTGATCCTTGGGAGTGTGAGCTGCTTTGTGTGTGGGCGGAACGAGGGCTGAGTCGAAGAGTTCTCATGTCGGGTGCCTTCCCGCTTTTCTTATCAGAGCTCCCGGATAGAAGGCGATGAGAGGTCTTTACAATAGCTAATGCTCAGAACGAGATCGTCGATTCTAATGTCGAGGCTTAGTGTCTATAGTGGAAATCTTTCGGTCGGGCGCAGTTTCATAAGGCCTCTACCCAGGACTATCTGCATGTGCCCGAATTAGCCAAGAGTTGTTTTTAGAGTCCGTAACCTAGTCTACGTGTCACCCGAGAAGTATGCAGAGTCACGTAGCCATCGTGTGAGTTGCATTTGACTGTACCACCCCTTCTTGGGG,1326,51.13,Homo sapiens
SEQ_321260,GCCGATTAGTCTTTAGGTAAATACTGCCCCGATCAGCACTTTTCATGGTATTCTTGTAATAGGGTGTTGCATGTAGGGTAACTCGTATGAGGGGGAGCGCAATCAAAAAACCGCTTGCAGGTCCGGAGGCAGCCTAAAGCCCGGTTGTATTCCAAACAATATCTAACAGTTCGCGAGTATGGAGATGAACAGCTTTTGTCTATGCACATGTCACCGCCCTCCACCACCGGCTTCGGCATGGATCTTGAGCGTTGTATAGAAACTCGGTGCGGGTTTGGCAATTCAACCATCTAGATAATCCATCGGGGATAGGCCTAAGACCATCGGCGTGCTATCGCAGGATACATTAAAGTCGTTTGTATAAATTCAGTTCGTATATGAGATCGGTATAGCACTGGCGACCGATTGAGTCGTAGCTATGAAAGGATGAGGTAGGGTGGGTCGATACATTAGCGGCAATACGGCAATTAACATACCGGAATAGAAGTATTCCAAAGGAGGAATTCACAAACAAACTGCCGACCCCCACGGACCCAGAGCAGACACGGTAGACAGGAAGGTGTACCCCTATGCTTCGTACGCAACCGCGTGTGTAATCGGCGATCAGGTGAGGAGGCGTCCAATGTCATAATTCCCGTCAGTGCTGACAGCAACATAGCTAAACTGTATGAGTATTCCCATGCACACTCGTTTTTGGTTAATTCGTCAGTAAATCCATATGTATATTCTTACCTCCCACAGGTCTTGGGAACTGCCTCAGAGTGGTCCTCCCCTCGGAATATCCTGTACTTACCTCTCTGGACTGCTCGCGTCAACAGTTTTAGCGTTATATAGTTTCCACTAGGACTGAACTGTGTATCTATAACAAGTGCCATCATAGCGCGAAGCCTCGG,893,47.82,Saccharomyces cerevisiae
SEQ_243788,ATATTTTAGCGAAGGGACTTCACCCCCTCACTAGAATAGACTCCCCTGATGTGATTTACGCTTGGACGCCAGGAGGCAGGTTTTAGCGAAATAAACACCGGTGACGATGCGGTCATGCAGCGAGCTGGAATTTACCGATATTGATAGCGGGTGGCGCACAAGCAAGCATCGGTGAACGTGATCCCCACTGATGTTGCCGAAACGGCTTGACGCATTGGTCGTCAATTAGGTCACCCGACGCTGCGATTTATACAATATGCATATTCGTACCGTCAGATCTATGGGAATTGACTATCTTCCGGCACTGTTCTCTCCTAAGGCATGA,325,49.54,Arabidopsis thaliana
SEQ_397611,GAAATACAGGGAGCCTGCTATTGTGGAGCGGATTAATATTCACGGTGTCAATGCTCGGAGACTGCATTGGCTATAATCTACGGACAGCATCTCCCCGGACCGGACGGGGTCAGCTTTCACCGCAAGGGCATAGCTCCGAACGCGTAGCTACCGGAGGGGATACTGCCATGTTTGTTTAGGGAAAGCAGGTCATATCCGGCCGTCGTGTAGATCATCACCAATTTCACTCTGTTGAGCTTGTACCTCGTAGATCAAATCCCGGCTGGGTACACCCGATCATGCTGCCCCAAACCCGCCGCCCAGTTATCGACTCTATTGATCTGGCAGGGTTTAGCTCCTCTATCCTAAGAACCCT,355,52.96,Mus musculus
SEQ_363026,AGTTCGGGGTCCCAATCTCGGGCGTGTTTACTGCCTACAACATCCACCGGTACTCATGCCCCATAGTTTGATTAACGACGCATGATAAATCGTGTTCTCATTTTGCGTCTGAGGACAACACCACATTGTATCCATCTTCACAGGGATCGCTCCAGTTGCGACAAACGCTACCAGCCAAATGATGCACTAACACCGGCGCGTATCCAGGACCAACTGTGCGGCATATACTGGCCGTCGGTTTAGCTAGTGGGCCAAAGGTGAGTGCAAAATGGGCATTATGAGTTATGTTGCAGGATCCCAGTGTTGCAGCCGATAGAAAATATTAAGTACCTGCGTGCTCGTCGATCAGCTCGACTGTTGTGGTCTCATAATTACTACTCAATGAGTCAAAACTGGGCTTTATGTTTTGCAACTCTCTGATCACAGAGGATTGCCCACTATCTGGCGTTATAGCTGTACAGTCCTCTATCAGAACAAGGTGTGCCCACTATACTTGGTAGAGACGTATGGGCACCGAGGCACTCGCCGCAGCACAAATTAAACATCTAAATGTCGTGATCACTATGTGTGTAAAGTACCACCCTTTTAAAAGTGCATATCAACCCGAGCACATGCGTTCTCTCTTGAACGACTCGTGGAAAGGAGTGGAGGTACCCGACAGCTCCTTGAGTCTAGCCCGGCAGGAGTACCAGTCTGCAAGAATCAAGTACCTGTCAACGATGGTAGGGAACACGGGATTCTGTAAACAGCTGGGGGGTTCGAACTAGGTGATGTCAACGCCGTTAGTGGTGACGCCTATGTGGTGCCATGACTATGAATCGGGCGTTGTATGCCTATTCGCAGATGTGTATAACTTTACCAAGCATAGAATGTTGGGGCTACACTTCAACTGTGTACTTCTTAGTTCCTCATCCCTACGCGTGGTACCGAATCAACACCCCCATATTAACCAGGGCCCACACGTTCCCCATAATACCACACCCTGCGAGGGGCCTCTCTGAGTGCGAGGTGTGGACCAACCCGGTAAGCAAATATCCCCATTCCCACTCGTAATTATTGGCGGTCGAACCGACAAGGCTGCTTCGTTATACCAGACTCAAGTTTGCTTATATACAGAGCAGAATTCTGAAGCGCAACGCCAAACTTACCGTCCATCCAATGCTTTTCCGTACCTTTGACCGCACTCTCAACTGAAAGACATAGCCGCAGTTTATACCAACCGCGCCGAAGGCATTTTGCAGTGAGTAAGGCTCTGTAGTCACTTCGGCGAGAAAAACAAATATTGGTAGTTTCCCATGCATTGGCCCTGCGCCACTGGGTGTACAGAAATTATCGCTCACCGATCTCAGCCTGATAAACCTTGGCGCACACCCGCAGATCCGAGCGGTAAAATAGCAAGGGCCTTCCATATTAAAGCCGACCATACACTAATCCAAGTCACAGGTGATGTTCCGAGCCTGAGTCAACGTACTAGAAGGTCGGTCGGGCATGCAATATGGCAGTCTCCTAGGGGATAGGTCGCAATCCAGTGGGTACCCATAATGAAGCGAATGTTGAAGTGGGTGTGCGCCTGATATCCGCAGTGCGGACATTCTCTGGATAGTTACATTAATGCCGTCTTAATCAGGGCCTTTCTACACTGGAGACTCTCTGTAGAATTGTTGGGAGCAGTACATCGTCAAGGTCTCGTCCCTGTATTAGCGGGAAAGACGCCGGTGCTACTCGTAATTGTGCTATAGAAATATCTCCGACAACCTTCCGCTCGGAGAGGAACAGTACTTTTCATACCGCCATTGCCTGGATTCTACAGGACTAAACGGACATAGCCATAGACGGTTACG,1841,49.27,Arabidopsis thaliana
SEQ_132035,ACAACGGATACGTTCATAACAGTAGGACTAGATGATGGAGCTGCGTTAGACTATGCTGAATAATAGTTCTGGTACGGACGCCTGGGAGCGTGAGGGCCAGTGATAGAACAATTAATGCTTCCCGGACGACGCACGTGGTGGCATTACCGGGATATCTGGATTGGTTTTTTGCGCAGTTAAACGTCCGTGTACACCGGAGAACACCCTTGTATGTAGGATTAACTGCAGCCTGTGACTTCATTTTTAAACTCCTTCCCTTGCGCCCTTATCGACCCGTTGGGCAATGCCTCACCGCTTCGGGGGCCCTCACAATGTTTAAGCACTGCGGCGAGGACTGTTACGCATCTCGGGCGAGTTACAATAGGTACTAGGACGGACGAGGGTTAAGCAGCATTTTCTGTGAGTCACACCGTTGTAAGGCATTCGAGTAGATGTTAAAGGCGCAGTTTAATCGGGGTCAACTTATGCAGCACTCTGTTGGATAGGACGTAA,492,49.8,Drosophila melanogaster
SEQ_973355,CCAGGGCGACGACCGGCACAGTATGGTCCTAGTATAACTGTTATGATATACATATGGTTACCTGCCTCCTACAATGCCAGGATGAAACCTGACTTCGTATTAGGTTTCTTGGCTGTGCAGACAGATATCGTGGACTGGCAAACGCGGGGCTCTCAGATGACGCAGCCTGGGAGGACCCAATCCTCACTATTTTGGAGCAGGTTACATTAAGATTGTATGACGAAGGAACCCTCAAGCAGTTGACCTAGTTGCGCTACCATCATCTCCTTTGCTGTGTTGACTCTAGTAGTCCTTAGCGCCGTAATGAGACGATAATCTGGTCGCTTTCCGTTGCGGGGGAGACCTTTAACTACTCGGCATGCGTCATTTGTGACCAAACCTGACCGGTCCCTGAGGTACTACACGTCTTCGCATGTGACGAAGGCCCACACTGGTAGCTCAGAGCTCGGCGAATCCGTGCCGCGGCCATTCATGAGGAACACCGTATCGGGGTGAGGGGGTGGGAAATTCAGTTGGTATATTCGCAGCCGGAACCGGCAGTGACTCCAGAGTACCCGTAAAACAAGGTAGGTCCGGCAAAACAATACCATCAGAGGAACGCCATAAAGTCGCCATGCTCACCTAATCCTCTGTAAATCATTGTCAAGTGATATTTGTTAGAGCGAGCACAACAAAGGGGCCCCATTTAGCACGACCTTAATTAGCTCTTGTCACGATGGTGCCATCGACTGTAATCCGCTAGGAGGTTTCCCCGTTGGTAGTTCAAGACACGTGATGCTGGCCACGTGATATCAACGGTGCGTTACGATCGGACGGCTCAATCGCCATACCGCTTCATGCCTCTTTCTGACGGTCCGTCCATATATCCAGGACCGTCCGACCTCGCGAACCAGAGGGACTGATGCGGCAATCGGCCCAGATAGAAGGAGCTCTCAGCAATAATCGGCCCCTCAGGCCCACCCCCACTTACGTA,973,52.31,Arabidopsis thaliana
SEQ_154615,ATTCCAGGGGTACCGAGCTAGGTACGCGCGATTGGACTACTTGAACCCAGCTCGCCCCAATGGTTGGCTACGGTAATAAACCCATGGTCGTATGACCTGCCCGGCAATCAAAATGAATCCCCAGTATCAGTCACCCAATCGCGGTGAGCTCCGAGTGCAAATTCTTTCTGCGCTTAACGCGTAGCGCATGCCCACTCCGGGTTCGTGCTCTCGAGTCCGTTGGGTCGCCCGACGTCTGTGTTACCTCAGATTCAGGAATTGGCTTACGAGGCCGTTACTCTTGCGGTTTACAGCGTTTGAGGGCTGATGAGGCATTTTTGACCAACCAAGCTAGCAGTACCCGCCGCCTCCTGGGATAGATGGTAGGAACATCGCCCACGCAGGGTAGGTGCGCCCCCGAACATCGCGCCTGACTGAAACGATAAAAGCATTACCGTCAAACGAGGGCTACCCTCGAAAAAAAGCAATGACCTTTTGCTGTCCCCCTACTTCGCGGGAAGAATCAGAGGCGGTACAGACATGCCAACCATTACTGCGTATAGATGAGCATCTGAGCTGTTTGCCTTTCTTCATCGCGGATTTTGCTAGATCCTACGAACAAGGACCTTGCGGCTAAAGAGCTGTCGTACCACTCCTTAAACCTTGCCGACCAATCGTAGACTACCGGCTTTTGATCCTAGGGCCGTAATGGACCCTGATTCTAAAAACTTGGAGTAGCCGAGCCCTTCCATGTAACTGACTGCAGGAGTTCGGCTAGGCAACCCAATCCACTCCTAAATACCAACTCACATTAGCTTCATTAGTACTACCTCCGACCAGGGCGTAGACGCGACCGTAATCAATGGATTGTGCGCACTTGTTATAGAGCCCGGCGGCTCCCCGACGCCAGTAGACAGCATACAACTGTTACGAAAATTACGCGTCCACAAAGCGAGGCTGAGTGATGCCTTGCAGTATTGGAAGAACGCCTACGACAGAAGTGTACCTGAAGATCATGGATTACCCGATTTGGATACGTATCATGACTATATGCCCATGTTGCACGTAGGCACCTACACACCTCCTATCATACGCACGACGTAGAACCCTGGGTTTGGTTCGGACCGCGCTTTCGCTGGTTACTTCCAAATGCAGCCTAGTAGACATTCTACAA,1153,51.95,Escherichia coli
SEQ_336719,GTACGTTATGTGCATAACGTGCAACAGGCTGCGCCCTTTCCAGCCAAGTGCCAGGTGCCAAGCTTAACCCTGCTCGATTTTCTTACGGTAATCCCTCGAATACAGGGTCCCGCTGCGCCTCAACAAGGATATATGCTTATTTTAGGTCCGGGATGTTGTAGAGTGGAAAGCCAGTGGGCTCCACCCCAGCGGAGTAACCAACATAGACAGCCACTGCCAACCTTATCGACAGATTAATCGGGCCGAGTGTCGATCGGGCTCCGTCCGCTGTCCCGCCCTTCCTGAGTTCTGCATAGTATTGCTCGTGATTCATGGATCCGTGTCGTAAAAACTGTCGTTTACTTTTAAGGCGTCGTGTTGTACCCCTGAACCATATGGTCATGGGTGCTACATTGAGCATTC,402,51.74,Drosophila melanogaster
SEQ_230557,TTGACTTGGTGTTAGCAATTTGAACGCCTGTAGTTAGCGGCAATATAAGGTTAGCAGAGGTGTGTGTGCGTCTCTAGGTGAGCTGGTGGACACTTGTAGCTCTTATTATGTAATGTTAATGGATTTTGTGGGAATCCAGCGATCATCGAAGATATCGGGAGTCGCCAAAAAGTTAGTCTCGGTAGTGAGTTCGTTCAGAAAGATGTGGCTTTGGGTTGAATTGCCGCGTGTATCTCGAGCTAACAAGTTTCTTCTTCTTGCGCGGAGTTCTTCCATCAAGCGTGACCGAGCAGAAGAGGCATCTGCTTGGTGATATTAGGCTTGTGAGCGAGCAATATGTTATAGGGTGTTAATGCTAGGAACACGTGATCCCTGGAATCCTGCGGAGACAGCTGATATAGGACACAGAATCATGACTCGCGTAGAAACCACCGACACACGAACCAATGATCGATGGAACCCAGAGCATTTATCGGGCTGGTTCGGCGGACCGGACCCTGCCTCACACACTAGACTCCTAGTTGTAGAACTGTTGGTATGCCTGTCACAGTGCTAGGATTTTAGCGCAGCGTCCCTGACTGTACCATAACCGGGTAAAGAGGATTCGTTATCTAAACTCCGCTCCCGTTTACGCGCAGTCATCATCCACGCGTCCTGCGGACCGCTATGCGGATGCTTGTTGGCGAACGTTCCAGAGTTTGATCGGAACCATGAATAAGTACTTTCGGGGCCGTCAGATCGGAGGCTCGTGTCGACTTTTGAAACAGGCTCGTCAGGCCGAGCACGTTTCAGCCGAACGTTCCATTGAAGAAAAAGAGGTGAGCCAGCCTGCACTCATAGCTTCAACCTCTGAGTATCTAGCTTGAATTGAATCAGTCGATTGCTTTGCCCACGATAAATTGATCTTGGTAGGGTCTATTGGTAACTGGTAGCGCCCCAGCCTGAGACA,949,49.32,Mus musculus
SEQ_465273,TCCGATTTCTCATACCCTGAGGTGCTACATGTACTTGTGGCAGATTCTTTCTAACTACATGGACAACTTCCGCTTCAGGAACCACGTGGATCTCGTGGAGATAGCAGTCGCCTGTCGGACGCCAAGGTTACAGCGTATGGTAGCGCACTAGAAGCTACCACTAGCACTCCAGTCACGAGCGAATGAGGGACGCTGGGAAGGTAGTGGTATACCTGTGGATACCGCATGACAGAGAAATTGACTTCTCCTAAGGAGTACAATCGGAAGTGCACTTAACACTTCAGTTTCAGCATGAGACAAAGGACGCGAATAAGCGCGCGCCGAGACATTGGACGTGCAGGGGTAACGTACCGCCGCTCGTTTGAGTGGGGGGATTTGGAGCTGCAGTCGGAACGCAGGCAGTATGTGTGTACTACCATCAGGACGCCAGCCCATGCCACAAGCATCTTATCGCCTGCCGCAGGCCGGAAGGCCCAGATTCGGGGTTGATTGGCGAGTTAGCTTTGAATTTTTCTACAGTACGACTACCGGGCCCACAATGTCCCGGATCGGCCTGGCTTTGTATTGACCCCGCGCGAAAGTACGTCTTAGACTGGAAACTCTGCTACGATCCTACTATAAGCAACTCCCCACACTGGTGATTAGAGAAGCTCAGGTATCTACCCGTGAAGACTAGCCAGCGAATCACCCCGTTATCCGTAGGAATACAGCCGCTGCCGACAGGTCATTTATCTATGAGTTGCCGTCGGCGACTTATGTATTGGGCTAGTCAAGCAGGAGCTCGGCGACCCTGTTAAGGGTCCTACAATCTTCAGACCACCTATACATGACTGGAGTCGCCATAGAGCAGAGGCTGATCGCCATGTCCAGGTTGACCCTCAATTGAACCCCTTGCGTGTTGCATAAGATGCGCTGTTTGACGACGCCACGGTCCATTGTTCCACCGCAACACGTTTCCCTTTTTGCGAGCGAGGCGCACCCGTGCAAGGCATGCCGCAGAATCATAGAAGATCCTCGTGCCAGCGCTTTTCGCGCGTCACTGAGTTTTAGTTCCTATTGCAGAACACCCTTCTGGTG,1077,53.11,Escherichia coli
SEQ_743211,ACCGCGCCCCTAGTCAGGATAAGCAGGGCCCTAGGGTAAATATGACGATCCGTTAACCTAAGTCACGCATTCGGCCTAATACGGACGG,88,54.55,Caenorhabditis elegans
SEQ_219633,ATCCGACAACTCTCGCGTCGAGCTGCGACTTAGATGTAAGTTAATATTGCCATATTTACAGAAACTACATAATAACCTGAAAGCCCTGAAAGCGCTGTACCGAAACGAAAAAAGCTGGAGAATTCGTAGGAGTAGGATAGTTATGTACGGAATCATCGCAGCTAGCCGCCGAACTTCGTCTCAATGAATTGCGGATAAGACTCGCTCTGGGGGCTCGACATTAAGTAAAACGAGACTCGGAAAAGGTGTGCCCTTACATTCTGTGGCGACTGAGTGCGTCTTCACCGTTGTGGGAAATGACCTCAGTGCAATGTGGAAGCTCTTGTTTCCGGTGCAACTTGAGATAGGGTTACATCAGCAAGACTGGTACCCGGATAGTCAATACTTCTATTGTTTGGTCCGATCTTTAGGCATTGGGCGTATCCACGTCATTTTGTTATCGCATTGAGCGCCGGGACGAGCTGGTGTTCAGTTTTGGACAAGTCTCGGGAGGAGCCCTTCACTTCCGGGAGCCTAGAATGTCTCTGTCGAGGTGAGGCGGATTTACCCGCCGGACCGGTTGTCCGTAGTTCCTCTATTATGTGCGGCAAATCCGCATGAGACGCTCGTGTTCTCGCCAAGCGGGTTACAAGCCCGGACGTTGTCGCCGCGCGTTGGACCGTCAGAAAGGCCGTTATTAGACCCGCTGCTGGCAGGCTGTGTACTTTCGTAGTGTAAGCCGACTGTAGTATGCAAACGGAACCGCTACGGCGCCACGAGATTCCCAAGCCGCGTGGGAAAGATCTTCTGGTCCATTCGCTTAACGGCCGTTGTCTTTTTAACCTGCCTACTTGTTGTCTTCAAAGTACAAGGCGCAACTCTGTACGGCGGTCGCGGTACCAATACACCCGGAGGTTCGGAGAAGATAATCACTCGGCGGGCTTTCGGTTAAAAAGTTAAGTGGGCCGTTAACGGGTCTGATACCCATTGGAGCCGGCCCCATGCCTGCTTTCGTAAATCAAATGTACAAATGTGGTGATTCTTATTCTTGGCCGCATTGGGGCCCGATAGCTTTGAGCGTCTCCACATCAGTAACTGTACCAATTTTGTGGCTCTGACAGGCTGCAGTCATCAAAAACCATTAAGTCGGTTCACGAGCAGCAGACTTGCGACGTGCTACCGCGCGAAGTTATCTCGTAAGAAAGGAATGTTCGGTTGCATGGTCCATTGTGTTTCGTGCAACTTATCTTCGACACCCTGGCAACTGCATTGTTTGACCGATTGCGCAACTTTCAAACGATGCCCTCAACTCGATCGCACTTAAACTTCTGTGGCCTGGTAACGATGGGAACTTTCGTAATAAGCCATGCAGGATAATCCGGTGATAAATCATATTCCACGGAATGTAGTAGTTGGCCTGTAATGAACCGTGACCATGGTAACCCCCACAGTGTGACTATGATATGGGACGGGTGACTATACTTGTTTCATCGAATTTCAAGTGGAACTTGTGTACAAAAACGCTCCCTTCGTTCCGTATGGTGACCAGAGTTTCAAAGGAGGATCTCGCTGTCTAAAGTACGATATGCGGAGCATCTTGAGATACCAAAGTTTCAATTATGGATGAAACGCACTGCCAGCTATACGGCGTGTGTTGCAAGGCGGTGCAGAGGAGTTAGGTTCCCGCGCCAATCTTCACTGTGTTGGCAGGTGAAGTATTTAAGCGCTAAGCGTCTTAGATTGGGGATTAGATCCGAAACGCTAAGAATAGGACGCTATTCTGCCGCCCCCTATACTTCCACTTGAGGATAGTGATGGCCTCCAAATGGCGATTAATATGTCGTACATTGGGCGTAGAGCTGGTCCTTTCTACGAAAATCTAGAGCTAATGCCGCACGGATCTAATAAGCGCGACCTTTCACATCCAGACACTGCATTG,1918,49.32,Caenorhabditis elegans
SEQ_351315,CCAGCCACAGCTATTCCCTGATACAACATCAATGAATGGCAGACTTCCGCGCATTTCGTCGGGCGAAAGTCTCAAAGTATGTGTTAACATTGCGCAAGATCCAATACTCAGCGGAAGAATTGCCCACCGCCGATAGACCTACCGCTCGGGGCGCGAGGATCCATACCACATGATTGACATCCCCGTCCTTTTACGCATCCACGCCTAAATTAATATCTAAGAGGTTCGTTCCAATGATTCTATCAGCTATGTCAAGTAAATTCACGGTTTCCGGCAGTTTGCACTTCGAAGGCTGAGAACCCTTGTCGTGAGAACCTGGTTAAAATTAAATTTACCGTCCTGAAAGGCGTATTGATGCCCACGAGCCCTAAAGGGCACGCGCAATTCAAGTTCGGGATATTCCGTCGCAAGAACATGCAGTGGAGTACACCTAACCGATGTAAAGAAGAAGTATCTTTGGGCCAAAGAGAAGGCCCACAGGAGCATGGATATGTGCAACTGCCCCGACCAGAGTTACGCTGGTGGGGCCCGTAGACTCACGAAGGTATACGAAGAGGTTGTCCGCGAAGTCAAATGTGAA,580,49.14,Caenorhabditis elegans
SEQ_136212,CACAAACCCATACAGTTCAATGGGCCTCTATCGGCCCATTTACAAAATATGTCGTCAAAATGCTGCTAACATGAAGAAGGGTGCGTCGAGCCTGTTTATTTGTACCAAGACCTCACGGAACAGCATTATCCAGGTAATCGCTCACTTGTTTAGGGAATTACCCCACTCATAATTGGGATTCGCGTACAGGCTTGGAAGGACTGACGCAACTGCTTCCATTCA,222,45.95,Saccharomyces cerevisiae
SEQ_407350,GGGGTACAGTCCATAAAGTACTTGCTCAGAAGTGGGCACTGGGCAAATGTAGT,53,49.06,Caenorhabditis elegans
SEQ_526296,TTTGTACGATCGGCAATGAACGGCTGGCGTTCGGGATAATTACGGTCGACCAATCCGATTCGGCTTCAAGGGTCTTGTAGAGGGAAAACTAACCGAAGGCATGAGACAACTTTCGGTTTAAGCTTACACAAGTACAATAATGAACACATGCTGATTGGACG,161,45.96,Saccharomyces cerevisiae
SEQ_479268,TAGTTGCTAGGTTCCATTTATCGGAGGCCCTACGGAAACTGACTAAACTAGGCAACTGGTTCTTGGAGATAACAGACACGCGGAATACCTAGCCGTCCTGAGCACAGCGGCTTAAAGGACTCCTCGTCGTGTGTCAGTATCAGGGACACCTCTGTTAAGGATAGCACTTGGCGAATATGGACGGTACGAGTATCACCTCATCCTCATGGTCCCGCAAGTGTAGTGAAATCGGCGTACTCTCCCTGTTTATGCAGTGTTCATCGTGGATCAACTAGGTCCTGTGTACGCCAGCCCTGTCTGTACCTCTATTGAGAATACATGAGCATACCTGAATTTAAGTATTGTCCGCGCAGAGTATTATAGTTACCCTGCGCAATGTCTTGTAAATAGGTGTTATCCAGGCGCTGCACTACTAGTATG,420,48.1,Escherichia coli
SEQ_858826,TAATGGACACTGTCCTGGGAATGGATCGATACACTCTACCTTGACCAGAGATACTGCCGTAAACTGACTACAGCCCTACCAGCCACACGGAATTCGGCGATCTTCCACTCTTTTCTGGTGTGTGCATCACAAGTCCATTGCATTCTCTGTGTCTCGGAACAGGACTCTCCTCATACTCCGTCGGGGGTGCCTCCAACAGCAATAGGAGCCAGTTATCTGTGACCATTCCATGGGTCCCCACGCGAAGATGGATTTCAAGGTGGGAAGATCCGACCACGCAGACGGAATGGAAGTGAGGCGGAGGGGCCCGATCACTGTCACTTCCGCGTACAAGCGCATCCGGGTCATGGTACCACAACAACGACCTGGATGACTCAGCGAGAGACGGCTGTGTAGGCGCGCAGATCGCAAAGCAGCAACGGTGGGCTCTGAGATAGGAAAAGTGAAGTTCGCTGAAGACTTCGTCTCTTGCGTGTTAAAGTGTGATTATAAGGAGCACTTGCAGCTGCCGTGAGGGAGAGTCGCATTTTAGCGCGGGGTATTGCAAGGGTTTTCGTGGAGTTCCACTCTCCCACGGCTCTTCAAGTAGAGGGGGGGCATCCGATCGATTCATTTGCAGCCTTATGAGGATATTGCTTTAGAGCCAATCCTCAAAAAAAGGTCACCGCGGGCGTTCAGTTTCCTTGGGTGACACACATGGAATCACGTGACCCAGGTAAAGATATCCGTGCCTAGTCTTCCACCATCAAGCGGACCGTCCTATGAAGTAATAGAAGGTTGTCACTCCAACATTGTTCTATACCCTTAGGAGCTGATCCTCTTGACATTCTTGCGTATTTTGGTAGCTCAATGCCGTAACTCTGTCTGCGGCAGACATGAAAGTTGCAAGGGTAAGCACTAGTCCCCTAGCCGCTATTGTCGGTCTAGAACAGGACGGGCCGAGATCCGGAGTGATACGTGTCGATGAGTCCGTTGCGTAATGAGAGTTCACCGTTGTGACATCTTAGTGTGCGGATCGCTCCGGTCCAGTTTCGAAGTTACGAGCTGATTGCGTTTGTACAACCTCTAGCTCCGATACAAGTTTGATTAATGGTCAGCGTCAACGTGGGGGTTTGGTAGAGCGGCCCTGCTGTACGCCTACAGCCAAAGGAATTGGGCCCGTTGTTTGCTAAGGGTTTACGCCATGCTGTGCCGTATTGTCACGGCACTTGTCTAACTAGACAAGATGTCTGCAGTCCTCAAGTTATCAAGACCGCGGGTAACGACGCCCCCCGGCTGCGTTGAAGGGATATACCTAATAGGCCAGACTCTATACTTAGAGTTCAGTACCTATGCCTGTGTGAGAAGCTCCGAATCCTACTTGAAGCAGGTCGTCGAGTGCAGTAACTACTGGCAGACCGAGGGGGCTAATTAGCTGCTAGGTAGTTCTGATCCTTTTAACATACTACGTCGTAACCTTGGCAGGGAAACCTGCTCTGACATCTTGGGGGTATGAAGACATTTGATTTCCGGATACCCTCCGTCTACTTCCACGCCCCAGACTAAGTACGAAGGTACAGGGGGCATTGAGATATATAAGTAAGTGCGAAGTATTCTCTACCTATCTGACCCGTTGAGCATGATGTTGCCGTGTTGGCAAGCGTTTGGGTTCTGGGCATTCCTCGATAAGTAGACCGTCTCGTTACTGCGCTAAGGAGGTACGTTGCTGCTTGAGTTGGGATGTACAAAGGTACGAAGGTACCGGCCATAACTACCTAAAACGGGACGGCGCCTTCGGGGACGACGGTCAAATCGATAGCCACACGCCGCCTGGACACAATGCCTCCGGGCACG,1833,51.77,Homo sapiens
SEQ_703759,AGTTGCGTGCTACCACTTCGATCTCGATTCAGGACGAGGCCTGCTTAAGCTACAGTCAAGAACGACTGCTAGACTTATGACGAAGTTCTCCTTTCCCTCCTAGCCTCGCAAAAGTATACTACGTGGACGTTCAATCCATGGTAACGAGTAAAGGGCCTGTGCGAACGTCCAACATACTTGAAGGGCACGTCATGGCAGGAGTCAGGCGACAACGTTCCTGACGCCACTTTTGCACTATTACTTCTGACACCTTCGCTGACATGGTAGTGTTTGATGCCGGCCCGGGCCCAGATATGTGGATCAGGAACACTTAGTCGTGTCTCCACAAAGTCACTGAGGTCGAAAGTCTAGCGTTTCATCGTTCTATTGGTAGGACAGAACCTCTGTACCACAATACTACACACTGGGGTCAGACATCCATCATCCTATCTAACAACCGAATAGCACATACTCCGCCATAGTATGTTCGGATTCCGCATCACTATCACTATGATGGGCCCTAAAATGTTGTGCATAATACGGGACGCGTGCTTTCTGCGTTGTTCTCCCAGTGGGACGTGAGAAAGCACACTAATTAGCTAAATGGAGGTTTTACTGACGACAGTGACGCAGAGTTATACGAAAGGCAACTCGCTGGGTGGTCAATACTACTATGTAAGGATGAGCAGGTACAGCGCAAGGGTCAGCACGCTAGGTTGGGGTTAAAGCCGTATCCTTACGGTGCCTATTCGAACGCTCAGGTTCCGGCCACGACCCAGAGGTTATCGTGCTAGGTACCCCAATGAAGGCATCCCGTCCTCGGCGCAGTAAGAAATGAGGGCGGGTTCAGATGATGTTATGGCGATCAAAAGCTAACTGATGTCCGCGTGTAATTTAAGATAGTCAGTCAAGCTTCAATGACCCGACCCGACACTTAGTTTAAGCGAACCACTTCTGTTGGGCTAAGTTCTGGACAGCCTAACACGTACGAGAACCCTTTGCACACTCAGGCTCTTTGATCGGCCGATATCATCACGCATGCTGTTCGTCGATTGCTGTCCGGCTGCTGGTCAATCTCGTGCTCTTTTAGCCTGTAGTCTTCCTCTGT,1087,49.77,Caenorhabditis elegans
SEQ_919745,AGCGACGGGGCAACTCAGCTTCGCGCGAGCACGGTAGTCCTGGCATTCTCTGTGGTCCTATTGCAGAAGAAGTGGGTTTAGCAAAACTAAATATGTGCATCTACCGACTGCCTAACCTCGACATTTGCAATTGGAGCGGAGTATCCGGTCCCGATGACATTAATGTCGTTTTTACCCTCTGATAACAAATCTCGTATACGGATAGCGGTTCAGCGCCGATATAACCGAGATCCGGTCTAACGTTAATTTCAGTCGCATCTAATCAGATTAGTCAAGTTTCCGGTATCGAACACGCCTCTAATCGGTCCCATTAGATTTGGTCGGCCATCTACTTGACATGGTCCGCATTTGTTGACGGTAACCGATACATAAGCTGTAGCACGTGCGACCGCTGGTCCATAATTAGGGTCGACGCCCTTTTAATGTGCGAGCCTGCCGCGAGAGGAGTTCGATACTCGGATGCGACAAACAAAATGCTCCGCTGACCCTAACCAGCTTTGCAATGTAGCTTGCTCGGGCCTTGGAGAGGGTTTCAATCTCACGGCTGTGTAACAACCAGTATATACGAGGGCTTTATGCCGCAAATCTGCCAAAGGTCAGTTCTTATGGCCAGACAAAAAGGCGACGTCGCCGATTCACACGGACGGGTCGTGGTTAAGAGATAAGGCAAATCACATAAGAGGGTCAGTCGCTCAACGAGTCCCTGCCATTACACAGCGGCGACAGAGTTGCACGAGAGTTGGTGTAGTGTCGAATTTTGCCCGTCATGAATTTTAATCATTTACGACGCTTCTCGTACCAAAGCTGAACTCCAACGCATCTATCTTGATACATGGCAGGGTTATGACTATTCGCGCGGCCTCGCGTTGTCCAATTATTGTATACCACATCATGTGATTCGACACTCATCATCTACTCATTTACGGAAGCACGATGGAATGCCCGTATATGCCTCACCCCCCCATATCCTGTGCGGAGGGGACGTTCATGCACAGGGTTGCTAACCTATTCCAGTGGGTTCTGATGATGGAGCCCAGCTCGAGAAGATCGTAACGGC,1057,49.67,Drosophila melanogaster
SEQ_645594,ATAATATCGACTGGCGCTGTCTTTACCGCAAGCCATACTTACGGGTTAACTTCCAGTTTTTTGTTGAGAAGACCACTAACCGCTGGATGCCAGGGTCTACCCCCATCAACGGATTCAGTAACTGCGACTCTGGGAGACGCCTTCGTAGCGATTTCTCGTGGACTGCCAGGGTCACGGTATTGTGATTGAGCAGTAGGGAGCATGAGCTCACCGGTTCACAAAAGCCACTCCCCGCGGGCTTGGCTATCGCGCGATACGAATTCGAGAGCGCTGCGGAGTTCGATACAGATTCGCCCGTACCCCCACTATTGTTTGTCGAAAGGGCTACACCGAGGCTCATATGATGGGCAATAGAACGGCTCGGACCACCTATGATGTGAAGCCGCTTAAATCCTTACTAAAAAAACTTGGCGACCTGCTTTTGCAGGGGTCTTTACAACCCCAGGGGCTCCAGATGAACACTCCTAGTTTGCACGCCCGAAACAATCAAGGTATACAACCGCAACGAAGGGCCTGCCGCGATGATCGCGTAGGTTCGTGATCCCCCGGTCATTCTCCCGGGCCGCTTCGACAGAGCGGAGGGCCATGAATTAGACGCCGACCGGCGGTTACGCTCTGCCATATCACAGGTTGTGAGTCTACTTTCTCTTGTTTTTGATGTCTGGTCGCCTCCCCGGGCCTGTCCTTACATAAAATATCGCTGTAAACAATCCCCGGACGTTCTGGCGCTCTAGGCCTGAGGTATATGGAACGTGTGGACGTCGCCTTCGTCTAAAAATGTATTAAGGCTGGCCATAAGATGTTACTTCAGTCTGTCCCACTTTCGACTGTCTTCAGGAATAAGTCGCGAATAAGCAGAGGTTTCGGCGTCATTCCACAGCCGACGGCGTCCAGTCTTGCCACGCTAGACTGCAAATCCCTGTGCTATTGTAGAATGCTATGCATGGGTCGGAACTGGCACGATGCGGTTATAGACCTTGCCCTAATGCGTAAATGGGCCAGGTGTTGGGGACCGATGTCACGAGGGCAGCGGTTGCATAGTTTACAGAGGTTCCGCGCCTGCTGCATACTAGGAGTCAGCAGTCATCGTACCCGTTACCACGAAACGGTTTCGCGACTCCTGCATCGTTTGCCATAGGGTCGAAGTTGGCTGAGCTTAGACCATGAATAGGCGAAACAGGACTGGAGTCTTCACGATGGCAATGTTAAGGGCTGTCCCAATAGTTCAGTGGCCCCCATAGCCAAGCAAGATAGTCAATTGTTGCCCACGCGGGTTGGGAGCCACGCCCATAAAATGAGCTTTCGCTCCTCCGTAACAGGAAGTAGCTCACATTATCTGTGGTCGGAAAGCAGGCTTACTTCTTATGTCCGTCACGATCCCGTCGGCCAGACGACGGCGGTCTTCCCGAAATAGCACTGTCAGTGTCTTGCCTGTCTGCTATGGCCCCCCGCCTTTCTCAGACCATGCGAGAAATGCTTGTCACCGTCTTGGGGCTATTACTCTAATGCACTCGGTTATCCTGGTCATCAACAGGATGACGGAGTGTCAAATATAATGGTTATGTCACACGGATTGTCCCAAAGACGCGTATCCACGAATTAAGGGTGGAGGCGGGTCT,1619,52.75,Escherichia coli
SEQ_140739,GAATTGTTCCAGTCAGGGTATATCGGCTCGCGCGGCGCGCTCCAGCCTAAACTTACCTTACCCTGCAAATTCTACAGTTAAACGGACAGACTTGGGGCCGTAGCTCGTCGCAGGCACCTGGTAGACCCATCACCTCAGCACACTCTTGAGCTGCCTCAGTTTAGGTTATGTATAGAACACTCACTCCAGTGTGCAGCGCCTCCAACACCGTCGTACTGGATATAGGAAAAACGCATCTGACGATAGAGGACTGAACAATTATTCGACACGGAGCTGGCGGTCGAGGTAAGACAAATTTTCCGGGTACTATACCTGCGGGGTCATCAGACCCCAACCTCGGATTCAGGTTACGTGGTTAAGCCGCCGAATCCCTGTTTCTTGTAACCATGGGAGTCGGCTCGACGATCTGGGTCTGAGGGCGTGGCCCTAGAGTCAGCTAAACTGCCGACTTATCAGATACATGATTCACGGCTCTTTGCCTTGTCGGTAACGGTAGCCCTAGCCAGTTTGATTGTATACATGCCCATGATTATCACTGATTCTTTCTCTGTCAGGTGGGGTTGCGC,566,51.94,Escherichia coli
SEQ_286034,GAGTCCTAGCTGCTAAGACGGCAACCCAGAAAGGTTGGAAGACGGTTTATGCCTCCTTATTTTAAGCGAGTGGCCCACCTGTCTATTGCTTCAGGGAAAGGATCCCCGATCGGCGGAGTATTGCTCCCATACACAGAGAGGATCAGCTTTACGACTCGGTCGCCGGTATGTCGCAATATCAGACTGCCTGCATAGGATACCAGTGCGTCACCTTTACTATTCGAGATCGACCCCCCCGCGTATTTCGAGTCTCTCACTGATACACACCACTAGAACCGTTCCTGGCAGCGAGCTAGTTACGACTACGCACGACACATCAGGCTCCAGGGCTTCGGCAGCCCAGCACTGAACTGGTAACGTAAGTTCCGATCGCACCTCATCCGTCATATAATCGCCATGGTGTATAAAACGGGTATATCGTATAGCATAAGTTGAACGGTTTCCGTCCTTATACTTCTGAGTGGCGATCCCCTGTTTGGCGAACTGTGCAACGTTGTTGCCAGGCCTGTCCACGGCCTGACATACATCATCAGGTTTCGCGGATGCTTGCTGGAATGGGACTTCTCCGGGTGTGCTCAAGTGCTTGGAGATTAAGGCTGCGAAATGCTAGAATTATCATCATTGGGATGCGGATAGTCTAAGCTGAGGGGATCAGCGACTTTTTCATCACCCGTTGGTTTGTCAAGGCTTCTGCTGCGCGGCGGGTCCCCGATACTCCTGCAATAGTCG,729,52.13,Saccharomyces cerevisiae
SEQ_709804,TGGTGCCCGATGAGGCAGTTGTCTGGCCCCTCCGCAGTGGTGACGATCGATCATTTCCACTCATGTCCAACACATAATTTTCGCTTTAACAGTCAGAGCATCCGCGAGCTTGGAACACTCTCCGTCACGGTGGAGCAACAATCCTGCGCGAGTCAACGTTTGATTGCAGAGGGGGGACCGATGTCTTTTTCACAGCTTCTCACTCCGGCTTATGGTAGGCTGGCTACGGATTCATCCGTACAATAATCTTCGGACGTTACGATCTTGCACCTATAGCCCAGGAACCAGAGTTTTCACCGAGTTGTGACCTCCTGTACGTAAGGCTCCGACGACTGCATATGAGACCCCACAGAGACAGGATAACAAGCGTCCTGACTAATCTTTTACGGTCCGGGTCGCAAGATTACTCTAATCTGTCCTTCGATTGAGCTTAGTTGCAGCCATAAACGCTTAGGAGTGCACGTGTCAGGGATGACTATCAAATTTGACCTGATACTAGTATAGGCCCATAGTCCATCGATACCATACGCCAACACTGCTCAGCGGTACCTTTAGCCCAGCTTTCAGGCAAACATCGGATTACAATTTCCCATTGTTGCCCTGATCGTTTCGATCCCTGAGCACCGGAAGCATCTGTGCCCCTAAGCTACTATCTGATTTTGTATAGGCTGCATACTACGAACAGCAGATATCTGGTGATATATATTGTGCCGCAGTGATAAGGAGGTATCAGTTTGGCTGGATGCAAGGGGCTCGTTGGGCTTGAGACGTGTAGCCCACTGAAGGTTGTTGTCAAAAAAGTTGTTTGGCTTTTTTATGAATACCACCACCCGCGTGGGGCTTTGTATCACAAGATTTGGTGGTCATATCTTCTTGCGGACAATACCACCGGAGCGGCAATTAAGTGTAGTTCCAGTTGCCGGGCAGCTTAGCGCGGGCTCTTATAACCGGAATGACGGCAGCGCTCGCTCTGTGGATGCCCGCAGGTAGTGCTTGTCTTATGAAGCAAAGGCCAAGGGATGGTTAGAGGAGATATGTGCTTCGACTCCAGGAAGTAAGAGAGTGTATATGCGGGGCAGGATTTTTCACCATAGTAAGTAATTTGTTGGCCCCGGTTATCTCCCTCATCCGTCGCGACAGTCTGAAAGTACGCTCAACGCAGCAGTACGGCTGGGGGACTTGCAAATAGCGAAATGCAAGCTTCTTCCTACCATACACCCCCAAAAATCGTTAAGATTCGAGAGGAGTTATCCACAACCTAACAGGCCCGAATGTGGATGATGCTCGCGTTGCCTTTAGACCGGGACCCCGTAAACCATTGATGGGTAATAGATCAGGCCCCGAAACATACTTTAGCGATCAACGGCTGAAACTCAAAAGAATACACTGGCACGCGATGCGACACAATTAGATCACTCACCAAGTCCTCAACTTTGT,1437,49.48,Caenorhabditis elegans
SEQ_110153,ATGGCGAAGGAGGCTACCGTTCAATAGCAGTGTGTCTCGACCCTTCATCAGTTTCTTGCATTCCATGGTCCGAAGACGGAACTATCTCGCTGTAAGACTATATGCGCCTAGTGGGAATATAATCTCTCAAGCCAAGGGTTCTTCACTCTACATTGTGGTGCGGCGGGGCAGTTTCTGGCAGGAGAGTGCTGTCGAATTCGTGATCCTTCGAGCTGATTATATTCTCTAGCTACGCATACGAGGTCTGGTTTGAAATGTAACACTTCTAACGATAGGCTAGAAGTCGGTTAATGACCGTCGGATCGTTGAGGGGATCTGTGATGTTAAGACGCTAGTTCCACAAAGGCAACCCGCTACGGAACCTTTTAGTAGCTATCGCATATCATACCCCATTATGGGTGAAGCCTGTCGCTTCTGGGGTGATTAAATTAGCAATAAAGGCTAGCAACTCTGTGTTACAGTCGCCCTTTCTTCAACCGACTTTTAGGAACTGGCTCCCTAAGCATGCCGGTGTGGACTGGCGTTAAGATTCCCTATCATGGGATGTGATATAACCGGACTCAGGCCTTCTGTGTTGGAAGACATGCGTGCCTGCTGTCATAGCCCTGACCCCGCGCCTCCTCTCTCGGGTGAGGCGGTTTTTCGTTTACTGCTGCACTGGAAGTTGGTAGGTCTACAGGTCGCACACGCCAGGAAGCTGCCTCTTGACCCTTTACGTAAGAAAATTCCGACCCAAACCGGACTAAGTCTCGGGCAACGGTGATGTGGTGTGTGCTTTCGCACATCCCGCACGCTATTCTGTGGCGAACTGTTGAGGGTGTCTCGCTTGATTCGAGGCCGCATAGGAACCAGTGACGTTGTATATATCGGCACTTGTCCAGGCAACCGCGCAGCGCTTCTATGAGACGTACTCCTTTATAAGTCTATGACTAAATAGTACCCAGGAAAAATGCGGAGGAACTCCCTAGGCTTCAAGGGTAATGGGTGATCCAGGTGACCGTTTTGGTGATCCGGTAAGTGTCTTTCGTGTGTTACGCTGCACAACAATCCAAGTGCCTTGTCCTTCGCATCCCGAGGAACCTCTCCCGATCGTCTAGCGATATGTCTGCGGGGACATAAGCCGCCTCGTGAGGCTCTAGCAGCCGGTAATTGCGAACCGGATCTTGCAAGCAGGATCGATACGTGGGGACAGCGAGGGACCGCTTAGATAGTTTCTTCCTTGTATTCGATCTTGTCGACGTCAACAGTGGATCCATCACAATTGATGGTTTACTCACGTTGTCAGCTAACATCGGGTAGCGATCGGCAAGCCCACTTCAGTGTGATAACTATGCTTGAGAGCTATGGACTGCACCGGCTAGTTTTCGTCCTTCACCGCCGGAGGTGCAGCTACACATTGTGAGTGCTGTTTCAGTATCTTCAATGGTATATGGTGTCAAAAATCCCTCTGTCCGTACGCATGCCACGCCACCCGTATAGAACGTTATTTGGAAGGGTAATTTAATACCCGACTTCTTCCCACGTACAGGGAAGCCGCAACCTAACTGTCGGATCCTTTTTTTTATGACGTTAGCCGTGGAAACTTCCACAACACAAAGCCCATTGGCTTCTGGTAGGAAACTGTGTCAAGTTCGGGGTACGACGACTTACCTTACTGCCCGACCTGAGGGTGGTAGGTTCAGTCAACGAGCTGACAGCAAAGGATATTCTAAATCCAATTTGATGGACGTAGGGATATTGCGTGCGTCCCGATTGGAAGCCACAAAGGTGTAGCTTACACAACCCTTTGAACTCCACTGGTCACAGGCAGAAGCCTCATGTATGATTTCTCAACTACTCAAAGACGAGCGATAGCAGCGGTATTTTATTCATCTACCCGCAG,1882,49.95,Drosophila melanogaster
SEQ_920543,GTCCTCGTTTACGAACAACTTTCTTCCACCATTCCGTGAGGGTAAAAAGCATAGCGTAACAGCTCATGCCTTTCGTAGAACCGCATTTGATAAGCTATCGTAACTTGCTCGTCTTTTAGATTATCATGACAAAGGATCTTAGGGGCACAGGTTTTCCCAAATCCTGTCCGGAGCTCTGTAGAGACTATCACGTAGGACCCAACTTCCATTGTCGGCTGTTGTCATCAGGTCTTTACCGTAGGGCTATTCAAGAGCTTAACCACGCCAATGACCTAAGCCGAGGGATCTTTGGCTTCATTGAGGCGTTCGATTTCCGGGTCAAATTTCTTTCGGCTACCTACCAACGCTCGATGTACAGCCGGAATCTGGCACCTGTTTTATTTCACAGAGCTCTTACCTGACGAAATATATTCCCGATCGTAGGTTCATTCAACACTAAGGCGCTTAATCACATTGGCGAATCCAGACTGCGAGCCACGACCACCCCTCGTTTGTTAACCGAAAGGGGAATCCCCGGTGTTGGTCGCCCGTCTGATCCACCCTCGAGTCCGGCGGTATAATGACGGTACACTAAACATCCTTTCTCCGATTGTTCACAGATAATACAGTCTTCCAGACACGGAAACACGTGCCTGTTAACCCAGCTCGTTACCCTACGCATTGTCTCTTTTGGAGAGTAAAGTGCAGCTTATAGAAGTGAAAGGCTCATATCCGAGCGCATGTTTATCAACTTGCTGGCCGCGGTAATCAACACGACCCGAGAACCTTGAGTAAGTACTCATGCTCTGTGGGAGAAACGGCTCAGGGTCGTTCGCTGATTTCCTTCCAGTTAGGAAGGTCCTACTTTCACTCACTTATGCCTCTGACCTGGCCACGTGAAGGGTAATTAAAGTGTAATCAATCGAGGGCACATAGTCCTTAAGACACTAACGTTGTAATGTGCATGTTGCAACTTCCATCTACTGCAAAGCGAAAAATTCTGAACTGGTAGCATCTACACCTTTGAACGGTCGAGGTTTAGAGTTGCATTGGGCACTCCAAGGGGATCCACGCTGTCCATAGAGCGACCACAAATGGTCGGAGTCCTGGTAACGGGTTTTGGATGCGACGATGAAAAGACTAGCTTGCGCACCCCGACTACCCGGCGCCTAGCAATACTCTGCATATCACTCTTTTGTGCAAAAGGCGTGGCATTCTAACACCATCGAGGGGAGCCAAGAGTCCAGACTGGTGCCCGTCCCATTTACACTGGATCTGGTGTCTAGATCTCGGCAGCCGTTAAGTCTAAACACCAAAATAGCAGCACGAAACATGGGTACTAAATAAACATTGAGGTAGTACATATCGATTTCAAGTCGAGTAGCCCAAAGCGTTCCGCCCGAGGCTAACCGAAGTGATGTCCCAACTAGGTGATAACGGTCGTGGTGTACGGAGAACCTCCCCCACTTAGTGCTGCCTCCTGGAAATCTGAAGCGTATTTGTTGGCATTTTCACGTCAGGCATAGTGCATGACGAGAATTCATGCTCTTGCCGGATAACGATTTCTAAAAGATACGATAGACTATTGCCTCAGCTTCGTAGAACCCGATTTTCCCAATTTCGAGAGCGTTGATCTTCGCAGACATAACGTGACAAGATTCGGCGAATCGGCTAGCCTCATCGAATTCAGAGGTATAAGACGACTTGTCAAACACGTAGCAGATTGGAAGTTGTGAGGTTTGCAGCCATTGGTTCGATAGAGGATCACGCTAAGTGAGAAGACATAAACTAGAGTAAGTTCTGAAGACGCGGTTGGTGCTCATTGGAAACCGGTATTCCGAACATAGAGTTTTCAGGCCATACTACGTCCGCGGGTTTCCAAGACGAGGCGTAATGGACGTGCAAATATGGCGAGAGATGGAGCACTCGCACATTAAGATGAAAGCATGAAAAAAGAGTTCTAAGGTGTACCGTGTGAAGCACCCGTGCTAGCCAGGT,1977,48.1,Mus musculus
SEQ_439774,TAGCTAGAATGATAACGACCCCCCGAGGTCAAAACTATCCCGAAGCGACAGAGTGCTCCTGTCGATGCGCTAGATTGGTAGCTCCCCCGCGAGCTTAATTAACCGATTTCTCGACTAATGCCGTTGTAGCTTGTTAGCTTTCAGTTGTCAGATAGTGTTGTGCTGGTGGTACCTCGTGCTACAGAACATGTGGAATAACGCCTCATAGAAGACATCAAAGGTTTGAGATCCTATCATCGTTACCCACTTCACCCAACGATAATTTTAAGGACGTGACCGTTCCCTCGAGCGCCAGGTCTCGACTGAAAAGCCGA,314,48.73,Mus musculus
SEQ_472182,GATTAAGTCTAGTGTCATCATCAACGACGTTCCTTTGTGATCGCAGTACAGCGAGTTCGGGGATCTAGGTTGCTTACCGCCTCGGAGTAGTAAGAAAGGGCTAAACTTCACGGATGCCCATCTCACTCAGTCGTGTACGAATCGTGCAAGAAAATAATAGTAGAGTGGCCACATTCTGGGGCAGTCAAACGCTAGAGGGTTCCCAGCAAAAGCCCGCAAGTCTTCCCTACAGATACAGACAGCATGCCGTGCCGGAACGTGAAATGCGCCATCCAGCTCGTGTTAGTGGCCGAACGTCGTGTTGTATGTATAGGTAGTGTTTCATCCCTAAAAGTGTGCACGGACCATGCTGATCAGTTGGTACCCATTTAGTCTGCATGAGGCGTTGACGACTCGGCCCGCTATGCTGTAGTCCAGCCCGCTACTCACTTTCAACATGGCCCGTGTGGCGGTAATTAAGTCTGCCGACACGTAGACCTTCTAGCGCAGATATTAGGCACCTTTCCACCGTCAGTCCCGGTTCTCGGCTGCCTATTGCAGAAAAAAACGGTCAAGAGTCGGCAGATAGCGGAAAAGCTAAGCTAATTCTCTGATGTGTAGGCCTGCCAAGGGAACCCAGTCGTCTTGACAAATCCGAGCTTCAGTTTGAACTACTCGAGAGTATCCTGGACGGGAACACACGCGTGTCGTTGGTTGGGCCTTTGTTGCTCAGTAAAGGGGAGCATAGTTTACCACCAGCATAGCCTCAAACTCCGCATTGTAAGACTGGAAGCATAAAAGGCCTGACTGGCTGACTTCATTAGGAGCATCGGGGTCTGATTCGTACACCTTATAACCAATCACTCTGGGAATAAGACTATGTAATATTGGCGTCCCCAGAGCAGTACTGGCAGTACGATACGACTGAGAGTAAGTATGGCTGTCACTGCGCAAGGCTTACTTCTCGCTAATTTCACCTGTGCAGTATGTACAGGGCTGTTTCGCGCTTTGAGGTGAAAGGCCCATTTCGAAGTATCGATTGTGCCATGTGATCTTAAAGAACTGGATGCTAATACTGGCCACTTCAGATGGGGGAGGACCAAGTCCTCAGTCTCTCGACTTACTGGAATTTACAACGTGTGCCGGAGTAAGTAACAGCCATCCTGGTCCAGAAGAATTCAATACGGGTTGGTCCGTTCGCTTTCGCGGATAATTTGATTCATGTGCTCGGATAAGCTTTTATCAGGCCTAGGCTTGGAAGCCTCTCTGTACTACTCATTTCCATAGGATTATGTATGTTGTTTTTCTGAGCCCCTTTAAAGCGAGCGGGAGTTGGGCCTTCACGAAAAACACCCACTGAGGAGTGTTTGATCAAATTTGCTATCTTAGCGCGAAGAGAGACCGCTAATATAGTAAGAGAGTGCCTTGTTTAACGGTGCTTTTCTCACTGCGATGGAAGAAATTACTGACCGGATACTCGTTTTCCAGAGCGTCTTTACGAGCCCCACACGTGGCGAATCCTGGGTCGGTGCAAGTTAAATGCTCTGGGACCTCCGTGTAGGGGGCAAGCAACGAGGAAAACGCAAGCGGTTATCCTAGGTGTTCGCTGGTGCTATAGACGAGGGGACTGAAAGATTGACGTTGGCGTGGATCTGACTCAGCGCTTCTAAATACGAACTGCCACTCTTGTAACAACTCTACGGAAGAGATCGCGCTGTACTGTATAAAGCCAGCTGTTAGTGTAGGTTCGACGAGTTACGCATAACCAGCGTCGTTCAGATTCAATCAGATAAAGACCCTCGGCCTTAAGTCAGAAGTTTTTCTCAGTCCACGGGGTAACCTAAGCTCTCACCGAGATGCTGCGGTTGCCGTTGAGTATAAGAGGTTGCTCCTTCGATGTTGCCGGTGTTTTCGGCGATCGACGACACAACGGGTTGACTCCCTCGGGGCGGGAGGGCAACCATTTGTATGGCTCGAGACGATTGGGGGTCAGTTGTCGGGTTTGTC,1986,49.85,Mus musculus
SEQ_616677,GATGCCAACCTTTAGTGTAAATACGGGGCATTATGTGTCGTACACACCCGTGACTGGAAGAAT,63,46.03,Saccharomyces cerevisiae
SEQ_865357,TCCGGTTTTACAGTATGTCCCGTAAAGTTCACTGTGAAGGCGAATTCACTAATGCTCTATACTTGACGGAGCCGATCCTGAGGGATTATTACCTATTCGAAAAGTTCAACATGGATATATCGTCGCTGTAATTCCAGACTTCAATCCATGCACTTCTGTGACATCACTTATCTCCAACGCCGCACTCATTCTATTTCGGGCGGTCCCGGCGGAAACGATCGGAAGACCGTCATCACCCATGACAGCATTCGAGGGGAAGATTGTAGAAGTGCTGCGCGCCCCTGAGCAGCATATAGTTCGCAGAACAGGCTTCTAGCTCTTCGCCGCCGTGCTACGAATCTTTTACGTGATTCTCCCTCATTGTTTCTCAGAATTAACTATTTCCAGGTTAAAATAAATTACAGTTACGACAGTTCCCACGTCAAGTTTGTAGTGGTACGAGCACAAAGACGACCGGCCTTTCAGAGAGTCGGAAGGAGCCCGAGCTAGGGATTACCGGACGCGCCTGAATGCCACGGAAGGTACCACGGCCCATGTGTGGGCTCCGAAAGCATTGAAGGTTGAACTTTACTAGGGATGTCTAAAGGGCTGAGGTCCGGATACACGTTGCTGGGCATCTCTCCAAGTGCCCTGTTCTCGTTGCAGCGATAGTAATTCCGGGGAAAATATCTACTCATCCATTTCTGCCCCGTCCAATGGACAGTAGACCGAAAGTGGCGTCGTGAGTGGCAGCGAGAGCTACACAATAGGTCCCAGTCTGGTGCGTCTCACGAGCACCTGGGATTAATGCGAATTAATCGCAGCAACGGAACCGTCGTCCGGGTACATCGCCCCGGATAATAGCCCCGTCCTTAAACTGTATGGTCATAGGGGCCAATGTAGACGCTTATTGTGGCATTTCTGTCATACTACTTTGTGATTGCTCTTTGAGTATCTTGCCGCCTCAACTAAAATGAGCGAGCACCAGCCACGCTTACTATAGGAGGCGGATGTCCCTTTTGGTCCAATATTGAAGGACCGTTTTGGAGGAACATCTTACCCGGTATGTACTCAGAGATGGATAGCGCACGCGTTCCATTTCTGCAAACTAACAGTACGGAGCGCCCAATTCTACGGGGTCTACACCCTCACAGCCCTCACGGTCGTTACGTTCGGCTCTAACAACCAAATTACTAAAAGGCAGAGAAAGGACCCAGAATCGGCTGGGAGTTTCTACCAGCCCTGTAAACGGCTGTCGAACCCCTTCAACTTGCTAGTGATAACATGCGTTCGAGCACTAACAACTCGACGTTGGACCAACGGCGCAGAAACGTACAATACGGATAGCCCCCAAGTGCGTTTACGGAGAACTTCACTGTCCTTTGATGAGGTCTCACTCATAGGTTCTTGGCGCTGAAATTCTCCCGGCGGAAGTTTTGTTACTCGGCAGAAGTCCCCCGAGGATTCTGGTACTCTTGAGCTATCAAGGATGGACTTCGGTGAATATTGGGATTTCCCTCATTACCTATCTTCGTGCTCAGTCAATACGCGAAGTCCTAGGATATACTGTCGCTCCCACTTTGGTAGTAGCACGAGAAATTGGTGAAGGGTGTCCCTCTCCTGTGTAGTGGGAGTGCACAAGTAGCGGTTTACTATCATATTCAAGGAGGCCGGCGTGTACCAAACGCCTTTTTCGGCTTAACTACCTCAAGGTCCATTTTTGGGTTGTGTTTATCATAGCAGCCCCCGATCCAGTGCCCGCCGTAGGCTGCTATGTCAACCTAGTTGGGCAGTCCGGGCAGAGTGCGAGGTTAGCCAGGCAGGCTTGACGTATGTAACGGCC,1822,50.38,Arabidopsis thaliana
SEQ_973481,CAAGTAGGACAACGTAAGGGAGTGGGCTCCATCTCGTCAAGATAAAGCGCACCCATCTGAACATGGTGTTGCTCCTTGATAGGATACCTTGTAGCTGCCACGGCGTCCGGTAAGAGGTTCAAGTCGCACAAGCCGGAATCAAATGATTGAGCTTTTTAAGATATCGCTGTCAAACGTCGCAGAGAAGGGCCCTTAAGGCATTCTTGAACGTGCTCCCAGTCATCAGTCGGCCCCGTCCGACGGGAGCACGCCTTGATTAACCCTAATCCCAGTCTACGTGCACCGCAGATTCTGCAGGTGTCGTGCGCACTTAATGGAGCTCGATCAAACGTCGCGTTAGTGTGGACTCCTGCCCTGGCTTGTCGACGCGGGTCAGTAACGACCACGGAGAGTGCATTCGCCATCCGTTAACCACTCCAGTAGTTGGACCCTTCGTACTCCGATAATATACAATAAATTTACAACGAGCCCCGGCTCTATGGGGAGGACACCCAGTTCTTTGATATCGCTAGGTCTAAACCGTGGTGGTGTTTGGGCTTGATAGCGACGTCTTGGCCCCATTAGTATGTTCTTGTCGTTCCCGAAATATTGACCCCGATTCGGAGCTCTAGCCTAGAGTCTTAGAGCCGCTAATGTAGACTTAGTCAAATGCGATGCTAACATTACGAGCTTAATCGAGCGCCATTACTTACAATGGAAGGATAGTGTGTTAGTGCATTATAAACTCTTCATAGCAGCTGAGAATTGCTGTTCTATAGCCACCAGTCAGCCTTAAAGATCTATAACTGGATATTGTCAAGGACCAGTCTGTAATAAACTATTAATGAGGGTACGCGAGAATGCATAGCGGAACAACTAGTGGGGCTGTACCGGGGTCATACTCGTTAACATACTGACCGGATCGCAAACCTGTCTCAAATATCACTTCGGCCTGCACCCTGTGCTGTTAGGTAGTGGCAGTTCATACATGTTAATACCAAGGTCATGGGGTTACAAGCCTTGGATGTTTACTAATTTCAACACTCCGCCAGAGAGCTTTGCTTCAGCTGCCCAATGTCTCGGCTCAGACATGGCTGTAGTCACGCTCTTGCATGGAATTCGGTGGAGGGTAAGTTATTCCATGCATGTAAGCTCATTGTCGGATTGTGGGCCATGTCGACTCGATTACGGAATCACATTCCTAAAGAAACTATCAGTATAAACCGTAGGAATCTGCGACCCACATTGCTCGTTGGTGTCCTCTGTATTCAATCACCGCTAAGTACCTATGAGACTCTGTTGGCTCTGTAAAGCTTCCTGTGGATCCCGCCTTATCCGTGAAGTGTAAAGCATTACTTTGCATTCCCGTTAACAAAGCTTTAAACGTAATTAGACGTAATTGGGGCTAAGTCATACCTGCAGGCATAATATACAACGAACACCTTCAGATCGGGATGGCCACACTCAAAGTGCGGTACAGGCATACCTGGCTCGCCGAAGCGCTCAGAGCATGCTTATTTATCACGGCTATCATTCATGCACGCACATTTGCTGCACATTTGCGAT,1545,48.16,Caenorhabditis elegans
SEQ_685851,GTTGGTTGGATGACGGGGCTGACTACCATCGACGAGGCACGCCGATTTGACCGCGAGGGTTAAAGATAGTACTGAAGCCGTTCTGCTCAGGGGCATCGTCAGTCAGATAATACAGGGGT,119,54.62,Homo sapiens
SEQ_379592,TAGCTCTACTACCGGTCATACTGATGATGCGTTTAGTTAGTCTTTGCACGGCCGCGTCTGGTAGTCTAATGTGTGGACTCCCGTTGTAGTTAGGATGTCTCGCAACACGGACACCCCAGGTTGCCGACCTGCTTACGTCGGTTACCTAAGATAAACTTGAAATTCCGACGCGTTGGCTGCGACGCCGCCTTTTACCGCTTCGACACGAAATAAGTGACTGAACGAAAACCGGTGATCAAAGGCGCCGCCAAGCAGCTTCCGGCTCGCAGGCTCCGTGGTCCTAGTGATGGGGCAGCTCAGCCTTGGTCCCATAGCTGTGTAGTTGGGCCAGTGTATTGCCTAAGACTCTATGCGATAACTAGCCGATTAATAATAAAGGGCCTAGACAAGTTCGACAACTGACGCTCCACCGTGTTGCGCATCAAGCCACTCTGCGGTGGGACGAGCGATATTGATTGTGGGTTAAGCAGTCAACCTTGTAAAATGGAATGGGGGGAGCAACGCATATCGCATGGCTAAGAGACTCTGGAAGCTCATGAGAGAAATGGATAATGTCCATCGGACGCGGCGATCGCCATGAGGGCGATCGCTTACCCACAAGCGTCATAGCTGAGACCAAGCCCCTGCTCTGTGTCATGCTCGATCCCAGTACCAGACTGCCGTTTGGGCATCTAGTGCAGGTACCCACCGCGTAGGCCCAGTACCTCGCAATGAGTTCGGCGGCAGCAGTAGCGGTACGCCAAGGATCAGGGTGGTAAAGATGATCATTCATAAACCCAATAATCATGTCGCATTATCATGGCCCACATTAAGTGTGTACAATAACAATGTGCAGTCCTCGTGTTTGGGTCTGGTGTATCGGTGGTGATAATCAAATATTCATGAGGTGCGACCAACGAGGACTACTTATATTTGTTCACATGGGCCATGTAGGTGGGCGATAGGGTCCGGCCGCATGGCGCGGGCATGAATCCGCGATTTTGTTATCCTCGCGACGGTCGCACAGGGCCCGTGTAGATCTTCGCCACAGCTTATTCCCTTAGCCTGTTGGTGACGAGTATTCAAGGTGGATCATGAACCAACAGGAAGCCAGAGTCTCAAGTAGGGAGCCTCTTAAATGTTCCTGCAATTAGAACTATCTTCAACTCGAAACAATCGCGCCGCGGCGACGACGTAACTAATGCCAACGCGAAGTGATCGATCGTGACGCTCCACCGTTGGGAGGACCAAGAATGCGAAAGAGTACCCAAAGATCTGAGCCCTGGGAATGGCCTCCTATTCCCCCTTTCCGCATTAAACGGTGATGTAGAGAACCTTTATTCTTTCCTTTGTTTCGAAGGGAAACGCGCCTACAAAAACATGACATTTCAGGAGCTCATCCGTAGCGTAGCTTTTGGGGATTAGAGATAAGCTTTCTAGAAGTTACCCTGTCTAACGCCGCTTATGGTCAGTCTGCGAGAAGCCAACGTAGCTTTACGCTGCATTGAGTTTGGCAGCGACGATTTAGGTCAGAGTCTCAATGAACTGGTAGGCTGTTCACCGTTTCTTCCGAGAGATCGATGGATCACGCTAGGATCGCCTCCAAAGTTGACAGCGGCAGTATAGATGCGAGCACACAGTCAAATATCCTCCTTTGCTTGGGTTGTCCGAGCCATTGCAAGCGCTTAGCTGTCGACCCTATTACTATCCCGCACATGCCGTAACTAGAGGTATTCGCAGGATCCAGAAACGTGAAGAGGAATCTGCTCCAACCAGCGCACGCGTGTGAGACGCGCTGGCGAGTAGCAGAGTGTTAGTACACGCCCAACACACAGATTTGAAGGGTGTGCCCCGTCGTTTCAATTGTACATAAGGCCTGCTACCC,1864,51.5,Saccharomyces cerevisiae
SEQ_786852,CATACCCTAACAGTCGCGTGCGTCGAGACAGACGTCCGAGAGCCATGATCCCCAGCGTGGATCACCGTCGATTAGTCTCCTCACTTGCGATGTGGAACGCCCGGAGTGAACTAAGAACCCACCGATCACAGGCTCCAGCTTGATTGATACGCAACATAACGCCTAAGTGACTGATAGCTGCATAAGGCCTCACTGTCTAAGCCCCGCTGATACCGTCGTCACTCCTCCCACCGACTATCGTGTCTTCGCGATTGGCTGCTTTGTCCAGTTTCGTTCCGACACTGGCTTGCACCCGAACTGTCGCAAGTCCATCCTTGCACATCCACTTGATAGATAGCTGTTACTAGGTACGTGCGGTTAGAATGTTGGCTTGTTAGGCCGGTAATTTCTCAGAGCGGACCTAGAGGGGGACCAATCAGAGCCACAACGACTAATGTGCAGTTGATTGAGACCGCTGATTTTCGTCAGCAACCGGTGGATATTGTGGACTTGCCCTCACATTTTGGTTGAAAAGGGAAATTACGTTTCTCGGACCAATATTTACACGTGTACCCAGAAATCACCACGTAAACCTGAGGCAAGTAAGGAACAAGCAATCATGTACCTGTTCCGGGCAACGTCGAATGTCCCGGACAGTTAGACATCACTCGGCTCCGATAACTTGCTCGTTATGCCTTACGCCCCATCATTTGGCCGTACGTGTCTGTCGTGCACTTTAATCACAACCAGGACTCGATGCTATCGGTCGCATCCTTTTCCCCCGTTTAGGTTTAAACTCTTACATAGATGAAAAATACGTTTCGCTGATGGGGAGGAGCTTAACCGCTCATATTCAGAGCAACTGCCGCTATAGTTGGCATTCTATGCGTGGACCCATCGACTCTCAGCAAGGTAACACACTGCGATGTAATCCCAAGAGAATCTCAGACACCACTCATAGCCTAAGGCAAAATTGAGAGCGTTTCCGTTTCGCCAGCGCTCATTATGTGTGAAACTGTGTCAATACGATAAGTTTATTCCTGGGAAACAATCAGACATCCCCATCCGTGATACGCTCGATTCTCAGCGCACCAACGGCTGCATTGACGACACTGTATGGAACCTGATACAGACTATGCTAACCCACTCGCGGAGGGCCACACTTCAGCACCGAGTCTTGCATTAGTAGTAATGCGGGATAACAAGGTGTAATGCTGTACCTCTACGCTAGCGGGGGTAACCGGAGTTAATGC,1232,50.0,Saccharomyces cerevisiae
SEQ_219416,TCGGTAAAGTGGCCTATCCCTGTTTGGAATTACAATAGCGCTTCCGGTCCCACCTTAAGTGTCGCTAAGACCGACATAAAAACGCGGCCTGATCGTTGGGTTTTTAGGTTAACCCGCCGGACAAAGGGAGTCGACTTAACAGTGGATCCGTAGGCTGGGTGTAACAACGTGAGGGTCCCAGGTCAAACAGCCAGGGCACCGGGCTAGGTTAGGGCCCGGTCTGTTCTAACAGTACTTCATGAGGACAGAGCTAGTGCATTTTTTTCAATGAACTAGCGTGATACCTATGCATTACGTGTGCTTAAGGTTATAGGCAGAGCACGGGAAGAGGGCAAAGCACACCTCACGATCGGACACCCGAAGGAGCTTACACAGTAGAGTGGTAGGTGTCGGAGCCCTCTAAGCGGGATCCTCG,415,52.29,Escherichia coli
SEQ_243904,CGCTTTGTACTTTTTATTGGGATGGCAAATTAAAGAATGTTAGGGGGGGAGACGTGTGCTCACCTGGAAGCACGTCGATTTCACTCTTTATTACTTAACACTGTTCGGGCCTCGGTCCTCATTCCTCAGGTAGTCTGCCGGCAGCCCGATTGGAGTTGCAGTGAATAGGGCCAAAATAGCTATAGTCATTACCCGTGGATGCCCATTGGGAGACTTGCGGGCGATCGGATCTGCGAACAAGGATAATTGGTGATATCTCTGACTCCGACCGGGGTTCTAACTGCTGTTTGGCTGCCTAAATGTCGCCCCCATATTGCGCGGGCTTGGAGATCTATGTGTTCAATCGTCAAAGATGTTTAAGTTACGGCGCTTCATGAGCGGGAACTGATCTGGGAGCCCAATTGGCTGCCAGCGGATTCGCAGAGTAGACGGTGACTATCTCAGCTCGTCTTGCAGTCATTATCTTTACAGCTGCTATAACTCTAAGCCTGCTTCCAACCTTAAGGGAGAGAATGGTCGGGTGTCGTAGAACACCTGCTTAATGGTTAGGAGGGGTTCCATTGGTTGCCCCTTCGCGGATCTGCCTTCGCGACTTTCTCGGGCGTAGCACTAAGGGTGAGGTCACGGTAGCTTGGGGCAGCCGGCTCTGAAGACTGGATATAGTTTATTAGTTATGTGACTAAACCAGACTCCTGCCTAGTAAGTGATGCTAGAACATGGTTAGTGTTGCTGTCTTACATCAGTGGTACCAGGTGACGAACAACTTGAGGAGAGTCTTGCACAAAGTATGTAGCTAGCAGTTACATACTCCTGTAAAACAGCGTGGGGCCGCTAGTTCGCCTCAGGCTGCGGTATCCTAGTGTGGCCACCATCACGAGCCCTCATCTTACAACCTATAGTATTTTGCGGTGAACAATCAGGCTTATTGAGTACCGTAGTTGCATCTGGAAGTCAATGCCTTGCAAGGAGCCGGACCCCCGCCCGAGATGCCAACGCCTGGCTGCTATAGCACTGATTAGGGCTACCTCGTTTCTTGTCCCTGGACGGGTTATTTTATT,1058,50.38,Drosophila melanogaster
SEQ_313170,CCTTCCTCAGGCTATCGCAAGCTGTGTAACCGACTAGGTTGACCTCGCTATTAGGCTTAGCTGCCAGCTAACAGAGGGTGAGTTCAGGAAGAACTGATCGGGGTTTTATCTTGGGAGCCGTTAAAGACCGTCGATAATCCAAAAAGTTAATCAGTTGTGAAGGTGAGAGTGTTTGTGCGATACGCCCAATCTGCGCCCCTCCCCTCGTACAACTTTATAATGGTTATTTTCGCATACGTAAACAGTTCCGCTCCGATCACCTGGGTCCGGGTAATACGTGGTGCAATCACAACCTATCTCGTTCCGTGCGCTGAAGGTTCTGTTCGGTAAGTCCCTAGTACTGTCCTTCGACAGGGGATCTTCAGGACCCAAACCCCCGAAACACCATGCATAATGCAAGCGTGCAATCGGAATTAGCACTACCTGCGGGCGAAAACGAGTCATTTTTTTCCGGGTCGTGCAAATGGGGCATCGCGACCGTCCAACCCAGGGTTACAACCTGTGACGCCACAGTTGAACTAGTCCAGGGAAGCGGTAATATGGCTATCGACAAGAATCCTAGCTTCTTAGCAAGGGATGGGGTCATCGCTGCCAGTTAGTCATCGCGGAAGTGTTCCTCCTAAGGCTCAACCGTAGGCTGAATACCCCGACCGGGCTGTTCTTAATTATAAAGTAGGCACCGGGGGGTG,689,51.23,Mus musculus
SEQ_729011,CGGAATCGCAAAGGGCAGGGATGGGGGGTAAATCTTGGCGCCGGGTTGTCACTGTAAGCTCACAGCGGAGCGTATGGGGACGGATCTCGTTCCCGAACGCATGAAAACAGCATTTCATTAGCTATCTGGGTGAGGTTTCTGGAATGTTCCCAGAAAGTCCCTAAGTCTGGCCCACACTATATAGACAAGCCTTGAGGGCCTGTAGAGAGCGGCTCCACACAGACACAATCTATAAATACTTAGTCTCTTTTGCAATCCCAGATGCTGTTCTCGTCTCAGATGCGAGCCTAGGAGGTCCTCTACGTGGATACCCTGTGGTCACTGAATCGGCTTGACAGCAAGCCCAAGTTACCATCGATCTTGTTGCTTCCGTGCAGGATATGACCATAGGCAAGGTAGGAATTCATCAGCCAAATTGCGTAAGTATCGATCATGATGTAAGCAACACGGGATTCAGAGCAAGCAGATATAGGTATGTATGACCGCAACGACGTGATCCCCTAGCCGACATATTGTACCAGAATCCGGGCGAGCTTGACCTGAAGTGGAACTAATCGAGACATCAGCAATCCTGCAGTACTGCCTGGCCGTCACTGCTAAATCAGTCCGACAACGGGGAAGAGGGCTACGATATCTTCTTACTAGAGAGGATTCTACTCCGTCCGGTTTCGGCGAAGGTAAGAATGTGCTTGCGGCTCCGGCTGTGAAAAATACGGAGGCTAATAGTGCCACATTGCATTGGGCTAGCACCCGCATTGTCAAAGGGAGGAACCGCTGTTATTACTGGCCGGTGTCGGAATACGCGGGAGATTCTTATGGGCGGTTTCCAATGCGCATGCTAATAAGGACCGACAGACATTTGACGCCAGTTGGTAGCAGATGTATCTGCTCGTGACGCACCGTTGAGCGAAAGAATCGACTATGGCAGCGCCGTCAGAAGCCAGTGGAAGTACAAATAAGTGCAACGGTCCGGCTCCTAGTACACTGAAGAGAGCTAGACGAGTAATGATCACTACACACATCGGGAAGGGGAAAGGTGTTGAGTGCTATTTATGGCACCCCCGAACTGGGGCAGGCTGATCCTGAAACGCTTTCCGGCTTTCTAACCCGCAATGCATACCCGCAGTATTCTTTCGACCCCGCTTGAACGCAGGGTACGGGAAACACTTTCGCAGCGCACTGCTTTATACGCATGCGGATGGCCGAGTAATGTAGGATTGAGCATATTTACTCCTACCGATCGGAGATTTTGGCATCCAATACGTACTGCTAGGGCAGTTAAAATCTCTTCCTCTCTGTGAAGATTCATCGCGTCTTTACGACTAAACCCTCACCGAGTGAAGGCAGGTTACTCCGTCAGGTTTCATGGCAGTCTCAAATGAACGTTCGGAGGCTCATCACTACTGGAAGGGTAGAACGGCCGACACGGAGTCGGGGACAGCGCAGAGTCCGCGCCCGATTGCCGTCCTGGGGGTGATCCCCTGATGGAGTGGAATTCGGGGAGCCATATCGGGTTCACACCGGTATCATAGAAACTGGCTCCTCTCGGGTGCAATCCTTCTCGACCTATGAGACAGGTCGTAGGTCTTTCTACGACCGTGATCAATTCTAAGAGGGTACCAATAATCTTCTAGAGCAAGCTCTGTTGGAATAGCCAAGGCTCACCTGGATTAC,1674,51.37,Drosophila melanogaster
SEQ_638931,TGTGTTAGATCATAAATCATCAGATAGTAATAAGTTTTCTGGTCGTCTGAGTAATGAAATTTTTGACTTCTACTCTTGACGAGTAATTAAGACGGTAAATTAATGAAGTGAATCGCGATTTCCGCGCCCTTACCGCGGGGTCAAGAACGCATCGGACGAGTAGAGCGTCGGGCCGATCCTGAATAGCTGAGCCCGCGCAGGCTCGTGGCGAAATGAACTCCTGCATACATGGAACACTGGTAGGGGTGATACCCCGCGTTGGGGCACCGGTCAATTCACCCGCAGTCTAACCCGTAAGGTTCAGGATTAGGGGTCGCTGCCGCAGT,326,50.31,Escherichia coli
SEQ_578096,CTGTAGTACCACGAGTAAAAGCAGGTCCACCCGTTGCTACCCGCGATCAATTAAACCTTCCGATTAACACATCCGGTTCTGGAGTAGCTCCGTGAGAAGAGCGACCGCCTGCTTTGACAGGCCGTCTAGAACACCGTAATGATTGCTAAGATGCCTTTCAGGACTAAACTGGGGCAAGGTGTGATAGTAAGAAGTCCCTAGGGGGAGAATCTGTTACTCGTCCAACGTAAAAATATTAATCCGAAGAGAGGAGTAGGGTAGTAGGCGTTGCACACACACGTTTGTCTCCCAGAATTAAAGAACCATACATCCGCACCTACTGCAAAAACTAACAGATTTAGCTCACTTTCTGGCCCGACTACTGCGAAAGGGGAACTGACCTGAAAGGCCTTACCGGAGGAGCGTCTCGTCCATCCGATCCACCTTTCGAGCGGATGACGGAAAGGCGACGCTGTTAGTTCGCTATGTTTAACCCTTGACCCGGGGGGAGAAGTATAATTCTTCAGCATGGCTTGATTGTATAAACAGCTCTAGAAGATGGTCTTGACCACGGTATTACTGCGGGGCAGGGGCACTCGTCCCTGTTGCAGTAGAGATATCGCTTATTTTAGACTACCTTTTGAAGTCAGATCCGCCCTTTACCTGTGAGTCGCCTGACCCACGTCGCCGTGAAACCTCACAAATCTGATCGTGACTCGGAGCTGACATCATCTGTTGTTAGACGCCTCCACAGTGCACTAATGCCCTAGCGGCTGGGTTAGCGGACGAGGACGAACAGTGCTTGATCTAGAGTCGTTCTACTCAATCCCTAAGTAGTACAACTCTTTGAATACCCAGGGACACAGCTAGCGTGCAATTTCGAGACGTGGTGATCTACAATGCGAAGCGTCCGTCTATATTTACACCCACTATATCTGAGGTTTGTGGGCTAAAGTCTGCACTGAGATACATTTTCTTGTGAATACATGGAAGCTCGCGTTCACGGCCAGGGGCTTTTACGTAAGACATGGCCGAGGCCCCCATTGCATAGGTTGCCACGAATCGTGGCATGCAGCACGTGTACAATCTTTTATGACCTGGGTATCGTTATTCGCATGGGTGCACCAACCTCTTAGCCCGGGCGCTTCAAATGGGCCGAACTCTTGCTTAGGCCGTCTAGGACGCCTTCTTTCTTAATGATTCCCCTCCCTGGTCCACCAAATAGGTCCGCAAGAGCAATTACGAAGATAGAATACAAAATTAGGAACTGTCCAAACGCATCTGGATTGTTTATTCCAGCAGGATATAGGAGTAGTTGTGGTCAAAGTCACACGAAGGAGGTCTGTGCTCTCGTTACGATCAATCGCAAAGAGGTTAGGTTTCATTCCCGAGCACGAGTAGCGCATTATAGGACAGTGTCCTACCGTGTCCGCTGCTCGAACTAGCAGAGAATCTCCTGTCGATTCGCACCTCAGTCGTAAAATTCTGCCGTCATAACGCCTAAAACCCAATAATCTTCCCAGGCGGCTATACGGCTCAGAACCGTTCACGTGACCATCGTGTCAGGTGCAATACAACAAGGCCACCACAAGTCCTCGTGGCACCTGCCAGGGTCAATCAACGGGACTCGATGCAGATC,1618,49.81,Drosophila melanogaster
SEQ_886297,CCCGGTACATCTCGGAGTACGCACTATTTGCGGAATTGCGTTGCACTTATGATGACGGGTTATGCGGACAAAGGGGGGTCCCCTGGCCTCTTCGTCGATCCTATCATACCGTGACCTAGCCATGCGAAGACATATCATATGTCGCATCGGGGAGAGCAACCCTACACGCGCTCGCTCAGAATGGAGGTTAGAAAAGCTTTTTGGACTTCAATATCAATAACCTACCTCCCTCAGCACTCGGGTTCCAGCCTACGCGCGCGAACCTGTCCAAGTCTATAACGCTATTGAAGGCAATTCCTAGGCTCGACGTGAAGATACAATAGGGCCGGCACCAAAAGTTGTGGTGGCTGGAGACCGCGCATGAAGCGACTCATACTATCTTCCAATGTAAAACACCATCATTGGAGACCCAGACAGCTATGTTGCATGAGTCGAGCGGGTAGCTGTCACTAACCTCCATTGGATTATCACATTCAGTAGCCCGCATCGCGTGAGTCACCACAGAAAATACGTCGGTTGGGGTGGGGTGATATTTATAACTACCCGATTGGGCAAAATGGGGGCGGATCGGTTCGTTCATGCGTGACCAAAGTGTCGAGTACATGACCCGATGGAACATGGTAATGCCCTATTGCGTACAGGGAGATAGAAGCGTGATTCCCCCCAGCGCACCCTAAAACTTCCGATTGACAGAGTCGGTCGTCGGCGACGGACCCGTTACGCCAGTCGCCGCGGGGTCGAGGTGAAGGTGGATAGCCGTAATTGGCTCTT,771,52.66,Saccharomyces cerevisiae
SEQ_436410,TGCCAATGACGTGTGCGAATTATTGTTGTTGGTAGGCGTACGATATACAAATTGTCCCGAATAACGTTTTTATATTTCGAAAGGTCCTTCTGCAATGCGTCTTACTGTCTAAGTAGCTCGGTCGCTCAGGTGGTAAGTCGCCAGCGATGTTATGTGGAGCGCACAGCGTCTCGGCTTATTGGCCCGCACGTGGACGAAAGCCCCTGTCATCATTTGACTCGGAGCATGGATCTGTGGGTTCAGCAACTGATGTAGATAACAGGCTGGTGAGGCGCTATCGCGATCCTCATCTTTTACACCCCAGGAGTATTTGGGTGCTTTGATAAGAGGCGTACTTTCTAATAAAGGAATAACGTCGTGATAGAACCAAACTAGAGAAAATCGCGTCCGCTTTGGGCGGCTACATACGTATTAAACCAGTAATGAGTCTGCAAACAGGTTGAGACGTCACGAGAGTAGGGTACGCGGCAGTTTCGTTTTCAAACCTATAACTTAATGTCCTACCGAGCGAGTCTAACCCGGTCCACCATTGGCTAGTTTTACTGCGCTTTTTATCCGCCTTATTTTCCCTACTTGCAAAGCGCAGTCCCGAAGTGAATCAGAAAGAGACGTCGGGTTCTACTCTAGCTTAACGATCGGATCCACAAGCCGCGTTGTACGTCCTTCTCACCTCAAGTCGAGCGCGAGCCGAACCTCCGACAGGTCCTGTCAAAAAGCTTTGTTGACTGGCTTCATGTACATCCACTGCGCTCCTATTCGCAGTTCGGGAGCGCGGTCGTCTAATGCAATGCTAGGGTACAGATGGCCCTGTCATACGAGAACGTTACCAAACTATTGACCACAGCCTGTCTGGAGTAGCTACGGGTGTAGTACGCCCGCACCTCCGTTGCAATATCCGCCTCCATGGAAAGTCACTACGCGAGTCCCAATCTCTCATACCCCCGCTAATCACTAATAACTAGTACGCGGATCGGCGTGGACGGTCCATCAAAACAGCTGTCCGCGCCGAAATGTTAGGGAGAAAGATTTGCTCGGGGCGCCAAGCAGAAACCCTGACTCTAATGAAGGCGTGTTCTAGAGATGGGACTAAATACCCGCGCGATATTTGAACATACATAACGGACGCCGCGCATGTCGAAAAGCCACCTCTTGAGACGCAAAGTGTGCGAGCTGTTAATAGTTGTTAATCCGTGCTAGCCGGGCGTCTCCAGGAGCCTAGACACACCGTTAAGATCGAGGAACCCGCCCGTGTGCGATAGGGTGCGCTGCTGGTGCGCGGACACAGATCCGGGGTAATTCCGAAAGGTTTCACGTCGGCCTCTATAAGACATTGAGGCCACTCTGTCCCTGCTCAAGCTTGAGAAGGAATTAATGAACATGGATTATTAAAGGGGAAAGAACTTACATTCGTTTCAAACATAGTACGAGTCAGCCACGTTTGCAGTCTTCCAAGCATCACAGGAATTTAGTTTGGCACGGATGTTACCTCGTTGATCGCGACGAGGACCTTGACCAGACTCCCGGCAGAGGTTCTAACAGACTGCATAATGTCTCTCAGCATTACAGTGTCATGGGCGTGCTCGGTCGAAGTTAAAGTAGAACTCGGTGTTGTCCCCAGGTAACCTACGAGGACTTCATGAACGGGGCCATCGATTGCGCAGCTTACATGTCACGAGTTCTCGGGACAACCGGGAGTCTCACGGCAGTAATCGTGAGTGTTTTAACTATACTAGTGATCGCGCGACAAACGGATACCTCTTGCGGCGAACTATTTCTAAGGTATGTATCATCAGGGTTGGCATAATATATGCTCGTAATCCATTGGTGAATGAAGGAGTATATTCCCACTTCGAATGAGCAACCGTCCGGGCGAACAAATTTGTACAGTATGG,1892,49.79,Mus musculus
SEQ_817696,TTGACTTTAATTGGGGTCTAAATTATTTAATCCAGGAGCGAGGCCGATCTTACCCTCCTTTGGCGAAGTGGTAGGCGCGATTATGCTTCTGAATGCACCTGCCCACGATATGCCAGTGCACTTCGGTGGACAGGCCCGCAGGAATGGTGCGCTAAGATTGAGCATATATACTCGCGGCTTTCCGGTGCTCCGATGTTAGAATACATTTACCACGAGCTGATCACGACTTGCCAGTTCTGTGCGTCTACAGACACGAGGCGCACAAAAACCCAGGGCGTATTATGGAGCCAGAACAGGGTAGCATGGAGCGGTAGGGACAAATAACCCCTACTGGTATGGACCCTAATGGATAGAAGCCCCTCACGGTCCACCATTTAAGAGTTCGGGCGTGGATGAGAAGCTTGACGTTGGGGGATGCGTGGGTCACTCTTGAGCCGGTTGATATGAACAGAACTGTATGCCGGTGTCGCAACCGCTATTTTCTCGTTAAACCTCGGGGGTGTAACATAGGCGGGCACCCGAGTTACGAAAGCTGTCCCCAGCGTAATGCACCCACGATAGACAGTGCCTGGGAGCCGTTAGCTTATATTTGTGATTCACACTTGGTCCCATGCTCTAAGCGGCCGTGCTATCCACGTTGATTAAATTAGCTCAAGGTAGAATGGTTTCACAAAGGCAAGAGTGCTACCAATGGTAAATAGTGAGAGGGTGAGACTCCTGTGTCTCCTCCGCTATACTTTCGCCATGCACTAAACCGGACACCGTAGCTGAGGGCTAGGTTGCGCGTGTCCAGCTCCCGCGGGCGATATGCACATCCGGTAAACTCCCAGATGAGCCTCACATTTATAGACATTTGCACTCGTGATATACCGACCAAACATAGAAGGTATATACGGACATGTGGCGTACTGTAAACCTCGGGAGACCGAACAGACAGTTGTAAACCAGTCCGCAACGATATCAGTTGTTTGCGTCGCGGGTTGCACTATAGAAGAGAAATCCCTGGTTGGTCAGAGGCAGAGCTGAGACGTTAGAACTAAGTCCTGTAGGTCGATGGATGACTGGTGTCGCTTTATGGTTTCTGAGTCTTTCTTACTGAGAAAGACATCTGAACGTAGCATAAGGTGTTCAAATTTTCACTGGGACCCGAGTACTGCCCTCGATATATGTTAGGCCCATGCAACGCCGACGGTATAATTTTTCCCGGTGGTTAAGGGTAGCGGGGCGTAGGGTGCGGGTTGCAGACGCACCAACGTCCTCATCTCGACACCCCTACGAGTTATTGACCCA,1290,50.93,Escherichia coli
SEQ_698807,AACCCGCTACTGATTACCTGTCTAGGACCGTGCGCAGCGAGAGGGAGATAGAAAAGTGTGCAGGTACGACTTGCTGTAAATTCAAATAGCCACAAAAAAGCGCCGCGGCTGGTGGAGGAGTGAGAATTACGCTATCGTACTCACCCTCACGG,152,51.97,Arabidopsis thaliana
SEQ_269882,TGTAGTCCCTGGGACAGGCCTCGCCCCCCTCACACGAAATATGGATACAATGGTCGTTGGCCCGTTATCTAGACTGCTATGTACACAGATTTATCACGGGAGTAATCAGACAGCATGTCTAGCATTGAAGTTACAGTGAACACAATCATCAGTGTGCCCTCCCTTATCCATTACTCTGCAATACGCACCGACCTAGTACCAATTGGAGCTCGGTACGACAACAAGAAAGGGTAGTTTTTGCCGGGGAGTTAGTTCGACAACTAGATGTCCTTCACAGCTGTGGAGTCGGTATCTTAAGCGCTCGCCCCAACGCTTAGAGCACCTTCACTGACGGCG,336,50.0,Saccharomyces cerevisiae
SEQ_977816,CGGACTGCAGATGGTGCGCTAATATACCCGAAACTTACAGTATGTAGAAGGCTCGAGCCGGTGGTAATTGACAATGCTTCATATGGCAAGTGAGAAAGCTTTCACACGTCAAAGGTCCTGCTGGCAGCTGAGGAAACAGAGTATTTTGTAAAGGTAATCATTCACTGTCGGATCCGTTACTACAAGGGTAGATCAGATACGGGAGCCCGGTGGAATATTCACGACACCCCCTATTTTTGAGACCGCGCCAGCCACTACGGGGCTCTAATCTACCAATGCGGGTGTATGGGTTGGAGCGATGTAGGCGGTGGAGATGCGTATCTGGTCATATACAAAGCCCTAGGAAACTGGTTACCGGGTGGTAGGGACTAGTTTGTAAAACGACTATCAAACCCATTGATGCTGGAAGGTACGTGATATCACCTACCTTTGTACTTGAAGAAGCTAGCCCAATGTACTCGTAGCTGACTCCCAAACTCAGCCGGGAAGGGCAGCTCAAATCTCTCATACTGGCTGGTTACAAAGGGTGCGGCAGCAACTGTCTATGAGGGAGGGTTACGGTCGTGAAGGTGAGGGACATAGTTTTCACCACAAGTATATCCACCAGGGTTTCATGAAACACATTGCAGTACTAATTCGATTTAACACTTTTGGGCACTACCAACCCGGGAGATCCGATCAATAATGCATAAGGTGCCCTGGCTGTACTTCTTCGGGCTGAATAGCCCCTCAGCCGGCCCCGTTGAGGACACGTCCATCCGGGCCAACAGTGAACCAAGCCTTTCCCTGTACTAGTATGGCACGGACGATTAGCTCGGGGAGGCTTGACGCGGGGAAATTCGAAGCTTGTGGTCTAGTGCCATGGGTGGAATATCACGTCGAGCTTGGCTCCCGGCTAATGTCGGACTTGCTGAGACTCTTAATTGCAGGTATAGCACCTGATACCCTGGTAAAACAAGTCTAGTCTGGCTAATGCT,977,50.15,Arabidopsis thaliana
SEQ_850829,CAGGAATTAGCTCAGATACCAGGCTACTAGAGGCGCACGAACATCCCAGCATCATGCCCCTGTATTCTATCCCGGCTTTGCTAGCCCTAATTAGGCGCAGATCCACTCTTCCCCATATGTTGTGCCGGAATTGGTATGTATAGATCAGCAAATCGCTCTTACGGAAGCAGTCCCCGCCTCCCCGTTCAAATGGTCGGGAAAAGTCCTGGAGTTCGGCACCGTTCAAGGGCAAGGAACTGTCCTATTAGAAAGGGGACTTAAGTCCGATATAAGAATGGTCCCTGCGTCCGCCCCGTAATCCACGAATTTAGGCCACACTGCTCTCCCTACAGACATGTGTCACCTCTAACAAACGCTAAAATGTTCGACATTAAAACACCTCGGGCCCATTTTTACCCTTCGACGTAGTAATAAATACTAGGCCAGCCAAGCGCACCAATCTCAAAAATATATAACCGTGTCCAAGTACTCAAGCTCGCTCGAATGACTTATCGTCACCAGGGCCTAGTAGACTCGCGATAGCTCCGCAAGTTAAGGGCGGTCGGGCTCAGGAGTAAGACCTTCTTCGACTGAGTAATTTGCATCTGTCCTCGGACACAGGCGACTTGCTAACCCTTACGAGAATTTAAGACTTAGCCGTCAGCATTAGAGGGCGAAAGTATGAATCTAATTCCTAATAGAAATTGACCCTCCGCCGCTAATCCCGGGACGCAAAAGAAGCTGTTTTAAGAGCTACCTAATGTAAGAGACATCACGATTAATATCTTAGAAGCACAGGTTATGTCAGCCGGCATAATACTGTTGGAGGCTTAAACTCGCGGCAATATGTTGCCACCGCGGGGACTGGGTGTATCCGTTTACCCCGCATATTCGATTGGCGCGGACTCTCGGCCATAAGTCTCTTACGTCGCTTGTCCACTAGGTGCGACCTCTTATACTGAGTCCACAGATGTTTCGTAAAACTACAACTAACAGACTAACGAAATCTAGGCCGGCGGTGTATATCTGCGTTGACGATCTTGCCGGAGTTCGGGCCCAAGTACCGTAACCGTTTGTCGCGGGTATATAATTCTTATGTCAAAATGTCAGTGGTACATGTATTAGGTTCTGGGTCTGATAGGCGAGCTCAATATTTCGCCGCACGTCCACTGACCTGCATAGTGCGACACCATGTCTCATCTTAGCCACAACAAACGAGACGGACCTGCGTAGCTGCGTCGATAAGTCACAACTATATCCATATAATTGGTGACCGGGACTTTAGCGTCCGGATTACTCCCAATATTAGAATATCCTTCGTCATGTTTCGATCTTTTACGGGGGTTGGAAGCCTTTAGGCATTGTGAATGTGAGTTGCGCAATTCTGTGACACGTTCCAATAGCCGCCTCAAATTGCTTGCCATACGTCACATACTTCTAGAACTCACCTTGGAACCTTGTATAAAGCGAATTATGCTTTGCGGATACTAAATATGTTAGGGAGTGGGCCCGTATCGGAGATAAGAAGAGTCCGTATCTAATTATTGAACGTGTAGACCGGTAACAAAGAAACGT,1554,47.62,Mus musculus
SEQ_958851,CGACTCTCCGATGGCGGTTGTGTCTGCCCCAGATCCAAACAAAGGCAAGGGCGACGTTAACGGCGCACATAAAGCCGTCCTGTTGCAATTTGAGCGCACAGCCCCCCGAGCCGGGGTCCAAAGGCGAGGGAATTACATATAGCATGGTCTCTTGCCATAGCAGTAAACACGGGAGGGGTTAAACTCATGCTTCGATCTATGCTGCGGCAGCGTAGAATTGACGATCATTGGATTGATTTATTTGAAGCGCTAGTGCTAGTTAATTCCCGCACAAAATGGTGGGTCTCAGGAACCTAGGAGCCACGGAAAAGAGCGAGACACTAAGAACACCCATAGTCCGGTCCCTTCTCCGTGGAATAAGATGCCTGTATCATGTTTGACCGTGACGTACTGCGCTAGCCACAGTGTTCGTAGCGTGAGGTGATAAAAATACATCAAGAATCGCAATCGCGTGAAACCCCTAGCCCGCCAGGGAGACCTGGATAGCGATGGCTTACATCTCGAAAGGGCTTCGGTCCCCAACAGATTAACCCGGTCAACGGATCTACATATTGGTCCCTAAGAGGAATTATTGATGGAAACCGCGCGGGCATTGAACCTTTCCGCAAGTGCGGAACTCGAGGGAGCCACCAGAAGCGGATGTGGACATTAGATCTGAGCAACGGCTATTGACCAGCCTGTGGGGGCGTTAGACTGACTTGTGGATTTTTTACCCACGGAGGTGCTACCACTGCACCACATGGATTACAGTGGAAAAGTCCATCTCCAACGATCCGATCCTGCACCGACGCTTTGCCCGGCATGTAATAAATAACCCTACGTCAGGTGTGGCGATGACGTTGATCTGAGCGGGTCTTCTGAAAAACCACGAAAAACGGGTGGGTAGAGACAGTATGATACTTTACGTCAGAAAGCTCATGCTGGTGGACGAAAATACGACTCCACATCAGTGTAGGCCCTTGAATAATCGAGTTCCTAATACGTGTTCAAATCATCCCTTCTGGCCGTAGTGCCTGCTCTCGTGCGGACAGTTATTTGTATATAGCCCTGCCACACCCTACGTGTTGTGGTAGCCCGCTTGGAGTACCGCGCGAGCTCCGACCGAATAGTGGCAGTAAACACGTCGTAGCGATGGCTTTCGCCTGAGTATGGTCTCTCAATCGATAGACGGATAGATACGATCGGGGCAGCGATTGTTTGTTAGCAGACCAAGTCGCATAGGTGGAATCTCGCGGCGGCCGAAGCGTAGTTGTAAAGGATCGCTAGTCTACGCGAGCATGACTCTTAAGAAAGATAGGCGATTCCCAGCACTGGCTATCATCGCAAGACTCATCGGCCTTTGT,1343,51.53,Saccharomyces cerevisiae
SEQ_937909,CCTGCAGATCCCAGTCAGGGGTTAGAGACAAACTGTCCTGATAACCACCCTGATCATGAACAGGAAAGGCACATTATGATTGGACCTGAGTTCGCTCTTATTTGGAATGGACAAACACACGTCGTCTGAATCGCAGACGGCTCCACAGATCTATCTCGGTTCATTAATGTCCAACAAAAGTAAACCACCTGATTCATATAAGTCTCACCCGGTGTTCTCTCATAACTCAATACGCTCGTTTATCCACGCACTCACATGGACGGTGGCTCTCATTCGTCTGGTATCCCTAGCGCTAAAAATGAGATAATGCACGCACGAAACGGTATACAGACCCAGATTCGGGAGACGCTCCGTATCGCTATGTCGTGTTGGACATGCTCTGAAATCTCACCGGGAGGTGATGTCATGAACAAGACTGTACAGTATATGCTAGACAACAGTCTTTGGGACTCGGACGGAATGGTAGAAAACCCATTGTGGAGGGGATCAAATGGCAGCTAGTTTTATGCGGCGAACCATCAGTAGGAGTTGCATGGTCCAGGAATGATGGAGTATCTATCCCTAGATGATTGGACGTTGATGTCTTATTAGTGAAAGTAAACATTTGGCCGATGTCCGTGTTGCTCCCTGTGATTACGGCATCCGCGGGTTCCGATGTAGCCTCTCACCTTGCCACTATCTACTGCTGTTTTAGCGGTGCCCCTGTCACCCTCTGAACGACGGTAATCGCTGCCCAAGGGGAGCATCCGTGGTTGATGTGTCAGTCACTAGGACGCGTTACCAGCGCTCTTACGGCGTTTATCTCATAGCGCACGTCCCCACAAGTATATGTCCCTGTGTCTCAACCTGAACCATAACTGTAATAGGAGACGAACCTCATCGCCAACCCCGCGTAGTGTCCTAGGGAGTATCTTTCAAAGAGAGCGCTTATGACAGAAAAAGAGGTGAGCATTCGGACTCTACTCGTGACAGAAGGGGTTCGCGACCCCGAGCTCCGAGAGTTTTTCCTAGATATCTGATTCTATCACGTTCACCGCCCAGAGGGTTTGCTCGAGAAACCACGTTGCTGTGGGGTGTGCTCTGAAAACGAACCACCATTCTCTTTTAGCCGGACAGTTTGATTTACATCTTCAGTCCGACGGCAGCTGCTGTGACAACAACGGCGTGACGACACGCAGGGACTTCGAGGCGCACCTGGACGCGTCCATGAGAACATCGAAACTAGGGGCTCCCATATAAGCGGCATAAATCGTTTTGGCAGTTTGGGTCCCTCCGGCTGCGAGGTTCCACTTCTGCTCTAAATGCGATTCTTTCAGAGAGCATTAAGGACCATGCGCCACAACCGTAGGAACGAATGAGGTTTCGACGGCACTTACAGAGCGACTATACATAACGAATATGTAAGTTGTAATGATCATTATAAAT,1425,49.33,Drosophila melanogaster
SEQ_737172,CTGAGCAGATGGATTACGGTCAGACTTGGAGTTATAGTAATCTTCGCGTAAGTTAAAGCGCCTAGTGACTGCAATCCACGCGGATATACCGAGCGGTGCCGGCCGGTCAGTATTACGTTGGCATTGCCGCTATTGCGACAAATACCCTACACCAAGGGGCAGGTGTAATGGATTAAAAGATGGAGTAACGGCTTCGCGATTGGATTGAATCCCTGCTCGCAGTGGAGTGAGTTGTTCCCATTACTGATGAATAACCCACACCCCTAGGTTCGCCTAGACGCCGTTATACCGTCACCGACGATATCAGTTCGGCTCAATCTGTTTTAACGGAACGGCCGTAACTAACGGGGAGTGAGATCCTTTTCAATTCTAGAGTGTAATGTAGGTGAGTCGCAGGAAAACTGCGTAAACTAGGTTATGTTAAGAAAGCTCTAAAAAGGTCCCTAATGAGCATTAACAGTTTGGTCACGCAAAGAGACTCCCCCAGGGCTGGGTCAATAGCGTATAGATAGAGTTGGCGAACAACAGGACGTTAGGTTCATGCTCTCGACCTAGGCGGGCGGGTGAGATTAGCAGATTGTGGATCCTCGAAACCATGTATTCGAATCAGTTTAGACTTTAATCAAGAGGGTCGTGCCACTTCCTCTTCAAAACGGCGTCGGGTCGGTTCCAGTGCAATAGCCCTAGGGTAGCGACCTAGTAACCAATCCCGCTCCAAACGTAGCTTGCGACAAGCTTATGTTACTATCGGATGCAGGCTATGGACGAGAGTCGAGCAGGGAGGCTCGTCCGGAGATATAGGCGGCGAGAAAACGGTGGGATGCCAGCCCCTGTGGTTGCCAAAAGATCAGCGGTATGCTGCCGCAATTACCAGATCAAACGATAGGCTACAGCTCCGACAGCAAGTGTCTCCTGGTATATCGTACTGCAAATTAGCATGTCGGGCACGTGCCATAGTGACGCTATCGCATTCAGCTACCCTTCATACAATAGAAGAATTTCGATATGTTTACGTTCGCGAAAGGGCACTTCGATTTCGGCCTCCAAGCACTTTTTGTCGAGTAATATCGTAGGCGTGAGGTAACAAGCGGACGTTACAGTCATGGAAAATTTCCTATCAGCACAGTGGGTGGGGGTCCTTAAAGTCTCTTCAGATTCATGACATGCTATCGATGGGCCATGATACGAGCCCTATAACCTACCAGCACTGGCACAGTACGTTTATCTTCCGCAGCGGAACGATACTTCAAACTTCCGCAGTATTTCGACGAAGCACGTTGGCCATCGGTACACGTTCTTGACGGGAACTCCTCCCCGTCGGGAACTGTTACCGATCCGGCTGCAAATAATGTCGACACGATGGTCAGACGTCTCTGCATGTACCCCCGGCATATGGTCGTTCAGACAACTAAGATCCGCCTATGTTGTCGTTAACGATATCTTCGCGCAAGACCTCCCCGCTTAATGGTGAGGCACCACGTCGGACCGGGCCTGTTAGTTCATCTTTCGAGCACTCCGCGCTCACAAGTACGGTGCCGCGAACCAGAGGTCATGATCTGGATCGCGACCCTCCAAATTATCTCGATAAGGTTTCGAATCGGTTCAGGAATCGCTAGATTGCCTCGCTTATATGGTACCGCAACCGTAATGGGTGCAGAGTCGTCTAATTTTGACGACATGTACCGCCTAAATTACGCGCTCACGAGCGCACGATGCATTGAAACCCCGGCTTTCTACTGTTCAATGACCGAA,1752,50.23,Caenorhabditis elegans
SEQ_242023,CGTGTGGAGAAATATCTAGTTACTGATTGATCACTGCTTGCAAGATCTGGAATCCCGGCTAGGTTTGCTACAAGCCACCTTAGGGGTAGTTGTCTGTGCATCATAAGGCTTAAGCATCGAATCGCTCAACGCTATCTGTGCCATAAAGTCTCTGGCTGAGAGGACCAAACGGCTACGTGTCCGCCTCTTCGAGCCACGAGCACATCGA,208,50.0,Mus musculus
SEQ_186521,GGGAGAATTAGGAACGATCAAAGCCGTTATGGATTGAACCCTTCCTAAGATCCAAACCATCTTGTAAAGCCCCTGGTCGAGGCTGTAGACTGACTACCCGGCTGTTGGGAATCAAAGTTCTTGAAACCATTTCGAAGCTCCTATATCCATCACGAAGCCCTAGTGGTTACAGACCCACGCGGGAGATATCGCTTGATATCACACTCCCTCTTATATCACTAGGTGCCGCCGAAACAATTTGTAAGGATTGGGGTTTTTTGGCGGGGATGCTGCATGCTATGGCCCTCAGCGTGGCCTCCAAAGTGCCCTCTCCGACTCGGCACCGTTCAGATCGGTTCTGCGCAGATCATTGTTAAGCGGTGAATTGCGCCCCGTCTACTTTAAGTAGATAGGGTTCGGGTTAGAGTAGTCGCGGTCGAGGAAAAACGGTGGATAACCGTCCAATTGATCAAGAAGCCTGTACGCTTATAACCCGAAAAGGCAATTCTGTTGAAGTTGTGCAAAACGGGGCGATTAGAAATATTCGATCGAGCTGCTAACCCTAGCTGGTACCTTCGAGTCGCTACAAGCGACTTCCAGCTAATCAGTAGACTGCTTTCCTGTATTCTCTGAATCTACTTTGTCGGAGGGTCGCAGCCGAGACGTATGTGTGCTTGGTATTCGGAATCGTGTGAATGAATTGCTGCCAGATTGTAACGTGGTTTAACCTCCGCCACCAATTTATTAACAGTACGCGGCTAGCTGCAATCTACCAGTCGCACGAGGTACAATTGCGACGCTTATGTTTAATACATTCTAGCTAGTACATACTTCGCTGTGTGGACGGCTACGTCGATCCGGCCCGGGCGAGCTCAAGTGCGGGTTTGTGCGTGTCACTCAACCTATTGGTACAGGTCCTAAAATTGTTAAACCCCGAGTTCTAGCTCTTAGTTTCCGCCGAACGCACCAACTACTCTACCTCGCTCGATACACAATGTTCATTTTTAGATGGCCGCGGATGTAACCGCTTTATCAGTATATAGGCCGGGTTTCATTAGCTATTTTTCGGTGCGGTGCCGATTCGCACATAGGGTTACAACATAACATACAGTGAGCAAAGTTCATGTATGCGACATCCTGGAACGACTGGTACGCTCAAAGAATCTCCCTAACTGGGTCTTAGGGTGCTCATTTAGCTAGGGGGAAATCAACTTAAGGAGTCCGAGCCAGTGCGTCACCGACGCAATTAGGCATATCGGACGAGTCCAGAGTCCACCAGGGTATCGCTGGGAACCGGAGGCTGGGAATCCGTACAGAATACGCAACACTTACTCTCACAAGCCAGTGGAAGGATAGCCTTCC,1341,49.37,Homo sapiens
SEQ_277452,TGTCTCATGTTGCAATCGCGGAAGGTAACCCATGTCGACAACGTTCATGGATGGGAACCTGCTGCAAGTTAGAATGGCACAAAACTGTTAATCAAGCGGATTCAGCGCAGATGTTACTTTCGAAGCCTCAGCGCGTGAGATGAGGTCCAGATATGTTGTTAATTAAACATTCGGCGTTGGTCTCGCAATGCGAGTTGTTGGGTAAGTCCTATGTGTGACCAACAGTGTTCCTGCAATGATGTGATGATT,249,46.18,Caenorhabditis elegans
SEQ_565799,CACTCGGGGCCTCACTCGACTGGACTCCGTTATGCAAACTTCACACCCCATATCCTTGCTGATCTCTTGCGTCAGTCGTAAGCATCTCCCTTACTCCCTACTCGTCCCTGCTATTAAAAAAGCGTGTAACGGTGCTCCATGTGCGCGACCGATATTCTAATAGTTTCATGTACTAACCGCGCTGGCCCAATCACACAGTCGGGTAAGCGCTTGGGGTAGGATACCGCGTTTTCCTTAGCATCAGTATCTGGATACTCTTAGAGCCGGGTGGAATGCTTTTCAGTTCCGGACCTAAGCATGTGCTACGCGATGGATCCTAGAGGGCTACGAATCTTATTTCCGCCTAGAACTCAAACCGGAATGAGGATACGGGACCACTCCGTAGGTCTCACAACTGTGGCCAGCAATGTAATGCTGAGTCATCTCCCCGTAGTTTGTCTCGGCGTCAGTCGCATATGCGACTACGTTGGCACGCCTTTTCTTACCAATGACACTTCTCCAAGCACTCTAAGTAAACAGACAGCAGTATCACGAAGAGCCCAAGAACTACTAGCATGGATCACCTACCCAACAGACCCCTAGATTCGGGGTGGTAGGGGCTTCTAGATCTAGCCGCTTCTACTATCTGTCATTTTCAGGCAAAGCCAGAGGAAG,654,50.61,Mus musculus
SEQ_488982,TAACGTTGGTATACTGCGTCCGCGACTGCCCCTAGGAAAATAGGATTGTTGAACCCTACGGTTTCCTGTCATATTGAAAACCGTTTGGAAGGCAACGTAGCTCGTAAGATAATCCCTTCTGCCAATTGCCTCCGATAATAGGCGTGTCAAAGCACCCGCTCGGTTGTTCAGTCGAACTTTCCACATACCAAGTCTTATTATATCGACCCTGGACGTTTGTGGAACTTCTTGTCTTGATAATTTGGAAGTGGAGCGAGTAACCCATAGCCGTGCTAAATCCGCCCCGTATGCGAACATCGGCCATATGTGGCCCGATTAATCTAAAAGCGGTAGCAGGGAGTTTTGGATAGGACACATGCTAGCCGGAATGAGGGTTCTACGGCGGGCCAACCCGGGTTCGCCCACGAGTAGCCTGATAAATTGTCCGCCAGGGGGCTCTACTTGAGGGAAATGACATCGCGTGCCGTATACGCAGATTTTGCCGTCATAGCGAACTACGAGATGGGACGAAAATGGAACTAATCTGGCTCCAGGTAATTAATTTTCAGTGCGGACTTCTGCTCGTTCTAGCACTCCTAGTCGAGGTACCGAACCATCTGCGACTAAATGTCCAATGATTAGGCAACGTGCTCCGTTCTGATCGTAATAATGTCAGTCCCAACTGCCTTGCAGAAAAAAAGACATTCCACGGAGCAGTCCTTGAGTCTCACTACCGGCAAATGAATATCAACCCTACGGTAGGCCGGGGTAAATGTACTGGTCTGCCCGTAATGTTATCTGAACGTATTAAAAAACTGTGTGATAAATGTCGACGAACTTCCAGGAGGTTGCCAACCGACAATCAACCATGGTGACATCGCGCCGTGTCACTACCATGCGAGAGAAAGCTGTGATAGCTGGGATAGTGGCTTAGTTAGCAGATAGGCGTACACGATTATGCATGTCTACTATGACAATTTGTACACGGTTACGTTGCTGTTCCGTTAACGACGATATGGACTTCTTCCGTAATTAGTATGGAACTGGAATGTGAGCCCGCTGAAGTGTGGCCTGCTACCATCCTTACGTCCCCAGGGCAAGATCGATCGAGTTCACCCTTGCGGCACACGATATGTTAGGGTGCATTCAGCCTGTAGACCAAGACTGATGACTGCGGCAAGATATCAGATAACTGCCCGTTAGACTGCTCGACTAGTACCACTCGAAAGAGACAGTTACCTAGGATCATAGGCAAACATCTCTAGCTGTCGAGCCCGGAAGAGACACGATTGATACATGAAAGAATGCCCATGCGACCAAGAGGGGACCGAAGATCTATCGTCACGCCGGGCATTCTACTTGCCGTCGGGTATATCCGGTTCCGCGATCGGCTTGTAAATGCCCCCCACAGTTGTGTACTCACGTTCTGACGTCTCAGGCACAGCTAACCCGGACTGTAACGAAAGATGCCGGGGCGCACAGTGCGACTACCATATTTTGAGGTCCCCTCCTC,1492,49.73,Arabidopsis thaliana
SEQ_328161,AGAATCGTATCATGTGGACTCCGAACCCTGCGGTGTGGCGTAATGACTAACGAGAGCTATCACGCAAATCTCATGCTGCCGATTCACCTAAGATGTACCCCTGTGGTAGTCCGGCCGGTAGACGCCTTTCTCTTCTTGCTTGCAGATCACGGACTTTCCATATCCAGCATCGTCAGCACCATCACGTCTAGGCTACGGCGGGCTCAATGCTTTGGGCTCCTTAGTTGGCACTTTGTGTCCACTTCTCTCGTAATTCGCAGGCACCCGACAACATCCTTAGAACAAGCTGTCTCTAGCTTTGAGTAGTTGACAGCGCATAAGCTTGGACGCCCGCCGAAGTTGGTAGTGTCCATAGACTAAACCACTACTCCCCCCCTTTAACCGCGGATGTCTGTACGGAACGGCTTACGGTCGGAGTGAGTTATGTTTTCTAAAATTTGTACCTACTACTCTTACACCTTGTTGGGATCTCCAGGAACTACTGCGCGGCCGCTACTTAGGTAAC,505,51.09,Drosophila melanogaster
SEQ_413440,TCCGAGTTACTAATGAATGCGTGCCAAAATTACGTTTCCTTGGAGAGATTGGTTAGGCATACTGACCGAGCACCTATAGCGCCGGTATTGTTTGTGACAGGGGCCCTCCATGGCGGGTATGATAGCTTCCCACTTGGTTTATTACAATCGTAGCGGGGTAACATGTGTACAACGAACAGTGGTTGCAGTGCGGCGTGCACCCACCGCCAAAGCAGCGCCAGATAGTCGCATGTAG,235,51.49,Caenorhabditis elegans
SEQ_977698,GCAATAGTCCCTGTACCGACCTGCATTGCAACCGGTGTGGACCAGACAAACGCGGCGTTGCCTATCCGCTAGTCAATCGACTGGGCCTCAATTAAAGATTCCTTACAAAACAAATACCGGCTAAAAGCGAGAAAAAGACAGCGGTAAACGAGCTCACGGGCAACGTAACCACTGTCACCGATGTGCATGCCGAGTGGTTGCAGACATCCTACTACCCAGAAAATTAACACGGTTAGCCGCGTGAACAGGCATCTGAAGATCGTCTCGTGCCGGGTCGTATTCGGCGGTCTATAGTGACAACGCCGCGACAATGTCTACTTCCACTTTCAGGTTTGGTTGCATCCTCTGGCCAGGATGTTCCAACCTTGGTCTGTAACACAGCGTTCGAGATGAATCCGACACTATCTTCGTACCGGCAGACTCCCGTTGACTTTGGAGGCAGTTGAGTGGCCGGCCTTCAGAGCCTTAGGCACAGTGGTCCGGGGGCGATCTTCAGGAACAATACTAGGAACTCATACTGCGTGTATCGTTACCGTCCAGCGAATATACGTGGATAGGTGGAGCCTTGTTGTCTGAAAGCTTGATTCTTTAGACATGCCCATTCAGGTGAAGCGGGGAATACACGTCAGACCCCGGGTCAAAAACCATACTACACGGTTACATCAAAGCAAATCGGATAGCGAGGATAGCCTATACGTGCCCGGGCAGTGCCACGTCCATCAGTAAACTCACGTTGGTTGGAAAACATATCTTAACCCTCGTCTCACACCGCAGCTGCCTGACTCACTCGGGGGCACTTTCTAATGGTCTTTGTATCTTATCAGCCCACCGGTTCTGTATCGCTCACTACCCTATCCCCTTCGAGAACGTTACTGGCGGCTCTTTTACCACTTACCAGCGAAACCGGCTAACTGTGCTCGTTTGAAACGATTCGCTCCTAGCACACTATCGTTTTAGCTTCCCACAATGCTGGTGGCTATGGTATTAAGTAATAGTTTCGGGCATGGTGCTTTTCCCCGGTTCTCTCGATAACCTGCTAGAGGCATTAATCCGTCGAGGTCAACGGGGGCCACGTGTGTTCCCGAGCGGGGCGATACATCTGGAGAAATCCCGTCTTTCCGATAATTATCATCTTTCAGCCAACACAAGCTGCTAAGTATCCCTTAGTTATTGACAGTGTTAATGGGCAACGACCATGAGAGATTCATGGGGCGCCACATGTCTAAACCATTTTACGCCCACTGGGCTAAGTGTAAATCCAGAGGGCTTCGTCTAACGTACACGAGCCTACGAAGTAATTGGGTACCCCGAATGCGTCGGCATCCCTTAATGCTTCCGGAGCGCTATGACAAGGACACACGCTACACCTGCGTTCTGACCGTTCCTCACGATGGGCAATCTTGTGGAATAGCTCACACTGAAGTGCTGGCGGGTTGACCTGCTCTAGGGTCACCTTGAACGCGGCAGAAAAATAGATCAGCCCGCTGGAGGGTATACGTCTTGAATAGCAGTCCGGTAGCTCCTGACTGGAAGAAAAGTTGAGTTGAACCCCGTAATCGCCGGGATTTTTATTACCGTTAAAAAATTCCTACCGTCCATACTGCTACTAAGGGTTTGATCGCGACCCCCGAGGAGTTGCAGTAGCAAAAGTGAGTGCAAAAATTATGCTGCTAGTTTCATTAAAGGACCGCAATATAGGCTTTATTTCAAATC,1713,50.2,Saccharomyces cerevisiae
SEQ_108244,TGATCTGACTAGTGTGTTGACTGTATGTCCGTTTTACAGTATTGGCCCACACAGCCGCGCTGGATTCGGCGACAGCATGTAGCACAGAAAGTACAACCGTATTTCTAAATGGAATAGCACTCGCGGATAACAACCGACGCGACCGAATAAAGTCTGTAATTGTTTCCAAACAGCTAAGCTCATCGTGCCCGACCGTCTTAACGCCGCGGAGGAATTGGGACCTCTTTGCATCTTACGGACCAGCTGTCATTCAATAGGCAACCTTCTTTGCTCGCCCGAAGTTTCCCGAATTAGCCGCGGGAAAATTCGCCACTCGAAGTACAACAATGCTCTCGTAGCATTCAGTGGCGGCGTTATACCCTGTTGTGCCCCTTCACCTTCTATGAATCGCGATGATCAGTTTACTACGTGATTATTCGTAAGCGAACAAAATAGATGGGCGTAGTCAATCGACTTACGGTTCGGGGATAGCGCCGTGCTTGCTTTGAACGGAACAATCCGGACGGCAGGGAAGAAGGCTCGCGAATCGCCGTCAACGAAGCCTAGGGGCACGGTGCTCCATTGATGCACAGAAACGGACCAATATACCCCAATCACCGTATTCTTTACTACGCTCTAGAAGTAGAATTACACCTATAATTTGGCAGAAGGGCTGTGGTCATACAGTGGAAACCTCGTTGTGGCGATGCGTGTGCCGCAAGCGTGCACTAGCCTCCAAATCTGTTTGAGTGTCGAAGAAATAAAATCTGCTTCCATTCCGTTGAATGTTGGCTGCCGCACCAAGAGTGCGACTTGGCCCCATGGGGGTTGCCTCCGGCACTGATTGAGACAGCGAAGAATGTTGTTGAACCGCTCGTCGTCGACCCGGATTTTGCTCCCTCACTTACACTGATATGTACATTACCTGCCCAGTGAGCGGCACTAAGAGTTTTTGTTCATTGAGTTCATTTTAAAACGCCAGTCTGGGGCATGACCCCGCCTCCGGTACGTGCTATTCAGTACCTGCCACCATACCCCGCGACGTAGGTGTGATAATGTAGTTTGTGTAGGGATAGACTACAACCAATGGTGGTGCAGCTAAGATGATACCCCTATCCCTCCCCAAATTACGTTGAAATTGCGACCTGTTTCTTATGGTCGACAAGAGAGTAGCACCTTTCAACGTCCTGGGACTGGACCCATGACGGACAGCCACGCTCACCCCCTCGTAATACACAATTGTGATACCCCTTATACGAGCGATCACAAGCACTCTTCAGGATTGATTCATCGTGTTATCCACGTACAGAGAGTTTTAAGACTAGCGTCTTAGGATGGACCCCACGTTTATTGCCCATTGTTACGCCAGGAGAATAATTGCTTGGACCAGGGCCCCAGTTTCCAGCGTACATCGGTGTGTGGATACGGGACACGAGAGGGGTA,1422,50.07,Saccharomyces cerevisiae
SEQ_644315,GATAATATGTGTAAACCAAGCGTCCTACCACAAAGACGGAATCAGAGCCAGTCTTGCTTCGGGGCTCCACCGCATTTCGTGGCGACGAAAAAGTTTTGAAAGCCGCTGCGTTTCTTCTAGTGAGTAAATGGACCGCGATGCTAAGTTCCGTATTGAATCAGAACGACCCCCTGGGCCACTAGAATGTCGCCAAAAGATAGTTGTTTACTTATGTGAAGCGTATACCCTCCACTACTAGGATCGTGGATCTCCAGGCGCCCTGGAGTCTCGAGATAGTGCCTTCGTACAACGATCCAAAAGCCGAGTACACGTGAATGGTCAGTAAGCCCCGAAGGGAACAGAAAACTACGATTGGAACCTAGCGACTCCGCATCCATAGAGGCCTGGCCTTCGAGGAGCTGTGTTAATCAATATGCTGCATCGATGATCGTGGAGAATCTCAGACCATGGGAAGGGTCAGGGCGCATCCTGTCTGCTAGACTGCTCTGACTCCCTAGGCTCCGCAAAATAGTCTTCGCCGTTGCCAGTGCTACCTTTTGAACAACTTATCTTACAATCGTTTAGGGCTGTGCTCTGCATGTCTCTGGGAATTCCTGGGCTCAAGTCTTCGGTTCGTATTGCACAATGTCTGGTTGATTAATGCCACTTGTGGAACAATAGGTCTGAACGCTAGGGCAGGGTCAGGATCCAAAGGGGCAGCTACTTCAACCGAAAGCCTTGTCGGCATTCTGAACGGCCTACTCAGGTTAGATAAGCCGCTAGGTAAATGGAATAGACGCTGATAATCCGCTCATAATGGTGTAGACGAAATTGGTTCCGGCCTGAGGGAAAACGCTACTATATGCCTAACGTATTAATCCACAGCGATTTTGAGGAACCGGTTAAAGACTACGTTCTTACAAGGCGCAAAGGTGGAGGCGTAGGTACTGCGAGGAACGGTGACTTATATGTGCACCTACGCGGTATGCAATGGCGGCCCCTCCTTATCACGTCCGCTGCCTCCATCAAGCAAGAGGATGATTGGAGGCGACATAGATCCTGGTATTAGTGCACTCATAAATACTTTGATCCCCGCACCGCTCCGTCCGACAGCTGTCACGGCGGTTTCAACTAGGTTTGCCGCCGGCGGGGAATTGTTTAGGACCAACCATCCACTTGTCTTATTAGGTAGACCGAGGGCCAACGTCATAACTGGGAGTACAACCGGGATGTGTCCTGCAGCTTGTTCTAATAGGCCCTGGCTCTCGGGATTTACTAACGGCCACACCGGAGGGAGAAGGTTATTTACGGGGTCGGTGATGGCATCATATAACGCT,1316,50.61,Arabidopsis thaliana
SEQ_900125,GCGGCTGCGGTGCTCTATGCGTCACTGAGAGATCTGACGGGAGGCCATTTTCGATATTAGCCTAATTTATCTCGCTGTGCCTCCATGGCCCTGAAGACTCGCCCCGTGTTGCCTTTCATAGCGGATCGAACCTGAGACAATACCTTTCGGGCCAATGGTTCAAGGACCTGTAAGCGAGCCGCTGCCAAGTTTAAATCGAATTTTCCCCACGCCAAGCGACATAGCCACTACCGAGGGGTCACAACAAGTAGGGAGGCGTATCATAGACTACATCTTTATTCGCGTGTTCCCAATCCAAAAAGTGCTGAGGCAGTTTTCGCTTGTGATTTTCTGATGCGCTCAAGCTATGTCCTCCCACTGGTAATACGGACTGCACACTTTTCTGGGCAAAACGTGTGCCTACAGCACCTTTATCCGTTTGTTCATCCCATGAGGCCTCAAACGGGGATACCAGGTACGACCTAGTAGCGTCCTGCAGAGTGTGCAGGGTGAATAGTGATCAACTCAATAGCGCTGCTAACCGGCTGTCGCCCCCGCGTGCTAAGAATGATTGTCGTAGACTCACATACAGCCGATGCCGTGAGATAAGGCATCAGGGACGGCCGGAACGTTACCCACACCTCAGTAAGTGTATGACCGCGACTCCCAGTACAAACATACAGGTTACCTATGGACGCTAGTCGGCGGTGCTCAGTTAGCCTGCGGGTCCCAATACGCCTGAAACAGTTCGCACAGTGTGAAGCAAAGTTACATAGCCAACCAAGAGCAACCGTCCCTTTCCCGATACACATCGGGGGGAGATTGTTCCGATTTATAATTGAAGCTACTGGTCGGACAGTCAACATGAGACACCCCAAAAATGACTATAAGAGATCCCGACAATAGAAAGTTGGGTGTTATACGGCGTTTTCCGCGGATCACCTCTATTTTGAACGTGGGCAGCCTCCATATAGGACATCTAGCTAACCAAATGCAGCGTGCGTTCTGCGGCGAATCCAGTAAAATGCTATCTGTGTGCTGGAAGGTAGCAAAAATGAGTTCGTGCTTTCCGGGATTGGGGGTATCCATTAGTGTTTACTGCCTCCCACGGTTTGTAACATATGGACGGTCCCGGCTAACCATTACATCGGGGGTTTTACCCTGGTGCGACAAACGTGTTTCCAAAAAATCGCCCGCTACTCGAAAAACAGTTGCGTCACAGACCGACGTTCTGTCCGCAGCTGCAACAGACACAGCTCCACGGAGCCCAGACCTAAAACATTCGTGTTTCTAGCCAAGTTCTCCCACGAATATTATTAGCCCTGATCAGATCACACGGGATGACATAGTTGTCTCATGGTGAATCGCGCCAATGGCGCATTATGCGCATTCTTCCCGTAAATAGGGGAGTAAGAAGGTATCTCTCCACGTACGAGTGTTACTGAACTACCAACTCTCAATCCCACCCCCAACTGCATAAATGCTTATAAGTACCACTACTATCATTGTCAGGAACGACTACTTTGAAGGACCTGCGACTTTTAGCGACGGGCGCAGTGTTTCCTTGCTCGGGGCTAGTTTTGCAAGAGGCCCCCCAATCACGGCATTAGGAACCAAGTGGTAATAGTGGTTGCACATGTGATAACCAGTGGTGGTAGCACATCGACCCATGAGTGACTTATAGCTGTAAACACTGATTCCGTGTCAAGCTATATAGACAGGCCATGTCCAGGGGGTAAAGAATTTACGTAGCTCGGTTAAGCGAAGGACTAGCATAAAGTGTCTTTCCATCAT,1773,49.8,Mus musculus
SEQ_240066,TCTCTTCTCACCGGCAGGGGAGTAAATGATGGCCCATGACCTCACTCTTCAATGTCTACGTAAGTCATGCCAATACAGGACGTCCGGGAGTAATACACTTGGTGCTATAGTATATGGTGCAAGAATGTGCTTAGAGAGGGAGGGGTGGATAGCCGGTTGATAATCGTCTGACCTTTCCCCCATGCTTCCCTTACGTGTTCGCTGCGTAGAGGCACGCTATCGAGCAGTTCAGAAAATGCTTCGCCTTAGACATTTCGAGACCAACAACAGTCACAAAAGTATGTCCGAAACATAATGCCACAGCTCCGAAATGGATACGAAGTTTGGGAGAGAAATAGTGTACGCCCTGAAAAGGTCCCTAAGGTTACACTTAGAGAGTATTTTCTTGTCAGTCGCATAAACCTACCGCTCTCGGCATATCCGTCCGAGTTATATGGAGGCATCTTAAT,449,47.22,Drosophila melanogaster
SEQ_356014,ATGGACGTGCCAAAACAGCTAGCAGCTCAACCACTTGAACGATGTAGACCCAGCTTCACGTAACACCGCTGTAGAGTGAAAAGTAGGGGTGTACCAATCAACCTGTTTTGACTACCCCGTATACACGAGTCGAGCGTTTTGGGGGCGGAGTAGTCCCTGAAATTAAAGGGGACGAAATCGGCCCCGTAGGGTTACATCGCGGGAGCACGGATGCCCTCCGAATACCCTTAATTACCAGAGTTGTGCCACGGTGAATCCAATACGCTAACTTATGACGTAGAGAATACCGCAAGTGCTAGATCTAAATTACTGTACCAGCAGCTTATTCTATCGCATACAGGCGATCACGCTCCTTGTCCACCGTTTACTTCATTTTTAGGAGTAGGTCAGCACCAATGGGCGGCGTCCTGTGGCCGACCGACCTACAGTGGTCCAGTTCATACACGAATGTTCCGCTCAGCGGAGCACTCGGGCAAGCCGCAGATTTCCTGCCATGCACAAAGTAGCTCAGTGGTAGTTAAACTCACAACAAGACTCGTCGACGTTCACGTCTAATCGCAGTGGCCTCTATGCCGCTGGTCATTAGATGTAAGCTGGGAATCCAGCTTAGTAAAGCTGGTTGCAATCGAGTGGTGGGCCCTAGTGGGCCCGTGATTGTTGATTCACGATGTTAGGCTGGAGAGCGATCACCCTATTGGGAAGGGGTAACTAGCAAGCCGGTCACGGGAATCAGGTTTCCTGGCACATTCCAAGTGTGACTACAGATCTTTGCGTTATCGTAACTAGGCCTTGCGTGAGTAACGGGCACGAAGAAGAAGTTGCCTTACGCTAACATGTCGTGTCCGTGCGCTTACCGGACGCTCTGACCTTTGTCAGGACCAAGAACCTCTAACTACAGGGCGATTCTGCCCCTCTGCGGGTTCCGCACATCTCGAGGGTATTACGCGCCGCTCACCATTTGTTCGCAAGCGAACCGGTCACGACCGATACCTCAAGCGTCCTAGGTACGCGTCGGGTACATCCTCTCAAGCTTGCTCGCGGCCTGGAACGCATGATAAGGATTATACCTGCTACTTCCGCTCGTAATACGGAGGGTTAGTAGCTAGATCGGCCGTCCCAAACAATTGATCTTACCAGTGCCAGAAGTACTTGAAAACCCATGAAACGCCACATGAGTGCGCATTTATCACATATCCCACAGGAAGTCCGCGATAGGATCAAATACAAATAATGCACGTAGACCGGACTTGAATGGAATCTTCCCCGGTTTACGTTTTATTGTGTGCTGTAACCCACTAGGGAGTTCACACAACTTGTGCGTCGCAGCATCCAACTTCATCATTATCATGCCTGTCGATGACGGCGGGCATCTGCCCTCTGTGGGTCGCGGGTTCCCCCCAGTTCGCTGATATCACCCAGACAACTCATCGGATCCTGGCATCGTGGGCAATTCGTCTTGCCGTGTGGGAACTTAACCTAAGCTAACGGGCCATTGACCTTTCCACTTAATGTTATCTCATTCAGTGGTATGGACTGCC,1538,51.56,Mus musculus
SEQ_297480,ACTAAAATATACGAGCTAGTACTAGTACAAAGCATATATGTAGAAGCTAACGGCGTTCATCCGGAAAGTCCCCTTAGTGCTGCAGTTTGTAGCAGTAATAGTGGCTTGATTATGATTCGAAATATCTTAAGATTTCATACACTCTCGAACATATCTCGAGTTAGGGGAGTGGTGTTAGTCAGGCCGGAGGCTCAGACCACACCTAATCGACTGCACATGCTGGTAATCTAGATTACGCCCTGTATCCGAAATCTCATTAATTGAGGATAAGGCTCTGCCGCCCCTTATCGGCACAGCGAGATCGCCGGTGGACGCGTGGCACCCGGCTCCCAGACTGGGCAAGCCGGGTTCTTTCCACTGCCAATCTCGCCTATTTTAGGCGCTAACGAGTAATGGCCTTCTCAGACTGTCAGTAGGTAGTCGTCGTTTTACGCGTCACTCGTTGTTCCCTTGCTAATTCAACGTGACGAATGAGACGGTCAGTACCTGATCCCGTTCATAAAAGACTGATGGCGCACACTTAATATCAGATATGTTTCCATACACGATTTGACAAAATGTTATCACCAAGTGCCACACGCCCGCACTGAAACAAATGGGTTGGCGAGGCCAACAATTGGGGCAATGTATGGCATGCTCCCAAGTGTACGTGTTAGTATTTACGCCCCACATAAGGCACCTGATTAGAGGCTTACAAACTAGTATGAGCTTCTCCTTCGGTTGAGCTTCACGCAATTTTTGACCTCGCCCGATTTCGTAAGTGAGGACATGCCGTATATCCTTATCCTAGTACAAGACTTGCAAGCTGATCCTCAAGTCACTGCTATTCAGCAGGTTGAGACTCAAAATGTTAAGGGGTGCAACTCGATATGACTAAAGCGTACGGCTGAAACAACGCCATAATGCGCCGGAGCACGAGTCATCAGCTTAAAGTCGATTGCGAATTATACGGTCTCTGCAAGTGTTCGAGTTCTAATGTTTACAATCGTTGGGATCACCTCGTTAACTAGGCACTTTCCCGGTCAAGCACCTACTCGAGTATTAATAGTATCTTAGATGGAAGCCATCGGGTGATGGGAGTTTTCGCTCCGCCGAGCTTATAGTCCTGTTCATATTGTTGTGAGTAAAATAAGGAGAGGAACGTTAATTCGGTTTGTTACTCGGATGCTGCAATTCCAAGAATTGTGGTCCGTTCTGCTGCTGAAAGAGTGTCCTAGAGTAGCTAGTGTGGTAGTA,1236,46.6,Homo sapiens
SEQ_685053,TCGGATGGGAACCCAGTTCGCTACGGTTTGATCGCCACGCCTCACGGTCCGGACACGGTCGTGACAGTATCTTTTGGACAGAACACCCTCGGATTCGCAAAGTGAGGTCGCTTTTCGCGCAAAGCGCTGCGTCGCCAAATACACTATGGGAGCTTGCACAGACGGGCTCAAGCCAATGGCACGAGCCAAAGAACTTCGTACCCTGGTTAGAACTACCCGCTCAATCTTTTCTTCCCACCTTCGCCGCCTACTCATGCATTGGTCTGTTGCTCCACGCAAAAGAAAAGCCTATTTCATTGGTTTCTT,306,52.94,Escherichia coli
SEQ_681885,TCAGTATCTTCTCTGTCTTGCTCCTCCCCCACTGCTTAGGCTAGGGATGGATTTCGAAACGTACTTAGCTTTACCTCCGAAGGTGTGCCAAGCTCGTTTGCATCGGAGGCACAATTGAATGCGCTAAAGTTGCGCGAACCAGGCTGGCCCTGCTATCGTCCCGCCTGCTATCGTCGGACGTGGGTTATGTAAGCCGGCGAGGACACTCGAGCACCTACTACAGCGGTATTATTGTTCAATAGTTATCAGAACATCGCGCCTACCTGCATCCTTATATTTCGTATTAGCTAATGATTAATGCCCGGAGATGGCAGTCTCTAGATTCTCGGCCCGGCAGGGCCTTGCTTTGAACGCAACGCGGCGTCAAGCGGTAAATGCTACATCCAGGACTGGCTCCGGGTTCTGTTTACTTTTAGCTCGGGCCTTTTCTAACCTCACTTGCTCGCACACGTATATTTGACTCTTCTGTGGCGATTGTGACAGAGCCTTTTAAGTCGTTTAATGTGTGGAATATAAGGT,519,50.1,Drosophila melanogaster
SEQ_267234,TCCTGTTTGCTTATCTGTTTTTATCCAGTGGTCAAGCCGGTGATTTACACCTCCTGATGAGTACGAGAAGTATATCGTCCGCATGTCAGCCCTGGGTACAGGAATGGAAATGAAGGTCACTCTCGCTCCCCTGACGGGCATTTAGTTTAACTGTCCTTGGGTCCACCGGACGTCATCCGAAACATTTCTGAGTCAGTTATCGACTGGGGGTTGGCAGTTAACCGACCTCGCTCTTAAATTACTGATGCAACAAGAGTGCTTGTGGGGAGCCACGGTGGTCCGAGCTAGGGACGAATACTCGACGTATTAAAGATGTTCGATCAAGACGAGGCGAAGTACTATAACACCATGCCCAGATTAATGCCAGGTTGACGTCGGGCGAGTCCGGGGGCAGCATCGCCCATAAAACCCGTTGATAGGCCTCAACCCATGGGCCACCCCAAAAGTTAGCCGCATACTTCGGAAGCCTAGAAAGAAACTTGTCCATCCAGCTAACGAGCCCTCTTATGCAGAATCGTGACCGATCTGGAGATAGTTCTCTTTGTATGAGTGATCAACTTGACTTTGCCGCGTTAAGAGTCAGTACGTAAAAGTGC,596,49.83,Escherichia coli
SEQ_889063,CAGGGGAAGTGACACCTCGGTAGAAGACTACCGCAAGTGAATTGTGGAAGCAAATCACAAGCTCTGCGACCCGCCGCCCGAACTTAGCTCACATAAAGCTACAAAGGTATAACTACCGTCTGCTCGTAATTGTTACGCAAAGTAAGAACGTACATCTGCATTAGCAGATTGGTGTCTGGATCTTCAGTGCCGCAGACATTCATATGGTACCCACTAGGTGCGTGAATATAAATACAAGCGGAATTCATGCTTGGTTCTGGTTGGGACGTTCAGTCTGGTGCGTGTACGGCGATGATAGATTGATACGCAGGGCACATATTAGGGACAAAGGACATGCTGGTGAACTTATTGCATTCAATTTTAATACCGGCGCCGCCCGGAACGCATCAAGTACACCTTTAATGTGAACCAATTTTGCGTGACATACGGTATTCTGCCATCATACGCTGTGCACGCGCTGTCGATTTTTCGTAGCTTCCGTACCTCGGTGCGATTACGAAACGATCGGCGGATAGGGGAATATTATAAGGACCTCGAGTATCGCTAAGCCTGAGTGCAGACTGAACAAAGGGAGGTACGATGTGGTTCTCACAGCGCGACCTTGCTTTCGAAACGGGCTGAGCTCCTACGCCGGATAAATCGCTGTGGTGCGAGTGGCCTGAATAGTCATACGAGGGCGTAGGTACTTTTATGGCCAGCAATCGTTACTATCAGTAGTATCAATGAACACGAGACTTAAGCAGAAGCCGAGAGTCGAGTCATCCTCTACATAATCAACATAAACATTCGTACTACCCCTGACGGTCTCGCATCGAGTGGCCGATTCATGTGGATTAAATGGTTTCCAAGAACTGCTTAATAGTCCCTATAGCACCTGCGAACGTCATATACGTGGTACGGGGGCGGCTTCAGCCATAGGGGTTCTGGACGTTATCCCGTCACGCCAGCCTAATCGCATTATCGAGTGAGGCCACTGAATCGTACATCGACCTGAGGAACACGTCGTTCTCATGCGAGCCAAAAGAGTGAATGATGCCCTTGAGCGCGTCGCATATATATATCCTTAAGACATCGAGCCAGAACTACAAGTAGTAAAATGTAAGATAGTCAGCTGCTGAACTAAGGCTTATATTGGCTCGAGGGGGATGTTTTTGAGGAGTAGCATCCTTCGTCGAGCGGGGGATCTACTCGGCGTAGCCATCCCCCAAGAGAGCGTCCCTTTACACAACCTTCAAACACTCACCATAGAAATTCGAGAACTCAGCGTAGTGTTACGGTAATTAGTAGCGGAGCACATAACACGGAGTTTATCACTCTCCGTTGTGGCGGAACTGGGGGCGATTAGTCATGTTAAGTATTAGTATATGTACGGGCATCTCGGCTTATACACTCTCTTAACCTTTGATTAACGAAGAGGATTACGGTCACAAATAAGCTAGCAATTGAAACGCCCAAGTGATCCTAGTGGTACTTTGAGGAATGTCAGATGCAGTGGCCTCCGCTAGCAATTATTCCTCCCAGACACGCATGATACCTAGCAAACGCAAAATAGAAGGTATAGACCGGGAGATCTTTCCACGACTCGCTATGGGAGTTAATTCTTCTCGCTGACGGGGGAGAGCGTATGCCCTGGTGATGTACTAATCCAAATAAATGACCGTACCGCGGTATGTATCGCCGCAATCTAACAGTAAAGGTGTGTTGGTTAACCATCAATATGAACGCACAAGGATACTTACGTCGATGGTTATGACCCCGTGAATCGGGACTGTAAAAGCACGATGATATACGTTTACGCATATGTTCGTTTTAAGTGCACGCTCTAGGGTTTTGTGCGTGTGTTTCCAAACAATTAATACACATAAATGCGTTGCATGGTTCGACCACAATTTTAGGAGGGTCGTTCCGCGATGCGCTGAAGAAGTCAC,1928,47.51,Mus musculus
SEQ_881210,CGGTCTGTAACCAACGCGGGAGCCAGTCACTTGGCTTGTCTTAGCTTGAGCCAACTTCCACGGCGCTAGCAGCAAAACCCCCGCCGCAAACGATGTCTCAACCCGTGCCATATCGATCGAGGTTGACGACCCCGGACAAGTGGCGAGATGAATAACTTGGAACAGGGCGCTCTTGGTGACACGCAAGTCCGGGAGACCAAATCCAGAAAGAGCTTGCCGGTGGGGACATTGCGTGAGCACAGATACGATTTTGCTGACGACGGTATTTACGACATAACCCATGATGGGCAAATTCTACTTTGCTCCCACACAGGTCCTAGCAATTCATCCTAGACTTCCCTGCCGTGTCTAGATCCCGCTTCCGCACACGTCGGGCACGCATAGCTCTCGCCCAGTTTTCGTTCAGGCTGTTCAGCGGTTTGATATCTTTATACCCGGATCACAGATTCATGGTGGCTGTGTGTGTGTGCCGCTCGTCGCATAAAAATCAGGAAGTGGCTCGCATGTATCTTCGGAGGGTAAAGGAGATGTCGTTGACTCTGAGAGTAGAAATTGACCGGATTACCTCTTTCGTCCAGCCGTTACGACCCT,591,53.13,Escherichia coli
SEQ_736254,GCTCGCGCGGCTGGGTAGCCATCCTCCAGCATCCTCTTACGATTACGGTGACCCGAGGTTGTCAGTATACAGCTTGCCCGCACGGGTGGTCGTCTGCGGCACCCGTGCCTTGTTATCAGCAGCTCGCTGTACCCTTTTCAAGCAGGACAAGGGCACTAGATAGGCAAGGAGTTCTCACCCGATGAGTGGGTTCTGGGAGCCCCAGGGGCCAGCCAATATATGCGCCACCAAACGCTATCAGAGACTTTGCATCGTGAGCGCCATTGAACTGCTGGGGCTTCTTAGTGGCCGCGGCGTCCCGCCCTTGATCGCGTTAGATAATCGTAAGAGAGATCCGTAGTATACTCGTTCCATCAAAGAGATGCTAGGCGTGAATCGTTTAACCACGTCCGCTTCTCGATTCCAATTGGCGCAAGCAGTTTACTGACTTTCCCCGAAGACCACACCCTGTGGAGTCCCGTGCAAGGAGTAGTAAACAGTGCGAGTGTATTAAGTTAGCATTATTGGCTGTGACTACGCGACTTATCTCCCCCTCCCCACTAAACATCGTTTCCCTATCCACGCGTCAGGCAAAGGCTTCGTCTCCTGCTTGTACTGTATTTA,603,53.9,Saccharomyces cerevisiae
SEQ_558688,GCGAATAATGGTAAAACACGACAAAAGAGGTCGCCTGAGTCCCAACACTTTCTTTCACGAGCAGCTTTGTTAACTCACGTAAAGAAGGTACAGAGGCTTTGTGCGAATATGGGAGACTCGCGATCAAGTTGCAGGGTTTCACGATTGATTTCCAGCCCTGAAACGATAGTTAATCCCTGTGGACAGTGTGTGGGATGCTCTTGTTACCGAGTCGGCGGTCCGTTTTCCGCGACTCCCTTTCTCGTTGATGCTTCGCTCTTTTGACCTAAGGGTGAGATTAGCGGACTCGACCTGATAAAAGAACTTGATTCGACGACCAGAAGAACACAGCGGCGCGCAGGTAGACATTAGAATGGCTAACACTTGAGTGCGTCTGCAAGGTGGTTTTCGAACGCAGTCCCGTCCCCGATAAACCAAAAATAGAATCACCTCATCTGTAAACGCATATGTTACCTTTTCAAGTAAATAGAAGCCCTCGGTTTCGTTGGATCTCACCAAGTCAGATCGCACAGGGTGGTTATTTCCCGATTCCTTACGAAAGGTATCTGTGGGCCCAGGGAATAGAAGGACGATAGCTGATTCGTTCGATCAAGAATTCTGGGAGATCCAGGACCCAAAACATCCTATATGCTACCCGCTTTCACGAAGGTTGTTCATCTGAGTTCTAAGTGGGGATACCCTTGCATACCGATCATGAGATGTGGTCTAGTGTACAGTTCAGTCTCAAATCGGAGCACGACTAATTATCCCTACAGACACAAGACACACCTTTTAGCTCTTAGTGGTACAAGCGCCCCTAATAAACGCAATCAGCTGCAATCCGCTACGAGGGTCATTCTTAAAAAATAGCGAAGCCTACGAATGGGAAGACTACGAGCTGCAGTACGTCATGGTTCAATCTGGACCGCAGTCTAAGCGTGCGAATAGCTTTTCCGATGAAACCTATCCTTACTCGGTCCGTCGTACGGCTCCGCGAGCACGGCCCCTGACAGAACCTGAGGGCCACTGGACTTCTTAAGGGCTTCCGACGCCAGATGGTCCGAGCTGGTATTTGCACCGTTGCGGAGGAGCATCTACTACAACCATTCGGGGCAAGGGGTCGGATGACGAAGAACCGTGGGCGATACGACACGGCAGAGGCGGCACGCCAGGACTATCATTACGCGATAATAAGTCGAAAAAAGCTATGAACGACGTGCGAGAAGGGTGAACGCCGCTCGGGATCACCTAAAACTTCTGACTGTACGAAACCTCGCCCTAAATCATACAAAGCTAGCGGTGCTGGTTCAGAAACTAATCAGCAGAAGTAGGCATTGGTAGACCTATCTGAGGGCGGCTGTGAGGTCTGTTCTCCCATGTGCCCAGCTTACGATAATATATTAGCAGTCTACGTGCCAACGCTGCTGGTAATGTCCGGCTCCACATATAAGCATCACTCCACGGCTGCGCCCTCTCCATCACCCGGT,1466,50.0,Caenorhabditis elegans
SEQ_492065,GCGTTGCAGAACTACACCGGTAGCATATTTGAGCGGCACCGGATCAAGTGTTGTTGCCATGTGGATACCGATAAAGTTGGACCCCAGGGAACAACGCCGGGGGCTCACTCAGGGGCCCAGAATTGCGGTTGTTAATGCCCTATCCGCGGGTTACACGGTGCCGCGAGGATCTCGCTTGTGAGAAGTCCCGGGTGCTATCGTTACGGTGAGCCGCCCCAAATGTCGCCATATACTGTAAACAGCCCCTGAGGAGAAGAGACACGTAGATGTCCGTCAGCTATACAAACCCACAAACGTCTTGGGACCAGGACTGAGGCACCGTCTTCGCAGGAAAAGCAGGAATCAGGCTTCATAGGACGTATCCCTGTGTAGAGGCTCCTCATGTTAAATTAGATTCCGGCTAATGGCCAAGATGGAAGGCGGCATCCTGTATCCAACACATGCGTCGTGGTCCGGTTACTCGAAAATTCGGCACTATTTCTAGTCTATTCACAGACCAAAGCTCACCACATGGCCCGCTCTCTCTCCGAGATGTCTAGCATTGAACAATGATCGCCGCGACCCTGTAGCATAGGGACAGGAGAGCTGAGGTGGAATGGAAACATTAAACTTTTTCCTGACAGTCTACTGGTCCGGCAGGAGAGAGCAAAGTGTCGACCCTACAGACGGCGAGTCAGCATGTTATATCCGATTTGGTGCAGGTCCGGTGCTGGGGCGCTTTGACATTTACGAGGGATACGCTAAGAGCATGTCACACTCGCGTCCCGCTGGCAAACAGATATACCGACTCAATACGGACTAGTATGTATGCATGAGAGTCTATTTATACTGGGGACTCATGGCGACTACCTACGCGTACTCTTTATTCTCCATTAACTCGTGGGCATTCCTGTCTGGCATCCCGTTCGGCGCGCTAGCATAGGCGCTTGATGCGAGCTAACCGATTTTCATAGTACAGTCTTCTCCGATTTCATAGAGGCCGATCGCGTCTCCTCAGGATAGAGGTAGCATCAGGTCGCCCATAGCATTAGACCGGAAACTGTCCGTTGGGCAAGTACGCTGATCTACGCTGTACGAGTACTGTTACTTTAATGCGTAAGTTATTTTCGATCTTTGTCTGTACACCGTTTAGTCTTAATCAGTAGTCCGCGACCTGCAATAATCAACAGTCCATGGAATTATTGCGGCGGCTGCGAGGGAGGCGTAATATTCGAAACAAACACCGCTAAACGGGGTGAATCATCGGTGGGCCTCGGCAACATACTCCGTCCTGCAACTTTAGGCAGGAGTCCTTGATCTCCATACAACAAAGGTGGACGAGGGCGATGACCCGACGTTACATAGTCCAAAAGGACCTACGCTGAAACCGGGCTGGGAGACCACTCGATTGATCTATCAAGATCATTTCGGTGGTGCAGGCAGAGGTGTCATCGAGGTGCCTGTGTTTCGTCCCGTGCGATTGGCTTTCCAACGCTTTCGCCCTGATCCTTCTCTCTCCCTGGTTGCCGCCCCCCATTACGGTCACCGATGTAATTGTATTGAGGGTCTGACAATCTCGATGTACTACATCCCCCTGCAATCACCAAGCATGAATTGAT,1598,51.63,Escherichia coli
SEQ_752558,CCCCCATGGATACTGCTGCTACCCTGCAGATGCACCCGACGCGAACCCATGAAGGGGCCAATTTACAGAATATCATTCCCCAACCTATACTGTGACTCTTGGGCCAATTCTAGTAGAATGACAGAGGTTCCATATGAATTCACCGTTACCGTAAAATGTCCTAATTATGCGACAACTGCACGTAAGTAGTCACATGTCTGATCCATGCCGGTAGATGAAAAAAGTTCATACCTGGCCAACAAACATACCGTAGGTACAGGACTCTACAGACCAGTTCTGTGCGGTTGCTGGAATTTTCAAGGGATCCTTTGCAGGGAGATCGAAAACTGCAGGTTCTTAGCATTCTCATTTTAACATAGGAATCGATATTGCGGCGGAGATATGTCCCTATTTTGTCAGGCTAGAATAGTCAGTACCGTTTATTTGGCTACGCTCCACTAGGACGACATTCAATGTTTCAATAGTCATCTCGCGATCGGTGGAAGCAATTGATAT,495,45.05,Homo sapiens
SEQ_497886,ATCGAATTACGGTAATATAAAAGGTGCCGTTAGAGAAGTCTGATGTCGATACGGTAGCAATCTTAAGCCAATGTCCCAGGTTACTCTGTCCTTCGCACCCTAAGTGCTAGGATAGTCCCCACCTAATTATGGCGACAAAGTAAAGAGACCCCATCGAGGGGCACGCTTCGCGGGCCGTAAGTTTGCCCAATCTGTTTTTGCCTACTAGACGCTCTAAACTCGCGGCAGCGCGCCCCAATGCAGAAAGCACT,251,50.2,Homo sapiens
SEQ_337543,CTTGGTCCAACAGTATCCAACTAACGCAGATTGATTGTTTCCTGTAAACTGGTATTCGTCGACCCCTAACCCTTCCGATCAGTTCAGAAGACTCCACTAGCTGCAGCCGCTGAATCACCGGGCATCCTGCTGGGTCGCCTTCTAGGGGGCACGAATATGGGTTGTATGCCTGAATGGGGACGAACTTGGCTGCAGATGCAGAATTCTGGGGTCTTGGGTTACGGCTTAGGGTCTTCCACGCCGGTTA,247,53.04,Mus musculus
SEQ_365279,CTCTCTAGGCCTTATTGGGGAACGCTCCACATGTGAATTTCCTGAATCGTTGGTGTGAAGGGTGCCTTACCGGGGCGTTGACGGTTCCGGTAATATGATCTGCTTCCAGTCCCGGACGAGCCGTCCGGTGGGCTAGAATGGGGCGAGCTCCATTGCCCTGTGAAATCTGGGTTGCTTTCCCAAAAAGTCACGAATTCGGACCGCGGCACGCACAGTACCGCGGCTTACCGCCCCGAAGGGATATTGAAGAAGATTCAGGGTACTTCCGTTTAACAACGGTTTGGCTGGGGAATGACCACACCTGCACAAGCAAGGAAAGAAGTGCTCCGAAATAAAGCACCACATATCAGCTGATGAAAACATGCATAGCCAAGCGCGGAATCGTCTGAGTAGTTTGCGGATCGTTCCTGTAAGAGCGGCCCGTGCATTTTTCTTCCGCAACTTAGAGCTTTTGTTTGTCTTACTTTGCTATAAATCTGCGCTGGTTAGCCCGATCGTTCCTCGGGCTCCGTCCTATATTTGAACTGCGGAATCGCGCAGGGTCAGTGTTTAAGATAACCGATTCTACCCATCGACCGTCGTCGGCTAAGGCGGTCCTTGTTTTGCGCGCGAAACTGTCTC,621,52.33,Homo sapiens
SEQ_184191,TATCGCCGCGACCCAGGGTTCCTTGGGTTCTTCCGCCGCTCGTTTGTCGTGTGGTCGTGGCGGTCCGTTGATCCTTGCTACAAGGTGCAACCTGAAAATGCCGGACTACGTAGGGTTCAAGGTCTAGCTTTGCTGATGGGGTGTATACAGTGGGTTGCGATTACGCATCATAATACCAGCGCTGGAGAGTTAACGGATGGTAACTTAAAATACTGTCTTATAAAAAAGTGGCAGGGTCTATGCAAAATTTATTAACTCCTTTTCACACCTACATTAAAGGCGACCCTTTTAGCAATAGAGGGTCTGGCCTTGCTGCCTCGAGGCAAAACGATGTACCTCCCCGAAGAGGAGTAAGACCGGTCTTCATGCTAAAGGATGTAAGTTCAAGCGTAAACAACACCCAGGAAGCTCACCATTCACAAGCGGAATACTCGCTCCTGGCTGTTTGCGAAGCACCGGGACGCCGGAAGCAGTCTGGGCGGTAATGCGGACGGGATCTAATGCTTTGGATCGCCTCCTCGGTACCTGTTTGTAGATACGCTTGACAGGGCGGCATATCCTGCACCTTCCGACACAGTTTTTATTTCGACTGAAAAGCGACTCACGTCTAGTCCAATTATAATCTGCGCGTCTGCCCCATTGACAACATTCCGGGGTGCACTTTGTTGCGATCCCTCTATCATATCTCTTGTAAGATTTTATTCGTAGGGGCACTCTTGCTTCGTTGCTAGAATCAGCTCTCTATGTTGAATCGTGCTCCGCTCGCCAGCCGTGTGTAATGAGCTGCTGAATCATTGTGGTTCCTTAGGAAGGCCAGACAGCGCCACCCGCTGGGCTGCATCTAAGTTAGTCTTGTTACTGCGATCCTGGATAGATTATTAGCCCAACTTACTTTCTAAATCATTTAACAGAGACCTACACTCTCAGTCCAGTGAATGAGGTCTAGGCGTGATGTCGTTATACGGAAATCAGAAATCTTGAACGTAAGTGGACACAGTGGGACATTCTAGCGCGTTGGAGATACCGTGACGAACTGAAGGCGTAAGCCTTCTCTTGGTCCCCCTGCCTGGTGACTCAAGAGAACCTTAGTAGACCATGAGCTGGCAATACCAACAAGTAACTCTCGCATGCGGTCATCTTGATATCCCTCAGTGATCGTGAGCACAGCTCATCCACGCCCGCGCGTCACGACTTTCATTTATGTGACTCATGAAAAAGATGGGTGTTACATCATTCACTCAGAGTACCAAAAATCCTTCCAGCAAGACTATGTCGGAGCATCATCTACTTAGTGATAAGGCCACCGCTTTACCTGTCAGTGGCCAGTAGTTGACAGGTTGTACACGTAATTGTCCGTGGCTTCGATTCCCCGTATATATGTGAACTCGTGGCGTTGTTTTGATGACTCGGCCCTCAACATCCTTAACCGCCGAGCACGCTGTCGGAGTGCCTGCACACTGACGTGATTCCAAACGCGTATCTCGTGGCGCGCCGAAAACCCCCAGGGAGGTGACACATTTCGTTAAAAGATCTGACCACTTTGTAAGTATTTGAGT,1556,49.23,Saccharomyces cerevisiae
SEQ_891461,CAGTAAGCTTCGGGACGTGCCTGGATTGCCTGTCCCCAGTCGGCCTTAACGTCCCAGTCGGCCAGAACAAGTGCCATTGATCAAGGTAATCTCAATATCATCAGCAAAGGGCGGTGCCAACTATCAAGACCCCTCCATCAATATAGTTCTGATAGAGGGGCTAACCCCGAATGTAACTCTCCTTTTGGGCGCATGGACGACAACTTATTTTTTGCACTAGGGAAAGTGAAGTAGTGGTGTGCCAATAACGACGGCCGACGTGTATAAGGTCTGGACCGGGAGCGACGTCGATCCTGGACGATACGACCCTTTTTTGGACCCGACGCCAATGTTTTCTTCAGACTCTGGACAAACTCCACAGATGACCGGACGGTCGTTAAGCTACCGATAAGCTGCATAACAGGGCAAGAGCGCGATAGGGGGGGATAATACCGCTAAGTTTGTCGTGACTGATGAGAGACAAACTGTCAGCATGATTCTAGCTAGAAGGGTCTATTGCGTATTCTAATTGGCATGTATCGGCCCCTGGCGTTGTCTAACACTCAGCTCGGTAGCCAACTGCACGTGGGTCGCGCGTGCACGAAGTTATATTGAGCACCGCGTGTTTGACCAGAACGTATCGGGCATATAAGACCCACCATGAGAATCCCTCGGATTGCCGCTGCCTACAAACATAACAACTTGGTCTCGTCCGCGCAGCAGATGATTATGATCTTATCTCGGTTTGTAATGGCGCAGAACTCATCGGCAAGAACCGATATTGGCGTTAATTTGTGGAAAGTTTAGCGCCATAGTCGATCGTATTAGGGCGTACAACCACCGTAACTTGCATCCGATCGATGGCACATTGCATGCAGCCAATCTTCTGCTGAAGAACGATATTGCGCCCATCCTCGATAACGGCATATGACACACAGACCGCGCTATCATTTCAGGACAACGCCCGTTGCTCATGAGACTGTCCAAGGTCCGTAGCTGTATAAGCACTCCCACGACTCTGGCTGAGACTATTGTAATAAGTTCCCTATAATCTACTGAACCGTATAAGGCGATCAGGCGCGTACGGCACCGCAAGTGGAGGAAGCTCCGAGTACTTAACTTCACACGCGTGACCCAGTACGATACTCTCTCTTCGAACTTCGCATCTTGGGCTGCTCTAGTAGTATTCAAGAACATGAGGTTGACAGGTCAACTGCGGACGTGAGACCCCGAGGACGTCGGCTTAGTCAGCTGGGCTCTCACGCCCATCTCATCTCCCATTATACATTCTTAGGGAGCTATCTCTCGTTCGCCGGACTCGTAGCCCATATTCGGTGTTGTTTTTCCAGTATGATGGCGCCTAATACTAGGCATAACCTATCAGATCGCGCGTTCATTTAACCAACCGGCTTGAATGTGACGCTGGCCTGCCGTAGTGTATCGGTAAATAGAGCATGACGCTTCACCCTTTGTGTCTGGAATCTAAGCGACTCCCAACTGTTGATGTGACACTTACCCCATAAGATAAGCACTTTTCGTGGCCGCCCCAGGTTGGGGTCCCAAGTCTTCTCCGTCATGCTCCTATCAGTACTAC,1573,50.54,Homo sapiens
SEQ_195583,CTGCAGGTCCGGCGGCGTGCAGGGTAGACAGTATTCTCCTGTTAGTTAGTCTCTCGTTCAGCGCTACTCGATACGAGCGTAAGTAGCGGCCTCTGCTACCTAAGCAGCGTATCGTTATTGAAACAAAGCGCGGCAACTCGCGTACCGCGTTAGGCGACGAAGAGAAGTACGCAGCAAAGCCACATATTGACGTGGAGTGGGCATTGTATCGGTGAATAAGCGCGCTCGTATGTAGCGCGCCTGGCATATCCCTGTTAAGTCCAAATCTGGTGCCTCCTTAGTAGGGTGTTTGTTCGTCGGCGTGGTGAGCATGACTTATGCAACTAAGCAATCGAGAGTTCAAAACACGCTGGTTTGTTCGTTGTTATCTAGGTATTGTATAAAAAGGCAAAGTGATGAGCTACTCACATATTCGTTCTGTAATCCCGGTACGATCCTTGACAGTTCTTATTGCCCATAAGTTGCTGTCCAGGC,474,49.58,Saccharomyces cerevisiae
SEQ_357997,AACTCTCCAAGGATCCCTAGTTAGTCCTTACATGCCCCATATAATACAGGTCCGGCCCATGTTCTTGCCCGTAAACATGCTAGTGGTATCTAGGCTACAGGACGAAGTAGCGTAGGGATTCGCTGCGAGTTCGGTTAGCCCCGCCCCCTGGACCATCACATTTGGCATCAGACGACTGCCGGGAAGTGGCGCTGTGTGAAACTCGTATTCCGCATTTATCTGTGCGGTGCATTTGACCCTCTCTTAACAGTTTCCTGACCTGTAGACGGGTATAACGGGCAGCATCCGGCGGGTTACTTGTCGTACTACCGGAGCCTACCCCCGTACGGAGAAGTAAAACCTCACGGATGTTAAAACCCCGTGAAGCTCCGCCGCAACCCGCCGTGGGCTTGGACCAACGGGTCAATGCCAGAGCCTAGGCCCGATCACACGGGCTGCGGGCAATGGCTCACAAGCTAAAGCCGGAGCGTCGGGTAGTGAAGTTCTACGGCGCAGGAGAGCTGAGACATTCGAGCTCCTATATTATTATCGGGATTGACGTATGTATTAGAGGAATCAATTACACACTCTCACATGATATAGAAGCCGTTACTCCCCCTTGGATGACGACATGCCCTAGACCCGTCGTACCTGTGTAGGAGAAGTTCCCAAATCACTGCTCGATGGTTGTGCAATTGGTGGGCTATGTAGCCCGTTACGTGGCTACTACCCGACCTTCTCGAACGGGAGCGACGTTGAGGGTTGGGCGACGCACTAAGGAGTTTGTAATCAATGGCGGAGAGCCAGGGCCCCCAGAGCGCAACGCTGTAGTTTGTGCCGCCCCCCGGAACGTCGTTATAGCCCTCTTCAGTCACTGGATGAAGCAACCTTCATAGCTGAATGTTTCTTGTATTTTTGACCACGCCAAACCGGGGAGGCCTACTGATCGGTAGAATCCAACTGACGGGACGTGATCCGGAAACAAACGTACTGCTGGATAACTGGTCGAAGTTTTAACATGACCAAGGGCCCAACAGCACTAAATTATCGTGTTTGATAAAGAGCCTGGCATTTTGAATTGGACAAGCATCTGGGTCCTCCAAGTCTCGGGCAGGGTTTCTTTATGCTCTAATACGAACGGCGGTCTTAACCGGGCTGTAAATAAGGGGGTAAAACTTGCAACACGCAAGTCTTTCAATAAAATCGGCCTGGCGAAGCCCGGCCGGTACATACCGAGAGAACCGTTAACGCAGCTGACAAGACCGCGTTTTGGCCTTAAGCCACTGGTTAGCGACGATAAGTCAGAGGCACTGACTCTGTGGTACTGAACGATCAACCATTGTGCTAAGGGACTACTGTAGTATCGCTCTCTGGCTAACCGGACATCGCATTAAAACTTGGGCTGGGAACATGATGAGAATCTCACGTCCGGTCCCCCCGGTTTTAAATCGAAGAGGTAGCAGCACACTGGTTTGATGTCGGACGATGATCAGTGTCCCGACGGTGGTGTGACCCGGGAGCCGTACATCGAAAGCTCATGGAAACGGAGTAGAGACCGCGATTCATAATAGGCACAATGATGTACAGCTCGCCTGCGTGACGGGAAATCGATCCGTTCGAGTCAACACCGAAGTCCTAATCTAGTCGGCCTCCTAAATGAAGACTTGGAAATTATGGTTTAGCAAGCATAACTAACTCGATGTTATAACGTATCGTTTGTTGCTACCAACTCTTAGCATGTATCGGGCCATAATCCGCGCTCGCTGTTAACAAACTCCGAAACCGATACCTTTAAACGCGTAAAAAGGGAAAAGGTATAAAATCAACGCATGGATAGGGGGAGAGTTCTCATCCGTAATTGAGCCACT,1847,51.22,Mus musculus
SEQ_620079,ATCTGGGTAGGGTCCACAGTGAAGCTACATCGCTGACGATTGGCGAACCCACAATCGCGTGGCTGCTGCACCCGCATCCACGTACCCGAATTACTGAAGCAAGGACCGCGTTTCGAGACCCGTGAGGAACTCACTACCTCAACTGCAGCGTTGCGAGTTCAAAACTTGTGACCGTATCGAGTACAGGGGCGCCGACCCTTTGTGGTTCCGGTAATCTTTTCGCATTAAAGAAAAAGTGGGCAATACTGGCATTTCAGTGGTCTTACAAGAAGTACCCACCTCACCGCTACCGATTCAGCACCTCCATCCTCTGGAACTCGCCGGTATCTCGAGTGCAACGAGCTTAGGATTCGTGGAATCGGGGGGCCATCAGTTATTTAATCGTAGGATACATAGGTAGGACTCTCAGAGCCCCGCATCAGATTGGCCGCACGTCCAATAGTAGAGGTAAGGGGGGCACCTATGCTGTCAATTTGATCTGAGGCACTGACGAGGTCCCCGTGATTGAACAGTACCTCCATAGAGGAT,528,52.65,Saccharomyces cerevisiae
SEQ_336002,GTTGGCGGTGCCGCGACCCTCCGTAGCCCGCTCAGGACGCTGTAGACCGAAGGAGCCGAAACCCCTGTGGAGTAGCGGCCTTAGATGGACTGTCACGCATAATCGCAGGGCGTTGTTCGGCCCCTAGAATTGGAGACCGGGTCATCATACCAATGGTGCATTTCCGGATCAGATAAAATCATTCCGCTTATAAGCAGATGGAGCATTTCCTCGTTTCAAACATCATGGCGTCCGACGACAAAGTTTTACGTCGTTTCCAGTCTTTCGCATACTGGGCAGGGGTACTCAGGGGGAAGCCCGTAGATTGTCCTAAGCCCAACACTAGCCGGACCTCTCGACGTAGGCCCCGTGTGGCCTTAACTGTATCACGCATGCGAACTATATAAATAAACCCGTGACGTGCTCAGTTGCAATCGTAACGTCGTATGCTTATTTTGCGGGACTGTTTAAGAGTGTAACCTAAACATGTGTTCGTTTACCTAATGACGCTTCGCTGGACTATGGTCATGTGCCGTTCAACTAAACATAAGGCATTCTGATGTTGAACTCAGTGGGGATCATTGGGATGCTATGAAGGGCACTTATTTTTATAAGAGTTACGCTGCTCTGCTTTGAGGGGTGCACCGTTATGCAAATTGATTCCCTGTCAGCCACCTTCCAGTGTTGCCCACAGTGGATGCATACTTTGGTTGTTAATCTATGAGCATTAGAGGTAATATCCGGCGCGCTGTTATTAAACTCGGTTCCAAACAAGTAACTTCCCTAGTCTTACTAGAGTTTTAATCTATCGTATGACCACAGAGTAGAGAATGCGGAGTGCTTATGGTTGTTATGGGAGTCGTCTACATGGGGCCTAAGTTTGAGCGGATAGACGTTCTATAACATCGATTAGGCAAGGCGGCATCATGGTTCAAAAGGACGAAAAGTCTGTAAAAATGGTCTGTCAAATTGGTAGCGCCCTAAGCCGCCCCATCAACCCGCCGCGGCATGTCAGTCCGGATGTTAGTAGGTGCATTCGGATTAAAGTACAAAGCATGGGACTTGCTCTCATTTTAGAAGAATTATCGTCCACCAGTAATTCACCAACTCATTAACTCATCGACTATTGCCTACCAGGCGCATTTGGTTTCTCTTGAATTTGTGCACCGCAGATAAACCGA,1160,47.84,Saccharomyces cerevisiae
SEQ_262092,TGTTCCTGAAGGCTAAGATGGCAACTAGGCTCCGCAAGTACTACATCAAGTCGGCTTTGTAGGGGGCGACATCTAACGCCAATTCTAACCACCCATTGGACAGATTCGACACCTATTCAGTACAGATGCTCTAGGGAGCGTTTGGCGATTGCGTATACAGGATGTTGGTCCCGTCTTTCATATTAGTAACCATTAGGACACGATCTCTACGACAGCTACTTTCTCCACCAACCCTGGCGATTTTTTACAAGGTGAGCATTATCTCCCGACACATTCATTAGAATCGCACCCGCAGGTAATAGTCACACGAAGCCTGTTGCAGGCAATCCCCTCAGGGTGTGGACTTCGCCGTTTCATCGCTATGCGTGAAACTGCTGATTTAACCCAATTCGGGGTCTACCATACGCTACAAAGACACGACTGAGCCGAGTATTCTCCATGCCTACTTGTTCTTCTGGATGCGTGCACCCATCCTGTAAGAGCAAGTTTCTTAGGCTTTAAGAATTGAGCGAACCACCCAAGAAGAGCGAGCTGCTATAACTAGGTTGATCGTTCCAGCCGGTACGTGCACAAACAGTTTTTCTCTCAGCCGCATTGGTTTAAAGAGGAGAACTGCTTTTAGCTCGAAACTCTGTATCGGGTTTGGATGGCGCCCACCGTGAGCTATTTTCTCGTGATGGCGGTGAACAGGGATTGCGTTTCATCAGTCTCGCACCTGAAAAGTTCTAGTCTTTCTGCTACGCATACGCATTAGTCCATAAGCAATATGGGTTACGCTGTTGGTGCAGGCCAGTTCTATCTCCATACCCAGATGATCATCAAGAGCGGAGGGAGAATTCGAGTGATAACTCGATTTTGCGTCTGGAGGCGGATGTTGGTACCAGGAAAGCCCGCATCACTTTAGGACAGTCAAGAATTTGGAGGTCTGTCACTGGTACGCGGTCCCTGAGCCAGCCCGCCGTGTGAAGTCGCCCAATTTCGCCAGAATAGTGCCTTGCTCGATTAGGAGGAGGTGAGGATCTAGCAGGCGGCCGTCCTTCATGAACGGTTAAGAGCTAATTACGGCGATCA,1071,49.58,Arabidopsis thaliana
SEQ_311227,AGCTTGCCACATTGTCGAGAACCATTAACGCGCCACCAGTGCGCCTACCACATTTCCTCGTCAGTGCATCATATTGGAACGGACCACGACTTTCGGCGGGTTTTGTGGTGACATATATCCCCTCCGCATCTCGGGGTGCGTGATTAAGTGGTAGTTATATATAGTAGTAATATAGGACATATAAGGTCTCCGCTAGACCTCTAGTATGGGATGCAGAGGATCGGACCATGGGGCGCAAACCAGGTAGTTTAGACCTGGCCCTGCTACCATGCTTTCCTGAGATCCAACGCGCAGTTTGACTATTGTTTACACCTTCGACAGCCAATTAGTAGTCGTCCAGTAGCTACGCTCGTCCAGCTGGAGCCCCGCACTCACAGGGTTACGCTAACATTACTCTTGTTTACATGCCACATACTGGTTTCTTCTGCGGTTCGCGACGGACGAACGTAGAAAAACACACCCGATTCATCGTTTATATGACTCTGCTATTTGACCATCCACATCGAGAAGGGTTCCGATTCTATAATTGCTGACGATTCTATCTGCGAGGTTGGAAACAAGTTACTTACCGCTAAGTGGGGCTTAACCGGACGTGCATCTTTGGAGGACCAAATTATAGACTGTGCGAATGAGCGAATTCTGCAAGACGGGTCAGTGGTCCAATTAGCCCATTATTCCCTGGGAACCTCTAGACGTCTCCTGTCGCGGCATGAGGAAAAGCGCTGGCGATGTGGCGTCGATGCCGGATGATTTCCACCTTTATTGACGTGTCCTTGGCCGCGTATGCCTCTAGTTACATCAGATTCGGTTTTAGCCATATCCATTCGCCAAAAGTTTGTCAGTCGACAAGCTCCGTGTAGCGAGAATGGTGCAATCGCGCCGGTGATGATAGTCAGAGATCGAATGCGGCCTTATGCGGGTATTGTGACGGCCAGTTTCCAGTGCCACAGCTAAAAGTTTAGAGAGGACCGTTAGTATGCCTAGACCCCGCC,992,50.0,Saccharomyces cerevisiae
SEQ_248981,ATGACCTACCAGGGTACGTAATCCACGGGCGCTTTCTTCACACAATCGTTTGACCTCGCACCCCCATATCGTATTTACAAACCACGTCCCTAACGTTTGCCCGCTGCATATGCTATAGAGATTAGCCAGCACCTGACGTAACTAGGCTCGTACATTCACGTTCCCAAAAAAAAGACGTTATATCGATGAAGCGAATAGCCGCGCTTAATATTAGAGGCCCTTGTGTGCAGGTAAGTTCTGTTTTGACTCGTCGTCTGGGGAGGCACGTTACACTATGCATAGCAGGGCATACGGCGACCATTGCCTACTTCCCCTGTGAGGCACGTACGCATCACAGCATGCTTGAATGAGCCTACGTCGTAGAGACCTGACAATGTCGTATACGAACTTTTTTCATAAGCTCTCCCATCGGGATTTCGTCGTTACCAAGCCCTACATTAGAGTTTGGTCTTTTACCACGCTCGCTTCTCATGGTGTTTCACGAGTTATGGCAAAGTGGTTACGTTACCTGGCAGCAGCA,520,48.65,Arabidopsis thaliana
SEQ_830006,CGCGGACTTCTGTAGAGGCTTTCTGAGGTGACAAAGCGCCAGTGCCACTTGGTTTATAGTACGCTGGGTAAGCACACTCTGGAACATTGCTACAGTGGAGCTGGGTTGGGGCCAGGGCGTCCCTGGAAATCTCTATAATACCTCGGGCCACGGGAGGGATCTATTCTCGAACTGTCATATTCGACGTGGGCCGAAGCCTTAGAGACACTCAGTCGCGGTATCAGATTCACGGCCTTGGGTATTGATGAGTGCAAGGTTCTGGATTCATAAGATTAAGCCACTCTTCCGCATGAAGTCTAAGACAACTCGTGTACAAGCGGTTCCTTCAACACGCGCAGTAAAGCTGCCAGGAAAGTTTTAGAGTCAACGACGCGCAGAGGACACAAGGTCGCAGACCCGTCGAGCACCACTGACTCTTCGTTGCACACAACTTCATGTGCAGCAGTTGTGGCCGGGCGCTTAGGGCACATTTTTTTTACGGTAAACTCAGTAGCCCGAACCGGTGATTTAATAAGGGTCTTGACCTACACCCTGTCTAGTAGACTAGAACACAACTCCCCCACGGTTCACGAGGTTCTAACCAGGCCAGCGTCCACGAAGCACAACTCCCTAATGTTGCATCACTTGTCCTTCATTCCTCCTGCCCCGCCAGTCACTGCCAGAACGCGACTAGCCAGTAGTTGCTCATTAGCAGGCGTGTATAGCTGGTACCGGATAGGTTCTTGACAACCTGCCCCTGGTCAAGAGGTTAGGCAGCTTCTAGGCATTTTTCCTCGGAGCGTGGGAGTCCTCAATTAAGATTCTCATGCGAGACTGCTGCAATGCTCCGCCGCACGAAACACTATGCCGCCGGATCAATGGGGTTCCCTTACAATTTCGTCAAACAATGCACACTCTTCAGTGTATACGCGACGAAGTTGCTGCTTTATGACGATTGATGCGTACCAACACAAGCTGACTGACTGCAGAAGGTAATTGTGATATCCAGAACGTGAAGTGTTACTCTCGGCAGACGTCATAGGTTCCCACGTGCGCGCCATCGTAACCCACGTTATCTATTATTGACGAGGTCGATCGACGGCCTCCGGGGGCTCCTTAAGATTCTACGGAGTTCTGATGCAAGGGCTC,1128,51.86,Drosophila melanogaster
SEQ_307633,AAGGACTATAACGAGAGTACTCACACCAGAAACAGGATCTAACTAAATGCGACACCTCCGCCAGCGGATTCATCAAGAGGAACGAGTCCATGACAGTACTGGACACGTTTCCGACGGTTCAAGACGGGGCTCCCACGTTGTGGATAATGAGTGCTGACTACCATATACACTCCGCCTCCCGCCATTCGCGAATATAGGGAGCGCTGCGCACGATGCGGCCAGTGCCCCTAACGCATTCGTTCCATTACAGGGATCAACTATGCGACGCTTACTAACTTCCGTAAGTACCAATGGGGTGCTTCGTCTAGCACCACATGTGTTCTAACATTCAAACACTACGGACACCAAGCGTGGATAATGTTCTGGATAATCTACCCGCCTAAAAAATACTCAACTTCAGCTGGTAAAAAACACGCGTGGTTGAAACGCACGAGAACTGACGGTAGTCTTCAGTTACACTGGCTAAGCATCCTTGTGGATTGAACGGATAAACTTAAGTCTCGGGTTTTTAACGTTATAACGAGCGTCATCGTTCCGTCATCCCCATGTTCTGAAAGGCGTCCGTGTACCCGTAGTCCGACCCGAACCGTACCTAGTCCGATGCAACTGCCATACTCAGAAGGCTCCACCGGCCGTTACATCTTTCCCCTATTCAACTGGAATCCTACCTGCGAGTGTTTGACGTGCCTAATATTGCTTGCTGCAGTTACTCCCAGGGTTGTATATACTGCGGGGAGCGGGGACGGTTTTAGCTCATTTCAGAGCTATGCCGATGGAGTATGGTCTCCAGAGGAGCACCTGTAGAGAGTGTAAAGCATCATGATAGCGTTGCTCTCGTGCACTCAGGCAAATTTAGTTTACACATGTCACAGCTTCCACGTCCACGCTCCGGTGAATTGATTTTGGGACGAACGGGCGTCATTGGACTTATGCACAACTCTAGGGGAATCGCTCTAGGAGCTTGCAGATCGGGATTCCGAGAGGCACGGACCGCGGTGCCTCCGGATCTTTCGGTCTTTTCAGCTACACAAGGTTAGGGACGACAACATGTTCGTTCAACTCGACCGCAAACGTGTTAAGCCGACTGGAGTGTTAAGATTTCCCCTCCTTATGAGTCGTGATCATAGATATGCGCCCCGGAGTAATCGAGAGGGAGTAACATTATGGACCGTGCCTCCGATAGGCAATGCGGAGGCTGCAACAGAAGGAAATGTGCTTACCATTCCCTTTCATTTACGGCGAGTGACTATACGCCGTGTCTGGTTCCTAGGGGTCA,1276,50.47,Drosophila melanogaster
SEQ_326717,GATAAGTACGGTACCTTCCAAGTCTCTGTGCTCGAATTGACGTAAATATAAAAAGTTGAACAAAGCGACGCTTACTGGTGTCAAAACCATTGTAGGTGCTGCCGCTTGATCTATTCGCAGGCTAGCCCTCCACGTATGTGCTCTCACCATCTTGTTTCTTGTAATTTTGAAGGCCCGAATGCTGCCATCTTGCTAATGCATAAGGTAGAGATGCCGATTACTCCGACCAGTTACGCTACTCCAATCTGCAAGAGGAGAAAAACTCCTCACAGCCCCAGCTACATGGCCAGGCCGGGAGAGGTGGGTGTATTGTGCGTGC,319,48.59,Saccharomyces cerevisiae
SEQ_104527,TGCGTGTCGTGCATTGCCCGAGAATAAGGATGGTATTTATAGAGAGGATGTATGATTTGAAACACGTATTCCCAACAGTCATAACAGGGACCATGCACGTATACAATTGACTTTTTGTCGTCATTCTGTAGTTGTAGCCATCAATTACTCCACTTAGTCGTTGGAACTATCATCAAGGTATGCTGCAGACTCTTGGCACACCCAGTGACACGCCAGACATGCACACAGGTTTCAATAAGACCTTTGCCATTCCCGGACGCAAACGAATAAGTCGACATGAACCCTCGTATCTGAGTGACAGTGTATATTACAAGTAGTGCACTTTCCAAGATCAGGCGCCTAACCCGACACCCCTTTCTTTACGGCTTGATTCGACTATGCACGCCGCCAGAACCTGGACGTTCGTTACAGACCTATGTCACCACCTTGCGTTTCTGAGTCACGATTGAGATAGCGAGGGCGCAAGGGCGGTCAAAGACCAATTATTGCTGTGGCTTCCGACATGGTAAAGCACTTGATGGTTATTTCAATATTAGTCCGCAACTTTGACATAAAGTCTTTGTTGTAATGCATCTGATGGTGGTGATAGTATAACTCGCGTCGGTAAACTTGCAGATCATGTGAACACCGTCCTGAGTGGGATTCAATGAATAGGGCCAAGAAGCAAGAGAACTACGTGGATCGATTGACGCCACCACTTCAGGTCTCCTCAATGGCATGTCTGCTAGCACCCGAATCGCTTAGCGTTGGACCACGGGATGGATACTCGACCATCGGCGGGGTCTCCTGGTTCCCGACCAGCGGCTGTAGTATCTTTATGCCGCGAGGCAGGCATAACCTAGTGTAAGACAATCGAAGAAGGGGATTGTTCGTGTCACAGAGCGGTCGTTTACTCGTAAAAACGTCACCGAGTGAGTATCGACGAGCGTATCAGGGCGAGGGAGCGGATTCGAAATTTGGGCTTAGTGGCCTAGAGCCGGGGTCGGGGTACATTTGAAGCTCCGCGTAACACCTGGGGTACAAGCTCAACCTTGATTGTGTATATTCTTAAAACCTGAGACTGGGGATGGTCACCCAGTAATCGCTCAGTCGCCGTAATTACGAACCTCCATGTCTATTGCAATTTATTCACAACGCCAGTTTCTCACCTTCGCTACACCACGTGTAGCTTCGGTAGATAACCGGTCGCACCTCTCTAGATACACCCAGCCCTGGAAACCCCTTGCCGGCATGAACTTTGGTGGTCTGCATAACCAGGCTTTCGACCTGCTTAGGGATCTTTAGTGCCAGACCGCATCGTGATCAAAAGCTACCGGGTATACTGTCCCCTCGATCCTCTCCCGGATCGCGAAGTGGCGGGTCGCAGGAACCTGTTGGGGTCAGGACCTCAATAGCTCAGGAGAGAGTTATATTTCCTAAAAAAAATTTGACAGCTTCAAACTATCATCGAAAAAGTACTCTTTGGCACCCGCTTAGCCCCCGCTTTAAACAAAATGTCCCTAAACGGCCTGGTGCTCGTATCTCTCATGCCACACTTAGGGGTATGAGAAGATTGTCTCAGTATGATGATAGCGTATCTCAGGGAGCAACAGCCCAGGATGACTCGCGGGAGCCCTGGGTGAGGACGAGATTACGGGCAGACAGGAAAAACTGCTAAGCGTAGCTCCGGCCCCACTGTTCGCATTTTAACCACACCCGAGTTACTCACTTACCTCCTGCAGGCAGGTGAAGCGCATTCTTGACTGGACAGTCGCCGATGTAGAGGGCTTATAAACAAGAAGAATGGCATGGGTTAGGAGTCGCGAA,1806,49.67,Saccharomyces cerevisiae
SEQ_320068,AAACCGTTCTATAGAGCCCGGGGCATGTGGGTTTGCTGCGAAAATTGGACTACCGGAGAATAATCCCACGGCAGTGATCGTCAGCTCCCTTTGCTCGCTCCCCCGCCTAATACGCTATTACGGGTACAATAGGCGGATTTCGGTTCCCTGGG,152,54.61,Drosophila melanogaster
SEQ_563549,TCGCGTACTAGAAGGTAGCCCGATTGCGGTTGTCATAAAGACGTTCTTCTCAACAACCTCACGACCGGCACCTCGCGATAGAGGACGGGCGAAGATGCCAATAGTCACTCATTCAAATGTTCGTTATGCCCATTTTGCACCTCACTCTGAGCACTCCGTGTGGGCACAAAATTCACACCCAGTTTATTGAAGGCGGTGTCAGCTGCTTGCTTTGTCGATCACGCCGCGGTCGCTAGGATCCTAACAGGAATCGCGTTGATCACGCTCAACCAGCTGACCATCAATCCATATAAGGACACGATCTAGGTTGTCGATTTCGTGCGCCCAGGAGGCGCCTCACATTAATATCAGATTCTGGCCACCCTGATGGCCAGCCGTGTTTTACGATAACCTGGTTTGCAGCAGTAGATTGCAGGCCAGTCCACGAACCTTCCCACCAAACGACGGCCAGAGTCTGTTTCGAACGTCGGTTGTGGAATCCAATAAGCAGCAGTTGGAATCACATGGACTTTATTGCCGAGGGATTGCTGTTGGTTTATGACATGGGCGCTAGCGTCTCACGGGCCTCTACACAGGTGCTGTGGCCTTGGGTAGACCGTTGTATCGCCATGTAGAGACCTCGCAGCCGTCCATTGTGTATCATGCTGAACGAAAGAGGCCGTACTCAGCCTGATATAGGTGTCGGCACTCGGACGACCCTCGCGGGTGAAGTTTGACTGAATCTATTCGTCTAGGGTTTCTCTGGAGCCGTGGGGTGCCACTTTCTGGAGTCGTATGCTGTTTGTGCTGCCGCTCAAGCCTGGTACCATCATCACGTCGGTTCTTTCGAGCGATGTCCCTGACGAATCTCGGGAGTGTTGACCCTCGAGTACTGGGGATTTCATACGCGAATTCTCCTCTTGCAGATTTCCTCTGAATCAGTGGTAAACCGACGAGGAGGCACTTAACACACGTATGGCAAAGACCGCTCCGTAATGGTCTGATACAGTCTACACGTTATTTTGCGTGGCATCGGGGGTTTGCCGTTAATGCGGGCGAAAGATTCTATGGTGACTGGAATACACAATGCCCCCTGTAATGACTCAACGAAAACGAATCCAGACATGGCGAGTCCGCTCAGCGGGACACCAAGTCATAGTCAGTTTTCTCGCTCCGGCTGATGCCACACCGCCCCACCTGACTCCACGATTCTTTAATTGAATTAGTCGGAGGTTTGGAGATTAGCCTAGTCGTTTACGACGTTAACGGGACACGGGAATTTGACATAATGGATTATAATCGCATAAAACCCAAGCTCATTATTTGCTGGACATCAGTCTAGCATTACGTATGGGCTGGCAGGTGACGCCTTGTAGTATGAATGCCATAATCTCCCTCCAATTCTTTTGGGTTAAGGGAATCAGCCGTCAACCAGTGGTTTGGGAAAGTTTGACTTGACAACCGCCACCTACGATTGGATCGTTGGATTCGTGTGGGACGTGTAGCACATCTGTCGAGCCGCCCGCCCGCC,1510,51.46,Mus musculus
SEQ_364519,GATGCAGGCCGCCGTTCTAGGAGATGATTCCCGAGCTACGCCGCTACGTTCTCATCTATTGATGGCGTGTGGTAGTCCTCCACGTAATCTCACCCAAATGACACTCAGTAAACATAGTGCCACTCGTAATTTCTGGTCCTGGCCCTCAGATTACTAATAACTGTAGTCCCATACACCAAGTTATTCAATGAGCCTTTCGGACACTTAATAGCACACGTGACCATTGGAGTTCAGCCGAACT,241,48.13,Escherichia coli
SEQ_845128,CTCTTCCTGATTCCGCTCGTTGACCCTGGAAAGCGGGACGCACTTGACTCGCTGGAAAAGGGCCGGAGACAGCACTATTGATTGGAAACACGGTAGAGCTGAGATGCAGTACCATGATCATAAACGTTGTTCGGACTTTGTTGAAATAGGCATCCTCGATTGACCCACAATCCAGTCTATTTACCGTTCTCTGAGTGGTCGAGGGGCCAAATCAAACCTTCACACGCATGCTCTGCAACTGGCAACAAACCATCTCCGTGGCGACCAAAACTAGATCCAGGTGAGTATCAACACACCGCACGATTCCCCGTCAGTTGGTTAGTTCAGCATTGCAAAACGGAATTTATCTTTATCTCAGACCGTCAGTGCTTGCATGACTGAGGACGGACAGCAACGATCAGCATGGGACGTCACATAACCAGTGCGTCCCTGGTAGTCTCTCCTGAATGGCGGACCCAATGACCCTTCCCCGTATGTTTCACCAGCTCGGATTGCTCATCTTCCGCGCTCTTCTGGCGTA,520,51.15,Arabidopsis thaliana
SEQ_316999,CGCCTCGGTAAGTCAGTCCCATTGCTCGGTTCAGCGCATTGGGGACTCCCTACCCGCGCGTCGACTCCGGTCATTAATAAATCGGTTTGTTTGGCAGGCTAGCCTCGGACTTTAATTGTTGCAACGAGCACCCATACTTAGGGGGGAGATGACATAATTGTGGGTCCTTCGTTAGGGTGCTTCAACATGGTGTAATTTGAATTAGGCTGTTATGTTCGCGTGTCGACATACCCATCGAACGAATGGGTTGTCTAAATATTCGACTGCCTTACGTGAGCTGCCGGATTCAATTAACCGAGCGCACGTCACTCAGTCCTCTGCGTTAAGGCTGCCCATTCAGGCATCGTGGTAGTACATGGGCGGGTACAGTTGCAACCGGTGATGGCACGAGCGTTGGGTGCGTCGATATCGACCTGAGTACAGCTTACACGCGCAGCAAAAAGGTCTACGATGGGCGGGGCAATCCACGAAAGAGTTTGTGGTTACCAGCTAATAAACCTGCAAAGGCAGGTCTGCTAAACGCAAAACGCTCCGCGACCCAAAGAACTCCGCGTTGTGCATACCTGGCGCCGAGTGGCGGACCAAGACATTTGAATCTTTACACGCCGCCTATATCACTACACTAGTTACGGTCTGGGAAGACGATAGCTCTAGATACATCCTCGTACGGACCTATCATCGATTAGGAGGAAAACGCCGCCTTCTAGAGTAGTAGACCCCGTCATCGTTAACATTCCAATAAAGAAGAAATCAAACAGAGGTTTATCATGACAGTGTTGCTATATTGCTTGTGATTCTCCCGATTTAATCGCCTAGGGCTACATGTCTATGTTTTGGGTCATCACAGTGCGTGTCGTGCAAT,862,50.0,Arabidopsis thaliana
SEQ_643946,TCGATATGACCTGGGACGCCTCTAGGCGCTAAATGCGCTTCTTAACGACTGCCTTGACCCTTCTAAAAGCACGCCGAAGGTTCGCCGGTCCCGCCCAAAGTGACGAGAACTTCCTGATAGTCATCGGGTTAGCGCACCTACGACACGGACCGAAGTTTCTTGGGTTCTGTACTCATCCCGTGAAATTATGCTCAGGCACGCGGATGTGACGGAGATCGAACATCCATACCCGGAAGAGAGTAATTCACTCTTTGCCTCTTTGGATACTCTGGGGGTTACACGGTAGTAACGGTATATAAGCTAGCATGCCGTAGCGTCTGTCATCGCCCGGCGAGCTACATCACACTCGGTGTTTTGAAGGGAGTGATTACTGGCGAGGATGGGTTCCTATCCCGGGGCCGGCAGTATGAGACCGGCAAGGTGAAGGCCTCGATCACTCCTCTATAATAACAGGGTCTCGGCCCCGCGCTGCTACACGCATGGGGGGAACTCACTCTGCTTCTAACTGTAGAAAATGCCCCACTATGCCGAACGATGGCGTATCGTCGTGTTTTTAATAACACTCACCCGGCTTGTACATCTGCGCGTAGGCTGGCCAGTGTCCCTTTTAACCACGTTTAGGGGTTGTTAGCGTGGCTTAGCTCGTGCCCGGTTACAATGACGAAAGGGGTGCCAGGTGAGGCCTAAGTATTAATAGGTTTCATACTGCTAAGAACTTTTGATGCCAAAGAGGCTCTAGCGGACGTCGCAGTTTAACTCCTTAGCGCGGTGGGATGCCGCTTTCCCTAGTCGGTGTCCCTGGGATCACCAGAGTGGTATACTCTGAATGGTATGATGTTTGAACGCTCTATTATTCGTTGGTGCTCACTGTCTCGTGAGTTCGCCAGCCAGTACATGAGACTAGGAATTGTGAGTGACCACAATTGCTCGCTCGAGGTAGCCATGAAATGGGTTACTAAAAACTACAGACGATGCAAACTAAGACACAGTTGTGGAGCGCGTACAACGGTCCCTGTCAAAGCATATGCGGGCTAGGTATTCCGGTTGCAGCCCGGCGAATTGAGACCAGTTAGCAGATAGATCCAAGTTGTACGCGCGTGCATCTGATCAGAATGACAAAACCCCCCACCTACTGTGTCTTGCTTTAACCGGACGAAGTTACGCACCATGATGTAAATGCCACTCCTCGGGGAAGAACCCATAGGCAAGTGTCTTGGCAGAGTATTCGAGGGGGGTGCGCCTAGGGTTCTAAGCCGCGTTACAGGAGTTAAACCAACATTGCAGCGGCGTTGTAACTGGAAATTCTTACTACGAGTTGCGGCAATACGCCCGTCGCCCTGTGACGGACACATCGCTACCGTTTTCTGTATTGGTGCTGTAAGAATTTTGTCTGGTGCGAAGGTAGATCGACCTCTCACATCGAAAAATAAAATCTCGCATCGCTAAACTCCGCCAGCTCCGTCAGGAAAGGACCACATCGCCGTCGAGATTAGCGTCCCGCGAATTTACCGGCTGCGACACTCCTCCTATACAAAAAGGTTTTCGAGAGCTGAGGAGTTTGCAAGCACAAAGGGCTGATGCTACTGGAAAGTCGTCAGTCCGCTGCCTTCGGACAAGTCTCGAAGCATGTCAATTCCGATGGAATATAGCACGGTCCCGAATTTCGACTCCAGTGGAGTGGTCCTTGCCTATCCGCTAATTGGAATCCCCAAGGTGCCGGCCTGGTGAGTCGAAATTGACGCTGGTGGCTTGAAAGTAAA,1760,51.76,Caenorhabditis elegans
SEQ_472084,TAAGATTTTGCGCCGGCGCTTTCAATGGTATGGGCGCTCTCTTCGAGTGGTGCACGCTCCCTGCAACTATTGCCGTCACCCGGTTGCTCCGGCATTAGCCGCGATCCTGGCTCTGGCATGCGCCGCGCCAGGGTGAACTCGAGGGTCGAGGTCGAAGACCGTTCTCACAACGGCTCAAATAGAACCCCGCGTGATCATATAAACGCAGATTGTACACTCCGAACGGAGGGGCCTGACCAATGAGCCGCAAGTCAGCGTCACCACCAAGGTGCACAGACAAGTCAGGTGCTCATAACCTTTGTCGAGATATGATGACATACCACGTTGTGATCAAATGCAGGTCCCTGACGAACCAACACTGTTAGGGGCGTCACTACACCATTCCAACTAGTCACTTGGTGGATCTATTTTAGAAATTAGAGTTGCTGTGCTCATAACCAGTTTGGGAATCTAACTGTCTCAAGCCAGATAACTGTCCAGCGGAGCTCTGGGCTCTCTATGTGATGTGTAGCATATTTGGCATGGGCCGCCTGGTCTGTGTACGAGGAGTCGACCACCCAGACATTTGGACCCCTGATTATCATAGAACTCGATCTGACACTTCAGTAAGAATTAGCGCCACCTCGCTTTAAAAGAGGAGGGTCCGGCGATGCTACATCATGCGCCTAATATGCTAAATATTATATGGCTGGTTACGGACTTCTAGAGGATCCAACATATCGGAACTATACATCATAGCCCCTTCTACATGGACAGCGGGACGAGGCTGGTGAAGCCGATCACGTGCCAACTCGTACGAGACCCTTTGATGGTCCACATGCACGGCCTATGCCCAACACCCAGTAATTATGAACGGCTTCTTATCGACGGGTTACAAACTCATGCCGCGGCCCGACTCGGTAGCTGGAGAGGGTAGAAGAGACTAGTGCGACAGTGGATGGTCGGAATAGCTCCTTATCGTTAGAGCCCACCATCTTCTGTCTTGCAGTGCTTATGATCGCTTCTGCCTCTGATATCCGGTATGGGCAGGCTGGCGGCAGGTGTTCTGTGACCGCGCATCTATGAAGACGTACGTTCGGTTGTAGATTCTGGAACAGCAGTGTGGTTGAAAACACGGTACACCCAATAAGCCGGGAGGGCCACTACAACAATACCTTAGCATCTGATCGAAACTGATCGGGGTGGCTCGTACTGACAACTAGAGCAAGATACCACTGCGCAGGGCCCCAGACACGACGATCCCCGAATCCTCTAGACTATACAAGGCATCCATGGCAGTTCCGTATTCGCAGACATACTCTTTTCAGAGCCCGGGGTTAACCTGCTGTGCCTACGGCTTATTACGTCTTTCCACGGGACGGCACTAGGCTGGGACCACCGACTTTTAGTTCCAGGTACCAGTAGTGTTAAATTTCATCTGTGCTTGTTTCAGCTTCGACAGAAAAGAAGATATTTTGACAGTTTATGTTTCCTTCTCTCCTCCGCCCGACATATCTATCTCCGCCGGGTCCGATAAGAGGAGATTTGTGTCCGGTGCCCATTTGGATGGATTGATTGCC,1559,51.51,Homo sapiens
SEQ_947004,TAAATCCGCGTGGATAGCTGAAACACAAGGTCTAATGAAGACAGCTTTCGCGGAGTCCCGTGGAGAGTGCCGACTATTGTACGAGATCGCTAGGGTGTGCGCCCCGATTGGCATCCCCGTGTGGGCCCCGGTAGCATTGTTAAGGCCTAATAGCATTGAGGGTATTCCTAGTCGCTACGCTGTTTAAAAGTCGAGGATGCAGAGGAATATCAAACTCGGAGCAAGCCTCGTCCACCCAGAGACCGCAGATGATCATATAATCGCATTACATACTTCGACTAGATAGGGGGGGTAGCGAGATCCGTAACAGAGGTATGTAGTGCGCGGTTCCAAGGGGTCTACCACGTGCCTTAAGCTGCCTCCTGAGCACGGAGCGTCCTAGCGGATCAGCACCATCTCTTCTATGTACGAAGTGGACCACAGCATACATGCGAAACTCGTAGGTACCTCGGAACCGCCGATTTATCAATGGTGAGTTGAGCCATCGTTGTGTATCGACTATAAATTGTTCCCTTTAGTAGACAGCAATTAAAATGCAACACTCACAGAACGTGCGCGGGACGAATCCGGGCCTATTGCTGTTAGGCGAGGTTAATACATCTTTTGCTATGGCACGAATACCGATTGAGTCCTTTAGAATCCGGTGCGGGCAGCCAAGCGCAAACAGGATTCCAGCCGTGCTTGAGCAAGCATCTATTATATCTCCACTAGACACCTCACGTGCTCGTAAGGGCCGAGACGGACATACGCTCCATCCACGCACTCCTATGCGACTACAATAATCTTGAGCTAAAGCCGTGGACAAATACCCGTTGGACGTCTAGATTCCCGAGTTATCGTTGTTGTCGTCTGTATCCGGGTTGGCGGTCTTTTAAGCCACTCCAATTTCAGGTACCTGAGGGTCTCAGAACTAGTTCCCACTCTGTGGATACCTTACCCTTTTGAGAGTCACAATGCACAGTGAATCAAGCAGCATCAGCTTGAAATCCCTTA,993,50.25,Escherichia coli
SEQ_764039,CGTGTCCTTCTAAAAGCGCGTTCAGATCCCGTCTAAGAGGTCATAAAGGATGATTACCCGC,61,49.18,Arabidopsis thaliana
SEQ_566429,CACTCATGCCATAACCAAGCGCTAAGTTCTGCACCATTGCGTTAAGAAAATTCTTTTACTAACAGGTGTTATCAGCAATCCTATAGATAGTGTCCCGCGCCGGACACGGAGATATTCCAAAGTCGGTCCGACTCTGCGTGGTGGAGCTGGCAAGCCGGTCACCGGTCCTGGTTCTTGATGCTAATGGATTTTTATACCAAAAGACGTTGGAAGTTATAAGCGAGCGAAAACGCCGGGAACAATAACGTCGAATTCACGCATAACGCAGAGTAGTAGGTAACACTCTAGTTGATCCGGATAGGAATACTTAGGCGTGGACCCCCGCATACTACCTTAGTTTGACCTATGGCTAGACATGACATGTAGCCTTATTGAGGCTTACGAGAGGTAAGGTCAACTAGACTTTAGAGCTCAGTCATCCCCCAGTGATCTTATCCGTTCGAAGAATGAGGGTTTGGACATCTGAGAGAACTTACGTGATTGGAATCAACTAAATAAGGAATTTCCAACGCCCTAACGGACTTTTCATCATCCAGGACTGGAGACCCGATGCTATGTCGTAATCCCAGAGATCGCGATAACAGCCTGTGATCTCTTGCGAAGGTCCAAGACCGTACTTGTCGCCGGAGAATCCTGCGGTCCTTGGTTATGAAGACATCTGTATATTACCACTAGCATCCCATCCGCAACAG,692,47.25,Homo sapiens
SEQ_544452,AATGTGGCAGTCGGTAAGTGCACTGAGCCGAGAAATAAATAATCAAAATTACGCACATAGCTTTATGTGAAATTTTCACGGGTACGGCGTAAATTAGTAGGGTACCCACGGCCCGTGAATGCGTCACACGCACGGGTGCTATGAGAGCGGGCGGCCACGGCTCTCCGCTTGGAACAGTTTGCTTCATGTGCGCTCCTTTGGAGGCGGTGGAACTATTATGCTAACTCGGACAGTCACATCATCAAGAGCATTAACGTATCTCGAGTACGAGGAACGCTTTGGAAAGACTAAAAGACCTCGATCTGGCCTGGTGTCGTTCAACATCAGCAGGGCCCACCTATTTCCCCGCATAACCATGTTGTGCCAGGCCAGAACCCACAAGTAGCGTTATGCTAAAGGACTCGAGCTTATCACCGGTACCGTTGTTCACCTTACAGGGGTTATCATCGGGATGCTCCCCACTTAGGAGACCACCTGAGTATACGCTAGTCGATAGTTCCCCAAAGATGTCGTGGTACGTAATACGGACCTTTTGGTACATGTCTTGCCGCACAGAACCTGAATGCACCCATTAACTTTGCCCCTTTCCCAGTTACGTTGTCACATTTTCGCGAGAAGTAGGGGGTACGTCATAGTCGACATTACACAACGCTCAAGCCGGCAAAACACGCTTGGCTCGTAGGCCAATCTACGTCCGATTTTTTCCTAGTGGGTCACACAGTCGGGGGTTTTTTCAGTGGTTTCACCGTTGGAGCTCCTAACCGAGGGTGTCAACAGGCATACGATTAGAATGTTTAACACTATATTTTGATCCCGCTGGAACCTGCGACTAAGACGGTTAGGGATGTTCTGTCATCCTTACGTCTCGTTACAGTAACTACGAATACTTACATCGTAAGTCTCCGGGGGCTGGGGCCACCCGATAAACCACACCAAAAAAGGCTCAACCACCCTAAAAGCTCGACACCTC,970,49.79,Escherichia coli
SEQ_587241,CGTTTGGCTCCTGGAACCACCGAACTGGCCCTGCATGACTGGTCATTTATGCTCAACGATTAGCAGAGTCTAAGTAATGATCGCGTAAACGTCCGGACAAATGATACTTCTTGGTGCTTTCTGCCATGCTCCCGCCCGCGGTCTCGTCTTAAACTCCGAGTCTTATCTTACGAACGAGAGCTGGCATCTGATTTGAGGGGGTAGAAATGGAATTAGGCAAACCTCGATGCAAATAAACGGGTATTGCAACCTATTTGGGTAGCCCCGATCAGTTAGTTCTCGGGAATACCATTTGAAGCCCCATGCTTCAGGGTCAACGTCTCTCGTACGGCTGTTGCAGCGTATCATCCCGGAGCCCGTGGGCGAAATACCCTCCAGTGTGCGAACACGTTAATCCTGTTCTCCTGCGCGCATCTGTACAATATACCGCACCTACTCTTTTTGACCGGGCCTAGTGGTATGACACACTACGCTACTACCATTATGGAGCTCCCTAACATTCCTTGTAACTCTACGGCGGCGAGGAGTAGAGTCAATCCTTCTACGGTCAGAGTAGTCGCCTGTCGATATTTGCAGGCCCTGGCCTCATAAACTCGGACTCTCGACCCTTACATCTATGTGCACCGCAAGCTGTATACCAGCGGACGATTCCGGAATCCGATCTCGGCGTCACGAATTGGTAACAGCTTAGATTTATATCCGCTACCATGTAGTCCACCTTCCATCAAGTGCACGCTAAACATTTACTTTAACTGAGTCTGTCGTTAGACAACGGCGACAGGACGCCGTTTAACGCCAGACATAGACGGGGCCAATCCGACGGTTCCAATCCTTTTAGAACAGTGACGGTTGTATCAAAGGATCTAGGGTGGATGTGGATCGTCAGCCTTATAGCCAACACCGCAGCGTCTAATGGATACTTCGACTAAGGATTCGCCTAACCCGCTTTACAGTGTCATGCTACACTGAGCTATGTGCTAGCTAGGTGTGGACTTGTCGGGATGCCTATGGTGGACCCAGGTCAGCTGCCCTTCATTTACCGCCTGCGCAAC,1052,50.76,Saccharomyces cerevisiae
SEQ_716458,ATCCCGGAAGCCTCCGATCCATACTCTACGCGGCGAAATGTTTGTAAGTTAAGCCTTACATCATCCTGAGTGAATTAGTTTATTTACTTCGACTCGTCGGAGGGAGTGTGGGTCGTTATGTGCACAAAGCCAAAGTTGGACGAAATTGCAACTGACTTTTTCGCCGCCAGTCTAGGCCAGGGTTTTTTGTCGCTACTAATTCGGGCCGCGTCTCCATCGGACTACTTGAGTGGCCGATCGTCCAACCGAATTCCGCAAGACCCTTGAAATCTGTCGACTCCCTCAAAGCACCTGCGGTATTCATGAGTAGCCTTGTTCTACAGAGTGCGAACGTGTGTTTCACGTGGAGTGTGACCTGTATCTGTTTGAAAGTGAAAACACA,382,48.69,Escherichia coli
SEQ_269734,CGACCGGGGTTCTCTCTACTGAACGCCCGCAACGAAGGGCCATCCAATCTCGCGGAATTCGACGCTGTAGCCATGCTCCGTGTCATCACAAGGTTACTCAAGAGGCCAATAGAGCACCCACCCAGCGCGCCTCCATTCAGATACAATCATCATGAGGGGCAATCCTTGAAGAGGCGGGACCGTATGTAGCGGCTTCCGGTAGCGACAGGCTCTCAGCAATAGTAACGGCGGGAACATTATTCGATCGGCGGGGACTCCACGACTTCGCCCCGGTCTGGTATTACATCCTGCGAAGCCGTCTTTCGGGATGTCCAGTGACTTATGCTACCGCGTGGACAAATGGGCCCGCACGAAGGACAGATCACGACCGTGATTACAGTCAGAAGGAACTCCCATTTGTTCCGATGG,408,56.13,Mus musculus
SEQ_670715,ACTCACTGGTGATGATCCTATCTGTTCCTATTCTGAATGAACACTAGTAATGGCACTGACCAGGATCCGGCCAAGGACCGGCTGCCTTTCAGCGGAAACCAAACGGTCGCATTTCCGAATAGATGTCAGATTACATATCTTAATCCAAAAATTCTAAGACAGCGGCTTTCGGTCGAAGGCTGCGCCGCGGGGTACCTCGGATGATTGCGACCCGAGTGAGGGACGGCCCACGTCGTTACGGCGCCTTGCGTTAAGAAGCGGCGCGACCGTCGATCTCTAATACTAACAAACTCTCTGACGCCAACTAAACGTGTTGGATTTGGAAGGACCTTTGAGCACGGGTACCACAGACGGCTGACGGCTGAGCAGTATATCGCGTGGAGAAGTGTCCAAGGTCCCCCCAGCACTCCGTCGATAGCGAGCCAAAATGTGTGCCCGCTATTGGTCCAAACCCCTAAGGCTCCGCTCAGGCGGAATACTCGACCGTTGAAAGATATCCCTGCGTAGAACCTAGAGAAGTGGCGGTATGTGTCCGTACCAGCTTTTGAGGTAAATTCCCTTTTCAATGAGTGATCCCGAGCCGAGAGTAGCACCAAATTCCGAATTGTCCCTTGATCCCACCACAGCCACCTATGCCTCCCCTTACTGGGAGGTCCCGAGACCCACTCGATTCTAGTATCTGGCCAAAACCATCGGGGGACGTACTAGGCCTGCGTAAGAAATATGGAAGTCAAAGGGTGCTCTGAATCCGGGTCTGAGCTATAGCGATTCTTTCGCCTACTACTTAACCTCCGAATCATGGTGCCCGGGCTGTGGCCGCGTGATAGGTGAACTGAGAACCCCTGTTGTATTGAACGCAACGCTGTTTTGACTGTTCCAGTGCCCCCGCCTACGCCTTGGTGCGCAGAATTGCCGAGAGGGCGTCCGCAATGTAATGCCAGTTGGGTGTTCGAAGGCCGAGTTACTCAAACGCTA,975,53.44,Caenorhabditis elegans
SEQ_982949,TACGTCTTTCGTTTGCTTCGAACACTCAGAGGAGAAGTAGGGTGCTGAGATCGGGTGGAAAACAATGTCTACCTTCTTATAAGCATCGGGGGCAACGTATGAACAAACTGGTGCGTCATTAGTACGGAAGAGCAGTGGGCCTTTGAAGGTGCCACAATCTGGCGCGTAGCTAGATATGGGCCCAGTGTGCAGAAGACAAGAGAGTCATCCAGGGCCGTATTATTATCTACTCTAGCGGGTTATTGGTGACGCCAACATGTCTCATGGGAGCCTGACCTCGCGCACGTCACGGACAACCTATTCTACGTTCTTCGTTTGTCGTCGCGCGCTTATCGTAAGCTTGGCCTAACTGCCTGTCGTGAAGGACCCCCCACTGGATTGCCCAAACTCCCTGACCTAAGAAAGTTAGCCTAGCTCGCAGATAATTCGAGATTGAAGTGCTAGCTGTAGGATTTCTACATTCCAAAATTAGCCCGTTCTCTTATGGAGAACGCGGCGTTCGATCACAGGCTGCCTAAGGGGCTACCGCGGTACACCGACCAAGTTGCTCAGAGCCGTATGACCACGGACATCCATGCGGAGAACTTAACTGTCACATAGCCTCGCCCTGTGCTATGGTATTTGGCCCCCCGTCGTTTAGGGGGCGGCATACCCTAGTTTGGTAGATGCGGGGCTAGGAGCATTCGTAATTGAAATGCCGCGAAGGTAACACCTTCATGCTAGGCGTGGTATATTTGACAGAGAGCCCTGCGTTCACACGCGCCTGCTGCGATACTAACCGCTCTTACTGGAGGGTTTTCTGAGACTAAGCACCACTTCTAAGATCCGTTTAGGCGGGGGTAATCCCTAATGATCTACTTTGAGACTGTACCCTTCTAGGATACTCCACCTCGTGAGTCGTTATAC,906,51.43,Homo sapiens
SEQ_184627,GCGCGTCGTCGCCACCGCTCCGCAGCTGTTCGAACCGGACGTGCCTGTCAGATCCCTCTGTGTGCATATCGCAAGACGTCCCAATCCTAGAGTTGCGCCTAACATTGCATGCCATCAATGGTAAGCAAGTTCTCACATAGGACTACTTCGTTCTGCATGCTTGAGCAGGGGATAAGTGTGGCCGCGGCCGATGCTTACCTCGCTTGAGTCGCAGCCAATGCTCCAGCTAATATCGGCAATCAGCGGAGCAGTATTTCGGCGAGATAGCCTTTGTTCTTCTAGTGTGACCGATGTACTCGGACGTGTGCCTAGTACCCTGCAGACTCCCTAATGCCGTATGTGCGGTCCTATCTTGAACCGCGATATGTCTTGATCTGGGGGATGACACAACCTGGAGTGATGAGTCCTTTATTCATCAAATGTCCACGATCTTTATTGAAAGAAGACCAGAGGGGACATTACCTGTTGTTGTTGGAGACGTTCCAACATCACTTTCCCGAGTTCCTCGGGGGGTATGAACTATATCGAGGAATGATACCGAAAGGCTAGGCAACTCCGACACTCCGTGCTGTACTTGCTCGCGAGAAACTCCACAAGTTACCGTCACCCGATTAATTACGCCGGTGAGAGGTAGGTAGAAGCTCAAACAGCTTGCTTTGGCGCAGCCCCCATGTTGCTACGAGTCTGCTCTCCTCTACTAGTTATCGGGATCGTCCTTGCTTGCAACGGAATTGGTCAATGAATTTCGCTCCTGTTCTACCCTTACTACAACGGGAGTACTTACGTCCCGGACGGGCTCGGCACAAATTCCGTGACGTGGTCTTATGTACCTGCCCACGCAGACCTTAAATGAAATGACTTGGGTCTAAGCTCATGAACGGGATTAACGACCTTTTCGCTCCATCCAATTCTCTAGGCGACTGACCACGGCTTCCTCTCGCACCTGAAATGCGTTGCAGGTAAGTAATGCGTGTCGGAGTGTGCAGTCAATCAAGCGTAGCGTCTAAAGTAATATCTGCAAGCGATTATGGTTGTGCCAGGGGCACATTTTGTCAAATCGTCACGTACGCACCTCCCTGCTACAAGTGGTGGCGCGGCTTCCGAACGGGCCACATTGAGAATTACGTCACTTTGAAGGGGAGCCATTCCACCTTCCCTAGTAACGTAACTACCGGGACACCCGTGAGCCTTACTACCTCTACATAACCATCTTGCTCAACCGTCCTTTTCCACCATGTGCTATTGACTTTCGCAACTCCTGATATCCGATATTCAAATAAGCAAGCGGCCCTAGATCCCCCAGTACAAGGTCGAGCGACCATCATAGCTATGAAGGATTTACATCAGCTTGGACGTGCTCCATCGCAGATGTCAGGCCTACTTTGCCGCTGATCTACTATCGGAATCATACCAGATTAACGACGGGGGAGGTAGGGTCTAACCACTTAACGGGGACTGTGGGTGGCTCCTAATTCGCCTACTGCCTTGTTACTAATCCCGCATCATGAGACATCAAAAAATGGCGACTAAGTAATTCAAGTAAGCCCCATCTAACCTGCCTGTGATTACTTCCTGGAGGAAAGGCTGGGG,1590,50.88,Saccharomyces cerevisiae
SEQ_518409,GGCGCCTGTGAGCGGTGCAGCGGTTTTCGCCATTCGTAACTTTCCGAGATTGCGGATGGGTGCCTATGAGGCATGCTACCTCTAATCCACTCCAGGATCCATGAGGACCAGACTACGTTTATACGATTGTATTGATTTTACGCGTGCACCTTGCAGGGATGAAAGCGCGCGGTCGAGTGTAGGGTGAGCCAGTGAGGTAAAGACAGAACGCTCGATGCCCATAGCCCTCCGCACTAAGGCCCTCCGCGTGGGATTCCAGCTGCACAGGTTGACTGCTGAAATGCTGGTTGGGCAAATCATGCTTGATCTGCTTCCAGCTACGAGGCTCTTTCCTCTGATACAGCCGGGTGCCAATCTGGTTAGAAGAGCTATGTCCATTCCTGTTACAATGCAACCGTCACCTAGGGAAGGGAGTAGCGGCCTAGCGTGGAACCATACCTGAGTGCGAGGAGTATGGGGACTCTCTGTAGTTCGCCTATAAGAGTCAAAAATGCAGTTCATTCCTCTGCTACTAATGCTTTCCAGTTCTACAGTCTTTTATCTGTGAGACAAGCGACATGTACGGTGAAGTACATAACGAGAACCAAGTACAGGATCAGACACATCCGTAATGGAATATCACTACTAGCGAGAACAGCTTTAACGGCGTCGCGATCTTGGGTTGCCGCACGCCATTGTGGGTGTTCTAAGATATGCAGCCCCGAGCTTTGTCGCTTGATACCGAGGCCTAAAATCGAGTGTTTCCAGAATACGTCGGTGCCCGATCTAAAAGTGACCTGCATGCCCGTGAGAGGCTCCTCAAGGCTACATACCCCTTTGCACAGTGGGGAGTATTATGTGGGATTAACGCGCGGACTTGA,860,51.51,Homo sapiens
SEQ_825606,GGACGGCGTATTTGGAGGCTCGGTGCATGAGACGCACGTCCAAGTGTTGCTGAAGATATAGTAAGCAGTGATCTTGCTCTATACCCAGGATCCCCTGTTTCGACCCGATCTGACGGGTTAGTACGACCGGGTTCGAGTACCCTCAAGGCATCTGCCCCAAAGTACCGCTCTTGGGTAAATGTTTAGTTGTTGTGAGACTAACGCCAGTGAAGCTATCCGATGTCCCCTAAGGTATTCATATCTTCCCATTTTACTTTGGTTCCGATTCTCTTTAGAATCGCCGCGACGTCGATCTAGGCCTTGATGCTAGAGACTTGCACTGTATGATATACATCCCGATCGCCCGACATTCCCCTCATTCGACGTGTGCACTTGGGACCCATGGTGCTGCTATTAGTACACACGGGAAAAATAATCCCATGCCTTGTTCTTATCGTACAATCAGCTTATTATGGTTAGCTGACAAAAGGGGCACCACGCACCCTCGAGGGCAACAATGGACCGTACGCTTTGTTCTACTGGTAAAGCTACATATCTAATAGACGAGGAGCTTTAATGGCGCCAACCGAACCGGACTTGTGTTCACCGATGGCTTTTCATGAGTCGCGACATTCTTAGGCCACTTCGGGTACCTATACGGAGATTCCATCTTGGTACCATTCTTATTCACTGAATCGAAGTTTAGAGGTTATCCTTCGGCGCGGACGTATGGGAGCGTCCGTTCACTTGACGCCAGACTTAGGCAGCCCTAAGAATTCAGAGAAGAACATGTGTATGGCGCGTATCAACTAAGGATCACGCCTTGGGTATCGGTTGCATAGAGAAGACAGAATCCGTCTTGCTGGTACTAGGCTCCGGGCCCCCAAGGATTCGACTCCTCGGTGCAGTAGAGATTACCCCGGTTCTGGGCTAGAAGTGCGTAACTCACATATATGACTAACTCGCGTTTACAGAAGTCTTAGCTTCAGGGTCACGCGCTGATCACGAAATACATAGTCTCTCGGAGTTATATAACATCTTCACCATGGGGCCCCAGGCAGATATTGCTCGCCATTAGCGAATGCCAACGAGACCGATATACAAGTATAGTTGCTATGTGCACAGCGTCCTACCGTCCGATCGCACGGA,1128,49.56,Mus musculus
SEQ_726007,AGATGAGGTCTCGGCTTTCTTCTTATTTTGTCCGCAAGCGGCGCGTCGATGGTTTAGAGGGGCATGAAACTTGCAGCCTAAGAGCCACAGTTTGGCCGAAGCTTTAAAATTGTTACCGCAACTACATCGAGTACGGGGAGTGAGATTGAGGGTTTGTCGAGTTCTTTGGGGCGAGGAATATCTCCTCCTGTGTTCATGTTGGCAACATGTTATAGGGCAGTGAACCTTGGGTATAACGTTCAAGATATAGCTTGTCGAGTCCGGCTCAGTTTGTTTTCGCCTCTTCGGTTGTTCCACACTCCTGGGAAGCGGGTTTGAGGAGCTCGGTAATCTGTTACGAATCATTGCCGCTTTGACCCAGATAACCTAATAAGGAACTTCATAGCGACCAACGCGGAATGCAATAGGACCGGCGCCCCTCTATGTGAAGCCACTAGAGGGTCCCCGTCGGCTTTAAGGGGTGCTCTGTCGCTTGCCCATAATTAGGGTCTGTTACTCCAGCTCCTGCACGTCGGCGAACATCCGAATACTTATAGTCCAATAAGGTATGAACGACCGAGCAACATAATTCTACTCACCGTTACGCAGAGACTGAAAGCATCTGGACCTTTATCTCTAGTCTAAGTCAGGAGAGTCGAACCCTCCTAGCGGTTGAAACTACTCGCATTCGTATATCACTTCTCCGAAAAGAAATCGACACCGGCGGGGTCTGGATACTCCACGCAGACATTCAACCGCCTGGTAGACGGGCCTTTAACCCCCGGCCCGATCCGCTCTCTCCTGCGCCCTTGTGTAGCAATATTATGAGCCGGCCGTGGTGGCGTTGAGCCACACGACTTCCTTCGGAACGCTTCTGCGTCGCTACGCCCTTTTCGTGGCGCTCTTTTGCTCGATCAATGCTTACTTTAGAACAGGTGTGATTCCGAGTGGATACGGGCAGCGTTTCCACTATAGTATAGTCTTTAGTATATAGTTTAGGCGGTCTATGACCAGGTCTATTCCGTGTAGCTCACAATAGCATCGAAAGCGTTCCGGACAAGACGGTGGTGATCGGATAAGGGGGATAAGATAGACCCGTAGTTGTGATATGGTGAAGACGTTTTTTTTATTAGTTGACAAGGTGCAGCACCTAAAGTGACACTATCCGTTCAGTTACCACCAACAACGTTTAGCCGCGTGTGCTATTAGCAATGGCTAACGGTATACGCAACTACAATTCTAACGCGCTTGGCCCCGTTTTACAGTCTCTCCCCCTACCGAAGCAGGTCATCTTTGATGTCATGTAAAACTCAATCTCCCCATGCAATATCTCTGTTAGATTCATTCAGGTTAGCGACTATCACGTGCCACTGTGCACGAGCAATGGTCGCTTACAGGTTCCTAGGCATCCCTCGTCGTTCGTTGATGTTGTCGGGAAAATCGTCGTGGATCACCTGACCTTTGATTAGCCCTGACTGGTAAGGATACTTCAATTGAATTAACGAGTATTACATCTTGAGCATGGACTTGAGAGTAGTAAATAAACCGACCTGCGGGCAGTCCACTACTGTACGTATGTATTTTCGCGGGCAAGGCTTTGAGGACGGGCCCATAACTAAGAAGAACGGGTCCATATGGAGAGGACGTGATATAAGTTGAGCGGTCGTCCGAGGTAGATATGAAGCGTTGAGGAGGATTCATGAACTCAGCAGCCCATCGATTTAGGACACTTATACATAGTGCTCTGACGGAACACCGATTAACCGCACTGTGAAGGAGTCGACAGGCAGTTCCACTTTGAATACGTCCGCGTTGTAGGGCCGGCCCAGGTGCCCTTGAAAACGTGCTCCGCGCAACTTACCGTAATGTTGACCATTCACCGCTAGGCAGGACCGAGGGGCCGGCATACTAATTGATGCCGACACCCTTCGTCTCTAGTATGATTAACGGACTCGAATAA,1939,49.56,Drosophila melanogaster
SEQ_842940,CCGCGTCGACCATAATGGTTGAATTCCTTTGCGAGTCTACAGCATGCACTTGGCGCAATTTTCGGCCGATGGTCCCGCTCATTCGAACCACATTCACTTTTAAGCGACCGAA,112,50.89,Mus musculus
SEQ_903651,ACAACCATACCCTACTTATGAGCTATGAAAGTCAGGACTCATACGCATCTAATTCATCTTCCGGCCGATCGTTCGCCCTTCCTTATGCTCGACAAGACCTTAAACGTCGGGCTAATGTAGTACTCAGACAGACTACGAACAAAAGCTCCCGCCCTATCAAAATGGAGATTACATTTAGGCTCTTGGGGGCCGAAGCGTTTTGCCCATAAGTCTGCGGACCTGTTCCCCCTTTTAGCTCATTGAGCTGACTGATAATATCGTTTTAATTTTCTTAACCTCGCGCCGTCTTTTTGCCTGTTCGGGCAGTGCCGGATGTGATCTTGCATATGGTAAGGTATACCACAGCGCTGATAAACGATTGGTTGATAGGCAGGATTCAGACGCCGACATTCTAGGAGAGTGTATATTCACTGGTAGCGCTTATCAGAGTTCTCAGTCCAGAATAGGCGTGAGATGGTTTAACGGGTCTCATTCGGGATGCTAGAAGCAACTCCCTCATTTTTATGGGTGATGGTCGATTCAAGATATATGTGACAAAAGTGATAACCCGACAGCCCTTGTGAGTAACGAGCTGACGGCCGTAAACCACCGAGAAGGAGTCTCAGATTCTTCTTTGTGTACAAACCACGAATGATAATGAGGGTTGCCTGCCACGCCCGCACGC,664,47.44,Arabidopsis thaliana
SEQ_906571,CCCCCGATCGCGCCCCACGTGCGATGCGCGATTAAGACTGGGCTCCGGGTCTTGTAGTCGGCACAGAAGTCGTACTACGAAACGCGTTCCCATCCACCGTAGTTGAAGGAGGATTGGACGGCATCAGCTGTAGGATTATCCGCAGGGGAAGAGTAAAATTAGAAAGCCGTCTACACAAAGCTAGCATAGTGTCAAGATGTGCGTAATCCTCACGCCATATGGTCTAATATCACATGAACCTATTTGTACTATTGTGCAGAATCCCTCGACAGTTTCCCCACCACATAGACTAATTTATCAAGCTGCGTAATCGATAATCCTATCCGCTCCATGCATTCCGAGCGCCACGACTGGCTTCCCGGGATGCTTTCTAGTACCCGGTGCCAGCCCAGCAAAGACGTCTGCCTTCAACTGTGAATGTTATACGTCCATAGCATGGGCTGACCTTGGACACGTAAATTAACGAACACTATTCTCTCCGGGTTGCTGTGTATGCGTCCGTGCACGTGGTTTATACTAAATTTAAGATGGATGGAAATTCTTAGCCACAAAACGGTCTTCTCTGAACACTATCGACGATCACATTAATAGAACCAGGATGGTTTTCGAATAATGTCAGACTAATCACTATGTTATCCTGATTAACCATAGTAGCAAGGTGCTATATTATCGATAAAGGAATGGTAAGGAAGGCTCGTGTGAGAGTGCCCGTTCCGACATGCAACCAGTTGGAGCGGGATGTCTTCTCCGCCCCTGCCTGTTACTAAGAGCGTATCACAACGTCCAGTGCTTCTCTCCCGTCTCGTGAGTCCCCTCAATTGTTCCCATTTGGACTTTTTCAGACAAGCCTGATGGTTCCTAGGAGCATTCTTGTGGCTGTCACCCCAGTTGGCGGCAACTCGGCGTGACCGGCCCCACCGGTTTAGATTCACTGCCGGTAACAGAATAAACTTTGATTCGCCAGTCGCCTTTCAATAACATTGATGAACTCAGTATGAGGGGAATCCAAGACTCAAACTTGGGTCATCCCCATGCTGGTCGCTCACGACCAAGTCTTTTGGGTAATGCGTTGAGAATGAGCGATCGGCCTAGACGTCGCCCTAGTCATAGCGTGCTATATACGCCTCTGCAGGCATTGACCAAACCCAACTTTTCGTCCTAGCCAAATATGTGTCTGATTAGGTCTGGGCTTCTTTTAAAGCTCTCACTGATTGACGGTCGTGACATTAGGCCATTGTAAAGTATAACCACATCCCTAATTTCTTTCCAATGGGT,1275,48.31,Arabidopsis thaliana
SEQ_381154,GGTTAGTGCTGCCGAAACTGCATGGCCGTCCTGGAGCGAGCACCCAAGATAGTTGAAAGCCGAGCCATTGGTGAGATTACCGACAGGTACGATTCACGAGTACAAGCATTAAATGACCGGACATTAAGACAGGGCCTGTAAGTGGATGGCTTCCCTATGCAGCATATTCGATAGATCAAAAACCCAGAACTTAGAAGTGTTATGTACATCTGGGTACGCCCTTCCAGCCGCCTGCTGTCAGCATCACGTTTCGCAGTACGTCCCAGAGATGCATTTTAGCAGGAAGGTAAGAAAGCGGATTTCGTGACAGAACCTTAGTGACCACGAAACTTTCAACTTTATCTGTACGGTTAGGTGTGGCGCAAAGTTCCCCCATGGACCGGATCTACAATAATTGCACTGAACACTCCGATACCCGCAACCGCGAACTGTTGGACTAGCGGTAACGTCAAAAAGCGAACCGTGCGTTACTGTTACCTAAGACCTACCCTTATACCGAGTACAAATTCTAAATCGGACCAGAGGGGATGC,531,48.96,Arabidopsis thaliana
SEQ_855014,ATTTGGCGCAAATGACGGGCGAGCGAATATCAGCTTCCCCTTTGGTTCAAAGACGCCGTGCAGGGTTAACGAATGGGGATCTACTCGTGGCGCGATTCCGCACGTATTCATACGGGTGGCCGTATAATGGTCGAGGAGCTAAAAATTTAGTCCCACCTACTTAGAGGCACAACTCACGACTCGGTGGCGTAATGTCTATGCCGCGGTTCCTTGGTGACCGCATGCAGCGTCGTGACTGCAACACATTCGTCTATCAGCTTCTTCGACAGTACTATGTAGGTCGTTTGCTAGAATGGAAGATATGTGAGCATCCAGGATAAAATAGTTCAAGGCCAATCACCATTATCACAAATCATATGTATCGTCTTGTAGCAGACAGCTGTTGTTGCGGCCACAGCACTGCTGAAGTCATTACTTGGAAATCCCGGACTGCGCGGTACCGGGCACTAAGCAAGTGTCTGTTTTAAATCAACATCATCAAACGGACGGATGGCATATTTTGCGTCAAGTGGCTGACTTCCTTGCTAAGCCTCACCGTATGTAGTGTCTAAGTAAATATCAGTCAGAAGGGTTCCCGATAGACATACTTGTTAGGGTCCCCGATAGTGCTTGTTCGTCCAGCATCGGTGTCGTCTTTTCCTCTTGCCTGGAAACCACCTATCGTTGCGAGTAGACATGGGGTACTCCTTCGTGCATCCGTTTGATTATGTTGGGAAACAGGTCGTTACGCGAACGAGGGATACCTGTTGGGTACCGGAACCGAAGAGCGCCATTCCTTTTAACTCCCCAACGCTACCACAGCTGATATCCTTGTAAGCACTCGACCTTTTGCGAGGCTTGCGCGAGCCCAATCACGCGAAAGGGATGTTTATCCAGCGCTACAATCCTGCGTTGTGAGCAGGACGTTTACTCCGACATGATTATTCCTCACCCGTGTGCCTGTCGGCAAAACGTAAACAGCAAACGCGAAAGCTGTTGCGAAAACTACGTGCTACATTGTGACCATGCTCCCTGTAATGAGTTGCGTTTATGACTGGTTATTCATGCAAACGGTGTATTACGTGAGACGACACATGCATAGGTGATATATCATCCTCAAGCGAAACTGAGTGATTCGCTCTGACAGATATCATGTCCGCGCAGGCGGATTAATACCCTTCGTCCATGTCGACACGCAGGCGAATTAATGAGTAGAAGGGGGTGTCAAATGTGCAACCCCGGAGCCTAACCCTCTGGCATAGCCAATGTTCACAGTATGTTCGCCGTAACTGCAAGGTGTCGATGCGCGCGCCTGGTTCCATGATTTTGAGTACGGTGACTACCAACTGATCTAGAAGCGAGGGGTTTGTACTTCTCTACAAGTACCTATGCCCGCCTAAGACGAATATTTGCTGTCAGCTTGTTAGTAACTAGGTAAACATTAACTCCAAGCCAACAAGAAATATGAAGCGTGCATCGACTAGTTCGCTCGCCTAGAGGAGCCCAGCTAAGGCAATGCTTCTGCCAGCTGGTTGCGCTGTTACAAAGACGGGGCTTATGCGCCTCGATGGTACGCGCGCACAATGGTTATTGGGCTAGTACCGAATAAATCATCTCCCGCCGGGAATAACGCATCCCAGCACAAGTTGGCTGGTATCCCGTGCCCTGAATCACGAGCAGGAATCGTCGACTCGAAACTATCGAGATTCTCACTAATTTAAGGAGATCGGAGGGGTCGGTGCGTGCTATTTTGCTGCGGAGCCAATCTTGCCGCGGTGCTACTTCACTAGACACCTTCTGCGTGCAGCGCAAAATGCATTCTGCCGCACTACTTCGTCCAATATAATGTTCGGGCCCACATTTGTGCCGGTTTAATTTGAATGGCGAGGTCAGATAAAATGCCTAAGGCCGGCGGCGCAGTGCCTCAGGAGGTAGCGTTAAAGATTGGCCGTCAATCGCCCGCACTGCCGTGACTAGGACCTCAGGACGGAAGTCTAGACAGCAAATATCA,1990,50.05,Homo sapiens
SEQ_801268,GACATGTGGGAGATATAATTCTTTCCTCATTACTGCAGGCATTAGTCGACCTAAACACCGGGAACCGCTTGGAATGAAGTGAAGGGTGCAGGAACGAAGCCGGAAATCGTCCCCGTAAAACGGGACGACCACCTGTCGCACCTTTTGACTAGGGAGTTCTGCGGATGCCAGTGCGATCGTGTCCGGCGCGGGACTGGACACTGCTTTAATGTCGGTCCTCCATATGTTAAAATAGAGAGGCTTTGCTCAATTCAGTCAAGAGGCTCCCCCGTAGTTGTACCCGTCGGACATCGGTACCGCGGGCCCGCTACCAGCGTCGCGTAACTAGAAGAATTAGCCTTGCACGCATATTCGAATCTAACTCAACACCTAGCAGGCGAGGACCGGGTATTCTGACCCCGTAGTGTCGTGAAATAGCTGTGACAGAGGTGTCGACCCCTCCACAGAATAGTTTGAGTTACTTTATGAATCAACCGAGGTATGCATCCAGCAGCCTCAGGTAAGTACTCGAGACGTCCTACCTCGAAGGAAGCGCGAGAGAGTCCATTCCCGTGATCCATACGCCACGAGATAACGTGGACCTGGCAGAGTCGTTACACTTCTATTAGCTACAGCGCTTGCCGCAGGACGACCGTGAGCGCCCTCTGCTACTGACCTACAGAGTAAAATCTTCGTGCTCTGGAAAAATCCCTCCATCACCCCGGGCATGCGGATAAAGAGACGTGTGTTCAAGACTTTAATGTGGTACTATCGAGCACGACTAGACCTCTCTGTCTCTTACTTTATTAAGTCAATAACACAGGAGGAGAAGCCAATGGACACTGCTCAGAGCATGCAAGAATACGCACGTCTCTGTCCGCACTTGAGCGTTACTACAGGGATCCTACAACGCGCTCCCAAACGGTTCCAGGTTTTGCGTTGAGAATGAGCGGCTTTTGTAGTGATTGGAAACCCAGGAAGTAATGTCGTAAGCGCATTGGGATCTCGTGTCACACGTCGTCTGTTACTGAGGAATATTTGTCATTCCACATATTTCCGAGCGTGAACTGGTACGAGCCGTCCACCCAATGTTGGCGTCCCGGATACGTCCTGCACCCGTAAGAGCTGTTCATCGGCACTACTACGATCCTTACGTTCCATTTCCCGTGCCCGCCAGTCCACCAAATCTCTGCAACCCTAGCGTAGATGCAGTCGTGTATCATTCGCCGGAATGTATTGGACATGTGCGGTGGTTACGCGGGCCCCAGCAGATAAGCGCCGCGTCATGCGATACCCTACAAGTCCACACAGAACCCATCCGATTAGTGAGCGGGGTATGCCTTGGATAGCGCGGCGACTCTTCATCCACTTGCTCCTTCCCGCTAGACCCCGTGTCCCCTCCTTGGGATGTTCTGCTGTCTAACTGTCTACGCTTCCCCCTCTCCTCGACCACGAGCCAACATAGTCTCTGCTTACAGTGCCTTACTCCGACGAAGTCGTGACCCATATAAGCTCGTGACGGAACTAATAGCCAACCCGACGAAGTTGAAGTGTGGCGGACGGAGACTCGGCGAATAGATATTAACAATATGCAAAATTGGACCAGGCTGGCTCCAAGGGGAACAATTTGCTTATTTAGCAGGACGCTGAACGTTGACCCTCATAGCACCAAATGACA,1657,52.14,Saccharomyces cerevisiae
SEQ_833474,TCGTACTAACTCGCACCTAAAAATAACCAGAATCAACGATCTGCCACTCGCAGAGGCA,58,46.55,Saccharomyces cerevisiae
SEQ_419187,GCTGTGCCTATTGCATACTTGCAGCGGCTGGCGCGTTTTCGCCAGGGGTAGGTACCTTAAAAAGCATGGAGTGTAAGACCACCGGTACATTGTTGACAACTAGCGCTTACATACCTGGTTATTAGGCTCATTTGACTAATAGGGGAAGCCCCGGAGAAGTACGAATCCGCGGTCATGGTACGCCCGATCGCAGGTAGCAATCTACAGTACGACTGATGTGAACGCGCACAGAGCGGGACTGACGTACTAGATACTCCTTGAGCTTCTCAGTTCCACCCAAAGCTCGCCGTCGAAGACCGTATCGAGGAGTGCCAAGAGAGTCGGTCGGTCTATCGCTTTAGTCCCATTGAAGATAGTCAAGACCAGCTCTACCCTCCTTATTGAGACGTTCCACCGACATAGACAGTTGTAGAGGATAGCCTAAACGCGCACCTACATACGCTTGTCTGACTAACGGCAAATTTCGATAAGCCTGATAGCCGAACCTGAAACGATGGCATTTCGGTTAAATCGAGGGACAGAGTGGGCTACCATTACCGACCTTTAGCAAATTACGTGCGCGTGTTCGGGGCCATCACTGACGTTGGGCGAGAGATTGGCGGAGAACGTCTGCCCCTACCCTCGGTGTTGTACAGTGTTATAGTATCTCGTCTCGGGCTTATTGAACTGAGGTCGACTGTCATCCCGCCTTGTGCCAGTTTAAACACGAATGGTAGATAGGGCAAGTGTACTTCTATACCTGTGATTTGAACACACCCTCAGTACCGCTGAACGTAAGGTACATACTTATGGTGCTAGACTGCCTACACTCTAGTAAGTTCGGGCTAATCCGCGTAACGACGAAGGCGATACGTTGTCAGCAGGCCAGTGATCGTGCTTACCTCACTAGGGGCGCACTTCAAGGTATCCCGTCGCTGTTCTTCTATTTCCCAACGTTCCATGTGCAACACACGATACAAGAAACGATGGTACCGGCTGGGTGTCGGCGGTCAGAAGTTGCATTGGGATGGAGAGCAGCTAAGCCTGCCTTTATGAAAAATTTCGGACACGTAGGACACCGACGCGCAGCAGACGCTTAACCGTATAGGCAAGAAATGCATAATTCTCCCGCGGCGTGGCCGGCACTAAATCCAATCAACCCGGACCGTTACAATCGCACTCCCGGTCGAGCACTGGGGGTAATAGGCCGAGGCAAGGGTGAAAAAAATCGCTGCGCTTTCCTGCTTGAAGGCACTAATATACTTCGTAGGTACCTTACCTCAACTAGCTGTACATACATCACAATGGTCCAGCGACTCGTGAAGCCGTCTTTGAGGAAGAGTCAGTCAACAGGCGTAGTTGGGGTTCAATGTGTGCTGTGATTGATATAATTCGAATGGGGAGTCATTACGAGACCCAGGTGATGGTCCGGTGACGGAACTAAACAAGGGAATAAGCAGGAAAGGAAAGCGCTAGGACAATTAGGTAACTAGCCGGGGATCCCGAAGGGGGCTAGCTGTTCGGCGACCCAGCGCTCTGCACGTCTTTACCAAGAGGGTTCGAAGATGGCTATAACTAAGTTGTCGGGCCCTCAGTTGGACTTCACGACGCGCTTCAAAGGTGCGAGAAGAGAGTTTTTCATAAAGCTGCCGCAGCGTAGCGTGTATAGTCCCTGTCTTACCTAAGCCTTTCGGGGGCTGGATTGAGTGATTTGTCCTCGGACCAATGTCCAGGGGGTTACCCCAGCAGGTGATGCGGGTTTGCCGGGCAGTCGGCGGGTGTTTGTCATGTCTTTTTTCAAAAGAACCACAAGT,1793,51.48,Caenorhabditis elegans
SEQ_461223,TTGTAAGGAGCCTTCTGGCGGAAAGATTGAACCAGCAAGCTCCAATCGTCCGCAGACGAGTGGGCACGTGTGCTGAGACCTCGCAGACGGGGTTACCGGGTCACCATTTCTCGCAAAACGTTGTTAACCCGCCTACACACAAGAAATAACGCTTCGGGTGAACCCACTGTTCGGTAGGCTCCTACACGTGCTATACGTTGTCGCAGTAAACTAAGAGTGACAAAGCCTGTCGCGCTCGTTGGCTACGGATTTACACCTACGGTATATTCCTCGCCGCACACGAACCGGAGCGGTGGCCTTCCATCTCGGATCTGTAAGACCTGCGTGTTGTAATCCACAGGCCGCCTTTATCCTGATGCTCGTGTCTTCCACCTGGGAGCACCGTCTAGGCCCAGTTGTGATCCTTGATAGGGGAGGTCCGCTCCACACATCGAAGTTGACCTGCTCCTTTTAATAGATCAAACAAAGAGGGCTTGGATACGCAGTAAGAGCCTGCCCATAACAAGCGCCCGTAGACGAATAGCTTGATACGGCCGAGTCCTTATACTTTCTGAGCAATATCTGGTTGCCGGCGCTACCGCCATAGATAGTGGGGACTGCGAACGATCGGCTCCCAGTCTGAGTTAGAACGTATCCCTTGTGACAGTTTCTTGTTGCTCGAAACTTTCATTGCGTACACGGGCTGGTCCCCGCTGTCGTAGCGGAGCATAATCAGGTTGGACCCAAATAGTTTAAGGATACCCACGTGGTGACCTAATAATTTAATCGGCAGGAGCCTATCCCTCGAGTGAAGCAAGTCGATTCATCGGCGCGAGGCCGGCGCGTCCACAGATTTTGGGGCCACACGCCGCTGAACTAGGTGCCTACGATGTAAGAAGAAACCCGTGCTGTCTCATTGATGGCTTACGCGGACAACTTGTTTTCTTAGCTCCAGGTTTCTGCATATGTAGTTGACCACACTGGCTATGGTGGCGGGTTTCGATTCGGAAGGTGTGATGTAGCGCCTTCTTACCGGGCCCGTTGGACACCGATGGAAGGTAACGTCAACTGGAGTTCATGACGTACAATAACATAGCAAATCTGCCTCTCAATAGCCAGTAATTTTGGTTACGTACACGTATCATGTGGCAGGCTCCCGAGACGTAGTTGAAACGCAATAATTTAGTAAACCCCATTTGGTCTGGTAATACTTTCCCTCACGATGACTCTCACCATTGTCTCCTCCAAGGGACATTACGTCCTGGTTCGCGGCCCGTGCAGTGCTGCATGTATGAACAAAGCCCGAAAAGAAACTTCGGACAATGAACGAGCGATTGCGTTTGTCCCACATTTCTATTTGGGGGCGACTGGTTGTTAATACTTCTACAGTAATCGGGAAACAATCCGTAAAGACGCTCCTAATGAGAAGCAGGTGTGTGTTTAGGGTAGTTATCCGCCAATAACAGGCCTCCATTCAATCGCGGCCATAGCCGCCGTACAAATGAACCACTTAACTTCTGTCCCAATGCCTACTTATAGGGTACCAGAATAGAAAACGTTGTAA,1543,50.68,Saccharomyces cerevisiae
SEQ_162389,ATAGCCCAGGTCTACTCAAGACCTGATACCCACTTTCTAATTTATTGAAGGAGAGTTGAGCTATGAAATAGGGTGGGTTCCGCCTGGATTGTCGGAGACCGCAGCGAGCTCTTTACAGGTCTACGAGCACAAAGACTAGAATGGTAAGGTACAGGGACCCGTGGCGCGTGAACACGCTCTGGCCATCGGGTCTTGTACGGAGATCCACGAGATATCCAGTAACAGTGTCGATCTTTTCGGGTTTCACTATCTTTAACTGGGTGGCTTTCCTACGCTTACTAGCCGACATATGGTTTATCCGTTATCACATATGCCGACGGTGCCTCGTGAGTGAAAAGCGGTCAAGTAATGCTACACATCTACCGTGCTACTCCGACTTAGGGCGCGAGGTCATAGCCAGACACAGGTGTTAAGTTCACCTACGCCCGTTGACGGCCCCA,440,50.91,Homo sapiens
SEQ_346130,TTTCAATCTAGCAAGACCCTCGAAATGGGTGGTGCAGTTCAGGTTCGTGGTCAAGACTGCCTTGAACTGCGCTCGAGTCAGATCCTTGGAGCGTGTACTGACGCTCTTGCTGTTCTATTACCGCTTAAAGTGTCGTCTTGAAGCAACCGTTAGATGAGCCTCTTTAACGGTACTCCATCATCGGCGGCACTCTACATCTGGCTCGCGATCAAGGTTCAAAGGCGGCAGATGACTCATGGTCCAGTGAGACTACACAGGATAACACAGGGACGAAAATGCTGAGTCTCCATTACGGAGGCGACCAAAAAATTCTTATTGACGTTAGACACGCGTTATGTGCAGGCTAATGCATGAGGAGTATACCGCCAAGAAGGTACAGAGGACATGTTTTGTACTTTCGATAGGCAATAGATCCTATCGATGACTCTTCGATGAGTGGGGAGGCGAATGGTTGCTCGAGCGAGCGTCGTAATGGCGCGAGAGGGTTCCCTCGCCTTCGACCGTCAGCGATACGACAAAAACCTCTTAAGATCCTCGGTAAGCTACTGCCCCATTAACACCTCGAGTGAGTTGTTTAAACCTACGGTCCCCGTAGGAATTGGCACGGCGGCTTCTAAAGTAATTGGGTAGTCCGAGGGGTAGTCCCCGCCTGACAGGGAATAGGTAGGCAACGGTGCAATACCTGCTGCACAGGTCGTCGAAAGATATTGTGAACTAAAGCGAACAGCGGTCACCTCCGTGAGTGGGTTTGTTGAATTTCAAACGGTTACTACTAACCTGCGCGCTTGACTACAAACGCGCTAAAAATGGAATAATAGACACGGTATCTCCATCTGTGAAATCTTTCGAATGGTCGGTATGTAGACACGACTTTCTGTCGCGGCTCATGAGCAAGCTACTCAGATTACCCTGAATAACGGGGATACAATAACCATCCCGGTACTAAATCACGTGGAGCACGGGACGTGCCCCAAATTATTAAAGGGATGCTCTTTTTAATTGTACCGTTATCTTTTAAGGCCCATTGTCTGGCCAGCCAGGCCATTTAATTTGACTGTCACCGAGGGAAGTGCTGCTGACCTTTACTGTCTGGAGGTGCCAGAAATTGTAGCGCAGATCTGATCGCCGATGAGACAGCTCATGGAGGGATTACGGTATTATTGGCGATCAGAAGCCGTTTGCTGTGGAGGACTTTCTACACGCATAGGTGGTAATGTGAGCAGAGCCAATAATTCCTCCATGGCTTTGGGTGCTGATATAGGCCTGATTCCGAGGCGCCTAGTCACTGGAGACTTCGTGTGTCGATTCTCGCGTACTACACGATCGGTCTATGTTGGGTGGTCGCTTCACGAACGTACACAATCGGCCCCTGTTCTACGCCCGATTGATAGGACTATAGGTCTTATCTTGGGCTTTGGTAGTAAATGGCTTCTGCACCCTGTAGCAGGAAGCGGAGGGCAAAACTCAGTTCACTAAACTAGGGAGTGGACCGACCGGGCGCGGTCCAATTATCACTTCGCAAGTTCACGAGAGATGATAACGGAAACACCCAGGGACAATCCATGTTGAGTGGAAATCGTGTCAACGGCGCACTCGGATTTAGAGGGCCAGAGTTACGTCAGAATCCTGATGGTATCGATATTAGGGACGTAGCCGGTAGTAGGTGGAGTGGGATCGACCGCCGTATATGTCTATACCAGAAATGTGCGGAGTGCCGCTTAGAACCGATAACCTGCGCCATTTTGGCCTAAAAATGATCTCGGTGGCCGAAAAGGAGTGTGCTTAGCTCTGTAGTAATTTCTCGAGTCCCCCCTACAAGTAGGCAGATGCTTGCGGCAATCGGATCACCCAGGCGGCGCGTGGGCAGATTGTCGAGGAAATTCCATTTGTTGAGCGCCCGTTCCCACCCTATTCGATTTTCACATAATACACCTCATAGCCAATATCGAGTTATAAATGTGCAAGA,1966,49.8,Drosophila melanogaster
SEQ_702489,AGCCGATACGTGATTTTCGGACTGGGAACTCCACTTGTAAGATCAGCTTGACTTCGTAGTGGCGGCGGGAAGTTAACCATGGAAACACCGGCTCGGC,97,53.61,Escherichia coli
SEQ_331631,ACGTCTTGTTCAAAATTTCAAGAATCGGATTGCTTGATGATCATCTGTCGCATGTCACGTGGTCGAATCTTTAATAGGTCCGAGCGTGGCTAACCGTTCAGCACCATCGCTAAAGTCAAACAGCGCCTCATATTCCTTACCCTCGTAACGTGCCATCCGGGGGAGAGCCATCAAACCGGCGGGACGCGCTGGGGGTGAGCCTCTCTGATAGTGTCTACCCTGACCGTACAGAACGTCTCAAATATACACGTGTGAGACTCGACTGGATACTATGCTAGCCGTTCCTGTTGGCTAATATGACCATCCTTGTGGCCAGAGGGTCCAACACCCGTCGCGGCTGCAAAAGAGAATTATGCATTGTTATACTGTATACGACTCGTCGCCACTGCCTGACTAGTCGAGAGTGAACAGCCAATCACGACAAAAAGTTGTACGTAAGCCTAGCATTTGGTCTGATATGAATATATTGCGAGATACGGTCTCCCCTCTTGTGCCGGTTTGATCGCCTAGCACAGAAAGTCTGGATTACCGCATATCTACAGTTGAGATCGTATCTGAGACTTGACTAGATGGTAGGACTTTTCACTTAGAGTGTCACGGCTGCCGCATGTCATGATATTGGAACCGCTTCAGAAACTCGAGATCTCACGCACCTCTTAGTCGTTTCCCTGAGACTGCTAGTATGCCGCGCACAGGAAAGCAGTAGTCCGACGACGCTGGTGGTAGGCTGTTGCCCTTCTTATCCCGATATACTTTAATTATACATCGTGGTGTACTTGCTTTAGGGAAATGCGGTTACTAGAACTTGCGTGCATAAGCGTCTAGCTATGTGGAGGGACAGTAAACGTCAAAGTAGTTCCTACTTTTCTGATCATCAGGTTCAAGGCGTGGGGCGTGAGTGCCTGGAGTGTGGGGATGAATAAGTCACAGAATGTACCGATGGATCTAGATGCTCCGTTGTATAGAATAAGCCCAATAATCCAAAAAGTTACTCTCGGGCAATGCCTAGATGGACAGTCCAAGAGTTAATTTTCAGTGGGTGAACGTATGGCGCCGAATTCGTGCAAGTCTAGCGTACCTATCGGGGAGCAGCACGAACACGGATAACGTGCTACCCTGCTTCGTAACAATAGCTAAATCGACGGCGGATGCTTAATGTGTACTAAGTAGGATTAGTTTGGCGGACAAGTTCCACGTCACAGAACAAAAAAGGATGGAGACATTGAGGTGAAGCTTTGGTAGGTTTAACGCGAAGAGAAAATCTGAGAGAATTTCACACTCCGGCGACTATGTGCGTCTCTTCCTGTTTGCCTGACCCTAGCATAGCGGGAGGTGGTGACAGGTATAATTGTATTGTATGACTAGTATAAGTGGAGATTCTCCTTCTGTGTAGTTGTCTAGTTGTCTCTCAGAATCGCGACTGTCACTACCGTAAGCTTCTCCGTCAGGCTCCTGCGCTGTCGGAGCCCCCTGCCATGTATCTCATCGCACGCTGTAGTCGCCGCTATGGGACTCTTTGAAACTCTACCCTTCAGGAGAGCCGACTATGGTCCTGCAGAGCCAGCTAGAGACTTGATCGAAAGGAGCCTT,1590,48.68,Arabidopsis thaliana
SEQ_996781,TGGGGCTTTTGCAACAACCGACGCGGACGCGCTTGGAAATGCGTCCGCACCGCTAAACTCTGTTGGTACCGAAATTTTACCTTAAGGTTAATCTGCAAGGCGGTCAGAACCCTCTGCCTAGAGAGGCCGGAGTTCTTAATGTAGCCTATGTCCAGTCGCGAACCTAGACTCCGCTGAGTTGAGTTCCGAGGGTACTACTACTGGCACGTAATGCCGTGGAAGATCGAGTACATTTTAACGCCGGAGACACGCATCTGGCGATTATAAGGCGTGTAACACTGCCCGGAGTTGACTTAATGTGAGCGCTAATATCATACGAGCGTATAGCAGAGCACCTTGATGGGGGGTACGCTGCGCGTTAGCCGACCCCACAACCCCACAGGGCCTTCCGAACAGCATCTAGGGGGTACGCCTTCATATCCTTCGACCAGACGAAACATCGGGCTACGCTAGAATATTAATTTTTGGTACCCGCTGCGCAAGCTTCTGGTACTAGATAATCGCGACGACCGGGTGACGGTCACTGCCGTACGTGGCGTCCATCCGCTGAGTCGGAAGTCCGCGGCGTGAAAGGGTATTGAGGGTTCATTGACTGTAAGCGCTGGATGGATTCTAAATCCTGCACCCAGCGCACTCACTGCACTTGGACGGCAGGCACAACACACCAACAAATCGGACGAGATTGGATTCAGTGTGTATATACACGCGTCGAAACGGTACGCATGCTTTAGCCACGTCTATCTTATGCATACAGTGATTACCTTTTACTGGCTTATTCTCTGTCTAGCGGGGGCCGGGGTGATATGCTCAACGTGGAGAACATTGAGTCGAACGGGGCGGAGTACGCTATGGCGTAAGTGTTCATAAGGCCGCCACCACCTCGCAGTGCACTTTCCTATCATAATCAGTCGATGACACCCGGGGTTGTATGTTCTCACCATTACAAGCTGGTTCAGTTGACGATCAACCGCCGGTGGCTGGATGTGGCTCTCTTGTCGGAAATGGAGGACAGTACTTCCACAGGGACGAGTGCCTTTCTGAACCTGACAGTTCGGGGCAGGAGCTAGTTGCCCTCACACATCAAGTGCTGCAAGTGGGGATGGAAACAGTCGGTTGTATATCCTGCAGTACGCACCACAGAGTACGTCGCTTACTACCTAAGGCAGGGGAAGGTGATAAGACTGATTCGCGTAACAAACTCCCCTCAGTTCCGCTATAGCGAAAAACGCAATCCGGGCCGGTCCCACCAGGAGGTCTGACGTCCATCCAGTGTAAGGTATGA,1282,52.96,Drosophila melanogaster
SEQ_629464,AAGATGTGTTAAACACTGAGTGTATTGTGAGCCTCACCTGGCAGGTACGACCTCATACCTCTGGATTAGCCGGGGCTCGAAACTACGAGGCTGTTATTTATCCTTACTCTCCGGTCGAGGCTTCTGAAAAAAATGCGACAGTCCAGTGTTTCTTAGGGTGCGAAGGACTCACCCTACTACGGGACCTCCGCCCAAATCGGGCCTTATGGTTGAACACTATAATGCGAATAGACTGCATAGAGCAGTCCAATTTCCTTGTCCCGTCTAACATAAACCCTGGAGACTGTCTAAGACGGTCGGACGGCCATCATTTCGATCGTCAAAGCAACTTTACCACATTGATGGTTTAAAGCTTAACGACTTAGTAGGCGAATTTGCGGAAGCGGAAAACGCTCTTTTACTACCCGCAGATACGCGGCGACCCGGCAATTCACGTGCCAGCTCATTAAGAAGTGAGACCGGGTCGTTGGCACCTATAAGTTAAACATGTGGAAAGTGCGATTCGCTGCGATTAATCGCAACCACTAAGTTTACTCACGTTTGTCGTCTTGCTTTTTGTGCGAGGCTCCGTTCCGCGCGATGAGAATATTCAATAGTCGATTGTTTCCTGACACGGAATTGTAGGTAACGCATCCGACCCGCACTGTGGCCTCGGATGCTTCTCATGCGGGTCACTGCGACGACGCAATCTACGATGGGCGCCGTTCAATCTCTTGAAAACCTCAGTCAGCTAACGACGATGAGCTGGGTGACCAATCTCCAGAGCCCACGCTTCACGCGAAGCGTAGTATTCGCGCATACATCGTCAATCGAAGCAAACTCCCTGATGCGGTCAACGCCTCCCGCACGGGGCCTGCCACCGTTGGGTTCGAGGACGGAAAGTCTCGGCACAATGAAGAGACATGCCTTAAATGCTGCGGTAGGTACACAGATCATGCGTCGATTTCTGTGGGCGTGAACTTTGTTATTAGGATCCCACGCGACAAAACCCAAATTACATATGGCTAGTTGTGTAGGCGTAACTATTATCGAGCTTAGGTGAGCTTGGGCAGAAGTCAGATACATATAACAGGTCCCTAGCAGGCCCTCCCGCATATTCGCTGCTTGATGAACTTTTAAGCTCAGACCTTACCACAACCGAAGGTGAGAAACGAGTCCGTGGTATGGGAATCAAAGGGTGCTGCTACCCAGATCGCCCCAAATGGCGCATTGGCGGCATCCAGAGTGACAGCATGTAGCTCCTACACCTACACGTCTATGCGGTACGGGATTACTCTTCGTATCCTATTCATCTGTCGCTCTTCCGCAACAGCTGTTCCCGCCCGGATTCACTCGGTCTTCCCCAATGAGATAGTCTGACCTTAAGAGGGTCTCGGAAATGACTCCCCATGAGGATGTCACGAAGCTCTCCCCAGCAATCGTATCAGGGAAACTAGCAACTTGGATCGAGAAATGGGCACTAACCCAGTTTTTAACCGAGTGCTAATTAGCGATCTTCCTCGAGATTGCTAACTGTTCGATATGTATGAACGACCGGCTGCACAAGGTCCGGACGCCCTACTCATGTTTTTACGAGGCTAA,1581,50.41,Saccharomyces cerevisiae
SEQ_573122,ACATACGCCCTGAAACTGCAGTATGTACGTGCTCTTTTACCCCTGTTCGTATCGTGATATATACCGGAGTCATTATGGATCAGACGGTGATCTATATTCTGCGCGCGGCCGTTTCGATCCCATGAAACACACGAAGACAGAAACTAGATTGGAGCGGTGTCGAACCTGTTACCCAATCGATAGGGGTCTCGAGTCGGAGCAAGTCGTTGTGCGCCATTACCGATACGCACGGGCAAATCCGCGTGGTCTCCGGAGGTAATATCTTTTATTTGTCTAATTAGAAAAAAAATTGACCGCAGTATATTGGGAGCCTTGATATTTGCGGAACTAACCCTGGCGGGAGTAACCCGAAACAGTAAACCTAAGAACAATGCCCGCGCAAAGGTATTGGCACACCTTGTTAGCCCCGGGGCGCCACGCCTTAAACTGGACTTACGCAAGGATGTATGTTGCACTGATGGGATCAGTGCACTTAATCTTCAGCATAGGCCTGTCACGGTAACAGCGTCATAAGGAGAATTGCCGGTATATCTGAAATACCGGCCCCATAAGCCGTCAAAATGAATACCTCCAGGGACTAACCGTCGATACGTTGTTGAGAAACGCGGAGACAGTACATGGTAAAGGACAAGGGATACGGATTGCCAATTGGCCGAGGAAATGTACGTTCCAATCGTATTCCGCCGAGATTGTTTGGTCGGAACCCGCGCTGAGAGATAACCTTGAAGATTAGTTCCCCCCAGTGAACCGTGCCCTCGACTGCACCAGGGCAATGAATAAGACTATGCAGCGATTGATCATAACGTACGTCAGCCGTGTCTTATGCGTCCGGTGAAGGTTCTGCCATTTTATAAGATATAATGGTTTTTGGTTAGAACACCGTGCCCTTATTTGGCTAGCCCCCAATTGCCCGTTACTACGCGCCAGTTCGGTCCCTACCCAGCTTGCGTTTGGAATTTCGGGATAAGGTCAGTCTAATGTGTCATTTCCTTTTTATTCAGAGCGAGGTTTTTGTATGCAGCGCTTTCTGCCACCGACTGCCCGATGGACACATGAGCTTATCTATTTCGAGGATATGGCACAAGCGACGGACAAGCCGGTACATAGAGGGTGGCGCTGTTGTCGCGGTGTCACTGGGTCGGAGAGGAACGCGTGGCTTTCATCTGCGGCAGTTCACTGCATATCTGGCACCGCGGCCCATGGTTTACCTTCTGGCAATTTGCCCTCCAATCCATCAACGCATAGCGGTTCCCAAATCGCCTAGACGCAGCACAACTCCTACCCTGCCCTGAATGCTCTTTGACAGCTGCAGGCAACTCAAGCGATATAACGACCAGGATCACTACCGCTGGAACTGGTGTCAGCGACTTGATGCGCCTTCCGTCACGCGCGCCGGTGACGTGTGCGCCGCCTAAGGTCGTTCACTATGCGTGTCAGAGAGTCTTGCGCGCTCTCCGGATCTAGCGTTCCTACCTTAGACTATACTCTCTCACAAACGGAGAAACGGTTCATGGCCCGACTGGCATATCTGAGGCTCAGAGTCACTCAAAATGGCCAAGCGAGCCAGCATTGCGATATCAACCGATGTTCAAGCATTTCCGGGCGTCCCAGGTGAGGATCTGGACTTAGCCGTCCCTAGAAGGAGGGCTATCGGGCGGAACCGGTACGCAGCCATGTCGACCCCTCGTTGCCAGTTTACCTCGACTAGTTTCCTATACAAAGGGTTAGAGCCCTCTCATCGGTGTCCTAGTGAGTACCCACCGGTGCGGGGGTCGCAGAAAAGATCCGACAACTCGATGTTGGCAGACGCGAAAGGATATACGCTTATTTTAAGACGGGCGGTTCAAGGTCGAAACTAGTTTAGGACCCGCGTGTCAGTAAATGAAATATGAAGTACATTGAAGTGACCGGGGAT,1915,51.38,Escherichia coli
SEQ_840076,AGCCAACGGTGACCAGGCGCAAGATATTAGATTAAGCCGCCGATGCCGGCCGAGATCCCGCTATGCCGGATACTATCAGTATCTACACAGAAGGAATGTCTACATTTCCGGGGTATATTATCCTGCACAGTACGGGAGGTATATAAGGTGTCGTGAGCTGCGAGGATGCTAGCCGTGAGCAACGTCGTTCGTCGGCTAGTTTCGGTCTTTTCGTCCCCTTGTCTACCTGGTACTTAAATGAGATTGTCGCATGTAAAAAGCCCCTTCACAATCATCATCATAGTTTGCAGGCTAATACGTGCTTCCCATGGAGTTCCTCGTCCACATAGCTTTTTTAGGTTCCGACATGCTAGGCGAACCATCCTATACACGTAACATTTACCAGGTAGGTAGAAAGCTGCCAAAGTTTTATGCTACACGCGCTTCGTCAGACTACCGCATGCTCGACGGGCCTTAAAGGACCCATCT,468,49.15,Arabidopsis thaliana
SEQ_293158,ATGACCACTAATTAGTCCCGCTCCCCGCATTAACTTACACGTAGTTGCTAATGGTGGTGCACTTATGTTGATGTTCATAGTATCCGTGACGGATCAGTTATGCCACGCAAGGCGACACGTTATCTACAGGCCAGTCCTTGAAGGCGGCTGTAGGGTTGACAACTTATGGCTATGGTGACACCTATTAAGAATTGGAGGGAGCTCCTTTGGAGGGTAGGCTTACGCGAGCCAGCTTGCGGGAGTGCATAGTCGGCACAGCTGATGCATGGACCGATCCTGACACTGACCATCACGGGAGCTCCACAACTACGAAGCGTGTGTGTGTCCCCGGTTAGTCCTTCCGATTCCATAAACCTTTAGACCAAGCGATCCATTTTACCACTCTACCCCTTTATGAGGTACGGGTTATATTCTATACTCTTATGGATATGAATTATTCGCTCTTACAGTTAGCTCTTGTTATCCCTAACTGACTGCTAGGTCTGGTCGTAGCTTATATGCACTACGGTCAACGAACCGTACGAAATGACGGAATTAAGCACCTGGCACAACTATTTCCCCGTGCCTAGGGCTATGGCGGAGGAATGTTATTGACCAGACCAGGTTGCGTGTGAAAATCCCGCGGCGCTTCTGTGTGTTCCGATTGAAGCGGGTCTGTACTAGTCGGTCTGAAACAAACTCAACCAATCAAAGTAGTTACCGAGTCTGTCTTGGGCCGTACCGTTTGGGCATTGTTGCCGACCCCAGGTTACGCGAGGGGTCACTCGTACAAGATTATTCCCACTCAAAGGTTGAAACAGATAGCAAGACTAAGATTCTATTGGAGATGAGTCACACGGCATGGAGTGGGTATAGTCAAGAGTAGAGAATGCTGTGTGACCCGCAGAATACGGAGCCCGAAAGGGGATAGCATCGGTTGGGCCGAACCGGGTACTTGTTGGCCTGTTAAGAAGGTCCTAGGAATCTTATGTCGTCCTCCCGCAAGAAGGCACACC,995,49.75,Homo sapiens
SEQ_263839,TGCGGGCCTAGGGTAACATTGACGGGAGCCCCGTGATAGGGAGAACAGGTCAATCGTTTCTTTTTTTGCCTTGTGGCGGATACCCGAGCGTCCCCCCTAGCGAAATCCCCCTGCTCACACAGCGGGACTCAATCACGCGGTAGCGCGGGTTGTAGCGGACACAAAGTAAGGTAACTACCTGCATGGTACTCTATGCCATGATCGGGACCGTGTCAGACGATGGTATTACCGCAGTTGCTCCGGAAACCTTGATCTAACCAGGTTCCGGTGGCAGACCAGCGTACTGACAAGTAAACTCACGTCGTACGTCCATTCTGTGCCGACAAAGTATTTTCAGCAACATGCGTTTTTAAATACCTCTACCCCCTGTAACAGAGGTGGGCTGTTTACATTACGCGTATGTCTTCTGAAACTGTACGCAGGAAATAGCTGTGAAGGAGAACTGTACTAAAACGAGTAGGTGTAGGACCGCAAAGGCGCCAAAGACGGCGTCAATGTAAGATAGTGTAAAATCCAAACAGGCATGCACTTGCGGAACTTTATTAGTTTCGTAGTTACCATCCCAGGAGTCGGCCGCCCGGATCTCCGGGCTTCTTACATTGCTCTGGCTGTTTCACAGGTTCGTACTTTGGTTGAGTCATGTGAGCCCGGAGTGCACGCACTAGACTCTGTATACAATGGAACTGAAACAGTCGTTATGCTGAGCTGTCGCGCCAGGGTAGGCGACCGCTACTGAAAACGAAGAGGACGTAAGATCTGACAACGGGTCCGAATCTGTTATCTTTTTCATTTGAAATCGGTACGTTCCCTGGGGGGTATGTTCTTTGCTTCTCGCCCTGGCCATAAGCCAGAGTTGATAACTACTGGGACCCTGAGCAGGCTAGCGGGTGAGATATGTCGAATGATCGTTCACGTGAGAGCATGCTGCCTTTACTATTAGGTAGATTGCACCCGGTGGACAGGGTCTATGTTATAGTGATCGGGGCAGGATGTACACTAGTTGTGACTTCCCTCTGCGGTCAATGGGTGAAAATGACGCCCACGACGTAGGATACGACATCCGATACCACTTTCGAAGGTCAACAGGGATTCTGGTCGGCGGTCGCGTTCTGCATGAAAATATGGTATGCTAGGTGAAGGACCCGCTGTTTGGACTTAGTTTAAGACAGAGGAAAGCTA,1179,50.55,Escherichia coli
SEQ_524632,GACCAGTGAAAGGGGGCCATCACTTTATGCTTTTCATTCCGGATTTCAGGTAGGGCAACAAGCCAAGTATGCCCTCATATGCTACGGCTAACGGTCCCTCTCTGGGGAGCATGCGTTAGGAGAGCCTTACGTTAGGTAGGACCTTTATGACACGTCTGAAGCGGTGGTGATGAGGACAGGTAGTCTGGTCTAAGGTTACGCTCCCGAAGGAAACTTTAAACCGAGCGACGGAAATAAGTTATCAGACCCCGATGCGAACCTCCGTTATGGGCACTAGTTGCCTACAACAATTAAAATGGCCACCGACCACTACTCCAGCGCAGCTGAACGCGGCTTCCTCTGCTCGTTCTCTGGCAAACAGTGTACACCCGCCTTGTAACTCTTCAGCGACTCTGCGAGCAATCCGCGAAGCTAGCTTAGTCAGACGTTCATCGTTGAGCGCCTCTCAACGATAATACTTGTACCCAATCGGTACGCGTACCTATGTCGCTTAGAAATACAGGCGTCGAGGCCGCTTTTACGCGATATAAATGGTCCGACCGTGTTAGTGCCGCCAGCAGCCGGTCTCCCCTTTTCGGTCCGACAGTCGGGGCATCCGACATGCCGCGGTAGCGAGGTCGATCTGCAAAGTGGCCAGACTTCGCCTTGCTGCTATTTACGGCTTGCCTATGTAGTTTAGAGCCAGGATTCATGACATCCGCTGACAGAATTTGGGCTCCTAGCCAGCGTGCGGGTTCGTGGTACGGAGCGATTAGTAAGCGTT,763,53.21,Arabidopsis thaliana
SEQ_987809,GACCCTCCCCGGGGCACCACTTCGCACTGCCCACGAAACGGCGTCATTGTCACCGTTTCGTGATGTAACATCTTCACGGCCGACTTAACCGGACCCACGGAGCCATTATCAGCCAGCTAAAATTAGTGGCACCGCGCACATGACCCACGCGCGGGGCACTATTGTAGAAGGGCTTGAATAGACTCTGGCTGTTTTTCGTATGAGTTGACGTTGGGGTCAAAGTTACCCACCAGGCCGCTTGTGGTTCCACATGAAGACTCAAGATAGTAGGTCCCAGTGGTCATTGTACCACGTGCTTTTGTCGTGTGGGAGTTCTACGGGCGGATCCATTCTGCCGTACCCGGTACTGCTGTTGTCTAGCTCCGGACAATCGGTCCCTTAACGTCCGTTAGATGAAGCCGGAAGGTCTGACGCCTGATTTTTCCTAACTTGGCGTGCACTGTTTTATTGTTTCGTCATAACCAAAATGAATTGGCTTAGGGAGGAGGTCTGATAACAGCTAGAGTCCATCCGTCGGGTTTGTTTGTGGTATTTTCATAGCATACGCCATTTTGCTTGCGTGTACCAGAGCCATGATCACATGTTATCAGCGTAAAGTCAGCGCCCGCTCAACCAGCAGGAATCACGTATAACCTGATATTAACTTAGTGAATGGTCACCCGATGACCTAGAAAATCTGGATTGACACAATCTCGTATTACGGGTTCTCTGTACACAATAGCCGCCAGCAAGAGCGGTAACGAAGCTGCACTTTCGCTCTTCGAGGGCGGATTGCCCTAATAAACGAGGAAGAGGCTAGCCCGGAGTCAAGCGCCCCCTCAATAGCATGTTCCAGATTGGCATACTTATCTAATTCGGAGTGCATGGATCTTTCGCGCAGCGCGCTTCTAAACTCACACGTGCACCGGCGTTTGCATCCGTCTCATAACACTACAAAGATAGATCATCTTCGAGTCTGACGAAAACGAGTATTTATGTGCGAGCACCCTGCACTAGCGGGTTAAATGTGGACTGTATTTAAAGCGGGCTGTAACACAGTCGTAAAACGGTGCGAAAGGGCGGAGAGAGATACAACGCTAATAACCATAGCCATGATCAGAAGACTTGTAGGAAATAAGTTAAAGCGTGTTATAGTATACCCGATTATGGCCCGGCTACCAGTAGACTTTCCTCACGCTAGACGGCTAGGACCAGAGGTGAAACGCCTGAGCCGTAACGTGTAGCCGTTGGGTATGCAGCAACTGCCACATTGGCCGGACAGTCATTCCCTAGTGATTGTCCAGTTTGAAAAAGCTGGGCCTGGCTAAATCGACTTAGCCGCATTCGCGCCACCGACGCATCATTCGACTAGATTCTGGTTCCCTCCGAGAATTTTGCCGTCCAGCCTACTACGACCTGGCCTCGATCGTATCGTCTTTCCTGTACCAGCAGCGTTAGCCCGTCCTGCCATAATACAGGGGTAGGCCAATTACAGTCGAGTAAA,1483,50.51,Homo sapiens
SEQ_443048,TGGTCGAGGCGCCAGTTGACGCAAGACGTGCCTTTGACACCGGAGTAGCCCCCCAAAGGGAGCGATACGCCTTCCTCGAGAGTGCATAACACCATTTTGACCACGGTATGGATGGTAAGCCATTTGTCGGTCGTCAGTAAAGCCGTGATATTCCCCTGTCTCTTGTCCCGGTGGGTCCTACCGCGAAACGGGTGCATCCCTTGTCGGTTGGTTCATTAGGCAGCGCGCGTAACCCCGACATTCCATCTTCAGCCGACCCCCATCACGAACCACTGGGTAGGCCATTGAAGGTGACATTTTGATACGGCTTGTGGTACTTAGAAATTCGAGTTGTCCTAAATTGCATCAAGAATTTTTTGTCAATCGCTACGGCTAACTCCGTCGTCTTCAAGCCGGACCCAGAATCTCAGTACGCTCGTCCCTACACAGCTCCCGCGGCGACCGATGGCCCCTACTGCTGGAACAATGGGCCTCAACACTATAATTTTTGAATCTAGATGTCGCCGTCCGGCTGACACCGAACATAATTGCCATCTACTGTAGGTCTCTAGAACGGTGGTCCGTTCCGACAGTATAGCAATTGATAAAAACTTTAGAGTGAATGTCATTGCATGAGACTTGCTCTCTTCGTCGTTCCCGGGCCTGTTTAGCATACTACTTATCGACATGAGAACATACCTAGATGGAAATAGGATTAGGTTTAACAACTGGCCTGTGGGTACCTGGAGACCTTCCTCTCTGATTTCGCATGTATGCTTGTAACGTCAAACTGAAGTAGACCCCACCAACTCGTTACTATCTGAGAGGTTGCGACTCGGATACGCGCGGATAACGGTAATCCCTTGAGACGCGCACACCTACGCTGTTGTGGCACGTCGCCAGCTGGCGGCTGGACTGACTCGTGCCAAACATATGCTGGCGACGCTAGGACGTAGTTTATTTTTGGTTGCGTCCACAAGTGTTGACTGTGCGTGGGGATGCTGTTCTTATTGTCCCATCTCTCGGACGCCCCTAGTCGTGGGACCACGCACTCATGCGTCGACTTACGCCCTCTTCCTTCAAATAATTGCACGGTGCATCTATTTCGTTGAAATGT,1096,51.28,Homo sapiens
SEQ_441200,AGCGCCCGATGCGGAAAGGGCTGTCGCCCCGTTGGTAAAGGTGAGTAACCTGATTACGGTCTGGCTCGTACACCAGCTGAAGGTCGCCTAAATGGTAACAGACTGTGCTAAGTGATCAAATCGTCGCGGTACTCTCTCGTGTACTGAATTCATAGCGCGTTAGTGTGGTGAAACTGGACAGTGTAGCAATGCTGAAGGACGATATACGGGAGGATGTCACAAGGCCCTCGTCCTTTACGGTTTACTTTTCCGCACTCTGCAAAATCAACAACACGCGCTGAGCATTGGACGAATGGTGCCCCTGAGCTGAAAAGTGAACATTTAAACCCCAGGGAGCTAGGAGAGTCTGAGGGCTATAAAGACACGGCTCGAACATATCGTGATTCTACGACATCCGGCGGCGTGAGTGATGTGATGTCGATGGTACAAGATAACTTGTCCGGTTGACAAATGGGGAGTTTTGGCATATCGATCTCTTGAATGTGTGCCTCTCTACAAAGCTCACCTGAGAGCTTTCTTTGAGCTTACTTATATACGTGACAACGGTCGGATTACTAATTTCTCTAGCTCTGTTTGCTAACGGGTAATGCTCTTCGTGTTTGCAAATACAATTTCTTAGCTTTTTCTGTTTTGCCAATCCGGGAATCTCGAGTACTTCTCCCTAGGAGCCAGATATCAACCCAGATCTGTACACAGACA,699,47.78,Caenorhabditis elegans
SEQ_949679,TAAGCGCAAAGAGTTCCTGTAAACCATCACTGCGAGGAGCAGGACAAGAGTTCGCCTGCGTTGCCTCCGAGAAAAGTACCCATTCCGGGTACGGTCCACAGAGAATGACAGGTGCCGTTCTGACCCTTCTCGGACCTATGCATTAAAGATGTGGACGTGGTGAACTCGTCGCCCACCGGAACGCCCACGGCTCAACCGCCGGGGGTCATTAAAGCTACCATGTTTGGGCGGGTTTCTGCGGAGAGGGTCGGCCTGAATCAGACAGCGATCTGTTGCGCAGGATCCCACGCATACGTTCGCATTTCCTTTTCTGCATGACTTTACGTTGTCCGTAAATACTAGAAAGGAGCTCTATTAGCACCCCCTGTTGGCGCCTACACTTGATGAGATAGAAAGGACTGAAAGGCAATTCGCCGGCGGTGCTGACACGAAAAAGCATAGCCGGCAATGAGCCGAGTCGCGGGAGCGAGTCACGACCGTCCTAATGGTGAGAGCCTGACTGGTTATCCGACCTTATGTATGGCATTGCTTTGCTTGCTTTTTCACGAAGATTTCGTGTGGTCATTAGGTCAGCGGCTCACGCGGCACTAGGTTTTGTGCTGGTAAATCCTATAGAACATTGAACCATAATACCTGCATTTCTACACCCCCGATGCAGCGCCTCACGGATGTCGCGCCTCTGAATGTGCTCAGTACTAGAAGGTCAAGGAGCTTAGAGTCGCCGCGATCTTACGTAGAGTTCTTAGTGCTGACAGATCTGGGATTTCGGGCACGGAAAAGCGCTCAGACTAGACCCCACAGAGCGATCGCTCAATCCATGCCGAGATGGGAGTATTTATTAGGGTGCATTCTTGTGTGTGAACAGCCAGCTGGACCTGTAGGCTTTGCTTTATAGGAGGTGGTTGTTATCATTTAAATTCTAGTCCGGAGTGAGTTGGCCTTCCAATGTTCTCCACTACATCCAGGTCTCTCATCCTTTAGGCGCTTGTGCAATCTCAACAAGTTGGGGGCTAGATCTGGATAGTTCCCCACTGTCCTGACATTAGAGAATTGGGGTCCCGCAGCCTCTTAACGTGGTTAGATGAACATCGTCTGTCGGGGGTAATAAGCAGCGCGGTAATCATTTTGCGTGGGCAGGGTGCCGTCCTTACAGGCGGGCCCACGCCCACAAAAACGAATAAAGATGTCAGTCTGTAGTTACCGGTAGTGATTGCTCACAGTGACGGGCGTATCAGTTGGCAACTATCGCCAACGGGACGGATTATCGTAACGCGTTGGTTACGGTAGCAATGATCGTCTCTACTCGGATGATGGCCTCACTTCTCAGATAAATACCATTCACACATGAGTCTGACTTTAGTGCGATTGTAAATGTATGTCACAGGGAGCTACGGAGAAAGTTAGTCAGCGCGACGGCATGTCAGCGCGTAGCTTCTTTGCTTACTAGAGCGTGTCTAGCCCCGTTGTCGCGTGTATGTGATGAGCTATTTAAACCACCAATAGAT,1505,51.1,Escherichia coli
SEQ_705616,GAATTGCTCGGCGGACCATCTCACGTCGGGTATGCATGTTCTCAGACGCTTCGCCGAAGGTGAGATATAACTAAGCTCTTCGTCTATATGCGGATCATCCGGCATATCGCAAAACAGTCGCGCGAGATCGTTCTGAGGTTTGTTACAAATGAAGTGAGAATTGGTGCTAGCCTTTTTCAACATTGGCGTCCGCGCCAGTACGGCGCGTTGAATTAGAGGTTATAGGCGCCTTCCAGACCGACCACTTCTGTACTCGAAAATGTATTGTTTCCCTCAAAACTGGTTGAAATGGGTTTTTTTGGGGGGTGCACCGGATCTAAGGGTACGGTACCAGGGTGCACTCGAATGGAAGTTAAGTCCTTGCAAGGCGAGCGCATGACGCATGTCTCGATGGAGGCGCGTAAGCACCATACGTTAGTCGTAGTACGCGAGTTCATGTCGTTACTTAATCCGCATCTCGCTACGCCTATCCCAAACGTACCACAAACCTATAGCGGAGACTCTGATACGCATTCGTACCATAGACTGTCTAGCGAGGCAGAACAAAAAGGAATTCAGTACTGGCTGCTTGACCCATAGAGTCCTACACCTCAATTTCAGGCAGGCGACTGATGTCTTTACTCACTCGCCCATATTTTTGTTCTTTTACTAGCCCGGAGCGCGTATCCGCTCCGTGTTCGAGGGTTCAGATTTGAAGCATAGGGTACGGTAGAGTGGCGTGACATGACCGCCCGAGGAAAACCTGACCGAGAGCGGTGACTCTGCACAATTATTGCGAGGAGCAACGTCAGTTGCGAAGTTTACGAGGAGGATTGGATGCGCTCGCACCTACCTGATGGTGGGTAGTTGGTCCAGAGTTCCTTCCCATGGCAGGGTATCATGTTCCTGGGGCCCTCCCCAGCGTGCTTACTCTAGCCATACTCCCGGGAAACCCTGGTCAATTGTGTTTCTGTTGTCGTAATTGGAATCTTGTGGGGTTGCCATGGATTAGAGATGCCACTGGGGCTTTTCTTTGTTATGCGCTTGAAAAGTGATTAGTACACTGGCTGTGAGTGCGGAGTGCATCACACGTTACAGATTATATACTGGGGTAACCGGTCGAGCATTGGAAACCGCTCCGTTTCGACAGGCCTCAGTTCGCTCGATGTGCTTTGCGTGCAGGGACGGAGCCTAGTATGAAGTCGTGTGAAGTTTATCCTTTGGGTAGGCGTGGAGTTAGTGGGATCAGCATACTCACAGAATTCTCGTCTTGGATATTCACCCGTTAGCATACGTAGGGCCGTGACAACTCCTCTTTCTATATGACTTAGAAAGCGCTCCAAATTAGGATTGTCTGGGCCTATTCGACCTCGAGAGTCTACATGGCACCGCGCAGCTCGGTAAAGTCTGGCTCGAATGCCGGTGATCCTTTACATAGCTATGGTAATTGCAGGGTTTATATCTAGAAGGAGGCGGCACAGCGGGGCTCGGGT,1472,50.75,Arabidopsis thaliana
SEQ_694744,GGAAGTCGAACACGAGAACCCTGAAGTGAGCAAGAAAAATATCTGACAAAACAAACGGGCGCGCTCATCAGTTTCAGACTAGTTTCCTAAGGATTCAGCTCTTTGCTAATGCGTACCGGCGCCCTGGGCTTGATGTCCTCCTGAGCATCGTCCAACTGAGAATGGGCGTTTGAATTTGGAAAGTCCAGACTGCTGTAGACTTTCCCTTGTTTGCCAGGGCGTAAAATGTTCCGTTAACATCTAAGTAGCCTCGGAGGCCCATAATGAGCTTTGTAACGGCGACACTCATATGAAGTGGGGGGCCTGGCATACATGATACCTCATACGGTAGCGATGAGGGTCTGAGTTCACAAGCCAGTCATCCTCGGATCCCGACTTTCAAACCTTGGGCAACGCGGATTATGCGGGGCGGGGCCACTAGCTGACCTCTTCTCTCCAGCACCGCTCTCGCTAGGTACCGCCGCAATTACCTTGTGATATAATGAGACTAGCTATATGTGAAGAGAAAGGAGCGACTGCACCGGCACCGCTATGTGAAGTGGGGTGAAAATGAAAGGCCAATTAGGTGTCCTCAATGTGCTGGGAACTTCCAACAGCGTTACAGCGAGCCCGGAAATCGGTCCGGGGCGTCCGGATCAGTTAGAGTACTCGCAGTTTCCGACGTCTAGAAGGCTACAAATTTGATGACGTGCTTGTTGTAAATTACGTACAATCTTGAAGGCGGCTGCTGTACTTGCCGGCCCCTCATTTCAGGCCCTTTAGCGGAGGTTAGGCTATAGCCTATCATTAGAACCTGACTACCAACGATCGATTAACTTCAAGTTGATGACTAGACCGGCTCTTGCGCTACCCTTCCTGGAGAATTCGCTCGGATTGTTAGAATCATCTGCGCTCTCCGTGCCGCAGGCTGCACATTTTCGGTTGT,925,50.92,Drosophila melanogaster
SEQ_968386,ATGTACAAGGAATAACGCGAACATCGTCATGCCGTAGAGGAATAAGTGCGGACCTCTTGAGCTAAGTTACGGTAGTCAAAGGAGAATAAGCTCTTACGTTACCACCTTCAGATGATTAATTACGCGGCACTACTATTAGCCCTTTACCTTGAAACAGAGTTGTGGTGGACGGAGATAGATTTGGCCCTATGTGAGTCTCCTCTAGCGAACAGATTACTAGCGCCGTATGAGTATATAAGGTCAAAGACCTCCCCGTCAGCCGACTGTATAGTAAACCACTTCTGTTAGCCAGCGGGCTTTGTCGGTATTATCATTCTCCTACTTCATCGAGATTCGCCTCCGGACGTATTGGTTCTTCGTCAGCCATTATAACGGGAGAATACAACGATAATAATCCACGCGGAGACTCTCAATCCTTTGCTCTGATGCTGAAGCAGCATATACTGACTATAACCGGCCGTACCACTAGGTCACAATCGAGAGCTACAAAGGATGATGTCGACAGGACACCATGTGCCGTCCACCTCGTCCCCACCTAAATAACTTTAGTGATTTAGCCCGCTGCTGATTGTACAGGAGGACTATACGTTGCACGAAATACTTTGAGTGTAGCGAATTGTGTCGCAAGCCTCCTTTGTCTAGGGAGCCTGAAACTGCTGTCTCTTGTAAGCTGAAAAACAACCGGATTAGCTTATGGGCAGCATATAAAGCCGGTACTATGTTAGTCCGAGAAGCGCAGTAGTGTAGTAAATATTTCATTCGCGTGCTTTCTTATTCGTCCGGACTATTTCGGGTACCAATAGATACCGTGAACCACCGGAATGCTAGAACTAATCTACCCTAGTCTCTAATCTTCCTTTATAGAATCCTTTTACATATTCAAGCATTAGGACGTCCTGTACCGCTGATAAAACAAATGGTGACCTCTCAACGCACCGTGGATAGCAGTGCAGTCCCAAGATATTGTACCAGGTTGACCGCGGCTGGCGCCCCGTGTCGAAGTCCAATGTGCTCGTAGAACACAGTCCCGGTTGAAGAAGCAGATATCCTTTCGGGTGTATGAGAGGACTATAGCTCGTGCTGCCGCAGGGACCACTGTTGGATAGCGATCGTAGTTGCGCCGGCTCCATGTTTCCCAGGAAACGATAGAGCTTCCAAGTGTGTAAATACCGTCATCTACAGAATGCGGGGGCTTTATACAAAGAAGCACCCGACGCGTGTGTCTCGGACCGTAGAGTCATATGACATCTTATGGCGGGAACAGAATCTGACCGTTCGAGTTTTACTATATCAATACACTCACTGCTATGGGGACGTTTAGGTTTGGTGCGGGAACCTGCGTTCAACGGTCGTTGACTAAGATCTTAAGCTCTCAGCTATGAATCGTGGTACACAGAGGAAAGGCGTTTGCTAAACCCCCCGCGCGT,1427,47.58,Escherichia coli
SEQ_779195,AGCATCAGTCCAATTTAGAAAGGCTAAACTGGCCGATGCTTAGGATCCCGAGACATTACCCACCACCGCGTACTTCCATGCCCAGGTCTAAGGTCGCCAATCAACCTAACCTTGCAGCAGGACCCACTCATGTTGGTTTTGCTTGAAATTCGTGTCCCGCCTGTTCGATTATCTCTATGCTAGCCTGTGGTGCGGGGCATTGTTCGAGTAGCCCGAACGAGAATTCTTTCGCGACTACCCCACCAACTGTATCGCATCACCAGGGTCGTATAATAGCACGAATGGGAATTCGTGTGCGAACTTGTTTCCACATCGACTATAATTGCAAATTTCCGCTCCGGAAACTTTTTCGCATTTGAGTTAAAAGAGCGTGAGAGGGGCTGCTGATAATACGGCGAGTACTCATACGACCGGTCTGCGAAGCCCTAGGAGTTACGCAAGGCCTCATGTTATGTTACAAGGACTGTACATCCGATGGATCAAGGAGATATGCCCATATTTGATACCCCGCGCCTCTTGATAGAGTAAGATACACGTTATGTCGGTCGGTTGTAGGGGTCTCTCGCTTTGGAAAAGGACCGACGCTGGCTAGCCGCAAGTCGGACCATATCGTACGCATAAACTTACGGTATAAACCTTGCCGCCCACGAGCTGTCTTTAGAGGAGGTCAGGCGCATCCGTGATTTAAATAAGGACTGTCTACGGGGGTTGCTCTCTCGAGGAAAATGGTTCTATCGGTCTGTATGCGTCCTCCAGATGAGATGTGCCACCACGGGTACAAGAGAATAATATTGGCCGGGAAGAAAGTCGGTAGGGGTGTCCTATGTACTCCTAAATCGATTTGGTTCCTCCCAAAGTGTCCAAGGATGACAGTGAATGAGCGATTTTGATTAACGGACCGTGGATTTTTGTAGTCTATGCTAGAAACCATGGTGTTCAACATTGCGCCCTGATACACATTGCCAACTGATCTCAAGAGTCGTTATGCTTCCACGCGGTCTTGGGTCCCGTGGACACTCCCCGGGGAAATGTGCCTGAACCTCCTGGATGGGTTCATATCTTGTGACTGCCGCCAGACAGGCGCAATCATATGGCGCTTTCGGTAGTAAACCGTACGCTTTTTCGTAGAACCTTATGTCCTGCCACGTGACTAGCTTCTATAGGATCCTAAGACAAATTTCTATTTGTCGTCTAATTCTAGGGCAGCGGCAAGTTCCTCCAGTAAGATGAAGTCCTTCGATTCTTCATTTCAATGGGCATCAGCATAAAAAGCCCATGGAAATTACTCCTCAACACAATCTCTCTAGTGATATACCGTTGGAGCCAATTATGTAGACTGGCAAGATCCATCGCTGTAGGAGCTCAGTTGTACGTTCCCAATCCTGTAGTGTAACTCAACCGAGCATCTGAGGCCTTGGATAGCACGTCCGCTTCATGATAGATCGCTTGCAGAATGATCACGGGGATACACATTTTACTAGGGTGTGAGTTTGCTAGCGCCCTTCAACAATGTGACAAACAGGGATCGGAATTGGAAGGCCGGAATAAAGACGCCGGTCCTGCTGTGCGTTATACTGTCGACAGTCTGGTAAAGGCGTACCGCTGAACAGTACAACTATTACACGGCTTAATTGAACCTGTGTCCGTTCCGATACAACATAGCTAACTATAATGTCCATTCCGTGAAGTTTGGTCTGTGGATCTTGAGCACAGGTCTCTGAATCAAACATCGAGGCACATCTATTCCGGCGTCGGCGTGTCCTGAGTGTAACGAAGCTCCTCTAGTGCTGGAGGGGGCGCCGGTAACCCTCTTGCTGAGGTAGTTACATGTATGCAATAGTATCACGGTCCCTCCCGAATCCCA,1864,48.87,Arabidopsis thaliana
SEQ_460490,ATTCATACACCTTATGAGTTCAGAGTCGGAATTTAGAATGACGGTTGGTTATCCATGTCCAACTGGAAACATCTGTGCCTAATATATGGTCATATACACGCAGTTGAACTCGACGTACGAGACCCTCGTATTGACCATATGATCGGAGAGAATTCTTCGCTGATAGCTCATCGGGCTGACGACCCGGGCACCTGTCGGGGAAACTGATTGTCATTCCGGCAAAGGCACTCGGGGCGTAAGTGTCAATATTATTCTATGCAAGGCTGGGGCCCGTCACTGCTCGTGAATTGTAAAAGATTGTTGCCTTTCGCATCCGTACGGACGCCCATGCCGAGCCTGCATAGCCGGCTGAAGCCCACATGGTGGCAAAAAACCTGCAAGGGCTGCGGAGACGCTAGATATGCTGCGTAATCTCAGCGGCGATTATCCCTATATCCTTCCTGTTCAGTCCAGAACGCGTTTGGCTTCAGCAAGCCGTCAAGATGCGGTGCAAGACCGCATACGTCTACAGTGATGCAGACGCTACTTGGGTATGACAGGCGTCAACTAGACGAGACGCACTCCGCTTAAGCTGACAATCTATTAGTGTCGTTTGACCCCAAGCAAGGCAGTAGAACGTTCTACGACGACCCTTAGGATAAGGCTTTCTGTACATTCAGTTCTTTTTATCTGATACAGATTGTTAGTTTGCCGAGTTGTTGGCCAACAGAGTTGTGCATCGCATTAAGGACTGCATACTCCATCCCAGAGTCGCTTTGCGATAATCAGCTTAGCCAGTAGCACAACAGGGATAAGTTGGAATTTCCTAGACAAGAGACGTCGTGTTGAGATCCCCGGCGGCAAAAGTACCCCCCACATGCGGTCAGTGGTGGTGATGTCTTTAGTTTGGATCAGTTGCCGCCATGGCGGTCCTGCTCATATTATAGCCTTAGCAGTAGGTCCCAGGCGACGGAGGCGCCGGAAGCATACCGGTACCCGAAGCTGTGCGGATGTCTGTGTCCAAGAGGAGCAACACGATTCAGACAAGACCAAACCGTTGTGGACGCGCATATGGAAACAGCATACCTGGAGGTGGTCTAAGGTATTTCATCCGATCAGGCACAATGCCATCACGGTCGAGCACATACCAACCCTCTCATCGCCGGGCGTAATCTAATCTCCACTCCACGGCGCAATCTGTGAATACGGTCCGATCAGGGTCTCTAGCGTTACAAAGTCGGCTGAAAAATCTGAGTGATTTGGTAAGGCCGCGACAATGCGGACACGATATGGCGATGCCGCGATCCCTTGTAACCCAAACCACTGTGGCGTTAGTTCGGACCTTCCCTCCGTACGCATGCGGGTCACTAAGGCGAGTATCAGATATCAGGGCTCTATGCAATGGCCTGCGCAGCTTTCAGCCGGTGCTGTGGTATAGGACACTAATTCCAAGCCAGAGAATCTTTAATGAGCTACTCAAACCTAGATAGGGTCCCGGAGGGGGGACGCGGTTTTGGTGCGTCCCCGCTTTCTTTACCGGACACCTCCATAAAACTGTTGGCTGTGAAGCGAGTGGCTTTGTAGCTTGGCACCCT,1574,51.52,Arabidopsis thaliana
SEQ_447548,TCCCCATAGTCTGTCCGTGGCTCATAACACGTAACCGGGAACACTTGCGACCTTATCCTAAACAGCTCTAGATGTGTTCCCAATACGACAGTCGGGTGCCCCTTTCCCTCAAGGGCCTATCTGCGGAGCCCTCTCAGGCACGGGTTTTGCCTTAACATAGGTTCGAATTATGGGTGTACGAAGCCGAAAAACCTACACAACCTAAGTTTTGCGAATAACAGGTCGGTAAGTCGGCTCACTATAACAGGCGACGAGCAGTTTGCTAACGTGATGTAAGGTCACTGAAGGTGGATCGCGCCTCGGCGCTCAAGTTCTCCATGTGGAGTGACTTAGTACACGACTCTTATCCGTGCATGCGTATTCCGGAGTTGAGATCGATACTAAGTCCGAACCCCTCCAAGGAACTTATCGAAGAGAATAGAGGTGGCATGTTCGTGGCGAAGGTAGCACTCCCATATGTTAGACTTCCTGACAAAAGGTCCGCGGCATCCCACAGATGGATACAGGATCCTGTGCGCCGAGAGAATTGGTAAACTTCGGACAGAAAGTTGAGAATTTATCACGGGTAATCTGTGAAGGTAGCCAACTTTCGCCCTGGCCCCCACCGCCGAGTGTTTTACTAGGAAAGTGCTGGTATTACGGTGCCTAGTACCCTGTGAAGAGTGAATGTCGCCTTAAGCGATGGTACGGCTGATTCGCACGAGTGCAACGGTTTGCCAGACAAACGAATCTGGATAGGCTTGATAACAGGGGCTACCGGTCGGGAATTAGTCCCTTGTGAGAGCCGCGATTATCGGGATACCTAACATATTGGTGCTCAGCCTGAGCCCTGGCATAGAAGTCTGACGTAAGAAGATTGGCGCGACTATATCTACTTCCAACCCTCTTATTTTTTATGAACGAACCCAGCAGAGTTGGGTAACGAAAACGTTAGGGTTGTTACCTTACCACCGGAGAGTATGCGACGACGAGTAAAGATGCCGTCAATCCTGTGATACCCATGAGAACATCTTCAGGTAGGATAGGGCATGTCAGGATGTGTGACAATGTCTCTCAGACCTCAGCCATGGTACTAAATCTCGAAACAAACTAAGCGAGTAACACCATCGCGTCAGAAGTAGTTTAGCCCCTCATAATCATGGGCATCATACTTGTACAATTGCCTACTTGTTGAGGAGCCGACCTAATCCGTTCGCAATATTCGCGAGTTTTCTAACAATTGTTGCGTGGTGCCCCGAGCGAGCGTATCTCCAAAGTCTGACTAGTGGCTAAGAGAGGTTAAGGGGCAACCGTAAACAATGGCTGAATACCAACACTGAACCATCTCTGGACGACCGGCTCAAGGCAATGCGACAACGGCCGGCTGTACTGAGAGAAGCGAGACGTACATGTCGGTCTCGTCAGACTAAAAGATCGTTTAACGCAACGTCATTAGCCATCCTGGGTTTAGACGGGTTCCTTGACGTGCAGCTCACAGAAGGAACCCCTCTAAGCGGACGTAAGCGTCCGAAACTCAACGCTCGGATGGACCCGCACGTTGGATTGCCTGTATGGATTCGGCAACCC,1566,50.19,Mus musculus
SEQ_252118,CTGGGGAAAGACGTGTCCTTAAGAGCCAGGTGTGTCTTAGTATATACCCTGTCCGTCGCCACCAAGCCTAAATCCTACCTTCGCGGTCATATTGATACTTCCAAGCCCCACTACTAGGTGATGCATATATACAAACAATCCGATAAAGGTGGAATTCAGATGGTCGGCGTACGTTGATATCTAAATCTTATACCTTCGGCTAATCTCTTAAAAAAAATCGTTATCACCAGAACACACCCGGCTGCGAGGTTTCGGGCGTTCCGTATGCCAACACGAGTCACCAACTTATCTTCAGACCAATCCGCATAAAGATACTAACACAAACCGGGGATCCGCACTAGTTCCGAATTCCGCACGATAATTTCAGGGCTCTAAAACCATCGTCGGGAACTTCGGAAAGTGCGCGGTGAGCGTCAAACATCTATGCCTAAACAGCGAGCAGTTCAAGTGGATCGACACTACCAGATACGCGACCTCAGTCGAACGTCACAAATATAGGTTTGCTTTACTTACCGGAAGCGCGCTTCCTGATTAACGGGACTGGAAGCACGACGTTACAAACTACGAACCCATCACCCGCTACCGGGGGATGAATCAAAAACGGGAATTGGTTAGGAGGCGAGAGACTAAATGACAATTCGGCTCAAGATGACATCTACCCATGTGGCGACTCAGCACTGATCAGCAATCTGAAACTTGAACCGCGATTCTTCAACCTAAAACCGATAGACACGACAGACATTCACTTTGGTACAGTGCTAGCGTCTAACCTAAATGCACCGAGGCCGTACACCGAGCAGAGGCGCAACGATACGAATTAAGACGCGGTAGCAGTGAAGCTTTCTCTAATATTTAAGCACCCCCGTTTATCTCTATAGGCATCGGGGCTTAAGGACAGAAATTTCTAAGCGTAGGAAAGATTGCAGGGTTGCTCCCGCTACGCTGTAGTCGGCTGCTCTATTGATTATGGGATGTGCCAGGCTATATAGGCGGAATCCCGAATCATCATTTGGGGAACGACCCTGCGCATCCGGGACGCACCCACATCTCTGCTGTCGTTGTCACGCTGCATGACCCTAATCTTCATCCTACGGCGGCTACACTCGTACAATCAAAGATCCAGCACGGTGAACTATGCATCAACAAACGGAGGTGAAATGGCGAAAAGAAAATATCCCAAGGAGACCCACCACCCGCGATGTTCAAGTCGATCTTACGTCTAGTGGGCTGAATGAGGCTCGACATAAGACCGGAGTCCTAATGTTGTGCCATTTAGATATCTAACGCATCTCAAGTGCCGCAGAGGTTCCTAACAATACCAGCGGTGTGCTATAATATGCGGCCGATTGTCATGCTCCTTAGGTGCTTGCTACCTGTCCGTGCGCGCAATCTTTGTACCTAGCCGTACCCTCCCTTGTGTGGACTGGGCTCACCGATTCCCTCATCGATTCGCAGAGTCAGATGCCACGTCTATTCAAGCACGCCTCCCCCAAGGTACCACTTTTCGAGGAACAAGTGTAAAATACGCCCGGATCACATATAGGCAGATTACTCCGACCACGGGATATTGCCTGTGTGACGCAGTGTCATAATGGGCCTTGGCCAAGTTCGGCAGCCCAGGGCAGCTCCCTCGTAGATAGCGAGCCTGTTTTTTTATGTGGCGATCTGGCGCTTTGTTTCGTCCCCTGTAGAGTGTACGCGACATGTGGCTCGGGTAAATTAACTACTCACCAATAACTTGCGTAGGCCCTCAAGTGGAAAGGGACTTACATGTAATTCCTCTACAAGGACCAGATAACTTTCAAGTGCGAAGTAGACCTATGATCCTAGTAAACCGTGACACTATGGTGCCCCAGCGCGTCTCGATTAAGGTGTCTCCACGTGGCTCGGGTGGATACACTGTATTTGGGCGAGGTGACTATCTCCACCTGTTGCAGAGTTCACGTTCGGAC,1952,49.69,Arabidopsis thaliana
SEQ_672182,AGTCAAGAGATACTAGTGGAGGCGGAGTCCTGAGAAGTCTGCCTAGACTCTCTGTGGGTGGTCAGCACGCGCGATGAGAGTGCTAAACTCCTATTGCAGACGCTGCAAGACTGGTGCGCCGCAATGGCACCGGAACAGGATTCGCGTTGTTTATGGCTACCTGTAAAAAGTCTATGCTAGTTAAAAAGATCTGGCCGGCGGGTCTGCCATTAGCTGTAGTTATAGGCTGAATAGTCAGAACGGAAGTGCGTTTTAAACATCTTCGATACCGAAGACCTTCTGACATGGCATGAACTCCGCGCCTTGGTAAGTAGGCTACCTGATATCGAGTAGGAAGTGGACGAGTTTAACGAAACTCCGAGGCGTGTAAAACCAGATTTCTAGTTATCAGCATTACCCTAGGCCCCCCGGCGAGGAGCCAAGGCTAGTAGACCGAAAACTCAGCAATGACATCCCGTGGTTAGGCCCCCTGGCTTGATGCACAGCAGAGATGATTGTTTCTATTGTTGGTCATAAATAACATAGCATTTTCTGCATGTCCGTAAGCCGGCGCAGCTCTCCTAACAGAGGTCATCGTCCTTAGTCGTCCCCCAGAGCATCAGGATCATTACCTTTGCTTGATGAATGCCCGGAAGTGCGTACGCCATATAGGGACTTCAGATGTGACTTTTAGACTTCCACTTCGGCTGATGTTGTACTCCGGGGTTAGGGGGACCCATTCTATGTATTGCTTAAGTTCGCGGAGACGTCATATTACGGCAATCTCAATGTGAAGTAATATAAAGGGTCGGTCACGGCGGAACCACATTATACGCTAAAACTCGTCGTGTGTTAGTAGACACTAAACTGCGGGCATCCCCTAAATTATAGCCCGAGTCTCCTTCGGGTTGGTACGTGGACAGTAGCAGTCGTTTGACGGGTAGCCGGTTCTACCTTAGCTTACCGCCACATCCTGGAATTGTGGCTGTTAATACTAGGTCAGGCAAAGTATGTCGTGGAAACACGCCATACTCAACTGCTCGTTCACGCCGCGGAGTACCACAAATGAACTGTTTTGCGGCGACGACTTTCTCATTTTCGTTCGGAATGGCCTCTGGAAGAGTACACCCCTTTTTTGGTGCGCTAATCGGGACGTGTTGCTGTCGTGCGGGGGGTATACCACCGAGGTGGTCACGCCAGTGGTGTAATCCTCGAAGGAATAAAGCAAATCGACAGTTATATTGGTGGCTTAAACAGCCCAGCACTTCCTTCGACAGTTGACCTACTATCTCGGTGCAATCTCCTGGACGGCCATTGTGCTCGTCCACGTGCACTCATACGTTCCCTTTGTAATACGTACCATTGGTTCACTTCTACCGCACGTATATGAACGTGAGTCAGACCGTGTTTCGATGTAGAATTAGGCCGCGTAATTAAACACCACCACTATCTGTCGAAGAAAATACGTTTCAACAAGTGAGAGGACAGGTTCACCTGCGTTCCGCACGAGTCAAGTGCTCTCTAAAAGCAGTTACGTTAATATCGTGAGAAGTACCGTGTGACAGCGTGCAGTAAATGAGTCCGGTCTCCAACGGGGTTGAGCTATCATCGACGTCAATCTGGCGTGAACTGTGCTCGCGCCCCTTACCGCATTGAGCCCAGGAGTTTATTTTTCTCGGAGGGGCAATTCGCGTACCTGGAACTTTCGCCACCGTCACCTGGTTCGCATTTGTGTGATGTTCCGAAATCGAAGTGTCACGCCATTTCAAGCCCCGACGCTCGTGCTCAGGCTTAAGCGTTTCGCCGTAAACGAATCTCTAAGTAGGTCGTTCGCTTTTGCTAAGAAGATGCCAGAATTTCGTGAGAGTGTCCCTACATACTCCGGTTTCTAAGACCATTGGGGAGGTATTTGATCTGCCCGGGGCGGAATGCCTACTTACCTGAATGATACGCTCGCAAA,1939,49.87,Saccharomyces cerevisiae
SEQ_595174,TCGGTGCAGGAGTTTGCGACGACACTCGATCCACGCATCATTATCGTTGTCCAGTGGCGCGCACCAAGGATGCTCTCGCACGACGCCAATGCAGGGTTCTGACTTTCCGAATCAGCTTCCTGGTACGCGTTCCTGCTGTAGCCCTGATTTCCTCTATGAGAGCAATTTCGCCTGAGTCTCGTCAATCCGAATGTGAAGAAGACCCCTACAGCGGACGACTAAATCAGTACCCCGAGGTTCCTACAAGTGAGCGCGTCAATCGTGACTCTTGAAGAACTTCGCCACGATATAAATCTCCTCGTGCCAGGGATGGAGCGAACGTTTGTCATGACCGACCATGAGAAACGTTGGTCCAAAAAATGGCGATGCCCGGAGGCTGTAACTAGACCCCGGGGATGGGTATCCATGCTAGCCTGAATTCTTACATAATCTAGCCCAGCAAGAAACGTCTTTGCACGCAGCGGGTAATTGATCGACGTCGTTCCGACATCCCAACATTTGTGGTTGTAAGATGTCGGTACTTCGTGACGATTTCTGCTCCCGATACTTTATCGAAGGTGTCGGTCCGAAAGTCAACGTCTTGCAAGACTTCAATCCTAAGTTCTGGGTCACCGCTCAACAAGCAGTCAAACTCAAGGGCAGGCCGCAAGCAACACAAGCACTTGCCTGATTGCGCTCCTTACCTGTTGAATGTTGTACTATTAGGGGGCCGAGCGACCCTCTCGGTGTATGGGACTCTCTCTCAAAATTCTCACAGTCCGCTTCCAGGTAATAGCTTACAGAACGTAGGCGAGCTGTGGTGACGTGCGCCGTATTGTACGCAACGTCCAAAAATAGTCAAGGGCTTTCGATTGCCCGTTGGGATGAAGCGATGATAAGGTTTTAAGCGATAAGAACTTTATGTATAGTACACGACAGGTCGGCTATGTGGGATTTTCTTTGATTCTACGATCAATAATGCTTAGGGGCCAGTCTCGGGTGTTACCTGCAATTCCCGATTGGGTTTGCGAAGAAGGCACAGAGGAGCCTCTCGTCGATACGCGGACCAACGCGCGAAATTGATGTAAGTTTCACATAAATATGGTACAACACAGATCTACCTTCTTGAGCAATGTCAACCCGAAAACGCCAGCAGTGAATACCCTCACCACTACGTTGTATGGCAGAATCTGCAAAACAACCAAAGCAAGGTTCTACAATCGAACTACGAAGCGTTCAAGAACTCACTGTGCTGGTCGAAGTCTAGCGCAGTGCGACATACAACCCTTAGAAACCCATGGAGTTGTCCTGCAGGCATTAGCTAACTTCGACCCTAGTTAAGAAGTTCCACGATGATAGCGTGGGAGTCCACATATGACCTTCGGGTAATGGCACATCACTGAGATCCTCTCACTGCCGTTTGCACACGCAGCTTCGACTGCCTTGGAAGAGCGCATTCTTGCGCACGACTATGACATCCAAAGCTTCGTTCACCCCTCCCGCCAAGGCGCTTGGATCCCAATTAATGCTATCGCCGAAGCCAATCATTTATAGCAGTATCGTACGCACTACTCTGATATATCTGCCATTGTACTGGCGGGGTCTCCCTCGATCCAGGTTATAGGTCACCATGTCCAATTACCAGGGCCACAGTACGTGCGTACAGAGTATTGCTACCGCCATCCAATCCGAGCTTGTCCTGCAATTCACGTGCCGGCAATACTTCGTGACTGCGTTCCCCTGCTAAGCACGCACCTATACAGCT,1744,50.29,Escherichia coli
SEQ_493421,AATGGAGTTCCCAAGCCATAGAGTAGTACCGCCGATTGCAATGTATAACTGCCCTAGGCACCGTGCGGGTGATTGTATTTATCAAGGTAAGGTTTAGACTTCTATGTGAAATGCTTGCATTCAGACCACTTCGCACAGCCAGTCTGAGACCACATAGTATATAATATGCCTGTCACCGGCACGAGGCTTGGTGACTGTACTTACCTCCCGATGTGACTTCCACCGTACTATAGTTCGGAGAGTTCTTCCTCACAGGTACGTTTACATGTTCGCCAACCGATCGAAACCTAAAAAGAACTGGCCGATACTAGCATTGGAACGAGGAGCTCATAAGAGGACACGCCAGGAGCAACCCACGCTCGCGATGAGGGGAGTCCGCAAGGCATCAAATGATAAGTACGCGACCGAGTACTCACCGCGGCGCTTGGGAGGCAGCGTGACTGCGACATTTGATCCAGTTCACTGGGATCTTCTTTCTGCCATGCCCGGACATTTGAAACACATCCCAAAGGACAGCGCACCACCTTCCAATAAGTACCATCTATATAAAGGCACTAACATCCTACCGACATCAGGTGTCTATCACTTAAGCAAGTGCACCTTGCGGCTTCCTGCCACGACCTCAATGAGCTCGAGTCCAGCTTACTCGGTTAGTAAGGCAACTTAACGAACTATAATTACCGCTGCAGGCAGATTTGCACTCCAGCAGTCTGGATGCTGGTTCTGGGCCAGTTTTATATTTCCGTCCTCAAATAAACGGTATTTGCTGAATACACCATCTGCCACCAGTATACGAGTGTTTGAACATTAGTTTGTCATCTATCCCTGAGCTTACCTAAGTCAGAATGCATAAGGGGTCGCTGATGCACGCCTAGCGAAGAGACCCGGTAATTTGTCGGGGAGGCCGGTAAGGTTAATCCTTTCCGTTAGTAATGGGGATACGGGTGGTACCCGAAAGGCGGAAGAGAATAGCGTAAGGCAACCGCGTAACTGTCTTTCGGGGACATCATCGTCGCGTAAGACTACCTTACTCACTTCTTCCGTGTTCCATTGGTGTGAGACCCCAGCGTCTTTACACGTGGCGCCTTTTGCTCCAGCGCATCTCCTCCGGTTGGAGATCGTAGCTAGGGCTGACCCAGTATGCTTCCACACCGCTTTACACAGGCGGTTGGGCGTCTGGTAACCTTT,1188,50.25,Drosophila melanogaster
SEQ_167369,GTCATACCAGTGATTAAGAAACGACTTAAGAGCAAAAACAAGGTACCGATCAGAAAACGCAGGACGTAACCTTGAAGGCACACATACTCAGTTGCATTGGCGACCATGTGTGCGTAATTCTCGCCTCAATCCAACACTCCATAGCAACATATGAACCGACTCTCGGATGTTCATTTAAACTCAGGCATTACCTTTCGCCACAGTTCGTATTTCCCATTGACTGGGGACCCGCGAGGGCAATTGTCCGTAGCCACTTTCCCTCCTTACAGTCCGACCTCCTGACAGGACTTGATTATAATCCATACGAGGGCTTATGGCCATTGATCTCATCGATCGTCAGGTTACAATTGTTATGAATTAGACAACCTCGAGGTCTCTACATGGAACTAATATAACGCGCGAAGTTTCACGGCTTTTAGGCATGTAAGTGTCCAGAGACCCGTGAAAAACTTATCTGTACTCAATCTCTTCCACCCGGCATCTGGAATTGATCGACTCAAGTGGTCGACCAGAGAGGCCTACGCCTAATAGCAAAGCCCAACGCTGCTCGCCTCGCGAAGTTATCCGCAATTGGCAACGAATGTGCATGTTATCTCAGGTTGGCCGGGGCGTCAGAGCACACAATGCCTTCCCGAGGGCGCCTCCCGAAGGCCGCTATTTAATAATAGGCCTCAGGAAGTCTGAACCCTGTTAACCCACGTCGTATATTGTGATGTCTGAAACGACTTGACCTCCGAGGGTTCAGTGGGAAACGCCGAACCTTAAGGGCAATTGGCTAAAATGTTCTGTCTCCCCTCGGCAACTATTGTGGATCGGGTTGAGCCTTTGACCGGAAACCGATGCTGATGATACAGAATTGCAACCAAACCGGGGCAAAGTGAGTGCGATCCGCCAAAAGTAGCCGGATTACTTGCGGAGGAACCCACACCATAGGATTTCTCGGTTTCTCCAGTTAATCCTGTACTCCTGCAACTTCGGCTTACTGACGGCGACAGCAGTCGCAGTGCAACATATGGAAAGTGGCGCTGTTGGTTGTTTAATTCTGAAAGAAACGGTCACTCCTCTTTTGCCAGTTATGGAGCCGCATTTTGTATCTCTTCAGGTTCCGACTCCATTTCTGCCATGACCTTTGGGCACACTACCCCTCTTGTGCTATGGATCTTGGATTGCGCGACTCCACCCCAATCTACACCCTACCCGGTGCTCCTTTGTCTATCCTCGTGTGATTCCTTGCCCAACGGCAAGAAGAACTGTGAGCGCTCCTCAAAAAACACACTCATTGATCGCGTCACCGGTGCTCGCGGCAAAGAAATCAACCCCAGAGCAAGAGCTCTCAGCTATCCAATCGGCTTAAAGGTACAGATGGTTGTTCTTTATAAAACTGGGCGGGTACCCTGTCATCACCTTGGACTTTCAAGGAGCCATCCATACAAATGTCATCAAATGACAGACACGCAGATCCCGTCCCTCCGGCGTCTAAGTCTCGGGGA,1490,49.66,Homo sapiens
SEQ_826884,TCAGTATCGGTTCCTCATTACCTCCATGAACTTTAAGAGGCGGACGTATCGTATAATGCTGACTGAACCTTCTATCCCGGACGGTAATAGGCATACTTAATGTGTTTATAAGTGGATAACCTCAAAGAGCAGGCGACCTGAGAATCGATCTTGCCATATCCCCTTGGTATTCCTAGCAAGGGATCCTTACGTCGGCCTAGCTCGGTTCAGCGGTACGACACAGAAGCTCAGAGGTTTCGAGCGCGGAGATCGCTAAGCACTACGCTTCACAACTTCCTTTGGCGACAATAGGTAGGAACATGAATAGGAACGTTCCTCCTGATTTCCTTTGAGGCAGGCCTCCACTACCCAGTGGTCGTTCGACTTACCGTCCTCAGTCAGTAGATGTCGCTTTATACCATGGGGGTATCCGACTTGCATCTATCCCAAGAATGTCTTCGGGTCTGCCTAGGCATACCACATGGGCTGCCTCCCTGGTCAATCGCTGGTCTTAGATAGGATCAATGAAATGCCTCACGACAAGAATACGCTGTAGCGGGACTAGAGAAGTCCAAGGATCGACGCGTCCCTTCGCTAACTTCCGGCCGGGGACTTCATTTGGTAAAGAGATCAAATATATCTACCGTTTTCTTGAATGGGCATCAACCTAGGAAGCTACCGAAAAGAGGCCACACAGTACGTATCCTGCAGTCTCGGTCTAGAACAGAGGGTCACCTGCTTGCCGGCCTTACTACGTTCCGCCAAATGGCAATGGACCCTGCTCAACGAACAATCTGCTCCTCTAAGTTGCACTTGGACCGAGCCCGTAAAGAAGCTATCCAGAGAGATTTCGCACGAACAGGAGCAGCATAACTCGTAGCTCGCCCGATACTGAAAGCTGAGCGGCTTAACAAGCACTGCCTAACTAATTCCTGGGGTGGTCCGTCACAAATATTACTTGCTGCTGTAGTTACCTCCTTATAATTCCGGCGGTTGGAGTACGAGGTTTTTGTATATCTAGTCCGAAACCAGTTAAACCCCCGGATCTTCTAATCGTCGTGTCAATCAATCTCGCCAGCGGCGGTGGGGCCGAGATGCTTAAGGTTGGCTATTGGATGGACTTCGGCCGTACGGGGCTTTATTAGGTGGCACACAGAGATGTGAAGCACATGATGGCAAGTACGCTCCTCACCGTACCCTACCTGCAACTCCTAGCAAACAGTGGCTACCCCAGAAGCGGGGGGCTCAGACTCAGTCGAAAGTGTATTCCAGAAAGCTTCATAAGGTTGCTGAGGAAGCGGGTTGCGTCAGACATCCTGCTACGATCAACGCCATTACTACTTGGGCCGAAAGGCGGGATACCATTTGGACATTACACAGTCCTTTCTTATT,1371,50.33,Saccharomyces cerevisiae
SEQ_804235,CGAGCCGCAAGCACCCTTGGGGGCCATAAGAACTAGAGATCCGATAATTGCCCCCCAGGCTCGTGCATGCCATCCGCCTCGCATGACTTTGACCATTGCGGACAGCATTGCCGTTAAGGCCTCCTGTAAGTAGGGCAGGAGTAAGTTACGAATGCCAAGGGTAGTTGGGTAGGGAATATGCAAAGGTAAGAACGCACGTGAGATCATTGACCGGCAACCATCTCCTATCCGCAGACGCCGGGTTGCACAGCCCGATGGTTGGACCGCGGGACGGGTCATATGGGAGAGGAGTTATTCGGATAATGGCGCGAGCATCCGGTGTATAAGTCCCTAGTGGGACTTTGTGCGAGGAGGTACACCCTCAAATGGCGGTAGCGATCGATCGGCAAATCCGAAAGGGGTACTTGGGTAACGACTTCTTTAACTGATTGCTGCGCAAAACGCCACGTTTGGCCTACGGTTCACCGCCGCTTTGGTGACTTCACACAGCCCGTAAGCGGTGAGTCACGTAATTTGAGCGGCTCTAGCCACCTAGAAGGAGTCGTGACGTACTGGTCAATACAGAGCCTGGAACACTGCAGTCCTGGACATGATTGGAATCAGGCCGTTAGATGTTTATGTCCATCTAATGCGCAGCTAATATCTGAGTTGCGCAACTTGTTAATTTGCATATCAGGCTGAGCCTTCTACATCTTAGATGCAGGGAGGTGATCACACGCCCTACCAAACCCAATGCCTAACCCCTTAGTAGATCCCACGAGGACCATTCTAATCTCTCGACGCTCTTTAGCTTAGCGTTTGTGTACTGGACGTAAGCCCGGGTTTCGGATGGGCCCTAAACAGATAGGCAGAGTTTGAATCCCTAGAACGTATCGCCGAGTCGACTCACGGGTTTTGTTGATTTCGAACTCTTCTCAGAGGTCTGGAGCCCGGCGGCTACACACCTCAACCCCTCTGAGTACATTCCATCACGATTACAATTAGATATTCATGTTCAAAAATCCAGATGCCGGTGGGGCAAACATTTACAAAAGACGACTCCCGCGATAATGCGATGACCCCGTTGGACCTGTAGATTTACAAGATAGTGCAGTTAGGGACACCCGACCGTGTGGTTGAGAAGGGTTGCGGCCGTAAGGGTCTATAAGGGGCGAAACTTAAAGACTCATCGTCATATTCGAGCACGGCGTCGGTCAATAAGCCTACGTGTCGCCCGCATTAGGTAAGTGTTCAGCCCACCCCACCCCGCGCGGTGACCGCGATCCCTAACTCAACGGATAGCGGTTAGTTGTTATCCGGTAACAGTTGGGGCTCTTTCCCTCGAGCTAATGGCATCAGGTGCGAATTCAGCCACAGTATGCCCGGTCCTTTCTGGACCGTATTGAGGTTTCTATGGGCGAGGAATGTGTGACGGTATGGGTCCATCCGGGCTTCTTAGTGCCACTTCAGTGTCGAGACACAATACATGCCGAGTCGTGTGTAAATCATATCCATAGCAGAGATGTTATGCAGGTAAGCAGACCCTTTAGCTTGATTGGCACGTTGTAGCGGTACTCATGAGTTGCACCCGTTTCATGCTTAGGCTGTGTCGTACTAAGAGTTATTACTCTCATTATGTAACACGTGCCTTGAGTCTATAAAGCTCTCCTCGAGGCTACACGTGAAAAAACCGCGGAACCCTATGCTCGCATCAATAAGACCGAACTGAGGCGCAGGCGTAGCGAATCATCGTACTTACGTGACAGAATTGGCGAAGGGGCTCGTCTGTTGGCGATGCAGCCGGAGCGCGGTAGTCTCGCTATTTCCCGCTATCTATCAAATGGTTCAATGTCCGTGCCTGTGACGGGTCTTCGTAGCTACGTAATGATTATAA,1873,51.52,Homo sapiens
SEQ_226257,AAACCCCGCTGTAATTTCCTCAGCAGCGTCAGCTAAGCGTCTCCGCTGGCCCGGGGGATGGGAAAATGGCCTGGACATCGGGGCTAATTGTCACTCAACTATATGATGCGGCCGACTATGGATTTTTTGCGCATTTAGCCGCCGAATATCCACCGCTCCTGAACTATCCTGATTCGGGATACTTGGATACCAATGTGTCTCAAGATGTTTCCGCGTCTTGTTCCCTAATGACGCTCGTCGGGTGCAATCAGTTTGAACTGTTCTACGAACTAGCTGAATCGCATCTCCGGCAGTGGCGCTTCACCACATCAACAAACCGTCTTAGGGAGTCTGTCTGCCTCAATGCGGGCGACATGAACAGTTGGAAAATCCAGCGGCTATTGCGCACCTAAGTTGCTCCCTTGGCGTGCAGAATTTGAGCCTTCTATGCGACCAGACGTTCATGGCGATCATAGAGGGGTCTGCCCTAGAACCACAGCTAGATAGCTTTAGAGCGGGTGCATGCCTCATGGGGCTACAATTGTACACCTGTTCCTGGCTGCGTTCCTCAATTGAGCTTGGCACACGAAAGTTTGCCAGGTCTGAAGACCCCGCGTACAAGGTTTTTGCACAATGGCCATCTGACAGCCTGGCAGACCAGCGTACTCGTCGGAGGTTATCATTTGTAGGAGGGGGTGTCCGATTAGCACCCTCCACTGCTAGCAGGTCGATACAAACGAGCATGATAAAAAGACCGCGACCGGGGCCGCTAATTAACTGTACTGGCTTGAAGAACAAGGATCATCACCAGATTCTAGGGACTAAAGCCACGACGTCGCATTAAACTACTTATAGATGGAAAAGGGGTACGTGCAGGAAGCGATACCGTTCGACTACGGCCGGCATAAGGCTTTGGCGCTGATACTATTTCCGAGAGTGGTTTGGCAGAATTGCACACGTGAAGTCCTAAGACTTACCTCCTCGCGGCAAGAAGAAGCGGCCGCACCTGCCCCAGACCAGTCCGGACAATGAGGGGGCTACGATTCTGCGATTGAACGCGATATTCGGTGATGGCTTAGCACGGTCACTCGAGAGCCGCCCCTATCTGTCAACATACCAAATCTTCCCAAAAGGGTCTGTATGTTATCAAATCCTCCGTCCACGTCCAGGAGCATTATCGTAATGTGGCCTTGTAGTGCCTGTGACAAACGACGGCGAATCACTGAGGAGACTCGCGTCAGTATGGGACCCCGTCATGGGGGTGCTGCGCCCCGACGCTTATCCATCCCGCGACCCCAAACGGTTGCTTAGGATGGTGAAAAACTGTGGGAACTATACTTGATCTTCTAAGTGGTATGGGCTACTCGAACTTGTTCCCCGGTTTATTGAGCGACTCAAGCACGGTCACAGCGCAGTCGATGTCGTAAAGCTTTTTTAGATTCCAAGATACAGAA,1433,52.06,Saccharomyces cerevisiae
SEQ_389534,AAACGACAGTCCTGCCTCGCCGCAAGGATATCCTAGAGCTTCTGACACTGACACCTCCGAGATCTTACCGAGGTGCTTTTTTCGAGATGTAGGGGGAGTCTTTTGCGGATCTCCCCGGTTGTACTCTGAGGCACTCAACCGACAGGGAATCGAACGGTGGTCGTGCAGGCAGTGTATGATTTGCAGCATGAGAGATGAACTCGCCAACTAAGACAGGGCATATATCGCGGACCTCGCGCCCTTTTGTTAGCGGGCGTGAAACACAT,266,53.38,Mus musculus
SEQ_339026,GGAGCGTAGAATTCCTCAAATTCGGGCTATTCGGTGGTCTCAGAGAGATTGCGAAGGGAACGACATCCTTCCTGCAGCTGAATTACGAATACCACACTACTGACGGTTATAGCTGACCGTTCTGGGCCCCGATAACGCTGCCAGTCAATCCCGGCGGGTTGGTAATCAAGCTGACCATGGTTCCCCATACGGACAAATTACGGGGCGATTGAGGGACAATATACGGCAGACTGAATCTCTGGGATCTTTCCTAGGAATAACCACAGGTTCTAAATTGACGACAACCGCCGGCCTAAAGCCTTTCCGTAATCCCAAGGAACTCCGGGCCTACGTACGACACAGCAGTTGTAGGTGAAGGAGCTCACCGCAAATGACTAGTTGTATCGTTCACAGGCGACGTCCACTTACAGTCTGGCCCTCGCCCTTAGGCTTGACATAACAGTCGTGTGACCAACACGTGTAACCACTCGATTATGAGCTCATTGCAATGTAAGCGCATTCGGGTGTTGGTCGGTTGTTATAGACCGACGCCTTTGAGCACAAATACGATTGTCGGAATTGGCGACGCAGAATTCTCTAGGATTCAACACCAACTCTTGATTCTAGTTCGTTGAATTAGTGTAGTTTTCAGCCTCATGAATTGGGCCGCTAGTAAGCTCGGCTTCGCTACGAGAGACACATAGCGGTTTTATTAAAGATTCCGGAGATAGCCACCCGAGCTCGATCTCCGTTCAACGACTCTCACGCTTATTACCATTGCAAACCAGCTCATTGCTCGCTATACACAGTCCGCCCACGAATACGATATAGGGCGCGGCGCGCGAGATGTATGGCCGTTTTCCAACCGCTTACCCACCAAACACGCCAAACCGTTCTAAGAGAATGCCAATCCCCCAAGCGAACCACGACCGTGTGTATTGGTTAGTCTAGTTTTTCAGACCTCAGGTACGTACGGTACTCGACACGTACGAGCGGACGGATCGACAGGTGGAATTCAATGACCGCGGTTTAATTGTTCAAAAGACCAGCCCATTGCGGTTCTGCTGTACAGATTGTTGTTACACGGTCGCAATATCGGTTTCGAGAATCCCGATCCAGTCGGGATGAGAGGGTAACTTGCTTCAGGGCTGTATGTCCGGTTTCGTCGTCAGGGTCAATCGGACATGCATTGACGGGATCGGTCCGTCCATATTTGGGGCCACTCGCGACATAGAAAACCCTCATGTGGTGTATCCAGGGGAGTCGTGTCCCAAACTGCATAGTCCGGGTGTTCTTGATGCACATCGATCAAACGGGTCGACACTTGACACGTAGACCATCCTGGCGAAGCACATACATTGACTTAATAAATGGGGGGCGGTCGTGTACTACATGTAATATCGAAACTGACTACCGTTGTGAATACAATTCCGCCTATACTCATAATCCCCTAAATTCTC,1439,50.1,Drosophila melanogaster
SEQ_663847,GAGGCGACGCGCGCATGCGAGCCATACGTAACCAAGGTCTTCGGTAATACTCTATTCGAGCTAGAAGTGGTGCCGTCCTTACCTTTACGAGACAAACATGAGCAGAGGTACCTCTAAAAGTGCAGAAAGCTATCTCCATTCTTGTAAATACCCGGATTGGAAGCGCGCTGCACCAAATCCGCCGTGGAGAAGAAAGACCGAGGAACTAATTGCAAACCTTAATTTCGACCGCGATGCCGGTTCCTATTCGGGGAGTCTCGTCACTGCAGCATCACAGACCCTGCGCCAGCTTGCACGCCTAAAGTTGAAGTCTCTTGTGTATGATTGTCTCCTCCTATAAAGGAACTTAGGTATCCGTTAAATCGGTTCATGCTCTATAGACCATGATAGGAAGGTACCTGTTAGGGTACCCGCGTACTAGGCTCCGATCCTAATCGAACGCGTGCGCCACTCGCGTTTACTTCGGCGTGACGGAACTGACGGTTCGCCGTCCGCCAAGCCGGGCCCCTCAGCGATCTATTATATGGATGGAAGGGAACTCAGATACTTCAGTCGGTTCAAGGATCAGCTAAAATCAGACGTGTGCTATATTGGAAGGTGGTTGGAAAGATAGGCGGTTTGCGTGACGAAAAACAATCTGTGCCAAGATAGTTCACAGGTACGTCGCTAGCCCACCCACATCCCGCAAAATTGTGACTCGCTCCGTGAAACGACAATGTGCTTACCATATAGTCTACTTTTCGCCTGCCGGAGATCACATAAGGAAAAGCCGGCGGAAGCTTCTTGTGCGAAAGACTTATAGAGAGACGTTAGCGCCCCGAGTGGAAGGAGATCGCCGTCTATAATCAAATGGAATCTATCGAATTGATGCTGTACACCCGCTATAGGACAGTTTGCCGTTGGTACCCGCGGACCTCGT,919,50.49,Homo sapiens
SEQ_823868,CACCTAGCGTGAGTATTAATTTCCGAGGCAATCTCCGGAGTCTGGTCTGACCTTTTGGGATCCTAAGCCAATTCCCGTTCCCTCCGCGATCAAGCGCAGCGCCCCTGTTTGCAGAGGGGTCCGACCTCTACTCGGAGGTCAAGCGTATCTCCTGCATGTACTCTGAGGGCCTTAAACATTGCCCGGACAAGCGAATAGGGGTAAGCGGCTCTTTGCGGGGACCCTGGATCCATCTTGGGCATACTCTGTGCGCCCCCAGGGTCCCGCGAGTTACGGAAGCGCGTTCATACCTTCGATGTATCGTGCGGAGCAGCTACTGTCCGCTTGGAACTATTCGCCTGAACTTCAGCGTTAGTCTGTAAAATTATTCACGGTCTTCACCAGCCCCAAAAGATATCAGGAAAGTCGTACTATTATAACAAAATAAATACGGTACTCCTATCTAATGACCGACCGAAACCTAAGTCAGACTGTCATAAGTGGTACTTTGCTGAAGATGCTACGATCTGTAGACGCCGGATGTCTCCTCGACACGGTACTTGCTCTAACCATGTTAATACTTCGTTAGGGTTTTCGTCTTTCTAGCGCCTAAGGAACAGATACGTACCTTTAATGCTATTACTTTATAGTTCCTCTGACCGTAATGGCTCCCTTGCGGCGTCCGGCTGAGCACCAAGATCGAGATTCTGACCACGGTGGACGCCCGCTTGGATCTGATTTTCCTAGAAGCCCCCCGGTGATCGGCAGACTCACATCTCACCTCTCTCGGGGTTGGACTCGCAAATGAACTAGTCTCGCGCGTCCGGCTAACATACGAACGCCTGCGTGCGAGACGCGCATTTTATAGATTTTTACGCCTACATTGGGTGGGCGGTGATCAGCAGTTGGATAACACCGCTGCATTAATCGCAACTAGACACAGCTCCTGTGGCCAGATGGTCCTCCCCTACCGTAGCACACTTCAACAGGCAAACTAGACTGCTCCCATACTGTCAACCTCGGAGTTATTAGTTGCGTAGACCCCACCAGCGCGTAGTGACCCAGACGCATTTTTAGGATGGGACATTCTATAGCAAGACCCCTCTCAAGTAAGTATCGCCAATCCAACGTAGATCGGTCCTGACCCGGGCATTGGTTGGATATCGACTTCAGAAGACATCAACTCCTACCAGCACCGTTACTTTATGAGGGCCCTTTTCCGTCATCCACGT,1211,51.45,Drosophila melanogaster
SEQ_975150,TTCAAGTTATCATATGCTAATCTAGCAATCTGGACTCCGGCTGGTAATTTATAGATGGATCGATTGGATAGGGCACAACTTAGGAATCCCCTTATCTAGCTCTTCATAAGCATTAGCTTTAGAAGGTCTCGACCTTGTATCTGCCGTAGGTAAAGCTGTCATACCGCTAGGGCTAGATAATTTCCTTAAGTATGAACAAAGCTGGCGGCCTTGGGGCCATTAGGTACGTCCACGCATTCGGTCGACTGTATGCGGCCTTAATATCTCCTTAAAAGTAAATGACCCGTAAATCCTATTATTTAAAGAGACTGAATAACGGAATGGGCCGACCGCCGCCACTAGCTGGCATTAGGAAAAACACACGGTCCTGACCAGTTTCCGAGTTTCAAGTTGGTTGGAGTGGGTGGAACCGAGCGATCCGCAATTTACGCAACGCGCTATGTGTTAACGTGTCGATGGGGTTTTCTTGAGATTAGCAGTGCCCGTTGGAGACACATCCATAGTTGCAAGCTGAGGAATAGGATTGGCGACAAGTTTCGGTCATCGCATGAATAACGCGGGCGTATATGTTCACACCACCCTTTATTCGCTGCGGCGCCAACAAACCAGAGTCCTGAACCTCCGGTGAGACTTTATGCGGGTGTTTACTTTTGCGGCAGTGCGAACATAAAGATCAATGGGCCTTCACGATATGCATGTTGTTACTACTATAAGGCAACTGCCCTACGAAACCTCTTGGAGCGCACAATAGATGTGGCGAGGCTTAGTAATTCGACAATCACTGGCGGATGACCCCCGACAGTATCTAAGCATGTGCGAACCTTGGCCATATTGCGTGCCGCAGCAACCTCATCTGAGCTAGCGGAAGCCATTACTACTTTAGACACCGGCTGATTAAAGATCATTGTCGAGCGTCTGCTTGTTTATCGGCTAGAACGCGGACTTGTAAAGGGCTGTCACCCTTTCACCCGGCTGAGCAGCGACACAACCGGCGAGGGCCACGAGTCCA,1009,48.86,Homo sapiens
SEQ_936014,CACCAGTGTATGGCTCGCGAGGATGTGTCATCGTCACGGTAACACTATTGACTGGCCCATTGCGACGTCGGACACTGCTCTATATCTATTTTCCTATTCTTGCTCTGTAGGTTTGGAATTTAGATTCGTACGTGCGATGAACATGGATACGTATTGGGCTCAGATCAGGTCACCTCGTGTGCGTAAAAACATCGGCAATGTCTCGAAGCCCCTTAGGTCCGGCCGGTAGGCATCAAATATCGTTCCGAAGTATGCCGGTGCCACCTTGTGGTTATCTTATTTCTCTAGCATACATTAGCGAGCTTGAGTAGATGGCCAGTACGCAGGTATATGGGCCGCCCAGTTTTCATAATACCGGAGCAAACGTGTTACTACGCATAAACAGGGGCCAACTGACAACTTAATTTGGCCTCGTGACATGTTGCTACTTCTGGGTGTAGCTACGCTCGGGGGTCTGATTTGTACTAGGACGGTCTCATAGCTGCGCATATGGGGTATCCCCCATATCCACCGAGTCTGCTGCAACTGGATCAATCACGCTCACCTGCGAGTGGCTCAACAGCTTATAGAGTTACTTACTAAATCTTCTCGTGCGCCCTAACCCGTCCAGATAGGGTGGGCCAGTTCGTAGATAAGGGGGCTCTTGAATGAATACTCATTGGGTTTGGTTCGATCATGTGTATTCACAACACGGTATACGATTAAACCCTACAGATGGAGGACGCGCATATAACAAGCGCCAGCATATCGGGCTATACCACAATGTAATCTAGGATTTTGAAGGATTTACTGAGAAGAAGATTACAATAAAGGTGCAAGAACGTTCCGGCCCGACTGAATCTAGAACTGATTTCGGCTGGATGAGCGTACAAGAGATCCGATCC,884,48.19,Drosophila melanogaster
SEQ_843535,CACCCTCAAAATTCCAGTTCGGTGACATCGGGCAAAGACGGCAGAACTGAATTGAATGTGGCCTCTTGTCGACGCGATCTGAGAGTCGCTCTTCGCCTGTGTGGTAAACCCCCAGCAAATCCAAAATGGTCTTATATCTCGGCATTAGCGACAGATTCTTCCACTCGTCGACGCCGGGCATTCAGCGAGCGCTACCTATGACAGTACTAATGGGCAGGTAGCACTGCGATGCCGTGCGTTCTGAGTTTTAGAGGCAAGAAGAGAAGAGGTCCGCCATATCCTCGCGTAGCCAGCCCCGGCACAGTCCGTAGGCCATAGTGTCCCCAGTAACAACGAATTTGAATTGGGCGATAAATCAACCCAGCCCGTAAATCGACCTAATCTAGCCACAAAAGCTTAGCAAGCTCTCTCGCGTGTTAGCAGAAATAGGGGTGTGCTCACCGAGATAAGAGCACATTGAGGTGCGGGCCCTCACGAATCCGCCTCTAAAACCAAAATTTTACGAGACATTTGATAGTATCCACACGTGGAGGTGCCTCCGGTGGGCGGGGGAGGGAGAGATTTACTTAAAGCACTTGGATCAAGGCGCGGAGGCGCACAACGACACTGCTATTGGGGCATCCAAGAGATGAGCGCCTAAAGAGGACTCGGCTGTTCGAAGCGCACCGCTATGTTGTAATTGCATGTTGGGGTCCAACTATCAGACGTAGGTGATTATGAGAAAGGGAACCCACCGCATCTGAAAGGCCGAGGACTCATATCTAGCAGACGCTCGGGTATGAAGCATTCCCGGGCCATTAATACTTATGCTGGTAAAGCCAGCCGCTTAACAGGCCCATCAATGTCGCGTAGGAAACTCTTACTCTTGCGTTGCTTGTTACGCCTACCGTGGAGGAATCACAACGCTTCTTGCTCCCAGTAATTGTCATGCCTGCTCCATTATGCAGCGAACCTCATAATGTTCTGCTCTTATGACGGTGTTATCGGTCTATTACACTACTAAGGCGCATTATCAGTATGGTGTCAACTTCCCCCCCCCTCGGGGCAGCTCTGCGCGGTACCAATTGCTTGCTTTGGCAATTTAACAACCACAGGGATAGTTCAAGGCGGCTTGCCAGTGGGGCGCCCTAACTATGTGGCCTGTGGGTCGTTTCGCTTCACCCATGATATTGGAGTTCAGACAACATCGCGGAGCTCCTCGAGGTCGAATGATAAATCTCCGGCTAATTTACCATGAGTCGACGGGTAGCGTCCGGACCGAGATGGAACCCTCTGATTATACGAAACCATGAACTAAGTGTCGCCTCACGGCCTAGTCGCCGTGTTACCTGGTGCAGGATGGACGTCCAGACACAGATCACAGTGCACACTTCTAGTGAATACAATGCGGCAACTACTCTCGTCGTCCGAATAGTAGACGCCCTGAAACTAGGTCCAACTGAAGGTGGAGCGCTTTCGGGACCAA,1465,51.95,Escherichia coli
SEQ_680427,TTGATACAAATACAGGTAAGGCGGGTCAATCCAATTGGGGAAATGAAGTTGGTTCTGAGGCGGTGCCTATGACTACAGAGCCATATGCCGACTTTGTAAATATAGACGCTCAGCTCAGTTTTATCTTGATTGCGACAGCAATTACCTTTAGGTGTAACCCGGAGCTCGAGACGCCGAAACCGAAGATGGTCGTTCAGCTTGAATTGCTACGATTGTAACAACGCCGAAGACCACCAGAACGTCTTCTCATATTAAGAATGTCAATGCCTGCCCATCTTTGCGCGCTGACTCTCTAGAGTGCATTCGCCCCAAAAGTCTGGCTTGGTTGCGGAGACTAGTAAGGGTTGTGCTCATGCATAATACGATGGTAAAGTCTGGGCGGGTCCCTCCCTTTGGAAGGCAATCGCGTAAAAGGACGCCGCGTCTCACCCGTCGATTTCAACCAGTTACAAGAATGCGGCATGGACGCTCTTAGGCTCGCGCGTAGTCTCCCCTCGCCGTTCAGATACCGCGAGTTTTATCCGTAAGATAAACCCCGACCTGGATCACTGCGATGGGAACCAGCAGCCCGGCTTGAATCGGGAGTAGATCATCTTCGAAGCCTGCGCTCGCTCGATGAGATGGCCCTAGACTACCTTGGTGAGACGGCTCAAGGGTGAGGAAGGCTTGGTGATCCACAGCCCCCGATCCCGTCAACCTGTCTCGAGAGTACCCGCGAGGCTTGCGTTAGAGGTGCGCGATACTGACAGGGGAGTGCCGTGCAACGAAGTCTATCTCAAGACGTCCGATAAGTCAGATCTATAATAGTAGTATTCATACAGCGTAGGTGGCTTATGAATATTCGATGGGGGCAATTTTCTGGTATAGTAATAACGGCCCGCGAGCACACGGCTCCGAAAACAATTCCCATAAAAAGGTACGTTCTGTTGTGACTAGTAGAGATACCCCTTGGGCTCAAGAATTGCTGGAGCCGCTCCACATTAACAGCAACCGACCCCTCCCGGCGCGAGTCCGGTGAACCCGGGGTCAGCAAAGTCTCGGGGTTGAGACGTTAGGCGTAGCCTGATGTC,1070,52.15,Arabidopsis thaliana
SEQ_291266,TAACTGGGGAACGCGCCTGCGTAGGGAGTGTGTCCGGCATTATTTCTAAACCTCTTTGCAATAACCGCTATTGGGGTGGACGTGCGCAGTTCGATTGGACCCGTACTGTCCAACACCCTGTCAGAACCTACCCGTCTTGTCTGACCACAGCCACTAGGTCATGTATGTCACCCGGCACACTATCGACAACAGAAAAGTAACAAAGAACAAGGGAATACCTCCGAGGCCCTTATGGATGACCGTCCTCCGACTCGCTGTTCTTGCTTCATAGGGAGCCCTGCTTACCGTGCAGAGGTAAATATGCGACCGTCATTGGAGCTTGTTAGCCAAGTACGTCGCAATTCGATGAAGGGCTGACCTCGTTAATTAAACCCGGTTGCCCCGGACAACCACACGTTGGCACGTCGGGCGTCCTCTTAGGTGGTTTGCATCCGGCCATATTTGGGATAGTGGAATAGATATTAAGTGACGTTTACTACGGGCTACAAGCGTCGCTTAACGATACCTATAGTTCCAAACCTGGAGCGGCACGAGTACTAGCCGGTGGTGGGGCCAATCCGACGTAGCATTTTGAGAGGACTCACTCAGCGAGTTCCGATCTTGATTCGCCATCACTCCACAGACGCAATACGGCCCTTAATACTCACTAAAATCTGTGCATGTCTGGGACCGATGTTGACTGGAGTACTCTGGCACCTCCTTCCTGGTATCTTGACTGCGGCGCGGGCAGACAATGAAATGTAGTGCGATGCGTTGACCACCCCATCCATGTATGACATCCTGAGATACGCATTCCCTATCGTCCCACAACAGTTAGGTTGTTTCGACAACCCCGTAGTGAGACCTAGGAACCGGCCCCCGACTTGGGGGACTCAGAGGTCCATTCAATAAACGTGAAAGCGGCGTTCGATATGTTGACAGACGACAGCGTTTGCGTACCCCAATTTTCCAATAACCTTGGTATGAACTCGCGCTTACCCTGTGTTGTAAGTTGGACTTTCACTCGAGTGCTCACTACGTTAGGTAGTCAGGAGTCCACATACCGGAGCGTATCCTCCCGCAATGCGATGGGCCTCCGCCTTCCCTTCCGCAGGACTCCTGAACGGCTGTTAGTAGTCGATGACTCGAGCTACCACAAGATATATAGCGGTAGGTAGGCATTTTTGTCGAAAACGTAAATCCATCAAGCGATTCCCGAAGACATCCCGGAAGGAGCTGTGAAAGGCCATCCTTAGTTATGACGCATCGCCAGCTGTACAGCTTTAAGCGTTTG,1273,51.69,Saccharomyces cerevisiae
SEQ_728382,TACCACGGATGTTCGGTATCTTTCTACCGTAGCGAGACGAGTATCCCCTAACAGAAACATCTGACTCGACTCCACCGTCGACAAGACTCCGTCTGTCCCCCTAAGAGTCTTGATTTTGTCAGTGCCTTGCGGCACACGTCGTCTCGGGAGATGCTTGGGAGGGTCATGGTGGAGTCGCCACGGTTGTACAGGTCAGGCTCTACACCAAGATCGACTGGAGGTATGCTAGGACTCCCCGAGTCGGTCCGGTACTACCTCCGCAAGATCTTGACAAAGTAGAAAGTAGCATTTCACTTTCACCAATGTTTCCGATAGCGTACACCGATCGAAACTAGGACATTCAACCCCCCAATCCCCACGGAAAACATCTCAGAGCTTTTACAAGGGTATCTCAACATTGGGCACCTTTGTTATTCACACGGTACAATAACCCCGCCAATGCACGGCCCAAACTTAGGACCTATATTGTAGAGATAAAGAGCCAAACGATTAGGGACACCTGCGTAACCCGTCTGGTGGCAGATTACACCATCACTACAGGGTGCCGGCTAGATTAGGCATTGTCTCCCTTTCTCCCTATAGCAGGAAGTCAAGCACATCCCGTCGAGTTTCACAACTTCGGTCTAAAGCAGGCTCCCTTACAGGGACGTCTGTCCTCAACGCCCGACCCCCTTCTCAGCAGAGCTACGAACGCCCCTCGAATTGTCGGTATCAGGATACAATCGCACGCCAAACAAAGGACTACTCCAAAGCTGAGAGGACAACATCCGACCTGTGGCGGAGAAATGGGCTAAAAGGTCGACAACCTAATTTATTGTTGCCAAGAGATTCCAATACATACCCGTATCGAGGCATTTAAAAAGGCCCAAGCATGCCAGCAGTAGGCGGCGAGTCTGACGTCTTATGTACTAATAACTTCGTCCATCAGCGTCGTACACCAGTTATCATCTTTAGGAATGTGTTACGTCTTGCGATTAGATCAACTCATCTCCATAAAA,998,49.8,Homo sapiens
SEQ_945758,ATCGACTAATGGGCGGGCTAAGCGTTTTGCTTTATCCCGATCGATGAAGGAATACGTATCGCTTATACTGCGAGGTCCAACTGTCGATACCACCTGGATGAGGATCCAGGGGGGATATGCTAAGGTTTGCCGCGCTTGTACGTGCGCGAAACTTGGAAAACTATGGGCTATCGTAGGATCCGGATCTCATACTCTCACTAACCGTGTTCAGCGAAAGGTGAAAACCCGGGTTGTATGTGTGGATTGGCCGCGCCGCTGTCCGCTCATTGCGCCACTATGGATTACTATACAAGTGGGCGCCAGTTTATGAACAAAGGCCAGGAACGAGCTAGTAGGTATTCCAAACTCCACTAATGTCGAAAGTTGGGGTAATGGTTTATGATATCCAACACCTCAATCTCCTTCACAGCACAGTGTATATGTCGCTAGCGTTCTAACATCCTCATACGTTTAGTAAATGGTCTCTATGCTAGGGATTGATCTTGGTAAGCGGGACGCCGTCAGGCAGGGAACCCCGCTAGCGCTGAGGGCCGAAATGAAGGCACGCATTCCATGGAGCGGCAGACGCATATGGCTGAGCTAGCGATGTTGTAAAGTCGCCTCTTACGGCGCGTCGCTTTTAATAGCGAGGGAGAGACTGCAGAATCATTCGAACGAGAAAACCCAAAGGTACCTACCTAGTTGATAATAGAACGCGGTTGGAGATAGCCAAGACACTATTTATAGAGCTACATGATTGGAAAGAATAGGCCAGCACGCTGATGAGGTCTTGTCTTTCAGCAGCATATAAGAGCTGCTACCCTGGATGATGCCGTGTTTAAGTGTGGGCCGTTCGTGGAAAGCAGTTATACGGTGGAGTGGGTGGGATGCTGTCCCCTGTGCTTCAGCGAAGATGGTGTCTTTATCTGACTCTCCGCTAGGAAGATACGGGCTTGGGCTTCCATGGGGCTGCTAATATCCTGAGCATGCTACTTTCAGTTCGGATCTCCCTCCAGTCGTAGACTTAACAAGCGAGCTGAACCTGGGGATGAGTGATCAGGGCATTTCGGTGGCGATGAATGGCAGCAACATATGCCATACGAATCCCAGCTTCATAAGATTCGCACCGGTGTGTCGTCTTGTGGTGCTGAAAAGTGCGTACGGGAATTGCTCATGTTGGCCTCTACATGCGTCCGAGCATTGTAATAGTTATTGCTTGTACCGTTAACCCAACGCGACATAGCTCACCCCCCGGTCTCTAGGCTGGTTGACGCTGACCAAGTACATACCATTATAGACGTTAAATAGTCTCCCAATGCTCTAGCGTTAACACGGGTCGGGTGTGGATGATGATACCCTCCAACTCAGCCCGATCCAAGACATCATGTAATATCACCAATGGGCCTAAGGCTCGGGTCTACCCACTGTGTCTATAGAACGGGAGTGCTAAAGGCAGGGCGTCGCCAATCGACGTGCCCCTAACCACACCTTTGCTGGTTTTTGAGGAGCTCTCATCGTGATTACAACCCCCGGCAGGCAATCGCGGCCCAATATCCAAACTTTCTGGTAGTATATGATGCACATGATGACCCGATCCCGTTGTGCATTATCGGAAATACAACTTTATATGTTGAAGTTGGCAGCCACTTTATGCAGCGAATTTTCCCCCGTC,1651,50.09,Mus musculus
SEQ_987400,TTGTTCTATCTCTAAAGCTTAACGACAAATTGCAGTCTCTCCGTAATCACACGTTTGGTCCCATCTGTAGATTAGAACGGTCATTAGGCCGACGCTAAGGTCAAGCACTCATACGCTTCGAATCAGACGGCGGCGGGGTAATTTCTCCATTCCACCTATCACAGATAGTGTTCTGATATGACTGGAGGCATCTGCCTCAGGACGCACTTTCTTATTTCATTGTCCCAATAAGGGAGTGCCGATACGACCATGTCAGTTCCTGCTATATTAGTATTTCCAAATCGACCAGTAGAGGAGCCTTACACCTGACCCCTACTACTGTATTGAACGCTGCGACGATAGCGGAAAAAGCGGAAGAAGGAGGGACGCACATTCCCATTGCTCCCCTTGCATTAACTAAGCGCGTGGCCGCGAAAAATCGGGGCTCTCGAGGAGTATAGTTAACTAGCGTCGATTTATCTGAAGTGCTTGTCATTGGAATAGGGCACTAGCTTAATATGTTACGGTTGACGAGCATGCCACATGGCCTCATCAGCGTGATTTACTCCACCGCAACCCAAGTGTGGCCTTGTGCATAACTAAAACTGGCACGGTTACCACGAAATAGCGATAGAGAGAACGGCTTAACTTGTCATCACTCCTCACGCAAATAATCCCTATGCCCGGCGCCCATCCACTTAGAACAGAAGAACAAGCGGCGACGACTTCACATGCCAAATACACGCAACATGCTGCACCCATGACCTTTGCCACCTGTCGCCTGACCACCGAACATAGCATCACGATTTATAACCGGAAATAAGCTAACATCATCTCGGACTCTAGAAGGTTGGGCCGCTTCGGGATTGTTTAAGTTGGGTCCCACCTGATCTATGGCGGCGCTCAAGAATTACGAATCCCGCGTTCTATGACCAGTGCCATCTAGCTTATGTAGCCGTATCTTTCTTATAGACGGTACGTACAACGTCGCGCAAGCGTGAGGCGATTTTCCGATTGTCTATTACCGCCGACCGCTAGGTTATCCACCTTTGACGCGCTTGACGGTCTATGTTGGTCGAAACTATAACGATGATAAATGCCGTTTGATCCGATAGTCAAGGATGTCTCTTCACCGAAAAGGGGTTTCCAGTTTTCCATCATTCCCCAGCTATCCTGCTAACGGGCTGCTAAGTGGGGTTATAACAACTGTACGCGGTCCAGGTACTTGTTCTCGGTTAGGCTCATACCCACTTTTGACTTAACATGTTGAACCGCTGATGATGAGGCCCTCGTGATTAATTGACCCTCTACTATACCAACGGTAGGGTAACGATGTTCGTGAAATGCTCAAAAGGAACGTCCACGAAATCATCATGGACAGCGCACTTGCATGAAGAAAGTTAGATGATTAGTCGAATGAGTTACCACCGACTCATTGAATAAGTGCCACTGATCAAAATCGCTGTCAATCTAGATGACCCTATCATAACATAACTGCTATCCGAGTATACTAAGTGTGTAGCCCCATTTCGCCTTCCTTGGGCGTCAGGCAGCGTTGGATTAATGGATCTCGGGTGAGCAAGTTCTTCAACGGCGTAACGACATTCGATTTTTTAAAACAGGCCATAAGCAAGTGAATATTTAGTGAACCATCTCACAATTTGCAAGCGGCTCATTACAGGTAACGAGTGGGCGGAGCAGATC,1683,47.47,Caenorhabditis elegans
SEQ_727316,GTCAGGGGTTCGTCAATCATGCGAGTGCTGGCTTATCGGGGTGCATTTGGGTAATTGCGCCAAGTCTTGTGTATTATCGCGTTCACTACAGGACACCTAAAGTGAACTGGGCCGTCCCCCCGATTGAGATGTACTTTTCATATATTTATTGCAACCTGGGGCACAGTGTTAGTCCCGTTGTCAGTCATGGGAATAACGATAGCATACTTCTTATAGTCGGATCAATTTCAGACGCACAATAACGAATCAGGTGGCTCCGTCTATACACTGACTATGCGGCAGATGGGCCATGCTCAACCCCTCATCGTGTAACACGTTACCTCTTCTTATTATTAGATCCAAGACAGTCCATATAGACTGGCAGCGTGACGTCCCATTAGCCGGACTACTGCCTTTCCAGGCCGATGAGTCTATCTCTAACGGCTTGATCCCCGCCCCGGTAATATAAGCTAAGCCGTGAGTAGTACAGACGCCATGCGAGAGGATATATAAGTACTATGAAACGCAGTGGGGCACAGCTTGGCCCCCCTATGGGTTCCGGGCCAGCTAGGGTCAGAAAGCACCTAACTTGAGTGATCTACTTAAACGGACAGAAACCAAACGAGTACGCATGCCGCCTTCACTATCCGTCACCACAGTGGCATAGTTCCCCCCCCGATTTGAAATGTTTAGGTACGAAAATTCCCATGCATACTGAGTATTATGTCCGATAGATCAACGCCCTATACACGAGCTCAGCATTCATCCAAAATTAGCCTAGCAACAATCGGATATGAATTGCCTTTGGCGCAGAAGATTGACCCATAATAGTATGTGGATAATTGCGAGACGCGAGTCGTCACGGGAAGATCGATCCTAAAATTCCTATCCGCTACGATGGGCGTCATCTCGCCTTACTTGATACAGAATTGTCTTTCTTCACAGGGAAGATCACCCACATCCAACGCCAAGAGAGGTTCAAAGGAGCCGGGGGTCGAGATTCAGGGGGAGCGCCAGTGTCCTGACGTGGCTTCGACTGATCATGACGCTTGCGCCAACACAGACCTCTTTAACCCCGTGATATGGTAGGCCCCATGCGGATACAGAGGTTTCATCCGTACGTTTAGTCCTACGAGAGTTGATACATCGTATAAACTAGACCTTAGTCCCGACGAGCCTTTCGGATCTGACAGGTCTTAGGATATATGCCCCCCTAGAGAAAAAAGCAACACGATCTGATCGTGCTCTCCTAGAAGACAGGACTTCAGCTTATGATATAACCATTGTGGTCCCAGATATCGGGGGTTTTCTCATTAGACCTGGCTGCTATAGTATTGAGGGGACCCACCGAAAACACCGGTTTCTCAATTGTAACTGATCTTATCCTGTAATATGGTAAAGGGTGGGGAAGTCATTCGGTTAGTACCGGGTTATTTAACGCGCAGATCACCGATCATCGCCTGCTCGTTCTCGCTGGCTTTTCGATCCGAGGTCCGGATTAACGTGTCGATAAACATGATATGCAGAGTTTTTTTCAACCGGTTGACCAACAAACGGCCAGTGAGAGTCAAAAGATGTACAGCATGGCAGGACCTCGAATACGACGGGGGGCGTAGATGGTTCGTCGGCTATCTAAGGGTGCTAACAAGGCATCATTTTGCGATCCCTTCTTCCTGCTATTAAATCGGAGCGTCATCCTAGGAGCGGATACGCCTCCGACGGAGGGTTCACGTAGCCTTTGCTCAGAACAGCCCCTAACTGTCGTCGGATGGCCGGACGGTCTGTTGCCACATCCTCCGACCATAGAAAACACAGGTGCGACCGGGGCGAGCTGTTAGCGCCGTATGAAGGCCACACGACCTTGGTGTGAGGGACTTTATTAAAAGAATGTTCCTATCTACTATTACACACCTCAAGCGTGGAGGTCCTGGGGCCTTAATAAACGAAGAAACCCTTTGGC,1939,49.46,Caenorhabditis elegans
SEQ_173669,CTAGTGCAAACGGATAATTTCGGATAATTGGTAATTTGGGAGCTAAGACAATGTTTTTTGGGTTGGGAGGGCCTATGTAGAAAGTCTACCAGGCGTTAGGGCCGATACGGTTCTGGCTGCCCACCCTTCGTTGACAGTTGATCTGGAATCTTTGGCGGGAAACTGAGCCCGGGCTCTATCATCGGCATTGAGTGTGCGACATAAAATATGGGCGGCTATAGCGCCTTAAGGGCGTGCACAATCAGGATCCTACCACGACAGACGCCGGCTGGATCCGCGCTAAGACCCATCGGCCCCTATACGACCCTCGTTGGCGGGTGACAAACCCATGCGAACTTGAGAAAATTTCGATGTCATGACCTAAGAGGGTAGCGTAAGGGTTGACGTTGGATGCGTGCACGATGTGCTCGACAGTTTATTGGTTCACGCTGGTCATAGGAGAGGCCGGATTGGCGCAATAGGTATAATCACAATGATTCTTCCCGTGAACTAGTGGTTCGAGGTCCGCGTAACAGCTAATCGCATCAAAATGGCGACTAGTCGCTGTGTATGCCTGTCCTTATCGGAATAACATGCTCGGAGGATGAGGGAAATCTGATGAGTGAAGGCTCATCAGCGCGGAATTACACTCGCTCCGACCTCTTCGCTCGAAGGAGGCTGTGATATGTCGATGGGACTTTGCATCCGCACTAGGTGCTTTACGACAATCTACTCTCATAATAGCATGGTGATATTTTGCTCTTAACCGCTTCTGTAGAGGGGGCGAATTTATTGAGTATTTCAATGTATGCATTTACGCCCGCCCTCATGGTGGGTACGGACAGATCTGTTTTTCCTCGTCACAGTTAGCTGGATACTCACGGTTTCAGCGCCATTACATTTTCGGGTCGTGCTGAACGCCCCTTGACATACAGAGGTCGACTGATGCGAGCAGTACGGCGTACGTGGCTGGGCCTCACGCCAACTTGGCAAGACGCGTTCCAGTTCCAGGCCAGCAAGCCTGAGAGTGTTTTGAAAAGACTCAAATGGTGAGCGACTTTCAAGGCGCGACGGACAGTACGAGCGCTTCATTCCCTAACTGTACGACGCTACTACGGCGCAGCGTTGGCAAAAGGGACAGTCCCAGTAGAACGCCTCCTGGTGCTCGATACTTTCCACATGTATATTCCACCGTGTGGTTGACAAGTCGTTCGGCCCGTCTGTGTCTGTATCAAGTCTCGTCCTACGTTGGTTCTCACGCTGGGCGTCCATAGCAACACCCCATTGGGGCAGACCACTCGGCTGATGGAAACATGTATTTGGTGGGTGCTGTGTAGCGAATGTCCCTGTCTGTTGGTCGCCATGGGTGTAATGTGCTGAATAACGGGCCGATAGGTGGAAAGCTCTCCGTATGGGGCGAAATTAGGAGTATTCTTGTATGACCTCATCCGGAAGCGCTCCCATCGATTGTCACGCCCGGGATAGCGACCCGTTGCGTTACCTCCTGCATAA,1491,51.98,Homo sapiens
SEQ_877743,TGGAGCTGCATTCCCACCTTATTAGGATAGTTCAGGGCAAGTAGATCTCAGAGTTGGTTTCTTTATGTAAGCTTACAGTCCCCTGCTGGGTCTAATGAGTACTGAGTCCGAACGGACTAGACTGAAACGTCTAGGAAAAATTTGGATCACCATTGCGGGCACGCCTAGGGTTAGCAGCGGGAGATTTCCTCCAATAGGCACATGAAACTTGCACAAGTTGATTGTTGAGCCGAAACGAAATTTTTGGCGTGATCAAGGA,259,46.33,Drosophila melanogaster
SEQ_471603,ATCGTATGCGCGTTTTTTTAGGCGTCAGCTATAGACAAAATCATCAGATCTAGCCCTTGTAGATTAGCCCTAGTTTACTCGAACGGGTCTTTGATACTTGCCGACTGGGGTTTTTCAGGGTTATAGGCAGGGCTTCAGTTAAAAGGTAAATTTCGGGACTAGTTGATGCTCATTCGATTCTTCACAATGTCTATAACACTGGCTACATAAACATTGTTATGTGGGCCCTATCCTCGCTTCGCTTGATACGCCTGCTGCTGCTGCTATACGCTGACGCTGTTGTGGACCAGACGAGCATGCGCAATGGTAACCACGCTTGACTCACTTCATGAAGGGTATAGAAAGCAGTCGACCCCTAGTCTTCACTGAAACAAATAATACGAGAACTCGAGCTAAAGCAAGATTTGCTATGTAACGGCCTCTCCTGCTCAAAATGCAGGTGTATCATTCCATCGAAAAGCATAAGATGTAAGCAGGCAAATAGAGTTGTTCCTTTTCATAGACTGTCGGGGGGTGCCCGTCGTACAGCCGGAAACTCGAGGACCGTGGTGCCTAATTGTACCGTCCGGGAACCTGGCGCAGAATAATTGAGACAGGGTCCCCCTTCACCTAGCTACGTATATCATGCTCCGTATAACCATCGAGTGTAACGGAATACCGCTTGCTCTACGAATATCAGAAGTTCGTCTCAGCGCTCTCCAATGGAGCTCGAGGGAATGCTGCTTCAACGATTGGTTTCAACGTAGAAGTTTACCCGTCAGCGTCGGAACGCTTTCCTTTTCTGACGAACATGGTCTAAGAAGTGTATTGTGTTCAGGCATGACACTCTCCCCACCACCGCGTCGACCGGCCAAGCACGATCGTCCTTCAGTGGTCCTAAGACGTTATGTCATACCAGACTCTAGCAGTGGCATCTCGCCTGTACCCACGTGTGCTTGGCTTAGGCATACTGGGGGCGGCTGCAGCAGCGCGAAATGCGGAAACAAGGTAAGCGTTTGGTGCTTATCAGATCGTTCTCCTGACCTGCCGACAGTATGCATAGCTAGCTCGTGCAGCTGACCGGTTAGTTCAGCTTCGAAGTACACCTGTATTGACCGAAACGGATCCGTGAGGAACTGCAAGGAACTTGCTATTTCGAAATTACAATAACACCATTATGTTTTAGGGGGCATGCCTAAATATCACAGTACCCCATTGCTGTACTAAATCCTGCCGTGAGTGACGCTTGGTGTCTATCTCCGATCGTCTTTTTTTGGGACCGCACAATAAATCATGATAAATGCGTATCGGAGCCAGCCTGCACCGCGAACTATTACTCGAGGCGAAATCACCCTTACAGGTTAGGGTGGCTGGTTCGTGCGTCGGTGGCCGACCCTGCAACGACATGTCCTTAAGCCAAAAATAATTAAGATGAGGCTCAAGGCCGGGATGTGGATGAGTCAAGGTAACCAGCTGAGAAATTCGGCGACCTCCCCGAGTATCTAGGCTGGGGGTGCGACCAAGCCAATTTTCTTTTTTGTTCCAACACAACATAGTTTTTAAAGATCACGGAGACGACACCTGCATCAGGTCCAAGGGGGCGCCCCAAATTAGTAAGCGACGGTCATATTCAATGAAGTAGCAATCTATATACGGATATAAACTTGTAGTGACAATAAGGGCTTTCGGTCTCCCACGGTCTGATGGAGAGGGGTCTCCCCACCCTGCCCAAGGCGTATAAGGAAGAAGGGGATACGTTCGATCAGATGGGCTTTTCCGGCAATCTAGTATCGGATCTCACCGATCTCTAGTACTTGATTC,1800,48.89,Homo sapiens
SEQ_590550,TCGGAGATGTTGATTATTCGATGAAACCCCCGATAAGCAGCGCACCTAAAGTTCACCAACTCTAGGCGTGTCACTTATGGGCGATACTGTCTCATTTTACAGGAAGTTCCAGGTTTGGAAGTCCGTCCGTCTGGTGTCAGTAAGAAAGGTCAAAGCAAGAGGAGGGTATTGGGATTCTTTACAGAACTGTTGTTCGTACTGGTAATGGAACAGCAGAATGCTGACACTGTAAGTTATGATATTCCGCCTGCGGCCCTGGGCGACCTGCTACCCCACTCGCCTGATTAGACCGAGTACCAGGCTCCCCGTAACCATGGAACTAGGAGCTACCTTACACCCTGTCAAGGCTCCGTTTGTATTAATCTCTCTTGGTACTTGCAATCACCATCGAGAGGTCCACTTTGGTGGCCGAAGCCTAAGCACTCCTGGACGAATATGAGAAGTAGCCACGACTTATGTCAAAAATGATGATAGGGGTGGTAGCTGTGGATCTGGACTACTCTACCGAGGAGTACTGGGAACGGTGAGGCAACTCCATCCTACCTAGTGATGCGAGTTATAAGGAAGGCCTTTCATAAGCAGACCTCCCCCCACCCGTCTAAATCGCAATTTGTTCGATGTGATATCATAAGTTGAAGTTCCATGCACTGCGGTCACTAATTAGGTTGACCTCTGCATATATTATACGGAGGATGATAGCGATGTAGGCACTCGGGTAACTGCTCTCCAAATGGTCGACATCTCCTATAATATGGTCAAGCACACCCCGGCTGCCGAAAATAGCTGGTTTGCTGACGCTCGCGCGCACCAAGCACGATGTCAATTCACGAGCTTGCCTATGATATGTGCTTAATTCCCATTTGCAGCCTACACGTTGTGCACAACCAAATTACCGTAAAGTATACCGTTTTGCTGACGTGCCGCATCGGAAACCATAGCTGCCGCAGCTTTATATCTGGGGAACGAGCCACCCCACTAGAGCCGCCTCCGCAGTAATGTGGTACAATAAA,1010,49.01,Escherichia coli
SEQ_588792,TCGTAGCGCCCTCCCCCTTCCACAGAAAAGAACCGTAAGTGGGTAGGGGCGGTTTAAAGACCCTGAGACCTGACAGTATACACTCCCCGGACTTCATTGTTTCCCGCCTAACTTTTGTAAATCACTGCTAGCGAGCTCTCGTAGTGGACTAAATCTAATCGTTGGTGCGCTCCATATGATCAGCGTATTTGGCAACCTGTCAATTGCATGGTTACCAGTCTTAGCGGACTACTATATACTGGGGAAAGCAGTTTGTGAGTATGCACAGTATAGAGTTTTCCTGTACCCTGATGCGAAAGCGTAGAGCAAGTGATATACGAGATGCGTGGTACTGAGTAACGTGACCCAGATAGTAAGGAAAGCGCCAGGCGCGCAAACTCCGTGTTTCCTTCACCACGACGTGGGAAGGTCCAATCTGTGTGATGTGCACTCTGCATGGCGTAATCTACAGAAAGATTTCTTTTTTATTAGATATTCGGGATAACACAGCCGTTTCAGCGTGTCCTCTAACCGATACGCAAGGTGCATAGCTGTCGTAGCAAAAGCAGCCCCATGCAACGCCACCTGGAACCTAGGCTGGTGGTCTGTCACTAAAGGCAGAAGGTACAAAATCAAATCGTGAGTGCTATCGGATAGGGGTCCGGCCTTGTTATACGATGGGTGACAATAGGTGATTAACCGGCTACCATAGGAAAACTGCGGGGGAATCGTGGGGCGAATGCTAGACCAAGGGCCTTAACTTGGGTATTGTCCCCTAGAGCTAATAGATAAAGCGCAAACCTCTGTGGACATTCCATGGTTAACTGAACTCTATGGTAGACTTGTAGGACAATCCCATTAAATTATGGCTTGCACGACTCGAAAGGCGCTTGGTAATACAGAAAGAGCGCGTTGTCATGAGTCTTGCACGGTTCCGCCGGCCTCGGGAGATAAAGATACGGAGTACACCCGCAGGTGAATATATGATTATTGAATAATCCCGGCATGTGTACCTACCTACGCTTCGGGGGCTAGTCTCCAACAGGTTGTAGCCTAGCTGAAGTCAACCGTTCCTAAACGCGCACGCTCGTTTGACATGAGACTACTATCCAAGAGAGCCAGTGTTCAATAGCACTTCCTTACGCCCCTACGCGCCGCTACTGTCTGTCTTCACTGACCCGAGCGCTGGACACGGGAAGCTGCCTACCAAACCGGCCTCCCCGGTTAACTGCTGTTGATGGAGGCAGGTCCTCTCGCAGCGATGTTATATAATAGTATTCCCGACTAGGCATAAAGCGACACTAACGGAAGTTCCTACTGGGCCCGGCTTCGGATATGGAATCACATCAAAGATCAACGAAATAATGGACTTGACGCCGGTGTGACTACGACTCCAACACCCTAATGGTACATGTCAGACCATTCGGAAGACTGAGAAACACAATGTGCGTCTATCCGCGGCCTCAGGAAGACTTTCCAGGGGTTGAAGGACAACGTAGCGGGGGCGCATTCCTTTTCTCATAGGGCGGGACTTGGTAGGGGCTGTTCGGTAGGGGTAATGCGCAATTTGGGCGTAGTTAAGGGTCGTTGGATGGTTCCGCACGCACCATCGCTTGGGTTCCCATTGTCGATATGCCCCCATTCTCCTAGTCTCCGTATGACAGCACATCAAGAGAGAAGAGGAAAATTAGCCCATGAATCGGCTTTACAAGGAGTCCTTATGCTAGACTTAAACCCATATGTGGCGACAGCTCTGGTATAAAAATTTCGCTGCGCTTTTTCACAGGATCCATATAACTTAGAGATGCTCCATCTGAATTCGTAATGTGAGGACCGCGAAAAACAATCCACGATAGTCCCACATACTACTCATGGCCAGCACGTTTTGTCGGCGATACTTAAGTTATACTACCCTGCCGGCATACACCAAGCGGTAGAGCTTCTCCTGTAGCGGGTGCCGCCCTTTATCGATGAA,1954,49.69,Drosophila melanogaster
SEQ_238942,ATCTCTGCGTAAACGGGTTCCGGTGAGTAGTCACTAGGCCTGACTGCCTTTTGTCTTCTGGCGGGGGTTCTTCGCAATGGCGGTCATCAGACCTGGCTGTCCAACACCCATGGGATGGTGATTGGACTGCGTAACCCCGTGTTGGTTGGTCAGAGGCCTTAAGGAAGAGACCCGTCGCGCACATGTAGTCTATGTACCTCTTTGTAAGATCCGTTCTGTCCTACGTTTTGCAGGAGGAACGCACTCCGGTGGTGACATATTAAAGACGTAAAAGGATCACGTCAAAATGTGACCTCCAGGTCGAATTTAATTTCTGTGTTACTGTCTAACATGGAAGTCGGGTAGAATCTATTATCCATATACAAGTCTGGATCCAGCCCTCTCGCGTGCCGCTTCGCCGCGCACGTCCAGAAGGAATGTCCTGACGGATCAGTGTGAGGATAAGCCTACAACAGAGCTTCTGGCCGTGGTGCCGCGTGTTCAAATGCTGCTGCGTTCTGGGCTACGCAGGGGTTTTCTCCTTGGGTACCATTCATGTGCCCATGGTTTCCACGGCATTGCCCGCGCTTGGCCTCGCCATATGTAGCTTCGATGGAAACTTCGTCTCCCAAGAGTGTACAAAGCACTTACGATGGACCAGTATCTTTACTCCATCGCCCCGGT,663,52.34,Drosophila melanogaster
SEQ_505019,CAACGTCTTTACTAGACTGGACCGCGAGGACTGACAGGATATTACTTTTGGATGACGCTCCCCGTTGGGTCTATCAGACTCGCAGTATTAGGGAAAGCGCACCAATTACGCCTGTTAGCAACAGTTTTACACGCTGGACACAGAGGATCCGTTATGGCAACAGTGGATTGCGAAAGTGGGGATTAACCACTGCACCCGTCTAACCGAGGCATTCCTCCCCCGTTCCCAGGGTCACAAACAAGCCTTAACAAATGCGCGTAGAGACTGCCGAGTTAAATCGACGCGGTATCTCTTTTGGAGCAGAAGTCTTTTCATGAGACAGGCGCGTTGTAGCAAATCGTGAAATTGGAACGCTGATAGAAGGTGACTATGACTTTGTGGCTCTTGACACGGCAAACTCCTGCCAACCAGTTCTTTAATCATACATCCCTTATAACAGGGCGCTTCTGCATCTTGCACTATATTAGGTAAGTTTGAGGCAACAACAAAGCATAACATGACACCGCGAGTAGGGATAAATGTCCGCGACCGTCCGATCCCCCCACCTTATTACTTATCGTCGTGAGAAAGATTAAACGGCCCTGGACCCGATCAATGGATCGATGGCGTGGTGTCATGGCCGTACATCTAACACCATTGTTATGACTCCTTACGGTAGTCGTGTGATCTATGATTACTCTGTAAAGAGGGATTCCAGGGCAACAAGTTACGTATATCTACAAGGTAGACAGGCAGACTTGAGTTACTAGACCTAATATCACACAATCCTAACCAAGGGTCACGACCTATCTAGTCTTGATTACGCTTAAAGTAAGATGGGTCGACGTGCCCTGTCACCTCGACTTCTACTCTGAAACAAAAGTACCTCCGAGAGATCAGCGGAGAGCGTCTAGTGAAGGCCCCCCGCGGCTTTAACAGCGCGGCCGATAAAGCGAAAACTCATTAACATGTCTTTACCAGGCATCCGCACGTTACAGCGGACCCCTTGCCATGGGCCCCTGCTGGATATCATCACGCCCAGCACAGCCGCAGGGGTTACTGACCGTATAGGAGTGGGAATATGTAACGTTGCATCATATAGATAATACTCTTGTAAAAATTTTGGATTTGAGGAAACTATAAAAGCCACGATCTTCCGCTGGCTGGAAGTGCGGAACATGAGACGTGGACGCCCTTAAATGCACGCCCAAGCACGTCTGTAGTCCAATTTCACCCAACAACGTTAGTTCTGGGCCTTGTTGTAATGGGTATTTGGCGATTAAGAGAACGATACGACCTGGATATCTCGCCACTCCGGTAGGTAAAAGCGTTTGAATTGAGCCGCCGGCAACTCGGCCATCCTTATCAGTCCCTTCTAATACATTTCAAGACTGGTCGTTAACAATACTGACGAGGTTTCCAGAGCGAACACCTGGTTCAGTGCAATCTTAGCTAGCGAGTTACGGGAGAAGTGTGCGTACTAGCGCGCCGCTGCCGACAAGTTATGGCTACACCCAGCTTAATCCTCAATGGATCATAAACATCGGGTATTCAGCTTCAGCGCGCATTCGACCGAAGCAACTAACTTAGTGCGCGTCAATTCTACTATATCGTCAGCAATCGTTCTGTTAGAGCTCTTTCAGGACTGCCGACTCTACAGGGTGGGATTGATAATAGTGTGGAACTGTTATCGGTGTACTGGTGCTCACCCGTCTTGCTGGCATCTGGGGAATCTAATACCCGCTAAGGCAGTAACTTTTGTAAGAAGACCGCCTAGCGAGCCGCCTTCCAGTCGTGTACTCGGGATGGAACCATCTTGTGTAAGGGATCAACGCGCTCTTTACCTTCTGTCGTAGTTATAGCGGTGTCTAACCGGTCGTCAGTAGTGCACCAGGGTACTTGCTTCGGAAGTAAGCTAGCTAGCCGTGTCATTAGCGATGTTTTCGGAAGATTCCGACCACACGCATTCGCGCGGAACAAAACCATTTGTGCGCTGTAGGGGGCGCTCTAGCTTT,1994,49.1,Mus musculus
SEQ_554229,CATGCATCGAGGTATCGCCAACGGAAGGCGTCGCGACTCGACCAACGAGAGTGTTATGTCTGTACGCCATGTGTCAAGCGCTCGATCCTCATTCCCTTATGTGTAATGACCTTTGCTATGAGCGGGATGAGCCATCTAAGCCGAACCTATGTATTCTAATGTCTGTTGGTAAACGACGGACGCAGTGTTTTTCAATGGAATACCTATAGTGTGCGGGACCCGCCTTCCTGCCTATCTAGAGCTTCTAGACTTAACGTCTTAAGCGTCTGCGCGGCAATGAGCTGTTACGACAAAATCAGGCTATCTCGATTAGGGGCCCCCTGAATTAGATTACAATATGCTGACAACGCCGCGGTGCACTACCAATACAAAAGGCAATACGCTCCTGCTGGTCCAACCTACCTGTCAAAACACGCTCCTGAATTGTGATCCCGGGTAGACACGGAAATGCTAACGTTGATACAGAAAGATGCCTGATTAATGTACTAACTTCACTTTAGCTAAATCTATGCCTATGTGTATAAGTGTAGTCCTCTTCCCGGGAGCTGCGGATCAGATCCTCCGGCAACAGCTTTAGGTGCGACAAGGCCTACACTCAGATAACAATGATAAGATGGGATGTACCTGCGCTATAGAATCGAGATATCCCCTCCTTAACCCCGTAGGTTGGGAATTACTTGATACTATACTCCTGGGTGCAGTTGGTTTTCCAGGGGCGTACATTGAGCGTGTTGCAATATGATAGCGCGAGCCTCTTAGTTTGCATTTGCCTCGTTGAGCTTAAACTGGATATATGTGTCTTAGGCAGACCTTCTCGCACACACACCTTCGTGTGATAGTGCTACATATCTTCTAAGTATGCACCTCGATCCGATTAGTCAAGTGACCTTCCCAAGCCACGTACGATCCCTCCACTCATCTAAATCTTTCCACTGTATCCCTGTTTTCTCGAGTTAGACTATCCGAACGCGGGATACGTCTCGTGCTATGAGCTCACGTGCGTTATTTTGTACTTTATGCTTGCTAACACTTAGAAGTCCACCCATCGAGTACTACACTGGAAATTGACCCTACGGGTTGGATGTAATCGATCTAAGTCGGCTAGCGTCCTCATGTACACCTGTTGAAGCTGGAACAAAATACCTCTAAGAGAGGTGAATTAGGGCTTAGACCGTCTTGAATCACCGAGGCTAGCGAGATCTAACACTGATTAGGCCGGCTGACCACGAAGGTCACGACCCTGACTATTCAAGATTTGCCGTATAGCCCGTGGCTATAAACCAATTTCCTCGTAACCAGCGCGCGCTCCCTAAGTAGGCACTACTTCAGGACTGGATTTTCTAAGTCAATGACGCACCACAATACCATCGAGTTGATGTTTGTCAGCTCACAAAGAAGCCTTGCACTTTCGGCCGGGGAGTCGTCAGGATGCACCTTCTGCCCCCGGCTTTTGTCGGGATCCCTGGGAGGGCTGATTCCAATTGTGATCTAACAGCAATTTGGTACGCTGCCAGTATTCGACAACTATAGTACGGGGCATGCGGCAGTACCCGCCTAAAGTATCTTTAGAAAGATTCTCGGTAGGCTCCGTGGTTCCTCTGAGTTAGCT,1609,48.35,Homo sapiens
SEQ_667358,GTCTGCTTACGAGTTTGCGACGACAAGCCATGGAGGAACCATTCAATATGTGGATATTCTTCAGTTGGGCAAACCAGTACTCGTTTCCACACGCGCCGATCACATACTCGGCGCAAGCGCGGGAGAATGTAGGCCTGAAGGACATAGGGGTCCTTGCAGCTCGGTAGGAATTGAGCACAGCGTGTAACAAGGGCGTCTTCAGAGCACCTCGCCTCACGTTGAAGAGGACTAGATTAAGATGGGGCCAAACGTCAATGTGTACTCTCCACCCCTACAAGGACTGTCAATTAGCTGCACTGCTGGCCCAGACACTATCCAGACGTGCTCGATGATATACGGTGGCACTTTTAACTGCACGGGAGTGCGTTTCCTGTTACATATCGCAACCATCAGGACAGTACTCGTCC,407,52.09,Caenorhabditis elegans
SEQ_186369,TGACCTTGCCTCGATCGGAGTTCAGGCGGAATGATAGCGTAAAGCGCAGCAAGGTAATACGCCGCTTCGAACCCGTAATGAACTCTGTGGGCTTCCATCACTCTAGGTATTCCATACAGATGGTGGCCGACATAGAATGGCAATTGTTAGCAAGCCGACCCGTGCATGGCTCACCGATATCTAATTCCTCAGACGTGGCGACTGCCTCTCCGACTTAACGAAGCTCTACCGAAAG,235,51.91,Saccharomyces cerevisiae
SEQ_948164,GTCATACCGAGGAACCGTAACAAACTGACAGCCAATAATGGGTTGTGATTATACGCTGCAATAGTCAGTATTCGCGTGGCTTTTTTACACTATCCCACCAGAAGGGGACTCACCACTCCAGGTTGCAAACGGCGGTAATCGGGACAACATAGTTGTGTATTCCTAATCGCCGCCTTGATAGCTTTGTATGCGGGAGGGTTGCTATAGTGGGGAATCCTCTGTTTTTCTGGATCAGGGTTTAGATTCTGCACTCTATTTCACCAGTCACAGATCTTCACGTTGCCAATCACGACGCGAGTCTTAACGACCAGCTCCGTCTGTCGCTGGTGCCCCAGCACAATAAGTGACTTGACAATTTCCTTAACGTTATCACCCGGGACAACTTCGGCTATCATGCGTCATTTGAGACACGCAGACTGTGTCTACTTCTTGTAAAATGTTGTGGTCCTGACAGGAAACGATAGGCTCCTGATGCCAAAGCATAGGGTTCTATTCAATGGACCCATGGTACCATGGGATGCGCCGCGATTCAAATAGGGAGTTATAATAGAAGGGACATCCGGGTCAAACATGACAACACATCAATGCTGGGTGCAATATTACTACCTGCAGTTTACGGAAATACTGTAGATAGACAGTAGCAGATATTGGGGTAGTTTGGCGCAGCCTGCTCCCGATATTTACATCTATTTAGTGACTAGTCTAACCGTATGCCGACGGGGTATTGTAAGCGACACAATTCATGCGTCCATTCGCACGGAAGCTGATCGGGATTCAGCAGGTCTTAGGCAGTCGGGGGATGAACGTAGACAGTCTGGGGAATGCGATTCTACACTTTAAAATCCGTTCTAGGCTGCTAAAGTCGTCAGCGCAAAAGAGAGTTGTCAGTACGGCCGATTCACAGAACTCTGATTGATTCAGTCAATCGTTCGAGATAAGACGAGGGACTTATCCCCCCACACGACCGTAGGTGATATACCCGCAAAATGTCTCCATCGCGACAGTCACTGACTCGAGAACTGCTGTCAAAAACTAAACTCCCCCTCCACACAAGTCGACTCGTGCTTCGAGCTGTTCCCAACATGTATTGGGAACCGTAGTTGCAGATAGGGTCCTGCAAATCGAGGGTAAGAGGGAACTTTACAGCGCCTTGGCTGATAACAGCTCCTGAGGGTTAAGCACATAGTAACTCCAGAATGCACAGCTGGTCTGGGCGGTAGCCCATCGAGATATTATGTTGTTGTACCTGTAGGAGCTAGCTAAATACATGTGCGATAGTAGATCTGCGCAGTCTGGCCAAGGTGGGGGATAACTGCGAGACGCTTAATACGGTGCTTAAGACGTTCGGTATTATGGTATGCTTGTATGCGCCTGTGAAAAGCCGAGCGGGGAGAAATGACAGCCACATGTAGTTAGGCCGTGCGTCTCAGGCGCAGAAAAAATGTTGTTACCAGCCGGCCCGCGTCTGTAAGCTTGTATGTTATAGTCGATTCCGTGAAATCGTGTCGACACGTATAAACGCATAGCGTGAGATCACACGGCCGGTTTCTCGTGAGCTCGAAGACCCATAGTTTAGTAGTAACATGTGGCAATTTTCGTAGTCTAAGGTTTGCACCAGATAAAGACACAACATTATGCGGGACGCGCGATCTAGCCAAAGCTAAGCGTACATTGTGAGTGGGCCCGACGCCTCCCCTCG,1699,48.73,Escherichia coli
SEQ_136658,GCCCGAGCTTTCACTTGGCGTTCCACGCTCCTGACCCGCCGTCCAACTCGTACGTAAGGACGTGTGAGACCCCGCGGCACGCAACTGGGGCTGCCCGTCAGACTCACCGACATTTCGCTCTGGAAACCGGATACGGGACTGTTACAAACTTCGCGCGAAGTATTGTTTTGTACTGTATCTGCGAGATGATTCCGCCGGTAATAAATACTAAGGTACGATCAGGTGCTAGTCCTCACCGAAGGTAGATGTGGGGAGGACGATCTTAGTCAGGACCGGCGTGCAAGACGCCATTGTCGTTGACACACCTTCTGGCCCATCCCGTCGGTGATATAGCGATGGTCCGTGGTAGTCTTCGGGCGGGAGGACCAGGGTTAGGCAGCTCCACAGTGTCTAGACCTGACAGTAGGGGATAAGAAGCGATTTCAGCTTTACGTATCAAGCAACACAGTGCGACCCTTCGATGCTGACGTATTTTTAGTCGCAATATCAATAATGGAGTATTTACGAGCAGCCATCCTTATGGGGGAGGACGTTCAGCGGAGGGCTACTACATTTTCCATTTCTATTCCTAAGATACAGGGAACAATGCGCTCCGCGTATCAATCAGTAAAGGTAGGGAGCTCGTTCCTTTTGTGATTAATTGGGATGCGGATAGTGCTGCAGGGCGGATCTTCGTGCCAGTGCCATACTTGGGGCGTACGCCCATAACGTTCCGCGGGCCCGCGTCTCATAGTGAAACCAGAGAAATGCGGTCCGAGATGATCTGCACCCCTATCATGGGAGTATTCCGCATCGGTATTGTCGCACCTTTCATACATCTGTGACTTTTCGTCGGTAAGCCTTGACATATCCACAGTGGCCCCCTCGGTTTACTGGGGTGTGGTCGACATTAGGGCCGGCGTGTAGATTCCAGCAGTGCGGTTCGACAAGAACGACCACAGGGCCCTCTTGCGCTCGTAAGGAGGGGTCTGTACCCCGGTTAGCTGTAAAACATGTGTCGTCGATGTCTTGCCAGGGCGCACACTTGTTTTTCGCATGTCCTTTACCAGCATGAAGGGGACCCCCCGAGGTAATTCCTGTTCTCAAGGAATTCCGCTCGAGTGCTGTCAAAAGCCGGTGTCGGTCCACTATCAAGGTGTATGAAATGACGACTCTCGAATATGCTCGTTAATGGGACGGGTTCGCAAAAAAATTTACCATGGTATTCTTAGGACAAAATAACAATTCTAGCCGGGGGGTCAACCGGCCGCACGTGAACCTACGATA,1266,52.61,Saccharomyces cerevisiae
SEQ_398950,AACGAACCCCCCGTGTGTTGATAGCAGTTCGCTCCACCCTATACTCCCCGTATGTGTCTCGTCGAATTGGTGTTCAAGGCATGGGGCATGAACCTGCTCCCAACGCTACCCAGAAGTCCGACTCTTGGGTCGTCCCCGACCTCGTCTATTCGGCGGGACATCAAAATTCCATTGTCAAAAGTGAGTGAAGAACGGATTACCCTCCCTTAGAAATCTGCGAAAAAGACGGTAATTGCGTCTGGTTCACTGCACGTGGTTCGTAATGCCCCCCACGCAGATTGTTACTGAGTCTAGACTTCTGCGAACGGTACCTCAATCTCACATTCCAAAACGGGATATCCCATCTCGACTCATTGACGTACAAAATCCTAGGCCTTAGGAAACGTAGTCCGCCGATCTGCGTTTCGGATCAAGGGTCTCTGTCCAAGACGCATATCGGTGTACTTTTGATCTCGCAAAGGTGAAAAGTTCTGTTCCGCAAGTGAGTGCCAAATCCTAGACATACGTGAACTGATTGTGCGCACTCGCAACCACAGTATAATGATTTGACGGAATCACTCCCGGCCACGAGTGTCTGCCAGACCCATTAACGCGGGGACATAGTTGCCAGGTCGTCATGGTTCTTTCGATTAGAAGCCCGCCTCTAAATTAGTTTTAGTAGTAGCCTCTGTCCAAAGGATCATTACCTCATGAAAAGGGTAGAGCACTTAACCTGTGTGCCTTAGTCTTGGGTACTACATGTTGCGGGAGCCGCGTAATGTTCT,764,49.61,Caenorhabditis elegans
SEQ_447428,ACCATTACACCTCTGATTGTTAACAGTTGACTGGTCAGAGTTCTAGGGCGCAGCTTGAATACGTCGGTGGTAAAGCACCCCAACTCTGTGAGGCTTTACCCTGACTGCTTGTGGGGCTTCCCTTCGCCGAAGTGTCACGCCTATTCATCGGGCTGGAAAGTGCCATCCGACGAGATAGGTGTGTAGTCGGAGCAATGCCCTCCCCAATACTGTCGCATTTTGCTATCCCCGGCAAAAGTGCGCAAGATCGAGACGGGAGGTAGAGCCTATCCACTACCTGAATCCCGCCAGCGCTGATTTCGGCTCCAATAGTACGTCACCCTTGCCGGACCCCGGATTCACAAGTGGCTTACAATAGCGTCCCCATGTTAATGAGAGCCTGGAAAGCCGATCCATACTTTGGTCGGTTTCATGGTTGAGTCATGTTGTGCATTTGCGGTACTAGGATCAGCCACAAGGAAAGCCAAATCGGTTTTCGATGGCAAGCCGGTGATCGTACTGGTCGACGTGACCCTTAGGGTCATCGTAGTGCTTGATTTTTAGTCCTCCACTTGCGGTAGCCTATGACATCGACCTGAGATCAACCGGGTGCGAGTAGCTTGGAACAGCCATGCTACCCAAGAAAGGAGGAGGAAGAACCGAGTAATGTAATATATAGAAGCGACGAAAAGAGCGGGCCCTCACTTCCCCACAGAGAAGCCTAGATGGCAAAACCCCGATATGCAATCAACCATATAAGCTCGAGAGTGTATTCGTGCCCATTTGTTGAGATAGACCGTCATTGGTGGACTAGAAGGACTATTATCACCTCAGCCGTTCACGTCGACACATAATCGAATAACACCACGACATATATAGTCCGGTAACCCCGCGGTCGAGCTCTTGTGTGTAAAGTCTAATATAGCCTATCAGGATGTTAGTTTGAGTTTAATACATCGTAAAGCCCAAGTACGCGAAGGTAACCGAATTCGTATATTGATTAACGACAGGAGCGCGGAGTCGCCAACCGGGGGGCGCTTGATGGTTCGCCTTAGTCCTAGTTCGTTTTTGTCGCTACGCCCACGCTCTGGGGCAGCCTTGCTTACCGTTTGTATGGTGCCTCACAGACCCGTGGT,1115,50.94,Homo sapiens
SEQ_722496,CTTACATGCCCGACTAGGACTCACATTTGACTGTCGTAGTAAGCCCATATTGCGCACACACATCATGGAAACTGACCTCATTGAGGGGGGTAATCTCGTGCAGGTGGATAACATCAACTAGAGCCACTTAATGGAGGTAGACATCGCCGTCATAACATAGATCACTGTCAGCTGTCAATCTACGACCCCGAAGCTGTCACTACACTTTATACGTACGGGTCCACGAAAACACATTTTCGCTATAAAGCAGATCGTCGTATCTGGCCACTGAAATCGTTGACGGCGTTTAGCCGCTACAGAGTTCCTAGGTTCAATATTAAACACCTGGCTCCAAAGTCATAGGTTAACCGTCTATTTAGTGAGGGAACCCGAGTATGATTCAAGTCAACGACAGGAATTACAGTTCAGTTAGCAACAGCAGATAAGCCGAGATACAGCACCTACAATAAAAGCAGGCTTCATTGCTTCGTGCCAAATGATGTTTGCTTCCCGGCTGAGGAACGAGGACACAAAATTTGAACTAGTGGCCTACGGTTTTGTAGAATATTTGTCCCGCCTCTTTTTAAAGATGTCAAGGGGCCAGAAGGGCGAGATCCAATACCTAGCGACCTTGCGACGGAGTTAAGGACAAGGTAAAGGGCTT,643,46.35,Escherichia coli
SEQ_314314,TGCTCTAGTGTTGCACTAAATGTTCCACGGGACTGAGCTCGAGTGCGCCGGACGTTCTTGGGGCTGTAGCTACTGCTTTAGGAAAACCCGGGTTAAAGGGAGCGACTCCGTATGGAGCCTGGCCGAAGAAAAAAGTTCATTGGGATCAGAGCGCGCCTCCTAGTATCCAGAGTCCCTTGTAGTTTTCGTCTACCGTGCCGCCTAATGCTTGAAAGAGGCAACCGAGTCCTAGCAGATCTTCCAAGCTAAGATGCGCTAGCCAGCTCCGTAAGTTGCAGTCATGCAACACTCCACTCGCGATCCGCTTCCGATGTTGCAGACGACTTGCTCACTACGGTTTGTCGGACTTGTCTCGAGCAGGCATGAGCAAGTTACGCGGGTCGGTAAATCGGTGCCAGGTCGTCGTTGTGACCAAATGTGGGTCAATCACCGCCCTAACACACAACTTCAGAATGCATCTCTCTATCCGCCGCCAACTGGCCGTTGCGTAGCCCCCTACAAGGGAGTCTACATACCTGATGCGAAACGAAGTCGGGCATGATGGGTGACACGCGGCGGACAGGCTCGCTTGGGGCTTTCCCTAATAGCATGGGAGGAAATACCGTGTCTATAGGTGTCAAAACGTTTTGCTGTAGGCGCTGACATAATGTCTCACAATATCCTTAAATCTTCAGGAGGAAATTTACGTTAGTACTATGATTGTCTACTTAGCCTGTTATCAGGGAATGGACGCAACACGAACCGCTCGCTGGACCTCTTGGTGTAGCCAACCGTCGAGCCGTTCGTTATATGATTGGCGCTCCGCTCCCGGCCAGAGACATGGTGGAAGCTTTATGTACCAGCGCCCGGGCATTCCGGGAAGTTATATCATGGGTAAGCCTTGGTCGTTCTAATTACCAACAGAATGTAAGACGGTGAACAGCTCGTCAATCTCATCAGTGAGCTTAGAGGTCCCCCACCTCGTTACTACAGTTGACCCCGTTGCTAGTTGCTTCCATGCTCACAATGGGCATTCCAATTGAATGCGAGAGATACTCGCCACATACCTTAGCCGCGACCATCACCACGGTCGCGGACAGGCGCAGAGCCCGACTCTCGCGGCGGGAAAGTGTCCGAATCGTATTAGCGCCTGCATAGACAAAACTAATTCACTTACTTGTAAGCAGCTCCGCTTATTGGACAAGTGGTCGACTGTTGGGGTATTGAGAGCCTCTTAATTGCCAATGCCAATGGTGACCGACCGGGCGCGTGCAACCTGCTTAAAGTGGACTTCACGTAGTCAAGACACATCCATGAACCCGGGACTCTCCTTTCGTATCATCATACAATAGTGTAACCTGTTGGGTCCTCGATATAGAATACAGTAGGAAAGCTGCGCAGGGCCTACCCTACCCTCTTTCGCGAATCTGTTTTTGTAATCTTGTTTGCTATTTGGGGTTTCGCCCGTAGAAATCCGAGAGCGAAGCCTAGGGCTGGTCCGCGCCCGGACACATATAAGTCTGTTGCCAGACGACCATGTTATAAGCTTGGTCGCACCGATTTTTTATAGTATTTAGCCTACAGCCGGGGTGAAAGTGACCGGATCTATCGTGCCGGAGCTCGCCATATCCCCAACCCAAAAACAAGAGGGGCGAAGTGTCATCAGCTTGACACAGCCAGTAATTTAGAATTAAAACGCGAG,1681,51.58,Caenorhabditis elegans
SEQ_442778,AGCGTTCTCATTATGAAAGCAAAACCCTGACAACCGTACTTCAGCAGCAATGAGGTATACCTTGGGTACTAAACGTACTCGATGCTACTGGCTGAGACACTGTGCTGACTTCATACGCGCATGTCTTAAGTGACAGGTGTCATGTAGGGCTCTAGTCTGTGAATGGTTTTAATCCTGTCACTCTAAGCACGCCATGTGTCTCTGGCCTAATGAAATGAGATAAGAGCTTGTCACATTCTTTGGAGTCCACTACGTGCTATTGAGGAATGGGCGTTGCACCGTCGGACCTTTCTGGTGGCGGGCAAAGAATATACAGGCAGGCATACACCCTGACCCAGGTAAGTAGTATAATGGACGGCACCACGTCACCCTCCCGTTGTCAAACAGATCGGCGTACCTCCAGACAACCATGCATTGAGCAGTGCTGTCACGGGTTTACCGGATGCGCTTAATTAAGTAACTACTTCGAACCCTATCTGATCACACAAAACCCGATCTCTCAGCGCTTAGGCGTGGCGTGGTCGGA,526,49.43,Escherichia coli
SEQ_784584,CAATTTCTTGGTCACTCGGCCTAAAGTAGGTGTACCCGGTAACTCCAAGATCCCGTCAGCCGCATCGGATGCCTTTGAAGATGCTGTCCGCTCGTTCTTCGGTGGGCGGTGTGGCTTCGGGGAGGGCATGCTTTCGTATAAGGCATCTGAAACTAAGCCACTCTACACATACGTGATTTGACTAGCTGCACTATCCTCCTCCAAAGTAGAGAACATATATGGTCGAGCGGCGCTCCACTCTTTGCTACGATGGGCCCCCGAACTAGAAACCGTAGAGCATCAGCTGGCGATCGCGACCAGGCCGGGAGCAGCTTACATTTCGATAGCGTCTGGAAAACGAGAGATTGACATGGTACCATCCAGAGATTCAGCACCAACTAGATCGTGTTGGGAGAGGCTAAGAAGATGCCGTTTCACCTTCCGCCATAGTTAGTTTATGATGCGCTTCCCGGGATTTTACCGCACAGAATTTTTCGACTAAGCCGGCGAATCGACTATCACTTTCTGACGTGCAATAAACACCCTGGGCTGCATACACGCGGGATTGGGTATAGCTTAACTCCCACTGTTATTAGCTTGCACCATTGGACAATAATGTCATCAACCCCGTAGTATACATGTCCACTCAAGTATGCCATCACCTGGTCGGAGCTATTTGATGCTCATCCGGGTAATAGTGGTTGAGATAGACAGATGCCAGTATTTGCACTTTCCCCCCAGGAAGTAAAATGCACATACAGAGTTCATGGTTTATAGAATCCAAGCCCAATTAGTTGACGGGTCATGTTCAGGAGAGCAGCCAAACTCACGCCTTTACTGGGTTAGAAATTGTATTTAGCATCCGCTAACGTGACGCGTTATACAGCTATTGGTATACAAACAGCTTGCACCGAAGAATTGTTGTGTTGTTTGCGTGGGAATACGGCAACAGCGGCCCGGACCTTTGGGAGGGCGCGGGTACCGGCAGATCAATTCCCAAAAACCGCGGTATTTCCAATTACTGTTTTTCCAGATATTCGTAATGAACTAGGAAGCATCCAGGAGGGATTGTATGGACCTTGTAAGAGTCCCAGCCAAAATAGGAATTACTCATTGTATATAGATGAGTATGCACTTCATGCTCGTCAATTTCGATGGAGACTACTAACTTGTATTGAAGAGTCCCCTCACTCACGAACCACCTAAATCGCCACACCGCTATCTCTCCCAAAGTGAGAATGCGGCGACGTCGTGTTTGGTAGAGTGTCTTTCCAGGTTAGTTTCCAGGAGCCTTGTGTCAGAGCGCATCGATTTTAATTCGGGTAACGTGGAAAGTTTCGGGTATCGAAAATGTAGGTTGGTTTACAATGCGCAACTGGGTCGGATTCCGTTGGACAGGTTCCAAAGTTACTGTCTAGTCCTTATGCAAGAGGTTCAGTAACGATGCATACGCCCTATCAAGAGCTAAACATACTGAGAGGCGAGATCTGAGCGCTTGGTCATT,1483,48.01,Escherichia coli
SEQ_249360,GCGTCAGGAAATCGCTCAGGCAATGGCATACTACGTTTTGCGCGACCACGGGGAGAATGAACGTATACACCGTCTGGAGTCCACTGGAGAAAGGAATAGTTCCAGTGGTGCGCGATTATAAATACCAGTGCACTTACCAGGCGCTGAATACCGGAGGTCATCGAGGTATGCGTGCATAATGGGGATAATGGGCCTCTGAGGAAGTCGTTGCCGAGCACCAGAGCCCGCGTTGAGGGGGTCGTAAGTTAGCTATTCGTGCGGCCTGTGTCCTAGTCATTTTACTTATGGCTTCAGTACACGGACATACATGCTAGGAGGAAGGGAGCTCGCGCATTTTTCTGGTAATCCAACAATTCCACGGACATGATGGTCTGCAGCACTAGCGTTACAAGGCGGATTTAGTTAGGCGGAAGTGTGACTATAACACTCTGCGTCGAGCTTAGTGATCGTGCTGTTTAGTTAGCCGTGACATCCATCCTAGCCGCGCCTCCAGTCGTCCTATTTCGCCGTCACGTACTCGGGGTGACGAAATCGGTAGATGAGTGCCGCTGCCTAATGCAACGCAATGAAAAGAGAAGCTCGTTGAGACACCAGCGGCTGTCGTCGCACATAGCCATACGCGCATAAGGAACCCTAAGTTCAAGCCTTTACCACAATCCACCTAACCCAAGTTGGCTGAGATAAGTGTCGACCGGAGGCCACTTGTCCGTCTTGTTGTTTCAAATCTCTACAGTGCGCTGACTGCGATACTAAAGGCATAGCTAACGAGAGAGAATTGAACGAGTTTTTGGAGTGGCACGTTGTCCAACTCACTGAAAACGCTAGAGTCTCGACGCACCGAGAATGAATGTTTAAAGGTAGACTCGCGGTAAAGATAGGATAGGGCAGGAGCGCTCTGCCAGTCCTTGTCAAACTAGATAACTTTATCGTACATCCACAGAATTAAATGGTCACATCAGTTTCTAGTTTACCGTAGTCCTCAGCGTGAAGGATTTTTTGCACGAAAACGGCTCCGGGACGGTCAGGCGAATGGATCGGAACAACTGGACCATCCACATTAACTGTCTTATCCTCGGTAAGATTTAAAACGCCACTCGTGGCGAATTTCGCACTCCTTGCAATTTACAATCATTATTATCTGCCGTATGTTACGCGTATTATTCCCTAGTAAGGCTTCCAAGGAAACCGGTGTGATTCATATCCGGGGCGTACGGGTGCCCCCAGCTGTCCAAAAGCATCCGCAAACAGTAAAAACCTTAGGTAAGTTGACTGGTGCGCACGACAAAAGTTCAGATTCCTGGTGGAAAGTCGAATGAT,1317,49.35,Drosophila melanogaster
SEQ_373482,TGCTTCAAACAATTACATTAACCGGGTCGGGGTGTCATTAAACGTCTCCGCATTCGGGGTACAAGCGGTTGCAAAGAAGTCTCCGCAGTTAGCGAGCGTATGGTCTGACTGATATCCGGTCTCGCCCTGTCGTATAGGCCCATGCTAGGAAGTCGACTTCATCATGTAGCACATCGGGTTTCGAGGTTGGCGCATGTTCGTGTTAAAGAGAACGTGAAAATAGGCGAGAACGATACAGTCGTGGCTCAGTTGTAGATTAAGCCGTTCCAGCCATACAGTTATGATGGCGATAGCTGGAACGGCATTGGGTAGAGTGGGCATGAGTTACACACGGAAAAACGAAGAACGCCGTAGAAAACACCAAGGGTGCCAGTGAGGCAGTGTTCGAGCCCAGGCGGCTTCCACCATTGAAAGTCTTCTTCGGGTGCCATTGATAAACATAGTTCAGGTGCGGCGCAAGCGGGGTCGGAGCCACCCCATCCCTCACATCCGACATGGATGAGGTTTCTTTGTGGATGAGTTCACCTTAGGAAGACGACTGACGTGTATCATCGTCGTGCTTCGGTGCTACATCTCATGGGTACCTAGTGAGGGACAAGCCTCATCCCTGGGACGAGATCGAGGACTGTAGCTCGCCAGATGAAGCGGATGGGTGTTACTTATGATAGCCTGCATTGTCCACGAGGGACGTGAGAATGCGTCGGATAGTTTGGCTTCACCAATGGGCATTGGGCGGACATCGCCCGTTGTGTTAGAACACTCGTGTACGGTTGTCGTAAAGGTTGATTGGCACCTGGAGATACGCCCTTGATTCCGGACGAAGTAGTCGCTTGTTCAAGCTACAAAGGACCATTCTGCACGACAACAGGCAAAGTTGCACTGATAACAGCTTGTAGGCACTCTCTCCTGCCGCGAATCGTATGAACTCCGCTGCTGCCGGCTTGTCCACAAAGGAAGCATAACTCAGGTACCCCGGCAGTGTCGGCCTCAACCAACCACCTCTGATTTGGTATGCCAACGCTTAACAGACACAGAGGTGTGGTTGTGCGTTGATATGTCCTTTCACAGAGTCAAAGCCGATCTTAGACGTTGGCGAAGTGGCTATGCACCGGATGGGGTGAACGTTTAAGGTGGTTTCTTGGGACAGTGTCCGCGATGTCGAAAATTAGGGCTTCACCACACATAACTCAAGTGAACTTACTCGCTTCTACTGGGGACGGTGATGTAATATGAGTGATGTGGGCCCTACCTCGGAGGTACCCGAGAAACACTGGTGTAACTCGCCGATATCGTGGCTAATGAATATATCCAGCCTTTGTTGGTTCATCTTATATATCGTTTGAATAGATCAAATCTGAAATTAGATGGGGACTTATATGGATTAAACCGAACCGGCGCATCACACG,1406,50.71,Arabidopsis thaliana
SEQ_659903,GAGCAAGGCCGGCGCACTGCCCAACTTAGCTCAAGACCGCAGGTGCTGGCTTATCCCCATGATTAGTGTAACTGCGGTCTGCGTAATTCGGCCGAGAGGTATAGAAGTCTCAGTGAAGGTTTACTATGACCAGAGATATAATCCCAATAATTTGCGGTCTGTCCATAGACTCTAAGCAATCATGTATGGGGAAGGGAGAGACACTAGACCCCGGGACTGTCACCCCTCACAGGGCCCGGGCTTACAGGTAAATTTCGGCTTTACGTTACGAGTGTGTGCTCGAGTAGATATAGGTATCAGAACTCGCGCTAGAAACATTCCCCAACATGCATAAAGCTTTTACAGTATCGTTGAGCGGTTGTATAGGCCCCGTGGTCAGCTTTAGCCCTTTGTTAACGGAACAGCGGTCAAGCTTGTCTCACGAGTCTACGCTCGACTACTGCTGGCCAGTTGCGCCAGAGGGTATGCATGGTTTAATCTGAATTCGCATCTATGGCCTAGTCTTCTACTCAATTCCCACTATCGCTATTTTCACCAACTCGATATGACGTTTCCTTTACGGTGATGTATCCGACCGACTGATATTTACAGAAATTGTGCCAATGCTCTTGATCAATAGAATAACCATAAACCCCGTGCAAGTTCCTTGCCTCACGTGCTGATTCTAAACGCCGGGCAACGTTAACCGTACTACTACGCGCTTACTATCTCTCTATGGTTCGTTGCGTCTCTAAGACGTAACAGTATTGGATCACTGCTACCTAAATCCGTGGAACTGCGGAGCGGGGATAGCCAAGGATAGTACTTTGCTTGGCCCAAGAGCGGACCGAGTCACACTTACCTAGATCATTTGGCACGTAAAACTCACCGTTAAGATGTGCGAAACCAATTGTCCGCTTAGTCATAGTTGGATTGGCGCCGGGGTGAAATACTTGCTGTTGAGCGGGGTCTATCAGTTATATAGTTCATTCCCGTCGTTGACCGGTTAAGTACCAACTTGAAACGTAGCGGGGTCTATTACAGGAACCGTATAGTCTGAATAGCTAACATAGTTGTGATCCAAGCTTTACGTAGCAGAATCACTCTAAGCCCCCTATAGTGGAGTCGAGAACACCTGCCTGGCGCCATCCCCCGATCTATTACTAGGAAGCATAAAACCTCGACGTGGTACGTGAGAATTCTTTTGTATTTGCGGTTAAGGGCGGTCTGGAAAATGTTAAGGTGCTCTCAATACTGCAGCGCCAATCCCGAGATACTGCTTTTTTGCTACAACTACAGGACAGAGCGTCTAAGTTCGATCTGCCATAATGGGTATGGTAAAAGAGAGTGGAGCCCAATAAGATAAGAATTAAATCGCCGGTGAGCCGGCGGAGGGAAGGCTGAGAACGAGCTGTCGAGCTGGCAGGTTGGACTAGTGAAAAGCTTGCCACCTCGCGACGCCGTATTTCTGGGCGTCGACTTCCGCGTATCTCGGGCACACCGTTCTCTC,1489,48.82,Drosophila melanogaster
SEQ_500966,TGCTACTGGGTATGAAATGAGTAACTCCTCAAACGCGGTAAGTACACACTGCACCACAGTTTGACAGGTAATGCGACCATAAGCGAAATCAAATAAAGCACATTAAACAGAGGGCACGCGAATATCACCAGCACCTCATCCCATCGCAAGAAATGTCCGCCGGACTGAAGAAATGTTAGCGGCTGAGTGAATGAGTTCGTCGTTCCTTCGAGTGGAGCGCGCGTTGACCCAGAGATACCCGCAAGGCCCGAATCCGGCCTCGGACCCGTCCTACTACCCAGCGGTGAGGAGGCAAGACTCTTGCTATAGCATTGTGCAGTTGAGTCTATTCGCTCATGTTCCCTTTTCTACTCTGACCACTGTTTAACTATGTCTCCGAACAGGTTGCCATAGAGTACTGCACATGGCAGGCTCGGATTCCCACTCGAGTGGGCTAGCGCTGCATGATTTTGAATTTGACGACACCTGGTGTTACACAAATCCCCACCTCTAAATGGGACCGAGTCCCGCTAGTCCGACTATCTGAAGTCTTAACATTGAACTTTAGACGCATCCTGCCTAACGCGTGAACCGAATACGTGCTGAGGGATATCCTACACCCCTGGGGTAGAAGCGAGGATAACTCCGATTGACCGTCAGAGGGGGTGAAATTTAATACAAGAAGACTTCAATGCAGTGATGCGAGTATAGGAACCGCAGCTCATTGACGATCGCATAACTATTTCCATCTAGTGCCTAGTTTTCGCTTCTC,751,49.67,Escherichia coli
SEQ_563704,GCCAACGCACGATTGGGGCCAGACTTGGTGTCCGCAGGTAATGCCGTGAGACCTTTCCGTATCCTGCACGTACTTGATTAACAGATTAGGACCACCGGATCGATGGCAATATGTTCCTGCCTTCCATGATCCCGCCGGCTCTTCCAACGAGGACATCGGTACCATAAAATATTGCACATATATTGATATGTATTGCTCCTGCTGCCGTCCATGCCCGCAGACTAATCTTATAAAGCTAGATGCCAAGTACATTGTCGGGTATTCCAGTGATAAGTAAAATTGAACAAAAACTGGTTTTAGGTCGGGATGCCCTCACCTGCCGCGATCTTCCTCACATCCCCAGCAGTCACATCGGGAAACGGTCCATTGGCGGTCACTGGTACTAATCCCGTCCGTATGTCTTTGAGCCCTGGGACCTCTGGTACGTCATGTTGAAATGACCTGCATCATGCAAATAATCTAGTAGGTTACGCACAGAGGTGCGGACGCCCTCAGCAACCACGCCCAAAAAACGAAATCGCACTCAGCGGCCCAAAAATATGAGTAAAGAAGAGCCCGCCAAAAAAGTCGATGCTTGGAAAATTGGGGAGCGGTCGTCGCGTGGTGGGAACCAATTCCTCGGGACTAGACCAAATCATTCAAGAATAAGCGGTGCGGCGAGCTGGAAAGATCGGCCCCAATCCTTGAGACCATGATTGATATATCCTGAGGAAGACCCCTTTCCTGTTGCGTCAGGATCTAAGAGCTCGCGATAATGTCAGGTCTACCACAGAAACTGTAATACACATATAACAAATATCGAACTCTAACGTCAGAGCCACGAAATCAGAGTATATAGGCCAGTCATAGAAGTACTACCCCTTGCCCGGGAATGCAATACATAGCGTGTTTCGCGTTGTACTCCTAACTAGCTTTGAGTAGCCAGGAGCATTTGTAACCTCGGCCAAAAGGATGCAGTGATGCATGAAGCTCAGATCAAAACACGCAAAGATGATCAGGGGTCAAGAACTATCTGCTAGAGCAGGGTGAACAAGTCTTTAAGGGTTTCGAGCTTCTCCACACGGGACCTATGCTGCTGTGTTGATTAACCTTAGTTGTTACAAACTGGCTGACAACGTCTAACATGCGGAATGCCTAACCGGCTATCGATCGTGCCGCTGAAAATTATAGGGTTTATGATAACCTCGATAGGCGCATATGTACCGCCTTTCACCTAACTTCGAAACACATATTCCGGGTAGTTAGACCTTTTTAGCTATGCTAAGTCTAGACTGGAAGAATAATTCCACTCTCAATCGAAATTACTTTCGGACGTGATCAACAAATATTACTAGTGAGCGCCGAGCTGATGTACTCCTTCTCTTCCGTTCAACTCAACCCGGAGCAGAGTCTCTTGCAGCCACCGGACTGCGAATTCGGGGCTGTCTGCTCTGAAAGTTTTAGTGAATTCGTACTATAGCAGCTAGAATTATTTTCTTTGATCATTACCCCCGTGGGCTGTATGAATAACTACAGAGGTCGACTTTGGCCTTGTCTTTCGATATCGACATACTTATTGTCTGTAAACTACCAGAAGTTTGATAAGCGGCGACACTAAGCCCGCGCGACAACATTGGGCATGGTCTTTCCAGACGAACGCCCCGAGACAATCCCTCCATCACTGCATTGCTTAACGATGGATCTCGGAACGTACTAGCTCGGGCACCTATAGGACATCCGGTATGGTCAGAGTCGCTATTGGGGCATTGAAAATCAACACGGGCCACGATGCCACCGTGTAGAAGCTCCGATGTGCTCGTCGCAGCCGGAC,1810,48.23,Arabidopsis thaliana
SEQ_105723,ACCGATACATCCAGAGTCGACAACAGAGACTAGTAACTGTCAACAGGGCCGAATGAAGGGTTAGAACTAGACCGATCAGGCCAAGCATGGAGAGGGAGTCGATGTCGTTGGCCAACAGGATTCTCATCTGCCTGTACAATCTGCGCGGTAAGTCGAAATAAGGTGAACACATAAAGTGGGTTAATTGGGCGTCTCGATCCCGACGCTTTAACTACCGACCACGGTCGGACCCAGGCCGTAGGGTGGGAACCTCTCCCTGTTTTGAACATAAGTCTCCAGAGTACTTTCA,289,50.87,Drosophila melanogaster
SEQ_661012,ACATAATACCAAGGGTTCATCCTCTCCGGCACGGGACTAACTTCCTGTCACCGGTACCTGGCAAGTCACTAATTGCATGGTAATCCTGGTCGACGGTGGGAATGATTGCGGAAGGTGTAAGGCGTGACCCCCCACGGGTTTTTAAAGCTGCCCAGCCAAAGGACCCCGGCTGCGCCTGCGCATATGTGAGCCCGAGCCAATAGCGGGCGCGAGTTCTCATCTCAGTCACCACACTCATAATTCCCAATATAGTTAAACTTACAACTGGACCCCATAACTTTCAGAAATCTGCGTTCCGCGGGTGGTAACACTTGGCCGTACGTTTGAGAGCGATAGCTCGATAGGGAAGATTTAAGCTGCTACCATATAAGTGATCGCATAGCAGGCAAAAAATTAAAGTTACGAAGGGATGATGCGTTTCCGCGCTACCGCTATAGCTCGGCAGTAGTCGTAATGTTTTTGGCTGGCGTGCATCTACGGGTTAAAGCGGCTGGATTTAACTGGCGACGTTGAATAGACTCTGGCAGTAAGATTTGGACTTCATGAACCATCGAGTTACCCACACAAGATAATACAGCCGTACAATCTCGGACCGATTGTCCCACCCGTCAGGAGAACGCAACTGTTAGCCCCTGATAAACAAAGGGCACATCTCGAGTTTTTCCTGTGGGTTTCCGGTGGCGTATCGCCCGCTCGGTGAGTGCGTATCGGGCAGGGTACGGAATCCAGGTGGGTAGCAAGGGCTTTTCTGCATCCTTACCTTGATACGCCTCATAAGTCCCATGCGCCGCGAGCACCACTGGAAAGTTAGGAGAGCTTGTGAATTCTTCACGACCAGGTCCTTCTCTGGTACGTCCATTAGTGATGCCCACTGGCAGCTGCTCATTTGTATTCCTGCTTCAGCGTGCATTAGTTTGAACGTACTCAGGGAAGGGGTTGCTCACGCCGTGCCTCGACGATGTGCTACGTACTATGCTGAAAAGGAATAAAGCAGAATCGTCAATATCATGAATAGCTATACTAGATACGAGCTGTGCCCTTCTCCCAAAACCGGCGAACATTCGAATGCACCAGGATATTTGAGATGAGTAGGCACTGACTTGCACCTTCAAGAATCGCAAAAGGCATCGGACTTGTGGGTCCCACTGCCCGGAAGGAGCACCGTTCATGATCGCCCGCGTTCGTCACCTGAATTGTAGCTTCTCCGCACGAGAGTGTTCCGCGATGCGTGCAATTATCGGGGTAAGTTTGGTAAGCTTTGCGCGCAAATGGTCAACAGGTATAACAGCCCGGATGCATACGTCCTGCGTTGCTCTTTCTCTTTCAACGAGAGACTGCGTGCGCTAAACTTCATGAGTTCGACACGGTTATGGGACGGTATTGAATTCGTAATGTGTGAACGCACAACTTCAGTTTGTA,1419,50.67,Drosophila melanogaster
SEQ_908806,CCCGGGTAAAATAAACAGTCGCACCTTGCTACGGAGAACATTCTTTATAACAGAATTGGGCCCCAAATTTTAGTCAAACTCGATAAAGCAGTACGAACGCGAAGAACCTAAGCCAGTAGGACGAGCATGTGTCACGGACTTTCGTGATGTCCCTTGCTTAATCTCACATCCTAGTTAGTCAGGGCGCGCCGAAACCACGACCATTAGTCGACACTCATCGACAGACGTGATATCCTCAGGCTTAATCCTATCCTACTGGTAGTGCATTGTAGAAAACAAATCGTTACGATCTGGCAACTTGTTAAAGGGAATTATAATTTCGTCACTTGTTCCCAGCAGGTTTACGCATCAGTTCATACCCATGTGATTGGTGGGTCAGTTCGGCTAAAGCCGGCGACAGAATGCATGGCCCTCTCTATGACAGGAGCAATCTTGAGGATTGACAAAACTTAGGTTGCCGGCCAAGAGTTTGGCGCCTTATGTTAATCGCAGTCGACAGCTCAACGCTGTTCATTAGCGCTACCTATAGGGCAAAGGTCCGGCGCTTGCTAGCAGACAGTAGGCATTGGTTAAACTGGGGGACCTTGGATTGAGTGCGGGACGGAGACCTTTCAACAAGATATTACGCGAAAAGCTCCCTACAGCGCGCCTCCAGCCCCCATGCTCATCGGTTGACACTGTTTCACCAAGGCTTAGTTGTCGAACTACTTCAACGGCGCTCCATTTGCTGGAACCGTACCCGGGGATTATCTTCCAGCCGCAAAGTTGCATTTATTCTCAGAGTGAACATGCAGCGGAAAGAGTTTGCAACTAAGACGAGTCTAAGCCGGCAATACCTAAAGCAAAGGGAACCTCCTGACTATGATTGATTGCTGACTCCGAGGTAACGCCGATCCGCTGATGTTGGAGATTCCGGGGCACTGTCGGTATTTGGCAGTGCGGAGCCAGATTGGATGATCTATTCGCTATGGGTTGTGGCGCTCTAATGATCCCATCTTAACCAGAACGAGGCGAGAGTGTTAAGCTCGGTCTACAGATCGCGCAAGCTCGTGTCATTAGGCGCGCTTAATCGGATACGCACTAGGGGTCGTAACACAAAGACCCCAGTGCAGACATCGTCAGCGCATGACTGTGGCGCACGTTCGGCGGCAATTTCCGTATGGTCGCGCGAAGCTGGCTTTAGAGATCATCACACATCTTGAAGATTTTGCATTAAGTATGTTCCCGTCCCTTGGGCGGACGCCTAGATTATGTGCGGAGTAATCTGAGTTCAGGGTGTGTTCGCATCCAGCCTATCCTTCACTTCGGTAGAGGACTTTGCGATTTTTCATGTTTCGCACTTGGATTATTGTATTCATTACTTAATCCTCTATACGGCCATTGAACCGCGGTGGCCACGCAGACGCTGCTAGAA,1414,49.58,Saccharomyces cerevisiae
SEQ_427286,GGTTCAACGAAGTGGGTCGGGGGGGAGACTGGCATCATCGGAGCGAGGCCCTCCCCAAATTACGCTTGCAGCAGGCGAGACATGTTGGAAGCTAACCATCAGAGATTAGACCTAAATTGTCGTGAGACAGCATCGCGCAAACACTCTCGTATGCCTTGAGGACGTTTTCCCCCAAGAGATTGCACTAGCAGACGGCATCCGTGAAGAGAGAGGAAGCACTCATCGTAGTTTCACCAAATGAGTATCTGTCTAATAACATGTGTAATGGTGAGCCTCAGTGCTCAACCTTATCATATAAATAAGTCTAAGCTGTATCACAATAGTGCGGTCGAAGAGACGGGCGAGAGCTTTTATTTAGGCCGGCACTGCTTAATTGCTAAGGCAGTATGCCTCCAAAACAGCAGTTGGAAAGTAATTTGCGGAGCCGCTAAACTGGCTGCCGCACCGTTCCGAACTGTTCAGGCAACCGCGTAAGCGGATAGGACTTGGTGCGTAATGCGCGGGAGGTGATAGGTGAAACTCAATTGCCCACACACTAGTGGCGCCCAATCGGATCCCAGTGTGCGGCATACAGACTTCGTGGCGGGGCCATTTCACCGCATGTTTGGCGAAACGATTTAGCTCACTCACCTGAATGGATCGGGGAAATCGAATCTCGACGAGAGGCTCCCCCTCAGAGCCTCCTCAAGACGTGTTGGGATTTATTATGCACCCGAAAATACAAAATCCACGTGTCACGCTCTGCGGTCTATTTGTATTACTGCATGCATGGATCTAGCTAGAGGGACCGCAGTATCAGTTACCCATTCGGCGCAGAACTGGAAGTGCCGATAGCAAGTGCAGTTTCGGCGAACTAATACTGGCATATCATAACGGTGCTGATTCACTACCCCGCATTCACGGGTCATTGTTATATCCCGCTTCCTGAATCAACGAGCATCCATTTATCTAGAAGGAGGCGCTAATCTAGTTTAGGCGCTCGCTGGTAGCTCCTCAGGTCGGAGTGTACTAGCCAGCCGACGTCTCGGTAGCCGACAGGTTCATATCATGGAGAATGACCAAAAGGGATTAAACGCATGTGGATGCTAGATTTGTAATGTCTTGAGGCGGAGTGACGCTGAGATCAGTTGGCTCCGCTATCAGAGAGAATTATATCCGACGTAAGAAACCTTCTGTGTACTAGAGGGGCGACGGTACAAGTGTTCCTAATACCAGTATGCGGAGTCCTACATGCAACGTGCCGCGACGCCGGGGGAGTGTTCTACCCTCCGCGCCTCCAGCAGCCGACAACCAGCGTAGACGGAAGTCGGAACACACCCTGCTAAAGTATTAACTTATACCTAAACGGCGCTACACATTTATTGTCCTAAGTATATTTTTACGGCGA,1387,50.54,Homo sapiens
SEQ_842192,GACGGAAAATCATGCAGCACAGGGGGTCGTATTGCCATTCGGTATATTTGGTACTTTGTCACCAACCTACTTAGACCTACTTATGAATGAAGATTGATATAGAGAGCAAGGGCTCCGATCTTGGGCCCCTACCACATGGCTCTTGCGCCCTTTAATCTGACTCTAGCACGGTTCGATCCCTAATCGTGCATTACAAGTGTAAGTACTGCCTAAGCGTTGCACCCTGCCCTCAAATAGACTCTATCCATCCTACGCTAGAACCGAAAGGAGTGTGAGAGCACTGGTATGCAACGATACGCCTGTGGTATTCACAACAGACTGAGCCATTTAGAATTTCACGATGATGTACCATACTTCCTGACGTGCAGAAATT,373,46.65,Escherichia coli
SEQ_271484,ATCATGGCCGCCATTCTCTAGTCAAGATACTGCTTTGTAACCTGGCCTAGATAAGGGTGGGATGAACTGAAGAGGGTCATAGATAGCGCATCAGCGTCTTTCCTGGTACTCACTCCAAGTTTCACAGCAGTGGGTAGGTCCCAAGCTCACTATCGGGTATGCACGGCTACAATGTTTCCCCCTAGTAGCCATCTCGTCGCCAAATCTGCGAACAGCCATGACACGTCGGCTATCAATTGATAACTGCATTGCCGTGCCTACTCGGTGGGTAGAGCCA,277,51.26,Saccharomyces cerevisiae
SEQ_531297,GCTCCCCACCCGCCTTCTCAAAATTGAAAATACGCCATCTGCATATGGGCTCGCTCGGACATTGGGGAACGGATCCTGTGAAGAGGTTTATGAAATAGATCGAAATATTGCGTCTCGTAACTGTCAACGGCTCGGGGTCAGCATGGCACGGAACCAACAGGTGGATATGGCAAAGTCTGGTCATGACGTGTTGGAAAAAAAAGCGTGGATACTGATGTAGCTTCGGACCAGCCAGCGTTTTCGTACATGTAACTTTTGTGGCTTGTTCGCATACATCTAGCATGTCCGTCCCCGCTCTCACCGAGTAGTTTCGCGGCGCCCACGTTAGGATGACCACAACGGTAATCAAGTAAGGACCAACTCTTTCTGCAACCCCGGAACTGGTTTTATCATACCACCCGATATAACCGGCGATTCATGAGCTCTGTGGCACGTATAGATTGTATGGATCAACCCGCAAAGGTATGCTGCTGGTAACCTACTGGCTGCCTCCATCTACTCGATGCCCCTATGATAATGGTAGATGGCGCGCCCCCGTAGCCCATAAAGTCTCTCTGTATAGCCTGGCTCCTCAGTCTACGTAGAGATGATACGATTCTCCTGTTCGCCAAGTTCTGGAGATCTTACTACACACTTCTGCCTCAGCATAGCAGGGCATACACTACGTGTTCGATAGACGGACATGTTATCCTGGGTATCGAGAGAGTAACGTTGTAGGCGCTAGGACATATCGTTGGCCTCCACTTGTACGACTTCGTTCGGTCAGATATTAGTAATAGTAAATGTCGTAATTCTGTTCGCACCGCGTTTTCATCGGGGCCGGTGAATCCCACAAGATGCCGGGACTATTCCAAAAAGATGCTCTGTAGATCGTCGCTGCACACCCTTTTGGGCCTTCCTGCATGCAAGGAGTAGTTAGGTATAGTGGCCGGAAGGACCGGAATATGAGAAAGTTCTCCGAGTAGTCGCACAAACGTTCTAGGGAGAACTCGCCGTTCAAGGCCCCAACTAGGACACCGAAACCAGACGTCCCCGTTGCTTGACAAGTGTTGGTAATGGGACAGTTCCGGCCTTAGCGCCCACTGGCAAATTCCGACATGCCAGGGATTCCCAAATGCAACGCCGCGTGAGCGACGAGATTATCTTCGCCAACGCCGGCCTGACCAATGTACGATGACCGGCTGCAAAGGATGGCAATAAGCGCGAACAATGCAGGCATTGCGCTAGCTGGTTGCGAGGGAGTTGGGTAGACTCCAGATGTCGACTACGAGAAGGATCATGCAA,1284,51.25,Saccharomyces cerevisiae
SEQ_336303,CTCTAGTACTGTATTTCTCTCGTGGGCTGAGCTTGGCACAACATCATCGCAATTCGAACTAGTCCCGGAATCGGACAGTTCGTCAATGTAGACAGAGAGCACGAGAGTTACGGGGGTGTGTCGTCGACAAGCAAATTGGAACTTGTTTTAACTCTACCCCGGTATAGCATCGGTGCTTACCTCTCGCGTATTAAATGGTCTGGTTGAGCTCTCTGTGTCTCACGGTTTCGACGAGACCACGTACCACAGTAGATTAAGGATTAACGTTGCGGTGTTTAAAGTAACGATCGCCAGATCGCGAGTAGCTCCAAAATGTTACGACTACATTGGCTGTGCACACCTGATATTTGCGGCCGGCTATACACCCTATGTTCCTAGGAAAGAAGCGGCAAGCGAGAAGCTTACGTACAGCTATCGAGCTTCTATATGAGTCCGCCAACCTGCAGCGTGGCGGTTATTACCTTCGGCGGTGTAGATTGGTATAGGTGTGTGTGGTCGTAACGGCGCTGTTCGAAGGGCCTCACGGTCAGATTGCTTCTTGAACGAAAAACGGTAAACCGCTCGGGAAGTAATCACGACAATGGGTTTAATCAAATCCGGGTACGCCTCATTCAAAGACACTCGGGAAGCGTTTGCTATTACCGCTAGCGTATACTTGGTTAGCATTGTATCACGGGGGACTGAAATGTTCTTGAGAAAACCGTTCGATAGGTCCCGCACCTTTGATCAAGCCCGTCATCGAGTTTGCACCGATTATGAGCCAGTTGGTTTTGCGCCTCATTTATAGTAATTCATACGTGGATCACCACGGGGGTATTTGCCTCCATCAGCGGGATCCAATACAACGCCGGGGGTTATGTGCGAGCTATCGATTGTGTGTGGTGCTCTTCCACAGCGCATGGGGAGGCCCTGAGGCGACCATATGCTAATTTTTGCGTCGACCTCTTCATGTAAGAGTGCATATCCCCCTTAGGAAATGTCGAAGCCAGTTTCACATGTCCGTGTTGCGAGCCATTTGAGAGCTCTCTACATCAATGGTTCGCAGGTGGCGCGTCTAACAATGAAATTGACGTGCTGCTGGAATACCTATCGACAGCGGCGAAGCAATTAAATTAACGGACCCGGCAACGGGCGAGCTCGCTCTTCTACTTTAATAGGGACGATACTACCCTGCTGCACTTGCGCCGCTGGATAACTGCGCGCGGTCAGGCCCGCAGCCGTATGAAGGCTTGTACAAGAGAAAGAAAACGCTTCGCACCCTTATCTAGTCATAACGAGTTGTAGTTGAATCCCCTTCTGGAAAACCATAGATGAGAGATAATAATGTATGGACACCTCGGGTCGGCAGGCACTATAGTCCGAAGGACTGCAAACCCTGCTGCGATATTATATCCAGATCAAACACCACCTGTGGAAATTTGAGTGTCAATTATACAAGCACCGTATCTAAACTATTCGCTGTCCGATAGTGCAACTGCTACTTTGATCGGTTGTAGAGTTATAGTGCCGCGACTGGCGTGGCGCACAGTACCTCGTGCCCCGTCACGTTCTTTTCCGCGATGGTTCAGCCCTCCGTAGCCTTATAATGT,1589,49.65,Arabidopsis thaliana
SEQ_493202,AACTCACGCTAGCGAGTCCGGCGGAAAATCGCGGCGGTTGATCCCCTCCAAACTGTCACTGACTAATCTGGACGAGCTTGGACTGATACCGGTTATGGAGCTGCGATGAAAGTATAAGAAAGGGCCAGGAGCCACGAACTCTAAGTATCAGGGGGTGTTGGGGTACCCCAGCGAACTAAATATCCTGTCCGTAAGTGGGAACCTGAACGCTCAGTTAGTGATCACTCGGGCGGTCATTGCTTCGCTCAAGTACCGCCTCACACTTACACTAACATGCTTGGTCAAGGGTTGACTTTAAACATCCTAAAGGCGTAAGAGGAAAATATATACTGTCGCTGCTGATTTCATGTCTAGTCGAGGCGCGGTTTTAACCTAGCGAAGCCTAGCCGAGTTTCTATCTCCATTCGACTGGTAGCCCCACAGGATTCGAATCCCGCCGCAAAAGGATTGATTATATCAACGGTGCGCACTCTAACTTATTCACGCATAATATATGTCGTCACATTGAGCGTCTGGCGCGAACTGACCGCGCCGGCGGAGGTGTAGTTCAACCGTAGTCAATAAGAGGCGAATTC,575,50.26,Caenorhabditis elegans
SEQ_201687,ATATGAACGCACCCCAGTGAGATTACTAATCCCGGCGGTGTTGCTTACGAATCGGCGCCAGACGCGGCCCTTCTAGCCTACAATTGTCAATTTATCTGCTGAGAGATTAAGCTATTTTCGTGGTCCGTTCTTTCGTATTGCCGCACCAGCAAAGGCATTTGTTTGAGTTTCCACCTACCTTATTAGTTTCAGGCAGCCGTTGTTGATTCGCATGTACAAAAAGTATTGGGCGGCCAGCATGACCTTTAGTATCAACTCCAAGGACATGGAGGCGGCCCGAGAGAGTGACTGGAATGTAGCACGTAAGCGGTCGCAGTACCATCTTGTTTGCTAGTATACATATTGGTTGAAGGGTACTACGCAGCGATACGCTTGGGGACGTCGTTCCTGTTGATCGTTGCTACGCGATTTGTCAGCAGAGATCGATGGGCACGTCCTATTACGCGGCCAAAAGTATCATAAGCAATTAGCCCATGTAATACTCTGATTGGAGTCCCGAGAGAAGTGCACAACCCTGGCAGTCCAATCGCATAGATTTTTGATAAGGCCGACCGTTAACCCTACTCCGAATCTATCATATCTTTGCGTACCCTCTTAAGGAGTCTGAAGAGACCAAGAACGATTATGGTATTTTTTCCACTCTTCCCAAGCTAAACATGTTACAGGGATTTGAGTGGGAGGATAGTTTCCTGGTCCCTGTAGTTCCTCAACAAGTCTTAGACGTCCCCCTGGAGTAAATAGCTACACAGGCCGACGCCGGAATTGTCCCTTTAGGGCGTCACCTGGAGTCAACTTCCGCTTTGGCAGATGCGGCGATGGATTCTTCTGGAGAGTAGATTCTGCCCTTTGGCCTCGACCCCGTTCTTGATGGTTAAATGCATCTGTCGAGCCCGTACACTCCGATTAACGGAGGAAAAATCTGAAATTCTAGTTTCAAGCCTGACTCGCTATTCGTTGTACAGCTCGGCAGGACTGATATCTTAGGACCCACTATTAAAAACATCACCTTTCGACTTCGGGAGCCCATGAAATCGTGACCTGATTGTGACATTACTGGTGGCCCAGGGCAGTCTTGGTGTGCTAGATGTGAATAATGTAGTTGCCGTCTCGATAAGTTAATCCTCAGTCGGGGCTGTGGGTCATCAGTTCTGCCCAATAAGGTGACTCCTTTAGTCTTAGACGCTCCTCAAGCAAAATACTTATGCTGATGTAGTCCCTTCGACACAACCGCGCGGATACAGCTCGAAAGCGGTCTCGCCGAACGTTGCGAGCCAATGATTCCTGTGATCACGCTTAAACCTGTTAGCCCTCGA,1313,48.59,Mus musculus
SEQ_684421,CATTCCACAACGACAGGAAGTACTACGGACACGGCGAGACAAAGAATACCTGCACGTGAGGATGGGAGCGTTATGGGTCTGAGATGCTTGCATCTGATACGTCGGGCCATCGGGACCCATGCTATTGCAGCATGTTAGTGGGTCTTGCGTTACACGTTCATCAAGACACAATCAACTGTCTGCACCCTTCCGCCT,195,52.31,Drosophila melanogaster
SEQ_680598,TATTGACAAGGCCGCCCCGAATCGCTCTAGAAAATGTCGAATCGTGGGTTCGATTGACCTACCATCGAGATTATCGTGCTACTACCTTTAACTATAACTATGGTGAACACTATTTACTCAACATGCAGCCTTTATAGAAGATGAAACATCCGCTTATCATGACGACCGGAGTACGGCATAAGTTCATGGAGTGATGGGAGCGAATATGGCCCGAGTTTCGACACGTTATATTTGCCGATTAACACTCACCCCGAAAGGTCTTGAGAAGAAGAGCGTAGACTTATCTATTGGCAAGCCGCGAAAGTTTTCGTATACCCCTTTTGAGTTTTAGATCAACCTTCTGAGGGCAGAAGCATTTGATTAAAGTTATCCCGTTTCTTCTTAACATCCGATGTCTCCAGACTTGGGGTTAGGCATCCTAGCCGTTACGACGAGATTAGGTTACGTCCGCGGTCAGTTGCCTAAGCACCCACCCAGCATTCCACATTAATGGTCGGAATGAACCTCCACAGATAGCAGCAGGAGACGAAAATTCGCTAGACATTACTCCCGCCAATGTGCGTGTTGCGAGCTCGTGCTCAAGACGGGATGCCGGTAAGCGTTAGCCAATATTACCCACCCAGGACAATAATAAGTTAGAAGACTAATAACCAATTCTTTCTTCCTTCGCTCCGACTGAAGTTCTCTTCCCGGCCGTCAATTAACTGTTGCATCCTTCGCTCCAAGAGAAGTCAGGACCACGCGATTATACTTGAACACAATAAGCCACGCCTCGTTTTCCATCTTGGAGTACAGGCGACCAGCCTCTTCTTGTATGACCCATGCCC,827,46.92,Homo sapiens
SEQ_325765,CCCCCTCAGTAGCGCTATTTACCATCATGCGGCACCACCCGGTCGTTACCACCTAAATAGTATTTCTGCCAGCTGGGGCTAATTGAATGTTCTCTGCTTCCTCAGTGAAGGATACACTCTTTTAATATTGTGAACTCAGACTCTAATTATGAGCGGCCAAGGCCCGGCGGAACAGCGATGGAGGAGGTTGGGGAGACAGGCACAAAATGATGAACCCGTGAGATCACACCACGAGAGCGTGCCTCCACAAACTCCCCGATGATTCACATACGCTAAGCTCCCGATCTCCCGACTGGCGGCAAAATCATGATAGTTGGGTATCGCATCTGCTACTGTTTACTAGGCTCATCTCCAGGCGTTGGAACACTGAGATTCATTAAGAGAGGTTGCTGGTAAGGTGGCGACATCCAAACAGCACAGTGGGTAACCCAAAGATTCCTCGCTGAAAGTGGATACGAACGACCAGGTTTCCTAGCCTTAAGGAACGCAGTCGCATCCCAAAACCACTCTGCCGGAGCAAACGTCCTGCAAATATCCCTAGGGCGACTCGACCTTCCTCTGCCCTTATTTCCTGCATGTTGTCCGTTGCTTTCAGCTAGACGTGAGAAGGCCACAAC,617,51.22,Arabidopsis thaliana
SEQ_895194,CCATCCGGATTCGCTGGTTGCATAGCGCACACCGAGGCTTGATCCAGCGGTATGAAAGAACGGTTAAGTGTCACGGCCGACATAGCAGACAACACGTGGTTGGTTGAAAAGTCTCATTGAATACACGGGACGCAGTGTGCTGCAAAAAGCTACGATGCTTTAAATCAGGTGTTATTCAAATGTTTCTACCCAGCCAATCCCCTATCATTATATCCGAGTTTCTATGACGGCTGTCGTTCCCAAATTAAGTGTACACTCAACATGGACCCCCAACCAAGATGTGGGATATGGCAGGGAGAATCACAAAATGTGCTTTCGTTCCTCTCTCGCTATTCGTGCACCTCCCTAATGACTGATCTTATAGTTCCTTCTCCAAGCGGTCCGAAAGAGTCCCGATATTTACACGCTCATCTTACGCCACTGGCCCGCCAATTAAGTGAGCCCCCCTTCCAACTTACGATTTCTCAGCCATGTATCGTCGAGACTCGGTATCTGTCTCCTATATACGGCCCATCTTCACGAACTTTGTAGTTACCGGACGTGCCTTTCACTTAATTCGTTTGCATGCGTCGGGTTCTTGATGTGAGTAGTGCTCGATCACCGAGCGGACAGGCGCTGTCGTCAACGATTCTCTCAAAACCCACCGAAAGCGGTAAGCGTATTTACCTCCGACATGAACGATATAGCAGTGGCGGTAGGATAGGCGAGTTTATTCCGGCGCAACTAGGCCGGTTCAACGTCTTATCTGGGGTAATTTCAGTCCAACGAAGGAGGTTGCTAGGTTGATATATCTTAATTACTCTATGATTCATTTCGGGTATGCTCGTTTATCGGCATATTTGAGGGAGCGGATAGGGGATGTGCGACGGTGTGTCATTCTCCTACTTCATGTGCGAACCGCGCGGACTTGGTAGGCAAAATAATTTGGCCTACGCCTTCGATCATCCGTACCCATACCCGCACGACACATTCGGAGAATTGGTGGTATACTGTATCAACACCATAGCGGTGCTAACGGGTGGCACTGTAAGGGTTTAAAGGGTCGAGATGCATAGGGTAAACTCAGCTGGTGTGGTAGGTTAAGCTACCGCGCGCAGGTTTTACTAATTCGACGCGAACTAGAAACTACACAGGAAACAGTCGCCTACTCACTCTCTGACTAATGTGGAGCCGTCCACGAAACCGGCCCGCGGTCACCCTGTTTATCGGGAGGATATATCAGTCACGCAGTGGCCCGCAAGCACACCGACCCTCAAAGGAAGTGGCATAGAGATGGCGGTCTAAGTGACTAGAGGGCTAAACCCGGGAGTCTACCGAAAACTATGCAAGAAGGTTGCCTGTACCATCCAGAGGCAAAGTTAAGCCGCACTGGTCAATAGAGAGACATACAGCAAAGCCACTTTTGTAGTGAATCCGGGCATAGGACTAGACGTGGCACAGCATCAGGGTGCCGACGAATCCGTTAAGTACATTCACTATTGC,1482,49.6,Homo sapiens
SEQ_291296,GCTGGCGGCTGCTCCCAGCGGCAAGCATATACACTTAGTTGAAAGGTAAACAGAAGATCGAGGTAAATTTACGGAGCACGGACTCGACCTGTAAGGACGACGCGACCCTACGACGCCGGCAGATCTACCGACGTCTGGCTTTCCCATGGGGGTCGACGATCCCTCCATGACCCGCGCAATCGTGACAAAAGTCCTGTGGCTCGCGCAGCACCCCGGTTCGCTGTAAGTTGGTTTTGTGGGCGGAAGATAATTCTCACCAAGGACCAGTGGCCACCGCATGCCTATTTACGATGTGATAAATGTACGTAAAAACCGGATCTTAAACCTTTGTAACGGCTATTTCGGACCATGCCCGGTTAGACCTAACATGCCCGAACGAGTCTCAAGTCCGAAGAGGCGACTCAGTTTATAGTTACATTGTTGTACTGTCACTCTACCGTGACTCCTGTTACATCCTACTGCAGCAGCTGAAAAGACGCAACCACTGGGCCACATGGTGTTAAGGTCCCACAGCGTCCCCGATCCCCCGAAGGATCCCTGTTGAACTCGATCTCCGGTCAACGCTTCAGTGACGCACAGATGCCTGGCATCGCTGTGGCGAAGGGAGCGATGCTAAAAGTTTTGACAGTACCTCTAATGGTATAGAACTGTGCAAGTTGGTCGCCCAACACTTATCGGTCATATCTGATCCGCCCTTCGTTCTAACAGGCGTGTTGTCAACATCTTCAAGTGTGCATCGACTCCCACAACGGCCAGCTAGCAAGACGATTAACATACCTACATAATTATATTCTAGCTATCTTAGCGCATCCCCATGCAATAACCTGCTCGTAATAGTAGAACGTCCGACCAGGCTCTAAGTGGCTAGTCTCTAGGGTAAGGAGGTCTCGTGAACCAATGCTTCTACCCTATCTGCATGGCAACGTAGCAGGACTGTACAAACTCTAGCACGGGTCAGACAACTGCGTCTTAGCTCGAGGCGGTCCGTACGACGCCTTGTTGAACGTCGCAACGCCAGTTAACCTTAGTCTTACTGCGGTGAATACCACCAGAGCCGCGCTCATACCTATATTTGCCCGTCACCTGTCTAACCGCACGGCTTACCTTTCGGCGATAAGACGTATTTCGCCCAGATGAGCTGAGGGTGGCGTTAATGTGTCTGTAACGTTTGTCTGAGCTTCATCGGTTGAGATCTATCACCGCTTGAGGTACCGTGCGTGGTCTAACATGGAGGAGGCTCAAAACACCTATTTATTACCAGCTACCTGGTTTACCAACCATCCCCCACCTTCACGTAGTCAACGCGAAAAGTCGCAGATAAACAGGTGACGCACGCGTCGCTAAACGGTGAAATCCGTAATACTGGCACACAGATGGGGCAAACGGTTCGCACCGCGTAAAATTCGCCCTTTCAGCACTCGTAGGACATTCCGAGGATTTAAGATTACATACGGAAATAAAGGACATCGTTGATTTGCGCCCGCGTGTACGCGTCTAGTGGGTTGGTGAGTGTTTTAGTGGTCACAACTTACGTCGCTCTCACCCACTCAACAATGCTGTCAAATACAAAGACTGTAGTCCGAAAGGCTGGACCT,1595,51.03,Saccharomyces cerevisiae
SEQ_317833,GACATCCCTTACACGGACGGGTCAGCACCGGTAGGGCAGAAGATGGACACTACTTTGCGCTGCCTCTATCGCCATCCCGGGTCACTCATCCCGGGAGGAGTGACCATAGTACCCAGCATAAGTATGCCGCATAGGTGTATAGGACTGGTTGTCGAGCGCTCTCTTTATACGAGAGCATGTAGGGCAGTATGACGTGAATTCGGCGATCGCAGCTTCGCCCTTCCGCTGTGTACTCTACTCTTGTTTCCCGCTTCCACCAATGGTTAGCGATGTAATTGGGGATAATGGGCTGTCAGCACTGCCGGAGGATCACAGCTAGAGAATCAATGACTTAGTAGGGATGGCGTATCTATTTAATCACCTGACGGTCTTTATTAACCTTTGGCTTCCCCTATGGGAGTGCGCGGTGTCTACTGTGCGGTTACGCGCGGGGGAGGTAGCTATATGGGGATCGTCAAATTCAATGGGGCCAAGTGCCGTTTGGACCATCTGGCAGAGTGCGGCGGATGAATGGCATGTGTAGCCGGCGTCTGTGTTGAGGGGCCGGGCGTCTCCTGTTTCGCAAACCTGCCGGTAGCCGCCCATGTTCGAGTAAAATATAATGGTTATTATAATTGAGAGGATCATACGCTCCCGCGCTGCAGAACCTGTATGGATGAATAGGTAGACGTCAGCCGGCTAATATACCTACTTGTAATCTGGTACCATTCCGAAATCAATTTCGTCAAGTCAATTTATTCATATGTGTACGCATACGCATGTAAATCACATAATGTTGAGAGAAAAGACGGCATAGTCATGTGTACGTCCGACAGTATCGTGTACGCCAAGATACAAGAGAGTCTAACGAATGAGCGGGCGACCGGCCGAGGAAACAAATATGGTATCGGAAGCGGTCGCCACAGCGAGACGTTGATTTTCAGCCGGCACCACGACAAGTACCTGTCCAGCGTTGTAGTTGCTAACTTAGTCGCGAGTGACTCGGGGCTTGGGAAAGTGTATAGGGAGCTATCCCCTTCGTCTCTTCACATTTGGCATACAGTACTACCCGGGAATCGGGGGCGCGACGTCGCTCTCCAGTCGATCAACTGGTTGGCGTTTTTATTGTCTCTGAGACCGGCATCATACTACTGTTGCTACACTCTTCTATCGCACACTCTGTTATTAAGTAAGTACGCCGGCAGATTACGGTTAGTCCGGGGAGAGGTCACAAGAAGGTCGAGACCGCAGCCGCGTAACCGTTAAGAGTAAGCTAATTGAAGCATTCACTACCACGCTCCAACTACTCGGCGACCTTGTACGCAGCCTATCACGTCCGTCATTAGACGCGGTCTTGTGATTGTTTGACCTGAGAATGGCTGACTTAGACGGCGACGCGGTAGGCCTCTACTTCTCCACTATGGCATGGATTTAACGTAAGTTGCCACACCCGAGAAGGGGCCCTAATTGGATACTGGGACACCGAGGGATGCGGGTG,1477,51.59,Saccharomyces cerevisiae
SEQ_771736,CAGGGAACGGCACCGGACCACACGGGGGATGTGAAACGATGGAGGTCTGCAGCCACCTATCGAATACCGCTCTGGTTGTTCCATCGTGGGTTCCAAAAACTCCATCGTACATTAATCAGATAACCATCTATGTAACTGCAGTGTATACTACCTGGGGATTTCATAAGCGCTATTCGCTTCTCGTCATCTCGGTCCCGCCCCAGCAACTAACCATCCTTCGAGTAGCACACGACCCGATGTACGAGGGCCCCCTGCGTCCCTCGAGATTGGCGTGCAACGCGTGCAAGCTATTTAAACAGTCGCCATACGCCGCGACATACGAGTATGTGGTGCCCACAATAATGCCAACATCATATATTAAGAGCCATAGGCGTATTGAACACAATGAGTTCATGATTCACCTAGGCAATGGTGAACGGAACGTTTAGTTGGACCCAATAGTTTGGAGACGTACAAGATTAGAGTGTGTGTCTGTCATAAGCTGAACAAAGAAGAGGTTCTCCTCAGAGAGGCACTGCGGAACCACAACTCCTACTTGAGGCCTAGACCACCCCTCCCCCGAATAGGCCAGGCGTAGCTATATTTACATCTCCGCGTATTTGGGCTCGTGGCCATAAATATGCGAAGACAGTAGGTCACGGAATGCATCGGCTTAGTTCGCCCGGGATACAAACGGACTATGCCCCAATTGTTTTCCTTCTACCATAGGCCGAATGCGAATGTATCACGTGTAAACGCGCGGGTGCGGTTTGAAGCTACTCCCCTAGTGACTTACATAGAAACATGAGGCCTGGCGGGCCGCCGCCGGACCACCTTCCTCGTCTTACTCGTCTAACTACCTTGGATGGGGTAAGGAGACTCAGTGAAATCTTTGGGTTTTTTAAAGTCAGGAGCTTTTGTCGAAGAACAATTTCCGTAAACACCAAGTTATGCGCCACAGAAGGACATATGGTGTATTGAAGCTGCGCTACAGACACCTTAGTAGGAGTCACTGGTCTAAGTCAGCTGTGATATCGTATGCCGCTAGCACTAAGGATAAGCATGAATAGCTGGGGATCAAAGAGGTGACTAGAGCGCCGGCTCCAGCCGCAAAGGCACAGCGAGACCTGGCTGCAAACCTGGCCCCGTCGTTGGACTGATACTCCATTGCGAGCCATGCCTGCGGCGCTTCGTACACTGGCATCAGTTGTCACAGTGGCGGGGGCTATCTCTTGACGACATTATTGAGATAATCCAGAATGTTGCAAGTCCGAACCACAGTTCTTACGTACTTTCGGTGTTCCTAGAGGCTCACGGCGCCAAGGGCAGGTCCAACCATCTGAA,1323,51.1,Saccharomyces cerevisiae
SEQ_844311,CGCACTGAACATTGCCTTACAACATTAGAAATACGCGATCTTATTTAGGTATAGTAAAGTGTAGGTTACGCTCGCTGTACTCGATTCGTCCACGCCGCTCGTTCGAATAGGAAACAACCATATCGCTGGCGTATGGAATTAATGCACCCGGGCCCTCGCGCTCTAGGCCCAGTTTTTCGATCGGGTGCTGTACCACTAGAGTCCTTGAGAACGGGCTGGAGGAGTGCTAAGCGCCAACCCAGTGATCTCAAACAGGGGCAGCCCCCCTGGCCAATGCACTTGTCTTCGACGAGACCCCTGGAATAGAAGTCCCTTCTCGTCGTCAACGAGTACTTGTGCATACCAAGAACCGTATCAAATAAAGAGGGCCATCAGCTGATAGCTATAGACATGTGAGGATTGAGAGAGATATCTGAAATTTATAGAGATCTTGGCTTCCGAAACTTCCCGGACAGACCATGACCTTTGATGGCACGTGAGCCTAGGTTGGTGAAATAGGGACCGGCGTAGAGCTCGGTCGCTACATGTTTCTCTAAGGCTATGATCACGAATGGATTTTTGATACAACGCTCCTGTATTCTTACCTGCCCCCAAGATGTACAATACGCGCAGTGTTACTCCTCGAAAGTGCCTCTATGGTACGGT,645,49.46,Caenorhabditis elegans
SEQ_334843,AGTAAACACTTTTGGTCGTCGCGGGCCCCCAGCGAGTCCCATTCGTCTCTATAGCCTACGAAGGACAGTAGAATCCAGGAGAGCGCTCCACGAGATCGGGGTAGTCCCGCACGACTTCAGTAACCGAATGAGGTTGGCTCCGTAATCCGAATTAAGCCCCCGACTCTATAATAAACACTGCGGCCGTTCTTCTCAGGGTGCTTGCGCCCCAGTCTTGATTCAAATGAAGGAAATCAGGTCCCATCCGAGGAGCCACACATCATGCCACAGCCGACCCATCGGGCGGACCTGTCGCCGACAAGGTGCAACAGCCTTAGGTCTCTAACCCGAATGGAATTGTATTGGGCGGATCGGACGAGGGTATGTAGACACATCGTATACATGGGCGCAAAGGATAGTGCAGACTGCATCGCCCTCTCTTGGAGCAATCCGGATTCGCGTCTGAGTGTATACAGAGTAGCGGGAACGGGCTGCCATTCTCAGCTACGCTCGATCTACCAATCACTTAGGTGTATTTCGCGACAACGGCCTCAAGACACCGAAG,544,54.41,Mus musculus
SEQ_649728,TTGAGCGGCGCCTCGGATGCTGAGCTACTTAACAATCGAGGGCAGGTTGTATGGTCAAGACTGACTAATCCCTCAACGCTGCTAACTCGGTAGGACTCGCTTTAAAGCTTACGGAGAATAATACGCTTTACTTCGGTAGCCTGGTAGATGAATCGATCCGGCACAAAGACCGGGTGACCTCCGCGTCTGAGAGGCGTCCAGACCTCGCGATTCGAGGGACACTGTCCCAGTAACGTTCCGGATAGTGGATTGTCGTGAGTTGGGGCCCAATTTTCGATCGACGGCTGCCTCGCTAAGAAAAGACAATACGAAGGACCTAAGGGAGGAAACGACAGAGATTATCTACGCGTTTGATTTTCGTTTACAGTCGCCGTTGGCTATGACAGCCGATGTTGTACGAGCCGGTCGCACAGTGTCAATGCAGTCCGATCTAGGTGAAAGCAGATGAGGCAACCATTAATACAAGTATTAGGCGCGGTGAAATGTTTAACTGGTAGGTCCCACTATCTCGCTTATGTGACGTTGGTGACACGTATGAGTGCGGTAGCGAGATCCTGCTTCTTTTCATTAAGCAGTCTATCGCTGGTGCGTTGTCCAGGTAGCGCTGACGGAGTTCCTGCTGGATAAAATTTTTCAAACCTCAAACTGGGACTAATTGCGGCTGTGCTTAATAGCAACAATTTGTCCGGCCGAGTCCAGGGTGTTGTCCCTAAAGCGGCAATTCATTGCAGTGATGGGGGAGACGAAAAGATGGTCGTGCAGTGCCTTAAACGGGGTAGAAGCCATGCTCAAGCGTCCGACCTGCACTATCGCCAGATCGCTAAGTCGGTGGTAGGGCTCATGTCAGTTGATCATTAAGGTTGCTCACGATCTAGCTCTTCATGTAAGTCCCGGATATCTTATCATCCGGCCGGAACCCTGGTAGTTACCAGGAAACCGGATATGTCTCCAGCATTAGCACTGATTTAACTTGTATGTTGGCGGAAAAGCATAAAGTATTTCCCGTAGGTTTCAATTAGTTTGCCTATCTGGGATGATACGATATGCTTCTATACACACTTTGCTCGGTTAGATCCTTTAGCACTCGTCTGATATATGTACGTGCCACCGGGGTATCCCCAGAGGGAGGGAACTATAGTCTCGATAGGTTTCCGGTCTGTCGAAAAACTTCGGTCTGCACTTTGTGTCTACCTGAAGTGTCTTAGACCCGACAGATTGATTGAACGTTTCATAAACGACACATTCGATAAGTAAGTCGACGTGATCACCCGAATTTTTTTCTACCCAAATTCCATGTTTTTCTGCCCCCCACTCA,1315,48.59,Escherichia coli
SEQ_266318,GAGGCAAGACGCGCGGGATAGTCTTCAGGGCGGAGGCGGGATTCTCAGCTGTTAGGGATCCTTGCCTAACAATGCACCCATATGTGGTGCTCGGAAAAGTCAAGAATTCAGATCACTGACCCGGTGGTCTTGATGGGTTCAGGAAGAATAAGATCGGCGTTAGAATCCAGACCGTGAGTAGCGGTACCTGCGCGCCAAGGATTAAGGAATCTAGCCGTCACACTCTATAGAGGGCGAGCGTGCATCGCTCCCGATCCCGTGCTTTCTAAACCATGTCCCAAACCCAAGCTAGGAGGTAAGTGGTGTCAGTTCCACCGCGAAAGAAAAATAGGAAAGGGTCGGGACGGCGGCACCTAAACAAGGTTCAGCTGTAGACTGAAGATGCATTCTAGTCGCTTGAGGGGGAGTCTAGGCGCGGGAACGGAAACGTGCAAGTATTCACTTACCTAACACTATCTCAGGACTGTACCAGCATCAACGCCTTCAAAAGTGCTCACGAACTTTACATCAAAGACTTCTTCTGTGCGGAATGTATACCGTATACACACTCTACTCGTAAGCATGCTCTTGATTGCATGGGTATTCCAGCTTCGTCCCCCCTCAAATATTTCAATACCCAGTAATGATAATCTCTACTCAGACGAGACCCGTAATTGACATAGGAAGATGTGCTCCAGTCGGCTTCATCAACAGTCAGGCAGTACAGTCAACACACTCATCAAGCAGGTAACGAGAACAACCGGACCGTGCGACGTTTATAGATCCGTCCCACAACTACGTCGAGTTCTTTCCATTAATTGTGTGATGTGGCCACTTCTAAAAGTCCGCGGCTTGCGTTTCACAACGCCATAGGGATCTCATACGACACATTGGCTACCGGGCGACATGTGTTGGCTAAAACCATCGTGCCAAGTATTCCTGATAGCTCGTCTCGCGGCCTCATGGTGCTATGTCAGCCAGCCTTATGCCGTTGCTCGCTCTGCGTTCGACGTTGCTGTAGTAACACTTGAAGGATTCACACAGTCTCGTTCAGAACTCTTGGCCATAGCGGTATAGAAATTCAGCCGCCTAATCTTGGTAGTGAACGGATGGCGTATCTCCGGAACTGCCGAATGTTCACAGGCGTGCGATGGCTCAGTTGGATCGAACGACCAGCAATTAGCCCAATGTTGGAAGGTGTCTTATTCGGGCTCCAGGGATGGTGAAGTTTAATAATAGGCACCATCTGGTGCAATATCGATGAGATAAGGGGCCTGTCTGAGGAGAGTCCGAAGAGAGACGGCCCGTGTTCGGTTGTCTCTCATCCGCCGACTGATGGTGAGCCGACAGTACTGGTCACGCCCTGATACCGAAGCCATTTAAGTGTCGTGGATGGTTCAGTAGCTCAGTTAGTAATACCCGCGTGGGATTAATGCCTTGCTGGCGGTCAAGGAATTAATATGAA,1444,50.42,Escherichia coli
SEQ_662538,CCAGGTGTTCATGCCAACAGACACCAAGAGCGTCGTTGGAATCACCAGAATGGGAACGTCACGGACACACAAGCGAAATGTTCGCTATCATGACGCTAAGAAGCACCGCGGCGAATCGCATAGAAATCGATAGGCAACCGGGCAATGCTGGCCTAGCGTGCGCAGTTATCGTAAGCCCATTCTTATGCGGCCCTATGCGTAGAAACGCCCCAATGTACTCTGCATGGCAGTTCAATTGATCGGTCTTAAAGACCTAGGTCGTCCTATGGACGTGTTATAGAACAGGGGTCAGGTAGACCTAATAACACGACCAGTCTGCAACTAGAGACCCGCGTAACTTACAGTGACAGATACCCAGGTCCTCAGATTCATTACTCACTCCTCCCCAGATAACCAAGGGCCGCTAGCCACTCTAAGAACCTATCAAGAGATACTAGTATGCCTCGCGAAGAAGACCATGAGCGCTGACATATGCGCGCCTAGGGCGACACTATTAACTCCAAAGGCGCGACTATCTTGGGCTGTGCTTTCACGCGCTTGAATTCCCTCCGCCCCCTGATGCGAACCAGGTAGGAACGTCAACTACCATATTCAAAGGGTATGACGCCAGTTGTACGGACATCTATACCTCGCATTCAGTTCAGATCTTGGGAACGCAAACTATGCGAATCGGGCCGGACCCGCAGCTCCTGCAACACCCCGCTCCGGGCGAGGGCGTGGGACGGTCAATGAGATGTATTCACGATGCTCGGGTTCGTTTGTATTGAATACATTTCGGCGCTAAGTGTCGCACTTAGATCTGGTGGTGCATAAACAAGTCAAGTAAGGGCATGGTTAGCCGCTAGGCGGCGATATCCAAATACATAAACTCTACCCTACAACCTGCCAGACTCCATTATGTGCGCGCCGCATATCTAAATAGTGCTCTTGCAAGTTATTGCAGCTGAACGTCTGCAGCGCAGCGGGTAACACAAAGAGGGCAGATTGCTCGGGCCTAAGATGGGCTAAACAAATGAGGCTCGGGAGGTGCCTGATCGTTTACGTGATTGAGTGATACGAGGCTCATTCGGTCATGCACGAGGACTCTGAGCGTTAAAGGTTGGCCAATAAATTATGTCTGACGAGGCCGCGAACATCCCCTATTGTTGATAAGACAGTGTGGATGTGACGGACGAAATAGCAACGATGAGGAACCTAATAGGTTTAATACTTCTTTTCCATGATTGCGGCGGCTGTCATATTTGGATCCAGAGGCTACCGTACCACGTTTGTACTCTGGAAATCGTCTGCCCGAACCGAGTATAAATGACTCAAGAATACCTCTATATTAGATGCGTGACGGTAAGCCGGTTTAACACGCGGAACATGATCGGATTTCTTTCTTGTAGAAGTGGGTCCAACACGATACTTCATGATGATGTGTCTGATGCAAGATGGGCATAGGAACTACGGTCACCAATCGGACCCCCACGCGGTGTATTGTTATTCCCCCACCACATTTCGGGCATTCATGACTAGGAGATGCTAGAGGCAGCAAAGGGACCCGCCTCTCTTACATCTCATAATAATTCGGCAAGCCCATCAAAGGGTCCGAGCGACAGTAAATGACACGAAAATGACTGTGGCATCTAAAACATTCATGCAGCATTCAAGTGTTTCGCCGTCCATGTACTAATTAGCTCCTGCAGCCCCTTTCGAGACTTACCCCTAAGCATTAAGTGCGAGCCAAGGCAAGTCTGGGAACCATAAATCAGCAGAATTCGTATCCAAAAACTACGTCCGTTACAGCACCTCAGAAACCTCCCCGAACACCGGTGCCGCCTCTGCTGTGATTCTTGTGATTGATATTGGGGCTGAACCAATTCTTGGCGCTATG,1876,49.89,Escherichia coli
SEQ_915124,CGTAGGGTCACAGGTGCGTCCAGATATGTGCCCCATCGTACGCCGATTTTCGTGTAGGCGGTTGGGGAACTGGACATAGCCCTCCGTTTCCGGACTCTACGGAACGAAATCTACCCCGCAGACTGGGGGAGTTGGAAACAGACACTCGAAATAATGAGGTGAAATCGCACATAATGACAAGTGTAGAATAAGCCCCCAGAGGTTGTCGATCCGCGATATTTCCTAAGCTAGGTAGAGACGATCTGGTGCTGATCAATCAAGCTCTCCGTCACGCTCAGGCGGTGCCTACGCTCTATAAAACGCTATTCATCAGAGCTTTTACGCCACTTGACCGCTCCAGCAGGTGGTATTAGCGCTTTGTCTGCATCCTCCGTCTGATTGAGAGGTAAAGCCCGAACTGGGCCCCGTTAGCTCGGGTGAAGCGAGAGAGCCCATCGATACTTGCCGCGAAACGGAATGTGTAGGTCCCGTACTCGCTGCATCCGCGATCATGCGGTGCCAGCCGCTCGCGGAGGTCGGGGACAGTGCTGTTGGTACCAAATAGATAGGTATTAAACGGGAAGTATTATTACAGGCTCCAGACCGGGGTATCCATTCTTCATCTGAGCTTCTCTTATGACTAGCTGGGTGTATCATTGCTTCCTCTTTAACATCGAGTTACTCAGCCTA,669,52.32,Drosophila melanogaster
SEQ_340988,CGAGTTCCGACTTTGTGCCTAATAACAATGCGCCCTATGGGTTACCTCCGCGTCTGTGGGGTCCAGGTTGCAACCGGAGTTCCCCATTGAACTTGAAACCCCCACCGCTCACTATTGTTCGGATGAGGGAGAAATCCACCACCCGTGTTTGCTAAATTTTCAGTCCCGACGCGGCGGTCTGGCAAAAAAACAGCCGTCCATCAAAGTAGCCTATCACGAGTTTTGCGAGAGGGTCTGGTCGATCAAACTAGACTTAATATGCTCAAATACTACGGATGTCCTCAACATGGGTTGAGTACTGTGACGCCATTCGGACGGTGTTTGTACAACTCCCACCACTAGTGTCCAAAGTACCAAGAGAACAGGATGCGCTAAGCGTCGGTCGTAGCTAAGCATGACCTCCTACCCATAGACGTTTCGTGTATCCGCGTAGATGGCAAATACGCTGTCCCGATGCCCACGGTTACAGAGCGGCCTACGCCGACTAAGGTCTGTATTCCTGGACAGGCTCGCTGCAATCCACGTCAAACACAACTGGGGTCCACGATTGCTAGATTTAAAGTCGAGAATGAGTCCACACCCCAATTCCAGAAGGACTCCACCCCTTGCTAAGATTCATGTTTGTGACAATCACCACTTCTCAACTGTGTGCGCGCTGACACCAAGGAAGGCATTCAGCCTGTTCTCCTCCATCGATGAAGCATCGCCTTCCCCAGCACTGTACTGCCTGGTCAAGCTATGTTCAGTCTAAAATCGCGGATCCAGAAACTGACCGTGACCTATTCGCGAGCCGTTTACTATTTCAGCTTGACTACAGATAATGCAGTGAAGAGGCTAGACAGTGACTAGGTTGTTGCCTTCAAGTTGTACGGCTCGCATACAAGTTTCGCAGAAACGCTCAGAGGTAGATCAAGCTAAGTGCGAGTCCCGCGGATCCGACCGACGACATGGTCTCGTAATAGAACATAGTTGAATGTTCGGTAACTAAGCCGAGCTAGCCCGTACAAAATGCGACTCCTCCGTCCAACCTACGCCCACCGGGTGGCTCTCCGTCTAATATATTGTTATGGTCGTCCTCCCCACCCCGTGGCGGTAATTTTTCTAATCGATACTAGAAAAACACAGCCTGCCGTCTATTAAAAAAACTGTTATCAAACGCTCACCGGCGATGCCCCACGAGGTACTTGCAGTAGGTAAGGCGATATGTGGGGCGGAAGGAGCTCTATCTCGCGGACCAGGGGCCGGTACATGAAGACGCGGTGCGTTTGACTGATGACTAAACTAAGAGATCAGTACGCCCGAGCAAGAACTATTATTGGGCTTGGGTGAACGTTAGAACTCAGCAAAGTCGGCGTACATGGGCCACCCTTCCAGAGGCAACGAACGGGTGAGCTATAAAATATGTAAGACTTGAACCATTCAGGCATCAGTCGTAATCGGGCGTCTTTCGCTGTATAACTACAGCGCACACACTCAACTTCTACATGCGTGGTATATCGCCATACGTCCCGTTGAATCCGCCCCCGACCTGGTTTCTAATTGCGCATACCGGGGTTTCTCTGCGCAGATCTGTCATAATCAGTGACAGAGCACTTCATATGAGCTAGGGACACGTCCTCAGCAAGCGTTAGCCCCGCCGAACCTACAGACGAAGACCCAGCGTGGGCTGGGAGTCCCTCTAACCTCGCTTGCGTCTCGGCTCGTGAAAGTCGGCATTTAACCGACCTAGCGT,1732,51.5,Saccharomyces cerevisiae
SEQ_295530,GTACTCCCTAGCAACAAGGCACGGTCACGGTGGGTGACTAATGGCCAGCGCTTTTTACCCAATTGGCAGTGAAGACGCGCGTCGTCTTAAGAGACCAGATACTTAGTGTAATGCAATTGCACCTAACCGCCCACTTCCTGATGCATAGCGATTCTACAGTTCTTTTATCCGCAAAATGAAAGAAACGAAATTTAACAGTCTAGCCTCAGAGGCTTACTGTTCACCATCTCTTAAATGGCGGTTTTAGTGACTAAGAGTTCCCTATAATACACTTCATCTGTCCATAGACGGGCGTTTTTGGAACCACCTGCGTTTCGGGTTCTACCGTGAAGTGCTTTGGTCATAAAATCCAGGTCATGACTGGCTTCCCTTCGATTCCACGGGGTATGCTATCTAGTGTAGATAGCCGCCCCTCTGCGTTTGACTCGGCACACCCATATGGCGCTCTGTCTCGAACGGAGCACGTCCCCCGGTAGCCGGACCGGGTTCCTACATGTCCACTTTAACTATAGGAAGCATGGCATTTTCTGAAGACCTCTTGCAGTAAGTCCACACAGCGTCCGCTTGTCGGCTGGCAGAATGAGCGCTGAGTAACGTTTGAGCACAGTTCTTATCTTCTTTTACTACGGCGTATGACGCGACGTGTATAAAGCTATGACTACTAGACCCGCGAGCTTAAGATGACTATTACAAAACTCCACACCGCCTACACGAACGATTTTAAACAAGTGGCATGGTGGTGGAAGCTGTCTTGTAGCTGTAACAACACTTGTCCCCGGGAGGGGTAGATGCGTGTTTCAAGACTAGGGCGGTAAGAGGCAACTCGTGTTCGGCTGCCCAATTACGAGTGTCCACATGGAGCATGGTAACCTATTAAGGCAAAGGTTCGCCCCGTTGCGTCTTAGTGTTCAGGCTGCGCAATGGGCCGAGATCTGAATCCTCTGGTCGGGGAAAACCTCTCTCGTCTGCTACCTCAACCACAGCGTCTGCAATACGGCTGGTATGCTAACTTATACCATAGACTTAGCAAGACTCATACAGTATATAACCGAACGCACAAAAGCGTGTTCCGATGGACAGCAATTCTAGGTAAATGCGAACGTCTAGGAGCTCATGCGCCTGGCCGCACCTATGTATAAACCGGCTTTCAAGTATTGATGACTCTAGCATGTTGTTAGCTACGAGGTTGAAAATAGTTTTCAGCATGAGCACGGTTTACTTGTCAAGCTTGGACACGTGCTGAGAGACTACTACACTGTTTACGTGGAGACAGACGCCTATAACTGGTACACTCCTGGCGTAGTTGTGGGAACCAGGTTAAATGTATGCAAAGATATTTTATTAAGAAATCGCACTAAGGGACTGCGTGCTTCCTCTCAAGCATAGCACGCGGGACAAGACTAAAAGTGGTCGGTTCTTAAATATCTCCTCTTCGCATGGCATAGTCCGCAGGCCGACCTCCCCATGGCGCCGGTACAAACCACTTCGCACGAGGGCGATGAAGGATGTACTATCCGTAAGATTTTGCGCCACGTATGCAGTGCACGAGATCCTATTCTTTCTGAACATGGCGTTCACCGTGGGCCGAGTCGAGGAACGAGGCCCGCACGGTGAGGCAAAAATCGACCTGCCCTGCCCAATCCGTTGTCACACGGGGTCGTGTCCATAAGGTGGCATAGCTCAAGGCTACGTGGCGTCCCCGTATCCTCTAGGGATCCATGCCAATTACAAAGTTAGTCGCAACACATGCGCCATTTCCTTGGCATCGTGCATAGATCTCTTGGTGGACTCTATGCGGAGCATTGTTTCCAATAGGGCAAGTGTATTCGACCATTGCTTGCTACCGCAGACACTATGCATCAGTACGTGCGCCAAACAGACCCCCGGGCGGAAATTCGGGTTCTTACCTGTTTAAGACGAGCGATTTCAAGATATGAATGAGAATCATATGCATCCATTTACCCATTGCTG,1971,49.57,Drosophila melanogaster
SEQ_543900,GACCACTAAAATAGGATCCGGACTGTTCACAACCAGGATCTTTTGACTTTCCACTGCTCGCCGGCTCAGTCAGACCACAAAGCGACACGCGTCCGACGAACACCATAAGGGACTCCACACACGAAGTCGAGAAGGAGCTGTAGTGTGCAGGCAGCAAGACGTTTTGCATCGTACGGTTTGCATGCCCTACTGAACCCGATGCTCTCATTTACAACTTTCGGAGACTGGGGACCGCTATTTCGATATTCTTCCACCGTGCATCATCGCGAATTTATCGAAAACCCGCAAGTGGGAATGTTTGATGCCCACGCGACGTGATCAACGCACATTCGCACCCGGATTCCGGAATTGGAGCCAGAGTACGTCTCGGTCGACCCACTTAAGAACGCGGATCTGGATTACAGTCTCTGATAATTGGGTCGGTTGATAACAGCGAAATATAGAACTATGGTTTCATGGCAGATTATGGCCCTCCCATTCGTGTACCAAGACTTTTGGGGTGATTGTTGGCGAGCGCACAAGAATGAGGTCAAAGAGCTTGAAGTTCTAGAGATAATCAAGTACAAAACCAAAGCACAATTGGTATCGAGGGCCACTTACAAGACTACCGCATATTGTATCTTCTGCATTAGTGGTATTTGTTACAAGGGCATAACACATACTTCGATGTAACTGTATCACATCCTACCATATGGAGTGACTGCTTTTATGCAGTGCGACATGGCGAGAGCGAGTTCGAACGGGATGCGAGCGGCAGCTCGTTCGACCAATGCTGGGGCGTGTAGCTTTCACAACAACAGCAAGCCAAATGTAGGCAGTCACACACCTTGTCTGGGATCGACTGCTAGGTGAACAAGATACTCCCCCTTGGATCAGATCAACGTTCGAGAGATCCGCAAATGAGTCGCCTATAGCCGGTGAATATCATAACGTAGTGCCCCCTAACGAGACCAAATGTGTGTCTATAACAGATGACGGTTATTACAATGCTGCGGACCTATCTGAACGTTTGGAGAACGGAATCGATCGCCTATTCACGGCTCGAGGCCAGTAGTCGCCGAGGATTCTGCAGTCACGAGCTCTTGGGGTAACTCGAGTTGTGTCTCAGTGAATCACCCACGTGGTGCCTACAGGACGCGCGCGATCCGAACTATAGTCCCATGATTTCCTGAAGGTATGGGTGGAAGTCTCCTGAGGTTTGCGTTAGGCGAATGCGATTCAGTCCCAACGGGCACAAGCCTCACTATGTGCTCCTTTCTTCTACGGTGGTTAGTAGTTGAGGTTTGACCTGTTTGCCTGGTCACTCTATCCGCCGGAGTTAAACACCAGGATCGAAGGGACTCTTCCGGCTCATCCCATAACT,1363,49.89,Homo sapiens
SEQ_561341,TTTGACTTTTAACCCGAAAATCTTATGTAGCGACAGTTACCGTCCGAGCCCTGCGGGGACACCACTGAGTCGTCCAATATTAAGTGTGTGTACGATATGCCCATGCCTAGGAGATTGCGCCGCGTGGAGCTCAAATCTTTATCCAACTAAAAACCCCATGCCGGCCAAGAATAGCTGGCTTGTTGACGATACCGGTTTTCGAGCTAACATCTGGCTAAACCTGGATACTCGCACGTCTCTCTACGGCGTCGAAAGATCTGTGGGGTTCTCACTTCGGGCCGACGCAGCAGCGCGTGGCAGGTTAATCTCCCATGGTACTTGAGATCTTGGAAGCCGGACGGGTTAATGTTCATCCATTGCTATGTTACCCACGAAGGAGGGCGCCGTACCTGTGCTCCGTAAGCTGCGGCTGGGGGGGACGCATATTTTACAATTACCGAGTTCTGGTGCGATGAGGACCGCTCGATTAAGCGAGTACTATCTCGGCTGCCGGACACGCCAATCGATTCGACCATTTTTGTCAATCAGTGACCGTTTATCATTGACTCATTGTGGTTTAAGTTCGGAGGTTTTATGGCAGTTTGCGCGAGACGACTCAGTAATTATACCTTACACGACAAAGAGCCAAATCCTGCGACAACGCGCTGGAGCCCCCAAATCAATTAGCGAGTACATCTATCTCCTGTAACCTGGGCCCGAGAACTGGTGAAAGGAACCAGATTTTCTTCGCAATATCTCTTGACACTCAAGCTATCGCCGGGAGTAGGCACTCAAGGCTGATCACGGAGGGTTTCAGAATGCCTACCGCTTTGAAGGACGACAATTCTTGATTTTGATGCGAATCCGGACGGGTATCCGGGATTCTTCGATTATTATTGCAGTGACTTTCTTGCGTACGTTGAGGTTCTTGTTAGTGCATTACATCACTGTCTACCGTATACAGCGAACAGTCGTGGATACCCACCATGTCCTCAGTGGAAGATCGAGGCCAGTTTCAATATTCAGCAAGACGGAAATCAACACAAGTCCCTCCAAGTGACGGGCAACAGCTCTAGCACAGACGTAGACCGCCAAGTAACTGCACGCGATAACAAGATAGATTGGCTAAGCATGACTGCTCTACATGTGACTAGAGTTGTAGCAAACGAGAAACATTTTACAGGGGCGCTAACAACGCCGATTTTCTACACGCTCCCTGACAGGACGAATTCCGGCCTAGTCCTATTACCACGCATTTAACAATCAAGAACAACTGGTCAACGCCTTATGAGATCACTCTTTACTTACAATTTCAAGCTTTACTGCCACGCAGGCGGTGGAATCACTAATACCGGAATCTAGATCGTTCCGAAGGCATTAGTCCGAGTGTGCTACCGAAGTCGAACTGTAACGCTGATCGAGGGAAAAAATGGCGCCTCCTGGTGAGATTTCTTGAAATATGTTCCCACCGCATTCATCCCCGCTCCTCTTATGGGTTCCCTGACTGCTAGTTTTCGCAGCCGCCAGGGCTTAAAAAACGTTCCTCATCCGATCAGTCCCTACTGGCTTTACCACTCGTTAATCTGTTCGAAACCTAGCCACAACGATTGGCCGGTTTTTGTGACTTACCGATACTAGCTACGAAATAGTCGATACCGTTAGACCTTGGAATAAACAATAATCC,1663,48.77,Drosophila melanogaster
SEQ_533820,ATACTCCGACTGGCAGTTCATTGAATGCGAAGGTAGACTGTGGCGCGAAGCAAGCAGCTCGGGACCAGGTCCTCTACGACTATGTATTTCCTCAAGGCCCAAGCGGGCCATCTTCGATCGTGCTCGATTTTTCTGTAGAGCTCAAAAAGTCTTGAACCGACCACCTGAGCCTGAAACGGAACGAGGGGCAGCATCGGCGCCGCTTTATCAGGCCTGCTTTAGGAGGCATTACCATTGCTCAGAATCTATTATAAAGCCTCTCGAAGCCTCCTTTAGACGAGGAAGGTGTGTGAAATAACGTCAATGCCGGTATATCCAGTGGGGTACTCTCGACGGCTAGTGTACGTAAGGGATCGGCCAGTACAATTTTCCAGACCATAGGGTCCGCACAAGTCGCCAAGTTGAGCCGACGCGGGCATTCGGACCAGTGTCTCTACGCTGGGCAAAGACATTGACCGATTTTTGGACTCTCTGGTGTTGGAGGCTCCATGGTCAACTGTATTCGCCCTTCGAACAGTCGGACTGAAACCGCACTCTAGTTGGTTTATGTCACCATGCAGATCGGTCCATAATTCTCTATAGCCATACTTGATGCCTATAACACCCCTCTCCACAGTTGTAAAGCTTACCGCAGCCTCTAAGGATATGCGCAGACTGTGAAGCACACGCGCTGAGGAGTGGATATAGGCCCGCACCTGTGGTCTTCCGAGATGCGCACGACCGTCTGTTGAGTCTAACTAAGTTCGTCAAAAGTGTCGGCACAGTCATGTCGGATTGATCCCGGGACGATCAACAATCCCAACTAACAACTGGAAGAACCACGAACGACTTTAGATCCGTTCGATGGGTACAATTAAGAATAAACATCCGTCATACCTAGCTGGCATTGGACACAGATACGGAATCGTTATTTGCAGGGGTCAGAGACAACGCTGTAAAAAGCCGGTGATGGTACACATCCGACTCTTGCGGCAGAAGGCCAGCTACCTGGTGACCTGTATGTGTCAGGGCCGAAGGGAAATTCCCAGGCACGCGGTCGCCCAAAATTGCATAGGATGCTTCGCGGGCAGCTCCTTAAACATGAGGGTTACCGGTACGTTAGGCCCAGTGCATGACAATAACCGCAACATGCGATGCACCTTATAAGTTTCTGGAATCAGCGTTTCTGTTGAAGTTCTATCAGCTATGCGTAGTAGACTCCAGGAAGCGTAGAAATTGCACTGGGCGCGCCCCCCACCACAGTGCGACCGTAGATTTATTCAGTGGTCGGGGGATCAGAGAGGGGAACTAGCCCTTCACATCTCCCAATACCCTAAAGATAGAGGCCGCCGTGCCTCAACGCCTACTCACCTTCCTTACAGATTTCGTGACCTTCGGAGGGATTTCCTGAGACTTCCAGCCCCGGCTCCGGCTCGCAACGAGGCCGTGGTGCATTAAATAACCCAAATTACTCGAGGGTGCGTTCTGGCGAATCGCAGACATAGCTAACT,1490,51.81,Drosophila melanogaster
SEQ_402011,GCTTTGATTATTGGTGGCATCATGTTAGCTGCATCAACGTGGCCTTCGTGGGTCCTCTCAAGAACTTGTTTCTGTGGCCAGGGCACTATGTGACGTTACCGGCTCAAACGCCTCCACCGTGCGCTCCCGCTACCTTCAATACCAGATGAAAGAAAACTCCTGCAACCCGCCCACGTTACTTTGATTAGCGCTTCCGGTGTAATTGCGAAGCTTGCCTAGTGTTCTACCTAACGAGTGAAATGGGATGCATCGGATTCCTCCAAAAGATTTTTCGAAAATATTGTCCATTGCCAATAACGGGCCGCCATCCAGGTGTAACTAGCGCACTTCTCAAAGACTCAATGGGCGGCGTCAGATGGTCATGATTATCACTAGCACTTAATCGCCACGTCGCTATTCCCGTTCCTGCGGGCCTTTGGTTTTTGCATTTGGGGTTGATACTTTTCCGTAGGTCTTGGCAGGCGTATAGGTCTGACCGCAATAGTCGGTGCACGCTTGATGTGCACCATATTCGTACCATAAGTACGTTAGTTTGGATTCAGCATAGGCCCCTACGCCGATATCTCAGCGTGTCCCGCAGTGAGTCCCCATCCTGTCCGTATTCTAAAAATCTGTTTTCGACCTACCTCCCGCGCAGCTTGTTGCGCCCCGGTTCCATAGATTAGATCATCCCCTCGCCGGAGATAAAACTCGCGCGGTCAAACAGCAGTTAAACATCTAAACCCGATCCGAATCTACGCCACTTATAGCTATGAGGTTGCGCAGCCCACCGGACCCGGCTGCCCATGAATTGCTACCAGGTGTAAACCTCGTTTTGCCGCGACGTACGATTGCGATGCACACCCACTAGCAGGGTACGGGTCACTCCCTCACAGGAGGCCGCTCCCAAGTTGCGGCGGCCGATTACTCCTGTACGTTGGGCTGCCTGGGAGCTCGGACTAATTGACAGGGGGGTAAGACTCTTTACACCATGGTACGAAGAACTCCTGCTGGACGAAGTTTAGTGTCTAGACGTGAAGACGTAGGGAGTACGCCTCCTTGAGGTGAGCTTCCTAATCAAGCCATGGAATTCTCGGCCCGCACAACTGCACATCTAGCTACGACTATGCTTGAGTTGCGTGCGTTACGACCGTCTCGGTAGTACCAAAGGCAAGTATCGCAATATTTAGGCGCA,1174,52.04,Drosophila melanogaster
SEQ_834677,TTCCAACCCAGGATGGGAGCATTTCGGGTCATGGATATCGGGGCTTCTTGGTTGTATTCCACCATGAGGTCAGTTCGCAGTTAAAGCAGTCATGTACTAGGACGATAAGTTCATATCGGTACTACCCGGGTTGCCTGCGTCTTACGTAGACCCTCCAATCCTCATGGGCTCCTGGGTATCCATGGTAGAAAATAATATTTCTGCTACCGCTCAACGATGATAGGTTCGGTAAACTTTGGTGGCGCAGACAAGTACATTTCGGACCAGTGAAACTCCCTCTAACATTGATTCTTCAAGCTGACGTGTACTCTCGGTGGTGGGGATATCAGGCCAGACGAGCAGAGACGGATCGATCTCTGGCCGTACCGCGGGATTATTTTAAGTGCCAAATCTTGGAGTATAGTAAGAATCATCTCAAACGAAAGGCACCCCTTTGGTTACGTGGACGACGATTACAGGTCCAGTGACGCCTAATTATTCCCAGGATTCTAGCCCCGGCTAGGTTCCCTAGTTAGACCGTGGCCCCTTTCCGCGCGTATTTTTATTATCCCCTGCACCGTGACACACATCATTGGCCAGCACACAGTTTCTGCAGAGACTAGATGTAGATGCCGCGCTGAGGCTTCGTAATGACCATTGTGGGGAAAATGAAGAGACTCCGAATGCAACGGTGCCAACATGGTTTGAGTGAGTGCATTACCATACTAATCCACGAAAAGCGCGGATCCCTGGGCTATTTTCTATAAGCAGGGTCCTTTTCTACCGCTTAAAATCAGGTCGAATGCTTCTCCCCGTGGGCCCTGGTTAAGAAACCAGTGAACGGTTCAGCATAGTCCTTGCCAACGTACATGTCAGGGGCAATGTCCTACCAACGTTTGAGTCGTCGCGTGCTGCGAGTATTCGCTTTCAGTTACTGAGGGACTCTGTCTTTATTGAAATGGATCTCATCGGCGCTCGGTGCTGCCACGAATCAGGTGCTCAAACGGCACGATATGATAACTTCGTCGGTCGAGTCGCCTTTCGTCTTCGGTCACGCACCTAAAGCAATGTAAATATCAACTGAGGGTAACAGAGTGTCAGCCTGACCGTCAAAGATGGGCCGAGTCATCTTAGAATCAATGACCTTCTCATACTTTATTCAGACGGCGGATGGGTATATTTTTACCCTCTCATTGCAACATATGGCTGTTATTTTGTTAGGTAAGACAAGTGCTCGAGGGCGGTATATATTTCTATCTCTCAATCGGACCGGAGTTAGACCAGACTGTGCTGTAGCCAATCCTTGTCCTAGTACGAATCGCCCCTGGCGAGTACCTAGGGGGTAGGCCCTGTTTTGTAGGAGATTAGAATTTAAGCGTAACTAAAGGAGTATCAGAAAACTAACCTGCCGATGCAAAGGAGTAGAGCAAGTCTGCCACGTACCCGATACGTGTTCTTCGGACCTCTCAAGAGTGATCGCTCAAGGGCATTACTGCGTATATGTGTATACACAGCTGTTCGTCAACGTCCTTTAACTGGTCGGAGGAAGGGAAGCATTAGTGAGTATGCGATAAGCACAGCTATACTACCGGTCAACGCTAGGAGTTCGCTACCATACCATATTCCATGTCGAAAAAACGGTAATTGCCTCGTGGTCGGGAGCGCTAAATGCTTGTCCATATTGCTTGTTCCCGGTCGTGAAACATGCACTGGCTAA,1696,48.58,Arabidopsis thaliana
SEQ_825867,CTCATTGTGTGCACCTCCAGCTTGAAAATATTGCCGTGGGCTATGGGGAGATCACTGGCCGAAGTGCTGGGATCATAGATCCACCATTGATCCGGCATTTTGGAGCGGAGATATTGCACTTTACCCAGAACTCTAGAGTTATTTCCGCCGAGATTTTGCCATGGACTGAAAAACCATAGAAAGGGCGTGTCGTTTCCCGGATAACCAAGCTGGGCTATTACTCCCATCAACCCGTTAAATAGAATGCCAGGAAGGCCCTCCGCTCATTAGGCGCCTTGCCTGGTAGATCTTCTACGAGAAATGGTTGATATTGGAGTCAATCCCCTCTGATTTAGCTCATAGTCCCATACACTGTCATAATAAGGTTGTACAAGCTCTTAACTCGTGCACCTGTTTAGCCGCCCTCACCCCTACGAGCTAGTGCTGATGCTAATTTGTGATTCGTTGATAATGACTGGTGACTTCCGATAGACCGCAAAACCCTAGGGGCATCAAGAGGAAATGTTCCCCAGCGGGGAGCCCTGGGTATCAATCCACGGCGGTTATGGAGGTTACCATTCCACATATCTTGTACTAGCCGCTTGCAGGTACCCGTAGCTGGTATAGTCCTTTGGCCGCGCAGCAGAGTGAAACGGAGGACGCGTAGTGTGTGAGCCTCCTCATCAGCCATCCTGGTCAATAGCTTACTCTAGTTCCGCGACAGTGCAGTGAAAATCAACGAGTGCTGACCTTGTGCTTTCCAGAGCCAGGCCAGACCTTGTAGATCGGCTTCAGCTTCCAATGTTGTTGAAAATGTAGGAATGCAATTTCTTCGTACCAGGCAGGGCGTGCAGTCTGTATCACTGCATTGGCTCCAAACTACCGACGGATCCCTATTTGGAGTTTGAAGGAGTCGGTATCTATCCCCCGCTGAACGGGGTTCGGTACATATCCAATGCGCTAGTAGTAGATGACATAGTCCAAACTGGATAGTTGTTCGTACCATTCCGAGGTGTTTTTGCTTAAACGGAAGACCGTGGTGACTTGTCTCGCACTGCGGTAATTATTGGACGTGATGTTCACCACACCTGACTTCAGCCATGATGTCTCTATCGCTCATTAATCGTGAAATATGCTGGTCCTTCGGTTTGAGAGCACGGGCATTTCTTTACAATAAAGTGGGGCCTACATGCTCGTTGACGGCTGGGCGCGGTACTTCAGCATCAAGGGAAATGACACTGCGAACAATAACGCTTGTACCGGGAGGTTCAAATAAGCCAGATCTATACGGGCTAAGAATTTGTGATCTCTCAGCCTCGTGACCGGCAGTCTATATCTAAAGAACCCGCGCGAGGATGTCATTTCCGCTCAGCGTGTAAACATTGCGCTATAGGAGTGTAAGCTAAAATATTGATTCGGCGAAACGCCGTGAATACGGAGTACTTTCCTGTACTGAGGGGCGTGGTATTTCCCCCTGAGACACTCCCTTGACGGTGGTTCTCCGGATTGTGTAATATTAGGAGTTGTGGTCGAGCGCCATCAGCAGATA,1528,49.35,Mus musculus
SEQ_773489,GCGATTGCATCATCGGGGACTAAATCTAATCTCTGGCAATCATCAATTCATGGGTAACATGGCCAGATACCCTGCCGATTTCCTTATTACGGAGCTGCGGTTCAAGATTTCCTACGCGCACCTCGGAGTAACCCTAGTCACGCTGCGGAGTAACAATGCGCAGCACGACGAACGTTTATAAGGAGGTGACGCGGCGGCTGAAATACCCAGGCAACTGAATGTGCACATACGTGATAAGATATACCCCCCGAACAACCAATACCAAGATCCTGTGATCCGCCAAGAAGTAATATACCGATGAAAGGCGTCAGTGCAATCTATGCACCACCCCTTTGAGGTACATCTACGATCTGGAATGTGCCCACCCCCTTCTCGAGTTAGGGTGTGTCAAAAATTTGCCTCGGACGGGCACACTCATCGGAGAGGAGCCGGCACAAGAGGCCTGTGTCACCATGACCGTTTAGCCACCTGTACTGTTGCATTTGATATCAATACGATTTAACCACTTGGACGGTGTATATACCCATC,528,49.81,Drosophila melanogaster
SEQ_879232,ACAGAGCTGTGCACGTCTCTAATACGCGACCGATCCAACGCGAGCGACGCATGGCGTTTGACCCTGATCACGGCACGTGCGCTTTTTTGATAACTCCATCACCGTACAACCCAAGTAATGGGAAAGAATTATGGCCGTCACACGCACGCCCTTCGATTTGCCTCGTGACTGCACGGGGTACGAACCGGTTTCGCAGCCACCTGAACGAAAGGACTTCTGCCTGTCGAAGGATCATCGTCAGTCGATTCCCCGTCTGCAATTTGAATACTACAGGATTTAGTTGCGGCTACACGCCTGAGTCAATTTACGCCCACTGGAACCCGCATTTTTCACCTTCGGAAGCTGCTCCATTACCTAGGTCTCCAGGACCAAGAGCTGTATTGAGCGAGTAGGAACCGCAGCGACGAGGCACGGTGATTCACTCGTTCCCGCGGTGGGCAAGAGATATATTTAAAGATACTATATCCCGGTATCAAATTGGCTACCGTAATAGTTGTACGCCATA,505,51.68,Saccharomyces cerevisiae
SEQ_914536,TCCTTAAAATGATTAAAAGTAAGACTCGCCCGCAACCCGCGCAGAAGTTTCCCAATCGAAATGAATTTAAGGAATTTCCCGCTCTATTAACACTGCCTAACCCTTGGTGCGAATTACTAACGAAAACTAGGGCCCAATGACCTAGCTGTATTGCGAGTTAGGGCTTTATGGTGGACTACGCCCGTGGGTACGACGAAGAGTCTAACACCTAGTTTAATCTATCTAATCAGCTGCAGCAAGAAGACTCTCAGAAGCCCTACATTGGAGCTTTAATATACCCTTGCACGGGACACAAATTAAGAAAGCCAGGAGGACGGTAGGACCCTGTCAACATGTACTACCATGATCTCTTGCAACTGTGCTTCGTCCATGAGGGGAGTAATCGTTACTCGCTGGTCAGTTCCTCGTTACATGTGAGCATTTGATAAGTGTCATTGATGGCATAGGTAGCCTAGAGGATAGACGATTCCATAAAGCCCCATTCGGTCAAGATCTTTGGCATCGTTGGAATAGGACTATCTGCGTGGACATGTGGGACGCCAAGAGACATGCCAGTTCATGAGTCCTGTTTAGTTGTGTAACACTCTAATAGGAAGGACTCGTGTTACCTAGGCTCGTGATGGAGATGGAAATAGACGAGGGGCTAGGGGACGACAAGCCGCCCATAGGTTAGCAGTGTGGAAGCACGCCGGAGATGCTGCTAACGTCCCTTACTTCGCACATAATCCAACAAGGAGCTATGAGCTTACCTGTAGGAGTTGCTCGTGAGTGACCCAGCGAATAGAGCAGTTTCCCGCGCTACACAGCTTACTATCCTAAGCGCATGCACCGGTTCGCCGCGGCCTTCAATTCATCGCCGAGAAGATTGCATTCTGCCGCTAGTAAGAGTACACTACTTCGACGACGCTTGAGGTTGAAAGGGACGCAATACCTCTGATAAGTTGCTGGTCCAGCTGAGGGTTAGGCAGTTATACTACTTCCTTGGTCTCTATGGTCTAAATCAATTGCCCCGGATCCTGCTTGTGCCGTTACCGTTGTCCCCATTGCCTCACCCCGCTGATACCCACGGTCAATTAAGCCCCATCACCTTGATAGATACGGAACCCAAGAAGATTCTACAGCCACTCAAGTGTAATGAACTCCTAGCTCTGTTCGGGCTGCGGGCTAGTAACTCGGATCGGATCTGCCACGTATCACCTTCGCGCAGATTCTGGCCCCAGGCGTCACAA,1229,49.47,Saccharomyces cerevisiae
SEQ_398262,CATCGACGAAGTGTTCATCAAATTCCCTCAAGAATAGGCTGGCGTCAGCGCTTAGATCGATAGCCGAATTTTATCCTGTCAATAGCGAGGTTCTTAAGCAGGTATTATGAACGAACGTTTGTAGATTGTCCCATGTAGGTGTGATCGGGGCCAAGCCAGTTTGACGAATCATTGTTAAAATTCCTTTCATGTTTCGCGTATTGCGAGACAATACGTAATGTAGGTTCATGAAATGTGTGGTAGCTTTGTTTCGATAGCTTCGTTCATTTGTGTACTTTCCCAGAGTTATAAGGTCGGTAACCCGCTAGGATGCGGAGATCGAGAGCTAAATAAAGTCAATGCGAATCCGCGAGGACTGTCCCCGGTGAAGAGCTCCCGTGCACTATTGACCGTGGAGTGATCAAAGCTTTCATCTTAAATTTCTTTTAAGATCTGAATCTAACAGCGAGCTATGTGGGCATACAACCCGATATACCTCTCTCACAGAAAGTCGAGAAAATGAAAAGTGTAGCATACGTCCTGCTACCAATGCTGGGTCATGTGAGTTGGATTGCGAGACAGCGGCATGTCGATCCCTGCACTGAACCGCTTTGGGGTATATTTCTGAAGGTATTACATCACTTATTTATTCAGTAACGGTACTTAAACGAGGGTGATACATTCTGTGCCGCGGCATCGACAAATCT,686,44.46,Saccharomyces cerevisiae
SEQ_958555,AGGGCATGATCGTTGGAGTCATGACGATCGCGATTGGCAGCATCCCCACGCAGTTAAGCCTATTCTTGCCCCAATAAATTGCGGAATAATGCGACCCTCATACATAAGCGAGGTCCTACAGCTGGATACGAGGCCACGTCCGCCTGCTGAGGCGGCAGCCGCACAGGGAAGAACGAGCTGCTGTCAGTTTGGGCGGGTAGGTGTCAAGTCGGTACTGACCATGGGCAAGTAAGACAATAAGAGGAGTTCAGACTGGCAGGTCACGTCGGTACAGAAACCTCGTATGAGGATATTGTTTATCACGAGGGTTTCACTCCTCTTGTGTAGGAGTCTCATGGTAGGGGCGTCAGCTAAAGCAATCCAAAGCATCGCGAAACTCCAATCGGTACGTATGAAGTATTTAAAATATGATGTGGGAAGATTTCTTTCGGCGTGCATTCATAAACCGTCTCATAGGAACAAGGTGTGATGACCGATTTCCCCGCGAGGAGATCCGGTTATATCGCAGATGATTCTTTTCGGACCCGCAAAGCGCAGCAAGAGACCTCGCCACGCGTGGACGGGGTTTAGTGGCCTCAAGACGATGGAATGAGATTTGCCCCGGGGCCGGCCGCCAGCTAGTCCAATGAAAGCACGGCGATGGTGTCAATCGCGATAGAATAACTGTTCGCCGCAGTTTTGTGGCAGCCTAGTCTAAGCCATTGGGGGCTCAACTGCAAAGATAAAGGAGTGTAACAGAGCTACACCCGGTTTCTAACCCAATTTGACCGGTATTTGCCTCCTAGCTCCCGGGTAATTCTTATTGCGTGCTACTCGAATAGTTTTGATTTATCGTATGCCGGGGCCATGCGTGGGCGGACCCCCAAGCTCTGACTGTGCATGGATTCCAGGATAGGCTTACTGGAGGGATATATCACCCAACCACCTAGAAGTATGTGGACTACGTGACGGATACTCAAGACCTGTTCATCACTGCCAAATTCCTCTCGGAAAGTTCCTGGCTAGCGCTTTGATGAACAAAACCTTTATCGACAAGGGTGAGTCAAGTATGCCAGCGGAGGTCAGAGAACAATTGGCCGATCTTAAGTCATGGCACAGAATCATTACTCTTGGAACGTTTCGTGAATGTCTTGGTATCCA,1140,50.61,Saccharomyces cerevisiae
SEQ_351634,CTCGTGACTCGCAAGGGTCTGACCCCTTGCTCTAAGGAATGACAATCCCTACCGGAACGCTGAACGACCCCCCCTCTCATTAACTAAGGTACTCCTCTCTTGCGGAAGTGGT,112,54.46,Drosophila melanogaster
SEQ_310107,AAGGCAACCCAGTAGGTCATCGGGTTTCAAGAGATTGCGTTGGGCGCCAGGCTAGGTGCATTGATCGTCGATAGGCACCGTTGCTCTTACGCACGCTTGATTGTTAGGTGCAGCTTGCGTCTTAGAACAAGATCGCGGTTAAGAGGACAAGGATATGAGGAATTGGTTTTTGCCGAGCTACGGGAGACGCCGTCTGGACGTTAAATGATATGCTCATGTCGGTGATCGAATTTCTTATTAGAGATGCGCTATCGGTGCCCCTTGATGTATTCGACAGCATCCCTTAAGCTAATGGCTGCTGAGTGCTACTTTGTTCCAGCTGTGATTTTCTGTGCTGTTATGCTATTAACCCCTTGGAGGGGTCATTATAGCCGTAACGGGGTGAAATCAGGCCACGCTGTGCGCCCAGTCCCTACACACGCATCACGTGGCATCTTTTGGGTATCGCCCCACCAGGGGGATGCTTACGGGACCAACTTGTTGATATCACCAATCGAAGCGAACTCGCGGGACCATTTCGTCAGTGTAGGTTCACGTCGCTTCACTATTAACGATTACCAGACGAAAGACGGTATGCCCTTTAGATCTTGAATGTAACTCCAAATGAATAGAAAGCCGTGGCGACGAATTGCTATAATTCCTCGGCACGATAATTCTCCGACGGCACTAAAGTAAGCCAATCAGGGAAAGTCATCAGTCGTACTCGTTCGATGTTATAACTTTTTCGTGTGCGTATCCACCGGCGGACAGTCCAGTCCTACCTTCGTTTATTGAGAATA,779,48.91,Escherichia coli
SEQ_813211,CGGCCGCCATGTTAATTTCCCTGTCCCCTTTGAGACCGCATAATGGTCAAGCTCTTATGCCAGTCCAGCACCACTGGGAACAATACGTTACACGATTTAATGTTCGCAGTATGTTGACGAAGCGCATTCCATTCTATCCATCGGGGGGCCGTCA,154,50.65,Caenorhabditis elegans
SEQ_539242,AAAGTGAAGATATTTCCCCCACGACCTACGACTCACCCGCAGGTGCAACGCTGTTTTAACGGTATCGCAGGGACTCGCAATGAGACAAAGGATCAGCCTTATTCATTGGGTTTCCCCTCCGACAGGTAGGACCTTGCACATCTTAGAGGTAGCACCATGGAGATAAGTTCACCTACGGTGACGAGGCTCTGGCAATTGTATTATAGAACCTTCCCCAGATCTATCACGAACAACCTGTGTTCCTGCCCACACCGTCGCAACTTGCATTCAGTCCGTCCTAAAGAAGGCCCACCCAGTCAAACCGCGGACGTTGGTT,316,51.27,Arabidopsis thaliana
SEQ_611841,CAATTAAATCAGTATTGCGCATGCAAACTTGTACGAGGCCTCTCGGTCGAGATCACACACCGGTAACATGCTTAAGCCCTCGGAAGAAACACATGACCAAGTGGCGAGGCAGTCCAATCCGTTATTCGACATACTTCAAGGCTGTCACGCAAACTAATGTAGTCAACCCACCCTGTGTCTAGAAACCCACCACTACCAGCTCGGAATACATATCTTATCCTTACCTGCCAGGGCACCCTTGTTAGGCACGTATACCGACTACAACCACTCGCCCCTTCATTCCATTCGTATCGACTACTATGATTATGACCCTAACATGTTATAGACTATGCTGGACGCATCGCTGAAAGATATGTTTTCATAGACAACTCCACCACTCCTACCACATGGCGCTTGAGGAAAAGACTCAACAAATGAATCTTAGTCCTATCCCGCGCACCACAGATCCTATTCTATGGAGAACGCTCTACTGCATGCGGAGATTACATGTAAAGAAGCGTGAGGCGTGCTCCTAGAATCACCTCAGCGCCGCAAGTACGACAGGAACCTAGTGCACTGAATTTGTGTACATCGTCGGTAATAGACCTACAAGTACGGCCAATGCCACCATATCGTGTAGCACCCTACGGTATAGCGGATAAGCTACAGTTACATGGCGTAGCACCATTAGCCCCTACCACCAACGAATGCGTGATGGGCTCGGGGTGGACTAATCGGTCGTCTCCCCTTTCGGTCCCAGCGGTGGCAACTTCGTCTTTGAACACCTAACGGAAACTAACTAGCTCTAGTCGGGGAATCAGTCGCTTTACAAAAGCAAGGATAGGAGCGGACCCCAACTAACCTTACTGGCTAACTTTATTCTCTGAGAATGGTATGTCCGCTATTTCGACAACATAAACACAAGGTTGTACTAAACTTTCTGGAGGCGGGTGAGTCGGGTCAACTTGTGCCGCCTGTCCAAGGTCGCCCGAGCTAATTAACCCGAGCCGCGTATTATAGAGCTCAC,1006,49.01,Arabidopsis thaliana
SEQ_545337,ATTGTGGCCTCGATGTGCTAAGATCCACATCCATGAGGTTACATCGCATATTGGACGGTATCCATACGAAGGGTGTAACCACCATATCGCCGGACTTGCCCCAGGGGTATTGTCTGGGGCGCCACTCCGGTACGTCTTACATTGGAGACACAAGTAGTTAAATCTAATGCTGAGTGGATCAGCAGGAACGGCGCAGACGAGTGAAAGTCGGCCGTCGATGCCACTTCCCTTAGATCCAGATTTCGTGATGCGTGAACTTGCCCTAAGTGCGAACTCGGAATTAACGGCTCAAGACGATCTCCTATTTCGTGGTTTTGTTTCGACCTTGGAACTACTGTGTGAGGTACCAACGGCCCAGGTTTTAGTAAGAGTAATGCTTACGCTTAGTTAAGAGGCCGTTCACCAAAATCCGGCGTCCAGTGAGTGGCGTAGTGATCAGCGTCACAGCATGTATAATTATACGACAAACACCCAACGGTTAACCTGTAGAAATACCTTCGAAGAGCAGATGCCTTCGGACTTACGCCTTCTTCATAACATGTCAAACGCCAGTGTCAAGCTTGTGGGTCAGTTATCCCTAGTAGCTCCACTAACCTACTGTAACACACGCGGGCCGTCCTGTTGCAGGATGATATATTGCTTTTCCGCAAGACCTAAATGAGTAGCCGGCCACGGCATGAGAAGATCCATTTTGGGTTAGGATCTCGGTCCGTTGCATTAGCTATCCCATAGGCTTTGTCGGTCAGCGAGACTACAGTAGGACCAAGCTCTGGGCTGCCCATTTGCCTTTCATGGTAGTAAGGAGTAGTGCAGCTTAGTCCATGTGCAATTCGCCAGCGGCCGGTCTGAAGCCACTAGGGTTTCACGAACAGATCAGTCGCGGCCTTTCGAGGTGGTAACGCTACTCCCCGCGTTCTATGTACGAACGTAACAGTGGTGCCTTGTATATTCGCACACACTCGAAGTAGTGTCGAGACTGTGCAGAGCCTTGTTCTGAGCAAGTTAGGAAATCGCAAAAAGGCACACGCTAAGATTTTGCTGAAAGATATGTATGGAGGTAATCTGAATAAGACCGATGCTTCAAGGGCTGTAAAGCCTTCTTCGCAGCGGGTCTCAGGAGCTAAGTCAGGGGTTGGGCCGATACCCCTATACGGGGTCTAGAACGTAATAGGACACGGGCTCGGCAAAGCATTTTGTCCATAGGTGTCCTTACGGCTTTAAACGGTATATGTTGGTTACGTAGTCTGAAGGGAACACCTTGGGGCCGCGTACAGTAAGTCGAGTGGGCTTCTGCAGATGACAACCGGTCAGGAACCACCTCCTGACTGCGGCCCCTGTCCTCCGCACGTGAGGCGCTGCTAATGACTACGGTTCCCAAGTGAAGGTTAGGGTTTCCCGAACAAATTCGCTCCGAACTTTCTACAACCTGTGCAGGATGTTCTCGATGCATATGAGCCCGCTCTAGCGGCCTGTACTATGAAGCGTCCCGTTACTCCGTAGTATGCTAAAAATAAGCTGACTCGTAATTCTCGACAATGCCGTAGCGTCAGTGGGCC,1556,50.64,Homo sapiens
SEQ_589388,CACGTCCGCGGCTCGACTTGACACCGGATCTTTGGAGTACGCCTTCGCTGCGGCTGACACCTATGATAGGGCGCAGAAGATATGTTTACCAAAACTCGACCATGTAAGTGAATGTGTGGACCTGTAGTGTTAGCCTATGTCCAGCGTTTAACTCCTGGATTATCGCGGCTTCCGTTCTCACGCTACATGATTACACCTGCAGCTCGCCGATGTGCACGGATGCCTGCAGTTTTCCTCCTCTACCCCATGGAACCCTATCACGGCACCGGCAGGGTGATATGTAAGCGAGGAGAACCACAAGGGACCGCAACCCCCTGTCGCGGTGTTATGCCAAAGTTCAGTAAACTGTGATTTCTCTGCCCCGGCTCTTGGGTGCAGACTTCTCCAGAATTTTGAAGGTAGATGCGAACTTTCCTTACCTGCCAAGACCCGATCGTCACTGCGCTGGATACCGACAATACAAGATCTGAAACACTGGATACATGCGAGAGGATAGACTGATGGTAACGATCTATCATATACTTTTCTAGTATACCTTCGCCTGTTGAAGTCCCTAGCGTCGTCATCATGGCCTCAGAACCCAGCACTCATTGTGGATCATCACAAACTCGACCCCCAGCCAATGCCGAGCCGATGCTCGAATAGAGAAGAAATGGATCCGATTAGATGCCTTAGCGTGTAGCGAGAGGGTCCCAAGAGCACTTTGAAA,709,51.2,Arabidopsis thaliana
SEQ_292397,TGTTAAGATTGTACACCGGAGTGGTAACGACCATACCCAGTGGAAGGAACTCTGTTGATCGACGGGGTTTGAATGGTCGACCCCTACTGGTGCCTAGACCTCGCGACTCAGAGTCTACTCAGAATCACGTTGTCTAGCAGTACCAAGACCCGTTCTATGCGTGACATCGTGGCCACATTCTTGGGACCAGCGATCAAATCAGGTCAGCGGTCTTGATTTACGTGCTCCAAAATAGGTTTAGGGCATTACTTCTAAAGGATATATTATGACTAGTTGGCCCAGAGACTCCAGTGTTTTGAATCTGGAGCTGATAATAGAACCCTGCAACTCCCGGCTATACGCTCCGCTGCCCTTCGGTGCAACAGCCTCCTGTCACAGGCATCATTCTGCACCGCAATAGAGTTCTTAGCTGTTCCCCACGTCAAATGATGCCGCACGCCCCAGCTTCCTTTTAGTGAACGATTCTAAAACCAACAATCTAGTGAATGGGTTGGGAGCTTATTTTGATTTCGCGAATTTTATACACAGCGGTACATGATGCCCTTTTCATCAGGATTTTTACAGTACATACGTAGCTAATTCCGAAAGGAACGTTAGGCCCGAAACCGTTCTCCTAAAACCCAATTCCAACCCAAATCTCTCTCTCGACCACATTTTTCATGGTATCGTTCTTAGGCCCCCGTATTGACCGTACCGCCCGACGAAATGAAAACACCTCAACTGCCCACATTGGAAATTCAGGGGTCCCTCGAAAATGACGGTTAGCAAGCCCCAGGATCAATGAAACTGGGAGGGCCAGCGCTCGACTGTGAAAGTGCCTAAGGGAAAATACTGCTTTTCCCTGTCAAGCGTGGGAGTGTCCGAGCGACCTGTCACTCGAACTGATAGAATTTGCTCAAGCCGGAGTCTGTTGTGTGTGCCATACCATGACTGACGGCAGCAATAGGGCAGATGTTTCATGGGGTCCAGGCTCACGACCAGACGGGCTTTAGTTAAGATACGTCAGCTTTGCTACGCCCCACAATGATTGTAATCTCGACGGTCTCCGTTAACGGTTCGTGTACTGGCCACTTCAACCGAGAATCCCGAGTCCAGGACGTCTTAGATACGGGCGTAGTAGCAAGTAAATCCGCCTGTTGACGAGGTTCTCAGGACTCGCCGCGCACAGTTAATGAAGCACGTTCTCCAAACTAAGCACGATGGTTTTGTGTCTTATCCATTGTTACAATGTGGTTATCCCCGCGACCAAGCCGCTCTTTGTTCCGTCTGCACTACGGAGACTTTGAGCTGGTCTCCACGCTTACAACACGATAAGGGTACGTGTCCAA,1328,49.55,Saccharomyces cerevisiae
SEQ_444259,GTTGTCTTAGCCCATCAGATTGCATCTGTCCAACGTCATTGAGGTAATAAATATACAAACGTACATAATCCATTAGCAAAATCCGGATAGAGGAGGTCTTCCAATCCTTATAAATACTACTGTATACTTTCGCTAGCCCCAGCTCAACATCGTCAGCCGGGACTTTATAGCGAGCAAGCCGATCGCAACGGTGTGAGCTAAACATTTGTGTACAGTGTCTGTGCGTTCATTCATTTCGGTACATTTACTACATCTAATGCAGGTTTGTCAGTTAGGGTTTCTACGCCGACACAGTACGTGCTTAGCGTGAAATATGCGTATGAACTCAAAGACGAGTGTCTTTCTCCGGAACTCGCGAATAAGGTCCTGATTTTTACTAGGGCGACGCATTTATACCAGACCCGGCTTTTACACCAGACCGTGTTTTCATCCCAAGTCGTCTGACCTGAACGTGAAGTTGCCGTTACAATCGGGGCTCCATATCAACGCGTAAAGTATCCATTTACGCACGACCTACACTAATAGGCCTCTCGGTA,536,45.15,Mus musculus
SEQ_444040,AATCCGAAGCGCCAAGAGAACCGTAGGTAGGAACGTTCAAACTCCAGTCAACTTAGTGGGGATACTCCGATCAAACGTAACGGATCTCCCATAGCAGGTCCCGCTCGTCTCCATAGATCACTCGGGTCGGTTAGCGATAGATCTGGTCCAGCGGACCCGCAATGGGGGGTACATCCCACCTACCGACCCATTACGGGATATTCGGCTGGCTGTAGTCTGGTCTACGCCGGAGGAGAATAAGGGCAACTCCCGCGATCCGCAGCTATATCGCGATGTGGGTGTGTAAGGAGTTCGGATCCCTTAGGGCCACTAGATCTAAGTGGGAGCAGAACGATGGCCAATCAGAAGCTTAGAGCTACAGTGGACGTTATGACCCGGCGGCTAGTCCCTCTTGCCGCACAATACTACAATAGAGCGTTCCGATACCTTACTGGCAGGCAGACTTTGCTGCAGGTGGCGCTGGATAGAACTCGGATTTGCATCATTGCA,489,54.19,Saccharomyces cerevisiae
SEQ_824637,GTTGTCTTTCTTCTGCTTTCAAGCAGGCTTTTAGAACATGTGAGTCCGCAGCTATCAGATTACGTCTACTAGTGTGTTCAATTTCCTTCGCATGGCCAGCAGGGACGTCGATGAGGCTGTGTTTAGTAGAGGTTACACCACGTTACTGCGAGCAATACACGGGAGTGGACACAAGAGGTCTGCAGTACAAGCACAACTAACTATCTGTTTCTTATTTGGAACTAAGCAATAAGTTGAATCCTAATGTAGCTCTTATTGTAAAACCGCGCCATCTGACTGTTCTTAACTTGGTTATCTAGCTCCAAGCTGCCATACTGGATGACCTTCTTAACTACGACGATTACCGAGATTTGAGTTCCATGTAAGCAGGCGTAAGCTCGACGGCAGTACCCCTTACGGCCCTGCACATTGTAGATGGGTGCTGTCTGAATCCGTATCGGATGGTAGGCGCCGGGCAATATTGTACTAACTGTTACGTGATTAAACGAGCCTCCTGACACTAAATGGGACTTGGCGCTGGAGGCAACTAGTACGCCACGC,540,47.22,Mus musculus
SEQ_452565,TTGGTATTAAGGTTCAATGCGAGGGTGGCTTGTACCGCCCAGGTGCCGCAGGAGAAACAGATAACGTGGGTCCTACGAGCGATGCGCAGGCCTACCAGAATATATGGGTACAGGAATTCACCCAGGCGAACTTTAGGATAGAGACTTTCAACCCGTCTTAGTCGTCAAGACCGTTTTAGGCAATTTATGCGCGATGAGCGACCCGTTCTGCATTTGCAACCATCGGCGTCTCGTATTAGAGATCAGTGAGCTGTCGGT,258,51.16,Mus musculus
SEQ_259578,CTTCAATGGTACCGGAGCCTGACTAGGTATGTCGCGATCTAGCGGGAGTAGAAGATCAAGTATACGCAGGTCACATATATATTCTGTAGCTTACCCGAGAGCAGGTTAGCTACGACTGTTGCGTTTAGGTCTCAATTTAAGCTTAACGTGGGAATATTACTTTTACACGTAGAAGGTAGGCTGGAAATGGATCCCCGGGAGCACCGGAGTAGCCTCAATTATTTTAGCCGCCCGATGTTTCAGGGGCGCTGTTGGACAAAGGGCGGGGTGGAAAGGTTATCGCCCTCATGTGACCTCGTCGATGGCGTCTCAGTTAACGCTGCTAGACAGTATAGGAGGACAGGCCACTGATTACATTATCCTTCTACCGCACCAATACCGTCGCTTTCTGTCGTACTCAGGACCCTTCCAATCCGCCCAGTTGCCCACCAATTCAAGTGTTAAGCTCAGTCGAAACGGCATGTTGAACCTCACTATGGATACATGCGGGTGCCGACGTTGGTTCGTCGGGAGAAGGCCGTTGAATCGTACAGGAGCGGCGTCCCCATCCCGAACCAACCGCTCAAGTCTGCTACCTAGACAAACTTAATCGTACAGGTACGCGCTAGTTGATAGGTTTTTTAACAACACGCACCACGTGATAGTACGACCCAAGCGCCCAGCGTCCGGCCAAGAATGGAGCGACGGTTTCAAGCAGCTGTAGCTTTCAGATTGATCCCGAATCTCTAAC,730,51.1,Caenorhabditis elegans
SEQ_750536,TACAATCATGTTACGCAAAGTCGTGATACCGAGATCGCTAGCTGGGCTCGTAGTCTCACTAAAGTGATCGTTTTCATCCGCGAGCCGGAGGGCAACAACCTAGTGGTACGCCAGATGAGTTGGGGTGGATGTAAAGCCCAGCTCGATGGAAAACGTAGCCGCATTTAAAAAAATCCTGAGACAGGATCTGTGTGATTGGAGCAAGAAATTCTTCTAAGCTCGCTCTGTGATGAGGAGCAAACGGTCGGCGGCGATTTATGGGGTATGCCTTGATGATCGACCGGGTGGCTGAAAGGATAGAGACGCTTGAGATGAACATTACTGGGGTGTCCCCGCAGTAGAGCTACGCAACTGGAGAAGGGCAGTCATAGGCACAAATTCGGTCCCCCCCATTGCTCATCGCGTGCACCCCACAGACGTTGAGCCATTTCTTGCTCGGGCCCGGTCTGTGGTCGGCTGTGGATACATGAGGTATCGTACAGTCATGAGAGTACAGCTGTCGTACGCGGCAGGTGATCAAACACTGAGCGGGACGTTGATGCCGAATGATCACTTTCGGAACATTGGCTCAACGAAGTCTTCCAGAGTTAGGCGACTAAGACCGCCGAGTTCACAATTCTCGCCGGATTACTTAATAGTTAGAACTTAACACCCATCTTTAGTACTACTGATGGAAAAGGTCTCCTGCCATTAGCTAGTCTACGGGAACCTTACGATTGCTGCTGACGTGAGTGCACAGGGCTACTGAAAAGTTTCGGAGAAGGGGAAGAACAACGGTGGGCTAGCGGGCTGGTGGTGTAGACTAAATAGGAAAGATGTAAGCTGTGAGAGCATCTGATGCAAGTCCGCTCTCTCTTTTGGGACCTCCTATCTCGCCAACCTTGGGCACGTAGGTTGATCCGCTTTTTGACCCCTCCGTCTCAATATCGTACCCAGCAGTCGTGATTCGGCCTAAATCGGCAGATACAGCGGCGGTTCTGAGATGAATGTTTGGTGCCGGAACCCGATGAAAAGACCATCTTAAAGCCTAAGCGGGTACTCCTAATGACGGCGACTCTCTGACGAACCTGACGCTGCCAATAACTCCCGGCGTTGAACAGACAGACTGCTCATCTAAGGGGGTAAAGGGCTGTTGCATAGGGTAATATACTGGGTTTTGCGATTCACATTAGAAGTCTGCGGAATAGTAGTTTGAATCCGGCGTCTATCTCTACTAGCGACCGACTTCTCAATTAGGCGTAAACACCAACATATTAATGAGATGTCCCGTGTGCGTAACAGATACCCGCGGAGCACTCCCTGCATACTCCCAGTGCCCACTCTTCGCCAGTGCTACGTG,1339,51.01,Mus musculus
SEQ_354316,AAATCCACCGGGCTCTTTGGGGCCGTGACGGTTGCCCCCGATAAAGGGTTCCCGTGTGTTTTGTTAGCGCAGGCGTGCGGTGAGCTCCACTCCCAGCCCCTCTTTCATGGGGTGGTCGAATCACATATTCTCTGCGTACTGCGTCGGCACATACGAACGTACTAGACCAGACACGGGGACCCGGCTGAATCCTCCGCGGACCACCCGCAACGTGTCATATCGTATCCCCCTCTAACGGGTAGTTAACCGAACGAGCACGGCTCAGTAAGTATGGGTGCACACCGATGATGGTCGAAACCATATACCTATTGTTCGTCGAAATCCAGAGGACCAGATAGCAACTTTGATCGATTAAATATTAGTACAGTATACCCCGTTTGTACCATCCCACACCGAGGTCCGCTTCTGTATAGGAGTCCGGTAGTCACTTTCTCTCGATGCGCTAAACGTTATAGATGTGCGGGCGCACAGCACTTGATGCAGTAGACAGGTCAGACGAAAACTGACCGGTTCATCGGGGTTGATCTCCAACC,533,53.28,Caenorhabditis elegans
SEQ_768068,ATTCAGGGGACGAATATTCTTTCGAGGACATCGGTACGTTCTGTGGTGCCTCTCGCCCCAATGCAGTGAATTTATGGTTTCCACGGGAGTGGTCTTTCAAGCGGTGAAGTCCTCGTTTGAGCTCGAACACCGCCGGGTTACGCCGTGCGTCTGTGTTTGAAGATACCATGCCACTGCGTAGTTGCCGGTATTTTCATTAAAAGGTATGGTCGATTAGCAAGGTCGGGTTGGCCTTTCAACGATGTACCATTATGTG,256,50.0,Arabidopsis thaliana
SEQ_725864,TGTCCTCTGGGAGACATAGCCGCTATGGCCAAAGAGCCCTTGTTCATCGTAAGAAACGGTGAGGCAGCTCATAATGATGCCCTGCTGATCTGTTCACCCGTTCTGAGCAAGGGTTCCTGC,120,53.33,Mus musculus
SEQ_153002,CCAGTGATGTATTCTCGGGCAACTGGAGGTTGCCACCATCACTATAACTCGGGCGTCACTATGTTTCAAGGCAGGCTATTGTCCGTGGCAGTGAATCAAATACACTAATAGAGCGACTTTGCTTTACGCTTATCGTACACGTTGAAGAGTCCCGGAACGCCGGACGTGGGAGGACAAATCAGACCTACGCCCAAAGCTTGAACGGCAGGAGATGCCTCCCGGCGGTGCGACATTGTAGTCTGCCTCCTACTAGCCTCGCGTGGTCAATGATAGCTTGAAATTTACTCAGTGCTTATGTCCACTAACGGCCAGACCACTACTGGGGAGCCTGGCGGGATTACTTACGTAGGGTATCGTGTGTAGGCAGGGGCCGTTTGTACGAATCCAGACCCGACTCTCACGTGTGCTTTGTTCTCACGACCTGAGCATTTAGCCACTTCTGGCTACGCTAATGCCGTACAAGGTGGGATATCCATATTGCTGTTGCAGCTACCCCACCCAGCCTAATCACAGAGGAAATATAAGTGTCTGGCATGGGCACTTCCAGCGTACACATTCCGACAGCGACGAGACAATGTCGGAACTAGTGCTTTGAGAGAACAGAACAATTATCGTCCTATCCCGGGACTCCTAGCCCCCTCACACATTGTAACTGATTATTGCGGAGGCGTACTCTACCACAGCAATGTTGGGTCGTAGCGACGCACTGCAGAAATGACTTGATACCCGAACGGTTTGAACGGATCACTGAGCGAAGGCTTGATATGTGGGGTCCTTGGCAAGACGATAGTTGCCAAATAGATTCAGGCACGAGTACGAGCAGTTTCTTTACCACCCCGGACTGAGCCTATGATAGGCCTCGTTCAATGTTATCATGGTTTAAGATGCGTCACTGAACTCCTCCGCAAGGCGATACTCCTTACGGAGAACTACCGATGCACTGTAGAGGAACTGACCCGTTAGACAAAGCAAAAGGGCAAGTGCGCGCGGGGACGTGCATAAAGTTTATTTCGATTCCTGTGGTGTCTCTGTGATCACGATGCGGTACCCGATCCAGTTCATAGTGGGAGACGGTAATGGCACGGAAGCGGAGATTGACTGATCTCAGAGATGGTCAACAGGTTGTTGGACAATTAAGCTTGACAATTGCCCACACTCATCTGGTCAAGGTTTACTATAGATTAACGCTTGGGCGGTATACTCACCTTTCGGTGGCGTCAATCGTGAGAAAAAGAATTTATGCTCGGTAGTCCGGTGTGTGTGCCGTGGGATCGCGGCCTTTGAAAAAAGGTGTCCGCCGCATAGGTGTATGCGCGCTACATCTTCCTGAAAGGAGGATGAATGATTGAATGCCTATAGTTGTTCAGGAACAAAATATAGAAGCGGTTCGTTCTGTGGCACATGACAGCTGATTCTCCGGTCTCTACTGGTACAAAGTAGAAGCGCCAAGGCAACAGGGAAAGGCCGAGATCTGACAAATATCCGCGCCATATGCTGGATCCGTAACCCGCACAGTGGCGCGGGTCGAAATAGTCTCTTAGAACCAAAGGCCACATTTCTTTTCCGAATGTTTTTGAGTAAATGGCAGCATCCCATCATGCAACGTCCATACCTGGTGTATCTCGTAAGCGGATTTCTCTGCGTTAACTCAAACTATCATCCTTAGTGGGGACGATAATAGTTTTGGGGTGTGTGGCACCTGAATTCAAAGGAGTGGGTAACTGCGTACCTGCTTGCAGAAAATGGACCCGAACCGTTAACTAGTAATACGTCCGTGTACCCGACTGCGACCTACGAGAGTTAATAATACGCTTGTAGTCAGGCACGTTTCGGCAGCCACCAAGCACGCGAAAGGTTGGCGGGCTACAGTGGAGTGAACATACGGACTGCGCATGGGCATTAGCTGGCCTTGAAGGCTCTCCTGCTCCCTTAGTGAGACTTAACACATGCAATGGACGTGTTCCGGTTCCAATTGTTCGCTAAGCGATTTCCAG,1994,50.2,Caenorhabditis elegans
SEQ_141565,ACAACTTATTTGACCACACCCTACTCGTGTACCTTCAAATGCGAGGCACTTGCATGCTCCCGATTTACTCGCATATGTACGTCAACTATGAGGGCAGAATCTATTAACCACGCGTTTCGACCTCGTGAGAAGTCCTGCGCTCGATAGGTCTATTGTCAATTTGACCAAGCAGGTAAGTTGAACGTGCGTTTTTCAGAGATATCCGTACGAACAAAAAACAGAGCCAACGGACAATCTGCGGATGATGGCAAGCGCCTACCAGTGTGTCAAGTTCGCGTATGATTGTGTAGCCTGTTCCGAGTGAAGTCATCAAGATGCGTTAATTCAGCTGCTCGACGCGTCCCCACAAGTTCGGGCTTGTACGTCAGACCAGGGCTCTACCTGATGCACCAGTGTATATTGTAATGAAGCGGGAATAGGAATCAATTCCAAATCCTGTCCGTGGAACACCTCCGACCCTTTT,463,48.16,Caenorhabditis elegans
SEQ_153294,TCGAGGTTCGGGAGCGACGAACGTCGTTTAATATCTACGTCAACAGTAACGTTGCCGAAAATAATACTTTCCGCGGCCGGAAGGACTCTTAGTTTTCCAGCATCCTCCCGGCTGGCAGATTGCGAAGGTTGTTTCGGGGGTCGTGGTAAGAGGTGCAGAGCTGTCTTACCGCATATGACCCGTACATTTGGTAAACAATACAAATATCTGTGCCATCAACAGCACTCGCCAAACCTATGTGCTTCTACGGGCATGGGCTGCCTTGGCGACAGAACGATAACCGTCAAGAAAGCCGCAATGTCCGGTTGTGAAACCACAGCAGCTTGTCAGCGCGGTAAGCGCCCCGTCACCCGCGCAACTCGCAGGGCAATCATCGTAGTTAACGATCCTCCTACTAGCATAAGCCGACACACTCGCCGCTTTCCGGACGCAGCGCGACATGATTTGAGCTACCAGGGCGTCAGGACACGCACTTTCTTAATAACCCACCGATAAGACACATACTGCTGTTATGCGAACGTAGACTTCCCTCCGGATGATGCCCATGTGTTGTTAAAGCTTGTTGTAGACGAAGGTTCCAACCCCCCACCGTCAAATTGTCCCTATTGATTGCGATGGATAAGTCGTGCGCTTCGAAGGCGGCGAGCTCGAGGCGTCATATAATTGGCTCGGTTCCTTTTCGGCTGCACTCCTGTTCCCGTCTGGCGTTACGCGATGACGTCCGGAAACCTGTCATTCCCGGTAGTAGCCAGATATGTTGGATAGGCCACAAACAGTAGAGCGGACCATAGTCCATTCAGTAAAAAAATGCGAGGTGTAGCGTATGGCGGTGATGGCGCAGCGAGCCTGTCCAGAGGTGGGTAGATTTGTACGACACATATAAGAGTTGCGCATTGCAGCTTCTTGCAATAGGGGGTCCTACGTCCAGAATAAAAACAATAGTGCTGCAAGGTCCTTCGTTGCCTACTCCGACCAGAGACACACTCCTCTTGCGTCAAAAGACGCACCCCGGAGCCATCCGCCTTTATTGAATTAGACGATCGAGTGAGTTTTTGAGCGCGGGCAACCTCTGCACAAAGGTGAAGCTGTTATTTCTCACGCGAAGCCGCCAATTTAGTTATTAAATTGTGAATCGGTACTGACCTGAAGAATGTGCTAGAAGGAACTGTACTGCTCTGCCTACTCGTAATGTTTAGATGTGCAATAAGGGTTTCCAGCGAGGAACCGGACAAGTCTTATAATAGGATTTGGGTTACGCATGTTGACTGCGCACCGAACCGATCCGTGGAGGGGGCGTTCGCTCTGATACTAATACCAATTTGCGCTCGCTATTCCGTCTCATACTTCCTGAGTTTCAGAGGCACCCGATTTATAAAATGGCAGCAGCTGCCAACGGCAGCAACGGTCAACTCTACCTTGAGAATCCAGCATTGACACCCGTGGTCTCCGGCATGTGATCTTGATCCCGAATAACTCGCAACTTGTATTAAGGGGCCATCGCCTCAGTTGCTCCGGACTATAAAACTGGTTCCGCGTGTCTGAAGCGTCGTGAATTACGGGAAAAGCCTCTTGCTTTCTGGACAGATCTCCGAAGGAGACGTCGTTCTGGTATAGCTGATTTGGCAGAAAGATAT,1634,50.8,Drosophila melanogaster
SEQ_441016,CATATGACTTACTCAGTAGGGCGCACATTGAGAGTTGGAGTTCGGGGAACGGGTGCTACTCCCAAGTTACACTTGGAGCTTAGTCTGCGGGAGTCAAATGGACCAAGTAGGGACAGGGGGGCTGTCTAGAGTCAATGTTGGACTGCTGAATATCGCTTATCATTGTTCTGCCTATTGGCTTGAGGTCACCTTGTAAGACTGAAAATGTCCGAAGCCGCGGATCTTATTTCTGCTAGGCTAGGGCCCCTGCGTTTCCAATTCGAATAAGAGGGCCGCCCTGCCGGTCTTGGTCGACGCGTCCTTCGCATTGCATACGTTGTTTGGACTTACTCCGTGGAACCACGTCACTCAGGATCTGAAAACAGAACTGAGCGAGCGAGTGTATACTCTAGGTATTATCGTAAATTTGAATCGGCGGGGATTCACAGGTGACGTGTCGTTATGCCGTGACCCTAAGGTCGAGCCCGATTCAACTCCTGAGGCGCGTATGCCAGCAAAGAATCCCTAGCTCCTCCTATAGCTGGTGGCAACCCACAGTTGTTGCTCCTTGGATCGCCGAGAGTGGGTCCTGGGAGGC,577,52.51,Homo sapiens
SEQ_822005,CGAGGCCATTACATAATACCCTACTGCACTGTTTTAGGCCTGATGCTTACGAATCACGCACTAACCCGTACACATGAACGACGCCATATTAGAATATCGCAAGTCTGGTTTTTTGTTTGACGCGCGAGCAAACTATTGCCCTCTCTGGTGGCGTCGTGGCCTATCGCAACCAGGGAGACTACTGTTTGGACGTCTAGATGATGAAATTCACGACCTGGTGTCATAGCAGAACCAGGCGAGACAAGCCCTAGCCGACGATGGAGACCGCTGGGGTGACCGAATCCAATCTATGCGACAGAGGTAACTGATTCTAGCCTAAAGGGCTAAGCACAGAGGCGGCAGGACCAGTCACTCCATACTTCCCATGTGTTAGACTGCCTGCACAGCTGATTGGTTACGTTTGTAAGCTTTGAACGTCAATATTCTTATCAGAAGTTCATTAAGAGTGGCATCAAGTACGGAATTTGCACAACACATGAGTGCGGTATCCAGTCTGACCCAGCCAGAGAACATATCTTTGTCGCAAAAAACGAATGGCTCGAGCATGCCCCTGATAGGGCGTGAGATCGATTTTTCAGCACTGTTCGACAAACTAGGTAGAGGATTATGGGGAAGCCATTTGGTTGATGGGCTCAGGCGACATAACTAATACTTACCAACAGCCGGGAGTGACTATGACCTACGGTCATTTACGAGGTATCAAGCAAGTTCATGTATATAATCAGGACAATATGTAAGAGGTATCTTGAGCTCTGCTATCAACTGGGCGCATAATGAGCACAGGGTTCGGCAGGTATCGCGTAAGGTAAGCCTCGAGTGTTTCTCAACAGCCTTAGCAATATTCAGCTTGCGGAGTTCTCAGACTGAGTCGGGGAAACGCTCCATTATGAAACAATCAACTCCCGGCGCCACAGACCATAAATGAGGGTTTTTTTCCTGAAGGACCCGGCTCAGCTACGGGACAAGAACGTGGAGCAACATCATGCTGCTGTCGACAATCGTCAGGTACGATTTACTTGATTTACCGGTGCTGTACGCATTTTACTTCGTTTCGCCCAGCCGAAACAGGTTGGAGCAGTACGTTTGGAGGCGCAAAATGGGTCACGCAATCTGCCTCCGCACACGCAAGGTTCGGGAGGCCTCCAGGTCGCGTCATAGTATCTCGACGACCAGTACACGTTACGAGCATGGTACGCCCACGATAATTGGCAACCTCC,1217,49.38,Caenorhabditis elegans
SEQ_239674,GTTGTATCCCAGCTATTGCCGACAAGAAGCAACTTTGGCATAGTTACTGACGTCCAACCGTTCGACTGTCATGTCGGTCCTCACTTCTCTAGTTCCACTTACGTATCTATCAGACGTAACGGTACCGCCGCGGGATGACGCCCCTAGTCGTTACGGTGTGGCATTACAAGTCTTAAGAAGCGTAGTCTCCCTCGTATTGTATCTTCAGGAGCACGTTTAGAGCGTGAGCGTGCGATATAGTTCACTTAAATATGCTGTGGCGTATGAGGGCTAACGTAATTTGGCCGCACTCTTCTTAATGCAACACCACATCATCAGATAGGCGAGGCGGAGGAGCAAGAGCCACTGCTGAACAGTTGCACAATGGACGCGAATTCGCTGTGCGTAAACCTGGGCACGTCGCTGGTCGTTGAGCGATGTCACAACTCAGCTGACCAACAGTCGAGAGGATGACGCCCGGACTTAGCGTCGCGCGTGTTCCTACACGACTGTACCTAATTTGCTTTCCTGAAGATAGGATGTAAAACAGCGGCCGGCATATGTCGACCAACATAGCCTGACATGACGAATCTGGCCCTTCTCGGGTTCTTGCCTTCTGCCTCATATGGTGCTACTAAGAGATAGTTTTCAAGTAGATCTATAACATGACCAGTAATTGGGTGCCAGTGCTCGGCGAGATAGCCTCCGAATTGCCTTAGTGGACAACACCTGGTTGTCATTGGTACTACAGCAATATTTCCTAGCTTACGGGACGCAATTGTGCCCGTACGTCCGCATGGAGAACGCAACTAACAGCGGCCGTTTGAATGCGGTGCCGAGCAGAAGTTAACTGATCCGTCGAACTGTAGGCCGCAGCGCGTGTGGACCGGCCCAAGAGCATTCGCTAAGTTCCACCTCGAGACCAGCGCGAACAGTTATATGCTTAGAGGGGCTGACGGCTCTGCTGATTTACGGGGCCATAATTCAGTACGCTTGAAGTGCTTCACGGCCACTCCATACCAGAGTATATCGGGGTCATGCGTGTACGCTCAGGTTGTCTGCAGTAACTGAGTATGGTGCGTGTGCAAGCAGAATGCACGTGCTCCCATTCTTTCGGCGGTTATTATGAAACGATTTCTACATCAAGGACTCTTGCGAGAATGCTTACACACATCGGGTTTTTGACTGAGATCTAGGTCCGAATAGTAAGAATCGTCGTGCTTTGACCGTCAATCGGCCCAAGCACAAGGAGCATCAGCGAGTAGGCAGATACGAAGTCCCGGGGAGGACTAATCTAATTGCTTTTTCTTGATACCTACCATCCGTCGTGACCAAAGCGATCTAACACCAAGTGTACGAATTGGGACTACATCCTCCCTTGGCGGGAGATACCTCCCCAAGAATCGACATTGAAGCTATCATGTCACTCGCGCCGGCCCGTCTCGGTTGATATTCGAAGGTTGGTCAATGCCCGGGCACCGGGAAACGAGACTCGACTACCCCGGCGCAGGACATACCTCAGTGTTGCAATTACTATCGGACGTGTCATGACATTTGTG,1538,51.17,Mus musculus
SEQ_306325,CCGAAGTCCAGCGATTTGCGCGGATATATGGCCTGATTCAGCTCAGTGAGTTCCAACAGGGGCGATCTGCTAGTTTTCACGGTGCCAGGGCATCTGATCAAGATGGCGGAACACAAGTTTATTTCAGTTATAACTTAAGATGGTTTATTAGCATTCTGCTATTTCACATGGAGAAAGGCTGGGACATTAAGTTTACCTCTCTAGTCAGTAGGCTGAGA,218,45.41,Caenorhabditis elegans
SEQ_863931,AATAAGCCGACCATCTACATGTATCCCATCCTCATCAGCATGGGATGCGACTAATGGCACATCTGGTGAGGATCTTATCAAGTTTGAATAGGGTTCCTGTTGCCTGATCATCAGAGGATTATTCCTTGTTCGTTCTCGGTTGCTGCCTACAACGTCAGACAGCAATTCAAGACGTCATATCCTCTTGGCTCAGGGCCAATTGACTCTATGGTTGTCGTACTCTGTGGTCGGTGATATGCACCGTTTCCGAAACATTTTTCGATCGTGAAAGGCCCTTAGTTCCCGAATCGGGAAGGAACAGGCGTGATTCAGCCCTTTGTGTGGCTTGAGCTCGGATAGATAATGGCAGGTTGATCGGAGCACTCATCGTGAATTCATGATCATACCGCGACCGGACGAGTTTAGAGCGAGATATAGGACCGCTGATTCGTGTTATCAGATCCGTCAAGATCCCCAAAACGTTTAAACGTCCTCGTTGTCTGAACCCTGTTCATACTGCCTTCAGTGAACTAACCTTCGTCTTTTTCGTAATGATGTAATTCCCAGAAAGACTTGTCCACTTTAGTCCATGGAGTCTTTGATCTGTCACTCAACCGGACTGTCGAAAAGAGCTGAGCGTAAAGTTCGGTGCCTATATGTTCGGGTCGTCCAGAACCGAATTGGGCTACACATGTATTAGCGCGCTGAAGCACACATGCACTTAGGCCGGCAGCGCTAAACCTATCGAGGCACAATCTAAATATGGCTCGCTCTATGCTTGAGACCCACTTGCGGGTGAAAGGAGCAATGCCGTGTCGCAGTCGGAAAATGTAACAACGGACATCAAAAGCCCCCGTGAAGGTTACGTTACGCGGAGCCTCAGTAAAGCGTCAACCTTGTGATGTGCATCCCTGGAACAAGTAGTAGGGCTCAACCCTGAAAGTGCATATGGCGACAGTTGTATCTAGCTTGTGTAAGCTCTAACTGGAAGTAAAGCCCTATCTCGGAACATAATGATGCCCCCGTACTAAATCGTGGAAAATGTGTGTTCAATCGACAGCGAAGGACAGGTCTTATCAGCCTCACCGATATCACGCTCATAGTCTTACCAACCTTTCTAGTAACGGACCCACGTAATATACCTCGAGAATGTGGATACTTTGAGTACTAGGAACTAACATTATGAACATCGACTGTTAGGACTCTATACACCGGTGGTGGGGCCGCGGATATTAGACTACGGCATAAGCACTGAGTCAACCTCGTTAGGCATGACCGCTGCGCTTGTAGGGCCTTGTCTAGTGCGTATTTCGGTGTTAGAGCCCCACTTAGAGACAAAAGGTAAAAGGCGATACATTATTGCACAAAACCTTCCTGACTCAGTCATGCTGTTGATGAGTTCGAGAAGGCTGCAGGCCGTCACCACCGAGAGTTTCTCCAGACGGTACGGTGTAGTAGCTGTACGCCTTTAAGGCTGATTAGCCATGAATCGTGCTGTTTATCGTAGCAGCTGAAGGTCATACTTAGATGTGCTCACTGTTTCATTCAACAGCCGCCGCGGTCGCAAACAATTGGGGGTGAATGCAAGGGCTGCCTGCTGGGTTTGCACCGACGCGCGTTCAGTTCGAACTCGCACACGGGTGGGAATTTCGTCTATCGCCTTAGCTCTTGCCACTAATATATCCCGAACGCCCTAGTCATTGGTTGTCGACGTTGACGCGTGGCTTATATTCTCTGGTTAAGGCGTACAGAGATTAAGACTTAG,1744,48.51,Caenorhabditis elegans
SEQ_666367,GTCTATGCCGGCATCGAGTTAGCTTCTCAACCGCGGGCCCTGGGGAGTATCAATTACTGTCTTGTCATCTGAAGACTGGCTCTAACAAATTCCAAGGCATGTATTATACCCTTTTTTATGAGCTGTTTGTTTGATTAATCATCCTCTGGTCAGTTTCCCGGTAAGTTAAAGGGGGAGTCTACGTAAATAAGGACGCACGTTCCAAGTGACACTCAGCTATATAACAGTTATACCGTCCATTTAGACACAACGATCTATGCCTTGCGGTATATCTCTTTAAAATCTTAGGACGTTAACGATCTAGCGAACTGCCCAATCTTCGAACATAGGTGAACTGTACCAATAGAGACCATTCTGAAACCCAGCACTTGGGACCACCAACGTCGGGGCTCTACCGATGCTCCACTTGTACTCCCAAGTGACGTCAAGCAGATCTGGGCTCACCGATCATTGTTTGGAGAACAAACATACCCATGAACCATAACGGTGCCCGTCGATAAGAGCAGTCTTTTGGGTGGAACAGTACGTTACGGGCGCCTGGGAGTCGGTACACGATGAGCACTACACGAGATACGCAGGACCGGACGTCCTCTCCCCTGGCTTCAATCCTTCGGGCCGCGAGGCCGAACTTCGGAACCCTCGTATCTAAAATCCCAAGATGTGGGAGGCACTCGTTTCGCCAAAGGACTGGAAGAATAGTGCGAGTGTTTTTGGCGGCAAAAGTAGTCGTGTTAGCACGCCAAATTATACGACGAACCTTTCTGGTCAGGCAGGTTAATGAGGCAAGTTGTAACTCTGTCATTGGCGAGGGGTTATACGACTTCGCCAACCGAACTCGGATTTAGGCCATGGAGTGGCGAACGTTTCCTAAAAAGTCGGGAACGCTGGCCTGAGATTCTATGATTCGCCAGTAGAGATCTAACAACGATCGCTACTCGTTAAACAATGCTTGAAGCCACTATTCTACGTTTCGGATAGAGTTGGCGCTCGAGGGTGCTGAAGCACGGAGATATGACGGACCTAGATAGCATTAGGAGACTAGGACGCACCGTTCAGGAGTCCCACCCAGTCACGCAGGAAAAGTCCGGATATGTACGATTCGCGTTTTTGAGACGGAAATACCACGGTCCTGACAAATGCGTAACTCATTCTATAAACCTTCGCGGACTTGAAGCCAGGAACATCATAACCTTGGGCCCAGAACCGACGTATTCGGACAGCACTGTAGGCGTCGTATCGTACGACTGTTAAAGGATAGTCATTTGGGGAAAGGGACCCTCGGATCTGAGAAATGAATAGGCGGCAACTAGCTGCCTTGTAGCTTCAGACACCATCTTTTGATCCTTAGAGAATCATAGTCGCATTTGGATAGACGGCCCATCATTAGATGCCTTCTGGTTCGGAAAAGGCGACTATTTTGCGTTCTTGAACTTTTGGAGTGTCGCCTGCAGCCACGGTTGCGCCGTAACTGCCCGGCAAATCCAGAGTCGCACGCTTCGTCCCGCTAGCGTTTACATCTCTCGTACTTC,1529,49.31,Homo sapiens
SEQ_743266,TTCCGCCCAATACCTAGGTCCCTACCCATTAAGAGCTGTCATACGACCCCTTGCATTGTTTGGTTTTGCGCCCACCGCGTGCTATTCCCGAATACTTCGCCGCCGTCCCTACGAGAATAACGCCCGTGGCTTGGTGCCATTGGACTGTACCCCCGGCCACCTCTATTATTAGGAAGCGACATAGCGTGTGTTAGTGGCGGGGGGGTGGCAGAGCCATCTCACATCTGGGCCTGGGATGGGGCCATTACGCGGTTGCCCGACATGTTCTTGTTTTTTAGATCAAGGCGCTCCCCCGAGTTGTCTTAGTATGCTGCTGACCAAAAGACAGGGCAACCGGCTTATAAGAATATATGATTCTTGAAGCCCTTTAAAATATGCGATGGAGAAGGTAATTACTGTACGCGTAGCGTAGATAAACTCCCCGTCTATCTTACCGCTGCATTACCACCGGCTGGATGATTCGTCTTAGGGGTGCTGTTCTTTCGAGGGAGGGGGTAGATACCAATCATTTACCCTGGGCGACTGGGCTGGCGTAAATCTGTCCCAGTTCACCGACATGACGAGAACCCGAGAACCCGCACTCTATGACAATACGTGCGCCATCAAACTTCAGACCGTAACACAGAAGATACGTTTATTATGCGAGACACCAACTATCTCAGCCGATGATCTCGCCTAACTCACGAAAGCGACCTAGACGGTAAAGGTGATCAAGTCCGATCTTGGCTGTGCAACTGCGTCCAGAGAACCAATGGTCTCCATTTCGTCATGTTACATTGTAGCCCCTACAGACAGGAGGCCGACGGGCCAACCTTCGAGTCGCGATTGCGTAACTCATTCTCCGGAGAAGTATGTGGTCAAACCTCTTAAGTCAGACGCGAGGCCGTGCCCCCCTGAGTGGGTCCAGATAGGTTGCAAAGAGCGTCCCTGCGTTCAGAGTCCGGACAGACAGAAGTTGCGCAGGGTAACGCTAGTTCCGTTGAATAACCGTCGGCAGCTACGGGCAGCTTCTAGAGAATACATTGTGGCCTAGTTACCTATTTCCGAAAACTAAAGTCTTGCCCCGTATCTTCGCTACCAACAGGAGCATTGTAGTAGTCATACGTGAGGCCGATTGATGAAAATACACCGAAATGACTCCCCGGGTGAAACGCTTGGGGTGGAGTTCTAGGCAATCGCCTGAAGTGATAAGCAAAAACCGTATCCGGGTGACCTGCGTTTTGACAACCACAGGATCGCTGTAGGCATGGAGACTACGAGCGATACGGCTGCGTTCTTATTATTGTAGTCTAGCTAAGTGTTGGGCGTTTGTAAATTTGCTGTTACCCTGGGTAGCTGACGGGATATTACTCAAGTGCCCTCCTATGATAGCACGAGGGAACGCTTCAATTATCTTAGTAAATAAATCAAATAAGGCACCAGCTCAGATGGGGATCCTTACTGTTTATTGACGTAATCCAATCGGTACTCCCTCAGACTTTCAGCGGCTCATCGGCGTATTGGCTTGCAAAAAGCTTTTGGCCTGCGAATCTAGCGGTTTGCTTAAGAGGTGGATTCTCTTGCTCGTGGTTTAACGCGGCCTGGTCTTTAGGTAATCCGTACGGCTCGGCAGGTTCATTGAGTCGCAGGGTCTATAGCCATTCCATAATGGAGTTAGTTGGGACTGAGAGGAAGATCCCCCAGAGTTTATAATAAGGT,1698,50.47,Saccharomyces cerevisiae
SEQ_834768,TGTCAAAAAATACGTTTGATCGGAACACCCCCGGTATTAAGAGACGTCCTCTGCCGCAGAAATGTGGTCACAGGGGGCAACGTCCAACCACTTGATGCCGAGCCTTCTGGCAGCTTTAGTTAATCACATATCCCGATCCGTGCATCGTTTATCCCCGGTTCATCGACCTCCACTCTGTCGTATACACACGGTTTCTGAACACACGGTATGGGGCGTAAAGCCCACGTGAGTTAAATATCCTGTGAAAGTGTTCCTGTTAATTAGAAGAATCCCTCCCGGCGATGTGCATCTACAAAAGTCTTCCAAGCTCCATTCTCCCATCTAATCTATTATACTACATGGGGTGGAGAATGGGCGACATGTCTGTTCCGATACGCCGAATTGGGATCACCACACTTGCGTTCGCCTGGGTAGGCTATCAAATGGCGGTATATGCTCCAGTGTCGGCGATTGGCTCGATGCGAGTGTATGGTCACGTCTCCCACACG,488,50.2,Arabidopsis thaliana
SEQ_564966,TCTTCTGGTGCCTTGGCTTGCTGCACCATGCTGTCCGTCAGTGCATAACTCTCGTAATATACGCCCATTGGTTGGGAGACGAATTGTTGCAGTTACACACGACTCGATATTCACTCTTCTTTTGCACTACAACCAAGTTAAATATCCTTTCAAAGTGCAAGATACACAACACTCTATGGATGACCCACGTGAAGAGGAGTCAGGTTAAACGAAGCACCTCACGATGCCAAGTGGTTCTGTTCGGGTCAGTATGTCGCATCTCTGCCATGGCATGCGGCGCGATATTCCTTAACAGTAGTATGGCACTGGCATGATATAATATCAAGGTCCGTTACCAGTACGGAAAACTACTAATGTCAGGGCGCTGGTGTGGCTGCAACTCGCGTCGCCTCCCGTGTACATGCGGTGGCTCTCCGCACAGCAGTTCTAGGCCAACGCACACCTAATATACATGCATGCGTAATCATGGCGCTGAGCTTCTTGGGCGCACCCAACCAATGGACGCGCTGCAGTTTGCCTCGCGGTCCCACGATGCCGATGCGCTGCAACATATTGGTTCAATGTAAGTAAGTAAACCTAGATTGGTTATCCTTGCAAGGTACGAAACCACAGGATGATTGACACTCCAGTTCACGCCGTCACTATTAGCTGTGCTGCTCTAGCGTCAAGCATCTGGTTTAACCGATTATGGCATGGTGCAGTCAAAGCATAAGCAATCGCCGCTTCGCACCTCTTATTGAGGTTCCGACGCCGAGCTACCGATTTCCGTTCGGCTGACGTAACCCGCTTCGTGGCGTTCGTACATTGGACGCGGCCGCCAACGCGCAAATTCGCATCTCCTCTTGGCGCGTTGAAAGGTGTCTACTGTTGAAAAGAACGACGGAGATAGAATCAGCTGACTTTAGGCGGCATAAGAATAATGATTCATGAGGTCGCTATACTTGGCACATTATGTCAGGGTTCGTGGCACGTCGCTATTGGTGCGTTAGGCACCTGTCTAGGTTCGGCGCTGTCTTGAAGGTAACATAGTTTTTTAACACCCCTCACTAGGCGCAGGACGGTTGATACAGTGTCGGGTGTGTGGATGGGCCGGGCATACAAAATTGATAACAATCCGACTAGAGGCGCCAAAGTTCCTCACCCTCGACCACCTTTTACCCCTAATAGGTGTGGCAACTATAGTTGGCCCGACCAGAAGGTCAGCCAGTTGGCAGGCTCAATGTCCGTAGTCCGGTATGGATCCAGCCAAAGGGGTCGGGCACACTATCAACTAGGGCTACTGAACTATTGTGAGCGAGGCCATATACGGGCACAAAACGTAAGTCACGGTCGGTGCTTAGTGTAGGTGAAAGATTGATAAGGTATTAGTCTACTACCCACAGATGCCGCAATCCCCCAAGGCAGCGCCTGGCTTTGTTAGATTTCGAACTTTGCCTAATGTAAGCGGGGCCGGCGGTACACCCTTCAGCCATTTCGGTCATGTGGCCTTGGATAAGAGTCCGGGGTCGTGCAGGACCGCATCCCGACCTTACGATGGTTCTTGGTAGACTCACAATGCAAGTAAATATTTGCTCCGGGCGCATTAAACGGTTCGACGTGGTTTGCGCCTCAGTCATCCATAGAGAGCCCCCCATCTTGGTTGTGATGAACAGTGTTCCGCACTTAGCCGTCACGCTTCTGGATTGATACATGGTTGGACGCAC,1703,51.2,Homo sapiens
SEQ_675194,AACTCACCCAAGACTAGATCAAAATAAGAATTTTTGCGCGCATCTCCCGGCCCTATGCCCAAAAATCTGGCTTGTATGGTTTACGATCGTCATATCGAGCGGTCGACCTCGGGGGGCGCTATTGTAGCGTATGGGGTTATGTAGGTGTTTGACATGGCCACACACCTGGGCGATAGTAAGGATTCCTAGCTGACGCTTTGTTAGGGTAGTAACTCGATAAGCCGAGTCAGGGCTGGGAGGACTAGTGATGTTTAAGGACTTCTTATCCGCATATCGCAGCGGATGTATGCCATTCTCGTGTCAAACCTTGGAGCACGTCTTGGACCACTAAAGAGTCGCGACAGCCGTATCATGCGACTATTACACTTTGACACACGTGTTCATTGAGTATACCGTGGCAGTGACTACGACAGGCGTCCGTGCAACCTGGTGGGGTTAACTAATACCTGCACTCGCCGCACTGTTTAGTTGCGCCGAAACGGGCTTTAACTCGCCGCTAGTCAGTGAGAAATCGTTTCAAGGTTAATAAGTTTGATAGGATCCCAAGTACTAATATAATTGGACTCCACGTAGTAGGGGGGACGCTAAGAATTTGCTAGTTTATTGCAACGCAACCATACGCATGCATAGGAAAGAGGGTGTTTAAACAGGCAATATTAAGGCGTTTCTTGTTCCGATGGGCAAGTTACGGCGATAAGCGCGGGCGGGTCCATACTAAGCTTCTAACCAGCGCTTCGTAGTCGTGCGAGTACGCTGCTTTCATGAATATTCACCGGCTGCTATAAAGGTTTCAGCGCTGGGCATGTCGGGAACAGGGTGTCCCGAGTGAAGACTGATAGTTCTGCTACCGGGAGACAATTCGAGTTGCAGGGATCTTGGAAGGTCCAGGGGTAGGAGCGGCAGATCGATACCCCTATACTCGCGGCCGTAAGTTAATTCCAGACAGCGACACAAGTGGTGTATAAGGTAGGTCTTTGTAGGTTAATTAGGTGACACAGAAAGACCGCTTTTTGAGTGAGCTCCGACGGGCAAGTTAA,1037,49.37,Arabidopsis thaliana
SEQ_228887,TGTATTAGATCACTAATAGCTAATATTAACTTTGAAGAAACCTTTAGAGATGTCTGCATGATGTGACTAGGTTGGAAGCCCCCGTGCCTCCTACAGAGGGTCGGTTCTCGACCGGCATTTGCGAGCTGGACCAGCCCTTAGCAGGCAGGGCGGACGCGCGGAAAAGCCCCTATACCACACCAGCTGCCAAGTCCCTAGACCACTGGTCGTTTCGGACGTGTCTGCGTTCTACGGCAGAAAGTTTAAGCACCCTAACGCGGCGACATTCACAGGGAGATCAGACCGAGTAGACCATGAATCGCCGTTTTTAGGCTGCTGTTTCAACCCCCGGCCGAACGGACGTCCGGTACGCAACGGGCGTATGAGAGTAGGACGTGATACTCGCCTGGAATAATTACTGACACGGCCGGTGAATCCCTACTTACGCGGGGTGCCCCTATTATCCAGATGGAACTCGTCTTCGAACGTCAAGTAGGTCGCACCATCCGAGGGATCGACCGAGGGGCGTAGAATCTGAGGGCACTTATAGTTATGCTGAATTACCGGTCGAAGATTCTTCACAGAAACAATTGTAGAAGTAAACTTCACAGCTGGTTATCAGCTTTACATACTCTCCGTGTTATAAGTCTTTCACTTTGGGCGCGGTACCTTGAGGCGCGTCAGGTTTAATATAACGCTGCAAGGCTGGTCGAACGTATCCCTTACTACCGCTTCGGTAAGCGTTCTGAGGGCGCTCTTCCTGAGGATTCTGCATGGTCGCAACCTTGAAAAGGCAATTTACCAGCACGAACAATTTCAGTAAATATTATGAGATGGCCACGTACAAATCCGTGGTCTTACTGGACATCGAACTTCCAACGCGTTATACCAATACTTATGCATGAGCAAGATTTGTGGATTTCCAGAAATAACCAAGTAACACGATTATGTCTTTTGTTGATGGTGGAGATATGGGGGGGATCCACAAGCGTGGTAGAATACATGAAGCGTAGACTGGCAGCGGACGAAAGAAACCGTATTCTAATGCTCCGAATGACGACCAAGCCATAATTATAGCCAGACTCCATCGCACTCCCATGCATTTGTATGCCGTATGTCTCATTGGTGCGAGAATTCACCTATAGCGAATCGATCCTCTAAAATCGTGTCAAACGACAACTCTGGTATCACCATACCCCCGGCCAGAACTGCAAGGGTGAATGGTACTGACGTTTCTTTCGACAG,1224,49.18,Arabidopsis thaliana
SEQ_769436,TGCGCTTCTCAGCCTAGGGTGTCTCATACGCCCTGCCGAGCTCAGCTCGGGGAGGATGGCCTAATCTGATCACCAGCATATAGGAAAGGGCTTTACGTTTAAAGTGTAATGGCAAACGTGCGGACCGTGGTTGGTGAGGCCGGGAGTACGCTTCCTCGACAAAGTAGCCGCATACATTACCCATTAGCTTAGCCGACGGAATAGCATTACTATACTGCGGGTAACCTCGGTCAAACGACGTTGTATAAATGGCTATCATGTGACCTCCGTTATACATCAGCATCGTAGGGCTGCGCCGTACCGAGGCTGCCACAGTCAATTTAGGTGAAATCGGCACTCATCATCTGTGTTGGTAGAAGTTTGGCAGAGAAAAGGGATAGCATAAAGACATCCTGGCGGTGGATTCCTAGCTCGAAGCGCTGACGAAAGCCATTCAAGGATCCATACGACATTTATGGAGGCCCTATTGAAACTCTGTCAGTGTTCAGTCGATAATCTTTACCCGCCCCGTTCAACTACTCGAGCATGCCATTGGGGCAAGACGTACGTACCCCGCTCATTGTATCGTGGACATCCAATAACCGTTGCGAGCATCCTTCTGGTTTGTGGGCGAATACACGTTAGTATTTCGCGAACTGACAAGCAATGGGTATATCGGCATGCGGAGCATATGGTCGGGCCCGGCGTCCCCTCGCCCCCATTCTGGCTTTCTAAGTCATATGGCAAGCATAAGTCGCACACCCAATATCAGTGAGGGAAATAGTCGGCGAATTGTCTTATTTGCTACGAATGTGAAGGACACTTGAGTCCTATTTCCAAAAGTTTCTTACCGAAGAATAC,840,49.88,Escherichia coli
SEQ_611131,TCAGCTCGCTCCGAATACTAGAGGAGGTTCCTCCCCGTAGAGCTATCGGACCGGCGAACCGTCATCTCGTACGGGCCAGGCTCCAACGGCTATTAGCGAAAGCATGAGGACGAATGTGCCGTTATTAACGACGAACGCGTCCCTATGCAGAACTCTTCCTTGACCGTAGAAGACAGGGGCCGCAGTTATTTGCGACCGATCTGCCCCAGAGACTAGTGTGACATCCCGTAATACTGCTCCAAGAAGCCACTCGCTCCTGAGATAGTCGTTCATGACCCCTGAACCAAAGCGCTGACCCGCGCGAATTGAAGAATGGAATATCATGCCCGAACAGGATTAGACTCTAACACGACGTTTCTCTCTTGTCGAAGATCCGGGAGTCCAGAATTAGTGGCAAAATGCAAGGTCGCGCGCGTTGTCGGCTACGCTAAAGCCCGAGAGTTATCCTCCGTGAGTCCGGCATCCACTTGGCCACTCAACGCCCGATGCGGCTTCGTACAGCCCGGTTACGCGCCTAATGCGTCAGGTTACTTCCGCCCACTGTACGATGCGAGAGCGAACGTACGATCATCAGGGTCTATGGGAGCCATTGATGATAACAGCCAAACCTGGCCCACCACTGACCTGATAGGGCGGGGAGTTTAGATGACGTCAGTTAAGTCAGAGATGTCATCCATTTTCAAAGTTTGGTCGACAGGTCATCGTTTACAGAGGTGGTGAGCTAGGAGAAACATTGCCGCTACAACCCTCGCTCCCAGTGAAGCCTAGTCAAAGTAATGTTAGCGCAGCCGCACGTTCGAGTGGTTCTCAAAGAATCCTGAACAGCTCCGGTCCGACGTGTCTCGTCTACTCCGATGTCCGCGGTATCGAGTTACCGGGCAGTCGTATTGGTTGTTAGTATGATGGGCTTTATGGCGCCTTGACCTTTACTAGTCTCTCCGTAATCTGACGTGCAGCTTTCCCGTTCTAGTAGGCCGTTTTGTGACAGAGACGGCATACAAAAACCTACTTCTTTGAGATCGTCCAGTCAAGCAAGGCGCGCAAAGATTACTCCGACGCCCTAACATTCTCTTCTCGCATGGAAGCTACTGTAAAACGGAAGGGGTCCTCAGAGGTGATGGCACGTGCCAAAGCAACGTACTGACAGTTGTTGTACGCTGATTCTGGGCTGGTCAAATTCCTATAATGCGCCTACCTCAGTAGCTGCTCCTCGAAAGCCGACCCGATTAACAGGTCTCAAGGTGAAAGTTCTATCAGAATGGATCGCCGCTCGCTCGACGTCTACGTACTGGTGTATGACAATGTGTTATACAAGTTTGCCCATTCTTTCAGCCATATGCAGGTAGTCTCAGGGCCGATTCGCATATACTATTAGTACTTGTCTGACGACCTTAGCCTTATCTCTTCTACTTAAGCACGTCTAAATTGAGACCAGGACGACAGGCCTATGTACCGCTTCTCGGTCTGAATATAGAAACTACCCCGCGCCTCGCGCGATCTCTTGTCGTCTTCATAACCTTGGGGCGTAAAGTCCCAATGCCTCCTTCTGAGTATCGCGGACTCGCATG,1568,51.85,Caenorhabditis elegans
SEQ_527421,ATAGCATCCCGCCTGTCAATTCTTGAATTTGTCTTTATTGCGAAGGATTATTGAGAGAAAGGGACTCGGCGCAGCCGCGGGTACTTGACTCGCCGTACGAGCTGACACTAGCTCAAAATGAATAGTCTCTCGGAGACGTCGACGGCCTCAAGATCCGGGTTTAGAAAAAGGGTTCCTAAGTAATTCGTGTGTGGGACCAGGACCCTCGTCGAATGCTAATTTCAGTAGAAAGTGTGATAGCTTTACTCGTATCCGTCCCCGTAGTGGGATACAACATGACATCCCGGGCGGACTACTGAGGCGCAAACCTGACATATTGAGACGTGACAGGTGTGGATACTGGGCACGTAAACCCTGTGTTAAAAGCTCGCCAGTTACACTGCATTGGAGACCCAACCACGACCATGTTCACACTGTACCTAAGCCAGTCGTCTGCCATCCTTGAGCAAAAGGCAAGACCCCCTCTGCAATGTCGCCAGCGCGCGTCCAGGTGAGACCGTGAGTATGAGCGCTGGTGTTGCCATAAGCCTGGACTATCGGCTACGCCTTCCTCGTGGGTCTTAGGAGAAGCTTTATCCTGCTCCATCGGCGCCGGTCCACCATTAATTCGCTTAGTATTGCGTTACGAGTGTTGATACCTGCTCAAAGGCTCTGTACTCGGTACCCCAACTGTAGAGGGGGAATTTGATTCAAGACAAGGGGACTGCACAGGACGGCCCGGCGGGCGAACGGCACTTTCTCGGGACACTACAACTATCCAATATACCGAATTAAGGAAATTTGTTCGCTAAAGGGTCTCGGGCCGATGGGCCTGCCTGATCCCTCGAAGGTCCCGAGGCACCGGAAATAATCACAGCGTTTGCCCGCGTAGCTAGCACGCGGACATAGATGTATGGAGTCGTACGCATAACGTTCCTGACATCTCCAGTAACTCTTAAGGAGAATTTACGAGCCTACGCAATACACAGATGTGGCATGAACCCATGCTACACAGTTCAGAGCTTTCTACTCCGGGAACGGGATACCACAAACTTCCGCCGATCCGAGCATCGCTTTAGTTGGGTCAATGGATCGTACCCCCATGGATTGCATTTGACACTGGTCTCTGCGGAGGGTCTGGGAGAATTAGAAATGCGGCGCAGAAATAGCGCCTGCACGCCGCCTATAAAAAGCCTGGTGACACTAAATACGGGAGAGAATACCGGGTGAACATTTCGCCAAGATTGGCGACTGGTGCGCATTGTTAAGCATACTGCCGTATAAGACTCATGTGAGCCGAGATAGACTAGAACAAACACTAAACGGCTGGTCCCATAGCTTTATGAATGCACATCGCTCCGATATCAGTTGAGATCTCAACCAAATACATGGCCAGTAATGATGGAAGACCAAAGTCATTAACGAAACCCATAACACCTCCCGTACGTCACCGCACGTGCCATCCCCTACGAGTTGTTTCCTACGGCTTCCGTTACTACGTCTCATTGGCTAACTATTCGGGGAGCTGTTGGTCGCTACATTAGTTATGATTATGCGGATACTTCAACGGACCCGAGAGCTCCTAAGATGAGCTTTGGTCGTTTCAAACCCGAGACAGTTTCATTCATACAAGAATATGGCTTTTGACACTCTTGAGACCTGAATTCACAAACAAACGTGTAACGCTGCCATGGTACATGAGTATGAACCTTCCCAAAGGACAGTCAGAATTCATCTACAGTGGGTAGTTTGGACTTTCGGAACGAGTCAAGAAGAATACCGCCTGATATGCAAGCGCCATAACCCTATATTGATAGTGCGAGCGCTGGGCACACCCCCTTGTTCGTCCCCCATTCCAGGCTGCCAATTATCGCTGGTAGTGTAAAACCGTGTACGTCATAGCCGACCGAGCCTTGCTCGGGCGATTAGGAAGTCAAGCCACTTGCCATTGTCCTGACACGCAAAAGTGATTTTATACAGAGCGGAATCTTGTCCCCATTGGTTCTTTAGAGGACCTT,1997,50.23,Escherichia coli
SEQ_115806,GTCTTTGAATGCTCAGTTAGACTGTGAATCGCCGTGCGCCGACCGGCTCATCTCCAGGATTCTTCACCGCTCCCTTTAAGAATTGGACTAACTTAGGGGCCAACATAGGGTGGATTTCGTCCGATGGTAACGCCCCAAGATCGGGTCGTAGCTACCAACTACCTTGCACAGGATCTGCCAAGTTATACTTTACGCCGTGCCTGCGGCGGCGGAGTACGAACTACTCTTGTACGAAGTTTGCGATACTATGGGGACGAACGTCGGTGTTCTGTGGGTTAAAGAGCTCTGTACATAGATTATACTCCTGACAGATTTCTTTGGATGACTATGGCTCAAACGCGCACAATTCATATTGACTGCCTTGATATTAATTATTGTGAGACCTGCATATACAGACCAGGACAAGGCAACATAAGACATACGTACGTGGCGCATGTCTTCTCGC,445,48.54,Homo sapiens
SEQ_659663,TCTTTGGGGGCACTTATCATTGAACGGATTGATGCGAATATAAAACCGGACTCACTCTTGTTTGGTGTTGGATTGTTAAAACCCTTGTACAACTGAGACAAGACGTCCCGATATAACAACGACGGTTAGCAATCATTTTGAACACTACATTAGGTCCCCTCCAACTGAGTCCGATGCACACTCGCAGGAAGATTCAGGTAAGAAGTCTGAAGCCTGGAATACCGCGCAAACCGATAACGTAGAACACAATGAACCGAGACTCACCATGCGAGGGGTGTATAAATAGATATGGTTGTCATTTCTGTGTATTACGTCCTTGTTCCCTCTATTACACGATGACTCGGAACGGAATGTTGTATGCTTTTCTAGGCGATTCCGGTATGTAGAGTAAGAAGTACCCTGATCTTGTAAACCACATCTACTATTCGGTTTGATATGTTTCAAATTAAGACGGTTACATGCACAGTGCCGCTGGGAAGTACTGTTACTAAGGAGCTCCAACTTCCTCTTCCAGGTCGGCACATGGGGTAGAATTGGACTTTAGCTTTATACTACGTGGCCAAATATAGGCGTGCAAGTGATATGGGGGAGCCTCATCAATATGATAACTAACTCGCTCGAGATGCGGGCCCTAGAACGAGTCAATCGACTCCATCGATCCATAGGCATGAGTCGAATGTTCCCTGAAGGGTCAAAACCCAACCTTCTGGTTCACGGATCGATGATAATGATGCCTCTGTACCATTGCTGTTGTCAACTTTAGTTGTGCCAACTTCTGTTTCCTTAAATCCTGTCAGATTTATTGTTGAATCAGAGTGCCGGGAAGCCGGGTGGTTTACGCGGGTTGTTCTTCAGCGCTGTTTTATTGCAAGGTGGGGTCCCATCCTCGACTTGGTG,897,45.6,Arabidopsis thaliana
SEQ_822817,GCCAATCCAACTTAAGATGTGTGTGTTAGGTTTTGCCGCCATAAGGTCTATGGTAAAGCCGTGGAGCAACGTTCC,75,48.0,Homo sapiens
SEQ_514070,GAATCGGGGGTGCGTTATGCTTCAACGAGCGGGTCCGGTCCAACTAGTTCTTAGCATCCCCAACACGCAGCACTTTGATGCATTATGCCAGCGTTGATCCGGTAATTTATGCATTTAAGGATCGGCTCCAAGTGACATGGAAGGGGCAAGGCTCTTTCTTTTGAAAAGAAATAGTACCATCCTAGGTTGCTAAAATAGACACATCCATACTGGTCCTTCCGCGGGGTTCTTTGGAGTAGGTGGGAACGGGGACGCTCCGCAAGATCAAATGCACCTTTAAGAATTCCAATATGCGTGGCCCACCAATGCCGGCGCATTCGTAACACTGACGATACTAATGATGTCATGTGCACCCCTCCCCGTTGGCGCGCCGTGTTACCTGATTTGCCATGCATACCACGCAAATGATTAGGATCAGCTTGATCAAACCTCACGTTAATAATTGTGGTTACGCAGCGCCGGAAGGACGGTTTGGTCCGCTGACTCTTCCTACCCGTTCGGTGTTACACGTATTAGGAAGAAATAGTAATGAGTACGCACCTACTGGCTGTTAGTTGACCGATTGCTGTTTAATGTGCGCCCCCTCCCGTGTGGTGGGTGATCAGTGGCAGGACGTAGGCAGCCTTTATCCAGTGTCAGGCACTGGTTACACCGTAGTCTCTCCCAACAGGGGGTGAACTCCCGTACGAATCTTGATACAAGTGGGCTAAAACAGCGAGTGGGAGTGCAAGAGTCAGGGAGACGTGTGATAGCATGGTCATACGTCGGGTTAGTTCGATGACCGTAGGAGCGACTCTTATTTGGCATCCGTCGGGAGTCTACTACGTTGGGCTGTCACGAACAAAGTGCTGCCTATTGGTAAAATTAGTGTCTCTCGCCCGTCAGATCAAAAGGACTTTTGTATCATGGGTACCGACAGCACCTGACATAATGGGAGTAACCGCCGAAGCGACACATGATGATTCTGTAAAGAGGTTTAAGAGAGTCGCGTTGGCTTAGC,1000,50.3,Mus musculus
SEQ_509118,GGACACGCCGCGAGGCGCGACTAATGGAGATTCATGAAACAGACAGTAAAGCTCGCGGCGAACGTGGAAGATCTGTCTACGTAACCTTATGCCAGTGTGCCTGCGCAACTTCCCCAGCAGATGCGCAACCCATCCTCAGATGGCCATGGTAGAACGGTTTCTAGCCATAGCGACTAGTCGTTTAGTGGCCCTATCGCTCTACTCCCAAACTATCTGAAAAATTAGTTATATACTTAGTAATTAGCGAAGGGTGTTCTCGACCGGCCGCTGTTCTCAGAAGAGATCGACGCAGGGCTACTGAACGCATCGCGCCGTTAGCCTAGGGGAACGCGGAGGTTCTGGAAAGCATGGTATTGGTTAGGTCTTTCGGGTCTGGCGCAGCCCGGACTAATTTGAATGGTCGGTCAGAGGGAGTCATGCCGAGCTTGGGACAATATAAGAGAGGGACTAGTTGTGAGGCCTGTGCAGCGATATTTGTAGCGTAAATAAATGTATTAGTAGCTCCAGCTTGGACTGCGTCCCAAGATCTCGTTTTGAGTTGACACGAAAGTTGGAGTTTACATTTGCCTTTCCACGAGGTTAAAAGGAGAAACGCCAACTCGTCCCGAAATTGTCCTATTGCTCACCTAGCGTCGTTCCGCGTTGTTAATCCAACTCCGACGATCGGCTCTGTTAACTCCCAACTTGGTCAAGCGCGGCACGTAAATCCCTCATATGTAAGTCATAGGTTGCGATTAAGAGAGAGGGCACCCACCCCTCGCCGGTCTCATGGTTGCCATTCGGATTTCTAAAGTTATTTTCCTGTCATCCATTAGTCTATCGCCAATGCAGCAGCCACGGATTTCCCTAGAGTCTTGGCGTAGTACAAATGCAGTGCCACATGCTCAACGCCATCAGGAAGAACAAGAACAGGCCAAGAACTCACATCGTACGTTCAGGGGTACGGAATTTCGTCAGTACGCAAATTCAATAGCCGCGCATCCTTCAGTTGTTGTTGAGTTTGCTGGGTATGACGCGGCTATGACCCTTGCCGCGAGCCTACTCAGG,1047,50.53,Mus musculus
SEQ_211430,TAGCCACTTGTTTGGAACATGGTCTTCGGTCGCCGCGCAGACGAACCCTTCCACGCGTCTCTTGTTACCTATGGCCGTCATGAGCTACACCCGCGCGCGCAGAAAATAAATATATCGCCGACT,123,54.47,Homo sapiens
SEQ_323259,ACGGCTTTGTGAAGCCCAGGATTTAAGCAAATGTGAGATGCCTTGTGTTGATCCGAAAAAGGGGATAGATCGCGTGCCGAGGCGAGTCTCTCGCTTTGGGAAGCATGTACACGTGTAGATCGTATTTTAATAGCGCAGCCTCGTCCAACATCTCCGCCCTAAGATAATATGGCTTTATATAGTGTAGGTGCAGGCGTATACAATTCCACCACTTTAACTCAATCCACAGAAAAATAGTGGGGGGTAAGCCGCGCGAGAGTTTCGTCGTGTGCTGGAGGGTTCAGGCCTCATCTT,294,48.64,Saccharomyces cerevisiae
SEQ_732713,GGAGGGACGAACCATGCACTTCATAGGTTCCCAGAGAGGTGTCCACTTTAAATACCAGATCGCGATTCACGCACAGGACACTTTTTATTAATATCTTTAGTGGGCCGGCAAGGCACACCCGCATATTCCAACCTTGAAATGAGCCCAAGCCGAAGAGCGTTCTTACTAACTTCCTGTCATTGCGGATGAGGTTGTTTCCCACATTCATTTAGAGTTCCAGGCGTGAAAAAAGGATACTCCATATCGGTATCTGGTTCCTTCATCCAGATCTGTCTGGTGGGCAAAGGATTATTCCGTATTGCATCCGATGCGATCGAACGTGCTTTTGTTTTGAGATATAACGGGGAAGTCAGTGGCAATGGAAGACCGTGACGAAATGTAGAGGGACAGTGCCACTTTATGGTGCCTGCCTTTAGATACCGAAGCTATTGGGCGATCCCCAGCAGGCCCGGTCCAGGGAGTGGAGGATACTTTGGAGTCTATACTCGCCGATATAGTTACTTTTCATGGCCCCAGTCCAAAGGGCTAGTTGTACATTATCACCCCCTTCCCTACAAAGTGGATGGATATACCCGGTACAACGCCAACACAGGCTTGTTGCGGTGAAGCGCGGACGATAGGCACGTGTACGTGCAAGGGCTTGTGCGGCAAAGATTGTCAGACAGTGATCGCACTGCTCAAACGGATATCATTGGTCAGCAGCTATGAGACAACGTTTGACACGGGATCCCCGATATAATTCTGTATTTGACGGCACGAGCTTGA,765,49.15,Homo sapiens
SEQ_842838,GAGCGAAGATCGATACCTCCCGAACCGGCATATTACAATGAATTGTGCTCAAGCATCCGACCAGACGTCATAACGAAGCGGGGTGCGAATCTATCATCCAGCGGTGGGCTAATCGCGGACTAACGCCCGTGCCATCACTGCCCGCACGAATTCAATCCTTATTGCTGTTCCTTCTTTTCAATCAGTTATTGAGATGCACGGTGAATATATGTCGGAGATTCACGCTGCTCTCACCACTTTAAGAGAGGTTAGACTGCGCGGATTTGGCCAGTAGA,275,49.82,Arabidopsis thaliana
SEQ_755076,TGAAAATTAAAGGCTGGTCGCCACGCGGCTATCTCGCGAGATAGCACATAACATGCAGCTATTCGGTGATATTTCAGCGCGGGGTCCGTTGCAGGACTAACCCGAACATGTCTTACTCTTCCCAAGGAATGATTGTCTATCTCCTAATCCTGGCCGATTGTTCAGGATAATGACAGGTTACCCATATATCCCAACAAAGCCTATGTTGGGGTTGTCTCATGGAACTTGGTCCCGCGAATCCGTCTTTTCATTAGTGGCGGGACTTGAGTACCACCCTATAGAGATAAGTGGCACACTACACTGACTGCGATGCTGCCCTACTCGAAACACAGTCCTGGTGACTAAGGACGATCGCTTATACCATGTGATGTTCGTGTCGGGAGTGGCCATGGACCATCAACTGCTTACCCGGCCGTATAAATATTCGGGAACTAATGCAATGGCAGATGGAGACCACGTCGATGAAGATTTATTGTAGCGGGGCTTATGGCATCTAGTTGTGCCACTAACTTAGCCAAATAAATGCCTACCCTCTCTGTATACGTGATCGTTTCCGTTTCGGTGAAAGCGACCAGCCTTGCATTGAACACTATCGAGGACGTACCAACCTGACTAGCTGGCAAATCGATATTGTTCGGATGTGATTTTGAAAAGGTAGGTGCTGGCTCTTCCACTCCTGTCTTGGTACTAATCATTGCTACCGAGACGCTGCGCTAGATATACATTAGACAAAGAGGCTTTTTAATCCATGGGCCCCAACACTTTGAATCTAAGACAATTACCCAGAAGCGGCATCGGGTGACGTCAATAGCTCTGTCGGAAAAACAAGATTCGGGATGAATTACCCGAATATCCAAGATCCCCTGTTCGGAGGCCGGTAGAAAGGGATCAAACTCATAATACGGACTTACTAGAACCTGACAGGTAGCGTGAGAGATTAGCGTGCCGGGAAATCGTCAATGGGCGTCGGCAATGACAGCTTGATGCACACGATCAGCTAACGACTGCTTACGCCAGTCCCCCGGGGTCAAGGTAAGTCGTGATTGGACTTTAGCGTTTAAGTGGGCAAAGCTCAGGTGCGGATGAAAGGCTATACTGGGCTTCAACTGTTCGATGAGCAGTCTAAGCTGTCCCCGGCGCTCCATTACGGATTTCATGTACGATAAAGGATTTAAAGCTTATACCAATTCCGCGTCCTAAAGATCCAGTGAACCGCGAGGCGACGTGTCTAAGTCCGAAGATGTTTGATCGTTAGGCCCTGAGGTAGAATGGGCATGGAGCTCGGAAGCGTAGTTGTATGTGTGAGTGGGTTCGACCATCTGTTAGGTACCAAACGTTACTTGATACATGCCCCGACCTGTTTGTATCCGCCAAGCACCAGTGTGTAACGCTGTGCGGTGCGCGTTGACGCCAATTATACTTACTAGTCTACTGTAGTTCATCCTGCTTCTTTAAACGTATCTTGCCCGCAGCCATTAGTTTTGATCCGGCCCTTGGATTTATATCTTGCATCCCCGGCGGTCCGGGCGCCACTGAGGAAACTAATCTACTCCCTGTCCACCGGCAGGAGGTGATACCACAGCCCAGAGATCATCGAGAGCCGAAACTGGATTTTATTGCAATCTTGTAGTTACGGCGGTAGGTTTATTGAGAGACCTAATAGTATAGTGATACCTTGTACGGTATGTCTAGTTATGAAGTCTCCAGCATAACTGGTGAGCACTATGGAGAAGGAGATTAGCGTACCGGATTCGAAAGGAGCACGTCACATCATTAATTACTAGCTGTAAGGTCGATGCCACAGTCCAGGCAGCCCCTACGCTATGTTAATAGGGGCAGTGTCGATTTCGATACTTGAGAGTAACGCATTTCTTTGCGCGGCGTTGCCCACTGA,1894,48.63,Escherichia coli
SEQ_117123,CCATCAGATAGGGCATCACTTAGACTGTACGGAACACAGGTACCCAGACCTGATTACACTGCCGCAGTTCCCAGGAGGCGAGACTCTCCCTGGTGCCGTAAGATCGATTCACTTTGGGTGGATGAACCCCCCTTGTGACCGACCCGGTTTAGACCTAAACCAAGCCGCTCATTAATAAGTTGTAATTCGTCCCTATTCCTGTAAAGGATAAACGTGGAGTGCGATGACGGAGATGGTATCACACCAGAGTGCCGTCGGGTGATCGAAGCAGCCCTAAAGTTCAAAGGATCCCATAGACAGCCCCAGTGGAGAACACGTGTCAGGGAAAAAGACTACGAATGTCACCATGGCGTTCGGGATAATCGTTGACGGGTCTAAGTGTATCGAAACCCTAGTGCCAGGATGGTTACTTTTTCTGTCGCGTGCGATAAAGAGCGCTGTTGCGATACCGAGCAAGCCCCGTGAGGGCCCGTACCGAAGCGTTAGTGGAGGCCGGTACTGTCTCATCATTTATCAACAGAGTTAGCGACATCATTAATGTGGGACCTGTGATGTACTACGACCATATGACGATTTAAAAGCGCCTTGTTGCCAGAAGCTAGCAGCGCGTTTCCATTTTGCTCACTGAGTTTCAAGGGAACTGAGTTAGGTCAGGATGAGTCACTCACTGTTAACATGTCGATCATCCGGTGCTTACTCCAAGCGGCCTCATCGATTGATCATCCGAGACGCTGATCGGATTCATCCCAAGCTAAAGCTTATGACTGGGGATTTTTTTGTAGACCGAGAGCCGATCGTCAGCTCTACCTCGCAGAAATAGGGTGAGTATATTAATCTTAAGAATGACTCCCTATTCTATTCAAGCTTGAGCGATGACACAGATGATGCCGAGGAATTG,898,49.33,Drosophila melanogaster
SEQ_443589,TCCTCCGCCCCTAAGAACCAGTGCAGAGCAGTACAGCCCAATATGCTGGTCAACATCCGGACCAGACGCAGGGTGTTATGGGAACGTCCGGCCAGAAAAAGCGTGGTCTCTTTTCTTTCCTTCGGTGATGTTCGCTGTTCGGGCACCATTCTGCCAACGGATTCCCCACACTACTCACCACTCCGTCTCGTTGTTCGGCCCCAGGGCGCGGTCCCCGAATTTACTGACCGGGAGAGATGGACGCGCCCGAGGAGCTCTTGCGGGCGTGAGGTCACGGCGGCAATCTCATGTTTAATGGGCTCCGACTATCGTAAGGTGAGAGTTTTAATTAAGTCGCACCCCTCCATGCACCTACGGCCATATTATCTCAGACATGAAACCAGAGGAGTTGGATCCAGCCTTGTATATGATGGGTGATGGTTTATATTCACAAGGGGGTACGTGAAAAGGGCCACGTTCATTGTCTTAAGCCGGGGCCAAGCTTTACCGTAGGGGGCATCGACTGAGGATAGTTCTACGCCAGACTTTGTGTGCAGCACTGCCTTAGCCGGTGTGGTGCCATTGCAACTTCAGTCACTTCCTCGGTGATTTTTCGTAGTTTCATCCTTGGCGGTCACAGACGGCAACTGATTGAGATCGCATTTCTCCTCCGCTTATACGCACCATCAACTACGGAGGGTCGAGTCGTCTTCGGGGAAACCGCTCATAAGGTGAATGCCCTGAGAAGCTCCTGATCCCATAACATGGACCGCGTGCCGGCAGCCCCCCTAGCAAGGGGTCGTGAATACGTTGCCTGAAGTTCAGATTGCATTTGCGCTTTATTATAATTCGACTTCTAGGTGCGTTTCTTCGGCACATTAACGTAACCCTTATTTGTACACAGTCATCTGTAATATTCTATATCAGCTGCCCCATGTAAAAACATAACTGATTGGCATTGCACTCTCCGGTGAAGACTCAAA,962,51.77,Mus musculus
SEQ_381913,GGCGAACTGCCAGGGTTGTACGCGGCACACGCGAGTTGGCACAACTTAAGTGGGCACGCCGGTGGGAACTTTAGCTATAATCTTGCGGACACCGACTCGGGTAGCCCATCCTCTCTAGGAAACTTTCTAAGACGGGCAAGACATTGGTCTGTAGCACCAATGGTAGAAGTAGTACGGCCACTGAGGAATAAGGTGAGGACCAAGCAGTGTGTACGTGTGACATTATAGGCTGAACGTACTAATGCGGCGGCGTTCTGTGCGTCCATGATATGCCAGCCATACCAGAGATGGAATGGAGTAATCTATCTATCGCCAGACAGGCTTTTCTATAGTCAAGAGTGTAGGAGATGCTTTATGGCCATCTCGTCGTCGAACGGCCTCACATAATGGTAGTGCGTAATCCTCTATTGCTAGGAAGAAGACTGTAAGGAGCCACTTGTCTAATACGCCCAGTAGTATTCACGTTCCATCCCTGCCGGGCGAGCCCCGTCGGGATCTGTCGGACATTGAGATATGATGCTATTAGCCAGCATTTACAACGCGTACACTTTCAATTGGTGGTTGTTGTTTGAGTCTTCCTCCCTTAATAGCAGCGGCATGGTTAGCCAGACTAACGCCCTCTTTGATGGATGAGTGATCAGTCGAGTACGATTAGGTGACATCTCACTTTCTACGCGTGCCGTGTAAGTCCTAATTTCTACGGGACGACGCTCACCGGACTAGGTCAGGTTGTGTGTATGTGCTACTCTAAGTTTTTCGTACATAAAAGGTGGGTACAGAACATAATTGCTACTCCGTCT,800,49.38,Homo sapiens
SEQ_962779,CAATCCGAGATCAGCCTCCGAGCACTCAGTCCTCCTGATAATGTGGTTCGCGGTTTTCCATCACGCCTTCGGGTAGCCGACGCCGAATTCAATGGGACCCCATACCTTTCTTGACATTCCGAGTCCTGCGCAGTGCGTGCGTAAGCAAAAAGGGAGTCCGTA,162,54.94,Homo sapiens
SEQ_792312,TCCGGAAACAATCCTGTCGGGTATATGCTACAAACCGGCTTTTACAACTTTGGTGCGTAAGCCGGAGTCAATATCTAGCTCCGTATTGGACATCAAACCATCTGCTGATCTGATTCAGGCGATGAAAAATCTTATTTGCAGGCTCTAGAGGCACCTTGTCAGTATTGACGATGGATACACCCCCTGTGGACTGAATGTAAGGTAAACGCTATTAGAAGATGGCCGTACCGAATGACGCTGGCTTGAGAGGTTTTACTTGTAACAATCTAGCCGGCGACCCTTCTGCACGAAGTATCAATCA,301,46.18,Arabidopsis thaliana
SEQ_858543,ATGGTTAGCTTCACGTGGCGTCTCATGCTCTATAGATCGTGCGGTGCAAATGAAGTAGCACCAAGTGCGTAGCCTTTGCAGGTGGCATGTTGTAGGTTTCACCGTATATTGCATACGAGAGCTCACGGATCGGTAAGGTCTGAGCCGGTAACCTGCAGACGTAGATTTGAGACGACCATATACTAGCTTGCACTTGCCTGGTTCCTACTTGGACAAAATTCCATGTAATTCCTCTAGGTACAATACGAAACATACCTTGTGAAAGTGTTATATCAGCTGACGAACGAAAGTGCGCAGTTGAATATAAACTGTGTGTTCTGGCAAAAGACTAGAAGACTGGTAATACAAATGCTCCGGGACCTAAGCCAAGACCTGGCACGTTAACTGTGCCATGTATTGCTAGGTCCGCCCCGTACCTCGAACTAGTAGTTAAGGTCCTGACCGCACGTCGAAATAGCGTTACTCCAGATCGTGGTCTCGAAAAGATCAAGGGCTGCCTTGAATACGCGTTCTGCACTCTCCAGCTGTAGAGAGTAGTCTTGAGCAGACTTTGCGCGCACCCCTTCCTCCTTCAGATGGCTGACAGCGAGGTCGTGCTATCTTCTTCCTGTGCGCTGCTCATAATTCATCTTCTCCGCGTTTACGTAACTACAGAGCCTCAAGTTTTAACACGTCACCGTTCCGTTCCGTACTGACGTTGCTGACGATCAACGGACCATGCAACTGGTAGCGTGGGTGCACATATAGAAATGCTCATTCACGTTTACGGACAAAACAACCTAATAATCCTGTTAAGCGGAAAGGTCTCGAAAATTGGCTAACTTTGCGGCGTCCAGGGCCATCTCGGGTAGATTCCGGTTACTGGCCCGGTTACAATAGTGAAATAAATCCAGCGCAGCAGATATTCCTCGAAGTTGTTAGATAGATAACCGTATCAAAGGCAACACCGCCGGCACACGTTACGGTCCGATGCGTACAAAGTGTTGCTCCAATAGTCGGCCTACCACCGCGAGTCGCTCTTACCCTGTGGACAGAGGAGGTCTCAAGAGACCATCCCAGGATTTAAGGTACTAGCTCGCCGGCGGATCGAGACAGTTAGCCACGAAGGTGAGTCGTAAGAGCTCTGGGCGCAGCCTACCGGAATTCCTACTCGGACAATTTGGGTTACCTGGAGAATTTTACTAGACAAGCAGTGTATGACGGCTTTACGCAATGATCATGACAGCTAGGTGTAAAAAGCACTGCTGAAGTGAGGTAAGCGCGCCCGCGAATAATAGATGTGCAACGGTCCTTTGCTACGCGCGGGGAAGGGGCATCACGGCCTTGCGGTACCCGCGTCCCCACGAGGATGGCGGACAGCCGAGCCAGCTATGCATGCCGTCAGCCGGTATGTGAGGGTAATCTTACTGCACTTCGTGGAGAACAGTCCTATGAAGTCGGTCTGTGGCCTACTGAGTGCACGGATAGAGAAAGCAATCTCAACCGTCATTAAAGAGGTTGCGGCGCGTACCCTCC,1515,50.69,Saccharomyces cerevisiae
SEQ_232151,GCTCCAAGACTAGAGATTCACGTAATCACTCGACTTTAAACCATGAGAGTGCTAGACGTGATTTAGGTACTGATACGTCCGACGACTCTAATGATTAGTGCTCGTCCTTGCTATGCGGCCCGCCCTCTCTAGTAAGTGGAGGTTGGGCGACGTGTCACCCTTAGCGATAACCGTGAGAGCAATACCTCTAAGAGTTCTGTGTTTAAGAAAAAAACGACATTCATTACAGATTCATAGGTCATTGAGTCTATAAGTACCCCGTGAAATATCTCAAGATGTATTCCGCTCCGCTCGGATTTTTTCCCTTCTAGTTAACAGACCACGCCTGAAATCGCCCTGGAAGCGCGGAAGGTGCCAACAATCGCGAAGACGGTACGCACCAACTATGGTTGACACTCGCCGTCGCACAGTGCCAACCATTATTGATCCCGGACCCATGGAAGAGGGGCACGAGCAACCGCCGGGCGGTACTGGGGGTAGTTGACCATGTATTTCACGTTCAAGCACTCACTTGAGTGCAAGAGTCTTACATCCAGCTCCGGAAGGCACTGAGTGGATTGGTCAGGGTTGGGCGTGTTAGCTTCCGTGAGGTAACATCCACGAAATATGGATCTCTGGAACCTCGAAAGTATGTTCTCCGGGGTACTTCCAATGTATGCGAAATCTGAGCGGCACGCGGTGGAATCTCGATCCCGGTAATACTCTTTTTGGTGTCAGGTAGCCCTATGATCGATCGAGATACGGGCGGGTAGGCCAAAAGCGAAACGTCGGTTGCAGTGTGTGCTAGGCACCGCGCCTGCGCTACGGGCAGGATCCGATCCGTGACCCGTCAAAAAGTAAGCCACGGCGCAAGTTTTTAGCAATGCTCAGGCGTCTGGTTTACTCGATAGCAGCTGTAGCGCGTGTAGACCACGCCTGCAGCCAACAATCATTAAGTCTTCATAGACGCCCCGCAGAGACCGTCTAGATAAGTTTATCTGTAATGCAGGCGATCCCCGACCCGTAGTACGTGGTCGTGACCTGACCCGCACAGTGTGATCTAGTTGCAGAAGCGACATGCACATCCTCTTGCAATGTACTATGCTTGTCCCCGATCAGCGCTCACTCTAGTTGTTCTTACGCCGGTGTCATAAAAAACCTGTATAGATTATCTAGCGCTCCGCTAGAAAGCCCTCTAGTGCCAGTCACATTTACTCCGCCCCAACCACGTAAATCACCCCGAATTACATATAGAGGGATCAATGATAGGTCGGACAAGGTCTCGTGCTGTGAGGAAGATCAAAAGCTAGTTCTCTCAAACAATAAAGCCATCTATTCGAATCCGCAGCGATCAGCTGTGCAGCGGTTGTGCTTCCGAGCGAGTGCCACTTGTGACGGTGCGACCCGGGGACTGGAGTAACAATTGACCTGAGCAACTCGAAGTTCCGGGACTCGCTACTTGAGGCCCGCGTGGACAGAGGAGATGTGAAACGACCCATAGCAATGACGGGCTTTAGCGTTCCGTGCTGCGAGTCTGCACGTCCCGAGGCCGTCTAATCCTAACGGCAGCGCCAATGCCTGCTGTCTGTGACCCCGCAGAATCTTACCTCGAGAGATCTATAATCCTACCTAGGCCGCTAAATTCTCTTATTGAACGTTCGGGTGTACACGAGTCCTGACCAAGGCTACCAATTATCTCCAGGCGACCGAGGTTAAAACCAAACGAATT,1708,51.52,Homo sapiens
SEQ_172630,AGGGCCCGGCATTCGTGAATATCGGATCCACGTACTAGCAAATGTTGTCTCTACGTTGATCTTGTATTTTAACCCGGCCGCTCAAACAAGACCGTCCCAGAGTACGTTTAGCTATTGGCGCACCTATTCAGGGCTTCCCATGACATTGGTCATACAACATACGAGGAGTCTTAGTCTTGGAGCCGTCCTAATGTACAACAAAACGACGGTAGCAAACTATGGGGTCATAAGCGTCGAGTGTTTCACAACTAGGACATCAAGTTGCCCCCCTAGAACCCGCGCTCATGCATCCACACGATTTACCACGACAAGGGGCTTGTCGATGGTGCATGCACAGCGCCACGCCACGGTCCATCACCATATTGATAACGCGGAATCGTGTTATAGGAACCGTGTCTATGCGCAAGGTGACTGGCGTGGGGATAGGTTTCGAAGCCTAAGCATTACCGCTGTTAACGTCCTATGGAGCCTGACCAGTCATTTACGTCCTTGCTTTTTCCAGATGCACAAGGCATAACCACCATTGCTCGGCCACTCGCCGTCGCCTTATATTATGAAAGCGAGTATGCGAAAACCTTATTCGTTTGACACCCAGCCCTAGCTTTCTGTAGGCACCGTGGAGGCCAGCTGTGATTACGAAGACTATCGTATTGTTACCCGCTCAAACTTACCGAGATCTAGCGCGCTACCGCGCTCTGGTGCACCAGCCAGGACTCGTTCACTGGGCAGTGGTCTACAAGCCTGTGCGGCCACTGGACCATACGAAATATCACACGTTCTAATCTAATTGTCTCGTACCTTTCAGTCCTACAATTTGGCCTAATCCTAGTTCCGCGGCTTTCGTGCCTGTCACCTCGATGCACGGTAACTTGCAGTCTAGCGAGGCCGTGGGTATGGAGCGGTTCAATCCAAGCCGTGCGGAAGGCTTTCTAACTAAGCTTACCTGTAGAGCACAGCCCCGATAATGGTAGACCTAAAGTATACCGATCCGTTCGCGTGCTATGAGTACACTATGTTCTCAATGAGGTTACAAGCTTGACCTCTTT,1046,50.67,Caenorhabditis elegans
SEQ_710392,TCGTTAGAGGGGTGTCCTAACCCAGCTAGAAGGTCGGCACGGGAACACCTACTCGGCCGTCCCCGGCACAACAGTTTCGTTATGCTATCAAAGTTTATCAAATTTGCAGATCCGAGATTAGTTATAATTCACGCTGCCAGGCATGTGCGCCTTGACATTGGGTATTCCGCTGAAATAGACCGATCCACTAGTCACCTGCCCGGTATGTCTTCAGACTCCCCTTGGTCGGAGTGGCGAGCCGGCCTACTTGTCCCGCCACGTGCACGTAACAGCACAAGGCGCCGCCCTCCGCGAGGATGAACTTTGGTGCATCACAAGAGCAACCCTCCTATGTGAGTAGAGTTGCCGGCCAGGCAATCCCGTTTATCGGGCGTCTACTAATATCGCTTTACACAATACGCAAGCAAGACTTGAAATTTCCCCGCTACCAGTTCACTTATAGATTTAGTACGCCAACTGAGCGCACTTAGGTAGTATCCGCGTAGACTCCTTCCGGTCCAGTTACTGATACTTTGGTGTAGGCGAACGTGATTTATTGTTACCATTCAAATTGACCAAAATCACGATCAGTGAACTGGAGCAGGCACTCGAACGGCGCCATGTTATCAACCGGCAAAGCGTTTTGACGCAGAATTTCAGGGCTATTGCAGTCTCCAGTAGCCTATCCGAAGAATTACAAGCACGCGCTTGTCGTAGCTCACACTACAGTAATGAAACACTTCGTATGTTTCAGATCGGCACAAGGTTTGGAAAATAAGCCGAGAGGGGAAGGGTAATGACCGGTCCGGTTACAAAATATCCACCCGAAAGGCACCCTTACTATAAGGGACTCCTACGTTTCGGTACAATCTTCATCTTACCAAGTTGGGTGAACCGCATCAAAGAAGAAGCAGCTGCTGTAGGAGGACCGGTGGGCACCCCGCTTGTTTTACGCTACTTGTAAGTGCGTTAACATCGTCCGAGCTGTTAAGAAAGAACACAGCAAGAAACGATTATTATTTCATAGGATGGGCTGTGAGCGGAGCGAATGTGTGTGATATTATACAGAGACAGATGACGAAGATGTGCCTGCCACTGCGTAAGCGAGCGAAAGGTGAGCATCAAAGGTATTCTCGAGTCTCATGACTAATAAAGATGTAGTACGACAGAGCTCGTGGCCCAAGGCACTGCAGTATTGGCCCCCCTACTCAACTAGGTGAGTGAAGGATTTTACATTTTCCCACAGACGGGGAGTGACAGTGCGCGGTCCTGCCACTTAGTTAAGTCGTGATAAAAAAAATAAGCGACCAAGAATATTTTGCTATTTACTAGACAATCCATATTTCCGGATGTAAAGCTTAACCCAGTCGGGGATGATCCAGGGCGGCGGCAATCGCCCGTGTAGTTATAAGGCACTTGTTTACCACGACACTGCCATAGCTGTTTCGACCTTAGCTAACGATTAGGAGGGGCAACTATCCATTCTGTCCAGTCACTGATGCCTTTCGTGGGTTTGGTGATCATCAAGAACAGCAACTGGATCGCCGCCGTCCTAGACGCGTCAGGCGGAGATCCATCGAGGTTCGCAACTACGGGGCGCGACCTGATTTGAAACGCTTTCATGTGGTCGTAACCCCTGGGGCCGCTAAGGCCTTAAATACACACACCCCATAATGCCATATATATGGTTCCGATCAATAATCGTAGCAGATCCCTTAACCTATCGTATCTTTTGCACCTCGGCTCCTGGCCAGCATGTCATAGTGCCTAAATCCGTCTTCGGTTAAACCGAGAGGGCGAATGTTCACTTTATCATGTTGAACTAAACTCGTCACCAGCATTTTGCGTAATAGCCATTACGTGATGCGTATTCTAGCCCTTACTTATTTGCCTCCTGTAAAAGTACTAGATGCAAACTTACATAGGATTGTAAATTCCAGCGTTAAGAGACTCCGATAGCTATTGGGCGATTGATTGTGACAGGCCGCCGCAATGGGCTACG,1981,48.71,Homo sapiens
SEQ_612233,TTCACGGAGGCAAGTATCTCGAGGGCAGGAACACTACTTCTAGTTTAGCGCTCAGCATGCGACATTTCCGAAGATCGACCGAAGCGCCCTTCTCTAGCCCAGTTTGCTTCTTAGGCGCTCCTTTAGATTGCGAGGTCACTCAATTTCCACAACGACCCCGTCTGCAGTCATAGGCAGCATACCCCTGCCACACGCCCCATAACGACGATGTCTTAGTTTTGTGTATGCCAAGTGCCTTTCTCAGTATGTCGGGTAACCGACCTCCTATTTTATGGCGCACCACACGCCTAGATTGAAAATAGTATCTCTAGTCATAAAGTCCACACTTATTACTAGGTAAATTGGTTGCTTGTGTTTACCCATTTCAGCATGGCGCTATTAGCACAGAGCCCCCACACACGAGTGGCGGTCCCACATAATTGGCTGTGTATTGGAGAGTGGATCTAGATCATTTCAAGATATCATATCCAGCGCATTGAACTTCTCCTGCGCCCTTGCGGAATTTTCCGTTGTCTCTATTGTACCTTCCCGCTAGTCACCAAAGGTTGCACTCGATCTCATAACAGCCTTGCAGTAGCTCAAAAAAGACATTCCGGCGCCGAGCTCGAGGTAGGTCTCCCTACATTGGTTCATCGCAAATTTACGGTTTGTTCGTAAAAGCCCAAGGATTACGGTCCCCACACCATCCTTCAGAAAGTTGCTCCCCCTAAATCTAATGGTACATTAAACGATTTGTGCTGAGGGTAATACTGTAAATATGCCCCCTATCCCCTAGAATCTACTGCTGTTCCCTTCTTGCAAGCCTCTCTGTTAGTAGTTATGGGCTTTTAAAACTAGAAACCAGTGATGTGTAATTCTACTATATCTGACCTGTCTGTAAGCCTGCTGTGAATTGGAAATAATTAAAGAAGGGTTCCGTCGCGCAGTTGCGCCTGGTTGGTTAGCACGCTCCTATAGTTATCCAAAGTCCCAAAGCCGC,979,47.19,Saccharomyces cerevisiae
SEQ_579275,CCTGACTTATTGGAGATCGTGGATACGCAGGGGAATTGTGCACCGCCAGCATCTTCCTGGATCTACAGTCAAAGTCATGGGTCTAAAGATAGCGACAGTTAAAACCTATTTAGACCCAATGTCGGCAAAGCAGATTTAGGAGAAGGCAACGTTGAACCGTAAAAGACTGTCGTCTCTGTATCTCACCGTTGTTTCCAGAGTAACCTTATGCCATCTTCCTTCCGCGCATTAACATCGGAAGTTCGCGGTAGTGATATAAGGGAAATAGCTTCTCTGCCCTATGGGGGTCGACGGGCGCCTTCCGCCATCGCAGGCGCCAGAATTCAGCACTGCATGCTCTGCTATGTATTCACGTGATGTTGGTTCAATTGGAGCAACACGTCGCGTCTGATCCGCCAATGGGAAGAGTGGAGTACTGGTCCAAGTGAGACCCCATGACTGCCCGTATACGATCATCATCTATTATAAAACCGAGACGTAGCGAACCGTTTCTTTACCTCTCAGCGGATCTGAAACATCCCAAAGGGGATACGACTAACATACAAATTCTTACCTTTAGAGTAGGCCTGACGTCCGAATAAGAATAAACTCTCAGAGTCTACGAGGCATGTGAGACATACCTATAGGATGATAGAGTTGACCCTTTACTTGCAGTGTTGGCTGACCCATGATACGTGTCGCCCAACCGTCGTAATGGGTTGTACTAGGATCGATAAGATGTTTCATGCGTTCCCCTCGACACGCTAAGGAAGCTGCCGAAGCCCCTGGTTCATTAGTGCTATAGTTCCGCAAACTAGACCCATCAACCAATCGTCCGCACATGAAACTAGGATGCGGCGCTCTCCGTGCCAAAATCGGTTGGCATGCTGCATCACTATAAGGGATATACACCTGGACACCCTGGTGTTAAGCCAAGCATGCAAGAATTACTGGATATTGTGACATTGATAATAGTTTTGAGTATGTAAGTCAGGCGACTGAATACAATTTGTCATGCTTCAGCTGTCAGCACGGCAGGATCATATTTACAGGATTTTTAGGGAGTAGGTTCTCCTTGGCTGGCTCCAGCCGAAGATACGTGCCTGGCCTAGCCTAATATCTGCCAGTGTAACTAGCCATCGAAGTGCCGTTCTGAGCAGTCCACCGAAGTGAAAGATAACTTCAACACTTTTGGTTGTTGGTATACATGCTTCGGATCCTCCATATACACAGTTTGAGGGCATCGCCCATACGGCTTTGGTGAAGACGAGAAAACGCTTCAAGCCGGCAGTCTACAGGATGCCGAAATTCGGTCAACTTGGTAGGGTCAACTCCGAGGTGGAG,1323,48.22,Caenorhabditis elegans
SEQ_828476,ACTGAGGCGGCCACCGCCGCTGGGGTTTAGATAACGGCAAAAATGTGAAGAACATGTTGCGCCACGGGAATGCCGACATCGATACAGACTGAAGTACCAGAACCCAGATGTCCCCCAGTCCCGCACTGTTCTCACCTACGGAGCGCGACATGGACTCACTACTGCACCCAGCAGATACCCAGCGACAGGAATCGACTTCTCGCGAACCCTTTTTCAATCGTAAGTCGCGCCTTCGGATCACGTCCCTACGACACGGTTAACCGCTATCCTTCAATATTCAGTGGGTAAGCGCCCTATCAGGCGGGTAAAGCCTGCCCTACTGCCCGCTAGTACGATGACCCTCGTGTGTCTTGGGGAAATCCGGAGTGAAATGATGCACTAATGGAAGGCTCCGCACCAGTCTATTAGCGTACGT,415,54.7,Caenorhabditis elegans
SEQ_510131,GCGTGTCTGAATGCCTGAGGGCAGTCCTGTGAACTTCTTCTGCGTAGACTAAATGCCCTTCTAACGCTCGGATCGGTAGTACAATGCTTCCGAGATTTTCACAATCTGCTGCAAACCCCTCGTGAAGCTTGAACACTGTCGTAGGGACTGACGTCCTACACGTTCTAGATTATCTCGCGGTGAGTGATTATTGAAATTTGCATAAGTTTCAATTGATGGGGGTAAAAATCCACTAGAGATGAGCACGAATCCACCTGCATTCGTCGTAGCCCCCTCAGACCATCCAATATTTCATCATCGCGATTACAGGGGGCAATGGCAGGGGTCAAGGCAACATACTGAAGTGCAGTCGTCTCCTCATCCTTTTAAACGACGATTCACGATGGCTTGTTTAGCTAAGTTAGCCCTCGAGTATTCGGTACGCGTTAGCCAGAATACATAATGGAACACCGCTCCAGTTGACTTAACCAATTCCACCCAGTCATATGCTGGCTAGCTTCGCTGTCCTCGGGGAGACAATCATTGACCCTTCCTAACACCGTGCCAGAAGCGGCCAGGTCCCAACTTCATACGTTTGTAGGCCGGGGAGGGCCAACGGCCGTCTCAATGTAAAGATGTAGTATGGTCACGCAAAGAGATCCTGACGTCTGCCGATTCAATTTTGCTGCAATGTGGACGCGTCAACCTGCTACGGTTATTACGCCCACACTTGGGCGTCACTGTTTTGTTTGTATTCAACGAGCGTCAAGATAGCGTGTTTACGGCGCCATGTTTGTCCGCGATAATTACTAAATTTGAGGGGGTAAGCCGCGCAGGTGACTCTTAGCTAACTGTACCCTGTCGTTCGTGCGCCGAACAGATGAATACACTCTTGCATCCTATCCGTAGGGAACCTCGCAAAGATATCAATCGCAAAGCGATCATATTGTTTTTGATCTGTTCTGACGACTTCTCCGCGCGAAAGGGCCACCTCGAGAAACACTAGATGGTTCACTGGCAAGACTACGGCCCGATGATCTGCATACTGAACTGTTTTATCGAAGTTGAGATACATACGCAAGGAATTTCCTGGACCTCAACGGGGGTCGGAAACAAGTTGATGTTGACGGTTTGAATGCATGTATGGAGCCCCCATACATATGACTGCCACCGAGCGGTCAACAATACGTATATGCGCAACCGGATTCGTAGTCTGTCGGAGTAGTACGTGCGCGCGTACCAAATCTCAGTCGCAGCGCTTATAGATATGGATTTATCCCTTCGTGGCTTTCCAGAGCATCCGGCAATAGTTGAACGCCGCAGTCCCAGCAAGGTCTCGACATTTAGATATCTTTGGTACTTTATACATTATCGGTGTTGAGTCGATTAGCACGCCGTTGGCTTTCCGCTAGACGTGAACGGAGTCCAGCTGTAATTGCGGATCAGTATTTAGGCATTTCTGAACAGTGAGAAGTTGAAGATTGCCGGACGGGCTTAGTCTTCCTACGATATCTACAAGTCCTTTATTTAGAGCATTGGCCTAAGAGTTTCGGCACATCCGGCGCTTTCAGGTAGGCATGTCATTCTGACCAAGCAAGTCCCCCACCGTACTTGTTCAATCGTGGGACCGTTCTATCTGCCGCTTACAATAACGACATGGAAGAACTGTGGCAGCAGTGCAGATCATAGGACCCTTTCGTTTGAAGTCATAGTACTAAAGTCGATGCTGTAACTCAGTCTACTGAAATTGAGTTCTGGTCCTGTTGACACCCTATGATGAAAAACCAAGCCCTTCTTCACTAGGTTTATGATTCATGGTACCTACCTGATAGCTTGCATGATCAGAGGCATGGGTCTGGCGTACGCTTAGATACCCGCTGGAAGACTCCAGAAACGCAAGGGTCTAGCGATTGCAGGCGAACTGGCTGTTCGGTGCCTAGCACGCTTTGTCAGC,1933,48.73,Drosophila melanogaster
SEQ_316442,TGACATTCCTATCTAGATGGCCGAAAACCGCGTTTCTCGTCATGACAGTCGTCCTTTTTAAGGCAGCAGCCGGAACGGAGAGACCGCCGGGGGTCTCCTGCCTTAACTGTATGTTGGTGGGGCCAAAGACTTAGGTAGAACGGGGTGGGATGCTTGGTACCACCTGTTGCTCATTCATAGCGTGGTGACTTGGTCTCCACATCCTTCCTGTGCCGAGGTTAACGTGCCCGATCGGTTCCGTCATGTTAAATTTCGTGCTAAAGGACGCGGTAGGAGATTTTCCACACCGAAGGCAGCGGAGACGAGTAGGACTCGACGCGAACAGAACAGAGGTGTCTAGTTTTCCATCCCCATTCTCCGTGAACGGACTGGCAATAGCAGGCTGGTCAAGTTACCTCCAAGCGCTCC,408,53.92,Saccharomyces cerevisiae
SEQ_556812,GCCCTAAGTCTACTAGATAATACGAACCGGAATGTTACTGGGACATGTAGGGAGTCTACCGCATGAACTGGAACTAGCATTTGAGACTCTGTAAAGGTCTTGGTCTGAGGCGCAGTCCCTTTTCGCGGTAGCTCGTTGCGCTCTTAGCTGCCAACGCGACCCCCGTGCATACCGTAAAATTGTCGCAAATTGGGATTAGAACCACAAACGAACAATGTTCTGGTCACTCCCGGCAGAGTGCCTCATATTACCATGCCGCAGGGGGGATAAAGCCTGCGCTACGTAATACAGTGTTAACGAAGGCGAGAGCTTATGGATTGAGTGTGTCCCAATGCATGTGGACCCGGCTACCGCTTCATTTCTCCAAGCATTGCACAAATCGCAGCTCAACAAAGAAGAGTGTACATGCTTTGAACAACTTATCAAGGTGTTTGTGTTAGGATATATTAAAATGTCCACCAAAACTAAAAACATTGAGCGTGTCTTGTAACGGCGTCAGGTAGACGGACTCACCCTGAGGGTGGAATGGCCAGAAGAGAGTAGTCTAATCTGTTCCGGCAGTTTGCTTCGCGACCCCCATGTTGATTGGCGTAAGTATTTTCACACCAAGTTACCGGAGGCGCCACGCGCAAGGTACCTGTTGCAGCTGATCATTGACACTCCACTGTCTAGCGCGAACCGCCAGGGCGTGGCGTCCGCTAGTATTCTCGTTTTTCTAAAACGAGAGAGTCTGCCTCGTACGGTGCGATATAGTAGGCGCCAACTCGTAGGCACCTTTGCAGCAACGCTAACTGCACTAAACCGTGCCTAGACACGCCGAGTCGGGTTTATACCGTTGTGTGACATCTCGATTCGACTGCCGGGTAGGGGCTTGCCCATTCCTGGAGTGTCTCTCCGACCTTTATAGCCATGCTCCTGCGGTGCCGGTCATTTCTGCCCGGGGGTCGCATCTCGAGCGGGCGCCTTCCTTAACAATAGCGGTCTTGTGGCCCCTCAATCATGGAAAAGTGCCGCTCCTCGGACCCCACTGCAAAGAGTCTTGATCGGAGGACGTTTATAGCTGGGCCGACTCCCGT,1076,52.14,Escherichia coli
SEQ_528907,GGGTGTCTAACATACTCCGCATCGTAGTGGCTTTTCGTCACGCGTAAATGCCCTGGCTATTTATGCGACACATGCAAAGCCTTCACCTCCAAGTTTGTGCTGTTCCTTTGAGCTCTTTTGTGGCTGTCAACCTGGAGTAAACCGGCGTCTATCGAGCATCGGGCTCACATCTGGGCGCAGGTATGAAGGACAGATCGTAAGCGGTTGAATGTAGTGCGTGACAAACCTGAAGCCTCGAGTTGCGGGTATGTCCTTTAGAGTGGACCCACATCCAGTTGTGTGATCGCGTTTCAAGAAGTCGATTTCGGTATACCTCACCTACAAAAGCGATCTCAAGCCATTTCCCTGAGACCCCAGCAAAACCAAGAGCGCAATACCCATGCAATGCCGTTCATGCCATGGACCACCACAATGCAGCGACGCTGCCGTAGGGGGATCGAAACACGACGGATCCGTTTCATCGTGGTTAGCGATGATCAAGGGCACCACCTGATCAACATCTAGACAATAGTGGGTATGTATCTTCTAAAGAATATTCTCAGACGTAAGATTCCGGAAAACTGTGGTGCGAATAACGCAATGGTGCCAATGCCGA,595,50.08,Saccharomyces cerevisiae
SEQ_543266,GCCTTCCTGGTTCCGTAAATGGCGCGGTGCTTATCTATTTCGCTGACCAAGTGGCGCCCATGTGACCACCTGCATTTCAACTTATAGTGTCCGCACTCTATACATACGACTCTAGACAGTTCGCCACGTACGTCCCCAGCTTGCGAACCACCGCGTCCCTACGGCCCGTGAAAAAGTGAAAGAACTGCTCTGATGCGCACGGCTTACCGCTCTCTAGCAGTAGATGACCTTGTCGACAGTGAACTTTAGAACAAAGCACCTATCTTAAGACGCGATTCAATCTTCGAGATGAGTAGCCCCTTTGCTATCTTAATCCGGACAGGTCATTCTTAAAACCAAATCCGCACTCCCACTGTAACCCTGGGTTCGG,370,50.81,Caenorhabditis elegans
SEQ_117762,CAACTGGGAGTCGACGCAGGAGCATTCTGCAAGGCAAGGTACAGAGAAAGTAGACGGCTCATACGTAACTAGATATAAAATGGTGCTTCACAGCTTACTAATGGCAGATGTGAGCCTGTCGCTGGGAATCAACACGTGCCCAAGGACAACCTCAACATATATTTACGCTGGTTCCGGATCATCTGAGGCGAGTATCGAATCCATCTCCATAGCCGGCTTTTATTGTAGCCGGGAGTTTTGCGAGCCAGGTCGAAGGCCATCATTCTGTTTCTGTGTGGAACGGTAAACGATACATCGTCCAGTTTCACAGCATGCCTCAGAGGAAAGCATGCGGCCAGGGACTGAACTGTTACAAGCGTTACGGAAACTAAACTGCTACACCCTGGGGAGTTCGGGGTAAAATCACCTAGTGTTCCTATGTGTAAGTGCATCACCACACTGGATCGTCATTTGACCACGTGTTGCTTAGTACTTAGCTAGGTGGCGGATACTTGGCGCATTCCGCCGCACCACGTTCTCTGCCCTACGGATGCAGTGACGTTCACGGTATCT,552,50.18,Homo sapiens
SEQ_403730,TCGATTTTCTGCGTGCATAGGGGAACAGTTATCTCTCGAGGTTACGGGCCCGGAGCTCAGTCGCGGCGGGAATCATAACGCATTCGTCATGAGTAAGCAAGGTGTCTGTAACGGTGATCTCGGACTTCTCGCACCTAGTGACGGGGAACTACCCGGGCTAATAGTGAAGTCGCGGGGTTTAACGGTGTGTCAGTTTTGAGGGCCCTACGACGCCGCTGACATTAGCGCAGGCTAGCCAACATGATATGGGTAAGATCATTGAGCCGTTTGATAGAGTCGTAACCCGTACCAGCAGCGAATTTAGTCAATAGGGGTTATCATAAGGTCTCCATAGCAAGAATGAGAGTGCTATTTGAGTTATGGGCGGGAACGTCAAGATGAACGTTTATTCCTTACGACTCTGGCTGTCAGTTTTCGTTCCACCGGGAGATGACCTGCAGTGACCAAGACCCGCAGGATCCCTAATTCATTAGATTCGGCATTATTTCCCCCCATTTCTAAAAATTAATCGCTGCGAGGTCTGGGCCCAGAGTTGGCTTGATCCAATGTTTTGCTCGGCAAGCGGCTGTTGCTCAGTATGTATTGCCGCATTCCAGTGACACCTACGCAATGTGTAATCCGACAAGTTTAGCATGTGGGCTAGCGACCCAGACATCTTGGTAATAGACGAATCGAGGTGTGGGCATACCTCCTGCCCCGTGCAGCACTGGCCAAGGTAAGTACAACACAGAGGACGACCATACGTCGCTCTGCTAGTGTTTTCACCCAGGATCTTTACTATCGAGGGATCCAGTGACACGAGAGTTACTACGGCACAACGCGGCGGAAAAATTGAATAGCGGATATAAAACGTCGGCAATTTAGAAGGGTTCAAACCACCTGGCCTCCACCACCCCAAGAATAAGATCTGCTACTCAGTTTTGATGTTGCTAGGGGACCGCCAAAGTGCCACGCATAGTAACATGCCAATCCGAAACAACAAAGAGCTCAACCCAATCGTGTTCTGCGAGACATAGAGTAAATGCGCCCGCGTCTGGCATCTTGCACGATAAAACGGCCAGGCCACAGCATGGTGGACTCCCAAGGACCGTATCCGAATCGCAGTCCATTTTTACGAGGGCGACGCATAACAACCGATTTTTTAATGACGGATTTGACAACGTTCACCTAATGGCTCAAGACAACGGTCGTTTCGTCATTAGTGGACAAGTCCAAAGTGCTAGACACATCCGATGTGCGTCCTCAGAGGGTGGGGGGTGGGTTGCCCTAGATAAAGAGACTGATAAACCATGCTCGAGTCTTTTTTACCGTATATAAGGGATCAGAAGATCTATGCATATCGACTGGAATGAGACTCGGCTCTTAGCTGG,1370,49.85,Drosophila melanogaster
SEQ_997658,AGTGCGCGGCCTATGTGGTCACGTTACGCAGCATTTGAAAGGTGTTCCCGCCCTACCCCGTCAAGCACATATGTCGCGAGCATAAATAGGGTTAGATTCATTATTCCATTTATGAGTGCTGTAAAAGCTTAGAGATATACAGCTCAGACTACAGAGCAATTTTGGCATAACTCTCATCTGACATGATCAAAACCAAAAGCCGTGAGGAGCATACCTGCCGTGCATAAAAGATACTCACATTTGCTAGGAACATCCAACACTTTGCCGGGTGGGCTCCGGTAGCCTTGCGACGCATCCCCCTTTGGGGAGAATCCTTATGAGCTCATTCGCAAAGGATGGAAGTGCGTAACATAATATCTGTTGCAGTAACGTCATTGTTGGACGCAGGGTAGAGGGCTTGTCCACTTGTAGTGATCAAATATGGGGGCTTTCCGGAAGGAATGAAGCTCTTCACTTTAGGTTGAGCATAATTTCTGTGCGAGCATTACGTGTAATATAGTTATCGTGAATACTGAAATTAGACTCTTACGCCGAGAAAGAGTGAAATAGTCCGGCGGGGAACGCCTATATTTAGAGGTAGTTTACTTCCTACACTTAGACAATAGAACAATGGGCAGAAGGGTCCCTGTATTCCACGTTCGTATATAGGATGATCAGGCCGACGGATCACTTGGCTCCAAGTCCTACCCTTTCTCCACCGTCCGTTCGAGCCGGGGGTTTTGATGTGGTACACCAACATATTGACGATTGTAAAGAGTTTGTCAAAGTTCCGTAGGTCAGCAGGGAATAGCCTGATTGACCATATTAGAGCTACACAAGTACGGTCATACCTTCCTAATTCGAGTGCTGCCTGGCCTCAGATGCATGCCCGCTTTGTCCAGCGTTTTTATGCAATCAGTACCGGCTCTGCAGGTTCCGGCCGATTAGAACGCGCCTTCGAATGGACAAGGGCACGCCACCACATGGGAGACTTTTGAGGGCGACAATCACCCGCGCTCGGCCTCAAGTGAGATTCGGATGAGGTCCGGAAATAGTATAAGTATGCAGCTAAGAGTCCCGTTATGTCTAGCCCTTCCACCACTGGGAACAAGGGCAAATTCACCGCGAATCACGTTCTGGTGTTGGACACGCTTACACGCTGCTTTATTTGCCTCCTTGAAGACATTATCTACGCAACCGGAAACAGAGTTTTTCCCCCTGCGTCCAAGACGGCGTGCCGGATTCCGCCCATGAGCATAATGCTAAGATCTGTCAGTTTCGCCTATGGGAAAAAGTGTAGTGTAGCGGCAAATTCACCGCGAGTGCTAGTCCGATTTTGTATTTTTCCCAATGGCCGCGGTGGAGAACGAGAGACACTGCATCAGCTTGCATGGGAATTGCACTGATGAAGTAGCGCAATTTCTGCCTTAGTACGAGAGCTCAGATGGATCACAATTTGCGTCGGAGCCGGATGTCAAGTGCGCAACCACGCCCTGGATAATCCGCCTGCTGGCGCCAGGCATTTCTAGATGAATTACCTGGGTCGGAATGTGGAGTCTCGCTCTATACCGGGTAGCTACGGGGAACTTGCATCTGAGGT,1579,49.21,Drosophila melanogaster
SEQ_300930,GGGGGCTCGTGCTTCTTGCAAGCTCACAGGGGCCCCATGAAGTAGTTGCGATTTTCTTCTATAGGATTCAATTTCCAGTTCGTACATCAAAGTTAACATGGTGCTATGAGGTCAATACAAGAAGACAT,128,44.53,Mus musculus
SEQ_193127,ACGCGGTTGAAATCCATGACCACCCGTGGTGGCCTGGAACGAACCGGCTTGTTCCTTGAGGGCTACGTCGTAGGGTCTTACACACCACCGGGGCTTGCGGGTTTTCCACGCTCTCCCTCGAACGGTTGTGACAAGGAACAGGGACGGCCGGGACATGGCCGTCCCGTGGGTTGGCTAAATCTGAGCTGGATCTCGTCGACCCGGTGCCTTCATCGGAATAACTCAAAAGTAAACATGTTGAAAATGTAAAAGTGACATGTGTAGCGGGCGTCCCATGCGGGCGTACTGCGGACGCGTCCAGACAGACTCTGGTCAAATAAACGGAGAGGCACTGTATGAACATAGTGAATATTTTTATGTATATGAGCCGACGAAGTGAATATTGTGAACCGTCTCCTTTCCATACCGAATGCACTCCTGTCGAGGGTCACCAAGCGGAGAGGACACATCTCCACCCTGGATGCCGGTTACGCAATTCTATTGTTGTCGTTCCCGCGGGACTGACATGTTTCACACTCATTTTTAGGTTCATCCATACTCTCTTATTTCTCTTGTACAAA,560,51.43,Saccharomyces cerevisiae
SEQ_816900,AGGTTTCAGAATTCGGTTGTGAGAATGTCGCCACTGAGAGCATGTGGAAGAAGGCTGCATTTTGCCAAGCACGTGTTCTATTTGCAGCCGGTGAGAGTTTTAATTCGAGGGGACCTGACGACGGGGTATGGTCGCGACTGATCAGTTGCTTTTCGCAAGGAGCCGCTTGGCTTGGCTGTCCTGGAGAAGCGTATATGGGTCGCCTCTACATCGTATGGGGCGATAATTACGTGTGTGTCCGGAGCTTCATGGTTAAACATCGGGAAGACAGGTTTGTCTTTGCATATCGAATGCAAGTGAACATTTGTATCGATCACAAAGAGAGGCCCCAGAAGATTTATTGACTTGTAGTGGGCGCAGCGCGCCTTGACTTCTCCAGTTTTAGATTCACCTCGGGACGTCAGCGTTTCGATGTAGATGGCGTCTATAGGACTAGCGGCCCTCGTGCGTGAAGACTTAGACTATTTACGGCCTACTCCGGATACTGCCCCCCGCCACGAACCAGCGGGGCGATGTTGTACCAATCGCGCGGATCGACCAAGTAAGATCTACGTAGCCCACCTTCCACCAAAGCTAGTGTATGTTATTAATGTGCGAATAGCCCTTGGACGTGACATACTCAATTCAGATGTAAGTCATGGCAGTTCACCTGTGGCCGACTCATGCTTGCCACCCCCCAGCTTGTAGGTGTAGCCATTCATCAAAAGCGGGTTAGTCAAGAATGGTCCATCACTTTCCTAACGGATAGAATTAGAGTAGCACGCTAAGCTTCCGCTGGTAGGAGAAAGAAGAAAGACGTTATGGATTGACAGACGGTCTAGGCTGGGCGTAGAAGCAGGTCAGCGAAAGGCAGTTAATGTCGGGGTCCTACCCCCCAAGATTCACCGAACGCAAGATTTTTCACGGGGGTCACCTAGCGCAGAGAAGGCTCCCTGGTTATCCAACCGAGGATTTTTCGCCTATTTTGGTATCCGTGTCTTCATGTGGCAAAGCCTTACACGGAAGCGGCCCCTACTACTGTACAAGTACCCGACCGGACGTTGTGGCATGCTAAATGAGTCCTCTTGCGAACCCGGCGATATTGTGACTCCCCAATCGACAAACTCGGT,1109,51.13,Drosophila melanogaster
SEQ_825531,GTGAGATACTTGCCCTTCGTAACAAAGAGTGGCTCCCCGGCCAATTCGTTTTTAAATGGAACTGTCCAGAAAGAGACCTAGCTGTGGGGGATCCACCCTGGTTTCGCAACAACGGGCTCCGCCGGAACATCGGAATTCGAGTAGAGTGCTCAGCCTCAGGATAATGACGGTAGACAGAGAGAGTTTGACCGGTGAACTAGTTTACGACTATATTACGGTAAAGGGCCTCCACCTAGTTGCAAGTAGCGGGATCTACGCCTGCATATGTAAGATCCTCATCTGAGATCTGATGTCTGGTCTAGTAGCTCTTAATATTGAAGGTGTTGCTGTCGCATTGCTATCATCTGAACATCATTCCCGGTCCTTATGACATGTATAGGTATGTAGTCCACAACGTCTATAGCACCCACCAAGTTTGTAGGGAAGAAGAACTCTCTGGGGTAATAGGTAGGCGATCGCCGGACGAATTCCCCAGAGCCAGAATTGCCCGACCCGAGGTTACCAAATGTGAAAGGTAGTTTAGCAAGTGGTCGGTGTCGGGGGCGGCCTGATCATTATATAAGTAAGAATCACTGACTAGGAACGTATGAAACGTCTGTTGTGGAAGTGTTTATACGATTGGTTCGGACTACTGGGGTTATGTGCGTTCGACTTTTCGCTAGCGATCGCCAAAGTGCAGAACCCGGGTGGCATACCCCCGTACCAGTCTGGAATCGTGAGTATCCGTGGTTTACGTCAGAACTCCACTTCAACGATGGGCTACTCCGCCAGGACATTGAGCTGGTGCTATTCTTATGGAAGTAGCGTCAATATCTTGTTACCTTAGGGACAAACATGCTCTTCTTCCGGGCCCCCTCGTCTTGACTACAGGAGTGCCGGACTCGTGCTGCACCATGTACTTAGTCAGTGAGATGATGAATTGCGTCAAGCGTATCGCTGTGAAATGTCGAAGCTAGATGCCCTAAATTCTGCGACCGTTAACTGGAGGAAAAATACAGTGCCCCGGACGGCGATACATGCCGACCATGCCTGAGTGCTTCAGATGCGGACGGCGCAAGTAATGAGTGTCCATATGCGACTGTATGCCTGTAAGCGAGTGCCCGCGTGAACAATGTAGCACTGATGGCTTGTCATTGGTGATTCCGCATCCTAGACACCAGCCATTATTCCCGTATATATATAGCAATTACTCCGCTTGCGCTTCGGTGGTCGTGGTATTATGAGCCCTGTGTCGATGTAGGATATGAGCTTAAATTCTTGGGACTTTTCATCCGGGGAAGGTAAAATGCGTGTAATCGCGCTTGAACAGTGATGGCAATTAGAGCTTGGACGAGCTCAAGGGGCGATTCTGTCCGTGAGCTCTCGTCAAACTAAACGATTGCCCCGGAAGCGGGGCCAGTCGCTCGAGCTTACACTAAAGCACACGCGTTATAGCCCCCTCCGTTTACATCCCGGTTACTAGAAAATCTTTAGGCGTCCAGAGCGGCCCATCTAGGCCGTGGGGACCGGGCAGGGCATCTACCAGTTCGGGTTG,1534,50.46,Mus musculus
SEQ_165277,GACATCTTAACAGTTCCATTCCGCTCCGAATGTGGGTGCCAAAGACTGGTGTGTACGGTGAATGCAAGCGATCCAGCTCGTGTAATAGCTGCCATAGCGATCTAGTATACAACCTAATAGCGGCCACACTGAACTCTGTTTGATTCGGCGCATGTGTTACCCTGAATGCCCCGAGTCACCCGCCCAGTGATGACGGGTCGGAAAGGTTCCTAACACAAGCTCAGTCGTACGCTGCAGTTATGAGATTAGGGCTAATCGTAATAGGCTTTAAGGTCGGTATGGAGCATGGAGGCCACCTAAACCTGCTATTTTACACGTAGTGTAGAGAGGATCGTTTCATAGAGACGGAAGTTAAAAGTTCTAGAGTTAATCTTGCTCCCCGATTATATCCTCCGACGGTCTTGACCCTCACATGTTTCTGTAATGATGTGACATTCGTTGCTTCACTAAGGGAGCCAGCGACTGGTTCCGGTCGTCATTCCGGATTGATGGTGCAGTCCAAAACAAGAGTGGAAGGGACTGCGTAGCGTCACGACCTTAGCGAGACGGAACCTGTAAATTCACTGTTACAGCCGCGGTCCCATTGCCAGCAAGACCAGATAGCGCAATTTAGTCAGCCAAAATGTAGGTATTACACATCCCGCTTCCCTCTCTACGAATAT,662,48.94,Mus musculus
SEQ_527135,GCGTTAGACCGTATGCCAGAGTGGATTCGTGTTGATTTATGGAGTAGGACCGACATCTCTCCCCGGACCCATATCAAGTATATGTTATTCACACTCCTGTGATTAGTAATCCCAAGTCGCTTTTAAAGGGAACTGAATCGCTGACCATATTTGTACCGTCCGTACGTATGATTCGAATCAGCGGCTTCTTCGTCTCAGGCTGCTAAGGCGAAGAAGGTACAATGAAAACTCGGGATAAATGCAGACCGCCTTGGTGAAGCGTTCTCATCGGTCGGCGTACTGGCACTGGCTAGTATCATTGAGCTCAGACAATATGGAATACGCCTTAACCTTCTTGACCGCACCTATAGGACGTTCAGTTCCTAAGCCTTGGCCAACAGGTGCGCCCTTGCCTCTACGCGGACGTGCATACCCCAAGTACGGTGAGACCATCCCCCGGAAACGAGGCTATGTCTGCAACCTTTTTTTTCTTGTCCTGGATAGATTAAAACTTCCATGATGGATGTGGGTCGGGGTGGCGGATAGAAAAAATATCTGCACGATTCCTTTAAGGAGCCCGTTTAATTGGAGCACCCTATACAACTGGTATATGTTAGCACCACCGGCAACTGGGTGGTGCTGGCAACTACGTCGTGGCGCTGCCGTGATGAATTGGTTTAAGTCAATCGGAATCTTAACGATGATCAGCCTGGAGGAACAATCCGTCCCATGGTTCCGAAATTTGCAGGGGTGATGGTATCTAGATGAAGCTACCTCGTCTTCAGCTTATTTCGGCTGGCCTTCTATGGTCAGTACAATCGCATCCGCTATCGCCGACCTCTGGAACTAATCGTGCTATGCCGCTGAAGAGCATGACTTGAATACGCGTTTGCCGCCATAGGGCCGGTTCAGTTATATTGCCCGAGAGGCCAATTCAACGCGCTTCGACAGGCAAGCCCTAATTCCTTATTATAGCCCGGGCAGAAAAGCGTGTCTTTTAAAGGGACTTCGGACGTCACACGCCTCATCCCCTGGCTGCTACGCTGTTGCGAGGTACAGCCCACATAGTTGTCGGTACCATGGATGACAACAAATAAGATGTTTTGCCCCTTGCTAATCTCACATGCGTCACTGACTTATACCCAAGTCACCCCTGTGTAAAAGAAGCCCCCCCCAATTCGCGCAGCTGGTTAGAGAACGAGCACGACCTTCACAGCTCAGCTGAATATTAAACAAAGATCTCTAATGACCTCTGCCATACTAATGTCTGTTTCACCCAGTGCTAGAAGGCACATACGCAGTTCCTGCGATATAGCAATGTTTTAACCGAGCTACGGACACTCGAGTGAGGATGAACCTGTGGACCAACGTTGCTGGACCCCAGCCATAATAGAGGTGGTATCGCTGCATACACGTAGCGTGATGGAGGTGATCGTGGTCACCATTGAAAGTTACCGATTCCGTCGTGATCACCATAGAGAATTCCTTTAAGTATTCCGGTTGGAGCTCACTGTGAATTCGACCCTCTCGCGGCCACTGGGTAGTGAACAAACACTGGGACGAGATAAAATTTACTTCCGTGTCA,1564,49.42,Drosophila melanogaster
SEQ_416891,TATTCTACATGACTGTACCTTGAACTGGATTGAAGCGTTTAGCCAGGATTACTTATTTATCTTAATCTATCCCTCCTCTCGTGCCGTTGGGCCATTTGAAGTTATCGCTCGCCCCCAGACGGGAGCGAGAATTATGCCCTAAAGTCCAATCGGCCTCGAATGCTGCCCCCCAATCAAGACAGCTAAGATGGTGGCGTTTCACCCCGCCATCAGACGATAACTAATCCAGATAATGTCCTCGAGGAAGACCCACGTCATCACTCGCCGCCTAACGACTTAACTTTTACCTTTGTATTTGCATAAGCTAGCCCGGACGCGTGTGAACCCCGTCCCTGACAGTAACAGCGTTTCGCAGCGCTTTAGCCAACTCCGGATCCTGGCCCTGGCAGTCATGATGCGAAGCGTCGCTAGTTTCGGTAATATAGGTACTACAATCCACTACAATTGTTCAATAAAACCCCCTCGCGTCTTCCATTCCGAGTAGCCGGTCTCCATGCCTATCGTTGTGCGGGGCTGCTCAGGTGTTACCTACACCTCAGAGGCGCATCTCATGCAGGATGGTCGGAACTACTATTTGTGACCGACCACCAGACATCCCCCATCCTCCCGGGCGTTCCCTGAATCATTGTTCCTAAGGAACACGCTTGTATTGCATGCCAAGCCGTCTCCAGATGAGGACGGCACTCTATACTAGTGTCTGCGATTGAATTGATGGATTGATCATTCAGCAGGGGCCGCGTGAACCGGAGACGCGATTCTCTCCCTGACATTCAACAGAGCAGGGTGGATGTTTAGGGGCTCCGATTCAGGATATTATCGCTTACCAAAGATCCACTGCCTACCCTCCTTGAGCTATTACCTCGGTCCGACGGGCATAATTCACATAAGTTTTCTGCCTATCACGCGAGATCTACTTTCGACCACGGGGGTAGTTACTCTGAACCTGGCTAGGATCGCTGCGATTTTTCCATCATGTGTCATATTGCATATGGAAGCTGTGTGGCTCAGGCATGGACAGAAGCCCTACTGGTCCCATCTAACCTCATTAAAATGTAGTGGGAAAATGTACCTTTTCTTTTGAGTCAGAAACCCGCCTCGTATTTGCTCATCCGTACACAACACAGCGAAGATTACTCCCGAAGGGTGACCGGCCCGATGACATCCCCCCGGAATCTTCGCCCCTGGCGTGAGGGGCTTTCGAGAGCCGCACTGAGTCTACGTCGTTCTCTAGGTTGGATAATTGTATAGCGAGAATTTCGAGCCTATGGATCACATACGTCTTGCTTGCTACAGATCGATCGCACTTCGTCGCGAAACTGATTTGCCAGACGGGCCCCAGAGAATCACTTATTAGCTCAGCAGGCGTACGGTTTTCGTACGCTACCGGTGTGAATGCCTCCTGGAATTTTCCTTTTTCATAATTACCGAACATTTCGAACTATAGCCTCGCACATCTTCCCAATACAGTAGATGGTATAAGGATATTGCAGTTGAAAGAGCGC,1502,50.2,Homo sapiens
SEQ_998559,CGTTTATCCTATCAAAGTATGAGAGTAGAGATCCCTTTCCCACTGGAAGATTTATTTGGAGAGCCGCGATAAAGCGGAATCACACCCCAGACAAGGTATCGTGTCATCAGGCCTTATGGAACTCTTGAGATTTGTGATCGATGGAGCCTAGATGGTGCATATCATCGGACGTAGGTGTACGTTAACTGTGGGAGCATAACGTTGTCATAAGGACACAGGGCACTATGCACCCCTGGATTCTCGAGCTTGGTATACAATCAATAAGAGGGTGGGGGTGTGCGGCTTTGATATCCCGCTAAGGTCCTAACCTTCTTGGGTTTCTATCTATCGTGCTTGGAAATGGTATTGCCCGGAGCTCTTGTTGTCAGGACATTTCAGTTCTGGGAATGACAGGGGGTTCCTCTACCCAGTGCAGGAACGCCCTATGTGGACTACATCAGATTGCAGGGTAATTACGGCCCCGAGGGCGTAGCACCGATGGTGAACTGAGCCTCGTAGGGTTCTATCCGGCAGTATAGGTTAGAACCATGCACA,534,49.44,Arabidopsis thaliana
SEQ_220387,GGAAGCTTAGCATTGACGGGTTTGTACGCCAGTAGGTTTATTTAGGCGGA,50,48.0,Mus musculus
SEQ_927117,GGCGCTGTAGGACAATTTTACCCTTTTAGTTGATATTGAGGACCTACTGCTTGGCCGAATGATCAAGGGCTTCGTGGCGTCACGCAGGGGTAGACGTAGATTAGGTGGTCATCGATATATGGTTTGCTATAGGTAATGAAGCACTGATTGACGAAATGATGAGTATGGGTAGTTCGGGTACCCAGGAAAATTTTTAGGACGACAGGCTATTCCGGGTAGGGCGGCATAAGAATGAATGTTCCTTATCATTGTTGACCTCGGTTGCTAATTCGTCAAAACGGCTGGAGCGCTCAGTTCGCTTAGTTGCGTGACGAGGGAGTTAATCCTGGCGCACACACTATCTGGGTTCGCGCGGCGAACTTAACTTTTTTTGCTTACGGAACAGAGGTCGCTCCGAGACAGCTAGTAGATACTTACATGTTACCGCCAAGACTAGCTGTCCGCTCTAGGAATTAAGTGTTCTTTTGGGAGAGGGCGAGGAGAGGCCGACCGGCTTTTGGGGACCCAGATACATTCCTTGGACTCTTACGTGCGATTCGCTGATAACTACCTAGCATTGACCACGTGAGTGGTAACCCGGCAGGGCTAGGACATGGTATACACACTCTTTTCTACGTGCCGAACTTGCCGACTATCAAATAACTCTGCCGGAAGATATGACGTACGCTTTGCACGTTCGGCCAATTTGACCGTTCCTAGCCTCGACACACCTCAATGTACATCCCAATGCTCCTCCGTGCAGACATGCCGGGAACGTCTCAACTTCGTCCCAGGAGCGTATCCTGTACGATCAGTATCTTTGTCGAGCAGCCATCCATTTTCACGCGTGCAGGCACTAACCTTAAGGCCGCCGGGGTAGCTCTATAAAGAAGGCGCAAGCCAAAGGACGATTATTTAGGGCTCGTTAGCTCTGGCACCATTCATCTCCTAACTGCAACCCCTTAACCTTCGCCTCCAGCGAGTAATATCCTACGTACGTCAGCTGACACCGCCGTTTAGCGTAGTGCGGGGGGATGCACATGATGGGATGCGT,1033,50.73,Homo sapiens
SEQ_521861,GGTATCATTGCGGCTTCATTCTCTTTTACTGTAATGGGATTCTCGAAATCATCGGTCGTGTGGCAAGCGTGCACGCTTGGACGCTGAATGCATGCCACGCCGTCGGGGAATTGCCTGTTGAAAGCAGGTACTAGGCACCACTGTGCTAGCGAACTCTCACACTTGGCGGGTTCGTGGGCTATCAGGGGCCGGTGCACGGTGGACTCGATATTGCCGTTGAGACTATTACGTTCGATACATTAACGCGCGGCTGCATGTCAGCAACATTAGACCGCATAGTGCATGTCATCATATTTATGTGAACTAGCGAGAGCTCTGGCCCGTATGGTCTGGGGTGTTATCAGCAACTACAGAGTTCCAACCTACATGCATCAGAGTCGTTTAACGGTAAGCCGAAGACCTAGTCCCCTCTATCCAGTACTCTACTGTATGAGTGATTAAGGAGCTAATCACCTGAACTTCTTTATTCTACACCTCGAGTAGTAATCGTTTGTGTCTACAATAAACGCACCGTTGAATGATGTATTGGTCACGCGCCGATTAGGCTTTTGGGTGTAGGTGTATCACTTAGATAGAGAGGCTAAACCTATTTTCTTTGGCTCCCCCCCAAGGGTTGGCCCACCAGTTCCAGGGGCCGCATTTTGGCGGAAACTTGAATGCTTTTAGGCAACACATGACTATTTCCGGCCAGATCTTGGAGCTACTGCGTAGCCCGTCCACCTTCCTACATTATCGTTTATCCACGCCGCGGTTCACATGTTTAGCCTCTCAGCATATCACGGGATTATCACGTTTACACACCTGGTGGCAGGTGAGATGGGCCTATTAGCCGGTAAGATGCCGTTCTGATGGGCGGTATCAAACCGCAGCTAAGTGAGGATTCACGGGGCGATAACTGATATGGGAGTTCTTTTCACAATATGCTCCAGACGGGCGAATGCCTCGAAATTACTAAACTGTGCGGGAATTGAGAGGAAAGGGGATAGAGTCGTATGATGCAAGTATGTGTCATAAAATGAGGCCCCAGAGAACTTAGCTGATAGGGACCTACCTTGTGCATGAGGGGCGAGTTCAGCGAGTATCTAGTTCGCGCGTCCGCGCCAGGTGGGGCCGTGACCGGCGGGGAGCGTTTTGAATCCGAGCAGTACGACAGGTACTGGCTTTAGACGGTCCAAATTGACTGTCTCGCGCACGCTGATCTGTGGCGGGTTTTGGGCTTTAAGTGGATTCAGGTGTAGTATAGAAATTTTTGAATTACAGGTGTGGGTGTCGTGTGGGTGCAGAAGCCTAGGAGCCCGGTGTGAATATACGGCGCTTGAGACGTTAAACAACTTTGTGGAAATGTGGATCCGCCCACGTAATTCAGAATCTCCTAGTTTAGGATGGACTAAGTCCACATATAGTTTGCTATACGCTTAGCGGAAAGAAATTTACCAGACAGTATCGTTAAAGGACCCAGGAATTGATGTCGACGGATCTATACAGGTCTACGTGATACGCGATGTCGTCAGTCATCCTTGAAGGAATAGTTTACTTCGATTTGTGTATATCTACTGAGTCCGTCTTT,1567,49.07,Homo sapiens
SEQ_636526,GGCTGGAGTTACACTATCGGCGGCGTGAATACGTACCCGAGGCGAGAACAGTCGCACGCCGTCATGAGGACGAGTTCAACGATGATTATAGTAGAATCCTCTAATCATATGCAGCACGACTTGCTCAAATCCGAACATGTTAAGGAGGGTGTTCGTTTAAACAGCACACGTGAAATGTGTGACGTGACACAAAGCGTAGAGTCCTATCCCTACTATGTTCGTTCAGTGTTGGCAATTGAATGCAGAAAGAGTGGAAGTTCAATGACTCCTGGGCATCATCTACTGGGAGTGGCGGTCTCCGACATCGCTGGCTTCTGCGAAAGGGTAGGCAGTCTCCTATAAAGGCGCTGTGCT,354,49.72,Arabidopsis thaliana
SEQ_588060,GCCTCCCGTTCAAGGTTACGGTTCCAGATGAATGTCCATGGGCCCCTAATGATAACTATGCCGGGGGTCTAAGATGTTACGGCCACCGCTACAGCTGCTTAATCAATTGTCTTTGACGATGGCGTTTAGTGCAATTTCCTAAGTTGGATATAAATCTGCTCGGAGTGTTCGGAGCCAACGGGGATACACTGCCGACACATAGGGTCTCCCCTTCCTTGCCAATGTGCTGACTCGGACAGCACCTGTTCTCGGTACCGTTGCCTCCTGGCATCGACACTTCGAGAACTGCGGGGTGGCGGACCACTTCCGCCACGACCCCAACCAACAACGCGCATCAAAAACTCCATTTCGCGACGCTCAGTAGTCGTATAACGCAATTTGACTGTAATACACGGATTCCACTGAAGACCTGTCGTAAGCGTATACAACTTGTAATGCAAATATTGTGTCACAAGATCCAAAAGCACATCTCAAATGTTGGGGCTAGATTTGTTTTACGATGTGATGGCCCTCGTTTTGCCAGAAGACTGTCTCTGGATTCACGTCGAAAAGGAAAATGATAGATTCTTCCTGCAGGAGTTTAGTCCCCGTGTTGGACAGCGGAGGATATTATTTTCGTCGAAACACTTTAGTTCAACTAAGCAATCGTCTCTATAGAGTCTGGAAACATTACACGCGATGACCGCTAAACATGGCAATAAAATAAACCGTTGAGCTTAACTTTTGCCACACACCCAATCGGTCATTTATGTTGACAAGATCAGTTTTCATTGCGGTCCCTCGAAGTGTTCAAACGATACG,801,47.19,Escherichia coli
SEQ_861804,AATGGGCGTAGTGGAGGGCCACCTCATAGGAAGGTAGGCTAAAGATATCGTCTATCGAGGCTACCATGTCACCACTATACACGTACAAAAGGTCAGCGTGTCGCGTTAGCCACAAACAACAAAGGGCTGTTGTTTCTTGAAGGATACTTGCAAGCCACAAGTAATTCTTCGGGTTAAACCTGCACTCCGGAATTGGGTGCGAAGATAGAGTCCTCGCGCGTTTGCATACACCCACGAACGCACATACTGGTAGATGATGGTTCTCAAGACTGGGGAGGGTATCCCCAGTCTGTATGAATGATCGGACGCATTCACCGC,318,50.0,Caenorhabditis elegans
SEQ_930213,AAAGACGCTCTAGCTTTCAATGTCACTAACCTCTGGATGCGGGCTCCGTTTAGCCGGAAAGCCCTGTCTTCGTTGCATCTGAGGGTATCCCGCGCTAGTCTAGGGTTAGGCTTTTATCCCTTGTATAAAGGTGACCGAAGTGCACGCGTGAAACTGTATGCTGTGCCTGATGCGTCTGGAGATTTACGGCTCGGTATCGGCGATGGTTGGGCTCGGCGGGTATCGCCTGCCAACCTGGATCTAGCGCTTCTGCACGCTCGGTAGTTTTCCTAAGTGAACCTTCGGCTTCCGGGGTCGGGGCAAAGAATCCGTTTAAAGAAGCGTACACGCTTGAAACGATTCTGGGATGCGAAATGGGCGGATTGAACACCCCTAAAGTGGCTTCTTCTAGTTTCCCAAGGCTCTCTAAACAATGGTTAAAGCCAGCCTTTTAGTATTCATCTGGTATCAGGGTGAGCCACACAATACTAAAGGCTAACTCATTCTGTGCATCGATTCGTCCTCAGCTTGCATCCACGTCCTGTGCCGATCTTCCGATATACCTACTAACTTGCGCTTCAATGTTCGACCGTATCATGCTAAAATGATAAAACCGTACGCATGCGCCGTTCGCCCACTTTTAATTATACTCTGAAGGAAACACACGTCTGTTATTCAAGACCGTGTCGGTGCGGACGGGTGCGGAAATGCGGCTTAGCAATTCAAAACTGGCCTGCAGGCAGGCGCCAGTGACAGCCTTAGGTAGGGAATTTATACACTTCCAGACGTTCTCTAATAGAGTAAAATTGACCTGCTAGTTTTGCGGTGAAGATGCGTTTCGGAATACCTGATAAAGCGGCATCACTAAGGGGGCCGTGTTCGAAGCGGAACTACTAGACAGGTGCTAACTCTATTTCTTATGGCG,904,49.67,Drosophila melanogaster
SEQ_870340,GGCAGAGGCCCGATTGAATCGTTGGGTTTCGGGCCCTGATCGAGTTCTCCAGTTCCATATTCGTGTAACTGGTGGCTGGCAAATAAGGGCTGTAGGCGCTTTGCGCGTTGGTTAGGTCTTCTAGGCACGCCTCAGGTTTTCGATCATTACTGCTTTATCCTATCCAATCGCTCACAATTGTATGCTTTCGACCCGGCGCACGGACGTCTACTTTCAGTATCGCTCGGATCGCAGCTACATCTGTTATGCGTCACAACCCCTTTAGGCGGAAGTGTACGGCTAACCACTCGTGCTAGTCCTGATTAGATTGTGACATGGATCACATGCGTATAGGCGTTTTCCTGCATCACCAGGTGTGACGTTCCCTTAGACCGCGGAGAGGGAAGCCGTACCTTCTCCGCGTAGTGGTGCAGCAGCACACGGTTCCGCTTGTGGGTTGCAGTAAAGCAGACAATGACGACTCGCGCCGAACTGCATTACCTGCTAGCTTTGGACCATACCAGTTGTAAGGCCGAAAACAGTACGCCCACCTAGAGGTGGCGCAGGCGAGGAGTGTTGATGATGCCCGTTCAAAAGCCGAAGTCCGATCCCTTAATGGTAAGGATGTCCATGTCCTTGCCATCACGCGTAGAACGCCTACAGTCTGATGAATTTTAGGCACGCACGGAACTGCCGAACAACACAACAGCTTCCCGGTTCGGCCCAAGGGTCACAACAGTGAAAGTAAAAGATAGCCGCGCGAAGTCCGTGTTGGAGGTGTGACAACACTATAGAGCTAGAAAAGTTGTATATCAGGTCATACTGGTTCCGATATACCGAGATTCAAGCTTTTTAGATCCGTACAGACTTGAGATGAGACATGTAATAGCGGTATGTGTAGTACGGTTGGCGTATCACGATAGACCTCACCCGCTTTGGATGCATGCACCAGAGGTCGGAAATTGCTACTCGTTAACCTGGATAGCTCCTCCCCGCCCGATCAGCTCCCGCATAAGGACGGCCAATTTCATTCGGTGTGTAACACCACACGACTCTTGAGCGAAAAGTTATTGAAGGGGATGGGCCAAAAAACAAAATCGACCCCGCGAGGAATCCGGAGAAGCATTCTCGTGGCTTTAAAGAGAGTCCTTCTGCCCTATAACCTACGTACAGAAGGTCTTAGAGAGTGTTGAAGTCACGGGGTGCGTGATCCTCTCGTTCAGCAGAGTTCCCTCAGAGAATCATTATTACTCCAAGCGGCGGTTAGAAAGCA,1252,51.12,Caenorhabditis elegans
SEQ_755093,AGGTAACTTAAGCCGACGTTCAGGATCGTGTACTACAGTGGCTATTACAGTTCCACGCACGGGAGAACCCGATCGTTTTTATGGCTAGTGCATTAATCTTATTTAGTGGCCGTATGATCGACGGGCTGCAGGTACGCCACCCTTCAAATAATTTCTCGGTTAGATGCGGTTGGGCACGGGTATTAAATTCCATGTAGGCGATTTCTGTTAGTGTTTACACCGCAGCTTCCGTTGTGGATGACCATAGCGCTAGCCCAGCCCGAACCCTATGACGTGCGCCACAAGCCGGAATCGTAGGACGGCAGTGCGCGACATCACAACCCAAGAACGGCTGTCAAGATTACTTCTGGTTCCTCGAAAGGGTTGTGGCAAGAGATTCCCGCTTCCCCATCTTACCGGGACCTTTGCCTTTATTGTTGTCCACACGGTTTCGATAATCTGGACGGGATACGCCTTTCATATTGTGTTGTCCTATTGCACGACTGCAGTTCGTGATTAGTGCCAGTGGATGGCTGGTTCCTTGGTGTGTACACAGTGCCGACCGCACCAACTCAAGTAATGGGTATGCGCCGATCCGACCTGTAACAATGCATTATGCGATCACAAACTTCGAGATGCAAGCGCAATGCGTTTTACCTGCCTTGGTGTCTCCAGCGA,657,50.68,Mus musculus
SEQ_744826,TTACAGAGCTTTTAATTCGTCACGAGAGATACATTTCTAACTGTGATGTTCATTCTATGGTATGACTAGAACGGCTGAATAGTA,84,35.71,Saccharomyces cerevisiae
SEQ_357892,AAGTTCTCCCGCAGTCTTAGCGCGGAGTGGTGCAGAGACCGTGACTCGCATCAGACGCGCCTCTGCGTTTCCTCAGACCTAGCCATCTACAAAGTAAAATAATAGTGATGTGCCACCAGGCACCTCATCTATCCTAAACATGCGGCGCATTCGAAGCCGGGTCTAAATTGTGGGGAACCTCGAGTACTGAAACAGAGACCGATCACGGTACCCTAGGAGCATCCGCCGAGTCACCTACAACAGAGGCTCTATGGACGAGTAACTCGAGCGCTCTAGTGTCCAAAGACTGGAGAAGGATCAGATGGTCGCTGTTAGTAGGCGCAACGACGCGCAGTGACTGGGCGATGGTAAGACTTAACATTACACACGCCACGTGTTACGGCACACTTACACCCAAATTGGCGGTAACAAACTCGAACACTTTATGCACTTCCTAGGGTTGCCGCGCAGCTTGTCAAATAAACATGAGGGGAACTGTGAGGGAGTAACGAATGTGTTGAGATTGGAAGCACCTGGATCTAACTGCATCGGCTCTTTTCGCCCTTGGTCTAACTTTGAGGGATATCACGAGCAGTTGATCTTGGAGACTAATAATTCTTCTACCCTAGTTCCTACAACGTTTAGCCACCGAAGTTAGGCCTTCCAATCGAAATCTATCTGGGCCAGGCTTCACTGCGGAGGTAAACATCAGCTCTAGAGTTAATCTCCAAAGCCCTCGACCCCGATGGACACGAGGGGGTACCGGTTTGGGGCGCGCCGTGATCTGTGAGTTATTGGGTGGTCACTGATTATACATGACTCCATGAACTATCCCTGCAGTTCCATTCAACATCAACGTACGCCATGGCCCGTGACTCAGCGATGAGATACCTACTTGAGTGTTGAAGGCTATAACCCGCGTATAATCGTTGTTCGTAATGAATCCTGATGTCAATCACGCCGGACTGCTCTGCTATGAAGGCGGACAGACGACACACTTGTTGTTCCGACTGCAATTCGAGTAAATCATGGTTTGGAGCCTGGGGTGACTCCGCAAGCCCCGTGTTTCTCATATTTGCTCGTCTCCAGTTTCGTGCGCTGCATCCACCTGTTAAGTCTATGGAAAACCCCGCATCTTTCTTCCCCCTTTTCGTAGCCGCCGACAGTTCCAAAAGCGGCAAAGTCGCAAGCACTGTAGACAGAACGCAATTCTTCGATTCCCTTGAGCACCCCATACCCATTACAATGCCGATCCCTTGAACGATCAGTGGCAGACCCCGCTCAACCAAGACATAGACATGAGATGGAAATTAGTCCGGGCAAGGTATACGATAACTCTCGTCCTTCACTCTGGCGGCTCGACAACGATGCTTATAGGTTGCGCGACGACTGTCTATTGTCTAGTCTACCGTAATGTGATCACTGGTGCTCCTTAATACCATTGATTGGCATGAGCTGCTCACCGCGTCACTTGATTTGACTTAGGGGGTCAGCATACAGCTATCCTAAAGCAACTGAACTTATCAGTTCGCTAGAGGATGGTGGAAGGCAAGCCTCGGACAATCCACAATATCACTTCCATACTTAGTGCGCGTTTATCGCCACAGTGCCCTAAGCTTGGATCCCTTTCGAATGGTCCCGGTTGGTGTAGTCTGTGTTAAGAGAGATTATTTCAGAAGATTTCCTTGAGCCGGTTGCTTGAGACCCCTGGGAGGGAGGCGTAGATTGGCAATGATAGTGATCGAAACGAGGAACGACGAATGATTCGACTAACTGAACCATTAGGCGAGGGAACGCGGAACCCAGATCCATGCGCCGTCGTACTTAGACGTAAGCATTTTTTGGCCTGCATGCTCGAGTTCCTTTAAGCGAAACATAAGCGTAGCTGCCCGAGATGTGATTGCTTGAATTCAATCCGGACTGAGGAGATGGGGCGTCTGAACCAACATAGTACTATGGTATGCCC,1945,50.18,Drosophila melanogaster
SEQ_754851,CTGCCCAAATGGGTGAACCGTGAACTAACAACCCTGTGGTCAGACCCGCGCGTCGTTAACCTGACCCGAACCTGTGGATGTCATTACGGCC,91,57.14,Escherichia coli
SEQ_859804,TCGGATTGGTCTATTTTGGCCAAGACATGATACACGGTTGTCCGCTTCTCAAGTTGCTTACGACGGAGCTGAACCCCTGTCGTCCCGTTGTTCTGGGGATAAATGCTGTTCTCGACATCGTCCCACTGCGGCGTATCCGGCGACGATCATAGCCCAGATTACTACAGACTTACATCCGGAATCGTGCTGTGGCAGATGTAATCAGGCACCCGAAAAATCGAGGCCTCGATTGTATGTTCGCGCCTCTAAATTCGTGGCACAAAATTCGTCTCAGGGGGATAAGAAAACTCGTCTAGTACAGCAAACTTGATTTAGCAAAAGGTTCTCACGAGCGTGTGCCGTGCTGGAGCGGGTGAAACTGCTGGTAAACCTATTCTCTTCGGGCGAGCTCGCACGGGTGGTCGACAAACAAACTACATAGATCGAACGTATATAAAAGTCTCGCACAAAATACTCTCCGTAGCTGGGAACGCTGAGTCTAGTTTGTCACACATGTAGAACACGATTGGACTTTCAACGCAGATGCGATTGCCACGCATCCTTGCATCCACGTTTATAGCATAACTTGTATACTTACTGACCTGTGTCGCAACGTGTAATTGGATAGATAAACTAGGGAGGTCGACAAATAAAATCCCATACCCTAAAGCGCCTAATTGGATTTATTATAACTTGGAGGCGTCTTTCAACAGGAGTGAATACTAGAGTGACCTGGCATCAGGAGAGGCTATACGATGCCACCGTACAACTCGCATAGCACGAAGAAGGATTCGTGCGTACGCGGTTTTCCGTAGTGAGACCGAGGTGTATCATCCTCCGTCTCAGCACAGGTAATATCTAACACCATTCAGAGCTACTTCGCTTCTTATGCCAGTTACCGAGTCCCCGCAACTCGGGAACACGTCCGTTATCCGCTGCTGTCTGACGGCCTAATTGGATAGTGCCCCATCGCATCGAAATCCAATTACCAAGTGAAGGCATCTACGGGATGCGCTGCGACGACCAACGTTAAACTCAGACCGGGTCCTGTGGAGCCGGACTTATACGACCCGGAAAATGGACCAACTCTGGGGTAAGCTGCCAAGCACTCATGAGGTCTACCGGTCCCCGCCTACATCTACATTTCTGGTGCGAATTTCAAGCGCGCATGGTCGCATGACGATTGCACCAGCACGCGTAAAGGGTAACACGGATAAAATGGCTACCCATGCCGGATATGAGTGATGCGAGAAGGGTCTCAAACCGCGAGTTTACTCTATCGAAGAGCAAGGCGCCATGTCACCGTAGAGCGTTGGAACCCTCAATATGAGTTCAGTCTCCCCGCAGGTGAGTCCATTTGCCAGAGATGAGCGGTATAACAGTCAGGGGTTCCTAGCGCAGTACGACTGGATCGAGTGACCTTACCGGGCATATCCAGCGTATACCGATTACTGTTACCGAGTGGTGAAACTGCTATATCTCGATGACTTACAAGTTGACTATCATGTTATGTGAGCTGCTTCCTGATTCTCTAGGGAACCCCAGCAGCTTCCTTC,1535,49.9,Homo sapiens
SEQ_260586,AGCCACTATTATTTGAGAAGCGCCGAGTCGTGGGAGCCCGGTCTGGAACTTGCGTATGTCGCTGGACGAGCTACTGCTTAACGAACGTACCGTGGCTCCATCTTTGGTAGTCGGTGCGCTCGCTCTGAAATCTAGTCTCAGGGATACTCATCCTGGCACCTAGCAATGTGAGCAGGTGTTCGGCTTCAACTGCTACGCAGTACTGGCGAGTTTTTCCGAGAGGTGTTCATATCCTCACGTCACTTCCACCCTTTGAAACATGCGTCTCTCGGTAGCTCCACTTCTTACCTCTCTTTCTGGGCGGCGTGCAGTAATTGCTATGCAACGCCGGAGTGTCATGGCATACATAGTAAGCTTTACTTGGAGCCGTACTCCCTTTATCTCGCCTACTCCTGGACACATGCCCAGAGACTATATGCATTTCGAGTGGCGAAGCCCTCCAGGCACTAGACGGGCTATGACAAGACCATTGAATACCGCATGGATTTTTTACCAGTTTCGCCTCCCCTAATCTCGTCCCTGGTACGAGGCCCATACTGGCACCAAGTGTTAAACATAGAGAGCCGTTGTCCATAATCCGTAGGCCAGAACAGCCTACAGATCTCATCCGGGGCGTTTCGGTCCCAATCCACCAGGATGTCCTCCCGGTGCTCGTATTATTATGTAACTCGGGGGCCGTCATCTTAGCAGGAAATCGC,698,52.44,Saccharomyces cerevisiae
SEQ_712820,TAGAGCGGTCAGCGGCACGCGGTTTGGCATCATACGCTACTTGCGAGCCCCCGGTCAATAGCGACCTTCAAGGCTATGCTTGGTGAACCAGTTCGGTCTAGGGCACGTCCGGCTTGGCATTAGTAAACTGCCGTAGGCGCAGTCTCCCGCCGAGTAGTCATTACAGTCAAGTCCCCATTGCCGGTGAGCCGACTTGCACCAGCTGATGACACACACCTCTATGTCGTTTGTCCAATATGCATGTGATTGGACCAGTGCATGCACCGCGATTGTCGGAAGGTATCGGTCAACCACTACCGGTCATGTGTTTTGATAATAGCATTACTCTACCCTGATCCGGAAAAGTGACGGAATCAGAGCGGGGCCAGCACGCTATTTTTCCTGTTCAGGAGAGGTGCGGTCGTTTTGGTGATGAAGCAGAGGGTGGAGGGTGCACTAGACCAAGCCGGCGTGGTAACGTGCCCTCGCCCGGCCTCGCGCTCTGTGCCGCCCCGGCGGTGCGATGGCGTCGGTCAAAGAATGGACGGATATACGGCACTCATGCAGACAGCGCGTAGCATACCCTATTCCCTATAGCAATCTAAAATTGCGTGAAGGTCCAGAATCCGTCTGAAAGTCGAAGCTACTATGTGCAAGCCCCGCGAAAAATATACGAGTCCCACAGG,665,55.19,Homo sapiens
SEQ_886961,CCTTAGCGGAGAATGTGATCCGGAGAGGTCGCAGCCCGGTTATAGTGAGGACAAGTGCGTTGATGCACGTGAGGGGATCCCGCCTACGCGGTAGGCGAAGACTCGCAGTTCAGCGGAGCCAGACTACGGTCCCTTCAACACGTTTGATGTATGTCTGCAAGGCATTGAGCTACCTATGTTAGGACAGGGCCTGTTAATGAAGTTATTACGCTCAGCACCGCTCACGGGTAGCGCACCATCTGTAAATATTATGGACACTCAATGGCTGAATCATGCTCAGTTAT,284,52.11,Arabidopsis thaliana
SEQ_914144,AGTGTGCCTACCATGTGGGGCGGAATGTCGATCCTAAAGACTTTTTTATTCCTCTGGGTATCGCTCGACGGGACGCACTCTTTATATCCACCGGTATAAACGGGTTGAAAAGTGACGGAACCACAAGACCACTTAGAGGTTCTTTCTTCAGTTCTTTCTCTTTAAACCACTCACAGGGGCGTTCCCATGTACGTCTAGATCCGACTATCCCGTCGACAAAGGTGATCAATGGCGATTTAGGCCACTATGTCGTTGCCACTCTCTAACTCGCTGACCTGATCCGGTCACGGCCTCCCCTCGGCTCCCTCAGATGCCAACATCTGGTGGGTGTTCTGAGGGAACGTCTTAGCTGGCTATCTAACGCCCCGACGGTTAACGAGGGTCGTTTGACTAGTAAAGTCCAGGCCCGACGGAGGAACTCCAAGTTACACTAGTATGAAGTTGTCTGGAAGATCATCGCCATCAAGATTAAGCTAGAGTTGGTGCCTACTTTTCACCGGGAGCAGACAATCCCTAACGCAAGCGCACAACCATACCCGTGCCTCAC,547,51.19,Homo sapiens
SEQ_298252,GTATGGTTCCACGACGTCGTACCACACGACGGCCAGGGGGTACGGTTATAGGCCTCCCGAGTGATTGCCAGTACACAGTCACCATCCCTATTCAAGCGGAGCATCCTGTACTCGACCGATGAACGACTAATATGTATATATCTAGCCTAGAACCATTGCACACTACCTACTTGTGCACCGAGCCTGGCCATGCTGACCAGAACCGAAGTGGGCGTAGTACGAGCTGCTGCAATTGCGGCATTTAGTTTGGTCGTCATCCGCTGGATTTAGGGTCTTTCCTGCTTACGTAACGTCTCGTGCATGGAGTCATTTTTCAATCACACTGGGAAAGCCAAGACACACCCCGCCTTAGTGCAAAGGCTCACTAAGGAGGGAGAGCAAACTGTAATCCTGTCGTCATGTAATACGCCTGAGATATTTCGCGCACCCTTCGGGCGGATAGCGTCAGCGGGGCGACGCACGGCTGAAGCCCCCCGGGTGCGCAATGGGATCACGCGACTCACAGGGACCTAAATTGAGTGGCCATCCTATTGAGCACACGTGGATCCGCAGCTGTTTAGAACAAGGCTACCTTTGGCACCA,582,53.78,Homo sapiens
SEQ_977586,GGGCAGTCTCACATTATCCAACAGGAATTTGTGTGAATCTCTACAGACGAATACCTGCGAAGCTCAAATCTCCTGGGTTGTCGTGGCCTAACAACCTCTGTCACCTGTTTCTCTTCCGACTGCGATAGGCTTCGTGTTCGCACCACCTTGCACACATCTCCCCGGAAGCTGAAGCACAGATGTGTGATATGAAGTCACGCCAAATCACGGATTATTTCACTGACAGCCCTAGAAACTCACCTGTTACCTGCGTTCGACGCGTTCGCGTCACTCAAGGCCCCTTCCTACTGAATTAGCGCCGTCGCTTTTGGTATGGTAGTAGCAGTATCGGATAACTGAAGGCGCGCGTGCACGATGCTTCGTGGACTTCTTTATGCAAGACACTGACTTGTAATTAGTGATCCGGGCACCAACAGCTTTATACGGTCCCGTGTTGCATCTAGAACGACTTCCATCCATCCGTTGCAGGGACAGAGTCTTACATTCAACTACTATATAGCAGAAGCACCGTCGGCAATAAAACCGATCCCATCCTATGAGAGGAATACACTCAGTTTAGGAGGGGAGCTCCCTCCACTAGTGACATGGATGGCATTATCAGAAATGGGCTAATAAGAAACAACTTGTGAGCGAGACGAACATGTAAGTATTGTCACTCATGAAGCGGGGGGCGGTTGGACGTTAATCCTTTCCAGTCCTTTTTGTACTGGGTACGCAGTGCGTCTTCGGCCCAGGTGAGCTCTTGCCGACTAATGTCGTGTGCGACGACATTCATCCATCATCGGCCGTAGTCCGTCGACCGGGCATACCCAAAGGCCTACGAAATATGTGATTAGAGATGCCATATGCTAGGGCTTCGAGAACAGGACTGAGTCATTTCTAAATGTACTAAAGAAACGTTAGTCTTAGTCAGAGCCAGCGCGCCGAAGGTACCGCGATGCAAAGCGGGGCCCACAGAGGCACCTATCGACTTTCATTCAGTCTTAGTGTACGATATCTTACTGGGCCACCTAATTCGGGTGGGAGAATGCCTTTGGGAAAAGTTTAGGGCGCCGAGGCCGAATGGCAACATAGGCTTTCATTTTCTGTCAAGAGAATCGTACGAGGAATCCAGGACGGCTGACTTCAAGCTGGTAAGGCACCAATCCCACAACGAATAGGCCGAATTCTCAGAGGTGTGCCGATCACGTGTTGGACTGCTGCCGTGGTCCTGATGGAGAAATAGTTCTTAATACGCAAGCTGATGTAAGTTAACCTACGGACAAAGAATCAATGGCAATGTTTCCTTTCCCTCCGAGCTGTGGCGAACGTGCGGTGTAGGAAACCATTTTGATTGCCCCCGCGCCAAACGATAAGATGATACGTGATCCCACCCACTATAGCTTTTAACCGATTAGATCGTGAAATTAAACCCCTGTTGTTTTCGCATACGAAATAGGTGAGGTGCCGCCTTGATAACCAGGACTTGGCCGTTCATCCTACCACTATAAAGAGGTGTGCGAGGAATCGAAGCTAAAGGTGTGCCGTCGCGAATAAAAAGGGGCCATCTAGTCCGCGCCCAGAGGTAAACTACTCTATTCGAAGGAGCGGGCTGAAAACAGGTGCGATGTGCAAAGACGAGTTCATATTCGCTACTTTTAGTGCATGGTATACATGCTGGAGTTGTGAGACGGACCCCTGAGGACGAAGATCTTAAAGGCGAACGCCGTGTGGGGAATTATCTCTGCGAACACTAATGATCCCGCCATGATCTGTTATGAAGTCAAAAGAACCTAAACAGCCATGCGAATGTAGGAAAATTGACCCCGTGCCAAGCTCTCCTATGTTGAAGCCGTATATCGTCGAATTTTGAGGGAAGTTGCCC,1864,49.25,Arabidopsis thaliana
SEQ_905593,CACAGAGTATACTAGAATCGGACGTCACACTTAAAAGAAGCAGGCAGGTGGAATACCATTAGTATCTTTTATTACTTGAAAGATATGTCAGCGGGCATCCCAGAAATATCCATCTGACTGATAATCGGAGTGTCGGGAATAAGCCTACCTGATCCCCAGTGTAAGATCCGTGTGAATTAATTACCAATAAGATGGGGATGTCTCCGAAGTTTGATGCGCAAAAGCGGGGACTCCCTTGTAGTTTCAGTGTGGTTCTTATGTGAAAGAGGAGGCCTTGATTCTTCATGGAAGACTTGAAGTCGTTTCGACCCCTAGGCCCAAGACGGTCACAACATGTGAGACACGCGTATATTACGCGCAAGGGTTCTCTTGGACTGAATACGTTGTCGGGCCCGATTATTTATAGTCGTAGACGACAAGGCTAATCATCTATAACCTTGCAGCCTGACCATGTGTCTTAAAAATATTAGCATGTAGTGCCTGAGAGCGTATGACTCTTTTTAATTCATCGCCGTAACCATTGTCTTCTGGGCGAAGTCTAATAATTTCTCCGGCAGCGAAGTCGGGGGTCCCTTACCCTGACGGTCTAGCTCCTGCAACTGTAAATGGGTTTCGCGCCTGGTGGCATTTACCAAGTGAGGTCACGTTTGGAGAGAAACGCATCGGTAGGTCGCAACTTTACAGGATATGAGGCGCGATTTGAATCCTGTACATGCCACCGAACCTCGCTTCCCCCGAGCATTTAGAACGGAGCCCTGAAGTAGATATCGCGTTACAGAATACACACCGCAAATTTTAGTATCGAGAGGAGGAACGCACCGGTCTCTACAAATGCTACCTGGTAGGTATAAGCGCGTTATGCCGAATAGACGAAGGTAACTTAAACGCGAGATATCGCGGAAGCTGAGGGGTTGCCTGGGGGCTTGCTTGCGGCAGCACATAACCCGTCTTCAGAAATCTGTCGTTTAGGTACTGTTAAATTAAAGGTGCTA,992,47.18,Drosophila melanogaster
SEQ_875545,CCCTATGATTAATATGGTGAGTAAACCGCTGATTGTTCGTCATCCACTATGACTCAATTACCGCTTGGGGGATGGCACTGCGTGAGGATATCATAGGTACATATTAGGGGCTACGGTGGCGGATTGCAACATAAAATCGACCGGACTTGTCGACATAAGGCGGGTGTTTAGGTGTTAGGTGACTGGGCCTAACCTTAAAGCTTCGTGAAACTTCCTTGTAATCTTAAACTGTATGGCAAGGCAACCAGGCCCTGTGCCTTAGGTCTCCGGGGCAGACAAACTCTTTCAATTAAATAATTTGCTTATTATGATTTGGCAGTAGTCGAAAGAAGGCCAGCCCGGCATCTCATCCGGACACCATTCTATCTGGGGACGGGGCGCGGGTGGTTATTTCGACTACTTACCCGCCCACTAAACGCTGCTCAGGGGCAAGGCCGTAGATCGCCTGCCACCAATATTGTATAAATCTGTCCGTGATTCTCAATTCATTGTGCAATGTAGCTATCAGATCGTCGCTTGGCGAGGATACGTATGATATAGCTAGGATATTGTGTTATTGCACACCCGGTTCGTTACTGCGGCTAACACAGACACTGAAAGCAAAAGGGGTGAGCCGTACTAGGCCGCCGTGGCATAGAGCATTGCTCCTCGATCTTGCCGCAATTCGTGTGACGAGCCAAAACCTGATAGATTTAGACGATCCCGTGAACGTCGCTCCCGATAGGGATTCTACTCGCCACCTGACGGGGAGCTTAAATCCCACATATCCCGGTCCACGTGGAACGCTTTGGCTATCGACTGGTCTTGACCCTGGGCTGACGCCGCATCTGACCCATACTCATCTCACAAACCGCGAGTGTCAAACTCGTCTCTCCGTGATCGCCGGCGCCATGCGCTCTGGCACCCG,907,51.16,Caenorhabditis elegans
SEQ_418465,TGGGGTAACCATAATAGGTTCGTGCTCAAGAACTAAGGTTTGGCTCATGAACCCATAGCGCGAACGACTTCAATTAATGTACTATCGCGGGGGGTGGACAGCTAATGGCCAGCCCTAAGACTAACATTCATACAGCTGCCATAGCACTTCTGTTCCCTAGGTATTTCCGTAGAGTTAGTCGCGTAATTCACCTGACTGAAGGACTTCGGTGCACGCCGAGCACCGCGCAAATCGGGTAAGGAATCGCGTGATCGCACTCGTTAAATACCGGCTCACCCGGACTTTAAGCGTGTAAGGCCAGTCGATGAGCCCCTGAGCCTGCCACGGCTCTGCCCACCTCCTGACCTCGTCCTATCTGAACGGCCATTAATGGATGGTTTGTACGCACGTTCGCAATAGTAGAGTTCGCACGTTAGGGTTTAACAGTTTCATTCCTAAGGACCTTAGCACCCCTGATACGTTGCGCGGTAGAGCTCAAGGGAGTCGCGGGATTCCAGCTTGAGGACGTGTACATCGAGCTAGCTATCGACGCCGCGCCACGCGAAGGTGATGCACCCCTCGAAAAAGCTACATTTCCTACGTTAGTTAGAGGTCCGAACCTTTCCCGATAATACCATCGCAGACGCGCCTTGCTACTGGCCGACTGTTCTTGAGCTCCAGACTGGTGACCGAACCCCCCTTACTTCGAAATGATGTTACATCCGCCGACTGACACAGGTGTCACCAAAATGGTCTTAGGGTCCAAGGAGACGTTATATTATTGTTCTATAGACAAGGAAGTAGTCGCAGAAATAAGGCTAAGAGCCGATCAACTCCTACGTAAGATATTGAGGTTTCTTACGGACGCTACCACCTCTTTGACTAGCATATTGTTCCCTGTCCTTTAGCGCCACGTCTCTTATAAAAAGCACCCGACTTATGCAAAGTGGCCCGCGCCTAACCAGCTTGGCATTACTCGTCAAACGGGCCCGATAAGCCGCTATGACTTGTAGCGGTCTATGTTATGCTGTAGTCTAGGCCGAGCCATTTCAGACTGAACAATACTTCCAATACCCTGGATACCTGAAGCTCCCCGGATGAAAAGTACATCTATCGTGTAAGAAACCGTGGCGAATCCTTACGGGTGTAATTCGCAGGCGCAAATCGTGGACCCCCACGTCTCCTCGCATGCTGGTACCTTGTAACCGTATTTGCCTATGGATTGACAACACTTTGCGATAGCTCCAGTAGAGGAAGACGAGCGATCAACGTACGTCGCTGAACGTTGTTGGGCTGCAGTGACAGCAAAGGTAGGCCACTGCAATAGTCTCCGCGTGAATGGTAGAAGATAATAATAGGCTGTGAGTCCCTTATGACACTACACCTGCGGACTCCGTTTCTTGCGGGACTTCCCCGGGATCCGCGCCGTTAAGGGCCCCGACCTAAGGTTTCTATGAGTGCCCCAACGAAGGTGAGACAAGCTGCTCTCCTCGCGAATCGATACTGAGGGTTACTTGGTGCCTTTATGCGAAGTGCACTTGAACTCGAAATCGTTACAATCACCGGTTACATTATCCCTTAAAAGCCTTAGAAGGGAAAACAAGTGACACCTGAAGCTTACAA,1602,50.69,Drosophila melanogaster
SEQ_744672,ATTCGGTCCGGGATCCGGGTGCATCGTCTTCCTGTGTGTCGACAGGGAATCAATAATGACTTCGGTGCAGTCAATATAATACCTTGCCCCGCATGCGGCACAAAGTTGTGATACTGCTTAGTTCTTTTACTACGAATACTGAGTAAAACGTTCCTTCGCGCCCTACTCCAAATCAGCAGCGTGCCACCCGGGTTGGAGAATTCTGAGGCTATTTGGTTTAAGTCCCGCTCGGCTTGCTGTCCTTGCTTGCCCGAGGTACGAACCCTGCGGTCGACTGTAACCGTATAGTTTTGTAATTGCCCGAGGTAGAGCAACGGAGGCAATGTTCTGATTCTGGAATTTCTACGCCGCGACGTAAAAAATTCCCACGTGGCCCTCATTAAGCTTACAATTCTAACTAGAAATAATTCCTAATCGAGTGTAAGTTACAGGCGGGCGGTACCTAGCACTTACGTCTTGGAAGTGGCGGGACAGTATAAACCATTTTGCCTTCTGATGGTAGATGAACTATACCGTTCCTTTGTTAGTAATTAGCAAGGTCCTTCGCCAAACAGATGGCGCAGGCTCGTTGTACTCACCCCTTTTTTCTACTTGTCGATGGGCAAGGGACATAGATAGGCGTACCCGTTGCGTTGCAAGCGCGGCGAGGTAGATCAGGGCGACAGAGGGAGACCTCAGACAGAAGGCCGGTGTACTCTTGCGAATCCGTCAGGCTTGCATAAGTGCTAGCGTCGAAGAGCGCGAAGCCTTTTTTCCTTGCCTTCTGGGTATGTTGCCGCTAAGTGACGTCGGAGGTACCTTCTCACGCGTGGCAACTGAAACGTGGGATCAAGCACTAAGTTCTAAACTAGATTACAGGCATTCAGCCCAAATTGATCCGCCACCACCCCACTGAGATGCTCCTCGGAACGTTAGAACCATTACAAGCAGTGCAGGCCCAGTCGTCTAAGACATGCCACGGAACTATGGCCGCCTCAGACAGGTATGCCAGCAAGGTGGGCTTCCCCTACGTGCCGTAAAATCAT,1025,50.73,Mus musculus
SEQ_578544,GCTTGCTCTAAACGTGGTTTCACCGTACTTGAGATACATTAATTGGACATCGCACGGTAGATGGAGGGGCAACTCCACACAGACAAGCCTTTCTCTAAACCATGGTCACCCATCAACCTTGCCCAGCCCCGAATGCCGCAAATGTAACAAAGGTGAGCTCGCCTGACCAACAGCACCGCTGCGGGTTCTTGTCACTCAAAAGGTCCCTACGGCCAAATCTGTTATTTTGTACGCCAATGGTAAAAATTCGCTAAAGTCTACCGAAGCTAGGAAGTTACTCAGGCCGCCGAAACTCCTGGAATTCGACCATATGTGACAAACCTGCCGCCCTAGCCTAGGAGCTCCCGGAACATATGGGCTCGCCGCATTGAACAAGCCTTTATACGCCCTTTAACTCATAGATCCGGATGCAACAGCGTAAGGCTGTTTTAGAACCTATGATAGAGGAAGAGCGATTCGTCCCGAGATGCCAGCGAAGCGGCGCGCAAAGAAGAACCCTAAATAGCATCGTAAAGCCGAATAGCTGTTAATTCGCTTACACAG,543,49.91,Saccharomyces cerevisiae
SEQ_533561,GTGCATAAAATCCGGCCTAGTCGATTCCTTCATCAACTAGAGTGTGAGGAAACATCGTACGCCGTGATTCCACATACTATTAACAAGAGATCGTAGCTCAAGGTCAGGCGCCGGCCCGTGGGCATTTTAAGCACGACTGTCGCAACAGTCGACCGGGTTGAAGGCTCAAGAGTTTTTATCGGTCTGATCATTAGTCCGGGCACACCCGGACCTATGATACCCGGTAACTACCCATAATCAAGCGGAACTCCCCCCCTAAGTGCGCCCATGTGCAAATCTGGGGGCGGACACACTGATTATATGCGTAAGTGGGCGCACCAATCCGCGAGAATCTTTGATGTACGAGTTCTCCCTTACGTCGAGTAAGACGGCATTTGGAGGAAGCATAACTGACACAGGTTGTGCCAAAAGCACTATCACTTCTAAGAAGTCACTGTAACTCATGCATTTTGCCGTCGACGAACACCTGATTTGGGGGGGGGTAGGAGAAGCCTGGCTCGGAACTTGTGCAGGATTTGCCCCACCGAGGGTGTTTGGTGCAGGCTGGATAATGACCCGGGAACTACTTAACCCTAGCTCAGGGAGGCAGGTGAATTTCGGATTACCATCACACACAGGCACACTTACACTATTGTCACCACGCATTGTCTCGTGTGCTACTGCTTGCAAGACGACGGCTCTTTTACGGTGGGAAGGGCGCTGGTCCCCCTATATGGATGCTGGGCTGTTTCCAGGTCGGGTCCCCTTGCTCACGACCTATATACTGAGAAGGACATCAAGATATCAGACCTTTGAACCCCCTCCTCTTTTGACCGCAGTCTGGGTGAATCCACCCTCCGAGTAGTCTTTTATACCGGGTCCGGCCAGCCTGAAGTTTTGATACCTCGGTGTCCAACGCAATCATTAGCGTCAGTTCTCTCTGCTTCCCCGGGCGCGAAGTAGACCGCGGGAGCGACTCTTGGCCTTTCTCGTATGTTACTGTGAATACCTCCCATTGCCTCATAAGTTTTTTTTAAAGACCGTAATATGGCCGCCTGAGACGTCATAAGGTCCAAACGTGTGCGTGGTGCTACGACTCTACTACTCGTAGATCCCAAAGAGTTAGAAGGAACATGCGATGAAGCAGTAGCAACGTATCTAACCGTCAGGACTATCCCCGGCATACTAAAGTTTGACCTTTAAGAGCTTCTGTCCAATAGTCAGGGTTCTTGACGGGACGTAGCGGCGCCCTAGCCAGATTTATTCTGCGGGTGCTCTCCCTGAGTATGTCATTCATTTAATAAGAGGTTGAACCCTCTACTTATTTCTCCAGGTCGTAGGTCTCATGCTTCATATATCTGTTGCAACGAGTTAGTAGAGTCGCGATCCGGTAAACTCTGGTCCCAGAACAGATGCACCCGAGGACTTTGAGCTCCGTGTCAGGTACGGTTACCACAGTGTATGAAGATTCCTGAGCGATTGCTGTGAACTAAGGC,1475,50.78,Escherichia coli
SEQ_721751,AGCGGGTTCAAGGGATATATGTGAGTGTGCCTAAACGATGACGCGTCTGACCTAGCACGGTCGGCCCACTACGCTTGAAGCGTGGATATGGTATTTGCCCTCAAAAATACACAAATCCGTACGTACTCGATTGAAGCTGTCGCAGGTCCTCCATGCTTTTCTAAACGTCTTCTGTTGTGATACGCGAAAAGCCCCAATGCGTTAGATCAATAACAAGGAACTCACAGTAGGTTTCGGTCGTTAACTTTTGTGGGTTTCACCTAGTTGGTGAGAGCACAGTCGCTTCGTCTGCCAATTGTCTCTGGTCTGGAGCAAACCACAAACTGCACACATGATCCCTGTTGACGTATTGTATGCTCATCGGCTTAAGCGGAGAGGGGTCAATGTTTCTTCGTGCATACCCCTCTTGACTTATTCCGGTATGCCGTACCGCTCAACTATGAATCCCCGTTCCTGCACCGTGGATAGGCCTTGTCAGAATGTTGTGGACGCCTAGTGGTTTACCTATCTCGCGATTCACGTGTTATATAGCGTGGCTTGACAGGATTGCCCACGGTAGGCAAGTGTGACTGCATGTCAACCGGCCAGATTATGGGACTAGCTCCGCAGACTTCTGGACACATGGGTCCACTGAAGAACTAAGCTAGTGCGTGACTCGTACGACGGGCAAGGTACAGCAAGCAAAACATAGCTCTGTGAGGAATCGATGAGAAGGAGGCGCCTAATATCCGTATCCCTATATTAGACTCCACGCGAATAGACAGCGGTTCAGACTTTTCCACAAAGTTCGCTACCTTTTGATCCAGTCTACCTTAAATTTTAAGTCAAGGATGATAGCCTTTTCCCGCCAGCGGGTAAGGCAAGGTACTCCTGTGGAAGTTACATCCCGAGAGAGGGTTCGATTCAGTGGACAGACCGAGTGGCTACGGTGTAGCCCGCCGCAACTTGAGAACTCCCGTTCACAAGAGTCTGTACTTGTGTCATACACTACCTAAGCCCAGATTAGCCATGTTATTGATCTCACTACTTAGTATGGACTTACTAATTGGGTTGCAGCCTTGCCCTTGCAGATAGATTATTTCTACGCGGCCACTGTTGTGACTAAGGGCTTTTCAGACGCTCGACGGTTGCCCTTGGGGCCTAAGGCTGACCTAACGTCGTACCCTTATCTCACGCAATTGTCTTCCCGCGAGACAGGCTGGCGATTTATTGATTAGCCTGCTGGAGGAGATGGAGAACCGCGATGCCACACTAGACTTCCGTTGGTGTAAGCTACGCGCGGTATGACCCACGCCTACTAGTAATGAATCAACCCATTCGCCCGAGCCGTCCAAGATGCATGGACTTTAATAACAGCGCGCTAGAAGGCCCACGGCCCCGCAGAGATCTTATAGCTTCTGAGACCGCCGAAAGAACCCACCGCTTTACACTAATATCGTGAGAAATCGTG,1450,50.07,Caenorhabditis elegans
SEQ_464581,AAACGTCTAATGCCGTTGCGCCCCCACAGCACATTCGAGAGCATACCTTTGTGCAAGTCGCCAAGATGTACAGAACGTCAACCGGCGTTACCGACGGCTTTTGAACGTCATAAAGGCCCCATATTGCTCCTTGAAATTAAGCGAAATGACCTTTCTGGTGCACCAATTTTTTGAGTCCTGAGAAGGTGCTTACTCCCAGGCGAGATTCTTGCCGCTCAATCGTAATAGGCACAGTAGCAAGCAAGGGTCGCGAGACCAAAACTCCAGAGCGTTCCGCTGGCGGCCTCTATTCTTATTATTTCCATAGTCCTGGTAGATCAGCGCGCGCGTAGCCCCAGACATCGGCGTCCGTCGCATCAAGGATGTCCCGTGTCAGTGCCATAATCCGACCCGGGGGGGACGTCCGATCGTCTCGTGCGTGACACGGCTAAGATTCGTTTAGGCGGTACAAAGACAGGTTACTCCGATCCCGAAACCCTTCGTCGTATAATTCGTACCCTCCGGTGGACACCCTGGAACGAGCTGTCTGTCTGCACAGGGGCACTATGTAGAACGCAATACATTCTCCCCCATCTAGGCTGAATGTCCAATACTCATTCAATGACAGATTACGGTGAGAAGAACACGGATTAAAGCCACGCGTGTCATTGATAAACACCTGCTATTGAGCTGCCCGTCTACCCGAAATATGACGACTTCAGCTGGTTTTATTTGTCTAAGTCAGCAATTGCTCGCGTGTCATAGTGTTTAGAAAAACTTCAGCTCTGTCCACTCACGCGCTACCTTACTCGACGTGCGTGAAAGTCGCACTGAGATGGGCCCCACGCTAAGACATTGGAGGTGAGATACCCTCTCGGGCGGTTTTGACGCCCGATGTCGAACGATGATGCGTTACATCTGAGTTTCGGTCCTCGCATACTAATGCCGGTCCTAGTATAGCTCCTCGCAGAACCGCCAAATTGCGCTCAGGAGTCCCCTTATCCAAGAGACTTTGTACCTAGAGTAAGGATGGGCGTCGTGGGAGGGAGAGGGCACAGCGCAGACGCCGTACGCATATTGCACGAGCTATTCTAATTGAGTTTACGGAAAATCGTAACTAGTGTTTCTACTCGATCGTTCACAAGCTAAACAGGCTCTTATAGTCTGACCCGCGTCACTAGGGGCACCTGGATAAACCAGAAAACGTCATAGGTGAAAGTTCCGCGAAGATGACAGCAGATGCTCCTAGTGCCTAAACGGTACCGTATGCGGCCCACAGCATGGACGCACGTCTCCCCCAAAATTCGCCCACCCGAAGGCCTCTGTATGTAAAAGGCTAGTTGAAATGTCGAGTGTGGCGGCAAGTGCAACGTTGTGCGCGTCACGGGCCACTAACTAACACGCGCCCGATTTTCGAGCAGGAAGACTCATCACAAATTATGATCGGCTTTCGACGAGTTAATTCCGGCTAAGTAAAAGACGCGACCGTCGGTAGACTAGTACATAACGCGTGGCCACCCGCCCCGAGTGTCGTCGTATCTACATTAGGCGATGGAACTAAGGCTGGCCTGGCACTTAAATGGTGTGTGTGAGACCTACCAAACTATGCATATTGCGCGCCAAATTCCTGGTGCTATGCTAACGCGCGATAGATTACTCAGATCCTCCGAAGCAGCTCCAACAACAGCGAAATTGATTTTTTCATCCTATTACTGGTCCGGGTATATTGTAGTCTAATTTCAAAACGAGCATGTCCGGCTGGGTATACCAATACGCACGAACAGCTTAACTAGTTATTTTTCACGCGGGTACAAGTTCAAGCGTGCCGCCTGATTCCCACTTGCATCTAGATTATCGATTTAGGAAGTACGTTTGGCCTTTCGGTTAGGAAGATCTTACGGCCAATATTCCGACCTCCAGGTATACCTACGCTGGTTCGTCCGTCCCCCTGCGCACCAAAACGGGGT,1946,50.92,Caenorhabditis elegans
SEQ_572692,CCGGCACAATCACTGTATCCGGGCTTTTGTTGCCGGCCACGCCTTTAGCCAGGACACCATCCCCCGGGCGGTCTTCTTGTATATCTGGTTCCATAACTCACGATACTCGCGCCATGTAAACCGGCTACCGCTCACGCGTAACCGTCCCCGAATTGGCCGCCAAAGAGACGCAGTATTAGTCCAATCCCTTTAAATTCGGGAAAGGAGGGATGTCCATTTCAAACAGCGGGCTTTAATCGCCCGACTGTCCAGCTTGGGGAAGCGTGTGCCAATGGTACCCGTATTAACGGGGCTGTTTCAATCGGGCAGCATTGCTCCGGTCTATTATCGTACGAGTTCATCGTCCTCTAGTCAGCGACTGCCTCTCTGCTCTCATGGTAATATACATTTTTTTCTCCGACTTATGAACGGAGAGAAACTTTTCAAATGATCCAGCTTAGGTGCAAACCATGTCCGCTTGCCACGCAGGTTATTAGGAGAAACCTGGATGGAGCGAAGGTTTTTGAGGCATAGCTTCTGTAAACCCTGTGCAAGTACATTGATACTAGACTAAGTCGATGATACAGTTAGGGCCAGGAAATAACCCTGGTAAGTGCAGCCGACTTAGAGACGAGGCGAATTCTACCGACGCTCGGTCAAGATGCCGCCGTCGGATCGGCAACCTTAATTAGATAGAATGCAAACGCACCTCATAGTGAAGGGAATACCTAGGGGTTTCGCATTGTATGTCAACGAACCCTTATGCCGGACCATATGGGTTGTGATCCCCCAGCGGTAACCGTCGCTGTTTTGCTGGCTGTACCCCGCGAGTGACTTCCGAAAACGTTCTCGTAAGATCCCCATTTTTAAGGCTTCGAAACGAGTAGGTAACTCTGACCGGTGGCTCCCTATCTTTGTTCCCGACGCGCCTCTCGGTCATTAAAGGGTCATCCAGGAATTACTCAACTCACCCCTGAATCAGGGCCAGCTCCTCCGGCGGTAGTGGCGGGCTTGCTTTGACGTTCGTGGCGCTGCGTGCCATTCTGACATTGCAAACCTCGTCTACTTAGTCTTCTTGAACATCTCCTGGTAACAGTGCCGGAAGCCATTGATGTTTGCGCAGCGCAACTTAAATAAAAGCAAAGAAACAGAACTGCGGTGCTGAGTCAGTTGCGCCCACACCATATCATAACCTGGTACATGCGGTTTGGACGACCATGATGCCGGTGGATAGTACTAGAATCGGAACTTCGGCTTATACGAAAAGTCCCGGATGTGCGAAACACAAGTCATCGTGGTAAGCTGCATGCCGTGAGGCCTTGAGACGTGCATTGAGTATGTATTGGCCAGAAATTATTTTTCGTCTGGCTCGTATAGTCCTTGGTTTTATTAAAAGGCGTTGACGGAAGTTGCTTTGTGCAGAATGTTGAGGGTTTAGGTTACGGCTTACGTCGACGCCAGCAACGATTTAAAACAAGTACCGAACATGTCCCAGCATTTCAGCAAGCCAAACGGGTTCGCTGTGCCACCGACGGGGGACTAAGGTCATACATTGGGAGACCAGCCAATGTGTGTGACACCCAAGCATGGGGCTTCATCTTTGACAGTGCAACTAAAGCTAACCAGCGAGTTGGACACAGGCACCGTGAGTTTATAACTAAATAGCCTACGCCAATTTTCTTAGAAGATGTGAGCTGTTAGCAGCCATCAGAAGGAACAATGACAGCACCTGTCATTCATTATGGTCCCCTTGCAGCGCGAACCCCGACCCGGGAACTGCTCGAATGACCGCTGAATCACAGTTATATCGCGCTCCGTAACGCCCTCGTTTAGGCTTTGTAGTACTATTTCAGACATTACAAGCTTCAACACATGGCGAGTAGTATAGTGAGAGAGACGGGAGACCGAAAGCATACT,1896,50.05,Mus musculus
SEQ_494328,AGGGGCACGTGGACCCCAACTGGTTCGAGGCGGTACGAAGTACAGCGGTAGGATTCGCTTATGGCGGATAAGCTCCCGAGAGAGAGGGGAGGTCAAAAGAGGCGATCAACGTTGAACCGAATTCACAACGGGCATGCCTCCCTCGCGTCATGCGCTCGGGTACTTAGGATGACCTCCGGTGACCCCTCGCGAGTCTAGGGTGATTCTCTTAACAGCGACCTTAGCAATCTGACGCGGGGCATTGATATTACGGGACCTGATTGTTACGTGCCTGGCTAGTGTAGGAGCCCTCCGACGGAGGCGGAAGCACGGTTACCAGGGTCCTATGTCTTATGCGGAAAAATGTATTACTTACTGCCCGCTTCTCCCCGTCACGTGCCGCTTCCCATATTGATAAAGGGAGTGAAGTTGTGCTACGCCTTCCTGCAGTCCATTCTTATAGATGCAAGTGTCACCCGAACACCCGCCTAAGGCCTGAGTCAATTTCTAAATATCAATCGAGCCTCCATCTTATGTGTAGTTAGTGTGGCACCACACTCAATCCCTGTTCTTGACAGACCCATGGACGCGAATCGCGCGAAAAAACCCGTACGAAGTCGTTACATGCGGCCTTTAGGCGTCGTGGGTTGTGCACGATGTAAGCGCAGACTCTATACGGTTCCCGCCACCGAGCGCTCTGCACGGAATTACTAATGCCCCTATGAACTCCGGCTGGGCTTCTTCTGCATCGCAGAGTTCTAAGTTGGCATCTGTTTACAAAAGCCCTATCGCTATCTGGGGCCGATGTGTCCAGTGGGTGTAGAGACCGGTGTTTAAGGTGTCGCACATTAGCCGTAAGCCTGAGCAGCATTGGGTGGTGAAAAAGTCCGGCCTCTAACCGGCAGGATGCCTTCTAAGATATTCTCAACTTCGGCCGTGCCGATGGCGAATTACTTCGTAGGGACCGGGGTTATTTGGGACCTCGGCGAATTAAGGGTCTGCCGACACCGACAAGTTCAAGGCTATCTCGATACGTGGGCTCTACAAAGGGTGCTGAGTCTAGGTTTCACAGCCCAGCCTCTTGTCACTATTTCTCCCCCAGGCTGGACGGTAGTGGGGGAGCACTATCGCACTACTGACCCCCCCAGCAGTACGGTAGAGACCACGCCCCAGATGATCTTACTCCATTTCCAGATGGAAGACGTTCGATTAATCATAATGCCTATTAATCGTGCGATTGGCGATAGTGGACGTTTGACAGGGTCGGGCTGGACCGTGCTTATCCCCGGAACCACTTGTGTTTTTAACATCCATCTCTCTGGCATGGCGCATCCCTACGCACCTTTGCGAGCTACATTGTCCACACATTCGGCTCAGATGAAATCCCTATCCTCAAGGGCCAGTATAGATGGACCCTAAGGGAATACCATTATAATAGGCTCTTTAGAGACGGCCTTCCCCTGCACTAGGTCCGCTTACATTTCGCTCGAAGGCTGTATAAGAGTGTAGTTTGTAGGTAGTGACAAAACCCGTGGAGTCTAGCCGCAGGGATGGAGTGCATTTCGAAGAACTACGCCGCCGCCCATACACCAATAGCAATAAAGATGGAAACTGCCGGAAGACTCATTAGACTCCTCGTATAGACAGGCGTTCTGTGAAAGATGTCAGGCGCAAATCCAGAAATGTGAGCCTTTTAGCAGGCGTAACCAACTAGAGTGTGAGTGTAGAGTGGGCGTTCTGTTATACGAGGGTACGAAGCGATAGCAAGCTCAGGCTCCCGAACCACCTGTGGGAGCGGCGCGACACGGGCCAAA,1793,52.82,Arabidopsis thaliana
SEQ_910038,CTCCATTACAGGTAAGGTTCGTACCCGCGTAGCACTGTACTCGTCGGTATGAATCGTATCGGCTAGCATCGAGGATCGCTCTGCATCGATAGATCGTCCGGACACCGTCCGCATACCTCTCGGAGAGCCGGATGGGACCGCTGATCCGAAACCTCACCCTGGGAGCGGGGTCGATCTATACGGGTATAGTTGCGAGGCCGTGGAAACTTGGGCTACCACGGGGATAGGAATCATCTTGG,239,56.9,Saccharomyces cerevisiae
SEQ_951920,TAGTTAGGTGCCACCTGAATTGTGATCCTGCCTCTATAATTTATCAGGACACCAAGAATGAAACGGTAACGTAGCCCTTGCCTAGCTTCACTAGTCGAGCGCACCAAAGCGTTGGTTGAGTATGGAATTACGAAGCCTCATTCCGTTAACGTAAGCCGGTTTCGAAGTACCCAGCTTCTACATATGGCTGGCAACCTCCTCCATAAAGTCTTGGCATGAGGTCGTGAGGGAGTTCGCTTTCTGACGGTCGCTATGTTCATAATCTATGTCGATGCGAAAAGCTACACCCTAGAAGGGGAGTGGTCTTTACATGGGCACCAGTACCGTTCTATTAAGTCAGCCTAAGCAGTATATTCCAGGGGGACTTGCCCAAGGTCATGGATGTGGCTGGATCCGGACGCCTTGGACCGTCTCTCAAACCCACGTGCAGCTACCATAACACAACAATGTCGTGATCAACATCTGTACCGCTCTAATGCACATGAATTCTGGTTCCCAGGCATATCATTAGGCATGCCTCCCACTGACAGTCAACATCGAGCGACGCTGTGATTCAGGTGTAACCCGGGAGGACTTAGGTTTTTATACTTGCCTAGTATATGTAAAGTACCAGAAATGCTGCTCATAACTTAGGTACGAATTCCTGTCGCCGTATAGATCTCAAGTACCTGGGAAACCACGTAGCAGATCGAGCGCCTCCTACTCTCATAGGGCTGTCTTCTGAAGCGTCTAATCAACTGCTGGGCAACGGTCCGCCACCGCCATTCTTACGTTATTGAAGCAGATGAGCTCAATTTTGAGTCGTGGTAGTTACAGATGCCCAGTGAATCATTTACCTGTCTGCCTCCGCTGATGACCATCGAAGATGATCCCTAGACATTGAGGGAAGTTCTCCGGCTATAGGTATGTATCGAACTTGAAAACGCGGGACTCTAGCAAACTAGAGCTCTGTTAATTGGCCTCAAGATTTTATGGGTTTATGACTTTTGAACGTCGGCTGGAAAGGCTAGCCTAAACCCTTCGTAGGGAGCTCGACGTACCACGATCGAGAGAACTTACGGCGACATAGTAAAATGCTGTTCGAAGACTTTCATCTCACGGACAATAATAGAAGGGCCGATCAAAAAGCATATCGATATGTGAAGCGGCAGCGATCGAAAGACGGACACTAACTGGTGTGTGCTCCCCGATCATCATGGGGGAAATTACAACGGTCGACCTTTGACTCAGCCGGAGAGAACGCGAACGGATGACTAGACACACGACACCCAAGCCGATCGCTACAGCTTCAACCTCGTGGCGGCACCTCGCTTAAATTAGAAAATATTATGCAGCTCATTACGGGGAGCCGATATCAATGGCAGGCCATTCCCGCCCGCACGTTAAGCGTTGCCTCCAATGTGCGGGTGATGATATAGCGATGTTCAGAGCATTTATTTTTGACATGATGCGGGTAACGTGTGCTCATATTCTGCCCAGAACTTTGCCACGGTGGTACTAAAGGAGTGTGGGGAGCGGCGAGAGGCTTAATCAGCAATGGACGGACGTCGAGTGTAAATACAAAAATCTATGGGCGAC,1578,48.8,Escherichia coli
SEQ_839840,GCAGCGAGGCATATGGAGATATATCGTTTATCGAAAATGCCTCCCCCTGTCCGGGCGAATTCGCCCTGAGGCTAATCCATTTCACAGTACGCGGGTCTCTCTGACGTACCAGGTACGGGCCACGTCAACAAGGACTACAACATGCTCAGGTGCGGATAATTGGCGGCATTCAGGACTAAATCAGTAATGTGCTCATCAAGCAGACAACGGACCCTCCCCGCAGGAGGGCTAAGGGACGGAAATGTAATCCCGGGGATTCTAGGCCCGTACTTATCAATGATGTCGCGCCCCGATAACATTCCACACAACAGCGCCCCCAATTCGGCACGACT,332,53.92,Mus musculus
SEQ_915264,CGCTCTAGTGCAATTTCAGATACACTCGCGCCAAGATAAAGCGAAAGGTCCGAAGGATATCAAGCCCCGGGCCCCGATCACCTAGGTAAAGTGGTCCTAGGGATTGCGACCTGAAAGAGCGTGTAGACCTCAGCAGTGCTTCTGACTCGTTCGAAATCCTGTGCGTCATGTAGGTTTCGTTGTCCCCTCACCGCAACGGTCTATGGCCCTACGCCGGTCTCTCTATACGGGGAACGCGATCGGATAGTGACCCTGATTAAGACTGATGAAGGCCAAAAACTGGAACCTACGGCGCTCGCAACGCAAATACGACTTCTTACTATTACTTATCCGGTAGTAAGCAGGTTTAACTTACAGGGCGCAGAGACCTGCTTTACCCGTAG,383,51.96,Mus musculus
SEQ_953189,GGATAGATCCGACGCATTGATCGTGTGTGGAACTTCGTAGCGCCATTGAATGCATTAGCGGGGAAAGGACGCTTATCATTCAATATTCCGGGTGCGATCAGTATAACGGGCCGCGCCGCGTACTGAAGTTGCCTAGACTGCGACGCAAAGATGCTTACAATGTGAGTGGCC,171,52.05,Escherichia coli
SEQ_577400,GATCTTAATTAGAGGTTACGACCGTGGGCGTTCACTCGCCGCGATCGCCGCTGGATGACCTCACTCTCTCTCTGTGTCCACTCGTTATTCTGCGCGTGTTCGATCATGACCTAACTTGTCATTCTTTAGGATGCGGCGTGGTTCAACTGCTTTAGCTTTCAGGATCTTTGACTATAAATAGGGTGGGATACGAGGCTTCGCTCCCCCTCAATCGCACAGGAGGCCCGAGTAAGAAGTGACCTGACCAATGCTCGTCCATACTACGGGTCAAACACGAAACCGTATTATAAGATCAGTAGGAGCCCATGAAATTGTTAGCATCCCCGACGATTCATACCAAGAACAAGATCGCGTGGCAGGGGGAACAAGGAGTAGCTAACTTACTATAGTCCCAGCGAGTGTTACATGTAGCGGGCTCATGCCGGCGTGCCGAAAAGTATAAGTAGCTAGCCGGACTATCAACCTACGCGGCCCCCGCAAGGGAGCGACATCATCCAAGCACGTCACAGGACGGGTTGCTTCAGTGACCAGGCGTGGCGTCAATGTGGACCAACATTTGCGACGATTCCTGTGCTTCTGTGAGAGGCGGGTAGTTATAGGGACAAAGCTAAGCCTTCCCTCGCCGGTCCGCGAGGACCCACCGAAGTCGCATACGGAAGCCCACATAACGATCTCAATTATTT,683,52.42,Saccharomyces cerevisiae
SEQ_534566,AACCACCTTATCTCCGAGGAAGTACGGGGCCCCCAATGCGAGTCTTAAGTTCTTACTGCTAATAGGGTATCATTAGGCAATACTCGCCTCGAAAGTTGGCGATTCAGAATTGGCTTAAAGCGCTGAGTTCGTGCTGTACTAGTCGGAGAATGGGTCTCTCGATTACAGTTTCGTGCGAATGCACAGACGCTTACCCCGTCATCCCACACACATCACCATGTACTTCCCACGGTGGGCGTGTATTACTGCAAAACCCCTGCATGAGGTCGCCGCGTCCGGTATGGCGAGGTATGGTCAGGCTCAGCTGCTCGATTACGACTTGAGTCACCAATGGCTGAATGCCACTGCGAACCCGCCATTAATACGCTGACGCATCCCACTTATTATGACAATCTTCCCACTGGTTATGGAGGCCTGGAAGGGGGAGTTGGTGGCTAGCCAGCTTGCCAAGGTTGCCAGCGCGTCGTTTCGACAATAACTACACGGAGAGTGCCCAGCTGCTCGATGTTGTAGAACAAATATAGACATTAAACAAGTGTAGAGAACTGTGGCGCCAAATCGTAGTCCCGCGTAGAAATAGCGAGCCAACTTGTGTATCACATTGCTAAGTAGGAGCCAATAGCAGGGCTTTGCTGAAGATTGGGTGGAAGTAAGACGGTCGTGCCACTATGATGAGACATGATTTCTGGTGTCGCTGATCTAGGGGCATTTAACTCTC,718,50.7,Arabidopsis thaliana
SEQ_783748,CGTTTGGACATATGCCGGTTGCATGTTAGATGCTTCTCTCGGCCGGACGCTTGAACGGAAACAGTTAATGCCGCCTTCT,79,51.9,Escherichia coli
SEQ_250514,CGTCGAAAGGCGATTGGGGTCATTCCATATGGTGGGATCGAAAGTGTGAACCGGAATGCAGGGACAGCTTTCCCGAGCAGATCTTGGATGCCACTACATCCGATCACGCTTGTGCGTCGAAGAAGTGTAAAACAAGCAACCTTCTCCGTTATTCCGCTCGGCCGACCGATAGCACACGCGGGAACATGTGAGTACTGCTTGATCAGAACGGCGGCATGTACTCGTTTGCTGAACTTCAGCACTCTCCAGACATATCAGCAGCTTCGCGAACGACTGCAATCTTTGAGGGGTATAAAACAGCTATTGACCCGCCACCCACAGAAAGCGTACTAGCTGACTTTCTTGTGATTCCGTAACACTTTATGCTTAGCAACGGAACTGGAAGGTATGAAGTGATCGAGCAGGGTCACTTCCGGGGTATTTCGCCGAAGCAGGTTCATAAGACATCCCGCTTCATGTGTTGGCGAGGTTGTTCCAAGGATCGTTATGCTTATTCGCATCGTCGCTATGTCTCTTTTGGCTACCTCTCCGGTGGATTGCAGTGGTATCACTCCCTTCAGATTTGATCAATGTTTGGGTCCATGACTGATCCAGACTGGATTCGACGGTCTCTGGGTTACACATCGGAGTCTCACTTTTAAGCAACCCTGACAATCTTGGACGCAGACACGGTGGGCATAGCTAGATCGCAGATGTGCGCGACCCCCTGAGTTTGGGTATCGCCGGTAAAAGGACTGCATCCAAACCAGTTAGATCGTTAACGCCGTCCAAACTTTCATAGTACGGCGCTCCTACGTGTCTTCATCCCCTGCCTCCGACACACTGCCCCAATGATGCCGCAACAATGGTAATGGCACTATAGATATCGAGGGGTATTTACGTTCTTCAGAAACGAACCCCCGGAGGACACAAATTCTTGTGACGCTATCATATTCAACCGCCGGGGACCACACTGTTACGGCTCGCTTTTTCTGCCGGGTTGATTGGAGACTGTGAGCATGCCGGAGAAA,1010,50.89,Mus musculus
SEQ_964398,AACCATCCCTGCGCTGAGACCTAAAGTGACAAGAGCGACCACGACGGGGAGAACGCGCGGGTGATTTGACAAGCTTTTTTTTCCCCTTCCAATTCACTCCTGCGGAAGCGTGTAAGGCTTTTGAACTAGCAGATTTTATCATCACTGATAAGGACATGAACTGTGTGTCGTCCGGAACTATGGGCCGTGGCCGAGGCGGCAACAAGACACGTGGCCGGATGCTCGCATCAGTCCAATCACTCGCAGAATGACTTGCAGTCCTATTTACTACGTCCCAAGCTTCAAAATGTGCATATTCTAATATAGATTATGGGTCCGCCTTATCTACCCGCTCTTCGAAAAATGGTGCATGAAGGGGACGGTCAGCCAGTTCTGGTCTGCGAGGGTTCACTGGCATTCGCTATTTCAGCGGTCCACGATAAGATTGGGGACGCGGGCGCCTGTTAACCAGTGAGGCCTCGGCGGACCCCATTGCAGTTTCCAGACTGTAGGAGATCCCGTGGGACCTTTTCGTGTCAGGTGTTACCACACTTATCCGGTACGCAACATGACGTGGTCACTCATCATGTGGGACGAAGTTCTTGGCACGCAACGAGATCACAACTTATAGATATTAAGGTGTTTCGAGAACCAGGGAAAGCCCAGTTGATCCCTCGAAGGAGTTCACTATGGTCAAGACAACTCCGCTTGTTGGTACCCTCGAACCCGCGTAGTCCGCGGTGCACCGTGGTCGCAAAAAAGCGTACAGGACCGCTCGATCCGTCACGCCAAACCGGGCGTCTGTTTTGAAAAGCCCCAGCTGCCCGTGTGAATGGCTGTGACCTCCGTCGCCTGGTTTTTCTAAAGGAGCGGGAGCGTCAAGGGAACGTATATATATACAAGTCCTGGGAGCACGTCGGTTGATTCACGTTATAGTGATGTATTAGTTCGTAAAGGCTACTTAGGAGTATCCTGCGAGCCTGAATTGTTGACTAAATCACCAGAACGTTCACTGCT,996,51.61,Saccharomyces cerevisiae
SEQ_384207,GCCTGCTTAAAAAGATTTTTCGCTGATTTGGCGGGAGTTAAATTACACCAAACGTATTGTCTTTCGCTACAAGGCAATACGCAGGGCTCGTGCGCCTCCCCAGCGAACGTCGAATACGAATGCTGAACTTCAATGAGGGAAGCCTACGGAATACGCCCAGGACATCATCTCCACGTCGCGCTTAACTTGTGCCCTAGTGTATCATGAGGACCGAGCTGGCCCGCAGGCGTGATGGGAAAGGCCAAACAGTATCTCGATCTAGACTCATTCCAAGACGAAGTCTAGTTAGCCCGATGTCCATGAGCAAGGGATAATCACACTTCGCGGGCTTTGACCCTCGGACGGCTCCGCCAAATGTAAGGGCATGAAGTCAATCATAGTGCCTTTTGTTTAGCCTTGAGGCTATGGTTCCGAGTTGCTGTAAGGTATAAAAAGCTAATGTTGCGCTTATTTAACCATATTACGGCAAATTGCTGTGAATATAGCAAATATATAGCAGATTTAGCGTCTCAAAGAACAGGTGCTAACAGAGGTAGGTCACAGGTAGTCCCTGCGCTGGGACTCACTGGAGCTTGAAAATATGAACAGAGATACACTGCGCTGTGAGGCTGAGCCCTATAAGGGATGCTTGCTCTGTTTTCCGTTCGGCCGACCGCTTGCTATCAAACTTTAGACACCCCTCAACTACACCTAAGAAGCATACGCAACACTTAATGCGTGGGAACTAAGTACTGGCGATCCAAGGACGCCGAGCGAGAAGGCCAAGGTATTGACAAAAGCCACGAACATACCCAGTTCTCTCATATAGATTCGGACAGGTTACAACAAGGCCATAGACGCTGTACCGTGTGCATATGCAGATCCAGTTGTATAGCTACGGTCTAGATTTTAGGGCTGCCGATCTAAAGATCGCCGTGTCGGGGACAGGCTGGTTGCTATCGCTTGATGGCCCATATTCTGAGGATATGA,969,48.71,Drosophila melanogaster
SEQ_454766,CGAATGACGGGCTTGGAACAACTCCTGTTCCGTCGGAACATTGGCTCGGAGTTCCTCGCTTCGTCGGAAGTCACCTGCGTCACAGCGGCGTCCGTGTCGGATGAACTCGCGTGATATGGTATCTTATCCGTAAACAGTATACCGAGGAACTTGCATCCGTTAATTCTCGGGGACTTCTATCAGGCGGGCTTCATTTTATACGTAAGTGACTGATATCGATGTTGCCTTGGTTGGGACAGGATATTTAGCTCATATAGCCCCCCTAACCAGATGGACAGAACGACCCACTCTGTTTTTTCGTTCCAGCCAAGAAATAGAGATCAAACTCCGTAGTGAGTGTACACAACACAGTGGCTAGCGCACCCTGGCTTGCATCAACAGCTAAGTTGGATGGAACCCGTACCCCTCATACGTAAATTACAACCCCGGTGCTGATCGGGACTACCAACGGGGAAGGGGCAAGACTGTTTAAACCTATCTAAATTCCCACCCGATCAGATCTTAGCTTTA,510,49.61,Homo sapiens
SEQ_971544,CGTAGTAACATCTCTTCTCCCATCAATACATTGACCGTGGACTCGCTAGCTTACGTTCTTGTCATATAAAAATAAAATTAGAGTACTACCATTTGCACCCACAATGAGGGGAGGAGGTAGTAACTTACATACCGATGCTATTCACCACGTGAACCTAGGGCTGGTGAAGAATGATCCGCGCCCTCCAGTGGATGAGGGACCCAGCAGCTGCTGGGGCCTTACGCCACGGCCGGGTATTAAGCGGGTGGCCCGGGAAAAAAATGCCTTGCTAGACAGGTCGTGGTTTCACAGATATTGGAGTTAAATCTGACATTTACCTATTTTGTACACGATAGAGAGTAGCCAACTTAATTTGTGTTCGTCAACAGCAAGAGTCTCGATGGCCCTACAAGACTACGGCGGTTTGGAGTAATCAAATATTCCCCTCGACCCGGCGTGAGTTTTGTCTGGGGATGACAGAGCTTTGCACCAATAGGCATAGCTTGACCCACAGCTTTCTCACGCTTATCCGTGTTGTCCCAGCTAAGCGCGAACGTTCTACTATATCAGAGAGCTATCTCAATGAAAATGCTTACCGTTTCCTGAAGTGGTGAACATTCGTTCGTAAGCATGACCGACCGCACCTAACATTACGCCAGTTGGTAACGTGCATAACAAAACAAACGGCGTACCCTCATCGCAGTGCCGCTTCCGTCTAAGAGTGTTCCCGTGCCTGGGTCGTGGTAACGATTGCACTCAGCTCAGGCCATAAGTAGTGGTGTGTCGGCCAGCTTACTTACGAGAAAGGAAAAATCACTGCGGTTAACGCTCCCGTTCACATCCCTGTCTACCGGAGCAATTGGGGAGAGCTGTGATTT,857,49.01,Escherichia coli
SEQ_867520,GCCAGTCTCTCTATGGGTATAAGGGAGTCTGTACTGGTCCCTTGCACCGTAAGACACCGCCTAAGTATCGTTGAATGTTCCCCTCTTTGAGTATACTTGCCTTTTATGGAGTATAGATATTTCCGGTTGGTCTGTCAGCCATCCCGTGCCCCTTGAGCGTTCGATTTGTACAACCCCTTTTCTCTCAGGGCGTATCCAACCTGTTCCTAGGGCTATTTTAGGCGCCAATATGTGCCCGTCCGCTGAAGCGCAAAGACTTTGAACAATTATTTCGATGAAGGTCGAGGACCCGAGCCGGATGAGTTATTGTGTGGTCCCACGTGGGGACATCAACACTTCTAAGGCACGGGGAACACTATAAATGATTGGGAAGACTATCCAAAAAATTATATGCTAATTGATAAGCGGAGGCCTCTTCAAGATCAGGTCATCTTTGCTATTCTTCGCTGCGCCACTCCTGGTTTATTGGTTAGTAACCAAACAGGATATTTCCGACCTGAATGCGTGGTGGGAATGTGCGTAGGGTGTCCTCGGTCATCTAGACGAGATGGCGGCACACATGATTGGGAACGATATAGGTTACCGTTGCACGCGTCTGTCAGGGTATACCTTATTTATGCGGTCCACATGCTCGAACAAGATCATAAAAGTCTAGTGACCAAAATCATGGCGGCCCAGTAAAACTTCCCGCCACGATACAAAGCAGCCTCTGAAGGCGAAAGGGGGACGCGCCAGATAAAATTTCTATGGAATGATCGAACGCTCAACGTGCATCATTTCAAGTCACAGGTAGTCCGACTCCCTGGAGGCACGTAATCATGCGCAATTGGAATAACTGGCTCCCTTAACTGATCCTTCGCCTACCGACCAATGTGGTATGCATACTAGCGTAAGTTGTTTGTTTGGCAACAGCCCTAAGATATCGAGATCCAGAATTCGGCTGCCAAAATTGATTTTGTGG,961,47.87,Escherichia coli
SEQ_942505,TGATACATTAGATCATATGTTGAACTCAATGTTTTAGGCCCCGAGAAAATCTATGTTTGCTGAGGGCAGGCCATACTGTGCTCTTTTAACATCCCAGTGGACGCGCAGGACTACTAAACAACTGATGCCCGGCGCGGTAATTCAGGTCCTGGAAGACCTTTGCTGGGCTCAATTGATTGGCGCCCACGCTAGGTACAGCTCGCCCTCGTTAGGCTTAACGACTTGCACGAGCTCCTCGTGACGGACTACCGCGCATGCCATGACGAACCCCCTGACAGGTTCAACCACACAGGAACCCGAAAGGATCAGCGTCAGTGTAGTGTCTTCCCGGTTGGGCAGCTGCTGAACGGGACTAGATCTATTTGGTTATGTAGCCTCAGATCATCTCACACACTTATTCCCTTAAGGCAGTCCATGTGGGGACACTGGGATCACCTGTCAGAAACGCAAGGGAGTTTGGCGCGTACGTATTAAAATTCTAGGAGGGGGGCA,492,51.83,Arabidopsis thaliana
SEQ_862346,TTTTGCCTCCCTACAACGCTCCGACGGTACTGCCTTGCAGGTAAGGCTAGTTATGGAGTACTGGGCTTAAATCGGTTATGAGAGGCTCTAACGTTGGCTCCGTTCTGACTATGG,114,50.88,Mus musculus
SEQ_813528,CGGACTGTACGAATCAGGGTTTTACACCGCGGGACAGGACGGAATCATAAAAAGCTACGACGTGCGCCACTTAGTTACTGGCGGAATACGCGCAGTGGCGGTTTCTGTACTGATACTCTCGAAGGAACTTACAACTTGTACGGGATCCCCGATCATCACTCTAGCGCCGCCCTGAGAGCATGACGCTACGTCGGACGAAGGACTCTAGGCCTTAAACTAATGCAAGGCCAGCCCACGGAGCTTTTAAGTGACTGAGGAGTAATTTTCCGATGCGCCAATCTCGCTACCCCCAGCCGCTGGTCCGACTACGCAGTCGAGGGATGTTAATATAAATACAGACATCCCTGGGCGTGCCGTGATATCAGCAACCCTCCATAGTCCGAAGGCATGAAGCATGCAGTTCAGACTAGGTGAATTGACACCGTTATTTGCATA,435,51.95,Arabidopsis thaliana
SEQ_581040,GTTCCACCGGGGTGTTAGTCATCCCCCCTGCGGGGCATGAGTGTCGCGTCTAGTTGAACCTGGCCTTCGACAGAGGCGGTGACACCGTACTCTCGTTAAGTGGTAGAACTAGGGGTGCTTTCTCGGACTACACATTTTACGTAGGACTCCGTATTTCCGGGGCTTTACCTTGCGCACGCTTATCAATTTGTTAACCATACCTAGAACGGTCTAGCATAGTTATGAACAACACCTTGTGCTCATGTTTTGTTTTTTAGAACGGCAGCCTATACTATCAACCGCATTGGGTGCAGACTGCAGAGGTGCGCGAACTGCATAGCCCTGTGATCGCCATGAAGAGATCTAACCCGTCCCAGGAAACAAGAGGGCCCTCATGGGGGTACTGGGTTAATTTACCTACTGACGAGAGCGACTAGCGCTATCGTCGCTTTCAATAACTCCTCATCCACAAGTAGCCTTCATTAGCGGCGGCTACGAATCTGCCCCGTGCAACGCTGGGCCTAATTGCCCCGCAAGACTCCTTAGCTTGACCCTGAACCATTATCCGCCATCAAAACATTTGATCACAAGGCCCAAAAACGGTCTGGAGGCTGCAAACGCAATTGTACGGTACCAAAAGGTTAGGGTGGACTAAAGAAGCGACGGCCCGACGTGGTTTAACCATGTGCTCCTACAGTCTACAAACGCTGTACGAGTACGAGCAACTAATCTGTTCATTGCACACCGCCCGATGCGACCTATGCTAACATCAGCAATCAGCAATAGTATGCAATCCTAACAGGACCCAAGACGTCGCTGCCACGTTGTCGGGAGTCGAGAGTAACCCGCGGTTTCTTTGACCAGAGTCCCTCCAAACCGTACGACCCATAACACCGGGCCCAAAGCGGTATAACAGGAAACGTCAGGATCAACATAGATTTACCCCTGTGACAGGGCCCGAGCCTCACGGTGTTTACACCTCGATGGTCGCTAAAGAACCTGTCGTGTTAGTGACTACATTTCTAAGTTACTGTCAACTCAAGACGTTAGCATCAAATAGCTAACACTAGGCGGGATACAAGCCACGGAGGTGGCCGGGAAGAGTCCACATACTGCAACTAGCACGGACTATAAACGTGATCTGTAACGGCGGTTATAGGCCCTGACGGTCCCAGTTGCAAATTGCTCGAGTTCGTCCTAGTCGCCTAACGTCAGGGCCCATGTGCATAACGACGCGATGACATCAGTATCTGGCGCAGTAGTATATACTTTACAAGATTCCACGTGTATGCCATCACGGTCTTTAGCGT,1289,50.97,Drosophila melanogaster
SEQ_250813,TAGGGCCTATCAGATCAAGCTAGAAAAGCGGCTCATCCTCCTCCGGTAACCGCAGAACTTAGTAAACATCACCTAATGCTGAAACGTATTGTCGGGTTCTATACTTGGTCCCGAAGTATCACTCCGCAGGTAACGACAACGAAGATACGGGCATGTGTCTAATTGTTGGCTTTCTTTTAGAACTATCTCCCAGTGTCGGGTCTTACTGGCTAGTGGTGAGCAGCTTGGTAATGGAGCACATATCAAATATGAAATAGGGAGGTGGTTATTTGGAAGAGCTGCTGATTTGCGAGATGCGTGGTTATAAAGTGTACTTAGCTTAAAGTCCCGAGGTACAGCCTCTGGTGGGCCTACCGCAAGGATTTTATCCGACGGTAACCAAGGTTAGCGACGCTCAGGTCACACCTCAGAAAACTTTGCCCTTCGACTTATACAAAGTGGGGTACTGCTATTTCGCTAACTTTCAATTTATCTCATCGAATTTGACGCCAGCAGTACCGAGATGTGTAAACAGAGTCGTTAGGATAAGGTCGCTAAGGTCTTACAAGCCGGTTAGAGCTCTACTTGAAGCAGAAAAACCCTAATCCTAATTGATGTGAGGGGCGACGTGGATCTGTCGCTCGGTTGCAAGTATTAAGTGGATTTATTAGAATTCGATGATTGACCCACGTACAGATGTGGATAGTGTGGCGCTGGCATCTTGACGTTGTCCGGGCGAGGCACACCAAATCCGTCATCTTTGTAGCCGGTATGTGCTCCATAAAGACAAACCATTCCCGCAACAAGCGCTTATAGATCACGCTCGTCCCAATGGCCGAAGTGCTGGCGAGCGTAAGGCGATCACATTAAGTCTGCTCAGTAAAGCACAGCAACGTCGCCTTAGGTCAGTTAGGCGGCACACGGCGCATGGGCCGCGTCGTTGTGGGGTAGGGGTCACAGCAACAAGACCAACCCAGGTATATAGTCGACATTTAATTACCGCATAGTAATTCTGATCCTTGGACTCCTATTATCAGCTGACCAGACTCTCCGTAACAGGTATCCGACTGTTGAAAGACTTCGACAGTCTTTGCAGAGGTGCTTGGGGTAGAAGAAGGATCGGCGGGAGAATAGTGGTTACTGTTTGTGGCGAGAAGCTGCGCACTAAATAAGTGCACGTCATCTTGGGTTATTCTTCGAGCTCTAATAGGCAAGACAATATAGGCCGATCACGTGTATG,1219,47.99,Arabidopsis thaliana
SEQ_171472,GGATCATCCTACCTCTGGGACCACCTGTATCGGCGGCTCCAATTTCATTAGCCAGCATCTCTCTCTGTCTGACAAGTACGGGGCAAAGCTTAGCCGCTGATCTCACTACAAAATGCAGACACTGGGCTCATATGAGCCTACCGGAATACGAGGACCCCCCTTAACCGGCCGGACCCATAACGAATTCGCTCGGAACAGAGCCAGCCGGCAATGGGAAATGGCGAGAGATAAAGGCACCCTTGGCATAGACTGGAGGTGTATTAT,264,53.41,Arabidopsis thaliana
SEQ_653102,CCCGACCGCGGAACTCTAGGTAATTCTTCGATTGGCTATGCATCGTGACGGAAATTAAGGGAAGCCATTTCATCAATGAACCTCTCAGAAGTCAACGCGCATGCACCTGGGGCGTACATGGTCAGAAACTGCCCGGAGGTGGATCGCCCGGAGTGATCGGTGTCAGCGGAATTCACTGGCGAAGAGTCGAGTGAAATACTTGCGCCGGTATCCGGACGCCGCGGGGCAAGGTGTATGTGCCGCGGAAGCTAGAAGAAACAGTCGCGAGATTCTAGGATCCGCGAACATAGTCAAGGTTGGGTGACTCGCTTACGGAGTGCCCGAGTATCAGCTTACCGTAGGAAACTACGAAACTTGCTGGGCTCCCCGCGTCTAGCAAGTTCATAATCCAACGCATGCTGTCCTCCAAATCCCTAGTAATTCTCTGTATTGGGGGGACATAGCTAACTAAAACAGGTCTGTTCTTTGCCGCATAGTATGTAACTGCGGCTGAACGTATCATAATATGCTGCTTCGACAGCAATTGAGCTCCGTGGCTGGAGGAACCGGAAGTCACTTACCCGTCTCCACATACGATTGGTTACCTTTCAGCACTATTGCGGCACGCTTGGGGTAGGCGGGGCAGATAGGGACGCGTAAATGCCCAGAGCCAAGGGTCGGTGAACGATCCGCGTAGCTGCTTGCTAAGGGGTACGCTCAGACAAGCAGCCACGCAGGATTCCAACGGGTGCTCAATAGGGACCCGGACAAATGGGGCTCGTCAGACGAGCGTAATCTGCAGAAGACTGCCCATTATCCGTTGGAGTATCTAGCAACTAAAGAGTTCTGTCTCTTCACGTATTAACAGAAGGAAGACGCAGTGCAGCCTAATTGCGTAGGCAGCGTGCAACCAAACCAGAGGGTCATACCCAAATGGCGCCTTGTCTTACGGAGGCTCCAGCGGTATGATGAGCTTTACGACAGGCAAGTGCCGGAAGCCCCTTTCCAGTGACACTTTGTTTCCAAAGCTGAGCCCTTCTGGCTGACGATGCCGATACGGGTGGCGGAGTACGCCAGCTCGCTCCTAACCGGTTACAGGTCACCTCTAGGTCGGTTGCGTATGGCGTCACCTTGCGGCACTACACGCTCCCCTCTTCAACCTTCACACTAGGCTGAACATTTGGACTTGCCGTAACCCCCTAGTTGTTAGGGCACAGAAGGTGGAAAGTCTTAGTGCTAAAGTGCGATCCCGGTACTGTTGGGCTGACCCAAATCATTTCTGGACAACTAGGGTGTATATCCGATTTGGACAGGAACCCATACCGTTCCTCATGGTTAAGTACCTAGAGGATATTATAGAAGACGGGCATTTAGTGCCACCCGAGGCAAAAG,1371,53.03,Escherichia coli
SEQ_547171,GAACAGCTCTAATTAATTGTTTCCACGAAATGACACCAGAAAAAACGCACATCAATAGCATTGCCATAGAACTATCCGCAATAGCGGGACCCGCCCGAGGTTGCCGCGCAGGCAAGCGTATTAAACAACCTTGCATCCGACTCTCCGCGAGGGCTCCACGAATAGCTACCTACATTCTTTCGCCACCGTAGCGCACGTCATGGATACATGGCTGCTTGTGAGTGGGTCTTTAATGATCAGGTAGAATCGCTTTATATTTCCGACGCCCCTCGCCCAAATAAACAAAATCCTTTCAAACTCGGATTATCGCGACCCGACGGCTGCCGACACGACCCTTCTACGGCGAAAACTTTTCTCGAAGGAGCACGCGAGTTTCCTACTGTGAAAATTGACTATCAATTAAGGCTCTGGGGGGCAACAATCTTACTTT,430,48.84,Drosophila melanogaster
SEQ_483086,ACAATTCCCGAGGTTCCTAGGTCTGAGGCAGCAATCCAGAGGCACCTCCACCTGC,55,58.18,Escherichia coli
SEQ_585773,CACGCTAGCAGTGAGAGTCAAGCCTGCGGTTGTGCATTTACACCTTGTAGTTGGATTACCCCATGCCGTGTATATGTGGTATCGTGTCCCCGCAACAACCTACAGCCTAGAACGCCTAAAATCTCCTCCAGAGAAAACTAAAGACCGTTATTGGTGAACCACTGTGATGAGCTGTGGTAAGTTCGCCGTAACACCCGCGCTTGCGGCCGCGAACCTGAACTGAAGCCCTCAGCACGACTCTTACAACAATTTCCCGGCGCTTGCCCGAAATACCCCTGAAGGTTAGGCACACTCGAGCGTCAATCTGGAGCGTCACCGAATACCAAACGCTGTGCGCGGGCCGTTGCAATAGAACAGGTACTCCAGTGGTCAAAAATATTGGAGGTAGAGACCCGGCAACTATGTAGTGGACGGGGTTGGTACTCTAATCTGGCGCAAGGCGTTCTCGACACTCCGTGTCGATTATCAACTCCTCGGGCACCGTAAGGCTAGGCCAGTTCTTCTCTTTGGGTCTTTATCGATACCCCCCCATTTCCGTGGTTTGGTGACTAGTACCGGACATATGCGCCCTTCTTGTGAGATGCCATCGTACCATGTTGTTTAACAGTCTTCACAATCCTGCACCCCATTCCTTACTTCGCGTTGGGATGTGAAGGTTACGCCCTCGCGGACAAGCGGTGGATGCCCCGAATTACAGATCAAACCTGGAGAACAGCTGAGCACATGTTAGTTACGCTTTTCTTAACGCACCATGCCCTACCGCGCGACGTAGTGCTCTATGCAGGTCGCGACTGTATTTCGTATCACACACGGGCACCCATTGTTTTTCTCACAAATGAAGTGTGATTAGCTCAGACTCACCGTTACGGGAGGGTCAATCATATAAGCATGCATGTATTTTCATAACTCCCTGGACGTTACCCGAAAACAGCCTAGAGCAAACACGTCGCGCTAAGGTGCTTGTACCTGCTCCATGGGGTCGTGTAGGAGAATTCCGCGTGGGTACCTCTTATGAATAGGTCACCGTCAACTTCAAAACCAAGCGTTTACTTACCTCACTTAAGTGCTTAACGTATGCCGTACTAAGTGGACAACACCTAAGGTCCAGTGTAGCGTTTGCGGTACTGGCGTAGGTTTGACAACGCACAGCTTGACTAAGCTTTGCAAGGACCCCTTATGGGTGCCGAAGTTCGATTCCTGGGGTCCGTCCGTGTAGCGGGGGCGCAGGGTCCCCGGAGCAGTCGGTCTTGACCAGCACTTACATAAGTCCATACTCACTCACAGGCCTTAGCTAGCGAAAATACCTAGCGAGATCTCTGGATGATAAAAGCTACCGCCTGAAAATGGCCCGGATTTGGCAGCAGTCAGGGATAAAGGGTAATGTTTAAGTGTTAGGGACTCGGTGTTAGTGGTCCGAAGTTTATAGTTTCTAACAAAGTGGAAGGCAGAGGTACTCCAGTGTATCATTTCCCTACTG,1477,50.91,Drosophila melanogaster
SEQ_101630,TTCTAGGTGGAACGCGCTAGGCGCTGATGATGTTGTAGGAGATCGCAACAAGCTTGGAGTTTAGATAGGCCTGGATTTCGGACTGCGACATCAGGGTAATTGTGACCTTTGCCTAACGCCAGTTATAAATTTAAACACGGTTCGGTTAAACCAAATAGCTTTGAGCGGCTGGCGATGGCCGAGAACGTAAAGATGCAGATGTATGTTATTTTCGTCTCCCCTGCCCTAGGGTAGCAGATCAAACACCGTAATCAGAGGTGCGAGTACACAAGTAATCGACGGGGTCACACCATTCCTCGCAAGTGAATTCGATTGCGCGCGTCTCTAAGCCTGGCGTTCGATGATAGTACGGCGCAGATGTAAAAGCAATTATCTCCGGTCGGGACACGTAATAAGCGGAAGAGGTCTATCGGATTGTTGGCACACCATCAAGAAGGAAGGTCGGCTAGGGGTCCGCGGAAAGAACTCTATTTACTAAAGAAGTCCGAATAGTCTAGACTAAGCCTTAGTGCGCTCCTACCTTATCGATCATCTAGACGGAGCTTGGTGCTCAGGTAGCGGTTTGACTTAATGGCATTAGTGCCGTTTTTCGTAATAGTTAACTTAGGCCTAGTTGGTTTTGTGTGTTATCAGGTACTAATAGTTCTGCACATCTCCCTTGGAGATACATGTTAATAATGGAATGCGCACGGTCTGCGTGCCGCGCTACATGCTAAGACGATCGCGAGGCCAATAAGAACGTTGCAGAGTACATACGACACGGGAAATACCTGTACATGCCATATATGACTCCTCTATACGGCGCGTGCACGTCACGAGCTCTAACGTTTAACGCTAGCGTTCAGC,846,48.11,Caenorhabditis elegans
SEQ_925212,ATGGTCCGACGCGCTTTACACTCCTATGATGATGTGTCAAGGGGCTACCACTAATCCCCCGGCATCCATGCCTATCATAAGCCCTATAGACAACGACCGTGAGCCCTGCCTGGATATTTGGTTGACACGGCCCCAGCACATGCCTACTATCGAGCGGCCGGTAAATGTTGGAGGGCCGCAAACCGAGTAACCGGCCTGGTTCCACAATCTCGATTTGCTTTCCTACGACGCGAATCGTGTTGCCAAACGGGACTATGGGCCTGGAGGTCGTCGCCTCACTCTAGCCTACTATAGCCGCTACCCACACATATTGAATCTAGCTGCGAACCTGTCCTGTTGGGACCGCTGATTGTCAAATCGGGGATTTAACGGCCGTTGGAGGAAAAACAGATACCCCAGTAATCATCAGCTCTAGTCGCAGCATGGTTGCTGAAATCAGTAGATCCCAGGCAACGAGAGTGTAGTATGATAGTAATGTGAATGAATGAGTATCGGCCGCATCGGAGGTCCACGGTCCCTCACAGAGTAGTCAGTCCAGTCAACGAACTGAATCTCGAGCGAGGCCTGTTCCAACTTGCAGCACCATACCGTGTGGAAGTTAACAATTTTGATCTGGTACAAATCCCTCATCTGTCCTGCACGCCAACAAGCGATCCAAGGCAAGCTGGCAGGGCGGGCCTACTACAAGTTTACTGCCGGGAATGGATGGCCATTCTGTTACCCAAAGATCTTGGGGGGGAGATCCGTGTGCTTCCGCCATGAAAACGACTTTCAGCAGGCCACTTGGCCATGAGACGGCTTTATAAAAGAGCGAATTTAAGCCAGTATTCCGCGCTCAGGCGGAGCGTAGAGGAAGTGTGACCCTCAGAGAACAGATATCCGTATCGCATACATTCGGCTCCAACAGTAAAGAGCTCCACATTCCTATGCTAGATTTCCCTCACCTTACCTGCCCGTTTCGGAAAGCGGCCCGACAGATATACGATTACGGACCAGACCACGCGCAGGGACTCTTAGGCATCCCCTACGGTCCGCTTGTCATGGAACATATTTGTTAACACTCCTCTTTACTAACATCCTGCAATG,1086,51.93,Arabidopsis thaliana
SEQ_278294,ACGATAGCGCAATCTGTGCTATGTTCTCAACCAGCGGGATTTATTCAGTACTCGTTAGCATCACTACCTACACCAGAGACGCGTGCCGACTCA,93,49.46,Caenorhabditis elegans
SEQ_972466,TTCCCACCAGATTTGTTATAACGAGGCCAGTCACCGCGACAAGATACGCCTAGATCCGTTCCACTCCGAATCATATCATGCTCGGGCTACAAACAGCTCAGACCCCTTAGAGACCATACTGAGTAGGCGTATGGCAGCAGTCCACTATATTAGGACTGTGGTACTGTCACTTACTAAGCTAGTGAGCCGATGCTAGAGTAGGAAGGGTTGTACGTGGATCTCAAACGAAGTAGGCCGGCGTACTACCCCCACATCAACTCTGCAGGCTGGCCTGACCAAGTTGGGCAATACCGGATTGTCCTGGGGAGTACTCACGTGAGATTGCCATGCAAGAGTATCTCCTCCAATGACCCAACATTACCAATCGCAATTCCAACCAGCAGTCAAGAGTATCTGCTAGAACCTAGCTCAGGCTGAGGTCAACGTGGCAAATGGGTACAGACTCGCGATATAAACCTCTGTGCCCTCGCAGCGAAACACCCCTTTGCGAGTGGGCTGGAGGCTGTTTTCCGAGTAGCACAATCGTTTACAGAATTCCCCTCTCAATTCATCGGCCGAGGTCTAGGGGGTAAGAGAGTGACCCTTTGCAGAGCTAGCTCTTACCCCTTGGACGCCAGCATTTAACGGAAGGTCCGTCAATCCACTGGCCCGACGAGCTCAGGAAGCGCAACCCCATACGTTAAGCGATTTGGGAGGTGGAAATGGCGCAATTAATTGGACAACCTCAAGCCCGTTAATAAGACCTAAATGCTGCAATTTCACCTTTCTTATGGGTTCGTGATAGATCATTAATGCCGGCAACTGAGCGTGCAGTTACGAACATGAAGAATTACTGGATATTCTCCCATAAAGCCCCAAGGCATTAGGGCTTGACTATTGCTTATGTAATTCATCGGGTTTCAGTAGATGGGTTTCATGCCCACTTAATGATAATTATATTAGTGCTAACTGATCCGCACGTAGCCTTGCCTCCACAGGTTACTAGCAAAACAGACAGTGGTAAGGATAGTATTATACACAGAGTTGAGGTCAAATATCAATCTGGAAGTGCACACCATGCATTTCGATCCGTTGTCGCTTAGTGCAGTTGTGTATCTATCCACACCCTAAGGCTAGTACTTACTCTCATGGGAATCACCGCCTTGACGCCGTAGCTGTGAGATAGAATTCATTAGGGTTGACTTATCCTATTCCCACCATATTGCGGCCTCAAGTCCGTCCTGTCGCGTCTTAAAGGTGCCCAATAAACCCCAGCCCTGGCCGGAATTGGGGGCCTCTTAATAAGAGATCAAGGGATTAGTAGACGCCATCGACATAGTTCTCCCGCTATGGGAGTTGCAGGGTCGAAGAGTCATGTGACCATATGCCGAGCATGCGGATGATGTTGTACGGAACGTTACGGTACGGTGAACTGGGTGGCGTGATTGGACACGTCGCGGGGAGGTTTGTCACCACTCAGCGAATGAGCATCCCATGTGCGGGAGCGAGCGGGTTGATCAGGATGCGGGGAACCTCACGATATCACCAACGTCCAATCTCAAAGTATACTAGTGACCTGTCCATTACGGTTCGGATTACAGATCGACTCCCTCGCATTGCAAAGTTATCGAAACAAGAGCTGGTGGACAGGTTAACTCCGCAGGGGAGCCTTGGATGCACAGGCC,1664,49.94,Escherichia coli
SEQ_777904,TCGCCAAGTGATACTGGCCACTAAGGGACACCATACCAACTGACCGCGCTGTCAAACGGATTCCGCTGTATGGCTTGACAAGCTTTTATGGGTGAGCTACCGGTGATAGTTCCGTTTGAGAAGCCACCGGCCGGATGGATCGCCCCCTAAGGTTAAAGGCCATCGCCTTTTTATACCAGGACAACTTCACTTGTCAACCCAAGCCTGCCATCGTTCCGGCTCTGTACATAT,231,52.38,Escherichia coli
SEQ_977894,AGCTTAACCCTTATTCCTGAAGCTGGACCTTGTAACACCCTCGCACATCATCAGCTGAGATCAGCCGTATGATATTTAAAACCTACGGCTCTCCTATGTTCGATATAGATACAGTTATGAGAGGCATACTAGTCTAAAAGAGTCTGGGGCCCAACTATCTTTGCATCGTCTATCTACCCACAAACTTGTCTTTAGACGAATAGTTCATCATGGGTCAACAGAACACTGGAGCACCGCAAGTAAACTCTCAGCACAGGCTTGATCGTGTACAGGTGAGACGGGACTGCAGCTGGCGAACGTTGCCTCTCGAGTGACCTGAAGAATCTCTTTCGTTTATCCGTTTTCCGACGCTCGGGACATACTTCAGCTGTTCTATTTGGCGATCGTCGGGGGCCACGTCAGCGGAGTGCCAACGTCAGTCGCTGACACTCAGGATGTGGGAGACCTACCACAATTCTAAACGCTTATCAGTCTTTAACTAGATGGAACGACACCGAACCTCGAAGATTTCGGATCGACGCCGTGGCTCCAGCCTCATCAGTACCCGATCCGGCCAGTCTGTAACTACTATTGACACTGGCAGTCCCCCTTTCGTATGAGCTAGGAGCCTGACGTTGGGTTTTTCTAATATCGATACATTACCAGCAACACCGTTCACTTTCTATTGGAGGCAAACAGTGTAATACCAAGGCCTCAACTAACGTCTAAGGGGCGTACTTGTTTCTTAACTGGCGGGTAGACGACGCTAAACGACGGTTAGATCGGTCAGATTACTTACCGTGCAGGAGGAATGACGCATTTGGTTAAGTCCCCTGTGCAGTAATGCACCGAGCTTGCCTAGGAGCTTACCGAATTATTGTCGCCTTATAAACGAATGGTGCATGAAGTCGGGATTCGTCAGGATAATATGTTCCGTAAGCCCAATCCGCGCGTCTTGCTGAGTAGTTGGCCGAACACCTGTGTCGTCCGTGCTATGCATGGGATTTAAGGAGGCCCTCTTATCAAGAAGCCTCGGACAGCGACACGACGCAGCGCCAATTAGCAGGGCAGCATCATCCACCAAGAGGTACGTCCTTCGTACCGAGTCTCACACCCTCTCGTGATGTATTTGTTTCCAGCGGCTCAGCAAAAAAACAGACGTCAGTATAGGCGCAGTCACGCCGGTTAATTACCGATTAGATTTGGCTCTTGTCCCTAGTCATTAGCCCAGCAACTCTATCCATGCCATTTACCGCACTATCTACTACAACATCATGGGGCTCAGATTTACCCACTATAATAGATGAACAGGGATTACGCGCTGGGCTCTAGCTAATGACATCTTAGCACTACCAATGAGCTCATCGTGAACATCGTCTATCGAGAGATCGTCATCCCCTATGTTTTTCCCTGCAACCAGTGCGTATCTGCGCCCACCTAGTTGGGCCTTTGGAGGGAATACAAATAAACCGCTATACGATCCCACATAGGATGGCCTTGCACTACTCGGCACCTGTATCACAACAGTGAAGAGCCCTAAGCTCTTCGACATACGCGTTAACCGGGAGTCGTATTCTAAGGTGATCTTGCAATAACACAGGTGGCATGC,1588,49.18,Drosophila melanogaster
SEQ_707754,CTATCCTGGAATGACGAACTTGGAGATGTCACCTACATCGTTCGTACCATCACATGCCATTATCGGTGTAAGCCCGTACCGGTTTCCCGTGGTGGTGATTTTCGCTTCTCCAGTTCACCCTGCCCAACTGTTCTTTGTATGGTGGCATTTTATGTTTTGACGCGGACTCATGGAGACGGCGATTAACAGCTGATATAAAGGCCACGGTGTATCCCTTGCAGAAGTTGGCGTTACGGCGGACTCTAGCTGTCTAATTGAAAGCATCCTGAAGTCCTTGCACGACCGAATCGCTCCAGATTGAGAAATGTGCCCCCGACTGCACAATTGAGACGACCACAGAACGACACGTGAGGGAGTGGTGATCCGGAATAGTAACGCGGTAGGCCCGTGCACATAGCGCCAAGTGAGCGATGATGCATTCGGCGGAGTTGTTGAAGCTAACTAGAACTGAAGGAGGATAGGAGAACGAGAGCCCGCCCCGGGCCTCTTTATTTTGGTAACGTGATTGTGTAATTCGCGAATAGGCATCTTGGCAGATCACTGCTTGTCATGAAAGGGCGCAGAAAAGCTCTGGCGCCGCGCTTACAATTCCGTGATACAACCGTTTCGCAGCACTACAAATACCTGGACCTTAGGAATTTGCCTTGCTCAGACTGTAATGGATCTAAGTTCGACATACCGTACGACGTCAACGGGTTTCTACAATAGGATTTGCTATTGCAGATTACGATCGAAGCTCCGATACCCAAAGGGGCATCATCGACACCCGAAACGGGGCTTGTATTATTACACTCAATAAGGTGATCTTATCTATAACACCTCTGTTGCCGACCTCAATGTTGCTTCCGGTAATGAGCTGCTTATGTTAAGGGCACGCCGGTCGGGCTTGGATACGTCCAACATATGATTCACCTCTAACATAGCAAGAGCAGTTCGAAACAAAGGGTCAGTTTCTAGCTACCGGTAAGTAGTGGGCAGAGAACACCCCGGGTCTTAATCGAGCTTGTAAATGGAGTGAGCGAATCCATGGGGCGATACCGCCGTTAAATAGCAAACGTGTAAATAATTAAGTACCACTTTAAGAATTTTGTATGTATCCGACCGGTCAGGTCTTGTGTAGTACTCAAGTTTTCCTACCGATGCATCGATTTTAAGACCAAAAATAATGCGTCGTATCAGCAATAGGGACTTATTCCCCCAGGAAGTGTAACAGGCGCTAGCGCTGTGACGGGGAGCCCTGTCGGGCCTTACTCGCGCTCGAAAAGCGCAACACCGACGCACCGATATGATTCGCTGCATACTTGTTTTGGAGCGAACCGGTAGATATACCGTTCACGAGTTTCGCAGGGCGTCACTTTTCAGTGAGCCAGCCTCGGCGCGCGGGGCGGTTAGCACTCGCGTATGGGGCAGTGTGCGTGCTAATACATCGTAAGAGGGAAATCACACCTATGTTGCAGTACATCCAGTATTAGCCACCATACCGCCCGGCTTAGACTACACTTTGGACATAAGTATCCATCAGTCTAGATACGAGAACGTAGCATGCCGTGCGCTGGGGCTCATGAGCGTTATCTATACTCTATTCACGGTTCTTGTCGATACCAAAAACCGTAGACTCTCCTTCAGGCAGTCGCGGTCCCCTTAGTCTGATAGTCCACCTTAGCAACATAGAGGCAAATGAAGATGGATGTAGCAACCGCTAAGTGAAGTAGCTGGAGCGTCATATGGTGCTCTGTTGGAAACCCACTGATAGAGAATAATGGTGGACTATGTTCGCTAACATGGTTGATAATCTTGCAAAATGATATGTCCACCGTAGGCTTAGATGCAGTCACATGAGCCGTCGCAATCTAGAGATCTCATGGGATGAGAAAGGGCGGAATATGACCCGTTAGTGACAACTAGATTATCTAGCTCACTCGAGCGTGACACGTCCACCGGATTGAGGAGTTGATTCCGGGTA,1963,49.11,Homo sapiens
SEQ_950503,TAGGCATCTGAGCTCCCAAAACCAGCGCACATCAGTTTTTCATGCACTGTTACCTTTGGACCCGCCCGGTGCGGGCTCGCTGCGTACCTTCGATAATAGGCCCGGGCTCGGTAGTTCTGTCGAGGCATACGAGAATCTCGCGACTCCCGGATAAGGACTTATCTTTAGCGGTTTGGGACCATGTCCGATAAGCATAGGGTATCTAGCAGATTTATCTCTTCGTATGAAGAAGACTAGCAGCACCATAACTCTGGTAAGTAGATACTTACCGGGGAGGTAGGGCCAGTTTCGGTCTCGCGTCGTATGCGGTATTCAACCAACCTTATTATACGAGGGGCGAACGTTATAAATGAAAAAACTCTGAAAATCACCGAAAACTGCGATGCTCAGGAAGAAGTTTTAGGTGTTATGACATAAGGCTTGAATCCCTAATTCATCTCGCATAGCCGTCATGACTCGCGCATTGCTCTTACAGTACAATGAGCCCGTTACCATCGTCGATGTGGAAGCGCTAGGTTACCTCTCACGACTGTGATAATGGGATCCAGGCACATTCAGACCGCAGATCGGCGAAAAGGACCCTTCCTATACACTCATTTTTACTTCTAGGGCAACGTTTCTCGGATTACACGTTCCACTACAGTAATCATCTGCAGGGAACGGTACCTCGCGAGCATACAACTTGCGGCATTGTCGATCGGTTGAGATAATAACTAAATCACATCTAGATTATTTGCCGTGTGCAAGCTTAGACTGTTGAGTAGTCGGGAACGGGCAATCATCCATCCTGGAACGACCCTACGTAACACATCAATACCAATGCCGCAGAGTGGCCGCGCGTCATAAATAATGGATCCGGAGTTCCAGATCGGACCGAGAACATCCAGAATACTGGTTCACAGATCCTTCAGCCGGGCCGAGTTCTCACGATTCCAAAAGGTGTCCGCAGGTGTCATCGGATATCGTGGTGGCTGGTGGCTTCGGTATCCCAACGGGTATATATCCTAGCGGCACGAATATAAGACGCTTGAAGCGAAAAGCGTTTAAAGAATCTCAACGAAGGGGTAACATGAATGCTCGCACGGATACAGTAGTCCCACCCTGAACAGGACCCACTACCTTTCAGGAGCGCACGATGAGCCAAAATGCTCGCGACCTGATGGTTATTGCTTCCCACAATTCCAGCAGCATAACTTTTAAGCCGGCCAATATCATTTGTATGGCCGGAGCCGCCGCTTTAGAGCACGG,1248,49.36,Mus musculus
SEQ_945572,TGGAACCATAACCGGCTACCTGGACGTCTTGACTTTTCGGCCTCATTGCGATAACTCAGCTATAACCCCCTTTTTATTCTTCGTCCTAACCACCTGCATTTGCCGAGGCTGTAGACATGTGATGTGCCGGCCCGAAAACGGCAGTTTTCCTCACTTCGATAGAGTTTCTGAGATGAAGGGACCAAATGCCATTATTCTCAGGTTTAGGACGCTTTGGCTCTGTCTGGAGATGCATTATATCCAAGGCCCAAGCCAGAGGCTTCCGGTAACAGACAATCCTCGCTGGTCCCTCACCTGAATCAGCCTACCAGTGTTCATGCTCCACGCTGTAGATATATCTGCCAGGCGATTCGGTGGTGTAATGCTTCAGAGTGCGTCGTACACGGACGATCCTACAGGGCAAGCCCTTGAACAACATGAAGCACTCACTCTCGTCCTTCCATGTACTCACCAGAAGCTGCCCCAGCAAGAAGGGTTATTTATATCGGGTAGGCCTAGTCAGATCTACACATCAATCTGTCTCCGCAGGGAGATGAACGCTTGCAATATTTCATGCCTGTCCACCGTGGTGAATTACGATATGACCAGAGTACTAAATCTACTTTCACGGTACTGCCGTGGGTTCCACAAGGTGGTCACTGATTAACTTGGTTCAACCCGATCGGTTGCATGCCTCATGGAATCATGAATGTAGGTTGGGCAGCGTCGGGCGAGTACTGAGATAGGACATCGAGAGATGTCGCCTAGATAGATATGGATCTAGAGCGGCCGTACCTCATCTAAGGACGACACTAGGGTGGAGTGCCTGCCTCGTCGTATTTGTCTTACGCACTTTGGTAGTTCCATCTACGTCACTAGATAGTTATACGGGCGGTGGAACAAGCGAGATGGCTTGGTCCCTAAGTCTTCCTCCCCAATGATTTGATATTCACTCCGCGAGGGCACTGGGCTTCTTGCAACCCGGTGAGAAAACGAACGAAACTTCGATTTCTTACAGCCCTGTTATGAACTGCTTTCGAACACCAGGTACGGAGCTGATGGAGAAGGATACTGTCATGATTGATGCGCCTTCGGCCAACTGGCAGAAAGTTGAGATTATCACCGGCGCTGACACTAGCATAGGGCCTTACACTGAGAACACCAGTAGACCA,1151,50.04,Caenorhabditis elegans
SEQ_550970,AAAGCGCGATGACTCACCCTTTCCAAAGGCAGAGCGCCCCTTTCACCTTAGGCGATGGCGCGTTCGATCTCTACTTAGGTGGACGGCTCTTGGTCGGAAATAAACTGTGGCGACTACTCGTTCGATGATAGTTGCCATGCATAGCCTGCCTTTGCGCTGCGAGTAGTTCAATTGTACGTAAAAGGGCCCTTGTCATCTTATCCAACGATGTACTTGGACACTATAATTGGCCAACCCACTGTGAGGTAAGTATGTATCAGGGCCGACCCACAACTTCCTTAGAGACTTCGCCAGAGGTCGGACGCTTACCTGATGTTACTAAACGAACCCTATCCAAGCAGCCCTTAATCGGTCCGGAAATGATGAAGCATGTTCATAGGTCTTTACCACCTATTGGGCCGAATAGTGATTGCGGATGGGTTAGGCGCCCGAGTTTGTGTGCGCTCTTCCCGCATCTTATAGAAGTGTACCGTCCTCCTCCTTGTGGGGTGACACTAATCGCGGGGTACATTCGACTTCCCTTGTGTTATTACCTCTTGGGGGTCAACATTTCCTTTTTCAGTCCTTTTTAATCCTGATATGGATGTAGGGACTCTTGTGTGTGGCAAGCGAGCAGCAGCGTTGTACAATCACTCGCCGGAAATACAGGAGACATTGTCACGAGCTCTCGGTGGCCCCCGCCAGTGTTGTACAAAACAGCTTACAATAGCCATATCCCTCTCCACCAGTTTTACGTCGCTCTGCAAGTGACGCTATCAGGTCCCTTAGTCTTGAGTTTAGAGACGATTACCGGGAGGCAATCTCAATAGTAACCCATTTTTACGAGGAATTGGAAGGGCATATGATGCAGAGTAGATCCGTGCTCGGATATGCTACTTACACGAGCAATGACTTAATAACACGAACTAAGTTAGGTGGCTGTGGGGGGCCGGGCATCCCCTTTCTCTTAAACGCTTTAGCAACCGAAGAAATTAAAAGAGACGTCACTACGTCGTGAAAACCCTTTTACGTTCTGTTTTCCTGAACCCTTATCTCATGTAAGCCGCGTTGGTTCGCTCATCTAGTACTGTTTTCATTGAACACCCAATGACTATGGCTTTTCCAGCTCACGCCGGGATCCACCCTGCATTTTGTGAACGCCCTTTAAGCCTTCCCGAAGGATCCCGACTGGGTGTGGTGAGACCTGAAGCATTCCAGGGTAGTTAACGACACGGTTAAGGCGTTATTTCCGAGTCGTGGGTTGTTAGCAAACATAGTGCCTTTGGAACTTAGAAGACGCGGTAGGCGGCGGCCCAGCATTTGCCCTATGACAGGGACCAGGGTGAATTGAGACCCTGACTTTTATGGATCAATAAGTTTGACCTCTTTCATCGCATTGTATATCGACAGCAGCGACATTAGATCGCAATCGGATACTTAGGACCAGGCACGACGAAAAAATCGACTACGTTGGGACATGGCAAGTATTGGCATACAGGAGGCAAGCCCATCGTGCGTTTGACGCCCTTCAAATATAGGTCAGGGTCTGTCTCGAGGCCAGTCCCGAAACACCAGGCCTCATCCCTTCCCGGCTCAGCCCCACCAGATGAAAGAAGGTCTAGTAACTTCTAGCCCAGGCACTTCGATTTCTTGATGAACAAACGCGTCGACGCGTAAAA,1658,49.52,Saccharomyces cerevisiae
SEQ_441000,GTTCCCGAGTGCTCCCGGTCGTTATAAAATTAAACCGTGGATAAGTTAGCGACCAATGCAGATTCGTCTGGTGTACCTTTAACGTGACCATCAGTGATTCCGGTAGCTGATCTGTACAGGAGAGCTGGCTATGAGTCGTCGCCTTCTGTTGTTCATGCAAAATTAACCCCTAGGCGATATCCCGAAAGATACACCCCTCGGGACTTACTAATTTCGAGCCATACCGGATTGACATGGAGTATGCGAGAGAGTGCACCTAACGAGTGGGCCAATCCAGCCTTAACATTTGGCCCTTAGCGATCTTAGGGATCGACATCCCCACGAAGAGTGTACGTTATGCGGGCCAGACAGACCAGATCCGAAGAGGCGCATTCATCATATCCGCGGTGTGGCATCTTTCCTTTTAGTTTCAC,413,49.64,Homo sapiens
SEQ_672080,TAATCAAAAGGATACCGATCCGCAATAAGCTGCTTGGGGTGACTCGGGTTCGACTCAAAATGTGACCAGCCTAGGTAATCAATTAGAAAGAACGCGGGCTGAATAATGTGGTTGACAGTAGAGAACACCCCTGCGGAAGCTGACTGGCCAACGCATAGACATTGTGTAAGGAAGGAACTGCTCCCAGTGACTTGATGGAGTAGGACAGGGTGAATAGAGATCGCTAAAATATAGAGATGCATGCTGATATTATCGATCCCGGCCGGGAAGGCGCGCGCCAATGAATCGATGTAGTCAAGTGATAAAGGGCCAGTTGTTGGAAACGTTAACAATGCGGCCAGAGCTAGTTTACGCCATCCCAAACTCTCTGTGATCACAAGTAGAGCACCGAGCGTCATATCATGTATCAGGGTTAGAGCATTTTCCGTTTACTACGTGTAAAGGACAAGCTCAGAGCCCTTATGATGTTCCATAAGGCGGTAAGTTGGAACTAATGTGTGTCTTGAGCCTGCGTTCGATATGACTGTTATAATAGGTCACGAAGCTTGTGAGTCTCAAGAACAAATAGTGCTTAAGCTGATCTGTGATGCGTCCAATACTTGAACGATGAACCAGTTCGTTGGACCTCCGTTCATTCCATAACACTAAATAAAAGCCAGCCTTCCAGAGGGCGCACACAACGTAAAATTCTGGGTTCTAGCCAAGGTCCTACTATCCTACTCGCTATAACAAGAAACAGCGTCCTTCTTATGCTCCGGTATATAAGGTATGCAGGTGATTTTAAACATGCGCCCAGTACAGATATCCGATCTGGTCGCGTAGCCGTGTCGACCGGGTTATGGTAACAAATATGGCATCGCCGATGCGGCCGGTGCAGAGGAGCGCTGTAAGATGGGGATATTTTATTATGCACTGATTAGGCGCGAACACGAACTTCGAACCACGGTGCCCACGCAGATCTCTCGTGTCTCACCCAAGGGACTTCTGAGGGCTCCGAATACAAGGGCAACGATTATAGCAGCCCGGCTATGTAAACTGCACCGAAGCGACATTTACAAAAAGGCCGCCAACGCAGCGCCTGACCGCTTTCGCATCAGTTGTGCACACCACCTATACGGCGGCCAGGGACGCCGCTGCATAGTTCTAAGACGAGGAATCCCATTAGCCTTAAACTGCAACACGTGAGTTGTCATTGAATAAGCAAGGTGCGGCTCTGGCGCGGTCTGGACTCCCCGGCCCTGAGTGCTACTCCCATTCCATGTCAGCTCACAACTAGCGGGAAGGTGCGCTGATATAAGAGGTACTATAATAGCTTTTTCATGTAGTCCATAATCTGATAGGTTCCAAATACGGTATCGTTATCTGCTGTATACCCCTGTTAGATCAATTACGAAATGTCGGTGATACAGTACGCTAACTCCATAGTGCATCGAGCAAGGCCTTGTCCCCATAGACCCTAACGATCGGTGCGAAGTAGCGCGTGTACTGAGGGTAATTCGGCTCTCTCGTCTCGTGGGATGCCAGACATAGCCAGGGTGGCCATTGCCAACGAGTGTAAAGCGAAGAGTACCTGTATGTATAACACGACGGCCCGGATGGGCATCGCGTCGACTGCGTGCACCTTATTACAGAATCCGTGCACTGGGCAGTATACACTCTGAGCTGAAAGTTTGTTATATGAGGTGACACCTACTTCCCAGCAATTCTCAGTAAGCATTGGCAATCGGGAGCCGGGAACTCTGATGTCGCGGGGC,1754,49.43,Mus musculus
SEQ_761088,CCTAATTAATTTATCCAGTGACTCGACTGGCTCGGTACTCTAAGTAGATACCTAAGCCTTGACATTGATTACGATGGCACCTCAAGCGGCTGGGGGATCTTCCAAGGTGCAAGGAGGGGACGTTCGTCAGTCTTCCGACACCGAATCTGTCCCACAAGTTCGGCGGATTTCACCGCATCGAATATTAGATAATGCCATCGTCACGATGACTATAGGCAAATCGAGAAAACAGAAGCTAATAGGCGGCCTACATGGGTGAATATTGCTGTACTATAACGTCAACTAAGTCGTTAAAAGTGTTATTGGAAGATTGATCGATTGCTGTATAGAGTAATACTAACCCATCGTTAGGTGGGGAACGAATTTAGTTCTGAGTTTATTTCACAAGGCAGTACGTGTTAATGTATTATCAAAAATCATGTTGTCTCACAGTTTTCTGTTATATCCGAACGCCAGTCTCCCGATTCCAGCAGTCACCAGAGTTCAGATAGATCAACGGAAACGTACAAGTAGTGCCTAGCGCCACGCTGTTTACAGCGGTTTTCCACTGTGCGAGCTCGAATCCGAATGAATAAAGCCTGACCGATTTCTACCCATAGAGGTTCACGAGCACTTGGGAGAAGGGGCGCTTTGTACGCCCGAGCACGAAGTCACTACCTAGAAAGCACCTTCGCTAAGAATGCCCCGCTGTCAGTGCACACCGGAACAAGGTCGCACGTTGCGAGTCCACGATACACCTCCCCTTTATTTGCTAATGGGACTGACAGTGCCTGCCCAATCGACGACCGGACTGTGATAGTGGGGCAAGCATCCATGAGTTACCATATCCCAATAGTCCGCGCGTGGTGGTGTCTAGGCGCCTAGGAATCTTTAGCGGTACCGGAATGCGTGCGTTGACTGGAGTCGATGGAGACTGCTTTGCGTAGGCGCAACATCCCAAGCGATTTAGGCCGTTATGGCATTTTAAAATTGGCAGACATCCGATCAATGTAGTTCCTCGCTTGGAGAGCTGTCCTTCAGAGTAAACGCGAAACTAGGCAGGAGGTCTAGGTGCCGTCGCTGTCTATGACCCAGGCCGCCCTAGCCAGGGTATCTCGACTCATGGGTCTAACTAAAATCCAGCAAATATCTCTGCACCTCACTTTGATAGCCAAGAGCATGATGGGCCCCTCCACGTAATTTCTGTGGATGATGTAATTGTGGCCTAGGTAAATGGGCCTAATTGTATAAATCAAATAGACCAACAGGCCAGTGGTATACATTAAGAAATTATAGGATAGCCGGGTGTACGCCTTAGTTTCTATTGATGATACAACATAGAGGCTGTAAAGGACCATGGGAATATCTTAGCGAAGTCCAACGTTACATATATCTTTTCCCCCCTGCCGTTGGTTCATCCTCTTGCGTACGGGCGGAAGCTCCGAGGCTCTATACACCGCGTCTTGCCAAGCGTTGGCAGTCGTTTGTAAGCAATCGTGGAAGAACGGTATGGATAGCGACTAGAGGAAGAAATGTTAACTTGAGTGGATGGGCAGTCGGATGAGATGTGTCAGGTATACGAGCATATTACGACCGTGATACGGAAAACTTGGTGGAGGGGGATGGAGAAGGATGATTGAGTCTTGTAGTGTTACTCGTAAACCTGTTGACGTCAGGCCAGGACGCGACTAATTACGGGGCTCGTACTTCCTGGCGGTCGGTTAGTAGGATCCGCTCGCCAGGAAGGCCGTTTCACTC,1737,48.65,Arabidopsis thaliana
SEQ_216560,CACCACACCGAGGATCTCCTAATATCTGACCGTGTGGTTAATTTTACCCTCAGGCCCCGGAGGAACGCCTTTAGATTTGCAATTGAGCATTAAATGTCAGATGGGAACCAATTTAGGGAGGCGACAGCTGCTCTCCAGCTCGGTGACTGGTCTCCCCTTGAATGGTTCTCACCGTCTTGGTTTCGTCTCCGGTTGCTCCGGGCTGGGTGCATCCTTATTCTTTTCTACATATCGAGTACCTCATCCAGTAGCATGTCTCCCCCAGAAACCTACTCCTGGCCAATCTGCCAGTTTAAGGGAGTGGACGCCCACAGCGGCGTTTCGCGTACCGAGGCAATCGTTCCAGCGGCCTATTTAGGCCTTAACCGATCTTGACAGAGCAGATCCGTCGTCACGACTTTCAGCCCCCTTGGTTTCACGCAGGGTACTGGCATATCCTGTCAGTGGGCGAGGAGGGGCGCTTGGCCTAACGCCTACTTTAACACGCAGACGGAGAGTTTAGGGCTGGAAATGGTAGTACGCGATCAATCGGGCCCTGATACACGCTCTTACCGTGTAACGGTGG,565,53.98,Arabidopsis thaliana
SEQ_268425,ACTTCGATTTACCAACCAGAGGATCTAACTGAAGCGCAAAGCCGATGAAGATGGTTTGCCTAGGTTGCCATGGAACTTGCGCAGACCGTAAGGTGAACAGCTGATCATCTACTGATGGTGCCCCTGACTGCGGTCAGTAATTGTTCAATTGTTTTTATTCAGGTTGGACCGGCCAGTATTGCTCAATCCACTGCGCGGGCCCCTGGTATGTCAGTCTTATCGAGCAGACAGTCTCTGGCTAAGCACTCAATCAAAGTACTGAAACCAAAGGGTCCGATGCTCATGATCCAGCGTAACGTGAACCAATCTGTCGCAATGGTGAGGACCTAGTCCGTTCCATTCGGCTGGCAAATTTAGTTAAGCGTGGAAAAATT,374,48.4,Saccharomyces cerevisiae
SEQ_290169,AGATCGACGTAATGAATCTGCGGGTCTTTCAGAGTCGGCAAGTTGAGTGAACGACAAGAACAGTTAGTAAGGCAGATCCCGTGGATTTACTCAGTTTAGTATGTACATCTCCGTGGACAAGCACTCCAAGAAGGAACCCGCGAGTTTGTCGGTTCTTTGGCGGCTCCCCAGAGGGCCTCTCAAGCATATTAATATGTGTATGAGAGCAACAAAATCGGAGCCACTGGGTATGTTCGGGTCTAGAGACGAGGATCTGGGACCACCCACGCACATGCTCAAAAGAAGCGATATTGTCAGTCGGAGTCATCGCCGTGGTAGGCTGGACGGCAATGGAAGATGTCAATCTCACCTACGCACGTAATCAAATTTATATTTTTCACGTGAAGCTCTAATGACCTTAAAATACAATCCTTGTCCGGAATCGTGTGGAGTGTAGTAATCGCAGGTGACAGTTTCGAGGCACTGCTAGTCGACTTTGAGACCTCAGTTGAATCTTTGCAAGCATCGCAGACGGTATGATACGCGCGCGGGAGCGCACTCTTAAGGGGATTTCGCTGCTGGCCGCATTCGAGAAGAACAACGAGGATATGAATTGCAGTTGCTAAGTGGGGGCATGCATAATATGCGCATTATGTCCGGTCGTTGTGTTGGAGGTATGGTCTTAGAACAGATTAATCAGGGTCCGAACATGAGGCTCCGCCCAGGATCGTTTGACACAAGATAAAGAGCTTGCCCTTGAAGTAGTATCCTGATGATGAAGCGTATATTGGTGGATCACTGTTGTGTAACTACGCACAAGTCCGTCGCGGGAATAGCTAGGAACTAGGATCGCACCGCTGAAGTTGTGTTATGGAATATAATGATATTTGCATGCGACGGGTCGCCGATGCGTGCTGGGAAAGGCAATCGTTCGTACTAACAGGCACCTGACTTGGCTCCACCGCAGCAGGGCGACTAGTAGGATAAAAACATAGGGCGAGACTACATCGCGTAACACTCTCGGCCCAACCTCGTATTGCGAGCCCTGGTACGTATGGTTTCGAAACGGAAAGATACACATAAGACGTAGGATGGGACTTAACGAACTATGCATTGGCGGAGCGCTTCCACAGCATCATACTGATAAAGCGTTAACAAATAGTCGAGAAATGCACGATTTGAAATGTCTAACAGACTGTAGCAAAGTTGAACCAGAATTTTCGCCATGCAATCAACCAGAACGCCCGCAATAATGCCGAGGTGACCTGAACGAGGGAATAAGCGTAGCCTGCCCATACCTTTCTGATATCTTGCGTGGTAGACTATGATGTCGTATCTTTAGGTAGGGTGTGAATTCAGGCGGGCATGACAGATCATGAGGGGAACGCTCCACACCTGTAGCCTCGCACCTAGCCGATCCTAAAAATACCATTTCTTCTCACTCATGTAGGCTCCATGACCTAGAGACAATTAACTCACCCGCGGTTAACTCACCCGAGGGATTAGACACACCGAGTTTGAACATTGGGTGGTCGGCGCTGTCATGGTCCCACCGTGGACCATTAACCATTGGGTGTGCCAGGTTCGCGGAGCCGTATGGCGCATGTAGGTCTACGAGCCTGGGACCTAGTTGCCATCATCCCGCGAGTCGGCTGGCACCTTCGGACTAAGAAGACTGTGGATAGGTAGCAGCACCCCCAGTTCTTTAACTTGTTCGCATAACTGGAGGACCTTAACCCGAGCACCTCTTAAGGGACGCTACGCGTCCGCAACTGCATCAT,1760,49.77,Mus musculus
SEQ_406949,TTTGCGTGGTGTATCGAACGGTCACAGGATGCTTGGTGGGCTCCTACCTCTTTGAAGTGGTATCTACTTATAGTTCAGCCGATATCCCTATCCACAGGGGTGTTATATGCCGACGTTTTGGGGATGTATCTTCGACGCCGCATAATGCTCCTTTAGGTGGCTATTGACGGTCAGAATATACAGCCATGTGCATTGGGGTAATCAAAAGGCTACTGGCTTAGTGGGAAGGGGATACCGCGGCCAACTTGTAAGCCCACTAAACCAAGTATCCTGTTCTCCTGAATGCTTACTTTGAGACCTAGGGCTGGCCGATGCCTTCCGCTCAGGACCCTAGCCGTCCGTCTATATCCTTTATCGGGTAGGGGCGAGTACTACAGGTCGGTACAAACGTTCAGCTTTGTCATTACTCAAGGGCGGATCAATGGAGATCTAATGGCGTGGCTCGGCAGCTTTAATGTAAAGCTGTGGTCATGATAGATTTAGAATCCTGTGCGAATCGAAGGTCGGGCCAGAGTGCTTTACCCTAATACCCGTCTTAAAGCTGGTTTGCTACGCAGTGTGAACGGACGCGAACAGGTAACCTGAATGCTCTATTATGCGGTAATACTTTGCGCTAAACGCGTCACTTTTGTTACAGACTAAAATAGTCGAGTCGTATGCATGTGAGTTACGCGTGTGCCGCGATCTAACGTCTCGCACAAGAACATATTACAAACGCATGGCGGGGGTGGCCTTATGAGATATCCGTAATATGAGGGTTTCTCTCAGTTGGGGAGTCGTTCATAAACAGGCTACATGAGATGATGAAGTTCGGTATGCTGCTTCTTCACATGACCTTCAGACGGGGTTGCACTGGCGACCGTCGTGCACATTAACCGTCAGTGCAAAGAACTGGAGCCCATAGCGAAAGTTAGTTAGTCACAATTAACACCCGGTCACCTAGACCGCTGAAATGGTGTCTACTATATAGGGCGGGCTGAGGGGTACCGTGTCCGAGTACAATTCGCACGAGTCTTCTGCTGTTATAACGGGTATGTGATGAGAAACATTTCTTCGTAAAGGTACCAGTTCGAGCTGTCATCCACTGAGTTTAACAAAGTCGTTTGGCTAAGATGGGAAGGGGCTAATTTATGCATCTGCTAGTTTGGACACGGGACATGGTTCTCATAGGCGATATCTCGATATTGAATGAAATCACCCGTTTAATGAAGGATCTATTTCTGTCACCACAGCCACGGATTACGACATGGTTTGAATCTTTGTAGTGCAAGGAGGCTATTACTAGACTCTGTTAACCCTGTCCGCTGGGC,1310,48.02,Mus musculus
SEQ_636541,CAATGTGTCACGCCCGCCTGCCCCTCACCCTCGGAAAGTACCTGGTACTAAATGTTTGCCCTTCGCGATGCTGTAGGCGTCGCTAACCTGGAATTTTGACTCGAGGGCCAATTCCCACTACTGAAGGGACTACATTAGCTATACTAATCAATCGCTCTTCAGTAAGAGGGCACTTGCCAGCGCCCATGGGTCGTGGACGGGAAGCCGATCGATCACCGATCTGCGGCGCTCAGCTGGTGACTGTGTTTCTCTGCTTAAGTACGGCCGCATCGGACGGAATTCGGACAAGGGAAGCCCCCCTGCAGGAAAGCATATCGCTAGTGGGCAAATACCCCCTTTTAAGGGGGGAAAAAGGCTCGACATTCCTCATAGTCTAGGTATAAAGCGCTCGTGCTCACTGGTCTCAGGCCGTAGAAGACACGGCTGACTTCATTCGGAACCGATCACGAGTGGCAAGAGACCGCGAACCTGTATATTTTCGTCAGCTGATATCGAGCACGAGCTCGGGCGGTATGATAGACGGTGGCGTAGTTTATATCACGAAATTCTCAATACATAAGCGCCTACTGCTCGTTCACGGGGACATTTTGCTCTGGCCGGGGCATTATGGATGGTCGCTCGGCTTCAGAGAGCCTGAGCCTCTGTAGTGTCCTACATGTAGGCGCTTCTTGTATGAAAGTATCAAAAGGTGGTGTAGTCCAGCCCAGAGCGTCAAATTAAAGTATAAAGGCGTGCCTGTGGATAACACTTGATAGTGCTCCAATGACAATTTGCTATTCATCTGAGGGCGCCCAACTCGTATTCCCGAGAATCTAGCTTTTTGCAAAAAGTTATTGCCCGACAACCACGCTCCGAGTCCGTCGGAGGAGAATAATTAGCAACCGAGCTCTCCGAGAGCGCCCCGTTAAATCAAGCCAAGAATTCTGAGGGGTGCAGCACGGGTCTGGTTCTACCTTGCTACTTCATATCCGGCGCCTCCTTCCCCGATTACTGCTCATAAGGCTCACCCAGGTCTCCTCCCGCCCGGTGTTATACTTCGTGACAATTGCGGCACGCGGCTGTGTCTTAGCGTCGTGGTTCATAGGTCCGCAAAGCCTCCATGTGGAGGTCCATTAAGGTGTCCATAACCCACACTTCGACATAAATTTATGGCAGCCATCCGATGACTAATCCTGCGCGCTACAGTACACATACGGTGCTTTCACCATACCGGATGCAAAATCCTCAGCGTGTTCGATCGCGCCTGGCGACTT,1253,52.43,Escherichia coli
SEQ_956295,TACGACCTAGTCAAAACTCCCAAACGTGATCCGTCGTTGGGTAGTCATTAACAACCGGCATCGTACGTTAAGAACTTCGTGTAGGCACGCGACTATACTCTTTACGTAATAGGATCATAAGATTAACGTGTATCCGTAAGAGTAGAGCATAGCATGTTCGTCTTGAATCGGACGGATTGTCGCCTACTGGTAGTTTAGGAGCAC,204,45.1,Saccharomyces cerevisiae
SEQ_767983,ACAGACGTACTACGTCACGTAATTTTAGGAGTTATGAAAGGGCAATATAGGGAGGTTATTAGTTGGTTACACTCGTGAAGGAATTGTCGCGTAAACAGCATCGTGGCTGACGGATTGATAGCGCGGCTGATGACTGCTCCTAGATAGCCTGTGCTACTGGAACACGAAACGGGAACAGATATTGTGAGAGACGACGTAGTGGCTCACTCGAGGCTCAAAGGGCTGAAACGTCAAATCAAAGCGCGCGGGAAGATCTTAAATTTAAGACCTTTCTGCCCTCCTCTTCATGAGGCCTCCAAGTGCAGGGAACGTGTGTACACCCTCGATGGGCAGCTAATATGACTCACCTGTTTTCCCGGCCTTGCGCAAAAGTTAGCTGAAGTACAGGTTATCCAATGACGTTCTCTATTCTACTGCAAGTAGGCGCCTATTCCCCCTTTGCGTGAAACCCTCGATCCCTTTTATTCTTATCCTCTAGGCAAACGAGTTTCTTGCCAGGTCCCTTACATGCGACGTGCTAAGCTGTATGCCACTCCCACCTAACAATATTGGTGCATTGAATCAAGGTTTGTTCCGGAAAGTCGGCCTGCCCTGTAGATCTTAAATGAATCTGAGGTTGCTACTTTACGTACCCAGGCATCTTGAACCAAACTGACAGGCCTGGGTCTCATCCTCTTTGCTTCCGACATGGCGAGTGTGGACACCGAGCCTGGTCCCGTTTAAAGGGCTTGCGCAAGCTTATGTACCCGAGCTTTGAAAATCGTCTAAAATCACCTGAGGGCACCGAGTCCCTCCATCATAATTGCTATTATTGCTCTTAGTACTGGCGACTACTTGTCTCTACCCGCACACTCAAAACCCAGTACACATCACGTACCTGGTCACCCCAAAGCAGAATTAGCCGTACATGGTCCGTACCCCCCCGGACTAGCTCGGCACTATCTTGCTGTTGGCTTATGACCTGGGTAGCGCCATTGATTGAGGATCTGCAGTTTAAGTCGTCCCCTGCCCGCCGGCGACTAACCACCGTAATAGAACAAAATTCCCAATGGCGCCTGTACGTGACGGCAAAGCCGGCAGACAAACGAACGAGTGATCAGATTTAATGACGCCTGGGTCTTTTGGACTCCACATAGTGGCCTGGACTGGGTCGATCGGACTACAAGTTAACGATTTTGGATGTCCAAAACTCATGGCCTGTGAGTCATGATCTCCGGGGCAGTCTATTTTAATCCGTTCTCACGGAAAGTCTATCTATAAGTTAGGGCCTAGTTGAATCAGGATCGGTCAGCATTTACAGAATTAATCTGATGCTTAAAGATGTCAGTGCGGTAAGTTCGCGAGAGTCGGAGCCTTAGTGCCGTTCGTCCGTGGTTGGAGAAAAATTAGGCCCCTGGGTGAAGAAATATTGTGTTCTCTTAACTAGTAGGATGCTAATAAAAGTACACTCCACAACACTCCTCTGTGCTTTAGTAAAATGCTATACATTATTTCAGCTACGCTAGGCATTGAGCCTACAAGTTAGACAATTGCGAATGTAGTGTCGCACCACGGCACGATGGCGGGTTTACGGCTTCTAAATCGGCATATCGATTTTAAAAAATGCGCTATGGGCAGTGCTGCAGGGATCACTGAGTGGA,1640,48.35,Arabidopsis thaliana
SEQ_886607,CAGTGCGAAAATCAAACCAGAATGACGTACTGCCCAGGTGTTTGTTGTCAAGCGTCAGGTGGTTTTTTTATACGTTCAGCTTAACACTTTAGTCGTCGGCAGATGCAAACACAGTGGAATACTCATTGTGCGTCGGTAGGCTGA,144,45.83,Mus musculus
SEQ_287110,ATGCCTGGCTATTGTCCGGATGCCCTAAGGGAGCGCGGTGTGACGAGGCCTGAGGGGTTTCTGCGGTCACTAGTCATCTCGATTCCCACTCCGTGTATGTAATGAGGCTCAGTCGCGCCTG,121,58.68,Homo sapiens
SEQ_238526,TTATAATGCAACGGACTCCTGCAAAAAAGATCGACCGCACTTTTGATCTTTGTGGTCTGTCGCTGTCCTATGAATCCATGCCAACAAAGGCGGCCGCCAAAGTGCTCAGGGCCTCATACAACCCCAACACTCCGTAATTCTGGGGAAGCATAGCTGTATTGAATTTGAATATAACTCCCACGCACTTCGGTTCTGTTCGTCAAAAGTTATCCTTATGATGGGTCGAAGTTGCGCGACCGTCCACTATACGGGCCCCGCCCCCTCACGCCTCAGGGCGTCACGCAACATGTGAGACATTCAGACATCCATACAGTAGGCTCTCGCATTGAATTATGCCACCATTTTGGAATCACATTCCTGACCGAACCATGGTGACCCAATATACTGTTCACCCTAATTCCATTTTAGTTTCCTCGAGGTGAGCAAGGACCAGCCGTGAGCTTGGTAATCTAGGGTCTGCCTAGGTAGAGCGTGGAAAATGAATTCGTGGGAATCTCGCCAGTTCTCTACATACGGTCTAGATTTGAGACGCAATTATGGTAATCGAAAAGCCGGATTCCCTCCGAACGGGTTTCCGCAGTTGTAACCGTTGGGGCGGGCGTTCCAACGACTGGTCATCATGCTAACTAGGCGCGTACCATTCACCCAGCTAGGTCTCTCGTGAAGGGTGACATGCAAAACCAGAAGGTAAGTCTTCCTGCCCCCTTATGACATGCAGAATCGAGGGAGTCGACATACTCCAACAAGGGAAAACAGCCCGTAATTTGCGCAGTGACAACCGGTATAGAATCCAGAATCACCGCGTACCCGATGGAGCGCAACGAGTCGAAATGAGTATCAGCCTGTTAGCACTATGGACTGTATCTCGCCTAGGGAGACCCAAGTGCCCACGTAAATATGCTTGACGTGTAGGCGGAACACTATTCTAGAAACGGTGACAGGAGAGCAACTGTCGATTCTTCGAATTTAGCGGGGCCCGCCGTAAAAGGTTAACCGAAGCCAGAGACGCCGAATGCCATGATTTGAGACGCCTTGGTAAAGCTTGGACAACCCGGTTATCCCGTAACAAGTACTTCGTTGACACCCTGTGCAGGCAGGTATACGGGGATGCTGAGTCTGAGGGGAGATACAGGGGCAGTTACCTAAGCACTCAGAAGTTGATTTCGCCCTCCTCTCGACGTCTCGAAGTACCTATCATGT,1200,50.5,Escherichia coli
SEQ_403616,GATAAAACACAAAAGAATGTGCTAAGATATTCAAGTGGGCAATGCATGCGTCGCCAGAAGTGTAGCGTCCCACACGTGTTCGGACGTAAGGCTTACTGTCGGCAAGAACTCTCATATAGTGTGTAGGCAGTAAGCGAACAACGTTGGAGTGCTTTGGCAGCGACGGACGCTTTGAGTGGTCTGTGTCTAACCCTTACAGAATCGTACTGGGAACTATTCACGCGATAGGCCTATGCTGATACTATGTTTGATTCTGATGATAGCTTCGGGCGGCCATAGTCGGCGCAACGAAATTGGGAGAGAATTCACGCCAAGACAGGTATATGATGTATGATGAGAAACC,343,47.52,Mus musculus
SEQ_601787,AGAGCAAACTGCACTCTGGGAATGCACTAGCTAGATACGACTCTGGCTCTACACAGGTCACCATAATCATGACGCTTGAGCGGTCGCACTACCAATGGCGGAGCGCTTCCAGGCGGTTAAGTGTGGTGACTGAAGTCTCGGGGTGATGTCCGATCAACTTACCGCCAGGGTCTTTATGTACAACCCACCGGATTAAGACTCTTCCACGTAGTCGGCCGCTTCTGCGCATAGTCGCGCCCTCGGACCCAACCTCGTCCGTCTCTCCTTCCCCAGTCGAAACACTAAGTGCTTGATCTCGGTGGTCTCGGAGTCCCTGTACCCATTATCACATAGCTCTTTAAGCTGCTCGGGTCGGAGAAGTTGATCACAATGTAACTGTGGCCCGTATTTAATGGTACTGTGTATCGCTGCCCGTCATGCCGTGTAAAGTGTCACGGTCCATACTCCTGAACATTGCAAAACCCTCTTCCCAACGCGTCAGTCAAAATCTTGCCAGAAATCCCGACTGTCCCTCGTCGTAAAACCATTACACCGATACCACGTGCATTGGGTAGGACAATCCGTGCCTATAGACTAAACGGTCAAACCTCCATAGGGGTGATCGACATTCACCTCGTGGTTCCCACCCCAATTCACTCACCGTGGGATGTAAGTTCCAGGTACTCGCGCAAGACTCTTCTTGTTTAATTCCTCTAGTCGGCTGCATAATATCAAAGGTTATCGGCGGGAAGGACCTCGTCGTCGTGGGTAGTCGACTAAGTAAATCCTCTTAATAACTACAGTGGCAGTAAGAGTCCTCCGATCTCCCGAGTTCCATCATACCTGAAGTCCTGGCGGGTGTCCCTCAAATGCGTCGGGACTCAAGTTATCATATCCGCAGCTATCAAGTTTAAGTTCACTATGCGTGAACGTCCGAACCGTACCATACTGCATATAGCGGCAGGCGAACGTCGGGGGGACCCGGCGATCAGCCATTTGCGGGCAGAACCACGACCCCCTACGTTATTAACGCAGAGAGTCCCATGTCCAGCGGAATGTATTAACGGTAATGGTCTTGAGCTAGACCCGAGCAAAAACCGCCTCATGGCAGCCTATGATGATTAAG,1105,51.76,Drosophila melanogaster
SEQ_832067,TTGAAAAGCTTTAGGCTTCGGGCGGTAACTTACTCTCACATGCTCTCTTACTACCAGGCATCACAAAGGCCGGGTAACCTTTGCCTACAACGCACCTCACGACGCTTAACTCATCAAAGCCGAACCGAACTTCGCACGGCACGGTTTTGACCAGGATGAACCGGGCCCTAGCAGATTACCGGACGTCTGTGATGTACAACGGATACAAGTTCGAGTAAATCTATGAGCAGCAGCATGATGGAGAATTGATAGTTGCTCTCCGTAACAACTATGAGTTACACGCCTTTCCCCATGGTTCAGTAAGCACGGTCTCGAACGCTTCGCGGCCCTGCAGGCGGTGCCACTGGTACGTCGTACCCCATTAACTGCATTCTTTGTTAGGCAAGTCTATCCGAAGAGGCCGGTTGGTTGCGTCTTTTTACTCTCGTGTAGTGCATCCCTTGTCGTTACTCGCATATTTAATCATCCCCCGGCAGGCACAACCCTTATTGGTCGGGTTTCCATTCTACTGGGTCCAGCGTTTGTGACGTAGGCTCTTGGGTTTGAGTACTGTCATAGTTAATA,564,50.18,Mus musculus
SEQ_376921,GACTGTTTTACTGTAGGGGTCTCCTTATCAAAAACCCCTTAATGTGGCGGCCTGGCTGGATACAGGGAAATGATACCGAGACCTCTGAATCGCAAGGCCGTCATGCGATCTCGGCCATTTACCCTTATGCTCATTTGCTTACTCAGCCAAACCATCATTGTCCTAGGTTCTTTGAGGGGCACGGGTTATGCAATTATCATGCGGGCACGTGATATTGAGTTTACTGATCAACTCTGGCTGGGTCGCCCTAGTGTCGGAGGATAAGCCAGGTTGGGCGACGTGCCGCTAGAAATTATTTGGATTGTGGTGGGCTCTTCGAACGATCCGAAAAATAGCACCCCTCTACGCCGGAATCTGGACGGAAG,365,50.68,Arabidopsis thaliana
SEQ_478040,TATCGCGAGATCGGAACGGCTGAAACATGTTTTCTAGAAGAGCGTCGTTCAGTGGCTTATGAGCGCGCTCGTAGTTCAGAAAGCGCGGCTTCCGGACCTCGAAGAGAGGACACAGGTCGGCAGCGACCAGTTCTTTAGCACCTGACGTTACCTTTCTACGCCCCGCGAAAGGCGCCTGTCAGCACAACGGCGAGTACGGGAGCAACACTTAGAGGATATCGTCGCGATCAACAGACATCCTTCTTGCAGTAAACACTGCCTCTCACTCCGTAGGTCACACCAACACTGCTGCGGTCGGAGTCCTTATTCTTAGGAATGCAGTTAAAGTCTGCATCTCCAACGGCTCTAGCGTAAGGCCTTCAATTCTTGAGCATGGTTGTTGACAGGAAGGCTAGGCCCATCTCTGCGGCGGATGCCGTTTCGTGCGCTGACCTGGGTTGAGAGTGAGCATCTTATTTCGGCTCTGGGGCTGCGCACTGTACGGGTAGGAGTCATAGTACGACACCGCTTTAATTCTTTAATATGCGCCTCATGGAGACCTGATTGGATATCGTTAGAACTTAGTAATCGTCTCTCTGCAACTACCACGCCATTGGTGTATATTATTACGCGGTATTCTGGTTTCTCGAGCATGGCGACAGGGCCCGTTTAACCCTAAGCACGTAGAGGAACCTGCCCACGCGGAGAATTTGTTTCGAGCCTCGTAGTCTTCTCATGCCGAAGGCCGGCAGGGTTTAGCTATGCGGCAGTTCATTGCTCGCTTCTTAATCAAAATGTTATGTGAGAGTTGAGTCTGGGAACGGTTTATGGTGGCAATATCTGGCAGCTCCTCCAGTTAAAACCCGAATGTCGGGAGTTTCTGAGAACGAGCACATACCATTTTGCACCCTGCTAGCGTTTACGAGCTTTCAGACCGGGCATCAGAAATCCGTCGCGGAAGGTGGGGGCTGTAGGATCACTATACCACTTTGTCCATCCACTCAGATTGGAGTAAATTTCAGGTCTTAGTCCCAGGAATCCTCCATATTTTGGCTAGCAGCGCACGTTTCGAAAACTTCTTCGAGATGTGCTACTTGTGTCTTGTCATGGACCGATGGGACATGCATCGACGCTCTACCCAAGAATGCAAATATTCTCAACATCCTCAACCAGCCAGAGCATGTACAGAATTCTTGCAGTAAGTACCATCCAAAACCGGGTCGGCACTGCGAAAGCAAACAGA,1222,50.65,Caenorhabditis elegans
SEQ_309971,TCAATAGGGAGTCAAGGTCTCTTAGGTGAACGCTTTCAGTGGGAGTGAAAGGTTCTACCCGCTGTGATGAATGGGAAAAGGATCCTTATAAAACCAGCAAAATGGCCCAGCATATTCATTAGCTGTCTGGCTGATGATGATCAGTATCGGCTACTCTATTAGTTCCTGCGAAGAACGCCTAGTCCATACACGTCGGGATCTATCGTAAGTG,211,45.97,Caenorhabditis elegans
SEQ_561399,TTCCGGTGCGGACCACGGAGTCCCTACCCATGTTTAGTAGAGTGCTTAAATTTCGACGTTCGTGCGGTCGAGAAGGTTCAACTTCACTAATGGAGCCGGGCAGCCTACTTGTGGGATGCAACGGTAAATTAGTTGGTCCAGTCCGGAAACATACTTGCGAGAAGTTAAGGGTCGGGGGAGCCCCATAAGACAAAATCGGGGGCAGCAAACTTTTATGCTGCCTTAACCAGTATGTACAACGTCAAGCACCTATAGACTTGCAATTTGGGGATTGCCACGTATTCAATGTCCTAGGATAAAAGAAATTCCGCGATTGCCAGGGTGCATTAAGACCGGGTTCCCAATTCAGGACATCTACGCGACCTACAACAGCAAAATTTAGTGAGTGGACAAACGATATATTATCAGACAGTGTTATGCCTGCTACCTCGGCGCGCTATGCCCGAAACCATCTTCCGGCGGAACCGAGCAATCAGTTGTGGCAGGTGCTGCAAGTACTATCCAGAACCCTGGGCGTCTCCTGGGAAAGCGCTCTCTCCGATCACGTAGTTGGATAGACCGAGAAAGCCTTTGATCAGGTTTCATACATTGTATAGACTAAATAGTAGTTAGAAAATCATATGCACCAGGTCCTCGCGGAATCAGTCGACGACCGTTTCACTAACTCTGTCCACAGGAAGGCTACATTGTGTTAACGACCTCGGTTGCCTTCATTCTATATTCACACCTTTTACGGCAGGGGCCCAGCGGCGCTAGGCAAAACTCCTCACTACAGCCCACCGATCCGACCCCGAATCGGAATGGATTAATAAATCAGTAAGCCTACCTTACGTCCTCAACCCAAGGTAGCCCTTCTATAGGGGCAAGTGAGCATGAAGGAGATCACATGCGGCACGCACCGGGTAGAGTAGTCACTCCTTGGCCTTGCTTAACCCAGTATATTATTCAGTGGGACTTCACCCCGCTATGTCCCGGGTGCCTCGTAGGCTTTTAAAGCTTTGAGTGATATATTTAAACTACACACTACTGTCTTTTACTACGTCCATGACCACGACGCCGCG,1061,49.39,Caenorhabditis elegans
SEQ_633219,GGGTTCGTGTGAAGCCACGTCAAATCTACTGGGCTTCTTCGTGTCTGCAGAAACGGTACACATCGGGTACGTCAAGGTATATAAGAGTTCGTAGCCACGGGCAGGACGCACGAGATCGGGTTTATTTCCTCGGTTGAATTTGAGGCTTCGACACGTTAGAACCCTTGGTTCATCGCCGCACTGCCGGTTTAAACCCGAGCTGGTCCGCGTTGTTTACTTTTCCATTGTTGAATCGCGCTGGCGTGTTCAAGAGGTAGATTATCAACGCCTGAACCCCTTCGTGGTCCGTTCTTCCTGTGGTACTCTCGGGGGCAATAGATCGTCCACCTAAAAGTCGCGAGTGAGCAGTCAGGTAGCTTGAACTGTACAACGGGCCACCTCCTGGAATTTCAGCGATAGTGCAAGGCGCAAACTGAGCCCAAGGCAAACCTAAAACGAATGAACTTGCTACGGGGATAACACTCCTCGCCATTAAGCGACAAGTACATTATACGTTCCCAAGCCACGCAAGTCTTCATAGGGTTGGGGAGAGAGGTATTGCCACTCCTTGAACCTCCCAAGCTGGCCCTCTGACGCCAATGTATTGAGCTGGTTTACTATTGAGTTCGCACGTCGGGCGGAGAGTGGCTTGCCCGCTTTGGTCTCCCGTCCTGCACGTCCGGCTCTGCCATTGTCAATCGGTACCCGCACCGGCCCCAGCCAGTGCTCGAGGGGATTATGCCGAGGGGGGGGTATAGTACTGGTAAGCGCTTGGGTGGTCCATAATAAAGCTACCTCTATGCCACCTAGTGCCGTGTTACCGCTACCGGTTAGGGTAGGTATAACATCCGGCCTATGTAAAATTATTGTGATCAGGTAGGACTTACTTGTCGCGAGCATTGAGTCCCCTTATGCCGTGCCCAACGCAGTCCGTGGCCCGAACTAGGCGCTTATATATCGTAAGCCTCCACGAAGCGCTTGGAACTATTTGCCCAGCTAAGTAGCCTACTAATTATTGACTCAAGCCAAAAGGGAACAATCCTCGCGTCGGGGGAGCTCTATAGAGGGTTACGAGCATAATGCTCTAATTCTCATTATGTCGTCATCGGGACCACGGAGCCGGCGTTCTGGCGTACATATACAACGATAAAACTGGACAATCTCCCCGCTTAGAAAACATCGGCTTACTAACCTGGTGCTAGAATCGCGAAAGCGTTACACCTAGCGTGCCACACAAATTTGTCCAGGGATGATTGGTGGAAGTTTCTTTGGGTTTCCCTAATACTCTGCTCTCGGCCCATTTGACAGGTAATAGGCGCCGTCACGCGAGCAAGCGTAACCGAATCCCCCGAATTATATGTATTCAATGGACCCATTAGTCCCTGAAGATTCTGTTTCGCTCTCGTCGGACCCCCTTGCCCCGCAGATAACACCCGACATCGCGCAGTGCGCCACCTAAACTGTCAAGTTCAGAAGACATTGCGCCACAACCAGAGTCTACTGCCCGTCACCAAAGTGACCGTCATGCGGACTCTGTGCCTTTGTGATGTACGTATAGTGCACTGGTTCCAAACTGAACGAACTTGTTTTCAGTTCGATACTACATACCCCATGGGCGGAGACCAATGTCCCCACACGACGACGGTCTAGAGGGATGCGTCAACGCAGTTTCAAACAAGGGTAACCTTGGGGCTCCCCCTGTCTAACCGGCTTGGCTAGCCGAGTCGTTCTTTAAAGCGGAGGGGGAGTGAGTGGATTGTCGATTGGGACTGGCCGCGCGGACT,1763,52.52,Drosophila melanogaster
SEQ_299355,TATTTATAACGGTTAGGTTGGATCCCCATCGGGGGCCCCGACTCACGCGTTGTTCCCCTTGCTAGGCGTAACGAGCTTACCATGGTTTCGTCTACCTTCGTTGGCCAAACGGCGGACAAGAATGTGCTACACAAGTTCCCACTCTAAGTGGCTTGATACAAGGGGACTGCCCGCTTACAGTGCACTAGACCTCGTGGAGATTGTACTTCCGAGGTCACGGTGGGGAAAGGGCTTATGGACGGCGCACCGTGGCGAAATCCGTCCTAAAGAGGCGCGATGCTGACGATCCAAATAGTCTTTGAATAAACATTGTGTCTCCTCACGCAACCGGGTTGGATCTGGCGTTTCCCAATATATTGCAATGGTCCACATGGCCATAAGTTCGGCTACTGTCATCAAGAACTAGTTCGATTCCCACAAGAAAATATTACTCCTCGAGTCTTGCAGCCTCGCCCTGCCAACTGCCGCTCAGAATTTCCTTATGTGTCCCATACGAGTGGCCGAGGTACAGTGAAGCTTAGACCCGAGCCAGAGAATAACGGGGGTGACCGGGCTTTCCCATTTCTGCAACCCGATGGGGCACTTCGGGATGAAGAGCTCGCCAGATTGCAAATGCGCATCGACTAGAGCTGTAAACCGTAGCCAACCGAAACCGTGACCGCGGAAAGCGACTGCCATTCTAGTGGAATTCTTTAAGATAAACCCGCCCACATCTTATCTGTATGTGCACATCGGAGTAGTGTTGTTAATTTGCTACCAAACTGCCGTCCCCTACCGCGCAATTGACCGTTTTTGGCATGAATTGTGTTAGGCTCTACGTTTTTACTCCCCAGGAGGGTCACTGGCCGCTCTGCAAGGTCCGTCAGTTCAGTTCAAGTCTGCCGATCATTGTTCATATCCGGTTTTTCGCGCAAACTGGAAACATCGAGCAAATGGAGTGTTGGACGTCGAATGACAATCAGGACCCGATAAAAAGACTTGAAGTTGATAGTGAGCATGTCTAACAGCACCGGGTAATCTTTGAAGCACCCCTAGCGGTCGTCGATCCCCCCGTGCGATACGTGTCAAGTGCTCCCCCGGCAAACGAAAACGGTTTTCACCAGCCGCGGCGGCAC,1115,51.84,Saccharomyces cerevisiae
SEQ_584244,AGGAAGGGACAGCTATTCATTCATTCCGGCAAGTCGATGGCGCACCACCAGACCATCGGCCACAGTAAAGTCTACCCGATGGTTTCACCACCTGGTCATTCTCGATTTCGCACATCGCGAATTGCCAGGCCCGCTTAGCTCTCCGTCATAGACGGCATTTTTTCCGCTTACCCACGGTCCAGATAGTGAGCGATTACACAAAAGTTAGATGTATGCTGGTGGGACGAGTAGCGAGTCAAGTGTGAAACTCTGCTCTTGCTATACATGAATTATATCAGTAATCTGGATATCAGTCACCAACAATTTGGTAGCTGCTTACCCAGAGGAGTATGGTTCCGTAGGTCCCACACCTTGCGTATCCGCGGTTCGTCGACAAGGGGCTACCAACGTGGCAGGACCAGCTAAGCGCTTAAGAATTGCGATAAGAGTCCAATTTATAGCAGAACTTGTACCCGGGGATTTCTTTGCGTTACAGGGCGTGGGAATTCCCCACTCAGCAACATTTCCCCCCCTTTTAATGTGGAGGAGATTCGCACGGGTTTCAGGTTCGCGGGATGTCTGGTAACTCGGTTACTATGGCCAGGGGCATCTATTCGGGGTTATATCGGGAGGTAGACCCCACGAGGGAGATGTTCCTGGTAAGGGAGTGCCGTGCTCCTTTAATCTTCCCGCGGTTAGCGTTAAGTGACCAATATGACATTTCCGACCTTCGTGCTGCAATCATTATCTATGGTGATATTACCGCAACACCCTAGCACGATTCAATGAGTACGAAGAGTCCCATGATAGCTTATCTTCCCACACCGTGCAAGATGACTGAGCCCCCAACCATTCTTATCTCCGTGACCTTAACTTTAGCCTTCTCAAGCACTGGCGTTTAACGAGTGCTGAGTCTATATCTGTCGCCAGCACAGGAGGGGTCGTATGTCGACGGCCCTCTCTTACAGTTGGGATCAAGGTCCTAGTGACCGTGTGACATGGGTTATTATAAAGCGTGATATCTATCCGTTGAAGTCGTTATCCCGACAGAAAGACACAGTACTGGAGTCGGGCATCGGGGTCATCCTAATCTGCGAGCCCCGGTCGTCGTTGGAACAAGATCAGAACGCATTGGTTGCTA,1120,50.27,Saccharomyces cerevisiae
SEQ_236723,TCCTTTATAGGTACAGAACTGGAATACGATTGGTACTGGCGTCGGATGCTCTCGGCTAGACACCGGAGAATGTCGGCACGCCCTCACTCCGATCTAATACTTAGTTCGTTCAAGGCGTGGTTGGCTGCGGCTCGGCAGCCAGCCACGATGTATTGGCCTCTCAGAAGTCACCCATGTGGTTATAACGGATGTAGCGATTAGGGGAGTGTTCGGTCACCTATGAGGAATGAATATTCATGTTCCCCTCCGGGGAGTGACAGCATACGGAAATAATCTTGTGCCATGCCCTACTTCCCCTTTAGAGCTCCCGCTTGGGTGGACTCGCCAGCCGAACGCCAAGTTAACAAGCGATGGTAATAGACGTTGTGATTGTGGTTTAAATAGAGGCACTGCTCGAGTGCGAAGTCCAAATATTTTTCTGACTTATTCCCACTAAGTGACAATGTCCTCTCAGGGAGATCGGTTATGTATCCCCAGCATACCGGCCTCCCTATGACATGAAGACTTGAGCTTAACATCCATCCCCAGTAAGCGACTAACTGCGTACCCAGGCTCAATTTGTCTAAACCGCTCAGTCTATATATAGCAAAGCGTATGCATGATTTGGCCTTCGTCATAGGATTATAAGTTTCTAAATTTAAGGAGAATATC,651,48.08,Homo sapiens
SEQ_212180,TTGTGTTTCCCCTCTACTCTTATTTGCTAACTAACGCTTTGGTGTCTGGGCGATTCGTCACCCCGGTAACAACCAGCTTCGGCCCACGCCGAATCATTACAGGCGTCCAACCCCATTTATACCACATAAGTCTGGGCTTTACAGAGAGGAATACACGCTCCGTACCAATTCCTTAAGATATTACGGTTTCTGGCTAAGTCTCCCAGTAACTTCTCCCTCGGGATCGTAAAACGATTAGGCATATAGAGCATTATAAAACCCATAGGACGCCCGTAGACGCTTTATGCAAAGTTGCCTTCAATACGCGTAACGGCACATACCTTCCCTAGGAAACCCCCACCGAACAAGTTAACTCGAGGATCACCTTCGTTGCGTTCAAAACAGGTTATACGGAGTAGCTGGCTGCCGGTAAATTCTTCCGAGAGAGTAGACCAACAGAGTATGCCTGATTAGTACTAGGGGCGAATCGTGCTATATCGCTTGGAGCGTGCAAGAGCAAGTCTAGAGGAAGTTTGAGTCAAAGAATGGCGCTCGTCCGCCTCGGGATATTAGCCACTAGGCGCGGGCCTGCGTCCCAACGCGGACATTAAGAGCACAACGCATACTGGCTTATCTGGTGAGCACCCACTGCGCCCCTAAGTTACATTGCTAAACCACTAAGTGTTACCGTTATGAGTTAAGCTGTCATATTTAAGGGTCTCTACTGGGAGGGTTGTAATGCCAAGACTTTTTTACGTCCGCACTTTGCTCGTGAGCTATGCAATACACGGCTACCCAATGGGGAACAAGATGCGAGCAGTCGGGACTCTACGACGACTCCTAAGCGGGAGCGGTAGCTGTTGTTGTGTTAACCAAGTGTGCACTGAAATTACGTGACCTACTGGGATCATGTGATGTTACGTAGACGACGAGAGAATGGGGCACTGAATACCTGTGCATCGTATCAGCAGGCCGGAAGATATTCTAACTTAGGCTATTCGGGTCCCGGGCTACTTCAAAGAGAGGAAACTGTGGTAGCTTTTCAAGGGTGTACTCCGACTTACGAGGGCGATTTCGAACCGACCGGGGACGCTCAAAAACCCGTCTTCGTTGTACGAGGTCGCTGCCTATGCCTTACTCGAATGACGAGACGATAATTCTAGAGTTGAAAGGGCGGCGATATTAGGGGACAGCATGTTAAGGGTAAGATTCGCAGCAGATTCGGTACGCAACCGCCCAACAGATTATGTCCGAGTGGGCCCAATTTGTTCTTCGGCTAATCTTGGTCAACTTTCCCTAAGGCCGATAAGCCCATCGCATCGACCAAGTACCCATGGACTCGCTAAATTAAATGGAGATACATTCCTTACAACCCTAGCTTTAGACTGATGTCCCGGCACGTGTGGATGGGTTCACATGTAGTTTTCACACTTTTAAAGTTCAACCGAACCAAGTCCAATATCAGGTGGAGCGTTTGACCCGAACTCTTATACAGACGGAAGGACCGGACCTCACGCTCCGACTAGAGGGCCTGGCGAAGCTGAGCGCGTCTCGTGGGGCGCCCGCACATCCGCGTCGGAGTT,1562,50.19,Caenorhabditis elegans
SEQ_943801,GAAAGCAAACCACCTAATTGTCGCGAGTAGCTTAAGTGTTTAATTTAGATTCCTCATGTTGGCTATAGGGGTCTTTCCACCTAAGGGACCCGATCTGTAATCGAACAACTCTGGCAGAGGTCCCGGAGAAAGTTAGGCGTAAAGGCGGATGGTAGACCCTACGCCGGCTCCTATGGTACTCTAAACCCAGGCCTCACGCCGTGTAAAGCCAATCGTTTCGGATCCTACGTAGGTAGCATTACGAGGTGGGCCTATCCCTACAGGTGACGCCATTAGTACTAAAATGAATCTAAGGCATCGAGTCCTTTCTTTACGTTCGGGAGGCGACGAATATCAGCGAGGCACGCCGGCCATGCGGCCAAGCCTCTTTAATTCATATGGAGCGTGCTATCCACCCCAAATGTAGACAACAATGTTACACAGGTAGGGGTACGTCTGTTTACGAGATTTCGCCGACCGGAGTGGGTTACCACAAGATGTGTGATCCCCCACTGCTGGGGGGAGTTATAGAGACGCCCTTAAGAATCGCCATCCCAGAAGATGACCGCTCAAGGTTGGCCATGAATGGCCTAACGATGGCATGGCTCCGTTGCGCAGAAACTAACAGTATCCGGCTCTTTTCGCGTGCGAGCGCTAATCTTGTGAACTCAGTAAATTATTCACATTCCGACGTAGAAAGAAAGATTTATGGTTCGTCGACTTGCGTCAACATAAGATTAACGGGTGTGGCTCCTATCCCGATGGTATTCACGTAAGATATGCCTGTTCAAAGAGCTAAATATTGATAAAGCGGATTCGCTTACCGATCGTGAGATATGGTAACCGCTAAACTGTCACTAGGATATACGCGCCATACTGTTGTGTGCATGTCAGCTGCATAACTCCGTCGAATCTTGTGGCCTGTTGGACCAGATCCGACACTATTTGTCTACAGTAGGTTCCCAGAGGTGTGGGAGAAACGATATCATGTCGGGCGGATATTAGTGTCTTTCAAAAGGGGCGCCCTGGGCTTTCCGGATAGACTCATGACGGCCCTGTTTCGCTACACCCCCTCGTTACTTTCACGACTATTGTAGCTCAGTTTACGTGAGGGCCTAACCCTTAACGCTCGCCGAGAAGATATTTCGATCTTCTGCAGGAAGATAAGCGCTCCGCAAGTGCGACTAGGAAACGGACCGATCCTCCTGTAAGCTACACCTAGCCTTGTGCCTTTTTACCGGCCTACGG,1227,49.8,Homo sapiens
SEQ_519417,GGCATGTTCAATAAATCCCCAGACTCTGCTAGTCAAAAATGCCCCTAATGGAGCAGTCTCGGGACTCCATAGCTCCTAGTATTTCGATCGATGAGTAATCGGGTAACGGGTTGGTGATAGGGAGTATCGCACGTCCCGCAATCGGAGAGGTTATTACAAGTCGCTCAGTCCAGGGTCTCGGCGGCCCACCACAGTTATCCCGGTGAGGTGGGGAATGATGGAACAATACTCCGGGCCGATTAGGATGCTGCACAATTGCTTTGGTCCGACTTGTCGCTCGGAGTCGGAAAGTGCCGATACGTGTGAACTGAATTCGATGAGCCGTGGAGGAAGATCGGTCTGGCCTAGATGACACCTTTCGCAATTGGGAACTGTTTACTATGTCGGCGGAATTGCCCGTTGGGCAAACATGGTAGGGGTTGGTACGCATTCGGCCCTTAACAGGGATATACCCTAACGAGGTATCGTCACCATCCTCTGTCGTCCTTCTTGTGACCATTGGGATAGAAAACGGAAGGAGTGCGCACCTATAGGGGGATGCGTTTTCTAGCTAGAACTCGTGCACCATTTTGGCCTTATTTACCTAGTATCTTTGCATCTTGGTTGTGCGTCGTTGGGGGCCAGTGCGATACGGCGCGAACTGCTGCTGTAAGACAGTCCTTGTTAGAACACCTTTTGGCCGAGCACGAGCAACTTAGAACGGGTGACTCTATTATCGGTTCCTTACGTACTATCTGATATAGATCCTCGTGGAGCGGTCACCCTTTTCAGCTGCGGAATGCACACCTTGTTGCAACAAGCGGTTAGAATTAGTCTACCCGTAAGTAGAGTTACTGCCATCCTCAAACGCACCCACACTCGTTAAGCGTTCTTCGAACCCTTCTCCTGTGGTAACTTAGGAGCCCCAGGAGTACTGGGAGAATGTTCCTGCCGTTGGCCCGCATAAATTCAAAGCGGGCTCCCACGAAACCACCGTTCGCATCGGGCATGCCGTAGGATTTCTGAAAGGGACGCTTCGCCACACAGAGGCACTCTCTGCATGCTATCGTTTTCTAGTTTCGAGCCCCAGGTGCAAAAGTCGTGGGGGTTGGGGACAGCACCCCAGTAGTCCAGAACATCTGTTCGGCCTGCCACCTACTCCATCATCCTCTCCATAAGTCAGACCAGCCGAGGGCTTGGAGTAGGCGTCCCCAACGAGAAGTGGTAAATTCGCTCTCCTCACGCAAAAGGAGACACCCTTGCACGATCGTGTCGGTTTCTTTGCGACAGAGTCGACTCTAAATAGGGATGCAGGCACGTCATCCGCGCCCTTCCAAGTCTTCCTCAAACCTGTGCCGCCACCGGGGACAGTCTGCACGTTGCGCATCCCCAATGCTACCGCGCAAATAATTAAACATACGGCTCCCCCGTGCTACTTAAGA,1421,52.78,Saccharomyces cerevisiae
SEQ_250111,GAAAGTAGTACTAAGCAGAGGCAGCTGTCATCAGGACCCCGTTGATCAAGCCTCGGCGTGGCAGTTTATCGAGGATGAGGAGTTCCGAAGTTAGGCTCGAAAATATGGGGTTGTCAGAGCTAAACCCATTACACCAGGTACCCCGAGCATTACTAAGACGGATCTCTAGTGAAATACTTTCCCATGGCGTTTTTCAGAGCCTTGTGCGAATCTCTTTCTAATTGACACGCCATTATCAAGTGGAGCAACCGAACTCACGGTATCAGAACATTTCATACTACATTTTACTGCTAACATTTGCCAGTAAGTGACGCGAGGTTGACATCTCGGCAATCTTGTCACAAAGGAATTTCCTACGTAACGAAGGATACAAAGGTATGTAGGCTGTTAACAGTATTTGATCCCGTCGTGTTCTTGTCGCTCCCGCGAGCTATGAATGCACGAGCCCGAGTATTGCGTCCCAGTCTCAAAGCCTTTGTCTGTGGTCTGCAGAGAAGCCCTGCCGAGAAAGAGTTTAGTGTCTTGACGCTGTTTTATCAGGCCGGCCTGTGATACTGGCACCTCGGCTCGTCCTGTCGCTAACGTCCGTAATGGATTCTCGGTTTTTAGACTCTTGTAGGACTTTAAGCCCGAAACGGTGCCCGCATTGCCTATGACTACTAACCAATCATCTGTACCTTCTATGGCGCTCCTCAACTGACACAGATGTCACGTGGTTACCGGACAAAAACTGTAGAACTGAACCCCACAAGAAACAAGTATGACAAGGTGAATTACGCATCCCTGACTTATCTAGGTACGGAGATTTCACGTCCAGGACTGGTTGCAAGTGAAAGGCAACTCCTCATACCGCTGTCCGAATCGCCATCAACTACAGGTTCATACTTCCCGTAATCTAATACTACTCGGCGGCCGGGTTCGTATCTGGAAAGACCCCATAGAAAGGACATACTAGGAAGTCCGTTAATTACTCACCGCTCATTAATCATACGAAAATGTATGACGAGCTAAGAAGTAATGTCTGAGCGGCCTAGGCAGCTGTAAATTAGGTCTCCCTAAGGCTTACCGTGGTAACCGATCCATGTTCGGGCAGACGCGTCGGCTCCAGCTAATCTACCATATGTGCAAACGCCCAGCCTGCTTGGGCTCGTCTTTTCATACGAGAACCTTATGGTCACATCTGCTCGAATGTTTTTAGCGCTCCATCTCACAGGAGTATCTATAGACCTAACTTCAGCAGCGAATTCCCAGGCCGAAAAGAGCCATAGTTAGTAGCTTCTCTAAAGTACATAGTTCTCGCGTACATTCGGGGTTATCAATTGACCGTCCGACACTCGAAAGATCTTAGACCTCACAGAAGTACGGAGCGCCTGACGACCATTTTCGCGCTAGAGTTGTCATGTCCTATTGACACCCGGCCCTGTGCGATATTGCCAGGAAGCCACTTTCGGCATTGAGGCTATCTCTCGCCTACCTCTTGCTCCATATTCATCTTCAGTGCACAACATCGTGTGGATCCGTAGACACCCACTGAGGGAGTTCCTTGACCCAGTAAACACATGTAGACCACGTACTAGGGACTGCCACATGTAAAGCCCCTTTAACAGTGGATAGCCCGGTAAAAGCACTCCACAAGAATGTATCTCCATCTCGTGTTAC,1659,48.28,Arabidopsis thaliana
SEQ_686730,GCTCGAGGCAACCTTCTCGGTACCAGAGTATCACTTGAGCTATATCAACTCGTTTATCATGGCCTCGGCGATACCGTGGCCACGTCGCCTGGAGGCAGCAGGTACTACCTCGGTAGACCTACTTGGTAGCTCCTGAATTTACTTTGTAGTCAACTTACTTCCAGTAGTGGTCAGGACTCGGCACCCGCAAAGCTACTACACTTTCGCCAGTTTGGCGCCTTACTTCCCGAACAGTGTAGCAGTACAAAAAAGATCGTCACAGGGGGACGGGCACTGATTAGCTCATCCTATCGGAATATGGCGTGACACAAGGCGTGTCATCCCGGGCAGGAGGTCCTCTCGGAAAACGCTTGCCAGATATGAACTGCAGGCTGGTAATTCGTCTTCCTTGTTTTTAGGGTTTGGCGCATACGGGATCGAAATAGGTGGCAGACATGTATATTCCCGACACACGAACATGAGGTTTGTCAGCATACGCACTGTGAAACAACGAATAATCGACGGTGGCTCACATTTAGCCTCCGCCAAAGGGTCCAAATAAGCAAAGTTAACCATGCCAGACGGTTGTAGCGCTTCACGGCGTGAGAGTCGACTACGTCCCTGGGATGGGCGGTCCTCTAATGGAGCAGGCAACGCAAGAGGTGAGCACCTCGACTTGGGGGGACATGCGCGAATAGCGGATCTGCTGCTAATGACTCTTGGCGGAACTCATTTATCCGTTGTACATGGTCCAGGCCCGTTGTCGAACCTCCATGATAGTCGTGTACATACATGTTTGTCATCGGCGTGGTGTACAACTTTAACGGTACTGGAAACAGCAACGTGGATCGACGCTGCACTTGAGCGTGGTGTTCCTATGTGTATTGTGGGCATGTCATACCTGAAACGGGCCGATACGATCGTCCGCCAGCAGATCGAGTCACCCTGCTTACGTTACGACGCTGTGCAGCCGAGAGACAGAAGTTCATAACAATTTTTGGATATAAGTTTAATTTGCATCGACTTCTATCGTCCGTGCAGAATCCGCTCTTGTACGTCTTTCGCTATGTAGCAGTTTAATAAACCCGAAGGCACGTCAGTATACTTAATCGCAGGAGTCGCCTGGGGTAGACAGTAAAGGTACGTATTTAAATTCCTTTCACTACAGGTAGGGACTTTCGGGGCAGAGAAGGTTCTTCACATAGCCGTCTCCTAAACGGGGACTGAATTGCGAACTAACCTGGTTTCCAAGTTACAATCGACGCAACCGCCCAGTCCAAGCTCTGTTGTATTATAGTTTGCACCGTTTGCGAGAAACTTCTCTGTTAGAGCACTAGTGACCCTGGGGTCGACATAGCTCGCGAGCCGAGTGAGCACCTGGACACGCACAGTAGCGATTTTAACGAGTTTGCTAACGCACTAGAATCCTAATTGCAATAGCCGGGGCTGTGACGTGTCCGCGAAGCATGCAAGAGGAAGCCCTCGGAGTACATAAACTATCCGATGGAAATCTACCTGTTTTCAACGCGCGCTCGGGACTGCGTTCGGTGTTACGCTGCTAGGCTCTCCCAATCCTCAATCCGGCTGTGTGATCCAAGCGCCATTACCTCTCTACCCTCG,1599,50.97,Homo sapiens
SEQ_890241,CTATATGTCTTAGCGCGGAGTGACGTTATATAATTCACCCGCCTAATCTCCCGGAACTTTTACACGGGAATGACCAAGAAAGGGCGCTCATTGATAGATCACGCCATCAGCGGTCATGCCTTTACCGTATCTATTAGCAGCCGACCCTTTTGGTGAGCGGTAGAGCAGGGTGTGTGTGGTCTCCTGCGACAGAAGCTCCTACAGTATGAGGTAAGAAATCTCATACACGTCATCTCACAACACACAATTTACCTATGCACACGTGCCCCCTAAGACGCGTCCACCTCCGCGGGAAAATAACCACCTGTAGACAAAAATAATGAATCATACTTGGTTTGACTGCGCCGCACTTGGCTTTGCCGGCATTACTCATCGCGAGTCCGAAGCGAACACTAAGCCTACTCGCCATAGTCAGACGCTGATAACCGTAGATAAATAAGTCAGGTTAACGATTGATTGCGTGTAGTCTGGGCGGAAACACAGCATCATGGATAGTAGGGGCACTGCGCATGGGAGGGATTAAAGCTCCGCAGACGGGGAAGGATGACTTGGGGTCGCCGTTTTGGTCTAAAGCACATTGCCTTGTGAGGGTCCTGCATATAAGTGCCGACTCCCCCAGACCGACGCACACTTTATTGTTCGCTTTATATAAAGTTAAGAAAAGTTTGTCGATAGTTGCGGACTTGTTTTTTAGGTGATAAAGGAGGCACGACATCTACTGAGCTAAGCGGTATGGATCCTGGTCGCGTAGTGAAATTTCTGGTATCCTACTATGAGGCTGATTGAGTAACAAGTTGACATAACATCGCGTGAGAACCTTTTAACTGTGCCTCCAGTTTGTGGGATGTCTCTGTGGATGT,860,48.14,Caenorhabditis elegans
SEQ_329687,TCACGCCCGCCGCGTGTCCACACCATCTTACGGTCCTTGCATTGCCTAGTAAGTAGAATGTCTTGGTAGAATCAGCGGTCTTTTACGACCCTGCTAGCTGTAAAACAGTGCCAAGCCTTGTGCAAGGTGCAATTTTAGGTCAGTGAGCTGTGAAAACCCAATAGCTGCTTCCTCTTTGCTAACAAACTGCTTTAGATACATAGCCAGTTGGTTTCGTATGCCTTTACTGAACGCCCCACGCTCGATCGTCCCAGGATTATCCAATACGTTTCTTGTGCCTGCCGGGTCGCGGACGGTACCCAAACTTGATAGTCGGTAATAAGGTTGGGCCCATTAGACAACGTCTGTCCGCAGTACGCTGGGGTGAGTCCCAGCGGCTGTCGGCACGAACCCTAGGATTACTGCGATACGAGGAAGTTGCTTGTGTACAGTCAATATAGATGCTCCCTGTCTTCAGGACCACCCGAGAGTACGGCCGGATTTGCATATCAAGGTTGGCTCTACGTTAGCAGATCTAGAAGCTCTGTAGTCTCCACGTGGGTTGGGTGGAGAGAGGTGAAATGGGCCGCGACCCCACCGTACTGGTATCATCGCATGTACCAAGGTTAAAGAACCTCTGGACACACAGGGAGACCCATAGGGTCCGTTAGTGTAAAGCCTGACAGATACTTCCTCTCAACGCTTACCTTACGCGTGCACAGTGTATCTTCCTCATCGTTGTGACTCTAGCGCACTGCAATAACCTGGATGATGACTTTAGAGGGCAAATCCTGCCGTATATATCTCAACAGGGCCGATTGGTGGGGGACATCAATGTGGGTCTTTACCGATTTGACGATGCAAGATCAGATACCTCCTGCTGTGCGCGATGATTCCAATTTAGTCGGCCTTATGCCCGGAAACAACTGAACTAGGCGGCTTCACTTTGCCAGGCGTCGGCGCCACCTTTATGCACTTTTCATCACTTTACACCAATCGGGCTAAGCCTGTCGAGAACAACCTGCTCACTTGAGAATTTAGTGACTATTCCAATAAATATAATGTACATGGGCGTGCTCGGAGTACTTAAGGATTACACGGGTGGAAGATCTAGTCAATCAATACAAAATACACATACGCAGAGATTGCACACAGGTACTGTAATCTGAGCCCAATCATGACTTTTAAGCGGGAGGGTATACAGCATACTTCAATGAGCATGCCACCAAAAAGAAAGGAAAACTATATTTGCCTTAGCGTTAGTGTAGAGGCGAAGTAAGAATGTACTCAACTTGTAATCATTACGGCGATCGGTTTTAGATGGATCTAAACTGGATAATACGAATACTCACGTCAAGGGTAAACCGATTCATGAATCATCAAGTCCCATACCACACGGGTTGTAAAACCGCGTAAGGTGGCCTCGGGAGTTACATTAACAGCATCAAAGCCGGGGAATGTTGACTTTTGGTTGTGTTAGGGAACGTAGTGCCTGTCTCGCTAGCGGGGGCCCATTCGAATCACGCGAGAGGTCCGAAGAAAAGCACAAGAGTGCTCTCTTGTCGCGAACAATTTGCACCGAGAT,1564,48.53,Saccharomyces cerevisiae
SEQ_850326,AAGACGTCAACGTTCCGCTTGGGAAACCGTGCGATTCTTCCTGCAGGTCTACGAAGCGTCAGGGTTTAGGAGGTGCCT,78,55.13,Caenorhabditis elegans
SEQ_181434,GGTTTGATTCGACCAATTGTTTCCAGTTTAACTGGATCTCTTGGTATGTGTGTACCGAACCCTCCGAGAAACGGATAGCGAGTATATATTTCGCATGTCATACGTTAGAAGTTAGTGGATGATTTGTATAAACGACTTCTGACCATCCGACTACGCGAGACGACTCTCCTTCACTGTAATTCCCCATCCCGTCTGCATGCTCACAGTGAGACTCCCTAGGGTTGATGGTATAACTAAAAACAAAGCCCCGTCCTATGGGCCCACTGGTCAGTTGAGATGGCTAACCCGCGATCCTGAGAGCAACTGAGTTCGGTTACATCATGTTTCATGCCGCGCACGGCATCTATATGTGGCCAACCGATCACTTATCAAGAAGATGTTTGCAATAAAGAAATTCGCCAATGCTAGCGCATCTCGTACTAACGGCACAGGGTATCTGGATAGACTCGCGGCGGGTGTAAAATAGATAACCGCCATCCATGCTCCGTAATCAGGTCGCTTATTTGAGTTACTTTTCGCGGACTACGCCATCAGCCATCTAGAGGCCCTATCCGTTGGTTGGCGGTCATTCTTGTCTATCGTCATATAAGTAGCAGGCAGAGAGAAGCTTGGAGGGTGTCCAGTCATGGTTAAGGGTCTGTTCTATTGACATGTTAATACGGGTCGGCGGTGAAATATGCACGAAGCTTTACATCCTACGTGGCGCACGGACACTTATCCATAACCACATGGCTTTCATCAAGCCTTAGTGGCTTTCTTGGCAGGCTGTCGCATAATGGTCAGATGTGTTAAGCGACGGTATGACCGTAGCTTGGCAGTACAGCTACGCAACGCGCACAAGCTGAGCTTACTTTCCGCCTAGTACCCCAGAAAACTGAGACTTGCAGCGATCAACTGAATGAGACATCCCGACATCCATCACGATGGACTGATGAACTATCTCGGCGTCGTTTGCTGGCGAGATGGGGTCGAGACATCTGACATCGACCGCGATCGGGTTATTAGCATGTAGCCTGTGTCGGAGCGTGCATAAACGCGATACGATTGGGTTCCTGCCTGACTCAAGTCGTTCCGAGGTTCTCATGTGCCACAAAAGTAGGGTCAGCAAGTAAATTAAGGGCACTGGGAAACATTTCGGCAAACACCATACGTGAGCCTAACACGTATTATCGGCACTACATCCCATCAAGACGGGTGACGTGTGAATAACGCTAAGGAGCCGCACACCCAGATTATGATGCAATACTCCTTGTGGGATAAGCCCGAAGTTAAGGTTGCCTTTTTGGCGGCTAGTAGCACGGGGTCGTCTCTCTGGCGGGAATTCAATGCAATCCGCGTGGTAGCCGTATTTTAGTGGTGATTCTGCATGTCTTGGATACCACACTTTATCTCCTGAGTCGCCGTGTTGATCTTGCAAAATTCTCGAGCTCGTGAGTCTTACGAACCTGGGGTCGACTGGAATTGCTAACAAGGTCTCTTCCATACGTTTATGGCAAACAACTGACGCGTAGGCTAGCGAGAAGTCGGTTACGTGACACACTCTCTCCGGCAGGGAGCGCCTGGCGCACCTAGAGACACACGCTGACCCGTTGGGTTGGGCGATCGCAAGTATAGGAGCGCCCGATAACCGGAATCTCTAGGATACGGGGAGTCAGAAGAAGTAATACTTGCGTAGGGCAAGAAATAATTTTTACCCTCCGGCCGCGAGCTCCTACGGCAATCTGGACTCTTTTTCTTCATTTTACAGGCCCGGAAATAGAAGACTGAATTTACGGTCAGTGGTCATAGCACGTAAGGCCCAGCTGCCCCGCGTGCGTGATAGATCGTTGCGCTACCCTTACTATAACAATCATGTTAGTACACTCAAATAAATCAGTCGAAGCACTAAAGGTCATAGGGGCCTTAGACTCAAGATGTTTCGTCTGGGACTGAGACTTGGTAGTGATG,1947,49.46,Caenorhabditis elegans
SEQ_535273,GGTACCACGGAAGCATGGTAAGTAACCTTGTGAATACGACCAAGCAGTACTATGTTTGCCGTGCGCGCATGCTCTCGCCTACGTCCCTCAGTTGAGGCTGTTGGACCATCTACTTTGCCGCAAGAATTAACTGGATGACTGAGCGAGGGCATCTGTAGTAGTTAATGGGCATTTTAGACGAGATAGACGACTCCTTGGATGCATTCGACCATCTAGATGGTGAACCCTTATCAAAGGATCTCAACACGTAATCGTACCGATACACTAAAGAGGCACTCTTTCGGCTTTTCACTCTCGCTCGTTAAAATGTGGGTTATCTTGCGTCTCATAGAGAAACCCTGTGGGCTATACGGAGGCTGGCATTGCATATCGTTTCTGGCTGCCAACTACCTTTGCTCCAGAGTGAAGGGAAATAGGACCACTTAGATGAGGTGAACCTATGGCAGGCAAGAAAAGTACCGGGATTGAACCTACGGATAGATTTTAGGGATCGCCGCGTTATCCTCGCGAGGCTAATTCCCCCTTTGGCGGCTTCTGACTTCGCTCTGATGCATACGCAGCGTCATGGAGGACGCATAAACCGGGCCTGGAGGTACCCAATCGCTTGCGTAGGCATAGCCGCCACGGCAGTCTTTGTTGTGCACTAAGCGTAATGATGTCTGATGCGCAGAACCGTGATCCTCTAGCCTAAGCAGCAGCGCTTCCGAGCTCAGTGACGAAAGCGTTCAAGAATTGTTAGTGCGTGAGACAGCAGGGAAATACTGTTCTTTGCACTTAGGATTAACTAGGTAAACAGCCTTTACCCTCAGCTGATGCCAGACATATAAGTCCATTGGATCGTAGGCAATTGTGCAGTGTGCGTCGTACTACCAATCCTCCCTCTGGAAGTGACGGTATCATACTTGTGAGGTCTAGTTGCCGACCACGACTAATTACCCGTGATTTGAGCCACAGCAGTTGATCTTTACGCAGCTATTCCATCTCCTGTACAAACGCTCTTA,1001,49.35,Escherichia coli
SEQ_661089,GCGCCCACAACTCTAAAGGCCTTTGACGTGTCGACATACTTTTCGTTTTACGTGTGCCGCGTTTTGGGGGGAGCTGGTGGCGGGACGGTATTGCACGTCCGGCAAAGTTCAAGTATCTGTCTCACATGCCCTCAAATTATGGAGATGACAATAAGGACCTTCTACCTTTCTAAACGTTCGTATATGTCACCTGTTTGTGCACCATAGTGGTGGTTCCTAA,220,48.64,Caenorhabditis elegans
SEQ_197409,ATTTTCGGGGTATAACCTTCCACTTGTCTTCTTCTATCCAGAAACCAAGAATGCTTGCCTATAGTCTGCCAGCACGGGTGCACAGAGTGGGCTTGTCCGGCCACTGGTATGCCTATCTCGATGGTCGCCCGGGCTAGGCCCGAAAGAAGCTGGTTTCGGACCTTCTTTACGTCTATGGTCAGGGGAAACCCCAATACCACGGTCTTTAAATATAGGCCCGTGCCAGGTATGAAGGCTGAGCGGGTAAGGCCCTGAGTTGCGATCTTTGGGAGCTCATAAATCACTCGCGCCTTAACCCATTACGAAAGTGAGTCTGTATCGGGTCATCCATAGATGTCAAGGTTAGGTAGCCCTATCGCTGAACAAATCTGATTGTATGACGCGAGATGGACTCGTACGCATAACCTCCGTATTTCACCTCGTGTAAGCCATTTAACTAGCTTGTGTAAAGGCTGCAGTTTGTTGCGCGGACCTGTTGAGCCTAGCGCCCCCTTGGGCAATTTCCCGCGAGTCGCGGCGCTTCGCCAGTACAGCAACGAATTTAGTGGGCGGGGGGATCGTTCGCTCTAAATGGGATATTTCCACTGTTTGTACTGGGACCACTGCCTCATGAGTAGGCTGATAACCCGACCAAGACTGCGTGTCCTAAGGCGGAAACTGTAATCTAGCGTTCCCTGTTTTACTACCTGATAGATATCGATGTAACGTATTTTAATCTCCGCGCGATTGTCCTAGTAGGCCTCACTACAACTACGCGTTTAAGGAGAACGTATTCGAATTTGCGAGGTCTAGTGTTCCATACGCATGTATCTAGGGGCCACAGCGATTGCCCCGATCTAATTCACTGGGGATACGACAACCTGAATCCTGGCCGATGCTCAATGAGAATGACTAATTCAGTGCGTACCCCTCCCTAAGCATACTAGTAACGTAACCGTCCTTGGGAAATGTTTCCCGGCCACATAGATCTGACATTATACTCTGATCTGCATCATCCGTGTGATACTAGTATCCCTCGTATTGACAAACGGATGTACCCTATCCTCGTTATTTCTAGCAGCTCTGTGATACGGTTGCTTTTTGGTTATAAACCGAGGATCATGCAATTTAGTCTTACAATATGAGACCATACCTTTCCCTCGCTTTCACTGTCTCTGAGGGATCCAACAGTAAGCAAGCGCCACTGCCCGCGCTGGTTGGTAATAGGCTGGCCGAGCGAGAGCATAAGTATCGGGGATAACAATACCGAGCATATTAAAATTGATCCGGCGCCGTTGTCTGCGATAGCGTACTTTGGCGGGACACCTTGGTTTAGTCTACCTGATACGACACTCGAGAGGAAAGGCACGGGGCGACTGTGCAATAATCCTCTATGTGTTAGGAGTATCCTGACCCATGGGTTGAAGGGG,1409,49.61,Saccharomyces cerevisiae
SEQ_752659,AATAGGTTAACCGCAGCTGGAATTAGGGCGGCACCGTCAAGGCCCGACATCTATTTCCCAGTCGGTAAGATTGCACGGTTGGAGGGTTATCGACCATGCGTACGATGGCACGACGGAATACTACGCGTAAGACGCTCATAATGAATTAGGGCTCTCAACTTCTATGGAAAAAATTGATTTCCTACGGACCTTAGAAATAACTCTTAGAGCATATGAAAGACGGGTACACGTCTGCAATCGTAAATCCTAGGCCCTATAGACCCAAACCTACTGGGTGGGTCTTACCGCGCAAAATTCCTCAGCCCAAGTGCCCCATTGTTTCGGGCCGTGCACTGTTAGTCATAGACCGACGCCCCCGCCTTAGAGTCTACGAATAGCAAGCCGGATCCCGGTAACTATAGGGATGGGAAATTTCATATCACCACTAAACCTGATTAATGCAAAGGTGAGGCCAAGACACGCGAGAGTAAGGGCGGCCCATCATCACATACCGA,494,49.6,Saccharomyces cerevisiae
SEQ_598535,CCAGTGACACCTCCTAAAGATTATATGTCAGCTTAAGACAGCCTAAGAATTCACAAAACTACTGATAATCCCAATTTATCGTCTGTATTGTCAATTAAAGGGCTCGTTCGTATGATATTGTCGAAGAAGTTCTGGCTACGCATCATGGCATCTACAGTGTTCACCGAGCTAGAACACTCCGTGTCGTAAGCCTGTGGTCTTGTTCACTTAGTGTAGCTGCAACTAACCACTACCCCGGTTGGCTATTCACGGGACAACACCACTCACGTCTGTTCGTACCCAACGCTGGATAGAATCCATTCTCTAGCGACGGACTATTCCTTGTTCCACGTAAAGATCGTCGGGGGTGATCCGCTAGCCGGTCCACCAGTCTTGTTACTGAATTCGGCAGGCGTTAGAATGATTCCTTAGGGGGTACCGATGTGCTTTGTCTCTAAGACTTTGAACCTTACAGGGCGTGTCGCTCTCCACGTTTCATGAGACCATCAGCCAATGCTTGAGAATATTTCCACATCCAGTCTGGACACTGTTGTTGCGTCTCCTTCCTCTCAAACTCTCCACTTCGCTTTAACCATCCATAACCTCTTGAAAACATCTCACTTCAGCACAGCCTTCGGTACTCGCGTCACAAATATATTTTGGTGGACAGATACGCTAACACTCGAGGAGGTTGATCGGGTAACACCAAGTCGTTGTAGGCTGCGTGAGTAAGCATGGATATTTGATACCCCATCCTATCACCGACTAAATGAAAAGTGATTACTTTCAGTACACCATGTCCATCAGCCTGAGGAGAATCCATTACCGCGGTGCTGACCCGCTGGCGGGGGCGCGGGGTAATCGCTAAAGAGTAAGAAGGAACATGTTCCGTACCCTTGAGGAGGCTAGGTTTAGTTGGCCTAACCCCGGGAGTTTGGGTTGCCATAACAGTCCTGATGTGTCGAGGCTTGTACCTGAGGGCATATCGTTTGCATGAGTGCGGCAACCCAGGAGGTTCGATCAAGCAAGCCTTGTTCGCTAGCAGTGCTACAAAACCCCGGGGAAATTGAAGAGAACATCGCCTGCAGGTCATGGGTTTAATTCATTTGTGCTTTTCCGATATCATTACCGGCAGACATTTTCTACACTGAGCGATGCTGACATAACAAGAACTCCCGCTCCTATTTCCGCGTAATTTGCCTTGGTAGTAATTCAAGACGTTACTGTGTTCTCTTTTACTTGCATAAACAAGCGGTGTGCTACTAAACAAGCATTAGTCCGGCGCTAGTTTATTGAGA,1277,47.53,Arabidopsis thaliana
SEQ_734839,GCAGAAAAGGAACACCCGGAAGCCCGGTTTTGGCCGTTCTGTGGGACCGAGATGTTGAAAGTCACTTTGTACCGCACAGATTGTACTCTTCGAGAACTATCCTTACCTTCTATATTTGTTGGACACATATGGCAATACTAACCCGAATGCATTAGGAATCGACCGTGCACTTTCGTGGCCCTCTCGAAGCCGAGTTTTCACCTATTATATAGACACCTGTACGAGCGACGCTCAAGTGTCGTCACATTAGGGCCTCCGCGGCGGCGACGATATAAGGCTTCCAGCAAAAATTTTTCTTACCCAGGTGATAATCCGGAACTCAAAAATGGGCAGTTAGAGGAGTAGGCGTAGGAGAGGTGGGTTAAGCAGTAACCTCGAGATAAGCCACGGTTCTGCCATTGGCTGTACACAACTTTTAGTAACCATGAAACATCTCTTAACTGGGCATTTGTTGAAGAGTCACGTTAACGATCCCAGCCATGACGCTTTAGAAAGTGATCTTAGTGGCACCGATCGCTTTTACATTAAAGTAATACTTAAGGCCGTCGGCGTGTGCACCGTATGCTGGGTATGGATGATGGTGAAAACACGTCGTGGCACTCCCGAATTTTCTTGACTCGAACCCCATAATGACGAACCCAGAGCTCCATTTGAGAACAAATGTTGCGCGCGCGACTCTGTTGACAGCAGTTGCATATACTGGTTCGCGTACTGCTCATTCCGTGATAGGACGCTCCCTACTACCGATATGCGCCGCCCCGATGACAACGCGCATTAAGATTGGTCCCAGAGTAAACTGCCGCCACGCCGACGCCAAACCTTTACACAGGATACTCGGATGCAGATTGTCCATCAGCCCATACTTACACAGTGCCTAAAGGATCGTTCACAATGGTAACCTCCTCGGGTGTGTGATGCAAGATGCCGCCGCTCCGGTTTAAATAACATGTGACTCCCGAGGTGTCTATTCTACGACGATGTTCGAAGCAAACCTCGCATCGCAGCCTCAGCGAAAGTTACGGGATGCTCGGAGCTTTCAATGCGAATTTCGCCGCAGTTTACTAGACCCCACTAGTTATACGATCTGTTCAAGCCGTTAAAGATTGGGCCACTCGGGCCGGGAGCACGGGAAAGTCGGATTGTCATAAATTATCGGGTCACGTGCACCACTATCTTAAATCCCGACAGAAAAAAGCCAACTATGGGTTCTCCGACGATGGGTGCCATAATTGTGTTAAAGCTCCGATTTCCAGCTGTCGGTGCGCCGCCACTCCATGTACCGCTATATAAGCAGTTGAACTGCTGAAAAGCGGGAACCTCGCAACGGGCTGGGTTGTTACTGACTTGCAGACAGTCAGTAGCTGCTTTCGTACACCTATAGGTCGGACGTGTGTACCGCATCATGAATGGCCAGGTCCGTGACGAATGTAAAGACCGCAGTTGTTAGATATAATTTATATATGAGGCGATGCGAATCTGGCCCTATTCGAGCCGACGAAAAATAACGTATCTGATTTTTTCACTTAAGTTCCGGGCTGTTAGCGTCCGTTTAAGAGCGGAAATAGTCCTATTCTAACTGGTTACCTCGTTATTTCCAGTGGGCCAAAAGTCCCGTAGAGCTGAAGGGGGGAAGATACATATGCGAAACAGACGACTCGCTAGACATATGTGAGTAAAGCAAATCGTCACGAATGCAAGGTCACACTTACGCTAGGACATGTACCTCGACGTTACGGATCGCCGCCTCAGCTACCGGGTCCTATCCCTCGACGTCATGAGAACTCCACGGGGGCGTACCCAGAACTCCTTCTCAATAACTGAACCATCTAGGAACCGAGCCGGTG,1844,49.46,Caenorhabditis elegans
SEQ_170352,AGTAGCGATGATCCAAGATTCACCGTCGGTATAGCTGTCACCCCTGTTATGCGAACTGTCTCGCGGAAGCGTTAAGCAACTATTCCGTCTACTTTTACCGAAAGGAGGATATCGTCGTTAATATATTACGAGCTCTTGCCATCACGTGCGAATTACCTACTGTGGATTGAGAGAGTCATGGGAGTGTAGTAACTACGCGAGGCTACGCGTTCGTTAACTGATTCTAAGGATAGAACTATTAACTTCTCTATTTAGAAGCATCAATCAATTGTAGATCCAGGGATTCGGCAGCATGTAGAGGTCCCTGGTACTCCTATAGGTATGGTCCGGTGGCAAGCCACGTATATAGTGGCCAACCTTTAGTGGGCACCAAAAAACTAGAGTTCGCCGCCTATCTTCGCTTTCGCCTTCGTATGGGGGTGTAGCTAGACCGGGGAGGTGAGGGACAACTAACTTTGAAGTGATTACCTTACAGTTGAACTCAGTGTCTGGCTGCTAGGCGCGTGGTATTACCGGTCAATCCGAGGGTCCTGGCCTCACGGTATATGAAGTACAAGTAGAGCACTTAGATATAGCTGGTCGTCAAGAGCGGCATATTTTGATGGTTCACTCTGATTTGGGACGAAAGCAAAGGAGATACAGGGGGAATGTCATATGGCATTCAGGTTGAACTGTGACTGTACCGTCTTTTATTGTCTGTTATCGAGTCGGCGAACAGATCGGTTCAAATTTCATAAGGGCACCCAAGCCGGGCCTCAGGATTAGTGTCAATTATGTGTTCTTGGTCCGAAATAGTGAGCACCGTCTTTGGGTCGGCCTATTGCGATCCAGTCAATATAAACTCACACATATACGTTCGCCATAATAACGTGATTTAGTGGTATGGAGGGGCGCGCCTATTAGACCAGAGGAGGGCTTCGGGCATCCAGGTCTCGACGGTAGTTCGGAGGCAAGATCCCGTTCTTATTACACCCCCAGAACTTTAAGTTAATCGTATGGGCATGCACCTCCGGTTTCCCTGTAGTACCCCGTTATATCATGATTCTTCTACCTTCGCTATGGTACGAGCTGGCTCGCTACTTACAATGAACGAGACTGTCAACCTAGCTCTTGAGACATCATGAGTGTTGAGTGGTGACGGCCTAACCTTTTAAAACTGGTCGAGAGACCGATAGCCCCGGCTATACCCAAGCCAGCTCCGAAGTCCCTTTCCGGCTTGAGGACCTTGTTCCACTGGGCTACACGACAGTTGCTAGGT,1258,48.41,Saccharomyces cerevisiae
SEQ_992353,GCATCTCGTATTTTACCAAGGCGGTAACATAGTGAACGGCGCCAGATAAGGTCGGGAAGGAGGCCTTCCCAGGGTTGTATAACGTCCATCTGTGTGTGAGCATGTGTTACATCTCATAAGCATGGTTCAATATGTCAGTTAATAAGTATTTGGTTCCCTCGTCCGTTGTAATAAAATCACTGCTATGCTGTGTTGACGGACGTATAAACGCACGGATAGGTAGGAGACTTACATCCCGAGTTTTGAACTCGATGATCGATTATATTTGCTTAACGGATCTTAGACATTAACTGCATCGATGACTCCTTTGCAAGCATTTTTGAATGTGCAATGTACTTCGATAGTTCTCTTGGAATCGATCGATCATTCCAGCAGTCTTGGCGCGGATGTCTGTGGTCTAAAACGAAAAATGTCCGCACGTTACCGTCAGCATGTCAGCGAGCCGACTTTAGATTGATAGGTCTGATCAGTGAAGACTAAAGTGGGCTAGTAAGTATTCTGCTAAATGTTTTCATAACATGGGGAGGAAGAGATTCTCGAACCGCCTTGGGTATCAGATTTAGTCGCCGGTGCACGCGCCCTCCGAAGATTGGTATTGACTCGGGATCGACACGAACTAGGTCCCACGTTCGTAATTGTCATGATCGACAAGATAGAACGGCAAATGCGCGATGATTGTTTCGTCCCAAGGCTGCCGGGGCCACTGCTCGAGCCTATGAGTTAGAATTAATAAGGTTCAATGGGCTTGTATCGAGGTTGGCCACGGTGTCCTCCTGTAGGCTCTTTTAGGCGATGCAAACTTCGAGTGCGTCTGAAGAGCCACAACGAATACGCTCCCGATATAATTGGCATATTTCAACATGTTTAGCCATTAACTCCCGGCGTTTCCGAACGGGAATGGGGTGCGGATGAATCTGTTATGACGCGCAGTTGCATACAGCATCCTTCCGCTAGGCAAACGGCAGCTGTAGTGATCGTGTTACCACTAAAGCCCATTGGGCCTTGATTCCATTGCTGAAATCCGGTCTGGGTACCATTCTCCATGGGTATTTTCGCCTTTCTCCCCTGGCTGGCGTCAAGGTCCTTTAGGAGAGTGATATACCGTTACCGAAATTGAAACCCCGAAAGCGCGATAACACGACAGTGAGAAAGTGTGAGGCGTCACGAACCATCCGTATCCGCGATTCAACCTTCCAATGCAGGAGAGCGTTAATTGAGTGGAGTCCACAATATTGACATAGCTGGAATCTAGCTTTCGGACGCACGCTAAGGTGAGGCAGGTTAATTGCTGCATGGGTCTAGGTCGTGCCCACCAGCGTGCCCGCTAGCTCCTGGAATGGGTGCAGTTGTCGGGGAAAATGGAAGGAGGTCCAACTGGGCGGAATTTAGGCCTCTAGAGGTACGTCAACCTCGCGCGTACGCCACTGCAGAGCAAGGACTACATGCAAGAATGGCGCATATTGGGCGGGTGCCCGGGGATACTGAACAAAATTGTAGTTTCATTCGCTCACAATTTTGCGCCGACCATTACTAATGAGAGCAGACGAAAAGCGTTCGGTGACT,1563,48.82,Drosophila melanogaster
SEQ_425720,CGATGAATTCGACACGTTATCTATGGGAGTTAGAACTTAACGGGGATGCCGCTTAATAAATCCTTTATCCATCCTTGGGTTGCACCCAATACGTGTTGGAACGCGGAGCACTCGGCATTTGTCACGTCCGATAGTCTTTTTTGACTTCGGGGCCTAAGCAGGGTCGATGCATGCGAAACACCGCCGCAAACACGGGGAAAGCGTCATTTTCTTGCCCGTTATGGGTAGTTGCGTTTGCGCGGCCACGAATTCGCTTCTGCAAGGAATGGGCCTGTGATAGCAAGCGAGTTGGTCCCAGTGTGATCTCAGACTGACCAGCCACTGCACAAGCTACCCGTACGTGAATACTTTGGAATGGTCAAGATCACGTGGATTCCGCGATGTAGAACCTAGGCCGGTTAGTTTCCGTATCTCGACGTAATTCTACTCAGGACTGATCAGCAGGCGTCTCGTTTGCACTGCAAAACGACGAAGAGCGTCGTTACAAGGATTGGTGCACCATGACCCTAGACCTTGCCGAAAAGAGTGCCAGAAACAAGAGTTGCTTCGAATTACTCAACAGTTTTCGCATGATGACGTTGTGCGCCCTGGCTGCGCTGGTTTCCTCCAATGGGACCGGCTTGTGGATAAGATTAAGAAAGCGGTTCTCGATCGGTCCTCTCGGCCGACATATGCGCGTTTAATATATGTGAGGTCGATGGAAGTTTTCCTCCCCCAAATGTAT,724,50.55,Mus musculus
SEQ_200566,TACCCTTGCTGCCCACCACGGCTTATTCATATGCTAATGAATCCTGACATCGTGTCCATTTTTCGAGATATTGACCGGGCGTTTACAATAGACTTAGCCCATGGTCTCATGGTAGCTGGCTCGTCTCCATGTACGTCTAAAATTGAGCATGCAAAATGATCAGTTTACCGTGATTACGCCTCGCGACCTCTAGAACTCCAAATCAATCGGAACTGCAACGTCGCTCATAATATCACGGAGAATGTCTGCTCTCCGTATAGATGTAATACGTATGGCCATTAAGTGTAGCCTGTTCAAATTATGTTGAATTTGTGAGCGATGGTCTATTATAATACCCATCTCAGCTGCTCTTGATGACGGTGCTCAAGAGCACTCCAAGAGCGGCATCGAGGTCTGAAATGGCCTAATGTCTTCGAGCATTTGGGGTGCATCTACATTTAGGAACCGTTCCCTACTCCACCTCTTAACGGGCGATATTGTGGCATACGCCGATAGCGGCGAACCAAAGACGGGGCGGAGGATTGGAACGTGTTCGGCCTATGCGTCGTAGTCCTGAGGTGAACGGAGATGGTCGCGAGGGGGCAGTATCCCCGTGCAATGCACGTTGAGCCGACTGAGTAGCCTTCGGATTCAGGCCGCCTTCGTGGGACCGCATTCTACACCCCGGCACAGTCCGACTGCAATTAGTTGAATAAAAGCGGTGCTCCAATCGATATTCTGGCCTGGTGCGACGTTTAAGGAAGGCTATGTCGAACTCTGGCGAACGAATCAATAGAACAACAGTTCGCAATTACAGGGCCGGATTCACCTGTCTGAGCCTTCCCTGCTCAGAGCGCGCCGAGGCGTGACATCGGTAAGAGGTTAGTGACCCTCGGAATATGCTACTTCTATGTGACTACGTACACCATTTGTTCCTAACAAAGACACTGACGAGGCCGTGGGCACCCACCGGCAAAAGTTCCTGTATTATAAACTGTGTAACAGCACTATGAGTCTAAGGTATATGCCTTCATCTA,1016,49.61,Arabidopsis thaliana
SEQ_250263,GATTCTAGAGGTCGCATCTGATGGCCTGTTCTCACCGGCTAGTGATTAAAGCTAGC,56,50.0,Mus musculus
SEQ_138976,AATGAGGAACATTAGTCCACAGAGCTAAATCCGAGTATCGGTGTTTGTGGGATCTCATTTGCACATAGGCCAAGCTCGGGGGCGGGTGGTCAATACTACCCATCTTAGGTTTGCGTCATACCGCTTAGGTGGCGATGACTCTCAACGTACCATGTAATAGTGTCGATAGCAGCCGTGTCAAGACGAGGTTAAGTAAGCGGCCCAGGTTTTTTGCACCTTTTCATTGCGGACTATGAAGGACGGACGAAGCTAAGGCAAGGGCTAGCCAAACTGTAAGTCGGGGCGCCAACGACCCCGCCTACAGAATAAACGGTGCAGTAACTATCGCTTCGTCCCTCTCTACGTCAAATTTTTAGTATAGATTCCTGATGAGAACCGAGCCTTATTAAGGGAACGATCGGTAGGCTTACGCGACACGCGGAAGTGAATACCCATGGAGTTCAACGGACTGCCGACCGCCCACTGAGGTAAAGTTACAGATTCGGAACTGTGTAGATACATCGGCTGATTAATACGCTATAATGCGGATCGATCGAGGCTACTTAAATGACCCGTCCAGGTGTACCGCGACGGTAGTGGTTAAACATGCTGCACAAGCCACGCAGTACAAGTGACGCGGGTCAGGAGGTTGCCGGTGTCGTCCAACCAGCCGAGGTCGAAATAACTCTACAAGCACCACAGAGGCACAGGGCCCAGAGGGTGAGGCCTCCGCACAGAACGTGTCGTACTGTGATAACCGCGAAGTGGTCAATCCTTGTGGTTCTCGGATCCGCGACTAACGATAGCGCTGGAACCGCAAGAGAATACTGGGAGTCATCGTGCGCCTGCAATTGGAGATGATCCGGAGCACAATTTAGGGGATATAGGCCGGAGACTTGGTGCCAGTAAGAAACCTTAGCGCCCGTATATAATCTGTGAGAGGCTCGGAAATTTCGTGTAGCGTAATCGGTTGAGAACGACAGGCTTGCTTTTAGTAAACGGGAGCCTACGTATTAAGCTAAACTAAGTTACGCCCACTCGCTGAAGAATGCGGGTAGCATCCTGAGATAGAGCCGCTATGGGGGAGAGCCAACTCCGACATCCCCACGTTTATATCACCGAAATTAGCTCCGTACGAGGAGTGGAGCAGGAAAAGTTTCGGCCTTGGCGTTACGTCGACGGAATGGTGGAAAGTGTCGGCAAGTCTACGGTGGCGAATTCATATGCCCGCATCAAGAAAGAATCCGACAATTCTGATTCGTTTAGGACCACTATGATACTCTGGACTTCTAGATATACTCCTCCATGCATTAACGCATTCAACCGTTGTGTTACAGAGGAATCGCTAATGATTGGTGAGATAGGGGGTCTGAAGAAAGCACCCGAAGGAAAGCGTCGCTTTTGTGGCAAGTAGCGAGTCCAGACAATGGGAAAACGACACAAAGCACAAGTTTATAACCCTTTGACATATAGCTGACAGCGCCCTACTTACACTTGGTGGTGACGACGGTAATAATTTCTATCCACCCCCTCTTAATGTCGTGATTATGATGTATATGCGTAACTTCTTGAACGTTACTCCGCCTATAATAGGCTTATTCTTCACGGAACGGGATCCAGACTAAAGGCAATGGGGGCGAAAGGACTACCCCACGTTTTACTTAACTGACCGGTGTTTCCTACAGCGATAATCTCTCTTCGACGATACACTGGTCCTTATACTTTTTAAAGCCTCTATGTGTCAGCTGACTTATACCATGAACAGTTTTTATTTTTATGGCTGTAATCAGCACCGAATAGCCCACATCATGATACTAGGACAGTTCACATGGGAATCCCCAAG,1822,48.9,Caenorhabditis elegans
SEQ_470889,TCTGTTGGACAATACAAGTAAACTCCAAGAGGGCCACGGCGCCGCGCGGTGTAAAACCCAACTCTTGACGTTTGAGCCTATTTCTAAACGCGACGTTAGTAGTTGACTAACTCTTAAGGGTATTTTAGTGTGACAAGCACTTCCGTTCCTCGCGAAGTTCCTGCATCGTCATAAGAGGACCCGATACCTAGCTGGGAGTTACAGGGTGTGCAAGAGAGTTGGGGAACTCTGGGAAAAGAGAGGTGGGAATGCTCGTCCTACCTTGAGTCGGGGGCGTGAACGGTTCGGCGTTAGAAGGTCGCACGGGTCATATCAGAGGGATATTACACAATAAATAGCCTAGCCCGGTGGCGATCAGATAACCGGTCAACGACCTGCACTCAATCTTGCGGCCGTTGCCGCAAGCTTCCCAGTGCAGCGCCGGCACCCGTGCATGAGCTTCCTTGCCAACATCGATACCATTGGATGCTGCTACGAACATGCGCAAAACTCTGGGTGTACGCGAGGCATCAAGTCGGCTATGTCAATACAATTATCAGAGGGCGTGTGGTTCTGACGAACATCCTCCCGCTATCTAGAATTCTGACCGTACGTGTAATTTGGTTCTCGGTATATGAGCATACGGCAGTTCCCAGAATTCTTTGCTCGTGCTCCTTTCGATTTTTCTTTTATGGGCGTGGGGCCCCCAGCCGTCTTTAGATGAATCTGACTTCACCTGGTACACTGAATGGGAAGCTATCAATATAAAGAGATCTAAGCACCAATAAACACGTTGGAAGTACAGATGTGCTCAACGCTTCTGGGACCCACGAGACAGCATCTAGTCCTTTTCATGCACCATGGGCTGAGCCCTGTAGCGCACCACGACTAGAACACATCGTGTTATGAACATGAGAGGATTCATGGAGGCTTTGTCGTTTAGCGCGAACGCTCCCAGGATCAGTCAACCCCGACCAGATAGCACGCCATTGGTGTGAATCATCCTAACATGAAAATCTTGCTGGCCGACGCTCGCCGATTGGTTGACACACTCGAGATGTATCTTCATGCACTTTGAACGAAACTATGTCCGACCAGATGTTATCCGGGGGCTCACTGGTTGATACGCAATCGATCTGGAGCCCACCCCCCATTTAAACTCTCGTGATAAGCTCGGGTCAGGCACTCATTGTCAACTGAGTGAAGACATTATGGACGAATTACTTTCTAGGTCCATTAGGTCCATCGAGCCAGCCCCTAAGCCTAGGAGGCAATTCTGAGAAGCTCT,1267,50.43,Saccharomyces cerevisiae
SEQ_444771,TCGATTGTATCTCCAACCTTAACAGGAACCACAGCCACGCAGTTTCATACAGAGTTGGGGAGGAGCGTGCCTGCCCTAGACCGTCAGGGCTGATGATAACGTGTAGACGATGTATAGCTAGACCGCCGCAGGCGGTGCATAGCTGTACTTAGGGTTGTTAGAGTCCCCGTCGTGTCATCCCCTG,184,54.35,Saccharomyces cerevisiae
SEQ_277585,TTTTGGGGCTATGCCATGTAATCCCTGTCATAAAAGATATGCAAAAACTATCCGGTGCACAGTGATGATCGACGGCCGAATGCAGGTCAACCATTTTTGATGTTATCGAATGTGGAGGGTAAAGGCAGGGCGGTGGAACTCATCAGATGTACAAGAAGTGTGATAAACGCCTAGGTAGAGGACAGGCGTGCGGCCCCGGGTGTTTCTCATAACTTTGTTATAGGCACGGACCCAACTTGAGTGGTCCAATTGATTCGGTAAAGGCCAACTGTTAGGACGATTTCGGAGTTAGCTACGGTTGTTCCAGGTTAGCTTAGCCAGGTCAGTACCGGGTGC,336,48.81,Mus musculus
SEQ_452215,GTAGGGAGTAAGTTGTAGCTTTCGGTGGATATTCTGTACTGCTAGCGGATCACGTATTCTTCGAAGACCGTACATGGAACCTCAAAGACAGGGATCGCCCCTGAATGCTGACAGCAGATGATCCAATTACGCCATCCGATCAGTGTCCTTGCGGCCAAGGGATTGACGCGATTAAATATGATGACGCAAGTGTAGACCTCAAACCCGGCACTTTTTTAATGCAGGGGCGGCCTTACCTAATGTCCTTAACCAAGCAGTCGCGGTGTAGCTGATGCCTCAAGACCACGATTGAATCTGGCAGGAATTGCGGATAGGGATATCTCCACTATTCTAACCGTAACTCAGAAAACTCGATGCTGCGGATATAAGTTAGAGCAGCTCAAATTAAGGGTCAAGTTCCTAAATGTATCTGACACCGTGGTACTCTTGCTTCG,434,47.7,Saccharomyces cerevisiae
SEQ_349973,GCCACAGGAAGGCGTTTTTGTGTATCACCTCTGACCTCAGTGATTAAGGTACCCGGATTACTGGGATCAACCTGGCGTTTTGCCAGGCGAGCTTTCCGGCAACACGTTGCCGAGGCCCTGCTCCACAGGCTAATTAGAATCGCCCAGTCGCTTCAGGCGGT,161,55.9,Drosophila melanogaster
SEQ_914540,GCAGATTCTAACGGGTCCTGGGGAAACAGGGGCGGTACTAAGTTATCCCAATTCTCCAAACGACTGGAACCTAGATGGAATTTACCTTCGAACGCATCATTTTACCGGCACGTTCAGACGAAAGACGGGTTAGGACTGTTAGGTTGACACGCTGCGGATTTTGACTAGCCTCAAAGTAGACGAATCGAACGCTTGTGCCTCCAGTACAGAGTCTCGTCAGGATACAAGTAGCGCTCCTTGAGGGGCATGAGTTCTCGGAGGGTAGCGAGAGATTTGGCGGACCTAGATTAAGAGTCGAGATTTAGAGATATTCCTAGCGATTCTCCCGGACTTAGGTATGTATAAGCGGTCATCCTCCCTGGTTTCTGACGATAAATTGCAGTGTTGAGAGCCGGTTACGCCAACGCGAGAAGTGCGCGAATCGGATGTCGTCCCTGCAAGGCGCCTTTAAGTGGTCGCAAGCTGCAGTCGTGGGGAGTGAGGTACAATCTTTTAGTATATTGGTATACATTGGGCCCGGATTAGTGTGACACATGCGTACAGGTCAATGCTTCCTCGCAAGTAGGAAAGGCCGTATTAATAGCGGTCCTGCATCCAAAGTAGGCTCGACACGTACATAGCCTATCACTAATCAACCGGATAGAGTCTGATATGACGCACAAAACCAGGCTATGCAGAGGACTAATGTTGTGGGGGTAGGTCTTTCACTTCTCTTCCATACGTCCAATCCCAGGGGCCCAGATAATCAGGACGCTACGTCCTCGCGTCACGCATGGGCGTTTACATTTCGTGTAGGACAGGGTAAAACGGATAGCGGCGTTAACCACAGCACTACTTTGACCCACTAGTTCGAGGGAGTGCAACGCATGCTATTTGATAAAGAGGACGCACTGTACAGGGCTTGCTGAATCCGCCAGCTTCACATTGAGCACCACGACCGCCACCTCTTGCTAAGCCTTGCCACCACTTAGGCATTAGGCGACCCAGAGTTCCGCTATTAGAAAACTTGATAATTCGGGGTGCGCCACCACCAGGAAGTCTGCGAGCCACCTCCGCACAGAGACATGGCGTGAGCCGCACTCTTTATAGCACGAAGTATCGCCCTATCAGTGCTTCGATCGAAATAGTGAACGCTTTTTAACCCGAGAATGGCTCTATAAGCTGCCCGTTAGCAATGCATTAAATGTCTGGGATACTTCTCACGATAGCTAGAAACATATTCGGGAGGCGTCCTAATCAAAGGATAAGCGTAGTTTTCAGAAAAGAGTCGTTGCGCCGGGACTAGCCCTCCATAAGCATAAAAGGCAGAATGTTATGCGCGTAGGCCTAAGTGCGACACATTGAATTTCACACCGCCCGCGAGGGAAGTCTAGTAACTTGTTCAGATGTGCAAATAACACTTTTTCGTTCCGCTAAATTGTGTTGATCCTCTAGGCGTAGTTATCAACATTGGTTCAGGATCTTTCCGATAGCTAATTAGCGTCCAGTGTACATTTCGAGGTCGCGGCCTGCGATAGCCCGTATCTGGTATTCTCGGACGGACAGGGGAAAATATCCC,1558,49.68,Mus musculus
SEQ_970950,GGAGGGTATCGCGACGCGGGTATCCTGAGGGCCTAAATCTCAAATGTAAAGACCTCGATTCGTGCTAAGGGGGGCTAGGCATTTCATCATGCTACTCTGTTCTACACTTTTCCCCCAAGGAGGGCTCCGAATAAATAAGTATTAGCAACAAGGCTACCTGACGAACAGAGTGAAGGTACATGCTGTCATGAGCAACCGTCGGAAAACCTACTACTATTACAAGCTGTAACGTTAAGACGCGCTCATTATGACTCGTGGTTGGTCGCTCGTGATTACACGTAGTCCTTAATCCACGGTATCGTGAATAATGGCCCACAGCCATCGCTTTGATACTTGTCCTCTGAATACGTGGCATATGATGACCAGGTTAGCTCTGATCACGCTTTGATAGCGCGCATTTCCCCAAAAGAATAGCGTCTGAGCTAGCTCACTCTACTCACAGCAGTCTAGCGGCACAAATTCCGCGGCCCATTTACTACGCTGGTTTTTACCTAACCGTGATTGGTGACTCTACTTACAGTGCCGACGTAACCCGATACACTACGCCCAATGGAAACTCGATCAGTTAAACAGTGTACGTTTCGCCAAGGAAGATCGGGATTCCGGTTAGACAAACGAACTGGAGTGTGCCCACGAGAGGGCCTTCAGCTCCTGGTAGTGATACAATCAGCAGGCCTGACACTTTAAAAGTTGCACCTGTATGTTTGTCGACAGAGAAGATCATCGTCACGCGATGTCCACCACGAGGCTATCTCTTCCCGCGGCGAAATATGATTCAATATTAGTAGAATCTTGTTAGTCCTTACCCGGGCGCCACAGATGAGTAACCAGGACATAATTTCCTCTGACCAAGGTCTAAGAACGAAACGATTACTCGCGCATGTCTCACGTTTTCGACTAATGCCAATCGGAGTTGAATGACTGTGATTATCTAAGACTACATCAAACGCGGCTGACCCACGGGCCATTCTGCAGTAAAGGGGTAGGGATGCATTAACGCCACGCT,1006,48.41,Homo sapiens
SEQ_888861,GAGACTACGGGTTCTTGTATTATACGGTTATTTTGATTTATGGTACACCTATGCTTGATGCCTTCAATAGTGGGGTCTCACCCATCCCCGCCCCACCCGAATAAGTGAACCGATCGGAAAAAATTAGAAGTGGGTATAGTTCAGATACAACCTAAAGATATCGGAGAGCTGAGAGTCGCTGCGAAGCCGACGAGCGGAAGTCTGGTCCTAATGAACAGGGGGGCCAGCCCTGTTTGCACTAGAACTGTATGAGTTGGACAAACGGGATGTCTGTACACAACACGCCTCCCTAGTTTCCTGAACATGGCATACACGTTCGGACATCAATCAATGTTGCATTTTGGCTCAGGAGCAGTGGGAGCAGGTAGAGCGGCTGGTATCCAAGAGCGGGTTGGGACCTCTCGTACTCTGTGTCGTCACGCGTACAAACCTACTGCAGCCCTGGATTGGCTTACCGCCAGCCCTTTCGTTAGGTATGAAGCGAGCTAAGACGCGAACCTATAAAGTTCCTACTGAACCAGACCCGTACAAATTTTACTGTCTAGAGATCACAGTACTGGTGATGGACGCACTCAACTGCGTCATTGCGCACTTACGCTAATGCATTGGTACCAATTAAAGTCCATTAAACAGTTGCTGTATAGGCCTCAGCTCGGCCAACCGCATGTTCTTTTATTTCTATGACCAAGGACTGAACTGCATTATTCTGAGTAAAATGGTATTCACTTCAAAGATATCCGTGCGTTAATCAGATCACACGCTCTATCGGGCTTAAATGCGTACTTACAGAACTTGGACGATCTTCGATGTGTGAGTGTAGTTCATAGCACCCGCGAAAAGGAGGATTCCGGGGTCAAACTCTTCACTGATCGGGCATCCTCATGTGAACAC,891,47.92,Arabidopsis thaliana
SEQ_266676,GAGTGGAAACCTAATAGCCGGAAGTTACTCTTCTCAACAGAGTCTCTGTACGTCCATCCAACGCCGAGGATGTGAAATGGAATTCATACTCCCACCAGGTTAGCACACACCACGTGCTCGGCGTCTACAGGGTATTCCTATAGTGAGCTTAGGTGTCTTAGACATACAAACATTAGCTGGAGGCGCGCACGCGGCCTTCCTATAGGACTAATGTACCGTAGGCTTAAAGGGTTATCCTTTGATACCCGACGCTTTATCACGTAATGTGGTGGAGCTGGCCGGAGCTATACCCGAGGTGTACAATGGCGAGCTTTTTTGTAAAATCAGCTTAGAGTATCACGTATATACGAGGCTTGGGAGTTTGCCCAGCTACGTTTGGTGTCTCGGACGTTCCTCCAGCTTCTATGCATCCACGGTCTTTATTTTTCTCAGTAAACGGAGCAGATGTTTTCCCCTGTTTCCGCTCTCTGCGGCGACTTTACTTGGGCCTCATTGCCACCTATAGGGAGCCGGTTAAACCCTACACGGAGTGGCAAGACCCACTAGTAATAGGGCCCCCTGCTCCCGCCAACTAAGATAAAGCTGGATTTACACACCGAGTTCTCTTCGTCGGAGAATGGGAGGAATTCTTATAATTCTACAAATCATGGAGTGCACGTATGTGGTTCACCGAATCGAGGTCCGTCG,687,49.49,Mus musculus
SEQ_510712,AAATTTCATCAGGCGAGAGACTGGCCCCATTACGGCTATGTGTAGCCGGACGTCTCACGGCGGCAGGATGGGCTTGCACACAACAGCCCTTTCCGTTCAGATGATAACTGTTATCCGTTAGAGGTATTAATGCTTGGATTTTTTCCAAAAAACCTATACGCCAGTGAGCTGCGGTGCCCTGGGGTCCCCGCTGACTTAGGGATTAGTGCCCCACAAAACTTAGACATCGCACTTAGGCGACCTCGGACCAACGCGACCCATAGTGGGTATAGGAGTTCGGTCATCGAAAGATCGAAAGGCCGTGCCTGGCTGCATATCCGATCCTAGCCATGAGATCATAAACACCTAGGTCCCATCCAGCTAGGGTTTCTTATACTCGTTATTTGACATTGCCGATGCAGTCAGCCAGACATTAGTCTTAACCTTCGTTAACGTGTACGCATACCGGATACTCAGCGGGAGACGAAGCAGGTCCATGTGACATGGCCAGGGCTACGGAGCGCAGCTAGCTATAGAGCTAACCTGGACCTGTAAGACCGCCTGCTATTGCTTCTATTGTTGGAAAATTACCTTCGACCTATACGGCATTCTCGATTTACTTAATTAATCACGATCAACTATGCGGCAGCGTAGGGACGGCCCTGTATGGGGCTCCAGCTGACTTTTGACGGACAACAGGAAAGGAGACTGCAACGTCAATACGATCCCTGGTGGCTGCGCTTGGTCATCCTTAAGTAAGATGAATTTAACTAAAAAGAACGGACACACTTAGTCACTGAGCTCCACGAGAACGGAGTACTAATAACGGGTTTCTTTCGGAGACTGTTACACCTCGCCAACTAAAGTCGTTCAAGTCGGTCTGTTATGTGAACGTCTATTTATGACAGTGGCGACAGAATCACCCCCTTAGGTTTATGAACTTGCGGCAGGGATGTCCTAAATAATGAACAACAGGCGTGCGGTCGTTGTCTAGGTAGTGGTTCCGACAGCGGGCAAACTCAGAGGCGGCGTACCGGAATGCCGCTCTAATTCACTTGTTTATTATGAATACTAATGTACACTTGGATGTCCCCAGCTGAACGCCAGTACTCACTCTGCTCCCCTAACCGCCCGTGACCTTGAGGGCGAAGAGTGCCCTTCGAATTTGGCCATCTGACCCGAAACGGCTAACGTGCATTAAGACTTCGAGATGCCGTCTTTTTAACACAACGGCCAGATTGTGAGTCCCTACCGACGCACTGACAATAGTAAACGTACCTATCGGGGTGTGATTGATGAGATAGCTCGAGGAAGTATCCGAATAGAAGCCTATGCCTCAGTTGGAAAAAGTGACCGTCCGGCTTGAGCGCGCCAAACCTGGACATCGGGACCAACCTGCTTACAGGATTACGGTAGAGAACGCCCGGGGCAGTTCTTCCTGCGCGATAATATGATATCGACGTAAGGGTAGTACGAACGAACCTGCTATTTTCGTAGACTATGCGGGTCCGTGCACTGTCTTAGGGAACCGCTCGATGCATGTGACCGTAATG,1532,50.2,Caenorhabditis elegans
SEQ_971309,TGGATAAAAATAGACAACAATTCACTAACAGCGAATGAAGGGGTCCCCCCGTTCCCGCAATCCTCGAGCCAAATTGGATAAATGCCTTCCTAAATAACGTTGGTCTATGTGTATTCAGTGTTTAGTGAGTTGATCAGAGTCGGCATGAAAAACTCGTGCGGTACGTGTACTAACCCCGGCACTGTGAGTAACGTCCAATTATGTTTCAGTGCTTATCAGCATCTAGCCCCGGCTGCCACCTAACACCCTATAGCGACAGCCGAGAAACCCTATCCCGGCATGGTAATTGGCCCTGCTACCCTCTCTTAGTTAACTGATCAATTGGCGTCGAGGGCGACTCGTTTATGTAGGCTATCACTATCAAGGGTGCGTATGGAGTTGCCTTGTGGTCCCGAGAATTCTTTATAGAGCGCGAGGTCGCCCAACACCTTATGTGAGATCTATGGTTAACGAAGTATGGCTGCCTTGACGGCGAAATTGGGTCTTATTCGCGTATCCACGCGAAACGTGGGATCCGATCGAGAGAGGCACATTCGTAAGTGGCTACTGAGGTGCGGCAACAAACTGGCCTATGATGGCCTCGCATACTATCGGAACCCGCAGAGAGACAAGCCCGGTTTTATGGGATCTTGGTATTGTCTAATAGTCTCAAAGCCGTCAGATCTTCCGCCTCCATAAAATCGGAGTAATTCACCTTGCGTGGCTAGCGATCCTAATCTTT,721,48.96,Arabidopsis thaliana
SEQ_372165,ATTCTCCGTTCACAATGTCATATATGCGTGCACCTCTGTTCGGCCATTTATTTGTTGCGGCAAAGAGTCGATCGCCCACGCACCAAATGTCTAGAGCAGCCAGAACCCTATCGGGGCCTCGGGAGATGGATCGGGTTTCCGTGTGATCGTTGTCCCGGAAATGATGCATAGACCCCTTACGGCTATTAGTCCACACATAGCGCCGGCAAACATTTGTGGGGGCTGGCATGTCCATTGTGCATACCGGAGACCTGATCTGTTACAGTTATGAGCTGCCAAGTGCTCCGGACCGTTTATGATGTGACGCATTGATCGACGGAAAGCTTTACTCCCGTCTGCGCCTGAGCTTAGTGACACAGTTAGGTAACTAGCACTGCCTTAGTGACGGTGGACGTCCAAGGGGTTACGCTGATGGCTTGAGTATCTGGTCTACTTACCTCAGCCCCACGCTGGTTAGGGCATATAGGGCTCGCCGACTCAAAACGTCACTAGCACTTAGCGCAACCAGCGGACCGCCCGTCATATATCGTCTGCTGAAACGTTTTTCTAACGCTATCCGGACATACTACCGATAGTTCTGCCTCGGGATCACGCCTCAGACCGTCTGGATGCCGAAGGTCTGAACCGTGAATCTCCCTGCCTGTGTAATTTCAGGGTCCATTGAGCGTCGTGATCTCGAGGGCTGTTTAGAATCGCTATGTCGGCCGAGTCTTACTACACAACTCACAGCGATCGACCTCCGAGAGTATCGAATTTTCACAGAAGGTGATTGGGCCACACAGAACAGGTAACTGAGCCGTAATGAACAACCAGCAGGCCCATTACAGACGCTGCACGCATCACAGAGCAGCCGACTAACAGGTAGGCTGTCGTCGGGGCTCTATGCAGCAGAATCGAACCGGTCACACTTTAACTACAGTGACTTGATTAGCCAGTAATAGGCGTATGAAACATTTGGAGGTGCGAGCCAAACGAGCGGGAAATACCTTTGGGAGTTCGTCCCAGGGAGACGTCTCTCCAGGTCACATCGTAACAGATCAAGCGAAGGATAATATTGTAAGTCGCTATCTGCAGGAAACGAAATCAGACCAAGCCGAGGGTTCAACATGCGATGGCCCGCGTGGCCTTAAGCATCCTCTGAGGTCAAATAGATCCATGCCACATGACTGTACTTGGTGATGCGGAAGGTTGTACCACTATTTCAGGCATCAACCGATTGAACCTAGATTGCCGTTGCGGCACGGTTTTTTCTTTAAGGACACCTTGGAGAATGCCCCCACCTGCCTCGACACAGCATCAAGAATCTAGAGCGATATCCCAAACGCGGAGGGTATTGTCAGACCCAGGTAGCACATGAATTGAGAGCAGAAGTCATATTTGCGGAACTAACCGTTGGCGTACCTACATAGTGTTCATCCTGTACCCTCGACTCTGAGCGGGGAGGTCAGGTGTTTTATCTGGTGGCTCTGTTTTGATGGGCAACGCGTATGCCAATTCCGTAATGGCCCACTACGTTGCAGCTGATGTAATTCATACACTCGAGGACCAATTGTTCCAGCGGGGGGAATACCATTATGGTTCAGTGCGTCGAGGTCTGTAGCGAGAAAGTAGGGAACCATATCCCCCTCAGAATAAATGCAACGCCTACGCATGAGACAGCTCAGATGTCAGTGTCTGGATCATCCTCCCGCCATCATGGTTAGACT,1706,51.35,Homo sapiens
SEQ_826368,ATTTTCTTGCTAGAACCCAAAGACTAGCCCACTTGTATGTTCTTCTCCTGGGCATTAAGCCGGCACCTCGCAGAGGTGACATCGGACCCGGTCACGCTGTTAACGTAAAGACGTATTTGCGAATGTCGAGCTGTGACTAAGGAATTAGTAAGTGAACGTTAAGAAAACGTCAACTTTGGTGACAAATTACACGAGGCTTAGCATCCTGTCGTTGGTAGGACGCGTGAAATGTCAACCTACGATTAAAATGGACACGAGATACCAGTAAAATTTTATTATCTAGAAACGGATGGTAAACGGGTGGAAAAGTATTTTTGCAAGTGACAGGCTACCTGTCTGCAAATCCGTATATCGCAAGGATGAAGCACACTTAGAACGATCTTGACTTGATGGGAGGCTCGCTCAGAGATATGTCTCTTGTAGTGTTCCTATCTCCGTTCTTTTGAACAAGACACCTTAGGGGCCCCGATTTCAGATTTCCCTACTCTAGAACCAAGCAGCTCCAACTCTCGCGATGCATGGAGTAACATTTCCATTCCATAATGCATCATGATCAATCGGATTTAAACGCGCTTGGGTACTTACTCAGAAGGTGTTTTGCAAAGACGACTTGTGTCGTTACGGAGTGAAGAACCGGCCCCCTCTTCCGCGGACTTTACAGGCTGTTTGGCTGGTACCGAAGAGTGACGCTCAGAAGCCCACCAGCCTCTAGTCACGGTCTGTACTTGTGAAAGTAAGTGAGATAGATGACCAATTATGTACAGCAGAAGTCGTGTGTCGGACATTCATCCATGATCCAGAAAGGGATTCCCGTCGTGAGGAGCCCAGAGGGGCTATGAACTCCGGCCGTTGACTGTAGTTCACCACGGTATACGCAGTGTGATGGAGGATTGTAA,896,46.88,Arabidopsis thaliana
SEQ_528627,TGGAAGGGTCGATCTGGAGTCGCGTTGATGAAGGTCGCACGACCGAAGTTGTTAGTTTAAAGTTGGATACCCTGATTTCTAATTGCTGGTACGCGAAGATTTTACGCGGAAGACCTAACACCAGCGCCGGAGCAAGATGGCAGCCGCGCCTTGAAAGGTCCATCTCACCCGTCTGAGGTCACCTGGTTAATAATCAGACTGCAGGCAGTCGTCCATGGGAAGTCCTCCGGGGCGTGTTATATAATATCGGATGTGGCGCACCTTTAGTAACCCACTTATCATAACGAGCAGTGGCACATTAAAGCTGTGTCGTTTACTTTAGGTGCAGGACGCTAGAGATGTATACTGACGTGCGGGTAGGGGTGACTCGGGCGTCAGCCTTCAGGAAATATGAGACAATCATGTACCAAGCACGGCAATAGTCAGATAGTCGACTGATTATACTGTTAGCTCAAGACGGATCAAGGTGTTCCGGTGACGTCGTATTATCTCGCCGATGTTCTTTTAGAGTCGGAGGTACTGTTAATGCTGCCAATTTGACAATCCTGGACAGTCGAACACGAGCACGAACCGCAGCTGTAGCCGACGCGTTTGCAGGGGGTTACTGCCCCCATACCACTGTATGGGGGCCAAGCGGGAAAAGAGAAATGGCACTAGGTAGCACGAGATAAAATAAAGTTCCCGAGGCGTCGAATGTGAGCTATTGGTTACATACCCGTACTCTCGATCTTGATCGTCTTTAGTGTGCTCATTGTACCTACTCCAAGAAGTTGCTTGGATGTGCTACAAAGGCTCATAGGCTATAATTCGG,811,49.57,Mus musculus
SEQ_465492,CACCATGTCCGTCTAATGATCCTTTGTAGCGGTTTCTGCGACCTTTCTCAATAGCTGATTTGGTTATGAAAACAGGTTCCGATACGCACTAGGCTTTACTGTCCGCGGAAAACTTCACTTGATAATCGCACGGTACTACAGGCGTGTTCAAACTGTGGGGTTTTGTCGACACGTATTACCAGATTTTTTGGAAGGGTATCCGCGAACATAGCCGAGGCAATGATATTGTTCTCGTTCCGGCAAACGCCCCGCACCGAGGGACGATCACATCTACATCTGCACTAATCTTTGTAGGGCTGGTTGATGTGTATAACACGGCGACAAAGGTCCTTAGTTCTCGCTGTCTAAGGCGTGCCCCACACCAGTGGAAGTCGCAAGTTGCAACTTCTGTCTGGAAGCGGTAGCAGGTGTGCAACCTATGCTCGCATCCCCGCCCCCCCCGTGCGCCCAGGTTGAAAGACGAGACGTAAAACGCATCATGCGCTACGAACCCTAAGAGGATACGTACAATGATACCAGGCTGTGGTCGAAGTGCAACGCGTCATGCAGTGGGACGAACCGTCCAGCAATGCCTTACCATCTGCCACATTCGTCACATCACATTACCATTCCGACTGCGCAGTCACATTAGGAAATCTATTATTGTCGGCTTACATTCCTCGGTGTTGAGTTTGACTACTTAGTCGTTTAGTAGCCCAGACCATGGTATCCGGCGCATGAGTTCTTAATTCTTGGCGTCAGTGGCTTTATCCGGTATACTGTCTGAGCACTTGGGGGCCTATGATCGGGTTTCCCACGAGTGACCGTCAACAAATCGATGTGCCCGGGCCCCTAGTTTAGAATATCCGTAACTCAACACCCTGACACTGGATCGCGCGAACAATGCCTGAAGCATAGCCTCCTCTCCTCATGCCAAATAAATCCCGGGTATGTAATGGGCTTCGCCAAGAAACGGAGACCGTGAATCCACACTATTGCGGGACACCGCGTCAACGTATGCCAGAGGGACAATGCTCCGATGACTTGTTTGGCCCGTTATAGCTTCTCTGCGCACCAGCCAGGCCCCCTACATTGGAAAAAACACTAGGAGCTGATGGACAATATCCCTTAACCGGTAGCATTCGACCCTAAACACTCTGACAAACATTAGGATCCTTTCCGGGGGTTGGAAACGT,1175,50.81,Mus musculus
SEQ_970156,AGCTCGTGAGGAACTTACAATCTCGAGGCCAACGCAGTTTACCAGGCTAGTTGTATTTTCCCTTCTCACGTGATACCTACTGATGCTAGTGGCCCTAACTGTTGTATCCTTCTGAGAAAGCGTCCTGCAAGCGCACGCATATATCTTGTAGATGACCATCTTTGGTCATGGTGCTGCGACTTAACTGTACTACTCCGCCAGTGCGTGGGCTTTCTGCCCATCGAAGAGTGGAGAACTGCGCCGTTAGGGACTAATACGTGTGCGGTGATGTCCTTGGATCGTGTTACTACATAAGAAGCGTGAAGGGTATGTGGGGAAGTTGGATGCAAGGTGCGGCGCGCCCTCTAGCGAGTGATGATAGTCTTGTACAATATGTAACACTCATCCAAGACCGACGTTGCGCTCGACTAGTGTCGCTTAAGAGCAGCTAGCTCAATCGCCCCGAGACAATTAGGGATACACTGTATCTATGCCTTTCACCAAACGCAGTAGAGCGGCTAGAAAAGATGGTTAATGGTACATCGGACGCGCCCCCGGCAAAAGTTCCCCAACGTCTGTCCTATCCGATACACGACGGGCAAAAGATACGCATGGGCACTTGGGCGTACGTTGGTGTCAGAGTTGCTTAGGAGGTGTCTCAAACGCGTCCAAGGCGCATACACATATGCCAATGCTAACCCATCAACACGATGGATGCCATTACGCATTGGGATGCATCGTAAAAAGTGCGTTAGAATACACTAAGGCTCGTTGCGTAAAGACGTTAGCAACGGTAAGTAATTATTTCGAAGGGGTATGTTCGTCCATTGGCGAGGCCCGGTCAGCCGGAGAAATGTGACTCCGCTTGCCGCCGGAGAGAGCATTCGCCCCACCCAATTCTACTAGTCATGATGGGTGACTGGTCAAGTCCGCGCTCGGTTTAGGGCAGCGCCTAAGTCCAATAACTTTTCTATAAGTATCCTTATTAGGGCGCTGTCAAAATCTGGTGCTGGCTCAAGCGACGTAACCTAATGGTATTCTTAATGTGTGCTTTAACAAGCCCGTATTAGTCTCGTCAAATAGGGGAAGTCAACATTCGCTAGATACCGCTCTCCCGCGGTATAAGACTAACCTGTGACGGACCTATGATACAACGCTGCCAATCACTTCTGCGAGGGACCTTATTGGACTAGTTGTAGCCCGATAGGGCATGCATCGATCACCTAGTTCATCGTAAGTAGGAGTCGTTACCCCAACAAAGAGCTCGTACTAAACCCTAAGCATAAGTCTGCCAGTCATGAACGGGTGTGAGGTAAGTGCTAAAGACCAACTCGTTTCTTCAACTGTTTCCGGCTTTCTTACCGATCTCCAAGGGGCCCGACCGCAGCATGCATGTGAAGCGCATTCGCCAGGTAAAACATATTTAGAAGTAAGACCCTAGAACGAAGTATGTACACGGCATATCAGACCGGGTTCCGGGATCACTACGCGATAGTAATCGCCCTTGTGGCACGGACTTGACAGGGGATTCATTTGAACTGTACTTCCACTCGGAAGAAGCCTCGGACACCGTAAGACCCCCGACCGTGCCCTTCGTACCAGTTGTTGCTGTTATTCAATCATCGGTAGATCCTACAGGCTGGTTATACAGGCCTTTTGATCCGGTGGATCGGTTGCCACCGCAGCAGATAATTGGCTGTTAAATGACAGGCCGTTAAGGAACGATCCTCTACTCCGCACTGTATATGAGCCTGATCATGATCTTGCACTCCTCTCTCCAACGAGGCGGTCCGGACAGTCACACCGGCATCATCATTCGTGCCTGGCGTAGGGTACTATGGGTCGGCCCCATGGCTGTCGCGAAACTCAAGGAGCCCTCGGGCGAGAACAGACCTTCCCGGAAACTAGCTGTTTCTACCTCGAAGCGTACAGCTAAAGCCATCGCCG,1926,50.83,Mus musculus
SEQ_548955,GGTGAACTTTAAAGGTATTCATCGTCTGTTAATTGTCCTCTAGGGCATGAGCCTCTTACTCAATATATGGGTTCGGGTTCGGGGGGGCTGACTGGAAGCCGGTCTAGCGCTATTCGGGGCCAAGAGCTTCGAACAGACTGGGTGAACAAACAATACTCATGTCGTTATTGGTAGGCGATGGCAAAGTATGGATTGATGTCTCCTACCGGCACGTATAGCTTAGAGGATAATAAGTGGGCTCCTAACGGTGAGATTGATTGCTAGGCATCTGCCCTTGGCGTTTTCCGAAATCACTGTCCGTTCGCACCGTCGTCCTTTACCAGCTCTTCGTGCTCAACTGGGTCTACGGAAGTGCACCTGGGGATCCATCCAAATTCGCGGAGTAGCCATCTGTTTCCTAGCTAGACTGGCACCGTATTAACTACGCGACCCGAAAGCGGTCGTCGCAAACAGATATGCTACGTACCTAGATAGTCCTCGAGCGGGGTACGTCAATTGAATTAGGTGTTCAGGCCAACTGCTTCGCCCCAAAGCAATTTGTGAGGACTAGCTGGATTTACTGGCGACACTATACTCCGACTACCTCCTCTAGGGTCCATAACAAAACTCTAAGCCTTGTCTTTGTCTACTAAATTCGGTGACCAGTAAGGTACTCACAAGCTCCGCGGATCACTCGCCGCAGGTAAGCACGATCGAATCGGATCCTTTCAACGACCGAGTCCGTTCGCGTTGTGCCGTTACAGAATCGCATCTTTGGACTGCGAGTCCTTCATAAAACTATGAAACAAGGACTGCATTCTCTTGGCGTAATCCCAAGAATTAGAACATAACAGCCCGGTTTCCGCGTGATTTAACAGTCTTTAAGTGGAGGCTATGCACGTCTCTGAGACCTTTCCACCCAGAAGTAAAACCCATCTAAGGGTCGAAACCTTCTCAATTTTCGCATTCCACGACCCAGGTTAACCGGTCGGGGGGTTAAGTTACGTGGTACATACATACGGCGACGTACTAAGGCCCGGGGTGAGACACTAAGCGCAGGAAAACTATTAAAGTCTGCGAATGAAACTATTTTTACGGGGGAGATTCGAGTAGAACAACCGGTATATTGACGAACGATAAAGTTGATTGCTTCTGATGATTCCGCCCAGTCTGTATGTGCCGGCCTAACTATCGACCCACTTAATTACCTTAAATGTCAGGGTGTTTTGCACGCCTACCGAGATATCTTCATTTTCTCTTTAGAATCTATATCGGGCCCAGTGTTATGTATGGGCCGACGCGCCTCGCCAGTGCAATCGAAATTGACCATTCGTTCCACAGCCGGCTCCTCCACGTAGCGGATACTCGGTGAGGTCCACTAGAACATCTATGGCGAAATGATGATTGAGACCTCTCCAAACGTCCTATGCCCCCTTCCGATTACGTTTGGTCCAAGGGACCGAAAGCCGGCCACGGCAGTGATGTGTTACTTTGGGCTCAACGGAAATAGTAAGAGGTTGCTAAGGATGTTCCGAAGAAAACGGTCATACAGGGCACGATTTTCGGTTAATCTTTAAAAACAGGCTGGTCCTTGACGGCTTCGTCCGGGACAGCCCAAAATACCGTCTAGTAGAGTTTTCGCGTCCTTAGCCCGGCCATCTATGCTCCCGAAAGTGTGGTAGAGTGTACCCCTCTTAAGTCATGAGAGTTTCCGGGTACCATCCCACTCACATTATCGAATATGTAGACAGGAGTTACGTGGCGTAAGTTCTCTTGTATCCGTCGCACGGCGATATCGTTTCTAGGTCATAACTCTGTGAAGCCCGATTTTCACGGTCATACGGTTGTCGGATTAACGCGACGGGACCGC,1849,49.32,Homo sapiens
SEQ_548036,CTATTCTTTTCTGTGATCTAGAGGATTCGCCTATTTTTGTGTTAACTGTTGTTCTAGTTATACACATTCATGTTACACTGCGATAGGTCCAGCCCCTCCCTATCTCTCCCATACGGAGACTCCCCCCTCCAATGGGATGTGGAGTATTCACGCTCGTGGGATTACCCAAACGGGTTTCTTACAATATGCATAGTTCCGCCTCAACTAACCGGGTTATCGTCGACCTACACGCTCATGTGTTTATACTCCTCTATCTGTTAAAGGTACTTACTGCCGTAGTGCGATACGTATCCATAAGTTGTTGTGCCGACCTAGCAAAGTCTGACCGTAACTCAGCAGGATTGGCCTTACTGTTTAAGTGGGTCAGAACACGCTTCTTAGTCGTGTTGAGCACCTAAAAATCCTGTTGCTTCTGGGCATGGTGCTGGCCCGCAGGCTCCAATGGGGCGTATATCTAACCGGGGTAAGTAGACCCAACCTTAAGTACGTCCGTTGTAGTATGTGCTCGCAACATGCCGTCCTATACGATAGAAGAAAAGCTTAGTGTGGCGATACTCCGTTTCTTCCTAGATGGGCACTTGTACGCGGTGTATCGAACACAGCCGTCTACCACTTAGGCTATCTACTGCTCAAAGCGTTACAGGCTTATGATTGTCGTTAACGAGCCATC,670,47.61,Drosophila melanogaster
SEQ_873484,GACTAAAGCTGCGCGTTCAGAGGTGCCTACATTGTGCTTTGGAGATAACTATCTAGTTTTCGTAGAATGAACTCGTGTCTCCGTTGCATTCGATATCGCACACAGCTAAAGCACGCATCGCAAGATCACACCACGATAGCACGTGTTCTGCGCTGGGGATGGCCAAACACGTTCCGGCGTGGCAGATGTACCGCACGGAAACTCTTCGGTGTACCAAATGTGACTTCCTCTCGAGCTCACAGAATTTCCTTGCAGTAAGTGTGGCAGTTTGCGTATCGCGTTACTTTTAGGCAGAAAATCGCTCTATAAACTAGACTCATGGCCGGGTAGAGGTGCAACGTAACCACCTAATATCACCTCGTGACGCCTAAATGTCTCTCCACGTTACTCGCTAAAAGATGCTCGCCTTCCTAACCACCAGGAGCCGTACAGCACTTACCATGATTCGTCTGTGTGTCTAGCCCTGGATCTAGTTTAATTACACGAGTGGCGCAGAACCAAGGAGCGTCACTATCGGCTAAATACAGAAGCGGGGGTAACACCCAGAATCTTCCTCTCCCTCGGAACTTTGTTTCATTTGGATCATACAGCGCTATAGAGCACAGTGCCCGATTACTGATTGCTACTACCCCGAACCCAGCATATGAGGTACTCATCTATTAATACCATAGCAGGAAGCAAAGTCAAGTGACGTGCGCGGCAGGCCCCGGCCTAGGAAGACGATTGGAGGGAGACTTCCGGTCCGGATCTCTTTCACGCGGGATGTTACGTTTACGACAGGCTATAAGTCAGCACGACCCCTTTTATGAACAGGTTAGGTGAGATCATCGCGGGCCTAAGCCCCGACGCACTCTCCTTGTGAGTAGTGGCGAGAGTGTTGCTGGTCATACCGCTCTGTTTTAGGGCGCTTATGGTCAGGCTGTTTAATCCGCCTATAGAGTTAATCCCTAACGGGCTGCACGAACGCGGCAGGTAAGCGACAATAGGGGGGGACCCTCCTTTGTAAGTGATGGTGATTTGAATTGCTCGCGGCATTGAACTTATGCAACAACATCTTCCTTGCGCTTAAGATCAGCTCCGAAGCCCCGTAACAATCGGAGTCTGCCGATCAGCGCGATCACGAGCGTTAGTGGCGGTTCGCAGATTTTACGGCGTTTATCAGTTAGATTACCCGGTTCTCCAGATTTTTCCCCAAAAAGTAGGTAGTCATTCGACAAGTACAAGGGTTTATGATAGAGACTGACTTGCTCGCAGTACTTGTGGACATTCTTAGGTAGGTACCTCCAGCGATTGTTGCAGTACCAGTCTTATCTGTCCTGCTGTAAGACGATGATGTTGTGGACACCA,1347,49.96,Saccharomyces cerevisiae
SEQ_493969,ATGGGCACGGGGCTTTCGTACGATGAAATTTCTCACACAAAGGACTAAAGCGACAACTTAGAAGCCCAGATGCGGCAAAGAGAGCGCCCTTTCTGGCTGAATCGCCGGGGTCCGTTTCTGATACCGCTGGTGTTCCTCGATAAGCCGCTTCCAGATGTATGCAAAATCGTTCGTGGCGTTAGAGGTCTCGGGCACCAGAGTGAATTGGAGGCATGAAAGCCCAATCGGGAGGTTCGGGGCAGCACATGAGGGATGTGGCTGTGCCCCCTCTAGGTCAGGGTCTATTACACAATCCGCTGCACTTCCGCTACTTGTTAGGAAGCATTGATAGGAACACACCAAGTTTAGGTACTATGTAGGATGGTACGCATGCAGTCCGTATTAAGTAAGAATTGGATCGCACAGGGGTCGAGAGATCCACGTCGCTGAGCCCTGTTCTTAATGCTTAAGGTCCCTGCATAATGATGAGTGGGCTCTAAAAGACATATCCCTGTCACCGGCTCTCCCTGGTCATGCCTGAAGTCGGGCGTACCGTTGAGGGAGACATGCATCCCCTACGGGTTACTAACTACTACGGGAC,580,52.41,Arabidopsis thaliana
SEQ_405486,TTTAATGCGATAGCCTCCAATACCCATTTGATTCACCTGCCACCATGGTGCATTTCCGGCCGGGGGCAAACATCAACATTCAGAGTTGAAGTTCGCGCGGGGGAGGTGGAGCACTTTCCGTTGACCTGTCTCATGCCCATATTAAGCTTAACCGGAGGTAGTGATTGCCCAAGCGTCAGATCTAGAAAGAAAACCCGGATTGTATCCTTTTGCCCTAGATTGAACCTCATCTGTTAACGGCAAACGGGTGCTAGTTGAGCCATCGTCCCGGGTTTGTCCTTTAAAAGTTTGAAGACTTTTGTACGCGTGATGATCAGCACACAGCCAAGCGAAGCCCGACAAGTCATACTAGACATGGAACCTCCTCAGGCCAACCCCCGAGTGCCTCAATTAGGCCCAGATAATGAAAGCAAGATCCTCCGCGACGGTTTAGATAGTCCAAGAACTACTTCGCGTACACCTGTATGCGAAATCCAACACCTCGGAAATTGTGAGACATAACCAGGGAGAATCCTACCGCGATGGGAAGCGCTCCTCTCGGGTAACCCTCACACAGTATCGGTGTCGGCCTGGGACTCTCACATTATGGCCTCTCTTGTCAGCAATACAGCATATCGGGGTTTGGATTGTATCCGCTCCCTTTGGGATCGCGTAGATGCCGAGCAGATACCACGAGCATTCCCCCGACGAAGTAAAGATGGGTCAGTGACATGCGGTTATCAAAGACTGGCCGCCACATTATCACATCTAGTAGAAGCAACATTGATTCGTGAGAGATAGGATTTAACCGAACCACATGCACGACCCGTCCGCTATGCAGATCCATAATGCAAGTGGCTCGAGTGCCGGTTAATCCACTCGAAAATAGTCTTCGTTAATTCGACCTCCGGGAGGCTATATTCGATAGACATGTTTTCCACCCACAGAGTGAGTTGTACCGTGCACGTGTATACCCTATTGAGTTCTACACCCCTCAAAGCCCGCAAACTACGGAATCACCTGTACTTTCTCAGTTCGTATTCTGGAATGCGATGTACACCTTTTCTTCGTTGGTTAA,1057,49.39,Drosophila melanogaster
SEQ_694664,AACTGGATTTCCTCTTGGCGAAGAACTACCTCTAGACATTCTACTTGGCGACGGCAAACGTCTCACAGACATTATGAATAAATAATGACTAGAGTTTCGGGAGCCCAAGAAGCTATTAGGAGCGCCTGTATCGCGAGTCAGGACTATGTGGCATGCCACTTAGCGAGAATATAATTGTATTTTAGCATGATACCATAAGTACTTACCAGTAACAGACACGTAGTTTCGAGGGTTTAAGTCTGGACATTCCGCGAATGTAGAAACGAAGCAGCCTGTGCGGATGTTGTCGCAAGGGGGCGCCCGAATTATGATCTGGATCCAGTGTTGAAGCCGAATCGGAGGCCAAGAGGGACAGCTGACGCCACGTTTATAGAGGCTACCCTTAGCCAGCTGACTGCGTTTAGTCATCTAGGCCTTTCGCGATCTAACCATCCCGAGCGTTATTTAGTCAATAACAAAATCACTTCATTAGAATGAAGATTTTGATGCGTTCTACAAACACTGTACGGTAACGGT,516,45.93,Caenorhabditis elegans
SEQ_936382,AGTCACGATGCTTCAGCGTTTTTCGACTGTGGGACAACCGGCTAGGGCTTCAAAGATCTCAAGATTGATTTAAACCGAGGTTGAGTATGAATTGCCGTTCTTATTTGCGAAAGCCTGTCGAGTCTCTACTTTCTAGGCAGAACGGGGGCAGAGAGTATGTCGAACGGCCGAATTCAACCAGGCACCTTTCCGCATCCAACTTAACAGAAGATCAATAGCGGCCCTGATTAAAGCGACATTATCGGCTTTTAAAATTGGTTGGGGCCGATCGCCAGCAAAAATCTCCCGTAGTGCACGATCATACGAAACTTAAAGGGTGACGGTTCATCCGACCATGATTCGCTCCA,347,47.84,Homo sapiens
SEQ_444415,TTGACCTTGACCTCTGTGCACGTAGTCTTTAGTACTGTTGATTAGGTGGCTGGCGTCCGTGCCAGCAATCGTTGTGGTGTTGGAGGCAGGTCTCACGCACATTAGTCGGCCTGCTTACGTACAATGTACAATCCGGACTGTAAGCAGAGAGGGTTTTAGGGGCAGTTTTGGCTTGGTAAAGGTACCCCTGTCACTAGTATAACTATCCGTTAAGCGCGAAGGGTCACCCCCTGTGTGGTAGTCTCACATTGTTCTGTGACATACCGTGATGCGTGAGCAGAGAAGTTTCTCGAATAAATCCGTGATACGGAATACTTCATAACCCCGCAGAGTCATTCGCTGGCATCAATCTCAACGTAAGCACGCGTTTTGGGGGATAATCTACGCACTTCTCTACCCTACTAACCGTGCATGTTACAAAAAGGAATTGGCAAAGGGTCACTCCGCGACCTCGTGATAGACTGAGCGCCACAGCGGTATTAATGTACATGACTGGTAGGCCTAGCCGTTCCTCCAGGTAGGTGGGGCGTCAGTCTACTAGAAGTGAGGAGGTGGGTTCTGAGGGGGCCCACTTAAATCCGCTTAGTAAACCTTTTCCCGATGTTTCTTCTCGACTGCGGGATTTGCGGGATACTGAGCCGACAAGCAGCCAAAAGGCAAGGCACAGTACCACCTGGTGGCCCGAGCCGGGATTAGATAGGGCACGCTTTCCACACAAAAGCGCTAGTTACGCTCCAAACTAGTGTTTTTGCTGGACTGCAATCATGTCGCACATTAGTGCTAGGGTGATGGGAATCTCGGGTCATAAGGACCGTACCAACCGACAGGTTAAAGATTATACACTACGTAAGTCTCTTCGACATGTCAGTGGACTAATACCATTGCAGGGGGCCGCCAGAGTCGTCTACCCGCCTGTTTTGTTTAGCACCTTCATGAGCCTCTGACAGCCGATCGCCGGAGGAAGCCAAACGCCACCGTTCTGCGTATGATCATTAGATATATCTCCGAACTGTGTCAGCGTTAGCAAAAGAGGGTGATAAATTAGTGCCACAGGGTGATTGTCCAATCGACATGACCGGGTCAGGGATCCATCAGTACCCTCCGTAGCGCCGTGATACGAAGTAGTGGCGCATAATAGACCGTGAAGAAGAATTACTGCGACTAGGGTCTGATGGCGATTACCTCATAAGAATGCTCAGGACGTCTCTGAACGGAGACGTTTGCGATTTTAGGCGAATGTTCTTTGACACCGGTGTATGTCATGGGACTAGGTAACTACGATTACCTGGTCCGAGCGCAACCGAGGTGCAAGTCGGAGGCCTTGCGTCAAGTATAATTGGCCACGTT,1347,50.71,Arabidopsis thaliana
SEQ_601905,GAGCTAGCGGTTATATTAAAAAGCTTCGAAATTGAGCCCATGACCTACTGCTGGGGTAGAGCAAACAACCTATCAGGGAGCGAATGTATGTTGGGCAAGACTCTCTCTTCGTTCGCCTTTATATGGTCCATGGAACCGGTCCAAGACACACTACGGCCAAAGCGTGATAAAAATATCAGCCAGTGGACGGCTTACAAACCGGCTCCAGCTTAACCGTCTGCTTACGGGAGCCGTGGGTCGAGTGCCTTAGATATTCAGGGGATAGATGCCTTCACTCTCTCAGATCTATCATTGGAGACCTAAAATCTTGTTCATGCCCGCGTTGGACAACGCTGGTCTATTAGTGCCACCGTAGTGAGGCCTCCCTTTGTAGTAGAAGCGTAACTCGACCACAGAGATCCGAGCGTCGTTTCCGAACTTCGATCGTCTCTATTCTAGCGGTGTAGCAAAAAAACCTGAAGATAAACTGTAAAACCAAAGCCTGCCATAGCCACGTTACAGGCAGCCAATGTAGCTGATGACATTGTATAATCACGAGTGAGTGAACTAACAACAAGTCGCGCGACGCGCCTTGTGCAGAGTGTATAGCGCTTATAGACTTCGTTTAGACCAGAGACTGAATATCACTTGTTTAGGAGACGGATGGAATAGTGGCCGCGCAGACTGGTAAGAGGCCCACCCGCCAGATACCGGACATGCTGTCTATCCAGGCTGCGGCCTACAAGAGGGTAGTCAGGTTCATCTGTCATCCCGTCATTCTCGGACCAGCAAGTACACGCGGCAATATGCTACGATCGGTCAGTTATATAACTTCGCGCAGTCGTTTCACCGATCGCAGCATTGCGACCCAGTGAGTAAAGAAGACTCCCACCAGCCCTACGAGACAGCATTCTATGTATGCTCATACATTCTTTCTGCTCATTCTGCGTCTAGACAAGCTGGAGGTCAATAGCATGAGTGACGCTTAGTGCTATCGGGTTCATATGAGCATTCTCAGCTAATCAGGTTACCAACAAGATGGCTGGCGAGTTTACGGAACCTTCGTGTGCTAGTAAAGGAAACTTGAGAAGCCCCGTCCGTGATTCATCTCTGAAAGCTGCTGGTAGTTCGTGTAGTGGCTGTGCTGGTACGTTTACTGCATGTTAAGTCCTACCCTTATTACGAGGACGCAACATATGTCTATAAGCTGGACCACCGGGCACGTCAGGTGCCTTACCTCGCCAACGCGACCTCAGCATGCTATATTGGCGATATGGTTGGCCCACAGAGGCTAGCCACTCCATAAGTGCCGTACAATTAAGGCGACCGCTGCTCTTGTCAAACCTTATAACGAACTGATTAGTTCTGTGTAAATAGGTCAGCATACAGTACGCGTGGAAAGCCTGGTCTATACGCTTTCAGACCCTGCCGTGGACTTTGCCGTGGAGTATGTCTGGAATGACAGATACCTACCGTCAGGCTGTTTTGGTGCGATGGTACTGCACGCGACTGACTCTTGTTCTTACCTAGTGGTCGTTCCTAAGAACAGCTCCATACGGTGACATGTACTAACGATTCGTGCGTCCAACACGCCACGTGGGACGATTCCTTGCTTCGTTGCGGAATAGTGCTGTTTGAATCATGGACCTACACGCGAGCCTCAGGTCCTGTTAGCACATTGCGTAAATGTCATTACATATGTGCGGCCTTTCGCCGTGACAAAGTCAGGCACAGCGTTTGCTGACGAGCGTAGATTCACTCTTAGGGATCGGCGACACCAACGTCGGGGGTTATCGACTTAAAATGCCTTTGGACAGGGCCATCAAATC,1808,49.83,Caenorhabditis elegans
SEQ_193614,TGCTTGGAGTATAACCCCATCAAGCCTGGTCAATCTTGCCTTCTATGATAAGCATGAGTGTCACCATCCCTCCATACTACTACCCTGAGGGACGAGTTTAGTACAACTTCACATATAAATGGAGATAGCTACGACAAGTCACGAGAGGTTAGATCTTCGAATCAGCAACAGTCATCGTGACAATGGACAGGCAGACGACCAAGGCTACGCGGCCATCACGTGAAGCCACCACAGACGCTTTTTCACGGAATAGAGGTGTTGTACATATTACTGGTCATGTCCGGTATCAGGCCCCTCGCGGTCCCTTTTAGTGCGAACGATTACGAGCATACGTTTCCCATCTGCTATAGAAAAACCAGGACGACCGTAAAGAACGGACCGGTACATGTACGGGTTTCTTGTACAACCTGTCATAATTGTGTACTATGATATGTTCATTAGTTCGGTGTTAGTAATACAGCCGCCCCTACAAAGATAGTTAGATATCTAGGGGATCCGACCAAGGTGAACTTGTTGGGTATTGATTAAATCGTTAGCACAACATTGATTGAAAGCCGCCGGGGACACAGGCGGCGGCTATGGACTGTACCTTTCACTCTCTTATACGACCATATACTAAAATACTAGTTGTTCCACGGTGTGAATGGGTTGCCCCTGTTGGCGGACCGCAACAGGCTAAGGAGGCTATCTAGAATCTCGCACCATATCTATACAGTCCGCAGTTGAAGTCGTTACTTCCCACACAATTTGACCCCACTCTGCAACGTTCAATCATGTGGTTCTTCCCTACGAGAATTCGGGATATTGGGACGTAAAAAACATTGATTTTAATGCCATCGCTTAGTTGAGAGTGCGGTAAGACAGGGGGAGGGAACTCCCACCGGGCTCCGATGCTGAGTAACAGTAAATGAGCACAGGCCAAAGGTGGCGATTGGACCGTGTTACTTAGGGATTGTAAAAACCAGGCTAGCTATGTAAGGGGGTATTAATAGCCATAGATAAAGGCAAGTCTTGAAGGCATGACCAATGCTCACCCTCGAACGAATAGAAGACGGCACCTTGTCGGTCGTGGGCTTTAAGAAATCAAATATGAAAGCGTGTCGGAGTCGGCTCTCCCCACGAGCTTCCCAGAGTACTCCTTCAGTTAGATTAGTCACCTAAACCGCATGGAACGTAGAAACCACTGTCCCCCGTCCCTGACGTAGCATTCCCAACCACCTCTGCAATACTACCTAGGCTGATTCATCGCTATATTGAAACGAGATTTCAACTATACTTCACGACTCAGAAAGCCGGTGCGCTCAGCCTCCTCGTTTAAGTTACTATCGACGATTCTTTCTCCTTAGGTCGATTAGGCGAAGAATGCCCACCCCGAGTGGCTCTTTAACCCTTATGTACAATTTGAGGAGTGGTAAGAGGGACCACGGGTGCAAGTGATGCCTACATTTGTTGTTGTGTCCCTAATAGTAAAAACCGGCTTAGTGCAAAATAGCTAAGCTCTCAGGGAGAACAGTCGCGATAACGCCGACTTTCTACTGAAAATTAGAGTATTATAGTGTGCCTGAGAGCCGATCGATCACTTTATCCCGTCTCGGACGGGGTAGCGTGTGCAATCGTCCTCGTCTACCTATGCCGCCCAATATCGATAAGCCTCAGCGGACTCACATTGAATCCGTGTAAAGATCAAATGCTGTCGCTACGCGTCTCCACTGTTCAGTTGTGCTGGATTATCATGCC,1737,47.61,Mus musculus
SEQ_480167,GACACCGATAGAGCAAGGAAACCACTTGCACAGTCTATCCTGGAGGTGCCTATGCGCGGAACAAGAACCTCTTTAGGCCAAGAGATACGCTCCGGTAGTGTATAAACCCTGTAG,114,50.88,Arabidopsis thaliana
SEQ_696811,AGAAATTTACGTCACTGGCCACAACTGACAACTTCCCAGCAGAGTGATTGGCTTTGAGTCTAGGGATCAGCAGGGGATCGATATGTACAATGACGTCAGACCCCAACTGGATCCCCAGAAGGCACCATTGACTATCGCCATAAATGTGTTCGATAGCTCAAGAGCGTGGCGAAGGAGCAAGTGGGGAATATATGCCGGGGTACGGTTGTACCAGCGAACGTTATCATCTTGTATTATTGTGATCGCAAGGCCTCACTGTGACCGATGGTGGAGGATATGTCGGTAAACAAACTAACCATAGCATCGGGTCACTGTTTAGACAAGATATGCTGTGGAAGGCCTCAACAGGTTGCTGGAGAATTAAGGGCATCAGAAGCTCTGCTTAAACGGCTCGATAGCGCCCGATCTCAGTCGCATGCCCGACACAACGTCAACGGGCTTTATCCAAGTGTCTTTACTACTCTATAGAAATGAAGACGACAATGGGGTAGCTCCGTAGATTCTAGGCGTTCCGCGGCACCAGTATACAGCGCCTATTTCAGACCCCCGGAACGTTCGGACGCCGATACTGAACTATCCATTCTGGCCAGAATGCCCAAAAGCGCAAGGTCACAAATTGGACTTTTCACGTATGGCATTCCCATGCTCGGCACGAATGGATTAGGACTGGGGCCTATCTATTCCCATAGTGAATCGCATAAATCATGTCACGTCCTACTCTCTGGAATTGGAAACAACGCGACTCTCTTAGAGTCCTAACTAATTGCTCGGTGGGCCCTACACAAGCAGATGCGGTCAGGCATCGGCTACCCAGATGCGGGAAATAACGAGTGGACGTCGAAGCCGGGGGGATTGGACCTATGGTACGCTTCCTGTTCGTGGGGTGAAGCGCCCTTTCATCCCGCTCTTCTGGGACCAAATCTTTGCGGCAACTACTAAAAGGGGTCCTGGCTCGCTTATGCACGGAGTGTCTTAGAGTGTACATGGAATTCGCCCGGAGGAGTTCCTCTGTATGGCCCGAGTGCCAACAAGCTACCACGCATACCATAGGTACGGGCGAGTCATCTGACAGGCACGAGAGAAGCGCGCGCATCACACCGGGCCGCACGGGCTTTCCTAGGGGGTAATCCTAAATAGAATTCACTCCAACGACTGCCTCAAATAGCTCTTGCCTGCTTCAGTATTTAATGAATTTTCGTAAGCGTGATTGAAGCAAAAAATAACGACTGCGGCCAAGACTGTCCGGGTAAACTTATGATAATGTTACCCGTAAGTGGAGCGCGCCGTCCAAAGAGTATTCAATGCGATTTCCGTGGAAGGGTCTAACTAACGATACAATAACAATCATTATCGATTGAGAACAATGAGTAGC,1372,50.07,Caenorhabditis elegans
SEQ_716377,TCAATGAGACCTAAGTGACTAGTAATTTACATTTTCAAGCGTACATTGGGGTTTTCTGCGGGGAGGACAGGAGATCGGGCGGGATGCTAGTCGCATTAAAGCCACGTCACGGCCGGCCGATGTGCTCCATAGCAGGCGCGTCTCAAGTCAATCCTAGTGCTCTAACAATTACCAAATCAGCTAAATGCCAACTCGATAATCAACGCATGGTACCCGGCGATAAAACTAGGAACCCAGTTAGAGGTGTTGCGGTGGTCGTGATAATCGTGACGCAGTATTGCCAAACGTAACTTAATGGAGATGATTGTTTCTGCGTGCATATATGGCAAACTCGTTGGATTGGGATGGTTGGATGAAAACGTGTCGTCGAGCACATCATCGCACTGGTCGCTGATAAATTCGGAGGACACAGTTTGAGATAACATACCCCTACGGCATACTTCCTTACATAGGGTCTTACCAGACGTCCGCCTGACCCAAAGCAATCCCCGCGTCACTCATACCCTGAGAATTCGAACCCACCTCCATATTTGCC,535,48.79,Escherichia coli
SEQ_946689,GAGAGTGGGTTGTTTGGATATTATCCGTTGCCAGAAGTCCGAACCACAGACAGGTCGATACCTCAGGTAACTTTTCTTATATTCGCGATTTACGTCGGGCTATTCCAAAGACATGGTGTCAGGCCCGAGACCCTTCCAGATCTCGCTTATATCTGGTGAAATAAGTCACTAGTCATAGATTGAGGGGCCCAGCCTCTGGGCTCACTCACGTACGTTGTCAATGGGATATTGATCTGGTACTAGGGACTGGACAAACAGCTACATGTTGTGCCGGGTGCGAGAAGAATGGCTTCGTGATAGAATAAGTTAAGGGAAGCTGGAAGAGGGCAATTAGGATGATCAACGGAGTTAGGCGGCCATGCTTCCGACTTATTGTGTAGCAACACGAATAGTTATGTCAAGAGAGTCGGATACCTTCGCTGGGCTCGCGGCAAAACAGTTAGCTATCGGTGTTAGGCGCCGGCTGTGCTCCGTTGATGGACAGGCCGTGAACGCTCACAAAGAGTCTAGCGAGTTACAGCCAGAACCGAAGTCTCCCCACTCGACCCTAATTCGGAGCTACTGGGTAGGCGTCGACCGATCCAGCGTAGTACGCACTACGCTAAGAGACGGCTCTAACGACACTACGCAGGCAGGAACGAAACGTACGACGCCTGCCCA,660,51.52,Homo sapiens
SEQ_589128,CCTCACGGCGTCTTTTCGCGGGCTCTGGTCCACAATCAAACCGTATACAGAACCTAGTCGTGCTCTATCCTTTAACTAATCGCTTATCCGGTATTGCCCCCCGTTGCGTTCACTGCCGTCTAGAGACGGCCATGATACGATTGAAGGTTCGCTCATACGCCCGTTCTACACATCGCTCTTGTGATATGATCGTACGGACTCCACAGGGCTCCCGACCGTTGTAGCAGATCGATCAACTGTATGTTCGCGGTGGACGTTCTTTGTCAACCTCCTGCAACTAGAAACCACGCGACGAAGAGACTTGGACATAGAAAGCCCTGGATAAAAACCCTTTGGAGCCTTATGATGCACTTTATTAGCGAGCGGTGACGAAAGCATACGTGTTCACGAGTGAATAGGAGACATGCGCCTTCCACGTACTGCATTTTGTGATGTGAATTTTGGAGTGGCGTACAAACCGCGTAGCAGGCTCATCAGTTATTTATTCAGGCTTCTGTTCGGTATTAAGCTTGTATGGCTCAATCAAGCTCTACGCGGAATAAGCTCGATGTTTGTAATGTAACTGGATTTTCACGAGAATACACCAGCTAGGCCAGCAACACCCCGCACGAGCAAAGATTAATCACGCAATTTTACGTCTACGCTTAGGCCGCACTTGGTCCTAAGGCCTCTCTGGCTTATAGTACGAAACTTTGACTTGCCGCGAATTGAATCGACCGATAGTTCGACGTGGCTTTCCTTAATACAAAATCTCATCTTTGTCGAACCTCTGAGGGCC,778,48.46,Arabidopsis thaliana
SEQ_275553,ACACCGATTTAGCTTGTCTCCATTGACGGCACATTATATAAGCAAAAGTGCACGGGACCTGACTGATCTGATCAGTTCAAGCCAAGGCTTTCAGGCGAGACTCCGCGCAATCAAGAGCCCCATGTATCCTTCGACGACTAGAAGCTACCTAAATTCTCGATCACCGTCTCCTGCCTGGCCGATCGTCGCGCGGCAATACGATTGCCGCTCCTAGCAGACTGAGTAAGCCCACGTGCCTTTGGACCGGCCTGGGCTCCTTGTGCATAGACCAACACTGAGGTTAGTAAGAATTGAAAAACGGTTTAAATTACGTCCGGCTACTTCCCTCTCTATGAACCCCCCGCATTACAGATGAGAAAAACTGGACGTAGCTTTAACGGCGAAGATTGTATCGTACTCCCGCTGGGGTAATGATGCTTGCTGCTACCGCAAGTATAAGATAGGGTTGGGCGATTATACTACTTCGCGTCAAGTTGAAAGCTCGCACGCATTGTTCGAAAATGTACATTTTGAAGATGGTTGGTGGCATGCTACCGAAGAACCAAGACACTATCCTAATGAGACAATTGACATTAGGGGGAATTCGAGTCGTCCAAAGAGTGTGTCCGATAAAACGTTCTGTTGTTCATGACGGCCGGTTGTGTAGCTGCCTTTGAATACCTTATAACTGCCTTTATGGATCCGCACAAGTATTTAGTGAACGTAAATACCCTATTTTTCCAGTAGAAACGCAGTAAGTCGCATAAATAGTGCCAGCGAAAATGACTATGATCTTGTCTATCTATAGGTGATGGCTATCCGCGTCGGTCACTTTCCCCGGTGGAACGGGGTTCGACCTTATCCCTAGGAGAGCTCACAGGATTGCGACACCATGTACATCCCGTACTGTAAAGGTCTCCGTTGGCCATACAAACCCTTCCGTAGAAAAGGACTGACCAAGCCGGATTCTACCAAAATGTGGCGACCCAAACTGAACGAAGTATGTGTTCGGGTGTATGCTTTATCCGCTCCTCCGCGGTACCACTCCTGGTCTCTCAGAATTCGTCTAGGGATGTCACGAGATGATTGCTACCCATGGATGGTGCTCGGGAATTCGTAATATGATAAAGACATCATAGCTAAATGGTGGTGTCTTACTTCTAGTCAGCGTTATAGATGGGGCACACTAGCGAAGGCCCCCGGCCTGTTTCCATTTGGGAACGTACCAGGCCTGCCATCGACAAGGTGCGGCCCCCCTTAAACCCGGTCACGGGAACTACATGAGCTCTTGGGGGGAGCAGAGCTTGGGCGTCGTGATCTTGACTTAGGAGTCCCTTAAAGACGTCTGCCCGGTTTCATGATCGAAAATACGGTAGACCTCATAACAAAACCCTGGCGTAACCCATAGGCGAAGACTGCGAGTAAAGACCTAATGGGACGAGTGGTGCACCCCAGCCCGAGCCTACA,1446,49.59,Saccharomyces cerevisiae
SEQ_788171,AGTGCCGGGTGTGGAGATAGCCGTTGTTATGCTGGCAATGTGCTCTCATGGTGTTTGTGTTAATTATCCCGCTTGAGACCACAATCGTCGAAAGGAAGGCACCCATTTGGCGGGACCGATTCAGACCCGCTCCTCGTTGTTGCACTTATCGACGCTCGCTGTAAGGCGCAGGTTTGAAATCTCTCAATCGAGTGATAATTCTCTAATAACCTTCAGGGTTCGGTGACTCCCTTACGATCGCTGGGCTCCCTGGGAAAACATAACGAATATACGATGTATGTGCGTACACTACCTCGAGCCCGCACTTTTTGCTCCGCTTGCTTCGCCTGTCCAGATGACGGTTGAACAGGAGTTCGTCGTAAAGAAAGGCAATCGCCACGGCCCAGAATGGACCCACCGCTTATATCTACGACCAGCGTCTTCTTTGTCCATTATCATACGGCCGGCGCCATACATTATGGGGGATTGCTCTCTGGTCGCGCTTGGTAAATAACGATTCGGGAATTGTACTAAAAAGCATTCCCCAGATAGTTATAGGACGATCGATACAGGTGTGTGACTTCAACTGTTGTAGGCGCACCCTCCTCTTGATCAAACTCACGATTACCCTATATGGGCGAATTAACCTGACTATAACTGCATAGCCTCATTCAGAAAAATACTCCCGCCCAAACTAGAGACCGTCGTGAGTCCGGGGTCCCAAACGCAACCTGTACATTATTCCCACAACTTTAGCTTCAATAGATATGGTAATTCGGCCACATGTGCAGATATTGTGGGGTGAATTTTCGCTGTGAATATAGAAGATTGTCCGTGGAACGTAGAGTCCGCCTTAACGTAGCGTTGATACGTCCCCTCTCTAGACTTGCACCCCCCGTAAGCCCGCACTTGGATGGCAGTACGGGCACGATTTAGATCGGACTGAGCCGCGCCATCCATTACGGATACAGGAACATAACTGTCGAAGATTTTGGGATACAACGTCCTTTGAAACAGTATCGTGGGTGTCGAAGAACCAAGATTTGGGCGAATCAATCGCTGCAAATGGAGCAAAAATGCGTCTATAGATATCGTTATTGTCATGTATGCCGGGAAAAGTTTTTCCTTCCTAGCAAATCACTACAACCCGACAAGTTAGTTCAGCAAAGCTGGCGTCCGAAGAGAGTAGGGATGGAGTTTCTGATCAGGACATGATACGTCTTTCCTCATCACACCCGTCCTAGATCGGCTTACGCGTCGCATAAACGGGCTTGAGACCATTACGGGCGCACCTGGCTTTGATACGACATTGCAACGCCGGGGCCACTACAGTCGGCGAGGATCTGGCCTTCGCGCGAGGTTACTTCCAGTATCGAATT,1358,49.34,Mus musculus
SEQ_216885,GATTCCCGTCACCGCATAAGGCGCGACCAGACTAAACGCGGTGCCTGCGAATATAACTAAGAGCCACCCGGATGGAGGACACGGAAGTCCTGACAACCACCCCATCATACGGTCAACGCAATTCTTGCCTCGCGCGGGGTTTGGTCCGTAATCGTATCCTCAACACGAATTGTATGTAGTACAAACATGCGTATCCAAGATCTTAGAACGTGCATCTGCTTACCGGAACGCCAAGTTTTAGCGGGTGCTTCTCCGTGAGCTAGGGTGTTCGAATTAGTGTAAGCCGTCGAGAGCTACATCCAGCGTACACGGACCCAAGTGGTTAACCGCCCTGACCCATATAACGTGACATTTAATTCGCCTGACCTTGCAACATTACCGGCTTCTGTCGAATACGAGTCTACAGTAAGATTATTTCCCTGGTTCGCACACAGCAAACTTCTGGACCGACAAACACGTCAATACAATTTACTATAGAGATTGCGGAGACTTTAGATTTTAGTCTGCCCTCTAATGTGTGCCATACTAAGTAGGCATGCGGAGCCTCACCCGTCATACACGACCAAGTTGTGCGAATGCTATATACAAAACCGCGGAGCACTCGCGAACGTGTCTGTATAATCACTGTGTGTACCAATCGTCGGATATCGACGTTTTGTATTTAACTAAAGCGATAAGCGTCTCGGTGAGGATTTGTACTAGGCATATTACGCGCGGTTTCCCGGAATTAGCGAACAATTTTTGGGGTTTGAGGCATTTTATGGTAAACACAGTTAATTAACCGAAGTCCGCATTGCACGATAGGCACCGCATCAAACATCCTTAGTAGAACTTGGAGGGCTGCGCAAAATGGCAGTGCTAATATATCAAAGGGGCCTAGGCCAGTTGTCTGAATTGTCCGTAGCTTACAGGGGTATCAGCTTTACAAGCGCTACGAGAATTGGTTGGTTTCACGTCCGTAATCGTCGTGATATAAGGGATCTGAGCCATCGTGCCCTCGCCTTCTCGCCGAACAATGGTCCCCGCGAGACCCTGTCATTTCGGTCACTGGATTAGTGTCGGAGTGGCAGCCGTCGAGCCCTCAGCGCTCTTTGGGCCTGCGGTACCTTCCCTTTTATCCGTCGGAAAAATTCTGACCGAGACGGTTTTGCTGGTCAAACGACAACTAGAGGTTCACAACCTTCACTCCTGCCTCTCGGGATCCCGCTCTCTCAGAAAGTAGCCTGCAAACAGGCCACCTAGTCGCCTCGAGGCATTTTACGGGTCGACACTTTACGACTACTCCGACGACATTCACTACACTCCTTCATAAATCCAGCCTCGCACCTGTTTGTTTACAGTACACTGCAGATGGTAACGATTTTCTCGGAACCCACATTGTCCAATTTCAGAGAAGGACCTGGTAGACTTCCCGTATGGTCTCTCGCTGTCACATAACGTACCCACCCACTCAGAGGCGTAAGCGGAATCGGGTGTGCAGTGGCATTTGCCATCTGACTCCAGGACACAGGGGTCACCTCGCTGTGTCTAACAGTGATCTATCC,1544,49.94,Escherichia coli
SEQ_870169,AGAAGCCTAGGAAAGGCCGAATTGGCTCCATATACCGCTCTGATGTGAGGTGTGAATTGTAGATTTTGATTGGCAGTAGATGACCTCCAGGATTAGCTTGACTCTAGGACGAGATTATACAGTTTCTTTATTTTCGATATTGAGTAGCCCGTTTCAGCGTGCCTCTACACAGGATTGTGAACCTCAGTCTTTATGACATCCGACAGAGGGGAGCTCAGGTTATCCTGCCGTAATTAATGTAGCGCGCCTCCGTGTGTCAGCGCGGAGTTAGAGATTACTTCAGCATAGCTCGGGCTGCGCGAAGTTTACGCGCTCTGTTGTAATGTAAGACGGATTCCGACTGAGGTCGCATCGCACAGATTGTAAAGTATAGGGAATATGCGACGAGGATGTTATTGGAAGATAGTACGGTTTTCTTACTACTAACCTGCTAACTAGCTGGCTGAAATACGGGTTTGCTTCACGGAGGCAATGAAAAGCTAAGTTTAGATAGGTCTATGTGCGAACAATGTCACCACCTAAAAGGGACGACCACGTATCCGCATAGGCTCTTATGGGATCTACTCAAGTCACCGATACCAGCTATTATGCTCTGACTCACGACTAGGGCGGAGAAAGTACATCAGATGTATCTAAGTCCTACTAATCTTGAGCAGCTGCGAATACGGGTAGGCACGTGAGAACGTGTGGCGCAACTGCTGGTATATGGTCGGTCCAACATA,722,46.95,Saccharomyces cerevisiae
SEQ_543487,GTAATCTTACTGTTCTAGTCTCGCCACTCTGACGCAAACCATCAAAAATGCTCTAGGCATCATCTACCGAGAACTATTACATATAAGAAGCTCGGAGAGCAGAAGGGTCTAAACAAAGAATGCTCTTTGCAAGGGGTGGGAAAGTGGGGACATTAACAATGTATATTATGAAACCCTACTCGTGAAAATAGACGACGCGGCAGCATGCGTGCAGCTGCAATCCCTCGCATGGCAGTGTCTCAAATTAAGAGTATATCTAAGACCCGGATCCACTGCAATACCTCGAACAGCTTATGGATAGCCGGGTGGATAGTAATTTCTTTATCCCTGAGAAAGGTATGCTCTCGTACGCCGGAAGCGAACATCATCAACTACATGTGGAGACTATTGACAAAAGAGTGCTCTTGGACCGGCGTACAAACAATATAGGTGCTAATCTTTAAAATTTTCTACCTGACCAGCTTAAACGTGCGGAATCCGACGCCCCTAACGAAATGCAGCCTAGGAGGTCGTTATCCTTATTTTTCCAGAAATCACACCCGCACGCTAAGCTGGCCTATAGCACGGGACAACGTTCCTAAGGATGGTAAGTACGCGTTGTAAGCAGCTCTACGCATAGGTAGGCATGGAGCACGCGACGGCCGAGAGATCCGAAGTACTGATCGGACACCTCTCCAAGCGTGAGCTGAAGATCTGGGAGCTTAAAAGACTGTGTGGTATGAATGGAGCGTTGCCTCGTGATCCGAACCTCTCTGCCTTTATCAATCACCGACCTCTATTGTTGGGTCGGAGGGTATTTTCGTCAGCTATGGTCCAGAGAATGGGTGGACCCTGTATGTCATTGTGCTTCGGAAGTAGAACGCACCTGCTCAGGTGTCGCACCCCCAGTAAATACAGATGGGATAACGCTACTGAAGTTGATGACTCTCGTCAAATTTATTGGGGGCGTCCGGAGTTTCTAGCTCTAGCGATAGGTGTTGCAGAATAAGTGCAAAGAAATTTGGGCAGGAGGCTCTCACTCGTAGGTGCCCACGGTAACATCCTTTGCTCAACATTGGTATCATCTACCGGTTGGCTTGGAAGTTCACGTCGTGTTACAGGGGCTTGGCGGTTACAAGACCACAGAGTCGGCTCTGACCATGGCGAAGTGCTGGCTACGGCGTTTCCTAGACCTATTTCTTCTGATAAACGAATAGTGTTCCCTATACAGTTTCCCCCGCCATGTCGAGCTAACAGCGCTAAGTATCGCTCAGGAGACCGTTTGCGCTGGGTGGCAGATCTGTAGTCACGTAATTATTCGGATTGCGAGAAGTAAGCAAGTGTAGCTCGTCTCGTCCTATAGAAACACTCTCCGGACGTACCTTCTCTAACCACTTCAAGCGGGAATGTACACCGATAAGATCTTCAAGCGACTGAGGGAACCAAGTATTTTGCGTCTAGGTCCCACGTAAATGTTCGATATCTGGGCCTTAACACTCAAAATCACTCTACCACTGCATGCGGTGATCGAAGCGGGTTTTGAAGATATATCTGTGCAGCAGGCAATCGTATGTTACTTCGCTTGTTGGTACGTATTGTTGGTGGAAAGGATTGGAAACTATAGAAGAACTGTCCTGCATGCCTAGTAACAGCTCTGGTGTGTCGGGAACGATACCTTCTTCGATATTTTGAAAATCCAAAAGAGCGTTGACGCGACGTAAAATTAGCCAGTTTCTGCCCGTGGAATCTTTGAACCCCCCGAATTAGATCACACGCCATCCGTATCCATGGGGCCCAAGTTGCGGACTAACCAGGCCCGGTCGGAGTC,1807,48.37,Caenorhabditis elegans
SEQ_633479,AGCTAGGTTGCAATACACACTGGCACAGCAGTGATATTTCCTCCGGTACCATCACTCATAGACCCTGAGCCACACTTAATTTAATACGCTACCATCCTGCCCTATACCTCACCCGCGCAGCACGTCTTATATACTGTTGCAGCTGCTTGTCCCCTACTAACAACTATGCCAAGGAAGTTGATGCAGTGTTACTCAACGAAACCACTTCCCACAAGTGGAATTATGTAAACGGGAGTTTCATGAAAGTGCATGGTGACAGTCCACTCCCTGTGTAGTCTCGATTGAGATCCTAGTTAGTCCATAGTCGGCGTTGGGGCATTCACGACCTCTGGCCTGATTTGAATTTATAATTATGCCGGCAGCGATTCAGCCAGACCACTAGATACCGATTCCTAATCTGTTCAGTGTGTGGTATAACCAGCTAGCTAATCACCATCGTAAGCAAAGTTCTCAACCTTTGCAACTGAGTCGATTTAGGTTCCACTTTCTTACGATCGAACGAACCCGGGTGTTTCGAGTGAACTCGCGAGATCATGGCGAAGCCCAGGGGGACACACCTAGGATACGGGCCCAAGGCATCTAATTGTGCCGGGGACCAGCCGCGTCATGCGATGTCATCTGGCGTCTGGTCTCGAAGATCACTTGTATGGAAAGATTATAACCCAGCATGTTCCTATGTAACTGTTGACAATCAACGTAAACGGAAGCCTCTTCCTCGTCGTCGAGGGGTCAAAGAGTGGGTTAGTTTGCTCGTGAACGAGATAAATCACATCAGGTCGTCAATATGATACGAGGGTGGGGGAATCGACACCGGACATGATAACATACTTCTAGCTATCGGGACTAGGGGATGGTTCTTTGGCAACCACCTATCGATAATTTTGTAGTCTGATCCAACATACTTTTTAGCTCGCTTGTAAGATTGTTATTCCTCTAGATAGGCTGCCTGTACATGCATAGCAGCTGTTGACCCTCAGAGATGCCTCGCACGGCTTGTCCGCCGCCGGTGATGGAAAGTAAAGGTCTCCTGTCTCCCATGTCGTGTTTGCAAGCAACAACTAGGTGAAATAGGATAGTTGCCTCTGTGTATTGTCAGACCAGATATAGCAATAGAAAACTATTGATTGGTGTTGGAAAGACTCGCCTCCCCACACTTAAGTACTGACCGGATGAATCCTGTGCTTACCATCGGTAGTTTCCCGTACACAGGTGTACTTACATCCGCACTCGCTGGGTGGCGAAAAGCAACCTGGATTACACCAAACCCACGATTTACGTGCGTCGTGCAGTTAAAGATATTCAGACACGTTCAAGAACCGAGTTCTATGCACTATTTCAATCGGCCATGGAATTCGATATATCGGCGTACAGGGGGCGGGGACTTCGTACCAAGACTTAAAATCATGCATCGGCGGGGGTGTTGCCCAGTCGGGTCCCTGGACTCCGAGTCTGATATTCGCTAGTGCACGTAGAGGCATTCCGTGTGAACCGTTGCTCGGCGAATTAGTGTAAGAAGATAGCTGTGACTCATGGACGGTATGGTTCGTTAATCTAACACAAATCCGAGGTGTATGTACGGATGTACTCTTACCAGACTTATTGTCAGGACAAATACACCATATAACTCGTTCCCGACTGCACGTGTTGACCCCTACCGTAAACAGCGCCGTTGTAAACCTCCAGAAATGCGCATGTAATTCTAGCATTTCTAAGCAGCAGCGTTGCGTTAGAGCCCATTGACGTGAAGTAGCCCATTTCCCTGTTCATTTTTCGGCACGATACCCCACGCGTAACACTTCCGCCAACGTTTCATCTATAATCGCCCTCAAGGAGAGAGAAAGACGAGACTAGGGGGAGG,1858,48.28,Saccharomyces cerevisiae
SEQ_103716,AACACCAAATGTTTGGACTGGGGAAGGATTAATATTCCGCGATCGCGATTACCCGCATGAGACCCTCGCTCAGTCATAATGTTTCGATCGTGCGCGGAATTTTCTAACAACGACAGATGCCAAAAGAAGGACATAACTTATGAGTGGATCTGCTGACTGTCGCACCATTAGATAAATAACATAATGATCGCTAGATCACGCTCTACTGTACCAACTCAGTACTACGGTGGCCAGGCTATTCACTTCTTACGGTCCTATCAAGCTCGTGTGATATCAGATCGTTGAGCTGCCATGCTGTGGGCGATGATACACCGTCAGGATTGACCTCGATACCTAAATGCATAGTTCATTATCAGTTGCCCACCAAAGCAAGGGAGAATGGCCAGATACATTGGGCTGTTCTATTCCGTCGGTTTGTCGCTGGTGTTTCAGCCTGTC,438,46.8,Arabidopsis thaliana
SEQ_620973,AGAGGTGTGGAGGTTAATTCAGAACAGGCCCCTTCTTGGTGGACCTTTGCCTGTTACGCACGGCCAATCCTAGGTGGCGCTGTTGATCCTGATCGCCTTAAGGCTGTGGGTAGTTCAGGGAGTGTAGATCCTCTGGCTGTCGTCGGATACAATTTACTAGACTGTGTCGCAGCTGGTTTCGACATAGCGCGAGCAACGCGCTTGCGACGTCGGGAGACCAATGTTTAGAAAGTTCGTGGCTAGTACAGACAGCCACGCGGCCGATATTTAGTTAGTATTCCCTACACAAGATTGTTCCGACATAGTTCCATGGTGGACTCCAACGATGCTCTCCTTATGGTAAAGATTCCTGCAAGACAGCAGTGGCGCCTCTAGCGCTAACGTCGATGAAAGAATAATAGACCGTGGGTGAAGGCTCCTCAATTCGCATGTCTATAGGAGCGTGTCGTTATATGGAGTGAATATCTCACTCTTTAGATTGAGTTATTGTTTTGACAGTCATCCGCCGACATGCGACTCCCCCAATCGATTCGTCAGAGTGGGTGCTCAAAAGGTTTTCACTTCGTCCTGGGCTCGCCCTGTATTTAGAGGGCTGACTATCGCAACTCAGCTCTATTGATGATACGAACCCATGATTTCAAGCCCAGTCCCGGTCGTAACCTCGGCTAATTCTAAGGGAATTACGTGGCCGCATATCCGGTGAAGCTTCGACAGGCAATTCGACCCACACTGCGTGAAACCAACGGTCGCGCCTCGCATGCCGCCGCAGTGAACAACCGGTTTGTGAGGGTATAAAGGGCTGCGAAGCGCTATCCTTCCCTTCAACTACTAGCGTCATCCACCACGGAGGACATTTGACTCCCGGGTAATCTGCACGGTTTCAACCAACCAACTGCCTGGGATGTCTCCCGCTCAGAGATCTAGATGAAGTTACATCTTCTTGCCTATGAACGTTGGTTGTTGGTGGTCCTCTAATCGCATGCTAACAGTCTCCTCTTCGGAACATTACCGTTATGATCGCGCGGATACACAAGAACGCTCCCTATTCAAGGGAAAGGATATGTGTGACTCTCTTATCCAGTTCACCCATCGTGCAAAACAGTTTTAAGAACGGTTAATCCATGCGCCACGTGTTTTAGCCGGAATCCATGTGCAAGTCCCACCCAAACCGGCTGGATACAAAGTTAAGATCGCCCGAGTCCTTATCGATAAGATTAGTTATCGTAGTCCTTGCAGAGACACTACACCGTTCTCTAGGTTAGTTCAAGCATAACTAGTAAGAGAATGCGCTCTGGGGCCCTTATTGCTGCGGACACCTATTAAGAAACACCCGTACCCATTGAACCGATGGATGTTACCCGACGCTTA,1368,49.85,Caenorhabditis elegans
SEQ_660491,CCCACGTGAGCAAATCATCACACCTGGTCATTATAAACGCTTTCCTCTGTGATGGTAATCACAGTCGGGTAAGAGGGCCTTATGAGCAGTAGAATAATTTGCTCTAGCCTCTCCAGATCGCAGACGCCACACCAGAGCGACATCTTACACTTGCTGTCTGAGTGACAGATAAGTCGGCGATCATGATCTAGAGCCGTCGCACAATCCGCGGGGGCATCATGCGCATGAATGTAGTCCTTATGGATCAGAGGACCACCCTGTTTCAGTCACTGTCGTGGCCATTTCTATGGGAGTTTTTAAGACTAATCCTTCGAGTGAATGTGCCAATAGATGGAGTGAAAGTTCAGAACCGGAAAATCCGGCACGGTGCTCACAGAATGCTCATTCCGACCAGCCTTTGTCGTTTTTGCTAACTTGCCCGCCATTTACGCTGCGCCTTATGGAGGATTCTTAATAAAACGCTAGTCTAGTGTGGTTAAATCCGAGTTACTTTCACGCGCGCCTGGTACGCGTGCTACTCCTGCACTCCGGAGACATACCGCCCCAAGTTCATAGAAATACAAGGTTGAATTTGGGTCATCATTGCCTGCCGTGCCACACAGCGACACGAGTTAAACGTAGAACGGTCCATCCGGGTCAGGTGGAACCTTTAATATACGAGTGTGCCTGTGCTGGCCTGCCGCTAAAACCGGTTTACGTTCCGTAACTCATGGGGAAATGCCAATAGAATCTAATAATCGACCATAGGCAGTACAATATCGGTCCTTCATGTAAGGCGTATACGCCGCGAAGGATCGGCGCACTCCGAATTCGGCAATTATGAGATGCGGCAAAGCCTGGCGTTCTACTGACCACGCGATCTTGGAGACAAACAAGACGTTTGCAAAAATGAAATCCCTGAAGAATGGCCTAGAGGTCTGTCCGCGCCCTTCCCACGGTATTAAGCGGATATCAAAAGGAATTGAGTCCATCCCAATACCCTCGCGTCTGGGCGTCCGAATCGACCTCCTTAGGGCGCCTTAGGTTAGCGATACCGTAAAGGTTAGCCACGGCCTCCCACGAGATGCTCGCCGCAAGAGGTTTAAAGTGCTTATGGGCTTTCTGCATCCCTGCTGAGCAGAATGCGGACCCTGATGGGCCGAGTACACCGACCTGCTCCCCAAAGTACGGGGGCGCAGATCCTGATAGGCATGAAGGGATTGCATATCAACACTGAATACCGATAAAACGCCGGGGTTTGCTCCTGTTCAGCACCGAACTGGACGTGCAAGCATTAATCCTAACGTTGGATCTAATTTACAAGAAGTTTCCCTGACCCTCTGTAATACCAGCAGAAGTTTCCAGTCGGCTTTTTGTTCGCGCACCGGGAGATAGGGTCCAGTTGTAGAACTCAAAATCAGGTAGAATTAAATCCCTGTTTAAGGGCAAATTTCATGCCTGCAACTGGAGTAGGGGGACTAAGAAGTTCTGCCCCCGGCTGCAAATGGTGCGCAACGATGGAGCTTGATGCTGTGTGGGCCCTAACCCCGACTAACCGTTAACCGAAGATGGTCGGCGTCGCACCTATTCAGAAATGAAACGCGAGTCTAATGGCTGCGAACCCTAGTTTATGCAAATCGCAACGCGCTTTGGCATAGTGATTCTACCCCTGACTTCCTTCTCCTGCAGAAAGGTTTGAAGCTTCCTGTTCCCT,1693,50.44,Drosophila melanogaster
SEQ_778543,TAGGTTCACAACTGAGAGGCTGCCTGCTCATGAGCAGCATTATCCTAGCTATACCGGCAGAAAACCCGAGGCGTCGGGAGGTTAGACATGCTAAAGGGCACTATTGGCTGAAAGAC,116,51.72,Mus musculus
SEQ_518062,CTGATACATGAGTAGGCGGAGGATCGACAAACTTATCAATACACCGGGGTTTCTCACTAGCTTTTAATTTTGCGTATGCTGAACCGCGAGATTCATGTAGGGGGACCCGACGTCCCTAGTATATCGCGTTCTTCCAATCGGAGCCGTTGCAGAGGGACTTAATTTCACATTAGCGCAGTTTTTTGTCGGGAGCGCCATGATGTTACAGCATCATCATGCAACGACAAATGCCGAAGTCTCTTGGCTTGATTTTCAAAGCTAAGATCTAGCTACAGTCGTGCCGATTACGCGGCGGCTTCACCGCAGTTGTGACGTACTACGTAGTTCCTCTTTATAGTGACGAAAGCGGTTATCCAATGGTATTCTTACCGAACCCTGCGCGACTATATCGTCATTCCTTCATTATGAGTCCTCCGGACTTAATCCAGTTCGGCCGCTGTACTAGACAGGAGCGGTGCTGTAGCGAGCCGGGTCAGTCTCCAAGCTAAGATCGTATTGATCGGGTTAACGCACGTAAAGAAATGACTTCCTGTCTAAGCCTCTCCCCGAGCAAGTTTTAGTGGATTGGCTTTCGCCGGCTGGTTCACGGGAAAATTGAACCAGATAGTACGCCCACCGGCCAAGGCATGACACACAGAACAAACCCGTGGTGAATAGACATAGTCCCACGCAGGACCTCAGTACTTTTGTAGTCGAGTTAAGAAGTTTTCTCGGTCTACTAGTTGATCAACCATCATATTATGTCTTCTCTTAACTCAGGCGTCTCCCCAGGCCAGTATTGCCAATATGCACAAATCCAACTCTCCACTGACAGGACGCGGAGCCGTTGGATAATGACATCTTGTTTGTACCAACAAAGTAGCCGGGCCCGATACGCATGGAGTTAATCAAGCTTCCAAAAGCAATCCGTGTGTATGCGAAGTTATCCTTAGAGTCCGTTACGGTCCTCCCCAATATCCGACACGCTACGGTCGATCACAATGGCTAAAGAAGTTCTGCTGATACTTCGTTTATTTCACCGTTACTGTCATTCTACCCAGCATGTGATTACGTCTAATATCGCTGCACCTGGGCTCAAATCGCTAACCTGACACCGGTCAAGCACCCTCGAACCACTTTGTAACTGGCGCCCGTTACCACATCTCTACGCAATTTACGACGTAGTGGGCTATCGTCGGAAATATTGCGTCATAGATACCGGATTTGTCCTGCTTTGCGTCCCACAGATTCAGTCGTATCCCTAATCTTACCTTGCTCCGTCCATAGATCACTTGTTCGGATTAAGCTGAGTGCGACTCGGGATACAGTGGCTCAACCGAAGCTACGTTCGATAGCTCGTTCACTCATGATCGCAACCTTACAACACATAGAACACGGGAGTTGGAACCTAGCACATCCCAACGGGTAGCTACTAGGGTTCAGAACTCGTCCCTGCACCACCATGGTTCACGGCGGAGGCGACCACTGCCTACAAGAGGCGCGAACTGAACTCTTCATAGTTAGCGGCGATCAGAGGCACGAGCTCAAGACTGGCGCAGGAGCTATTACATTAAAGTCACGAATGCTCGACCTGCATCACAAGGATATGGTCGGTTCGATGGTCTTACATACTCAGCTATAGCGTTAATGGGCTTTGCGCGGAGAATTAAAAGAGTGATCTAATCAACGTTGAATTGCCTGGCTAGAGTGGTTATCCTTCGTACAGCTTTAAGGATAGATACGCCCATAGTTCTCCGTGTTTTCAGCCTGGTTAAAAGCTATCCCATGCAGGATTGGAGCACGAACTGTCGTCGACGCTGCGTTATGGACCCGTCCTCTTACCTGCCTGAGTGTCTAGACGGGCAAGTCCTTTTTGCTTAGCGTGCACGC,1869,49.12,Drosophila melanogaster
SEQ_611963,TTTAGCGATGCGGGATTATATCGCTGGCTTTCAGGGGCGTTTTTAGGTACAGCGCGTATTTACCGAGTGATCTCACTAGTGGTAGAGGCGGGTGACTCCCTTCTTAGAGCCAGGTTGCCCATGGACGCACTGAAAGAAGCAAGGGTGTTAAACTTAATGAGCGTTGAGTGGCTGCGGTCGTACAGCGTCGCATTACCCCCGGCTGAGAATTGATTTTGCGCTGTCGACGTAAATCTTCCAACACCCAAGTGGACCTTGAGAAGGCGACCTTTCTGTGGATTAAAACTTGGAGTTTATAGTCAGGCCCCCGAATCATCCGCGTGGAGCTTTATGCATGTGGCTTCTATCTGGTAAAGCGAAAAATCCGAGTTGCGGAGCAGCAGACGCAGATGGATAAAATTGTTGATCTTTGAACCCATGATCCGGGATCTGATTCTTTTCTCGCTACCCCGGAGGCCTCGGAATAGAGTTTCTTCAACTAGTTAGCGCGCCCCTAAACGGCATAAGCATAATTGACACAGCGCGCACAGGCCAGCTCCGGCAGTCGGTCGCAGCCACTTAGTTCTGCCATCACCTTAATTAACCGGTAGAGAGTTCGTACGCAAAGCCTAAACGGACTATACGGACATGATTCTACTCAATTATCCAAACAAATGCGTAATCAGAGGTACCTACTAACTGTGATTGCGTTCCGGATCTCGGGAGAATATTTGCACGAAAATCAGGGAACCTTGCTGATCTAGTGTTGCCACTGAAAACCGGTCAAAGCGGGTCTCCCCACTAGATTTGTCCTCAATTGCTCTCTACTAGTGTGAAAAACTAGCGGTTCCACGGACATTTAATTGCGGTCAGCGGTATTTGGCTCAACCATGAACATCTCAGCATCGTGGCAGTCCGACCGTTACTATCCTATATAAGTGCCCTTTTAAATATTAAA,937,48.24,Mus musculus
SEQ_947548,CCTCCTGTCCGAGCCGTCTAGTGGATGTAATGGGCCCGTATAGTCGAATTGTGCGAGGAGCTGCGTGGTAACGAACCAAATTGGTCAAGGGAGCCACTGAAAAATTAGGGGGCCGTCGCTTTATAGATTTTTGCACGATAAAATTCCGAATTCCGTAAGCCAAGAGGCATGCGACCCTCTACGGCGGTTCGCATGTCGGTCTAGTTACTAACGCACAAATCTTGATATCAAGGAGGAGGTGACGCGAACGGTTTCTATTTAATGACCATTCTAGTGGTGGATTGAATGGTATTAGGTCTCCGTCGACGTGTAGTGTTGATCCCTGAGACGCGATCGGGTACGACAAAGGGCATCTAGTGCCCGAAGCAGCATCTACGCGACAATGGGCCCTCACGACTGTTATTACCAGTAAACCGACCAGGCGCCTCTATAGATGGGCGCGGCAATAATGAATTATATCCGTTCGCTGGGAGGTTGACTTATCCGGGGGCCACTGTTGCAACCCTTCAATGGCTCGA,518,50.97,Arabidopsis thaliana
SEQ_132984,CATCAAGACGCGATATAAACAGACGAAGTGGTTGCCCTATACGTATAACTACTCAATTTCATGATATACGTCAAAGGTAGGAGAACCAGCAGCACTCCGCTCGCAGGTTTGGCCTACGTCAGGAACGGAATGAACACCAAAACGAATCAGATATTTGTATCAACCAATAAAGCCAGTTTTTTCATAGTCTTCTTCCTTGATGGAACACTTTTTGTCCATGGTCCTACTTGCTCAGAGCAATACGCAATAAACCGACTCAACGGCATGAGTCTAAAAGCGCAGTCAATCGGACTACACGTTAACCATAGTCGCTCGCAAATTCGGCCGGATCTACCGTGTATGATTGGATCACGCGTTCTGTAGTTGGACACTCTGTGCGGGGATGTTTTTGCACGAAGTTTTGGCACGCGGCGGCGTGCCTCGCTCAGAAGCCAAATGAGTTATACGATAGGGTGTATCACTCCTGTGGGTCAATAATTTCTTATGGTTGGAATGCATCTGTAAATATACTAGGCAGGAGAGAGGAGACCTTTACTTAGCGTCCTCATTACGTCATATACATGCTTGCTTAAGTCTTATCTATTCCAAGACAAGTCAATCTAGTGTAAAGAACACCTGCAAGGCACGCGACCATTGACCGCCCCCGAAATTATGTACCAGTCTCGGCGCCCTAGAGAGTAAGATCGCGCCGCATTCTGGGACAGGCGCAACTGGAAAAAAGAACATACCACCCTTGGGGCAAAATGTAGAATAAGCCGGCCGAAGGAACTTCTGGCAGCTACTACCCAATATTTGTACAGGGTAGCAGCGCGGCCCTAGAAGGTCCTCGCTACATGCAGATTGGCGTCGCCCGGGAAAGTTTCGCAAATAATTTACCCCAGGACGAAGCTTCGTGCGGAAATCGGTTTCTGAGCGGGCCGAACAGGCATGTCAGAATGGCAGGACATCTTAGGGTCGATTTTTGCTCATACATTGTGCTAGGCTTGTGCGGCAAACTCCGCTGCTGGGGGCCGATTCCATGTAGACCAGAGTTAATAATAGACATGGGCCGCCACAATCCGATGTCTATCAAGAGTCGGTGCTCTACATGAGGGAGGCGTCCCTTAGAGGTTGTGCGGAAACAGTGTTCACTTCCTAGACTGAGAAACTGATCCGTACTGGCGGGACGTGGGTCGACTTGCGCTAGGATCGAGAAGAATCTTCCAGGATAGGCTATCTCATTCACTGGCTGGTCGTTGGATTAGTAGATCGCTAGTTTAGACGCGGCCCCCGGAAGTCAGTCGCGGAGTTCTAAAACTACGATCTCAACCTTTAGTCGTTATCAAGCGATTAATACTAATGACGAACGAGATCATGCAGACACTCGCGTCACTTCTAGCCAGGTCGCAAACCTTCCATTCTTGATCCAACAGAGACGGGTGCTAGGCGGTGTCATGGGCCCGGTTGTACTTCTGCTTCCGGGTGCCAACGAGACAAGATGTGCTGGCGGCCGGTGAGCCTTCGGCCCTGTTGTATGCAGACAGCGGTAGCTTCCTGCTGGGTACACTGTATTAGTGCGGGTAACCCACTCAAATCGTCGTCGCACCCCCTAATGTGGTCGGTGTACCGGTTCGCAAGCGGCAGCAACGTTGCCGCGTGACATTCATTGTCTAGGTACCGTACGTTGCCGGGAACCTTCGT,1680,50.3,Drosophila melanogaster
SEQ_122694,ACGTGCACGGTAGCACGTCGTTGCTAGCTCAAATGCACTGCTGGCCTCTTTTGACGTTAAAGCTTTTCAAGCATTTAGCAGCTAAGGGAAGTCGGAACGCGTGTGGAGCGGCCGCGGTGGGACCCCGGGTCAAACACTACATGCCCACCACCACAGACTGATGTCTCTTTCTATCATGTTCTGATGTCTACTGCGTACAGTTAGCCTACTTACAATCCGGGGTATGTAGTGAGCAGCACTAGGTTCTACCTTCATCAGGGAGACAAGTCCTCATACGCCCGGACCATGATATAGGTCCACACGCATGAGAAATAGGCCACAGATACCGTAAAATGTTATGTCCAATTCTGACCATGGCGAGACTCTCCCGAACATGTCAAAGAAAGTAGACGCGACGGCCGGCGACTTCCCGTGAGGTTGAAGGGCCCACGCTTAAGCGGACCCCCGGGACTACTAACCTAATATTTCGCCCTAGAGCTCGTACAACTAAAAGGAGTGCATTAAGCCCTTATGCACCCCTTTAACCACGGGGTACGCTCCTCGCCGTAATTGGATCTCCACTCGGCGGCCAAGAATGCCATGGGTCGATATGTGATAACCCCTGCTGGGCGGGCGGGGGATACTCCGACGGAATCGGCCTGGAGCATCGCGTACGATCTAAGCATGAGTATCATAAACAGTCGACGACTTCTCCGATTTTGCGATGCTTGGAGGATGGGGAAGTAAAGCGCAGCCATGCCGTGATTACGACTACACGCGGAGAACTTTATTATTGACTGCTGTGGTGTGGGCTACTGGTATGAACCAGGATCCGAGCCGCATCCTGTGCGCGTCGATGAGCGCTAAGTTGCCCAGCGCTCATCGAGGTCCTTAAGCTCCCATGGTGGAGCCACTCGGGTAACTGGGTCTGTTAGAATGATAGTACGCCGGGTATCAACAGGGAGGCTCTCCTCCAGTCTCATTGCTGCCTGGCGAATTCGTCAGTCTGTTAACCGGTAATATGAGCGACCGACGACTCATCACAACGAACTGAGCGCGCCTATAGTTAAAGTCTCCGTTACTCTGCTGTGGCTTCGGGTTCTGTGGCATGCCGGGTTCCGAATGCCACCCCGCGTTGAAGCGAACGGATAATTACGGTGGCCAACATCAACCTCGCTATATCGCGTATGACAGACGATGGAACCGTATACTATCAATTTGTGGTCGAGTTCAGTACAATGATGCCCGGGATATCTGACTCACGCTCGAAACGGCTTTAGGTCACTTTAGGCATTCCACTAGAACCGTGCTCCAAGCCACTTAGTCCAGCTGCTCACGTGGGGCACCGCGTGTTGCCAGGGCCCATCGGCGCGTTATGGGCTGACATACCCTTGCATGTCCATGTATGTTAGTGCCGCTAGGCAGCTGTAGCCTCCAGTGCAAGTAACACGTGGTATTCTTTCACCCCTAGTTCGATACGCCCGTACCGCCCGGCTGAATCTACCCCACAGTTC,1493,53.58,Escherichia coli
SEQ_611650,GTACTGACCTGCTGGTGCCTTTAATGCCTAAAATGAGGCCATGTTCAGATTATCGCGAAGTGCTTCAGAATCTCCTGCTGCCCTCATGTAAATACTGACACTTCAGAACGCGGGGCGTCTCGTGTTGTAATATCTGTAGAAAATACACGTATATTAGGCGCTCCTTCCATGTTTATGTTTTTAGTAGTAACTAACCACACGGCACAGAACGATCCCTCTAGTCATGAGCCCAATGCGCCACCCGCGGAATGCCCACTACTCTCGGTTCTGTTACGATAGCTACCCATCAATCGAACCTCAGTCTTCGCGATTCTTTACACACAGGTTCAGTAGTACTGAAGCTAATCTGTGACTCAGCTCTTCTAAATATATCGCGCAGAAGTCATGTTCCATTGGAAGCAAGGCGGACTAGTAGTGT,418,46.41,Homo sapiens
SEQ_411479,CACGCATGTAGGAGTATGCTCGGAGAGGCTAAGCTCCTGCGCAGGGAGTCGCCGCGGGAACCACTCCCGTTGCTGCGAGAACTTATCAGGATTGAGACGCTCTCCTGCTACTCAGAAGGAGCCAGATGACCTAGGGGATCGCTCGACTATAGCCTTTACCTCTGACTGGCAGCCGTCTATGTGCCACGGCCTGTGGCGGAGTTCATTACGTAGCATATTACACCTCATAGAACGAGCATGAGCCGAGTTGATATGCAACATTGGATTCGCAAGGGACAGAACGTTCCTCTGTACTCGGGTTGACACTGGCCTCACCGATGGAGACTGAAAGGCACGTCAGAGCGCGCGCTTACTGCCGCGGATTGAGAAGGGGAATATCGGCTTGTACGATCACGGTTGTCAAGGGAGGAAAGGCCTCGGCGCCTGACTCATGAAGCTACGACGAAATATCTCCAGATCTTGTACGTAGCAAAGTCTCATGGAGTAGCCGGTTAATCGTGCAGGCCAGTCAGGTATTGTGTGGAGACCCTCTCGTTTAGCCTCTCACATCGTTCTCAAGTTATTAAGGGCCCTTATCTTGGCGCCGGTCTATTTTCCGCGTAGATTCTCGTGCGGTCAACAAATATGCGGCGAAGCCTTAAAGCTCGTGTCGTTCGGTCAGCGTGTGCTGATTGGAGCGAGGCAGCTTATTGACGCATACCGTTCGGGCTACGTAGCAAAGCTTACTAAATACACTCATATACCCTAACTTATGCAGCCCGGAGTAAGGGACCAGTTGCTACGACTGAAGCTCTATGTTTTGCGTACTGCTGCCCAACTCCCTTTGACGTGAGAGGGGCCCAATTAAAGTCCTCGACGATTTGAACACCAGGTGCTAGCGAGTATCGGCGGAAGACTGTTTGATCTGACTGCGCTACAATTGTACTAGGTAACCTAATGATACCTTTAGTCCGATCTGTACAAGCTACGGTCCGTGGACATGGGCGCTAAATATTATACATAAAGAAGCCAATTCTGTATTCTCTATACGCCTCGACAAATGTATTAGTCACGTGGTGCAGTTATTACCTTGTTGGCTGAGATGGGAGTATATTTAGGCGAGTCCGAGGGTGTCGGGGTCACTCTTAACTTGTATACACGCCCTAGTTCGTCCCCAGGCGATGA,1164,51.2,Saccharomyces cerevisiae
SEQ_985693,CTTATGGAAGGCGTACGTGAGTACGTGACACTCAAAACCAATTTAGCCGATGTACCGTGACTCATTGGAAGAGTTTCGCCAGCAAGCCCCCAAACACCAGTTGCTGCAGAATGAAGCTATTGCGTGGTCCGAGCAGTGCTTGATCACTCGGGGAGGCCGCGGCTCACCTAGACCGGTCTAGGTGGGCATTGGCAAGTACTAGAAGGTCAACTCGGCGCTCGCAGCTCAAGATTCCTCGTGGACAGTACACTCTTATCACTAAGTCCTGAGATGCCTGCAACGTATAGGACATCACTGGCATCTCAAGGACCCACTCGAAATGTTTAATATGTGAACTAACGTCTGCGAGGATACACTAGCGGCGCGGTGCCGTAGAACCAAGTTATTACTCAAATCGGCCGAAGCCGTGAGTCGTGACTTCTCGTATCTCATGCGGGATATGGCCATCAGCAAATGTGTGTCTGGCTTCCCTGGAGGTATGCCCCTGGTACCGAGCACCAACGGGCGCTCCGGCGGGGCTACCAGCAAGTACTCAACAATGACTCCATCTTGATGGAGTACATCACGCGCGGCCCTAGTCGACTAATCATGCACTCCGCTCCACCATCCAAGGGGATATTGATGCTTACTATGTGCCTACCCTGAATTCCGCGCAAAACGTAACTGTTAACAAGATGCCGGCCGATCTCCCCACCATCGCGCTACATGGTCCCCCATCGGTATTCTTTGTATCGACGGTCTCGTTATTTGAAAGCTGAAGGTTGCTGTCTATTCCTGACGAGATCCAGGCTCCTCCAATCTCAACCGAGTCGCC,814,52.95,Arabidopsis thaliana
SEQ_838815,GAGCAACGGTTAGGCGTACCCTTCGAGAATGGTGGCCGACGTCAGAAACAAACATAACCTTATCAGGCTGGCGATCAGTCCATTTATGATCTGCGGGAAGCCTAGAATCACTTGAGCACGGTTTGAATCCGCGAAGGAGTGTCAGCATCGCATGAGCGTCCACTTTAACATATTCACAGTGGCCGAGCACAGTGTGAATCGAGATTAAGCTCCGTCGCCACTCAGTAGAGAACCATACAGATCTGATACTAACGTCGCTGCGATGGATAAATGGAACCTAGGGATGGGACCAAGAGACTGCCCCAACTAACGATGCTTGTGGGTGCAGAAGTGTACTGAAGTACTCGGCAGCGCACCGCAGCCACTCCGACCTGCAACAGTATAACTGTGAGGTCTTTCCAATGCCAGCACTGCGGCCTTTCTTTACGCAGCTAAAATCGCCCGCCTGACAGCTCTGATGACCCCATCTGGGCTGCTACACCCCCCATCGCTGCTAAGTGACCAACCCTGCACTGGGGGGAGATCCGAGGTAAATGCTTGCCATGATATGGCATAGTGATCGAGTACTTCTGAAAGTACCTAACTCTTGCGCGTTGTGTCAATAGGTCCTGCGGGGCTCTGTGTAGGTTTCATTCCCCTTGTATGCGATGCGAATAGTCTCGTCCATGCGGTAATTTCAGTGCAGTGCGTGCCGCAAGTACCCGGCGTTCAGACAAACAGCGTCTAGGGTTTGAAAGACCCGACCGGTGATGCTGACTCTGCGTGAGGGATATTACAAAGTCGAGGCCAACCCTGAACTACTAAAGCCGGTCGGTGGGCGGACACAACGCTATGTCCAGTTTCCGTAAGACTCTTCCCATTCCCCGCAAACTCGCTGATCGACTCTTCGACGTAGAACCAACGGGCCATAAGACGTGCACGTATGCTTGATTGGAATTATCCCAAGTCGAAATTTCTTGCAGGACCACATCGCCCAGGCCCACACTTGGTAAGTGACGTCCTCCACCGAAGAGGCGTTTCCATGTCACGCTGCCAGTGCGCGTGACTCTACGACCTTCGACCTTCATATACTGGTAGCCCTCTCGTTAAATACACAGGACCACCATTGGACTGAGTGACGGGATCTCACGGAGCCGTGACTCTCGGCAGGACTTCTGCCGGGCGGGCTCTATAGTTCAGGACCCGTACCTGTGGAATATCGCGTTCTGTAACTCACATGAGGTTACCCAGGCTGACCCCAAGTGCCTGAGCCCTATTAGTGCGCCTACCCACTCAATGTAACCTGTGGCTTTCGTCCGGTCGGTAGAAAACACTCTCATATCATAGTCTATCACATCATCGAGACAAAATCGATGAAGGATGCCTCTTATGAATGGCCTAGAATACTTTAGGGGGCTAGGAGGTGCTGTTAAACGCTCGC,1420,52.54,Mus musculus
SEQ_540622,ATCGCAATTATGGAGCGTCGGACCGAAATGTTAGCAACAATATAGGACGGGGACTTTTTTTGATCCAGGCTTGCTTTTGCCATATATGGTGCGAGCTAAAGTCCTTATTATACTTTGGGGGACACGATCTGGATGATCGTTGGTGAGTTTTGTAGCCGTCGCGGTCCATTGCGCACTCAGTAGTAGTCGTGTTTAAGCGTGACGAGGCTCAAAGCTGAGCGGAACACCCAAAGGCACCTAAGGAAGAATTCCTGAATCATTAAGAGTTTTTAGATGCTCGACTATCTGAGGAATCGACATACCGTACGTGATGCGCGCCAAGAAACAAGTGTCGGGAT,338,47.04,Escherichia coli
SEQ_181252,CTCGGTTTTTGGTGGTGTGAGTTCCTGCAAATCAAGATGCGGCAAAGCAAACATCTCATGTTGATTCTGGGATACCTGATTGTACGCCTTACGCTCACCCGTCCCACATGGCACATTGAATTTGCACATGCTCCGGTCATAAGTAGACCTGGTCGCAGATTGGCACTTTAACGACCTGCGGTGGTTAGTGTTGAGCCACCATGTCAGTCTCGACACGAGACGTACCCGAAAGGCCTGCCTAGCGGTCACCTCCTCCTGCTGCCCAAAGGAGACGTGTTGGCATAGACTATAGTATAAGATTCCTGTACAAGCGTGTGTCATCGATAGAGGGGTATGTGATGTCGTCGCTGGCGGTAGATATTGTCGCTTAGAAACAAGTTTCTGAACATGAGCTGTACGAATGCCCAGCCGTATTTTTACTCTGCATCAACTAAGACCACGAGCTGTGAACTTATGGGGAGGGGCTGGAAGAAGAACACCTACTGTATTACGGATGGGGCTTGCAACGAATACTCTCTGTTACGGGAGAAATGGGTGATTTCGAACGTGAATTGGGTTTGCGGCCCAGTTTAAAAAGTCGACAGTCTTTCTGCATAATCGACGTCGTTCTTCACGCGCTATTGAATCAGTGAACCGGGGGTGAAGCAGGTAACACATTATTTAAACGTGTTCAGAACTGCCTGCGCTAACCCCATTCCTGGCACTTCGTTACGAGCATTATTCTCTTGCCAGTGACTAAGGATTTCAAGCCAAGTCGAGTGGCCTCCGACTGGCAGGTCGAACTCTGGGGCTACGTAGCTCGGAGACCAGTAGAACTGCCACTAGAGGAGGGTGTATGGCTTGACACAATAGTGTGCTGTGGTCATGGTTCAAGTCGTGGACTCGAATGTAGAATTACTCCGGAAGACGCTACAGGATCGTCTACCGTGGGTTGGTGCCCGCGAGTACGTCGCAAATGCTGATGCTTTTACCCTTAATTATAAAACCCGTAGATCGAATCAGCTTGGATCGACAGCTCTTTCATAGTTAACAATCGAAGCCTTCGTCGCGGTGTGAAGGCGCTGATCTCGCGGACGAGTATCCTCAATCTCTTTCTAGTAACTGACAGAAGTTTTCATGAAGTCAATCTTCGGCGCGATGAACTACTCTCACATCGCTCCAGTCAGGAGTTGGTCCTACCTGCGTCTGAACCGTACCTCTCCGCCGCCGGAAGTAGATTCTATACTATCGTTTTCCGAATATAGCAAACGTTCGAGAGACATCCTGAAAAATCATGGATCGCGGACCTTTTGTGAACCGTGTCAAGGGCTCATTTTAGCGGTCCTGCATCCCACGTCCGTGCGTATAGACGTAAAGGGACAGACCAAAAATTTCACCACTTACTCATAGGACACTTAAATAGTAGACCGTCTTGTACGCGCCTCACGGGTCAAGATTGAGTTAAAGTGACCAGAATTCAT,1460,48.9,Caenorhabditis elegans
SEQ_416762,ACTGTTCGCCCCAAGTACTGTTCCACTCATAGACAGACTCTCGCCTTTTGTAAAGCCCATACTGAACGATAAGAGTCACCTAGATAAGTAGTAACAAGCAGCCTGGACTACCGCGTATTGAGACACTGTGGGGCATTTGGTAGCGCTAGAACGCGGGTCCGAACTAAATGATGTAGCGCTCAATAATACACCCGCTTCAGGCAGAAAATAGTGTCGTAGTCGTCCCAATAGGATCCCGCATTACAAAGGATATGCTCACATCCGTCCTTAATGTGGAAGCGTGTCCGGCAGCCGATATTAGGTAGCGCATCCCTAGCATATTATCCCATTTTAAGACCATTATTATGAGGGTCTACTTCTGGCTGTTGCATCAAGGTCCCCTAGCCTCGCTGGGCCCTCGATGAACGGGCAGGAGGTCGTCACCCACGGCTTTAGATAGGACACCCAATTGGCATTTGTAGTTATTGAACTCTTTCATAC,480,48.54,Caenorhabditis elegans
SEQ_378163,TTTGGTGCCTACGTGCCTGGATTTTGACGATTGGCGGCTTGTTCCGACTCGGGTCACGAACCCGTTCACTAAATCGGTCCGTTTATTCTGTCGCACTGGACAGCACAAAGATCCCACCATCTAACCAGACGCCCCATCCACTATCTAATGATCGCCGTCCGAGGTTATCAGAGACTGACCCCTGGGCGGAAGTTTCGCTGGGGTCGTTGACAGATGCAGTAAAGGAGAGGTGTCTGAACTGAGGAATGTTCGTTTGTGTCCTAATATTGCTGTGAAAAGGGATAGGCCCTAAAAAGTGGATCGGCACCCCTAAAATCCCTTAATCAAAGATTGCTACTAGAATTAATAACGCTGTTCTTCGCACGTACCCACTAAATCTACCACAGACGGAACACCCACGATAAGCGCGAGCAGGGATTACCCCACGTACTGAACCTACAGCTTTGTGTAGAAGCAATGGTGTTGTCTCCGATAGGTGGCAAACAGGAAGTGTTGGTCCGAGAAGGAAGAACATGAGTAGCTCCCAGATCTTTAATGAGATGAGTGCACCAGGAGGTCTGAAATGAGGAATACGATGGTTAAAGAACGCTCCAATTATATTATGCACATCGGCAAGGGCCTCTGTGTAAAACTATCGGCGCAGGCGATCCTGGCATACAAGGCAATCGTCTTTTGCCTAAAGCAACCAGCGATCCCTAACCCAGGACCGCTAATCATCGACTATCGGGGAATGATAACATTATAACGGAGTGACTTCAGGAGCGTATTCCAGGATTGTAGGACCCGATCCACTGTTGGCGTGCAGTGAGGTAGACTGTCGCCGTGCTTTCCTGTGGGAGGCGCGTCGTCTGGATCAAGGCCGCTGATGCGGGGGCTTCAATACATGCGAGTAGCCTGAGCCGTAGCCAAACAATAGTAAGTCCTGTGTTCCTGGCTGCCCAGTCGGCAAGTTATCCCGCGTGATGTGTGCTCGTGCTGCTCCCTACCTGACTTCTACAGAATTAAGACTGGACAAGAGTCATCGGTGATAGAGAAGGACCATATTTTATAACCCGACCCACGTCCTTCTAAATGCCGCATGCCTAC,1086,50.28,Arabidopsis thaliana
SEQ_772439,ATGCATCCACGGACTTCGACGTATTTTCACGCTTACCCACAACAGCAAGCGGTGGAACAGTACTATACTGTACTCACCTCTGAAATCCAGGCCAACGCACTCAATGACCCTTCCAAAACATGATCCTAGATGCCTGCCCTGAGTGAGGACTTATGGATAGTGCCTGGTCATAGTCGGCCCGCTCGGATACTTTTGCTTGCAATTGGGCAGAACATCACACCTCCGTCATCTCTATCCCTTAGCGTATCTTCAAGTACGGCATCTCTCGCATCTTAATCTTGATACCCGCAAAAACTTCTATAATTGTCTCACGGGCTAGCACGCACTCTCACGATTCTAAAGGACTCCGTTGACACCCGAACTAAGGATCCGGCGGAGCACTTCATTCCCTTTCGTGTCGCCACGACCTATCCTTGTCCGCGATTTAGCCGGCCCTGATACTCGTGGGGTCATCATCGTGACGAACGACCATAAACGCGTCGTGGCACAAATCTTGTTGGACTAAGCTATCAATGAGACGCGGATTGGGCCCTCCACTACCGGTAGTCCTCCTTTCGTCACCGATGACCTCACGAGAGCTCGTGAAGGGTACCGGCATGATTCGCATGATGGCGCCGTCTAACGTTCAACAGCCAACTAGAGCCCGCAGTCTGCCCGAGTAGTTCATACAACTTAATCCCTTTTATGAAACATACGGTCACAGGGGGTCATTCAGATCATAGCCCCCTTATCGCTCGTATCGATCCCGTCGCTGTCTCGACTGTGAGAACTTCGAGCGAGTATTGTGTATGTGACTCGCTAGTTACCTAATCCGCAGTTCTAACGATCCGCTCGTTTTACTCTACAGTGGAGTCCATACCATCGGAGCTGATCCCCAGACAAAAACTCCGTCTAGAGATGAGCGTTTAAGCCCAAACTTCGCGGTGAGAAATGAATCAGCTACCAGAACGCGATAAGTATCAATATGAACGTCGCCGAGGTGATGGACCGCGCACGTTGAACGGTCCGCAACACACTTACGTTGCTATCAAGGCCACACCAGCTCTTTGCCTATACGTTTTTGCTATCCCTTTTTAATCTATATGTTAGAGTGAATCCGCGTGAATACCTGCCGCAGCGTTGTAAATTAACAGTGAGCACGTAGTTTGCGACTCTAGCAATTGATCTACCGTCCTCGTTGCGTCCTCTGCAGCTTACAAGAGCGGTTTTCAGGCAGACCAAGCGGAATAGGATACTAAAGGACTTCGTGATTTCAGTCTTTGTTCTTGTTTTTGCTATTGTTATTTTAGAAGAGGAGCGCTAGTTCCATGTGCTCGTAAAAACTTGAGAAATAGGACACATCGCGTCTAAGGAAAGCCACGACTGTGCACGGGGTAGCACAGTACGCCCAATG,1393,49.39,Escherichia coli
SEQ_851906,ACAGAGGTGATTGTGACTGCTCGCCACTCATGGATAAGCAGCCCAACGAGGGAAATTGCGAAAAAGGACCACGGAGTCCCCCCCGTGAACGGTTCTGGGAAGAGTGCTAGCTTGCAGGAATCTCCACCGACGAAATGCTGATTGTTTGGTGCCGATCAGGCACGCTCTACGGGGGGGATTGTGATTCTAGATCACCATACCTGCGCGAGCACATCTAGGGTGGTTAACTTGGGCGTAAACTCATGTAGTGTAAAATTCACGCCAACATATCCCCATAAATAACGGACGATCAACCATAGCACTTAGGACTTGACGCACACACCTATTTTTGTGCCCAGCGTTTCCTACCAGGCAATGGATTGGTTCGCCGGCCTCTCAGTTAAGCCTTCTGCCTTTGCACGGGATAAGTTTATACCCGTTTTCGCCTAATACCAGAGTTACCCTGGGGTGGACCAGCTTTAGAAGTTCGGAAGCCAACTTATCAAGGTTCGAATCAGACACGTCGCGTTCTAATACACCCACGTAGGTAAGAGCGCGGCGCAAGTTAGTGTGCAACCCTTGTTTACCGACAGTCACGTTTACGGAATCGACTACATCTTCCACTACTTTGATGACGAATTCCAGATACGTCCAGTGAATTCTCCCCCTGGGCCCTGACAACCTGGAAGCTGTTCTGTGTGCAGCCGATATGCGGAGTTGGTACTAGTTATAGACAAGATCCAAATTCGTCGGTTACTGAAAACAACGAGATATTCTAACCAGAATGTAGTGCGACACCGCCGCAAGGTGAAGACTTTGTGAGGAGAGAATTTATGCGTCCTTGAATCCAGTTATCTCTGGCTCTATTGTATTAGGGCACCCCGTCCAAAGTTAAAGAAGTCAGCTAGGATACCTTCCAATGTCAGCTTTAGATTCTGCTGTCCTCAACTTTACTGGAGCATTAATAATGAATCAACTGAGCAAAAATTTGGGGGCAGTGTTCCAAGCGTAGCACTACAGGATAGTAGCTATGGCTCAGTTGTAGAGTAAGTCTGGATTCTACTCATGATTTATGTCTGAAACGGCACTATTCAGACACGTGGAGGGCCGGATACAGGACCCCAGTGACTGACAACGACCTCAAGCTTCCTGCACGCATAGAACTGGGCGCTAGTGCTATATCCGCTTAGAGTTGGCTTTAAGTATCGACAAGCCGGATAAAGTAGGCGCGTTACTGTCGGTATACACAGCAGAGAGGGGTAACGAACAAATGTCAGTCTAGCTGGGGCCTGCCTGAAACTCAATTGCTTTGAGGACCAGTCCATTGTACGCTAGCGTTGGACTCTAGGAGGATAGACCAAATCTTCGCCAAACACTTCCAATAATGTTATGGTGTAGATGTCACGTGTGGCACAGTCGAATTGGTAGCGGATCATTCCAAAAGTGTGCCGTGCGAGTTAACGCACGAGGGTACCGACGCCGTTCCCCACGGCGTCTTGGTTACAATCGACCCAACTCACGTCTAGTTCCATGCTTGGTAGACATCGCGATTAGTGCCCATCACTTTCGGTACCCAACGAGGAAACCAACCCCGCTCTCATGTCGAACTGTA,1591,49.03,Caenorhabditis elegans
SEQ_384330,CCTAGTAGGGGGATCTGCACGGACCTATAACGAGCGACGAGTATTAGTAACGTGTCTGACGTATAGCCCATTCGCCAACTGAGTAAGATACCCTTATAGTAGTAGGAGTTGGTAAATCAGGGCGAGTAAATGACTCCTACATTTGGTGGGTTGGTTAGAATGCGCGTTATTCATTACGGTGCAGTCTTTTAAATGTTTTCATGCATTGCGTGACGGTGGCCTCGGCCGGTCTTTCCGCCATTGAGAGGGACTACCGTATAAGAGTCTGCAGACACTGCAACGCGTTAATTACTGAAATACTTAGTATGTCGTTGGCTGCGCGTTGAGACGCTGGATAACGATATTTCACGCGCGAGGCGACCCACGCAATTGTAAGAGAATCACGACAACCAGGTACTCCCATGGTATTGAACCGTACCCCCCGCGCAGTTAAAGGTGGCAAATTGTTATCCGTATTCCCGGGGAGCCTGTCTGGATTAGCGCTGGCAGCTAAGGGTTAGTTTGACCTGTCCCTTCAGGAGCTCAAGTACAAAGATCTCGATTTACTGATGCTTTGTCAAGTGTCACTGGATCCCTCATGACACGGTCCTGAGCAACCAAGGACCCTAATGTTCTAGGCTTATTATGGCTAGCAAGGTGAATTTCAACTCTTCCGGACAAAGGGATCTATTGTACGCTCGACGCCCCAAACCCAAGCGGAGTGATCTCCTTGAACTCGGATGTGCAGAACGAACGAGTTACAATCATTTAGAGCTTGAGCGAACTTGGCACCGAATAGGCCCGGATGTCACTCAGGGAATTATAACCCGGCACTCACGTTTCTTAGAAGCAATGATTTCGTGCTAGAAGTCCACCATAGTGTATTTGCAAGAGCCGTCTCGCATAGCGGCAGGTTCGCGAACTATGGACACGCCCGACAAGGCGCTCATCCAAGCGATCAGGGGAGAATGCCTACCTAGAAAGTCTTAACATTGTTGTGGACTGATGCGCCGAGTGAGGATGTTAGTTACCCGGAATTTGCGCTTTAAACACCTGATGTTCGGATCACTATAACCTTCAGTGCACAATGCGTCCTAGCCACATAAGGGGCTTTGTGTGGAATATACAACGGTCTGTGGTGCCTAATATCCCTATTAACATAAGG,1144,48.69,Arabidopsis thaliana
SEQ_521139,CCAATATGCCGATGTCCACGAGATCTAGACTTCTGTGAGCGTTCCGGATAAAACAGTTAGAAGGTGGTCGTCGTTACAAATAGGTCAGGGTTATTGCGTTCTAAGAAAGCTCGCTTAACCGCAGCGGCCGTCATTGCAGGCTCGGTGTACAATTGGACGACAAGGGACCTGAACAACCGCTTAATTAGCAACGATAACGATATAGGACTTAGAATGTAGCCTGCTGGCGGGGGTTGCCGAAGGAGATCTAATCGTTAAGTAGATCAGGCCGCCTAGTTAATCTCCAAACCGATGAAAAATCATAACCGACCTTTCTGACTTGAAGTTATGTTCAGGAACGCCAGTCCGGAAGACAGCGCGGGTACGATAA,370,48.11,Escherichia coli
SEQ_171971,ACCGTTCCGGTCGCAGAGTGTCTGATTCCGTATGTCCGAAGTACTGAGACCTATTAGACTCTGCTGCGTAGTTGCGGCCCTCCCTGGTCACAAATTATCTATCAAAATACCAGCAGAAATCCGCGAACGACACCTCTACCAAGGACTAATCGACGTGGGGGGGACAACCCGGAACATACCTGATTACAAGTGAGTACAATAAAAAGGTCACTATTCAGCCCATAAGCGGTTTGACAATTCCATTCTTGGGGCTTTATATATGGAAGGGCTCTCGCATCGCGTCGAAAACCTTATGATCACTAGTTCTAATGGGCGCTCAAACCCGGCGATCATTGAGTGGGACCGGCCGTAGCTGACCTTCGACCTATAAGTACCCCAGGGTGGCCGCGCACTCGCCAGCCAACGTCTCGTAATGTTCCCTGCACGTTCGTACTAAGCGTTATGACCTCTGTTCCTCCGGGTCTTACGCGGCCACTGCACAGTCAGGACCGTCAGGTCTTATAAGTAGTGATTCCTCATATCTGAGCAGCACTACCCGAAGTGATCCGCCTCTGCGGCGAGCGCGATGTGGAAGCGACCAAATTCGAGCGCTCTTCATGTGTGTGCATTGGCACATAGGGCGTAAGACGGAATCTTACTCAGACATTGATCGCAGGGGTCCGATACCTACAAATAATACTGCGTTTTGGATCTGGTTCGTAGGGAAGCACCCCCCTATCTTGAAGCAATGGACATAAACTAGGTCTTACAGCCAAGGCGGGACCCCTTACACGGCGTTCGATATTGGCGACTTAAATTAGGAAGGGCCACCCGGTGCCCACAGTTGTCTGCAAAAGAACATAATCCAAAATATAGAGGGTTGGTGGCATATGATTAGCGTAGGGAAGCGAGCTTTCTGTAAGAAAATCCATTACGATTCCGCAGTTATTCAAAACACATCACACGACAGGAAAATTAACAGGTGAAGAGGCAGCATTAACTATGCTAGTGTAGCCAACAGTGTTGGCACGAGCACAAGCGGAGCTACGGACAGGTGCGCCTATCGGCACACTGCTTCCCAGGCGTTTACGAGTCCTATTTGCTTAGCTCCTACTATTGAATCGGAATCCCAGTACACTCTTGGTGGCTTAAAAATTATCAAACAACGACGTCACGCGATGGGACAGCCACCCCTCGGAACTGGTATTAACCCTACCGTTGACACACGGTTTCCGTGATACAGAATAATTGGCCGACTCTGCGGAGAATTGGGAATTGAGTAGAAAACGAGTAAGGAAAAGACGTGACTAGTAGGGTTTCGGCGACGTATTTAATCTTACTAAGACGCCGAGGCGCGTACAGGAGGATCGGCTGCTGCTTATTCTAACTCCTTGACAGCGGAGCACA,1386,49.93,Caenorhabditis elegans
SEQ_253004,TTCACAAAAAGTTTGTCCACTGTGTTCCGTGCCTCGGCCTTTATAAGTGTCTATCGAAGTTTGCATAGAGTCAGCAAATAATCACCTTGGGATTGCGTTACACAATTATAACCAGAGCGTACTAAACGCATTTCTAAAACCTCGACAAACGATTCGGTACTTAGTCATTGGGACCCCCCTGTGTTGGGCGTAGAGACTGGGCAAGATGGTGGGCAGAGTCATCCGACGTCTTGAACTCCGGCATAAATAAAATACCTGGTTCATGATAAACAAGTCCTTCTCAGGTGGAACCGCTTCAATGCAGCTCGACGCCTTGGTGCTAATCTAGGTGTAAGCCTCGCAGCCCTTTGAAACCCTTCTCAGTGTCTTTAATGGTCCGATGATATGAGGAATTCTCGGGAAAACGTCCGCCCTGTAAGCATGCTCCTAGCTGACTCTAAATCAAGACGATTATCCCGCGGCTATTCTTCAACAAGCGAGAGTAATGTCATGAAACTGCTGGGTTCGCGCCTTAAATCAAGCTCTACGTCATTTAGCTGGCGCTTCATACCCGTAGGGCCATTGTGTACGCGTAACTTGGTGAATCAGTTATTCGCCTATGTTGCCCTGTGCCGCCAAGTGCTCCAGGCTGGTTGACCGTTATGGCGCAAGAAGCCTTTTC,661,47.96,Drosophila melanogaster
SEQ_482426,CATACGGATAGATACTTACGTGCGTCCCTTTTAGCCTGGATGTACGTTGCGGCTACTGGTCAATAAACAGTTACGCCAACTACCACTGTAAAACTCACACCGCTTATGAGCCTAATGGTGTAGAGGTCAAGATAAGAAATGAGTACGTGTGTGGTCTAGAGATTGGGGGTTCTACTATACCGTTCGCGCAGGACGGCGCTCAAATTCCTGTGAACTAAGTACCCGCACTACACATACCCTCCACCAATACTTAGGGGGATCTCATGGGAGGCAAGGCCTGGTAGCGACCAGCGGGGTTGCCTCTGACGGCCCTGTATACACAGACGTGGCCTGTCGTGCACAATACATATCCTTTAAAAGGATTAGTCGCCTAAATCGAATTTTTTTAGTTAATCGCAGATCTTAAGTACCCCCTAAATTAGATCGAATTTAGGGTTATCGGCGCACAGGCTAGAACAGTAGTAACGAAATGAGGCTTTCTGCAACATTCGCAGAAATACGAACTTATCCGTCAACCATCTACGTCATTGCTGAGGTTCTGTAGCCTATTGCTGAGTGATCTGCCCGAGTGAGGGGTTACCCAAAAAATCTGAATACACACCCTCCGTTACAACCGATGCCGTGGGGGTCGGGAACTACCTGCGAGAATGTCATGTATCGAAACCCAGGCAGTACAATCTATGCCAAAGGAACCTGTGATTCAGGAGGAGAGACAACTACACTGCCATGGTCGAGGCATTACACAGGACCTCAATTCCTGGCTCATATCCATATCTAGACAATTTTGGATTACGCAAACGGCTATCCTTCGGAGCCGGGGTAAAAAGTACCATCCCTCACGGAGAGTCTGCCCAAGAGTTGGGCCGAATGCCCGGCAGGATGGTCCGTATGAGATCATGTAAAGCCAATCTCTTCACCATCATAGGACGATATTCCTATGCGATTATGTGTGTGCTGTTGCTTGAACAACCCTACACCCTCATAAGTAGAGAACGTGTATCGCACGTATCCGCTAAACCAGAGGCACTCACAAGCAGAATGGTTATCAGCTATCGGATGACCGCCTGTAACAGGGTTTCGGACGCTCGATCACTAATAGAATGAGCACCGGTTTTAGGGGGATTAATCCAACAGGCTCAGATGCGCGACAGGGATACCTTCTTCCAGCTCTCGTCACGCCATAGGCGTGTTAACCCGATCTCGTTTGAACGCATCCTACGAAGGGAGCCCACGTGCCAAACATGCATCGCGACATGTCCGTCTCGACTCCAGCGCTGATCTTTATTAGGACATAGACTAACCGTAATAAATTGTCCACGCGATGCTGGAAAGCTTAGGTGGTATGATCGAATGTGAGCTATCGCTAAAGGGCCGCGCTTACCCCTCACTACTCGGCATAGCGGCCTTCGACCGGACGCAGTTACGTAATGATTGTCTGGTTAGAACGCTCTAGTCTCTATGCCACTGAGGGGGTGGTTGACTCATAGTAAGACTATGACCTGAGTCGTGCGCACGTCAAACTTATCTTCCCTTCAACCAGGCTCGCATGTCGAGACAAAGTGCTCCCTATTGCACTTATTGTCATCATTGCTGGACAAGCTCATTGTCAGGGTATGAGCGAGAGGCACAACCGGTCGATGGTAGAGCTCCTGAAAAGGCCCTTGATATTCACTAGTCAGCAAACGAATGCAATACCGTTAGTCACTTAGATCTTTCCCGCAGCCCGCTCTGGTAAAACTCACGCTCGCAACCGAATTCAACTCTGACTTCGGCCAGCGCAACCGGA,1786,49.38,Homo sapiens
SEQ_564571,CTACTCAACGGCCACAATTTTTTGCACCAGAACCGAGCGGGTTTCCACTCTCAGGAACTATCATCTCCGTCAAGAAACGTATCTTGTACCTCCACCGGCAGAGTCGCACTGTCAAACGGCGATGTATGGAGTTCTAGATTGGTGCCATATAATGGTGAACGGGGGCCCTCGAACTCGCGCCAGTTCCCGCTAGTAAGTGGCTCTGAGTCTTGGGGGACGCCAAACTCCCTCCTTACCTAGCCTGCGGTACTTGGTTATACCGCGTGTGTCTCCTTAGTCGATACCGCAAGACTGTACGGGCACCCCGTGATTACCCGAAAGGAATTGGGTGCCAAGCTAACTTAAAAACTTTTATATATGCGTCGGGCAAGGAGACCCAAAGTTACTCGTCCATTCGAAGTTGGCAACTTAAGGTGCCTCTAATAGTCTGGAAACGGATCTCAGAGCTAATTAGTCTCGATCTGAGCGTAAGCTGCACTTGATCGTAGACGTTCTAGTGTAGCGTGACAGGCGCACGTCGAATTGGCTCTGTATGAGAGGCAGCAATATGAGAAACGGTCCCGAGTGCATCGCTACGTTTAGACCACTAACTCAGATTGGGCTCGTATCGGACAAGGGGCACCATGCCCCTACCCCCTAGCAGTTAGACCGACCGCTTAATGGACACGGTACGACTGAAGCTCGGAAACGCGTACTAGTGCAGCTTGCTTATTACACCTCCCAGCCGTGTTCACTGTTAACTCTATCGGAGCTTCTAATTTATATTGCTCCGTCAAACAAATTTTCATCGTTGAACTGGCCTGCTCGGGTTATGGCTTCGCCGTGAGTGCGGATGTTCTATACTGTTGTAAACTGATCATCCCCGCAGCCGTCTACCGCAAACGCCCTCGTAATATCCTCTATTAACAGATTGTTCAGGGAGACTCCCCTCGAGAGACTCCGACCGGGCACTGGAAGTACGTGGGTTAGAGGCAGATGTACCGCGTCCCATCGTACAATGCTAGGTTATCTATTCTCATAGGCTAGCCTGTACTGAGCTCACGGAGTAGTCACTATCAGCACAAGGACAAGGTGACGCTACTCTTGTTGACGCACAGATGCCGAGAGCATGCACGCTCAGAGTAGCTTTACTGTAGGTAGGCTCTCCCTTGAAAGCGAAATCCCGAATGGCCATATCACGAGTTAACCGGTGCGAGGGGTTCTCTGCCTTGCAAGCCACAGACGTGCAGTCTTCATCGTGTATATAGCCAGGGACGATGCTCTGAGTGTTGGTCGAGGCAGCAACCGTCAAGGGGTTCTTCAAGGAATTGGAACAACTGTTTGTGAATTTGACATGAAACAGTATGTGGTACACGTACGAAGGGGAAAGTGATTCTGATTCAGATGACTCGAACTTCGTGGGCTCATCTCGTTCCAACCAGAAGGCATCGTCGTTGGGCCGAAGAACTCACACCCACATCAATTAACGCTTGTCAATGACGAATGAAGAATTGGCCTCTCCGGGGGCTCTTGGGAAAGAATGTCGTAGGCGTCCAATGGGAACCAGCTGTATACTGATCTTTAGCGTACTTTAGTTATCCCAGCGGTTTTTCACTAAGACGGCTTACACATACATGGTGATCATGGATGTTAATTACAGCGCAACTTGTCAATAGCACACTTACAACCCCGCTAGGCATCGACCACAAAGGCGTCCGTCAATAAAAGGAAGTCTAACTAAATCCCGAAGATTTTTAGGGCGTTTCCGAATATAAACTAAGGTTCCCTTTCCCGACTCCATGTATACTTCGGGGGCCTTGAAAACTTTGGTAGCACTTCCTCTGACCAGCGTCTAATATGACCCTTGATGAGTCACCAGCTTGTGTCGTATTGGCGCACCGAATACGATATACGCGCGGTTGAGCGGTCTTGTA,1913,49.82,Homo sapiens
SEQ_615508,CCTGCCCGCCTGTATAATCGTTCGGATGCAGATGAGGGACATAACAGAGGCCGTGCCCGAACCAGTGAGATCGTTTTCGGCAGCTATGGGTTCTGGAGATGACTTGGTGCATCAACGGGCACGTAAGATACTGCGAATATCTAAATAAGACAACTAGAGTCTAACGCTTAACTTGGAGTAACACTGACTAGAGGATCGTTTTACGTAGCCGGGGGAATCCTTAATCGTTTGATCGGGCACGCCATCCTGTATAGGCAGGCGAATCCACCCCGCTGAAATCTTTTACATTGTGCCCTCCTCCATCATCCTCCACCCTGGGGTGAGCTGCGCGCGCGTATGGGCTCGCTGGGCAAATAACAGCCCCAACATCAGAGTACTCATGACGACTCCGTCTCGGGATCAACCGAGCAATATCGTAGACTAAGGCTAATTACGCTGCTTGGCGCCGGTCCGTTTAGCAAATTCCAGCGCCTAGGTGTGGTTGTTGGCTATGGACGGAGCAATATCTTTTGCACACCCCACGTCGTATAATAGCAGTGTTTAGGAGGGGAGGGAAGTAGGAAATAATATATATGTATGGCTGCTATAGACGGGTTCACACTTCCAGAAACTAGCCAAATCCGGGATGCCACCATGCATTTGAAAGGACATCGCTATTGTAATCACGGGCCAACAGAGAACGCCAGGGCAGCGGA,695,51.08,Homo sapiens
SEQ_233260,GTGAGGGGACAAGACCGTGGATTAGAACGTCTGACGAACGACGACAGAACCTACCATATCTGGTCGGCCACGTCGCATACCGCGCCTGTCGATCGCCTTCGTCCTCAAAGACTCACCCCGTTCGGGCTGCCGTGCTTACGGCGACACTGCGTGACCAGAAGCGAACGTGTACCACTATCACAGGGGTCAACTATTTAAGGCGCGTACAGTCTAGGAGATCAGCTTTTAACATCGGGTCTACTGACTGGCCCTTGAACGTCTTTTGACGTACTTCGTCCTCTCCGAAGTCATTCGTAGAGCGTATATAATACTCCTGTTAGTCAGTCGTCTACCATCCAGAAGTACATGCGAGGTTTTGAATACCCTGAGCGCCCCAGCTAAGTAAACCTTCCATGATCTGGTGCAAAGTCGGACGTTATTAGTGATTATAGGGTGAAGCTTTTTCTGCAACCGGGAGTTAAACACGTCCGCGTTCGGCCTCACTGTGACGATCTTCCCAACATCAGAAACCGGGAATCTCTAGAGTCACTCTAAAATCATCGAGACCCCGATAAGGTTCCGCAACAACTTAGCTGGGACGAGAGTACCTACATTCGCCGAACTTTTACTTATTCAGGTCGGGGCGGACGTGTTTCATTTGGGCATGCGAAAATCTGCCAGTCTGCGCGGACACGTGGAACCTCTGAGACAAGAATACGTAATTGCGTAGGAGTTGGCTCGTGGCGTATTGGCGTTGGCGTTACCAAGGGTGGTAGATGCATGCAGTCCAGTATGTTTTTTTTGGTCACACAGTGTTGTCTTCACGG,806,50.87,Arabidopsis thaliana
SEQ_732243,GGAGCCCGCTAGACGACGATAACTTTATTTCCCAGCGGGAACAGTGGCGGTGTTAAAGCGATAGAAAGGTTAAGGTCTATGGGTCACCTGGAAATACCGGTCGTAAGCTGCGCTCCGAACCAGCGTTTCTAGGCACAGCACAGCTATGACATTTGAGGAGCTGCGTTGGATAAGGCCAAGTGCGCATAGTCATAAAATTTTCGCCTCGGCTACCAGCGTTTGCAAATATCGTACGTCCATTAACGGCCTACGGGGCGGGGGCCTCGACTCCAGCGTTTGAGCACTGTGGTTTGCTAGAGGTACAACAGATAAGCGTCATTGTTGTCTATTATTTCGCCCGTTGAGGTACAGTCGCGACTGCTTGACAACTTATCGATCGCCATTTCCAAGACCGCTGGAAAAGCCGCGCTACGCCACAACGACGTGTGTTGTTAGAGCACATTCTTACTTGCAATTATACCAATGGAAGAGACACTCTAACACACTAGATTTGATGAATCCTGCGCAAATGTGTGAACCTGAGATGTCAGATAAGTTTCCAAAGGCTTATTATCCGGCGGGGGCTTGAACCATTACAAACGCTCTATGGTTGTTACATCGCTTAGGCACCTCAACAGCTCCATAGACAATTGTCGAGACGGAAAGTGTGTATTTTGTAGCGCGCGGCAGCCCAAGAGGTTAGAGGACTGCCCGCAGAAGACTACCCAGCCCCGGACAGGGTGACGTGGGGCCATGATCCGAGTTCCTAATCTTTGGGTTTCGGAACTACCGGGGGCTGTATCATCTCCGTTAGCCAACGTTCTCGACTGCATATCTCATATCTTCGAGTGCGTAACAAATGTCACGGTTTTCGTCCCGCCCCCTAAATTTTGCGTAAGACCTTCTGCTCAATAATTTGGTTTCGGCGAGTTTGAACCGGGGTGTTCAAGCCCGAGCTTCCTATACTCGGTTAGGGGGCCATAGCCTCGGGTACCGTCACTCACCGCTGCCGCGTCGAGGGGCAGACGCTCCGCCATGGGGATCTACCGAAGGGTGCATCATATTCATTGCGCGACCGCAGTAGCCAAGGAGTACAGCAGCCACTCTACCTCTGCCTACGATCGGTCATTCGCAGCCCATCATAGTAACCAACCAGGAAGTTTCTGTCTTGGGGTTCTTAATGAGCTTACTTGCCGAGACCGTGTAAGAAGTCGAGTCTCTGTGAAAGGGCTAGATTGTCAGAACCATATTCATCTGTTCCTCATCAGAACAAATGAGCGCAGTGCCTGTCCGCGGTGGGATAATTAGCTAAACCGTGTGTGGGTCCTGGCCGGGCCCCCTATGACTCCCCCTGTTTAAAGAGGGCGTCCCTGCACGCGTGATATGCTGGGAGCAACATTTTTAGTGTATCACTCTTCATCAAAAAGTGTGAATCGATTAATCTACTTTAGTTCACCGCCCTATAGGTATCCCTGGGTGTAACTATGAACCATGATAAAAATGCTTCGAACCAGCAACGATGGATAAGCTTCTTTGCTGGTTAAAATAATAGCACGGTGGCTCCCGGACACGAACGCTTTAAACCGTTAAATGTCACCTTGAGTTACACGAACCCTGACACGCGTTACGGGATGCTCAGAAATCAGACGTATTCTGTTAGCATCACACAACCACAAGCAGCCGCCCAGTCGATAATACGACTAGGTCGTTCTATGTCGACGGGTAAATCTATCCAGTGCAAGCTCTTGAAGGTGAGCAGGATCCGTTACGAAGTGTTTACTCTTGTCTTAGTAGCAACGATTGAACCTGCCGGACCGCAACGGTGCGGCCATGCCTTTTGCCTACTTAAATTTTTAACCAATCTGACGAGAGCAATAGTGTGGTTCGGCCAATCGGGTAACAAGTAACCACGAGGGGATTGTTATGGAGTGGAATCAAGAGCGAGCCACCGTATGTATATTAGTCCG,1946,50.0,Caenorhabditis elegans
SEQ_186248,TGATAACTATCCTTGTGGCTGAATAGGCACCCTCGATAAATGAATGGTGCCAGCGATCTTAACAAAAAATCGCAGGCCGCGCTTCAACAGATTCTGTTCTGGAAAATACTTTTTCTTAATCGTTTGATAAGTGACTCTCCCCGAGACAATCTTCCCGGCGGCGAATTCCTAGTCTTATAAACTCTGGTGTGCCTAGCCTCCGTAAAGTTATTCCAGTGGAGTGGACCTTTCGCAAGTGCTTCCTATCTTAGTAACCCCGACAGAATGCGAAATATTTAACGTCGCCGCTCAGACCCCACGTGAGCGGAGTAGATAAACGACACATATGCAGGCTCACAATCACGACTAAGCAAATTAATCAAATCGAGGTGGCAACGACTAGGCAGCCCTGTCACGCTTCTCGGAGCAACGGGGAAGTGAGGGGGTTGCTACTGACCAGGCTCCTACCTAAGGGCATCCCGGCGTAGGAAAGAAGAGCCATGCTTCGCGATGAGGAGGCCGGGTTACGCCCGTATCATTAACATATTAATATGAAGCGTACGTTGTATGCAATGTTACTAGGG,563,48.49,Caenorhabditis elegans
SEQ_535940,CTATATTCCTACTGCCCCTAAAATACGCCTGAACCCGGGCACAGTCTTAGCCATCCACTGAATCGTGAGCAAGGTTTGGCTCGTCAACCTCTCGACAAATCTAAGCCCCGGTTTATCAACCACCTGGCGAAGATAGCCACCAATCAGTGACTTTATCGCAACCCAGCTACATTCGACTGGATCGGGCTAATGTCGCGTCGTTGAATTTTCTATATGCGCCGGATATATCTCGTTCCTCGTTCGATATCCCGGAAGTAGAAGAACACGCGATTTTTGATTAGATCAGCAGAGTGCCAACTGACGCACGCGAGTCCTACAACGCTTGGGAATATGCATAGGTTAGGACGTATCGGTATCCATTCATTTGACAGGACGGGAATTCACGTTCACGCTGCGAAGGGGTTAGTGGGAAGAACCTGTATATATCAGGTAGGAATGCTGAGCCCGGTAGAATGGAAGCGCGACAAAAGCTGCGCGAGGAGTTAATATCCGAACCAACATTAGGATTGAGTGGACCAGCCTCAATGCCCGCTAAGCTCCCGATGCCGACGAGCATCTTTTTCTGGTAATTCCGCGCGTCGCGACGGCTCGATTAAGCCCGGGAACTCTATACGCATGCTGGGACACGCGGAGGAGCATGATTGCACCCCTGTTCCATTACAGGAATGTCGCTTGCTTCGTTTGACATGCAGCCGTGTGAGAGATTGCAGCACAATTGAAGTACAAAGCAAAAGTCGTGCGGGACAATGCTCGAGGGAAAACTGGGTCAGACCGGCAATCAAGTGGGCGAGGTCTCGGACTTCGATACGATTCTGACTCAACGCGTTAATAGTCGGTGATCTCGCCACATTCATCAGTCGGGTACTATATGGACCCGGTTAATAGTTTAGCGAACCTCCGAGAATTACTCGCATACCAGATGGGCACGGACATACTACCTCGCCCGGGGAATTTAGCACTATCGGCTGATTTACCTCTAGAGAGAGTGCCCTGGGTTGTATCATTCTTGGCTAGTCGTCATAACCATGCCGCCGGCACCCCACACACGGTGAACCATAGCAGAGAAACTAGGAACATATGCGGCATCCTCCACAAGGCCGACAACTCTGTTGCGTGAAGTATGGCGATTAGCCGTACCCCATAAGGGCCCGGCGAACCGGCGGCCAACTCGGACACCTAATATCATTAGTATATAGCTCTTTTCCATACAATAAGTAATCTGCCTCATGACCCAAAGTAGATCCAACGAAGGGACGAGAGCGATGTGGTTTTCGGACGGTGACGCGAGAAGGTAAGTGCCCCTAAGCAAGGAGACCCGACCTGACGGGCCCTGTGTTGTGGCTAAGATGTTCCCTTGCTTGCCTTTTTGGTCGCATGCAAACAGGGCAATACATATCCTAGGTATCTGAGACTATAAAACCTGACATGGCTCCTACATCATCCAGGTATGTTG,1453,50.86,Homo sapiens
SEQ_636025,TTATCCATTTTTATCCATCCGGATCAAGTTCTGAGCTCTTCTTCAAGGTTTATAGTTAACCCGTGTGTTTGTCATGTGACATCGACGGATTGCATGCCGCACGTGAAAGTGGATCTAGGACGATGCCGACTTAAGAGGCCGCAGTAATGTGCAGATGCAGCTTCCTTCACCGCTTTCACGGCATCAAAGACGATCTGAACTGCATCTGTGTTGAGGCACTCAGTGTGGGCGATGAATCAACCCCAGCAGCAGAAGCTGGGCCGTCCGCATTATAATCTCTCTACCATCGCTTCCAAGCTTCATCACCGATGGGGGACTAGGGAGGGAATAGGATAAGTGATGATCAATTTTCGAATTAGATACATCGTTGCGTGGAGTAGATTGTGGATATCATGACTCCACTGCATCCGCGCGATTCATCCAAAAGACGCCCTGGCGGCCCGGTGAGGCGTAAGGAGCTTTGGACTTCTCGGCCCTGGACCCTACTCACTGCCGAAGAACGCTTTTCTCTAGCAAGCTGCTGCTTTCCTCCACAGGGCTGATAGCGTAGTGCGTGTAACGGATCTACCTTAGCGTGGTAACTTTAGTTTATGCCAGGTTATGGTGGA,608,50.16,Arabidopsis thaliana
SEQ_681915,GACGCGAGGCCCGATCTCACTCATGGGTATCAGTAACTATGGCGAGAGTTCTTACACTTAAGAATAAGATTCGTGCATCATTTTAGCGTCGCTTAAAACGTGTGAATCTGTTACCTCAGAGTCCCGACCCCCCTTACACACTCAACTCCTAGTTCTACGCCACATTACGGGAGTGCTTATAACGATCTGGATTTGTTTAGGCCTAGTATTAATTGCCAAGTGCTCCTGCGACGAGTCTGCAGCTTGATAAAAGCGTCTCGCTAGCAATCGTCTTATCACACGAACATATAATCAGGCGTTCTATTTAGACCTATTAGGCGAATACATGCCAGTAATGATCATGTGGAGGCATCATGTGGAGTCCAGTATCAGTATATTACACTCTTGACAGGTGGCAACGCAGGTCACTGCGAATGGGGTGGGCTTAGCAAAATAAATAGATAACATGATACGGGTAGCTAGCTCAATGCGACTGTGCTACGCTACAAGCGCTGGAAGGATGATTGGGAGCAACCCATTTGATTGTGTAGGGCACGACCGCTGCGTGGGTGTAACGGGTTACACAACTGTCCCAGTGGTTAACCTAACTATTACGTGCGATTTGCTGGACCTCCTGGCGCGGGTAGAGTCAAAACTACCTTGTATACTGGTTCCAGTCCGTCGCGCACGGTTCCGC,676,48.08,Drosophila melanogaster
SEQ_793123,GCTTTGACGACCGATGTAAGTGACTCGGCTCGTGCCCCAGTAACGGGGTATAGCCTTTTTAACTGCTCATTCATTCGTCCCCGAGAACGGCACGAGGCGTGCCGCAGCTCCAGCGACGTACCATTCAGCAATTATGATGAGGCTACTCGCATTAAAGAATGTGCCCACTGGCCCATATGCCGGTGAACGCGCGAACCTGGATACCATGGTAGGAACCTACCACGCTGTTCTTCGTAGCGTAACATAATCTGACCTCCAGTCGTCACGAGGAGTACCCGGCGCCCTCTCAGCATGTCGGGACCTAGCCATTAAGATTATACCGGTCTATGATCGCCTCGACTAGACCCATTCTGGTCCAGATGAGGGTGGACAGGTCTACGGCTAAGCTCTCCAATAGTAAGGCTGCCATATCAAGCGAAGGCGGTGATTTTGGTAATCCCAAGCGCCGCTAAAGACTCCGTATTGAGAGCTGAGGGGGGTGCCCCCCACGTTACATAAGCCGCGCTGGTGTCCGGACCGGTTTTCTCGTGCCTGACGGGGCTTCGTATTGGTGTGACGTTGCCTTTGAAGCGTAGTGCGTAGCGCGTCGGTCCCAAATTTTGCTCGTAACGTGTTTAGAGCGCGGCCAGGGAACTTGTTCCTACCAGGTTTCCAATGGGGAGAAACTCAATAGAGGTGTAGTGGTATAGACAGGTAGATTGGTTTGGGACAGGCTGCAAGCATCAGTTCTGTGATTGCTCGTATTATATTTCCCACCCCAGCCCTGTACGCATTACAGGCGTTATAACATAAGAGCACTCAAAACGTCGTGACGAGAGTTAGGATCGCATCACATCCGCAGTATGGCAATTAGGGCATCATGCGTGAAGATTGGAGTAAAACTTAATAGAAGCTGTCTCTCCAGGAAACAGTAGTAGAGGGCATAGCGGGGAGACCCCGCCTGGTACCTGGCGTGCCCGAATATGAGGTGCATCGAGATAGACTGTTTACCTCGGTAATTAGTCCAGGTTGCATAGGCACTTAAACGAAGGATCTGAAGTTCGTAACCTTGTCCGTACAATTAATTTCACGCCGATCAACTTGGGACTAAATTAGTCCGGAAGTGATTAGAGTATCGGCTCGGTTGTTACAACAGACTCCTACCGAGTTGAAGCCACGATCAACCATAAGCCAGGGCCAGATGGCCAACCCCTCTCGAGCAAGATATTCGTAGTATCTAC,1220,51.48,Escherichia coli
SEQ_460110,CTTGATGAGCGGCAAGACTAGAGGTTCTCCCAGTAACCCGCTCGCCCTTTATTAGACGCGGAAGTATGTTAGAAAGTTGCATTCCCCGGGTGGTCATTCTAGTCAAACTGTGTGAGAGACCTTGGAGTATTTCTTTATGGGGTCTGAACCACCGGAAAAAAAGGGTC,167,48.5,Saccharomyces cerevisiae
SEQ_301833,CATACATGATCTTGCGACTGTGGGTTGGCTTTTGCGTTCTTATTCAGGCGGCCTATCAAGTTAGGCCTATGCTTGGCCGGACCTCAGCATT,91,50.55,Homo sapiens
SEQ_404846,TCTGACGCGCTGTAATAGAGCCAGCCAGAATTCGTGATCAGCTAATACTTCCATTTATCGCATCCTTACATCATATCTGGGAAGTGAGAGAACGCCCACACAGAAGAGCTGTGGCATCCCCTTAATGCGTCGGTCTAGCTGTCTGATAATATTCATGATCAGGGGTAGTCAATCTAGCTGAGAGCTCAAAG,191,46.6,Saccharomyces cerevisiae
SEQ_481468,GCGGAAGTTGTACCTGTGCTTAAAAAGAATACGAATAGGGAGTTGACGCCCAAGTACACAGCAGGTAACTGTGGCCCCCTAGCTACGGGGTGAGAACAAGCCAAATATCACGGCTAGGTGTTACGAAAGACGTTTCTGAATTATGTGCTGCAGTTGTATTACCCAGTTTAACTTGGCGATATAAAACTGGCGCTAATCTGACAAAAGCCTAGCTTGGCGGTACCGACGCCCAACAGGAAATCTGCTGATACTTACTAGCCATTATTTATTGTCATGCTATGAGGAACGAGTCATGCAGAAAGCGCGTAAAGATTCATGGTCTATTTAGCGAGGCATATACTAGCCTTAAGGGTATAAAGTCACAGCCTTATCACGGTTTAATTATAAGTGCCATTCTGGACTTAAACGGGTGACCAGACTTTAGGGTGCAATAAGATAGCAGCAATTTTAGGGTCCCAGCTCATCCATTCGCACTGCCCAAGGAGCTCTACACCCCTAACTATGGCTATTGCCGGATGCGCCTGAGGGGAAGGGTAGTCACGTTTCGCAGCCAGCGGAACTCATAGATACCAACGGCCCCGCCATAGCCCCAGTGTAGTTGTCCCATGCAATGGAGTTCATCTGTGATCTGGAATCCTAACCACGTTGACCAAAGCTGCGGTAAGCCTTGAACCGTATGACCAACAGAGTCTAAGGCTACAAGGTACAGGATTCAATTCCCTCGGGATGAGACGAAAGTTGACCATATGAGTTAAGTGAGTATGGTAATCCGTGGAAACCTTTCCCCTGGTGCTCAACAGTCCTGTTCCTTCAACCCGCATGTCACGCCCCGCATCCTATGTCGTTAAGGGTGACGCCCTGAAAATAGACTGTTGGCTATGTACCAGGGCTCCGACTCATGCGTAGGGTGCCAACAATACGCAGCAGAAGAAAGTTCGGTATCGCTCTAAACATACATATTCGTGTTTCACTTAATCAGGCCCAAGCCTCGCCCTCCAGCGATCAGTCTTCCATTTCGTCCTGGAGCGGCACCCGCATCTAGGCGTACGACAAGTGATCTCATACGGAAGGAGTATGATTAACAGTCCCCAGAACCACGGGTACACGATTAGATAGGGACACGGTACCTTTTGGACAAACTTTTCTTCCTCGCCCCAGACAACCGTGGAGCATTTACAATCACGATGTATTCGTTACGACAAATAAGACAAGTGCAGTCCTAGCCGATGCGCAGTCGTTGGTAGCACGACTCGGCACTCGCTTAGCTTAAAGACGCGAATGCGGTGTTCTGAGCCGCCCCCCCAGGATCCCGGCTGGTCGGCTACACACAATCGGTGGGTATGTTTTATCCACACAGCCAATACTGTCGTAGTGGTCCATAGGTAATAACGTAGTTAGCGGGATCGCAACCGTGACAGCTTCGGATTATATATGGTGGACGGTTTAAACGACCGCGTGACGTGTCTGCGAAATGAAAATTGACAGGGGAGTTCCGCGCTTGCATTGTATGACAGACGAGACTGCACCATAGGGCGTCGCCCGATCCGAAGTCAATTCGTAGACAGG,1566,49.62,Caenorhabditis elegans
SEQ_714606,AATGCTGCATGCGCCAATACGGGTTGCGACACCTTAAATTGAGGAACGTGCGCTCCCGGAGGCATGATCAATAGGTTGTTGTCCAGATTTGTGGAACTCACCCTTCTCGCGAATATAGACAACATCACCATGATTTCTGCCGACTCCTAATCATCGCTATGCACAGCTTCTGGGCACGGATGAACCCTCGATCGAATGCAGAATATTGTCGGATTCTCAACACCTCGACCGTAAGATATTTTCACGGCTCCAGAGTCTCCTCATTGAAAGTTGAAAAATCCGAAAACTCCTCACGGGGCCCAGACTGCCCATAGTGGGTTTAATGGTTGATTTTGCCTCCGTCCTCATAAGTTAAGAAACCTCATCTGGCGCTGATGGATGGCGAAATTCCGTCATTCGCGTCGGCAGAGTCCCTAGAATCCGCGAGCTATTGACTAACAGCATCAATAGCCATTAGTTCACCACGACGACCATACCCAGCTTTGTAGCTCATCCAATTTCCTTTAGCTTGTAGAACTTACTATTTCAGGGTGGCGGCAATTACAGTCCCATGTCGTATAAGGTGCAGTGGTTAGACTCCTTATTGCATCGGTTTGGTGAATGCGAATATAAGTTTAGTTGGTCGATAAGGACCATGCGTGCATTGTCGGGCGCGGGCTCCGTCTTACCGGGGCGAGATTGTGTGGATCTGGTTATGCGTAGGTATCCATTCTGAGGGTAGTCGTTCCGCCACGGTAGGGGTATAGATGTTTTTGCATTAGAAAGACGTGCTGCAAGGTTCGTGAAATAGGGACGTCAAAGACTCCTCATACTCTCAGAGAGAGTTTCTTCGTAATCGATAGCACATTCAGTGATGGGATAGACCAGAAGAGAACTCAACGTCTAAGATTGCTTCGATGAAATAACCTACAGACTATCACCGGTACCCGCCATGCCTGTCACACCTGGTTTAGCTTTGCGTAACTCCTTTGCCAACCTTTCTTTCCATTAGGAAGGGATCTTGCTCATAATCGACGAACTGCAGAGACTACTTTGACACTCAAGGCGCAACATATTTAAAGTGTGTGGCATCTAGCGCTAATTTCGGATCACGTAGCTGAGAAAAGTTTCTAGTGTGCTGTAGATCCATTTTGGTCCCCGCCGCTATGGAGTTTTAGCATCATTCACTACCGGTGCGAATCGATGTAGGTAGTTACCGCAACAGAGCCAGTCCCTCGTACTGTGTCCCTGTATTAGTATTCTCCGATTTGACGCCTTGACGAAACGCGTGTCACACAACCTCCTGGAGCTTGCCCAGAAAGTACACCGCCTCCCCCCATCCACACCGCCGCTATCTGTTAAAGTAAATCGGTTACACCGGGTAAAACATGACAATGTTTCCACAGTTAATATGTCGCTGGGTTGTCTGACGAGTGAGCGCTCATCGGAGCCTGCTATTCTAGACTCCTGTGCTGATATCGGGGAGGCGCGGGCGGGAACGAGGTTATTGTGGTGTGTAAGGGTGAAGAAGTGAGGTTTCGCTGAAATATTTCATTTTGTTCGGCAAGACCAACGAGGATGTACACACGTAGGCTAGCGCAATACATAAGTCGCCTCAGGGCGTTTGACTGTTGAATAAGTATCGCGGGCGGGTTTCTTTGCTTGAAGGATTGCCAAAAGCTCCAAAGTAAACCACGACGTCCACTATCTCGCACTAACCGGGACTCGGCAACTCGGGGGCGCTACGCTGCGCAGGGCCGACGGGCTTTTGGTACACGTTTATTGGGCTCTAGAACCCTACGTCGTTTGCCCTCAGTGTCTCGCCTTAAGCTCGTGCCCCTGGTTTGTCATGGGGCCAGGAGCCCCGGGGCAGCGTGGTTCCCATCATTCGACCGTCGCCTCTTTACCAGCGAACACGTTCGTGTGTCGAGGCGTTGGTATATTGGAACAGCAATGGCGCACAACGCCGCACACCGTGTGAATGTAGCGCCCTGA,1974,50.05,Mus musculus
SEQ_668221,CTCAAGACACGTGACACTACCCCTGCAAAGGCGCCATACGTTACTTATAGTCCTTTCCTCGCTCTGTGATGTATAGGAGTAAATCATGAGCGCGAAGGGTAGTTTCTGCAGGCTGTAAGATTGTAATGTGCCGTGTACTGCGCTTTGTCTACTACTGGGACGCCGTCGTATCTAGGCATCGATTCGCGGGATCAACCACGTGCGGCGGGGCACGTCGCCACTGTTGCACTGGCGAGCCAGCGCCCAGAGAGCGTACGCGTATTCTATGCTGGGGCGTCTTACCGCCAATACTCTTTCGCATCGTTCATCCGGGGT,315,54.92,Caenorhabditis elegans
SEQ_395733,CCCTGTACATTGCACGCTCATGACTAACACGAATTATAGAGAGAAACGGGCTTCGGGCCGAGCAGCGCCTATTACTAAAGGCTAACCGGATCTTATTACCTGGCCTGTCCTAATATGTGAAGCATTTATTGTGGATCAATGGGGCCTTAAGGGAACCCGGTTAACCGCTGCTCATGCTAGCTCCGATCTGTATTTCTTCCGAGTTCTAACCCTCCAGATGTTTTGTATAGACGGTTGGGACTTTATATGCAAGCAACGTTTCAATACCAACTCAGGTCGATGATCCTAGTTATCTGTGAGCTCCAGTACCTATAATTTGTCTTTTTGCGCAAGACTGGGATTACCCAGGACTCCCAGTCGGCTTCATCTCCGACGTGGCGGCTTTATGATGTTAATTCGGATTAGACAAGAGGTCTCTCGCGTAGCCTTTATCTATTCGACTGACTCACGACCAGTCAACGCTGATGTAACAAACTATATACACGCCCCCATGTGTGCGGGCATACTCGTAATCACTGTGAGGTCTAACAGTTACTGTATAGCTTTTCATTCGCCCGATAATAGACGTGACCTTGCTACAGCATGTCCGCACATCAGCACTTGGGATCGAGGTGTCTTAATAGTTAACCAGTTTCTATGCATACAGTCCGGGATGCTCCGGTGAATCTGAACCCTCCATCCAATCCCTAACGTGACAGTGGCAATACCATCCTAGTCAGCGACAACCTGTCAAACGGATATTCAGGATACCCCTTATACAACAACTTGTTGCGGTCTAAGAATAACGA,788,46.7,Drosophila melanogaster
SEQ_688748,ACCTAGAAAGTGCATCCGTCAATCCAGTATAGCGGTCTCATGGATCCAGACCTGCCGAGACTATGGAGAGACGCAGCTAGGTGCATTCGGCTACCCCCTATGTCCACGACGTCTCGCCCTCATTAGGATCGCGGTAGTTTTCAATCAATTGGGAGCAACGAGGCGGTTGAGACTGAACAAATAGTCTCTATCACTGCCCTTTACGCTGGAAGGGCAGGTCGGAAATAGCAGGGAGTTGCGAGCAGATGGTTCGGTATGACTGGCTTCTCGGTAACACTCAAATGTGGAACTACCAAAAGCACCTGGAGCCGGATGCCGCCAGTCAGGGAACCTAATAACCCTATGCCAAAGGCACGTCGTTGTTTCGGGGCCAAGGTTACGGGCCGACAAACCTTCTTTGTCTTACCACTAGCCAAAGAATCTCTGATAATATGACTTCCGAGGATGTTCCAACCGCCATAGTTATCTAGTCCAGGTCCCGATCTTTAGTTCGTATTACGCCACTCTGTCTTCGATTTTTGTCAGTTAACTGATCGTGGTTTCGACAAGAGAACGTGCAATGCGGCACACGACCCGTTAAGCAATGACTCATCGCCCACATACATCCCTTGGAGCTATTATAGTTTGAGCTGAGGGTAGGATCCTATCTCTCAACCCCTTCGATAATGAAGTGTCGTATCCCACCCCGTGGGACAATGCCCCTATTGAATTGTGCGGCCGTGTGTTCGAAACCTGGTGCTACTGTACATTTTTATGAAATCGCATCGGCAACTTAGACCTGCTGCCG,787,50.19,Saccharomyces cerevisiae
SEQ_410292,TCCACAGGCGCATCTAATCAAACGCGGTGGTAGCTTGTCTCGGAGTATTGGCGGAACTCGCCGACGCCGAACAGATGATGACCTATTTACATAGTCCGCTACATACAGCATCGCACATAGCAGTACATACACACTTTCCCATGTGCGCACGTGGTCGAACGTCGAGGGTTCATAATAGACCGAACGGTCTATGAATAAGGCCGTCAGAGAGCCACCACTGTAAGCGCTTAATGATGCTTATCGCTACCTATGACCGTAGTTGCGCCCCTTGTTGACGGTGACCCTCGCCCGTCCCATCGCAAGAAAGTTGCTAATCCCTAATGGAAAATAAGGTTACAAGTATCTTTAACGCCTCTAGGCCTTGAGTGGCCCCCTGGAGCTCGAACACCTGTAGCGCCCGAGTGACATGGCTTGCCCTGACGTGTGTGGGCGCTTGGGGCACACATACCGGGAAATGGGCCCTTGACAGCTCTCGGTAGCTTCATTCTGTCGGGCGCGAAGCTTTGGTGCGTTCTTTAGCGGTAAAAATTTTCATGTGAGAGCGCGCGACGGCATGCTACATTCTCGCCGCATAGCCGCCTAAAGATCTTCATACCGAGGTGTTCTCTCCGTACCCTCTGCTGTGCCAATTGCGAATCATGGCATCCCATTCGGGTAGGTTATATAGTTAGCGTCAACGGTGGCGTAGCAAGAACTATCGCCAGATGTTTGTTGACTATGCCTGATAGGTAACCGCAAGCGACGCCAGTACGGTATTACGAGACCGAACCGACTCTGGGTTGTAAGGGAACTTATATAGACAATTACGGAACCGTCGGCGTGTGGTAAGTTAAGTAACTGTGCTCGTGGGAGTTTTTGTGGCGAGCGCCGTTTCTTTTCCAGCGTCCCAAGTCATAGCGGCGTTGTTTGTTAGCTACCCTACTATGTTTGCCAGGGACCGTTGTCTTGACAAGAGCACCATTCAACCCGTAATGGGCAGTAGCTAGGAACTGATAGGTAAAGGTGGCAAGAAACGTATCCAAGTACACAGGCGTATATAAGTGCCGCTCTAATCAGGTTAAGGTCGCCGGGAGGAACTATGCTCACGTTGTAACCAACTCACATGCCAATGCCATGGGTAACCGTACTACCTAGACTAGTT,1141,51.27,Drosophila melanogaster
SEQ_681584,CCGTACCATCAATGTTGGGCTAACGTCCACGCTGGGAGCAAAAATGCTCGGTTGAAGGCTGGCCTGGATTATATACAGAGGGCCGATCGACTGCATTTTCGACACAGGTTAGAGCCTTAAATGATGGGGCTTCGTGCGATGCTGGAGGCCATACCGCAGAACACGAAAAGGAGAGCGAAGACAATAGGCCGCATCAAGATAATATATTGATTTTTATCTCGCCGCTCTTAGTTCGTATGGCGGCGATGTGTATCAGACTTATGGGGGGTTTACAAAGGACTGCGACCTGACATACGCCAGGCCCTTTTAAGATACGCTACGGGACCTATACCATTCCCCAATAGAAGAGGCCTGAGCTTTCGCGCCAAGTAGCGTAAGGTTAAAATTTTCGCGAGGAAAAGGTAATGATCTCTGAATTAAAGCTGAAAAGACGCCCGGCCCTAGTTTTGTCGAAGTAGGCTCCTTATCTACGATTCTAACAATGGGCCGAATGTTGGGTAGCGCCCGCGTTGGTCAACGGGTATAGTCTTGAGCATGAAAGTATAGCTCCAGGTTCTCGATTCATTACACGCGTTCAGCTTCGTCCATATTCAACTGTATACGGAAGGTCTTTACCTGCATGTTTCTTCTCGTCGCCACGCCTGGCCGCCTCTCTTTTATGGTCCACTCTGTGCATTCACGGTGTTAGCATCATTGAACCGTTAGTCTGCGATTGTTGACCTTCTCTCTGAGATGCAAGTATAACGACAGTCGTATCCTTATGATTAGGTGCTTCGAACTGACTAT,786,48.09,Drosophila melanogaster
SEQ_705831,AGTTAGGCAAATATCACCGGCCACTCATCGACTACCCGTCCCCACGCAGAGTGGGGTCTCCCGCTACGTTCGGATAGGCGATCACGCTTCTTCGTTGATTGCCCGTAGTAGACACTAGATACTAGCTGTTCAATTTCTGCGTTCAACGCGGTTCGTGTCGACACGTATGTTAAGGAAATAGGGCGAATTTGGGTCATACGACGCACTCTCAAAACCATACTTCAAGACCATCATGGACGCCTGTTCCCGTAAAGGTTGATTCGTGTACAGTGAGGGATAGCCATGAACGACCGGAAGTTTCCTCACATTGTCGAATACACCCGATCCGTTGGTGGCGGGAGCTGCTGATACGCGAGCACTTGTAGGAACACAGGGATACAGTCCAACTGGCCACTTTCCGCGGTCACTTAATCATAATCTTTCTGCGGATGCCTTTGGTGTGCCTACTTGCAGCCTTCCAGTTCCGGTCCATTCGATCTCTTAAGGGCAGCAAAGTTGCTTGTCAACCGATCTTAATCGTAATGGTGGCACACGACTAATCATAATCTCGCGGATAGTCCTCTAGCCCTAACGGTACTTACTTGCGCTACAGGTTGGAACTACGAAGATATACGCCGGGAAAGCTGTGTCCGGAACACCTACATTCCTAAATGAGCTACCGCACGCTTGCCGACGGACTCTATTTCTGTCCAGCGGCCGGCCATTTTGCATGTAGAGGCATACATTTTACGAGTGCGATATGTATGGAAAAGTGATTATTAGCCCATAGTACAAAGCCTGTCGCTAAATGGGTGTCGCTATTTGTAGACAAGTTCAACGGACGTTTTGAGCCATTATAGCAATAAAATCTGGGTTATCGGGCAACGAGGGTGCTATACATCAGGAGACAAGCAGAGTAGAACGTCAATGGCAGCTATTATTAAGGATCTACAGCCGGTGAATCCGAACGCGGTTAACGCTGCAATCCTCAAGCCTTAATCGTGTCCCACCTCTCTGTGTGAGATAGCTTAGATGCCAAAAGCAGGTCGAACTGTGTCATCGAGTTTGGCACGTCCGGGCTATTGTGAATCCGACCTCCCTTGGCTACATTTTATAATCAGTTTTACTACCTAGTGCGCTTTGATGGTGCTCAAAAAAATCTAGTCTCGCAATTACCAACAGGAGGACACATGCGGGTGAGATCCTGCTAGACATCACGACAGAACGCGCTAAAAGATACTGTGCATGCAGGTTTGATCGCAGATAGAAGGCCGTCCGCATGTCACCCGGCGGGCCTGATGACGTCCGCATGCACAATGTAGGAGCATTATACAAACAGAGGTGCACAACAGATTCATATTCATTTCAACGCCTA,1354,48.82,Mus musculus
SEQ_956508,GTACGACGCATGCCTCATTGTCGCCGTAAAAACGGGAAGGCCAAACTCTTCCTAATCGTGTTGCGCCCCAACGTAAGACTGCTTCCAGTCCTTGAGCCAACACCAACAAATGTTCGAACCCGTAAACCAAACGACCTAATATTCCGCTTCAAAAAGATTATTCAAAATCACGGAGTCTGAATACAGTGGCACGCTTGATTTAACAACAACTACTCCTTGGACGGACCAACAATTGAGTAATGATGGTAAACAATGATCCGCCTTAAGATCACAAGCCGATGCCATAGGAACAGTGTCCTGCCGCTTAACCGGCTAGTTGGGAGCGTACCTCCTCGAATTAGTTAGCAGTTAAGTGTCCCCTGATTTAGTGGAATCAGAATTTCCAAAGCATCTCTATTCTATAAGAGGTGATTGGCCTTACTTTATGAAGCGGAGTAATCAGGGGTGAAAACGTCGCGCATGATCACCTGAGTCATGCTTCTTCTTACAGTTACGAGAGGTCTACTGGTGAGTTGCTAGTGATAATTTATTGCGCATAGTAGCGTGTGGGACACCTTGATGGAGTCGACTCGATTTTAATTTCTACCCGCAGGATGTTACCGCCTAACGTCCTCGACGAGTCCCAACGTGATCACAATAGATTCAGTATTATGTTGTTATCTTAAGGTGAGCTAAATCACTGAGTACAGGGCAGTGGCTTTGCTATCCGGCTGCGTTAACTGGAATAGCCAAGAATTTTCGCGCACGAAATCCCCTTAGTCGCTGCTACCTAGAATTCCAGTGCAATCCTCACGCGGACGCTCCTTGATTTCGCTTCCTCCGGATATAAGGAACACCACGATACGTGGCGACCCAACTCCTTCGACAAATCGTTCGCGACGATCCAAACTATTACCAA,898,46.44,Arabidopsis thaliana
SEQ_658531,CTTTGTTAGGGGTGTTCGATAGTGAGAGATCTTCAAAACAAAAGCGTCAGATAACCGTCTCTACGGCCTAAGCCTATGGCGCTTGCGACATACTCCCAAACCCGTTCAAGGAAATTCGGCAACAATAAGAGCTTTGCGCCTCCACGAATGCCGTGTGCTTTGGTATAAGCTTTAACCTATGCACGGTCAGTTATAGATTAGAGCCGCGTATCGCGGGTCCCTTTATTAGCTGGGGTTTCTCCGTACTCCTCCCACAGTGATCACGGCTTGCATGCTAATTTTAGTACTTTACATCGAGATGCAACGCGGCACCAAAGCTGTTCGCGAGGCAGCGCGACATAGACTCTTTGGCGTGCTCTCGATTGCGTCAGCCAGGCTAAGGCTTCACAGAGTCATAATATTCCATTCCAGTCGTTGAAGGAAAAGCTAATATGATCGTCGCGGAGGGCGTTGTCGAAACGGCATGAACGTTCAAGTCTACTGCACTCAAGTCGGGAGAGTTATTGAATGAAGGCTATTGCGGACTGCTCCTGTGATGCGTGTAGTGGTTTCGCAACTCTCCATGAAGCGAGCAGGACAGCCCTTTTCGAAGCCATGCAGTCTCGACACGCGAGGCGCCAAGATGGTTAGGGAAGGAGAATTAAAACGGAGACAGGTTCTCCATGTCCTTGGTCGCTGACTGCATGCAACACTCGATATCATCTTCCGAGGATTCTTTCAAGCTCTTGGTTAAGGTGGAGGAAGATTACCCTAAAGAATGACCCAAGCTTGTTCATTACCGATGATGAGCAGAAGCAATTCTTGGGAACTAAACCTAAATCTCACTCAGGTTTCTGATTGCTAAGTCATAAAGATATTTTACCTGCGAAACTTGCGTCATGATGCACACAGCGCGGTTCAACCGGTGAGGGGCACACCCTTGAATGGGCCACAACCTGATTGGTAACCCCCCGCCTTCTGGTTGGCTCAACCGCTAGGGGTGTACCGAACTTGTGACAGAAGCTCATCTCTAAGACACAAGATATGTGCAGGCTCTAGTTCATTGTCCGGACGTGCTTTTTCCGCGCGCCAAGGCATGCAGACTGCGGTAGGCTCGTTAAGTGGGTAGTGGGACCCACAACCATTCGCAAACCAGAGACATGCGGTAACTTCTATAATGTTGAGGGATAGGCGCACGTACACGGCCCATCAGAAGCGTATGGCAATATGCGCGTGCGCCCGAGAAATCGAGGCTCAACCATTCGTGCTGCATCGCAGGTAAAGTAAGACATAGGGGCCCGCTAGTTCCAAGCAAATCTGTACGGGTCCAGGGCATGGGACGTTCTTCTCAGCAGGAAGACACTTATCCGTGATCATAGCACCGTGTGAGCCACAATGTGAGAATTCAAGCCT,1392,50.29,Saccharomyces cerevisiae
SEQ_442443,ATCATCTCGCGAAAATAGGTAAACGGCTGAGTCGCGTTGGAGTAGACCGATAAGTTCACAGCAGAACGCATGATATGAGATCGCGTTTGGCACTCGACTCCAATTTAGCGAGCCTTTCAAAACTAAGCAAGAAAAGAAAATACACAACCGTCAGCTGTCCCTGTGTAACGGCCGGGCCAATTGCTATTGTTCCACTTCCTGAGACCAACCTTATGTACGGGGCCACAACGTTGACCCTCGTTCTTGTCGGTGCAAACGTAGAGCGCTACCACGCAGGAATTTCACCTCGGTGCGCGGGGGGCTCGGGAAACTATATCACAATAAATCAGTACTCCCCTCAGATCACATCACTGGGAGTAGACGGCGTTCAATAACGTGGTCCGGCTCTGTAAGCTCCTTAAACAGTCCGATTACCATTCCAAAGAGGTTACGAGTGAGTGTATACGTGGGGAAGAAATCTCAACCAAATATATAAATGTGGTAGTGGACATGGTCGGACGCTTGCTTGATCGTAAGACACTTTTAAAGACGGAAAGATCACTAGCCTAAATCACGCCCGGGGAAAAGTTTAGCCCTAGGTATATGGCATACTATTCGAAAGTCAAAAGAACGTTTCGTTCCCCCGCGATGGAACAGCTGTTTCTTTTAGGTAAACGGAGGCTTATAGGATAATTGTTGATAGGATAGCTCCTCCTGACGTCGAGTCCTTGAAGTTCCGGAACAAAGGCTAAAGGAACACATTGTCATGGCTCTGCTACTGGCTGGGAAGAGTGTGACCGCCGAGAGTGCATTCTGTATAGGGCAGCCGGTCGCGGGCCGCACGATCATTACAAAAGTACCGTGACTGTAGGTCGTGGCTCGCAAACGGGCAATGACAACCAGCAAAGCGTGAACAGATCAAGTTATTGTAGTGGTCCGCCCTGTCATCATCCTACCAGTTTAACCCATGATACATTCGGGATGGACAAGGTTCTACCTGAAAATAGTGCCTAAGCACATGCTGAAAGAAAGGGCCCCCTGAATAGTTGGTACAGCTGGTCTTACATGGTAGTCTAGAAAGTGGGCTCGCTGGACTCGGTGGCCGACTATGCACGCGCTGGACCAACGCCCGTTTATCATGCATCTGAACCGCAGCTCTTGTGTGATCTGATTCGCCGTTAGCTAACCATCAACGATCCGGAGACAGCCGCGCGTAGTATCCCGCGGTGTTGGCACCG,1217,49.79,Mus musculus
SEQ_765188,ACGAGTGCCCTTCACGCTCGTCAGCCTTAACTGAATACTGTATTGTCCGGCCATCAAAAGGCAGATATCTTTCAGTCATCAGCATAACTCTGATATAACCATCAGCCTCGGCAGTTGGAATCCCCAATTGAGAGGCACACGGCGAACGGACCGAATATGCATTGAATCACCTCGCTGGATCTCGGAATCGTAGCTACACGGGTTCCAGACGTATGCTTCGAGATGTATGGCCGCACGTAAGGCGTTACTGCAGTCGACGTCCCGAGGCGATCACCACACCATTTGTTGGGAGCCCTAATTTCCAATACACGCCGATTGGGGATACCTAAAACCGGGTTGGTGCGTTCCAGGATGGTGAGAGGATGGTCCGCCTGGTAGCTCCCATCTTGAGTCCGGTTTCTATCTCGTGAATCTGTACCAGGCGTGCAGCAAGTCTACCCCGTCGCCATCAGTGCATCATGATTGAGTTTGTACAAATTGAGTGGCGAAATGAAGGCTGTACCAAATGCGATAACCCTCCACCGTTTGCGTAGTGGAGACTGGCAGGTAACAGGCGGCGCTCCCCGCATGGTTATCGTCTCTAAGTTGCCTGCTTAAGGTTCCTCCTAATCGTCGGGAACGTAGGAGGCCGCAGTCTGCCTTACTCTCGTAAAATCATGCTGTATAATCACTCAGTATAATAAAGCACCATTGAGAATTCCTTCCCACTGCAAACGTCGGCCCCCCCGTGTTCCGGTTAGCCCGTTCAACATGGGACATGGCTACAGGCTTGTGGATTGAAATTCACCCTAACTTGTTGGTTATAGTCTACTTACAAGAACGCAGCAATCTTTAGCACGGAAGTGATAGACTTGTACTAGACCCCACGTCCAATAAAAGGTGCTGGATAGCTGATCCTCTAGATTCTAGGGTCGTCCTGCCTTAGTAAGTCCGTATGCATGTTTTTTCGCGACAGAAAATTCGCTGCTCCTCCAGTACCAGGGGCTGCTTTTAGCCGACAAATAGATCGAGCTGGAGATCTTATGCCTCACAATTGGCTTAGCTCGCTATTTGCCATTTCTTATACTGTTCGTTCCCCTACCTGGACGAAGATCGTGATGTGTTACAGAGTTTATGAGGACCATCTCCAACGTCGTTTAGTACGGCAGGTTAGAATCTCCGTTGGCAAGACAGTTCCACTGACGCCCTGGTGCCGTTTAGTTGATACACAGACAAG,1216,49.84,Saccharomyces cerevisiae
SEQ_110699,CCAGGTCCCCGGTCTTGGTTTCCTTGTAGACCTTTTACCTGCTTGGACGTTAGCCTGGTGCGGCAGAGCGCAGTACCTGCGCTTCCTATTCGACCCCAGGCCTTCCGAGGCCTAGACGGAGTTAGTATAAGTACATTTCCGTGCCAATAGCCAAACACACGGGATTAAGGAGTAGCTAATCGAAGCCTAACGAGGTTGCTAGCAATTAGACTCTCTTGTTCAGTCCCGGCCGACGCGGCTTCACTCGTCGCGTTCGTTCCGATGGTCATTGATCACCGGCATCTCGACAGGAGAGAGACCTTATTTGGCAACCCAGGTCTAGGTTCTCGCCGTCAGGACGGTCAGCATACGCATTTAGTTTTTATCCACACTACGCGGCCATCCCTGGGCGGGTAAACAGAAAACTGCACCGGGGGATTTCATATCGACAGTTACTGCACGTATAGTGCGTCCCGATTTGACGCGTACGACTTTTCTATGAGCTTCGGTCCGTGTCTGTTGGCGAAACGACAGTGGTGCAATCTGGATTGTAGATAGTGACATCTGAATCAATATCCAGTAGGACGGCCAAGCTATAGATGCCTTTTAGATCTAGGATCCCCAGAAGCGCCCGACCGTTATCGAATCATGGATGTAGTATATCGAGAAAGGATCCCGGATAAGCTCACCTGGGTAAATTACGAGGCCCGGTACATTTTTGAGGATATGGGCAAGCCACCTCTTTGGAGTCGAAACTAATGCGCCCCGCGCTACTCAAGTGTCCTGTCCAGCAAAGGGGTGTTGTGTAGCCCCATTTGTGGGCAACCGGTGCGGGAAGAGGACTCATGTTTTATGGACGGGATCAAGCCCCATGCCGGAACGTGTGGCGATGCCCACATAGAGGCGAATCAACGCCTGCATTTAAAGATCCCAGAAGGCGGAGTATGACCGTTCAAGGCGTGGGGAATAGTCACTTAGCTCATAGACAGTCTTGAGAAGCTAATGACGCATGGTATGGTTAAGAACCTACCATGGCTCACGGATCTTTTAATTAGTCCACAGCTCCTGATGTTAATGTGGTCTCTAGTTTGGGCCACTACGCCCCGTGCTGCTGTCTCACTCTATTGGTTGTCCCGTTTGGAGGTGCTAAAACAGTCTTTCCCTAGGCTGGTACAATTAGTAGCCTGTAGGACCGGCATAGTCGTAGGCCACTCTGTCAACTATTGCCCTCGCCGTCTATTCGTTAATGGCCCTGTTGGGCACTACAAAGATGCGCCAACCCGATGGATTAAATTGTCGGTTCTGCGTATCCTTGTCGACTTGAGTAACGCGGGGTATTGTCGCATTCCCTGGCTCGGCGACGTGCTCACGAAGTTTCGTTTACAGCTAAAATTTTTGCGCTGACATAATTTAAACACAGACTCCCACACTTCAATTCAGGAATCCGACTGTTTTAAAAACAAGCTATAACGTAACTCCAACTAGCTTGGGGTCCACAGCTTGAAGGAGGGTCCAAATTGCACAGGCAGGTAATTAGAGCTTGTCAACCTGAACACTGACATGAGCAGCCACAGTGGGCCGAAT,1563,50.67,Homo sapiens
SEQ_569302,TTCTATGCATCTGTCGGTCGCGTGAAACGGGCTACGTGAGACCTTCAAAAGTCTATATACTCTGTCCTATGCCTGCTTGTTACGTATGGAATCGGGCCAGGTTCTGGCAATTTCGAAGGCAGTGGACCCGCCGCGACCGTTGCACGCGGGAGCGTAAATAGAACAAGTGCGTAAATCCTCAGAACGTTGATA,192,51.04,Mus musculus
SEQ_707981,GAAAACAGCTATGGATACACAATATAGTTGCCAGTGGGCTCATGGCCACTACTTGGGTCAGTGCGCTGCGCATCTACCCCTCGAAGAGTGAGAATCGATCGCGTCGTCCTCGAATGACCTCTCCTCCTCCCCTGAAACGACTGTCTGTTAGATTACATGACGCCAGACCGCCTGAGCGCTTCGCTGGGCAAGAAGTTAATACTTCAACTTGTAGCTTCCAGATTGTTTAATATAGGGCTAAGTAGGGCGAGCCCGAGGTTACGGGGGCCTGGTACGAGACCAAACCCTCGGAGAGCGACTCACAGAGGCTTTTTTATCGAACATACAAATGAACTCGATGGTGAGCCGGGCCTTGTCCCGTAGGATCTTGAGACTCCTAGCAATTATGTATAACATAAGAGAAGAGCCGGTCATCTTGCTAATAAGATATCAGTTCCGTTTCCTCTTCTAGACTTTGTAGGGCAATTCTCACTCGATACTTTTATTCTAGTCGATTGTAGATAAGTTTTAGGCTCTAGGAAGGAACTATAAGATGCTGCAGGTAAAACGCAGAGTCTTATTTTCATTCATTCAAGGATGTAGAACTTCACCGGCAAAGGCGAATGTTGTCGATTCGGAATACGGTCGGTGTTAAACGGTCCATAACCTTTCCATTAAAGAGGAGATAATTTGTCTGCACGGCCTTACAGCGTAATTCTCCAGATGCCATTTTATGACGTGCACAGTAAGTGCACGGAGCCCCGCCCCGACATGGGGCGCGCCCTGCTCCCGTTGGATCGGCCCGACTCTCGCGATATGCGGATAACAGCCGCCATAACCCTCATTGATATACCCCCAACCTTAAACTAAAGGGGTAGATGGCTTCTCTGTAGATGCGACAAGTCAGGTGCCCCGGTGGCAGCAGCTCGATCGCAGTAGCTGAGACTACTGGGAGTAGCCCCGTACGGTCCCAACCCGGGGCCCGTCCTTTTTTATACAGTCCATCGCATTATGGCGCCGTGTTGCTCCTGATGCAGAGGGTAGGACCTCGGCCCCGTTTCCCGTAAATCTGGCCATACCTACCCTTCCCCAGCTCAACCCACCATCACCCGTCAAACCAGGACAACATCGATGCCCCCTCTGCCACCTTGATATAGAAATTATATTAAGACGTGTAATGGCTGTTTGGATATTCAGGACTGTGTTTCCTGTCAGAATATTTCTAC,1205,49.88,Drosophila melanogaster
SEQ_123839,GATGGCGCACTAAGAGGGGACCGCCAAAATATGGCAGTGGCGACGGTCCCCTGGTTGGGTCTAACCCCCTCATCGCTGCAGGGTGTGATACGACAGGCGATCTCTTTATGGAGCCGAGACAGTAGGTCATGCAAGAAGTCACGAGACAGCGGATTTATTCGTACCACCGCGCAAAGTGGGATGACCTTCCTTAACCGTCCTCCTGGTACCAGGTACACGAGCTGCTTTTGTAGTCGGCCCCAAGCTACAGGGACTAGTAGCATTCGATACTTTCAAAGAAACCTATCCCTCACGGTCCTACACCAGGCATCCGGTGCATCAGGATGTTTGTGCATGGATGATCCACCCCACACCGGCGTTAATCAAGGTACCAGATGGTTGGCTAACTATCTGTTGTACAATCAATCAGGCTGAAGCCAATTTGGTAAGACGTGGTTACGAAGCCGACGACCTTGAAGGATCGCAAAACTTACTCTTGGGCTTGCAGATTAAAGGGAGGCGTCTTCGTGTCTGAATACTATTGGCGTTGAAAGTTAACCTTTGCCTATCTTTCCCACTTCCTAACGAAAATGTGCCGAAAGCTTGGTCACTATGGTCTGCTCCGTATGTACGTGAGCCCACCACATGTAGAAGTTCTGATAAGTCACACCGGCCGGTACGGGGTAGAACTCGATAAGTCGTGATGTTCTGGGCTGCAGCATATGTTCTACGCGTCGCAATGGGCCTGTTACTCTGGACAATGCCAGAGGAGTTTCAGTGACCCCCGTCCTCTGTGTGGCAAATCCATGATATTCGCGGGCATTACGAATTACCAAAAGAGGAAGCGGGGGGTGACACGCCTTGTCGTTACGTGCTCGGTGCGAGATCCCAGAGCCAGCCGCAGATAGAACCTTGAATGCGCAAGTGCCGGGGCCTAGGATACCGTGAGCCATCTTCGGGTCACTATTATGCCTGGCTGAGCTTTGTGTCTCATTCAGTCTCCGGGGCCGCACTGGTGCGAGCAGTATATTCTTGTTATATAGAAAGCAAAACTGCACTTCGCCGGAATCCGTTGGTCTCGTACATCTGCTGGGCATTTCAGTAAACCTGAACGTCCCTCAGCGAACTGGGACTCCCCGTAAGGCAACTAAAAGTTTGCCGGAAGTTAGATACGAGTCGCTCTCACGCCAATTCGGCTGTAGGCGAACACAAAGCGCGGGAATCAATTTTATCTAAGTTTGGGGGATCATACTTTCGTGTTGCTATTACTAGCTGTGAGAAGATGA,1265,51.3,Caenorhabditis elegans
SEQ_381779,ATGAAAAGCCTAAGGTCGGCACATCGTGTAACGCCATGCCGTGACCAGGCCTTTAGCGCCGTCGACAGACATAATGATGGCAATGTACACCTGTCCGTGTTGAATATTTGTGCTCTGCGTTCGCAAGACGCGCCAATATATGTCGTAGCAGACCTAAAGTACAGGACGGATCTTTGTACCATCAGACGAGGGTTTATCTTGTATACGATCCAATAGGACGTAGAAAGATTGCGTAGTCCACCCATTCCGACGAAATTGCTCAAGGTCAACACAAGCGTAAAGAAACTTGATCCGAACGGCACGTCCTCCTGGAGGGATGAAGATGCAAGGCAGATGTAACCTTTGTCAGTGGTAGCCCCCAAAGACCAACCGGGATCCTGTCGACAAGTCCCGTTCGCTTTTGCATAGTAATAGATGTTTCAAGACCGGCGCCGGTGCGCATCGAAGTCCGAGCGAGGATGTAACAAGGATAAGAATACTGACGCATAGAACTGCAAACCCCGCATCAGGTACCGGCACTCTCGACAGGCGTCGTCGTCTGTTCGTTCAGTGACCCTTATCTAGTCGTTAAGTCTTTCGATCTTTGCATGGCGGAAAACCCGAATAGAACGGGTGGGATACCTGTAATCCTCACTTTTGCGCGAACTTGGTGCGTTAGAAGATAACAATACACTAACCTCCATTTCAAGCATCATATCCCATACACAGCTGGGCACCAACAAATGGGGTTCCGTCCACGCTTAGTCATTGGTCCATTTCATTCTCTATACCGCAAGTCGGGGCCCTTCAACGACAATTGAGGTTCGCCACTTATTATCCTCCGACGGGACTAGAAAATCTACGAACGAGTGCTGTGGTAGGATCGTCCCGATGAGAGGTAAATTGCGTAAGATTAGAGAGCCCAAACGACGTTCTTCGGCCTTGGGAACACCCGTGTA,938,49.47,Escherichia coli
SEQ_702254,ACGCGCGATGACCTCGTGTAAGCCGGTACTGTAACTTAAACTCGTGCCGGCGTGTGAGTAATGCTTAGGTCGATTCACGGGTTTGCCAGCTGTGGTCGCCAACTCACGCATTCACGGATTCTGTGTGGTACGCGGGGTGTTGTCTTACCATGCCTGAAGAAACAATCTGCCAGTGATAGTAGTACAACTCTTACATAATAAGCCGAGGCATTGACATAATCAAGGCGTGTCCTCACGACTCGGATTTAATAATTAGGGAGGAGGCGGGTTCAAACCCACTGCAAGTGTCCTGTGGGTTCGGCATCTCCCCGCTAGATAACCAGCCTAGCTGCCATCGTTTAGCGAGAGAGGGCGCCTATGCCTTACCTTCAACTTCGATACAGTGGAATAGATCGCTGTGACTCTTGCTATTATGGTACATATCGAAGTCCGTGCGTTCGAGATAGCCAATTGACAGTATGGGGAGGTTCTTTTTAGTATAGGACTAATGGAGCAATTAGTCGAGTCATATGGAGAAACATCCATGGTCAAATATACGGACCGCCCTGAGCCACCCTACCGTGGAGCGGACAACATGTAGTAACCCCTTTCTTTGGTGCCTCATGTTGGAGGCACCTGACTACATTTTTTGAGCGAATTTAATCATCCCTCAGATAGCGCTGACTAAAGCGGAACGCTCTTCGAGCCCTGATTCGTGAGCCCAAAGGACCGCGGGTAGTATAAATTCAAGCGTGACGACGTAAAAGAGACACACGTGAG,759,49.41,Arabidopsis thaliana
SEQ_192212,GACCAATTGACAACGTTTCGTGATCTCGAGCCAGTACACCAACCATTCCACAGGAAGCGACTACTAACTGAGACGGAGGTCCCACTTCAACCCTCGGTTCGGCCCCGTAGTAGGGTCCTTTCGAGGGCAGTACGCATCTGAGGCGTTTCCGGGTAAAACTTTTGGCGAGTACTAGTTTTATGAGACTGAATTTTTCAACGAATTATCTGCGGGGTAATAGGGCTACTTGGGCTCAAACATGCGTAGCCACTAAGCGCTAATATTAGTGCCCGGTCGCAAGACGCTGCACCACGAGCGGCGACATGATTAGGCCAGTGCTAAGGTTGTCACATGCGAGGTCCTCCGAACTGGGTTCAACGTACTTCGGTACTATATTGCGGCCACCGGTTGTTAGAGTGGAATCATAACTGATGCTCGTGGCGAACGAGTTCGCCGTGTGTTAAGACCCCAGTGCGAATGAGTTGAACAGCGTTGGACTCCTAAAGCTTCGTTAGGGTTTGGGCAGTAAACTTTGGGGTGTCCCCTCTGTGGAAATTCAAGCCGATAAACAGGTTGTTGGACGAGAAACATCGCGTTTACTGCTTCTTCGGGAGGACCCTAATGGCCGGGACAATTATGGATTTATGCCGTGCCCCGGGATCTCCGGATTTTGACTTGAAAGCTGGAAAGAATCGTCCCGTAGGCGGACAGGTGTCCGAGGGATGTTTGTTTTTTCGTTAAGTAACAGTAGCAACGATAGGTCCGGAAAACTTTGCAGCAGTCACCCAAAAGACAGCCCAGCAAAAGTCCAGTCGCGCAACGATTACCACCATGCTGTAATCCAGATACTGCATCGCGTGGAAGGAGATAAGAGCGTATCCCCCGCTACAGACCTTTTGTTTTTGAACTGGGCTCATAGTCCTATAGCTAGACTGTGGGCTGGTCCTCGTGTCTTTGCTTTTTGCTGAGACCAGGAAATTACTTCGTTTTGTTGGGCCTAGGCCGTTAACAGGCTCCGAGGTGTTAGC,1007,50.65,Caenorhabditis elegans
SEQ_307728,GCACGTATTAGACTTATGGGACCTCTAGCAGGGTGCGCTTGCCAGGAGCAACCATACAAGCGTGGATGTATAGGAATAGCCAACCGCAAGGGAATGCTGATTACACTACATATTATTAGTAACGGCTTGAAAAGATCACAATTGAGTGGACACACGTGCCAACACAGCATATGTTCTGCTTGGGTGAGCTTCACGTTCCCTGCACACACTTTGATTATCTTATTTTCTGGCGTCTCATTTTCAGCCTCGTTGTGTCATCAACAGTCTGCCGTGGTCAGTGGTACACATTCGGTTACGATCTCCTCCAGCAAAATTCACCCTCTTTAATCCCCTGCATTCCGAGTCCTTCAGTGAAACCCTGAAAGCGGAAGGTTTCAGACATTTGTGCCCACAGTTTAAGTAGCCTTCCGGTTTAAAGCACTGCCATGGCTTGATGGCGTAGATACGTTGGAGGAGGTGCTTCGTCTAAGAAGGCTAGCC,480,47.71,Drosophila melanogaster
SEQ_754219,TGCATGTCTTAGTCTAGCGCGGTTTGTGCCCGTTCCGTGCTTCGATTGCCACGATCGAACTCATGACGATTGTAAGTCATCATAAGGCAACTAACACATTACACTGCGTGATAGTACAGTTGTAAGATTTATTCCAGGCGCTCTGGATTTATTCTGACCCTCCGTCAGAGCAATCCACGCCTGGGACGTTAGATAAGCGTCCCTCTTTGCTGTGTAAGTGCGGTAATATATATGCCGCGTCCCTGGCGAAACCAAGTGGATACTGACGTCGTATAATTAAGATCTTACACACTCCAAGAATGATATACTCGCTCAGAGGGTCGGACCTGCTATGAGACCCGGGTCGGTGATGCATCTTAACGTCGACTAACACCGGATGTCTGACATGGACGGTAAAGGAAACGTGGAGGTGCCAAACTAGTTGGACGTGAAGAAGACAACGTCCGGTGTCCAGAATGGGTACAAGACTTTCCTAGTGCGTGTTAGCCTATCCTGGGATCTTGCCTTTGATTGACGGCTGTGAAGTCTCCATGCAGGGGTCTTAAACGGGAAATTAAACACCCTGCTGTTTATATTGCAGGCCAAACTGCGTAGAACGACATGTTTGACTAACATGTTTTTTAACAACTGGCACCATAGTGAATGATCGTACTAGTATGTGCTCGTATGGGTCGTCGTGGGTAGAGGGACTGTATGGGACGCGAAACAAGAAACGTCTGGAATTACACTGTATGTGCTGCCTAATTGCGTCCGGAGTCCCGATCAGGCACCGGACGCAGAGGAAGTTCAATAATGTGACTTAGCCCGCACGCCCTGAGTATACACCAGCTTTATGAAACAGACTACGCGAAGCTATGCAGTTACCGATCATTCTCTTGGATGAAGTCGCTATGTATATTTTTCCTATGAGAACATACAAGGTATCTGCTTGAAAAGGATAGCGATCTTTCTTTGACGACGATTATTTCTGTTGGGCCCTGACAATAAACAAGGCCGGAATCTTTTGTAAAAGCCAATTCAAAGTAGATACCGTCGCGCCGGCTGACATACCAACGCCGGTAATATGTTGCTGGCCCTATGTGCGCCGCGGATGGGCGGGTGGACTGCTTGGACCTGATTTCGAGAAAACTTATGCGAGACAAGTTGGGCCCACCTAGATAATTGTGCCCTCCGCCGGTGGTTCTGCCTGG,1190,48.32,Mus musculus
SEQ_597604,ATTCTTCGGGGCGATAGCGCCCGAATCGGTGGCTAGTGAAGCGCTGTAACGACTCGGTGCTTAATACACGTGACTCTACTAAAAACTTCAGCCATCGACATTCCAACCGTGGGCTTGGAGATGATCATGTCCAGGCGCGCTGTCGGCGTATAGAATAGCTGTGACTAAACTGGCTAGCTATCTACACCCTTGTGAGTAATTTAGTTTCGCTTATTGTAGAACGCCAACAAGGTGATAGCGTTGGGCTGAATACGACTAGCCCCTATATGTATTTAACTAACCTATTCGCCCAGACCACACTTGGACGCCGCTGTTCAGCAAGATGGCCTGACAGCGGGTGTGTACTTAATTTATCTCGGGATATGCACAAGTCCTTTTGAAGATGGAGGTGCCGTTATCGCTGTAATAAACTGCTATGTCCCTTTTACTTGGCACATAGCCATTACCTGTGTTCATAATTTTGGCTGATTAAGTCCGACTCGGGTGGCACGATGGCCACAGAACTTACCTTAAACTATGTTGGCTCATAAGTCCCGACCCCGGTGGGGATATACCATTACACCCCTGCATTTGGGCCAGGTGGGGACGTCCTAACAGAGACTCTCTACCAATACATCTTAATTTCACATCGACCGCGATACTTGAGCTATGTTGATAAGACTAATGTCGGCACCCTAAATCACTCAAGCACAAGATCAACCGTGTACCGCAGAGCACTCCCTTGGGAATTATCTCAGTGGCGCACTGTGCTCAATATTGCCCAACCGTCGAAGTGGGTCCTGAACGCAAGCCCTTGCCAACTAGGCAAAATTGCTGGCGCACGATGGTGTGGGGGTACCCCTCCGCTGGTTAATTTGAGGCTAATATTCAGAAGCTCACCAACGACAAAGCCGGCCGCCAGAAGTCCAAGAAGCTTACTAATTTATGTCTTTATGCCTCTGAACTATCTTTCCTTCGGACAGATCACTAAACTCGTGTCGCTTTATCGTCACAGTCTATTCTGCTTATCCGCACTAAGAATTACTCATGCGTGCGATAGCAGCTAGACAGCTTACATGCTTTTATCTTGCCGTAATAGATACGACAATACGGTGGCGTATAAGTCATTTATTTAAGTGGGCAGGCTTTTATCAGGTCCTAACCTTTAGGATCCGCACAGCTTCTGACAGACTCTAGCTGCCGAATGTCGTCTATCTTGTATCTTCTGCAAACCTCGTTGAAGCTCAGCAGACAGCCGTAGAGAAGGGAACCCACGGTATTGCTTCGCGCGGGAGCGAGGAACGGTAAATCTAAATCCCGACTTAAGCAGGACTGAGCACGATGATAGTCCACTTGAGAATGCTGGTGGGGCGCTCCAAAGACGCTCCCTACATTTCCGTACCTTCCGACTCCAACGCGATCGATAGTTATGTATGACGACGTGATTTCTTCCCTGGATCTTGTAGGGACTCAGTGCGTAGTCCATTCCTTTGTATATGGGGGAGGAATCTGGTGTGAAACACAGCCATGCAACGAACAAAGCGGGCCTCGGACTGCACGGGGCGGTAAGGCGATACAGTGATCATTTCAGTACCGGCCCTCCGTCAGCGGGATGGTTCTAATTACCCCACAGGTGCTTACGGTTCACTTGGGGCTTTCGTATCATGCATCACAAAAGGAGCTGAGAGGGAAAAGGGACACTGATCTCCTCTGTCGCACATATGCTGAGCGCCTGGCGCGCTTAACGTCTTGTT,1733,49.22,Arabidopsis thaliana
SEQ_852946,CGTGTAGTTAATGGGGACTGTGCCATCGTTGTATGAAGTCAGGAACACCACCTTCTATGGTGTTTGTCCAATTAAGTCATAACTTCAAGGAAGCCTCGACACGTCGAGCAGTCCCTCCATCACCACGATTTCTAACGTTTGAACCGGATGAATACACCACCACCAATCGGGCGAGATGTAGTCTCGTAGATAGCGTGGCCGAATGTATGTTAATCGCCGCAAGCAAGGGTACACCTCTCCAGCACAAAAATCTGGTCGAAACTGGGCGCAGTGTCGCTTTTATCGCCAAAGGTCGAGAAGCCCTGATAGTAGATCCTAAATCGGGTGGATTGACTGTACGGACCATTCAACCTATGCCTGGCTTTTTTGGCAAAGTTGGGTAGTCCCGGCTAACCTAGCCCTGGGTTTTGGGGCTAATTCTAAAAAGCTTCTATTTGTATTAGTGGTAATGCCTTCACCCTCCTTCTTTAGCCTAGCGCCATAGCCATAACGGTGGTCTTCTATTTGTTAGGCCTAGCTATGGCCCCGGGGGCTGCAACGTGGTGAAGTATTGTGACCCAAGGACGATTCAGCTTAGCAGCTCCTATGATGCTAGGTTATGATCATCACAGTGCTACTTGACAATAGCCTCGTCACGCCACGGCTAAGTGTCTTGCGCCAAAGTCTCTTTCGGTCGACTGCGAGAGACGGCATGTTCTATATCATGTACGTTGCATCGGAGCCTCAACGACCGAAGAGTATAGAACGAAACGGTCGGTCTAGCTACGTGCTTGAGATGTCTATCAGCCGGCCGACGCTCGACGCCCCCGCGATAGTGCGAGGGTAGGCACCTCCGAGAGTAAGAGTCC,848,50.71,Homo sapiens
SEQ_347871,CTTTCGCCATACCGTTAAGCATCACGGCGTGCTCTTGGGGGGCAAGCCAGAGTACTCATATTTGGTGATTGCCTCATTAGGACGTCCGTGCATTCCACTTCCAGTCGCAGAGCTACCATCTCGCTAGATGGCGCATTCCTCCAAGTGCCCCTCCTAAGGTTTACAAGACAGCCCACTTTTAGTTACCGACGGAACGTGGAAGCCGGTTCCGAACGAAGCTAAAATGGGAGCCAACCTGCGTTTAGTTTGATGATACTTAATACTGGCGGTTCCGCAATGGAACAGCAATTTACCGGCGCTACCCCTTGTTGGATGCCTGGAAACTTGGTATACTCTGAATCAATAGCAAGATGGGTTTTTTGCACGCTCGGCAATCGGCCCTTTGTGGCTGTAACTGTTCGGGCGACTGAGTCCGGAGGCTCTGAACCCCTTAGTAATTCTACGGTACAGCGTCAGAAAATTCGGCGACATTGCAGAAGCAATCTTAACATGACAGAATAGTGCTCTGACGTCGCTACTCCCGTCGACTCCATAAACGGGAGTGCCCGACTCGAAATCCATTGTATAGGTCATGTACGGTGCCTCCGTTACCCATACCGTGAAAGATGATGCAGCCGCTAGAGTCGAGTTATGATTAACCTCACAAAGATGCAGGAGGTATGCTTTGTGTACAACTGTGTTATGGGCGATCCAACAGATGATACCTATTTCCCAAATTCCGCAAACCAGATAAGCCGGTTGCCCCAGCGCTATGCATGCCAGGGTTAAACTCATTCCTTTTGGGCCTCTTAAGAGAACACTGCTTTATCACACTGTTCTTCCGCAATTCACACGCCCAGTCGTATTATAAAGCCAATCAAAATAAGAATTTTTCTTCTGACGGACTCAATCGTTTAGGAACGAAATCATAACCAATTTTCTCTGTTCACTGAAATGATATGCACCTAGTACTTAATAGGAAGAATCATAAAGGCCTTCAAGCCAAGACTGCATGTTAAGGTTTCCTACTCGGCAGAGATATTTGGGCTGCGTTGAGAGACGGCTTATGTTAAG,1053,47.39,Arabidopsis thaliana
SEQ_463042,GAAACATGAAGAGACCGATCTCGCTCACCAAGCACCCGGAAGAGGCGGCGGTATGCTGCAGGCAGTCATTGGGCACAAGTCGAGTATCCTTTAGGTTCGGTGTGTTATGTGTGGGCAGACACTCGCTCATGCCCCCTAATCGATCTACAGCATACGAGAGATTTATTTAGCCCGACTTGGTAGTATTACCTACCCGGGCGGTGCTTATTTAGGCTCAGTCAGACTAACCAAAGAATCACTGCCACGGACGTGAAACTAAATTCCGTAGTCCACCGCGGTGGCTTAGTCGATGGGAAAGACCTCATAGGTTCGTAGCGTCGTGGCGTATCCAGGTAACGTGCAGCAACTTTTATCCGCTATCAGTTTTCGCGAGCAAACACGCGATGGTGCGTGTACTTCTCTGAAGAGTAACTCCCTACCACTGGCTGAATGCAGAAAGACGAGAACCGAACATTTACGGGCGTGACACCAAGCTGTATCCCGACCTGCTCAGTAGCGGACGTTAGAGAGATTCCGCACTCTTAGTTGAATCTCAGGGAACACTCGTCTAATAGGTGGTCGCTGGCGACTCACCCTGAAGAAACGAATCAGGTCATCTATAACCAATGCCACCAACTCGTTAGCGGGGGCCTATTTGTTTCGGTCTTTCCTAAACCTCATTGTGACGACCTGCAGTCGCTGGTGATAGTATGAGTCTTATACAAATGGGTTAACAGAACATCATGAATTTCCCTCGGAGAGCATAAACACTTGACAGTACCTTGGTCTTAGACTGATCTTCGAACATGTAGGGGAGGGGGACAGACTTCAGCGCGTACCGTGGTACCAGCATGCTATATGTCGTCCGTCCGCAATCACTGTACTTCTATCTGGCAGTTCCCCACAGGTGAGCACCGAGGAGTCAAAACATAGACTATCAACAAGTTCGAGCACCCAGGGTGAATGGCTCAATACACGTCGGCCGGGTACTGACAGCGGGTAGAGATCAAAGCCCATTTGTGGATTAGGGTGTCTCATTCTGACGGCCTAAGCACATTAGACCACCAGTAATTGGGAGGCCATAAACCCGCCACTATTTCAAATATTTTCAACCCTTCAAATGCAAATAACGAAACAACCAATCATTTGCGTACCCTCTGACCGATTAAGATGAGTCAACAACTGTTCAAGAACCGAGACTCGTGATATGAGTTTGGCGGTCATAGACATATACGGCCGAATATCGACGGAGTGAAAATGTGGGTACAAGGCAGGGTTCATCTCTGAGAGTTTGTCGCTCGAACTAAGTTCCTGGGGGCGGGCCGCTCTCCATACTATATCGCAGCATGTAGGCCGTCGGACACACAATGGCTACATGCGCATGCCATCGCGGTGGCCAAAGCATGTCTTTGGAGTCATTGCCCGACGCACTTCGATTTCCAGAAATTTTGCGAACCGTTCCGAGCCTCGAGCATTCCTTAAGTTCAGCTTTTGTTACGGTATCTATGGAAGTTGGATGGTTTTACTTCCCCAGTGCATGAGCCATCACAACTCGTACAGGAAAATGAAATATTCCAGTGAATACTCCTACGGTACTCTGATTCTCGGCCTCGGGAATTACCAGCAAATATGAGTTACTTAGATGTTCGGATCCTGAGACAGAGTCCAGTA,1650,49.15,Caenorhabditis elegans
SEQ_753627,GCGACTAAAAACGGACTCAGATTATTCATACCTATAGTGAATCTCGTGTTAACTAGCAACGAACTCATGTTATTCTTAACACCTCCAAGTTCAGACCAATACATAAGAAGCGCGATAAGAAATAGCAATAGGGTTTGTGATTGGTTCGTCGGATCAAGGGCTTTATCGGTTCTCAAATGATTAGGGGAAATTCCGTCGCCTGTTCACACTGGAAGTTTTCCCTAGCACAAGACCTTAAGTCACGTTGGTTCCAAGAGAAACGGCTACTGCACAGATGGTCTGTACTCATAGGAGTACCCCGAATGCGACACACGAACCATCTAAAGAGTAAAAGGCTAGACGCAGACCGGTCTTTGACCAATCGACCCTGCCATAGACTTCAATGCGACTGATAAGTGGGACGACAATGGACTTATGAGTACGGTTCCTGACGCTCATACTGGCAGAGAGTCCATTTGATACTTCTACTTGAATGCTCGGTGTGCCCAATTGAG,494,45.14,Caenorhabditis elegans
SEQ_137254,CCACCCTGCAACTCTCTTCACTGCAGTGACACGTCGCCAGGTTACGGAGATCCCTTTTCCATGAAACGCACTAGTTGACAATGTATCTCTTGGATGCTGGGCGCAAATCGGCGTGGTGTCAAACGGAGCTCGACTATGCGATCCGATAGATTAACGAGTCGACCGTTGCGTGGGCAGTATTAATTCAT,188,51.06,Drosophila melanogaster
SEQ_699528,ATGGAACGTACACAACCGCGGATCTAGAGGCAATGTATGACGCACCCTAAAGCAATGACCTAGGGTACCAAGCAATCATAGTGCGGGCAGGTACACACGAATGTACCTTGGCTAAAGAAGTGTATATAGCTCTGTGGTCATGTCCGATTACGTATTAAATACGTTTGGGCTAGGCAGGACTATTTGAAGTAAGCATCGCGTCGCGGGAAAAGCCCTTGTGGGGCTGGCCGTGCACGTATGCCCCCAAAAGAGTTAGGACAAGGAGCGTCGGCTATCCCGTTAACCGGACGGCGGCTAAGAGGCATCGAAACGGAATAAGGCGAAATCTCTGGCCGACTGCAGGGGGTACCACTGATATTGTACCCGTAGCTCTGCCGAAGGCCCTCTGGGTCCCAAGACAGGGTGGCTGGAGATCACACAAACAGTAGTCCACGCAGCATGCGGCTTGCTTTTTCCTTGACACCATGTTAAGCCGATTACTATCGCTTAGGTCTACTATCGGAATTACCGTTGTCTCTTTCTGATAATGCAAACGTGCAACGGAGTTCCCAAGTTTTCCATGCGGTAGAGGCCGATCAACTGCACAGTTACCCTGCACCATCATAGGTCAGCCGCAGTAGGAAGCCGGGACATATGCCGCGCCACGCCATGCATGTGTGGCCAACGAGAAGATGATGAGATCAATCAAGATTCTGGGAAATAGTTAGGGACTTCCCATTGCACCCATCCGATTCGCGTCGACTGTTTTGTAC,752,51.6,Arabidopsis thaliana
SEQ_318316,GGGTCCCAGGACACCCCAGAAGCGCTGAGCCGTTGGGTACCATAAATCACTGGGTACGTCTATCACCACGTAGCCGCCTTGCCCGAGATATGTCCGGGTAACAGCACTAGCCGTTCCAAGAGATCCCCTATTGGCTTGCAACTGCTCGATGTTTCCTGGGTATTCTTAGGCAAACGGAAGTGGGATAGCATTCCACAGGTACCAGGTTTCTATTCAGTTACGCTCCCAACCCCGGACCGGTCCCGCAGACTAGCTGCTAGAGGCCTTGTCACGTCATTGTTGTGGGTCACAGCGTCAAAGACCAAATTCAACGTACAGTCGGCCGACAAGTCTTCGTGGTCTAGTTGGGGGGTGTTCACGTACTAATCAAAACAGAATCCTCAGCTGCGAACCAAAGTATCGTGGGTAGCGCGAAGGTACTGCCACCGTAATGCCCGACGCGCAAGGTACGAACCCGGGTTCCTTTCAGATGTGTGACAAAAACGCCTAAACGGGGATAACGAAAATGGTATACGGGCTCGCGGTGCATAACTTAGATCCTTAAACGTTGAGCTTCATCTCAAAGGGCACGCCCTATTATAGTATAGCGCCTCCGTGAACAATATCCAGTATACGTTATGTAAATTGCATGGACCCCACGTAAGGCTAGTCATCACATCGCAGGATTATAACCCGTGTTTACTTTAAAACAGGCCAAAACATCAGATGCGTCAGGCGGCCACTATTTTTGGATGGCTAGATGCGATGGGAAGCGTCACGATAGATTTAACATCAGACCCAGCTGACGCGGTATCGCAGCATGGCCTTGAGTACATGAAAGTTCATTTAGACCCAATTTGGTGGGCAATGGTACAATTGGATGGGGCCGCTGTGTGAATTTGGGCATAAATTAAGACTACGCCACGAACATACAGGGTGAAGCGAACAACTGCCCGATTTCAGCCCTCGATCTTTTGTGCCGGAGACGAAGACAAATCATTGAACAAGTATCAAGGTGTCCGCTGCCGTATGCCTATGGATAGTACACCTGTCGAGGTGCGGCCGGGAGCGGCCGAGGGACGTTATGCAATAGTCTAACTCGTCCGGTGAATAAGAAATAACTTTGCGAAGCGAGGCGGGCGCGGCCTTACCCCTAGCGTATTAACCCAAATACGATTGCTGAGGGTATATTCCCATTAATACTAACATCCTTTCAATATAGTTCATCGTTGCCACCAAACACCGTCAGTTCATCCCTAAGCTGTGCCACCACTGTAGCGGGATATTATTCGAGGGCTCGACAAGCAGAAATTAATGACCAGGAGCGGTAGCTTTACGGCCTCTTCCCTCGGCAGGAGTGTGCAAGCGATAATGTAAATCAAATAGTAAGCGTTTGATTTAGGTTCGGAAGTGGATGTTATCGTACACGGTTAGCGGACCCGCTTTCTATAATTGCCTTGCGTCCGATTCCTCATGGCGTTGGGGTTTGCCTGGCCTTATCTGCATTCATGTCCGGTCAAGATGAAGTTTCCGCACACCTTCTCAGAATTCGCCGAGGCGGTGTTGGGCTTGCGTGCGCCACCCGCTGCAAATACTCTTGCCAACCAGTAATCATTGACTGTAAGCCGACTAGATTGAATCGAAAGCTCCACGGATTCGGGCTCTCATTTATCTTTTGTTTTAGGGTAGGTATATGACGTATTCGGTCTCTAACTCATTATTAGGGTTGGAAACGTTTCCTTAGCCCAGCGTGAACCACCTTCGAGTGTCATTGTTACCCAATGCACCCCCACGACTAACCAAACCGCAAGCGGTGAAGTGTAATTTCACGCCTAGTAACGTGGGTGGCAACCCGGATTGCGCCCGGGACCACAAAAGATACTACTTGGCAAAGTAAAGCCGAAAATTGCCTGACAAGCCGCCTCCCGGGTTCCAAGAGGAAGAATGATTGCACCGAAGACGGGAACAGCCGCGCGCCCCCCACAGGTGCGAC,1972,50.46,Saccharomyces cerevisiae
SEQ_741632,GGGAATGCCGTTTCTGAAAGCCTAGGCTTACTGGATAAAACTATTACCTATATGCCTATCAATGCTCCTCCCCACATCTGACTCAGGCGCCTCCACCGATAATCATAGCGTGGTCTCTAACATAGCTTCTGACTAATTTGATTAGCCGAAAACGTCGGGCTATGTG,166,46.39,Drosophila melanogaster
SEQ_179562,CGGGCGCGGTTCAGTGAGTGATAGACTTGAAGTGCTGACGTAGCTTCTTTTTACACAACTTGGCTCTGCCTCAGGTTTTTCTTGTAAATATTTCAATCGCAGACGTGCGCCCAGATAACTCCTCTATCAAAGGTAGACAGCGCTGCAGGGGTGAAAACGTTTGTCCGCTCTTCAACCGCTCGCGGTAAATTTCTAGCACCCTATTACCTGCCTATGGAGCCCTGAAGGTAGCTTATGCTCATTTTTGTCCTCAGTAATCTTATGCCCTCAACTTGTCGGGCGCGTCAACCATGGATGTTTTACCTATATAAATGGGCCGGTAATTCGGCAACGCCTGAACTTGCACTGGGAGAAAAAAACTGAACGGAAGGAGAACTCTTGACATTCGCGGAAAGGTTATTCAGAATCAATTGTATTTTGGGATACCTCTGGCCCTGATGTTTAAGCGTGTCCGCCGAGCCATTTCTAAAACTTGAGAGTAAGTGCTGCACCTTTCGTGCTGTCGAGACTCCGCGGAGCAGGGGAAGATAACCGATGGGGGAATATCCCATTCGACGCTATTTTGCACAACAAACACTTCAAACTAGTGTTCGGAGTTCTCGCTGCGAGGTTTCTGGCTTACGTCTAAGTCACCGGATGCGTTGCAACCTGGTAGGGTCTAACGTGAGTTTCCAGCCTTCCGATTATCCGGACAAAAGAGGCTATCCTTCTTTCGCCACCAGTTGGCAATAACGATTGTGTACCACTGCCTATGGCTGACCTCATTCGTTCAACAATAATCATTTCAACGACTCTCGGGTACTTTACCGTCTCCCAGTGTATGCTAATGTGTAGGTCTGCAAGACTCGGCCATTGACAATTTCTGGAATGAGGCTGTGCCCGCATCATATCCGTAGCTAGCCTAGAGCAGCGAGGACTGGCAGTCGGTCTGGACTAATAGACAACGGTCAACCACCGGCGCTGGAAAACACTGCTGACGACCAGTATCTGTCCCGGCGCAGGGTATTCAATCATGAAGACCCGAATTCCGCGAGGGGAAGAGATGACGGTTTGGTGGTGCCCGGGCAGATTCACACTGCATGTGACCAATTCATGAATTGGCCGTAGGCCAAAACGAGTGGTACGAGAAAGTCCGGCCGTACAGTGCTATGAATGTAAGAAGAAGGCGTAATGATCCAGTTAAAGTCTTTTTGGTTTCTATACCTCTGCACGTAGGGTTGGAATCGTCAATTCTGTTATCAACCAGCACGAGACCTCCGGTACTGAGGTTACATAAATGCTATATCACAGGTGGTTGGGACACTCGTCTCATAAAGGTTATCGTCCTTCTTTGGGTGGACCGACGTGAGCAGGAGATACCGTGGCAGCGTCGCGGGGTAAAGCGGCCCCCTGTCTTAAGCGGAACGGGTAGCAATTGGCTGACGAATACCCTACAGGGTACGTAAAGGTCGATGTTCTCTTCGCGACTGACGTGCCCGCCAGCTAGAGCGATCTCAAAGACGAATTCGAAATGACTATCAATATTTTCACGCAGGCGCTGTGAGGCCACCGGTGGCACTGGAAAGCGTGGGATCAAGTCTTA,1582,49.81,Saccharomyces cerevisiae
SEQ_789941,GTCGCGTTACCCCATAACGGCCCTTCTGATCGGCTTACATCAATTGTGGATGGCCAGATACGCTACCGGAAAGCAGGTAAGTCTCGGTATTACCGTCGATTCCTAGATCTGCTGCTTAAGTGGCCTGCCAGCTCGTGGTTTGATCGGACGTTGTCTCTCACTCCGTAGTCCGGATATGTACGCGTCACTTGGTTCTATGCGTTAAGACCACCGCCCCACAGACTATGGCATCCTCCCACCACCGGACTTCGTATTAAACTGACCCGAATTCAAGGTCTATAAGAAAGGCGTGTGGACTAGATCGTCGAGAAGCACGGCTCATTGTACCCTGATATCGTGATGCCCCTTTTGCCAAGGCGAAACTTTACTAAGATAACAGATACGACCCGGGTATCTACGGGCTGGCAAACTCTTGACTCCTCCATCCGAGCTATAAGTCGGAACCAAAGAAATCAGCATCGCTTTGGACTCAAGAATCGTAGTCGTTAGCATATCCCGATACCAGATATACTACCGTGAGTTAGGTTCCTCAGAGTGCTGGGGACAGCGTTCTCCCTCACCCCGAGAATAACAAGCGGTTCGGCGTAGGAGACCGATTACATTAGTCGGAAGCACTCCATGATGCTACCCTCGTTAATTCTGGTCCATACTCATAGAAAAACGAACAGGTCTTATCGGCATCTTTTAAATGCCGGAATCATACGGGCTTAGGAATCTATGGTAGGTGAGCCATTACATTCATCGTCGGCAAAGACGCCCCGCGTGTCCGACGGCATAAATTAGCACGATAGATGCACAACGAATCCCGTAACATCAAGAATCATTTTAGATTAAGTGGATTCAGCTCACTTCTCAAGCCATCT,863,49.02,Mus musculus
SEQ_652147,GCTGATCCGGCGCCGTACGTTTTAGACATGGGCTCCCCCAACACCCGTCCGCTTCAAGGCCGATTACAGTAGTCACTCTCTGCTCGTCTCTATGAGCTCCAAAGGATCATGAACTTTCTTTCCGGTTATAATAAACTGCGTCAAGAGGGCTAATTCAAGGAGCGAGGCGTGCTGCCCCTTAGCGTCCATACCGGTATCGTACTCGGGACGAGAGGTAACGGGTGACCGCACTGCGACTCTTGTTTGCAATCATCCGGATTGAGTGGCGGCGACGTTGGGGCTCCTCACAAAGATACCGTGGTTAAGATACCCGAACCTACCGCCGTTACATTTCCATTTATTTGACCGCGCACAACTGTACTCGCGATGTGAGAGCCCTGTTCCACGTGTATTCGAGCTACAAGGTTTAACGAATTTATACAATATGCTACTTCCAGCCGCGGCAAAAAGTCCCCTAGTGCTACCAAAGGTATATGCAAGGAGGTATGTTCGCGAAAAGGCGCTTCTAATTAACCCCCAGGAAATCTGACCTTGCGCCTCAAGCGTTGTGTTTCTAAACGGACATACGACCAGCAAACCCGGATGGTAGTTATCGGCTTTGTTGTCATGCTCTCAATATTGGTTAAGAGTGTTCTACAACACGTACGGAGCACAGCAGTCCGGCCCTCTCACGGATCAAAAGATGGACTGCGAACGAATTACCCGCGTCCGTAATCGATGGCTCGGATCATGTTGGGAGAAGGAGAGAGGGGGTATTTGCGGAATAAAAGGGCGCGCCACAGCGGGCGGAGTAGGTCTTTAAGGCGATGAGCACCATCCATGACCCGGACAACAATCCCGGAACTTCTACTTGGGCGTCCTGGCAGTATCGGATTTTTGTTAAACAGAGTTATCGGGGACTTCCTGTCTGACCCCAGGAGGCTCAGAGCATTCAATTGAGGGAACACTATTTAGCATTGTATCACACTCGCCGCAAACTCTCTACTTCGGCTGACCTCATCTAGTTCTTTACAGTCGATGTTGCGATCCCTCCCGTCTGTGATTCCTGTGGGCCCAGATTGGCACTACCCTAGGAGATGTAGGGGTTGCATTAACTCCTTTAGTACAGGCGTGCTGTGCAATTTGGGCTCGATCTCAAGTCGACACTTATATTCAGCGAATAGGCGCGAAACCCAAGCTGGAGACAACTTTGAACATCTAGATACCGGTGGACCTGAAAAAGTCTCCTTATGGTATGCCCCGTCTAGTTGTCTTTGGCTCGCGTACGGGAATTAAAACCATAGCTCAGGCGTGTTGCCGTACAAGATAAGGCACAAAGGGGGACCACACGACTTGAATTACCCCTGTGGGATAGCGCCAGATCGACCTTTCGCTACACCAAAGTTTCCAGCTCTTTGAAAGTCACTATAATCTTAGTCGAGAGGATGAAGAACCTTATGGACTTTCTGTCGCGGCTTTAAAATGCAGTTAGATAACCGTTCAGAAGGAACATCTACAGCGATTTATCAGAGGACCTTCCTCCCAAGAGTATCACTTGAACATATCTCCGCGTTGATTGACACCTTGTCTTGGATTGAATTCCTCCTAAGACCGTCAACCCCCCCACTGAACGTCACTGGAATACGAGATGTTGATGGACCTTGTGGTTGTTAGGCGACTGACCGGTCAAGAAATTGACCTCGTGGAGCAAACTGTGGTGGACAATCCGAGCGGTAATCATGGCCCCCCCCAAATCCACAGGTGGCAAGAGGATGGCCGCAGACTGTTTTTATGGTGCAAATAACTGACTAGAGGCAGGGCGTGTCAGGAGCTGACACATTTGGGTCTCGGAAATACCTGCGTGATCGGGTTTAATGTGCAACCCCCAGGACCAACACCTAGTCAAACATAAACTAGGGACGTCAGTCCCGAACTATGGTGCGTCTCACAATCACAACATAACTCACATCGGACGACTCCATGAAAATGGCAAGTTTTAAAAAGGGGGT,1988,49.95,Mus musculus
SEQ_703890,TGCTCGATCACTGACGACCACTTGGTGTAGGAGTATCATAGGGGAGTATCCATGCGTTTCCCATACGTTGGCTGTTCGCTGAACCACTGTTATTAAACTATCGTGTTTACGTGTGAGCGTCGGCCGCAATGGTGTGATGCCAACTTACTGGATATCACGTGTGTTACGCCTGGGCCCCTTAGCCCCTTATAAAGCGCCTGGGATGTCATAGTGGACCTGGTAAGTGCACACCCGAATCTGGCGGGTTTTTTAGGCGATAAGGGACCCGAGACAAAGGACAATAACGAGGCTTTGGCGTCTCAGTTGGCGTTGTTGGGGGCGCGTACTATCACGGTATACAAGGTCGTTACCAGCCATACTAGAAGTAGCGTTTTTTGGGCCGTGGGGACTAAAAGCATTCGGCTCTCTTGATCGACCCAACATTCTACTCACTTGCCTGTGTCCAAGGGGTTGTCTTCTCTTGGCAATACGGATTAACTGCTCCTTCAACTCTGGCCTACGCTCAGTTCTCTATACCCCAGGTTAGACACGTACAGGACAACGGGTGCTGAGGCACATCTCATAACCACCTGGTACGACTCCGCACCCTCACAGTCTCTTATCACCGCCCAGGCTTCGTTCACCTTAGTTAGCTAGCCACTTTGAACAATTTAATGGCTAGCGGTCCAGGGCTATTGACGCGGTAAATCGGAATCGATCGTCCGACCAGCTTGGACTTTGGAATCTTTAGTAGCGCGTTCGCATCAAAGTGGCTGAAGCGCGAAATGTGCTCACGGGGAACGAATAAATTAATGCGTACTGGTAGGCCAAAAGCCCACATGGACAGCCGAGGGCTTCAGGGCCTTAAATCATAATTTCTCGGTCCCAGAGTTAACGCAGCTACTTGGAAGCGCACCACCTCTTTAGACTAATGCATCACCTGGTAAATACCAAAGGTTCGCTGATGCCCTCAGCACCTGTCGTACACCCCTCGGCCCGCAGAGAGAGGGGTCCCACGCCCATGGTTGTTTCCAGGTTTGAGTACAAAGTACTTGGGGTTTTTTTAAGGGCGCTTCTCTCTTCCCCGCTGCCCAGCTCCCGGAACTTTTTTGGCCGAAACAGCGTGTACGTGAGAGCAATCTCAAAACTCAGTCATTCACACTACGCGCAGTATTTACGAAGAGCTTTTTCTACCTTGGATGTCGCAGTCAACGGGTACGAAGACATTGCTGAGCCAGCTATAGCGGGCTATCAATCGACGCCACTACCGATTGATATGGACAGTGGAAAAAGCCTTGCGGAGGAAATCATACTGCCATGCATCTATTCTCGGGCGCTTCGGTTCTCAAATGTTAACGTGCAACAAGAGAGTGACAATCGCAGTTCAGTCCAAGGTTGATCCGGAGGGAGGAGAGTATGGGCTTCAGACGTTACGCACGTGAGTGTTTCTCGCATAACCGGCAAAGTCTATTGGGTTCATCGAGCGGTAGACTACCCGAGTGAACACGAAGTGTCTCTTCACCGACAAGTCTCGTCACGGTAAAAAGTGTGACCACTTTGGCGCTTCAATAGTGGAACTGGTAAAGGTAGAGCCGACGGGCCCGCGCTCTTTTATCCCGTCGCGCTAGGAACGCTACACGACGTAGCTGGTAGGCATGCCTAGGAGTCTCCAGACCTCTGCCCGCCGAGCTCCGCGTACGGTTAAAAGGGTCCATCAGACCTCTCTATCGCCAAGATTCGTCAAAACCAACAACCTTGGTTAGGGGCCGGGACTAGCTGTTCTTGAGGCCCAACCGCAGCTAGCCGTAATAGATGCCAGAAAGGTAAATACCTAGCACTCCTGTGTATTAGCTGGCGTCTGATCACAGCGCGCTAGTCCGTCGGAGGGATGATGCGTGCTTCACTATAGCCCTTTATCACCACCTTGTTCAACGGCATACCATTTGCGGCCGACCTTGTGCCGTGTGACTAACAACTGGGCGCCTCCTTCGACATTG,1976,51.92,Saccharomyces cerevisiae
SEQ_402598,CTGCGAAACGACAAATCCCGGGCTGGATCCAGACCCCTAACAGGGTCGATACCCTTGTTCTTCAGCAAGAACTCACATGATTTAACGAACGCCCTTCTCGACTCGGCTAGGATCACACTGACCCAAAGATGAGCTAACCCGAGTCTCGCGGATTAATTTAAGACCTACAAACCGGTAGTTATACACCCCCGGTTGGTCCAACAGATATCTTCGGTTGTTCTGTTGCTTTGGGGCTTGCATTCGTCGTTCGCCCCTGCACAAGCATGTTAAACTGCTGATTAGCAGGTACTGTCCCCGGAGTTGAAATTCGGAAAGAGTTGCAATTCGGGGAGTGATCGTGGGTAGATGTATATATTATATCCCACAAAGCAAGATCGAACTATGGCCATGGGACGATGAGCTGCTTCATGCGTAATGTCTTAATTTCCCGCCTGCGGTCTATACATGCGGAGCTTTAGCGCCCTCCGAGTATTTGTTGAGACTGAGTCTCCCTCTGTGAGTTGCTTTTAACCCCCCATTAGCGATTACGAAGTGGTCGAACGCCCCGGGTGAACTACGAGATCGCGTTTTCGCTTCGCGACTTTAAACTTTGATGACCCACCGCCAAGTACCGAACTACCCTGTTGCCGCCAGGTGCTTCTAGCATAACCGCTCCCCTGGCCTGGCTCTAGCTGCCGTCTATGACGCGATTTCGGCAAGTGTCCTTGGGATTAACTCAGGTGCGCGGACGGCCCGATTGGGTCCATAGCGAGGCTTACTTTAATACCATTAAATTTGTTACGTATGGAACAGTGGAATTGAGCCGCACCGGTGGGTGATAATTGTATAACTTCGAGTGAGATAAAAACGCGTACCTCTCCGCATTAAAAACATCATTAGTCAGTCAAACCCACCCCAGGAACGGGTCGTCGTTACGAAATAGTTAAAGTCGAGACGGCAGTATTCCGACCGAAAGTGTTCTCACAGTGGTACTTCGTTCAGTACATTGCTAATGGACAGATACCCTGCCTGGGCGAACCCTGTATCAGTTCTCACCGATCTGTTCAAATATCACGCCAGTTGCCAAGTTCCCTGGAGTCAAATTGGTAATACAAAGACAGAGGTTTTAGGTTCGGTCCGCGACTTATTCAACACCTACTAGGTCGGATGTAGTTAGGCGGTAATCGGTCGTCTAACCCGGCATAAAATACACCTCTTCTGACACCGACGTTGCAGTGACAATTACCGCATGCGACCAATTATGCTATCAGCGCCGTTGATGCTCGGAAAGACCAGGAGGCGCTTGTTAATCTCAGCACGATATTAATCTCTAGGCTAGACTTGCCAGCATGTGGCAAGCCACGGGGCGCCCTATCAACGGGTAGGGTACTCTAGATTTTAGGTGGTGCAGGTCCTGGCCAACTCACCGTCTTCAAAGTGATAGCAGCCCTGCCACTGAGACTAGACGCGCAGGGCCACCGTTCTCAAACTGCAGGCCGGTTATCCAAAGAAGTGATAACTGGAATATTACGAGAAGCATCGATTTATATACCACTCCCACAGCGAAGAGGTAGGTGAATCATGGCGCCGAAAAAACAAGTACCCAACATTAAGATTGGAGTACGTACGGACTGAGCACATATGTAGTGTCTAATGACTGCTGCGTCTTGATAAATTTATGGCCATAAGGCCAGGAGCTCTCAAATCACGGGGTCGGTGGTCCGGATTGCACATTCATTCACTGGTGTGGGCCAGGCTTTGAAGGCAAGGGCGGTTTAACGGGGAATGTCCCGAGCAAGCGGATTATAACCCCCGCGACTGGTTATGACAGGCTAGTCCTTCACTCAATGTGATTGTGGCGCGGTGGTGATGGGCCGTGTGTAATGAGGCCGGTTTTGGGT,1880,50.11,Arabidopsis thaliana
SEQ_640021,AAACGGACTCATGTATGCCTAATATGAGTCTTCATGGTCCCATAAAAAATAATGGAGGCAACCCACTTCGTGAATCACGGAGACAAAGGGGAATTACAGTGTAGTCGTGGGGCCTGTGTCCCTCACTTTCATATCATCAGAGTTGCAACGCCAGTAATTGTTGGCTTCAAGACTTGTAGACATGTTGTGCAGGTTTTAGCCCCTCATCCTTTCGCGGGACCTGTGGCCCAGCTGGTCAAAGGCTGGACCACTAGCCATAGTGAGGATATTAACCAGGTTCGCTTAGATGTGTAAATCAGGACTAGGCACCCCGTTATTCGTCACCGTCGACCATCAGATTTAACAGCCCCGCGAGACTAGCGCCTGAAATTCGATGCAAGACGGAGGTTTGGCGCGCTTGCCTTGGTATCTTCTGGTATAAAAAACGTACCAGACACTTTTCTGCCAGGGCGTTGGTACAATAGAAAATTGGCTGCTCACTTCATTCATTTAGTTTTAACGAACCGTGTGGGAATTCCGGGGCCTTCTCGAACAGTCCCGATCCCCCTATAGTCAAGGCCCACGCGAGAGCTGAATTTATGTCGGGGTCCGTTCGGGTGCAAGGAATAAGTAGGGTCAACGC,622,49.36,Homo sapiens
SEQ_988916,GGCAGCCCAATCTACGAAATCCAAGGGGTCGGCACTCAAGTGGGTGGCTTGCTTAACTCGCCCAGGATCAAGATAGCCTCCGCCCTGTTGGACAGCTGTACTCAGAGGTGACGACTGGCGCTACACTTTGTGAGGCACTCACTCTCCGCCTCGGAATGTGGCAAACACACTACGCTACGACTTCCAGGTTTACGATTGTATCCTGAAAATTCCCCAGGACGCTAAGCCACGAGCCAGAGCCTTGTTACTCTTCAACAGGGCGCACTCCGAAAGATAAGACGTATGACCTCGTTTAGCTCGCCTCGTGCGGGGCTCCTGGTTCCGGACTAGTGGGAGAACATCCAGGGATTTCAGCCATGCAGTGATCTCTCGACTTAATAACGATGGCCGCGGGAGTATTGCTAGCTATCGCGATGGTGGGTAACACCTACGAATATCCTCGTGATTCTCCTCGGCGGGGCTCGTTTTTCATCTGCTACTCCTGGCGGCATGTTCAAGGAACAGCTTGCAGCCAACGACCGAACGAGTCAGGTTTGGTCACCTTTTGCCGGGGACTTGACCGAGGTTATACCTGTCCATTTCCGGGTGTGGTGTTAGTTATACGGCAAACTTACGAGCCTAATAATCTTTGGGCAGCGACTTATCGTACTGCTCAGTTCATATCGGAACCGCCGGAACCAATCAAGGGACTCCACAGCTAAGTCCAACGGTATTGAGCCAATCAGGAAACGACAAGGCGCCTCCATCGGGGTTATGGTCATGGGACATATGGTCAGATGGCTCGGATCACATGCTGTTACTAAGACTGATGGCACCCAGGGAGTGACGTGAAGTGTGCGTCTGCCAAGACGCATACGGGATCTTTTTACCTTGTAGCTCGATGCAACTTTGCCAAGGATGCCAGGCGAGCATTGGAGAGGTAACTGACTTATAGACTGAGTAACATGATTAAACAAACTCTGCAGACCGTTGGGTCGTCCACAATTCAGCACGTAGCACAGGGATACAGCGACTCAACGTGCTCCAAGCCGCGGAGCTAAGTGTAAATGCCCAGCGGAAGCTCGGCTGGTGAGTGCTGACATGATGTAGTGTGAGGTCTGGCTTGACTCTGTTAAACATCTTCAGCTCACATGCGCTTTAAAGTCGGGTGTCGCCACCCCTGGAAGAGACACCTTGAAATGGGGTGGGTATTGATGGTGTGCCCGGCGACGCGGGACTGCAAATCCAAAAAACCGTACCACCGCCAGGCAGCTTTTCAGACGCCGTGACATAAAGCAGTGATGTGCTTAGGACTAACGTTTAAAATAAGCACTTAGATAAGGGTTTAGTAAAGCTGATGGAACATATTTCAAGTTGGTACCACGTGCGTCCCTCGAGCAAGGGTGAGAGTGACTTTATATGGCATAGGTAGCTGTAAAGTGACATTTTCCCGGTAAGAGTTAGCCCGGACAGTCTGGCAAGTATAGGCTAGCTCAAAGAATTGTGATGTAGTTTGTCCGTAGCGGCGGTAGATAATCTCCCTAGTATTTCTTCGTCTTACTCAGGCTCGAAAGCTGGTAGCCGCCAAGGCACCTTTATCGTATTCTTAACGCGATAGCCTGAATCGTTAGCTAAATGAAGGCAAGTAGTCAAATGTAGACTTCATGGGTCAGTCTGAAGAAAACCCTTCTCAGACTGCCGTGA,1683,50.92,Drosophila melanogaster
SEQ_644940,CGTGCGGTGTAGGGCAATGCACTTCGCAATACGGACGAGTATGGAGATGTCTGATAAGTCCTTCGCTCGGCAAGCATCACATTTGGCTAGAACCGTGGTAGATGAATCCCTGGTGGCCCTAAACAGTCGGTACAGAACCTTGACTAGTGTTTTATCTGAAGGCGCCGAGTTTCCATGAAACGTTCCTAAACGGTGGTGCCTTTGACCTCATGTTGGCACCCCTTGTGGAAAACCGTGAAGCGCCTCGAAGCGAATTTGGATTACAAGTTGCCTTGACGGTCTTTAACGGTTACATTCTGGTAGGGCGACGCACAAAGGAATCCTGAGAGCAAGGGACTAGAGTCTGTCCAGCCGCCACCGTATCACTAGGATACTAGGCTTCAAGAGGCTCCATACACGAGGCACTTATCCCTTAATTATTCCTACACTACAGTCCGGACTTAATGAGCTATGGGTGCTTAACTGACGCGCCGCAGGATAGATGACGGCCGTTGACAGGACTTCTATTAAATGACATCACCTGTGCGCCCAACACTATATCACTGGGCGTTAGTCACATTTTGGAGTTCATCGGCAGGTAATCTACAATTTTAAAGGGAAGACCACCACTATTAGGTGATGCGGTTTCATTGTGGACGCGAGAATGAGCCCTTTCCCGACAGCAGCGGGCGGTCAACAGAGCACTGCCACCTACCATGTTATCGTCGGAGTCTTAGCCCAACAAGATGCTTCAGCACAAACCTGGGGTTGGCACGATATCAACTTGGGGCTTAGCCTCTGCCGAGTTTGTCTATTCTAGGCATAAGTATCATGGTGAGCAGGGCTGAAATCTTCAATGCACTACGTTAAGAAGCCCGCTAACAACCTTTCGACGTACACGTTACGGGACTGTACAGGTTTATCTTAATTAAACCGATTCCCCCGTAGCTTATCATGATCTTATCCAGTTTTCAGGCCCAGGGATGAGACACCCCTATAGCTAAGTCTATACGTATCATGTTCGATGCCAACTCTACGGACTCTCTTCGGGTAGGGCAATAGTTAATAACAATAGCCCTCGGTAGGTAAAAGAGATTGATGTACGCCTTAAATCACGACTGCACACCGACATCACCATGTGTAACTTCTTATAGGCGAATGCCTGGTGGAACAGCTACGAATGTCTGCATTGGGTGCGCGACTGGTGATCTTCATCCGAGACATACCTAATGGGCTGAACTACGTGCCTAAGTTAGGTGCATCTTTTCTTCCTTGGAGCCCTGGGTGCTCATACTCAGGAAGGTCTATTTAGCTTGTGATGATGATATTTTCACCGAAGTAACTAGAAGGCAACACCTCTTATGGCCTACAACGGTACGCCTGCACTGGACGAGGCTTTTCCAAAAGCCGGTTTATGTTTCAGAGTTATTCTTTGCTCTACACACGAGTCGGCAGTCTCCATAGCCCCTTTCCCCCGTCGATTGATGAGTCATTACCCTGCGTGAGTGAACCCCAACTGTATGTTAATTCCCGTTACCA,1518,48.55,Escherichia coli
SEQ_361322,CAAACGACTTAGGAATGTAGTGTCGACTGTAAGCGAGGTACCCAAGGTCTTGAAGCAGAGTGAGTATGTCGATACGCGTACACGCGGAGTGAATGCGTGTGCGTGGTGACTGCCCAGTATGAGTTTTCTAGGTGGCCCCAAATAAAAATACTCAAGAGTATTCACGCCGCCAGGAGCGATATACTTTGGTACCGCTTAGCGGGAGCCATCTGCGCGGCAGAGAACTTGCGCTAGGTTATCCGCTTGCTTGGTACGGAAATCCATACGCCGAGGTAATCACGAGGTCAACCGGTTCGAACCGCTTTACTCCCCTAACATTACTCAGCGGATCCCCTTGCATTCCCTTAGACAAGGTATATGCGTGGAGGAGGGCGTACGGAGACACCATGCGTACGATAACGACGGTGGACCCCACAAGAGTATTATCACCGCCCTCATCGACTCGCCGGGCAGCCGCATGACAGTTCCTAGTGCGTTGGATGGGCTAAACGTGTGAAAACTACCCACTTGGATCTGAACTCCGGCCAGGCCGTGATCTTCTACATGGGCGCTAATCTAACTCTCGCGGTACCGATTACCTCCTGGAGCGTTGGCACGGCCAATCGTGGGTACAGGCCTTAATGACGGGACCCGGTCTGTGATGGTAACTGTTACCCCTAAAGGACTGTGTATTCTGTGGTGGAGCCTGGGGTTGGTTGGGTTCCGGAGTCCCCGACGTAGTTGGACATGGCTCCACGTGCGCCAGGGTTACCTGGCGTCCTTACACCGACGATCCTCTGTTTTCACGCGGCGTGACCAACCTTGCATCTTCCTCAGTGCCAAATTGACAACAGTCCTATGCACACGGTGTCGAACCGCTGTAGGGGCTTACCCGGATTACACAGATTATTCGTTGCTGTGCAGAGTTAGCAGGGACCTAGACGCTCACCACCTAACATATGCGTTCGATGTTTCAAAGGCAGCTTATGTATTCGCGGGGTATAACCTATAACGTTCGGGTCTTTTTAGCGGTTAATTATAGACGTAGTCATCTCGCTCTTCATCATTCAATACCACTAATACCTTCCTAGCTTGCGGTCACAGCCAGCAATCATACTAAATAACCGCCATATCGCCAGCCGTGCTCGCCTTTAACACGTAACGACACAGCTAAAGTGCAAT,1161,52.28,Arabidopsis thaliana
SEQ_692459,TGAGGAGGAAGCAAAAAATGAGAGGAGTCTCTCACGGTATTGATACTTAGCTAAGCTCTTATTTTGAATGCAATAATGGCCGCTTCGACCCCTTATCCTTAGGAGTTTATCCTCGGTGTCAAGACAGAGTTACGCGACCACAATAAGGCTTCGGACGGTGAATAACTAGGGCTCACACATAAAGATGTGAACATGCGTTGGCGAGTTGACCTTGCATCTCCAACTAGCTTTCACTTAAAAAGGCAGCGGCTTGCAAGGCTAAAATGTTTGGCCTAGCGTTCGCCGGTAACATAACTTCGCGCTGTGCCCCAGGGGAAAGATAACGCATTAAGCAGACTCTTATCGCGC,348,47.13,Escherichia coli
SEQ_196869,TATGGCGGGGTAATTATATAAGGGATCTAGCTCCCCTGTACTATGCTCGTGTATGGTACGTAAGTAGCTACCACGAGCCAGCGGTGGGATCGGTCCCCCTTCGACTATAGGCCGTCACGGAGGACGATGATTCTTCCCCACCTGAATATTGCAAATTATTGCAACTCTGCCGATGACGTATAACTCGCCTGGATCATAGAGAGAGGATGCTCGCCAAGGCACTCCCCGGTGGAAGTCATCGGTGTCCCGTAGCAGTCCATGCAGTCGTTCAACCCATATTGATCCACTTCCAGAACTAGCGTGAAAGACAAGCAGTTGTCTAGGGAGTGTTCCTCTATGCGTTATGATCATAGCCATT,358,50.56,Arabidopsis thaliana
SEQ_987675,GGCTAGAATTCTCATCTTCGCTTGGGGATCCTACGAATCTTTGATGATTCCTATGAAGCGAGACACGAGCCAACGAAGATGCTAGGCGTAGCCTCCTAACGTCAATTAGCAGATTCCGTCCCTTTGGGATCCAGTCGATTGGGCATATGAATACCAGCGCAACTCCGCATCTTAGCGCAATTGCCCCATTTTGTCGCTCGTA,202,49.5,Escherichia coli
SEQ_395774,AGTAGACGGATCGGTCATGATATACCTTCCTAACAATGCGGCAATTCGATCAACTAACGATATCGTTGAAGGTCCTGTGCGTAGGGTGCGTGGAATCGAGTGATGCCCTGAGTGAAACGTGGTTCTGGGCCCGCAACGTTTGGACCTTCCTTTATAGAGAGCTGGGGGCATCTAAAACCGCCCGCAGAGGTACACGCTAGCTCTACTTAGAGTGTCTTAGTTTGGATAATGTATATTACACGAAAATGGGAAACATAGCATAACCAATTCCTTAAGGATAGTCGTTGTGTTGGGTCCCCTTCCTAGTACAGGATGCGTTGATGAGAACTGAACCGAGCTTCATTACGCGAATTGAAGACGAGGACTAGTCCTCGCCTTCAATGTCACGATGGGAAAGGCATTGCAGACCCGATAAGCCCTTATGATATCCGATCCAGGCATCTGCACCTACACCTCATAGTTGTCTTCCATGATGCAATTAATACTCAGGAAAATTTGTGGTCGATGTGTAGTACGGACCTTAGACGTAGGTACTGACATATG,543,46.78,Saccharomyces cerevisiae
SEQ_456915,TGCGGGCTCTCCGCGAGCGTGAAGTGATCAGTCATGCCTTGACGGACATAACCTAGTTTACCCAGGGGGGTGAATACTTGTGTATGACCTCCATGTTTCGAGTAAACCGCGGTCGCTGATCCTTGTTCACGGAAGGCCCCATCTATTAGCACGTACTACGGCCTGTTGTTCTCATCTGTCTGAGGTAGCTACCTATAACCCTGTAGCATCTCTACATTCTCCATCAGCTATCACGGAGAAGAACGTGGAGCGGGTTCCTAGGCCCTGCGGAACTAAGTGGCGGGATGACATGTCATAAGACCACTACTGCTTTGGGACGAGGTATGCGCGTGGATTACAACCGGACATACGGCAGTTGGAGTTATTTTCTCTGTCGTTTTTTCCAAAATGTAAAAGTTAGGGTGTAAGACGCGAGTTATGATGTATTCCCGGGATTGCAGTGCCCAACTCCTATTCCTAATCAAAGTTCGACAGCCTCTGGAGGAAATCTGGATCTGATGCTGTAAGAGGTAATAGCCTACCGCTCATGAACGTCTCCGCGGGTCTCAGAGGGAATGCGACCCGCACTGCCACGCTCATCGCATAAGTCCTAATGAGCTGTCTAGGTCAGAAATTTTGACCCTGAGGGCAGCGTCAGTGTGGCGGTGCGAGGAAAGGGATGGTACTGTCCATCGCGCTCAACAAAGCGTCCCGTTAAGAGATTATGGAACTCCGAGGATCTCGCGCATCGATTGCCCGGGGTGTTATTCTATTAGGAGCACCTCTTTTTAAGTGACTACAGCAAAGATGACGAGATACTACTTAGGCCGGAAAAATTGTAGTTATAATGAGTCTAACTTTGTCTATCACTGTGGAGGCTCATTTACGTAGTCGGTTTATAGGAGTTCATTCGGGGAGCACTCAAGGGCGAGTGCTGCGTGCTTCCAAATG,930,49.78,Saccharomyces cerevisiae
SEQ_958004,CTGTCTGCAACGACGAGTTCGGTTCACCATGAGTTTAAGTCGGGGGGATACGTCGGCCCCTAATGACTTCAGCGCGATTCGTATTGATGGCACGGCGGTTGTCCGGGGAGGCGATTATATATGTGACCACTGACCACAATCGATGGTTCCCGCACGTGCGTCGGGCATGAGGCTCTGAGAGGTTCTCAAATGACTCGCTTCACCTGAGGTACCCATACAAAGGAGTTCTGGTAATGGGACCGCACTATTTGTTCAAAGTAGCCTCGGCTTATAGAAAAGAGCACATAACCTCACCTGTTTAGATCGTACTAGCACGCCGCTATGATGTACTTGGGTGCTTCATACTCCTCGCAGACGCTGATTTCCAGGACGAGGACCAACATGCGTGACCCCTTAGGAGCGTGCCGATCCTATTCCCCCAATGCTTTTGATGGTAGTACCAATTTGTTGCGTTGCCGTTAACAGTGGGTCTAAGGGCTTCATGTACCCAGAGACGCCCCCATTGGAACCTGTAAAGAAGATGGTATATTGGTCCTCGGAAGGCGCATGCACGACCCCTCGAGTGTGGGCGACCGGTATCTGGTGGTGCGCGATACTTTAAGCGATCACGAACCCAGGATGGCAACACATGTACGGGCGGCGACAGTGAACGGTTCATTCGCGGAAGCTACTGCAGCCCCGTCTGAAGACTCCTACTCTTCCGACCGCCTGGTCATATAATGCCTAAATATGAGTATAGCATTTAAACAA,750,52.13,Escherichia coli
SEQ_773626,TTGCCAAAGGACAGGTTGTCCAGCGTAGTTAGACAAGCAGCATGGTGAAAGACGCTACACACGCTTAAGACTCCCGACTCGAAGAAAACCTAGATTTGCTTTTGGTCTACATGGAGCGCATCCAGCACACTTTAGCTCGTCCGGGCCAAAAGGGCTCATGAAGCCCGGTATCATGCGTAGACTCCCGTGACCGCCCGGGCTAGGGGTGTGAGAATCAAGGGAGAATCTGCAGGCCGTCTCGTCTGCAGAAACGTCACTCCGAGGCTCGTAAGGTGCGATACGCCAGTCATTTAGAAGAGAAGGCGTCCGACCGTCGATCTCTGAACCATCTTCTCTCCAGTGCAGACGAGACGAGTGCCTCATGCAGTATCGGGAAAAGTTAAGCTTTTAAAATATGACCTGAGTGGATTTCCAGGCGCATTAGTCTCCTCACCATCCGTAGGGCCGAGAGCAGGACAAAAAGGCGCAACCCTACATGGACATCATCGCGCGCGCAATGTGCTCTGAACGGGAGAGAGGCAATGGAGGGTCAGGCAGATCTCGTAGTGGCGTTTCCCGATTCACTTAAAATGTGAGGGCGTAGCGTGCTATGATGCCCGACTCTCCTGCGGCATGAGCAATTGATTCAAATTCTAAGCGTAGATCCCCCCTTTGCTACTGATTCACGTGCAGAAAGACGTGCTGAGCAAGCTACTCGTGACTGAAGTAGGCACGCCCCTTGCTCGAGTGCATGAGTGAGGGTGATTGATAGTGAATAAATGCCCAGGAAAGCTAAGGCCTTGCCTAACTTCTTCGCACATCGACTCTAAACTTAGTTAATAATTGGCAACTCGCTCGGCTGACCCAAGCTCCACGTCTCATGTAGGAGTAAGAAACCGAGGAGCGCTCCAGAGGCGTGCCAAGATCAGGAGCCAAATTGGGGCACCCGAGATTTTTAACCAACAACAGCTGCGGTAAACAAAAAGTCTCTTCTGGGGACACGCCCAGCGAAGGTGTCTACGGCAAAGGATTGCTACATCCGCTGAAAGACGGATTCACCTTGCAGCCGACAGCGAAGGTATTGTCTCGTGCCACATCTGGGCTTCCGATTATTGTTCGTACAATAGAGAGGCTCACCGCTCCCCGAGAAAGGAGACCCGCCGAGAAACTAAGACGCTCCGGAAAATTCAGAAATGAGCAGGGGACCTACAGCTTAGTATGAGTGACACTATGTCGTCCATAACATCGAGTTCGAGCATAGTACTAACGTAGGGAAGAGAATGTGCCATACTTCCAAAGGTAGGGCACAAGAACTCCTCGTTTAAGAAATAACACAGATGCGGAAGTAACAATCGTTGTCGTTGGGTACCCACTTTGTCCGAGGGATCACCCTAGGTTGTGTGCGGTTTGATAGTGGTAGCCGAGATCGAGGACGGGTCATCCAAATTAGTGACTCCCCGACCGATAGATCCACATCTGGTCGTGGTTAATCGCTACTCACGATCTGTTTCCCAGTCCAGGTGTGCGGGTATCCCGATGTGTCACCGCTTGCGTTACTGCGTGCCCAGTCCCGGAGGGCGGGTACTAGTAATCTGGAGCTGGATCCCATACTGTGTCATGCCTTGTGTA,1608,51.93,Mus musculus
SEQ_486935,GACTAAACATAATGACGAATGCCGAAGAGGCACTACCCGGAACGTTATGTTAGTATGCATACCCGTCCGAAAGCGTCAATATCGGCAAAGAACTAAAGTCGACTAAGTAATGCTGCGTTATTCAGAGTACCCGACTTGTGAATTGGCGGGAAAAATGAGCTAGGCCGATTAATCAAACCACGACGTTAGACAGTCCATGGGCCGCAGTTTTTTGACGAGATCACGAGGGGCGACGGAGCAGCCTTAACTAAGTTAGGCCCCCGACGCATGAAAATAAGGTGTAATTTTGTCTGTTGCGGAGCGCATAAAGTAAAATGAGTGCTATCTCAGTTGATAAGAGTCGTCATCCTCCTAAGTATATTAAGGTAACCTCGAGCGGAGTGGAACGGATGGAAAGGCTAATTAACAAGTTTATGAGCTTGGGAAGAGCAACACAAACCAACTTAACACTGCCTATGTTACGAACCGGGTATTCCCCCCCCTTCACCGGTCTCACTTACTCAAGAGCGTCTAGACTTTCGGACTTCTAATCATTCCGCATGTTTATATGAAGTCTTCCCCTCATCCTGTAAGTGCTCGTGGGAGGGAATGAGGCTTCTATTCGGCAGGTGAAACCAAGCCTTGCTAACAGTCTCAATGGTTGCCCCCCACCGCCGATGGATGTAAGCGTGTTATGTCGAGGTTTGGTGCTCCGGATACGTATGTCTAGCCGACAGCTGGTCAAACGTATTCAGTCTAGCCATAAAAGCGTGGACTAGGAGAATGCATAAAACACAGGCTGTCAAGTAGACCCGTCACCATGAATGAATGCCAGACCTAGAAGAACAGAGTCCAGGCCCCGTTGCGTATCGGTTGGCTTAATCTGTTATGCGAGGACACTTGTTTGGTCGGCTCTCTATGGTCAGAGACGAGGCAAAGTCGGCGAACATAATACGCAATCTGCTGTATGCGGAGCTTTTTTCTTTGATGTACTACTCGCGAACGTCCGGCTGGATCCCTTAATTCGTCCGTCCCGCCGTTATATGCTTTCCAGATGTCACTTGTCCCCCCGACCTTTCACTTGCCGTCGGAACCACGCCGTTTTCAACTTTGATATTACCGTACGTCGACGCTAATTAGACCCTTAAAGTTCGCAACAGGGAACAAGCGGTGAATTAATCCCACTAGTTCGACTGTGGTTCTAGCAAATTCAGATGTGGACTGCGACATCAGTGTGAGAGGTCGTTTATGGCTGTCCTACCTGGTGGTGCCAAAGGACAATAGATCGTACTGCCACTGAGGTTGCGAAGCCATTGAATATCTTCTATATACTGTCAACTTTGAGCCAGGCCGATGCGTAAATATGGATATTCGCTGATTGCTCCGCAAAAGATTTTCGCGCGCAATGCCAAAGAATAAGGGTCGCCGACGTACCTATGGTGTTGAAACAGAGACTGTTAGGTCGGCGACGTGACGGCTCGACTAGCAATAAACTGCCGCGATGTTCTGTGGGTGTTAGCGGGGTTGTTGCCGCACAATGATACTTTTATCGAGCTGGAACAGAAGACAGCACCAAGGTTGGTTTCGGTCATAATCCAGCTTGGCTGGGAGCACTATGTTAAGTGAATGCGCTATCTCCGTGGCAGGCACCTGCAGGCATGAGTGTCCAATGCTCACTTCGATCTTTGCGTTGACGTGATTTGCGGCAATAACATGTGAAC,1700,48.47,Caenorhabditis elegans
SEQ_436742,ACTCATAAATTACACACCACAAGCTCCCGACTAACAGTCCAACATAGCGTTTAGAGTGTGAGGTGTCTTCCGAATAGTCATCGCTACTTTGTCCGGCGACCTAAGCACACGTCGGTTCTTTCGGTATCTTATTTGCGACCGGAGATTAGCCATTGAGTCCCACTCGCGTGATTGATACGGGTACACCTGACATGAAGAGCGAACAATAGGCGCATTGTCAATATTCTGGGGTGTCCTCTCTGCGCGGCTGAATAGAACCCTCAACCTGCCTATAACAGTGTGTTATCAACTAGTCAAGTACAGGTCACTTCAGTCTATATAGATCAATTTTTAGGCTTGTTAGAGCAGCTTCGCCTTTACAATTTGGCTCGTAGAATGAATCCAGCGAGGCCATTGGTCAGTGACTGGTAGCCGCTAGATTTACGTGCGACTATCTATGTCACGCTGCTAGATCGGCTATCACGGACGGCGTCGATTGGGGATACGGGAACTCTAGGAGGGCTGATGAGCCCGGATGCACCGTGGCCGAACTTGCCGTGTTCACTCGTAGAGCAAATGGGGTTACGGGCGTGGAAATGCCCGAATGACACCTACGCAGCACGGTACAGGGTAATCACGCATCAACATAGCGACACAAACGGTAAAAAGATCATCAGCAGCCATTAAGCCAGGAGCGGTCGTAGGCACGATATTCATGCGTACCGGACCCGGGAGTAATATTACTTTT,727,49.66,Caenorhabditis elegans
SEQ_886696,AGAAGGCCCTAACGAATCCCCACTGATGGTACTCCGAGTCCATAGATGCAGCCATGTTCAAACCCAGCATTTATCGTTGCACCTCTGATGGCCCCGCTGCTCCACTTGCAATAGCGCGCAAGTCAAATGAAAGCAGAGTTTAATGTAAGGCCCCTAAATCAGCTTTCACAGCACTGAAGGGTGATCGATTGTAACATAGGAATAGCAGAAGGCTCCCGGAATCTTGAAGTATTACGCCGCATCCAAATGAAGCCTGGGAGCGATGGCACTCGCCGTCCCTTTTCTACCTGCCAAAACAATACATTTGAATCACATTTCCGGCCGTTTAAGTGGGCAGGGTAGTATATCTGTCACGTTGCCTACTCAGTCGGACGTTCTCCCGCCGGTGGCAATCGTTGGATACGTATTGCGATTACACGTCGCGGAGCGACTTCGACTGATGGTTTAGATGCGTAGAGCGGGACTAATAGGGTGTGTTTAAGAGGAATAGTCATATTATGTGTTCTGGCTATATCCTTTCGGGCATGATCGGGGTTACGGTCTCGCGAATGAGGGATTTCCTTGCTACTAACTAATGTATGTTGTCATGTGGCACCGATGTGGCAGAACATGTTGATAATTGCACACTTGCGTCTCGCCGCTGCAGGAACTCCAAGCTGGGGAAGGACTCCATTTCACGGACACTTGCCAGGTGAAAATTTTGAACGTCGAGAAGAAGTCTAAAGTGTGACCGGGGTCGGGTGCCTATTGTGGCTGCTCGCTCTGAGATTGGATAACGACGAGGGATAGAAGCCTGTAAGTCAACTTCAGTGGTCCCAGGCATATTGTGCTAGTCCTGGCCTATCACACGCCATATTTGGTGTAGATCGAGAACAATTACTTTGATAACGGCCCAATGAACCGTTTTATCTGAGAGAATCCAGCTAGCGGCTGGCAGCACTAGTAGAACTCCTAATACTGTCTGAGTGCCCTACCTGCCTTGCTGATGGTTGCATGCTTCTAGTCGATCGGTTTTGTGGGGCTTCTTAATCCTCGTTCTCCAGAGAAGAGCCCAGGCGTACAGGATCAGCACCATCCAAGCTTACAAACACTCTTCGTGCAAATCTTCTGAGCTTTCGGGCGCGTAAAGGAGTGTGGAAATTGGCTTAGATTTATTTCTTCATTGATGACCTTCGGCACTGCGCGAAGTTTTACCCGTTAGCAATGCAGCGTGGCTTTGGGGCGGTTTCTCCAGGGATCATCACGCAATGGGGAGTCACCGGGAACCCTCCGACCACAAAACTGACGGGTTGTTAGGGCCTCGTCAGGACGATCAAGTCCCGCGCCTTACGGACAGACGCTGGCTCATTAACACTCTTATGTAGGGGTAGAAGCTGACAGCGACTATTCGGTTGGAGGTTTCATGTGGCACCGTGCACCGTATACGGATTTAGCTCTTGAGTGTCTACTTAAATTTCTCTGCACTCGCGGGACGCAAGGTTTTACCATAAGAGCGAGAAGAAAAGGGTAAGTATTACTCTCATTGCATATATTCTTTAAATATTAACTATTGAATCCGGGATCTGCGAGTAGTCAAATGTAGGGGTCCGTCTCCTCACTTAACTGCGTCGAAGTCTCGCACGAAATCGAGCTCGGCAAATTACTACAGTCTATAAATACCACTAATAGGGGCATAGTCTTGTAAGCGGTCATTGAGCGTCGTAGCGTAGCAAT,1713,48.92,Arabidopsis thaliana
SEQ_777335,CCTGACGCGCCCCCACTTGCTGTTGTTCGAGCATTCATCGTGTGACAAGACATTAGTTTGACGTCGTAGACATGCCGGCGCTGACTCGATCTCTCGCTTTGGATAAGACTCATTACCAAGAAGGACGATCCTACTCGAGCGTTAGCTCTTAGCGATCTGAACTCAGGTACGCTGATGGCGTACCTGCATTATCGATGTGTTTCCGCGGTAGTAACAATCTGGTCTCACTGACTATGAAGCCAGTGGCACGATGGCGCCTTCACATCAAGTAATTGAGCCTTAGATAGAGTGATACGAATCGTTCTATTGGTCTCGTTATTAGACACCACGCTACGCATAAAAACCTTAACATTCGGCTTTTGGAAGAATACACTCTTTAACCCCACTGGATATAATTTCGAATAGAGGGGGCGGTTGGGTTCGCTGCTCCTCTTACACGGCGCACTTAGGTAGAACGGGGCGATGCGCAGCCCTACCTTCATTAAAGTG,489,48.88,Saccharomyces cerevisiae
SEQ_730246,ATACGAACTAGCCCGTAAAAAATCTGTACGTGTCTGTAAACTCAAGATGCCAATTTGTGATTTTAGGTTCTTATATGAATAAACGAGTTTCTGAGCTAGGCGGGCCAAAATTCATAGTCTCACCGTACGAGCGTACACGGGTTGACAGGAGCCCTTTAGGGTGTTTGTCTATCCTGACTCTTCGGTTTCTGCATCCTATGATGTCCTATGGAGAATTCAGCCGTGACTTTAGGGCATGATTCCGCCTGTGTGGACCGAACACCTCATAGAAGCTTTGGTTCACGTCAGAGCTGGCTGAAAGTCCACATAATCGTGCAACTTGTCAATTGATCTGGCACCCGCGTATTCTCCCTCGAGTGGGGTAGTTTTAGCAACTCTATCGACTGCGCCGGGGAAGACCATCCCTATGACTACCACAGTGCCCTCCCACACGATACTCCCAACAGTTAAATCAACGTACTATATCGGTCAGTACTCCCTAAAGTCTTTCATTCTCGTATGAGGCCAGAAATTAGAGCCGGGTACTCAGCAACTCGGCCCGTCAGCTCTTGAGACCATACAATAGGGATCATATGATCAGCTACACGGAGCGTCCCTGAAGGTTGCCGATACTATGAACGTGCGTAGTCTGCTGCGCTACATCGGCAGGCTGGGATGCCGCCGAACTGATCCCGCGCGTGTTGTGAGGTTTTATGTAGTTCACTATATCAGATTGGCAAAGCGACAACACACGTGTTTGCACTCCTGGTTAAATAATTTGACCTGTTCATCTCCTGCGGTATCGATAATGCGTGCCTTTCACTCTGGTTTTCTTACATGTGCTGGCTTACCGGTTTAGGTTACTACAGAAATTCTGGTAACTAGAGCTCCCAACTCGGAAATCTTACTACTGAACCTTGTCACTCGGGATCAACAATCGCAGATGCAGGTATATATTAACGATGCTGCATGGGCAGGTCAAGGGGTGGTGGCCTCCTGCTTAAAAGAACGAGGACTGCGAAATCCCTTGCTGACCCACAACTGGGCCTGTGTATAGGGTCGCTAACCCCCCGCGATCATGGTATGGCTCAGCCTACCGCTCAGCGACGTGACGTTTAAGTAGATGACATTTTGTCGTACTCTACTAGTAATTGCACAGACAAGACGGGAGCCTGAATACTGTATCTTAAGTTCCTATCGCAGACCGAGTAGTCCAGCAACAGCGGCCAAGCCACCGGGCGATAGTTGACTTAGTAATGTGCACGCCTTGGGGCCGGTCCATTCGCATCCGACAGGCAATAGAGGTTAATCATATCTAGTTGAGACGGAAAACCTTCGTTCTTCGCAAAACGCTCTAAGCTTATAATTTATGGTCTGATTAACTGGATCAAACCTGTAAGATACATTCCTTGTCCCCGGCACTGACCGAA,1409,48.4,Drosophila melanogaster
SEQ_863505,CCAGCGGCTAAACGTGCTTCCAACTGGTATCCGCCAGGACCAGCAACCTGGTATCGTACCCGCCTGTATTCGTTACAGGTGGACACACGGGCGAGGATTGAAGACGTGGCTAGAGATTCGGATCTTTACCTTCTCTGTTTAACCAGTTGATATCCAATGTCCCGTAATCGCTGCCAGATTGTTAGCACGTAAGAATTGTTACTAGCGCCTAATTAGATGATCGCCCTGATCGCCTTTGAGCTCCTTCGATTCGCGTGAATAGGAATATGCCTACAAGTAAGTCGTCTACAATCTAATGCATCCAGCTGCAATACGCGGAGTTTTCGCAGAGCAGCCGCGGGTCTAGGGTTTTTGGGAACGCCGAATCGCTACTTAGTTCCCGGCCCTTTCCTCGGGCTCGCCCACTGCGTCACAGAAGGAAAGATCAGATGTTTCTGAGTATCTAGTGCGTCATACGCTGTGCGACAGAGATATGATGCAGTGACCTTAGGGAGTATTCGGACGAGGGAAGCCTGGAGCTTCACGGCAGCACAGGTCCAGCTGAATACGACCACAAGTAAACGACCCTTAGGAGGTCCCAACCACCTGCGAAACTCCATCATAACTCTCCCCAAGGCTTACTCTTCTGGAACAGGATGGAGGTGGGAGTGTGAGGCCTCACAAACGATATTCATCTTCCAAATTGGTTGCACAGCCAGCTGTCATACCCTCGATCAGAGAGCAAGACGAAGGGATTTCTACTCACGGGAAAAGCTCGAAGCGTGTCGCAACATATTTCCGTCA,783,51.09,Escherichia coli
SEQ_571896,CGCGCATGGCTTAAATGGGTGGGAGCAAGCGGCAAGTGTTACTGTTTCTGGTACGCTTAGCATACCGAGCCTGCTCTGCATGCCCCGATTAGGGAGACGTACAAGGCTGTCTGGCCACACCCACTATACCGAATAAAAACGATCAGGTGTTACTAGCGTCATTAGTATGTGTAGTGGGACCTTGCCCCTAAGTATCGGCACTCTCACTAACACAACGGGCTCGGGCATGCAACAACAACATCTATATGGGCTCGTTGCGTGAGGGATATTAGGCCCCCGGACGCGCTAAAATGGGAAGAGCGGGCGCCGAGGATAAAGCACTCTAGGGATGTACGCGAAGGGCACTATGCGTTAGACCAGGGGCGTCAAGGAGAGACTTGTTATGCGCGATGACTTGAGGATAGAGAAATGGGAGGGATGCCACGGGGCTCGATGTGTGTCTGCGCTTATGCCACTAACAGTCACAGCGTCGAAGGGATCGACGGCGTACTACTGCTAACGATACGGCAAGTCGCCGTCGGATGGAACACCGACATTTGGCTTTTCAGTATCCCCGCAGCCTGGATCTAACCCGTCACAAGCTTATCGTTGACACATATGAGAATGGCGGGGTTGGTACTCATGTGCAACTATATATCTCTAACTAGTAATTGTGCCTTAGGTATCTAGATGGCCTAGTAATCACGGTCTGTCTACTAGTCCGACTGGCAAACGCGGACCTGGAACACCCGAAAGCTATAAGAGTCTTGGT,751,52.2,Saccharomyces cerevisiae
SEQ_599679,GCTACCCAGGGGCTGAGAATTTCAAGGGCTGGGTTAATAAGGGCGTCTAAACGTCTTAGATTCAACCAGCGGTGCTAGCAACACCATGAACCTTTCAAGACCGAGCGGGAGGGATTGGTGAAAGTAATATTTGT,134,48.51,Mus musculus
SEQ_834891,GCACCGCCCGTTGAAGGTTCAGAAATGGGTTGTTCGGTACATGATTAGGCAATGAACGCCCGTCCTTGAAAGAGGTAATAGGGTTGAGCTAGGAATAACCTTAAGGCACCGATTATTCTGAAGTCTGTAACCCAGGAGCAAGGTATCAACCCTCGAGAAAGGCATTAAGCCCGTGCCGGGTAAGTTCGCAGCTCCTACGCACTTCATCTCGGACGTCTAGAATGGATCAGGAAGCCGTATAAAGTTTAAATGCTCGCCGAACGTAATTCAACGAGACCCCATGATTCGAATTCCATTTAAAGGTGCGTATACGTGAGTAATGCTCACGGCAATTTATAATCGGCTAAGTCTTCTGCACTAGAAGGTCATATCGAGTAATGTGGGTTGGGATCCATAACGGTTTCCTGCTACGCCCTTAAGAGGTTTTTTTTGAAGTATCACATTTCGATATTAGGCTTCTACCCTTTTGAATTACGTCAAACAAAGGTGGCTCTGCTTGTGCCCATAAAAAGGGATTTCGGCCTGCGTGATTCTATTTTCAGGAGCGGTTCGTACTGCCGCGAGACCACTTGAGTGGGAAGGTGCAACGGGAGATAAATCGTAGGGTCTGCATAAACGTCCGGTAATTTCGTGCGTCATGCACCTAGCTTGACTCTCCACCCGCGTATCTATACCGCGGGTCGGTACAGTCCGAAAAGCCACCTTGTCCTTATTTCCCGTATACGCAGAGACTACTCGGTCCAAGCTGCCGCAGGTGTACCTGGCTGGTATCACTGACATGTACCAAGATCATTTAGACATCGGAGGACCTCATGGTTCTGTCGGCTTATTAGGTAAAGTTCACCCTAGTTGTATTTCGCCAACAGGACCCCAGAGAACCTTGTTTCTAAGTCTTGGAATGCTTAGGCTACTTTGCTTCTTGCATATCACCCCTGCGTCTAAAACTTCTGACAAATTGCGCTTACCAAACGGCGGTAGCATCTTTACCAGTGGTGGCGGACCGCCTTCCAGCGCCTGTGTAGAAAGTAGGTCGTCACTGGGTCCGTGTCAGAGCTTGGGGGGAATTGTCAGTGGGTCACTCTTGCATGACCTCGGACTGCAAGAAAGATAGATAGCCTTACTGCCTGCTTTATTGCTAGCCATTTTCACACGGCACGCGCACTGCTAAAAGGCCCAAGCGTTCCATCAAAAGTCTAACTTAAGCATTCAGCTGCTTTATATGCGACATGGCTTGCGAAGGTTTCATACGGCCTAGAAGTCATGCGGTAAGGAAGTCGCAGCATTGTGCGCGGCGCGTCACACAACCGCACATTTCGCGGAGTTCTCCTCTCGCGATCGGTTCAAGCATGTCGTCGATGCGGTTGCCGCGGACCTTTGTCCGGTATTCCGCAAATTGACGGAACCTGGAACGGC,1413,49.54,Saccharomyces cerevisiae
SEQ_963341,GACCACAGAACCGGACTCACCACACTATTATTATACAGGCGGATGACAACCTAACGTCATCTGCGCACTCGACCCGGGCATTGGCAAGCATTTAGTCTCACTGCGCAATCATCAAACATTCCAGGACGCCAGATCGGCACGAAGCACCAATAAGTCATGTCCTTAATCAGTTCCGCTCTCATGCAGCTCACTGATCGTACTATGAACTAAAGACGGAAGGCTGGAGCTATCACCATAGATCATCAGGGACCGACCGGAAGCAAAAGATCTCATGGGATAATCCCCCAAGCCGAATCAGTCATCGACCTCATGCGAGACACCTGCCAGGTGGAGTACGAATTTTTCGCGGTGTACCGGTCCATCCAACGTGAGAGACTTACTGCGAGGAACAAGCTGCTCTGAAACCGAACAGCTCCTATTTCGTCCTTATAGCCTTCAACTTGTTAGAGGGGCACTGGGTGGCGCCACGGGTTGCAAGCGAATTACCTATGTACTATCCGTGACGCCGCTCTTCGCTGCCCGCAGCCTTAACGCTTGACTGATGTTTCGCTCAGAACCAGATCCATGTCTAATTAGTATTTTGTGCTCGGTCTCACGGCTGCCCTATCTCGCTGTATCTTTTAGAGCGATATAATTTCCCATTTTGGACTCTATTATATACACTATGCATGATACAGACCGAGTTGTGGATTGGGATGCACGCTATTCCGTGATGTCACGTCTATAAAGTAAGCTCAGGTGATTAGTAGTATTTTGTATGGCTGAACAACTTATTTTATGGGTGCTAAGACACGAGCCTACTATTGCACAGCCGCAAAATGACGACGAATAACCACTGCGCTCACCAACCTGCCACGACTGTCAGTGGGCCTGCCATCTAGGTTGTGATACCTTCGGCGTGAATTCCGGTGATACAAAGTGCAACTTTATGCAATTTTCAACAGTGTGAGCGAGATCATTTAGGTAGTTGCACCTATTACCACTGGTTAGCAGTGTACAAGTTATATCGCTAACGGTAGCTGCGTTATTCCTGCCCTGCTTAACCGTGACTCTTGAGGGATTACAACATCCGCCGAAATGGCAATATACGGCGTCTAAACGCACCGGACGCGGGTGCAGCTTACCCGGCTACGACGTTCCCTAACTGCTAAAGACTCATGACGACCAAATGACGGACCCGGCTTCGCCTTGCGTCAAGCTATTGGGGGTTCTCCAAAAGTTAGCGCCCAAGTTCTAGGTCCTACGATAAGCCCCCCGGACCTACACTGTTCGGTCCGCAGCATCGCAGGTGCTTTGACAATCTGTTGGATAATGAATATGGCATACGTTGCTTAGGGTGCCAATGCTTAGCAGGTCTCGTGGGATCGCCAACTGATGGATAGCCTTAGCCATTGGACTAACTAATTGGCATGCGTGGTGGAATGAGGCAAGCTCACTTACT,1441,49.41,Drosophila melanogaster
SEQ_754059,GGACGATAGAGCTGAAAGGGTGCATAAGGCCTCATAACAGGTGCGGTTCAGGTAAGGGTGCATGCTGGCCCACCTGCGTATGATGGTGGTCCGGACTGCATGCGACTTCCACAGGCTTCAACAAGACTTCCACAACGGGAGGGTTCTACTGGCTTTCTAGAACGCTTACAGGGATTGACCCACCGCTGTAAGTCATTAGATTATTATCTGTAGCCGGGAGTAAGTTACACCGACAAGTTGGCCTAAATCGCACGTACCGACGCTGCAGATGTCGACGTACGTATTATCAGCCGGATGTAGGTAGATCGCCTTGGGCGCAACGGCACATCGTAGGAACGCGGATCCACTCTTCTAAAAGAAACACTGGACCCTAACTGGGGTGTCCATCTCGCTCTCGGTCCACCTCGTTGTAGTTCTGATTTAAAGCTACATGCAATACCCGAACACAATAATTGGCCGGCGGCGCTACTATGGGCAGGTGCGGCCGCTAACACAGCAGCGCCTGAGTCATCGTGACTCTCGCTGGGAAGGGCCGTGGGCAAAATGGTATTCATTGAGATAGCAACTACAGACTTCCCTGATATTTTCGGTGAGTTCACAATATCATCCAACTAATGCGCGTCTAATAGCTCGCGTGCGCATGCACTCCATGTTCGAGAACAACAGAGCTCTGATGTCCCGATCCCGTATTACAACATCTGAATAGTAATGTCACGCGCTTGCCAGTGCCGCTACAGTTTCGGCGGAAATCATTTATCAGGCCTGTAGTTCTTCAAGGACATATAAAGTACCGGCCATATATGTTAGGCGCGCAATGCGTTCGCTTCCCGCCAATCTCTACTGAAGAGATAG,852,51.06,Homo sapiens
SEQ_182787,AAACCACAATAAGGCCGAGTTACGTTGTTGGCAATATTAAAGGATAACAACGGTAGTAGAGAATTGACATGAATCCAACGTCACAACCACGAGTTCACTGTGGATTGAGTAAGACTAGCCTATCGAGAAGCACGCATCCTCCTTCGGAGACAAAATGCCGGACGTCGTAGAAGCCTCGCGTACGTATGAAAGCCTCAGATTGCACTGCCTGCGGCACTGCCCTTCAAGGTGAGTCTCCCGAGCAGACCTGTTAAATCATACATCGCTCCCTAGAGTCCAAGAGATTCAAACCAGACAGCTAATGTTCTCAACTGCGGACTGCCCATGTGTAGGTAGTTTCGATAAAGACACCCAGACCGAGACTTCTTATGCGACTGCGCGTGCACGTATGCGTTTACAATTTAAGAACCGTACCCCAAGCCTGCACCTTCATCGTCACGAGTAAAGCGTCCGAAGTCCGAGCCTTCGCATTTCAGGCTACTTTTGCTGTCTCCTTCTCCCAACGTGAACAAATCGAAATCCCTAACAGACATTCTTTAACTCCATCGGTTCAGGCAACTTCTGCCACATTTTGTCGGAGACCGCCTGCTCGAGTCAGCTGTCACCGAGACAGGCTGCAAATAAACCTGACACCTTAATTCTGGTTGGGTGCGACGTTGAATCGCTTGCAATGGAGGTCTCATATAGATCAACGAAATAGGATTAACACATTTTAGAGCATCAAGGATAGTCTGTGCCACGGGTGCCAAACCTGATTGTCGGATCTCCACTCCAGGAAAGGTCACGAGGCTCCAAATTGACGTGGCGCCCCCCGCTGAACGGTCGGTCAAAAAAGGACGGTCCGTAGCTAACCCAAGCAAAGCTACTGGAGTTCTCTTTGTAATCCACTTTATTCCAGAATCTGAAAGCCCGGCCCCAGTACATAGCGATCCCACTCATCAAAGCATCCACTTGGACCTGACTATGGACCCGCGGAGTAGGGTGCGTCTATGCGGTTATCGATTGGCTTCTGCCATAGATACCTGTGAGGAGCCAATAGTAATACAAGTTACCCAAGGGAGATCACTTCGAAGCGCATAAAATGCACAACCTGGGGGGCTCCACTATCGTCAGCCCCACACCACAGGGGTACCAAGAATTAGGCGTTTATAATTAATAGCAACAGCCTCCGAGTCAATATGCGGACGAGACCCTTAGACCTCTAACATTACAGATGGAGTTTGACGGTCTTAGAAGTGACTGGCATTTGATTTCGAACAGGAATTGCCGGCGGCCCCGCCCACCCCCCTCGTCAAGATACGCTTGCTTCGAGCATGGCCGGCGTAGACGGAATACCGTACACACAAGATCAATTTAATAGGTCCCCGGCAGCAAGGGATTGTGATCACGGATAAGCTTCTGCCTGAGAGATCTTCGGCCGCGACGCGAAGTTACGCCCTGCGCCTCACAGGGTTCCGGGGAAAGCTTGCATGGGCTATTCAGTCGCATGACATGCA,1496,50.47,Mus musculus
SEQ_455990,GTCGAGACTCATGCCGTCATATCTAGAAATGAGGCCATATATGCTATTGCTTCTCCTTTAAATGGGAGTGTTTGGCTTATGGGCATTCCAAGAAGGTTCTGCGATTCGTGAGTTGGGCTCAGTACCCGGGCCGCCAAACTAGTGCCCCGTTGCCTTTATGACACTGAATATGCGTTGGTGTTGTAACCTGACAATGCAACGGTTCGAGAATACAGTTAGGGACGGGTATAATCCGGGTTGCAATGCGGACACATTCGCACCGTACGAAGCCCGCAACACTGGGGTATTATTTTCGCCGGCCGTTCAATGTCAGTAAGCCAGCCGCAGGCGGCTCGTATCTTAAGTAGGTAATGAATAAAAGCTTCAGAAGATTCACGGCAATAAGCCC,388,49.23,Arabidopsis thaliana
SEQ_893068,CTCGTTTCACCCACCTCGTGACGCCGAATCCCGCTAAACCACGTCATCTCATATTACTTGTAGCCGCCCTACCCGAAGACTGGACGTTGTGTCGGCTGATTGAGGCAGTTGTGCTTTCGCGCTACGTGTTGTGCTACTCTGAAGTCTCGTAAGTCTCGTATACGATGAGTCATATTAGGACCATGCCGGTCAGTGTATGTTGTACGTAGCCATGAGATAGGAAACCATACAGTTGCGGGGATTGTACTAGGTCCATGAGGTGGCGGAGCTACAAAATACAGATAGATGCGCCAATGGCAGGTATCGGCTTTCGTGGCTAGTAACAGTAAAGGGCGTTCAATCGCGTTCGCCTGCGGTGGGCTAGCCATTTATGCTCTCCTTACACGTCTGGCAATCGATAGCGTTTTTCCGCCGAGTGGCCCAACGAGATCGAGATTCAACAGAAATACGGGTGACCGCATAGTCCAGGCGCGTTCAAAGATAGCTCGGCTCT,493,51.72,Homo sapiens
SEQ_192443,TTTAAACTACAGACATTATAAGTCTCAGAACCGTATGACCCTTTTCGGGTTCTCCAAGTGTCCGTACTCACGGAGTCCCATCGTTATTACGGTCTAGGACTATTATCAGCCGCGAGAGAACACCTCTTAGTAGAAGCACGTCCACCGAGTGTCACTTTGCTTATGTGCTAAACAATCCAAGTTACAGTACTTCTGAAACCGTTAGGGGGTAGGCCCAGTCAAAGGTCTCCTAAGCCGATTAGAATGAATGGCGTCCTTCTGGTATCCAGTGTGTTTCCGCTCAACCTATACGAATTAGATTAACTTCTATAGTACTTTGGGCGATACTAGCCAACAGACGGGGTGTATAGATTTCGATGGCAACCCAGCTGGGTGCCAGACGCTCCTGCCAGAACATCAGTCCCCAACACCGTGGGGAGCGACGATACTATGTAAGCCGGACTTAGTCTGTGGGTTCAAACGGAAAAGCAACTTTGCTTCGCGATTGAGGGTCATAGGGTTTTACTGGGCCCGCCCCCGAGTAAGCGAGCAGTAAAAAGGAGGGTTCGACCCGCGCAGCCGCGGTCTTGTCCACAAAAATCCATACCAGAACGAAATGTACGGAGGCATTCCGGGCTATGACAGCAACCCTTTACCCCAGCGCAACGTATATCACGACTTCCGTCGTCCACATTTGGGGTAACGCGGCCGGACTCAGATTTCCGATTGCCGCTCGTGCCTTATACCTATGCGCCCCATTGGTAGCTAGGAAGAAACATGCGTACCGCGAATTGACAGGGGACCTTAAATCGGATTGACTTTCCGACTAAAGTACATGAACGATAGCCTGCCGTGACATCGGACACTAACATTCAATCCCATCCCCCTGACAGTGTGGCTCACACTACAGCTCCCGAATTGGAATGTTCCACGCATCGGTACCTGGGAGTTCCGAAGCTGATTCTACTGGCCAACAGTGTAGCCCAGCGTTAGCTTATCACTATCGCAACAGTAGCATCACTTGATCTTGCATAGACGATTTGGCTGACCCGTTGGGAAGTGATGAGAATATGGTAAGGTGTCCTCCTCACCTCCAGCCGTCGTTCGGCCTAAGCATTGGTAGTCGAGCCTTTACCACAGCATGTAGCAACATTCCCTCCGTTCTGGTATTTTTTGCACCTATTTGTACGGACTCGGGAACCCTTTGATTTGGTACTCACTTTCCGCAGAGTGGAGACTCAATAAGGGGACCCAGATACTGAATAGTGGGGCCGCGAACGGTTGGTTCTGGGTTCTAGATTCCTGATTTCTTCAAGCCGATTTGGTACGCAATAACGCTCGGAGAGGCACCGATATACCCCCAAAAAGGCAGACACCCTCCGAGATGCGGCGGCAGAAGGGGTGAACGATAACTTATGAGGACGTTATCATGGCTTAAGTGGCTGCGATAGAATTATTCACATACAATTGGTAATATGGCCCGCCGCCCCATCGCGGAACCTTGCGTTCACGCGGTACTAAGCGGGATAGTGCGATAATACAGTGGACAATACGGTTAGGCACAATGCCAGCTTTCGGTGGGAGTAATACGGACCACTTAGTAGCGCGAGACTCAGAACCGAGTTTCCTATCCCAACTACGACTGCTCGATTTGATTAAAAAGTGAAGTTCGTACCATATTAGCTGGCCCTCTGTGATTCAGCGCGTGGGGTCTTTTCCAAACGTTGGAAGATACCTTCATGACTACACCAAAGCGACCCAACTCCCTCAATTTAATCCCTTCTGACCTTGAGACCACTTGGGTTTGCAGTTGTAAATTAGGTGTAGATGCGTTAAAGCCATACGGGTGCTATTTTGCGGGTTCTGGAAGACCTCTTGTAGTTGGGCAGGATTTCTCGGAAAAGGAGAGAGCCTAAGACTGTGGCACTCAGTCAA,1914,49.84,Arabidopsis thaliana
SEQ_203071,GAGCACTTATCAGTGTAAGCTCAGATCCCGCGTTGATGAAAGGCGCACGGTATTTATCGCTCAAGGGTCTCACGTAAAACTTGTACTGACGCGGGACTGCCTGTGCCAGTATTACTGTATGGTGGGGTGTCATACCCCCCCGTATGCGGCGCGCGAGTCGGTGCCGCTTTTAGTCTTGATTCACCCATGGACGGCGCGAGGGGACCCCGTCGTGAAACGGGGTACGTATAGGATGTTCAAGATTGTCCTGTGGCGCACCCAGAGGAGGGTGACCATCTAGGACAGCGGCGGATCATGTCGAAATCCCGTAAGTGGTAACCAAAGGGTATTTGACGAAAAAGCCTTTTTTCTAATATCGCAGTTTTATCTTCGGCCGTCCCATTGAACACCGCGCGTGCCACTCAATTAAGGCGAACATGAGCTGTGCCGCCCGGCTGTGAGGGGTTAGGTAACTAGTTATACAGAGCTCTCTGTCTGACTTTGATACCACTATTGAACCCTCGTGAATCAGACGAACGCCCGGGCGTAAGATGCTCATTGTAGCAGAATCGCTACAAAGCACCCGGAGATACTTCTGACTTTAACAAGTCTCTATATCGCCCCGAGTGTCGTAAGGTCGGAGCCTGTATTGCAAACATAGCCGGCGGGATACTGCCCCGCTTTTCCGGGAAGCATGTTGCACTAGTACTACCTCGTATATTCGGGCATTTGTTGCTATCCGGGAGGGGCGTGTAGGGTAGTCGTTGGTCAACAGATGGGCTGAACAGAGACGAGCCTCCCATTTAATCTTAACGTCTACACTAGTGTCACTGTCGGTTACCTTCTTTAGCTTGAACATGGACTCGGTCGACGACTCATGACCCACATGCAAGGTCGCGTAAGGGCATACTTCCCTGTAGACGGCGATTTGTCATCGGCTCCGCGCCTCCGGTTTTACTGTATTTATACTAGTGTGACGCGATCGGTCATTAAGTTCTGTTACCCGAAGGAATGCTGTGGGAGGCACGACGCAGCTGATTTAGCTACCGAACG,1032,52.13,Arabidopsis thaliana
SEQ_452736,TTGATTAAACCCCGGTGAAGATCCCCGATCGCTTACCGCTCTCTGGGGCAGCCTGTACCTGTGTCGGCACAGTATCGGTATACCAAAGACGCGGCGGGGCCCGGCCGAAACGTGTCCCGGGCGGGACAAACTCGTACGACTCACTCTTATTAATCAGGATATAAGCGCAATCCGCACGAGCTCATGTATCGGCGATGTTGTAATCCAAGTTAGTTTACTTATCTATCTGTAAAATTCAGGCTCCCTTAAACATCCTGCAGCCCGCACTACGGTCTACTTAACACTTGTTTACTCATACCCCACTGTTCAACGCCCGCCAGGGAGACGGTGACAAAGCCAGTGATAGAACCTATCGTGTTACACGCTCCCAAGAATACGGACCGGAGTTCGAAGTTACTGAGGGAAGGTGTAAGTCACATATTCCGGCCCAGAACTAGTTCCTTTTTTGGGAGAATTATGTTTGAAGAGTTGTTCCTACTGGTTGGGAGTGTGTATAATTTGATCAGCTCCATGCCATCATGACAACTAAGAACGAGTTCATCATGGTCACTCCGACTCCAGACCTGAGGAGACAGCTGCACCGCAGGTATGGTATCGCGCCGACGCCCACCAAGTCGAGTTTTCGGCTAAACGGTGGCGGCATCTTCGATCTGTCCAGACGCCTGCAATAGGT,673,50.97,Escherichia coli
SEQ_900057,CGGCTTTTCGAGTAAGCCGTCTTAACGGTTCATCCACGTGCCGCCCCGAACCACCGTTAAGAGCTCCGGCTCAGCACAGATGAACCCCGCGTTACGAGTGGGATCTCGGTTCCACTATCAATTTGAGTGAGGCTGGAACAACCTGCTTTCGAAGTACCAACTATTATGAAGAGTACAGTCCTAGAAGGACACCAGATAATGTTGATATTTACGGCTTGTATCTGCTATGATATAACGGTCTTGTCGATGCTCGTCTCTGAGCACTCGCCTTGCCGTTTCACAACGGTTCGAGGTAAAAACTATACTCAGGATGCCCTCTCTTACTTGTCTGCTTTCGTCTTATCAGAACGTCAGCAATTTTGTGCAGATTTTTCTATCCGAGGCTGGTGAGATCCAGTCTGCTATACTAACTGGTGACCCTTTACGCTATGGCTCACTGAAACAGTTTCAATGTCGTTGAGAGTGACAAACAGCAAAATTGAAAACCAAATAAGGACTTTAACTTTAACCCTTTATCCTACTCCGGACAGAGTCTAACTCGGCTGAAGTCTACAAGTTGTGGTTATTGAAAGATTCAACATAACCCTCTGTAAAGCGCGGGTCCCACCAATAGGCGGTTCCGTTAGGCACTGGGTTGCACCTGACTCCGTCCCACAGGGCGGCCTTGGTGTGAGGTTCCTGGGTACCTAAGTATATACCCCCGAAGCGCCCGCGGCGACGGTATGAGGCAATTAAAACAAAAATACGTGATTACATTCGACTACTTCGCGATTATCGAACCCTGAGTGCCTTCCCAAACCAGGATCGTCTACTTTTAAGGCTCGAAGGATTAAGTACCAGCGTCTCAATTAGGCAGTGCGACCACCAACCCACCTCCCCCTATCCGCACGTCTCATGACGTATCGACGGTCGATATCAGCAGATCACCGGCCGTGGGGCACCCTTCCCCTCGGTTGATAGTGCCATGCCCAAACCTTCTTCAGAAGAGCATCGACTCGTCCTCTTAGCCATATCATCCTTATTTAACTGTATACGGCGTTGATGACTAGTAGTAACCCCTTCGAGAACTGCATATTCTCCACGACTTTCCCTGTGTTCCAATGAGTCGCTAAATTGACAACGTAGGATCCTTGTTTGCACCTTACCAACCA,1151,48.48,Mus musculus
SEQ_143978,TGATCGGTGCCGGGTGCCGCTAATGGAGTCGTTCCATCTAACAAAGTAATAAGATCAGATGCACGAGTGACTAGTTATCATCACTATAAAAATCTTAACGC,101,42.57,Homo sapiens
SEQ_478228,GATCGACAGGAGCTTTCAGTTAGGCACGACCGCTTACGTATTGGCTAGGAATACGAAGGACCTCGTGCTAATGTAGGAGCCCGAGATCAACCAATGAAGGAGTACTTTGCTTATCATCAAATATAGTGATAAGGTCGTGGCCAAGCTCCGCTATCTCCGAAGATCATTAGACGGATGGGAGTT,183,47.54,Caenorhabditis elegans
SEQ_691943,CTGCCCGCTGATAGTAGTGGATACGTAGGCAGGGAGGGGTTAGGGCTATTTTTTGCGCTTGTATATTCTGGAGGTAAAAACTACCTACCGTCAAGCATATCAAGACATTGTGACACGCAACATTTAAACGTGGTGTGGTCCACTACATTCCATGCGCGGCCCTGAGAAGGCGAAGACCCTGCGTACGGGTTGAAAGACTGCTGGTTTACCGCATTCCGCGGCAACGTTAAAGTTCATCTCCAATCTCAAGACAACAAAGGCTTACAGCCCCCACGGAGCAAATCAAGCCAAATCCTCGAGCCCAAAATTTCAACTGAGCGATGTACTCATTTCTTTCTTAGCGCAACGGGGTCTTTTCGGAGCCCCAGAGCCTATCACGTACCAGTCTAGCCGCAGTACTCAGCGACCCAAGAGGTAAGCGATTGACTGCAATAGCACGCAGTATATTCTGGACGAAAGAGCTCCTCGTCGTCTGTGGCGTACATTCCGTATTATATTTGAGAGTATATTGATTGAAGGTAAGCCGAGACGTGAGCTGGAACCGACAGCCTCCCCGCCGATGTAAGAGGTAACAGCTACTAGTACGAGACTTGGACATGGAACTTAGCTTCTTATCGCCAGAGCCTGAGGGGTACTTATCATTCTCAAACAGCTCTCCCTACGCGAACGTAGTTGGCTCTTGCGCCCCTTCAAGACTTTCTTGTTATTGATCAGGTGACCATATGCTTTACGCCTCCTTGGGATAGTGATTACATCGGGTGTTATACGTCACTGTTTGCCGTTGTTCTGGAGTAACCACTGATCGGACCAGCTAAGTCGTGCATATCCCAGGCCATACAACTAGACGGTCAATCCTGGTCTTGGTTGAGTCTATAGGGCGAATGAGCGGGAACCAGTTGCCTTGTATACAGAACCTTGATGCGAAGTATACGTTATGGCTCCATTATGTAAATTGGGCCTGGGAGGTACCTCGCGTCGGTACTCCGGTATGTACACTACTTCCAAGTGGTATTTATTAGTCGAACTCAACTGACCCGGCCGCTTTGCGTGTAATTCGTCACACATTGCCCTCTTGACTACCTTAGATCTCACCACGGTTCAGAACATTCCACTATACTGTCCAGCCGATGTGCACAGCGAGGTTCAAACAGAGCGTGGTAGTGCAGCCTGAACCCCTCTAACCTCCGCGAACAAATTGTTACGTCAAAGAGCTGTTCTTGGTCGCGTGTGACGGTTAATTGCTATGATATGCCCGGCCGACAGGCAGAACCTACATATCACATGAGCTTCTGCCATACACCCCATGTTTTACCACTCGTTCTGGATTAGTCAAGGGCGGGTTAATAATGCCCTCACGCCCTGCGCGGCAGTGCTCACAACGGCCCCTGCGGATGTGGATACAGTTTCTCCGACTATTTCGAGCGCGATCTTCGTAAGGATCCGCAATTGTCCTTCTATGCGGCCGCACCAGGGGGTCACTACGCCATGATTGATTTCAAGTAGAGCCCTCAGAAGCCCCGGGGAGTGATTATTTCTGTGGGGCCGGCAACTACTTAAAATTGCAACCATTAGGGAGGAGCCTACTCCTGTTTAGTGGTTTGCAGTGTGTTTATGGCACATTTGAGCATTGGCG,1633,50.03,Mus musculus
SEQ_186627,ATCCGCCTGCCCTACTCTTCAGGTAGCGAGTCCGGTTACGCTAGAGTGGAAGCCGTTTCCCCTATATATCTTTCTCTCTGCGACTTGAACCGACGCTGGCCTAGGCTCATTATCGGTGGGCGTCATTCGTAAGTGCGTTGGTTGCGGATCTCACGACCGGGAGATCTCGTGCCGTGTACCGGCCGAAGCATAAGGGTCGGGATATTTGGAGAGGCGAACTGGGTATGTAGACATTAAAGAGGTTCCAGTACTTCGTAGGACAGATTCCCATAGTGGAAGAAGGACGGCGTACGAGCAAACTACACGAGCTTCAACCGTGTGTAATAACGCTGGCTAGGCCTAATACTCCACATATGAGACACCTCTTCCTCCTCTTAGACGCCCTCCAGACACTGTGGTGCGGGTACGATCAAACCTACCTAGTTTTGCCTTCACCGGTTGACGGATAACACGCGGGCTCAGCAAGCGACCAGGACCTTGGCAACACCCGCGTAGCAAGACTGCGACGCGCTTTGAGATCGCCTCTAGCTTCAATCTTGTCGTTCCACCCAAGAGGAAGAACCAACCAGGACATGAATAATTTCTACCGTGGATAGACACATATAGTGGATCCACCATGCCCATTGTTTTAAAGTGGCCAACCAGTAGAGCTATAACCGTCTGATGGGATAACTTTAGAATCCGAAAGTCTAGCCTCCTTCCAACAGTACTGCAACCGCGCAGGCCATAGTGATTGTTTGCGCTAGGTTCAGGATAATTAGGTAACCACCAATGACTTACAGGGGTACGGTTGATCACAGTGCCTACCTGTTCACTGTTAACCCTCCTATAGGCAAGATATCATCCTGGGAGAGTTTAGGATCGGACCTACCCGCCTCTGGGAGCCCCAAAGGTCCGCACCTCCGGCAATGGATCAGATGTAGTCTCACCGCGAATCCTCAACGGCTACTAACCGAGGGGGATTGTGGAGAGATAATATCCCCAAAAGAGGCCTTATGAATTGTGTCCAGTGTAGGGGGCGTTTATAGTTGGGGGTCAAAATCGTGGTCTTCAGCTATCCTAGAATGCCCACCGAGACAAGTTGATACAGTATTCGACGACCAGACGTATTGCCAGGGTAGGCCTGGCGGGGGGTCAATAAGTATGAACTGCAACGTGCCCTTCTCGGGGTATTCCCAAGGCAAGTCCCCACGAGAGATGTCGGCGTCTTTCTTCGTCGATTTAGGCATAGCCGGCGTCGTGTTGGGGTGTCCAAGCCTCCCATGCGCCAACTATGTCGAGACGCCTCCCGTCCTGTTACGCCACGTTCACGATATTTCACCATACAGCGGTAAGTGCCCGAGGTATTCGGTGTAGTCGGCGTGCTCATTATACAACCAATGGGTGCACGTTATGTATCAGTGTTGGGCCACTGTGATCCAAATTGACAGACTATTCAGGGGTATCGTAGCTCTGCTGGTTTTTTGTGGGTAGCTCGATGAACCTCACTTGGGCATGTAGTAAGGGCTTAACCTTAGAACCTTTCCGTTGTCGAAAGGTTAAGCAGAGGGGAGGTGGTCTATGGTCTGCGACAGCCTCGAAGATTGGGCCTGTATATAGTCTGTGTTTTCGATGTGGGTTGTCCCAACTGGAGCGATAAAACAAACACCTACTCCGTTCCCTACTCGAGAGGCCTAACATCTGGTGTCGGTCAGAAGATCGAGTGAGCGGAAGCGGAACAAACAGTGGTTAGCCGTCGACATAGCCAGGGACTGTCGTTGTCCTCTCGTACAACCAGGAACAGACTCAATCGGGTACACCATT,1803,51.69,Caenorhabditis elegans
SEQ_377224,CTACAGTACCGCCATCGTTGAAATGAGAGTAGTGCAGGCAAAGGGTTGGGTGCCTTGTCCATACACATGTATCCTTATAGAAGACTCCAGTGTGCGTCATTGCCTGTCAGTGGACCTGCCCTGGAACGATCTGCGTGAACTAAGGAAGTTAAGCATGATGCATGTTACTTGGATATCGCCTCCAACTGGTCCGACGCCGGCATAGAGTAGGCGTAATCGGATATAGTGGGTTTGGTCGGGATCACAAGCGCCCAGTCTTCCGTTCTTAAGGAAAAATGCCCCGCGAGGTCGATCTCGTTGTACTGTGTGTTATCACCCGATCTCCTCCCTCCAGATGGGTTAAAGCACCCGGCAATATTTTTGGTAAGTTTCTCCTGCACCTCGCAAGCATGCCACAATCTTTAATCGGCGACCCTGCACTGCGAGGTCTAAGATCAGAATCGTAATGTTCACGGAATTAGACCTCGCACGCACATACCTATTCATAGGTTCGTAAGCGGCATCCACGGATTATTCAGTTTAGTATGTGCCGTGCACCTAGCAGCGGTCATCGGGAAGCTCGCGCTAAAAACGGGGGTTGATAGGAAGTCACGCGCATACGCCAACAAAGTGGGTGGTTGACACCGCCGGCCAGATAGTCGCTCGACTGGCAAGCCGCTACTCTGTGGCCGTGTTTGCATGAGGGGCTCGCCCTTAGGGTCTCCGGAGGCAAATCAGTTTAGTTCTATAAACAAAGATAGCTTTAAAAGACGATCTGCCGTACACCATACCCGAGAATTACATATTTTTAATGGCTGGAGTTATGACACCGGCCGCGTATTCAAGGATCCTAGAGAGTCATCCTCCTGAATAGGATAACAGTAGTGTCATTTCAGTAAACACCATGTACTATGTAACCGTTTCTTCCGAAGAACTGCGACTCTCCTATACGGAGGTCTCTAGGTTAGTCCCATATAGAGGTCCGGAACGGCTTTTGTGACAGGAATAGTGTATTATCCAGGGCAATCACGGCGATGACTAGAACACTTGTTAAGCGAAAGTCGGAATTTGAGAGCAAGACCTAGGCTATAACCGGACCAGAATCACGTATCCATTAGAACTCCCCCGGTCCATCAGTAACTAGAGTCTTTGA,1132,49.2,Arabidopsis thaliana
SEQ_967543,TCAGTCATGATGTCCCCTTAGTCGGGCGGTACCTTCATCCCGTAATTTCAATATTTAGACTCTTAGATGGTACTATATCCATTCGAGTTTTATTACTCTGCGTTGGATACCATTTTTCTATGCATGACGTAAGTTACTGAGTTTCGGCCGATTATAATGAATAAGTTCGGGATCGGCCTATATCGCTGATAGCCGTGATGATCGGATGTCCTTTCGCCATCAAACGGAATTCTCTCCTGATCTCATAACGTGGTCCGAAACTTTTCATTGATCCACTATGGGTAGTTCGGGAGGTCGTCGGCATGACGATGTCACGGCCTTTCTACCCTTACGACCGCTGATACATTAGCGCGCTCATACGGGACTAGAGACGCACGCTGATAAACAGTATGTCACGGTATGTCTCAGCAATATTCGTGATAAGCGCACTCTGGAAAGTCGTTATACTCCGTCTAAGCAGGGGTGAGTTGTGCTCATAGAGCCTGGTCAGAGGATGTCTCCCGTTGATCGACGTTTCTTATGGAGCAACCATGGTGCTTCCTTAAGTACGCGAATATAGGGGGTGGCATGAACCCTGTCGTTGAATTCCGGTAAAGGTTGCTAATCTCACTCCTCAAACCACTTGCATAAGCGATTGCTAAACGAGAGGCTAATTTGGCTAAATCCTCATGTTCCAAGCTAAGATGGAATAGCAAAGCACTAGGATTTCGGGGATTATATCTTTAATCGGCCGCTAGTGCAGTAATGGAAGACCGAGATCCCTCGTGGTTTCGATTGAGGTGTCGGCCAAGACAAGAATTGAGATTAGGATTACGCACCTGACAATAACTTTAGATCCCCGCCGTTCGCCAAAGTTAAGTGTTCATACGAGTTCTTCATAGGTTTGGGTACGCTTCAACTTCTTCTAACCGGTTCGACTACAGCTCCACGTTACAGGGAGCTGAAGGTCACCCCTTAATTGCCGAGGCACCGTCACCTGAGCGTTCCGACGCTGCACATATATTAATGTTGGGGAGCTATTAAGTCTCCGCCACCTGCTCAGCCAAGTAAAACATAGGCCACCCTGAAAATACCCTTGATTCATATGCCAAGCGACGGTGGCTGAAACCTCATATTGCCGTCAACTCGTCCCACTACCTATGACAGGGAGACCGCGTCGATATGGTCGTATCTGGACTAAGCATAATCGATCAAGTCCCCTCGATTACGTAGTACTCGTCCTCACGCGCTTTGTTAAATTGCCCTCGTAACCATATT,1257,47.18,Drosophila melanogaster
SEQ_482902,CAGTAAGTGCTTCGTCACCAGACGAGAGTCATGCAATCCACCGCGATTTTTTTCCCGATTTAATGTAGGTGTGATTAACGTTACATTGCCCAGTGACAGTGCCCTCATCCTCTAGTTGAACCATGACTCGCATCTAGCCAGAACGGTTAACTGCTGAAGCCATGAGTCCGCATGGCCCCACCCAGGCTTCCCTACCTTCCACCACGGAGTTCAGAACAAATTAACGTTCGGCTATAATTGATGAGCGCGCAGTTCTTTTCAAATGTTGAGTCATCACGAATCCCCCGTAAGAAAGTTTATTCAGATTTACCGCGTCTCTACTGTTAAATGGCACTGTCTTAGATCTTGCTCGATG,355,47.04,Escherichia coli
SEQ_548083,CGTACTCCTTCGACTGTATCAGTCCTAAATGCTTCGTGCAGAGCATAGCGACGAGTGAACGGCTTGTTTAGCCGCTATCCCCGGGCAAAGGTTTGCCCAAATGCGGCGAGGCTGTACTTGCGGGGAAGCGGCAGGTATGCCCAGTCGGGGAGTGAGGGCGCAGAAGAACAATCCATCAGCGACTGGACCCTTTGCCGCAGGCTCGGGCGTTGCGGAGCCTCTTTATACAGATACAGTAATTAGTAAACCATGCCAGGTGACATATATGGCCCAAACCCGATATGTGTCGGTGCCACCCGTCATCTGCGGCGTCCGTTCGGGGTCACTGTCTAGGCGTTGCTACGAGAAATCATGGTCGGGTTAGTAGCAGTAGCGCTAGTTTTCCCTCCCCCGAGTTGATAAAATCGAGACCGACCGCCCTTACGTACGTACTGGCTTCGGATACTTAGGTGTATATTGCTGAATGCAAATTTTTCCAACAAATAATCTACTTTATTATGTATCGGACGGGAAAGTTAATAATAGGGTAATAAATCCGGGCCCGGCGATTGTACGTGCCTGGGCCGTGTAGGGACTTCTTTCGAGTTGTGTTTTCTTTCTGTACTTGCTCTTCTCATTCAGGACCACCTAGCAAATTCTATCCGATGGTTCTTAGAACTTACCACAGAAACAACCGCCGGCAGTTATTAGCACTTCGATACGTTAACGAGAAGTACAAAGGGCGGATTGAATCGTTGTGTATAGTCGCTGTCCAAGAAAAATGGCCTGGCGAAAGAAGACTAGCGTTTTGATTCCGGGTTAAAACTAGTTAAGGATCGGACAGCATGCCCCCTCCAACCCAACCATCTAAAGACTGGCACTCGCGAGGACGGCACTCTTCGTGAGGCTGTCTCCACCGGGACTCTTCTGGCCGGTTATAAGAGGCGAGCGTATTGAGCGATTAATATCAACGGCCCACTCCCGGATACTGCTGCAACCTGCTCATAGCTTAAGTTGTAACTCGTAGAGCCGTGCGGACTTACGCGGTGAAAATTTCCGAAGCCCTTCACGGCTTCAGGGGTCGGAGTAGGAGGCATACCATTACGTGTATTATTCGCGTACTATTCGATCCTGCGAATCCACGCTACTGTCGTCGACTTCGCTTTGAAGTAACGAAAAGTTTTAGGGACTAAAGCCGTCAGAAAATCCATTGAGAAGGGTATCAATCGAACGATCCAGCTCGACATCAAATCGGCAGGATTATACCCATATATTAACTCGATGTAAAAATCGCACGTACGAGCTCGTCTACATCAAGTTAATTGCGTCGACGATTATGCGACTCGGCTAGGTAGCCTCGTACTCCTTCTCTATGTCGACGTCACTGCATTGCCCACACCCGCTGGGCCTATCCGGCGACAATAAATAAGCTATGAGCTTGACTTAGAGGCCCCCGAC,1437,50.03,Saccharomyces cerevisiae
SEQ_536122,CCTTTGCCCAGGTGACGCACCCGTCTGACGGCAGATCCGTTCTTGGGTACCCATCTTGTGTCGTGATTCGGGCCGCACACTCACTGAACTCATTTCGAAGAGTAATTCATCTATTCGCTGAACTCGGTCAGATTCAGACTATGCTAGCCCTGGGAGCGGTGCTTGGGTCTCAACGAGGTTCGAAAGATGCTCGAGATAGCTGTTCCGCGGGTGGGATAAATTTTGTAGACCTATCATCCTGCGACGACGATCACGTACTTAGGTGCACTACCTATAACCTATAACATAATACCAGCGGCGTGCGATCAATGGTATCTCTAGACTGGAACCTAACATTCCCCGATACCCAATCGTACTCGTATCTACCGTGGCACGACCTGAAGGGGCTCAACCAAGTGTCTACTGAGTAGCCGTGTACTTAACGGAACAAGCCGCAGGAAGTGTGACCGATATACGAGGCAGTAGCTGCGGTTTATGTTGGAGTTGTGCGGTGATTCACTTCGTGTAACTTTTATCCTCAAAAGGCGACATCCCTCCACGTCGCTTACTCGGATACGGCCTTCAAACGCGGGGGCGCTAAGATTTTTTTTATCTCCATACGGCAAAAAATTTTAACTAGCCGAGGGCCGATTCAGGCGCTGTCTCCCACGTACCGCCGGACTCGGATCGTAATGAACGAAGATCGTCGGGTTTTGCGGACCCCGGTTATCATCCGCTTAGCCAACCAGTCATCTTCTTACCGGG,744,51.34,Saccharomyces cerevisiae
SEQ_867151,CCTGTTCCTGATACGGATTGCTGACCAGAGTGCAGGGTTGTTGGATGGGATCAAAGTAGGTTTGAAAATGTCATATCAACGTGCTCTCCTTCTAAACCCCCTCTTGGCACCTAGGGGAAATACATAGCTCGATTGTCCCTGATTTCGGCGGTGTGGAAGGTATATGCTAGCGCGGGCCATACACATAGTACGTCGTTGCAATGAGTCTTCACCCCGATGCATCCGGTCTTATGGTGCGGTCCCATCCGACAAAGCCCGGTTCTTGATTTGGTTGAGTCGCTACGCCCTGCATCTGTCGATGCGTTAACAGCAGCACCGCCGAGGCGTGAATAGAGTAGCTATATCTAATACCGATCTCGCATCTCCTAACGGGAAGAACAGGTCTGGCTATTTCCAGCCGGAGACCTACAAATGTGCAGGGGATCCACCCCAGTAGAGGGCGAACGCACGACGTCCCACCGTTCCATAATTGCAGGCGGCTGGCTGCAGATACTTACATTATAGTGTATACGGGGTAATATTCCGGAATGGGTAATCGGTCACGGTTCCCCGGCGGTTTCCGTCCTACTGGCATTAGTCTAGGCAGTACTAGCGTGTACGGACCGTAGCTTTCGGAGATAACAAGTTACCAGCTTTCACAGCTCCTCATCTATTGACTATACGTTTACGCATCCCATGCTTGTATCCGCGTAGACAGAGATCTTAGTCGCTGTATCTTCCTCAGATGCATGCAATACCAACAGAGACCTTGTCGGAATGGATTTGTTCCTCTATGCAGGGCATTCAACAACTTAAAACATTACGAGAGCTATCGAGGCGGGACTTTTCTACGTCTTGCACACCCACCCGTGTTTACATAGCCGAGGAGATGCCCTCGCCCCCAAGTAGCTCTACTTTGGGATCGTGGGACACGGTCCGGGCATTTCCATAGCGTGTGGGCGGTAGTTTCGCATACCCACTCTTCTGGATTAGGAAATTTTTGGTACACTACACCCGGTTCGTGGACGCGCGACCTTATCCATGCTCGCAGGTTAGTTAGGCTGCACCAGACTGCGGAACAAAGACGGCATTTTATTGGCCAATTGCCACAGTGTGGACGGCGGGGGATGCTATAATCGGAATCCCTGTCTTTTGAGGATACTGTAGCGAACGAGGAGGCCAAATCGACAGATATTGATCATTTTTAGCTGTCGGTCATTTCATGCCTCGAACTGAGCGGAAACGGTATCCACTTTCTCTAGTGTTGCAGAAAACACGAATGCGAGAAGAGGTTATCTTCCCAGCCACACAAAGGAGGTCGGGTACGCCGCAGAGTGCGACGAGTAGACAGACGCTAAATGTACAACGGTAAGTACTTGTACACTCCGGAGAAACTCCTATTCTACGTGCCGCACGGACCTGCAAGGTCCTTTGGCGCACCATCGACGGGTGCCCCCAGTCAAACGTGCAAGGAATTATACCGCCAGCGATTTTATAAGGGGCGAAACGGTTTATCAAATCATCACTGTTTTGGTAAATGCGATGTGTACCCGCCTGTTAGCGTTTCAGCGACGCGGTGAGCAACAGACCAAGAACAAGCGGATCCGCCCAAATGGGTTGTACTGTACGTAAGAGACGGCACGCGTGTTACATTAAGGGAATCATGCTTTGGCACGAGTAGCATATAGGGTCCGCCTTCTGCTAAGACACATAGAAGTGTAATTCTGATCGTAATGCTTCGAGAGGGAGTGATATGTTACATGCATACGCCAGAGCATGCGCCGGTGAAGATGAGCTAAATACGTTATCCCGTATAAAATAGCCACCCTAGGGGGCCTATCGAGAAGGATTATACCATCCGGGTACTAAGCCTGTCTAAGATGTCCAGTCCGCCAGATACCGGAGAAGTGAACAATGTACGTCACATACGACGCTGAAACCGCATT,1925,50.49,Arabidopsis thaliana
SEQ_504436,TCTTCATTTTGGGCACCCCCTCGTGCTTAAGTGGCCATCTTGATAAACTTGAATCGAACCTAGCGTTTGTACGAAGTCTGCGGCGCTGAAATCACCTGCGGAATATGAGAAGAGGGATCAATGAGGCCTACTATCGGCCCAATTAAAAACTGTCCTCAGAAGTACAACCCTGTGTCAGGGAATCGGCTCGCGGGGGGTTGACGTCATTGGGAAGGGAGGTAAATCGTGGGACCACCGGAAAGCGGATCGGGTAAGCCAGTGCCCCTCGTGGGACCTTCTTCAGCCGTGATAGTATTGTACCGGTGAGATGCTGGTGGCACTGAACGGATCTCTCATATCCACACGCTGTTGATGGCACTTAGCATCTACATGAATGTTGACATCCGAGCTCGGCTGTGTTTTGTTTTATAAGCCATGGTATCAGACAAAATAGACATGCCAACAGACTGGATTAAATTACGGGCGGGCATCGTGAATGGAGAAGCCATATCGGGGGCCACAGACTTCCGTGTATGGATCGATTGCACAATCCCTCAGTAACATGAGGTTGTCCAGGCTGACGTTAGTTCTCTGAGGATGCAGCGATCCCGCAGTGCAGTAGTCGCCGGTGGACCGCCAGCTCTGCACCGATGTAACCGTTTACAAATCTTGCAAGGTGTAGGCTATACTACCTCCCCGATCGCGCTTGGCTGGTGAGAAATCCCGTGTGGCTGTCCTCTTAGTTAGCAAGACTCCCCAATTTTGCGCTACTCAATTTTTCAACACCATCACTGATTGGAATAGCTTAGCGTGCTCGTAGTTTTGGCCTAGCATCAGACATCGGTTCAGAGGGCATACAGTCAGCATTTCGCAGATAATTTGATGATCACGGAAAATGGCTTAAGGCTATCCTGATTAATGTGCTGCGTCAATGGTGGCTGGTGGGCGGGAACACAAGATCACATAATTTGCCACTGGTCCCAATCACGCCCTCGTAGCATGTATCAGGTACGAGAATGCAAGCCATCCGTTCAAAACGGGTCCTGCGGCGATACCTATTAGGGCCAAGGTAGGTCAGTGAATTCACCTACATGCGGTGGCTCTACGACAGGAGCCAGCAGCCTATGCAGATGTACCGGAAACCGCGAATATCCTTTTCTAGCGGCAAAGCCCGCATTATTATAAACACCGGGCCCGTCCAAGAGGCGCCCACAGAAGCAGTCGCTTCGCCCCATCGTGGGCAAAATCCAATCACATTGAGAGGGAGGGGATGACAACGCCTTCTCCTTCGACGCAAGCGGATATATCACGGTGTAGCCTCCATAGGATAGAACGAACAACTCCAGCAGGTTAAGTCAAATCGTATGTTTCTTGCGTCCAAAACCTGTACCTAGGACCAACTCGCACTATCGGGCCTCCATTGTAATGCGAAAAGGAGCCCACTTGATGCGGGAACCCCCGGTCTAAGTGGCCTTATGGGGTCAAACTCGGGCTGGATGCGGTTTAACAGAAGTAACCACTCAGTTGGGGCTAGTGGAATTAGCGCGGTAAATTAGTTCGAGCGTCAAGATATGTACAGGTCTCGATCCGAATTAATTCTCTGTCG,1585,50.91,Arabidopsis thaliana
SEQ_359414,AATATCATCCTGACACCTGTGCCCAAGATCGACCCTCTCGAAAGTGTCTGTACTTTCCCTGGCAGCGTAACTCTAGATGAAACACGCCGGGTGTTAACAAGTAATGGTACCAACTAGGATGCGCATAGCTGCATACTGGTCTGGGGGATATCCGGATGATCTAGACAACCTTGCTAGATTGTCAAAACGCCAGGGGAACCAGCTGGTCATTCTGATGCCGTCATGCGACCCCCTCAATTCCGGGCAAGTTAAGGCTCGCACGCTACGGCTTCGAATACTTCAGCCCCCCAGAGGTTGGCCCACGTTAAGGTGAGCATGACTAGTGACGTAAAAAAT,336,51.19,Mus musculus
SEQ_553494,GATATCTTACATCTTTCAATTTGTCTCATTTCCCCCAGTGCATGCTTCTACGGGTCGGTCAAGTCGATAATCTAGTAACGCCGACATTGATGTCAGGCGGTGGCTCCCGCCCGACGAGAGGGATGGTTAAATGTGACCAAGTACCATACTGCGTAAATAGCTTTAACTATTTGACCTCACTGGATTAACAGGGCAACGGGCACAGGCTTCATACGCAAAGCCTTCTACGCCTCCTTGAGAAACTGCAGTGCACAGCGAAGGTCCGTGTTTAATACCAAGAATGATGTCCCACCAGCAGACCCCACAACCTGGCGCAGGCGTTTTTCGTTCCTCCCGATGGTAAATGGTTTGAGGTCAGTCCAGGTCTATTGTTTCGACTATACGATGGGCCACCTCATGGTAAAAGGGGGGGAATGATACGGCATTGAAAACTCTACTAAATTTAGGCCTGTCCTGTACTCAAACCTACGTGGTTAATAATCCATGATCACGGTCTGAAGACGAGGTCGTCGTTTGCCTGCCCTGGCTAGCTCAAGGGTGAGCGTTTGTTAACTTGAAAAAGCTTTGGTGATATGAAGATTGACGACTTACTCGAGCTGGGTACGGATAGGACTGCGGTCGCACCTCAGTACACCAGCTTAGGACTCAGTTGCGTCGCCCGACTAAGGAGATGTGACAATAACCTGTGCCGTCGACGAAGGGAAGCCTAACTATGTCGTGCTAGTTAGCCAGTACGTAAATTATTGGCGTACATGATGGCGATACGACACGCCAGACCTAGAGGCGACTACAAGGTTTCTCTGCGAACCGTTGTCCTTCCACGGAGCTAGCTGTTGCCTAATGCGGATGCTATTGTAAGGAAATTGTAGGCTACCGTCGTCAGTAAAGCTGCCAATAGCTAGCCCCCAGGAAACAAGGATGATCTGTGATAGGTTTATTGTCCCCCAATACTGGTTAGTCATGTTCAAGCCAGGGCACCACCCCGGCAGGAATGCTGTATCAAAGAACCGGATCGGTTGGGGTCACTGTATGTGCCCATGTTTATCTTCATTACTGGTTAGGATGTGATAAGTTAAGTGAACTGTGCTCCTGTTGCCGCACGAACCATAACTTATGCAACTCCGCTTCAATGTAAGCTAGGCAGCATGTCAGTACACTTATGGCGTCACGTGATGCCCGTCAGGCACCAGCCTGCCTCCTTTAGCCAATTTACGATGCCGGAGAAGGGTCTGCTGGCTG,1239,49.64,Homo sapiens
SEQ_760756,GTGCGTGGTCTCTATTAGAATAAGACCCCGCTGGTACGATACAGAACCCACCCACTGGTAGGCAATCACCATACAAACTGAACCGTCTAGTCAGAAAAAATCATCGCTTTGGAGCTAGGAAAATCTGCACCTGCGCAGACGTTGCTGGAGGGCTATGTGCGGTAGTACTTCGAATCAGGAAGTGCCACCATTTCAGCCACGCGAACCCTCGAGTAATTGTCTAAATTACCCTTGCCAGTATACGCCTCATTAGCCTGCCATTCGATCCGATTCGGAATCACTTTCGTAGGCCGCGCTATTTATAGTGGCTCGGCGTGATCTCTTATTGGGAGGGGCGAAAGTACTGCAATGCACACGCATAGGGAACTACCTAGTGGGGAAGGTTGCCTCCTTACTGATATGGGTATTGCGCGAACGACTCCCTCACCTGTTTCCCTGTCTCTTGATAATTAGAGTACAGGAGACTGTAGCAATTGGTGCGATATTCTTTCTGCGGGGAATTGATCGGAACGGATGATGGGTCCAGATCAGACTTGACCGAAGTCCCGGAACAAGTGGGTTAGATGACCCTGCCTTCAACCTATGGTCACGTTAAGTGGAAGCAGGGAGTGTTATAATCAGTGACGTTCACCATTAGGAAAAATTCTTTTGGGGGTTGCGGTTGACCACAAATTAGAGCGTCTATTCATTGTAGCTTCGGAAGATGGTACTATTGCGGCATCCCACACCCTTTCCCTCATATTGGCATCATCACTCTGTGGGCCAGATGGACCTTATTAGCTTCGTCCGCCTGCGAGTCGCCATGGAGCGTCTAGAGTGAGTTTTATTCTTTGACTCGGGAAAACCGCGGGCCCGTGCAGTACTGTGCTAACGGTTTTATCTCTTAATGACCCGCGCGACCGCTGCAGTCGCCTACCCATAGGCACGTGTCCGCACTAATCTATAGACCACTCCTAGTTTGTTGTAAGGAGGGCTGGGGCGCTTTAACCCCCGGGCCCAATAATCATCTTGCGGGTAGGGTTGGTCTGAAACATTTTGAGTCGACTGCAGTGATTAACGCTAGTATAACGCAATACGAAACTTATCGTTACCTTCAACGCTCAAGTATCAACGACTAGGGCCCCCTAGTCGAGGGATATAAATAAACACTTCTCGGAAAGTCGTCCAAGTCACGTTAGACCCCCTCAATCGTTCGTAGCCAGGGGCACTGGTGACGAGTCGGTCCAGACGAGCTCGTTGCATCTTATTCATTGGCAACGCTGCGGATGGGCGGAATCAGTGGAATATCGGACACCCCCCACTTGCAATAATTTTTAGGGTTTGAGTCCGCCCCCGGCAGGGGTGCTACGGAGACTGTGAGAGGCAGCCCATGTTAGGGGAAAGAGGTGAACCATGTGCGTCAGCAAGCGTTACTCGCGGTTCAAGACGGGGCTGCGGGGGGTATATATTCAGAAGACGTAGTAAAGGCATTATCAATGGGATACCGGTCTTACCCTTAGGTGTCAATAAGGCCACTATCAGTTAGGGGGAATCGCCCTTGGGTCTAGTTCTGGCTCTTGGCATGCGCCAAGCAACCCTTAGCTGGTTTAACTCACTCACTGTCAGTGACTGCTCCATCAAATAGTCGACTAACCCCTCCAGCTTTCGGG,1649,50.76,Caenorhabditis elegans
SEQ_909282,TGTTCGCCTATAAGGAGCAAGGGGTGCTATTAGTTAACACACGCCGGCCTAACCCTTCTTCGTAAAATGCTTCCCGGGGTCCCCACGGCTAACTATTCAAAATTTCTAACCGACAAACGCTTCTAGAATCACCTGCTGTTACAAGCGTCTCGCCCATGGAATAACCCCAACAGAGACTATTCAAGAAGCATCAAGAAAGTGAACCTGCTAGTGGGTCATCATCAATCCTACTATTAGGGGACATAGTTCGTCGCAAAAAGACCAGGCCGTGTTTCCGAAATCTATGTCTTCTTGACCTATTTACAGCTGACTTC,314,46.18,Saccharomyces cerevisiae
SEQ_720665,ATAAATTACTAGAGTACTTTACTCGAAACCTTCACGTTAGCACAAGATACAGGGGGTAATACGGTTTAGATACTATAATAGAAGGACTCCTTGGGGGGTGTATCGAAACTGGAGAACCCGCCATCTGCGTGGGGGCTCGCTTTGCCGGTCTCGAGGCTTCGTTGGCTGCATTGTTATAACGAGCATGTCTGGTAGCTGCGTCTTCTCTTATCGCGTAGACCCTCGGACTGTCGTACCGCGGTGGCGTTAGACTCTGAAACAAATGCTAGACTGTATCCGAGACGCGAGACATCAGATCGGGGCCACTCACAAGAGTGCTGGTGATCCATAAGGTGTGACGCTAGATCTGCACTCGTAAAATGTCGGCTTAAACTGATGACGTCGTGTGCACAGCACACGGGCTCTGGTCCCCTTACGACGGCCCAGGTGCGGGTCGGGCTATCAACGAAGCTGTGGGTGGAAGCTCCTAGCGGTACTCTAGTGGGGTTACTACTTCGAACGGTGACGGTGAATCCGTTCTTCAGAGCTTAAAACGTGCCAAACACGTGGACAAACATAGAAGAGATACAAGCCGGTGTATAGCGACATAAGTTCGGTAGTATACTTGAACTCCCGTACAGCCAAGCGTATAACACTCTCGGAGCCTTAATGGTGGCTAGCTGACTACTGGATAAACGTAGACTTCTTTGGATCAGAGGTGTGGAAACTTATCGGGAAGAAAAGGCATGAGGCGGGGGCAAATAAGATGCGCAGCGTGAGACATCACGAAAGTAACTCGACACGGGTACGTTATGTTAGGTAACATGGTGGTGCACGCTGTGACTACCGTAGTTGGCTTCATAGGTCTTACGACGCTGTACTATCATCTCTAGATGGAAATCTGATTTGTTAACTTTACTATAAGCCGGCATCATTGTGAGCATTAAATCGTTACACTCGTTCAAGGCGTGGCAATCTCGACAGCACACCGAAACCTGGCCACCCTATGACATCGATGACTGCGGCCTAAGTCAGCGCAACAGACCTGTGTTGGGACTCTGCACGTGAAGCGCGACGTACAAGAACGAAGCGCGTATCCCGTGATAGGAGTACAAAAAAACCGAGGTCCAGGTATACCGCTGGTGAGCAGTGAACTGGAGGAGCCCCAGGGCACTTTCGCGTTTAAGGAGTGACATTCAGATCCGCCACTCGGATGGCAATCAGCATGTATGAACTCGGACATTCCACAATCCTCGTAATTCGTCTATCCATTTGAGAAAAGCCTCTTTCGCATGTATTCTCGCCAGAGTCTCGAGATACGTCATTGAGCATCCCTGGCATCGACGCTGATTCGTAGGATGCCCAGGAAAACTAAACAACCTACGTTACAGTTTTTCCATTGAACCCCTCTACCAGTCACCCTGTTCTATCGAGGCGCGGACGTAACGCATTGATGTACGGACAGTGGCTGTTGTG,1455,50.17,Mus musculus
SEQ_654168,ATCGTGTTGCCCCTAAACCATTATGTGCAGAGCTTTGACCTTGCATCGTGGGGGCTCCCAACACAGATGCGAACACATGGCTCGGGCTGGCCACTCGTCGCGGTAAAAAGCGATGCGGTTGGTCACCATGCGTATTTACTAGTTAGGGGGGGGAATACGCCGGGCTCCATGTGATAATCACTCTGCTTGACTATGCGGTGTGCCGAGGGGGAATCAAATGTAGAAGCTAACTGCGCTCCGGCGTATTCCAGCATAACAAGGGTCCAACAGCCCATGCGGGAGCGCAACACATACAGGGAGCCTACTCAGCTATTGGATAGCTTCGAACGGTTCAGCCCTGATTTACGAAAGTTGCGTGTACAGCACAGTGAAAGCAGAGTTGATCAAACTGCCGTTGTTAAATACGGCGGTTACGCGTGTTCTTCACGGCTGAGGAACGCGGCTTCACGTCGTCTGATGGCAGGGACGGAAGATTATCGCTCTGGTGGGAGACATTTGCGATCCTGGTTCACAGTGAAATTCTTATATGGCGCGTATTCATTAAACGCCACCCACTAACTATATAACTCGATCAATCCGCCTTGACCATCCTTTCAGTAACGGCCTGTTAGACGCACTTATTTGATCACATATAAGTTCGAGTCTTATTGCACGTAAATAAGGTGGCACCGTGTACGCCCTCACGTGCAACATTTTCAGCGATGACTAAAGCTTCCTGTCATTCTTAGTTAGAAAGCATAAGCTCACATAGCGACTTCTCTCACTGCTACCGGGGTCATGGGCAGTGGCTTACGCCCGAAAAAAGGATTACAGCGAAATTAAATGCAAATGCGCTGGTAGAGAATCACTGCCCCACGACCTCAGCCACAATGCCAGCACCAGACGAGACTCATTTACAAGGGTTGCGGTCCCTTACTGGATAAATTCTAAACCTTTCTCAGATCTCAGGCCTGGTGTCACGGGCTGGCGTCGCTGCAATAATTGTCTATATCCAAACGTCAGAACTAGGAGGATTTGCGACCTATTCCCAGTGAACACAATGTAGGAGAGGCCCGTTGCTCCGCAGGATAGATAACTTGCTATCTCGAACCCCTCACCCTCTAAACGTCCAATATGTAGCGACGACCGTGCAGGTCCTCACGTGGGAGGCCAGAAGAACCCAGTGTTAACCATGCACCAGTTAGGAGTGGTTGGCAATGTTAGACACACGATACTATTGGAAACGACGACGCTTACGGTACAAGCGTTATCAGCCAATGACTCCATCCACAGTAAGCGCTCTGCCGAAGGGGAAGTTGTTGTACGTCGTGCCCAATAGTACTGTGATAAGAGTACTATGAGAAGACTAGCAACAAGTCCTGTGCCTTATCGCGTCTCATTAAAAGCCTTAGTGGGTAATAGTAGCGAGATCGCGACGTTTCGTCACATGCAGGGGTAGATGAAGCGGCGAAACTCTGTAGGTCGCACCGAGAGATCCGCGCGGTTCCCCTCATCGACGCCTATTTGTACATTTACTCATGGGTATCAGTCGGTTCTCTCCGGCCAATCT,1549,50.23,Homo sapiens
SEQ_718434,AAGGCGTGAGCACTCCTGCCGAGTTGCAATTAATCTAGATTCGAAGCTGGTCGCTTCAGGAACTAGCGTGTGTGCTGGGGAGGTCCGACAACGATTGTTTAAGAGATTATGTGATCGATGGATGGTACCTTGAAGAGGTCCGCAAGC,147,50.34,Homo sapiens
SEQ_168811,ATTGATAATAGACATTTCTCAGACACCGGGGGCCCGTGTGATGCCTATTGCTATTCCTTCTATCGGTCTTAATGTCCAACATCTGTGTACGCAGCACATTGGCGGCATCACTCCATGTGCCTGTCGGGCACCGTGGGTGGGGGACCAAGATCCGTCCGTCGTTATAATGTGTTGCGGTCTGAAATTCAAACGCACTCTTATCACTGTTGGGGCCTTAAGACGGTCGGTAGGACCCGCTTGGGCGGGTAGTCATACGTTCCAGTACGCTATCAACCACTCATGCCATGTCTGTGTCCACTCTTCAGATCCGTACAAACTCTGGGTATACGGCGTGCCCGTAGTCTCTTAATGTACAAATATAATAACGATAGCCGGTAAGCCTTTTGCGTACAGGGGGCTAGTTAGGATGGCGGGCGACCGACGTCGGCGGACTCAGTGATCCTCTAATAGTATCCGCGGTAAGCGAAAGATCTGAGTCGTTTCCGTAAGACCTAATGTTGACATTTCGTGAGCGCGTTCCTCCTGAGGTTCGTGTATTACTCGCAGTACAACTGAGGTAAGGCTTCTGTGCCTAACAGTACAGCTGAGCTGATAGGGGTCCGGGAGTTGTTACGATCAATTACGGACAGGTCCACCCAACCGATATGAGGCTCAGCCAGCACTCGCTAATGCGATCGGGGCGAATAGTGGTAGCCAACTTATCTCTATAAGGAACAATGTCTTAGATTAGCTGTGTTTGACTGGTCCCCATCTAAACGAGGTGGCTGGTAACGTGCGATGACGCGGGCCATCGAGTAGTATTACGAGGGATGCGACTTGTTACTCCGTCTGCATCGGAAATAGGCTGCGACCCTGGCCCGTTCAGAGCGCGTGAGTCGTCCCTCGCCTGCACGGTGGACTGGCGGCTCCTATAGCGGAGGGATACTTGCTTAATGTCTCCAAATCAAGAGAGTTAGTATTATAAGTCGGCATGCGTCGGCTCGCGGTAAAGGCACAGCAAGGTATCGTTACGATCTCGAACAGCCTCTAAGTAATATGTCCTTCATTGTTGCACTTAGACCTCGCATCCACCACGCGATTTCCCTGGGAGAAAGAGGATAATGCGGCTAGCAATGATAACTGTACCCAGATAAATTGTGTAGTCACCTTCTGGTAGCGCGATATGACTAAACCGCCACCGCAATGGTTCTTTGGAGTCTGCGGGTCCAAACGTTTGAGTTAGAGCGTAGACAAGGCTTAACAGCCAGCTCAATTCCACCCTATTGTTACCAGGCGAGAATGAACATAGTAAGATCACGAATCGCGCGGCATTGTGGGTGCGAGAACTAATGATCATCTGCCAGTGTACACAGCCTATGTACTCGTTTCTAGTCATAAAATCGCTGTCATGTCATCAAACTTAGAC,1405,50.39,Mus musculus
SEQ_510569,GTCACAAACAGGTAGTGCCGGGTTATTTAGCTCTCTTTAACCACGATACGGTGAGGTGGGGCGACGTAGGCCGCGTACCTGTCAAGGCTAGATTCGGCGAAAATCTGGCCAACCTTATATCACATTACCCGATGCCCGAAAGGGTCGATGGGTCTCGCCTCATACGAGTGTTCATGGTATGCTACACTATCAGGTCCATGAAACACACCGGAGGCTAAAGCAAGATCTTGCCGTCCCCAGTCCGGAAGCTACCTGCAATAGTCTAGGGGCCGGGAGCTAGGCAGGTCCCACGACGGCTCTCTCAAGGAAGGAACCGGTCCCGACGGAGTGGGAATTAGCCCCAGTCCAGGAACTACAAATGAATTGTCAAAATGTGACGCGGGTCTCTAGCTGGAAATTCAAGTACCCTTTCGCAGCGGTTCTCCTACAAGCAGCCGTGTCAAACCGTTAAACACCTGACTGATAGCGTGAGGGATATCGGATTGGACCCGCGGTAGAGCAGGATACATAATCTCTTGTCTTGTGCGAATCTTTTCCCTATGCTTTCACAATAGCCGGCCCAAGGAGGGCGTTCCTTACCTCCTTGAACAATATTGGACCGAACGCCGATACCGATTCTTAGTTAGTGATTAAACTGGCCGCCCTAGCCCGTTCCACGCGATCCTATGAGGTAGAGTCCCGGTGCCGGTATGGTGATGCTCTGAGCACAAGGCGTGCATTATTATTTGTCTTTCCAGACAGATAGCCTACACGGACTGGTCTGATTTATAGATTAGTGGTCTTGCCGAACGTGCATTGCAACGGATGTTGTAAATGAGCGACGGAAGATCCGATCGCCTCCCCATTTGTAGGTGCCGAGCCTGAAATATCGGCACGGGTCGCACGTGCGACAGGATCCCGGTTGGCGAATTGGAATGAATATTTTATCGATAACCATGGCGCGATTCGACAAGGAGAACTATTGGACGCACCTGCGTGCCCTACAGGCGCAACCAATCCTGTCTGGTCCAAACATCTTGCGGGCTGACGTGCGCTAATGTTCGGGCGCTCAATGGTTGCAGTGTACCCTGCTCGCGAACGCACCGATATATAATGTCTGAGGTTAGTACAGGATATCCGTCGGCCTGCTCATCATCCGATTTTCTAAACCGACCCACAGGGGACGAGACCTGACCAAATGCTTGTGATACGGAGGTGGGTTGAACTGGCCTACCGGCTTAAGCCGGAAATGGGAAATGGTCCCTCATAGTGAGCGAGTACAGATAGATTGGAGGAAGAAGATCGTGCGGGAGAATCCATGATTAAGATGCACCGGAGCACTGTACTGCCCTCAACAGTGGAGACGCTACTTCGAGGATCGCACGTATCCCGTCTACACGATTTCGCGGCTGTATGGTCTCCTCAAGGGGTGAGCAGTTGCGTACATGGGAACTACGCGCGCGGACTGGAAAACAACACGCGTCGTGCTCACTCACTCAGTGGTTGATGTGGGTTGCGCGACAGCTATGGAGTCCTCACGGATGCCGCCAATTTGATGCCCTTCCAGGTATTCACAGACGAATTGTTTTGACAGGAACTAGTAGAAGGTACCTCATGCTCCGTTGACATAATTATGGCTGAATTCAAACGGTCGTCCTGCTTGGCCATCGGCACTCACCACTTCCATCCTTGCTATTATAATGCAGGCGATCTGCCGTGATTGTATCACGAACATAATCTTCAGGCCTTCCGATAAACCTGTCAACGGAGAATTCGACAATAGCAGAAAGAGCCGTTCATATGATCGGTGACATAGAGCGCACAAGTCGATTGCAGTCGAAGGCTCAACACCCAGTGATGACGGCTATGCTCCTTTTTTGACGGCCCATATCCTTCGCCTACCCCGGTCAATGTGCCAATCTGCTACGGTAAGCAGCTAAACAAGGGCCCCAAAGCCTATGCAGGGATGACTGGATCGGCTAGTACAAAATTCGAGGAGATC,1981,51.89,Drosophila melanogaster
SEQ_168209,GGCATACCTCCGTACTCTACAGTAGATCCGACACCTATGCCCTGAGGCCATGCTTGCCGTGGCCCTAGACCCCGTCGATTGAACATACCAGCTATAGCTCGAAGAGCAAAATTAGGACTAGACACAGCCTAAAGATTCTCCATGTGAAGTCGGTACGCGGCTAAGAGACAGTCGAGAGAATCCACGAGGACGTTCAAAGCCAAAATAGACAATGTTAGACAATCCACTCTAGGGAATCCTTAAGTCTTACAGGAGCAAGCCCCGAGTTAATGCTGAAGATTTTAGCAAAGACCTGGCAACGAGCTAAAGTTGGCATACGGAATTGCGAGACGGATAAAGTTACGCCAGACTCCACCCTCCGGGTTGTACGGTTTAGCGTATTTCTAAAGGCGATACTTATCCAGAAGGAGTGTGCTTGGAATTAAAACCCTATCGTCGATAATACCTTAGGCATTGCTGTCTCTGATTCTTCAAGTATCACATTGAAGAGATCCGCGGGAGCACCCATCTAGGAACTCGATGCGGCGACGGCTTCAATCAGCGAGGGGATCCCATTGACTCGAACTGCGCTTTGCACACCTGTAGTAACTTTAAGTTCCGACGACGTGACACCAAGATAGGGGCTATTGAACATTGAAGTGACATAGAGACTAGCTGGGTCGCGGGACCGTTACCCTGAGATTGCTCACTTAAGGTATTACACCAATCTACACATAGGTGACTTCGCATGTTCGTTAAACTGGGTCCTTCCGCGCAAGACGATAGGGAAGCTCGAACTACGGCTTATAGAATCTCATGCTCAGCCGATCCCCTGGACGCCAACGGATCCGCGTTGGACCTCTTCAATACCCAATTGTTGTAGATATCTTATGAGCGTTCTCCCTTGTCCAAGTTGATCGGTTTGACTTGTAACCCGATCTGTAGATGTATTGCTCGGGCCAAATTTTACGACGGTCAGTTACCAACGTCACGGATAGTTGTAGGGCCCTGTAAGTCGGAAAATACTCCCGCACTCGGATTATTCTCTTCGATACACAGCCTGATTGGTGTCTCCTCCATGCTGCGCGGAAACCCTTCTAATGCCGGCCACCCTGGTATCCGCAGGTGCCTCATCTATGAGAGATAAGGGAACCATTCTACGGTACGAAGCACCAATACCCTTCCTCGAATCTGAAGCGTAAACTAGAGTTTCCCGATCTTTGTTGTGGCTGTCTGGGTGGTCTGATCATAACACTAGACGTCGGCGGTTGCTTTACCTCCCGAAGTGTAACCCTATAGATTGTCTACCTTGGTTCTTGAAGCGACTCGTCGAGGCGAGGCAATACTGGTAATGGCAAAGTGAATCCGATGGGCCTCTGCGTGAGTGGTGACTGCGTGGTAACGGGCCCGTGCTATCATACTCACTTGAAGCGAAGTGGTGATTGCAATCACAG,1433,49.41,Caenorhabditis elegans
SEQ_819120,CGAGTTAATCCCGATCGCACTCGTCATCCCGGAGTTTAGCAATAATTTGGGATTTCTGTTGGGCGAGTTAAAGTAGATCCATGTGTCTGTGGTTAGTAGCCAGGCTTTCGTCGAGAATACCTTTTTCTTCCCGCCGTTGGCTGGGTTAGCTATAATCATACGTTCAGTGGGTGTAGCCGACTCTGTTCTAGGACACGAACCACACTTTATCTGCAACGCTGCCCCCGAGTGCTGAATTTGTGTTGGCCCGTGTCTTTACCTTGACGGCGACCCGCACGCCATCTGGTTGAACTGTGGTGCCAGCACTACTGTTACACTCAACCCACCTGAAGTCTGGCCCATGGAATAAACGGCTGAGCGGCGCGTAGAATGAAAAAAAGCACGTACGAGAACGGTTTTTATCGCACTCGGATTCGCTGGGCTGA,425,51.06,Mus musculus
SEQ_170133,TGGGATTGAAAACGTATTGTTATAGTTTCCGCCGCACTGAATAGGGAATGCCGATACATAAAGCTTGTCTCTCTATGTTGAATTGTAACCTTTTCGTATAACCGTTCGCGATCAGTTGCAAGCATCCCCCGAACAGCCCCGAACATGTAAGCTACCGAATACGTATCAAGTGTGGTCCTATTGCGGAGGTGGTGTCTCCCTTAAGAAACCAGCAAGGGTGCCTGAGTAATAGCGATGCACTCTGGAGCAGACCAAGTGGTGCAGGAATGTTTGGCTGTAAAAGGTCATCGACACCCAATGTTGACAACGGATTCGGACACTTGTATACTTACATGCCCCGGCGTAGTGATTAAAATCTGCCGCCTGGTAGCATTATTACGTGATACCCATTCATTTGCACAGCTTACCTTCTAAGCCTGGAATCCGTAACAA,432,46.53,Arabidopsis thaliana
SEQ_636476,CTGTCTGTTGATTGCTCTTGTGTCAAGCTGGGGTCCCAACGGCTCGCCCGTCTAATATTACGCCATGACTGACACGCAGGATCTTCATATCACTAACGAGTAACGGCAGCCGGAAGAAGATCAAGCGGCGCCGCTGTTCGTACCCATTAGTGTGTGCGCAGCAGTTCTCGATTCGTCTTCATAGAAAGGCAGCATTCAATGGGTATATAGAACTACAGTAAAGGATGTAATTGTGCCGTGAATGCCAGAGGGCTATTTAATTCGTTACTAAAGACAGCCCTGGGAAGATAACAACATCCCATTACGCCTACCGCATGTCCGGCATTCGCCGCGGAGCTCTTTCCCCCGTCTCAGGTGTGGGAAGTAAGGTGGGAATTAGTCCCCTAGTAGGGAGGCGGATAGATATAGCACTAACGTACCTGTGCTATACAGCAACAGTTAAGTATCACATTGTAACACATGGTATCCATGTGGACGTGGGACCTACCCCGTTCGACCCGCACGACCCATTAGGGTGCGCAGCGTTCGGCTGCGGGATGCGCGGAGTTGGTGCTAAAGATCCCATCAAGTTGATCGACCCTTGGTAACCAGACGTGGAGTAGAGATGTGCTCTCTTTAAACCCTAGGAAAATATCTAATCTAGATGATCTTCGTGAAGGCTAGCGGGAATCTCTTTTTCAGCGCGCCTATACGAAATTCCCCGGTCATCGACACTAGGACACGGGGCGAAGTACAATTGTCTTTCGATTTGTGAATCCCACTCGTTTGCCATACTTGTCTTACAGGTCGGTGAGTAGCAAACTTCACTAACGTTGACCCAATAAGTCAGGATGTTCGCCGGCCAAGATCACATTCAAGTCTTCAGGCCAACCGCTCATCTCCTGCCACCGTGCGTTTCTAAAAAGCCAGATGCCAGGATTCGACAGTTTATTGATATGTTTCTCCACGATCCTTCTTTGTTCTTCGAACCGTTATTCCGTAGCTACGCATCCGTTCGACTTGGTAACCCTGGTCAACTCTGCGCTAATAACCAACTACGGTCTAGGTTGAAATTCGCAAAGGCAAGTCCTGCTGATCC,1078,49.44,Drosophila melanogaster
SEQ_903908,TCGTCATAGGGGCAAAATGCTGGTTCGGACTGTTCTGATCTTGTCCCGAGTATATTGGGTAGGCTGCGCCGCACAGCTATGGCGGGTAAACGCCAATTACCGTCGCAATACCTTTGATGAGCACCACTACCAAGCCGTTCTCCGAGTGCTTACTTCTCGGCAAGTTGTGTGTCCTTAGCTAAAAATGAACCAATAAAGCTTATACAATTATTCGCCGCTCAGAAACTGAAGGCTCACCGAGAGGGTCATAAATGTTTCCCCGCCCGCTTGAAGGAAGGAAAATCAGGTTCGTGCCTTCATTCTAAAATAGGAAAATATGATGGTTATTGATCTGGAGAGTAACTCATCGACGATGCCGTGCAGAGAATTGCTCTTCCGCAAATGCTAACAGGCCGGGACTCGAGAGCGGAAACCCAGTACCATTGACGCCACCACTTACGAATGTGGGTATTTCGAAGCCTTCATACCGGCATCACATTCTTTAGTGTACCAGACCACACCCAGATAGTACTCTTAGCATAGTATTAGGCGACAGTCACAGACACCTGGCGTCTATGATTAGCCGGTGCTTTCGAGTGTTGATCAAAGCAAAGGGCGTTCCAAATGGCCCGTTTAGATATGGACCCCTAATCTTTTACAATGATCCTGCAATCTAGGCGAGACGTACGGGAAGAGTTATTACGGCCCCGCACTTGAAGGACGAGTATGGCTTGTCAGCTATTAGACCCTCGATAGTGTTTTAACGAGGGTCTTGTCCATGCTGGAGCATTATACAAAGGCTGTACGGCTCGACTGAGCAGAACGATGTTAGCGGAACAACCGCTTCGGTGCTCTGGACATACGGCCGCTATGTTTCCGACCAAGGGATTTAGCTTGTTACGCTAGCGCGCTCCTATCGCATCAAGCACACTAGTTCGCTGATTGCAGGTCGGGGGTTGCATGCCGCACGGATTGCTTGGTCCTGTAAGACACGCTCGTGGAAAGGGATGGGTATTGAGTGCTAGTTCAAAACTATACCACGTTAAGTAAATTCACACAATGAAATACAGACAAGAATCCTGGCTAGCAGATCGAAAGACTGGGGGCGAAGTGGATATCTCATCACATAATCTCTGCGCTCAGTTTCATGTGGACGTTGAACTTGACAGTCTGATCCGGCGCCGGACGACTTGCAAAGTAGCGACGTAGACGAGGGATCGGTGAATCGCACTATGCAGTACTTTTTGATTGATGGTCCCTTTACATCTCAGCACATTCTTTAACTCATGTGGGTACTTGGTGGGTGGACATTTTCAGCTGTCTTCGTGCGCGTCAGCTAGTGGCGCGAGGTACCATCTAGAACTAGCACGCGCGGCTACGTCCTTGGTATCTGCCGAGGGCTCACCCTGCTATATGCGGGGGCTTAGCACCCGCGGATGACCCCCATTTCTATTAGCCCAAATAACCTTCGACCTTTTCTACACCTGCGTCCTACTAATCGATCAACGTGCTCACAGACTCATGTCAGGCGTGCGAAAGCTCGATACGATATGTGACGTGAGCACATACGCAGGGGTAACCATCGTGATGTACGGCACGTTCCTTTCCTCCGCAACCAAACCATAAGACCTAATGGCGACTTGCGTGAAGTCAACCTGAGACTTCCCTACGCGTTCAGAGTCGACGAGTGGCAACACCGTAGATTGGTACTGAAGACTGACGCTGAAAATGA,1711,49.74,Drosophila melanogaster
SEQ_342074,CGACAGTGCACATTGAGGGGGTTACTTGTTCGGCGGTCCATCGGATGAGTGATAAACGGCTTATTAGCCGTACCGTTCGTCGCATGTTTGTAACGATTGCATCGTCCTAGTCATGAGCCGACGGGTACACGCTTAATGCATTAACCGGTATTACGCCATTATGGCTTCTATGCCTCAGTACAGGTCAAATAAGCGCAGGGCTTGCTACTGAAGTAAATCTTCGTATAGCCCACGGTTCTGCATATTGTGTCCTAGTATAGTAGTAAGCTTTGCCAAAAAATATGCCAACCGACGCCGGATGCGCGACACGAATTCGAACCCCAGATTTACCGCCAAATATCTCCACTAAACGGAATCGCTCCCTACCCGGTCGTCACAGTTTTGCATGCCTGTATGTGGCCTTCATAACCCGTCCGGTGCGCTTGTTGCCAGATACGCAAGGTTATACCCCATTCACCTGGGTGACAGGTTGAACATCGCGTTATACCTGTTACACATACCCCAAATATAGTAGTTGTCCCCCTGATCCAACAGGAGGGGGACAGCTGGGCTTAATCCCTAGTTAGGGAGTTTAAGCTCAGTGCCGGAAAACGAGGTTCGACTTAGCACATTAATCCCACCTCGGCGAACTTCGGAATCGGTAAACGAACTCGCTCTAGGACATTTTGGTAGGATTACATATGCAACAGGACACTATAATGAGGGTTTAAGTTTGGTGATAACATAGAGGGCGCGTTACAGTCCTTGACCCTCGTTTTGTGAGATCCGTACTTGCTGTGAGAAACCACACTACCAAGAGCGGATGCTGGGTGCCCACAAGGTGTGACTAGACAGGGTTCCTCGTGAATCGGACGACTGACATATGGGATCGTGAAGCATGGGGCGCCTAACTCGAAAAGGTTGTCAATGTACCCTACAGCTCCTACGGTTCTGTGGATACTGAGTGTGTAGAACAGGAGAGTACGCGGGAGGCAAAGCGCCGGGCCAAGACCGAGCTCTTCCAAGATGAACGTAGCCATCCCACTCAGTAAAACAGTGTAGAGATATAATCAATTGTGAACTAGTGCGCGGC,1072,49.63,Escherichia coli
SEQ_792182,GTACAGGATGTTCTTTCATGTAGTACAGACTAGGTTTCTATGTAGATGCTCCAGATGATCACAGACGTGAGTAGGAGTCGCGAGGGGTTTACCAGACTCGCACATCAACAGCTGTTCTCTTCTTTTAGATCTCGGAATGGATGCACTGGATTTGGGAGGCCCTTGACTGAGTTCTTTGAAAATCGTCCGGCATATGCTACCAAATAGTATGTTTTTAAGCCGCCTCGACACAAAAGCGGCATACTTAAGGGCCCTCATCTAACTACTATATGAATGCCGGTGCGCATAAGACGGCAAGAAATTGGAGAACACCAGCACGAGAAAATCCCCTAGTTTTTTGACAAGACCTATATAACTCTCATCGCCTTCTCGGTGCAGAGGGCCAGAAGCGGGGCACTGTGCTATGACATAATTAAGAGATACTATGTTCTAATGAATACAGGCCGCCTCTGTTCGAGCCTTGCTAAGACTGGCCTACTACATGACGTACTGCAAACCAAAAGACAGGCTGGGTGCACTCTGCCAACTTGGTACGTATTAGTAGCACATGTCAGCTAGCTCATGTGCCTACACTCCATTCAGGATCGGACGCGTGAGTGAGGAGTGGCCTCGTGTAAACATCATGTCTGCCGTTTTGGTCCAGCGAGGGTGCACATCCATGATCCGATGTAAGCCGGGGCGAGCAACGGGTATCTGTATGAGTCTACCTTCTAATGAAGTTAACACGCGCACCAAACCTTTAGGTAGGACGATTCCTTGACTAGCCTGCTGAACTTTTGATTTTTCTCCGCCCACCGAACTCTAAAGGATGTGCATATTGCTGTTCACGGAAAATCATATAGCGTTTCTTAAATGTCCTTATCACCTCTAGCTTGCACCCGCTAACATCCGAAAAGATCGATCCGACAGGGATTATAAGCGTGTCGACTCGATGGTGCTGCTCTCGCATTATAATCCTGCCTTACACGTCGTGTCTGGAACATGCCTAACTGAAAACCCCAAGGCGAAGAAAATCGCGGTTGACCTTTCTAACAGGCAAAACACTTCGTTGTACTAAGAATTACAACGCTCCCGTATCCCGTACACTAAAAGACATTGTCCGTAGCCACAGTGGGGTATATCAGCCGACGAATCGTTATAAATGGAACAGCGAATTCAATCCATGGAGAATGGTCTGTAGCGCAAGGTCCGACCATTCTACACGATCAACCGGCTCGTGGGGCAAGCGGTAGTAGTGAGAGTATCAAATAACGCGATAAGCATCTCATAGGTCGTCCGGAGCCACGGTGAGAGGAATATTGGTTCATAGACTAAGATTATGACTGTAACCACTACTATCAACTGGAGAATTCTCCATATGTATGCGGCGCATAACCATAGGACAACACGCAACGGTAGGGGGGAGCCTCCGTCTGCTGGGACACGCATCGGCCGCCTTCACGATCTGAGAAAGTTCCCCCACTAAACGAGTGGGGGTAGCGTCACGGGCTCAGGGTACTTATCAAACGTTATTCCGAAGGTGAGTGCATTATTTGACGGGCAAATAGGTCGGATTCGCGCTTGGGTTCTGAGGCGAAATCATTGACCGGAATCAGCTGGAGTGCTTGCGGAGCATGTCCATGGGCCTGTTGGTTTGTCTTGGCTACACCAGTCTGCGCGGCGGACGCTGGATACACACTGACCTAGGTTCGGAACACTAGTATAAATCTAAGCCGCGCCAGGAAAACTGATCACTAGCATGAGTCATACTCACCGTCGGCCTTGCTGTTCACATGTGGGTACTGCCAAAAGGAGGAACTCACCGTAGTATGCACATTCGTTTGCTAGTTACTGGACAGTAGGCGTTCTAATTCTAGTGGTACTCTATCCTGGACATCGATCCTCACTTCTTCATTTCTTCTATACAAGCCTGCGTCGGACGAG,1923,48.67,Arabidopsis thaliana
SEQ_191997,CCGTAGCAACAACCCAGGTCAGCTGCGTCAAACGTCTGGCCTTGCAAAATCTAGCTATTGGTATATACCCCATGACCTTGACATCTACTCAAAGCCCACTGAACCTGGACTTATAGCGCGGACGGATGGGTAATCCGCACATGCATGAATCGACGCGTCGGGTGAGGTGGGCTAGGCAGAAAAGCTCAAACGAACACCACCCAGGGCGCCAAGAAATGCACCAAACTCAGTACTGGGATCGTCGGTGAGCGCGGGGTCGGGTCCATCATCGAGGTCAGGCCCAGTGGCCGTGGTTCGTTGTTCTTGCGCTGATCTATCGTCGCCCTTGTAAATTCCTCGACAGTTTTGTGCCATAATCCTGCAGTGTGCGTCCGACCGGAAATCATCGTGACCTCTAAGTGTTCAGAGATCCGGTATTTTCGTTGAGCACATGAATTAGAAGACGACGGCGAAAAACAGTGTTAGAGCCAGTCTCGAAGTGTAACTGCGCTTGCGTCGACGATGCAGCACATGTGGGTTTCTCAACCTGCCAATCGAAGTCCTCAATTAGTCTACATAGCGGTTCGCCAATTGACTTTTCATCGCGTCCGCTCAACAGGTTGACCCCTGGCCCGCGCAAATTGAAGCCCTAAGGCTATTTACAGCCATTTCCCGCAATAAGGTTTTTCCTCGTTAAATCCACTACGTGTCACTACGATAATGGCTAAAGGAGCTCACCACGAGCTATCGAAAACGTCATGGAGGTTCCTGGCGTCCCAAAT,761,51.64,Escherichia coli
SEQ_936828,ACTGATTCGCCATACGTTAGACTCCCGTGGACACTCGATCTCCTAGTACTTAACACGAAAGCAGTACACACGAATGAGCTCTCCACGGACGCTTTCTCATTGTATGCTTAAGCAGAGCGGTACATTTGCCCTTGGATATACGCACTGTTGCGATCTAGGATTCAGTCTCGTAAGTTATGGTGAATCTCGATCGCAGAGGCTGGTTGAGATACATTTTTCTTGTACTATTCTTAAGGCTCTCCAGATACCTTCAGGCCCCTCTACGTCGAAATGGCTTAGCTTGAGGCCGAACTCAGACAGGCGCGTTCTCGTACGGGCGGCGTAAAGCTACTCCTAGAAGGTAGCGGTCATTCGCACGCTAACGCCATTATGGACTTCCTCAAAGATAGGCCACCAGCCTGATCGGTCAAATTCGGTATCAATCGCGTCCATTTTTTTCAGTAGGAGCCCGCCGAACGAGGTGCTATATCATTAGCTCTCAACGGCGATCAGAGCTGTATACTCAGGCAGATGAAGTACTTCGGATGTCAAGCTGGTAATAGTAATCCGCTCACCGGTATAAATCAGTCGCCTGACCTGCTCGAAGAGACTTATGGTTAGGAGGGCTCCGGGGGTCGGTGTCAACACAACAAGGACAGCGTTGCTTTCATACCAATTTGTTGTATGCCATCTTGCTGATACGACTCATTACTGCCTAACTGGCGATAACAGGAGTTTAGGCGATCATGTTATAAGTGCGACACTACTTATGCAGAGGAGGGAGGTGATTGGCTTGGGGGTTTAAGGTTTTATTGCGGTCCCCCTAAGCAATCTCGTCTAAGGTTTAAGGTGAAGAGCAGCCGCTAACAGTCTCAACGGGCAGCGGCGTGCGAGGGACCAGAAACTGCAATACCTGTCTTGGTAA,904,49.23,Homo sapiens
SEQ_950045,CCCAAACCATTATACTTTTCCGGCGCATATATCTTGAATCAGTAGACTGGTGGGAGCTGTGAATTAATAACTAGACCCCTCACCTTATCTCACGACTTGCCAACTAATTACGCGGATGTCAGTAGTACGCCTCAACTAAGTATCACTCTGCGAGATAGAGCTATTACCTAGATGCCAATTATCAATCAGTGGGGTCGGTCACCGAGCGGTATCTGTCGGCGGTCGGGCAGGCTGAAGATTAACATAGTGGCAATAATCCGAGCAGGCCCCTGTCTATTTGGAATAAAACGTCAGACTGTTATTTGCGATTCCGCTATGCTCACCACTCTGAGAGTACAGCCTAACTAAAGCACATTGTGCCGGTTGTCGGAGCGCCAATGTGACGAAGTGCCAACTAGTATCCACTATGTAGATACGGACTGGCAAGACGAGTCCTCGCGGTTCTAGGATCGGGTCGCCGCTCGGCAATGCAGCTTTACGTCTCTAGGGGGAGTGGAGAAACACCCTGACAGATAAATCGGGGGCATCCAAAGTCTCAGTAACGCGAGTGCCCGAACTCGTCGATCCCGAGTTCAGGCAGGACTGTCATGAGGATGTGGGTCGCAAGTTTTAATGCAGATACGGAATCACTTGAACACCACGGTCTAACGTCACTTTCCAGCCAGTAAATACGGCTTGGTGGATAGTTAGCGGGTCAGATGCTCCACGCGCCCTATGCTTTGAAGACCGGGATTTCGGAGTGACGAGGACCGAGGCGAGGCATGCCTCCTCCCTAAGAGCCAGCACCTGGGAGCTCCGAGGTTA,804,51.49,Arabidopsis thaliana
SEQ_843058,GCGGAAATCATTTAGGAGCCGCTAGTTGTTTACTCATTCAACAAGGTTCTAGGAACGGGACATGTGTCTTGCGGGAAGACTGGTGCGAACTAAAGCTAGATGAGCGTGGGCACCTAAGAGCTAACGAGGTGATAACGTTGCCCATTCTAGGAATGGAGCCGCTTTCTTTTCAAGAGACAGGTTAACATGGCGTGTGTGTCTGCACATAGGTCATGCCGAACGCAAGATTTAACTAGGCGAGTACAGCACGTGGGCCATAAAGGAGCTGCGGTCATTGTTACTAACGTCCATCGGAGAGACTGTGCACCGGACTAATGAATCTAGTCGCGGCGCTAGAGAAAGCGTGGAACCAGATGATCAAGCGTCAAAGGGAACAGCAGGGTCCAAGACCTCACAAAAAGCCCCTTAGGACTAGCGAATCGGACTATAGTTACGTGCGCACTTCGGCTCCTGCGTGCATATTGAGTATGATACGAGGATTGCTTCCTCAGGACCCGGACGATTTCATAAACCCATCCGCATTAGCCCAAACTATGACGATGAATTGGCGCAGTAACTCGATCTCGGATTCAGCAAAGAAAACGCATCCGATACGCCAGCATACATTCCAAGTCCACAGTCACATTAAGCGATTGGTGCGCCCGCTGGTCCGGGAAGGAAGCAGCCTTCGAGTCGCCGTGCGATACGGGAATGCCATCCTAGACCCGCCATCGAATGGAACAGTCATCCGTCATTACGATAGTGCAGCCAGAATCGAGACGAGTTGTTGCCCGAACTACACCGCTGCGCATATATGTCCTAAGCCTATGACAAAAGACAATCACCTAACTTCGTCCGCTTAGGTCCCAGCCTACCCGTACAACGCTAGGTATTCGGCGGCCTTTGTGACTATGGAGGCTCATACATCGAAATTGCCAAGGAAACGGCGATCAGGTTAGGGAATTCTGTGGCGAGGGCCGAGGGGAGCCGGTGATAAACTGGGATACCGGTACGTCCTTGAACAAGGTCCTAGTTGCTCACTCATTGTTGTCTGCCGAAGGTCACAATTACTCAGGAGGTGGGATCGTGCAGAGTGTGTGTATTGCAATGCCGAAGCACAAGCAAGTCGAGGCTGCTCGTTGGTGGGCCTCGACTCAGCCTAATCAGTAAACCAGTACGACTCATGACGGCTTGGCCAAATTGACACGATGACACGAGCCATGCTCGCGGTTACCACTTGCCCAGGGCGCCTTTGTACCTGCATCGCAACTTTAGCTTAGCTGGAACGCTCCTTAATTACTCATGCTGCAAATGATATGACACATGTAATAGTGCGCTATATACCGAGGCATCTGCAGCCAGGTAAGAGACGTGTGGCCAGCTCCCCGTCCGTAGCCTTTTGAAAGTGCATAAAAGATTCAGTGTGAGCATTGTGATCAGCGACTCCTGCTGGTAATAAACGGCAATCAGGCAAGGCATTGCATTTATCAACGAGACTCCTAATGCCTACTAAGGGTGCTAAATTAGTACCTAGTTTTGAGTACGGATCTACTGCAAGGTGCACTCCATGATTTCTGGCGCCTCCCAGTACGAAGGCCGCCGATGCCGCCCAAGAAATTAGTTTCGCCAAACTGCTACACTTCGGACCTTCGTAGGGGTCGCCCACGTGGACGTAATCCCTGCGGAACGTAGATACGTAGACCCGCCACCGCTTAGAGACGCCTATGTGGACCAACCGCCACATGTTGGTAGGAGATCTAATCCCTCTCTGTTCCCGCTTACGGAATCCCGATACTTGTGGTAGCTGTGAGCAAACCGCCGGTTCCCTGGAGCCGTCCCGCTACACGATTCCAGATCACAACGTTGTGAGATATCGACGTGAGGCCATCTAGCTTCTGCGTCCTAACGTTAGCCCGGACCTGCGTGTGAGCTCCAGCATGGAGAGCACACCGCCACTCATAGGGTTACTATGGCTGAGGCACAACATAC,1968,51.93,Caenorhabditis elegans
SEQ_774707,GGTAGAAGCAAACGCGTATCCTGGCTGGTCTCAGATGAAGTGCCCATGGTGCAGTATCAGCCTAGATTTACTTGCCGCCTGTGCTATAATCCCTCTTGGATACGCTCTCTTTAACGCCGTTGATAGCTCATTATCACAGGAAATTCTCTAGGACAACGCGCGGGGCGCTGACCCAGCGAGTGACTAGCGCTCCATGCTCCTAGGTCAGATTTTTTTCTAGATCTGAACACAGACCACTATCGCCGCCCACGACGATCAGAGAACCCAGGGAACCGTAAAACTACAGTCCCAACCCGATACTGCGCCAAATCCTCGCGCAACGTCGACACATATTCCCGTTCCAAGCATTCACTGGGGAGTCGCGATACGCTTTCTGGATCTGTTAAAGCTGGAGACGGCACCGTGCCAGAGCCATAGCCATTGCGGCGTACGTTGAGTTCTGTACCTACCGTGCATAAACGACTTCCTGAGTCAATACAGCGTGTACATATTTTGAATATGACGGGTGCCCCGGGCATTATAGTTCACCTACGAGCCATCACACAGACACAAGTCCTTGCGATCGAATTGCCGGTTCACCCTAACACCAGATTC,594,51.68,Homo sapiens
SEQ_548790,CACCGGGGAAAGATTGGAATCATACTTGATTATTCGCTGATGTTTGCTGAATCCTGACACTGCGCTAGGGGCAGGTTGCGATAGTCATAAGGTGTGGTGATTTGACTACAATCGTTATAGAGCCTCGTGACCCGGTAGGAATTTAGTCTCAGGTTTTACGCGAGTAATGCCAATGGCCACCACCGTGTCTAACTGTTGCAACATCTCTCTGTAGGGGGTAGAGACGCGCTGGTGTTCTCTTCTCGCATTCCCACGCAGAACTTGATAGCCTCCCAACGCAATAAATTGAAAGTAATATATGGGGGGCTC,309,48.22,Mus musculus
SEQ_209566,TCCGCTTTGCTTCACTGGCGAGTACGACAGCCAGCAGATACGCCTGGTCGCCGTCACCTATATGCCTATCACTTCTACTTTGGGTTTACAAGGGTGCGTACACGGTACCGAAACCTCGCCGTAATGTAGTCCAACTTCGACTACAGGACTAGTCACATCAACGGATGCTATGGTAACGCGCGCCAGTAACCGAATGCGGTTCGATGAGCAATAACATTCAGAAGCACCGACCAGACATAGGGCGGAATCCCTAACTGGCTATGATCAGGCGCTCCGATCAAAAACATAATCTTTCTCGCAAATAAGGTCGAGTATTTAATCGGCCAACAACTCGGTTGGTCCTAGTCCCGGTGGAATCTCACATCCACCGTGTGAATGCCTGAATATTAGCATGTAAGCCAAGTTACAGACTGACAGGGGCCTGTTCTATAGCCCCCTTCCAATCACAACTCCCCGCCTACTCAGTCGTCTAAGGGGAGGAAAGAGCGCGACGTCTCCTTCACATAGTCGTATGGACTCGCCTGTTGCCCTTCAAGCGCCCGGTTAGCATGAAGTGTCGTGCTCTCCGCAACTTACCTTCCCGTAATGAAGCGAATCACGGACCTCCGTCCGCTGGTCCTGTGTTGTGAGCTACCTAACGAGGGAATTTTTCGCAGAACAGCGAGACAGCGTGGCAGCTATGATCTTCGGTCTTTGATGTTTAGTTTGGTAAAGGTCATAGAGAGGCCCATTAGGTTTGACAGCTAGGTTCTATAGTTGTAGAAATAGCCTGGCGCTCAGTCCTCTAGGGCGAGGGATTCCCAAATCCCGGGCGTTGCGGATATTATTAGAGTATAATTCGCCCTGGTAGACGTGGACTAACAACGGTAAAACGTGGCGCTGTTGTATCGGTACTAGGCGCTTTATCTTCGCGCGTTACAATCTCTATGCGGAGACACATGGTAAACATTGTCGACCTGGGAAAGATAATAAGGGTCGAACTTAACCGGGGGGACATCTAATGACCCGACAATACTTGAATACTCACTGTTAATTCAATCATAATCAAAGAGCGCAAACAAATCACTCCGGTACTCGAATGGAAAGACTCAGAGCTAGAACCAGAATTGGCATTACTAATACTGCACTTAAGCCTCCCAGGAATCTAGGGAAGCACCGCAAGGGCTACCATGCTCTATGGATATGATCTCCGCGGACACGTCGGGACAGCGGTTCGCCCCGTAGACGCCGCGTGCGCCGCTAAGCGAGCAGTTGAGTCTTGTCGATTCGGCGTAGCGCCTTCGGGTAGTATCGCGTGATAGTGGTCACAAGACTACAGCTAAGCTTTGGCATGAAGAGATAACTGC,1346,50.45,Caenorhabditis elegans
SEQ_566921,TTGCCATACTGTTGACTCCAAGTTTAAAGCGTTGGTCTTGGCCTTCTCGGGTTTTAATGGGTAGGTAGTTTTTCAGGTGAATCGGGTCTCATGGAGCAACTAGTGACTTGACTCTATATTTGGGCTCGGCGGGTTCGTTTCTTTCTTCTCGGCGCTCCCAACGCCAACTTTCAAACCAAGGCAGGTAGAAGCACAGAAACTTGAACCTATCCTTCCTTCCCTCACTACCGTATTAGACAGGGCTGCAATAGGGATAACTAAACGACCCTGGACCCAGCGGCCCAGCGGTAACGTCTCTGGAAGCAGGCATGATAACATGAGCCGACGGGACGAGTGTGTGATATCAAATTCGTGGCTTGAACAACCCTTTATAAATTCCGCTCTACCGACACTAGACAATTATAAGAGCAATAGCTTGCTGACTTACGTGGCGATGTACCTGGCGAAGGCTCACATGTCAGGACAGTCGTACCCGTCTTTATAATGTTAGCCGGGCGTGATCCGTGCCGGCACTCGGTCTCCTCCTCGAATTTAGTGGCAAACGAAGACTCTGATCGTGCGAGATCCAGAGAATTTAGCTCTTCCAAAAGATAGCCTGAACCAGAAGTGCCGCAATCTGGGTGTGCAAGCTCCGCCCTGTTACGTGCCTTATGGTAGTCTTAGACAGCGTCAGTTTGGGTACGCCAAATCACCGAATACACACGGCTGAGACGGATAAAGCGGGTCCTTTGGCAAGTCCGTGTTGGTGAACCCGGTTTCTGCTTCATGATCTGTACCAGGTGGACTGGGTTGTACGGTTTGACTCCTGTAGCCGAGAACTGCGGGGATTCAAATGCCGGCTATCGGTTGCTCCATGTAATAAAACCAGCAGCGGCGTCTGTGGCTAATTTAATACAAATGCAGTCATACAGTGTATGACTGCAATCCAGGCCTGGCACCAGTAGCTGTCGCTCACCACCATTACGAACTTACTTATGAATGTAGTAACAAGCCGTCTCAATTCGTATTTCGTAGTGGAGTACGGCCTTTACGAAACTTGTTCGACTGTGTAAAGCCACACTGGCCGAGAAACGACCAGAAGATGCTAATTTGCGCGTTGGCACCATGGCACGAGAGCCGCTGGCAACTACGAACTGCAATGACAGACTACCGTGCGACCCACAGGTCGAATCCAACGCTCACGGAGAATTATAAACTTGATAATTGTGCTCACGTGTGAGGAGCCTACATGTATCCCCCTTGATCGGCACCTTATTTAGATGATAAACGCTG,1272,49.69,Drosophila melanogaster
SEQ_715715,CACCCGATTGGCAGCCGAATCTATCTCCCGGATCGCGAATATTGTGGCATGAAGAGAAATTCTCCAACTGGAGGCGTGCAGCATAGCATACGGTTGCTTGCGTCCATTGATAGTCAGGGAAAAAAGACACACTTCAAGATGTTACCCGAGCGACGACCTGTGACGGGCCTCGGCAACAACAGCCGTGTCTGTGAACAACAATACCTAGAAGCTCACAGCGATCAGCGGGAATCATAACCGATACAGGACTGCATAGCCTGCATACATATAGGTCTTACTCACTCGACCTGACGTCCACTCTCTATTTAAGATGTTACGGCGCCACTGCAGTTTCTTGCTCACGTATCCTATACATTTCACGGCCGCGTCTTTAGCCCCAGCCGGGTATTCTGCCGCAACGGCCGGCGTATTGGGTGTACGATCCCGCCAGCCCCCCGGGCAAGTTTAGATCGCTACGGTTCATTCAGTAGGGGAAATAGCAACTGTAACCGGTACCACATGGTAATCCAGCGCTACCCTGCTTAGAGTCGGCTAAACAGACTAGCACAAGACACGAATTGCCCGGTCATACTTTTTAGATTATTTGCAAGGATGCTTTACGACCGTGTGTAAATCCCGAAGAAAGGGGATGTAGGCATTGATCTCACTATTATAGGAGTAACATCAACTAAGCTCCAATACGAGGCCATTCCCAAGCCAGCCGCGCGCGTGTATAGAAACTGGCAATGACAGTGGTAGTCCGACGATCATAATTCAGAAGGTCGCGTTAGATTGAGTAATAGCCTTTCTCGCAACTCCCTCTAACCGATGCCCTTCGGTGCGCATGGCAGGGGTGTGCCGTGCCTCCAGTAAGGTGGCGAGTTTGAGACATAATCCAGCCCTGGTAGTAAGATACAGACACCGATTGTAGACTGGGCGTATGGGGGCGACGGCGTTTATCACTTAACATCATGAATGTGAGCAACCGTGCAGTTGCGCGATAGTTGAACTCCTTTGGGTAGGCACATTAATTCCAGGTCGAGGTCGGCGACCTTATTTCGAAATATCGGCATACGAGCAGGGGATCCGCAGCCGTGCGTGACCGGAAGCAATCAGTGTTGTACCCCCCCATGTCCGAGTTCCTAGTTGTTGATAGAATGAGGGCTATTAATCGACTGGGAGGATTATCAATTTAAACTAGTTTTAACTGCTAAAGACTGCCATCAAGCGCTTCCGCCTTGAGCAGGTCCGGCGGGGCACTTATCCCAGTCCTGAATACGTTAAAGTCAGCTTCAACGTATGTTGGTCAGAAACATCGCGTAATGATGTTGGTAGTCCGATCGCGCTAGCTTGACGGGACTTTGCTAAGTACCCGCAGAGCCTCAATGGCTTGAATAGTTACTAAATCATAGTAAACCTAACCTGTTGGCTTATCCATCAGTAGAGCACCTGCGCTTAATTCCCATCATCTG,1451,50.03,Drosophila melanogaster
SEQ_864703,TTCCAGGGAATCGCAATACTATATACACACGGGGATGTCGGAGGGGCAGAACTCATTCGCGGGTCGGACATTGTTGAAGTTCGTTTAGTGGCTTTGTTCTTTACGAGCGGACGCGACACTAGTACGCGGGTTCTATCAATCAGTGACATTGCCACGCGATTAAATCTGGTTGACAGGCGATAAGTGGAATTGCATCCCAACACAGACCCCCACCCCGTCCAAATTGCTAGGATAAACGAGGGTACTGCCACGGCGGTAAGGCTCGTGAGTTACAGTGCTGTAGGACTTTCTGCGGGTAACGCCTCGTCACGATATCCTCTTTAACAGATTGGTTAGGAATCGAAGGGTTAGTCCTGATTTCAATTCGTGCTAGTC,375,49.87,Homo sapiens
SEQ_701487,TTATAGGTTGAGGTGCGTCCGCATTTTACGTCGGAGTATTGAGCACTGACTAGCCAACACAAAGTATTGAGGGTGTCCAATGTGAACCCTCCGTTGTTCGGAGGAAGCATGAATGTAATATACATGGATTGGTAGTGCTGTGTTGGTCCTTGATAACA,158,44.94,Escherichia coli
SEQ_954921,TCATTCATCGCGGTCTACCCAAAGACTGGGTTTACTCTATTAACAAATAAGCGGCTTCGTTTACGACACGGGACCTGCGGTAGAAAATGCTAAACCTATGGGTAGCTTACACACGCAGTCACCAGGGGTGGAGCATCTAATTCGGAGTCCGTGACAGTAGCCGTATTGCGCGATGCCCAACTATTTGGCCATGGGTACATCGATTTCGTGTCACACCGGACTTTATTCTTCATCACATGTCCGAGCAAATGCGGATTTATTGTTATGATGCTAGAGTTTATACGGACTCCCATACTACCGTCGTGATGTGTCTGTTCACGGATTTTGAGATGATGCCGGGCCAGGCTCGATGGCGTGAGGAGGGTAGAATTACGGGAGTGCGCACTTACGAATCCTGCCTTCGTTTCGCTGCCACTAGGGTACTTACCAAAAATTCACGACTGCGTGGAACTCTTTCTATACCAGTATTTGGAAGTTTCGCACTCGCATGTTTTTAAGATAGGAGACTCATTCGGCCAACCGCGCACTTTGCATAAACGAGAAGCGCGCCGGCTATCTACATATCACCTATAGAGGCCATCAGCAGTCATGCTGGCCTAAGACGGAGACACTGACTCCACCCATGCACGAGCTCCACCAAGGACCCCTACCCTCCGCCGGCAAATTATCCGATCACGTACCATACATACTCACCCGATTGGTCTGCGTTAGAAGAATTGCCGGCATCCAGAGTTCAGGGGCAATGTGCGCAGCGGAGCTTCAACAATTCCCCTCCGTCCCACCTCAGCAGAAATCTCGGCTACATGAGACGCCTAATCAGGAACTCGCCCACACGCTTAGATGAGGGTCTGTGGTTAGGGTGACGTCCGGACGACCGAAAATGCATGCACCCGGAACTAGCAGACTAAAGGCTAAACCATGAACCTTAAAACCACTGGCTCTATGGATGGTATCGTGGAACTCGAACTTTTCTCGCATCCCCATCCGCAACCGATCTCTACGAAACATCATCGCACGAACCGCACTAGTACATCAGGTATGTTAATATGTTGTTCACATATAGCGCATGCGCCTCTACACAACGAACGAATACGCACTATAGCTAAGTGCAGTACGGCTAGATATGTGTTGACCGGAGTTAGTACCCCACTGGGTTCGCATATCATCTCTGCTCACGTTTTGTCCGGATTACTGAAAAACTGTCGACCTAATGTATTGTTCACGGGCCCAGTCGGAGCTCGAGCTGTGCTGTATTCCGATACATTGCCAATAAATGTCGGCCTCTCAACTTACTGAGCTAGTAGATGCGGACCCACGGGTACCGCATTACTGGTAGGAGTATGCAAGTCAGCCCCAAATTAACGGAGCCCCGTTAGCACGGGATTATTCGTACTGGTCCCTCGCGGTTTCGGTATGGGAATAGATGTGTTAATTCTGCTTTTTAGCATGCACCAGAAGACGTCTCTGTAACACAGCCCCCTAAGGCCTTACCTACAACCGAGGCGTGGATTCTCCCTTGACATTGGCCATACTAGAGTCAGCATACTAGAGCTCGGTGTGCGGTCCATCATTAAAGGCCCGCTAGTGCATTAATGCTGGAACCATATGCCCGCCCAGGTTGACAAGTCGCTGATAACGATATAACGGGGTGCAATACTAAGAGCCACTTGGAGAGCAAATCGCCTGACTATCATGCAGTTTAGTGCACTGTGTCGAGGCTTGGAGAGTTGGACTCTTTGGATGTAACTTATTATACGGGACTATACGGGATAGC,1774,49.89,Escherichia coli
SEQ_729121,CGGATCGACACCCGAATCATCTAAAGACAGATAAAATCAGTAAATGGTAATCTTCGGTCCCATCGCGCTCGATAGTCCCTTTCGTAACCTATCCTATGGGTTGGCACTATAAACGCCTTGATGGTCAACTGTGAGACCTTCTGAGAGGCGGACAGGTTCCACGTCGGCGAGTGACTCGTCGGAAAAGGGTTTGCGTCGGAGTAAAAGGAGTACGCAGCGGATTTGCCTGAGTAGAAAAGATGGCGGTGCTTGTATTTCGCTTTCGCTACTCTTTTTTTCACCTGCCGTTAAGCGAACAGAAGCATTGTATTGCTAAACTGCTGCAATGGTTAAGCGGGAATCCGCGGGTGCACGCCCATAAGCGTCTGTATTCTAGCAGCGTATTCAAGCACCGCATGCATTGCGCTCAACAGCTAGATTCGTTTGAAAGTCATGACAGACTCGACCTCGAGAGGGCAGTATCGAAACGCGAGTGAGTATAGCTGCTCGAAAATGCGGCTATACAGCAATCGGGCAATGGTGTCCCAGTTTCGTCCGTAATACAACACCTCGACCGAGTCAGTCGGATAGCTGGTTACCCATTGTGTAATCTGTGAGGGCGCCACGCCCGTGCCTATAACTCTCAAGTGCGCATTCTTTATGAATCAAGCGGCGGCGGCACATGCTTTATGACTGCTTACCTCATTGCTACTTCAATGAGGGTACCTATAGTAAACA,717,49.51,Mus musculus
SEQ_271101,TCCTTTAAGGATCCCGGCAGTCAGTAGATTAGCTATGCCCCCGGCGATTAAGGCACCGGATCCGCCCTCGTGGAAGTATATGTGCGGCCGCAGGTAACCTATAAAATGCTGAGTCGGTGTACTGTGCAATTCTCATTAGGATTCTAGATCTCACGAGTGGCATGCGTGACTGAATACTCCTTCAGTTCACGTTCAAAGGAGTTCCACGTCTTGTTCAGCGCAATTCTCTCCTGTAACAAACCTATATCCAGCTAGTCAGTGAGGTAACACCATAGGATGCGGGAATAGCGGGATTCACGTAACAAAGGCACGGTGATGCCCTTACCCGACAGATCAACAGAAAATACGACCGAACCCTACCCAGAATGTCTGCTGGGGAGGTCTCTTACGGGGAGACGGGGATAATTTAGCGTCGATACGCACTTATGTGACCGACCTGCACTTACACAGCTGCTACTGGACTGAGCCGTGCATTATAATTCCCTATATGCTTACAGATGCATGTTGACATAAGGTGGCCCCTGCTTATATACGAAACATGTCGTTTGGG,550,49.27,Escherichia coli
SEQ_791559,TAGGGTTAGAAGCCGGCAGGCACTACAAATAATTCGAGGTTGTGCCCAAGTTTTGTTCAGCGCTTAATGCGGCCTCACACTGATGGGGCCTACTGTAATAATCTCTTCGATACCCAAACGGAAACCCCGGCTCGTATCCATTTTATCGTAGTATCCCATCAACCTTTTCGTTCAGGTTCATGTATGCGATAATCTCTACTGGTGTGGTCCAAAGTGTTCCACTTACGGATAGCGGCGAGTTGGTGCCCCGATAGTATTCAAAATCCCGGAAGGAGGTGCGAACGTTGTTCAGCGATTACAGCGCTACAACCAATGGTTTCCGGGGTGCATCCATGCCGATAACGGAGCTCTCGCGCGACTCTGACAGCCACCCAAAAAGTACATAAAATTACCAGGACTGATTCTAAGCCATGAGATTTTAGGAACTGGTCGTGTGTCAGAGGTAGTGCCCCTGAGAGTTACCTGTCTACACCTCTCGTGCCAATATTCGGGTCGAGACTACATACATTAATAGCTTGGAATCTATTTTAAGGGCATGTGAAGGGCCCGGAGGTTTACACCTCCGTTCCCGTCGGAGATGGGGATGTCTCTCGGTTAGTCCATAGCAATAACCGAACGTGTGCGAAGTGACCATCACAGCGTTGGTTCACACCGAAGGAGACTAGGTCATGTGATCACTGTCTGTTCGATACCCGGTGCTTCGGCCTATTTCACAAGACTGCAAATTCGCCGCCCGTGTCTATAGGCGATCGGCAGTATGGACGTGGCGCACGCTGGAGTGATAACGCTTTTTCGCGCTCCAGTGACCTTGAGGGTGGGTAGGACGCGAGACCGCGGATGGAGACGCGCCAGGAAGGGACGCGCTAATAGCCGGGCGACCTCTGAACTCATCTGCATCCTGGGACCATAGCGCTCGTCCACGTCTTGACCAAGACTGTGGAGCCTCTGAACACGCGGCTAGGGGGTTGCGAACCCCGTGCCCGCCAACAGTATCGGGTTTAGCGACAACGCGGCTCG,1017,53.0,Mus musculus
SEQ_902876,GTCGTCGGTGCTGAGGAAGCGCTTTAATTCCTGCGTTAGGGTCTGCTGCACTCCAGATACATGTAATTCAAGTTTATAAGCGATGTACCTGTAACAGTATACAGTGGCGAAGGGCCAACAAATTCTCACTCCGTAATACACCGCAGAGAGGTCTCTCTAAATACTGAATACATCCCCTGTTTGTGCTGAACTTACGGCGGTTGATGTACCCACGCTGCCGACTTTATTACTCGGTATATGCCCCGATAGCCCCTCAAGCCCGGATGTACCACCGCGACCGCGAGCACAATGAGGGCAGACGCCCAGGGCCTCATCCCGCTCCACACATCTCTCAGAGCGTTCGACCTAGGAATATCCAACAAATGGATGTAAAACGAAAGAATATGGCTAGCGAGTTCGACCTGCACGTCCTTAGGCGGGCAATTCTGGAAGGAATCATATGTTGTGGGAATAGACTTGTGCTGGGAACAAAAGATGGTTAGATCTAAGATACGCGCTTATGAGTACACTTGTGGTCGATGGTAATACCTGCATAAGCGAATTATGTTGGCTCTAACGAACAAGCCGACGTTTCTGTTCCGGAAACCGCGCGACTGAATTATTTTGAGTCACCGTGTCATCGTTAGTAGCCGTCTGACATTGGGTGTAAATCGACTGAAGAATGCTCGCTTTCAAA,676,48.52,Saccharomyces cerevisiae
SEQ_287374,TGATCCGCAACGCCTGGACGCACTACACGTATCTTTAGCGTCAGACAAAAGCCTAGCGGCGTCCATCGTCGAGACGAGCTTGGTGATATACTTCCATGAGTACTGCATGCGCACCTCTGCAACGTGCCCACAAGCCATTCATGACGAAATCACTGGGCGTAGGAGACGTGTAGAGGCTGAGTTCGGCCAAGCAGAGTACCACGCATAGCCCGTCGGTTCCCTGCTGGCATTAACCGATGAGCGTAACTAGTACTCCAAATTGTTCACAACAGCTCGCCGATGCGCGTTACGATTAGCAAACCCCGCTACGGCCCACCATCATATTACAAAGATCCAGGGGGGAGTTTAAGAATAATAATGAGGCCGGACCTCGTCGGTAGTGCCTTTTCATCGCCGGCAATCGCTGTATATGGACGGTGTCTTACACACTACGCCTCCTAGCGTACATTGTGTGGCGCGGCTTTATGTAAGATGAATGCACAAAGGTATTCATGCAAACACCACTGGTTATCACAGGGTCCGACCTGTACGTTTGCAAGAGTTGGAGGTCGATCTAGTTATAAAATAAAGTTCAGAAAGGAGAACTATTCCACAAACCGCCCAGTCTAGTTTTCAGGCAGCAGAGCTGATCCGCATTTGTCACTGTGGCGTTTAGGGAATGCAAGGTAAACTGGGACCAAAGGTTAGTGAAATATCGCGACATCCAAAGGCATAAGTTCTTCAATTTTGGCTCAACGCGTGGCAGCTAAGCTGAGAAGAAGGGATGACTCACGCTCGGCCTGTTTAGGTGCCAGGAGAGGACGCCAAAGGAGATAAGACCCGAGAACAGAACGATCGCAGTATTGCCCCTGGAGTCTAGTTAGAGCGAAGCTGCATCCTCATTTCCAAGGCCTTCCCACGGTGCCCGGCTGTTCCTATCAGGGGTTTAAACGGAAACTTACACTCCTCCGCGACTCCAGTATCTGCTCTTCCTGACACTACGCGAGCCAATTTGGTGCGAGCGTCGCCAAGTAGTGCCTAAAGGTAGTACGACCTATCTAAACGTGAGTGGAATAGCCGAGTATTCCGGTGAAGATTGGTGACCATCCCCACTGGTACTTTACGTATGGCCTATTGTACGTATAAGTTAGATCTGCCATGCTAGTCCGATCGACTTACTTATGCTTTCAGTGGGCGGAACGTCTAGGTGCTGACACGTGCCTTAGTACTTACGGAACGCGAGTCGCCTGGTATGCCGATTACACATGAAACATGGCGCTATGCTTGGGACTTAGTATTGTCCAGGTCTGTTTCGCTGCGTGGGTTTCCATCCAATTCGTTATTGCTACATGCGTAATGACCGTTCACGGGGGGATGAGGACGGTCTTGACGCACACGTCAGCGGGAGAACCTATGATGAGCCAAATAACAACTACCCTATCCCTCTGAAGCTATACTACCAGAGTCAAAACAATAGCACCTGTCTAATGCTCGTCTGTAAGTCGTACGCTGCACGTGGCCAGTAGCAGAAAACTTGCCTATCCAACATGTAGCCACACGAAATACGTTAGACCAACGGCGTCATTAGACAATATTCCCTAGATGCTGCGGATGAATTCAGTGGGTCTTTATGTTTGGATAGTTAAGCAAAAATCGTGAGTGACCATGTCTGTAGCCGGTGTGTTCGCCACCCCCATAGATCATCACGGGGATCTTCCCGCACTCATTGGGATTGCTTATGAGGTGAGTGTGCCAACCGCCGACAGTGTCGAAAGTGTAGGTCCATGCCCTATGTAGTAATTGCGGGTTGGGGGGCAAGGCCTAATCGACCGCGGCGCGCGTTCCTTAGAGTTTAGCCTACCGGCAACTCTTATAATATTGCTTGCTAGGAGAAGTCCTTAAGGCCCGAGGGTACCGTTTCGATTATACTCCACTGACCGTGTGTAGGATGATACTAGGG,1939,50.34,Caenorhabditis elegans
SEQ_669815,GTCGGGCTAGGACTGTCTGTACCTCCCCGAAAATTACTACTGGATACACACGGCGCAATCAGTCGAGCATGCAAATGCTATTCAATCCCGTCCGCATAGGTTTGCATATCTTCGTGACGCGCTGTGACACCAACTCTGCACTCAAAAACCTGAAGTTTCGTAGCGCCCTACATAGATTGACTGTTGGCTTTTTGAATCTACTCCAGCATGTCACCTACTAATCAACGGGGACCGCCTTGTTTGTTAGGCATGCAGGAACGCACTCGAATGCAGGGGTCCGATGCCTGGCGGAGCGGCCTTTCCTTACACTTGGGCGCGGAAGTTGAATGAGAAAGTGCCGTCACCTTAATCACGATCCAGGTGCGTCTTTTTTTCACAGTTAGCCACTAAGTGGTGGTCTGTTCGGAGCAGGTCGTGTAACATAGCCTGAACATTCACCGTTCACGCCAGTCTTTCAGTGTATCTGGCGTGGAGTTATACAAACCGGTTTTGGTATGGGTATCGCACAACTGAGGCGGAACATCAACAA,529,50.28,Drosophila melanogaster
SEQ_703317,TAGTCGAGTGGCGGGTGGTTCTGCGGCAGAGTGGTAGAATACGAAACCATTGCATACGAGGTAAGAGGCTGCAGTAGCACATAGTAGCAGCGCGCTCTTACATTTTTTTCTTGGCACAATCTAGATGGATATCATTAACAGCTCAAACCATTCGGTCAAAAGGCCTGCATTAAGGCTTCTACTGGGTGAGGCCGCAATTTGTTAGAAGCTCGATTGTATATTCACATAAACATCTACCGTTTTGTCCGACATACTGACATAGAAAACCCTAACAAAGCAGCGTTAATGTCTAAAGGAATGAGTCTGCCTGCACGAACCTATCTTCCCAGGTGCGATGATTCGCCACTGTCTCCAGTGCGTCGTGTCCATCGGGGTAATAGAACCGTAGGCGAGTATGGACCACTCGTAAACCCAGCTTAGCTTGTCGTCTCCACGGGGGCCATCCGTAGAGGTCAGTTATCGCCAAACAGTTACTACTAATTACACGCTTGTCTGACTATGGTATCTCGCAGTGGTCTTTCATCCTATACGCCGATAACGTACAGTCTTGTGCCGTGTTACCACTATGCAAAGCAGATGGGTCCAGAGCACCATCCTTTTCGTTCACTACTTACCCTAGAGGGCCGGGCATCATCCCCTACGGTGGAATATATAGGTAATAGGTGACGCTATAGGATCTGCTGCCCTCATAGTTGATGGCGGTATCACCCGTCCCCAGGAGGCAACACTTTTCGTAACAAAGGGGACGGGTGCAGTGTGCGAAGGGGTACTTAAGCGGATGGGCGCGACCTCACAGGAATTTGGAACACGCTTGTGGTTACGCAATTTAT,830,49.04,Drosophila melanogaster
SEQ_108827,TCCGGTGGATAAAGGCGAGAGCGTGCGGCGCGTCTCGCCGTATTACCAGTGGGGACCATTATGATGCGTAGAAGTTATCGAATCCTCCGTCTATCGGCCTAGTCGAAGCCCCGTAGTATGCAGGTCGGAAATGTGGCGAGATCTGGCTCTCGAATTCAAAGGAGGGAATATTACGACTACGGTGTAGGTGAATCGGCTCATTGTACGATAACGAGTGAATCTGAAAAGCACGTGTGTGTCGATCATCCATACTGAGAAAGTCCCTCACGGTTCCATAGAACACCGGGCGGTAATAGTCGATCAATAGCATGAGTGCAAGTTAGGTGTCCTAAACTTGCAGTATGACACTGTACTAACAGGTAGACTTATTAAAGACCACGGCACCCGAGACGCAGCTCATTACAAGTGTTGCGTCCGTTTTTAGTATCACTCACTGCACGGCATGAATAATACTAGCGCGACTCATTGCCGGGCATACTGCACATGATTCCATGTTAATAGGCATCCGTAACTCGTGACTTACGTCTTACGCGTGGGGAGAGCTCTGCGTACCAGTCCGTACGAGACGTGGATTACTTACGAAGCGATAGCCATCTCCATAAATGCCGTTCGAACCTGGTCGTTATTCCGGTGTCTTCGGTCTCTTCGTCTTGAAGTGCACATATAAACTTAGATCTATCTACTCTGAGGAGATACGGGAATAATCAGTTAGCACTTTCTCGACATAACATACCGTGTGACCACACACGACTCATCTACGACCATCCAGGCGGCGCATTCCGATTGCGCAGCCTTGCGAAGTGGCCGACTAATAGTTTATGTGACGGATTACCAGGCTGGCCAGCACGATAGTCGGGTCCCGCTCAATAGGGAAACTCGTAAAGTCCCGCTCGGTGCCCACTTACTGGCCAACCGACGT,919,50.05,Mus musculus
SEQ_925470,ATTTTCGAACTATTTACACGTGTGATCATAGCACCTCGAGACTACGTGTCGACTAAAGCTCTCCTCAGCCACGCACCGCGTATATCCTATCGTCTCAGCAGCGGGCAACTCTTATCCAGGCTGGACTTGACTTGAAAAGCAAAGACTGTGAAATTGAGGCATGCCAAGTCGAAATGGCTGGGAGGGCTACGGATTTCCGCTGCGGGGAGCAGTCGCAGGGTGACAGGGATTGGCTCACCATTCCAACGGGATGTAGGGGGTCGACTGCTCGGGCGATGTACTCAGGCAGCACCGGGTCTGTAGCGAGGGAGAACAATCAATGCGAGGTAGGATCCTGCCCTGGGAGTTCCCTTTCGGTGCTTTGACTGGTGTACGGAGCGAATGGATCAACGTTTCTCAGAAGAAACACTATGGGAATCTCTGAGAACCAGAACACGTTATTAGATTGACAGTTACAATAAGATAAAACTGTTCCACTCAGGTTCAGGCAACCACTGTTCTGTACCTCCGCACTCCTCGTGAGAACTCTAGCTGATGCCCCACAGATTCAAACTAGTTTTGGGCAAGGGTAAAGCACTCGCGTGGCTTAATGTAACTACAGCGTCACCCGCTAAGGGCATTGTATCATGCAAAGATTACTCCCCGCCACCCATCAGTAGGCCCTTTTCGCAATAGTCCAAGATGCTTGCAAGTAATTACGGTGATAGGTTTGCAAGCCCGATAATACATCGCTAACGGGCGTTCCGCAAACTCTTAATTCATACCGGGTCCTCACAACCGACGAAGGCATGACAACAGTAATCGACGCTATATGGCGCTCGGATTTTGCTCTTTCTTTTGTCAAGTAGGGCCCCTGGCCGTAACTCTAGCCATCACTTATGAACACATCGTTTTCAAATTTGTTTTTAGACTTTTAACCTGCAGCGGTTAGCGTATGTGGATGTCTTGGTAATGTGCATCATCAACCCACTGAGGCGCACCGATCGAAGGAGCGATACACCATACTTTAGCAGGCAGCCAGGCCCTTGCGCGAGGGGAATCGGCCTTAATCGGGAATGCTTACGTTCCATGTGAGTCAATTTACATCACCCCGTCTGACGGCATGACCGTCGCATCAGCCATGCCTCCTTGGGAGCACGCGAGAATCGTTCCTTGGTCAGAGGAGGAGCCTACTTGCGTATCTCCAAGATCAGTGTGTGCATTGGCTGTTGGATGTGTGTCCAGCGAGCATCCCGCGCAAGGGTGGAGCCGGGGACCTACCCAGCATATATTCACAGCAAATTCAGACCGAACCCCGTATGCTGCGCTGAATTTCGTCAGTTTGTCCTCGCGAATACGGATAGGCCCGCACTGGTCTAGGGGTGCGACGTACTCGTTAACGGCA,1384,51.45,Escherichia coli
SEQ_947325,TGCCATTTAAAGCCTCAGAAGTTGCCCTACACTGTCCCCCTAGGTAGATAGTGATGACAGAAATCCTCATAGGTGCCTATACTCTGTGACTCGTCCTCTATGCTTCTTAAATCGGAATACTCATAGTTACACGATGTGACCCTAGTGAGCTTAGCTGTTACTAACTGAATAGCTATAATGTTCGCTCGACAGCAATGCATCAGGAGTCATCGCATACTCGAATGAGACCTATCGCGACTGCTCCCTTCTCGGCATGCACGCGAGTACATGGAGCAGAATTGGGTAACGAGGGAATTGGACGTCTCAACGGTAGGTTTCCCCTGATACTCAAGAGATCCATAACCAATGTTTCCAATCTGGGCGCTTTCGGTTATTCATGGCAATGCCGGTGATTGTGAGCCTATTGAGGAGAAATCCTTACTAAAGATCGATGGTACAGTAGTCCACGAATAAGTTGCGTAGCGGAAGGTTTGCGGGAGGGGTGGCTCCTGTGTATTCTACCGATACCCTTTAAGTATTGTGTGGCGCCATATAGGTATTTCTGAAATTCCTCAGTCTTGCATCGCCAAGGCCCTTAGTTC,581,46.99,Drosophila melanogaster
SEQ_404482,CATGGAGTAGATCTCCCTATCGTCCCATCTTGGTACACGCTAATTGGGTATACGTAGTGCGCATTGGGCGGATGTTTCATTGGTTTTATGCTCTTTAATCGCGCCCGGTGTTTTTGCCATGCAGCGACGTGGTGCACGCAACGTAAGGGTGTGTTAGATGAACTGTGGCTCTCCTTGCGATATGTTATCAAACGCTTCGCAGTGTGTTACTAACCATTGTTTGTATATCTTGACAGATCTTCTCGCGTATAAAGAAACGTATCGGATATGGAATGTCAAACTTCCAGT,288,45.49,Escherichia coli
SEQ_392927,TCTGCTGTGAGTGATAGTTAACGGTGGTCCACAGTGATGCTATAAATTTCCGATCTCACGCAAAAGGCGAGCTCCACGAACAGCACCCACGGCGTTAAGATTTGGAGATGTTCGTGAGTTGGAGTTGAGAAGCCGAGGCATAATCCGCAGCATATCCCCGTTTACATTCTTCTGCTTACGTCTGTTACTTGGTGATGAGGGCTTATAAGAGTTCGGTGGGGATACTTATATCGGGAGTTTAGCCTTGGGGAACCACCAATAACCCGGACGTTCATTAAAGCTCTATCACGGAAGCTTCAGGGGCGCGTGAGGGACCCGAGTGCATGAGAACAAAGACCTACACTTCGCGTCTAACTGGAATGTTGCCTCAATGTATGAACTTTATGACATTTGAACCGAAGGACGCAGGTAGCGGGGTCCTACCTGAAGCAACGGCGCGGGGACCCGATATGAACGGTGGATGGCGGGTCGGTCCTGTCCGCGCGGTAGTAGATATATTAATTCGGCACCGTGATCGGCGAGCCTGCGTTACAGTCGTTATCCTTTGAGGTTTTAGTCAAGCTCGACGGTTTTAGTCTAAGAGGGCACCCCTGAAAGATGCCCCAGATAGGCTGGCCAAGTGTCCCTCTTTGGCACGGAGCCAAAATACGCGCCCACATTACCTCAATGTTTCAATTGCCTATGGTTCAAAATCCCTGATTTCGACTTATCACCCCAGAACGCCGTCTGAAATCACCCTTTATCATGCCGGTCACTCTATGCTGACACATCGCAACACGAAAAATAGAGAAGGCTTCTAACCTAAAGGTCATGGGAAGGGAGTCGGTACGTCCAACTACCGTTGGAATTCTGTAATCTTGTAGAGAGCAACTCTAGCAACGCGGTAACAACTAGAGTGCGAGTGGTACATCTTGGGACGCTGCAGTCGTGACAGCGCTTCAGTTTAGACTGCAAATCTTGCAAGAGCCTGGAACAGCTCTCCTGATTCACAAATGCAGAGAAACAGCTCCAGCCATAGGTACCCGTGGATGCGGAATAATCGAGCAGCAGCGCGGATCAAACTTCGCGTTGAATTATAGCGCTGTGCAGGCGCCGTGCGGATATCGGATTTGTAAGGTGGACTAACGGCAGCAAGTCGAGATCAAACGTTGTGTCCGGAGGCCTTTCAATTATCCTTCGGATTAGCAAGTTCGGGATCATAGGGAAGGCGCTACAGCTGTAACCTAGCAACGGGATGGCTCCGGCAACCCGACGAGAATGGCTTCATAAACAAATTCGGTCATAAGCTCGCCGGTTGCCCTCGAACGTGTCACGTTCAACCTTCTACTGGAATTACTCTCTCGTCCATCGAGTCTATTTGACTTACGGGGTGGTAATGGATGAAGTAAAAGGGACCTAGGTAATATTGTACTTAAAGTAGTTGGGGGGCCTTGCAGTCAAGTCCGCTTGTAACTGACAAG,1460,50.07,Mus musculus
SEQ_403256,GATGTCTACTATTCACTCGTGCTAATGGCTTATGCGCCGCGCGATCCCTATATCCAAGTCATACTGATGTTAAGGTTGTAACGGCCCAGTGAGGTTATGGTCTCGACGTAATTGTATCTCAATGGGCTATGGCCTCCGGCTCACGTCCTACTTAATGCTCCACGACGCAGAATACGATAGGGGCACGATAACTTCTTAACCAGACGGGTCGGACTAATGGACACCGAAGAGACCACCTCTCAGCACATCCGCCTCCCTTTTGCGTTTTCCGAACGCTATCAGGTAGTCTTAACGCCAGTACTTTATTCACAAGGCGGCCCCCTTTACGCTCGTACCTTTGGAGCTATTTTGGCCTATTGGCGTCAGTCGACTTGATTAACGACTGCTCCGGGAGCAGACGAGGTCCCGGTCGGCAAACGACGAGAGACTAGCACGATGCGGTATTTGTCGCAAAATGTGGGCGTGTGAACTCTAGGCCAGTGCATCGCAGAGCCTTTTTAAGCCGGATGATCATGCAGTACCCCTCGGCTGGCGTTACCTGTACATCTTCCCTTACCGGAACCCCACAGGTGTGTAAAAGACCAGAATCCCGTACGCACTGCGTGTCGAACAGCAATGGAAACATCGTTGGCTATC,636,52.04,Escherichia coli
SEQ_825872,GGCCACGAGCGGTGAGAAAGATCCTCCCGACAGATTTGATAGCGCGATGCAGGCTCCCTCGTCAATTTGGCCGATCATAGATCCTCAATACGTGAACTCATGGGGGTACTTCTCTCCCATAGAATTCTGCATTGTAACTCCAGCTGTGGTGCACGGGGTTCTCGCCTCTAATAAGGCCGACGTCCAGGGCCGCCACCTGACCACTGCCCGGCTCAGGACCCGTTGTCGTCTTAATCCCCTAGTGACTAGGACGACCGTCAACCGAATCTACCCGTAAAACTTCAGTTAGAAGACCCCCAGCGTGGGGTGCTCGAAAAACGCGTCATTCTCTTATACATGCGGTAGGAACCATTTATTAATACGCGGATGCTCGCTTAGGCGTGCTCTATAGACGACGCGCAACTCACCTAGGTTCGTTTACGGAGGCCCTTGAGTTCTACCCAGCTGGGGTGAAATAAACGGAAGATGACTTACGACCCCCGACCCACGGCGGAGTCCACGATGCCAGACGAACTGAATGGAGTACAGTGGGTGATTATTGACCCCACGTGCATGGAGCCTCGAGATCATGTTTGGCGTGTAGTTTAGAAGCCACTAACAGGTGCCCGTGATTTACCAATGAGCAGATCGATATTCGCGAGCACACGATGTTGTTGCCCGCCTTTGTATCAACGGCGGTCTCTGAGCGCAGCAGACGTGCGCTGCAAGTTAGGCCGCAACCATTATCAGACAACCCTCCACCTCATTTCATCACAACGATCGGACTAAAAAACTGGCTAAAGCCTTAAGCTGGGTACATTAACGAGACAAATGGTTGGAGATCCGGGTGCAGGTGCGCACGAGAGTCTAATACTATCAAGCCGGCCCGAATACTAGCCCGGAGGATGCTATGGCATTATCTATGAGTCGCGAAATGGTTTCTGCCTCGCACAAGTTTAACCCAAAAAGCTCTAATCTTGACGACTTGCCGGCTCAAGGATTGTAGGGGATTTATCGAGTGCTCAGGACAGACTCAGCCTCCCTCCCATTTCTTCGGCTCCCCTATTGACGTCATCAAAAGTGTTGTACGCGGGCATTATTGGTCGTATAAAACGAGGATTAGTGGCACATTCTTGCGCGGCGCATCCCCTTGGCGGGCCGGGGCTACGCGTACGGTTATGCATTGCGCCACTAAGGATGGGGACGAGTTGAAAATCACTCCGTAAGGAAGAGTTCGAGAAGGGAGTAAAGCTGAATCCGTTATGCTCGGGTAGACTAAGCAAAGAGCCGCCAAATGATACGACACCATGTTTTCAGATGCCGACATAACTGAGGCGAGCGTCGGAACCATTCAATGTAGCCAACTGTTTTTCTTAGCTGTCTGGATGAGGCAGCAGCGAACATTCGGTACAGAGCTACACTGAAATTTTCGGCATTTATCCCATGGGCCGGAACTGTCGGAGATTCTGACTCCAGAACAGACCCCTGCTCCCCTACTTCTAGTAGATTATGATTATACGGGGTGGCTATGAACACGTCTCATGAACTTGTGCGCGAAGTGAGAGCTATTATTGGGTTAAGTTAGGGACGATCGGTCTATCCACAAGGCCGCGTCCAACCAAACAGGGACCCAAATCAACAACCGATGGCGGGAGGATGGTTTTCCCAAGTGATCTGTTATGTGAGGGGGCGACACTTGTTAGCCACTAACATGTTACAAGGAACAATGAAAGATTGTTATCACCACTCACTCGTTCCAGACACGTAGCTATATCGAGTTGGCTCGGGCGTCGAAGCAATAATTCTTTGCCTGACAACGATTCGAACTGCCTCCTGAGCGCTACCTCCCTAT,1831,51.23,Mus musculus
SEQ_880619,TAGCATATCGCTACGATTCCAGTATACTTACCGCCTCCATAGTTCCATCTCCTTTATTACT,61,40.98,Homo sapiens
SEQ_818329,TGGATCCCTCCTGACGCGGTGTGCACATACGACCTGCAATGTCCCAGGGAGTTAGTCTGATGACCACCATAAGAATATCTAGCTAACTTTTGGCGCACCCGTATCAGTGAGACTTTCAGCCGACCCTAGAGGGTTTGGGATGAACAAAGAACTCACCGTATAGGGAAGCGTTCAGCAAGGCTGTCGTACCTGGATTCTGGGCCGTCAACGTCCATTAGTGGTATGATTTAGCTTCACGAGCGGAACCCTGCCCACATTAAAACTGTCTACTGACTGAGTGCCGAAATTGCCAGCACTACCAATTCTTGTCATGACAACATAGATTTGGGCGACTTGGAACCCCTATTTAAAGAAGGAGCAACATTTACCTGTTACGTTCAGTGTTCATGGGCGTCCGCAAATGCTGGAGAACCCGTCAGGACTACCCCAGAGTGTCGGTAGCTAAGATGCATGCCAGCGTGTGACCGGGGACATGGCTCCCGTTTACTACATGCTAGACTCCCACACGGCGTGTGGAGAGTAGATCCGTGAACTCGTCCAGAGAGTCCTGACGCGGGGGGTCTAGCGCCCTGAAATCTCATGTCTGACAATGAATTTGGGCCAATGTCAGCGCTGAGGGTCGATCTACTTCTCTGGCATCTAACATTGAAATGCCTAGAGGCAAAAGATGTACCCCTGGCAACGGGCTATCATGTATTGCACTAGCGACAATTGAACGAACCGATCACCCTCGTTATGGGTACGAATGAAACGGATCCTGGCATGAACGCTGCCAACCAGTCTGAAGGCGTCTTTGACCCGCCCATAGGTCGATAGATGGCGATGAACGGCTTCTTTAAGACTCCAATAGTTGTAGGGACCGGACGAGCCATTTCAAAGGCGTGCCCTTCTTTAAATGTAAGAGCGGACACCATCCTTTTTGGAGCGCTATAACAAGTTGGACGATTGGGTCGTGGTCCCAGTAGGCGAAGATTCGTCTCAGCCGCAGTAACGTTCCGTCCGAACGGGGAAAGCTAAATAACACCTGTACTTGCAAGCTTGAACCGTAGAATTTGTGTTCGCCTCCTCTCTCTTACCCCTACAAGAGACGATTTAGTACCGTGGTTTGTTGCAGGTGAGCCCTGTGGAAGGCGTCCGTATGTTTGGTCATGTCAATGACCTCAGTTTGGATAAGTCACCGCACGGTTGTCGCCCCGACAGGTATCGGCCAGTCGTAGATGATTGCTTGACGTTAGAGGCTGTCGATTCGGCGTAATTGAGTCTGCGCACATTTTTCGTGGAAGTGTAACTTCCGCGAAAACTCTACCCCCTCATGTAACAGTTAGAAGTCCCCCTTCCGTCCATCTTGGGAGATGCCCTATTCGCTACCACTATGGTCGCCGCCATGCCGCAATTACGCTGAGCGCTACGAGTATATCCTGACCGATACAACTTATGCTAGGCTAATAAACAAACAGTTGAATTCCTCATCGACCACCCAAATGGAGATGATGTGAACAGCTCCTAGACGAGTACGG,1517,50.69,Arabidopsis thaliana
SEQ_793924,ATTGCATCCACCGCACCCCCAGCTTTGCGGGCACTCTGCCTTTAGATGGGTTTGTGGCTCGGATGGACCGCACTCTCATGTGAGCAATCCGACTCTTTTTCCAGCATTGAGCGAGACGTCCACCGCGCTTGAGCAACGCACTATAGAAACATTCCTACGGGCTTGGCATCATGACAACGAACAAGCATATAGACACAACGACACACTACTAGCATCGATGCAGTAACCATTACGCCATCGACGACGACTGCGAAAGTATCGGGCCTAAATTCGCGTAAATATCTCTTAGTACTAGTTGAGTCCGTGGTAGGAAATAAACAGTTCACATCCGGAATGTTCCATTCCTAAAATTCTTAGATGGTGGGCATTCTTTAGGATTTGTTAGTCTTGCCCTGCATTATCCACGAACAACGGAGACTCCAGCGGGGTGAGGAGTTCCCCCCTTACAAATATTAGGGTAAGAACATGACGCCTTGAATGGGCAAGGTCACCCTCCTGCCTTAAAGATATCGACTAGTATAGAAATGATAACACATGGGTGATGTTTGCTAGCTTTCACATCAGCATCGCTTACCCACTATCCCGGCCGAAGGACCTGAAATCGCACGCATGGTTTATATTGGTCACGCTACAGGCTTGGCAAACATGCTGGCCCCACAGTATGTAAAAGAAGGTCTGTTTATAGGCACAACTGATCGCCCCAATTTTGTTAGTGCTGGAAAGAGGTGAACTAACGAATATTTTGGCATAATTTTAGGCTCGTGGACGTTAAATGATAAACATTGAATTTTGCCCTAGACCGGCTTGCCAATCATGAATGTCGCTACATCTATTGTCAAAAGCCTTAGCGGTTCTGCAGCAATCCTCCACGCACTGAAGTAAAAATATTTGTCGAGCAGAATGGTATCTTAGTCCGATCGACCAGTTGTCTGCTCAGGAGACACCCAGCTAGCTATAACATGGTTCTGGGAAATGCATATCCCCTTT,987,46.5,Saccharomyces cerevisiae
SEQ_314965,TTCGGGGAGGATGAGACCTGGCTGCCTCCTTTTACTCGTCACGCTGGGCGAAGAATCACACCTAGAATTTCCGATAGAAGCAGCTCAAGGAGGCAGGTCCTAGCGAGGATGTTTCGCATTATCCGGGGCCAAGGCCGAGCTCGAGGAATCGCCCGCTTAGCGACGGTTCCACCCCTTCCGCATGTTCGCCTTAGCCTGGCTGCTCCCGAGTTCCTAGCCCAGCTATTTCAAGCGCGGGTTGGCAATGTTATGGTTTTGTGCGCTGTCACAGTGCTTGATCGGCCTATATCTTGACTTAGTTTTTGGGAGTCTATGTGATGTGGTGAACTATTCGGACCAGCGAGTTAATCATAGTACGTGAGGGTCGGAATTAGGAAACGTCTGTACACATCATGCAGTTGTACCCTTCTCTCGAATTCGGAGCCGATGGTGACATTCTGTCACGACAAACCCTTCTGTTTATAGGTGGTACTTGCAGCGCCGAAAAGTGGATCCATATGTTTTAAGAGACATAGGTTCGGAGGCAGGCTGATCACAACGTACATAAGAGACGCGCCTCATATGTCAGGCATACTCTGATCGCACTTAGGAGTTGCGCAATTTAATTTATAGCTGTCTTTGGACGGGGTCATCAGTCGACCCGGGAGTGGGTATGGCATTTTCTCTTTATATTACTCCACACCACCGATACCCATTATTGCCGCATTGGATCGGCGAAGCATTACCAATTGCTGGTCTGAAAACTCAGCCATACGGGAAAGGGCAACGACATTAGAGCCACTATGTTTCGCCGAATCCGCCACCTAGATTTGTATGTTCTACCGCTAGACGTTTGTTACGGTCACGCAAGCGTCAACAGGACCCCCCGTTAAATCCCGGACTATCACATACGTCACATGAGCGGACCCCGTCGCGAGTTACCAAAAGTAATAGATCTGTCTAATGTGGTCCTCATTTCACTACTTTGCACTTCGCGCACCTTTGTCTCGATGCGCGATCGAAGAGACTCTAAAACGTGATACTCATGAAGACGCATCGTGCGCAGGACGAGCTGTCGATCTTGATACATCGCAGCAGCTTACTAATGGGGAACTCTATGCGAGGTTAATGAGACGGAGGGTATTGTCCGGAAATGCACCTGTGGGTCAGGAAAACACTGAGTGATGTATGGACGATGTAATTACTCTCTGTAAATACCTTTCGTCTGATCAGATAGAGACCAGTACTAATTTCTG,1235,49.39,Drosophila melanogaster
SEQ_187530,CTCTAGTCAGTCAGACGTGATCGTCCCATGTTAAGACCCCTTTTTAGGTAACCGTATGGCAGCAAAGCGAAACACTCTTCTCAATCATAAGCACCTCATAAGTCTCCAATAGTCTGACTATAGATCTCTATCCTATCTTCGTCGTTGCAGTCATTTCTCTCCGACACTGCGCACCGGCGGCGATATTACGCGACAATGAGCCTCTCGGAGGATACTCCCGGCATTCGGATCTAGTACAACAATTCCTACTTGGCCGGAGCCGTGAGATCAATGAGAAATTACCAACGTCGAGGTGCGCAAGGTCGTCACAATGGTTCGACAGTTTCCAGTTATATCACGCTTGCTAAGAACTTGGGCAGAAACCGTCGTCAAATCATGTGCTCAACCCTCCTTACGGAACAAGACAGTACTGAGTGCTGGTCGTTGCTCACATCCTTCGAAGTGCTACCTAATATGTCGCTTATGCTCGGCACGAGGGTGTGGTGTCGGATTTTTCTGCACGCCTTTCATTAAGGGAACGATTGAGTCCCTTTAAAACGGTATATTGGGGGATGCGGCCTAGACCGACTGTATACCGCTGATGCTTTAACTCGCTTGTGCATGTCGAGGCATCTCCCCACGCCACTTAGGGCGATATGAGGGTAAAAAGCACTGCTACGTATGGTGTCCATAGAGCACAAAACGGTCAACATGCATCCCGACCATAAGCTCCATCTTAAGCGACTAGCAGATATCGTGGCCACATCCTGAATCAACCGGTGGAGAGGCTCGCCGAATCTGTGAGGAGACGTGTACTTCCGTGCCCTGTTATCGTAGGTGCCGCTAGAGAGGCGACTCACCTTCAGAGTTCTGCGGCTGCAAAGAGATCCCATCCTCGTACATCAGTTAGATTGCCACATACGCCCTATTCAACCGTAGCCCCCTGCTACATAGAAAGCCTGGAATGTACGGACTATGAGCAATGGAGACATCAGTATGGTACCTAATGTAACGCCATGAACTCCCGGTACATTCTAGTGGGAGTGGTTTGCAATTGCACGTCGACGGCACGCGATGCGCTGACTTAGCACCCTTGAAGTGAAGGAAAAGTTTTATGACCACGCATCTGAGGCCCGGTGATCGGGCAGCCAGAATCGTCTGCTGTACCCTGGAGGTTGCTTACCCTGATTATTATTCGGTTGTCCGTACACCTTCGGCATACGAGTATCATGTTATGTCCCAACAGCGGGGCCATGTCTTGGTCGGTTTTTTATCCGATATGACTCAACCGGCGCCGCACAGTAGAGCAGAGCTACTTAAAGTTCAGGCACTTTTTATCGC,1320,50.23,Caenorhabditis elegans
SEQ_118159,GCGGGCCAAGCGTAGATCTACCTGCGCCATTTCTGCAAACGCCAGGAATTAACATAATAACGCTTTGCTTGGCAACATCAGATAGATCACGCACTGAAGGCTAGTTCGAAGCTGCAGATTAATGTAGCCTCTAATCTCCCCATGTACAATGACCTGGACCCTCGTTCTACACCACTGGACTCGAAAAAGCATCAACACGCAGGTTCACGTTTGAGGTACTGTACAGCGTGGTCTGAGCACTGTCATAAGAGCCAGAAGGAAACATTGGAAATACGACAGAAAGTAGCAGGGCCTTAATTAGACGTGGGTGAACTGCGGCACAGTCGATGCCGCGCCTCAAATTAATATCCACTACAGGTGGACTGTCGAAGCCTATTCTCCCTCGGGCATCATAAGCTTGAGTGAAACTACAGGAGGCGTCCGTAAATAGTCTGTTTGCTACCTGCCTTTGTAGATATTCTCTGGACGCTCCAGTTGGGGAGCCCCGGTGTACGGGCGACCGAGCCGGTCACTAAAGCGAGATTAATGCACCGACCCGTATACCTAATCTTCCAGGGTAGGCGTCGCATAAAAAAGTGTAGGGGGAGAGGATCTCATGTGTATGGCGGGCGGGGGTAGCCGACCTAATAAACTGCAGTGATCGGAGTTGTGGCCGGAACCGACAGTGTATCCATTTCTCCCTTCGGAAATACAGGATAGGTGCTCCCGTGTAGGTGCGGTCCCAGCAGAGTATTTGTGAAGGCGGCATTCGCTCCTTCCTTCATCGCCCTTGGCTCCAGGACCGTCTGCCCGTCAATCAAACCCTACCAATAACCCCGGATTGGTTGGACTCAAATGGGATCGTAGACGATTGACATAATAGCACTAAATCACGTGGTCCTCTACGTGTGCACAGTAGCCTGGCCCAATCGTCTTGAGTGAGCATATTAGCTACTTGTCCGATCCCACTATGCCTCGATTCGTTAGACTAACTTTTACATGCGCACGCGCTATTACGGAGTGCATTTTCTGTTGGGTAGGCATGAGGGAGGTCAAGGCTGAGGCCCTATATATTACGGCAAGGCGTCCGCCACTTCGTTTTGACGCTAGTTGGCGAGTCTTACTCCTCCGAAAATCTGCTGCAACCGATTGGGGAGCGCTTTTGATCACTTGATGATTAGACCTGCACACAAGGTCGGCGGGCTAGTATCGAAGGGGCGACCGAGGCACGAGTTACCAGAGGCGTTTACGACTGGCCCAGAATCAGGCCAACTGGTATCTTGTTTCTCGACATAAATCGGATTTTATGGAAAGACGTCTCCCGCTGTTTGCTTTATCGAGGAAAATGGGTGTGAACTTCGCTAGATGCAGGCGCATCCACACACCTAATCTCAACTACCTTGTTGCTTGGGTTTTCATCACGTTGCACGACACCTACGCGAGCCAGCCTCGAAGAGCGTGATGCTGCAGTCACTATACGCTTAGTTCAAAGCCGTCA,1477,51.12,Escherichia coli
SEQ_650662,AAGTTTAGGTGTTCAGGGATAACTTCGTACACGGGGTACCTGCTTCACTGGCAGCCCTGCATATTGTGGTTCGGAGCTATATAGTTTTTTACAAATCACACCGTAGCTAAATCAAAGTCAATCCGTGTAAATTTGGAAGTGTAAAGAGTGGATTTACGCGCTAAAAAGCTAATAAGTATCTATGGACGAGAGGCCCTCGTAGGACCCAGAATCCGAGTTAATGCCGAAATTAAATTCCTACCACGCCGTGGGGGACCTTCCTCACGTAGGTGCCGCTCTGTTCCTTTCGCTGATGAGCCTACCCGAGATCTTAGATCATCCGCCTGGCAAATGAGT,336,46.73,Caenorhabditis elegans
SEQ_978345,CATTAGTAGTTCCCCGATATCAGACTTTGAGGGTGAGGCACACGAGAAGTAGCAGGCGACCGAAAACTCGCCGGGAGACATACCTATTGTCGGAGAAGTACGACGGACGATAAGAGATCAGGCCGGAAATTTTAGGCCCGACGCAACAGCTCTGACCAATACCTAGTGTACGAAGTGATGCAAATGGTTGACGTTCGACTCCGCCATTGCTGGAATGATTACCATTCTACAGCTTACGCGTGCATAGTCCCGTAAAGCCTGGTGAGTGACATCGTCAGTAGTTGATTGACTTGTGCGATTATAAATAAGGGAGGAGCGTCACCGGGACAGAGGCCAACCGCTGCGGTTTATACCCTAAAGCCACTCTCGAGAAGCACCCGATGGGCCCGCCTATGAATAGTGATCGGCTGTATTAACTGCTGAGGAATCTATTAAAATATGCGACCGCTAGATGGAGGCTGAACACGAGGGATAGGGGCTAAGTGAAGAAGTGCTTTGGTCCCATACCAAAATCAGGTTAACGAATGAAGAGGAGGGCCCAGGGAAAGGCACCTGGACCCGCTACGCGTTTTTAGCAACTAAGTGATACACATCAACTTCGCGATCCACAGTCACGGAAAAACTATATGCTTTACACTTTACTTTAGTAAAATGCGTGCAGTGATCCGGTGGGGTATCAACGACGTGCGAAAACGTGTACTAACTGCTCGTAGAATCTCCATGCTAAGCATTACATAGCCTGCGTTTCCGGCGATCGGGTTTCCGGTGACGGATGGAGAGGTGTTTCGTCAATAAGGTAATTCGTCAAAACACTAATCAGTCCTGGTTTGTAGCGTCTTAGCGGTGAAAAAATTACGGCATTAGAATAGGCTCTGGTATTGCGAAATGGCGGATAGGAGTGGTCTATTCGGTCGGATGCGCTTATGCGTCACTCCATCCATCCACGGACTTTCTTTCTAAGCAAAGCACGCAAGGGTTAGGTCACGGCCTCGCCTGACGGGTATTCTCCGTCACCCGGTGATGACCCTAAGCGTCTCGGTATTTTTGACTGGTGTGAGGATCACACTAGGGTTGTGACGCCCGTGTATGAGGGACGTGGGGCCGGAGAAGTTTTGCTTATTTGTATTGCTCTCACAGTTTAACCCTTTACCTTGGAAGTTGAAAGAGAATTAGGAAATGCTGCATGCGGGGCAGATAATCTGGTTTAAGACGTCTGGTGGCCTCTAGCAGCTTGCAATCCCGCAATGTCAGTTAGTCAAAAGTTAACGAGACACCGTCGTAATCGATCAGTTGTTGCATGCC,1302,49.08,Mus musculus
SEQ_863102,CCGTCAGATTCTGCTGGCGGAAACCCGGGAGGCGTATCGCCCGCTCTAAATTCATCCTAGCATTCCCAAGACTTACATTTTTTGGTTTTAAGATCTCAGATTGTTAACAGGTATCTTCCCTTGCTGTGCTACTTGAACGGACGTCGCAATTTTCTCTGATTGGCGGCGGGAAGCCCGACCTACCCTATCGCCGTAATATGCAGGTTAACATGGTATACTCTCATAGTGCGCGATTTGTCCAGCGATGTGATTTCTGGAACATCGCGACTCCCCGATCCTGT,281,49.47,Saccharomyces cerevisiae
SEQ_702004,CTCGTAACTTCACATACACCTGTGGTGTAACAAAACATCGGAGGTCACAGAAAGTCCAGCCTGCCCAAGTTGAGAAGAAGATTTAACGCTAGCGTACAGACAGTACACTATTGGTGTTAGGCGTTTCGAAGGGGCAGTCGTCTCATCCTTTCGTTTATGTAGACCTCT,168,46.43,Homo sapiens
SEQ_422899,TCGCTGCGGAAGGATACCATACTGCGTCTGGGGCATAGGTAGCATCCCCCACCGTGAAGACGGCCTGCCCTCAAATACCCCTTTTGGGGATCAATCAATCAATAGTGTCCCCGGATAGTGAATACCAGAGTTCTCACCGTCTTTCACTAGCGATCCTCGGCTTCGGGCCCCTTCAAACTGACGTACGGACAACGGAACCGGACCTGTACGTGTTACCCAGTCAAGATTCGACTAGGATGACTGTGCGTGAGACCTAATTTTAAGTGCACAAGTCACTAACACTAAGAAATCGATTTACCCCAGAAATTGTTAAGATCCATAGGTGCCGCTTTTGTTATGTTCGCGCCTGCATCGTTTAACCGGAGATGCTTCATTAATACACATCATATTTCGAGGGGCGAAGTCCCGGCACCATGGTAAAAAGTCGTGATCCCGTTATCTGGGATAAGAAACAACCTACGGTAATACGCGCGAGGGGACGAACACTCGTGAGATAGCGGAATGTTGGTGCGTGCCTTTTGGCCTAATTCTCCCGTTGCCCGGACCAAGGGATATGTCAGAAGAGACAGAAATCCACCGGATGCTATGCTCCTAAAACCTGGGCCAATATCAAAAGCACATTATCAACTTTAGGCTCCCTCAATCCAACACCTTCGCTCCAAAGATTTAAGAAACTTCAAATGTTTAAGTCAGGGGAATAATGGGTTGCTCCGGTCTCAACGGCACTACCTCGGGCGGGCAAACTCCAGCCTTAGCAGTCGATTGGTACCCTTCGGCGGGCAAACGGTGTAAGAGATCCTGCGTAAACATGCACGGTTGAAAGCGCACGACGACAATCACTGCTCTTGAGAGAAGACTTCCTAGTCGACCCAATAGGTTAAGGGTAGCTAGTGGCTCGTTCGCACATCTTTCCGCCATCCAGTATCAGATGTTATCAGAAAAGCCCAC,948,49.58,Saccharomyces cerevisiae
SEQ_166017,ATCTCTTTGTCGCACGAGTAATTAGTTTGCGAACGCAAAAATCTGCCTACCAAAAGCCTACTCCCCCGAAGTAGGGGGGTTGGAGTTTATGCGTATAGTCATAGTGTATAGATGGGAGATGTTATGATCAGGTCGGCTCGCCCCCCATGATGCTCCGGCAAAAGGACCTTCTGGTTATGCAGAAGCAACGAGTATTGCTGCCGGCCGGTAACGGGTAAGCACGGTGCTACATAATGTCCCTGGGGGTGTAACCGACGCGTTATCCCGTTCACCAACCCTCGCCACCGCACCTCGTATTAACGTAAGATCTCCGTGCTGGGGATCCTATTGAATGGCTGCTTCCCCTAGTTACTCCCAATGTCTATTGCAGATGGTCTCTGGCGCGCTAAGGATAGAGGAGGTTTGCTTGTAAATGACCTTGGAGGCCCTTCGTCAGTAGCTCGAGGAGGAGTTTCCGGGCGCATAGTGTGTATGTACTGAGAGCTACAGTAAAATGGCGAAGCGGAGGGACACACGGACAAGCAATCAAAAGGACCATCGGGTCCGAAGCCTCGCTTTAGTGGCCTGTCGCTTGATTCGGCGCTGCATGCCGGGCTCGAGTACCTCGACTTGAACGATGGATCGAAACCAGTCTATCGCCTAATCGCAAGTCATCACGACTCCCGGAGGGTATAGATTAAGGGCCCCAGGATATCCTCAAGGAACTAACCAGCTAAGCAAGGGGAAACATTTATTGTTTGTCGTGCGGCTGCGTAGTATCATTTCCCCCTTGAACGCTCTACAGCACCTAAACTGGTAAGAAAGTCTTA,809,51.67,Caenorhabditis elegans
SEQ_414106,GGAAGTAGTAGTACATTGACTTCTCATGCTGGGGTTCATTTGCTATAGCGCCGTTATTCCTTACTTTACAACTCCATAGTCGGTAGCCTGGTGTGGCCCAGTTGTATGTCCAGCCCCCCGGGAGTTTTACTACAGGCGCTAGGCCCTGACTTTATGGTCTCTCGAACTCCCTATCGGCTGGGGCCACGGAACCGTCTTCGAAGTGACTGTCCCCGAGCGAAACCGCAGATCCGAAGGTCTGGTTAAACGTACTTCGTCAAGACCGAATGGGTGAATTAACCAGCACTGACATTAGCCCCTCTCAGACGACGAACTGCAACCGGGGATTAGTGATTATTCTGCAGGGATAATCCGCACCTCCGCGTCGTGATCGCGCAGTTCCTTGTGTAACATAATAGTCTCTCATCGTTCAGATACTCAACTTATGTAAGTCACAGGCTTTGTTTATCCCTTGGACTGTTAGCATACCCTGTTTTGCAAAACGTACGAATTTAACGGCAGCCGCAAAATCGATACACACTGAATCCGCACTGAGCATTCACGGAGTCACCATGTGTATGTCAGCTATATACGGAAGCCACGTGACATCATCACTGAATTTGCTTCCACCATTTGTCCAATCTGCACTGTTGAAATTAACAGTTAGAGATTATCTTAAGTTACCGAGTTGACGCAACTTCCCGGGCCGTCGGGCAAGTGAAACCAATAGCGTCTGTGATAAGCGGCTTGCCCATAGCACCTTCCAAATAGCGCCGTAAGTGAACAGATCGGCTTGGTGCTAGGACAAAAAGGACAGAGTCGACCAATCTAGGCCCGTATAGCCGTGTAGTACCGTGAAGGACCAATCGACTAGTACTGGGTTAGAGCTTACGTGTTGTAGCAATCACAGTTCAGTTTCCTCAAAGCGCAAGGGACTAGAAACGCTGCTACGCGAACCTCTTCATATCGCATATCCGACTGGTAAACTGGCATACTCCACTTTTGTCATGTCGCGGCAGGTTGGTGTAAAGTGTGTGATACCGTCATACCTCGTGCCACGCGCGCGGTACTAGAACTATACATTTGAAAAAACAATTGATCCACGCATGACTGATTGGCGGCCTTTTAGCCTATCGACACATGTAGAAGGGGCCGCGTTCTATCTTCCGAAGGGTCGCTAATTTTTAACCGTGGAATTGACCTGATAGATTCTTTGGAGGAGACTGTGTTTTCACGACTCCGGTTCCTCTGTTGCACCGATGAAAGTGCGACGCAGGAGGCCAGCGAAGTTGCATTGGTGTTACAGGGGGGAACTTAAACCGCGATGAGTCGTTAGAGGTACCAATCTGGTCCTTCTTTAGGTCCACTCCCCGGTGTACTCTGTGGAGTTGCGACTCAGAGTCCGTTCGTCTTCAAAC,1397,49.25,Saccharomyces cerevisiae
SEQ_944327,CGGGTGCTTGTATCGGACGGAGTTGGCCCCCGACTTCTCATCGGTAAGTTTGACTGCGGCGATGAGTCACGGACTTCATGTGTGACTTCGGATCGCGGCTAACCTTTGTTAAAAATTTATCACGTTATAAAAGGGAGCGTCATATATAGTCTGCGGGGGGGGGTTGGTAGAATAATTACTGCCTAGGGGATCCTTCTAGTCACGTAAAGTCGAATTAGGGGCCTTTGCGCTTCGTAGACCAACGGATGGCGCGACCACGGACCAAAATCTTCTATGCGTAGGCGCGTACGTGTTACTTCGTTTCCGGGGACGATAGCAATAAAACGGGGATTGCTTTCGACCAGCGGCAAGGACCGGGGGGCATAAGCGGGCTTAATAGGCATTCAAAAACGGGTCCAAAGTTCTGTTGACCGGTTCAAAATCCATCAGGGGGCTTCTTAGCCCCTCTAAGAAGACCTTTTCTGAATTAGTACCACCAATCTGCCTATTACCACACTTCAGTCAGTTAGATACTGACGCCCGTTGAATGTGTGCTCGGACGTAGATTTACGGGTTTACGCATGTTCCTTAGCGACTGAGACTCATATCACAAGTCCCTGCCATTAAGTTACCCACCAGGGGAACTCGGTCAAACACGACCTCTGCCTATGTTCCATAAGACTTGTTGCATCAGTGCTAGCTCGTTTTTTAAGATATGCGTATCATAACCCCGTCGGACAACGCCGTTTAGGATTCTGCCGAAGACAGCACCTAAAGCCTAACTAGACCTGTATACGCATTAC,782,49.23,Drosophila melanogaster
SEQ_418082,CTTAGCTCACGCCTTTGGCCAGCAAATAGGATTAGGGAGTATGTAAATGGCAAATTTCTTTAGCAACCTACGAGACTCGCAACGTCCGCCAAGCCTGACAACAAAGCTACTACGAATTGCTTATCTTGTGATCCTCATTAAGACTCGAAGGTACAGGTCGAAGTATGACGTGAGCCTGGCTTCGGAAAGAGAACTGTACCTATAAGAGCTATTACTATAGTGACTCCGAAGGGTGGCCGTATTCTGTCAGGTGTTTAACTTATCGGCCATGCAAGGTCCTCAGCCAGCATTTAGACAGGAAACTGACGCCCGCCACACATGTTCATCGATACTCTCGTCAGACTACGATCTTTGATATTGCTGAGTTTGGGAACCGTGTCCGGGAATATTGGTCTGACAGCGTCCCCGTCGAGGGTAATTGAGATTAGACAAATCTGATTGGAGGGTTTTGCACCGATGGATGAACCCCTGTGAATTCGATCGACTGTTCTGGGGTTAGGTAAGGGGTCTGGGCTTTGCCCATACCCTGAACAGTATCGAGTCACC,546,48.17,Caenorhabditis elegans
SEQ_973898,GCGTGATATGCCGTCTTGGTTTCGTGTCCCATGGACTCACGTGCGGATAGCATGAATTGAGGCAGCCTTTTTCGACATATCCGAATCAAATAAATAACCGCCGAACAACCAGCCGTGCACAAGAACATTGCCCATCTCCAACCTGCCCTCCTATAACTGCAATCCTATCTGTTAGAAGTCTAGTAAACCATTGATATCCGAACCACAACTCGCCACGCGGGTAAGTGGACTGCATCCCGGAACTTTTCGCCGAGATCGAAACGTAGGAGGCAGTTTACCAACAGCAGCGCCTGCGCACCTATCCGGATGGATTTGCCGAACTCGTTCGCTGAAGGCAATTAAGGAACAGTATGACACGACCTGCATATTTTTCGTAGCAGTCGGGGTTCTATATAGGGATCCAGGCGGGCGTCCCACACGTCCCCCAGATGGGACGAGCGCCCGCGTTAGTTGCTGGCCAACGTTTGGACCGGCTTACCCATGGTTGCGAAATCATGCCTAAGCACGTAAAGGCCGGCATTCTGGAGAATCAAATCACACGAGCGAGGCCTCTAGATGTCCGGCTGTCATTGGGGGGCGCCTGGTGTATTGCATCTTAACGCCACTTACCGTGCGTACTAGGTCGGGGAGAGCGCGGGACTTCGGCGGTGGGTTGGAAGTAGCTGAGCTTTCGGTACAATGCCGAGAGTCGTCAAGAAACTCATGTAAGGTCCAGAAACATATCCTAGATAATGCGCCCATTGGTCCTTGCTAACTGGAAGAGAGAAATGCGCACTCCCTGTAGCAGACTAAGCTCATCATAACGGAATACTGCTAGGGGTTGTTGCCATGCTATGATAAGAACTTTAAAGGGGCCCAAACCCGTGACGGAATTCGCCGAAGATGGAGGGTCTGCCAGGGCGTTACTTCCGATCCATGGTCGATGATTTGAGTGATAGGCCTGAACCAGAGGTACGGGGCTCCTCAACTTACTTCTAGGAATGTGACGGCTCGGGAGCCTTAGAGGTTGTCAACTACCCAAGGCAGTGCTCAGGAACCGTGTTGAGCGTAAATGTTTGTTTTGTCCTTCACATGCCTCGGGTCCAACGCTAAGGCAAACATGGAATATCGTCCGAGCACCTATTCCTAGTCCGCGGTACCAGTAATGCTGCAAATCTATTCGGGCCTATCCTTACGAAAGGAATAGAACGTTCTGACATCGCGATGGATTCAGGCCGTTTAGTATGTGGGAGTGATCAAAGCGCACGCAGATTCGATCCGGCTTTAGCACGCGGTTCTTAGAGGCATCTTCCTTCCCATCTCGTCCCTTCTAGTGTCGTACACATACGACGAACGGGTACACCGCGCGCCCGTCTCAACATACATTGCTCTGTAGAGTGGCAGCCTGCTAGAGGCGATGCCATTTTCCGCATCGTATGGTGGCTGGCCAGATCTAATACTACTTAGAATCCAGCCGATGGTGACGTACACACACGACACGTCCCTTCAATGACAAGGTCACGATCAAACTGTTGTATGTGAGGGGGAGCAGTACCCCAAGAACAAAAGCGAAGTGTAACTTGAATGACCCTT,1572,51.78,Homo sapiens
SEQ_471238,AGTATAGATCTATGGAAGGGGACCGAGGATTCGGTTAGTGGGGCTTCCTCCCGCAGTCAGTGGGAATATGACCGCTAATAAATTACACACCACCGCCGAACCGATGATAGAAGAGCAATTGCGGCTCGACGGTTGGGCCTGGCTCTCTGACCATAATCTGAGCAGGGGCAAGAATAACATTATCTAGCAATCGCTGGGTGGCTCTAGTGCTCCACCCCATATGTTAAATACAGCCTCCGTTTTCTGCATAAAGCTAGGATTGGCTGTCGCCACATGCCTGCGGCGTGCAACGTTATTCCACCACCGAGCCCGAAGTAATATCAGACCTCGTCCGTACAGCTGGGCCCTCGCTGAGGAATGGTCTGAGTTTGGGGCAAGGGTAATCGTCTTTTACTTGTAACTCGGTTGATGCTGACTCACGTATCTAAATAGGAACATTTTCCTTGGGCAGTAAGTGTTGCCAAGCTGGACGACGTTAAACTAGGTAAGAGTGCCGCTTCTGGCCCTACCTGACGCAATTCCGAGAGGTTAGTACAGCGGGTTCCGTCGGAACAATGCATACCACATTAGGTGAGTGTAACAATCGGGCGAGCGTCACGAGCTAGCGTTACTCTTGCCAGAGATAATACTTCATAGTAGGCTTTAGTGCAACGGAGGACCGAGAACGATTCGTCGCGGCTGTGTGCATCAGGATTATCCCAAAAGTTTGCCGTGTTTTGGCCTTGCCGCCGGCTAAAGCATTACCACCTTGCTGTACTCCGGGAGCGTCACTGTAAGCTGGGGTTCTCATCCATACTGGAGTCTTGTTCACTGA,814,51.23,Arabidopsis thaliana
SEQ_350866,CAGACAAGATGAGCGCGCCAACCAATATCTGACCGTTCTAGATGGAGTCCGACGTATAGGATATAGAGGAAAGTAAGTACTGAGGTAGAACAATATGATACACATTAGGGATAAGCGGTGAGGCATCGCTCCCGATGAAGGGGCGGCTAAATGAGCTAGGAGTACGCCTCCTAAGGACTACTACTGACTACATAACTCACAAGAGACGTGGACGCCGCGCATGCACTTCTACTTAGCCGAATCCATGGATTGGTGAAAAATCTTGGCGATCCTATGCATAATGACCACATGTGGTGTAATAGTTACCGCGCCCCAGCCAATTCGATTTGCCTAGAAGAGTCAGCTATATCTGGTTCTTGCGCTCAAGCTAAGTTCGCTGCCGCTAGCTTCCTCTGGCGAGGGCCTTCAGCGGACGGAGAGTTCCTGCGTCAGGCTTTGGGTCATGAACGGCCTAAAAAAGGCAGTCGTCTGGTAATTGCTATCCCCAGCAAGCTGCCCACGTCAGATGTCTAGATTGTGGTTACCTCAGCGCATGGTCGGGACTACACGGTCATGAAACCGAAGATATTATTGAGCAGAATTAGGGCGTTCGACATACGTACTAACGATCCCATGGCTTCCTTTGGATCTTACTCGTCGGCGACAAAAGAGGCCGGTTATACAAACAGTGCTTGCTATTTCCTCCCTCGAAAATTCTTTCGAGTGCTGTATATACGCGTAGCTGCTAAAAGGGAAGCCCGCTTCGTGGTTGTGGTATCCTGAAAGCCGACAGTATATCAAATAAACTACGGGGAAACCGCTCCCTTTAATTCCATCCCACTTTCCACACCATAACTCCATCTTCACCTATTTTGCAGGCCTTACTAGCTCAGCGGTATTATCCGGGTTCCTAAGGTGACCTCAGGTCTATAACTGCAACTTGACGACGGGGAAGCGCAATGTTTTCGGGATCCACGAGCAGTGAGATGCGTGTCTAACTGACAGCCGCGCAGGGTATTCACTCAGAACTGTTAGCGAACTTTCGTCTTCCGTTGCGGAGACATGTTTTGCACATTAGTTATACCGCCTTACCGTGAGTTCCGCGCATTACTGTCGGACTGTGCGAAGAGATGTCTTCTCACCAAGTACTCGCATGTCGTTGAGCGGTCGTTTTACCTGAAATATCCTTGGTGGTTTTCTATTCCTCGGGAGACTTTTTTTCGCGTGCCGTGTTAGTGATCGACTTAACTTTCCTATTCGTGGAATCTCCCTTATACCAAACGGTCATCAAAGACATTTCTGGAGTAAATCGCTAGACGAGCCGAAGACTGTCCCTCGAACGGTCA,1325,48.91,Drosophila melanogaster
SEQ_855763,AGGACCTTGGAAGTTATAAGACTGTAACCCTTTGGTATGGGCGTTGTCAAGCTTTCCCTTCTAGAGATTATTCCTTGAGTCGACCTTCGGTGTCTTAGATAATGATCACGGGCTGAAACTCGTGGCCCTATTCGGCTTGGCAGCTGCAGGGTTATCGTGTTTGAGCGACTTTTACCATCACGTAGAACAGCGTCTTCTGTATGGTTGGTAGCGACGCGTATATACCCTAAACAGAACGATGCAATGATCAGTTCCTCTCGTTCTCACTCGCATTTCATTTATGTTAGACCCGTGCGTCGAATAAACATCACAACCGTAGGAGAGTCTAACTGCCTCCTCGGATACCTTTAATAATTCTTTCCGTCTAAATTGGCGACGCAACCCGCGAAGGGCCGTGACTCAGAGCAGAATGCCGGAGGTCCGTGCATGAAGTCTAGTATTCGGATGTGATATTCCTTTCGCACAGTGTTACGCTCCACAGGCATCCACTCTGCGCCTAAACCAAACGAACCGCGTATTAAGCAAGGCGGCACTCCGTAACATCCCGACATCTAATGTTTTTTGCATTGCCCTTAGAGCGGCTTGCTGGCATTTGAATCGCTCATAGAGGGGGTTCTCATTGCGGTCTCTCGGATCGGTTTACCTAGTGTGCCTGGATATCGAAGTTAATTTAGTGGTCTCCCGAATAGTCTTGTCCTTTGGTATCTCTATGACCATCCCTCGAAACCTTCAGATGACACAGTAGGAGGGTCAAAACCGGTAGTGAGAATGGAACGGGATATAATGATGCATTGAATCCTTGTTACCTATTGTACCTGAAACTGAACGCCCGTCAATAGCGGGGCTAATTACACGGGGGTTACCAAGAGGGTCTCCGAATTCGTTCACATGAGCGCGCACGGACTAATCAACGCTCATTGGCAATGTTATGGTGGTTAAACCACACAACTCCTGACAGCTGGTTGGGTGTCCACTGGCCACGGTGGATAGATATACTGTAGCCCAATAGAAGCCTTCCCTTCCAATACATGCAAAGGCACATCGCTGTTGGCCAGGGGTTCTATATCAAGCCTACATTTTAGAGTACCCCCTGGGCAAACTTAACCAATTCGACTGTGGCGGCACTCCACGCGGTTTCCAGCGCGCATCGCATAGAATCCCACGGAAACTACATTACCGAAAGCCTTAGCAGGACCAAGCATCAGCCCACATGCAATCCCCGTAGTCGTGCTTCCAAGTCAAGCTGGAACCTTTACCTTCCACGCGGGGACACTGGCATTAGGGCGCCGCTACGGATAATAGAACTCTGTGAGCCATTTCATAGTCGGTCGCGACACGTCGGAGGCTGGTCGAAACGGACTATTATGCCTGATAAAAGGGACGGCAATTTGTTCCGCAGACGCATGATTGCCCATCACGAAAATAATGTACGGGGGATCTGTCTTGTGCTGCCTATTTTATCATCAGGGGTCCGAGGTAGGTCGCCTTGGGCCGCAGATCAAGGGCTGTGATATTCTTACAAAGTATGGATAGTGGCCTATTGCGAGTTTAGATCGTCGGCATTTCTTAACAAGGAGCTGTGTGGGTCGTGCTTCGCTTGGTTGCACTTTCCAACACCAGTGTATAGGATTCTTAAGCTGCCCTTGTAACGAATTGAGTTGGCCTTGGTTCATGGGCGCTAGGCA,1685,49.44,Mus musculus
SEQ_830379,GCCCGCCGTGAGTACTAAGGTTTGCCAGGGAGAACGAGCCGTCTCGTGGCAGCCTCTTTGGCTATGTTCACTTCACGGGGGGGAAATCAGGACGGGTATTCACGCAAATGCATTATCGATAGGCGCTTGATAAAGCCATACAGCCCTGCTGGGGAAATCACACGCTCCAGGTGTAAGAATAGGGGACTCTAGCCACGTCTGTCGATTGAACAGTGTCCCGACGACATACTCAAAAAAATTACCCGTACGGAATTAACCTCTATTGCTTCTGAAAGTATTCTATACTAGGCTTCTTTTTGCACCGTAACATATTCGAATCGGCCTAATACCCTGGGGCACCACCTAGCAAGTGGTGGTAACTTCAAGTCAGGGACTAAGCCCCTATTCCTCTACATATGATATCAATATATCGAACCAAAAGTCTGCACGCACTTACTCGACCCATTGTATTTCGGAGGCTCATTAATTATCAATTGGGACTTTAGTGGCGCTCCGTAATTTGCAAGCACTCCGCACCAATGTAGTAGATGCTGTTGAAGGCCATTCAACCACAGCCCAGTTCTTATTTACCTGCAACGAACAAGCATACTGAGACTTAATGGACGAAACGTCCCTCCTGGGGACGGAAACGATGAAGGGGGCGATGGCGTTTGTCAAGTAGGGTTTTAAGCATCAACACCCAGTGATATGCCGTCACAACTAGGAATGTGTGCGATACTACCGTATTATGCGATGTCGGTAACGTTTCCATACTTACGCGTATAGGATAACCTCCTAAAGTTGGGGCCTGTGATACTTCCCACTGTATCTCCAACTCACTGGCCTTTCCCGGTCTAATGGCCGCTGCGTTATACCCTTTCTGAAGTCGGCCAGATTCGCAGGCCACGGCGTGTGCTCGGGTAATTATTATCGTGTGAAAGTTCCCCAGTCGTGCTGAACTTACTGGCCTATACTCCGCTGCCTTCTGAGTCATATCGGTTAAAGGTTCTCCTCTCGACAGGGTCCCGAGTGGGACGATCAAGAAACGATAAGTTCAGGATGTAAAACTCCAGCTTTCACGACCCTGGACAGATTAATAGATGAAACGCTTACGTATGGGTTACCCGTGGCGTTGTTCCGGTTAGTAATGCTTTTTGCCACATCTCAGGTGCCGGCAACCGGCGTCACGGGCGCACAAGACCGACCATCATTGCATTGCTATATCGGAAGATCATGTTTTAGTCCATATTATCTTAATACAGAGATGAAGGAACGTTCCTACATCCGGACAGCCACAATGAAGCCCAAGGGCATCTCCCGTGGAGGAAGTGGAGGTTGGAGGCGATAAGACCGCTTGGGTCACGCGCCTGCTTCAATTATAAGTCATCCATCTTGCCAGATGGCAACAAAAGTGCGTTGCTCCTTAAAGCGAGGCGCCGTTATCGCCAATTTGCGAAACCCTGTTACCCGCCGAGACGTCATCTCCAGTGGCATATCGGTTGATAGTTAGCAAATCCCAAGCGGTTCCCTTTCTAATATGCTAAGGGTTACGGGTATATTCAGCATTCGAGGCGAGGCCCGCCTGATGAGACTAGATATCAGCCAGTAGTAAACCAGGAACTGACGATTTGGTCAGTGCGCTGGGCAGATAGCGTCCTGACTAAACCGGTTGCCACTCAATCAGATACAAACAGAGATGACGTCGATCTGGGGTCT,1695,49.2,Escherichia coli
SEQ_139693,GTGGGCCCTGAGGTTGCTAAGTTCCCCGATCTGGAAGAAATGGCCTATCAGCAAGGGATTCCAACACTTCCCGCCGATTTCGCCGAGACCTTGGCTAAGCGTACTTGTTTATTCCTAACCACTTCGCATTCATCGCCGAGACAAATTATACAGCACTTCAGTTTTGCGCACATAAACAGACAATCACGGGGAGAAGCATATTCGATTCGCTCTAGGCCTGTTAAGCCTGAAGTGCACCTAGTGGTTTCCTACTGTAAGCTCTTCTGTTTTTTCCCTAATAGACCTCTCTTCGCGATCGTTGTTGTCACTGCACTCCGCTACGGGAGCGATCATAACGGGTCAGCAGGTGTAGGAATTCACCTAGCTTACTGCCCTGGCATACGCGTCCAGGTCACGTAGCGTCTGTGACGATTGTAACCTCAGGACGGCTGTTAAGCTGGTAAGTTGGCGGATGCTAGACACTGCACGGGACGTTGTCTTCCATTGAACTGCTTAAATCGACCACAATATCAGCGGTACCCGCTGAGGCCATGGAGGCTGCACAAGGCTGTGCGCAAGAGCCCCCGGAGAGGTAGCCGCTTGGTAGCCGACAGTATAATTATGGTGGACTGTTCCATACCTTTCAGGATCATCCGGCAATGCCGCACTGGTCTATTTCTGTGGGACACAGTGTCGAGCAGCGTAACCCAGACATAGCCTACTCCATTTCGCCGCGCGGAGAGCGCGGTTTGTCCGGCCGAAGGCCGCATAAAGCCACATTGAAAGCCCGGTGTCATAATGAGGCGGCTGAACCCGTATAATATATTGCATAGGAGTTACCGCGATATCCGCGGGGTATCCGTGACGTACATGACTGGGCCGAAATCCTGCATAAGTGACTTGATTCGCGCCTAGTGTGCAGGCGCACAGATCGCCTCTGTCTCCTAACACGGGTTGAGAGCACGGCATAACTGTAGGATACGAATGATAATGGTTGCTCGGGAAGTCGTGAAGTTCGTTCAAACGTATGTTAGCTAACCACTATAATCGACTAAATATTAGCCTGGCGTGCGCTAGCTCACAAGCCGTAATCAAAAATGTGCACCGTGTGTCACGTCCCTTTATGCAAAGTAGTGACTACCCGGTGGATCATGTACTCCGCGTATATTCAACGATCGTTTCACATGCTTCGTTGCAAAAAGTAGGCACCCTAATACTAGGCACGAATGGGAGTGGAGCGTCATAGGTCTTATCATTCATTGATTGTCGCTAGCGTTACGCCTGGTCGCCTCACACCAATAGATCGTCTTGCCAAAAGACACTCGTCACATCCCATGT,1317,50.95,Caenorhabditis elegans
SEQ_102484,GGGATAGTGGCGTAGTGTAACCGTAACTCGTCATAGCCTGCCTATCATGCGAGAGGATGCTTCAGTACGATCGTCAATGTGGCAAGTCGGAATGCGCATATTGAATCGCTCCTACATCAATGGGCCAGACTAGAGGCGGTGCGGACCTGTCGCGCCAAAACGCGGGGTTATAAGGAACACTGAGCAACGGCGTTCCGTGACCTCGAGCGACCTGTTGCATCATTATGGACCATGCGCACTGGATCCTTGTACTAGCACTATAAAGGGGCCTACAATCCTGACGTCAGGACACAGATAACTGCCTGGGACAGTCTATCTCCTATTGTGAATTGTCGCATTCCGTTCTATTACAACTGGCTTAAAGAGGGTCTGCAACGAGCGCTTTACTCGAAATCTGGGCTTGCACCCTGGGTGCCAGTACTTTCGTCTAGTACCTGTTGAGCCGTGGCTGTAATTTAGGCCGTTCAACACGCAAGCGTCGGGCTTGGTCGTCATCAACTGCCGAGGACTCCTGTACGTGACCTGCACGCAGTAGGCGGTACTAAGCCCGCTAGGTTCTCAGTCCCTATATCCTTTGCCCCCATTTGGTACCTCAGTAACGTAAGTCGCGGAATTCTAGCATCTGCTGCGTCTCCCTTCGCTTCGAACCCGTCCGTATCCCTTAGGCCTACCGTCATGATAGTTGCTTAGGACGGTACACTCCTTCTCATGCAACCCACCCCCATGGTAGTTGTTCAAACCTCCTGCTACACCGTCTAACATTCATATTCTGCGGCTAGGGCCACTTGCTGTCCAAAGAGCGATACATGAAGGTGTCAGAGGCAAAGTACGTTCCCTAATTTAACTGCACCAGGGGCCACGTGTATAGCAGGGCGTCACGCCCCTCTTGGTGGGAGCCGCGGTGATTCGTCCCCGGAATAGGAACTTTTATCGAAATGCATACTTACGTGGATACGTACGTGGTCGGGGCGCTACAGGGCCTCGGCACTTTAGCGATACCTGTACAACTGGTACAGTCGTCTTCCCAACGTGTCCCTGAATAATCCGTAACCCATGAAAGCGGCTATAACCAATACGCCTTGCCTGTTTTCAAGATCTCTTATTACCATAAGAGGCGTAACGCCCGTGTTTACGTCGCTATACACCAGTCCTGTCTACCATCTGTCGGTGTGGGGGATTAAGTGCACGCATAGGGGGGGCCCACTAACACGATTTCATACCCAGCAACAGAGTAAGGCTCCGATTAACGACTAGATTATCCTAGTTGTAGTGGTCATGCCGACGTAACCAGTGACGACCAGACTGTGAACGTTCTGAAGTCTAATCGTATAGCATGTAACCCAGCAGTGTTCCGGCGGAAATCGTAAACGGCTGAAATTCACCTGGCGCCGCCAGATGCATGCACGGAGCTCTGCTAGTATTCTCCCATTATCATGTAATGGTAGCATTCTTTACAAGGATGTAGAACCGGTCTTAAACGGCTAGTCCTGGCTCTTCTTGGACACCCAATCACCATGAAGCGCGCTTTTCCGATATCAAGTCTTCGCTACAGTTAAGGGCTCAGTTGTACGCGGACATTTGCGTGCCGCACTCTATCAGTGAGCCGGCGCTGGATGCCTCCGTGACTTACTTGTTCGGGGCGTGTGGGATTCCGGTGAACCAGGCCTGACTCATAACACCC,1681,52.05,Homo sapiens
SEQ_680389,ACGGTATAGAGCTCACCAGGCAAATATACGCTCCGTGAACTGCCTATACTATTAGATCTAGACCTGGCCCGGCAACAACCCTATAAGCACAATTACCCCGCCCGCGCTGCCACGGCGTGGTCAAGGGTAAGCACTAGCGACATGGGGACGATTCTCAGTGGGGCACGTAAAAATAGGAATGACGCGTAAAACTTGAAAAAGCGAGAGTCATTGTAGGGACCGGCGTGGTGTGAAATGCCTCCACTCAGATGCGGACGACCCGACACTTCTCGAATCACCGGCGCGTAGAGAAATCCCATCTCGCCGATCGACCATCTAAGTAGGCCCCGCATTCCAAGACTACTAGACGGATCGGTTTAGGTGGGAGCTAAATGCTTTGGTTAGCGCGTTTCGGAGTTAGCCTACTCACAAAGGGAAAAGAGAAAATAGCAATGCCGTTGCCGCGGATCCGCATCGACGTTTATACCACAGCCAAGGTATGATAAAAACTTGGTGCAATATTCCGGGTTGGCTCAGGGTAGTCACTATACGAAGCGCATGCCGGAACGTGCGTTGTACTCCATCAT,566,51.77,Drosophila melanogaster
SEQ_821975,ACAATGATGATATCTAAGCTTGGGATTTTTAACCCGAATTAACTCGCCGGTCGAGAGAATACTTATGCAGTCGACCTGAGGTTCTACCTCAAAGACGTAATCGAAAGACGGCAGATCCCGGGTGCGTTCGGCCGCCCGCCTACCTATTACCTTGCTACGCCAACACGCCTAAAAGTAGCACCCTCCAGGGCTGCATCCTGAGTCGAGGTTGTGTCAGGTGTAAAATACTGTTAGATTTACGTGAACTTCACATTTTAGGC,260,48.46,Arabidopsis thaliana
SEQ_607127,CTACAGCCATGCTGTACCTCCCTAGACGACTGCACTTTGGGTACCGTGCGGGCGGTTTTTGCGTTCATCAGTGCTGTCCCGTTCGGTCGCACCTTCACGGAACTATCTTTCACAGCCATGAACACACGGTGGTCTCCTGGAGTCCGGTAAACACGAACTCCAAAGGTTTCCGTTATCAGCTGAGCAGCCTGGACGACGCAGGACCGCTGTTGAGGTGATCTCCTTCACGATGTAGAGTTACCCAGAACCGACTGCCGAGGTTACCCACACTGACTGTATAATCTACTATGACAGTATCTGAGTCTCCCCGCTCTGAGTTAGTGACCATGCGAGGTCTGGTATAAGCCATCCTAGTTTACCCTTGTTTTCGGGTAAGGTGAGGAGGTCCACACAATTGTACATCTAAACCCTTGTAAGCTTGCTAGGTCCCGGATCCTAAAGGATATTAAGTGCGCTAGTCCAGAGAGGGACGCCCGGAGCAATCACAGTGTGTAACAGGTTATTGCGTCAATAAAAAGGGTAGCAGGAGAGATCTACCCACGATTGTAGATGCTTGCTTAGCAAGAGCCCCCAACGCGCGGGTATGTCATAACCGTACGTCGTTACCTGCCTGACAGTAACAACATGGGTGTTGCCATCCAGTCACTGTTCACCGTGCCTCTATAGGGTGTGTTGCCGGAACTTCCACGCTTAGGAAAAGGATTTCTACAGCTTACCGAACGCTTCCGATTTCTATCGGAAATGATGCGGCAAAACTTAGATACAAAGGTGACCGTCAGCGGCTTCGATCGCGCATCACCTCCACACAACCTGTTACGCCCTCACGTCGAGGAAATGGTATTGCAGTGTCTAATATCTTCCGCACTATGTGTTTGGTCAACATGTGGGGTAATAATCCTCTCGTGGAAATATGGAGTAGACCTTAATTCGCCTGGTGTTCGGGAGTGATTGTTGGAGACGTTAGAAACGAAATTCGCAAGGTCGTACGTCGTCACTTGCAGATTAACGTGGACATGCCCTTTCTTGAGAAGATCCTCTGGCTAGGTGACGTCAACCAGAAAATCTCCTTCAAACGCTTTCTCCACTTGATCTCCATCTGAATTCGGATGCTTAAACGAGATCCCACACAGTAAGCGAGCAGGCTTACAGCCACGACCTCATGTCAGAAGAAGACCCTACGCTGGTGTTCTCAGAGAACCCCATCCAAAGACCTAACGCTCTAATCGATCCTTGTGGTCTATACTGCATTCTGCACGTTCCTGCACCATATGGATCAGACTCTCCTCATCCAATCGGTTCCCCCGCTGAAAGATCACCACGCTTTGACTACGCCAGGTAATTGATCCGCGGATTTCAAAATGTCTGTAAATCCAACAAGCTTGATGAGTACAACCCGCACAACATGTACGTCTCACTTAGTTCCTGTGTCGGATCA,1435,49.62,Arabidopsis thaliana
SEQ_159773,CTGCCGAGTTATAGTACTGCTGAGCATACGTGGACACTCTCAGCCGTGGTGTGGGGACACACGATTCCTGGTGTTGGTATACGTATATGCGCCTGATGGTCATTGCCCCTGCTTCCTACGCGTATGCGCTAATGGGCCATTTGGGGTATGGAAAGCACCTAATCCTGGTATGACCTACCTTGTCGCTACCATCATCATGGAGGTAGTCAGCGCGCCTGGGCCGGGCGCGGGCGATGAATACACAATCCCTGCATGCGTCTCATAGTGGATGCCCCATCTGCAACCGACAATACCTGTCTATAGTCAGGGTTACCCTCGGGACTGAGCGTGAGGTGCTCGTCCTGGACGGTTTTAGTGGAATAGCCAATTACTTGGAGCACGTCCCTGAGGAAACGAGAGTACTCGGGTGCCTGACAACGGCCACTCCGCACTTGGATATGGACTGTCAGAGAAAGATGTCAGCGGAACCGTAATCCAGCGATGGCCGGCTTTTTAAGTTCACAGTCCCATTATACCAAGTACGAATCCTAATTGAGAAGGCTCGAAAAACCAGCAGCCTAAGAAAGACGAACGCGTCCTTAACTGTGACAGCCGGGTAGCTCCCGGGGTACGCTATCCAGGTCGTAGTATAAGTGGGAGAATTCGGATGTAAGCCCGTCCGACCAGTCAATAAAGCCGGAACCAATCGGCTTTCGGTTTAGTCGTCTGATGCCGGCCTCGAACTGAACGCGACAGTGAAATTGGTCGAAGAGATTAAATATCTAGCGACGCAACGGGATAATCAAGTTCCCCCACAAGAGACTTGCTGACCCGGGGTTGCGCGCGCACGCGGTTAACTCTATAATTTAATTGGATACGTTGAAATTCAGTAAGAATAGGTCCATCAGTATAGGACCATGCTAGATTAGATCTGAGAAATTCGATCTTAGCCCGAGAACACGTTCAGGCCGAGCGCCGCCATCAAACTATCGTAGAATGACAACCGTAGCGCTCTGTTAGTTGTCAGCCAAACTGCACGAACTATATCCTGACCAGCGCCAGGAAAATCAACACTCGTTGGGGGGATTAACGGTGGGGGCGACGACTTCTACTTGGGTATACT,1102,51.63,Escherichia coli
SEQ_949142,CGTAGGGCGGGTATGGGTATCTTCTCCAGTAGTTTCGTCAGACTATAACCCATAGCTAGTTCCTGATCAGGTGTAGTACCCGACTGCAGTGGTGAGAGCACATCGATAAATATGAATGAACTTGAAGATGGTGGGTACCTACCCGAGGAAATGACAATGAAATGACCTACCAGCGGTCACCACGTGTTAATATAGTGCACCCCGCAGTCATCGCGCAGAGAGAAGCCCAACAAAAGTACTGGGATGAAAGAAGGGAAAAAGATAGTCGCTCGGTTGGTACTGATAATAGTGATTTGGCCCACGAGTTGAGGGCCGTTGGATTGACCCGCGTCTCCCTCGATATATCTACTCACCTCTGGGAGACCATCATTACGCATCCCGACATATCGTACTAGGTATACGTAGGAGACCCTCGCTCCAATAAGCTCGCGGGACGTTGCTATCTGCTTGGGTCAGCCTACTGGTACCACCTCGGGTTGACTGATGAAACTGTAGGTGTTACGCCGTGGTCTCCAAGACGCAATCGTTGATTCGATACTGAGCCTATCTGTGATTGATTCCTCAAGTAGACCTAAGGGCGCCGTCCATGTCGAATTATCCGAATCTTAGTGTTGTGGAAAGTGCGTTTTCGCCCGACCAGTAGAGAACTAACTGCGCGACAGACACCCGAGGACTGACCGTATGTTGACTTTCGAGCGAAAATATCCCACCCGCGTGCTTATGTGCCAGTACGAATCATTCGTTAACAAGCTTCACTGCCCACGTTTCTTGAAATATACGACAACATGTTAACAACACGTGCGAGTGACTGATGGGCCGCAGTCTAGATAACCGAACGAGTTATAAAATCAAGACGATAAACGTTACACAGTATGAAGTGGTGCGGAACGGGTAAGTTGGCTGTCAGCAGGTTGATACCGGTGTGCGTTGGGGAATCCAAGGCTCTTCTGCCATGTTGGGATGGCATTCGTTCGCGCACCTAATAGTGTGCATAATACGAGCTGCAAATTCGAGACAACTGCGTGAATTTCAAGGCGCTGTAGCGGTTATCTCTATAGGCATCCTATCACCCACGCCCTCACGTCTAGGTACAATAATCTCCCCGAAAGAAAACGGCTGTCAATATCGAGGTCGCACGCTGGACACAGATATGCCGGAGCGAGTCACCGATCCACTAGAACTACCCATATATGGTTTAATACCATTCCGTGACGGAGAGAGGTTGTTGTCGTACAAATACGGGTCTCGTCCTTCCGAAGTTCGTTCTATAGCTCGGTGAGCACATGGGATCGCCGGACGGCAATGGAGCTGCAACTTCACACGACTTTCGCAGAATATTTCGACTCTCTAATTTCTCCATCGTTAATTTTGTCTACTCCTAAGTGATGCGCACTCCCGAATTAATTTATCACAACGATAAGGGTAGAACGAACAACAGGGGGAACATGTATCATAATGAATCTTCGATCTCTAATCAAGAGTTTATTATCCTTAGAGAAAGACGCAACTTACACAACGATCTTTACTGAGCGACAATAGCTGATCCACGATTG,1553,47.97,Saccharomyces cerevisiae
SEQ_892232,GTATTCAACCCAGCGGGGATGACACGGCCGTCTTAACACTGTACGTTCTGTGTAATTCCGTGGTCCTGACTTGTTCACAGATAAACGACGAACGACAATAGTGTCCCCCCGCTCCCTCCAAACAAATGGATCGACAAATGGGTAGAGTTATGCTATACCAGCCAGCTAATGTCCAATGACCGAGGGCACTTAGGATGCAGTACCCGCACTCCTGATCTGAATACACAGCAAAGAGTCAAAGGGTGGTCGTAGACTGGCACAGAGAAATGGCCTCTTGACGCATGCGCCTTAAGGTGTACAGCATCACAATTACTGTCCAATGGGGATACGCTTTAGTCTCTGCCGCAA,348,50.0,Escherichia coli
SEQ_660333,CTCTCCTTGATGATTTCTATTCTGGTCAATCTGTCGTCCCCGCTCTAGTGGGCTGTCCACGCATTCGCACGGACTGGTGTTTTAGTACGTCGATCGAGTGAATGCGATAAGTGTCGCTTAACGCTCAGTAAGGGCGATGAGCCCAATCGCTAGGACAGGACACTACTTGAAGTCCAGATTCTACGAAGGGAGGAACCGCGAGTTCGCTGATATTTGACTCACCGGTGTTCGCGCAAGGTGCCAGGTGAATTCAGAAATGCAGCCTGACAAGTAATTATAGGTTTACGGTTGCATCTCCTGATTAGGTGAGCGGCATGTGTACCTTAGGAAGCGGCCATCGAGCGCTGCATGGCATACGCCAGGATCGCCAAGCGATACTAGCAGCGGCCCAGCTATAAGCGCGGAAAGAGTATCAAGTCGCGGTTCAGCATTGGCGAATGACAGTTAATTGTGAGGCGGTTGAGGAAGACTTCGAAACTGGGAGGTTCGTAATCAACTACGATGGGGTGGCACTAATGTTTTATGACGGATCTTAAAACACCAGAAGAGTACGCCTCGGTGTGCCTTTGTTCATCGTGGTTGCAAGAAATTTACATGGCATAGCTGAGCTAGTTGCGGTCTATGATGATGCACCATTACCTTTACTTATCCGATCGCTCGGCCGCGCGAACGTGACGCGCTTAATTGCTGACACATGCTCTCTTGTCTGATTATAACGCATAGCTGCCTCTCTGTATGATGGGATTCGAACGCACCCAACGATCAAACAGAGGGCCCGCGCAATAGATGGCAACCGGAGGAGAGACACGGTACGGATGCCTAGCGCCCATTCGATTCTCCTCGCGGGACGCTGACCTGTTCCGGGTTCTAAGCGTGAACCTGCGCGACCACCGAGACCCGCGTTCGTACATCGGAATAACCCTACTCAAAGTAAAATTCCGACAATCACAGAGTCTGAGTCTAGCAAGTTGCGTGGACAAAGGCCTTTTTCTTAGTAATGCGTAATTATTCTATTAGAGAAGCTGTAT,1028,50.49,Saccharomyces cerevisiae
SEQ_461001,AGGTGGTGAGTGGACGCATGAACCGTTGCGCAGAGGGACGGTGTCTGTTCCGGACTACATAGGTACTCGCAACGTTTACTCTTCGCTCCTGTATAGTACGAGACATAGCTCTCACATGCTAGATCAAGTTAAACTAACATTAAGAGCATGAAGTTTGCGCTGGCCGCCCGGTAGATATAAAGAAGAAGCGTACAACGGGACATATTGGCGGTGTCAGCAGAACGAATTCCTTAATGTCTGACTTGAAAGAGTTCCGGTGACTGAGGCCTGTGCAGCCCACCGCGAAACAGAACATCGTACAACTGCAGATTATAGAGGTGCATCCGGAGCCACAACGAGTATAAAAAGCGATGCCCCCTATTGAAAAGACATCTGAACGCCCCCCGGTACCACTGCCGTGGAGAACTGAATGGGTGTTTAAGACGGAGACTTCTATTTTTTATGTCATGGCACACGGGGTTTCACCCAGATTGGGCGCTCGGCGAGAGAGGACCAGATATTAATTCCAGGACGTTCCTACGCGCTAATCGTATAAGGCTAGTTG,544,49.63,Arabidopsis thaliana
SEQ_939343,ATATTTCAGAAAATGGTTGACTGCTGACGACAGCATAACGAAGATTAGGAACTTTTCCACATGTGATAAGTTTTCTTTTGTAAGCACTCAGTTGTCTGGGACAGATGTACATGACGCAATTGAGTTGAGAGGGGAAAATGATCTGCAGTACGGGCCACAGTGAATGATTCCCTTACCTACATCGTGAACCGGCTACTAGTTGGCGCATTGAGTGACGGTTAAATCTGAACGCTCCGAAAACGCCAGACCGGGGTTC,256,45.31,Saccharomyces cerevisiae
SEQ_896561,TGCTCGCCTCTGTAATCGACCGGCCGAGCCATAGGGACGGTCTTAAAATGATGGGACTGACGGTAATGTTTAGACGAACGTTCTCTGGAGGAGTAAGCCAGGTAGGGGGGCATGTCTTGACGCTTAGATCAGATACATAAACTTTGGTGGGCAAGGGCAGCTTTGATGCAGCGACGTACAATGGGAGTCTAGGGGGGAAAAACCAA,206,51.46,Arabidopsis thaliana
SEQ_677357,TTTTTTTCTGATCAGCTAAAGGTTGACGATGCTTTAAGGTAAATCTTCGGTTGCCACGTACTCTTAGTTGACATTAGATTGTCCTATTCAAGCTCAGCGCTCCCCCGTACGTCGATATTTGTGATCGTCTAGGTACACATGTGGCCTTGGATGGCAAAAGGTCAAACAACGTCCATCCACATTCGGTCCGTGCATTTCATCATGACATGACCTTGGCTTTACGGTGCGCTTGAATCGGACCGAAATTCGTCACTGATGGGCGCCCCTAAAAGTCAAGGTTGTGTCCCACTAGATAGAAGTAGACGTGGTCGATCTTCGCCGGGCCGGCGCAGACTCGTATTAGGCGTAGCTACTGCCTATTTCTAGGCCTAATACTGCGAAGAAAACGCCTGCAGGATGAAGGGTTTGACGGGCCAGATGACAAAACGACATTTAGAATAGGCACACATGCGTACTATAGAAGCGACTACAGTGAGTACTTAGACAATAAAAGCCCTACGATTTACGGTCGCGCTGCGGTCCAACCGCCTCATAAGAGTACATCCTACGTAATCTTTTTCAGTCCGATGTCCAGCAGTTTTGCTGATGACCGGAAGGCC,599,48.25,Escherichia coli
SEQ_642621,CGGCATTCTTGTTCCTGCCGTCCGCTGTACACAGAAGGAAGTCGAGCGGCACACCACCACTCCTGGCGAGGATACGGGCCCACTTCTGCACGATGGTGAATTCCGCTTAACGCGGGAATACGCGCGACTTATCTAACTAGGGATCGGTGGTAGCGACCTCTCTTGCTTTTTAGTAAGGGTGGTCTTCGCAGAGCCCGGATGAGTGTAGATCGCCAGCGAAGGAGACGTTGGCTTCGTGTCCTGCTTTATGTATCCCTAATCGCCCGTGCACGTCTGCCACCACTAAGCCGGTGTCCTTAGTGGGAACCCGTTGCAACGGTGATTATGACGTATTATGAGCCATTATACTGGTGTTGCTATTATCTCCGTGGGGTGGCGCTCACACTTCGTAGAGTGTTTCATGATTTAGGGTCAACGGGCACACCATATCACTTTGGAAGCGATGATCTTCTACGAACGGGGGTAAGAACACTAGAATGCTACTGCAGTGGACCCACGGATTTGTTGTGGCGTTGTAATTTATATTTCAGCTAATGTTCTGCCGGAATTGTCTTAACTGGCTACAGTCCTATAGCCAGTTAACTATGAACAAGTACAGGATGGACTTCCTGCATGCTTCGTTGGGAATCGCTGTACTTAGGGCTGCGATCTTTTTAGCGTTATGCCAAACCGGATATAGATATGATCATTGAGCATAAAGACTCTCAGCTATGGTACGACCCTAAGGGATAAGTCCCTGGTAGTTGGCCTCAGGGTGTATTGAGTCGATAAATAGCGTGCCGTTATGGTAAAGCAACCACGCATCTTGCTGAATCAAGTCGGAATCCCATAGAAACTTGCATTTATGTACAAGCCCTCGGTCGTGTCCGATGGCACGCTGCGGGCTCGACGCGCCGAGAATCCGCGAAGGGAATGCCGAATTATTATGAGTCTATCCGCGAGACCTCCATGCGCGTGCGAGAGACTCTTTCGGGTAAGAATCGAAAAAGCCGAGGCGTTAACCTTGAGCGCCTTAACCCCGTTTACTTGTCTAGATCACATCGTAGGGATTTCTAAACCCAAGGACAGCATTACGGCATCCGAATGTCTGTTTCTGATGGGTCATTTGCTATAACCAATCCTAGAGTATACATGCTGCTGCCCAGCGTCGTAAGTGGGCAGCCGTCTGGCCTATAGAAGTAAGCCTTATCGCAATGCATGTCTCCACACTGGTAGCAAAACCGTCCCTGTCCTTCAGAAACCTCACTGTGTATCGGTAGGTTTGTTCCAACCGCCCTGCAATCAGCTGGAACACATGAAGCTTGGCGAGAAGAGAACATACCTGCATCCGCTATGTAGACGCAGTATGTTGTATGTCTGATAATTAGTGCCGCTTGCTGAGACATTCTTAGAAATGAGAAGTTCCCTCCCAAATTTTCGTCAACGTGAGTTTCCTAGTGCCAAGATGGAAATTCTGGTTTGAAGTGTCGGAATAAATGGATCTATGAATGCGACACCTG,1499,49.17,Escherichia coli
SEQ_330436,GTAACATGCATGGCGAAGGAGATGATTCAGGGGATCTACATGTCGACATACTATTTGGTTTGCGGGCAGCATTCGTAAAACCCTAATGTAATCTTAGCCTGTTAGAGCCTGTTCGTTTGAGCGCACCACTGGGCGACTATGTGTACCTATACGGGACTCCGAGGTGAAAGCGCTTCTCCCAGATTAAGTATTCCCGGTTCGCAGGTTATTGTATCGGCTGCGCGCACATCCAACAAAACAGCGGCTCTTAGAACAATTACTTGCCTAGACAATCCTTGAGTATGCGTAAGACATGCCTGTCGATATTGGATGTTATGATGGCAATTATTAAATCTCACACCATCACCTACCTTACAATCCGTTGTCACAGAAAGCGCCCTCCCGCCCTCATCGCTGGCTATGTCTGCCATCGCCAAAAACTATAGGTGGAGTTTGCTTACGGATTGCTAATTATTTACCTTCCACATCAGCACCCCTAGCTATGTCGATGGATTCACCAACGGGAATTAAGATCCAGCGAGGCAAATCTAGCCTCAGGCCTCAACCCCGACTTGCTTTATCGCCCGACTGGTAGTTTACACGTCGAAAGAGTATCCGCGTCGGTCGTCGCGCGAGGGTCAGCG,623,49.12,Drosophila melanogaster
SEQ_322238,CGTCTTCACATTTGTGCGGACATCGCGGGGAATAAGCAGGGGAACAAGTGCACCAGAAACTCCCCGAGGTGTCGGATACAAAAATAACTGCACTCGTTTAAGTGCATTGCTCCTCACAGAGTTCGGCCTTGTGATGGGGGCTCGAGATATTGATTGCTTAAATGACTGAGTACATTCCCTACACGAGATAATCAAAAGCACCAGTTGTTCGGGGACTATTCACTTTATTTTGCGTGCTTGGGACGTGTGTTGCGCGGTAAATGAGATCTTCCTCGGTCTCGCCAGGACTTCGTCCATGGAGTGCTGCCACTACTAAACTGCAGAAATTTAGACCTGTACGCATATTGTAACATTTATGGCACGTCGTAAATCCGACGGAGGATTTGATAAGCCTAGAATTTGAGGCGCTACCTATAGCATTTTCGATACAGACGCTCCCTATCGGATAGCAGTTACACTTGGCCCATCTTGACACTGCTAGTAATCATCCCACTTTATTACTTAACTCGCCAAGTTATAGTAGTTTGTACGAACCGTCTCTCAACTTAGATAGATGCCGTAACCCTAATCAAAATGAGGCGGGATCTCAGCTGTTCATAACGGTCACAGCCTCGGTGTCGACCCAATTAACATTGCTGCTTTTCAAAACGGTGGGTTGCCACGAAAGTTTTTGCCAAATTTGTATGACACATGCTACAACTGCATTAGACTCACTCTTGCATTCGCTCGCCCATTACCTCGCTAGGATAACTGGTACGAGCCAGCGTGAGGGGGCGCGTATGTTACAGTTGTTATTGTGTACCTGGGCAAGGATGCTGCCATTGACAGTCTGATTGAGCCTACAATCTCATTAGGTTTCGTCACCGGCTCAGGATTTCACCATCTATTTTGGGTTCTCCAGTCGAAAGGCCACATTTAACGATGACATGCGCAACCCTACTCGTGGCAAACACTCCGTTGCACAAGCGCGCGGAGTGGACTTTGGCGCGCAGCGTGGCACGTTCGGGTCTGCCTACCCACTTCGGGTTCGCTCGAGCGGATAGCGCCCTCCCGGTCTGACGTGGGAGTGTTGCATAACTGACGGCGTGCCCTTCGTGTTACCAAGGCGAACTCATGGGTAAATGTACGCACTCATGAATTCATAGCCGCACTAGACGGGGTTCGATAGTTCGGCTCTACTTTAATACACTAGTTTTTCACAGTGCTCACTGAAAAAGTGCCCGCTATCGTGAGTGTGGAACGTATCCTTAGCTACCCGCGTAGGGG,1266,49.13,Caenorhabditis elegans
SEQ_437529,GCGAGAAGTGTAGGGCCCTGATTGTCACTAAAGGCGCGCTATAGCTCGTCGGCAGTACAGCGCTTTCCTGCATGTGGAGCGCGTAATAACACGGCACACCGCTATCTGCAGCGGGGTTGCCCTCTTATGAGTTTATGGTGGGCTGCTCGCAACTCACCTACAGTCACAGTGTGATGCGACTTGAGGATTCCACGTCCTCCAGACTTTGCGGACTCGGTTAAGGGAACAGTCGCCGCTGTATGCTAGTGTTGCCTGTAGGAAGTTGTAAACCCCATGCGCAGTTCTAGCCCTGAAAAGGAACATACTGTGCCATGATCCATTGCAACTTTTTCGATTTGATCGCGCGAAAAGACTGTATCGCATAGACTAGAGGGATGGATTTAAGTGTGAGCTTCTCGTTTGGGTGCCCCGTTAAACTTTCATTGATTCGATAAACCCCCTTCAAATAGTAGAGCCGACCATTTCGCGTGACAACTACAGACCGGACGAGCTTCCTGCGTACATCAGATCTTTCTACCAGCACTAACGCGTGTTAAGGGACTAGCTTGACAGCATTTTCGACGTTGGTCCTTTAGGGAGTCATCTCGCACGGTAGCTCTGCTTTGAGGGTACGTGGGAGGTTTTGCCCAATTGGTATGCGCACCTGAAGATAAGTAAGAAACTATATTATTGGACGTGCCATAGAGCAGTCATGAGCATTATTGTGTAACAGAGTTGGAGATCCGCCGAAGTGGGAGAGCTGAGATCGTGTTTTAGAAGATAAACACTGAATCTTTTCTCAACCGTGCGCAAATTAGTCGCCCAGGTGATCGGCAAACTAAGGAGCGGAGCATCTGGACACCACTACTCACTGGTGAATATTAGCTTATACGGTAGCGCTATCGACCCCTTTGGAGACGGAGATTCGTAAAGGTCCATGTCAGTCTTTAAAATTAGGGCCGGGGCGCGTTATCCGAACCACCGATCGGACACCATAAGCATTCCCGTGGCTCATCGAGTTCGGAAACTGCCAGCCAGGTCATGGAAAATGCATAAGTGTGTCGATCAACTGTTTATCCGTCTCCCCGAGGGATCGAAATAACAAAGTGCTGCGAGCGAAAACTACTGATTTGAGTAGAGTCTCCGCTACACTGGACACGCGACAGGTTTCGCATCGGGCACTGAAAATCACGATTTTATGACGCCGATTCTTAGATCTTACTATTGAGTGCATAATTATTCATCCAGTATGGTTATATTTCGGGAGACATACGCAATCTAAGTTCGATTAAGACACTGGACGCGTAGATATTGGGCAACACGGGACCTGTTAGCTCCTACGGCAGGTCGCAAAATTGGGCCACATAGAATACTGCCATCTCTTTGATCCGGAGGAATCAGATCACAATTCTACTGGGGTTAATCAGTGATCCAGCCGACTGATATCCGGCATGGGGTATCCTTACGTAATCATTGTGCTAGAGTTAAAGTTGGCGAGTGGAGTATTAGGCGACAGGGAATAAATTTTTGCCTTATAATGATCCGCGAGGTGAGTTTTCTTGGGTCATGTCTGTCGGTGAGCGCAATAGATTTTACTTAGCTCGCAGCGGTTCACTAACTCTCAACGATGTCCGCGCCCGTCGGTCCGGCGCATCCGATTATTTCCGTGATCGAGCCGTGGCTACGGAGAGTATGTGCGCGTTGAATGAGCGAAGCGTGATTTATGACAACGGCAAACCGAAGTTATTTGGGTCAGGAGCCACTGCTTTTGTCGTAGGAAGTCCGGATAATTTTGATCCCCGGACCATAGCCTCATTCGACTCCATCCACCTCTTTCAGTAGCAAAATCTTCCTTAATGCATATCTAGGCGAGTGATCTCTCAAATAGATATTTGCCGTATGAATAGTCTTACTTACAAGGGTTTCCGAAGCTCGCGGTGATACAGAGGAGTCTTCGTGGACGGGGCAGGATGACTTAACTGAGGTCTTTATTAATTACACCACCGAAACGGGATGATCG,1999,48.37,Homo sapiens
SEQ_306060,ACACATGTACTCGCCTAGCCGGATTGATCGCCATTTTCAGTCTGCTGCTTTCTAAAACCCTACTTTATCTGACTTCGAGGAGGTCTGTTAATCGATGCTCGGAAGTTCTCTCCCGCACCGGACCCGACATACTGCTGAAACCGTGTTAGTGGTGGGAAGTAGCGGGTAGCCGACTTGTAGAAGTTTGCCGATGTAAGTCCCACGATATCGCACCAGGGATAAAGGCAGCTTGGGATAGCGATCCCGTCTAACAAGAACCAATGGCCGCCTGGTCTAACGTGAGAGCTACGGGGTGCAATCGGATCGCCTATGACTGCCGGTACCGGCGACACGCCGCAGTAGACAAAGAAACAGAATTTGAGGTGAGGGGCGACATAGTAAGCGACGTACACACCTCCGTCGACAGATCGAAGTAATACACGTCACGACCCTACTACCCGGCCTCGATCCCCGTACGATGGGATAGTTGCTGTGGTTGCGATTCCGGGCTTACTTCACAACACCCTAGAAAGCGATTACAATAGTGCATCCTAGTCAGTCTTCAGAGTATCACCTACCCTGACCAGATTATTATAGACAACTGCCCTTGGATCCGGAAACGGTCTAATCCGCAAATTTGGGCTCTCATTGGCTATACTATTTTCGAATCGCCGTTAACAAAAGGTACCGGCATTAATTTCGCAGGGTAGCCTCGGTAGAGGATGGGTCACGTAAACGGTGTCTTAACCTGAGCGGTTCGGCCGCCAGCTTCAACGGCCCTGACCCATCGCCTCTAGGCAGTTCCACCGAGTGCGGGACTAGCATTACAACCAGAAGGGTACGACGTAGAGTACAAGTCCTCGACACGATCAACGTGGGTAATACACTATGAAGGGGTCTGCCATAGGCGTGATAAGTAGATCTGGAAGTCGAGTGAAGGAATAGGCAGGGCCAATAGATTTACTGGTACAATCCAACCGAAGCCTGGGTAATTCTGCGCAAGCGCTCATATATTTGTAGTTGCTGGTAGCAATAGTATTGTCATAGGGGGTTTGTGCCAGACAACACCGAAAATTTAGGAATGCAGGTGGTTGTCGATGGTTGCTTGGGGTATCGTGAGACATCATTGCGCTGAATGCACGTA,1123,50.76,Caenorhabditis elegans
SEQ_422501,ACTCCTCAATAGAAGCAAGCTACTGTCTATGTGTTTGGCGTCGACACTGTTCGTGTCCTGCGTATGATTGAAGCGTCGGTCTAGTGCCTAGAGAAATGTACATCGAATCGGCGTCTAGATCCTACCGCAGACAAGAATTTCATTGGAAAAATTGTT,156,44.87,Caenorhabditis elegans
SEQ_651754,AAACGAGCTTCTGATGCAAACCCAGAGACGGTCGTGCAGTCATTCCGCTGCCTGAGTGGCGTCTGCTGTCCACCGGCTTGGGGTTTGACGCCACTCTGGATTGTCGATAGCGCTGTGTATCCGTGTGAATGAGCAGTATCGTATTCCTCCACTTACGGGCAGTTTGAAGAACGCTAAAGGCTAACGTAGCAGAAAATACTCTCGTGGCATATGCTTTGCGTGATCTGGCTCAAAATTGGAGTGGTATTAGGCCGATCCTGAATCAATGGCGTGACTGCCTGCTCTAACCGTCCTTAGAGTCCGAGGGGGAAAGGAATGTTGCGGTCGTCCCTTGGGCAGCATCGCATTACAATGGCTACCCAGCGTTGCTGCCAAAAGCATTAGCGACTGCTTCACATGAGCAAAACGCTCCAGGGAGCCCCCGTCACGTACAAGTCGGGGAGATATGCTAAGTGCTACTCTTATAATCGGTGACCCCAGAACTCCTGAGGGAACGCCTAGCCTTTAGCGAGGTATTACTCGCGGACGTCCCCAGCATTGGATAAGGATTGCGCTCCAAGCGCAGGTTAGCTGGAGCGTCCGAGCCTTCGGTACCACCTAATTTAGACCTCCAGAGACGAAAAATGTCCCGCCACAATTATCATTAGACCGCTATTGTGGCCTACGGACGCAGCGAAATCAGACTAATGTGCACATCGCGGGGCTTACGTACGGTCGGTCAACCACTATCACCGGTCTAGCGACCTTCTTCTCCAGCGGTGCGTACTATGTAGAGCTCGTTAGAAATAGCAGAAAACTCGTTAAACGTTCGATAGCTTTCGATGTTGTGGTCTTAGTGCGGTGGTGATTACTCGCAAGTAGGCGGTTCGGGATTCTTTGTGCGATATAATATCAGAAGGCCAGAGGCTGAGTAACAACACGGTGGCGAACCAAGGATCCACCGCTGAGGTTAGACTCCTAATGCTCCGTAACATAATCACTCACGGCTACCCTACGAAATTACCACAACCCGGCCCCCTTCTTCAG,1026,52.05,Drosophila melanogaster
SEQ_523243,CTTTTGTCCTGCGAATCCGCCAAAGACAGCACGGTTTCATGATTCGCCGATCGGATAGGCGTCTGGGTAAAATGGGGGCGGCGATTTCTATAAGAGCTCCGCCTAGAGCCCGTACTTCTTTGAAGAAGCCGAAAACCGGGACATACACATTCTCAGCTCTGCACTGTGCAAGTCGCACTGTTGCTGCCCGGACAAAGAATGGGTACCGTCATTATGGCCAGTGATGATATGACTCGCCACAGGGCAAATATCGTTAAGAGTCATCCATATGAAGTAGCAAACTCCGTGAAAGATCTGTCAATGACAAGATACATTCATGGGTTAAATACAGATCGTTTCTTCAATTCGCTTCGTAACGCTGTAAGCAGTTTCATCCTCAGCTTATGTAGTTTTTTTACCTTGTGTTAATTTGCTTGTCAGGGAAAGGACTGATCGATTGCATTCCCGGTCCTGCCTGCCCTGTCCAACAAGGCACGCCACAGGGCTGCCGTCAGATGGCTTAATCCCCTTTACTACGGAGATAAAGAAACATACCACTCTCGGTGAGAAGATGAGGCCTAGTATAAAGTCATCTCCCGAGAACATACCGTGTCTAATCCGATACGTGGAAGCAGTATAGAGAGGCTTATTAGCTGGCATTCACCTACATATCTTTCCCACATGCCATTCTGTCGCAACCACCTTGGTAGGCCGGTCTGATTACTTTTTTGGCCCGCTTGTGCTCCGCCCAGTCTAGAGATGAGGTGCCGCTCCATATTCGCGTCTAACGAATAGTATGCCTTAGCCCAGCGTTTGTCCGATTGTTCATGTTGATATATACGGCAATCGCGTGATACATATGAATACTAAGAACGCTGATCTTTTTGGATTCGGAACTGGTTACGGGCCCGCTAGCTCGAGGGTTACCCCGGGCAAGTTCACTTCCTACTTCACCGTTGAGACCGCAATTTGATAAAAAGAACCGCTATCCGTGGTCCCAACTAGAAACCTTACATCACCCCTCGGAACGAGCGCGCCA,1018,48.43,Homo sapiens
SEQ_941307,CGCTTGATGTCTCCCTTCTTTCCCTGAAAGAGTAAGAGAGGCCTCTACTGCGGATTTGAACGGCCAAAATATGTACCCCACTCGCGAATTGTCCGGATATCGATATTATACGCATGGTTTCCCGTAGAGGCCGCTTTAGGTGGTCCCTTTCGGGAACGATTCTCATGAATGGCTCCGTACAGCGTCAGCTAGGTGACGTGCCAAAGGGTTTTCCAACAGTGGACTGTGCTTCAGACAGGCAGGGACCATACAGTGTGTTATGTATACATCTGCTGTGACTGGTCAGACAAAACAAAAAGGGACGAATGGAGCTAACGCCAAAACTTCGTTATAATGAACACGTGAGCTCCTGCTACCAAGTACTGCCTAATAGACCGTCTCGCAAGTAATGAACATGTCGCCTGCTGCGGTATTCAGATCCCAGCAACTAACGTAATCCTATACAAACGGGCTGAGAGTTACATCATACTCTTTATTGCCGCAGTCTTGGTTAAATCTGTGGGCAATCGCCGAATGTCGGCCGTACGCAGCAACCGTTTTTTATCTACCTTAGTTCACCATGTTCGTTTTTGTAGTGGATTCATCCCTACCGCCCATAAGTCAACGTCAGATAAGTCCGAATGTTAGTTTGCCTCATCCGCACGTTTGAAGAGGAACACGATACAAGCACAGTTGGAACAGGAATGTCGGCATCTTTATGCATTGTTCTCTGAAGCTGGTGACTAGCTTCTAATTGGCTCAGTGTAGACCAAATCAGGGGTGGTCTCCCGTCGACTCAGTAAAGGACTAATTCTAAATTACTCCTTCAATGAATTCGGCACTCCAGTGAACAAAGACCCCACGGCGATAGTACAGCGTGTCCACCCTAACACTGGGTACCATAGTCGCTAGCGCTGCATTATTATTCTTACGAAGGTTTGTAGGTCAAATGATTATTTTGAGTATACAATTC,952,46.53,Arabidopsis thaliana
SEQ_712420,CCAAGCGTTTATCACCGTCTTTGCTGCATTATGAGTCTGCTACCCTATAAGGATTTCGCTTTAGCGGCTGATCGTACTCTGATCGCGCGCTTCCGAGATTGTTCAGAAGTTGGCCTTGGCCATAAACATGCGCAGACTACCCTCCGACTCGGCGGTGGACTGGTCCCTGGTAATAAATATGTATCCTAATTGTCTCCCGTGGCGTCGCAGATGGACCCGTCTCTGACTGCCGCAGCTACGGCTTGAGGAAACGTTCAGCCCAGAGCACCTCAGTCAACTCTCATATACCAACGCCCGATTTAGAATGATTCAAAAACCTACCATATATCTAGGTATCACGATTCGGTCCCACGGCTTCGTTTTC,364,50.55,Arabidopsis thaliana
SEQ_978272,AGGTTAACACACGCATCACCGGCCTATGGCTATCCTATAGCTTCGTACGCCTTCGCCCCTAAACCTAAAATACTCCCTCCTTAGCCACGCGCTGACGCCACGATCCTTCTATTAGTTGGGAACTAGGTGGTTGCTGATAATAATACAATCCTGTGAAAAAATTGCTGGGGTCTAGTTAGTTTATGGAAGCATAGTGAGCACCTCACACCGTGGGAGTACTGCAGATCGGTCTGTAGACACTAGCAGGAACGAGGCTTAATTGTAACTTCACCGTCCCTGGAATGGCAGTTCACCTTAGATGCACTAGTGGCCTCTATCCGGGGCGCTTGGCAGCGGCTGGTGTTCTGTTCTACAACGTCGCTTCCCATCTACCCACTAATGAATGCTGGGGGTCGGGCTGCATGGTAGCCTGTAGCCCATACAGGAAGAAAAGTGAAGTATTGCCCATCCCGGAATCTAATCGGAAGTGATGACACGGGCAACATCGGACACCCAGAAACCCCAGTAATGTTTGAGTTGCCGACCTTGATCGAACTGAAAGCTAACAGTATGAAGGTTGAATACGCTAGTACACCTCTGAAGCTAGCCACGCGTGGTTCCTCACTCCGCATGCTTGCACTCTTGGGATAGGTATCCTCAGCGGGATTCGGCCCCTGGCAGTACCCAGCCTATGTGGTTGAGTTATATCCTGTCACTATGCCCAATACCCGTAATATCGGGTAGTTCTAGTAATTTACCCCTAGCGTGCAACGATAGCTCGTCGTCACTCCGGAACGTAAGGAGATTCCTTGGCACACGAGTATATATCGTCTCACCGAGGTCAGTAGGGCTCTATGTGACGGTAGCACGTGTAGTTCTGTAGGCCCAAGCGTTAGGGAAACCTACAGACCCAGAATGTCGCTTTATTACAGGCGCAAGGTGTCGACTCTTCTGTCAAAGTTTCGCATCGGCTGATGAAACCAAACACTCAGCAACTTAACTCAGGCGACGCCATTTCGTGAGGGGTGGTACGAGGCAGCTGCTGCCAATCAGTTGGAGCATTTCGTCGGTGAACCTACACTCCACCTACTGCGTTCAGCTTTAACACGGAGCGGCAGCTAGGTCCTAGTAGTTGTCCCGCACCAGGAATTGCCCTTTCCCTGTCCTAAACCAGGCGAAAGGTTACTAGTGTTAACTGTGGCTCCTGCCTAGACGCTACTCATGTGTGGCATGGATTGTGTCTGCAGTAATTCTTGTCGCAGCAGCGTAAAGTGATGTTAGCCCGTCCGAAATCCGTGAAATGAAGGCGACGGCTCTCGTACCATACAACTACTGACTTATGATAGGCTATTATTGGGCTTTTTTACGTAAGTTATTCCGTTGCTTTATTACCTTATCTATACTATTGGATCAACCTCTAATCAAGATGACCAAGAATTACTTATAAGAAGGTGCCCCCCGCTCAGTGAGAACATAGTCGAAACTCCCCGAGCGTGCCAGGTTCCTGGATTGATTAAACGACACACTATCCTCTGCCGTTTGGTGCTTAAATAGCCCTGTCCCCATACCCCAAGAGTACTACTGCCCGCGATGGAGCACGGGGCCAAGTTCTCGTACGTACTCCAGCACTAATTGCAGATGTACATGGGGTGTCGGACAGCACGGGCGCAAAAATGGGCATCATC,1664,50.18,Mus musculus
SEQ_240102,AGTAACACAAGTGCTATAACTGTGATGCACTGAGAATGCTTAAAGTGACCAGAGCAAGGTCGAGCAGCGGAGGCCTCGTTAAAGCCTCCAGGGTATTCCGTGGAACCATTTGCGGTCGGATAGGCTCGACAAAGGGCGACACCTCGATTATATGTCCACCCTAGCTCTGCGACCTTTAGATCTCGAAAGTATTTATGATACATCTGTAGTCTACTTGTCGACACGAAGCTGGGGGTCTCTGTGCAATTTACACTGTCCCACCTCCCGGCCAGTAAGGGCACAACAGAGG,289,50.52,Mus musculus
SEQ_310758,TGTAGGAAAATTGGAGCGGGAGCCATCTATAGTAATGTCATATAATTGGGCATGCAGAAGA,61,40.98,Homo sapiens
SEQ_992195,GACGGGTGCTAGGCTTATAACATTCCGGATGCCCGCTGATATGCACGAGAGAGGGGTGCAAGGCAATGGACATATACCGTTTTGCTTCCCCTCACCACACTAGCACGGTGATAGTGTACGAAACAACAGGCGGACGTGATTATAAGGGGGCCTACCGACGAGGCCGGTCTGAATTGTGCAGTATCTCTCGGCGGGCGCATAGGGAACTAACTAAGCCCACGCATAGCGCTACATCACACAGCGACACTTTCGGAGTGATAATTAGACTGTGGCGAATCTACATCCAACAGGAGCAAAAGAAGGGGCAGGAAACCATTCGCGGTATCTCGGCATTCGCGCCGAAGAGACAAATGAACGAATAAGCTTGCGGTGAAGCTGTCCCAAACGGTTATTAATGCGTATGCCGTACACCCGACATGGCCTTCTCAAAACGTTCGCCTAAGCTAATGATCGTGAGCTGGAATTTTCCAGACGTCATCAAATTTGGTCCTCGTTCCCGACCGTTTTACCTCTATTTAGCGGTTAGGCATCCAGATTTCGGAGGCACGATCGTTGTACCAGAAAGTCACCAGCGCCAGGATCTATGCCCTAGGTCAGACGTGAGTGAGCAGCAAGCTCACAACATAAACCGGAAAGTAACGTCCCATGGCTTGTTAGTGTTTAGAAGGGGTAGCAAATCGCGGAGGCTGACCGTGCACTGTCACAAGCCTAATCGAAGGCACGAAATAAACGACGCACTGGAACGGTTCTATCGTCTGGGCCTACACCGCTATGGCTGTAAAAGCTACGCGGGTGCTAGAAGGTCGTTGAGGTGGTGTTACCGAAACTATAATTCGCTGTATGTTCCAGTGCAGAACTCGGCCCGAACCTGCGAATTAGGGTTTTTTTCCGGATTTCTGTCCAACGCCAGTATTAAGTGACTATCCTCACTTAGAAACGTCCCGATGACAGCTAGAAACTGTCTCTATCATATGACATCCAGTATT,986,50.2,Caenorhabditis elegans
SEQ_297392,CCCGGGCTGTACCGTGCAGATCGTGATAAGTTTTACTTTCGGCACAAATGGCGTCGAAAGACGATCAGAAGCAGAACTCAAAGTGTCTCAACGACTTTCCTGTCGTGCGTAAGGGTACCACGGCGGTATAACCAAGTATCTAAGCAGGACCGAGACGAGCAAACAGTAGGCGCCGAAGCGGTGTTATGTTCGTCCCTTACTGCGGTTGCTCGGAAGTTTCGAGCCAGTTTACGATAGGCAAGTGTCTAGAAGT,253,50.99,Caenorhabditis elegans
SEQ_996005,AAACGATTGCGGGTCCGCTAATAAACCCGCAAGGGGTAATGAAGGACCCTCTGACGCTTTATCTGGGTCGTAATCAAGGATGA,83,49.4,Homo sapiens
SEQ_695088,CCTCTAGGACACGTTGCATTATCGTCGGGGCTGTAGCATTCGCTTCGTTGGCATCCGCGCATAAGCAAGGTTCCAGGCAACATCTTTGTCGTAGACCAATGGCGTGAAACTACACCAATCAGCAAAAACTAAACGACTGCCTTTTGGATCGGTAATGTTATAGTCTTAAAAACACACCTGCTAGCACTGGGTAAGGTGCCTGGACTTCCAATCTTTTGCGGGGAACTCAGAGGCGAGAGCGAGCGGGTCATTAGTTTTCTGTTTACAAGTCTCGCCTCTTGTTAATTAACTCTTGTCTGAGTTTCTACAGCACCTTATTGACTTATGTCAGATTGGCTCTATTATCCTCTGATCTTCCGTCCGCGCTTGTCCAACCGATGTCTTGCCCTTAGAGGGGTCTTCAGGGAGCTAGTCTCCTATCCCCTGCACTCGGTGGTACAGATAGTCTCGTAGGTAATACCAGATCACGCAAAGTTGTTTCCCTAGCAGCCGGCGCCGGTGTGACACCTACTAAGGGTCTACGCGTTACGGTCGTTAGAGTGGCCTAGCTAAATAACATAATCCCGGCCGGTTACCCAGTGGAACGTGCATTCATCGTGGACCAGTCAAAACCTGTCGGATTTAACTGACCAGCGGAGGCGAGAGAGCGGACAGATTCTGCCACAGTAAAAACCTAGAACCACTACGTGAGGAACAGTAGGGCGTGACTGGACTATGCCGCGGCCTCTATAGTTAACCGTGATACAGCCTTAGATCAAATAAGCCATTCTCCGTGGAACGGCCGATCAATCATTGTCAACCCTAGTAACAACTTAGCATTCTACGCAGCACCTGGAAAAGTTCGACAGATGCCCGCAGTACAAGCAACATATTAATCACTAATCCCTACGTAACACAATAGAACCCCTCAGTGATACACGGCGCTCTGTAGCACTGCTCAAGTGCAAGGAGTCGCCCCTTCCCGAAATTCGAAAAGCCGCTAGGAACCACCACATTAGATTTAACC,1006,49.2,Escherichia coli
SEQ_513840,AGGCCGGCCTCTAATTGCAGGCGCTATCTCAACGAAACGTCGTCGGAGCCACTCCAGTTTAAGCTTAGTGGTGTCGATTCCCGGTTGATAGCGATGCTTAGGTGGCCCATCTGTACGCTTCAGTTCAGTAGTGCATGTACTCTTTCTCGTTCCGCCGTAGACCTCTGGATTGAGCACGATTTGCTGATATAAGACATGTTCACGAAACCGCGACATTGACGCAACGTAACGAGGGCGTTAGCTAGTCTAGACAATCAGAAACGGTAGGCTACACTTTCGAGTTGGTATGCCTAACCGAGCATTACTAACACCACGTGATCGCGTTCAAGACCGGGCTGCCTAGCCGAGAATCGGCATCTCCACACGACCTCGGGCACATGGCCACCGAACAGCTTTTAGGCGGTTATCGGGCCGTTAAACTGGTCGGCTCAGACTGCTACATGAGATATTTGTTGATCAAACATGTCGCCTCCACGATATCGTACACAGCAACTTGGGCAAGTTGGGCGATGATCAGCCGGCGTCTAAGGATGGTACGATACTCTAGAGTTGTAGCCGGGTCAGTTGGGATGTTCATCCTATG,583,51.63,Homo sapiens
SEQ_697078,AGCCTATGGTCTTTGAGCAAAGGAGCACCTTACTTTTCCTCGCCCTGACTACGGCGAAGCCTCAATGTTACTACCAAGCGCCATAACATTTCCGGGAACAGACGCGGCCTACTGTAGTACCGGAAGTCCGTGAGCGGAACCTGCGAGAGGCCACGCGTAAATTGTCTCGTTGACGCCCACTAGCCTATTTGATGCTCCGCAGAAGCATCGGGCAGTCTGTTGCGTCCCCATTCTCTACCACTATAATTTACACGCGGAATACAACGCGCCTTTGCTCTAGTTTCTTCACCCTCCTCTTATTCTCGTTGTGGCCAGCAATATATAGCATCCTATCTACAGTTTGCTAGAGGGACGATCCTCTCGAGAGATGCATCGCCGGGAAACATGCGAGTCCAATTTATGCGAGGACAATCGAGCTTTACTATTCCCCCGCGCGGCTCACGGAGGTCGTAGGATCGTGTCACTATCCGTGATCTTCGGCCACGCGCTAGTCGCTTGAAGTGTCGCTGTAATCTGCACCTACTACTTCTAAGAAGACCGGCCCTGAAACGAGTTCGCCTGAGATGGTCTAACCGACCGCTTATTTCGAAGTTGTAGTAATCGTCCTAATTTGACACTTCGTAGCATGTGTTGTCTTAGTTAAACGCACTCGTATGTCTTTCTTCACGCAACAACAAGGGGCTCGACCTAACCTATCCAACTGCTAAGCGCCATGAGGACAGCTTTCCAGCGCGTCCTAAAGGTCCGGCGGGATCTACATCTAGAAGCAATAGGTTTGATCGTGGAAATTACGAAGGTTACCCTGTCGGCCGGCCGGGGACGATCAATAGACTCGTATCTGCGTGCGTCTCGTAATCCCTGCGCTTCCAAACCGGCCAACGAGTACCGGTTCGCTCGCAACTTTTGAAGTAAGGATTGGCTGTGAACTGTCCATATCATCTCTAATTCGACATTATCTGCCACGTCTTAGACATCTTGGATAAGTGAACCACTAGACTTCGGCGCCCGTGATTCCATCATAGCAGAGAGAGCGATTGACGCGTCCGGTCTTGATTCCCGTGGAGGGGCCAAGGAGCACCGTGTACTCCGAACTTTCGTGCGTAATTTTATATGAGAATGCAACCAGGGGACACTTACGGCAAAATTAGGGAATCTGGGACGAGTGTCCGTCAGCTCCCTTGGGTAAACGGTCCACTCAATAGGTCCCTTAACTCCAGAATGTCCTCTGAACTCGTTAATTGTACTAATCCATGGTATCAACAAGAGGGATCGCCAGGTGCTGTGGATAACAATAGGTTTGGCACCCCGCGAGTTTAGATCCTTGTAAGTCATCGCGTTAATATATGCTCGTGTATGAGCCGCATGTAAATGAAAACCGTTATACTTGTGTGCCAACTGCAAGATCGCCAGGCTACTCGCAGTT,1423,50.32,Arabidopsis thaliana
SEQ_393990,GCTACGTTATCCGTGCTCGAAGAGGTTTCTAACCTCGACTCTCGATTATTCCCAGTTGCGCTTAGCGATCGACCGACTGGATATTGACAATAGTTAGAAACGGTATCGCAACTTACTAGCAGGTTTATTTGCCTCGCTTCTAAGGGCATCAGCTTCGGGATTTGTCGCAGTCCATCGAGCAATCCCCTTACGACCTTATAAGACTTATTGCGCATTGCTCGCTTCGTGAGTACCGACGAGGTGTTCGAAAAATTAGCCGGCGACGGTCCGCTAATAATCAACAATTATGACTGGCTCAGCTAAATGGGCGGTAGTAATGCAGCCAGCTATGTCTTGAGACTCCGTGCTACAAAGTAGCTTTCGCTGGCCGCTCAATCCGAAAAGTCTATCCTCAGTTGGGAGACCCAGGAGCAACACGGGGCGGGGCTGATCCTCGCTATGTGCTTGAACTTAACATTATTGGTAATGATATACGGAATCCCGAGTGCCGTCTAGCTTACTTCGAGGGTACGACGGGCGCCAGATAGCAGGAAAGTAGCAGCTCCGTAGCACGAGCCATCAGGCGCACGTGCGATGCGCTGCACATGGTAGTAAGGGTCTTGGGCGCGCATTTACACAAATTTGTCGGAGGTCCGGTGTGATACAACTCGCCCCTTAGCGGGAATCCAGGTATGAACTTAATGTCGACAGACCTGCCTAAAATCCGTGTAGAATTTCAGGTGCGCTAAAGCATTCGTACGTAGCCTCGCTATTGTGACATTTATATGTGTCTCTCACTTTTAGTTGATCTATACATGAGCTTAGTGCAGTAAGCGAGCACCCGGCTCAGTGATATATCGACTCCTAGACATGCTCCAGCTTTGTGCTTCCTCGCAATAGGAATACGTCAACCCGGCGCTACCGACTAAAATATGCTGGGTAGATTAACTAATACGGTAATGGCCCCTGGGGTGCTGGACGCCCACGGTAGAAGTAGTAAGAGCCTCTATCCCTGTGACGTGTTCACACCACTTTGAAACCCATCCGAACAGCTGTTGAAGACGCATAAGCTAAACGATAATGGATGGGGGGCTTACAGTGGAGCCCTACAAGCGCAACCCTATAGGGGCGCCTCTGACCCCTGCTAACTGGAGGTGTTGGGGGTCAACTCCGGCAATCCGGAAGCTCACTAGGCAACGCGGGCCAAGGTGATCAGATTTCAGGCGTAGAACGTAGCCAACTTCCGGCCTAAAGATGCACCTGGGCCTTAGGGGAGT,1256,51.04,Drosophila melanogaster
SEQ_239310,CTGCTGCGACGAACGCGAGTGTATAGACCTGGTGAGGCGTTTGCGAATCCTCATCAGAAGATGCTGTGCCCATAGTAGATTGTCTGTATAAATACGGACAAGTCTTCGGAGGAACGGTCGGGCTTTGTGAATTTTCTGACACTCATAGTAAGACCCGAGAACAAGTCCGATAACCCTTCCGGCCGCGCGACTGATATCCACTAGCTTGTTTTATAGGACAGATAACGAGACGGCGCTTTCGCCGAGCCTAGGCGGCAATCGCTTGAGTTCCTTTGAAATCCTTCCTCTTGATCGGTATTGGGTGTGGCAAGGTAGATCACAGTACATTTTGGAAAATTGGTAGACATTTATGCTACCAGTTTGGCTCCGGTTAAACGGGTGTGATGAGTGTACGCAGCCCAAGCTTGTGTCAAATCAGGCGAGTCATACGGTTCGTAGGCTACGTGGCCAAAATTCAAATAATGAACTTCATGGTCACTGCAACTAAGGGGTACTTCTTGGAGTTCCGTCAGTGTCAGCTGAATGACAACCGATTTTCTGCTCCAATGTCTTATAACGCTCGTTGCTCTTTTTTAGGGGCGCGGTGATATTTGGCTCCATGCCACCTTTGCTACAAGCATGACGGAGCGCCCGCAGGGGTGTGGTATTGAGTCGGAGCGCAAGAACTACTTTCGTTAGAACACTGAGCCAGGGCATGCCCAGCACGTCCAGCATATCTGTGATTCGAAGATACCTCAGCCGTGGCGTCGTACTGGAGTCGGAAGTCACCTCGGAAGCCAGCGCCGCGTTGTAATACATTCCCAGTACTCTCTCATACGGCTCTCGGCGAAGTGCACAATCTTAGGTTCCCAGACATCCGTGCTGTCACCATTTTAAGTGCATGCACGCTCAACGGCTGGTTGACTATTGCTGGAGCCGACTCTTGCAGACGATGGTCAATGATTTTGGATGGTCAGGCGCGATGCGGGCTACGGATTTCCATCAGGCAACTAATAGGCGGAGACACTCGTTGGAAATGATCACGGTGACAGTCATGACGCCCTCATACATCGTTTTGTATATCAAGGTGTCCAGGACCCCAACGTTTTACGCTGAGGATGTTGGTCCTGTCTTGGCCCTTCTACAGATATCTATAACAACGATAGGCAGGTAGCGGACGCTCACACTTGTTATTAGGAAATGAGAAGCACTCATCAAACGATTGGCTACCCCCAGGGATGGCCCTGAATGGTGTTATGCACGCATTGACTTAGAGCAGCACTTGTGTCTAGCAGAGCCCTGATCCCTCATGTATCACCGTTCCATAAAAGGCCACACGTGATCTGCTTGCGCTAGAAAGTTCTATGTGACTGAGAGATGCGTAATGGAATGCAAATAACCCGGAGCGGAGTACGACCCCTTGTCGTAGGACAGGAGCTTCGTCGATGCTCCATGACTTTGCGATCTATGACTCGGATCCGTGACAGAGAACA,1472,50.2,Saccharomyces cerevisiae
SEQ_512450,TACCTAATGCTACTATCCCGTAGTACCATATGATTGCGAAGACACACAGTTGACCACGGGAAGTGTCGCCCCCGAGTCGCTTAGTCAGACTAGGACCCTAGCAGACGAGGCAAAATTCGTTTTTTCGGGCCGCCTATATACTACCAGATGGGGCTGAAGAATGAACTGAGATCAATTGGTCATGGCAGAACCTTTCACTTGCCGACTATAAACAGCTAAATACGGAGTCATATTTTGGTCCTCAAGTGGATAAGATGATCTTCTGGCCGAATTCGGTGGCTCTGTACTATGTTATACAGACTTCACACGTAGTAGTTAGGGAGACCATAGTGGTGGACATAGGGCATACGGATCGGTATCGGAGATGCAGAGAGCGGCGTAGTGGCGAGCCCCCTCCAGATCATCCCTTCTAAAGGGGCGTGGCGTCGGTAACTCACCATCCTTGATACGAAGGTCGACGCCGTGCTAACGTGACCAGCCCGGCTATACGATAATAGGCAATATGAAATACGAACATCACTTCGTCGGAGCATGCCTGACACCTGCTCGGATCTCGGCCTGATTGCCAGGCCAGTGGATTCTGTGATTGTCGGCGTAATCCTAGGATCTATTTGGTTGTCATGGAATGGCAGGAAATGATTTTTCGTTATGTTCTAGAGTCTTAGCCGTTCCCCAGGCTACCAAAAATTCGAAGCTATAATATGGTGACCTGCCAAACGTAGAGCCCAGAGCCCCCAAGCATTGGGGAACACCTAAACACTCACGCGAATTTAGGGCCGTCGAGGCAATCGTCTACTATGAGATACATTATCGCGAAGAAGGTTACGTGTAATGGCAAGGTCGATCTCTCGGCCATGGTATAATCAATAAATCCCTGATATATATTAGGGTCGTAATCTTTCTCAGACTACAGTCGGCATC,921,48.53,Saccharomyces cerevisiae
SEQ_116658,CCTCTAGGTGACCTGTCGAAGTGGCGGTGTTGTACTAAGCAAAAACACATAACGGGCACGTAACATTTGTGGAAGCTAGCTACCTTACAGCACTGGCTCTTCAGGTCGACGGGTAGAGACGCCTGACAAAGGCAGGCCGGGCCCGGGTAGTAAGAACTGGCACAGAGGCGTACACTCGTCGAATTAAGTTACCGTGCCAAAAGGAACGGTCCGATCGGAGAGCATATAGAGTTCCGTTCTTTTTAGGTCTTCGGCTTTAGGTCGCTACCATACGTACTAAGTGTCCCTGGTACTTCGCATCTAACTGGATCGAATGCACGGCTTAATATCAACCGACCCGGAAGCGTTGGCCAAGATGTCCATTACCACGTGCGCCTACGAAAATAGGGTTTGATGGATGAAACCATTAGCCGAAAATCGGTCGCCCCTTCGATGGGACCCGTCACCTCGGATCCGGCCATGAATCATCGCCATATCTGGATAATCTTTTCGATATCGGGGTCTCGCATAAATCCCTTTTATCCGAGAACCGGACTCCATATTTGGCAGTACATTGCGGTTGAGTTAACTTTCCAGTGAGGACCTTTTCGCCCTGGTATACCCTCCTCTGTCCATAAGCCCAGCGTGTCTTACTGGAGGCCTGCAAGCCTCGTGTCAAGGCTCGGAGGGAGCACGGTAAGACGCGGTAATGGGGTTGTCGACATCGTTATGGACAACAGGCAAGTATAGGTTTTATTTCCTGCGTCCTTGCGCGGCGAACATCGCCAAGCGTCGCTAGGAGAGAAATTTAATATTTTGGCTGTTTCGTAGGGTCGTTATCCGACTGCGTTACGTGCATGAACCATTAACTCGTCGTGGTATTCGACACCTTCCATAACGAGTTGCCTTGCGGTGAACAGGGCCCACAGAACTAAAATAATGCAGGGCGCTTTTACAGTGAGGGGGCTGCAGAATAAAATGCCTCTCTGACTGAATTCTGTCTTCCCATTTGTGGAACGTAATGCGTGCCACTCTAAATTATGTGACCAGCATACTTCGACCAGCGGCGCGGGCGAAAGCGACTGCTCCGTCGCTAGTTGCTACTGTAGGTTAGGCGATTTCCTACATAGCCTAGTTTACTCACCCCTTTATCCTCTTCTTTCAGAAATCCACCCGAGAGCTCCAGGTGGGATTCGCCGATGGATTACTGGCCAGGGCCGGTGCCTACAGAATTGTCTAGTTTCGAAGACGAGTAGTTGACTTAGCACCTCGATTGCTGATACCCGGACCTAGAAGTCCAGTTTTAATGTATTACTCCCCAGTTATATTATAGGACAGTTCCCGTCAACTCGTGGAGAACGAGATCGACATTGGGCTGTGGTTTACGCCGGGCTTGAGAAATGGCCATTGCTCTGCGAGCGAAAGCCGTTTACCATGCATCTACAGTTACACCGGATACTGGGGGGGAAGATAAACTCTATATGAAAACAATCGGTACTATCATAAGTGCCACGCCGTGAGAACAGCCGTTGATTCTGGTATTCATTCAA,1529,50.1,Mus musculus
SEQ_700927,ATCCAATTCGTGATCTCCTAAACAACCATCATTCACACTGCTCCACGCCCGGGAATACAATTAATCATCCAAGTGTTTAGACTTTCCACTGTCGGACCATTGCAAACAGGCATGTAAAACTGCCCTCACTATCCTGTGAAAGCATACGGGGCCAAAGCGACAATAGCGAACCCTTGGGGCACTCTGAGTTTGATCGATGAAATGTGGTGCT,211,46.92,Saccharomyces cerevisiae
SEQ_850709,ACTACTGGTCGGCTCCTGCTAAGGCTTCCAGTTAGACTATGGCTTAGTTGTGAATTAGTGGAATACCGGTCATAGGTAGGGCCGTCAGTTGATTTGAGTATTGTTGCTTCGGGCTGTCCGGACTTTTGGTTCGCTAGCACGCAAGAGCACACAAATACGGGAGCCAAGCGTTGACGGCGTCAGTTTGGCATGAGGCTATCGTGTAAAATATTGTCGGGAATGTTATTTAGGTGGGCTCGTCGCATGCTAAACACGTGGCAGGTTGAAGAGGAGTCAGGCGTATGGATACCGTTTGGAGAATCCACCTCCTTGACCTTGCATGGCACATCTTTTTCGTTAAGGTCGCCTGCGTCGCTCCACTTTACCTAAGTCACCGAGACTTTTGCACCATCGGGAGCATTAAGCCTGCCAGCAGCCTCGTAATTAATGTTAGATCCGACTCCAGTGGTACTTTCGGCGGACTCAGGTGGTACTTGCCAGATGGCTATCTAGGCTAAATCTCTCTGCCCCGATCTTCTCCAGTCCGCGAATCTTTTTTGGTTTCTTCGCCACTCGGTTGTGATGGCTAATTCTGCATGGGCCTCCAGAGCACGCGTCCGACCAACGCAAGGAACCTGCTGGAGGAAATTAGACTAGGGTTATAGATAGGCTATTAACTCCAGATGCATATGCCCAGCTCGGAGGAGGTCTATACACCGATTGAGCTAACTCATTCGTTAACCAATCCGGCGGTACCCATATGATCTTAGAATAAGACGTAGGATAAATTCTTTTAGATCGTATTCAAGATCGCGGGTAATAGTAGCCCTAGTACCCACAAATACGTCACAACGATAGGACTCAAACATTGGCAACGAAGACCTAGTTACTTGTGTTAGCAGTCCGCGCCGTGCTTTGATCCTGTTGGGGAGTCATTATACCTCATGCCACCCAAACCTCCGAATGGGCATCTACTGGGGAGATTTCCTCTACTATTCGATTGTTTGCGGGGATCGAGACTGATAGCATCACGAGCAATGCTTGGCCGTGGTTGTTGGGCAAGATACGGGCCCGCCCTTCTCCGAGATCTACCCGTGATGCGTAAGTGAGCTCTTCTAACAGCCTTATCCGGAGCCTGTTGCTAACCTGTGGCCAACGCCGGCTTGGTTCCGGGTACCCCGCAACTAATACGGGCGGGTGTCCCGATCTTTGCGAACATCGGGTTTCTCCGCAACTTGTCATGTAATTGTGGAAGGGGACTTGAACTCGCCCGAGCGGACTGTTAGTATTGATATCAGTCGCGTTGGTCACACTGATAGCAATCATCGACTTGAAACCTAGTTCAGGATGGGAGGCTGACCGAAGCCTTTATACTATCCTCTCTCATGTATTAGTTGGTTACCGTGCGGGTAATGGAGGACCAGTTTCGGTCCCACCCAGGGCCCTATTCCCAGACCGTCGACATTTACTGTAAACAGGCCGAAAACAACGCACTAGGAGCGATTTCTCGTAGGGCCTAGTTAACTAACTACTAACTTCAAGCCTGCTACCGACCACGAGCCGCCGCAGTGGTGAGGTGATTAGCAACAAATCCGCTAATACGGCTAACGGGAATATCCCTCTCTTA,1606,50.37,Saccharomyces cerevisiae
SEQ_759768,AATGGGGGCAGCGTGGCCACATTTACGTCGACTAAATGACTCTGGAATGCTCTAAGAGTCGCGTACAGAAGTACAGGTAACAGTTCAGTCTCTAATTCGCGACACAATTGTCTGCAACGATGGAATTAGTTGAGAAGGTATAAGAGGAGAACCTGACATACCTCTCGAAGCGTTTATTTCCAGCGTACACGGCAACCATATTGTACTTAGATCCACTACCCACGTCTCTTTCGAAATCGTTCAACGAACAGCCTGCAGGGAGCTATTGAGTGGTGTTGTCCCATGGGCGGTTCATGACTACGCTTAATACCGACGAAGTAGTCGTTTCAAACTTGCTCACGCGTGTATGAGCGCCTGAACTAGTGCCATTGCGCAAGGCAATTGAATGTGGAGATCAAACTTAGGAGTCCTTGAAAGGTATGAAAGGCTTGAAACTGTTTAGCACGTGTCACGCGCCGCCCCGCTATGACGGGAAGAGCAGAGAAGAGAAGAGGTAAGATGCAACTACCCCGTTTCCACTCTTCCCGAACAGAGTGTGATGGTCTTGCCAGTGAGAAGAGAATTCACCAGCGCGTCAGCTCATAGGCGATCGTGTACACGGTTATGATACCCTATACGGACTCAGTGCTGGAACTGGCAAGATAGAGTAAGATAGGTCGCCTACCGTAACATCCATTCCAGTTTATGCTGGGGTCTCCTGTCGCTCCAGTGGGCAAGGGCCTACGTAGTATCCCTTGCCACGGATGT,747,49.4,Homo sapiens
SEQ_506877,TAAAACTGCGAGTAAGGAGAGACTTGGAGCCCGGAGTCCGTTTAAATATCTCCAACGAGCTTCAGGAATATCCATGGATCCATTTGTGCATCAAAGCCTCTATTCGATTAGCCTGTACCATATAGTTCTTGAGCTCCTCTTGCTTTGCAGTGCCCAGCTATAGACTTATCTTGATCTTCTGTGGATCTTGTGCAAGTCGTCGTTTATTCGATTGGGCGGAAAGTCTTGTGCGGGATAGAAGTTGCATTCGTATGTTGGGAGCTTCCTAAATCGACCGGGTGAGACTCAGCGCGGCAAAATCCATCAGGTTGGGCAAAGGATGCAAACTCCGCCCTATTATATTCCGGTGTCGTAATCCGACCGGCCTTGACCAGAGGGACATTTATTGATACAACTTTCATAGTTACTGAGAGTGAGACCGGTCAGTTATCGCATCGGTCGGTTTCTGATCGAGCCGCATAACGTCCCACACTCTCACAGTATGGGCACAACACTAGATTCGGGATTAGTGTTTCCTACCAGTTTGATTGATTGGCCCATTACGTATCGCATGTGTTCGATGCAGCTAACGATAGAGGGTGTGCCTCTTACAACGAGCATAACAGTGCTTGTTTAATCATGGCGCACCTCGTAACAAAGCTCAGTCACGCAGTGGTGACGACTACATTGCGCAAAGGAATATCCGTGTTGTTGCTGGCCTGCTTGAAGTTAGAAATTACATACCCCCGTCTTTGGTAGTAAGCTATACGTCAACGGAGTCAAACCGTGAATCGAGATTATCTCTGTTTCAGATGGCTCAAGGTTAATCTAGTGACGAAGCGGGTGCGAGTGCGAGAGTGGGGAAGTAACAGGTCAGACCCTACACGTGGGTAGGTTCCTAGGGGACATTGGCACCACCTTGAATAGATCACTGTCTCATAAGGTGCTCCCTCACGGACAGTCCAGAGACTTCCGAAATGTAGGATGGAGTTAGGGTCCTCTTAATTCGGTAGGAGGTTGAACATGGAGCTGCTCATGCAAAGTACACGATGTGCGCAAGCACTGCCACCGTTATCGATCAAACCCAACGCAACGGCGTCGTGACTACCAGTCTCGGACTTTCGATGTGAAAAAAAAGAGTGCGGACTTCGCCGCTCCTTGCTGCGAAATTGGGTTTTTTACGATCCCCGTAGACTGCGTTTCGCAACTGAAATCTAAGAGCTACAGCTGTATAGCAACCTTGTTGTCTTTGACTTGACCCGTCAGCAGCAAGAGTGAAAGCGTCACACGTTGACGATTCTATTCTGAACTCCCATCAGTCTGGGTTATTTAAGACGATAAAGGACGGATGACTGAGCGCCGCCTGGACTATGTACCATCTTCAACTATCTAACATGTAAATCTACGTATTTGTTGGCAGGTGAAAGTGCAACTCCGAGG,1419,47.92,Mus musculus
SEQ_711540,ATCGTTCCGCTAAAGACCTTTGACTGCTGATTCCAAATACAATTTGGTACGGGTTAACGAGTATTGTAAAGTCGCTAAGGTGTACCACAGAATTGAAAATTTAGCCGTTACGGACAAAGACCGAGTGCCTGAGATACCCAACTCGGAGATTATCCCTGATCCCAGCGGGCTGTGTGGACAGGGGGGTCATCCAGAAAGTCCACGCTTCAAAGGAGCACTCAATATATGCCCACTCTTGACTCATGGGGAACGGCTCAATCTTGCCCTCCATGACCTCCTGTTCGGACTGCACGAGTCTCATCCCGACCAGAATGCCCTCTTGCCACTTAGGGAGCCAGATCCAGCCTCAATATCCACCAAATGACCCTTCCTACAGTCGCTTTTGAGGGCGCTTCAATGCTTTAGGTCAGGTGATACTAGCCGTTTGCACTACTATGTCGCGGAAGAGACGTCCTCGATCGAGCCCTAGGACGGGTTACTCTTTAATCGGTTAGGACGTACTATCTAGTTATTTTCGGCGAGGCGGGATGCCGAATAAATAAGTTCTGTTCGTGTCCTCGACTCGCTAAGTCACCGGTCCAGGCCGAAACCCCGAGGGCCGGACCTGGGACTGATCTTTGATGACGACGATAATTAGTGGATAGATAGCAACAGACTAGTTCGTGAAGGAACTGTCCCAACAGTTGAATCATGGATGTCCAGTAGGTTAACATTCTCAACGGCTTCTAGCTTCAGGATACCATGATTACCCGTCCCGTAATATAAGTTGCTAGGTGAACTAGTAGGTGAATTTTAGCAAGCAACTTCGGATATTGAGGATAGGTTGACGGCCACTCTGTGCCTCCGTGTCTCTGCCATCAAGAGATCGAGGCACTGTAAACACATAAGGCGCCCGTCCGAGCGGAAAAAGCTTCCTTTCAGGACTATGTGTCTAACATTCACTCGTTACTTTGGACTCTGCCTCAGTCCGTCGACCAGAGCCCTCCATACCCGCCCGTGTGAGCAGGTTCAACCATGGGCTTACGGCTATTATCGCGAGGGAAGTTATAGAATCACCATCCTTTACAGTTGAGTGTCTAGGCGCCTGCTAAATTCTCTCGCATCATCGGAGCAGTTCTATTAGTTTTACATGGACTAATAGGTGTTACGAGCCCCACTGGAAAAAGAAATTCCGGATTGAAGCTTAGGGTATGCTAACCCTGCGAGACCAAGTTTAATCCTCATTTTAAGTAATAAACCGAACCCCCAAATGATACGTTTGGAGCCATTGCCGCAGGACGGGCGTGCCTCCTGTCGTGGTTTGTGACGCTAAGTGGGTGAACACAGAATAGATGTCATACTACATAGATCGATGCTTTCGAAGTTCAGTGCTAACCTGTCGCGAGGTAGGAGCTAACTACGGGGAGGCTGCACATTCTTG,1420,49.15,Arabidopsis thaliana
SEQ_294906,TTTTTTACCACCGCTCGCTAGGTTGTCGGAGAGGCTTGACTCTTGCAAGTCATGGTCAGCACAAGGCGTCCAGTGGTGCGCGATTTACTCTGTCCGTAGTACGTACCATCGTTCCAGATACACGACCCAGTCGTACCTCTGCTGAGAACGTCAACTCCTGCCCCACAATCGGCCCCTATCAACAAGGAACGACTCCACACTAACTACGACGATGTAACGAGCCTTCATCCGTAGTAAGTGTATGTCATCGAACTTTGTTAGCCATACAGTTACTGGGTGCGGGCTGTAGCGTATATCCAATGGAGACGAGGCACTGTCATATCGCGTAGTTGCGATGGGATCCACTACTGGCTATAAGTAGTTCTCAGTTCGGTTGGAAGTTTCCTACGTGTTGTCCGGGCAAGATACGTACGAATGCGTTAAAATTGGACGCGGCTACTGCCGGGGAACCTACACATACCAAACCTACGAATCACTTCGCAAGTGATGCCCAGGTTATGAATATTTCATGTATCGTTAAGTGGCACTTGGTGGAAGCACCTCGCGGTTATCTCAAGTTCGCATCTATCAGTTATCGAACCGCTGCTCCTCGTATGACGGTAGGTCAATGGACACCAATGGTACTTCGAGATCGCAACCGTAGAGACCACTAAACTGACCGAAGTGTAACTGTAATTGGACAGAATATTTCTGTCAAGACCGGTCACTAACGTTGGTTGTGAGGCGTTCAGATGTACTAAGTGGTGGCAGGGTAACCACCGCCCCGTAATTACATTGAGTTGTTCTTTCTCCGGCCCCCAGGCGCTGCAGTGCAAAGGACAATGAGGCGGCCCTTCTTTCCAGTATCAAAAATATTTTAGAGTCTTCAACTGGGAAACAGAACTCATCGCCTATCACAAAGGGGGTTGACGGATCGCGGAGTTCAACGAATCATGATGCTTAGTTCAGACTGCCGTTAATCAGCCTAACTCTCGCTCGTAGCGGTACACTTGCTACGTCGTCTGTAATTGAGTCAAAACACAGATCCCTGGGCCTCCTACTGGGAGCGCCTACTAGAGTAAGGATTGGCTATTTCCAATCTGGGACGTGTCGACATATTGTAATGCTTAGCGTGATCGTCATGATTCGGTAAATACTAGACATATGGAGTCCACGGGATGTTACTAATCACCTGTTTCGTGGCTTGCCGTTTTTGAATCACCTTTGGAATCGTCACCTGCGTGGCTGGCTCTATTCCAGGAAGTTCGATAAAGCAATATCCATACAGCGCCGTCGCCTCGTACCACTGTGTCGGGACACGGGGCGATAAGTCATAGGTTTACTCGAAAGGTTTGTGTTCTTTCACCAGCACAAGTAGCTGGGAGTGG,1367,49.09,Arabidopsis thaliana
SEQ_154650,TCGCTTAGAGGAGGCCCAATCTGCGGGACAGAGAAGTTTCCCTCCCGCCCGAATTATCGGAAAAAGTAACTGGGACACAGGAGGCCTAGAAAGATTCCGTACACCAAAATGGGAGTTGATGGAGACTAGGGCACCCTTTATGCTCGACATACGCTAGAAACCTCTTTT,168,50.0,Saccharomyces cerevisiae
SEQ_524766,ACAGCGAGCGAGGCGGCCGCACGTCCAAAAAGGTCGAGGGCGATGTGAGACGATTGTGTGCGGTCCTTATCGGCATAGACATCGATCTGCTAAACCCGTATTAGTGTTAGGACGATGCAAGTCGTGCCGATTACGCCGTACTTGGTTACTGCGGCTGCGGGAAATTTCAAAACAGGGCAGTGGGCATTGGGAGTAAGTTATGTTATCGCATGGCAGAGACCGACTGCGATCCGATGGGAGTTTCATTGGAGTAGGCGATTAGGCACCGCGAAGCGATATAGTTTTCTCATCGTGATATTAGACATTTTACCGAAGACGAGCATGACTCAGACACGGAGAACTACTCGCGGAGGGTACCAATTTTTCAGTGACAAAGCATCCCTCAACTCCCGATGACAGGGGTCACAGCCATTCAGGGATCGTGCACAACCCTTACTCCGATGATGAGGTGAGTAAGTTCTCGGACAGCATTATCAGCGACTCTGTACGCCACAAGAGAAATACGTTGCCGAGAAACACTTTCCGCAGACCATATATCGGGGCTCCTCAGCAAGGTCAATCCCTCAGGAGACTCCGAACTCCCTTTACATGCACATGCCCTTAACAGGTAACTTAGCTACGTCCCTAGCCTTTGGGGGGATAGGCAATCGAATTTTCTGTTTCGCTCAATACGCGTGGGTCCGAATTGGCCAGGGTCATTCACGAAGCCTCCGATGTAAATGGCTAGAGCCGATCGCAGAACATTGGTCAATTACTAAAAAGCTTCATACGGGTGATTTAGATTCTGGCTATATCAGATACCAATTCATCATCGGATGGTCTACTAGTCAGCGTCACCATGGTGTGGGACGTGATTAGACCTGAGCCGGGGAATGCCTACTAGACACGGAGGTAGCACACTCGTATAATCCTAAAGGGAGACTCTCTTAGACCCTCACCCTCGGTAGTTAGCTGCATTTGGCACACTTGCCCACCAGATGACATAGCCGATAGTTCATAGGTGAGAGAGGCTGTCCCGGCTATAAGAACGCTCTCGACCGCTTGATCTTGATCAATTTCATGGGCCGACAGGAACGCAACACGGGCACCGACTCCATGAGACACTGCTTTAGGCATCCGGAATAGACAACACATTCCGGTACAGGCTGCCATCAGGATCCGGGTGAGTCAAAGCACCGACACTCGAGTGTCCAGAGTCTTAGGTTAGAGGTTAAGTGGCGTGTGTATAAGTCGATGCGAAACTCCACTCTGGCACCGTGCCGTTGGCACAACCTAGTCCAAGCATCGTGATTGGCCCGTCGTACAAGGTATGTCAAGAGAAGCGCTCTCAAGACCCGACCTACGTAGCAAACACGTGCCCAAAATGTGGCTGTGTTGAGTGACAACCATTAGACGATGTCCGGGCACTTATTTATTC,1417,50.88,Mus musculus
SEQ_230156,CGACTGGCGCCTGGATGCTCCAACTATGTGCTACGTGTATGCCCTGCAGGTTGAAGCTTAGTTTGCACCGATTCATACCGGTGGTTGGTAATACGATAGGATCAGACGATTCACGTCGGAGCGTATCTCGAGAGCTAATCACTCAACAGGCCGGCCGTTTAGCTGAGACGTTCTAATTACTGCGGGAGGACGGCTTGGTGGTGGGTAACGAAAGTGTGGCCAGTAGGCGTCTCATAGGATATTGTTTAGAGACCGGCCTAGTACGTAGTTATGGATGCAGAATTCTGCTCCAGGTACATTGCGCATCACATGGGTTAAGAAGGTTTCTCGGGCCCCTCCCCTGCTCGCATGGATTACTGCCCTGTGGGAAACTGCGAAAATAGTCCTCACGTAGGCGAATCGAGCCTTCACAACAGGCGTTGGCCTCGTTGACGCAGTATGTCAGCGGTGTGCCCGAGCAAGAGGTTTGTCAGTTGTTGATCGAAAGCGTTTATATATTTCACTGCATTATTCAGAGAGATTAGTGTGTGCTTCTGTAATCCGGGCTAAGCAGGGTATTGTTTGGGGTCTTGAAGAGTATTTTTACGTGCTGTAGCATGTGGAAGGCTGGGGAAGTCTGGGAGGGACTGTCTCTCCATTGACGGTGACCCTTACTTATGATTGCAATTACGGACTCCTGTTTTACCCCTTGCGCCAAGATGCGAGTTCCTCGACAAGTGAATACAGTAGCAATTTAACCTAGTCCGATGTGTCATCCCGAAGAGCATTCACGAGGGTAATAGCAACGGCGTTCCTTCCAATATTCGGTCGGAAAGTGCTAAGATCGAATTTAGTAGTGTTCATCTCGGCGTGTTCGATTATATCGGGTGCCTGTTTCCCTGGACTCCATCGACGAGTGCAGGACTGCAGCTTGTTATTTAAGAAGTGTGATCGATTGCGAGCAAAAATGCTGATATAGGCTAGGCGCACTGGGAGTAAATACAACCTCGCTAGACAGGGCGGAGTGATCCCCCAATTATCCTGGCGATTACTCCTACTAGCGAGATCGACCTTATGCCGACAACTACAATCGGAGGCTAGACCTGTAGCGGAGTTTAAGGGTCACCTTAATCAGAGATCCAATTCGTTTACCTCGGGTTCGATATCTGAAGGGCAGTGGGGGTTGGGTTTAATCCGGAACTTATGGGTGGGAAGGGGCCATCTCGCTTTTGTCATTCTCGTGTAACTGGGAATGCGAAGAGATTTGGTTCTACGTTCATGCCTGACTGAGTACCTTTTTCCCCCGCAACTATCATCTAGACATTTTCTACCGCATCAATTGGACCACTCGTTGGACCACCTGCGTCGGAGTGTCGCGGTTGGGGCCTCCAAGGTAAGATGGTCAGAGCTGCGGTTGGCCGACTGTCGTCGCATACCCTTTACGACGGCTAATGTAAGGCATTTCATCGTTCTAA,1454,49.93,Homo sapiens
SEQ_106186,GTCGCGTTGGGGGTTTCAGCTGGGCGAATGGACTGAGACCAGACATCCAACATGGGAAATTGCCCTCGTTATATTATCAACGCTCGCTGGACCTCCTCACCTTGGTTTACTAATTATTCTCGGTGGCATTAGTACGAACATGTGTAGAAATTTAGCGCGTGTGAAGGCTATTCGTACTCAACCGGGAAAACGAAATGCTGATGTTCGGTTTAAGAGGCTTCCAACTACACTCCAGTCATCCTTCAGTCATTAATTGACCCCGATGCAACAGAAGGAGGCCACCACGGGTGGTCCAGAACCTGGGGAGGCTATCACCGTCGAACGTTAACTACTGGAAAGCAACGTGTCCATTCCCCTTACTGACAGTTCCCACCGTCATAGCTGTAGACACGATGTCCCACTGTTACGTTTTGCTCCACCGCTCCTCCGCAGGTACACGCCCCCACGTTATAAAGCTGCCAACGGTAGATCATCTCAATGTCACGAAGTATACCAAGGTGCACAGACCCTTACTAAACATTGCATTAGCTAGCGATGCACTATCAAGCTCTACCCGACGAATGCTACAGACTTTTGACGATCCATAAATAACGCAAATGGCGGACGTATAAAAAGAGCTACAGTGCCTTGCCAGAACGGCACGCATCAGTTGTTGGCCAAATAGGTATTGTCTATGTCTGCCCTCGAGAACGAGGGGCATCAGATAACGCTCGTCGATTAGTTACGAGAGCTGCATGGATCCTGATATCGCGACACTACGCGTGTTTATCGGGTAAACTACCCGGTACTTACAGAGCTGTGTAAACGAGAATCATCTAACGAAACAGATTAGGCCTGTTGTTCCTAGCTAGTTCCTTGTCATATACGCCACCAAACCGTAACAACAGAAACTGATAGCACCAATGAATGGCTCGTCTTAAGAGTCTGATAATAGATATAGTTATACAAATGTCTTTTAAGAGTTGGCGACTGCTTCTTTTAGGGTTCTATTATTTTACCACCGATAAGGCGCGGAAGACGGCAACTTCGCGAGAAACTTCCGCAAATATAATCATTGCGATAAACCTTCGTTACTAAGAGGTCCTGGTAATGACGGTCCACCCAGGCGTGAGAAACGTCCTCGCTGGCGCTGTCTCATGGCTGTTGCAGGCGCAAGTCCTTCCTGGTTTGTACCCCTTTTGCCCGTGTCACACGCTCACTGGCCACATAGGAATCCTAGTTCGGCGCCATATGGGAAGACTTGGTGCTCGTCGCTACCAAGAGGAGGACACCTTAGTATCTTCGCAAAGGACCCGTAATGGACAAAGCCTATCATGACTGACGCCCTAGTGAACCGGACTATTATCCTCACGGTGTGGGGGGTACCGTCTCTTATCCGTTTTTGACACCCGAGCGCCTCACTTACGTTAGGATTGGACCCGGACTGGAGTGCAACAAGCTTGATTGAGCTATAGGTACCGGTGTATTTTGCTGATTCCGCGTAGCGAATCCGGACCTTATGAGGTCAAAAGCGTGCACTCTGCATCAGCAGAGGTACGACAAATGCATCCATCCCCCCATCTATTCTGCAAGTAAGAGAAGCGGAGACAAAGCCATTGCGGACATCGCACTCGATGGGGTTATGTGGCAAGCCGGACTTTTTGAGCAACCTTGACCGTAGTCGAGAACGTCAGGACGACCCGGCAAGTACATACATACCGCGGTGCCGCGTAAGTCACCGTTATTCTAAAGCAACAAGGGTCGACGGGCGAACACGCAGGCATTCACAGCTACCTACGGCTCTGGAACAGAGGAGTCCCGAATCGCCCAATCGTATCGACTTACAAAAGTTGCAAACCAGGAATTGACCGAGACTTTCCGCATGACTAGCAAGAGAGCTTAGATCTACCTGCAATTGCCATAT,1903,49.45,Escherichia coli
SEQ_455317,ACAACACTCCGTCAGATAGGTCGCCGACACGTCCAATCCCCCGTACAATTAAGGGACCAACTCATCCTGTTCCATGAGATCCCAGCATATGAAGACGCTCTAGAGCGACTAGCGGCATGCTTCGATTACTCAGTGATAGTGGCAAAATTATATCCGGTCCTCCATTTATAGCAGGTGAGATTACTTTCGAGGGTTATTCGGAGAGCACGCACGCATTTAGGAGCCATCGCATCAGCTGCCTCGCGGCCAGATCCCAGCGAGGAGTGATATGTTTCCATCCTCTATGAACCGCATCAAGCCGAATACGCGACGTTAGTATCGGACTGGCGCTGTACGAAACTTTTTTCGAGGAAGATCGCCTGAAGTACAGCCTTTAGATAGATAAGCAGGCAACCAATCCCCTTAGCTAAAGCTGGCGCTAGTTCCGAACGTCACCGAATAAGGCTAACCTTGGTGGTTGCCTTCGTATGTTCTATCGTACTAGGTTGATCTGACCTACTTCTGAACACGTTTTACAAGTTCGTAGCTCTTACACGTAAGTGCAAAAACAGCTACCAACGCAATCTCAGGTGCGCAAGCATGTGTGGAGGGCCTTGTAATG,601,49.08,Escherichia coli
SEQ_640123,ACCCCCGATTAGCGCTCCGGAGTGGACTTCGCAACTTGACGAAGAGGATACTCCCACGTTAAACGCCGACTAGCTTAGCTGATGGCGAGCAGAGTGCGTATCCCTTTCTCTTCTGAATCACAGCCGTATTGAGAGACAAACCTTATGCATATAACCACGGTACCGCCCTTTTAACAGTGATTTCCAAACAGAGTAATTAGCATAGTCGGCCATCAGCAAAACATAGGGAAAACTAAAGCAGCATATCCTTCATACACGGGCGCCCACGTACCGTAAGTTAATTTAACGAGGCTATTTTTTGTGCCATAACATCAGACTATTCTGACAGAAAGAGCAGGGCCATGCACTATATAAATCACATCCGTGCAAGTAGTGCACACGAGTTCGTAG,390,46.41,Escherichia coli
SEQ_532673,CAGCATATGCCGAACTATCCGGCGATAACCGTCGGTCGGCTCTTATGTAGGCACGTAGTTTACATGGGGTGGTATAGCACAGTTAGGCGGACAAACGGCTTTGGTCGAATGTCAATTTAGGCATCCCCGGTCTACACAAACACAGTTCGTGGCGGGAGCCGGTTGGTAGAAGAAGGCGCATTCCGCAACGAGCAATTCATCTGTTCGGATCTGCTATGCCCCGTCGATCGCTCAGCAACACGTAGTCCAAGGAACACCACGCGCGTGATCCGTCCATTCTCAACGTTTTACAGCGGGAGCTTGCCCCATCATCCCGGAAGTTGTTAGGTCAGTCTTACGGTCAAGCCAGCAGTACCGGCCATAATTTAGAACGTTTACAAGCATGTTACCCGGAAGAGTAGACTATCTGACGTTGTCCCTGCAGGATTACTAGCCACAGACTGCATTGCCAACAGACAAATGTTTTAGCATTCGCCAGAAAATAAGGGGACTATCGTACTCCTTACTGTACTGGCGGTCACCGTCTGGTTGATTTTGAGGACAGACGCTTGTACCCTCCAGAGTTTGCAACATCGCCTTACCAAAAATAAGGGCATGTGTAATCGATCCCTCCACTCAACTAGGCTGTGCATTACGAAACCATACGGTTGGCGTATATTGGGCTAGCACGGCTTGACCAAGGGGGGCGGTGTGACGGAGTATGTGGCAGCGCTGGGCAAGGAACTTGGCCGGAGCGGTTGACACCTGTTGAGACATATAACTCCATACGGCTGACTCTCGTAAGGATAGTTAGAGTGCACGTATTCTAAGAGCCCCTAGTTGAAAGGACTCCCGGAGGAACCAGTCAGGACGCTCCATATCGTGTTTACGCCACTCGTGCCTCTAGCATTGATTAATATTAAGTGAGCTGTTCCCGCAGTTAAATGTTCCATTCGCGGTCTAGAGGAGGTACCATGATGACCTTGAGGGTGGTACACTTAGGAAAAGATTTCAGCGAGGGGCGCGTGACTCTTCAGCTAAGGACAGCTATGCCCGAAGACCGGACTTACATTCATAGCCCAACAAGCAGCGACCTGCACCTAACGGATCATTGACGCGTCGCTCAAAATCCAGGTCTTAATCGCTCCTGACGTGCGAGCTACGCAAAATGATTGAATCCACTCTAGAGAAACGAATCCGCGAATGCGGAAATCCACTCTAAAGACATTGGGAACTTGTC,1219,50.78,Arabidopsis thaliana
SEQ_984962,GTTTTCCATTGAATTCGCAGACCGTCGATCGTAGTCTATGAGCTCATAGTGTCTTGGGACCTCAGGCGGGGACGATCCCTCGACTGGAGTTTCGGTGCGCCCACACAAATACAACTGAAATAACGACGGGGCTCGCAATCACCTATCTCAGTGGACTTACACGAGTAAGCAGCTCGCGAAACTATTTTCGTAGAATAACACCGAACCCTCACCGCGGGTTGTTGTATATGTTTCCGTCGCAGGAACAGTACGTAAGCAGTCTTTCGTGGGCGAGGTTAGACCTATATTAGGGTGTTGAAGACCTTGTGCTGTACCATGGCTTTACTGTTACGCGTTATGCGAAGTGAGACTCGTCCTTGAACGTGCTGCTGTGAAACACGGTAGGTTTCCGTCGCGTTGAGTGAACCTATGCAGTTACAGACGCGAAGGCGACGTTGCCGACCAAAAAAAGGGGCATGGCCGGATAGTGTCTCACAGAGTAGCTGGACATGACTCCGATTAGATGTAACAGTTATTCACTACTAGCAAAGACGTTGCACTGCCACACTAATGTACTAATAGTATGAGGATTGGGTTAGTTAAGGCACGGATACCGGAGGTTCGTGCCTTTACCCGGAGTACTGGTCACTGTATTAGCAATGCTTAGCCCACCCTGGCCAATCAGAGGTTAGCACTAGCCTGGTACTGTACGTAATAACCCATAGAAAGGGGCCTGCCAACGTACTTCCGTATGGTGGGATATTTCGATGTTTATACTGGCGCGTTCAGCTTGCGCGCAATGGCGGCCGTTCAGCCAATCAACTCTGACTTCATTTTTATGAGCTCGCGTGCCCAACGACGCCTTAGGGGGGACGGTTAACCCCTTTATAGAGATATCAATTGCGCAGGGCTGTCTAACCGACGGGAACCACCCCTCGAGCCCGGATGTGTAGAGCTGGCCCCGCGAACCGGGCATTCGACTGTGCCAGGTAATCCATATGTGTTGTTGTGGTCGGGAACGCTCACAAACATAATCCGTAGATCAGAGAGTAAGTGATGTGTACCAATTTGAAGTTCCCATTTACGCAGAGTGCTAACTCTCTATACGGCCCACGAGTCGTACTCGATTGACAATGTCGATGACTAGAAACTGAGTGATTTGAAGAACCGTAGAGATTGCCTACTTTCCACTCTAGTTTGTCAAAAGTATGGCTGTACTGTGTTTGCAATTCGACCCTACCCTCTGGAACGTGTGCGTATGACGTGTTGCATACCCGGAATATTCTCGAGGCCGACGCGCCCATTTGATGGATCAACCCTAATCTAATCCGGCGGACTGTCCGGCTTTGTCGGGACCTTGCCTCACTCTGACTAACCCAACTGAATTCCGCCAGGACGGCGTTCCTCCCTGTCGAATGTCCATCGGCTGTGATATAACCACTTATAGGGTCTTACCAATAGGATATGTACAAGACCAGTCCTCTTTGTCGTATGATCGAAGACCAAATAGTCATGCTTAAGGACTCATAAGTCTGTTATTGCCCCACGTAGACCCCTCCCCCTTCGGCCGCGTTGAACCAGCTTGGCACCACGCGAATGAACCTAACTCCTCGCGAGCGCTCTCTCCGGCTTTGAAACACTGGTTCTCTATCTACAGGCTCGAGCGACACCGCACTCCTACGTATAATGCCGGAAGTCTAGTCGTTGGTCTGGCGGCCGATCAGCAGGTCCTGCTCAAGTGTTGTATCCTCATCCTGTCATACGCCACCTCATTCAAGGGCCGTTACTGGGACATGCAGTGCGCTTTTTGCAATATCGATAGATTTGGAGCTAAAGTCAATATACCATGGTACTGTGTTTGTAACCCCAAGTGCCTCTTCGTGAGCCATGAACTAATTTGACACTCGCACCATCAGAATTCC,1901,50.24,Homo sapiens
SEQ_728309,TGCCGCGGAGCAATAGCGAACACCCTCTGGTAGCTAGGCCAATACCAATTGGATAATTCCTACTAGTTTCAGTTACCTGTTTTATCAATCCATAACGGAGTTGAGGCCAGCGGGTATATCCGGGGGATCTCATCGGATTCAAATTCAGGTGATGCGTAGAGTCTGTCATGTAATGCGGGTTCTCAACCTTCCACTGTAATCGCTAACGGCACGTAATGGCTCGATATGAGGACCTACAATAGATTAATCAGTTAAACAAATTTGGACACAGTCGCTTCTGTGGATACCTGGACTCTGGGCCCCGTCGTGTTTCTCTGCAGCCCGCATACCATTAGTAATTGGGACCGCCCTTAAAGCGTGTGGGATTGTGTCATGGATCGGTCGACGTGATGCGGTGTTAACGATGTCGACGTGGGCAATGTCAACCACTTTAGGATTGGTTAAAATCGCCACTGCCGATTCTTATAGCCGGGGCCCTCTGGCCGCTCGTTCTACATGAGTGCGGGTAGATAGATACGGAATCGCCCTACCGAGGGGGATACTGGGAGTTTCGCAGGCAGACAGTCCGCGTTCGGTGGCGTACCGTTGAAACAACATCCATATTCTGGCGGTCATTGCCCTAAAGCCGATTCTATCTCCCGGCTGTCTAAAGGGTAATGGCGCTGGGATTGGGAGTAACCCCTCGGTAAAGCGTACAGGCAGTACGTTAGACCATTACGAGGTCCCTCCGCTATTGGGGTCAAAGATG,748,51.07,Caenorhabditis elegans
SEQ_369961,TAGTGAGAAGTACACCTTAATCAAATCCTTAGACAAAATCGTGGGCTAGTTATAAGCAAGCGATTGGGTTAAGGAATAGCATTGAAGCAGCGGAGGTACCATTGATTCAGTAAGGCAAAAGAGCGTTTGTCAAGTAGAGCCGGCCACTGTTTATTACTCTACTCCTTCCCAGGTGAGCAAAGAGATATTAATTAAGGGGAGGTCATACGGAATTCAAACAACAGGGCTTGTATCGGCGAGGACTTCGCTGAAACGACATTCGTTCGGAGTCGAATTTTCATCTTGCAGGCAATATAGCTGAGAGCTCGGTTCATCCGATCCAATTCTACGGTTTACTTCTTATCTATGGTTGGGGGTAGTGGTGGAGAATGTCAGTTTCTTATCTGCGCTAGTTGAAGTGGGACTTAGATCGGAAGATGCGAAAGAAGCGATTGTTTGCTTATGATCAGTCCCTTAATGTTCTGCACTCGTTCGCTTTTTGCAATTCAGACTAATTAATTGCTGGGAACAGACCGACTGCTTGGCTTTTCCGCAGGCCTGTGGCATAAAGATCTGCGATGGACAAGCAAAACATTAGTATTGCAATAGATTGGGGACTTGAACGGCAACTAACACCGGCGCTAATAAGTAATTGCCGGGGACGAGGCATAACCCAATACCTAACCACGCTAACGGCGACCCAGTATTCCTAATGACTTACGTAGGCCCTACCAAACAGTTAGATCGCAAACGCTGCGGCTAAACGGGTAGAGTGGACGTTTACTCCGGTGAAAGCGAGGCTGTATGGGGGCGTCTCTGATTCATCCCCGGTGTAAATAGGACGATTACCTTCCTCTGTTTTGGGTCAATCGTGGGGCAAACCAGGCCGCTTCAGACTTGGCAGAGGGGTTCCATACTCACGGCAATTTACGCAGACGCCGTCATAGGAGGTTACTCGCTTCCATAACAGGGTCCTGTATGGTCTTATACCACGATTGTTAATATGCGGTACTGGAAACGGCAGGCGCACGTGGCTTCGGGCTAGTCCGGCCCCGGCGAGTTCAGATCAGGAATTACCCAAGGCACCCCTCTGGTCTTACGCCCTCTAATAAGTTGCGGCAAGGCTGTCCAAGTGCCATGTAGTTCCAGCCTCCGTTGGCTATCTGACAGTACAGAAGCAGTGCTCTGGCGATGTCTTAGGGGACACACCTCGCACCCATTTTGTGATGTTTCTTGGCACTCACCAAAGTGAAGAAGTCTCAACATAATCGGGAGGACAGGACCGCCTTATGATTGGCGTAAGCTCGTAGTGCTGCGAATCGATGAAAGTGCTAATTAACGACTTATTACTGCCGGCTCAGGGAGATTGTGGCGAACATACTGGATTTCG,1369,48.58,Homo sapiens
SEQ_413519,CCAGGCGAAGTGGCAAATCGCGCCGGCTAGTTGCCGTGATCTTCCTATAGGGAACAACCATGTATGTGTGATCCTCCCGACGGAGCTAAATCTCAAACCCGACAGTGTGAGTCGCTAGGTCCCACGGTAACTAGTACGAGCTTCCCAACAGCTAACCAGAAGGCGTGATAACTAAATGCGCTGTCTCGCGTTCGGATAGGCGGTCCGTAGCACGCAGGGTCGTGCATTCGGAGTCTTCAATCCGGCACGAGGCAAAGAATTGGGGATCCGGACAGTTCCAACTAGTCTCAAATTGGTGCCTTTAACGTGCTCTTCCTGTCAGGCTTGCAACAATATATGAACGCAGCAGTAGGGTTTTTGTGCCAAATTCCTGTCCTTCATAGCCGTGAAGAAGCTAGATGGATGACGAGTGGCAACGAAATAGGGCAATAATCCTGAGTTATAAGGTGACCTTTTGCATAAATCCTTGCAAAATACACGAACTTATGCGTTCAACGCATGCCAGTTAAATGGACCACGGAGTGTCACCGACCTAAC,537,49.91,Arabidopsis thaliana
SEQ_478358,TTGTTCGGGATCTCAAAACAGTTTAAGAAGCGTACGTCGGGGGATTAACCGGACGTTATATGGGCTTTTAGTACGCACCAGATTTACAATATTCTTTCGCAAATCATCTCGTATACCCCTCTGCGACCCCGGGAAACATGTGCATATGGTTCGTGTATACATGAGCTTGTAATTGTCCACTGGTATGGACGCCATAGTGGAGCAATATGGAGGAAGTAAATCGCGGTTCGGTAAATCCTTTGGCTTAAATCGCAGCTAGAGGAACTCTGAACTGCTAAAATCCGTCGCCTGCGTGGTCGACGTCGCTCTCCT,312,47.12,Drosophila melanogaster
SEQ_973351,TGTGTAGTTTCACCAAGGGTACAAGTATTGATAAACCTCACCTGAGCTAAAGGGGGACCTCAAGGTAAAATCGGGGCCTTCCCAGAGCTAGCACTTGAATTAGCTTCTCTCACTGTTGCGATCGGATTATATCAATTATTATGAGGCGTAAACGGTGGTACGCTAACTGACGGGTGTTCGCGCCAGCAATACAGAGCTCTTACTAGTGTAGCCAGAGCATAGACGCCTTGTTGTTATTGCAAGCATCGAAGCCCAATGGAGTGCTTTCAATTCAAAAGAAGTCATTCAGTTATCTCATTACGCCGTATCTCAGAGCGCGGTCTGGCAAGGCGTTCAGGGGGCCTGGCTGTTTGGTTCACGCCAGCGTGCCCGGTGTAGGACTTCGTTCCACACGGGTAAAACCGTACTCTTCGTTGCTGATGCCTAAAGGTGCAAAGAAAATAAACCCCCTTCTAACACACGTGGCAACGGTACAAGGTATTTTGCGGTGATCTGTAAATAATCGACGCTGCCAATTTGTGCACCCTCATGTCGTGTACATGATTTCTAGTCGCAGAGTTCTCCTAACCCAGTGAGACCTCAACGCGAAGACTAATGAGCCGGTCGCCGGAGAGGCCTCATCACTCGGAATTCTTACACATGGCTACACACTGGACTATTTGATATTCTACCGGACTTCTAAGAGGTATTGGTTCCCGTTTTGCCCGACAGCCAGGAGGCGTCTCATGCTAGCCCTTGTGCTCAGTAGTGAATGACGGTCATCTGCCGACGAGCCGTAGGAATGGGCCGTAGCTTGTTTGCAATATCGAAGCGGGCCCCGCCTTCCTGGAGTGGCAGTTAATACGTATGTGGCTAATTTGCCAACTGCCCCTCAGACTATGCCCGTGTCCAGACGCTGCAGCAATCACCACCTCATTTTCGAGCCGGCACGGAACTTATGTTTGGGCGATAAAGTTCTATTGCCTCAATATACTGCAGGCCCTTCAAAGCTGTATGCACGAGGTTGGGCAGTTACAGAACGCCGCTCCGCACATCATCCTAGTGTCTTCCGCCGAATTCCGCCAGTACAGTGTTATGCTTCTTTAGACAGTCGCACAGGTGGCTCCGGGCCAGTGGTATCAAGCCTACTGACTAGCGGTGATGATAGTAC,1150,50.61,Drosophila melanogaster
SEQ_247343,ACGTGCGGATGCGAACCGACCAGCGGATATAGTCGGGTTGACCGGTGCCCACAGTCGTGTAGTAATGCATACAGATCCTAATGAGGCCAATATTTACGAACCATAATAATGCCAGGCCTCGTCTTAATGGCCGGCACCTAGGCTTACACATGGTGATACGGCATGACGGAACTTGCTTCGTCTTAGCAACTATAATTATGGCCGCACAACTGTGAGCCTCCCGTGTGTGCCAGAAGTTGATCCCAATCAAGGGCGATCGGATACAAGTCTTGTCCGGTCCTAT,283,50.88,Escherichia coli
SEQ_207073,CCCAGCAGTGGGGGGTTCCACTGTTCCGTCTCATCAGCTAAATAGAACAATATCACAGAGGAAGGCCTCCGATAGATGTCTCGGAACGACACCAGTTACAGAACTTCGGGGCGCCACATCCTGCGCGAAGAGTTCGATATTATTCCCTGTACCCCACGCTTTATAATTAAATGCGCAGAAGGAGCACGGGCGCTCATCACATGCATATAATGATTTAGTGCTTTGCGCATTCCCACATGCACTTTTATTCTTGATTAAAGGACGTGGTTCCTTGCCGATCGTGAGGCCCAAAAAGTCTCGATGGTAGCACCCAACCGTGGGCCACTATATTGAACCCCCAGTGATTCATTACTTAGACCTCAATGGTGGATCATATATCCTACGCCGTTGAATACGCCATAGTACGTCCCTACCCCGTACCCGGGACCGGTCTAACGCACTCCATCTAAACAGCACCAGTAGGTTGCCCTACCCGACTGAGTATTCTATGCGGCAACACGGGTAGCCCCGATGAAAGAGTAAGGAGATGATCATATGAAGTCGAGTTATTAAAGGAGGCTAGTGCCAGCCTGGAGCACGACAAAAGTGCGATTTGCTGGCAATAGTCAGACAAGTGGGGAGATGCCTCTGTATGTTTAGGATAGCAAACTTACGGGTCATTATTGTGGAGAAGGGTGCCTACCACCGAGGCAGTCTGACTGACATTTTTCAACTTCTGTAAGACCAGCTATGCTTTTTCCCGCCGTGCATCCACCCCCTTCCAGCCTCGTACGCTCGCATAAGGTGTGTTACGGAGTACATGATGCTGTTCTGGTTGGAATCGGACCTCAGATATATGGATTGGCTAACCCCCAATACTGATCATTGCGCCGGGCGCACTACCTGCGGAGGGGCCTACCTTTGGCAGCTGAATGTCCTTGGGCCGCAACCCGCTTGTTTTCAGAAGGTCAATAGCGTCGAATAGCATAGACCTAGCCGAATCAAATCTGGAAAATGTAGATGGTTTACTCAGGATGTGGGAAAATATCGAAAGGCTAGGACAAAGCTGCTAGCGAATAGTAAAAGTTTATGTAGCCATA,1079,49.3,Arabidopsis thaliana
SEQ_918280,ATGATGCATGTACTTACTGAGTGCCTTTACTCGCTCATCTAACGTACCACAGGAGTATTCTAAACTGAACAGCAGCATCCCTCACCGCCCTACGCATGCGGAGTGTGGACCACATAAAGTAGTTCTACCGCCACGTGTTTGGTGTATTTTGGAACCCGCCATACTATGTCTTATAAAGTATATATGTTAAGCAACCCAGTAACGCGGGGACACGTCGAATAGTTACTGTACTACCGATGGTTAGGGCGACTCGGCCGCTAGAGTAAGAAGCATCCTAAGTTCAAAGCCACCCGTAGTTCCCGCTTGGGTCTCCATGCCACTGGGATATTTAATTAACTATTCACTAAAGATTGGTACATTTAGTATAAACAGAGCACCGATTCCTACCCGCCGGCCCCTGCTATGGTAAGCAGGCTACAGTGGGCTCTCAGGGACAGAAAGAGCCCTACGGTCAAACAGATTGACAGAGAGTTTGCTTCAAATTGGATTTCGTCAACTATGTATGACGCGGGGAGCGATCTAGGCTAGGTTTGGTAGTGAGATAGTGACATTACATGAAAGGTCTTAGCAGATCCAAGAGCCCCAACGAGAACACAGCCGATTAATTAAATGGGAGCCGTATGCAGCCTCTGCAGGTCATGTACTTGTCGGGATGCAGGATGTCTACCGCGTATCAGACCGTTAGACCCGACCCTACATGCCGCCGATGACAGAAGGATCGTGTCGTCGACCACCCCAACGTCAAGAAATCCCGCAAATCCTTAATATGGTGTCTTGCGTTATACACCGGGCAGAGGCACGGCCAACACCCTAGGCTCAGTAGTGCGTAGCGGAATCTTATACCATCGTTGTCGCATCGATCAAGGGGCCAGAATCTAATTTGTTGTGTCGAGTACTGAAATGAATCGGATGCAATCGGTAGGACTCGACGTTATCTTTACTACGTCAGCTGAGCAAGTCAGGTACCCGCGGTGATCCATAGCGTGCGCCTAAGTAGGTGTTTGTAACCCATGGACATATTTTATGAGGTTACCGCTTTCACCCGGCGAGAGTTTTGGCCACAGGTGGATGATGCACACTACTTGTGCAACCCATTAAAACTAGTCGCAACCTTATGCCAATTAGGATCAAGCTAACTTGA,1141,48.55,Escherichia coli
SEQ_838137,CAAGCTGCGCCTGAGGGTGGTAAAATAACGAGTAAATAAGACCGATTATAACATCGTCAAAGTAAGCAGGCTACTTGCGCTGAGTAGACGTGTATACTGCTCCTTCATTCTCGCAAAGTCATGATCAATGGCGGGCGTTTGAATTATTGCCGCGTCAGAAATCTAGCTTCTGTATAATACAGGGACGCTTCTTCTGCGAGTCTCACGGAACCGAAATAAGGTTACATGCCGGTACGCCGAGCGTCGTTGGGGCTACCAACTTCCATATCGGTCCGTGGCGGGTGAGGACTTATGTCATTGATAACCACTCATGACGGGCGGAGGGTCGTTTCACAAATGAAGGTTAGGCTAGCACCGAGGATTCTTCTCCACTCCGCACGCGTGTCAATCCCTATCGCAGCGCGGTTCCTTAGTGGATGTCCCCTTTTAAGCATTCAGCGCTTTAAAAGTTACATTAGGAATGTGATACCGTGAACTCTTACTCGTTATCGTTAATCAGACCTCGCCCTAGTAGTACATCCTTGCTCAGTGATTGGTTGGGAGTCGCACCGATTCTCCTCCCTTGCTTTGACGAGGCCTACGGTGCAGGTACATGGATGTGTGTAACGACAATAGCTCCGAGATTAAACGGACATGGTCATCTACTAGACCTCTACTATCTTATAGAAACCTTACTGGTCCGTGCCCTAGATGACCCCATGCTAGATCCGATAGCTGGACTCCGTATACGTTTTCAATATTCTGGTGTAAAGCGATATTCTTCGAGTCGGCGACTAGATTGCGGAGACAAGGCTCAACCACGACGTCAACTTCGGCCTACCCTAATTAGTGAAACGATAATAGTTATTGAATACCGACAATGGAACCCACTAGACCGTGCTGGCATGGACTGTTCTGCTATGGGTCCTACTCAGGCGCCGGCCTCTCGCGCGAAGCACATTAATTTTAAATTTGGAAGGATTTTTGTCCTCGAACATCGTCGCGTCTCCGCTCCATTGCTGAAATATCTTTTTTGGTCTGAGGCTTAACCGCGGTATGTACAAAATTCTGGGCTATGAATGAACTATGTGTCGCTAAATAAGTACCATCGAACCACGATCGCTACGGGCATAAGTCTACGTAGATTTGGTATGATTTACCTTGTGTTTACGCTCCCTCAATTATAGGCCATAGAGGAAATCTAATCGGTCGCGGAGCGTTATTTTGGGATGTCGCGCACAGCAGGTCCTTTCTCCACTCGCTTAGGGTAAGTCCTGATAGGTGTTAAAACCCAGCCTTTCTGGACCCGTCTTCCGTTTATATGGTACCAAGGATGTCGTTCAATGGGGGTCTCCCAGCATTGCCGCCGTCCGACTCCGTCTAGCAAACGCCATTGATAGTCCTGTTCACTAACGGTCGACAAGCCCAGGAACAATTGTGCGTATAATCTTTCACTCGAGTGATAGACTCTGGCGCATACCTACTTTGGGTCGTCGAGACGACGGTTATCCGGTGGATGTATAACTGCTAGTTCGCTGGAACTTTACACCGTTCCTAGCCCCGGATACACGGGGTTAGTATGCGTGGAACCAACGATCTTTTGGGTAAAATGCAGTCTGACGATAAACCAGCTGCGAAAACTTATTACTAAGCTTAGGTCATCAGATCATGCCATGAGGCGGATCCCGAGCCTTAAGCTCGGGCGTTGTACAGCGTTATCCAGCAATGGCTAATCTGTTGGTACTAAGTATAACAGATTGCGCGTACAGGCACGGCTATTGGGTTATAAAGTA,1772,48.14,Mus musculus
SEQ_951658,TGGTCACTTACAGTCAGAGGATAGGTAACTAGATATGCGCTGTAACCTACGTCCTGCGAATTTGTATGCTGCCAAAGATAGGCGCTCGCGCCAAGGATTTCCGTACCTGAGATCCCTGTGTTCTCTATGGTATTATAGATATTAGTCCGGGTGTGTCCACCAACTAATCTTGGTTTGATCCTCTTGGGACCATTCACTGCCGTTTCTCAGGCGCGGGCTTTGACGGGCATATCAGGCTGAGGCACGCTTGGTGTCTGGGATTTACATGTAACCCGACGCAACCTTAAGTCCCTCGGTTGTTCCAAAGTTCATAAAGATATGGATCCAGTACGCAACCCCTCAACTATCCGGCAAGCCCCCAACCTAGTAGCACTTTAAATAGATCGTCGGCCTAAACGAAGTACACTTTTAAAGACTCTATCGGCAGTCCCGGCTCAA,438,48.86,Mus musculus
SEQ_454169,TGACGGAAGCATCCGATGTGGGATAATTGATATTCTCCCCAGATGGCTTTGGTAGCTACCCCTTTGGTTGTTAGCGTGCTGAATAGTTCTATGTGAGAGTAATGAGTGGCTTGATAGCCTTGTTAGATTTCTTATAAGCAGTTGGGGTGTAAGGAATTCTCGGTGGCACAGTTGATATATTCGACCTCCTGTGGAGAATACACACGCAGTGCCTTTGTCTGATGGCACGCCCCAAACATTCTTAGTTCCATACAGCAGGGTTTGATAATCGTATACTGGGAATTATCGCTTTTACGCGATCCGTTGAACTTTCTGAAATTAGGATGAGAATGCTCGACAACGCAGCGCATCCGCGCTAGATCAAGGCCCTAATCCCTCCTATTTATATGTTTTAGCCAATTTAGAAAATGAATCTTCGTACAAGACATCTCTGGTACGGGCACTATGTCATGATGGAGCAGAGTGGGAAACACTAAACTACAGGTGAGCCCGTCATGCTACCGCCAATAGTGTTACGCCTAGTAGGTGAAATATGGGCATTCCAACACCTACTATGCTTATCATCCCATCCACTCAATAAAGCGGTTCAACAACCATAGCAAAAAAACAATGATGTTCAAGGGGAAATTGGTCTACACGCCCACCTTCTGTTGGTCCCAGGTGAGTTCACATGGCCGCGTTCGTACAAAAGTAATGGGCTACGGAGAACGATTAACAACTCTAGACCAATCCAGCAAACCTTTCGGGCGTGCGTTTAGTCTTCGGTAAATAGCCCTAATCCTGTCTCGGTGATCTAAATAGATTGTTATCCAGGTCCAGGGGGGAGGAACATGCTTCAGCTTGCGTGAGTCGGACCTTATACCC,864,45.83,Saccharomyces cerevisiae
SEQ_443317,ACAGGTGGGTGCGATTGGTTCTGTTACGTAACTCGCGAGTCTAACGGGCTGGGCAGTGGCTTTGCTATAGAATTACTATAAGGGGAGGCCACATCAGCGACCACGGCGTAAAAAGCCCACATTATGCTTACAGGACATGATAACGCCCGCTACATTTTGCTTTTCTGTTGATCACTGCGAACAGTCGAGATGATCGGGAGTGCTTAGTCGAGTCCATTACAGATTGCATCGTCGCTGCATATCAGCCTGAAAGGTGTCAAAAGCCGTGTTGGCTTTGTAATCAACAGATTGGACCCTTTCGAGCTGGCCACCCTCCTGTGTTAAAGCTTGTCCAAGGTAGATATGGCCCAGATGCCGTAGAGCCCCTAGCACTTGACCCACTAACCAAGAAGTTGTCCTATAAGAGGTAACTCCTCTGAGGTTCTGAAAGTGGAGGAAACAGATCTCTAGTTCCATCGAAAGCAGGGTGCTGCACACTGGACATTCGCGCTGTTGGCACTATCGATCCCCCGTGTCAGTTGGAGACGCTGTTCGCGTTCCGTAACAACGCATACCACGGCATGTTTGTTGCGATAATGCGTCCACAATGGGGCCTATTGATGTAATGCATTTGGTCCCCTTCCGGACAGGAGATAGACAATTACGTGTGCGCGACTGCCCGCATATCAGGTAGCTCTCCCATCCAAGAGACAGTGAAGGTAGGGTAGTCAAGCTTTGCAGTCTTGTAATCGTTCGCTGTTAAGTGGTACCCTGGGCAACTGAAAGTGCTTATTAGATTGACTGAACCGCGAAGTAGGGCCACCAAACTGGGCATGTCATTAGAAAAGCGCCCTAAAGGACCCATGACAACTTGGGCTCATGTCACTGCT,869,50.17,Arabidopsis thaliana
SEQ_757489,TACCCGATGAAGCTTTGACAAACTTACGCGCGATAATATCCGGGCAGACGCGCCCCACATGTCAACCAGCTGCCCTCGTGATTCATGATTCACCACCCCGAAGATTGCCCTGTTGCTAAGTAATTTAAATGAAACACCATGGAGATGGACACACATTACATATGAAGACCAACTGAAACGCCCATATGCTTAAACATTAAAAACGGGGACGCCGCACTTAATGCTCTATCCTCCGAGCTTTCTAGTCTTCCCTGAGACAAAGACAAACTTCTACAGGCAGTTAACAGAGCATTGTGTACAACTGCATGTAATCCTAGTCTCTAACTGAACGGCGGCCGGGTGATTGTGCCATGTAAGTTTTTTAGGCGCTACGCCTCAGTAAAACACATGATTACCTAAGAGGGGGCCACAATTGACAATCGCTGCACGTCGTTGAATACAAAGGCTACAAACGTGCGTTGAGCGGTCGTTCATATTGTCATAATTGATGTCATTAGACACGGGTCGCACGCGTTCACGTAGGCAGTCCCAGGGGATCGGCTCTGGTCGGTAAGTTAGATAGGGGTCCAACCGGAGGGCCACCTCGAGAGAAGTTGGAAGGTTGTGAGCCTCCTCCCGCTCGGTGGGAATTAGCGAGTGACGCACCTGACAACCAGCAAGGGCTCGCGGATCAAGACGTGCCCCCTGCCGCTACGGTGAAACATGGGAGTCTACACTCTACGGGGCGTGCTGAGTCCAACTATAAAGCTCCGATGCATCGGGCCGTAAGCACCGTAGGACAGCAATCGACTTTGAAAATGGCTACAAAAAGGGGGAGGTAGGCGATACCACCTAGTCTATTTCTCACTGTACTGGTTTAAGTTGACACTTTATCCGACTAAGGGACAGGGTGCAAATAGGTCGCAATTTGACAAATCTGACTCAAGTGCGTGAGCTATCTGTTATGCTTTTAGGTTTTCAGACTTTCAAAACAACCGAGTTGTAAATTCATTATTTCTAAAAGGGGGCGCGGTTTCAACAGTTATGACAGATCTATACACTGTCTGCGTACTCTGACGAATGAGATCAACTCTAACTGGACGGCAAAACGTGACTACAATTTAAGAGCCCTCCAAGGACCGACACTCCCTGTCTTGGAATGAGTCTCGGCCTGAGGGTCGAGTCGGTATTCACACAGCACCAGCTGGGATATTGACATAGGATCTCATCAGGGGTAATATACATACGCTCCCTCAGCTCACAAAGACAACAGGCAGCCCCTACTGTGACCCTGTCATGACACGTGATCAGAAGGTTATACTGTGCTTCGATCTGCTGTATGGGGACTGTTCACAGTCCGGAAATATGCTAGCTTTCTCAATTGCGAGACGGAGGGTAAATAAGATCTTGTTTCATTGATAGAGCGTGAGCGACGCATTGTTCTATTCAATCGGGGCATTTAGCAGAACTGCTATACCCATGAACAGCGAAGGATGTATAATCCCGTAGACGAGCCCACGGACGGAACACTTCAAGACTTCATT,1523,48.46,Homo sapiens
SEQ_962104,GATGCGTATTGTAGTGTAGACGTCCCCCCAAAATCTTAGCCTTAATAAACATGGCCTGGCCGGCACGCCAATCTTCCTACGTAATCTATCTTAGAGGATGTGGTATGACCGGCTTCCCCATGTCACTCTGAAACCCCGTTAAACTAGATTTAAACGTCGTTAACATGCGGGCGGAGTGTCGCTGGACTAACAATAGATCATTCCAGAGTAAACTGAATCGTGTAACGTGAGACGATCATGCCTTAGTGAAAAGGCAAAAAACTGGGGTTATACAATACTGTTGCATGAGGTCTCGATTTCATACAAAAGTTGATGATGAGTAATTACGAGCGAGGGTATTATGCGAGTTTTAACTGACCGTGCGACCGCCGTAGTTTAGGAGCTTACTCCGCCGTGGGTTGCGTAAGACAACTGACAGCTGGTCTTACGGGTCCCAGTATGCTGTAGCTATTGCGCCCAATCAAACGTATCCTATTTGGGTTTCCGCGCCGCATTACCTATATGGGTCTGCGTGTTTCTTGCGTGCACCGGGTAGATTAGGTCTTCAGCTTACGCCGTGCTACCTAGTCTTAGCACAGTAGCGCGGCAGTGAACTGAATGATTTCTTGTTAGGGAGAAATACTACCGACCAACTGAGGTAATGCTCGTCCATGTTAAAGTTTTCATGCTTTCCTCGAGATGAGGTAGGGCAGTCTGTCTTTACCTCCTCCATTGTTTGGCTGGTGTGTCCGCCAACCATAACTTTGGCTGTGGACACCTGACCCCCGGTCGAGGTAAACAGGCAGCCGTAACTAGAACGGACTACAGGGGGGGAATTCTTTCGTATGACTATCGCCGGGGGGCTTTTCTTTCTGGGGAACGTCGAGACTGAAACTTCGTAGTAGCACCAGGTCGGGGACGGGGAGAGGGACCGAACCGGCGTCTCCCTACGGGATCGTTATTCGAAGACGTTCAGGCCTTCGTTAGAGTAGCTTGGTGACGCGGGAACGGCGACGCAGAGATAGGAGTCTAGACCAATCCTAATTGGGCCCGCAGTAACCGCAAGCCACGATGCACGTCTTGTCCAATGACGACGCTTGTATGGGTGCATAACACCCCGGTCTATTGGTTTGGACACCGCAACTACCAGTTTCAACACGAGGATCTTTATTGTAAGGTCTCGGGGCGCGAGAACCGTTTGGTATCTGAAAGCATCTGAGACAACGTAACTAAATGGGGGCCAACATTGGGCGGTCTATTTGTGCTAGTACGCAGACAACCCGGAACAGTTTGGCACTATAACGCGACGTACTCGCAGCGTCAATTCGTTCGTTTGAACTGCTGACCTGGCCCCCCAAACTCGGGTTACCTCCGTATTTTATGTTTCGGATCTTTAAGGGAGCTTCTATAAAGTGTGACATTGTGTACAAGCGCTCCATCAGAGCAAGTTGACGACTATGTCATACAACTCCGTAGGGCGCACAATAAGTCACTGACGTATCTTGGGGAGACTCCGGCAGTTGCCATATGAGCTACTGCTTGACAGCCATGTCATGGAAGTTAATCCCCGCGGGAACAATGTGGGTGAAATCAGGGAAAG,1579,50.03,Mus musculus
SEQ_363939,CACTCGCCGCTCCCGCCCTGATGGCTTGTACACTGGGGTACCCGAAGCGCCGCCTGGGCTGGCAGGTATTGGTCATCTACAATGCGGTGTACTTAGGACTAGACATGTTCCCTGACAGCAATAATGGGCCACTGTTGGCACTGTCTCTACTGTGACTCTCAGTTCAGCGATTGCTACGTGCCTGAACCCGCTTGACACTCCTACAGGCCTGTTGATTACGCGTCTATTCCCCGCTACTTCCGTAGGGTCCAGGGGCTTTGGCTGATTGTCGGTATTGAATACGGAATGTTGCTTTTCAACCGGGTACTGGCCAGAAGCGTAGCCGGAAGCGTCGAGCAGTTTTTTCAGCGTACAATGGTCAACCTGGCGTGGCGGTTATCTAGGCACCGGAATCCACATGACCGAATGACGACACTACCTGACAAGCGATCCTCAGAAACGAATATGAGAGAACCCAAACCTACCCAGCGAAGAGGCTGCACCCCAGGGGACCCGCACAGGACTCTAACAGCCGCAGACTAACGGGCTTTAGCACAGCTAGACAGCGGCTATGCTCTTTCAAAACAATATGGCCTGCATGTGCATGTGCCAGACCGGGTCGCGGCAAGCACAGGCTAAGCCGGGCGGTTCTCCGGACTGTTGCCGCCTCTGTACTCAGAATCTAGGACCTCCGGAACGCTGTAGCAAATGAAAACAGAATTCCCATAAACGGGCGGTTTGCACTGGTCTGCCCTGATAACAGTTGTACGATCCCGCTTGTGCGGGAGCCTGTG,773,55.24,Arabidopsis thaliana
SEQ_357847,AAACGGCCGGGGAACCGGTTATACCCACTAGCCAGCTCCATTTGCAGGGGTCGGCCTGACGCGGTCCATAGACCTAATTGATAGTGCGGGGTCTCGTTTAAAGAGATACTCTGTCCCTAGCCGACGCCGACTACTGCCCCCTGTTTGTAGACGCGACTATCCTTTCGGAAGCCGGCGTCCCATGTGGGATCTCGTGAAGTGTCCGACTCCACCTATACATGGTGAGGCAAAGCCAATATGTGAACCACGCCTTTACTGTAAACGTCTTCTCCTATCCACAGTACGTATTGCGTGCCCGCCGG,302,55.3,Caenorhabditis elegans
SEQ_838757,ACCTTTATCTGGACAATTGGTTTCTGCGTAATGCTTTTCCTTAGGTGCACGTGGCCAGGGCTCAGTAATGCATCATAATACGGCGAATGGCAAGCTCCGTACCCTATGACATAGCTGTGTGAATAAGCGGGCAATCTAAGGGGGGTGAGCAAAGCCCTTGTGTCGCTGCTAAACCACATTTCACGGCGATCCAGGCACGCTGGAGGTTCGCAGATTAAAGTAACCCAATTTCAATCGAAAAATGCGCGAGTGAAGATTGTCCCACTGGCCAGCACGACTCTATCTGCTGCCAATCTGAAATTATCAATACAACCTGTGTCACGCCTACAGACCGG,335,49.25,Drosophila melanogaster
SEQ_703874,GTTGTTGAAACTAGATCAACGCACACTGTGACGCAGAGAAACTACTGCTGGTGAGACGCCAGTACTCAATAAACGATTGCTAGATACTGCTGCCCATAAACCATTAGCGGAGAGGAACATATAACATCTTTAAGTCTAAATTCCCGGTGAGCAAATCACCCTGGGCTCTCCCTATCTATTAATCGCGACAAACCGACTTGAACATCTTCACCTATTC,217,44.24,Escherichia coli
SEQ_422131,GACTGTCTTGGCGATGGTATCACGATCGCAGTCCGCCCGGGCGTTCCGGGCAGATGATGGTGACGTGAGCTGTACTACCCCAGCAAAAGTTTAGAGATTACTTCATTCCGCTCTAACTATGCGCCTTTCTCTGAGACGCTTGGAAGCGAGGACACACCTCTGAATAGAGAGTCGAGCAAGCAAGCGCACGGATAAGTAATGTGTGCGTTGGAAATTTGACGACCAAGAACATCTCACGGAAAGGTTAACTTTAGGGGCAAACAGTTAAGTCCTGCCCGAACGCCATTCGTAGCCGTCTAAAGAATTATAACACGGTTGGCGCCCTCGATAGTGAGGATCTTCTACCCAGATCGGTCCCAACACGGCAGAGGAGGAGTTGTAGCGAATTTGAACTGTAGACTCCGGTAGAGCATGACCGCGGCGTGATCGACTCGCCATGAAGGACTTGTAAAGTAGCTAGTGTCTGACGGAGCTGCTGCCTACAGACGTGATAGCCACTCCATAAGGATACGATTTATAGTAGGACTACAACACTCGCATTAATTTGTGGAAATACGGGCATTACGAACCTCCTGAGAACCCGTCGATCAAA,592,50.17,Drosophila melanogaster
SEQ_381996,TACAGGTTTTTTGTTGTATCGCTGCTCATTGTAAGATTGCCTTGGAGAGCACGGCAGGCCTCAAGCGGCCCGCTTAACAGGATGGAAGTCTTCAGTAATTTCATAAATTCCATTGCATAGGGAAAGAAAGACTGGTTTACTAGTAATTTATATATAGCCGGGGGTACCAAACTTAAAACGCCTCGTGTCCCCAAAACCATTCCGTCCATTGGCCCCTACAACCGCCATGCGGTTGACGACAGCTGCGGATCTTTCATCGAAATTAAGTCATTTCTATCCTTCTCAATACTTCATTCGGTGGGTGCATATCACCTGCGTTCCTATGAGGACCCGACTATTGGTGAACAAGCCGCGTGGGAGGGCCTGCCTATCGCCCTAGTTAACCACTAGATACGGAATGTATACTTCCGGTACCAGTACAGTGAGAGGTGTGACACTGATTAATAGCATGACAGACTACGTGTCCATTGCCAGGGGGCTTAGACGCTCATCCCTTGCAACGTAAAACAGAAAACGTGCTGCTAGGGATGCCCTGCGAACCAGGGCCTCACATAGCGTCCTATGAGTGGTGATAATCACACTAGCAATTAATGTTTCGAGAACACACACACCGTGCCGTGACGTTTCTCTTTACCCTCCAGTTTCCTTCGCATCTTACGCTCCCATGGTCCCGTGTGCTCAAAAGAATATGTTAGTGTCCCTTAAGAAGAATCTCATACTGGATAGCTTGAAAATGAAGTACCTATCCCGCGTGGGAATCGAACAGATCTAGTAACCGGGGAGGCAGCTAAGGTGCCTTTAGCTGGCCATGTTACTTTGATCGGTACAGCAAGACAACCTGTGGGTGACGAGCGGTCGTATACATCCTCCAACAGCCAAAA,881,48.13,Caenorhabditis elegans
SEQ_931818,TTTGGGTCTCGTAATGCGCTAATACCCATAGGCCTCATATGAGAGCACGATTTGAATCAACGCCGAGGTGGTTTTGAGGCCGCCTCCATAAGACCTAGGAAAATCACGGTAATAGGGGAAAAATGTGACAGGCGGGGACTAGTTTTTAGAGAGGTGGCCGCGTCGGTGTCCCACATTGATTAACCCGCGGTACCCTGTAAACCCCAGCCCAAATTGGGACAGCTGTTTACCCGCATAATGCCGCACGTGAAGGTAAAGTTCTTTGAGCCGCCACGGAGCCATGGAACTACAAACGCCGCCAACATACGTCTGAGGGCACACAGACCGAGGTGAGTTAATCATGCCGCCGCCTCCAGTGGGCGTAGCGCTATTTAACTAAGAGAGCTCGTTGCCCCGCGCCACTTCGCTATGAGGTGCCGATGAGCGATAAGGTTCACATCCACGCCAAATGTAACTGC,458,53.28,Homo sapiens
SEQ_640561,GCTCGGTAGAAATCGATGGGATCCCAAGTCGGAAACCTCTTTGGCAGATTCCAGGATATGGACTAGCTTAGGTACACGACACAGGCAACCGGGAGACGAAGCCAAAGCGCCGTGTGTACACAATCGAACACTAGGACCACTCGACTGATGTCTTTTTTTGGCTACGACCGTGGGATTCCATATGTTCGACGTCTATACTACTGAAACGTTGTCGGATTGTAGTTATTGAGGTACCCTGCACTTTATCGAAAACGCGTAGAACGCCAACAAACATCATTATTTTCGTATAGGCCGTGGCCCACGACACACTACTTACTGTAGCCTCCAATGTGACGCGCGCCGCATGGGCGCGTATCAGAATGGAGTCCGTAATGGGCTATAGCAGGGCTGCGACTTTTAACACAGAATCCTACGTTATTACACGTCGAGCAGCCCTTCACCCATATCCGTCGCTAAGTCCGAATAGAAGTTGTCTCGGAGCCCCACTGTATAATAACTCCTGCCAGCCCTCAAACCCACGTGGTGTCAGTAGAGTAAGGTGTGGGCCGAGGACCCAGACAAAAAGTGATGTCCATCTCACATCGAAGACACGCGGGAAAAGATACGCTGCAATGACC,617,50.41,Homo sapiens
SEQ_206586,GCTATTTGGTCTCTACGGCTCGCCACCAAAGCCTTCCTAATGTGGGAACTGATATTTCGATCATGCCTTCGTGCAATCCCAAGCGAGGTGGAGTATGACGTCCTACGCCACGTTCTGAACCTGCTTTTGTCTTACCCGTGATAGCAACCAGTGGGTCTCTACATCGCAACCATGGTTCGATGGCGCCCGGGCAACATGTAGTCGAGTCCCTGATGGCTAAGACTTATATGCAAGGAATTTCAGGAATTGAAGGAGGTCGTTGGGGACTATCTTCCACCCGCAGCAAGCGTGCCACTGCCACAGGGGTGGACAGGCCAGTGCACCCAATTGGACCAGGATTCCGCGTTACCCGGCGCACGGTCCTCATAATACCCCGTGCTAATACGTCGGTGAGTTCGCTGGGGTCTCCTAGAAGCACGCGAAGCGAGGACCGCAAGACTAGGGTACACTGCCTGTGTAACAAAGGACTCTCCCTAATGTCGCATCTATATTGAGCTTCAGACAACGATGAGGATACAGTCCTGTATAGTCTAGTCGCTCGGTAAAGCATCCCAGCCAATAGACACGTAGATATGTTCTTCCGGCAACTAAAGACCCGCAGTTTAGTTCCTATTGACTCGTCCCTCCCATCTTATCGGCGTTTAATCAACCCTTACGTTATACTTGGTTCACTCGGTCTCATATTTCAAGTCCTCTTTTTCTGGGAGGTATCGTTAAGGTCTAGGTCTAAGTACGAGTTTTTTTGCGGATCACGGATGGGTGTCGTTATGTGTTCCCAGTGTCGACTTCCGGAGATCAGTGGCATACAAAGTCTTACCCAGTTCTGCGTTCCAAACGGACCTCCGTCGTCAACCTAGGAGCACGGAATGCCTGGACCTAAACCATTCAAACGTCATCGGCGATCGGACG,909,51.27,Arabidopsis thaliana
SEQ_370549,CCAATCACGCCGAATGACTGACTTCTAAAGGGAACGTATTCTATGCTTCTCCCAGGTCCCGCCCCTGTACTATCTTTGAGGGTTTTTTTGATGCTGGTCGTACAAACCTTTGCGATTCGCTTCGAGGGCCGGGAAAGAGTTGGTAGATTTACTCCTAGCTCAAGGTGTGAGGGTAGAAGATACCGACAATATTGAGGCGAAAACTCTGACTCACCGTCCGTATGGCTAGCAGTCTGGCTCGGGTTTGCAACGGCGGGCTAGCACAGTCGCGGTTTTATCGCTACATAAGGTTGATGCAAGTGCCGAGTAACGTCATCGCTGTTTTCGGGCCGCACGGACACTTTAATGTTATCGCCGAAACCGGTTTCCATGGGTTATACTCACGGTCGAGCCTCGGCCCGCCCGGACCCTATCCGAATGTTAATACCGGGTATTTTTCCCGTTCTGTTTCGCTACAACACGCGAGGGAATGCACGAGAGTAGAATCAAATCCATCGTCTCAAATGTTCTTATAGAAGCAAAAGGGACCCATAAAGGTTAGTACCTCGAGGGTAATGAATCCTGGGCAGAAAACATCACCTATTTCCATCCTTGAGCCAATATTCGTCCTAACACGGGTGATATGTCCGCCGT,633,49.76,Mus musculus
SEQ_904573,CGTTGGCTAGTAATATCTCCGGGCGCCGTGTACAGCCCCATGGAAGTCGGATAGTTTGAAAGCATCTACGAGGGGCTGTGTCGAAATACTGGCCTTTGAGCAATTATGGGGCCGGCATCCGACGTCTCATCCATTCCACCTCTTCGCCTGTGCCCGCTTCACGATGACCGTACTGAGGCGTATGCGCACTAATTCGACTCCCCAGTGCCTCGACAGCTCATAAACACGCTAACTTGTATGAAATTATTCACTGGCAGAAAACTCGTTCTTCCGACATAGGCAAAAACCATTTACGTGTTCTGAGGGCGGCTAACGTGTTGCGCGTGGATTATGGACGGGCACCCAGTGCTTTGGCGAGCGAGTTGAAGACTGGCCAAAGGCTTACTGCCTTTCGACACACGCCTGCTAATAGACCTCACCTTGTGCCAATTAGGGTCCGATGTGGCCTATAACCGAGTGCAGGCAGGTGTCGCGCGCGCTTTGCCTGCGACTACGGGGTGCAGACCGGGGCACTTGCCTACACACAACAAGGATGATATGCGGAGGCTCCATTTCTATTCGTCCATGAGCCATAATGAAGGCACAATAGATGACCGCATGTTCGTAAAATGGAGTAGTTTTGTGCGTATAATTGCACGACTGTGTGGTACCAAGCTGCTTAGAAGCGCTCAGCTTGGCAGTTATCAATTGTGAGGGCCGCGCTTCCCCGTCGCGTCGTCCGT,722,53.19,Escherichia coli
SEQ_731915,AGAGAATCGGCAAGCTCAAATGAGGTTGGACTAACCGAAGCTTCGGCCAGCGATTAATACTAATCCGTTGTTAGCCCAGGCTGTAATGAAAAGAAAGATCCGTTATCGACTTCACGTAAGAGAGGAAGTGGTATAAGTAGGTGTCTTTCCTTGCGTAGGCATGCATCGATGGTGCAAGACCTGCAACGACTAAAGAGACGTGTAGTAACCACAAAGGGAGAGGTTCCTCCGCGATAGCCGGGAAGTCGGGGGGCATTCTAATAATTGGGTAGAGCTGTTGCAGCCCGGCCGGGAAGGCAATTTTGATGGTGGGCGAGCCCCCGGCAAATGGACACATTGACTGCACCCCTTGCCGCCTGGCGCGTCGAGGCGCACGCCGAAGCAGGATGATTCCAGAGAACCCTCGTGCACCGAAGATGGGGTGTCGGGAAGCCAGGGCGTTTTATCGTGAAACTTGTTGCTTTAAATCGAAGGCCGAATAGTTATCGGTGATGTTGGTACTGGCTAACCATATGGCGCAGACTGGCACAGGAAGGCATCACTTATGCCTAGCCGCCGATTCTAGATTCTGCAATTAAACTCGGCCAGCCGCCAAATACCCCACTATAAGACACTTCGGTATGGCTTCGTGCTGTGGGGCCCGCGCACCAAGGGGTGTTTCCTAGACCAGCCGCAGCGGGCGTCGACGCTTACAAAGGCGTTCCACAAAGCATATAAGTTGGTGGGAGAACATATGAAGTTCGAAGAAAGCAATTTGGCAATGGAAAACGGCGCTGTTCCACTTAGTGAACTGGACTAAAACGAGAGGACTCGCGAATTCAGCCTATAACCTCTTTCTCTCCTGCTTCTTGAGTTCGACCCTCCTATGTAAGTCTAGGGCTGGAATCTAAAGACGGCATGTTACTAGGTAGAGTGTTTTAGAGCATTATCAGTATTCTGCGTTCTCCCCCGAACTGACAGCCGCAATTAGCGGATATACCTGTCGGATTGTAGAACGGAAGCACTAGCTTCGGGGGTAGAGGGTTTAACTAGGGATTTTCGCATACGATTGATCTAGCTAACGATTTCCCTAAGGCCTGTCGCAGCCTCTGATCCGAAAATGCGTCGTTCTAGATAATTCCGTGACCACTTTCTTTGGAATTAAGACATAGAGAGCATAAACCTCAGCTTGAAAGCCTGCTCTCTATCGGGGTGCGTATTGGCGTAGCCGTAACGACAACCGCAAGGAATCTCAGGCGCCTATTCCCCCTATCAAATGGGATATAGGTGAAGTGAGGGAACACCCATAGACGGCGTTCGATTGCAAGCGTCAAGACTGTGTACCCAGCGCTACTCGACGGTTATCTTGCCAAGTACATACCCATTAACAGCGTAGTTAGCTAGACCGGTCCCGAGTGGGTCTTGAATGGTTGGTTAGAACATCTCCGACCTCATAGTATTCACCAAATATAAACCCCAATGCACAAAAGTGTGCAAACATTGCCCCAACAAGTAGACCTTAGACTGGTCGGGCTTAAATGGCGAGCACTGCATGTAGCCGGAGGATGCACACGGGGGTGGATTAAATTTAGAACTGAAGAATACACTTGGTATGATACTCTGAAGATTTTGCCAGGAACCTCCTTG,1626,49.94,Saccharomyces cerevisiae
SEQ_241003,TATATAATCATTGTACTCGAGGTATATATTCCGAAGAAGCCCCTCCTCGGTATACGCCATGCTACATCTAACCTGATGGTCAGGATCAGTCGCCCGAAAGTAAGATGGAATTATCATATGGACATGGTCCAACGCATTAGACGTTCCGTTGCCCCTTCGTGAATGACGAAATGCACATCGGCAAGGTCGATGGTGAATTAGCCCCGTATTTGTTAAAAACCCATCCTATGGTCGGATCTTGACAGGCGCCCGAGTTCTTACACAAGCTAGAGTCGCATCGGGCAGAGAGTCGCAGTCGGGGAAGGGAAGGTCCTCCCTACATAGACAAGGAAAACCCCAGACCGCTATTCGAAGGCTAGAATGGGGGCCGTCGTGATTTTGTATACCCACATCCTAACTCACGGACACTCCGGTACGTAGGCGTGACCGATAGTCCTATTTCCGCGACGTCGAGGTAAAGGTACGAGCCTGCAGTGTGGAGATTGGCACCTTTGGTTCTTGCATATCAGTGGCATTTATCACGGTCGTTCATTACACCCCTTCAGTGACGGGGGTGTCAGACGGAGGGTCCCATATACCTGCGGCTCAGGTGAGGCACCCATCATGCCAGGGGAGATAAAAGCACGACTTTTACCTTTGTGTGCGGGCCGTACCGTTAACAGTAGAAAAAGACGAGCTTGGTCTCCGCGTCCATGCCCCGCTTGTGAGCAAGTAGCTTCCGGCTTGGTCTGTACCGTGAACTTCTAGCCAGGTTTAAACGGACAATCTTGGAGACCAGGTTTCAGGTTCAGTTCGTGCATATTGACGCGCCTCGTCACCCTGTAAGAGCATCGGCGACGCTACAATGAGTCACCGCGAAAAGCAATCTAAATGTCTAGTGGCGCACCCACC,891,51.74,Arabidopsis thaliana
SEQ_423941,TCAGCGGCTAGCTCTTGTGGTAACGAGATTAGTAGGGCTGGAGTACACTTCCGAGGAATTATCGCAAGACTCGCGCGAAGCAGACGTGGATCAAGGAGCGATATGTAAGCCAGGCAAATGAGACTCGCGACCTATGATTC,140,51.43,Escherichia coli
SEQ_427201,AATACACGGAGTTTCGATGTTCTGATTGATGATCCATGAAGTTACACAATGTCACAACGCTCGGCCAGTTATAGCGCGTGTCCACCACTGGCCTACTACGAGCTCTATCCACAGCCCACATTAGAAAGTCGAAGCGCGCTGCGAAGTGAAGTCTCTGGGCGGAAGGCGAAGATTTTTATGGGTACCTAACCAGGCAAATTTGCGAAGCTTTTGAACATTGAGTGTAGATTGTTATACCCCGACCTTGACCGGCACTATCGCGATGTAGGGTGCATGTGCGAATGTGCCCCCCCGTTGCTGCTTTGTCTACGAAAGTATGACATCCAAGGTTCTCACCAAAGTGAACACACAAATAAAGTGCCCCGCTCGATGTTCGCCGACTAATTGATGATTCAGCGCCACTACATTTCAACGTTGATAACATCTTCTCACTAGGTACTTCACGCGCCCGACCCTGGCTTTAATTGCATCTTTACCTAATGCCACGGGATTTTTGTCACTTAGTACCTTTAAAGGGATACTTGGGAACGATAGCTTGTCACGTATGCGGGTTAGTGGTCGGAATATAACTCTTTGAGTGGTAGGAGGCGGGTGTAAGCGCTGGCACCTAGAACATTCCCCTCAACTATAAACTGATTTACAAATGATCTTGACACCGATATAACTCTGTGCACACCCCCAATCTTGAAGAAAGGCTCTTGGACCGCTTGCAGATGACGTGCTAGTGTCAGTGTTGGCTTAATTGACCGTAGGTCTCTGTGAGAATTAAAATAACCGAAACCGTGCTTGTACGTGGGGTACGCGAAGTCTATAAACATCAGTGCGACTCGTCCTCCCGGAGGCCGTTAAGCTGAGGGATCCTGACCTAGCATAGCATTTCGACATGGGCTATCGCTCCTTCTAACTACCCGGGATCGAGCGTAATTCAACAGGGACTAGTGCGCCCGCCATCACGGGCAGTATTTACGACATCGGGTGCACAACCTGGACGCGGCATAAAGTAATCGTGTGGGCTACTTTCTAGGGAACACCTGTGCGAAAGTCCGCAGCATTTACCGTCAAGGAAGGATAAGTGTGCGTTATGGCAGTCGAGCATTAGTAAGGCCCCGTTCGTCCCGGTAATCCTAGAGCATTTGTATCCCTGGGCCCCGCGCATTCCCATACCTCAAGCATGGTGGTCGTTACGTCTGTAATCCCCTTGGTTGAGATCAACCTGTACTTGCTCCGGCCACTCCAGCGTCTTGCCGTTATTTACGGCTGGCTGCGTCTGAATCCGCGTTGGATTCTGCCCAGCTTTTCGCTGAATAATATGACCTTGTCCTCATCAATTCCTGGTAGCATCCGACGAGGCGGCGCCAGGGGTCGCGTGTTTCTTGTCTGGAACACTCACGAGATGCGTAGTGTCGAGTTATCTTGCATAGTAGGACTATGGTACTATATTCCGAGGAGGTCCTATTCAGATTCACGCAGGCCGCATGCATCTAGCTGAGGTAACTTATTGTAATTGGGAACAACCCTATACACATATAGAATGGATCCTCCACTGCCGTAACTGCACTTATCATCGCGTACCGTCGCGGTTATTAAAGATTAGCCCAAGACTCGAATCCAGCAACTCGGAGAAAGCGCCTGTGTACGCGTATTATCTGAGAATCACCTCGCGGCTGTTGAGGCCCCAGGCGCGTCAGACGCAAACATGCCCTCTTGATGTTACAATGATGTCCACAGCCAGATAGGAACTTGGAAGACGATGGGAGCGTCAGGGCCCA,1769,50.03,Homo sapiens
SEQ_227225,GAGGGTCCTGATGCGACGCGTTCATCTTGTATTAACCGCTCTAGATCGGCGTCAAACTTCACTATCCGCACTTAGTCTGCATCCCGGATCCGTAGATTGGAGCAGCATTCTAAACTAGCGCATGTGTGGCTCAATGGTTTAATTCCCAGGCTGCGTATCTCTCAACTGGGTTAAGTATTAACCAGAAATTATATTATCCTCTTATGCCGGTGAAAGGACGTATGCCATGGCTGTGCCTGTTGTCGAATAGGTCTCGGGATTTGCGTACTATGGCTATGCTTGCACGGCTTCTCCTGACGTCTGTCTACCGTCAGATACGTAGGAACGTCGGTTTCTCACGGCCGAATTTACACCGGTGCGGGCTATGAGAAATTGGCAGTCATATGGAATGGGGATAGGACGGTACTCGATGGAGTTGTCCTTGGGTCGTGTGACCTGTTCTGTCCCGGTTGTAGCAAATCAGACTGGTTAGCCCATAGGGTAAAGCAACTTTGTGCCTTCCACAGCGTCCGCGGTACCGCGCAGAGCTGGGTGGTGAGGGAATTTGCCACCTCGTTGTGAGCGGCCGACCTACACAGTAAGTAAACGTAGGAGAGGGGTCTTTCCGCCGAAAGTGATATTGTCTCTAGTTTACCGAAATATTCACGCTTTCCAGTTGGGCTAGGCGCTCAGCTGCTAAGTATAGGTTTCATTAGCCAGGAGTTGTTTTTTATGAAACGACGCTCGTTTGTAACTCAAGACTGACGTTAATAGATAGTGGCCCAATACAACCTGATTTTTGTCCCAGTTGAATATCGGCAGAATGTTACCTTTGATTTCACCAAGCCAGTACGGCGAATAAGCTGTGCGGGACGACGCACCTAAGTCCTGCGGACGCGGCTACAAGAGGTAAAACCCAAATTGCCGTGCATAGCGAATAACCAATCATCGTGCATCCAATAACGGCCGCACCCTTCCTAATCCTCTCTTGAGAAAAAAGATATCTAAAACTATCTGAAATCGATTGGGCGTCTAGAATGAACTCAAGCTGTAAAAACGGCCCATATTTCCCGAGGGCAATGAACCGACGGTGGTACAGGAGTTTCAGGATACGGGTTATTCCTCTCTAAACAAATCATCTGATATATGGTCGGCTTAGGCGAATCGGGCCTGATGCGTTTGGGCTTCCTACTGATGCACGAATC,1184,48.65,Drosophila melanogaster
SEQ_284900,CATCCTCCAACAGTTCCGTGAACCCGCCAAGCAGCCTTTCGGATGTCTTACGCAGAAACTGCTAAACCGAACCCTTAGTTTTTGGTTAGTCAAGCCCGTTAAAGCTCCTCCGCGTTTTCAGGCCCGAGAGTATGTCGTGAACACTGATTGCCCAAGAAACTCCATGCAGACGAAGGGTCGCGAGCCTTACGGACCCTCGTACAAACCGTGCCATTTCAAGAGCGGGGTCGATCGTCTCGTTTGGATCCTGCCTCTCGAGGTTCCCTCTTTGACGCCTACCTTCCTGCTACAATACACCACTGCCTCGACATAACCACAGGTTACAATACGTTATCCGAC,339,52.51,Escherichia coli
SEQ_211492,CCCCGCGAGGGGGCATGTGGACCGACAAAAAGCCTTGCCAGGGCTTGGTTCGATCGCCCAATTACTGACCCCTTGACAAGACTGGCTTAGCTTCACTCGTAGCCCCGCTCACTGAAGATGATTCTAACAAAAGCGGAAGGGGCGAAAAGTATATTGGGAACTTTCAAGATTCACGAGCTCCAATAATATATTTCCCCGATCCTCTGCCGCAAAAGTAGGAAAGCACGGAATGTGCTACATGGAAAACGTAACGATTACTCGTATCGGAACTGCGATCGCACTCGGGGTGTACCGAATATGCGTCTCAAGCGGCTCACTGATCAATTCCGTACCGATGCCTGTACGGTTCAATCTAGCTGACACCCGTACGACGGACTTAAACGAGCTCTAGTGCGTGGAACCAAATGTCGTCATGGCACCGACTTAGAGGTGACACAATTGCCGTAATACATGCCGGAGACGATCGATAGGTAAGAGACGGAAAAGTAAGAGTCCACGCTCCAGAACACATCCCTCACCGGAGGGTTGGGAACTCCCGATCTTCCGTCTGTACATGAATACCATTTTTAGGGTGCATAGCCCGGCTTTCGTCTGATCTCGCTGCATAAGCGCGCATGGCGAGTAGTATTAACAAAATACCAATGACAACGGAGACCCCGCTACCACGCGCTGAGATATCCTCGGTGGCGCAGCCTATAACAACTCTGCCGTTCCTGGATTCGCGTGGATGGTTACCGAGTCCGATCGTGGCAGGGTGCCGCCTCGCCCACTCCACGAGGACCCCTGACCATTAATGACAGTACGTTTGTGTTGAACGTACACGTGACGTGTGCTTTGACGATGTTTTGTACGGAGACCGTTCGCGGCTAGGGAATGCTCTCGGAGTTTCGCTGCATGCTAAAGTGGGTTTATTTAAAGAGATCAAAAGTTCTAGTGCTGCAGTTTAACTATTGTTGTAACTCATGTGAGGGCATTCTGGTTTCGCTGGAGTAATACCAAATTTCAGCCAACGGCGGCTTTGCAGAATACCTGGACATTCATAGAAGTTTACAGAGTTCAACGGAGAACGTTTACGACAAGTAATATCGAAAGCTCTAACGAACCTACGGGCCACCGAAACAGCGCGCAGCTGTTCGCGGATCCCCAACAGCAGAGCTTTTAGGAACAACTACTCTCCGCACAGCTGTTGAACTAATGAACTGTAAGCAGCAATATCGCCATTGTGTTACCGACCATGTATTCGAGGAAGGCAGGTGACCGTGTCAAGAGGCCTTGTTCTACAGCTAGAACGCGCTCCCAGGTTGAGTTACCTTGTACCGGGGCCGTTGAGACACCGAATGTCATGTGTAGGTGAAGAATGACACGCGTGCAATAGGTAAGAGACCCTTCGTCGGGTTATAGACATACACGCTGGATCAATACTACGTCACCCAATCCTAGCGCTGTC,1447,50.52,Escherichia coli
SEQ_657289,TGTTTGTACCATCAGTTGGTCCAAGGCGTTTTGGGTCTTGGTCTAATCCCGCACTAGTGCTCAGTCTTCGGTCCGGTCTGAATAACTCACGGAATACGCAGTAACGTGGTCCGTGGTATACTAGCGGATGAGTAGCTTAATCCTCGTTCTCGCCTTCCACAACCTCGTCAAGTTGCGAGGGTGAATTGACCTTGCTCCCCGCAACGCAAGTGCGGGTCTTCAAAGTACTACATGCAGTCTAATGCGCTACCCTATAATATGTTACCGGCTCCACAAACGAAAAAGGATGGCAGCATCTATGCCAGACGATTCCAGCTAGATCGGAACTACAATTTCACATCCTGTGTAAAGCAGGAGGACTTATTAGTTTTGACTGTTTATTCGTGGTCGCCTACTACCGCGAACCCCGCAATTAAGTTACATAAACTTTTGCCCGCAGCGTAATAAGTTATAAACGACATGGTAAATAGATGTGTAGGTAAGACTACCCCCCGAATCGTACCACGATAGGACAACGCGTTTCGAGCACAGCTAATCATGGTTCATTGTTTAGTTTTGTCATCGTTTACGCTTTAGCCTTGCGCACGTGTGGTAGGATAGCACTGCTATTGCGCTGAAACGCAAGAGAGAAAACAGCCGGAACTTTTACGAGCAACCCCGGAATCTCTTATCGCGTATAACTGTCTCGCTTACGGGCGGGAGATAAGCTAACGCCAATGTTGTTCGGCCGTCTTATGTCATTTATAGTGGAATAAAACTGCACAGTCCGCATCGAAGAGCCAGTGACTTTATCTTCCGCTACTACGAGTAGCTCAAGATCATGTTACACCTCGTCGAATAGTTGAGCAAAACGGCTCACCAATTCGTCCCTATATCCGTGTTCCCAAGTGCCGATTTAAGATCCACAGTAGTCTAGAACATCGCCTCGTTTTAAGGGCGGTTCGCCTACCCACTTCCTGCTACGCTCCATTCTTTTCGTTCCGGGAAGTAAACAACCGGACACTTGAATATTTTGATAACACTGGCAGGGTAGTCAAGCAGAAGCGGCACTTCATGTCTATGCTAGCAACCAACAAACATTACCTGACTTCCCGACGAGCTGCGAGACACCATCACCGAGAAAGCAACCGCACCGGATGTGCGGTCAAAAGTCCATCCAATACGAAGGCGTTAGTTGTTGGCCATTAATGAACGCTTGTCTGATGATACCTCTCTCCCCAATCCATCGTGGGGAGAAACAATCATGGGTGGGGTGTCCAACTTTTCTACCTATTACCCTAGGAGTGGGCTCGGGGCTACAGTTACCGTAATACCGTTCTAGGACCTGCATCCGTGGCAGAGGTCACACAACTTTCAATGGCCAGTTTCTTTCGCGATATCGCTCGCCTCCCGTGTCAGTAGCTTACCTCCTTCCTGATGTATAAATTGATGTAACCGTCCGGAGGCATCCCTCAGGTCGTTAAGATCTGTACTGATAAAGGGCTTTCCAAATGTGCCTATTTAACAAAATTCGCCTCTAATAGTGGACGGCTAGCCACTTCATACGGACGCCCGCTTCAAAGAATATTAAGAGTCATAGTGCTCATACCGCCACACCACATTTCCGCTAGTCAACGGTCAATACTGTGCATCTCAGCTACTGGTGACATGATCCTCTGCGTTCAAGCCACTAGTTCTACTGGAATCGTCCCGTGTCTCGATAGCGGTCGCTATCCTTGATATAGGGGTAGATTTACGCAAGCTAGATCCTTTGTAAATCCCAAGGTAGGATCCCGATATGTAAGCTAAGGCCTGAGATAACTCGCCGCTTGTCAGGCAATAGGTCGCTACAACCAGATCGGAACATCACATCTGCTCAATAGTTGGGGCACCAGAAGGCACTGTTCGCAAGACACCTTCGCAGTGTACCTACTCTCGGACTGTCTTATTTCGTGCTATCGTTAAACTTAGTCCTCTGATGAATTGAGTTGTACTATTCAAGCCCGCTGGGCA,1992,47.99,Caenorhabditis elegans
SEQ_505802,TGAGGATTGCGTACTACGCCTCTTGTGTCATGCGTTGAGGACCCATACAAAAGTTGCAAATCGCCCCTCGCTGCGAAGTAGAGATTGGCTTAGCTGCGCCTAAAGCTCAAGTTAATGTATAAGAGATGTGAACGGAATACGACCCAATGAGGAACAGAGTTATATATGCTTAGTCCTTCTCTAGATTGAAGTGGAGCAGGCAAAGTGGTATGGACCCGTATTCCGTAGGGACCCTTCCTCTACTAGTGTCAAGGCAAAGCGTGTCGGTACACAGGGCGGATATGGCGTGAAGAACACCCTCTTAGACTTCAGATTTTGCAGTACTCCATTTCGGGTTGGCGTCAGGGAAGTTTAGCCTGGTAGATGTCCTAGCTGGAAGTGCCCCGTAAAACAGCACCCGTGGATCTCAGTACTAGCTAACGATGGTCAGCGTCATAAAGCTTAAACATTGGATCCGAGCGACGAAGGGTGGAGAAATGTTCCTGGACTATAAGCGAAGGTAACAGGGTCGCGTCCTTTCCCGTTCCGATCAGCTAGAGGTCAGACGGGGCATAGTGATCACTAGACCCTATGACTTCCAGTTTATAATGACGAATAGGAGCACACAAACCACGTTTTAACGTTCATGGCTGTCAGTGTTTTATGAGTTTCAACATGATCTGCCAAGATCGGCTGGTCCGTGCGACTTGCCAGAGTTGACCACAGTCCTTGTAGCCGTAAACTAGGGAGTCTTAGCAGAATTACCTGAGACCGACGTTCAAAACGTGGCTTTTCATACAAGGCTTTTGCTCATTCGTTCCCGCGAACTTGTACAGTAAGCACAAGTTATGCTGCCTTTCGCGTAAGACTTCTCCGTACTGAAATGTCGATGATAACATGAAGAGCGCAAGATATATTTTTCACCATTATGTGGGTCGTGTGACCGAGAGATGGTGCGACTTGATGGGGGGGGCGAACGCAGACCGCGAGTGGCTCTCGGTGTAACTGAGGATGTCCGCTTCAGAAAACATTGGGACTCGTAATATGTTCGAGCTGTAACTGGATAGATAAGTATAGCACTGGCTAACTTGAGCGTACGAGTGGTATTAACATGGAATAGATGGAACTTCTACGAGACTATCGGATGCATAGATCGCATCTGTGGGACGCACTGAGGAAGAAGCAGAACATTGCTAGACCATGCTGCTAGACCATTTTTCAGTGCCAAGCAGCATTTAGTATTTTAAGACGGGGAGGAACTACGCATCACTTTACGTAAAGATACGGCGATATAACGTAGCTTTGATCTTCAGCTTCGTGGTTTACCATTGCGGTAGACCCGTGATCCGGATAAATACCAATGCTTAACCGAAACATTCCACACGCCGTGACCCAGAATGGGCACGTCAAACGGGTAGGCACCCCCACCCATTACTGAATAATGTCTCGCAGCGTTCGGACTCTTCCCAACAACGATTGCTGCTCCTTCCGCCGTCTACGTCACGCCTGATCGTAAAGTTACTTCCTAGATAGGAAGTCTAACATATAGTACGCATTATCCTCGCTGCGGAGAATTGTTAGGCTACAGCAGTAGATCTAGATACCTCGCCATAACCTGTTCGCACTTATTACATGGACTCCTTCGGGTAAGAAAAAAATAGATCCATGCGCAGGACAATCCCAGAATTTAGCGCTGTTTGGATCATACTTCCCAGATAGGGCAGAGAACAATGTGTGAGCCTTAATAGCTGGTCATAACTGGAACGGCATGACCCATGATTGCCTCGTCCTGCCCCTTCGTGCACGTAACGGACGACGGGTCGAACGCTATGCTTCCTTCGTATCGCTGCAAAGGACCAATGTACAGCGGCGACAGGTGGAGACACACGCGGTACACAGTAGTTCCCATTGGCTCTCTAGGGCTGCCTGGCTTCAGACGAATGGACAGTCCGCGCCGACAACTTATGCATTGGCGTCATTAAGGACGACAACGTAGTTGAGCT,1982,48.64,Escherichia coli
SEQ_841107,ACAAGCGGTTATCCCCCATTTGGGGATGTATTAATGAGAGGGGGCTAAACTGATTTTTCAAAGAGCCATTGACTTGTTTTCGCTACGCGTTATACTTCAATGTGGGCTCATAGGGAGTTAGACAATCGAGCGCAACCGGACCTATGGTGACAATCCCGAGAGGTTAGTATCGAATGGTCGACGTACAGTGGGATGCAATAAGACGGCTATTTTCTACGTTACTGTATCCCCACTCCATGTTGTGGAGGTATAGAAGGGACCAGCAAGTTAGCTCATTATATTCGTAAAGGTACTGGACGGTCTGGGGGGCTGAATGAAGCAACTTGTGAAGGCGTTCCGGTAGGTAAGTCCGAATGGAACTAAAATACTTTTAACCTGATCCATAGCCAAGCATGGTTTTCGGAAATTGCGGCTACGCTTCCCGTGGCAGGCTAATATACGACGATTAGGTATGGAGGAGAACCCAATGAGCAACCCCGGGAGGCTTTTATAATGGTTCCACCGAGCTGGCTAGTGATACTTCTTACTTCACCGCCTTTACACTCCAAGGTGCCAAGCTATAGACACTTCTCAGCTAGCAACCACGCAAAGCTGCCCCCTCGCTAATGATTAGTTGCTCCAAATGCGGCCTTCCGGCCGCAGGATCGATGAGTTATTTCAAGGAGGTACGTCCAGACAGGTGCGGTTGAGTGATGGATCTAGCACATCCAGTCGCTCAGCTATTGTTCAAAGGCTCGCGGACTAGGTTAGCGGCTTGGGCCCACGAGATTTCCGGTTTAGTGCCTTGGATGTAGTTCCTAGTCGATATGGCGTATGCTTTCCCGTTAAGAAGGAATGTCCTGTCTGAACTTAGACTAAGGGCTCGCATGGTTCCGCCTTGAAAAACCACCCTTTCGATACTGTTGATTGTAGTATATTACGTCAGCTCAGTACGAACCCTGTGTTGACTCATTCGAACTGCAAATATAGAAGCATCAGTAGCGGGGCCAATATCCAGAAGGTCTGGGTAGATCCTGATTACCGCACAGCACTTCGCGGTGTTGAATCTCCGCGCGGCGCCGAACCGTGTGGCCCACTCCATAGTTAGCTCAAAGGTACTCA,1101,49.14,Caenorhabditis elegans
SEQ_266277,TGCGTTATTAGCCAGGTTGGTTCTCCGCATGTGCAAATGTGCTATTAGATTATGACTCACACCAAGATGGGAACGCGGGGCGACGGCACCCGGAACACCCCAATTTACAACAAAGAATGCGATATTGAGGTCTGGTAAGATCACCTCGCACAAAGGGCGGCAAATGTCGCCTTTTAACACGCATATGGCTAGGGAGCCGATGAAAGGACCAGCGAGTCCCGAAGTGACTTCAATGAAGCTTTTAACGGCTCTTTTACCCGAGTGACGTTCTCCTTTAGGTCAGCCTAAGGTGGTTAAAGACTGGTGCAATCGAAGCCGTCTAATGGCACGAATTAATGTGATACGTGCAGCCAGAACCGAAT,362,49.17,Arabidopsis thaliana
SEQ_450871,TAGGAGCGCAACGGCGACATGGCTAGGTACGGGCACATTGTAATATCCACACGTCTAAATTAGCCTTCAGCGTTCGAGTCCTCATCAATTGCCTCGCCCCTCCGTGTCCAGAGACACTAGTCCACCAAACCAGCATGCAGTTACATAAGGCGGGATTATAATACTTGCTATAGATATACCCAGCCTTGGCCGACCTTCATCGCACGTGGCGTAAGCCTTGTAATTTCTATCAGAGGCCAATAAGAGCAGCGCTACATATATTCCGATGTGGAGACACTGCTCGCCGAAAACAAAGCGGGGGGATTAATCACTTCAAGCAAGTCCGTGTTAGTAGCTTCTCTACCCCTGCGCCATAGCCCCGAAATCTGAGAAGTATCTCCTGCCGCTAACTTGTAGCTGCGCCTACCTTTCATACTCAACATCGAAAACCCGTAGAGTACTATGGTAGAATAACTGCCGAAATGGAGGTATACTTTCGCTCGCCCGCAGTCAAAACACCCCCCTCTCACCTCACCCCCTTCACCTGGGGGTCGCGAGTATGACCATGTATATAGAACATTTGGCACTGAATGCGGGTGTTTGCAATGCCAAGTTTCTTCAGAGGGAGATATCGCATGGTATTCGCATTTATTCCGTGTGTATACCTTGCGACTCGGGGGCCCGCCAGATGACAGATAACTGGGAGGATTGGCACATTGGGCAATTCCGCATAAACCTGACATAAATATAACATCATGCCCAACTGGTCACACAGATTCGCTTACCCGGTGGCGTCAAGGCTACACAGCTTGAGGGCTAAGCACGAAAGGAGTGGCTATTGGAGCAGGAGCAAAGGAGCTGCGCCAACGTACCTGGAATCCCAGGGAGAACGCCCACCCATTATCAAACCGATCCGTGTTGAGACTCGAGACTCAGGCGCCCTCAATACATGTACTCGCATTGAGACTGACGAAGCGTCCGTGATATGACTATTTGGCTTCGTGGGGCGGACCACACGCATACTAGCCAGATTGTATCTATTAGCCTGGCGCTCGCCGATTCGGGTTTACGCCTGGACTGGAACTTAACAGTCTGCTCTGAAAGTTAAATCCTAGCCACGCTGGAGTGGACGAGGAGAGTCAACAGCAGCTGGTTCAAAAAAGCTACTGCGGACCCCGAGTGACTTACATTTGCAATGCTCACACCATACCTTGAGCGCAGCCCGATCATCTCCGGTTCCGTCGTTTTTAAACTTGAACAAGCGGTAGTACTTGCTAATGGACATGGTCGGTTGAGCGTGCTACGAATTCATGCGGAATATCCCGTCTGGTGCAACGCCCCCTGTGACCGTTGAGCTACGTAACTAAAACCTAGCTATACGTGACCCTAAGTTTTGCTAGTCCTTATAACACTGCGTCGGTTCGCCTTCTCAGCAGGTAAGTTATGGTGGTGAGTAACCGGCCCCCGATTTTAGTAACGTAAACGCTCAAACCTCAAGTCGTTCCTGGGGGTGCGGGAGGAATCCCAGTATCCTTATGAAGGAGACGGTTTTATAAGCAAAATACAGGACTCGCTTTGAGCGCGTCTAAATGCGGTTTCACCGAAACG,1587,50.6,Saccharomyces cerevisiae
SEQ_479644,AAACGCTCGTGGTACTCCTCGGGTATATGACTGTGTTCTAGGATTTAGGGCCGACTGTGTTGCGGGTCGCATCGTGTCCGTCGTTCTCGACGGGACTGATGGAGGCGATTCATGTTCTGCTTGCATGAGCACTGCTGAGATTACAACACACCAATTGTAGTAGTATCTCTACTCGGGATCACCTTACCGAATGAGGAGAAATTCCGTACCTCTTCCTGCCGAAATTCACTTTTAGGATGCCACGGAGAAACTTCGCTCAGCGGGGCAATAAGCTTGTCAGTAGTTGGTGGCCAGGATACAAGGACGGCTCTTGGACCTATACCCACAGCCAGAAGGGTAAATAGCTGTAT,350,50.29,Arabidopsis thaliana
SEQ_984119,ACCATAACAGTTACGGCGGACGCTAATGAGTTTTCATCCCGAAGGGCAAGCTGGCGGAGTTTTCTACAGGGCAAGCCAGAGGCGGCAGTACTAGGAGGGGGCGTGCGCACGACCAATTTATTAGGCGTTGGCTTATTTCGCTCAGCTATCCGTTTTATAGTCGTTGCCGCCACGCCGTTTTCAATCCTCCGCTGAAATTCGATCCGCTCCGTGGTCTACGGCGGCTCTTGCCCCAACCTTGAAACTGGAGCATTACATGCTAATGCTCCTTTGCAGCGGAAGGATTGGATGTTCCTGAGAACCCTAGCACTCGGTCTGTTGACATCTGAGCACGGGCACCCTTAAAGACGCGTTGCCACGAGTGACAGTGTAGGTTGAAGGTAGGGGCGGTGCATATGGAAAGTTTAACGACTGACACAAAGAGTTCCTGCGAGTTACTGCGCATTGGGGTAAAATAAACAGACGGCGGGGCCCCGAAATCCCTTATAAAAGCTTGTGTGTTGATTCTCACGTTTGGCTTAGGTGGGCATGGGCTTTAATTTTAACCTATTTGGTTAAATAGGCGTCTTACTAGCAGTTACGTTGGCACAACAAGGGGAGCGCTGACCACCTCCCCTTATTACGCCGGTGCTTTAGTCTCGTTCGCCTAAACTGGATTACAACCCAGTGTGATGTGGCCGGCGTGGGACAACTGAGTCAGGACCTTCTTGGGTACGGAGATAACCTGACTCTGATACCGCCTACCCGCCGTCGTAAGACACTACTACCTTATCCAGAAAGTTGTTTTATGTCTCTCTTCGAATTTGGCGTGAATACCTTGCCCTTCGCCAGGGTTTTATGCAGTACCAGTGTTGGGCCTTCTTTGTCCGCGTACCCGGCGAAATGTTGGGATCGAAATATCCATGATGCAATGTTCAGGGCAGTTGCACGCAAGGTTAAAACTGGCATCCGCCTTTACGGTCCGGGGAATGCAGTCTATTATACTCAGTGCGTGTTATGTCTACCCACGGATTTCTGCTGGAAGCCAGTGCCGCGTTGTATGGGAAGTCGGGTAGGAAACAGCGGGCCTGCCATTGCAAGACCCCAACTCGGCGTCTTCATTCAACAACGACCGACGCTCCTCAGCCCTCTTCACGCGCACGCGCAGGATAAGAGGGGTACGAGTGGTATTGGGGCTATGTGAGAGTAGACGCTTTTAA,1199,51.88,Arabidopsis thaliana
SEQ_268448,ACCCCCATTTTGATCCTCTTTAGCTCTTCCGGGACTACTCTCGTTCGAAATTTACAATTTCCAGGGGGTCGGATCGACCATTATCTCCAGTTGGAACCGGGAGCCTTATGGTCACGGTGTGCAACTTCGCTGCCCTAGTCATCCTGCGTCTTTCGTTGTCACGGGTTCACTACCGG,176,52.27,Mus musculus
SEQ_933503,AATGAGTAACCGTCCGTCGGTTCAAGGGCCGTCATTGCCCCTCCAATCTAGATTGGGATCCAACAAACTACCAGGTGTAGTACAGAGACACCAAGGCCCGGTATGACGTGCACACTGTCCCGCAACATTGAGGACAAGGCACGACTACAGTTATCTGCCTAATCGGAAGATAACGACTCGTCGAAACATCGGACGGCGGTAAGTTACTGCACTCCACAACCAGCGTGCCACGCCCTATTGACAGCCGTCTAGGCTGCCATGGGAGACGTCTAATTGCCGTGAAAGGACAGGCTATGAATTCTCGAAGTGATTGGCCACCCCTATCTTCGCCAGTCCGTCGAAATCTGCTTCAAGTCAACAATCAAATTCGTGTTTAGATTTCATTGACCTTCGATAAGTACGGATAGTTCGATGGGCATGACGCGAGCCGCCATGAGCGGAATACTAACTCCACCATGCAAGTATAGTTAATTCTCACTGGAGCTTCGAGTCACAAGATCTGGCCACACATGGCCCGTCAATCATACACGGTGCGTCCACCCCAAATGGGCGCTGATCTTTCACCAAGGTCCTTATATGGCGTGGGCCCCATAAGCCATTTTGGTGTATATTCGCGGCATGTAAAGGTGTGGATGCCCGCCGTCTAGTCCTGCCCCTTTCAAACGCCCAGAAATGGTGACAATTTAAAATATGGAGGGCCGTACTACATTCGGCTGGCGCTAATCCGGACCTCTCTTCGTGCACCCCACAATCGTCTAATTACCGCTGCCTCTTGTGCTCCTGCCTAGCAATGAGTTAAATTCCTTCGCTTAATTCGGGCTGTAGTATAACCTCCGGTTTCTAAGCTTGTGCGGCATGATCTTCGGTTAGATCTTGGCTTCGCGTTGAGGTTCGGTGTGGTTGCATAAAAGCTTTGCCCCTGCATTGGGGGAATTGCGAGGGGTGAGTCCCTTCTGGATGGCGCGCAACAACCCCACGGTGCTAAGCGATCACGCGAGCCCCGACTCAGATGTCCCACACTCTATTCTTGTCGTGGCACGAGGGCCTCGTTCTGTGAAGATCCCGAGGAGAGCTCGTGGAGGACATCTTGCTAATCCGACATGGAAGGGCCTGCAGGGAAGCGATGGCGGGGTCCATCAAAATCCTTCAAGGACAAACGTAGTTTATGCCTTTTACATTACGGGGTTGAGAGATCTGGTCAGCAGGATCAACACCGCGACTCCTCCGCGTCCCCCGGTGGGGCATAGAAATCGGCATTTTGAAACCCGGAGCCTTGGGATCTTGCTCAGCAAAATTAACTTTAGACGCCCCCGTGGCCGGATTGCTGAGTGAGGCCAGTAAGTGTTCCGAATCTGATAATTGGGTAGAATTCAGAGCACGCGCCATCGCTGGGGCGTCTCTGGGGCCAATACATGAACTGGCGTGTAGGGTAATCTGACCGTATCTCCTCCAGTAAAACTTAAGCACCTGTGATGTGATGGCAGGGTTGCTGGAAGTACCCGATAACGTCTAGATCTACGTCGAACTTGTGACCGAAACAGAGGAGCTATCTCTTAACTCGGCAAATTCTACTAAATGAATGATAGTGGTAATTGGTAAGAGTGCTCGTGGTTCGCTGTGGGCCCGCCCTACACTGCCGTTCTTTTACATGTCAAGGGTACAAGCTTTTTATGGTTCTGTTAGGGACGAAACTTGTAGCCCCGACCCGGGTAGATC,1716,51.75,Drosophila melanogaster
SEQ_470115,ACCGGAGATCCGCTTCTACCTTATATAGTATTGTAGGTTCACAATAGGGGGAACCTTACTTTAAAACCGATCTTCTAACTGGAGAGTAGCGTCGGGCCTAAGGCGCTTCTGATCTTCAGCTCTAAGCTAATAAGGTCCCTGAAACGCTACAGTGTGTCTTTTTAATCACTCAGGATGCTCCATTTCCAATCTGTTTGTTCGTCCTCCCGCCCAGAGAACAGAATTTAGGACAAGCTCCAGTTCAACCCACTCCCACGCAGGGATCTGGCACACTTTGGCCGGGTACTGATTTAGCCAAAATCGGAAGAGGATGTGCCAAGAGCTGTAACGGGTGCTTCTGAGAACCAACTAGATCCGAGGGTACAATTTATCGCCAGTATGCCGCCAGTTAGAATTCCAATGTTGACAGGCTACAGTATCACTGATAAGACCCTGGGTCTTATATGCTCTGAGCCAATCCTCAATCTGGGAATCATCGTCATCTTGTGGGTATCGAGTTGCCAATTGCCGGTTCGACTTCGAAAGAACGTCGCACAGATTTGTAGCCCGTTTGCATGCTCTCACAAATCGAAAAGGGTGAAAATCAGCTAGTGGGTCG,598,47.66,Arabidopsis thaliana
SEQ_975925,TCCGCACGGAACCCATATAAACACGGCAGGCATGTTACTATACGTATCCCGCTCAGTGTGGGTCTAAGGACAAAACGACCAAATTTGCTTTCAGCGCGAGACTAATAAGAGGCCGCGGTCCGCCACATGCCGAGCGCACCCTCAATTCATCGGTGAACGTGGTTTGATATTAATCGGACCACGGCCCCCTTGCATCTACAATTTGGCGATACGACTACCAATACACTCTCTACTCAAGCGACGTAATGAGGACTGAGATTGTGAGCTTTACCTGCGCGCTCCCGGTCGGAGTAACGATTCTAGGGTCTCCAACCTTTACGTATCTTTCGAAGTGCAAGCTTTCTTAATTGACCGTGAGATGTATAAATCATAAGATTATGAAGTTGTGATTTACCGGGTACGCGAGCCGAAGCGAGGACTAGCGGAGTAGATAGCGGCCAACTATTTAGATAGTGACAAAGGCAGGTGTCAGGGCGTATCCGAATTTTGACGTACGGTTTGGGTCCTATAGAGAGAGCAAACTTCGAGCCTGTCGCCAGGGATGGATGCTGGCCGGTTTTACAGGGGTGTACGTACATACCCGGTTCATGTAATTTTTCCACTGCTATAGAACAGTATTGGCGAATTGCATCATATAAGGCTTTGACTCCTCCTTATTAGGCTAGTCTTACTAGAGGGGGTGAAAAGAAATTACCGGTAGTCGCAAATTCCGGCAATATTTCGAGTCAAGAAGGTCTAACTGTATCCTTTGCCTCGTCCCTAAACGAGCGTCCTGCTATCTTATTTTGATGCATGCTAGCTTAACCCGATGGCTACCAAATATAAACCAGTAATTAGAAGTCCTTGTCTTTCGCGACCTGTAGTTACCGAGATACATGACTCCCGAGGATTAGGATCTGGTCAAGGAGCAAATTATTATACCTCAAAGGCAATATCCTTTGGTCATGGGCTGCCATGAGTCGCTAAACAGAGGTTGCACTCGGTAGGAATCATCTCAGAAAGCCTCTTCAAGTCACAAGTCACTGCCGCTCGAAGTAAAAAGGCAGACAGGATTTCTCTGACACGTCGATAGTTACATCCGTCTTCCGCACATTCTCTAGCGCTTCCTTTACGGACTTTT,1120,47.05,Caenorhabditis elegans
SEQ_840789,CCACATTTTGTTTTATCCTCATGATTCCAGGTCGCTATGTGTTCTTTCAAGTACGTTGCTTTGCCCCATAACATGGGTAGCCTATAACAGGACCTCCAGCCGCGTGCCATACTCTAGCAATCTCCAGGATTCGAGCTTGACCTAGTGTCGCCGATACGTACTATTCGGCTCGACGTACAGGTGACACTCTATATGTGTTCCAGGTTATCCGCGAGGCACGGTCAAATAGCCCGGCTGGAACGGGTAGAGCTGTAGATTGACTGAGTGTACACAGGCGAACGAATTAGCAAATCTATAGTCGGCCACACTCCGACTGATTACGAGCCCCACGATTGTAGCGCGCGCCCGGTAGAGTCCGTGTGAAGAATCCCACACGTGTTGATCTACGTTTCCCGGGTTACTCTAAGATAATGAAACGAAGCGCTCTGTGGAAGGGGTGGGACATAGCCGGCGCGGCAGTACATGCATTCGTACCTGGTAAGAGAGCCGGTTGATAAGTTGATTGCGGAGCCCGCTTGAAGTGAAGGCCATATGTGGAGTCAGGGGGGGAGCTACGATGAAATTAAGCTCGCTAACATGTGATCGAGTCTGTGTTTGACAATAGGATC,608,51.15,Escherichia coli
SEQ_589006,GCTTAAAGTTCTCGAGCGGATGCGATACACCTGCAATGAGGGGCTGGACTGATCTGCGCGGTCTCATAGGTGCTTCGTGTTTATAGTACTACTGCTAAGGGAGCAAAGTCCATGAGGCGGGCGTTACGTGCCCTCTCTAGCGGCAAGCATCTCTCCGTCACCACTCGCTCACTCTCGGAAGATAGGCGCGTTTGTAGGGTGAGATTTCTGGAATCGCATAAGCTTTTGCCAGTGCCTATCTGCCATACAATCTTCCACACAGTAAAGTGCGGACGTGTAGCGCCTATTTGTTGGTCCACCCCGAGAAACAGATTGTGTGGAGAAAGGTGCCACTGATACCAGATAGGTCCGCGCATGCCTTCAGTGGAAGAAAAACTACTAAAGCTAGTCCTCCAGCCATCGGGTAAACAAGTGTCGCACTCCCTTATATTATAGTCTTGATGTGCGCGCTTTCCATAGCCGATTCATAGTACCATACTGTTACTATTTACTTGCCATTGTGAGGCTATAGGGTCAAACAATTGGGGGATGCGTGTAGTCCAGCACAATTTCGCTAATATATTTCAATATCCTGGGCATCGTCGGTTCCTCCTCGGTCCCGCTTACTCCGGAAGAGCTTTGTTTATCATCACAAGAGCGTGGGGCAGCTCCCGTCGTGTACGTGATTTGGAGAAGAGAAGGTGCCTAGCGTGGACTATAGATGCCCATGAGTTCGCGCGTCACTTCTGACGCGGAGGGACTGTCTGGTTTGAAGGTGATATGCTGTGTCGGGCACTCTGGCCTGGTATCGATGTCTTTGAACGTATATGCTGTGAAAATACGTACCTGAACTATACGATGAGGGTAACTCCGTTCTGCCATCATAATTCGTTGTGCGAATCCCAAAAGGTCGTCGGGCCATAACCAATACGGCGTGACCACATACCGAGGCGTCTACTAGACCAAGTTGTCGAGCTGCCCTCCGGGGAGGACATCAATAGAAGAGATCGGATGGGTAAGGGGACCAGGAGTATCACAAGTAGCTCTTGGACTTATACTATCGATGTAGGACGGAAATGAGCCAGGAGTCTGTCCGGCTCGTGGATATTGTGAGGGGTCTAGTACCTTCGGAACAGGCGCATCGAGCACTAACTGATACATGGGCGTCGGCCACCGCCGAACTATCTGGCCAGAGCTAAGCGCTGAAGCTGTTTATCATGCCTAGAACTCTCCAATAAGTCCAGTTAAGGCATGCAAACGGGGTATTAAGCTCTGTGGCCACATAGCTTCGGTTTTTTGCACTAAGGACTAAGCGTGACATTGTTTATGCAGCTTATCCCCCAACCACGCATCGGTAACTCGTTCATGACGTATAGGACACGCTCAATGAGGTTCTCGGCAGGAGAATAGGACGTGTAGTAACTAAACAAGCTGGGCGCTAATGGTGGTCCACTCGTCCATGACATGA,1447,50.38,Escherichia coli
SEQ_986102,TTTTTGTTTGGTGAGTCCTATCCTAACCTCTCCAAGTGTTTCAGTCGACCTCTAACCAACGGTATGGGTACTGGTAATCCATTCATGCGGTGCCGGCTCGACCCATTGTCTTGTAAACTGGTTGCTCGTGAATTATTACCCCCCCTCCATAAACATTGCGATCTCTCATCGTGGTAGCTTAGACTGCTGTCCACTATATCCCTCGATCATCGTAACTGTTGTTAACCCAAAGCGGCAATTCGCTAGTTGACGACCCGGTATACACCTCTCTGCCACAAATGAAGCCTAACTAGCTATGATCGTGGCTCCACCGCGTGTTGGCTACTGAAAGACCATCGGCCTGAGTTACTAGCCCATCTCCCCCTATTTCGACCGCAAACTGCCTACTGGCTATCAGCCAGATGGATCAAAGAGGGGAAAGCGTAAAAGTTAAGAACATCGGGTCCAGCCGAATCGTGGAAAGTGTAAGTCTTGTTAAAAACGACGTCTTCCGCGACGCGAAAGCTGTGTATAGTAGCTTGTCCCCTCGATAAGAGCAGTTCCTATTGCTGAATCACCCTTAGTTCATCTACAAATGTATAGCTAGTCGCATCCCAAGTTTTCTAGGACGATGCAGAAAATGAACTAGCCTGGCATACTAGTAAATTTTCGCACGTTCACCTATCGATCTACCGAATCTGGCTAGGTGCAATGAGCTCATTGGGTAAAGAATCAACAACCCAAAGCATCGATAAGGCGTCAGTAATGAACGCTGTGAATTAATATGCATTATGCCAACACCTTACGCTCGCTCGACGTACCAGCTCACTTTCCCGGAGAAACCATTAATTCAAGAGGGTATTTTCAATGTCCCGCCATGGCGGAAAGAACTAAGGCGTTCACTGAGGCTGGAAGAACCACGCGAGCACGGTCCAATTCAGTCGTAACCTTGGCTAACGGTCTCCGTTCTACGTAGGCGTCTGGTCCTTTACAAGCGTAATGGTTTAAGAACATCAGACAGTGTCTTGACCACTCTACTAGTCAACCCTCAGATGAGGACTTCGATTGCACATGCTCTGTTCATATCTAATCTCCATTCTGGCAAAGTCTTAATTATCCGACATTAGCTGTGGTTAGTTATCGGCGTGCCTTACTACGAAATGTTATTTTTAATTGGAGCGAAGAAGCGAGTTAGTTTTCGAGACGCAGCTGACGTTTGGGTGATTAGAGAGTGCGTACCCTTGGTAGGTCGGCCTCGTCCGGCTTTCATTTCACGATATGCCGGTTACGAATGGCTATCGTACAAATCGTATTATTGAGCAGACGCAGAAGAAAGACAAGCGGGTGACGTCCCGTTTAAACCTCGGACGCAACGCCTTTAGATTGGAACTTCACCCGGTGGACGGCGGTTTATACAGGACGGAGGACGTGACCAGAACCCCAAACGAAACATCTACGTGCACTGGCACGTCAGCCTATTTAGCGACCACGACAGCGCAAGTTTGTGTAGGTATCGAGCCAACAGCGGAGGAAGATGACGAGAGGAGCTGTCTGAAAGGAAAATAGACCTCGCGATTTCCCGGAGCTCAAACACCGATTACGTCAGTTTACGGGCAAAACTGTTTACG,1607,47.92,Drosophila melanogaster
SEQ_553267,TATTGTTGCTTGTTAGGTTGGAGTCCGATAGCCCCGGCCATGGGCGGAGTCAGGAGGTGTCGTGGTTTAGTCCACGAAACGGCCGGACTCATGGACCGGACGTGTGCGGGCTCACATGACCATGTATGCCAAACAGGCATCAGCCAGTACCATTTTATTACCTTAGCCTAATTAATGGGCGGCAAGTGATGAGCTACTTACCATAAAAGTACGATGGGCGAGCCCTGATTTCTTCTAATGCGCACATGGATCCGGGCGAAGTCGATCCCCTCGCTTTATGCAGTCCAGACATTCAATAAGGGCATCAGATGCGGAGAGGAGTACTGCCTCGACGCGGACCTAGCGCTTTTCGGTCAGTCGTGGGTTAGGTCACTTCAATTCTCCCAGCGACGCCTTTGGGGTTTGTTGTATTCTCTACAACCAATTCACGATAGGTACCACGCATCCTCAATTGTCCCCAGGTCTTTGTCCAAAAAAGCCAGCGGTGGCAGAACAACCGTACGGTATAACTTAGAAGCCTGCTACTAACTGCCGATTACTTAATTGTTATGTCAGCGGAATTGCCGTTGTATATATTGCAGAGATTTAGAAGGAATATAACTTGCTTTCAGCCTAGTGCCATCCCTATCTCTTTGTTTGCTGGTAGCTCCGTGCCTGATTCGTTGGAGATCGCAGATCGACGTACTTTGGAGACTCCAGCTAGCCCTCACTTCGGCAAACAGAGTCCCACCTAGGCACGCATTAGACCGTCATGGCAAGACGCCCCTATCGCATAAGCTTCTACGTAAGCTGCCTGTACTGCAGACGCTTTTCCCGTGACCTCACCCGACGAATTACGCTTTAGGACTTAACTAAATTCTTGGGAGTCTTTCTTGGTGCCGGCTGCATGGGACGCCCCTGTGCCATAGCCAAAAAACTGGTTTAAGCATTAAGCAATATTGAGACTCTTGGGCTTGGCGAGTCATCTTGAGGTAGTTGGTTCTAGACGTCGTATATTGGGTCAAGTAGGTCAGCCGAGATTGCTCTTATTGTTACCCATGCTAAATTTGTACACGTATTTATTATCCAGGCGAGATTCCCGTTCGTACAAGATGTGTTGAAGGTATTGTCCGGCCACTTGGAATAAGAGTATCTAGGGGTAGTACCAGTTTGTTGCTTTTACAAACCCTTCGCACGGCCACATGATTCTGGACGGCGCTTCATAGGATATTTCAACCTAGAAACATATAAATGAATGGCCCTTCGTTACGAAGGCCAGCGTCCGCAAGGGCATCTCCAAGATTCCCTAATCCCCCTTTGAAGATGCGAACCGTAGCCAAACGAATTGTGGCGCGCTTCCTCCCAACCGTCTAATAATCAAAGATGGAACCACAGCTATACGTTTGGAGGCTCGTTCCCATGAACGAGTAGAATGAACGGGGATCAGCATTTGTACCACCGACTAGGCCAGTCCACAGATTTCCACAGTCCTCACGCGATCTATACCGCCTAGGCACTAGCTTAGCGAGGGCTACCCTGAGCGCCTCCGCCACTGCGATATCGGCGGTTTCCAGACATATTAGGCATACAAATTTATCCGAATCTAATTCACATTCGAATCCATACTGCAAAAGTGTCGCATTCGGACCGGGCTGTAATGGAGATGGCAGTAGATCATCTCCCTTGGTGACCAGGCCGGGCTGTCGTCCAAGGGCCGAGTGGGCCTTTAATAGTGTTCCAGATAGTATTCAACGATGTGTTCCAAAACCACTGCCATGACTGTCTAGGACCAGGAGAACTAGTTCACCAAACCTTACTCATGGACTCTTCGAAACCCGCCGCAAAAGGCAAAACGGCGAAGAGGACCAGTTGGGGATAAGAGGACCACACTATGGGTCCCCCGTTATATAATCGAGAGACATATACCTGTT,1910,49.42,Arabidopsis thaliana
SEQ_583206,GCCGGCATGAATCATCTTGTATAGCTATTTATCGATGGACTGAGAGAATCATTACATAGACGATTCCTTGTTAGAACAACAACTGATGGTCAAAAAGGCAGATATAGTAACGGGTCTGCAAACTTCTGTCGCGACCATTGAACCTTAAATAAGTTGATTTCAGAACACGCTCTGCGCACGGCCGCGTCTTATCCCCACATACGATCGGTAATCCATCTACGAGATATGACAAATATCACAGGCCGCGTTGTAACTTTTGGTGTCGGGAATGGGAATGCTCTCGCATTACATGCCGCTGGGATCTATTCAGCCGAGTTCGACCTCCTGTCGCGTCCCTGTTAAGAAAATGGAGCCCGCGGGCTAACGAGACACGCAGCGATGTCACGATACTGGAAGCGAGGCTCCAGCTTAAAAGGACGGCGCAGTTGGTTCATGGCACCTGAGCTCTGATGATATGCGCGGTGCAATAGCCGCCCAGAATCCGGAATTTTAGATCCGACGGTATGTGTTGTATGCACTGTACGCTCCCAGTGTGCCGGTGTTACCTCTTAGGCCAAAGCATTATCGTTATTAGGCGGGGCCACCTTGCAGGGGGTGCCATCAGAAGGCGGTTGCAGGTGCAAAGAAGCTTCCAAGAACTTCTACGGTTGCTGAAACCGAGCGATTGAGTCAATTGATTGCGAGGCCTT,689,50.07,Escherichia coli
SEQ_676769,CAGATAGGTCTTGACGCCCCTGTAGGCATTAGGCTAGCGAGTACATCTACAGCGAAGGCATTGACTCTCTCCTGGTGCGGCGCCTTTCTCTTCTTTCCCCAACGTCGAGTTGGTTGGACTTACGGGCACTAGCAGCCGCCAAACCTCCGTTAATACCTTGGTCGAATACACTACTAATCATCCTTTATACCTTGGTCTCGCTGGTCGTACTTTGTTGTGAAATGTGCCCCTTCTGGCATGAATAGGACGTGCATTTTCTTCATTAAAAGAGGAGAACGCCTTGTCCGTTATTAACCGTCTCTAGACAGTCGACAGTGGCAGTGCCGCGGGATTTACAGTATTGGGCCCCAGATTTGTAAGTAGGCGTCCATCTTACTACAGAGTAATAGTCAATGGTTTACAATTCAATTGCGAATGGCTGGTTGACTCGCATCCTGTGCCTAAGCGCAGAACACTCTACGGGCAATACCTTTCACGATCATTTCGGGTTTGATGACCAATACCCTACAAGCCGTCTCAGCGCGTTCGTGGCAGCGGCAAAGCATATCAATAGACGAGGGCACTATGCTTCGGTATTGGATTGTGAAACCGTGACATCAAAAAAATTAATCGGGAGCACCAGGCATGCGCTCTTGCGTTACAGCCCACTCACATCTAACTGGTCCAACAAAGCTCTTTGCACTATACCTTGAAGAACGAAAAACGCATCAAAACACGGGTTCCCCTCCACTTGAGACGCCGCAGTCTCTGATTAGCACTCACCATAGGTAATACGTTTATGAGACAGCACCGACGCTTCCTCTACTCAGGATAGGCATTATAGGTGGAGTGAGTACTTACCGAGACTCTTCAGCCGGAACGGCATGTTTCAGGCCGTCGTTCATGCCGGGCTTAGTAAAATTGCTCATCTCGGGTTGGAGCTTTCTTCCAGTAACACGGACTCGGTCTTGTATGAGGAACCCATTAAAGCCTACGTAACCCTTGCCGTACCGGGTCAACGTACAAGCCCCTGTCGCCAACGCACCTTACCGGCTCACGCTACAGATAGTTTTTACTCGCAAAGCTGAACTGGCATCACGTGATAAGCCAATAGCTCATCAAAGCTCGTCTGTTCTGGAAAAACTCTGACTGCTGGCACTTTTTGAACCTAGTAGGTACGGATGACCTATAGAAACGTGTCACTTTCGCTGTGCTTTAGCGGGAGGATGCAACATTCAATAGGTTAAGAGCCGAGACGCGTCGTGTGGTTAGAAGACTGTGGCTACCGGATAGAAAACCACAAAGGGTGTGTGAAAAACCTTTCACGGTTCACCTCCTGACTTGTCTGTCTAAGGGCGAGTCATTAAGCATCCAATTATGTGAACTAGGCCTATAGTTGGGTGCAACATCAAGCCATTTAATTCGAGTAGGAACCAAAGCCTCGGCCACACCGCGGAGGAAGAAGTCCCTTCTCCCACTCTTAGAGCAAGGATGGATGAATTCTTCTCGG,1489,48.89,Mus musculus
SEQ_952935,TCATGCATTAGCAGATGCCGAACCTTAACGATAGCTACGTCGTGTATCGCGGTCCGCCTTGCAGAGCCATGGTCATGCAAGGGTGGCACGGTCATCGGTACGGCTAGGCACGGTATTGGTTGCGATATGTAATGATGCTCAGAGTGCGTTTTCTGCCTCCGTAGTGCTTTTTATATGGACCACTGTACCGCTGTACTGCCTTTATGTAGCTCTAAACTGATGTTTCCCAGCTACCCAGATCGCGGATCAACGATTGGAAATGTATCTGAGTACCCATGTTAGCTGGGCCGCCAACTCTGGATTATCGAAAACGTCAATCAGCGTGCAAAGTTGGCGGTAGGTATTGACCTGGGTAGCTATATACTACGCGTTGCCGAGGTCCGCCCTAAAGCTCGTCTCTTAACCAGATGAAGAGCTTGGAGAGAAGGCCAGGAGAGCCCACCCATGTACCCCGTAGGAGGCGAATCTACCTAGCTCGACGACTCCGTAAGTGGCGACAACGATACGGCCGCCGACTGCCACCATGAAACGCCACTGGATTGAAACCGGTTGGGTGTATAAGGCGTGCAATGTGGTGATACTGTATTAGGAAGTCACAGATTGCTATGAATTTCCAATGGAACCTAACTTCCGGGGCTGGTCTCGCGCCGAAGGGAACACAAACGCTAGGGACACCCTCGTACCATGCAGCGTAACG,697,52.22,Saccharomyces cerevisiae
SEQ_326356,GTACGCGGCCCCTCATAAAAGGTATAGCGGGAGTAATGGGGGAAGCGTTGTAAGAGTGTAAGCGCGAAGCCCCTTCGCCAGTCCGAAGGAAGCCACGATGTCTAACCGTAACCCATATCGAGCGTAGAACATACGCAGACATGATCTACCGCTAGTACAGCGTTGCCATTACTGTTATATAATGGTTGAGTATCCACCACTTCTTTGCTGGCTCCGTAAGATCGGATAGCTGCTCTTGTCGGCTTTCCCTGTGATAACCATGGTTTTGCACAGTTGGTTCCCTGCGCATATATCTCGCCATTGATTTACAACGGCGGACTCTTCACATCTATGGATAGAAGACCTTCTATAAATATTAAAGTGCGCCTGGGCGCTCTGGTCTCTTCCCTCGATAACGCAGCCCTCTGCGTACTCCTTCCCACACGCGTAACCTTAGAGTCGCTGATACAGCGCGACATTTACTCATCGGCGTGATGCCCTAATAAAACTTGCTAATTCAACTTGTGGTTCTGGGACTTACGGCAGACTATACCTGCACCATGGCGGTATATGTCAGTTGCGTGGCACGTTCCAAGACGAATGATACTTGTGTGACTAACGATCCTCCCTGATGTGTGCCGGGGGCATCGGTTAAACCAAGGCAAACTAGTGAATCTTGGGCAAGTTCCTGAATAGCTCTTGATCCAAAACGAAATAGAATAGGGAAGTAGGGTAGCCTTGAGGTCTATGTACTTAAAGATATTCTCTTTGTTTATTCTTGTTTCAGTGTCTCGGATAGCACGGGTCTGCGGGTTACGACTGTCCGGCACA,810,48.52,Saccharomyces cerevisiae
SEQ_648534,TCAGGTCCCACCGCATCACGTTTCGCTCGAGACCATAGGTTTACACCGCACGTCCTGTAGACGCATTGCGCCTGATCAATAAGTCACTGTCGGTACTGTTAAGAGGCGACCCCGACGGTCCATAATGACATGTCATCACACATATTTCGTGTCAAATGTTTTCACTTTATGTCTCCCCCGGGTTCTTCTGGACAACGTTCCCCCTCCGGAGCATGCCCGCACAAGAGGTACTGATTAGCCGCTGGTAAGGCAAGCATGACTTATGATCCGTGTTCGGGATGCTGATTTATATGGGCGCTTATTAGATTAGAAACGGGGTCAGTCGGATCGTAAGTGAAGTGCGGACATTCCCACAAAGCGTCGCCCCGATGCTGGCCTCTGATGTGACACAAGAGATCGCCTGACGCATTGCACCGTGGAAACAAGCGATAAAATACTTCAAAGTGCACGGTAAGGAGAAGAGCGATAAGCCAAAGAGTTTTCGTCGACGCACTTTGGATGGCAATGGATAGTAGGTCAACCCGTTGCAAACAGGGGCAGGGATCTCACCCCGTTCCGCAGCGTGGCCTCGAGAGTATACCAAGACAGGACTGCAAGACACGGAGATACCTCAAAACTCGCACTGATAAGACATCTACTATGAGGTAGCTACGAAGTGTATCTTATCTGGTACGGCGACAATGCCGGAGGGCACTGGGAGCCTAGGCCTTAGACGCCGGCCTCGCACCAATATGCTGTCCTTTTGCCACGTCTCACTGATGGTGTTTACACAGTATCTAATTGGTGGAATGAATGTGCACAGGTCCGGTCCGCTTGTGATCATTCGACCTACACTTCAATCTGCCGAGCGCCACGTTCATTAGTGTGATGATACCTTATTCTCGTTGAACTCGAAGTATGTTTGCCGATATAATGCTAATCATAAGGGTACGGGGGTAAGCCCGACATGATGCACCTAACTATCATAGGAACATGGCCTGCA,982,50.51,Mus musculus
SEQ_847718,GAAAGAGGCGAATAATGAAAGTAATGGAGGCTCGACAACCAGGGTTACTGAGGTACCAGTCACAGCGTAATTTGCACCGGAAAGGGATAACACCTAGCAAAAATGACACAACGACGGATCTCCCGCAAAATTTGTTCCATTCCCTCTTGCCCACTCAGGAGTCTTGCTCGAAAGATAGCACCACCGGAGCGAGGAGAAGAGAGCCCATGCGATAAGTAGCGACGTACCCCAAATTCAGCACTAACCTGGTCGACCCAATGTCTGCAAGACTACCATAGCAAGTTCTGTTTGGTAAGGCCGGGGGCAACGGGCCTGGTCAAAAATTACTGTTCATCTCCCCATTCGTGTCACGTTTGGACCGGACTTCCCCGTTCTTTCCTTTCATGTGTCATCTTCCGTCAGCACTCGTGATTTTGGATTGGTGAACGCACCACAACAAGACACACACGAATTAGATTTGAGTCTTATCTCGTTGTCGGACAGGGCTTGCCGAGACGATCAATAGCACATTGACACAGAGGGGACACTCTTCATATCACAGTTGTGGTGATATACACTCTGCGTGACTTCCGTATGGCAGCCTGACAACGTCTGAGTTTCCTCATCCACGTGACGCCTTCTACCTCGGTGCTTTAAAGGTACTATATATCTATGCGCCGTGCACAATAATTGAATTTGCTGTTCTCCAAATGCTGTTACCCATGCCACCCGGCTCGTCACATCAGCGATTCTCATAGGGGGGTGCCAAATCCCCGTAGCAGTAGGGTCTTCACGAGCCGGTGCACTCCCGCACGTATCATTATTCTTATTATAGCGCGTTGTTATATCAGAACTGTCACTCCCATGCTTCTGCTTACGACGTTAGCATAGGGAAAAGACCGACTACGACCCCAGAATCATATCGGATGCCAAATTAGATTAAAAGTCGAGTAGTGATGCGAGGTCCGAGGGTGATCGTCGCCTTGATCTATGCCTATCTACGGCGTGCAGCCCTTCTCATTACGACTCGAAAGCTAAGCACACCACCATTTGGTACGTGAATACGCGATGTTCAGGGAAGCGTCACAACTGGTGTACTGAGGTCGTAAGGTGTGAAAGGTAAGTGGGTTGTCTGTAGCACCGCGGTTCAAGGAGTTATCACGAAGGCGCCACCGCGGTAAATTCACAAACAGAGGTACTTCAATTATAGTCTTACAACCTCTCAGGTGACACATCATAATATTAGCAAAAGTGAAGAGTCTCGCACAACGCGG,1253,48.92,Drosophila melanogaster
SEQ_455593,AACTTTGTGCGGTAGCTGGATCAAGCTTACGTTGTGATACATCGAACTAGAACACGCCCGAAGATCTCTCTGCTGTTCTAGTAGAACATCATCTCAATGAAGGATCGGTGCTGGAGGAAATCCGGGGCACGGGATATATATTCCGCGAGCTCAGACGGTGATCGACGTATAATTTTTATTCGTGTCGTACTGTGATCCACTGGCTCGGTGGAAACTGTTAGGGCGTCAACCCTCGCCATGGAGTCTTCGAGGATTCAGGTACTCTGGTATTTCTAGGGAGCACACTACGAAGGGTCAGCAGACACGTCGCATGATATTGGCATTACGGTGGACAGGAAATCCTCGCAAAGACATAGTTTAGTCTTATCAACT,372,48.12,Caenorhabditis elegans
SEQ_936642,GCCTACCTGCATCGGCAATTGTTAGGGGTAACCCCGCCAAGACCACGTCATTCGAAACTCCGGAATTCTAAGTACTGGCCTAGTCGGTGCCAGGCTGCTGAGCTACCAGAACGTGCACGCCGAGCGCACAGATACGTCACGGAACCAAGAAGATCCCAAAACGTCTTATTATGCGGGAGCGGTAGGAGCGCACCTACATCCCACCCGGAGAAGCGGCACAGTTATCTTTACTGGCGATAGCCTTGACAATCTTTGGGTGAACGTGCCCAAAGACGACTGCCTGTCCTGGATAGTTGGCAGTTCCCCCAGCTCGCGAGGGGATGAAACAACCGTACAGAGCCATGACAGAGCACGGAGACTTGAGCGGTCTGTCTGCCACGCTTGGCCAGTACAGATCTCGTTTATTATCATCGTACGAGGTGGGGGATTGGGCATCAGCGATTATCACCGGCAACTCAACAAGCGAGATGCTTTCCTTGCACATGGCAAGTGAGCACGACGTGATGAGCACTTCAGAACCTAGGAGTGTGAAACGAAAGCTCACGGAAGATCGAAATAGCTGCCGTGAATACCAAATATCGGTCTGCTCGTTGAAGAACCGCACTCAACCGTTGGACAAAACTGTCCGGTGCTATTGTCTAGCCTCACGTAAAATTAACGAGCCTACGCCCAAATCGATCATTAAGTTACAACAGCGTTGGGATCGCTGTCTCCTTGGACAGTAGCAATCTTCCCCCTGACGGTACTAACCGGAGACCTAGGCTCGATTCCGTCAGGTCGCGCTTAACCCATTGGACAAGTTGGTACCCACGTATGCGAATGCCCTCATAGAAGCCAAGGGTACGTTACGCCGCGCTTCGGGATCGATAGAACGTTCTGCAGTCCTAGCCCTCTTAACTTTACCTTACATCTTTAGACAAGCCTGAACTACCGAACGTTTAAGGCTGGGATTGGCTTAAAATGTTATAGTGCCTTGCTCGTCGTTCATTTCGTCTTTGTCAAAGAGACCGTGGGTATTGTCATGGGCACAGGTTGTTCTTCGGGGTCAGTGGG,1053,51.95,Escherichia coli
SEQ_469304,GGAAGTGGGGGTAATTGAGTGAGCCAGATCAAGTTCAGTTTTGTCCGGAAAGGCCGATGACTCATCCGCCGTTTGCTTGTGGGTAGGATAAAATCTTGCGCCTCGTTAGTGGTTCGCGGCGTACTAAGGTGACTACTCCCAAGGGTGCATCAGAAGACGCACAAACTGGAAACCCCGGATTTTAAGACTACTTCCCTGCCGGTCCTCCAACCAGACCAACCGGTAAATTGGGTGATTTATGCACTGGGTTCTGATCCTCCGCGGGTCCCCCTTGGCATGCTACCTTAAGACATCCGTTACACCTCCACGTCCTAAAGTACGAGCCAAGCCCACGGCCCGTTGCTTAGCGTCGAGTGTGACTTCGTCTCTTGCGAAGCCGTTTCTCGAACGCTTATCGACTTGTTTGGGCGCAAGATGACAATTGCTTGGGGGGTCGTGATTGTTCTTTAACTTAGCCGGGCGAAGCTATAAGAACGTCCTTGGTATCATATAGGGAGCACGCCCCGGTATGGAACGAGATTCGCGGATCGTCGATGGGGGCATTCTGTGAGTATGAGTTCCCTAAGCAGGACCCGCTAGGAGGGTATGTGGATGCCCGGTTCCTGTTGGTTAACGCTCAGTGGTCCACGATGTGGCGTTGGTCGATGCTGCACAAGTGACCAGTGTTCTAAAGGAGTATCGAGTGATATGTTTGTGGGGTCAAGAAAACAGCGAGGCCAGACGACGCGGGACGAGGTCGCAAAGATAAGGGTACCCCCCCTATGCCATAGCGCGGATTGGTGATACCATGTTTCATTAGGATACCAAACTTAGATGGTCAGCCCGGAGTGAACGCCAACCGGCCAGATTCGGAAACCTTATACAATGTGTAGACGCGGGAATCGTAGGACCAGGCTACGGGGATGCGCAAGAAGTGAAATGTAACTGATTGCGCGGGGCCACCTTTGGTCAGTTGGTGCCTGTCACTACTTTAATTAAGCACGGTTTAAAATGGTGGCTGGAGAAAACATCCTCCGGTAATAGTATATCGGAGCCAATGCTCTTTCGAGGTATCAGGTAGTCATGCGTGCCCATCACGGCCCGTTTAGATAGCCACCAGATAACTCATGGCACCTAGGCGACGTTCGGCTTACTGGGTTCTCGCACTATAAGTTTACCTGGACTCATACCCACAACCGCGCTGGAGCGTATATCGCGCAAGCACTGCTACTAATGTCCTGCAATAGTGCGAGAAATCTACGCGTAATACATGGGGACTCCCACGGAATCTTGTGTTAGTGCATTGGAGTCCATAATTCACCCGCTGCAACGAGCACTACCGGCAGAGGGTGCAACGCCACCGGCACCTTTGAAGGTGGAGGGATAGGAACTTCGGTGACTA,1381,52.43,Mus musculus
SEQ_309200,TAGCTTGCGGGAGCTCCAATTAAATCCAACTCGGCTCTAAACAGCCAGTGTACAACGGTCCCCGAGATAAACCACGTGCTAAATGTGGCGTTCTGACCGCACCAGTTCATGCCTAAGAAACAATGGACTCTTCTCGTCACATAAAGAGACTAACGCAACAACTAGATCCCACTAGAGTTCGGAAAGACCTATAACGCTCGAACGGAATTGGCTGTTTAGTGACTGGTTACTAAAGGCTGTATTTCCGCTCTACGGACTCGGCCTCCTGACGCGAAAACAAATATCCAGCATAGCTCGTATTATTTCCGCTTACATTTAAGTGGCGACGGACGCTCTGAAAGAACGGGTCGTGGCGAGATTGATCGAGCTATCAGCTAAAGCACGCCTGGATGAAACTCATTGCGGGCGGGGTTACGTGATTACTCCCAAGCACAAACCCCAGGCCGAGGCATCGTTGGGGGCCAACGAATAACGTTCTTGACAAGATCAAAGAAGGCGGTGAGCCGTAGCGCCGAACACGGTTGCTACTCGAAACGCCCGTCAGGTCTTCGTTGTACACAAATCAACGTGGACCTGTGTAATGATCGGAAAACGGACACCGTTTCCGACACATAGCCCGGGAGCTATAATATACTACACAGTACTGATCTCTCACTACGTACACGGATCCAACCTAAATCTAATACAGTACGTTATTTCACTCAAGAAGTCAAACGTGGTACGTCCAGTGAAAGTCCGATTGACTACTGAGCCTGTGCGGAGGGGCGTTGGAGCCCATGGATCGAACCGCTCAATATCTCTAGGGTAATCAAACTTTCAATCGAACTGAATGTACGATCGGGACCACAGCTCTGGGGCGTGTGGCTAGGGTGGTAGGCCGCTGTAGTCCAAACCATTGCGACTTTTGGAGAGAGATCTTGATGGGCCGTGGTTCAAATTCGTTTTTTTTCCATAGTAACTAACGAGGTAGCGATCCAGGGTTG,983,49.44,Drosophila melanogaster
SEQ_984718,GCATCGGAATCCAACAAAAAATTCTTTATTGTGACATTAGGCAATGCGGCTCGGACTGACCCTCCGTGTAGCAGCACGGACGCCAGGACAACCTACGCTTCTTCTCGTAAACCATGGATTCTGCGAGAGACGCCCGCGGCATCGTTCTAACGGACGCTAGGTAAGATGTTTCGTGATCAATACGTGTAGTATTTCAACAGCTCCCAAGATGCCCAACTCCCACCTAGGCCACCAGCATCCGCGAAACTTCACGAAACATATTAATTACTCTAAGCATTATCTGCGCATGTAGGGACTATGCCATCTATGTCGCCTGTTTAGGCTATCTTTGTAGCCGCAGAGCCCAGCATATCCTTGAAGGTTTTAGCCGCCCTATATCACATACATTAAGCTTCGCTCAGTAAAAGAGCGCCTGAAAAAGGCGTATCCCCGAACGAAGATTCAAGACCTAATGATAGAGTAGCCTACAAACATCACTAACCACCGGTGGGGGTCCGGATCCCGAAGTATGAATCCCATCCTACTTCCAACAGACGTGGTTAACTTATTATACATCCAACGGCCTTATTATCTGCTCGCAGAACGATTTCGCATAACATCTATAGACGCTCTTAAGAGTGTCGAATGGATTCGGTATCTTGACCGAACCGATACGCGTCCTGAGGAGTCTCTGCCCTACAATAATGGTGAATGGCCCGAGGCTTGGGTGGAGCTTAGAGGCGGTACCTTCAGTTCTAGCAGGCGAATCCGTGGTAGAAAACCCCCTACACACGGGTCTTTTCTGCAAAACTTTCGGGCGGCTCCAAGGTCAAGTATCCGACTTCTTCGCTGGTCAGCGGAGAAGCTATCACCACTATAGGGTTTGACAGCCCAACCATGTCGCGTTCTTCGCTATGAAGTGAGTAGTGTGCGACCGATCTCAGAAATACAACTGGGCCATCCTATGTGTGAGAATTTATTTAACTACGATTGCTCTAGCAAGTATTTCAATCTTACGGCTTTAATCTTCACTACCGTCTTGTGTCCGCAGATTTAAAGCTGGTGCCAATCCCTTCGATGCACGTAGTGATGATGACGCTAACTTATCTTGGCTCGCTGCCAACACTGATATTTATCATTGTGTCTACACGCATTCCTCACGGATTTAGCTGCTTTACTCTTTGTGCATCTAAATAGTGGTACTTACTTCTGCACACTCTTGGTGGCCAAGTCACGTTCCTAGAAACCCCCTTTGGCTAGACTGTGCCGGCTAGGGGAAATACTTTTCGTGAAAGACATGTACGGGCAGCGATCTACCTTAAATCAACCATACCCGCACAAAAAATATCTGCGCACTGAGTGAGTGATCGAACACCTGTTGAGCATGTTGAGAGACGCAGCTCGCTCTTGGAGGTGAATAGTATCCTTCTTTCCAGTGAGAAAGCATCACTCGGGTTGCGGAGGTGCATCGTACCTCTGAAATTATCAAGGCCAGCTGCCAGTACCCTTCTTGGGCCTAGTTCGGAGTAGGGAGATTCGCACAAATATGACTAAATGAACTACTGGTGACTCGGTGCCAACTTGGTCCTGGGTGGTTTACCTGTGGTCAGGCCATCTAAATGGGGTGGTCCTTCAGTCCCTTCATTGCAGGACAACCACAGTGGCAGTAGCGGAGGGCATTCCGCGGTATAGCCGGTGCCTTTTTCAAGTGATTAGTGTTACGGTC,1705,48.45,Arabidopsis thaliana
SEQ_844336,TAGTCGCTCGCCGCTACAAGATTAACGGCCGTTCCGGATAAACGCTGAAGTGTAAACTTTTCGATATGATAGCGTATTAAGCTCCTCTTACTACGCTCACGGGCTGCAAACTTTGTCCACTACACGCGGAAATATCCGTTCAGTCAACATCTCCGAATCTAGTATAGGATTGGTCAGTCAGCAACGCGTGGTCCAAGCGTGGTCGGGGTCAGAATCCACGTTGCCCCGGAGTCAGTCTGTGTACACTCCGGGTAATCGAACCCCGGGTGCGGGCTGTGACTGATAAAGTCAAGCATACTAGTCTGATCAGAACTTAAGCGCCACTATCGCTTCCGACCTTTTACTATACCACTGAACCGTTCGGCTCTAACAGACAGGTGACCACTACGCGAGATCTTTCGGGACCTAATTTCCACAAACAGGGCTTATCCGTGGTTTTTTGTCGCTCGATACAACGTCGGTATATAGGGTAACGAGCGCCCACCATCAATAGGGAACTATTGTCGCTGGATAGCACAGCTAGCGCTGTGCTGCTCGCTCGCAAGCCGAACCTCGTGGTGAAATACCAGGTACCGAGTTTCAATGGAGGAGACTATCTCGCGAGGCTCCTGCCCTACTTGGGAGAAGAATTGTCCGGAAAACACTGGGCAGTGATTGAGCTCCTCGTCTTATGATGTTGTAAAGCCGAGGCGCGGCCCATTACACGTGGTGAGCGAACTGAGATCCCTCACGGCCTCGCGATGCGTTAAATGAGGGGTAGCACGGCTTGGGTGAACTACATCTACCGGGAAATACTGTACACTCTAGGGTTCACGTTTCCCAAGACCACACCAGGTGTAAAGTTGCTGATCATGGATTAGGTCGTCAAGCCCGACCGCGGACCCTTTCATTCAGACGCAAGGGATTTGTCTGTCAAGGGAAGTTCCTATATTATCGCCACGACAGGCGGCTGTAATCGAGTACCAGTAACTCTAAAGATAGAACTTACCACCATCTATGTATTCGTTCTCGACCGCGGGATTACTCCTGTGATGC,1035,51.11,Mus musculus
SEQ_569427,TTTATGACGGACTCCTTCCATAATCATCATCGGATGTGCGGCCGTCCACAGAGTACCAATAACACTTACGTCTCGAGAGACACCTTAGGCCACCTCTATGTGATCTTACCTTCTATTTGCCAATCCCTCATTCTCTTGTTAAGTTGCGGGCTCAGAAGCGTGCGATGACGATTCGGATAAGCCATCTCTCGCCCCATGCCCGTGATCCGTAAAGGACCTAGCGCCCCTCGTGACATAATCATGATACTCCGATTAGACA,259,49.42,Arabidopsis thaliana
SEQ_881985,TACGTCCACACTGAATTTTACGCATTGACGCTGCGAATTACGGCGTACCTATCCCTGGTCTGAAGGCGGGACGCGACCTAAGCAATACTAATCCGAGCCCTGGGTTAGGCGGTACGGGAAGGCTTGGTACCATCCAGCCAACCGTACACTAATACATGTTCGGTCCTCTGCTTTCTCGGTGACTCAGGACCGCTAGCCGTCTCCCCCGGCTTGCTGGCAACTAGCGTAGAGCCAAGCTATATTCGAGAACCCGTCCGCATGGAAGAGCTACTATACGTAGCTCCTCGGTAAACGAATACTTCAATAGTGGTCCGTGAAATTTTGAGAGAAGCACATGCCGGGTTATCATAGATAAAAACTGCTCCTAAATCTTGCCCGTTAGCTAGTTAGTAGTACGCGCGCGGAGTCAAAACTAATTAGGTATACCCGCATATGTCCACAACGCTTATCCATCGAAAACACAGACGTAACCTAAACCCACCATATCAGTCGGAACTACTATCTATGTGCCCGATTTGTTAGCCTCCAGTATTTTGGAGACAAATGCCCCTCGACCTCCGATTCCGAAGTTTTGAAAAAACGTTAGTAGTTCTTTTAACCCCTGCTGTCCCACCTAAGACAAATTACCTATCGGAGCGAGACCTACGAACGGCGACGACCGGTAGACAAACCAATAAACGACTGAGTGTACTTACTGAGTTCGTGTCATAGATACGCGCAAATGGCGGTATTAGCGATGCGAATCGGTTCTGCGGCTAGATACGGCTTGAATGACGCCGTCGTAGACCTAGTACTAACAGGGCCTGCCTACAGATGCTGTCCTCGAGGCACACTCATAAGGTGAGGTGTGACTAGACTCCGTCGGTTCCTATAGGTCGCGTGTTTAGAAGCGTTGTATATTAGTGGTAGTCTTAGTTGTGGACACGGGGTGGGTCCCAGAAGTGTCGCAATGCCTTAGTTCCGGACGGTAACGCGGTACCGAACGCTCCCCCTAATTGTGTGTTTCTGGCCGTCATGCATGCTGCTACACGCTAGTTTGCTGAATAGCGCTTTGAACCTAGGAGTTAATAGGCGGCCGTATTATCCAAAGACACTCTACGTCTTCTTCTCTATAAGTTGAGCCGAGGGCCTTTTCCGCGTTGGGGGTAGATGCCTATCGAGCCTGCTATGTATAGGTTAAAGCCCGATCCCAACAAGTGGCT,1202,49.92,Saccharomyces cerevisiae
SEQ_525438,GAGATAAACTTTTAGATCTTGGACCATCGAGTTATTCATTTAGGGCGTCAATACCGTGTGTTCGGTCCAACTTTACCGCCGCGCGCTCCAACTATTGGGGTACCTGTCTACAGGAATCGTCCATGCCGATTCAGGTGCGCAATCCGAGGAAACCCGGTCGGTTGGCTGCTAAAGTAGGTCATCCAGTGTGTTTATCTATCCCTTCTCTTACCATGCCATTTTTTGGGTAAAAGCCGCAGGACCTCAGTTCATGTCTACGGAATAAGAACGGTCGGGATCATACCTTCGAGTCTACC,296,48.99,Mus musculus
SEQ_527429,TCAACCAAACCGCAAGAGGGTTTTTGTTAGAGCGTGACGGGTCTGAGCCGATCTCCAGGGTGTGTAAGCACTAAATCTAGTTCGAGTGGCTCAGGAAAGGCCAACATACCAGGTCATAACGTCAACCGATAGCATGCGTCTTATGTCGAAGGTTAGAGGTTGTCCTGAGTCTTAAATTCGCTTGGTGTACCGACTCAACTGGTAATGGTGGTGAATCATTAGGATGTGCAATCCAGAAGCTTGAACAAACATTCAGCGCGTGGCGCTACCGTAGGTTTCGAATAATGCACAATCGACTACTAGGCAAGGGATCGGCGTTAAACTTGCCGGGCGGTCCCATATCACCCACAATGGTATGCCTAGTTGATCCACGCCACATCGGCGCCTAGAGGAACACCATATCAAGGGCTTACTAAAACTTGTCGCTAGAGGGCCCAAGCATTTAAAGTCGACTCTCTGGACTAGGGTAATGCTGTCTACCCGGACCTTAGCGCTGAAAGTAACGCACTCAGGATCCCAATCAAGCCTTGCCACGTCCCCGGGAGAAATTACGCCGGGCTTGGCGATGCTTAAGCGTTATGAGGGTTACGCAAGGTGTTGGGATGTGGGGTTATGTAGAACCTGCAATTCAACCGCAGAACATAGGACGATCCACCATCCCCTGAATCAGGATCCTGGTGGTGTTGTTACTGGGAACGACAAATCCCGATAGATCTTTCGAACACGCTCTCCATGGAGCCGCAGAGATACGTTGGGTATGATGTATACCATATGGGATTCAATCCACTAAATTGAAGTTGCCGTTTGGTACAATGGCAACCAGTACGGGTCGTACGAAACTAACCTTCCATTGAGTCAATCCGGTGGGCTTGTATGCTTCTTCTGCCTAGATCGTTCGACAAAAACCCCGCTGTTGTCATCCGCTCTTACGGTAGCCACGGCGACAATCAGCTATAAGAACAAAACATGTCCACTAAACTTTCGTTACACGCTAAGAGGTAGCTAAAGATGAGCATATAAGGCTCCCGGCAATGTAGGGCGAACGAGCCATGCGCAGAAAATCCGCGAGTTGTATCTCCAGCCAGAGTACTCTCACTACGCAACGGTGCGATGCCACATAACTACAGGGCTCCTAAGCCACGATCTAGTATTGTGTAACGTGCCCTCTGTCATTATAAGCACTCATAACTGCTAGGAGAGCGGTCGAATCATGGTGGAATTTTATTGTTCTTCCATCTTATGCGGTTGTGCATCGAAACCCCGCGACAGCGATATTCTGACCCCGGGCCACAGGACATTTGAGGTTCAAAATCATATAATAGCCCGCTGATCCAACCCTCACGACACTGACAAGTGCCGTCATAGCGAAACGTCGATTGCCTCTCTCACGGTCGCTCAACTGCGTGTCGATCTGATGACGTCAACGACACCAAGACCGACCAACGAAATGGCACTGTCGCCGCGAATCCCATAGTTGCTATGCTTGTGTCTGCCCTAGTCTGGGAGAACCGATATAGAATTCGGTGGCAAGTGCTAGCGAGGCAAGGCGG,1550,50.06,Drosophila melanogaster
SEQ_460154,GCGCTAGCTACTCGCACTAGAAGTACCGTAATTGGAGTAATCCCGTTCCCGTCTATAGGCATCTTACGTGAACACGTGAACCTTGCCACTGTCCGTACTCGACAGCCTTATTGCCCTTTACGGTCCAGTAGCCAGCGAGGTTGAGTCACGGAGGATCTCTCTGCTTCACCTAGTCCAGCTCAGCCGTTGTGCTTAAACGGGGACTACAAAGTCCACCTTCTCCGGAGATCTGCTCATTCGCCTAGATC,248,52.82,Arabidopsis thaliana
SEQ_277355,AGCATTTCGAGCAACCACCAAGATAACAACGCGCAATCGACATTTCAACGAGTACCTGACTATATGAGGTGGGTGTAGGAATTTCCACTAGAATTCCATACCAACACCTAATTAACATCTGACATGACGTTCACTAGCGCTGAGTACCTGGTATCGACAGAGCACTGCACAGGAATTGCATGGGGCCAATTTTTGCAACATCCGGTTGCCTCGAGTAGAGCACCACATTGATGTCACAGTCAATCCCAAGGCTTATCACTGGATCGTGTATAGAGGGGCAAACTAACTGAAAGGGTTAGCGTCCCTGGAGGTTTGACTTGTCGATCTTAGGGACGGCAACACACTAGTGCCTCGCGCCCATTCTTCAAAGCATGGCCAGAACAAGATCGACCCACAACCTTCGTAGTACAGCCCAGAGGCACTTGGGACTCGCTATCCGCCCAGCCGCCCATGGACTTCAGTCGCACGTAATTACGTGTTGTTTGGTTAGAGGCGATCCCAGCGGTAGGGGCTAGAAGGGCTTCAACAAACTGAGCTCCCCTGGGCGCAAAAATAATCACATGCCTAAACATGGCGGACCGATATCTCTAACGTTATCTCTTCAGTAAGCCCACTCGACACGCGTAAGGAAGAAGCTAGTTGATTAGCGCGCGGACACTGATCCTTATTCATAACGGAATTTTAGTTTATACTCACAAGGCACACCTCCAAATGAATGCACAATACTGTCGTGATATACTTCACACGACAATGTTTCAGATTGTACGTAGTCGTCTGCACGATTATTTGCGGCATGAAACCTGTCAGCCAATCCCGGAGCTAACTACTTTATATGACGCCTGCGAGTTACAAAATGCACTATCACATAGCTTAATGTAATTCCTAGAAGGCACTGTGATAATCGGGCTAGATGCCATCTTAGCGGGCAGAGGGGCAGTCAGACTAACGCATGTCGTTTGACCTGTCCGTTTAATGAGGATATAAAGCGCGCGTGAGTTTGTCATAATAAATTGGGAGGAGTAACTCGGAGTACCTGCGACTACTTTGGACTAAACTGCCTTAGAAACGAGACGTACCGCATCAAGCCCTTCCCCGTCAACGTCCTCCGGCCTGGACTGACAAACTATTGACTCTACCAGGCGCCGAGGACTCATCTTTACTGGCGACCTCGGGCTCAAGAACGTTCATTAATCGAAATATCAATACGTACACCATCATTTCCGTCATTGAAGGTTATAGAGGCTAATTGTCAGTACCCGGGGGATAGCGGAAAATCAACTAGTGAGAAATTAGTTGAATTATAGTCGTCGTATCCAACGCCCACAACTTTCGCTACAGTGATTCACATCCCAATAGCCGTATGGTCACTCCTTATGGGAAGTGTTCGCAGCCGTAGTGTGTCACATTCGTACCTAGTGTGAGACGAGCTAAAAAAGTCCACGGGTCTCTGCGGATGTCCTAGATAGACCTATATCTTCGGCAGGAGTACTGATGGTACGATAGGGGCGCACCCGGACCAGGTGGGTAATTTGCGATAACGCAACCCGGAATCCAGCGCGTTGTTCTTTCATGAATCGGTCGACGGCTGGAGTCCATGCAACGGTTTGGAATTCCGGCATGATCCACGGGGTGTGATACTAGATGGTGTTACAGCCCAGATACGACTTAGCGCAGAACATTCCATCCTAACAGGGTAGTACGCAAGAGTTTCGCTATCTTCATAATCGCAAATATACTTTCTATATGTATGATTACCAATCGACCGAGACTGGGGGTAACAACGTTGATCACAAGACTCTAGTGAGTGAAACAGTTTGGCTAGCGGACTCAGGGCGCCTAATAACTACGCGTATTTCCCAAGTCACCATCGAGGCGGATTGTTTTGTATTGTGACTAATCGAATAGATAGCTCTGTGTTCCTACTTTGCCGTAGGGTGCTCCGGGCTAAGGGAAGGTCCGTCGTGATTCTCGGGGTATTTCCGGGCTTGTAA,1991,48.17,Drosophila melanogaster
SEQ_610436,TGTGGGGCCAGCCAAGGGGTTAGAACTATAAAAGATAATATTAGGATTCATCCCGTCAGCATATTATATCGACTGGAAATCTCTTACGTACACGCCCGGCTTGATATAGAGCTCTGAGATACGTCAAGTCAGACCGGGCACCTGTTTACGCCCCATCCAAACATGAGACCGTGGGTTTGGACTTGATCGACTGGCCCTCTCGTAAGGAAAAACACTCGTGGAATGTGTGCTAGCGGCCGACTCGCGTATCGAGGTTCTAACGTAGAGATGCCCAAAGAGCGGGGTTTAATTACAGGAGTCTAGCACAACACTCGAACAGAACTCTCAAAATACAATTAGAACGCGCCTATGCAGTGGCGGATGCAATTCGAAACGGGACGTAGAAAGTGGGTTAACGCCTTGAGTATCGACTATAAGTAGGGGTGACTATGTTGGCGTAAAAGTGTGCCATTCGTTTGCATGGTATATCAAGCCGGAGTAGAAAGAGTGTCCACTTGACCTAAGGAGCAAAGATAATCACCCGCCCAAGGTACCACCTCTATCGACAGCGCGCGAAGGCAGGTATTCAATTTTGAGGCTACGCTTCACCAGATCGAGTAATTATACGGGGTGAGGCGCTAGCGTTGTCGTGTACAGACCCAGCGAGACGGGGAGCCTTGGGAATCTAACGCATTCGTATTATAATGGGGGCTTTTCAGAACCGGGTTTCCGCTTATTGAAGTCCATGCCTATTTACTCGACGACATGCCCAGAACGGGTACCCTTGTTGCGCTGATGCTCGAGCCTTAGGTTCTGAATAGAATTCCGGACCACAAATGACTCAGATCGCAAGCGCGACGTGAATAGAAAGATTATTGGTAACACGACTCCAAGCCACGTAGCCGATAGGTAAACCGACGAAGCTCCTTTAAGCGTTTATATCTATCAATTGCACGCCTATGTCGCACTCTCGAGCAGCTTTACTCGACTGGAGCAAGCTCTATGCTTATTGAGATCCCCCCATCTTGTAATAATGGCACAGAATTAACCCATCCGTGGTTATTCAGGGCCCTGGCATAAGCATTGGAGATCCTACGCAATAGGTCAAGGGCAAGAACACATCCATTTATCCCGCTTTTTGACTAGGGTGTAGAGACGCAACAGGGTTCATCTGAAACTAAACGCGACCGCTCGTCTGTATTCACCCATGTACGACTTTCTAATAGCGGAAA,1211,48.39,Escherichia coli
SEQ_511610,GCAGCCGGATAAGTGTTACGGAGCGCTTAAAAGAGGAAGTGTGTATTTATGGCTGATAACCTCCCACAGACAGCACTGTCATCTGCGCGTCTGGTAACGTAAGGTGGTGCTGCGGCACAAACACCATTTGCGTCTACGTTCCTCCGAACTAATCTAAGAAATCGCCAGCTTGTATGATTCTCACATCCATCAAGTTGTTAGTGGTACAGAGGTCCCACGCATAAAAGTCGCACCACGCAGTGGGTTTTACCGGGAGTCAACCGACCTCAGAGGCGACAACACGGTCCCTAGAACGGTATCACGTCTGAATAGACCTTAGGCACGGCGGCTTGAACTGTGACATCGTTTTAGGATAGCAGGTGTCGAGACAGGGCTACGTATTTAATGCATGTCAAATATGTTGCCTACGTAAAT,414,49.03,Saccharomyces cerevisiae
SEQ_466781,ACCGCACGCACTCCAGGGGGGCACCGGGACTGAGCGAAAATTCGGAATCGAGCCACGACGGGCGCCACTGTGATTCCTCATGCATACAGTGTTCCAAGTGACATTGTAGACAAGGAAATATCTGGATGGTTTAGAGCGCCTTTGTTGAAGATAGAACGTGAAGTAATAGAACTCCTACATGATTGTCAATACACTTCTCCTCCTATTACTGAAATCCGATTATCGTCTGTAGATCGCAATTGGTTCCCGGATGGGTCGTCGTAGGGTTCGTGAAGCTGCCGCAGTCCCGCATATGGGAACCCCCCCTCGAAGCTAGGAACATAGTGGGTAAAGTCCAAGCCGCGATCGCTCTCTGTTTTGGTAGGTTCTCCTGAGAGGCGTAGTGGTAGCATCAACATTAGGTGATTGACATTCAGTTCAACTGGCTGGTTGTCTCCCCACTCTATCGGTCTTCCAAGTATCCAGTGGTGGCTTGAAGGGAAACGCTGGAAGCACAAGCGTAGGACTGTCGGCAGACTATTTCTTAAGCTCCGAGCGGCGGTAGATCCCTTGCAAGGAACAACGTGTGGCCTATAACTCAATGTCTATGTACTTGATGGACGGTTCTGCCCAAGGGAATTCGCAACAGGTCTATCCGGATATAGACTCAATGACGTTCTTAAACGTGCAGAGAGATACAACTAAGCACATATGGAGTTCCTATTTTCACCACATCCTACAGGGCCTGTTAATCAGATCCATTTTTGCCGACCCAGGCGGTCAATGCAGGCACACTAGCCTCGACGCTGACTCAGGACAACGCTGCCAGGGAGTTTGCACGGGCGTAATTGGTTAAAGACCCGACCGACGCACTCACCAGAGATGCAGGCTTAGTGAGTAGTCTTGACTTGGTCGTCTAATATGTTCTCAAAACCAGAAAAACTGGAGAGACGCTCGGCCAATCAAAATCATCAATCGGACTAAAAGCCCCCCCTAAACGCACGCAGCTATTCGAGACACCCTACTGCCCTTATAATGTATAATGTTCCATGGAGACTTCCACAAGCAGGGGCCCTTGTCTAGGGGGACCGGTTCTTATGCTAGCGTGACCTCGGCCCCACTTTAAGGACTAATTTCCAATGATCTACCCGAGAGATTCCTGAACGAGGGTCGACCTGTGATGAACCGACGCCTCAGCTTCCTACGAACGTTGATTCCAAAGTCTACTGACGATGTCTAGTTTACTGGGTTCATAACCGCATCGGATACCAAGCATTGATGCAAGGCTTCCTACTAGCGCATTCACTACGTCAGCCCCGATACACTCGCCTGAGCACCTTGCGTCCTCGTGGCGGAATCTTTGTAACGGCCCTCCATTAAGGTTACAAAACCAAGAGGTGCCAGGTGCAAATCGAGTCCGCGATAGCGCAGAATGCATCGTCTTGGCTCAGGATGAGTGCCCATCCTTTGGCCCACAAGTAGGCCATGTGGATAGGGGAACGTTCGTACCTGGCCATGATCGAAGAATCTTAAAGCCTTTGTTGTCTCCATAGATTGCCTGGGTGTCTTATGGCCATGCGTTGAACGGTACCCGATTTCCCGCCAGAACTAACCTATCTAT,1600,50.44,Escherichia coli
SEQ_756942,ATATTGTAGTCCCCTTCACTCACACCTGAGTTGATCATGTTGGAGACCGAATTTTGAGCGTAGGTAGGGTATAGTCGAGGTCCTGGTCCAGCCGCGCAGAGCCCACCATTAGATACGCTATTGACAGGTCCTACGGGTAAATACTTCGCCACGCATGAAAATTCTTATAGACAGGACGTCTGACTGCCGTCGGTCGCTGGCAATGATAATCCTGAAGACGCTGCTAGCTGTGATGGCGGCAGGAGAACCAAGCTCGATCACGCTCAACCGACACTATGACAATCACGTGAGGCGCCACACGATTAGCTGACCAAACTTACCTCTTTCTCGGAGTCAGTACAGTCGGCAATAAGACGGCATCCAGTGTTCGATATGGCAGTACTTTTCTTTAATCCGAGATGAGCCACTGAAGGGAGAAGAGAAAGACCGCTATCAAGCAAGGTCCATTTGCCGCGTGCAGGGGTTCGTACTGTGCGCGGGTTTATTCAGTACTGCGTCTGTGAAATGACTGAAAATGGGAGCGACAAAGCATTGGTGAGGATTCCTCTCAATACTCGAAGGCTCTGCATTGGGATTCGATATTTTTTTCTAATCCCGCAGCCCCGGCTGTAATAGCAACATGAACATGCCCCCACCCACCAACGTCGTTAGCCAGTCATTCGCCGGGTTTAAGTTACGGAGTGTGTGAATGGGGTCTGAAGTCGGCGTGGGCTGATTTCCGCATCGTATACACTACCGTCGCGGTTCAAGCAAAGATCTGTGATTAACGACTATGAGTAAGAATAACGAGTTCACATGAACACATGACTGCGTAATCACGGAACGGATTACCGGGACGTTCGCTCAAATTAGGGGGGCCCACTGGTCCTGATTTGAGGCATATTAGATCAGTAAGTATCCAAAGGACTTCGAGAGCTACGCTGATAAATCGCCACTAATGCGTACACACGGAAACCTCTAAACATACCCCTTATCTTCAAACGCGCTGTATCAACGATAGATAACGTGAGCGAGTTAAGGTCTTGAGAAATCAAAGAGATGAGCCACCAGCTATGTGCCAATGCACTATGCTATACGGAACGTTCGACTGAATCATTGTCGTCGGTCTGGGTAGCTTTCCCCTGAGACACGTTTGGAAACGCGTCTTTTTTCCCCAAGAAGATAGAGAAGTTGGAAAAGCGGAGATTGTTTGTCGCCATTTCTGCGACTGCTAGTGTCGTATTGGAGCCCGCACTTTGGGCGCTGTGATAACGCGGAAATGATCGGTGGAGTTACACGCAAGTACCACGAGGACATTGGTGCCCTCATCAGCTATGGGCAATGCTCCGGTACCGGCCGGGAGAATGCGTTAACTATGGACCCAACGCAAAGTGTTAAAAGTTGCCATAAGGGTCTATTACCCATCTGCGGATCCTGAGGCGGACTTTTTCCCATATCTGTTCTCTTACGGAGCGCTGGGCTCTGAGATTACTGTGCTAGATTTGATCTGGTCTTGCCACGCAGCTCCTAATATAAGCCCTAGATCGCGGATAGCGGTAACCATTAAATGCACATGTCCGTGTGGGGTGTTGTCCGAGACGCCGCTTCTCGTTCAAATGAGAGCTTCTTCCTTGGTGCGCTCGATCATGAACTTCGGCCAGGGGCCTGAGAAAAACACGCTGGGATCTCGCTTTATTCGATCAACTCAATCCGTGTATCAGTTACAATGTATATGTCGCGTGAATACATTGCTTACGACTGGTTATCTGGAGATTTGCAATTACATCCCCTATTGCCGAAGTACAATCGGCAATTCGGTGCTTATTCCTCCAATTCTGATTATAGGGACGAAACGAGACACTAATTTACCGCACGGCTCGTCTTGCAGGCTCTAACAACTATCGAGTGCCCGACGGGTGCTTTATGCAATTAACCTTTTAGGAACGTCGGAGGATCTCATGCGGATGTCTAGGCTTAATATACAGCGGGTTAAGCAGAGGC,1980,49.04,Mus musculus
SEQ_399332,GCGATTGGTCTCGGCGACGTCATTGAGCTAATTGTGACGGGAATAATAATGCCGTCCAAACGGATGCTCCCCCTACGTGGATGTGAGCACCGGAACAGTAAATCAAATGGTTGTAGGGACCTATGATACGGCCCAATCCCGCCATGTTACTCAGACCCCTCGGGGTAACATGGACACTAACACGGCGAAATAAGCCGTTGTTTTTGGAGCAATGGCATAGGGGGTTACATAGATGAGAGAATTAGAGCTTCCCCCTAGTTAGCTCCGGTACTTATAGACCGGAGTGCCGCACATCACGTGGAAGGT,306,50.98,Mus musculus
SEQ_420450,AGTTAAGGGATTAAGAAGCCGCAACACCCGTCATTTAACGTTGCTGTACAGCAGGAGAAGTTTTCAAGGCTGTAGATTAACACATAACTATGTAAAGAATGTCTGAGCAGCGCGGGACACCGGCCGAACCACTCAAAAGACTTCGCCTTTGGCAGAACGACCACGCTAGAGCGCGCACCGCGCGGCTGGGGTCCAGCATGTTCCCTTTACTGGCTACTACTCGCTTCCGATGGCATAGCACCAATTCGTATTCCGCCACCCGACTCGTGGCCCACGTAAGGGGAGGAAGCGCAGACGTTGGAGTTCGGAGTCGGATCCTTATACAGGAACGATTACGAAACGGTGAGTAAAGATTCATCCTGTAAGAAAAAGGCACAGTCTTGACGGGGGGCTAACAGGAATGATTAAGTGTCGAATTCTGTCCGAATCCTTGTGTACAAAGGCCCACGTACGACGTTCCCAGGCGGGAAGATGAGGGAGGGGCTAACAGAGTTACTGTTACTTTGAGAGTACGGGCGGACGTCCATCTTTGACTGTGCGGATATCCCTATGTAGCTGCGGGAGGGCAAAATCAGGAACTATAGTATCTCTCTTTATGGCTCCGCCTAGTCTACGATGCATGTCTCACGTGGCTCGAGTGCTTTAATGTGGGTAAGTCCCTCTCTATTGTTCGTCACGACGCACCCTAGGAACTGAATCGGCGCATCCCAAGAACTGTAATCCTCAGCCAGACATTCTACGCTTGCTCCACGTCTCGGCTTTGGAACAAGGCAGATTACGTCTCGCGGCCGGAGGATACACTGTGTGAACCTTTCGTTATGTGAGGGAGTCCTGACAGGCGAAACTTTTCGCGTGGGTCCAACTGGATGGTCTTCCCCGATTGTGGCAGGCAGTTGGAACTGGACCAGGTACGGAGACTCGAAATCT,927,52.1,Caenorhabditis elegans
SEQ_975107,TTCCGCCCAAGCCTAACTGTCTGATGACCAGCCACCTGTCCTTTAGCGGTCTAGAGGCATTACAGCATTAGCCCGGAGATACTTCCACCTTCTCCCCGTGATTCGGCAATTTAGCCAGCCTGGTGGAGCCGACAAAGAAGTCG,143,54.55,Drosophila melanogaster
SEQ_398961,CTGTTTGACGCTCATAGATTCACCAGTCAATTGAAAGGTCCTAGTCGTAACGAAAATGTATAGAGATTTGGTCTGGAATGTCAGATATTAGCAAAACTTAAAATATGCTGCATAAGTGTTCGAACGCAAACGGCGCATTTTAACTTGCAAATAAGTCACGGCACATCGCTTTGCCGAGACCTAAATCGCTAGATGTTTGCTCTTGCTCATGCCCCCCATAATATGACGGAGGGTCAAGTGATAGTTCTGGGCGATTCCCATATATTATTCCTCCCCAAGAGTGAGTTGCGAGGATAATCATAAATACTACGCCTGATCAGAGTTTCAATGTTATATGCTTACAGCTCGCCGATAGCAGTCGCGATAGGAGCCATGTCACAGGCGGTTGGAGCCTGCTAACGTTCTTAATATAGAACTTGACAAAGACCTTTGGACATTTCAGAGGTGTCGAAACTCATTGATCAAATCTTTAGCAGTTGCGTCAACGGTGATTCGTCGGAACACTGGATATTGGTTAATAGCCGTTCATCACCGAGGAAAGCTAATTTGAGTAGCGGACCCCAGGCGTTAGCCGCTGTGTTACCCATGTTACCTAGAATTATGTTCCGATGTCCACACAACCAGTCCGGAGTATTTGTTAGAATAATTGTTCTTGGACCTGAAGAAGTAGACTGATGTCGACGACGGGACATAGGAGGTTGAGCAATCTGTATGTAATCTTTGGGGATTTTCCGGACAGAATGCCCTAGGTGGGTAGTTGCATTTAATGCGATCAAGATCCGAAAAGGTCCAATCGGTTGCGCCTGGGATCTAAGCGGGAAGAAACGTCGCGAACAACAACACCCGCCGACGTCGCCACACCAACGACCAAGCGAAAAGTATAAGAATTCGCCCTCCCTTGGCTAGGTCTGGAGCTGGTGTTTCCCTGCGGCGGACTACATCTTGCTTCTTTTTAGTTTGAAAGATTGCAAGGGACACAATGAGCCGTCTTCCCTTAATTGCTCGTTGCGCAGTTGGAGGCGAGGCTGGATCCGCTATATTCCCGAGCTATTTCTGAAAGACTTAATGACCTATGATTGGGTACTTAGCTGTGAGTGCTACCCCCTTATCACGGGTTGATAGTTAGGGAGGGTCTTTCTTCGATCCCCCAGAGGAACCCATAGAATGTTTCACGGCGCAGTATTCTGGAAAGTGGTAAGCTAGCTTTTCACTAGTGGTGCGACCGATGTGATAGAATATCCGATTCTAAGCCTCTCCTTCTCTAGTCATCGCCCACTTTTCTACCTGACTTAACTTTCTCCCTCCCACTACTCTAAGCGCTGCAATACTAAACCATTATTCGAACGAGGTTTACACTTCTTGCACCCATCCTTCGTCTTCACCTCTGCACGGCGAGAGTTTCGCCCAGAGAAAAACTACTGCCAAAACCGTTTGCGTGGCTAAGTGAGATTAGTACGTGCAAAGTATCATTATTTAGGGCGTCGACATGGCGACCTCGGATGTACTCACCCTTAACATCACTCGAACGAATA,1532,46.48,Caenorhabditis elegans
SEQ_299534,AGAGGACATGAAAGCCTATCTATAAAGTGAGATGCGGCGATGAAGTGATACAGGTCCCAAATCTCCAAAGCAGTTTTTGCTCGAGAGTTAGGCGTGTCTCGACCCGCGAACTCGTACGCGAATATTCTTCCACCCCCTCTATAAGAGGGGCGAAAGTGCTTTACCCGGGTTCTTTTATAACATGACGGTCCATGTGTAGGCGTGGCGAGGTGCGAGGCATATCCCGTGCCATATTGACAGGTCTTCCGCAGAAGCCGCATGCGTTCAGGGTGATGGAACTACCCGGTTCGTGCCATCGTTCAGCGACATTAGTACTCCACATATGTGCGGGCCAGACCGGGCTGACACACTCGAAAATAAGTACACTTAGGGTACAGACAATTGTAGGGGTTTAGTGGGCCACTCCGCTGTCTGTGGGACTCAGATCAGCCAGGGCGGGGTGGTCCGTGGGGGTGATTTAATATTCTCAGCTCGTCGAGGCCGGGGAAAGCACCTCGCTACTTCATTGGCGGTCGAAGGTTTGCCAGTTTGCAGCGTATTGTGCACTTGTCTGACGACAATCCAACGAGGAAAAGATCGGTGTCAGACGGCACCTTTTTGAAAGTGAGAACCATGGTCTCACCTGGCTTTGACGTCGCGACCGCAAGAATAGTGGTAGTGCAATGGGAAGGCTCTACGGGCGGAAATCCAAATAATTAGTGTAGCTGCCTGCCAAAATGTTGGTTCAGTTATAAACTAAGGCCTCCCCCCTGCCCACCCCACACTCTTTCGAGATTTGATACTATGTACTATCCCGGTCAAGGGTTGAACATGCTGTTAATGCGCACGTTGGAAAAGAGACTTGACTCGGAGGAGTTAGCAAATAAATCTCCAAGGGGGGGCAGGCAATGTCGTGTAAGGACACTAGGTCAACCTAGTGCATTTTGGAAACCACGCTGCTGTAGCAAATCAAACGCGGCATAAGCTATCGGTCGGTGGAAACAGCATCTGCGTCTCACTTCGTTACTAGACTCGTCTGCGTCCTGGTGATAGGGGCGCCCGGTTATAATCGAGCGCCCAGACCAATCGAGTACTTTCACATGTCATTGCTAAACTGGATATTGCCGGATGTTAAATCAAGTGCTAGAGTCTTCCCATTAGGGTCGGTAGAGCTATTTGTCACATCCGGATCTCACGGGAAAAACTGTGACCTCTAGCCGGCATTCTCTCGTCTTGTAAGTCTCTGATTAGTCATCGCGGCAGCAAAACGTTCAATTTTATCCCCCTCGCCGGGCGATGTCCTGTGAAAGTTGAGACGCCTCTATAGCCGTCAAGATGGCTTATTAGGACACAGCAAATAGGCAAGGGCATCCATCAAGGTTCTGATGGATCCGCTTTTAAAGGTTTCACTGCGAATCAGTCTCGGAAGTCTCGAGGTACCACGTTCGAAAGCGGAGAAGTAACTGGGAAGGAACTTTTAGGGGGGATTGGTACGTGCCTGGGACGACATCCTCAGAAACCAGGATGAATGTGATGGGTTTGTGTGAAACTAAAGGTCCGCCCGCGCTCCTGAGTACCTTGAT,1562,50.77,Caenorhabditis elegans
SEQ_562242,ACTTTCCATCCTCAGAAGGAATGAGGCCGTGGTTATAGCACATTGCCCGCGTCCCGTAATACCTCTAAGATCACGTCAGAGCCACCAGGGTACACTAAAAAGTCACTTTCGTATCTTGCAGGACCGTGGATCATTACGTTCGGGAGACACCCGAATATACAGATTGTGGGACGCGCTAGGATCCATTTCTGTAGATGGAGTGAAGGCATCCGTATAAAGTAACAGGTAACTGTCGTCCAATTATGGACGCACCATTTAGCGCTATATTTTCGAGGTTATCCACGTTGCAGGCAGCCCGGTTTACCCATTTCTTGTGCTCTCTGAACCCATCCGCGAGCACTTGGTGAGTCAAACTGGGAAATAGCCAGATACGTCACAGAGCCTGAATCCACGAACCTCAGGTGCTTAAGCACAGCAACAGCGTGGGTGATTACAGCTGTCAACTTTACGTAATGATCATCGCGTCCGGATAGGAATTTCGGGCCTGTCGGGATATCACGACTTAATCGTTTCAGCATTGAAGATACGACTAGATTGCTCTTATTTGATCCTGACCGTCAAGATTATCTCGACCTTCAGTGACTGCGCGTAATTGTGGGTGCTTAGATCGCCCGGGAGTCTTACCACTAGTAGAGATGTCTGACGATCTCTCGCCTCGGGAGTCTTCGTTGACACAAAAGCTTCTTGTTGGTTAACGATATCGTTCGTTCGCCGCTGGCGCAAACTTGGAAGTCGCACTCGAGCTGTCTCTAGTAAACTCTTCCGGAGCGTCTCCTAGATGTATAAGAGGTTGTGTTAGCTCCACGTGCAATAGCTTTCTTTTACCGATCCTCGTACATCACGCGATCCCAGTTACCAACATCCTAAGCGAGCTAGAGACTAGTGGCATTGACGGCCTCAATATGGTCAACTTGTAAGACCCCCGGAGGCCTCGGTCAGACATAGCG,947,49.21,Saccharomyces cerevisiae
SEQ_899260,ACCAGTTATTTGGAGAAGTCAGTTGAGTTCCTACCTCGTCTTGACATTGATGGTGCTTACGTAGCAGGAGCACCATATATCCAGTGGAAAGATTTGAATATCGATAGCGGCCAGGTATATTATTGCAACAAAAGAGTTACCGATCGGCGTACCTTATGTGAAGGAAGCCTTTGTATTTATTAATCTTTCACTCCTCTCACCAGCAACAACCAGAAAACTCATGGTTTACGCTGTCTATGATGTTGCACGAATTCGTCGGTGTGGGGGACTCGACTATGAGCGTGTCTTAGAGATGAGCATCATGTGCCCGGGAAGGTTCGCCGACAGGGGAAGACAGATCTTTCTATTAAGTCGAAACACTTCCCCTCTAAGCTTCAGCGTTAGCACCTCCAAGGGAGACTTGTTCGATCGGCTCAATGGCCATACGTACACCGTACTCGGCCTATAGATATTACTGTTTATTTAGTGCCGCCCGTCTCTTGTGGTCGGCAAGTTTATAGTTTGAAACTATGCGATCTAGACCGAGCTTGCGGCAGTGACGAGGAGGCGTTCTAAACGGCTGAGCACAGGAATTCGACTTGCACCGCCGCAGTTTACGGACGCCTTACAGTGGGTTACGAAACGTATCCAAGGCGCGTATCAAAGGCTCGACACACACTGCTATATGATACTCCGGAGGCCGGCCCCGACTTTCCGATCCCGCCGAGTAACTCTGGCTGCTGATCTGTCAAATATTCTTAACTTTTACGCGAGTCAACTCATCTCGTTTGCGTGTTTGTACTGAGAGTCCTTCTCGTACAAGATGTACACATAACATAGTTAGGCATCTAGGCCCCGGGCCATGGCCGGAACAATTGAATAGGTAGTTCCCACTATAATATTGTATGCAATGCGTCATCATCGAGGGAGGCGCTTAACCATGGTTAGTTGCCCTCCCTGCTCCTCAAACGCGTAAGTATCGATATTCAATGTCATCATCTATGCAACCACATTGACCGGTATCCCTTGAGTCTCCCCTATCGTTCCGGCAGCATGTTCAACCGCATTCTGACATCCGACCTGTTCCTGGCAGTCGTGCCAAACCGTCATCATGGTTTCTCATGACAAGCCATGCCGTCATCTCACCGGCCAGACTGATTACGGGTTTTACGGCAACAGTAACGAGCCTTTATCTAATATGTTCCCAACCAGGCTGAGTTGTACTACCCAACTGGCAGACTCAATGGTGTATAATTAGTGATGCGAGTATTGATATGGACCGGATTGCATGACACCGGCCTTTGCTATAGCAGTGAATGCGTTGTAATGACGGATAACGTCCGCAAGTCAGCAGTCACGGCCTGGGGTAGCCCCCGTCGAGCTTCAGACGGTAGCTAAATCTTCCTGATGTGAGCATCAAAAGTATGCAAAGAACGTGGCCATCCAGACAAGTTAAAGCGAGAGTATAATGCATTACCTAGTAGACCTGTAGAAGACTATGACATTATGGGCTTCATACGGGGTTTTACCGGTATCTGGGATGTCCTCGACCGGGTGTGCAGGACGTCCTCAGTTCTCCGAGATCACCGTACCAATCGGTTGCCAGAACGGCGCCGCGGAGAGACCGACGATCCGCACCCTTTGGGGCCAACTAGCCAATTTTGGAAGCCAAAGACTCATCACCGGCGCTACGTGGGTTCTATAGTACGTATTATCTGCACGTAGCGTAGAAGGTAGCGAGCGAGCGATTACACTGGTAGTAGCTGATTCCTCCGTAGCGCGAAAGGCTATGACATTAGAGCGGTGACAGAAGCCATCGTAGATCATTGAAAAGTTCCCGTATAATCTCTGAAATGTTATCATTAGGGCGCGTCGACCAGC,1860,49.14,Drosophila melanogaster
SEQ_736543,ACCCTCAGTGTAAAGAAGGTGTCAAGTGTGCTTTGGTTACCTTTTTGCAGGCGGAATAGGCACAGGTTAGACAGTGGGGATACCATGCCGGCGTGATAGGGCAGCCATAAAAGATTTGTTCCAAGAGCCCCAGTCCGCAGGATATTTTTAGCATCGAGACTCGAGGTCCGTACTTGCCGAGATCTCCCATCCACTCACCAAGAAACCAAGTCGTTGTGTCGGTCGACCAGTCAATTGTGTGATGAGAAGCTTCGCTTCTCTAGTAGGTGCTCAAGCTTTTTGCTAATGGAATAAGGTTCGAGCAACCCATGCACGCTGGATTGAACAGCTACTCAAGGCGCGCCAAAAGATAAGGTCGACTGCCCGCCACAGCCCCCGACGCTGAAGCGCCCGTTTCGGATAATTCTCGCCGATCTCCGTCGTCGCCGTTCGTGAGAATGCCCATTGCTCAGCCTCACACGTTCGTCCTTCCGTTCTGCCCTATCAGTCGCGCTTCCGACGCCTGCCTCCATCTAGTTCGTAATGCTAGAATAAGCGCTAAAGACAACGGATATCCGGCACATATGAGTTCATGTGAGCTTTAAGAATTGATTTGGAGACTGTACATGGGGTGAGGAATCGGATACGTTTTTATCATAAACACAGATGCGGCGCTTAGCCGTGAGGTGTGCGCCTGTTGCGACTTCCATCGCCACATTTAGTGGAACTATACACTTACCCCAGGCGGCCCCCCACCGTGGACCTACATGATGCTACACCAACGCGCTCCCTAACTGTGGCAGTCGGTGATAGAGCACATCCGCCTTGACCCTTTCAATACGAAGTGATCACCAGCTATTGTCGATAGAAGCATGCTGTTCCGGCCACGGTGA,872,52.06,Escherichia coli
SEQ_642692,TGCTGGTGTTAGCCTAATGACTCCACGTGCAAATAAATTATACGTCTCTTTGTACTTATACCTATTAGAGTCGTAGGCCTACGCCCGAGAGGTAACTATTGGCTGTAAGCATGTCAATTCTGGTCCTTCCTACTAATAATACGTCTGGGGACCTTGTCCGAGGTAGTCGTAGGCACGTGGAGTGCCCGTTCGCGTCCCCCCGAGGGTACTACGATATACGGGGCCCTCACACCCATGCACCCGACTCAAAAAACTGCATTTACCCATCAACCGCAAGACCAGTCTGTCATTATTGGCGTCCTATGACCGGCGGTTTGTCGACTACTGGAATCCCAGGACTCCCCCCCTCGGAACGCACGCGCCTAGCTAGTAAGGTAGTGCACAGACCTAGACATCCTGAGTACTCTATCCGGCATGAGACTCTTTCTCTTATGAATAGCGTGAGAGACACAAGTCTCGCCCTTCTTGCCCAATTTCACGTCTGGCACAACGGTATCAAATAGAGCGGTGGACGGATAGTCGCTAGTGGTCCTTAAGCTGGTGCTTAAGTGGACGTATCACCGACTGCCCGGGGAGCCGCTCGATAGGACTCAGTCGGCGTTATTGAGCGCATGCGCAACGTGGGCGCGGCTTGGCCATTCATTAATCAAAATGGCAACCTTCTACTCCTGTCAGGGTGGCTGGTGACATGCCTCCCCAATGGGCGTAAATTGGAACGTCTCCCATGAGGGCCGTACAGCAAGTAGACTCGCCTACGACAGAAGGGTCATAGATGTTAAGCTTCGTGGTGCGCATGCGGAAGCAACCGCGAATCTCTGGTCGACGGTGAGGCTGACTATGCCTCGGGATACGTAGAACGGATCCTGGGTACTCTATCAATTAAGTCGTTGGGGGCGGTCCAGCCGGTATTCACGAGATAGATCGACAGACACGGAATTATGTCAAATCTTTCAATGGTGGACGACCTGAGGGTTGTTATCTTTCTGTTGCTAAGCCCAACAGTCACTGTCGCGCCTACCCAGTCATAAGGTGATCGTGGCAGAATGGTACTGATGAATCACTGCAGGCTATACGTACTACGCTCGGCAGAGAAATCGAGGAGTCACGGCAACTGTATCACAAAGAACCGATGTAATTCCCCTGACTTAGGGAATGGCAAGCCGGCGGTACGACAGAATTTTAAAGCGATAAGGTACATAGCCACACATCGCAAGACGTTTACCTAAAGGTCTCCTCATGCCATACAAACTGTCAGGGTGCTTCCTGACTGCTAAGGTTGAGCCGATTGTCAGATCCTCTGGCCGGATAATCATCTTCTATTAAGACGTAGGGCGTGATCCGAAAATCCCCGTTTAACACAGCAAAAATGGTTGAATCAGGACCGCACTAGACCATGCTACAAATTTTCGTCCCTGGTCTATCCAAATGTCCGAAGGTATCCAACACGAGTTGTAAAACTATCACGGCTGTGTGTGTTGCCCTTTCGGGCGGAAAACATTACTCCCCGATCAGTGTGCTAGGTCCACATATGGCGGAACTGTATGTGAGCCAGGGCCTCAATACGCTCAGCGGCATGCGGCGAGTGGCATCAAGTACGCTTTGTGTCTATCCTTATAGACATAAAAATGTCTGTTCTCAGGGGTCATGGTACGTGAGCTTAACGCGTTCGTAAAAATGAAGATCTAGAGCTTGCGTCTCTCACCAATCTCCCG,1712,50.82,Homo sapiens
SEQ_852720,GCTCCCTTTACTTCTCCCCATGAGGTCACATTTAACGCTTTCAACGCGCGTTCGGATATAAAGATCCGCCCATCAGGGCCTGCGGATATCATCAGGCTCCCTGTGACAACATCCTTTGAGAACATCTGTTGATGCAGTAAGGTGTGTCTGCATCCTGTCTTTTTATGAGGAGGCGCGCGAGGGGCATACGGGCGCCAATCTGGGTACGCTTGCAAAGCCCTCAGTCGCTTGGGACCCTGTGGCTACAAGCACCCAGATGAAGAAACAATCTTACCAAGTTTCGGCCTACTCTGAATGGGAGCGTAACCTATAGTGCAGTAGCGTCCCCGTTATGAGGTGCGCACCGTATGGAAGTATAATCCACATCCGCCGAACGGCGGACCCACAGTCTAAGGCCCCAAAGTCTATACCACGAACGCCAATTCACAGTGCGCAGAGCCCGCATGTTTCTGACCAGTATTGCTATTATATAAGGTCCCTGGAGGTGAGGATTTAAAGTGGGGGTAGACCTACTTCTCCAGCAGGGCCCTTCTTGCAGCTTAACCATGGCTGGGTGGCCTGGGGTATTCGGTGAGGCAGTCATTGGGTCGCCCCGCTTCTCCGACGCACTACCTCGGCACTACCCATAACGCCAGCGTTCTATGATTCACCTGGTGTATATAAGATACACGAAGTTAAGTCTCGCTAAGCGGGGGGAACATTGGTGCCCGGCCAGCATCCATCGCTCCCCACGGCGTGTCAGAACAGCCCGTACTTAAGCGCCATTTCCAGTGGGACAATTCCGTTTTAGCGTAAGTGACAGCGACAGACTTCAACTCGGCAATTACCCGCAGACGGGGACCACTGAGCAACCACAGCGTGGCGCAATGTTTTCGTTAGGTTCCTCCAATAACGCTCGTTACGGGGATCAAGTGACGCCTTATCTCTTCTTACCATCTGCAGGTTTAGACTTTCACAAGCTACTCCAGGTCGACTGTCAACGCTTCCGTGGAATTGGGCGTCCGCAACCTATTGGCATCTGAATGCCAGCCAGTTTTCATTCATATAATTTGGCACTTACTCTACAGCCGGTGCATCCCAATACTTTGTCTGACGTGAGCCTTACCCGTTGTCGTGTCGTGCGTGATGTTGTATCACCGGCCAGATTTTCATTTAAACTCCGAGACCGAGGGTCAAAATATACGCTCGTATTAGGGTGCTAGCGCGTCTTGGTATAAAGTTCCATGTCTTAACCCCTCCCTAAACCCGGGCCACTCTGCAACAGTGAGCTATAGCGGAGCGGGTTTCCGGAGTTACTGAGCTTGAAGCGGTCTTCTCGTCTTAGTCCAGTGCGAACTTTCGTACCAATGAAAGGGTCTCCTTTGAGGGACGGCGCTTAAGCGTGCGGAAAGCGTCTTGTGTGTACTATCATCCCAAAAGGAAGGCCTTTCCTGATATGTCACTGATATCGAAAAATCCCGCGATCTCAGGGTCATCGACGGGTCCACATCGTAGGACTGTGTTAGCACGCTCACCCATTCCCCTCGTTTCTCAGAGTATCGTCCAGATTTATAATTATGTGTCGCGTCCTCACTCGTATCTAGGTGACGTGGCACACTCTGAATCAAACACTTGGCACTTGCTCCGAGTATGTCGACTAGTGAGAAAATGCTAGTCAATCCTACACGACTAAGGTTCCAGTCGTATGCCCTCGTGTCGTAAATGACGGCAAATGTCCACACCGGGCCTTTGGTTCGATTCCGGCTTGTGCTTGTACAGACGTAAGT,1766,51.7,Saccharomyces cerevisiae
SEQ_620302,GCCACATTCATCTATAGACCGGGACGATACACGAGATGGATGCTCCTAAGAGCCGCCCACACTGTCCTCTGCTCTGCTGTGGTGGGTCATTTGTTTACGTGGCACATCAGCTCTGTCAGCCAGTATAAACCCCGGATTGCGTACTAAATTAATAAAACGTTTCCTCCCTCATTTAGGTCACTTCTCCTGGGCAGGCGAGGCCCCTTAAAGGATCTCCCCGTCGTAATTACGAGGTCGTAGCAGATTTACAAGCGATCGAGGGAAGACGCGGCAGGGAGATTACGCTTCATACTCCGATGTTAGCCCACGTGTACGTCGCAATGAACATAGCGGCGCCGTCAGCGGCGAACAAACTCAAAGCTGGCCCCTCGGTTACAAGACGGTCTCGAAGTGTTAAATCGCCGGTTTAAAGGCTCTTGGGGGGGAGCGTGCTGCACATCTTGCCTTTAAAGACACGTTCGTAGTCGGCAATGCGGCTAACCTTTCCTCTCGCGTCGAAAGATGTTTCGCTCGCCACACTCCTAGATGATGCATGCATACCCCTCCCTAACAACCTTAGGACATGCTAGCTGCGCCGAGCAATTCTGAGTGTCCGTCAACCGGGGTGAGCTCAGGCTGACTTGTGAGTATGAGAAGATCTTTTAATCACTAAATATTTTTGGTCTACGTAGCATAAGATGAATAACCTTGTGTGCGTTGGGATCCAAAAAACGCGAACTGCTTTTGTGAATGTATCCGTGTGTATAGGCGTACGTCGTTGACAGACCCTGAAAGGTGTTACTCCGCACGTGATCTGCACACAGCGCGTAAGATGAACCGGGCCTTTATGATGACAACCGGTTCTCTATAAAGATCGGAGCCAACCTGGTGAGATTTTAGGGCGATTCAGTGCCACCTACATCCTTCCAATTTAAGCAAACCACTGCGTAGGGCGACCTTCATGTAACTACGATCTGACTCTTGAGAAACGTCACAACTATTGTGCGTGTCGTTTTTGCGTGCCTATTTAGGCTAGCATCGGAGAGATATGGTCGCGGACGCACAACAACAACGCGATCGTATCACCGAGCAACCGTCATGGTCGATTATAGCAATCATTGACGTGTGAAGGATTTCGTTTCCGTATAAGACGAAGGGGGCACTGCCGGTCTCACAGAATTCGTTCACGTCCTGCCTCATAGAGAGAATGAGTTTGTACATTAACGAATCTGGCCCCCGACAATACCTTCGGGTAAAGGGGTGACATCCACATGTCGAGTGATCTATTGGAGCGAGACGAGAACCGCTAACAAGGGCTCGACGGACCGTGGGAATACGACGAAGACGGTAAATCCATTGCGCGGTCTCATAGACTGTTTTGGGACTTCTAAGATTCCGAGTCGTTAACTGCAGTGCTGTGAAATCCCCTAGGATCCAGTTATAGTAGTGTCGGGGTTTCGTGTGGTGCGGACCACTAGAGCGGACTAGATATCGAAGTTCTAGATACCGGCATGGTCAGTTATCCATTCTCATGCGCCGTCATCATTGATATTATGATGGTGACTCTCCAGCGAACGCATCTTCACGGTCGGGCTCGTCCGCCCGAGGGCTAGATCCGAACACCCGGCAGTAGAGATCACACTCCGCTTTTAGAGGGTGGCCAACGCATGCGGTAAGACCCCACTTTTGTCAAAGGTTAGTTGGTGGCATGTAGATCTACAGTCACTGACGGCTCGCATGGTATCTGCTCCCTCAGATCGAACGACGTTTATTGTAAGCAATGTAAAAACCGAAGATGAAGTACACTGGGAGGACTGGGAGTTTGAGCTGCGTATCCTGAGAATATTGCGTTGAGTAAAGTGCCTGTTTACGGTTTCTGATAGGAAGCGCTTAATATAAAGACAGACAAATCAGGGGTAATCTCCTGAGGTGTACCTCGCGGCACGCTAAATGGTCAAAGCGAAATTCCCTGGCTTGTATACGGATCGCCTATTGTAACTCTTCCACGCGCATCTG,1995,49.97,Mus musculus
SEQ_567600,ATGGATGAATTAAACCCCCGCAGATCCCGGCTCTTGGGATAGGTATGATCCCAGGTTGAGCCCTTCTAGTAGAAGCGAGCGTAACGCGTTTTCACGGGAACCCTGCATGACAGCCTGAACACTGACGCACCTCTGAGTAGACGTAACTTGACTCACACGTACGACGTTGATCAAGCGCTGAGACTTTTCCTTGTACCTACTGCCCCGGTAAACCCGGACACTGATTCGACGTGTCGTACGGGCGTTGACCCTATAACTAATGTAGCATCTGACGGTACGAGTCCTCCCTGTACATGTGGAACCTCGACGAAAGGGCAGCAGCAATGAGGTAGCGCCTACATGAGAGCTCCCACCTACGTCGGTCGGATAGAACGCATAAGGGACGACTTGGTGTAAAACCCCTCTGGGATCTTAAAGCATCACACATGTTGCATATCTGGACCTAGGAATACCTTGCGTCGCCGTGAATCATTGGTGCGCTGACCACCCCGTTTAGGGCCCTTTGGGCATCATCTACCGCCATATGATTCAAATCCGTTAGCATGCTCTAGGGGTGTGTACGATCCGTCGCAGAGTCCGCAGGACACCCGTAGGTAGCTCGATAATAAGATTACATTCACTCACGACAGCCAATAATACCCAGGATGACTGGATTAATGAAGTACCCCGGTCGGCTTTGTACATTAACCGCGCGAGATGGCCACTCTATCCGTTAGTCTGAAGTGGAAGGTCACAGACGAATGCTGTCGTCGGGCCTCAGATACCGTCATATTACGTACCATTTTCCTAAGTAGTATAGGCGGTATGTAACAAAGGCCTCCTTGTGTCTTACTAACGTTAACTGAAATTTGAGCAAATTTGTGGGAACCCCATCAGGGCGGGTTGAGCCGACCCCGCCCAGCGCGTGTAACTTACGCTGATCCGGGTTGAATCGCTTTCTAACTTCGCGCCGGGTACCTTCCGATCAAAACAGCAAGTAAATCTAAATGTCATAATTTGCGACCAGTGCTGGGCTAACGTTAAAACACACACTCCAACCGACGTTCATAGGGTTTAACCCCGGCGTGGTGCCTGCGCAAAATGAGCGCGTAAATAGGGGGGGCTGGCCGAGCTAAAGGGCGGAAGGACGCAGCTAGTTTACTCTGGACCCTGTATACCGCTCGGGTGATGGTTGCAGCCCGTGTCCAAACATCATCCGAAGTGCCGTTTGGGGGTACGAACTAGACCACTCAACGTCAGCGCGATCGGTCGCGATGCAACATGACAGCGCGCAAGAGTGGTTCAAATTAGTACCATATCCGGGAGTCATACTTCAGGGGTACCCCCTCGGCAACTGAAACGCGAGACTCATCTTACACGCCTACTCGGATTGTGCGCTCGTTCAGACTCATTTCTGCCAGTGCCGTTACCCAAATTCCCCCCGGGTATGACCCCTCTATGGTTTGCCGGGCGAACCGGCCAACAAGGTACGATTTCGGGCATTGATTGAGAGTGAGAATCGGCACGCTTTTCTTACTGGTATTACCTCAGCGCGGAAGTTAACTGTTTGGCGGTCTTAGATGCGACGCCCCCCGACGGTGAAAGTACACGTAGATTGAGACCTATATCCTTCGGCG,1616,52.35,Saccharomyces cerevisiae
SEQ_324080,GATCAGCTCGCGCACTCGACGCCCTGTTGGCCACCTACGTACAAAGGTTTATTACTGACCCGAAGTAGAAGACCTTCTTTCACGTTATATTCATGTTTGTCAGCTTGTATAGGAAAACTGGTTCAGATCAGATAATACACTTGATAGCATGTAAGGTTTGGACATGCAGAGTCTGGTTGTGTACTGGAGCAGCCGGCTTGCGATTATTTCTTAGCCTCAAGCGTAGATAACAAGAGGAGAGGGTTGGAAGCCAGCACGGCTGAGATGCTGTGGTTCAGGCCTACATAGAGGCTTGTTAGGTCCTAGATTTCTTAGGATTGATTTACAGCGGTGAATGGAGATCAATCGCAGGAATGCGCTTGTTACGCAACTAAAGGTGGATATAGGTGGTGGTGGACAATAGCGATGCAAATCACCTGAGCGGATCGGCAATAAATTATCGGTCCTCGTACCGATTTAGTGCATCGACCATACAAGTGACCGCAACGAGGTGGCACCCAAGCTAGCACGGGCTTTCAAGCCTCGTTATGAAGACAGCCCTAGCACAAGGGTGATACCGCTCGACCTACCGTTTCCGTGCCGATGGGCGTTGAGAATGGAAAACAGAGTAGTTTTCTCTTTTATTGCGCCCCTTGCGGAGA,641,48.52,Escherichia coli
SEQ_983219,CGCGCAAACAGAGAATGATGCAAGAGAGTATCCTGCGCTACAGAGGTACGACTAAAATATTCTCCTTGGGAATAATCTTGATGCGGGCACGGGCTGGCTCCTTCCTATCATGGACCGCTCTTATGCAATGTCTAAATACATATATCAATTTAGGTCAGTCCATTGACTCATCAGCACCCGCGGCCCCATTCCTGATAACGACCCATAAGCGACTGTATAGACTTATAAACCCTTGTCGCCTACATGCGTGACGTTCGAAGAGACGGGGGCACTATCCACTACGAGTCAAGCGTCGTCAGAAAAGGATCCTAGACCGACTCTGATAACTCTAGGATGCAGAAGCGGCTGTAGCTGAGTTCTAGGCATCACATTGTCTTTGATCGTTTTCAGCGGTTCGGCTTCCAACTCCGACCCGTTTTTCGAACAAGCTGCGCACGGACAGATGATGGACGCGATACTAAGCTGGTATCATCATGGAGGCTTGCATGCCGGCCGTCCGCAGATTCGTAACTTGGGGAGACC,522,50.19,Escherichia coli
SEQ_253212,ACCGACCTGACTGGCAGGTATATTTCTGTCACCGGTGTTTTGCCCCAGTGAGCCATACGTGGTGAGTGATGGTAGGAGGTTTATCAGTCTCCGAGAAGCGCGAACAGAGCAACCCATGTTGCTTGTATCACCATTAGTACTGCTCACTACCGATGGGCGGGTAACCGGGATCGAGAGATACATTTCTTCGCTCCGTAATTAGAGAACCCCCGGCACTCTGATCACGGTATCAGCCCGCAGCAGGGCTTTATGTTACGCGTCGATTCCCTGAGAGCCTAGAGCATAGCGTCAGCGATCGAAGAAGAGCGCCATAGTAAATTGGTGTTCATTACTTACTCACTGACTGGTAGCGGTAACTCACCTTCTTATACCGTAGCCAACCGCCATGCCTACAACTAATCTCCCTGCGTTGCCGCGCTAACTCGCTGTGCCTTCTCGTTGGATGTTCCTGTAGTACATACGCGGCCCGCAGGGATGATGGTTCTACCCTGTACGTGCGTGGTCCCGTGTCGCTCGTTGTGTAGCTGGCGCCGCGGAGCTAACGTTGGGACGGCGGCATTCTCGTCTTACCACGGGTGGTGGCCCATAGCACTTCCTTATTCCTAAAAGAAGGGATTAGAGAAGGAGGGTTCTATGCGCAGTCTGAACCGTGCATTAAACGAGTCAAATGCTGCAATGTAGGGGGAGTGCAAAAGTAACACACCGACGCCATTGACGGTCGGGTGGTCTACGCACTTCTGCCAGCGGACCTCAAATCGCCTATAATTGACCAACTTTAGATGGTAAGGGAAGGCCCGACCGGTTCT,806,53.23,Mus musculus
SEQ_674182,CTGGACTGTAACAAACTACCTCAAAGTGCGGAACGCCCCTATAGGCTTCTCAGAAAGATAAGTGAACACTGCGGGCTCACTTGTTACCTGTTCGATTTGGAAAGTTACGTATGAGCGGATGACTTGACGACGGGCAGCATACTAAGCTTTTGCTACGAACTCAGACGGAATGCAACATTACACGGTCTGAGGTTTGCTGAGTTCGTATTGGGCGTGAATCCCAGGGGACCCTTCCGTTTGGCCTCGCTATTCGCGCTCTGATTTTCTTGGATTCGTAGATAAACTTAACCCCTATTTAGCGACGCGCTAAGGTTAGCAGCGAAACATTAGATCCTGTGCTCTAGTTTTGCTGATTACTCATTCGGTGGAGTTCTGAGCGCTGACCTTTCAGCATCGGCACCGGACTGGTGTTTGGCAGACACCACGCATTCGGGACAGGAATAAGTAATCATCTGCTGCGCATAGTGGTCTGAAATGCTGAACGCTAGTTACCGACATGGACTCCATACTATCCTCATGGCCCGATAGAAGGAAAAACCAGAGTCGATTAGGTCCCGCATGAAAGAATTGGCATGCGATGCAGATGCTAGTTTATGTTGCCGACACTCTTCGAGTTGTCGTCTAAACCGGGTCAGCGTTAGTTCCACGGACAGTGTATCACTTTCTGATACAAAGCCATGCATAGGCAAAACAGGTGCTCCACGGAGCTCTCGTCGTCTTAAATTAGGGGATTTGCCCTGTTCATTGTGCTCTTACAACTCCCCGAGTGCACCACGAGGCTCAACATTAATAAACCATCACTAAGAATGACGAACTGGACACCGGATATGTGCTTCCCTCCGCGCTCCACCCGGTCATGAGCGGCTCATTGTTATGAGAAGGAGGTGAAGGATGGACGCTTCGCCACTCAAAGCCCCAGGAAAGTACGCGATTTGGGCAGTCTAGTCCCTGCGGGGCCTCAGGCCTAAGCTTTGAAATGGTAGCTTCGGCATTAGTCTCACAATAGCTGACTCGTGTATCCATATAGACGTCAGTCAGGTCAGCCAGGGAACCTACAGCGAGTGGAACCGTCGCATATTTATCGGACTCCTTGCCAACGCAGGCAACACAGTAAAATCAAGCACGGCATCTTCGACGACGTTACTTTTACTCTTGATGATCGGCCAAGGACTCGACCAGTCTATGCCCTTCGCCGTCGTGCACCGATGCCATCAGCGGGATTCGTCATCGAAAGCCTTGCGGTTGGACGCTCTGGCAATCAGTTTATCCCTGCCAGCCATGGTTCAGGTGTGCTGAACTTTCAAACAGGCTCGGAGATCTGCTAGATGAATTTGGGAGAGTAATCCCCTGTCCAGCGCCCCTTGAGCCACTACGT,1375,50.62,Drosophila melanogaster
SEQ_394337,TTCTACTGCCATTGCAACGTGTATTCGGTCTGTGCACACGATTAAAAGCGTGGAATGGTCCACATAGACTAGATAGTCTGCAGCATAGCATCCGAGCTGAGCATCGCGTTCCTGGACTGGAAGGATCACCAGTCAATGGGCAACCGTCGGCATGTGAGAGGGAGCCCACGTACAGCTAAACGACACCACTTACCCATTGACGCGTAGGCATTTTTTTTAAGCTGTTGCCCCACCTGCAGGATCAAGAGAACCAGGTAGGACATTGCCTGCGGTTTACAACCTATATCTGCCTGACAAATCTCACTAACTGGCGGGATGCCACCAGATGAACCCGCCCCGCCGCAGATGGACCTCAGTCTTGGGGCCAACTGACCGGAAGCGGCGCGCCTGGCCTCTAATAACGATGTTAATAAGCGAGGGAGCCGGTCGCTAGGAACTGACCCTGGGACCTCAAATGATTAAGCTACATTGGTAAAACCGACTATTGACGGTCTAGGGGCTTCCGACTAGAGCGATCAATCCGACTAGACACAACGCTGTAAACCGACTTGGCGCTATTTGTACACCAGCAACCCGGACAAATTGCTACGAGCGTTGTAGCGGGGACCCTAATGCTGGAGGTCCTTTTGCTCTGGCATGCGCTGGTGAGACTAGAATCGAGTTTCCAGGGGGCCGGAATCGGGATTATTTTACACGGGCGATCGGCAGCTTGATCTCGAGGATTGCCGCAGGCTGCCAGTACTGCTCGGGAGGAAGCGACCGCGATGCGATCTGGGTCGACGCACCGGCGAGCTCGTTCGTGATCAATGCGTCGCGACGATATGAAAGGACCTACGTTCCTAAAGTTGGTTATCGAGAGAGAAACCGCACCCGTGATTTACAGGACCGTATTGGCGAGATAGGAGGCCCCTGTTGGTACAGTCGATCCCCCAAGCACTCTTTTAAGTCCGATCGGCCAACTCCAATATGGATATGGCAGGGCTAATAGGGTTTCATATCTTATATCCAGGACTCAGTTATTACCGCCACACAAAAGTGGATTGATATGTACTTCCGTAGACAAGGCCGTAATGAGACGGGCAGTGTCTTTGTTAAACCCCATCTCTGCGCAATCCATTAAGTCTCTAACTACTACCGGAAGGTACACGTCATGGTCTGCCACTCCATCCCGCAGGTACGGCGTACGAATCCCTATGTACGATACCGAAGATCGGAAGTTCGATTTCTCAGTCTGCATATACCTGGTTTACATGCACTCATCGGTCTCTCCTTTTACGCTCTTTTCCCAATCTCGCGTTTAGATCTACACAATAAAAAAGGGGGGATACACATGGCGAAGTCCCTTCTTCCTCTGTTCTACGAGGGTAAACACGGGTGCTCAAATCGAGTGGTGCCGATCTAGGATACCCCCTAGTAACGCAGGCCTACGTCCGGATGGGATGCGATTTATCAACAGACGTGCTATAGGCCTGGTAATCTGCGAAGTGGTGAGAAGACAAAGGTCGGAGCTATCTCGTTTCCTTGTCAACTAGTGGCATCACCTGCCTTAGTATGACCTGTCTTCGGGTGCTAGGCAGAGGTTTTTGGAAGGGCACAAGTGCACTTTCCCATCCCAGCTCTCTGCCAATGTGATCCTCGTGCCTGAGGCCGAGACCTCGACCTATTTAGTCGGAAGAAGGTACCGCACACAAATGTAAATTGTCTGACTGCTCCGTTACAGAACAACCTCTTTGTGTCTAAAGCATCGGGCTAAGTGGGGAGCATGTGGCCCAACCAAT,1778,51.69,Homo sapiens
SEQ_298028,ATGACTGGAAATTGTGTGTCTGACCCGGCGAACTCTGCTCTAAGGCTCCCAAGTTCCACGGTCCTGATGCCTGGAATAGAGAGGGTTGAATAGCAGGTCTCACTAGTGATAAGTCTTCGACGAAAAGAAACAGTTTGTAAGGTGAAAGTAATATGGACAGCTCTCATCAACCAGCACCTCGTAGCTTACGAACTATTCAACTACCGGTGGGGACCCTTCCCGCCTCGCGGATTAGCGACTTGAGTGTGCCTGGGTTAACCGTCGCCCGGACTTTAGCACGTTACTGTTCAGAAAACCCTATGCTGCACAAAATGAACGTAGTTACGAGACGACCACTACAGACCAGGCAGCGGTCGGTATTACCTTTTGACTGAACAAAGGCTAGATCATTATAATGGACCCCGCCGTTACAATAAGAGGGGTGTCTATCGTTGTGCGGTCATAGACGATGTTGTATTCGATGAGGTAAGTTAATTGGTCAAATCTGACAGACCTCCGATGCCGATGTGGGTTGACCCAAGAAACCCTTGTAGACCCCTACCGGTGCATGACTCGGCATAATCACCGATGTAGCGGTCTTAAAGCGGGTTCCCGAACAGCCACCGTAGTCCGAGGCCAACGTTCCGGCTTGCGGAAAGCCTAGAAAAACTTTCATTCTGTTGCCCACCTTTGAGATGGGGGCGGAGTGCCGACGTAGGCACCGTTGCAGTCGCCTCGGCACCATGCGGCATGCTTTAGGCGCCCCCCGGCATGCGATAGAACTACGCGCACATCACTCCGTCATTGCAAAACCCAGCAC,799,51.94,Drosophila melanogaster
SEQ_869445,CGGGGGAACTCGTGAAGCGGGCAGTGGCTGTAGTTTTAGCTTTATTCATAAAAGAGTTTCCGTCGAAGAAATATAGACGGACTTCAGGCTCGCCGTCTACAAGATGAACTCCTCGCAGTGCGGAGTACTAGTCGCCCCTCTCGTTACCCACGCTGTGTTTAAGCTGCCGGATCAAAGAGCCATCCCTAGGTGCTCCGGGTTTAGAGACAGACCGTGAAGTCCACCATAGCTGTCGGTTACGCTATGCAAGCTTTAGTCAGCTACATTCGTGTCCTGGCCATCTTCCTGCCTCAACTTTTCTAACAATAGCGAGTATACGCATTACGTCTCCGACTGAGACGGGTCATCCTGCCAGCCCTAAGTACACACGTCACACTCCCCGCTCTATAGGAAGAACGCGCAATTCGGACTAGACCAGGCAGGATGACATGAGCCGCATCATGTTTACTAAAACAATTGTCTAGAATAAGTTCCTAGTTGGGGATCGGTATTCGTATAGGCCGAAGTGAGCTACGTTACCCTGGGTGACATGGAAATTATCAAACGCGTCAGTGTGTGACTTGTAACGTTGGCGAAGACGAAGACACATGCGAATGTGAGTATACTCGTGTAATGTCAAGTCTACTGCGAATGTTACGGTAACGATGTTCTGTTCCCCAATTCCCCCACATAATCGCGACCTCTGATGCCTGGGCCTAATGTTCGCGCTAAGACAACTACAAGTACGGTTTTAACCCTCAAGTGAAATGTCGCAATATAAGGCAACTTGTCCGCGGCATTACACTACCCAAATGTGGGCAGCGTTCTTGCCCTGCTAACACTACCCTCCAAGCCGACGACACTTGTTGTCTGTCTAGAGCGGGCTAGATTCAGAGGTTCGTGGCGGGCACTCTCCAATAAGTTAATTGCCGGGCAAATCACCTTAATAGAGGGGCGCTAACGTTGACTGGCGGGCTGGTCTGCTGTTCTCTGCTCTAGCCCTGTTCAACGAACATACCTACCGAGTTTGGGGGAACCCATGTGCAATCAATTGGTCCGGGCTGCCAACTTAGCAGCCTGAAGCGTTTGCGGAAATTAATCTATCGAACCGTCTTGAAAGATCTTATGCACGGCAATGATATACTTGTTC,1129,49.69,Homo sapiens
SEQ_469376,GACATAGTTCGTATCTAACGTCAGCTAATGGGGCGATAATAGTTTAAAATGACACCACGGTAGTTGCAATGAACATCGGAAAACCAGTAGATTGGCTGATCCGACGTCATTAAACTGGATGGGATAGCGGAAAACAACGCTCATGCGTTGAGAACTTCATTCACGACTGCAAACCACGCTTATCTTGCGCGTTATGTCTCCGCCCGAGAGTATGGTACAATTCTCTCCTGACTGTCGCGGCTAGTGAGCTCTAGCCTGCCCATTACGCGGAGTTCTAGTTCGGCTTCTCCTTACGAGACCGCGAGAATCGACACTTCATCTTTTAGGTGAGTCACCAGCAGTGACCGAGAGTTAATTCCTAAGTTGGCGACATCCTCTCAGTGAGGGCCTAACAATTACTTCTTGAGCCCGCACACTAACGGGTAACCTAGCACCACAGATCTGGGTCTCACGCCATAAGTGTTGTTACGTGAGACAGGTCGTTTGTCCCTTCAAGGACAGTGCGTGACCTTAATGGAGGTAGATGCCAAGACGGGTAGTGCCTACTGAAAGAACCTTTGCGTCCAGGAACCCCCACCGTCTCGCCGTGGCTTGGTGTGCGTGGTATGCATACGGGATGGAGCGCGTTAACACTCGGCGGCAAGCCGGCGTCTTCGTTGACAGACTATAACCCATACAAGTTCTTAAGGCTCGCAAGAGCGCGCTGACCCCTGTTTATACAATCCGACTCTATATGACTCCTCTAGTCACCCTGGTTCGCGAAGGTTGTATCTCTAGCGGCGTGTTACGCACGATGTCAGATGCCAGGTTTTTAGCTTACGGGACCTGTGGAGTTAGCGCTATAC,845,50.89,Mus musculus
SEQ_919248,CTCCATGACCATCCTCGGTAAATTGGATTGAGGACCCTGTTAGCTAGAGGCGCTCCCAGTACACTGCCTAACGCGAGCCTTACTACTAAACCGTGTTGTATTAGCCCTATCTACTAGCGCGGTTTTTATACCTACTGGTGTGGGTTCGTAAGGAAGGACATGACGCAATGTCATTAGAAACGACTGGGTCTCGTTCTCCACATCAAGCCTAAGACCTGGATTTTAGTTAAGTCACGGGCTCATCATACGTCCAAATCGCACTAACCGAGATTTAGACTCGATGGATTCCGGGCAACCGGTAGGCTGTTACGGGTATAGAGTTTAGACCCTACTGCGCTGCGAATCCAAACAAAGCTAACGTATGCGACGAAGAGTTAAGGGTGCCGTATGTCAGGCAGAGACGATGTCTGTGTACCATGAACCAGAATGTACCCACTCGGACCATGAACTCTAATCTTTTGCCCCCGGATTGGTTTATTCAAAGATGCGGAATTCGACGGAGTCGAAGCCACCAAAAATTCTCGGGAGCGCAGCGCTAACAACATTGGTACGCCCCCTACAATTTATTGCGTAACTGTTTACTTCCCATGATGTAATCGATTACCACGGCTTATGCTTAATAATACTGACGAGCCTCACTGTGGCATTGCTAGTTTTACCGAGTAAATCGGTCGGACACAGCGCTATCTAGGCCCGAATGTCCCGGCTGGTAGCAGGCGCACACGCACAAACGGTCACGCAATATAGGCTAGTTCGGTCCCGATTTCCAGCCTAGCACATAAGCTGACTGTGTCGCTGTTTATCCACACTCGCTAATGACACAGATCCATGTGGTACCGTTCGGTCTTACGTAAACCAAGGTAGCGCTTCGCCCTTTGACGTCGGATGCATAGCCCCGCCCGTTTTAACGAACGCGAGGACTAACCGGTCCGTTAGTCTTAGGCAAGTATACTCTTATTATTCCCATACAACACGGCCGATTAACTCCGCGTACATACAACGAGTAAA,1008,49.11,Arabidopsis thaliana
SEQ_537287,ACGACGCCCAGGAGCGAATTGCTAACGCGAGATTCCATTATCACTGGAAAAGATGGTTTGGACTTCGCTTTTTCAGGCTCACCGCTATCACAAGAATTGTAGCCTATTATAGGGTGCTAAGAAGCTCATACTGTACAGATACCTATACAATTGTATCCTGACAAGAAAGATTGAGTATAAAACATTTGGGGACTCCCGCCGCTATGCACATCAGAACTGATGCTTCGTGTATGATAATTATGCTCAGAGGTAACCGAGCTGCCACAGTTCGTAGTA,276,43.84,Mus musculus
SEQ_867021,TGGGATGCGGGCGCTAGCGAATTGATAGCCCCGTGTCGCCGATCTCCGATTCGTAGTGAGCCCTGATGCGGGCCCAAGCAATGCTGAGCGTCGAACTACGTTATTGGACAAGCATTTGACGAGAACGGAACTTTTAGCCCAAGCTATTTTGGTTTAAAGACTTCGATAGAGGTATCGGTGACATGCCCAGCGGCACCTAACTCGCCGCTAAACAGAGACAGACTATACACCGCGCTAATGTAACTGCGCGTCGACGTTATGGAGAGGTGAAAATGGCCCTGTTTCACCTTACCTAAAAGACATAATGAGGGAGAACCACAATAAGCGACCAGCGCGCTGTAGAACGAACGAGCAGTCGGATAATTATGGAGGTGAGGAGCGTCGTTCGCACGCTGCCATCGATTGTCTGTCGACGGGCAGAAATGAAGTAAGAAATCACTTTCTTACCGCAAATTCCAACATGAGTTCTGCGATCAAGTTGTACATCGAACGGCACAGTGCGTCGGCGCAGGTCTCATGGTGGTCGTCATGTGTCAACGCACATCACGGTCTTGTGGGGAGTATGACTAAGTGATGCTGTAAAGTGCAGCGGCACGTCAAACATAGGAATCTATTCCGATCGCTTTAAGTCCGGCACACGCAATGGTGCAGAGATAGAGGAGTCGGTGACACAGGAGTTTGTAGGATATAACGTCAGACAGAATCACGCCAGCACCATCCAACGTTTAGAGGCCAGTTTAATATTGTCATGAGCCTCTTGGCCCTTAGCACGCAGAGGTTAAAGCGGTGATACTCGTGGAATTGTCCCGACCCTTCTTTTGTACACTGCAGAAGCCAAAAGGTGCCACTGTTACGGGGGGGCTTCTGCTAGTGCTTTTTGAGTATCCGACGTCTAGAACTTGTGAGTGCCCACAGGGCACATCTCACCGGTTACTATCATGTACCCTGATCTCACTTCCAAGGCTGACTCAGAGATCCGAAGAGTATCACACCACAGGTTAGTTGACTCAGCCGCTATCTTCTAGAATATCTATGGGCCAGTAGAACAGCTGATATTTTACGTAGACGGATGGTTGTTTGTAAGAATCAACTCTATCACTCCGCCCGCTGACCACGGTGCCCACCCAGCAGTAGTAGGATGCTGGCCTGCATTTCAATGTTGTCGAAGGACGACCCTAATGATGACTATTAGATTAAGTCCCCAGTTACTGCGAGGGCCCAGACGAGGGCCTTACGCTTGCCCTTTCGGATCTCCGGTACCGGATCGCTCAGAAAAATGGGATTGAATTGTAGCGCCCGCCCACTGCCAACAATTGCCGGCAGTTTGGACCAAACAGTCAAGACCGTGTGAGCA,1354,50.66,Arabidopsis thaliana
SEQ_963400,AACGCGAGGTGTGCTCCTGTCGCCTGTGTGTGACTATTGCTCGGTGGTAACATCTTGATTATCCTGGCAAAATCCATGGCCGCACTTACGTGGGGTTCCACACCAAAGACTCCAGCTGTCAGTTTATGAACGGTTCTGTGCCATATGTTGATTAATATAGACAGGTTAGAGGTTCGTGGGCATCCCCCCGTCTAATGGGGATACACCGCACTGACTAACAGATGAACCCCCGGAGGATATGCATGGTTGAACCCCTAGAGATATCGCACAGGCCCGATAACACCGGTGGCGTGGCCCACTAACTGATTTGAGTCTTGTAGCGCCTCTGTATACTGCAGGCGCGTCGATTGCTGCCTCAGCGGTGGCACCGAAAGATCCCGGTTTCGATAAAACTAGTGTCCTAAGACTTTGCACGTCCTGGTGGTTTATTCTATTGGATATGGTAGAAACTAAACAGGCAGAATCTTCGATGTAACCCGAATTGGCGGGGTACCTAAAAGCGCGCTTCTTGACCCCACCGATTTGCTGCGTGGATCCTCCTCGCTGCATACCGGCGGAGGTCGTCCCCATCCAGGCGCAAGCTTGAGAAAAAAGAATTGGCCCGGCGATGTCCTCGCCCAAAAACGCGCTTGAGTACTAACACAGACATGGTCTGGCAACAGGGGAGCTGTTGTCGAATGGTGGTGTGTCATCATCGACACCAAGTGACAAACGCGGGGCTCTTCAACACTACACCAAATGTTCTAGTGACTCGTCCTAGATTTATTATCCTGTATCGGGCAAAGTCAAGGATGGTGCGGTACACGAAGGTGCAGAAAATCCCCCTTCCAGCGACTCAAGGAAGGGGATACTCGAAGTTAAGGAAGTTACGTTTTTAAAGCTGTACCTCAACCAGCGGACGGTGATTCCTGACCTAACCAGGGGTATTGAAAGCG,935,51.34,Caenorhabditis elegans
SEQ_826642,TGACTGCACGAATCTCAATGTCGGAGGATACAGAGACAACACGGCCTGTGTCGGCATCCAGCGATGTCCGAACTGCGTTTATCAGGTCTGGGCTAGGGTCCTTTACGGCGTACCCCGGGGCGATAGAACCCCATCGCGCCTTCTCAGCAACGCTGATACGGTAACGTCTTTCAATGGGATCAGTTCTCAATGGACGGGTTCGCATTTGGTAAATGACACAATCGATGTACTTCCAACAGGTAAGGTAGTAACAAACCACCGGCCGGAATGATTTGTTAGAAATCACCCAAATCAACGGGAAAATTGCCCCCCTGTATCGGTTTCTCCAATAGGGGTTCGCTGGACGGGCTCCCCCTGGTACGACTGGCTACACAGCACAAGTTGTACAGCAGGACGATTACACAAGCAAATGGGAACAGCGGTGGCTAACGCTGACGGCTATACCCGGTCGTTGCGACGTGGTTCAGCATTGATAAGCCTAAACGTGCTCCACGACTACATGTCTAAAACCTCATTACCGAGGAGCCAAGCTCTGGAACACTCACATGCAGTATGACACTTCGTAGGCACTGACGGGCCGTAATTCGCCTCTTCAGGTTCATGGATGTGTCCTAAGTCCAGCCTCTCCCCTCGCAGAAATGCGTGCGATTGCGAGGCTTGAAGGCCCGACTACTCGGGTGACAAGATTGGC,691,52.82,Arabidopsis thaliana
SEQ_583430,GAGATGTCGTCTCTGGAGTGGTTCTCTTAGAAGCGCGTAGTCCACTTGCCCGTTTATGCAAACATTGCCAATCTGATTACTGCGGCTTCTATAGTAGACGGCGAGCCCCCTACAGCGTAGCAACCGCAGTTCGTGATGAGCAGTTTTATCGGTTCAGTCATATGACGAAAGCGCGTGGTGTCTGAAACCTACCCCAGTCGCCGCCGAACTGCTCACTGAGCGCGAATCGCCGAGAAACTCCTTACTTCGTAAATAGATGCTTATTTATGTACTCCTAATATAATTCGGCAATGTATAATCCAATCCTGTCAGCACGAAAAGGCCGCTTTGGCCGTTAATGCAGTCCCACGCTGTTGGACACGTATGGAGTGCTATGGGACCACTGTCTAACACTTTTTTGCAGACGCTTACCACCTATAATGGCACCATCCAGCGGTTAGTCCGACATACGCCAGGGCGTGATCCATTCGGCCTTTGCTTCAGAAAAAGGGTACCCATCATCCCACTTCTCGTAGCAATGGTAGACGCCGACATTCGTTTTGGTATGATTCAAGCTTCAATAGCTACGTTGTAGCAGGTCGCGTCTACAGGCCGCCAATATTATACAGCCAATATAGTCGTTCGTCGGGTTTCACTTGAACTTCAGCTTGAGACTCGTAATTCCTACTGACCTTCGCGATACAATATAGTCCGGTGGGCTTGGTAATTGATGGCGAACCGATCAACCCACGGCGGGGCCGCAACGATCCGTATCGTCCCGTGCGCCAACCAACATATTACCACTTACGCCCTCCACTAGATGGGCGGATTGTGCACCACTATCTTCGGAAAAATAACCCCGTACCACGATGCTACCAGACCCATCGCTACCAGGAGCGACCAGTCGAGTGCCCGGATCCCACTGGCCCGAGCTGTTTGAGAAGCGCCATATTGAGCTACTATTGGACGAAAGCCACCAGTAGTGACGAACCCTTAGGGCCATGTATTAACCACCTGTCTCTCCTTCGTGAGTCACTGACAGGCTC,1025,51.02,Arabidopsis thaliana
SEQ_113844,GCTATGGTGTCCTTCAGATGTGAAGACGGGAGAGGCTCCTCACGTATGCCATCAGATATTTACGTTTTGTCGTCACGAGATGCAGTAGGGTCAGCCACGTCGCGTAGATGTGTTCTGGCGGGTGCTGGGGGATTCGATATCCGAATAGCAGAGCTTGATTTTATTGATAAGTGACAACAACCAAGGCGATGCTGCACCTAGTCCTTTAAAGGTTTTAGCGACACGTCTCAAGGCATCAGAATCCAGCGTAGAAATAGCTAGGAGCTATGCCTTATACCACTCTCCGCGCCGCTAAGTTTCCCCAGGGACGCTCACCTCAGTAAAAGTGATCGGTGTGGGACACCCGATTATCGCCGAAAATAGCACCGAAACTAAATCAGAGGGGAGACCAAGATCACATCACGGGTACGACTATATCCGACTATAATGATTGCGGCTATAGCCTGTAGAAATTCAACGGGGAGAGGGGGCCATTGAGAAACGGGGACCACACGCCATTCAAAACGTGTGATGGAAATGCCTAAAATTCTGGAGAGACGGACGCATTCGCTTCGCTGATCAGACCGAAGGGCTGATAAAATTAGGATCCGCACTGCCGAACAAGAGCCACGCTCGCCTAGATTGGGCATGTGCACAAAGAGCTACACCAGCTAGCCAGTTTATCTCCCTAGTCTCGAGCTAAAGGATCTAACGGTCTGATGCAAACTTTATTTGAGCGTAAGTTGGTTAACGTCGGGTCGTTAAAGGTACCGCGACCGCGAGAAGCCAGGAGCGCTACAACCGGTTGACGCGCATCTGGGTAGGACTGGCTGCATTGGCTGGATAGCGGGGCACCTCCTGGTGATAAAAGTGTGACTAACGAGGTGTTAGGGCCGATAGAAATAAGACCGGATCTGGGGGCCGTCCCCAATACAGTCGGTATGGCTC,927,51.24,Caenorhabditis elegans
SEQ_112009,CGTCTCCGCATAAGCATAATGGGCGGGTCGATCGCTCGCCCCAATGAGAATTTCCACGGGGTATATGCCAAGAGCGTAGAGGCTTGGCCGTGGTTACGTTTTATTAGTTAACCGGTTGTCTACCGAGCTCTTCAAACGGCCCTTTCGGGACGTCTTCGCCCGATTCCCTGCCTAGGAGCAGGTTACGAATTGTTAAACCCGTGTCTGTAGCAAGTTGCTAGCACTTGATTGGCCGTAGTAACTTTGTCGCTGGGGAATGTACTCGAGTAGACCCACGCTGGAGTAATGGCCCGTCCTGTTGAGGGAGACCGATAGCACGAAGCATAGCGTCTGCGACCAGCACAGTACCTTGAATCGAGGCCATCACCCCAGTCAACCCGAAATTGTGTTCGCGCCCTCGGCATGCGCCATTGAAGTTATCTTGGCTTGATAAAGGTGACGACAGGGTATAGAAGCACCGAGACTTCAATTGGTTTACCTGGTTTTACTTTCCCTCGACGTGGGATGGCCTATCTGTCTAGAGGCGTCCCGCCACTCTAGTCGTGGATAATATCAGGTCAGGCTCAGCAAGAATAGCTATGACTGTTTCCCCGACTCAGCAAGGCCTAAGGTGACAGACTGACGAAGCGCACGGCGTTTCAGCTTGTGGTATAAGTCTCAGTCCCCTTAAAGGGTTGCGCCATCAAATGGCGCTCTGTCTAATTCTTGAATACAAGAGCCCAGCATTAACGATCGAAAGAGGGGCTATAGGTGGCGTTGCAACAGGATACGTGTACTTTGCGCCATTCACGTTGTAGCTAACCTCCGAACAAGGTTCTATTATGCAACCACTTCCGTAACCTCCCGCACCGCCCGATGGGACGTCCCTGGGAGCGGCTCTTGTTCAATGATAGACGCCAGCTGTCTTTAATGACGTCAGTCGATGTCCCGACTCGGGTGGCTATTGTGTAAGAAAGCGGTCACATCAAAACGGTGCTAAAAGAGTCTTTGTTTCGATCCTGTCCCCATTGAGGATAGCCACCTTCCCAGAGCGTATAAACCGCTCTGGCGTGTCGTCCTGTTAGACCTGACTGCTACACGGGGGAAAAACGCTTCAGATTCAACGATGGATTCGAGAGGTATTACTCCTATTGCGCGGCAGTCTTTCCGGTGTATTCACGACCGCGGCTGCTTCTCTTGTGGAGACTCGTCATCCCGGATTACAGTCAACGCGAAACTTGGCCACGGTTAACTGGTTTGAGCGACAGCTCGGACAACTTCAGACAATCAGCCCTGAAGAGGCCATCGTCATTTCCACAATGCGGGCTAAACTGCTCAATAGGTTGGACCTCTCGTGAGCAGAACTCCACTACGCCACATGATAATGCACCAGCGCGTGCCGTATCTTCGTCGTGGTGTCGAGCCTCTAAGAATCGGACATAAAACCAGTCATTACCTCGTTGTGTGAAAACAGTGTGAAATCCTCGGCAGTCCAGATGGCCGACTGAATCTCTTCCGGGTCCTCGGCCGAGCGGAGATGTTTATCGCCCTGCAACCTCCTCTTAGACTCTTACGCGCTCTCGGAACGATATTATAGTCACATCTCGACACAGGTCCAAATTACGTGATCATTTGCACATGTCGCTGACATTAACCAACAGTGAATGTCCTAGCAGGCGAGCCGAACGATCCGAATCGGGGTATTGGCCGAAAGGTCTAGTCGTGGCTGCATCACCCTGTGAACGGTCATAT,1731,51.94,Homo sapiens
SEQ_390652,GGGTGTGGTACTAAGAAGAGCCCGAACTATCTAGGGTGGGAGCAATCGGGTACCAAGGTATTCGGAGCCATTCGTTGGCTATAAGTACCCTCTTAAGGAATTATAGCTAACCGTAGATGTCAGCCGTTAGCCTAATTACGCGCAAACACTTGCCGGAAGCGCTTGGTTGGAAGTATCCTCCTTGACCAAGACAATCTGCTGGGAAGCACTGCCAGGATTAGCTTCCCTCTACGCCCAGCATTGGTGTCGCATCTGTTGGCTGAAAGGAAGCAGCGACTAGCTACCGAGACAGACCGCCACGCCCTATCTTTAGTACCGTGTAAACGGACAAGATCGGAGAGCACCGACTTTGGGTCCATTCTCAACCGAATCCCATTAATCACCTAAACAAGTGACAGGAATGAGACATGTAGATGATGCCGAAACGCTCCACTTCTTCTGTAAGAGGAAGTGCAGTCAGAAGTGGTAAATAATGTAATGACCCGGTAATTCCGCGACTTTGAACCCTGCCAGGGTGTGGTGGCAATTAGCTCGCCGTACTAGTCCCTTCGAGTGACCGTGTGACGCGGGCGCCTCTCTTATTTTAATTAGATATTTAGCGTTTTCGGATCTATCTGGAAGAGAAAAGGTGTGCTGCTCCAGCGGCAGCAAGGCTGTCTGCTCTACCAAAGCAGTGTATATTCGTCTGCCTAGGTTGGTCCGTGGCTACGCAGTTTGCTAAATTTTTACGGGGACTGTGACTTTCTCGTACCTCGTCTAGTGGCTCCATTATGGGTATTTACTGCCAGGTTTGGCGTTATCATGGTGTCAATCCAGTGACAGATCGAGTGCACATCCCTCACGACGGGCGCCCACCCACCCACTGAAAGAGCCGAGAATTCTTAGAGTTGTTTGATGGGACTAGCGCTTGATTTCCCGTCTTGACGCTCCGCCCAATGTGCTACCACCGCAAAAGGATTAAAAGGCGGCGCATTGCCCTGTGTGATTAGCGGAAGAGTTTCAGCTCGCCTGATTGCCTTATCATAACAGTAACCCAGTCTCTCTATTCAGGGCGTTCTGGAGTGAGTGAGTTCGCTCACCCGCTAAACAACTATGTGCAGGCCCGGGCAGATCATCGAACATCTGGGGGCAACCGATAGTTGGGGTGAGGCCTGCATATCGGCGACGGGAAAAACCTATGGGCTTGCACCGGT,1193,51.13,Saccharomyces cerevisiae
SEQ_395289,GTACTTTAGGTCGCAATGTCCGGCCAGGGAAATTCGGTCACTTCCTGTAGAATATACCGGTGTTACTTGAACTTGCCAGAAGGGCAATTTTGGTTGGCTCTGCATATCCTTATGTTATGAATGTACCCGGGCCCGCAAAAGCGGTTAATTTATGAATCTTGTTATGCCAATAAGACACGAAGAACGATCTCACTGTATCAAGCTAATGAGTTACAAAGGCGCCAAGTTATTCCCCAGGAACAATACCGATAAAGCTTTTTACTGGACCCTTTGTTATTGGGAGCTTACCCCTTTGTAGCTCGGATCTCGAAACGGAAATGGGGTTTCTTACCTCCCATACGGGCATACTCGACGCAGCGGGTTTCTAATGGGCAGATACATAGTATCACTTGTATTAAGTAGAACTTCGTGAACCATTCTTTCTAAAAGTACGATGCTCTGTCTCCAGTCGCAACTTGGATTCTTCATGATAGTCTCCACAAGTGTATTTTCCGAGACGTCGGCACCGATAGCTGTGCCGAGGACCTGTTGGGCAAATAACCAACAAGTTTGCCTAACTTAAGGGAACGAATCCGGCAATCTCTACAGCCATCAAGTCTAAGAAATATACAGGAATACCCGTTCGCTCCTGATATTGCCGGACCCGCCACCATGGTAAGCCCAAGGAAGACAAGTGGCGAGGTAGGATACACGTAAGATGAACGGTGTTGTTGGGAACTTTGGTCCAC,728,46.02,Saccharomyces cerevisiae
SEQ_790545,GGTCATGAAAGTCCATCTTACCCATGCGGATCTAACGACTTTGCTCGCGACCCACCAGTACCCATGCGAGTGCAGGTGAAGCTTTTGTAGCTTTGACACCTGATAGCCCTCACCTGTATTCCCCTGTACAGTGAAGGCCAAAAGAGGACCTGGATGTGTCAGAGGCGTTCTCACTTTGCCTCCGGAAGTTTATGCGATTCATAAAGTTGATTGCCGCCGCTAGTTTTGCTTCCGACACGACTAAACAATTACCGCCTTGAACCGTTATAGCAGCGGGACCTTCTATCCGAGCCAGTTAGATACGAAAGATCCACCGCTATTTACTTCGTCGTGCTAAATTTGACAGGGGATAGTTCCGAATCCTTTGTATATAGGCAGTGACATCATACTTTACCCCGAATTAGCCTTCAACGGGTGGATGCGTGCCTATTCCATGCCTGATACCTACAGCGACACGAACGCATGTTGTACATGGGTGCGTCCCGCCGGTCAGCGTGCCACCAGCCACCGACACAGGCTGCCCTGTTTCCCGGACTTTATTTCCCAGTCCTTTTCGGACAGATGCATACGATCCTCTTCCGCGTTCTTAGATCCGATCTGCGGCGATGTGCGTTATAATAGTGCGGCCCCCGGGAATTTCCTTGTTTTCAAAATTCGAGGACAATACTGAGGCAATTTCGCCCTCTTTAATGGGTAAACGGTAAGCGCTTAGAGCGTTGCGCTACAGCTGAGTGATCCCGGTATTGAAACGGTGCAAGAGGTTTCCCCCACCAGCGTCCAAAGACGTAGGACAGATGGTCGTCCGGAGTCATACTAGCGGTTGGTTTCATTCTTATAACAAAAAGTAGACCAACGAGACAGGGAGATATGTCACAGATGTTGATATAACGGCACAAACGATTGGTGAGCATCCCTGAATTGGTCCGACTAGACGCAGCTATGTCCCCCCTGTGGTCTTGGATTCACTGGTCTTATACTCCGCCTACTAGCCCGTCCCACGGCTTCTGCCGGCGGAAGATCAGTGCAACTAATATATCCGGGGACAAGAGGAGAATCCGGCCCGTTAGCTTCCGAATTTGGCCTTAATGAATATGGTAGAACGTCAAGCGTTTCTTGACGAGGGCCGGTGAATTGATACGGGCGGGAGCGCGGCAGCCGAAAGGGGTCTTTAATATGTTACCCCTTGACCCGTCGCGCTTGTAGGTAAACGGCAGTAGTGCTCGTTAACATGCTTACAGTACCCGAATATGGATCATATGTCCCGCTTGACGGGTGCCGAGTAGGCTGTAGCTCGTGGACGGTACTGTCTGGGGATTTGAGGTATGTGCTGTTCAGTCGCCCACAGGTCGGAACGCTCGCTGGGTGTGTCACGGAGATGACGTCTATTCTCTACGATATCTATCATGAGCGAACTATAAAGTATACGAACGGGTCCCCAGGCGTTGGCAGACTGACACTTTTTTGCGATCCTCCAGTCCGGTGAACCCTAAAAGGTTCGTCGCACACTCTTCTTGCCTCGCAAAACCGATATTTGCTATCGGGGTAACTTGACTCCTCGACACACTAGTTAACTGACTACGAGTTAGTTAGCGCATGGGCGCTTTCGTCTTGACCTAATTTATTCCTCCCAGCCGGTGGACCCCAACTAAGCGAAGAATTTCACTCCAAAGTGGGTTTCCCAGCTATGCAACTAAAATAGCTAATCCCTCGCTTATTTCTCCCTTGCCGCATTCGGGGAAACATATGGGAAAATAAATCCTACAGAAAAGCGCATCACTCTTATTGGACAGCAGCGCGAGTATTATTGTGACCGGATGCTGCTTTTCATAGACCCCGCAACGTATACGCTTGTAGCGGCGCCTCAAGAAGACACTACGAGGTTTTGCCAGACAATGTAGTCGTGATGGAGTTGGG,1914,50.47,Saccharomyces cerevisiae
SEQ_430845,TGGATTAGGCAGTACCTTTGTGGGATTGGATGCGGCGTTCTCGGACATTTAGTCAGGCGCTCGTTACCTTTCAAAGGAGTGAACACCGCGCTGTCGTGATCTTACCTTGTATGCGTGTGTTACCTTCTCGGGCAACCGCGTTGAGCATTCTTGGAGAACGCCTGCCTTATTAAAGTATTGTTCCACTATCTGACCATTGGAGAGTTGCCGAACTGAAAGATCGATTGGGTCGATTACTGGCGATAGTACTCGATGACTGAGTTCAGGATTACGTCCGCTCGCCCACCTCAGGGCGCGCTGGCCAAACCGTAGTGGACCCCAAAATGGACCTGGAGAATTGTTAATAAATTATCGAAATGTAGTGATTACAGTTAAAGGGAGGAAGTTCGCCCACCCCGTACGGTAATAACGCGGAACGGTGACTTACGACCGATCCGTCTAGAAGTTCGGGAACATGAAATAAACGGTACACTGCGAATGAGATTATGATTCGCGATTCAGTGGTTCGGGACTCCAGACGATAGGCCCCACGCCATACGGAGTTCCATCGCGCATAATCGGATCCCTTGGAGGAGAATAAGAACAAGACCTACCCTCATTTACCAAGGTCTCTTCTATACGGACAACGTCCGTTAGGATTGGACGCAGCGGGTAGTTGTCACTAAGATACGACCAAAGCATCTGGGCCTCTTAAAGAATAGGGGCGGGACGTACGCCGCGTTTCGTCTTGGTGGGGCGGAGAGTTCAACCTTCACACTCGAGTGTGTTTGGGGGTCCCTTTAATATAGCTTGTTTGCTTTATATACGGGTGCTACGGAAACTAGTCTCCATAAATTGACCTCAGAGCAGCGAATCCTTACACGGATTGGGAGGCTCAAATTGCCGTTTTACCTGACTGTACAAGCGGCTTAGTTAGACCGACGTATGGTAGTGAAAACAT,940,49.36,Escherichia coli
SEQ_119695,TCACCGGCTTGCCAGCTGGGCCATGTGCCTACTCGTGTAGTTGTCCGGTTTAGAAGATATTCGTGTAATGCCTGCGGAACAGACGCTGCTATGTGGAACTGGTTTGGCGATAAGTTACGTAATCAGGTTATCATTTCTAATAAGCCCTTAATAGTTCTGGTGCTGGCATCGCTGGTAGATGAGTATCGAGGAAGCCTCGTTGACCCACAGGTATACAAGGCCTCCGACGCGGATTGGAATTAACGACGAGGCATCGTCCATAAAACCAATGTAGAGGGCTGTACCAATTTAACGCCCCTTGATGCAAATAGCACCGGATTCTACACCGGGCCCACGTCTATATAGAAAAGGATACACACCTCGTCGTTCGATCGGCTAAGCCG,383,49.61,Arabidopsis thaliana
SEQ_458922,TACTATAATTTCGCCAGTTTAAATTCCCCTAACGGTGTCTTCTTTTTTCCGAGAACCTTGGGTTTTCTAGTGCTCTAAATCCTAACTCCGGTCGTTCCTCAGACAGAGACGCAGGGAAATCAGGCCTCTCGAACATACGGCAGAATTCCCCTAGAC,156,46.15,Caenorhabditis elegans
SEQ_181388,ATAAAATCCCGATGTATTTCCCAATCTATCGAGACAATCTGATATGCTTATGTAAGTCGTGGCCCGCTCGGTTACAGGGATTGCATACCCTAACGGTCCCTAGTCGTTAACATACTTTCAGGATGCAGATGTTACACACAGCAGCAGCCCATCACTCCTTGTTTTCCTTTACTCGGGGAGGAATTCTCATCTTGCAATGCGGTCGCCGCTGAGTGTTCATCGAGGTAATCGTTCCTATGCTAAGAAACACATCCAATGTGGCGAATATGGAATGTCACGCTAGCAACTCATTTTGGGATTGTTAGGGTACCACGAGTGTAAGCATATCAACTAAAAGGATAGTTCATGTAACACTGGCGGTACCTATGGTTGCACACTGGAGGAGACTAAGATACTCCTTAACAGAACTAACTCGCTTCACCCCTGTTTACCAATACGTTTGCGCGTAGGTACTAACGTTTGTCGCTCAATTGCCGTTCGGAGAAGCACAATAACTGAAAAGAGATGGGCGTTATATACTTTTTAGATAGTTCAAAGAGTGACCATACATTTCGTTCAGAGAAGGACCTTGCAGATCGCTCAACCATAGAACTCAGGCTGTCTTCGGCTTATCAGTTAGTCAACATGTAACATGCGCTCGTATGAGTGGCGTGCTTGTCGATGTCATCGGAAATGGCTATCCACCAGCAGTCCCGACTGCCTTGGGCGTAAAGCAGACGATGATGGCAAGATTACGCCGAAGTGTTTTAAGATGAACACTTGTCCTCGCTGTGTTACCATAATAGCTGCAG,791,45.64,Caenorhabditis elegans
SEQ_530579,GTTCCCTGCTTGCGCATTGGATCCGGATTCATCCCCGTCTGACCAACGTTCTTGGGGGACCCTGACTATCCGCTGCCGCCTTTTCGGTCAGACTTGATCTCTGAAAATAGTAATCAAGATAACATGCTTCCTTCGTGACCTATGGACCAATGTCCGCGCTTCTTCAGACTTCAGCTTGCTATGGACCCGACGGAGAACGCATACCGGCCAATGTACTACCTACTGCAAGCCGCTTACCTTCTCTAGCAAACGTTGCACGCCACCGTTTATGTTACCCTCACCAATACGGTTGGCCCATTGTACGCCGCGGAGTGGCTATACACGGTTGTGCGATGGTAACAGGGCATCTTCTAGCATGTCCATCAGCGGGAACTGACGGCCTCTCCTCTAGCACGAAAAACGTACTCATACCGCACTATTACGGAAGTCTGAGCCTCG,438,52.74,Homo sapiens
SEQ_897061,AGAACAGCTAGTCCATCCATTTCGATTCTTTATACTCCGCTCGATGTTTCAAAGTGGGTCGGTTCGTACTATAAAAAGTCTGATGTATCTCTGCAAGTTAAGCGTGCACTACGGGTAACGTCTATATATTAGATTCTCCTAGCTTAGTGCTCAAACGCTGATAGCGCATCTAAACGTAAGGGACTCAACCCCCCGATTCACCAGCTCATTGGCTTACCGAG,221,44.8,Escherichia coli
SEQ_777654,AAATCGGCGCCTTCTGAAGTTCAGTTGATCGGAGACAGGTGTAACGCATAACTAAACCGGATACCCTTGATGCTCGAGGGCTTAGCGCTTCCGGGGGTATCAGTACGGCCTAGTGCCTTTTCCATGTCGGATGAGGGTAGGCTAATTATCCGAAGAGTATTCCTTAGCTCGTGTCTGATTATGTTAACCGGATTGGATAAGAA,203,48.28,Homo sapiens
SEQ_138435,CTCTCAAGGAGGATTCCCCAACTGATGATGTACAACGACCTCCGTCCTGCGGGGCGCTAACCGGGCTTCATTACCTTAGCTGTGATTTGCATCGCCAAACTTATGCAAATGGCACGGTGGAATATAGCATTCAGGACTCTATTGAACGGCCAGCAATCGTCGCCTACCAATTAACAGGAATACGCGCCGTGAGCAAAGCCCGTTCTCACCTAATAACGAGTTCTTCTTATATGCTGGACGAAACATAGGCTGACTCACACCCAACACGCCGTGATCAACAGTCGGTGTATCCTGCCGATGGCTTCCCAGTCACCTACTCGACCCCTTCGGTTGTGTGGGTAGCACATTTCTACTTCTACCGCGTATAACCTTATACGGCCGTCAGCTATTCTGAGTCGGGACAGTTGACGGTTCACCCTTCTACAATTACTGCGTGCTTTCCGATAGATACACGTTTATAAATGGCTTGAATTGTCGTGGATTTTGAGAACCTTGGTGAGCACCAGTACCAGATAAGTCCGAAGCATATGAGGAAGCAAATCTCCGTTACAATCCTGGGACTGCCCGGCCACAATCGCAGCGGGGGAGGGTGGCTATAGCACGCATACCAGCCCGTCTGCCGACAAAGCAGGCCGCAGAGAACGCTCTTTAAACACGATCTATACGAGTGGCCCATCCCCCACTCGCTAATGGTCCCAGGAAGCAGACCCGGTTATTGATGATGTGCCACTTTGAATAAACCCAACGAAAGTTGGCGTCGGTCACACCAACCAATCAAGGAGATCTTGTGTCGGATAAGTTTCCCGTTAGACCGTATCGCAGGGTTCCTAGAGGTTTGTACTTATGGGGTCCATGGGATGGGAAGGAATCTGTCCTTGGTACTTCAGAGTTACCCCATATATTATATTAAAGGTTCGATCATCGTATCGATAGTCATGGACGCAGGTTTCGTAGACTGCGGGAAACTTCGAGAGGGCTTCATCGATTGCCACGTCGTAGGGGGCTCCATTGGTGTAATGCTCTAGAGGGCGCAACCTCCCGGTCTCAACCCAGCCCGTTTCGGAAGCTTAAATGATCACTTATTCTTAGTAGCCATTCCCAAATGTTCGTTTCTGTCACACATTTCTCCGCACTTCCGGCTGCTGGAATATAGTCATGTCCGTTGCGGAATATTAGGAACTTGTGGTTCAAAGTGTCGTAGGATAGATCCTCCGGCAGGCTTGGTAAGTGCGCAAAGTACTATACATCGCATTGCAATTCAAGTTAATGGTGAAGAGCTGCGCATAGAAACCTGATCCTCGAATATACCTACGAGTTCGGAATCTGACAGTGGTTCATCCTCATTCATGCCTTCTAGATGGAACCAGGGACCCCTGCGTCTTCCACTGGCCAATGAGAAGCCGTAGATAAGTAGATTGATGGTGAGTATATATCGACTATGTTGATGCTTCGCAGTTTAGGGAGAAGTGTTAAGACTTATACTGACCAGAAGAAAGACATGAGCACTGACGATTTTGCAATGGAGGCACTTTAGCACGATCTTAAGCAATTACGTAAAACCTCTCGGGACACGTTTAAAATAATTTTCGTACGAGATAGCCAATTACTTCTAGGGATGATAGCCGATCCTCATCTGCTCATGTCATTCCCGGCAGAGTTTTTGGCTCGTGCAGGAAAGAATTACTTTCCACAGGTACGGCTATGCTGGGGCGTCGAAAGGCTCCGATTATCGGTGCCCGAAGTTGACAGTCAGCGGACGGATTTGGCCCGGCAAAACCTTGGTTGCCGA,1789,48.91,Homo sapiens
SEQ_483731,GCCGTTCCGTACGAGTGATTCTCTACGCATTCTCTGGTCCGGTCCAGGGCCTGGATTGAGTAGCCGTTGGGGTGTTAACAAGGGTTTTACTTAAGGGCATTTAAGTAAAGGATATGGGCGCAGCATATTAATGATTCTGGACGAAGGCTATGCCACGCCAGAGTCTATTCGTACACAGTTACGGTATAGTCGGGTTTATAGGACACATGGGAATAGGTAATCTGTACGAATTGCAATGACCGGCAGGGGTATGTTCTGATGTCCCAATGCATAACGAGCCACGGGCTGCAGGCCAGCAAGCAGGGCCAGGTAGTCTATAGTGTATGGTCCCCGCCGACGAACATTCTCGAGTGCCGTCTCGTCGAGGAAACGGATTAGCTTAAGGGCGAAATGCCCAAACTGTGCCAACAAATTATAGTTTAAGAGAAGCGGTAGCCTGCTCCCGTGTCAACGCGTGCTCCCTGACCGGGTAGGTTATATCCTGCAGTTCTGTGGCTTATCCGCCATTAAGCCGAGATGGAGCATTTTAAATCTTGAAGCTAAACGAGACATACGCTTCACTGTACGTTATTTAAATCTACCCCACATGATAGCCCTTAAAAGTTACCCCCGTTAGGGGGCCTATAAATTTCAGTTTCTCGCTGAGTCGTATATGACACGTCTTATTATTGTTTCATATGACAAGCTCAGCTATTGACACACCACCTCACTCTCAGGGTAGAATAAATCTGGATGTCACTTCTGATAACCGATGATTCACTATTGTCGTACTAGTTCAATTAACTGTTCCTAACCGATCGTAAACGAAACCGGTTATACAGTAGGCGCGTCAATGCTGGGCAAGCAGCTTTATATCTTCACCTGTATTCACCCAATGTATAAGCGTCGTTGAATAACTTGAATGAGGCGAGGTATCTGTAAAAGGGCATCGTCCCATACCCAAGCTAAGATGCTATATATTATCTTGGTGCCATAACTAGTCACGTCTAACGCTGAAGAACAGAGGCCATGAGTACGTCCTCTATGGGTGGCATGATTTCGCCGGTGAGATGATAGAAAAACTTCGCCTCCAGTCGTGCAGTTAGTGTTTGCGTTGTCCCGCACCCGGACTAGTAAGGATTGTCTTAGCCATAGAGACATTTTAATTGTTCACCCGGTAGATAGGGGAACAATAAAGTTGACAGACAACGCCCTATTGAGTGTGTGTAGTTCGGATATCACACGGCATGGACACCCAAAACTAATTCTAAGTACCGCCCTTGACAGAGTAAAAGGTTGCGTTATGACAACCCCTATGTTTGGCAACCCGTTCATCGGGACCGACGGCCGCGCAGGTGACTCGAGGCAGATTATGACAAAGGACTGTGTATGAACGCTTATTAGATGCAGGGACTGGCGGCGCATTTTCTGTCGCCGTTTTGCGGTGTAAGATTGTGGCGCCTTCTAATTGTACAAAGAAAGATAATGTCACATCTATCGACACT,1484,46.9,Caenorhabditis elegans
SEQ_941779,TTAAGGTCCACAACACGGGGGGTTTGACCTAGTTACCGGATGGAAGAGCGTTTTTGGGGTCTTATGCTTAATGCCGACAATCAATAGTAGTACGAATCCAAGGTTGTTTTGTCATAGATACATTGGGATGTCGACCAAAGCACCATATAAGAAAGGCGCGCACATACGCATTCCTCTGTTATCAAGCACCGATTAGCGAATTAGCGTCGACCGGCGCTGACGTCAGGTAG,230,47.39,Caenorhabditis elegans
SEQ_920681,GCGTAGGTTCTAAGAGACAACCGAGGTCATCGTAGAACCGTATAGGCCCGTCGA,54,53.7,Drosophila melanogaster
SEQ_565692,AAGTGGCTAGTAAAGAAGCATGGCCAAGAACGCAGCATCTACATCCGCGCGAGGAAATTCTCTATGCAATTGAAGTGCAGAGCACGCAGCGCACGCCTCATACTAAGCACATGTCTGTCACGGAGTGTTCATTTGAGGCGTTGAAGTTCAACGTTACCAACAGCAAAGAAGTTTCCATATAAGACGTAGGGTTCGAAGCAGACAAAGTCTTTGGCCTGAGATTTTAATTGTAGCGCGCCAGCCGAGGAAGAATGTCATGCTAAACCGTGCTCATGGCCAATGAAGCATATGCACAGGCACAAGGGCTTGTCAGGACATTGTGATGTGAAAAAATCCCACGATGGGTAGCCGAGGTCTAAACTAACCTAAGCGGCCGTAACTAGAGGAAGAGGTACTTGTGTTTCCGCTTAGCCTTGTGGAGTACTCGACTAAAATAATGCCAACCATGAGGTCAAGAAGCCCTCTCGAGCATCGTTCATCCCCAGTTCAATCACACCCTTATTGTACGATTGAAACCCCGACAACGATAGGCGAATTGGCACCGCGGATCCAGTAGGCCGCGGTATTGAGGCAGTCGGCTGTATAATGTCATCAAATGACTATTTTCGCCGCTAACAATTAAGTCACCAGTGTTCCTAACTTCTAACAGCGGGAGCTTTTCGACCACAGGAGTTCTTATTTGAAACATTCAGAAAAGAAGCCGTGACTGGTTATGCCGGAGGTCTCCCTTGTGCATCGTCCCGCGGAATTGCTCCGCACCACTCGCATCTACTCCGCATATGTACAAGTTGATCGAGAGGGTTCTCGAGAAATTGGAACGATAGTTCTCAAACAATTCAAGACAAGCTTTGACGTTTCGGGGCCCCGTACCGTTAGCTAGCAATTGTCCGTGCTGCATACGAAATTCCTTTGTCTTCCAGTGTTCGCGACCTCACGGTACGACTGCAGAATTCCACAAAGCCAATACGTACGACCTTCTAAGCCCTCTAGCTAATAGGGCTTCGCATAGGGGGTTCCCATAAGACGTGTCTTAATATCATGGTCAATACGTTCGGCCTTACCTTTGGACCCTATCAGCCTAGAGTCCCCTAAGTTTCTTTAGATTCTGCGATTCCTGATCGAACGTGAATAGGGACGAAGCTGTTATAGGGAAGGGCTACCTTCAAGCTAGTACGTATCTGCGAGTGAGGACACTCTGTTTACATATCTCCCTAACGCCTACATCTACGGGGAACCGGCCTGCAATTAAATGCAACCTAAATTGCCAGCTATACAAACGCGGCAGGGGGTTTAACCCATCCAGGTCATCGGGGGAGGCACTTTTCAACAATCTGATTGTTACTTCATTATTATTAAGGCCTATGTATGAGTGCAATCAACCCCTTAACTTCTAGGGCGGGATGCTGGGGCAGTCCTGCTTCGATATTTAGCAAATCATTAAGTCTCCGACCTCAGCTTCTATGACCCGGGTCGTAGTGCATCGCTTGATTCAGTGCGAGGTATAATAGAAAACAGCCTTACTATGGAGGCCCAGAATCTAGCGAGATTCTGTTGGAGATCGAGGAGAGCGTCGTACCCGTGATAGCCGAGCGCCCGGCACCCTCAATACTTGGGCCGGTAGTGTCTGACAGCATTCGGCGGATATACTTTTTCCTGCTATCACCGGCGTAGGCTTGTTTGTCAATCACGCTGAATTGAAGATCATACTTACTTTCTCTCCGGCGTCAACCGGGGGAGGCTCTTCACAGCCGTTCTGATTTCACTTCTAGCGTTACCGTCCACTTGCTGGCAACTCAGTCGTCCAAACATACCAATGAACCCGCTTCTACAGACCGCTCTAAGGGTAGCACCTGCGGACTGTCGTACGCAACCCTGTTACTCGTAATAGATTAGACCGATTTTCAAACTATCACATAGGTTTGCGAGTAGTGTTAAGTTCATACAAACCAACCTGACTCGG,1960,48.47,Mus musculus
SEQ_874017,TACTATCTGGTATTAGCAGTCTCGCGCCACTCCCCGTGCATCCGCGGCGTTACACACCGGAATTTTCTCGAGCGCATACTGAGACCGGTCATCTCGCTCCTGTGAGGTAGATGACTAGATTTTGGAAAACTTAGAAACCCGATTGGTTAGGTCACATTAAGAGGTGCTTGTCTTTGCGTGGCTCCCCGGGTCTCAGGAAGCCACGTGAGGGCAAGGAGCAACTTCATAGCGACCCTCAGTTTACGTAGCAACCGTACCTACAATGGACCGGCTCCTTAACTCACATGCGACTTAGAAGGCTGGGGGTACGTCGCTCGTATCCTAGTTATGGTCCTAGGGGCTACCGGAAGCTACCGAGTGCCAACTCTTCAGCGCTCGGCAATGGCCAATGGAAAAGTGCCGCTTTAGATTTAAGCCCATATTTCATTCGCGCCCTGATAAAGTCATGCAAATTATGTGACTTTCCTTCCTGCCTGCTAAAATGCGTAGCGGACGTCTTTCGTCTGTCGGGACGCTTCATATCCCATCGAGGAAATCTATTACCCAATATAGCCAACATAAAGGGGTTCCTCCAACGTTATTGTTGTCCCATGCCCCCAACTAAGGGGCGTCATGAATGGACCACACCCTAATCGGCTTCAGGCCGTTATGCGTTCGGCGAAAGTCCCGCTGCCAGCTCCTCACTTCACTATCTTCGTCAGTGCGTGATAGCCTGCGACGGGATCGTCGCAGCTGGGACTGACAAGCTACCTTTGTAGGTAATGACACCCGACAGCCCATATTCCGCAATGGAGCAGGCGCATCTATTCGAGGTTGCAGCTGGACCATAGAAAGCATAACTCAGTACGAGTCTGCGTATTTTATAGTTTTTCCTGTGAAAGCTCTCTCTAACGTGAATGGGCACCAAAAACTGCCGCACCGAGGCGCATAGGATGCACCGTACTTAACGCGTGAGCCTATTGCTTTTCTACGGTCTGTCGCCACTGTTTCGGGAAGAGGTTTCGCAACGTTGGTCGGACTGACTGTCGGGGAGAAAGTACGTCGGATACGTCAGCAGTCACGTCTCAACGTATCAGTTATGGTATATCGGATCGGTTAGAAGTCTGATACACACTGTCAGTGATCTAGCTCTTGAATGTCTATGCCGCGCGCCAGCAAACCAATCCGTCCTCTATAAATAGGGCTTCTACCTTCTATGCTGGACAGGCCACGGACTAAAGCGTGATGAAGGGTAGATACCAACTGAGCCTGTGTTAAGTGTGACATGCGTATGGA,1275,51.06,Saccharomyces cerevisiae
SEQ_765176,GGTGTGTACCGCTGGTTTGGTATATAACAGCATCGGAGTGAACTCAGGGGTGAGATGATTTTTTTAAAGCATTGCCAACGCCCACATTTATAGCGACATTATTTGGTCTATGTCCCGTGACTAGTTTTTCAACGCATCCACGTGAAGGCCTACCCTTTCTATAATGCTCTCGGTGTCGTCAGCGTCGCTCCGCTACAACCCGAGAGCGGCTACATCCTTGGACAATAGTAAGAGCTAATTTTTGCCGGTTAGCTGCGGACTGTCGCGGACAAAGCTCAATTAAGGTACTAACCACACGTTTTATTGACCATGGACACGACACAGCCTTTTCCAAAATAACTGTGCCGAGCTAGCGACCCGTGTGTCAACTATACATGCGAAAAGGAAGCTATATGCGAGACTTCCTCTCCCCCGAGTGGTGGCATAAATGTTATTAAAGCCAGATCAGTGTGGCACCACCCCCGCACATCAGGAGATTACCTTAACGAAGCTGCAATCGTGTTCTACATCGCTCGAAACACGGCTGTGGCACACCAAGAGGCTAGTTCTTTTTAAAGTGTACGCTGTTTGTCCCCTTGAAGTAAGACCTGGCGCACTTGGCTTGTGTATAGTATTGCATCTGCCGATATAAGTTGACTCATGGAGAACGCTGTCGATCAATCGTCAGCTCAATTTTCTGCTGCATCTATCTCCGCTCATGCTAAAAACTCTCTGGCTTGGTCTAAACGCTCACGGAGACTGACACGATAACTCGATATATCATAAACGTAAGAAGTGTTTGCTGTCC,787,47.14,Drosophila melanogaster
SEQ_134669,GACCCATAACAGGTCCCTGGGCTGTGCCGGCGAGATCTATTACTGGATCGACGCCCCCGGGAAAATTCGCCTGCCTTATCGACTAAGCCCCGGGTAACGCTGCGGCAGTCGCGTTTTTACGGGGGTAGGGATGTGTACAAGGTAG,145,58.62,Drosophila melanogaster
SEQ_421305,TTCAGCAGACGGTATCGTAGACCCCGAGGATAGGGTGGGATCTGACCAGTACGTTGGGTGGGAACCGGCGCGAACAGAAGAGGTAAATCCCTTCCGTCGTGGGGAGCTCGTTTCAAAGAGTATGGAATGAATCTCGGCGAGCTGTTCAACTCACCTGATTTCTTTGCCGTTTGGTGGAACGCTGATTTTTGCCGTTCGACCGGGGGCTTGCCACTGGGTATCTTGGTACCAGAAGCTGTGAAAGACGGTTTGATAATAGTTCATTATCAGTAGGGTACTTATCTGGACCGCCTAGTCAGGTTATTCTTGTTGTTAGAAGTTCATTAAAACATACGCCCGTCCGTAGGGTCATCGCACGATCTCCC,365,50.41,Drosophila melanogaster
SEQ_605184,GAATGCAGTTACAGAGCCCTTTGTATCACCCATTTTGTGTGTAAAGTGGAATCGTGCGCACCGCAGTAAATCCAACGCCATGGAACATTAACGACTGTGGGCCGGGTTGAACCTCGAGTCCATCAC,126,50.0,Saccharomyces cerevisiae
SEQ_487436,ATCCTACGTCCCGGCATGGCCTGTGTAGATAGCTCCGGTCCCACACAAGCAGAGAATTCCCCTTAACACTGACTGAGTCGGTGCCGCCAGGACGAACGAAAGTATACCTACAAACGTCACTGATGAAGTAGATTGAATTGCTTGAAAAATCGATTCAAGCGTCACGCCTACCGATTCGGCCAACACACCTTTAGCTGCAAGAGCACCTAGACGGACAGGCTAGTCGAGTGCGGATAGTCACCATAAATCAGACTTTTCCAGAAGATGTTGTTCGTTGAAAA,281,48.75,Saccharomyces cerevisiae
SEQ_807878,CCGTTTCCGGATGGTACAGCCGACGAGTCATGAAATGGATTGTCAGACGAGAAGCTCATTAAGATGCGCTTTTTCCTTAATGCCCACTGGAGCTGGACACTACCGTGGATGTTCAGAAGATCTAGGCCTCTAGTATTGGCGTAGGTACTCGCAATGAAGTCGTGTCTTGTAGTGTCACAGTTCCTGAAAAGGCATAGTGGAACAGTATAGTGAATGCTCTTGTTGGTCCCACGAACATGGACTCCGGTCCGCCTTCCCGCGGGGGAGACCCTTTAGATCAGTATTCGCTCAGGCCCTCCTAATTATACGATGTGGTCATAGAAATCCTGTGATCAGAGGTTCATGGCCATACCCCACCTGGCACATGGACCCGCAGAAGGCGTTCTATCTGACACTATCAACAGGGCCTCGAGTCCTCTCCTCCTTTGGTCAAACATAAGTTGTTATTTACGCTGCCTGGCTGCTCAACTTGCGTAGCTTAGTTTGACGCGTTATAGTTGGTATGAAGTACAGATCATATGCTCAGCCGCCATAAAACGTCACCCCCCTCCTTTTACGACCCTCTCTTGGGTAACGTTAACAGTTCGCAAGCCAGCGCTTAGTAGGTCAACGCAAGCATTGATTATCAGCCTAGCCTTGGGTGGAGATGCAAGGGCCCGGGCGCAAACTCATAGGTAAAGTAGTTTAGGTGCATGCTTTCGCGAATGTTCAGCGAGGGCTAGAGAGAGCTATTGCATATTGCTAAAACGCCGAGCGTGGAGATCATCCGTGGGATTAGGACCTATCAGCTAGCTTGTTTTAATATCCTCTATAAGGCCCATTAATATCCAGTTACGCAGCCTAGCGTGGGTCGCAGTAATGGCCTATCCCCCCAATGTAGTTCTTAACAAAGCTACGTGCGTACCAAGTGGGAGACTTGGGCAACGACACCTTCATGACTATTGACGTTCATTTGAGGGCAGCGCACACTGCTAATGATATCAATGGTTCAGCTTCTTGGCCCGCGCCATTCCACGGATGAATTGTTTGGGAATCTACCCATCACCCACGTTCCTCGGGGGCTCAGGCCCTTAGTCTAGCAATTGTGCGCCACCATCAGTAAACATCTGTAATCTGTCGCATTAGGCTTCGAAGTGATGGCCGCGCGGAGAACCGTACAGGCCGGTCTGTATGGCTGAGGATTGTTAGTTATTACGGGAAGCTTTTAACCGAAAAACACAATTCACTGTCCAAGGGGTCCATCAAGGCAGCGTCCCCCATAGGAGTGCGTAGGGTATACTTCTGTAAGTAGGTCGCCGTGCCGGCGTAATGTGCTCTGACGGCAAACGATTAACCGCACTC,1341,50.26,Escherichia coli
SEQ_104622,GGAAGCTAGATGGCTGCTATATTGCCAGGCGCTATTTGCAGCAAAATGTGTAAGACACAGGCTGAGCGATGCCTACTTGTACTCTCTATGTATAACCAGTTTTCGCCCAAATGGTGCTTTTATTTTTCAGTAGGAATATTACCTTAGTGTGGGGCGAATATACTCCCACTGCGGAGTCACCGATTCCAACTGATTCACATAATCCGTGATCGTTTTGCGGTCCCTATCGTGTGCTACGCTTACTCGTGCCAATGGTCAACGCCGAAATATCGCAACTATTGTATCCACTTGCGCCATGCCTTGATAGCTCGCGCCAAACCCATCTCTTCTTTCCTCTGAAGAACGCAAGATATTGTCAAATTTGCTCGTCCGGTGCTCACATCAAAAAACCCTAATATAGATGAATTAACAGTAGTCACGCCTCCTATCACCGATGAGATTCGGGAATGGCCCCTTATGCAATCCGTTGCCCCCATCGCCGATCTTGTCAGGGTCAAGCAAAAGCATGGGGCTCCTGCAGTCCGTAAAAGTCTATACTTCCCACGGCTTTCGAGTGCCGCCGACAAAAGCAACCTTCGAGCAGGCCAGATTATGTGGCGGCCGGGCTAGCCGACCTGCGCGGAATATTCTACCTTACCTGTGCGGTCTTGAGTCCTTGTGCAGAGTACCTGCATATCTCCCCCTCTCCAGGTCCGGCAGCGGTAATCTCGATAATTTTACGAATATTAGAACACGATATGTTCTTTTAGTCCAGGTATAAGTGAAACCCAAAGTGTAAAGATCCACTCGGGCAGTACAGCAACCTCGCGGCTAGATCTATTCCCCCCCAGTTAGCTCCCGTATTTATATTTAACACATGTCGAGCTTCCTATTTAAGTAATTGCGCTCAACCGTACAGATGTGCGGACCTGCGATCCGATATAGGCCCACCCGTCCCGCATTTAAGGCTTATTGCTTAGGGAATGGTTTTCGTATTACGGGCTACTGGATCCCCCCCTGGATAGCTAGGACTTTGACTTAGGCAACAAATTTGATCGCCTATTAGTGTTCACCTGAAAGAATCATCCTCCATACGCGGCACGTATGACGATCGCGCATTTCAGCCCGATGGTCGGAGTTTAGGAATCGTATTTATTGTGTGTTGTATCCACACAACCTGCCCGCTGGGCTTACTGGTTCCGTATATCAACCTCGTGCGGGTGATCAATAAAGACCTAAGGCGGCGTCAACATTTGAGGGCCCATTGACCAACGTCTTGGGATAATTAAGCCACTAGGTTTCACCTCTCTCTCACGGACGGTATCGCCCTCAGCTATCGGGCAGGAGGGGATCGAGAGAAAACCCTACATATGCTCCGTAAAAAACGGCTTCCCGAGTGTTTCTCGTCCACAAGACTGATAATATGCTTCAACTAGGCTCTTACAGGCAGCTCTCGTGCTCGCTGCTAAAGACGCGCCCATGGGCCATGTATCCGTATCGCAATCACGATAGCTAACCCGGCTCGGTCTGCGTGCTTCGTCCTCGTGTGGGACAGCAACCGGTACGAACCTCTGGTAAAATTTGGAGCTGCGCTGGTTAAAATCTTTCGAGTAGCTCAATACCCTATAGACGCTTACCTAGTTTTCTTTGGTACCGCCGCGGTTGTCTTGCCCGTTAAAGCTTGCGCCCGAATCAACGGCGATCGCTGGTAGAGGACTCTTAGGATAAAAGTTTCTGCGGGCTCCGGGAAGGAGCAACTTGGTGTTA,1746,49.6,Saccharomyces cerevisiae
SEQ_701648,CCTAATCGGCTCAACGTGAAGAACGTACCACTAATTGACGTTACTAGTCCGCCACACAGCAACATACCAAGAGATACCTTCAGCTCAGCAATTCAGAGACTAGAACTGATCATAGGACCATTTCTGGGATGCATCCTGGTTAACTCGGGCCCGCCGTGTCGTTGGACGGCTGTCCATAATCTCGTTCTTGATTTGACTAGGCACTTCCTCATTAATGCAATAGTGATCTATTCTGGTGCGGTATCTCTTGAATACCGCACATTACCTTATTATCGTGTTGGATCCCTAGAAACCTGACGGTTAATTGTCGATGTCTTTGTACAGGGTGCACCGCGAGGATTCAGCTGTAGGTCTTCATACAGTGTGGTCATAGCCTCGCGCCGTATAGACGAGCCTGACGTTCCATTGCAATCAAAAGTGGCTCTATTACCGACGGACTACTAGGTGCAAGGGCACATCCTCTGCTGCCGGCATCAGCAAAGCGAGATGCGTGCGATTCAACGGATAGTCAACAAAATAATACGGTTTCGGAGACCCGGCATCTGTTCCTCACGGCGAGTTTAATCAGAATTTCTGATAATAATGAGTATTCAAATTAGCTAATCGGCGTTCACGCACCAGCTTCTGTAACCTATATCAAGACTGATCAATATACATCACTGGAGTTTCATAGGTGACT,679,46.54,Escherichia coli
SEQ_949339,CACTCAAGTTACTAATGCAGAGCCCCAGCCATAACCGTCCCCCTCGCGATCTAAATTTTGGGACTGGAAATGAGTTTGTGTCGTCGCGTGTACCCATCTGTCACTGGCAGGATTTAGACTCCAAGCGTGCGACTAACCCCGATTTTTGAATGTGAATATTGCAATACTTTGATTTAATCTGAAACAAGTTTGCGTCCTAGTCTACCGCGAGCGCCCTATTTACTCTAGTTACACGGCTAGCTTTGTCATTCTCTCACGAATCCAAGCCTTACTTATGTATAAAAGCTATGACGGAATCCGGTGTTACTTCGTGTCGCTATCCCTTTATAAGTATTGGATAAGGTCAGACGATTCTGAATACGTAGTGAACCGTGGCATGCCCTGCGACTAGCCTACCTCTTTCACCCCATCGGCACATCGGACCCACAAAGTGAGGGTATATCAACCCTGAGGAGCTCCATGTTCCAAGGTGCGATTACACTAACGGTCCTTGTGTTATGATGTGTAAAGGTTCTGTCCCTTACCCTGTCAAACATCTTGTTTCAAAAGCGAGCCCACTCGATCAGTAATTTTAGGCTAAACGGGTAGTTCCTATATAGAAAGTAAGCATTATTCTCATTCTCCACGGTTAGCTCTTATGCTAATGACGTGAGAGGGAACAACAGTCCGGACTTGTAGGAAAGGCACAGAGACGCTATAGAGGTACTACTTGTAACGTACCTTCGGTGAGCGAATATATTCCATCGTGGTCGGCTAAATTAGACCGATGAGATTATAGTGAGAGTTGATGATGCGGTTGCTGGGGCCTGCGACGGCGTTTCAGAAGAGTAAAGTCCATAATGAGTACGCACCCGTCGCAACGCTACCGCCTATCAACTTGTCTGTAGGGCCCCAGAGTCTAGCTCCCGATTATTCCAGCGACTCCCTCTGTTCAGGAAGATAAGTGAAATAATGTGTTTCATGACTCTCCGCACGGGCAGGATTCCGAGGGGTCTCGTGGACCCCAGGAGAACTCGTAGGCAAAAGATTAACTCGCCGGTCGGAGGCTATAAGCCGTGGCCTATCATTGTCAATTAGGACCACGCGGTACGAAGGCGTCACAAGGCCTCCTTTATCTAACGAAGCAAAAGGTGTTGCTCAAGAATCCACAAACACTCGCGATTTATTTGGTCGCGGGGTGCCCTTGAAACGGAACAATATTTATGCCCGGGTTACAATTCATCGTGTGGCGTGTACTGAAGCTTTCGCGCCACTCGTAAAATCTCTTCCAGCTTCCTGTTTCAATGAAGTTAGAACCGAGGACGTCAGAAAGCCGAGATCTGTTACGTGATCGTATCTCACTCTGGCGCCAGTCTTGACTTAGTTACAAAAATAAACACCTGCGTCCTGCACCAACCGCGGGGAAACTCCGCGGGAGAG,1419,48.06,Caenorhabditis elegans
SEQ_841804,GGAATAGCTACCCTAATAAACGGATGTTCATAGTGTGCGCCACCCTTCAAGACAGAATCCTTGTTGGCGTCTCCGAAAATGCCAAGCGCTCGTCAGTGCTAATAGGTCTGTAGACGATAGTCTCTATGAAGATCGTCACCCTACTTCCAGGAGACTACTCCGGCAAGTTAGCCCAACATAGACGTCCCCGCTAAAAAGGTCTGGACGAGGGCATTAGACACGCAGGATTATTTCCTCCGCAAATGCTTTCAGGATCGCCGTGAATAACGGACGCCTCGTTCATGCAGGATCTACGCACGGACATGTCGTCGCCTTGGTACCACGCATGCCGGAGTCCTACGTCACGAACTTGGAAAAACCCTGAGCGATCCGGGGACCCCAAAAGTGCTAGTTTTCTTAGGGGCCCGTTTAGAATAGCCGGAGACTCAAATCTTTTCCTTCACGACCCATCAATGCCTGAATGCCATACCTAGATCTTAATTCATCTTAACCCTTTTCTCTCTGAAGTCAAAACGTTCTTTGTGTGCGTCTTTAACCCCCATATCGTCCTGCTGACCATTTATGAGGTTGCCCCGCTACACGACGTCGTTTTGCCACCAGTCGAGTATACCTTCAACTGCCGTGTAGCAATTGAGCGGATGTGTGGCCCCAGGTAACACCGGAACATTTACTGTGTTGCCGGTGGCTCAAACGATCCCCCACGCCGCGAAGCAAACACGAGTGGGGCGAAACGGGCAGCAGACTTTTCTTAAAAGGTGCTAGTCCACAAAAACTGATGACAAAACTGCTGTGTTGAGACCATATGTGCCGTGC,813,50.55,Caenorhabditis elegans
SEQ_583979,TGGGCTATTTACAAACCTGTTGTTAGGACAATAGTAACCAAATTAGAGCCCATTTCCACTTAATAAGTGCTTTTCCGACCTAGACTGGGGCACGTCCAATGCACCCTACTGTTCCCATACACGTCTTAAAAGTTCGTTATCTCGCCATCAGGGTACTAAGATGCGACAAGCACCTGACACTAAGAACTCGGAAGTCGACACCGAGTGAGGACATAGGCCTTGGCGTCCCAGTACTGCGCTATCAAAAGTATACGGACGGTCAGCCTGATTGGACGTTCCTTAACTCTCGGGGGTTTTATCCTCTCTGGCTCATGCGACGCCGTTGTTATCGGTGTTGGGTTGCTCCACCGACTGACAGCGGATAGCTTCGTATATTTGGGTATAAACGGAATAGCCGGGCGGCAGATCACACTGAGAGCATCACTAGCGCCCACGTGGGGTACGCGCTAGCTGTGCCGTGGGGTAGTCCAAAGTCGACGTGGTTGGTGTCGCAAATTCGTGATGGAGAGTATGTGGCTAGCTCCGCTAGTGATAAGAGTCCCTCCCATCTTAGGAGGTGCTCTTCCTCGCTTGATAAAGCAACGAGTGGATCGTGTGTGCAGGGAACGGGGCCGGAGATGATTAGGAGTGGGGCGAGAGTTCACGTCAGGGAGGCCTGATTGACTCGCTACTGGTTTCTCCCCGTCCAACACGTTAAATGATGCAGGTGTACAGAGCCTTAACATGTGGTTTCCAATGTAAAGCTGTTTGCTGTGATCGCGAACGTGCTTGCCCGCTGTGGCTACAACCTGAATCGCATATGAACTGGCCCCTAGACGGCATTTCTTCGCGTGTAAGCTCCTTCCATCACTTCCAGCCGATTAACACTATCCGATTAAATCAGGAAGAATGAAGCGTCTGCACTAGTTTACTGAACATTAGACTCAATTGAATAAATTTAATTCTATAACGTGTCTAGCCAAAAGGCAAGCATGTCGGTTTCCCCCAAAAACGACCCAAGCCTTCATGCCATGGGCCCTATTAATTTTACAAATTCACACGATAATGAGACGGTACA,1057,49.48,Homo sapiens
SEQ_910100,CTCCGGAGCGGCGTGAATATTCATCCTTACAGCCCTCCTCGGCCGGAACCTGTGCCGAACGGTGTGCAGGTCTTACTAACTGCCCAGACGTTTAGTATCATGTTCTTTTCCCCTATTGGACTGTGCTACAGAAACAATTATAAATGGCCACGAGGCGAACTGCCACCGTACTACTCGAGTCGGTAGGGCGCCGGAAGCGCTTAGAAAGGACCTACCCGTACGCTCTTGCTCGCTCCGGTTCTGGTCTATCATATCAGTGTAAGAAACGAACGTTCAGAGCCGGTTCTGCCCTATGACAAGCACCTCGCATCAGAACCCCGCTCGTTCGTGTCTTGTCTAATTGCTTAGCCTCCTAGTAGCCTCACCCGTACAGCTATATGATCGAGGACCAGCTGTGCGGTAGTGGGACATCTTAAGCGCAGGAATTAACAAATGCATTAACCCTCGGCTACCCAGCGGTGTGTCTTACGGCCTAAGT,478,52.72,Saccharomyces cerevisiae
SEQ_484755,AGTGAATGCGTCCGATGCCTGGTTCAGGTTTTATTCCCGCCAGTATCGGCTGCAAGATCGACATAGGTACAGCTCTCCGATGTAGTCACTAAGCAGTGCCCAGGAATGTCCTTGGAGAACTCGTCGCGAGCCCAAGAGCCGGGCGGGTGCACTTCAAGCCCCGGAAATTTAAAGGTTTTTCTGCGGAAAGGTCACCCTTTCTTGTCGTGTGTGTCTACAATCCTAACCATTTAAAAATAAACATGCCCCCGAGCGGCACTACCCGTCGGAATTATCTAACATGTGCCAACCTCATCTTCCAACCGGACGCGGACAGACTGTTTGTAGACTCCAAGTCGCCGGATATGGTTCGTGAGGAATGTCACCGCTTCGAGCCATTCGCGTGCAGGCATTAAGGTATGGCTTATCTTATCAGGTATAAAATCTCCACGATTCGTGCCGCGTAAGCCTCAACTTGCGGCCCCGACTATAACCCTTCAAGCTGTATC,488,51.23,Mus musculus
SEQ_270597,TCTACAAGTACAATTCTTGAGTTACAGAGTGTCTATGTTACAACTTCAAAGAACTGCAGGCAGATTAGCTGTCCTTTTGTTCTCGCGGATCAGGCACCCGGTTTTCTATTACCTTTCGTGTTGACAAGCCACAACACAACACATCGCATTTCGATCGCTCATGTCGTATAAGACTTAACTCCAAGTAGGCTTTACAGAAGCGTGATGCTGTATTCGCCCGATACTGCCTGAGCCAGCTCAAAACCAGGGCGCCGAGTAGCCCGAACTCACCAAGACAACCTCCAGTCCGCACCCCTATTTGCCCAAGATTTTGCGAACATTCACCGTCCCACCCTGCTTCCATCTTGCTGGATACGTTTCCGTAGTATACGACGATCCACATCCCCACAGATGTGCTATCGTGCTACCCGCCTGCGTGACTCCGCGTTAAATAGTACCTGGATGGGCGGTAATGTTAATTCGTAGTGCCAGGTATATCCAAAAGTTCCCAAAGGTACGTCATTGGGCGGTGCTTTCAGCGCACCGAAGTTGATTGTCGACCCAGTAAACTCGCGCACAGGCCTAATTGGCAAATGCGGGCTCATCGACGACCGGATCTGAGTGGGATGCCAGCTCATCCGACGGGCGGTCTGAGCCTGACGGATGGTGGTAGGATGTGGGGGGGTAACAGCACCAGGCCATACTAGCCAAGCCCGCAATGGCGAGATACCAATATAGTCTCTGATCGTTCACGACTTCTAACCGGCGTAGAAGTCTTCTCTGGCCCTCCTCGGAGCTTTTAAGTATCCTGAATAGTGCCTTTGTTATCGAATCTTTAGCGGACTTCAAAACAAGATAGGTCTTGTTTATTAAGGAAGGCGTGTTGCTCTGCCTAGTTAAACGGCCTCTATCCATGCTTTATATACTGCACGTCATCTCGAAGGTAAAGTTCTGACGGCGGGAACACTATAGAGGTAATCGCCAGTCGCGAGCTTGCTCCGCCGTCGCCTGTACCGCTAGGTCTATCGTGGTTATAACAAGATGTCGGGGATTTCGTTACACAGGCTCAACGCGCTTGAAGAGTGACTAAAGAGACGCCAAAATAGCACCCGCGGCCATAAGGCGGTGTCTGCGGCGCCTGTTTTCTGAGACCTCCATCCTACCCTAGGTCTTAACCGGTCAGGCGCGAGCCGTAACGAATGTGGTCAGTAAGATTATTCACCAATGCCCTCCCTTCATTTGGTTGCGCGGGTTTTTCGATGGTGGCGGGCCGACCACTGTACCGGCAACGAATTGTCTACTGGGGTACACCCGCCGGGATATACTAGCATGGACCATGCGGAATTTAGGCATAAGGCCCATCCATCCCGATATAACGAGGAAACCTCGTGATGGCTATACTTTCAGTATAAAAACCCAGCCTCCGCATACAGTCCGGTGAACACATCGTTTCCGCTACTGTAGGTTATTCATCAGTGTTTACGATAAGCGGTTTTCGCCCACGACATGCCCCGGGCTTCTTTCTGTGTGGGAGCAGAAGAAGGGTTAAATCACGAGTACACAATCCACAGCAAGTAG,1557,50.93,Drosophila melanogaster
SEQ_357793,GCCCGCTCGGCGATATCCAGTGAAGCTCTGGCCGCCTCTCACTGCCCAAGAAGGATGACGCCCTTAGATGAGGGATTTGCTTTATGTGTAGTTCTTGTTCGTCCGTGACCAGCCCTGCCGGTATGGCGGCGGAGGTTAAATCCGCCAGAGGAATTCTGACCCATTCCTTTGACTGGGCCGAGCCAGGGCGACAGCGAATGACCCGCAGAATGCGGTAATTGGGGCCTTCCACGCTATACTAGAACGCGGTAACGGCGATAATGCGAACAGGACGTGACATCTGGAGGGCGGGCCGGTCATCAAGACCGAGAACAATGGCTTTGGGGTCTCCTGCAGTCCACAGAAGGCTGATGTGAACGCTGACAAGGGCCTTAACGGCGGCCAGGTCCTTTTAGGCTTAACTACCTGTTGCTTTCCGGTCACAGGTATAACCGCTAAGTTTCAACCCATTGTACATCGAAAACAGGATCCAATAACGACTAGCTGTTGTTAGCCTCTTCGACCGTGCGGAAATGGTATATGCTACAGATACTGATATCTGACGGATAGATTTGAGCCCTTGACATGCACGCGTACTCCAAATATACTGAGGATGTTGGTGGATATCAGCCATGTCCCTTAGGTCCGCCTTAAGTTCGCGGACAAGTTCGTCTGAGCTGTAAGCAGATAGGCTTTGCGGGAGTGACGGGACTTTTCATCAGGCGTTCAATTGCTCTTCGCGATATTTTTCCATCAGACGTGAACCAAGGCTATAGCGTAAATTGCTTATAGCTCGGAGTATACTCCCTCTGGATGCGGACGATTGGATAGAACACACCGTCCGTAACATAAATACCCAGGGCTGGGTTAGTTGACCACCCCGTCCGATCGCTCCGGAATCCTAATGGTCATTCAAAGAGGCGCCCTGCGGATAGTCCGAACTAATGATTTCAGTCACCTCTCGATCAGGGTGGGATCGTATTTCCGTCGAGACCTACTATGACACGACCAGCCATCCTGCTTCCACCTAGACTCACAGAATGCTCACTCCCCACACCCGTCATCCATGGGCATGGTCTACACCTCCTGTTTGTGACATCAAAACCAGGCTACACGTAGGGTATCAGTACACGACGCCAGGTCCGACGAATGTCGCGTGTGGGGAATAAGGGTATGCGCTCCGCCGCGCCGCTTAACCATCGCTGGTTTGCAGCTGTATATTATAGTGCGCCTGTACAGACGTCTATGGATGAATTGTTAATTCCATCGATTTGACCTGAGCCTTAGGGCACCGATAGAGCCTGAGGCCGCTTTTGACCGCTC,1302,52.46,Saccharomyces cerevisiae
SEQ_545852,TCTTCCATATGCGCAGCTCAGATTCTTATTCAGAGTAACCGTTCACTCAAACCGGTTTTATCACTTGTAACACGGTGGCATCGGTTAACTTCCTCCGAAAGTCTCACGCATTGGCGACGTAACGACGATTTGGAGCTGGTCACCGGCTGTTAGCTAACTCATTACACTTAGGGCACGTAGGTAACGTCAAAACCTCTGGCGGATCTAATGAGACGCTTCGACTCCCTTCGCCTATTAAACAGGTCTTTGCCTACGTAGAGGTATGGTGCTAGCACTCGTGAGGCGTTTGGCCGGCGCACCCACCCGTTTCCGGCTCAATCGGTGGAAGCGTACCCAGCGGGGTG,344,52.33,Arabidopsis thaliana
SEQ_940511,GTGAGCAGCTGGGTAACAGTCAGACCCTGTTGGCCAAAACCGATGTCTCTGAACTTTTGATATCAATTGTATCACCCCCTACTAGCTGCGTGGGACGGGCTGATAAATTTAGTGTTGAGATACGGTGCTGTGGACTCTAGTGGCGCGATGTCTTCTCTTAAGTATAGCGACGGTATGTGGCGGTTCTATTGTAAGGTACACCGTGTGCTATCCACACAGAGAACCAAGTGCGACAGCCGGTCGTTATTGCCTTTGCAAGACATATGGTTTGCGCGCAAAGTGTAGCACTTATATGATTCTCTCTTCGAGGTTGTCCGTAAGCGTGTGCTTAATATGTGGGGTCCTTATTTACAGCCATTTTCCACACGTTCAGCCTCACGCACGATTAACACGTTCTCTGGGACACCTCATACTTCAGGTCCGTCTAACGGAGCCAATTGACCATTCGGTAGCACACACAGGCCCGTTTCAGGCCGGACCGGCGTAATACGAAAGCCCGTGTCTGCACGTGAGCTGGTACCAACTTTTGGAAGGAGAGTGGAGGTAGGATTGGCTTTTTGTAAGATGTTCACGTCAAGTGCTCATTCGGGGTTCCGAGTCAGACACCGATGAATGGTTTGTGTGTGAACTTTTCCGTTCCGGTACGCTTATGGGTGCACAGGTGAAACAGCAGGACGACAACGCAGAGCGGCAGGCTATATTGAAGAAAACACAACTGATCGACTAGCCAATTTATATGGGAGTATCGCTGGACACCCGTTGCTGCGTCATTGACACCGAAGAGCAACTAATCCACAATCTATGATACTAATGCCGAGTACTTGCATCTTGTATACGACACCCTCGAAGCCGCGCCAATCAGGTTAGCCATAACTTAGTCGCAATGTGACGGGCACCTAAGACTAAGCGTAGCCCCCAGTCACGTTTGAGGTCTGATAGGGCAGTATGCCTGCGAGGGCATGGGGATCACAGACAAGGCCTTCTTAAGGGATGTGTTTGACACACTTATGAGTGAGTCCTAACCCCTACAAGATTGACCCGTCCTGTGAAGCTCGGACCATAGTACGCCAGCTTAATCCCACAGATGAATCCCATGGTGTGCTGGGGCCGTCAGACATGAGGTTCTGGTACTGGCAGCTACATATTGGGAAGACTCACACCTCTCGCATATAACTCCAGCTTTGTCATGACCCCGTGCACCGGTTATACATCGGTGGATAAGAAAAACAGGCATGCACATGCACTCAAGACCTTTGAAGCACAACTCGGCCTTCACTTAAATCTCGCTGACTTAACTCGTAGAACTTGGAGCGAATTTAATATCTGAACTGCCACAATGGGCCCTTGCTTAGTTTAGCTTTTTATCAGGATGGCCAATGCCAAGCTGTATGCTCAACAAGGAAGGCATAGAAGGAAACGGGGCGATATGCGCACGGTTTGCGAGCAGACAACTTGTCTCAATCGGCATGGCATAGGCTAGGGCGGTCTACGACTACCGTCGGGTGCGATCCCCTATTCAGGAGCCAACTGCGGTAGCGAATCTCGAAGAGTCAAGAACTCTCCGGCTTCTCTTAGGGGAGAATGCTAACATCTTATATCCGAGGGGGCGGACAAGTGAATCATGAACCCTTCGAGAGGACATTTTACCGAATGCAATTTTCCAAATACGCAAGTCGAAACTGTGGTGCACTATGTATGGCCGTCGAAGCATAACTCTAATTAGACAGCTTGTCCACCTCCCGAGGAGAGCTGTCCTGGGCAACTGCTCATAGCGTATCACGGGTCGGTCAGCCAAT,1796,49.89,Mus musculus
SEQ_364351,CATCCCCAGCCATGTGCCGATGTCAATATTGACCAATATTGGATCTGACATGGACAAATTTTAGAGCCGGTATAGATACGGAGGGTAGGGAATTCACCTCCTCTAAAATCCAAGCCGATCCGCTTCGATCTGATTAACGTGACCCTATTGGTAATTGTTAGCTGCACCGGATCTTGGGCAGTATCCGTTCCTAATTAAGTAGGAGACAGCAATACACCGACAGCCCAGCTAGAGCAGCGATGGGTCTTCGATTCGTGCTGTCAGATAAAGTGCTCCATAGTGGTGAGTTGTCTGAGCAATCAGAAGCGACTATTCACACAAGAAGTTCCTCCCGCAACAGTTCGTGCTAAACCCCGATCACTAAGCCATGTAGATGGTGCTCGTCGAGATATCGCGGCTTAATCTGTAACAAAAGAGGATTATGGCAGCTACTCGGTGTGGGGATCCGCTGCGTTTGGTCAAACCAATACTGGATAATTCAAGCATGATGCACTTTACGCAATCATGCCGTGGTTGAGGTAGGGGGTCATGTGTCCAGATCAGTCGCGAAAATGGAGGTTCCACAAGACAACCCTTTTATAGTAGACCCGTGCGGGGTGGTGTGCCTTCTGTGATCCGGGTGTAAGCAATGGGTGCGTTTCATCGGTGGATAAGCCTCACGCCACTCTAGCTAACGGCCCGATCCATGAGAAAAACCTGTCGGGCCGGGTCAGGCTCCGATGTCGCCGCGATAACATTGGCTCGCATATCTCCTATCCGGAATTACGCCGTCACGCTTCATTGAGAGAGTGCACCCGGGGAGCTATTCTACTTGACCGATTGTATCCCCGGCGGCCTTACTAGTTTCACCAGAGGAATTTATAATTGAGAACTGCATCGTTATGACTCCACGGTGACCCGGACACCACCCCCCAACTGACCGAACTCAACACACCATCCACGTACTTACAGGGCTGGGTGACACCTGGACCGGCGGTCCGCGGTTATTGAAGAGGAGTGTGCGTAGCCTCCCAGAAGTGAAGGACATCCTATGAA,1035,51.11,Mus musculus
SEQ_943422,TGAGTGCGTATCCTCATCTACGGCTGGATCTCCGTAAAAATAGAGAAGCGGAGGTTGTATTCGAGACCTTTGGCATCAATAGCCGCCGGTTTAAGTCTATGCATACCTCCTTTGTACGTATAAGTTATGAGCGAACGCCCATAGGTACTATTCTCAATACACTGTCCTTTTATTACATTATCTAGTTCTCATAGCGGGTCGAAATGTGGATTTGATTGTGAAGTGTGGCGAGGGAAGGCCAAAGATGGGCGTATCTTGACGATATTGAGGAGAAGGGCGGCTGCGACGATGGCATCCATTAGAATTAACCGAGAGACGGGCAGCTACCAAACTACTCGGATTCAGCTATAACAGTACGACCAACCTTCTGGCGAATACACGGGGGTTCCAGGGTCTGACGCGGTGTCACGTTGTGCGGATCGATCTTGGGCAAACCTGCGCTTGGCAATGGATTTGTACAAACGGACCTATGTACGGTGGAAATATGGAACATGTTTGCCGAACTCAGACCGCACGACGTCGAACGACAAAGTGGACCTATTGACAGAACGTCCGGCGTCCTAGACCATATATCGCATTCGTCAAGTACACAACCTTGCGTTTACCGGATCGTAGTGCTCGACCCAACTGATAGAACGTACCATAGTCTTCGCCTAACTGTTCACGCCTCTTGCCTCATTGGACAACTCAGTCCATTTGCCAGGCATCACTTCTCCGATCAGCGGCTAGCTATCCACTGCGCCCTCCGGAACCATAGCGCCGACGGAATGATGAAGGCTACGTATCTTGGTGCGAAACGGGGCACCAATTGCAATTCTGGGATTGTCCTGACGACCTTAAGATGGTTCCTGGCTCACCCCGTAATACGGGGTTTAGCTATCGCGGTTTGGCCCAGGACCCGCTAACGACATGTATCGACCGCTGGCGTCCCTGATAAGACAGACTAACTGGTGCTACGCGCATTGGCTAAGTAGTAGGGTGTACAGTCTAGTTCTACCAGCCCCAAGGGTCTAACTCGTTACAGGGCGCAAAGAAGATGCTTTATTAAGTCATGCCGCGGTTCAAGGTGGCTTGAGAGCTAACGAATATTAAATGGCCCAGAGGCTGATTCCCTCGCCGAACGCCGGGACCTGGCTGTGGTGTCACTATGAAGGAGCCAGTTGTTTTCACCGG,1173,50.9,Drosophila melanogaster
SEQ_456031,GACCAGAACTGTCATGTTTAAGGCACGAACGGACGGATTTCACCCTCGCACAAAACACGGTAGAGGAGAGAGCGCGAACGGGCCTCAATTTCTCGTGGTCGGAGTATGTGGAGCTAGATTGGCCGGTAGAGGGAGGACCAACTGACAAGTTGATAGTTGGGGGACTGTGCCCGTTTATTCACTTTGATTGGAGTCGGGCCGCCGTAGTAAAAATAACTGACTACGCTGCAGGAAACACTCAGATGTCACACTGGTTGTTCGCAAGCGACGACGGTATGACATGTATACGCGTTATAATATGTCAACTGACACAGCATAGTTGGCAGGCACTCCATACATCACTCCCTGACAGCCTGTATTTCACGAACGATTAACTATAGTAAAACCCAGTTGTTACTATTAACAAATACCATCTTTCATAACCCATACCTAGGGAGCTCCTTTGAAACAGCGAAGAGAACGCTCCCAGCCCGGCTGATTCGTATGTGTGGAAGCTACTCCACAATCCAGGCGATGGGGCGAGTCAGAAGACAGAGTGTCGACCCCTGCTGCCGGTTTAGTTTTAGAATGCGAAGAGATTCACACGGAGGGGGACGGTACACCAATAGCGTCGTCCTTGATTGCTGACTCGACATAACGCAGTGTAGTACCCTCTGGGCCGTCAAGGTTGACAGAACGGTGTACGCCGTACTTGATTAGATCTACTCGCGGAATCCTGCCCGTTCCCGGACCATTTCTCGATGGCACGTCGGTGGCCGCCATATAGTTGCGACGTTTATTAGTTCTATACTCACATCCATACTGTTCCTGGGCTACACAGGCAGTGGAAAGCTTCGATAGTATCGTATATCCGTGCTAGATATGGCCAAAGTAACTGATAGTGTGTTAAAACCCATTACGCGATTGACACTCGGATTAACAAGTCCCGGTATTAGTCGCATGATGACGTCATACGTGTCTGATGCCGAAGCTACTACATTGCCATCTATTCGCGTCATGTCCTCCTGTCTTGGGGCAACATGTCGCATAAGCTCGGGGGATCGTCCCAAGAGATCGGACATATACCCGGTCAAGAGTTTTAGTCCCAGGATTTCACGGGAGCGAGTACCAGTTAGGGGCCACTCCCAGGGAGGAATCTCCGTCAGCCAT,1149,50.13,Drosophila melanogaster
SEQ_282840,CCATCCGGCAGCGATAAGACTTCACCAAGCCGCTACAGCTTGATGTATAATAGACAAAATAACGTGACCATCCCCTGCTTTAAAGATGCAGCCCTGCGATAGGGCCCGCATAGGATCGCTGCGCTATTGCTATATTAGTAAGGAGCCGCCGCAGCTCGAATCTTAATCAGCACACATGTGCAAGTCCGAGTGTCACTGCCGGCTAGGGTATACCTACTAACGTTGACATGATCTAAACATCTTACTATTGTTGCCAATCATCATCCTTGCTCCAGGGTGTACTGATTAGGTTGTTGACTCCCAGCATAACAGGGTATTTCCCAACGCAATTCGAACGAAACCCTGCTGTACATGGCGATCTTAACACCACCCTCAGGCACCACCGTCCCTCGCCGTCATTATAGGGCCGCAAAAATTAGAATTCTTCAACAGGACAGTTTAGCACGAACCGGGGCATCAGTTACACTACTGCCTGTACTAGAGCCTATCGCGCTGTCGGGTTGCATGCGTAGAGTCGATTGGACAGGGACTCTCTCGTCGATGATAGTTACACAGCCCGATTGAGTCTATAATCGGCTAGATCTAAGTAACAAAACTTTTGTGGGCGGAAAGTTTGCGTACAATGGCAAGAAATACACTCGTTAGCCATGGGCGCAGGGCGGGCACTCCTAACGTTGTGGCGAAACTCGACTTTGTACGTGAATTACAAAGGCTGACGTGGCGAGGGGTCCTCGGGGATCGGAAGTTTTAGAACAATTACTTTTGCACCCTCGGTATTCCCTCATACATAAGAATCGTCAGCGTTCTAAGACGGCTATCCCCTTTGCTAAAGTTCCGCAGGAAAGGCGTGATCGGTGGAAACCGAATTATGTTCCGCGATATGTTGCGACCATCTAAATTTTCCTCTCTATTGAGCGGCAGTACCAGGTAAACGCGTGGACCGAAACTAGCACCCAGCGCGACGCATTTGTATCAGAACTACATGCTCAATTAGTGAGGAGCCCAGTCGAGTCATGAGCCGACGACGATCAGTCCATTGGCTTCATCGAAACTACCCACTGAATGCTGGAGGAATAAGCGAGTTCACAGCAGTGCGGGAAAGCAATCGCAGTCGCGATACGGGCTACTTGCTGAGTCCCGTAAAGGGTGCTCCCTATTTATCCGCTTGATTTACCTTAATGGCACAATACTCCGGCTTGTCGCTTCGTTCCAGTGGAGTTGAGCAAGCATTATTACTCCCGCAACGAGAATCAGATTCTAACGAGAAGTTCTACTCAGAAACAGATCCTCCATATCTACCTCAAGTGCAGTTTTGTTAACACCAGGCTGCTGATATGAGCACTTATTGCTTACCGTACACAGGAGATGACTCCGGGGCCGGATTGGAGTTGCTGTGCGCTTATCGCCCCGGTTCCACCGTAGACTACGTACGCAAGGAGCTCCTTCTCCTGAACCTATTCTGCTGCAATAGCTTTAGGCGACCACCTTCCACCGACCTGCTCGTCTGTGCTGATACAATTTAGCGGCGGCCACCTATGATGCCTGTTGGGAGAACTCCCTCCATGCGTACGAAGTGCCCACGCGGGGACCATGCCGCCTGAGCGGTAATCGTCGAAGTATCGCCTGTTCTTATCAGTCTTCACGATGG,1648,50.3,Escherichia coli
SEQ_157313,TTGTTTGTCACGGGAGCTAATTTGGAAGGCCTGACTATACCCGAGAGGACCTTGTTTAGATTAGCTCACTTGCGATCTGCAGTCATAACGGTACAATGCTTCCGATTACGACTCCTTCCACCTAAAAGACCACGTGTTACCCAGGTCATCGGCGTCTCCCGGCACCGAGCAAACAATTGTCTTGCACGCGATTGTTCGGCGTGCACCCGCCACCCTAATACTTACAAGCAGAAGACTTTATCGGGCGCGTCCTTGTTCGTGGCCTTGTCAGTTGTCCTCGTTTATAAGCGGTTCAACATTGCTTATGAGTTTCATACTCGAGTTACAATGGACCGGCTGACTGTGGGGGCACCAAGACACTGGTTTAGCCGTCCATCATTATCAATGGGTTACACCCCGGACATGGTGGCCTTTAGGGTCACAGATGCCCATGGTTTTCTCATTAGTCTCATCATGGCGTTGCCTGCAGGTGGGCCCGCATTCCCACGAATGTGTTCAATTGAAATGGTTTTTCAACTATTTCCACATCTCTAGTTACCCACCAGACAAACTAATCCCTTCTTTGCGTCAGGCTGACGGTGGTGCGTTGTAACCAGGGACTTGAGTCCAGAATTAGATACAGATCTTGACAGGAAGCATTGCCGGCTTACGCATACTGCGCGGACACCGCAAACAGATAGCCAAGATGCTTGGAGGAAGGATTCGACGAGTGTAAGGGTTGAATATTATGTGATGCCCTTGGAGACAACTTGGAATCCTGCATATAGGCATACGGGCTTACCGTAGCCGGGCAGCTCTTCTAAGCCTGTGCGCCAATACCACAAATTAAAACCAAGCCGGCCGTCCAGAGGATATAGCCGGAAATGTGGGGTGTTCCGTGACATCGTCTGTAACGGCTGACAATTTTGTGACAGATTCAAAGATGGGCCATGCTCGAAGATGACTACATGTCTTTTGATGGCGGGACCACTACTCCCACCTTCATTCCCTCGGCCTGTGAGGCGCACATACAGTGAAAGTGCCCCGAGATATCACCGAGAACACGTGATTTCGCTACGACCGTGTCGGAGCTAAATCCATTATGTACGCGTATAGCAATCTTCAAACAAAAATTGTGCTTCCTCTTGCGACGGTTTGTCTTATTATGCGCGTCAAGTTGCCGTGCCGGTATGGTACACCCGATTGCTGCCACTCTTTACGGTCTGCGCGTACCTCTCAGTCCCTAGGCGGATTTGTTATCTTTGCTAGATAGCTGTGTAGTGTAACATCATGCTTCATTTCTGTATCGAGGCGGACCCTGTAAATACTAACATGAATGTCTCCCTTGAGTGTTCCACGTAGCCTGTTGAGAACGGCGCAATGGTCAACCACGGTTAGGCGATTAAAGAGTCCGAGGACTGGGTCAGGTTGTGCCGCGTCCTCTGCGACTATGGGATAGTCAGATATCCCAAGGGATAGGCGCGCGCTTAATCTTTTCCAAAAGCATACCTTCCGAATGGTTGATAAGTCGCCGTAGCATTCAGCATGGATCCTAGTACCACCAGATGAAACTAACCCGAAAAAAGAGGTACTACTGCCCAGGGAAGGTCACACGCCCTTGCTAAGGCTCAGTCCAGCACATGCGCCTGGTATCGGCTCAATTTTCAATGTCGGATGGCGCCC,1662,50.06,Escherichia coli
SEQ_429725,ATGCGTCTGCAGTGTTTTGACAATGCGCGAAGCTTGTGACAACAAGCCCGGGCGATAAGATGCATTGCTATGGCGTAGTGGTTGGTACACCGGAGATCTCTATATAGGTTGGGCGTGTGCAACGCGCCCCTTCGACATAGAGGAATAGTAGCCGACGTTGAGCGGCTTCTTTAAATCCTGCAACGTTCTGGTTGGAATGTACTTGCAGGCGACGCTGCCTGAATCAACTCAGTCCTATGTTTGATGTGTTGTTACCGCGTTGGAAATGACTAAAGATCAGCGGACAGTGAAAGCGGCTCGTAAGCGGTGGAGGGGTGGCGTTTATACCTAATATAAGGTTGGAGGAGGAACTGAGGTCCAGCGTGCGACGGCGCGATTGTACAAATTTGGGAACCGGATCCACCAGCGTGAAGACGATAGGTGTCCAGGGATCGTGTGACCACATTGTCCGTTCACTCGACGTCGGGTGCACTTGTGAGCAAAGCACGACGACCTAACTTGGTTCGCGGATGTCCAGAGCATTGTTCTACTGTAGCTGCTCAGACAGTCATGTCGCTAGCGGGGAGTGATTTAGCCAGGCGTTTATACTCGCCGTACGGCAGAAGACTGTTAGACCGTGTGGAGGTTCGGACACGGACAGCATGCTGTGAACCCGATCCCCTCCAAACAACACAATATTGAGCAAGGTCATTGAGACCACTCGCCCTATTAACGAGAAGTGGGGATAATTAACCAGGTAGGTCACTTTCGACCTGAATTTCGAGGCAAGGTTTCGATCCAGAGATTCCCGCGAAAATCCCTCAAACAAGATTACCGTATGCATGATATTATATAACGTATCTATAGCCATGAAGAGCTGAAACTGAGGACTAGAGCGCACTACATAGGGCAACCTCTCGATTGTCGGCGAGTGGATGTCAATCAACCCACTTATATTAACAACTTGGGATGCGACCTGACGCAGTATCAGATTGTTGTCCCACGTGCTGTGAATAACCAAAGTCGGCTGGACGGAACACTTGCGGTTTTCTCACATCTGTCTGGATACCTTTTCGAGATGAACCAACCGAATGGCATCGTTCGATGCGTGCGGGGACAGATCGAGTCGGACATTTAGCCCTAGCTAGCCCTATGTGGGCCTACGGGCCAAGATGCTATTATGGCATATCGGACTTCTTTCCCCTTGGTAGTGTTCTACGCGGTCGGTAGCGAACACTGCGAACAAACGACACTCGTTTTTTGCAGGATAATTTACCTACGCCATGAGCGGGTTGCTGGGTTCAGAATGTGGTACTTCCCACGAGTGATATTTCTTAGACCTTCTTTCTGTACTCCAACTACATTGCACTACTCCGTTATAACTGGGAGCCAGCCTAGACACTGAACAATTGTGGTTAGGATGTAAAGTGCAACCGCCAGCGTGGTGTGATTGGGGCCGCGCAAATGTTGCGTATGCCTGAAGATTCGGTAAGTAAGGGGCAATCTCGATGTCAATCGC,1498,50.13,Caenorhabditis elegans
SEQ_454853,TGCCAGATAACTGGGAGGGCAGTTGAGCGGCCGTACGATAGAGCATGGGATCGAGAACCG,60,58.33,Mus musculus
SEQ_246036,ATCCATGTCCCTTACAGGACTCACTACATGCGTACGGTGAGGGACGGATTTTCCTATAGGGACAGAGCTTCGGCATTCTGTCAGATGACATTTCGTTTGGCATAACTAACAGGAACAATGCATATACCGTTTAGAAGATTTACTCTTTAATAGAATATGGTGGAACAGGCCAACTAGCACGACTGGGATCCAGGTAGCAGGCTTCTCCTGTGGTTCCAAGCTCCAGGGTGTGTGAGTGTTCTTGCACTACACTCTTTTCTTTTACTATGAATAGGGTCATTGCCTGCTGTACCCGTGTTTAAGCATCAGCAGTTCTAGACAAAGAAAGCCGGTGGTAGGATGCGATGTCAGTGTATACCGAATTGCCACCGGATTTGTTGTCATCCCTGCGCTCCCAGCCGCTGTTTTCACCTACCGAGCGATTCGCGGGAGATTGGCCTTAATAGAAAAACGACCATATCCATAACCACGAATCTCCCACTACTACTTATAACCAGTCTTCTATTCTGGTAGGCCCACAGGGAGATTCGTGGAAGGCAAATTCCACCGATCC,553,47.38,Homo sapiens
SEQ_120394,TCGCAGGGGCCCGTGCAGACGCCTTAGATACTATTACATGTTGTTTAGGTTACTCGGCATCGAATGGACCCAACATAGACACCGTTTCCATTGCCCAGTGTTGGGAATAGACATGCAGTTGACAAGCTACTGGTCGAGCGCTTCACGCGGTTATGTCTCTGATTAGCTATCCGCGCGCCGTCTGCTCCTGATGAAATTTCACAGACTTATTTATTTCCACTGAGGTTTTTGAGATCGATCATAGGGAACTATGCAAGGTGTTTCGGTCAGTAGTGCGTAAGCGTCGCGCGCTAGGCTCCCTTAAACAATTATGTGAGCGGATGCGAGTACCCTTGCACCCTCGTGCCCAGACGCAAGTGAACGGAAGCTAAACGGTGGCGTTCATCTGAAAACTTAAACTCTAAGCGCCTGCCGTTGTCGGGGACACCGTAGCGCTCTACCTTACGAGCGTCTCGACAACGGGCTCTAGCACAAACTCTAGTAGCGCCTAGACGTAACAGGTCGTCATAAGTACTCGATAACTGTTGACAGTCTGCGAGCAATCGTCGCGGGGCGTGTAAGCTCCGTTACCCCATGGCGGAGAGTGAATCCCCCTCGGAGTCGACTTCATGATGCAGTCTCCCTGTGGATGTTGACGAACTGTCCGACTCCAGGCGTGATCAACGATAATGAAGCTACTCAGAAGTGGACGCGTGCCTATATAGTTGAAGTTCATCCGCAGCGAAAGTAGACTCCCAAGGTCAGATGTTCTATTAACACGGTGGGGTTCTTCGGTCCTCTGAGTATTTCATGGGTTCGTAGTGCTTTTGTAAAAGGGTTATGTAACCAGGGGGTGCTTTTATACCATACACAAGTTGTCCAACGTCCTCGGTCGAGAAGCGGAAACATAGAGCTGGGTTCGCGATCTACTTGGCCCTTTCCCAACCCGTGGCCCAGAGTGGAGGTCGGTCTAGACGAGTACTACTTCCAATACTTCTTGAGGCGATGGGTATAGCAAGTAATCCATAAAGGTTGATTCTATCGAAAACACACGAGGTGTCCTGGAACCACACTTGCACGCGCCGGGGGAATGC,1073,51.07,Mus musculus
SEQ_494109,ACGACCCGCTGAGTAGGTGGGGAGTAAGGGGGTATAAAACCCCTTTTGTGGGTTATTACGGTCCGATGCCTACTGCTAGTACTAGCTTTCCAGACAGTTGGATTTTTCGAGACGCAGCGGCTTGCTTCGAAGCCTACTTAGTTGTTGCTCGTCTTAAATCTTTCCATCATCGCAATCTACAAGCTGCTCCCGCTTGGATCAAGTTCTATTGTGGGCACATCCGCGCCCAGTCCTTCCGTTGTGAGTTTCCGACATGACGAATCGCCCATGGAGGATGTTTTACCGCGACAGGACAGACGAATCGAGTATCCTCTCAACAGGCACACCTTAGCGGTAGTTTAAACAGGGATTTCCAGCTTGTCGCCACGGCTATACTCTGGTTTCTGTCGATCGAACTTTTATTGTTTGGAACCACTAACAACTATTAGCATATAGAGCTCTAGCGATGCAAACCTGTAGATGAAGATCACGGCAACGATTCGTCAGTGATGACTCGCGGCTTTTCCGAGATTGAGTTGTCTTACGAACAAGTAGTACTCTGGTTAAGGATACATTCTCAATAAGTCTCCCGCTTAAGAATCGGCTCCTATAGCTCAACCTGCAAATAAGGACAAGCGAGCTAGAAGAGGCCCCGCCACCGGCTGTTTTTGAACCTGGTTATGCTTACTCCCTCTGAGGGACCTCACCCTTGGGCACAGATCATGGGACCCAATGGAGCCGAATCTGAATGAG,732,48.91,Homo sapiens
SEQ_722467,GTTACGTGGAACCCTGATTTGTGCTTATCCACGGGTCTAATGGGCGACAATTGATACCAGTCACGCCTAGAGCTAATTGGCCATCACGGATTGGGGGCCGGGCGCAATCCATGAAGGTACTAGCGTGCTTGCACGAAAGTCGCGCATTGTTTACTGGCGTCCTCCGGGCTGCAAGTGTTATTACTGAGACACCAAGCCGGCCCCTTGACGGATCTTGCTTTGCGTTGTGATCAGAAAACAAAAATACTCATGGGGTCGTTGAATATTCATGAAAACCTGAAGGGAATACGACTGGCAATGTAGCATTACAGCTTAGCCGAACTCACCCCCAATCTGAATACCCGGTGAGGCTCTCGTGCCAGGCCGTTGCTAAACACATAGCCGTCAGAGCAATCGCTTGTCATGGTCTTACTAATAGGAGGTAGGCTCGTGTTTCTGTATCGAAGCGCTCCACGGTAAGATCTGGGAATAACTGGTCGGACGCATACACATGTGCAAGCTCTAAATGCCCCGCGTTGACGACCTCCTCAAGATATCGGTCCGGGCACGGCTCACGGGTATGACCCGCGAATGTTATGCCCGTGGGTATGTCTCAAAAATATCCTCCCCTAGACTGACTTGACGGTAGGAACCCAGTAGCAATATTACTTCTCTACTTAAACGGAGCAGAGACCTCGAACCACGTGAGGTGACCGTGGAAAGGAGCTCATGTTTGGTCTTAATACACGTCCATAGAGCCCCTGTTACCACATTCATAAGAGTTCACTACACTATATTCAGGCAAGCTTTCAGTATGAGGGGAACCATCAAGGAGTCGCTACAGGACGCGGGTCATGTAGCTTGAAGCCGACCAAGAAACGTTTGCCGTTGCCTGACTACCAAAATTCTTTCAATTAAACACGTCTACACGGATGCGCATCATTGGCGCTACTTTGGTTCAGTTGAACAGAACCAAGTTATAAAACACAGCACATGGTATCGATATCGGTGGACAGGCTGTACCCGCGAGCTCAAAGCCGTCAAAGCAAAAAGCGGTTTAAGTACGCTAGTTCCAATCTGACCTGGGTTTTGTAACTGTATCCCTATGGTAAGTATGGCCTTAGCGAC,1107,49.41,Arabidopsis thaliana
SEQ_452185,AGTAGGAACGCCACTTGGGACGGCGCCGCGGTGCTGTCCTCTGAGCTGGCAATGTCATAAGATGATAGCTGTATCTTCGACCAAATTGGTATCGAGGTACAAAGAGAACGAACCAACTTACAGGGCCTTGCGCAGGAGCCACGCTCCTCAGACGCAGTTCGGCCCCACTCATTAAGTGACTCCAACAATGACATGAGGTATTTCTTACTCGCTACGGGACACTGTACGGTATGATATATTCACAGCCGACAATACCGTTGGAACGACTGGAAAGTCGGTCGTGTAAGGAGGTGTGGAGGGAGACATCCAAAGCGGTTCGGCATAGAGACAGTCTTAGCATGATGCCGATTATGATTCTTCCTACCGTGGCAGCATAGCCGTTGAGTTGCTCCCGGGCCCAACCATAGCTCTTGTTGTTTTGTAACTGATCGTTACATCTCATTGCGCCTGCCCACGCAACATCTCGCGCGGATGTACTCACCTGTTCTCCCTTAGTGTGGCACGTTTCAACGCACTTCTCACTCATCTCTCGCACCTGATAATTCACCCTGAGGATGTTTTCATTAATTTATAGAGTTCGAGTTCAATTCCACCCGAGCATCCGCTAACTTAGTTCTAACTGGGGTAATGAGGGCTTACCGGGACGACTCAGTCTGCTTTCAGAGGGATAAGATACTGAGTTCGTTTGCAAACGGCAGAGGCGGATAATATTTCTAGACGGCGGATGTAGTTAATCCCTCAGTGGTCATATCTGTATTTGCGACCGCGTTCTGGAGTGAGTGGTGCAGTAGTATTCCCCTGGACACAAGAAACGGGGTGCGGGGAAAATGTAAGGCTCAGATCCACACGGAGATCATAGGTTTCATTTATATTTTGCTCGCATAGACGCGGCGGAATTTCGGACGACGCTGCGCTACGTGGGGGCCCATGCTCGTGAATAACATGTTGCGCCTGTATGGTGTACCCGTCCAAGCCATTCCACAGCCTCAGAGTAGGCTTAAGGCGTATGTTTCGGGACCCCAGTCTCCCCCATCACGAAGTCCTTTGCCACGCCTTAGACATACCCGTTAACACTAGATGGTCCCGACGATCGGGATTGACAGAGGCGTCGACATGGACCGGGGAAGATGCGTGACACGTTTACGTAATGACGTACGACGTTGCGGGTTGGTATCCTATCTCGG,1184,51.27,Saccharomyces cerevisiae
SEQ_599780,ATTTCGGGGTGGTTATTATAGCTAGCGTACTGTACGGCCGCGTTGGCTTGGCTTTGCGGTTTATTCACACTCTGGGGCAGACAGTCCTCACGCGTGACCAGCACCTTCCGCCCTCGTAAGGGATGTTCAACAGTTTAGTCGAAGTATGACGTTACGTTCCGAGATCGGGGCCTCCCGCCCCGCCGAATTCCCAGCTGACCCACGACTCAGGCAAGCAGCAGGTCTCTAAAATTGTATCGTCGGGTTGGATTGCCTGCAAACTCCCATCTTCGAACTATTTGAATTCAGTCAAAATGCACCCAATGGAATAAGCCGCAGGAACCGCTTTGTAATGTTAACTCTCGATCGATCTGCGCAAATGTGTCCGTGCGTGCCGAGTGGTCTTCCCCCCGTAACTCCATGGACGAAATTATTTAGAAAGGCTATCGGATTCATCGTTATGAGGGCGACTGGGAGACGATCTGGTAACTAGCTAGTAAAGCGCTTGGGTCGGTCCACAAGTATACGTTTCTAATGGATGTCTATGCCATGACGTTCCAGGCGGTTTCGACTTGGGTTAAGCCTTATAGGATCCCGTGTTTCCTGCTGGGTGCAATCTAGCAATTCACGATCACTGTCCTTTTACGCGCCTACCGAACACCAGACCAAATCGTCGTACTCACTGATCACGCTTCGATACCCAGCGTTCTTGTTGTTATGCCTGTTTCATCGATAGCTCACCGTGCTACAAGATTATCCACAAATCCGAGATTCGCTAGTAGTTAGCCGTCAATTCGTCTAGTCCTCTACGCCACTGTCAACCGATGGGTTTTTGGATGGAGCAAGGCGGTGATTCAGCCGTGGGTGGTGCTCAACGGTCCTCGCAGAGTACTGGGAGTAGAAGGGGTTTCGTAGTGGATGGCCCTAAGGGCGAGGTCTGAACCTGTGGTGGTTTTGACAGATTTCTTAAACAGCTTTGTGCAACTTGAAACTTGCGCAATGCTTCTCTTGTGGGTTTTTAGAAATTCACCACAATATGACCGGCCCCATGAGCGTTGGATGAAGAGCATATTTATGTGAATTTGGACCCGAAGGCGGCATGAGGTCTTGCAATGCGACTTTTTCGTATTGCTCGACCACAAAAGGCGAATTAACGGGCCAGACTACCATTGCAACCACGACTTCCATAATATAGAAAACCTTCGCGGCTCGTACATCCTCGCTCCGAAAACCGCTCTCTCATGCCTACTAGAGTTAGTGCGCTAGGGAATGAAAAACAACGGAGATGTTGTTCCTGATTAGGAGATCCTGGGTGCAAATGTGGAACACCGAGCGTCCGGCTGATTGCTAGCTCTATTGTATGGATCCTTCTCCGGGCTTTGGTATACTAGTCGCGCACACTGCATGGATGGAGATAACGACACGTTGTGTTCTGGCCGAGAAGGCACTCAACCTTTGTAACACTGCTATAGCTTAGATAACCATTTACGCTGTGACTAAGCTCAACCACGGAGGCAGGGGTATGTCTTATGGATCTTTAAGTACGTGCTAACACTGATTGAAGGTCGAGCACCGCATATAAGAATTGTAATCAAGTCCAGGAGCCTTGGTGTAGAGGGCTCGCAAGAGATAGTATGCCAGATCGA,1625,49.48,Drosophila melanogaster
SEQ_299701,TGCATTCCCAACCTAAATCTAGAGCCAGGATGCATGGGGATAGAAAGGGTACCAGCCGAAGTGCCTGCCGCCATTCCGGGGTCAGCGGGACTGTTACTGGGGTTTTGTGATCAGTTAGTGCGATCCCCACCCGTCGCTGGGGCTATGCGCCGAAACAGCTCAGTCAAAATACCAGATTCGTGCCAACTCAGTAGTTCTTAGATGGGATGGTGATTTCCTTTCGGCCGAGAGTAGCCTACATACTAGTTCACCGATGACTTCCGTGTATGTTAGCCGCCCGGAGTGGGTGAAATCCGGTAAACTCACTCACACGTTTGGCAGCCTCGCTCAGCAGCGCCCCACAGAACGGACCGTATACCTGACTTCCCTTCAATCCGCTGATTCCTCTATGTCAATTCGAAGAAACTCTTGGATTCGGCCGAGGAGTTACTAACGACGGCGGACACGGCGGACCAGCTTTTCTTTGGTTCAGATCGTTCACCCGTCGTCTCTATGGATGCGGAGTAGTCGTTCGGCAATCCGCATCCTTGGACCGTTGCCGCGCCTCATCCACTGGCTGGAATGTACATGAAATAGAAGATCCAGTCCCGCGAATCATGTCAACAAGTGGCCCGGCCCGGCCTATGACTATAAGGGAGGTAAGCTTCTACACGTTACTCTGTAATTATGGCAATCCTGATGGTATCTGGAGTGGGGACGCGACTGCCTCATCATTTGACTCGTCTGCTATCCTCTATAAGGTCCGGCAGCGGATATTCCCTGATTTGTGAGGATCGTCACCTGTGTTTGCAAATGCGTATTCGCATTCCATCCCTCGAGGACA,823,52.86,Drosophila melanogaster
SEQ_787717,CAGCTCAAATTTGGGAAGTATACGCTCGGTGCAAGACCTTGGCCCAGTCGATATGAGGAGTCCCTCGATACGATCAACTCCAATCTTGGTGGACGGTTACACCAGCGGGATGCCGCTGCGACGGG,125,56.0,Escherichia coli
SEQ_980172,TTATTCAGTGCGAATCCAAAGTGTTTCGTGCGTTAGAGCCCGGCTATCCTGGGCAACGAGTAACGGTTGTTACTGAATAAAAGAGAGCCACGGCAAACCATTTGTGAAGCATTATACTGGCGCCCGTTGGTTCGTTGCTGACGAGATGACGACATACACGGCAACGTCCATACCGGGCTAGTGGGTGGTCTGGTAGGATAAATTTGAGCAAAGTTAACCATGAACTGTTCGGGATAATGCAGGGTTTTCGTCTCTGCAGAATTGCATACTACGGAACTGCTCCATTGGTCAATAAGGACATTTAGATAGACGGCTGAAGTGCCGCAAGGTGTGTAACAATCAATCTGAAAATTGGAGGCGGCGTTCGAGTTTGGGCCATTGGTCAATCGTTCTTGGATATTCACTATAATGCTGTGTGATTGTCATGTCATCGGTTAATAGATTCTTGAATATGCTCTTACCGCTGAGGCCAGTCTGTGGTGGATTGTCGTTGGACGTAGTAATCAGGGAGGCATCAGAAGTGCCAGTTTAAGTGGAATAGACTAGAACCACATGCCCTAGGACTGTTACTCGGTTGAACATTAAATATTTGTTTGCTTGCCGCGCATACGATCCACCCGGCCGACAATATACGTCCCATTCACGTGCGGTTCTACAATCTGTTGTGCATTCGATAT,677,46.38,Saccharomyces cerevisiae
SEQ_147933,AGAATAAAGCACTACTCAGTTTTCAGGGACTGATCGAACATGCACGCAAGATAGTTCTGCTTTGCGTTAAGAAGCTCACCCCAATGCGGCCCATTAACAGGCCCTATGACCTAGTTGTCAAACTCTTAAGGTAGTTTCTTACCGCTGACCACAAAGGTATCGACCTCCGGTAAGACGTGTAAGTGCCGGACCCCAGCAGTCTTCGTTGGCGGTGGCTTATGGTCTATATAACGCTCAGGCATCATAATCTCCGCTAACTGCTACGCCGCTGAAGCACATAACGCTTATTAACTAACCGTTATTAGCTTATATTGGGGTAAATTTTACGTAAAAGAACTTGGTTTCCGTTGGGAACATGTGCTGTTCCCGGAGGAGTGTGACTGTGAGTATTGTTGACCACCTGGGCACTGCACATTACCTAGTGGGAGACCTGGGACCATTCAAACACAGCGCGTAAAAGCATGTTCTGGACCCTGCAACAGTAAGGCGGAAGTTCGCTCCGAAGATCCTAGGATTAACCAACTAAGGTCAGACATGACCTCAGCGTCCAAAGGAACGAAGGTTTGACCGACATATGATCCGTCGCCTGTTTCCAGCAGCCAATGTGCCATCAGGAGGACACGGCCACCCGCGTTACCATCATCTTAGAGGCATGGCAGACCCATTGTGAAGTTTTGGGGTTGCATTTCCCGTCGTCGTTTGATATTCTGGATGCCGAGGCATTGTCGCGCTATGACCGGCGGTACCTGACGCTGTGCCTTGTGAGGTTTTGACGAACTGTTCTACATACGTGTTGGAACGGCATCTGACGATTTCCAGGAGGGCAGAGAGCCTTAATTGAACCCCGGACGTGGGCCAGGCCTATTGGGTGTGCGAGTATGTGTGATTTCAAAGCAGGAGCTGGGAGGGTCAGTGGTCCGATCAAATGACACAGTAGTCCTAATGTACTCACCCCTGGCACGCGTTGGTTGATTGATATCTGTAGCTGTCAGTCTGTGATTCAGACAGGGGCTTGACGTCTGCATAGGATTCACGTACGCCCCGGGAACGCAAATGTTAGGAGTTAAAGTGCGAAAGACCGAACCGTAAGGTTGGATACACCACGGTGATCGAGGACACAGGACACGGTAAATAGTTGCGCGCCACTCTTTGCCGCAGTCTATAACGCCCCATTTCTGTAAGTATGGGTGAACAAAGCGACAGAGTTAGTCACTGTTCGGCACCGACAGTACGGAGAGTGATTCCTGAGGCGCGTGTTATCGACCGACCTTATCCTCGCTGCCGCCGACTAGACAGTTATGCTACAACTGGCTGCTCCGTTGTCGTGGGTGGTCACCGGTGGAATAGCTTAGAGTCAGTACGTGAACCGGGCCCAGGCTCTAATATATCCTCGTGACCCCTTCCAATGTCCTAAGTTCTGGATCTCGGCTGGTTGCCTCTGCCGCGCAATACACTAGTTAAGTGTCACGTGTCGGTAGTATGAACAGATGTTTCGTCTCCAGGCAAACATGTAGTTATATATCCACATAAGCCGCGTTTAAATGTTATCAAGTGGGGGCGTCTGTTGCATTAGAGTGTACCGGCGACGGAGCGGTGAATCTCCCTCCCAGCCCCGCGGTCCACCCGAGAAAGGGGTCTCAGGTCGCCTCAACTCGCTAGCTTTCGAGCTTGTGGCTGCTAAGACTTATACATTAAAAGCCCATTAATGTTTTGCCCCGATCGGTTAGCTCTTTCAGCAGTA,1741,50.95,Saccharomyces cerevisiae
SEQ_636148,GTTGGAAGTCGCTGGGTTTAGAGAGTTATTTTATAACCGTACGACATACATACTCAATACCCTGGACGTTTAAGGTTTTAGTCTTCTGTTGGCCACGGGTTGACGTCCGAAGCCGCGCCTATGGGCCGGCCGTAACTTAACCCACTGTCACTCGGCCGATCCGGAGATTTCTAATTCCTAAGGCCGCTGGGAGATATGTTTCGCGGGTGGGTATTGCGGCCGCGTCACCTCT,232,52.59,Homo sapiens
SEQ_944450,GCCACTTGAGCATAGCCGCCTTCCTAGCTGACCTTAGCTAGCCATTACAAACTGCTAGTCGCTTTAGCTTATTACACTGCTTAGATTTCCTACCGGAACATTAGGCCGTGCTTCGCATTCGTACAGAGTTTGGCCCTCGAAGTTAGTAGCCGGCAACCTGCCGCGCATTTTCTTCACAGACCTGAGTCTCCCGGGTATGGCCTCATAGTGCGCGAGACTCAACCCAGTAACACGCTTAAACGCAACAAGCTGGCAATCCTACAGCGTGACTATCTCTATCGAAGATGTTGCCGGAATCGCCGCCGTTGTCACACATAATACAATGTTTGCTATCTGGAGCACTCGACTGTCCCCTAGGACAACTACGCTTCATTCGGATCCCAACATCCCGGAAAGAGAAAGCTGAATAGGCCTACGGACCTACGTTTAGTTTTCGGCTATCAATTTTGTCATGCGGGGTCTATTACCCATGAGTCTCCTGCTTCCCAGAAACTACGTTAGTCAGCACATTAGTAAGATCCTAGTCTAGATGGGCTAAGCG,541,49.54,Mus musculus
SEQ_673968,GACTGTTTTCTTGACACCGACACGACGTAGGCCCTCTATTAAAAGAACGATTCCTCGGTAGATATCTGTCCGGCGTTCGTAACTGGCAAACATACCGTCACGGTAACAAAGCGTGAGACTCGTAACGCATACGTTGGCGTGCGGCCTGGTCCGTAGGTATGCTCATTCCTCACCAGCGCAACGGATGAGTTGTTATGGCTATTTATCTCTTTAATTCAACAAGGCGCATTTAGATGATCAATATTCGGGCTTTTGGATGGCTGGAGGTCCGTACCCCAGTAGTCGAGGCCTTCGTGCGTATTACCAGAAGTGGAGCGCGTCGCGGCACCATAGGAAACCAGATTTGCCAGACACGCAACCTAGCTTGAGGCCCGATGTTCGCGGTAAGGAGATCACGATAGGAAGCTCCCCCCATGAGACTTTCCACCTTGCCGCCATACACTCATTGTTAGCGATCGGGAGCCGAAGGCATCCGAACCTGCATACTAACTTGGAGAAGTTACGACTCCGCAGTGGTCTCTTGGAGACATGTTCTCCTTCGTAAATCCAACAAATTCAGGCT,562,51.07,Mus musculus
SEQ_675526,CTGACCCATGCGAAACGTGGCAGGTTGCTTCTTGTGTAGTTCGTTACTTTGCACAGTTGAATACTGACCAAACTGAACAATGATTGACCAATTCATGGTGAAAGAACGCTCGGTCCATTTCGGACGTATGGGAGATGGGACAGCGTAGGCGAAGTAGATAAAACTATCACAAGGAAGTGCCTCAATGCGGACCAGGTAACCGGGGGTCATCGGGGACGAAATCCCACGACGGCCTCGTAAGCTCCGGAAGGGCAGTAGTGAAGAATTCGGGTTCTTTACCAGCCTCAGGCGGGAGCTATTCTACCATTCAAAACTTTCCAGCCGTGGATAAAATGGGGCCTGGGATACTCTATAATGACAGACATGCCCTTGATTATAAACCGCCGCACGTTGAACATGGTGGTCCTAGGGTGTTATGGCCACGTGAAAAAGCCGGGCTTAGTATATTAAGTCTGGCAGCAGGCCGTGATTGCCGATCCCGCTCTCGAACAGTTAACATCCATGGGAACTCGATACTGGTTAAAATACTCAATCGAGCTGTTTCTAACGTGCTTACTCGAATACACACAGTTGCAAACAGTAAGTAACCGGACGATTGGGTCTTGTGAGTTACCGTTCTTTCAGTTTACTGAGAGTACCGCGCTCAACGTAAAGATCGGTACGCAATGTTAACATGTAGCACATAACCGAGTACTTTTGTTAGCATGCACTGAGAATTATCCCCTGCAAGATGGGACGCTAAGCCAGCAGGGCGTGTATAGCGATGACGTTCTAGGAGGCCGATTAGGGCCTATTTAAGAAAATCCTTAGTATATAGAGTTTTAAAGCGGAATGGAGAGGACCAGAGGCCTTTTGCACCACTTAAGTTAACCGCCAGACGAAAATACGTCTCCGGTGCTGCTTAGGGTCCCGAACATCGTGGTTCGCATCGTCACTTAGGGAGTCAGTCGGTCGCATATTTTCCGCTAACGACCCATCATCTCCTCCGGCGAGTTGCGGCGTACATAAGTCCCCCTCCTAATAGCCTCCAAGCAGCTTGTTGGCGCTATACCTAAAACCCATTAGGCGACGGAATCGCCTACTTCAGCTAGTGGTCCCATACACCTGCCTAAGGGCATTAAGCAGAAACTGCTCCGCCTGCATCACAACGGGCCCATGTCCAGGGGGCGTATTCACTAGGGGATCTGGGGGCTTGCGCGTGTGGTCACCAGGTCTAATACTTCCACCGCAACG,1233,50.12,Arabidopsis thaliana
SEQ_891985,AGTTCTACTGATAGCTTCACATCGCGGGAGAACGCAATCTGAGAGTAGATCAGAGACTGTGCTTGCTACGTCGACTTGTTTTTAGGCTTCTAGGGGTCGGTTCCCACAATCATCTATTGTCCTGGCGCTCAATTGTAAAGATGACTGGGGGGGGGGAAAGTCCTCACCACTTCCTATTGTTACTTTATAGTGCCGATCCGACAGTGCGATGCCGACCTTTCCCCAGCAGCGTCGTAGTTGCGTTATATGTGTGCCAAATCTTTGGAGGTCAACAGTATGTTAACTTGCCCTGCAGCATGTTACTTTCCCACCAGACGTCTAGTGCGAACCACCTTTCTGCTGTGCATCACCCGCTGCAGCGGCGGTAGATCCATAATGGGCGCACCCTCCGTTATAAGATGAAAGCCATGGTGGATGACGTGGATGTGCAACGAGCGTGACTATAGTGTGAGAGCTGGCACCCTCCACGCCGAAAGTCACTCTACCAGTGAAGATTATTGAATCAAATGCAATGATTAGGCTATTGCGATAACTGTCGAGGAGATGCCTCGCGGATAACCATAACCCGGATACCGTGAGACAGTCGTAAGGTACGTTTAGCCATCGGCCAACGTGATCTCAAAATATGATCCCGTCTCAGAGCACGAGAACGGTCGTGGTGCCTTCGACGCCAATGAACACCTTGCCACAGTTTACCACAATGGAGTGGTCTGCGCCGCCACGGCCCATGAAGCGAAAATCGAATACCTCCCATTAATGATCTCATCGGATGTTGATAGAACAGAAAAAAGAGATCGATAGCACCCACCAGTAACTACACCACCTGACGTTTGGGTCGATAACATCGCTCATAACTAATCGGAAGCCAGCTTGCTGAACGGAAACTCAGAAGTAATCCGTCGAGTCGGGGGACATTTGAATGTCATCCGCCTCTTCCCGAACTCGTAACTAACGGACGAACAGGTTATATTAATCTTCCTTCCCGCACAGTCAAACTGTACGCCTTATTATCATTCAAGCCGGCAGATTTGTATGGAGGGTGCAGATAGTGACACATATCGCACA,1065,49.39,Mus musculus
SEQ_714548,AGTAGACGGCTCAGGATAAGTCCCACCCTTGCTTAGTCACACGCGCCCCTTATTCTGACATCCATTATGTTTGACCGAGCTAATTGGTGCACCTGATAACGTGGTCGATCCGTAACCTCACCGGAGCGATAGCGGGACAGGGTTGTAACATCAACCGCATTGGTGAGTTCCGTGTGTACGACGGTCGATCAACCCCCTGCATCATGGAGGTAGATCGTTCTGTGATTATGGATCGCCGGAGTCAGTTCGGAAAATGCAAGTGGGTCCCATTCGCGCTGTGGTGCAGGTGGTTGGTACCTCCCAAGCCACGCTCTGTGAGAACATTGGTGACGCTCCAATTCAGGATGATCTCTGCCCCTGGGTAACGTCCGGCGGGAACCCATAAGATATAGGTAACCATAGGTTTCACTACCGACGAGAAACAATCCATGTGTGCCGAACTCGGGCACAGCCCGGTCAGAACCCCACAATTTAGGGGTAGGTAGTACGTGGTTGCGGCAGGTCGGCAAACGGCAGCTCATAGGTTTATAACACTATCTAGTCCGTATATCAGTGTTGCCAGAATTGTCATATACTTTTCAATCATGGATGGAAGACGCAGACGCCCGTCGTACAAGTGATTGCTCCGTCTTGGTCCCAAAAGTTGTGTGCTACGGATGTACAGACCAGATAGTGATGCCCCGTAATTTGGCTCTTTAATATAACATTCGAATTAGGAGTCACCCTTAGATTTTCCCACGTGGTTGGACATGGTGGTCCAGTACGCAGGTCAGAACTAATCGGCCATAAAAGTGCGGCTGATCGGTCCGGTCGGGTCCCCGGACCCCGGTGCTTGCTGTGAGCAGATTCGCGTACGGAACTGTGCCGTAATAATGTACCCTAACTTCACCGATTCACTAGCAGTAGTCGTCGTGTTTTCACAGTGGACAAAATTATCATGGAATGGTTCGAGTTCACGCTATGCGGTCTGCTGATAAATCAGTCATTGCCAGCATTCACCTCTGCTATTAAGGGTGCTCGAAGTAGTACTCCCCATGGGCGGGGAATATTGTCTGGAGATCGCGTGATTGAAATAGCCAAAAACTGATGCACAATATTGGCTCCACGGAAGATTTGCGTCTGCAGAGACCACCCGCATCGTATTATTAGGTTTGCCTGCATTACCGGGTCTGTCCGGCTAAGCAAGGCCCCATGATTTTATAACCACCACATGCCAGCCTCATTACAACATGCCTGTTCGAGGACGTTGCGCCTGACACATCACGGGATACTACTTCTATTCCGCGAGAGGTACACTGGAAACGGCCCGTTTTCGTAAGGTAGGGGTTGAAGTATCATTGTCGGAGTAAGGCAACACAAACAGGCAGTTCCCCTGGCGCGTCTTCTGTGCCTTCGGCATGCTGCATGTAGCTCAATATCCGTTTCCTGTGGCGCCGCAACGCTACAATTCCAATGGTGTGAATCTGGTAAGCATACCACGACTAAGCTTCAGAGGGGTCTAGAACGGGGGGCTGATTTTACGGACTTGAACAGAATCTCGGCGGAGGCAGCGGGACCGTGTCACAATTCAGAATGGGGAATCGAGGTAACGACGTGTGCATATTATAACGCCGGTAGCTGCGACGATTGCTACCCATTAGTCGTCAGCTGTAATCCACAGGTGGTCTTTAGACAGTTTAGATTGGCTGAGCTTGCAAGGAATCGCCAGCCTAGAACGAGAAGTACCATTGCT,1732,50.87,Mus musculus
SEQ_678253,TGTAGCTCCATAGCAGAGCGATTCAACACTTGATTTAGTGGCAAACAACTCTGCCGTACGGATTTGTGGCGTGGGTTAGT,80,47.5,Drosophila melanogaster
SEQ_910695,ATTCTTATTAGACGCATGCTACTAAATTTGTCATGCGTAGAGAACCGTAGATGCGCCCAATGCTTTCTAACGATGCTCATTGCGACTCGAGGCTGTTCCCTAGCGTCACCGCTGTCCGTCGCTCAAAAGGAACGACTAGGAAGTGCACGTTTTCGATTTTACCCTATGCACACACCTTGGGCCTGGGCCGAATGCGGCGCGCCTACGTTATTCACATATGCGAAACAGCACCATAAGGAGCTGCGGCGATCGGTCGTTCCGTGATCCAATCTAATCTGACTAGTGTACGATGATACACTCAGCCTTCTTCCCGTGAGCCGTCGCTTACAACTGATTAGAGAGATACGAGGACCTCGCTGCGGTGCTACCTCATCGTCGTTCTTCAGTATTTGCTCTGGTCGAGTCACTTAATCCACGGTGCGTAAGTAACAGGATCCTTTGATTTAGAGACGAAATAGCCGACGTAAGAACTGCGATCGCATACCGACACTAACAGAAAGAACTAAAAAGAGTTGCCTGGGTGAGCGCTCGTCCAGATTTTCTCCCTGTTCTTGAATTTTAATTAGAACAGCAACAATAACAATTCCTGAGACCGACAATAAGTCTATGCTTTTAGGAGCAACGATGTTATCCTCTTGGATGCCCTTGAAACCGGCTTGTGCTTAGATTCGCGAACCTTTTACTATGTATAGACTTTGACAATGGGTTGTTCTCCGACGTTTTTGTATTAGTACTTTGCTTATTTGTGATTCCTAGCCTGATGGTAGTTATTCTTCCGCTTTGCAATCGAGGCACACGTCAGGACAAGTCAAACTGCTCCGTCGAAAAATCGTGAATGGTGTAGATAGAAGGCATGTTTACAGAATATAGTACCCGGTTAAGGCCTACGTTGCCCGGGTTGTACTCGCTTACCTAAGTGGGGGTCGCTCCGGGAGACACTATACAATTCACAGTATCAAGTCAACGCAATTATACCGGTGGAAACAGAACTCCTCGAATACTACTCGGGTCGGTACCGCGACTCCGACGTAACTACGAGCCCGCCTCATAGCAGCATTCCCTGATGCGACACAGACTCAAGTGGATCGCGAGTGAGTTAACCACCACCCCGGCTTCTTCGTTCAAGTTCTAGGGCCGTATCCGTTCTGTACTGGCGGGATTTGGTATGAGTCCCACGAAACAAGAGCCACAAGTGCGACTCACGTCTGCTCTTATACGGGGAGAATACATGAATTCGACGCGGAATCTTGCTCTAGGATTAGTGCCTTGATCTTTCACTAGCGACAATAGACTGCTTAGCTCCCTGTAGGAACCCATGGGGGTTCCGGCCTAGTGGTCGGTTCCGCATATCTTTGGTACCCAGGACTCCACCGATGATAATTGCGTCACCCAGGTCAAGATAAATAGTGTTAGTTCCTGCGCCGATGACAACTGGTCGGGACTTGTGCCCGACATACCGGTCTCAGAATACGT,1473,48.68,Mus musculus
SEQ_987926,TATTGAAAGAGCTGGAAAATGCAATCCGGAGGTGGGTTTCCAAAGGTCCAGGGCTCTGAGTAGACCATTTGCGACCGCGAGAAAGATGATGTGTCCTCAAGACGCCTGCGACCCGGTGAATTCCTATCCAAGCTCTGTAGCAATGTGCAATTGCATCTACTCTGTAGAGACTGCATGATACAGACACTCTATTTAGGGTAACAACCCAGATTTTCCACGTCCCACGTATTCGTCCGTTTTCTTTTCTATCGAACTTCCAGGCACCCCAACTACAAACAATCTACATGGTGAACGATACTCTATGCCGGATTACTCCTCGTCTTAGTACCCTAACGTTCGTGCCGACCTTACGTGGCCTATCACAACACAAGTAGAGAGACTAACGCCTCCGGATTCCCTAAGCCGACTGTCCGTTCGCGCAATATATAGATAATCCCTACTTCCCGCGGGGCACGGCCTGCTGTAAAGAGCCCAGAATCGGACGGATGAGGCTGTTTATTGGTTCCCGCAGGGCCGTCAACTCCTGGTTCCTCCCTACATAATACGGATGACTTGTAGCTATCAATGTTCATTAAGAAGTTAGAGCACGACAGTCCCCGGACTATCGAAGGGAAGAACTCCTACGCTTAGGCTATGAAACCGGACACGGAGTACTTCGTTGTGTTGACCTCCCGGCTGAAGGAGAGGAAAGCAACTAGAATGCAGGCATCAGAGAAAAAATCGGTTGTACTATGAGAGTCTAGCGGATGGACGGGTGGGTTTAATCTCACTCAGTAAACGATCTTTATCACATACCTATCCGATCTCCCCTCATGCCACAACCCCCGCGCAGAACCTGCTGACTAAAGGCTTATTAGAGGACAGTGCCGTACGGTATCGACCATAAAAGTGCGGGGTGTCCCACAGCCTATCACCTCGCACACTA,925,49.73,Homo sapiens
SEQ_265534,TTGTTTGAAAAAACGATAGTTGGTTTGGTCAGGACGGGCATATTTACCTTACCTTCATAGGCTGAACTCACTCTAGACGTGGTATATATGATGTCGACGCAGGTGTATTACATCGTCATGGATGAACCGCGGCCCAGTATCTCACTCAGTAAGGTGTTTTTGTGCCAGCTAAGCCCCTCCAAACGTCTCATGAATTCCGGCCTAGTAAATTAAGCTGATCCGAACGCGTTTCAAAACGCGGAACATCACTCAGTACCGACTCAATTGTCCCAACTGTCCGTACACCTCACCTCTGGCGGCTCACATATTCTCACTTAACGACTATTGGCTCAGTTATACTATTATTAAGTGGCACCCGACCCCCCCTTCCGTGGTGAATTGATTTCGTGCGGTAAATCATTGACCGGAAGGAGTTGGCACGAGGAAGTATTACCGTCTACTTCTAAGGTCGATCACTAAGTGCAATTTGAAGTTACGTTCACTAGGTATGGATTATTGTGTAGCGTGTGGCTCAGCGAACGACAAATGTGATCCTCCACGCAAAATGTTGCTCTGTAAGCTGGGTTCAATGAGGGGTCCAAACAGCTTAACGATTTCGTGGCGAATGCCTTAACGATCAAAAATGAACAAGCGTGCGGGCTATCTTCGATAGAGTGTGGCTGATAGTAGGGGCCCTTGGCGGGCGTATCGACGCCCCTCGGGATTCTGGCTAGGCCTTAACGTTAAAGAAGGGCGCTCGGAACTTCTATCTGGCAAACACGACTCGCTTCAGGTCACTGGGAAGAGCACACTGGTGTCTGGGTTTCTTGGAGTTAGAGTTGACCCTGCTTAGTTTCCTCGAACACGCTTCATAAGCGCCGATTTTCCATTTTACCCCGCCGTCCAACTGCAGTAATCATAAGGAACAACACTTTTGACATAGTGCCTCCGCGTCGTGCGCCGCACCGGCTCTCTTCGAAAAGGCGGAAGGCTTAGGCAGGATGATATCATGGCTCCTCAATATCCAGGTTAGTTTGCTAATCGACCGGGGGACCCACGACGTCCGGGGAGAGCGGTCTACAGAGGGGAATCGTGAGGTCGCCGTAGTGGTAGATCGTGCTTGTAAGGGCTCTTTGCGTTTAATCCGCGGACTGTTTCAAGTGCCGATTTTAAATGCACCGCCAAAGAAGCTGCCGGTGGTTAGTTGCAGGTGACAAGGCACATAGAGGCGTCGGCATCAATATTGTCTGGTATCGTCTCTGCAGTGTGAGTTGAGAGACGCCACAACTCCCTATGCCGCGATGCGAGGTCTTGGGGAGATCATAATTCACGGCATTCCACTTTTCTATCAAGGACGTGTTACGAGTGCGGGCAATTTCCTTCTATCAGCCTCGAGGACGGGACAGCTTTTAGACCTGTGAGTCCTCCTCGTCAGTAATCCTTCTCCAAGTTGTAGATCTAGATTTTATATCCAGCGGCTGTTAGAGATGATATTCTGTCGTTTGACCATTGAAACACACGCATTAGGCACGAGTTGTTTGGCCTGACCATAGACCATCTGGGCCGTACCATCGCGATTCTACATAACAATGTTGGGGGAAGATGATGGAGGGCACGTAGGCTCGCATCTCGGCCCCGACTAGTCCTAGTCTCTGGTGGCGGTAAAACTACATTCTAGCGTCCCGGGTCGAGTGAGAAAGTACACCCTCTGCATGGTTCCGCCATAGGATACGCCTATAATAAGACCTTCGCCGAAGTCCCGCGCCGACTAACGTGAATCTAAGCAGCAAAGGGAGTGCGACAAGTATAAATTGTTGACTGAAACAAGTGAAACTTTGGGTTGTTGAGTTGGAATATAAATTGCAATAATAGAAGAATCAGGGTCGCAGGTGAGGTCCCGGGCCGTTGCCATTCTCCCCTCGATGAAAGCTCCCAGTTACTTTCTCAGTTGCCCTATCTATCAACGTATTTAAAGTACTCTTTAATCTACTCCCC,1974,49.34,Arabidopsis thaliana
SEQ_422117,GTTTCTACCGGGACAAATGTACCGAATTGATCGTGTATGCTTAAGCGTCAAATAGCGTTCTGAGAGGGACCATCATGCATCTCGATACTGAGTGCCGCCCTACCATAACCCGAATCTTTCGCCCTCTAGGGACACGTGTGACGCGTGGGAGCTATTATACCGTTGAGACCACTAAGGAGGATGCCTGTTGAAGACGATTTTACATGTATCTGTTGTTTCGAAACAAACGAGTCACGGTGCCCTTGCCTAGAACAGACAGGGTGAGTGTGGGTAGTAGACTTTCGGATGGCTCCAGCTCGTAGAGCGCCACCCTAAGCGATGACGACCACCCGGCACAACTTGATGCAGGAGACGGAACCAGCGAGTCAGTCATTTATGAGGCGTATGCGCCAATTGTTTGTTAAGGTAAATGTAAGCTGCGTTGTATGCGCCAGAGCGTCCCCGTGTGTATCAAGGTCGCGAGGGGGCAGCTCCCCAACCTATTACCATAGAACCGGCGAGCGGCTAGAAAACGGGACTGGGTACGTAATTAAAAGCCTTGCAACGCTCATATGCATCCGACCGACTGACTTCAGCAGCGGGCTTACCAGTATGTCACCAGGGTGTTAGCCAAAAAAGAAGGAGCGCGTAGAAGAAAGCAAGTGAGGACATTCTGGGAAACTAAAACAGTAACCATGATTCAATCCTAAAGTTCTCTGCCATGTGCTACCGCGCATTCACTGAGGCGGACGACAGCGGCAATCGGAGTCCGTTACACGAAAAAAGAATTGTGTGGGCACGGGCTTGACGCGGACAGTAGGGAGCCATGCCCTTAGCGGAATGGCACATAAAACTATGAGAGTTTAACTTGGCCGGGGAGTACACCTTGTTACCGAGATCACATCCTGGCGGAGTTCTTGTTCTTTTGTGTCATATAGTTGTGCTGTTAGGAGTCGGCATAAAGCTAAGTTCGGCCGCTTAAAGTGTGGCCGCCTCCCAGGTCAAATCATACAATGACGACAGAATAGAAGCAATGAATTGCTGGCGGGCCTATGAGACACGTCGACGGCGCCCCCATTCCAATAAGAACCCGATGCCGTAACTTCGCTTAATAATGAGATTAGAGAGGCGGGATTACTGATGGATTTTCACGTGTATGAGCGGGCGGTAGAGAGGAAAAGAAAATACTACGTATTGCGTGCCTAAGTATCGAGCTACCGCTTCGGTACGCCTGGACTCTTAGACTCGAGAGAATTTGCATCGAAGCGCCCAAAGCGGTCGCATTTATGTATTAAGGTGCAGTCATGTCCTAGCTCGCCCAGGACCCTCGTGATTCTACGGGAATTGAAACACTTATCGGTACATACGTCCTTTGATTCTAGAAACCTATACTCTACGGATACAGTCGGAGGATCCTAGCCGAGACAGACCCCGTGATACAGTCACCTTCTATCGTCATCCAATCGATGTGGGCTGGTGTATTGGTCAGTGCGTCCATATCTCTGCACTCTCCGTGCCAGGATCCAGGAGCCGGTCTGACGGGATGACCACCCCAATCAGGAAGGCCGAC,1549,50.81,Mus musculus
SEQ_181469,AGTCTTAATCGAACACTAAGCGCGTCCGGATCCGAGGCGCGCCCGTTGGAGCAGAAGGAAAGTCGGGAACTCCCTCAAAAATTTCGCATACTCCACGAACGTTTAGCTGGACCCTCTGCGTCCTAGCCTAACAGGACTATCCCTCGTGGTCACCGATTAGCGTCAATTTGCCCTGTACGCGCCGATCAACTAGACACCTGTGGCTTGGTTTTCGGATGGGTGCGTCATTGCGTCGAAAGGGTTGGTCCTCCACGGACAAATCAGCAAATAGAGTTGGGCGAGTCACTCAAATACTAGACTGGTGGTCGCAAGCACGCATTGGGTCACGCCCGGGATCCAGTTGGATCGAAGCCTGGAACGGTTTCTCCCGGTGACCGAGTGGAATGGCAACCAGCATATCTACTCTTATACGGCACCCGTGCCATAGATACTATCTCTAGGGTTATTCCACCAACAACCTATTATATAGGGGGTTGGCCCGGAATATGCTATACGTTAATTATAGGGGGTTATTCCTCGTGGACACGCATCTTTTGTGACAGGACCCCCCACTATGCCACTACGAGCATACTCCGGAGTGACTGCTTTGAGTTCAGGATTTCTGATAGTCTGATAAGAATGATGGCCACGTCAGCCATTTTTGGACATAACATGCGTCACATCAGGCGGAAAGTAATCTGGGACTCACCTAAGGGCCCAGGCAGGCCCATGCGAATCTCCTTGAAATGGAGATTCTTGTAAGAGTTAGACCGAGTTAGGTTCAGAAAGAGTAGCCCCCCAATAAGACATACTGTAGATGAACCAGTCATTCGCGTATATGCCGGGCTGGGCACCAACGGTATCTATGTCGCGCTAGCCTTGTTGCCACGAAACTCTGCAGAACCCTGAATACTTCAGACCCCGCTGGTGGCTGCACCCTGATGTACGTGATAGGTCTGCACACCCGGGACCGGACTTTCCCGTGAAGATGAAACAGTTATGAGCCTTCTGGATTGAGTTGGCCGATCGAATAGCAGCCGTTTCGACAGACAGCCCCGATATCACATGGGTAAGTGCCGTTACCGGGTTCCTAAACCGATCTGGAGCTGGTGGACCCCGACTCGGTCACCTCCGTGAGAAGCTGGCTATAGGGAACCATTGCCATAATATATAGCATGACCAAGTGCAGTACCGGTGGCGGAAGTGACTTTGTCCATATAAAGTTCGTACGCCGGGGCTTCGTGCTATCCGGTGAGCTGATCTCTGAAGGGGCCTGTGTATTAATCGGTCCGACTCGACATGTCACAGAGCGAATAGGCGACTTGCAGCTAGCTGGGCCACTTTTGAGTCGATTATCGCGCTTCACAGCCCCCGCGAGAAAAGCCAACGTTATACGCGGCCTATCGGAAGGACGACTGACACAAGGGCACGATGGGATCTGGAACTCTGGGCTTATGTGTATACGTGAAGTTATGTCGTTTCCTGGATATCCAGAAGCGCTTTGCCCTCAGCCCCGCGCCCCCACATGCAATAATGATAGTCTACTCGTGCGCACGCTAACTTCTAGCGCGGTTATGGGGCTAATCGCTCAACGCACTACCGATGCAGCTTGTGCTCTGACACTCCACCCTTGGTAGTTTGGTGGTTTCCTAAGGACCTCCCGCAGATGTTGCAACCGTGTGACCAATTCCCGAGTCGAATCCTACATGGGCCATTGAGTCGGAAATGATGAAGAAGCCCCTAAG,1724,52.44,Homo sapiens
SEQ_759799,TATAAGCATATCTCTGAGGATGATCTCGGCGATCATTGTTCCTGGAAATACCTACGGCGGAGGATACTCAATGGAGTCCGGCCCCGCAATACGCATGCAACTATCAATAGACAGTTACTATCCTGGGAAGTGCATTCGGCGCACCGGGAATAGACCGTGGAATCTCTGCCGACTTATCATCACGATTCCGTTAGTGGAATGCATCTCCCTCCCCAACTCCTATATGGTTCGCTAACCAGATGATTGGTCTACGAAGATCATCCCCGCCTTGGAAGGAGGTCAGCTCAACCTGGGCTACTACGTGTGATTGAGCTGCGGCAAAGCATAGTCGGTCAGAACGCTGCACCTAAGAATAGTGTCCCACGAGTTGGGCCGAACGCCCTAACACCTTGTATTGTTGAGTGAAGTGGTATATGCAATCATAGACACGTGACAGGGAATCACAGGTGTACTATGGGTCGGTTCTTAACCCGCGTTCACCGATAAGACTGGAGTACATTTCAGGTCAGGAACACCAAACTACAATAGTGATGACCACCGGAGTCCGCAGCGTGCTCGGGTCCAAAACAAGGGAATGGGTGCAACGCAGGAATAGATTTACCCCCGCCCGATCTTGGCCTCCGCACTGCGTATTTCTGCAACAAGAAATGGCCTAGGGCATTAACGCCTGTAGCGATAGACCCTAGACCACAAGAGCCGCTCCGTCGATAAAACTGAGAGAGCGGGTTACTGTTGCGCTGATGGGTGATTAACAGGATTTTCGCACAGCTTTACCGCCCATGAGGGTCTGCGAATGCGGGTATACTCGATTTCAAAATCACTGATAGAATTTTTTAGGGCTCAGGCTGTCATTCAGGGTACTGTATCTCTTGACGCGTACGGGGAAAACCCTGGAATTGCCAAAAGCGCACGCCTCGGAACCTCGGGGACAAAGCAAATCGTCTGACTACCAAGTTAACAAAAGCTCTACCCGAGAGAACTGTTATAGCCCAAGCGTCTTAGATTATAGTCCTAATTGACCGTGCTTGGTTACGAGTAACCGCATGCTGAAACACCACGCATGAATGAATAACTGGCCCGACCTGCAGATATCTAAGTTTAAATTCGCGTCGAGGAGGGTACACTTGTTGATAATTGTTCTGCCGGCCAGCCTCGCGACTGCCGCGGCTTTGCAAGTGTGTCTCCAGATAGGTTTCTACTCTGGTCCTTGTTCCAAACCGCGAGTGGTCCTGGTGACCCGTCAAACTCCGGCTAGTTCAGCGACGTCAACACCAAAATTATAGGGAGCACCGTGCCCCCGATCAGGTTCCCGTATTATCTGCAATTCTATCTTACGGGTTCGTGTTGAAATGGAGGACCGCCATGGGTGCCAGTTCACTGCATTGGGCGCAAACAGGTCGATCACTGCAGCCAAGGGAAAACCAGGACTCTAAATGGATACGAAAGGTGCCTATGAATCATGATTGAAAGCGCTGTCTTGGTTAGCTTGCTAGGACCTACAAATTACTCATACTCACGATGTACTCCTAGCGAGCGTTGGCTATGGCTGCTATTTTGTATAAGCATGTTGACTTCTACATGCGAAAGGACGGGGTGCCTTCTCATCTCGACCGTCAGCAGGGCAGTTATATTCACGTATCGCTCTGCGAAGTATCCAGGGCAACTTGCCACAACCGCCGTCACAAGTTATTTCTGTTGGAGACCAAGACAGTGTGCCAAGTAGACCGGGCAAAATAGACTGGAACTACTCAGGGTATGCGGTTTAAAAAAACCCCGACTTCCACCCGCTCGTAGATGTATTGGGGCGTGGTAAAAGATTGTTATTCTTACATAACGAGATCCAGAAAAGCGGGTTAACG,1859,49.87,Mus musculus
SEQ_956281,GGCTCCAGAGAGGACAGGCCCCTCTACAGGCCGTCGCGTTCACAGAGGATTGGATGTACGGGGTGTCGCGAAAAGTCATTGAGGTCTCTTTCAGGGGAAAGGTGAACCGACTCGAGTCCGCAGCCACATGGACGGCGCGTGAATGTGGTGCTCCAGCGTTCCATGGTCCTAACCCATGACGTGATGTGAGCCTTCCGGTGGGCTGACTAATAAGACACACCAATTAAATGATTTCTATGTTGTCCGGAGCTGTGCGACCAGATATATCACGCAGTTCGACTTTCTGACCTATATATATGCGTCGCCTTACAGTAAGGCGTCTTAATACCATGCTGCATCCACACCCGCCATGGGTGGAACAAAAAGGGGCGTTGGTGTTCGCGGTCTGGATAATCGCGGAACAGCAGACTGCCACATTCTCCAATTCGCTGGCTGGGGGATGCGTAACAACGGGGACCGGTGCGGAGCTCTGCGAGCGGTGGGGTTGTTGACTGTGCTCAATTTATGCGTACTTTTAGAGCACGGAGGCGGAGCTGAACGCATAACCACATGAA,554,54.15,Arabidopsis thaliana
SEQ_106315,ATATCATAAACTACACACGGTGGGTGAATCAGGATTAGGACGAGGGCAAGGGATGGTGCGCATGTCCTCGTGCTAAACTCATCCTGCCGCAAGAAACTTGGGATCGA,107,50.47,Mus musculus
SEQ_600445,TATAGCTATCTAATTATGGCTGTTATGCGCAGTTTTAGGATAATTGTATGTCCAATCTGCGACTCTTCTGAAACCGAGTAGCCGGACCTCGCGTCTTCGA,100,44.0,Escherichia coli
SEQ_876965,CACTTACCACTCTCCTATTAAAAGCTAAGGCGAGCAGTGAGGTTCCTGGATACAGTGATCTTAGTGTTTTGATTGTGTGGACCTGTTCTTGGCAATCAGTCTCTTGCGGCCTCACGCCCGCTATAGAAGCAATTTTAGCATTGTGACAGGAGTTTGTGACGATCAAGAAGATTCTTCCTTCACGGATTCATAGGTCTTGACTTTCAGGTGTAAAGGCCCTCTCCAAAAGTAGAACGAGCTTTCAACAATTGGCGCGAGAATCTCCTCCGACCTCAGGATTGGGGCCGGACAAAAAAGGTCCTCAAATCAGATTAAGAGCTGGGGGGATACTCTGCAGTAGGGTGTAGATAGAGGAGTTCCCGGCATACGCAGTTGTGCTTTAGCACCCGAAACTCCAATGTTCCACCGGCGAACCCGGCCAAGTTGAGTGTTTTTGCACCTACATCGTGTGCCGCTAGCACGCAGCACACATGCCCGGGAGGGCCTCTACTCACACTTAAAAAGGTGAATCGAGCCGGATGGTGCGTCCTCAAACTAAAACCTTGACGGTGCTT,554,49.82,Saccharomyces cerevisiae
SEQ_280419,GAAGCCCGCTCGCTACGAAAACGAGTCTCGGCCGTCTAAGCCAAAGCTGCTAAGCAGCATCTTGTTCATTTAGGTTGTAGCCCCCCTATCCATTGGCCTATGGGTGAGATCTATAAAGGCCCCCTCTCGGACACTACAATCTTAAGGCGCCGCGAGGACGTGACACGGTCGGTACGGTGCAACCAAGTAATCAAGCTTGTAAACCGCATTAAGACGGTAGTCAACACATGATCGGAACCACCGGCTATCTAATCCTGGTAAAACGCGAGAAAAAGACAACTCTTATCGTATGAAGTTTTCCCTCGAGGACTCCATCTTCACTGCGTTACATGCAAGAGAGCGCCCGACCACCCTTTTCATTGGCCGGGCTTAGTCGGCCCGTGCTCCGGGCGAGCGACCAACGCCCTCGCTCTAGACCTCTTGCAGAATAACTGCCATAGCTCCAGGGACGCCTCACTCCAATAGGTTGCAGTAGTCTCCTCAAACCGATAGCTTTGATACCCTCACCAACAGCTACCCGTGACGATTGGTGCGTCCTGCAGCCGTGCATCAAAGTCGTACCGCCGTACCCAACCTAACTCGTAGTTTGTCTTCCTCTACGCGTGTGTTGGGATGACTCAGTTCTTCAGCTTCGTTATCCATTATTGTTGAAATACTTATAGAATTCGTACGGACTGGAACCCACGCCAGTAGGCCGCAACCATGTCTAGTATCTTAAGATGCCGCGATTCAGAGAGTTTTCATTGAATCGCTGCCTTTCTCGGGAGTTTTGGGAGAGGAGGGCTCGTCTCCACAATGCAAAACATGGGGTGGGGATACTTATCATTTGACATAGAAACGCGCAGAGGCGACCATCATACATCAAATGGACGCCTTAATCCCACGGGCTCCCCAGCAGGGGGCTAATTAAGACTTCCGATTTCGGAAGACTGATTCAATGCCAATCCCGCCCGTAGGTCCCTCGTCTTGAGGTGCCTTGGAGAGGCTGGGCAGTGCTCCCGAGACGCCTGCGTTCTTGCGGTGTATCACAGGCGAATATCCGATCACGATAATGTGG,1057,52.22,Mus musculus
SEQ_830222,TTTTTGGAGGACCTCAAGTAGCGGCTCATCCTTGCATGACGTAAGATGTCGCTGGCTCCAATGAGGGCTAAAAACTGAAGTGAGTCCTCAGTTAATAATCAGATGGCACTGCTTACTGCAGACCCGTGTTACTTAGGTGCAATAGGTTTCCATTGGTTGGTGTTCACACTAGACTTGCGTTCAGTGGTCCATGTCTACCCCTATCGATCGTTATGATAAATCCCCTTCAAACCGGAGCGTAGACAAGGGAATTGAGAGTCAGCCCAGATGGTGGAGGCTCGAATACATTTACCTTTAGATGGAACCACTACGATATAATAGGCGGCAATAATCATGGGACCCTTCCGGGACTCAAGATAAGGGGTGATAGACTCTGCGGCGTCAACAGATATGACTCCTGCTCTAGAACGCAACGCATCGTACGGCTAAATATAGGTAGGGGCACCAGGCAAATTGCACTAAGTCACTCCGGGGACTCTTGGAACCTGATCGAAACGTCGAGACATGGGTATGGTGGATAGGGGAGCTATTGCGCCCACGGCAATCCTTACGTGGTACAGTTGTTATCGCCGGTCTTGCTTGCGAAACGTCGACGCGTAGCAGGCAGCAAGGGCGGACCAGAGCTATAGGCTTAGCATGTCAACGGGTATGATAATTATGAAGCGTCTTGCAGCGTCAATGTTATTCTGCATGGTAATATGACGAGATGCACATGCGTAGAGGGGAGGTCTCGGGTTTCTATCGGAGAGATGAATATTTTTTACACGTGACGCTTGGTTACACGTAGGAGTGATTTGATTAATTATGTTCCTCACGACCAGAGCCACGCTGGTTCTTCATTCTCTCCACTCCCCAAGTAGTATCGCCCATCCGATAAATTTATACGAATCGGTAATCGCCCACACCACCTAAAACGCTCGCATGTCGGCCATCACGGGGCCACGGTGGACAGAGCTTTATGACCGGCGACAGTGAAGTTAGTAGGAAAGGTTGTCTACAGCTCTGGGCATAACTCCCTGTCGGTCGTGGTAGCTGAACAACGCGCGGGGGCGGTAAAGTTGGTGCCACGTCGTACCATCGCAGCTCATTCGGTCTGCTTTAGGACCACATAATACTCTAGCGGCTGCGGTTTCATGAAACTGGCCTTTAACGGAGGTGGTTCCTGCTGTATATCGTAAGATGATACGTCCAAGTTACACGGATCTGGCGTATACGGACCCCCGGCCGTCTACTTCAGCTACGCCTTCCAACAGTGGGTCTGTACGAAGCGGACGCCGTGCATACCTCTGTCCGTACGGCAGTAGTCCCTGAGGTTGTCACCTACTGCCGCTCGGGTACTGAGTTCGCCGCAAAGCAATAATGATGCCCACGGTTATCAAGGAGCCTTCATAGGAGGCCGCAAGAGAAGACGGGCATGTGCGTTGGCCTTGTTTCCTATGGTTCCGAGAAGATTTACCGTTGGGGTTCTCAGATGTCGGGTCTAGCAGCCCAATGACCCGTATTCAACCTTTCTTCTGCTACCACGTTCCCGATGTAAGACGCAGGGTGTTACTCCAAGCGCGGAGCTGCCAAATTCTGGCCGACCTTTGACGACGTCAATAGATTCGACCTGGAATTGTCAGGCCAAA,1628,51.11,Mus musculus
SEQ_823697,TAGGCCCTCTACCCCGGGACGCGGAGTGATGATGTGCGCAGATTTCTCTAGCGTGAACGGGTTCCTACACCCCATTCTACGACATGACTCGGCGCGGTTGCACTACCTATTAATTCATTCAGGCGGCCCTGCTGCCCGCGTTGGGGTAGAGCCAATAACGTTCTTTGGCGGGATCCCGGATCACATCCACGAGGCTCACGGAAAAACCAGATCCCAACAACCTGCGCCAACCGGCCGCTTTAACCGGAACGTCACACATTTGCCCGGTTGCTCGCGCTATGGGGCCGGTTCTTTAGGAGAATCCTACCTCCCCTTTTCGGTGAAGAATACATGTTGTGTACCTATTACAGTTATGAACTATTATAAGGGTAAAAAGGTCGGGCATCTATATACGCGTGTCCAACTGTTAGGAAAAATTCCCCAATTTGAGACGTGAAGGCCCTAATCATTCCGGGTTCCATGACTAGTAGAAATTGGACGGAAGGAGAATGTTGAATAGCAGACAATTGCGCAACTTGTAGCCAGATGGAGTTGTGAATTTTTGCGACTGGTAGATGTGTGCCGCAAGAGCTGATCAGTACATGTGTGGGGTGTACACACCTGCGTGCTTCCGGTCTGTACCAGCGAGCTTTTCGTAACTTATCGACTGTGATAGGCGTGGATAGGGGCGTTCCATCTTGTCGGGGGGGTTAGTTCGTTCAAAATTTACGATGAGATGTAGTTCCCGGTTTGAGAAACTAAGACGATGCCGCATCAGAAACAGTGCCCAGCTGAGTGAACATAAGACCAACGCCTTTCGAACA,803,50.44,Saccharomyces cerevisiae
SEQ_796159,GCCAGGCAACATTGGCATGTCTCGTTAACATTGAAAGGTATTAGAACCCTAGTTCTCCTCCTAATAAATTCCAGTCCAAACTCGCGGGCGTGTTTACTTTCCGTGCATTTTAGTGTAACTTCTTCTGCAACGGCTAGCCCAAGTAATCCACCCGACCGAAGGACAAACCCCACAGCATATAACAAAACGATTTCCGCTCGCTCAATATCAACATCTAAGCAGGCAGATCTATATTGTTGTCCAGGCTTCGGGATACTATTCACAATCACCGCGACTAGCCGATTTCAATGGTTGGACCCATCTAGCCGAGATCTGTAGAACAAAATTTCCCCACGTCTATTTCGTGTGCCTGTTTGATCGACCAGGAGACTCGTCCTCTTTCGTAACTCTCTGCTTAGCCAGCCAATCTTATCTCACAGCTGCATATAGTCAAGTCCGTTCGGTGCACATTGCCCCATGTAAATTCAAAATGCTTCGCAAGAATGCAGGGCCGTGAGTATAACCTAGATCCTTATCCGCCGGCTGTTGTATTCCTTGAAAAAGACGCAAAGTACCCCCGGATTTAGGGTAAAAGTACACCCGTTCCTCATCTCGGGGAGTAAGATCTGGCTAAAGGCATGTACTGAGTTGGCGGATTATGGTGTACCGAAACTGAGGCACCCACGAGGACACGACGTGGCTTAGCTCCAATTAGCCTTAGAGCTGACCACCCCTAGATAGTCCAGAAGATGGGAATCTCTCTAAGCCGTTGAGATTGTTCTTCGGTAAAAGTCAATTAACGAAGCTCAATAGTCTCACACGGCCGTAACTTGCGAAGCTGAAACCATGGACGGGCGGGTTTTCGAGCATAGGACAGAATGATGTGGCGTGAGCAGCACCCTAGTTCACGATTCGTGGCATGGCCACGTGAAGGA,914,48.14,Homo sapiens
SEQ_411389,ATCCCCCGTGTGCCCTGGCTCATGCATGAGAGTAATATGGGTATACGAGAATCCTATTCGTTTACGGGTACTTAAGGGCAGCAGTCGCACGCGTCACCCGGTTGACGGCAACCTGTATGGTAATGAACATGAGATGTCAGCACCTCTAACATAGTGTCGAAACTTTAGATCACCTGGTACAATTAAGGGGGTTGACCCCCGAACCGAAAGCGGTTACACCTTTCGCCGGGGTTGATCAGAGATGTGACCCGGGTGCAAGAAGCCCAAGTCGAGGCCGAACAAGGGGCAGTGCATCCAGCGAATACCGCCGGTGAGTTATCTCTTGTGGGACAGAAATTGTTATCCCTTTGTGAGGTACCTCATGGTAGGACA,372,51.88,Mus musculus
SEQ_850373,TGATCGACAGGTCTAACGATGACTCAGAACGTCGTCACGTGTATAGTGACTATACATTGGCGAATCTATGTACCAATATCGGAGTAATATACCAGGGAAGGTCATTTGCATACTATAAAAGATTCTATCTCCCAAGTATAGGCTGACGACCGTTCGGGCTGGGGACCGATTCTGAAGTTATGTGTGAATATAAGGGCCTTTGTTTAAATAATGGTGTGCCCACTACGTCGACGGGCGGAAATTAATTATGGCTGGAATAGGGGTATACGGGCAACAACGAAGGGCCAGTAGTGCTGAGCGTCGTCGT,307,45.93,Escherichia coli
SEQ_923227,CTCTGCATTTAGTCTGTGGCTTAGGCTGGCCTGGGTAAAGTTAATGCTAGCATTGCTTCAGATTTCTATTCCTTGATGAGTGGACATGCAAGCGAAAGCTAAATAATATATAGTCGATTGCGATAAGTCGCTATTTAAGAGAGGGAATCTAGCTGCTTGTGGTCCGGCATCAAACGACTTGTAAGTCATTCCACCCCCTCTGACCGGCCACTTAATCTCAGCAGTTATATGCAGTCTCGGGCTCTCCCGCACGGACGTAACGCGCAGCCGGAGCTTCGTCGCGGATATGATTCCTTGCACTATTCCCCAACCATGTAACGTGCTAGTAGAACCCCTACTATATGCGGGAAATCCCTGTAGGTGGTCACTGGTAATGCTCCGTCAGCTAGAGCATTCGGATCATTTTTTGTGACGATCTGGAATGCTTAGTCTATTAGCGTTATAACTCTTTGTCACGGCATCA,463,47.3,Mus musculus
SEQ_871986,AATTTTAACATCTTTTAGCCTAATCGGCTTTGCATGCTCTGTTGGAGCGCTCTCCGTCAACCATTGAACACAGTGTCACACCGGGAAATTGACGGCAGCGCTTGGACCACATAATCCACTCGCTAGCGTACACAAAGCACCGATACCCTTACAAATTAGACAACATCTGTATTCG,175,46.29,Mus musculus
SEQ_239703,TTTGACTGATATGTCTCTATTTATATCAGATTTTTTGATGTACTAAAATAATGTCTGAGTGCCACAAAGTCGCGGATACTGAACATTGATGCGACTGTATTACTACTCGTGCTATATATAGTCTAATGTCCCCTCGAACGAAAACGTGAACACACAAAGCGGGTGTGGTTGTTGCAATCATAGAAAGTAGCCCCGCACCGACCGCAACTATGCCGCGTCCGCCATGTGGGCCCGGGTTACCAGGAATCCGAATCATAAAGATCCCACCGCTGGAATTTGGATGAGGTCAGCATTTTGACGACTGTCAGTGTCTCCTCCATTGGGGACCAGCATAGCGAGTCTTGATACCTCTCGCACTCAATTCGTCGTTGGCCGTCGAAATTTTCAGGCAAACTGTCGCACCTAGAACCGCTGAATCATCTCGACAAACACCTAGTAGCCGTAGCTATACTTCGCTAACAAGCGGCTTGGAACCAGCCCTACGATCTAAGCTCTTCTGCGCAAAGATAAGAAAGGGCTATAAACGCGGGATGTCGGTAGATAGAATGAGCCCAAAAACTTACATCCAGAGGCTGCGTAGGTTTAGTAGCGATAGTGCCACGACGATAAGTAGTCAAGTTCCCATTCTCCCCAGTTGACAACAGGATCCGAGTACCCATAATATAGGTACCTCTCTGTAACATTCCCACTTTCAGACCGATACCAGGATCCGCCTAACCCATTGGCAAATCAAGGGTAAGAGGGTGTCTTGTCGAGGAGAGGTCCACATCTGCAAGGGTGCGTACCACTGAGTGAAGGTACTAAAAAATAGACAGCTTCCCTGACGATTCCCTCTCCTATCTCTATGAGTGGCGAGAACTCCATAGGCGGGGTTCCTACGCATTTTAATTAAATCTATCACCACCACGCATGAGCTGCGACCCACTAACATAGAGAGCTTAACGCGAACTCGTCGATGCCGTACGCCGTCGCTAAACCAGCCCCGGGCCACTTCCTACGCAAGCTCCGAAGTTTACGCCAATGTGAACAATATTTTCGGTGTACATGGTAAAATCGCCACCGGATATGGGTCCATCTTGGGCAGACTATTAGTGACTTGACGATGTCGATACTGTACCCAATCAACACCTACGTGTTGGGTTGTAGATCCAACAGGCCCCGGGCCGATGTGGCAATGATCCATGTGTTTCACGTTCCTGTTCCTAACCACAGATAGCTCATGCCTCGCT,1229,48.66,Saccharomyces cerevisiae
SEQ_659744,GGCGCTGAGGGAGTCGAGAGTCGTGTTTCTTGTGTGATAAAAAACTTGCAGAAAAGTCGACGAACGGTTGTTCGATATGACCCACTGTCATCAAAAGTCAAAAATCAGCGGCACTGGTTTTAATGGCATCGGCACTGCGTGCCTTCTAATTTTCTCTTGTCATGGCTTCATACCCACCTCCGCAACATTGATACCACGCAAGCAGACCAGCGTACGAGCACTCTCCAATGGCTTCCCCTTCGACGGACACGGAGAATCACCGGGGAACGGATAGGACTGTGAGTAATCGCTAGTCAATAGCCTATGGATTCTCTGGCTATCACATGTGGCTTGCACCAAAATTATATAGTGTCACTCTTGTCTTCGCCGGTGGGCACGCCTGGTATGCCAAGTAATCAAAAAAGGACTGTGAATTTGCACCCGATTTGCATAGTGCAGACCACCGCTTAGAGCGAGCGCACGACAAGTCTTAGGGGTCCCGCGACTTTGAAAGTCAAGCGCTGGCAGCGATCTCGTGAGTGCCACACTTCTAGTAGGGACGATGGATGATCAGCAACGATCGCATGATTGTAAGCAATGCGACGTCCGATTTAGAATCAGGTGAGCGAGCGAAAGCTGCGTCCTGTCTTGCTCAGGCCAGAGAGAAGTAGTAGTGTGAGCGCGCAAGGCATGGACTATCTAACATAATATCCGTTACAGCGCTCGCGCGCATCAAAAAGCAAGAAATTGTTCGCAAAGGCGACAGCCATTTCGGCGCAGGCTTCGTGAAGGGGAAGGGCAGAGCTTAGGATTGAGAAGACCGGATCTTTGAAGAAGATGTATACGCGGCGGGGAGACGCTATACCGACCAAGTATACTCAAAGCATGCTCCAGTAGGTCTTCGTAGGCCACGTGAGTTTTCGACCTGATTTAGTTCGGTGCTTCGGGTTGTTGAGCCGCGCCAGGAGTAGGAACTACGTAAATAAACCCCGTTGGGGAAGATTCTTATTGTAAGGCATAGAACCGGTTAACCTTGGAGTATGTGCTCGCGAGCTCGCCTGTAC,1043,50.62,Mus musculus
SEQ_304505,GCTACCACCATACGAAGTGGTCAGTGTAACGTCGATCGGCACGCGCGAAAGAAGCCATCGACCAACCCCTCGGTAGGCACAGTTGGAAGGTATCATTGTAGATCAGGGCGTTAAAGTCCTTGCGCTTGTAAACATGACCCTCCCTCGTTGCTTGAGCCTGAAGGTAACCTAGGTTCTTTAG,181,51.93,Arabidopsis thaliana
SEQ_277590,TATAAAGAGACAATCTGCTGGCAAAGACGCCATCCCCCCTATCAACTTGCCTAGAGAAATTGGTTAAAACACTACCGATCTGTCGATGCAGGGGAAGATTCACACGGCTCAAAGTCTTTCCCTTTTCAGGCACATCGGGCGGCCCAGTAAATAAACAAGGCCCCGAAGGTTGATGAAAGCATGATCGTACCATCTGACTTAGTTTTTACTAACCATTAAGGTTAGCTGTTGCTATGCCTATCAAGTGCCGCGTAAAGAGGAGAGCAGGTCAGCCCCGAATGAATTCCCGAGGTCGGGCTTTCAACTTTAACGCGCATGTGAGTGCTTGCCGGTCTCGGAATTCCGGTCTTTCGGTACTGCGTTGCGGCTCATGCTCGTGATCTACCAGGGAGCGACGCTGTATCAACATCGCGAAGAGGCTCGGGAGATGTGTTTACATCAGAGGGCAAGCTGTGTCCATACGAAATTTGTGATTAGAGCGCGTTCGCCAAACTCAATCCCGTAACAATCGTATCACGGCATTTCCCAACGTGGTGCAGGTAGACAAACCAGCCAAACCACGCTTGGAGGTGGATCTTTCCTGAATAGGATGACTCGTGCACTAGTCTTGTACGATATGTTTCCGTTAGTAGAGCGGAATATCCGGCGGAGCCGCTAGTAATCGGTTTATGGAGGCGTCTAGTTAAACGGAGGAAAACGCCTAAATCGTCTATGCAAAAATCTCCCGCCCTCGTTCACATCCTTCCCAATGGTATATCACGGCGCGGTATCTTGCAAAAAAGGGCCCGAGTATCCAGACTGTATGCAGGCTATGCGTTTAGTCGTGAGGTAATATTGTTGGTAGTACGATGCAATTCTTATCTTTAAATAGGAGCTCGATAAGAGTCTTCCAAATGGACCCTCTACGTTCTACGCAGACCCTCTTACTCGCGCAGGCCGTGGTGCCATAGCACGGGGGCAGCCCACTCAGTCCACTTTCATTTAATCATCATTCGACTGGAGCGCGTCTCGGGACACGTCCTGTTTGCGCTCCACAGCAGGCCCGTTTTACCCCTTAGAGCGTCAGGAAGGTTCGGCTGTCGGTAAATTCCTGAAGCGGGGAAGACGTTCATATTTTGCCGGTGATGGTACTGGCTGCGCGCGTCGGCTCTAAAACGTGTTCATCGGAGTGAAAACAACACCCGGCAGAGAGCAGTGGCCAGATTCCCGCTCGTTATGTGTACCTTAGTGTTCTCGGGAACTGCTTCGTACGAAGAAGAAGGAGGGGGGGGGCGCTATGTTTCTCAGTGCC,1291,50.89,Caenorhabditis elegans
SEQ_562181,AAAGTGGACTTAAACAAGTAGGTCCGTCTCGTGGGGCGTCCTATATAAGAGTGAGTATAAGAGATTTGCCTCGGCGCTCAATACTCGCTACCCGCACGAGATTACTAAGTTAGCAGGTAAAGTCGAGCGATAGCACCATAGGATAAACCACACTGACTTCCCGAAATTTCCGCAACATAGGAGGTCCCTTAACGAGGCTGCCACCTAACCTAGTTCGTTCCTATAGGCTACCTAAACAATTGACCATCGATGGTTTGTATACCGCACTTAGCCTTGTCTAATTTCGTGGGGTTATGGGCTCTGTACCTTAATGAGTACGCGCGCGACGTATCATCTCGACATCTGCACTATATTCGCGCGGAAACGCTGGGCCACGACTAACGGCAGGTCGTTCTCGGTTCTAAATCAGCGTATCCGAGCGCTCCCCCGCTACCGATCCAGATACCCAGAACCTGGCAGTACTCGTTACCTTCACTGATTCGGACAGCCCTGAATACATACGGCTGACATTCCTAACACTATGATGTCCTGACCTCCCCGTGTAGTTGAAAAACCTGTCCCGATAATAGAGGCCTAGTACGCTAAGAACGGACGTTGTCTCTTATCGATCCAAACGCTAGTGATTTTAAGTTACCACGATAATCTGCCGCAAAAGACGCTGTTTCCGGCCGACCAGCTCTAGTCGGTACCTTGGGACACTCCTTCAGAGGAACGCCGTAAGGCTTAGTTGGAGGTGGGGCTACTGTCGTTAGGTTATATTGTCTTGCTGGAGAAGCCGGGCGCGTCTGTATGGATCAGCGGCACTGATGAATATGGGTCAGCAGAGCGCCTCCATATTACCTTGGGCTTACGAAACCCCTAACTTCACCCATAAGGTTCAAGTCTCTCGACCTATTCTCGCTGAACGGCACCGGCAGCCATCGTACAATGTACGTTGACTGCTTGCAACTCTCACCCGCGAATCATCTGTCATTATCTAAGCATGAAATCCATGCCACTATACTCGCCGGTCTTATGTCCATCGAAGAGCTGTACGAAACGTCGGTAGGCAACAAGTTCGGTTCGTTCGGGGAATTAAATAAAATGTAGCGGGACCCTCAGGATAGAAGAAGGGCGCTATCACTGCTCCCAGCGTATCTACATAAACACCAAAAGGGGATATTGCTAGAGGCTCGCGGGGCTTACGCGGCAGATGGGCCTCGCTGATTACGAGCCTCCGGATCATCTGGTCAGGCCTGTGAGTTTCTGGCTTGCCCAGATGGTGAATCTATTACCACCTCGAACACGAGCTGCCAGCCGG,1300,50.85,Escherichia coli
SEQ_407779,TAAAAATCGTCCTGACACCCCGAGCCCGAGTAGAATGCAACTTAACTACAGAATATATAAAAGCGGCGTTTGCGTCATACAAAGGGACTTCCACTCTATCAGGCGACTCTACCTGGCGTGATGGGGTTGGGGCTTCCGTGCCTTTAGTTATAAGTCCTGCTCTGTGCTTGCTGGAAATTGGTCAGTATCAGGCGTAGCCATGCAGTCTATATGAAAGTATTAAAGCTGCCGCGAAGTTCCATGGTTGCTTCCGTCCCAGCCTTTTCACACTTGAGTGTTTGCTAGGTGTGACTTCTTCGAGACTTTTTACCGCGTAACCTTTTTTAGCACGGGGTTCTACGATTTCTTCCAGAGAAATACCGAGCGAAGGTGCGCCCTTGTAAGGCCGCGATCCAGCTAGACTCGAAAAGGGCAGCATTCAAGAAAATCATGACCATCAGGCCATACGTCCCTCCGCTCACTGTGTGACCGGGAGAGGTGGACGACTTAAGTCAGCCATAGGAGCAGACTCTCACAGGCGGTCCTCTCTTCTACCTCTAGCCTTTCGTACGAACATGGGTTGGTCCTACATCCGAACATTTGGGACTTAGTGCCGGATTGTGTAATAAGAGGTCTGTAGTATGTTATGTTTAGATCAGGAAGAACAATCCCTATTGTAATGACTACAGCGAACATCTCCTCCCACCTATGACAAGATGGTGATCTCGGCAAGTACACGCAACCGCATGGTCATTTGGCTAATCGTTAGTCGATTAGTTAGCCAGCACTCCATATTGTACCTCAATGTCGTACGGCCTTTTGTAGATATCGAGGTCTATGACCCTTAATCCCGAAGGTGCGAGGGTGGGCGTCACTGAGTCCGTCAAGCAACTCAACGGTTCCGGTCTAAGGGTATTCGATCATCGCTACTCTTGGATCAGGTTTTGGCCGGTGACAGATCTGTGCACCCAAGACTTACACGATGGTCACTTCCACCGAAGAAGAACGGCGCCGGTGCGTGAAAGAGTACAGCGGAAATCAGCTAGATTGCTCAGTAACCCCTTGCATCGCCCTACCATAGCGCCGATAAGGGTACCGGACTCTTGAGGTCCATGATCCGCAAGAGGTCTTGACAACACATGGTTGCTTGATCTGGCGCGGAGCATCGCCTTGGTTGCGCGACCACCGGTGTGGTGCTGGGTCCAAAACTATCCAGACTGCCCAATCGGCGATTATTATCCGTGTGCCTGAAGGATGTATACCCGATTCGTGCATTACGCTGATAGGCGCGCGTCGGGAGCAGCCCTGGCCCTTCTGACGGCACCTGCCAGCCAAGGTCCATACGAGGACCATGCCTCGAATAAACGTACGCGCTGGGGATACACTCATTGCTCGTAAAGCACAGGGAACAGACTACTACATGAGGTTTCATGCGAGTCGTAGTATGGCTTTTATCATTCCCCACATCCTGGGCACAGCGCCTACACCATTCCATGCCAAGTTTTAGGCCACCGCCCAAAGCACTAATACGCTAGCACCACTCATTCCGGTACTGTAGGGTAGCTTCTCCTGAGAGCTAAAACGGTCTATACCTGCCGTCGGTCGCAGTCCATTCGTTCCCTCTTTCACGAGCAGGGCAAAAAGCATCATGTTTACTCCGCGTCGTGCGGGTGACCCGTCTATTTACCAGTAATAAGCAGTGTTGAGACGGACGCCAATGTATCCTAAACCCAGTGGTGTAATTTGACGTGGAAATCACTCCGAGGTGTAACCGTCCAGTGGTTCATATTTTGTTCTGCTTGCCCTAATTCAAGGCCATCAA,1801,50.86,Escherichia coli
SEQ_819234,TGTCGTAAGAGGAGTAAAGCAATTTAAGATTTGGTGGGCGAGTCCAACTGGCCTAGAGTCTGGCGGAATAGTAATAGGGCGAAAGTTTATTTCCAAGGGCAAGTTGGCTAGAGATCTTCCCTGAGCTCAAAAACGACTGTATGCGGGCTTGCCGGTCGCAAATGTGTCGCCATGGTTGTCCAGGGGGAGAATTTTTGGCATGATAAGCTTAACTTCGCGGCGATTCTTAGACGTCGCTTCGATAGACAGCTTCCGAATGTACAGGAGCCGGCGCCTGTCAGCCCTCTTGATATGGCAGGCCCCAAATCGAACCTTCGCTACGCTTAAGGATTACAGTCGTATAAATCTCCCGAGGTCTCAATAACCCCG,369,50.14,Homo sapiens
SEQ_829154,GTGCCACATAAGTCAAGCTCTCTGCAATGTTTCCCTTACCTGGGAGTGGGTTTCGTCTTTGACCTCTGCTTTACATCCACGAGTCCCCAAGAAAGCAGCCATTTTGAAAAACCATTGCCGGAGGAAATTCTATGTAGATGAGCGCTGTTACGCGCAGGATTGCCCCAGCCTTT,173,49.13,Arabidopsis thaliana
SEQ_363197,GGAAGGTACTCTTAGAAGAAAGCATCTCCGTTGGGGTATCAAGCTATTCCGGAAGGAGGCATCCGTCGATATTTTTGTCCGTGTCGCCACTTTATCGGGGATAACCAAGCCGGGGCGGAGGTGACTCCGACACATCCGCGTCGGTGACTATGGGACTGATAGAACCACAATGACAATCGCAGTTCTTATCTTCTGGCGACGACGCTGATCCCCTGTACTTCCTGCCACCGTTCCGCACGCAGGCCAGTTGTCACCCTGCGAGAGATCTATTCTGCCCTCATACCATGTCCAAACCTGCTTTTCTGATGTTCTCACATCGTAGATAATCTAACCAGTTTAGCCAACTCAGGCTTCTGGGCCAAGCTGCGCTGCAGCCTGTCGGTTACGAACTGCATCGATGTGGAGCATTGTCGCACATCGTTTTAGAACCCTATGAAGTCGTGCTACGGGAGCTAGACATGCGGGCTCACTCACACATAACGGGAGACATCGAG,494,52.63,Escherichia coli
SEQ_563208,CGTGCTGCGTCACGCTTCCCTAGGGCATTTGGACGGACAGCACTAAACCCCGCGCAATTGACGTGCACAAGCAGAGCGTTCTACCTCCGGGCCTATGCACCTAACGCGCCAGAGCATGATTGGTTTCTGGAAAAGTGCGGGCAGGTGAATCGTATTAGACGTCAGCTCGTTCGGTCAAACTACCCTCATGCACTCACACGACCGTTGGAGGTCGATCATGAGTGTGATGTTATGTACTAAGAGCTCATATGTGGCGGCTTGGAATGGTGAATGTGTGTCGTCAGATGCACATGATAATAGAGATACTACACCACCTCCGGTTATAACACCA,331,51.66,Homo sapiens
SEQ_574187,CATAATAGCAATTTTAGTTCTTGTGAATAGTACATTTCAGTCGTGGAGTTCCCATAGCTCGCGACAAGCGACTAGGCGAACCCGGAAATCTGCGGATTACTCTCTAAGTACCTAACGTAGCAGATCGTGGGCCAGAAATTTCAGTTCCATAGTGTCCTCTTTTAAAAGGGCAGCCATCGTCCCGTTATCATCTGTTAATGTATGCGTAGCTCGCGGGGCCCAGTTACATCCATTCCCGTCTATGGAAGTTTGGCCGGGGACCGGGCATATGCTACATGAGGCACTCTGCGGCAGACCCGAGGCCTAGTAGTATGAACTGAGAAAGCAGGTTTTAAGGATGCCGTGCGTGAGAAGCTTTTCACCCAGAGGCCACTAGTAACAGAATGAGAAAGCGTCGCGGCTGAAGAATGGAATGCGGATTTCTCTCTTCTCTGAGTAAATGCTAACGACCCAAGGTTTAGCTTCAGTGGCAG,473,49.05,Drosophila melanogaster
SEQ_549222,CTAAGCACAATATTAAGCACACAGCAGGCCGTAGGTAGGGTACCGCGTGCTATGCCCAAGCCGCAGTGTCTACCACAGAGATGAGTTACAACCGGTCTTTCAACCGCGCACGTCTAGAGCTCCCTCAGTGCAGAAGACTCAACTCGCTGAGTGGCCTTGGAATGAACGTGTAGCCACGCTTTGTCACCTTGCGCCAGATACCAGGACGTGACCCGATTTCCCCCCTACGGGAGTTACCGTATCTAGGGCAGGACCGAACACGAAAGCGAATGTTAGCCTCCGTCACTCGGCAAAGTATACTTCTTGGGAAGTAACCAGTTAAGGCTCCGTATTTTTGGGACCTCGAACCCCGAGAGCAAATGTCCGTGTATGTACGCCGAAGATCGTCTCAGTCTTTCGTACAAGGCCCCATATTCACAAAAGGCTCGGACCCCAGTTGCGCCGCTAGCGCCCATGATAGAACAGCAAAGAGTCTATCCTTCTAGTCCACCCTATGCTAATTAAGAAGCGAGCTATAACTGGACGCGCGTAGCCCGTCCAACCACTTTTCAGAGTCCAACTCTTTCGTTCACATTACCTGGTACATACTTACGAGTTTTTTAGCCGCCCGCGAGTGTGCGTTGACATGCTGCGTCGATTCTACCACGATCCCTGAAGATGCGGAATCACGATGGTGGCCGGCGTACAACAGGCAATCCCATTGTTACGGGACTCTCCAGCGACGCGCAAGCGGCTGTGATTGTAAGCCTAGGAGCGGAAATGTTGACTTGCTTTTCACGCCGCGGTGACCCGGGGTGTTGACGACGATTCGGGGTGATCTCCCTACTTGGATCGCTTCCTTAGGCTTTCGCCCCAGCGTATTACAAATCACTCTTTTTGCACGACAGACTAAATCGAACTGCCCTTGGTGAAAATCGTCAGATGGTGCCTAATTGCTCTGCCGTAACACTATCGACAACAGCCTACGGGTTAGTCTAGCTTCATTTTAGCAGTTAACGCTGCTGGATATAAAATACGGACACTCTGACGAGGCCATGCTAGCCGTGGGGTTCAGAACCGTGGCCAATGATGAACCACGGAAGCATGTGTTGGCATGGCTGTGTAACGTACATGTGTAAAACGATTTTAGGTGCATACTCGGAGTTCGTCGGCGTGATATCGGTTATCTGCTACGTGGAAGAATGCTTACAGTAATGCGAGCCACTGTGGAAATCTAACTTCCATGATA,1228,51.38,Escherichia coli
SEQ_348207,CCTGAGTGACCAGCGGGGAGCAGCGACCAAAAAGCCTGCCCAAAGGTTTGGGGAAATTACACTCTCGATTTTGGCTCGAGTAAGACGAGTACTTAGTCGCCATTCAGTAGCTCCAACCATATGAATCAATTTCGTAGTATACCAGTTCGGGATCCCATACCCGGCCGCCTAAAGCTGCAGTGACTGCCGGTCTTTCGGCATAAACCCTCTGGTCGAATACCTCAAGGCCCCCCTGTATCTACGAGTTAATGGGACCTTGCTTCAAACGAAGCTTCCCCCATAACCGATGACCGTACTGCAGCGACAGTCGGACCAGGTAGGCACTACACTATTGTTGCTTAGTCTGCTGTACCGACGTGGATGTCTTATCGAAGACTCGACCTGACTGACCCATATAACTTATGTTGTGGAATAACCTATGTTGATAGTGCACCCATCAATACCGCCATACTTTTAGGGATTGGGGTAAGCCCGTAAAATGCGTGACGTAGATACTTGCCACGGATCGGTAAACTTGTCTTGAAGACCCTCCCATTACTAACTGATTATAGCCCGTAAGCTCGGCTACGTGTTACCAAATGCTTTGTTATAGTGGCGATCATACAGACCGAAGTGAGAAGAGTCCCTCGAGACTGAGTCGACGACGATCCCCCGCGATGCATGCACGTGCAATCCGGAACCAGTTCTACGTATGTCTCA,699,49.79,Escherichia coli
SEQ_810524,GCCACCTTTGTCGTCATTGTACGTTCGATGATAAGTAGTGTGAAACATAACTATCGCACCAGCATCACGCTGGGCGTCTGGATCTTTTATGGTTGTAAAGTCCTCGTAGTTGAGTGACAGTGCTTAAGCACCGACTCTAAGCATCCCAGCGCCCGCGTAACGAGCCATGTAACTAGCGGCTCCTGTTGGGATTCCCTCTGCACTTGGAGTACGAACTATCGCAGAGACCTCGCGATAAAGGGGCAACTAACTAGAGGGATTAGAGCCCCAACCTAGCCAGTGGCCACGCACGATTAGGTGAAAACTTGGCACCCAAATCGAGTTAGGCAGTAATACAGATCGCACTTTCGGTTGATCGACACGCTGGGATTGATTCCGGAGCACGACCACCCCCTGCTCTCCTCCGTAGGTGCTTCCCACAGTGACTGCGAGGAGGTGAGCCGGCCACCTCTACCTCTTTGATTGGACTTGCCGTCGTCAAAAGTCACGCTCCAATCTGCACTTGGCCCCTCCTCAGGCTTGGAGACACGGGCCCAGGTATCTCCTTTCCTTTTTAGGTCACTGGAAGCGACTTCCGTTTGAACTGTCTTCGGTGTACGGAAGTCACATCTTTCTGCCAAACCCGAGGAGCAGCGTGACACTTAGCAAATAACCCGGCGATCATATCCTAATTATCGGGCATGCCGATAATGAGCCGCTAGCGAGTCTACCTTGGACTGTCTGCAGGACGTCTCACCCTTTGTCTATCCATGCCCATCGGGTTATGTTCAGCAAAGGGACCCAGGATACCAGTTGCCACGGCAACATAAGTTGATTGTTCGACATTAGCGGCCTCCGTGTTAATCACGCCAGCGTAAAGCAATAACAATATTCTCGAGCCAGCGCGAATGCGGTGAGTCGTATTGGTGTAGGCCACGTAACATTTCTCGGATGGCTCACCGCCTCTATCATGATCTCTAGCAACTAGAAGAGCTAGGCTCGATGGGCCGCATAACGTCTGATGGTTTTGCCACTTGTTCGCAAGCTTACGGTGACGGATAAGGATGGAGATCCTACCCTGGGGCTAATGAGGAAACCGGTTTGACCGGGCACGCAATCAGATAGGGTATGGTTCCCAAGGTGGAGTACAGGCACGGAAAGACGTAGGCTAGGAAGTGGTCTACTCTACTCCGTTGAGGTTCGGCGTATCCACGTTAACCAAATTTACATTCACAGGCATCGGACTGCTCAGCGCAGCCGATTATCATTAGCTGAGACCCTAGACACCTGCAACTTAGCCGTTACGTACGGCTGTCCGTTAGCGCAGCTACTCGAGTAAAATGCAAATGGCATACATAGGGTCCACTTTTTGAGATATGACTTAGCGGGACCATGTAGGTTTGGCTATGGGAGAGTCCGAAATGGCCGTCTAACTCCTAGCCATTTACTGTCCGCTATACAAGCCCCTCCACTTCCCATCGTCGGATTTTTATTGATTCAACACCCCGGTGGGTCGCAGGTGTCGCAGTGTGCATACCACACTACGTCCAGAAAGTTGAGATTGTTCTTATAGCTTGACAGAGTCGATATAGGCCTATGTACACCTCAATCGAGTTCCGTTTTAGGCCCGACGTTATAAGTACGGGACGATTCGTCCATTAAAACGCGGTAAACCGCTGCCTGTAAGGAATAGGCACGCAAGTACGGGTCGCCGAACTCCTTGGTAGAGCAGGCGACGCGGTTCTCCGAGGACTCAGGGCCTGTTAACGGATTACCCTTGCTCTTTCCGTGATAGAAGATACGTGCCGGCTGAATGGACCTCAAAAGCGTTGTGTAACGATGTGGGTCCTGTCTAGAATCTCTGGTCAAGTTCCGTGAAGGTCGAGTCTGGAATAACGTAAAGCTGTATTGAAGAGAGAATGACTATAAAGATTATGGGCCTACGTAACAGCGGTGTCGTCAAAGCGCGTAGAGCCCTTACCAAGTCTCA,1969,51.3,Caenorhabditis elegans
SEQ_553589,CCAGATAGCAGTCCACAATAAATCAATATTTCCTCAGGACTTTCCGCTTCAACTCGAGTTCCCGACCAACTGTGATTGGTAGACGTTGTCGTAATTCAGCTCCTCAAGCGGGATTGATTATATCTAGGGACGCCCGAGCGGTGTACTTCAGACGTCAAGACACTACTCAGGAAACCAGCACGGGGGTAATCGAGGACAGAGCGACTCTGAATGATCGTGATCCTTTTTAAACGAGAAAACGAACCCTCTGGAAACGAGTGGTTCACCGATTACCCACTCCGTATTATCACAAGCTTAGCCTATGTCACAAGTCGAATCTTGGGGCAGTCCCGAGCAAGTCTATGGGTGGTAAGCATCCTCTCGCCAATGGGCCCATTAGGGACTCGCCTACAAATTCGCTCCCGCTTCTGGCTATTGATTTCTTTAACCTGTAGCAGTTCCGCCGCTGTAGGTAAAAAAAGGTCCCAGCCAACCTACGCGTGCGACTCTCGCTAGCTACTAAGGGCGTATCGAGACGTACTCCACTAGCGCAAAAATGACACGTCCTTCCCAGAGTTAAAGGGACCAGCAACTTTATATGTTATCTTCCAATGAGTCAGTCCCCCGGCCATCAACCGAACCTGGTCTCTTATTGAACGGGAGTACTCTTTGACGACGGAGACCTATGCACCGTCACGGCGAGCTCCCAGGTAGCCCATCCAAGCGTCGTTGAGTATCTTGTGTAGCAACCTCAACCCGGGGAGCCGGTATTTTGGGGGTGGCCGGGGATCGTCCATTTGAGGCGCTGTGACTCGTTGGGTTACGTCACGATACCGAAGAACATGATACTAGCTAATTCCAATTGCATCGGAACGCTGTACATATAAGGGTATGATCGGATACGCCCGCGTGTGTACTCGTCTAGGCCGGTACGTGGTGGTGTGGTGCTATTTCATGCCGCTCCCCCGCACGAATCCCTATTTGGTAACACGACGACTAGACAACTGAAGAGCATCAAGGACAATGTCCGGGTCTTAAGATGGGCGGTTAGTAATGCGCCAGTTTGGCCGTTCGATTTCAATGCGCGTAGAGGGCGGGGACTGCTTCCAGGGAACCCAACTTAGGGCGAGGCACAAGCAGGCATTGAGTGCCTCATCAATCGCGTCTTTACAGGCATGGTCGTGTCCTGCCCACAACGGGCTCGCCCGTAAAAGGTCCAAATACACTCGCAGGCCGTCTAAGTTGCGCTGGGACTCCTAGTTATGACTTTTGCCCAATAGGCTGAGGTACCCCTGAACGATGTACCCCACAGAACATGGTCATGTCTGCTTTGGTGCACTGGGACACAAAACGCATGGGCCGAACGTGACTACGATAGATGCAAATTGAGTATCGATAGAAATATATCACTCCACTTTCCATATTGATTGGACTTGCGCTTCGCAGCTTAACGGACGGAAAGGCAACATATCTCTATTAATATCGTTTGAACGGAAGACGATTTGGCCGCCACCCAGCTCACTGTGAAGAATATTCGATGCAAAGCTCGCTTATCCGTACATCATGCAAACGCTTGTGCTCGGCTTTGGTGTTTCGACAGGTGCGAAGAAGGATGGGGCATGTGGCCGAATACTGAGAGATATTTAGTGCCACTATGCAGGTCGGAGAAACGGGTGCCTGAGTTAAATTTTCGTTAAAGTCCCGGAGGGCTAGTGTCCTATTGTGCGGTTTGAACCTAGAGGGGGTGCTCCCCAGGCAAGGGTCACTTCTCACATCGGACTTGGATCACGATTGGATACGGTCATTTTGAAGCGTGTCCACACGATCGGACGATTGTCTAACAGGTGAAAGCCTCGTACGAGGCCTGTCCACTCATACACCTAAGGCCCGATACTAGCGCGAGATGAGGCCGGTCGCCCTTAAAGATTTATTTATATACTGGATAGAGTAAGTGTAACGACCAATAGCGGCGAGGGCACCTTGAGCGATCCCCTAGTGAGACCGTCCTGCAATGTTTT,1997,51.08,Drosophila melanogaster
SEQ_356908,CGAGGCTTAAGTCAACTCTAGTCGATAGGGCGGAGTTCAAGAGTATCGGTGCCCTTCCCCGCCATCGGATATATGCGTACGAACGAAAAAAGGATGAAGGGCTAACCCATGGATTCTAAGCGATCCCACGTTCACTGCGTTCCTATATCCGCCGTTTGATGATGTCTAACATGCCAGACGGCTAAAAGGTGGTCGGACGCGAAGCGATTATTTAATACAAATCGGGGCGGCGTGTAGACTATGCCGTTGACCATCCACACCGCTGGCGGACGACCCAGTTTCCTGGCTTGGTAAATGGATCCATAGGCAACACTCTCCCCACGTAGGTCTCGTCGGTCGCCGCCTTTGCCCATACTTGTTTGCACCGTGCAGGTAGAGCTGCCAGCAGGACGCCCCCTCGGAAGGCCCCTATCAATACTATTGGATCCCAATCTTTTAAGGGCACGCGCACTCTATAAGCGCGCATGGAGATTCCGTAGAAGGTGAGATACGTCCGCTACAGAGATTCCCTGCGCACACAATGGTTGTTAAGCCGGATTTCAAATGCCTTTAACTCAACAGGCCGGCGATACACATTGACATTCATTTGGAGCCTTGCACCCAGGAATAATATCTAGCCTCCCAATATACATATTGAAAGCTCGAGAGACCTCAAAACATCCTGTGAAGTAGAATGCGCCACAACTCGGGATGCGCCGCTTAATCAGAGCTAATAGCCGACGAGGCCATGCTAACCCCGCGAGATCTAAACGTGCTATGAGAGTAGTACTGGTAAGTCGGGTCTGGGGGGGAACGTATCCACGCAAGAAGCTAAGAGCGGGACGACGAAGCGAAATAAAACGGCAGAAATGAGCCTACTTCACCGGGACGAGATAGTTGGAACGAGCTAAACGAAATTGTCAACGTGATTACGCACGTTCATTCTAAGAGGTCGAGGTTTCGCAGGGCGGTGACGGGACTACGCGCGAGAAAAGAAGCCGAGACAACATGCGAACACTAGCAAATATTTCCACCTTATTAAGAGGGGGCTCGACGCGGGCAACGGACTTGTCAAAGTAGCCTAAATCCCCTACCCTCAGTCTAAAAGAAGGTTTGTACATTGATTGGTGCTGGACAATCGTAGATCTCACACAGCGCTATTAACCGGCTGGATGTGCGAGTAAGGAATACAACGTTGAACCACCTATAACAACCCCCGTGAACGGGAAGTGTAAATTGTGTCCCTACTCTTTGACATTTAGCTTCGATCCTAGCGCAATGCGTCTACGAGCCCACCGGGCTTACTCTTGTCTCAAGGAGGCACCACGACTAGTGACTGGCAGTTTTGTTTCCACCTATACGTTCGCCTGCATCCGCGATGTGGTTTATCATGACACATTTGATCGTCGAGAAACGACTCAGGTCGTCCTTGGTCGCGCAATCAAGCCAAACATCGCGTCCGAAACTTTTCTTAAGCGGCAGGCGTAGAGCTATGCCCTGTCTTCCACCCAGTCACTCCTACCAATGCAAGGGCAGATGCCACACTGACCGTGGTGCACAATACACACTAGGTGCCCATCTGGTCGCGGTCCCGGAGTCATTATGATTTCT,1590,51.19,Escherichia coli
SEQ_240020,CCATGGACACATCGTATCTTCTCAAGTCTCAAGAGTATATGACTTGACGTTGTTGGCAGGCGGTATGAAGGTAGTCTCTCACCAACGTAGCAAGTGCATAGTGTTGGCCGCGATGCCGAAAGGTCGACTATTGAACGTCCCGTCAGCCTACTAGTAACATGGATCGGTCTGACCTGCCGCATTCACTGTTATGTCGGACGAGAGAAAGCACGAGACGTCCGCTACCTGTTGGCCCATCGTCACCTAGCAACTGCGTGGACGTAGTTAATGTGTTGAACGTCATTATAGTGGGTACCAGAGTACCGTACCCCAGAGGCGCCCGACAAAGGGGGCGTTTCGAAGCTCATTTAAAGAAGCGCAGATCGTCTGTCGAGTGCT,378,51.85,Caenorhabditis elegans
SEQ_473790,TTCTAAGACTTTGACAATGTACGCTCGCAGAATAGGTTGTCAGATTTACTTAATCCCTCGAACTTTATACATGTTAACTCATACTGTGCAGTCAATGCAGATAAACGTCGGAACTTCGATTTTCTGTCCTTGAAAAAGCACGCCGACTCTAACGCTTCGCCGATGTCTGGCGCAGATCAACATTGTCGACCATAATAATTCATGAGTACGGTAATTACGCCGACAATTTGCCCGCTCCATAGATCTCAAATTCCCGTTTGCTCGCCAAGCCGGTACTAATTGTTTGTGATGCTACGACAGCCGAGGTTTACAAGGAGGGTTGCCCCCCTCAGTTAGACCGAAAAAGGTGCTACAACGATAATGAAAGCGCCCGGCTGGTAGCTACGCTGTCCTCCCGTGTGCATATTCATTTAATGTGCGCCTCCGCCTTGTCTCCCAATGCAATTGGGACAGGTGGAATATAAAGCCTAAACCGCCGACGTTTAAATCGATCTATCCCTGAACAATCATAGATTTAATGTTCACAAGCTCCTCACGCGCCAACAAACTATCGTGGCTCGGTATGTGCGGAGAAAATGGCTAAAGTACCCATGAACCAGCGGAACGATTCAGCATCGACTTATATCGAGAGTGCGAGGATGTCCGGGCTAACGTGCTCTCCTTATACCGCGGTGGCGCGGGTTCTGAGCGCCCTAAAGGGAGGCTCATGAGTTTCGTGCCCTGCGTTGCTGTTTCCGAATCCCGACGTCTCGCACCGCGTAACCGGGCAGTTAAAATATGGACGGTGTGAGGACGGCCGGTCAGCGACTGTTCAGACACACCATTATGGCTCGCAGGCTCGTCACTTCTGTTATCTCTTACGCCGGGGTGAACACCGGCCGATAGCCAAGTTGTCGTCTCTCTAGGCTGATAGGACCCTTTTCCATTCTTTGGCTTATGTTCTTCGTTACGAGGCTGCGACCGCTAGAATGCGCCAGATTATGTTTTCTGCCACGTTTCGATAACGAGGGTTTAGAAACTATATGTCTCTGCCCTATGCCCGATGGAGACATGCTGAGCCCGATTTCCTTAAATGCCTCACTTGGGTTCGTTGGCGCCTTCGGCGCTTCTCTGATCGCTAGCGTCTATCTCTATGCTCAGGATACACGCGAGAATATACGGCGTGATACCGTCCGTTGGATGCGAGAAGCAGTCCCGGCGCCTAAAACGCACCAGCCATTAAGCGTAAGACGTTAAGGAGTAGTCGCTCTTCGCGTTGGATGAGAGACTGTGCAAACTTGAGGCACCCAGGTAGGGCATAGCTGCCTTGCTAGTTCACGATTACGTTTTCTTCCCCACAGCATTACCGTCTGTCTTAGTGCTGGCTGACAGCGACATCGCAGTACGGGGTGGCGTGAGGTTATGCTGATGAGGCTCTAGTAAAATCACGAATAACTGCCGACGTCTTATCTCAACGGCGATCAGGGACGGTGAGAGCTTAGGGTTCAAAAGGGTTGGTGTCTATACAATACGACCGCCGCCACTGACTAGGTTGTACTCGCGCTGTAACGTTATATATCACCTGCA,1566,50.51,Mus musculus
SEQ_684139,GATAACCACTTGGTCACAGCAGAGGGGGACGCAAGGCGGACGCTGGGCTTCGGCGTTCGCAAGCAGCGAAAGACGTCCGCGTGCAGCGACATAAACTAGAGTCCCTTCACGTACCTGGTACAAGGCTATTGTTAACGCGTCTGCCACTGGAGAGTGCCATCGCTAGGAGTTGCGGTAACAATAGATTCATGCTATGCACGCTATCGTCCAGAACCTGGGGCCTGGATTTTCCGATCCGTGACGCTACAACTTAAGGCCTCGTGGCACAACACCCTCTTGGAGCCTATTCCGATTGCCTCGAACCCGTTTTGCGTCA,316,55.38,Arabidopsis thaliana
SEQ_148618,GCCCCGTCATACTGTAGCGAATCTTGGAAAATCGCCACGGTATTAAAACTCCATATCGGGCTCGCTGTGACCGAAGATTTGAACAATGACAACGAGCCAACCCAAGATGAACAGGTAAACGCATGCGCGCGGGTAATGGCAGTATTTCGGGTGCCACCATGTGTTATCCGTATGGCGGGTTGATTCACAGCGCGTAGAATCGATGCCTTCAGGCCCGCCGGTTGGTTGAAATAGCACTCTCAGACACAACCCGATAGATATGGGGTCGCTGAGATTTCCACCATGATCACGTTAGGCCTCATTCTTAAGCCTTCTTCCGGTCTCGAGTCA,330,51.21,Arabidopsis thaliana
SEQ_790109,TCTGGAGGCAGCTGTGTGCTTGGCCAATAATAAAGGGGGATAAAATCAGTTGGTCGAGGTCATTTCTCAGTTTACAGTGCGTTTGTAGCGCCGATATAGAACTATGCGTAGCGACCCCAAGCGTAGCATCCTAAAGATGGACTAACGGTCGAATTTACGGGGACACCCTGGCTGGTGATTCGTGATCCGGTATTCTCCAGATAACTAGTGAGACCTACTCTGAACACACGCCTGATACATACTTTGCCGACTTCAACCGTGCATATGTTCTTGCCCGACAGACACGCTCGGGGTTAATACTCGGGCTGATGAATCAACACGGATCCCAGTGGAAACACGTTTGAAGTGGATACTGGAATCGTGCGGCGCAATGCTTTGGGTAGAGCAACATAAGAAAAAGTCTGACGCCGTGCTGTGTCCTCTTGTGTACGTGTGTAAAATGGGATTTTGCGACTTTAGAGGTTATAACTTAACTAAGCTGTGAGTTAGACCCCGATGAGGGCCCCAGGAGCAGATATTCGCTGAGCTTTAGTGGTTCCCCGGTTCGCATGTCCCTGCGGTATCGCTTCCAAGTAACCACCCGTACCTTACCAGCCTGTCACCGCAAGGCTACGCTTAGTGCCAAAGAATGCTATTTTTTGTGCGCTACACGGCCCCAATAGAATATAACTGAACTGATCCGTAATTCATCTTATCGGCAAGAGGGCTCATGGTCTCTTATGTACGGTGTACGTTCGGTAAGACTCGCTCGTTATAGGCGTCTTCGCCGACAAATACTTCAACATCTAGGTCCCCAGCGTAATTGCATCTTTGGTTTGTGCTTGTATTGTTTCAATGCCGATAACTAAGGTTAACCTCAATCACATTTGGAATTTTGATATTACAAGAACAGGATAGCTCCCGTAGGGACAGTTCACTCGTCGCCGCTAGACTGGCTAAGATTGCGGCAAGCGCCTTGGTTCCACATATAGACTCCTCGGAGACGAAGAGCACACTGCACGTTGTTGCACCTCACGGAATAGTCCTCGCCACAGCCGCGCACAGGATAAATCCACCGTAGCAGACACTCGTTAGTCAATCGCAGTAGTCTAGGTAGTACTCTCGCTGTAGAAGGCATATATGGAGACGGCGGATAGTACCGGCCGTTCGTCCCGGCTCTGTGATTGTAGCCTGCGATGTGCAACGTCCTGTCATCCGAAGACGGCCCTCTAGCACGCGCTTTTCTACCGCTGCAGATATTCAGAGGTTTTCCGCATGACCTCCAAATCGTACAAGTTATGCCCGCTGTGGAATAAACCCTGATTCCAATGCCTATTAAGTGTCACCCTGAGACCATGTTAGTAAAACTCCTACCCGATACGGCTTTCCGCGCACAAGGCTCAGGGACCAGCTTTCGTTGTTGGTTTTGCTGTCGGTAAAACCTTTTGGGCGTCCAGTATACGGTTGTCAAAAAGTTGGCTGCAATGTTCCAACCGCGGCGAGTTAGTACCTCTGTTGCTGCCGAATCGGCGGATCCTCGTCCGCATCAGGCTGCATCATGCTGGTACATCTGTAGTCGGGCCGGTGGAGATAACTTATCATGCTGACTACATGCGCACTTGCTAAACACGGAATGGGTAGAGAGTAAGATCAAGACCCAGGGAAGAGATTCTCGGGCTATCTACAACTCTCCTCACTGTGGATACACTGCACAGCTCCGTAGAGCTCTAGTCCGCGTAGTGTGTGGACGCTGCAGTCAACTGAATGTGATGCAGCCTAAACGAACGACGTCCTCTACATCCCTGTCTAAGACCAGTCGTCACAGCTGCGAGGCCC,1815,50.25,Homo sapiens
SEQ_810033,AGTTTATTTACCATCGATCACGATTTATCGGCCGTGCAAGCAATGGACACCGCCCGTCAGGCCGCAGTGTCATGCATTCCACGCACGAAGTCCACGAGAGGCTTAATGCTATAACACGTGTATAGTTCTCTTCGGGTCTGCCGGAGATCATGACATGTCTTGGTTCGCTGGACTACATCCCCCCAAGCGATCGACCTGGCTTCAGATTCGGCTAGCGATGGAGTACAACCACGCCTATGCCCTGCGGTCTCTCTGGGAAACGGACGAAGCGCTAGAGCTCAGTCAGGGTGCGAATGCTCTTCCAAGTGCTTAGTGCATTGCGGGCATGTACATGGTGATACAGTGCCCCCATTAACCCGTCAACTAATGCAAAGAGGCTAATACTGGCCTCGCGAAATGTACTAACGATCCTAGCAAGGGCAGGTTGGGCCTCTGAGACGGCATAAGTGAGACAATGGACCAGAGAAGCCCCGGAGTGTCTAAGGCCCAAAGAATAGTCGAGGTCGTGGTCTTCCTCCATTCGCAACCAGACCAAGGCCAGCGGTGACCATGATTGCATGATTTTAACACCACTATGTTTATCCCTAGGGAGTTGAGCTCATAATCGCTTAGCACGTCCCACAAGGAGCGTCTTCTGGCCGCGCGCCAATATCTAGCTGCAAGATCCCTCAGTGAACGGGAGAGATGCTAGGCGCTCTTTAGATTAACCATGGGGCCATCTCGATTAAGTCTACTTGACAATTAGCTCTTCTCATGTCATAAATCTGACGAAAGACCGGGTTCCGAGTTAGAGTGGGCATTAAGAGTGTGCTGTTCATGTTGTGGAACCTGGTGAGCGAGTACATGCGTCTCACACCGGAGAACAGATAAATCTTTTGCATGCCTTCCCCTGTGGTGTACGGCGTGATCCTATATCGTTAACATTACGATTAGCTCGCACTTATAAGGTGTAACCTCCTCCGCGCGCCTTCTAGCATGCAAATAGCAGGGCCTCGTGTACAAGTTAACGTGTCCCTGGAATCATTGGAGTATTAAAAGTGTTACTAAGATTCAGGGCGTAGCACGAAGTCGTTTTTCTACCCGAGCGCAATTGAAGTTCACCATACACTCAAGCGTGGACCCCGGGTCAGTGGGCGTGTGTTCGTTAGCGCGGACTGTACCGCGAATGACAGAGATCGTGAAGTGCAAGTCGAGGAACCCCGGGTTTTAACTAACTTGCCGCTTAGGTTGATAGGAGAGATTCAGCGTGCGGGATAATAGCTCAAGCTACTCGAGCTGAAGTGGACCCGGAGATCGGAGTGCCCTATCCGCCGTGCGCGGAGCCACACCGGGCTCCTGATGAAAAGCGTCGGCAGCGGGGTGGTTTTTCATAAGGTGTTCACCTGGGCCGAACCCTAATCCACGACTGTCGCTGACTCTGGAGGCTGAGTTATATATCACGTTGTTGGGGCGCAGGCAAGTCTCTCCCCGTTTTGTTTAAGTAAGTCGCCTAACTGGTACTGCGAATGGAACAGGTGAACCAGTCTATGGTCAATACTGTGGAGTCTGTACACTGGACTTTACGTCTTCCT,1571,51.69,Drosophila melanogaster
SEQ_698593,AGACTACATGAGGGCAAGGGGTGCGTGGCAATCCGTTTTTCGAGTCGGATAATATCTCCCCTCCTCACAAAGGTCGCGTCCAACGGCAATCAGGTCCGGAAACAATGATATGACGTCTACACCAACGGAGCACCCCTGATCCTCCTCCGCTCACTAGCGCTATCGCCTAATAGAATGCCTAAGGGTTCCCGAGTGGGTGGCGCGTCCGCTTACGACCGCAATTCTTTTGGGGCCGGTGGAACCATCCCATAAGACGAATAATATCTTGATCTTCAGCACGGGGACGCTGTACGTACTATTCCAATTGCCGTCCCCGGGCCAATCATATTCCTTCCCTCCACGCGGATGCTTAACAGACTTTACTCCATTCCAATGCTGTCTGACCCCTGTGTCCGAGGTTACAGGGGGCCATACGACCCTCTCATCCCCAGATCGTACTATTACAGCGATAGCAAGACCGGGGGTAGTCCGCATGCGAGCCGAACATTAGGAACATTAGTGCTGAGCTAAACTTTATAGTGCGGGTGCGAGGGAAGCTGAGCGCTCGATCTGACGTCGATCACGCCCCAGCTGAATCTGGATGGGGCGGAACTACGCTAGACCCGCAATAGTAGTACATCTGATTACAGTATCACACCAGTACCCAATACACGCGCGTGTCGGTTTAAAGCAGAACCCAAAGTCGTGGAGCCGCTGTCCTTACTTTAAAACGAGCAACGCGCTAGCAGAATAACCAGATCACAAAGCCACACAGCGTGTACGAAATTTCTCTGCCAATAGGAAAGGCGTCTAGCGCGGCCCTGCAGATCACGCAGCAGGCATAATGTATGTGGAGGTTTCGCCGCCGGTACAGGTTGAAGGTGTCTTGGTGAAGATTCCCTATTATCCATTTTTAACTCGCTATATAGTATGCTGGGTCGTCCGGTTGTGCGGACAGCGGATCCCGTACAGCAACGAAACATGTATATACTCGGACACCTCGTCCAAAAAGTCGATAAACGTCGATTTTCGCGGTTCAATTTGGTCGCACAAGGCCATAGTTCCGGAGTAGCACTCGTTGCACCACGCGCCTCCATTTGCTACTACCTGTCGGCCCGAAGTTATCAAGCCTCTGACTGGCTGGTGCCCCAAAACCCACTGCATCCAACCAAATCCGATGGAATATCAATCTCTAAAAGTTACTCCCGCGAGTCGCTGCAAAATATAGGTTCCGCACTCGAGTCCAATCAAGGCGCCGTGCTTTCATACCCAAAATCCGGACCGTGGCGCCACCCTGTTTTAAAGACACCGAACTGACTATTACGTCTGGAAAGCGAGTCCATGCAGACGAGGCAGTGCCTGTCACTGTGGCGAAGCTAATCCTTCCCTCGAATCACAAATTCTGCTACAGCCATTGTCACAAAAACATCGATAGCCTTACTGCGCTAATGGTGAAGGAATTGTCCCAGTGAGGATCCAATAAAAGTCCTGTCTCTATCAAATGACGACATCCTTTAACAAAAATTAGCAGTAACGTTATTGATAAGCATCTTACGAACCAGCTATATTACGGCGTCCGCCAATGCGAGTGTGATACTTGGCGCGAACTCACGTCGATACGAGCGCTTGTGGTCCATTATCTGGTTGCATGCATCTCATCCTAACGTGTCAGGTGTCACAACTAGGGCCCTTAGCGAGGCTGGAAGGTCAGCAACCATCGTTTAATCTAACGTAAGCGCGC,1720,51.05,Caenorhabditis elegans
SEQ_778517,GATCTTTGGTGTTCTGGGTCTGCTCGTGTCACATTACTATTTCGACGATGGAACGTAAGATAATGCTTTATCCCTAATGTAACGCTGGATAGAGTGTGTACCAAATGGGTATATAAACCCAGTTACGAAGCGTGATAAGGCCGTCTCAGAATTTCTCCCTAGCTAAAATCTTTTTTGGAGCTATTAGATCCAGTTAGGCTGGACAAAGGAGGTTAGGAAGCATTTTATAGGGATCATACGTTTACGAAGAACACGTCAGCCATGTTGTACCCTGTATAAACCAATGGGGGGCCTCTACCATGTTAGTAAAGAGTAATGTCTCACAATGCCTCAGCATAGCTGCGAACGCAGTCAGCGCCCCCATCCCCTACATATCTGTCTCGTTATATACGCCTCTCGATGCGCTGCGCGGTTGTAAAGCTGGAATAGCCTAGCATGAGGCGGTAAGGCACTGGACGTCAAAGTTATTAGTCATCTTACCGACTAGATCATTGGTCACCAGACGAGAAGAGAATAAGTGGTTTTCCGGGGCACACGAATTATGCACTTACATCTTGTATTAAGTTGTCTGACAAGTCCCAGGCGGGAACAAATCTGGGTACGCCCGCCCTGAGGATTTAGCCTACTTGTCACGTAAAGGCAAGAAACCAGTGTTGTTAGCTTCCGGGGTGGCGGTCGCGACTGGAGAGCCCGTCCGTATCTCCCGTGCAGGTCAGGAATATGAGCTAACAAGGATACCTGACACTGTTCCACGTGAGACTTCAAGTAACTGCAAACCTTCGACGTGCTAAATTACGAAAACTTTTATAATTACCTTTGTTTAGGCAATTGCGTAGGGAGATGTGTGAATTGCTACGAATATCCCCCCGCCTGAGTGTGTACAAGTGCAAGAGCGAGCGGGGTGATAGAAAGTCCTCTTACCTACCCAGGTAATACTGGCTGTGGAACCAGAGAGCTTGTTCGCATGGCTAATCTTGTGGCCAATACTAAGTGGCGGCCTGGTCGCATCCTAAAGCCAATGGAATGGAATACACCTTAGGCGGCCGCTGTCATTCTAAGCTGATTCCTTCTCTTTAATTTTATTTGAAGCTGCACATGCCACAGCCTCGTCCCAGAGGATAGTCCCGCTAGTAAATCATCAGCAGATATTCCCGGGGTTCACGACTCAAATATCATCGCCTAACGCACGTCGCTCGAATGAATAGGCGGTCTCTTGTAGCTTTGAACTACCATGATCATCTTTTTAGGGGATAATATCTACAGGACGATCGAATCGGTACGCTCTCTCGGACACAACGGTGAGATAGTGGAAGGGGGGTGTATCACTGGTGAGATAGTTCGGTACTTCTTAGCCCAGTTATAGCTGGCAACAGCAGCTATCGACGCTGGTATTTTCGGACTACTACAGCATTCGCCGCGGTGAAACAACGCTGCAATGATTTAAAAGCGAAAGTACAAGAGTTCAGCAAAAGGGGTCCCGGTGTCTTATGTTACGACGGAGAGTCCCATATGTTACAGGGGGCATAAGCAGGCTTATGTAAATAGGAACTACCATATCACCCTCGAGACTAGGCACGATTGCATATCACTTATGTGGACCTCCTGCCGCTATCTGGCACGGGTGCTGGTTCCTCATCTCATTAATTCATGGTCGTAAACTAACGATCGTTGGACCGTAACAACGCATAGATCAGCACGACGATGACATCCAATGAGTTAC,1720,47.44,Escherichia coli
SEQ_444542,AGTCCGTGGGTCACCAGGTGGAGCAAAAACTTACAGATGTAACGCCTTAACGCCCCCTTTCGATTCCAACCAAACCTAAACCACACCGAGTCGGGTACGGCGTGACAGCGACGCAACCGCCATTCCATAACCCTTATCTTGCCCCGATTCGCAAAGGCCTGCGTTGCGCATGCGAGCTTACCCTTAACTGCCCCGGCCCGCGAGTGTAGCTATCGGAGAAACGCTCATATTACGGGCTACTGTTGAGCCTCCTGATATACAAGCCGACGTCTGCAGGTAGAACCATCCACACGTATCAGGAGACACTAACGCTTTACCCGAGCCCTGTTCGCAAGAGCACGGCGCATGCCGGGCCGCTATGCACCGCCGGGTAAGTAGCCCAGCGGAGTACGAGTGTGCGGGCCTTCACCTTCACCTTCGTATGAACCCTTGAGGCGGTAAATACAGAACTGACTAAAGTTGTCCTATGTTTCCACGTATCAGCAAGTTGTCTAACTAATGGTAAGAAGAGCGCTCTTTCATGACCCATGTTACTCGGGCGATCACGATACCGATGTGTCGGGTTGATGTTCACTACTCTAAAATGTTGACCCACTGCCCCTGTTCTTCGGTTACAGTGTACGCGATCTCTTTCCGACACAGTTTGTGGGTTGTTGGGACCCAGAGGTCAGTATCTCGGGTGCCTATCGGACGGCTGCGGCGTGCGGGTTACTGCAGCACAATATAACCACTTGCACCGGTGATATCTTTCGATGTTTTAATACTCTGAGAGCGATTCGCCCCGTTTTATGTTCGGTGACTCGGTACTTCAAAGATGGGCGGCCTCCCTTTGGCGCATGTCGGTGATCACCTAACGAAAGGCCATAAGCTCATCGTTCTAGTCCGACTCCAACGGCGCAGTTTCCTGCAGCGTCCACGACTCTTTGGCCAGAACGCACCCCGCTTGGGGAGCAAAGACCTGAGAACAACGCTTCTGCCGTCTTCTCACGAATCTAGCCGGCGAAGACGACCCGTCCTACCGGGCTAAGGGCAACAACATTGGAGAAGGGAGTGTCGCCGCTTGTATGGAATAGTAAGCGTTACACCTCCCCCAGAACGAGTCTCTGTAGAGAGTAGGAAGAAGCAACCCTCCCCAACACATAAGAACGCAGAACGAGGTTGTCTCGAAAAATACAATCCCAGTAATTGCCGAACCTCGCTGCGGGGCAGGGTTCGATAAGAGAGCCCCGCACAAGTAGTTGCGCATGCCACGTCTATAGCGTAATTTCGATTAAGTTGACAAACACCTTGGTACGGACTGAGATACCGAGAAAGCCTTCATAGGCTGTATCGGCAACGGGGCCGCACCCGTACTTATTGCAGAGTCCACCAAGTCCG,1377,53.52,Escherichia coli
SEQ_639183,CTCTCAATATCCAAAGACTTCAGCTGAAAGTCCGACCAGCGCGAGGGCATTTGCACCCCTGTATGCTGGAAGGGTATGTCTCTCCCCTCCCTAGTTAGGCCAGACCACTGTGGAACCGAACCGATCTCCCTATTAAGCGTATCTCTCCATGGAGATCGGTTGCACAGGTCGATTGGCAATAGTTCAGTCCTGCCCTAGAACATGTAGGTTACTGTCAAAGCAGCTCATGAAGCGGATTCAGATTCACAGGCACGCTTGCAGCGTTTTCAGCAAGAGAGCGGGCGCTTGTAAGCTCTCTAAAAAGAACAAGGATCTGCGCGTCGCACTCTGATGTTCAAACTGATGGTCGTCATCGGCTGCGTGAGTCTGCTCGTCGAAACTGTCAGAGTACCTTGGTTTGCACGCCCCTGCATCTCGATCGAATCTGACGATGTATTCCCAGTGACGAGTCGTAGCGCTTTGATCCGTGACGGAAGAATAACCAGGCTGCTGTTAAGTCCTGGATGTTTGCCTTAAGGAGGTATTTCCGGGTCTACCCGGTCCGAATCTTGAGGCTCCCCTAGCGAAGAATGTCGCACGCTTAATGCAAAGTAATAGGAGGGGCAGGCGGGCTTGGTATGGTTTGATTGAAATAGTTTCCTACACCGATTAATCCGCCAACACCATGGTTTCGGACAGGCACTGCTTTCCAGTTCATAGCACTGCCCTGACGTCTAACAGCTTGACCGGGGCGTACTGACGTAAACGCACTAGACCATGCCGTATATAAACCAGCGTCCAGTCGGTAGATGACCTATCGGACAAATGGGTCGCCGTCCTTAAACTATTCTCTGCTGCAGTAGTTAGCTAGTGCATCTACAAGATGCGTTGCAAAGGATTCTTGCTCATCGAGAGTCGGTTCCTCTCGGCTAATAGGGCACTCCCGGGACAATCTCCCGACCTCGCACGAACATTACCAGAACGACCGGGTTGCGCGTTGTCCAGAGGTACTAATTTAATCATGTGAGAATGGGCCGGAAAGTCTGATAGTCATCTATTATATTATCCATTGTCTGTTGATTTCTGCTGGCAAACCCGCGGTATATCATCGGTGTTATGCTTTAAAGCCGGTTTAGAACGAAGCATGACCATCAACCAGCGGCATCCGTCTTACCGCAGGCCTCGTAAAGTGCTTCACACGGGAGGGTAGCCGGTTCTCATCGCAACGGTGCCCTCAAGCTCCAATCAGCTCTGTTGCGTCTCGGAGACGCATTAATGAAGGCCCAAGAGTATTCACCAAGTCAACATGCTAATGTTCGATAGACGCTTTAGGCTGTACATGCGGGCAGGTACCGTAAAAAGCGTAAATCCAAGTGGCACTGCCCTCCTCTATCCTCAGCGTAACCGTATAGGCATTCTCACGCACGCCCCTCTACCACAGTGATGAGGTTATTAGCAACACCCTGTCGGAAATCGTGATTGGACGTTCGGTCATGTGATATAGAATTTCCGTACTTTCCGGTTCCGATACACTAGCATAAACGGCAATACTTCGCAAAGGTCTCGCGATAGTAGTTTTACAAGCCTTACAGAACGATTTATACCGAAGATGGACGCTGAGGAAATTGCAAGCCTGGGAGATTATCTTTGCAATGGTGGCGCTTCTGTAAAGTGAATGTACTCAATGTCTGTTGTGCGGTAATAGGACACACTCCTATTGCAGAGTAGGCCCGCTTTCATGTGGCGAAAAGAAGGACGCTTTCTACATTATTTCTAAGTCACCTGGAA,1767,49.69,Arabidopsis thaliana
SEQ_750377,GCGACCCTAAATCCCGACAATAATCCATGCATTTATTATACCGCTGGCTAAGAGGCCCCTTCTGGGTCCGACAAAGATGACTAAGCGCTTAAAGCCATTGACACTATAGGGGGGTAAGTGAAATAGTGTTAACGGCGCTACGACTTAGCAGTTTAAGCAGACCACGAAGTTAGGTATAAAAGACGTACTTTTTCCCGGTCACTGACGCGGGCTTTTAATCCTATCGTCGGGCGCCTCTATACTTTCGCCGTCGAAAGTCGCGGCGTAGCTGAGCTATCAGTGGGTCAAGCGGAAAGACCAAAATCTTAATCTTCACGCAGGTTCTCGCCGCGCCGTTATTAGCAACCAGAGCTTGAGAGCATATGCGTGCTTTAT,375,48.8,Escherichia coli
SEQ_111915,CTCAGAACCGTGCTTGGCGAGAGCAAATTTCCGCGCTTCATTGGACCTATCCCCCCAAACAAAATGGTTGG,71,52.11,Drosophila melanogaster
SEQ_604008,CACACGGAACTAATCCCCCGGCATCCAACTATCGCATTCATCTGCGGAGCGACTCATACCTAGAGTCAATCTGTCTGAGAAGGACTCCATAAAGTGGACTTACTTTGAGTTGTAACTTTCCAAAGCCTTTAACGCTCCTGACCTCGCACGAATCTTGCCGTCGACGCCAGATGAAACGCACATTACCCGACGACACGAAGGCTATAAATTGTGCATTTAACGCATGTTACACGTTCCTTCCAAGCTTTCCGAATACATAATTCCGGTGCCATTTCATTCACAAACCGTACACCCTCACACTTCTTGCATACTCGAGCCCTGTATTCTTTCCCTGTGACTCCCGCATGGACCAGTCATTCGTTTTGCGTTCCGTAGCGGTTAAGAGGTTGACAACCTCGCGGATGGGCGCACGGAATTAAAATTTGCGAAACACCGCGTGTCTTCACAACCCCTAGGTTGTCGACCTATCATGCCTAGCCAATTGGTCGTCGGCCCAGTCTCCTTGAAGCTATAGTTGATTAGCGGGCTCACGGGGTATGGAAGGCACGGCTGTGGATTTGACTACTTTCCACAACAATTAAGCCTCTGGTGGCTCACTATATTCTGCTCCTGCAGGGGACCCCCCTGCACGTGTCACCTTTTCATTGAGAGCGCACGCAGTCGTCGGCGTCCATTCCGCAAAATCTTTGCGTGTGTGCTCAGGCGCTAAATGTATTTGCTTCGGGCGCTCATAGGCCTCATTGCCTACAGGAATCCCGGATTAAGCCGCAACGCAGAATGGAGCAACTCGTGCATTAGGATCATGATATGATCAAGGAACTTCATAGGGTGAAGCCAGTCGTGGGTAAAAGTTCCTATTTTTTTAACATCAGTATAATACCTG,883,49.38,Arabidopsis thaliana
SEQ_568826,ATCACCATGGACCACCACAACCGTGAGGTGGCGAACAGCCGATAAAAATCTGTACAGAACTAGTCCTTGACCTCTGTGTCTGCATCAGCTAAAGACTGTGGAGGCTAATTCGATCGAAGGCGCAAATTCTGATGCCTATTGGTGCTGAGGAGGGGAAACGGACGAGGGCTATCCACCAATATAGCCGCTGTACCACGTATATTTTATACGGCTGCTCTCTCAATGCCCC,229,50.22,Caenorhabditis elegans
SEQ_351943,AGGTGTGAATAATAGCAAAGTTACGGGGTTAATGCCTATCACTCATTCAGAGCTACGGACATAACAGCTGGTATCTCTGTATTGAGATGATTTAAAATACAGACGGCGGTGTCGATGGCGCGACCGAGGTTAGCATGGTGGTACTCCATGCGTCCCCCTTGCCGTGCGTGTTTTGATTTTAGTTTAAGTATACCTAGCCCGCTACCGGTCATACTACACTAGAATCCTTCATAACAGTTAACATACGTGGGCATGCTAATTCAAACTGACTCGGATATGATACTAATCGTGGAGGAACCGTTATCAGTTCCTCTGAGCAGCAGTATGTTTGTGCGGGCTGCACGCACGCTTCGTCAAATCCTAATAGGATCCTTGATAGCGTCGGTCCCTCGCTCGACTGGGTATGACGGGAAGTACAAACTATAGTAGCCTGACCCGAAAATCCATGTTCGAGAACATGAGACCTTCTCCTCTTAATCAAAGAGGGGACGAGAAACATTAAATAGCAATCGACTACCGATTGGTTAGAGGTATGTTGACACGGAGAGCCTGAGCGCGACCTCTTGTGTCCCACTGTCCAGACCTTTGTCAGGGCCGGACGAACCCTAGACTCCTCCCATACTCACATCTATCTTAACACCGCTCTTCTCGATAGCAAAGCGCAACTCTAGTTCGGTTCGAGCTATGGGTGAAGCTTCAAGACCGCACCTTATTCATTCTTAGACGGCCTAGGGGGACATCATCTGCTGGAATTGCTCGAGTGCGGTTGCGATATACGTGCTGGCCACCTTTGAAGATATCTTTTAACCGCGACATGTAAGGGGTTCTCGCTCAAAGTCCAACTGTTCATAGCGTATTCACGTTCTCCGCAGTTTTGCGTAAGTTACTGAGTTCGAAGTGGTCGTGAACAATAATATTCTCCTGACACGGGTCCACGTTTTCTAGCGTATTATTGTACTGCGGATGCTAATTCTCTAGGATTGGGACACTCGATGTTTTTCAGTAACGATGGCTAGACATAGTTCATGCCCGCCACTCCATACGCCTACGGAGGAAGTTTCCTTCAGTCTCGGGGTCACCCCCCTAAAGGATGCGGATCCATTGACCAAACAGCTCTTACCTCGCTCCACGCATTTAATAGGGTTTCTGTACCAGCTTTTTTTGTACATCGGTGCAAGACCGCCTAAGGTGAAAATTCTCAGCGAAGTGGCGTGACATGGTGGTACCTCTATGGCGCCGTAGAGGCACGGCCGTGTTATCTTCCAGCCAAATCACTCCCAACTCGGACCGGCATATTTTCACCTCTCAATTTCCGAGTCTTTGAAGCTTAGTAATACTGTGCGCGAACGTCGGCATCGGAGAGGTCGCGGGCCTACAGTCATATCGGGTCATCCCATCTGTTGCGGGAACTTGGAGCAAACAAAACCTCGGCGTTTGTATAGGATGCATATCCGGACTCCACGTAGAATCACCCGGTACCACGGCAGCCTGGTGTTAACATCGATTGCTGCCTTCATTGCTGTGAGCTCAGACACGACGTAGTTGTGCTGACTATGAAAACTGTATGGGAGGCAGGTCCGTATAACGAAAGGCTATCCATTGCGGGTGACCATCGTACTTTCGTTTGTCCAGCGTCTTGTCTAAATGTGTTGAAGGGTCAACAACATTCGCCCTTCGTTGTTACAGTTATGCTCTGCTGTCTTCCGGATAGCCTGAACGATAATGGGGACATAATCAGGTGAAGCGTTGACAGATTTGTGATAATGACCACTACCGTAAGTCTTTAGGACCCTATTCATCAAATTTACCCGGAGCAAAAATTGACAGTAAGTAGACTGTCTGCTGCGCCAGGATCAAAATAAGGGCGTTTTCGGGGGAGCTGCTACACCTTAACTTTCTGCCTG,1904,48.48,Caenorhabditis elegans
SEQ_555964,CAGCTCTCCGCTGGTACGGGAGTTCCCTAATATCTACAACACTTTGACTCCGCCGTGTTATGCACGACGGCGTAAAACGAGTCGTGTGCTTGTTAGGCTTATTGGTGGGTGTTTTCGATGCACATAGCTCGCCGAATTCTACAACGGTTACGTCGGACCTACGTTTAAAGTGACAACTGTTACGGACGGTGAATGTTGATTCTTGCAGTCCTGCGCTTGCACTAACAAGTCATGTACCTAGAAATGGCGTTGTGGCACGGTCCGGCTAATTTTTAAGAATCTTCCTGTTGAGCAGTAAGCGAGCGCAGCGACAGGATCATCTGCATGCCGCAAGAGCCCCACTGAAGCCTCGTGGGCTCGAACACCTCATCCGTCTATAAATTCCAAACTCTGCGGCGGGGGGAGCTCAATTCCACTTCGATACCTAGCATACGACCGATGAGCTCTCATCTTGAAGATCACAAGTCCCCCCCGTCTCCCAAGGCGGGACCTGCAGAACCATCAGCTGTACGCATTCTCATAGGTGGGTTAAAGTTGTGGTGCGGTGCTAGCGACGGTGGCCTTTTGCATTTTACCATTACATGGACCTATTCCCCCGCTTTGGTGTGGCCGTTTGCCTTCTCCTTTGTCCTAGTCAGCACCGCAGAAATTCGAATCTTACACCGGAGGGGACCAGAATCCGCCCAGGAGTAGGAGTACAAGGCGGTTGTAAACTGTGGTTTTCCGAAGGGCGCTCGGTTAAGCAGCATTACGATATAGAGCCCGTTCAAGGGGATTCAGGACTGCTATTGGAGCAGGGGTGGATACTCTTGTAACGTGGAGTGCTTACCTGACGTCTCACCTGTGTACTGCAGTTAAGCTAGTAAAGGCCCAGAGTACGCCAAAAGCTTGTTACTGTAGCGAGCTCTCTGTAATGACAACGCGCGCGTGTAAGCGTTACTCACCGGACTAAGTCAGGACAGTTCACAGTATTAACGACTGACAAAATGCTTTTACCCATACAAAAAGGATTATTTCAACCATGTTAGACTGATATCTGGTTTCACTGACGTTCTCTAACCGTTAAGTAATTGAGGTTGCGCCTTGCAGGAGTACCGATCTTTGACGATTTTATCCCCGGCCGTCGAAGCACTTGGTTTTCAAATTACATCGCCGAGCACCGGCACGTTGGACAGCTTCGAGCATATGGTACCAGGATCGCCTTCAGGCGTTTGTCACGATCCGCCAGTATCGGTTCCTGATGCAGTTACGCGTGATCTGGACGACTCACATAGTAGACTCTAACGTTCTTATATAGTCGATGCACCAAGAGTGATCAGTTCCTATGCTGTATAGTCGAGCATGGTACGCACAATGTATTATAAACGGAAGTCTATGGAGCCCAAGGACTGGTATGAGCGTTGGAACACAAAGCGAGATTAAATTAATGGTTAAAGACACGGTGTAGCATATCTGGTGTAACCTCTATTCATTGATACGTCAGACCCACCCTTGGCGTGAATGAC,1505,49.37,Saccharomyces cerevisiae
SEQ_296530,GTGGGAGATTAAATGCTGGCTTTCTACGAGGCGCTTCTCTGGGGAAGAAAGGGATGCATTCCTAGACGTTTACTTACGTGTTCCCTACATGCGGAACTCCTCCCTTTTAAGGGATTAGTGTACGAACAATCTCACAGGAAGTGTGACCACGGGGCGGGTCTTCAGGGGTATTTCTCTGCGCAGCGACATCTGGTAACACAGTATTTTACTTTCTGTCGAAGGAGCGCGACGGCATTTCAGGTAATATCGCAGCATTAAGGCACTCCGACACAATGTAGAAACCTACGAAAGCCATAACTATCGGCGAGCTTGATAAATGCCTTATTCATTTTCCGTGGACGTATACATTCGCAGCAACTTATACGATGTCGAGACGTGTCCCCGCCACCTCTTTCACTCCGCATTGCGAACTATAGCATGCGCAATGTAGGAGTGAATTCGAGGGTAGAGCTCTATCCTCCCTTCGCAACACCACTTCTCCCGCAGGGGTGCTTCATGATGCATTGCCTGTAGGGACTTCCGACATGTTCAATCTAACGTAGGGGCGGCGGGTGAGATGAGACAGATGCACTTATAGCCCCTAGGCGTACTCAACAAACCGATTACAACAGTGGTCTGCTATCGGCCACGCAGTAATTTCACGCTTAGAAAGGAATGATCGTACGCACTGGTCAGCGCCATGGTTGACGCCCAGCCTGACTAGTCCGCGAAACCCGGGCGGTTTAACGGATATTGCTGTGCGCAATACTTTCATTCCATTGCGCTGGCGACTCTACGTCCGCAGTACTCGACGCGGTCAGAATGCGAGCTGACCCCGGTACAGGTTTTGAGTTGTAATAGGTCTGCGACTGAACGTTGCGCAACTCTCACTGGTAGGGTGGCCTGCCCAACGTACAGGCACTTCAATAGCTGGTCGTCGAGCCATCTCTACAGGCACTGTCGCCACAGGCTGCCGTGCAAAATTACCATAAAGCGACTTGCTAAGAACAACATGGGGCTAAGGGTCAGTTCTTAACCGCTGGTGATATCAGAATTCTATCGGTTATTAATAGGCAGTACTGTCAGCTGGGGGCGAACTAAAACTGGATTTCCCGGGCCAGTAAAAACTGACTGTCTCGCAGTTCTTAATGGGTCGGTTTCACTTTGCACATTACGCAGTTTCATGAATCAGCACAACCAAGCCAACACCAAAGGCTCGCCCAGCAGCTTCACTGGTAGGTCAGATTTCTAGTCAGTCAGAGGCGGTAAAACAGGGCACTCAATAAGATTTACGGACGAGGCTATACACATCTGAGCCGTATCCCGTCCGTTGCTAGTAACCCTGTGCGCAACGACTCCAGAGTTTACTACCGGAGAGACCATAAACCACAACCTCTCCTCTTAAAAGCCTGTGCACTGAGCGTCGAGTTACCTACGAAACAATGTACCCCGGACGTTCGTCATGAATTTGCACCATTTCTGAAGTGTTGGCCGATCGCGATGCGAAATACGCTCCGTATAAAAAGGCCTTTTTGCGTGCTGGCATCCTAC,1530,50.46,Drosophila melanogaster
SEQ_228222,GGACCATCTGCCGTCGACGTCTAGACTATGGCCCTGCGGGACAGAATTTCGACACCCAGGCAGTCCGACCAATTGACGTCGGGAACCAAGTTTTGTATACGCGTGGATGATCGCA,115,55.65,Escherichia coli
SEQ_596778,ATCTTTTCTCCCAATGTTTGACAACATTTCTCAGTATGTCGAGTTAGGTGACATAGGGCGTCACCAGGACCATAAAGGCTAAAGCGTACGCTCCTTTTGCGTAGACAACTCGAAAATGCTCCCGAGGTAGAGTCAGGTCCTTTCGGAAATGACATTCGGCTCACCGCAACAAAAGATCATGACCATCCGATCAAGCTGGACGGAACTAATATTCTCCCTCAGTTCTTTGTATTCAGGCGCTTGAGTGCAACATGAAAAGGGGGCTGATTGCGGACTCATTACAAGTCAGGGACGTCGACATCGTCGTAACTAAAAGATGAGACTCCCAGATGATCCTATTACAGCCCCGCCCAGAAGTACCTTTGTACAGTTCCTTGTACTAATATTCAAGACACCTAGTGAGGCTGACTACTCGTCTTAATATTTAATCATAGCAACAAATTAGTCCAAGCATATAAGTCCATAGGGATACACCGGGGCCACATAAGTAATTCAACGCTCGTGAGCAAGCACAAGCGCGATAGAGCGTTACTAGGCACTCATTCATAGCCCACCAACCAAGTTTTAGGGCAACCAGGTGTATGTTGTAACGTATGTTTGAGGCAACCTCGCTAATGCTATCCAACTGTGAGATCCCTGGTCTCCTCGTGACAGTACGACGAGTTGACAAGAATTGTGTCTAGACGATCCAACTCCCAGGGTACGCCGCTGCGCGACAATTCGGATTTACGCGTCGCAAGGAACCGTTTTGGTAAATGCTGTGCTGGTAGTCCAAGCCTAGGTCAACCACAGAGATGCCGGTAAATGGCGATAGAGGGATGATGTTCGTAAGCGTGTAACTGCTAGGACTACCTGTTGGAAAATGCAATGGACTTAATAATGTAGGGAATGTCGAGAGACAAACCCGCAACTGGACCAGTCACCCTATGACCTCCTCCTCCACCTTAAGGCCGAAGCATATTGTAAACCGTAATTATAAGCCTAGTAACATACGTGTCTGGTCTTCGCAGGCCTCCCTAGTTTGGGATCCCGTGGTTGGCTCCAATGGCGCGAACGCAA,1059,47.69,Caenorhabditis elegans
SEQ_857109,GGTCGGATTTGGTCTCCGTAGAATGCGCCAAATACCGTAGACCCCGACTTT,51,52.94,Caenorhabditis elegans
SEQ_803908,ACATTGGCGCGATTGTCCCAGAATGGAGAGGGGTGTTTTTTTCTCCGTTTGCACGCCGCGGGCGGCTCGAATGGCAAACTAACTAGACAGCGATTCATTCATAAGTAACTAGGCCGGTTGGAAATGACGACGTCAGTGTGGACGGTGACTAAGACTTATAGCCTTATGGTATCCCCCTTGTCCTTCGTAGACGGAACCTCTCGTAGTGGAGTATACGATTGAATATAACCGAGTAGAGGAGAGTAATGCGAGTTTTCAGTTTATAGAGAGTTCATTTCTAGTGCTTGACCGCTTATTAAAGCCAGTATATGACTCAGCAATCCCTTTGAGGGAAAGGCCGTTACCGATATAGACAATTGTCAGGGTCCCTCGCCCATGACAGGACTTACGTGTCACCCCCAAAGCAGATTTTCTGGCTTGCTTAAACGAATTATTATTCACTTCAATGGGTCGTCTCTTGGCGCTTCATAGTACGAGGCCGGCCTGCGTCGCTACCTCTAATCTTAGCACGTCAAGCGAGGGAACCGCATTCGAAACGTTCACCAAGCCGAGGGCCAGGTTTTTGGAATCTACCCGGTATGCTGTCGCACATGACGCGTCTAGACAAACGCGCACTTGCGAGATGCCCTGTGATATCGTCCTCATTACGACATAAGACGTGAGGTATTCGTAAACACGGGCCGCATCTTCGCAATGAGTCGGTTCCTTAGCCTCCTCTCTGTCAGATGTGAAGGTTATCCGACGTGTGTTAGAACCCATACGACGACCACCACAATTTACGACATAAAGCATCGGAATTGATTGATCTTCGTTGTCACGTTTAACCGCAGCTGAATTCGTATCCCAGGCTCTGGCCCGTCAGTGGGTCACGCGTTTACCACTCTATGGGGGCGGCTAACTTTAACAAATTTACCAAGCGCGACACGAGAGCAGGGCCTCACACTGTTTCCTTTTACAGGCGACAGCCAGAGACCGGCGACAACTACGAGGGCTTAGCTCGTAGGGATTAAACATGCACTTATTAAGGTCATAGAGGACGAGCGCTACACGTCCCAGAACGGTTAGTAAAGATACGGTCGAC,1081,49.58,Drosophila melanogaster
SEQ_767427,CGATTTCGTAAGATCGTGAACCGGTGGAATAAGTGGGGAGAACGGAGTTCTGCTGTGTTACCAGGAGAATTTGCTTGACATCCACAGCGTCTGTAGAGCTGCTTGCGCGGATTAGCCCGTGCTACTCGCGACGTTGGTAAAGCAGACGTATTATATTGCGAGCCTTCATGGCGTCCGCTACGTGAGTCGTTGCGATTCATAACTTCAATGCCCGGAGGACACCTAAAGTCCGAAAGCACATAGTTCACAATTATTCCAGACCAACACATGTTGCTCTTCGATGCCTCCTAAAGAAGACCGTCGAAACATCGACAGGAGCAAGTTGGCGGAGACGAGCTACTCATGGGAACAGTGCGGTCCCTTGTTTCGAACGAAGACAGAAGGGCTACAGCACGGGCGCAATGACGCGCTTCTGGTTTCAAGGTCACAATGGTAGCGTGGAGAATGGTCTTGGTAGAATCATTCGATCATTGTATACCCTTGCGGCAGTGTGTGGTTGGCCCTTCTGTTGATAGGCAAGGGTACACAGCGCAGGCGCAAGATGAGGAAGCACATGATTTGGTCGTGAAAAATTGCGAAGTCGCAGTATCTGGTAGGCACTGTCGAGGGTTGGTTAAAACTATCAGCTTGTGATGACGGAACCCATATACCATGAGCTTTCCACGACATTACACGCGATTTTTCGAACTCAGGTTAGTTGGCGACAGTGATTAATCGCATTAGTAAGGCTTGCCCGAAACATCTGAAAGGGCACAATCTGGAGATGCTTTAGTACAGGAAAGCCTTGCGGATAATTACAAAATTCACGATGGTCACGCTACTTAGCCTGTCTCTCTTGTCCCCACTTGAGGATTAATTCCGAACATAACGTCAGAGCACTCCGCCATCACGGAGATACGCTACAGCACCGACGTCTAGGGCTTCGATCTGCGAAACAGGCCGCATTAATAACGTGTGGTAAACGGTGGTTCGGTCAAAGTAACGATAGTTAAACTCAGTACGGATACATGCTGAGAGCAAATGGGAGTTCTCGATAATAGTCTCTCCCGCAAATTAGTGAGTGATCTACATAAACTTAGCTGGGATTTTGGCAAAGAAAATCGTGACTCTAAAGGCGACAGGGTCACACCCTGGTGGCCGACGTACTCAAGCATGCTAGTGACTTTATACCCCTCACACTGCAGTATAGCTGCAATCATTAGCAGCCCGTTAGAAGGCATGTAGTAAGCTCGCCTAAGAGACGCGTCTAAGACCTGCTCCAGTTCACCGCGTGCGGATTTCTTGAATACCACTGGTGCACTCTCCGAAAGTATCCACCTCAAGCCGCTCGTGACGGCTCTCGGCAGGTCATTGTGCTCTTTATGCACTACTCCGTAATGGTGCTGGGACAAAGCGTTGGAGGGTTTAGGCTGATCCTCTACCCGAATGCCTAGCGTAGTTTTATGACTATGAAGTGACAGGGCCTAGTCTCGTCTAACATTTCCGAAAGCGTATCTTGTCTTCCGTTTCGGTAAGTAGTGAGTCTGCCGATAGGATTGAGTTGCGTGAGAGGCTCATACGACGCTTAGTGACAGTGTCAAGGCCGAGGTATCTGCCTTAACTGATGTCCATCAGTTTAGAT,1621,49.04,Drosophila melanogaster
SEQ_320885,GGAAGTCCTCGTAAGCGAGAATGTATCAAGCTGATATGCGCGTATGCGGGTCTGATACATGAGGGATTTCAATGCTCTATGGAGTACACTGTATTACTATCATAGCCGTCTACTAGAGGGTTTGTAATATGAGACATTGACTCACGATGTACCATATATGTAATCACGGACTCAACAGGGTATCCCTACGTGTCTACATACCAGTTCGGATCTTACGCCAAGTCGACTACTACTGAGCATGGTCGCAGTCTGTTTAAAGCACACAAAAGCCTTCCAAATGCCTGCATGGCTCGTCGAGCTATCAGGGATGGCCCAGTATCTGCACACATAGAAGAGAAAAGCCATGGCGAGTCTAGGTCATTGCGTCAACACGCCATACGAGGGGCTAGATGGGTAGTAAATGGTTTGCACCGATTATTAATATCGACAACGCACTGAGGACTACCTCCCATGGTGTCGAGTGCTTGGGATTCCGTTTCTATTCGATCATTTGTGGAAACCCAAGTTATAGCACCGCCCAATGGCTTTTGTATAAGGGGTTCCCGTGGTTTTGCACCGTGATCCCGCGTATTGACCGGGCATGCTCAGTTGCATCGCACTTCGCGCTACGTTGTTAAGAAAAGCAGAGGCAGAGCAAGAATTATTTGCCCCATCCCATTAAGCAGATAACTTTGAGGGGTGGCCTGGTTTGATCCTGCTACAATTCAACCAGTAGAAGCAGACCTTAAGCTTCCTCGGTCGAAGCCCTAGAATGGCCCCGAGTTTTTTACCTGGCCTACTAGTAAGGTAAGAGTATCTCACTGCCAGACTCATGGGTCCACACGATCTTAATGGCGTCTGTCTACTATGGAAGAGGGGGAATCATGTCGTACCGCCCGGTCACTTTGGTACACGCGAAGTCCAGTAGTAGTTACTCAGCCCGCAAAACTCAAGGATTGGGGAAATGTTTTTTCAAAATGGATAGTGATCTTGTGAGGTGTGCTAAATTTCCCGTCCGAATATTAAATAAATCCGTAACCGTTCATGGATGTGAACCCTGATCCTTTAGAGCTGATAGCAAGTCTACAGCCTGGAATCTTTAACCGTCTGT,1090,47.16,Drosophila melanogaster
SEQ_145923,ACTGGTTTTTCCCGCAGAGAGGTGCAGAAAGACGTCCCGCATCCACAGAGCTGCCTTGAGGCTCTTCTACCGTGCTCGTAGCGCATAGTAGCGGTCACGATATTGTTTCCGCAAGATGGTGGCGTCGAATTAGCGTGCCTTGACATGTAATTTTGTTCCTGCTCCTAGAAAGCTATGCGTAAGCTTTCGGTCGCCACTGGACGAGAATAGTGAGTTTTTGGCGAGTAATAGCGTGTGACCTGGCTAGCCAGTTCCTTTGTGCGAGTAAGTCTGGTTCGTCGCTTATGGGCCCTTGGGGCATATTACGGAGAATTAAAGTGTGCGTTAACTCTACTGGCTTACAATGGGTGGGACATGACTACATCAGGGGCCTGTAATGGCTGAATTAGCTAAACTCCGCAAGTGCTATGAGAGACTCACCCTCTAACAGTCTCACTATTTTGTCCAAGATGCACTTTATATAGCGCTGCGTGACCAACATGGGCTGTGAAAGAGCAGTCGCGCATGTTATACTTAATGCTGAGGATGACCAAGGTCACATTCATATAGTAGCAATGGCTCTCTTCGTATTTGTCCGGGTTCGTCTCAAAAAAGTTCTATCAATAACTCAAAAATTGACGAGAAGCAGGTCCTGACTCAGCCAAAAGCGTATAATTCGAGTGTTACGATCGCCGAGGTGACCCTTATTCACGCAATCGGAGCTAACCTTATACCCGCCTATGCCCCAGGGACCCACAATGATATAACTGTACATCAGTACGGGTAAGCAAAAAT,774,47.67,Homo sapiens
SEQ_651844,CCCAGCGCGACAAACGAATATCCGCCCAAACTCAAGTTCCAATACTCGAACACGCGTTAGTACCTGCTAGCTGCATTTACTTTCTTACGGTTTTCGGCTGCATGATTTAGGCCATCCGCATAGTCCAGAGCAAACTAACTTCTTAGTGGAATATCGAGCAATGTGCGGCATGTCGCGCTCACTGAGTATGTACACTATGTGATGTTGCTTTGCCCGGACGCGGCCCTGATAGTATAAATTAGTGTCAAGTGACTTGTTCGAAGTAAGAGAAAGGATAGTCAGTTCACCCCGACTGTGCAGTAGGAATGACGCAATCTTATTCACAGAAAGCCCACGGAGGTTCGTCGCGCGCACTAGTGGCACCCCCAGTATGGGGTCAATGTCCTTATCATGCGGTTTGGAGTGCCCCGGACGAAAACTACAAAGGGGTTGGACATGGTACATTCGCCCCAGCATGAATGAGATCGTCTAGAGTCACAATGCTTCCGATCAAGCAGCATTATTTTCGACGTGGACTGCCGCTGAGCTAATGCGTCCTGCGGGTCGCCTTTACCAATGCCACCGCCCATCAGTGAATATAAAACATACGAATGTTGCCCCTCGTACCAAGCTCGCAAAGGGCGGCGAGGTCCAACCGTCCACAGTGCTGTGATATTTGGGCCAGCTAAAGGCAGTCGATTTTAAGTTACCACTACTCCACAGGATCTCTCCACGATGGATAGATGGGCCCACATAATTTGCTATTCAAAGAGGAGATCTGTAGCTCCCTGACTCTAACAACGCGCCACCTCTTATTTGCTAGACCTGAAGCGAATCTGCCCAATGTCGAGCTCTATTCCCAAGAGGCCATTCCCGGTCTGGTATTACATAGATCGTTCGAGTGTGGGACGGCTGCCTCTTCCGTTCGTCTAACTGTCAACTTAATCTCAGTTTTCTCGTCTCGTCGCACTAAAAGCCGTCAAGTATTAGGCCTCGCCAGCGCATTAACTGGAGTCGCACGGATCGGGTAGATGGCTTGACCATAGACGGTGTGCCTTTTAAACAGTAGTGCCGGAATCAAGCAGTACCCTTATCCCGTGGTCGTAGATTGTAGGTTGGAGTGGACGTGCCAGAGTTTTAGCATACACTAAGCCTCAGGCAGGCCCTTTGCGTTCCCAATTCCTGTGTTCGGCTAGTATTCAGTTACGTAAATTCAAAGCCCGGAAAAAGCAGATCTCAGGGTGGAGTAGGACTTGAACTCTTCCTACCGACTAGTGTGTCAACCGAACGCAGTGTGGATGTCGATTCACAATCATCTGGAACTATAGCAACTTTAGAATCAATTGATTACTGGGCTGGACGATACGCAGTCCAGACAGCCTGTAATCCGGCAGCTCACAGATGTAACCTCTCGTAATACTTCTAATACAGGCATACCAGTCCGTATTAGTCTAGCGTACCTAACGAAAATCTCTGGACAAAGCTTGTTGGTTAGCGGGGGCAAAGGCATCAGCCATTCGGGTGTTTAATGGTGTAGGAACGGTTATGCTAGGCACGAAAACGTTGTTTAAGAGCGACTGAGAAGTTTCCGGCAAGCCATTCTGTTCTGAGATATTGGCCTGCCCTCAGAGTCAGGACTCGTAACGAAGGCTATTTGAAGGGCACTCCACACCAGTCCAAAAACCTCTTCGAGGCTTATTACATCACTCCTTACGACACTGCGTGCGTTGAGCGGACCGCACAGGCAAGACGCCTCCCAAACTAATGTTCAGCCGATCAACTCCATCTTTTATCCGAAAGTCGTCGCTTTGATAGACTATGCAGGGGGGTCGTGGACCCATTGA,1823,49.53,Saccharomyces cerevisiae
SEQ_474924,GCTCATAAGTCCGGTCACGACCCTTTCAGTAGTGTACGACGCTGATACCCCTCAGCCGCGATGATACGGATCGGGCCCGTCAAACTATTGATTTAAAGGCTTGATGGGGAGACACGCGATATTGCGAACATGCTTTCCATTTTTGCTTCATCCGCCGAGAATTAAGATCCGCTTGAGTGCTGCAAACAATGCAATCTCTATAGCTATCTTCGATATTGTTAATGGCGAGACGAACAGTCATGCAACCTTCGGCTCGCGCGATACTAACTTTAGACTGGTGGTGGCGTAAAGGAGTTGGTAGTACGAGACGGGCGTTAATACCAAACCTTACGCGGGTCGGATTAACTCATCGATAGTCGGTCAGAGGTTGTATGGTCGGACCCAGATAGAGGATACTTATATTCTTTAATTAATGGCACCTACGATACCGCACCGACTACATTGTGTCGACACGGGCTGTCGACTTAGATAACTTCGTGCATCCAAGCAATCAATGCTAGTCCCAATGTTCCCTCCTACGACGGCTAGACGAATGCACTTCCTCATTTCCAGGGTCATACCACAAATAAATCAGCTCTAAGCGAAGGTAACTCAGTTCTCGCCGTAAAGAGCCCCGCCAGCTGTGGTCCTCGAACCTAAATTGTCTGACATGCTAGTTATCGATGAACTCACCTCATTCAGATGTACACCCGTTTCCGTGCACACGCCGCGTGTGCTCGTGCAGCTTGGCTTTAGGCCCCTCCTACGGCGCAGCGCACGGATAGGGAGACGTGTCGACGGTACCGTCAAAGGACGAATAATAAATAATATTTGCTTTCAGTTAATGCTACGAACGTGTCGCCCCCATAGCAGGACGTTCGTTCGACGACTCGACTGACATTTCCGGGACGTGCTCCTCTAGGTCAAGCACCGGCCGCCCTGTGGTGATGATACCTGGACAAACTTAGCCTTGGCCACTCTAAGATAGGCTGCAAGTGCGTCAATCTATATCGCAGAGCCCATAAACACTCGTCATTGAAGAAGAGTTTGTACTCAGTCATGCGAACGGTAAGTATAACAAGCGAAGCCTTTCCTGGTTGATGTTACACTAGGCCAGAGCATATATGGATGGACGAGGCTCGGACTTCTAATGATCAATCTCAAGGGGATTGAGGCACTTTGGGTGGCCACAACTCCGTACTCCCCCGCTCAGGAGCCTGGGTTGATGTTTTAAGGGTCGATACTGACGTTAGTATCTGTATTGATGGAAGGACCTCAGGACATACGACTTATCGCAGACGAAACTGGAGTACCGTAGCGTCCCCCATGGCGAGATCGAACATGATGCACATAAGCAAACTCCATCGCAATATCTGGCGTTGCCAGGATTACAAATGTTGAGTTCGGTACTGAAGCTATCTCCTTGTGGAAGAGATCACGAGGCACCGTGTTTTTCAGTAGCGGGGTAGCTAGGTCTACAAATCACTGAACGACTTTTAGTTCGTTAATTAAGATCCCCCGCATCATATGGTGCCGGGTACACACTCATCGGACCCAGTAGACTGCGTCCCGGTGTTAAATCATACATTTTGTATGGCTGTTTAGA,1585,49.15,Escherichia coli
SEQ_846012,GCTGAAACTGGCTAGATCGTTCTCGAAGGGCGTGCGGCGATCGGTTGTAATAGATGTATCATTCAGGGCCCGCGACACTTCCGTAGCACGGTTGCTCCGATTCTCCATGTGTTCACCTTCCGTGAGCTTCACGAAACGTGTGAGGAATAGCTCATGTCCGGGCCATGGTCACGAGTGGGTAGTAGTGTACATCGAAAGACGTTTCCCAATCGTTAAGGAGCCCGTTCGGCAGACCGGCAGTTAAAGATTTTCGCACCCGGGGAGTGTTCGCTGAGCGCAAGAGCCTTCTAGAGGGAGCCGTCCGTAAGGGTCGGCTTTTGAAGTGTTGTTATCCACAATAACTTAACGATAGATTCGAAGTCAGCTTTCCGGCTAGTCAAGCTATTTCGACTGTAGAGCATCCGCCCTCCATAGACTGAAACGGGCTCGATGAAATTTAGAAGACTTCTCCCACTCGGGGAGGATGGGCTTGCTAGTCATCCAATGTCGGGGCCGAGCAAGGTCAGAGGGTGAGGTGGTCTTCTCGTAGCGAGGCAAACGCAAGCTATTTATTACCCTATCCAACCTTTCCTTATTCCTCCCTTGAAAATAGTCGTTTGAATGGACTTTCGATTGTAAGATGTGTTGCTTGGTTCGAGCCCGACGTATCAGACCTATAAAAACCAATGTTGTCGGTGCTTTCACGCTAGTTCTCCTATGCCTTGTCAAGGGAAACGGCGTTATGATTGAACAATATATTCAAGTGTAACCTGATACAGCGTTCCACATTCCGCCAAGACTTCAGGCTCGTTAGGGCCTTTGAGACGGCAGGGGCGTAATGATGCATTCCGGCCGTAACTCAGTCTTAGAGGTGTCGGAATTTTCGCCTAGGCTCCAGATCGTAGTATTTTATTTAACAATCATCGCAATAATCTATCGGTGGCGAAGGCTTACTCTTAGGAGTTAGGCATCCAGCGTCACTAAACAGGATAGATGGAAGGCAAGTGCTCTACTCGCCAGATCATGCGGGCGGCCTTCATATCCATACGGAGTGCGATCGAGGTTCCGTGTGATCTTGGCTTAGAGTTGAGGAGTGCGTTACCGAAGCCGGTCCCCCATGCTCCCACCGACCGAATTGGGTCCTAAGAGGTCTAATCCTGCTCAGTGGGAGTGACGCGAGGCTGCAGAAGAGCGCTTTACCCTGTATCAGGTGAGTGTCCGACCTTTGATCAATCGGCGGTGTTCAAGTCTTCGGTTGGTAGAGGCTCTATTACGCAAGCCACTTCGTGAGTGCAGCACAAGCCTTGATACCTATGAGAAAGACTTTCGATACGCGGATGGCGTAG,1325,50.72,Drosophila melanogaster
SEQ_840760,CTGATATTGTAAAAGATATCAGTGCCGCTACCTTTAGATTACCTGAGCGCAACAACTCACTGAATTGACATCTGTTTACTGTCCGACCATAGGAGCGTCCGTGGGAC,107,45.79,Caenorhabditis elegans
SEQ_224445,ACATTGCTGCTTACATAGGGAGGAGAAACACGCATCTAAGAGCGGAGCTTCTATCCACTATAGTGTTTCTCTTAATGGGACGTAAAGCGGTGTTTGGTTATACTTCCGAAAATCCCGACGCTAGATCAGTCCAACCAAGATAACGGGATTATTGCCCTCCTGGTCAGACAACCCGTGGTCCCGTCGACGCCGACAATCTTTGTCTGGCGGCGGACAACTGTGATCGCTTAGATAGCAAGATCCACGGACTGTAGTAGCCTAGCGCATTATAGGAACAGGGCAGGGGTAGGCCCCTCGAGTACACGTGTAGCGAAGAGACACGTCATTCTCGCTTACCATCATCTAATTAATCCCGAAATGCAGCCAGGGGTGTCTTGGGGATTCAGGGCCCGTTGCCCGCTTGGTCGTGGTCTCACATGAGTTGTTGAGCGCTTGATTGGTCACAATCGGCTCAAGACCCGAATTCACTGCATTCATCAGGTCGTACGGCGTCCGCATGCCTAGGCTAATGACTATTCATGAAGAGTGAGATCTTATCACCTTAACGCGTTATCCGTGTGAGGGACGATTACTCCACCACCTCGACCTGGGCAGTTCTCCCGCATCCAGAGACTGAGGCGTATCTCGCAAGTAATCTCGTCCAATTATTATACGTCTAACTCAGGTACACCTCTTCGGGATCGACTGGACGCTCAGCGGTCACATACCGGACACCATCCGTTTTTATGGGAGGTCATTAACTGGAAAGGATGCTTATCCGCCGCTGAAATGAAAGCCGGTGCCAGCGGGGCACACGCAGTCCAATATGGAAGAATTCGTCAGCCCGTGGTTCACACGGTCGACCACCAATGAGTTCCTGATAAAGACGATCGGGAATCGACGGCGTACTGAGTCCGCGCTTTGAAGGCTTGGTCATGAAGCTATTTCGGGATAACCCCCCCTAGTACAGGATTCGCAAAGAAGTTGAATGAAGGCAGCTTCGGCACTTACATTCCCAAATTGCCATTTCGATGAGAACACGCGATGGTAGACTTATGACATCGTCCGACATCCTTACGACCAGTCTAAGGTTCTGGTTAGGTGCCCAAACCCCACGTCGATCGTTAGCGCTGGCCGGCACAACAGCCACCTGGTTCGTCGATCGAAGAAGCCCATAAGACGACAAGAATCATAATACAATGTTCGTAGGCCCTACACGCATGCCCC,1206,51.58,Saccharomyces cerevisiae
SEQ_542770,TCTTACTGGCGGCAGTCATTTCAGCTAGATAATCCCAAGGTCAAACGGGGCCGAATCGGCCTAAGGGTTTGGGGCGTGCAATCTACTCGTATAGAGAGGGTATAGCGGGTGGAAGAGAGAGTCGATGAAATAGAGTTTAGCTCACAAATATTATTATTGCATCCCCTGGAGGGGGTCGTCACTACGCGTCGTTGACAACCCCAAATGATGTATGACCGCCGGCCCTGAATCCACACGTACACACTGCACTCCTATGACCATGCCCTTCTTCTGGCGACTTAATGTAACAATACCTTCCGGGTTGGGAATAGGACGTTAACGCCACTGACCTGATATTTTGGACGACAGGTTAACTTTGAGTTGCCGCTGGAACCTACTGCCGTTGAACGTAGTACCAGCTGTCATGCGTGAACGTGCCCTGAGCTGTGACTTTTCGTAAAGAATAGGCATCCCCATATTGGCTGTGAGATATGGGTTCCGATCACTTTCCCGCCTCTAATACGGCTTACTTTCAAATAATCGCAGTTTCCCTCAAGCTGTGAATTCAAACCGGCCTCTGTTCGTCTGAGAGGTACGGGGTACGGCGGGGACGCGTTTACAAAGGGATCCTGGATGACTTGGTACGAGAGAAATGTTTAAACAAGCATTACGAGATTCGCAACGGGACGCATAGTCACCACTTCATAAACGGTGAATCATTTTAAAGGTTAGCCACCTTCGTTTGTTCATCTTAGCTTGCGTCCGTATCTTACGCGGATAGAAATGCGAATACTCACCCCTTGGCCCGTCGTAGCGGAGTTACTAAAAAGTGACTCACGGATCTTATATACTACCCTATCAGCTAAGCCGCCTCTGGCGATCTCCCCTGTTACTAATACTTTTTTTAGAACAAGCAGTGTGGTATAAAATTGCTCTCATGCGACCATTAAAGTTTAGGTCACCAGGGCCCGGAATCTCTGATATCTTGAAAAAGCCGATTTAGGTATTTACTTGAAACTTTGTGCTACGACTGAGAACAAGACCAATTTGTTATTCGATCTAGTGATTTCACCCTAGTCACCAAGTGGTCGGAGGCATCGGTATAGACATATAGTGTCATGATGAAAATCGAAGGCGAGACGCGCAGGCACGTTTGCCTTGTTCCCAACTTAGACGATTGGTGGCGACGTCGGAAGCTAGGGTGCGAGGGGTGAGCCTGCCACCAATGGACTTTGCTAGGCACCACCGTCTCGGAGACGGACCTGGGGATGACAACTTTCGCAGCCGTGGACAATCACCAAGTGAGGGTGCATCTCCTTCGTCGCCGACTGTAGTCTTTACTTAACTCTACCGCTCGCCAACCCAGTTAAACGACTCCCAGTCCCGCCACCAGGCAAGTACGAACATCCGGTTGTCGATTTCGGCCTAGTGGGCTGATATGCGTATTATCGAAGGTTTGCGCAGTATCGTGAAACCTGGGTCGCGTACCCCACATTAAGGACAGGTTGTGGGAGTATCAGACTCCCTCCGATAACAGACGGAAGAACAAAAGCAGCATCGGTATAAACACCATTCCTCAGCAATCCTCAACAAACTCACTCTGGCTATTTGAGTGGTTGCATCTCCCATGCCGGAAGCCTGAACCTTCATATTCATCACATCATCCTCGGACACGTCATCGCGAGCCGTAAACGGAAGGTGATACAGGGTCAATTGTATAATCCAAATGCTCAAAGTAGAGGAACCAGTAACTCCCACTTACTTTCCGACGCAGCTCGGTGGGCGAGGACGCAGAATGTGAAACTCCGCTGACGATACTAGTTTTGACATCCATTAGGACGGTTCCTTTCATACCACTTGGAACGTAATGGCTCATAGCTAACCCTGGACCCACGCTGGTTGGACAACC,1888,49.15,Mus musculus
SEQ_705555,GGAGCGCCGTCCGGATACTTGACACAGTCTAGCGTTATCGCTGGATAATTCCAGGTAGCCAAGTTCTGAGGGAGTTTCCGATCAGTGCCTCCGTGGGAAAATCGGCGGAGGACAATCGCTGGACTCAAGGAAAGGTACGTAGCATACCGTACTGGCGGGTGTTGATGCAAGAATTCTTGGCTAATTTGTTACGCTGCTACATCGCTATCTGACTTCCGTCCGTGCAATAATGTGAATCCCCGTAACTGGCGTAAACTGATCAGTATCCTCTCCGAGCGGCCCAGGACCAAGACCATAAAGTCATCTGCGTCAGCAGGAAAAAGTCCGGCTCCCCCTCCAGATCTCGGACAATAGGCCCGTATTGATCTCGATCATCTGCATGGAACAAGTTAGTTCGCACTCACACAGCATTGGAGGCTGCCCGTGTGCTGCGCGGCCCAACCGCGTCCGCCCACCATGCGCACGGACGGTTAATGTAGATACTTCAAAGCCACAGACCGGACTCGGTTTGCAGATTCGAGATTTAGAAGTATAACTGTAACATCTGGCCATCTCTCCGAGTCGAGAGTGTCTTACCGAGCTCATTAGCTGTCATGAATTAGGATGTGCATCCTCCTGGGCTAACGAGTACCGCGACCCGGCGTACGATACTTGTCATACGG,662,52.72,Homo sapiens
SEQ_927932,AGTCCTGAACCTAGTGTCTATTAATCTAGATGTAGTGGAGTTCGTCCGACGATTCAGCTCCCACCCGCTAAGCGTCCGATTGCTCATGAGGAAAAAAGATCAATTCATTATGATGCACTATTTGCAACACCTGGCTGATTCTAGCTCGTCGTCAGAGCACGGGCCTTTGCTAGTGCGGAAGTTGAGCATTTGGGAGAATCTGCTTACACCCGCGTTACTTCGGACCGTACACCTATAGTCAAACAAACAAAGAATTGACAGGGGTTTATTTTATGTGCAATTGGGTGACTTTTGAATTGGCGAGGGTCCTCAGGGACGAGGTACTGTATGACCTGAAGGATACACTGATGTCGCTCATATGCCAATAACTTCAGGGGTACTGACCCGACCAAGTAAACCTCTCGACGAATACTGGCACGCGGAAGGAGCGTTTGGCGCCCGGAACAGCCAGGTACTAGCTCGGAAATGGTACATTCAAAATAAATGTCAAGCTGGTCTTGAGCGGAAGGGTTAGAGATAGCTCTAAGCGCGAACGACTTAGCGGAAAAGCGCTCATAGAACCCCCCCCCCACAGTTCTAAGGTCATATGGACGCGTTTTTAACACGGAGCAGTTAATCCCCCGACCCGATCTAGCTACGGCCGCTCCGCACGTTTGTCCATCCGGTCCGTGCTTGTCCCGGTAAGCGGATGGAACATGGGACCAGGGCACCTCTAGCAAACGTAGCGGTGATCATAGGGAGTACGGTGGCGAGCATCTACAAGTTATACGGGTAACGGTTCGTAGACATGAAATGCGGTACGTGCTTAACATACCGGTGCCTCTTCCAGAAAGAGATGCAATACGAACACGGGAAAGTATGGACCAACCTTATAAAAAGTGCAGGGGAGGCACCGCCCAGCTCGGTGGACTAACGGCAGCGCAATTAGCAATCACCGAGGCCTAGACGTGTTGTGTATATGATAAGTTGATACTCTGACTCCGAATCAGTCTGCACCCTAGAGCAATTCACAGCGCAGCGAACACTCGACATGCTCTGTAGCCTGAAACGTCGATGAGGGGGCTCAAAATGCGATATTCAGTGCTGTCAGCTGGTTCGCTTACGCTCTTGTCCCTGCGCAGGGCCGACCGATTAGGGCGTCTCAGGCTATTCCTAATCTTATATGCCTTTATTGTGCGGTACGTAGCCCACTATCCTACGATCCTCTTAATCCGTCGATTCGATAAACGGTTTGGCCATAAGGGGTTCGGAAATGGGCAGACCTAGCCATTCCCCTCTTCAGTCAAAACCGGCCATATGCTGCCTTCACTTTAGATACTCGGCAATAGGCCGAGGGCAACCAACCGATCTTCCTGGAGGGAGTAGAAACTAAGCCGACGACCAAGGAATACTCGATCGGAGCAAAGAAGGGTAAGCAGGCTCCAACTCAGTTCTGTGCCATTGTATCCGAGTGTGCCGGGAGCTGCGGCTAGAGCCGTCCCACTGTATTCATGGGACGGTTATTATAGGGCAAAAAGGCTTATTCGCGCCCTCCGCGCGAAACACCGTTTAACAAGGCTATATACCTATTGTAATGCTTCTACTCGCACACCTCAGTATATCGATAC,1607,50.72,Escherichia coli
SEQ_513052,GTCCAGGCAGCTCACCCTAGGGAGACTTCTCCTTCAAGTTCTGTTCGCCGGGGTTGCCACAATCAACCCGTATACAATCACCATAGTCATGTAACAGTACTACTCCACTTGTGGCGTCGTGGAGTTCAGTCCGGAGGTCAGTGGATACTGGTGCAGAAACTCCGTGCATGAATTTGTGTCTGTCCTGTAGCGGGACGTAACCGGAACGGCCAGTGCTGCTCTAGCCATTGGGTGCGAGCCCAGACAGTTGGTACAGGTGATCACCGATTAAGATCTCGCGATAGTAACGAGCCTAAATCTGAAGTTACCCCTTATCGCTTCGAGCGATTAACGGAGCCCGGCGATACAATAATGAGCGGAAAGATCACTTACTAGACAGTGCATGAACGTGATGTTTCCAG,401,51.37,Homo sapiens
SEQ_402948,TACTTGGGCGTTAAATTATGTGTGGTCCAGTTGTGATTGGACTAGCAGCGGGAGGCTCTGTTATTTTGAGGACAGAGCGCCTACTGCAATCGCAAGGCGGGAAGTTGTGGTTAGGGTCGTTCGCTCTACCGGTAAGGCACCGGCCAGATTGAGCTTGCCACTTGGCCGTTTCACGTGGTTCATTGATTAGCAATTAAAAGGCTACGTAACTAACCTCAGCGTACGTATCCAGCAACGAACGCACTTCAACATTCAGTGACGTTTGTCTAGAGAACGTGGGTGAGAACATTAATAGGAGTATATCCGTGTCTTCTCTTTCACCTGAGCTATGAAAGGAGGACTTGTTGGTTGCCGAAGGAACTACATCATCCACTATTCATGTGAAGCAAATTCAGTTGGGAGAGGAAGACCACGTTGCGTAAACTTCGGAGAGTGTCTTTGTAAAGCCGCGGACTTCGGTCGGCCGGCGCACTACTGCCGCGCATGTAGGCCAAAGTCGTTAAGCGATACAGAGTGGGAATCGCCATTCACCGGGCTACAGTCAAGTGCTGAGCGCCTCACTATTGTAGTGGCGTCGCAGCGAACACTCCAAAGTTGGAACCCAGGGCGCATAGGAGCGAAACCCGCGCTATCCTATTATACAGACCTCGGGATCCTAAGCTACGTGCGATCATGTGCTGTAGATTTTGAGGAGTCACGACTGTGACACAGTGGGACTAGCCGTAGGCTTCGACGACTGTAGAAATGCGGCGCATGCATCCTACGCCTGTAACTCTTACCCGTTTGCTGTCACGATTTGCCGCCACGTAGACAGTTACCGTGTAGAGCATGCATCAAAGCCTGAGAGAGTCCAGGTACGACCAGCACGAGGCCCATAGTGGCGGACAGAAACGAGCAAATCCATACGGCTCTAACAGTGACGAAGACGTGGGTTGACTAGTGTAGCTATGCAACACTAGACTCCAGTTACGTGGCCGGGCTCGGACATTTGTTAAACAAGTTTGCTTATGGTCCACTCTAAGACTTTAGCGCAAAAGGCAATGATTACGTCTTTACTTAAAATATCCATCGCTGTTGAGGACTAGGATAACTAGCGAGGTCGAAAGATAGAGTGTTCTCCGCGTCCGCGAACCGCGATACTGAGACGCCAAGTTTTGAAACCGGTGCAGACACGCGGCGAGGTTCAACGTCAACATTGTAAAATGTACATCGAGACACCAAGCAAACGTGTATGCAGGGACGTCCGATCCCATAGCGCCTGAGCTTATAGCCGGCGAACCCAGCGGCAATCCGGCAACAGCGTTTTGAAGGCCGACTTAATA,1322,50.83,Arabidopsis thaliana
SEQ_204463,CCGGGGAATTTCATAGATGACCACCCAACCCTGACTCAGAATTGCCCGGGTTATAAAGACAAAAGGAGGCTCTTTTGCCGCGTTAGCTGGCAAACCTGGCTGGGGACCGCATATTCAACGGGAAACAAGAAGAATTAGCTTATCTCCGGTTATAATTGGCAGTTGACGTCACACAACAACGCACATCTCATTACCTTTGAAGGAGTTCAACAATGTTTGGGGCTTTTAACATGCGTGATCCTCATAGCCG,250,47.2,Escherichia coli
SEQ_477039,TACCTCTATACGGTTTTGGTCGCTCCTGAGACTAGACTGCGTAGTATTTGACTCCTAAATGGGTAATACACTGAGCCCGTACATATGGCTGACTATCTCGGTGTTATTACTCCCAGGTTAGGGCATAGGACTCTGCGCACTCATACCCGGATGTATCTTGGTCAAGTTTGGACGACTTGGCTCCCTCCTACCTGACGTCGATTGAAGCTTTAACGGGGACGCCTCATACATCCGTTAGCTTACACTAGATCGAGAAACTGGGGGACTGTCGCACGGCTGTCCAGTTGACGAAGTTCATCTTACTCGCTTTATGGATTTCTCCTTTCCCGGGCGGCTGAAAGGGAGGAGTATTCAGTGGGACAAGAGGTGCAATGCAGCAGCGGGTAATAACAGAAAGATACCCGCCTGGAAGCGAGACCTACCGGGAATAGGCGTGGAACAATTACCTTCAGTGTGCAGCGGAGAGCACAAGTGTAACGTGCCACAGCTTGATCCTAAATCCTTCACTACCACGCGGCCCCCAGGTGGTCATTGGCCCCCCAAGTCACGCCATGACGCTTCAAGGACTTAAGATTGGGCACCATCTGTACATAAGGAACTGGTCTGGGGTAAGAGATTATGCCTGATAGGATAGAGAAGGGGAGTTTGCTGATGAAAAACTCCACGCCTACGGCATAAATCAGTTGGACCCCGAACTTCGGATGTGGGCGTCCTTTGCAAACTCTCTAGTCATTATTGACATGTCTCATGGGGTTTTTGTAGCACAGGAAGTCCACCTACGCACAACGCCAGTGCTGGCCAATATCGAGGGGCCTGGCGGAAAATTTGGAGTCCCACACCTAGTCACATGGCGTGTCTTTCCGCAAGCGGAGCATGTATGTATTGCGATGTGGTTAAGTTCAGATGTAGAGGTCGATGACCTACGTTTGTGGGGCGTGCTTTCGTGGAAGTCTGCCGAGCCCAGTGGACCATTAAAGTAGTACGTTGGCCAGAACCGGCGCCGCGCTCGCCTCAGGGTGAGGACGCCAATAACGCGGGTGGTGTTTTACTGATGATCATTGCACTGACAAATTGTTTCCGGCGTTTGAGAGAAATTATCGACAGACGCCGCCAGGTGACGTGTCCCAACGAGAAATGTTATGGGATACGCGTAGATCGTACCATCCGTGGATCCGTTAGCCCGCGTTTCCTCATAGCAGTGCCTCTTAACGGGGAAGCCGTTCCTGAATTGTCTCAGATCCTTTTTTTGGATTTAAACGTTCCCCAGGTGCTCATACAAGTGTGGAAGACGCGATGATGAAAACCCAGGAGACAAGGGGAGATGTAATGACTATCGCCTGTGACTTTAAGGCAATTTAACTTCAGGTTCCAAGAATGTCGATAACACGCCATCCATATCGGGCACAGCACCCTTATCGACTGCTCAGTTATACAGAGCCCGCTACTTGCGTATCAGGCTGCCTAGACATTTAGCCTGGAGAACTGGACGCTCTTGAACCTTAAGACGGGGCTCTCGTCTTCGACCACTCCCAACTCGACCGTGGAATTCGTAGATTGGAGCGCCTTCCAGTATGTATTCTCAAACGCTTTCCGAAGATAAACGTACGCTTGTGCTAGTCATATGAAGAGCAAAGCTCATCAAAATAAGGTGCCACCGCGCTGTCACAGGCATTCCCTTTCTTGTAGGGAAGACAGTAATGCTCGACAGTTCGCAGAGGGTTTGGGCAGGCGATCATGAGATTTGTATCACCTACGACT,1758,50.68,Mus musculus
SEQ_759601,ACGACGCCGTGCTCTCGATCCCTACGTCGCCGTGGACTGGCCTATCCCATTCGGGCGTCAGATTTAGTCACCTGAAATACTGGCCACAGGTGCAGCCACGTTTGCGCTTTCGTTGCGCCGTGCTTATAGAGTCCCGTAATGCGGATTACTGAAACCAGTTTACGTGACGGCACATTGCCCCCCAAAGGGACGAACTACCGGGTGGAGGTTCCCTCACTACGTGCGACCCTAGTGACAAATGTCCTCGTTATTACATCCTTCTAGCCCGACTAATGGAGGCGGAGCTGCGATTATAGCATGCGAGCCTTCTCGCAGCCGGAGTGGTTGTACGTGTACCACATACTTCGGCGGGGTGGGAAGCCCAAAAGGTGACTCGCCGTGGTCAGGGGTCAACACCTCATGTGCATAGGGGCTTAACTTAACACCACAGAACTGACTTACCGGCACCGCATACCTAGAGTGCCCGGCGACAAACGATAGTAATCAACTGCGAATTTACTAGGTTGTGGGTTGTAAAGCATTTTTAACTGGAACAACTACAGCACAAGCTCGGGGGTTGAGCCAATGCCGCATGAACGCAGTTCCGTTGAATTGTAATGTTCGGCCTATGTCAGTACTCATCGTCCCATCTCAGCGAGTAGGGGCATAGCCTCTCGATATGCATATTGTCGCGTACTAGTCAATGTTAGGGAAACCCATTCTGGATCAATGAACGTTGCGTAGAGCCACTAGGTCATGTTGATTAGAATATCGGCTGTAGGCATTTCCATTATTGTGGTTTCACCCCGCAGCCAGAAGGGACACCGTGTAATAAGATTAGAGCCTGGAGACCAATGCTATTCACCCTAAACTTGGGATAAGCCTGAATTTGCGTGTATGGATATTCGGGCTTCGAGTTCATCTTAGGTGGAAGGACACCACCGGTGAGAGTTCTTTGCAACGTAGATCCCTAAATTTCTTAGTCAGATCTATCTCGTCCATGAAAGTACGTCACGGATAAAACAAGTCACCTGCTATCAGCCTGCAAAACACTGTCTGGGTTCCTGGGGCTTCTTGTAAAGAATCGGCATCGCTTTCGGTTCTGCGTGGCAGTATTCCTCGCATGTGCTGCCGGTGCCAGTCTATTGGTGAAACTCGGGTCGTTCCTGGACGTATGGCAGATATATGTTGTGCTTGGCTAGGGATTGAAATAAGAGGCCGACATGGATATGGCGAATCGTTCAAGTTTCATTAATAAATCACAAAAGATTGCAAAAAGTCACCTATGTAGGCGGCGTTTTACGAACTCGGGGCTAATACTTATGGTCACCCATTTACCAGTCAATTGCAAGACGACGCACCTACGGATGCCTATCCGCGTCGTTAATCAGGAATAGACGGGTCCACCCACGTAGTGAGAGTTGAGGAAGCCTATTGAGCTTGTCTCTCCTATGGCCGTGGTGTCATCGCTTGTGAAGCGTCGGACGCGCTTGAGTACGGCATCGCCTATTATTCATCCGCCGTGACCTAGGCCGCGGTCTATTGATGGGACGTTCGATCTAGAGGTGACCACGCTTCGGCCAACGGGTCTGGGTAAAGATGGTTTGTCACCACGAGGTTTAGCCTGACCCGTTTAGGGGTGTCTCGGATTTTACCAGCAGGAGTCCAAGCGAGCGAATTTACTCACTCGGTGTCGGGGATCGAGTAATCTTGAGCGGAGTAGAGACCAAATGAAGCTACCACAAGTCTCATTATTGTGCATACTAGGCAGACAGGAGGGTAAAAGGATAATGAATTTAATTGG,1783,50.2,Mus musculus
SEQ_683407,CTGCAGTCTAACCAGGAATCGCTCCAAGGAGGAACTTACGGTGCGCTTCAACTTTCCTGGACCCCCCCCGTCTGACCTTTACTTTACGGTTACTTGTGTACTGTCGGAGCATCTGACAATATTACGTCGTTTTCACGTCCCCGGTAAAGACCTGTTTCATGTGCGTAACACGATA,175,49.71,Caenorhabditis elegans
SEQ_541351,ACGCGACCTGTTACCCTGGGGTCTAATCTAGACTGATTACTGTTGCGGCTCTCGACCTATGGGCCCCCCCAAAGACGGGGAGCTTCAAGCAAAAATCAAACGCATTGGTCCCTACTAGAGAAAATATAACCATGTGCATTCAACCTGTGCTTGACATTTCGACTTTGTGAATCGCGTCGTCAGCAAGGATGGAATTAAGGCCGCAGCTGGGTGATGGGCTACGTTTTTGATTTATACCAAGACTACGCCTAACATTTCGCTTTCCGGTTGGAACCCCAAGCCCAACAGGGGTATTCCCGTCCAAGCCATTGTGGGTCGTAGAAAGGACATGCGCGGACATAGATCAAGGTTCGACCGTGAGTCTAACTTCACTTCGTCCGCCAACGTTAGTCTACTACCGAACCAGGCTCGTCCTAAGCGAGTGATCATCTACAACACTTATGCTCTAACGTGTAA,456,49.56,Homo sapiens
SEQ_569838,CGCGGCTCTGGTACCCGCTACCGTTTATCTAATTTAAAAACACTGCTATGAGATTTAGTTAGGCTTAGTATGGAAATGTTAGGGCCCAAGACACTAACCGTCGAGTGGGTTTACGGGCAGAAATGCTCCTAAAAAGATAGTTGTGGGGTCGCGGTCGAAGCGCGAGTGACCGGATCAATGGAATCTGGGCAGCACGCAGGACCCGTATATAGGCGCTCTAGAGTCGCAAAGGGAAGCGTCTCGGACCGTAGCACCCCTATCAGCCAATCGCTGTGTATAGTTACACATGTTGAGCAATACATCTAGTTTAGAACATACTGAGAATCCCAACGTTGAAGCCTGCTCCGAAAACACACGTTGACTTTAATATGGCGGTCTAAATTTAGTAATATGATGGCGCCGAAGGAACAGAATTTCCAAAGACCGGCGTCCCATCCACTATAAATCCAGTTGGTTATGCGCTCGCTATTAGTTGGCTTTGGTTGTACCCTCGCGAAGTGAACAGCGAGTTAGTTCTGCGGGCGGTAGAGTCCTACGTCCTGGGTAAACCCATCCGCCTGGCCAGGGGTGCCTTACGAGGGCCGCCTACTCTCCTATGAAGCGATAGGTTCCTGCCTCGCTGCATTCAAGGTGACACCGTCGAGACTTTATGAGCGCGGACCAAAGTAAAACATAGCTGCGGAAAGGCCTAGCGCGCTGGCGGCTCGCGTTTTAAACATAAAAGGTGGGTGCCCCAACAGTCACCGGATACTTCCGCAATTGATACCAAATCTCTGAGGCTGATTTGTCTTTTCCTGTAGACGACACGCATGAGGCGGCTGCAATGGGGTGAACCTGTTAGCGGGGTGAATCCCGATACATCGCTCTCCATTTATGTCCACTTTTCGTAGTGGCCCACGGCCCCTGCCACTGTCTACCTAATTACCATCGGTACAGATCCAAGTTTTCTATATACTGCCCGCGGCCATTATATGTGCCACCAGATATAGCAGGAGAGCCTAATCTTCTTTCGCATCTTACGCGGCAGCCCCCAGGCTGAAGTTTTAAGTGCATCCGGATAACACTACCTTGCGTGCGAATCACATAAGTTAGTCCTACACAAGGATACTCCGTCAGTTTGCTAGATGATCCCGGCTGCATTGCCGCCTGGCGGGTCGAAGCTGACGTCCGAACTAAACTAAAGACTAAGTGCGGATAACACTATACCACTTCCGTGATATGAGAAGCAAGTGATGTACATCTATCCGCAAATTTCTTCTAATAACCGTTAAATATTCCACTTATTAGCGAGCGCGAGAAAGACCCTCCGATACATGGAGGATGCATAGACGGGTTCCGTCATCGGCGTTGGATTCGTCATGGTAGACAACTATACCAATTTTGTGGAGTCTCGGTCTAAGGAACACTTTTCATATCCAGGGCGAGAATAGCTGCAGGTAAATTTCCGGCTCCTATGTGTTGACTACGAATTAGGCTGTTCGGAATAATCCCATATCCCGTTGTAACGCTTCAGATTCTGCCTTACGGTATTACCGATAAAAGAGACAACCCGATCATAAACTCGAAGCGGCGAGTGGATCCGCTTATTCCTCGCGTATACAGTCCAGGTTGCTTGCACTTAAATTTAGCCTGTTCAAAGGGCCCGGCTGCGAGGGTATGGGCATTGAGCACCACCATTTGCAGAATACAGGAAGGGCGGTCGTCATGACATGTTAACGGCTTTGAATGCAGCAGCCAAACGTAGAAATGGTTGGTCTACCCTTTAATGTGTTCGGTATGATAAAGACGTTCTTTTACTATTCAGCATCGGGTCTGGACGCTACATGAAGTCTATGTGTACTACAAGAAACGGGTCACCCA,1860,48.98,Arabidopsis thaliana
SEQ_231583,CATCGAATGTAGCGCAATCAATCACGGATCCGAAGCCTGCGGCCTTAATAAGGGTCTGTCGGGCTTCGCCATGGGTCTAAACTCTACCAGTTGAACTCATCCTCGACATGCCTGTGCCCTTTCAAAATGGCCTAGTGCACGAGTTCACATGCCGTAGTGGTAAACCAGCGCGTTCAAAAGGCGGGGTCATGTTAAGTGCTAACGCTTTTCCAGGGTGAGGTCCGTAAATGAATCAGGATAAAATACGATACATATAGAGTACCTACAAGTAGATGCAAGGTTGAGACCTCGGACTCCGACCCAGTCCAGACTTTATTGCACCGCATTCATCCAAGAGCCTAGTGGGGTGGGCAATCCGGGCCTCCCGCTTAGACCACTTTGCGTGCTTCAGCATATTTAGGGGCCGGGAGCACGATGGGGACATCAACACACGTCTAATGTTGGACCAGCAGCATATAAGAATAGACTCCCCATACACGCACTGACGTGATTCAGAGAGGCTTATTGACCGTGGAACAGTGGGGGCAAAGCTTGAACGCCCCCCCCTCCGACCAGACCATGCTGTATTACGATGGGGCATTTGTACGAGAGCGTAATAGCTCATGCGCGTTGTAGGACCCGGCCGCGTAGCCCAGCGGGACCAGAGCATACTGGCATACGGCCTAGGCAATACAAAATAAAGTTCACCCCTCCCTATGCTCCGCTGTGTCTGTCTCCTCCATGGACAGCGCGGGCTTGTCACCACAAAATTGGAGCCCAAATTCTTGGCCTTTCTCCCAGGCCAAGAATAGCAGCTCTCGCGAAAGAGACTACTGGAAGAACTGGACGTTTTAACACTGCTACCGTACGAGAGTGTAGATTACCGCCGGAGTAACTCTTGGAGCCATTGTGAATTAAGGCTACACTTTTTTATGCGTACACATCTCAAAGGTCCTGATAAACGGAGTCATAGCTCCTGTTACGATCCAGCGGAATTGGGAGATGTTTAAAGCGCCCGCACATCACGATCTCCGACCCCCTAGCCTCTCTACGCGATCAAAATCCAATTGCGTTGCGTTGCCGTTGCGATCGTATTAGGATCGACGTTTTCCTCAAGAGATATGCTCCGCCACCCCAGGCTAGGGCTCTTAATGTTTTACCGGCGGTCGGACCCCGCCGTCACAAAGTTGTTAGAGCCAAATCTCTAGATCCGAATTTCATCGATCTGGTACGTGGTTCTTAGCCTCTAACTACGAGTAAATTGTTTTGGAGACGAAATAACCTGCTCCATTGCGAACCAGCACTATTAGACCAGCTCCAAGTCGTGCTCATAGCCAACTTTAATGAGTCGCGGATGCGGAATGTCCAGCTTGCCTTAGATCGGCACGAGTACGTGCTGGTGATTACGATACGTATTATGCCGAATTG,1407,50.96,Mus musculus
SEQ_726939,TGTATCAATTTGTTCCCTGGATCTTACCGTCCCGCCCAATAACGCACTAGCGCAGATCGGAAGGGCCTAATGAGGCCTTAGGTGGCCACGTAAGCGGGGAACTCGCACCTGGCCTCAGATCAACCATAGACCTCATCATCGTACCATTGCACCTTGAAATCCGCTTACCTACGCTTGCGCGCGTGAATTGAATCTTCACTAATAGTACTCTCAGATGACTTGGGTGTGGCAACGGGGAGCTATCGGCCTTCGTAATACATTTTCTTCTCGGACCTAAAGGGCAAGCAGGTTGGGAATTGAGCAAAAAGCGAGTTGCACTAGACAACTCTCCCGGCCCGCCGATCAAAGGTCGCCAGCCCTGCTTCTAGCGTCCGCGAAAGGCAGCGATCATGTCACATGTTATAGCGGATATAAGGCCGTTTCCAGTCGTCGGAAGTAAACCATGCCCCCGCTGAGACAGCATTACACAGCGGGCATATATCCATAAGCACACAAGTACCCGGGTTGAAATCCTAAGAAGTGGTTCCTATTGTTCCCCCTATGACGGCATGCCCTCTCTACGTAGATTTGCGAGATTGACTGCCGAGGCCGCGGAGGGAATAGTATCAAGTTTTTTACGGACCAAGTCATTGTTTTCCGCAACGTGGCAATCCTGGAGCCACATGAGGTGGAACATAGCGTACCTATCTCCTCTTAGTCATTTAACTGTGCAGTGGACTCAAGCACCTCGAACGTGGTTCGACCTTGGCGGCTAATACCTTCCGATATTCACCCCATAATAAAACTCGTTTCCTGTTGTGAGATAAACAGACATGGTTCGTGGGACCTGCTCGAGGTCCCCCCCGCAATGTGACGTCGCGCTCCACTGAGCCGTCTCACCGACTGTGCACTCTTACGGGTAAATCGCGCAGGGATGGGGTCTAGATTCC,929,51.99,Saccharomyces cerevisiae
SEQ_542104,TCTTTAGGTTCTGACGAATTCGGCGTTATCAGCAGTGGCCGTACGGACCAGCTCGTTGCAAGGTGCACCTTCTTACACCGTCTTCGAACGCGCTTAGATAGCAGCTACATTGCCTCGCGCCACGGCGGGCTGACTGGTTATCATCACCACTGAACTGCACGCCCAAAAGACCGGGATAGGGGTTGCCTGAGGGTTTGGTTACAAGTTCTCCTGGGGACGCTCGAAGTACATCAGTAAAATAACACTCGCTCCCAGGACAGGGAGCAGTGATGCCGACTCTGTAAAGAAGATGGCAGCCCTTTGGGTCTCAACCTCTTAACGCGCACGTCAATGCACATACATTCATGGGCTAGAGTAGCAGTGAAGGGCGAGCAGGCTTACTTTAAACTACGCTACGAGAGAGCACCCTCTATACCAACGCACGAAGATTGTCGCACGCGTAGGCGTCGGGATGCATACATGTTTTTTGGAGGCCCTGACTAATTTCAGCATGACTCTTAGCTAAACAATTACATTAAACAGTTGGCTACGTACGCAGTCATCTGATCACGGACTTTTAAGACAAGGAGTTATCGGTTAAAACCTGAGAATGAATTATCGACTTCCTATGAGAGTGGGACGGAGCTATCCATGTCAACATTGAGTCAATGATTATGCTAAAGGTGTGAGGGCCCGATGGTCTTTTACAAAGACGATGCCCTGTCGTTGCTGTGGTGGGTTCCTCCGGAAACGGAAGAATTTTTAGAGGGTCATCTAGCCATTTTGTGCCGGTTGAGACGTTAGGCTGGCCCGAATACCATTATACCCCCTACGCCCCCTGTCAGCGCTCAGTAAGTGTCTTGGTGGTGCCCGCGGCTTCACACAGTGAAGGTCAGATCCGGTTTTCTAAATGCACCCAATAGTGGTAGGCATACTGGGGGGGTCGCGCGAACCAGGATTGCCGCGATCCCAGTAGATTCGGGCGAATCACGTGAGGCCCCGCTTTATATACACGTCTACTTACTCCGGACTAACCCATCCGCTCGACGGTAGGGTTTAAACGGGCGCGGGCTTTACCGGTCCATTTGAAAGGCACTTGTCATGTTCAAAACTGTGACAGAGAGAGGCACCCAACCCGCTCGATCCAGAGTGTAAGCGCATTCTTAGCACCGGTTCACCGCCTGTCGATGTGGGAGTACGGGAACAGTGGAGTACCGCTCCCTAGATTCCCAAAGGTCATCGCCGTAGGGCAGTCTCGTTTACCGGGATCAAGAAGACTGTGTCCTCCGTTATAATAGTACGGGCCGTTACGCGCAGTCTGGGGCGGTGTCGCACTCCGGCCAGCGATGGGGCTGAGCAATCGCGACTTACAATAATACGGGGTTTGAACAATTAGCGGCAGCTTATTTATCTATTCGTAATATAAGAACTGCCTTACTTAAATTTCCTCTGGTGCTTCGGCCTACACGCCTGGTTGTGACTGGTCGACCCCCTGCATCCTAGAAACTGTGGGCTG,1495,51.91,Escherichia coli
SEQ_105584,AGTTGGCAGATATTGCAAATCGACAGAAATCTCAGACCACGGCTTAAGGTCAGGGATGTGGAGCTGGATCTCACTGCCGCTGCGACGACTGTGTACTCCCGTCTGGATGCGGCCATATTACAATTGCAGCAATGGCCTTTCGTTGCAACCCCCCACATTTGCCTCGCTTGAACTTTGCGCCGGGGGATCCGTCTGGCAGGAAAAGTCCGCAGTCGATGCGTTGTAGTACAGGGATAATTTGGGAACTCACCAAACTCATGGAGCTGCAACGTGTCCTAGTCGAAGTGCAGTCCGACGGCTCCTGCTAGATGACCACTAACTATAACATGGGCTCCATCGGCTAATGACGTCTCTAACGCGTCCATGCGCTCCCAAATGTCTCACTCAGGTCGCTACACTGATTCTTTGCTACGTGCTCACCCGTTACTGCCTGTCGGTTTAGCCACCTGACAAGCCACCATAGGTTGGTCGCATAGCCCCTAGGCGATCGAATTTGAGATTACGCGATCATTCTTGCGGTTGGGACCTGTGCAGACTGCCTAGGGGACCCTCAGAAATGTTCATACCTAGAAAGGTCATTCGGTCCCTAAGGAATTTGTCGTTAGTTAGTACCGTTATCCCGCTTACGGTAGTCTCTTGTATAAACCTTGCACGCTGTTCGCGGTTACATACCTTCCAGGTGACTGGGTACATTATTACCGGTCCATAGGTACATGAATATTTTACAGCTTGGCGTTAAAACCACTAGGCGCAGTGCACGGGAGGAGGATTCCCCCAAAACTGAGATCTCCAAGTAAACCGACGTCGAATGATGGAGCATGTCACAGGCTTGCCCCCTCAATACTCACAGATGACCATTAGCCAATCTGGCTGTTCCATCCTGGCCGGCCGTTCGAATGGGTAGCTCCTAGCTTTAGTGCCAATTTTTTTGCGAATGATTTGTAGCGGTGTCGCAGTTACAGGAGATTGTATTTA,975,50.67,Saccharomyces cerevisiae
SEQ_452562,ACAGGCCGTACGCGGTGGTTTGCAAGCACGTGGTCAGTTGTCCAATTTCAATCATCTAGTCGAACATATTTCTGAACCCGGTATTTTTTCATCTTGAGAAGCCGCACTCCCCACTCGATGATTGTCTACACATACTGTAGTACACGGCATCTCAGCCTTGAACACTCAATATGATAAATCAAATACCGCAGATTGCTAGCCCGGGTGCGTAACTGGCGTGCCTTTTCCTTGCTGAAGGGAAACTTAACCAAAGAACGTGAGACTTATTCCCGCAGTCTAGCTACGACATCGGGCGGTATATAACTAATGCAGGCCCTACGTGGTCAGAGCAATTGTTGCAGCTAGATCACGCAGCACTGGGTTACTCGTGACGCTAGCGACCACGGCTATGCTGCGGCGCAGTAATACCCCAGGTTCTTAGGTTCGGAGCAGGGACGTCCTCCTAATTATCCAACTGCTGCCGTTGCCGTGCCTCGGAAGTTGTGGGCTTGTGAACGGATAGTATCCTTCGCCTGAATTCTTTTGGCTCCTATTCTTTCCGCGCGGACTGGAGATTTTTTTAGTTGAATGTCCTCCTCTGTTTCATACCTGCAGTATCGTACGGAATTAGAGGTTTAATCTTATCAGTCGTCCAGTTATCCCGGCTTTGGTCTGTAAGGATAACATGACTAAGTTCGCAGGCTGCGAGTAGTATGCTGCTACCGGGTCCCGTTTAGACGATACATCAAGCGCTAGAGGTCCGTGAGGCGCGATGTCTCCAACCGACTCGCTGTCGTGTCTTACGTACCACATACCCCGGCTGGAAAACAGTTTATTCTATTATGCTTTCGACAGGACTTGGCAAGAGCCAGAAAGGGA,858,49.53,Caenorhabditis elegans
SEQ_972407,TCAGAGGAGCATTTGCCCTGATAATGTCGAGCATATCATCAGCAGCCAGCGAGAGGGTCAACAACGTAGAGGCAGTCAACACGCTGCAGTTTCACGGGTCCGTCCTTGTGGACCGCCCAGGTTCGGGGCAGCTGAAGACGCTGTCTGAGGCGCTGTGGATTCTAGGAATAATGATTCCGTGTTGCTTTTCTGAGCTCCTAGCGAATAAGCATGAAATCCATCCAAGTCAAGTTGTACCTTTAGCGTCGTTTATGCTGTACCGCGTAACTTACAAACCGGTTCCGGTCTCTGTACGCCGCCATAGACGATACGCATTACATCAACCTTTCCGATCAGAGAATTGACCACGAGAAGTGCGCTATCAGGAGACTCGGCAGAGATGCTGATGGCGAACGGCACTTTGAGCGGGGACTGTATCTAGGGGAAATCCTGCTCAAGCGTACGATTCCATCCGTGAGATAGACAAGTCTATCCATATCCAGGAGTCTCAACGTGTAGAATAAGCAGCGTGTTGCCCGTGTTACTACGTTGTAGGTGGCTTTTAAAAACATCGTTGCCAAAATCAGGATTTAGTAAGTAACGGTCGAGCGGCCTCGGACAAACTACCTTTCCCGTATAGTACGGATCAGTTAATCCAGCTGTCTGTGGACGCACCGTGTTCCTAACGTTCCCTCCAGAGAGACGTCATTGTAAATGTTCAGAATTGTCTTGAGCTAATAGCCCTTGCAAGCGTAGCAGTACTGAAGAGGGCCTCACTGACCACGTCGGCAACGCCCAGGCACTATGATTTGTACACTTGCAGCTTCCCGGGATGACTGAGGCTTAAAGAAAGGACGGAATCCGGATTTGACGTGTCGTCGCGTAGTATCCAAGTAGCGCGATGAACCCGTAACGGATGCTTGTCCCCAAAGATGATGTGGTGTGACTGTAGAGATGTCTCCGAGTATTGTGGAATCCATCCGCAGTTATCCACGGCAATTCTCTGGTAACTCCTACCGAGTCATCCCCCATATCTGTGCGTACAAATCCTGATGGGCTAGTGGGCGCGCGTCTCCGACCGTGTAGCTTTTACCGCTTGCTATATCACGAGGGCCGAGGCTCCTCGTAGAATTCACAATGGACGACGTCACTCAGCGTCGCTTAATAATCCGACAATGCACGTACGTTCATCTGTGGCATGACAAGCTTGAAGAAAGGCATATGGTTCCCTGTTACTAGTTACGGCATCGATGCAGTGGCCCTAGATTAATCCCATAGGATTCGCGGGACTATCGCTACGTGCCTTTCCTTAACAAATGGCTCCAGCGCTAAGGTGAGCGAAGCTGTGCTTATGATCTTTAAGACTAGTGTATCCCGACGCGTCTGGTTTAAGTGTTCCGCAGCGCACACGACGTTCCTAATCTCTTTAACATGCATTAAAGGAAATTGTTGATTATGCGTGTCGGCACGTCATCCCGTACGTTCTTTTGTTAAATTTGGTCCGATCAAAGATTGCGCCTGGACGGGGAAGAACTCGATCATGCACAATTAAGGTCGGCTCGTCCTTTTCCGCCGACCCGTCTTGCGGCCTGGAGCCGGTTTGAGATCACTGTCTATCTGAGTCGGGTACGGGCCCAAGCTTACGCACATCGGTTGCTATGCTGTAATAGGTCCGGCTATCCGGTGGCAAAACAGACGGGTACGATATGTACAGGGGTGTGCTATGCCGCAAGCGGTAAGCTTCCGGCAATTTCAGGTTATTAGAAAAATTGATCATGGTCTCGGCAAATG,1770,50.34,Mus musculus
SEQ_860776,AATTACTATCTTCGGGTCCCGCTCGAGATCATGCAAGTTACCCGCCGAGCTGCGGGCAAGCGGAATCTGACTCAGGGTAGATCAGTCGATCCGGTTGCCCAGTCAGCCGGGGTAGCATGGCCGGTATCTAGTCTGTTAGAACTGCGTCCAAACACGTCGCATAACGCTACGTGGCCGTGAATGTGAACGGCGCGGGAACTCATGTATCAGACATTCAAGCCTTTAATGTGACCGTCGTATGTGTCAGGCTTCTTCTCGGTGAAGATGACGCAAGTCCCGTCCCGCGTTTCACCCGCCAGAGTTATGTGAAGAGTCAATCTATCAGGGTGTCTGGGAAATGCAGGTTAATATCTTGATCGCGTGGACCTAATCTCGATGCATGCAAATGAAGACAATAGGAGAAAACGCTTTCGGAGACACCTATGTCTGATGTCAGCCCATGGACAGGTTGTAACATGAACGCAGTTATAATAATTGCGACATCCTCCTGGGGTTCATGCCAGTCACAGGCGCAAAATAGGAGCCAGATGGCCGCAGGGACGTGAATCTCCTAAGTAGTCAAGGTTTGACATATGACTAGGTCACTATCAGATCACTGGTCGTGCCAGGCTTCGCTTTTTTCATCAAGCGCTGCACGTCCGTTCGGTTGCTGCGTTTAACAGTGAGCGACAGTGAGTTCGTCGCAACCAGACTTAGGCTCGGGTCTTATGTGGGGAGGTATCCAGACGTCTCCTCTCCTGAGACGGGATCGCTCCGTGCGTGAAACGATATACCGGTGGATCTTCCTTACTGACATACCTTAAACGGTGAATGCTCAGGGCATGCCTCCAAGGCGTCATCTCCGGGTAGGCACGCTTTCGGCCACGCACCACGCCAAGATCTTATGGTTTTCAGTAGCATAGGTCACCTTGATGAATGACAGTCTCCTGCACCATCGTCGTGACTTGTTGTTTCCCCATTGGAAAAGCTCTGAATCAATACATTGGGCACGACAATCCCGTTTTTGTTCGCTAAGGACAAGCGTTCCTATTTATAGCTCTGCTCTAGATGATGCATAATACGATTCTGCCCGCTGTATTCCGTCTAACATCCTAGGATCTACCTT,1105,50.68,Drosophila melanogaster
SEQ_708780,GACATTACGTCTAAGTTAATAGTGGATAGAGGCCAATATGGGGTCCTAAAAATTGCGGTCGCGGTCCAACTGGGGCGTAAGATCAAAAGTTTGCACATGGTCCAGTCTGTGTGTGCTATAGTTCCTATGTGGTTTAAAATACTCATCTGATCCCGAGTTCTAAAAGGCGCAGCGGTCTTCGCGTACAGAGCAACTCCACCTAAGTCTTCGTTGCGTTCTGCAATGGAGAAGCTATACGTATGAAAGATCTTCTTCGGTGTAGAGGTTGCCCGCGGTGAGTTGTATTATGTCCAGTCCGGAGACTGAGACCTGACGCACAATAGGGACAGCATCTTGACTTAGTAGGAAGTCGCGATCCTCCACAATGGCTGTAGAAAGGTTGTGTCGCCTCGGAGATGGCCACTTGCAGTTCCAGGAGATGACCACGTCCTAAAAATTGATTTGGGACACTTCATGTATGTCGCCCCCATCCTGGATCGCTACGTTTGAGCAGGTATCGAGATGGCCGACCTTCGAGGCAAAGGGTCGATCTTGGGTGAGGCCGCACTGAATGCCGACACCGCCCTTACCGCCTATAGCACATTCGAAAGGTCTCGCGCTAACCCGCAGACGAATCAAGGTGGTCGGGCCATCAATACTTCAGGCGAATTTTTGGCGAGTTAATACCATATTAGGTGTATGCGATAGCAGTTTCTAGACACGCAGATCGACCTGCCAAACCCTAGTCCTATAGGTACAAGGACGCTATGCTTCTCTTCCGATTCAAATCGCGGCCCCCTTTTCATAGTATTAATCAGACTCTTAGACAAGAAGACAATTAGTATATTGCTTTCGGTAGAAGATCTGACGGTACCAAGACTATAATTTGCTCCCTAGACTGATTAGGGTTGCCAGACACTCTCTCGGTGCATGTGAGTTACGCGCAGGCTCTCTCGCATATGATAATGCTGAGAGGCAACTGGTTATATACGTTTCAGATCTAATACATCACGTTTTTACATCAACGTCACGGCCTATAGCCGTGAAGGCATACGGTCATTCCGAATGTCACTTTCCCTGGCGCCGTTCCCGGAGTCTCCGGCGCTCGCTGGGTTGATTCGCGAAGGAGGCGCTATAAATGTGTCTCGTACGAAATTC,1137,48.99,Homo sapiens
SEQ_742428,TAATCCTATTCTAAACGCCCCTTGTGATAATAACTTTTTGCCTCGAGTTGTACTGGTTCACCGCTTAGGGGTAGTCCCAGTCTAGAGGCATGGTTCTGAAGCCGTGGCGTTAAGTTGGCCGATATACACCCAGACCATATGGGTCTCTTGCGCCAACCATTGTCTGGTTATTATTCGACTTAATCAGAGTTAGTGCCTACCTTTCTGTGAAGACGCAATGTTTGCCCCGTTATTCTCAATCGGCATCGTCAATGGATAATCCTAGGCAATGATTACATAACCTCAATTATTTGTTGCGATGCCGCGAGTCCTGGGTGTAAGAAATTTGATTAGGATTCTTC,341,44.57,Escherichia coli
SEQ_149334,TACGAGCCACGCATCTTTCTACCGGGGGCACCGCCGGCAGTAGTCTAATGGACATTTAGATATCACTATGCACATAATCAAAACCTCATGTTTGGTAAATCGAACTCACGGGTTTTCAGTCCCTGTACACATTATGTGTCGTCCCTCTCCGGCGGAACCATTTGGCGACGCGTTAGCTGATAGTGATACCATGTGAGTGAATGCACCATTCTGGACGGCGGAAAAGGTGGTAGAGGAATTGTTCATGCTCGATGAACCCCCGCATGCTACACTCTAGGCTACGCGAAGGTTCCACTCGGAGTACCCAAAAGCGATCTAAGTAGTTGCAGTAATAAGAGGAAGTTGCAAGATCCTACTTCCACAGAGGTTCGTCACAACGTCGCGCCTTTGACGTGTGACTCCGTGAAAGGACAGCACTTATAGCGGAATCGTAGCACGCGGCCCCCCGAGGTGCAAGGCAGTTAACGCCCAAGCCGTTACGCTGACGCGTCTCATATCTTATAACCAGTAGCCCCCAATTTTGACGAAACCGTTCCATTACGCGACAGAGGTCCGACAGGTGTAGCCCAGCCGCCATCGGAAGCGTGTATCCCAATAAAAGGTGGCCCAGCAAGGCTACTATGCGCGGCAGGTTGGGAGGTAGTTTTATGCCTAGTTTATGTGCGACGCTCGAAAGATCCTACATGTTGATCGCTGAGCGCGTC,704,51.85,Drosophila melanogaster
SEQ_157855,TGCGCGGGACCCAAGCGAGAATGGGCCAAGGGGTACGTCCTTGTTACTTAGAATGATGAGGGTAAGAAAAATTAAGGCGGATTGACTCTAGGAGCCCCTAAATGCTTCGATCATTAGACCAGTGGGCTAGTGGAGGATCAATTCCTGGTTCTCAACGGCGGTTATGACCCTGTAAAGTTGGCTCTAAGCCGGCAAGGTATCTTTGGTCGGTTTGCCAATAGGTGTGCCTGAATGGGTGATTAAAGCCCGAGCCGCGTCCAGCAAGACCATGCGTCCTAACTAGC,284,51.41,Homo sapiens
SEQ_843827,CCAATGGACTTAACTCTTAACCTTATCGCATGCTTGATGTTTTAGGTACCCGGAGTTGGATGCCGGATTGGTGTTTAACCGGCGAGGGTGTATGGACTTCCAAAAATGTTCTGTCACACGAGACACGCATGAAGGATCCACCTGTAACGAACATCTCTCCCGGCTTACATTGGCATAGGGTGTCATGGGCTCCATTAGTGCGATGATGGGATGGCCTAGGACGAAAATGACGGTTAGCGTGAGAGTGCAATGTTTGCGGCCGGGGTTGTTAACTGATATCCCGAGGAAAGACAACTGGCGGGAGGGGAGGAATTCCACCACGGCCTCTCTCAGATGATCGAAGCAAGCATTCGTATCTAAAACAAGCCTTGGCTGCTATGGCCATGGCTTAACCAAGCGGACCCGTGACGCAGGCAAGACCCATAATTGAAGTGAAGACAACGTTATATCTGGACTTGGGACCCGCACGTATAGTAGGGGCGTACGACCTTGTCCTCGTGCTCGTTTGGCGTCCGTACCATGCGACAAAGGTTAAAAAAGCTTTATCGAGGAATTACGTCCAGAAAATACTCGATAGAAAACGACGCCCGTCTCGCACCCCGACGACGTCCCTTGTCAAACACCCGCGATGTACAAGGATTCCGACACAGCATTAACGTGGGCTT,665,50.98,Saccharomyces cerevisiae
SEQ_949641,GCCTCTTTCCCGCTCGGTCATTTAGCCGCGTTTGAAACGTACCCCTCAGAGTATTGCTACTTCCGAGACCACCTACCTATTTACGGGACCGTTTGCCATTAAACACGATGCTATCGAGCGCCCTCCCACCTTCAAGAACCAGCTATGAGAGGAACGAAGCGAACATCGTAACCTTCTGGAGTAAGGACTTGGAGCTTGACCATCTAGAGGACGTCGTTGGAGTAACATGATTTCCCTTAACCGTACTTTTTCACGACGGAGCACCTTACGTAGTGGGTCGCCCTGCTATTAATGACTCCGCTGACAGAATGGAAAGCGTTCAGAACAAACTATACACATCCTGGTGAGAGATGTTGAACAATATGTAAACAATGGAAAGTTGGCAGCGGGCTGGGGGTCACAATTGCGATGGTCCTATCTCTCTGATTAACTAACAGCTTTATTTGCTGGCCCCCTAACTAAACTAGTCTGCATGATTCGCCGTACGAAAAAAACGTCACTTTGCCTTAGGTTTCGATTACACTCAGCCTGCTTTGTCGAGCTAAGAGAGTTTTAAGGTCAGGGCGGGGTGGCTAACACCTGGTGAAAACGCAGAGACCCGACCTCCGCAACCCCGCAAACCAGATAGCCCATTTCTAAAAGCACGGTGAAAGAGTTTTATATCTTGGCATGTTCCGTGACCCGTGCGCATAACTGGGGTTACTTATGCAAACAGGCGGCAGCATTGGGGTATCTGTCGCGCGGACATTCCGAAGCTCCTTGGGTTCGTTCGTTTGAGCACAACCTAACTCCGCGGTGCGTGTCCCTACGGGACATTGCCGATAAAAAAGATATGCGACGCGTGTTATGATCTGCGACAGGGTATTGATTTTTATTCGCCCAGGTTAAGCAGTGGATGATGTGTGCGATCTCCTGGACTTGAGGCCACAACACGAGTGGGACCTACCAACTTTCTGTACTGCGCGCAGCCCAACACGATTGACGCTGAGGTTGGCTGCGTTTACCCCAGGGTAATCCCCTCGCACCGGATCCCCGCATTCCAGTTGCGTTCGCGATCATATATGTTGAGGCATAAGTGAGTTTAGTGAGCTAGTACTGGTTAGTACTCCACTGCTAGCCCAGAAAACGTATCATGGTGGCGTACCTTGCATTGAGCGCAAACTGTGTCCAACGGATAATCCATTTTGGTGGGCCGCAAAAACCGCGTAAGACCGGCAATTTGAGGCGAATAGTGAACGTCAGATAAGTGGGGTGCAACCGGC,1262,50.32,Saccharomyces cerevisiae
SEQ_744961,TATGACTAACTCCTTCCAGGTCTCACTCCCGATCCAGAAGGGTGGCAGACCAGACTGGTGCAAGTATCTATGTTCATCGGCCGCAACTAAAAACCAGGTTCAGATATCACCACTACCCGGGAACCAACTAAGCTAGTGAACGAGGCCGGAGTGCGTTTAAATGTAGACGGTCAGCACAGCAACCTTACAAGGTATGGTAGCGCCTTTGCAATATGAGCATAGCCAAATACCCACCTAACGTCCTGCGATCAATATCGAATGAGGATATACTATTAAAACGATCGAGGAGCTCATAATCTTATCCATTTAAATACAGACCACCAGCATCAGTGAAACCCACGCACGAGACTGTAAGACCATTACCATATCACAGTAGAAAAAAATGGGGGGCAGATCACGATTGGCGTCAGATGTGATCGGCCCTGGGGACAACCTGGCGGGCCGCGTACATCATTGCACGCACAACTCAAACTACTGTCTGTAATTGAACTCATTTCTCCATACCGCGGGCGAGTCCCATCTTACGATTTACCTGTAATAGCGCATCTGTAATCGGCAGTCGGAGATCCCGCTCGGTTGCTGATCATATAGATCGATGGTGTGGGTTCCTTAGCTACAAAGCAAAGGGGTGATCCTTGCCAGACTCTTGACTCGATTAACTAAGCCCTCGACACCGCAGACATGGGACCCAGTAGAAACACGCTTTACTGGTTTGGGGAAAGGATTTGTGAGGACTTCCTTGTATATGCCTTGCCGCCCCGTGTCAGGGATAACCCGGGACGGGGTCCCCCAAGTGCGGTAAATACAGAACGGATGTCTCATATTTGTATCCCGCTCGTTCTTAATACTATAAACACGAAAACTGGGATCCGCTTTCAGTGACTGCACGGGGAAAATAACATACAAAACTTTCTGCATCCCACACGTTCCTACGAGGACCTTACGGTTACTGCATGTTGTAATATCAGAGTTTATTGACGGACACGCTTTTAGAAAAGTCTTACGACAGACCTTTCCGCGAGCGGTAAAGAATAAGTACCAGCTGGACAAGTTAAGAACCTTTTACAGTAAAGGCAAGTTCAAACCTCGAGATCCTAGTCAGAGTAACTCGGCGCCTTGGGTAGATGGTCAGAGCTCTCCCTCGTATCAGCTTATTTTACCGCTGCCGGACCGTAACATTACATGGGTTTCTCGACAAAAGCGGGTAGCCGCCGTGTGTTGCTAACTCCGATCATTAAGAACGCTAGTTCGTGTATCATCTACGCCCCCACTGGGGTAGCAGCATGGGACCGCCGTAGCCACGTGTGTGTGTAAGTGAACACCCACGGAACCGTATCCATCAAACAATCCGACAGGGTTCGCGATTAAGCATGTAGCGTAAGTACATCCATACTTATATCGGACCAGCGACGCATGGAAATCCTCTGAAGATGTACTTCAATGTCGCATGGGGAGTTCGCTCCTACCGGGACTTAAGCCGGTCTTCGCACCGCTGTTTATGGAGGGGGTCCTCTATTAGGCCATAGGCGACAATATCGGATTAGCCCACATATAATCATAGAACGGCAGGGCCAAGCCACACACCCAGTCTAATCGTCCCTGACTCAATCACCCCGACACATGCGGTGTAGCCATACCGTTACAGGCGGAGTCAATTGTGTTCGGCCCACT,1671,49.31,Homo sapiens
SEQ_769215,GCAGGTCCTTAAAGCTTACGTCTCGTACGGGCCGTATTCCATGTAGTACACTAGGCGCGCTGCGTGGTTATGGCTGCTAGTCTGGAGTCAGCTCGGCATCGTGGGTGGTTGTTATAAAACAGTCCAGAAAAGTAAGTACTTTAGTCCAAGACCATGAGCTGAACAGAAGATTCCAAATCGCAACAACTTAGTGCAAACCTGAATGAATGCCAGCTAGCCTAAAGGTCGGCTAATTTGTGCGGTGACTATACTCGGGGGGATTTAGTTAATCTCCCTTATGGATGCGGCTACAGCAATAGAGCCGTGTTTCATGAATTTTCACCGTCTTGCCACCAATGGCAATGTTTCACCAATGAAAGCTCCAGCTACCCTCCTCCGGAGTGATGTTACAGTGTGTACAGCTCATTGCCTAAATGAGGGGCTATGCCCGGTAGAGGACCAAAAGAACTCGATAAGGACTGCATGATGTGTGTAATCCACCCCGGACCTTACACGGAGTAGTGACCATTACGGACCATTGAAAACCTCCCGAACTTGCGCCCCAATTAATCCGGGCGGCAAGGTCATAACGCTTTAGTAATTGGTGAGCGCGTCATAATAATTGGCAACTTTGTTACAGTTTACTTACCTAACGTATGAGGACCACCATGAGGGTAGCTATTAGGTTAGCCTCTAACCCCAAAGAAGTACAGTACGGGACCGGCTGGACAATGACGGAAGTAGAGTACGGATCCATTACTTCGGGCACCGTTCGTCAGGCATGGAAAACTCGCTGTTACGGACACGTTGACAGAGGTTCGTGAGTGGAGCGTACTAGGGGTAAACCTGCCGCGACGTGTCCTTCTATGGTGCACATAAACAAGACGGTACTCAGAGACCGAGACCAAGAAAGATATTAACTCAGAGTTACTTGTATCATGTAACCGAAAACTCTTAAACCCTCCAGCATGGAGTGAATTGTATAGTCGGTATCGGAATGGGGCCAGTCAAGATCATTGTCTAGTCCTACGTTAGGATGAACACCGTTCCTTGAGAAAATTAACTCGCTGTTGCTGAGGGATGATGAGCATTCCCCTATGGGAGCTCGTAGGGGGGATGCTACAGGGCTACCTCACGAGTTCTGCCTCCCCGAAACCGACAATTTAGTCTTATTTTGGCAGGATCGGTGGGTCGTGCGTCGGTGTGAGATCCACGTACAAGCTTAATAGTCCTAAACAATTGGAAGGGTTCATACGACCGAACCCAATCTTTACTCTCTATAAGCCATGAAATCGAGTTGATGAAGTGGCGCGGGCGGAGCACTCTGTTCAAGAGGTGATTGCAGTCAGTCAGCGGTCCTATCTGTTCTTAAAATGCGTTCTTTCACAGGCGCGACGCCTGAACAGTGAACGATAAACCGTCGATCCTCGATATAACTAAACCGAGACCGCCTTAAGCCCAACCGGATGGCCTTGCACCGCATTCTGACGTTGCCATAAATAGGATTATCATAAAGGAGAGTATTCTCGGAGGAGTATCGTAATATGTCCCACTGTCAAGACGGGAGCTCAAATGCCGTAGTCAATCCGATTTCCGTGGTCGAACGGGTATAGGAAGATCCCAACGACCCGGGGTATTCCCTGCAGCGTCTATAACTTTTCTGAGTAGGATCGTCATGCCTTAAGAATCAAGGACGCTGGGTTGGAGA,1687,48.61,Arabidopsis thaliana
SEQ_676118,GTGCATCGGCCGTTCATATCGCTGTCGCGTACCCGTCTTAGGCTGTCTTTGTAAGCAGCATAGAAGATTCTGCTCAGAAGACCCCCTATCCTTAATCAACATTGTCATCAGCACCATGGAAAAGAGGAGGGCTGTCTAATCCCGCTTGCCAGTACTTTAGTCTGGACGGCAAATAGCTAAGCAAATCCTGATCCGATAGGAGTTGCACATACTTTGGCTTCAGCGCAGTTTATTCCATCCGTGGAGCCGAGGATCACTCCACATGGACAGACTGGGCTGTTACTTATTCCTCATCTTGTTCGCCTGATTATCTACCACTAGTGGCGGATTATAGCCTAAGACCTCACGTACGCGAGTCATATATCAATCGTCCGACAAAACGTCCGCGTCGTCTCTACTCACTTCTAAGTCTTGGACCGGTTGTATATTGCTCACCAGGTCAGTACGGTCGGGCCGGCGTTTACGCATGCGGCAAACCGCAGCACAAATTGCGCGGCCGTTGTGTATTTAAATATGTTCTAGAGATCACACTGGGCATCGAGACGTGCATCAATTTATTTCACCCCAGTTAGCCACGTAACCGTGCCGGCCACATTTCCTCCTTCATTGTATCCTACTCTGACATTCGACATCGCGATGAGGTTTGACACCGTGAATCATGTGTAACAAGCTATGCCGCGGTTGGGGTCTCATAATGGAAGAGTGAAATAAACCAATACAGCGTCGTATATAATGGTGGGGGCCTTAATGCGCCAGTTCTTGCTCGGGATAGTCAAATCGCGTGTGAAACCTGGTAGGCTTCTTAGAGGACGTGGGAACTGATACAAGGGTCTCCCCGGGGTACTAGGAAGATATCGAAGACAGGGCAAAAAGAGTAGTATCAGCGCGGGGCAACGGATCGGCTAGTTTCTATTGCGACTGGGTAGGTAGCTGTCAGACCCTCTTACGGTGGAGACTGGCGATATTTCCAGTAATCAATTGCACCTGGCCCGGACGTGCGGGAATAAGATGCTAACGACCTCTGAACCGACGTACCGGGCAAAGTTCCGGTGTCACTGGAACAGGCAGACGAGCACACCCTTATCTCGCAGCAGACCACTGAACTCGTAGGCTGCGGAGGCAGAGTACTATCGGAGGTCGCAGCGCCGACCCCGCCTTATAAGTTGCCCTTCCATTAAAATGATACTCAAGGCCCTAGCACCTGCGCTGGTAGTCCGTTGAATTCATTCGTGATCCCCGAGTTAAGACTTGTGGCGAGTTAGAATTTTCTAATACTACGTGCGAAATGGTGCAACGGTAGGCTGGCGGCCCTTGCGCTATTAAACAAACGGCAGATAATAATCTTTGTAACTCAGTCCTAGTATTTCTGGATGTAGTCGGTTATTTGTCCTGAAACAACGTCCCCGATATCCACTGCATATGCGTAACCCAAGCAAAACAAATCTAGTCCGCTTCAGAGACTTTCGGGGGCGAGGCCGTGTACAGTTGGTTTAGTCCATCTGCTCACGGCACATCTTTCCTATCGTGGGGATTAGTGCGTACCTCGGTCAGCGGTCATTACTGTTCTTTTTTTTTAGGGTTACAACCTTGCCGATAAGACGAGAATAATGAGACTGATGAGTCAACAGTCTGGGTGTACTTTCTCGCCCTACGCTGTATGTAAGCCTGCTTTTGGGCACCAGAGGTTTCGTATCGGTCCGCACTGGGCTGCACATGTGGAGCTTTGCAGCATTACTAATTTTCGAGCTGGCAACATGCCATGCTTCTGCGTCTCTGGCACCGTAATTTTGT,1791,49.86,Escherichia coli
SEQ_186862,TAATAGGGCCGCCTAATTCCACTGAATAAGTTGCTGGTCTTCATAGCCTCCCTCCTTCTTCGTAGGTCTTCTGGGCTCGGAGGACCCATCGCCCCCAGACTTGTCTCATACTTCTGCAAAGTCCCGCGACATAGAAAGCGATTTCTCTGCTAGTAGGCATAAGCTTATGCTATCAAGCGCGTCACACAACAACGAGAACGCTTGATCGTTCTTGCGGATACTGTATGTAGACATGCTTTGCCAAAACTAATGTGGGCTATCGGCTATTGCCGTTAACAATGGGGAATATAGGCTAGGTACCAATCCGCCTCAACGATTCGGGCTGTGCCCGCCAAAA,337,49.55,Escherichia coli
SEQ_280459,AGCTATGACCAGGCACGATAGCTAGGAACCTCATCACTTGAAGGACGCTATGGGTGTCAGGGTTCGCTTACATGTGGTGCCATTGGATCTACGTGTCTAACTTGAGATCGCCAGATAAATGTCCGTCGTTCCAGGAGCGTAACGCGGCCTCCGCAGCCAGCTACTTGGGAGCGAGAAACTTATGCACCATTTAGGGGACTTCCTCCTCACATTCCCGCATGACTAACAGTTACGGCTGTCGAATGGATTCCACTGGCAATCGAATACAGGCCCGCGGGTTGAGAGGTTGTACGAGTACGCCCACGGATGAGCGTTACCCCTTATCCAATTAAAACGTAACAAGGCGTGGGAGGATTTTCCTGACTGCACTGAGCCGCGTGCGCCAACGTCATAAGTCGCGGCGAGCTATGTCGAATATCCTTGGTCCTAATCGACTGCTCGATTTTGGTTTACTAATTCACGTGTAAATCTTTTGACTGGCCTTAACGGGATGCTAGCGACACTGGCGGGCACGGCTTGTATCAACGTTATTAAGGTCGGACCTAGGGCTCCGAGTGCTATCGCTATCCGACGTACCCAGCGGGGTGTACGGCTCGGAGCCAATGATCCTAGTAGGCTTACATACTAGCGCCTAGTCTTCCTTATTAGCGGGACGAAAACTTTACGGTCCCGATATCACTGACGCTCTGTGCGAACTCAGTATTAGCTCGGCGGAGGAGGTGCCTCACCGATGAAGATAAACGCAAGCAGCTCATAATTCTAGACTTCAGATGAGCGGGGCTTCTAACCTAGTGGGCGAGTGCTGTTACTAAGCGCGCCCTAAAAACCGGATCTACTGCAGTCGCGCTTCCGGTGACTTGCGCGTATTATGATTCCCATTCCATCGTGTACCTGCATCCTGTTCTCTTTTGGCAGTAAGTCGCCTTCGATCTGATCAGCGAATTTGTGCAGACAGCGGAGAATCGATCAATACATAACATCTCCGGATTCTTATGCGGGCACAATAAGGCGGGGCTAAGAATGGACTGCATCAAAGGTAGTAGAGCATCTGTAATGGCGAAAAATACCACGGTGTTCATAGAACCGAGGGCAACCGCGCGTACTAATTACCAAACTCATTACCTGATCTGAGTCTGCACGTTTTGCCATCACTAATTGCGTCCTCAGCGTATACATAGGACTCG,1184,50.93,Arabidopsis thaliana
SEQ_471166,GGCCTACATGTGTAGCTGAGTTTCTACTCACGATCGTGTTCCGAAAACCCATCTTACGACCCGCACCTTTACGTGGCTATATAACATTCTTCCCCACATGTGTAACTACTAGT,113,46.02,Homo sapiens
SEQ_884849,GAAAAACTCAGCTTAATTCCATGTAGAATAGAGCGGGGACATGTTGCCTCTTTATAACACTTCCTAATGCTCTGAGTTCACTAGTCCGAAATATTTTGTCTGATTATTCTATAACGGCGTGGGGAAAACTAGAAGGGGAAAATTCTATAACGGATCGGTTTTATGAGCGGCCCTACCTGAATTATATAGGTTGTGGGCAGGGTCGCTATGGACTAGTACATGCTGTCTCCAAGGTAAGTACGTCAGTCTGCATTGTTCAGTTCTGCTTTCGAAGGAACTACGGCGTCTAACGTACAATGATACGTCTGATGGCCTAGTGGCCAGCATGTAGAGTGGTTGCCTGGCCACCATCGGATCCAACGTATAATCGAGACGCCTGATGCTCTGTGAAGACCCGTAACCTCCCTAGCAGTACCCTGGACTCTATCGGCAGTCACCAGGAGTTCTTCGTTAGATACAACACTGATATGAGTCGCCTCTGGAGAATGGTTGTATAATCCAGACTAGCAACACGGTCTTACATTAACCTACTACCTATCCAATAGTCCAGATGATACGTATAATGCTACTAATTGCATTTCGACTAGCTGGTGGATTTATTGACCAGTATCACAGATTCAAACTCGTTGCGTACCCTTCTAGCGTTCGGCGTACCGTGGTGGCGCGGCTACTCCCAAGACCTTAGAGGAAGCTTTGTTGTACTTGCTATGCAACCTCAGAGCTGGACCAGCGGAGAACCGCTCACGGCCCTGCTTCGTATTCGCATGCGCCTGCACGACATGTGTCGCTACTGCTATGTAAAGACATTCCGCGCGTCATAGATAGTATGACTAGATTTATGAAGACCCCATTCTGCCCGTCCCTCGAACCCACAGACGATTTGCCGTCTTAGAATGTAGTGAAGGTCCAATGGCAGCATTGGTCCTCAGGTCCTCGCCTTATTTGTGCAGCGGTAGCGTTGCACAGACGAATGTCTTGCATTGAGTAGTACGCTGCGTTAGTGACAAGGATATTTTAAATTGGACAAGGCTCAGTGACGAAGTCTCTAGGATCGCTTCCTGTGCAATGCGCCGCGAAACAGAATAGAGCATCTCTCGTGTTTTGCATGACTTCCATATACGCCTAGTCTTCTTTCAGGCCATACACGAGAGATGCCTAAGTCGCCGAGGCAGGAAGTACACGTGTCCGCGCCCAATGGATAGGTGTTCCCTTAGGCAATGAGACTCGACTCTCAACTATTCGCCCTCTTCGGGCTAAACGTTACGCAGTATTGGGAAATACTCACGACAAGTAGTCTTTTAGATTTTTGTACGACGCGGCAAGACAGTGAGTGTGGTGCTCGTCTTGGTCGTGACTAAGCGCGATGGGGCATGTTAGCAGCGGCCACGGTTAGGCTTAAAGCCGCACCTGTATTCGCGGTCTATTGAAGGTTGGTAAACCAGGCTAGCCCCTGCCACCGCCCAATCGACCATGCGCAACAGGATTCTGGTAATTGGAAAATTGCGGACAAGGACAATCTAATAACTGTGGAGGGGGCGTTTGCCTGTACCGGATGCGAACTGCTTTTTTGCTAGTTGTAATTAAGGATCATGGGGTTGCTAATTAGAGTTCTTAAACTTACTCATTGGAATATTGATCGGTTCACGTCTCACCGGCGCCGAA,1662,48.44,Homo sapiens
SEQ_158647,AACGCTTGGCGCTCACAATTCGGCGACTATTCGAGATCCTGCCGTCGCTAAGCGTAGTCAGCGGACGTTTCAAGTCAAAGCTACTAAGTCATACCACACCCCTCAGTGGTTATATATACGGTTTCAGTTTAAGCTTATAACTGGTACACATGACGAACAGATGTGTGACGGACAGGATGCCTGCGATTCACCTCGAGTCTCTGCTGGACAGCTCCCCACTGGACATTATTACGTCTTGCACCCCTCGGTCGGTCCATTGCATCAAGGCCTAGATCC,276,50.72,Homo sapiens
SEQ_379634,GAAGAGGAAGTATGGTGTGCCTGGAACGATGGGATGCTGGCACGTTCTTAATCCGTGGGGAATGTTTCTAGCACATTTAGTGCCTCGACTCTTGTTAGGATGCTTCTTGTGGAGGGTCATCAACTGTACGACGCTTGCATTCGCCGCCAGCTTCCGACAGGCACCAAGACCAAGTTACAAGGTGACTGGTCCGTACTGACAGCGGGGTATATAAGTATGTTTATTCGGCCCTGGTTCAGTCTGACAGTCACAATATGCAGAATGAGATTTTACCTTCTAATCGGTGTCGCCTCGAGCGACCTAGAGCGACTACGAATGACCCGAGTGGGTAATTGATTTATCCCTTAGCTACCCCACTCTACTAAATCAGTCAACCAGGCAGGTCCTACTCATCGTGGCGGCTAATACAGATGGCTATCAGAACCAACAGCGAACTTGGCGGATCTGACGATTCCTAGGTTGTGGCCCAGATAATACTTATAAAACTTCCCTCGTTCGGTACCCGCACAATTGTTGGGACCTCAAGGATGGGCGCGTCCGCGCATGTAGTTCGGCAAATGGTTCGAATAGCTTATCCCGTTTGTCAAGTAACCAGGCATACCCTGATTAGGCCACATCACAGTTTTTATCATAAGCTGACTTTACCACTTCAGCAGAACTTCGGCAAGCTCTCCATCGAGACGAGAGAATAGAGCGTGACATCGCCAAGTGGAGCACCAGCCACAGCTTGTAACTTCAGATTGAACTTTTTCCGGTGGAGACTTATCGCTGCAGCTAGGCAGCCCTACCACGGTACCCATGAAAACAACGCTCTGAGGTGGCAGATTACTCTTTGGCGGAGCACGTATGATTTTGTATCGGGTTCCTTCGTTTTACTGTCCCACACAGTTTATCGTGAAGTTTTTGACATGCCGGGTTAAATAGGATGTTAAACAAGGTATTGTGCGAAATCGAAGAATTCCGTAGTCCACATACTTCACACACTGTTTCCTATCGTGGTATGATAAAGGCAGTGTTGCTTGGTGAGGCAGAAGATTGCGTCGACCCAGGCCCACTACGAGCGCGATATAGGCCACTGACACATTCCAAGAGTCTTGACGCGGTCCTATTAATCAGACGGTTGTCAGGATAGCAGTATACGGCAGTCAAGGAGTGGAGAGCTGCCGTCGTAACCCCACGTCTTGCACCACTCAACAATCTGGGTCAGTCCGTTTAGTTGATGCCTTATTCACTCTAGGAATGTTGTTAATTACGGTGTAAGATCTCTCCTCACCGAAGCTCCTTTTCGAAGTAGGCGCCCGCGGCTCGAAGGTCAGTGGTCGGATTATGCCCAACGCAGCAAAGGGGGCCTAGCGTGCTACGGTCTTCAACTACTAGAACTCCAAGCATCTGCCAACTACAGCTACTCGGCGTTATAATCACACCTGCGTAACATCACCCGTTTTGCGTGCCCCAACACGTGAGCACATGGTAACACCGCGTAGTCCAATTTCGGTATTCTGGTTAGCTGTATGTGTACGGGCTGCTAAGATTCCTATATCATGCCATCAGCGCATCGATTCACTCTTTGTGTCACACGAAGGGGGGGGGTAGGGAT,1597,49.59,Caenorhabditis elegans
SEQ_705380,AGCGTAACTTAAAAGGGGCACTCCTTTACAGATTGGAAGTGATGGTTGCCGGTTCACGCTTAGTCACCAGGGCGGTCAAGAAGGTCACACGTTCTTGTGTCCCCGCCCCTTTATCCTTACCGCAGTGTCATCTGCTTAGTTTGCGGCGGTGTCAATAGTTACCGATGTGTCCACCTCTGGACCGCCAAGGGAGCTCCCGTAAGCATTGTCCCCGATCTCCATATCAACTAGTGGCCAAGGAGTCGGGCTGCGGGACCTTTTCGAATCGGCTTCCCTAGGCCCATCCCGGAAGACTGCTTGACCCCCAGTAAGGAACACGTAAAATTATGATGAGCCGTAAGTGTCAGGTCACGACTTTATTTGTACATCAGAGAGTGTCGACTCTTCGGAAGCGCTGAATACTATGTACTATTGCAACCGGAGTCGCCTAGGCTCGCCACACCGAACCGCGGCCTCCCGGACCCCAGCTGGATCCAATGTTCTTCAACAGGACGCGAAGTTCACGGCAGTTGTTGCCCCTTGACCTGCGCTCACCGGTAATCCTATGCCCGCATAATCTCGCAAGCGCCACAAGAGAGCCTGCGTCCGTACTTACTCCATTTGTACAGGGCTGTACGACTTCGGTCTGGTCATATAAGAGAAGCTTCGAATCCTCGAGCATGTTGTAGTGCAGAATCCCTACTGTTACAGAACCCCTAAGAATCTTGTACGTTAGCATTTACTCGTAGATCGCCTGTCTATTATTATATGCCACATCTAACTTCGCTCCTCGGGATTCGTTATGGCCTTACGCAATTGGGCAATTTCTGTCAGGTATTGTTTCCGTGCTCTCTCCCTGGCCGTACACTTGGTTCGACCCACGCTTTGAGGTTATGAGCGTGGGCTAAGACTATCCCTTCTGGAGCCTAAGGACTGACG,918,52.07,Homo sapiens
SEQ_456161,GCACCATCACAGGTATTTCCTAGGATCTTGTAAATGTCTCGGTGGTTATCGGTATGCGTCTGCAACACGGCGAATTTTGACAATCGCTCACTCTACGGACGGAGCCGAAAGTACGTCTAGGGTAAGGTTATCGGCGGGGCCCTTAAATCCAGAGTCCTTGGAACTTTAGTGAAGCCCTTAATGACCGGCGCTAGTTACAACACGTCTCACGGAGCTCCCGCATGGGACTCGCCTCGTCAAAACGATGGCACGCAGGATGTAGCCCCAATTGATAATTATTGATAACCATCAGGATCGCGTGACTTTCAGAGCGGCCAGTTGCTGGGACGTAGTATTGATCGTTTCTAACAGCATCAATCAACGACATAAGTCGGGCCGTATTCGGCGGCATGGTATTGGCCGACGTGTGGTAGCAAGGCTGGGCGATGAAGTCGCACCTGAAGAACAGCTAGGGCCTAGCAGATTAACAGCGGGTTTCCGAAGCTTAGTTGATTAAGACTGACCCCCACTCTATGAGCCACTCATCCCCAATCGAGACTGTACACTGGCCCAAAACATTGACTTCAGGAAATGGCAGCCTCTGGGCCCCGGTGCGGCCCTCTCGTGGGTTGGCTAGGGTGGATTCAGATTTAGAGCTAACCAACGGGCTGCTTGAGTAGAGCGGTTCATTCATAGATGTGCACGCTCTAACCCGTCGACAGGCGAACAGGTTTGCTGTAGTAAATAAATCGGCTTAGCTCTACAGAAAGTGGCGGATCTCCTGCATCGCGTAGAACAATTACGCTCAGATGGTGGTTAACAGAATATACAGCGTTCGTTTAACTAAAGATCAGCGGGGAACCCCTGCGAAGTCGATCGTGTTTAGGGTCGTCGGCAGCTCTTACACCGCAGTTTTACTAACGCACAACCAAGTTACCCCCTAGTGTAAGTAACGTCCTCAGCATGGTCTGTGCAAGTGACGCACTGGAATTGCGAGCACCTCCAGGGTGTCGGTACCATGGTACCCCTGGGAATCTTCAGCTGGCTTGTTCTGCTTCAGCCATGATTCACAACGGTGTAAGGGAACCGAGGGCGCCACTGAGAATCTGCATACAGCGACTACTACTTTGAACTATGCACCCCCCCCGCCCCCACCAACCCAAGCTTACGGGCGTCTGAATTGAAGATAATCGAGAATAAAATCTTGTCAACGTCCTAGTCTCACCCACACATTTTTTAATCGACAAACTTGCGTTCTTTAAAGGCTGCATTTATGCGTTCCACGGCAGTTGTTACCGATTCGCCTCAGATGCGTTATCATGGCATGTCATCAGGAAACCAAGGCTGCGCACGACAAAGAGCATACTCACGGTTATACCTGTAGATATATGATACTAGCTGTTTTGTAGAGGTCACTTCATATACGGCGCCGTACTCTGTCATGAGAAAGGGCAGGGCTATCCTTCCAAGCATGCTGCCCTGCTGGCTCAAACTATATGGCCATCCTGTTTAAGGCCATGATACTGTGAGGCACTTGGGCAAACGGCCCTGTTACGTTTTGGTCGAAGCAGGGGTGGACGAAACC,1564,50.83,Caenorhabditis elegans
SEQ_202438,TAATATAAATATGATTACTAGCGACACGCGGCATTGACCTAGCAATTGCGGCCCGTGAAACTACCTATTGAACGGTGATACTTGCCAAGACCTTTATCACTCACAGAAATTTAACTCATGTCGCTACGCAGGGAGTGCTAACTAGTGAAGTTATTGCGAGTGAAATACTCACAGTTTATCACACGGTAGTGTCTCAGCGCAAGGGGTCCCCGGTTCGTTAAATGATCTTTTAAGGCTCGCCCACTGGCTAATATAGCAAGGTGGTGGTAATCCAACGTCACAGCAGGGCTTAGCGTATCCTATAATAAAGGTTTTCATGCCTGAAAGGCACTCAGGAAAGTGCGTGGTTGTTACCGAAGTGAGCAGAGGTGCTAGCGTGAACCAAGCCTACCTCGTCGCAAATAAATAG,409,45.97,Escherichia coli
SEQ_782133,TCCGAGCGATGGGTAACATGTAGTTGCCCCGTTTGCGAGTCGCTCGATCCTGCTCTAGAGGGATTAGAAGGGGACGGAGTCCGGCCACAGGCTGGATACTAATCTCGGTAGCAGGAAGAAAATGTCACGTATTCATCAGACGGGAATTCGCCCCTTCTTTAGCACTATCTAAAGCGTGCCACGCGGTACAACGGGAGGTGAAGGTCACCCTAAGTGTTGTGACGCGGAATACATCAAGGGTTGCAGAAGGCTTCGGATTCACTGACAAACGCCTCAGCTTGAGCAAGCTATAGTCCCAGA,300,52.67,Saccharomyces cerevisiae
SEQ_528364,TTTCAGTCTCTGGCCGGTTAGCCTCAGAAACTTCCGTGGAACCGGGGGGATAGTGTTACAATCAAGGGAGTGTCGTAGAACCGGAAGGTCAGGCTGTTTGAATGTTCTATTAGTGCCTGATCCATTGTGCCTTACGGATTTGATACATAAAAGCCTTACGCCAACTCCGTATACTGAGCTTCTGGGGCAGCCATAACGGTAAAGTCGTAGTTGGGGTAGTAGAGTTGGGCTGGACAGAGCCGCTGCACTCTGTGTCCGACCAAGTTCCAATTTTATGTAAACTAAAGATTTCTCGCACTGAACAACGGTCGGTTAATGTAGTACTATAAAAGCTTGCCCCGGGATTAACCAGCTGAACTTGTGTATGGGAACACAAGTGTACCCCCCAAGTAGGTGCTTTGTTTTCTATGCGACGGCACACTTAATAGAGCGAATATACCGACCAATCTAAGGTCAAGGACCCGTTATCCCCACTATATTTTAGTAGGTTTATAAGTTGCC,501,46.51,Drosophila melanogaster
SEQ_459147,TTACTCTAAGACTGACTACATCAGCGCTCGCTGGTCTTCCCTTTTGTGGACAGAGCTATACTTGGGCTGACAACGAGCCTTTCGTCGAACGCCTATGGAGAAGTAACACGGAAATTAAGCGTGCGCAGAGCAAGTTGACAAAGTGAATGCACTTATTACACGCCAAGTGAGCGGATCCCTAATCGAGAGACACCCCCAAGGGTAAAACAGTAGGTCAGAAACCGACACTGACTTCTTAATAGTATTTTTTGTTCATGGACCATTACGAAATTTTTTCACAAGACGTCAGAAAGTATCTAAGCGCGATCAGTCATGGGCGCCTTGAAT,327,45.57,Saccharomyces cerevisiae
SEQ_851253,CTCCATCAAAGTTTCCAAAACCTCGTCTCGTATACCCGCCGAGATGAGCCGTAGACCGAGTATTTCGAAGATTTCGGCCATTACCTATATGGTTGTGTTCAGAGTGGGGTGGAGATTGGTTCATCATCGGCTTAGCCGGCTCCGGCGTGATTATGAGCCGCTAATCATAAGCTTTGATTTGTCATAACCTAATCACACTGTGAGAGGCGGTCTACGGACGTTTAACACATGGTGAACGGACACTATCCGCATGCGCCCTGTCGAGTTACCTCCTTTACCATCGTCACTTGTTAAGCTACATTACCCCGCTTGGTGTAAGGGTTCCAACGCCAACGGATACGAGCCAGGTTTGTCGCAAAATGCAACGGTGCAAGTTCCTCGCGCGCTATCTGTCCACAAGAAATCATGCGAATTCGCCTCAGTATCTAGTTCAAAAAGTGCCGGTCTCGACCAGCACCCGGTATATCTCCAGTTGCACCTCGCGGCCGCATAAATCACTCCTCGGTCTGCCACGAACACTATAATATTACAACAGCAGTGATTTTATTATCACGAGTGCCCCTTGAGTCCAGCATTGCAATAAGACGTTACTAGCCAGGTCAGCCTATCATAGACCTCGGTCCGTCCTAGATAGACGGCCTAACTCCTCAGCAAACCCTAATAAAGGACGGTCGTCCCTCCACTTCATTCTAGTGGTTCTGCCGTGGAGTGGCACCTCTTAGCTACCCAATGGTGGGATAATGAGCATCGGTTACCGTAACTAACCCACAGGGCTGGTCGAACGCATCGCGGCTGATTCTTATAGTGTCATTGTACTTAGTGAGGTGGTAATGCGCGTTGTGGCCTTAAGTGTAGTAACACTGTGATCGTCTAGACCATAATAGCTCCCCGTGTAGGCAATTCGGAAATCCAGCACCCCATACCCACGTAGCTGCCATATATCTATGAAATTAGTGACGCGCTGTCGTCGCCGGAGAGCTTAAAAAAAAATGGCAGGCGAGGGTTCACCTGGATCGCTACGTTGCTCAGAGATAAAGACGGTTATTACTCCGGCATAGTGGGATGTACACTGTTTACACTTACTACCGCCTCTCTGTGGAAATCCGATGCCGAACGAGAGGGTCTCTCATACGTACCGAAATACGGGGAACTTCTGGACGGTTTAAGCAGCCCCTATGACAGAGTTACTACAGGGTATAAGCAGACGAGGAGCATTGGTAGAGTGCCATCCACAATAATCTGGTCAACCGGGCGCGGACGCCGGTTCTGCCCTCAGGTTTCATCGACGCGGGTAGAAGGGCTAGGGATTTACTCAAGACGAACGTGAGCAAAATATCAATCACATAGAAACAAACTTGTTTGCCGCCTCTCGTACAAGGGTGTCCAGAGGGAGGAATCTACTCTACAGGCCTCACTGGAGACATAACTGAATACCCGCTAGTCTTTAGGCGTAATTAGATGTTTATGATCCCCATACTTAGCATCAGATATTTCTGTACCCGCCGAGCATGCCGTCATACTCCGAATCTCCGGTTGACACTTCACCAACACCGAACTACGATGGTTATGAGGCTCCGGTATGCCCGATGGCACGGAGGCATCTTACACTTCCTAATGTGAGAATAATCG,1629,49.66,Arabidopsis thaliana
SEQ_104493,TGACGATATAGAATCTCTTTCCGCTTCGAGCCGAAGTGCTATGAGAGACGAAGGCAAACAATCCCTGTGGGCTGCAAGCTTGAGCTTCCGAAAGTAAATACGCCAGTCCTCACCCCACTGGACAAGCCGCCT,132,52.27,Escherichia coli
SEQ_561906,TGAAGGCAACAGGTGATCGATTTATGGTTTACTACTTCCCTAGTAGAATTCGGCGCTGTCGGTACGCTTCCAAGTAGCAAGGCGGGACCCCGTTGTGTCTCGCAGGTCCGGATACAATCACTGCCTTCTCTCCCTATCGTATGGTCAATAGATATACTGTAATCGTCGATTATGTTTACCTCAGACTAACCGTCAGAATTGCCTAGAAGTCCATCTCTCGTGATCCAGGAAGTTTAGCCCCCAACCTAAAAAGTTGTGGCTCCGGCGGGCATGGAAACACGAGGCAGGCCCGTGTTGCAATCTGAGAAATGGACGTGAGGTAGTTGCTCGGGTAGTCTCCCGGGGAGTAGATCGACAGCCCTAAAGATTGTTCTCGACAGTTTATTGTTTCATTTAGACTTAAAATCGAGCTTCGGGTTACAACGATAACCATAACGCAGAAACATCACGTTTCTTATGGCGTATAGGTAGAACTCCCTGCTAACGGGCTCCCTATGAATATCTTCAAGCGTACAGTGATCTAGGAACATTCCGAACATCTGGATAGATTAACATATCTGATCTATAGCCCGATTGAGCTGGGTGTTCTAGAGCAAAATAACTGCACGTCTCCGTGTGTTTTGATGGCAGAAAGTACCCTCGGTATGAGTCGCATGCATGCCCATGAGGAGTACGAATATCAATTTGCGAGATCCATCTTCCCGGGTTGCGCATGCAGATGCAATACACTAGTAAAATAGGAAACTGAGAGAGTCCCTGAGATAATATTCAAGGGACATTCTATATTGTATCGCTTCTGTGAAACGTAAACTTGCATCCCCGACGCGTAAATCTTGATAAAGCTAGGCACCCTGAAATGTAGATTAGGACAACTAGGATCCAGGTTTTTGCAGATCCACATGCGCGTATGCCCGTCAAAACCACCGTAGCAAGTTTTCTTAGATCTTAGGCAAGTATACGCTACGAGTCGCTTCCAACGCTGCCCTTCTAATGGTTGATCACAACGACGAATTCCATGCATACTCTTGGTACTTATCGTGCAATACCAGCTACACTCTACGTGCAACTCTGATCACGCTAGGTGTGTATTCCCAACCAGAACGACCATCAGCGAAGCGCACCTTGCCATCCTTCTTC,1137,46.61,Arabidopsis thaliana
SEQ_141528,TTCACGTTCTACTCTTTTCAATAAGAATTTTTCTCACTAATTACGATAAGAGAACCTTCGATCAGTACAGAATTTGTTTATATGTCCGTGTGGTTTTTAGCGGGGCTAGGCCTAGTCGCAAAGTGGGGTTTCAAAACACGTCCCATCATAAAGGTATCGCCTTGACTCGCCTACCATCATACCTCATAACCTGTCTGAAGCTTTTATTCTTCGATTAAGCGTGACGAGGATCTATGTCAACCAAGTAAATACTACTCTCTCCCGGAAGCGCCGGCCTGGGAACAGACACTGCTTAGCTTGCGGCCCCACACCTCACACCGCCTCGTCGCGGCACCGAACCTCGAAGGTCGGCTTAGCGCAGCAAGGCACGTGGGTAACAGACTGAGGATACATGGCGCGTGTCGTCTAAATGCATAAGCAGCGACGGCCCCGGTTCCCAAACGACCATATGTTGTTACATTGAACAATTGCGAAACAAGTGATTGTACCAGAACGATCACGTGTTAAGGCTAGCATTCTCAGACATCCATTACCTCTGTTCTCATGGATGATTGAACGCCTGGTCCCCTCATCCGTACCCCGACCGTGGTAGGGCTGACTATTAACGTACCATGTTGTGCGCCGCAACTGTTCCATCCATATCAGCGTGGTGTAGCGAGCGCGGAGGACGGTTTACAACAGCATGCCGTAAAGGTACTATGAAGCCTAAGTGAGGGAACTACAGGGGGGGCACAAACCGGACACCACTCGAACAGGCGATATGCGGGGTAAAACAGTCAGCGCCGTTACCTTATCACGGGGAAATGGTGCGGCAGTGGAGCCTTACATCTCCGATCTGGGTCGTTATTAACCTCCTACGTTTGATAAAAAGGACAGCCCCCCTTCCGTCGTGAGAAATCTGCCTGATGAAGCACGAGCCACCTTGTCTCAGCCGCATCGCATAACTGCCATCAAAGCTACTAGCAGTGGCTAAGAATCATTAGCCTTTTAAGATAGATATGGTATCGGACAACTTGGATCTCTTTTGACCACATGCTTTCTAGCCCCTCGACCTCCACCAGCCGGGGTGGGTCACCACACCCCCAGATGCTATTGACATTGTCTCCCTCCCAACTGGTGGGGAAAGTTCCACCTGGTCTAGAGGTTCCCGCTGCGTTTTTATCCGGTAGCTATTAGCGGATTTAATGCGCTTAACGCTTTCTTCAAATCAGCGGGAGGATGATAGGGTGACAAAGCCCGGGC,1242,50.64,Mus musculus
SEQ_908287,CTACATCCGGCCACAACGATCCCTCTATTTTGGCGTTACTTCGTTTGTGGCTGGAGAAGCCGCATTCCGCATTGAGCGCGGTATTGTTTAATATCTACACAAGGCCTAGATAAAGTAGCGGAGTCAACATACCCGGACTTCCGTAGCAGAATAGTGTAAAGTGTCCTAGGTCCTAAGGTCGGTTATTTTCCTCCTGATCGTCTGTAGCGAAAAGTGCAGGCCGCCGATTCCTGCTATTTAGACAGAGACCAATGATGATAC,261,47.89,Escherichia coli
SEQ_380283,CCTTACTGGAACATAGTGGCTCACGAAGAGCATGTCTGCGCTACACTTCAGAACTCTTCTATCGACCGTCTACAGCCAGGCATACTATAACGCTACAAATGTTTTTGCGGCAGGGTTCGCGCGCGACGGCTGTATTCACAATAACTACACTGAGTTATCGTATGGAAAGAACTTATTGTGTTCGGGCTCGCGTCCAAGATTGCGCCAGTGATTTATCTAGTCCGCCTAGCAGCGGGACCTCCAGCACCGTATGAAGTAGATTTGCATGATGGCTGGTCATCTTACTTGCGGCTTCCAACAAAGTAACAACGCGGCGAATTAAAACTTAACAGCTGCTAAACAAGCTGAGTAGGTGTACCCTGAATGTACACACCAATGGCACTAGTGTCTTTATTAGTGACCGGCACGGAGAACACGGGCCATTATCTATTCGGGGGTTAAAGGCGCGAGTTCGAATCGGCACGACTATCCAAGTAGGGAAACGAATCGCTGGCTTGCACCGTTAGGGCAGACATAGTGGAACCTCACGACGTAAGCCGAGAGAAATTCTAATGCAGGCCCCAATAACCCCATCACGAGATTCCGAATGGATTATTAAGTACAACAGCTTATTTGGACGCGCGGCGCGTTTTTGGCATGGCACATATGATGGCGCGCTCGACACGTCATAACTCTGATCGGATACGTGGCCCCTCTAGCCGCGGTCTGGCTGCCAACGATCGAGAGTTTCTCGGCCTTAGCAATGAGAAGAAGAGCGGCCGCAGAAAACTGACTGGATGCCTTACTGGTGGCGCTCGACTCCCGGGGGAAACTTGCACTATAGAACAGGGAGAATCACCAGGAGCTCATCGGTGAAAGCGTCCATCACCATGTTGCGCACGAACTGCCGTGCATCGTGCTATTGCGCAATGCCTATTTCACCTCCGGATGCTCGTCTTGCGTGTCCAATCAATAAGATGTGGGGGGTAGTACTCCGACCTACCCAGACCCTGACGACTTGAGCGTACGCAAGGGGAAGCGCGCCCAACATACTTCTGATTCGCTCATCATCCTAGCATGTCATAATCCTGACAACCGTGCACATTGACCGTCTTCGTCCAGCCGCCGCAACAGCACCTAATCCAACAGAGTCTTGGTGGCGCCGAAGTCGGGCTGGTATGTATTAATGGCAGGGGGCAACTGCGAGTGTGCTAATCCCCACTCACTGAGTTGTCAGCAGTGTCGAGTAGTCCGCACGTTTGCCTCACTCGGCTGGATTGTACTTCTTGATTTGGAGTCGTTGGTGGGTGCGGATCCTGGTCACGTCGTGCGGATGTACTTGCTGCGTTGACTTGCACTAAGATCTCCGTAGACTATTCTTAGAACAAGCGCGCGCTCCTACGAATGTTTCGCAACTGGTCACGAATGAGTCCGGAGAGCGATCGAGTTCTCTTATCTAGTTGCGTGCAGGATGACAGAACACTTTCCCCCACGCACACGAGGTCACATTAAGACACGAACGGCCGACTCGCACCCAAACGCGACTGCGCTCTACACGTTTTCGGTCTCATTTCCCCTTCGCACTATCATAGAAGGATCCTGGTATTTGTCATTTTGCATTTTATCCGGACAGTGAGATCCACTCAGGCCGGCCTGGAGCGTGGTAGGCAGGATCGATGACCGGTCCCACCTTCGCGTTTTGGATAAGTCGGTGTAGACGCCAACGGGTACCGTGTCCTGAGCTTGAAGGAATCCTAGAACCTGAGCTAGGCGGTTGGGGCAGTTAAACACATCAAAATCGGACCCGACAAGATTAAAGTCCTCGATGCATCGCGACTAGGCGAAGCATTATCTTCTTCGACACGGAAACTCCAAAGGATCTTGCTATATTCTAAGTCGTTAATCATTGCCCCGATGCATAACTATGCCCATAGAGGGTGTCACCTTGGATCCCTCCAAAGTT,1942,51.75,Escherichia coli
SEQ_956497,TGGGAGGCGACTAATTTAATTGTGCAAACGTCGTCGCACGGCACCGTGAACGGGCTGGCGGGAAAGCATCGACAGCCTGTAGTAACAGTAAGCTGTCAAATACAGAACCCTGGGCTCCCATCGGCTTCCGAAATGTAAGGCGCGCCGGAGACCATTAACCTTATAACGTCGCG,173,54.34,Caenorhabditis elegans
SEQ_126239,GAAACGTCTTTTAGCATGCTAGGGTGCAGAGAGCGAACGGATCAAGCGGACAAAATTACTATCTAAAATTGCTCACTCCGGCTGTATCTGCATCCTTTGTAAAGCGTGCAACAGACTTGGTAAGCCGCGAGGACTCCGAGTTCGCCAAGTAAATCGTTGCTTGGCTGAGACCTTCTGTCGTTGTCGGAAGTCCTCAGTCCACTACGATCTATCCCTTATACTCAAAGTAACAAGTGGGAGTGTGGTAAGGGAATACACACATGTCGGTGTGTGGAGTCCTGATTACTACTCAGCAGTGACTTCACAGTCGAGACCTCGCAGAGACGCGAGTCGCATTTACCGCCCACCCTGTAGCAATCAGAACGCGGAACATCAGAGGTGTTCGAAGATTATAAGTAAAGGGACGTGCTTGCCGATGTGGTTAGCGTTAGATGGCGCATACGGTGCGAATAATAGCACGCCGGGCGAACTCCCGTGGTGTTGCTTCATTACAATCGTATTACGGTACCTGACGGACCGCTGCGTGTCTCTAGGCCAGACGGTACAGGCTCACGTAACGTCAGACGGTCTCCGTGTCCCGAAATGGTTATCGCGACTGTTCTCACTGTATAGCACAGAAGCAGCCCGGACGGCAGAGGTACCGATGGATGGGTGGGCGGTTCTTGCTTTCCTTCCTATGTCAGTCATTAACAGGGCAACCAAGCCATCTATGCGGTGGCCAAGTCTAAGAGTGCTGACCAGCACCAAGGGTACAAAACCCGTGCGCGCTAACCACTTCCGGACTAGAGCAATTTGTTCAGATAAGTACGGCGCCACTCATGTGCCTAAGAATATGCTATAGAAACGAGCTCCGGAACATATATAGACGGGTGTCCTGATGATCATTATCTTGCCCTGGCCGGCGGATCCGCGAGAGCTGTGCAGCCTTATAAGGGAGGCCCAATCGTGAAGCCATGGAACCTTCGTCCATCCAAGAACAGCCAAAGGAATGGTGTAAGACTTCGTAGACCCTGAACGTACTTGCCCGTTTAGCAGAGGCTTAGTTGGCCTGCGGGCGACTCTGTGGTTACTAAGAATTTGGCCTGCACTCTAGGAAGGCTATCGGAGGGTTCCCTAGTTTGCTCGAGCAGGTAATGTGAGAGACTTTTACCCACCTCATCGGCTGTGTAAAGTTGTCTCGGTGCTGCGCGTAACGGTTACTAACCTTGTCGGATATGCTACTCGGGTACATAGACGGGCCCTCGTCAAAGCGTATAGCAGGGTTGCATACACACCCCGATCCCTTGTGCTACGTTGATATTCAGGTGATGAAGCGTGTCCAATCCCCCTACAGCAGACTGTAAAGAATTTAGAGGAATGACGTGGCCCTACAAAGTTATTTTTATGGAGTCTGGCTCTCTGAGACGGGTTGCATTATTTCGGGAATTAACATAATATACTTAGCCAGGCAGGATTATAGCGATTGCCTTCGGTCGAGGGGGGTATCCTCTAGCCAGGGAAACTTTGTTCCAATACCTTACTCCCAAACAAATCTGCACCGCCGGAGGCCCTCGAGTCTTTTCGAAAATCGGAGTTGAGCTGCCTTTCAGGATTAGGATATGTCCGCATCAACAGAGCGCGTACAGGGCTTCTGAGTTAAACCGCTAGTTTATTATTAGCCACCCGTGGCGCTAGACCCGCAAGGCAGACGCTGTTGCGGGCTGCCTAGAACTAACTGCCGAATCACGGCACGTTGCGCTTCGCGCTCAATAGAGCTCAGCCGGTAGGGTTGAAGCTGTCCACGTAATAGTCAGATCACGCAAACGCGGTCCCCATTCTACCGACCAGCTGCGGCGTGAGAAGTACATTCCAAACGCATTGAGCCACACTGTTTAACGGTTTCGTTAGCGTATTAATTAGAAAAAACTAACACATAGGCATATCAGGGGTGCGGGTAAGGGTGTCTCATTGAGGGGAGGACATTGGG,1966,51.12,Caenorhabditis elegans
SEQ_211940,CAGCGCATGAGTGGTTATTATTTACGTCGAAAAGATGCGAGCGTTGTTGCCATCCCAATAAGTATTTTGCCCGAAATCCATGCGCTGTTTTGGTGTTTGTTAATACCTCGAAAACTCCCCTGGTGGATGGAACATCGGTACTGTGCCAAATAACGGAGCTGTAAACCTGATTCAAGGTTCTCGACCGTGGAAGCATCCGGAACACCGTATACTTTGCGGAAGGGACATTGTCTGCCTAGTGCGATGCGCTAAATTAGTTACCTAAGTGGTGGTCGGCCTTTGCTCGCGTGGGTCTTTCGACCCAGGGTACCACTTCCCTGGGTTGCAGGAGGCTTTGACCACTGCGGTATTCAGAGGTAATGTGGGATCTAACGCGGATACAAAGAAATTTTTTTAGAGTCCACGCACGTACGGAATGTCAGGGACGTATTTAGACAAGGCTAAGTTCAACGCTATTTACGCGGTACCCCCTGTCATAGCGATAGTCGCGCCTTTTCATCCTAAAGATTTCTTGCGCTCGGCCCGAGATGAACCTTCACCCGCGGAGTCCCCACACTGCTTCTTGCCAAAAACTTCAGGAATTCAGGCTTTGAGGCGCGGTCTGTATCGCTTCACGTGTGAACGACCCGCGTCCTGTCGACACTTCGTCCCCTCTGCAAATTAGGCACTATCCCGTGTTGTTACGATTGCCATTGCATCGCATAGACGAAGTGGTATGCAGAGGTTCTGCTACGATCTGATCTAGGGGTGGACAGGTTACTCGTTACCGCTAAGGACAGGCGGTGTTTGCTAGGGAGACATAATTTCCGTCTCGATACGGTAATTTATTCAGTTGCACCATCGCAACCGGATTACTACATA,861,49.71,Caenorhabditis elegans
SEQ_672021,GATCGCAAAATACTTACTAACCCGCGACCGTCCGGGAGGACTATGGCTCTTCGATTCGAAGTAAAATCTGTAC,73,47.95,Saccharomyces cerevisiae
SEQ_495979,CTTACCTGAAGAAAGAGTTACCGGGATACTAATGTTTGGTGAATAGGCGTCGGGTCCTACAAAGGGGGCTTGACGGCTATTTGCATCGGGAATCCCGGCAGCTTTAAACAGCCGAGGATGTTTGACAACGACACCCCGCAGACCTAATGCGCAAGCAATACGTTATCCGCATCACTCCGTTGGCGTAATGCGAAGACTTTGCGCGCACGCGCCTTTAAACCCCAAATATGAACGAGTGTAGACTTCACCCGGGGTTTTAGAACTGAGCAGTAGCACCGTTATGCGGAGCCATGCTTCAGGGCACGGGAATGCCATCCCGGCTTCTGACCCCCGACGGACAAAACGGTTAGCTGTGATTAGACGTTTTTGAGTATTATGATATACTTGATACAACTATATTAGCTTGAAAATGTTCCACAGCCGAGCCTAGGAGAAGTCATATGCAAGGCCAAACCACGCAGGGAAGATCAGACTAGTCGGCGGTGGTATCGCGGCCCTACCCATTTCCGGACTGGCAGCATCTCAGAATTGGCACCATTCTGTAGCATTCCATCGATAACTAATCTAGTGTGAGTCGCCTAGGCAGTCACCTACTAAATGGACCCAATTGTCACGTATATAGAAATTAGTAACACAGAAATGATACAGTGCAACAATTTTTTATCCGTACAGACGAAGTTCACTTGGAAATCCGTGACTTTTGTGCGTCTAGTCCAACATCACCGCGTACTCTATGCAGAACTATTTCACTAAGAACGTACGCCAAAAAGCGCGACTGGCTGTAATCCATTGTCCTAAGCTGGTGCAAGTGTTTATAGACTCTAGACAGACCGTCAGGTTCGTTGATCTTCCAAGGAGTTGGATCTGTGTCGCAAGCCAGGAGCCTGACAATGCAACTTATTTAGCATTTATCTCCCGCCATAGGCTCTCCAAGGGATGACGCAAATCCAACAGTACCGCGCTATTAGCGGATTGTGTTTTCTGTACAGCTGGTTTAGACTCAATGTCCGATCTAGAATCAGCAAGCAATCATCATTGCACCTGCAACTAGGTGGGGCTGCCTTATCGAGTAATCGTCCATCTCCCGTGCAACTCAAATGCACCGACACATATCCTGAACGACTGTCGTACTATAAGCGTGGCTAATGAAACCTGATCTCCTCCATGGAGGGGGAGTATTTCCCACTAACGCTATAAGCCGCCTAACATCCCCTTCACCACTTCAGTG,1228,48.13,Saccharomyces cerevisiae
SEQ_341692,AATCATCATCGCGTGCAGCTGTACCGTGGAGAACTACTCACAAGTTTGCACATTAGTAACTAACGGCATCTGAATCAGACGTCTATTCCTAAGGAGTAAGTCGGATTATGATCTTCTACGAGCGTGACCGGTCACCAGGCGAGCGAAGGCGGTGATTTCGGTTAGTGTGGATACCCCGAGGACTCGGTCTAGCGTACTCTGCGTGA,206,50.49,Homo sapiens
SEQ_290346,TAAGGAACACACCTTTCCCCCCGTAGCTCCTTGTTCTCATAATGATTTCGGTGGGTGTGGAGGCTACCTGAGCTCACTTTTGTATAGAAGATGAATTTCGGGCTCATGATGGTGACCATAGGGTCCTCCTAGTAGGACAAAGACTAGACGGATGAAGGGGCCTGGACAGGAAATAATGATTATCTCGCAACGTATTGAGAGAGTTATGCCACTGCACCCTGCCCTTATATTTGCGGTAAAGGTAATGCCTCGGTCAATTTCGCTACACAAATACTGCCGAAGACAAGCACGTTTATAAGGCTCAGGCGAATTAATTTGTCCAGCAACCTTTGACCCAACGCCACCCGGATGGAAGTATTGCGAGCCTGTGCACCGAATGTGAAATCCTAAGCCGTCGTAGAACGGGGGCGCATCGACACAGGTGTTTGTCCATCGGCTTAGTGTGGGGGTTGCGAGTATCAGTGCCGGACCGCACTTACGGCCGCCAGAGCGGACCTGCAATTACCCTATCGATTTGGTAAATGATTCCCCTGAGTGCGCGTACCAGATAGTGGATG,557,50.45,Drosophila melanogaster
SEQ_985391,ATATGACTCCGGACTCCACTTACCGGTAGTCGTCAGCCGTCAGCCATGTCCCAGAGGGGTACCCAGCGAGCCCAGTCATGTTCGCTCTCCGTCTCGGTACGCATATCCTCTCGTAGACCGTGACGTTAATTGCAACACACAGTGGTCTGTTGAGCCAGGAAGGTGCTCACGACCGTTCTCCGCTTCAACGACTCCATCTCGCAAAGAAGCACCAAGGCGAGCAAAAGCACATTAGTAGGTGAAGTAATTAAAGGCTATCTGGAGAAGACCTATTCCCTGCGTGGTTCTTCGTGGATTAGTATCATGTACATGATATGTGAGCACAGCTTCGTCTCCACTCCGGGTAAAACGCATGAGTCACCGCAAGCATCGACCCCTCGAACCTCGAATGGTCGCCCACTACGTGTATCGGAGCGACCCACATGCCACCCCCCTTTTGCGTTCCTAGCACCCGGGGCTACGATACGATGTTGCGTCAGTCACGAACCACATCCGTGAAGTCTAAGTTGAATCTTTGTGATCGCGCTTTGTCCCGGTCGATGTACGATGGAACCATGCTATTATCCGAATCGCTAGCAGATGAAGTGCTTCTCGGGCTGGCTCTAGTAAGTAACTAGAAACTAAGATCCCACCGTGACGGTACCGTTTAGTCAGCAGAGGCTCGCTTCGACTTTACATCCGTACAAATCACATCCTCACGATTGTTGATCTGTATAACTG,720,51.67,Mus musculus
SEQ_964126,ATGCTCAAAAGAACTTCGCAGAGGACTCGATGCCGCCTAGATTGATAACCAATTTAAATACCGTGCTCCCTTATGGTAATAAATAACCAGGGTTAGACGGCAATATCTAATATTATCGTAGCCTCCTTCAGGCGACCTATAGGAGCCGCGTACTAGACCATAGTATCGAGTTCTGCTCCCTTACATTACTCGCCCAGAATCCATAAGCAGGAAACACACGCGATGGAGTGTATTTGCCTTCAAACAGGGGGTCTCCATCGAGGAGTTTTGGGACCCGGCATGCTGCGTTCTAGCAGGGTTCCTTAGCTCTAACATGGTGTAGGTATGTGATAAATGGTCCATTGTGGAGGTAATTACGGAATGAGCCCATGTCCAGAATTGCTGAACTACAGGATTCGATCTCAGATCAAATCCTAGTCAGCGTTTGACGTTTGACCTTCAGCATAGTTGGCTCTCTAATGTTGGCACAGCTACGTGCGTTGGTGCTCCCTGATCGCTAGTGTGTAAACGCATTTCTGCCAATGAAGCGCGCAGGATGGTCGACAGGATTCCGGGGAGGCTTTCCACTACAGGC,574,48.26,Homo sapiens
SEQ_202316,ATACCCGCTTAATGAAGCCATTCGGGATCAGATTTAGATGTCTTGAGGTGCAATGACATGTAACCCTAAGATAAGACTTCGGGAAGACTAGAAGGGATGAGCCTACAACCCCAAATAGCAACATTACAAGTATAGACCGCTACGACGCCGCTAGCATCACTAGCAACGCCGTTTGGAGAAAGCCAACTTGCTGAAAAATGGCCGTATTCGGGAAGGGTACCCAGTGTCTGGGTACGTTATGTCGTAGGCACACGCGAACCCTGTTTTCGTTGTTCGGCTGACTAATCGCACATTCCGCCTGTCTTTTTACGGATCGCGAGCTGTGGTCCCTCCGACTAGAACGTTGGTATACAAAAGGTGATACGTATACAGTCCTGGAGGACCGGTGATAAGTCCACTCACGCATATATACCAGCGAGCAAGAGTTAACAGAAGATCTATTCGACACCCTGAATACCAGAGATCTGTTGCCTTTGCACCAGAAATCACGCCATCTCTACGGCGTGCATTTGCGAGCGCGCTCGTTCGACGTCGACCCCAGGCCCGGACACAATCTCAGTGGGGTATCCGTGGTCGGCACTCGCGTATGTATGATTGCGGCGTTCGCGTTCAAGGCGCTTTGATTACAGGCTTCTCGACCGTATGGGGGAAGGCCCGCCGCTGAGTCCCTTGCCGACCATGAGCTTGTCGGGTGTGATGAGGCACCACTCCGTCCATATTCTGCCAACTTCTGAGTACTTGAACTTATACGAGGTTTATAGTATGTTGCGACTTGAAGTGTTAACGGATCATGTATTTCTCCCGACAACCAAAGGGTAGTGGATATATTGGTTCGGTCGACTAACATCGGGCGAAACGTCGCTTTTTGTCTGCGTGTCATATGGCGCATCTCAACTAAATGACCGAATGGAGGACGACAGCTGGCCCGTCAGGCTTCTGGCCCAGTCCCAATAGGCCCACCTACGTTGTTAACAACTCTAAACACCTGATCGCTGATACCTAGTATGCTTTACTCTATTTCATACGTGGATGAATGGGGGCACGACCGGACAGCTCAATGCGTATATTTACATGAGCGGCCCGTCGTAAAGTCCTGTCCACAATGGCTTCCGTGTCTGCCCGCGAACACCCGGTACAGCTGTAAGGCTTCAAATCTCACAGTCCTGAAGCGGCTACTGTTACCTCCCCGAATGGGTGTGATGTCGTATTCCGATTTCACGTATCGCGCTCGAGCGTTCCTATCTGAACAGCCATCGCCAACAATCTGACCTCCCCGCGCTTCATTTGGGATCCGCGGCGTTACGGACCCCCAGTGAAGGGCTTTCCCGGTTGAGATACCCACTAGGTACGGGGCGGCCTTGACATACAAGCTTGGTAGCGACCTTCGGGACACCTGCACGAGCAGAGACGCGCCGTAGGTAATAGAAAGTCATGGGCCATTTTTCCAGACAAGGATTTCCCCGTCTGGCGGAACACCTTACAGGATCAAGCGCCTCATCGCG,1502,52.2,Caenorhabditis elegans
SEQ_667217,CAGCTTCTCTTACGTAGTGCACTGCGTGTGGTGGTGATGGAGTAATTCACGGGCCCTCGTGATCGTAAATCCCACCTAACTCGACGACAACGGGCCGCCGTCTTTGGACTGTGTCCGAGATTAAACCCATGATACATGGATACGTGCTCCTCCCCTAACAAAAAAAATTCAGCATTCTGCCGGAGACACTTAGCTGGGCTCATGTGTCAGCGGTATGACAAGAGGCCTATAGGCGAGAATAAATAATGCCGGTACAGGCGGGCCACGCACGTTCGCGCTCTGGTCACCACCTTGCGCTGTCTTGAGCTCGCAAAGAATGCACTGTTGCCAGGAAACATCTGGCGGGAAAATGATATAGTCAGCAGCCTGTAGGCACAAGTTTGTATTTTTCGCGAGAAAAGCTCGAAAACTAAGTGGAGTCTGTTTCCACTTTAATGAGGGCACGAGGCCATCTTTCACAACAACATACGGCCGTCTCCATGGTGGTTACGCTTGCCGTGCTATGGCCTGAGTGGTTGTAATGCAGTCGTCGACTCAGAAAGAAAGATCAGGCCTCGTGCCTCGGGGTCACCTCAGTTTACAAG,584,51.37,Drosophila melanogaster
SEQ_572521,GGGCTATGCTGCACATAAACCCATAATAGGCTGGTGGGAAACCGGTCACACTCGTTCCGTTCAGGCAATCTTGTGACGCGTTAGGAAAGTACGGAATACGTACGAGAGCACGCGGCAGGTTTATTTCGATGAGGAGGCGTTGCATTAACGAAACTGCCTGTAGTAGGTTATTAAACCGCATCGGAGATCCCCGGAACCATCCACCGATGACGAGCAAGTCCTCCGGTGTCGTTCTACTGATGCGTATCCACCACAGCCGAACGCGCCCTCTGTGATGGATCATGGAAGGAGGATCTGGACTGCATGGTTAGGTCGGGGGGGAACTCATGGCGTCTGGCGAGCGTCCATTTAAGAAGCAGGGCGCCTGATGGCAAGATTGCTCACGCTCTAACCCAAGTAGGATGACCCGTAGCGCGTCAAACCGTCTATAAGCTCCGGTGCCCCATCGCTAGATAGTAGAACGGAGTCATTTTTTTGCCGCGTAAGGGTAGTGCAGCAATGAGGACCGCCGTCGGAGTCACTTAGTGGCTCTTTATCGGCGCCGGCAGCCCGTCTTTCTAGCAGGCTGTGTGCTGGGTAAAGGTCAAGAATGCGGAAATCAGAGGATGTCTTAGACTGCTATATTGTATTTACGAACGACCTGCCGATGGAGCATTCGATAACTTCCAGATCTTTAGGACTTCTAGAAGGAACATTGAAGTTGTATAAAACTCTCAGGGACGTGACCGTTCATACTATCCAAGCGCATTTGCTTGCGCGACACACCGTAGGCCAGCGTTCTTGATATTATAAGTACGGGGAAGAAAACAGTTTTGAGTCTGCGCGAAAAACCTACACTGCACACCGATCTTCCCATATGTCACGCCGCTGAGATGAGGAACTCCCAACCCAAAGCCAAGGATCCACTTTCGTTCGGCGATAGCCTTCGACACCTTTACTGGCTGGTCTTTGGCATTAGGCGGGGTTTTCAACCTTACCATTATTGGTTGCCTCGTGAGCGCAGGTGGCATTTGCGCCCTATGGAGGGGGTGCGGAATCACCAAATCTACCTATTGCCCTTTTCATCACTTCAAGGCCTTAGAGCTATGCCCCCTCGGATACCATTGTCCCTGCCGGAAGATAGTTGCACTTCCAGAGGCGCGCTCATATCGTAGATTGGCTTTCGTAATAGAGAACGATAGGTCAATTAAGATTTTGCAGTAAGTCACGGGCCCGAGTGTGCTA,1224,51.39,Saccharomyces cerevisiae
SEQ_556931,GCCTTAGCTTACCTAATGTTCATCGGAGACTTCATACTAAGGCCATTTCCTGCATCATTTTGTGGTGCTGGGTGATACGGCCCATTTTAGGGCCCACCCAGTGCTTGTCAAGATAGCCAAGGGATGTCCCTGCCGGTACCTTGCTCGAGAGTGGTCTGGTAATGTGAGATAGAACAACCGCATTCTGAAATATGTTGATG,200,48.5,Mus musculus
SEQ_423984,GGTCTGTACACAGGCTGGGCCATTCAAGGCAGACTACATCCACTCGCGAGAGCGGCTGTAGAAACATTAACTAGTGTTCATGCCTCTATGCGTCCTCGCAATCACCACATAGACAGAGGTCTATCTGATGTCCTAGTCGATTCCCTTTCATGAACAGTAAGCGATCCGTACCGGGACACTTACGTAACGATATAAAAGAAGATGAGATCTCCACTCATCCGCTATGCACGGCATTCGATGAATCTAGGGATGCGAATACCAGCCGCTGAGGATTTGTAGGGGTTAGTAAGAGTGGCATCGAACACGCGAAATATCCGGCAGCGAATGCGGTGGCTAACTATTGTATTCGCTTCCCGAAGGCGGTACAGAGAATATGTCGACCTAGAGACTTGCCCCCGACCTCCGTCCCGGGATACTCACCAGACCGCCCCCAAACGTTACACCTCAACACCCCCACTAGACTGTCTCCGCTCAAGGTCATGTAGGTGGAGTGGGTACGGAGCGATCACTATCTTTTTTCTCCCTCCTTAACAATCTCGAACTCGCCCAGACCTGGTAGGCTGCCCTACCTCTTTACGTTGTTGGGTTATCCTTGATGCCTAAGTCTAATCATCTCTCGAAATGGTTGCAAAAAAACGAGAAGTGACGTGATACTTGTAGACAGGTCGGGAAGCCGACTTTTGGTATTGCCGTAATCGGCGTAACATAACGGATAATCATGTTCAACAGAGGGAGTTAACCTGCCCATGACCTGTCCTGTGACACCTGCCGCATCATCATGGATCACAGTTCTGTCTTGAGATCCCTAGGTCAGATGGTTGCACATAACAAAATCCACGGATAGTATTACCACTACCACTAAAAGCCATTCTTTTATGGCCGTGAGAAGGGGCGGGCGCTCAAACCTCCGACATACAGTAGATATAGGTACTGCAAAAGGGAAGTAGGTATCTCTGCGCACTATAATACAAGGGTACAGCGGCCGAGTAGGCTGAAGGTCATTACGTGAAAG,1012,49.41,Caenorhabditis elegans
SEQ_995115,CTTTACTAACTATGGGCTGGGCTCTCCACTCCCATAACCTCTCGAACCCCAGATAGTACTGGCTCTTCCCGAAACTCCTGTCACGCACACTGTGGATGCTATTTAGTATGACCCACTCTCGCTCACTTTTTTAGCGGCTCGTTCTACTTTCGATGAGGTAATCAAAACTCACTTTCTCAGATCGGGTTTACCCTTTGCGGTGGGGTAAACGGGAGTTTCTCGTGGCTGAGCCAACCTGCCGTGACCTACGCTTCATCGGGCTGCGACTGGAAAGGGAGTGTGCGACGTGGATTCTGTTGGGGGAGTCCTTGGATCTGGAGACTTACATGTTGAGTGGTCTTTACGCTCTCAAATGCGACCTCGTCACGATCAGGAGAAATGGCGTGTTTAGAAGTCTGGGCTGTGACCATAACGTGCCCCACAAGGGTTCGCGTTGTTCACAGAAGGGCTATGGGGCTATTCCCACGCAGCGCACTTCAAACTAACATTAATTGGGAAGCAGGGAGGACAATTGCATAACCCTACACAAAATCACATAGGTCGTGTCTTTGCAGCAGAGGGGGAGGTCAGTTTTGATAGAGGAACTATGATCACAACACTGCCTCTGACTTGTTCGAAAATGAAGCTTCGCATTCCACTTGGTCAATAGAGCCTCGGCGAGAGAAATTGGTAAGTTCCCATAAGCCCACTGTGGTGTGGTGGACATCTACCACGGGTGCAGGGCTTCGACTCGTTATGAAAGCGCATTTGCCGCACGGACACTCAAAGTCGCGGTGATTAGGACCGTTTAGTGCAGCTCAAAAGCCAGTTATCCGTATTGAGGCGCGTGGACGTGACTAGCGTTCCTCTGCGATGATGTAAAGTAACTGTTCATGCTCCGCCGGGGTTGCGTAGACGTTCTGTTCTGCGGAAGGGTTGCTGCTTATCCATGTGACTTCCAAGTTCGGTCTCGTTGGCTGCTGGAACCGCGAAGTATACTCTCAGCGACATGTTCTTTTGTTGACTTGTCGGCTATAATTGGGAGGCATTTCGGTTCGAACAGGGCGTCGACGAGAACCCCAAAATGATTAGTCAGAACACTTGAAACAGAGATCTATCTTGTATTGATCTCGTCTATTTGGTTAATACCTTTAGTGATTTGGGTGCTGCCGTGCACACCCGCACCGCAGGCACTCAATGTTCACCACTCCAGGCGGGGTTAATTCTTTTGCGCAACACGGTGGTCTTAAGGTGTTTACTTGATCCGGGAAGATTAGCAGCTCTCGTTGACACTTGTGAAACATAACTGGAGTCAATGAGAACTGCTGATCCCATCGGAATTTAACCTACGAGACCGAAACGACTTAGCGACGGCTTTCGGTCGAGACGGGGAGACCTTCTCATCCTATCAGCAGGCCCGAAGCGGGTGTTGTCATAACACTACCTAGAGATAGTCATTTCCACGGTTACCCATCCACTTACTACTTTGCCCATCCGGTACATCTTGGCGGATGTGCCACTTCTATCTAAGGAGCTGGTACTTGGCCAGCGTTGTTCGTCTTCTTAGCCGGGTACTGTACCCACAGGCATAATGCAGCAATCCTTTCCAGTTGGGACGATATCTGTTATCCAACGAGCCTATAGTGTCATGTATCGGCATCTAGCATTCGTTAAGGTCAAAGATTGTGCCCCGTTACTAAACACAGACTTGGAACGGCTCCTGCGCCAATGGGTGGTTTTGGCACACTCTTTTGCGACGAAATTTCGGCTTTTTAGTTTTCAAAGTTTGTTACGGCCCTCCGTCTAGGGGAGGCAGGTAGTTTCTCCCCAATTTCTGAGCGATCTCCCATGCGACTTCATTGGTGGAGGATTCGAACCTAGTACACAGGTATAGAAGATCCCCACCA,1886,49.89,Homo sapiens
SEQ_916397,AGCCTGAGGTAGATGTGCAGGTGTAATATAGTACATTGACAAGAGCCGGAACATAAAATCAAGTAGTTCGCTATAAATCGGCCAGTCTAGGCATTTTACCACTGCCCATCCAGGGCTACTTAGCGGTCATTCATAATCCTTAATAAAGCCGGCTGGCTGTTCCTTAAGCCGCGAGCTCCCGACTCAGGAACGTTGGACCACTCAACCGGGGGGATAGAGCAAGCTCAAGTCCACTAGGGTGTCTAGCTACCGTCTGTGCTAGTTAACGCTTATGACGACTATGTCCAGAGTGTGGGTTAGCATTTTGTCCAGGATGAGATCAGACCCTCTTGATGAATCTTTGGGTGTCACCACGACAAGGGATCCTTGACCTCCGCTGGCGAGACACTTGTTCGAAAAACCCTAGCCGCACCACTTAGCTGCTACGAGTGTTGAATTGCTAAGCTTGGGGGTCATTCTGGGGAAAGTAATAGTACCGAACTCCTCTGAGGCCGACTGCAAGGCCGAGACCACTAAACTCAGTGGCATTTTACAGGTGATATAAGGTATTCTAAGTTACTAAGACCGATCGAACAGTCCTGCCGCATTCCACCTACAGATACCCCGGCCCGTCTCGACACCGCTGTGGCGGCGATCTAAATGGGAGACTGCGCAGGCTCATTTTCGTTCGGACGTCGCTTTTGAATCTGACATTGGTCAGTTCGCAGTGACGGGGACGTACATGCAGGACACCGCGTTCTGGTCTCAGTTCCCAGTTGTGATCCACGGGCCATACTTTCATTGGTCGAAGTAAAGTCGAGCACGGTTACGTTTGCAGAGCGAAGATACTGAACAAAAAGGGTACCCACCTCCGAGATAGGGTTGTAAAACCCGGACTCTCGGACAACTCCCGGCAAACTCTGACTGTCTGTGGGGAGAAGTCAACCGACCCGGTCTTGCACCGCGATCTGCAGGAGAGGAACGCTAAGACCGTTCTCCGAAGGATGCCGTTGGGTTATAGAGGATCCAGTCTCTGTGTGTCCCTAACTAGTTCTCAGTGCGCGCCTGTTACTAGTCAGGACAGGTTATCCAACCTGGGAGAAACTATCCCGGCGCGGACTTCCGCGGAACAAGATGCTCCACCTTGAGGCCGCTCTCAAAACTTGATAAAGTCTTACTGGGGCGGGACAACTGCTCGATGACGCATTTATGGCCATGCCTCATGCCTCGAAATTGGTTCGATTACATGTGAGTCAACCCTCTCATATCTTTGGGTTGTAGCCCGCATTTGGCAATAGAGAGCGATCACGGCGTCGTGGCGCTCGCGAGCTCATATGAGGGATGTAGCAATTGGCCCTACAGCCACCTATCAACCTTTACACATATTTTAAGACTAGTTTGCCGCCTTTCACACGCCTGGTTATGCGTCTTTCAAAGAATGCTCCACGAGCCGGACCGAGTTCACGGGATATGTGGTATCAGAAACCGTAAAATTTGGAAAAACGACCTCTGGTCGAAGTACCCCCCACGACTCTCGTAAAAAGAGAATCGCGGTTGGCCAGAAAGTGCGTTAGAAACCGGTATACAATTAAAGTGCATCACCCGATTTGGGATGACAAGAATCTAGCTGAATCGGATCCGATACTGCTTCTACTCACCGAGGCATGGCGATAAAAGCCGGACCCTCACACATTCCCTGGGCGAATTGCCCCTCGCCGCAAATGTAGTGTTTTGCCATTTAACGGATTTACCCGTAGGCTCAGAAACGCGACGAATACAACGGATCTAGACTATCCCAATGTGCCAGCGGAGTGCTACACTCCTATATCTCAGCAGCGAAGTCCTGAGCTTGGAACGTTGTACGGGTGATAAAGTATTACGA,1861,50.89,Homo sapiens
SEQ_654402,TAACAGAGACAGGATTCTAAACCCGCCTGACGATGACGGGCGAATTGCCTCAACAGTT,58,50.0,Mus musculus
SEQ_419422,GAGGACGGTCGGTCGACCGAGGGTGCTATGTGGAAAACGCAAGGAGGCAATGATCCCAAACAACA,65,55.38,Escherichia coli
SEQ_602208,TACATAGTCACGCCACTGTGACGGCTAATCGAGTAAGTATTATACCCAACCAACCAGCAATTATCATTCAGTCATAAAGTGTAAGGACCACGACCACGGATACAGGCTCTCCACCGTGCTGGAATTCCTATGGGGTTAGCCACGATCTGTCTTTCCGTGTTAGTCGATGGACGGCCTGGGATTTGGCATCTACGAGTGTCATAGATTTATTGGGAATAAGTTCAACGTGGCAAGCTCACCAGTATCCCGTCAGTAGACTTGGTAGTCACCAAAAAAGACCCTACTTCACCCACTATGACTTCACAGGTGATATGGTCATAGACTGTGGTATGCTGAGCCTGATCTCGAATTTTCAACAGCCGAAGTCGGCCGGGGTATGGCGTGCAGATTCGAACGTCCGCGTTCTCATGCTGCATGAAGCAAGGGCGCTTTCCGGATATGGCCATAGCAGGGGCTGGTGTAAGATGTTTTTCCAAAGCTCCTTGGTGACTCAACTGGTCGATAATGTGAGTTCGACGTACAGGTTGATCAGCGTATGGTTTAGTGTAGAGTTAGAGTCAATCAGGGTAAGGAATGACTTAGACTTGGTGCCCGTTAAATTTGGAGTACCCGAAG,615,48.13,Escherichia coli
SEQ_466262,GTGAAAAGTAATTATGCCGGCTCAAAACTTTTAGATGGGTGGGCGTTATCCGATTAAGTACCAGTACGACTCACGTAGAGGGGTACTATGTTACCTTAGGCCGCGTAGGTCCCGCGGACGCTTAGAGTACTAGTATCTTCTTTTCATAGGAGAGACAATTTGCAGTGACGATTTACAGTCGCGCACCTAACGATCCACAGTCATGACAGGCCTAACGCAACCGGCTGAGAAATGGGCTCGGGGTTTCTCCGAGGCTAGAATACGTTAGGGTAGGAGGCCGATAACTCATGCGAGACTTCAAGCGCTGCCAACGTCATGCATTACAGACTTTTAGTAAATTTGACTTTAGTCGTTCCATGTGCTCACTTCGCAGAGTTCGCGGCAGGGCTGCGCAAGCTGCAGAAAGACCTGAGCTATTCCTCCATCTGGGCCCACTACATCGAGACCAGACATAAACTCCGAGAGTCACGACGTCAACGCTCGGCTAATGACTACTGTCAAGTTATCCCGTAACCCATTCTGACAGAATCATCACGGCCGCACTCGGGGACTGTAGTGCTATGGCGATCCACTCTGGATGGGCTCGCGGTGTTCTTGCGGCTCGCCATTAGTGCAAGGAATACTGATATCGAGGATGCGAGGACGGATTCTGTTGGTTCGGAAGCAGATCGCCCGCGATCTGATGTACGCCCAACTAATACAGACCGCTAGGGAGCGGAGTCATGGAATCCATATCTTGTGTATGGGCGTCCCTATTGCCGTGAGAACAGCACGGGGGAATCGAGAAACATGTAGACTCCGTGTGTATGTCCAACCTCAGCTGTTTGCCCCTTTCTCCGCATCTACCTGCTGTACCTTGTATATGTCGACCGCCAAGCCAGCGAGCAACCTTAGTAGGATGGCTTACGCTGGGAGCATCTCCCATAGACTTTCGGATACCAAACCAAAAATATCCTTAGCGGCGACGCCAATAGGATTCGGTACTCGAGCATAGGACGAGTAGACGACGGTTATCAGCAACTTTCCGCCGTGGCTTATTGAGTGTTGTGGTTTATGGAAACTAACTATAGTCTCGTGGCAGGTGGACAGGCCCCATCGCACTTACATCAATTAACCACAGGCTTCGTGATCGTGGACACCTTCTGAAAGCAGCGCCATCCATTCTTTTAATATACCGTAGCGTAGACCGGCGTCAGAAGCTGTTAGTGCTGCGGGGTATGCTCACGTTCCTAAAACGGAGTGGTGTCTCGCGGGTTCAAAGACGCGATAAGAAATACAACAGGGGGACGCCCCAACACTTTAGGGCCCCGCAGTCTCCTAGTTACAAAACTCTGTAAGGGGAGTGGCAACAAGCCTTGTCTAGCACTATTACCCAGGTTGGCAATAATTCGCTATTATCTGTTTTCAGCCTACCAACGCACCTGCAACGTATACTGGTTTAGGAGTATAGCCACCCGCTGCGAAACGGTCATACGTGTAGTCCCGTCAGGTGTGTGGCCACA,1502,51.13,Mus musculus
SEQ_261640,TTCCATTTAAGATTGACACACGTAAACACTACGGCATATTGAGTGTCCGATCAGTCGAGGACACCTGTTGACCAACCTTCGCCTTGCGACGCACGAGCCTATAGACAACTGTCCGTGCATTGACACTGTTGAAGAGAGCAATAGTCACGCCAGTAGGAGTCAGACGCTGCCGACTAGGACGCGGGATAGAGACGGGGAAAGCCTTACGCGTGTGTGCGAGTGTACTCGGCGAAGTCTTCGTTGAACGGCTCAGCCTAAGGCGTTGTTGCCTTTTAGGCCTCTATTCCTGAGAGTCGACGGAATGCCACAAGGATCTAGTACCGAAATGGGGGAAAGGGCGTACCGGCAACGTCACGTACGTCTGATCACTAAACCTACATCGTTGCAAAAAAGGATGTCTGTCTGCTCTCTGGTCCGGCGTGGTGGACTAACGGCTGTTTAACCACTACCTAATGACTCACTGAGATGAAGGCAGTGATAACAGGACAGAAAGTATACGATGTAAGCCGTGTGCTATACGTACCGGGCCACCGCACCTACGGCCCTGCGCACGGAGGGGTCCAGTTACGTCTTCCCGGTCGGACAACTCAGTCTCACGGCCTCGCAAATTCGTTCCCTGCAGATAATTGGTTCTGGCCAACAACGGAGGTGCGTACCATTGCCTTAGCGAACTAATACTGCTGTACCTTCCTGGTCGATGATACACAAAGGTATTGCTAAAGTGCGTAAGCGAACATGCAAGTTCTTTCACACCTGTATATAGCATCAGGGGGTACAAAATGGGCCCGACTCCTTAGACTCGTCCGAGTTGCTTCTCCAGAACGATCGGGTTTCGTTACAGAATCGGGTCTACTTTTCTAATTGCTAGAGTTTAGCCCATTTAAAGGGGTAGTCGACATCGGACTAGGGTGTTCGAAGCTGGCAAGGGCTCAAACGGGAAGAGCCACCTGACATGGATTATGCACCGTCACCAAACCGTAGATGTCAAGTCTAAGACCTGTGAATGCCAGTCAGCCATGTGCCAAAGTTTGTCTAGAGAAACTCGTGCGGTTAGGCTGTCACTGCACCGTCGGGGTGACGTAGGGCGCCTCGGAGCATTCATACGTCACGGCCTTGTTTCCAGGAAAGGAGGACAACAAAATTCCATCCGTCCGGTGATTTCCTGAGCTTACAAGGATTGATCCCTAGTAATCTAAACCACATACCAGAGATAAGAGAGTGGGCCCGGCTTCTAAGAAGGCAGACCTCCTGAGGGTTAAATTGCTTGAAACCGCCAATCATGAAGACAAACCGCTTTGGACCAGAGTTGAGGGCCTGCTGCTGCTAGCTGGGTCAGTACTTAGCATACTGGTGTGTACAATACTGCGACTTA,1372,51.09,Saccharomyces cerevisiae
SEQ_429041,GATTACCGAGTAACTTGTCGTTGCCAGCTGTACACAGGGTTAAGCCCGAATCGGGGTCTCTGCCACCGGTCCACAGGAACTGGCTTCAGCGGTCCAATACCTCAGAGGCCGATGCTGAGATCACCTCTTCCTAGATCCGGTCGGATGCACGGACCCTGTTCGCGTATTACGCTTCACCGGTGAGACTAGCAGTACCTCAGGAGGAACCAATGAGGGGAGGGATTAGCTGCGGCGGAAATCACGATTATATCTCGAAATTCAGCTCTCCCCCCGCCAAAATTTATTAAACGTAGAGGACACATCATAATTCCTACCCTCCGTCGGGTACCTGAATGCATATCTATATTACAGACCGTAATCACACCTTTGCACACTTTGACAGACCTGGATTAACAACGCCTGCCCACCCACCCCGCAGATAAGTTCGACCCTTGACGAGGGCAGACCCGAGTCATCATTGGTCGGCACGACGTACTAGTCCAGACATCGAACATTGACATACCCCTGCACGCTGTTTCCCACTGCAAATAGTTTTTATTGCGAGACGGTGTGGTTAATGGGGATCAACTTGCGAAGGGTGACATCGGGAACTTAATTCATACATGAACTCTTGAAAGCCTGAACTTTATTGCAAGTACTTAAGCAAAAGAACAGGGAACCTTGTATTTCGGCGGTGGCGTTACGGTCCGGTCCCGCCGTAGCGAGTGCCGCGAGCTATTTGACCAACTCCAGTATTAAATGCGGTGAACTTAGCTCTCAGTTGGTAGAGGCCAGGACCTTTGGCGATCGCGCAGGCTCAATCTAACTAATCCTAGCAAGTTGTGATCTTATATATGCAGAACTCAACCGGTCTTGTGTAGATGGCGTCCATACAGATCTGTTCTGTAACGTGCTTCCGAGTCGCGGTGTTCGATTAGGGATGTCATATGCGGCGTTTTCCCAGGCCATACGGATTCCTCCTGCTCCCGAGCTCGTTAAGTGAGTGCAATCGCCCTTTCGTTGGCTGGGCACTTAGTCGACAGATGGATCAAAGACCAGATAAATGTGAAAGCCAAGATCCAGTACATGGGAGCTCAGGATAGCCTTGTACACCGTGAGAGTTGTCGTTCGGGGGGCGTGACCTTAAACGTGGCGGGGACGTCACATCGTGATTACTTCGGTCAATGTATCGTGCCTCGGCCTACCTAAATGTATGGCGCCTATGTCGACCACTGCCTGTTAAAATGGACAGCCCGGGGCTATTCAGCCCACAGCACATTTACCATGATCAATGTGTACGGATACTAGGCCAGCCTATCGAAGTTAGGTAAGAATTTGTTTGTTCTGCCCTGACCGTTCCTCGTAGC,1346,50.82,Escherichia coli
SEQ_291837,AACTATAGTAGCCGCTTATAAACGTCGAGTGCGCCCTCCTTGACCGTTACAGGGCGTGATTCGAACCCTTCACTAGGTTGGCCTACGCCAGATGACAACTATGGTATTTCTCATCTCGCAAGACCCCAGCTCCTGACAGATCGGACAACCGAACCCTGTTTAAACCGTGCTAGCCGCTATCCGTCGCCAGACAGCCCCGAGGGCTCTCCCTGTACTCTCGATGGAATTTGTCACCGCAGTCAGGCGGCTAGAGCTGCCCCACTTTGGATGTGCGGACTAAGTTTACGTAAATTTTCGTAGCTACCGCAGAAAAACTTGCGACTCTAGACGGTGTGGTGAACCTAACCCAGTCCCGTCCCAACACGTTTTGCTTAGTGTAATTACCCATATGTGGCCTCCAGAGAATTTTAGCAATGCAGGTTTATATAAATAGTACAATGCCGCCTCGAACATTAGAGCATGTGACTAGGTGTTACAGTGCCGGTTGCAATCCTCGTACCACTCTCTGTGGCGACGCCGCAGCCAAGACGATTAGCCTAAGCACTAAGATTTCTCTGCATCGGTTCAGAGAACATCCCTCTATGATGACTAATGCAGTAGTGTATGTTTTGGTACGGAAAATAGGTCGCGTCCTGTTCGGCATCGATCTCTCCCTCCGCCGGTCAAATTGGGGTCAGTGATTACCAAGCGGCGCTGCGCCAGCCCCCTACCGTGGGACGCAAAGCATTACTTGCATCAGCCACATAGCGCATAGTGGGGACGAAGTGATCATAAGAACGAGAGGGGGTCCTTTAATCGGATTCGTATTAGGTTGACCGATCCGGAAAACTAACTCTGGTCAGCGAGATACTACTAATATAAGATGTAAGAGGCGGCAAGAATCTACTACGGGGTGATGAACGTGATGGCATGTGAATCTTTAAACAGCACCGTGCAGATATCATGCACGGCCAGACCTAGATCCATTTAGAGTGTTCCGACACTGTTTTTCCTGACGTACTCCGGAGAGTGTTCCAGGGCCGGTACGCTAAAACGATAGGAGATAGAACAACATAATGCGTGTTCTGCAGTCGCACCCTCGTGGAACTAACGACAGCCGTGGGGTATTAATTTCCGGTCCTAAAGCTACGCCAAGCGGGTAATACCATGGTGCGCTTACACACCGTCGGTTCCGGTTGCATTAAAGTGTGGACACACTCATTAGCGAAGCTTTCATAGCTTCATGGGAACGAACTTCCCCTCCGTGCCAACTAGAGTTCCCGATTACGCATCTGGGGCCGTCTTTTGTGGCTGGCCAATACTCTAAACGTTACTGGATACAAACCATCACAGACCTTATTGAACGAAGCTTTGCCGCCCACATAGTACGTATGTCACTATCACGGCTATGAAGTCACGATTAGATTGACCACGGTTCCCGCAGTACTTCCAGCGAGGACGTCCACATTGTATATACCTGCACTGACCGCGGGTACTATGTCAGACGCCCACACAAAAATATTCATTTGGAAACAGAAGAGTTATACACTGTACAGCACAACTTCTTAAGGAACGCTTGGTGAAGCAGAATGTAGGAGCGATGAGCTCATAAACGGAGCGCATCCAGTCCTGGCCTAGATGCAACTTATGCCGTTAGCCCGCACTCGGAACCGTAGGCCCGAAGCTTCGTAACGCGGTTCAGCAAGAGGAGTACAAAAGATCCTGCGCTTCTATCCCCTTTGATCAGCAGTCGGGCCGCCATCCATGATAAGCTGGAGACGGGTCCCTTACAAATACACGAACGGTACACCCTAACAATTAGGTGATTCCATCGGCTTCGTGGGGCGCGCTGACTTCGCCCCCCCAGCAGCCGCTTCA,1857,50.67,Homo sapiens
SEQ_521904,TCAGTCTTAGTGGTAAGACAGCGTCTAAGCAACGCGCACTGTCCAGAAGTTTTAGACCGCTCGGACTTCGCTAAGGTATTAGTAGGAAATTCTGGGACCTGTCATGACTCAATTGTATATTAGTGGTTGGATCCAAATTGCAGTTTCAGTCTCTCCGGAAATGCCTGCAAACGTCAGGAAAAGGTTAGTTAGTTGTGTATAGGCGCTAAGACTTCAAGTCTGTTCGAATATATTATCACTGACGGTCTCAACTATGTTGAGAATGTTCCATGAAAGTACCTACAGCGACCGTTAAACAATCAACCAAGCCGCATACTACACCTAGATATTGCTTCAAGTGGCTAGGGATGATATACCTCGCGGCTATAAAGGATGTCCGCGCCAGACCTTACGCGCCCGTGTAGGGAGACGTGGTGCGAGGCTAAGGCAAGGTCTCAAGGGAACCTTTCCAGGGCTGAATCCCAGCGACCCTGTGTATGCGGTGCGTAACATACGGGTCGGCGTGTCCAAGTCAAGGATGTGAAGTTTAAGTGCGTTCATCAGCACTTCTTACAAAGATTTCCAGGACTTCCATTCCGAGGATGTCCAAAGGAATAATGGGTTATATCCAGAACCTGCTCCACGTCCGCCCTCTTCTCTGGTTAACGTGCCTCCTTTAGGCGGGCTTCGCGGGATTCTCTAGCCCCCGTGATTCCGCACTCGGCAGGATCGTCGCGTATTCACTAAAGCACAATCAGTGGATGGGCCCGTTCCGGTCTAGTTGTTTGTCCGAAGTCATCAAACGCTTTACTTGAGGTTCGAACTCGTCAGGCGTCGATAGGCTTAGAGTTTGTCGTCACCGCAACCCAGACTCGGAACAACTGAATCCACGCTGAACCGGAACCAATCAAAGATTAGAGGGTTGGGGCTTCGGCTTAGCATTTGCTCGCAAAACCTGACGAGCTACATTTTCACTACTAACCGACCTAGCTCGGAGGCGCCGAGTTCATGTACTAGACATTACTCTCACGTCTACCGAATAGATAATCCCACGTTAGTCAAAATTCGCAGTTTCTGGGATTAGGAGAAGTATCATAATTTATCATTAACGACTATTGACATCCGTTGCCATAGGAAATAGCCTATATACCCCTTGTCCGATCCGGTCATCAGCTTGACTCCCCTACCATCTGCTCGGGAGGTAACATTGACTAGAGTATCTTTACCCGATCCGTTATGCTTACTTAATCGAGAATTTCATTAGGGTGCTTCTCATTATGTCTCGCATACCTCAAGTTGTATTAGCTTAGTAGAGGGAAGACGCGTGTTTGGCCGCGTGGTATCCGGATGATCTGGGCCTGCAGAGATACTATTGAGTAACGGTTGACAATTAATTTCGGGGTGCTTAGAGGAGATCATGTCCGTACATATGGCCCATTTGTAGTAGCCGCTTGCCTCTCCTAAAGCAACCTTGGCAGTATCATCAGCTCATATGCATCCACCTTTCCCCTGGGTCATTAGTTCTAGAGTACCGTATCACCAGTACCCAAACAAAGCGTGGGCTAGGAAAGACGTGAAATCTTGTCCGCACTGGTCATGGGAAAGAGTGACGACAAGCTGATCACGTTCGAAGGGCCGATTGACCCCATAACACAAAATGTATGCACCTGCACGTAGGCGAGAGTAATCAAGAGTTCGATACCGCTTTAAAGGGCTAGCCTCGACTCTTAGAGTTGTTTATGGGCACGATGAAGCACTTCCCGCCGTGCAACTGGGTCGTGTCTATTTTTCTGTTACAAGCTTTCTGGTATATACTAATCAGAGCCGGACGTACGCGACATACACAGGGGTCAATGCGGCGTTCTATCGAGTGGCCCATCTATCTGGCAGAGGACGGTAAGTGAGGAGTGTAGCTCCTGCTAAGCTTGCTGAGACTCTCGCAACCGGCCAACGCGACCCGTTTTGTCATCTGAGTGCTCTCTTTCCACGAGCGATAAAAAAGAGCTAGATCTAGGGCTT,1998,48.55,Homo sapiens
SEQ_529657,GGTTAATCCACGTTAGGGTCATTGATTGTATTGCATGGACGCGCCGCTATGCATTTGCGTACATCAAGGCTAAAGGGCGGAAAAACCGCGTCGAGTTTGGGGAGTGTGACCACTAACCGTGTTTTCGTACAGTTCTACTACGGAGGATGCACCTGCGTGTCAGTGCATTCTACGCCAGACCAGTTTGTGACCGCTACAGTGAGAGTTGTTTTAATGAGGCAAGTGTTTGTCGGGGGGGAGTCCACGAAACTGCCTTTGTCAAGTGGGAGCTTGAAGCAATATGGTGGATGCACTTAGCGACATACTGGTTTTTAGAACACTGGGCCACCAGGAATTTCGTCGCAGAGTCATAACTAAGCGGAGCATTCCGATGGACGACGGTGCTGAGATTAGTGAGCCTAAGCGGGGGCCTACGGTCGCCTTAGGCGTACCGCACAATGTTGTTGTCGGTAAACTTCCAACGGTATGGTCGGAGTAACGAAGGCACAGAGATTAAATACTCGACAAAAGTCCCCTCGAACGAGCCTCCCATTAATATCCTCTGTGCGTGCGCTGATTGTTTTTTACGCGGCTCGAGAAGCTCGCGGCGCACTCGCCGCCGTTATTAATCCGCGTGACATTTAGACTGCTAGTACTCAGTGGGCTTAACCCGGTGTAAAGTTCGGTGGCAAACGTGACCTGGGTTATCGACGTGGGCCGTACGATTCGCGAGCATGAACGGGTGTTGACTAAGATAATATTAGAACAGTCTTAGTCACAACAAAGAACTGCCTTCGCTCAGCAGCAGAGTCGGGATATCAAACAGATGCACCGCGGCAGATAAGTGTTCGTAAGTACCTAGCTCACTACATACTTCCGTCAACATGCTGGCGTTCTCGCCATGCCCTTGCGTAACGTTACGAGCGGGTCCAGCAGGATTAAAATCTGGCTGAATACGAATTCGCCGTTGTCGCTACAAGATACAACGCGGAAACAGGATGCAGACTCGCATATGGGGGATACCATATTAGCTGTACCGCCAAGTTGGAGACGAAGTGTGAACCCACCGAAGAAGGATTCGAGCGACAAGACAGGCTCTAGTTTACTCGGTTCAAGATGCGCGGAACCACCACATGGAGCGATGTCGTGAGAGAATGTTCCGCTTCCGCAACTAGCCAGTAGAGTGGCCGACGACTGTCGTAAAAGGTGAGTTTAATAAAGGATAATGGCACGATTGCCGTATGTTTTGCGTGGTATCAGATAACGCCATAGTATCCGAGCTATAGATGATCACAATAGGCGCAGAGATTGGTTCGATTAAATTAACCCGAGGTATGCCATTCTGCCACTGAAGTCAGAGACTGCAAGGAAATCGCAATAAGGTCCCAGGATGATTTCCTAGAGTGTTTTTAAATTCGTTAAAGGTGAAGCTGGCTGAACCACAGTGTGATTCCCATCCACACATACCTGCCTCTTTGATGGTCTCGCGCAGGGTGGCAATCGAGCTACATAGTGATCTTAGTAACTCGAATGGACCGGACGTTGTGTGGGGCACTGAATAAGGGAAGCACCTATTTGGGTTCATCGGCCCTGCGGCGGTTGGAGGAAAAGATCGGGACTATACACTCGCTTCGGTTTATCGCATCATATATCTCGTCTCATTATCATACGAAGTACCGGCCTTAAGGTCCCCAACGAGGTGATGACGACTTGTGAGGTGCATCTCGCTCATGCATGACTTTTGCGCCAGTACTTTAGCGAGTAGATTTAGAACACAGAAGGGGTGGATCCTTATGAGTACTTTAAGCTAACTCCCTGATTTCAGGTACTTGCAGCCCTTCAGGACCGCGCAG,1832,49.78,Saccharomyces cerevisiae
SEQ_115298,ATCCATGTTGACTGCAATATGGTGCAACACCTGCCGGGGGACCCACCCTTCCCAGGAGTTTCTGCATAACCACCCGGCGGATAGGGCATGCAGACCCTAGATGTGCCACATACAGCAGTTCTCCGCTCTCACTGCCTGTCTTGTTTTACTGGGTTGCCGACGAGCCTTACACGTTGCGTACACCGTCGCCGAAATAAGTACCGTTGGGGACGCCCAAAACAACACAATCGCCGATGAGAAAGTCTAAGCATAGAGGAGAAGTGCCATTTGCACAGCCTGCGCGCGTACTCTCGCTATATGCGGTCTCAATTTCCTCGGAGTCATTACAGAAAAAATCTTGTGGGGGAAGGACCCAACATCGCAATAGGGCCCTACCTACCTAGCCAATAATAGAGTGCCCTTTCATGCGATCCCTTGTCGGGTTTAAACACAATCGAGATCCCCCAACCAAATGATACTGTACGAGAGGAATCAGTGCCTCACTGTGCTTGTCCAATAGGATCTGGGATCATTGTGCATTTGAATCGCCTCGAACATCGATAGGCGCGAGTGGCACGCTTATGTTCAGCCTGCTCGATTATTATCTCACTTGGGACTCGCGAGCATGGTATTTACGTTGCAGTAGCACACCGTTATGTCCAGGCAACCGGTACCTGAGCGTAACTACTCAAAGTCCCTAAATGGGCTTTATGCAACATAATTGAGCCTTTCGAAGTCTTATTGGGATCCGAGTCTGTAGGTCAAGAGGCAGCTTTGCCAGCAAACCACATTCGGTGAGTTGTTCGAGACATCCTCTGAAACGTCCAGTACTATCGCTTCTCTACCTTATTAGAGTTCGCATCAAAATAGAGACGCTCACCAGACAGGCGGCAGATGATCTTGGTAACTAAACCTCCGGGCTCCATTCACGGC,912,50.33,Escherichia coli
SEQ_119480,CATAAAGCCTATATGTAAACATATTGTCGTGAGTCTCACGCGCGTCGTTTGCGCATTACCGGCGGACGAATACGATGACGGAGTACTACGGGATCGGAGTGAGATAATGCCACCGCCCGCAAGCGGACGATCGGTCACAAAGGCCCTAATTTCTGACCTGCACATTCCAGCCCGAAACCAGCTTGTAGCGGGTACTGGTCAATTCACTAACTTGACATGGAAGTCGCCACGGACACACGAGCAAAGCGACAGTTAGGTGTACTGAGTATGATCATTGCTGATCTGTAATCAGCGGGTAGCGCCTGGCATCGGCTCCCGACGAGAGGCGGGCTGAGTCTCTCGCGAGGCCTTTGTGGACGGGGTCAGTGAATACGGAGTTTAACGGCGAGCCAGCACAAAGCC,402,54.48,Saccharomyces cerevisiae
SEQ_696469,GTCCGGTAGGTACAGATCGTAGCCCGGGGACCCACCCCAAGGATTAGAACGACTCAACTCTTTCAAGGATGGTTGTTGGTCGCTCCTATGTGAGAAGTGGCGCTTTGCGAAAATGAGATGAATCGGTCTTGGCATTTGACTTTAACCTTCTTAGGTTCTGCCGCAGGTGGTGGCTCTACGTGTAGGCGAGTAACGTACTACGAATTCACCATCCCCACCGTGTCAGCGCGGAGGAATATGTAGCAATAGCGGACTACGGACGCATTGAGGCACGTGGTGGGTCCCGCTCATGAGGAAAACCGCTCGTGCAGGACTGTCGAATCCTTCCTCGCCAAGTATCCAGAGTTACATACACAATCAAACCTACCTAAGAGGGCGAGGTTACTCGACTAGCGAGTAACACTTCATAATGGAACATATGAGGCTCTTGGCCCGGCCAACGACTCCCCCAGCTGTTTGAGATTACGGAAACCTTCCCCACGCTGAATTCTGGGGTGAACAGCTGGGCCTTACAGTGAAGATTTAAGCGAGGAGCTGGCGATAAAAATGTTCACAGCGGTATCCCGGAGAGTAGGAAAATCTAGTGGCAGCGCCATACGCGAGTCAGGGGTACCCCTATGCAGTAGCTGCATCGCGTGGTTTAAATCAGTGAACCAAACGCATGACTCAAGCGGACCTTGCTCACGTGGCAGGTTGACAGACTGGAGGGGTCATGTTTGAATCGACTGACTCTTGGCTGACTCGGGAAACTTGAGGAACAACTCGGCCGTAAGGACATCAGACACGACTTGGTGTATATGGCGCATAGACCTTTCTCTCCAACGGAGTGATAATGGCCAGAAGCAAGTCACTCTCTTGTAATTATCGACCTAGCGAGGTATTCGTCGTGCGGGTCTTCAATAGAGCCCACTGGAACTGGACCCGAGTGTGATATGGCAGTCAGACCCTCAGATCGTGTCCGCGTGATGACCCTGCAGACGCGGGGGTTCCGGTGCCATGGTTTGGAAGCATATGTGCCCTGCGTCCCGTGGTGAGGTACTCTGAGAAGCAAGAAGGACGTTATGAATTCCGCCAATTGGCACCAGGCGTTCCGGTATGAAACCGGCTCATACAGTTTCGCATTGGCAACTGCCATAAGAACTGCGACGCCGGGCACGCAGAACTGCTTCAAGGGCATAAGATCCCACCCCATGCGGTACTTTAACATAAACTCTCGAACTTTAATCTACCTGGCCTAAGATGCCTTATTTGAGCGGTCATTTCACGCCAACAGGTTGATGAGAAGAGAAGTCCATAGCGTCTGATTTTCTATCCGACCTGCCTAATCATAGGTATGTGAAAGTTGTGGTCATAGGAGCAGAAGGGGCGAAAACGTCGTCGCCCTTTTCGAGTTCTAG,1397,51.83,Mus musculus
SEQ_826507,TAGCTTCGAAGGTTCCCCCGGACCATATCAGAGGACGACATCAACGTGTCAGCCGCATCAGGCAGGCGATAGCAACAGTGTTTATCGCATCTCAAGAGCATTTGGGGTATTAATCGCGTTGGAATCAAACTTTGTGAACGATATGATTAGAGCTAGTACATACAAGTGAATTGTGAAAGGCCGTGGTTTTGAGCTTTTGTAACTCATGAATCACACCCCGCTAGGAGATTTCATCTATTTACAGGACTATCAAGGATACCGGGCTTCGGTAAAGGGCCAACGCGCTATAAGTCCTTGCTTTATCGGACCCAAATCCACGGACTCTCCGACAGATTTGGGCAGAAAGTTTAAAGCCGCCACTCTTTTTACCAAGAAGAATGTGGGAGTATCGTCGTCCTTAGCGTCTCGCGTTTCGTCGTCGGTAGCCTTTTTCAATGGGGCTGCGGAGCCGGGTGCGACACAGGAAAGCGGAGGCCCCGAGTGATGCGCGAAGGATGCGTGGGGGTCGTACAGGGTGGTCTCGCCGAGTTCGAGTGAGGGTCTTCCCCCCCGATCTGCAAGGGGTGGAGGATTAAAGAACCTACAAAGTCATCC,594,51.18,Arabidopsis thaliana
SEQ_210601,ATCCGATTAGGCGCGAACCGTATAATAAACGTATGTGACGCTCGGGCTTTAGCGTCCTACGCAAAGGGGACAAGGCACCTCGTGCTCTAGACCAAGGCGCACCCCTGGTCCAACTTACCAAATTCTACAGATTCTAATTTAAAGACGGAGCGCCCGCCTAAAGGACATCGAGAGATTCTCTAGGGCACAGTTATTACTCACTGGCGGGGTTATCGTATGGAACGTCAACTTCATCATTTTCAGCTATTTCTATTATACTCTAAATGTAAAGGTTAGTGAGCATAAAAGTCTATCGGAGCCCGAAAAATCTTCTTCGACTTTCCTGGGGAGCATTGCAGGCTTCTCTGGTACGTAGCGAGCCGCAGTGACGCCTGCCATCGCGAGTATTACTGGGCCTCGGCAACGAGAGCAAATTGTCTAGATCTATTGCCCGCTCGTACTGATTCAAAAAACCCGTGCGGCTGGGCGTTCAAGACCGGCTCTAATCTTCGCGCTAAGAACCGCAGTACTTACGTTCTCGCGCACTGAGACTTGATATAGGGAGGAGTGTGCAAGGGGGGTTTGTTATTCTACAGAACTACTGATAAGATTTAATCGTTATGTCCGGGGCAATGGGGGATACACTTATACGAAGATGGTGTTGAAAACGGCCTACGGTACAGGGGCCTGACCCGGTGTCGTAGAATTGTCAGGAAACTAAGTTTCACCAGCTCAATGCCAGCAATGGCAACCTCCATCGCGGCCTACGTGGTGACATGAGTGTGACAACATGAGCATCCACACTTCCCACAACACCAGAACCCGCACTAGCAAGCCAATATCTCAACTATACACAGTAGATCATCAACGTCTGGACATTGCTTCACGTCGTTTAATTTGAGATTCTGAGCGTTCCGTACAAATCGGTCCGGCATGATGCCTGTGCCACCTGTAAGAGCGTCTGCTATTAAATTACGGCATGGGGTCTCACGAGTCCTAGTTCTCTTAGGGCGCTAGGGGCTTCATCCATGAGAGATAGATGCAAAAAAATAGGGGCCGATGTAACTACAGCATTTTCTTGGGATGATCAGATAAAGTTGTGATCCATCTTGCTTTTTCAAAATTGCTAAGCCAGAGAAAAGTAAGCATCTAGTACCATTACGACCAGGTTGTAGTGCCCCTTTACACACACTGCGTGCAACAACGTATATCCTTATCCGGTACGGGGATCTTTGGTATATCTTGATACCTCTGATGAGCTAATTTTCATAACGTCCGCAAATCTACATTCTGAAATCACAGTCCTCTTTGCCGGATCATATCTGAGCCACCGTGTACTGAAGGAGGGTTCAGCGATACCCGCTGTGTACAATTTGTATCCCACCGCGGTGAAGCTCTGGCAACGCGAGACCATCAGCCTGCGATGCAATACCAGCTAATATCTGATCAAACATAGCCAGCTTTACTCATGGGTTATATTCTATTAGATTCGGTAGGTCAGCTGGGAGCTTGATC,1494,47.66,Caenorhabditis elegans
SEQ_926944,CTGATCGGCGGAACTACGTCTAACGCACCCCATTTTGCGTCCATTCGCGACGTTCGGTTGTTTACAGTTGGGAAACAATGCTAACCGACGGAAACTCCGAGGAGTGTGTCTTGCTGATTAAACCATATACTTGCAACGCCAACACGCTAGGTAAATAGTTCCAGTGATAGACGCTAACATGGACGGCCGGCCCCCGTGTGGGGCGAGCGGTCGCGCCAACCGACTTTCGTC,231,54.11,Saccharomyces cerevisiae
SEQ_695348,GGATCCTTCAGTTCAATTGCTAGTGCGGGCAAGAGGACCTGAACACGATAGCATATTGCCGAACGTCTTGGGTACTGGGTCAGATGTCTTCAAAGTCTCTGCCCTGTAATGTAGCTATCTCTGAGTAAGGACAAAAACTCTGCACTTACTCTAAACGAGTTCCTAAAGCTCATCCATTGTTTAGATAGGGCAGATTTCCTATTCCATACGTTGATTCGGAATGCCAGATTAAGCTAACCCCCCGCTAACTCTCTGCGGATTCTGGCTAGGTACGATGTAACCACTAATAATGCAGGAATTACATCATGCCCACCAGGACTGCACGATGCTCGAAAAGATTCAGGTTCGACACACCCGTACTCCTCTGAACGGAACATTCACGGCCCGCCCTGTTCCAGCCACTTCACATCCATGCGCGTAGAACACCATTTTAGAGCCCTTCAAAGGGTTGAGAGGCAAGCTAGACCTACTCGTTGATCTAACGCCAGTAAGAGTGGCTAAGAGTTATTTAGGAGTTCTTATAGTGTTCCCAGAGATTCATACATTTTGCGGCTTATAAATGAACCCGCATAAAGAACTGCAAACTCGTTCCATCGCCCGATGGCAAGTCAAATTTATCCTTAGAAACCCAATAAGTAAAGTCGATAGACGAGTTGGCTACGCCGCAAGTGAATTTAGTTATAGTAGTACCGATCGTTCCCCTCAAAACACGACGTGATGGGTAAACGCGCCGACAAAGGTTGATCGCCCTGTATCATAAAAGCCGAGTAAGACTCCATTGTACGTCCAGCCGTATAATGTACACTAGTGCGACGTATATAGATGGCGACGGAGAGGCAGCCAGTCAAGGACTAATTTGCCAGTCAGCATTGGTCCGGTCGGGATTCATAAAGGAATGTGGCGATCAATCCAGCATAGGAACACTGCCGGCTTCTTACAGAAAACAGTATGTGAGCAAGCGCCCGGTCAGGCACGTAAGAACCATCATATATTGTGGTGTTCTTATGAACGAAGGTGGGGGATAAACTAAACCTGCTTTCTGGCAAGTATGACCTGG,1057,46.83,Arabidopsis thaliana
SEQ_128292,CCGCCCCGAGTAACGTGGGTCCGTTGAGCCGGACGACCACTAAAGGCTTCTGCAAGTTCTTG,62,59.68,Saccharomyces cerevisiae
SEQ_287788,GGTAGCAAGCACGGGGGTTGGCTCGTGCTGAAGCGAAGCGCTCCTCCAGGCGCCCAAGCGAATCAACTTGTAGCTTAATGCTTGCTGTCGGCCGCGCGCTATACCGATCGATTGTATGGCAGAAGGAAAGCTATTCTATGTCGCGTCCGTGGTAGTGAAGCGGCCTCGTGGTGGGTGTACCAAGAGTCCATTCACCAACACCCATGCGGATGCACGTATGTATTCAAACTACAGATTAGGCTCATCTTGGTTGACGTAACGAGCTTCGGTGCAGAACATTTGCACGTCGTTTAGCGGAATTCACTAGTACCCCGCTGCGGCAGTCCTATCATTTCCACCCCGAGCCGCATCAAGGTGGCTAGCTTCGCCGCGAGAGACTCGCCCTAGTTAGTCGGACCCGGTTGGTCGTGCGAGGATCTGCACCGGTCTCTATTCGACATACGCCTACTAAGAGATGGTTGCAATTCCCGGCTAACCCCGAGGCGCTCAGCTAATGTGTGTCGTGTGACTCGTATTTTAACTAAGCAGACTGTTACGAACTAACTCTCAAGGAGGAGAAGAGTTGTTATTCGATAGGCCAGCTCACTGACATATCGAAATAGTAGCTTGGAAGCGACATTAATATGAACGAAACCTGCCGTGAGCCCTGCACGCGATCGAAGCTATCCGCTTCGTAGCGTCTCACGTAATCTGCGTCCCGGCTTCTACAAGTGAAAAGTGTACTAAAACTTGCAAGGTGTCGACCAAGAGCTGCCGAAGAAGTCATAAAGCGGTACAGTATTCTAAGCGTTACCTATGGAAGGCGAGCGCATCTCTATACGACTTTGGTTGCGCGTTCGAGCTTTCTTAACTGCGAAGCATTTGATTAACTTTCCCGTGGGCTATCAGCGATGCCCTATGAAGGTTTCCCGTGGGGAGGCAACGGGGGAGCAACTCACCCGCGGGACTTCAGGAGGCCCGTCTACGTATATGAGACGGAACGAACTCAAAAGGCTCCTTAAAAGTGATCAAACCATAAGTCAACGTACGGAGGCCTGTTTCGTTGTTTTGGCTGAGTACCCGGATCAGCTATTAACCAGAATTTTCAGTGACACCTTGTCCAGCGCAGTCGGGGTGTATATGGGATTCCTTAGGTACTTGTGTCACTCCCGTATTAACGGCTTGAATCATTTAATAGCATAATGTTCTGCTCTACAGGTTTCGGAAGGACCGTTGATCAGGGGGCAGAACTGACAAGCTCTCTCAGCTGTTTTACGGTGCTCGAAATGTCTGCCTGTACTCGGACAGTAGGTGAGGCTCTAAGGGTGCTTGCCTGTGACCATCGTAACTGTAGACCAGACGGCCATTTGTTCTAGGCATCAACCCATGATTTAGGATGCGAAATTGGTTGGGACAGGCGCTCACTGTTTGGGGAGCAACCGAGTCCTGGTGTTCTCTGTAGCAGCGAAGGTAGCCAGAGTGTTTAAGAGACCAGAATACTGTACTCACAGCGTCGTCTAGCCTTCTATGTGTAACGCGCTGGCTAGGGCTTACAACCAATCCGGCTGATCACAGATCTGCTCTGCCGCTGACCTGGTTCGGACAGCGCGCGGGCCGCAGCAAGGTGAGTCGGCGTCTGTTATTACTTTTTTACTCCTCAGAGCTCACACGGTTCCAACGAATGTTAACTTCCTCAGGATTCCCGCTGGTCTGACGTGACTCAGATCGTCACAAGTCTCTTTCTTCAGTGAAGTCCCTGACGTCTTTTGGAAAATCGGATGCGGCCGCCGAGTATTAGCTGTCGCCAGGTACCGATGGACCCTTCGGAGAAAGATAATCGGCATATTAAGATCTTGTTGAGTTGTGGTCGAACTAACCTAGCATT,1864,51.23,Arabidopsis thaliana
SEQ_808974,AGTCTAGCCCTGGACGACCTTACCATTGAATTGCAACAATTGGAATACTCACCCACTTCCTTAACAATAGTCATAGCGGAACCGGAAGCCTACCTAACGCATCTGCGTTAAGAGATTGGATCTTCTAATTCCCTCATTCGAGCTATCTCAGGAACTGAACCCTCCAAGTGTTCTCATTAGGAACATTCTTTGTAAGGCCAATGCAAAAGGGAATCCGCTGCTCGTGCCTACTAGGTCAGCGTTATATTGTTCAATACACAGTTATTGTGGTTCCTCGTACAGAAAAATGGCTAACTGGAATAATTCTACTCGGCGGCGGTATACAAAGCTATTTGCCTCGCTTCGTGCCTAACAGGTTATGTTTCGTGGTGCTTCCGTGACTTGTAGTGGTTTATCGGCACATTCTAAGCGGAGGTTAGCCACTAGATGAGGCGTATGCGGACAGGACAACCACTTTCGCCTACTGAAGCTTTACCTGTTAAAAATACGCAATAAGCGAACGAACGCTTCATGAACCCCTTGCCACAACCCCCGAATGCTGTATCTACCCGGTGAAGCTAACCAAGTCGCGCGGTCATAGGGGCAGGGACTTAACCATGATACCCAGCCGGCCCCCTGCACAAACGAAGAGGATTTGTTGGGCGTCAGGTTTATCACTTTTAACTATACGGATTTCTTGCTTGACAGAACAGAATTCTTGTGCGTCACAGATGGCTTTCGGATTTTTGAGGAAGACCCCCAGAATCAACACCATCATCATTAACGTAGAAGACCCGCTATACGGTTCAGGGTGTTTGAGGCCTAAGGGCGTTAGAGCGATCAATCCTGGGGTTAACCAAGTCCCGGGAGAACCCGAGATCTGCGACCTGCGCCGATGGAAGAAAGTGCTCTTACTGAGAATGATTGAATGAAAGAGACTCCGCTTGCAACGGTAGCGACTCCACTATCAACTGATGGGAAAAGGAGGCCCAATCAGGAGGCTCGAAAAACGCTCACTGGGCGGTTGCATGGATGTGTATCCCAAGTTCTCATTCCGAGTTTGGCTACAGACAACTCCCTGTGTAGGACTAATTGCCAGGTATAGGTCAAGAGTCAGGACACCATCGAGACGCTGCCGACTTAGATACTCCACCACAGTGTTTCCCGTACGACTTTTTTCGAATATCGATGGTCGATACAGATGGTTTGCAATACCCATAGATTGGATTGAGAGGAAAGTACAGGATGGCAGGCACCGTGACTCATTGAAGACTAACATCCCATTGAGTATCCACCAGAGGTTTACACAAGCACACGAGTTCTTGGCGTACAATCTTGACTCCCTACTGGGACTTCGACTCACCTTACCCCCACTCGGATTCTCGCAATATTTCGTGGGCGGGCTCTACGCGATGAAGGTTTCTATTAGAGATGAGTGGGTTCGCTTGCAAAAAACCTGGTCATTCTG,1447,48.17,Saccharomyces cerevisiae
SEQ_873150,CACAAGGAGGGAGCTGCGGATAGTCTAAGATTCAGTCCCTCATGTTTGGAGCAGGTACTTCACGTGAGCCGCCTTCAAAATGGAACTATAATGGGATGCTAGATTCATATGAGGGGAACTTCTGGGCCCAGTGGCACACTACTATTGGGGGGATTACTGCCCGTTCCGGGCAACATAGTTTATGCGGCACTAGCCAAAGCGGCACAGTTTGTGGTTGCTTATTTTCGCTATTCATTTTCTTAGGGATAATCAGTGCGCACTAATCGGCAAGTCTGCAGCCTTAGGGATCTCATCCATTAGAGACTGTCCTCTCTTGAATGGGGACTAACCAGCCGTCATTCCCGTAAGAAAGGACGTTTGTCGACATCCGTCGTGATGGTTTGTGCCATTGAACGGTATAATTTGCAGCTTGCCGATTACCACTACTATAATCGGAACCTAGACATAGCAAGAAGGCAACACACCCCCCTGTAGACGTTCGGAGAATGGCAGTCCTGTCAAAGACCGAGGAACCCCAATGCCATGGTGACTCCCATTGTTCTATCAAGCGGCCTCACGCATTTATACTCAATGAGACGACTCCTCTCGAGAGTTCCGATACAACGAGGAGCAGTGCTTTGGTACCATTACTCCCTGCGACAATCTTGGTTTATTTACCGCCTTTCTGCTTTACCCATATTAATCTATGTTGGAGGATGTGTGTATCAATCCATTCGAGGTCATTAACTGCCGTTTAGTGAGGGACTGGACGGCCTAAACACCCGCTCGTCTTTTTCCGGCCTTGTCCCAAATCCTCACCGACCGTCGCATGGCAGAGTGGATGATGCCCAAAATTCCAACATGGAGAATCGGGGGCGGAGTCCCCACATTATCTTAAGACATCGCGGACCAAATGTCTTGGGCGTAGGCCATGCACCAACCCTTCGCGGACGAGTGATGCA,941,49.73,Caenorhabditis elegans
SEQ_241531,GATAATCTGGACTCCCAGATGTGCCGGGTCACGAGATGCAGCTGCCTGGATATGTCTGTTGGAATAGAACTGAGTGTCAAGCCTAGCCGAAGTTACTCCCTCCGGGGGCCGATAGGTAATGATCGGGGCCTCATCCAGCTGGGCAATCGACCACAGCTAGCTATCGTAGACGTGTCGACGAGCCTGCTCTTAACTGTTCCTTGTGCGCGTTCTCGACAGGTCAGCTCATTCAACCCGTCAGGAAACTTTATCATACAGGAAGTGTGAGGTCGTATAACAAGAAAATAAGCCAAAACCATGGGGAAAGATGGAAGACGCCATTCTGGCACTGGACGCGGGGTGACCGGATTATGAGGCGCCCGCGTGACAGCTTAAGGTAAGTCCTCCGGTACCATGATACGTCGCAAGATAATGGAGAAGCATTAATAAACCGATGAAGTCCGAAGTCCGGGTGCATGCGCGCCGCGCGTCCACGG,476,53.57,Saccharomyces cerevisiae
SEQ_499905,TGATGTCACGGTCCTGTGCTTGGCCTGTTTTTGACGCGCTCCAGATCTCGGCTACGAGCTAGCTGCAAGTGTGCTGTTCCTGTAGTGTTATGCAACCCTTGAGTCGAAGAGCCACAGACATCTAGAACTTCTCGCAAGCGTACGATACAGAGCACTCTGAACATCGACTGGCTAGATGTATGATTTGTTAACAGTATTACGTTTTACCTAGGGACTTTTTATTCAGTCAATTGAGCACCTCTACACGTCCTTCATTACGCCCTGATGGCCAATAATCTCGCAGATGTCTCTGCCTCTGCTGCAGTAAAGATGATCCGCTTTTCTCTGAGCCTTCATACCGTACGGGCCTCTTTGGGGTTACCACTAGTTGTGTTAAATTCGATCTTCGAGCGCCGTGTTGCGAGCCGGCCATATAAAGCGTCTCAAGCTAACTAGTTACTGGGTTGGACACCGTCGTGGCACTTAAGACACGCTCTCCACGTCAGCTTAGGTCTGTGAGTAATATATAACAAGTGTGTAACGGGATGGGTTCCCTCTCTGGACTCAACCATCACACCTCGTCTGACCGCATTTAGGACCCGGCGTGTATTATGCCTTGCAATTATTGAATGGATTGCGATGAATTCAATATTTCTCTATAGGGGGCACCAGCAGTACCGAAAGTGACGACCTCATGGAAATCATCACAATGAATCCTCAGTAGCAAGCGTTAATACCAAACGATAGGAGGATAATCGCTACTGATATGTATATACAGTGAAAATTGTCACAAACTAACAGCAGCTTCTAGTTCTCTCATAATAGAACCATGGCCGTTCGGCACACAAGCAGACAGCCGGGCGACCACGACGTCTTCAAGCCTATT,865,47.17,Mus musculus
SEQ_694946,CGCTAAACTCCAGAACGATGTGGTTGCTGGATCTCAATCTTTACCAGGGTACTTTGCTCTAACAACCATACGAATTACACGACCGCTTGGAATTGCAGTAATCTCGCTATAACTGGTGTGAGCTCGCCGAATGTGGGCTAGCCTAACCAGGTATGGATATCCTTCATATTTCTTCGAGCACTGAGTGCGTCCAGAAGCGATAAATTAATTGAACTCGAGAATATTCCTATAGAATCCTTCCAATCCCGTGGTCAGGACCAGGGTGTGGACAGGTGAGTCGCCTTTTCGCCCCCAAGTATTAGACGTGTGGAGGCCCTTCAATAAATATTCCGACCGTAGAACCGATCCGCCGTACGAACACCACCGCCGTATAGGTAGTGGGGAGACTGTTTGAAATGCCTGGTGTGCAGGACGGAAGGGGCGTGCGTGAGAATGTTAGGTAGAATAAAGATCTGACTTACAAATATAGCTATCTAACATACCGCCTAGCAAATGTTGTAGACCTTGTGAAGTGCGGGGATGCTCCCTAGTGAGGATAATAGATGAGAGCCAATCGTCGGAGGTGGTAACCGTAAACTCGCCGCACACGTATTCCACCCAGTAGACAATGACCTCGTATGACATCCGAGTTCACCCTAAGACAGCGGTCAGTCCACCGCGCTTTCAGAACCCCTCGTCGCTCTTATGTGTATGTCCGTTAAGGGTGTAAGAGTCAGATGCGCTACAAACTTACGAGCATTCACACAACTCGCGAAAGTTAGGTAAAAGGGGTTCTCTTCATTCTGGTTACGCTGAAAAGAATCGCAAGCAATGCTCATATTACGCTACATCCCACCCGATCTTATAATTGGTTATATCTGACAGGCAGTCTATTTTCGTCCGGTACCCTGAGAGGGAGCCGCAGGACCTTCCCATGAGAGTGCGCGCACGGCTAGTAGAGACATAGGCTGATACACTTAGTGACGAAGGAGGGATGGCGTCTCTACAGCTTGGAGAGAGCCTAAGAAGCCGGCGTGTGTATCCCGCTGTTATGTACATCAGATCGCATCGTGCAGGTCAGTGAACTTGAGAGCGTTGGACTACGGATCCTGGCTTGGTAAGATTTCTAGCCCGAGATTTGAGCTGGTTCCAAAAAGACTAGAGATTTATTAAAGTACACGTTCTCGCGTTTTCCCCAGTGCGTCCCGACAAGGGTGTAGGAAACTGCGTCCTATTTTCGCGCATGAACGGCTTCTCTTTACGATCTTATTGCCTCGGACCCAAGTTACGGTTCATTTAGGCAGAGCTTCCACCTGCGGATGTCCGCTGTACAAATGTCCTCGGAACGGTGCTTAGAGAGGAGTGGGGCTTTGCGTATCACAATACGGACAAATAATAGACAGAGCCATTTATGGCCGGACTCTGTATTAATGATCAACACTGGAGGCCAGCACTCTACTCTGAGATGATGCGCTCAGGAAAAGTAAGCTGG,1471,49.01,Mus musculus
SEQ_810282,AGCAGGAACAGTTTAATAGAAGACCCTATCGTCGGACAATTCTGCCAAACGCTTACCCAGTCGGCGCGTCGGGAGGGCGTCCCTATTCGCCCATATTCGTACGTAAGTCCAGTGACTTCCCTGTTGCTAGAATGTACCATGCGCCTCGATGCCTAGCGGTGCTACGCGCACGTAGAATGTTTACGACCCGGGCTGATCGCGACAGTAGCACTCAAGGCGCTAAAGACGCTAGAGCAACCACACTAGCGGAGGCGAAAATTAGTTTGCGCCTCGGGCTGACCGTGAATGGACCCGGCGTCCGGGTTGGACCAAGGTCCCCAAATTGTTTCTTCGGGGGATCGAGTGGCGCACGGGGAATGGCTCCAGTGTAGCATCAAGGAAACTCCTCTTGCCAGTTTGCTCTATTA,407,55.28,Mus musculus
SEQ_694593,TGGCTCAGATAGGGTATACCAGTTGGTATAGTGGTTCGGATACTGCTACTCATCGACTACGTGGGATCTGGTAATCCAGAGATTGATAACCACGTGCTAACCTCGCTTCAGGGAATTTCGACCGTAAAGATCCGGACCATAGCGCACAGATCCCAGGCTTAGTACTCACTCGCGGTTCGCATGTCTAGTCCGAATGGGCTTGGGAG,206,50.97,Escherichia coli
SEQ_749898,ATAATGAAACAAGGTACTATCCATCTCGAGCCCTTGATTCTAGCTAAGGGAACTATGATTCCTCTTCAAGGTTTTATCGACACGGAGGCGGTACTGCAACCGAATTCCAATAGGGGACTAATGACGCCTATCTGTACAATTATGACCTTGACCATCCCACATGATTAACTGCTCGTTTCCACGGGGTAAGGTATTAGCGTGCGCTGATTGGGGGTAGGTTGAAATCCATCCCCTAAAATTTAGAGCTAGAAAGTAGCTCTGAAGCTGGGCGCGTCATGGATTATCAGGGAGTCTGTATCGTCATCCAGCAACCCCCTCGCCGTGCGGGCATGAAATATCCGACACCTCTACAAGGCGTCACTATATGTCCGTTTTTGTAGGTCCGCCGAGTAACCAGTTGTCGCTGTCGGTCTACATTATTAAGGAACGGGCATTCTACCACTGACCATCTCGATGTAGCAAGCGTCAAGCACGCTTAGCTTCTGATGACATGCTATTGCGCAACAGAAGGTTACGGGCCGGTCAAATTCCTCTCGCCACGGGCTTGCCAGACTGCATGTTTGATATGGAGACACAATCATTACGGGCACTTGGACGCTACGCGCGAGGTCGAGGGCGCTATAGGGTTCGACTCTTAAAAGAAAAGCACTGCTAATTCGTATTCAGCTCAGCTAACTCGAATTCAAACTATACGTGTGCCGCTTCATCGTTTTGTCAATTTTAGGGCTTGCCTCTTACAGCCGTTCCACCCAATACCATCTGTCGTTATCTACCGTCCACATGTTTTCGATGTCTTACGTGGTGTGCAACTATACCCATCCTGTTCTCAGGTTGGCTACTCCGTACAAGGCTGCCGCCACCCTAGTTGGTACGGGGCTCAGTGCCGCAATGATAGTGCCGGAGGCTATTGAGGCTGAATCAAGCTGGTGACAGTGAACTGTATCGGTGCGAAATTTAGAAGGCTATTCCCGAGTGCGTGGACGTGAGGATAACATTTCTGCCTGGACACGGTTGTTACTGGTGTGACGGTAGTG,1034,49.42,Escherichia coli
SEQ_467648,TTAGTCACAAGCACAGCCCCACTACCCCCCATCTTATTTTCCTTAGACCTCAAACTAGATATCTGGGTTCGCTGTACTCCCTGGCCAGGTGCGACAATCAGCTGACATGAGTCATCCATCGGCGTATCGACGGTCCTTTGAGGCTGCAAGAAAAATGGACTCTAGCGGGCCTCGCGTCCCATTAGGCACGGAGGCGTATTCCCGCTACTTATCGAAGGGTAATTGTTGGTTCCCATGTTCAACATCGTGGACCTTGTGCGAGGGGAGAGAGTCCCACGTGCGAGGAGGGTGACGGGTGAGATGCCGAGGTGAGTATATAACAGATGTAGAATCAAGTTTACATAGTCTACAAGTTAAAGGAGGTCCGTCTCGAACCAACGCTTCGGACAGGATATCGAATCGTCCAGGAGCGAACGCGACCAAGATAATTCTTGCCTCAAGGCATACGAGCATGCGAGAATCTTGTACTGGGCGTTCCAAAGACACAGTAAGTTCGCTCTGTACGCATGACAGAAGTTCGCGAACTTTGCTCAATACACGCTATGTGCCACCAGTGGGAGCACTCTGAGCTCTTTAAGTTCCGCTAGTTAAGGCGGGCTGAAACCGCGATGATTATGTCGGCCTTAATAAGTAAGGCGTCATTGCTAATCACTCCCAAAATCCGCGAACGTTGTTGAGTCAGAGGTGCCAGGAGACGTGTCCAGGGTTTGTTATTAGTCGGTTATCAATGGAAGAGAGACCTAATATAGTATGGAGAGGGTCGTCCAGTTAAGATACTTGGGAGCTTCTCTAAAAAGATGCCAGAATCTCGGACAAATTTCAGCCGTCTTTTGTTGATCTTCGACTGCTTTCCGCGCACTCACTGAAACAGCAGTACACGGCAAGCTGTACCAGCTTGTTGGCTACAAGCTCCAACGCGTACAGTGGAGCCCATGGTCATAACCAGCACATACTCGAAATCATTGGATTCCCTATTGATATTTCATTATCCTAGTGAACGGACCCCGTTCGAAAATTGGCTGTTTATAATAGTCAGCAGGAGATCTCACTTGGGGTCGCTGGAACGTCCGGTCAATGTGGTACTCCGGCGGAAATCATTGTCGAAGAGGCTCACACCAGATGGGCTGGTAGCTTTGGCGCTGGAGCGATTCGTCGTGCTTTGTACGCCAAGGGCCCAGGAACCGCGACTTACTTACATTCACGCAATGTTGGTAACGATGTATAGGTAGAAGTGCTATACAACTGATCCCTACGATCTCAAATCTCCAGATTGATACCAAATTTATTTGGT,1291,49.03,Caenorhabditis elegans
SEQ_722484,AGATTACAGGAAGTCTAGCTGTGGGTTACGGGCTCAACCTGACTGAGCCAACAGAATACTGCAAAGAAGTCCCATGCACTCCGCCCCTCCATATGATTGTAGAATCTGTATGATCCTCCCTTTCTCGCGCTGGACTATTCCTTCCGAATGGCACAATGTCTCATGGACCCTGAGGATTTGAGAAGCGAGTGTTACCGGCTGTAGATCTGAGAAACTTGCCGGCAGGCACTGCTATACCATATCGAATTAATACGAAAATGTTGCGTCTACCACCTATCATCGTCTTATGCGGCAGGGGCTCCGTAGTGGTAACTTTGCTGTTAGGGTTCGGATCAATTTCTATAATAGGCGTTACTGCGCGCCCATTGTCACGACCTATGACGTGTGATTAGATTCTTTGGGGATTTTCAGTGATCAGAGGCAAATAACCTACTCCTAGGAGTTTGGAGATTCGTTTGCCCTGGTGGCTAGCTTAGTATAGACTTTCTTTTACGAACTGGCAAAGGGGACGGCCAGATCTGAGGATCTACATACGTTACACTGGTGATAAGAAGTCTGGGGTCTACCCTTTCTGAAGCATGTCCACTTTGGTTCATGGGAGGTTGGGTAATGCTTGTAACTTACAGGCCATGTGACAGCTGCTGTTCGCTGAAATGAAGCTGCGTCATTTTCGTCGAAACACTGGAAAGTGTATAGTCGTACAAAATATATAATATGATCGCGCACGACCGGTACGTGTCACATGCACGTTGTTCTTAATTCCATCTTAGTGCCGGAGCTTCGAGTGGGAATTTTTCCCCCGTTCGCCATGTGTGACTGAGGACAGCGGTCAAACCCAACACCAACGAGAGCGAAGTAACGTCAGTTTGAAATCCGGTCTACGCGGTAATCTACAATTAAGTGTAAGACATAAACCTTCCCATCTGAAGTTCGCTTCATAAAAGTACTCCGTTAACAATAGCTATGGGCCATTCGGGAACAAAGGGCGAAGAAACAACTGTTCGTTTGCTGGTTGAACCTGGGTCTTGTGGAGTAAAAACTAGAGAGGCGATAGTGATAGTTTTCTGCATAGATTCCAGTCCCCGGGGCATTCAAGCCTCTAAGTGCTAGTCAATGTGTTCCGATGACGCTCAAATTGCAACTATGCAAAATGTTCGGCAGAGAGAGCATTTGGTTATCCCGCTGGAGGGGTTGTACGAACTGGCGTTAGTTAGAGATCGCGCACCTGGGACGCTGTTACCAAAACGTAAAAAACCGGCCCAATGTCGCCCCCTGGTTCGCCAGGTTAGGTCATGCGTGGAGTGGGCCCCTCTACCCTTTGCTCAGTGTCCGAGGGAGATATACCAAAGAGCGGAAGGGTCAGGTATGCAGCAGTTTACATCGAATATTTACTGATATTCCGGGATTTCGCTGGGAAACCCCTATGGTAGTGCGGCCACTACTAGCAAACGTGCAAGTCGTAGTGACAACCAGCTTTCGAAGGGAACCGGACAGATAGATGGAAGAGGCCAACGGTCATGCCCACTCAGATAGCAGCGATCTAGACTCACAGAACGCCTAACGAGGGTGGATGATCCAGGAGAACATGATTCAAACCAGCTGAGGTATAGGTTACTGCTGTCGGACTTATGGGTTTAAGTCAAAATTGGGCACGACAGA,1659,48.16,Mus musculus
SEQ_610354,AAATAATCGACGGGGAAGGTAGTAGGTACTCAAACAAGTCTCGACCAAGGAGTTGACCTGAGCATACGACAGATCTTACCGGGTAACCCTGGATCAGCGAGACCTACCATGCAGTAAGTCATTCTCATAACTGAAGAGCCAGCCCCCGTACGATAAGACAGACTATAAGTTAATTTCGCACAAACCTACTACCTGGCTGTCTGACGAAGTTTACTAACTACAGAGACGGCGCGATGTACCTCTTTCTCGTCACATTGGACGTCAGCAATTATCGGCAGCCCACTTGCCTGCGTATGCATAGTGGGAGATCAAAGCTAGGTGCTTGTAATCTACACTGAACTGTAAGGTATGCAGGGACACAACCATTCCCTGTCAAAGTGTTGCACTACCATTATCATTGCCGATCTTACCGCAAGCCTGGTTCGACGAATGGTTTGCTCTCAAAGCGAACGGGGATTGGGGTAGACGCAGTTGAAAGATATCTGCTGTAGCCCTGCCCTCTAACATTGCGAACCGGTATACTGCATAGCCGAACTCCCACTGGGGACAGGCCTCACTCACTGTAAGCCATATGAAATTGGCATTACCGGTCGGTAACCTTTGAGAAGCAATGGAACGTGGGGGACGGAGGATATCATGCATACCAAAGTCCGTTTAGCTCTTCATAAGCGCGATGCGGATTTTGATTGCTGTGAGTGTACATTTGGGGAATCAGCAGCGCGGCGTTCGTACATAACGCCCATGGGGTCAATGAACACAAATCAGCTGCCAAGCCAAAGTCAACGGTACTAGCCAATATAAC,802,48.75,Drosophila melanogaster
SEQ_253641,TGTTTTGTGGTCCTGCACGAACCTAAGGCAGTGACCCCCTCGACACTCGGCCTACTGCGGGTAGTGATGCACAGCTGTGCTTCGCGCGCTGGTGCGAAAATTCATTATCCACTGGCACTCTGGCGTTTGCACGTGCATCCGCTGGCCAACACATTAAAGAAGTATAGTGATAATCCAACATTTTCCCAGAAGTAAAGCTTCTTGAATAGTCCAAGAGCTAGCGTCCCGGCCCAATTTCGTATCTCATTTCCTGCCAACGTGTTTGCAGATGAACGCGCACTGGAGCTTCATATTCTATTATCTAACTTTGTCCCGCGGGTAAGTAACACAACGGATCGGCAAATCTCTGTTTGCGGTATGTGAGCGCCCCGATACCTGCCGGGACATCATAGGTATGTAGAACGTGTTCATCTCCAGTACTGGGGACAGCCTTCTCCTATGTTTTATAGGCGTGGAAACTCGCAGAGCTTGTGTAATGCCGTTCCGTGTTTAACGTACGGATAGTGTAGTGTGCACGCAGGTCAATTAATGGACAAGCAACTTGGTGCCCCTTTTATTTTGACACACCGCAACATGCATGACAGTGAAGAGATCGCATTTACCGTTAAGTCGTCTGGCACACGCTACG,628,49.36,Mus musculus
SEQ_326683,CTTATTATACGGTGGATACCTTGGGCAGAAGCGGATACACGATTACCAATAGCCCCCCTTCATTGCCTCTCAAACGGGAGAGTATTCTGCACAGGCCCCGCTCATTAGATCCCCTGAGAGCGCTCCATATGCGTAGTAGCAGGCCAGTTTTCAGAGCTGATTCAGAAGTAGATATCGGGCCAAAGGATGTGGGCATTTCGAGCCTTTGTACAGTAAATCAACTTAAGACTACGTGCACTTCGTCAGTCATATTATGTAGTCCAGCGACGCAGCAATCTCGTTCCCCGGAGCCTGTCACTGCCCAACCTACCCCTTAGACCAGTAGTACGTGTAGCCGTTGACTAGATTTCCGAGCTGAAATGGCTCTGAGTGAAATGTATAAACGATTGTGGAGTGCAATACAGCTTGGGCATTCTGCAAGGAAGGCGGATACGTATCACAACGTACGGCATTCGGTTAGCTGCCGCCGAGGGTTACTCGTTATTAGGACACTGGAAGCGACGAAGGGGAATGCGGTCCGGACCCTGAGAAAGTAGCCCCACCGCTAGAACTGGTGAAAGCACATGATACGTAGAGATACACCCAGTAAACAGGATGAGGCTAACCACCCACCTGTAATGTGCACGTGCTCTAGCCTGGCACGTAAAGGGCACCTGTCATATAGCGCGTACACGTGCACGGGTGACTGGAACAACAAAGGAGAAAGCCCTGATCGAATGATAGATCCGAGGACTATCTTCGGAGCGTTTCTAGCACACCTAATACCGTAGAACTTGCTAAGGACTCCGGCGCAACCATAAGTACTGAGTGCTCGGTGAGAAACGGCGTACGAAACCGGGCCATAAGAGTAAAGTCACAAGGGTCACGAGGCGATGTAGATTATACTCACAAGAATTCCGCACGTTCATGGCTGCCGGTGGTCTTTGGATTAACAGCGCTCCGATTCGGTTGTATGATGTCACCAAACCGGCAGCATAGTAGTGAGCCTGGTACATCCCCGTCAGGCGATAATGGAATCGAGGCTTTTGTTCGTATCAAGGCTAACGGGTCAGATGTCAAGTTATCCTCGACTACCGCAGAGGCGACTCTACACAACTTCCCCTGCATCCAAACCGGTGAACCTCAGTTTAGGCGCGTGTCCTTTCAAGACCTTGGTTACATGATTGTATGTTTTAGTAGCGTCCTGCACCTGTTTCGGAAGTCGTCCGTACTCATAGAAGGAAGTGCATGGACCGCATGGCGAGAGGTCAGTGGGTAATGATGATGCTCCGAGCTCTGAGTGCCGGGACTTTAACGCCCGATAGTGATGGAGATAGCCGAGGAACAACGTGGATCGTTGTGTGAAAGCCCCATACAGACATGCGCCCGCCCTAACCGAAGATGCTTCATCTAGTTCCCCGGCCCACCACATGTACTACCGAGCCCGACCTCCACTCAGCCTAAAAGCAATCTCTTCTAATTCGCGAACTCCTCCCTCTCTACTTCTTTAAACAGTAAACTTTTGTCGTGGCTAGAGCGACCGTCTGGCACAGGCAGTGCCCGAACCTTGTAGGACCAAATTGTTCAATCACGGGCCGGTTTATGCAGGGGTGTTGCTGCAGAGAG,1605,51.34,Escherichia coli
SEQ_487214,AGCTCAGTCCGGAGGTGTAGGCCCCGCCTAAAGTGGCACCCCGTATCCTGAGGCGTTCTGCGGGTTAGTGCTCCGTGGTAAGGCAAAAATGCCCCGCGGGTGGGCAACAGACAGCGCTTGAAGGGTTGTGATTAAGGGGTACCAGCGCCGACGTCTATGCATGCGATAGTACTAGTGTTAGTCTCGGAGCTTTTTTGTGTGCGATGAGATTACAGGAGTTACCTAGTTGGTAGCACACGATGCGCCTAATGATATTATTGTCTTT,265,52.83,Arabidopsis thaliana
SEQ_430553,CCTTGTAAAAATATTATCTAGTCACTAAACAAACAGTACACTCATATGCACCCGCCAGGTGCGAATACGCCAACACGGCCTAGTCCCTACGGCTGACCTAATCTCGTGGGTGACTACCATAAGATCTCCAGACCGGGTCCAATCGTGGAACTAGCGGGAATATGCCATCAGGTTTATCTCAGGCAACTATCGGTTTGAGACAATCTATACTGCACTCATAAATGACGTGCTGATGGACGTCAGAACAAGTTACAGCGAAGCATAATTACGCACAGGGGTCAAGACCATACAGTCACCGCATTCAGCTGATCAACCCGTGAAATTGAGCCGGATGATATCAGAGCTTTTTGGCTGTCACCCACACATATTATTGGAGATTATATGAATGCTCTACTCTCGGGCAGAGCTTACCGGGAAGTCTCTAGGATACAAGTCATGCAAGATATTACGGGGGAGAGTTTTTCTACTGTTGGCCGGCGCCCGCAGCCAGAACGGGTGCAACATAGGCCTTCTAAGCGGGGAAACCTATGCCTAACTGGAGGTTACCGTTGGCGCAGGAAGCAATCCAAGAAGATTCTCGACGAGCTAGTTGTATAAGTCATAGCAACGGGGTACAAATCTGAT,624,47.92,Escherichia coli
SEQ_121920,GTGGTTAATGCAGAGTACCCGCATGGTTGCAGTCAGATGTAGAACCGTCGTGGAGAGATTCCCCGCCCAAAGACGGCTCGAAGAATCGAAAGCCAATTCCGGTACCCATCCGTACATTTCTCTTCGCACTTGTACATGAGCTCGCTCCCGTGGCCCGGTTTGGCTCCATGCATCGGGTTACTACATCGACTAGCTTCTAGGTCGCAGTGTAGTTAGACCCCCCCCACCCGGCGTGCCGGTCCATAAAGTTCCAAAGCAAGGCGGGCGGTTACAATGCTAGGACTGTGATACATCTGTCGACCCTCGTTATATATCGGCGCGTCGTAATGTATGATGAGGCTACAGAGCCACAGATTAGGTATAGCAGTAGTCGTTATCATACCGTCCTGGGAAATACTCAAAGCCTACCGAAGGCAACTAGTTGGGTGCAACGTCCAGCTCAAGCGCGATCTTGTGGATTGTGCGCTAAGCTCCTTTTAACGACAGACAGCATGCTGTCGCGCATCATGTCCCGATTTGTACCCACCGATTGCTCTTCGCTCATGTCGCCGCAAACCGACCCGGAGCTCTCCTCCCAGTAACCTATCCTCAAGGTTAAAGATCAACTCGCGTGCCCGATCAAGTTTAGGTTACTCGCTCTTCCACGGTGAAGATGAGACTCGTAGTTGACGAGCGAAGGAACATTACGACTAAAGATGATTTCCGCTGGTCGTTCGTGCTTGTGGCA,727,52.41,Escherichia coli
SEQ_676955,TTTTCCGCTGCGAAGTATCGATTCCGCAGGCCCGAAAAAAGGTCGCCTTGCGATGGGTAATGGTAGAGAAAATGAGTGCTTCTCTTAACTGCGTATAGACATGTAGCAACCCTTAAGGGTCGTATGGTCAGCAGTAATGACTGGTCTTACAGAGTACTGCTATTGAAGACCGGATGAACATTGAAACCACCAAGCTCTAGGTCAGCCCCTCGACAGAAGCAACACGGCCGCCACTATTATCTATATTTCACTAGTTCTGTCCTTGGTAGCTCATGGAGACGCCCGTTAAAGGGGGTCCATCGGTCCATCCACACGACCTACCATCGGCACCAATCGATAGCACTGACTAACAAATTTCCATTGGCTATACCGTGTAACCGTAAATGTCAATCGCGCCTGATTAACGACGTCTGTAGGATTGGTACTCTTGCAGTCCAGGTACGTGTCATCCTTTCTGTTGTCGGACCGACCTTGCGAAGTCCATGGATAACTTACTTATAGGGGTACCCAGGATGGCGTAGGACCTGTAGATCGTCACGCCAGAGAGCTATTTGCTGTACCGCGCCATCCGAGGCATCGCCAAGACAGTAGATACCCGTGGCTGGCCATAGTGCATTGGTCCTCTTAACTTGTCCAGAAATACCGTTAGGGGGGTTGAGATCGAGCGGAGGCGTAATTGTGAAATCTGTTTGGCACCCCGTTTCGGAGATTTCCGCAATTCTGACGCCACCCATGATGCCTATCTGGTTAGCGTGATACGCGGTGCATACACAAGGAGAAGGAAACAATTTACCGACTACCGCTTATTAGCCCTTCTGTAAGAGCAAGTAACGAGGCTACTGAATTAGACATGACAAGCTACGGCTAGGCGCCACTGATTGACAGGGGGACCTTGACTCTGAGCCGGGCAGAGCGCGAAGGACCGCCGGTATTGCTACGGGTATAGTTCGCGCATCGTGCGAAGGATGGAGGAGGGCTGTAAAAATTAAGTCGAACACCTGAACGTATATTGAATGTGGTTCCATAGCATGTAGGGAGTTTACGGGCCTAACTTGTCCTCTGTAGTACGCGGATAGCGGATACAGCCAGAGGTGGGCCAACGTTGGAGCCC,1111,50.77,Drosophila melanogaster
SEQ_497980,CGTATCGGCCTCTGGTATAAACTCGAAGGATTCGTTGGGTTTCCTTTTATACATCCTTCAGTACGCTACTGCCAACAGATAGTATTATATCCGCGCAGGAGCTGGGACTCTACAATTCTCAAGAATCTAACCTATATCCAAGTCAGGGGTAGCTCTAGTAAATGCATGGTGCTAAGCCGACTACTGAGCGCGCGACCCCTCTTCATGTGTATAGGTTGCTACTAGCCTCAATCGCATGACGTTGTTTCGCAGCGGCGTCCGTCTGTCTAGGAAGCATGTGAAACTTATAGTTTCGTATAGCTGTTGGTGGTTGAAATTAACGCTGGTGTTGAGCGCAGCCCTGCATGTTACCGTGAGGGGGCGAGCCTTACAGACATGTTTCCGGGGCTTCTCGTCGTGGCGACCGCAGTAGCTATCTTCACCCATGACCCACCGTACGCGTGGCCTTTGGGTCACCAAACGCCTATGAGAGCTTTTACGCCAGTCTCCTCTTTCTGCATATACCCTACAACGAACAAGACGCAGGAAAGAGACCGATAGGCGCAGTAGGGAATTGCGCGGCCAAGGTCAATCTCTTACCAAGCTACATAGATACCTATACGAGTTAATCGCGTTCTGGCAATCACAATCCGAGGGACAGGTCTTCGAGTGGCAGGCTGCAGAGGACTGGTGAATAGTACACCGGAGGGATATTGGTAACGTGGCTCCTCGATATCAAGTTAGCATGCAGTGTCCATCCGCAAGCCGACTGTGTGTAATCTCCCGGGCTTCATGTGCTTCTCTATAGGCACAATTGCCTCGTCTTGGCCTTCCACCGGGGTAATCCTCTAATACGGCCAACGCAGTTATGACTGCACTAACTTGATGTTCCCAGAACGGCTGTTATCGTACGTAACCCCTATGCTGCAGCTACTCCTTGTAGGAGCGAGAACGAGAGGGGCGGGGGAGTACGGTGCCGGAAGGGACACTCTGACCTAGCCCTCTGAGACAACTCTGCTCCTTATTAATTCGTCATAGGCTCAGAACCCGGCGCAATATCTATGCTCAGAGTTCGACCGCTTAGTTCTGGATGATATGGTCGATACATCCGCGGATAGTAGACGGTCCCCTCCTTGAGATAATGCCAAGCAACTACCCCCCGCGCCCGTTTGATTGTACCAACAACTCTGGAAGCTAAGAGCGAAGGGAGAGCTATGTTCCAATAACGAGCTGTGGAATGGTAAGCGGTGTATCGTCCTGGCCTCTTTTCGTAATTCACCACGCAAATAGCGGAATTTCTTACTATTCTACGAACCGACATAAGGCAAGCGCAGTACTATATCTTGAATACCAGCCT,1336,50.75,Mus musculus
SEQ_502728,CTGGTGCGGTTTGTGTGACGAATACGGATTCACGGCTATTCAACGGGGTTTTACAATTAGCTCTTCTGCTGCCTCTTGACCACAGTGTCGCATGACAGAATGACTCTCGAGGAAAGGTTTGTCGGACGGAGCGCGCCATTCACTTCTTTAGCACCTTCACGTCTGTGCATCCGTTGGAATAATGATAGTGAGGCCTTTTATGTGTACTGTAACTCTCTGCGGGGTATACGAGGCTGACCTAGTCACAGATTCACAAACCCGGATTCTCAGCAGCTGGGCTGCCAAGCAAGTGTTTTCCACAGCAGCCCGATGGAGAATGAGGGGCTGGGTTGAGACTAGTACCGTTTCGAACCATATCCTTAATGTGGACTCAGTGTCCACGTTGTTCCAAGGTGGTGGACACTCCGCGGTCGTTGGCATCCTACGAGGGGGCCCTTATCACGCATTCCCGTATCTACCCCCCATTAGTGAACCTACCAAGCCGACCATCCCGTCTACCGAGAACGGCCTCGCTCAAAAGCTATAAGAAGGTAGATGAAAAGTACAATCAGACATCTTATGCTAATGCACGCCATATCCCCAGCAAACGGCTATGACTACACTAGTTTATGAAGAATTTTCAATTTTGTCAAGAGAGAGACCCTCTGATATACAGTCGAGTTTAGAAGACGTCGGCACCAATTGGTATTCACCTCTCTCTACCGATAAATTTGATCGTAAATTTGACAGATCATAGTACCTCAATACGTCTCCAGTCGTGAGATAGCACCGGGGTAGTAAT,781,48.4,Drosophila melanogaster
SEQ_120942,AGCATCCGTCCCATACCCATAATAGTACATGGCATCGGCGCCATAACCAACATTGCTGCAACCGTTCGATAACACTGCCTCCTGTAAATCGTGACTCTTTTAGTTAGTCTGCGCATCCTAGCCCTAATTTCGGAAGTATCGGGCCACTCCGGGGAGCAATGGACTCAGTACGGAATACTCAGCATGTATCCCAGTTAGCGATGCGCATCTAGTCGCACCGGGAAACTACATTTTTTATACTGTTTGCTTCCCCTGACTGCCAGTTAAATCCTTGTGCTCGCATGCAGGACAAGCACGGGGCTGATGAGTCATTTGCTCGTGGGCGGGCAGGACTCGGTGCACTGGCAGCAGCGGGGCTTTTGGGAACATGACTCGAGAGCGGTTTCCCGACCCTTTAGGATCAGGAATTGTGGGGATACCCGAGCTTGCCCAGCGACGCTCACACCGGGAGAGAAGGACGTATAGGAGCCCGCACGAGCTCGTGAAGATGGAATGCCGAACGTCTTAGCTAACATGAAGGCCGCGTCGCCCCCATTCCTTTCTGACGCTCTGGAGGCGCCGCCTCGAAAAATTACCATGGGCCGGTTTTAACACACGCGAATCTCGAGAAAGATATTCACGTTGCCTATCCAAGCGAATTATCGCAGTCCGGTGTCCCGTGGCGCTCCGCTAGGGCGTGGGATGCCATGCTCCCCGTAGTAGTAGATTCTTTCAGCACAACACTAATCTAACACCATCCAGTCACACTCATCTGCATAGGGTTCGTAAAATTGTTAGGCCACCGGCCGCTTGCGCCATACGATGTCGGAGCAGCGGATAGATTGAGTTTCTGCAGTCGGTTGCTTAACCGCTGCCATATCGAAGAGCGTTACAGTTTCCGGTCGAGTACCGATTGCAGATAGTTCCTCTCTACGCTGCCTGCACGCAGATGCGACCCATATGTTGTCGTACATCCCGCCAGTTCCCCTTCGTTC,974,53.7,Caenorhabditis elegans
SEQ_178837,GAACATTGCAAAGCACGTGATTTGTAACGGAGCTGCAGGCGCGTTGGTTGCACTACCTCATTTGACCGTCCACGTCATAGTGTTCTACATCTCAGTCGCAGAGGCAGGTAATCACCGTGGGACATCAGCGCCGGAGGCTCAGTTGGGTCCCGTCTATAGGGCCTTTATCCCAGATACTGCTCTTTACAAGTTACTCCGTGAGAGTGAACACGTTTTTGTCGTCCCGACTTCATTAGCTAGACGTGACTCTGTAGGCCGGCGACATATACTATGGGCGAAGTACCTGCTCGCCTATACACATACCTCAATCACCCAAGGAGCCATGTCGGTGGTGGAGTCCGAATTGGGTAACAGTAGTATTGCACCGCTGGACCGCTAACCATCGTACACCAAGGGCGCTGATATGGGCACCCACTCTTCATCGTTGTTAACTCCTGATTTGTGAAGACGTACGTTCAAATTGTCAATGAGGCGCTAACGCGAATCACGTGATTTAATAGACTCCGTCTGTGAGTAGAGGGCATACCGAAGGCATCAACGCAGTCTGACTGCCCTCTCGTGCACACCAAGTTCTAAAATTAACCTTGTCGTGACCGGGGCCCGAGCGTTTAAATCAGACTTGCGTGATGCCGCCGCCGCTCTAGGGTGGTCTGACACGAAAGGGTACCTTAATTTTTCGAAACAATCCGTACTACGGTTCTATAATGTGACCCTTGTTTGTGGACTATCTTACCCGATGAGCCAATTAACTTTTAATATGTGCTGTGAGACTAACCAGGGACTGTTCCGGTGCGCCATAGGATCGCAAATGATTCGAGTGTTATTCGGTTAGACTTCTATCTTATGACAAAAAGCCTTCACCCGTCCTCACTCCCGTCGTGAGACGCCATGTTGTAACTGTCAAAGTCTAGCTCGCGCATCGAGTTTCTATCGTCGAATTCACGCCGAGGGCTGTAAACTACGCAGGCTCCTTACAATTATAAGTTCAACCCCCAACTCTCGTTATGGACCAGGCCACGTCACACCCGTTCGGGATGCCCATACGTGACGTTGTGACTTACGAGCCGTCGTGTGATTCGGTCATCATAGATGCCTCGTGTAATCTCCCCCGGCATTTTAAGCATGGCGTCAGATTGGGGATGCCACCTGTTTAGCCATTATCAAATACCCCACGGGGCGAACTGAACATGGTTTATTGCATGCTGAATTGTGCCTCAGCTGCATTGCGCTACGGCCTACAGACGGCATTTTTGCCACATTTCCTAGCGGGGCTGTACTCGTATCCATGAGGAATTGACCCTTCACTTGTGGTTCATCAAGATAGTTTCTGTTGTGAAACCCCTTAAACTGCCCACTCTGGAGCTAAGACGTCTTCCTTGGTGAACCGGTTGTGCACCCCATCCGGAAGGAGGACTTTCGAGGTACACTAGGCGTTTGAAAAGCCCCCTCCCCCGGTCATACTTCGACACTATATGAACGATGTATTTGTTGAGGTTGTAAAACCTCACAAATAACTAAACTTCCTCCTATTGGCGGCGCTCAGGTATTACTCATTAAGCTGAAGTCGTGATACCGTCCCTTCCCACCCCACCTGTGTTACTGCGTCGTAGCCGGCCGCCGAAAGTCCAAACACGATTAGCATACGCTGAACTGCAGCTAGTCGAAGGGTTGCAGCAAACAGATCGTGTTCGTATGGATCTTTAGACGCGATTTTTCCTACAACGGGCCTAAGATCCATCATGTCGGGACAGTAAGATTACCAGAAACCAATGACGCTCTTTGAAGGGGCAGCAAGAGGGTACCAAGCCCCGAGCCCCGATCAGCAAGCCGAAACACTAATTCTATGACATGCACGGTGAAAATAGTGGCCCGATGAGGATAGTTA,1885,49.97,Caenorhabditis elegans
SEQ_506173,TTATCGAAATCTGCAAATAATACCCAACAGAAACATACCCTCGTCAGTGGGAGTAGGATTGCCTGGTGGCTGTCGCTGATCGATAACATTGGTAGATCCTTAAATAAGAGCTGAGAATCTACATAAGTAAGCGCGAACACCCCTCCCTCGTGGGCTCCATAAGGACTAGTACATCCGTCACACGTCTTAACTCGGCGTAAGGATCGATGCCTTAAGGAGAAGCCTTGCAACATAGAAAATCTTCCATAGGGCGCGTCTAGGTAAGTTCGCAGTTGTAATCGAGCAAAGTAATAAAGGGTGGCTGCCGGTCATCTAACCTTGGTAAGCAGTTCTGCGGTCTGGGTGGTGTCTACGGAACGATGTTGAGTCTAACTTTAAGCTTTGACTATCTAACTAATGGAATTACTACTGATCCACATAATGTATGTCCTATCGTGCCTTACTGAAATCATTTGTTTGTGGAATGCTTCGTCGCCGGAACCAAGAATGCTGCTCGATGCGTTAATCTCTGCGTTGACACACGCTTAATTGCGCTCTGAACCGGGGTTTAACGAACAGAGAAATGCGTCCCTAAACACAGATGAATAAGTTCAAATAGCAACAAGCGTCTGCCTCCATCGTTTCCTTCAAGTCTACGGCGGACTTTGCATGGAGGGCCCTAGAGCAGGCGGTCCTACCTAGGAATCGCAGTGATTGCTCACCCTTAAGATGTGCTATAGCCTAACTTACGATCTAAGTACTTCGAGGGGCCATCGGAGGTGTCCTGTCGGCTTCGGAACTCCTTGGACTGCCGACCGTGTAATTAAGCCTACCACATTACTAAGGCTCGCGAAATCTCTCAGCCTGATTAACACGGGTAAAGGCCGAGTGGCGTGAGGGTCCGGCCCGACTGCTCCGGTGAACTAAGGCTACACGTGCAATTCAACTCCTAGCTCTACCACGACCCACTGACCAACTAAGGTCCGCCACCGTCGTGCTATAACGACGAAACCACAAGGAACGGCTTGGTTAGCTGCAGTAGCAACCACTATTATAGGGTCCTGAATTCCGCACAATAAGAGACAGAAGTCGTATGCACATCATGCCCTTAGCTACAGTCGTCTGCAGCTCAAACAGCCAGCATTTGAAAGCTGCTAAGACGGGGAGTGTATCGGCGGTACGCCCCACACGGCCAGTGGTGTTATGCGATTATGCTCTTTCCAGGAACATCGCAATTAACACAATTGAAACCACACCTTCCTATCCATTCATGCGAATCCCCGTATTATACAATCCAATTAGACTGAGCAGGAAGGATGAGTCCCGAATCTCGTTTGTTCATGAACCCGGAAACATTTGACGGAGGTTACTTCATGGCGCAGCAGCACTTCCAGCAACAAGGTTAAAAAAACCTAATCCGCCACATGATGGGAGTCGCGCTTAACTGCACGTACTTTATCCGACCTACCCACCCTGAAGGTCTTCAGGGAGCCCCGCCGCTTGGTTACCAATCAGCGATAACCCGCTGGTAGCGTCGGATCCTATACAAATCGTGGAGCTTAGCTACGTGAATGTAAAAAATAACAACAAGCCCTTATACTGGCGTATTACACGGAATACCCCTACTCTGTGGTATGGGGGTATTGTCGGCAGCTGAGGGAAATTTGTTTGATGTTATCCCATTGTTTGGTAGGAGGGTCACAACCGGGCCGAGCAGACTTCGCATGGGGTCACACTACAGAAGCGAGGCGTCAGTTGTTCAGACACAGTAGGTAAACGACTGTCTGCCCCACATCGTGTGTGCGCCGCCAACGTAAAAGCCCCAGGGGGTTCTGTCCCGATAATAAAGCTGGCGGGGAGGTTTCCAGCACCCTAGCGACTCGCTATAGGGCATCTTTTTAATAGCCATACACCTTCTTTTGGGGCCTGGCCGGAAGTACAGGCGTGTGTCCTGCAGATAGTTCTTTTGACGATCTTCGTGCGGG,1964,49.64,Drosophila melanogaster
SEQ_859621,GTTGCCCGAGGGGAATGTTGCTTTCGCATTGACTTCTCGCACCGCGCCAGTGCTCCTTTTTGAATACTATTCCTTCCTAGCAGCACTATTGTATTGGATTAGACTGGATCTAAGTATTACCTCTCTACGCTACTGCGCAACGTATCTTCCAATAGCCGCTGCGGAAGGCTCGCTAACTCCCCTCACACTCTTCGTAAACCCAAGGGTTCTGTCTTCTAATATTCGTTGAGTGAGCGATACCTTTACCGACTCTGCAAGCGGTCTGTGAGGGCGTACCTCGGAACAATTTCAGATTAGCAGCGCCGAGTGCCACTAGGCTCCTCGCACGTATAGCGTGAGGAGCGCCCGACTACTGTTATAAACCTTGATCACGGAATGGTATATAGCTGGAGCCACGGTGATCGCTTCCCCATCCCGACGAAGAGAAGTCGTTGGCATATGTGACTATAAATCGGTAAGTCTGAGAAAACTACGCTACGACGTTCATCGACGACAGCGGCTACGCAATAAGTGTGGAGGTGATCGTTCGCGCCCCCGACGCTCTTCCCTCGCCCGAGAGTCCCCATTGGACTACGGAGGGGTCATTTAGTTGCGTTGTCTGATTGCGAGCTTTGCATGTATATAACGTTTTCCCTAGGCGGTATTCCACTGAATACCGAA,660,51.06,Mus musculus
SEQ_512096,CCGGTCTCGTTGTGTACAATCGCTTACCAGAAGGCCCGGGGAGCCGGGAGAATCTAAAGTGGTGAGCGGCTTTTAGGAGGGGCTATATGACATATTCAGCGTGTTTGCACTTTCGTTATCATTGTGTGTGACATAGTAGTATCCGGCTGCGGTCCTATTAGGACATCTCTGCCCAGACCATCTCTTAGGCGTTACGGCCAGTAATGCGGGGTATCGCTGCTACCCGCGATTAATTGGCAGACGGCCGCTTATTACACAGCTTTTAGACCTTACACCGAGCTCGCAGTACGCACGATTGATAAAGCGTCATTGTCATAACCATCGACTAGCTCGCAAGTGGCGTTGCTCTGAACCAGCACGTCTATATGTGAACCGCGGTTCTGACTGGAAGAGGCGAGAGTCCAATGCATGCCGTGGTTCGACTCAAGCGTCTGGCACATCGATCCCTCATGTCTCTCTTAAGGGAGGGTTAAGCGATGTACCTAGGATAACATCCCGTTAGCGATTTAACACTGTGCAATGAGATATCAGAAGTTTTACTAGCTGTGTTGTTTGCAAGTCTTCCCCTCGGGGACACAGATCTATTTAAATTTCCGGCCGCCCTGCCGGGAGGGTTCTCAAAAACAGCCACGCTGTGATGCGGGCAGTACGAAACGCAAGTGGGATAAAGCTGGACTTTTTGTTAGAGCACATCTGCCATACACCCGAAAATGACATACAAAGAACTTACGGCCGCTATATTTACTCCATTGATGTCCGCCGAAGAGCTATCGTGGAAACGCCGAGTCGCGCTGGCTAGCACCTGATTACGCCGACCCGCTCCAGACGTATCAGATTTTTTAGCTGCGCCAACCATCAATTACATCGTAAGTAAGCTGAATCGTTCGTGTTATTGTTATTAATAGAATGTTTACAGCCCGTCGCGTGTGATACACAGGAGAAGCTACAGCGTGTAGGACGAAGGCCTCGGCTTGCATCTATTTTGCGCTACAATGAAGTCGCGGTACCAGTGCTGTCGGGCGGCGGGATAGCAGCTGCGTAGATGCCGAAGGCCTGTAGCTCCATGGTCGGGTAGCGACGACCGAAACATATTAGCTTGATAGGAAACAATCATTTTTCAATATTGGGAGGCAATAGAAATCATCTCCACGAGCCACAATGTACATCGCATGCGGCTCAGATTTCCGTTCTAGAGTCTGGAAATTGTCCACATAAGCATCGGCGTGTTCGATTGGCGATCTTTGACTCGGAGCAAGGCCTAAGGCGGTTACAGTAAAAGACCATGCTGGCTCCGCCGTGTCCGTAAAGAGGCGTCTAGTTTATGTCTGGATGAGCGAGAT,1340,50.07,Mus musculus
SEQ_588595,TTAGCTGTCTCGTTTCACAAGTCGTATCCCTGACGTTCGTCAGTAAAAGGCATCCAACGCGCTATAACAGTCACAAGGTCTTGACAGCGAAAACTGATTGACACCTTATAGTCTAATTATCAAGCTTTGTCAGCGTTATACGCAACACGTTTCTGCTGTGATACACTCGAGGTATTTTCATCAAGTGGCTGCTCTCCATATAAGAAAAACTGCGAAAGTACTGAGTCCCCTTCTGCGAATACTATGGGCTCCGCTTTCGCGGGTGAGGTGCTGTACCTCGGAATTCATCTCCAGAACTTGGTCTTGGGCCTAGACTCGTGGGGGGACACAACGGTGGGGAGGAATCGTTTACATTATACAGAATCGACGCACATAAAAAGTGCCATGGATTGGAATATCTTATTCCAGATTCTCCATCAGTTTTACATAACTACACCCACTGCAAAATTTAACTACTCGAAACCAGACGCCGCGCCTAGACTATCTGACGGTCTTCTCCGGTAAAGAATCTATCAACTTTGTCGACGAGATCTGCTGGTCCGCCCGTAGAATTCTTAAGGCTATTCGCCAGCCCTGTTAGATTCAATCGGCCGAATCTATCATTCGGCGTCAATGTTACGAGATAGCTCGCCAGCGAGACGAGTGCCTCTTGGAATATTGGTCATTTCAACACTTCGCGCTAGGGGTGGCCACGGGTTTCTCTGACAAACGGCCGAGAAATTGGCCTGAAGTCTTGATCCTGCTCATGAATTGTTTTGTGCATTGATATGGAAA,774,46.64,Drosophila melanogaster
SEQ_135761,GGTCACATATGATCTCGTAACGACGTAAGGTATGCCAAAGCGCCTCTTATGTCTACTATTCGGTTGGATAGTTAAAGATTCACTACTGAGGGCTAACGTTTCTGGAGCCTTGTAGTGTATGATATCATCAAGCCCTGCGTCACTCGGTACAGGCGTCCACATTGATCTAGTTATATGAGTTGCATCAGGATGATAATCAGGTGGGCTATTGTGCCATGGAGCTTTTAGCCGCCTGGGTGCCCATGGGCAACTCTTACGCTCAGATCATGGATAGGGTTTAGGAAGCCGCGTCCTAGAGCTCACACACTCCTCGTGGCGTAAGCGAAGGCCGTATATATTAGAGACACTCACATCATGGATACATGTCATACGTTGGGGGAGGGTTACGTTGCCCAATTTTTGCTTGAGTTTGCATCTTTCCCTCTATGTGACCGAAGCTTTTGACTGCCTTCGGGAGGGCTGGTGCTCATTACGCCGAATGTTAATTGAATTCGGCAGTGCAATCACAAATTTCCTTGCGATAGTGCCTAGCTAAACAGTGCGCGAGCTTGGTTGTGCAATAGAATGTGGTTTTTGCATTGTCAGGAGGGTCGGACTGCTGGTGATATCAGTCATGGACCATTTTTCCTGCCGCCGTCACCAGATGACTTTGCAAACGATTAGACACGCCCGCGTCATAGTCTTGCAATATGTGCGGTCGCAAGGTCGTGTCATCAGTACTTGGGCCTCCGTGTGGCACACTCTACGGCTCCGTGTAGGTACAGGACAACTGCGCGAACTAAGATCTCGCTTGTCGCAGGCATATAATGACGATAGACGGTATGTTAACTGTTGTTATGGCGCGCACATTGCTTATTTGACACCACTTTTTCGAGGGGGTTTTGAGTCGTTCGCCCCTGCAGAGTCCTAGGTGACCTAGACACCTGCGGTGAGGTTCTCGCTCAGCGCTTACACTAATCGGAACGACAAGGACTTGGGAGCTCTTATATTGCAACTCGGGAGCAAGCTATTTCGAGATCACCGACAACGCGAATTGTCGGCGAGAAAATTCCGCTTTGCGAGCACGCTCCATAGGCCCTAACGACAATACTGAAAATATTAGAGTCCCGGTTACCCGACGACCCCATTTCTCATTTTGGAGTGCATAAGGTCTCGGTAACAGACACGATTGCTTTATGTGTTTTCCGAGATCTTTCTAGACTGCCCATCAAGTGGTCACGGCGAGACCCCCACCGAAATGAACCCCCCGTAGACTAGCCAAACACGTTAAAACCCCCCCAGGCATTCTGATTCTCAGCTCACAGTCCCACGATCCTATTCCAAGGAGCAGGATGATGAAACACATTAGCCCCGGACTACCTCCTCTAATCGAGCCCGGAGACAATTCGCCGTTTTGGCCACCCACTATCTGTATTTTACCGGAGGGAGGCTAACTGGCTTATGAGGCAAA,1450,49.79,Caenorhabditis elegans
SEQ_896105,TGATCAGGGTTCCATATGTTAGCTATGACTCTCGAGATATTTACCCGAGCTGAGGCTCGTGTAAGCCCCCCCGACGGGGGGTCGCCAGCCACCGGCCTCCCATTCTGACGTCCTTGAGTTCCGTGATATTATAAA,135,54.07,Homo sapiens
SEQ_663076,TGGGCGCTCCAACTACACAGTGTAGGCCAACGGAGCAGCGGGCCAATGTCTTGAATTATCATTATTTGCACTGAAAAGCTAATCTAAATAGTCATACATGTCTTTTTCCCGAATTCGTGCTTTACGCGTGGCTCATCTCGGTAGTTTGTGGAATAGACACGGTCAATAGCAGCCGGGATCTGGCTACCTAACGTCGCGGCGCCTTGAAGGACGCGCGCAACCAGTCGGTGACAACCCTAGTTTACGCTCCGAGGCCCCGCGATAGCGAGACTGATGCTTGTAAGTACTAAGGGCATTCTTGGACCGTGTGCCGTGAGCGAGACATCTGTCCCTACTCGAAGAGAGGGGGGAGACAGTCCGCGAGACTCACGGCCGCTGTCACCTGTGATCGCGACCGTAGATTTCTGAGTGACAACGGCAACTTGTATACACTTGTCACTGGTAGTAGTGTCGGGTGGAGTTAAACTTCCTCTGATTGACCTTGACCAGAAGCTTTGAAAACTGTGACCAACACGCAGCGCAGCGCAGACTCGGAACTTC,540,52.59,Arabidopsis thaliana
SEQ_400929,TGTACATTACGAATGATGACTCCGTCTCCGTGTGCACGACTGTTTTAAGGGTTGTTCGACTATACGATCGACTCTCACGCATCCCATTTTCTAGCACTTCATTCATTCCAAACCTCTCGATAGTGCACGATTGTCTCCACTCTAGTCCTTACTGAGCGGAATATTCGCTTGCGCCGCGGCGAGTGTACGACATCTCTCTTGAAGCGGCGATATCCAACCCACTACCCTACCCATGCGTAATATGGATCACTATCCGAGCAGTAGGGGACGTACGGGAATCCAGGCCGTTGTACACCTGACCATACTTTGTTAGTGGTGCAGGATGGAAATACACAGAGGCCAGGGTAATTATGAACTGCACAATCGGCTAATCGGATCGTATGAACATATTCTACTCTTTACATTCCCTGCCTTTTAGTTACTGCAATAGGCCCCGCTGGATTGGGCCAGCAAGCCTCTACTGACCGTTTGCGGATGACGACTCTCAATATAAGCGGGTCAGTCTATGCCGTTCTTAAAGGCCGTCCCCGCACTGTTAGGCGAATAGTACGGTCACTTGGGGAAACATATCGGTTCCGTCTCAGGCGACAATCGAAAACTGAGGAGAAATCACACAAACGTCTAGATACGCTCTCGACCATACCTTTACTCAGCCCGGGTGGACTTTCCCCCGATCAGGATAAACACTTGAACTTAAATTCGACGCTCCTATCTTATGTGTTAGCTTGAACCGAGTCAAGAAAAATGATCATCGCCCATTTGCGAACAAAGTAGTCTCGAGTTATTAGTACCTGCCCCTGCGTGCCTTGACCGAATATAAAAGGTATAGGTAAGATATTCCCCCTCGTGCGACTATACCTAGAACCAGCCGAACACCATGACTAGTTAGTCTGTAGGAGAAACAACTGCTCATTTGGCCCACCGGGGTACGCAGCATAGTGCGTACGGGTCCAAGGCCCAAATGCCCTTATACGCGCGGCGGCGTCGAAATTCACTACACGTAAAATCGGAGCCCAATGGCTACCACAGTGCCTCGTAATTAAGTCTGATTTTTGGAGCGGATCGATGCAGGAGGTGGGAAACTGCCCCCGGTCACTTGATTTGAGGGTCGCGCCCTAATTATCTGACGATTTCGGACGTACGTGGTGCGAGTTAGGCTCAGCGTCAGATTATGCAGAGTGCTACTTTGTAGGGAGACCGCGGAATCGATCAGACGCTTCATCCCTGTTGCATGCTTGTGTGTATTGCTTCCTTTGATTGGGAGAGTAATATGCTTCTTTTGATCTCCTTCAGTCGTGGTGGATAGGACCTGTTCAAGTTAGTGGGAACTACTCCATTATGCAAGAAGTCAGAAAGATAAGAACCGTCTTACCGGTGGGAGGCTGCTGCACGGAAGGGCAGCCTAGAGAAATATCGATGAGTCGGTGAGCAAGTGGACACCCAGCAGTCCAGAATCACCGGAGCACCGACGCACCAGTAAGCCGCGGGCGGTGAATCGTCAGTCAAGCTGTGTGGAGCCTGTACCCTCCGATTATGGGATCCGCTATAGTAGAGGCGCCCATGGGTCATTCACGAAATAGTCACCCCACCTCCTGCAGCTAGTAGGAGCCGCAAAGTCAGTGTGTGTGCACGAACCGCTTTAAACCCAATTCCTTACGGACCTCCTGCACATCGTTTTGGGTATGGTGATAGCCAGTTGCGCTCCTCCGCATGACGTTACACCACTTCGCGCAGAATTGTGTTGGTGCGACGTAGCTACTGGGTAGTCCACAACTCAACTCGGTTTAGGAGCGTGACTTGGCATTGTTCTTGTAGACAATGAAACGCTTTCTGTGCTCTTAACCGACCGATCCGTGTCCGCCAAGCGTTATTGTCCGACGTCTGTC,1886,50.48,Arabidopsis thaliana
SEQ_478776,ACGCTCTCACCTGCGTCTGACGACGCGCAGCGGACTTAGAAGATGAAAAGATCCACCTCAAGCTGCAAAGTCGACTCTACATATCGTGTCCCCGAACGAACTAGTCGCACTAGGAACGGACTCTATGTCTGTCGGAGACACCGTATACCTTCCTCGTCGAATTTAACCGCTTCCAACGTTAGCGAAAAGGCCGGCCGTCGCTAAAGATCTAGTAAACCGCAGACCAAAAGGGGGCCATCGCGGACCTCGGGAGATCTCCATTAGATAACCAATTTGCAAGTACCTTAAAGTACAATACTATAAAGGTAGTCGACGGGGCGAGGCTACCCTGAGCGTCGCAACGTTTAGAGAGACCACGCTACAGTGGACATGCATCAGGGAGTTCGCTGGGAGTAATCCCTAGTTTTGAACGCGAATATGCTAGTGCGGTAGAAAGAATTATTAGTCCGTCTGGAGCTTGCCGTTCTGAGCACTATTGGAGTTGACCCAGTCAATCCGTAAAGACACCCGGCCCCTAGTATATGTTATTTATTACACATTACTTGCTAGCGCAAATTAAGAACGCGGGGTACACTACACACGTGAAGGACGCTTCCTCGGCCGGTGAGTGGGAAATCTTACCCCGAACAGTCCTAGTATGAAGACGCTGCAGCGATCAGACGCGCATTGACAGCTAGAAGGTTTTCTTTGCCAAGAGCTCGCTCCAGAGCTATGGGACAAGCCCTCTGGTATGGTCACTCCGTGTTGGCGTCCACAACAGTATTCCCAAATAGCAAGTATCCACCAACAGGTGTGAGAAGTTACTCTTGACGAATACCCACGCCTCATGTTACGGGACCTTCAACCCCGACACATTCGACTGTACGACTGTAATAAGGCTTGCTGCACTAGGTCTTAAACATCTAGTTGTAGTGCTACGTGCCGGTTAGTATAGAGACCTTGAGGGTAATGAATCGCTCAGGCGATTTTATAGGTCAATCCTGTTGAGATGGCACATGCGA,1001,49.75,Arabidopsis thaliana
SEQ_674807,AGAAGCTTTGTTCGATCAACTAATCACGGTCTTACTGACTCAACCGACGCAGTCTGACTCGTCATATATTCCGCAAGCAAGCTGCAGAGGGGATGATCATCGTGTGGTGTTCTAGACGCTCAGAGTGGATACCTCTTCGGTTACGGTATATCGGTGTACGACACGCTACCTACAACCTAGGACTTCATGGAGTCAGCCGGGGAAGGAAAAAGTTCAAAGATGACGTCGTCCGTGCGCCAGTCCCTTCGGCTGAAGACACACGTTATTTGAGACGCGTCATGGGGGTCCTAGCATATGAGTGGAACACCGCAGATGATTAATCCCTGAGGCCGACAGGCCGCAATCATGCTTTAAACTCTGTCCTTAGGGGTTCATGTCGCGGGAAGATTAAGCACAGAGAGCCGGCGGTGAACATCTCAAGCGCCGAATGAGTACCCGGGGACGAGATTAAGGGAGAAGTGTATTTTGATCCTCTCGTC,479,51.36,Saccharomyces cerevisiae
SEQ_348678,TCTACGCTCCGCCGAACTACAACGGCACCTTGCCAGGGCCGGAGGCTATGCGTGCAACGCACTCGTGTCTACTCCGGTGATCGCGGCACGTAGCATAAATCTCGGTGCTCTCCCCGCTGCCTTGACGACCTATGAGAGCAAAGGATTCTCGGGCGAGCTGCTCCTGGAACAGTTTCGGGGTGCGCAAGGTGTAAAAGGTGTAACTATCTATAACGCCGCCCCAGTCGTACTCACCCTTAAATCTGGGCGCATGTGGTAGCGGCGATTTATTATGAATAGAGACGATATACTGCAGCTAGTTTACGTACATGCGGCTCATCGGAGAGAATGCGCACGCCAATGCCCCCTGGCGACGCAGGGTAAAGCGAAAAGCGTTGGGTGTCTTGTGGGGCCACTGACACCCGCAGATCCTGACCATCTGCGCGTTCGGTGTGGAGCCACGCATCTGGCGGTCTGGCAAAATGCTACTAGTCCCAAGTCGCGAAGAGTGAGCATTGTGGGTAGGTACTCGCGACATACTGACTTTTCATACCGTAGAGAGAATACACACGTTCCACCAAAACACACTGACGGTGTTTCACGCCAGCCTAAGCGCGGGTTTCCACACGCACCCCGCCTTCGCTAGGGTAGACATTGGTGCTCAAAACAAGCAGAGCGGCTCGTCTTATCGTTGAAACCGGACATTGTGCCGTAGACATCATAAGTTGCGCCCACAACGTGTAACCATTAACGAAAAAATATCACGGATCCCTTGGACTACCTATATGGCCACTGGCCGATCGGCTCGCATCTCCAGTGGTGGGGAACACCGAGGATGCCCAATCGGGTCAATCTACCCGCAGAATTCCGTTTCGGAAATTATGCGTACCAGAGCGCGCTTGCACCATCAATTTGAGTTCCTATGTCGATCTTGAAAACCGTAGTAAGCGATTTATGACGCCCGACAGGTTGTTTCTTTTTGGAGTGTTTCGAGATGAGAAGCGCACTCAGCCGCTGTCCTTCCGTGCACTACCAAGACCGTCGGGTAAGTTAGCCCGTTCATCCGTCCTTGTTCGGGTGACGTTATAAGACAGGCATCCTAATGCAGCAACGCTGCAGCGAAGAGCTGCAGTTAATCGATAGCAGTCGGATCTTTAGTAGAGGCCTAATTTTGAAGTACGGTCCCCTGCTTTGGCACTGTAATAGGCGGCTCCTCCGGGAGGATACCAGCTTACACACCTAACGTCTCCCGATGGGAACGGTCTCATAAGTAACAGAGCTACGTCTCGAACGCTACCCCAGCGTAGCGGCTTGGCATAGCTTTTTTGATTGACTTTCCCATAAGCTATAACGCTGCGTGTGTCCCAGGATCGTTCTGGACTGGTAGCTGTGGAACGCGAACACCCTTCATTCCTTCATCGGTCTTTACCGGCTAGTCTCGATCGGTGAGCTTATAACATGCCAAAGCCCAATGTGACGTACAAACGACAATATATGGCAAGGATTACTGATGAGGCTTGACCTGCGTAGTCCCCCCAGTCTAAGTGTGGTCTGCCGAGTACGAGGAATACTCCTGCTGTCTTGTGGCGAGGTGATCGATGCATAGGCGGAGTGGGAATAGGGGCTCATGTGTATCGCAAATGCG,1624,52.96,Caenorhabditis elegans
SEQ_284245,ACTGCTGCGCTCACGCGCTTTTGTGCAAGGGGCGGATTTGTACAACCTATTGCCAAGAAGCGCTAAATGGACCGCACGTTTTTTTGTCACTAGTGCCACGTAACTGGATAAACGCACTTACTCCGACCTGAACATGTTGCCGGCGGTCGTAAGGGAAGTAAATGCCTGCTCAGTGCTATAGCAACAGTGTTAGGTGAGGTACAACCTGTAAGTTGGGCAATGCGGTGCGAACGCAACTACTCGAGAGGATGGAGAGAGGATGAACCGGAATCTGTAACCGCGATGGTCGTACAGATACCTTTATCAGATGAGTTTGTGTAAATTCGCCATCTATACAATATCGCACCGTTTCAGACTTTTTAACATCTTGAGCGTACGAATGCGAGGATGGGGCCAAGAAACAGAGTATTACAGTTAAATTATTCTAGTGGGGACTTTCGCGTATATGATGAAGCACTGGTGAGGAGGCGCTAGCGATCAACCTCTTCAACACAGTACCACCTTGAAGTCGCGGTCGCTCGCTACCCGGGGTTAAAGAGTTGCCCTGGTGTGACAAGACGTCTCGAACTCTACGCATTTTCCAATTCCTCTACGTCATTGAGGAGTAATAGCTCTGGTGAATTCCCGTCCGCACGGGCCAAATGACGGGAGTGGACTAAGGCAGAAAGCCTCAATAAGGGTCTTGTCGTTAAGTAGCGGACCCGACGGTCTACGGCTGCCTACTCATAGAACGAATAACCCTTGGCAGTCTGTCACTTCACGACGCCCTTTGAGCTACTTCTGCCGGACCGTATTATCCGTTCAATACAAACGCTCCATCTGGAGGGCTAACATTTACCCGTGCAATTTAACGGCTAGAGTGCGATCACCATTGTGTCACGAGTGTTGACGCGAATGAAGGGCTACAGTCAGATGTCCTCTAATCACCGGCCGAACGTGCACAATCCAAAATTCTGAACAAAGACGACAGGCAACCTCGCACGAGTCTCACCACGATCGATGATAAAAAAACTGAAAAAGACGGGCAAGGCTGTGACGTCACAACATTCCTATCGGATGCTCATCTGAAAGAACCGATTATAGGTGCCCAGGGTTGAGGCGCCAACTTCAGCCGCTCGGTTGTTGTAATA,1130,49.38,Saccharomyces cerevisiae
SEQ_883761,TGTGCAATAGCGTCATGCAGTAGAGGCCCAGCTTACTTGCCCGATACGGCTGGTTCCAGAGATAGGGAACGGAGAAGCGTCCTTGCTTTTAACACGTCCAAAAGCAAGTAGATTGAATTCGAAAGAAACATGAGAGGTTTCGTCAATGCAGTGATTATAATAGGCTGCGCACGACAATGACCCCGATACGACCAAAGTGTTATTGTATTTGGGTTTTTTCTCATTAACGCCGGAGCTGTCGTGAACATTGTCCTCGGCTCAGTGAAAGGGGACCGGCGCAAAATAGTAGCCTCCTACTTCTATTCCAAGCATCAGAGTTACGAACCCATGTGAAAAGACTGCGCTCCGTGATAATATAGGGTATCTTCCAATGCAGACACGAATTTAGGGAATTGATATTTGCAGTCCTCGCCTAGAGGAGCGAATCTACAAACTCGGAGGTTCAAGTGTCTCCAGAGCTCATAGTTAATCTAAAATGCAGGGACACGCACTAAACAGTGCTAAGTCAACGTGGGGGTCCCACGTCATTTGCTTATAGCGCGGCCCTCGCCATCTCGATGCATGTGACACATCATGAAGACGCCACGCGATACGCGTACCCAGGCTGCACCAGGAGAGTGCACAAGCCGGCAATTCATGCTAATAGGTCAGCCATAGATCTTATCTATTTGACGAGACCACCACTTATACACTGGCGCAACAACCGCTCGTTCTCTATCGTCAGGCTGTTGATGCAAGCCTACAGGTAGAATGTTGGGCTTGGGTATTTGACGACGGAAACTGGAATGTATATATGCACCCACGTTGCCCAGTCGGTTGATCCAAATGAAGTACGCCTGGGAAGA,845,48.4,Homo sapiens
SEQ_929531,AGCGCCTCAGGCGTATCCCAGGTCGTCAGACGATGTAAAGTTACATACTGACACTCTACAGGGTCCGCCTACCCCTTAATGTCAGAGGATACATCTGGCGTCCTTTCAATTGGTCACCAGACTGGCCCCCCAGTCTAAACGAGAATAGTTTAAGCGGGCGCCCTTGCGAGTCCCCTGATACCCATATTCTTGTTGGGAGATGCACGCCATTGAGGTTTTATGCCGATACGTCACGTGCATATCTTGGCAGCTAGGTAGTCGTGGATACAGAGAAATATTGAGCTTCTTCGCTTGATTGGGGATGCCCACTTGGTTGTGGCATCCCCTAGGCGGTCCTCGCTTCAGCTCCACCCATTTAACGTCTGTCTACCCATGCCCAAGCTCAGCGGTCCTGCCGGATAATAAAAGTCTAGCACTAACCTTCCCCGTGACGCGAAATTCGATCATTTTGATATAGCCTGGGTATCTACTAATACGACAAAATTATCAACCGGGTGAGATACTTAATAACCTGCAGGTAACGGCAAAGTACCGCTTCCAATCCCGGTCGTACGGTTCAAACCTCTATATCCCAAGTCAACAGTGGCCGTTCGAATTTACTTTCTCAGTTAGTCGTTCTCACCTCAGAGATTTCGTGTAACATTGGTCTGAAGGCTTATGGTGTTCACAAACTACAATGTGACAGCGATCCTCACGTCCCCATTTCGCGATAACAACCGTTAGTGCCAACGTGTTGGATTTTAAACCTATACCAAGGCCTAGGAGACATAAACTCTTAGCAAGGAGTAAATCAAGGGTCATAGCATAAGGGAGTGTAAGCAGTACGTGGTCCTTGCCCCAGAACAAACTACGCCCATTTTTTAAAAGACGCTTGATAAACGTCCTGGCTTGGATCGTAATCCAGGACTCCGGTAGCTGTAATGGCCACTGACTTCGCGCGGGATCCGCGCGAAGCTTAAGAGACCCACTAACTTTGCCTACCCCACTATGTTATTGACTAGAGATCAGAACAGAGCTTGATCTATGGAAGCCAACACACCTAATAAAGGCAGGTCGGATGTCACTGGACCAGTTTCTGCGCCTAGTGTGGCGCTAACACCTTTAAGAGAACGTATACAGGGCGAAAAGTATAGAATCTTTAAACAACATAGGATCTCCTACGATAGTTCCTAGGCGCCTAAGCATGCCAAGATTCAACGATTATTGGTGCCTGTAGTGAAGGGTATGTGTCATTGGTTTCCTATGTTAGCCTGGCGTGGGAGCGCTAACCGTTTACAAAGAGTAAATATATCAACCCGCAGACTCTTATAAACTCACCCTCTCATCAGAGCGAAGCCTGAACGCGCAGTAAGATTGGTTTGACCATCACGTATGGCCTCACTCTAGGGGCAAAACCCCGCCTCTCACGCCAGTTTCCAAGGGAGTTGGGCCACCTTCCTTTGACGTATACTTGGTCTCAGGCCAGCCCGCGCGCAAGTCTCGGCAAGTTCCCCGCACCTTCAGGACCTTATAACTAACCACTCGATAGGTACTAAGTTATCGTGGCTAATAACTCCGCTTGACAACATATGTATTGAACACACCGAACTCTTCATATCGCAAAACTCTCTGACATCGATCCCAGCTAGAGACCTCTTAAGG,1641,48.32,Drosophila melanogaster
SEQ_815893,AGCCAGAACTATGTTGGAGACCCGGATAGCGTGCAGCTACGATACAACTGCTTGTAAAAGATGGCCGCCACGACAGGACTAAAAAATGTTCTTCTAAGCCGGTATTACGGTGCCCTAATGGCCGGTCGAGGAATCACGAACGTTGTCTTTCTCTCGAATGAGTTCCGGACGTAGGATGTTGGATGATGCTCATGCCTACCGTCGGTTTGGTATGCTGTTCTCGGTCTACAAGTATGTGGTCCTCATTACGTCCAAAACTTAATTGCGGAATCTCCAACCATAAGGATGGTTAGCCGTGGGACTTAACCTAATTGCGCCTGTCACGTGGAATGTTTCGACACTAGATCGAACTACGATGTTTACATAAAGGTCTCGACGCGTCTTCGCGAATATAATTGGCGGGATAGTAGCATAGACTAGACGGCGCCTGTCAAATCCAGTGTGAAAAGACAAGGGAGAACCTCTGAGAACCACGTAGTATGATGAGTAGCCTAGGATACACATCGGACACTGGCCGTATGCACTAATTCAGTAACCATTGACACTACAATATATTGGTGATCGAAGTAGGTGTGTTGGATAGGAGGGCACTATAGGGATATC,603,47.1,Mus musculus
SEQ_456459,TACGCCAAATTATTCTAATGGACATCGCGCTACATCTTCAGTGCGCAAGTCAACAAGAAGACAACCGTAATTACTTGTTGGTCTAATGTTGACCGGGGCGTGAGAAAAACTAAATCAGCTGCGGGTTGACGGAGCAGTATGGACACCCCTGATTTAGTCTACCGGGCAACGCGTCTCCTGTTTATAAGCGTAGCGCAACGAATTCGCTTGTTGCAAGTGTAAGCAGATGGTACGACTTTAAAAGATCAGTAGGGTCCTCCCGAAGAGTGTTGGAACAATGGAAAAACGTGGGCTGTGTATAAATAGCGGCACGAGGACGTCGGAGGTGTTCTACACTCATCTGGTTGCAATATAGAGCGGGAGCGAGACAAACGGGTCCCGGC,383,48.83,Mus musculus
SEQ_912061,ACGCGTTGTATGGATCGCGGACAGAAGCTGATTAGGCCATGCAAGACCGGTGTATGCCTGGAAGACGGGAATCGCACACCCAGAGGCTCGGTCTTGAGTTGCCTTAGCAGATCAGTCTCTACAGGACGCCCACTGGTTTTTATGAAAGAAGAGTAGGTCAGGTTTGTTTAACTAGATAATACTCACCATACCTTGCTGGGCAATAACCCGTCTAGCTGAATGGCGATCTATGCTTTCACATTCAATCGAATACACCGCTCCGAGCCCGGGCCTGCTGTGGGGCTCTGAGGGGTTGCCTGGGCTTGCTGTCCCTTTATGTGAGGTTGGTGCGGAGGGAATCGCATTACCCGCGCCCCCTTAATCCTGCTGGACTAGATGGATGGGTGCAGGCGTCGGCGTGCTGTGAGTCGTCGGAACATAAAACGATTATGCCATACCAACACAAATACGGGACAACGTGACCAAACGCAATGTAACCAGCATAATACTAACCAGACCAGGGCCCCTTTCCGCTGGCATCTGCTCAGCGAGAGATTCAGAAAGGATAGTAGATGACCCAAGGTCAAAAACGTTTAAGGGCAATTGACTCTAGCAGACAAAACGCACCTCGCAGTCTTCAGTTAATGACTAGCTCCGATCCCGAAATTGCGAACGGTTTCCGTCATGGGTCACTACACCAATGTAAGCGCTGCCAACATTGCCCGGCGTAGGCGAGAGCGTGCAAGGCGTCAATAATAACAGCCGAGCTAGCGACGATTAGATGACTACGTTTATTATCGAAGGCGAACAGAATTTAGAGCGACGAGAGGCCTTGAGGCTCGTCATAACGTATCCATTTTTGGCGCCCAAACCTTATGAATCCACGTGAGGTTAGAGTAAAATGTTCATTTCCATGTATGGCTCCTAAGCATGAAGATTCAAGTGCAGACGAAAGATGATCTCTCAGTACGGAGATAACCGCTTCTGCTAGACCTAAACTCTGACGCCATGAAACCGACCTAAAATTATAGACCCCCTCATGGATCGAACACTGTGCACTTGATAATCTTGTATTGGGTCTGTGGCAGCGGGTGCAATACGTCTACAAGATTCTTCCTTAGAGTGTCGAAACGAAATTCAAGTGATTGTGAGACCAGTATCCACGGACCCACGTGTAGTGCGGCAGAAGAATTAAGCACCATGTTGACATTTATAAATCGGTGGTGCAATACCCAAGGCGCGCTATAACTACGGCGGGCTGGATAAAGCTTATAGCTTTCGCTCATCCTAGCTCGACCCGTATAAGACGCGCGGTTCGCGTTCTTCAACATCTCAAATACGTATTGGTACACAGTCTATGTTTTGTCGCTAGGGAGGGTAAGACAACCGGTCGGGACATGTCCATCGGCGTCCCGCCCCACCAGATTACGCGGTGACTCACAACATTGTCACCTCGCAGTAGGCCTGAGCGCCTGGTAAGTCATTGTAGTAACTGATCTAGTCCCCTCAGCGGGGGATGACAATGGGACTCCCTAGCAAAGTCAAAGCGAAACACCACGCCGCGGTTATTATATTCTTGGTAGGCCAATGATACAAAATCATCTTCTCAACTATCGTGCTGCCATCTAACCCGCTCTATTCTATCGAAAGCCGGTCGCTAA,1640,49.7,Homo sapiens
SEQ_746818,TAAAACCGGGAGTCTAATGGGGGTACCTCAGCTTCATCACGTCTTACACAACTTAAAAAGCCGCGATCCACTGGTTAGTTAGATTGTGGTATTGAGTGACTCACGCTCTGACCGCTACACCGACAATGGGAGGACGTGATGGGATTGATGACGCTCCTGAATGGACAACCCTGTCAAGAGCGTCGTATCGGACACGTCAATACCGGTGACGCTACCTATGATTATAGCCCTAATTCATTTTGTTGCGAGTAACATTCTATGATCGGATCTATTACGGACCGCAAATTAGAGCATGCCTAACTGGCGGAGGAAGCCGAGGAACATATCAGGGTAGGGTCTTCGATTGTTATAGCACTATGAGGTACTACGGCCTGCGGAT,379,48.28,Mus musculus
SEQ_597775,TTGCCGCTAGGATGTATCCTACTGAATCAGTCTCACCATTTGAGATCCTAATGACACACTCTACAGCAACGCACCCCCTATCATGTGGTATTCTGCAGCTGGGATTAGAAGTGCTAGCGTCACCACCTTGACGTCAAGGAACTGCCTCTTCACTTCAATGATTTTTAGTACACGCTTAAAACAATGCGGCCCTCAACGCCAGCTTCCGTATTGACATTAAGCTAAGGCGTCCTTATGTACTCATCGCGAGTGGGGGCCGGGACGTATGGGGACGGGATGCGCAACCCATATCTACGCGCGGAATAGTATTGGATGCCGCCTGTCGGCTGATATCGTCGAACGTGTAGAGCAGGTGTTTGGGACCAGACCGTAGGCAAATCTGTATAGTCATTCATCCCCCGTGGTGAAATCCCGTATCCGTAGAGCAAAACGTTTCGACAAACAAACACAAATTACACATTGCCTGTTATTGTGGCGGGGTGTTGCTGATTCTCTAGTCAAATACCGAGGTCGAGGGGTTTGATGTCATGCAGTTGACCTGGATGATGGGGACTTCTAGCGACACCCGAGCGTCACGCGAAAAGTAGGAGCTGCCGAAAGGTAGTATGATATATAAGCGTCGTGGGTACGTAAACTCGCGTGTCGTGGCAGTTTATGGCCCGAGTTCCACGGGTACGCTTCGGAGTCTCGAGAACTAGCAGGACATCTAAATTATCTACTATGGATCCCCAGGTCTGATCTATGTAAGGAACAGCCGCCCATACATCTAGGATTACTGGCATTTCCTTTTGAAATGGTGATGCATTTGCAGTATAAATAGGACCGGGTCCTCTGAGCACTTAACTCTGATCACGAACTAGTACTCGCTCAGCCCCCTTTCCCATTCGATTGGTTCGAGGGATGTTGAAGAAAGTAATTCACACTCGGAGCAGGGCTTGGGCGTAGTGGGGGGCATTAGTGAACTTAACCTTACGGGTATCCAGTAACACCATGTGCAATGTCTCCACTGCCATTAGGACGATAATGATGAGTTTTAACGAGGGGATTAGTAACGATTGCCCCTCAATAGGGGTCCACATCAAGATACTATATGCCACCTCATGAGCACACGCACACCCCCGTCCTTGCCCCCACGAGAGCTATATTCCCCATAGGTCGTTATATCCTACCCGGAGTAAAAAGTCGACAGTACGCGTAGCAACATGGTATAGTGTACGTATAAACGATCTCAATAAGTTTCGTTAAGGATAACCAAGTGGCTAGATATGCGCCTGGTTATACCGTCCTGTGCGTATCGAGGAACCAAACTACTAGAGATGTCATACCTC,1328,48.72,Mus musculus
SEQ_195308,GTGTTCGTTAACCGTGAGCTCCCAGAGGGATAGCGGTACGTATCAAATAAGGAAGATCTAGGAGCACGGGCGCGAGGCGTCCCAAGCGTCAGCACGAGTGGCGGCACGTGTTACTGAAGCTTTGTACTAAGTGCGGCACTTATCTTGACCCTATTCGTATGCTGACATTTACAACGGTGTGACCAGTGACTGGTTCCCATTTATTTGACTAGGCCCACCGATTTGAACGTACGACCCTCAAGGTACTACAGACTGCGATGGCGCCAGCTGTAGACGCATGATTTATACGTCATGGTCGCCTGATTGGAAGATTGTGATGTGTAGCGCTCATCCATTCGCATCGATACTTCATAGTGCCTTCCTGGAAACTTCGTTAGCTTCGGCTTTGTGCTCTTCGGACAAAAGGCGTCCTGTTATGTTAGGAGAACAAGCACCGTTACCCACGTTGAGGGTCGATCCATCACAGCGGACCATGAATACGGGCAGCGGCTTAAGCCGTCTCATACACTTTTGAAAGCGTCGTCTAAGGATCGGATCAACTCACGATCTGCTTATTTAGCTCCGTGGTAACCATTCGTACCAAAAACGCTATGTAGTAACGAGTATTGATAACCCAGATTGAGCTCGCCTCCATACGCAAGGTCTATCGGAATGCGTACCGATAGTCGAAGGAACCTACCCAACGTCCGTTTCCGAAGCGATAGACAACATGTGAGCCTTACTCTGGGGAATAAGCGGCCGCGCTAGCGGAAGGTCAATCACTCCCCTTGAGAGCTACCGGGGTTAGCTCGCGGAAAGAACGGCCACACTACCGACGACACGAAAAACTGAATGAAGATAGTGGTCCGCTACCTACGTCTAGTTAGAATGTCACAGGACATCTCCGGTCGCAGTACCGATTCTATCCGCTTCCGTTGGTACGCACGACAAAGACGATATTCGCTTTAGTGGCAAGACGTAATAGCCCAGAGAGCTTCCCAGGCACATTCTCGACAACGGATACGCAGCTGAAATTTATCTTTCGCGCACAGAGGGTCAACACCCGTTGTTTTCAGAGTTAGATTGTTAGACATGCTTAAGTAAACCATGAAGGCGCAGGCGTCCAGCGGTCTTCATGCATAATAGCCCTCGAAAATGAATCGCATACCGTAGGATTTTATCACAAAGTCGTCTTCGCGGCACGTTGCATTGATTGCTACAGTGCATGCCAAGCTACCTCGTGCAGGACCCCGTACAATGAGTTGTACTAAGGAAACTGGCCTAGACCATACAGGACCAGATCGGTATAACGAGGTTGCCGGCGACCTAACTTGGCCGAGATTGCATAAATTAGGCGAGTGTAGGGGTGCACAAGTCTCGTACCCTTCTGAACGGAAGAATTGAAAGATGGAAGGGGACTGAATTAGTCTTGAGACGTACAAGAACGTGCGGCGCGTAGCAGTCCCTTGAACGATCTCTGTCAGATTGGTGCTCAGGATTATTCCGGCAAGCGAGTACCATCCTGACTGGA,1510,50.2,Saccharomyces cerevisiae
SEQ_678951,ATAGGCTTGCAGGTATATGACTGTTAAGGTTAACATATTTGCAAGATGCTACCAACTGTGGGTTACGAACTGTGAGACGTTATGTTTCACTGGCTTCGTGGATGGCGGCGTCCTTTCACTAGGAGTTGCCGAAGGTGGTCGAGGACAGCCCGTGCTGTCCCGCCCACCGACAGGGTGCTTCTATATGGTCAATACTTTTGTCATCTTTTGAGAGAATTAAGTCGCTTAGTTAGAAGGCTATCGGCGAACCGAGTATGTTTTCATTATCCATAGCGACGGTCCTTCGAAATGCGAAAGCGACAAAAGTTCTCTCTGGCTTCTTTTAGTTCCCGCATACAGTCCTTAAACGCACTGAACTGTAGCATCCGGAGTGGTCCTGTGATTCACTTCGATTACAGAGGTGGTCCACAACGCATGGTCGTGGACGGCGACAATCGGACGTGAACTTGGCGGGCCGACTGACGTCACCGAGGTAGTATTTGGCGAAGTCTCACGCTTCAACTCTTTAAATCTTGCACGATACGGGCGTGAACCATTATAAAGGGCAAGATGATAGACTCTGGTAACAAGTGCTCTTCCACTATTTTTTGCATGAATTGTCTTCCGTCCTATCCACTATCAGAATCAGTGTCCACCCCTCAGATCCGCCGCTCTTGCTAATTTATGCGACGTGAGCACACACGGCTCCTCACATCATCTCCATCCCGGAGCAAGGACGGAGTCAGCCGATCGATGTTCGTCTGGCTTCAGGAGCCTGTAACTTTCCACGCGCGAGAACGGTACGCATCCCTCGTCATAGGGTTAACGAAGAAGGCTAATTGCCCGACGTGGGCAAACTGAGCTGACTTTCGTGGATCGAAACGTCCTTTCCCTTGTATCGCGCACACGGTACCGCTTGACCCGTGTCACCGTTTCGTAAACGTACGAAAGCACAACTACTAGCCACTGCACTATCGTATCACCTCCCCTCGTCCAAATGTTTGCGAGGTGGGAAAAGGGGAACTATGCAATGTTGTGTGGCATGTCGAGCAACGAGACATGGCAGCAGATTCAGCCAAAAGCGATTTTGCCGCAGTCCATCGACATTGTTTAGCTCTACCGAGATTGGCTTTCTCTGCAAACAGCAAGCGTTAGCCTCTTTGTTAGTGCCAGGCGTTCCGAGGAGCTGCACGTCAGCA,1178,50.42,Caenorhabditis elegans
SEQ_959051,ACCCGAGTTAGTGATTGATGAGTACGGTGGATATCCTCTGACGTATGCATTCGGAGCAATGCCACCGTCAGCGAAACGATTATATAATTATTCACAGATCACCCTGGCTTCAAGCGCATTTACATGTATCTTCCTCTTTAACTGTTTACGTATCTATCGAAGTATCACATACCTTTTACAAATACTAAAGGTCTTCAAACCACCAAAAAACTAGAAAAGGGTATCGGAAACGACGCTCGCCCTGTCCCATAACTGCTAAGCCTGAGGACGTTCTCAAGCCAGCGAAGTTTATGATAAGTCATGGGCTCCTCCTAGGGCCAGTTATATCCAATTGGGAACTAGTATTGTTTGAGTGAGCCGGCTTGAGATCCATACTTCTCGTCTCTACAGAATAGGGCGGTTGAAACCAGACTAATTCTATGGTCCCGGATGGTGAGTAGGTATCTCTTCCGGTCTCTCTTGTAAGGGGTGAGGACCAGTGTTAGGTCTGGCTTAACGGATTCAACGAACTCCGTGCTTAGGCTTTTGGGACTGATCGTACCACCCTGGTATGCAGCTTATAGGCCCCCAAAAGAAACCCAATTATAGTCCTGCATTCTCGATTCAGCCCCATGGTAGAAGCTCTACTACATCCAGATGCGTTGACATCACAATAAGGCAGTTTCATATAGTCACGTAAGTAGAGCACAGCGGCTGTAACGCAATCAGTGTAGTGCCAGCCTGTCCGAGCTATCCGCACCTGGATAGAGACGCATAAAAACTCACTCTGCCATGACTCGGATAGTGGACCTCTGCGGGTCCGGGGGGTGGTACGGAACCTGACGCTTTTGTCCCTAGGAATGTGTGGGTGCGCACGGACCCGGCCTCTGTGCCATACAGTCTGGTGGGGGAATGTGCTGATTTACGTTGCCCTGTGCGCGACTGAACAGCTAACGAATGCCGTTTCTAAAGCTCAATACCGTTGGTGACTCTGGTAATCTTCCCATGTTAGGCTAGTCTGTTTGTTTATAGGATTAGCTCCGAATTGTTATGGTACTGATGACGGGAGTACCTTATGCGCTGTGACGGTTGGATACTCTATAACTAAGAGTTCGATAACGGGATCGCGATTCCCCGACCCTAACAAAGCTGTTGTTATCTGTGCGCGTGCAAGCCCTCCCTAACGCGCTTAAAGACGAGACCCTGCAAGGTGAATGGAGAACCACTTGACCCAACTTACTTTAGTGCGAACGGCAGTACGAAAGGTTCGTTAAGACTATCAAGTCGATCTCGCTCGTTCCCATGCGGTTGGCGTTTCATTCTGCCTTACTTATCTCATCTTCGAAAGTCAAAAATCCTGAATGCCTGGAAGA,1352,48.08,Arabidopsis thaliana
SEQ_253588,CTACCGGCCGCAAGCTATCGTATCCGCTCTTGGGGGGCTCCTTTTATTTGCGTAATGAATTGTTTGTGAACTCCTTAACTAGAGTGTACCCTCTTCTGTAAGGTGCTTTCGTGGTTTATCCCCGAGGCGTATGCGAAGAATGTACCAAACTCAAAAAGCGAATGTTACTGAAGCTGATAAGGATATTCCCAAAGCTGCGACTGATTCTAGGTTACCTAGTGTCAGCAAGGGTATGAGAATCCCGTTGCTGAGGACTACGGTTGACTGAGCTGTACTAATATGGCCGAGCTTTAGGCAGTCCCAAATAGGATCTGGCCCACCAGGCCCTCCTAAGAAAGAGTCTAAACATTTACAGAAAACCGTCTCCCTCATTGCCGCCCTGCCTTGGTGGAGGTCTGTCACGGCTTATCATGTGCCCAAAAATAGTTGTCTTCAACGGGACGATACAACAAACGATCGTTTGAGGGCTGGTACTAACAGTAACCTCTACTGTCGGGGAAGCCAGATCAAACCCTCGATCACCTGTCAGGTTCAGATTTGCGTAGGGGCCTGAGTGGGTCCTACGGCGGTACAGACGCAAGCAGGGGAATTTAGCCATAGCTATATCTTCTCCATTTCATGGATAAGC,628,48.73,Arabidopsis thaliana
SEQ_875630,AACCTTTTGCGATTGTGATGTGATGGTGACTCTGGGAAGCAGGCCCTTGTTGAAATCCAGATCGTTATCAAGTATGCCCATGCGGGACCAAGGAATCCGCACACTGACTGGGGAAGCGTTTATCTACACCTTAAACTACGAACGCTATTTATTGCGTCCTTCATTTCCATGGGTGGTTTAAGACCTTCGATTCCTCTGTATAGACTAACATTGCTATGTTCAACCGTTAGGGAGAGCCGTGTCCGAAGACTATCCGGCTTTATTAACCCTAAATCTGCCTGGAAAGTTACAGCATACTATAACCGTGTTAGATGAGGGTGTTGCCTGCTACCATGTTGCAACTGACATAACCCCATAAGCAAGGAAGCGGTGTTGATCGGCGTTCTGACTCCCGGCTTCATAGCGATCAATCATGGTGCTACTATCCACTCGTCCCTCATATCGGGTCGATCAGCGAGAAGCGTAAACTTGTAGAGCTGGGCTACGCCGGGCCCGGTATATAACACGAACCCGCATCCGGTTTACCACCGTGAGAAAACACATGGACGCTACTATATGTTCGTAGTGCAGGGACACCTTCGAGGCACCCCGTAATTAGCGTCACCACGGCAGTTAGATGGTTCTAGCCGAAAAGTTGGGGTAGCTGAACGAGCATGCCACATTGCACTCAGACGACCATGGAAACTCGCCTCACTAGGGAATTGGTGGGCCGGCAGGTACACTTCCTTAGCTCGTGCTCTGATATAACTCTTCCTACGAGTCAGGTTGCATTGAAACACTGGTGACCGCATCTCCGTACGCTGTGCCCTCTTTATAGTATAAGAATGAATCCCTTAACACTCAAGTGTGCAAACTAGTCACGCAACAGAGCCTCAGATTACAGAGGTTGCTAGGATCTAACAGGGCGAATTCCCGACATGCGTCTGCAGAGAAACTATAGTCTGTTTTGGTTCCTACGTTCCGACGATCCTAGGCCCTTAGCCCTTTATCTTTTCCATATTCGGCTTGAAACGGACCTCGCGAGGGTACTAAACAGTGGTCTGGATCTTATGCCAGGACTAATCATGACATTTGTCGGATGTTGGCCCGATATCCGAAAGGATTTCGAAAATAGTCTTAATCGTCATGCGCCCTCGATAGCTTTACATCCGACGATATCCTTTGAAAACTGGGGTACTGAAATAAGTTCGAATCGTAATATGAATTCCTGCCCGCCTAATAACCGCGTCCGATACTCTGCAAACAGCTACGTTCTCCGACTAAAATCTTCACTGCTGGACGTAGTCCCCAACACCATTGCGAAGCAATGGGCCTAAGACTTCGAAGAGACAACGGGTACGATAATTCATGCTACACTAGTAATCTGCAGGCTGAACGGTACATTCGTGGGCTGGAAGACATCGCGTCTTTATCGATTTGAACGGTAAGCCCGA,1433,48.36,Arabidopsis thaliana
SEQ_395813,AAATAATCCCGGGCTCGCGCTTTCCGAGAATCGAAGAATTCATTTATTACGCCGATCGTCGGCCTTAATATGTGGTGACGATCTTAGTTTACATTAGGAAAAGATTGTCTCTGGACCATTTAAAAGCTTACTTATTTGGGTCTTGTCTGTATAAGACACCTATTATAGCCAAGCCATTTTCCTAACTCCAGGTGCGCTGACAGTTTAGACAGGTGGCTGAATCTCCTACTGCCGTGCCCCCATACGTTCAGTATATTTTAACTTTCGGGAATGATATCACTGAAGACTACAAGCTAATGTGACGACGGCTTTGACTTCACAGTCACCGACAGGAAGACAAATGTCAGACGGGCACCAGCCTATCGCCTCCGCACCCGTCGAATACCGTCCCTTGTCGCGAGACAGTTCCGCGAGCAACGTAAGTAGTATTCAAACTCGGGCACGAGGGGTGTTTTAGAACACTGGGTTGCGAGTATTCGTGCGCCTTCGTCCATTCCCGGTAACCGTTAGTAACAGTCGGGCTACCCCTGTAAAGAGAAGGTTATTCGAGAATGTGGGAATCCTTCATAGTCGATCGCCGCTTCCCGCATCGCTATGGGTTTTTCCCGCCGGGTCTTAACGCTTGCAGTGCTAGCGAACAAAACGCCTACCAGCCGGGCATAGGTGGGGTTAAGAGTTCGGCTTGTACGCGCTAAGTGTGTTGGATCCTACACAGATCCGACTCTGGACCGGGATCTCTAACCAAGCCGAGCCTCGTTTTCAGCAGGGCAGGTACGCGATTCACGCAGATTATTTGTGCTCTGCCCCTATTGCTTTCTTGAGAGGGACAGTACATGTGGTGGCGATGCTGAACTTTCACCACGGCTCGGACAACAGACCCTAGTTTAGGCTGACACCTCCGCAGAGTGTGTGAAATGCATGCATATAAGACCTTTTTTTTCGGTTGCCTATATGAGGGACAGTAATATGGCCCGACCTCATCAGGGTTAAGAGTCGTAAGGATTGCGAACTTCCCTAAAAGGGAGGGAGCGGTAATAAA,1039,49.47,Caenorhabditis elegans
SEQ_315232,TCTCCACGCAGTATCCGCATCATGGGTATCCGGCCCTTCATACTACAAACGGCAACTGATTAACGGTGGTTAAGGTGGTAAATTGACGGAGTTGCGCCGGGAGACCGGGACCAAATCGAGTCCACCTTCAAAGTTTACGTGTACAGACTATGCATGCGCCCAATACACCATCTCGACATGCTTTGCCTTCATCACGCGAGAGCTACAGTCCCTCGCGGAAGCAACGCTCATAAACGATTGGTTCTGATCGGCCTTCCATTAAGAGCAGGGTACCTAATATGGATTTTCCCCCAATCGGTCTGGGCGTGAAGGCGTACTGCAACTAGACACATGCTTGCGCATTTTTTTCCAGGATACCGAGGATCATACTTAGGCGGTGCCAGAGTGCATTTAAGTCTGTAAATATCGCCATCTCTCTAGTAGTCTCAAAGCCGAGATGATACCTGCCTTAGTCGGCAGAACACAATCCCTCGCGGGGATTAGGTAGGCCTTGTGGACGGAATTTTGCTTGAGTATGGTGATGTCGCGATATGCAAGCTCGAGATTTAATCGATAAACACGGAAAGGCACCCGACGTGTAGATGTGCCACGTCCGCCCTATTTATCGACTGCCGAAAATTATAAAGAGACGATTATTTTACCCTGACACAGTTCAACGTTGCGCGACGCACCGCTACACAACAGATCTACGCCCGCGAATGAATTCTCGAGGTTGAGTATGCGGGTATGGTTTACTCCTTCGATCGTGTGCCGTGCTGGTAAAGAATCGCATGACTCCAATCTTACCACCTGGAACAGGTTGGGAAGGGGGAATATCCGCCCCCACATCGTTAGTGCGTCGAATTGCGACTAGTCCCGTGATAGGGAGTGGAAACCTATCGATCCAAGCAACTGCCCATACACGCGTCGAGTTAAGTACCCGGAAGCGACACTAAACGCTGCTGAGGCCTACTATCGATAGTGGCACACTTGAACTCGTAGATACCGAGCAGATACAACTCAATATTCCAATTTAAGCGCGTCGAGGTTGTCACCCTCAGAACACTCCGTTGCTCTTTGACAGGGATCATATCGGAAGTGGCCACCGTACCGTACTTTGAAGGCTGTCCTTGCTTTCCTTGGAGTTTCTTATAGCCTAGAGCGGAAAATTCGGACTACCGCGATTAGGTCGCGTAGCAGAGGGTGTCGTTAAGACTATGCCCTGGGTTGGACCAATTCTCCAGGGCTGTGTAAGCCACAATTAGGCCGAGTGAGTAGTGTTCGGCGTTAGCATCTTTTAGGGCGGCCCCATAGGATTACATGTACCAGTTGTCTTTATGTGTTAATGGGAGTCCCAGATTTCCGCAAGTATGTCGCTAAATTTACCGGCGGAACGTCACGGAAACCCGTGGCTAAAGTGTACTGTGGGAGATCGAAAGCACGCTTCATAAAGATTCGGTGTTCGCAGCTGTATTGGTTGGGATA,1464,49.93,Mus musculus
SEQ_769126,AACGCTAACTTCGATCAAACGTTCCTACCACCATCGGCATAGGACCAAACATGGCTGCCTACTGTGTGTATGCGTCATGACCGGAAAACGCGTCAGGCGATTCTAGGATTTCGTCAGGTTTTCGTATGAGGAGAAGAATTTTCTGACGCATCATGAGTCTATTGTATTCGAGTCTAGTGGACTAGACGCAGAGAGTACGTGGATACCGGGTATCGGAAGTGGTTTGTCCGGGGTTAGCTTTCCATGCTGTTTATTGACTATTATACAATGATTAGCGGTTAACGATTCAGTAGCGTTCAGCAGGTCAACCTACGGTTTGCATGACTCGCATTTACGATAGCACTTGACTTTAGCGTGGCATGCGAGTTGGGTGGGGATAGCATTGGCTATACGTACGTGCCTTTCCTAGATCTGTTAAAACCGCCCTGAGCCCTCGCTTGCAACTAGTCTATCCCGTGGCGCGCGATGTCGGATTCAGGGGGTGAGGAACCATGGTGCGGCCACCTCGTCCACGTTGGTCAGTTATCCGATCATAGCTATACCAACAGGGCCGCCCTAGGATTCTGCTGATGAACTGGTCCATCAAAAACATGATCCCGCTAATTACTTTGAACCAAGCATAGTGGAGTGTTGCGGTATAGCTGGATCCAATAATAAAATCTCGCGCCACGGCGTAGAGCTTCCCTAAGGATATAGACTGGGATCAAACCTACTTAGTTATTTAGATAGTGTTTTGAATTACTGGCGTGCGAGGCAGGCGACAATTTAGACACGCGGCCCGGTGTCCCATCTAAACGTAAAACCAGCGCCGCTCACCGAGTGATTGGAGGTATTCAGCTCCCTAGCGACTCTGGGCTACGAGAACGTATGCACTCAGCGGCTCAGTCGGCCGCGGTCAGACAGAGACTCTGTAAGGACCGCTATTGCGACTCGGCGTCCGGGTCCTTAAGGCACGTTGGGTACCATTGAATACGATTAAAGCAAGGAACACGGGCCTTGAGTGCGGGCCGGCCGTCGCTTGCGAGCCTCAAGCATGCGCTAATAGACGCGTCCCGATTGTGCCAACCGGCATCAATCGCATTCTAAGTCATCGGCATGATTGATTAGCTTCCTGGCCGCAGTTAACCTCTACTTGTCAGTCAAGAGCATAAAATACGAGTGATGAAAGTGCTGGAGCGCTCT,1182,50.76,Mus musculus
SEQ_155917,ATTCTCGAAGACGATCGGGACAGAAGCTGAGCAAATAAGCGCATCAGGAGCGAGGGTCTCGTGTCCGTAAACGGTGAATACCCTCTGGGGGTTAAACCGGGGATTCGCCACAATATACCACCTGGGGATACAGAGGGAGGCAATCTCGCTACACAAAAGACGGTGTAGCGAGTGTCAAGCGTTCATAACCCGCCATAGCTATTACACATATTTGTCCACCACGCGCTGAGGAGGCTTCCTGTAGTGTCGTATATCTCATTACAAAGATCCAGACCATGCTTTTCGACGGCGAAAAATACGCTTCAGCTCACTTCAGTAGTGCGTCGAGTCCCAAGAGCCCCTTAGCGGCAAAACCACCCGAGTGTTCCTGCCCAGGCGTCCGGATGATAATTTGTGCTGTACCTTAAAGAACCGTCTAAACGATGGTCATGAATGTACGCGACTTTTCATCAGTGACGGGGCGGCGTCGCGTGACACTT,479,51.57,Caenorhabditis elegans
SEQ_283219,TTGATCAATCTTCTCATGAGGCTAGTCGTGCCCGACAGGGTAATAGCCCCATAATTCTCTAACCATGTTGGAGCCCCCCAACGGTGATATCGCACTCCACAAACCAAGTATCGTGAGATCGTGTAGACTGTATAAACCTTATTGATCTTTCTGGGCGGCTGCCGTACTATCGTTATTGTGCCCGACCCCTTCCATTACCAGTTCTAGCCCACCCGTTCCCACAGATGCGCGGGTAATGGTGCGATCGTCAATCACGTACAGGGTGTGACTGTATCGAACCGCTCACCGCGGTTACGTGAATTCGTGGCGAGGGTCATGACCTCACTCGACGAACAATTCGTTAGTAAGCGGCCTGACGTCTTGGCGCAAATGAAAAT,377,51.19,Saccharomyces cerevisiae
SEQ_834258,GACAACTCAGACGCTTATGTTTTTCTTCTTATTCCCGACATCGTTAAACCCCTAACATCTATGAGGTGCTTGTATTGATGTGTAACAGCTTTCATTTGAACTGACGTCGTCTCACTCGTGAGGCCATTCCCACAGTATTCCAAAGGAAAGACTCAAGTGTAAAACACACTAGAGCCATGTTCTTGCTTACCGGTGCCCGGGTACTTATACAACTGAGACCCTCTCTTAAAACGGCCGAACAGCTCCAGTTCCGATGTGCGGAATTTACCGTACAGCGTCACCCGATTCCTAGCATATTATTGGGTGGGTTGGCAAATGGTGTATGGAGAGGCCACCTCCTTAGCAATTAAGATGGCACCGTTGATACGATAACTTGTGGGCCGATGGGAGGAGTTCCGCGAATCCCGTACCGGTCCGAGAACATGGCTTAGCGAAACCTGTCTCAAGCTCCAATGTGAATATTGTATAGTATACAGCTCAGTAGAAGTCTTCAGGGACCACGACAGACACTTACAATTATCTTTAAGCGGAACTTCCTTGCCGTTATTCTCAATTGGCGTACGGCTTAGAATCACTAAGAATCCGGATCAGCATAAGGGCAGTAAAGCCAACCATTTTTTTCTCTTTGCGCAACCGCCAGGGACGCAAGATGCATGTGTAGTCTTGGCATCAATAGCCTGTGATCCGGTTCTACGTGTTGCTAGAAGCTACAACTCTGAGTGGCGGGAAAATCTTCGTATTATATCCGTTGTCTTGTGACAGGGCTGATGCAGGGCTATCTCCTGTAACTCCTAAAT,797,46.68,Drosophila melanogaster
SEQ_143742,ATGCCCTCACGAATCACTGGTTAGCCGGGGCCTATATCCTTTGTTGATACGGGGAAGGCATTTGAGGCGCTGGATCGCGTGATGGCCCGCAAACCACCGAAACGTTCAAGTGTCGTAAAGGCCTTTATCCACCCCTCTATTGCGGAACGACGCGTTCGTGGAAGCGGGATCGTGGCAGCAATACCATACCTCGGATACGAAGTTTCCTCTCTTACAGGTCCGCTGTTTGACTGTTGCTCCACCATTAAAAGTCGACCTATTAGTTCATTTATACGTGCGACACGCAGTTGAGCGCGCATTGCGCGCGGGTTAAATTAACGGGTAGACCCTACACCCCGTTGTAGGTGGAAAGGTTTTGTGTAGTGTTACACATCACTGTAATAGGATGGGCTGTATACTTCAGTGCGTACGATTTCAATACCAGACATGAGTATCTCCATGCTGCTCTCCTTCTAGCGGGACCGTAGCGTTGGTGCGCCGATTTCGGGATTCGCCGATCAGATAACGGTTCTCCCTACAGAATGGAAGTGAATTGTAGTTGCAGCTTGTGTAATTAAAATGTGGAACGCTAAACTCAATCACCCGGCTAGGGCGGCCTAATTGCGCCTGGGGTTTTGGTGACCACGAGGGAGCATTTTTGGTAGAGGTTTGGCGGGCACTGTGCCCGCGGAGGGGGGACGCACCCAGAATCCGCCACACAGACTTGAGCGGATGCAACGGCCTGCGAATCAGTCCACGTTTGAACCGGCTCTCACGGGAAATATTAAGGACACTGCTTCTCTACGAATCTAACAAGCCATCGCTTCCCTTCCCCCCTGTGCGACGAAAGTTCATGCGCTTATGCCCGCCGTATTGTCTAGGTGGGTACACCCAACTGGATCGTAAACGAGATGTTAACAAAAGTACGTGGTACTCGTGAAATTCCGATGGAATAGTAAGGATTATTGCGCCGCGCACAGTTTGTTCCAGTCCCTGATTCTCTGGGCTCGATTGCGTATTAGTCCTAGATGTCATAGATGACATCAATGCCG,1031,51.31,Saccharomyces cerevisiae
SEQ_591536,ATCATCAGCCACAAGACCGATGCCGATGCCAACACCTGTGTATTCCGACATTACGTCGCTGTCTACAGAAATGAGTTCGGTAATGTACTGCGGTTAGTCGCATCTTATGCGCGAGATCTGTGGGGACTCGTTAACCTCGCTATCCCGGTATTTTGTGTAGGTAGGATGGTTCGTATGTCCTACACTAAGGTAGTTATGGGCACGATCAGACATGCACCAACACGTGATGAATAAACTGTGACCACAACCTCACACATGCGGACAGCTCACCAGTTTTTGGTTCACGCTCATCTACTTAGCCGCCGGGTGCCTTGTTCGCATGTCGCGACCATCGCAAAGGAAGTATCGCCATACTTGTATAGAGTAGCCATCCCCCAAGCCAGTTCCTGAGGCATGATGTATGGAAACACCTGTACCGTTACCGTGGGGGCTGCATTCATCTAGTAATGTTTTGGGGTCCGATGACATTGAAAGAAGGTCCTTAACCGTCGGCGGCCAACAAGGGCTCAGACTACCGTGCGAGCACCCATCCACAATGTATGACAAGTGCAACCATAAAGGTACTACCTTTACCGTAAACCTGGGTCCAGGCCTCCTAAGCGAACCTACAATGGGGCGACTAGCTAAACCACAGAGGAACTAGTTATCTCAGTAAGTTCACTGCGTCGCGAATTAAACCGCCGCCAAACCTATGGGTATTATTTTCTCGCCCCACAAAATGAGGGTATTCGCTTTGGCGTGTGAGCGAGTATGGCGATATGAAGGACCTACATAGTGCGTGGACGCGCGATTAGTTGACCAGCGTCCTCAGGAAGTGGGGCCGCCGTCACAATGTCATTAGTGTATTTCTCGATCCCGGGACTGGGTGGGTTGTACTAAACCAACCGATAGCGATTATCGTAGAATATCTATTAATCTCCCCCTCCCTAAGATCAGCGCAGCCCAGCGACACATGAGTCTTAGCCAGGTTATAACGCGTACGAGACAATCCCAAGCAGAGGGTACTGGTCTCAGGCGAACCTCTAGCAGGTGCTTTCCCCATCCGATCCATTCTGATCTACTCAGTAATTGTTCAGCAGGTGAGACGAAAGCCCAGGCTGGTAAAATGTTCCGCACGACCTTCTCAACCCCATTAAGCAGTAAGGTCAGGACTTTAACGGACCGGCATTCAGAGCCATTATTACCGTAGGCGCCAAGCGGAGATTCCGCCTACTCCCGCAGCAAGTGCACGTTTCCCGTAGCCCTGCTTCAATTAATCAGCAACAGTTTCGATTGCAGAAAGTAAGATTGGCGTGAGGACGGTTGCTGGGCCTTATGCGGACGAGTGGACGGCGGGATGCTTTGCCCATCATAGACACTTAAAATATTTCACAGCCAAACCCAGATTGTCGTACGGTCTGGCCTATGAAATAGAGTAATAGAATGTGCACGCGTCGAGGCTCCCTGACCTGCTGAAACCTCAAGATTACTGGATTCTATAAACAATAGTGGCACATGCACAGTCCCTCTTAGGATTAGTCAGTAAAGCTTCCCCCCTAGGAATTCCGGGCAGCCTCACGAACAATTCGTTCCCAGTTTGCGACGTCTATGGTGGGCCGACACAGTAACGAGGAGGATGAACTCTGCCTTCG,1631,50.52,Drosophila melanogaster
SEQ_528888,GTATGGGATGACGACACCGTGCAAAGAGTTTTATTTAGGGACAACGGGCGTGTGGGCTCCGGTAGTTTGCCTCACGGGCGATTGCTCGAGATCCATCAACGCCGGTAAACAGGCAAGTGTTCCCTACCCGGCATAGACCCTATCTTGCGATACCTGGAATGTCGCGCAGGCGCAGAGCACTAAGAGTATTATTAACGTCTTGAGTAAGATTCCCGTAGTGAACGTCGGACTCTAAATCAATGCGGTTTAAGGCATCGTGTACGACCCCCTGGAGAAAGTTCTTTTTTCACGAGAGTCTCATAAGCTATGACACGTGATCTGACGTGTTGCCGCTAGTACTTGTACCGGAATAACTATCCGATTGGCACCCTTCAGATTGCGGGCGGGTCGAACTTCCCTGATACTCGGTATTCCTATGATGAAGTGTACGCCAAAGACGCGGCCTCTGATAAAAACGGAAATATACGCGTAAGCGGTTCCAGTGGAATCTTTTCCACAGAGGGTCATCAAAATTTTTTAATACAAGTGCCGGTTCTGTAGTAGCCCTTAGAGAGAATCTACCCCCGCCAGAATGAATCGGCCTTGAATTTCCAATGGTTAGGGTCGTGCATAGGCCTCGGTCATGAGCGTGAGAGCGAATAGTTTGGATAACTTCTTCCTTAGCAGTTTGGCAGCACTTCTCTGAAGAGGACCAAATTACGAGAGCTACCGTCGTCAAAGATTCAGACCGGCGGAGGAGCGTTGTTTAGTACATCAGCCAACGAATTTTTTTGTACGTTTACTATTGTATCGCATGTTAGGAGGGCGTTTAATAAAAATAAGGTCCTGGAAAAAGTGCCTGCTGTACGTCTGTTCAACGAAGCTTTCACCGTCGATACAGTCTGGTGGGGGACTATTAGCATAGTACAAAACAATTTTCTTTCGTTCGCTTGTGTGGTGGTATCTGGGGAGGCTGACACACGTGGTGCTCTGAATCTTCTTGTCGAGATTAAGCTCTCATCTCAAAAGAATTGTCAGACAGTCGTGATAACTTGGTGGTCGCGAGAATAAGTAATACTCTTCCATGCTGCTGGGGCTTCAATCGTTGAGCTTCGCACGTCGATTGTGGGGAATCTAACGAAAAACCCCGTTGTAAACTGAAGCGTCTCAAGGT,1153,47.44,Mus musculus
SEQ_455200,CGGCGATCGGTCTTAATAGGGATTGAAGCCAACGTCTCAAGCCTTTCATCTTGAAAGGACATGATTCAAGTACAGAAACTAAGTTTCCGCCTGTGCGCGTAGGTGTCTGCACTTGCGACAACAAATGGTGACAAAGGTAATGTCACCGTCCGATGAGTAGACCCTCCGACGATCCCGCTGATTAACAAACGAATCGGCTGAAACTCTACGACATAGACTTGCCAGGGAATCCAATAGCCCTCAACCGGGCGAAGTGACCCACTAGTGGAGGCCCATCTCGTGGGGACTGCCGATCATCCGTTAGGCCTCCGTTTCGAGCCGGGTGGCACTTTCGACCTCGTAATCCCGGTCCCTAGCCGCCGGCGATTTTTGGGGGCCTTACAGTCAACTATGACTGGTTCCGCTGGCGTGAAGTGCAAATAGGCGCGGTAATTGGAGTTGAAAAGATAGTATATTACAGTATCTGGCACACCGCTCGATAGAACATTGGTCTGTAAATCGTAGGGTAGACGGTGAGACTTAAGTTATACCCAATAGTATAGGGGATCCGGGATGTTGCGTGATGACAGTACCCGAGCGTAGAGACAACATTCCCTGCGCACCAACGATGTAGGATAGCCCTCGACCCTGAGTCTTCAATGGACCATCATAGACTAGGTTATTCCTTGACGCGATAACAATGTA,684,50.73,Caenorhabditis elegans
SEQ_362757,TAATTGGCGCCGGTGGTTCCAGCTGGCCTAACGCGTGTTCCAATCCGGCTTGTATGGATTATCCCCTTCGGAACAATTCTGCTGAGGGAGGAGGATCGATGATTGGTATGATCCCGATTACCTTTTTCAGTTATCTCGGACAAATAATTCATTAGCTGGTACACGATACAATAGTTGGGTGATCAGTGCTGGTTATCATCTGTAGAGCAGATAGTTGATGGATCGAAGGTGACTCAAATGTGCCGGTTCGACCGCTCGAGAGTCTTGCCGTTCGCTGGGTCCCTAGACCGGGCGTTCTAATCCCCCCTAAGAATCAAACTGCACACTCGCTATACTATACCAACGTCTGCTGTAGTAACCAATCGTAGGGAACAATTTTAATGACGAAGCCGTAAAAAGCTATGAACATACATTCGGCATACGATTTATGGTCGCTGATAAATTACTGAAAGGCTCAAAAAGCCGTGCCTGTCCTGTCCCTCTCTCTTGGCTTGTCGGCGCCAATGTGACCATGGTTGGTCGATAAATGCGGTCCCCAGAATCATCTTACTCCTCAGCCCCCGGCGTATGACACACGTGTACTCGGCAGTTATGAAACGTGGACATTGTAGTGGATTGACCACAGTTAAGACTCATCGCAGGAACAGTTGGTCCGGTCCAGGGGTCGCGGGCTAGCGATACGGAGTCGAGATTAGCGTCCTATAACCTCTTGTGGGGACATCCTGAGTTTTCAGGGAACAGATCTAAAAACGCTTATAAAGGCGCACGTACTCTACCATAGTCTCGGCTTGTCGTCCCAGAATTAGTTGAGTGAAAGCGGCAACCTTGTCTGATGAGGATGTCGGAGCACCATTGGAGAACCGATTGTCATTCTACTACTTGGTTTGAGCTGCAGCGTATGCTCAAGCGGGAG,913,49.07,Homo sapiens
SEQ_280936,AGGGTACAGACTCTTACCTCTGAGGCTTATTGTACCGGAGTCGAAGCTAAATTATGAATTGTTATAGGGACCTCGCAACGGTGAACAATATGTCCAGTCACTCTCCACTGCTCTTAAGCTAGGCTTTGCACTTGGACCGACGCCCAGAGGTTACTTACGCCATTGGATTTCCTAAGGCTATCGAGCCCCTACGATTACGTGAGGGTAATCCATCCGCCCGAAATTCCGCCGACGGCTCCCATAAGTTACTTAGCCAAGTCGAGGTCGGTACGAGGAACTATCGTCGTACTAAGGATGTTTACGGATCGTATTTTGTACAGGGTTTTACTAATGACCGTGGAGGTTCTTGGACGAGCCAACGGAACCGACCGCAACCGCACCTACCAAGAACTGGGCATTTTTTAATGGTACAAAACAGTCGAGCTGTCACTCCGGGTCTTAAAACACGGTATGCGAACGTTCCTTTTGACACGGATGCCAGGCACGTTTGTATTTAGTGGTCTTCACGATAACGCGTTGTGTCCTTAGGCACCTCGCATGCTCTCCTCTGCCGATCTTCGACCCGGGCCAAAGGGCATAAACACTTGGGTGCTCCATAGTGGATCCGGGGTTCAGTCCTCACGCAATTCGCGTTGGGGGACGGGGGGTACACTCTAGCGGTGCTTAATGCTGGTTGACTGCGCGTCAGAATCGGCTGGGTTTGTGAGATACGATCTTTGGGCTTGTACCATAGACTAACAAAAAGTTCTTGACGGTAAATGACCTCATAAACT,773,50.19,Arabidopsis thaliana
SEQ_872779,TGCTCAACAACTACCAACCCCCAAGCCGACTATTTCCTCCTTGGCAGTACTCTATAGTCGTCACTAAACTACAATCATACAGCGGCGGGGGCATTCCACATGCGGGTCTACTGGCACGTAGGGTTGCTGCGCATTCGCACGCTATGTTGACGAAAAGTGCGGTACAGTAACGAGTTTACGACTTAGCCAAAACCACAGCTTCTTGCAAATTTGTCATCGATCGTGTAGAACCCGCTAGTGGGACCGCTTCCTTGCGCGACTTTGGCCGAGACACTAGTTACATCAGCGCGGAATAATAAGGAGCTACTCTCGCTCATGCGGCGGTCACGTTACATCACTGTATTATATATTGATCTATGGTTTTGGAGACTTATATTCGTCCCCCACCCTCTTACGCGAAGGTCGGACCTCGCCGAGTCAGGTTGTAGGTTTCTGCCATGGTGTAGCTCATTTGTTAATCACAACGGATTGGATAGCTAGTGATTTGTCGAACATGTAATTTGTTTAGCCAATCGGAGTGGATCTGCACTCTGCATTCACTCCTGACCGTCAAACCACCAGCGGTGGGTTCCTAGAACGGAGACACGTAGCGTTACTTATAGCCGATAATCCTGCAAAAGTAGGAAACTAGGAGCCCGGCCGTTATCCCCCGTTGCCTCACAAGGCACTCTCCTTCGTTTCGCCGTTTTTTTCCAATTGCGCTGGACTTTGCGCAACCACTCCGGTGGCTCAGTGTCCCCGTCTGCGATGTCTGCGAGATGGGAGCAGT,769,50.72,Caenorhabditis elegans
SEQ_177560,GGAGTAGCACTAGTATTTATAGTTACTGAAACACCGCGTCACTACGTGAGTTCCACTCATAATATGCAGTAACACAGAGTTATTAGGATTT,91,38.46,Drosophila melanogaster
SEQ_678486,TCTCCGCACTAACCTTAGCGGTACTGTTAATATCACGAGGGTATGCATTCACATTGTTCTGTCGCGCAGGCTACACACTTAGTGGGTCCATCTCGGGGTCTGGGAGCCTGTAGCTACTATGCTCTGTAAGAGTGATCAGCGTATACTTTCTTACCACGACAAATCTTGCTCGTGATCAAGCTGAAGCACCAGAGAATGTATTTTGTGAGGACCAGAGAATAAGTACCAAGGGGTGCTGACCCTCCAACGCGGAATTCAGATAGTTCTCGGTAGGCTACTACACCATGTATGCTGCGTCCGTCGAGGCTCCAGAGGGCTAAGCGGGCCTGCTTCTTATATTGACATAGCGTAGGCAATTTGTCAGCCGTTTGCTCTTACAAGTGCACGGGGACCAAAAGATTGAGGTCTCTATGAGCAACTAAATTCCGGCTCGTGTTCTGCCAGTTATCATGTCCTCTTCCCCTGACAATCCTATTGTCTGTGAGGTTCGTCACTTACTTGCAAGTAGGTCCATCTCAGGGCCATTCGACCTGCCATGGTTTAAGGTTCACTTGCGAGTTAGGGCAAGGTAATCTTTTGCCGCACTGTTGGTACGAAGACCGCCTACTCTCTCGAGCGTTCGTGCTGCCATTATACGACCTTACTGTTCCGCCCTCTTCTTCCGTCAAATACCGCCCTCTGTTCTTTGTCATTCGAACCTCACAAGATTTAGGCGTTTTCGGCGGGGCCACTAACGATGCGAACGATCAATGGCCAGGTCCTCCGTCACGGGCCTAAGTTTGCTTACACCGTGCCCGCCCAACCTGCCCCCGCAGGCGGGGAACTTCCCCAGACCATATCACAGTGAAGAAGAACGCAAAGCCAGCTAAGAATGTGCGGTATTCCAGACAGTCCAGTATTGAGGAATCAGGTTCACAGTGAAACTCGTTGCCACCATGG,939,51.01,Homo sapiens
SEQ_456384,CCGCCAAAGCAGGCCTGACATTACATAAGCTCCGTGTTGAGGACTGCCCGCCCAGGTAGCAAGTTTTTATGTTGTACACCTCCATGGTTTTTGGCTTCCCACATGACGGTCGAAGCAGAGACAAACATCAACCCTCCCGTTGGTGCGTATAAGAAAGGCTCCGGTAAGCGCCAGTGCGTGGGAGAATCATTGTGGCCCGGGAACAGCGGTCAAACACAAGGCACCGAACATTTTCCCCCAACTCCCCGGTCGCACTGGGCATTTGTAACCCATCCGGAAAGAGTCTCATCTGAGGTTACCACTGCCAATCTAAGGGCACCATCTCGTTGACCAATCCAGAGCGTAGGAAGGGTGAAACTGAGCAGTGAAGTTGTATCATGGACCATTTGATCCATCTCGGTTGTTTCTGCTGCAGGCTTCTATGCTGCACGCGTTGTCAACCATTTGGGCTTTTATGCAAATATTTTTCTTCAGAGGTCGTGTGAGGCTTCTGAGCTTAGGAACTAACCAGACCCGTCGCCTTGGTTAGCAATTCTTCTAACCGGGATTCGGGGCCAGCACGTTTACGAACAGCTCTAAGTGACGTCAATCGGCCGGGCTCTCGAGTGGTGAACACCCGCTCTAATGGGTATTCGCTAGGCGTCCCTTGAAGACGACGGGAGCAAGATCTAGGCCCCTATCTTTGTGCAATGATCGATACACTCTGGATAACCGAAAAGTGAGGTCAACGTACGGGCGGTAGAGGCCAGTAGGGAAACAGATCGTTCTGGACGGGGGATTACAACCAACTTGAGGCCTGATAGCACGGTTACGCGTATGAGTTATTGCTGAGGTGATTGCGTGATTAGTAGCCCGACCGCCTAAATAGGCCTAGCTGACGCCCGGTGCGCGAGAATCCCGGAGCGGCGCCTACATATAGTCCGTTATGAGCATATTGAAGAGCGCGTCTCACGTCTACAATCATGTAGAGGTCTTGCGCCATACATACTTTACGCGTTCGGGCTAGAGTCGGTCTGGATTGGAGATTTAAAGCATCGTCCCGGCTTTTTTTACCCCTCTGCATCGGAAGTCGGCAGGTGGTTGCTGTTGAATTGCTGAAACCTCTTGTGAACAAATCCTAGGCTACTGCAGCAGACAGGAATGTGCTCCCCCGGTGGCCGCACATGTATTAACAGCTTCAGATGCTGAAAACTCATGATAGCGCAAGCGAGGTGACTTTGTGGATCAAAAGCCGTCAGGTAGTAACGAACGTTGACTCTCAATCCAACCTTAAAGAATCTTACTTGGATCTACGTCGTAATCTCGGGAAGCTAAGAATGCAGACGTGAGGATAGGAAACACGTTGCTATGTTGGAATGTAGCGTGTCAGAATACGACGCGAAAAGTGCATCTCCGGGCTACAGGACTTTTCCCTCGATGCCCGATTGCTCAGCTACGCACTTGTAGCTTCCGTGAAAACTGTGAAAAAGGTCTCCACCAAGGGCTGGTTCCACATGACGTTTAACCCAAGGTAGTAACAGGTAAGGGGGCATTATTGGTCCAAATGCAGTCTAAAAGACATGTAATTCCGAAGTGCACGTGAGCTAACAATGACTGAGCGCTAGCTGTCTAATATCGC,1618,50.62,Arabidopsis thaliana
SEQ_170528,TTCACAGGCCATGCACACAGAGTAAGTTGACAGAAAATTTCACTATCTACATAGGGTTCACGCCGAAGGCCCTCAAGTGATTGGTCCACGCCAGGGAAGGATCGGGAGTAAGCCACTCGCAGGGCCGACTACCGGGTCAAAGCCTCTGGCTTGGGAGTACCCCACCAGGCCGGGAGGATGGTCACTTCCGTCCGGGCTCGAGCATAGCGTCTTTTTCATAAGAGGAGTCGAATGCGGTGACCAGAGGGTGCCTCGACCTAACCCTGTTATACCACTGTAGCGCACACGAGCTGCCGTTTCTGCCGAGAATCTTTGCGCCTTCCAATCTACCATCGCCACTGCTGCCTATCCCCACCAAGTTTAAGTATTTTATCCCCCGTTTACCTTTGTACAGTATCGAATATATGATACACATATTTTCAGCGCCCCGCACATGAAGTTGAGCGAGGAGGTTATCGATTACTGATGGATCTGGTTTTTCTCCGAGACTTTCAAGTCTCTAGAGCTCCTCATGTGTTGCGGCAAAGCTGTGATATGACGGATGGTGCCTCTAATTGTGAGTTACCGCTCGATTGGGTGAAAACAGAAGTGTTGTAGACTACGGTTCCCTGAACCTGGGCGCCAAAATTACAAATCCCTCCCGCCAGGACGCCACCACATGGCAGTCCGGGTGGTTCGTATTGGAGGATCTTTTGCTAATGTTGTATGACCGTACAACCGAGGGCCCGGACTTTTTTGTGGGACCGCTCCGTCCTTACCACGAATTAAATGCACTTTCAATATTCAACAGGGAGGGTTGCGTTATGGACTCCCGGGACAGGCGGACCCCACCTAAAATCTATGTCGGACGAAGGCTCTAGTGATTCCAGATGACACGATAGGAAGCGCTTACGGCCCGGATCGACCCCCACGGCAAATTTAAAATCCTGCCCTTACCGGTTGGCGCCAAGAGCCACGGTCGGCGGACTAATCGTGAGGCAATCACGATAAAATATCCTCACTATCACTGGCACGAATTAACTAGATGTTCGAAAAACCGCAAGTGGCACCACTATCGATTAAGGAATAGATAATAGCATTACCTCCTATAGGAGCTAAAGGACCTTGTGCCCAAACGATGCACAACTAGACAGGTAGGTGTCGGTTCGGAGCGGCGTCTCAAACCCACTCCGTATTGGGACGGCGTAGGCACTAGACTCCTAGTATGATAGTGCTAGAGTGAAACTCCAGGAGCGGGTAGGCTAATAAGCGCCCGAAGTGAGCTCTCGCAGATCAAATCTTGCGATCGGCCCATTAGGGAAGCGGAGGTTGGGTCACCGATCTTGCATTAATCAGCGATGTTGTTGATCAAACGAAATCACTCCACGCCTCACTTAAAGGATGCCGATTAACCGCTTAGAAGATCTTCCATCGAGACATACAATGGCTACCCTGTGACGGAGGGTCCCTGAGGTATCTAGTTCGCGGCTTCATCTTAGGTATTGATCTGACGTAGCAGTCGGCTGCGACCTGACTGACATCACATTCTTAGTCACGAGTATTTTTCACTCGGGGGGGAGAGTACTAATTCACAGGGCTGTTATAAACAGGCGAGGTAGATAGTGACTAGGTGAAGCGGCTTTGTAGATCGTGCGGCGTTAAGCTCTGCAAGAGCCTCCATTCAATAACGTCGCTTGTACTTCGGACTTCTTAGCGTTTACTGCGTTCTATGTCTGGACGGTTCCTCGCTTCTTATATGCCTGTCAACCTGGATCACGGCTGCTGGGGGCTGGCTACTCGACGATAGTAGCAATGAGATGAGTCAACAGATTTCTCTGTACAG,1822,50.77,Caenorhabditis elegans
SEQ_625526,TTTGTCAGGAGTCACCCGCTTCTGGGCTAAGGCAACCCGCTGCGAGCGGTGTAGACGTTATTATCATAAGTCCCGTGGCTTTGGTATTTATCCGCGTAAAGATTTCATACAACTCCTTCTCCACGCTCGGGACATCGATGTCATCCGACTAGTGCAGGCACAAGTATTACATCCGTCGTCTCCCTTTGCTCACTTTCAATAACGTCCAATCTGGTTGGTTAGATATGTTTGTCATCTATGTGGGAAAACCCACCATCTATATGCACATGCCTGTCGTCGAATCGTTGTTTTAGGGGCCTGCAGAGATGACCACAGAATCGCTTAGGTCAGATGTCTAAATAGTCGAAACAGCTTGGAGACGTGATCTGCGTAGCCACCGTACGACTAGACCGCCTGAATGTCCGTCGAATGATGGACGAAATACTAATGAATTTATATCTTTGTGCCGGTCGGCGTAATCCATTTTACCAATATAAACAGGTAGCACGAAGGTGGTGGGACGCATTCATGCACAGCACCTACGTGCGCTCTGGGGGATATGCACACGGGCCGTGGCTTGATGACACAGTGAAACATACGCATACTCACAGTACGTCCGCCTGCTCCGCCCAAGTCACTCTGCTATGTCTCAACAAGGTTCTCATAGTAACCGCCTGTTGGTGAGGAATTCGGAGCCACGTGGGTGGGAGACATCTGCATTCGCCGAGGTATAATACTTGAGGCATAAGTTTGCAGGAAAGCTTTAGTCGGGACATCAGATTGATACATTCCTTTCTTACTACCAGGTAAGCCCAAGGCAAAGCTGGAACTAGAGTGAAAAGCTACTGGCTAGGAATTAAAGAGTTGTTTGTAAGAATGGCTGTAGCCAACTCTGAGTAAGTCGGACTCTGCAGTTAATACTTTGCGAACTACAGACACAGGTTAGCTGTCGTGGTTGTCTCCATTAGGAGAGCCGTCGGCGTGCCGGGGCACAATCAGCCATTCCAATGCGTTACATACGAATGGTTATTAAATAATCTCACGGGCCCTTTATATATAGGCGGTGCGTGTCAGCGAGCTTGCTGGGTACTTAGGTTTCAAAAGTAAACTGTCTGCTCTTAGGGAATAAGGTGGACAGCTTAAGCGTTTGTGAGTCGATTAGCATAATCATGACTGTTCCACGACTATGTATGATTCTACCCGTCATCCGTTGCTTGGCGTTCACATTGGCAGGCGCGCGTTATCAGGGGGGCCTAAGTGCAGTCAAAATGCTTTACGCTCCTTATAGTACTGGGTCCGATGAACCCCATCTCACTCTCACCCTCACGCAACAAGGATAGGCGTGCTGGTTCAGCCCTGTAGCTCACGAGATTCGACATTCTTCTGTAAAATTGCTACCATGGGGAATGCCGGTTCCGTGAGCCGAATTGGCTGATTTACTACTCCTCCGTTTAGGAACAGAGGATATCTGGTCACGGAATCAATAGCTTACTGAAGCCGCCTGCTCTATGACACAAAATGCGCCGCGAATTTCTGGCGGTAGCGAATATTTCCGGCGCCCCCAAGCTCTACAGGAGGCGGTATGGCTGACTGCGTGTGCAACCAACCCGTGAGTGACTATCACGTGGACGGATAATGCTTTCCTTACATTTTTACAGGTGCCGATTATGAGTCTGCTGCTTAGGCGGATCACGGGTTCAAAGCTATTCCCATCTGACCCCTGGCAATCTGGTACATCAGTGGTTCGGCGCCATCTAGAAAGTTGTCGCTGCAGAGATCCAACAGTCCTCATGTCCACAGGACCCAGTGCAATTTCATCAAATCGGCCCGCGGCAGCTCGCAATTCCCTTAGTTCCAAAACGAAACCTCATCGTCTAATTATTAGCCGTTGATAATGTGTCTGGGCCGTAACACAT,1895,49.02,Homo sapiens
SEQ_588942,TGTACCAGAAAGGGGAGGGAAAGATATGGGTGATGTTTTATCACCGACACTATGTGAGCCTCGCATCTTGATGGTGCATATGATCTGGCGCGGTTTACGCATTAGCTTAGGCGTGAGCGTTTCCAGCTTTAAGCTCCGTGCCGTGTAATTACATCCCACATTGCCGTAGTGCACAGAGACCCCTTGCTAGGATTGCCGTCTGCCACGCATAGCAGGCCAGTAATCAGAGGCACACTTGAACTCAGCATGTTTTCGGCGGGCGATTATTATGATCCAACCCGAGACAGACGACACAATAACTATCAATCAGTCTAGGTCCCAGGGTGTTGTGCTATCGAGTCGCATTACAGAGGCCCCTTAATCAGTACTTAAGAAGAAATATCCCCCCCAAATGCAACACTCTACAGCTCCACCGCTCTGATACATCGTGATAGCATCGCGCTGGTCGTATGCGGTGCGTATTAGCTTTAGAATCGCGCTTGCTCTAACTGTTCGTCTACATCCTTAGTAGGTCGCCATGCGGTATGTGCGGGCCGCATCTAATGACTTGCTAGCCGGCACCTCCCTAACGTGCCAGCACTACCCACTCGTATCCTCTCGGCTAACAGCGATCCTCGTAGGATATATACCATAAAAATGTGCAAGTCTCCTAGCCGCAAGTTTTGGTGCTCTTGCTTGGTTGGGAGTCATACAGAGATGGAGATTTGGACATGTGCACCTTTTGTAGACCGGGAATATGTCATTTTAGAAGCCTTCGTGTCTCAGACCCTCACATCACCACGGTAAGTCTGCTCGCAACTCGTAGTGCGACCCTCGCTCCGCAAAATCAGTGGAGATGCCTATAGTAGTTCTAAGCGCTTGATGCGTCATATTCGATTACCTAACTGTATATACATAAATAGCCAAATATTTTCGCAATCCCTAGGTCGAAGGTTTAATTTACACCGTAACGCCGGTATTTTCGGTGCCTGCCAGCTCGTTTTGTGGTTAACCCCGGGAACTCGCGGGAACATGCATCCAAACACGGAATGCCAGGTCGATGTGAATGCATGGATCCATGTATTTTATCATTGACGACTGAAAGACCATGCGGGAGGATTACGCCATTTTGACTTTAGAGTTGAGTCCCTCAAACTCGCCCCTTGCGTACAAACACATCAGCCCGCCCACACCCCGAGATCGGGGGCGCTGGAGGTCTGAAATAGAGACATGCAGTGTAAACAACGAACCCGTCCGGCCTCCTCGAGGGGACGCCAATAACCGCATTCCTCTTAAAATGGGATGCGTCATCTACAGTGGGGCAGTTCGGGGCATGGCTCCTTAGGTAGGAGCCAGATAGCGTTTACAGTTGCTATCCAGTTTACATACTCCTTCCACATCCCTGTGCCGCTCAATTACGCTCAACGAAGCTAAGTCTGCGTTCAGGGCCACAATATGGAGTCTAAGTGCTCCAAGTAGGAAGACAGATAATCTTTCCCACCTATGCTCCGATGCATGCCAGTGAAAGTCATACACTCAACTACCAAGCGCACTCATGATTTCCCATAGGAGGCCTATGTTGAGCAGAAATCTTCATTGATCCCCCCTCGGTAACATTCAAACCCCCAGACGACCCTCGGGGAGATGTAATCGGTGGCAGTTCGTACACACCCCTTTTCGGGATCATCTGGTTGGTATTATCCAAAGCGTCAGACCCAACCCTGGATGCTGTGCGTTTGGACCCCCTTATAGTTGATCGATACCAAACGAGCAACTTACAAGAAGCCCCGTTCCGGAGTCGCTGATCGGCGATGCATTAGCGTCGCTCCAATCC,1813,50.14,Arabidopsis thaliana
SEQ_362631,CAAGAGGGTTACCGTTTCTGTCACCTCCCGCAATGGTTATGAGACATTTCTTGTACACTGGACTATTTTGTGACCCTGCAACGAATAAGCTTTAACCATTCCTCGTTTACGTTGTTTGGGAGCATCGCCTCAATCGTGCTCCTCGCGCGGAACTATATTAAAGTCACTGGGCTGTACTACGTCTTCATACTGCATACTGAGCTGTCGACTGCGCTCAGGCGAGATCACCTTCGCACACTAGGTTAATAGTGAATCCGAACAGTATGCGCCGCGAGGATCACCATTAATTTCCCAGAGGACGCCCATTGCGATTATCCTTAATAGCTGACCCTACGATCACCAATGGTGGTATAGCATTCAGGTTGGAGCCAACCGATCGTACCGTCAAGGCATTATAGCGTGAACTGTGTACCAATCAGCTAGCTAATAACTTTTACTATTGCATTGTGATGTAGCCTGCAGGTATCTTCCGTCCTGTACCTCTTGGAGAACCAGCTCAGTATTGTTGTCAGCGATCCGTCGGGCGCGCGGGTGAGTTCCCCCTCGTATGACTTGGTCTGCGCATGAATGCTATTGTATGAAACCTT,587,48.38,Homo sapiens
SEQ_259257,AACTGTTGCGTAACTTCGTTCATTAAGAGATCCCGTCCCCTGTGGTGCGGAACGTTCTTTCGTAACACCGCATATTAACGTCACGCAACTGAGGCGTGGAGGATGCAACTGTGATACGGTCTATAAAGGACCGTCAGCACTCTCGCACATGTATTTCTGCGCACCTGTGTGGTGGTTGCTTCATCCGAGTAACGGCCCACGTCGTAGTGCGCCACAAAGAAGAGTATCACAGGCGACTGTGCACCAAGTGGACGATCGCCGATTCTTTTCCAATCCCTACATATGAGTGCCTTAGATAATATTTCTGGTCATCGGTGTGCATGACCCCGAGAAATAAGGTTTGAATCCAGACTTGTGACTAATTTGAGCAAGTATTCGAGGCTTTATAAAACAGTATACACAGTCATTTTCATCTCCACGCCACTGCTATATTTCGATCCGTCTAGAAGTCTAAGATTTACTGTGGGCATGTCATGACAGTCTGGCTGGCACTGTTAAAGGACCGCGTCTTAAGGGTTTCCGAATCTGTTGCACAAGCGCGAAGAATCCAGAGAACGAGCTAGATCGACTTCCACAGTGACGCTATATAACTAGTGTGAAACCACGGCGCCGAGGAGGCCAGTCTCAGTTAAAACACTTGCCAAGGATAGCAGAATGTTAGATTCCCTTAAAGAGGCTTGCCCTCTAGTGTTGTCTCACCGAGCACAAGCTGGCTCGAAAGCATCTCGAACGAGTGGCATCGCCACTCCGTCCCGATAAGGACGGAGTTGGCAAATGCCACGCAGTGCGGGTTCTCCCTAACACACTTGCCGTATAACAGGTTTTGAGCGGTTCGCCCCTGCTTGTGAAACCTACCCCGGAGTGGGCAGAACTCAGAACTCAGACTTTAGGCAGGGGGTCATGCGAAAATTGGAGAGGCTAATGGCCATCGAAACTTGGCCTATTGAGGTTTAGGAATCCAATGGAAAAGCTGTGTGACTACATAGGACTTTACCGATCATTATCTTTTAT,1011,48.66,Drosophila melanogaster
SEQ_433075,ACGGTGACCCCTTGGTGGACTTAATCCGTCTTCCTAACCAGTCAAAGTCCCGCACCTTACCCGAGCGTGGCGCAGCGCAAGTCACTAATGGTTTTGGCAGGGCCTTCTGATCGTCCCTATGATAAAACATCTTAAAAACAACGTCGAGCTTGAATGCGATTCGCACCCTACACCAAGTCGTTCTGCACAACCTTACCCACTACACCCTCTGGCAACGCCTGGCTGCGACAAGGTCCGAGCAAAGAATCGCACATGTCTGCTGGGTACCGCCGTTCGTCCACAGTTGGTACCTGCAGTTGTAAACCACGTCCGAGACTAGTATGATCGACTGATTCGTTTTTCGTAATGCCCCGGCTGGCTGGGTGTGAGTCTATTACGCGCCATCTAGTCAGGACTAGGCCCGGACGGCCACCCTACTATTCGGAGCACACTTAAGGAATCTCCGTCGATCTCAATCGTTGCTGCGCACTTTTAGCGATACCAAGGGCGTTACAATCCATGTCTTGGTTGCGCAGGTCGAGGGCCCCGCCATGTCTTCTATCAATGCACATCTGATTCAGCTCCAACATTAGGAGTATAGTGCTGTACTAGTTCCGGATCGACGACTTAAACCATACTGGCACCTTCGACTACACGGACTGGTATGTCCTCGGCATTGGCAACGTTTGGTGCGAGGCTTCGGAGAATCCAATCGAGATCTGTGGAACATTAACTCGTCGTAAGGTGACTCATCATGGATACGCGCGGCTTCAGATAAACGCGCCCGTAGGTGACCGGGGCTCGTAATTCACTAGTGTTGCGCCCCCCGAAGATTGCACTAAGGCTCTGCGAATGTTAACATCTTTTGGCATGTGGATGCTTATTTTCTTGGTCTTAGGAACGGTGAGAAGGACATTAAACAAATTAGCCCCCACAACAGCGCTCACCACGCGTCTTGCGAACGCACGCTGGGACGATAACTATGCCGGATTGTGAAGACTCTACTTCCAAAGCGAAGCCACCCGGACAGACAGAGCAAGACAAGAAAGGTTTCATCATGGAGATTACCCCAGTCTTAGCGTTTGTTCCCTTCTAGGTTGTTATCTTGCCCCGTTCCGAGGCTTTAGCTATATGGCCATCCCGAATCTAGCGTCGCAGCGTGCTCGCGGTCTCGGCACTCGGATGAAGGCTACACCCGCTAGTCAAAACTGTCGTCGGTCGCCCCGTGCTTGGAGCTGCGATACCGCCCATTTGATAATCCATACTGGACGACAGACGGTTAATTCGCGGAAGAAATAATGTTCGGCTTATCGGCAGTGCCCCCGAATGTTTCCCGTCACCGAGTCTCATTGGTCTCATTTC,1341,52.27,Drosophila melanogaster
SEQ_453553,CCAGTCCCCACAGGTGACCGGCTAGGGATTTTATCGAGTAAGCTGCGAGATACAGTTGCCCGACACGGGACAGAACATGATCATCAGATTACTGTATCGTACCGAAAACCAATCGGGCTTCAACAACAAATGGGATATGGCTGGTAAGTATCTACCTTGACTCTGGGGCACCTAACAAATACACCTCGCCGCCGATGGCTCTTTATATCAGCATGGGACCGTATCTAACCGTTACTACAGTTAACGTTCCGGACGGCAGCTGAATATGTTATGGTGCATGGTACCCGGCGAAACAGAGTGTACAATTTTGAACAGGACAACCGCAGCTTTCACCATCATGACACTATTCGCAACGAGCGTTTTGGGGTTAGAAGACGTAATCAGTCTAAGTCGTACTAGAGTTAGAATACTAGTTACCGTGCCAACTCTCAATAGTGGTTAGCCTGGCGGCGCTAGCGAATACAGGTCCGTAAGTTTGAAGCCTAGCGCTCTGATGGAGGCGGCATAATCCCTTATACATGCGTGGGGCCAATCCCTGCCCACTTTTCAAGCGGCCGTAAAGCCCTAAACCGTCCCTGCTCGCGATTGGATCCCCTCGCACATGGATATTGCCTAGACGTTCATCTAACAAAGGACGGCGGGGTCGAGTCAGCCTACTGGAACTCCTTGGTTTGTCGAGGTGCTCATCTATGCTCCAGGATTCAACTCAGTAATTCCGTGTTGAATGTACAGACTTTCCAGCGATTGGCCCCTTGACTAGGAGGACTACCTTGAACAAAATCCTCAACCGTAGTCTTGCCTTTTGGTAATGAATCTGCTGACTGCAACCATGCCCGTCGAGCTTTTCTCGCCCCATTGTCCGCACTAGCCATTCACTTACCCGGCACCGTCGGATAGGTCAGGGCTGGAGTTTGTTCTCGGGGGTTCACTGACATTCAATCTCCTGTTTCGGCTAAACGCGCAAAAAAAATAAAGAGTTCAGATGAGGACAGCATGACCTTATACAGACAGGATAACCTTGCCTAGCCATGGACCACGTAATTTAATTATTATATTCCGGGGCATGTCTGAGTTCTGAACTCGGGCACCGTCACCTTCGGTAAACCTCATTACATATTAATGGGCGGAACCCGCTGAACACGTAGAGCATAAAGGGTCTGCGGCTTATATTAATTCATCCCGCTTCAGCCGG,1192,49.41,Caenorhabditis elegans
SEQ_614130,ATTGACCAAATTTATCGTGCGCCGAAAAACGCTGTCCCGGATTGTACAAACCCCCGAAAATCTAGTCCGACGGAGATATCACGTCGCTCCTCTTTTGGGCGATTCAAGGCGTAGGTTGGTGAATCGTCTTAGCATTCGGAGGCTGACCCTATAAATATAAATTGACAGCCGCACGGGCTCAGTATGTGGTTGCGCAGAATCGCCTATATAGGTCAATCTGAGTCTGTATAGTAGTAAATTGCTCAACAGTTACTACTGGAATCATAAAGTCGTATTATAGAAGTCCCCTGACTGTTCGAGATTACTCCTTCATGGTTCCCACATGAACCGATCTACGCGGTCACATCAGTATATAAGAGCGACGTCGGATGACATGAGTTGATGATGGTGTACAAGTGATCATAATTTTGGGTTCCTTTAGTTTCCCTGCCTCGTTCAGTGGGTCGCAACTAAAAACCTGTTAGGGGGATCAGGGGGGAGTCAGAAGCCAGATCCAAGAACAAATCCCATCCTGAGGAATACTACATTTCTTTAGACGTAGGGACAGGTCGCAGGCGTTCGTAGTTGGGAGGGTTATATTACTTAGTGTGTCCTGAGTTATAAGTAACTACACTCATCATTAGTCTTCTGTACGACCCGTTAGCCCACATAGCGCCGACCTAGCGTAGGTGACTTCGGGAGTTCAAGGGTGTAAATATCTGTAAGACCATAATTTTGAGGGCAGTAAAACGGATAGAAGTCTAGCATGGTCGAACTGTGACTGGTATGAAAATGTACGTAAGGGCT,786,45.67,Mus musculus
SEQ_209331,GCCTCACCATGGCGGCTCACACGGACCCGCCTCTGTACCTTCCGGATTGGTTCGAGGTCCGAAAACGCCTTGTAGTCCCGAGGGTGATAGTACATATCTCGACTATTGGATTAAGTGAATCACACTCTCGAATAACATATGTTTGTACTCGGGCAACCGGTCGCTATATCGTGACCCGCGGAGGACGTAGTCTCACCAGTTCAGTGAGCGGCTCACCTTTAAGGGTACACGTGGATCTTCAGCCTTA,247,52.63,Drosophila melanogaster
SEQ_168667,TTGACAGACATAATCAGTTATCCCATGCTCTCTTGGCCGGCACCTGCCTGATAGCACAGTTCTACCGCTCACTCGGGAGGATGATCTCGTGTCTCGAAGGTGCACAAGATGAGCGACCATCCTCCGCGTGGTTCTGTTTCGATTCGTGCACTATACGCCAGGGGCTCCGTCGTTTACCGCTGAATTATGACTTACGTGTTTCGATTCTCAGGGGGCAACAGAGGGGATGTCTGGGTCTTCTTGCGTTAGTCGTGCACAATCGAATCCTCGCTTGTTACGTCGCTAAGCCTGAACGTAAATCTAAAGTTTAAGTTCGTAGTAAACATTTGTTGGATTTGTGTGGGAGCGCGTGGATGCCCCACCTTAACGTATTTGCGAAGGGAGACAAACACGGGGCGCTGAAACATACCAGGAGGGACCTGGTATCAGGACAGGCGTCGAGCCTAGGCGCCTCGGATCAACCAGATACCTCCAGCGTATCACTAGTTGGACGATCTAATACAGCACCGGGAATGTTCCAGTAGGGACTGGTCCAGTACGTTGAAATGTGTTGGAATGATTGTTTGTCTTCCCGTATAGTAGCCAGGACGTGTCCCACGGTAAACTCGTTCGTAGACAAGTTATTCCATCGTACTACAAACCGCTAATTGCAGTAGTCTGACGGCGTCATCTAAAT,676,50.3,Mus musculus
SEQ_407594,GTAGTCAATGTCGTTACGACCTCAATCACACTGGTCCAGCACAGGAGAGCATCGGTTGTGCGACTCGAATTAGAGGGAGAGTCCAGAACGATCGTTCGACTCACTCGGCGGCCCTTATCGGTAGCGCCGTAGTAGCGACCTAGATCAAATTGACCGTATTTTTAGGTGTCCAGACAACGCCCATTGGGACTACATGGATGTACCCAGCCGAGCGAGATGTCCAGCCCTATCAGCAAACTGAACTCTCCACTTCAGACCCCTGAATTGAACTGTGCCTGTTTAACTTCTGCCTACAAAGGGTTGAGCTATATGCGGTGTCCTTCCCACCGCCGTAAGAAAAAAAGGTTGGATAGCGAGGAACTGAGACCGCAACATGTGTGAGATAATTTCAGTCGCGAGTGGCATCCGGAGTCCTATTGACTGGGCCTGCAGCCATAGTTCTAAGTTCCTGGGAACAAAATAAGTAGTCGTACTGATCCCCTCTAGTAAATTTCCGAACGAAGTAGACTATTTGTTACTCTGTATAGGAGTCTACTAGAATTCAGTATGGGTGATTGAGTTGTCGGTAATACCTTGTGCCGACCCCCGATAGTTAACTCGAGAGGTATGTCCAAAGACCACCCAAACCCCCTGGTGTTTAGAGAGGACGGGTTCGCCATGCAAAATACTTGGGAGTTGTTAAGTGTGTTAGGTCATAGTAACCTTTTATTAAATTGTGTACATAAGACTTATGTTTTTAACGTCTAGATAATTGGTGCCTCGGAGAACTGGCTGTTAGGGTTAAATCAGACGCCGTGTTGACATGACAATAGCTGTGCGCCCTGATCCGTGTTCACTCCCTATTAGTATGACT,853,47.25,Saccharomyces cerevisiae
SEQ_103017,CGATCCAATATCTGGGACCTATAACCATAATGATGGGTTCTCATTGGTGTGGTCGCTCTCTTCTGCACAAGTGTGTGGTGCATCGTGATAGCTGTTTGACATAGAATACAACGATCTTGTATGAGTGGTCAAGGGCCCGGCGTTCAATAGCGTCTAACTGGCCTCGAGCGTGGTCGCCTTTCGAAGTCTG,190,49.47,Homo sapiens
SEQ_612794,CCAAACGCTATTGGTTGCCGCTGACGGCCGTGAGCAAGCGAGCTTTGATAGCTCGCAAAGGGGGGTGAACAAAATTAAATAACGTCATAGACATGTCATAAGATATCTCACCGTGGTAGTATCACTGTCCGCAAAGGTCTGAGGTTCGAATGCGGCTGACGCCTTCGAGATAACCGGAAAAGGTGTATCGTGCCACCCGGCTAGGGATATATCCACTCCACTCAGGCATGAGGAAGTAGAGCCGGTCCGCAAAGCTAACGGGCAACACTACTTATCCGTGACGAACGACGCGTGCTATGCCCTCTCTGCGACCGGTCACGGCACCTTGTTCTGGAACGTGGGCCGCTAGAGGTTACCGCTCTACGCTTTTTGTCGTTGCCAATTAGCACTTATGGCGGTAATTTTATCGATTAGCCAAACGCGACGACTCTCACAGCTGTACAATGATATAACGCCAGTTGCCTGGAGTGCGCGCAGATATTGGCGATCAGCTAAAGGCTATGAGGAAACTTTAAACAGGACCCTTCTCGGCAAACGCCGGAGCGGATACCGAGCCCTTCAAAGTGCATGTTGTCTTATGACACAATCTCATAACCTATGACCCTCATACCGTATCGAACATCCACTACTTGTAAATCGACGATACAAATGCCTTTTCATTACTATACAAATCCCCGACTAACGCAGGATCTTGCGGCACGCACTTGTCTGGGTTGTGCCGGTAACATCTATTGCATGAACGGCAAAGCACGAGTAATTCTTTGGTAAGCGTGACAAGACGGAGTAAGAGAAGCTAGCCAAACCCGAACACATGGTAGCATGGACGCCATACGACAGGGCCGT,843,50.3,Drosophila melanogaster
SEQ_313288,AATTTGCCACGAGGAATATAGTTTTTCGCTGGGAGAGGGTCAGAGCTTTGGCTGAGCAGCGCCAGTTTAAGCGTAGAAGCGGATCTCCTTCCTTGGGGCAAACTCACTAGGTTTCATCCCGGATCTCAAGTAAAGTCAGTTACAGATTACGCTCGCAGCAGGGTTCGGCTGAGGGTAACTCAGTGTAAAAGTAACTTGGCTGCTTGTAAATTTTCACTCTAGAGGCACAGTCAGCTGTCATCTGCACTGGTGTGGTGATGCAGCAATCGGTAGACGAAATCTCTTTTACAGGACTGAGTAGATTCCTTAGCGCTGGCCCGTACAAACATCTCCGTATCCATGTTCGTGCGATCAGATCATATCCCCACACCTGTCATGTTGCGCGAGATGTACGTACCATTTGGTAAGTCTAGATGAAACTCAATCCTACGAAGCGCCTATCACTTATACAGCGAACGTGGAGCGCTTAGTGGCAGTGGACGCCAACAAGAACTGGCAGGCGGCCTCAGAAGGACCCCATTGTTAGCATAGTGCATTCCCAGGGCTGACTTTTGGGCATTGCCGGCTGTCCCCGTGCCTATTGGTGATGGAAATGACAGGGATAAGTGGCATTCGCCGATCTCGGAAAGCCCTATTAGGCGGCTCGTTAATCCGTGTCTAGTCCCACCGAGATCTCCTAGCGGAAATGCATGAGGATTGTCATGTCCATGCACTTTGTTATTTCACACTGGGTAAGCCTGGTACTAGTAGCTTCGATACTAACACTGCCGGCGCAGGTACTCAATTAAGGATCCTCGACGTTATTTTCTCTAGTGCCGTAAAACAGATCGTGCAACATTTCACTTACAATAACCTCGAGACATAACTTAGTGGTGCGTGCCAATACACACAAAATACGTGAAAGAAGCCTCATTGTCAATACTTTCGTGCATTCTGTCGCCCCACTCGCTCTCTCGAGCAGGTAAATTAGAGTCGCCGGCAGGAGCATCAGGAAAGTGTCCTGAATCGTCATACGCGACGTGATACCTTGCTACTATCAGTACGTGCGCGCTGTGCGTGTCAATGATGTGTGCGACAAAGAGGCCCCCTGAGCACTGAGGTTGTAGCTCCCCCCCCAATGGCATGTCGAAGATTGGGGGCCCACACAAGATGATGTAATTGCTTGAGGAAACTCCTGGTGGCGTGGGTAGCATTCGAGGACGTTGCTACCAGTACAGCGTGTTGAGTATGTAACTGTGAAAGGCCTGAAATGAAAACGTAGTTGCCAAGCAACAGTCACCAACGGGAATGCGCCGACTTCGGCGCGCGCGACCGGGAGAAACTTACTTGTGAGAGGACTTGCTATGTCCACTTACAAAGCTGGAAGCCGCTGGACTCACTGGCCGTGCCTTGCGTCTGGGTGCAATCGCTTTTCGCTGATTCTAGGACCAATTTTAATCATCTAGGTTATCCCTTGGACTCAGTAAGCGTGGCCAGTGCAGCACCGTGAGGTCCGCTGGCCAACTGGAGCTCCGAGTGATGCACGCGGCTTTCGCTGGGTATATGTTACTAAGCCCTTTCATCAGGTGATCGTATCGTACAGACTAATCCGACAATAAGAGCACAGAAGGGTGATTTATAGCAAAGCTGCTTGCCGCGCGCCGGAGCGCTCCAGCAGACTCATACCCCTCATCTGCCCGTTGCATCCAGTGGAACCCATAGCGATGTTCCGCTAGTCCACGCCAAACTGAATATGAACGATTCCCTCCCGACGAGCGCACTTACTAGATTCTATCTTCAGGTCGGATATACAGTCTCCATCAGCCCAGCTACTGAGTAATAAGGGGTTAAC,1831,50.79,Arabidopsis thaliana
SEQ_230490,GGTATGAGCGGTTAGAACAACGCTGCAGAGCAGGAACTAAATGCCGTCGCATGAGTTGGGTTCGGTGTAAGCGTCAACATATCTGCCGACTGTCTCTTATCCCCCGGACCCGTGTACGATCTTGCCAACTACATTAACTGTAGTGCACATGATTCATATCAAAATAGATATATGAGGGTCGTGGATACACAGGCGCACCGTCAAGCTTTCTGGACGATTATATAGGCGTGCCGGACACGCACGAAACGATAACTTAGCATGAGTTGGCTTGGTGGCCGCTTTGTGAGGCTCCAACTGCATGAATCAAGTTGACGACTCCCTTTGGACGGGCAATCCGGGAGGGGGGCTTGTGGCGCGACGTTTTACAATAAGCTATGCTTAATCTATCCTGTTTTCTGCTTATCTAATTAGTCCTCCACCACGGCGTGCCTTTCTTAATTTGTAAGGGATCTCACATGTACAGCACCCTGACGTATTTGCTCTCAGTTTTTGGACTTCAGGTGCAAGTTACCTACCACCTCAACGGTCATTTAATTCACGCGATCAGCGTCCCGGAGAACCCACAAGAAAATTAGTTCTAGGGTGTGAAATAGCTGGGCTGTATCACTCCGTGCCTATTGTTTGTCCTATACCTGGCAAGTCCGAAGAAACAGTGGCTAAGATTGCATAAGAGACACCGGGGACCATTCGGAGGTAGAATTTCAGCAATAATAAAAATACCGTACGTGTTTGGAGGTCCACCACGATTTTCCGTGGGCTGGGCTCAAGGTCGGAGCTATCACG,783,48.53,Escherichia coli
SEQ_672230,CGCGACTAAGAGCATCACCTTGATCGTCTTCAAGCATCACTTCGGCACTCTTCATTCTTACCCTGGGGGTATACCGTGATAGACGTAACTGAATGTATTAAGATATATACAGATCCCCTACTTACTACGCAAGTATACGCTGGCCAAATCGATTCTGTTTTCGGTGAAATTTATTTTGGTGGACACTTAGATGGGTCGAGCTCCGACTTCTAGCCCTGGGATAAACCAACCAATGATAGCACCTGTTGGTCGGAAAGAGCAAGCACGGTAAGTGTACCACTCAATATGGCAAACAAGTCTTGATTAGATAACACTCTTTATATCTAAACCCCACCTCACGCTGCACGCTGCGAGGAGGCACTAGGCCGGACAATGATGTTGGGACTTGGATTGGAGGTCAACTATCGTGATATCCGTTAGCGTT,424,45.99,Saccharomyces cerevisiae
SEQ_108257,TGGGCATAGTAAACTTAGTCACATCCTCTCTCCAGACAATGCAATGTAATGTGATCTAGTCGTCATCCCTGATGCTCCTAACGGGGACATGGGGTAACTCCCATTTAACGTATCATTGGGCAGTCGGGCGATAAGTTCCTACCAGGCATGATGCACCAGGGTATTCCCCGCCAAGTGGGCCTGGCGTAAGACAGCCCCTCTAGGGGCGATTCTCAAGGAATTGAATATATCTGCTCCCTTCTGACATCGCCGGATCCAGTACCTTCCATGTCCCGACGACCCATGAGTTCGATGTCGAGGAGCGGAATAAATTTTGGATTACAAAATTGCCTACACCGGCACATGTGTGTCACCCTAAGCCATCGATTGTAAACCCAGGTCAGTATGGCAGCACCACGCCTAACTTAAGACAGGGCCAGCAAAACCTTTCATCGTAGCTATCGCCGGGCGTCGCTGTCTCCAGTACACTCTTGTAGGCCATATTCGTCCTAATCCGGCCCTGTCGCAATACTTAGACCGGCGATAGGATTTTATACTATTACCTCAAGGCCGAGGTTCGATGCACTCGATCGCAGGTTCTGGGCGCAAAGACACAACCTTCTAACAAAATTATCTAATGAGTTGAAGTTTACGCGTGTATAGCCGAGATTCGTAAGACCTTCTCTCCGCTCCATACCGAAACGTTTAGAGTATTCGCCTCATGGCTTTGGACTCCCACGGGTGCTCATCATGCAACATGTTCGTCGACTGCGATACACATTGAAGACCTATTCACTCGTATAGGGGTGCCGTCTAACTATTTTGCGCCCTTCTGTTCAGACCAACTCTGACAAAACTGCGACGATCTCCGAGAAAACCGTACCATTTAAGTACTGAGTACGGGATTGCTAAACCTAGTGACTAGTCGAGGTACGGCCATATCAGATCTTGTCCAGGCCATTTTAGCCAGGAAGTTCTTCGGGGTGTACAACGATCTTGTAGGGCCGTGCTGGGCGCGTTAGACCCCAAAGCTTCAGTACAGGCTTGGAGCTAGGATACCTCTAACGCCCCAGGGAACAATAGAGAGATACG,1071,49.86,Caenorhabditis elegans
SEQ_858429,AACTTTGGCGGTCATAGTCCATGGAATTCCCATTACTTAAGCCAGTCCATTCCGCTCCCAGGAAGTCCTACCAGTAGCTTTATGACTATCGGAGTCGTCACGGCAACCCTTACAATGACTGGTGTGGGATAAATAACTGTCAAGTAGACGTCAGGAGAACTGTCGAAAACACTGTCATGCGGAAATCATTCAGGCAGGTGCATAAATCGACCCTCTTAAAAATATGTCTTGCTGGAGGGCCCCTACCTCAGTGAAGAGTCTCGGATGTCGGTAGAGGTTGGCGGGATAACCTCGAGTGTGCCGGTTCAGGTAATCATGCTAGGGATGCGCTCATCTAGGTTGTACTATGCGCATTCTGTAACACATCTCATGGTGCGAGGATGGAGGGCATGTCAAAAGAAGATGTGTTCTTCTTGTCAGAATTTAGCGGAACACGTAATAAACTTGTGGCAACCCCAGACCAGGCCAATCTGGCGAAACCGCTTTTAGCGGTTCACATTTGCTGGCTTCCCTTTAGGTTTGGTTAACGAGAGCGGTGCAGCACATCTCGTTCCATGGGCTTTGTCGGTGTTGCAACTGGGACGTTGAGGAATCGCGATCAAGCACGCGACGCCGCTGCTTCGTCGTTACACTAAGCAGTCTATTGCTAGAGATCAACAACAATGCTGGACTACGCATCAAGTTCTGCTATTACCGCAGAACGAACACGCGCATGACAGTAACCAGAGAACTAAATTCCAGCGGTCAGATTGACGTAACTAGAAGGTAAAACAATGGTTGTCCAGGGAGTTAGCCGAAAGTCTCAATGCCGAAACTAATCACGACTCAAGCACGGTCGGCTCCTAAGTTGCAATAAGTTTGTAGAGTACCCTTGATCCGGCGGAATCTGATCTGTGACATTGCCCGACTCACCTTCAAATGCAAGACTGCACGCCTTGGGCGTTTCAAAGGTCCGGTTTACAGTATCGCGGGTACATAGAGGTTGTTAATTTCCATAATCTTGTAGGTTTGTGGCGCGTATGGCCAACAGTAACCGCAGGTGCCGAAACGACTACAACAATGCCTGTCGGCTACACGGTTCTCCATCATGATGACCAGGCGTGAGCCGATGGCATGCGGCCACCAGCCTCATCAGTAATCCACGCGAGACATTGCATGCTCCCGCGCGATTCGTAAAATGCTTGCCCCAGTGTGACGGCACCAAAACACTTGCGGGTTAAATGTAATTAACCGCATGGCCTACCGCGCGTTAGGCCCGTCCCAAAGTCTGTTTGTAGTCAGCATGAACAGGGTCTGTC,1298,49.92,Mus musculus
SEQ_297874,ACTATCGGAGAGCAGTACATTGCGAGCTGACCCAAACCGAGCTGTCTCCCTATGCGCACCCTAATACATTGTCAGTTCTCGGGGAGGATCCCATTCACCAGTGACCTACTAGCAGAGCTAGTCAGCCGCTTTAAGGAGTCAACAGCAATTACCAAGTTGGTAAGAACTCGCGCAGGAGCGTACAGACAGGTTTGCCGGTTGTTCCGGATATCCCAAGGATGCACTCATGTGAATCTTACCCTCTCTCTGAGACATTTTTTCACAGCATGCATTTCAGCGTGTACAGTACGAGCCTCGGGAGATACCCCTACGCAGCAGAATCTAGTATACTGTCAAGACTTAAGACTTGTCTTTTGGAGTGCAATCGCTTGGCATAATCGACAGGGCTCTCAGAGACGCATTGTTATTAGCGATAGCCGGCGACGATTGTGAACTCAGCGAAATCCGGATTGAGTACGTGTCAACAATAAAGACACGATAGTCTGAGATCCCCTCCATATTTACCCTTCCTGCTTCGCTTTTTAATCATCCAGCTCGCTCACGAGGCATAACCCCGACTAGGTAGGAAACTAAAGACTAACATTGCCAGCAGCCAGAGGCTACACTGTTTCTGATTAGTGGTGGGCATCTTGCTGCATACATACCCCCCTCATTGCGAGCTATGAGGCTCTTGCATATTCGTTCGCTAAAATTCCCGGAGTCTGCAACGACGTAGACGTTCGTCCCCGCTTCGCAAATCCCGTAGCGGGAGCGAAGACAAACATGGACGCTTTTTGGCCGCTAGAAATTCACGAAATTCGGAAAGTCGTAGCTCTACATCGAATGATTAGATTTCAGTTTCTTTCTATGCCACTGACCATCGAGATTTACATCGAGCTACCGAATACGCCTTCATCCTAGAGGAGTTGTATACGGCTTAGCGACAGGCATATACTTGCTTAAACCCCGTATTTCAAACCATCGGAGCGCTAAAGTATGTTTTCTCACGTTCAAGTGCAAGCATGAGCCCCTGGGCGTATGAGTGCAAGGAGGTGGTGCGGAACAATTAAGTATAATCTTGCACGACTAGACAAGGAATTACTTCAGCAACTCACCAGGAAACATGTTGTGGGCATGTGGGTCCCGCAAAAGTCCACGGTCGTCGCTGATCAATGACGGCCTCGGTTTAGCAGAATACGTACACTTAAGGTCGTACTGCAATCAGGGAGCAGGGGGGTCTATGATCAGCAGACAATCGGTTGTAGCTTAGTCCAA,1254,48.56,Arabidopsis thaliana
SEQ_242757,TCTGCCGAACTCGCCGTAAGTACCCCGCATGAGGTACCTCTCGGAACTAGACATCTAACTGTGGAGAGTAAGCTGTCGCCAGGCTGTGTGCGACCGAGTTGCACTTACGTCGCTAGCAGTGACTTAGCTGAGTATAAATCAAAGTCCGCCGGAGTAT,157,52.87,Drosophila melanogaster
SEQ_513174,ATAACGAGTACAATTGTTCTCTTGGGTCCTATTCTGCATCTGCATTTTTCAGCAAATGACAGCGACTACGAATCCAATATGCATGCCTGAGTTACAACGCTTCGAACCATGCATTCTTAATAGCGTCCTGTAAGTAGAACTAGTCGCTGTTAAATTAACTTACACTGCGGGTTTGGTCAGTTTAACTTGTAGCCC,195,41.54,Escherichia coli
SEQ_625485,GACTAGAGGCCAGCCGCTGTAGTTCTTGCCTTCCCACCTTGTAGCCAAGATTCGACGGACCCGATGGGCGGCTGCTGCGCGCTAAAAGTCAAGGGGAACGGACAGTGTCAACTTTCCTGGGCGGTAGCCTGTACCGGTGGTAGCCACTGAGGTAGTATAGTGAAATGGCTCTTAAGGACGCCGCAGGTCAGATTCGGCCCCGCGAACCGCTCGCGTCCCCTGAGCCGCTATCGGCTGACCACTGAGAAGTCGGAGGCCATACTTAGCTGTTAACTCAACCGGAACCAGTCTCAAGAGCACCCACCCAGCACGAGCCGACATCCAGAGATTGTATTTTACATTCGGATGCTCAGGCGGGCATACCGTAGTAAGAGATGAGAGGTGGTGCAGACAATGTCGTGAAAGAGTGGCCATGGTGGTGGAGTATTGGGGCAGTTCCCGCACCCAAGACCCCCAACACGTCAAGCCCCTAGTTAACTTGCCAGGAGTGTACCTTTACGAGCTATTGAGTTGACCGGGACGCAGGAAATTTTACTGCTTAGGTCCCTGTCTTCGAACCTATACCCCGTCGGTGCATTTTTTTTCCCACTTGCCCTGGGCATTCTTCGGTACATGCGAAGCAGAATACGTACCCCAGCGCCTGAACGGCTACTAAGTCAGCTTGCCCGCGACTCTATGATGGACCAGCAATCTTCTAAACAGTAGACCTAGCAACACTGGGCCGAAATTGATTCATGTATACGTGGATGTCGATCGAAGGATGCCAGAGTTCACTGTCTTATGTGATATACGCTCTGCCGGTCGAGCATGCAGGATTTTGCGA,823,53.95,Drosophila melanogaster
SEQ_454015,AACCGAGCTAAACCCTACGAGTGTTCGCCCAATCCACTGTGGTCGGTATGGATGAATTCGAATGTATATTTCATTTCCTCCAAGAGACTCTGGAAATGCACTCATAGGGCCGCGCGGAATTACCGAAGACTAGGCCAGCAGCACGCCCACACAATCGGAACTGGTTGTCCCTAGAAGAGCCGAGGTGAGGAGGCTGGGATCGGACCTCACGCTCACAAAAAGTATGGGAGCTAACGTCCCGCACATGGTCTGCCGTCCCGCTTTGTGAAAGATGACCGTGTTTTTGCATGCAGCATCAGGATAGTGCTCCAGTCGATCAAAGTTGGCCTACGATGGCTCTGCATGCGCTGCCCAGCCGTCGGATGGAATTGTTAGTCGATTATACATAGGTGGTCCGCGTTTAATAGTAGTGCGGGCAAACACCGTCTTTGCTGCCGCCTTCATTTCGAATAGGATGAGACGAAAATTTGCTCTAGTATCAAGAGTTAAGTCTACGACCAGGGCCTGGCTTGGATTTGCGCTCATTTATTCCGTATCAGTTGCGCTAACAGATCTACCTTAAGTCCCGTGCGTCGCGATTAAGCAATGAACACTTTTTGAACCCCGGTTGTTCCCCGTGTGGCGACAGTATCTCAGCCGCGGTATGCTTGTGGGAGACGAGTGGTAGCTCGATCTAGATCATAGGTTTCCATATGGCTTCACGTTCTGGACTATCCAGACTTAAGTGAGGAGGTATCGCCGGCTTTCTGACTCGCAATCCTCTTTCGGACGTAACAGATAGCTTGCGAAGGGGCTTGTGCTAATTTATCGCCACTCCGCCAGCCAGTAACAGCATGAGCAGAGAATGACTCTTTGATCAGGCGGACTGGTAAGAGGCCGACATATTATCCTACCAACGCAATAGTGGGCTACGTGCCCGGCACGTTGGGGGATGTGATCTAGTCCAGCTAAATCGGAAACTAATCAAGTATTTGCCGTAGTGACCTAAGAAACGAAACTGAAGGTAATTTGGTGTCTTCTGTTGTCCGTGCTAAAGTGACGTCGCCAATAACATAGAAAAACAAATCGCTAATACAACGGTCTGATGCGTATGCTCGTGAGTATTAAATGGTAGTGAAGTCGCCTTGCGTTGTTGGGCGGGCTAAGTTATTGCAGCTATCATCCCTAGGCGATCACCGAGCAAGAACGAGCATCCGGGT,1199,49.96,Escherichia coli
SEQ_573237,CTGGACGCCTGTTGTTTGCCTTAGATGAACATTGGACGCCGATGCCACAATACTCAGGGTCATATCTATCAGGATCCCTGACCTCCGACTTGCTGACGGTGACTCCTCTGGAACCTAGGGCTTAAGTCTATAACCGAGGCATGTAATAGTACACCGATCAGTCCGTGTTAAGTCTCAGTTGAAGGTCAATAAGAGGGATAGTCACCATCGGCATGGATCGAAGATTCTCTATTTCAGTCTCAACCGTCACGGTTTGGTCACCACTAGACGATTCGGAGGAAAGGACATGATTCACTTATAGCGCCCTGCTGAATTCAGCGTCTGATAGGACTTCAGTAGAGGATTGTGCGGAATCGAGTGAATGACAGACCCACGCGTTTTAGATAGCTTCTAAGCCATGGGCTGCCCGGTCTGCTCATCTGAGTGAGGAGACTTAGAGGTGTCAGAGCCAGCACAACGCCAGTTGAACTCTCTGACCGTATGTTCCGGGATGTTAGTACGCGTCTTAGCGCCCTAAGACACACACTCCTTAATCTAACACTGCGGGGCTTATACTAGCCGGCAAGCGTCAAACGCTTATCTGATTCTCTGCCGATCAGGCTCTTAACCACAGTGACAGCCCGGTAGAACCCGAGCCTGTAGGAATCAGACTCAGCCCTTTATGCAGGCTCTTCAGATATATACTGGAGCAACAACCCCCTTTTACCAGGCGAGCCGAAGTAACTAAACCACACTACTCGACTCACTATAATAGAACCAACCAATTGATTTCCGTACTTAGGTCAAGACAAGGCATGTGTTGCTACTTTAGACGCTTCTCAACGGCACGTGTACAGCCCCATTCTGTCGAACTCGTCAAAGCGTTAAGATACAAAGGCCGCTGCGGCCCAACAAAGCAGTCCTATCTACATTAATGTATCCACTCGATTCAATGAGTTAGTGGCGCAACTAGCGCTGCCCCGCTAGCGTAGCAATCCTCTGGATTTGTAAGTGTGTAAGGTAATATTATTCAGCGTGTAAGGGGGAGTCAGTAACCAGAGGGCCCGGAGAAATGTCGAATTCTACTCTCTTACCACAGAAAGCCCGGTCAGATCCGCATCATCACTCAAGAGTAACCACGGCTAGCACTCTAGATACTTGACTCTGCGGCGCCATTTATTCCGTAAAGGACCTCTGAACTGCGGCTGTATCAATTATAGGAACATATGGCTGGCTAGAACAGCCTCTTTGAGCAGAGACCTTCACTCTTGACAGATTTCATATAGTAGCAAGCCATTACTCGATTACACGGTCATTAGTTCACCGACTCCTAGGACTCCTTATCTGGGCATGTCTTCCGGCAAGCCCGCTAACCATGGACACCGCACCATATGCGGGCTTTTCATATTGCCTTGACAGGTGGAGGAGGAATGGCTTGCAGTCCAGCTTTTCTCGCTACCGTTCGTATCTATGATTCCGTCTATGAAGAATTGGAAGGAATCGGGCGCCGGACTCGGTGGCGTTGACAAGATATAGCATTTGCTAGGTAAATCGCAGTCCATAGGACACCCACCGCCCCTTCCAGGTTATCCGTGCCCACTGATTTCGGCGACCGAGCGTGGTCCTGCGGGTGTAAGTACTATTTGCGATATGCTTCGTTCGCTCAAGGTGTGCCCGCCTCCATCCGAAAGTAAAATTCAACGCCTATTCAGAGCACCAGAAAATTACTGTGAGGCCTGCATTCGATGGACTCCACTCGGATCCGACCGAGCTGTCCTCGACCCCGCTGTGGTCCACGCTGAGACATCAGCAGTACTCATGTACAACAGTGATAGTCCGTTGTCACTTGGGCACTCAATGCGAGGCCCTATCAAGAGACTAGCGGGCATCCCATCGTTGGCAACGTTAGGGGTTGTTTAATTGTTGGATATCGACCCTACGCTAATATTTGATAGATCTTGTTTATCCCATCAGCATCGATATTTGGCC,1968,49.7,Drosophila melanogaster
SEQ_759188,TCCGATAGTTGAAATCGTAACGCGACTCCGTTTTCACGAGTCCTCCCGATAGCTATGTCTCCGCTACGAAGGCCGATAAATGTCGTGGTCTTTTTGTGGGCTCCGCTGCTAGCCGAGTTAATAAGATGAGTTAAAATCGCCTTGTGTCGCTGATAGTCAGAGCCTTCGCTTGCAATTTATGTTTCTTATGGTCGGAAGACTTGACAGTTGGTTTAGCGTAAATTTTCGGGTCTGTGGCATTACATCTTCGATCCGCGGTCACGTTACAACACTCCAGTTCGTGGATTTGACGAGGACCACGCCATTTGGGGGAGTATATTCGAGGAGCTGACCCATCGCTGGTTACCGATCGCTGATGTTCTGTAGTCCTCGGAGGCCTGCAAAGGTCGATTTCACAGTAGGGTCGCAACCTGTCCCTTCCAGGAGCTGCTGGCAGTGCTCCAGAAAAGAGGGAAACGGGCTGCAATAAGGAGAACTCCCCGCGGGAGCCAGGCCGACATAGTCCTCTACTAACGGGAGGCCTACATTTACCGGCCATGGCCCGGTGCTATCTACTAACGAGCGAAGGTAGACCGGCCTCTAGTGCCGACTATGCAGGGATCATGCTTGCTGACAGTGGTCCTAATCTCCTGTTTCCATGTCCCCGACCATAACACTACTAGAAGTGTCCAGATAGACAGAATAATAGTAACGACGAGGAGCGTGTCTCCTGAGTCGGTGGAGCCACATTAGGGGCGAGTCTTCAAGCCGGATAATAAACTAACATTTAATGAAGAGTACTCTCTTCAAGTCGGGCGAGGCCAGCACACAGGATATGTTTCCCCACTAGCGATGGCTCGCAGTGGCACAGTCAAAGCAGTTTATCTGGTGACCGTACTCTAGAGTTCTTAAGCCTGGAGAACAAACGCGAGAAAGGCAGCAGTTGATAAGTACCACCAGTTCAATGTCCCTACAGGCTTAACGTAATTACTTACCGTGCGACGAAGACAACCTAAGAGAAGTTAAGAATGAAGGACAGGAAGCAGTATGTAGGGCTGGCCGTACCCTGTTCCCGCAAGGACAGCGACCACAACTTGCTGCCCGCAACAAGTCACAGTATAATAGGATTGCTTATTTCTTGCACTGCGGGGAGAATTGTGCAACAATAGCTATTCCAATCCTTTATATGACATTATTTAGTCAGAACACTAACTGGTCCTCCCGCCTGTATACCCATGAAAATGGCTTTTCCGACATTGGGAGGCACTTCTTAGCACGAGAAATCTCGTAGCTTAGCGCGTCGACGCGCCGCCGGGCGCGAGAACTCCCTCTGCTGCGGAGTCTACATTCATTAAGGTTTATGAGACTAGGGCTATGTACACGACGTCGTTATGGCATTTTGAGTAATTGTTGAACAAGGGATGGTCGGCTAAGATTACCGTTGGCTTTGCGGACCAAGGTTCCGGCGTATCCTCTTATTTCTTCCCGTTCGTGATCCATAATATTCGTAACTACTGTACAGAGGTGAGCCGGGGATC,1517,49.9,Arabidopsis thaliana
SEQ_930261,GCGATGTGGTCCCGATGGGTGAACCATGCGGAGCATAAGTCTGCCTCTACAAAAACGATAGAACCGCTCCTGGGTAACGTCTCCTTGTTCCCGGTTAAATCAATTCTCGTCTGGCTATGACCTTACCCCAAAATCTATATATATATAGAATTGACAACAGAGCGCTAAAAATGATTTCTCTCCGCCACCGGTACAAGTGTGGGCGGGTTCACAAGTTTAGATATATTTTCCAAGGAGACCCGCACTTGAAATTAGCGAAGGGATGATGATGTATATCGCCAGTCCACTACGAAAGCACGCCCTTCTGTGAATTGGTTACCACGCGGAAGGGTCGTCTTACGACGGAGTAAACCTTGCAATGAGCACAATGGACTTAAGAAGTCTCCGTCGACGGAGGACCGCATAAGAGGTCGCACGCTCGTGGCAAAAGTGGAGTGCAAATAAAGAGGACTACGTATCGCAGGAGAGTCAGGGGGACCGGCAATACCTTACGAGAGACCAGGTTGTAAATCTCTACAATGCTACGATGGGATGGATCAGGGGAAACCTCTAGGCGGTTCAAGTCAATGCATTAGTGTAAATGAGTTACCTTTAAGACGACACATGGGACGTTGCTCGTGGACGTAAAGGCATCGATTCCCACAAAATACGCCTCAAGACCCACGGTGCCCATTAGGGGCCAGCGAATACAAGGGCCGTCAGAACGTTTTAGACGTAGGGTCGTCTGGTGGAGGGGAGTCCTCACCTGGACGGGAGACACGCGCGCGCTTAAGCTCCTGAAGAGTATCAACATCAACAGGATGAAGTGCAGTGTGCAACGCATCCAGCCCGCACTTATTTAGTCGTCCGTTCGAATCACTCCCGCGAGTCACCATAGGTGGCTCCAGCAGGCTATCGTAGAGTCAGACCCTGACCATGCCGTTACATGAGGAGCACATCCACGCCTTCGTGAGGGTCGTGTGAAGCCACAACGACGAGGTCGTCGCGAAACACTTAAATGGTACCTGCACGGAAGCGCCTTTCATAACTATCTTACATAGGCAAGACAGGTCTAAAGACTGACATTTTCGAACGGACTCCTTTGGGCTCAGGCGGTCCGCAGGAGGACTTATAATAAGGTGGGGGTGAGCCTAGTGACAGTACACTCAAACATCACCTGAATAGGATCACATGAACCGGCGCGTTCAGTGGGATCTATGTGTTATATGTGAGTGCATGACGATTGTGGATGGCTCTCAATCCGTTTAGATACAATCTTGTCGCATATATTAAATGGGGCACTGGAGGGCGTAATGTACTAGGGTTGCGAGAAGTTCCTAACAGTAGCCAACCATATGGGTTCCAGGTCCCGGGGGGATCTCTTGGGATAAAGAACGACAGCATTCCGTTCCTCCTTAACCATGTGTGGTGATGTGACAAGTTTAGCTATATATACAGGCGGAAACGTGCAGGTGAATTGTTCCGTGTGTGGTGTCCGACTAATATTCCATCCCATCACGAAGTATCGGATTCACAAGAATTTCCTCAAGCGCGGGATACTGCAGGCTATGTTAGTTGTGTTATCCGTTCTTGGAAGGGATGTATGACTATTTTTATGATGACATGCACACCCTTCATCATGGAGTGCGTTCAAAACTTTCCCCGATCAGTATGCGCCACCGTTAGCCGGTTGGACCTAAATAGGCAAGTACCGTAGGTGGTATCAAGGAGCGTGAAGCCCACTATTAGGGACCCCGCCTCCCAGAAAATGCAGCAACAGCTTAGCTAACAGGACCCCATGACCTCACGCCTACGCTTGGTCCAAGCACACATACAACCGCCTACTCGCAAACGTGATGGACGATAGTAGTTGTTCTACTCATCCACCTTGACCGGGGAAGGCTCAATGCTCTCTAGAGAGGTACCGCTTTGAGCCTTGACTGGAATAGTCGTGTCGGAACCAGAAATAACTTCATATGAGTGCACTGGCAGCGGCACGTTGTCGTCAAGTCACC,1994,49.95,Mus musculus
SEQ_443280,CAGCTTCGCTAGTGTAGAAGGCATCCTGGATACGAAAGCATCTTTGTCTAACCCGCCTCGGTTACACAGCGAGGGCCAGACGGTAGCGTCGACACCAAGCAGTGATCGTAGAGCTGATCCGTTGTATATAGTGTCATCCGCAACAGCAGTGACGTGCATTTTTACCTGTTTTACTCCTCCTAGCTCAACCCGACGTAAAGTGAGGCACTCAACGTACGATGTACAAGGGCTAGCACCACTACTCCGTCAGGCGGGCTACCGCCTTGATGCACTTGGTACAATTACAGGGGTAGAGGAGGATTATTAGTTGTAAACATTAAACATTGCTTCGTTGCCGGAGACACCCGACGACTTAGCGACTGATGGAGGCCCGCGCCATAACCCTGGCCCATCACGTGCCTTATCACCCGGTGAATTATTCTGCGGCGAAAATGAGCTAAGAGTATTTTTATAGAGGTTAAATTTCAGATCCACTGGGTAGGCGCGCAGTATTGAAAAAAAATGGGTCTCGCCTTATGGACCCGTAGCCGCGGAGTCACCCCGATGTAGAAATATTCCACATGTTCCGCAGCTAACTTCTTGCATTTCTCTAAACTATGGTGAGCACGTCAGGAGGGGTATTCCACAAAATTTGGTCGTCAATGCGGAGCTGCGTTTAGGATATGCCTGGGAAATGATTTGTGGTACTTCTCCGCTTGACTCAATACAAGACTAATGCAGTAAGTGATCCTGAAATGAGCCCGACGCATCTGTAGTGGTGCAGGGGAGACCAACGCCGTGCCGTGTTTGTGTCCGCTCTACTAGGTATGCCTGTGCACTTTTCTGTAAACCTAGTCGTGCCTAGACGCACCTACTGGCGGACATAAGTGCGAGCTGGTTCATCGTTCAGTAGTCGAAGAAGCGTCCCGCCCTAACTCGGAGGGTTGCTTCCAGGGGCTCTGAGTTACAGATCGCTGCACTCGTGATTTCCCACGTGCACCTTTGAAGCCCACTTTCGATTTCCACCTAATGGCAGGGATTACGGCAAACAGACAAGGCATGTCAGATTGTCGCTTCGCTGAAACAGTGTGCGTTTCGTTGGTAGGCTTGTCACAATGCAGGAACGGGTTGGATAAACAATAGTGCGGCAGAATGTAGAGGGTACTACTAACATTCATCTTTCGAGCTGGGAATGTGTAAGTGGACCTCCCGTACTATCTAGCCGTAGGAAGTAGAGAGCTAAACACAACACGAATAGCGGGTAAAGTTACCATAAATCTTAACAATCGAGTGTACAATACAGACCTATTACCAGCCAGCAACCATCAGTTTCCGCAGACGTGATTACAAC,1330,49.4,Drosophila melanogaster
SEQ_992952,CGAACTCTTCGTCAGTTGGCAATGCTGCCTACTTTTGGTCTGGTTGTGGCTGGATATGCCAAACCGAGTCTAGTGCGGACCAATGGCTATATGAGCGAAGCAGAACTACCATACATCGCCACAGACACAGGGCTACACTTGATCAACCGTTCGACATACGTAATACGTTACTTCCGTGTGCGCTTCCTGCTAGGTGCTTTCCTTTGACCAGATCTTGAGTGGTCCAAGGGACTAGAATCGAATGAATGTGTTTTATCGTGACTTCTGGGGGGTGATACATGGGCATAGCACACTTCTGCAGCTTGGCGTTCGCTTTGACTGTGATACGCAATCGTGTTATTTTAGAGTAAGGAAGAGCGTTTACACAGGACAACCACTATAGGAGTTCATTCGTTATTTTTACGCGTTGTTGACTTGAAAAGGGTTATCAGCCGATTCGAGTAGTCTCGCCCAAGCAATTTTTCATTTTAGAACCGGCATTCACTCACGGTCCTAGAGGAGTGTCGATTATGCCTTACACAGGTCTTAGGCCGAAACCACCCTCGACAACATATCCAAATATTCATGTGTGCTAGCGTTATGGCGATGGGTGTTCTAAGAACTTAATGCGGGGTAGCATCATCGCTACTCTGTCGAGTGTCAACGCAGGCTCTCAGTATTCAGGCCTCTGTTATGTAAAAGACTGCGACACTGAGCTTTTAAGGATGGCTGTATTGGTACTGCCCCTTAAAAGGTTGGACTGCAGTAACTTGGGAGGGGTGCCCTAACGCGGGTCACATTTTGCTGGGTCAGAATGAGCTCTGGAGGTCTCTATCCGCACGATGGGGAGGGTGGTAACTTACGCTCCTCTATCCCTCCGCATTGCGCCGCATACAACTCCACGAACAGGAACATATGCGCGACTGGTGTCCTCACTGGCCGGTAGGCGGCCCGCCCAATAAACGCGGCCCCACGACACCGTCGTGCTATATCCGATGTTTTGAGATCGCCCCGCGCACGACGGGCACGAGGCCGTAATCCGCTACCGCTTCAGTAACGACGGGCGACCACGACGGAATTTATCCTACCAGTCTGACCAGATACCTGAGAACCCGGTCCTCGGACACACATTTTCGGTGACGGCGACTAACAATATCCTTTCTATTTCGCCTCGAGCCCTTGCACTAAGGTCAGAATTGTGGGGAACAGATCGCGTTTCTAGTAATGGCAGCGCCCCATGCGTAAAATTGGGGGCGAGCATACACTTTTTTGAGGCAAATAAATCGATTGGGATACCGTGCGCGTGCCCAACGGCTGATGTGCAGGGAGATAGCACACGCCAGATAATTTGTAACACGGATACTAATTAATTTGCTTTGCCTTTGGATTATGTATGGGAGCAGTCCTAGATCTCCGATAACCGGGACATACTCTCTTCGGGTGTCACTTGACGTGCAATTTATCTGGCGTAACGTTCCGTGACGATGAGTCGAATTGCGATGCTAGAAATGCAGATCTATTCAAGATTCGTTCACTTCCATAGTATCAAACCCGGAAGATTCTTTTGAGCCGGATAATGGGTCGAAGTAGCAGATGTCTCGCATCGCCTTCCTGCCGTCCTTAAATCGAGTATAGTCACAGAATCGCACGTTCCAGGCCCCCATCCTCGAGAAAAGCCAGTGTGCTTGATAGAAGATTCGAGGTCGTACATAGTGCGATCATGCCTGCTGATGTCGCAGAATAGGATACACACCAACTCCTCATCCCGTAGGAATGCCCCCTGAACTTTGTGGTCCTTATTTGGACGCTGAGTGAGATCTTTTCCTGTGCTTGATCCCCGCTGGGGGGCCTCGCCCACTCTTCGTGGCTGCACCCGGCGTCAGGGATTTCGCTATCCATATCTGCAATATCCTGTCAGTGATGGTGACGACTACTTGCCTTTGAGCGGTGAGGCCCTGACACTTAAAGATACTTGGCGGTGCATCAGCGTACGTGCCCGCAATAGACCAGATC,1992,50.45,Caenorhabditis elegans
SEQ_729986,ACACCTAAGTTTCCCGTTTGGTGAGTTTTCCAGGGGTTACTGGCTATGTGAGCCAACAGGACTGCGATTGACCATGTATAGAATGTCTTTCGTCCGCTAACTGTCAGGGTAAAGTTTCTGGACGTGGACCGTATGGTGCGACTGGCCGCATACCCCGCGTGATTCCACTCCGCCCGTGTAGAACAACGATGTTAAGGACTAATCTTTCGCTAGCCCAATTGAAGCCCAACAGCAAACTATGTGATGCTACCACGTCTATCACCGTTACGCAGGTCCGCGGAGAGGTGGGCAATGCCTGATTTATGTACCTTAGACGAGTCCTGGCCCACTGTTCATATCCCGCAAGACGAGTGATTCTGGCGGGATGAAACTGTTCCACGTACCGAAGAAGTCTGCGTCCGTGAAATCTTAGCAGAAAAGCGACATTACTATAGCTTCCTCGTGCCACGCGAATGTCCTCTCGGCTTAAGTCTAATGGACTGCCTACTAGCCCTTCACGCGTTACCGTCACGACTGTCAGATATGGGAACGGCCACGCAATACTTAAGGAGACTAGGGCATTCCGACCCTTCATTCTGTTAACTGACTACGCAAACATAAATAGTATAGTCTTTTGTTATGTAGGATCGTGGTATAGTGGCCTTAAACGTTAGCTGTAACTGCGTGCCTTTCCGGTCTAACCGTAACTACGACACCGTGAATTGCGGTTCTCGGATGACGTGAAAAAACCAATCGGTTCGGCAGTGCTAGAATACTAATCCAAGTAAAGTTTTGTCACAGTTCTACTGTTCAAGTTTTTAAAGCACGGGGAGGGATTAACATTTATTGTTCCGTGTAATAAGAATCTATAGCGTCCATACAAAACAAACGGGTGAAATTAAAGAGATTAAGATTCACAACACTTAACGAGGGTGCTCAGAATTTTAGTCTATCAATACTTAGATGCCCCTCTATAGTAGTGCTATGCAGGTGACCACCCGGGGAGACGGCTCCAGATAAACCGGCTAACTTCTTTTAACGACAACCCATGAAAAACGGCTAATGAGATTGGGCCATAGGCGAAAACACTCACTCACATCATTGGATAACGACGACAATGGACTTCGGCTCGCCTTTAGGATGGAAGATATCTATTACTAGGTAAAGTCGTAGGGGCCCTGCCGAATGTTTCTTGAGTTTATGCATAACATCTTCGTGTGGGCGTTCACGTAGTTAGAGATCGGCGCCGTAGAGAAAGATTACCTGCTCACAAATACAGTTGGACCACCTAAGGTTCGTTGTCTGGTGAGACACGTGCAGCTACGGGGACTGTGCGTCGATGAGACGGGTTGACAG,1335,47.27,Homo sapiens
SEQ_578080,GTGTTACCTTGGAGGTGCGTAGTTTGGACTCGAGTCATCAAGCTATAGGCATCGCTTATCCCCCATCCCGTTTGCGAATTTAATGCAGGAGCACCCGGCGCAACCCACAGAAGTGAGATTGAGTGGCTCTAGGATACGGGAGTGATCCCCCCTTAGGTCTAAAGTTCGTGTCAATAGAGGCTAGCGGGGGGCTTGATACCGGAGGGTATTGATGAGACGATTAGTTCTGAGCATTGGAATTAGTTATAGACCTAACTCCCGGGAGGATCACGCATTGTCGCCTATTCTTAAATGACACTTCTATCCCAACCTGTCGACTCTGGCCGTTGCTTTAGCGACCAGTTAGTAAATCTCTTAATACGCCCTCTCACGCCCCTTCAGCACACCTTTCTTCCTATATTTAAGGATCACAGTCCATAGATGGTGTGTGGAACTCCCTCTATGTACTCTGGAGAAGGTGGAAAGGAAAGCACCTGTTGCGATGTCGGGGGTACTATGGGTATCCCGTTTCGGTGTGCGGCATTCGACCATGATGTCTAGTTGGTTCTATCAATCCTTAAGGGCGATGAATAGTATCGTGGGCTAATGTCTTGTATGACTTGTGAAGAGATGGCAGTAGCAGGCCCACCCCGCAGCTGGCATCCCACGGCGAGTCGAGCGCAACGGCGGAGACAATGAATGATAGGGTTATGTTCCAAGAGCTACCCCTCGTGGAAGACCGAAAACTGCGTCCAGTAAAGCTCACGGGATCTTCCATCGTTCCTCGGCTGAGCTACCGCGCGTAAGTCGGGTCGGCCCTGGGATCCCGCCTCTACAAACATTATTCACCGAGAACCCTACCGTACAGATCGCGCGCAAAGTGGGATCACTGCCAGAACGTGGGTGCGATTCCCCGAGACGAAATGTAGTGTTGATGTCTTCAGGCCTGACACCCCCGGCAAGTTGTTCGTCGTATCCCCTTTAGTTCTCAGCAGGAGACAAGGGAATTATCCTTTGACAATCAAGGGTATGCACATAACGTAGTGAAAGGTGCGGTAAGTAAAGACCATGAGGTATGTCTACCTTCTCTTCATATCATTACTGACGAATTGCAGCCCCAGAGGTGTGCCTCCTATGTTAGCTCACGCACTCCCCGAGTTAGCTGGGTCACTCGGTGGTCAATTGGAGGATCTATCTTCGGTTAATTCGAAGTTTCACGCCGTTGTAGGTCTCGAAAGTATTAGTCCTGCGGTAGTTTAAGAGCTCTTGACTTGGGACTCCCTAACACTCAGTTCGTGTAGAGTTACCTGCGTAGCTCATCCGACTACTCCAACAGCGTAACGAGTTTAATAAGCTGAAGAGAAGATGGCGACTTAGGGTTTACTGATATCGCTACTATGTATTTGGAGCACAGCGTCACTAACGGCCTCCATAGCTTAGCCTTGAATTACGATAAACCACGAGGGCTTGAATTAGTTTTTTCACCAACGGCAGCTACAATCA,1482,49.87,Caenorhabditis elegans
SEQ_272252,TAGTGCTTGTGCATCAGCTAAAGCAACTCCCCCTTTCAAGCATCTTCCGCCGTTATTGGTCTTCACACACATAATGGGCTGATCGTCCTCCATCCGTGGTAGAACCAGGAATAACGTAAACCGTACACAAGTAGATGATGGAATCGAAGCACGTCTTAAGCATAAATTCGCTCGCTTGCGCTCACATAATGACTACTGCAATAAATATCTGTTGCAATTATACCAATGTTCTGAATGGAAAGGGATACATAGACTCCTTGCGTTTGGCATGAAAGCATGAGGAGAGCTTTCTGCGTGAATTTCGCCGGCAGGAGTGGAGTGGGCAGAGACTAAAGGAGCAAACAGAGCTCCTCTTATCTACGATGGGCGTCCCAGTACGGAGACGTATTAATGTATGGGAAGGTGTACGTATTGCCTGCGCCAGAGCGAACCGGATATCATCACGCTCAGCGGCGGCAAGGCGAGCCAGAGGCAGCTACTGTCGCCCTAAATCAAGTTGTAGTGGGAACACGGCGGCAGTCAAGGCAACTGTGGTTAGTGCTCATCCCTGCTAATTACCACTCAGCA,567,49.21,Saccharomyces cerevisiae
SEQ_254950,GTTAGTTCCGGGCAACGCGTTCGAAAAGTGGGCCGGCATTTTGCAAACTCGAATAGTGGAGACCCAAGCTGCTGGGAGTTTTAGAACGTTATCCCTCTCCGGTCAGAGGGCTACGAAAGGTATCTCACCAGATCAGTGCAATTTATACCCTGCAGTAAGTCGGGCCAGCTGAGACCTTGTTTCAAGAGGTATGTATAAACGCTGCTCGCCTGGGTTACCTAGAATTGCTTCGTTATACCGGCTAAGCTTAAGATCGCTCGAGGTCTAATACGCCCTCTGTATAGGCTAAACTCATCCACGAGGCGCACCTCGGCTTGCTGCCAGTCAACTAGGAGTGGGAGTCTCATTGCTGGACGTCTCATGATCCGTGCGTGGCCCGGAATGCAGAGTCGGATGTTCTGGGAATATGCGATTGCCCTCTGGCTCCATAGAAGCCACTAGAGGTCCATCCGTGAATCCTCACCCAGGCCTGACCACATACAAAAATGACATACTGTGAGAGGGAACCGCAGTTCGCCTAAGTGAGACGGTAGGGAAACAAACAGCTCCAGCTTCGTTACAATTGGTTGGAATTATGTACGTCACCAGAGGCGCTACAGCTTTCTTCTAATCGACTGATTGCGATACTCAATGGGTTTGCTAGCACTACCAGTCTGTCGCTGCAGGTCACCCAGCACCGTCTCGAGGGTTGCAGCCAGTGTACGGATGACACCAGTACTAGTGCTGCTTTTGTTAGTTATAAGAACCACTTTTATCGTGTCCACGTCTTCGAGACCGGCAACCGACCTTATCGACTAGGGTTCGATATGGGGATTGATATCTTGCACGTAAGACCCCCCATAAATG,846,50.83,Saccharomyces cerevisiae
SEQ_588426,TAAAGCCACACAATTTAGCTTTGCCTAAACAAATTCCCCTATCTGTGTCACGGTTGGTCCAAGGGCTTACAGGGTGACAGTCACGTCTACTTGGGGGACCTGGCCCACCACGATCCTTACATTCTAGAGTTGTGGCTGTTCTGGCAGGGGCGCTCTTGTGCTGTCGCAGCTTATCAACCCGAGCGCGGTTGAGGGACGCAGGAGGGCGATTCACACGGAGTGGTGCTGCCTTGAGATAACGTTCCTATCTGTTAGACATGAAGAACCCTTATCTTCTCGAGAATGATGCCGGCAGGCGTCGCTGCAACGGGCGAAAGAATTAGACGGGCAATGATGGGAGGCAAATCACGTGAATAACACTCTTACCCACAAGAGGAAGGGCCGCTGAAAAGGGTATATGATACCGGCTGGAGGGCATTGGCACTACTACTAAGCAACTCGCGTGCGTCTCCCTTCGACCTTCTATTTGCGCGCGTAGTGGCACATGTAGGTGCGCACACGATTCGTACAATTTGGAACATGGCATAGCATCTGCCAGTCCCCTGACGACTGGCCTACCCGTGGACCTCATGCCACAATAGTTGGGGCAACCCTGTCCGGCCGCCGACGGGGGTACCCTTAGACGTGGGATAAGTTTTTAACCACATATGTTGTGCATTTCGATTCTCCGCGGTGCCCGGGATTATCGTGATCGATTGTTTTCATACATGGTATTCTTCGCGCCTGGGCCATGGCTCCTGGGCGACATGTCGTAGCGAGGACCTTGTGGCGTCGAGATAGTCGTGCTTCCATGAGTTTTCCCCACCCCATGCATGTGCTAAGGTGATAGCTGAGGAATTAAAATAAGCGCTACCGCCAGCAGGTTCCGAAGTTCATGGACAGTCACTGATATGGGAGGGGGTAATCCGGTAAAGTGCCTCACCTTTGCGTCCAAATCTCACACACGTGAAAGAGACCAACTCGACGGTCCAGACTATGAGCAGAGCTTTTTCAGACCACACAGCCAGCGTTGTGAGTACC,1020,53.14,Mus musculus
SEQ_609454,TCAGTGCCCCCATGCACCCACTTCAGGCGCAACTCGCGTACGGGGTACAATATCCTCTCGCGTATCCGCGGGCCTTACAGATCTCAAATCGCCCCCTAGTCCGACACCAACAGGCTATAAGCGCTACGCCCTGAAGGTTATACATCCTACATGACTCGGCGAGCCCTGGGTGATGCCACCACGTTCACCTGTGCCCTACATTCCCGTTAAAACGATCCTTGTAGGATCCGTGGTCACTGCGGGAGAGGGATATCACCGCAGGTCCCTGATTTCACCCAGGGATGGACATTGTCTACACACGACCGTGGGCTTAGGCTATACTTGGGGTACATTACGCAAGCCGTCCTGAGAATTCTGGTGGACAGAGACCCGCGTACATACTTACAACCTCATATAAGTATATCGGACTAAAGGGTCTCCGGGACCTGCTCTACGTGTCGAGTACTTTTCGGATTCTCGGTGCCTCGAAACATGAAGAGGGTCGAGAAAGTTAGTCGTACCGTACTACGATTAGGTTGAGAATAAGCCTATGTTGGCTATCAGCAGTCGCCCCTGTACTTAATCCAGTGCGCTGCGTCATCTAGGGCCTATTTCTTCGCGATTAATCCTGTGGAGTGGATGGATACTATTCAGGGGAGCGTAACCGTTTGCAGTTAGCTCGCGTGATCGATCGGCATCCTTCGAGGCAATACCTTATGGAATTAACCTTCCTTACTATGCTTCACCCAAAAGTCGCCGTCTAAGAATAATACGTGGACTTGGGGGCGGATTTATTTTTCTGTATCCATGCGGCCAAAAATGGTTGGTACCCAAGTCGTGCAGGTTTATTTTTTAGTTTACTAAATACTAGTCGCCAACCATTTCTAGCCATACACTACGTAGCTATCCGGAAGCAGTACTTTGTGCAGTCCGGATTCCACAACGTATGGGGACATTGGAGGTAAGCACCCAACCAAGTAAGCTTGAGGGCGAATACACATTTGGCGGATGGGAAAACCTTCGTGGGAACCTGCCATTTGGAGCCCTAACAGGTTTGCCCCCAAAAAAGATATCGTCCTGTCCCCATTATTTAACGAGAGAGGTCGACAGTGGCAGCCTTCCGGTGGCAAACTGCATATCCGCTAGCGCTAGAGACCACCTGAAATAGTCAGAGATTCGCGTGTTATTGGATTTGGAAATAGGACTGACTTAGGGATGATACTCGCGGAACTGAAATTCTTGAAGATGACGGTAAGACCCATGCACCCATCATTAGGAAGCTTGTACCCTTTCATTGCCGTCGTAGTTCTCATTTCA,1296,49.69,Arabidopsis thaliana
SEQ_452919,ACTTGAGACTTATCGTCGGAGCCGTTTATCGTGTGTTCCGCGGCGTAAGACAAGTAACGATCTGATCGAAAATCTATAGGGCATACTGTAGCTTCGAACCCACCGATTCCCCGTCTTTATCGTGTAAACCGATTGTGTGGGTCGCCACGTCGGATTGAACCAGAACCGCTATCCCCGCCAACTAAACCACACCATCGAAGGGATCGACTTTCTTATTAGGCGAATAAGCAACTCATATCACCTGAATGCAGGGTGCTTAAAACTGTTCCTCCACCAGGCACCCCGACTTCCTGTAGTACGCTGGATGCGAAGGAGACCATTCCTCACCAAAATGAGTTTGCTGGCGTTTTCTTACTGGACTATAGCGGACGACAAAACTGGTAGGGTTGTAGCTTACTTCGCCCGAACGTAATGATCAAACATACGGGCCCGAAAAAGAGGTTACCCCCGTATTCTATCCTTTACGCTAGCTGAACCGAATTAGTCGAGGACTTACCCCTGTATTACTCAAGTCCAGCTGCTCCCTACCGCTTGCTCTCGTATTTTTCATCTTGTGCGTATACGTTGATTGCAATTTGCGAATAATGAACTCGACCTGCCATCGTTTTATCTCACGCAAGGGGCGGTTGTATCGGCCGAGATGAATGAATTGGACCTCTTAGCAAATTAGAAGTCACGGTCCGGACTCAAGTCATTTCCCTGTCGTACTGGATCGTGGGTAGCAAACGGTATCATAGGATACGCTGGCATTCCTCTTGGACGAGATCACGCGAATATACTGCTTGGAGAAAGCTTGGTGGCCTAGCTTCCAGAAAGCCTCCTCCCTGCACCTTACTACCGGTGCATCGCAGAAGGCAACAGTAATTTAGATTGACACCCAGATTGAGATGTTTTAGAAGTTTATGTGCAAGTCCCTCGCCCCAGAGGTGTAGGACGGTCATTCGATGCTACCGACAACTAATAATGAGTAGGCTGCCCTTGTGCCACCGGCCGTCTGTGTGAGACAAGCTTAATGGGGCTCGTTATGCTTCACGACTCCGCGCACTTATTCATTTGTACAGCGACGCCGATTCGGCCCAGAACCCGCTCGACAGGAAACGACTCCCAAAGGGTCCAGCTGACGCACCTTTTTCTCCACCCAGAGGAAGCGTTCCGCAAATGTAATCTGAAAGCTTATGGGACATCGTTGCTGTTAGACTATAGCTCC,1207,49.54,Escherichia coli
SEQ_772137,AACGTCAAAGGCTGTATTCACCAAGCCATAGTCTCAATCCATAATAGGGAATCACTTCTTTCTCTACGGCCCCTACGGCGCCAAATGAAACACTAACAACCCGAGCTCCAGCTACGCGGAGGAATGCCGTCGCCTGAGTGGAGGTGGTGCATGTGCTGAGACCCTAGATGGGGAGTAAAATGCTATAACGGTAAAGACTCGAGTTCAAGATTGAGGGGGTCGCCATTATGGCCTCAAGATTAAGCCTACTGGGTGACTTGTCATTAGATGTAGCTCTCT,279,49.46,Drosophila melanogaster
SEQ_708675,CGCGCTAATATCACCACTCTAGTCCGCGCGTAATTTCCAATTTAGGCTCACAAGCACTACGGGGGAGGCCCCGCCAGGGCCTGCTGATATTCTGTATGGATTCTTGGCTTATTTCATTATGTTCATCATTGAAACGATATGAAATCTAATGTGCGCCGAATCCTGCGACGTATCCGCGGGCCGTAGGGTGAGAGGGTGCCGGTCAGGGCTTGGGGATCGGCAAGCCCACTTACAACGGGCAATGCCCGGAAGTGGCGGGGCAGCACTTTTCCGGGGGCTTGGGCGTACAGCCGGTACTGCGAGCGACCGACTAGGGCGGGCTACTTCATTCTCTAAGGCTGCGGAAACGCGAAAGTGCTCTTAGAGACGTTAACTTGTATACAACACATTCTGCGGTCGATCGGGGCAGTTTCCCATTATCGTTCAAGGTTGATTGAATGATTGCACCTACAGCCCGTTTACAGCCCTCGCTGTACCGAAATAAACGCACGGTCCATCTTTTACCCACACTTTTATCACGAAGGTGGCATAAGTGCTTTGGTCGAGCCTTGGATAGAGGCGCGTCGAGAGTCTCCCCAGACGAACTGGCCGTGCGTATTACGATATATAGTACTGGGTTCGTTATTACCCGAGGGAAGAGGAATATAATAAGAAGGTCCATCTATCTCGCCGGGAATTAAATCGCGCTCTCCCCTGTTAGAGATGATAATCGTATTTGAGTGGCTCTCTACTGGGGGATCGGATAAGAGCGTCTGTCACCTTATACCTACTTACGGCA,778,51.8,Caenorhabditis elegans
SEQ_307389,GAGATTGAAACCCTCAAGTTTAGGCGCACTTTCATAAACATACCCACTTGCGATGATCGATTACAAGCGTCACTTAAACTTCAGTAGTAAGCCCGTTGAGGATACGCTACACCTTTTCATTCTGCGTTTGATCGTTCATAGTATAAAACTTCTCGTAGGGGTTCAACGACCTAGAGCCGTGGGCGATCGTTCCGTTCTGATCGATGCGTAGTTAGACCGGGCTATTTTCGCCAGAGCTGCACAGTTGATAACATAACGACCTCCCGTCGCGAAGCAAGCAAAGGGGTGTTCACTACGAGACCACTAAGATGCCACTCGCCGGGTGCTACAGTGTCTTGGTCAGGGCCGGACTGAACATGTAATCGAACCAATACTTATTCGCTCAACGAAAAGACAGGGCGGAAATCATGCCGTCAGAGTGAGGTGGGCATTCACGTAATCGGGTGCAAATTAATGTGAGTACTTATGGAAAGATGTTACCCGGCAATGCTGCCTAATCGTCGATGTCAGAGGCTCTGCCGATATACAAGCTCCCCAAAAAGTTGCACGAATGCCTACAATTAAAAAAACGCAGCCTGATGCGACCTCTGCCATATTTGTTCACTTGACGCTGCGCATAAAGCTGATTGACTCTCAGG,638,47.96,Drosophila melanogaster
SEQ_985334,AGGCACCCACGCGGGTCCCACTCAGTCCCCGGACAGGTGGTTCAGCCCTCGTCGATTCGTTGTCCACACATTCCAATATAGGCCTCCTTCTCTCAAGAACGGAACGGCCGAATGGGTCATTAAATAACTTCGAGGAGTACCAATCGGTCCGGTAGGGAGACAAAGCCACTTTCCAATAAGTGGATACATCGAGACACGCGACTATAGAGTGTGGGGCGAACGAAACTACTGAAGATGAGAGAAAGTACGGGATGTGCATTTACTCCTTGCCCAGGGTACGTCGTTACATCCGCGATATGTCACAACCTGTTCGCGCTTATCGAGAGCTGCATATCAAAATGGGTGTTGGCGTATCTCAGTTACCCATGCGTTGGCCCCAATATCCCGGCATATAGCTATCGTAATTGCTTTTAGGTTTGGCCCCAATTTGAAGCGCTAAGGGCTGTTGTAAGTTTTGCGCTCCCCGTGGAACACACTCCCTCGTCCCTTCGTTCGGAAACACTACTTCTTTAGAGTAGGGAGAGCGTCTCAGTTTCGAGAGAGTAAGAGTACCATGATACGGGCAGGCGATTGACTTCCTCCAGGGCACTTAAGGACAAACAGCCTACATGACTTGCATGCTTCATGGGTAGGGCGTGTCGCCGCAAAGCACACCTGTGTGCACACAATCTTCTACTTTGTTGACGCCCGAAGGTGAGGTGGGTGTAATTATCGTCTCCTCATGACAGTTAATCAGTATACTCGTGACGTAGCGGATTACCGTACGGTCTCACCACAGGAATGACGGCATAGCACTGAATAATGGGTAAGCGACATGACCTTTCTGACATGTTCCACATGCAGGTCCATTTAAAATCATGTACTATGTATGCCCTCGGAGTTGAGAGTTATTACCACCGTAGGATG,906,49.89,Saccharomyces cerevisiae
SEQ_833442,TGAGAGAGGGCGGATATCCGTTAGGCCGTCTCAGGCTCTACGGCACCGACCAGTGAGGGGTGTATGGCCTACCAATGTACCAAGGAAGGAGTGTGAGTTATGTTCAGCGTTTCACTCAAATTAACTAAGATGCGATACGCGTGGAGGGTACCTCCCGCTGTGGAACGCGGCTTATGTCAAAGATCCGTTCCTGACGATACTGCGGTAGTGAAATATATGGTTATACTACTAGCGCATGTCGACACGGCCTTAGAGAAAAACCGAAGCTCCATGAAACGTCCACCTCCTCGGATCAGCGGACACGCAATCGAAGCGGGTGCGTTTATCGTAAGCCGTGCAAGACTAACCCCCCGTTCTTATTCGGCGGTTAATCTCGGGAGGCTTCATTCCTTACACCGCGGGCCGCCACAGATCGCCTGCTGACACATAGTACACGTCCCTCGATTCAAGGGGGCCCTTTATATCTGCCTGCAAGTAGTTAGAAAGAGGACGTTAACTACCAAAGTTGTCTCATTCTTTGAGTTAGGGACCAGTGTCTCTCATGATTTAAAGCTGCATCGGCTGTCCCTATCGGAAGAAGTCTCGTATCAGATTAGGGAACTATCCTAATGGCCTTCGTAACATGGGAATATCTAGTGTGGCGTCGCGCACGAAGGGATGCGGCCCGGTCCTAGGCCATGGGGAATAGTGGGAAGCCATTGAATATGGTAGCTCGTAGTCCTAGCAGAGAGTTAACGATCTTGATCTTCAAAGTATGATCCACCATGCGGTCCCCGACGCTACCGAAGTTGGCTAGTCTCTAGGGTTACCTGAGAGGTTGCTTAGCTACCCAGGTTAAGCGCGCCGAACTCAATACCTTATATAAGCTGTTCCGTGCACTAGGTAGGCCAATCAGGTCTAAAGCGATTGTTCCCTAGCGTTGTCATATTTCCCGGAGCGTCGAGCAGTTTAAAACTGTTTAATCCGATGCTCGCACCTCGTAGAAACAACGGGCCAGGGCCTAAATGGGGAGTTGATGTCCGACCGCATTCGTTTACCGTTTGACCATAAAAGAGTGTGTTTAATATAGTATAGCGTCGCTTGAGCGTGTAACTGAGGAAACAACGGATATGTAAGGGATGTTCAGACGGTCG,1133,50.31,Arabidopsis thaliana
SEQ_131933,AGCCGGAGACGACTAGCTATACTTGGTAGGCTGTAAGAATAAGAGCAACTTGCCCGGGGGCGTGGCACAAGAACCACCGATTGTCGTCAGACCCCCCGGATATCATCGGTTC,112,55.36,Mus musculus
SEQ_287245,ACCGTGTGGTGTTAACATCATTAAGATGCGTCGATAAGTTCGTCGTATAGCAATGAAGTTCCGTCTGAAATACAGGGAATGTATGATACAGATGGCAGGTATTTTCTTGTCAAGTGATCACGGATAACACCCCGGACATTTTGAATGATACTGTTAGTGCTGACAAAAACCACAAACGGATCTGTGGGTCCACTAGCGAGATGCCGGTCGACGCGCCCTGCAGAAGAGATAAACTGAGTTTCATCAGCACACGTGTTCAAACCGGTCGTGCACTAAAATCTATCAATGGGCCTCCCCGAGGTTACCCTTCCGCAGTCGAGCAGACAGCGCATCTGCTTGTCCCTGTGATTTAACTTGTGGGCCCTAAGGCGCCACAGCGACTGAGTAAAGCTTCTGAACAGCCGCCAAGGCAACTTCGCCCGAGTACGTGGTTACACTTCCCAGTTTCGACTCCTGCTTTCACTCCGAGCGTCGTGACTCTCGCTCACGGTTAGGCCGCTCCAGTGTAGACATGCAACGCTGCTAGATCACGCAACTTAAACAGATTGACCTGTACCCCCATCACCAAGATGCCCCCTCTGTTACATCTTATGAGATTATACTGAGTAAGTCTTCCCCTGTGCTATCCGGATTTACGTGCTCAGATCTCTATGTGGAAGCTATGGTAGGCACGTCCCCTAAGGGTTCTGACGGCTTGGGCTACTCCGGTGT,711,50.35,Saccharomyces cerevisiae
SEQ_400053,TTTCTGTATCAGGTTGGGTGATTGTTAGAACAAACGCCGATGCACTATCGCACTCGGCCCCACATGACCCGATTATGTCAAGTGGTAGTGAAATACTGGTACCCCTTATCGAGACATCTGCGTGGGCTAAAGCTTTTATATTCCTGGTGGCCCTGGCGGAATCCTGAAATCGCGTGGCATTCTCCTGCGGCGACGTGACAAATCCATTAACTCATGCAGCGCGGCCCCCGGGTTCTAGACCGTCGTCGGCCTTAGCTTTATACGTGTCAAGAGCCACGACCGACAGTACATGCTATACTGTTTCCGGCACGTCGGTTACTGGTTGTTCTCCATTCAGGCCAGACAGTGAGCACCCTTCAGTCTTTCGGGCGTCCCTGCTAGACGCAAATTAGACCCGACAATTCGGGATCCGGACCTCGAACCCAGCAGGAGTCTTACCACGTATTCCATGGATCATTGATGTAAGTTCCGACAATGGGTACCGGACAATAAAAAAGATAGGACGTTCGGGGGCGTCTACTAGACCCCTCTGATAGCAGGAGAACTATCTCAAATACTCCACGACATGTGTGCTGAGGTAGTTTGGGTCACAGTTCTAAGATCGCCTAGGGGCTTCCGGAAACCGAACCATGCAGCGGCCCCAGCCTACTGCTGGGGCGTCATGCGGCATGCCTCTGCTGGACACTCAAAATTGCAAGTATGTGTAAGCACGCAATTCGACGAGTGAGGCGGATTCAGTCTTTGGAAACCTTATCCGGAGCGCAAAATGTTCGGGTGGGCAGTGTGCTCTGGGGGCCCAATAGGTGATCAATAGCTGACTAGGTTACTGCCGGACAGAGATTGCAACTAAGGGACAGCGAAACAACCAAACAATTATCTTTGCGATGAGGGTCAGCCCACCTGCGTTGAAATCACCTGTCTCGAATTCAGTGCTCGGGGCGCGTAGTCGAGCGTCTTCGCATCGAGCACTGATGCTACATGCTCCGATAAGTGGAGATGCTTCAAGACTATCGTAAGAAAGTATTGATATTGGTAAATATGCCTAATATTTGGCGTGTAGGCATCGCGTGATTTGCGTTTTCATAAACGGGATGGGCGTATGGAGCTCGCGATCATAAGGGTGGG,1125,51.47,Homo sapiens
SEQ_839251,CATCCTGCATTGCAGGCTGCATTTTCGGATTCGAGAACTTCGCTAAATATCACGCTCCGT,60,48.33,Escherichia coli
SEQ_126638,GGACCTTTCCCTCGGTAGGGCTGCAGAGGGCGACATAGTTCAGAGTCTACGACCGGAATCTAACCAACGGCCGATTGCTAAAAAATACCCCAATGCTCACTCGTCCCGAAGAAATGGATGAAATAGCGGAGACCAAGTGCGTACCCCTAAGCCTCGTGCAACGCGCCGGAGTGAATTTGCAACTCATATCTTGCTTCGTCTTGGAGTTTAAAACCTCTATCAGATATCGCTTCACGATCACGGGGGGTACCTAGGCTTAACACGAGAGTGTTTAGACACAAAATGAATTGACAGGGAGAAGGGGTTGGCGTCGGTTGCTAGAGCTGGTTGTGGACACATCATACAACAGCTTGAATTATTCGTTGTTCGCACTGACCGCCGAGCACCTTGTCTACCTTCGTCGGCTAACGGGTCCCTCTGCAAAGGCCTATTAAATGACGGAAGCGGAATCACTATAATTAGCGAATGCTATTTAATGGCGGCAGCCGTTTTATAGGCGCTAAGTTACGTGTTCCATCCTCTCGTCAGCCACCTCCAC,538,50.0,Homo sapiens
SEQ_122487,TTCAACGCTTCACCCTGTCGCTCTGTAGGCGTCTATACGGCGTTCCAAACCTACAACTAATGGTGATCCTTGAACTGAGCCCCATTGAACAAAATTCAGGTTTTGGGCCTGAACAAGTTGCACGTGGCAGCTCCCCGATATGCGTTACACCACTGGGCTCACGTTACTGATGGCTCCCTCTGAGCGGGAGTAGGTATCGAATAATTCTTACCCGTCTGCATTGATTATATCTCTAGATCCGATTGATGACCATTTCGCGCAACCAGCGAGTATTTGCTGAATCCCTTGCGGATAGTAGGTCGCCATCCTATTTCTTTGAGACCTGTACTTAGCAATAGGTCTTTTTCCTGAAAGTGGCCAAACCAGGAATACCTTGGCTCCTACTGACGTACTAGCCATAAGAATGTTGGCAACGGCTACAACTCCTCCAGCGGGCTTTGAGCGCTTATACTATTGGTGGGTCCGACCTCAGCAGGAGGCAACCAAAGATATGAACGTCTCTGGAGGTCTAAAGTCCTCTTGGACTAACCACGGTGTGGATTTACTGACAGATTCTGTCGCTAGAGAGGATTCTAAGCCACTACCCAAATTAACCTTAGCGGGGGTTGGAATGCCCCTTGGGAAGATGGGCCAGATTTCAATCTGCCCTCTCTAGCCTAATACCTCCGGACAAAGGAGGAAATTCCCCGACTTTGCTTTCCTGCATTGAGGATCGGGTTGCTCTTACGGATGCGCCCAGATAACTTCGACTGCGTCCTATCTTGATGCACCGATTATACGCTCCGCGGTAACCGGAGCCCGCACCTGTAGCTGGCAAATACTATGCCGACCCACGTAGCGCGCAGAACCCCTTACGACTGAATGTGTACGCTTTGTCCTGCTCCGGCCGGTCCGATTCGTCATGGAGCTGCCCCGTGCCGGTGTGCCAGCATTGTCAGGCTCACCAGGGTGCTAAGCCCCTAGGGCACAGTCGGTTTTGTCCGCCGCGGACATACAACGCTGCTGTGAGCACCTCGTCGCCCACCGCTCGTTCAAGGTAGAGAAATGTTTTGCGGGATAACTGACTTGAACCATCCCACTCGACACTGGGCCGCAGCATCTTCTAGCCCTTTGCCCAATGCCGCTTCTCCGTATGTGTAGTCACGGACACGGCAGGAGTTTGTGCGTTCACTCTTTTGTCCGTGCGCACTTAGCAGGTGCCCTAGACCCAGGCGCTACGCAGGAATTAGTCGCCAACCTTAGATGTCAGATCGCCTCAAGGGCGTACAGAATAATACGGCGTAGTTCGCCTTAATCATCGAATTCTAATAAAGTAGTACGAGATGTCGATCTCTTATTCGCCGTGGGAGGGTACTATCAGAGTCCCGCCGTAATCTCTTTTTGTGAACGTGCTACCAAATCCCGCGCACATACCCAAGTAACAGAGTCCTTTGAGACTTAACGATATGGATGGACCGTCGACTCTTGATTTCCTCAACTGATCACGGGAGTCTCCTGACTAATGGCCGTGTCGTCGGACCTAACTTAAGT,1530,51.76,Caenorhabditis elegans
SEQ_592621,TTCGTCAACTATATGGCTGTACTCATATTAACCTGTTTGTTCGGTGCTATTCGTGTGGGCATAATTGAGGGTGAACTAAAGTTGAGTAACCGCGTGTGCCATGCTGTTGAACCAGCGCCACTCTATGTGCGGGCATTCAACGCTGCACATGTACTATCCCAATCTACTCCTTACCTAGTTGCAGGGCCTCCTTGTGACAGTTTGCGTTAGAAGATGGGCCTTACGTACAATCGGTGGTTGCCGCATCCCGCCCCTACGGAGCACCCCTAGGGTACTCCTAATTCAAGAGGAACCAAAAGTGAGGTAAGCCTCACATATCTATAACGTCAAGACCCCGTGCGTACTTACCCTAAATGTATAAGTTGAGCGCATCACGTATACCGGTAATTTCGCTATTTAGTTCAATTTAAGGTCGTTTAACATCTAAGCCTTCTCGATGAGATACAATCAGGCAGTGCCTTCGCTGCCATCTATCGTTCTGCAACTCATAGGATGGTTAAACTCGTCCATTATAGCAGGCAGACGTTCTTTCGAATACTGAGGGGATCGGACTAAGATTTGGCGTGACGGAAGCCAATAGTACACCTGGTACAACCGGTCCCGCCTAGCGGGACGCTTAGATTCATTCGTGTTGCGAACACAACCTGTACGGGCTGGCGAGGGAAGGAGTAGAGAATCTCGACCGGGCTCGCGAATTCCCGATACGACGGGCATTATAAACCGAAAATGCGTATATTCAAGCGGCTCCCATTTGATAAAAGAGGTCAGGAGGACTTACCGGATGTTAATGGCAGCCCATTGGCTTAAAATGTTAACTCATAGCAGGACTCTGTTCCTCTGCCGTTGAGTTCAAACGACTCTGGAGCTGAAAAGGTTAAGTACAGCCACCCAGAACCAACCAAAGCACTCTTACTACCCATGCTATGACAGCTCACTTGCTGGCTTGAGTGGAATACAGGAAAGCGAATTTTGCTTATTATCACCAAACTGCTTGATTGCGACGAATTGAGAAATACCTCTGGGATGATGAAGATGGCCCGCCGGGGGCGACTTTTCGGTTCAAACCAACGGCCAACCGGATGGGAGCAGTTCCTAGTTCAGTATTTAGGGTGCGTCCGACGTAACCCTACGGAACAATGTTAAAGAGGCTGTTGACTCCTCCTTCTTCCGAGGCGTTTGACCAGTATAAATCTTATATAGGTTGCCTACAAGGCCAGAGCGCCGCTGTGGCGATAGACGTGGTCCCCACCTGCTTCTGATTTATGATAAGCCAGGGAGGGTAGAAACGTAGAGAGCACACTCATAGTATCGAATAGTGAGGACAGTAATTTTCGACAAGCGGCAGAAGTCTAGGCCCAGCTAGGTACGCGTGTGTGAGTTGCCTTGAAGGGGCTAGCAATATCAGCTTGGTTCTGTCGTCCGCATCCCAGGGTTTCACTTGTCCTCCTATCTGAGTTGCTACCGTGTGCAACCTTGGCACTATCAAGGATACATGGCACTAGACGAGCCGCAGTCTATAGTCCACCTCTTAGTGATTGGATGATCAGGATATTAATTGCATTGGATAGGTACCTTAACCAGGTATTGAGGTAGGCCAACTGCAACAGGATTAAACACGCTAGTTGGGGGGTCCAAAGGCGGACCTTCTCGTAAGTCATCATTGACCCCCTCTCGCTGATGCGTAATGCAGGGCCTCTCGCGCGGATGTCTAATAGGACCGGTCTTGGCGAAAGAAGGGTTGGAGGTTCAGATGTTTCTATTCAATGGTCGGAGCTCGTGGGTGTTGGGAGGGTCACATCTTTAGTAGAAAGTGACGGGTTTACTTTTTGGACCGCGCTGTACACTTTGCGCCGGACGGGCGATGGGGCCAGTACGCAGAAAGCTCAATTTAATACTTTCAGGCAGTGGTACACCCACATGTCGGGTAACAAGGAATAACGTCTGTGCTGACTAGGCCCCTAGAG,1964,49.34,Arabidopsis thaliana
SEQ_174420,ATGGGCGTAAAAAGTTTACTTTAATGACCAAACGATGCATGCTGGTGCCGGCTTGCGCGTTTACGCTCGTATCGAGGACGACAAGGGTCATCCATGAAAGCTCACGGATAATCGATTGAGCTAGTTGCCAGTCTTCTCTGATATAGAGTTAGTCCAGCGGTTACAAAGTGAATCTGTCTTGCTGAACTCCACCATCTGGTCAGTTAAATATAGTTTTGCCGGCGAAGCGGATTACTTCCTACATCTACGCCGATTGCTAAGCGGGTAGCGACTGGTAAGAACTACTTGGCGGACGGTCCACTTCAATGCTCCGCCGTCGTACGGAATCTCGGACGTATTCCGGTGGTCGATCGGGGTCGAGTTATCCTTTCCAGTTCCCAGGGGTATTAGTACCTACACGGTAACTGGAATTTATAGTTCACCACCGCTCATTGTTACAACCCCAGTGCTCGACTGGGTTCTCGGCTAATATTGGGTGAATCGCTGATTCGTTAACGGTTGCTTCTTAGTAGGCATGATAGTAAGATGGCATGGGATCTTCAGCCGACCGGCCGGATATCTAATGGGATATAATATAAGTTGGTGGAGTATATCGGCTAGGAAGATTTTCCCTGACCGTAGCGTCCGGACAGACGAGCCCACACTATGTATGTATGTCTATTCCTACAAGAGTCCGTCATACAGGTTGACCTCTCACGGGGATACCCGACCAGGGACATAGACACCCACTGTCGCGTGCTCAGATGGCAACGTCCTTACAGGCCGCGATGGTCCCCGCTATTCCTAGGAATGTCCAGGGTTCGGCCAGGTCAATTCCAAGTACGCCTCGATTTCCCTAGGGGCCCCTACTCTTTGGTGTCTTTGAGATTGGCTTAACGGCGATCCAAATAACTAGATTAATAATGCGCTAGGATGTCCCATCATTCATATCCTTGGCCCAATTATCTAGAAAGTGCATTACCCTTTGTGCCTACGACAGGCTTGCCCAATACAATGACTTCCCCCGCGCTACGTGCCTATGGC,1023,49.76,Homo sapiens
SEQ_770528,CGCGATGAACACCAGGGCCAAGGACAATGTTCGCCCGGGCATCCTTCGCATTGAAACAAGAAGGCAATGTCATTGGACCCAACAGCACCCCGCATCACCCAAGTGTTACCGGTTGTAATTACCATTTTGAATTATGGTGTCAACGTGACAAGGTTACGTTAACTAACCGCACTTGACGAGTGTCGCAAAGAACCATTAGACGGTCCAGCAGATACGCGAGAGCTCTGTTAAACTGACGCCAGTGATGGGTAACTTTCTTCCGAAATGCAGTAATGAGGTGAAAGCGGGTCAGGTCTTGATTTCCGTCATATTCTTCACTTCTGCCGGTGCTCCTACAGGATATATATGCAATTAAACAATGCCTACATATTCTAACCGCGTGGCCACATGCCAGTAGGAAGGCTCAACCTCCACTGCAAACAACTGGTGCCATATCCGCCTGTGGCGCATATATAGAAGGGGTCCTCAATGCTTTTCACCACACCGAAGGCTCCCCGCATGCGCCAAGTGGTCCCTTTGAATATTGGAACTGATGCCTCCCCTGCGGCAATACGGCCCGGGTCCCAACTGACCTGTGGGTCAAGCTATAGCCGATAGCCTTCGGGGGGCCGGACTCGTGCAGTCGATGCTTGCAATGTGCCTAGCTCACGATTACCTGTCTTTG,664,51.36,Drosophila melanogaster
SEQ_430261,CGGGATACCATGCTCGTAGGATACTTGAACCGGAAGGGTCGCGTTCTGTTAAGAAACGACCCTCAACTACGTGTAGGTCGGTAAGCCTTGTGGGCCTGGAAAGGAGACCTCCGCTGGATGAACAAAGGTCAACCATGACGTGGCATCGCTAAGCTTCTATCTGACATGAGCATTGCAGCTCAACCTTTGATCACCTTGGTTCGGCATAAGGGGACCGAGTTGAGGCTTTA,230,51.74,Drosophila melanogaster
SEQ_598519,GAGTCCCGAGTCGTATAACAGAATAGATCACTAACATAGGGGTGAATCTCTTCAATACGGTGCCATGGTATCGGTAAAACTACACCACACTCACAGCTTGGCCCTCGTCGAGTCGCCGCCCTGATCTATGTGCCGCTGAACCGAGGCGGAGGAGGTTCTTCAGTTCATAATACGTATGTGAGCTATCCGCAGCAAG,196,51.02,Homo sapiens
SEQ_671366,TGTCGATCTCAGACAGCCACTGCTGAACATCAGTCTGGTTCCTTGCGCAATTTACAACTGGAAGATATCAACTGTCATATATTCTGACTGCAGGGAACCTGTGGTTCGTCGTTGCGCTCGACCCTCTTGAACGACATTGTTACACTCATGAGTGACTCGTATATGAAGTGTCTCCCGAAAGCTAACGACTTTGGACGGACGCAGGGCGAACTGGTAATGAGTTTGACACCGTTTGCGACTTAAACTTCTAGCGGCGTCATTTCTATTGTCTTTAATTTAGTGACCGACTCTGCTCTGAGACTTCGTAACGAATAATGGCTCTTTTGCAAGGGAGAATTTGACGTGAGGAGTCGGATTCGGAACGGCGCCAACAAGCGCCGAGGTATCGAGTAGCTCTGTGGCTCGGTAGAAGCTGCTCATCCGACGTCGATGATAAGAGAAGGTTAAAAAAAGCAATAATACCATAGCTACGCCGAGCTTTCGTAGAGTTCC,492,47.56,Homo sapiens
SEQ_117161,CATTAGGCTGCTGATGGATAGCCGGTCTGAATGAATGGTTCGCATGTAGAAACGACACGCCGAATAGTATATGCGTCTAGAGGTAAAGATTGTGTGTGAGAGCCGGCATCATTCCTATGTGTAAATTCTACTGTATGGTAACCTTCGGGGCCCGGTTAGAGGGTTACGCGAACGAGAGGACTTATTTGCTCCCTCTCCATCGGACGCCTTAGGTACGTGACTGCTACATCCCGCACAGTATCTCCGCACGAGTAGTCCAAATCTTATTGACGACCACTACAGTCTGCGGATCCAGCGCCGAGGCACTTTACAGCAGGTTGCTGCGACAACTATTGCCTGATACCGGAATCCATTACTGCACTCCGTCTGATCAACCAACCGAACTTGACGTTAGGGGAAGGTTTGGGCCTTTGTTCGATCTTCCCCGTCTACCTCTATAGCGCCAAGTTGTTGGGACGGTGCAGGGACTCTGGGTGGTCGTGTGTACTGCTTATGGACTTACACTCAACTAGGTAGTCGAATGAGGAACGTACGTTATGTCACAATGATTATTAGTGGGTCCTTGGATGGCTCTAATGTTTCGTCGCGTTCAGGACCCCCGGAATCAATGCA,612,50.33,Homo sapiens
SEQ_809699,AAGCAAACGTACCAAGCTCGAGACCAAAAGCCATACTTAGTATTGGATGCCCTTGCGCTTCCCATTGCTTGCTCGTACGCTTTCCTTTCGTCCACGCCGGTATGATTGGTCGCGCCTACAGCAATGTCGGGAGGCCTTCGTTCCCGAGCCTGAACTGCCGCATGAGCGGTGCATTTCAACTCAAGATGGTGTCCCGAACAAGGACTAGGGAAGATAAATAACTCGGCAAACGGCGGTAGTATATATAACTTAATTCTCGCCGAAAGTGGGATGGGACGGAAAGTGTCAAACGACCGGGTGAGTTTCAGCACGATGTATGGTTTCATAGTCGTGACGCTGTATCCAAGGTCTACATCCTCGATAGAACGCGTGAGTTCGAATAAGGGGGTCGACCATCCGCAGCGACCTGGGCTTCCGCTAGTGTCAAACGGTTCGCATACGTTAACGAGTGATTGCGCTTATCGTTTCACCACTTTGCTCTTGCGGGCAATCAGGCAGCCTTGAGTCACAATTTACGGCACCTAATCTTAGGATGAGCCTACATCTGACCATTCGCCCTTAGTATATAATCTGATCGTAATGCCTGAGGGTATCACGCCCTTTACCGGGAACACCACTGCTTGACACAAGACACCCAGCGTTATGACCAATTGCTTTCTCTTCAAGCAACACAGTGTATAACTCCCGAGACCTATACATAGAGTACCCATCATTTGGGCTGCCCCACAACCTTAGTCTGACGCGAGATATCGGACATACTCCGACTAGCGTTCCACTTCACATTTGATTCAGCAATGCAGGTTC,804,49.88,Escherichia coli
SEQ_151703,CATGTATTCCGTACGCATAAGAACCACCTAGCTCAAGTCAATCATAGATGGCATTTATCGAGAGGGCTTCGTAATACGTTGCGCACATGTAGAAAATACGTACGTAGCGGGCTTGACTGCTCGAATATTCAGCAGTTTCGCGGGAACCAACCCTGTAACAGGCCGTTACTCCCGACACCCCTGACGTATTGCACCACTATCCAGGAACCTTCTACAACATGGGGATCGTCTACTTCCTGAGTGTTCCGATATGGGTCGAGAGACGAGCGTGGGGCCAGGGTTGTCCGTCTGGACTCCAGCTTACCGTATGCCTAACCAACCTTGAGTGGCCCGAATGTCTAGTGTGGCCCAAGTCCTTGTATTAATCCCAGGTAAAGTACGGACACTACCTTCGTTGAGACGGGCGTCACTCTTCTGTAGCTGAGTTCGGGTAGTTTAATTGAGTGGCTCATGACCTAGCAAATGTGTTTGTATACTGTGGGTCTTGAGATACTTTCCCGCGTATTCAGATATCCACCCTTACATACCCATAGATATGGGATTCACCCCTGCCATCCCATGCAGAATCATGCCAAGTTTCTGGCTTGGGGCACATGGTCTGGAGCTGAGAGACCCGTCGGATTCTGGTATACGCTGAATATTTTTGTAATGCCATAACCATTGAAACACCAAAAATCTAGATCGCAGTACATTTTCTCCATTGCCAGCGCTTGGCCTTAGACACCTGCGTGGATGTCCCCTTGGCTTGGATGACGACGAACCCGCGTGACGTCCGGGAATACTGAGGTACTAGCATGGTATTTCGCCCAGAATCGTATATGACACATATGATACACATTAGAGACGAATGGGATTCAATGCTCTCCTTAAAGTGGTAACAGAGTACTTCGGCAGCACGACGTTAACTATGACCAAAATACGGCATTTCGTACCGATCCGCAGGCAAGATATTCCGCCGTGCCCTGCTGAGACGAGATGGCGGGCGATCTGGTAGTAGGATCTCCGTTGAGTCGAGTTACCGAAACGGTTCTCACATCAGTCGATCCGTTCATATGTTACTTACAATGAAGCAACTCTGATCTAGTGAAACGCTCTACTCAGCGAAGTTTGTCCCACCGGTGGGGCGATGCTATTAGATTTTGACCGGAGGCGATGTAAGGGGAAGGTTTCCCGACAACGTCTCCAGCAATAGGTCGCACGTCGAACCCGTCCGCACGCCGCGACTGGCACTCGAGACATGCGTCGTATGGTCACTCAGAA,1260,50.08,Escherichia coli
SEQ_931257,GCGCTAATACCTCCTACATTCCTCTGGTGCAACATCTAGTCCACTGTTAAAGAATAATCCGCGAGCGTGAGTTCGAGGTCGCACCTTTATTAGTGGGCATACAGGTTTCCCGTTACCCTAGGCTTACTTACATAATACGCTTGTTTAAGAGAGGTCGGGGAGGGACCCAACACATGTGTCTTCACCACCTAGGCCCATATCCAAGAGTGTCTATTGGATCAATTGATTAGGGCGAACGACCAAACACGCGCGTACGCAAACCTCGGCTTCCAGGGACTTTTGGAGCAGTTAAAACACGGGCTAGTTTCAATCCGCTGTTCCATAACGCGCGAGGGCTTAGATGTGGACGATAAGATTCCGAGGTTCCATAGTCCGCAATTACACACCGCAAATATTAGTAAATAGCTGGCTTAGTGGAGTCTGTACCTACGCTCCTCAGTTAAGACTGGTTCGGGGGGTCTCCCATATAAGAATGCCATGACACCTTGAGTTTTCGTCCCCACATGGTTTAACTGGTAAGTCTCACAAGATGCTGGAGCCATTGCGTTTGCGGCACCGGCGCGCGTTCAGTACGCGCGTATGCAAACTGATTGTATCCAATTTGGCCTGTCACAGTGTCTGCTAAGCTGCTGATACCGGGTCTATCAAACTGGCATCGCACGTGTAAGTAGTGAGTGTTGCGACTAGACTCTGGAGGGCAGGAGCGGAGAGGGGGCCAAGTCTACAGCTGCAATACTGCCAACGAACGCAGCTGTAGATGCATTGACGTAGTGGCTGAGAGTAGATCGCGACCAAAGAGGACGGATGCGTACCACGTTCAGATATCCCCAATTAGCTGTGGACCCGTATTCTGTTGGCAATGGAATTTGAGAGGCGAACAGGGAAATTCTACCACGATGCTCAACCTCTGTTACTACTCTTTCGCTAAATTCAGGAGATAAGTGCTGCCCCCTTTCTACTAACACATCCTTGTGATCAGTACTGCCCTGTATAGGCGGTACAGAGGCGTCTCCTATAGTCGGGCAACGTAGTCGGTAGTCGATGAACGGAGACGGGGGGTGTACTATACCGTCTGAATGTCCATGCTTATGCTCTCCGTCTGGCGAGATTAATTGTTATCCTCAGGCGAAGCATGAATGCGTGACTATCTAATCATACTAGAGGCGCCATTACATCCGCGCCCCAGGCCCAGCGGTATGTCAGCGTTCTATTGCCATATAACATGGTCAAGCGCGACAGTGCTACTCGACGTTTGGATGGCCAAACTAGTCGCAAGGGGTCCGCGAGCTGGGGACACCGGGGGCCGTTCACACCAGATTCTATCCCGTTTAACTCAAGTACGTTCCAAAGTGAGGTAAAGCCCTATGGAGAGCTATAAAGGCCAACCGTTGTATCCCACTGATAATGGGCCATTCGTACCGTAAACATAACTTTCAAATAGAACTCTCAAACAGTATCAACTTCAGTCAAACCAGCCATGCAACCCTCGCGCGGCCCCTCGGCCTATAAACCTTTGTTAATTCATTAGTCCTCCTGAATCCATATACCACGGTACTGAACCCACCAGAAATAACTCGAAGGTTTGTTTTTATTCGTGCCGACATGCCAATTCTACTATTCGAATTAGGCTCTGGTGCAAGGCGAATTTATAGTAACTCTACCGTCAAACGTACTCTCTACTATTAACGGGATTCAGAACAGCAGCAAAACACCGGCGCTCATAACGCTTCTAGTCGACCCAGCATAGAACACGGTCCGCCCTGCTGGTATGCACGGATTACGCACCCATAAAACATAGAATTATTCTTACGCTACACCGGTTCTTGAGTGGACGCCTCCGTCGCCGATAACTCTCCTACATG,1862,49.52,Escherichia coli
SEQ_183054,AGGCGATCAGCTGGTTGTCCACGCGCTGACCTCGTTTCTTTACGTGATAACTTGAATTCGCATATGTGGGGTGCAGAGCCTACCATTCCTATTCTCGTAGACGATCCATAACGGCAAGAGTGCCTGAGAAAGCAACCTCGAACAAGAGTTAGTAACTAAGATGGCAGACTTGCGTCGATACGATACAGTATAGGTCAACATGCCTGGTGCTGGGGGACACTACTTTGGCGGGTAGCGCGATTCAATGGCTCAATCTATTGTACATAGGGGCACTATGAGGTCCGGTAGCGGAGACTTCTTGCTACTGCGATTAGACGCGTCTTGTCCCTGGACAGGCAAAGGAGGGGAATATGGATATGATCTCATCAATTTCTACAAGTGTAAGAGAAGCGCGTGCCAGCAAGTAGTACGTAAGGTCTACCACTTCGTGACGATGTGTGTAGTGTACTGCAAAACTGGGATTAGCTGCCTGTCTGGAAGCTTTGCTAGAGCAGACGGGCGAATTATGGCGCCATGTGTTTGGGCAACTCTACTACTCACGGACTGCCGACCTGAAGTTGTGGTACTATCTTAGTCGATGATACCGCGTATACAGCATGAAGCCTAAAGTGGCTGCGAGATTGCGTCCTTTTGCTTCTGCCAACGCCAGCCAGTCGCCACAGCATTCGAGCGTGAACGACTGAGGAGGGCATATCGCAGTATCATTACGGCGCGAGGAACAGTCCGTGTAACCGCCTATCGATCGCGTTCCCACCAATCCCGCACCTTTAGGGATTCATTATCGCCATGATATACCTTCAGTAATGGCCTGACGTGTAAGAGTCACAATTGAGTACTCACCCCTACTGTCGTAGTCTGTGGTTTGTTAAACTCCGTTGTCACATCTAGATCGTCTCACGGAACATCCGGGTACCGAAAGAAAGGCATACAACTCCCTGCCCACTCCGGTTACCCGTGCACTACCCAAGGAAGTTGGTTTTATGAGATTTTGCTGGAACTGCCGTCCCTGGCTCGCGCTTCCTTGATTGATAACGTGATCATTGGGGAACGCGCCGTAGACCTGTATATATTATTCCCAATGAATACTGTGTCGGAATGCTTACCTCAACTCTCAACTAGTCCTGCAT,1127,49.87,Escherichia coli
SEQ_525681,AGGGCCATAGGTCCAGCTGTTTGTTCGCTATAGTCATGCCTTTTTCTAAGACTTGTTGGCCTTGCTTAAACCACCTGTCGTTTTGGACTCCTATGTCTCCCGAGGAAGGGTAGTACGCGAGGTCTCCGATGTACGATGGCCTGGTCACAAATGCACGCATCAGCCACGCTCCCAACTGATCTGGGGTAGTACACTTTTATTAACTTTCACACGCACGGAGCTCATGTGGAAGTACGTGAGGGACTCTCTTCCGACCGTTCTGTTGCCAAAGTCCTAGCGCGCAAATTTATACTTCACACCAGCAATTAGCTGTCTCGACGATCTTGCCTAACTTTGGTACGTTATAACATCCATAGTGGGGATGAACTGCCCTTTGGTTCTCTTCGTCAAGTTGCTCAGGACTTAAGTCGTGTCGTAACGGTCGTCCCCGATCTCAATGCGGAGCTTTCCTTTTGCGCTTTCATTGTGGCCAGTGCCCGGGGGCCGATCATTTTTCTTCGAGGATGCGAACCATAGATCGGGAGGACAACTCTAAACCTCTAAAAAGGTTCAGACTCCGCTATATTAGCCATCCTTCGTCCTCATGGTGACTGGCGCCCCCTTGCATTAGATGTCAAGCAATGAGAGTTTGTCGGATACGTTGTGTGGCATAATCTCAGTTTGCTGAGCTACGCGGCAAAACGTGCGTAGGATCGCATCGTCGTGGGGGGCCGAGACCGCCTTCTGCTGACACGTTATAGCAACCCCGGAGCGTTCCATTGTGGCGGGTTTAAAACATCATTAGAAAGCCCTAACGATCGTGAGGATACACAATCTGCTCAAGTTGAGCTTCTTCCAGTGGCGGACTGTACGAAATAGGTCCGTATTTTGATGACGAGGCCTACTTATGATTATGACGTACCGGGTGCCATTAGGCAATATGGGTGCCAGCCCTGGAACTCCATAAATCGAGTATTTCACAAGACAAACCGTGTCCGAGATCGCTCAGGTGAAGCATGGGGATAGAGCCAGACGCTCAACGACGGCCTTGACGGCGGATACCGTCAGATGCCTCAATCTGTGTTGACATGCGTCTGTGACCTACTGCTGGGGTACTCCCCAACGCACTGATGCATCTTTTCGTACGATGAAGCACTGTGGGCACTCGAGGTGGACCGAGAAGGGTAAATGATGAAGCATTCTTCTCATGGTCCCTTATTTACCACTGTATTATAATGAAGAACCATC,1227,50.2,Escherichia coli
SEQ_135261,AGTGCGCGCACTGAGCACGGCATCAATACGTGTCCGAAAGGCCAACTTACATTAGGCGGCCGCAGCTACGTTAACGCGATGACATACGCGACGATTTCGACCAAGACAAAGTCCGGTCCTGATGATGCTGGTTGTCGGTCCGGCCTCGCGTTAGAATTAGTTAGCGACGTTGGTGGACCTGACGATGGATTATGCATCCTGTCCAAATGAATTATGCCCTCTTCGTTGAAACGTTATATCACAAAGCCTAGCGATAGGGCGCTCTAAGATGGATATACACACTACTACTATTTATGTGGTTGCGACGAACCGTGCGGGGATTCATGACCCTGTGAAACTCATCGATTGCCCGTTTACAACACCACCTTGACAAACTCCCTCCCAAACGGATACCGGTGGGGCTCTGTATGAGCTTTGCAGAGCCCATGTCCGCACCTACCAGTGACCGTCCACGCAGCGTGACATTATTCGAGCCCGGAGTCAAGCCTACGATTCTATTTAAAATCCGATCTGGGAGTAGGTGCGTCGGAGTCCTATGCCGATATGTATAGATTAAATTGCCTCTGCACCGAGAGCAATTTCGGGACGAACCTGTGGGAACGCCGATTTACCAGAGCGCATGCTTTTGTGGTGCGCGGAATACTGGATTCCCTCTCAAGCATTCCGCACAAGTTGATCGTTTCATCTGTATCTCAGCAACGCACAATGAGTAACTAGTCCTTGATCAAAGTTGAAGAACCGACCTAGGCGGATCTAATGGTAACCACACTCATACCTAGGCGCCTGTGTGTTACTGCATATGCCGCGTGTTGATCCAGCTCGAGGAATGTCCAATTTAACGTAGTAATTCAGAGCAGGTAAAAGCTGGGCTGCTGGAGCCTGGGATTCAAGGCTTGACTTTAACTCAATTCCTTATGGACATGTACCAAAAGCGCCCTAAGCGCGCGATAGCTCGTAAATTGAATTTGACCAAGCACTACGATAGAAGTTTCTGCTCGCAGTACTCCCTGCTCGCCCATTCAGCGGTGCGCGCACGCTATGACTCTAGCGGCTGTAAGCGAGATCTCGGGCCTGACTGGTAACCCGATTTCAACACGTGGCGCCACGTCATTCCATCCTCTACGGCTTTAGAATCACGAGACTTACGCAAGGAACAGTCAGGCCCTTATCAAGGATTAGCGGAGTTATCATGCAACCTATGCGGGTCCTTCATCCAACCCATGAAACTACGTAATTGATGGACGTCCCCCGCATCTGCATATGAGTCCGCAAGTCTTTTCGCCCAAAAGAGGTTTACCAGACAAAGGCTCTGAGCAGAATGTGGAGAGTTCACCAGCTACGTTTGCTTTTCGAAGCAACGAGCAGAAATTAGCTGTGTTCCACTGCAGGTGGAACAAAACGCGTCACCACTCTGATGGCAACTTTGCTATGAGAATGCCGGAGGTATTGCGTCCACATTGAGGATGAGCACCAGGCTGCTTGTACATCGGCGGGCCGAGACAGTCGGTATCACCGATGCTCCCCAATTACGCGATAGGTCTCATGGTACGGTGGCAGCACATTCGCCGCTTCGTGGATCTGATCAGGGCTGTCAAAGAGAATAGTGTGCCTGTTTCCCATTGCACTTCGTCGTGTTAAGTGTAGATCCACCCCCTTCTTGGAGTGTACTAAACACCTGTTGCGTCATCTTGAGATACAACCAAGGCGCTGCGTTTCATCCGCCATTCAAGTATTCCTTGCTCCTTAAATTGGTGGGAACATCAGTAAGAACTTCCAATCACTAGGGCCCAGATCTCCGTTTTTCGTGCGTTGGTCGCCACCTTTGCACAAGTGCAGTCACCTCTTGTTGAACCGCCGATCGCGTCTTATGAGTGACTGA,1879,50.51,Caenorhabditis elegans
SEQ_838454,TGCGTTCTGCATCACGGGTTGTCTGACAGCTCACCGGGGGTGGGCAACAAGC,52,61.54,Homo sapiens
SEQ_314643,CTGCAGTAGAACCCGGACCTCAGAGATAAAATCTCAGGGAAATCAGCCAAAAGATTTTGCGGCGAAAACGCCTAGTAGCAACCAATTAGGGGACGTCTGTACAATCGGCTAAGTGGCTTCGCAATAACCATCTTACCGGTGGTAGACGAGCTGGGAATAGACTACCATGCGTAGCATTACTATGAGGAGGTCGGTTACTATCGCTGTTCTATCTCGTCGGGCACAAACATCAAACGAAGTAAGGGGAAAGAACCCAGTTGGCTGAGGTTGGGAGCCGACCAATACATCGAACCTTGTAAGTGACCAACCTAAGATGACTAAGTTTTCGAACATGTACCCACATACCATGTTTTAGGGACGTTCGGCTCCACTCACGCCAACACGTGTTGTAGTCATCAGCCCTCGGCGCAATAGAATTTTTTTATGTTGACGAGTATAAGGGTTAGACTAGTAATATGTAACTTCGTCTGGACATGTTCCTCAGTAGTGCGAACAGACTCCTTACACAGCCATTACTATTATAATCACCTATAGACTAAGGTTCCTAATGATTTTGTGATCAGCACGCCAAGCTGCCTTTCTACTACTATTCCGAGAAGCACGCAAGCGACTGTGAATGTACGGAATATTTCGAGGCACTTTTTTTTAGGCTAGGAGAACTATGCGCGAAAGTAATTTAAAGGTGGATCGACAAGCTGTCTCCTATCGATGCTCCGCTGTGGAGCGATCATGCACAGGGGTCCTACGATCATAAAGGAACCGCCGATAGGAATGCGCAGCCCCGTGCTTGACACCAGCACCTTGTGTGTCAGGGGCCGAGGGGGTGAATCTTATTGGAAGTACATAACATCACAGGGGAAGTAGCCATAGTAACTAGACGGTCAGTTCTTCGCCTTTGTGAGGTGTACTCTCTCTCGCCCGGCTCTCTTACTGCCCATTTCAGCGTGCTCATCCCGTGGGAAAGCTGTCAGCGTAAGGTAGGCTCGGGCTGAACTGCGAGACAATTTTCTGGCCAATCTCCATCAGTTGTTCAGTGAGCCACCTGTCTCCACATATTATACTCACTGGGAGACCATTGATGCCACGATCTCTGCGTCAGCGTGAGCTAAGGCTTCGACATGCGGCGACGTTTGGGGCGAACTTACACCTACCTAGTGGTGCTGCTACAGATGCCTGCTTAACAGTAGTGTGGCCACTCTATGGCCAACCCCTCTTGGCTGCATTTCCCCGAGACTTTCGGCGCCCACCGGCGCTGAACTGACAATATAACGAAGTCCTCTGGAAGGTCACGCAGCACGAACGTGCCGGCACACTGTTTTGTATGTAACCTGGATTATCTAGCACGCCTACTAGAACGTGTGGCAGACAGTCTAAGTGTGGACACACGATCCTTATTTCACAAACAGTAAGCCCTCATGGTGGTACGCTAGCCCCGGCAATTTTTTCCCCGGATCTTGCTTCAGTTGGCCCCGCGAACGTTGTCTACTGCCATTGGTGGAGTTTACCTCCAGGGTTAGGCCCTCTGTCCGATCAGGGATCCCCACACAAGAGGTTGCCATGAGGCCCTACCCTCTACTAACCTATCTCG,1588,50.06,Homo sapiens
SEQ_757154,CCGTCGTGCCAGGCACTCTCTTAATGGGGATGTCTTTTGCTACCCGCCAGAAAACTTGTTCGATATACGTAATCGTACGCGATAGCGAGTAAGCCTCAGGAGTTATCCGACAGCGAGAATCTCAGAGTACTTAAAGAATCTTCTTCCCGCACTGTCGTCGGAATTGGGCCGTCCGGGGAAGCATCATTCCCGACTAATTCGCAGCGGTTCAGTCCAAGTCTGGGAGTGGTAAAGGTGCTCGTGCCCTAATTCTTAAGGGCTGACGAGATCACTCCCGGGAGGCTTCTAACGTTGTTAAATCCCCGCCTAGTAACATCCTGTGAAAACCTTGGACCCCTGGGAACAGGTTCCCACCAAATGCTAGTGAAACCTGTTGACATTTCAACAATCTCAATACTGTGTAAGGCTCAAAGTGACGCAAGTTAATACACTATATACGCCGGAATGCATTCAACATATATGGTGTTGTGACCGAGGGTATTGTGATCGGAGGATGAAGATGGATGCTCAATTGCATTGGCTAGTCCCCTTCCGTTTTCAAACGCGTTGCCATCTAAGAGGACACTGAGATACTCTAAGGCCTTTC,586,48.46,Homo sapiens
SEQ_630167,CTATAAACTCGCAAGGGTGACACAGGACAAAGGACAACAGAGAGTAACAGTATGGGCCATCCCAGCGACGGTCGACCAACAGGATGAGCGAGTAATTCAGTACGACGGTGAACTATGACTTTCTCTTAATAGAGCAGAACCGCATTTACGGATTGGTTAGCGGAAATTTCCCGCCGCAAGGGGACTGTTCACAGGTCATAGCAGATATCTAGGCCTTCCTATTCTGAGCGTTATGGTGTATGGCGGAGGGTTAAACAGCATCCGCCGTAGCGCTTTTCCGGGACTTCTGCTAGTGTATTCCGATGTTCAAGGTAATGTACCTTACCCGTAGAAGTGACGCTCGTGTAGACTCTGATTACTGATGAGTGCCACTCAGCCTCCTATAATTATTTTAGGGTATTCCACACTCGGCAAAGTGTTGACGATTCATCGTTGCCCTTGGCTGTGTAGAACCTATATCGTATTCAGTAATCTATTCGAATTATCGTATAGAACTAACGAGGGTGTTCCGGTCAACATCTAAACACAGCGGTAACACGTAGAATATCCCTTGTTATAATCCTTTAACACGGTGCGATTGCGGTAGAGGCGTATGGTCCACTACCAAATGGGTAAGTTATGTCTACCGTTTCTAACGGCTCTCCCATTAACAGCAATATTGCCAGTTTCGGGCACGTCGACCGGGCGTTAGCATAGCGTTCCTAACCACGAAACCTGGGTGACCGGCTCTTGAGTCTGACGATAACCAATAGTTCGCCATGTTCGTCGCTGGTTAACAATGAGGTCCGTGTCCTTTAACGCCAGGCAACACATGGCGTGCATGTTGCCGGAACCTATGGGCCCTAGATCGACTCCGCCTTGAAAAGTTCTGTAGATAATCCTGCCAGGAGCTCGATCGCTAGGTGACCAGATCTGCACGTTAGCGTGCACGCTGCTCCCGGGTAACGGAATTTACGAACCGGGGTATCTTAACTCATTTATAGGTGAAGCTCTCATAATCTGCTTCCCAAAGCGTAGTAACCACCGCCATTCTAAAAATAGATTCGTTCCTTAATTGTTGTATCCTGCCACAACATTAGGCACCCCAGGGCCTCCCGAGGCTGTGTACTTACACTAGAGACTTCAAACTTCCAATTGTGGCTCCGCAGTAGAGCCTGGTCGCCAGAGGACAGACTACACCTGAGGCTACCTCTTACCCAGGCTATCTCCCTTACAGAAGTCTCAAGTCAAGTCCCACCCCAAGTTTGCACGGGTAAGTGCAGTGCGGATATATAGATTACTAGTTAGGGTCTGCGATGTTATTTCTGCAACCGACCTGGTCGTATGAAACGAGGTGTCAAACTTGGCACTTACCTTGATATTGGCCGCAAACAGAATTATCCTTGATGGTCTGTTGTAGATCGATATACCAGCATGCCCTCAGCATTCAAACATCTAGCTGGCAACAGAAAGTTGGACCTCACAGGGTTCCTGCCACTACTAGTTTACTAAACCCTATAGATAGGCTAGACCGCAACCGTATATATCCCCATCCTGGATCCTGGGCTAGCGTCTATTTACCACAGACCAGAGACCCTAGCGCACGCAATTACCACGGTCTCCGGGATACGACAACCCCGTGTGACACTCCTGGTTCTCGACCGCTGCCGGAGTGGCAAAGCCGAAGGTTCGAGTACTCTACACTAGCCGAGCTGTGCGGCCTGATAGGGCCCCGAACCTGAGCCGTTATGGCTAGCTTTTGAGCTAGAATGTTGAGTTTGGGGAAATTGAACATTAACCCCAAATTGCGGAGCCGCTCCTCTATTCGAGCAGAATTACGCACTGTGGCGGGCGAGTCTGCGCTGGAATAGTTAGGGCTTGGCCCGTAGCTCTCAGGAAGGGGTATCGTGTTGCCGAAGCAAATCGGCTCCGCGTTGTGACAGGAGGGCCGGCAGCC,1936,50.05,Homo sapiens
SEQ_576241,CGGGCCGCCGAGGATGGAGCGGAGCGTTTAGGAGGCTTTGAACATTCTCTAATTTGGTCAGAAGATGACGACCTCCCCTAAGACCGTTGGGATACTCCCGGGGAGCCGCCC,111,59.46,Mus musculus
SEQ_721371,ATATATTCACGTGCGTACGACTTACGGTTTGATCGGCTTGTCGTAGGACAACACGAATTTATTCTGGCGTGAAGTAGTTATTACGGATCCGCAGTTTATGTGAAGTCCGGAATTTCGTCCTTACACCCGAGGAGACTACTACGGTACGTGACATGTGACGTGTCCCAACAAGGTCACATCAGAACGAGTAAGACTCTTGGCTCGCCGTTTTCACGCCTTTTGGCATTCTATATTCCGGGGTGCACTCGCGGACGGTAGTAATGAGGCGTGCAACGGGAAGACTCAGTTCAACTTGTGTTCTCAATCAAAGGGCCCCGGCCTTCAACTTCATTTGGGACCA,340,49.12,Caenorhabditis elegans
SEQ_336238,AGAGTGAGTGTCAAGACCGTGAGGCGTGAGTTCCGGCAATGGCTCCGCTCAAGTTCTAGCTATAATCATTTCCATCGCTCTGTTACGGCGAGGTACCGTCAGTGACAACGTAAGTTCATCATATACGTCATGTTCAGTGACATTGTTAGTGGTCTATTCCAGGGGAAGAAATACTAGTAAAGCGTTCATAAATTCTGAAGGTCTTACTTACACTGCCAATTGCATGTCGGCCCTCTAACATACTTGAGATATTCTAGCAGGAACTTGTTGAGTAAACTTGTCTTTAGTTGAACCTGATGACTAAACTTGACACGCAAATTACGGCCAAGGCATCGATATTCTTTACCCCATGAGCGCCATAACCGATCCCTAGACGGATCACCATACCAGACCATGACCGACTACGAATTCTAGACCAACTTGCTATCTAATTACATCTTCCTACCGTAAGCAGATAGTAAGGCAGCACGTGAAAGCAATGGCCGCGAATTGGAACCTTGAATCTGTTGAGGATAGAGTAGTTTCAAGATGGGGCGAGTGCTCCGCCCAACGTTCCCGAATGATTCAGAATTTTGCCAAAGTTCTCCCGGTTAATTTCTCTTTAAAATTTTGGGGGTTATAATGCAGCGCACCGCCGTGAGCTGGAGTCTGTCGAGTCCCATAAGCAACAGCCGTCGGGTTATGTACCGGTAGGCACTAACCAGTTTAAGGCTACTTCTTCTCGCCAGGTGCAGAAGCGCCCTCGATTTAAGTATACGTTCCACCCAACCACAGAGTATTGTTGCGCTCGAGCGGAATGCATACGGATTGGTTCCTCACCCCAGAATATTAATTTCTTTGTACTTCGGATGCTGTGTAAGCCATGCAGACATGGGGCATGTCCCTTGTTGAGTGTTATGGCACACTTGAGCATCAAACATGTGAGATACTATCACCTGACAGATGCTTTGTTATTATAGAAGCCAGACAAAGTGTCTACGTGGACGTTTTGAAATACAAAATCAGGACCGAGTGGCAACTCAGCTTCGTATCCAAACTGCTAATGCGTTCACAAATAAAGGGGCGAGCTGAACTGAAAACCTGTCGCTGAGAAGGGGTAGTGCCCCGGGGCGACTGCACGGAAGCTGTACCGCGAATGGCTACATACCTTGTGCAAGGTACCCGACATTGATCGCTCAGTATGGTGGTCCCCACGATTGTATTTATGGTCATGAAGAACTTACACACATCCCGACAGCGATCTTACACCCAGTTCAATACGTTCATACTTTACCACAGGCACGATCCTACTAAGAACAATGCAAGGAGTAAGCTAGTGTGTGTAACTAAATTAGGTTAGAGGGTTTTGTCTGAAGCCCGTAACTATTCGTAACACTCTGGTACTAAGCTCGGCTTGACCGGCAAGGTCGATACGTATTACCCGTTTGGTCATTAGAGTTTCTCTCTCGTCCACTACGACATTTAGCCGAAACTATAATCCGCGGTCCACAGGTGCGATAAACTTAGACTTAACTCTTCGTCAGAGTACTCGAATTCTAACGGTGGTTCCACCATGTCTGGTGCCTCAAATTGTACTGTAAGCCAATGGACCAGGGAGCCCCAATTTAGGGCCATCCGTTCGAGTGGCCCTTCGATCTTGAGACGTTCGAGACGGTAGCACAAAGGTATGGAAGCATTGCGTGTGACGAGCAAAGATTGCAATTACAAGGAATGTGAACAAAGATTGGCTGTGATATCATGTATGACCCCAGGCGTAGTCCGGTCAGACCACTAGGTGGACAAATTATGTTTCCTGTTATTCTACTCGTGATATAGTAAAGCCGACGGGACTTCTAACAAGACATTTATGGACGGACGCCGCTTCCGC,1867,46.71,Drosophila melanogaster
SEQ_788867,CTTCCGTCGGCCGCCATCACTTATAGCTACTCCTCCAACGTCTTGTAATAGAGCCCGTCCAATCCTTCAAGTGGTGCACATGATACTAGTCAGTCTGGGCCCGGTCTAATGGCCCATTTGCCCGATTTCAAACATTTATGTGATAGAACCCAAAGAAAATGACATCCTCACCAGGAGACCCAGAACTTGTATACTGGGTCCCCTCTTAAGACGGTTCATAAGAATTCCTTTCTTCTGTAATTGTTCTTCAAAGAAGAAAAAGGTCATCTCAGGAGCGCGGCAGAGTTTCGCTTCGGGATGGGATTAACGGCATCCATCCCGCTCGGGGCGTGGCGGCCGCGCTACGAGCGCATTAATTCACCATGGAGCGTCGTTTGGTGATCCCGGTACATTGCTTGTTTTGCCGTCGAGGTCTTGCGGAGCGCGGTTTGTGGTACGTGTGCGACTTCGAAGGGGCGGCTAAATTTAAAACGAACGTCGAACGCGTCTCGAAACAGACTATTATGTAGGAGCGCGGTTTACCAAGCTCGGGAGGCTGGGCTATAAATTTGCCCTCCTAAGGAGCCTCGACACTTGATACAGCGGCATCCTAAGTTAAAAGTAGGGTTGTACAAAGTAACCAATTATAGTTAATTCATGCTCACCAGCGACCGGTGTGTTGTTCGACAGTTTGCGGAGTAAGTGAAGCGAGAAATATCGAGGATACATTCCGCCGGTATGGTTCGCTCGCGATGCAAAGATAACAGGCTAGCGATAGAATACGCCGCTGCGCGCAGCGACTCTACTTATGTTTCTGAACGATGGCGCAACCGTCGAACCTGTGTCTGGGAATCTGAGTATTCGCCCGCAAATTCATTAGGCGATACACTTTTCGAACGATTAGGATGAGGACCGGACAATCCACCAGACATGTGTGTCGTCTCCTGATTTTATTTTCCCGAGTAGAGCGTGGAAAGACTGAATCCGCTGGCAGGACCTTATGGAAGCTGAGTCATTCTTTTTTTATCTACACAGCTCTCTAGTTTATCCCGGACTACAGAGCTCAACAGCTCATAGTCGCGGGCTTATATTAGTTAAAGTTTTCTTATCGGGGTACCCGGGCGGTCTCACCGGCCATGCAGAACCAAGGACCTTAGCCGGAGACAATGTTACAACGGCCGGCCCCACCAAGTTGGACCTTACAGACGGTCTGTGCGAAATACTCGTTGCGCGCGGACTTGACTCGATCGTCTGCTAACACGTATGCAACACCTCTTGGTGACTGGGCTCCTCTACTCGGGAGAAAGCTTGATTGTCCTCTAACCCTCGTGCGGTTGCGGATTGTTGTAAGTAAGCAATATAAGGCGAGCTAGGCCCTCTG,1360,50.29,Mus musculus
SEQ_880742,CTCCTTTAGGACACGAGCCGAGGAGTATCGACGCAGATAGCCCCGACTCCCAGCTAATGGTGATAGACGCTCTAATTAAGTCCCTGAGAGCTGGTGCGAAGCATGTCTAGAGGGAAGGGCCATGACGACGATGACGTAATTCCGGGATCGCGTTAAGCTCCTTTCTCGCCTGTCGCATGCGAGAATTACGGCCGAAGCCGGCGAAGAATACTAAACGTCTACGGGAGTACACCCAGTTGCGCACGGTGGGTAACGTGGACTACCGAACCAACCTGCTGATCCCTGTGAGCCAATCGCCGTGATTTATAAGTCTCGATCCTGAGTTTTTAGGTCGCATTCATACTGCACAAGCTGATCAAAATTTTTGAAACCTCTCGAGCCCTATATGAAAAGAACTCCCTTCGTACGCTCGCTAAGTCTCTATCTTGCGGGAAGATCACCGGGAACTCGGGGCGTGCCATAATCTTGCACGTGAGAGGGTTCGCGGATTTCTCGAGTTACCTGGCCGGCCGTTAGAACAGGGTATCCGGTATAGACGTAAGTTAAGTAGTATTGAAACGAGTCCACCGGTCAATTTTAGATCTTCAATGTCGGTCCACGCTCGAGCACTTTAGCAAAACTAGCCTTCCTGGCCGTTAACCCCCAACTTGCAGGACTTTTACGTTCTCAAATCCTTAATGCTCTCCTGTCATTCCCACTTATACATTTAGCTGCGGCGCCATCGTGGCTAATCGTCGATTCCCGGAGCGTTACAACTTATTAGTCGCCTGCTTTAGATTGCAGATCCAACTCTATGCAAAAGAGGACATAACTGGAGTTTTCCTCCATTCTCTCGATCCCGGTTTCTTCCTCT,853,50.06,Saccharomyces cerevisiae
SEQ_635357,GTTGCAACCGCAACGAATTATGAACAAAGTCGTACATAACGGACTACCATAAGGGCATAAGGGTCACCCTGGAGCCTTAGGACGCTCATCCGCACGCGGGACGCATATCGCCTGCGCCCTTCCCGTGCACGGGGGGGGTGTTTAGGTGAAACTAACGAATTGGGTACGGAAGAGCGGGTAGAATATATCGTTAAGAGGAGGGTTTAGCGCATCCTCCGTAGTCCTGACCCACTGGTCCCCTACCCTACGTAGAGCACGCGTCGTGTCAGACTTGACACATTCTAGCCATAGTACTAGTTCTACCATTAAGGGTAGCACTTGAAGAGACATATTATGCTGCTTGAGAGGTGTCTGATGTAATACAACGTCTGGGTTAGTACTGTTGGGGTGGGGGCGACGAGGTGGAATATCCGTCGCGTGACTACAAGTATATCAAGGGATCGGATTGCACTTATGTGCGGGCGCCCCAATATCACCACAATGATAGGGAGGGTGCTTTCTTCTTTCCAGCGTCATTTTTGCCGTGACTTCTGCTGGTTGAATACAATAGCGCGGATTCCCGGCTTCAAAGCTCAAATCTACTAACCCCGCATCCGCCTCTAAGCCAATGCTTACGAGAGTAGGATTATGCACACCGTTATCATAGATTTGTCCGGTCGGCCCACGGAAGTGGCCACGTCATTCCGTAGAAGCTGAAGATTGCCAGTGTAATTTTTAGAAGCAGCTAAGCTAACTTTGCTGCAAGCTGATGTGCTACCCTAGTGTAGAAGCTACGGGCCTGGGCAAGCAACCGGACCTAAAAGGAGGGAACCAAGCAAGCTTTGGATTACACGGACCTCAATCCGCTTACCGGGCACTTTGGGACAACCGCATGTTCGTTTCATCCATGTCATCCGGTATCCCGATCTTCAGATATGCGTAGATCTTTTTAGGGGATTCTATAGTGCCTCACTTGAGCCTTACCCCGCATTTAGCTGTTGGGCGATGAGCAACCGAGATGCCAAAGGATTCCCTACAGAAAAAGTGGGACGGACGGCTAATACGTATCCTCGCGCATAGAGGTATAAGAGAGGAGACTAGTTATCCTAGTCTGATCCGCTTGGCAACAGTCACATCTAACTGAACTCTGTTGACGCGAGCACACCTCCGGGTGGGTCTGGGTAAGAAGACTGTCCTAGCTCTATAATGAGAGATCGTAAACAGCCCAAGTTAATGTAGCAAGTAGGTATCGAATTTGATTCTATGGAGCCCTTGGCTCATCTTTTCGTACATACGGGTTGTATGTGCAAAGTATAATATGGACTTATCCTCCACGCGATAATTAGTTTTAGTCACGTCATCTCCGCGCGCCCCAAATGCACGGGTTACCCTAGCGTGCTCGAAAGTCGCCAAGATTCGCTCCCCCGTACCAGGGCATCCAGACCAGGTCAGCCCGGAGTTGGAAACAGGTCATATCAGCAGTCCTGCGAATGTGGTCGTTAAGTCACGCCAACTCAGTCGGGTCCATCCAGTGTCTATGGTGCGACAGAGTTTACGGGATTGCGACGTGTTAAGACAGCGTATCCCGAGATATACTTGCTTCTCATTAAGGTTCGTTATATAGCCTCACCATCGTAATACAGTCCGCCCATTCGTTCAGAGGCCGAGCCACATACCGCGGTGTATGATCGCAGCAGGCGGCTTGCAGACTAAACCCCAGGACGGGGAAAATCTCACCCGGGGGCAGGTTCTCCATGGAGAATTTTTAATTTTTAAAGTTAGTTAGTGAGCCACAGGTACACGAATCCACGGAATGCGCAGAGGAGCGAGGCTACTGCGAAAAGTTCTAGACGTCAGTGGCGTATAAAGCTAGCTACTGTCAGGCCGAACTGGGGCTCGCTCTGCGTTGCTACATCCACAAGGCACATTTCGATAAGGTCTTCACGGTGCAAAGTTACATAATGATCCAGATTCTTGGCAAATAGGTCAGCACTTA,1975,50.18,Caenorhabditis elegans
SEQ_127541,AAAATTTCAGCGGTTTCGTAGTTAGCACTCACGACACGCTCCATGATATCGAGTCGCGGGACTCTAGCGATCGTAAGCCTGTATCATATCCGCCAACATGCTCTCTCTTCGGGATCACTTAACCCGTCGACGAGACTGTAACCCGTGATACTTATCATGCACCTCCTCCGTACTATGTAACAACCTCGCGGCTACCCATCCAGCTCGTCGGATGCAGTGTTGTCCGGGCAGGCCTTAGTACGAATTCGCTAAGTATATGTAACCTGTCGATGATCGCCAATAATTTTTGTGGTACAATACGCAACAC,307,49.19,Saccharomyces cerevisiae
SEQ_989086,TGAGAATCATACATAGACTTAACGACTGCTCAGGAACGGAAAGTTCCGTATATTTACAGTTGGAGTCCGCGACGGTCGTCTCCCTCCCAAAAGGGGGTACCCACGCAGCGGTAGAGATTTGAGGAGACGGTGGAATGGGAAAGGAATTGGAAGTCTGCAGGAATACCCGGGCGACGGAAAGACTTATGTTTAGCCCTTTATCCACTGAAAACCACGACCTGTTTAATCTGTCACTAACAGGCAATTCATTAGTAAGCCTGATCTGTCTTGATAGGTGTGAGATCGGTCCCCGGAGGTACGATGTGGGTAGGACGGCGCTCGTAAGTTTATGAAATCCGGGACTA,344,49.13,Arabidopsis thaliana
SEQ_172672,GCGTTATAGTCGTCCCCGGTATGAACGAGGACACGAAAAGACAACGGTGCGCATCCGCTTGAATAGCTTGTGGATCATTTCTCCATTAATGGCTATAACCGTATTCTCGCATTCCCGTGGTAACGTGCTCTACATACATAGCGACTCCTTGATCGCGGTTGATATGAGGTAATCACTCTTAGCCCGGATTTGCCAGCGACTAACATCTGGCGGCTACGATGGGATGTAGCATTAGTCATTTGACTCATCGCTTCGCGGATTTACAGGGAGAATCACTGTAAGGGTGGTTGCGTCAATGGACCTAATTTCCACGTAGTTGTGATTTCAAAAAGTGAACTAGCGCGAATAAGGTTTATATTATCTGGGACGTATAAGAAGCCACCGTCCTGCGCCGGTGCCTCTGTCCAACGAGATGCCTCATTCACATGTAACGGAGTTTGGGAGCTAGCTTCCCGACGCACCATATACAAGCCACACGAACGGAGAGGTGTGTTTGGAAACGTGATGACCCTAGACTATCAGCAGTTGTTAGATCATACATACCGGCACCATCCGAACACTGGCTTGTAATACAGCGACTTGACTAGTTTTAATGGTGACATGACTAGAGATTGTGTTGGTCGGCACGACACGCAATTTAAATCCTATGTTACCTTATATCACGTTACATGCATGTTGTCACAAAGTTGATGATCGGGGGAGCGGTCGGACCTTCGCGGCCCGGGCTCAAAGCACAGCCGGAAACGGAAATATGGGTCCTATGGCTCGAACGAGAGACTATAGTAAGGGCGGGTGTACAGTTCCACAAA,809,48.33,Escherichia coli
SEQ_705389,AAAACTTACTGACGTCCCTGCGAAGCGTCGGTGACCTGAGCTAACGTATTCGTTTCGTAAGGGGAGTACCGCAGAGGCAAGAACTTCCTCAAAACGACACACATAGTGAGTTTTTAAGCAAACAAGAGACTTCGTATGCGGGCCGCGGAATAGTGGTCTTTGCGTGAGGTACGAAACGCTGCCCGAATGCCCTAAGATGCTGCGCGTATTTTCGGTACTGCTGTCGGGGCGCAACTCGACACAAAGTCGGTTCGTCAGACCAACCTGTGAAACCTCGCCCTGTCTTTTAGAAAAGGCTAACGACTACGTAGTGACAGATTTCCGTGCAGACACGGTTGAGATAGTTCCTCCGTATTATGGTGTAGGCCTATTCACCAGCGAGGTGGTATACGGCCGGAACTCGAGCCGACTTGATAACCGCCATGTAACGCAACCGCTGGTTCGGTGTCTCTCTATAGACGACAGTGCGACACGCACCTTCGGGTCGAGCGTTTGAAGACCTGAAACGTTGTGTATATGTTTCAAGTAGCGTTAAGGGAGAAAATGTT,548,50.73,Drosophila melanogaster
SEQ_924967,CGCAGACCAATTCCTAAAGTACCGGGAATATCGGCTTTCCCATACGATTATACGTCAGTTCTCCCAGGATTATACTTACCGGAGCTCTCTCTTCCTGTGGGTGAAAGGGCTTCAGAACCGTTCTCAGAGGGCGGTCGGGATCTCGGGTTTCATGCTCTTCCGAAATTACAGGATAGACTTGCGTGAGTCTCTCTCGTGTTCTATAGCACTGCTCTATAGCTATCTGGAAGCTGTACATATAACTTGGTCAGGTATGCAAGTGGCCCTGACATCGTACCACTGTCTTGGTGTGATACTGAAACCTAACCTATCTGAGCTAGGCTCGTTTACGATTGAGGCAGCTCCTGCTCTAGATAGGAGTGTGCCGAGGAAACTGAACTCAAATTACTTGTTCATTTAAACGAGTATGGTCCCGATACTTTGCTGGAAGAGGGTTTTCTTCAGCTTGATTCAGAGCGGCCAAGAGTCGGGTTGGGCCGTTTTACTACATGCTATAGGTTCTCGCGTAGCGGGGTCTTCCTATAATAAAAAATACGGCTATCCGTCTAAGTGAAGGATTCAGATTGAGGTTTTTTATGCACTTGAAAGTTGCAGCTCATACCCTAAATCCCGGGTAGGACATTCATGGGAGCGAATGCGGTCACCTCGCGGAGGGTGGCCCTAACGTTAGTCTGGGCCCGTCAACGCTGCATATCTAAAATTAATTGGGTAACGAGAAACGGACACTTCAAAACTTACGCCGGCATTTTACTGGAACTATGTATAGCATGTACTTCTCGTTTCACCCCGCGATACACGAGTTTCCCAAGCATTACTATTTCGCAGCCCGTGTCGGACGATTTAGACAGACTCCTGCACACGCTTCTGTTCTCACTGAGTGGAGAGACCGTTACAATAGTCGTACCTGCCCTCCAACTGATTATATATGTCAACACTTATCTGTCTATGAACTAAGCTAGCTTCTGGTTACGTGGTCATGCCGAGGACTGACCGCTCTATCCTGCTGAGGAGAGCTGGTACGGGCCTTGCGATCGTTGGAGCCCTCTTCCAGTCTAAGTCCTCGATAAGCCCGAGCTTAGACCAACCAGATTTGTCCCCTTCCACTCGAACACTACCTTCACGTACTTACCCCACGTGGAAAGGAGGGCGTCCTGCACATGTGTGTTAGAATGTGTTGCTCGGCGCGATGAAGTAGGGATGTACCTGACGGTTGACTGGTGATTGACGGGCGGTACGCTACTCCTCGTAAGCCTAGCATTACAAGCGTCCAAGGTGAATATGTCGTTAGCACACCTGGGGAGAATTAGTGCTTCCGTCAAGCTTGCAGCTGACAACTGCAACGGCTGTGCAGGAACAACAATAACCAAGAACGCGAAAACACAATAGGTTGGCGTAAGGCAGAGACAAGGATAGGAACACCAAATTATCCTGCTCCGGGCCTCGGACTGGTGGGTTTCATGCCTTGGTGTACCTGCTCAATTTGTGCGATTTAGTGCATTCGCCCTTCCGGCTGAAAGTGGCTGTTCTTGTGGGAGGCCCGCCTGTAAGTTTATACGGCCGGTCGCACAACAAACGCCCCGGTTTCTATTGTTTGGAACGGCCCATGGTGACACGTTCTCAGCTCTAAGCCTAATCATGAAGTAAACGAGCCGGAAGCA,1658,49.58,Drosophila melanogaster
SEQ_819438,GATACCTCTAAGCCAGCCCAGCTATTCGATACGCCTCAGTGTGCGTTCTGGGTTATCTGCCCTTTTTACGGGTGATACTCCGGTTTCCAGCCATAC,96,52.08,Homo sapiens
SEQ_741558,TACTTGTCCGCACTGTTCATTAAACACAGTGCTTCGCAGTCAACCATTTCGCGTGGGGAATAAGGACCCAGGTCGGGCTGTGTCACCATTCGGGATATGTGATCAGAGAACTTTCGCTCAAAGCCCATTTCTGATCGTTTAGCATGCCAACGGAACTCTGCAGTGCCCCTGCACACCAGCTAGGACGTAACTACCCGTTGGTTATGAGATTAAGGGCTCCGGGGAGTAAGGGTTAGGTAGACATCACTCGTTGCATGACATAATATTATTCCTCTGCTATTTTTACCCGCCTTGCGACTTGTTCTAGCGCAGAGAACAGCAAGTCTATCATACGGCCAGTGGCGGGCAGCAAGCCCGGGTGTGGACGTCACTGGCCGCCGGTCTGTGTATCAGTGACAACCGATACCCCAGACCTAGTTCGCTTGCAAAAATACGGGATCAGCTTTTCATGCTAGTACTGGCTTACCTGGTTCTATATAAAAGAGGGAGTCGCTCTCACATGGGGGGAACACGATGCATTGCCCTCGTCCAAAACAAAATATCAATTAATCTTCCAATCTGGGAGTTGGTCCGGGGAATTCTAACGTCAATCATTATGCTATAGAGGTCTACCACGAACGTGCACGGTGCGAGAGTTAAACGAAGTCGTTTGGAAGGATGCCGCCGTGTGTGTCCCCCCCTTCATCCTGGATTGAGATCCCCGAACGACCCGCAAAGGTTCCATCATGGACTCAGAGCAGGAAGGGTGAAGTGACTCCAGCTTGTAGTCCGTCACTCCAACGTACAAGTGGAGTAACGATCCATAGCAGGTGGTATGAACTAGGCGCTTCGAGAAATTAGGTTTAGAGACTCATAGATTGGTCTACGCCGTCGTACCATGAGACGTCGGGGGGCATCTGC,900,50.78,Escherichia coli
SEQ_703683,ACTACTCAAGGCTTACCCCGATCGTGAGTTGAGATCCAGTTTCTGTACGGCAATACCGACTGCTAACAACAGTAGCGAATAACCTATGGCACGATTTCGAGGATGGTTCTCATAAACTACATTACCCTTGGTCGGTACGCTCATTGTTAAGTTACTAAAAACAATTCGTGCAGAAAGCGACCGTGAGGCTGCTGAGGTTATAGTTGCTATTTAGCCTTACACCTTGTACCCTATATCTGTGACCGCATCATAGGTGAGCTAGCCTTGACTAGCATATAGGCCAAGTCAGTCTGAGTTCGAGGGGAATAAATTGGGTAAAACTAGGTGCCGAACCTTGCCACGAAGTACGTTTTACTTAGAAATCGATGCAAGTCGATCCTGATTCCAAGAATCAGGACTTGGCCCCTGATTTTTTTATTTGGCACTTCATACCGAATCTTCAACGAAACACACCTCTAATCCGCTTGGCCGGTTTTCTGGCCACGGGCAATGGCCAGCTAATGGCGACCTTAGGCGCACGAAGGACCATAATAAAAACGTTTTCACAACTGAATGGCTTGGAATAATTAAACGGGAATAGATTGGGTTGTGTCGGTTGCCAGCGACATTTCAAAGGAGTACCTGCTTCGACGCAAATCTACGGATTATGAGAGTCGGCACGCGGCCCCAAGCAGTTGAAGAACGCGTACCAAAGACCTGGGGCCACACCGGATAGGCTGTTGCCCTTAGCGCCAACAA,738,47.29,Saccharomyces cerevisiae
SEQ_391397,TTGCGTTTGCGGACGGAGCATTTCAGGAGCCCGTCCCCCTCGGTAGGGTACAGTTCACGGGTTCCCTTAGTGGGCCATCAGCCTAAAGCTCCGACGAAAAATATATGATATCTTGTGAAAGGCAACCTTAGTGTGCATAGACGGAAACGCTAGCTATCGTGTTTAGGGTTCACGGCCGATAGCAAGATAGTAGACCAGTAATCTCTTCAAGGATTCAGGAAGTTGTCATTCTCCATGAGTTGTACTTTGTCGGCCCCGACCAGTCCGCCTAGAGAACATAATTGTAACTACAGAGTGTACCAAGGTACCTACGGGGTAAGGGCATTTGAAATAGATTCGAGCTTGTCGGACGGCGACGGGAGGCGCCCAACTGAACCTGTAAGGTGTTAGCCTTCGAAGAACATCGGCGAGCTAACTCACAATGATCTGCGAGGCTAGACGCACATAAACGTTCTCGATTCTGAAAGGTTCGTAGCAGAACGGTAATCGGAGCAGCGCTTTGACCCTCAGTTGTTAGCTAGAATAGTAACCACAAGCCTTCGTACTATTTCATGGAGAGTATACGGCCAGGCCTTTGATGGTCTGTAGTAGATGTGCTGTCCGCTAAACTGTATTTATGCGATGATGATTGGGCTTCGAGCCAAA,645,48.84,Caenorhabditis elegans
SEQ_357155,ATATGTGGATTGAGTCTTTCTGTAGAGGCCTGCGTGCCCCACAACTGAACTGACGCTATCCCTAGTGGGAGAGGCGCTCGACGGTGGTCATAAGATATTCGGCCGACATTTTTACTACGCTAGCCTAGAGCTGGGACGGCTTCTCGTTTCGCAAGGGTTTCGAAGGCAGATACCTTTGCTTAGACCTCTCGCTACCACTACACACCGGCGGCTTGGTAATGGTCGCAATTACCTCTTGTCTTCAGTGGAAACACCGGAGCGGGGCATCCGATCCATGTGAGCTCCCTCACCCCGCACAACGGTCGCCCGATCGTTTGAGTATCGCTACTTTGATTCGATCAGGTACTTCATAAAGTGAAGAGGGGCACGGAAGCGTGCATATTGCTATATGCTTAGGGCGCCCCGCTTTTGCACGAGCATCGTTCGAGGAGTTCCCGCACACACGTGCCAAGTAACCGGAGTGCCAATGGTTCCCCAATAAGCTGACTGCGACCGTCAGTGAGCTTACACCGGTAAGGATCTACTCTCCATATTGATAAGTACCTGCCGCACCCCCGCGGTTCTAGCAAGGGAGACATATCCGATGCTTGTTGCACGGTTAGCATTGGTGGTACCGGTTATGAGATCCCAGTACCTCATCCGCAGCTACGCGTGGCTCTATTAATAAGCTATTTCTACACGTCGATATAATTAAACGGTACACCGAAACTCCAGATGACACTGTATATCTAGCAGTTAGGTCTTGAAAAGTGCAATCCTCACTGCCTATCCGCTACAACTTCGACTCTGTTACTTATTATCTGTTCCCAGTGAGTCGTTTTGATCCTAATTTCCCATCTGAACGGTTGGGTGCATGAGACACTTTGTCGGCCTTGACGAGTCTGACTGGACTGAGTTCACCCGGAGTCTAAGGTTAGGGGTCCATCACCAACCGCACGGGACATCGATAGGCGGACGCCCCCACTCTCCTATACCACAACGCGTATTCCTCCCAGAGGTACGCCTAGAGAGGCTCGCCTTGTGTCTTGTAAATACCACCCTGGTCACTGCGCTCCTATGAACGACACCGTTAGATAATACGTTTCCACACTAAGTGATGTGACCACCCCCTGCCGTATCCGTTCGAAAAGTCGCCAGGCCCCGTTGAGAGCTGGTGTGCGCGTGACACGACTAAACGAGTGGTACGTGTGTGGTTGATGCGTCCGCCGATACAGATGGGCAACGCCGTCAGTCATACGAGTGCGGGTCTAATACTCAGGACTGACGTCCCCGAAGACCCAATTAGACGGGCACCGCTCTTACCTGGGCTCGGGTGACGTCGTTAACCACGCCGTATTTGTCACGTGGCGTAACCACAGTGGGCCGTGCTCGCGCTCATTCAAAACCAGTACCTCACGCCACACAGCTAGCCTTCTTGTGTAATTTCCGGAATTTGATCGCAAGCAAACGATAGGATACGGACGCTAAAATCCAAGCCGATCACCGGCAAGACCGTCCAACGAAACCAGCATCAGACGCCGTAAGACAAAAACTACTGGCAATAGCACGGGACATGGTGACCTATCCAATGGGCAGCCGGAGCCACTTGCCACGGTTCT,1598,52.88,Escherichia coli
SEQ_661100,TCACTCCAACACTGCTCAACCCAGGAGGCGTCCGGGCATTCTGGTGTGTGGCCCAGACGA,60,61.67,Mus musculus
SEQ_127208,AGAGTTATTCATTGTATGCTTAATGCAAACGGAGCGTGATGCTGGGGACCGACCGTGCGGACTAAAAAAGCAGGACCAAACAGCGCTAACGTGCACCCGTAAGCACGGTCCTATGGTATGGGCCCTCTCCTGACATCAGGCTATCAAGCTACCAGCCATATGCTTAATCACACGTTTATAGTTATCTCGGGTCTCGTGACCCGTCCTGTGGTAAACAGGTGAGGTCGACAGGGGCGCTAGGACTTGGGATTCTCGCTGTAAATTAGGCGCAACACAAGGATAATGACCATCGCTCAGGGTGGCAACTTGATCTCTAAGCTCATGCGGAGTATAGGTGAGGTCTTTTCGTGCGCCGTGCTGCCTGTCAAAGGGAGAGCGACGCTCGAACACGCTGTACTCGCATTACCGTTCACCAGATCTTCCAACGTCCACCATCAAAGGTCATCGTGGACCTCCCGTATGTGAAGTCATCCGGCTCGATTCTGATCTTCAAAGGGATTTCAGGCAGACGGTGTTGGGCCTTTCCCGGGAGCATGCTATCTGCGGCTGTAATAAACTTCCCATATAGATCTCTTCCATATCGTAATTCAGTCCTCTCATCGAGGAGCGTGGCATAGTTACCATAGGGGGCCAATACCCCGTTTCGGTAGAAGCCTGTGGACATTTTTTTGGTTTGGGCTTTCAGGCACCCCCTGTCCCATGAGCCGCTCCAGAACCTCTCTGCCGCCTAAAGAATTGTTTGAATGCCACTGAGCCGAAGAAGGAAGCACGGTGAGCCTTGACTTATCAATACCAGTAGGGCATAGCTCCCCTAACGGATCGGGTCCAAATTCAGACGAATTAAAAGTTCGTTCACCGACACTCGCTCAACACTGGAGACTTCCATCGAGGGGGTGATCGCTATGCTGCAGCTGAAGATATCTCTCGAAACCGATCGTACCCGGAACGAGCCCAGTCATGGGGGAAGTGAGGGTCGCGACGCTCTTGATGTTGCTAGGTCTCACATACATTAACCTTCTCGCTTTCAGGTTGTAGTTCCCGGCGCGTGCATTAAAAGCAAAGATCCCAACACGGGTCGTTACCGTGTATCTCCTGTCGACGCCGGGTCTTTAGCGCACGTAGCCTGTAAGTCTAGTTCGATCAATCCTTAACAAGAGACCATTTGTGGTTTGTGAAGTTACGCCCATCGAAATATCGTCAAGTCGAACCTATTGACACCCTGGCCGGAGCGTGCGGAGATATTTAACAAAAAGAGCTCTACTGTGCCTTGTACGTAACCCGTACATAAGATTTCTGGTGCATAAAGATTTACCCGATTAGACGCGTCGTCATGCGGTGCGACCCACACACGGCCCTCCAGAGCTAGCTTACCCCATCCTTTAGTTTAACATAAACCTCGACGGGCCGCAATCGAAGTAATCCACTGACTTCATTTCCTTCAGCTAAGTTATACGTCGATTCTTCGGGCACTTACATTCCTTTTACAGGCCCGCAGACAAGTCCTTGGCGGTAAGCGCCACAATGACCTCCCGCTAATGAACGCCGTCTAGATGGTCACGTTTACCCCATGATTCATTTGCGGTCTGAACGAGCGGTCACGCTTACCATGCGAGCGGCCGCGGACAATGATTAGGGGAGATACCTTAAGTGCTGTAATTGAGGCCCTGTCTGCATTAGCGTCGATAGCACTCCATGTTACCTGCGGATAGGAAAAGGTTGGGTGCAGATCCGTTCTGGGAACGGAACACAGTAATACGTGCTTTTATGTTAAACAGTTCCGAGCCAAGAGAGGATAACGTCGGCACTCAGTCACAAGTCTAATTCGCTATACCTAAGCGAAGGCCGACTACCAACAAGGCCGCCTAAGCTGTGGCCCGCATCGCCCAACGCAAACCGAGCTGTTTCACGGTTCGAGAGGGTGGTTAAGACAACTATCAACAAGATAGTGTACAACCCTCCTCGTCACAACCTCCGAGGGTCGTGCATCCCTTCATAGGAAA,2000,51.1,Escherichia coli
SEQ_932585,GATCGAGTTGATAGACACTGCGTCACTTCAAATTTTAGCGGGGTGATAGTCGATTCAGAGGTAGTTCCGCGATCTGATCTTCGGATTCGTAGGGAAACCAACGCCAATTTTAAAGCGAACCTCCAAAGTGTAAGGTAACGCGCGGAAATCATACGAGATGGTTATGTCACAGCAGGGCAGCAGATACCGTCCATTGGCGAAGTACTCACCAGCTTCATGCCGACCGCTATTGTAGAGATGACGTCTGACGGCTGTTACCAGCAGAGCGAAGGTGCCTTGCTTTCGAAAAGC,291,49.48,Homo sapiens
SEQ_260379,TCCTGGTCCCACAATGGTGAAAATGACATTTATCCCCACGTCGATCATTCGTCGGCGTGCCATACGGCACATACGATTGAAAAGTCCGCTGTAGCGGTTTGGTAAGCGGCAAGGAAGAGCGAATAAAGCTGGCGGGCAGGACCACCAGCGGTAGATCTGATTACACTCTGGTTTATGCTTTGGCGCTCAGAATATTCAATCGACCTGTTCAGTATAATACTCCGACGTATAAGGTA,236,48.73,Drosophila melanogaster
SEQ_339287,TTAGAGTCCGTGCGAAATTACCAGTTATGCTCTGCCTGACCGCGCTTTTCGGACGGTTGGAGCACCGCGGTCCGCACAGACGATCTGGTATTCAACGATTTAGTCATATCAATACGAAAGGGTATTGGGTGTTGCGGTGTGCGCTGAGTCTCTCACCGAAATTAGCACATAGTTACGCCATCTATTGTTCGACGCCCTCCTGGAGACGGTGCCTCAGAATATACGGTGAAGCTGTACGCCACCGCGGCGATTACA,255,52.16,Escherichia coli
SEQ_109302,GACCAGGGTTGGTTGCCAAAACGTTGCGACACCTTTAAAGGAGGAATAATCGACCGGCTAGGTGATGCTTCCTCGAGGTACTCAAGGTTAGATGCACTTAGATATAGACAGAAATTTGAAGTAGGA,126,45.24,Homo sapiens
SEQ_223525,CAACGGCGCCGAGGGCCTAGAATTATACGATTGGGCATATTCGCGAATGAAGTGGCCTAGGTTTCACTTCTCTGCCGTAGTCAGAGTAGGGCCGACGGTGCAAATGGGACATTATGCTAGGTTAACATGCTGTAACCTCGGGGTGATTATTTAGACTTCGCGGCGAATGAAGGTATCCGACTTTCCCGTATACGATACGTACGAACCCAGAAACGAAGCGTTTATCTAGACAGGACGTCTTCTCACTAAGTACTTCACCCTTCGACGATAGAGGCCAACCGCCTAGGGATATCATGGAATTTATATCTTAAACCAAATATTGGCGATAGCCAAATAAGCGTCTGCCGAGCTGAATGATCAGTGCTCAGTTATCACAACAGCTTCGTCGTAGATGAGCGACTACAAGGGCATAGCGAATCCGTAGGAGCCATCAGCCGGACGCCCGTAAGCATCTGGATCAATCTCACGAAGGGTCAACGGTGCGTGTGCGGGTTCGCCGCTCAGTTACTTTTGGTGGTTAACTACTAATGGGCTCTGTTATGTAAATGGTCGATCATTGGCGGACAGACCTTCAGAAGAGCGGCGTTGTAGAACACCACATGTGTCGGCGATAGGGACAGGATCGCCGTTGACGTTTCGGACAGCCGCGACGGAGTCACTCGATGGCTTGGGGAATCATCTCTTCTGGCTAAGCGCACACTCGGGGAGCCCTCACCTACTGTCCAGTAACTCGTGTGTCCTACCCAGATAGATGATCCTCTTGTAAGATCGTTGGGGACGATCAACCTATAGGGGTCCCGGCATGCGACCGGCAGCACAGTTATATAAATGCATTGTTCCCGGTGGCGGAAGGCCGTCTAATTGGTTCTAGACCACTAGGAGATGGAAGTCAGGTACAATCAACCTAACCATAACCCCCATCCTGCAGCTCCCCGCGGTAGGACCCTCGGTTCGTATTCACGACACAAAAAGAATGAACAGATATGTCCCTGACCAAAGATTAAGGTCGGCGCGGTCCAAGAGGTCGGCGCATGCAAGGTCAGGAAGGGTCACAAGACCTTTATGACATGTTACTAGGTGTCGCAGTACCTTTGTGACGGAGAACGGGTTCCAAGGAGTGGATAACCCATGACAGTAACTCTGTTAACTGCTGCCACCGACCTGAGGGAGCGCTGCGAAATAACTCCACAATGGCACTGCGAAAAGCCGCGCAGGAGGAGGATGCTACGTGCCGTGTCAGTAACATGCGCTGATTGATGAGTGAGAATGTCCCAATTACGGACGACAACGATGATCGGGATGGGAACTTTGAAAATTTTTCATTCGTTTATTAGCCCAATCAATGCCACTCATTGGGCTCCCAACGTATAGCGTCGCTGCGCCCTGCAAAGAAATTCCCGCCATATATGGCAGAACACCGTATGACGTTCGAATTCTAAACTTATTCGGGGGGGCGTTAGATTTTACCAATCATCCCGCTCCAGGCTCCCTGCACTCTTGGGACCAGCGACGCGGTCCAGACGTCCTAACGA,1532,51.31,Caenorhabditis elegans
SEQ_612495,CCGATTCGGCGGTATGGGCTGAAAATGTAACTCATTTTAACCCACCATTGTGGCAGTGTCAGGATCGCGACTGATCTGGGGGAAACAGGAAAAGTATGGGCCCCCGTAGCCCACCAGACGCCTAAAGTGGTGAGCACTCCTGCTAGAATCAAGAATCCCGCATCCTTACTTCATTCGTCTGGCAATATAATCGGGGTAAACACTTTAAGGGCTATGCCTTTTTTGTACGTCTGAGTGGCGATTGTGTAATCCAAGTTCGTAGCCTCCTCACACACGCCGGAGTGGCGTGAAGTTAAACAGCTAGCCCCCCTATCGCGACCGGTCCAGAATTCACGTGAGTGAAAAAGTAACCATCGACGTCACGCTAGTATTGGCCTCCTCATGGATTTCTGCTGGCGGCCAAATTACTTGTTGCTAGATTCTTATTGCGGCTTGCGCGCGAGTTAGGACAGTTAGTGCCATTATCTCCAAGGCACTTATTGCCGATGTGCCTCAGATTGCCCGGTTGACGTTAAACCTATAGTACGGGTAAGCTTTCAAGTTCTCGCTCAGACTTAGCCGATGTTCCGGGGGCAGTTATCGGGCTCGTCAAGTGTACTGGAAATTCTTGAACTCAACATGGGGGCTAGATTGCTAGATCAATAGACGGCGTACCACCTTCCAGGAAGTATGCTGCGAGATGAAATGAGGAAAGACATGTTCCCAGGGATTGGGATACAAAGTACCAACCACGCCTAAGGGGCTGAGCCAGGTTTCAGTGAGCAAAGCTGCTAAGAAAGCATATAAGAGTGAACTACACCAGTGGGGATACCTGGCTTGCAAAGCCCTGAGCAAATTCCGGAGCCATATGTCACTCATGAATCGCTGTGGACTCCTCCGAATGACGGTTACGAACTATTTCGTTCTGAGCGAGGTGGTATTGTAGTGCGTGTGCTATTATCCAATGCCGATTGTGCTAGCTGGAGGGTACCGAACGCACTACGAATGGGTCCCCGGTGAGCCGGGCAAACTAATGCTCCGCCGCGATAGCGCGGAAGAAGTTATCAATGGTTGACGACCCGTTTTTGTAAGACTGTCTTTTGTTGGCCTCACTAAGGCATCCTCTTCAACCATTATGATGGTTGGGCGTACTTAGGGTGGGATCCAATGAAAGGAATGGACCATTGAACGTCAGGGCGGTCGCGCAGAATTATGCATTAGGCTAATGAGTTGAGTAGTCGCGCCTACCCATACGAAATTGCGGCATGGTGCCTTAAACCTATCCATGAAAACAGGGGGCCCGAACGTGCATGATCCTGATCGGTCGCCAGGTTTGTAACTTTAAATCCCACACACACCACGATGTCCGCGAACGCCTATATGCCGACCTGTTCTACCCGTCGAGGAGGTACATATTCCCGCATCTCGTGTTCCAGTGTAGCGGAAAACATACTTATGCTCACAGGTTCCCATAGCTTGCCTACCCATGGAGACTGCCGTGGTATTAGGTACTAAAGTGGAAGGGCGTGCGGTGGTATCTCGGCTTCCATAACTCATTAGCTTCGGGATCATCCCGAAGTTGTAACCACCGATGGAACCATATATGATCCGGATCATTATTGCCCAATCTCCCAATGGCTCGCGCGACATGCACTACTCTCAGGAAGTGAGTCTACGCTCTGGAAGACTAAATAACGTCGATTACCTGCCGAGCCTAGACGATAGACTCTCCTGCGGTCCCCCTGCGGTCGCTGGGGCTAGGCTTTCCGAGAATCTTTATAGTTTTACTAAACTCGGCGATGAGCAAAAGGGGGTCTCAAAACGAATAAATTTAGGCTCGTATTCTCCAGGGGCTTGTCCTCGAACACACGACAGTAGCACAGATTTTCATCGCTCATAGCCGTACGTGGTTGGAGATCAGCTTGTGTTGCCATCGCTTCGTGCCCTGCATT,1931,50.39,Saccharomyces cerevisiae
SEQ_927949,GATTCTGATCGCCGTCCTCATTATCTACCTGATAGAATTAGAGGGATGGATCGTGTAAGGTCAATCGACCGAAAGCTGGCTTTTACGTCAGTTCGTACTAGTATCACGTCTGGCCGATCGGGCCTAAGTTGCGAGCTGAGGCCTGGAGGTACTCGTACGGGTGGTAAAATAAACAGCTATAATGGCTCAAGATGTGAGCTGTAACTGCAGAAGAACTGCCTACTCGCGCCTGGCGGATGAGGTACTCTAGATTTCAAAACGACAATGAACGAACCCTGCCGCCGGCCAACCGTTAAAATCCAGAGGCGGCTATGCTACTACAGGCAATGGGTGGTTCAGAATGCACTTACATATGTACTAAGCGGAGTGCTAGTCATCGACGTGTTCAAGCGCCCAGTTCGTCATGTAAGTCTAGGACTAATAAAATGCTCTTCCGGACCTATTTGGCACCTGTCATACTTCGGGTGTGTATATGATAGCCGTACTGAAAGGACGCAACAAACGGAATAGTATGTGCTTGCCAGATGATCTTGATAGACGGCCGTGACCCTACATCTCGGGCATCAGGCCAAAACCTTCCTGGTACAACAACGTTCACCTTTCTTGTGCGCCCGTAATTGGCGCAGGATAGACCAATTTCGGAGGGAATTCGGAATGCACGCCGCCGGAAGCAAACCATGTAGATCACAATTCTCCCGAGACAACTCTGATTACGAAAAGATCGTCCCATGGAAGTGATTTCACGACCTGTCACGTTAGGAGTCGATGCGATCGGCGTCTTCAGTCTTGCCCGCACATTCCTCCAACCCTTTAATGCTATTTCTACACCCACTTACGAGCTGGCTAAACGCCACACCGGCGACTCTCAAGCGGGTGCATAACTCTTGCCAGATGCGGAGGGGGAGGTACCTGGGGGCGCCTAGTCCTTCCTCTACCATCGCTGTACACCGCTTAATCCACGAGCTTCCAGATCACGCCCTAGCCAGTACAAGGGGCGGAGGATTAATTATGAGCAGGCGGTTTTTCACCAAGTCTGTGATGAACCTTGTGAACCGGTAACATTGTTGCAAAGCATTCGTTTCCAGACGAGCCTACTCATGAGCAATCAACGGTAGTCTGTTAGCCCCATACCGAGATCCACATAACAATTCATGTGGTGTACGTGAGAGAGGAGTCCGTGCATCTTCGGACGCGCCTTTTTCTAACACCAAATAGTTGAAAAGGTCCGCTTAACTTGTACCCACGTGAGAGTGCCGCTTTCGCAGTTGTGCGCAAGCCTGTATCTCAGTGCAAATATTACCCTCAAGTGTATGGAATCACCCAACCTGGT,1330,50.15,Drosophila melanogaster
SEQ_975569,AATGGACATCGGCGCTCTCTTTCAACCTCGGCCTTGGCGATTTGCGCAACGCACGACGGGACTGCCATATGGGAGTGGGCTCAAACTACTACCAATCCCTGATTTCATTTCAGAAGCATACCAGCGGCTCTTATAGGTCCATCCCGAACCCTGACCGATTAGATGGATGTGCCTCCGTAGAGGGACCGTGGACGCTTAGACGAGTGCAGTTCCCTATAGAACCTCGGCGCTGTTACTGTCGCGCATATCTCTGTGGGGCAGAGGCCTCGCGATCCTGGGGAATATTGACATCTGTGGAGACAGACCTATGTTGGCCAGCGTCTACAATAAGGCATTTTCGTGTTATATTTCTTAGAAGCCTCAACATCCCATAGGAGCGCATGGCGTAGGATCATAGTCACTTCGGGTATACTCCGACAACGCCGGAATGTGCGTATCTCCCGTTCCACGCCCTTTAATCCAAGGGGGTGGGCATAGCTGCGCCTAAGAAGATAAGAATCACGCCCTCCTATGACGGGATAAACAGCGGCAATACTATGTAGCAAGTGTGGGAAACGGACCTGACAGGTTACAACCACGCGGAGTGTTACTTGATACGTTACAGGGCACC,610,52.46,Mus musculus
SEQ_941709,ACATGGAAGTGTATATATCCAGCGATTAATGTGGCTTACGTAGAACGTAAATATCCCAACTGCATCTTAGCACAACGTTGCATGACACCCGTCTGCATAATGGAGCGTTACTGGCGGGGGGAAACGAGTTCAACGTGACGACGGTACCTGAGTACATCGCTCCGAAAAAAAACTCGCAGTAAAGAATTAACCAGTTAATGTTCAGTGTTACTAAACTCAAAATCCTCTCAGTCAATTGCCGTCAAAGGGCGATCTTCGGGTGTCAATAGTTCCACGCAAGTCGCCATCGGCCCTGAAAATGATAAGTGCCCGGCAGTAGCCACGGTCCTTCCCGCGCACTATGCAAAGGAGCTCTGCTCATAAGCTAGACAAGACATGTAAGAATCGCGGTGCTGGAACATCGCTTCCGGCAAGGTTCAACCCCAGTCGCACAGCTTGCAAAGGGGGTGTCCGTAAGGATTGATCTTGTATGGACCAGTCGGTACCTTGTCCGCCTAGTGTTTCATTTCCTGCGCCTCCAGCGCGCGACATACAAACTGACGGGTCCGGCTCGGGTCGAATGCCAACTGCACTTGTTTACGGCACTGGGTAAAAGGCCCTCTCGGAATACGGTAGATGCGTGGATTGTGGAAATAGCAGCTCCGTTTAGCTTCCTAGAGTACCCTCAAATCAGTGGAATGAACGCTACCAAACGGTGAAGCAAAACCTTTGTCGCCCGTCATGGCTGTCACCTTTTGGGGGTCTTTGTAAAGCCCGGGTCCCATAATAGAGCGCTGCTGCGGACCTTGTGAAGATATAGATGGGTGTGGAGAGCGGCTGCAAACCGCGTTTGGAGCCTCTCGTTACTATATCCTCGGTGATTCACTCGTCCCGTTAGGACTACTTTAGGATCATAATGGCTAGCACAGTGTAGGCTGAGGAAAACGTGTTTAAGACGATTGGTAGCCAGAGGGCTCATACCCCGGTAGACGCGATATGACTCCCCTCCCATAATGCTGTTCACCAGGGATATTGAATTGATCCACTTTGCGGTAATGCTTATATTGAACTCAATATCATGCGCCGATCTATTGGACCGAATCCAATACCATTATACAAGAGAACTTCATCCGTGTGGTGGCTAACTTTATCTATCCGTAATACAGCTCAAAGTACAGGTCTTGGAAATCGTTCTCGTGTTAAGAGTTCATATTATCTTAGCTCTCATTCATGTATAATCGGACATGGAGGAAAAAACTGACATTTCGGCCTTCCAAAAAAACCTTCGATGTACTGCTAGCTATTCTTTTCAACTGTCGGCCTCTCTCGGAGGGCGATTCGACTGCCCGTTAGCTTGGTGGCATGATGGTAGTGTTCGTTCAGGGAAGCCATATTTAAGCCCCCTCAATTGCGCTCTCGCATTTTGAAGTAGCAAAAGGTCAGATCATAGTATGTGTGAGTGGTAAGGTTGCCCCAATGTTACATCATGGTACCCGGTCCAAGGTTGTGGGGGCTTGGGCGGCGGCCAGCATACCTAATCCTGGTGCGTTCTGAAAGGTTAGGGCATTCTAACCGCCGAGATCACGACGTCAGTTCCAGCAGGGTGAAAAATAACTCGGCCGGTAGGGCCGAGAGCTCCTTAGAACGGCCACTATACCGCGAGAGAGAACTCTACAGAACTAGGTGCTGTGCGTCCCGCCTTTAACAATGATGCATGTCCTTGCCAAGTTTTCACAGTGCAACGTTCCCCGCCTCACAGTCACACCTTAGCTTTGTGAGATATATATCAGAGAGGGAGTAAGTCGATAGGCTGGGACCGCTGATAAGAAATAGGAACGAACGCCAATGGCATCGGGCTGTGGAATGGAAGTTGGGCCTATAAGTCCTGTTCTGCTTGCTGTACAGTCAAGGAGCTTCTAGACTGGTTCATAGAAAATTGGGCCGACCTTATACCGGTTCCGACTGTACGTGACAGGTGACACCCAAACGACTTCACTC,1977,49.32,Escherichia coli
SEQ_539185,CTTATTCGTTGTACCCTATCCTACGACCGTTAGCCACCAACACACTCAGGTACGCTCATGGTCGGTCTGAGTGAGAATATAATAACGATAAGACTCTGGTTCACACCCCCACTGTTGGGCGATCTATTAACGCTCTTGGCACCTAGTGCACCTTAACGGACCAGAAGGGTTACGATCCTGTCACCAATCTGGATCAACGAACCTTAGGGATCGCAAGACACCGATCTCAAAGGCTACTGCCCACCAGACTTGGGACACTTTGCACGCTATTCTCTGGATAACTGGTTGTCGCAATGTAACTGATTATAGGCGGATGCCAGAGGCACGTTATTTCTTATTATGTTAATCTTCCCATATCGTTTCGACTAATTTTACCAGGACGGACTCATAAAAGCACTACGCCGGAATTCGGATCGGAACCTAAGTCTGTTAACCCAAATTTTGGTAGCGATGTCCCAGTGGCTCGCCGAGCAGATTTTTATCGCGCCTGGCCTAATGGACACAACGTGGATCTATGGGCGTTAGTCCTTTAGCCCGTCCCCATATGTGTATTCGAGCATCTCAGGAATTCTTTGGACTGCTGCCCACTGGCATTGAAGTGACAGTCTCGATTATGACGGTTCCTGGATTGGCACTGCAGTGTTTGGATTACGTTCCTTGCGGGAAGTATCGGCGGAATCGTGCATGTGTTGCTGGGTAGTCCTGATAACGGTCATGCCCCCGTTCAGGAGAATAATAGCCTTAGGTACAGCTGCCAAACAATATGCTAGACGTGGGACACAGCCCCGCCGCCGGAAGATAAACCGGACGCTTCAACAATCTGCCTCAGGCGTTAACCAAGCGCACCCTGTCAGATCCCTCAGTGCACGAATTCCAGTTGGGATGAAGTCGCTTCTATGTAGGTTCGCCCCGGGGGTAGTAGCGACACAGTTACCAAAGTAGACAAGGGGTGAACAAAGAGGCGACCTTCTGATATACATGT,982,49.8,Arabidopsis thaliana
SEQ_287840,ATCTTTAACATCCAACAGCTACGCTTGCCAAGAACAACGTACCAAGAGGCCCTGTTGGTCGGCAGGCTTGACGCCTTAATTACGTAGCACCTGTTCTGGCAGTAGGTGGGGAGGGGGAGTGTGTTCAACGCGTCCCAACCCAGGAGGTGCGGTTTCCAAGAACTGGCCCTCTCGCCACAGACACGACGTTGGGCGTCCCTTTAAGTGAAATAGCCTTAAATAACGAGTGGTCCTTTGCGCTTGCAGGTTCCATTCCCTGGCAGCGAGTTAATCTACCATTTCCCTCACTAAGGGGAGAAATTCTTATCAAGTCGAGGGCGGAAGAGACATGACCTCTCCTGTGCAGTCGTTGACAAACCCCATCAAAGTACCAACTGCAAATCATTGTCGCAGGATACATAGACGAGCGGCTATATTCAGAGCCACGGTTCCGGTTAGTATGTCGACAACAGTGTCATGGGGTTATGAAACGCGCCAAGTCAAGCTCACCCCTGTAATGGGCCCCAGACGGACCTGCGATAGTATGGTGCGAATCTATTCGTTGTACGCTCAACGGCTTCCCAACTGTCACGCGGTGACAGCAGACTTACCGAACTCGGGTCGTCTCCTCGTCGACAGATACGTCTGTGGGACCCTTGGATGTCCAAGTTCACCTCTGCGCTCGGTCTCGTTGTCTCCTCTTGATCTGCCTTTTAGCGCAGCGTAGGAGAAATTGAGAAGGGATAAACCCATTTCGCTTTAGGGCAGTTTTGTCCCGAACTGCAACGCCTCAGTGGATTCCCTCAACCCAACAATGGGAATTGATGGGTAGCGAGGGAAGTATGCGGATGGAGTCTCCTCGGGACACTGAGTCTAGTCTTCTCTTATGTGTGAGCATATAGGTCGTAAACCGGCTACCGTGTCATCTGAGCGACTCGCCTATTCTCCTTCGTGGGTGTGAACCTATTCAGAACGTGTGCGCTAGGTCGGTTACATCGGAATGTACCCGCTTCTGCACAGACTATTAGGCCGCCGCTGCGGACCTTGAAAGACTAACGCCTATGTCCTTCAAGAATCTCAGGACCTACCATCCCACGCATCACGAACAAACCGATAAGCGAATCATAGGCCACGAGTCCGTCAAACTCCAACAGTGCGACTACCGCGTCGCCGTTACTTTTGGTTTGCACCGGCGTTATGTAGCATCGGAAACCCCCGCAAATCTACGAGGTTGGATACCTAAGTGCGCACTCGATAGTAGAGAGGGTGTGCGTGTAGCTCACGGGTAGCCTTGCTGTACTTGATCGGAGAAATTGTTAAGCAGAGCCCTGAGAAGCGATCTAAGGTGCTACGTATAGACACAGGCCAGACTCTTCTTGCCTGTGGTAATAAGTTGCTGTTACTCCTCCGGTAACGATGCCTGCCTTGCCCTCGTTAAATGTACCGAATTCGGGCGAGGTAAGCGACGCTAATCGAGCAGTGTACACCGGGTGTGTCTGTACTTCGGCCTGAGCATTCAGTGATATATCTAGTAGAAAACTCACGGCGCATTTTTTA,1536,51.82,Saccharomyces cerevisiae
SEQ_631946,ACTGACGTATGTAACAGGCATGGAACACAGCCTCATTTGCAGGCAAATTTCCAGCGCAAACGCTGAGAGGTTGAGTCTAGTGTCCTTAATTGTTTAGGTCTGACAGTCAATTCGGGGTACATCACTAACGCGTGGTGCGTGGCCGAAATCCAAGGAAGTGATACTAGCTATTGCGTAAGGGCGCGCGATACGTTGGCACGCTTCTTTGAGAGAGGTCTTTTTAAGCAACTACACGGCTTAAACGCCTCAGGGACTTTACCAGTAATAGTTGGGAAGTGATTCTCTGCCTGCGCAAACTCGATAGTGCAGAGGGTTGGAGTCGAGACCAAGTCGCGCCTTAGCTGGGTCATGAACACCTTAGATGGCTGCAGTATCGAGTAGTGCCTCGCAGCGAAAGGGAACACGCGCTGAGAGTGAGATCGACGGCCTCACGTTGCGCGAGCACCGGTGGCCCACACTGGGGAAACACGTTATTTGTACGTAGGCCAGAACGTCTAGATAACCTTTAACGGATCGGCCCGGGCCGCCACAAGAGTTTGTCTAGCTCTGTCAGAGTTTTGGCCATGGTTCATTTCAGCATGTTGAACTGAGACCTGGAATTAAAACCGGCCCATTACGCGGGAACATTAACACCAAACTATTATCTGCGGAGCGCTTACACGTGCTTGTGGAGCCACTTCAAGGGATGTCCCACTAATCGGTCTACCCCAATAGCCACGATAAACTGAGGGACCCTCCCGGGTATATTCCTCGTGGTATTGCTCCGAAAGCATCCACTGGTTTCCTGACACTAGGACTACTCTGATCGCGTTCACTGCAAGATCAATCAGGATTAACTTGTTGTGCAGCGCTGAGAGTTTAAAAATGGTCCTTACGCGCGCATTTCCGGCAAACTACCAGCTCCTTGTCACCAGAGGTTCCTCAAGAAGCCTCCCCCCAACTCCGCGCTCGATAAATCAATGTGCCAGACCTACATGCTATGTACATCTAGAAACGACCCCAGCTAGTTGTAGGTGCTGGATTGATTATCGCTTCAGTGCGTTTCCAACAAAGTATTCATTGGGGCACGAGCAGCTGCCGACGGCAAGAGGAGCTGTACGCTCAAGCTCAATATCTAGACATCGCCACGGTGATCCCTCTCGTCGGAGATGAATCTCATCGTCCTTGTCAGGACAAACTCTAGTCCAAGCTTTATTGGGATACCCTACCCCCCTACAGACTTCTTTACTTGCCGCTCTTGACTTGCAACATCCTTAGCCATCTATTGGGTTCTTGTAGTGGCAAGCTCCAGATTATTCGACTATGATGGGAGAAGATCTCTAGACTCAGGAAACAACCGATTGGCGCACTTCGAAATAGTGATGGCGACCAGCTGCATTGGAGTGTACTGTGTACTGGCGGGCCGATCCGGGCTAA,1416,50.71,Homo sapiens
SEQ_179115,ACACGGGTGCGCACGATGCTGACATGCCGACCCTATTTGTGACTATCAGCATCAGCAGAGCATTGTATGGCCCATTATCATGGGAAGGCATCGTCGTCTATTTCCCTATATGCATGCTAAGCCCCAACGTCGAGCGCGCCTGCTCGTGAAAAGGGCCCCCGCTTTGTGCTTATCAGCTGCAAATGTTGAATCTGATTCCCTATTCTCGTCGGGACCAATCCAGGCGCAGCTGGTAGCGCAGACCGTCCCACCGAAATCCTTTTAGACCGGAAGATCCTCGCATGTCTCATCGTCGCTTTAATCTCATGGCGGTCAGTTGCCCCACACAGCCGCTTGACCCAGTACATCGATTTAAGCTAGTTAGCGAGCATCTACTCCCGAGTTGTTAAAAAAATAAGCTGATCAATCAGATTGTCCTCGATAGTGAGTGTGGGTGGGCAAGAAAAAAACTGCACAGTGGAGCTAAGACATGGATGAGTTAGGAGCACTCGCGAGC,496,51.21,Homo sapiens
SEQ_611758,CATATTGCTAAACTAGAGTGATAATAGGACCGGGAAGTGCCTTTCAGTCGGTCGGGATATTCACGAGACTGCTACGGATCGCAGTGCTTCGTCAATTCCCCTTTAATATGCATTGGGCAATCAGGGATGTACCGTACGGCCTGGTAACCAAAAGATACGGGGGCTTCCGTCGCTAGATCGGTGACCCGGCTATACGACACAGTTTAGTTTCTCGTTAGTAACGACTCCGCTCATGGAAGCCATTTGGTATCCATGTGCACTAGAAGGAGTATTGTGTAGAACATTTCGCAGTTGCGTATCGGATATCAATGACATACGGATGCCGAGAAGATGTTGCAGTGCAAGGGTTGCTGGACCCAGCCCAGGTTCATCTGACAGAGTGATAAGTGTGCTAGGTTTTAAGAAGAAGCATGCGTATCCTCATTTTCTGATCCCGCCTTGGCCATCGCACTCTGGGTACGGAATCTCGACAATTGACAGGAAACGCTACACACCCCGGCAAGTGTCTCCATCGATAAAAAAAGACGTCTCCGGCAACGTAAGCATGGAAAGGTACGGCGAGAGCAAGCTCTGTAAGTTGTTTTAGGGCACAGTGTGAGCGGGGAGAAAAGGCCGCTTAGTGGTCTCGATGGGGACACACAGTGGGGTAACGGCTACGGATGGTAAAAAAACAAACCTCACGCACTAAGTCAATTGTGTGACTATGAAAGATGGTGTATACCCATTTTGTCGGGTGGTACTGGTTCTAGGGGCGCTTACGACTAGCTTTCAAATGTCAGTGTGACCCCAATGGCGGCATGAACACTGACGCTTTCTTCAGGCCCACCCAGGCTGAAGATGCTGGGCTTAACTCAACTAAGTCAACACTTTAGTTGGTGCCGTTGTTGCAAAGAGTAAGGCGGAACAGGAAGGTTCCGTGTACAACGGTTCTTGGAAATCGTGA,943,49.31,Mus musculus
SEQ_111977,GTTTGGGGGACGACGTGTCAAGTTATGTGAGATAGGGCAGGACACGGATAAATGTTAAGTGTAAAGAACCGGAGCCGGAGGGGCAGACGTCATAAAAATCAAAAGGGATTGAAGCATCCTGACAACCCTGCGTTTGTGGTGCTTACACGCTGTCACTAAAGCGTGGCGGTCCCCGTTTGGTCATGCCATCGCCGCAGAGAGAGGACCCGGTAGGGTCGCTTTAGATTCTTAGCGGTTAAAAATACGTCCAGAAAAAATTGGTGTAGTACGGGACACTTATGACCCCCACTGGTGACCACGACCACGGAGCTACCAGTTGTGATTTCTTCCATGAAGACCCAAGGATTTATACAGGCTACAGGTGCGAGTGTAAGCCTGTTTTTGCTCATGCATCGGGAGAGGCTTTACATTCGGTACATAGGCAAAAAGAAAAGAATTATTGTTCCTAGTTGCAATGGTATAGTATTTAGCATCGATCAAAAATAGCGCACTATCTGACATCAAGAGACGCCTGTTAACATATCCCAATAACAGACTCCACCAGCTAGCCTTTGAGCCTGCCACGGGAGTTTACTGGTAGGATAGTGGCCCCTCTCATACCGGTGCCACCATGATAAGATATGGGCGGTCGAACCTCCGTGGTTCACAGCTAATGTAGGCGTATCGAGTACTATAATAGGCGCGGAGTTACCCACCTACCGAACGGTACGTGCGCTCAGCAATCACAGCACCACTAATGTCCAAAGGGATGTCTCCACGATCTAGTAGGGCTAGCATCCGCTTCCTCAGCTGCCATTCCGTCACGCCTCTACAACTTGAGACCATCCACTCGTCACGTTCAGTGGTTGGGGAATACAGGGTCCGCCGTGCGTACGTGAGCTATTGCACCCAGAATGCCTGGCCTCACTTCCTGTGGTTACGATGCATAGTGGCGGAGCCTCCCAGATGAAAAGACAACAAACGAAGAGCGTGGGTTTGATAGCTATCTATCACTGGTCAGCTAATACGGGGCGGACCACGTCATGCCAGCGCTCCTATGGGGAGATAATGTACAAAAATGACGGTATGGGCAACGGCAGCCTGGATCTTGTAATATTCGACGACCACAGGGGAGATGGCTAAACTCATGCAGCAGTCGGTGATTTAACAAAGATTGGTTACCGTGCGTTCAGCCTGCTTTAGGGATCCGGCATGCGTCGAGATTGGGTAGGGCCGGCTGCTAGGA,1225,50.69,Arabidopsis thaliana
SEQ_373338,TGACATCATTTTCCCCCCTAGGCACACTCGAATTTCGCGGACGCATCAAATCGTTTTTTACCCGCGACCTCGATGGCGGGACACGTGTCAGAGGACCGAAACGTCAGGGGGATCTTGAAATTGTCGTTTTCCAGAACCATGTCTGTTTGATACACCATTAGGCATAATGAAACAGGGCGTTAACGCACATACAGACGTGATGCTAACTACGGTCCTAGCCACCGACGAGACATAAGGCAAATCTGTCCTGAGGCCATTTGCCTGTGTAATCTATATGTCGAGTCTTCCCATGCAATCCCCCCGGGCATTCTAACCCATCTCCATTTGATAGCGCGCGGTAGGATTGCA,348,50.0,Drosophila melanogaster
SEQ_258029,AATACTCCAAGTATCCGTACTGCTGATAACAGGTGGCGGAATGAGCCTGGCGCCGCGGAAAGTCAAATATAACAAGCGATCATGCCTGCATGGGGCGTCAAAAATCGTCTATCTTACGTGATACCCTGCCGACCGCTCGCTGCATATCCTTTGTGAAACAGATGTCCACTCCGCAGAGTAGGTAAGCAACGAGCGTCGAGTGTCAAGTCTGGAGCTTAGTGTGGTCCCCAAACTGTGGGCAGCAAGGGCAGTAAATTAACTCCACCTCGCCCCCGCCTGTGGCTCCTGCCGCAAGATTAGTCACCTTTCAAGATGTGTTTTTATACCGCGCCCAAGGGTTCCATATAGGGGCAAGGGATTCGGCCTATGGGCTAAGAACGCTCGCTTGCTACAAGTCGTAGCCGGGTAGGTCGTCGTGAGCCCATATTTAAGGCGGCCCTTAACCGGTATATGTACTAGCGAATTGTTGCAGCGTAAGAAGGTGATTGCACTGTGGCTTGCAGCGGTCTTTCAAGGGTCTCTCAAGGGTGTATAGTACTGTGTGCGATAAAGAATCGTCGGCTAATGACACGAATGGGCATTTGTGACATCGCACTGAAGCGCGCCGTCAATGTACGATTTGAAAATACGAACTTACTGGCTCGGGCTCGCGTACGTTAATCCCAGTGAACACTGCTCTTACGCCTAAGAACGGAATAGACCCTGGAGAATAGGTCTTACAGTCGGTGTCTACTAGTTTAGCCTACACAGACAGAGATTGTCAAGGGTCTCTGCGCTGAGCCAGCACCTTGTCTCTAGTACTCATGCTTCCCCCAGTTGAGATTCCGCCCTTTCGGACTCAGCGACTCACTTAGGGACGGAGAAATGATGTTGCGTTAGACCAGAGCTTTCGGCAGTTTGGGGTACCTATCAATTACCATTAGCATGCACTACTAATATGACAGGTTCAGCTATCTCCGTGGCATTGACCGCAGGACCACAAGTGCGTGCCTTTTCGCATGCCATTTCGTAGTTAGGACCGCATCAGTTGGCGCACGTAACACATCTGCATTGGTAACCAAGATGTGTACCCCCCTAATTTCACCCCCAACTAGGTGTTTGCCGAGCGCGTCGCCCCGATGCGAACACATGATAGGTCCTTTGACGTCGTGGGTGGTCGGGGGCCTACAAACGTATGAACAGACGGACCCGCGCGTCGTTTAACCAGGATTGTAATGAGGTAGTACAATGCTTCTGCCAAAATAACGTTAGCCATATAACCTTTCTGGGACAGGTCTTGTGCGTTCTCTGTCGACGTTACTTACAATATAGTGGACAAAGTGCTGTATCTATCGTCCCAAAAGGGCTTCACTGTGTTATACAAATCATAGTAACCGATTCGGGATGGAGCGCGGGAGCCTAAGTTCCACCCCGACTGCTTTGAAGCCAATGATACCGTTTGCGGTAAAGTTTCGACCAATGTCGTAGACAAAAAATGCTCTGTTATATCTTTGTGCTTCCACCGTATGACACAATAGGAATCTCACTGGACGGGAAATCGCTTTAGTTGTACTCACCGATCTTTTTCTCCACGGGGTCCGTGTATTTTTTAAGTATTTGAGATTGCGGTAATGTACGCACGCTCCAAGTAGCACTTGGCGGGCTCATCCCGACGCGTAACCCTGTTTACTGCACGTAGTTAAATACTACGACCGGGTAGATGGGACTGAGTTCTACCCCTATTAGGAAACGCCCGTTCAGTACTTTAAGGTAGGCTACGACATTTTGCATGCACATTATAGACTGCCTCTCTCTGGCGCGGCCACGCTGAATGTTCGGGAGCGAATCAAATCAGTGCTAGATCCTTAGTACAGTTGAACGTCCCTTTTAGAGGTCAAGACCGTGACACCGACTC,1894,49.84,Arabidopsis thaliana
SEQ_319484,GGCTCGTCTAATCTAGCTGGAGTATGCAGAACTGCGTATAACCAAAAATTCTGTGGACGTTCGTGGTCCTGTCCTAGCCATTACACCACGGTTTGCTAATAGGCTAGCGCAGGATAGAACGCTATGGATATCTGGCCAGAGCAGCAATAACAATCGTTGCTTCAGCCCACTGGTACTATGCGGCTCTGGACTTTGGTTCGTGCGTGGTAGCGTCGGGTCCGAGTGATAGACAGCGCATTCATTTGGGCAGCGCGTGTTCATCGTAGCAACCAAGTGCGGGCTCAATAAGCAAGCGCGCATTGATAAACCTTATATTCTTCTCCAGCGTCTACGTCAGCTTCCCCGTATGGTATTAGCGATAGGCATGGGTACCCGTCACGTACCTTCACTTCATAAACTCGGCGTATGCCTATCCGTTCTACGTACCGAGGTACTCTGTCGACACCGGCCCAGCTGCTTGCGGAGCCTGAGCAGCTGCCTGTAGTTACAACAGATATAAGTCTCCAGAACGGATGAACCGCGCAGGGATGGAAGGTTGTGGGCAACCATGCAGACGTCTGTAAGTGGGGGTTAGAGGAACCCCCCTTCATGTCATCAGGAGTTGGTTAGATGCGTGTCTTTTGCGCGGGGATAACCTTTAATAACGAATTGCGGGCCTAACCCAACTTCCTAAAGACAGTTTCTGTCAGCATGTAATGAATGTTTACGATAACTAGCAACTATCAGGAAATGTACTAAAGGGATTACTGTGTCAGTACGGATGCCACTGAAACGACCTAACGCACCTGAGACAACTTC,798,50.13,Homo sapiens
SEQ_942410,GACGCTACCGACTGGGTGAGCATGTCCGCCATAATACCGCAAACCGGCCTATACCACATACCCTACAAGGGCGGGAGTCCGTTGTCTAGCGAAAAAAGTGAGAAGCACCTAACCGAAAAACGTGGTTTTCAAATCGGTACCCTCTGCTTACGCCGCCACGCTTTCATACAGATCTTATTCGCGCCCTCAGTATCGGTACAAGCGGTGCGTGGGTTCTGACTGACTAATCCTATCTTCGACGGAGTTAGTACCCATCCACTGTTCTTAGCCTCCACCCCAACATGAAACTCTATCGCGGTAGTGTATGTCCGCCACTCTGAGAATCGGGCAGCAACAGAGCGCCGCCGGTTCGATAAAGTTTACGCTACGGCGTTACACGTAGGATCCACTAATGACATGTAAGCTTGTAGCGGATGCGCCGCGATAACGCTTAAACTTGAGACCACACATATTAATGGAGATCGCGGTCGTTCAGTTCAATGAGTTGCCATTGTATAGTCTCCCGAAATTCAATGGTGCCCTATTATTTCAAAGGTAGCTCGGGCTATCCATAATTTATGGATGAATACACCTTTATCCTGTATTACCGTGGGTACGCGCCCAAAATAATCTGTCGGAGACCGAATCTATGCGAGCGTAAAGTTGTTTCCTGCTAGGCATGGCGACTTGGCTTTGGGACCCG,682,49.71,Mus musculus
SEQ_535436,TGGACTGGCGCTGAACCGATTAAGTACGCGCCGAAACGGTAAAAAGTATTCGGAAAAGTTGTTGAGGCGGGGGAAGCCCGTTCTTTACCGCTTGTCCCTATGAGTCCACGGTATACACTTTAGATAGTTGTGTCTGTGGGAAAAATAAGCACATCTTATTGATTCCCGGTTCGATATCCCAAAGATTGCAAAGATCAAGACTCTAGGCGAGTCTAGTACGCAAGACAGTGGGGCCGAACTCTGTGCTGGTACATCCCCAACTTCGAATGTCCTCGTGTGTTGCATTCCCGCTGTCGGGCGTTTGTTAATCCTAATTAAGTGCTTTTCGTGAGCGACGCCCTCCCATGCTAGAGGCTTTTGACCTCAATTAAAGGGGATCGAGAAACTCGGAGGCATCGCCATTACCGCATCTGTCCGTGCGCAGTTCTGCCGGAACTTAGTACATCTGATGCATTTTTCGACTATCAGCATTTAGAAAGGCTACGCCCGTCGAGGGCGCCTATCTTACAGCGGGGAGTATAAGGTCTGCGGTGGCCTCGCCTCTGTTGTAAACCAGTACGCATTCACACCCGTGAGCACATCTGATAACGACGTCCATATACGAACATTAGACTAAAATTCGAGCTCCTGACGGTCAGAAAATGTACAATCAGCCTTACCTGAAAAAGTCTTGAGGGTATGGTCCTGTCGCATACTAACACATGCTATGTCCTACGCCTTGGTCACTTGACTTACCTCCCAGTTTTTCCAAATCTGGGGCTCGTTACCTTCATTTGGCGTTGTAGGGCGTCACATCATCCGCGGGAGCCGGCCACTGGACTGTCTTCGCCGCCCTGCACTAGCTGCTCCGCTGTTAGCACGTATCCGGCAATAATTATTTAGTCCTCAACCCGCAAACCACCCACGAAGTTGAGGGCAACACTCGTAGCGCGGGATACAGTAGACGTGTTAATTTTTTGTTGCCAACCGGCCTAGGGTCTCGGTTCCTCTCAAAATAGTAGGAGAATATAGGAAGCTAGCAGTGCGTGCTCACATTTAACTAGACTTATGCTCCCCGCGGTTATGGAGATCAACCCCGTATGTAAGATGTAATTCCGAAACTGAGAAGTCAATCTTACTCCGGTTCTGTCTGACCCCGGCCTGAAACGCACGCTCCAGTCCGTTTTGAACAGCGATCAGGATATAGGAGACTGAGCTGCCCAACACCATAATTACCATCTATCGGTCTCGCGTAAGTCTTTGACCCTTTCTAATCACCTGCCTACGACACGTCCACTGGGACCGCGACCCGGTCTGGTAGCTCTATCGGGAGGCGGTGCTAAGGTTGAATCTCCGGAAGCACCAATAGAAACTCTGGAGCCGTCGTATCCGCCCCTAATGTTGAGGACAAATAGGAACTACGTTAAGCGCATAACACGAACTGCCCCCCAAAGTGTGCTAGGCCCCCTTATCGGACCTCGCAACGGTGTATAGGGCACTACGGCTTTAAGCGCCCGAGAGAGAAGCAAACGAAGGGGGTACATTAGCGGTG,1531,50.75,Escherichia coli
SEQ_462378,AGGCGTCATTTATATATGTGAGATCTAATTGAGTTTAAAGAACGTAATACGCTAGTTGGGTCCTAATGTTAGGTGTTCAATACACTGTGACCTCCTCTTTTCGATCCCTTATGGCGCGTCATCGTGCATCTTATTATTTCCTGACGAGGAGTTTGCAGACCGTTTGATCTAGTACTTAATGTACGTCGCTATACTTAT,198,39.9,Drosophila melanogaster
SEQ_431303,TCCATCCTTGCGTAACAACGCGCTCCGTACAAAGAATATTGGGATGTATGACCATCACGATGTCACTGCACTTTCCTACCACGACCCCTTGACCCACGACTGTTGAATGACGATCCGGTGCAGGGTCCCGTTGAATTGAGGGGGGTACCTATCCAGAAAATGATCTCACCGAATAAGACTGGTTCCTAAAAAATCGCCGATATAAGTGCTAGACATCCAGGCTAGCGAACCAGCCTAGATAGACCGGGCGGGATGTCCAACCGTACGACCCCAGTCGAGCGCCGGACGTCCACGTTCTACCTTTGTTTCATTACGCTTATTCGACTTTCCGTTTAAACAAAGCCTGACGAGATCTTGCTACGGATTGTCACGGGATATAACAACGGCAGGCGGACACATTGGTTAATTGCTTCCACCGGATAAAGGCCTGATCCAGTGGGAATTTATTCACAATCAACAAACGGTCGCCCAGGACTGGCAACCGAGAAAAAAACAGAGCCAGGGGTATAGATATAGTTCTGATTGTTATAATTACAAAGATCTACCAACCTCGCACCCCGATGCACTTAAGCTGATACCTGCATGTGATGGAACACTACAGAAAGTGGAAGTGACCATTAGTGGGAACAGGTCGTTAAGCAACTGCTTGCTAAGAAGCTTTTTTAAAGTATTCCGCTTAAAGAGTGCACCGTTGGCAAACTGGTTTGATGACTCCGACTGTGAGAATACGAGTAAGTCAGCGCGGGCGAAGTCTCTTCCCACAGTGCAGCTGCCACGTCACAGTAAACCTCTTGGTAACTTGCTAGTTGGTTTTAGTTGAGACCGCACTGTGTACCATACATTAATGTGTGTTAGGCGTCACTTGCATTGCGACACAATACCGGGGGTCAAGTCTAATATTCTTCTAGTCTCATCGTAAGTCACGGTCGATTTAGAACTGGTCCCTCTAAAACGGGTGTCTGGCTAGGAGCGCTAGCCTCCTAAAAACTCAGCCCAACCGACAAATCTGTATCAGTACCGGTCCTCAATACGGTAGAGTATCCGAGGGTAGGTTACGTCAGTACATGCGATCCTTGTCCCATCTCGGTTACCGACATGTTAGTTCCTGCTTGGTGGTGACGTGCACAAGCCGCGCTTCCTTAAAGTTCTCTTCGAGATTTCACACTAAATCCATTTCTAATCGCGAGGCATAGGTACATAACTATGCCGCCTGCTGGTGTTAGTCTGTGAGCAGGTAATCGCGCACGGTTCCCTAAGCGAGATCAGGGTGACACCGTCGCCGCCCGGTCAGCACGCCGGTTATGGAAATCTCAATGCGTTCGTCGTAGTTTCGGTTGGCATCGAAGCTCATGCCGAGATTCATTACTAGTGGACTAACGCAATTTCACAGGTGAGGATTTTTTCCCGTCGGTTCTACCAGAGGACATGAATTTGACGGATAATTCCCCTTACGGCGGATCCTGAAGTTCTCATAGCGAGGGGCAATGTGTAGCCAGGAAGCACCACTCCCTCGGTAAAGCCGTAAGATCACCGCCCAAAATTTCCGAACGATTCCGAGTCGAGGAATAGTAGCGCACGGCAGGACGACTAACTCGTACTGTGAAAGCGCCTCTAAACCCGGTTTGCGCGTCTCCGAACCGCAGGGTTCGGTGAGCAGAGAATCTTGATCTCAGGAATAAAGTATGTAGAGAAGTAAGTTTGCTCCTGGTGTGTTGCGTCGCCTTCACTACTGAGCCATTATTGCATACACACACACCAGTACTTCGCTGCAGAATGATATTGCCTTCTGTCACAGCTTTGCCTTCACGAGAATACTCCCAGCCGCCA,1827,49.26,Arabidopsis thaliana
SEQ_560506,TGCACGTGTTCTTATGAGATCACATAACGCAGGGTCCCCAGCCACTTTTGTAGACCTACTTCGATTCAGTTAGCTGTCAACGTCCATAGCAGCGTATCACGCCTCAAGCACGCGTCGCTCGAAGACTTGGGCCGCTTCTCATCCAACCAATAGTGCTAATACCGGTGCGCTCCTCTTCTGTGGTGAGCTGCTATGAGGGGGAACCTCTGTCAACTTACCGAGGATGTCCTGAAATTCTCCACTGAATGTTGGCCGTCGAGAACGTAGGCTCCAGCGCGGCTCGTGGTCCGTCAGCACGCTTCAAATACCGATATAGAAGAGAAAAAACACAAATTGAGTCGGTTCCGTTCTTGTCGGGACGTGAGGTGATGTCGGTTGCTACTGCCCCATAGTAACAAGGTGCTGATTATTTCGGAGCCAACCTTTCGGCGGCCAATTAATCCTTGTGCCCGCACGGAAGTAGGGT,466,52.15,Mus musculus
SEQ_914542,ATACCAACCTATCTCCGGCGGTTTCCTGCTGGAGCTTGGGCCATTGTGGGGACTTTGCAAGTGCAGGAGCGACTGGATTGACATCAAACTGTAATGCCCACGCTACATTAACTGAGGCTGCTAAGATGCCTTTCTAATCCACTGATGCGTGGAGCGCCGGAATTCTGGGGATCTTATCTTCGACAGGCTTATGTTGGCGATCGTAAGACGTGAGCTAACCAGATAATATTCAATTGACAGAGGCATTAACGAAAAGGTGTAAGGCTGAGAATAGACAGTCACTCAACTGATCCGGCAACAGGGTGAACTGCGTTGCTATTTGAAAGGCTGAACCACAACCGGGGGGAGTTGGTTGACAGGGCGTTATTTTAGAGGTCATGCGTAACTTAGGCTTGTGACTCCATAGTTTCACCCTGCGGAAGAAGTCCGTCCCTTTGCGTACCTACGGTTTTGCCCGACTGTCATATTCCTCACTAAAAACATGTTTTAAATAGGAGCCTACCTACAAGCTCCGCCTTGTACCGTTGTTCGCGTTTTACGCGTATGGAGTTCTTTCGGGCAAGCCCCTTTCCGGCTTTTGGGCTCCTATGGCCAAATATAGCACAGCCTGTGCCCAGGAAGTCTTCTGCGCGCTTAAGTGTAGCGCATTACATATGACAGAATCACCCACGTTTTGACCCACACAGTAAACGTAGGGTTTAAATCTCAAGTCTCTTCCAAGAATTTGATCAACCAAAGATCGGTTGAAAGCCTCAACTCAATGCTCGAGAGGTAGTAATATATATAAACTATAGTGACTTGCATGCATCCCTAAAACGCCGACGCAGACATTGTAGCGACCTCGATTGCATTATTAACGCAAGGCATAAACTCACGATGGTGAACGACTATTATAGTCCACCTGCTATACGCTGTTCGCATGTGGCTCGGATCGAGTCGAATGTGCGGATAGCCCGTTCCCTCAGGCGATATCCGCCCAACGAATCTGTCACTGATCGCGCGGATATTGCCCACGAATCCCATATACTCAATTCGAAGATACGACGCCCGTCGTCTATTGCCAGTCGCTGACTGCCGGCACTAACTGATTGTTCAGGGACAGCTCTCCGACGGCTACTCATAGGTCAACGTCAGGAAGGCTATCTCGCCTTAACCGACTTAAAAAGGACTGCACGCGAGCGCCGCTGTCGTAGATACGTGAGTTAGCGCTTGCGTCACGCCACAATCGTGAGAAGACGGCACCAGACACCTCATTAGGTGGACACCAGCTAATTCACGAGATCATTCTATCACCGCGGGATACTTCTTGCTTGGACATTATCAACTCCATAATCGGACTTTCTAGAGACATTTTTGGATTAGGGATTGCAACCCAGAGAAGTAGGCGGACTTGAGTCTCCAGTAGGGGACCAGTGCCCAGGTACAGGTCTTTTAGGGACGGAAATATGTTACAGTGCCCGTTAACGGAAGCCACAAGAAATCGATCCTTTTACACGACTGTATTCCAGTCAGAACCAGGTTAGATCAGGGTGTGTTCAACAATAATAAGACCT,1553,48.62,Homo sapiens
SEQ_661886,GCTAGCCTGGTGATCGCATTAAGATTGTGACCTGTCGTAGCGGATACATCTATAGCCGGTCACCATCCATGAAGATGCTCTTACCCTATTGTAAGCAGCTAATCGGGTTCTCGATTGGTTACTCCGTACGACCTAGGGCCGACACGAACTTGTCAGATGATGCGGTCGTTTGGTCCTAGAGGGAGAAGAGGCCTTATTATACCTCGCCCCGTCAGAGCCAGTAATCAAGTTCCCCCCGTTTAAGAAGAGTTCAACTGACACCAGTAAGGAACTCGACGACTATCTCCCCTTCTCCGCGAGCGCGTGTGAAGAATAATCCAAGATAGCCCACTTTGTCAGTCCCTCCAGAGACGCTTTGTGCCTTAGCGTGATAGACGTTGACGGCAAAAGTAAGTATCTCGCACTAGTGAGGAGAAGAATCCTCCTCCGCAACGCCCCCGATTGCCCGCGTTGAGTGTAATTACCCGATGCACTTAACGCTTCCGCTTTTCGCACCTCTCATTTCTAGAAACTGCGGCAACGTTTCCCCGCGTGAGGTTCGGTTTTGGCCTGTCAGTATCTATGAACACTGAGATCGAGTAATGAGACGAGCAGGGACCGGGCCGGGACAATCATGTTACGAAGATAGCCGGTGTGAGTACGTCAAAATTGCGAACACGGAAAGTTAAGCCACGGCGGCAGCAGTCTGAGTCAACAAAATGCCCGTAGTTTAGGGGCGGAAAGATTCCGATGTTACGCCACATTCCGTTCTGGTGAGAGGAGGCTAACCTAGCGATCCCCGGCCAACATCGAACACATGAACTTATCCTCCCGCTCCTGTCGGTAATTTTCCGTCTGACTATTTCGGGTAGAAATCTGCTGTAGGAGTCGGTGTAATTTAGTTGCCCAACTGTAACTCTTGACAAGTGCTTGGTCTCTACACGGGATTCGTTTGC,935,50.91,Arabidopsis thaliana
SEQ_654508,GGCGAAGCCTTGATCAATAACTTGAGATCTAGCGTCTTAGCTCCCTACGGGGTGCCTTGGTGACC,65,53.85,Drosophila melanogaster
SEQ_842729,CTGAAGTGATAAGATCTACTTAAGTACCCCCACCAGAAGTTCCGCACGAGTTTCGACGGCGGGCTCAATTGACAAAATCCGCTTTTAATTTAGGAAACCAACAGGAGCTCTCAGTTCTGTTAGTTTGTCCTTCTTTCTGCACACTTGATGTTCCGGCTACCGCCGCTCACGGTTCCTATGCGGAAAAATGTCGGGGTCTTACTGCCTGATAGTGCTCGCACCAATTCACTTTACGTTATGGCCGCTCTGACTTTATTCTTGCGGACAATTCAGCCTGAGATCCGGCCCTACTCATGGGGCGGGTCGTCGTCACCGTAAAGACTTAATGAAAGAGGGGGAGTCAGAGGCGAACGTCACTAAATTGCACGGAGGATTGTGTGATTCTTGCCAAGTATCGTCGTCGAAGAACAGCAGGCTTCGTCGTCTGAACGATCCGCGTACCCCACGGAATTTGCGTTAAGAGCATCATATTTTCGGACCCGTACGATTAGCGTCGTAGAACCCGGGATCATGTGCACCTCGGGTTTCACTAGGCTAAAAGTTTGTGTGGCGAAATATTTAGCCCCGTGCACCGAATCTAAGGCGACTGGTAGATTCTTCAGTTCGTGGTGAATCCACCCCGCCCCAACGCCTTTGTCTCGAGCTAGCCTTGTATTACTGAGTTTCACTAATTGCCCGCCGACATCGTGGTCAGAAGCGGAGGCAGGAGCACCTCCGCCGCGGCTCGCTTGCACGACCTTTCTAAGAACAAAGAGTGTGGACATGTGAACAGGTACAAAGGTCTCTGGTGTTCGACCATGTCCGTAATGAGCAGTTTCGTACGCGTCCCCTAGTCCGTTGATGCGCCATGCAACGGGTCCGTCCAGGTAACTTTAGTTGTACCCCGGGGCGAGGAGACTCGACCAGGTTTTCGTCCACACTGGCTCCGGGCTGAGCCATGTTATGACCCTTACATTGCCGACGAGGAGTCCTACCATAAGTCCAGTTATCCCTCAGCTGCGAAGTGTCATCCTGGAAACACGATTAAGTTAGTACCTTTGTAACTAACTCCGGAGAGAAGCCTCGACCGATTGTTATAACGAACCCCATTCGTACTTACATTACCAACGGCAACTGTTAACGATTATGCAGACCCATCATAATCCATTGTACGACGTATGACAACCATGATGCTTATCTGACGTTTTCTTACTTCTGACATCGATGCTAATTAAAGTGCTGGACATCTTCACGCGTCTACGTACCCTGAGCGATTGGCAGCGCGCGTAGTCAGGCCGACCAGCTTCCCTTAAAGCTCCCTGTCAAGCACATTAGTAGCACTGACGGGGATGCGGAGTAACGAGTTCCGATTCGTGTGCGTCAATGTTGCTCTCGTCATTGTAGTGGATCCGGATGACACCTGATTGGAGGTTTAGAGGAGACTATATAAGTCGCGAGCGGGGTTTTCGTGACGCGGTTAGCTTTTCCATTCGAGAAGGCACGGAGAGCTATCGCCGTTGTTACACGTCGTGTAAGTGGACTGTCTCCCGGCCTCCAATGAGACAGAGCATACCCTTGGTCATGACTATGTTTCGGGGGGCCGGGTAAAACTAGCGATAGAAATACGGAAGACCTAGGCTGATTACTGAATACCGAGCCTGTCGGAGATCGGGTTTAATAGAGAGCGATCACCTCTTGTGCGCATTCAGATAACATAAGACCGGGGGCCGTGCGTTCATGGGAATATAATATACCCTCCCTCTAAACCCCTCTAAAGTAACTGACGGGTCACGTTATGTCGGGACTTGGTGGCTGTATAGACTTAGACGTCGCTGCAGCTGATGCCGTGAATCGGTATCCGAC,1842,50.87,Caenorhabditis elegans
SEQ_289047,GCTGATAGGTTCGGTCTTTACAACTTCAGGCTCTTTGCCCAATAAGACAACAACAATCGCCTGATTGGGGACGGGCAGTGTCGTAGCTGCTATATGTGATATCGTTCAATTTTTAACTGCTACCAAAACTGGCATGCACTATCAATCTCTGGCTTTCCAACTCATCGAACACTCACCTTCTGGTACTCTGAGGGAATCGGTCCAACGACTAATGAATGGAAACTGTAACTAAGACGCCTGTCCATAATGCCGTTCGATGTATCGGGGTCAGAACGGATCACGACTGGGGTTCTTCCATCGCGCACCATCTAGAACGCGCGGTCCGCAACTATCCACCACGGAAAATATACCCGTTGTCCAGTAGGTG,367,48.5,Homo sapiens
SEQ_657496,TTCCGCTAGGTGGGTTTAGAACCTAAGACATTGTTTCACCCAAATTGGGTACCTTTGGTCAGGCCGGCCTACCACCCGTTGCCCCCCCTTGGTTCGTACGCGGGTCGGGTGTTCGAGCGTAAAAGCTCTCAGTGTTGCGACCCAATAAATCGAAAAGCTTTACATATCAGGAATACTAACGGATGCGAGGCACTGGCCATGATTGCCTAGACAGAGCCGCGAACCTACGTCAGATCTTTATTTCTCAGTCGTTTCCGGTCGCTATTGGGCTATTTGGTAACACCTAGACGGCGAGATTCTAAGTGGGGAGTAATACGGACGGGCATCACCATGTACATCACTTTGACAAGCGGATAATCTGATAGAATCCTTCGTGGCTGACAGTAGCCCGCTCCGGAGAGACCTTTGTTTCACTGAATGTTATGTGGACACGTACCATCCAACCGAAGTATTACCGTTCCCAAACTATCTTTTGATGTTAGTAAAGAGGGTGCAGAGCCGCGACTTGTCGGTAGATACGTAATTCTCCGGAGGTTGCAGGTCAATTTAGGTAATTGATACTTTTAACGATCGATCATTGCTAAACACAAAGGTCGCCCGCCAGACTGTTCGACGAATGTGAAAGAAGAAAGGAGACCCATGTGCCACGCAAGTCAAACGGTCAACCGCAAAACCGGTGAACCAAGTTCTAATCTACCCTCGCCTTCTGTTCACAATCTAGGCTTAACAACATATGCTGATAGGCTCGTTGGTTGAGGAGCCCCCCGTCATTGAAGGTGTCTCGACGCACCCTATGGAACCAAACCGTATCAGAGAGATGGACTCGCAAGTAGAGGTAACGCTACCTACCTCACAGATCGCCTAATGTATGTCTTTGGTGTGTTTTCGAATTTAGGTTCCACGGACTCCTGATGGCAGAGGAACCCTGAATTTACGGTGAATAACGGATGGTCAACTGTACCAAGTAGAGCCTTACTGCTAGCTATTTACGCCTTCAAAACCCACTAAGCCCGCCCCGGGCGGATATAACTCTGGATCCCTTACCTTTCGCATGAATACATTGGGGGGGTACGCCTGAGGTAGCTTGGTGTTTGACGGGGCCGCACGACTACCGTGTTCTTGTAGAAAACACTTCCTCAGCATATCTGACTCCTTCGGGTGTCATATGGGAAGGTCAAGTTTCCCGTCAATTGGCATACTGGGCCCCGCTAGTGTTCCCTAAAGAGATCGACATAAGTGAGAGGAGGAAGATGCTTAGGCATCTCCCGCTTTAATGCTTCCTACCTTCAGATTCGCTAACTCCCGTTGGAGGGATAACTAACGATTAGTATGACCAGGGGCTGGCTGTGATGGCTACGTCCTCAAGCATCGTAAAAGACTAACAGCTCACCATGTTAAGATCTAAAGGCTTTAGACTCCATGCAGCCCACTGCTGGACTCGTCTCAGACGCCATGGGCACACGGCGACCTGGCCTATTACCGAATTGGGCGAAGAGCTAAGCTCACGGTCCCCGCTTGTGAATGCCAGGACCGATTGGTTCGGACTCCGCAGAGATAACTAAGAGAATAGCGCCGGTGCCGGCAAAAGCTGTAAGTCGTACCAAAGCGAGTCCTCCACGCTCGCGCCCACTCCAGCGGAACCACCCACTCCGAAGGAATAGCTGCCGTGAGCATCAGGCCGATCGCGCTTTTACGCCATACACTCAGCCCCGTCAGTCAATCTCACGGACCGGAGAGATTCGACTTCACTTAGTTCGGAAAGTGAAGAACCTCTGTTCGTCTGTTGTTCGGTGTTGAAACGATTTTTTCGACACATCCACAGCTACCAAAACAGATGGGCTCCGGAAGGCGGTTACTCCATTGTAGAAGCTACGCTACTTTCCGCGTTATGGTACTGTGATTAGAACTGAGTAGTGCAATGA,1922,50.31,Saccharomyces cerevisiae
SEQ_179475,CCTAAGTGGATGAGTTGACAATACGAACGACCTAACATGCTTTTATGCGATACAACGATTTCACCGAGCATATAACCAGGTTATTTGGTTCTTCGTAGTGCCCGTAGACGGGTAACTATTCCTCAAAACGCCCAAGGCCCGTTAGTGGTGAATACTATAGAGAGCAAAGTAACGTCAAAGCCCTAACTGGTCGTTGGCGGCGCGTCGCTTTATGCATTTTGCCACACTGCCGGTGCTG,238,47.9,Arabidopsis thaliana
SEQ_229455,TAGGGCGCCGGAGAACCCTGGCTGGTGGCGTGGGACTTGAGGCATTTACTCAAGGGTACTGACCAATCTCCAAGCCTTATATGCCACGATTTCCTTCCTCCCGTATGCTCAAAAATCACGTTTCGTACACTGTGCGAAGGTTTCGTTCGCTCAAGGTTGGCGCTGGTCCGCATCTTTATAGATATTTCATGCTGTGGTCGAGTACAAGCCACCTTATCTCACCTAAAGCGAGAGGAGGACTCATAGTAGCGATACTCATGCGAACGTGAGACTAGGGGAGCCATGGGTTCTCCAGTATCTATATAAGTTAGCAGACCTTACTAACTTGAAAGGGACTGCCGTGTTTTCAACCTGAAGCGAGCAGCGGAGGCCTTCTCCGATTATTACAGGGCTCACCACTGTCAACAAGGCAGTCTAGGCATTTCCAGAATATAGTCGTTCTTGGTCCTGCTGTGGTCAACAGGTTAACTCTTACATATGTCATGCTTACAGTGACGACCAGTGCTGAAGGCGTGCATCAGTTGCTAGACACTTTCCGCACAGCCCCTCTCAGCCACTACCCACTTCAAGCATTACTGTGTTGGTATCTAGACTATAGGTAGTACCAACGGGGCGAATGAATACGAGAAATAGGCGATGCCGTGGGTATTTCTTTCGGGCCCCAGGTGTGACAACTGATACCTGTTACCATTACAGTGGTGGCTGTCCACCTGGGGCTCTCCGCCTATGATAGCGCTCGGGTGATTCGCGCGTTGACTAAAATG,764,50.26,Arabidopsis thaliana
SEQ_242275,GGCACGTCAGCATTCGTGGGGGTCTCAATGTAACAATCGATCTACCTTGTCGGCACTACTATAATGAGTATCTATTTTAAATCGTTCATAAGGAGAATCCCAGCGGATATCTGCCAACTGTTTCCCGCGGGTAAAAGTGAGCTTGATGACCTGTTCAAGCCGTCGCTCTTGGGCAACACTTTCGGACATGATATTCCGCTGTCAACCTATCCGGACCTGTACAACCATTTTCTAACACTGGTCCTTCGCAGTAGCTCTGTCTCGCCGATGTTCACTATCCCTAGTGCGTCTTCCCCGTAGTTGTGTCTGCCGCTTAGTGGTGGCCCCCAACTATAGTAGACCGCATATTTAGGACACTGACTTCAAGACAGATTTCGAAAGGCTCCGCATGAGGGCGAATTCGCATGTGGAATGGTCAAATAGCGTTTTATTCACCATGCCCCGGAGCATGTGTGATTGGTTTATAACACCACGATACCCAAGTTAATGCTTCATAGAGTAGGCCATCGAGTCAATGGAGGGCTCTAA,528,48.11,Mus musculus
SEQ_651026,GCCTTGGTGTAGCACGTATTGCCGAACGGTCATGGAAATTGCAACCGGAAGTCCGTCGCAGAGAATTGTGACATCGCAGGTAAGGCGGTTTCTCCATCTCGCGCTGTGTTGGGGCCCGGGGCAGTCTCCAAACGCTCACCAAGCGTTTATATACGGCTAAAAGTTAGCTATCCTAGCCGGTGGACGGACGTAATGGAATGATGCTTTTTTTGTTTCTAAGCGGCATGAACCCCTTAGCGAGGACAGGATGTTCCGGCCTTACGACTACTATTCAACGGTGGTTGGAGGGTCCGCTATTACAGGGACAGTATCAATACTCCATGCGCTTGAATCAGGTTTCGGTTACAACGTACTTATCCCTGTTCCGGCGGTGAGTTCGTTTGTAGGTAGACGCTCGTGTCTACCCCGATAGCACGCAGCTTGGGCTAAGAAGTAGTCGGGCAAGACCTGAGCTAACTACATTCATCTCAGGCCACCTGTACAAAACGGCCTCTGCACAAAATAATCGTTCCAACCTAAGGGATTCATAGCAGGTTAATCGGTAGTCCTGGGCGTAGTTATGCTGGTATGCGAGGAGCGGCTGCTGGCACCAGGACTGCAATCGCCTCTCTTAGTCAGCGACTTC,625,51.84,Escherichia coli
SEQ_604930,ATTAAAGTAGCCTTTTTTAGAGGCGCAAATGAGGAATGAGGAAGATCCCCAGGCGCCAACGAATATCGGTAGTATTGCCAAATGAGGACCTAGGCC,96,46.88,Mus musculus
SEQ_253653,ATTAGTACACGATATGGGAGTCCCAACGATCGGCGTAATATCTCGTGCCATCGGCGTACGAGGATGAGCCATCTCATGGATGTTCCTG,88,51.14,Caenorhabditis elegans
SEQ_484514,AGAGCTTGCGCTGACGGTCGAGCGCTAAGCCATGGTACTGGAACATACCTCCGACGTATCCTTTTATTTCCTTGCGTAGAGCTCTGGTGTTCTGCGCGAATCAAAATTAGCATTTTTTATGCGTCATTACGCTCGGAAATCACTCTTCAGCCCTGCTCATGATTTAGGCAAGTCATACAGTTATTCCTTGTACGGGAGAAACCAGAAGGGAACATGACTACGCAGCAATTTGTGTATAAGCGGGATGCTTTCACTCAGGAACATGGGTCGTTCGGGTGACGGCGTATTATACACGCGGCCGAGACGAAATTATGGTCGTACCCCACACGTTCTCGACTTCATCCCATGCCCCTGCATGTTGAGGATTAGCTCTTCTAATGGATCCCCCACTCATTTGATGTTCCATTCTGACAACACCCTAAGCGTGGAGAAGCGTCCGTCTGATAATCAGAGTGTATTGCCGACACCTGGGACCTACAGGCGATTACGGAAGTTCAAAGTGGCATGTTCTCCACTGTGCCTACTCAATGACGATCGTAGATTACTCGGCTTCAAGACTTTCGTGTTAGCACTACCCATATACACACCGCAAAAAATATGTTATACATACGCCCTAAAGATTGGATGATTCGGAACTTGGCTGCGGCCTGGAATGTAGGCGGCTTTACATATAACTTGAACCCCCATCCCATGCGACTTGTCACAGTGCAATCCCCCGCCTACGGAGCTCATGTAAGTCCGTTCCAGGCTGGCCAACAGCAGATCCCTACACAAAGGGCCTCCCGTGCACGGGGGATTGGATTTCCATTCGCGGGCCCCTGATACATTCAAAGGACTCGAGCCCTTGGTAGTGCTGGTCTCATTGGGAGTTCTCTTATCTTACCCGAAGCCCACAATGCCTGACCAATACGCGCCCTAGAGCTCTTGATATTGAGAGTGATATGGCCGCCAGAAAAGACAACTAACTGTATTTGCGATGAACAGTCTCAGTTACAGACACCCGTAGAATAGTCATTCGAAGCGGTTCGCCATCAGTTAGCCTGCCCAAAAATAGTTCATTCCCATCAGTCATCTGCCAACTAAAACGGCACATCGTTTTACATTGCCACCGCTGTGATCCGCTAACGGCGCCTCTCGACAACACGGGGTCATGTGACTAGGTTCCCATTCGTTCCGAGACGCAAGACAGTACCGAGGCATCAGCCACACGGCTTATGGACCGGGGGCGAGTACTTGGCGCGACGGGCCGGGCATACTACTGCTGCTTGGTCTCGGTATGCTTAGAGCAGTATAGTTGCCGTGTTGAATTTAGCACATACACAGAATCTTACGTTGTTTGCCTAGTTTTTGACCTGTCTTATTCTCTCTAAATTGCGGACGGGGGCGTACTCTGCCCCATCCAACACAGCACAGCCGAAGGAACGAGATCTAATTTTAGCAGGAGAATTTGGCGTAACTTGTCTACGATTTAATCGGTGCCTCTGCACTGGAGCCTTCCGAGCTCCGCTGGTCCTCCGTAGCCGTAGTCGCCAAACACTGTCGCGAAGTGGGTCTGTCTCGGGTCCGACACACTAGCGCATTGAACCTCTTGAGCCAGCATTTGATTCGCGACTGGACCGCTGCGCGTTGGAAACCGCTAGGGAATAAAGCGGATGTCCTGTGTAGATATAGAGCCTAAGTCATGGCAAGTCCGCCGCGGCTCCCTCCAGATCTCACCTCCATCGTCGGGGCATTCGGCAGCAACATAATGCAATTGTATAAAGGGATTTCATCCAATCTGAGAAGGTCCCCCCTTTAGATGAAGTTGTACTTTTAATAATAGCACTTTTAAGCTCCTACG,1840,50.38,Mus musculus
SEQ_598721,CTATCCGGAAAGCGGATTAGGTTCGTAGCGCGCTGACTTACTTGAGAGTTTACTGCCTAGCCTCGCTTTCGGTCTAGAATGGGCGTTCGGCCTGCCAGCGACATTTGTATATGATCGGGCACTCTCTAGCTTTTGCTAAGGGCTGACATCCCCCAGGGGA,160,53.75,Caenorhabditis elegans
SEQ_239196,GATCCTCGGTGTTAGAGATGCTGGTCCGCTTAATCAATAGTCCTTCTAGACATCACGGCTGTAGACTGAGCAGCCTTCACTTTGACTCTCACGGGTCACAAAACCAAAACATGTCTCTCCGTAACGGCGTGTCCACGATATCCCCTACCCGCTCGGTGCCAAGTCGAATGGGGTGTTCACTCAGCTTTACCACTCGATGTCTAAGACAATACCAGGACCCACAAGAACATCTACGGGTATATATACATGCAATGTTCGAACCCAGCGGGGGCACCGCAGATTTCCTAGAAGCCGATTTGGAGTCAGTTGACTCGATCTTAAGTTTCAGTCTTGAATTATGTACATTTGATAGTGCCTACCCCCGGAAGCCCAACAAAAAGCAACAATGCGGCAAAACGCAACGTGTAGGCGTTCAGGTGCGTCACTTTTCTAAGCTTAGAGGCAATTATGTCTTAACCTTACTACCAAGTGACTAGGCAACCGTTCCTTGCATCGCTAGACGGCTATAAAGGCGTTTCTCCCACTCCGTTGGCGGGTCACTGCATGCCGTTGCTGAGCGGACATTATTCACGGGCTTGACAGCACTTTACAGGACCTGTTGGTGCTAAACGAATATCAAAATAATCCTAAAGAGCGACGATCTCTGATCTACGAGCCGGACAAAGCCAAGTGTAGTCCTCCGACGCCTCTGCGGAAAAGCTGCATAGTAAGACCTAATCGGTATGGCGTCCAAATCAACGCGGCGATTGGTCTTTCATGTGAATATCTTTGATTTTCCTTCATAGTTCCAAGACGGATACCCTAATTTTGTGCCCATCGGGTGCCCAAGCGCCACAATTAAGACCTCGATTGATCCTTCCTGCTGCCAGATACCTGCGGGCCGCGAATTCAGCGTTATACGGTAATTTGGCATTTGGTCAGCGGCACCCCCTAGACGTCTTGTTTGCGATGTGTACACGCTGCTACTCTCCTCTTATGAAAGTGACGGCCCGATTACGTTCTGAGGACCGAGAATGAGGTTCGGCAGAGCCTTGATCGGCGTGTTGGTGTAAACAGATGGGCAACCGACTTTACTTCTGGATGCCATGATACATCCGTAACTTGGGTCTACAT,1113,49.33,Escherichia coli
SEQ_657329,GGTTGACGTTGTCCCCACAGCGTGAATGTCCATCGACGCAGAGCTTGAAAGCGACGTGGAGGAAAGTTTAAGAGAACTATTAGTTCACAGCCTACCCCCTACCTGGACCCTGGCTGACATATTACTATGTGTCCTTTTGTAGACCTCGCGGGTCGTTCGCGCCGCTGCGTGCAAATTCTACGCTCATTGAGAAATTCAGGCCTGTTCGTTTCGTACGGACGGCTAATTCACAGTGTAATATTCGTTGAACAAAGTTGACCACGGACCTACCTGGGTGCCTTGAACGTTATTCGCCGGCCAACCAGCGAGGACCTCTGAGAGCTCCTAACTATAGCGGCGAAGCTCATATCATTATGGGCACCATGGGCTGTTAGCTTAGAATCTAGGATCATACGGGTCGGTAGCATCAGCCCTTGCATCATGGTAGTAAACCATTTTTAGGGAAAGAAACCCGTTTTTACGGTGTCTGCTAGCTATGACCCCTACCATGATCATAACAGCCCACAGTCCAGTCCGTAGCGTCCGACAACATGTGGCGTCATTGTCATATCCCCAAGATGAACGATTGAGTAGGATTAATTGTAGCGGATGACAGCTCTCGTCAATGATAACCCATCGATAGTGGTTTTGAAATTAAGAAAAGGGGACTTTCGAGGCCATCTCGCGTCAGACGGACCGAGTTTAAGCAATTAAATCAGATGCACTAAACTACTTTACTGTTTCACACGTGATAAAGAATTCGTTAAACCAAACAGCATGGTTTGTCCCACATACGCCCCGGTCCCCGATTCTTGTTAATGGTAAGCTGTACACTGGTACAAGTAACCCATCTAACGACCGGCTGTGAACGAAGATTCGCCGTACGTTAGGCTAGCTCCTGTAGCTGAACGTAACAACTAGCTGAGCATGAATTGGCCCTTTCGACACTGGTCTTTTCAGATTCACGCGCCATTAAGTTACACTGACGAGGGTACGTCTACCCCGCCACATTAGAGGACCGCACGTATTTGAATGGACGTACGCCAGGATGCCGGGTCCCGCTATCCGTTGGCATCCCATTCTTAATAGTAACTCTTAGGTGTACAGTCTTTTCGAAGATTTCGCCTCGCAGCGCACGTACACCAGTCAATCAACGAAGCCGTCAGACAAGGATAAGGCAGATATGATCGATGTGCTCAGCTCGCACACTAAGTAGTCGAAGCGCAGCGATCCGTAAAATCATGGGGCCCCCTACATTCCGATTAAAAGGAAATACACTGCTCGCTGACAGCAAAACCAATCTAACAGGCATGCAACACTCGTAGGAAGACACTCGTGGCCGGAGGCAATATCTCGGACAGAGTGTGGATGTAGACCGGATTCTCCATGCTACTGCAAAGTTATGGCCAGCGAACCAAGGTGGTTAGTGCTGGGATTCTGAGCAGCGGACTCTAGTCCGTTTACCAGCCGTCCTGACCGTTGCACTCCAACAAATACCATGGATCACTGCCGCGCTTTGGGCGGGTATGGGGTACAGTGTGTGAAGTCCTGCATGAGATGTGTGATTAAGTGGGAGCATAACGTCACATGGACAGAAACCGTTTCTGCTAACCTTTCCACTTCAGCTTTGCGGCCGACACTGTGTGGGAGCGGTTTAATCAGATACGTCTTAATCGGCGAGCT,1662,49.46,Escherichia coli
SEQ_338086,ACGCGCGCCTGCAATGCAAGTTCTGTAAGGCAAGCCGCTAAGAGGTAAGAGTATGTCGCTGCCAATGGTGTGTGAGCATTGTAAGAGGATCTAGGAACTCCAAGGATTTGGGCGGCAAGATTTCTCGCACCGTCAGGTTCCGGTGTCTTCATAAAATGGGCGTGCGTGTTAGCTTTGTCTCGACCCCAAGGTCACCTCAGTAACGAAGTCAAAGGATAGAGAGAAAGCAAGGAAGTTGCGAATAGAAATCCTAGTATTGGGTAGGGCACTTTTGATTTTGACATTAAAACTGTAGAAGAGTTAGGGACGTCAAGCTGACCTGCCCTGTCAGACCCAGCCGAGAACGGTGCACGACTCATTAAAGTTCCGTTGACGAACTTACTCCTTTGGCCACCATAGTCCAGCTCGCGCTATGGAAGCTTGCTAAGAGCCCAACAGGGACCGCCTGATCAAACATCATGTTCCCGCCTTCGCTGAAAGCTTGCGCCTAGCGGACGAGGACAGGCCTACACTTATGAAGGTGGAGTAATGTTGTTCTCCCAACAGGACAAGTGCGTCACGGGGCCAATGGTATCACCCAAGCGACATGAAGCCAACAGGTTCTGATGAGTGGGGCTTATTGTTAGGCACGACAGACTGGAACATCGTCCTTGCGTGTCCAGCGACCGACGCAAGCTCCGCCCTCCGAAGTGCTTCCGAAGGTGAGTTACGGCGAACTCACTACAATGACTGCCTCATTCGACGTCGTCAGAGTAAAAAGTTGCAATGGCCACGGCTACCAGCCCCTCCTCGGTCTGTCACCGCTATGGAGATTAAGGCGAACACCTCCGCGTAGACTAGGTGGATAGGCTGAAGTATAGCTTGAAGCGCTGTCAGATCGCAGAAATGCCTGGTAGGGGATAACCTAGAAGCTCTTGTGCTGTGAATCGTGCGCTTAGTTTGATTACTAGTTTTTGACCTTAGGCGTGTTTGAAATTCGTGAAATCACGCTGCAACGCTACTCATCCGAGACTCGAATTTCTAGTATACGCCATAGCACGGCTGTACCCCCATCTAACTGTACATTTCAATTCAATACCGGCCCCTCACAAGTAAATGTGCGCCCACTGTACTCTTGGCTGATCTGACACCTGGCGACACTGATACGATTGGGGATAACGCCCGTCTGGGTACGCTAGCTATGCCCAAAGGGCTGATTGTAACGACGCGGAAGGAATGCTCGAGACACCATAAGCACTGTGTCTCGTGATATATTATATGAGTCCCCCGTTTAGATGGTGCCTCCCGAGATTGGGTGTTGTCACCTGCCCGTAATTGATGCTTGGCGGCCTAATTGAGATAACATCCACCGCGTCTAATCCAACAACGTCATTACGCGCACGCATCTCGCCG,1392,51.22,Mus musculus
SEQ_860651,GCTAACTGTAACCGGCGTGCCTGCTGTCACTGAGCATGGTGGGTAACGCCCACAGGCGTTGGAGTGCAGACGTAGCGTTTCACAACACGACGGGTGACCTATGCCCCGAAACTACTATCCCTTCCTTTTAGGGCTCACTGGTTGGTTTTAACGCGTAATCGTAACACTTCCATACTCACTTTCGAACACGATTATTACGGATTAATGGTAACACACTATAAGTATAGCGGCCGTGACGTGGAATAGGAGCATCTACGCGCTTAAGCCAGGACTTGTACGCGTCCTTTCTTCCTGGAAAATGAAGCCAGGAGACAAGTACGAGAGCGTCAAGGCGGAGGCTATTGGTTAGATGGTGTAAAATGCGGTTACCTGTCCTCTTCAGCACGATTCCAGTTGCATTCATTGATTCGGTAATCCGAACCTCCGTCCGGAAACGATAGGCGGCAAACCCTGATCTAAGCAACCACTCTCGTCTACAGCGGACTCACGTAGATGGAAGGAGCCACGTGAATTCCGCCTCCCCCATGCACAAGCCGCATGGAGCTTTCTGAGGTATATTTTCGTCGCGTAACCGGTTTCGAAGCGATTCCATGAGACCTGTACTACTCGCATAGCAAAGGCACGGGCAGACAGCGCTCCCAAAACCCCGAAACCCATACCAGGACGTTGGCTCGTATTTGCCGTCATGCCAACCCCGAGCAGACGCCTGGTCAACGCGGATTGGATAATGCATTACGCTGTTTAGGTCTTGGAATTGAGTCAATGGCGGTCGTGTAGCTGAAGCTATCGAGAGTGGCTCTTTATACGCACAGATGGAGCCTTTGCTCACGGTAGGCGGACTGGGTCGGAATTCATAGGTCCTGATGCCTTCAAACACGAATGCTCTGTGCATGGGAATAAGAGGGTAGCCGAGCAGTGGATTACTGCGGAAATCGCAATCATCAGTCATATGTTCAATGTGTGATTGCTCAGTGGGAGTCTGATAGTCTTGGGCAGCCAGGAGACGGCCGCAGATGTTCCATGTATTTACGTCTTTTGGGTTAGTGAGCTACGGGCCTAACCTGGCAATACCGTTACTGCCTGTTTCCGGCCGTAAAGGTCATGATTGACGGACAAGAAGTCAAGAAAATTCCTACGTGGTGCCCAACCACAGAAAGTTATGTTCCGATGATGCAGGCACAAACATTCTGTACATGCTCGAGTTGTGGGGAGGTGAGAGGCGAGTTGCGTTGCTATCTGCTATCGGTTTCCTGTAAATGACCTGCTGTTCTATAAAGAGTTGGTAGTGGTAGACCCGGATCGAATTTTAAGGGCGGGGTGTC,1322,50.83,Arabidopsis thaliana
SEQ_885610,CATCATAACGCTAGGGATAAGTCTACTTGGGAGCGTCCCACAGTACGCCTGCCCGCCTTGTAGATTGTCCGGAGAGAGACCCCGTTTGAAGGGAGCATAGCTTTCTGTATACTGGTGTTATGCAATAAGTCTGCCACTTGGTAGATAGAAAAACCTTGGGAAGAAGGAGGTAATCCTCGCTACGTGATCGGTGGCATACGCAGCACAGCGTTGTGGGAGGGGCAACACAGGCGTTTACCGCCCCGTGCGAACGCCCGGAAGATCTAACCGATCTCAGCCAGGTATCGATCACAGTGTATTAATTTTAATTACGTAGCGTAGCGATAAGCAGTGTGAGCTTGAACAACACTGAGTATTAGAACATATGACGAGGCTGCGCTCATCTACCCGGATAGCACACCTATGCTAAACGGAGATACTCCATCGCCACGGCTCATACGTGGCGACTTCAATTAATTAACCGACGCCACTAGAGGCCCGCTCGCTAAGCGGTCATGCGTAAGTAACGGATCTTGATTGGCCACTAAGTGAGACGTGCGGCGAACGGTTCTGACCGGAGGTCGCCGAATGTTGCTATTTGCTCTAAGGAGCGGCTTAGGTGTCGGGCTGAAACACGCGGGCCGGGGTCCAGACCGACAAACCACTTGATTTTTATATCGGGCCACCTACCTGAGTATACCAAACTGCCAGAAGGGTTGTAGGGAAGAGGTCCACCTGAGATACCAAGTCGGAGGAGATGTTACTAAGATTAGTGAGATTTTACTACGAGTTAAAACCGAGCTCTGCCCTTTCGCTAAAGCCGGGGCTCTAGGCCTGTGCTAAGTTTCCTGCCGAAGGGCTCGCCAAGATATATAAACTCGGTCCCGAAGAAAATCCGACTGGGCAAGTCCCCCGCTGCGCACCGGCACATGTGAATGTCTTAGATGACGTCTCGGCTTAAGAAATCAAGGAAACGAAGCGAGGGCGTAGAGGGTGTGACAATCT,984,51.73,Drosophila melanogaster
SEQ_400696,TAAAACTAGACTCGGCGTAACACATGATTGAGATTGCCCGTTGTATAGCAGCCGTCGTACCATTTACATAAACCCGAACGAAGACACTCAAAGTACGAGGGTTATGATTGTCAACCCAGGAGGGGTTACGGATGGTTCACGCCTTAAGACAGTTCACCCTTTCGTAATCCGGCATGGCGATCAGAGCGGTAAATCCACGAGTACTGTTGGGATGTGACGATTGCTCGACCAATATCGCTCCCGCTTATGATAAGGAACCGACAGCTGGGCACTATGTGCGGTACACGAACAACGATAACCACTCCGGTGAGCTAGCCGAACTGAAAGGCACAACAGCTGGAGGCGCAGCACCATCGAGAAATAGCAGGAGGCTATTGTTTCATTTGCTCTTAAAGGGAGTCCTGGCTGGCGCTAGTGAGGTAAGCCGCCGGTTTATGGTAACCGTATGCCACTCTTGCGTAGCTATACGGCATTCCTTCCGCTAGTTAACGACCTAAACGTGCGTAGTGTACACGCTTCTACGATCAAAAACCCCGGACGCTTCTTAATGCGGTGTACGACCGCCACAGAGCACGAATTCTTCATTACTAGATTCCCAGACTCGCTAACTTTGAACGGTCCAGAGACAGACGTATTACGTATAGGTCCATTTCCCCAATACCGCTGAGGAGCAAAAATTAATACGGGCGAGTAAATTGACGCGGCCATGGCACCAGAGGGTGGTAGGTGCATGGCAGCGCATTATGTACTCGTGTCGGAACGCCTCCCTATGGACACATCAAGGACTATGACGAGCGGGCGGCCGTTTATTCACCGCTACGGTTATACATGGTACTTGTGCAGTAGGGTGCTCTATCCAATTTCTTTCTTGGGTTTGACCTTAGGCAAACTCGATGCTCCCATCCCCCGTAGTGACCTCTGAGTGCCTTTGTCCGCCTCTACGTCCATAAAGGTGACTGGGGTGCGCCAGGATGCCCCATCTGTGTACGAACTTGCTGCTCTCAAGGACTGGTACAGTGCCAGTGCTAGGTAACTTTTTTAAATGAACCACTCGCGAAATACTGACACCTCCTTTTAACAAAGTTTTTAATCTGTTAACCCCTGCGCGTAGGGTTCAAT,1119,50.13,Saccharomyces cerevisiae
SEQ_396377,CTTTGTCGGGTAGTCGACAGCCTCCGAATGGCATAACGACAGTGAAGGATCCCTTCGTGGGTGGCGTCAAAATAAAGTGTATGACGACACATCGTTCTATTGCGAATAAGTGACTCACAAAGAATGTAGGCTCTACGCCTTCGCCGTCTATGGCTCCTTACTCCACGACCCCTTGGTTACATTGTACTAGGCACATATCAGAGATTCTATGCAATCCGCTCCATATGTTCAGTGCTGAACGTAAGGTGGGGGATCTCACACTTGTAGGTCCCGGGGACAATTACGTTACGATAGTAAGATATCGCCAAGGAGTGTTGTACTCCAGCGGCCATCACGCACGCATGGGGGAGTGACCCCCCTATCACTTTCTGACACCAGCAGCTTTAACGGGGGCAGATCGTTGGCCGGCAGTTCGGCCATCTTCAAATGCGCAGATGGCACCGGCGTCCCGACCATATGGTCCCTCTTTATACGCTGAGCCTGATAAACATTTTTCATAGGTAAGGGAACGGCAACATGGTAGTAGTGCAGTTTGACATGCCTAACAGACGGAGCCATGCTCTTGTCTGGACGAGGGGGGAAAGATGGGGTGGATGATACGAGCAGACTTAGGACCCATCCCATGTCTATGAGACACCTAAGGTTTAATCAGTTCGGTTGAGGGCTTGTTTTCACATGCCTGTTGATGGATGGTAAGCCGCCCACTGAATACCAAGTCGCCGACGATTCAGTTGAATTCTCCAGGTCTCGTTGTTATGCGTGTTCATATCGAAATAGCCCTAGAAGGTACCCCTTGATCTAACACAGGTCGCTATGACGAAATCGAGCAGTGCAGAGCTACAGGAGCTACACCCACGAGTAGACGCTTTGTGGCCGCGAACCAACTTTAAGAGGGTTGGAACTTTGCTTTTCCCGAAGAACGGAGTTTGCCTTTGTGGCAGAAATGTATTTAGCTACCTGGATTTAGAGTAGTGTCCTACTTTATTGGAGCCCAACTATTCCGCGGCCTACACGAAACTTGGCCAAAA,1028,49.9,Arabidopsis thaliana
SEQ_642524,GCAAGCGTTCGATGCGAGGGTTGTCTATGCACACTATGTTTAAGCTTGTAAGACCTCGCAGTGAAGTCTAAATATCTGATGCCCGTGGAAGGGCGCACTAACCTCGCCTTGCGAATGGTAAAGTTATACTACATAAGCGACTTGCATCAAAAACTGTGCCCCACCCCAACAGCTATTAGCGACCACGCATCTTTATTTGCATCCGCGAAACTCGCATCCCCACGCTAGGCCCGATGCTGCCGCTCATCTGTGACTTGGATACACTGCAATCGCCATTTTACGGCGCGCATCAGCGATCGTATGCCTCGCACGATCGCAGCCGTATGCAGCTAAGGGATTGGAAGCATAAGTGTAGCCCCGTCCTACCGAGATCTAGCGAGCCTGAATCGCTGCCGTGCACATGTCACAAGAACGCATATTTACTTGTTACACGTCTTGTTTAAGTGTGCTGATGTTCGCGCACCGTGGTATTCATGGGGAAGCCCAGAGGACTGATAGCAAAGTCACGTCGGCGCTCAGTGGTGCATAGATATATCCGGATGATTTCATCCCTGGATCGTCATCGGGCGTGTATCGATGGAGTTAATACACGGGGCAGTCGACCTAATCCTTCCGGTAAACCGTACTTCGTACGGATAAGATAGGCCATTCTTCTCATCTTACCGATTAGTGCCCGCGGGACGCGAGACCAGAACCTCTGGCCTATAGGGCCCGTGCCGGCTCTCTTAAAAGCTAGGCTTCTGAGGTGGCTGTAGGATACGGGGGTCCCAGAGGGGGGTGGCTCTTGAATGGACCCGAAAATGCTTGGTGGTATCGGTCAATCATGCACAAGATTAGGAGCACGCGTCCTGTCGGGCGGCAACCTTTTCTCAGATTAGTCCCTACCCTTTAGCAGACCCGGCTTATAGCTGACCCGAACTTCACTATGCGCCATCATACTGGTATGGCCAGGGGTTCTATTACCTTCATAGCTTGTCCGCAGGTATTATGCACTAAGGGTTTTACGATGAAGAGGACGACCCTGCCGTGATGCTCAGAGCTACCTCCAGTTTCTAACGATTATGGCCGTTCGCCTTACAGATACTCCGTCCGCCTGGGGGCTACCGGACTGCAAAAGCCAATTGAATGTCGACGTGAAACACTGCTCAAGGAAACGAGCCAGAATCGAAAGCATTAGTTCATGCTTTCCGACCGAGTAAATACCACCGCTTGACGGCAGGTTTCCTTAGCCGTGCTTAGCACGCTAATCGCGCGGGTGCTCAGATTGGCACCAGCGTCGAATTAGGCATGATAGACGGCTCGGATCAAGGCCTGCTCGTCCAATGCGGGCCAAACGATCAATACCCTTTTACAGACCCGAAATACCATGTTACCTCTGCACAGAAAGTTAACCCCGATGCGTCGTGCTACTTCCATTATGTGTGCAAGAGCGAGCTTGCCTTAAACATTTCATTGCATGGCTTTCGTTAGTACGGCAGAGCGTTGACAAAACATTTAAAATACCTCGTGCGGTGGCTGGAATAGCATATGCCGGTCATCGCAGTCGAAACGCCGACGTGACCTTTGGTTAAACCCCATTTAAGCCCTTATCATGCGAGCCCCGTGAGGGGAACCGTGATATCCCTC,1626,51.85,Saccharomyces cerevisiae
SEQ_992981,GCTAGTTCAAGGGTTTGACTACCACAATAACGTCCCCTGCGTTACCATCAATTCAGATCACCTGGTTCCATTCCAGACTGTCGGTGGGATCAGCAGTTAATCCTGGCTTGGGCGTCTCTGCCCCC,125,52.8,Saccharomyces cerevisiae
SEQ_442264,AGTGGCGCTATCTAGTTCTGCATTGGTATTGTAGTTGAGGCTCGTTAGAAAGACACGCCTGGCAGTATTTCTAGCGCCGTCTAAGGTCAACTTCGTAGTCAATGCGCGTTCTCAGACGCCTAAGAACACGCCTCACAGGTCGTAGGTTCCGCACTGACAGATATCTTACGTAATCATCTACTGTTGCGAACCCTTACATACGTGGCTGAGGTCTTGTGTTCGTGTAGGTTCTGTAACTTTAACTTTCTGGATTGCGATGTCCTCCCTTCACTCAGCTTTCCACAGACTTTAGAATCGCTTGTGAAGATTAGTAACGACGGTCCGTGGGACACTCTGAAAACCTAAATTAAAGTGCAGCGACTAACACAGACACACCGGTCGTCCGATTAGCACCTCGTGGTCGGAGTGCAGGCTATCGTACGGCAACCAATCAGGGCGATGTTTCCAGGGTCCTCGTATTTGCGTTGTACTCAAGCACGTCATAAAGATGGGTAGTTGTCCGTCAAGTCGTACTATCGTCTGACGAGGTACTCCGCACTCGAGACCAATCGCCAGTAACTGCGCGTCTAGGTACAGGCCAGCACAGTGGACCGAAGGTAACATTAATTAGCTCCACGAACCCTACGAGGACAGGTCTCGTTAGAGGGCCAGTGGGACCCTATAATGTATTCACTAAGGCCTACAATTGAGAACGCATATAGGATATGTGCT,711,49.23,Homo sapiens
SEQ_283027,TTGCCCAGTAAGCGCTTTATCAGATCCCGGCCGACGGTCCGGAACTCTATTCGTAATCCCTGGCGTCCACTTCAGCTCGACCGAGAAGTGCGTGGAATTTGCCGGCCATGTTTTGACTGCATTTACGCTCGTGAGCGTTAGCCAGCATGAGCACCGGTGTCGCTAGAATCACGGCTCTAGGCTGAGGGAATATTGTACAGAGCACTGGAGCGAAGTGATGGCATTCGTGATAATATTTCCCAAGCCGGCTAACCTCGTATCTGGGTATTATTCGGCAGCTGGGGCTGTTCCTCCTCCTTCTTGGCACCGCGGTATCTGAAGTGCTCCCGGGGTAAAAAGGCCCACATAATAAATCCTTTAGCGAAACAATATAGGCTGACCTTGGGGCTTGCGCCTCCCTTCTCTCTGTGATCATCAGAGCGGATGCTATGCAAAGGAAAGCCATCTGCGGCGATCAACAGTTAATCCTATGATAGACATCGTCGCCACCCAGTTCGGATCTTCTCTTTTGAAAGTGGCCCTGGTGGCTGCGAGCCAAGGACTCACGCCTGTATGAGACGCCCAAGCCCGTGTGTGCTACGTGATGCCAATTATTGGAGTCATATGGTCCTAGGTCTCACAGGCGGATGCCGTTGGAATTCTTCACTTATGAACCACTGCCTTCTGTTCGATGGGTCTAACTCGTAGATCCCCGCGAGTGCGAGGTTATTCTTGCATCTTCCTAGAGTTCCAATCGGGGTCCTAGTTACGTCCAGGCCTTGCCAAAGTGCAGGGGGCTGTGGTGCGTTTTCAGATCAGCTGCATTCATCATAGTCTTGCCCTAACCCAAAGTCTGGGTCCCCCTATGTTCTATACACTGAAGGCTGATCACGCTCGTGCGCCGAGGGTCGGATTGTGATGTACGCCTCGATACTATTCTCAAGACCGCGATGTAGACTAGGACGTCCTCGAATTGTAACTTGTTTGTCCTCAGTTGTACTGTGACGGTCGCCGGCAGGTCGTTGGAATGCAGTCACCTTTGGGCGCAGACTTCGGGCAGATAGTCAGTTTGCTCAGCCTGGACGGTCAATTGGGTGACCCAAGCGAGTACTTACTGCTAAGTAATATAAGGGTAATGGGCCTTTTCTGTGCGCCTCGGCGTGGCATATTATAGAGAGGGGCTACACGTAAGGAACCGACTTTCCCTCGAGTTGAGAACTCCTGGGTATTCTCATTTCTAGTTGTTTTTGGTTGACAGAGGTGCCAGTGTGTGCTCTTGCAGATCTGTTTGGTAA,1274,51.88,Arabidopsis thaliana
SEQ_523098,CGGCTGCCGCCTAGGAGCCGATGGCATTTTTGCAAAGACGGCTATTTACAGTTCAGTGAAGTACAAATCATGGCACAATTTACCAGGCTCTCCCCTCCGCACGTAAGCCCTGCGTTTCAGCTCAGCCAGTGGACAATTTTCAGACTAGCACGGCATCAAGGAATCCGAGCTCGAGATATCTCTGACAGCGTCTATTGTGGCCTCCTTCTCCTGATCATCCCATATGCTGGACTGAGTTCAGGGCATATCTATGTGCTACTTGCGCGTGAGCTGTCATAGCCGTCCAGTGATAGAAGTTTGGCTCTTAGGGCCGGCTACTGCAAAAGTTAACTGTCGGCGTTTTGCAGCCCAGGCCATGATCTTTCGTTCTTATCAACACCTTCCTGATCGCAAACTAACTAACTGAATCAGAGGTGAATTTCTTCGTTTTGATGATACTAGGATTCATGGAACACGATAGGACTCGACTATCCAGCGCCGTTTCCGTGTTCGACCCACTAGGCTAGGGCTTAGCGGCATTGACCCAATGTCGACTTGGTAGTGTTGAAAAACGGTCATGCTGTTGCGCAAAAGCGGGGCCTTTCATCATGGTCGTTCTTGCAGGCTTGGGCGCACCAAAGACGTTACTATCAAAGATTCTTCTTCGGTTAGTAAAAGATTGTATGCAGAGGTCAGGTGACTTCCGCTGTAACTGACAATTGCGAAATGCCGGTGCGAGGTCGTCATGTGGCTTCGTGAGTGTCAACTTCTGTACCGACTCTGTGGATTCTAGGTATCGGGCCACCCTCAACATCGGGGGGATGGGTTAAAGAGATTCATCGGAAGGTCTGAAGAGGTGAGGTGAACTACGCTATATTTGCGTGGTTCATAGTGTTCTATTTGTATAGGAGTTGATCCGGTACCATTGCATGGTTGTCAATAAATACAATTTACACCTGGTGAACAGACAGAGAAATCAACGATTGATCCCATATGAACTGAGAACATTCTGTGCTATTTCGCCTCTAGCTGATCCGGATGCTTATGTAGTTAAAGAAACGCGTGCTAGTGCACAGATATGATGCAAATACTTGTGATAGTCTCGATTGGTGAGCCCCCTAAGTTGTGTCGAAGGCGGCACGACCTATTAGGCGCGTACACGTGGGTAATTTAACTAGCGGCAGAATAGGACTGCCTTGGCCCAAGCTATTATCTTACACTAGGCCATTCCCGGCACAAAGAGTCGAAATAACCCTGAACCCCGCATGCAACAGGTTTTTTATGGCCATCGTTAACGAGGGATAGTGGCCACGCTCGATTAGACGAGACTGACAGCCCCTATTATACCCTCGTATAAAATGCGCCTGATGTTCTAGGCTATCCTAAGACTTCGGCATACGGATGACGTATTGTGGTGCTTCTGGGCTACACATCCTCCTTTCCCAAATACTTGTATTTAATGAAACCGGGTGGCAATGCTCGTCCCGATTCGTGGCGGCCGACCCTGTGAGGCAAGGTGAAATGGTCTCACATCCTACAGCGTA,1523,48.52,Escherichia coli
SEQ_459766,TCCCTGTTATGCGAAGTCATAACTATATGGAGCATACCAGGGCGACAAGACTAACCTGTTCCCGCGACGTTTCGAGCACCTTTAAGCAGTGCGGTTCTTCTCAACAGCGCGCAACAATTCTACTCCTTGTTCAAGCCCATGTTGCTAGGCTCAGGAGCGCTATATTCCGAAATGGGATAGGTAACTGTAGTATTGAGTGTGCATAGGCTGCTGGTTAGTTATACTGTTGTTGCAGTGCAGTTGCAAACAAGCTAGCTGATGACGATACCGCGCGTTCCATTCGCAAGAAAGATGAACGATACTTAGTCTCACTAGATTGCCGTAATCCCTGGAGCCGCAGAGGTCAGGACGTATGTATCAGAATCTTGTCTAGCGAGGTGTTCCTACAATGCTCGGGGAAGCTACCTCCATCGTCGTTCCGTCGAGTGTAAGGTTGCCTTCTAGGAGAGCTATTATCGGTCACTGACCACGACCCGTGATGGCAGGTAGTGCTGGCCCTGTGGACGTGCCTGTAAGGCTGCGACTAGTAATGACACAACTAATAGGGCGAACCGGACGCAGTTAGTTTCGAAGACACGTGAGCACGAGCGTTTATCCGCATATGCGGTGGCACCATCACATACCAAGTTTATAGGTCCCGGGGTTGGCCTCGATGGGAAAGGGTCCATCCTTGGTCACGGCTCTGGTTACGATGCAACCCGCTACTCCTCCAGACCTGGTAGGGTCCGAGTATTGGTTGACTGTTAAATCGGCGGGCCATCCGGAGCCCCCTATCTATGTGGGTTTGCATTTTACCTAAAGCGTGATGTGAGCCGGTAAATTCACGGGGAGAAATAAGCCTGACGGCGAACATGATCGATCCCATTGATTATCGGCCACTCGGGACAGCGATATCAGAGGGGTAGTTAGGCGACAAACATCATCCTCAGGTGTACGTGTCGTACGCGTCCACCATTACGCGAAGGCCAAAACAAGCGCCTGGGATCGCAGTATGTACTTTTATTGAGGGGATATACTCTCATGAATTACGGTATTGTTGCGCTGGGTGGTATCGATCGCTCAGCGACAAAGCGAGACCGTCGGTTGTCGCGATATTAGTAACCATATTCACGGCTCGCT,1119,51.21,Homo sapiens
SEQ_674933,TCCCATATTTACCTGTCACGGTCTAATAAACTCTTTTTGAATCCCTAGTTCGAATTTACGGGACGTGCTTTCAATTCCCCGAGCATGGAATCTGAGATCTTTCAAATCAACTCTTCCTCGATTGCTGTGCGGAGGCTGAGAAGATGAATACCGAATTACACTTTTTATACCCGGATCGAAGTAACCGTTCAGACTGAGAACGCCTGTTCATTTTCCAAACGAGCGCCTATGGTGGGCTAGTACTGGAACCAGGGTGACTGCGCAAAGAACTCGTGGGGTAGCCCGATTCATTGGTCCATACATCCTAAGGAAGAACAGATTTCACCTTTCGAGTAAACAACATGGTTCTAGCCAGACGGGCTGAAAGAATAATGTGTTGGGCTGCGGCTTGCGATTTCGAGAAGTGACGGACGTCTGCCAGACAACTGTCTAACGATTATAATCATA,447,45.86,Saccharomyces cerevisiae
SEQ_646259,GGCTATGCTCCAAACTCATATTCTAGTTATGCACGAGACCGGCTTCTTGGTCTGGCCTGTGATTCGCGCCGTTGACGTAGTGGTTTGTAGGAAGTTTGGTCCGGCTCGTGCATTTTCATGCTACACACAATTCTGCGCTCTGAGGGGAAAATGGAGCCCTTAGGGCGTGATGCATAACCGTGCAGCAGTCGGTCTCAATTCAAGTGAGCGTGGTTGCCCTATTAAACGCGAACCTTGGAGATTCAAATTGAGCGATAGTATTGATGCGTGCGGTGTCGGGCCTGCGAAACTCAACGATCACTGCCGTCCTGTCCAACCAAAACACAGAATAACAATGACGCTTCTGGAGGTTTCGGACCTCTCGTCCCCTATCAATCCGGCTTTCCTTGCCAGAAAGGTACAGACTACAATGAGGCCGCACATATCATACTCAGGGGTCCCTACAGAACTGCCCTTTGATGTCCATTGCCGTGAAATCCACACAATATCGATATAGCATAGAGACCAGTTTTTAACGTTTCTTATGGCTGGGCTCTTCTAAATAGTAAACATAGAGAAACCAATTAGTGCCGTCTTCATAACCACACCGTCGAGGCTCTACTGAATTATTCATGCTTTTCTGTACCGCGCCTACCGTTGTCCTGGTTACCGTACGACACTGACCCTAAATCAGACGGAGGGCCGCATGGAGTGTCGGTCGCATGACCCTCTCAGACAGTGTTCATCGTGCAAGGGACGGCGTCCGCTAGAGTAGCTGAGATACTCCTCATGCTCTGATTGAAATCAAGATGACTCGAGGACACCGCACAGCGGAGATCACCTATTTACGGCAATGCTTCAGCAATCGATGGTAGATGCATAATACGGTGAGGGCGTCTAATTGAAAATGTTACGCAGGGTGCTTATCTACAATACCCTTTACGGTGTGACAAGGTATCCAATTATCAGATGCTTTGAACGGCACCGTCCTCGTCTGTATGTCTGCGTCCCATGGCCAAACATAGATGCGTCACGCAACACGGCTGATCTGATTAACGGAAGATCAGCACCGTACAGGGTTACATTCTCACGGGTGCCTCTTGGCCTGTCATTACAATACAAAAGGTTGACTGGATCAGGTGATGCGACGTCAGCATCTTCAAATT,1145,49.08,Saccharomyces cerevisiae
SEQ_286055,GTGGACGCTGGCCCCACAGCTGAATATTAGGCGGGGACGTAAGTCGGTCCGATACGCCATCAACGCGCATCCACAGATAATCAAACAGCTGCGTTTAGCTGAAGTGGCTGGACGCACTTATAATTATGGCCATGAAGTATGCTGAATGTATATGCTGTAGATCCCCTGTGTAGCTTTATGTCTGGGTCTTGCGGGATGCGGTTAGCCCCACGGAGCACCCTGAGGTGCTGAGAGGTCCCTGCCCGTTCCGTGAAGGCGTCGTCGAGGCTTCAACTAGCGAAGTTAATTAGTGACCTCTCGGCCTTGAGCGC,311,54.34,Arabidopsis thaliana
SEQ_752928,CTTGGTTGTTCTGCTAATCAAATTTAGAAAAAAGCCCAAAGCAATGTCGGCTTGACACTGGTCTTTACGCAACTTCGTGCAAACAACGGTGGGCCGCGTTCTAGCAGTGCTATCTAGGGGCGTAAATTAGAGCAGGAGCGAATGAAGTGACCGTTTAGGCGAGTCGGAATTGAGGTAATA,180,46.67,Caenorhabditis elegans
SEQ_455048,CACCCGTATTAGGTGTCTACATCCCCTACTTTAGTACGAATTCCTCTCCCGAAAAAACAATTTTGCTATCGTAAGGTGATGTCCTTAAGGAGTAGGTTGGTCACCGCCATATTAATACGGGACGGTTACACGCGACGGTGGTCGGCTCTCAACGCGCATACCGTGCCTCTACTAAGTTACCGGATTTCCGATCCCTATCTGTTTCAAACAGCTATAAAGTAACTAATAGCAGCGTTAGCAACACTACTAACGGTTCTATTCGTTACGTCTTACAATCAACCCGGCGCGATTGCAGATTAGCGTTGACCGTTTTGGCGTAGAGGGTTTTCCGATCTAACAGAAAATCATCTTGCTGCGGTGTGAGAAAGTAAGAACGTGGAGACTAAATTCGGGAGATTCTAGACAAAGCCGACAGGTCCTGTTCAAACATAAGTTAACCCCGACCTGTAGTCCGGTGAGACTCCGCGACGTAGCGAAAACTGAACCTCACGGAAGATCATCGATGACAACAATCGCCGATAAGAATCGGAGGACTAGCAAGGTGGTTTGGTATTAACAGCGAGACGGGTAGTA,573,46.95,Homo sapiens
SEQ_795591,AGAAGTTAGTTCAGGAGTAGAGGCCCATGTTTAGGTAATGCCGCCAATGCTGTGTGTAGCCCGGTGGCTCACGATTACTTTTGCTCGATATTCCGATTGGCGATTAGGGCTCCTACTAAAAAATGCTGTGCACATACGAGGGGTTTATGACATACGATAGAATTCTACTGGCGCTCGACCGGTGCTAGCCCACG,194,49.48,Mus musculus
SEQ_362809,TAGGTTACCACTGATCAAACAAGCCTCTACGCAAGAGAGATTAAGCCCGACCTATGAAATAGCAACGCACACTTCTTTGTGTCAGATACTAAAGGGTATTGTCTGTAGCGATACATGAAACTGAATGCACCACTGCGGAGCATAAGTATGGTGAGACTGCGACTCGTCGGATGTGCACATTCTATCCGACCAGGACAACTGAGTCATGGTAGACAATCAACTTTTAAGATGCGCAGTACTCTGAGGTCTGTACGTCGTAAAGAGCTAGGCGAGACCTTGCCCGCAACCTCGTTGAGTACTTCGACCATACGCACTTGTCGCCCACTGACTATTTGCCTGAATAGAGGATCGCTCACATCACTCCCGCGAACTAGTTTGATGCCACGCGTCTACGGTACGCAGGTACCGTCGAATTACCTCCTAGGTACCTCCGGTTCGTTGTTCCGGCGTGGGAAATATCTAACATGGGTAACACAGAACTCCGCAAATCAAAACGAGACGGGTGATCTACAACCATTTGTCCCAATATTTGGACCGCTATATTTAGGGCACTCTATGACGTATTAACATACCGATTCCTTTGTGAACATGGGGCTGCCGCGCCCACCTCTATTGAGAACCACAAGCGATGAGGTTGCTAAACATCAGGTTCCCGTTGAGTAATAGCTGTCCTACATGACCCCGCTTCTTTATCGTTGTGCTTGGTCGTCGCGAGCGCAGCTGAATCATCGGGATGGTCCGAGCGACGCTGTTCCGGACAATTTCCGCTAGTGGTAGGTCTAAACGATCCGCAAGGTTCCGGCGCGGGCAGAGGTCTCTCCCAAGCGCGATGCTGCCTCGCCGGCGCGACTTGGCTTGGCGGAGAATTCAGACCTGTCGTACATACTCTGACGTGGTCACAGGCGAGATGTGGATCCAGGGTGCGCTATCTGCGCCAAGGTTCTTCGCCCCCCTGGTTTATCCCGGTGAGTCCATCGGGCGTCC,984,52.13,Escherichia coli
SEQ_663850,TTATGCATCTCAGCAAGGACACATGTTTAACAGAAACGTCGGATGTTTGCGCAAAGCCTAGCTAACCGCAGAAGGACATCCTGTAAGTCGAGGGAGTCTTGGGGCTAAGTATATTGCCCGGTTACTCGTCAAGGTTGAAGCGCTCGTCTATGGCATCAGACATGTCGAAGACTTTAGACTTAGCTGAGGGAACTCGAGTCCATGTAGCACCGGATTAAAGTCCTAGTCGTTGCTAGTGCCCGCGCGTATCCGACTGTAAACGATGTAACCTACGATAATTCATGTACCGTGCTGCCTAGATCTGCAATTGGAGCCCCGGTTCATTAACTGAGCATAAATCCTGTGGCCGACGTATTAAGAACACGTTTTTAATGTTAGGAATCCGCAACGTACATTTTGCTTCATCACTCGCCGATTGATATGTATGGATTTTTAAGAATATCTGGCTTGAACAGCTGGCGCGTTGGCCTGGAGTTTAGCAGTCCTCTGGATCAAAGCTGATGGAATTTGGTAGCTCTTTCCTTGTCCCCGCTGCCACGTAATTACTTTAATATTTTTTCACATATGCGAAGACTAGATCGAGCCATGGTAAGCTGAAACTATCTTAGGCACAAATGCGACAGGGTGGTCCGGCTCAAAGAAGTGAAATTTGCATTCTTCCCCCAACCACCAAGATTTGTAGTCGAGGGTCCCAGACGATCCTACGGGGAAGATTGTATATCCTAATCACCCTGGTCGGGGACTCTCCGGCCAGATCCAATAGCGCCAGAGCTCTGCTAATATCGAGGGATTAAGAGGCTGACCCGTAAGTTCCTCGACACGCCCTAGCTATACCACTTGATCACTGACTTTATGTGAGAGGAACGGTCTCG,872,47.59,Homo sapiens
SEQ_214621,TACCCTTACTGCCCGGCGAGACCGGTAACGATCCACTCATCCATTTTCACAGGTTATTTATAATTCTGCTGGCGAGCTTTTGCCTCGGCCTAACGTGTTGAGTCAATTAGCCCGATCCTACAGGGAAACATGTGCGGCATGTAACTCAAGTCCAGGTAGACTTTCAAATACAACGTGTCTGAGGTTAGATTGGCTTGCAATGTCAAAGATCTCATGACGTCTCATCATGGCTAAGACATGGTCCATTCTACATAATGTCTTCCGGAGGTGGTATTAATCTCAACACACTGCAGACTTAGAAAGTACCGAAGACGTAAGTATCTTAAGGTTGTACCGGCGGTGTTGAATCACATCCACGCGTGCCACGCTGCTTTCAGTAGTTCACGGCAGCAGGTGTTGATAGATGGTAGATATCCACTCAGACCAGCCTGGAGGTAGAAACTACATACGATTAGACAAAAGGTGCTCGTCCATAACTTGATTCCTGAACGATTGTCATAGAAGCCTAAGATGACACTCCCGCTCCAGGTACATGTCTGCCTCAGCTTGACTTTTGAGGTAGGGCAAATTGAGTGGGATTACGTAGAGAGGGGTTTCTTAGCCTTTAAGAACTTCGGACCTCTGATGTATTTTACACCACTCCGACGCACATCAAATACTCTCGATTTTACTCTAACGCAAGGGGTAGGACCTCCAATTATTGGACAAACTCTGAGAAAGTAGGAGGGGGTGCGGACGAATCAAAAGTACGTACTGACTAACTAGATCCTCAGAAAACAGGGCGTTTACACTAACCCCATCAGCATTGGGGACAACGTCGTTGTTTTAGGACCCGTCCCTGACGGGAGACGGGGCCACTTCGGTCTTATTCAATAGGGAACGGCTTTGCGCACTTCCAGAATATCCGAGCTGGCAAGTTAAGAAAACATGCAAGGCAGCAGTAGAGAAGACCACCGGACTCAATTGAGGCCTACAGATTAAAGGGACGATTAATACAGACCACGTGCGACCGGAAGTTCTACAGCAAAATATCGTCATCAAATCTTTAGCAACGAGGGGACGGTTTGATCGGGGAACGCTCTATATACAGGCTTACGCCGAAGTTCATTTTAAGCGGGTCCCCTGAGATCTAGGAACGCGTGAGAATCTGAAGTCCCGCCTCCCCTTTTTACCAGTGCTGCTAATGAATCTAGCGCACAACTCACATGTCATAGTTAGATTCTGTCCTTGAAGTCGGACCCGTTTCATCCCGTGAGATTTCTTCAAAGTGATAACTCTAGTACGGCATACCAGGTGAAAACCGGAACATAGAACGGCAAGGCACATCCCAGTAAGTACTCGAAGATGTTTTCTCGTTTGCTGGCCTGTTCTTTGCGCTATAGAGAAATCGTTTTCTGGTCGTAGGGAAGGCCAAGTATGGCGCCGACCACTAGTCGGTGTTAGCTCTTATGAATGAAAGAGTATACTTAAGACAGACCGAGTTGTTGGGTATCTGAGTTTCTAACAATGTAACGTCGTGCGCAATTATTGTTCTGGACCAATAGCATTACCGGTGTACCTGAGGCGTCTCACGGCACCAATTATGTCCCCAGTCAGTGTGGCAAAGC,1607,47.17,Saccharomyces cerevisiae
SEQ_165635,TGATTGTTCGTTCATGCGCTGTCCTGCAAAAAATTATCATATGGCCGGGTTGTACAAAGGAAACGATCCAGATGAGGATTTACCTTTCGCGAGTGCTAACCCTCTGAATCGCAACATAACGATTTAACAGGTAGACCATGACCAACGGAAATGCCCATTGATATGATAAGCCTCCGTCCCGGGAGACCTGACGCGCAGGAGCAGGGCGATACACCGGTTAACGAGCCTTTCTACTGCGGTTGTTATGATTTGTGAGGTCCATGCGCGTGATGCCTCTGAGAAACCTGATTCTCCTACTATTATGTAAAACGCTTCGCTTTTAATCGGCTCGATCTCGCATAATGCGGCGGAATAGAGTGCTATGGGTGGATTGTTCTGTTGTCGGCGATGTCCCACTGACAACAATGCACGATTCTGGATCCGGAGCTCTGAAATCCCACACACACTTCAGGAGGCTGTATCATTACACAGGGGCTATGCTCAGCCTCGTATTTGTGTCAGTCAGAACTTAAACTGAGTCAAACTTATCCTCCGGGGGTTCACGATGCCAATGAGTTTTCGTTTTCCCATTGTCCGTCCCCGACGTAGAGAGCACCGGTATTAAGCGACAGCAAAGGCTGCACTCAGCCCTGGCGCTAGTGCAACACTGCTCTTCTTGGGAAATAGTCAACGCCATACGTACGTATGAAGAAGCCCTCACCCGCTGTCTACAGAATTCCTAACCGAACAGGAGGTGAGAGACCTAGGGGGTAAACGAGCCATTGGCTCGGGACAAACCAATTAAAGTGATCATCACCCACGTGGCTGGGGCCATGTGCTGTATCAACCCGCAGCGATTTCCTTCTCAGCCCGACACGCAACACTAGTACAGTGGGACGCGGCTGGGCACCATGAAGTCGTTGTAAATCGGCGCCAACCTACCTTTCGGACACGCTTTAGTGTCTCGCCGACCTCAGCCTACTGCTAGTAGCGCCCAGATGAGTCAGGGGAGCTTCGGTGGGCCGCCCCATCGGCCTTAGGGATTCGGGTACTAATGCACCGTACTCAGTGTTGGTGTAGGCTCGCCAACAAAACCGCAAAATCGTGCCTTATAACAACCCAGACAGGCTTCAACCAAATCAGCGTAGACGAAGAGATAAGCCCTAACAGCCTGGAGCCTGCATTATGTCGTTTTGGCTGTTCACTCAAGATGAGCCAACTGTTCACCTATCCGGTGGAGCTCGTGAAGCACACAAGGAGGTAGGGACACTTATTTTGGGGACCTACCTTCCCCATACACTTCTGTCAGTCAACCCGATGGTCCGCTCCCTACTCACAGTAAACAGAACGTGCTAAGTCCAGAACTACAAGAAGCAGAACGCCAATTTGGTCAAAATTATCACAAGTCTAACGAGCGCAACAAGCAGGGATTGGCACAAGTTACAGTAAACCTCATCATACAACTGCGTATAATATCAGATCTTACTACTGCGGCACGCGAATCACGGATTAGTCCAAAGCTACCATAAAGTCTAGGTCGAGAAAACTCCATTGAGACGATTATTTACTTGTGCCAAATCAATACAGCCACAAATTTAAGCTGAAGAAAGCGGTAAGTACAAATAAGGACCTAACTGTAAGAAGCACAAGAACGCTGACGCTGCTGCCAGCGATGATACATAACGCCGCCGGGTGGAAGATCGAACTTGATCTCACTTACGACCAAGATCTCCGACCTGACAAGGGAAGATTCGTTCTCCATATTCCCTTAAGTCGTTGGCGCGATTAGTCTAAGTACAAAAACATTCGGTTTCGATAAACTAGAGGTGGCTCTTACTAGCTCTTTGGAGTAAGCGTATCCGCGAACTTCCCTTG,1854,49.35,Caenorhabditis elegans
SEQ_178974,TTTCGTGCGTCCGTAAAAATAGCTCTTCGTGGCTCCCGGCTTGAAAAGTACTGACTTGTATGACTTTCGACTCATGCGGGATACATGGTTTCAGCGGCATTAAACATTGGCAAAAGGATTCTATCCACGAAAATTGTCTGCATATAGCCCATGTAAGAAACTGTCGAGGTTTCTGCTATGCGCGCACTAGCTCAAGTTGTAATTCATCATGAACAACGAAATTTCACGCGAGGGGCAAAAGTGTAAGGGTACTCGTTCCTAGACCAACACAACTACTATACATTCGATCCGAATTCCAGCAAGGAGCTTTATAATGATCATTATGGCTCTGCTTTACTCAGGAATATTATTAACGAGTTCGAAGCGGGCGTAGGATGTATAACGCTGTCGATCGTGTTTTAGAATCACGTGTCACGGATGGCCTACGCACACTTGTGTGCTCCTCTGCGGACATATGTAGTCATCAGCCGAAGACTAGGGATGCGAGCACTAGTTTGATCGAGTTAGGAAATAGAGATCGAGGTGGTTCGCAATGCTTAGAAAAAGTGTCGGACAACAGTATATTATAAGTAACCCGATCTTGGACCACTTTTATCATAAAGATATAGTTTAAACGTCGTAGATACATGGACTGGCGGACGGTCCGTTAGTATCCTCAAGAATGGACATTCGTGCACCGATTGAGGTATCAACGTAACTCACTGTTGGTAGATCAAATGCTGTATCCTCTGAACTGAGTAACATAAACATGGTCGGAATCTCGGTTTACCCGTAGACGACCACTACGCGTTATGAGCGGGAGTAGCGTCGTGGAGCGCTGCCCTGATCAACGTTACCGTACCAAGAGTAAGGCGCGCTAGCCCAGGGGAAACGTCCGAGCGCAGTCCAGAAACGTCGAAAATCAGCAGTATATCGTGACCATCATTCTAGACCTTCCGGGCAGTCGCTCGAGAACCCGGTGCCTGCTAGAATGGTACAACATGCCTCCATATGGCATGCACAACTGAGGGGCGGATCCGACTGATCAAAGGACTTCAGTGTTACAAACTCGTCTCTTGAATCACGGTGCGCCCTGGACTGACTGATTATTGAATGCTTACCCAACTCTGACCCCATTAAGAGCTTCATCAGTTCAAGCTGTATAGATCCCCGCCTCGACCGCGGTCTTTATAGTGAACGAATAGTCTTGGCAGCCTTTCCAGAGCGATGCCAGCGCACGCGTAAGAAACCGTCGCGGTAACTCCTATTTATCAGAAATAGTCTACAACATGCATCATCGATCCTGCTGCTATACTTCTCCACAACCCCACGAATTGAGTTTGGTGTAAGGCAATGGCAGCATGACAAACCACGACGCCCCTATCAGTAAGCATATGCGTACTGGCACTCTGTCCTTCCGATTAATGATGCTTGATCGCGAACCTGTGGCCGATGGTACCCAGTGACGGTTGAGATGCACCCAACTCCCGGGCCAAGTACTTAAGATCTTGCCTTTCATGGCACACGTATCTCTACAATAAGGGTTTCACCTTGCTTTCAGTGAAACACCAGTTGGCGCCGAGTTGAGTAGAACTTCGTGGAACGTCTCCAGATTACCCTCTTACTCCTACCAAGGACAAGAACCTATAACGTTAGCTCCGCACGTGGTGTGCTTGAGGAAAACGACCGGTTCATGTATAGATTATATAGACAGGAAGGATTAGTTAGCCTGATTGCAGCTACGCATTTCAGGTACAGGGACGCGATCAACATCACGACTTTCGCAAAACCCCCTCAAACCAGCGGTTTGGGAAGGGTGTAAGAACCCATGCCTAAACATACTCTGAGCGGATCCCCGCCTCTTATAAGTAACTCATGGGGGGCGTCGCCCATTGGGTTCCACACGTGACCGCAG,1894,48.15,Arabidopsis thaliana
SEQ_146413,GTTTGAAGACACTTGCTGACAAATCAGACGCTCGTTCGACAACGTCAGAAATTGCATCGGGACATACTGACCCAATATCATCGCCACTATGTCCATCAACTTCCGCAGAATGCGGTGAGCAAGCGGATGCGCCACAGTGACCCTCAGAAGGCCAGACCCCTTCGCCACCATCACCTGGCGGTTTGCGAGCGAGTAGCTGGGGACATTCTTTTAATAAGCCCTTGTAAATCAGGTATGTAGACGACCCCTGTTGCGGGCCAGTCAGATCCTTTCTTTAAGGGGTGGTTTTGGATGACTTACACTGTAGTGGTTCTCGGATTGGGCCCCTCCAGGGTGGTAGACAAATGCTATCCACGTTAATCCCTTCCTCTGTCTCATATTAAGGCGGAGAAGCGATGAACTGCATAGATCAAGTCGACTGTGGGCTTGAACTTAAACGGGGAGTCCGTGGGCAAGTGCTAAGCCTACCTCCACACTTGCTATTAGGCCTTGCGGTGCATAGGGCACCTCACCTTGTACAAGTCCGTAGGTCTAACTTCGGAGTTTCCAACAACGAGCCCGGAAATTCGATGCTGAGTGCATGAGGTTAGGATTGGCGGAAGAAGGGTCCTTTAAGCACCAAGTCATCCATCTTGTCGTTATGGTGCGTCGTTGCTTAGCATATCGTGAATGACTCGTGGCCGGTGCAAGGCGGAAGCTCTCGACCCACGTGGCAAACCAATTAGACGAAAGCAAGACTCAGTCCATCGGTACAAATATCAATTTGATTCATAAGAGGTGAAGAGAAGAATTGGTACGAGGGTGCGCACTCTGTAATAGACCTTCCAGTCTGAGGACATGCTCGCGATAGTGTGGAATTCGTGGAGAGATGTCACAGTTGATAATGGGGGAAACCGCAAATAAGCGCACTCTTCTGGGTACTGATCGATGCGCGACCGGGCGGCCATTTCGCCTTGCTATGCGCCGTTCCCTCGAAGGCTGGGTTGCAGGGGGGCTAACCACTTGGTTGACGCGACAAAATTGTACCGCGACACCAGAACGGGCTAACGTGTTTTACGA,1059,51.46,Saccharomyces cerevisiae
SEQ_278860,TCACCGCCTCGGACTAGCTCACAACTTCGGCTCACTGCATGAGCTGGGCGGTCTTCTGCAGTGCTAACGTGTCATATCAGCCCTCGTCTATTCTCAAAGGTGCCGCCGCACCGGGATATTGTACGCATTGTCTCTCCCGTTGTTAGGTAGCATATAAGCCTTACCGATGCACTGCTATAGCCTTCTCGTTTTTCGCATGTGGACGAATCACCTTCACTGCTCAAACTATTGCAGGGTGATCGTTATTAGTGATAACGGGTTGACAAACCTCCGTCGAGTGGGGAGGTAAAGTCGTATCCGGCCAATGAACTCAGGCCCTACTGCGCCTCACGGATAAAGTTATAACGTTGCTCTCCCGATTCTCACAATCTCTACAATCTCGGTGTGCGCGAGCGCGGAACGTGAGCAAGAGCTCCATAGACAGCCTTATCTGACGTCTAGTTGTGCTCAACCAGTGAAGTCTAACAATTGAATTTTTACCGCATGCATGTTGCTTCTCTTAGCTACTACCCCCTGATCTTACATTATGGCCTTCACACACCATGGTGTGGGAAATCTCATAGGCTTATTAAGATTACATAGCTACAATTGTCTTGCGTCTTGACGACGTATCGTGACCAAAAACATCATTTGGATAGGGGAGACTCAATAGCGCCCGTGGCTATACCATTTTGTGTCATTTCTTCGTAATTCTACAGATTCTGAATCGCGAAACGGTAGTACACGTGCTCCCATCGGCTGCAACCCACCTGGACCTCAGCATAACGAGGTTGACCACCAGATGTTCTATTGGTTAGGGTTCACGTTGGTTTTAGACCTTCAATGCTGGGGGATTATATCTTAACAGCTGTCCAAAACGGGGCTGTCAT,869,48.22,Homo sapiens
SEQ_491396,GTAGGGGCTGGCTAAGGTACAGCGGCGGCTCTGGGTGGCCTTTCGGTTAAGTAATCCTAGTGCATCAGTCCCGTCTCCAAGTGGTACGGATAGACAGACAACTATTATCTTTCACCGGCGCCAATCTATTACCGGAGAACGACGTCCTCCATGCGACAATGCGCGGCCCTGATTTTCGGAAAGGGAAATGCACCCGCCGTTCCCCATCTGGTTAACGGCTCAACAGCAACGTCTAAGAACCCGCGAGTGTACCATCTGATGTTCTTCGTGGGACCAAATCCTCAATGACAGTCGTCTCACGGGTTGCCTAGCATCGCTCCGACCCGCAACTTAAATATACGCCAATCTATTGCCATAAGATCCATTAACGCGTGAAGTAAGAAACTTGAGCCAATTTCAGCCACCCGACGGTGTATTAGATGGCGAGTGACACCTATGTATCCCGTCATGCTGGGGCGACCCATGTTATAGGAATCATAGATACTATGCTATACATCAGGACTGTTTTCCCCAGACTCATACTCCGCAGTGTTATCGTTCCTAGAAATAGCCAGGGGTGAGACCACAGAACAGAGCGAAGTTTGGTTTAGTTTACAACCACAAGGTAGACTGAAGCTAGATTCATCGTAACCCTTGAGTTGCCGTCAAACACCCAGTGGCACAATCTTACACCAATGTACAAGGGCGCTACAGGGGGCGTCATGGTGCTATGAAATAGGCAACGGTTCACCCGAGACACGCACCCCCATGCCTCCAACCAAGGAATTTCGCTTATCTTTAATGGAACCGCTTATCTACTGCCTACTGCTTCAGAGCTCTCCATATGGCCCTGATGAGTGTCACGATGCCAGCGAATTATGGGTCAAGAAATACTTTTCCCGTGCGCTTGCTACTTACAGTATGTAAAGAAGTGCAGAATGAGCCACACGTTTTCCTGCTACATGTTCTAATCACGGCCTGGTAAGGCTCCGTATGATCCTTCGCACC,987,49.85,Homo sapiens
SEQ_939338,TACACCTCTGGAGTTTGGGATCGCTTTTACACACCGGTAGGGTTACATAAGCGGAGAATGTGTGAAGTGTTTGGTTTAAAGGTGTCGTGATCATGACGCCAATGGGGACACCTCCATTTCACATTAAACTCTCGGTTAATGGGATTCTATTTAGAGACTTGGTAGTTATTCACGCGTATAGACGTTGTCCGTCATCCTTAAGGAATGTTCGACAACTTCAAACCAAATCTTAATACTGGCGGTCATGAAGGTAATGAGCTGGTACAGAACCATTGCGATCCAAATACACGCGATTTCACTCGGGCAGGCTACACCCTAAGTCGTAGCAGGTCACACACCACAGACACTTGCTCGGTAGACTAAAAAGTTATTATATGCACATTAGGTTCGACTCTCGAGGAGTAATGCATGATAATTAGACTCATGCTTGTACTACTGTCTGGTTGGGTAGCAACCTCTTTATCTTTGGCCGATCTGACTTAGCGTCAAATGGCAGAGAGGTACTAAGGGCAGAGATCCGACTCTCAACTGTCGAGCGGACGTTTTAGGCCCAGTGCCTTACCTGGTTCTGAGCCGGCCGGATCAAGCTTCCTCTAGCTCTTGCGGCGCACAGTCACTCTACGTCCGTATCGCCTTCAGTACAATAAAGGGCCTAATAAGAGTTTCATTTGCACTCGTCGGGAGATGTCGCTCTTCCCACGTTGTCTGCGCAATAGAGTGATGTGCGACCGCTTACAATGCTTCTCCACGATCTACGAATTCAGTTTCCATCCGACGTGACGAACCGACTATACCCTATTCAAACGTTTCACCTGGAGTTGATGCTGACTCATAGCCTAGGCAAGCGACGGACACAGCTGAGCATGCCCCTTCGAAGGATAGACGAATGGTGCTCTATACTACACGTAGACGATTCAACAGGAGCGCGAGTAGAACGGGGGAACACTGGCTAGCCCCCCGAACGAGACGGGATTCTTTCTGGCTAAATACTACAACGTCCTGTGGCGGTCTCGTCTATGTTTTTCTGCATCACCATGGCTCAGACGCGACATAATGAACCTAAATTGATGTGCGGGCGAATATGAATTGCGCTCTCATGTAGTAGTTAGGGACAAATTACGTGAGGATTCTCTCCGAGTAGTGATAACAACACTGTGCGGCAAATGTGTAGGTTTCCTTACACAGCGGTCTCCATAGGCATGTATAGTACTCGCATTTAGGTAATACGACAGGATTTGAGGCCCGACGACACGCGCGACCATTCGCAGATCCGACAAAGTGGTAACGAAGGTTACTTAAAGTCATCCCTCTTAGTAGTGAGTTATGTCGTGCACACAGGTAGGCTAATGTTCAGCGGGGGCGAACGCCCCATCCAGTGTACAATTCAGGCGGTACCCTGACGTT,1404,48.43,Saccharomyces cerevisiae
SEQ_692221,GCCATCTGGTAGGGTCTCTTCGCAGCGCTCAAGCGCACGACGCATCCGGTGTACCTACCAAGCGGTAGAACCTCGCGCAGTATGGGCTAACCAGCCTACCGTGCTTGAATAGTAAAATCAGGACCGAAAGAAACCACAGCACTTAAGAGGCGGCGCCTTAGTAAAATACGCCAGCCGCTGCTACTTTTTGGACGTTGTGGCTTTGGGCCACCGTTTCGAGGGTCTATGTCATTCACGCGGAGTAATAATCAGGGAGTAATCATCAGATTGTGGCCCGAGAACTAACGCAAAGATATGTCCGCGTCCAGCGCATACTATTTCTGAGCACATTAGCGTAAACCTTATTGAAAATGGATCCCCGTGTGGTTTTCTTGCCGCCGATACTGCAGCAGAATGCCGGTCGAGATGAACGAGCACTCCGACACAGTTGGCATGGAGATCTTTTCCCAAGTCTCGCTACGTAGATCAGCCACCATAGGTAGTCCCACGGCTGCGACTATCACAAGTT,508,51.77,Escherichia coli
SEQ_741971,AGATATGGCAATTACCCCCAGGCGTTGGTAACCTTTGCCCTGCGTTGTAACCGTCGCTCAAAACACACTAAATCATGAGGCTCATCTTTTATCGATCAATAGCAAAAACCATCAGAAAAGGGCCTCTACACTGTCGCAAGGGAGTGCTATGTGACTTACATTAAAGTGGAGGGACTGCCTTGACTTTGTTACATGTCTGGTGTATCCTCTGTCACCTCAAGAGGGCGAGAAGGAATTGGTAAACGGCTCACTTTGAGCCAAGCTCGTGTTAAGCTTCGAGACCAAACACTCACCACTTGCGTTTATTGCGTACGTGTGTGCCGGGCCGCCAGCTACCGCCCCGGCTCAACTTCCTACATAGAAGCACATTGCACCTTGTTGCGAAGCACTTTCTCGTCAGGAGGGCCATCAATGTTCCTGGGGATGAATCGCTCGCTTCTCGGAAAGCGATGTGATACAAACGAATGTAACGGTGCAGCGAGGTTTTCTGCCAACCGGGCGAAAAGCTATTGCGCGGCACGTTCTCTGGAGATCATGCTGTAGTCTTGTCACTCGGTAGTATGTCGTTACCATCCTAAAAGAGCCATATGATATCCTGTTCATTTCCTGTGTTTCTCGGGGCCCTAGCGAGGGGAAGAACCGACGACGAAACCATGGCTGGCACGTTTGGGCCCTCCCCCAGCGAGTTCTACTGGGGAGCCTGAAAGCAAAGAACCTTAGGTAAGCGCGGACCTCTGGGCGGCGCTCTTCATTGGGAGATGTATAAGGCAAAGCTTGTCCCTCTCGAAGCGTTAATATCGCTTTGTCCGCATAAATTGATACGGTATATCGAGCTACACGATGACGGGGGGCTTTATGGGGTAGGCCCACTAGGCCGGATGAAACCACTGGAGCGTGGGAAATATAATATCCCTATCAATCATGCGTTTCCTGACCCCTATTTGTGCCCAGCCGTGTGTGTGAACGGACACCGCGAATCGGATGGACGCCCATACCAAACCGGATTAGGCAGACGACTGATGACGATTGAACACCCTCCGTGCGCCACTCGATTCGCCGCTGGCCCTAGGACTCCAGAAGCCGCCCGGTAATAAAAACACGCGGCCAATCATCATCTACAGCAGATATAACTCGATCTGGTAATATTACAGTGGTAGACCCCTTAAAATACGGGACGCTTTGGCATGTCATGAAAACGGGATAGAGAGGGCAGGGATAAGTCACAACCCAGCTTAGACCGGAATTCGTGGAGCGATGTATACCGACTCTTCCAGCTGCAACGGGCGTCGCACAGCGCTATAGCACGCGGTATGATCTCGCAAAGATAAGCAATTTTGATCCGACTATGTGTGCTACGACTGTCCCACGCGCATACCAGTGGAAAGCTAAGAGGCGAAGCAAGATTGTCCCTCAATGCCATGCATGACGGTATACAATGCAGGTGGGAATACGGACAGCGCATAGGTGCTCTTTTCTAGTGCTAACTCTCCTGTACTCCGAAAAGCAGGCAGGGATCGGCGCACGAACGTATTCGTACCAAAACTGCCCGCATAGTGCGGTCAAACCTATCTCGGAGGCCCGGCCCGCACCGTCTCGTATCGGGAGCCTTTAAGTCCACCCCAGCGGGAGTGGCCGTAAGCGACTGTTGGTCCGATGTTGCGACACACACAGCCCTTAGTAACTCCTATCACTAATG,1696,52.06,Caenorhabditis elegans
SEQ_331757,AAGGTGCTAGGCGTCTCAATCATCGAGTTGAAGCGCCTTTAATTGGCGACCAAGGCTCTTTGAACTTTCCTTGTGTCTGCGTTCACCTCGACGGCCCTCGAGACCCGTTGTGGACAACCGATGTGGACCTCATGTGCGCAGACATTGTGAAAGTACCTGAGACAACAAGTGCCGAGGGGCTAATTTCGTAGGGTACATTGACACAATTGGTTTTTTATTCTCGGCATATAGGTTTAAACATGAGAAGGGTTTGTACATTCGAAGCGGGTTGTATCCAGAGCCACTTGCCTTATTGAGGGCTACTTAAGCGACCTCTCTTCTTCGTGCAACGGAGGTCGCGGTCAGCTTGCTATCAGAATTTTGTTGAACGAAGCTCGCTTGGCATCGACTCTTTGAACACTCGCTGTCCGCACCCGGCGGCGTAGTAAACATCAGCCCAATGGCCAAATCAATACTAATGGCCCGAGCCTGCTTACTAGGCCGGGCTACTATAGCTATTGCAGTATCTAATCGCTATAAGGAAACCTCGACGGCGGACGCCCCGTTCTTCGGGAGCTTCCCACGGGGGCTAATCGTTGCCTCGCCCATTACACTGCATACAGGCAGACCATGTAATATACTTGAAGTCTAGTTCTCACTGGTGAGGTAATTATTTCCGCCTCTACCAGAACTTTGCTCTGTGCTACCCGTCCTAAACACTTCATAGTGTAACGCGGATAAAGCGGTGAGCGTTACCTAATGGCATATTATAGGCAGCTTGGCACGTGGGTTTCGCACTGAGTTTCTGTATGAGTTTTCCTTCATCATACGAGCTTAATCATAGCGCGTTCTCTGAAAATCTGCCAAGTACTTCGAGAGTCACGCGTGAAAAACCAAGCTTCATCGGTGGGTGGGCCCGCAGGGAGTGACCAAAGGTCCACTGCATCCGCTCGAATACTATGCCGATAAAACATATCCCCTATGCCTAAGAAACATGGGAGTACTAGCAAGAAAGGAATTAAGATTAGAGCGGTTCCGCTCAGTGAACACAGTGGGCGGTTAGACCCACATCCCGCGAGAGGCGACCGGATTGACGCGTTGAGGTCGTGGAAGAGGCTTCTTTATTCGATAGCCCTTCCAAAAGAGTTCCTCAGGCGAGTGAAAATGGCACAGACGTCATGTAAATTCACGACTCTCAGATTTACGCGACACGAATACTTGCAAGAAGG,1208,49.59,Mus musculus
SEQ_502443,GTCCGAAGCGACTGCGATAGGCCTTAGTCGTACCCATATGCCTGGGCTTTGAAGAGCAGACCAGACCTGGCGTCTCAAAGGTCATCAGTGCGCCGTACGGAGAAAAGCACAAGTCGATCGATACGGGCGTGACACGCAATGTGTAAACTCAAAGCACAATTAAATTCCCGTTTAGTACACTCGCCGTCGCAGATTTTACCATCGCATTCGAATTCATCTAGTGGATAGGGGTTTCGTGGCCATCGATGAAAGGACTGACATTACTCCCAGAGCACGTTTATGAGTAGTTTCGCCTAATCCACATGGTCTTGTAAGGGTATGGACACATCATCCGCGTCGGGGTTCAAGGTTGGTGAAAAAGCGCACGTAAAGTCAATACTGGGCCGTAGAGAGCTGAATGGGCCATACCTTACTACAGTTGCACTACCGGCTCTGCTAAGCAACTTTGCTGTAGAGCCCAACTGGAACCTTTTAATCGGCCTGAGATTTTCGCTGCATTACTGGAATAAGTATCTCACAAGATATATATCTAGAAGACTCTAACTCGACCAATTGGAGCGAGCTTACCCGCCACCGCGATTTTTGCCCTGGGTCCAATGCCCATATTTCATTCTGCTCAATTTTTTTTGAGTATGAATTGCGTGACAACCGTGGCCGTATAATGAGATGGGCATCGATATATTCTTGGTGCAAGACACCCCATGAGCAACGTGAGTCGAGACATCAAGGCGAATCTACTTGCTTTGAGAGGCAGTATGTTCCCCGTCAACGCAAGGGGACGCTGTGCACCGCTGTAAATCGAGGCAGAAAACAACCTCCAGCACGGCGGTATTGGTGGACGATCGTTCTTCTATTGTCTGTGGTCAAGCCCGCACCGAGGACCGCGCGTTTAGAACGTGCGTGTAAACTGATGCATGCATCGCTCCGTGGGTTAAAGCATAGGTGGTACAGGACGACAAAGAAGCTCACTAAATGGTTCTGATTCCTCTCTCTGAGGTCTAAAACTTGAATTCAACTCTTCCGAGCACCGGCACCGCCGCCACGTATAGCACGCCATTTTGACACTGACACGCCCCAGGACTAGCATAATAGAGTATGATTGGTAATCCCGCCTATGCTGCAGAGAATACCGAGCGCGAAGGTTCGTCTCGATGCACTCTTGCGAGCATATCTACGTTCGACCATTCATCACATGTGACCAAAGTTTGCCTTTGGTCGCTCCTGAAGTTGATGTATTCCGCATACAACAATACCGCTATTCGGCACTGCAATCGGTCGGACGTTATAGCTTGAGTTACGTCGGTTAGTTCTGTACACCCTCCCGCGGGATACGAACCAAATCCTAACGTGCCCGTCCGCTGTACGGCATTCTTGACTATCAGAGGCGATTGAGCCGAAGCCTACGGACTCCAGACTCGCAGCTGTTGATGTTCCCAATTATGAGCAATGCAGTGTCCGGATCCCATGTGCTTACTTGGCGCTATTCATAGGAATCGGTGTCACATCGCCACGCTTTGACATATCTCGGCGGGCTTTAATTTATCTAACAAACCTATTAACGTGTTGGGGGGCCGCGTGTACGCCTACGCCGGTCTAACTAAGACTGACCTCCGTTGCGCAGCTAATTCTACCCCTAACCAGAAGCATTAGTCAACTGGGTCTGAGAGTACGAAATCCATATAACCGAATATTGTCGCGCGGCACTCGCTTTATACCACGGCCTACGTCCTAATAACTGATGAGGAGAGCAGTCATCCACTGATCAATAGTCCGACCGGCTTCCTCAGAGCCATGCTAGTCAGTCAGGATTCCAGCACAAAGGCGTACGCATCAGCTTGTCTAAGTTGAGGCATGCCACTGGATGCGCCCCCTCACCTTCTCGGAGGTTTCCGACTGCCGCTAAGCTCAGTTAGATGCACGAATTGAAAGCCCGGCCG,1937,50.28,Homo sapiens
SEQ_373713,GCTAAACGGCTGTAGGTGTCGTAAGTAAGGGCACGGTCGTCCAGCACGCTCTCATAGTGTCTCCTTGTCCATAAAGGGGTAGGCTGGACTCGCAGTGTCTGCTCTTTTGGCCAACTAGATTACAATTTTAGAAGGTTTTTATCACCGCTCACGGTGATGTCCCATTTAGTACAATGACCAAACTTCACCAAGGAGGTGAGGAGAGTACGCAGCTTTTTCGACCGTCAAGTGGCCTCGCCAGACGAATAGGTCCGTAACCATCAAAATCTTGGGGATATACGAGCAGGTAAATTCATCCGCCATCCCTGGCTCTTGAGGAAGGAGTTATGACGCACAGCATAGTATCCAAGGTGGAAGCTATGCGGCCTTTCACACACCATTAGGCCCCCAGGCGACTGAGTACTTGCCACCTTCCTCCTGATCTTATGAGGTTTTCCTTGCCACGTACGGGTTACTCCATGTTCCGTCGAAGCCCGAAGGTTATTGAACAAGCTCTCGACCTCAAGCAAACGCTTGACTCTTTCCGTCACAGCAAGACTGTGTGTAGTGATGTTGTGACCCAGAGACGGCATAATTTTGAAGAGCCCGTTCAAGTGGTCCCATCTCACAGTTCGTGGGAAGGAGCTTGCCGATTTTGACTTCATGGACACAAAAGCCGACAGAGGCTTATCGCCCTATAACCTCTCCGATCTCGGTAGTACGGTCTTTCAAGATTCACCCGCGCTCATGTCATTCGACAGGTATCCTTCAAACACTAGGGTAACTCCACGGCTTACTCATCAATGAGATCTAGTCCGTTGGAGTATAA,808,49.63,Escherichia coli
SEQ_240246,CGTAATAATCGTGTGACAGACTTGACGTACACTCTTCCTACTATTGGGAGAGGGTGCTTGGCAGTACCGTGCCCCAATAGTTGAACCGTCAGGCCTCTCTTATCAGATTAAGGCAGATAGATCGTCAATCGTTCAGGTACCCGCACGGGGGCAAGCGCGTGCTTGTCCCACACAATTGGAAAG,183,51.37,Saccharomyces cerevisiae
SEQ_224562,TAAGGCAGCCGTTAGGATTTGGGTCGGGTTTCCTATTCTACTCTTGAATTTGGGCAACAAATGCTATCTTATACGTTTACTACTGAGGAAAGGGCAATTTGGTAGGACGCCTAAAGGCGATGGACTACGAGGCTGATCATACTGGGAATATTGGGGACAGCCCCGTCACTTTGTGGGTACTTTGGAATTAGACATGATGGATGAGGATCCCACCATAAATGCAGGTCTCGGGACACAAGGTATTAATTAGTAGTACGAACATGTACCTAGGCCCACCTGGGAGGCTCCATTATTGCCGGATCTGACTGAGCTGCCAGTAGATCTTACTATCGTATAGATGTGAACGATAAAACTCGGGGCCCTCCGAAATTCGAACTTGAGGTTGTGGCAAAAGTTCCGCTGTCCCACGATTAGTCACAAGCGCACATCCTCCGGCACTTAATTACGCCCTGACTTCTTGTACCTCCGTTTGATCGCGCGTGCCCCGATAGGGTCCTCGTTCGACCGCTGGACAAAGTTTAACTTCTGCGAGTGCGAAATCCCAAAGCAATAGATTACTAAACAGCGTTACGGCCCCGTTACGTAAGGACCTGGGAATTTGAACCTCTTCAAAACAATAAGGGGTTATTGAGCCAAGCAGAAGAAGTTCCACAGTTGCGAAACTGTATCTCTGAGGCAATATAGCGCTCCTTGATGCCTGACAAGAGCTGATCGTGGGTGCAGCTGCTGCACTACCATCCCCATTTCCAACGTTATGTCAGCTCAACCGCTCAGTTGAGCGTGACACTGTAACTCAAGCCCGCGCTTTCAGGAGTTACCAGTGAATTGGTACGAATGTTGGTCCAAGGCTGTCCGTATAGCGTCGTATCCGATCTTCCCCTTAGCTTCGGGGTTCACGTTTAAGCGCGATGCAGCATGTAAGGTTCCGTATCCAAATTAGTATCTCGCGAAGACCCGGTGCTTGCCAAGCTACAGATGAAGGTGACGCATGTGTGCGGCTAAGTATGTCACCTCTTATGGCCTTTCGGTAAGCGTTGGGATTGTATTCCGCCGAACGTAGCAATTTGTGGGAGGGGGGAGTTA,1083,49.31,Homo sapiens
SEQ_991027,TTGGCTAACGACCCGTTGACTACCAGTACAGGCTGCCGAGGGGTATATTGGCAAACGACGAGCCCGAAAACAAGCACGGTTATCTGCCATCAAATGGTATGCATAGGACTGAAATTGTGAGGTCCAACTAGGAATCCTAACTTATCCTGCGGGGGGCTTATTTGAGGGTGCTTGGCTACGGCTTGGGCCTTCAATTTTCCGAGTTAGAACCACGACGAGCATCGTGAATAATTACGTTCAAGCCCTGTATTTAACCGAGCTACTAAGTTCGGAGTACCGAAAAAGTTGTCAGAAGACCCATGTAAAGGGAACCAGACTTTTTTACACACACGCTGGTTCCTGTGGTCGTAAATTAACTACAACCTGAGCGTCTGAAGCGAATGATTAGAGAGAGGACGTCCCGAATACGGCACGTCTATGGAACTGGAGAGTAGCTAAGGCGTACTCCGACTCCGTGGGATTGGACACTTTTTGACACTACTCCGCCCTGACAAACCCCCCAATGCGAGGGTCCCTAAATCCGTAGTGGGCCATATCCGTTATTGAACCATAAGGTATCGCGCGCCTCCTTGAAGACGTTCAACCCGAATGGACCGCACAGCTTTTCTTGGAGGGCGTGTCATCATGTATCTGTGTGCCTGTCTGAACCCTAATCCTGGAGGACTAGAACAACTTGCATAGCCTCAGACGGAAGCCAAGAAGTGGGTTCCACGCAATGACGCTGGAGTTTTCCCCTGAAGGTCCTCCCGCTTTAGTGAGTGTAACTCTGCGCCAATTTCAACTTCGGCCAGTCTACCGGATATATTTATCGACATCGAGACCTGTAAGTATCGGGGTACACCTCCTCCTCTCAGCTAAGGATTAGCAGCTAGTTTACGTCTATGCCCGACTTCCATAGCGTAGGCGTTGACGATGAACCGATGCGATGTCGGAGAGCCTATCACACCGACCCATCCGCTCTGCCCCCTACCATACTCAATAAACTAAGCAGTGTGCTCGTTGTCGGGCCCGTCGATCTAGATCAGAGCTGACTCTAGCTTCGCACCACGCGAGTCCTTTCCTCCCTGCATGTGCCCCGGAAATCTTCTCCCCGGATTAACAACTCAGGTTCGCCAATATTCCCACAAGTTTCATGAGTGGAGGCTTACTGATGACCACTTATATCGCGGGCCAATAAACTGAGGTATGTTTCATACTTAAGCGTATTCCGTACAGTATCGAGGACTTCTCCCCACACCCCCGCAATGCGGCCGTCTACCATCATTGTACCTGTCTACATAATCAGCGGGACTTTCCAGTTAAGAGGAGGGGAGGGACAGGGTCGGTGTCACGAACCCTATCGTAGGACTAGGCTCCCGTTGCGTTAGTGTGTCTGACTATCATAAATATGAGTGCACAACAAGGGATATGATATGTTATTGTTGCCGGGATATAGCGATCAAAAGACTCTCACAAGTAAGTGTTCTGTAGGAGCGCTTTAAAGTACAAAATAGGCGGCGACCTTCCTGGCTGCTTATTGATGCTCTTACGATCACCATGAAATTGGTGGACATGCGTTATTGAACAAGCTCGTAATGAGACCGCTCGATTATTAGATAAGTCCTGCGGGCCTGTTTCTCGTCTTGCGTCCATTGAAACGCACCTACATTGTGAATTGCGAGAGGATACTTCAACCGGCGAAAGGGGCTTGCTCCGAGCAGGCCCGCGACGTGCAGCGACTTGGCAAGGCATCACTTTTTGATAGGAGCTGAAGAATGTACGAGTGCTAGCGACCGTGTAGGACTCATAGCGGGCTCATGTGGTTGCACCTTCGTTTTGTGCATGGACATGGGGGTGTTTGTCATAGTCTGAACGCGAATCCGCAGAT,1867,50.13,Drosophila melanogaster
SEQ_617134,AGTGGCAGCAAGGTCTACCCCTAATGACGAACTGGATGCCGTTAGTCCGCGCTAGACAAACGGTTTTCGAATCCGCAGGAAGAACCACATGTCTCACTGCTGCGACGAAACCTTACAAATGATTTTCTCACGATCCCCAATCACCTGTCAAAGGGGTATTCTTGCAATAGAACGAGTGTAGCGAAGCATAGTTAGCAACTAATGCCCCACCTTGTAACACCAGGATGTTGCCGAATTGTTTTTCTGGCTGTTTAACGACGTACAGAGGGC,270,48.15,Homo sapiens
SEQ_849053,CAGAGTGTTAATTCCTCCCCGAGGGGGCTCTATACTTATATTTTAACACCTAATTCACTCGCTTAACCTTCTTAACTGATTTCCGGTCTAAGCCGCCTCAATTTGGATAGCGATATTTCATCTCGTGCAGACAGGGCGAAGGGCCATCCTCGCTAGGCAGGAAAAGTCTCGATTTATGCGGTACTTTGTTACCCTATCCCCGGCTTGGCTGCCCCAGGCTAATGCCTAAGGCCTGAGTGGTACCCTAGGTTTGTATCCTCCCCTCTATACCTTCCAGTAACTCCTATCTAATTGCCCTCTGGGAGCCATCTCTACAGCAGGAGGCGGTATCTAAAAGAGGCGGGAGTTGTTCGAGTCATGTAGGTTCGAGATACTCTTGTATTTAGAGTGACAAGGACCGGAAGGATCCAGTAGTAGTGCCAGTGCACAACTCTTAGATCGAATCCTTAGCGGCAGAGCTTAGGCCACCGGTGGTCGCCTCTTTACTTAGGCAAATTGTCTCTCTAGGAGCTAAAATCGTCCTGTAAGCCGCGAAAAGCCGATCCGACTCTAAGATCCTTCGGTGGAAGATCAAGCCAAACATTCCCCCGCTTGTGCAGGATCAATTG,608,49.51,Caenorhabditis elegans
SEQ_123198,TTGACAAAGCAGAGTTTTGGGGGGAGGCAACGCGTTCTCCCTGGCGCAGTTCGCCTTCTGCACCGCGGGGTTCTCGGACCTTAAGTGAAGCTGGTGATCAGTTCTGTGCGACAGGTACATTCCAGTAGCCGGAAATCTAGGCTGGCCAGGCGCGTCTCGCTAGATGGGAAAACGTTGTCTGTCGAGGGCCGCATTTCCGTTTATTAACGGGCGATTACAACCGAGGATGCCTGATTCTGTTCGTTAGTCCCCGGCCATGAATTGTCTCGTTCCTATCACCAAGTGCAGGTCTTTAACTGTATATTGAGATCGACGTGTCAAACAATGACAGTCACTATCGAGTTAGCAGTGACGAGAGACTTGTGGATCGAGATAGCGAAGCGTGTAATGCTCGTGTAAAATCAGGGCAAATACCGAGTCACTAGCCGTCATCGATTGTTGTGACCAACTGTTCATACATCAATGTCGACGCACTCTATCGCCAGGTTTCCGTTTCCCAGTAAGATCCCTTATTAGAGAAGCTGTGATGGAGTGAATAGACAAGCAGGCTAAACTGACGTTGGGACTGCGTCCTTTCCGAGGCTTGGGCGGCAACGAGGGCTGAGCAAGAATGAGTGTTCTCGGCGCGGGATGCGAGCGGGCGTGGCTGGGTAGGACTGCCAGAGAATGTGCCCGTGGCCTGGCGTCGGAACCAAGTCAGATAACAACGTCATGGATGGGGATAGCCTGTCAGTCCTAACACCAGACCATGAGGTAAATAGGGCTCGTGGAAACATGTCAGAGCGCTCGGGAGTCAACAGCAGGTCGAGACGGTACAATCCTTCATTGGCGCTAGACGTAGCCCGCCCGACATTCCAGAATAGGTAAGCGTTGGTAGCCCGTATCTAACCACGACTTAAGTGTATCAATGATGGATAACTTCGAGTTTGCGAAGCCTTTGTAACTATCGGGCCAGTACTCAGATAAAGTTTCTACAGTTGGTATCTTTCTGTATCGGCCGATACTTTATCCTCACCTTATGATCCCATTCAAGCTCTCGGATAGATGTGAGTGGGCGCTGAATGCCACGGACCCCCCAGTCCCGATTGAAGTTGACTAAAGTTACCTCTGGGGTGTGTAGGTTTGACGTTGGTAGCAGCTACCTACCCTGTGAGATTACTGCGCTCCTTCTGCTACGATGTAAAAGTCCACTGGATAGTGTGTTCACGCGACGAAGCGCCGCATATGGGTCACGGGAAAATCTCCGTGAGCGGGTTCTATTGTGGCAAAGTCCACATCATAGGGACTTCTACGCTAGATGGGTTCGGTGCTTCACGCTGCAAGGGATGCTGTCATACCAAGCGTCAGGCCCTGACCCTAAGCGAACGAGCTGAATCCCTATTGGAGCATTTCATAGCTGAACCCTTCTTGCAGGTATTAACATTTATTATCAGGAGTCCCGAACCCTATTAGTATTCTGAGGCATCTATCTCTCAGGAGAAGCA,1484,51.08,Caenorhabditis elegans
SEQ_658255,CAAAAAGCGACCATAAGTTCCAGTTGTGCTCAGAGCCGCGTCGCCATTTATGGCGTCTGCGGGCAAGGTTCCATTAGAAATTTGACAGGATCGAACGAGAGCGCGGGTTATAGACGTGCCCAAATCTCCCAACTACTTAGCATTCAGTCCGTCGACTTTCTCAGATAGAATATACACATCCCCCAGCAGAAGGAAGACTATCTCCCCCTGGGTCCCTAGTGTTCCGTTGCTGTAAACCGTAGCCTGGCGCCTGAACTTTGAAGAGAGAGTCCAGCCACTTCAATCGTACCGATACGGATCGTCATCTATAACGGGGAGATGCAAGAGCGGCCATGCGACATCACTTAGCGACATGATCGCCTTAGGCCCCAACGGGCAGACGTCGGCTCGAGAGGGGCACTTCGCGGTTTTTCCCCTCAAACAGTGGACCGTTTTTGCCTCATAATAACCAGTCACTTCGCCCGAATCTAACCCGTCACTCACTTCGAGGATAGGAGACATGAAAGCAGGACGGACCCATTAGACGCATAGCAACGGGCATGGATGAGCCTCACATAGCAACGATAGTCCGTGCAGGAAGCTCAGAGCCAACAATTGAAAACCTGTTCTAGGATTACGTAGTCTCTTTCCCGCCGCCGCCAGGATTGAGGACCGCTCTGCCGGTACGCGAAGAGTATTGGCACCAGATCGGTTTTTGCGCAACGAATGGGTGATCTGGCGTTGGATTTATGCAGAATGTTCGTGTCGCAATCTCAGAAGCCAAATCACCGCGAAGGTTGGCAGAGACCCGGCCGAAGACTAGCAATCGTCTCTTGGTGTATTTAGAAGCCTCAATACGTGAGGCTGGCCCGGTGAATACTCCCTGAGTACTCAGAAGGGATAAGTGCAGTCACGCCTACGACAGTCCACCACTCGTCTCTGCAGTCTACTAGGGCGCCCGGCTCCCAACCCCATCGTCTTTCTCGCGTCGGAGGTTTGAAGTGTAGAAGGGGGGCACATGAATGTCACGTGTTGTGAAAGGTAGGAAGACGATCCTGTGGACGCTTTACTCCTCTGGCTATCAGTGGTCAAGCCACTCGAGTCCTTTAGTACCAGGAACTCTGCGTATTCGCAAATAAGGCTTTCGCGGGGATTGGCTATCAGGATCGGATTAAGAGATAAACCGGTTCAAGGAGTCCCGAGCTCTATTGATTTTGACACACCTGGTCCCCGTAATGGTACAAGGT,1226,52.45,Arabidopsis thaliana
SEQ_809489,AAAGTATCCTTCCACTTGTAAGTGGCGGAGGTCTAATCGCTTAATAAGCGCCTCGGCTTGGTGTCTAGGCGGAAACCGCGAAGCACGGTGTCTCTAGGTTGGTATTTGCCTCGTGACTTCCTTGTAGTCCTCCTTTGGGGCCTTCGTCACTGAAGTGCGATGTGCGGATCGTACCACCATCGCCCACATCGCGATTTATGAATAAAGGCCTTCTTGACAGAAGGCGTTATGGTGCTAGGCCAGCAGCGAATAACTCCCCCTGAGAACTGAGACGTCATTCTCGCGTCCCGGGAGTTAGGGTGGTCCCATACTTGCGAGGATGGGCGGCAGCCTGCGTCAAAGGTATTAGTTCTGATAACACCGGTAGAGGACTCATGACTAAGCCCTGGAAGGCTTCGTGGACCGAGAGGGCACTCCTTCTATTAACGCTCAAGCGATCCTTAACTATCACAAGAGCGCCCTACTTTGGTAACCCTCCAAAAATCGTACTGGATCACCTGTTACACGCAGGCGGGCCTAGTACACATCCTTATTCTGCGCAATGAAGGACTCAGAGTACATCTGTACGACTCAACCGGGAAACGACGGGCTCCAAGCGGGGTGTCAACAGCTAGCAGGTACTGAAACATTGATTGGGTCTAAAATGCCTATAATCCTTGACGCCAGGCCTTCTGAAGCATCATGCTCCGGGACTCTATAGACTGGGTGCGCAATTATGCAGCAACTTCGTGTCCAAGTCCTGAACAGTAGGCCAGCAACTAGCCGACTACTAGAGCTATTGATTGAATCGAAGTATATGTGGCGACTGAACGTGATATGGGTTTCCGGCAGTTGCATCAACGATTGACGTGTCGAGTCATCGCGCCGGGCGACGCTCACTACCATGTAGGTCTCGCCTACGGTCAGCTTTCGACAACTCACGCAAGTAGTAGATTCTTACATTTACTTCTCGTATGCCACAAAAATAGAGTGTTATTATCCTACGTGCAATCTGGTGTCCGTTCATGCAAATCATTAGAACCTGATACAATAAGGGCTGCGGATAGTCGCGAGCCGTATTTTATAATTGGCTGGCGGTCCGAGCGGAAAGGCAAAGTA,1098,50.64,Escherichia coli
SEQ_562924,AGCAGCAGGAAGCTCACGCTGTGACGTCGAGGACGGGGTATTAGGCGGACAATGTCGCGCTACTCTTCAAGACGCCCCTGATTCACAACGACCGGTGAGGACTTATGGCCGGGGAGTCTATGTCTTAATAGACCAGATTGATTTCCTTTTGTGGTCGTTGACTCAAAAGCCGGGAGAATCCGGCCCTGTGACTTTACTCATTTCTTTATGGGTAGTTTCGAATTGATGATACAGAACTAAAACGCATAGGGTCCTTTACGCGACTGAGCCCGTTCGACTCGTTTCGTATCGCGCATAGGGGAGAGCTCGTGACGAGGACACAACGGTCCGGACGAGAAGATACGCCGTAAGTAAGAGGTCCACGACTAGTCGCCGACTACGTGCGGACCGAAGTTTTTGATCTTGCGGTTCCGCGCCGAAATAGGCGGTTCTTGGACGCGGGTTCCACTAAATCTCTACGATTATGAAGGCCTTACAGGCCGCTGGAACACACACAACCGGCCGAGTTCCGTGTATTCATTATGAAGTCTCGAGTGCAATGTTCAGGTATCCAACAACCGTTGGGTGGAATGTGGCGGAGGGGCTCACTGGAATTGCTAGAGACCCACAGCGTTAGGTCCGACATTCAGAGGACGCGTTGTGTAGGAATGCCTTGAATAAGCGCGGGTACAGCCAGACGCTTTGACCCTGAAGTCGGACAACTCAACGTCGGCTCAATATGGTCCACCTGTATAACTGCGTTTAGGCCCGATTTATTCATGCTGTGGACCAAAGTGTCAGACTCGTGTTCAGGTGGCAGATGCATGAGCGACTGTTAGTGTGCGATTAGACTAGTGAATAGGGCAACCACGCCTCGTGATTCCGAAAAACGCCTCGCTGATGCCTCTATCTCCCCGGAAGATGGAACCGTAGTTTCCTGATCCGCGCCGGAGGGCTGCATATCCTCTTAATTAAATTCTAGATAGTCGAGCGAACCCGTAAGGTCCCGCGTCGTAAGTGGGACGATTGATAAATCGACGATGCAACTCAAACAGACCATCTCTCGAAATCCGGGCGCCGTTGCATAAGTGGGCATCCGGCGAAGATCGGGGAAGTCTAAGTTCAGGGGCGTGCAAAACGCCCAATATAGGACTGCCCAGATCCCTTTTCACCCACCCATGCCTGGGTTGTGGGAGCTGTAGCGGCCGTTGGGCGGCCCGCACAAGAGTCGCTGGCAGACCATTCGCCAACTATATGCAAAATGAGGTTTCCAGTAACATTACGAATAGTTGTGAG,1275,52.55,Mus musculus
SEQ_138556,TAGTGAGGTAGTTTCCTACGCATTAACACACTTCTTAGTATCGACGGGGGTAAGACGCCCACCTTTCTCCCTCAAAGGCTGTGCCATAGATTTCTCCATTATGAGGCGGCAAACAAGCAGGATAGTCACGATCGAAGAAGCAAACTACTTAAACTCTCCAAGGAAAACTATACTAGGGAGCAACGCACGTGCGTTCGGCACACTAATGCCTCTTATTCTATGAGCAAGACGTCGGTAAGGCGTTCACTGACGTTTGCCTGTCTTATCTCCAAGCATAGCATTGACGAAGTAGCGGTCTACATTGACCGTTACGACCATGTCGGCGTGGAGGCTATGAAAATCCCACTATATAGTATTTTGCAAACCTGTTCAGGTCCGTACTTAAGTGTTCGTTGTCTTGACCGAAATCACGAGGCAAAGTCTGGAGACTATCTAGTCCTTCGGGAACTGTGTAGGCATTACCAAATCGGGCTATGTTTCTAACAAGTTGATTTTAACACGACTCGAGCCAGTCCGTGTCCTACAGCCCTGTGGGCCGCTAGCTAAGGTGGTACAAGCTGGGCTCTGGTGTCGCTGTTCTACAGTGTGGTCGGACATGTAAGTCGCCGTAATCCCTTAGGAGCATGGGGGGCAGTCCTCTAACGGAGTGGCTGGTTGGCGCGGACTTAACGCAGTCCATTATTCGAGTTTCCCGCAATCACATGCCTGTGGAGAAAGAAACCAGGATTGCGAGCACCCAGGGATCTCTTTACCCTTCCTCTTAGGTGCGGGTCCGTACCATGCGTAACGCGGGCGACGATACACACTTGCTCTTTCCCCATGGGGCCCCCTAACGAAAGATTAAGTTCAAATACATGGCTGTTCGCAGTAGGGGTCCAGCCTCCGAGGTGTTCATATACAAATGAATTCGTACCGGGTCATTGCAGTTGAATTCGGGATATACTCATGGGAAGTCCCGCAGCATGCCCGTATTCGACAGAGCGTCCGCTTGAGAGCGCCAAATTTGAGGAGTCGTAGTGCCCCAGTGCTCCCTTCAGCTGGTTATCAATATCGTCATCTGCGTGTGCAGCGTACGTTCGGGGCTCTTCTGGAAAAACCACAAGCGAGATCCGCACTGTCGGTTAGGAATGAATTAGCGGTGCACGACAGACACTCGAGGCTTGGGGCAATAGGCAGCCTTGTCCACGGCCGGGCTTGCCCGCAACTTTCATCGTCGCATACCATGTAATTGGAGTGCTATACCAGATCCTAACACCTAGAGGATACACGTTAGCCTCTTTCCTGATTCCGGTAACTTCCGAAGGTGAGGGGCAATCGCGTTGTGTTGCCCATCGTGATGCGCGTGAACTAGGTGTATCAGGCCACGTTAGACTTAAAAACATAGTAGGATTTTCTTCAGTTATATCATAACTCTAGCCGGTTATTCGAGACCGGGCTAACTGGTTGGGTAGTGCCTCAGGTAGAGACGCCTGGCTGCTACACGTGAATTATTGAAGGACCTATGTTACTAGTGCCCCCGGGGCTCGTAGGCTTCTTGCTTCTCGACCCAATGCATGGACGCTTATCCGTTACTGTATGTGTAACCCTAAGAAGCTAGACCGGGTAGGCGGCCGGCTAGAAGGAAAGGGGGGCAAGTTTGCGGTTTTTGGGACGTGCTTAATCTATTTTGAGTGCGGAACTGATCATACAGATTTACCATAGACGTGCTCGATAACACTCAAATAGCCCACATGCTCCTTCGACGATGTCTTCTGTTTTATACCTAAGCTGGCTGTTTCTCCCATTGACAGGGCCTATTCACATTACGGAGACCACAACCGGAAATTACTTGACGCTGAAGACCAA,1845,50.24,Saccharomyces cerevisiae
SEQ_549958,CAGAGAGTGGCTGGGTGAATCCTAATCTTTGGTCGGGGAATGTATCTTCAAGAACGGATCTACAGTTATCATACCGCGTTCCTCGTT,87,47.13,Arabidopsis thaliana
SEQ_747570,GGCCTGCGTAGCCACGGTCCCCGTAGTCAGAAGTAGCCGGCTAAACTATTGCTTAGACGAGCAAAGGATTTTGGATAGATCCCTTCTACTTGTGATCTACTTCCCGTCTAACCGCAGAATCGGGGTCCTGGTGCTACTCGCACAGAGGGATCATGCCAGGATTGCGCTCACTTCTGTATCTGAGACGCCCGCATGAGACTATCGTATACTAAGATCATGTCGGTCTGGGGGAAGGTAAGGAAGTCGCTCTTATAACACGGCCCAATCTGGCTGAAACCCTGCATTTTCACATCCGGCCGTCCCACTTCCTA,311,52.41,Escherichia coli
SEQ_242009,GACCGTAGGAGATAACTATAAAATCTTTACGGACATTGAGTAGAAACCTGCAACCGCCAGACCTCGCGGAAAGTTTCGAAATGTTACCCGTTGTAAATTGCCGAGTATCGGCCGCGCTTTCGGAATCGAGTTAACTGAGATTAGCACAATAGTGGTACTTGAGTTTGGCGTACAGACATGAGGCGCTTCGGACTCTTGAGACGTGCTCATGTTGGGCCAAACGTAATTTAGATGTAAAGTCGCGATCAAGCACTTCTGATCTGCGACGTCCCCCCGACCAAAGACTCCGACAAATTGCAAACGTCGCTAAATACCGGCCTGGTCGACGTAGACCATAATGCTAACGCGCGTTTCCGCCAGGTGCGGGCAGGATATGGGAATCTAGGTCCATTTTGTTTATGCTGGTCAATGTGGTTAAGGCAAGTTCGTACACCAAGCGTATGGTTTGCCAGGCATCATACCGCTTCCTATACTGACCAATCCACCAGTCAGATATATAGCAGCCAGAGTGGACATATGGCTCCGCAATGCATGGAAGATCTTGTCTGTTGACTCCAAACAACGCACCTGGTCGTCCGAGCGTCTCCGTCGATCGTGGGCTGGCCGGTCTCGCTACAAGGGCCAATACAGAGACCTCATAGTACACTTGGCAATCCATTGTCCAAGTTATCATATCACAGAGTTCAGATACGGTCAGGCATTCTTTCCCTCGAGCGAAGGTGACCGAGATAGCTTACATCGGATTTCTCTTATTTGTCGGATCATACCCACAAACGCCGCGAAGGTCGGGTTGTAGCATTCTCCGCCAGGCGCTAATTATACAGCAGACGCACGGTGTGTCATTGTACCTGGCCGATTAGTACGATCAATGCTTATCTGTGGTCGGGGGAAGCAGCAAGTGACTATTAGTCGTATCTGATGCCCTTAATTATCCCCGCGTTAAAGGAACACGCCGCCCCATTTGATATCGGGCGGCACTTCCTCAGCGGCCTCTGTCCGGGACTATAAGTCTCAGATCACACTGTGTCTCAGCGGCTGGCGGGACAACTGTGCTGACCGATAGGCACTTTGACATACCCGAGGTGAAGGTTAAGAAAGGACCGTGACCTCCGATATCCTTTGTTTGTAAGTACAATAAGCCTTGAAACCGGGAGGCAGACTTGACTAACCCGAATGCTATCTTTTCGGCCTCTGCGCGAATTGGATGTGTACCACTTGCTAGTACGGCACAGAGTTAAACCATCACATCAAACGATAAAGTAACACGGTAACGCTCTAGGCGCGAGCGGAGTTTGGGATGCAAGATTCCAAAGCAGTTTCTAGAGGCATTATACTCGAGCGGGAGCGCGCGGGGTGGATGGCGCAAACATTCAAAAATTGAGTTTACGCTATGTGGATACATTACGAAGACATTTGGTGAAGCTAAGTGTGACCTGGTCCCCGGAGATTCCCTTGCACGCCTTTTGGTCGAGCAGGTAATTTGACGTGGGCCCTCGACACTCGCCGCACTGAGGTACTAGCCTGGCACAAGTAATCTTAACCCTGCTGACCCCCTAGATTTGCATCTAGACACGCAATCATGACGTAGATAATATGGCCCACCCGTACTTATAAAGTTTCAAAAAGAGGAGGGTAGCGAGCAATGGGGTAGAATTTTCATACCACATCACCCGGCCGGTACATAGGCACTGCGACGCCGTCTAGGTAAAGTCGTCGGGGCACAGGCCTCTCTACAAATTCGACAATGCGGAATTTTAGCAATGCCTTACGGGGTTGCGTTACACCCGACAAAATCCGTTCGTCAGTCACTCGAATATTCTAACAATCTAGGTGAATCATCTGATCGGGCATCTTCGTGAATTATTGCGGCATCCCGGTAGGGGCGAGAATCCACAGGGA,1899,50.08,Mus musculus
SEQ_558056,ATATCTCTGTCTTATTCCCCCAGGTTGTAATCGACCTATGTGGGCCCGGTAGTTCTAAAGCCTGTGTTTTCACTGGTTCCCAGCGTTGAGTCCTTTTGTCACTCAGCGTGCCTTCGTTCTTAAATCGGAAAACTACTCCTTGGGGTGGTAGACATGGAGTCACGCTGGACTCCTATTCAGCTAGTCGCACTAGTCGCCCTGCACCAGCAGGCTTTAGCGCGGCGCGGTCTGGCGTGACCTTATGATAATTGCATCGTTCATTTGCTCTTCGACCAGACACTCACTATAAGGGGCATTCGTGATTCGGCCGAGCTATCTTCTAGGAAGACTCCGTCACGCGCTACCCCCTAACAATTTCTTCGCTATGAATATGGACTACAGCTGCCGAGTGACCTTGACTATAAGTACAGGTGGAACTCTAATCCGGTCGAAAGACCCTTCGTGCTGCGTCGGAACGTTCAACCTTAGGCTCTTCCCTTCGCCTCTACGATAGGTGCCATTATAGCATAGACGACGGAGCGTCCTCAGATTCTGCTTTGGGTAAATTCCTCCTACACTATTTGCGCCGAACAAGTGCAGTTCCGTCTCTCGAATACCTGGTGAGGATTTGCTGGGTACCGTTAGGTTCTCGTGGGAAGAAGGCGTCACACTACATGCAACTGATTGTCGTTGCTTAAAAAGCAAGAACGCATTCGAGCTAGTGTCGTGACTCGAGCGAATTCCTCGTCTCACTAATCGAACGAAGGTCTTTAGACCGCCATATATTTTAGGGATACTTCAATGACCTTGTTCACCTATCCGTCGGATGCCTACTCTTTACCACTGCTCGGGTACAGCCCCGTTTACAGTCCATCAACCACCCAGCAAAGAGCAGAGACTACAAGTTGTTCTAAGACAGCAGGTAAATCTCCGCAGT,916,49.78,Mus musculus
SEQ_953758,GCCACTCACCCTCCGGGGACGTACGCACCGAAATACTTTCGACCTGAGAGTTGCATATGATTGGGATTCTATAATAATTTCCTAAGAACTGAATTCTCGATGGGCGGATCGGCGTGGCAAGACCAGTAGAGAAGCCGCTGCAGGAGATGGTGTCGTTTACGCGCAGAAAATCCGACAATGTTTATCGGATGTAACCAACGGGCACTAGACCGATAGTCATCTCCCAAATGCAGAAATGTTCTTCAGGTAAGGCGGTTACATAAGCAGCCCAAAAAGAACTCATGGTCTTGAAGGCAACGTACGAAGGGATCATAGCCCATTGTGTTTAGGGAATACGCGCGTAGATATGAAAGAAGCTTTTTCGTCAGTCTTATCAACGCACGACTGCTATGAGGCCGTGTTGGAAACCGAGTATTTTGTCACCGCTGTGTATATTCCACTACAGTCGGATCCTCAAAGAACGTCTCTGCCCTGGGCGGCTGTCGATCTTCGTTCGCCCGCGCCCCAGGATCCCCTCAATGGTGGTTTCCGTATATATAAACCGACGTATACTCAAGCAGTATAGCTCAGGGAGATCGGGCGCTTTCAAAAGGCTGTCACGGCCCCAGCGGAGCAGTGGACGCGTTCGCGGGCCCCAGCAGGTAGTGCTGCATCCCCACTTAATTCCTACTCCCCGACTATAGCAACGGTGCAAATCACTGTCGCGGAATAGTCGCCTGCGTAACTTGGAAACCATTTTCGATTCTGAGGTGTGCTTAGGTAAAAGCAACTTCGGAACGAGCAAAGCTGTCATCGCAGGTGCATTCAACGCGGGAGTGTGGTGCTCCGAGCTGGAACCTCTCTTAGTCGTCTTCGCACTAGTGGGCAAGTAAAGTTGGGGAGGCGAATCACTCGCAGCTATAGCCGGTACAAGCTGGAACTAAATCTGATCTAACTGAAGCTAGTACCTTGGATACGTGCCTAGTGTAGCCGGTTTAACTCCGATC,986,50.91,Homo sapiens
SEQ_822454,ACTGAACCGGAGGAGACACCGCGCATTCAGGCGGGCATTGCCGACACAACCTGCTAGATTGGCATTTGATCTTAGTGATCTGCCTCATGAAGCTGCCACGCAGCATAACCGCACTTAGACCGATATGAAGTCCGACACATGAAGTGCATCTCGGTTACAAGTACGCAGCTCGGATGTGCCTTTTACACATGTCACTGGAGGTCGCGGTCAGTGTAATGAGGCGGTCTTAGACTAGATGACGTATTTTTCGCCGCTCTTAGGAACTCGCGCGCATGGATCAGAGTAGCAGCATGCGGAAGTACATCCACCGAGTATATGCCCATCCAGGGGGACGCGGAACTAAATAGACGTATATTATAACTCCCGCCGGCACGAGCAGACCGTACTCCCGCGGCTCGCCAGTAATTCTTTGGTAACGTGTAATCGCATGATTAACCACGTCATTGGCCCGGGCGCAGGCTCAAAGTGTAGTGTCTCCAGTAAGAATGGTAGGACTAAGAGGTGCGCAAATGCCGTGCGCTCCGCCGGGTCATATTCCCAGCTGTGTGGTAATGCTCGTAGACACCCTATACGAATCACGCAAGAAAAGTGGGCTGGCACCGAAGTCTTCCGAACTGAAACCGCACTGGCTTGTTGCCTCTCACGCTAGCTGCGAAAGTCATCGGACTATGGCAGGTCAATTGAGAAATATGAGCATGGTAAACATCAACAGTAGCAAGTCAGGGTCACGAGCATAGCGAGTTATGTCACAGGTTACCTCCTAGTGGTCGTTGACCTAGTCAACTCTACATTCGCACCGAGGTTTCGCGTGCGCAGGCCCCGCTCATGGTGGAAATACATCATGCCATCGGGTTACAAAGGGCGAAGCAGCGCGAGTATGTTTAACGTTATGTCCACTTGCAGGGGGCGCCGCTCACTATACGCCCCGTCGAAGGGGTGGCCGTTTCGCCAGGTA,955,53.19,Saccharomyces cerevisiae
SEQ_947782,GGACTGGTGGATCGGGTATGCCCGCGACATACACCCGTTCGGATGCGATCACTTGTATACTTACCTGATCCGCAGTAGCCATGTGCCAGTAACCACAGTTACAATCCACGCCGTTCTGTGTAATCGACGCTGGGTCGTTTTCTGGCCTCCACCCCAGCCCTGGGAGCCTTTTTACGCCCGACTGGCTTGTGTACCCCATAGAGGTCCGCCGAAGCTAATGACGCAACATATGCGCTGCAGACCTAGAGCTGTAAGGCGAAGGCTCCAGTCGCCTGTTCGTTATAGGTAAAGTCGCGTCGCCCAACGAAACGCGTTCCCACGGGCTCGTATCTGTGTCTATCATACGACACCCATCGGGCCATCGTGGCCTTAAGCATTATACATCTTCCCTCCAGTCATAGCGCTCAGAATCGTGAGAGGAAGCGGCCGAATTAAACAAGGCATGTACTAATGACTCTTACCGACGTAAAGGGATTCCAGTCTGAGTTGTTCGTTATCGGTAATCCTATCCCATAAGTCAAGATTCCATTAGTCGAGCGTCATTCATTTTCATGCACTGAAAATATTACGGCAGTCAGAGCTGTAGATACCAGATTGAGAATTTTCCTGTCGGTCATTGCCAGTCGCTGAACCAAGTCTTTGTACGAACGG,651,51.0,Mus musculus
SEQ_412974,GAGATCCTCATGGGGAGGGCCACGTATCACCCTCTCAGACGTGTGTCCCCATGGGTGACCGTTCCGACGCAACACATACGAAAATTAAAGGTAGGGGAGCGATTGTTTTGAGTGAGAGTAGGACGCCACAAACTAATGCACTAAACATCACTCAAGATCTGCACGCCGCATCTAAAGCAAAGGGATGAATCTAGGATTGGCGACTTTCGCTAAGTGAGAGTGCGTGAAGGGCGCGTATCCTCTAAAAAACCTCCGT,256,50.39,Caenorhabditis elegans
SEQ_665583,AGCTCTTACGCCGCCCATGGCACTAACACCGCACCTCTCTTCAGATTACGCCTGTAGTTCGGCTATGCAAGGGGGCCAATTCGCAATTGGACTCTGATGTGACCTACGGGTGGATTATAGTCGTGCCCAGAACAGGTAAGGCTTTTGCTAAGTTGAGATTGAAGGGGGTTAAATATAGCCGGATAGGTATCAGAAGACGTGTGGCATACCCAGAGAGCCAACTGATTCGTCGGAAGAGCTTCTTTGCCCCCTATGGGAGACGGGTCACCCCGAGTGTGAATGTGTAGGAGCGGTCAGATATCCTGTCAAGTGAGAACGGTCGTGTAGGGTGTGGTTCCGGGGTTATTCTAGACTAGAATCATTCCGCGTCTACATGGATTAGACGCAACTACACAGCGATACCCTAACGAGATCCTAAGAGATGATCATCGAGGATCGTGCTGCTATAACAAATGTACGTCGCAGTACGGAATAAACGACCCCCCTTCTTAGAGCTACCGGCCATGAGCAAATCTGTCTCCGAACACCTTTTACAAGTTAGCTCAGGTGGCAAAGCGTGTTGTGTGGCTATAGTAGGATAGGCAAATCCTGGTCGGTCCACGTTTAGGCTGTCACAAGGTTTTTATACCGCTTATCAGCATGTAGCTTCTCAGGTCCTGGTGTGTACATCCTGGGCCAGATAGACTCCCTATCTTCAGGGCCGCTTCGAGATGCGTCGATGTAAACTCCGAGTCTCCTGCGAGATCAGCCCCCTCCAGTGATTTGTTTGCATGTAGGTACACACAGCTAATAATTCTAACGGCGGCCCGACAGATCGCCCCGAAGAACCGCTACGATGAACCAGTGCCTACCCAACCCCGCGTGCCCTGGTCAATGCACAACAGGACCTCTCAGTAGATAGTTGCTATCCCAAAGTGGCTACTCGTTAATGCGGCTCCGTAATTCTCTCAGGGGCGTAGTGTGTCCTGGCTGCGATTAACAGCCAAAAGGGAGGTAGAGCTACAGAAAAGCAGGGTGCTGCGAGGGTCGTCGAGCGCAGTGCCTTCACACCTGATCACCCTCCACGCTACGATGACATTGGTGGTAACTATCTTCCGAAACGAGCACTCTACACGGCATCGAATCATGTAATATGGTGCTAATTAAGCGGAGGTACAAACTCGCATCACTCGCTCATGGCAAGTTTTCGGTTTATCACCGGTCGTGCATCCTTAGTAAACTTGACAGAATAAGAAGTATGAAATATCACCGTTGTCTCATCCTCTTAAGCCCGCG,1275,50.75,Homo sapiens
SEQ_554287,TGTCGGATTGAGCGATGTCGGCTGAGCTCCTGTTAATCACTTTTTCTTTCTTTAAGGCAAGTCGAACCAGATGTTTCCCCATTCCGTCTACCCTGCTGTCTACAATCTTATGCGGAAAGTTATAGCCTGTAGTCTGGGCGGTGTCCGTATGATGAGTAATAAATACAGACACTGTCGTATGAAGCGATGGTGACCCCTCCCATTCGGAGATGGTCTTATCGCTAGATGCCCATTAGCCAGGGGGAGATTCGAGTCGCGGCCGAAGAGCCGTCGTGCGGTTTGAAACCAAATGGCAATTTGTATTTTGGCTGAACCAGCACGGCGTGGTTACAAAGTATAACCATGAGTATAGTTAATTGAACGTGGATATGGCTCTCGGGCACTAAGAATCGACAACTTGCCTGTGGGCCGGGGCCCCTGGGAGAGCCCCGAGTAGTTTGAACTGGGATGCGCTGCACGCTTAAATAGGTACGTTGCCAATTTGGGGGCGTCGCCATGGTCCTTAGCATTCCTATACCTACTTACGTGTATTACCTATAGAATGCCCCCCGGGGTCCATCCGCAATAAGGTAAACATGTTCACCTGAGGTTTTAGGTCACCGGTCCATTAGCGGGGTCTGGATGGATCAACTCAAAACGGTGCAACG,647,50.23,Drosophila melanogaster
SEQ_377075,AATTAATCGGTAGGAGCTGCCTCCAATGCTGCGGCTTATCTATCTCTTTGAGTAAGTATTGGTAGCAACCGAGGCCATAATTATCCATTGTATCTGGCCATCGACATCATCTTCGCAACTTCTCTCAGAGGCAATGGGGCCTCGAAGGGACACACGGCTCGATTGTGCGCACGAAATGTATGCGAGCTGTATGATTTCCGTACTACATCGGAAGGTGCATAGTGTCTAAGTGCATCACGACTGTGTGAAAGATAACCGTCTCGCGGGCTACACGCGCGACTTTACCAAGCTGAGTAGACTACCGGACTCTATTTAAAGAGTAGTTGCCCCGGGTGACACTTGTCGTTCGGAGTTAGACACCTCAAGCTGTCACTTATAGAGTTTTGGCGCCTCCATTATAAAACTAACAAGGCCGGGGCCTTTTACCCGGCAATTTTCAGGGCCAGTTGTCAAGTAGAAATCGTAGGGAACAATTCCAGTGTAGTTTTTCCAAGGATTGTCGCCTATCGGATGTGCCTGAATCACAATGGGAGTAATTACAGAGATTGGGCACGTGCCTAGTACCGCTCATACGTGCGCATTCGTCCCAGTCTACAGGTAACCTCATGGCGAAGGTGAAAACGCCCGAATTTCCCCTCGCCGAATTGTCACTCCTAAATAGAATCGCACACATGGAACACCGTATGATCGGCATGGCTTGCAATGCCCGTTATACTTTGCGGTCGAGACGGTATCCACCCACACTGTATCTCTCTAAGGCACGGGTCTGTGCAAACCCGAGCGGCCCGGAGACGCCTCCAGTCCATTTAACTTCCGAAAACGCAATGCAAAACGTTGTGTTTATCATTTTCAAGCCCTTGATCCAAGGTCTAAAGCACATTACTATGTGGGCCGGCTCGTCCAGCCCCAAGAAATTTCACACTTCATGGGTTTAATAATCGTCCA,945,48.99,Mus musculus
SEQ_331235,CATTTTTACCCAGCTCCCGACCCTTCACTTCCTGAGTGCGTCCTTTTGCTTCTTGCCTTTTGCAGCTTAGGAGTACCGTAAGAAAGCATGGCCATGATATTGGGCGGCACGTTTATCTTCTGTAAGAGGCTTGGCTATAAGGCTTTTGTCCTCGCCTTCGGACTAATTCAATCCTGGAGCCCTTATTGCATAAGGTTCTGAGTTAGGTGACCCGCGTTTCGGTGCGATGCTTGCTGCAATACGATAAAGATTTGGTCTTATCCTCTTATTGCGCTTCGACTAAGGACTTTAAGCGCGCGCGCACCCATTGGATGATTAATCTTGATCGAGTTTGCGTTGGACTGCTGAGACGGTTATAATAGATTCAGCCCCGTACAGTTTCGTATTACATATACTGTCAATTCATGTAGGGGGTTTGTTATATGAATAGGTTCCATTTCTGTCAGTGTCTGCGTCGATCGCCAAGTTACCTCCATGCTGTTAGAGGAGGCGCAGACTCAACTACTTTTGACTCAATACTGAAGAGTCCCGAGCACACCCTACCATGGCTGGCGTGG,557,47.4,Mus musculus
SEQ_412537,CCTGGGTTACTCACTCAGAAATCGTACAGTGGATGGAGCAATAACATGACTTGAGGTAGATCCCGGATGAGAGAAGACAGACTGTCCGTCTGTTACGATGTTTCAAGAACTAAACCACGACGACGCCCAAGGTCGCCGAGTTGGTACAAGTGCGTCGGGGTGAGCTAGGTGTACTGACCAGGCCCGCATATTGTAGTCGGCCTGTTCTAATCCATCTACGTCACAACGGAAAACGGACACAAAATAACCCATTATTTTAGCTGTGCAAAATCCGGATATGTCCCTCCCTTCCCCCTCGTCCGGTTAGCGTTCTGGTTATGCAGCCGTGATCAGCTGAAAAGTGCGCAATGCAAACTTTGACCATGGGTAAGCACTCTCTGGAGGGATGAAGTGGACACTATGGAATTGTTGGAATCCAGCCAAGGCGGCTTTTACATTCTAGGCGCCACATATGATCAAATAACGTAGGCAGCCCGTACTCCTTTACCCCGGGCCCGCTTACAGCCCTTTCCTTCGTCGCCATTAGTCTTAAAGTAACCAACGACCGGGGCCGATGTTTCCAGACGTAAAGGGTACACACGGCCAACCGGCCTCTCGGAACAGTGGACTGAGGTGAGCTGCTTGGCACAGTGCGCAGAACGCCGTCAAAGGCTTAACGCTCCTTGTCGAAGGACGAAGAAGTATACGCCATTACCGCGCACCGGGTTTACGCCCTGAATTCAAATCATACAGGGACCAAGCTAAGGGAGTCAGTTGAGGTGAGTCGTATCTCTTATTCCGAGTGATACCGCCTAGAGCAACCGCACTTAACTAAGGCCTGGATCTTCTCGAACTCGAGCATGGTTGGGCCGACCATTACTTGCTATGCGCGGCTCCCCAAGCGGCATATTCTCTGACGATGGTCAGAGGGTCTTAAAAAGGCCTGGTTCTGAGCGTCGGCGCCGAAGTCATGAGTAGGCTTCGAGGATTTATCGCAGTGTTTGACAGTACCAGATCGATAGAGTCAGAACGATTGCAGCGATTCTCCTTAACACGTCCTTCGTGAACCCAAAATCGTTAAGCCAAGGTCCATGTCCATGTGTCGATACTTGATTTCTGATAATGGCTGCATCCATCTTGCCTAACTTTTGGCGAGCTGGCGGCCGCCTTCCGGGAACGGGTAGGGACAGCTTTGAAGAACTTACGCGAATTGCTCATGAACAAACGTTTCACTAGCCTTATAATCTACTCACAAAATGTACTGTATTCTTAAAGCAGTATTAGAAGAGGGCTGTATCATTCCTAAGCGGCGGGCTTCGAAGTAACGAATTTGCACGAAAAGGCGCTCGCCGCGAACACTCCCAGACTGCTTTTTTCGCGGCCTCTCAGCAGCGCTTGCTAGCTACAAGGAGAGTGGAACAGCTGAGTTCGACTGTTAACGGGTTACGTAACATAGGCCTGTCATGACTTGGCTCATTTGATTAATCTTGAGTGATTGGTACATCGCTTAGGACCCAGTCGGAAACCCTGTCTTATTAACGTGAGGCAATTGTGGGCGTCTCCAACCCGGGATGTTTGCTAGGACCCGGCACGGCGAGGGGGTGATTCGCACCAATGAGGCGTGACGACCGAGAGGGCGACTGGATCATTAACTTAATCTGTTCAACGGCGTGCAATTCTTAGTACGTGCCTGGTAATGCAATCCTGTTGCGCGAACACACTGATGTTCGCGCGCCCCGTAAATCTAAGTAAGCTTACCATGCGGAGCTGCATAACCAAGATTCTCAGTGACGTGCGCGAAGTATATAGCACCACCGGTTAAAGAACTGATATACGTATCAGGAGAGAACGCAGGCCCCAATCCACCTGCGTTGTGTATTCCAACCTTGCCGATTGCCCACCGGACTGTCGCAATGCCGCTTACGTAGGGTCTGCGTCGTCTAGCCTGCAATGAAGAGGCTAAAGGCAGAAGCTCTATTCGATCTGTCATCTTTAAACCCCTGCTATT,1987,50.88,Mus musculus
SEQ_906107,TCTGAATACCTACAGCTTGTGGCTTGGTATCTCGCCAGTAACTCCGGGGGGCTTGCATAATAGATGGTACTGGGGTCGCAACACCCCGTTGAAGGCCCACGAATTTTGGTCTCAGTGTTCAATGGATCAATGAGCGGGATAGAAGTGTATAACCTGTGCTCAGAACCATCCCTTCTCGGCATGGAGCCTGTCCACAACGCTATAAGGATATCGAAGCACGTTCCTTAGAGTGGCGAGTCAACGACAACTATGGGCGGTGCTAGCCTAGGCTGGTATGTCTATAATAATCCTTTGTAGTCCCTTAGAAAATATAATCAAGATCGCACTGTTCAATGAAGATACATTTATTGTCCGCGCGAAAAGAAAAGGAGCCTCACGGCCTTAGCACCCAACGGCTCGTGAAACCGCTAAGCTACATACTAGAGGAGTAATCAGAGTTACATGTGCCGGCTACGCCAAACGAGTCTTGGAAGTAGGTACTCATGAACACTACCCTAAGGCTGCGGAAGGTTTTCGGTCACATTAGTTCAGAGCCCTGGTACGCAATCTGGAGGTCAGGTGAAATGATCTTTAACCAACAATCCGTGCCCTCTGCCACTGTCAGTTACAACTGTTTAAATCATAACTTGCGTCGTTTCCGTTCACCCACCGGAACGGGGTGCTTTACCCCTCGGTTTAAAATAAACCCAAA,691,48.05,Caenorhabditis elegans
SEQ_399605,GCGTCCGAGTTCCATCTAGCATCACTATTAAGTGTACGTCGACACCTAATAGAATCACCCGTTCATTACTAAGGAAAGTCCTAGTAACATATTGAGTGATGGGTCATCTCCCATGTGTTGGCACTGAGACTCCCCCTCGTGTCGGTGTATCCATCGACAGCTCATCATTTTCCTCTAGAAGTTTCCAGCTAGGATCGCAGACTTACCATATTTTCAGTGACTTTCTATCTGCGAGTGACGATAAAAAACGATTAAACGTATGTGTCGGGCTTAAGATTCGACTTACAGTCTAGTCTGTATTAAGCTCATGGTCAAAGCCACCGACAGTTCGGGCGCATCCGCGCATCTTAGCCAAACCTATCACCAATGAGGTTAGGCTTTCTACGGCCTGTTAAGAACAGGGACTTACTCTGGGTCGTCTAAGCCCATGGGGCCTCCGCGGTAATGAAGTTACCTTTATGTAGTCGGCTTGAATAAGTCTTTGTTACATTAGCCCGAACTGAGGGAAGTTTTTTCGCACATTGTAGAGTAAGCGCGGTTCGGCTCGATTTAAGGTAGGCGTCCAAGCGTGTAAACCACATGCCCCGTAATGGGTAAGTTACTACTAAAGCTCGACCACACCCTCCTTCTGTTATGGTTTGATAAGGTACACTTGAGCGCCAGGTGACGGTCCCGGCACAGGAAAGTAGCACGGAGGCGGCCCTTGATGCATGAATTCACACAGATAGATAATGATTTCAATCTATTGTGATGAACAGCTCCAATACTTCCTCCTACATCAAGTGTCTCGTGCTAAAAGGACCCAGTACGGGTCCTCTAATTACGTAGTAGGTACTGGTTCAACCATGCAATGATGAATAAGAGATGCCTACGCAATATTATGCCCATGTCTCCAGTTGACACGAACCGATCGCGAATTGGGACATCGGTCGACTACAGCGTAGTGGAACGGAGTTGTCCTTATTATGCTATCAAGAGGAGAATCACCGATCATTGATTGAAACAGAGGAATAGGAGGGGGATATACCCGAAAAGATTGACCCACGGCTGCTTCGCTACTCATACGGGTCTATGAAAAGGCCATGCATCTGTTGGTTTGCCGGCGCCAAACCTGATGTCTCGGATGTACCTCAGTCCCTTTCTCCCGAGGAAGCCATTCTCAAATTCGGGAAAGTTCTACGAACTGAAATTGCTCAAGTCTTCATGAGAATGTTCGTACACGTCAAACTTTTCCGGGCGTCCAAGACGCAACGAACGAGAGTGGGTTATCCCTCGGTTGGTCTGCACCCCGCCGACGAGGGTAACTCGGATTTCCTTCACGATGCGCGAGGCCGGCTCGAGCACACGCCACCGAACGACTGAGATTGTGTTAAACTCGTAATCCCGCACCTACTGGAATACGCCTTGCGTCTTCTGGGGGGTCTAGGCGACTTGACGCGTCAACCCCCCATTCGCA,1456,48.83,Arabidopsis thaliana
SEQ_206331,AGTGACAAACGAGGGCATTGCCGCTTCTCCTTAACCACCTAAGCGCGCAAAATTCCCTAAGCGTCGGCGTCCTATTAGTAACGCCATGCTCACCCGAATGTTCGCGCTTGAAACCTGGACATCCGCTGGCGCCAGGACTTTCCACTACCAGAAGTGACCGTCAGAGAGCCTCTTGTAGTACCACGTGACTTGCCCAAGCTGGCATACGAATGCCCAAAACGAACTAGGAAAGCTCCCAATTTACTGTGCGGCATGGAGCTCGGTGGTCGCCCCTCAAGTTCTACTCGGAAAATTCTCCGCGCTCTCTCCTAGTAATAGTAAACGAGTTTGCAGACGGCAATTCACTACCGCAATGATAAAGTAAGTCGGCGGTTTTTAGATCGGTAAAAACGCACCGCTCCGCCCTAGCAGTTGCAACCCAGTCGGAGACGGCTCGCGGTTCATTCCTAATCTAACCGGTAACGTAGACTACCGAGTCAACTGAATAACACGTGCTACCATCAGAACTTGTTGAGACTTTCACACCATATCTCGCAGCCAGGACCTGCTGTTTTCGCTTGGGCGCATAGGCTCCAGGGAGACGTGGCATTCACGTTATTCTACAGTCCCGACAAGAATGTTGCGCCGGTCGCATGAGTTAATGTGATGCTGCCTGCACTTATCTGGCCAACACTACTCACATGAGCGCGTGTCAGGCACTCTCGAACCGGGCGTTCCCAAGGTGCTGCGTGAAGATCTTCATTAGGACAATAAGGGTACGGTATGGTTAGAACTCATGTCAGCGCTAACCAGTAGGACTACATTAACTGCGTTGGGTATATTCGACAGATGGATTTTAGGGCAACATGGAGCTTTCTTAGCGCAAGTTGCACCTGTCAACCTGACACAATATGCTCTGCATCTCGTTAGATACAGATGGATTGGAGTGATGATATGCATCGACACAACCTAGCGCTAGAAGACCACGCCCACCCAGTACTATAGTTCTTAACATTACTCTCTCCAACGACTGTTCAGAGTGAGGACCTATCCTCATACCAGATTCCATCTATTCTGTTGCTAGCTCGATAATCACAGCTACAGGAGTCGCAATCTACCCCGCTTTTCACGACACTTAATGATTCGATACCCCACTGTCGGTAACATGGTGGAGCGGCGAAACTTTTGTGTCTGCTCTGGCTGAGGGCAATTTAGGTAGATCCCCCGGTTGCAATCACCAGACATATGCTCGGGGGGTCTATGGTCTAGTGTCTAATCTTGATCAGATTGGATACACCGAGAATTTAAAGGGTAAGTGCCCAGATTACGCTAATCTAAGCGGCAAGCAAACCCTTTGTCTGTCCACTTGTTCGCCACGGCGACCGGCGACCGGGGTAATTATTGAGAGAGGGCCGTAGTGGTAAGACACGTACCTCTTGGCCAATATAACGAGAATCGTCACCATCTAGGAAGACGGCACTCCGACACCTGATCCTCCCCTACACTTGACTTTATAATCAAGCTAGCCATGACCTTCAGAAATCAGGGACCTTCATGGTTAGCGTCTTTGCCACCAGCCCTCTTCGAGCTTACCGTGACTTTTTCGCCCTCGGAAGCCACACTGTTAATGGACAGATCCTTACGAGTTCTTCTATACGGTATACGCTCGGATTGGGCTTTAGGATCTTATAACGCCAGGAGGCATTAAGCATTGCCCTTGAAGCCTCGGCACTCGAGGCAAGCGTTAGTGGCATCTTGCTCGAATCTTTACGGGCACGGTCTAGCTACGTAGTATCCCGCGGAGTACTCATTTGGGCCCTAACCAGCAACTACGTTCCTTATTTGTATACATGGGTGTTTACGGGCAGGTTAGTATTACGAGTAGCTATAGCACGTGGAGTGTTGGACGCTTCGCTTTACCCTGGTGCACACGTCTA,1916,50.1,Drosophila melanogaster
SEQ_996100,GACGCCTGCATAATTCTATGCCGTTTGAGACTTATAACCTGCGGAGAATGTCACCCTTACGCTCTTGACATACGTTCGAGCTACCATTTCTGTGATACGTGGTGAGTCCATCGTCCCGACCTAGCTTAGTTTCATAGGGGTAGAATGCTCAGTTAAGTTTAAGAGAGCAAAGGCCCTTCATACCATGGCCCGATGCGATGAGTGCTGACGCCCTCATCCTGTGCTGTTGGCGCCACCTGTGCACAAATAACTCACTCTTTTGGGGTCTACCGCGCTACTCAGGGAAACGTAGCTCGCCTTGAGGGCCTATGTTACGATTCAATAATGAACCGTTGGGCGTACGTCTGATCGAAGCCGGAGAGTGGGATGACCAGGATTTAGCCGCCCTACCCGCGCAACCGGATCCTTTTCTCGGCACGATATGTTGTCATGTCTAAAAACTTAAGGCACTTGAAAAAGACAAGGAGCAACGCTTAGAGCTTTGAGAATCATACACCTGGCCCGGTCCTTGGCAGACTAAGCGCCACACAAATGAGTAACTGAAGGTCTGAAATTACCTGGGCCTAGCTAATTAGAGAACTGTACACTAAAAAGTTGCAACGATAAAAGAGCCTCATCTCCCGTCTTAAATTACCGAAAAATAGAGTCTGGATCTATTGGGATCTTTAACGGTTACGTAATGCCTCGTCACTAGTACCACTTGTACCTCGCTTACGAGAGCCTCTACTGAATGTTTGCAAACACTACGGGCTGGCCTTAAACGTTAGTCGTGTATGCCACAGAAGCCTGGATGTGTACACAATAGCGTTGAAAGATCTCAGTTCGAACCATTAACCCCTGACCGTCACTGCGTCAGTGCCTCAATGCGAGAACTCACGTCAGCGCCTCCCACACGACGCACTAAGTCTCGGTTCTACTCTGTTCTACGTTACGGACTTCGTAGAAATATAACAGTTGGGTCGTGTGGTTCCAGAAAATGGAATAAAATCCGCGGGCCCCGGGCGATGCCCTGCGGCTGGATAAATACTGGAGATGCCAGCAAAGCTATGACAAGCACCCTTCTGCTACGCATTGAATGAAACCAAGCACGTGAGAATCACAACGTAGTCCGTCGTACAACACCCTGAGACGGTTGTCCCTGGGGTTACAGTTCCATCTCATAATGACTGCTTCCTAAGTATGTCAAGGGCAACTCGGAGCTAAACATGCGATTGGGGGGGCGCTGTTAGAAGGCTTGCAAAGGCATGGCAGTCATGAATCTCTCAGGAGGGAAATATGATTTAATCCTTTTATTTGAATCAGGTTCAAAGTCCCCTTGTTGAGCATGATTCATCACTTCCGTGTATACCGACGGAGGTAGGACATTATAACTCAATTAGCGGGGTCCTTCATACACGTGCTGTGCGCACGGATGGGTGTATGCAGCTGAAAGGTGGCGCCGCTTTACACGTCGGACTACAGGTTATCCCAGCATCAAGGTGGCGGCCCACAAATGTATTCTCCTGCTCTAAGACGTGACGCTGGTCCTGTCCGTATGATCTTCTCCAAGCCGAAGACCGGGAGGCGCTGCCGGACATCCGACCTTTCGATGTGCTCTTAGCACCGAAAAGACAGCAACCCATTGACCCTACGGGCGTCCACAAGGATCGGGGAATCCGCATGGTAATTAGTAGACTTGTGATTGCACCCATAATCCAGGCGGATCTATCGTGGTTCTACGAACGTTTGGATACTCAAGAATAGCCATGGCGCAGACATTGGTACTGCGTGCGACCGCCACTCGGCATTCATATCCGAATTTGACCGGTTCTAGTGTCAGGTGATACCGGAGAAGGCAAAAATCTGTGGGCAGTCCACGGCGACTGGCATGGCTTCTACCTTAATTAGTAGACAGGAACATGGTGCGCCACTGGGCCAGACGCCCAGCCGATACGGCCGATGGCCGAGGCATATCCCACAAC,1961,50.33,Mus musculus
SEQ_232868,ATCCTTGGGTGCCACCGCCAAGGGCAATCTTAGAGGTTAACCGACGACAAACGGGATAACTGGACCCTAGCAGAACTGTTGCGCTTTCGCAAGCAAGCGTGACGGTGCTCTGAATCGGGCATCATGTTCGGAGGGGCGACGTACAGACCAAATATCGCCTGCATGCATGCCCCCTACCAACTTCTTTTTTTTCCTATAATGTAGGCTGGTGCGTTCCAGCTATTCATCCTGCTCCGCAAGCTCTTACTGACCACCTGGG,259,53.28,Escherichia coli
SEQ_480979,ATGACACATATTACACGGATTTCGCATAATTGGGCGCACACCCGTCGCTACGTAATGAGAAAAGCGGATCTGGGACCTTAGCTAAGGCTGTAGCGGCGCACATAGCTGGCCCGTGTGTCGCATGGAGTTACCTCTGTTCTCCCGTGCCGATGTGCCGGGACCACGCCTAGAAAACTTCCCCTTCGTGCAGGGCCCTAAAACATTACTGGGCCACTTCATCCTCCTCTGATTACTCAGCACCGTTACGTCGTTTTGCGCCCGTTAGCCAAGGAGAATTAAGCACTCTCTTATGTAATTTGGTCGATGCAAGACACTTACTGTAGGAACCTGTCACAATACTAACAAGTAAACACACTGGTGGGCGAGCCTTGAGTCCGAGTAGGTTTGTCTTAGAGCCCAGGTGGCACCGCGCCTGGTATCTTGTGCACTGCCTCGAAGTGATACCACACCAAGCATTGCAAGAGACAACCCTGTCGTGCTTGCCGCTACGAGTCATGGGGTGTTTAGTCCTAAAAGCTTGATTCTAAATATGTTTCGCCGATGAGTCGGTTTCGGTTGAGTCCCTGATGGGGAGACCAGGTACCGCGGAGCAGCGCGCCGCTTTGCTCGCCGATGGGCTAATGCGACGTCGCATGCGTTCTCGTCACTAGGCGTACTCTTAGAGAGTGATCCTGCGCCGCTTCAAACATTTCTTGTGGCGAGCCTTAGAACAAGCTAACATAACCTTATGTAAAACACTGGGATGGATGATCGCTACAAACTCATTGGAGCATAGCAATCTTCAGGAAGCCATACCAACCGCAGTAGATTTGTCTCCCACAACAGCCTTATAAAGGCCGCTCCTCCGCCACTACTCAGCACCATGACTCACCGTGCTAACCTGCGGATAGTTGAAAAAGAGCGGATAAGCCCCTGCTACGTTGCAATTGTCAGAAACCCGCTCCATTACCTGTTGTTTCCTTTCCGATAGTGTCATCATCAAATTGCTTCAGAGGCGGTCGACACGATCCAATAAAATACAGCACATGCGGAGGAAGGTCTCAGTGAGACTAAGAAACGGATAGCCTAGACGAAAATCGTTTTGAAACGCGCGGCGACGACCTGGTCTATGCCCAGTCGACACGTTATATTGTGGTCACTGTGTACTCCCCTATGGT,1157,50.99,Homo sapiens
SEQ_241782,CCTAGCAATATCTTAACCCGTACGTCTTCTGAAGTGTTGCAAGCGTTCCTGCGTCTTACCCTGATGACGAGGCTCAGCGCGACGTAACCGTACTTCCCCTCTATGTTTTAGACAACTCGATGGGAGAAACCAAATCGGGAATATCAAAAAGATCCGATATTCCGAACGTAGAAGTGTTTTGACCTGTTGGTTACTTTCAGGAGCGCTCACATCAATAGCCAAAAGCTAACATTAAACTCCTAGTACGCACATTGCGGCCGACGGGTTGTAACGTCCACAACAGAACCTAGTCGATGGCGGTTTAGATAGCAGGGTTTAAAACCATGCTGCTATCCGAAATCGAGGACTTAGCCGCCATAAGGTCAACATGTCACGGTACCAATGCGCGCGTTCCCCCTAGCCATATATGCTGGAGAAGCATATACGTCCCAGACTGTTAACCGAGAGCGTATTTGGCGGCGGTATGTCCCATTTGCAGTAAAGGTTGCCTTTAGATGTACAGTACCGTTGAATGCGGCAGCAAAATGGTAGCAGCGTGTCCGCAAGGCAATTGGTTAGAAACCCTCGACGTTGGAACGCGGGAACTTTTCGCGACTGCACTGACACAGGGAACATGGGGTGTGTTCGGGATCCTGGAGCGCCGGTAGGCACCAATACTGCCAACACACCGTCTAGAAAGTGCGGTCGGTGCCCTAACAAGAATTGCTCCACAAGATCAGAAGAGTAGCCTACATGGCTTTGAGTGCTATAGCCTCCGCAAGTTTGATTGGTCTCCGTAATGCGATAACACATTCCCGGCTCTGGCTCGGTCTCCTATCCTTCGCACAAAGGGAG,834,50.24,Saccharomyces cerevisiae
SEQ_868491,CGGATAGACTCCCCTATAACTAACATTCCCCAGACTCCGACTTTTGTCCAAATGCGCAGGCAACCCATACAGTTAGTTTTTTCCAAGCGCCGACCTATTCAGACTCGTCAGCGGGAGTTTGGGTATCGAACTACGGGTGGTGACCCCTTCCCGGACACCGTTGGCTATGGTACAAAGGGGTGCGTGTTGGTCGGAAAGCTTTTTTTAGTACTTTTAAGCCAGGCGCGCGGACTCTGTCAGCTGCAGTAATCTCGAGTCGCTTTGCTAGCTCGTACTTGCAGAAACTCATGAACTT,295,50.85,Escherichia coli
SEQ_938624,AAGGATCCTAGGTATCGAAAATTGCCACGACGTAAAAGCTCCGTAGTCTTAAGACCCAGTTTCTTACGGATTTTGTGTAGGGAAACTGACATGCCCCTCCGAACCGCTACTGTCTGTGAATAACCAACACGGGGTAGGTACTAACGCCATCAGCAGCGAAAATGGAGTGAAAGGCAGCCAGTTGTGTCGGTTGGCAGTCGTTGAAAGGCGTCGCTTACTAGTAAACGGATTAACGTCGTCCCTGAGTACATATGCATAATGACGCGGGTGTCAACGGAAAAAGTAGGAGCCAGAACTCATTTGGTATCGCACCGCTAACTAATAACATCCATTTGAATTGGCCTTAGGTCGACAACGCCCGTTACGCCTGAACTAGGCTCGCTTTATGTCGCACACGGGTCGCCCTGCAGTTGATGGCCCCGCACGGCCTCGACTACCATTATACTGTTTTCCTTAAATTCTCGTGACGTGTCGTTCGGAAACTCATTTAGTATTCGGGTGCCGATGTTACTGGATTTGCTCACGACTTCGGCGGCGCGGGGCCAGCCGTTATTCATAGTGCGTGTTAAAGCACGATCGAACTCATTGTAAATTATATTCGGTGAAACAGGCACTCGTTTGGTTCACTGCTCATCACAAGCCATAACGCTGAACTCCTGATATAGCGCTTGTATCATCCGTCAGGCAACGGTCAGTGGGGAGATCCTAGGGTCCCACCGTGCTTACTAATTGCTAGCGTGGCAGCTTGTCGATCACACAGGTCTCTACAAATTGCGTACGCGAGGTTTTCAGCGTCGGCCAGCGGCTCTTGTCCGTTTCGCACAGGGCCTTAATGAGGTTGTAAAGCCGCGCCGTACGAAGCCTACTATGTCTTTGAGCCGAATGGGAGCTGGTGTGTTGCCATGATGGGTGACATCTGGCAGCCCCTATAGTACTCACGAGAAGCAAGAATGATCGTGAGTCTCTATCCTCGACTGTTATTACTTACTAGCCACTATTCGGGTTGAGTGCATCTAGCTGGAACGCACCATACTGCAACTGTCGACAATAAGTTGTTAAAAACGTAAATGCTTTCTAGTTCTGCCCATTGCGGATTTCCCACACACTAGAGGCCGAAGGGGAATCCGTGCCGCCCTTATCAGGACGTTACCCGATCCCAGCCTGGTAGACGAACGGGAATACCTATATCTCTCTCGCGATATACAATTCCGACAGTATGTGCACGCCCGGTCGACATCCATCCGGAGCGTTGTACAGTGTCACGTAGTCAGTATCGACAGCGCAGTATAAGTGATGTAGACGTGAACCATGTAAAAATACTCTATCCTAAATCTTGTTTTACTCGTGAGTTCGTAATGGCCCGAGGATTGACTGATGCCGTTGCTTACGAGTTCTGTCCATGCAGAGGCAACTCAGTAATACTCATGTCGATTAGCGCTGGAAGTGCTCGAATTACGCAGGCCAGATTTCTTCTATGAGAAGGAGTTTGGCAGTACGTTTATACCCTAGGCTAAGGGGAAACGCTTTATCCTTACGGACGTCGACAAAAGTTAACGGTAGGGCCGGTG,1568,49.49,Homo sapiens
SEQ_521637,GTCCTTCTGAGAGAAACATGGCGACGCCAATCTACCCTATCGTTTTATATGTTGTCAAGGGACGTTAGGCTGCTGGGGGCCAGTAACGTACCAATGATCTCGACGTTACATCTAGTTGGCCGCTCATTAAGGAGACAGGTATCGTATAGGGCTTGCTCGGGAAAGGGTACCCGCTCGCCGTACCTCTACTTACCGCACTACAGACGACGGACGCGCGAATGAACCGAGTCTCTACATCGCCTCAGCTAAAGATGCACGCGTTTAAACGTAACGGTCTGCGCTAACCAGGAATCCCACTTGATGGCAATTAATTTGTGGCGAGGCTCGAACAGACATGTGGCACAGTGAAGGTGGCCCAGACTCCCAGACGCTGGGCCTCCTCGTTGGAATTGGGTGAAGATAACTGCTAAACCAGTTATCAATGCGGATTGGAATTGCATCTTCGTTCTCCGCTATCGGTCAACCAGCGCATGATAATCTCCCAAAGAGGAGCTCGTATATTCTATGTGGTATGTTTAAGCGTCGCACTCACCACCGCACGGGTTGTACGAATTATCATCTTAACGGAATAGATTACAGGGCCGTTTCAACGATAAATAAAGTGCCCAAATTCTTTTGGTCACAGGGTGAATGTTGGAAATGCCACTAGCGGTACGATAGCAATACCGAAATAGCTTGCGGAACCTTAAAGCTAAGGAGTGGCCCTGATGCTGTCAGACTGGATCTAGTTCAATCAAACACGAGTGAGCATCAATAAGCAATAGGCAGTCTACATAGATAATATCGGGTGTCCGGCAAGATGTTAAGTCTTTTCACAATTCATTTATGCAAGGCCTGCGACGGTCCTCTGTGGTCAGCGAGCGCCTGCTTCGGACCAGGGTTTCGTACAGGCTTTGATCTATGGGCGAGTCCCTAGGAGGCCCGGATCAAATTCGAGCGGTCCGTTGGAGGATCTAACGTTGAAAGAAGGTTGTACAAAAGGACAACATTTGCTGTTGGCTACTAGTTCGGTAGGCTAGTCGTCCTATCCGAGATCCCAAGGCCATACTCTCGAGACCACTCTCGTCTGTCGCAGTTATTATTGGCGCTGGACACCACGACCGTATGTCTCTAAACCTGCGGCGGTACTGATCCAGCTCCAGAAGCCTAGCCCCTGTCACTGAGACGGCGGGAAGGAACGCCAATTTTTTCTCGATTTTCATACCAGTAATGTCACGGACGCCAGACCGTGCAGTTGGGAGGAAGGTCTCACGCCCTCCATTCAATTACGTGAGCTCGTAGGGCGAAAATGAGAAATGACGCTCTTTCGCGCTTTGGAACTCCTCTCATTTGAACGTCCGGAAAGAAGAACAACGCATCCCTACGTGGCAGAGGACTGTTCGCTCAAGGATGGTTTTAACTTCCGCCACACCGGGTAGACCATAACGCCTGATGCCGGCGCTCCTTCGGGTGTGACCCTACCTCGCCAACGCGTCCGAGGAGAATCTCTCCGCTGGATCGTACTTCACTTGGTACAGTAGCTTAAGTGCATGCTGACGATACGCAAGAGTCTGGCCTTTAACTGACCGCTTGCGGCTCCGTATTGGGCAACACCGGTAGCCAAGAAACGCGGAACCTTACATACGATACCACGTGGCAGTGTCTTTTGGAAGAAGTGTTTTGCTAGGGATTTAAGACAGGATACGATGGCCCTACATAGCCGGATATCACCAGTTAAGATAAGACCGTATAAGTGGACCTCCTTCTCTAAAACAACACAGTTTGAGGATATCGTCGATCCTGTATGTGTATATAACCGGTGACACGTGTAAATACACTGTCAGACATGTAAAATTCTAGCAGATTGCGCAACCATTAGGGTGCTTCGGAATATCCACGGTGAGACAGCAAAGTTAGGTGTGTGGGGTGCCGAAT,1914,50.0,Homo sapiens
SEQ_923734,AGCAGTTGAGGTTTCATACTTTGGCCTAAGACCGTCTGTGGCCATAAGAGCAGCGCGTACAGTCACATACTGAAAGAGGATTAGGTAAGATCTGCATGCTCGGTACTAAAATCTCTTTGACTATAGCTCACGTCCCCGCAAGGTGATAAGATATTCCTACGGCCCTAACTTACCTGGCGCGCGACGAGTATTTGGCCTCGTGACAGCCGGCACAGCGTACTGCAGGCTGGGCCCATGGATCCACTGACCACTGGCTCGAGCATGAGTTGTAGCCAGGCTTACTGGTGTGATTACTAAAAATAGAGATAGCGTCCGCGTTACGCACATTGCGTTTACATGGGCAAGCAAGCTCAAAGGCTTGGCTGGGATAAGTTCGAATAAGGTGGCGGAACACGCTGAAAGGCACCTGCTAAACCGTGGCCTACGACTAGCAGATAAGGTAAAAGTGTTCAATTGAAGCCTCAAGCATCGAATAGACAACACTTACAGACCAACATATTTGGTGCGGCGTTACTTCTAAGCTTCACCAAGATAGCCATTGTATCAAATCGCGCAACGATTATCCGGTCTGGACTCGACATATGATCATTGGATGTAATAACATTGGTAAGGATTTAAAATTCATGACGGGACTAACAGCCGCTCATAAAGGCTGCATAATATAGGCTCCGTTCGAAAGGTTCTCTTATTATCATGGTGCCCGTGTCACTGCCGCCGCGATGTGTCCTTCAGCCCAGAACTGGTTCCAAGACAAAGTGAGCTGAAAAATCTACCACACTTCCTAAGAAGATACGCCAACTTTACTTAATATGCTAACTGATACCTAGCCAGAAGAAACGACCGCCATGTCGTTGCACATCGTAGGAAGGGATAAAGGTGGGGTGGGAGGAACTAATGGCCGCAAAGTAATACTACGTTTTTATTATCCCGAGGTTTACGTCGAAGCGACATCTGGTGGTACCGGGAACGTGGGTATCCATCGGTAGACTTCC,992,47.88,Escherichia coli
SEQ_156799,GCTTGGAATGATAGTGGTTCTATCCAAAATCTTTAGCAAGACTTTAGGAAATCAGTGTCTCTGCGGCCGGAGGATTTAATCTACGTCCATTGAAAGGCACGATTGTGGATCATAAGTAGTGCGACCGTCAAGTCTCTCTCGGTCGCGGTAGCGTTTGGTTCATGCGCCCAGCTCGCAATGACTCACGACATGGTCCATCGGTAGTCGGGCTCGGGACACCGTCTATAGCTTGTTGTGTTCAACAATCAACCTACATCTATTTTCCGTAGATAGCTAGTGTCCCGCCGAGACCACGAGTGAAAGAACCCGACTTCAGCAACTAGGCACGTGCGGGCGCGGGGAACACCATCCGGTACTAATGCTGACTGTTATTTCTATGCCATTGTAGTGGCCCCACGCATTACCGGATCGCTATAACCCAGGAATCGATCTCCTATATAAAGCCTTAGGTTTCACAGTATCACGCGGATCTCAGGCCACGATAGGACGATGGTGTATAACGCTTCCTAAGTCTGGGGCAAAGGCACTTTTCCCGTGGCCATAAGTTTGGAATCCGTAGTAAAAAGTATGTCGGACTCCAGGCACTGCATTTGTAAATGGAAGACGTCCGAGTTTTGCGCCACAAGCTCGCATCCTCAATGGCTGATTACTTATAAACCCATGAGCGTACGTATCGTATAGCAAGACTCCGAAAATATCAAACAAGTCCACAGAACTAATCCCAGGTGACTGCACGGAAATTTTTATCCTCCTAGTGACAGTCCGTTTGAAGCTTGGAACCCAGTCGCTACGCAGTTTACGCGAAGGCCGTTGATACCCCGCGCTAGGTGCCGATAACTCGGGCTGATCCGTGATGTGGCGACGAATTCGAGGTATGATGTCGTTGCATTAGGACGGATAGTGGCCTCAGGCCCCCGGGCGTGAGACCGTTCATACAAGCCTCGGGCTTGTACATTAAAGGCGACCCTGTCTTGTACAGCGCTCCAAGCTTTAACCCCCGCATTCCTCGTGATTCTCGCTTCGGAGGAACAAACGAGAGTGTACTATCTGGGGCTTCGCACCCGCCTTTAGTTAAAGAAGCATTCTATCGTGTACTTCATTACCGCTGAAGCATCAGCTGAAAATACTTCGGAAGCTTGGGTGGATCCTCCATCGGACCGGAATCTAAGGCTCTGCTGGGACCACTAACCGCTAGCCGCCTGCTTTGAGAATACTAACCCTTAGTCGACACACAGGACCTGCTACCTATGAGCAGAACTCCGTATGGTTAGAAAGACTTCCGATCGGGGTTCGCACCTTACACATATCTGGAATTTCGCTTGTTGCCTACTTTGAATCCACTCTCACCGGGTCCATTATGGCAATTCTACTCTGAACGCTGAGAACGACGGTCTAGACACAATCTACCGCGGTTGACAAGCCTCCCTATTGAGAGTACTATCTACACTGCCACAAAAAGGACCGCAATTTACACGCCACAACACCCACGTCCCGGGGACCCGGAGGCAATGTGGCAAGTGTTGTTGTCAGCTACCCTACCTTTCTTGTCAGGGGCTTCAATTTATGTTATTAAGTCAGTAAAGAGTGCACAGATGTTAACTCTCCCCGGAGCTATGTGCGCATGCGACGACGTTATCCCGGCGACCAGGAGCTTAGCCACGATGCGGGGGAAGGGCCACATAGCTATGGCGTATCAGCGGCTTCGAAATTGCGTGTTTATTGCACATAGCTAGTCTACAACGGTTACTCCATGATACT,1758,50.34,Escherichia coli
SEQ_944503,GGCTGCTTGATCTCTGAAACGTCCCCCCCATTGCGTATATTGTAGTCCCTGTAACCCTAAGCCACGATTGAAGGCCTGAGCAGAACCTGGTGAAGAGTTCAACGCGGCGCATAGTGTAGCTAAAAATGACGGGTGTTACGCCCAAAGATCGGCGTGAGGACCGTCACAAGGGGCTGTAGAGTAACCAGTTTAGGGCACCCGAGTGAAAACTTGCGAGAGTACTGACCACCGAGTTACATGATGAGAGTTGATTTGGAGTTTAGCTTCACGCCGGCAAGAAGGAAGTCCTCTATAGACAAGGGCCGTCTGAGGAAATCTAACACGCGGCTTACCAGTATAAAATGTCATTATCGTACAAGGTGGAAGGTGGTAGAATCCGATAAGTAAAGAGTTGGGTCACGAGGAGTCATTGATGTATTAATAATCACGCGCGCCTATGATTTGCGCTGGTACAAAGCATAGGGAGTTGCGTTTACTGTTACACAATATCAAGTCTTTCG,500,48.0,Saccharomyces cerevisiae
SEQ_871582,ACCCAGTCTCGTTTAGCTAAGGCAACTGAGCCATTTTACCGTACTCCAGGAGATCCACAGTCCACACCAGATTGCTTGAGGTACGCTACGGGTATCCGAGAGTAGACTTAGATGCGACGTCTAGACATTATATTAAATATCAGACATCATACGGGCCGGTTTTCTCTGCCTAGCACGGAGGGAGCCCCGATCTTAAGTTCACAGGCAGTCCGGAGGAAGGGAACCTAGCTATCTGAGTGTGTTGTCATCGCCAAATATCAACTCCCGCGATTCGGACTCCTACGTTAACCAAGCGTAAAATCCAGGAATTCGATGAGGGGACTGATGCAGTGTCAGCACGGCAAGGGGGGAGGAGCGAATGGTGGTGCAGCTTGACCATAAAGAGCCTAATCTACCTACCCTCCTGGCTTAGACCCATACCGGTATAGTTGCCCCTCTTAGAGATGGACAGCGTAGCTTAATCCAGGCACCGTACCGGGAGCACTAGTTGTTACTAATTCGCTACGATAACGGAAAAAATACCGACTACCGTCTCAAGACTGTATCGCAGTCTAAGTTCTGAGCCACTTCGTCTGTGGACTTATTGGACCCCAACATTGGGTAAGCGGAAAGGTCTATACGCCGCGACGAATATTAGGCGCTTGTTCCTATTCGCGATGCACCGCGGGGCCCAGGAGAACCATTGGCAAATATAACCCTCTGTAATGACCGTATCTGGCCCCTCAGTCCTTGACCAAGGCCTGGTTATAACGAAACCGACATATGTACATTCTTCTCCAACCAAGGTAGAATGAATGACTTCCCTAAAGAAATGAAAATCCCATCGTCACTGCTGGGCCGATATCCGACTAACTAGGACACTATGTCCATTCGGACGCATGGAATTGGTCGCGCTCCGGGGCAGGTGGAGGCTTTACTTCTGTGCTGCAAGTGGGCTGTACGCCAAGGAGGGGCGTTTACTCCGCTAAAACCGTTGTGGTTCAGGGGCCTCATTCTGAGGATCCTCGTCTGCCTCAGTGATGGGTACTCAAGATTATGTCCTCGAAACAGGATACATAATCTGTTTAATCGGCACAGACAAAGCCGGATCGGCAAGGCTTATCACGCAGAAATTTATGGCCCAAATTGAGGTCTGTTGCTCAAATACTCCTCGTGCAGTCACCGGTCAAGAGCTAGGGTCCAGGCGAGTACTAATATATCATGGGCGCAGCCCGTCTTTCATTATCTAATGAAGGGTGCTTGGCGCACGATTCAGTACGAGTACGAACACTTTGCAATTGGAAACCTGATCGGTAGAAAGGAGAAACATTTGCTCCTACGACCATGTACATCAGCGGGTATGTCTCATTCGCACCGAACTGAATTTGACAGTTAATTTCTCAACCAAGATTAAGATTTAATAACTGAGCCCTTCGCTAGCGTCAGAGGATGGTTGAACATACGGGTCAAACCTGTATTGTCTGAAGATGCGAAGGGTACCCGTGAAGACACTGTGGGTCTAGCCACCATTATGTTAATTCACTTGCGTAACGTGGGTGTTATGCCTCACCTTAGGAACGTCGAACTTGCTCAGAATAGACCGGGAGGAGCTCCTACAGGACAAGTAGCACATGCCAGTGAACCATACAAGTTCTAAGGCGCCACGGTAAGCTCTTAGCCTGTTATGCGAAAGCCGCGCGGAAGCGTTGATATCGGGATTGCAGCCCAGCAGCATAGCCATAAGTATTACTAAGAACGTTTGAATCGGTACAATCTCAGGAGCCCATGTTGGAAATCAATGATGGTTGCCGGCTTGAGCTACGTTGAACGTCGAGATGTTTGTATGCGGGTGCACTATCAGTTAGACCAGATAACATTCCTCGATCGTGCAGCCAAACTCCGCTTGGAGCCTAAAGTCATAAACGCTAATGAAAGGTATGGTTAATTTTACCGCAGTACCCAAT,1943,49.0,Homo sapiens
SEQ_259385,CGTCAGTACGCCGAACCGGAAGCATTGACGAAGTTCTGCAGATTTTCTCAGCCAGTTTCGGGGCCACTCTCTGTCGAAATCTAGGAAGTTCTAGCGGCCAGATGTGTAGCTCATCCCGGCATTGAAACTCTGTTTGATTAGGGTTACTCCGTTTCGACTTTCTGCGATCTCAAGGACAAATATTCAGTTGGCTGTTCCTCGCCCTCACGAATGTAGGCATTACTAACGTATGGGCCTGGCCTACGGCAGACCTGTTCCGCGTATGTCGTTGATCGCGCGATTAAAGAGGATGGACGACATAATGCGGTTACGTTGGTACCGCGGCGATAACCTTATCACAGGTGGGACCAGAGTATAAAGTGTGCCAGCTTTTGTCTTCGCCCCGGTTCCGTTGCCGGAATTTTGTGAACTGTATCCTGGAAATTCAAGGAAGAGTCAATGAGGGACGACAAGCCCGCTATGGCTTTTATGTAGCACTACATAGCAGTACTCGGAAAATCCGTCTAGGACCTGGAGATAGCGTATCGGGACCGCGCTCAAGGTGAAAGAAC,551,50.45,Arabidopsis thaliana
SEQ_483572,CTGGATATGTAGCACGGGGGACATCAAGCGACTCAGCAAAGCCTTTCAATGTTATATTCAAGTAGTATGCCCGTTCACACTGGCTAGCCCCGTCAATATGAGTAAAAGGGAACTTCGCAAAAGCGAGGTGGAGATAATCCATTGCCTACCTAAGATCACCATTAAACCTATAAGTGGTTTCCATGGCGGAGTTCCCCAGTCTTCGACTAATAAACAAGTCACAGATTAAACGACGCCGCTAGGTGTTTGTACAGTATGTCTGGCTCAGAGACAGGCCGTAATGGTTACAGACGTATATTTTCTGCGATGGTTTCTCTTGTGTTCTTCGCGGCTTTGCGCAAACACAAGGTCGAGACGCCCATTATAATGACATCGGAGTGGGTGTGCTATACAGTGTTTGCCGCATTGTGTTCCGCTTGGATGTAGAACGGTGTTTTTGGCTTCGCAACTGCGGAGCGTCATCTTCAGTGGTCTCTTAGTAGGGTCAAGTGTCGTGGTAGTATGCCTAGCAGCAAACTTTATGCATGGTACTTGGTCTCTGATCGTGAAACTCACCCGCATTGCTTGAAACTGGCTATTTGCACATAGCTCTAGCAAACGTTCCATCCATTTCTGGATATAAACGCCCTTACAAAAACTACATATTTAGGGCGGTTGAATCCCTGGATCACGCATAGAGAAACTGCACGTGTGGAACTGTACGGACGTACATGCAAGCTTCTCTTCTTTGGATGTTTTTTCCGTAAACATCGAGGACCTCCAGGTACATAATGCCTGTAAAGTGAATGCAGGCTGACGAAGGCGCCGTGTGGTCAGATGGGTTCATGGGTCGTATTCCTTAGACGCTGCGTGTACCCGGCTTACTCGTAGGACCGGGGCACGCCCGCCTAAGCTCTAACCAGTTGTATCGTCTGTGGTTGTTCTTTCGGCTACATCGAATGCATTATACCAAAGAAGTCTTTCAGCCCAATAGCCAAGCCGAGGCGCCTGTCACAGAATGTCCCTATGCGATTCTCCACAATGACTTTTTGGTGAATGACGCTACAACACGGGACATAATAAATCGAGGCTGTGGGCTATCCGCTACGTAGCTTATACACGCAGTTTTAAGCAGAAGGGAAACTAATGCCATCAAAGTCCCTTCATGGAAGGCGGAAGCCATAAGTTGCGACCTTATGAATCGTTCCAGGAAGCAGGCTTGGCGTCTAGCTGGGTCGGGTCCAGGCGGCAGGTGCTGTGACACTACCTCGTCCCATAGCGAGGGTTCCATTACTTCATCCTATTTACTCGTAAATTAGTGCGGGTACTAGTTTAAGGCAGCTCTATTAGAGGCATTGCCGTAGTTAGACAGGCGGACAATAGGACCGCGTGTGGAAGTTCTTTATTGATCCCGGGGCCTATGGCTCGACACACGTCCACGCCGCTGGAGCTATTCCAGCGACCTACTGAAAACACGAGAAATGAGCCAGGGGGCAGCGTCCCTTCCCGGGATGAATACGGGCCGAAAATAGCGGAAGAGTAGTCGTTGGAGCAAATTCTAAGCTGGACTAATGACTCTTTCACTCCCTTTTTGGGAGCGGGCCCGAAAACCGCTAATCCCGGCTCCTCACGTGCAAACTACGGGGATGAATGGCTAATATGCATGCCTAGAACAGTGTAAAAGGATCGACGGTTGGGGTGCATGCCTTGACATTGCTGCTATTGCGCGATAAAAGCGAGTCGATGAGACCGCAGCGAACCGAGTATGTCTGGAGGTCTGGAGGGCCACACCGTATCTCTATCTCGGGCCAGGGCGCTCCAGTCCCTAC,1808,49.89,Homo sapiens
SEQ_440589,TTGTTCGTGTAGTCGCGCACCCAAGGCGCCTGTCTCCAGGCCGTTCCCTGAAACCTACGCTGTATTCTAGGAATGCAGGCGCGAAGCACCGTCAAACGCCTGGCTGACCTACCCGAGAATCAAGTTTATGTTCCTTTCTTGAAGGAGGAATTAGTACCCCTAGTACTTTTAACTTGAACCACCTGTAAGTGGAGCAGGTTGTCCG,205,51.71,Mus musculus
SEQ_962856,GAGCATCTCCGAGCATTGGCTGATTGGACTCCCTGAACCCAAGTGGGTCGTTCTATATTTGCAACGCTGCGGCTAGTATCGTTCGGTAACAATCGAAACCAAGCCCAGGACGCTACAGAGCGGAACATACCCTATAAGACTCATAATACAATGTAGTCGGTAAAGGTGGGTCATGTAGGGTACTGGGCGCAGCCTGTAGCTCCTGTGGGCTTACTTATATTGGAATCAAGGGTGTCAAGCGTATGTCACAGGGAAGGCCGTTGGAGCGAAGTCAAAGCGCACTTACAAGTATGCCTGACGGTTCGCTCACTCGACAGGAGGCTCAATGCGGGATCCGCGCGGACCGAATAATGCTTCTAAAGACTCATCTTGACTTCGGGTGCTGAACCACCCCATGATGTATACGTTAAGGATGGTAAGTTCCTAATGTGGGACGAGCACATCCGTTCTGGAAGGATGGTTTGAGAGTCCTTATGCATCCCCCAATACATCTTATGAAGAGACAGGGATCCCGTTGTTGGACACGGTGGGTCATAGCGTCCGTAGACCTGAAGACTCTTACAAGCAGACCCAGCGTATGCATCGAGTCGGCGCTAAGTAAAGCCAGCGAAGAAATGACGTATTCACACAACGGCCTCAGGCGCTTAGCGCTGTGACGAATGACGTCACAGTTAAGAGAAATCGCTGATTGTCACGAACTCCCCGCAACTATCTAGTGCAGTTGGATAAGGAAGTCGCTACTTTGTGGGCCGCTTAGTTATCCTTGAGCCCGAATCCCACGTATCTCTCTTCCACGCGTCATTAGAATTGCGACGATGGATTGCTTT,827,50.54,Escherichia coli
SEQ_533538,GTGCTAGCGAGAGGCGAGTAAGTGCCATTTGCGGCATTACCATGAAGGGGCCTAGACTAGCTGTAGTTGTGCCCTAGCAAGGAGGCTTTGATCTATCTAAGAATCGCGACTCCAAATGATCCCACCTAGTGCTAAGTCAACTGTTGTGGAAACGGTACCGACCAGCACCGTCATGGCACCTACGTGCTTCTGGTGTGAAAGCCACACGACGGCGCCTACGAGCCACTGTCCGAGCGCCCTATGATAATGTATCTCTTTAAAGCATGGATATACGGCTTCCCCCGCACTGCCTGTTCTGTCTTTGTACAAAATAAATGCCACTTGTTCAAGCCGATTTTGATAATCCGAACTCAGCTCAAGCTGGCGTACCTATGGGGGATAATATTTTGACCATTACACCGGCGCCCTATCGCAGGGTCAGTCGATTGCTTGATCCCAACGTCTTACGAGCGCAATCTTGTGTATACTAGGATATCAGCCTCGATAGGGCGCCGGTTTACCCCGCGAGCTCATGGCGCTTCCCGATGAACAGAGAACCAAAGTGGCTCAACGAACTGTAACCCTACGACTGGCGACGAGTGGTCCACAACTTAGATATGCAACGACGCCTTTCTGCAAAGCGCTCCGTTGGGGGGTGGTTGTGAATAACCCAGCCCAAGTGACTAACCACGAGTCCTACGGAAGGATGGTAACCGGTTTACGGCCCTGCAAAGCAAGCTTGCTAAACTCGTGGAAAGTTTCCATTGGAGATAATCAACGCCCACCGTGAAAGGGTGCGAAAGTCGTCGGATAGACCCCCTGCCGAATTCCATAGCCAATAAGCCTCACCTCTATGAAAGAGCCTCCCGGATGATGCGCAACGGGTGAAATGGCACGTCACCTGTGTATTGTTGATTTTTTGAGTAGAGAGCAACTTGAACTGAAGACCGTTGTGGACGGGAAATCAACTATTCAACGATCTACGACGGCTGACCGTAGAGACGATATCTTCTGTCCTCTGCAGCCGTAATCAACCACCGGATTGAGTGCCCGCTCCCGCAAACGTGACTACGCTTCGACGCTGGGCTGAAGACATCTACACGTGATCTTCGCTATACAGACACCTCGAGCCTGAATGCTGACTGCCCATGTGGTTGCTTCGTTGAGGGTATCCAGGGTCGACATTCCACAGTCGCCACGTAAGATTAGTGTCTGGTGCCGAAGGTACGATATTTTTAAGCGTAGTCACTACAGACTACTCTGACAGCAAGCTCGAGATTAAAGTGACATCTTTAAGCGGGTGGCCCACTGACTACCCACCCACGGGGTATCAAGGTCCTCAGGAATCTAACAGGGTATGAACTGAAGAGCATTCCGGTACCTCCGATGTGGCACCTGGTAGTGGTGGGAAACGCGTTGCCCAAAGCCGAGGCATTGAAGGCACGACCCCTCGGGTACAGAAGCTAAAGGGATTC,1454,51.79,Drosophila melanogaster
SEQ_181286,AGACCTCAAAAAAGGCTCGTGCACCCACTGACTTTGATATAGAGGGGCTACGGTGTATCGAACTAGGGTAACTGGATATTAGTATGTGGATAGCGGTTGCCGCGACGGTAACCCACGTTTGTTGGGGCTGCGTGGCAGGGAATAGGACCTACGAAGTTCCAGTAATGATACACCACACAGCTAGGACAAATCCTGGCCTTAATTAATGGATGACTTTTTTTCCACGGTATACCTATACAACCGACGTTCCGGCCGGGGACAATCGAAAGGCGTTTTATATAATGTACAAGT,291,47.42,Caenorhabditis elegans
SEQ_368874,GCATTTGTGAATTCTGACTGAGGACTACCGGTTCATCGAGGATAAGAAAACACAAAAGGTACCCAGCACGATTTACTCTTCAACAAGTTATAAAAGGCCTTAATGAGAGGTAAGAGACTTGGATTCCACTTTCCTTCTTGACTCTGAACGTATACTGAACACATGGCATACGGGTGGGGTCGTCTGCCGCCTGATGACCCGAAATAGCGCAGAGATCCCTTCAGGTCCGGAGGTCCTTACTGTGAGTACTCGTTTGGAAGGGCTACGTGGCGCTGCTAAGTCACCGTTAAGTCGTTGACCATGATCAGGTGTTCGTACCTTATCGTTTCTGCATCCCTTCGCCGAGAGGGGAGGAACCTTCGTATATTGCCGGGTCCTTGCGACCGAGCCGGCGTGAAAGGCCCCGAAACGTTCCCATGTGGTGAATACACGAACAATGTTTCACAAAGTTTGCTGCTTCATTTGTTATGGGTAATTAGTTGCACGGATGAATTTGGCGACTAAAGTTTCTCACAACTCGCCAGCCGTGAAGAAGTTTATATACAATTATTCGCTTAAAATGCGCCGTCCTAGACTGAGGTCCATACGCCTCCACCTCCTCGATTGCGCGCAATCTCTACGGATTATAGAGTATGGGTTATATAACTATTCCTATAGGTTTCCACACCGCGTTTTTGGGTCATGTT,686,47.52,Escherichia coli
SEQ_380452,GGACGTCCATACGGCAAGTGGGATAACAGCGTACTGCAGGCTGAATTCTGGAATAAGCTCGAAGTCTACGTTCTGGAAGTTCATAATACTGACATAGAGTTACAGCAAGATTGTGAGACCTAAATAAAGAGGAGTCTTAGCGAGAGTTTGGGCCAGTGGAGATGTGAAGGTACGACGAATCTAGAAATACATGATACAGTAGTGAGCGCACCACTCCTAGTTTTGCTTCTAATGCATGCCTGATACCCGTAAGTAGAGGTAAACAGATCAGACTACTATCTGCTGTTTATAGAAAGAGCTCAGAAACTACTAGTACCTTGCAAACCACTGCCGGAAGGTGCCTGGTACCCTGGAGCAAATGATATCCCAAGTCGGGGAACAATGTTAAGGATCCTCTCTCCGCGACTGCCGATCCTGGGTCTCAGAGTGACCGTAGGGCCTAAGGCAGCGTAGCACTAGGAGGGCTGGAACGCGGAAGAGGGATAGGGGATCCTCCGGAGTACCTCGTTTAAGTCCATATGGACCTGCTGACTGTTAGGCCTGTAGCACGGTCAACCTGAATACGAAGCCGCACGACTCGTTACCCACCTGCCCAAAAGAAGGTCATTGCTATTATGCTAGGCTCGTGCTTTAAAATCGAGGCTCGCCTGGCTGTAGATTGCCAGTCAGACAGTTGACCTATCCGTTACGGTACGGTGGATTGTTGGATGCTGTGGATACTCGTGCAGCACACAGCGAGTCGTCTAGTTGGTCACTGTGGTCGAGAGAAAAGGTTCCATGTCTTCGAATGGCCCCTATACTAACTATACCCAGACTGTCGGCTATTACAGACCATGACATACCTATCGCTGACCGATTTGTTGCTCATTCGCTGACTACCAGCCCGTACCTAGGATGAATTTATGCTCAGAAGTGGCGCCCCATGAGAGAGGCCAACTGCGCCAGGTATAATTGATACAAACGGAGGCCTCCTAAACCCTTAGAAAGTCACATCCCGATCTGGGGTCAGTTTG,1013,49.65,Arabidopsis thaliana
SEQ_766799,CGGAGAGTTATATTGTTGGGCTGGGTAACAAGAGAGATTCTGGGTCTCACTCATAGCCGCCATAGCGGGGGAATGGTTTACGGACGGGCTCGGGGTTCTTCTCATAACGCAGGTCTTTCTCTGGTTAGTATCCGTCGCACTTATGACACGATATACGGCTCAAATCGGAGCTGAACCTCTCGCACGTCCAATCCAATCTGTTACAGGCGCTGCGGGCTTAGGGGTCTTTAGATGATTTCGCTGACCGAAGGTTGAATCACGATTCCGAACGGGTCCCGCCTTTTGTTAGCAACCATGGGGGGCTACGATTCACGGCGGATACGTGTAGGGTTTGCAGCGGTACGATATGC,350,52.86,Escherichia coli
SEQ_263204,TATCTTGGACGTCCACCGGAAGTTATTCCCCCGTGTGCACAAACATGGTTAGAGAGCACTGTTAATAATAATATCGTTTCGGCAGCTCGATGTTGTTGATTCCAAGCACGAGAGACCACGGGGCCCATGAGATTATTAACAGAATAACTTAAGTGACCGATTACGGATTCGCCCTGCGATGCGCTTTACTCACGTAAGCTACCGGACTAGTAGCTTTCATATCAAAACGTGAAGTCAGTGCCTGGAAAGTCTTCAGTGAATTCAGGGGAAATTGGCTCTGAACGATAAATCAATTTCCATTGTACCAGGCCATCGGCGAGGACAGAACGCCTTCGCGTCGCCAATTGCGTACTTGCAAACTTGGCATGGGTAACCAGGTTCAAGATTAAGTAGCGCCGCTTCTAGTCAGTATTTGAGCTTGCTCCAGCAAGGAAACGATAAGGCCTACCTTGCGCTGCCTCCAGTAGCTGGAATACCAGTATCCGGCGCTACCCGCTGCAATTACCTGTCCAAATAAACCCCGCCCTTCAATTCATTGATCTTTGCAGGGTGAATTGCTGAAATGCTCCTCGGCGGCAGGGATGCGTCATGTAGTAAGAATGAATAATATCGCCTTACCTCCTACAAGGCGACACAATCATGCCATCAGTCTTCCTCTATTTGGCGGGAGAGCTTGCTCAGTTCGCTCGCCGCTCAGCGTCAACGGACACCGATCAACAGCTACCCTCAGGAATGTAAGGAGACGGACACCATAGGCAAACAATCGTAGCTGGGGCCACTCCCTTATGCCGGTGTAACTGATGCCGCAGCGAGTAGCCGATGCACCACGGACAAAAATTGGGGGTGCGCTTTTAATTGCCCGCTCTTGTGCACCGTGAAGGCCATCCTGATATAGTTAACGTCGAACGGTCGGAGGTGATGGCTTTTCACAACTCGTTCGTGCTTTCCTTATGGAACAGTGACCTCGAAGATTCGAAACACCATCTTTATATCCGGCGAGCGTCACGTGGGCGAAAGGGATCTAAGCCCAGCTAAAAAACGGATCCTCCTGTTAGTCGTACCGCGCTCTACGTCCCAAGATCAGTGTATACTAACTTGGAACTGGAGTAAGACTCGCAGACCGCAGCCACCGGGTAGACAATACCACAACATTTCTCTTAGTTACTGCAGAGGGCGAGTTGTCGACCCAGGTTACCTTACGTGATACAATCTCGGATCAATCCCTCCGCGTTGCTTACTGTGCGGGCTGAGGGCGGGATTCATCTAGTACGTCCTGTACGTGCTCCTATGAACTAAACCACCCATCTAAAGTTTAAGGCCCAACTAATCCGCGGACGTGCTCAACGGGAACGGACGCGGGACGTCCTTATGCGTGCCATCCCCTGCGGAGGTATAAATTTACTATCGGTGACTAATAGTTGGGACTTTCCTCCCGGCCGAGATCCACTCGCCCTGATTGATCCGCCGCTGGTTCAACTATTCGGAAAGTCCAGGCATTACGGATTTAGGGAGAGAAATAGAGAGA,1525,50.56,Arabidopsis thaliana
SEQ_434321,CGCAATCATTAAAGACCATTGAAAACGCCCACATTACTGAACCGTCTTCCCAAGTATACTCAAGGGGAGAACAGACACAGCCATTCTAGGCTCAATACCTGCA,103,45.63,Mus musculus
SEQ_617350,GGTACACTGTGGCCGACCGAACCCGGATTAGCAGGAACTGAGCCTACGCGTAGACGTATCTGCGATATTCATAGGTACAAGCCCATACTGGTAGGACGGATACTACCCGGCCTTCGACATGGAGTAGGTTTCGTATGGAAGCGCTACTTCACGAAACCCCCTGCCAAACGACGTTTTTTGAGCTGTAGTCGGTACTGCGCCCTGATCCCTGATCTTAGTTTTACACGGTGACGGAATGGAGATCTCGGTGTTAGGTTATTTAGTAAAACACCTCTGGGGCCAATACATGGCGCAATGAAGTTCCTGGGGTCGTCTGCACTGCACCGGGCCGAGCACCGGTAATCGGAGAATAAATTGAGGTCGAAACTGCCATTCTAGCCAACAAAGTGGAGAGCCCGGTGGAATCGAAAGTAGAACCTCTAAGCGTGGGGAGTGGCGTCGGACGCCAAATTATGACGGGATCCTTCAAGGAAAAAGTCGCAAACGCAATAGGGCTCTGGAGAAAAGACGGGTGGACCACCCCGACGAACTAATGCAGCATGACACTTGTGAATCCCCCTGGTGAACATACCCATACGTTTTATGTACCATCTTCGCATTAGAGGACTTCGTGCCTTTCGATGCTCCGGAGTCATTGAGAGCTGAATGCCCGGGACTTGGAATTTATGAATCTGTCGGCTGGGTACTGGATCCTATGCGTGGCCTTCTATCGTACATATTGCGGCAGTCCTTGTGTATCTGCCGGTCGATTGTAATTTCGTTTAAACATTATTACGGCCCCCAAAGGGCGCCACTGCGTCGTGGTCTAAACGGTATCTCATAGTTCGCATGAAGGCAAGATTTTTGTAGCTATATCAATAATGTGCAATATCGAATACGGATGCACGCATAGGTAAGAGAAT,902,49.89,Homo sapiens
SEQ_741837,GTACCGCCACCCAGACACTAATAACGATTTGACTACCATGCAGGGTAGAGGGCTGTTGCAAATTACATCCGTTTGAGGTTGCCACTTTCGTGAGTCCTAGATAGCCCGCCTGACACATCCATCATTATCACGAGTGGGATTAAGAATTACGGTTATTTTTAGGACGGTGGACCTTATTTATAATATAGTGAGTCCATAGGAAAAGGCTATGTATGTGATTAAGCTCCATATCCACAGCGATCCAGACTCGTTCGTTCACAGTCCCAAGAGTCGAGTCCCCGTATAGCGCGTGATAGGCCAAGCTCTTTGATGCAGTGTTGCGCGTTGAACCGAAACAGTGCAAGGGACAAGGGGTCACGTTTTCACGCTAGACAATCTCTTGTCAGACTCGGTCATTCTTTATTTCATCCACCTAATTGAAGTCTTGCGCGACGGGGGTGCACAGCTCACTATGTCCCCATGGGGGCCGGCTGCTGACCGGTTAGTCAAGATTCACAGTGTGGAATCTGTCAGGGCGCGTGACCCCAACTGGCGGCAATCAAGTGATTACATCACTACATTCGCACTCAACCCAAGCCCGTCCAGGTGATTATAAGCTTTCGCCAATTGTCTTACCATCTTTATTATACTCGAGCCCCTTGCCCGAACACGGAACTTGAATTAGTAAGTCCTAAGCTACCGTCCTAAGTCGTCAGAAACTGTGACTTAAGAGGCGCCTCCCTATTGTTGCCATATATTGTGATAACTGACATAACGTCATGAGACCTTAAATACCCGCGAGACATCGAGCAGGCCTACAGTACCGTGCAGACCAAGCTCAACTACGGTAGTAGACCCACATAGGCTCAGGCTCCCCCCCCTGGAGGAATTCCTGAGTGCGATGATTTAGTGCAACTCATTGGCGACGTGCGCGCTGGAATTCTCGCCGGTCCAAGAACAGTTGATTCTCTGCTGTACGGTGAGCCCGTATGGTTAAATGTCGTCCGAACACGGTTCGCATGGTGGAGGACCTCGAATAGTCTGAGCAATGGACGGGGACCCGATGACTGGGTCATCCTACCTATTATTATAAGAGAAGCTAAGTCATTCACCCGATGGTACGGCGGATTGCAATGCGGAATGGGCTCAGACATCGTCAATGAGATGCGAACGTAGCTTCGATCATTCAGCTGTTAAACCGATCGCTGCGGCATGTTCGTTGCATTTCCAACCTGTATACAATCTACGTATTTCGTTACTCACGCTCAAAGATCCGGGGGCGTACGCACGAGGTGTAATGCGTAGGTGCCATTTAAGGGGGATTATCAACATAAAGGTGATTGCGAGATGGCGACTTTGAATGAGTCCGATAAAGCGGGGGGCGTCGGGATCGTGTATTCTTCTCAAGCCTCTGGCGGGCCAGTAAGATCCAGGTACTTTGTCCCACGTCCCGTTGTGATCCATACAGCAAGTATAAGAGTCCCCAACGAGGTGGTTTAACGAAAGAATCGAGAGTTGGTAAGTCGCAGACGTTTGCGGCTGGACTTTGTCACTAATGGCTCCACTTCCGACTTTTCTTCAACGCGTCTTTGTGTCAAACAGCTGAAAGCGAATAGGAAAGTCCCGAGTGAGTTCAATGTTCCATACCGAGTAACTTGCTTCGATAGACGGAAAGTTTTGTTATAAGCCGCTGTAGGATTCCGACATGCGACCGCTTCGGAGT,1702,49.41,Mus musculus
SEQ_777774,CCCCAGCCAGTGCCGAGATCGTCCCTACCATGTCCGTAAGGTATACGACCATTCCTTAGCAGCGTTGGAAACCTGTTAAAACAACCTTGTAGGTTTCACGAACATCTTAAACAAGTGAAACGCATTAATGAGACTCGATCGCTCCTTTCGCACGTCAAAGGGATGGGATCAGTAACTAATCAAAACAGGTTAATCAGTGATTGATTATTCCTTGATTGCTATGACGTCATGCCGTGGACGCGCTGTCCGTCGTGGTTGCGTAGCCATCAATCCATGCCGCGTATCGGATAGGACCTTCACTCATAACAATCCTTGTTACTCCGCTCGGCTTCTCCTCAAACGAGTGTGGCACAGTTTCGAGTAGTTACAGACCCGTTGACTCTGATTTCATACCCGGGTCTCCCATGATCGAGCTCCCACGTTTGAGCAGTTTTAGATACGGGGGGGAAAGAAGACCTCACTGGAGTGTAGTCCAATTCGGATTGATCCTTACTCCCACTGCACAAGAACAGCCATCGTACCCTATTCCGGTCTAGATGCGACCTATGGAGACTTAATGATAACCCGTCATGGGTTTTGAATAAGCTGTTCAGCGTAGTTCCATGGGTGGCTCCACTTAAACTTCATGCTAATACAACATTATGGTAGGTCCTTTGGCTGGAGAAGATAGGGCCGAGCTGTTCGGTCTCCTCTTTAAACGGCTTCTGTAACTAACTCGTGCGTGGACTACGGGAAACACGGCAACTAAGTGGGGATGGATTGGCTACGTGTAACCAATCCATTGGGCTAATCGGGCTGATACCATTCCCATGTTGTCAGTGGGAACCTGGCCGCACACAAAGCTAATGCGCTTCAGCAGAGTGAGGAGCGCATATAGGAGAATATGTCCTATCAGGTCCGCAATGGTTGCATTCCTTCCACTGTCCCCTCTACACCAAACAAACCCACGCTAGTATTGACTGTTGGTCAACCGCCTAAACAAAAGCTATCAAATGAGCGCCGGGCTGATACGGTGGTTAGTGAAGCTCGGCACACACTACAATTGACTTACTTGGATTGAATGACGTTACAATTCGTGGGGGGTGGTATGTTT,1093,48.58,Escherichia coli
SEQ_685715,TATACTCAACTCTATGAAGCGCGTTGTAGAACGGTGGTGATAGGCAGGCACTTGTGACCTACTACGAGACAGGCTGGCGTTATCGTGGTGAGGAACCTGGTTCACCTGAGCACTTAATCCTTCGGCGAGGAGCGCGCGGGCCGAAACTTTTCCTTGTATAATTGAGTATCAGGTAAGTTTCTTCGTAGTCGGTTTCTAAGTTATTGGTAAATAGTAACTTAGAGCGATATTAGCCGGGATAATACGGAACCCCGAGATACGGCATTCCCCTACCTCCTATGCATTTTCAGCTCACGGCAAGGAGGGTCGAGACGGCGCGATCATGACGATATTATATAAATAACTCGTTTCCCCCGTAGCTTTATAGCCTTTGAGTCAGTCATAACGCTCTCCCTTGACGAGACGTTGTACGAACAATGAGCACGCAGGCCCATCCCGTGACCGCTGCCGTTCGCAACACAAACAATAGGGAATTACTAAAAAACCTTTATGAGAGAGCTCTAAAAAGTAAGTCGCAGGTGACCATCGTTACTGCGAGCAAAGGATACCCGAATGGCT,558,48.03,Escherichia coli
SEQ_122882,GCGAAAACCGGCTGGCTCCTGGTGCCGCGACGTCCTCGAAAGCCGGAAGGAGCCAGCTAGGAGTCGAGAGTCCACGCCTCTAGCGCATGATAGTAAGGCCGTCGCCGGGCTCCAAATACCGGGTCGGACCAAAGAGCTGTGATAGCGACCCCGCTGCATCGGTAAAAGGTCCTGACTCCACACCTAGTCAGTCAGCAGCGATGACAAAAAGTCAGAGGTGGAGTAAGAGCGCACACTCTAAATCTGGTGCATGCCTTTTTAGATGGCTCGTCAAGTAACGGTCGGCGTAAATTGTGCCAGTCTGGTCCTGAATCGAGGGCCACTATCAATTTCTGCTAAAATCCTCCGCGTATTTGCGAAAGGGGAAGTAATGTCTGAGTGATGTGTATAAAATGATTGAAGAAGTTCGGCACATTGTCCACGCTGAGTCCACCACACAACTGTGGCCGACCAAAACTCGAGCGCCGCGAGCGCTTCCACTCATCGGGTTGCTTAGGGTCCTCATACACTGTATGGGGGCAGCCCGCCTCAAGCTTTAGAAATAAGTAGGCGAGTTTCTTGGGTAAGCATTTGGTGACGACCGCGCGGGGAGTGATAGGGCGGCGCTTTCTCAATATGCAGAA,623,53.93,Homo sapiens
SEQ_945223,AAGCAAATAGTCGCGACAGTGGGGTCGCAACAATCCTGGGCTCATTCGCTAACTTTTAAACAGAGCAAATTATACGTACCATCGTCCATGGGTGCTTCATCCCTACCTACGCAAGAGTCACTTTAGACCACATATCTGCACTAGAGGAACTACAGACTTCTAACACAGCCGGAGGGTTCCCGCCGCTACAGGGAGAGATAGCCGCAATCCCAGAACGAGTTGCGTGCAGGCACACTCTGGTTCACAGCCTATAGTAAATCCTAAATAACCATTCACAGGGAGTTATCGCCATCTATATTAACGGCTCCTAGATCAGCGGACCCTTTGCTCCTGCGATGCTTTGGGTGTTAGTCTGTCTACACTTCTATACTCTTCAGTTACGATAGTTAGCTTCGCTCCACAATGGCTCGGAAATTGGAGAACCTCTCACGTGTATGTATGCATATATAACGTGCTAACTCGACGCGAGAATGCTGCTATGTCGCCAGGTAGAGCGATACTCCGCAAACCGGCATAGGCACTAATGCGACACAGGTTTAAAACAGCATTGGGTGCCACTCGAGTTAAGGCATCGTAGAGAATATCGTGTGGATAGGGTTCCCAGGTGGAGGCCAGCATCGACGGGATTTACGCTTATCTCCCTGGGTGAGCTATGCTGTTATTACCTGGTTCGTTCCGCCCAAGTCACTTTCCACGAAGATTAATGCGTGCTCTTAATTTGCCTGTCTGAGTTGTTGTGCCATGCCACGCATGGGTGAGATCCGATTCTACACATGCCCGACAGTTCTGCGCCAGAAAGCGCGCCAGCTTCTGGTATAACACTGGAGGATAATGAGAGCAGGGGCACATCCACTACCATCTACCATGTAGTGTAGGTCAGATGTTTACCGCCGTGCTTTTACAAAATAGTGCTGTATCATGCGTGTGCAAGACGAACGGATGCCGGGTCACCTTTTTCATAACGGATGTCTAGTCTCACTAACAGAGGCTCAATTACGGCCCCGCTCTTACAGGTACAAGCCATATCTGCCACTGCACTGGCTCGCCCTAAGTGTTATTCAACCGGCTGCTTGCACTCCCCATATATATTGTGGAGTGTTGCCCTCGGTAATCCTCGATTACTGTTCGAACACTTCTCAATGATACCGCGTGCTCTAAGTGTAGGACACACAAGGAGGTGTCTCGCTGATTACTATATACGCTTTTTAAATGAAATTACGGAAGAGCGCGGGCTCCTGTAGAACACGCCCTCGTGTATACCAAGCGTGGAGAACGGCAAGCTGGTACACGAGTAGTAACTATCGGCCATATTATGTGAGCGCTACTCGATTTAGTCGCGGTCAACTTTTACCCAGCCTCCGGTCCCCGGCCCCAACAGAGCGGTCGGGGGTATAAATGCTCCGTAGTTTACTCTGATAGATCTTCTAGCTGATGGCTGACCTTCTAGACGGGCGATACAAATTGCGATTAGCAGGGGGCAGCGAACCTTGAAGAATTCGACCCCGGTTTCACTTCTCAGGAACTGGCTTGGATTATGCACTAGTTTAGAGAGCCTTGCCGGAACAACGTCGAGGTGCGCAGATGCGCTACCCTTACTTGTCCGTGTCTTGCGTAAGTCCCCCTACTGCGCGAGTCGGTTAAATCTTATAGAACGACTAGTCGGGGATCCCCCTTTCCCAGATCACCTCATGTGTCACGTTAGTACAACTCCTCGTCTGCCTTTACAGTGTACGCTCCGAGTCCCTCCCATCTATAGCGTTACGGGCTATGTCGCGCACA,1779,50.2,Arabidopsis thaliana
SEQ_963737,GCCTAGTTGCCAGATTATAATCCTGCGGGGGCACTGGAGATTGGAATTAGTTATTGATCCGAACCGCCTCCACGACTTCCTCAAACATTTCGGCTCCTCGTCTAAGACAGCCAAGTAAAGTTGGAACGACGCGACGCGCGCCGGCTATTACCATTGTTTACAGCCCACGGGCCACCCGTCTGCAAGAACTACCGAATCCGATGAATTATAATGCGCGCAGGACTGGTCAACGCTCCGAACGGAAGCAATGTGGACTCTTGGCGCCTACGGGGAGGACAGGCCCGAGCTAAATGATGCCACACTCAAGATCCTATTTTGAATCTGCTCCGTCCACCCTATAGAAGAACTCTGGTTCGAACCGTTTTCGGCTGATAACGAGCTATCGCACGTGCAGTATACGGGCGAGCCCAGCAAAAATAATTCACCGAAGTACTCTGAGCCTCGTGAGGGTATGGCACACCTGTAATATGTTAAAACCACCCCCGGAGACGAGTTCCCGCATTTTGATCACTCAACGGGTCTAGTGTGACTCTAGCAGGGAGTCTGAAACAATCGCCTATGCTTAGCGGTACGAGCATCTGGCGGAAAAGACTTAAGCGCAGGCCAAACTGCCACCACAAATTCAGAGGTCAAGATCAGTAAGATGGACTGGAACCACTTGCGTGAGGGTAGCTTCCCCTACGATCCAAGGTGCAAGCCATATCAAACCCGTAGTTAGCTATCGGAGCCCGGTATTGGAGGTTCAACAAATAAGGTGTATTCGTTAGCTCACGGATAGATCAGAAACTTGGGGGACTCAATAAATACGTTGTTAATAAAGTACAGAGCATTAAGCTACACTCTGTACTTTTTGTGGACGGTTTTGTTGGCCTGCAGCCCACCCCCATGAGCTAGGGTCAACTATAAGCTGGGGCGGTCTACCCCTCCAATAGCTACTATACCTCTCGGACCAGGAATTCACTATGTACCTTGGCCCCGTTGCTACGTACGTCCGATAAGTCGCGCTTTAGCGCAGAGAGGTGTAGCCAATCCCTACACGCCACATTACAGCTGTTACAATCTGGACCATTGAAAATGTATGCCAAAAATAACGTATTGCGCAAGCCTTACCGACTATATGATATACCTCTATGCTTACGATTTGTGAGTCGAGGAAACAGCTACTTATCTTGAGCGCCTAGGCCTCTCTCACGCACAAGGCTCCGAGGTGACAAACACTAGACCCGCCTGCGTTACATGAATGCGCAGCGAAAAATATCACTGGCAAGTCTGTCGCTACCGTGGGGGGACCTCATTCAACGCGAAGACCAAACTCCAAGTCAGGGATCTCGTGTCTTTGAAGTATCATGATACATACCGAAAACCCGCGATCCCGTGCACTTGATTAACACTCCTTACCGCGGTACTTTGGTAGATGTGAGGGAAGTGTCTTATTATGTGGATCCGGGGACTGACCGCGCGGGGTCGCCGAAGCATAGTGTGCCTCACACACGCCACCTTGCAGCAGCTACCGGGCAAGACCCGCTGTTTCCAGCAAGTGCTCTCCCGCAATTAGGCTTCTGCAATAGTAGTTCGTGAGAGTCGGTGCCCAGGTAATGCCCATAATCAGCATTATCAGGGAGAGGTATTCAAACTAGAATTAATTTACAATGACTAAGAGTATCTCGTGCATGGACCACGGGCTGTTAAGACGCACAGGGTGGTATACACCTATCGCAAGACGGCCAGTATGCTTGAACGGTCCGGTAACCCTCTGGGTAAGGGCTTTATAAGGACCTTCGCGTTCCTATATCCGGGCCCTGTCAGCTTAAGAACGTGAAAGCGAGCTGTGTGTAACTGTGTCCACTTCTTTTCTGCAACGCCCAAGGATGGTTTGCCGGCATCGCAGCCGGGCGCGTTCCGTACG,1906,50.84,Arabidopsis thaliana
SEQ_706905,AGGGACAACCTACTGAAGTGATTCTTCTTCCGTACTCGACATTGTCAAATAACGCGACTAAGGACAATGCCATAAAATTAATCACTTAGAGGATGGTCTCGGCACTTAACACTCTTGTGCGTAAAACCCATCGACACCCGAGATCCAGACATACCGCTTGCTACTCCTTCAATAGTATCATCGGTTCAGCACTAGTGTTGAAGAGTTGTTCATCAATCGGGGGCCAACTCCCCAGCGGGCGAGTACGCGCCGCACCTCTTATAACACACACCAGTTCTACCTCGTATTTAGGAAGTTGTATGTAGGTGGGTGATAACCGCAACTTAGTATTTAGAGCCGTGCGGTCGGGTCAAAACTTCTTACCGCCCTGACCGCACACTGAGTATCCGTGGACCCTCTCCGCTGACGGATTATGTAAACGTACTAAGAGAGACATCTCTCCCATAATGTCAAGTCCTTCGGCTACGACATATGTCCCAAACGGCAAGACCTTTAACGGTACAAATAGAGTCCTGGCCCCTTGGCGCTGATTTGCTGATGGCAGAACACTAAATCGGAGACCGCATGCCACAGATAACCCGACGACTTAACCAGTTCTACGTCCCAAAAGTACATTTAATCGGCGTAATCGCAAACAATATCGGCCGTAGCTGTTCTTAAATTATTAAAACAAAGTATTTCGGCCAGATAAGTCAAAGAGTCCGAATTGTCAGGGAGCAGCAACTCTGTATCGCGTCCACTCTAGGTATCTCGGATTCCTACTATCCTCCTTGCTAGAGTGAACTACGGTTGTAGAAGGAAAAGCTCAATGTATCTCGGCGGCTTTGGCGCTGGTGGACAAAGCATGTACCTGTAGATGGAATTGACGGTGAAACGGATCCCAGGAATCGAGTTTATGAAGAGCCGGTATCTTTAATAAACGTGTGAGGGGCCCGTACTTCAGTATGTGAACGTCTCGTCGAATCCCTGAACCTTTGGATAAAATATCCGCGATAAGCTCGCCAGGACGACGGATGTGCCTCCACGATTACGGCATTATCATAAACTTTTCGCTCAAAGCCACACATACCGTACGCAGAACTAAAACCGGAGGGGCACTG,1100,47.73,Caenorhabditis elegans
SEQ_178948,TGTTTGATTCCAGATAAAGTCTCGTTCTGTAATGCTGGCCAGCAGCGCACTGAGCCTTCCGCTGAGTTTCTACAGCTCGTCTGCTCCGCCACGTTTTACGTACCTGGGGCTACGTTTCCTTGACCAGACGTTATCTTAACG,141,51.06,Mus musculus
SEQ_535534,GCTTAACCTGTTCTCAAAAGATGCCTTTATGTCATAGTTACTCTCGTCGCGCGGCAGATTAATCGTAGAGAATTTACGGCGGCACATTCTCAAGGCGGAACACCCAAGGGTTTATTGCGCGTTTCACTAGCAATCTGTCGCATATCACGCAGATATGGCCTACATACCAAGCGACGATACATGCGGAAGCGAGAGGGCCCATGGGTAATGAGGCCGGAACCAATTTTGTAGCGAGACCTAACCCTGGTACGGGGGCTGGCGAATTATTTGCGCCACCGACGGAGTTGCTTCAACCGCTGTACTTTATTAGAGGTAAGATGTCCCTTCTGTTTCCGGGCAGGTAGGTTAACACGATACCCCCCGGGCCAGGCGAAACCGAATGCTACGAGGAGTTAGTGAGATCAACCCCCTGGCACGCTGACACGCAAAGCCCTTACGCGTCGGCATGGAATGACCGCCACACCGCATTGATGACTAATTTTGGTAGGTTAATCGACTGAATTTGCTAAATTCAATCACAAAGCATAATGTCTGGGGGTTTGTGCTCTAGGCTCTAGCGGTACTTCTCCCCTCTAGGGCTCCGGAGCCGAAAAGGTCGCGATGGGAACAACATTCCTCCCATACCACGTGCACTTGCCTTGGACCCACGCGGTAAAAGCAGGCTCTAGTATGTCAAGCACAAATGACATCCGCACCTTGAGCCTTAGCGCGCACCGGGGGTCCCCGCATCCAGAGAAGGGGTACATTGTTTGGGTCAAGACATTGAGCCTTCATTTTATCCGGAACTGGAATCGCTGTTCAGGCCAAAAGAGGGGAGCAGCTAGTTGACATAGTGGGCCACTAAGTTTCAGGTGGCGATTCCGTAAAGTCTGCACGCTGTTTAAAGATTCGACCAATTAACACTTCGTTACCAAGGGGTCTATAGATCCATTAATGTGACTTTGCGTGGTAAAACATTTATAAGTTGTCTTGCCGATGCACTGTCAGGCAGCTCGA,996,50.7,Mus musculus
SEQ_617730,AAATGTGTAAGACGCAGTGGACACCAACTGTCCTAAGGCGCATGGTCTACCGTTGGTATAGCGCGTGGAAGAAGACTGAGTTAAGAAGCGTTGATTACAGACCTTTCACGCTCACACCTACGTCCAAGTCCCCTATAGCGTGGCGCGCTCAATTAAGGGGATTGATTGATCAAGGTAAAGTATAGTCAACAGCCATTTTCAATTGACAGCAACTAATGGAGATCGTTGCGCTTCTAAACCCTCCATCGGTGATATGTTCTAAAAGAAACAATGATGTGTGGAACTCCGCTGGCAGACGACAATGGGGATGGCCTAACAGAACATCTCGTACCTGAAGTAAACCACGCGGCAAGCTTTGCATCTGCTGGTAATATATGAACCATGCGCTTAGTTGAGGCAACCCGCACAGTTCCGCTCGTTTAATTATACTATCCCATGATATCTGAATTCCACTCACGGTTTGTGATCGGATCCGCTCAATTCAGTCATCGGCTAGCCTTGGCATCTTCCGCAGTATCTACAACTAAAGGTGAGAGCGTTTTCTTTAGATAGCACTGATTCTGACGTAGGTCTCCTCATGGGGGTTGGAGATCGTGGGCATCAAATGCAAATGGGGTAACGGCAAGAAGCAATACATCACGGGGAGCCCACACGTACAGACTAGTCGTATGACTACGCATTCAGATTCAGCAGGATCAGCACGCCGGAGATCGCTCCCATGAACAGAGCCCGACTGTCCATTGACCTATTAAATTCGCCTTGTACCGGATAATCATCGAGCGATGCAGCGCAAAGTTAGCACCTTAGGCCCATCGCCGGCAGGTTCGTCCCAACTATGGAT,841,48.51,Escherichia coli
SEQ_582556,GTATTCGACAGACTGGCTAGATAAGACTCGGGAACGTTGAAAGACCGATCGGCCGTGAAAGCATATAAGCCGAATTTAAGAACAGTAGTATCCGGGCTGCCATGAACCACCTGGATGTAAAGAATGGCTCCTCTAAATAAGAAATTTTCTAGAATATCCTAACAATACAACCCTTGCCAGTGACTCCGTGAATTTAGCTGGCACAGGCTACCCGCAGGATTCCGTATAGTAGACCGACATGCACTGCCCCGTGATTACTAATCGGTAGGAGATATTGATGCGATCTCATGCTGTGGCCACCCACCTGGCGAACTGAGTATGCCTCCGAATCTGTCGGGCTTACAGCACGTCTTTTTCACCAGATTCTTAATCCCCGGTTGCGAAACTATCGTCTCCGCCCTTTGCTACGCTAGAAACTCTCGCCTACTGATTGAGGTCTAGCAGCACAGCGACTTACATTGATGTTAGCTGGACAGGCCCCTGTGGGGATAAGGAAACGGGAGCCAGGAGACTAACGTGACCACACCCCACCAGTCCCGTTCATAGCGTTCATTAAGCCCCTGTGTGCGGTTAGACCAATGATAAGTAGGCCGTGAACGACGTGGGCGATCCACGTAAGCGATGAAATAACGTGGCCGCGTCCAACATAGGGTATAAGAGGGTTTTCTGCATAGCAGCTCATACCATCTATGTATTTGGGCAGACGAGGTTTCTGTATAGGTTAAGCATGGATGGCTACGTGAACAAGCCCCCTGAGCAGCTGTGCTGCAAAACAAGAGTTGGAATTCAATTCGGTTCCTAATCTTGTCCCACACTTCCCGGTGCGTCTTCTCTGTCAACCTTCTGTACCAACCGGTTACCTTCTTTCCTCGGGATTGTCTGTATGCCGTATCCCGACCAAACAACCGTGCGAGTCTCAATTAGCTCAGTCCAAGGACCAGTGAATACCAATGTCAAAGTCACTCTCGCCTAGTTACCGGCTCGGTCGTTGGGGCGGGTCCGTGCTTGTCAAGCATACTCTCCCTGTTGCAGGTCACTGCCTAAAGGTTGGTTGTTCACGTAGGCGGACTATTTGACCTAACTCTACTTACGTCTAGGCATCTTGTAGGATTGAATTCTTTCCTATAGTCGCAGTTATTCACTCGGCGTTGGGAGTGATTGTGTAACTCTGACATTGTGTCCAGCCGAATTCAAGGCGCATGCTACTCTCCAGCCCGTATGAGAAGTCCCGCTTCCATTTGGACCGGGCAGAGAGGGCGATCACAAAACATGATTAGCGGCGCTACGGGCTCCACATGTGCTAATAGTGCGGGCCGCCCAAACTTTGCGGCGGGGAGTTCCGCAATGGACTAGGAGAGTTCGGGGACCTTGAGACTAGGCTCAGACTTAATTTGCCAGAGCTGCCTTATAGTTTCGGAGCTGGTTACACAGCCCTCTATTAACTGTTATCCGTCTGGTGGAGCAGGGGTAACTTCAGGGCGGATACTTTGATGATCATGGAGTGAAACGTAGGCCTTTGGGGCACTTTAGAGCTCAGATTATGATATGACCTACCTAGGTTTGCGATATTATTCGTGAGCCGTTCTAACCTCTGTTAACGTCAGCCGGGAACCAGGACTACGCTGATACCTTGAGATTAAGGGTTGCGCAAAGCGACCTTTACTTACGCTTCGGTCAGACCATGGTTCATTTACTGTTGATCGGTTAAGAGATTTCTTTACCCGACAACCCTACGACATGGCAGGGGTCCGAGTGGGACCATGTAACGCCTGTCCTAATTGTGTAGCGCTCAGGTACGCGATAGTCGTCATTACCCGCTAAGTGTCCAGCGGCTCACATGACCATAATGAGCAACGACTGCTCGTCTAAACTAGCTAACTACGCGCGCGGGCGCTCTTAGCCGGAGGGGTGTTTTAAGTTGGTGGAACGGAGTCGGCCAGGTAATCTCTCTTAACTGCTCTACGAGGGATCGTAGCGGGCACCACCCGTGAA,1992,50.7,Caenorhabditis elegans
SEQ_507529,ATGTAGGCCGACCTCGATAAGTGACATCCTTTGCACGAGCATGTTGCCACGACCGCTGATGAGTCGCAGTGATTCGCGGTAGATGGTTGTTGCCTGCTGCGACTGGATAGTAATACAATTGCAGTATGAGACTACTGTCGTCGCAACGGTTTTAGGCAACGCGCTCTAATTGGGCCACCACCTCTGGGTTGGGGTTAGTGCGTGATATAGGGTGGACCGAATTCAGCGACCGAGTCGAACCATCGGGAGGTTCACGGAATGGGCTACGATTATGCGACTCGCTGATGTGTGACCCACGGGAGGAATGTCATAGAAAACGAAGATGGACCATCGGAATATGCAACAATGTCACTTCCCAGACGTCTTGTGAATTGACCTCAATGCGCTTATGGGTACGCTATGTCCACCGTGCTTTTGATGCAATTCATATACCTGTCTCCAGGTTCTCACATTTTTTATTTCAGTACTAGGGCAGGTATAAAAAGAAGTAAAATGATACCCTCCACACCTCAGGCTTATAGGACCAGGCTTGTGATGTCGAAGTCGTCCTCGTACTTTCGACAGTGACTAAAAGTGTAACCGTTCACATATATTGATTTCCAGACGGTGTGTATCAAAACGACTCCCGTCCATGCTCCAGGGGTGTACCGATCGGGATGACGCTCACTGCACAATCCGCCTAGGAATTAGGTTCGTCGGCGCTACTCAATATTAACAACTCTTCGCGCTCACTCTATGCGCATCGTGCTCCCTACCAAGCCGGCTACTTACCCATGCACT,780,49.49,Arabidopsis thaliana
SEQ_667456,GTGTATTTGAGGGGGACTGACCCATCTATAATTACACTCGTGACTAGTAGCCACATCGGCGAACTGTCTCTCTGGATACACTCTCACGCAGGATGACCACGTGACGAAGGAAGGCCTGAGTGACCCGACAGTGTGTCAGACGGCCTACTGTGCAAGAGAGAAGCTCGCTCGTCTTTGAACTTCCGGAGAAGAGCGGGCACCTGGTTCTTAAATACCCATAACAAAGCCTATGATTACGGTCGTTAAATGCCATACTTATGACCCGGGGTCCGGGGTGTACTAGCTCTGCAGTATAGTTCGATGGTCAGGTGAAAATGTCAGGTCCCCATGGTGCTTTAACGCGTCTTCGAACTAGACGAACGCTACGAGATGCAATGCCCAGTTGAATCCATAAAACATGTACACCCGCGTCCGATTTAATGCGCTATAACCGTCTGTGACTCAACGGCGTCACCGGGTTAGTTGATGTAACTGCTTAAACCAAGGATAACCACTGCGGGTTCGCTGGACCAGGTCAGTAAACAAATCGGAAGGACAACCAGACGTTCCAATAATCACTTATTCTGTTCACTTGATCGAATGAGTATTAAGCGGGGCTCGTTCCTATTAAGGCCGGAAGAGGATCTGTGATACCTTCTCTTAATACTTATCTACAACGCTGATAGCACGGGGGTGCTGATCGTCGGGGTATGACTCACTCTACGGGAAATGCAAATGGACTGAGCCAAACCTAGGTGAGACAATGCCGCGGGGAACGGTATTTACTGCTACGAGGGCAGCGGCCGATCCTAAGTAACTCCGGGTATCGATAGAATAGACATCCAGGACGGCTAGGGATATGCTAGCCAGTAAAGGTCGTGGTTA,864,49.77,Saccharomyces cerevisiae
SEQ_478415,CCTGGAGCCGTCACCACGAGTGCGCGGGGGTTAGACAAGACCTAGATCACCACCTTCAATCGCAGTGCGCCATACTGGAGAATCTGAGCCATGCTGTCTCGTCGTTCTCTCCGATGTTTTGTTTCTGGGGCTGCGCCTTCATAGAAGTATATTGTGACATCATCATGGGCACGTTGGCCTTGTATCCGAAAGCTGCCCCGTGCTTTAATTGGCAGGCCCATAATGTCTATAGCAGCTGTGTGGCTCATTAACGAGGCACCGCGCCAAGTTCAGGCGAAATTGGGAGGAGGTTAGTTCGCGAACCGGATTGGCACACAACCCATTGCGTTGTCAGGCAGGGCGTATTACCACATAACACTTTGTGGGCAGATGTAAAGTATCATCCATACAGACGGTCAACTATAACCGTACAGTACTGTTCTTGCGGGGCGAGAATCCCCCGCAAATAGTGACTACAAGACCCTCGAATGTCGAGTGGATTCTTCTTTATCGGCGCTGTCATCGGTCTTCAAAGTCCGAGTATGAATTATTTACGCGTGTGCCTATCGGGACTCTAATCCGTAAGTGCGGTGCGCCTAGTCTACGTGTGCTGGGCCGTAACGAGTCGGGTCGACCTAGCGTATCTCCGTGACGGTAAAATCGCCGGCAGCATAGGTGAATCATGCTCGCATGCGTTACATAGCAGCTAATCTCCTGCTTCCCCACGCCACTCTCTTAGAGCCCGTTATCCTTAGTTACGTGGGGATCGCGAGCTACGCGCGGCATATGTTGGTTATTGGCTCATGCAAAGGCAAGCTCGGCCATCTGTTGTCGGACGTTGTTAGGCTATCGTTCGCCCCCCCAACAACCATTCGTAATTCACGGCCTCGAGGAAGGCTGTAGGAGGATCTGCCGTCCAAAGTGCAGTTGTCGCAGCCAGTACTTACGCACACTCATCAATGAAACCTTTATGGTGGATCTGTGATGAAAGAATAGCAAGAGCCTCCTGTGTTCCGCATTATACTGTGGCTGTTATTGCTATTTATTTATTGAATCGGGTCCATATGACTTCTCCTTAGTGGGTTCGCTACCTATTATAATCGAGATGTATGCGCAACACTAACTACTTAGATAGAGATGCCGATTAACTCCGTTTTGGGTCCCACACGGGTCGGACCATCAGCCACAATGGACCCTCATTAGCCAACTTTACGGTTCACCCGCGATCATCACTCCGACTTCTTGGTTGCAATACATTCTCAGATTCCAATTACCGGCTGGGGTAACCATGTTTTTAGTAGACGTCCCCCTTTACGGCGGAAGCGGCGTCTTCCGCTTCATCACGACAACTGGAGAGAAGCTTATTTGGTTGATGCCTGGGCTACAGAGGATGTTCAGATTTAGGATACCGTGAGCCCAAATAATCGTTTGTTCACCAACGGGCATGCCTACGCATATTCTTCCCTAGCCTTGTCATGAGTTTTTATAGCTCGCGTGATCAGCATCCTTGACTTGCACTTAAAGTGCACTTCACCAGCAGGATCATAGACTCGATGAGAGGTAAGAGCGATGGGCTAGAACGCACACCACGGACCATTCAAGGCGAAATCGGCGAGAATAACTACTCAGGTTGACCCAGAGCTAGAAGATCCGCTACACGAGTAGCGCACTACATTGCCTAAGCGTAGGTCGACAGGTATTCTGGGAGTGGAGACCAAGAAATGGTCTTATATGCTCCAGTTGTAGTGGCTAAGAGCTCAGACGGCAACTCTCCATAGTATACTGTAACAGTGAGAAATGGGATACACTGATACAATTATGTCGGAGGCTGTGACGCAGTGACCAGTCCGTTGGCACGATCAATGAATCACTTTCTTAGGGGGAGCTTTTGATCGAATGCTTGCTACTCTTGTAGCGGCCCGGCTTCTCGAGTCTGTAATGCGCCCTACTATTCGTACAGTCGGTCTACTATATTACAGATTTCCTAGAATGCTGGGCGAAGACGTGGTTCTATGTAAA,1998,49.8,Homo sapiens
SEQ_456702,TCTTTAAAATGATTCTCTGCTTGCATCGTCGAAAGAAGGTGAGAAAAAGGCACCTCGAGTATCTCGGTGCGGTTAGCCGACTATTATCTTTATACTCTACTCTCCAGAGCGGAGACATAAGAACATGTGGGCGGATTTTGAATGTTCACGATGTTCATCTTTGTG,165,43.03,Escherichia coli
SEQ_113995,CTCTGGGCTGGGGGCAGGGACTGTGACTGGTGCCTAGCATTGCAACATTCGACACCGACGCTCTATCGAGGATAATATCTCAACGGTATCAACCTCACTAGGGTACTATTCACTGTCTACTTTCACGAGAAATGTTCCAGGCGTTACATGGGTACCAAAGCTAAACTTATTGTCACGGCCAATTTCGGGCTCCCTTGCGCGCGAGGACTAACGTTACAGCATGGCTTATTCTTCGTAGACCAAGAGAGGATGACACTTACAACACTCGCTTCTACCTTTAGGTGGAATCCCCTTACATTAGACTTCCGGGACTCAAATGATGAGCGGTATCTATCAT,337,48.37,Drosophila melanogaster
SEQ_299684,GGACACGGCGGTTCTCCAACTGCGGTTTCAGAGCCGCCCATACGGGTCACGCCGACTACGAACGCGTTACCCCATCTCTGTCGGTTTTGGTCGCATGTCAGCTCCTAAAACCGCTGAAACAGGGATGACCAACTCATCCATAACACTCGTGCCTCGTGTAAGCGTCATACAGAATGGTTAGGACCTTCCCGTATTGTTGGACAAGTCGGACGGATAGGACGGATCTGCGGCACCACTCAGCATGTCATAAAGCCTCGGGGGTCAATAATGAAGGGAACAAGTCCATAAGCCCCGAGTCAACAAACTGGCTGGTAGCGGTAGATAAGAGAGCTTGCCATCCCACAGCAACTATACTCTAGTGATAGGGGTGTTACCCATATAAGGTTATTTATTAAAAGGAAAGCCCTCTCGATGTTACTGTAACCTTAACGAGACTACACTCCCGGTCTATCATTGTTTATATGAATTCAAGGGCCATGCCCCTGCGATTCGGGCGACCTAGCAGAGCAGGTGATGTCCTATCCTCGCGTTATACGCTGAGTGCACTGTGATGGTCCGCAGAGGAAAGTGCCTGCTTAAGTTGACCGAAGGACCTTTACGGTAGCGGTGGCATATTTCGCTGTTGGAGCGTCACTAGGAG,640,51.25,Escherichia coli
SEQ_299997,CGAGGGTGGAGCCTACGCAGTGGCCCTACAATAATTCGTATCTCAGTTATTTTATCACTGGAGAATGAGCTTAGTCTTGCATAGAGGACAGCGCCCTAGTCCGCCTGGCCTCCTCTCTATATGACATGGCGCACGACCTGATAACTGCGTACACCACAGAAGTATCTGTAGTCACAGAGAGCGCTCGTGGCATAACATTCACGGGGAACCCCAGCGGCCACCTGAAGCTTACAATTTAGCGCTTACTCGTTTTGTTCCGATAACCGCTCGAACGACCCTGCTCGAAAAACATTCACAATCGGGTTTCCTTTAAAGCTGAAGCCGTTATGGCGCGCTCTCGTAACTGGTGCCCGGGCTTGCAGCTACATATTGTGATTACTGAAAAAATTTTCGAGGCACCCGTGCGGACTCGTGGCAACCTGAGGACTTTAACCGACGAGATGAGCCGGTGACTGAGATGCTACCCTGCTTGCGACCATGATCTAGCGCTGAACTAATAGTAGGCCATGGCCACACCGGTGTATGTCCTGGATACAGTGCGTCAAACCTGCCCACTTACGGACCGTGAATACGGTTGTTTAAATAGGGAAGACTAAATGAGAGTTGCGGCTAGGCCAAGGGGAGCGCAGGTCACGTGCGGTGGGAGCGCCTGGCTGGTTTCGGCCTAATGACAACTAATTGCTGCGTCCTATCAAACAGCTTATTTCCCGCACGAGTACTGTGCAATGCCGTAAGGTGAGATTCTAGCGTCCAGTTTGACCTGGCAAGTTGAATCTCCCTCGCCCATCCCGCTTGCTTGTTGTTCCAAGCGCTATTGTTTAAGCTCCCACAGACTGATCGTGGCTTGTCTGATTCGATGCCAAACCCATCGATTGACCGGGAACACCCTCTGCTCGACATTAGCTGATCTACACGTGTAAGACAGACCACCTGTACCTAATGGACAAATTCTTGAATAATTTGCTATAAGGACGCCTGA,979,51.07,Homo sapiens
SEQ_844897,TCGCGGATTGTGTATTCAGGGTGAGTTTTACTTTCGTGCGACCACCTACTAATCTTATCTCCTGCTCGCCGTCTTTGAGATAGTACGGCCTGGGCTTCTGAACACGACAGGTTTAATTGTCTACTGCATCATGGCCGCGAGTACCTTCCGAATCAGAAACCTATGAATCGCGTTGCGAAAGAGAGTACACGCTAGGCGGCTGTCTCGTCTTTTAGGTGCGGTCCTTCCTTGGCAGCTATTAACCCCATTAACTGGCCCTTAATCGCGGTAAAGACTTCCGGCCGGCTTTATGACTCTATATCCCTCGAGTGAGGATAATACCTTCACAACATACTTATTAAGTGCGCGCGACTCAGTACGGAACGGCACGGCCCAGGTCCACCTACCATGACGCTCAGCCGGACTACCTACCGTGTTTTAAGGCGGAGGCGTAGGTTATGTCGCTTGGCATTCTCGGACCGTTATTCCGAAGCATTCGCCCAGCCCTCATCAGTCCTTGAATTCGTTCCTAAACTTTCTTTTGCAGGGATGTGTCAGCTGGACAGAGGAGCTTGAAAAGACGAAGACCTCGTCACATCGAACACAGATTATGTTGGGATCTCGTCGCAACGATTCTTATTCGAAGGTCACTTATAAGAGTGAACCCTCTGCTGCGAACAACCATCTCGGAGGGCTACAACTTAAAGCATAGATCACTTGGCCGCCGGGGCAAGGTAGCGGGCTGTCATTGCACAAAATTTGGTCACCGCCCTACCTGTTTCTCCGGCGGGCGCAAATCTCATCAATTGACTGCAAGTCATAGCCGCGGGGAGGTTGCAATGACGTTTTATCGGAATAGTGTCTACCGTCTTTCATGGACTCCTCACGAGGCACTCGCGAAGACCAACTACTTCGAGGCCAACAAAATCGGAAAACTCCCAGCTTAGCCTCACTATATAATGTCCCAAACCACTAAATTTTACCTGTAGCAAAGGCACATCCGTATAATGAGTGTGCTGATCAGTGATCCGGGTCACGTTCTGGTCCGTGGAGTGTTACCCGACTATTCTCCAACGCCGACGGTTAAAACGGACGGTAGGGTGCTTGGCCGAGAGGGTAGTCATTTTTGGCTTGCGCCCGGCCCAACTTTACAGTTGTTTATCGGAGTGAACTGATGACCTTCGGTAAAGTCGGCTCTTACGCCAGCTGCCCACTTAACTAGTCTGTGCCGAGCCCGGAACTGAATGTAGACCCAGATCTACCCCACCGACAGGAAATTATCATCCTTGAGCGAGGGGAAGTGCTGGCCAAACGCTTTTTGATTGCGCCAAAAGAGACAGGATCTGCCGTTCCTTGTCGTCAAAGTAAAACTCAAACTCGGGAGTTGAGTCTTCGGTTGCTGCCAAAGGGACCAACCTTGTGTTAAGCGTCATCGTACGTTCTCTGAATGGCAGAGCCGTTTCATCTCTGTATTACGCCGGGGCAGATCTGTCACTTATAATATACATGATTACTAAACCAGCTGTTCTGGCATGAGACAAGAGGGACCCAACGGGTCGGCTCTCCGGCCAACCTTCGCCCTCTTGATTCCCCCCTGGACTTATCAGTTCGATCCGGCTATCGGCCTATGCACGACACCAAGCCCACGG,1628,51.04,Drosophila melanogaster
SEQ_993961,GCTCGGTTTTTGACTATAAAGGAACGAACCACACCAGGTAAGTGCCACCCCGTTCTATAACATTCTCAGCGAGAAGGATGAGCATTTAAGGGTCCTCATCCATTCTGGTACCGCGAATTAGTCTACAACCTCCCTTCGAGTAAATTCCAACAACGCTTGTTGAGACAGGAAGGGATACTGCGGATTGCCTGCAACTACAATCAACTTACCCCGCGCGGTGACCCAGCCTAGCCTACCTTTTGTGCTTGGCCAGGAGTTTTTAAGAAAATACTCATCCGCGCTATCTGCGTACTGCAAGTTAGTAATCATCAACTGTTCCGTATTTCGGTACTGTGTGATCCCGTAGCAATACTCACGACGGGTCCATAATTACGACGGCCAGAAAGCGCTCCAGGTTAGAGTAATCCGATAAGAGTGTTAACGTCCTTGAGGCTATGGAAATCACTAAATGGGATACCCGTCAATCAATTCCTTTATTTGAAACCCAGCGGTCTGTACACACTCTTCTTCCATATCCGCTTTGAAACTACTTTAGGATCGGGCATAGGCCTATCACTGATCCACTTCTCGGTCCATTACCAAGCAGCAGCACCCGTAGTTAAACAAGAGACAATTTTGGCCGCTAGAGTGGCACAAAGAAGAACGAATATGTGTTGTGGGCCTAAGCGTCATTCGTCTATGGCTTTAAATAGAGCTACAATAGTTTACACACAATTAATGTCGTCTGCCTGATTTTGCTCTCATAACGGATATGACCCCCCATGCAGTCCCTTCGTACTCAGGTTCTTGAATCCAATACGATGCGCTAGGGAAGAATTAGATACTATGTAAAGCACCATGTGGCCAGCGCGTCCGCCGTATCGTTCAGCAGACGATGTGTACGCTGCCGGCCGCTCTTACTTCGGTAGCCAATCGATTCTAGCGTCTCGTGATTGTGAATAGCTCCTTACATAGGCGAACAGGTGAGATTGCTAAGATGACTAAAATGCGTAACTACAGATTTCGCGTTAAATCGTAACGCCCAGTACCTGTGAAACTCATTCGGGTCTGTAAGCGAAGCAGCTGGCCCCTTTATCGATTAATTTATTCATTTAACCATGAATGCTAGCACAAAGAAGCGCGCTCTCGAACTTTTCATTTGATCTAGTAAATGTTCGTTTTGAATTAGAGCTCTCTACTATTTAGTTACAAACGACGCCTGATGAGTGGTCGACTAGACGATGAGTTAACGGTCAGACAATGTGCATCTTGGACGCTCCACTTTTACTGATGCCTGTATTGGTATTCCTTACTTTCTTGTTTAGTCGAACCTAGTCAGGTAACTTCGGCACGCGCTGGATAACCGGGGGAGAATCGTATGTTCTGCTGTGGTAGCGCCGTTTCCGTCTCTAAGCCGTCATTCGCCCCGTACGGCGCATTGCCCTGCAATGCATGCCCCAGCTAAGGATTTCACTGTGGAACCCCGATCCACTTGATAATGTCAACAGAAATCCGTGCCAGCAGAGTCAGAGCTAGTTCCCCTTATAGAGCCCATCCGAGACCAATTATTACCTTCCCATGCGTCTCAGCTTAGCAGCCGTAGATAGTACTCCATCTTGGGCACGAGATCGTTGCCCATACCCTCGCCACTATCAAAGGATATTCGGGATCCGTGGGGTGATGCACCCTCTTTGATTGTCACACCGATCGTACTAATTCGCTGGTCGTCGTCATACAAGCGGAGGGCCATATCCGTCTATGCTCTAGCTAGTAAATGTTCACTTCGCTCAGAATCTAGTGCCGATGAGCGAGAGCTCAGATTAACCCTGGACTCAGGTATCC,1821,47.45,Arabidopsis thaliana
SEQ_784734,AAGGCACTTCAACGTCGCAGGCTCTGGTCATTGCTATTTTCATTTTTGCCCCAAGATTGCGGCCACACACTATGTTATTGATGGATGCGCGCTTGACCCCTCTGACGACGTCAATATGGCACTGGTTAGATGCTGTAGGGCCGGTCCTGCTCCATCCAACACTTTCGAGTCTCGTTCGGTTGCGACGGAGCACCGAAAGGATTCGGTCCTAAAAGGAGGCATTTTTGTACCTTACGTTTCTCATTGGGCTCCATCCTGCGCTACCAAACACGCTAACCCCATAGAGGAAAAATGCCAGCGATGCGCTCCCCTACCACGCAAAGATGTACTCTAGTCCAGATCAC,344,51.45,Arabidopsis thaliana
SEQ_845373,GATGCGCGCATTAACGTGAGATATTGCGCTTGCTGGAAGCACCGCTACGGCGAATCGCCAGAGATAAAACTGTGGAAAATTCATTGCACAGGATGGTTCATGTGGAGATACCTCTCGGGAGGACTTCCTAGTTGTGCAAGCTGTCGCCTAGTCTTCGACAGGCCCACCAAGACGATTGTTTTCGGGACAGATAGTCATTGACACACCAGACCAGCTCCTGCGGTGCGGCGAAACCTATGGGCCAGCCAGTAATAAGAGAACGCTTGAGCCACTCCTACGCCCCATAACCAGGGGCATATCGATAGGAAGTAATATACCTTCGAGCATCCAACCTATAGTAGTATCGAAGTATTCTCCCTAAGCTTCACCCACCTAGGCGTCGCAATGGATCCTTAGTAACTTGTCTCTGACCGAGTGGACGCATTCTGGGGATAGGTGTTAACAGTGTGGGAACTGGCGTGATTCGGCCCACGAGTGTGAATTGGCGTGTCGAGTTAAGTTATTTGCGTCACAGAGTGCAGCAGATACTAAAAGATGACTAACCCGATAAAAATGTCGCACTCATCTTTCCGTCGTCCAGACAGTACTAGATGTTCAGGAGTAGCTCTTCAACTCTCGAGTATGAGTGTCGGGCTGAACAACTGTGCCCATGACTTGAGCGCCTCACTCATCGTGTAGTCACCAATCAAGATTCTGATTGGTGACGCTGACTTATCAGAAGTTGTAGTCCCGCAGAAGCCAGACCTGTAGACCGGGTGAATAAAACGCCTTCGGCATGGCTTTTATCACGTACGAAAGACTGGTCTTTACTTCAAAGTGGTGAGGGTGCCGATTTAACGAAACTTTGGTACGGTGAGGATCTTTGAGGTCCTCTGAACTCGTTAAGAGAGTAAATATGTCAGTCTGTGAAATTAAGTACGAATTCTTTGCTACCTTTCATCCGTCTTTGAAATCTGTCAGACATTGCGGCCGAGTTGAGCCTGACTCAACGTATGAAATCTATACCGGTCTATGTTACGATATAAACCAAATAAAACGTGTTGTGGGTTAATGTAAGATTCCTTCCACATCGCGTGTTTTGACTCTTGGGTGCTAAGGACCGCAAGGCGGGTCATATGCAATATTAAATAGTGTCTACCGTGATACGCATTAGGCGATTGAAGGCGTGATGTTGCACACACGAAAAGCCGCCAAAGAAGCGATCTCGTATGCTGCATGAATCTTACGGACTAGTTCCAATGCTAGTGCGCCTTATACACCTGGAATATGACCGTGAAGCTTAGCCAGACAACAAAAGCCAGCATCGGCATTCCTTCCGTGAGAACGCTGGTCCAGACCATTTGCCGAGCCAAATAGAGTCGGAGTAGAGGACATCGCGCCGCACGGCCTTTTGACCTACCAGACGGCAGACGGTAAGGTCTCGTTATCTGAGCTGTGCTCCGGACTATATAGTTAGTGATTCCCAGTCACTTCATATTCACCAACGATCAACAGCGGGAACCATACTGGCGGCTTCTTCCAAGCCCAAAAATCGCCCAACCGCTAGCCTATGTATTTCACCTAGTTGGTTCGCAGAACGGAATATGCCAGCCCGCTGTCTTCCTCCATAGGAATATTGGCCGACTTTGTAAGTCGGCCATACCTTTGATCGATCGCAGAGTGCACTTGCGC,1671,48.59,Escherichia coli
SEQ_901041,TCACTAGGCTGCGAAAATTACACAGGAGAGAACCGCTAAGCTGTAACCGATCGCGTACTGCAGGAAGTGACCGGGTTTCTTAGTATACCCTAAACTCCTGTAGTGGTTTATTCATTGTCAACTGTGGATGATCTTTGCCTGAAAGCGACAAACTTCGAACGCCTGCTTTTATGGTTGGTTGAGGATGTGTGTAGGAGATTGTATACGCCCGTATAGCACTCATGGTAACTTGTATGAGCCCACGCGGAGACCTTATTCAACCGGTATTTGGTGAATGAAGCCTTCGAGGGTTAGTCTACACAAAGTATTCACACAAGAATATTGCTGTAAGTCGTCTATGTCTCTTCGGTGTACCGATGGGTTCGCTGCTCAACGCAATTTGTCGAATAGGATAGACATCGGCCTCAACCAGGGGGGTTCCGCGTCGAGTCTGCCTGTTGCCTAACAGAGGCATACTCCAGTTTACTGGTCTGCGTATAGTGAGATTTAGGGGGGGTAGTAGTAGGTGCGTGGCGTTGAGCATTTGCAGCTAGCAAAAACAAGGTTCGACTAGTGACGTTTCCCAGGTCACCTATCACCTTTGGGCTCGCCAACACAAACCCTGCAATGGGTTTCTAGGACTGTGGGCTTCTATTACGTATGGCCGGATATTTGTGCTAATTGAATGGATAAGTATTGACTAGCGTTTAAATAACTCCCATTCTACTCGTGGGCTATCTCACGCGACGTAACTCAAGCCCGTCCGTTCGCCTCTTTTCACCAGCGGGAGTTCCGAGTTCTCTCACCTAATAACACAGTATAGTAGCAGGCCGCTTCCTCCTTTGATGGGGTTGTCGGCCACATTCCAGGTCAAGCCGCCGGATCTGTACTATTGGGGACAGTTTCTTACAGCTATACCCATAGAACTAGAGTGGTCAACGCACAAAGTCGGTCCCCACCTCAGGTTGAACATCACGGTAGTAAGTCGCTCTATAGATAACAACCCCGAGCCATTCGATATAATAGGTAGACGGTTACATTTACTAGCCAAAAGGCCCAGGAGCTAATAAGGAGTCCCCTTACCTCTCACCCGAGTACTATCCAGGAGATCAGAGGCCGCGGTTGTCCCTGTCCGGTACTCGCAATTCCCGCTGGTAGTCAATTAGGGACCGTTCCGAAACCAATAGCTATGATGATTGGTGCTTCTGCTCCGGAACACACATAGCACAAGACGAAATGGAAGAGATTACAATTCTACGCACGATGGGGCCAGGAAATAGGTCGGAAGCATTAGCTTGCAGTCACCAATGATAAGCGTGCCGTACATTCAGGATTTGGCCCAGTACATAACAGACAGGTGTCCTACGCGCCCGGTTCATGCTTTATAGTAGTGAAATACGGACTAAAGTCAGAGCATGCCGGGCGACAGTCGGAGGATCTTCACCCTTAAGACGCGCGTATATCTACTGGTCCTAACTTGATACAAGCGACGCCCTAAAGGATAAGACCTCACGTTATACTCTGGCTCTCCAGCTGTTTTGTCCCCGTTCTACTTGGCCACGTGCGTACCCTAATCATATGGGAATGTATGAGGCGAGAATTCATGAGCTGTGGCAAATTTGCGTGTCATGTCCCGCACGATATTCTTTCAGACATCCGA,1639,48.81,Mus musculus
SEQ_283524,CTCGTCTCGTGATGAGTGTGTGAGTTCTTAGATTCTATCTAGTTGCGTATACTTTCACTAAGGATAACCGAGGTAATTGTTTTATAGCTTGGGCAGGGCCGCAGAAGTCCTCATTGACGGCAGTGCCAGGGATGAATGTAACTGACAGCCTGTCGAAGGTAATGACGCAGGCACGAAGGGTCAGAGCTGAGCCATAAATCGCGAACATCCCAGAGGAGGGCTAGACTTTGTAACTTGCTTTTCATGTGTGGAGCTCATCATCGAGCACGATTCCACGGCGTCGCTAAGAAGTGGTAGGAAATGACCGCACGGGTTGCAGGTTAGAGGCATTCCTTTCTTAGCCTGCTAAATAATCTATTAGGGCGTACTGGGCAGGGCCGGTGTTCAAACCCTGGCTCAGCTTTAACGGGGGCGGCGGAAAGCGTGTCTTGTCCCTGTCCTCGCGGTCTGGCCACTAGAACTGTAGCATCGGCGATCCGTGTCTCTGTTGAGCATAAACTCCGTGCCGTAATCGTAATTAGTATC,525,51.05,Saccharomyces cerevisiae
SEQ_752114,TGAGGAGCTGAGTTGTACCTGCTCCGATTCCGTTGGCTGAACTCCAAGTCCAGGCGGATTAGAAATGTGCTTATCTGGACTCTGTCGCGAGCAAACTCACGGACCCTCCATGTCGAGCCGGACTATGGCCACCCCCCAGTCGAAACACACCGGATAATGATGAGACAGCGAGGATAAGGTTTCGGTAGGCAGGTGTATTGCTTGTCATGCAAATCGCGCTTTTTATGTTCCTCAAAGCGAGTGCTAAGGGTACAGGATTACTGAGGGTTCTAGGGCAGGGCCTGGTTAGCGGACTGACCAACGTACGAATTTTCTTTTCTTGGACGGGTCATTGTGGGCCGGGGACATCTGCCCGGTTCCTCTTAAGTAGCTGCTTCTACCGACCCAGCGGGCTTTTCGCAAAAAAGTTCTGATCAACTGATCGCCTGGGCCTCTATACGGATCCGGTCGTTTTCAGGTGACTCGGTGAGCTGATAGTAAGCTTGTCAGGGGGTTTTATCGTAGAGTCACGGGAAGACTGGCATGGACGATACCTCCTGTAATTACATCCCACACACCGATGCGGAGTATACACTCACCCTGTCGTCGAGGTCCGGCGACTATCAGAAGCGTGCGCCGCCGGACAGGACCGTCTAGTCAGTTGTTAGCTGTCAGTTGGACGCAACATGTTTGTGCCGAAATACAGTGTTACACGCCACCTAAGTCACTGGCTTCAGTTTGCCCCGGTCATACTCCATCGGGGGAAGCCCCGGTGTCATAATTACACGGGGGGACGAGCATCCTCGTTTCCACCAATTTGGTACTACGTCCAAGAAACCTCACACACGAACTTGGACAAGACCAGCTTGTAGTACCCACTTTATCTGACGGTGCCAGTACCGCCACTACATATTAACCCGAGTACCTTCGGCATGTTCTAGCGTTCCCGCCGCGAGCAGCTAAGTGTGACAACATTGCGACAGGGGGTGTACTAGCTAGGACCTATTTGTTCCGAGTCGTGACGTAAAAGGCTCAGGTTTGCATCGCGCGTTTCTGGAGTTGTTCTGCAAGCCGACTATCGAGCGCTTCCGAGTTACGCTAAGTATCTCCACTCCGAAATTGGCGGTTAGACTATGATACAGTCTTTTATCCGTTTGTTAACAGAAGTAACCGGTACCGGACCCAGTCTAACTGGTTGAGTGTGTCGTCCTAATCACACAATCCTCCCAGAATGTACCCGAAACCCGACGTGTGCAAGCCACATTGTCCTCCGAATAATGGGACTATCGTATGACTACTGATAATACACCAACCAGGGTAACATCGACACGTTACGGATAAACGTCAGATGCTGGTCTGAGCGGTAGTGGGAACCCATAGTATCGCATATGCAAAAAGGGATGCCTACGGAAGTAGAGGATTGCGCTACACGAAGACTGAAGTAACCCTTACTACACTTGGATCACGTTTAGAGTTAATTACTCGGAACATGGGACGTAAGTAGGTTGCCTAAGAAGAGAATGATCCATTTTTGCGCATGCCCTCCGCGCGCACCGACAAGCGCCACGTTATCGGTTTGCAACTGGTGAGACGACGCGTAGCTGCCGGATTGTTCGCAGAGCTACGAACGCAGCGCAACGACTGTTGGAGTATCTCCATGGTCGCCTTATGTTACCCGTGGGGCCAAACAATATAGACCTACGCCACACACGAAACCAATCCCCTATGAACGAACAGGCGATCTAAAATTGGGAGGTAATGACGCGCAGTCTAATTAGCATAGTCTGATCTCATGAACGGTAGGTCCGTACGTCTTAAGTACTTTTTGGCCCTGTATCGAAACTAACGAACGTGATTGCGTCGACGATTTACACAGCAGAGAGTGAAGTGAAAGCGTCTGCTTTGGCCCAACTGCGCCTCAACGTTGCGGAAGCGTGACCTAAAATTA,1927,51.01,Caenorhabditis elegans
SEQ_472900,GCAAGCCTACTCCGCCAGAATTGCATCTGAGGTCCGGGACAACCAAGCTACATTATAATCACCAGCTATTCGCCGAATCAAGGTAATAGTGAGGAGGTCTCGCCTCTTATTTGTATCTACAGAGGACGTTGACAAACCAGGTTATCTCGCTGTTGACTTTCCAGGCTCACAAGGATGTTCTTTTGAGCGTAAGGCTAACACGCTAATCACGGGCGAGGCTATTTAAGCAAGCGTCTGAACGAATGCAGTTTAATCTTGCCGGTGAAACTCCTCCATGAGCAGGACATAATCATCATTTGTGAACGTGCGTAG,312,47.12,Saccharomyces cerevisiae
SEQ_434341,AGGGGTGACGAACCTAAACAACCGCTCAAGAAAGGACGTACCACTGGTACGAACCGGAGAATTGATATGGTGATGCAGGCCTTGCTCCCATTGCGCTAGAGTAACTTCATTTTTATGAGTGTCATGGGACTCAGCCCAGTTGGAGAGACCAAAAGCCAGGGACACTAGACAATATTTGTAGTTCAATTCCCTAACACGCGACACCTCTCAATTGTGTGATCCAACATTTCGGGCTGGGCTTATGGGAGTTTCGATACAGCCCGGAAATTATCGATCAGTCTAGGCCTGGCGCGTCGATGCGGCCGTAACGTTGCGTGGGCATGCATTCGAACCTGTTGAGCGAGGCCGTGCTTCCTGGAAAGTCTGAGTTAGAGCACTGCACACGAGTCGATGAACACGGTGCCACATGTATGCGACGTGCTTCTATTTCGGTATATGCTCCA,443,50.79,Mus musculus
SEQ_868246,TCACTCCTCATACCCGCCGGACTGCTATAATTGTAGTCAGTGTATTGGTGGTACTAGGCCTCTGTAATATCGTATCAATACGGCCCCTCTGTGATGATAAATGTTAAGTAATGGTTGGAGGCTACGTCTTTGTGGGCGGTCACCCCTTGCCTTATATGCGGCACACATAATTCAAATCTTTGGGGAATAAGGACAGTGTGGCATAGTCCCGATATGCAGGTGGTCTGCGCCCTCAGAGTTTTCTCTCAGACATGGCCTCAGTTCAAACAGTCAAACTTTCAGCCGTTATTGTTACGATCTCACGTTGCAGAACACATTCATTACATGGGCTTGCCGCGGCTGGGCGAGATACGGGGCCAATAACCGTTCGGGCTGCTTAATAGCGAGCCAGGTCTTGATTAAAGTTAAAATACAGATGTGCGACTGGGGGTTTGGTCTGTATTCAACATTAAGGAGCACGAGCAGGTAGAGCTATGCGTAACCTCGGTAAACTTCGACCTTGTTGGGGCGCCACGCTGCAGTAGGTTATCCTATACAGTCTAACGGGGGGGGGGGTAGCTTGGTTAAGGGTATTCTGGGGTGTTCGTGGGGCGGACAAGTTGCCTTAGCTTGTGACTCGACGGACGAGCATGATTGTGAAGATCTGCCCCGGTCGGATCGCTCGCTTCGAGTCCAAACAGCGTAGTCAGTCGGTTCGGTGTGTGGTAGTATACTACATCGCATGTACAGCATTCATGACGGCGCCACTTTGATCCTCAAGCTTTATAACCCCGGTGGAAGACTTCGGCAGCGCGGTAAGGGGGGCCCCATCGGGCCTCTTGGGACCATCAGCGCTAACCATCTGCAAGGTGGTGCCAGTCTCTCAGTTTTGGGTAACAATATCGAGCCTAGCGAATATGGTCGGCTGCACGACAGACGTACGCCCCACCGCAGCAATTGCATCGGAAAACACAAATTGTGACTAACCGAAGATGCCATCGTACCCGTTCGGTGATCCACCACCCAATTGTCTGTGTCGGTTCCGACACGTCGCGGCTATCCTAACATAAGCCGTGTGAGTCGTATCACAGACGAACGGTCGTCGCAGACGCAGGGCCTTGTAGCAGCCCATCCTGGTGGCACGGCCCTGTATCCCTTATTACAAAAGGATGACAGGTCGCATAAGTCCCGGTTGCGACCAAGATTAAAGGCCCATACCTACCAACAAAACGCTACTAAAGGGCACAGCAAGCCTTTGGGTTTGTGCACAAGCCGCGACGCACGGCCATGAGTTTCTCCAAAGAAACATTTAAAAGGGATGCGTAATAGACACCATAGTTCGCCGCGGGTGTACCTAAATCCCACGAAGGGACGCAGACACCTGTTCAGATGATTCAATGGGCATATTAATAAGTGGAAAGTATCTGCCTGTCGACTTTGGGTACTTCTCCCAACCCCGATGTCACTCAAAGGAAGCAAATGTCCCGACTTTCACGGCTGTTCGCCTGTCCGGGGTTTGGTGTTACCATTAAGTCCGCTGCCTTAGAGTGTTGTTCACCTGCTGCACCGAATCATCACTAATCTGACTTTTTTGTAACCCATCGTTAGTGAGTACCTTAAGCTCATCCGCGAACTGCAAGAAGACAATCAACACGCTCCAGAGCCGTCAGGCGAAGGACCCCACGTCGGATTGAGACATCGAGAGCAACCTGCGAT,1695,51.5,Saccharomyces cerevisiae
SEQ_901749,CGGAGAGACCTCCGAATCTGGAATGACATACTCCCGCCCGCACGCTAACTTCTAGCTGTTGGTACGGACTATGTAAGATCGAAGACCGTGTTACGGCCTATGTATGCCCTATGATTAGAGATCAGTTCCGCATAGTGGATAGCTTGCTCCGTAAAAAATACTGTAGGTGAATGGGTACAGGGAAGATGTCACTCCCTATCCACTGTTGCGGACAAATTTCCTTGCGTCTGGCACCCATGCCCGGTGGATAAGTGGCTCAAGAGAATTGTGGTCATCCGAGAAACTATCGGGTTCATGCGTAGGTTTGCTCGGTGAAAGGCTATCCCTACGCTGAAGATGCGTTGTACAGATCTCTGTCGAGCGTTTCGTCCGGTCCGTGTCCGAGCATAACACGTATATCCCTGCTTTTGTTTAGCATGCCCAACCGCACGCAGCTTCAGCTCACAACTGCTGACGTCTAATGGAGGTCCCCCCGCCGGCGCCTCGGCTCGAAGATTGAGCTTCTGACTCAGCGAAAAAAGTCCTAAGGTCGGCTCACGCCACGAAAGTGGAGTGTTACAGGGGTTAGCGACGCATCCTAGTAACTGACTAAGACCAGTATCTTGACCTAGCTCCCCCGAGGACTGACCACTTCTTCCCCGAACTTGAAGGATGGGTTCTCGAATCGTTGTATTCATCACAAGGAGCGTACTTGTAGGAAACGACTCTTGTCGTAGTGGTGAGACCCCCCCGAATCGTAGGTAGTCTACGTTTCTTCCTCACAGGGGTCATCCGCGGGTATGGCGTCGACGGAGCGCTGGCTACCCCTTCCTGATGCGATACACGACAATTTTACCTACTGCACACCCCCGACAGAGACTGCAGACCCCTCGATCAAAGGCTAACCATAGATCGGTGGCTCAGCTTTCTACAACAGAAATTAGGCGACGCGGGCGCCGCCTTACATTGTAATCCACTCCGAACTTTCTGCCAGTTCCTTCTCACCCCTGCACCCTGGTGTTGAACTTGGGACTCATGAGGTGAACGGGACGGGAAAACGACGCCTAAGGTAATGACATGGCTTCAATCAATTCCGTGCGAGAAGTCGAGTTTTTCTAGTTATACGTCAAAGGTAAAAAGGTCAGTATCCTTAATTAGCAAATTGATTTGAGTCTTCAGATAGAAGCCTATGAGAAATTCGACGGTAGAATAGCTGATTTGGCACTGATCATGGGGTCAGCTTACGCAGATAAAAGGCCTCAGCTGACGACATAATAAATTGTTTCGCCAATAGTGCCATCCTGATACTCTGTATAATACAACTTGCCCAGCGCCCACCCGTTGTTCCGGGTATACACATGTGCTTGGCCTAGAAAAGTGCGCATATCTAACACTCAAATATGGTAAAGGCATCACGTCATTACGTGCTTAAGCATGGTTATTCATGGCGGTTTTACACTGCCATGGCACTCTCCCAACTTGTTGGGCGTCGATTCGTACGCTAAGGTTGGCCAGACTTACATGTAGAGGATCGCGGCAATCTGGGATTCATTACTGGTCTTTTCTGGGCGTTTCTGCTGCCCCGTGAGGTTGGGGGCCCGCTGGGTTTACGGTATACCAGCCTGACACAAAGCAATATGGAGACGTGACAATGCCATACAGATCAAATCCCCTGGAGATGGGCTAAACCCTTACGACCATCCCTAGGGTGCTTGCGTTTGCTCGCTAACCCGCTTCACCCTCCTCACTGCCGTCCTGGGGAACTCTTCATGGAAACTTCGCTCTATCCAAGCCGGAGAGGCTTACGCTAGTTAGCAGTAGCGAGGAACCCACTCCCTTCGACAAATTTGACGGAGGGACTCTTAAGTTTACGTCCTGCATTGTCTGAGAATTTCATGAATTCTATCCCCGGACGAGAGGCCTAGCCTAGCCAAATTCCGCACGAGCG,1927,50.8,Homo sapiens
SEQ_802250,CAACCTTAACCCACACAATGATACCCGTGTCTAAACATCACCTCGCGAGCCTCCCTTTGGCTAGGGAAGGCCTGGTTTTTATCCGCGTACCTCCGCCATACCCGAGAGCGGACGGTCTCCCCTAAGCAATCCAAGCCTTTTCCCATTGCCCCGTAAAGTATGGTATCTTATTACTGACTGTTCATGCTACGAATCGCAATGGGCAGGCGTTTTCCTTCCAACCAGCGTGGCGGCGTATCTTGATCGTTTCCCATATCGTCTCTCAACGGAAGAGTAATCCCTGGGGTGTGCCTCCTTGACCCTCAGTTAGATTACCAACGAATGGGTCCGGCAGGAGAGGTTTTGCCGTGACGTACTTGTAACTCATGGTACAGTAGGGGACACGGATAGTGCGTTGTGAGCCAAGTATTTGGGGACCCTCGGCATCGGGACCTCATATTAGGTGCACCTTCACGCATGCAACAGATAACGGCTCGTCACTTCCTACGTGTTGCTTCTTTCCGTTATGACGTTCCGTCCGGCTCGGTGAAGGGAAGCTATTCATGCTTAATTAGTATGTAGAGGCGGACATAGTGCATTGCATTTACTAGGAAAAGAAATGCATGCTCCCAATGCGCCCGCGTGCTAAAGCGAGTGACAATGTATCGCGAGACGGCTCGCCGAACGCGCCCCCGCAGACCTTTCCTTGAAAGTTCGTTGGTATCTAGTTGGCGGACGGGTATCTCGTCCTCCCATCTCGAGCTTAGTGGAGTGGGTGTGCGTCTTCATACCTATGCGAACACAGTAAAGATCGTCCCTAAATTTGAATTGCAGTTGACGAGATACGCTCGGCAATTCTGATGTAAGGACGTCAGATGCAATTCCAGGGCATGAGTGCCCGCCACCGTGACGCTCGACAGCTCTCCCTCCCCTAAGTGCTAAATCGAATAATTTCTTGTAGCCCCACCCGAATTCATCCCCTGATTACGTAAGAAAAAATGAGTCATCTACGTGCGGGCCTCGCACAATTACTC,1013,51.53,Escherichia coli
SEQ_623545,AATTGCTGGACCATACCGAAAGGCCCTCAAATATATCGAACCCGTCGGACGGCGAGCCGAAGTTTTGGCGCGCGAGTTCGCCGCGCCGCACGACTGAATTCAACCCCGCTACTGCCCCAACGCGCGGAAAGTTTATTCTCAAAAATCACGTTTTGGATAAGCTTACCGGAATTCTGTACGTTCTCATATAGATACCAACAGGTAGGGCCGAGTGCTGCGATTATAGCGATTCGGAAGAGGAGGTACTTATGTTCACGTGTGGATCACGATGATGACGACATGCAGCATTCAGTGAAGAGATACTTCTGTCGGCCCTTAGACGGATTCTTTAAGATATGGTCTACGTGAGATGACCTTAACAGCCTCCAACAACCATGACTTCACGCAATTTGCACATATCCCCTGCGTCTTGAGGACTAGAACAATTTGCAGATCGAACTCTGTTGTTGGTTTACTGACGTGTTGAGTTTAGACGCCGCGTTCCACGCTTGCTCCCTACCACCAAAGATGATCCTACCACGACACGGCACAAGGCGCTCTATAGCAATAAAACACTTACTTTACTGTTGTCAAGTACGAGGCCGATGATTAGTTCGCGAATAAGGACTAGAGCCCTACCCTATACCACGCTCTAGAGTTATCGGTAGTAGGGAGCATTCCGCAAAGTGGATTGAAGCCTCATGAGACGGCCCTCCACCAAGCGCGCCCATCGTAGATCGCTAACTATGCGATTGCGTCACCAGTGTGACCGATTAACGCCGGAACGCCTAAATACCCTTCGCATACCGAGGTACCTAGTGTTCCCTAAGGATTCTACAGGTTAGCGCCA,829,49.82,Mus musculus
SEQ_719923,GGGTCACGCTTGAGAGGCATAGCACCATGGTAGTCTGCCAAGCGTGGGCGCCTTTCCAGCATAATGGACGAGTGTTGAAACTGCCTCGGGCCGAGCACCTTCTATCGACTTTTAAAGACTCTTGAGGATGCTCTCTATCTTTGTAACAAGCGGGACACCGAATACATGAAGGCGACCTTCACATTGAGGCGTTCAATTGGTCAGTTGGTAAAAGAATATCGTGTCGTAAAGTACCCAGGCGTGGTTTTACCAGAGAATGAGGGCTGAACCCCTCAATTCACTCCTATGATCCTATTCCTCTTATGCCTGGACGAGGAAGTTCAGGCGACAAGCCACACAGAATGACCACGGCGCTGCGAGTTCATTGGCTGATGCGCGAACCTCCTACTGCCCATACCGAATTTTCTCTGGTAAGATTGTTTACTCTAGTCCGTGTTATATCGTGTCGATTAGGCATCTGTCCCATTCGCACAGGAGCAGCTATCTAAGTTAAATCTGAAGCCAATCAGTTTGGCTGGGACAATTACAGCCCGAGCTTACGGATACAGTCTTTGTATTAGTCTCGAGATAGCGTCGTTATCCCCCTACGATACTTAAGTGCGGATTTATTAAGACATAAACTCACACTTCACGTATTAATCATAATGCTAGAGCGCATCCCATGGATAGAATTATAAGAATCAGGTGATAAGCTAACTTCGCCCGTCGGTGAACGAAAGAAGAGCGCGCTAGTATCGCCCCACCGTTTGGGATTTTGGAAAGCGGACGCTGCACTACACGCAGACCTGTGCAACTTGAGACTATGCACTGTCCGAGTACAGGTATAATGGAAGTACCCGAACGATTGGGACCCCTAGGCTGGCTTCGCTGTGCCTGGCGACGGTCAATGGACTCTCTACGCTATTACATCTGTATGGTGACGTGTTACTTCCGATAAGATAGGTCTAAGTCGATGCACGGGACCCACTTTCGGAAGGAATATAATTCGACGAAGCCATCATATAGCAGCGAAAGGGTAGCTAATCATCTGGAATTGGGCACTATGAAGATGAATGTCGGCGACACTAAGAGACTAACCTGCGCTGGTGGTACCGAGAGATTCTCCATATGCCGAGTAGTGGAAGGAAATTCATCGTCCCACCAGCCATGACACGCACAAATGTTTCAGGATGTAAGGGCATGCATGCCCCGGTCTCCGAATGAAATCATATACAGGCTGGACGGCCTTGAGTAAAATACAGTACACGTGAGATTGTGACTCTACTGGTAAAGCGAGTCCAAATATGAATAAGCGAGCTGAGAATGGCTACCTGTAAAGACTGCACGACTCGTGCGACCCTCGTTAGCGGATGATGACCTATGCGATACGCGAGAGAAGGGTCTGTGTGTGCACATGTAGGGGCCGGGGTCCGCCCTTCCAGTCGCCAGGACGAGTGGGTGCGCGTCCGCGAGAACCCCCACTACTGCCGTGATCTTCAGGCATCTAATCTCAACACGGCGCACACTGCCTCGCGCTATTGGCTGTACGCATTCCGTCGCTGGGGATGCGGTTTTTGGCGTTGTGCCAGTCGTGAAGACATGAGATGGGAAAAAGCTCACTCATAACCGTGTTCGATGTGCCTTATGCAACAGGGAACGAGTCAGGACCGTTATCAGTCCCTCAGCGGGTCGGTACAACGATGCGCTGGCTTCTCCAACACCGCCCTAATCGTGGGGATAGCCTTATAGATAAGCACTCATGTCGGGGGCTTTCAAACCACAGAGGTACCCATACTG,1776,50.39,Arabidopsis thaliana
SEQ_555733,GCGCCCTAGACTCCGAAGTCTGACACAGAGCGGGCGGGTATTACAACCGCAAATCTAAGAGTCATTGGCTTACACAGGCCTACGACTCGCACAGTTGGTTCAGAGCATTCTTCATGCTACCCCCTGTTCATGGATCACAGAGTTAGTCGCGGGCCTTAAGGAAACAGCACGTTATAGTGCAGAACCTGGAAGCCGCTTCTTGCGTGGCTTCGAAGCAACGACTGTCGCACCAGGCACGTACCCACTCGTTGTAACACCCCGCTTTACTGGACGCTGTGGCCTCCCTCGGTGTCATCGATCTGCGGTTTTTGACAACATACGAGTCTATCGACCTGTGCGCGATATCAGGATTGGTCTTAAACGATCAAAGGTACGATGGACCCTATAAGTCGAATGCATAGGTCAGCGTCAACCGACCAACGATGACTTAACTGTCGAGAGATAGCGTGCCCAGATAGGGTCACCGCCAATCGGAACTGTCCCTGCCGGTGGACCCGTGGGCTCAGGCGCTCCGGTTAGCTGAAGCGTTTTGAGGCGCCTACTTCTTTCAAGGCGTTTCCCTACTAACATCTAGCGCTGTTAAGGCGATATTTCAGTATAGCTGCAAGCCATTAGGTGTGGGCCTATACGGATCGCAGACTAGGGCTTATAACAGGATCTCAGGTTCCTACCCGGGAGTCGGCAGGATCGGTGCAGTCAGAACGGGACCGCTACGCTGTTACTGAATCGCGGGCCATCTTTCTTTACATTTTCGTTTACTACGTACTGGGTGCCAAGCATATCGTTCCACTACGACATCCGTGTCGAATCTTATCTAAAGGGGCAACTCCTAAAGCGATTTA,842,52.38,Escherichia coli
SEQ_924536,GGAAGGTTACTGCGGCTGCAGATGCACCCACCATGCTGCTACAGCCACCGCGGACAACTTTATTGTTCCTCACGGTTTAACCCGTCTGGAAACTTTTCTGGCTCACATGTGGATTCTGAGAGCCGGCACGGGGACGGACTTAGTTCTAAAATACCTGCTAACATTAATAAGCGACTCGACCTGCATCATTCGTCTTTCATAATTGTTACTATCCAAAACGCAACCCGTAGTATTTTTTCATTAAGTCGTAGAGCCGGTCGGCCATGGCCATTCGAGTAGCTATTTTCCGTACTAGTGAATCAGCGTCGCGCTTGAGATTTTATGAAGACCTTGATAATCATAAAAAGAATCCGGATAGTCAATCAGTTAGACAAGAAATCAACTCCACCTAATTAGATAAAGGTGATAGACCCCTGCCCCTGACAGGGCCCATAAGCTGCACGTCTAATAGCAGTTGCCCTCTTGGTGAGTATACCGGTCGATATCCATGGGTATCTCAGGCTGCGAAATTACATCCTGGATGCTTGGAACCGCTAGCAATCTGAGCTCACGTCTACAGTCGCAGATCTACTGAGGTTGGCCCTGACACCGAGCATGAAGATACCTAAAGGGACAGTAGTTGACGAGGCGGCGCCAGTCTACGCCCAAGGTGAGGGAAGATAATTGAATCCAGCGAAAGGTAGTGACACTGCGTGATCATCAAGCCTTATGGCCTACATAATTGAATGGGAGTTCCAACAGGTAGACTACTGTGAGACAATCATTACTTCGCGCAGCCGCTACTGCATTTGTTCCGATCGCTTCAGGGCGAGTTAAGAAGAAAAGTCTGATTCCTACTTGGAGTTTCGTCGATCACACCATGACTGTTGTAACAAATAGTACGGATATACGGAAATCACCGCCCCGTTTAACGTTTTTACGGTTGCTCAATCGCGACATGCGTTTCGGGCCGCCTATAGGGACTCAGATCAACTTTGCGGTCATAAGATCTAAGAGCCAACTACCTACTTTAAGAACTTGACAATTCCTATAGGTAATGGTAAACTCACACTCGACCTTGTAACGTCAGGCCAGCGGTTAGCGATTCCTAGATTTCACCATGGCGATTTGCCGGAATTTCAACTGGAAGT,1130,47.08,Homo sapiens
SEQ_298349,CGCGGCAGTCCCCGGGGGCGCACGAGGGCGGATAATTTGAACGGTTCTACCAATGCAACAGAAACGCATCTCCAGTCGCCAATATTCCCGAGGAACGCCAGTGTCATTGCGCTCACTGCGTATCAGCTGTGATCCCCGCGGGACTGATTCAAAACAACTCGGCGATAGCGTTTTTACTAGATTAGCTGAACTTTGACTTCGTGTTTTTTCCGAATCGTAACGGTGGGCACCACACGATGTTTTAGCAATGCATTGCTGATCGGTCGGCTTACTAACGTATGTCCCACGTGGTTCGTTTACCGCGCGGTGTCTTCATCGGTGTACGGTGCTACCCACAGTCCTTCACGCATAGTACAAATGCCCCGAACGTCCTCTAAACATTCCGAGGCGACGAAGCAGATAAATCGACAAAAGCTTGAGGATGCTAGATGATCTATCGAACGAGAAGCAATAGCATTCTTCCCTAAGATGTCGAGTACGTCCCTGCTGGAAGTTCGTGTCTAACGGGTTCGTCCTACACTGTCTATCAAGGGATCTCCTCAAGTCGCAGGTACAGACATTTAATCTACCTTTAGACGCTCTCCACACGGCCGCATAGTGGCATTACCCATAGCGGGCCAATAGCCGTACAGTACTGTGCCAGGGCCACCCCTGGATATACATGTCATAGGCCATCATGTTTCTCAGAGTCCTTAACGGGGAAAGGCTGGGGAGTTGCAATCAACTTACCTAAAACAGAAAGCGA,745,50.74,Drosophila melanogaster
SEQ_114440,AAATTATCCGATGAAGGATTGTTGAAGATGACGTAAACCACGCCCCACCTTCTATCATAATACAAGATAAGGAGACCGCATAGTATAATTGATGTTAATCACACGTGTGTCAGTATCCCCATTATAAAGGCACACATACTCAGGAGCCGATGACGCTCCCGTGGCTGCAATCACCCCAACAACGTAGTAACCGGCACTGGGCTTTCTTTCATCATGTAAAGACGCGCGGAGTGCTTTACATCTGTCTCGACACCCGAGAGGGTTAAGATGGAGTAACCTGCTAATCCACGCTTCAGGCAACCTGAGCCATTGCGGTCCGTTGGGCGCATGTTAACGAACGAGATTTGATGCAGTCGCTATGAGTAAAAACATGTACCCAAACGACTCGGTCGGCATAATTGTTTA,405,46.91,Escherichia coli
SEQ_910506,GATCGATCGTCGAACCGTGCATAGCAATGGTAAACCTGAAGGTCTCATCCCTACGAATGCGAGTATATACCTAAAGAAGAGCAAGAGGAACTAGAAGACTCATCTCTATAGTTAGCCTAGGCTGGCGACCGTTATAACCTGCATAAACAGTACGCGGTGACTGTGGTAGGAGAAGGGGAGAGGTGTGTGTC,191,48.17,Saccharomyces cerevisiae
SEQ_273898,GACGATAGAACATCCATGTAGGGGCCTTGCCTGAGCTCCGATATATATTTATTAGGAGGCACGCAGAAGTCCGTACTGTGCGATTAACGCATACTTTCCGTCCCTAATTTCGAAATGGCAATTCCATGCTCCTGGTCCCCAGACGCCGTATCTGAGGGAGCACCACGACGGTAATCTTCAACGCCTGGGCATAGCGTGAGACGACAGATCCTGCTTACGGTGCAAGAATAGGGGGAGAAATCTAAATCGGGCACCGGCAAGCATTGTCTGAGGACTAGTGCAGCGTCTTCTGGTGGACCAAGGCCACAATCTCGTAGGCGATTCTATATGGCCACGAGAGACGGACTACATTAGTAAAGAGGACGAAGATGTAGGGTACTGAATCTCGGCTACTAGCACTACCGCAAGTCTGAGGAGCGGCCTCACTTCCTGGAGCGGTCTGCCGAAAGGGATCCCCTACTGGGGTACATCATGTTGGAACGTTGTTTTTTACTCAAGACTAAATCTACAGGATCCTGCAACCATAGTATATTTCCCTTTTCTCCGTAACTAAGCTTAGATTGCCGATGGCAGCCTCTGAATCAGAACTCTTTAAGGGATCCACAAGGGGGGTACGGCGGTGATCATGAGACTATTCTAGCACGGTGATACGCTAGAATCCAGGCCCGACGCTGTCGGCCCAAACTGGAATGAGGTCAAGCCTAGACAAGTACAGATAGTCGGAGGCCGGCATACTCCGAGTGCGTTGGCTCCTGGTCCTCGGGATTCCATTTACACGCGCCCGCATAGTGCCTAAACATTCCCAAATATCGCCGATCAAACCCAAGAAATGGAAGGCAATCAAAAATGCGGGGGTTGGAGTAGCGCTCGTTAACTGGTGCAGTGACAAATCCCCGAATGGCCGTTTGCGCGACGTGTGCTCAAACGACTCAGCTCCCCACAAAATAATCTTACAGCTAGGCTCGATCAGGTCATGGTGGTGGGCTTAACAGACTTAGAACCGAACCGCACTCGAGTTGCACTTTTTAAGGGTTTCGGGTTATTGTCGGCGCGTTCATATGAGAGTGGTGCCTAGGGACTATTAGCGGCGTCTGCAGCGGCCTCCTAAATTACCAGTTTGCTGGGACATTTAGGACAATTATTCGGCGGACTTTGGCTGTTGCGGCGACATCTAGATCCGGGAGTTAGTCGAGTATCTATGTCCAATGTAGATGTATAGGGTAGGCCCGGTCTTTTGAAGGCCCTCGGCCGTAAGACGTTGCCGTTCGCGCGCTCGCCCGATTCGGCTGATACCCCCCTCAACCGGTCGCCTTTAGGGATCTAAGTCCCGTACCAGACAGGTGATGCGGAGCTAGAAGGTCAAAGTGTTAGCGGCTGGAGCCCACCTGTTAGGGAGAGGTTAATAATCTGATCCAAGAGAGTGGCAGACCCATTCCCGGTCGTCGATGGGGCTATTCAATCAACAGTGCGGACGAGGGGGGGTAATCATATGAAGGATACCCCGGGAAGCCACAATGCATGAGGCAATACCATAAACGGCTAGCGCCTCGGCAGCCTATACCGCACCAGCCGAAGAAATCATTAAAAATTTTGCGCCTATACCCTACCTCTCCGGTCGATTTCTCGCTGAGGAAATGAACATTTCGAAGGTCTCCCCCTACGTGCGTGCCCTATGCACATGCAATGCTTTCCCCGCATCTACCAGTTCGGAGCTAAATAACTCTTTACTGGGGTATGGAACTTGGGTGTTACGCCACATCAAGACCCGTTTCCCGCCCCTTACACCACCCGTGTCGTTGGCCGACCCTACGCGTCCCTTCAAAGGTCCATAGGGACCCCGATTCGCCTCGGCCAAGTCACCGACAGTACTCGGTTGATGGCATGGTTAACAGCTTGGGTCCAAGGGCCTCATCTTTATGCATCCCATATCAAACCGAGACGACACCTAAGGGCCCGTGTTGAATAAATCGAATGCTCCTGCACATGGAACATCTGCT,1997,52.33,Mus musculus
SEQ_289517,TGCATCGATTGGCTGAGATCCACCCGTCTTTCGAGTCCTTTCCGTAGTGCCGGGCGCGGTCAGGCAACATGATTATAAATTTTAAGGACTTCGTGGGAATCATTCTCCTAGCTCTTAAACCTCTCCTTCGCACGTTGGTTGTTGAATGATCGGACTAACTTACAGTTTCCGAATTTAGTTCCCTCTTCCGACTGTCCATAAACCCACGGTCCCCGCACCGAGTGCATCCGTAAAATATATTAACATTATCTTAGTGAACATACATCGGCTGGGGATCTAAGGACCCTATTCCACTAATTGTGATCGGGTGGAAGCTTTCTGGATGCGACGAGCATACGTACGGAACTGAGTCAGTTGAGCCTGGCAGGTGAGCTGATACCCAAGTTGCTCCTCATGAAGCAAACAGAGACGGCCAGTTTCCCTTGGAAGGTTCAGCCTTCTTGATATCTGTGCATCAATCTTAGGTGCACCTAATCACACTATGGTAGCGAAACAACAAATCGAGAATCCTACGATGGGGTAGCTTCCAAACGGTTAGTGTCTAGCTAGATTTCATTTGGAGTGACTTTTCAATTAATGTATCAAGATACTATCACCACTTCCTACTCAACTTAACTATTAAGCTTTTCGGGCTTCTCGATTGCGCCGTGGGCGCTTCAGGTACCGTAAAGCAACCGGTGTCCGGAAACGTTACCGCGTACGCCAATGACAGCTAGACAAACTCCCGTGGTACCTGTTGAATTAACAGGATATCCCCCACATTCATTCTGGTCGAAATGCACATGCAGACATAGTTGCTGCCTTGCCACGCTGACAACCACTGTTCGCCAGGGCCGCTGGGAACCCAAGGCATGCTTATTTCTGGGATGTGCTGTCAAGAAACCGAACAAAGGAACACATTCATGAAAAAAGGATTAAAGCAGCAACGTCTGTCACCACAATATGCGCCTTCATTCAAATCGCAGTGAATGGAAACGATGGTGAACTACATAATGCTCACGGCATCCCCCCGGTTCTAGTAGGTACTTCGGCGATTGTTCCTCATCGCTATGGCTTGGATTCGCATCCCAACTATCACCGCCCAGAGCGACTGCGGAGATCGGGGACGCAGCCTTTTGCTATACGGTTATATTGACAATGAAGTGAAAGGATAGGCCCACGGTGCAGGGCGGGATCGCAGAGCCACCATAATATGTACCCCACGCGATCCGCCGCTCCCAACGATACCCCAGGCCCTCCCTCACCTTCTTTCAGAGGTCCCCGGGCGCCAACGTGAACCTGGAGATTAGCACTTATGGGCTCTACGAAGGGACCTTGGGTCGATACATTCGCGACCCAACGTAGTTGCCCTGCATAGCCTAATCTCATGGAGAAAGTCCACAGCGATGGAGTGCAGCCATCTCGACATTGTTTATACGTAACAATGGCGTTACCGGCCCGGTACGGTGTCCGAATGGGTTGCCTTGCCCAACTCAGAATACGCCACCGTAATGGAACG,1498,49.93,Saccharomyces cerevisiae
SEQ_329713,GGCGGCTCATCCCACAAGGGTCTTGAACTCGGACATGTGATCCGATCTGATTACCGGGCGAGCGAAATACGCTAGCGAAGCCATACAATCGGGTAACCGGTTGACTAGGCACACCGTAGGACGCGTGGTTCTCTAAAAAACATCCAGCAAGACCCACCTGAGAGGCGGGCTTACCTCCGACCGCGCTCCACCAAAAGGGGATGTCAAGTTGCGACCGGTAACTTTGGGCCGGGTTTAACTTGTAGCTGGATCAGTTTTTTGAATCGAAGGACTCCTGATCAGTAAGTCCACCTACCCCTACACAATAGATATTAGCTGACTGCATTGGGTGCCTATTGGTTGCTTGGTACGAACGTGTATGGGGCACGATTTACTACGTGCCGACGTTTGTTAACCAAGACTGTTGACGGGTTTCTTGCAACCAATCTTAAATGCTTTTTCGTTGCGACCCATGATTCGGTCAGTGACACATTGATAAGTTGCGCCAAGACGTAGTTGCCTGAGCTGCACATTACACCCGAGTTGGACTCATAGCGAGCAAGTCTAACTTACTCCCACGGGCCAGGGCTTCCATTACAGAAATGCTCTATATCTCTTGACTACGTCTTCTCTCTAAGTTTTAAAAGGCTTAGTCGCCGCGCAGGACACGCCCTGGGTGCCATTCGGCGCTGTGTGAGTCCTCCCCCTCTGCAGAACTTCGGTGCATCCAGAGAGGAGAACCCCCACTTGCTCCTCACTCGCTAATCCAATTTTTTCGTCTAATGCAACCAGGGCTGCTCCGCAATTTTTCGCAAAGCTGGAAAAGGGATTCCAAAATAGCTACACCACACACAGTGCTGTCACTCGGGCTGCTACATCGCTTTTAATACAGGCTTTGAGAATGGGATCCAAATCGACGCTGGTGACCTCACTAACTCAGGAGAGCGATCGCAATAAAATACTCCGCCGAATCCGATTTTGTACCGTTCGCTGCCGGAGGTGTGAAGGGCGGACACCAAAGTCGCAGCATTTTACCTAACAAACGGACCGAGCTGCGTTCATCCAACCAGGTGTTTACCCAAACTGAAGTGTCCTAGTAGTGGCCCCATGTTCATCCCTGTGCACCTGCTCGCCCTCACCGCTTAAGGTCATGTGGATTGTACTCCAACCGCCGGTCGGTTTCAATCACGCGCCAAGAGGTGCAGCCAGTTGAAGTAAGGTAAGGCGCTGAGGTTGAGCCCTCATTAGGTGGTACTGGTAGGAACATCGTTTTCAGGCTTTCCTAGGAATCTATGGGTCCCACGGTTAATTGTTGTGGTGCCGCCCCTGAGAAATGCTAGTACTTACTCGTGCACTATCGGTCACACATGGAGCATTAACTGAAATGTTGTTACAGTGCGCACCATCACCTATAACATGCTATTAACCCTGGTCAGACCTTTGGATCGCCATAAGCCCGATAGAAATGAAGTGGCGCTTCAATCATGAAATTCATATGTGCCGACGGGATTTTAACCTGTATGTCGGTAAGAAGCGCTATAGACTCGCCAGGCTCTGCGGGAACCCCTGGATTCCGATATGAACTTGATGGGTATAACATGTGGAATGCCTTTTTCCAGCAGAGCCGGATGTTTGCTTTAGTGCGACGTACGTCCTGGCTTGTAGTTGACCGGTCTACTAAGGTTGGGCCTATCCAGCAAGGGAATTGGGTAGACATTACTGGGGTGATTCGCCATTACACGCCACGTTAAAATTCATTTCGTGCCAGTAATTCTTGCCGCAATGGACGTGTCCAAATTGACT,1782,50.28,Homo sapiens
SEQ_423287,CACGTCCCCTCCCCGATTAGGTCCTCGAGAACGCACAGACACAACGAATGGTCTGAACGTTGTGCTATCGCCGTCCCTAGACAGCCTTCCCCGCGTGGGGCCGACATTTAATCGAGGGCTAGTGAGAGCAGGAACTATTGGGCGGAGTGGGTAACCACCCAACAGCACTAGCGTTCATGGCACTAACGAGAGCTACTGATGAGACCGACGGTCCATCAGGTGCGGTCGGCAGTCCAGGATCCATGCTCTGAGGAGAATTATCGCGGCCTAGGTGATCCGCGGGACCGTCAAGTGAGTCCTGCTTTAGACAGTGGAAAGGGAGAAGCCCAGTCGGGCTCCGGTGACCGAAGTTAGAGCCGCGGCAAGCTTAAGAAGGTGCGGTTGAATATCGAGACATCCGCGACGCATCGGGAGGCTGGTTAGCGGTGCGGAGCAAAACGTCTCAATTTATCTACGTCTCACCACAACCCTAGTACAACCCGCCGGATTTATCGACCTGAGCCACACAGATAGGAGAACATAACTCGATCCCGCTTCTATCTAGGGCGAGCGTCCGGACTATTTTTCTAAGTAAACCGCACACTTAGCTTGCGTTTCTCGTACGATAGTGTTGGCCTCGAAGGCCCTAAATTCAGGGCAATACGTATGACTACATAGCAGGCGCGGCAAGGCGGTTATGCACAGCGTGGAAGCTACTGTCGGGGGGCTGTTTTGCAAACGATCGCAGAGGGGAGCTAAGAAAAACCGCACGCGTCCGTCCCGATTGATCCACAATTGAAGAGACCGTGCTTATGTTCTATGTAGTCGATCTTCCCATGAGATGGCTGGTCAAACCTTAGAAAACAACAAGTGATTTGCCCATCGTTCTTTCGAAACCTAAAAGAAATCGCTGTAGGGTTTAGAGAGCAACATTACTAGGTTTCAACCGGGCGCATGCATGCGGAAAATTGCCGCGCGGAAACTCCATAATGGCAGAGGCATTTGATGTCACTGACGCCATGTCTGGGCCACAACAGACAAAATTACCTCCCAGTCCCTTCGTCTTAGGGCCTTACCTCATGCGTGCACCATAAATTGTGACGGCTGCATCTAGCGCTCCGATTGAGTTTGTAACATTATGTTGATGATTCCCCGTTCCCACCCTAGCAGTCGGCCCACCATCCGAGCTCCACAACCAAGAGGGCATCACTTCTATGGGCCTGATCGAAAAGTTCCGGATCTTCGGGCAACTCTCCCATTCGACCGTTAGCCTATATGCGAGTGTTAAGACTGGGTCTCGCTCCGCAATACATACTTGCTAGGGTGAACAGTCAGTAGGTGCTTTCTTCAGAAGCTACTAGCGTGGAAAGTGAGTTTACTACCGTGATGAGCGTATCGAATGCGAAAGTGCAGCGGTTGACCGCAACAGCGCTCGGGCTTTACGATGTCACACCAAATTACGATGACTAGACGCCCAGAACCTCGAACTTTGATAATCCCCACACTCGGAATTTCCCCGACTTCAAAATTCACGACGTACACGCTGAAGCGTAGTGCTCTTTCTCTGTTATTTCATCTCACTCTTGGCTCATTAGGGGGATTACTCCCGGACTGCCTTTATAGATAAGGCTATTACGCGTGAAACTGACGAAGGATAAGGCGCGGTTGCCCTCAAGCCATTTCGTTTGAACGGTACGATCTCGCCAACCTGTTTATTACCGAGAGCTGGAATATCCCGAATTGCTAAATACATATTCAATGTCAATACCGTGAGCGAACGCGAGCCGG,1767,51.61,Drosophila melanogaster
SEQ_632211,GCAACTGCACAAATGGGCTTTGGGGTTGCTGAGGTACAGAGGCTCATGCAACCTTTACGGACGTCCCAGATGGTCATGTCTTCGCATGAACAGTAAAGTCAGGAAACCAGCGCTTCGAGCGGACGAAGGATCTCTGATCTGACACGTGAATGACTAAATGACAATAGATCACTGATCGGTACCCCTACCATACCCAACAAACCTCGGTACGTCAAAATGCCGTAAGACCATTACTGTCTGTAGTGTTCTTTACTGATAATGGGTGATGATTAACCGCTGGACCGACTTGTGTGGAGATAACCCATAGCCATTTGAAATACAACAGAAACCAACGGCAGGCTTATGTCGGCACAGAGGCGAGACTTGGTTCTAGATAACGAATGCTGCTGTTCCACTATCATCCCTATTTTAGGGGTCCGCTCATGACCGGGCTGTCCATAACCAAAATACACCCGCTCGTAGATCAGCAAATGGCCTCCTTAGCTTATGTTCAGACGTAGCT,502,48.01,Homo sapiens
SEQ_403587,TATGGGCACTTCACAGGGCGAGCTGGGAGGTCCATTCTTGATTGCGTCGGTCTGTCGGCGGGACACGTCATCAGACGGTCTGAATCATTGCAACATTAAATGTCTAACAGGATTAACGAGGTTCGAATAGTTATTTAAAATTATGTATTGACCTACACATCATTCAGGACACCGTTTCAGGAAGATGGGTATGAGACCTGGTCGAGTATAGTGCGGGGAGCAAAATACGTCAGGACCACCAAGTTAGTGTGTTGATGAGGCTGCCGGTGGGGTATAGTATGCAAAACCGGAGCTAAACACCGTAGACCGGAGCCCCATGGGCGCTTGACACAGGAGGTGTCGCGCCTTAATAGAAGAATGTGCAGTGTTGCTAGGCACGTTCAATGTGGTAATTGTAACCCTGGAGTGGATGAGGGGTAGAATAATACCGATTCATTCGACAATAGATGTCGTCAGTAACAAACCGATACGTGGGTTTGTCCCAAAAGAGGAAGACATAGCGGATAACCAGCACAACCAGGAGGGTATCCTTCAATGCGGTCCCATGATTAGCTGGCACATTGATGCCTACCTGATGTCTCTCATAACCTGGGGGGAGGTCTCCTGCCATTAAACGATGTCCCATAACGGATACGGTTGTGCACATATTCCCGTTCTGCGAATTGGTACGAATTGTAGTCTCCACTCTGCTTCTCCTGGTACATGCGGGACGAATCTCGTGCTTTATCGAAGTCTTCCCAGTATACTAGACGTCTCACGTCTTCTAGAGCTATGTCAGTAATTAGTTTTTGGAGTG,796,47.99,Mus musculus
SEQ_269097,CCGTGATCGTCCACCACATTTCGGCCGTGGCCCAGGAGCAGTTAGGCTATTGTCACACGCGAATAGCAACCGGATTTTACCGTCAGTCCGGATGGGTTGACTTGCACGTAAATTAAAAGGACAGAATGCACCCGGGCAGATAGGGGACCGACAGTGATGCCAGTCCCTCCCTTAGTCTCCCTCGGGTAGCATTCCGCAGGAATCACCGATACTGAAGCAACACCTCGGGGCTCATACACGTTACTCCGCCTGTTCGTTAACGGAGTTCATACGTGATGGTCTACGGCTACGGTCTGGACCTGTAGCAGATACGTCATGATGGGAAGATCTACTCATGCCATATGGGGTACAGCTGTGGGCGATGTGAGTAATGCATGGCATCCAATGAGGAATATCGGTCTTGCCAGTACGGGACTCTCGCGCAGTCTGCTGGGATCAATCTAAAACGCAGACCATTAGGTTATAGGGAAGCCAATGCTGGTCTCCACCAGCGGTGAGCTTTGCTCACTATTAAGCAGTCAAGCGGACCTGATTCCGCAGATGCAAGGGGTTGTGGTACCAGACGCAACGAACACCTAAACATAGCTAGTTTTTTTCTGTTAAGGAACAATCGAGTAGATTCCAGAGCCGGGCCGGTGACAACGTTCATTCTGCACGCGAGACTGAGTCACTAGCTCGCAAACCACCCTTTTTCGTTATTGGGCCAAGATCTCGATTTTGGACTGTAAGTTTAAAGATTTCAGTTCGCTTATTGGTCAAAAATTGCTCACGGGCTGACGTACACGCCTCTAATTTAGCCGTGGGAGCAATCATGCAGCGAAACCGTGGGCCAGATCGCTCCGTCTTGCACGTAGAGTTACCCCGGGTTATACCACCTGATAACCTTCTC,889,51.29,Arabidopsis thaliana
SEQ_205859,GCCTATCGCAGACAGGGCCAACGTGAAACATGTATATCCTGAAACCACTGGCCTAATACCTGCTTTTCTCGAATACAGTGTCTCACTCCACCTTTTCACAGTCGCGGACGGGACAAGATACGAGTACGTACCCTAGCCGACTAGCCGCTTGTAAGCCTCTAAATCAGCTGCCTGCTTACGGGAACACATCGCGGGAAAGGTGACAGTAAATCGAACGGTTTTTTTCACGCGAAAGACTTGTACCGCAAGCGACAAGTTCGTGTGCCGCCAGTTGGGCTATGTCGAATACTACTGTAGCCAGGAACCAGACGGTCAACACCTTCTTCTAACTACACACACCGTGTAAATCAATGCGCCCG,359,50.7,Drosophila melanogaster
SEQ_251239,TCAATCATCACCTTGCACGTAGACGATAGCTCTCACGGTTTTTAGACCACCACACTACATTGACAGTAATACACTTGAGGCTGCTGTATACAGCCCTAGCTGGCCGAATTGAAAGACCAAACGCCACTCACTCTTCTTGGTGCAGTCCTGCAACCTGAAGGTGACTCGTGAGGCCAGCGTGCGCTCGAGTCCCGACATCACAGGAGCTTCCGGAGCAAATGCGAAATCAATAGGCCACTTCAAGACGCTGACACCTGTGCCTACGGCCTTTCGCTTATTCAGGCGTGACCTCATTCCCGGTAAGGATGGATGGCGCTGCCGACGTTTCCTTGTATTAGGCGCACTATATCCACCCTGTATCTGGATAGTGCAGCTGTAGCCGCCCTAATATCTTGCTAGACCCCTCCCTGATAACATACTATCCAGCGCCTTGACGACTCACTTTGTATGGGGACGCATAACTTAAAGCTTACATGTCGCACCCACGGCACTCGCACTCTGCCTTAACGATTCGTCCGTGCAATACGGAAAGTACTTGCCTTATACGTCAGCTGTGAAGACCTGCACCGCTCTCCTTACCATCCCCAATGAATTGGGATGATGCCTGCCCTTGTAGCCACCGGATTTGCACTTAAGAAATAGGCTCAGTCATGAAATTCTGTCGCTTGGGGGCGTCTAAAGGCAACTTGCACAAACGTCATTCGGGGTCGAGGTAATATAGCGACCATGAAGATTCCGACCCTAACTGATTGTTTCGTATGACAAGCATCATTCTACTCAAATAAGGTGGTTAAAGCTTCTGCTGGTATGGTTGACTCCATGATTTCATCGTGATGGACTAATAGAGATAGCGAAGCGTGAGCTTGTCGTCGGCAGCACCTCGTTAAACCATTGAGAAAGTAAAAGAGGTACGAAGCCCCTCGAGCCCCACCATACGAGGATGGGGTAGCTAACGATTGATCCGTCTCACGTCAAAAATAGTGTAATATTGCGAGGGCGGTCCGTTGGCATTCGTGTAAAATTCCCTGCAAGCACAGTCATAGAC,1045,49.76,Saccharomyces cerevisiae
SEQ_546723,CAACCTCGCTATGACTCCTGAAATTGCCCAGCATAGACATGTGCGAATAGGGACACTGTCAAGTGGGGTACGGGGGACCATATTAGAGGAGGCAGACTCAATACTATCGCCCCAATGTACAA,122,50.0,Drosophila melanogaster
SEQ_192024,GCAAATGTAATCAAAGGTTTAACATTGACGGCCGAGTTCGGTTGTGGACTTTGAAATCGTTCAAGAATGCATAAAGACTCTAGTCAGCTCGGTTGTGCACGCCCCCGTACGGCGGGTTCTCATTAACCTTCAGGTGGAGGGATGGTATTTTAATTCATAAAGATTTCGGGACAGCTATGGATTTCAATAGATTCCTAGTGGGGTTTGTAATAGCTTCCTTTAACACGTTAGTTTTGAATTGGTAGATAAATCTCAACCCGAAACGACATGGCGGACGCTCTGAGAATGAGAGTGAGCTAAAGCCTGCGCCGACCAGACCGTCGTATTCTCTGTTATATTCTCACTGCGGTAGAGCCGTCGGGGGGCGTTCCGAGCCGCCGTTATGAGTCTCGTTCGAATATATGCCCTGCGTCTTTAGTCCCCTGATTCTGTATCGAATGCATGACATTTCCATGATTACCGTTAAATGGAATTTGCAGTGGGAACCTAAGAACGCAAAATGGAGTCTCCACGCGTTATACGCTACCGGGAAACGATTGTACGTTCGGCCCATGATCGGGTGCAGCCCTAATTACCCTTGTTAGAAGGGCGGGGTGAACCTACATTTCGTGGAGCATAACAGATAAGGCCGTCACGAAATCCACATGCGGGGGAGTTAGCGAATCTCCCGGCCCACTAAGGGCGTAACTTCCGTCCACAGGACAGTGCATAATTCCCCGCCTGTACAGGAGCAAGGCTACCAGGAAGCTTGCGAATCCGAAGTCGCTACATAGACAACCTGCTGGGTTTAAAAAGACGGGTACACTGGACTTCAACATGCTACGTCTTTAGAAGCCGATTGGTTAACGTTTAAGTACGTATTCCCCCCGTTCTTCGATTATTTGTCAGACTCTCGTCCAAGGCACTGGACTTATATGGCGCTCGGTAAAAAGATACTTCAGCGCGACGACTTAGAGGATTCGGGCCCACGCCGAATGCCGGGTCTATCCCAAACGAGTTGGGAATCGAGACATGGTTCTCAAGGAACACCCTAACATGCGTGTGGGTCCCATGTGGCTAGGAGTTGCGTTTGGTTATACATTAATGTGTTGAAAATATACCTCACTGTGAAGTTTTCCACGTGTGGGGGAGGCGAGGTTTGACCTCAACCGGCCATATGCGATT,1164,48.88,Saccharomyces cerevisiae
SEQ_573652,TCAATCTGCAAGGTATTACGAGTGCCCCGATTAAGTAGTGCATTAGGCGGCGTCAGTTTGCGAGCTGCAGTCTTCAGTGCTTGTTAGCGGGGCGGAACACCGAATTTAAGTCCAGATGAGCGACACTCTGACAGACGTCCTACTCTCTAAGTCCCGCAGGGTGGTTGTGAGTCCTGCTGTGATTGAAGCGAGGTCCAAGTGATCTTAGGCTATTTTAGGTATCCCAGCTGTCTACCCCCCTAATCAATGGGGACTACAGGCGCGAGGCACTGACGGGGAGAGCGTTCCTGCGCTCACGCTACATAGATCACGAAAAGTAGCCGC,324,53.4,Caenorhabditis elegans
SEQ_775398,GCGCATCATTATACGAGTATCACTCGGCCCGTACAGTCGTAAAGTATTTCAGACTCGCCTTATTTTTAAGGAGAACTCCTCCACCCTGGCTAAACTGGCTCGTACATGCGAAGCAGATACAGCCAATATTCTGGATTTACATTATGGCAGACCTCGCAAGAGCATCTTTGATTCGGTCATGGCTGGCGTCCGTCTAGCCACCCGCGGGCGATCGCACGGGTAAAGATATTAACAACTGGCCATATGTTGATGGGTCTGGTGGTAGCCATTGACTCTCGATGCTTTCATGCCAGATCCCTTTTGCGGGTCAGTCGAGGTGGGGAATTGTTCCAAATGCAACGCGACGGCACATAGTATGCTAAATTTGCTCCCCGCACCAAGTATCAGCATCTAGAGTCCTATGCGGTGACAGTGCATTGACCATAATGTCAACAGCTGGCGTATTGACTCTTAACCTACGGACAGGCATGCTTATTAGAATTCATACGCTGCAGAAGAGTCAACAACACGGGCAGTGCTGGTGTGCGCCCTGCGGTTTAAACACTCATCGGAGGTAACATACCTCCCTTTAGATTGAGGAGTGCAGTAGCGTGCGGCTAATTCATAGACACAGTCAAAAGGAGCATACGATTCTGATCGTAGATGAGACAAGGTCGTAGGGAGCTTGCAGCCGTTACCTCTAACTTGGATCTCGACAGTGAGGGACCTTGGATGCGCGACTCACCTTCCCCGCGGTTCCGGCCATTGCCTACTTTTTACAAAAATGACGCAAACACTTGACCATACACTGTGGGCCCCTCGGGTCTCCACGCGGTATCTGAGCTCCCCCGACATTCGTAAGTATGTATCTCACGCCTCGTTGTTCAAGATATCTATTTTCCATTCCGTTAAAGATGCTTCTGCATGGCATTAACTAAGTCTCCCTGCCAAAGCTGATGAACAAGTTTGCCTCATAATCGACAGAGACCACCCAACTAATGGCCCAAGCCCAGAAGTTATAGTAGCCACAGCGCTCTGTATAGGGGCCAGCGGTGTAGTCGCGCAAGCAGATTTATCGTTAGTTCTCATTCGGGTATAAAGCCGCGGACCTATATCAAGAATCGATCACGCTTGCTTGCAGTATTGGGTGACTTAATCACAATATCTGCGAATTATTATAAGAACGGTGCCGTCACCACTCTCTTGGCTGTACTACGCTGAGCCAGCTATCATTGATAATCCTCTTTGATACTGCCTAACTCGAGTCATTCGTGGGTTGGGTTATCTTGCAGCGCGTCGTAAGTGCATCGTGGACCTAGGACGTTGGGCTCGCCGGCTAAACAATAGACCCTAGAACAGACCGGGATCCGAACTTCATGCT,1360,49.34,Homo sapiens
SEQ_936007,GCCCGGCACTGATGCCACTGCCCGCCAGTCTGAATGGTGATCCACATTGGGTTTAAAAATTACGGTTCGGATACAAG,77,51.95,Escherichia coli
SEQ_163707,GTGGTCGCCACTGGAGCATCCCCGCTGGGGAAATTCTCCTCCGTGGACTCACGACGAGAATAGTACTATAGACATAATCAACATGGTTCTCTGAGGTGGAATGTTAGTGGATAGTTTGATATTCTGTATGCAGTAGCGTGTGTTGACTCCCGAGCCCAATACGCTTTGGCGCTGGGGATCGTTCGATCCTGACGCCGCCCGTTTACCCGGGGGCATCAAGGGTGTCCATGTGCCAAGCTGCTAGAGTTTGAATTTGGAGTACGGACCTAACATGGTGGCCGCTGATGAAGTGATTTGCAATCGCCGCAGAGGAGGTTGCCCAGCTCGCTCCAGAAAGGTGCTACCAGAGTACGTGGGTCTGTGGATAACCACTGAGACGCCTTTTAATCGGAAGGTGTTCACCTTTTGTTCGGGGTGCTGTTCGAAATCAAAGAACAACAATTTAACTACACGTTACGCACTCGCATTTCGGTACGAACGAACGACCGGCACTCAGGAGAGACGGCGATAGAAATTATTGGCCGGAGTGATGAATCAGCAGATCCTGGTCTCACACCCCACCAAGTGCAGGCGCTTCTCGTCCTCGAAAGGGCCCGTTGTTGAACGGGTAAAGATCATCTGCATTTCTATCCACCGCATATTCCCTGAACTGTGCCACCATCTTTACAGCATCAATCCGCCGATCACTAAAACAGTGTGTGCTCTAGGCTCTACCATCGGAGAATCGATAAAGCGGTCTTACCGGGGCAATTCCGCACTTCAACTGCACCATGCCATGTTGCATCATAAATATTACTTGGCGTACGGCCCTACAAAAGCTCTTTCCTAGCTGTGCCTTTCAGCTTCTCGGGTTGTTGCCTTGTTAGCGTCTGCTTAGCATCGTTAACTCGACCGGTCGATATGTGAGTCTCCAATT,916,50.87,Saccharomyces cerevisiae
SEQ_854188,TTGGATAATCTATGACAAATAGAGAGAAAGTGCTTATGACACCACCGCCAACGCGATTGCACGGGTGGTGAATTGCGCAAGTAGGTCTAAGATTCGCGCTGCATGATTCTTTTCCTAACCCGGTAGATAAGGCGCTAGGCCTTCGTGCCTACGTGCAACAATGCGTCATATAATAAACGGAGAAATGCCATCTGTAGACGTCGGCCCATCAAGCTGGTTTTTCGGTGCCAATTTGCGCATTACTCCAGACGGAGCCACACATCAGGCCTAGAGAACCAATCGACTTCGTCGTCATCCGTGTAGTACCCGAAATAATTTGCGTTTAGTTTGATTTAATAGATGTTTGAAACCAAATGAGATTTGTCTGTAAGATACCGAGGTCGATGACCCGACGGGCCGTGCGCGAAGCAGCACCTAAGCTTATCGCGGCTCAACACACTATAGGGCAACCGAGTGACTAGGCATAAAATAATTGTTTATACCCATTGTTAAGGGAGGGCTGAAGGACAAAGGAGAGGACACCCAAAGAGCGTGCATCTGACTAGTGTGCTGGACCGGAGCCCATACCTGCCTGACCTTCCGTCAGGCCGTGATGAACAGAGAACGGTTAAGCGGCGGAGCCCGCTCCCTGTAGCACGCATTCCTGACCAATAGTACACGTGAACGACGGCTAGACCAGCCGCCTAGAATTGGTTTATGCTAAACTTAGGTACGATTTATAAATTATCCACTAGATACCCGAACGCGTCCTGTGAAACTCTCGATCTCGAGTGCGTCTGCATATAGGGGATGATGGAGCCGGTGCCGCTTTAGGATATACACTGGTTACTTTTGCAGACCGTTGACACTCTCCGGCTGATGAATTAGTAAAACTGTACACTCCTCAGGTAGTAGCACTATTACCGGTAGAAATTGGTTGCGGAGAGTATATTTGAAGGAGCGCTACCCCATTGGTCTGCACCCGGTACAAGGGCCGTAACGTGGGGGAACGGAGGTCGCGCCATGCGCAAGCGCAGTCGCAACCTATTCTTCTAATTTTCTGAGCCAGTTCTTATATCTTCCT,1063,49.29,Drosophila melanogaster
SEQ_918206,CGGGGCATTCTTAAACACATAATTATTAGAGCCAGGATTCTAGGGAGGGCCGCCCATGTACGTTTGAGGAGAGTCAGCCAATTCTGGCCTCGCGAGTTGCTCAGTGTTGGACCGACGCCAGTTCGCACCGCGTCGCTACCTGATTAAGGTATGCCAACGAATATTTGCCAGAGTATCGCCAACCCTCATGGTTGAGAGGTTTAGGTGCTCCTGCTTCCGTCTCACGAGCGAGCGAGTACGCGGTTTCAGATGGCCCCTAGGGGGAGGCCTGGTGTCCTGGTAGAACATCCAATGGATTTGCCCAGGGTGTGCTTAGGCAGGCGTCAGGTGTCTGTGCATTATTGGGTGGATCCTTAGTAACAAAGTAAGATCATGAACGCCATAACCCGTCTCGGTTAGACCCTAACGGGGAAAGAGGACAAGTTTAGGTACGAAAACCGTCTTCTTCCCATCCAGATGACAAATGTATGTCGGCGGTGCAAAAGATAGGCAAGCACAGGATCAACGGACTTGGATAATGTCGGCGCGCGTACGGACGCTACTCGGACAAGGGCAGCTCGTCGTAGATCTACACGGGCTGGCAGGACACACTTGCAGCGACGCGTAAGTGACCGGGTCCCTTGTTTTGCATTCGGGCGCCAAGTCGAATCTCAACACTCCATACATATCGCCGTGCCGGAATGCGATAACGCAGCTTAAACTCAGAACGAAGGGGCGCTTTGAACTCAGT,730,53.42,Caenorhabditis elegans
SEQ_944647,GCGAGCACCTATATCTCCCTCGCGTATCTGCTGACGGGATGGCAGAATACGACCCACAGTCGAGATGTTGTCACGAAGTCCCTTGGGCTTGCGTCGAATGGTGTTTATACGGGAACACCCCCGCATCCTCGCCCAGGCTACAAGCGTGACAGGTTCGCTCTATCATATGCCACTTCCATCGTACAGCGCCAGAAATACGGAGGAGTAGTGATTCGTCAAGCGGCCGAGCCGTAACAATTGGATATAGCATTCTGTTATATATTGTGACGGTACCAACAAACGACGTGCCGTTCTTCACGTTCTCAACCATTGACTTGCTTTGAACCGGCTTGTGATAATATTCCAATCTACCGGAGTCGCTGGCCCTTTTTATTACCTGCTAAGGGGAAGATTGTTCATCATCTGACCTCGCTGGTAAGTACCGGCGCAAACGTGGTAGCTTTGTGCTAGGCTTCCATGAGGAAATATCGTATCAAATTACTTTCGTGTGGGTTCAAAAATACGTGTCAAGTGGTGATCAGGTCCTTTGAAATATACCTGAACACGTCTTCGTCTTCGCTGTTTTGCCGTTCAAGCGATTTCCAGTTTGTACGTCAGTTGGCTTC,605,48.6,Caenorhabditis elegans
SEQ_340653,ATTAATATTTCTATGCTCCCATCTCGTGTCACTGGGTAGACAAGCGAAAAGTCACCGTAAGTTCGTCAAAACAGGTAGTAAGGACACCTAAAATCTTCAAACAGTTG,107,40.19,Caenorhabditis elegans
SEQ_781471,ATCGAGATAAACGAGCAACCACAAAGAGGAACGTTGCCCCAGCGTTTGTTCCCTTCGACGAGTTCTCTATATGGCTCATGGGTTAAACTACTAAGCAGCGTGGCCGTACGCGATAACGGTTAAGTCCATCGCCGGCGTGTAAGGTATGATCCGGTTCATCGATGTACTTATTTCCCCGGAAACTTTAGAGCAATTTTTCACAGTAATGGTTGTTCGTTGTCCTTATGTCATTTGGCACGAAATGATACATCGGGAGGCTCAAAAATTATTGATTGGCGCTAATTGGAGGTATTAGTGTAAATTCCACCTAACTTAACAGCGCATCTAGACTATGTTCCGGACCCTATCTAGTGTCAGAACGTGAAGCCCTGTGATGATTAGTTTCTATTCCTAAATGTAAGAGAACTACCGAGTTGTTCGCGAACGTGTTGTCTTTGGCTGCTGACTTGCATGTCATATCAGTTATTATCGAGGTGTTCTAGCACAGGAGATGGCAAACAGTACCTGATGCAGTGTGGCGAGCTGGGAGATTATTACAGCGTCTTTGGCCATGTCTAGCGGGAGTGCAAACGGTAATCTAGATACCGCGTACAACTGAAAGGCCGGATCATTCAGGTCGAATGCAGGCGCGAACGTCATGGGACTTTCAGCAACAAGTATTAGCTACTGTGGAACCAGATAGCCTGATCAGCTACCACGCAGCCGGGCCGCGGATTGCGTGTGCGAACCCCTACACAGAACGCGCAACTCAAGGTATTCTGAAGAGAAAGGTGGGAGTTCGAAAGTCGCCGATCCCTCCAGCCATCTCCCTGCGGAGGTCAGAAACATGTGAGGGTGAGAGACAACGTGCGCCTTTCCCTTCCAATTTGTCTGGGTTGCGTGTCTGGGGAAGCTCTCACATTAGGGGAAGTACCACGTTAGAGACTGCTCACAGGTAAGATGTGAGTAAAACAGTGGCCCTCGCTGCCACTGATGCCCGTTAACTATGATTAAAATATACCTCGTGATCTGCGGACGCTGGTCATGACGGTTATACTGCTCGTGGTTGGACTTCCCACACGGCGCGTTAACACTAAGGAATACAGTGTGACAAATCTCTGAGCAATAACCAAACTTTACTCTTCTGTGAGGCATGTTGGTCTAGATCTTGACAAGCTGTCAACCTGAGAAATAAACCTCGGTAAGATGCTACATCGGCATCGCCTACAGCAGGCTGATGTTGACCATGGTAAAACCAAACTCCAAACCTGTAAGGGCGGTCTTTTAGAGCTTGTAGGAAGTGCACGCAATTGAAAATTGCACAGCTAAATCCAAGTCTTCTCAGATCGACCGTTGCCACAAGAGTCAGAGGCGCCGCCAAGGTGACCGTTATTTCCACTAGAGCTCTGGCTCCACGGGCGCCGCACACCTAGAGATTACTAGTATGGTTTACTCATCGGCAAGCCCTTAGCGATCATATAAAAT,1464,48.29,Saccharomyces cerevisiae
SEQ_438818,GGGACTATCATACATCCCGCTTAGCCGCGGAGCCGCTAAAGTCGAGACAGATGACCTTGTCCCTATTAACGCAATCGGTAGCATCTGCCTCTTGAGGACCGTGACACTCTGCCGGAACTGATGACAATAATTACCGCAGACCACACGTCGTGTAATTTGGGGAAGAGCCTAGTGCCGTTCGGACGGGCATATTTAAATTTGGTTGCACTGGGCCTTTACTTTCGTACCTCGATTCGCAACATGACGGCGTCATAGAAACTCGTCCTTACCTGACTGAACGTGTGGCTTTCGGTCATCATCCACATGTGAGTACTGAGACTTACACAATCGTGTTGCGATGAGTGATTCAACTTTAGCCGACCCGAGCTGGTAATACTCTTCCCATGCCCGTAGCACGGACGCGACTCCATTTGCGCCTCAACTCCTCCGTGAACTTCCCGATTATTGCGCAGAATAATAGCCACTAGTCGTGCTTCAAGGTAAATGCTCAACAAGCTATGTTCTTATACATAGTAAACTGCCGGTATATTAACCCCGTGTGTTACTCGAATTTAGAAGAAGGAAAAATGACTCGGTTTTTGGAGATGCCGTCCCCTCGCTGAAGTGAAGCTGCGCGGCACCGATTAGAAAATATACGGGTACGGGGTCTGCTCCCAACGCCGGATTGCGCCAGCTTAAATTACGACAGACTTTCTACGTTGGTCAGTTGACTGCATTCCTCGAGCCAGCGTCCCTCACCTGGTACCCTGCTTTTATTTATGTCAGGATTGCAAAGTCGCGCGATACCGATACGTCGCAACCTACAGAAAAGCTCCGTACCTTGGTAAGTTTTGGCTAATGGA,842,49.41,Escherichia coli
SEQ_692793,AGTCTAAAGGCGAATATATGAGATAACTCTAGCCAGAGGCGGTAGTAGACTGCGAAGACTACTCTCGCAATACTGCGGGTTCGTACGGAAAGGTTGGCCGACCCCGTTTCGTACGGCCATCGTCACCGTCTCCAAGGGCTAGATTATCAAACCCTATGCCCTTAAATTATACGGTATGAGGTTGGGCTGTAAATAAGT,198,48.48,Arabidopsis thaliana
SEQ_699331,TAAGTGAGCGCAATCTACTGTACCCAATCGGTATAGAATGATACAGCTGCATACGCTCTTATAATCCCCGTTCCGGGGTCGGTCGGTCAGGTGCCCATTTTCTCGGAGGGGTTATTTCGTGGTGAGCATTCATGGCACAGGGTTTTTTGGCTTGACTCCTCCTTCCAAGATGCGACTAAAGGGTAAGAGCTCTACAATGGTTCAGCCGATGAGACATTATTATGCTAACTTGACATGCCATCTAGACCTTGATGTAATACTCCACACATCACAAAGACAAAAATAGAAGGACCCTATTTCTACGAACACTACATTTAGGAAAGCCGAATGTCTTTTTTTTATACTAATCGACTACTATTCCAAGTCCTCTCGTCCAAATACGTGTGCGACCTCCTGATGCATAACGTGTCTAGTGGAGACTTAGCTAGTAACTACGCGGAGTCGATGAGCGGACCTGTGACCCAGGAGTGGGGAGTCCCCGACCATTACTAGATGCGGCCCCTTGTTTGTCCCTAATGTCGCTGCGGGCAACAGGAGGGAGTGGCAGGATGCTTCGCACCACTCAAGAAACAGCTGTTCTCCAGCCGTTCATGACAGTTTGTCCACGAGACCAAACACGACAGCGGCGAACAACATGCGCGCTCGACGCACCTGTGTCGCACCCCTTGACTGACACGCAAAGCGTCGCCGGCACGCCTGGCCAAGGTTGCATTAACCATAGAGTTAGCGGTCTTAGCCAATATCGATTACGCCCTGGAGGCAACACAAAAGGCTGGAGATGCCCTCGTAACTTTGGCCTATCCGGCTCACCATGCCCCCTGCGCCGCTCCCTGTCTCAGATGGTACGAGTTATGAGAGTAGGCCACGGGAACCCGTTTAGGGTGTTGTTCCCCGCCCTCTAACACGCCACACTGCGAAAGCCGCACTTAGCAATTTTCACGGTACTTGAACCGCATTGCCGCCGGCTCCTACGCGATATTAGTACATAGCACACTAAGTTGGTACCGCGCCGGCCTTGAATATGATGGCCGGGACAAATGGCCGACCTCATTCCTCCGGCAGCGGAATCTCCACAGGGGTTTTGGGGGTAGCTCATGCTGTCTTACCTACGCGGCCCGCCTAATGGTAAATGACGAATAGGCAGAATTTCTATTTCGTCATTATCGCTGAGG,1172,51.88,Caenorhabditis elegans
SEQ_685374,GCAGGGCTGATCATGAACAAATATAAGACTGACGTGTTCGCCTTCCATGATACTACTCCTAGAGGCGGCCAGGTATCGTCGAAGGCAAACCATACGGCATCCCGCTGCCCTTGTGATAACTGAGAAGTCGTTGTCACTGTAGTCGGTCCCGCCAGTGTATCCTAGGGTCTGACAGGAAACCTCATGCGCCCGAATTCCTCACAACTTCCCAAAAGTGTCCGATGTCTGGCCTCGTCTATATAAAGCGGTGAAAGTAGTTAATATCGGGTGCGACTTCATCGCGGTCTGACCTCAGCTCCAGACGCGAACGTGAGAGGCCCGGGCCACGTTGCGAAGTATTAGTGAGGCGTGCGCTTCACCGAAGCCCGATCTACTGCCCGCTCTTAAATAATACGCTAAGAGTACGTGCCGTGTGTCACGCGACACATAAG,431,53.13,Arabidopsis thaliana
SEQ_820555,CAATCTTTCGGTGCCTCAGTGGGATGAAGTCAGCGCTACGAGTTGCCTTCTAAACACTGGAGTGACTCAAGTTTTGATTTCGCAGGCCAGAGACAAGATAGAAGGCGTGTCATGCAGAAAAGATAGAGTTTTTCGAGTGATCTACCGCATTGTGTCCCACGAGGGAGAACTATGTAAGCGAACGGACCGTCCGTATAAGTCAAGTCTAAGTGGCCGCGGGGCAGGCTGGAGCCCAATAAACTTCAATGTGGAGGACCGATGTAGAAATGGTGCGAGCCCAAAAGCTATGCATGTATTGCGGTGTTGTAGGAGGTGTTCACTACCTCAAACACCAAGCGGAATACGATTCGGTATACACCAGGTGCGCCCCGACCTCGAGATCACTGTCGACGCGGGCTGAGTTTACATGTGGGATAGGTAATCTTCATAGGTTAGTACCTTATCCCTATTCGGGAGTACTCCAGCGTTTTGTCCTTGGCCGAACCTGCAGTTTTTTGAATTTATTCTCATACTGAGCGTTGACTGGTTGCCGAGTAGTGTAGGACTACCCGCCGCGACGCGACCTCTGCAAAGTGCGCACTGTCCATTGGGCGTAGAACGCTAACACAGTACCAAAACCAAGCTGTCAGTCGTAGATCTCAGTCTGGCATATGCACACCTTTTTTCCTTCGGCATCGTGCGTAGCAGTCGATGCTACACGATAGGGGTTCGGCATTCACGACCTTATACAGTGGCTTTACGCGCAGCCGGATGCAGCCCAAGTCCACCGAAATTAACCCAGTGATGTGAGCGGAGGATGAGAAGGCCCGAGTCTTAGGATGTATATTGGGAGCGCCTGAATTCGCTTTCTGTGATCTCCACGGTTGGGAGGGGAAATGCATTTACGTTTAGTTTGATAACAGAAAGAAATCAACCGATCATAGATGTGAGGATGCGAGTGACTTAGGCGGTAAGCACCCGAATTTTACCCACGGCTCAACGCGAAACGAGGCAAAAACATACCGGGGAAATGTGACTCAGTGTCTACCTAGAAGTTGAAGAATCAGGCAGTCCAACCATGGTATGGTATTTTAGGGTGAACACGTTCGACGGAGCGTGGTTTAACTCGGGGTACTATACCCAAGGGTGAATATAGCCGCGGGGTGTTGCGTCGCATGTAAATATCGTGTTGCGTGCCGTCCTATGAGCCTCGACCTGGACCTTCCCCATACAACCGAATACGGAAAGCGAGGATCCCCGGGGGGCCATAAAAACCGAGATTATCTGCAGCTAGAGCGTGGAAAATCGTTCGCCGTCGTTGCCGCTTAAACCCCCTGATCGTTCGCGGTAGTAATGGTAGCTTGCGGCCAATACAACCAAGGGGCTAGCATTCATTCGATTTCGACGCAGGGCCTTTTTCACTCGGAAATCCTACCGGTAGCGACGCTTTTAAGCCTTGACGGGACCGCCCCAGCTCATTCGTGCGGGGCTGACGGGTGACGCTATTTTCGATCCCCGTGTCTGGACTTTAACAAATCAGTTGGTAGTGCCAAGCGCTTGCGATCATTCCTTATCGTGATGAGCCAGCAATTAACAGATACAATTGTTGTTGCAGGAATTGCTCTTCAACTGCTTATTGGGTGGCCGGCATCTTAGGGTTGTCGATCCATACCACCCTAGGCATGGTACCACGCATTATGCTCCCCACCGGTGCAACGAAAAACTATCCTAAATAGCGCTTGCATTCGGTGATGCACGTGAAGCTCGGGACGATAAAGGCTACGCCGTATGGGACCGGGCATCGGTGGGGTCAGCAAGCCGTACAAACCCCTGGTCTGAACGCCTCGTGGTTTTCCATCAAATTAGGCAAAGGTTACTGGTCGGACTTAGAGTGGTGGTAAATAAGCTCGTGGGACGAGCCAAGAG,1905,51.18,Caenorhabditis elegans
SEQ_900403,AGTTGTTTCCGCCTAATGGCGTGAACTGACACTAACCCTGCCGACGTAAGAATTACGGTAGCTTCGACGGTAGCCACGCTTAACTTCGAGGGACACGGTCGCGTGGCGCAATGGGGACTCTGTGAAATTGATACAAATTGCGGGCTGTAGTCCAGAGTGATTGTTTCTACGTCATTAAATAGTTTACTGCTCCACGCAGGTACCTGGACCTCAGGATTGGATCGTGGACCTGTGCGTTATCCTTCCTGATCGCGCAGGTGTCCATACAGTACTGTAAAGCATGCTATCAAAGCATAAAAGTCTCTGTTCGATAGTAACAGTGAACATCGGCTTGTTTGCTCCGGCTGATATGCGAGGGATGTTCATGAGCCGTTTTATCGGACCCACCCCGCCTCCCGGGACGTTATAGAAACTTTAGGGAGATCAGGTCAGTCCCAGATCTCTTCCGGGCCAAATCGCGTACGTGGACTTAATTTGTTCTTCACAAGACTCTAACGCTCTTCTCTCACGCGTAGACGGGGCTAAGTTGATCTTCCGCTGATCCGTCGTCACGCCAAAATACTCACCCTGATTAAACAACATTTTCCAAAACCGCACTCTTATCCCATGCAACACCGAGGCGGATACTGCGACTGATTTCAAGGCCCCCCGCCGTGCAGCCTGAATTTTGACTATTTGCGTATCTTAGGTTCCGGGTAGTAGTTTTAGACTTCAGTATGACCGGGGACCAGCATGACCGCTGCACGGCCATACAAAAATCGACAGCCACAACTACTTAGGTAATTATCCAGGCTCTGGCCAAGTTGCCAGACTGCCCCGTTCCAGGATGCTTATACTCGCCCTCATTTCCTGGAACAGTAGATAGCCGCAAGTACTAACTGATTCGGAGAAAGCTATCAACGTTCGTGGACCTAAGCTGGAGCGACTGGACCCAGACTCGTCGAAGGCACGCCTTGTTTATTGACCTGGCCACTAGGATCGGCCTCCACGGATGGCTAAATTCAACCGACGCGGGGGAGATGTTCTTAGCGCGCATCGATAACGCAAGTGGAA,1053,50.81,Drosophila melanogaster
SEQ_852341,GGGGTGACCCACAGCACTATCACATGTCCACATCAAGGGGCCCCGGCCGAGACGCGCGCACCTTCTTGCGTCTCAGGGGTCAACGTATCCCCAGCTTAATGCGTTTATCTGACCTGGTGCGGACGCTCCATGGCCGCAGACAACCTACGCTTATTTGATAATCGGAATCCCTTTAGCTTCTCGTATTCTCTTTTTTCCGCATTCTTTTCAGAGCTAGCTAGGTATCTATGGCAAATGTTAAACTCATACAACCGTTAGCAAATCCCGCACAGTCCGGTGTAAAAACACTCGTAAGTGCCCATGGGTGTCGTATGAACATAGCGTTTGCATGACACAGGTGGGGGGGCAACGCGGCGAGCCCAGGAGGTATAGTAATGCCTCTTACTATATGACGGGATACGCGGCGCAAGGAATGGACGTGTGCCAGGATCTCAATCCCGACTGAATACGGAAGTCAGTCCTCACTATAAGGCGGAATGCGGTTGGTGCACATATACACGATTTTACCATTGAGGTATCCAGGATGGTTTGGCACTACGTGCGATCAGCCGTACCTGTTGGACTATGTGCGCAAACCCTGATGACAGCCAGCGCAGGACTACCAGTCGTGTCTGCAAACAAGGGCATGAAAGGGAACTTCCGGCGTCCAACATAAAGCATTTACTGATGCTCAGAGCGTACATCCCCATAAGACTATAGGCGAAGCCTGTTTTCAGTGTGTTGCAATATGTTCTACTGATACTCTACAAAGGTAGTATCCGCGCGTGACTTGATACACCGCATGTTACTTAGGCCAAAATTGTTCTAAAATATCGACCGTCTGGGCTCGACGACTCCCAATGGCCTGTATCAAAAACGAGGAAGAGGCGTATGCCTACGTGGACTTGAGCTTCAGTAACAGAGTTCGGGTG,911,50.38,Escherichia coli
SEQ_947640,GATAAAGTCCGGTGGTGCCCTTAATCGAAATTACGAGATAATGACCATACCCACTTCCTTAAATATGTGACGTCCTAGCTTAAGGGATCTTCGACTTCGAGGATTGCTTGATTGCTCACGCTTACTTGCGCCGTATGCGTCCATGGCAATACCTAGGCGTGATATTATAGGGCCTGGTTACACGGTCCCCACGAGACTTTTGTGTTTACAATAATTGATAGACCGTTAATGAACAAACCCTAGATAAACGTGTAGGTTTTTAAGGTTCTTAGTGGCTTAATTAACGTTCGGGATAAACAGAGAACGGGTCCGTAGAGGATACCATCGGACGAGAGGTTGCTGAATAATGAGCAGCTCCATCAGGCGTGGCACCGCTTGAATCATTAAGCTCAACATCATCACTATCAAAATATGAGGGCGAAGGAAGATAATCGTACGATATCGGCGGTGGAAACCATGTTCGCACGCGTTTCAGCCTACCTCAGAAATCAACAAGGACTCAAAGGCAAATCGTGACAATTCGAAGCTATTTATGTAACACACGTGCACGCTGCAGGCGCAGGATTTGTGGTCTACAATCTTCGCACATAGGCAAGGATACGTGAGTTCTCAGTTATTTACCAGGAGAGGTTGGATTTGCCCCCATTCGAGTTTTAGATCTGAATGGGTCCGAAATTTTGGTTACAGCTGTTGACGTTTACCGGCAATTTAATCCTATGAGCAACAGGTACGTAGGGAAATTTTTGCATAAAATCAAGGTACGGTTAATATGAATTCATGTATGAAAAGCAGGCTGAATCTTGCCATTTTTAGTAACAAAGCCACATACACAGGATTTTCAGCAAGCCGAAATAGATCAGTTCGCAGGGGGTCACCGGAACCTACCAACTCAGAAATCGTGAGTGACAGTTGAGCTCCGCCGTACGTGTGTTTTTACGGTTCAATGATCACGTAGGAATGACTTCGATTGTTTGCCACGCGCTGATGGAAGCCTCGTTTAATTGATCGCCCCTCTAGATGCCCTATCAAGCTTCCTATATGTATCCTCGAGTCCACACATTTCTATTGAGCCTAAACGGATTCATGTGAACACATCCTAGGCTTAAAACGGTCATTGCCTTGACTTGCGTGGGCTCTCCTCTGGATCTACCCCAATTAGGGGAACTTGGAGTGGGGTTTTCCACCTCTCGTGCCTATTAGCCCCCTAGGCCGGATATTTGTTATTGTGCCGCTCTAGAGCGTACAACCCAATCCGGCTTTTTATTGGGCTACGAGGACGTTAGCTGTCCTGAGCTCTCACCTTACCCATCGACGCGATTTTTGACAGACTCTGAATATACACGAGGCTGAGCAGATGCTACTCTGTTAGTCGCGGCTGTTTAGGCTACGTCCACACAGGACTGGATGAGTTTGATTCTATAATTCAACTCCTCGCGCGTTAGTATAATACTTCGTTAGCAACGTAACCCTGCTATCTATTCATCTTCTCCGCGAGAAAGCCGCGATAAATGGGGCTGAGTAAAAGAGTTCATCTGATCCGGCTGAGACAAACCCTTATTTTTCGGGGGGATCGACGTTAGTGTTAAGTGATCATCTTGCCGGGGGCTGGGAGATACTCATGTGCATCTTCCTGTCTCCAAGAACTATTCATGCATAGTCCGCAGTAGGGGCTCAGCTATATGGCCCAGCATCATGACTACACATATTCAAAAAGACACGATTATGTACTTTGTAAGCCCGCGGCTGACCTGTTAGGCTACACCCGGAGGCGTAGCTTCTATACGGGTTCGCAACGGCGGCTATAACAGGGTGAGCATGGACTATTCTACACGTTTTTTTACTTCAAAACAA,1851,46.19,Saccharomyces cerevisiae
SEQ_962659,CTTTTACTGGTACACAGGTCGGGGGAGATAGCTCCCAACTCGCTAGTAGCCAGCACGGGTTTGCTATTCACACACAGACAGGGGCTACTACCTAGGAGGTTGCGCCGATGTCTCCTCCACGTATATATGGCAGATTCATCCGGAGTAAAGAGGAGTCGTAATACGACAGCCCGACCGGTACACGGAAATACGAACGTTGAGAAACCTCATTACAGACCTCAGCAGTGCATAGTCAGCTACGACGGAATCCATTCTATCCGCAACAGGTCTGATCGACTCCGTACCCTAACCGCGTGACGTTTAGACAGCTCGACCCGCGATAGTGGGAACGGTTCACTGGGTTACAGCGCTTAGCGCGCTTTAAGAACCAAATTGACCATATCAGTCGAAGGGAGCCCCATCAATATTGTCAGCAAAACTAGAGTCGTCGAGAGGATGTTGGCGAAAACAGCTTTATGCGAGCCTCGCTTTTACTAGAAAATGGACAACTGCAATACATCTGTGTACCCAAAACTGTGACGTTTAAAGCATAATTAACGATAACTGAGGAGACGGTAATATCTTCTCTACGGTTTGCACTCCACCAAGGTATGAAGCCAGTCTGAAGAATCATACCGCATTTCCATACATGCGCTTACTATCCCCCAGCGATATCGATTCTGTTTCTCGAGACAGACAAATCAGTAGTGTTGAAGCAATCAGTACACCTGTTTTGTACAGAGCGCCCTTATCACCTGCTCTTCAGACAAAACGTAGCAACGGACACTTAGTTGCAGCTGGGTCCAGCCCAGTCATTGTAGCTTGGAACCCCAATATGAGATCCAAGATCATGTGGAACTCGACT,844,48.22,Saccharomyces cerevisiae
SEQ_517852,AAGCCCTATGCAATAAGGCTGATCCTCGGCAGTCAAGGATCAGCAACTTGGCTCTAGAGGATATCCTTGAACCCCTCACAATGGGAGTTGCTACACGGGGCCAAGTGATCATATTGTTTTGGCATGTTACGGTGTGGACCTTGTCACGCTAGGACAGAGTCTCCACAAGATAAAAACGTTAAACGCGTCACGTTGAGGGAATGCGTGAGGGAGTTGCACGGGAATCGAGCGACTCGATAATATGAAGGGCGCTCGCCGATTGCGGAGACAATGGTAAATACGCTCGCGACCTGTCATTGGAAACCTGTTGCCAGGGTACGGATCGGCCACGCGCGAATAGACGTTCGGTATGGGGCCAGAACCTGTAACGCTAGCGACGTTGGGCATACACCATCACATGCCTGTGGCGCACCGTCCTTACGCGCCCACCAGAAAATGTATTCCGGTTTGAGACCTGTCTGCCACATCCTTTCGCCGGCAGCTGGCAGCGCATATTTGAGGATAGGCGACCAAGCATCTGGTATCACAAAGTAGAATCATCCGAGGCAAAGCAGTACCATATCTGACGAACAACGTTGAGAAAGTCCCGTCCGTCGGGATAACAAGCATCCTCAAGCAAACTTTTAAGTTCACGTGTTATACTGCGCTCGATGTTATGTTTGGACGTATCCAAGTTCTACTATATCCTCATCCCGGAGTGGGACTGGCCAGCAGGAGGCAGTGGGC,726,52.07,Arabidopsis thaliana
SEQ_827096,TGGTTTCACCTTGCAATCGGTGAAGTGAAGAGCGTTAGCTTCCGAGCATCACCCTCGGAAATCAGTGTTTGCGCTATCCCTTTTAAGCTGATGAGCAGATGCTAAGGGACTGCTCATCTGAACCATTTCTCGAAGGACGGAAACTTATGAAATGCAGCCCGGTCGTAAGTAGGGGAAACGAGTCCCTAAGGTTTGAACCGTAGAATTTTCTGAGATCTTACCATCCTCCATCGTTGAGTGCCATCCTTGACGCCTGTGAGGCTGATGCCGTGCCGGCGATTTTTAGCAGTTAAGCGTCCAATCCCTGTAGCTAAGGCTAACGCAAACCTGTTCGTCAAAAACTATTTAACCACGAACTGAAGCTGTTTCAAATTTGGTGCAGCTGACCGCTCAATGACTATACCACACAGTCGCGGGCCCTTGGGAAGGTGCGTGACGAAGCACAGGAAAGCTTAGACCCTGGAAGGTTGGTACCAGCCTTGTGTCATGGCGCCCCGCTGGGTGCGAATGCCCTATGCAGAACACACTGAGTGAACGATCGGTATTGGCATTGCTAGCCCAGGCGACCTACGCGTCTTTTCTAATTGAGATGGGCTGAAGCACAAGGTCGATGCCCCTGGCATCAGCAATGTGCTGAGTAGTAGATTTGGCGACAGATAATGCCGTGCATGCTGTACAGAGCAGACCCAGGTGATACAAGGCGGTGTACTGAGCTTGTCGGAGTGGTTGAGCCACTACGCTGATTGGTATGATGGGGCGATTTAAGGCGGCGTTTGTTAAGGCTTCATATACCTTTAGAGTAAACGGTGGCTGGGCGGCCTCCCGAGCTACCCGTCGACCCCACGGATAGCTAACATATAGAAGACGCCAGAGGAACGGAGCCCTACCCGTAAGGAGGTTGCACGGTAGGATCACAAAACTCCAGGTGATAGGTTTAAGAGGACCTCGGGTTTTGCCACCTCACTAGCCGCCCGACTGTACTCTGCGCGGGCGAGTCTTGAAGTGTTTTTTATGTAACCCGGCCATGTAGCGCGCTGGGTACTCATAAAATTGGCTGCGCGACTGTGACTAGTTAGGGTCGTATTAGAGTAGACCTATTTCATAGTGGCTCTAGGATCTATTGTGCGGATTGGACGAGCAGCACCTTAGCTGAAGAGTCTATCGCGTTCTTAGAGAACCGTTATTCCCCTAGGACAGATGGAAGTCAACCGATGTGGCAGAGGCGCGTCTTTTACCCGCTATCTAGGAAGGCAAATTACGCTTCGGACAAGCCAAGCGTGTTAGGTCGTGTCCGCAATATAGTACGCCGCGGTTAGTTTCCAAGATGGGCGATAAAAGTGTAGGAACAGAAGTCACCATACTGGCCGTGGGGCCATAGACGGCATGTCGTAGCGTGGAAATCGCAGCATACCGGACACTACGGCACGGACAGTCTGACTTTCGTATGGATCACAAGCCGCAGCCCGTGCGGTGTGATGGAGTCTGTGTATGGGACCGGTTAGGCTCTGGCCATACTACAACGGTGTCTGGAGGGAGTCTGAAAATCCTATTCTGACTCTTACTCCACGAAAATTAAAACTCTCGAACTGGGTACTTCGGGTAGACCAGGGCAGTAATACCCGGTATTAACCATCAGCCCATGGTCCGCACGCGGTTTACAAACCTCTATTATGTCAAGGCCGACGAAAGCGCCAAACTTTCTAATAAGGATCCAGCATTTGTGTAGCACAACCCACTCATACTACGGGTCGCAGCTCTACCCACGATGTCGGTGCCCCTCCGGCTCCGACCTAGGCTTGTAACGCTTGGGGGATGAGGACCTCCGGCA,1828,52.02,Saccharomyces cerevisiae
SEQ_967835,CTCTGGTGCGTCAGACGAGGCTCCGGATGTTTTAAGCGCGTATCCCCCGTAAGGATTTCATGAATACCCCTATAATTCTCACACGTGTTGCACACGATTGTTGGCTTGGACCAATGGCTTAAGATACC,128,49.22,Saccharomyces cerevisiae
SEQ_326853,TTGTAATTGACTCTGTCGGACGTGTCCGCGGATTACAGGGGCTTCACATCCACCCACCCTACTCATGGGCCGACACCCCCTGAGCGCCTCAGTGTTAAGCCGTACAATGTTCATCCTGGTTAGCAGATATTATTTGGCAGGATAATGACCATGGAGGACAAATGGAACTGGCTTAACTAGTGGAAGATGCTACGGGATGTAGGACGCACTAAAATGAATCTGCGTATTGTCACTCTTGACTGCT,244,49.18,Escherichia coli
SEQ_180781,CCCTACAGACATATGTTGGCTCAATGGCCAAGGCGACCCGTGCATATCCACCTAAAAGTCGACCTACAGTTTGAGATAAGCAGTTGGTATCCCAGACATATGGTCAAGGGGTCGGTTTCGAAAGGCTGCCTACAACATGCTTCATCTAGACAGCCGTAGTCATGACCGGCGATACTAAGGGTATTGTGAGGGGCCCTATTCTGATCTGCATCCTATTTAGAGCTCCTGGCATACGATTACTCCCCTGAGCAGTGGTGAATAGAGCCACCGCGGTACGCCAATTGCTTATAAACAGCAATAGGTGCTAACGGACACCAATTGTTAATGGACGTTAGAACGGCATCTTTACATGCTGCGTATACCGATTTTCTTTTTGCCATGTTGTGCCAAGACAGCAGTTACACGAAAAGTTCATGACCACGGCTCGTCGGTCTCCGCCAGGTCTGACTGTTTTTCGATGATCACTTATCACGCCGGTGAAATTTCACCCGCATTGGGAAGCGCGGCCAGGAGCGTTAAATTCTTGTCCCATGAAGAGAAGCATAAATATCGAAGCTCCGGATTGTGAATCATAGACTGCTGACACGGGAAGTATCGGCAGAGACCCCTATCCCGGAACTGATGACGTATCTTGTTCTTATCCGGGATGGGTACATTCGCAGACAACCAAAGGTCATGCAAGAGCGCGATACTAAACTGCGGTCGAGGGGCGTAGCGTGGGTTCTACAAGGCCCGCTCTGTGGTTTGCGGTCTCTTATAATATAGCCCCTCACTGAAACAAGAGGCCGACCGGCTTTTCGGTCGCAGCTTGCGTTCATGCGGAGAATTGCAACAGTAACCGATTGTTAACGCGCGTAGCACCTTTACATGTATTGTAGTTCGACAGTGCTTCTACGCGATGACGGCTCGTCGCGCAATACTGAAGAACATCGCAGATACCAGTTAACGTGCGGCGAATTCATGCGTACGTAAGAGCGTAGCAGGCATACCGAGGGTTAATGATGGCCCTGGGCTGTTCCTAAATCTCTTCCGCGCGAAAAGGAACTATTCGGCCTCAGAGTTGTCTACTAGATTTACTGAGTCATTCGTCTTCACGTGGAGTCGGTAATTATGAATAGGACGTTGCTGCGGGCACGTCTCTTATGTCATCTACGGGCAACGTCCGGTGAGACTGGTTAACTAAAGTTCAACTTCTGAGGCGCGCAGTCTTAGTATTCCAAGCCAAGTGCATAGTTTGGTCGTATAAGTACGCTGTAATTTAGTTCGAAGCTACCGGTTAGTTGGCACAAGACGATATAAGGTGCACAATGACTGACTACCTACTATTTGGCTGACACCTCGATCTGACCTTCTTATCTTCGATGTTAGGCGTAAAATCTATTTTAAACGGGTAGGTAGATTAAATCGTGGCCGACTTAGCAGACCCGCTTGTGACTTTTAAAATCTTTCATAATTAACCGAGCGCGAACGTCCGACCGGCAGAGGACCGGGCGCTGTCGCGCATCGATAGATGTTCATCTCCCACCCATGGGGAAGGGGATCTCTCTTCTAAAAATCTTGCACGGTCAGGTTCATACCGCCGGGTGGAAACCAGATAACTTCATTGTGTCCCGTTACATGTCCTATAAGAGACCGAAGCTTTAATAACGATACCGGTTATATTGAGACAGGGGACCTACGCGACTTCAAGGTTGAGGCTGCCACGACCGCTAGCGGGCTGCTGGTGGAGAGTACCCAGTGGAACTGGGTCAGATTTCATTCTTAATTGCAGAGGCTATTTGAAACTATTCCTTCCTCC,1798,49.0,Arabidopsis thaliana
SEQ_414833,TTGCACTTCGACGCGTTTAGCCGGGGCTATACGTGTGCTATCGGCCGTTCGCGGCGGGGCTCGAAATGACGGGCAGCGCACACGTGCTTTTGGTGTTTTTCACTTCAACTACGCCCGCGACATTTTTCAGTGCGGTGCTGAGCTGTGCATGCCGCTACTATTCACCTACCCGATGCTCACTGTCACGTCTTCAACTTGAGGGTAAAGCACCCGCCGCACGAACGGATGGAGACCACTCCGCGACCACTGCCCAAAAGTGATTCGGAGTGAGAGCCAGACAACTCGACAACTGATAGAACCTCATGCTGTACGATGCACCGCCTTCCGGGTTCAAGATAGGATCCGCCGCTAGGGATGCGCCCGGGACCGGCCCAAGAAAGTGCGGATAAGTCAAGCATGGAGCGTAGCCATTTGGCGGTACACCAAGAGTCGGATGTTAGCACACGCTGCCGGGTTTACTGAGATTAGTTTCCGGTTCAGGGACGCATTGCAAAGACCAGAAGCCACGACGCAATTATGAACACTTCAGTGATCGGATCATTCCCACGCCATTTACAATTTAGACGCATACTGGCAAATTAGCTACAAACTTTCCAAACACGACCGTCCCGCTTTGCCGCCGTGAGTTATAGTAACGAGCTTGAGCTTGGGCTACATCAGCGCGACCAGGGAAATCCATGCAGTCCCAATCCCCCGTTATCTGGCTCATCTCTCCGCGAGAGCAATTTCCAGCCAAGCGTGCTGCTGCGTAGATCCGAACCTGATATTATTTCGACATCATATATTTAAACCGCCCACTCGTCTACCGATACCTACATGAGAAACTATGGCACCAGTCGGCTCTATCGCGTGGTTGGAGCTACCAAACACGACGAATAAGACGCCTCTGAGCTCTGATCCCAGGACAATCCTGACCATCAGTCTTGACTTACCACTTCTCGGAGTGAGATGGCAGGGCTTGTCGCAATGCAGACTTCCCTTGGTGGCCCAAAATCTTGTACTAATCCTGTGGAAAAAGCTCAAAGAGTGACCAAAGCTGGCGAAGCTCTTTTTTGCCTACCCTACGTAATTAGCACGAACCTAATCTTACCTTGATCAAATTTTCTAGTTCTCCGGCTAGAACTTTTTTGTTCTGCGTTAGGCCTAATTCCATATAACGTTAGAAGAGCAACGTGCAAAAGTTTCCTGGTAATGGATTATCTTATGTGAAAGCAATCGTACTAACCTAAGCCCGATTCGGGCGATCTAGGTTGCCGATCGATCTTTCCGCGTCTTCAAACCTGCAGGATCCATAACGCCCCCTTTAAGACATGCCGCTTTGTACGGCGAATTTCCGATGGAGCGGGGTTATTGCCAATGTATACCGACACGCGTAAATAAGGAAGGATCATTAGTGCCGCCAATACATGCCGATGCAACCTCTGAAACAGTTAAACAAACTCCGGTTGTCCCTGTGAGTTATAATGACGAGGGCCTCCCTCGGGCCCCATTACTCAGAATTATATGACCTGCCAATCGGTGCTAGACGTCTAATATGAGTATTATAATTCTTAAGGTGGGGGAGCGACGCGCTTGCGTTTAATTGACAAGTGGCC,1595,50.41,Mus musculus
SEQ_171783,TATAGGTAGTGAAGTGAACGGAGACACAACTTGTTTGGGTTGACGAGGCATAAACCAGCAAAACCTACTTTGACAGAAGAGGCATTTGCGAGATCTACCCCCTTTTTTTACGTTAGATACGTTAGTCCAAACCGATCGATAAAACGTATGTCTGCGACTCATACTAGTGTCGCCAGGCTGATGCTGTGATTCCCTCAGAAGAACGCAGTAACGATAGCCTTGCAGAATTCAGTAAGATAATTGCGTAGATGTTATGGGACTAATGGTGTTGCTTCTGGCAAATTTCCTGGAAGAGGGTCACCGGCATACTAAGTGGCATGTAGCCTATATTGTCGAGTCGTCGAAATACTATTAATTGGTGTGCGGCCGTTATCCCCATAGATAAATCCCCTCGTAGCAGCCTTGACATAAGCTGATACATAGACGCACTTATATGCACTTTTCAATGGAATGATATTTTAATACGGATCAGCATACGCCAGGAACCGGGTCTTTATTAGAAGCTCTCAGCAGAAGCCAGCGCAGCGTACAAAAGGGTTAGCCCGGGCGCAGCTATGAATGAAGTCTCCATCGTTCGTGTCTGACTGCAGCTCGATGGGACCTTGTGAAGGAGAAGCCTGTACTCAGACAATCACAGAAGAACGGAGAAACGCGGC,656,46.19,Homo sapiens
SEQ_626761,TTAGGCTCAGGTACGATTCTAGCAAGCGGGCCAGTGAATATATCCTAGAAACCGATTCCATAAGCCTCCGCAGACCGGTGGTCACTATGTTTAGTTAGCATCAGCGGTATCCAGGTTTGACGATGCCCAATCGTGCTCGTTACGGCGTGGTTGAGCGTTGGTTTGCAAGTTCGCCTTCAACAGATTTAGCGAGTCCCTTTAGTCCTCATCCTGCGTGTAATGGACGTCTGTCGTTGTGGTGATGAGAGACTAGAGTCCGCACAGCACTCGCCGCTCAACTGTTTGCGACTCCGACCGCAGGGCACACCGGTCTGCTTTAGTGCTCACCCGCGCAGCCTTGTAATGCATGTCTAGAATACCCTCGTAACACGCGTGCTTTTACTCAAGGCCGATGCACCGCGCATGTTTCATACGGACGGGCGCAATTATAGGGAGCATCGTACGCAGGTTTGCCGATATGAAGTCGACCGTCTTCGCGACTGACAAGATGGACTTGCCTGGGCAATAATGCATTCTATACAGTCTCTGAAGCAGTAGTGCCTCAAGCGCAGCTCCCTTGGGGGGTGTAGAATACGGACCTAAGCTATCGTTGAACTTCAGGCCAGCGGATCACAGTCGACCCGAGGATGTTCCGGGTGGGAATGGTTTGTCACGGTATATTATCTGGGAGACAGGACATCAGTGCAGAGGTTTTCAAGGCAGGAGACTTAACATGAGCTTCGGACCGTGGAAAGGTGTCTCGCCCTAATAGTTCTACCCAGGGTCGAGCTCCCTGGTAAGTCGTCCCAACACCCTCGG,798,53.13,Arabidopsis thaliana
SEQ_762732,TAGCACAGTCCGAATCTTAGTATAATGGTGGGTCAGGGTTGCCAAAGGTTCAGAGGGTAAGACTCGAGGCTGGGGCTCGGCTTGATACAAAATCTTGTGTTGGCGAGGCAGTGTATACCCTTGGTAAACCAATCAAAGGCGGCATTGGCTATAGATGGCGCGGGCGCGTGCGTTAACCCATCAGTGCCCTGAGGGTATCAGCAGCAGATCCAGGTTAGCCACTGCGATTAAATTGAGGTTAGAGCCTTTATGGGCCAGACGTCTTCATCCCTGGGGATCCTACCTCTACAGGCTCATGTTCGACGTGCAAGTCCACCGATGTGTGGTTAAAACCCAAAACCGTGCTAGGTGCGAGACCAGGCGATAGGTCTGTTGGCCGTGCGGCATCCTGTGCACGCCTAGCAGGTTTTGGTATTAGACCAGACAAGACAGCTTGAGCCCTGCCGCACTACTGGAACCAGCGGCTGGCGTTCCGATCACCCTCCCTCACCCGTAACTGGTTAGAAGGACTCCAACATACGGAGACCGACAGGTACGTGAATGGCCCTACTCATACGACGTTCGAGCGGGACGTTTGCGC,580,54.66,Drosophila melanogaster
SEQ_109304,AGGGTCACTCAGTCGACGTTGATTATATAATGGGTCGTGTACGAGTATATCTTCGACATGATGAAGACGTACGCAACTCCGCAGTAATAGGCCCGTCAATTAGAAGAGTTAGACGCAATTCAACTGCGCAACCGTCACAACTAGAGCAACAGCCCATATAGTTGAGGACAATTAAGACGCTATCATGCCACAACCTCTAGATTCCCCTCGTCACTGGGACTGCGTACGAAGAATACCACAGGCGGATGACCACGATAAATGAAGCTTAAGACACAATTCGATCTAGGGCGGGATGGAGCGCCAGCATGCTGGTGCCATGTTAAGCGATGGCTCTTTTTTAAGAAATCGGTCAAGATTTCTTGTGCTCGCACCTTAGCTGACCCTCTTAAAACAGGTGGAACTCATTCGGTATCCAGGTTAACATCGATTACTTGACTGCAACCTCATGAGTGGCCTGCTATTCGCCGCTGTATAAGGGATTAGTAAAATACCATGAGTCTACACTCAGCGTTACTGCGTACACCCCGTATAAATCATAGTCGCATATCAGAATAGGATATTTAGCATCAGTCTTTGCAGCGCCAGCTGGACCCATGGGCTGAGGGGACGAGGTATAGTCGTCACTAACTCGCGAAGCATTCCGTGAAACTGCCGTCCGCGCGCAGAATCCCCACTTTGCAGGGCACTTACGAGCACCCCGGTGAGAGAACCACCGTCGCTACGGACACTTTACCGGTTGAGACCCTAGCGCTAGTTTGTACTTGCTCACATCCACTGCTTGATGGCGCCAAGGCGCTCTGCTAAAGTCTACGTAGGCCTGTTTATCAGATAGGGCTGCCAAAGCTATGGCTAGCTCGGAATCTCTGTCTTACCTCAACCCCTCCTGGAAATTACGGGGAATTTCCTGTTTGC,912,49.45,Mus musculus
SEQ_403907,GTTAATTGCTACAGGACGGTGTGTAATGGAGAATAATTCGATTCCCCGCCTGATAGTGACGATTTCTGCTTGTGGTCCGCACCGCTTGACGCGCAGCTATCACCCTAACCCCATATGAGCTTCTAATATTCCTCTTGCACGTTGAGAACCTAGCTAGGTTTATAGGGGCGAACAGTCCCAGAGCACGCACGGTTGGCAAGGTAGTCAGGTTGCCTATGCTATGTCCAATATCCGACAGGACAGGCATCCTCCACCATCTTATAACTCTCCCTCTCTGGTTCTCTGCGATTTGCCACGCCCCGGTACCAGCGGCGATGAAACGCATCTACGAGAATAGCCGGGTCCAATCTAGGGGCAGACAAGTGGTACGTTTCGCGGTCTTCCCGTCTGGTCTGCATTTCCCAATGGATTCGGAACCGACCAGATGGAAGATTAGAAAGGCCGGACTTTGGGTCTGGGGATCGGGCGGGATGCTATATGAGTCATGAGGATAAGACCCCCTGGGGGCCGAGGTGTTTCCTTTTAACTTTGGTGTAGACACTTCTGCGTGATACGGTGTAAGCGGGAAACTTAATTCTTGGGAGTCTCTCACTAACGTACAGGAGTCTTTGAATCCAAAACGACATAGACAACCCATAGGTGACTATATACACCGTTTTCCTCGCCAACCGATGTCGCGTGGGATGCTATGCAGATAGTCCAGAGGCGCACGGCTAGGTGGGTCGTGGAGCTTCTTTTGATCTGCCACCGGGAACTGTCCACGTACTTAAAGGATTCAACACAATCTACTAGGTACATATCTGCGAATCTAGATAATGATACGGCACCAAACATTGGTGTCAAAGGGCCCCTCTTTAGCACCCCAGCGTGTGCTGGGCTACAGGCCCTTTTGATACGCCATGGGCAGATATAGTCACCCGTTTATCGAGCTATCTTCTCCGTTCTCGCGCGGTGGTGAGGGCAAAAGCATCTATTGGCGTATTTGAGGTGCGGGTCGTGGACCACTGGTACCCCTGCGTGCGTCTGGTTTCTAACTCTACAATTTAGATCTGCACTAGATTACCGGATACGCCTACCTCCCTAACGTTCAAGTTCAAAGCCGGGGGTACCGTTCCTCATACTTGAACCACTCTAGCCCTCGTACAATGATCGGACTCGCTGTATACTGTGGTTAGTGTTTGACCGGGCGTTTTTGTGTTACCGAGTGCATGCTGGAACTCGTTGTTAGGACCTCACCCAGCCTTGGCTGACCCATCTGCCACCGAAGGGGTAAACCGCGCAGACCTAATCTAACGCGCGCGAAACGCCGATACCTCTGATCATTCAAACGTGAACGAAGTGAATTCACTTGAGACATGTTGATGGTTTTGCGCCGCCGATCCTATCTCCCGTTGACTCGTCGTACGAATCAATCCACTTGCGTATCTTACACCTTTTTACATCCTTTTTAAAGACCAGCATCAACATGATTGCGACGGCACGCGGTACAAGTATAGTACTCCGAACTGCAAGGGTCGGGCTGCGCGAAGTATAGGCCAGATGTCGCGGCGTCCGTGTGTATCTTTTTCGCAAGGGACCTACGGCGATAGCGGTCCGTTCAGCTGTAATTTGACATTCTGCGTCCGGATCATTAGGCGCTTTCTTAGATGCCCCTTTATAGTCATGAATGGGACTCCCTAAGCCTCCGTCGATACTTATCGCTTCACCGTCCCCGATAGAGAGTCTACGTTGGGGTAGGCGGGGGTACCAGAAGAGTGAAAATACAGCCACGAATGGCACGCGACACACAGTAGCCTGTGTTATTACCAGGGTAGCCTATCATACTTGGTACGGG,1834,51.36,Caenorhabditis elegans
SEQ_679624,TTCTAACGGAACAACTCTGGAGGACAACGTTCCCAATTTTTCACGACTTTCTTACACGGTAGGGTAGACCCGTTTGGTACTGTACAGTTCCTAAGACTCAGGCTCACAAAACTCTACTATTGTTGATTCCAAATGTCGGGTCCCTTGTGTATAAAAGACGATCAGAACCCGCTTTTAAGCGTTACTGGCGCCACGTGATGCGCGACTACCCATACAGCTGGTTTCCTGTTCTACCCCGCCCCCCTAATGCATAATACAACCATCACACTCACGTGGGTCGTCAGTTGCTGTCGTCAGGGAGGCGGGACTCAGAGCCGCAGGGAGCACAGCCTGCCGCCGGATCGTTCGCCCGACAGGGGGATGGTCACCATGCCTTGATATGGCATATTCTGAGCGTCGTGGAGAGAAAACACCATCGGCCCGCACGTCAGGTGTTTCGCAGCCCGTGATGTATAACCGCTTAATCCTGAAGAACTCGACGCTAGACCGCAAAGGTCTGTCAGTATAGACCCAGTCGTTGGTTAGTAAGATGACTAATTGAACTGATGTTGTAGACACGCCTTAAGGCTTGAGCATAATTAGCCTGGCGACCCCTATTAACAAGCCGGTTGTGGGCATCAGATAGTTACGAGAATGCTGCGGCCTTGATCCCACCCCTTCTAGGAGAGGCCAGAGGCGAGTAGAGACTAGGCAATGCTGGAGAAGCACCTCCGTTGCCAGTTGTGCCATGAGCAGATTGGTTCACCGTGGGTTTACCAGTTATAGAGCACGCTTATGCTCCAGATTGCCGTCGATAGCCCTAGGTTATCAAGGTCGATGTGTATAATTCCCTTAGTGACTAGTCCAGCCCCTAACGGACTTCGGGTCTCCTCGCATCCGGCTTTTTTGCATTCCTTACCATAAGAGGGGTTGACCGGCGTCTTCAGGTATGTGCCGTGCACTATAACCTAACTTTAAAAGGGCCTCGTCAAGACGGTCAACGTCGTATACGTATGGGAGGAAGATTCAGCCCAGTCAAGGCTGCACGTCGAACGCATACCCTATCCGATAACGCGGTTGGAGGAATTGTTAACCGACGCCTTGTTCGATTGACGGGTACAGGGAAGGGACCGGGCCGTTCCGATCCGTCTGGAAAAAACCCACCCCGTAGGTCACGACAAAAACCATTAATTTCCTGGGGAGACCAAACCTGGATCCCTTCGTCACCTATGGGCGCCGCAGGTCAGCATGGAGCAAAAAACCCCCCGCTGCTGGGGAATGGTTTTTTGTGGCCTTCCTCCGGATGTCCTCATGCTAGGAGCCTCTCCCAGAGACCTTGCAACCTGGAGGTTTACCAGCCTCATCAGAAGACCCTACCGGCAACTCGGGCGCCCTTATAGTAACAAGCGTGCGTACACTTTCACAGGCCCAATTAATGAATCCTACTGACACGGAACAATGATAGTCGTGAGTACCTAACCTCGTAGTGTTAGTCGCGTACATATTGAAGAGAAGTCCTTGGCCTGTTCGGACTTCAGCTCACTTGGACGGAGTGGACTATGACATACGGAAGTACATATGGGAGGTCACTAGATCTTCGGTGATGGGAACATTATATTGTCGCAAAACAGCGCGAGCTAAGTCTCACTTGGCCATCACTCAAGTTACATATTTCGTCTGTTAAGGTGTCTCAAGCCGGGTACATAGCTGTGCTATAGGCTTTACCAC,1707,51.49,Arabidopsis thaliana
SEQ_995045,TGAGCTGACTTCAGATTAAACAGTTTGTATTTCCCGTGAACAGCCAAACACATTTATATTGAGTAGTACAATTTCATATCAGTATACCTCAACAGGGTATCTAACCTGACGGTACATGGTTATAAATGTGTGACCGCCCCTATGTCGAGAAGGTAGTAGGTAGGAATGGCTGCCGACCAATTTCTTCATGTCATCGACCTTACTGGGATAGAGACCGCTGGACTGGGGCAAGCCTTATAAACTCAGCAACGGCGTAAAGTCGAAGATTGGCGCTAGGCCAGCACACACTAGTGACGTAGGCGAGGTGATAAGTACAATCCTGTAGTGAAAGGTCGGTTAGTATTAATGATAGAAATATCTTTCTTGTCACGACTCCCGATGCGTGCGCTAATGCGGACTTATTTTAAGAGCGGTGGGTTACGTTGATCCCGAGTAACGAATACGGATTGGCTTCATGAATATATTTTGTAAACAAATAGGTGCCGAGTTTGTCCGGTACTGTGGCGATGCACGATTGAGCTCCGTCAATTTTCCACTCGGTAAAACCTTCCTGTTCCGACCCGTGCAGGCTTCCGACCGGGATGATATCCCTCGAGCCCCAGGCTCAACGCAAAGTAAGACACGAACTATAACGAGTTACCGCGACAGCATCAGCAAGTTATGTATAGCATACGTTGTTTCAAATGGAATCGACTGGTGAGATCGTGATATATTAGTCGTCCTACGTGAGTGAGCGAGGCGAGGAACCATGTCCAAAGCGCCGCGCTTATTATCAAGACCTGAAGAAGCTATGGCAAGGTTTTATCGGTTCTTCGAGAAGCGACATGCGGGTCTTGCGTCGGACCCGACTGGCCCCAACAGTTAGTTCTCGCTAACGCTCAGTGTAGAGTCCTTTGTTTACGTGTGAAACGATATAAGGCCCCGTTTGTTCACAATCATGACAGGGAGCTCGTAACTACCCCAGTGCTCTTGGCTATTCTTGTAAGGAACGTGCATCGCTATGAGGTTTTAGAGATGTCATCACTCCCTGTTGACTGAAACGGCTCCTCCCCGCACTCTCCCCAGACGACAACTGGTAACCTCGGTTCCTTCTTTACTCACTGAACCGAGCCGTCTAGGTCCGTTAGAACGCTGGGTGCATAACCCCGGAGGTCCCATCCGGTCCGACGTGCTCATGCACA,1181,48.6,Saccharomyces cerevisiae
SEQ_788762,GATGTATAGTGTGTCGGACCACCGCACGTATCACCAAGGGTCGCAGGGGTGCCGCGGAGACCACGCGCGACCCATCAGAAAACGATTCGTCACGTGAATCGCTGAGAGGCGCATCTACATGATATGCACTCCATCCGTCAAGCGAGGGAAATCCACTCCACGACCCGAGTCGTTAAGGTAGCAGCCCGGAGCCGTCCAAGAATGATTGCTCTCGAGCCAACAATCAGTATAATGTCGCCCATAGATCTGATTTAGGACTGGTAAATCCCCACCCATTCGCGAATGCGCGTACACAGGTGCTCGTTCTTCCAAAATATAGCGTGAACCACTAATGGGGACAGCCATCTGCCGGCGCCCGTTGTTACAGATCGGTGCTGGTGAGACGTCCTGATTGGAACGAGATCGCAAAACGGACGGGGCATCCGGACAAGTTGAAGGGAAC,442,54.75,Caenorhabditis elegans
SEQ_617437,GACCTCCGCAGCGGATGCACTTAGTTACAACAGTACAGCCCTGCGTCCGGGGGGGCGTCTTATGGCCGTCACTCTGGAGCTTCATGTTTCGTAACTATCGGTAGCGCACTAATCCACCGATTTACCCCCACCAGGGTCCGTTTAAGTAATCTAGTCTTCGTACGCTACCTGCGGAAAGACGAGTTTAGCCATGACGCACGTCTAGTCATTTCCAGGAGTACAAAATCTAATGCGGGGGTACGGGAGACTCCCTAAAATGGAACAACCATGGTGCTCCATGGAAAGTACCAGACAATAAGCGCGAGCAGCCCGCCCGTCTCAGCGTACGTGTCTCGATGACGACCGGTACTTTTGCTCTGGAAGCGTATTAGATCTGCACATCCCCTTCACTACAACCATGTGATGTGTTAACATCCACGAGAACTTCACCAGGCAGGCTAGGTCACGGACCGTTAGCGGGGTACCTGGACTGTAAACAAGTGATCAGCCACTCGCCTCAAAACGACACCCCCCTTGCGAATAGCTTTCCGGTGTCCTTAATAGTGGTGACAAACCCCGAGTTTCACGGTCACGCAGAGCGCTAGGGCTAGTTATTTCACTGAACACTTACACACTTGACTCGTCTACGCAGCGACACGGCCTCGCAAGGGGCAGGCGTATACGGCTGTCAGAACAAGCGGAGGCGCTTACT,691,53.4,Mus musculus
SEQ_804925,AGTAGTTTCTATCTATAACTTGTTGATGATGAGGCGTACAGAAGTCCGTCATCATCGATTAACAGACGCAATAACGATTGGAGATGAGTTAGACCGGCCACCGGTCTGTGTGACCGGGAGTTTGTTAACTTGCAGTTATTTGGGCGACACATGACATGCGTTTCTGAATTATCTACGGTGGGAGTTGTTATACCGTACCTCATGAGTCTTTAAACTATTGTCTGTTCCGCAATCGTGTAGTCCCATAACATCGGCGCAACTGTAAATAGTTGCCGAGCAGCTGGGTGTTCATGGAGCCCGCAGTCGCTTGGTACAGGTCAGGAGGCTGGGCTCCCAAGCCCCAAGGGTATATGGTGGGTCCCAATCCCCCAGACCCTCTATAGTGCCATGTACGCGTGATGTTGG,405,49.38,Arabidopsis thaliana
SEQ_728198,TCATGATGTAGAACAATGTAGAGGTGGGCGCTAGCGTGTATATGCAGCCCAGGACGATATAGGGTTTGTGTCAAGAAAGCTGGTCCGGGGTACTTCCAGAGTCTAAACCCTTGAAATTCTGGAGAAACGTCTTCTGTCACCGTAGACTATGATCGACGGAGGCATTAACAGCCGGGCGGGGCCTCTAACGTGTGCGCTCTGGGAAAGTCACCTGTGCTACCTCAGAGGTTTTAGGTCACGAAATGTTGCCTGTACTTGCTGAGCGCTCTCTAGCCGATCTCTATAGTAAGGTAGTTTTTACGTGGTACTCACTCCGCCAGAGAAGTAAGCGTCTGTTGTAGCAAAAAACGGCGTCGGGTCAAGGTTCGCTTGACGAGAAGTC,382,50.52,Escherichia coli
SEQ_706629,TGCACTCCACTTTAGCTCGATATGGAGACACTGCCGTAGCAAGATGTGTCTAATGCGATTACGACCCGCATGACCCTAATCCTCACGGAGTTGGGATCGACTACCAGTTCTAATTGCTTCAGAAGAATCAGCACCTTGATGCGTTTTGTCCAATAGGTGGGCTGAGATGTGATGTGCATGAGGGTTCCGCGACCAGGACCTTCCATCAGGAATTGAAGCGGTAACCAGTAAGTGTAGTGACTGCCCTTGTTATATGAAAGAGAATGCAAAGGTCCCCCGGTGTTGGTGAACGTTGAGGGTAGCGAAGCCCCAGAAATTAGGGCGAAGATATGAGTCATGTCTGGCGCACCCCGGAAATTAATCCGTTAAATAACCTCGTCACTTAGAAGGCACGATAGGTAAGGTTCGGCTCGCAGTGATGGTCCTGCCTACGCTTAGAGGTTCGCAGCCTCTAGCGCTAACGTTATCTCGTGCCTCGCTTCCCATTCTATCCTTACACGATGGACGTCGTCTATGAATGCAGCGTTTATTAGCCTCCAGGCAATTACGCTGATCTAGGCCGGGCGTTCCTACGGTGAGGCTGATGTTTACAATGTGGCCCCCGCCATGAATGGGTCCGACTCTGACTAGTGTGCGAATTCGTCGTGACTACAAACACATGTGTAGAACCTCCGGACGATGTGAAGGTAGGTGATAGCATGAACCGCCCTACACTAAATCACTACATGATCAAAGTAGCAGGCTCTTTGTTCCGGAGCCGTATTCCTGGGACAATAGGGAAGGGTCTAGCTAAATCGCTGGAACTAAAAATACAGGATTCAATCTTAATGAATGTTCTAAATTAGTAGAACAAGGTCCAAAAGGAATGGTAGCCCATTTATTAATCTACCGACGGTTGATATTGGTGAGCCCGACCACCCACCTCCGTAACGACTCCCAGCCCACGGCCTCTGCATCAGCCAGACTCGGCCGAATGGTCAGACCTAGTATCCCATGGGAAGACAGCACGGCTTCCAAAGATGGTGCTTTGCTTCGTGTTGACTTTTCAATATACTCTTTCTGGACTTGGACAACCTAAAAATCTTTCCCCAGCCAAGGCTATGGGATTGTCTGTCCGATCTCGTGCGGGGGTGTGGTTACCTAATTGGAAAAGTCGTACGGATCGTCTGAAGATTACTCCCTGACACAGGATTTCGAACGTCCGTCTGTAGAACAAAATTTGTCCGGTTACGCCAATTGTTCGGCTCACCTCGTCCATTAAACGAAGGCAACGGCGAATGCGGGGTGCTGAATAAAATGTCTAGAGCAGCATGTACTTACACCATTGATGTGGCACGCGCGGTTCACCCTTAATCGGCGTACAAACACCCAGGGTTGTCGCCACATGTCCGAAGACGGCTCATCTAGATTGCAGGGGTATGCGTCCTGGGGGAAGACGAACAACTTCCTACCGTGTAAGCGTCTAAGCGACAGTACGCTATATGGGAGCACGCAAGTGAAGTACGGAGAGGACTGATCCGGACCCATAAACACTAGCACGATAAGGAACACATTCAACTAAAATCAAATCCGGCAATACATAACTGCTCCAACCATAGGGTAACGGAGGCTTATGTAGTCCGGACTGACCGATGTATTTAATCTGATCACTCGCAAGCCGACATCAAGGAGAGCGTAG,1678,49.46,Caenorhabditis elegans
SEQ_922967,TTACACGGCGGAGATTACCACGTTACTTGGGGGTGGCTGGATGACTATAAATTACCACCCTCCCGAAGACTTGGGCTCCCCCCGTCGTCCCGTCTCCTACTGGAGTTCGAATTAACCACGTAGCCCCACCGCATCCATAAGTCGACGTGTACCAAAAGTTAAGCAGGTGATAACTGCCGATGCACGGAAACGTCGAATCGCAACGAGTGGCGGCAGAGGATTATCGGGAATTGGGTAGTGCATCTTGTGATGTCCATGTCCGCTAGTCCGGAGTCCGTTTGAAACATGCCCCAGACGGACGATTGGAGCAGGCGAGGAACTGTGTTAGAGCGTCAGGGAGACCTAGCGTTGGCTAAGCGCCGGCACACCCGTACCTGTCTCTAATCCTATGATTTTCGAATCCACACCTGGTCCGAGTTCGGTCGAGGCGCTAACCAAGTGGATTGAAACTCTTGGGAGCCAAAA,465,53.98,Drosophila melanogaster
SEQ_733989,ATGTAGAAATTCGGCGCAACCTTTGAGGGGATCTATTAGTCCTGGACCCCCTGTGACGGTCTGCAATTATTATCGTCCCTGACCTTCAACGATTGGTTCGACCGTAGAACTATAACGCGGCTCCTACCGTTCGCGTGATCATGACCCGTTGGTCGTATGGAGAAACCCGCGTAATCCAGGTCATCAGGAGACTCCACACCACATCAGGGTTTTGGGTCGAGACTCACCGTTACGGTTGCCGTCCATAACTGGGTCAAGGATGTAGCTCGCGTATCACAGTAAGTTATACTAAAGCC,296,51.01,Homo sapiens
SEQ_270629,CGCTGAGATGGAAGCACTAGCTCAATAGGCGGGAGCCGGCGCGGAAGCGTTCGCGCTCAGGTCGACCAGTGCCAAATTTGGTCACTCGGGTTTTATCATACAGCCACAATGGAATTTACTCGCTTAACTTGCAGCAGCGAAATCGTTCCCGTTTAGTGGATTGTAGGCAGAGCCCAAAAAAAGGCGAATTAGCTAATTAATTTCTACAATTGGTTGAAAGGAGTACCGTAAGGTGCGCATCCTTGTTTCATCAATGATGTCATACGATTCCACATGAAAGATCGTGTCCCTAAACAGGTGGCCGGCAAACAAACTGCCGTCGCATACCCAGCCCAGTCCCCACGTGACCAAAGTACTATTGATTTAGCGCGCGGGGCGAAATACTTTGGTTCGATAAGAGCAGAGCAAGGGTTGTTATCGTGCGCCACGAGGAGTACCAAGGCTCCCTAAGGTTCTCCTTAATTCTGAGATTCCGTCCAAAATATAAGGAGTAAGTTTGCCATAGCCGCGTTAATAACAAGCTCACAGCCCAACACCGCCGTCTAAGGGCGACTTTTTTGTGTGAGCCAAAGGATTCGCTTCAGCACATAGTGTTCGTCCTTCTATCGGGACGTGCCCTGGGGAATTCAGCCTGACGGGACTTACAGGCAGCGGGTTTTGAGGTTACGCACGTTCTAGAATTCTCCAGCGCTACCTATATAGCCTGGGTCCCCAGGTAGACATTTGAGCTGTAAATACAATCCTACATTCCAATGCATTTTCTTCCTAGATATAGGACCGCCTATTCCCAGAACCTGGATCCCTTCTTTGAGAATACTAACGGTAACTCTGATGACTGCTAAATGATTCCCATTACGCAGTTAAGTAGGTAAAGACGGGCAAGCGTGATAAAAATGGATTGGGACGGCAAGTACCCACCTCCAGTAAACAGGAGGTCTTTCTCCAGAGCCATTCCACAGTTAAGTCTTTGCGGGGTAGATTAGGCGCAGCAAGTCGCAATGCAAAACATGTAATAATGGAAGATTGTCGATTGGGCTGGCGTGAACCGAGGTGGTGTTTGCCTCTACTAACTATGCCCAACATAAGCATCCGCCTCGAAACGATTGGCAATATGGCTGTAGCCGGCAGAGGCATACGGAATTATGGGAGGCCATCCGCACATAAGGTTGAGTCATCTATGAACGTAGCTCCACGCAAAGACTCGCTCCGAACACAGCGAGGGCCATAGGCCCTTGCTTACGACCACCAGTGGCTGATCAAAAAAGCCCCTGATCTGTCCTCGATTCCAGTAGGCAGCCTGCTATAACGATAGTTTGCACACCTGAGTCAAGTCGCGGTCGACCGAACGCCCGCCCATTGGATTCGCCGTATATGCTGTCCATCCACGCGCCTCACTCAGCAACCTCCCCCTATCTCTACCCGACAAGCCAAGAACTAGTCAGCATAACAATTAGATTAGTAACCAGATTAATTCCTAAGGCTGTCCGTCGACTGGTATCACACTCTTCATCTTTCTGGTACCTTGACGCGATTATTTTAGCAACATTGCCAAATATTACGTTCCGTTCCCCTTTGGGCCGGTCAATTGATATGCTCAGCCAACGATGAATAGACTCATGTATTCTCTCAGCTGCTTGAAAAGTAAGAGAGATTAAGCCTAACGATGTGAATCAACGCGGCGGCGGTGGCCAGACGTGCTCTTATGAATTAAGAATAATCAGGTGTTGCTTTCCGTGTTAAGCTCTAACTTGAAAACGTAATACCCCGTCACTCAGTGATGAGAGCATCATCGTCCGCCTGGAGATCCCCGACAAGTGTCACACATCGTGGGGCCTTCGATGCGCCCGTGGTTCTTTCA,1858,49.03,Caenorhabditis elegans
SEQ_651760,TCTGAGTTTTCTCGCAAACCAGTAAACAGCTGAGTCGCTTCAACTCAAGCCCCCCCTCCGGTTATGAGTAGGCGTTGCTGCCCGAGGGGCTCTGAGCTTAGATGACTAATTCTAAAAAGCACAAGTTCCGGCAAGTACCCCTGAGATAAGACACAACTTAGAAGGCTTATAATATACCTCGTGGCCGGAACGAGTCGCATTAGCTGGCATATTGGAGAATCTACCGCAGCACTGCGGATCCATGAGACCATTTCTGTAACACGGAATAGATTACCACACGCAGCAATAATAGTGATAACCCCAGCGCAAGTTGAAACGCTCTCACCTTAGCATCTGCTGTCACTAACGGATCTGAGAGTGGGGATAATCTACATCAAGCCGGAATGAACGATGACCGCGACACTGTGTTCTTGAGGGGGATTAACTGGCGCGTCGGTCGTGAGACGGAGCTGTGGGTACTGCAATCGTGCCGCGTCGGGTTAAGGGGGGGTCGGAGTTAGACCCTATGCCCGTATAGCCAGTACCCACGCTGACTTGGCTTGGCTTGCGTCAAACATGACAGAAGGCTGACCAAGCGCCCAGCGAGCTCGTGTGTTTCGGAATAATTCCAGTTGGCGGATCCTCTCCTAAGTCGCTGAGTCACAGCACGGTCACGCCTCCCTCATGCGCAAGGGACTCTTGCACAGTTCAATACCTCTCACACGCTCAATTGCCCGAGGATAAGATGTGCAGATGACGCAAGCCGAGGCCTGAGGGGCAACGAGGAGCCCTTAGGGTCCTTGCCTAGTCTCAGATGTGTCGGTACTAAGGCAACTGGATAGCGCGGTTCCTGGCATGCCGTCATCTTCTAGTGTCAAGGTTTCAATCCGAAGTGTTGCTTACACCGACGCTCGATGCCCGGGTAT,905,53.15,Caenorhabditis elegans
SEQ_999218,TGTGCGGAGGGATGTCGTGGCCGTCCTCCGCCGTATGTTTGCCCGACCACCCTTCTGCCTTCATAGGATGACGCAACCATCTATTGGGTTATTGGCACAGTAACTTGCCGCCCTGGGTTGAGCTGTTTACTAATGAAGCGCAGACTAGAATTCCGTTGGGTCATTCAAGAAGACCAAAACAAATTGATCGTCGGGTGAGCGTTCTATCTCCCGAAGAGCGCTCTGGTACCGCCCCCACAACTCCGCGCAGTTCAATTCCAGGATACTCGGAACGCGGAAGCATAACGGAGTATGCATACATATTGT,306,52.29,Homo sapiens
SEQ_627985,GTCAGAAACCGACAGTTGCGTTATTCTCCCGACGCGATAGCAGAAGATGGTCCCCGGTTTAGACCGAACAACGCTAGCTGACCTAGGTTCTGTGGCCACAAACGGATCTGGGATAGGACATTATCGATATAGTCTCCCTTTCCTTTAATAGGACAAACCACATTATCCTATATACGTTGCAGATTGACTATGTCCGATGCAACACCAACGGCGTCCCAGAATCAGAAATTCTATAGCTTTGCAATGGGTCCGTCGTGGCGGATAGTCATGTAGGATGCATTTTTCACTCTGCCCATCGATCCATAGCCCCCAAACCTAGTGGTCGCCATTTGACGCTGCAAGATTCAAATCCAGTCCTAGAGCACCAGCATTATTAGTTATCGATGAGCTATCAACTCTTTCAAGGGTTAGCCTACCCAGTGGGAGAAGGTGCCTACAGTCGTAGCTTTACGTGCAGCCTCTGGTCTTTAGCGTTATAGCGTAGTCAATATGTGTGAGTAATGCCGTCCCATAATGCTAGCTCGATCTTGGCCCTTATTTGAACATTCGGAGGTCTTGTCAGTCCGACGGCTGTTTTTAGCGTCCGTGGATTCTGACCTACTATTGTCGCCTATCGTGAGCTAGAGAGCAATTACGCGCGCGGAGCGTGGCTAACGTTGCTGTGTCACTTAGCGCGGTCAGCTACGAACTTTTTGGTTGTAAATCTATCTTTACCTATGCTGGTTCCCAGCATGGACCCTCCACAACCACCCGTCTGTGATCGAGACGTTTTTCCATTGGCCCCTCTCGGTGCACGTGTCATCTCCTAGCGACTAGAAGCACGCGTGAAAAGTCCCCCTCGTATTTAAACTTATTGGAGTTCCCGTTCCGCTTACGACAAAAGCAACCAATATTGTCGACGCGTGCAGGCGTATTTTCGATCGGTTTGTAGTCTTGATTCACATTTGGCAAATAATTGCTCCATCGTCACTACCTGTCACCTAGACATATAATGGCGTTGGGGAAGCCACAGGCTATTTGCTCGAGGGTTGGATGAGCACTAGTCGAGGGTTAAATATAGGTTTTAATGGCTGTCCACTCTTATCGACGCACGTCAGCGCCAGTTCGCGTTTGCGCCGAGTTTCAGTGCAAGAGGAAATATTTTAATGTACCCTATACTTAAGATCATCAGGTGGTGTGCTACCTGTTATGTACGCTCGCCGTACGCGAACAGATTTAACATGTAACTATGTCCGCCGCACC,1242,48.31,Escherichia coli
SEQ_778384,CCTGGTTCGGCTGCTGGTGTAGAAAACAAGAATCAATAATCTAGTTCTATGGTTAGTACCGGTGCGACTGGCCACGAGAGACTACCCGGCCACGCTCTGTGCTTCTGGGGTCGACTTTGCAGCTCAATAGTCCTAACATCGTAACCATTACGGACCCTAATCAAAATGGATGAGATTACCCCGAGCCAAAAAGTCACCCGACACAGAGGTCGGACGAAAAACGTCTCACCGATAAATGAAAGGCGTATGAGGAAATTACACATACGTCCCAGCTCGATTAACGGGCTGGAGGGTACGGTTACCTAAAAATACGATTGGGTGCATTATCCGACGTCCCCATCACTACCACCGCTACGTGTAGGGATCTTTAGGCAGCTATACGCCGGCGGAAATGCTTAGGGGGCTTTTGAAAAGGGGCCGTCCCATATAAGTGGTGGAACCATAGGGTCAGAAGGCAGCAACTTTCGATCGTTTGCGGTTGTTCGGGACTATGGCTAATTCGCATACGATTCGTAGGGTGTAACGGACGTGGATTCATCACGGTCAGACTGCCTCCAACAGAGGTACGGGTCTAGAGCAGATACAAAATGCGCCGTGTTCTCAACACCGGGAAAGACCAATACGTGTCCCCTTAGCATC,639,50.55,Caenorhabditis elegans
SEQ_609605,GCAATACAAGTAACCAAGACGGTGCCCCGTCGGGCAGTGATTTTTATGTGTCACCAGCCCGCTAGCACATATACCCAGAGATTGTCCCCTCGGGCGCCCATAGGCCTACCTGCGCGTATCTCACTAATGGATCTTGCCCTGCTGGAAATCGTATTGATAGTTTAGTGCGGGGACACATTTGTTAAACAGTTGCTAAACAGGTAGTGGGCCACCTTAGCCCACAGTCCCCCCGCGGCTAACCCACGGTAATTAGGTACTCGGGAGGTTAGCGCTGTCGATGGGAGTGATGGAGGCCAAAAATAGACTCGATGTTGGTACTGTCGCATCGAGTGCGTCTATACGATTAGCGCCGGCTTCAATACTGGTTGAGCGGCGCGAGTGAGCGTGACCGAGTACCAGCAACACCTTACGTAAGTGGGTAAAAGGGCGAACACGCAAGGGGATGGAAAGATAAGCGTAGTTAGAAACCTAACAGTACGGTTGGTCAAGTAGTATAAGAGTTCCAGGTGGGGGTATACACGATGCATGTCCGTAGGCCTACTCACATAAACATATCTCAACCGGCTTATTATGGGTAAACTACTACCTCGGGGAGTGGAGGTCTGACGAAGACTCTTCATCCCAATGCCCCAAGCCGCGGTCCAGTGGTCTATATCCACACAAAGTTGTCACGAGCGCCCTCTCAGTCACATCGTTTCATATAGGCCCAGTTTGGCGAGATCGGTCGCGCTATGAAGTCATCTCGATTATTCACGGCGAGACTAGAGGCGATGCTCCTTGACATACCTTCGCGGATGGGGAGTGCGCGCTCTGTTGGTATCGCGTGATAGTGGAGTTTACCAACAAATGGGGCAGAGAATCCACTGGATCTAAAAGCGTCTGGCTGTTTGAGGCTCGCATGTCACTCATATTCATGTTGTACATCTTAACAACTGTCGCACATCGTCGCATTACTGACACGTGTAGGAGTAGGCTTACTCGGATCGCAAAATTTGAGCTTAAATCATGTTAAATTATCAGAGCGTAAGTGCCAGTTTCAACTAAGGTCACGGCAATACAGCCCTCGGCAGTGGACACTTGGAGCATTCTATCGAATGGCTATCCGGGAGTAGATTTCGAGCTGACAAAACATACTACTATGAATGTCCTTAAACGACGAGGTACCTTGAGAAACCCAGCGCAATAACCTTGCCGTAAGCGACTTCTCAGTACAGGCACTGCCTACACAAACAACGCAGGACAGCGCTGCTCCCATCGACAGGTCCGCAAGCGTTGATGGACACGAACAACGTTACAAGGAACCCGTCGACTGTGTTCTCTAGTCTTCTTCAAGGGCGCCGCGCTAACCTATAAGGCAGTCGAGTAGCAACGCGCACAAACGTTGTGAATCCAGACGTTGAGCTTGGGATTACCCCTGACTTGGGCATTAGAGAGGGGACTGCTGCCGAGGCCGATTTCTCTGTATCCACAGGGATTACGAATCCCATAGTAGCTTTACAATGCTGTCTCCGGGCCAGTCTCTATCCAGATAGTGCCGGACGCACTGAGT,1549,50.94,Drosophila melanogaster
SEQ_750442,AACCTGGTTCGGACCGGCCTCAAACTCCCAGAGCATCAAATCCCCTGCTGTTCCTACGCCATCGCGTGACCTCTCAGAGTTGCGGAGAGGTTTGTACTCGGGAAAAGCAGACACGGTCTGTCAGTGCTGGGCGGGGGATAGGAGCGACTGAGATACGGCGGGAGTAGGGATTCACTGTCGCCTGACCGCTGAGCTCCTCGAATACGAGGTTATGGGCTAGAGTATTCACCTCCCGCTCGTCGACCGGCGGTAAGTCTTAAGTTCCCTCTGTGACCGCACGATCGTGTGTCTGTATTCGATGCAATCTTCGTCGGCCTAGGTAGGTATGCTGTATGCGCCCTGTACCCTACTTGCCTGAAACCATTTAGGTCTTTCACACGCGGGTTCGAGCCGTGTTAAGAACGACACGAACTATCCATAGGGGAACCCATATCCTTCCTTAAGTTAACTGCCGGATTCTTCCCACGGACTAGCGCAACCTATAAGGACGCAGCATAGTGGCGTTCTCTAAGTCCACATGTCTGGAGCCGATAAATATAAAGATTGGTGATTCACGGACCCGTCCAAAGACGTACTGATTACTACCGGAGAACGCCTATGTGGAACATTTATAACAAGCCAACCATCGGTTGCGGCTCAAGCCCCCTTGCAATCGGGGCCTTCATTTGGTCCGCCAGTCGGGAACAGCATGACCTCAGGACATTGTCTGAGATGGGCTTCGAATTCTCCTAGGGTTGGACATAATTTAGCACAACTAGCCTTCGACGATAGTATATGGCAAATGTCACTCTGTCTATTGCCTCGTCTGAATTCTGCCCCAGTACTGATACTCTACTGGCTAATTAACCAGCTTCTAAAGCCACCATGGAAAATCTTCTACCTGCCAACATTATCTATCGCGGCACCACCACTACAGGAAAGCAGAGGCAGCGATCTATAACTTCAGGCTCCCAGGCCCCAAACGACCGTGAAACACGCTTTGCAGAAGAATTAGACCCGTGACTAACTTGATACCCAGCTGTACCATGCTTTGAGAGTTGGTACCAAGCTGTATAAGGCCGAAAACAGGTATCGCGGGAGAATGAAACCCCACCGGTTGAAATGCGCCTCAGCTCGGGAACCCTGTCGAGGAACACATCCATGTTCACGCATGTTGTAAATCGGACCCCAGCTCGCTACTTTCTCCTAGAGGTAAATGTCCCCGTATGCCAACACGC,1217,51.6,Homo sapiens
SEQ_878056,ATGGTTGACGCGAGACCAGAGGAGCGAGGTTACTAGTCCTCACGGCGACGGCCTTTAAGCATCCAATACGGATTAGTTCGTTGGTTATTATCATTAGGCTCGGCGTAAAGGGTATTACGGTCGTCTAAGAAACAAGACCGTGGAAGCCAAGAGTTAGCTTATGAGGGTGGAGCAACATGGGCTAAAACCCTCTGTGTCTACCTTCCCTGCCCCTGGTGAAGGATTGACTGAGGTGCTAAACATCGTTGCCTGCTTCGACGAGGCTATCAAACACCTCTGCGTTCTTATACAGCTGGCCGGCCTAATGGGCCGGATCTCACTTCAGTCACGACTGCCATGACCCCTTCGAGCACCCTAGCCTGCACAACCAAGCTAGTATTCTGCGCTTACAGACCCAGCATGAAAACAAGCATAATACGAGCCGCTGACCCAGCTCGGTTCCGGTCAAACTAGGGACGGTGCGGTGATGACCTGGACCACCCGAGCGTTAATGTTGTTTTTG,502,52.39,Escherichia coli
SEQ_795761,TAACAGGTGGTTCTGAACTTGGGCGACTTGCCTTGGCGCGCAAAAGTTGCGGGTTAGACCAGTCGAGAACCCAACCGGACCTTCGGGGTGCATTCGAGAAACTTTATGGCGTCCGTATCTA,121,53.72,Mus musculus
SEQ_514437,GACCTCAATATCAAATTACCACCCGAAGCTATGGGGGATTTTCGGAGAAAAGGACGTCCTCCGTATGGACATGTATCTCTGGTTGCATTTTCCTACTCATCGACAAACCCCATTTCTTCGCACCGTTTACACATGGGAAAACATCGGTTTGTCGAACAAACGATGGGACGCCAACGGATAACGAAAGTTCTCGTGAACACTCCCATTCCCGAGACGGCTTACCGCAGGTCTCCAAAGTCATAGCAATGAGGACCGCTAAGACGTGCTAATTACCTATAACCCTCGCTACTCCATGCTGGATAGTTAGGTAAAGACTACGCGAAGACAAATAAGGCTGGGCAGTCGCTCGACCGTGACGGCGACCTAGGCCGGGTGTTACTAATGACGCCTCATGTTTCCTTAAATGGCCGGAGGATTACCACGCAGGGGTGAGTATCCGCCGCTCAATAGCTGTCAGAGCAGCCACGACCGCCGGGGGAGACTGTTAAGACTGCTTGGGCCCACAGTCGCAGCAACCTCTT,521,51.82,Drosophila melanogaster
SEQ_744352,TCTACGACCGACTTCCGGTGGGTCGCGCTCATTCTGCCACGGTTCCTACATCCAATGTTATACCGGCCAAATTATACTTCGTTATATCTCCGATGACGGCGAAGCTACGTGCAGTCACCCCAGAATTGTGAGTTTTTCAGTGTGGGTTGTGTTTCGGTGTATACGTATCATCAATGGCTTTTCTTTGACCACAAACAATAGATATGAGTTCCCACTTCTCCCGAGGCCGGCGGAACTCGTATACACCGCGAAACGTTGCTATGACCTCGTGCTCCACAACTAGAAAGCCCCCGGTGAGGGCGCGAGTAGGATGCCAGTCTGTACTGGCTGACTTACCGATCGCACTAACGGGCCACCTAGTTCGGTGGGCTCTGCATGGTCGCAATGCAGTTTACCGACCAACAACTTGAACGGGACACTGCGAAATTAGTGCAATTTTTCGGGGCCTGAAGAAGTAACATACGTCTTATTAGGAACCCGGCGGCTGGGGCCCATACGCGCATCACTTTGCGCGCAGGTTCTGGCGCGACTCAAGCCCACTCGTTTCTTTAAAAGATCCCCAGATTCGCTGGATCCCGTTATCCGCATAGCTGCATACTTCCACCTCCGGCCGCGTTCTGAAAGATGGAGTACGCCGTGAATTGCTTCGGACAACCTTTTCAGATTAAAAAGTGCCCAAGCTTCGCCAGGAAAACCACAACACCCCATAAGCAATATGATACCATAGAGCAGCGATTTACCTCAATGTTCTATTCGGGCGTTAAGTTCTTCATCCTCTACTGTCTGCGGGCAGGCGGTTGGTCACCGCTACCCCGAGAGAGAGTTGCCATATGGTCCGAACGGGTAATGGGCCAACTACCGCGTGGACTCCGATCATTATACGGCAGAACAATGGGAATTTAATCCGAGGCCCCGCTAATGTTGGACAGCTTTCGTACGTTGTGGGGCGGTGTTTATTCATTGACGCGCGTCTGAAGTAGTTTTTCTTGTCACCGGCTGGATATCGGGGCTATACAGGGGTGCACCCACGCTGCCCTTGGCGACTCGCTGACCCGAATTCCCCTGCCAACCCTTTTTTCCACGTCACTTCTGGGCGAGATATGTGACCAAAGGAGTGTCTAGCGAACTGACCGGCAGCGAGATCAATCGGTAGACCTCATACCAAGTATCTTAGCGGTGTGTCGTGTAGAATGGG,1195,52.22,Caenorhabditis elegans
SEQ_630997,TGCATAAAATCTCGTCAATCGACATATGGATTGACTTCGAGTCCCCGCTATCGTTAGGCCCTTCTTAGTTTCATTAGGTGCAGCAGCATTGTTTATGGCAAGGCGCAGGGACAAACGTGTAGACGTGGCCACGAGCGGACTAGGAGGCAACGGGTTATGTATAGAGAACACACTCTGGACTGACAGCGATTTGACTCCTTCGAGGAATGTATAAGCCATATCATTACCTTGCGTGGTATTCACTCCGGGGGTTGACTACTCGAGATGCGAGTATTGTAATATGCAAGATAAAAATGTATGGGTCCGTCACGGACTAATTTTCCGTATATCAATCGCCCCTAGACCCAAGCCCCTGACGTCGCCCGTTATACACAGGAGGCAGGGTTGATCTGGGTAGTAAACTTAGTGCATAAGCAAATGTCAACGTGGCGGAGAGTAATACGCGGATCGTTGGAGGGCAAAAGTAGATATACCCGCTTGTACTAGAAGCTACACCTTAAACTTAGTCGAGGTCTCTATAAGAGAACCTCACTACAACACTACCACCCTCCGTCCCTCACGACATAAGCATCGTGCGACATAACCCCTCTATATTTCATTTCGCCGCACCACTCTTTGTACGCGTTGTTTTAATCCACAGCACACGCCCCTCCGCGTTGGAGTTCCAACACATCGTAGCCCTATGAGCGGATTTCGCTCTGAGGTCGACTACTGCCACCGGTTCCGCTTTCTGTGGTTTTTGAATTTCTGAAACCCTGTCGGATTGACAGTTGCCCGGGGATCATCTCACCACATAGCTTAGGATGGCGCGCTAGGTTCATACAGACCCTGACCTATGACATTTTGCGAGCGTTCGCTCGTTTTTGCTAGTCTTTGGCTTAAAACATGAATTCGCAATAGAGCAGTCTGAAGACTTGCCTGTGCGCTTTAGAGAAGTGTTAAGACGGCTCACTCGAGATTCGCTTGACTTTGCTACTCTAGAACCGTATAATGTGATTTAGGTGACATGCGCGCACAGGCGGCCATTGACTGAAGAAATCAACCATTTCACGAAAGAAGTCGGAATGTGTGCCGGCCGACATCGACGCCCACTAAAGAGTAATAACAGCCTCGATAATACTCGGTGCTTCTATAGCGCCCGGTGTCCCGTAGTGACCTATTCTGCTACTAAGCGCGCATTAACGCGCCGTGTTAAAATGAGAAGATTGGAATACTTAGA,1219,48.32,Escherichia coli
SEQ_939142,CGGACCGGCGAGTCGGGGCCTTTGGTTTTGGCAACTAGGCAAGTGCAGCTTGAACTGGGCTTTCCACTACAGGCAAGTGAAACGGCGCGTAGCGGCTCGGCTGAATTGCACGGATCGATATGCGTCGGTACTTGACTTACCAGCGCATGGATAACCAGCGTGCAGGCGCGTAGGGATTGGTATAAGCAAGCTTTCTGTTGTACACTAGTAGTCTGTTCCACATCACTCGTTAGTCAGTGTGACAGTTGTGAATCACATCAAGTCACTGAGCCTAACGTCGAAAGCAGGCAGCGCTATGCCTCCAACTCACTCCTTCCTGGGATAGCAATACTTATCACGCCCCGACTCTCTCTGTTCATCGCCAGGGACATTCGCTCATCTGATGCGAGTCGGCGAATCCGTAAATAAGCTCCGAAAAGACATCTATTCTTTTACGAAGTATCCCGGCCGGACTATGGGCATTAGACCCCACGATCGAGAAGTCAGCACCTCGGTTTCACTAAGTGAAAGCACCGACTTGGTAGTATTGACGTTGCGACGAATGACCAATAACATTTTAATTTTTTCTACGGCTGTTAACTCAGTAATACGGACTCGTATCTGCTGTCGTTCGTATCGATCTACCAGCGGCTGAGTATCGGCGAATGGGCAACATTACATCACAATTTGATACTCAAGAGGTCAACGCGAGTTTTACTCGAGTCCTCGAGTGATCCAAGAGCGTCGCTGTCATGTTGCCATAACCCATACCAAAAATACGTGCGGGTAGCACGCCCTAGCGTATTCACATTCAGTTCTCAGTACCGTACTACCGATACGCCTCATTCCTATAAGTCATGGCGATTCCAAAAGGGTGGATGGACCAACTGTATTGTGCGCGTGATAATTACATGCGGCTGGACGGCCCCCTCGGTGTGCCTCTCCTGCTTTAGGCGCTCGGCTAGAAGTAGCCCAGTCGTAAGAGGGGTGACAGGAGTTCATTTTACTGACATTGTTCTTATCTCCTGACAGCACAGAAATTTGCTATATAGTGGTTGATCTCGTAACATCAGGTAGGAGTACATAACACCGAATCTTAAAAGTCTCCACGGATAATGGACGACGGACTCTATCCGTTAGCTAACTAGCGACAGCAGTTCCACCGTCGCAATTAGAGCCGTACGCCAATCAGCCCTACCTCCCCGAATGTCTCGTATGTTTTTGACAACAAACGGGAAGCTAAAGCTGGGACATGGGCCGACATGACTTTGTTAACTTCGAGCCCCTAGCAAGGGAGTTCCATACCAGCCCATAAAAGGCACCCCCCGATGCAAAGCATTGCAAAAACCACGTCTCGGTCTCAAGGTCCTTCCCTCCATCAGAATCTAGACCTCTGCGTTACTATCGGGGGGAGCGCCTCACGCCAGACTGAGGACACAATGGATGTGCATCGCAATTCACCCGACTGTTCTGTTGGACAGCGGGGCGTTTGTCTGCGATCAGAGGACGTAGCCAAAACTTTTTTACGTACGCCCAGCGAAGGGAGCCGTCCATATAAGAGTTACCCCTCGGTTACAGGCCAGCGACTGTTCCCCGAAGGTCTATCCTCTATCTCGTGATTGAACGTCCTGCAGGACGTGCATCTGACGCACCGTTACCCCCTTACACAATCGCGCTAGCAGTGGCGCTTGCATGTTAAGGCAGCTTCCAAGCAAGCGACACATATACAGGGCAGGTAAAACGAGCCGTTGGTCTAGTCACCTTTACTTTAGGATGGCTGATCCAGTAGAAAAGGATTAACGAAACTTTGAAATAGGGACTGGAGAAAACACTATTGCCGTGAACTGGAGACTTATCGTGCTGGCCAGTCAGCGGAGAGCCCGCACTGGTAATTATCAAAAGGGGAGCGGTTCTGCGAAGTAACACGCTCCACCGCCCTCCTGTATAGATTCTTAACAGCTACGCCACGAGGGGGGTGCGCCTCCACTCGAATTA,1974,50.76,Mus musculus
SEQ_402980,CATTATTCACTTGCTTCTGTATGCATCTAGTATTCCCCCCTGTCAAGGTATTCTCTTCGCTCATCACCCATAGGCGCCGGGACTCCTTTATTTTTCGCGCAGCTGTCGTAGTACGGCACTTCAAGTAGAGCGCTATCATAAATGAGTTCATTGCAAGACAATCTTAG,167,45.51,Mus musculus
SEQ_216007,AGGCATTATGTCATACCCCCTCTCGGGTCGGAATGCTCTGTGATTGCAACCGTGCTTATGTACCGGTTACTTAGACGAGACTCAACTTTAGCCGGCTCTATCGGCTACCCGTTACACACGTTGCCCGTTACTATTTTGTCCACGACAGCTTTGTGCGTGGTGGCTTGAGGCCCAGCCCAGGGCAAGCCCACGTACTGCAAGTCTATTGAGAGATCGTGAGGCCAGTATAGAGGGATGGTGGAACTGAACCCTGTTTAGCATTCGTACCTCGGACATCCAGGAATACCCAGTGAGGCGCTCGATCGAGAGTGTCCCTGAGACGCGGACGGACGACTCTCGCATCCCCTGTAATACGAGATGTGCTATTGAGCAGCCGAACCTAACCGGTGGACAGCATTCCAGGGACGCCCTTGAGACTTGTGATACATTTACAGAAAAAATGAAAGTCGCCAAAGAGAAAAGACCTTAAGTCTGCCCTGCCGAGTAACGTCTAGAGCACGTAGTCATCTACAACACCAGACCCTCCATACAGAAGCGGTCGGGACCCTATTGGACCTTGAGGCCAGGGTGTCCAGTGCCGCCGAACCCAAGGGGCAGCTGCTGCGACAGTCGTGATTCCTTAGGTGCACTACTACTAATGTGATATTGAAATGGACCATGTTGGGACCAGCTGTATCATTGGGGGATCCACCTTTGGAGGTTCCTCCCGACGAGATATTGCGTTGGCTCTATGACGCAAGAACGCGTCCAGACTGTTCTACACGGACACGATACTAACAGGAGAGTTACAATGCCCACGGTCATGGAGTGCTGCTTTATCAACGTATATCTGATCTAGTTCGCAACCTCTTAAAGCTTGAGGAGTGCGTGAAAAATAGGTTTCATCCAAATCAATAGCGGCCCCGTAGATAGGTCCTGATGACATCGGCGGCACCGTTGCCAATCTGTTGTGTCCGTCTGCGGCATACCAGGCGTATCCAGTGGGTAACGTGGCGGTCGTGAAGGCTGTAAAAGGAGATGGCAGTCTCAACTCAGGATGGAGTAAATGGAACACTCATCTCTGCCAGACAAACTAGAAACGCATGGGTAGTTAAGAGCAACGATACCTGTAAGTCGTACAGTACGAACAGGGTGGCAGGGAACATATCCCGAATTGGGCCGTTATCCGAAGCGTTGACTGGCGGGTAAAACAGAGAGGAACCGCTTTCCAAGTAGGCAGCGGCCAATGATCAACTGAACACCCCGCGCTAGAGGGCGTGTACTTTGACTAGGGCTACGCTTGCATTTTCCGTGTGCGGTCGCCTGTCCTTTCTCCGTGCTGGTAGTAAGGCTAGCTGAGCCTCGAAGGAACTCGGGTGGCTCGAGCAGTTCATATTGACGCCAGAAATGCGAATAATAACTGCGTGAGGCAAACGGATGAACGGAGAGACTGGACAATTGATATTCGGCACATGACGGGCAGTATGCCGGCCGTTCCCCAATGTACCGCACATGGAGGCACTCTAGTTGCACATGTCCTAGAAAGTAAATGAATTCGGCAGTAAACATCTGAGCTGTTTTCGTCACGTAAATGCGGCCAGGACCGTCTGTGAGATACTTACCGGGCTACTTGCTGACAGTCGCACAGGAGTCGGTATTCTCGGTGGATGTTACGAATAATCACATTCGTGAGTATCGCCTGTGACCACCGTTACGAGCTGCCTTCAGCGACCAAACAGGCTATTTAACCTAACCACGTCGTGCAAGGACTACCCTTTACTCTTTACCGACACTTTACGTCATCAGCCCTTTTAGGAATTCACCTAATTATAGAGGGTATTCCTTTCTGCATTGGAGTAATTTTTAGGGGATACATTTGCTGTCAGGTGACCCAACTTACGGACGCGGTGCGAATGCTTGCGTCCCGTTCGTAG,1913,51.33,Caenorhabditis elegans
SEQ_533215,GAACGCGCGGGTCTATACTGACACGCACGAGGCACGGTGGGCCGTTTTGAGCGGTTCTTTTTACAACTACATCGGCCCCGAGGCAGTTGTGGTGGACGTGCGGTTCATACTCCATTACCAACAGTGTCAGTGATCTGTGTAACGGGCAGGACAGTGTAGGCTCAGACTCCTAGGTCAGCGGATCATACGTCAGAGGGCGGAGCCAATACCTACTGCATTCGCGGTTCCTGCATATTCTGTCTTCGCACGAGCGGGTCCCTATCGACGACGCGGGCTCCATGCTTTTTTCGCCTTGTAACCGAGCCTGAACAACTTTGGCACCGATCTTGAATTACTGGTTGTTCAACTCGTCTGAGCACCTGCCCCGGACGATCGACGATAAAGGAACAGGCCTGGCTATATGCGCGTCAAAACCTTGCTCTGGCGCGGGCCACCCGTAGCTAGCTAGAGCCACTTCTTTTTTTTGTGTTATGAGCCTCACTAACACTAGCTTTTATAGAAATGTTGGTGCCCTTACATGCTATTACACCTGGAGGGGTTCTGCCTGCGTTAACGGGGAACGATTCTGTAAATATGGAACTCGTCGACCCCCCCAACGTTTGTGTTCCGTCAACCTGACAGGTCAAACTTACCACGGTATCGCTACGTTCTAGATGCAATCGATCACCAATCCTCGTTCGGGCACTCCTCTAGTACTATGGGTTCGGTCAATTCCGTCCCCCCTCTATCGGACGAAGCTGGGCCGGACGAGTTGCAAATTCGTCCTCAACGCGCATTGGACGTCCCCATCATCGCCTGGGGGGGATAGGCAGGCGCTAAGTTTCGTGACCCAGCAGACGACGAATCATAGGTACGCTAGGACACACAAGTTCGGTACTTTGATTCGGCGTTGTCCTGTAAGTACGGTCGAATCGCTTTAAGAGTCCGTAATTCAATCAGTAAGTGCAAATCGTATGGCACCATCGACTGGCCAAGCCATGTTACATCTTGAACCATGGACCTGTCCCTGCGGTCCGACGCTCACCCGCAACTGGGCGTGCCGGCGCGATTCTTACGCGGCCACAATGTGGAAGCTTCGGCGATTGATGAGGAAGTACTTCATGTGGAACACATAACACAACAGCGCCCGACCCGGACGTACTAGTCACCATTTCTGGGGTCACACACGCCCAAAAAGCGACAGTACGGGTTCACCTACAGCTTACGTAGTATATATCTATGGAACCGGGACTCACTAGAGCATAATAGTATAACCTTTACCCAACCCCTGTGAGCTGAAAGGGGGATGGGTAGGCGACGGATTGGTGTAAAGAGACCCTAAACGAGGTATAATACGCCTTAAGGACTTTGTAAAAATTATTTCGGCCCAGAAGCTATAACAGGACACACACTTGGGCGTTTAAATCGTTGCGTAATCTAGGAGCGAATACAACTGCTGAACGAAAGCTTGCGATACATAGGGTGACAACTGTCCATCCGAGCGTAAAGAGCGCAAAACGGAACTACCGCTTTTGTAGGAAATGTAGTCCTCTAGC,1535,51.73,Arabidopsis thaliana
SEQ_299546,GTGACCGACAAATGAACCTAGCATACACAAGTTTTACTATGGGAACCGCAACTGTCGAGCGTCCAAGTGCTTTTATACAAAAATCAGCTCAGCACATTCGTCACTAATGGGCTAAGCCGTCTGAGACCCCAAACTAGGAGGCACTCATGCCACCCGGGCACGTCAGGGGAGGTCCACGGTCAGGGTGGCGTTATCGTTACGCTTGCTTTAGTTCTCGGTGACCCGGGCTTTCGGGTCTTAACTGCCGCTGCTTCGATACCTGCGGCGGTTTTTACTATTGGAGTTTGTCCGTCTCCCACGATTTTAACTAGCTGGTTTTTTGGGGCGATTCAGGCGGTCCTGACACATGGGACCAGGGTTCTAATCACTTTACCGCCACAGCTTTGTGGCCCGACCGATGTCCAAACCCTGATGGCAAGCCGCCGTATTATGAAATTCTACTATGCGCGTTCCAGGGAGTCCAAGCGGCGGGGTTTGGACCATATGCCTTGTTGCGCCCTGACAACTTTTTGGAAACGCTGGTGAGTCTTTAGTAACCCCGGTCGTCTTAAGTCGAGCAAGGCATTTTGGGGCACTTGGGAACGGGTTTAACAAGCGGTATTAGCCTGTGACCTTCCTACCCCGTTAGTAATTACCTCGGGTATGGGACCGGCAGCTCCGAACTTATGTCAACTTCCACTATTAGCAATTTGTACAGTGCGCGGTGTCCGGGTTTAACGCGAGGTTTCGTACTAGCAATCCCAATGAATGGGGGAAGGTGCTTGTAAAAGGCGCTTCGTCTGGTCACTCCGCTGAAAACGGCTTGGATTGCGAACGCTAACGCCCCATGATCAAAAGTTGTACAATGCTATTATAATGAACGGTCGGCGAGAATTGTCAAGATGACCGAGCTGGAAGACAAGTTCTAGTTCCTTCCAATTACTTAGTGATACTTCGAATATGCCCGTGGTCCAAAGGCCTCACTGAACCGGGGAAAGCAATGCAGTAACTACCGACACCCGTGGTTAATACTCTCGCCCGCAGTGAGAGTGGACCGAAGGTGCCTATACCGCAACGTTACGACTAGAGCCACTGCGAGGTGTCAGCCAGATGCTGGTCCGTAGCTAGGACAGGAGAGCCTCTCCTCGTCAGCACATGCAGATTTGCTCATTCAAGTCAGACAAGGGCTTTACGAGCCTACCAGAGTGTCTAGACGCACAGCCACAGCTCACACAGGCTATTACCCCTCCTCGGATGCAGACACTTATATTAAGCTTCCTGGGTCGGTTACCTGCTCCGTGCAAAGTACGCCTTCCGTGGTAATCTGGGAGTGTCGAACCTCGTTTGGGATTGAGTAGTTCGCAGGGATGGTTGCGCGACTCGTGGCCCTAACATTGCCAGTTGCAATGTACAGACAGTCACACTGGGTTTCTAAGCCGCGTCAGGTAACGTGTAGAATGATTAAGACTACCATATGAAACCTAGGTAGGGTTGCCCGGCCGGACCCGTAAGTCTTCGTTGCCAGGGTACAGTTGGCCCGGACAGGTAGCCTAAGTTCTTTATCGGGATGGGAACTCCTGGGAAGCTTTAAGCCGTAGCCATCGAAGTGTACATCTTCTACAGCAGTTCCTCAAGTCCTTTCCAAAAAGACAGGTTACGTCGCCTCAAGGTGCATTGAAAGCAGGATTCATGTATGCGACAGGGAGTAATCGCTGGCCCTGGGAATTCTAGCAATTATTTTAACACCACGTTTAAACTTTGAGTTATCGCTAGTCGGCATAACGTTCAGCAGCCTTCTCCGCGATTTGTTCACACATAAATGATAGAAC,1808,51.0,Saccharomyces cerevisiae
SEQ_428962,ATAGCTATATAGACCCGTTTCACTCGCAAGCCCTCGGTCGTTACGTAATGACACCACGTGGAATCAAGAAGGTGCCTGTCCTGCACCGTCGTCACCTTGAGGGCTTTTCTTACACAAGCCTGATTCTTACTACGTCGTTGGACAGCTACGAGTTTTGGCCTCATGGGTCAAGACCGTGTGGTGCCGCCTGATGCAAGCCCCGAGACTGAGGTAACTGGGGCGCCTTCCGAGGACGGGCAGCCAGGGAGCGAACTTCACTGTAGGCTCGTACCACTTAACTATGCAGCGTCAAGTTGATGCCTGCGCCCGCTTATTTCCCCGCAGCACAAGGTGTAATGGGAGACCATTACCTCGACTGAGATCTGTCCTCAGTATAAATAATACGTACCGCGATCACGCATCACAATTTGGTCGCTGCAAGGGACCTCCGGGATTCCAGATCCGCTTTTGAGGTGTTATAAACGGGACGGCTGCACAGTATGCAATCTTGAGGAGAACGAATTCATACTGCTGGTCTATCGA,522,52.68,Mus musculus
SEQ_469064,ATGCCGTGACATTCATGATGTTCACGTGAGCTGTCGCCCCGCGATTGTGATCGCGACTAGGAGGTCCGACGTGGATCCACGAAGGATCGCCAGGCACCTCCACCAATTACCTACTGCAGGTATTCCCGTGGGTATACAATTCTAGAGTGTTTTTCTTACGGAGTCGTCGTCCCGTATCGGGTGTGCTCATCTGTTCTGGATCATGCATGCTGCTAAAAGGTATCCGCACCTCCTACAGGTGTCCAATGACAATGTAAAGACAGTTGCGAGTTCGAGCATTCACTAGGGTACTGCCGCAGCCCTGTACCAGACCAGCCTGCGTTTTGCCGTTCTCGAATCATACGATCCCGCCCCGTCGGCGAGAGATTATCTCTATATCGAGACAAGTTCTTATTAAGGATACTAGTTTAACTCCTGGCATTCGTAAGAGAGCTGGTTATTCCATCAGCGTAGATAGAGGGTATAGGCATATTAACGAGAACCTCGTCGCATGGAGAGCTTAGTTGAATTGAGGTAAGGTCAAACTGCATTCGTGTAGGATAATGTGTTCTAGCGCTCGGGGCTAGGACGTCATGCGGTGCCGACTCGTCTACTTTCCACTGGTCTGGCATAGAGGGGTGAGTTGGGGGGGCGGGACCCTTTAGGGTGGGACTACCGCGTGTCGTTATCTTGTGTTGTATATATTAGTAGCTCTCTTCTCGGTGCCGATATTACGCACTATCGTCCAGACTCTAGACAAGCGGAAAGTGGATAAACTTGTCAAACTCTGCTTTTTACGGTTTTGGTGACCAGTCGATCACTGAAGGCCATCACACTCTTCAAGGTAGTGCGAGTAGCGTCTAAAACCCCTATGCACTACAACGGGTTTTCAACTGGACCAAATCTGTGACTGTGTATTACCCAAGGGGCCGGGTATATGGATTTCATCAGAGCCAGTTGTTTGATGCAACAGTACGCAAGTCGTGGATGTGGGTGCGAACATTAGTTCGACCCCTTAAGGTTTGTAATATATGAGAGAGGAATCAGCGGAACACGTCGAATAGGCGTGGCCGTTAGCGCCAATTAGCCAGACGCTGGGCAATAGTAACGCCAACC,1095,49.86,Homo sapiens
SEQ_466298,CCGCTCATTGTTTTGTCTCATATATACTGTCCCGCCCGCGGCGAGGATGCAAATCTGAATCATTCCTATTAGTGAAGAGTGGGAGACGACAGTAGTTGTAATCGAATTTTTCCGACCGACTTTTAGTAAGGGAGATGGTCCCCGGTACGTTCCCGCGTTCAGCCGTTAACATTGCCAAGTTTATCAACCCAGCTAGTTCATTGTTTTGCAGACCACGGTGTCCTGCGCGATGTAATGTGTGGAAGCAGAGATGAAGGTGTGGCCCCAGGATGCGCGCTGCTACCCTTTTAGGATTAGTATTCGTTCTCCCGGGAGCTCCTGGCGGGATAAATTGTTTTGGGGGAGACCACCCGCGCAAGATAGAATAGGGGTCATTGTTACTACCCACACAATGCTTAAGCCCTGGCGCGATGCTCTACCTGACACTGTCCAAACTGCGTCCACAATGAGTAGAATACAATCGATGCTGCCGGCCGTCCATTCATTAAGTCTTCAGGCGCTCCCGGTCGAGGGACAGGAAGGAATCGAGACCTGCAGCGCGTAACAGGTCCAGGGCCTGGCTTGTCACATTTACTTCTCCTTCACAGTCAAAATGACGGCAGCATGGGTGTTCAGTCATACTAATTA,627,50.88,Arabidopsis thaliana
SEQ_954950,TGAGGACATATAACCATTGGCCTTTTGGATGTTCTGAGCGGTGTTAGAGTCTTCTACAACCCGGTTAGAACATACCAAAAGGTTGTCGCTA,91,43.96,Caenorhabditis elegans
SEQ_601926,AGATGGGTCTGACGCTGACTACCTTCTCCGATAGGACGGATCTCCTATTACCAAAGTCAGTCAATCGTCTGGGGCCCCGCATCGGCTGGTAGGAAGTCAGTAGATCCAGACTGCAAGCACAACCGAAGCAGCGAACTAGTCACGCCTTGAATGTATCTGGCACTATAAGGCCTCGGGTCTCTTGGTAGTTCGCTAAGCGGTCCCTCCTAACCACGATTGACACAGACTTACATGATCAAGCAAATATCGCAGAAATTCACTGGATGACTGCTGTCTATCTCTTTCAACCGGAGACGCGGTTCAGTGCACTCCGCTAGTTCTTTTCACGTTGATACGGATGTCCCCATTCGATACGCTGATGTGAATTTCCCGTCCGTCGATGTTGTAAGGTGGCGCGTGTAGCTGTGGGGTTGGAGAACCAGACGGCTGTTTAGGAAGACTGCCGAGTCAGTCCAACTGGAGTTTGAAGAATTCCAGAGGTGTGAGGGTTCCGCCTCTGCACGGCTTCGCCGGGTACGTAAAAGCCTCTCGAAATGGTGTTAGATCCGGCCTCGGTGGCTACAGAGTTGCGGCAACTGTTCGCCCCAGAATACGACCCTGTCCGTGGTGTCAGACTAGCAGAAGCCAGAGACCTAGACTATACTGAATTAATGTAGTTCCAGCGCCGTTTGGAGGTGAAGTCACACCAGACTACACCGATGGCTCCAACTCTCGTATGCTACAATTGATGTACTTCTTAACAACTTTCTTACGCCTGCCGGTTAACCAGATGGTTAAAGCCTTAAAATATACGGGCCAAACAAGATGGAGTATAGCATTGATGTTTTTTTCTACTGGAGTGGCGACTATTTGGATGACAATACTTACGATGCGAAAAGAGCTGTGCGTGAATGGCTGCTGTCTTACCAGGAAGGTTTCAGACCAAAGTCAAGGTTCCGCCTGTGATTCCCCACTAAACGCTTATCAACCCTTCGCATAGAATGAGAGCTGCGGCCGCCTTCGATTGCCGGCATCTTAAGTAGGACGGCACACTCGTGACACGCTTTTAACGAATGTACGAGACGGGGGCAAGGAACTGGTGCCGCCCACGATGGTGAACTTCCAAAAGTTAAGGCCTTGCAAACCATCGGGGTTTCTTGCTATTCATACATTTCCACTGGTCACTGGGCTCACCTGCAATCCCTCCTAGATCGCCACGGTCGCTAACGCGTTCAAGGGGCACGACAAGCGTATTGGCGAGCTCTCGTAGTACCCGTCCTTACCGCCCATTGACTCACGTCGGATACATATCTAAGTGGCCCCTATTACGAGGGTGTTTGGTATTTCAGTACTTAAAGTGCGGTACGCGCTTCCCCTAACGACGTGTGGGATGATACGATCATGGAGGAGGATTAGATTGCTCGAGTCCCGGTAACGTTAGTTCTTCGATGAGAATCCAAGACACTCGGAGAACATCGGCGCTATCCT,1467,50.85,Drosophila melanogaster
SEQ_324706,CAGAGTCCCGAATCCTCCCTGATAGTCCAAGCTTAGAAAGGGATCCAGCTGACTATCGAAGTGACGTAGTGAAAAGATCTT,81,46.91,Drosophila melanogaster
SEQ_282585,AAAGATTTCTGGGTCTACACAACGGCATGTGATAAGTTCCCCGGCGATAATAACTACCGACTCGATCACGCTATGGGCTCAGCGCGCTACTCGACCAGTGGGGCGCGCTCTTGTGTACCATTCATGAAGCCTCGTTTGAACCATGTGCGTGAGCTTAGTATACGGACAGTCGTATTTGGCGGGCCGCCGTTATGTCCAATCCCAGTCCATCGGGAGGTGCCGGTAACGTGGTTGAATTTATCCTTCGCTGATTGTATGTTCTCCGACTCCATAAGGAGTTCGTTCGTGGTCAGCCAAGGTTACTTTTCAGGTGTTTAGACAGCGTTGAGGCGCATATAGTTCGTAAAATTCGCACATAACAAGGGCACAGAATTCGTATGGTATTATACTTTGTTTCCCATATAGAGGCATTCGGCTAGTCTATTCTACATTAGAAGGTGGGCGCGTCTTTCACAGGGTGAGCTTAATTCTGTCAATCATTTGTGTACGCGTCGTGCATAGGTTCGTATATTTCTTCACAGATATCACGGCAGGAGGGGCTAGTAAGCCATAGGCCAATATGTTTGGTGTTAACCTCCATGCACAAATTTGCTGCGGCTTGTAGGCAGCTTGCCACCCCTTTCCTCTTCCAAGATTGGTGAATCTAGGAGAGAATGGGGGGGACTACCGTAAGCGTTACTATAGCTGCTTTGACCTTGCAGTAGTCAGAAACCGCAATGTATAGCGGACTCGTCACGAGGCCGAGTTCGTCTCATCCTAACAATACTTGCCTGTCTCTTCCGTGCTCCCGCTTGCAATACTCGACACTGTCAGCTCTCCTACCGTGTCTTGCCGCGGATCTAATACACGTTAAACCGAAGTCGGTATGCGCTGTTACCATTTTGCTCTTTGGAAGTCATCGGAAGCAGAGGATTACCGGGTCGCGGTTAATTGCCATTGGGACATACATGAGCTTAGAAGGCCTCGACCGTGAAGTACTGCCATGACATCTGTCCACCGTATTCACGAACCGAAGCGTTCGGGCTTTGGCATGCGGGTGACACCATGAGATATAGAGTTGTGGACGAGGTGTTTGGTTTTACCGCGTTTAAGCACAGTTGCATGCCTAGCTAAGA,1115,49.24,Arabidopsis thaliana
SEQ_251361,TACTATAGTTTCAAATTATCTTGTTTTCTAGATTCTGTTAGGTAGATCTAGCAATTATATATTAATGTATGAAGGATAAAGTTCCATAGGCGCCCGCTCGTCTCAATGACTAACTGCATGGAGTGAGGTTCGGTGGCAAGTTGATTGTTATGGTCACGCTGTAAAGTGTGCTAGTCTACGTGAAACCGCGCGTGCGCTTATGTTAGGGACGGCGTTCCTCGAACGTCCTCCATTCTCCTACTCGTTATCCGTTCCCCTCGCCAATTGCCCCTAGTACGCCGCAGGATTTTAGGCTCGCGCTACGAAGTGCATATCTATCATATATTACTCACTTAACATGCCTCTGCGTCTGAAGCGTTAGCCTGTGGACGAACTCACTCCCGGGGATCTCGGGAAATGACCCTGTGTTTCATTAACTAGCACAGGTACATCGTGCTAGTAGGTAGTTTCAGACAGCCATCATAGTCTCCTAACACCCTCTGGGCTTTGAAACTATGGATGGCAGGGTAGGGAGCAGCAATCGTTACTAACAGGATTCGAAGGCACGACCGCTTCTCTAGATTAATCGTTTATCTCTGCGTCCTGGCGATACTATTCATTAGAGAAAACGTATCGGTATAAAGGTAGAAAGCGCTCCGTCGGTACCATGTCAAAACGGCCAGGCGTAGTACTCC,674,47.03,Caenorhabditis elegans
SEQ_422618,TTCCCGGAGCTCCACTTAGTACCGCGTTACCCAAAAAATCTTGTCAAACACACCTCAGTAGTTGAAAACCCCCCTCCCGGCTACGGCTGGCCACTTTCTGACAGTGCAACCCACCTTACTCTTGCCGCTCAAACGTAGAGTTTCAAGCGGTATTATGGAGTCTGCTGTCCAGACATACTTGCGGGCCATAATCGGAGCTCAGCAATTCCCAAGCACTTGGGACGATTGCTGTGCCATCCGGTCAGCATATCTGGAGAACCCCATCGGTTTGGAGGGGGGGAAGCTGCCGCTTTCTATAATCTGAGAGCCTTTAGCGTATCGGCCGCTGTTCCATTAATCACCCGAGTCGAGTGGACCTTTTGTCTACTTGTACGCAGGATGCCACGAATATAAAAGACTCGTTCATCGGCGAATTCCGGTGGAACTCCGCCCTTGCCTTAGCTCATACCCCCATCATTAGCACGCTTATCCACCCAAAACACGTACCTTGATTATTCTGTGTCTCCGATAGAAAGGGCTGCCCTGGCCAAAAGTAGTTCCTAAACCCGGGGTTCGAGTTGTACGAATCATGTCCTTAATCTTTTATGGTGACTTTGAGGTCGCCGCTTTGGCACGCGAAACACCGACCTACCTACAACGCCAATACCATTCAGGGATCCAATAGTTCTTCCACCAAGCGTGCGGTTCAACAATCCGTGTTCGAGTCCCTATGGAATTCAACCTGACGACCTCCCACGAGCATCCGGCTTTGGTTGCGCACTGGGCTATGCTCCGAATGCGTCCTGCCAGGCACCTTAAAGTAACGTCGCCCTGGAGCAATTCCCAGTTCCAGAGGCTTACTAATGAGTAGAGCTGATGGTATGCCTGGGCTTCGTTAGCATGGGCTCGGCGCTTGTAGGCAGCCTATAGTTTGGCCAAGTGTGCTAATGCCTTTGACTACTTAAATCAGTAAGCCGGCGGACCAGCCACTGGATTCGCTCGATTGGCCGGAATACAACGCCAAACACTGATACACTCGGTGCCCCGGTAACATGGGAACGTCTAGCTCCCATATCAAACCGGGAAACGTCTCTGAGTTGCCCTCCCAGGTAGAGGCATCGCCCACGCTTTGAAAGATATCGTTCCATACAACCCCCACAGATAATCTATGTGTCGCTATTTGTAATGTCGGATCCGCGCAACTGCACCTACAAAGGGGTACTACACTGACAGCTAGACCTGTGCCGCAACGAGTTTACATGAGCGATTAAACGGGGGAATTCTAAGAATTCATAAACACACTTTAAACAAATTATTAGTCAAGTGGTGCACGGAACGCCTGCGTGAGAAACCAGAGACGGAGCCTCAGAGGGCATGCGCCCTGATAACCTGGTCAGAGACCGTAAATAGGTCCCCCAACCGGACGATCTCCTTAGTGGGTCGTACCGGGATGCAGATTCCAGGTGAATTATACTTGACACCTGGGACCAGCACACCGGTAACTGTACCCCGATGCCTTGTAACACTTCACAACTAGCCATAGGATGGACGGCTGCCCACGTATAAGAAACAAGCACGAATAGATGTGCCG,1570,51.53,Saccharomyces cerevisiae
SEQ_122027,TGGCAGCAACCGGTGGAGATGGTGGCGTTGATAGGTAACATTATGGTTTCGC,52,51.92,Saccharomyces cerevisiae
SEQ_813618,ACAGCTTCATAAATGCAGAACTAGCCATCCTCTTTCTGTAATCCAGGCGCTGCATGTGTAATGGACAGGGCTGTACCGTGCGGATTAGTAAATTTATCTGGTGACCCTCTGAAACACCTAATTACTATTCCACATTGCATACATTTAGTCCACAAGTGGTTGGCCGGGTGAGGGTACGTGTTAGCTGCGACGATTCCTACCTGTGATACGCTCAAGGCGTCGGGTTACGACCGATTCCATCGGCAGAGGGGGATGCTAACGTAATAGAACTATCAGACAATGATGTTATCTAGATCAATGTAGTTTAGCATCCAG,315,46.35,Drosophila melanogaster
SEQ_169091,GGACAGCTTAAGGTGGCCAAGGGCGCATGAATCCGCTTATTTCGTCATTTAGTCCCAGGCGTCGGGGCTCACGAGCGGGCCGCATACCTTAGTGCACTGTTTGCGCATAATACACGGCATGTGATACTAAATAATAACTGCAAAACTTATTATTCGTCTTAAGTATACAGGTCCCATATTCCGGGTGAAACTTGACGTCAATATGCAAAAACGTCGGCTCACCCAAAGTCTCTCTACACGTGTTGGAAGCCTGGGAACAGCATCTCGGCACAGTCGGTTGTTACCACCCAGTTGGATGGCCGGCCTCGCCTACCGATAGGATGAGGATGTAAGTAAATTATTACATCGTTCATAACCGCCCTCCCGCTCAAAAGAACTACCGCGATAAGATCAGCATTTCCCTTCCCGCTTGCCAAATGACGAATAAT,428,48.6,Arabidopsis thaliana
SEQ_651564,TCAGATACAGAGATTGTGCCCGGTTTCACGCAATTCGTGGGTATTGCATGACCAGGATCCTTTACAAGAACTCGACCTCACCATCGCGAAGCTATTCGCCTCCTGGAAAGGTGTTAGGTTCCCCATACTGTCGTCCGGCTATCTTTATGCCCGAGGCAGCCCTGAAATGGAGACAATTA,179,50.28,Escherichia coli
SEQ_705937,CGCCAATCGAACCTGGGGTCAGCGGTGCGTGTCAAGGACCGCATGTGCATTGCGAAAGGGCAAAAGACGCGCATAATAACAGAAGAGATTATGCATAATCTTCGGCTCCTCTCCAATCTCAAAGTATTATCCTCTAGGTCTGATCCATTCGTCGCTCGTGGAACCCTTCCGTTGGGAGGGAGCTGATGTTAGAGTCCGGTAGGAAATCGGCTTGACACGCGGAAAGATAAGATTTTGCCTGGCTCGAACGTTACGTCAAAACCTCTATGATCTAGAATCCTGTGGACCGTAACGATAAAATTGGAGTCATGACAGCTAGGTAGGACTCAAGCCCCGGATGTCATCATCGGGATTTGCCCCAAGTACCCGTATCCGGTGTGACCATGGCTCTTAGGGAGTTGCTTCTTAAGGCGTCGGGCGACCTGACTATCGTTGACTAGAGCCTAAGACATCAGGCTGGGTCCGTCGGCGAGCTAGAAAGCAATCGACTTAAGTTAGGTCCACGTTACCTTCCAACGACTGATACATGAAGCCTACTGGATGACCTGCGTCGACTCGTACGGATTGAACCTACTAACCTCCGACTTAATTGGCAGCCGACACCTGCGCGTTCCGCTCGGTACGCGTGTTGCGACAAACTTATCTTTCGGTAAGTGACCCCCCCATGAGAATCCGTGGTAGAATCGCACATCACTGCAGCGATACTGGAACTAGAATTTGCGTCCAACCATTGCGCCCTTTGCCCGTGTATGTACGCGTGAGATTTACAGTCGCAATCCTACGTGTTGCCGAGAGGCGAAATTGCATGGCAAGGCGTTCTGCGTTCTAGGTTATTGAGAGTAAGGTCCGATCTTCTCCGCATTGTCTTAACGGGATGGCACTCGCACGATACATTCATTTTTATCACTAACCTCTAGCGGCGTTCGCACGGTCCGGGCGATGACGGTCGAGCCGGGCAATTCGCACGTTAGAACCCACACGCCGGAACTCGTGGTAATACCCCTGGAATCACTTCCAGACCGTACTGTCTGTTGATTCTCTGCTCGTGAAAGAGGTCTACCTAATGTAATAAAACAACGCGGATTCCTGAATCAAGCAATAGACGCAGTCTCCTTGGCGCAAGCAGCTCGCAAAAAATGAGAATGTCGCCTGAACGATGCTGGCGATATTTGTCCGCGCTGCACCAGCGAATCCAGCTTTCAGGGCTGCTAGAGGTGGATCCTTGGTCGACAAAATATGGCTTGTATGGGACCCTAACCTATGGCGTGGGCTTTAATGGCTAGGCTATCGACAGTTCGGATACGTTTGTGCAGGTCCGAGCGTACTTGAGAAATCTGCACGTGGACGTTTTTTCGCTCACAGTTTCTAATTATGGGTACGTTCCTATGCTTACGGATGTGCCCTGACTTCGAGGTCAGCGACTTTGTTTCTCTAAAGCGTGGGCGGAGAGGGCGAGAGCGACCTTTCCGGAGCTCCCCTTGAACCTTTAATGGCTGTTGGCGTATGTTGATGTCACGGCGGCTCAATCTCATCCGCAAGTCTTACCACCCCACGTTTGCGCTACAACTAAATCATACTTACTTGAGCGAATAGGGAGGCCCCGGCCGTCGCGGCATGCGATCATCCCTCGGAGCACCGTTCCGTAATACCAACCCTGGCCGAACGTTATGGTCTGTGAAGCTCGTCCTCCCTTCCATACTCACTCCGTGTGACCCGACATTC,1722,51.92,Mus musculus
SEQ_589551,GGCCAGCCCTTTGTGGATGACCTCTAGCCAGAGAGGCATATTTTCTGCGGGAACGTTGGGTCTCATACTCTGCCCACAACCGCCATTGCCTATCCGCAGGAATTAATACTACCCGTCGGATGCCGAGTCATCACAAACGTTGTTATTATAGGTGAGAGTACGTAATCAGTGATTGCCTTGACCGTACGTCATGGAGCTTCTAATGAAGAATACTCCAGGTCCTACCTGAGACGTGTTGGCCAATCCAAGGTTGCTTGTCAGCCGGCACGAAGCAAACAAGCGTTTCCATGAGGTTACCGGACCCAAGGTGATGCCTATAATATGGGGGGTAGGTACAAACTATAGGCGTTGCCCTCTTATAAAGGCTTTCGATCGTTATTAAATTGGTCATAACCCGTGGGGGCGAAGAATGTGACGGTGCTCAACCATCGAACTTCGTCTCAGTGACCGTATTGACGCCGGTTCGTTAGTCCCAATGCCCGTGTGCAGAGCCTTTACGCTAATGTCGCGGCGGTACTGGTTCCGTGAACCAAAGCCTAAAGGTAACGTGCGTTCGCACTATTATCGCCTTCTTATGGATAAATAAGGTTCCTCTCTTGGGAAGGAACGCCAGGGATATC,620,50.0,Saccharomyces cerevisiae
SEQ_593693,TTGTCCTGAAGTAGAGAAGTCTTGCCTGTCATAACCCGGTGACCTACTCGATGGCTATGTCCATGAAGGATTAAAGCGAATAATTCTGGAACGATACTTTAGTTAACATCCTAGCACCCTACGGGAAAGTTCCATCCAACCTGGGCCTGTAGGGATCCCCACGATATACGGAATGACGTAGGACCGAGCTATTCTAGCGATCGTCCCCTCAAGGTCTCACCTAGGTACATCAGGCTGCCTATTTCTGGATCAGTTTACTGCGAACCTCTTCGATGAACCCGACGGTTCTTAGATAATGGAGGCCCCTTGAATAAGTTACTGAACCGGCAAAAAGCTTTTACGCGCTTGGTGTAGACAATCCGGAGACCCCGACTGAAAGTAAAGAAGTTCCAAGAGGGTTGGCGTACCGAAGATCCAGGGTACAGGGCGTTTCGGGTCCTCTAGTCTGTAGCATAGAAAATTCCGGTACTCGATCATGTCGGACGGTGGGGGCAGGACCCGACCTCACCGTATACGTGGAGACAGTAACCGTTGAATTTCGTCGAAATGAACGTTTCTCGGATTGCCGGCTGGATAGAGATATTTCAATCTACCTCCCCATTTTTGAATGGAGGGGGCTGGTTCTCCGGGCGGAAGGCGGAGCGGTCTACCATGCATGACAGAGTCGCTGATCCCTCGATACTCAATATGATGCCCCGATAAATGGAGCGGGTATTCGGATCAGTGGTATATAAAAAAAATGTCACCGTCCTACACGGCATTTGACGATCTCGTTGTCAGAACTGGGTACCCGATGTGATAGTGGGGCATGTTTACCAACAACAGATGCCTGATACATAGGGATAAGGGCCCCGCTCGCTTCACGAACACGGAGGATTAGAATCAGTGTAAAAAAAGATTGACTCGAGCTCGCTGTCATCCAAGTGCCGGGCTGACGGCGGCCGTCGGGACGGCGAGTCGGTGGGTAGCTCTGCATAAGCGATCGATATCTGCCCTATAAATGTCGACCGACTGGCCCGTAAACCGGTTTAAGACAGATAGAAACGTCTGGATTTCGATGACGATGTTATGGCCCTAACTATAACGTCCGCATCACGTGGGACACCTCGAGCTTGTGCGATCGTAGTATCGATCATCTGCCCATGCGCTAGGCTGTGCCCCCTGGGGTGGCAAGGGTG,1178,51.19,Drosophila melanogaster
SEQ_856200,GGCGGATTGTACTCTACTCTTTACCGGTGGGGCGGATCCCTTATGTTCATGACAATAGCTCCACTTGGGTTCTAGTGAACCCCTAAGTGTGACCCACCTAACATTGATATACTTGTGCGCGAGGGTTTACACCCACGCTTCCACGCCGCTCAGGGACCTGGGTATGCCGGCCTTCTAAACCCCACCGTAACCACTTGCCGGCTGACTGACCGCACAATTGCTATCTAGTTGTAAACTCACGCGTTCAAACTCTTAAGTCTCCTGCCCGCGTCTCGCTTCAGTGACAGTGACGGCCGGGTAGAATGAAGTGGGAATATTAGTACAGATGGGTCTCACTCTTGGTGGTCGTTTGATAGCGAGATCCTGATACACGTTTACGTGCACTAAGAAACCATTGTTATGTGGAGTAATTGCCGTATGCATGAACGTGAGACGAGGTCCCGTGTCGCGACGAGACAATACGTTTAAACCGACCTTCTCATCAGTCTTCCTAACCTGCCGGCATAATCTGAGCACACCAGATATAGTGGCTATGAGTCCAATTTCTGCATCCACCCCACTCCGTCCCACTCTCAACGTCACCATCCGTTTGGGTGAATCGAATGTTCTGCTAGGAGAGCACCTTACAAAATGTTCAGACTCCATGCCTATGCGGCTTATGAACCGATCAGTACCGCAAACCAATAAAGTTGTATTAGGACCTCTCTAGACAAGGCGCAAGAAAGTATAGAGCGCACTTTACCGTATGCAGATAAACTACAAGCTGAGCCCCAACGATTAGGTTGGAGCCATGCACCGAATTGTGCACCCTCCGAGTGACCAGTTCGTAACAACTGTCGTCAAACCCAAACTAAGTTATCCTCATTGTTTCCGTTTGGATCACAAGAGCGTCTTCACGGCTTAATGCTACTTCGCACGTCTCACTATGTCTAGGCCTCCGCTGACATCAGTCCGACCACCCCACCCCCACACCCGGG,977,50.36,Escherichia coli
SEQ_143115,GTTGATGGAGGCACCGGCAGACCTACAATCAATAACGAAGTGTAATCCAGCGAACCAAGTCACAGTGAATAATTCTATAGGTGGGAACCGCATCTTCAGGCGGAGGCGCCACGTCTTCACGGAATCCCCACGTGGGACGTTCACGCTAATATGTACCACGGAATGGTCGATCCCTCCTTGCTGTTCTCGAAAGATGACGCCCGCGCATCACTTCAACATAGGGTAATTCGGTCGGGGGAGCCTTCTTTTCAACACGGCCTTATAGTAGCCCCGAGATCGCCAAGCATAGTTCGACGCTAGTATGACGTGTGAATGCAAGGATTCGTAAAGCCCGCAAATCGAAACCCGAAGCCGCATAAATCAAGTTTGTGTGCGGATAGCGTCGTTAGTTGTGCGAAGTGCCTGCGTTCCCGTCAGCGTATCGAAGCACGGTGTCTGGGGTTTAATTTCAACGTACTTGCGATTATAAGGCTCTAGCAAATCCAATCTAATACTCATTGCCAACACGGTGTAACATCCCCGCCAGGGTGACCAGCAGCCCCGAATGCATTCCGGAGATAGTGGAAAGCCTCCAGTGCGCTGGAGTTACGGATCTATGAACTTCCATGACGGATGGGCGAGCAGACCTGGAATACTCACTTGTCGTCTTGCCCCTCAGTCTCGATTTTCTTCTCGGTATCCGGAGTAAGTACGCTGGTTTTTCGGTCTTTACACTTCGGCTTTAAAGCCCATCTTACATTTTAACCATCGAGGACGCAGAGTTGTAGTATCACGTCCCAGTAGCGCCAATGTGATAGGTTTGATAGGGACATGATCTAATAATCCGGCATTATGCGGCCATCGGAATATGGTTAATTCTCCGCAGGAAGTAGACCTTT,878,50.0,Caenorhabditis elegans
SEQ_209356,CAGCGCAGTCAATTATCAAGGGTCGTGCTATAAGCATCCGTGACGTACGGACCTTACTCTGTATGTATAAGCCAGAGAATATAACCGGCCCCGAGTGAAGAGCGACTCGCTTTCGCGCCTGATCTACCAGATCATGGACGACGAGGGGTCTAAGGAAATCACATCCACGAGTACTTTGGGGTCAGTGACACCAGGCTTGAGTGTGACCGTATAAAGGCGAACCTACTTTCCGAACTGAACCTTCTAGACACGAGCTCTCCAAAGGGAGTTCACACCGGAGCCATCTGCCCACAGTTCCGTTGCATCGGGTGTAGACGCTCTGGAAACAACTTACGGTATTGAAGAGATGCGGCGCCTACTTCTTAGACATTGAGGTTAAGGCTCCGATATGCTAAAATCTATTCGAATTTCAGGCGAACAGTTTAGTCGGGAGGCCCTGCTAGCAAGGCTTAAGGCGGTAGCAGACCACGCTGTGTATCTACACCTAATCATCAGCACGTTTCTATATCGCTGTGTGGTTTCCGTCCTCGAGTGGGGTGCCGATGAGGCAAACTCTGGTAATGCCGTTAGGCCTGAGCCGATAGTCACGCATTCTACGGTAAACCTATTAAGGGAACGGGCGGCATGTCAATGACAGCAGGATTTATACCGATCAATCCTCACGCGCGTCTGCATCATGTATAAAGGGTGAAATAACTTATATAGCGGCCGCGGTTGTTTCGTAATGGATTGAGAAACGACCATACTCTTTTCGTGCCGAATCTCGATACCATATGGGTACGTCAATAACATTCCATTCATGGCATAGGAAGAGTGGATTGTGGTTCCATAAAATTACCGTTATATTTTGACTCCTAACCCATCACTCTTAGGCCACTCAACCGTATTCGGGTTCGTTAGTGTGTGGTCAATCGCAGTAAATGATGGCTCGATCAACAAGAGCCTATGTATCTTATCTAAGGGCGCATCGCCTTCGGCTAGGCCTGAAGTCCCGTCTAAGCAGCTACGTTTCCTGACGCTTGTAATCGGCTCGCACGATCGATGTCCCGGATGCAACAGCCGATTTAAGTTTTGTCATTCTACGTGTGTTCCACGCCAGACACTTGCACGGGGGTGCGTAAATCCGGCGACGCCACTGGGCATACACCGCTCTCCAACTAGACTTCTCGCCCTCACAATAGTTACGAAACAAATGCTACCTACCCAACGGCTAGTTGGCCACGAGGATGACCGATTTCGATGTCAAACTCTTCCACTCCGGCGTCATTAAACGTTGAGTAATATTGTACGTACAGGCAACGATTAGGAAACTCTAAGAGGGTAACTTAGTCTCGGCGCGAGTTCATTCTGGGCGGTGACCAAGCAGCTTTAGCTACTCTTGTAT,1384,49.28,Saccharomyces cerevisiae
SEQ_337576,CTTCTTGGACATGAAAAGATAGAACTTGTCGTACCCTCCCGTGCGGTTATCTCTGCCTGCTCCCGCCCAGGTCGTAAATAATGACAGCTGATCTCTAGGGATGCCAGAAGTCAAAACTTAGCCTGGGCAAAGGACCTATGCTCGGGCGATAGCCTTCACAATTGTAGGTACATGTCAAGCTACAGCCCCCGGAGAAAGGTCCGCGTGGAATAGGAGGACCAACTACGTCGGAGTTTAGTCGGAGGGTGGCCAAAGGTTCAATGTACTTGCTATTACACAACGACAACCGACGGGCCGCGGATGCTTTAGTTTGCATCCTTTTAACGTGTTAGCCTTGCGACATATGCCTTTATATCTGACAGTAGCAGTTCTAAGTTATCCGGGGGGTTTGCGGTGAATTCCACGGGACCCTATTTCTTAAGGGTGAACGCGGTTGATGGGTTACCAATGCAGTACATTTCGTTGAAGGATGGTCAGAACCAACAGGGCCACTTGATTTAAGCAAACCACTGATTTCAGATAGGCAGTTAGCCATAGCACTGGCAGTACACTCAGTAGGCGGGTACAACGCTACTCCGAGCGTTGCGGATCCGATGGCGGCTCTCGTCGATAGTGTGGTCGGCGTGTGTGTGCACAGTTTATTATAACGACCGCTTTGTTGCTTATAAACCACAAATCCTAAAAGGCAGGATTTTTGCGTACCATTCAATATGACATCTTCCCATGGGAGCACTAGATTGGCTCAAGCTTACTGGTGCTGTATACCTAAATGCATTTGTGTAAAGCCGTCTTTGAACCTATCTTTTGGACTACGGGGAACAGCTTTTCAGCGAATTGTACACGCCTGGAAGAACGCACTATCGTTCTATTTGCTTTGATTAAATAGTTACCGTATGAATCATAAAGTGAACCTTAGGGACAATCCGTCACTACTGCCGGTGCCTTCGAACGTGACCGTCCCTATCAGTTCTTTTCCCTGACCAGGATCCCTGCAAACAGGGCGTGTTGATGTAGATGTTGGGACTGCTCTACAAGGTATAAGTAGCTTAACAACGAAGGTGTGCAAGAGGACCTTTCGCTTACGTTCGCAATCGGGACTCTGCCTTGTGGGGGACATAGCCCTTGGTGTTCTACCGTCCTCCAGCCATAAGCAAGGAATTTTGACCTAGCAATGCGTAAAACTT,1184,48.23,Drosophila melanogaster
SEQ_165686,ATACTGCACGCAGAGTCGCTGGTTATATAAGTATAACGTGTAAAGTAAATGGGTCGCCTCATAGGCCCTAGTCGCGTACATCGGGCAATGTGACATTTCAGACCTCGGCGTGTCGTATTATAGTAGGGCCACTTCGCCTTACCCTATATCACGAAATTCGGAAGGCAGAACCTCCCGGACTCATGAGTAATTTTTCATTCAACTCCACCCGAGGCCGTAGTCACTATCATATCTCCAAGACCCCTTCAGATTAGCGGGGGTAGTTCTATGCGTCACTTTTTAGCAGCGTTCACTAGATTTCAGTTATCCTCGTCGCTATCCGAAGCATTGGCCAGGGTTACCAACAGTTGCGAATGATGGCGACTGGCCATCTAGCGGATATGAGATTAGACACCACTTCACGGCCAGGGACCAGTCGAATTCGGAAAAGCAGGTCGTAACTCCTGTCGATCGATATAAAACCTGGTCAGTTAGCAATCAATGGGTCCTGTTGTACTGTAGGGCTCTAACGTAGGGCTTTAGGGGCCGACGACCGAGGCTTTCTCAACTATGGGATTCCAGCAGCGTCAGCGAAAATGGCATGCGGAAATTCGGGATTAAGTGGTTGAAAAGAAGCCCTTAGGCTTTGGGCGTGCAATGTGGGTCTTCAAGCGCGATTAAAAGGCAATACAACAAGCGGAGCAGTGGCATCGGGCTGAAATGCTTTGTTAGACCAACAACAGGGCGCACTCTAGTTAATCCATCGGCAAAAGGCGTCTATGTCCCCCATTGATTTGAAAGCTGACCTACCTACAAGGGCGCCTGTGAATCGGCCTGCCGGTGTCAATTATCTAAACGTATATTCCAGTGCCTACGGGAAGCACCCGCTACCGGTCCCAAGCATATGGATAGCAAGCCCCCGCTCGGGGTGTTCTGGTAAACGTCGTTCCCCCACCTCCCAATGGCATGTTGTAGCCGTCCTACACATCTCCCCTGATCAATAATCGTCCTGCGTACGGCCATGCTTGGGCTAACGTATGTGACAATAGACGGGTCTTACTTTTGTTGGCAATCACCCTGCAGTAGCATTCACGCTCACAGCAGCGCCTCCTACTAGACTAACTCTCATGAGGTTGTCTCGATTCGACAGAGAAGAAAAAATTGCATCTCACGATTTGAACGGCGTCTAATTCAAGGGTACATGCACCCGCGCCCCGACACAGCGGGCGTACAAAGTTTGCGTCGTTTCCCCATATAAATCGCCTCGACTGTAACCCAATCACTGGAGGCAGACGCACGGGTGCCACAGCTGTCCTAGACTCATAAGCCGCTATTGCGAACGGACCAGGTCGATCTCCCGCAGAAACTGTAAAACGCACGTCTTTCACAAAGTCAAATGACACCGAAAGTAAACCAGGAAACACCCGGCGTTTTACTTACATATGGCATGGGCGAAAAGGTGGCTACATTGTAATGACGTGGATAGTCGACACAACGAGCTATGCCACGCTTGAATGATCCCTAGTGTAGTCCGCTCATTAGAAGGAACGTGTAACCATCTCCGGGAGGTACGAATACCGGTGCTACAACTGCTGGCACTTTCGCATAAGGAGCATAGGGGTATAGTAACGAGCCCCTCACCAACCGGTTTCATGTAGAGGGGCATCTTTCTCACTGTCCGAGCGGTATCCAGAACTACGAAATTCTTAAACAGACTGAGTATCGTATTGGAAGGAAGGTCATGCCTGGGTCACATCTATAGATTATTAGCACTGCCGTCATGCTGATTACTGCGTTAAACAGCTACTAGGGTCACATGTTCCCGCGTACCCCCGTCTAACGTTGATGGAGTGCCATCGGG,1840,50.27,Arabidopsis thaliana
SEQ_624076,GCACTGAGGCCAACAGGATGTTCATATCAGTGGTTTATTGAGAGTATGAACTCGCGATAGGATGGTACGTCCCCGCATCTCTATGGGACAACAGGTCGATTTCGAATACAGGCGCCCGGCGGACGTGGGATTCAACTACATACCGGCAAAATCGCCACCATTCTAGAGCTTATAGCAGTGAGGAGCCAATTTTTCCAGTTAATACTAGTGTGTGCAAGGGGTTAATCGTCCACCGCTTCAAATGCGAGATACGGTAATCCGGGGAGTTTAAATGCGGGCTCCACAGTAAGATTCAGACGCCAAGTCTTTTGACAAACAACCCAGTATAAGGACGTTCTGTGGACCTCTTTGGCTCCTTCACCGGACCTTGTGAACGCCACCTACGAGCTGTCGCCGCGAGAGTTGAGCCCTTCCCGTCCCACCCGACTGGTAGGCAACTAGTAACGGGGACATAACCCGCATTCCCGAGAACCAATTTGTAAAAGTATTTGTGGGTTGCAATAGTGGCAACGAGAATCTCAGTTGGCTGTGTGCCGGATAGGTCATGGGGGAAGGCTCGTTTCCGGAGGGCAAAATACGAGAAGTGGTGCGGTGATGTTAATAGACATAGTGGCCCACAAATATGGAAGGCCGAGGCAACCTGTCCGTTGCATGTACTAAAAAAGGCAATTGAAAAGCTAACCAAACATTACTAGTAGGTAAACGAGTGCGTGTTCCGTAACGAGGTACGACGCAAAGCACTTGCCAAGCACTTTAAGGGTGAGCTACCTGCGTCTCATGCCTCACTATAAGAGGTAATTCTGCTGACGAATTTGTTAGGTTATGTCGAGTTCCCCCGTTCCCCCTCCGGAGTCGGTCCTCTTCGTTGACCAGGGATACGGTTCTACGTCTTTGCCTACACTACGGAGGTCGGGCGTTCTTACTTACAACGATCCCTCTCCCGAGCGTACCTGGCGGAATTTGTTATGTTATGTGTAATGATGGCTCGTTTTTCATATCATACGCGCTCTTGACGGAACTCCCTTGACAGGTTTCTTTTATAACATTTGATATAAATAACCTGGTCTACAGTCGTCTACTGTGAAAGTAAACTCATGGGGCGACGAGTCATATGATGGTCTATTATATCATTCAGCGGTTACATGCTATTATGTGCAAGGAATTGGTGGAGGGGCCAATGCAGACTCAAGCGCGTTTGATTATACTCACAGAGTCCTGTTACGATTCTAAATCATGCACGTCCACGGACCCTTTGTCCCGCGCAGCTTCTATTCACCAGTCCGGTTCCTTACAGTTCCGAGTTTGTTTGAGCTCGTTCAAATATCGAGTCATGGGACTCCTAATAAGTCAGGCCAGACTTTCGGAGAAAATGGCATATACGATGAGTAACTAAGGACCCTTAAACGTCTCACCCGAAGGCGCGGTCTCAGCTGTTGCTTGAGAATTAATTGTCAGGGACAGGACCGGCCGCAGCGGGCAGCGCTGGAACCTT,1492,48.99,Saccharomyces cerevisiae
SEQ_875903,GCACATATCCCGACCTGTACAACCACACCCGCAAGCCTTTGGGACGTGCTCCAGTGTTTTACTTACATCCGACCCGTACGATCTAATTGGCTGGCCGAGTATTGGATCTCGGGGAGAAGTGCCGCATCTTATCCGTTTTTCAGGTAATAAGAAATAGGTGCCACACCCATAGGGGTTGGTTTTAATCGACAGATCCGAGTGGTCTTTGGTATTCTCAATCCATATGCTTTTATCGCGGTCAGTCGTATTGCAGCCACGAGCAATCCGGCACAGGTGAGGGGCTTCCAATCTCTAAAGCTTCTGATCGTCCATATGATAGAACAGCCATATTCACGTCCAGATAGGAATGACAAACGCGGACGATTGACGCTACACTACTACTCCCTTACCGATCTATCTTTACGCCGCTGGAACCGGCCATTGGGGAGTGCACTATGGTAGCTCCTGAAGATTATCCGTAGTAGTGGTGCTGATAAAGGGAGATTCCTAGGCCCACTACTCTACAGAACCTGCAGTCGGTGGAGAGGTACCCCCCACAGCCCTTCAGATGGACAAGATAACCGGTAACACAGTCAAGCTCGGCATTTCCGTCGTGCTCCACCTACCGTATAGGACGGGAGATGATTATTGTGTTATACCCCCCTTAGACGATATAATTTCCCTTTTATGGATTTATGACGCCTAGCGAAAGATAATAGCATTGCCAACCCGTCCTTGGTTGAAGTACGCCTTTTAAGTCAAAAACGATACATAAATAGAGTATGAACCCTCACACTGAACACAGACCCGAACGTTTGATAACTGAGTTCGCTAATCAACCACTTCTGCAATTTGAAGTGGTGGGCTTCGAGCGGCCCCTGCGACG,865,48.67,Homo sapiens
SEQ_376977,CTTCTTGGTTACTAGGTACTAGCTGCGACTAGCGACGCGTACTGAACTACAAGACCACAACTGATCGCGAGTAAGTAGGACCCCGATCGGTGCTCTCATTACCTTCGGTGTGTCGGGTATAAACTGGTGCGAAAGCTCTAGGCCACATTCAAATAAAAGAAGTCGCTATCGGGTGCGCTTTGGGCCTTCGCTACTCGACTGCTTAGGGTCTCGTAGCGCTACTATGGGAGCCGAAAGATGCAATTCATTGCTATCGTACTGCGCATTTAGTAGTAAGGACGCTCGTCCCAACAACACGCATACAAAGTTTATCCCAGTCCAATACAGCGTGTTTGGTCGTAGTCTCCCCGGATACGAGTCCTTACGGCGTGGTGCCCTAGCTTGCTCAATTGAGCCATGCCGCGCTCATCCGGCTTACCACCATTAATGTTCGGCGCGCAGTTCTCAACAGTTAGGCACCGTGAGGACGCCATAGAGGTTTTATTGTGATGCACTACAGATTTTTGCTTAGGCGTCCGGTGTAGCTGCCATGAACTCCGTGCGGAGCTGAAAATCGGCATACGGCTTGATCAACTCGACTCAGACAGCTTTATAGTATTGGCGGAACGGTCCGTTCGTTATAACGGTGCCCTGCTGTTACCTTGGTATTTCCTCTCTATCCTAGGAATCTCCAATGACCCTCAGAAATCACCAAGTGATGAGGGAACACGTCTTTAAGGTCAGCGGGCCTACTCAGTTCGCTCTGATGGTGGTCACAGGATCCGATCTTCCTGGTATTAAGAGGCTGCTTCAGTAACGGGTTTCAATGGGGTACTTTCGATAATCGTGGGCGACAAAGGAGTCTTGAAACTCATTTCCGGGGGTACCTTAGTTTCAGGCAACAAACCCTGATCATCTTGCAGCATTTCCTGACAGGTATTATCGTTCGCAAACTTCTTTGTACATTCGCCGGGCACTTCGTATATCGCAGAGGTCGTTGGATGACCTAGGTCGATTACGTTCTCAGACCAAACTACTGTGAACGGCACGAACGCGTGGCAATTTCGGAGCGTACCACAGCCGGGATCACCTGCGGGGTGTAGGGTCATTTGGGGACGCCACTTCGTCAGTGTTGGGAATGCCGCCAATGTTCGTGCTTCGGTCCCTCCATCCCTTTCGGCGAACGCCCGCCATCCACAGAAGGAGATAAGATATGTCCAGGCACCGTCAGATGTCCGTTATGGACGGATATAACATAGCTGCACGGGGTCACGAGTGGCGCACATACATGTTAGCTCTTGTCGGATTCGTCGATTAATGTTTAAGTATTGGAACCACGTTTACGGGCTACACCGGCCTCTTCTTAACCGGGCGCCGGGTCCGGCCGGCATTCTACAAGCTACTGGACTTGAGTGTAGCTGCCCGCACATCGTTTCTCAGGAGGTACATTGCCGGGTATCACCAAGACACTCAGGGCCCAGGGGGCGTACTTTTATCACCCTTGCAGCTGCTGCCGTTGGTGCTCCTCGTGATCATTCCTCGCCCTCTCTTCACCGCGGTTTATGGAAATATTTGATTGTCTCAGCCAGTAAGTGATCTCGACTGGACACGGTCAACCATATCCTTATAGTAAGCTTATTGGGCCGGGAATCCATTACGTGCTTTTGAATAAGATTGGTGCCACGTATACCTGGAAAGGACAACGATCTTATTGAAGCGAATACCTTTGATATCCCACGGGTCCAAGGCTTCCCTCTGGAATTGCACGAAGCCATTAGAGCCGGATTAAACCCAGAACTTACGGTATAGAACAGCAAACCTACAGGATGGCCTGGCGAGATCACCTTCAGGGAG,1833,51.17,Saccharomyces cerevisiae
SEQ_793339,TCTAAGCAAATTGCTGCGGAAGGGCATTATTAAAAACTTCGCTCTCTATAGTCTCCTACGGTCAGAGATGGGGAAGCTTCGGCGGAACACATCGTATCTGCAGGGACAAATTACTACATATATTGGGTGCGACTGCGGCAATCACACACATGCCAGTCCTGTGGCAAAAGCCAAGCTCTGAGGGTCAGTACATTCGAAGCTATCGTTAATGAGCCCTTCATGCACTGTTTTGTAATACGTGATTGCGCTAAACGACTCTTCGTCGCTCGACCTCAAAGCATGAAGACTGATCTACTCCCGGATTAATCTCTAACGCGTATACAGGAGTCATCGTACGCAACCACCGTCCAGCGACGGGCTAAATCATATAGTTCGTTCCCAGTTCACAACAGGCCTCAATTAGGACGACTGCGTGGAATAGTACACTTGCGATGCTTCGAAATCATCGCACGTACAACATCGGGATCACCGGACTACTCTCTGACCTCATGCTGTAGAGTGGCTGCACCTACCTCTACGGAATTGTATTAGCGAAATTGAGTTCTTGACAAAGGGTCCTTCAGGCCGCTATAGATTAATCTTCAGTCCTAGCAACCTAAATTCCCTAGGATAGCGACCCAGGAAAGTCACTGATAACGCAGCTTGTGTATTCTGCACCCCATCTCGGCGAGCCGGAATTAAATTCCCGCGATCTGGATAAGTGGGCCCGCCAGACCGGCATGTAGTCAACGTCTAAATCGACGAAAAGTTCCCATTTCTTTGATCAGTGGAACAATTCTAACGTGACTAGTTACGAACGCCAGGAGCGCCTCAGTATTCCGGGTGGTATTTTTCACGGAAGAGATTCTTAATACTCGCCTACGTTAAATCCCATTCGTAAGCCACCCCTCATCCTCCATGGGGCGGGACCCACATTAGAATTTAAGGTGCTTTACGTCAACATTCTCACGCGATCGGACCGAAGGACGTTGATGCCCGGCGGGAACCTAAGCATCTGCGAATAGCTGAAAACGAGCTTCTTAAAAGGCACGGTTAGATCTGGTAATGGCGCAATATGGGGCATTACTCAAGCCCCGGTGGTATTTATAATCAGGGACGGGGCGCACCCAACGCAATCGTCCCCTAATCACAAAGCATACAGCGCATTTAGTTCCCGACTTTTTCCCGCCTCCAAATCCGTGACCAACTACCGTCTACTCAATTTTCTTACGAAGGTCAGCTCCACCCTATGGCCCGGTTACGTCTTTTCTACCCTATTCTAACTAACGAACCACATTATGACCGCACCGAACCCGCTTTCCCAAGCTGCCCCGCGAATTTAGCGTGTGCGTACCTACTAGGACCTCCAGAACGGTCCAGCGTTCCTTCGCGGAGTCACTCTGCCCTGTCAGCGGCTCGCTCTGGGGTAGGAAAGCCGGACTATGGCAGACGTTAGCTGGGCGATTCCTGAATCT,1454,50.0,Caenorhabditis elegans
SEQ_168056,CATTCGATACACGCGCGGGCGTACAGCGCGAGTCTTTTATGCTATTAGCGTGGAAACGGAAAAGTGGTACGTCTGTCGAATTGGTGATTTCTATTGGTTTCACTGAAAGCATTCCGGGTGAAATGCATCCCCCAGAAGCTCTTTAGATCTGCAAAGGCCTGGGTGTCTAGCTGCCATCGGCGTCCCGGACGCCTTCTCCGCGATGCGTAATCTCTAAACCGGCCGTTCCACGCATGCAGACCCGGATCGTGCAATAGTTTGTTGGAGGGTCACTATCAGTTAATGCGAGCAACCTCCCATCTATTCCTGCTATACGGCGGAATATCTAGCGGTAATATGAGTCAAGATCACTAACACGTCCATTCTCGCAGGTCGGCGCGAGCGCAGAAGATCGGGTTTCTGAACGGCAAACCGGCGGTCTACGTGGCAGGTCGGTTATGGCTCCCCTGCGCCGTTGCTTTCGGAGGGGGTAGTAGGTCCCAGCGATCATGCCCCGCCAGCTCCTAATTAGCAACA,516,54.07,Escherichia coli
SEQ_201639,GGGATTCCGCCAAAATGGACTATATTGATCCCCCTCGGTGACCGGTGGTGATACTGATCATGGGCGTATAACCTATTTGCTCGAATATAGCTAACTGCACTGTACATGATCGTCGCACCGGTAGCATTCCCGGAATGACTCAACCTCCGGATCGCTCGAATCCTAAAGTGGTGCTGTTATGGCAGTGTACACTAAATTCTTGTTTCATGCAGCTGGCGGTCGATACCAAAGAGATTCACTATCACGAAGCCCCACTACGCCAATGTTAACGATGACTAGATTTGGTTCAAGCTGGCAGAAGTCAGTTATAATCTCCCAATTAGACAAGTGAAGTTTTTGGTCTCTATCCCCAATGACTACCAGCGTTTTGATCGGCTGCAGTGGCTGACGGAAACCATCGAAGTAGCAGTCTTTGTAGGGACTGTATGCTGGATTGGCTAGTGCATGGCTTATCTTAAACAATTGACCCTTGCGGGGGAATAATCGCGATGGCCGTTCTCTCTTTCCTAGGAAGCCCGTGTTCATAGCGAGGCACCAGACGGCCCTCGTCATGGTGTCAGCCCAACAGGTCGCTGTATCCTCTGGGTTATTGACTGTAGTGAATTCGTCGCAAAGCTTCAGGCCTCCATACAACGTGTAGCGAATACCCCCCGTGACCCTCGCGAGTTTGCCTACGGTACTCTAGTAGATAGGCCCTCATTATGTCCGTGTCTTCAGGTCCTAAAGCATTCCATCTTACCAATTCAACGCCCCGCCATTAGCAGAATTAAGGGAAACAGCATGGAAATCAAAGTAGGGTAATTAACCGAGTCCGTAAACCAATGGGTAACAACTGGTGCCCGTATTGGCCGGTGCTTTTTCTCATATTAGCAAGAAGCTGGATGGCGCCCTACGAAACGCATTTTCCGAATGTCTCTTAGTACCGATAGCTTCGCGCTCTCCAGAGAAAAGTTGCGCCATTTAACCTTCCGGGCCTATATCGATCAACAATTTATAGCCCTTGTCGTGGGTGGAACGAGAAGAATGGGCCCATCCGGCTAAGCACATTTCCTTCATAAACGCGGGAATTGTAATGCACCATGTCTAAACCGCACTCACTAAAGAGATATACTATCTTTAGGAATTACCAACTTTTTAACACACGCCTCGTTGTCATATGTGTCATATGTCTTAACCCGCAGGGGACGCCGTCTTCTTCTGACGTTGTGTGTCATCACCGGTAAGTCTACCCCTCTTAGCACGTTGATGATCATCGAATTCCACCAGTCTCCAGATCTGCGGTAAGATATGTGGTAAGTACTGCGCCTGAAGACGACTCGACCCTATTGCGGGGCTGCGCAACTATACATCTGACGTCGCCTGGCTCCACGGGGAGTCATTCCACCAACTACCACACCCGCAAGAAGGCTTTGGGGCAGAATAGATTATATGTCTTTCTCGTTGGCTCTGATAGGGTCTAGCTTAGGCCAACGTTTAAGTATGTTTCGCGGTACGTATATGT,1501,48.5,Saccharomyces cerevisiae
SEQ_329267,CGTCTCGTTCACTCCTTGAGCTCCGCTTCTGAGTTAGCTTACCTACGATTCTCCATCAAAGGGTTGCCCACGTACCGGTACATCGTGATTGCCCTTTGTGCCGCATGGCGACCCAGTGCAGTTGAGCGCCTTAGTTTTCTGTAATAGGCGACGAGGGATCATTATGCCGCATCCGGATGGAGTGGGGTTCGTGCGTCGAGCCCTCACATCAGACTCCGTCATTGGTGACATCACGCCATGCTGTATGAGAATCGCTCGATCTCGTCATGGATGAACGGGAAAG,283,54.06,Arabidopsis thaliana
SEQ_456084,AGCATCCGGGACGTCGTACGCCAGTTGAGCTAGCCGATACACGCAGACATGAGGAAATAGACGGGATGAATTTGGCCCATCAACGAACATATACGTAGAGTTCGTTGCCCCCTAATTAGCCGAACTGGAGGGATGCTAGCGGGTATCAAGGCTACTACCCTTCCCGAGACTCGTAAAAACATGCATAACGTATTTTTTCGCGTCTATGACTCACGGCTCTAATGACGCGCGCCGTTCGTCGGCTCCACGTAAACACACGGTCGCGTGACAATCACACTTCTGAGCATATTCACAACAAACTGCGCGGACGTGTGGGGAAAAAAGGCTGCTTACGTTTGGGGGAACCGGGTTAACCCTTCGGTCCCTTACGAGTACCGGGTTCTCTACTCCCATAGTGCGAATGGCCTCACCCTCCCAATTAATTCCGTGGCCTAACTGGGGGTTTCAACTACCTATGCCCGGTTGTACATCCAAACCCTGGCATCACGCGTTATCTTAGCAAGCCAGCATGAGAAAACGGTAGACAGCAGCGCTACCCGTCGTCGAATACCAAACGTGTAAGACCCACAGCCACAGACTATCCACGGGAAATTAGAAGTTCCGCGCATTAAGGTGAGCCGTTCTTGCAGGGGGGCACGTCCGTGGACAAAATCCTTTCTCTCCGTCGAACATGCCATGTGGACCTCCGCGGCAGTTCGAAGATGTTTCTCCTCGCACTGGCTGACAGCTTGTGCGAAAAATGCGCAGACCGAATAAGGCCGATGGACATGCACGCGACCGGGGAAGCCTGCCGTCTGGAGAGTAACTTCTCTTCACAGTACTTGCTAACTACAGCGATGCCTCCTCAAATATTCTGACTAACCAATCGTCGGTGCCATAGTCTGGCCGCGGGGGGTGAAACATTATTAGAGAACGATGTTTTTATCTAACCAATGTCACTGCATAAGATCGCCCCGGCGCGACACCGCCCTCAAGTTGGTCAATCTGCTAAACCTAATCGGTCGTGTTGAAATGCTACCCCCATCAGGGACGGGCTGGGATATACTCTTCTATAAGACGTCGAATCCTCGTCCCGGTCGCATTCTCAATTGCTCAACAATCCTGAGGTGATGATGTAGCACACATGCGCAATCTGGCCAGAGTCGGCTATAGTGGTTTTGAGTCTCGCAGTGGCCGAACGGACGCGCAACGGTTGCGTGTCTGGGGCGCTAGCCGCGGATGCGCTATAAACTCCGTCATCTGCTTCGTAGTACATTACACCTAGTAGTTACATCTTCAATTTCGTGCTAGGGGGCTTGTTATAAGCGCCTCCCTGGTCCTCATGTCCAAACCCTTACCGGACATTCGTCGCTCCAGTCAGGATTGTCATAAGGCGTAAGGCATTGATAACCTACATATTCCACTTCATCAGCTGTGTGATAAGGTCTATCAATGGACGGTTCTGCATTTAGCTGTGTAGTCAAGAACGACTTCGTGAGCCTCACAGGGATAGGGAGCGCACCAAGGTCATGGCTTGATCTCAATGCGCCCCCCTTTACCGGCATTAATCAATTTCCCCATTCGCATCGCACTCAG,1575,51.94,Homo sapiens
SEQ_585936,GTTCCGTCAAGCCGCCCTTTACTGCACAGCCGCGATAGCACTAGACAACGCATCGATTGAATACACACAAGCTTTTTGTTGAGCGCTTATATAGGGAAACGGTACCTTGCGATGTCGCGGCCCTTCTGCTCGGTATTAAACCGGGTAATT,150,50.0,Homo sapiens
SEQ_597165,TTGGTCGAAACGCTATGGTTTCGGGACCTTTCACAACCTATTCCGCAAAATTCTAGATGTCGATGCTCGCGCACTTTTAACTTATGGAAGGACATTGCGTATCCCGTAAAGGGGTTGCTGCATTGAGTTTCTACTTCAATCCCACATTTGGTGGGGAAAGAACCGACAACTGGAACGGTGGTCGGTTGGTATTGGTAAGGTTCAATGCTTTTGTGGCCTTGCATCTTTCTATGATCTGCGCAGTAGCAGGGAGCGGGTCCACACCCGGGCATCCTTACCGCGCGCGAGCGGCCCTGGAAGTCTCTGCATCATGTAACAGAGACCCCACCCCGTGCTCAACACTCAATACCTGGATATATCACAATGTTCACATGTAGGGACTGAATCTCTAGCCTCATGAGTCAACGTACGGATTAAACGATAGCTAGTCCTCGGTATACGTGATCACGGTATCAACTTGCAACACAACAGAACCTGGCGAGTAGGCAATATTCGGGATATCTCGGTCATACACGGTCTGTTAGA,525,49.14,Mus musculus
SEQ_235429,TACACATTTCCTCTACAAATAAGGAGTCTCGAGTTCTCGGGCACTGTTGGATGTCAGCCACCGAGTCCGCGTCACGGACCCATCTCAATCAGGTTGAAGCAGAATGCCACAAACGGTGGGCTGATTCTTGAACTGTTACGCCCCGGCGCTCCTCCTAATTCTACCTTGGCGCTGGGAATACCTAAAGTAAACGTCACCATGCCAGATTAGTCAATAAGCCAATTGGTAGGCTCTCCTCTGATGCTTTCGTAGTAGTACTATCTACCGAGCTCAGATTTCCCTGAACGTGGGGCATAAGAAGTCATAGAGATGTTTTTGCCGGGGAGGCAAAGCGGACCGTACTCAATAACGGCCAGCTGACGTTTGGAGACTTGAGGCTTGCCTTCAATGTTTGGCAAACACTTTTCAGCTGCATGCTCCATAAGACGCTTTCCTGACAAGGCCCAATTTGTAAAGCGTGCGTGCCCTTACGCGACTAAATTAATAGGATAAGACCAACTGGGTAAACACTATGCAGTAGGTGCCGCAGCAACATTACCTTATCTGCTAGTGTTATGCAGCCCCGA,566,49.12,Saccharomyces cerevisiae
SEQ_311208,CGGGGTACACGCAGCAGACAACACGCTTTAGTACAAAACGTACCCCACACCTATCCTAGAATTACCGATGAAGGTTCTCTTCCGGACGTCGCGAAGGATACTAGACTGCCTGAACTAGTAGTAAATCTGCCTTATATCCGTTTTCCATTGGTTGCCAGACCACCTGGTGGCCTCCGTTGGCGCGTCTAGTTCGGAGACGTGACGAACCGTGGGGTGGACCTTCTCTCAGCACTATTTCGGAGGAGTTAAAGGGTCAAAATACCCCTGTAAGACTCCTTACAGCACGCCCTGCGTTCTAATGGCCTTCATGTGAGGGATATGGCTTGCACTGAGGCGCCCTGGAGTAACATCGGACAGATAACTTACACCCTGGTGCCCGAATCTTTTGTCTGACAATTAGACAATTCAACATCCTGCCACTTGTTTCGCTGCCTCCCGGTTTCTCCCAGGGCTCTTTCATATATTGGGCGATCGGCCTATTGCTGAGAGACTAATGACCGGCTTAGACGCCGTCGTGCCTGCTCCTAGTGGTACGTGCGGGCGCGGAGATACGTAATAATCTCCGATAATTATCAGGGGCGATGATGTTTTAGTATAGAGTTCTACCAGCGGTAGGCGAGTTATGTGGAGGTAAACCGTCCTAGCAACAATCCTCGGTGTCCGGCCTTGTCCAGCTGATGTCACGCCCAGTTCAACAAAGCCTGACGAGTAAAATTATTGGCAGAGCCGAGGGGCGTAAGCTACCAGTGTGAACATTACACTAGCAAGGTGAGGTGATCAGATGAGTTACTACGTCCATATGAGACTTGGGGAGGTCCACTCCTTACGGGATAGCATGGGCTCTTAAGTCCAGCTGGGTCCGACGATCATTGGCCGTAACCTTCCCCATAAACCCTTGGGCTCCTTTGCGCGGGGGCACTTTACGGTGCGCTCGACGGCTCAACTTGCTCGCTTGGACTCACCCCAGTAGGTCTGTGGCAACGCAGGACCTGAAGCAAGGTTACTGATCATCTCAGGAACAATCGCCACTACCTGACCGCCTCATAGATTGGTGCAGGAACATCTACATCATTTACGGTCTCTACAGCTTGCTAGATGGACCGTTACACTACACCAATTGTTCCCCGTCTATCGGGATCTGATGGATGGCAGGACGGTCCGACTATGACGCATTCACCAAAGCAGTCAGTCGTAATGTGCAGGGCACGAGCTAGGGAGTTTGATTTTGAATCGCTCACAAACCTGCTGAACAGTCGAGTGTCCTTGGTCACACGTTCCGGAAAAGCGCCATTGTAGAGGCAAACGGGTACCAATGCCTGCCTGTAGCTATACCTGGTATGCCCACGACTGCCAAGTGTCAGCCCTACTGTGTTCCCTATCCGAGCATTTGAATACGCTCTGCA,1403,52.03,Drosophila melanogaster
SEQ_921104,ATCTGACGGCAGATTATGTCGCCGAGCTGACCAGTAAACAAGCGCGCTTTGACGCTCGCGCGAAAATAAGAGTAGAACCAAATCAGGTGT,90,50.0,Drosophila melanogaster
SEQ_280414,CCGCCTTTAGGTACCCTAAGCTTAATTCAGGGACATAAAATTGAGTCTCACCGCGTACCGGAGTCCGGGACGTTAAGTATTTTGGATAGTTCTTCCGCCAGGGCGTGGATGTGAAGGTATACGCGTTCCCATGGCATGGAAGGACGAGTACGTACGCATCGGTACTATATCCCCATACCTAACTCAAGCAAAAGCTAAACGCCATGACTGCTTACCTATCGCTTCAGCTTCTTCGTGATTGCGCTGGTACAAGGGGGGTGCGCACAGAAATATAGGATGTTCACATCTTAACTTAAGTTTAGCATTAGTTCCTTGAGCGGTTTTTCGGGACTTGTTGGTCCCTTATGCAACACGATACGCGCGAGACGGGCCAGTCATTAGTTTTTATCACCGCACTACTAACCAGCGATGTACCTCTCTCAAGGCGTAACGTGTCATGCTAGTAGCTTAATCAATAAATCTAGGTCGCGTTTATGGTTGTCCCAAGCAGTTAGTTGTCTATGGGCTTACCTAACCTTAACAACACGCTTATGCAGGGTTCCGTGCACCGAAGGCAGTACGGCTGCCCCATCCAACCGGATCGCGAAGATGACTGGCGGTAGTGGTCCACTTGCCTGTGTCGCCCCAAAGGAGCCGCCCACCTGCCGTCTATGGTGATAACGTGGATAGTTCGACTCATTACGGGTAGCTGATTACCGCGACAGCTCCGGGTCCTCGTTCCCTAGCCATTATGGACTCTCGACCTAATGCCCAGAGCTTTCTACGTCTCGAATCTTACCAGGGCGCTTGCTAACCCCTCCCCACGACTCTTACTTCTGATACTTGAAGCGGCAAAGTGCGCCTCTTTTCTCCTGCATGAACGGTCCGCGAGGAGCGCTAGGGCTGCTCACCCGACGTGTAGTCAGTTAGAGCAGACGCATAAAAACGTTTCATACCAGGCCGCCGCATTAGCACTGGTCTATCGCAATAGATGTAATCGACAAGTCACGAACCATAGTGTGTGTGCGAGGGTGCGTGGGGTCTCGTCGAAGACGCGCTTCTGTATGCGATTATGAACAACCAAGTAATAATGGACGTGATTACGCTTTTTCTACCTTGTCTCAAGACTGCGGACAGGCAGAGGCATGCACGTAACTCCATATCTACGCTGGTCCAAACGGACCGGAATTTGATGACTACATCGAACGCGATGCCCGGTGGGAGTGGCAAAAGACCTACATAAGTGCTTCCGAGACCTATCACGGTTAAGTCGGGGCGCAAGCACCCGAGGAAACAGCTCCATTACTTTCGGAGTTTACCAGGATACTCTGTACGACGAGTAGGGACGCAATTAGCGAGTAAATTAGGCCGCCCGATCTCAAAACACTGCAATATATCGTCGATTGTCATTTACTCCGGAGGTCTGAGTGGTTATGCAGCTCGCTACTGGACAAGTCGACGTCCTCCGGTGTTGCGATTTTGGTTTGGGTCTGGAAGTATTATAGAGTAGAACGTGATGCCTTTGTAAAGGCGGTTCATTGCTGTTCTATATCCAAAATCCTTCATTGTCGTAAGAGTTATTACGTTTCCTTTCTACCCCCATGTTGCGTCGTCCTTGGGCGTTAAAAACCGAACTATGCAACGGAGTATATGAAATGTAAACACGAATAATACAGTGCGGCCCATTTTATAGTTGCGTTAGTTG,1684,49.64,Escherichia coli
SEQ_899290,CGCCTGTGATCGAATGGCGATACTCTAGGGGCTTAGCGGAAGACACACGAGCGCTATTCACTGTTGTATCCGTCATCATGAGTGCGTCTTATTTACCCTCCAGCCCTAAGAATCAATATTTCCCGCATTAGCAGCTCGCCTGATGGTTCGGTTTATAGACCGAAATGGCTGGTATAGAGCCGGGATACTGGAATGTTTGCACTCTTTCTCGAGCAATGTTTCTGGTTAGTTAGATATGTGCGATGGACCCGGACAATCCCTTCAAACTTAGT,272,47.79,Drosophila melanogaster
SEQ_251025,CGAACTTATAGTTGCGTAACGCGCTACCCACATCTTCTGAGGCAATTAGCCATAGCTACACTTTATTCCCACGGAGACGGAGATCTTCTTGGGGCCGATTTCTGTACGGATTTGAATATGTTTTCTGAATTAAGTGGATTATACTAACTGAACGCTCCACTAGCCCTGAGGTTAGTAGACTTTTAGGTCGCGCTATAAGACGACGGGCATGTTAATCGAGCTGAGAGAACGCGTTCCCCATGATAGTGGGTGTGGATTAGTAAGAATGGGATTCGAACAAAATGCCAACCCAGGCAGACATTTTTAGAAACTTATTCCCTGCGTCCCCGGACGCCTTTGGGTTGGATCGTACGGTCCTTTGGTTGGTGGCTCTGCGGTGTTCAGAATCTGGTAAAAGTTATAACCTTAACGTGCGCGCTAGTGTGAGGAGGTTATTAATGCCATATGTGCTCGGACGCACACGGGACTATCCATAGGGAAAACCCTCGCATGAGACGAGAGGGGCGGCCGTGAAACGGTTCTACGCTCCGATTACATCGATCTCCGATGAGGAAACACTCTACACAAAGATCCGCGGGTGCTTCCTGGCAAATCAAGCCTACTGCGGTTAGATTCCATGCGGATCAGTTGAAGGCGTCGTAAGCGTGAGCGTCTTATCGACCCAATTTCAGGTTTTGAAGTTGTTGAAGATTTCTCTAGGAGAGCGCGGCGAGTTAACACTCGCAGGGAGGGTTTGTGGCATTAGATTCGGGTGCTAATTAAATCTTGGTATGGATATGACTAGAAGGTACTCCCACGTAGCGGTCGGGCTAACCCTATCGCTAGGAGCTTGCGTCGTAACAAAACAGTGTATTTTCATGGCCGCCGTCAATGAGGTAAATCCACGCTAGCAGACCCCGTTCGTCGAGTGACATCGGTTCATCTGTCTCTATGGTTTCAGCCTCATCTAAACGCCTAAACGCAAATTTTCTCGAGTTGAAATCCAAAAGACATCCCGCATTAAGAAGCACTGTTGACACGGAGGTGTAGGCACTAAAATCTGCGCGCCCCTCTGAGTCTGGCTTGACCGCCCCAATATTCGTTCTATCGCGAAGCACTAAACTATACTACTCCATCCACACACCCTTCCTTCCCAGGCCATGCTGTCAGTAAATAGCTGTCCTTCTTTATCGTACAGAACGCACCTGATCTTAAATGTCTGTCTAGTTCCCTTTCGTGTGTAGCTAGAACACCCCGTCCGCAAACCAATGAAATAACCGCTTCTACTACCACTCGGGTGCAGGATCACCTGCTCCACTAGGCTTCGAGAGGTCCACAACGGAAGAAGGCTATTTTGTGTCTATTACCCCCGTCTCTGAGAAATCGGGAAAGCAACTATGAACAAAGTTATGGTGGTTACATACCAAATCGAGGGTGGAAAGGCGCCAAAGGAGGAGTCGTCCGGGCGGTGGCCCACCGCGGGCCCAGAGATGGGAGCTTGTGAGCATACTGTAGATCGTGAGAGCGTGGCCCCGTCCGTGGTTATTCGGTGGGTACTACGAGGGCGGCATGAGCCGTCTGCTTCCATGTCGTCAGCAGACCAGCCCTGTCACAAACCAGGGGGACTCAGGTACGCCGACTTTATGACCTGGTGAACGGACTATGGACTAATTAGGATATTCTCCCGACAATTTTAGGTACTGGCGAGGCCGATACGTCTGTAGCTATATTCTGGCCCAACTACGATTACGGGGCGCCTTTGATGTCTACTGGACGCACTGCAACGGGCATGGAGCTAATAGTAATCGCAACGTTGACTCGTGACCCGCGGTCAACGCGGTCCGTGACCGAGCTTAATCACCTGTAACTGATAATCCCACGAGGACCAACCTCC,1873,50.51,Mus musculus
SEQ_931444,TATGGCGGCCACTCCGAGCATCGTCTTATATGATTACACCTGTGGTATTGTACATTCTCCGAGGTTCCAAGGTCATCTTAGGCCCTGGCTCGTTCCCGCGAGTAATACCGGAAGGACTCACTTCTTCGGCAAGTTTAACTCGAATATTTCATAGTCCCAAATAGACCCCGCAACCGATTGTCTTCATATTTATATAATGAAGTTATGGAGTTTAGAATTACTGTGTTAATGGAAATCGGTAGTAGCGGTCCATAACGCCCGCTCGCTCACCCGTATGAAACAGGTACAGGTTTCTGATGTGGATTTTCGCTGGGGTCGGTCATGGCTGGGGTCGCCGATTACCAATGAACCGTTCCTTCTATCCGCTCACTTGCTCGACGAATATAGTGTTCTCGCTTTGGCCTGGGCTCGCCGAATGCATATGATCCGAGTATACATCCGAGGTGTCACCATAGCACATTACCACCGTGCCGCCGTCCAAGCCGAGTGTGTTTAGTCTTTCGCACGCACAACGTTTATAAAGTGGCCTGACTAACAAGGTGTGTCAGGCTGAGCCATAAACGGATCAGGCTCATGCGTGGGTCGTGCCGCAAAATATTCCCTGCCAGCCTTGATTAAGCTACCAGCAACGCCTACAAGGTACAAGCTTTGTGTGCCGCTCAGTAGTTTTAATGATAGGCGCAATCGCCTAGTCA,695,49.21,Arabidopsis thaliana
SEQ_820380,AATACTTCTAATTCCTCCAAGCAATCCGACAGTCCCTGCAGTATAAAGACAGAAAGGTTGGAGATTGGTGGCTAGGGCCGGTAATTTGTAGACTATGAGAAGGAGGGTGTTGAGACTACGCAAGTCGATCCTCGTCGGTCAGCTAGGCTTTACCAAGCCCGGTCGAGTTCCTTTTAGGACTCCGATCCGGATTACTACGAACATGCTGCACCGCCATTCACCAGCTTAATTGTCTACTGAGGATTCTTCGTGATTGCAGGGACCCCTCCCGGTGAACTTTGCATTATTCTCACTAACAATATATAGTTGGATCTCCCTTAAAATGCGTTGGCTTGGTAAGGAATGTTATTCAAGGGCACGGCTGAAGTATGAGCCACCATTAAGGTGGCTACTAGAGTACCCCCGCCCCCGTGACTGGCCATGATCGATCCGCCTAGTTCGTTCAATAACGGCACTTACCGGAAGCTTTTGAATGGTGGATCCAAAGATAAGCATTACCGACGCTCGGACTTTTTGAGGCACCTCTACAGCAAGCCAGCTTTCATATAGCGGATCTTAAAGCCCGTTATTCTAGCGATACTTGAAGCACGATCTGGGAAGATCATCCGTTACCCTCGAGAACAACTTGGGCTTGTTGATCGGGGGCTTTAAGAATATTTTTCCGGAGTGGTGTAAAGTGTAGCAACGAAAGTTGCTCGCTTCAAAGAACCTTCACGGCGATTCACATCTTTATCTATGTTCACGTCTTATGCAAGCACCCCTATTAAGTACACGGCGCGCTGAGGGTGCATGGATGGTGTATTTAGCTCCCCTCGGCTTGGAACAATCCAAGAGGATAGCGTATAGTGCGATTATTTGGGCCACTATTCGCTCATGGATACTATGGAAGTGGGAAGGAATCTTGTAAAAATGTTACTAGCACGGCACCTACAATGGTCCTTCCTTACCCGGTACCGCACTCCCACCTCTCTATCTGCCAGAATGCATCATACCTCCCTATTCGTCAGTGTAACGATGCAGGGAGAGCCATCTCTAGCCCAGGTTGGCTTGAGCTTTGAGGACTCTCTTTCATTACTGACTGCGAGACTACTTATAAAGTTTAATCGATGTAAAGAAGCGTTTCGAACGCGAA,1132,47.61,Arabidopsis thaliana
SEQ_309077,CGGGCGGTTCACAATTGGCGTGGGGAATTAGATAAAATAGCATCGTGACCCTCTCACTGAGCTATGAACAGTACCTGGGTAAGGTTTAAGGGGATGATATTTGCTTTGACAGCATGGCGAAGTCAAAACTGTTTTCATCGCGTGAGGTGCGAGTGCCCACACCCGGATCACTTGTTGGGAACTTGTTCCCACCGCGGTGGGACCGAGCTTTTGAAGTGCATTAACGGGAGCTAACATAAATGTGCA,246,49.59,Homo sapiens
SEQ_130121,CCGTAAGGAAGGCTCGGATCTCTAGGCGGTTGCTCCATCCTGGTTGATATGATGGACTCAGCGTGCGGTCGTATCCATGCAGAGTGTTCCTTGACCTGGTCCTCCTTCCATAGCCTTCTGTATCCGCCGGACGAGTACTTAAACGCTCTATTGATGACAACGGCTCTGTGCAATCGATTGTGGAACACTTCGCGACAAGCTACGGGCCCATCCGTAGCTATTCCTAGGGGTTGGATGAAGCTGAAAAGCTGGTCTGACTTGTCGAACTCGTAGGTCAAGCAGTGCACCTGGCCGACCTCCTATTGGCGCTTGGAACCCAGGTGTCAGCCACCATTAAGATGCGGTTGTCTACAAGGCCTGATTGACCGACCTAATGACGAATAAGATAGGTAACCATCACGTAGAGTTTATTTGGGCCAACTGCTGACGCCACCAGGTTACTCACTTGCTCCATTGTACGTCCCGGCTGTTCCCACTTGACTGGTTTCGCGCGGGCCTTGATTCCGGCAAGGTTGTTGGAGCGACGGCCCGCTCCCACTGTAGATGTATGTTCGTGACTGACGCCGTAATCCGTGACCGAAACGTCGTCCGGTCTTTACCAGCGGTAGTTAAAGACCTGGTAGGGCAAGGGGGGGCTTCGTATGCTTCAGGGACCAGTTACTCTATTGGGGCGTAACAGCGCATCAAATACTGCGCCCGCTGTGAGGAAGGGATACGGGCCAAAGATGCAGCTAATCCTGACGGCAAGCCCCCGATGCAACCTGTAGGAGTGGGTGAAGGGGCACGACTCGTCACTTCATTGCGTGTAGCCTTTGCGTTGATATTTCCGATGGCCTCGTTATGAGTTCCCCTGAGCAACTTTAGAATAGAAATTTTCCGGAAGCTGACGGGCTACGTTTAGGGGCCGTAGTGGTCTTAGTTACCTGCGTGACGCACAGCTTGAGTACCACGGCCGATTCTTCTCCGTCCCCCACAAGTTGTAGCACACCCAGACGCTAACCATGTCGTACACATAATCAGACCTCAGCCTCGCTTCCTCCCGTCCCTCGCAGACGCCTTACGGCCTATTAGTAAATGTGGAAACAGGGGAGGCGATTCAAATCACGCCACTTGGGTCGTGTCTAGCATTCTTTGTGCGCACTAGCTTACAAGTTTACCGTGGAACGACTCTCACGAATACGTGAAAGGTATAGATTTTTCATTTCTCGCGCCAAGTCCAAGTACGTCTTACACTCTGTCCGTGTAAGACAATATATCCAATAGTTCAAGATCAACCGGGGTTAGCGGAGTGAACAGTTAAACGACGTCAGAACTGGCAGTCTTAGCAAATTGTCGATCTAGGCCAACCATGAATAACAGAACCTGAGATCAGCGGTCCCACGTCGGTGAACACCGTTGGATCCTGGCAGGCCGGGAAGTTATTACGCATACACCACTTCAGTAAGGAGTTTGCGGCTAGTTAGGTATAGGAAGTTTCCTTGAGCAAATTATTGTGAGACGTGGGCTAACGCTAGACGATCGGCGCGAGGTCGGCTGGAGCGTATGTAAAATTCCTAACCCTGTTTATAGGGTGTCATGGCCGGAGGACATATCAAATTAGCATTGGTGTCTTGCCCCCCTAGACAACAGGCCACGGGCGCTATAAACAAATGAGGCGACCAGATTGATGGCGCTTACACGCGAGATCGAGACCCTTGTTAAATAATTGCGGTGATTTTAGTCACGCCCTCTAGTCTTAGTGGGGTAACCGTTTCCTTAATGTACCGCCTTTCGGATGAAGACTCGCACCTCCTCTCGTCACGCCTGTGTGACTGTTCTCTAAGGTTCGGTAATACAATGACACACAGTCACCGTGATTAAAAAGGCCGAGGGGTGAATGGGCTGGATGAGATTGTGCGCACTCGTCGATTCCCCTCATCAGCGTTGCGCGCGCCTAATGTATGGGAAGAACGTTGCCTCCAGGCCGTAT,1969,51.9,Caenorhabditis elegans
SEQ_462366,AGAACGAGTTCATCCTCAGCCCGGGGGCGATTACGGTACTACAAGACCACCTCACGAATTTCCAGGAGGCGATCCTTTGTTGTTATACGGGAACGTACGCTTCTAGCGCCTCTGCCATTGACACAACAAACAGCCCCGGTTCACATGCTTCGAATGACGATATCTAAGTCGCGGTTTCCTACGGTTTAGTCTAAGCCGGGGCGAAACATGTGCGGATGGTCTTTTCTAGTGAGGCTCATTCCATTACAGGCTAGCGCCGGGCGCAAAAGCTGAATCCCAACAAGGAACCACTGGCGGAGAGGCCGTGAGTCTTGGGCGAGGAAAATACCTAGATAACGTATCGTAAATGGGAGGGTTTACTCATTTTACGTGCCCTTCCAGGCGGATGGTTGCCAGCTAGGTGAAGCGTGACGCCGACCGTCTTCCTACGCACAGATAGGGTACGGGTCCCAACGTCGTATATCCTGTAGAGGCTTTTGCAGAATTAGTTCTTCTACCAGATGTGGGGCGGACGCAAA,518,52.51,Homo sapiens
SEQ_701757,AGATTGACCCCCAGTAACTGGTGCGCATGATTGCAGCGGAACGTACGCGATTCGCATCGACCGGCCAGGGAGTAGTAAATAGTAACCCCGATCATCCTTTATGATCCAAAGTACCGCTGCGTAATAAATACACACGCAAGGATAAACATGGCATAGGACGCGAACAGCGGGTATCGCCTTCACCTGCCAAGAATCAAATGAGGGAGCTAGTACGGTTCGTGACTCGTGCCGGCTGCCCCCCTGTTATTTAGCCGCCCGTCCCTGGGGCGTGAACACCATGGTCCTGCCAGCGCGTATGCCGATATACGCTAATTCCCTGCTCACTCTTACGATGATACGTTCGTCAAAGGGGTCATCACTCGGGACCCATGTTTCAACCTACACTGGCCGCTTAAATGATATATGGGGATGTTAGACGTAAACCCCTATTGGCTTTTTATAAACATGACCAAGTGCACAAATTACCTGCACGATCTGTCGTCCTAGCCTACCCCCCATTACAGACTAGTTACTCTAGGCGCTCGAGTAAGACGTAGATAGGTGTTCGACTACACCGCATTTGTAAGTCGTGCGATCAACAGGTGTTAAGATGAATGAGGAGAGAACGATCTAAGTCGGAGGCTTACTGCTGGGGATTTATCCTTGCTGGTAATAGTTCGAATGAACAAGTTGATGCTAGCTAACTACAATGTCGGTGCACATGGGGGTTCGAAACCCTGATTGCTCTTGAGCCATTATGTAACTCCAGCTCCTTAGCAGTACGAATAGTATAGTATAAACTTAGCGGTATTCTTGAGAGCCTTCGGACAACTCGTCTAGTAATTCGTCTGAGACATTTAACTAG,844,48.34,Escherichia coli
SEQ_336507,TAGCGGAGTTATCACACGGTGCGGCCAGCATGTGGGTCTATTGGATATCCAGTCCGCTACAGTTGTTCCTAAACGACAAGTATGCACGTACCTAAGTTGGGTTCTCTATATAAGCTAGCCTCTGAACTGAGTTTAGACCCTTACTTGTCTATCGCGGGAAAACTCGCAGCGGTCGAGTGCTCTCCCCGATCCAGAAGGAATCGGCTATCGCGAACACTCATAAGAAATCATAGTGACACCCCTGCGTGTTCACGCCTTTCACAGGATAGGACTACGAATAACATGCCTGAGCGTTCTATCGATCTAGGGAAGTCGTTGGCTGGCCAGGGCCAGCAACGGCACACGGTTTATGGTCCGTTCCCCGTCAGTAGCAGACCGTGGGGTAAGCCAGCGTAGGATACAACCTCCAATCGATAAACTGGGTATAGTACTGGCCGTCCGCACCGCATCAAGGGCGTTAGGGTTGTTTCATTGGAAGGTGGATGGCCCTGGCTACCGTATCCGAGTTTCTGGGGGAGGACCCAGTGGCATCTGTAGCCCTCGGGATTGAACATTGTCAGACGTCTAACGGCCAAGGTACCCGATCTAAGCTCAATACTGGCAGACCGTGGTAGTGGTTACAGCGAGTGCAGATAAGGGGCATTGGATAATTGGGGAGGGGTATCCATTATTGAGGACCCGTGGGCGTTTCCAACTCTTTACAGCCTCTGGCGTCTAGAGAGTTACGAGCTCGTTGTTAGTCTACATTTCTAAAATACCCTATCTCCCCCTGGGAAGGTTAGCGTAGACTGGTCTGATTACCGCACGTCTTAGAAAGCGCGCGGGCGAACAGCAATTGCCTGGATCACCTATATGTACAATGAAGCTGGTATGGTCCATTCAAATATAAGCTAAATTTGGTGGTATGTACGCCACTCTACCAACAGGGGCCTGGAACCGTCCGTCCGAAGTAAATAAGGTCGTCATCCAAGCTCATTACACTTCCCCGGGTTATCTGGATATAATCGACGCGATGGCATTGCTATTCGAAAGAACTATCTACTTCATCGATTCGAGCATTTGTGGTAGGAAGGAGCCCTTAAATCTGGCCCCGAAGAAGGGGATGGAGTGGCCCACAGGGTGCAAA,1126,51.07,Saccharomyces cerevisiae
SEQ_101440,GGGAGATAACTGCCCTGTGTGGCCCATGCACGTAACTCCCATTCGTGCTCGGGGGTATGATACCATATCTTCCAGATCTGGGACTGAAGGTTGATTTGGGGATTGTTACGCTAGGCCTTACGGCTGCCTGTTGATACACAGGTATGCTTTAAACCTGGCTGGAAGGGTACTCGGGTTCCCTGTAAGCACTGGTCTAACCTAAGTTCAGTACCTGCTATATGGTCGTAATCTTCCTTAAACGGCTGACAAACGTCAGTTTTTTGGCTTAGATGGATATAGCGAGAATGAGGGGAGAACCTCGGGGCGTTAAATTCCACACCTAGCCTCCGTCGTGGCTGCCGTCGAACGAGTTCGCAGTTCACTTACGAGCAATGGGCACTACTAATCGTTCCAAGTTTGGTCATTTATCGAATGGACAATTATTAAAGCACGTCGACCGCTAACCGTGCTATATAGGTCTCTGCAGCCCTCGTCAGGGGATTCCTGCACGCATGTGTATACAAGAGAACAAAGCACGAAGCAACTAATAGCTCTCGGCCTCCCACTCCGAACGTATGGTATTTTGGATAAGGACAGCTGGCAGTTAAACGCTCTTATACCGATTCTTACTCAGGATATCAGATGTGAACGGGCTACAGTGAGCAGGTGCCTAAACGAAGACAGTTGCTTCTGTGGCTGTATGCAGGCCAATAAATTCAGGAAACGCGCTGTAAGAATAATACAAGACAACATGGGCTTAACGTCCATGACGATGCCTAAGCATCCGGGGGTGTACGCCAGAAAGCCCAACGCCTGGTCTAATTGTTGCCTCGACCGCAGAACAATCCAGACCGGTACCTCGATGATTTGCCTGCATTCCCGGGGGCGAGGACTATATGTCATAAAGCTTCGACGGTAGGTCGCAGCGATAGTATCTACGAGGAGCAAGATTAGAAAAACCACTTTGGGTCGCCACCGCGATGATAAACAGTTATAAGAGTTATCATTTTTTGACCCCTTATTTCTCGTCGGTAATAGAATGCTTATCCACATAGCTGCTACGTTGCGGTCATAAATGTTTTCTCAACCATTAGACGCTACGCTGGAGCAAACGACTCCCTGGTCACCTACACAAGCTTGACAAATCAACTTGAGCTCACTTAGGGTAATGCTCGGGCGCAGGCGCTGGTCGCGCACGACGAGCTATATCTACTCGAGAATTGACGCTTCTAAGTCTCTGTTACGGAGTACCTCATAGATCACTTTTGAACGGCATCAACCCAAAGAAACTCGAACTAATCTATCATGCCGCTACCTTTGCACCAAACTGACAAGCGCGCCACTGCACGCTTAAAGGCATGAGGCGTCCTTAATCTCCCCTCGTGCAAGTCTACTGGCGGACGAAGGCATTCACTGGTCTATACTACAGGCTGCTTGTCGCCTAACTACAACACTGGCGATTTAGAAGATATTCTTAAATTAAATTTCAGACTCCAGGATCCTAAGCCGGACCAAGTGGGCTTGACACAAGAGCACTACGCACAAGGAGGTTACTGAGTTCTAGGGGTTCACCGCTTGGAAGTGTGCCGCAATATTAGTCTTGTTAAGCGCCTACAGTACGCTGTGGACGGTTAGACCAATGGACACCCCGCTTCAGTCGTATCGAGACTGTGAGTACCGGACTCTGCTGTGCGTTCCATAGACACTTCGATAGGTGACCGTAAAATTCACTTCACCCATTTTTTACTGAGTCTTCGTACTCCAGTTTCAGATTGAAACTCATAATCAATGATGGCCGACATTTTAGCCAGCAGTCGGCACATCCGGTAGTAAACTAAACTCTTGGTGCGCAGATGAGGTTTGGTATTCGGGATCGTCGCGAGAGGCTTATGCGTAA,1876,48.51,Arabidopsis thaliana
SEQ_355927,CGCAGTTAAAGTCGCATAGCGAATCGATCCGTCTGCGGGAATCGACGCTAAGTGCATGTGTACTGAAGAAATGTTAAGTTTATCGTAATATGGCTAATTTCGTAATCCATGAGATGGTAGTCGTAACAAGCAATGATGATAAGGGTCCCTTTTGACCGATTAGGTATTGACTCTCTGCCGGGACTGACGTTGCGGGAACTGATGTGGTGTAACCTGGGGAGGTAAGCCCATACATTGATTCGCAGGTAGCAGAGTGTTTTCATACCTGTATTACCGAAGAACTTTACCTACCGGGAGGAGTTAGTCGCCGCAAACAGTGTTAACGCTTCAGCGACTGCTCGGATCCTTGACAGCCTCACCAAAAGTATACATCATCTCGTCCTCCATGCTTAGT,394,46.7,Caenorhabditis elegans
SEQ_500094,CCTTCGGCTTGAAAAAAATACTTTATTAGACCCTGACGATTGACGCACGGATTATCGCACGTGATCAGACGAATACGCGTGCTGACACGTAAAATGACGTGTCTTGTGCAAATAACTCGCGGCCTGATTCAATTAAATCGTTTTCTCTATATACTAGGAGTATTAGCGGCCCGCCCAGTCTGTATAAAATATAGTTCTTTGGTAACCAGCAGATTATCCTCGTTCTTAGCGATATCAGTAGAGCGGGGATGCTATGGTACATAGATGGATGAGGGAATCAACTTATGCTATGTTACTCACGGCCAATGTGCGCCTGTCGAGTTAAGTCTTTTATTTCATTTGCTCG,346,43.06,Homo sapiens
SEQ_335977,AGATTAATCTACTACTCATGTTCGAGCTCAGCATATTCGGGCGCGTTCATACTAATTAACCCGTCGTGATATCACCCACGGTACGGATATCACCACCTCCTCACCCGTTTGACTCGACCTGGGTTATCGGTTCCTGTCTTATGTGATAACATATGATGCGTTGGCAGATAAGGACGCCAACCGCGATGGGGTCTGAGCACTTGCGAAATAAGCCGTCATGAACGGTAGCGACTTCCCTACCCCACCACATACTAGATGGATCAGTATCGTGAAGAGGAAATAGAGTTTTTAGACTGCCGAATCTCTGCGACTTTGTGAATCGATGGAGAGGAGTCATGATTCCAGTTGGGCACACTTGAACAAAGGTTTCTGAGACTGTAGTAATACGGAAGAATACGCGAGCTCGGCTAGGAAAGTTCAGTTACGGCCCCGTATCCATCCTGAGGACTGATACGCCGAAATAAGGTACCTGTCTGGCTATAACATACGCCAGCGCCTACGGTCAGAGCGGAGAACGCGATGATCTAATTGTTTACTTCTGTAGAGAAGGTAGGAACCTCAATGTGCAGACCTCGTTGGAAACGCGCTCTATTAGGGAATGACTTCCTATTCGGCACTGCTCTCGCATTGCGAGCTCCGCTTGTTGATGCGTTAGTGATCCAATAACGGATATAACCCTGACTGGAGCCCTCGTGGTTTATTCTTCCACCGAATGATTGCTCATATGTTCTGGCAGCGCGAGCGTCCGCGCTGCGAATATGCTGTAGGGACTTAACGCCGCATGCCCGTTGTACGTATTGATACTACAGCTTCGTCCGCGTCGACATTCGGGCCTGCGCTTAGAAGGTACCGAACACACTCCATGAGGTGGGTGGTACCAGGTGCACGCCTCGCTCCATCTGACCGGATGAGATTAAGGGCCGTCTTAGCGTATGCTGTAGCCCGCGCAGGCCGGATTTGTACAGTCAACGACAAGCTGCCCCAGTCCGGTTCCAAACTATAGTCTTGTTTTGCCATATTCGGTGCGGTCGACGTCCCACACATTACTTCAGACAGCAGAACACTAGTAGTTAGATTGATCAATAACCTCTAGTGTTTTATCATATCCCCGGGGGTCGAACATATGACGAGGCTGATTCGAGGGATGTAGCTTCCTCGGCGCTCGTGTAATAGAGCACGTACGTACTCGTTGTAGGCATAATGCTGCTGGTGCGCCGCATTTGAAGGGAAGCACCTCAGTCTTTAGTAAGCCGTAACTGTAAATGTGTACGCCCGTTCAACAAGGGAGTGTCCCCTAGGGATGTGTGGAATGTGTAGCCAAGGTAATGAGATCTCTTCTAACCTGAACGAAGGCCTCGACACCCTTACTGGTCAACTACCCTGCACATATCGCCCTATCACCCATACCGCCAAGAACGGGCCGTGAATGTCGTCAAGATCGAACTCTTAGTACCGATGGACCTATAGTGGGTTTCAGTTGTCTGATCTTTGTCCATACCGCATTGAATACTGGAACAACCTTTTCTACACGAGTTTTTTTGACGTCGGGAGACTCTGGATCCCACAACCGGTATGGCGTAAAAGGGGTAGTTCGAGAACCGGACGGACCGTAAAATCTACGAAAAACCCTTCGTATAGTCTGCGCATCTGGTTGACGGACTAAAATCGATAACGGT,1676,49.94,Saccharomyces cerevisiae
SEQ_757919,ACTTTCTAGACCACTGACGCTCCATGGATCAGTCATTAATCCCTATTGGGGTGAACTTATAACCAAGCTATCCCTAGCGACACGCCTGCCGCGCGACGAGCTAACGCTGGGCCCATTCAATCCGACTTCTGGTGACCTACGTGGTTCGTGGCTGTGAAATCTCACAATTGTCGACGAGTGAGTCCCCCGCCCACAGCCAGCTGAAGTGGCACTTTTTGTAGACTCGACTGACGCTGGGAATTGGTATGTAGAGCTTAGTCCTCTTGTAAGGCTATCCCTTGGATCGGGTGTAATACGAACTACTCAGTAAATTAGTTTTGGGAGAGTTCTCCATAAGCTACACCAGTCGGCCATACTGACCACCGCCCTATGAATCGGTGCGTTCACCGCACATAGCGCGGTATACATCTC,411,51.34,Escherichia coli
SEQ_797477,GTCCCATCACCACATCACCTTGGATTAGGTGGCGGATAACCTCTTCAGCTCGTATTCCTTGTACACAGTAGAGTGCCCGACCGGCAATCTTTCTGAAGTTGTGGGAAGGATGGTGATGTGATCCTTAAAAGGGTGTCCCGTCTCCACAAGCCGAATAGAGCTTTATTCTGAGCATCGCAATTTGACATTGCTTACGCCCGACACTTCATTTCGACCAACTCTTATGGAGGAGACAGCATTCATTAGCGCTTGCTTCGTGAATAGCTGCTACTTCGTGAGTGAAGAGGTCTAATTGGACTGAAGTCCCGGATATGCTGCCCTTAACCTGAGCGCAGTATTGGATGGTGCTAATATCCCAAACGAGGAATTGTATTGTTTCGGAATTGTGGTACCCAATTCAGAGATCCACCACCCGTACCTGCAGTTAGTCGGATTTTGCGTGCTAGGGAATATCTCAATCACCATACCGCGTAAAGCCTGCGTAAAGACCCGGACGAAATACTGAGATGTAAGCTTTCGGCAAAGCCGATGGGGTCACGAGCGACTTACGTCCAATCGTACGATCCTAATACTCGTCGGAATGGGAACGGTTGGGGATCATTTGTATACCGAGAATCGGACCGCAGAAGCTGAGCAACGCACGTGTACAAACGCGTTTCTGTTCCGGCGTTATCTCCCAGCCGTCCCCCAGAAAATCAGCAGGAGTCTCTTCGGGACATAGCAGGTCAACGGTGCCCTATAAACAAATCACGATCGGAGTTCGGTGTGTTACAACCGCCTCCCTCGGCTATGGGCTGAGCACACATCTGCCGAAGTGCTTTCCGCATGGGAGTGGGGAGACTTGCATATTTCAGTCGCCCGGATCTGTGGTCTGGCTACATTGTAATCCCTATTAAAATTTTATACAAACGCTCAGACTCGGCTAAACTTCCGAGTTCTTAACGCTCTACGGTGTGAGTATCCAAACGAATGGTTGAGGCAGCCCCTCAGATAAATAAAGGTAGCTCACGAGCTAAAGTAATAGTGATTTTTCTTGACTCGGCCTGTCATTAGTGATCAGGCGAACCGGTTGAAGCAAATCCTACTACCGCATGGGACGGCACGACTACCACCATTGATTAAAGTTAACCCTGGTCATAGCAAGCCTCTACCCAGACAGGTTCACGAGATAATTGCGCCGAAGCTTCGCGCCCCCGAAAGTTTCGTGCCCCAGTGAGCAAACTCGAAAATTTAACCTTGGCGGCGTGCTACTGCTCTCCCGTGTATACTTACAGCTTTTGCTCTTTGGGAATCGTGACAACTCTTACCGCGAGGTTCTAGGTTGCGCGCGTGCGAAAGCCGAATACGGCACAATAGCATAACCATTCATATTCAGTCAAACAATCACGGGCAGATCGCCAGTCGTACTGCCCAAAACGTATACTCTACCGCTACATGGGGTATGCAGCAGGCAGAGAGAGGAGCTGTGGATTGAATTATAAGCCAAAGTATCATTGAGTTTTGTAATAGGTGATATACTGACGGTCGGGACGGAGTCACATTAGCAGATGTTTCGTCGATTGTACAGTGACGGAGTCAAGTGTTTTATAGTAAGTGCACTTGCGAATGCTAGACTTTGGAATGGGAAAAAGTGGTTCAGAGAGGTTACTGTTTGGGTACCAAGATAGGGAAGAGGCTATCGAGTGCGCATCCCGTACCTATCAAGTACAAGCACCTGTACGTCACTTACATCAAACGGCCGGTTAGAGCCGGAGCGTGCAGCAAAAGTTGGGAGTGTAAGCAATATTGGTGTGGGTGTGGACGCTCTCTAGACCCATGTCCCATAGCATCGGGCCACCGATAGGCGTAACATCGCGGCCTTAGCCGTACCAGACTGCTCGCGTTTCTATTTAGCACGAGTCTAGGTTTGCTG,1912,49.32,Saccharomyces cerevisiae
SEQ_687600,CTGTTTGCCGAAAATCAAAAAAAGTAACTTAAGCCAGAGCGCCATCAAGGGCCGCTCAAACCTCGGATTCTTAGTGTTGGCACTATCACTAGTGCTTTTACAGTTTCAGCTCCATACGGCCGATGAACAGAGAGACGCGTAACCACCATCCGTGCTCGAACACTAGGACCATCCCTGTTAGTGAATCCCTTTTTACAGAGCCCTTGTCTGATACGGGAGCCGCACCCCCAAAGAGCGGGTACACCTCACCTGGTATCAGGCTGTATTCAGCCATTGCATTATGTCGAAATCGGTTCTGGTGCGTCAAGACATTCCCCGCGAGGCTGCGTGCCGCAAGCCACCCGGAAATCTTTTTGTTACGCACAGTTCCGGGCTCACTGCGTCGGTTGTTTCACAGCCTAATCCTGCCTGTGCATGTACTTGTAACTGAGTCACAGTGCCGCTCTGTTACCCTTCACGTCTCGGTTTCCCGCTACTACTCTACTCGCCCGGTGCACGCATATGGGTCGCAGTGTATCTAACGGCGACAATGTTCGACGCTGGAATTTGGTGCTATGTGCTCAAGTCCTTCGGCAAAGCACAGATTCGCTTACAAGTCACCGATTCCCTCAGTGTCTGCTTAGAGAGGGGCACTCTTACCGGTTGCACGAACAGCGTTGTGGACCCGGGGATAAGCCCCGCAATCGTGTATGATCGCGCGATTAGCGCGTACTATTGTACAGATTTTGGGCCCCTGTCTGTCCATGGGCTGTTAGATATAAAAATACTTCGCA,773,52.01,Escherichia coli
SEQ_435880,GAAATGTCAGCAGATTCCGGCGAAGCATTGGTGGAGGGAGCGCGATCCCCAGTTGATGGCGGCCGGTCGATAGAAAAGCGCCTTCAAAAGTACCTTCGCATAGGCTTACCTGACGCTATTCGACTTTCGAGGCCGAATCCGGTGACCTCGCGCAGCCTATAGGGATGAGCAGTGGCCAATCTTGACTGTATGCGCAGTTTGCAATACCCACTAGGTGTTGTTATCTTGTTCGGAGAGTGCCGTGCGCGAAATTCCACCCGCCATCCCCTGAAGCGACACGAAGTTCGTACAGTATCCCGAGGCAGAATCTGGCAGAAAAGCCTTCCGAGATAGCTTCGAGAAGACTGTTTTTCCAGAATGACGTTATCCTAACCGTGTAAATCAGGGATATATCAGTTTCCTATTGATCAACTTATGCTTTGAGGGTAGAACATTGTTGATGTAATAGAGGAGCCGCATGTTTGGGTTGGTCACCAATCTCCCCGAGTACCACACCAGTGAAGACTTTATCTGATTAAGTGTCTCTTAACTCCCAGCTGGCAGGAGAGCGCTGGGCTATCCTAGACAGGAAACAAGTGCGCGGGGAGAGTTAAGTGTTATAACAGGGACATAATTTCCGTGGTCAACCCTTTACATCGTGGAAGGACTGGGGGCACCCGCTGGAAGCTGGTTGTCTGTCTCCCAGCTTGCGGATGGGTTAGCGAAGGGTGTGTGGGTATGCCTGACGGCATATTGAACGATGCGGAATGACTCTCGTCCAGGTTCTTTGGGACGTTAGCTATCCTGTAGTGAACATCTGCATAACAAGGAATAGGGCGTGCGAACGCATGTAATCGAGCTGCTATCAATAAAAATCCTTGACCCGTAGAAACATTTCAGAAAGTACAGTTCGGTTGGTCATGTATACCGCTGACATTAAATAATGCAGGCCCAGCCCTTTTACTTCAGAGCCTCTAATTCGAAGACACTCTCCCCTTTGATGACTATTCGCGAGGTGACCGCGTCGACACTGGAAAGCCCTCGGTGCCGTGAGTACCACTCGTCATTGAGAACAGAGCGGCTAGAAGGGTGATGTGTGAGTTCAAGACACAGTCGGCAATACGATGGCGCAGATACTGGGGAGCTTAAGAAATGGAGGCTGATAATATTGTGGGATACCTCGTGGTGGACTGACTTGTTCTCGATCAATTTATGACCGCGTTGTGAAGTCCGTCTGTCGAACTAAAGTAGGCACATCTCGTACACTGTGAGATGACTGAAGTCTAAACTGCATACGATCCAAGCCCTTCTCTTTACAAACGGGATTAGACCGATTTATAGAATGGGAAGTTTTCCTGCCGGCCACTAGCGCACGTGCAAAACCGTTCTGTTAGGGGTCAGTTTTATTGAGGCTGGCTCTGTTGCGTGCGCACTCTATGGGCATTGATCGGGCGTGTCTTCGTTGTATCGCATTCTAATGACTACCAAAATGACCGGCGACAGGATGCATCCCCCATTCATCCTTCGCGCTCCTGTGTACGAGTATCATCGGGATATCCTTGTATCAGAGTTCCCGGGATCACAGCCGTAACGTTTGGGGGTGTTCTTTACATTGTCATGATGTTCTCGTCGCGCTACCTCGGACACAGGTGTATGGCTAGCAGATTCTTCG,1651,49.85,Escherichia coli
SEQ_735166,TCGAGTGCCTAGCCGTCCTCGATATCATGTCCTTATGAGCCCAGTTATTAACCCAGCGTCCGACCGTTGACACTCAAAAGGATGTGTATGTCTAGTATGGTACTGGCTTGTTTGAAAGGGAGCGGCATCTAGATTGCTAACGATTCGTTTTAACGTGCACGCGATGGAAACGACTCATCTCTTACATACAATCCTCAAACCGCGCCTGGACGGTCGATTCAGGTCCAATATTTCAGTAATGCATTTCATTACAAGGTCCATTGACCAT,268,46.27,Escherichia coli
SEQ_515039,TGTGGTAGCCGGGAACGCCAATTGAGACGGCAACCAGAATACTATTGTGCTTTATCTGTCTCGTGCGTGATCGCAGGTTAGATTTTTCCGATCTTACGAGACCACGCTGCGCTATCCAGCGCAATCGTCGTTCTTGGAGGCTTTGTCGCATTAGCGGAGACCTTCAATACGGAAACACTGAACGGTATCTAAATGGTGGAATAATGGTGAGGCCGGTATGCCAAGATTTGGTCTGGAGCCCCAGGAATATAACCGAGGTGCCGTCTGCTAAACGGGGCTTGGTGTAGAGCCGGCCCCTCCATTTACACTAAGCATGTTATAGATGATCAGTTCAGATGATTTAAGCCAGCTCATTGATTATGTGTCATATGTACCGCAATCCATAGAGTCCCGAGGAGCCTTTAAGCGGCCCATGTTGCAGACCAAGACTAAGATGGGGACTTGAGAAAGTGACAATATGGGTCGCCGGCTGTGCAGTGGACAACTACCATTCAATAGGGGGGCTGCCCCGGATTTGGCAGACACAGCAGAGATTTCTTAATAACCTGCCGGGTACCACATTT,563,49.73,Homo sapiens
SEQ_346106,CACCTGAGAAGGAGTCCATGCCTATACGCATTCCGCGACGTCCGGTCGCATCATTTCCTCATTTTACGCGAAACTAACGCACAGCTTGATCTAAGTTACTCTATTTCGCAAGCTGCTTGTGGCGCCTGTTCAGTACCCTGGCGCCTCGAGTGGTGCCCCGGAAATCGTCCTGTAGCTAAGTTGGGGATGGGGCGCCAGGCACGTACCATGAGGTTGTGCTCAAGCATCCCGAGACACATAAGAAAGCTGGAACCGACTTGCCCGCGAGTGCGTGGCTCAGGGTAAGCCCGCGGTCGGAGTTGTGGGAGTTTTCGTCTCGGTAGCTCATCCTGGTCTGTCGAACTCGGGACGATAAGTATCTAATAGAATCGGCCATATCTTTATGTCCCCTTCAGCAGGTTAAAGGTGACCTCTAACGTGAAGTTGAGGAAGAACATGCGGATTATGACTTCTGCGAACACGGATGC,467,53.32,Arabidopsis thaliana
SEQ_986251,GCTGTGATTATATGGGCGCATGCTGGTTCGGTCTTTAACAGGTCATTAATCGACCCGAGTGATTCCTGAAGGACGACAAGCACCTCCGGCGTAACCCGCAGCCTCTACAGTGGTCAAGCTTAATGAGGCCCGGAGTACTTGGCCCCAACGGGCCCCCAAGTAATGTATTGTGGAAAGCGTGTTTTGACCTCATTTTACGGACTCGATGTCTGCCCTGCGTTTAAAAGAAGCCTGTCTGGCGGTTAGTCGGAATCTTTATTCATGCCTCCAAGTCTATAGCTCAGGCTCCATAAGAGTCTGGTCGAAGACGACCCCACTGAAAACCTGAAGGCGTTGTACGGGAATTCC,348,51.44,Caenorhabditis elegans
SEQ_460978,TCAACACGGTACGAGCACTATCTGACGTCCGTATAGATATAGCCGAGTCACAGTCGTCATGACTTCTAACGGCAGGCGGGTTCACTCACCAAGTAGAGGCTCTGACCCTCCTTAGACGTGATGGGTGCCAGGTTACCCCTAGGTCTATTCAATCCTTGAGATTTAGTGGGACATTGCAGCTGTAAGCGCTGCTCGTGTCGAAAGACTGCACGCACGAAGTTGTCTACTTTATAATCCTGGGAGGTCAACCGAGATGCCTCCTCCGTCAAAACCAACCTTTAGGACGTATATCCAACATCAGCCCAGCGGGATACCCAAGCTATCGGGTATGTACCTTTCTTCCATACCAGCGGTCTCCGCGTAGTGTTACAAACGGCTATCGGACTAATGTTTCTCAAGCCCGTGATAAATACTACATCTTGAGAGGGAACAAATAGGATCCACCTTATCTTCCAGTTTTACAGCTTCCAATTACTATACTCGGGGGATGCAGAATTGTTCACAGACCGGTGCATGAAGTTCTTAGGTTGTAAGTGCTTTTTTATAAGTAAGACAAGAAACGCCGGCCTCTCACCTGAACTCCTAAGTTCGAGGACGGGCCTGATATACATAGCCTACCTCAAGGAGTGCGTGTGTGTCTGCGGGATATAGAGTTCTACGCCGATTGTGAACGACTCCCAACACGATGTTCCACTGCCTTATGCTCATCAAACTCACAGGATTTGAGGCGATTGACTGCAAATAGGGTGGGCTAGGGGCTAGGAGACAACATCATACGTCATTGGACAGACCAACTGAACCGCGCATTTAGCGCACACCAGGCATAGTCGCCTTCCGTGTCTGCAGCGCTAATCAAACTGCGCCTACAAGAATCAAAAGTCCCTGGGTCTTTCCCTCGAAAGTCTGTTTTTTATTTTATATACGACTTTATAGGAGCGACACAGGCTAATAGAAAGATACATTTCGCAAAAATAACTAATATCCCTGTAGAGAGTTGTTTTGCCCGGACGCGTTGTGCTTTATTGGATAGCCAGGCCCGCAATCCTTTCCC,1051,47.86,Mus musculus
SEQ_498157,GGGAGACAGTCGTCTGGCGCAGAGCGACGACGAAACCCCCATCTTATGTAAAAATTACCCTTTGGCTTTAACTCCACTCGTTTTGAGAACATTCGTGTATCAGAGATTAGAGCTACACTGAATGTTGTCGCTCCTTTTAATCGTGTAAATGATATGGGTAAAAAAGCCAAGCTTTTAGATGCTAATGGTGGGCCAGTACGACGCATTACCCGAGGTGGGATAAGGATAGGTAGGACATTGGTGTACAGGAACCCGAGGATATAGACAGCCCCCTGTAAAATAAATGAGGCAAGCTCGTTCGATGTAGAACATTCGAATGATATATAGCACTGTTGAACTGCGAGCAGTCAGACGCACCAAGTGGGGTTGCACTAGACAATGTGTATTAGTCAAAGAATGCCAGAGATAGATGCGTGATAAAATCATAGCGCTAACGCGGCTCGCCATAGTGGCCTCCAGGGGATGGTTGGCTGAAGGCGGCAGGGTGTCCTGTATGTATTCTTTCGTCTATTAGGTCGTCGTCCTTGACGTGAATTTTAGTTGCTCGACTGATTGCTAGATAAAAGTAGGAAGCCGCGTTAGAGGGAAGTGAGTCAATGCAGGCCGGCTATTAGCATTAAGGTTATACGAGTGGACACACTCGTACCCGGCAGGACCAGCCGATTATCCAAATAGAAGTGCCGGGCTGTACGCCGCCTAACAGATGGCTGATGACAGGGCGTACCCTTGATATTCCGAATCCTCAAATGCGTGTCCGAGCTTTGAGTGGTTGCGATGGGACCTTAGGGCGTCAGGTCTGGCATACTTGGGCTGGAGCGCCGTCACGTGGCAGAGATGGGATTCACTTGTATGCAAATGAAATACAATGGGCCTAGGGCTACCCCTGCTGCACCTCGTTCAGAAGTAATCCGCCTTAGCCCATGCCATCACGGGATCAATGTGTGACTCTGACTCGCTGCTTTCCTCGCGGTCATGCTCCAAGCGGATTATATGCATCCTGTACCTCAATAGGAAGTGATGGTAGCCCGATCTTGCGGGCCCTTTTCCCCCCACCGGGCCTTATTTTAAGTTTTTCGCAGTAGCGTGGCCTCTAGCACCACTTGACATATGTCCACGCGAAGAGTCCCCGTCCGTGCTTCGCTAGGCTCTGG,1151,50.3,Homo sapiens
SEQ_661625,AGTTATCTTTGTTCCGTCACGTGAATGTCACCCATCATGTCGCTGCTCACCTGCAGAAAATCACACACCATCCTACGTGCCAGACTGAGTGAAGCGCTCGGCGAAAAGCGACTTTATCCGTATCAACTCGCTGACCGTGCGGCGAGGTGAGCTGAAACATCGATTATTTGCACAATAGCCATTTTAACCGTTAAGTGTGCATCGCATCTGTGGGTTACTGTCGTACAGTAGTCATTTCAACCCCGTTGCAAGGCGGAATGTTCAACATTGAGGTGTCGGGGTAACGCTGGAGTCGGCGGCGAACTCGTCATGCACGCCGTACGTTGACGAAGAAGAAAACCAAATGTGCATGGAGATTTATAAGAAGGGAACTTTTACCTTCGAAGTGCGAACCATCATACGGTGCTCATTAATGCCTCCACGTCACTCCAACAGCATATACTCCTTTCTACACCCCCAATGCAAGATGCAGGAAAGGGCTTTTCCTGGGATCATGCGTGATTCGACCCGAGATATTCCGGATCCAGAATTTATGTCCGCACGGCAGAACCGTTTACCGCCAAATTCGAGCAGAGCCAGATAAAGGACTTACGACAGCATAAGTACTCGGAGTTCAGCCGTGTCCTTGACGCCGGAAATGTAATTAGCTGGTGTACACTGCGCAAAGCCAAGGTGAAATCAACGAACTTTACCAGGCAGCTGGCGCTGACCAGCCCCGTCTGGGCCTCCCCGGCCTCGTCTAGAGAGGAATTACCTATGCCTACAGCAAAGGCCGCAGTTCCAGTCTCCTGAAAAGGCGATTTGCATTCCACTCAGATCAAAACTAAGGCAGCAGGGTTTAACTGGTCAGTGGACTGAGCCATAGGATCATCGCGCATTCTGCCGGTTCAGATCTAGCTAGAGCTTCTTGTCCCGAGACGTTTTCATATGTGTAAGTTTAAAGAGTAGCTAGTCTACAGTGACGAAGCACACTGACTCGCAACACTGTCTTT,992,49.8,Mus musculus
SEQ_532687,CAGTACGTCCCGAACATAAACCAGAGGTCAGAAGAGGCAGTCCTTCGGCAAATCAGTTAACTGTCGTGAACCAGACGTCAGGGCCTGTCTAAGAGTGACGGACCCGCGACGACTATATTCGGGCGAGGAAATGCTTGTAATCGTCAAACATGTATATAGTGCCGGCTCTCGCTCAATTTAGGCCAGACATCTCATAAGTTGTCGTATACCTATCAATCATGGGATGTGGGAGCCCTTGCCGCCGTTTTCTCTGCGGTCAGGTCTGCCGTGAGCCGGGACCGGCGAATCAAAATAGGCTCTGCCTATCTACTAGGGTTAACGACTCTTATACATAATGGGCTCCATTCGGCAGGGGTTGAGCGTGGGGATACAGCCACACCCGACCACGGAGAAGCTCTGACATCTACCCAGATTGCCCGCGGCATCGTATGATTTAGCCAGTGCCGAATGACCTTAGCTCTTTTCCGCTTAGGCAACTTATGGTCAAGACGCCGGAGTCACCGGTTAAGCCGCGGACTCAGGGCCTCGTTTATCCGGGTATTCTGTGCCTAAATCTCCACATGGTCCTTTCTAGTACGCAACTTGGTACTAGGGCGACAATGGCATATCATATGTATTTCAATAACTGTATAAAGCCGTCTTGGCGCAAGGTTAAGGGAAAACTGCTTAACACCACATTACGCCGTCGTGAGTGAAAACTGGTCGCGAAGTATCTTTACAATGCGTTTCCTTGTCCAGCGTTCTTGCCCGCCGTGGCTTGTATAAGGAAGCGGAGGAGAATTTCCCGGCTAATTTTCCCTCCTTACGGCTTCGTTTATGTGAGAGGTGTATAGTATCACGGGGGAACTACCATCCTAAACAATCCCGACCGCAGCCGGTAAAGCTTTTCCCTGACCACCCCGCCAAACATACACCTCTGGGCTCCAATGGCCCTTCCACTTTCTGTATAGATTAACTGACGACAGACAAAGCTAAGCTGCGTCCAATTCCAAGTCAGTAAATAAGTAGTAACTTGCCGAATCGTCGCGCAAATAGACATACGACGCTGCGGTCTTAGTTGCATTATACACCCAAGCGTCGGATAGTGTGCGCGACCATTTCGCGTCTTGTAGGGCCACCAAAGCGCCATGAAGTTTACGCTGCAGTACGGTAAGCTGGTCAAGGCGCTGCGCAATACAGTGGTTAGTTCGAGCACATGGAGAAACCTTGAGACGGAATTCATTGTGATGCTAAACGAATTTGTGAGGTCAACTCCCGCCATTCACCTGTTGTTAGCAGCGCTGTCCAAAAGCTTGACAATAGGTCTCTAAATACGGTCACTAGCAAGCTATGTTTTAG,1338,50.0,Saccharomyces cerevisiae
SEQ_285787,GGGATCACAGATGGGGCTATAATCTCCGATTCTTCAAGATAGCAAGTGGAGAGCACTTAATAGGGACTGCAAAATCCGCTACGCTTGGGATCTTAGAAGAACACCTAATCCGCTAAGCTCGCGTGGATACTGCCAGCCCAAATTGGAAGGTGTGCGGCTAGGCTCGCGCCAATTCCTCGAGACATCATGTCGACCTTTACCTCCCAAACGTACGCTTTTTGTCCACGCATTGTACAGCTCTGACGGGGTTCCCTTGAGCAGTTATCACGGTAGGTATTTGGTCCATTCCTGCTCAGGGTTGGAGGGCAGTTACTTTTTGCGGTCTTGTTTAATCCGTTTGGACGTCCGCAGTTACCCCAGGCTAAGAGTTAAGATTGGACCCGCCCCACCTATGATTCTGGAGGGGTATAATGAACACGAGTACAATCTCGCTACTGAGCTTTTGTCGACTCTACAAAAACGGGGACCCCCGGTCAGTTTCGGGTACTCCGTGTTGGGTGCCCGGTGGCCTATGTTTTGTCACAATAGAGCGTACAACTAATCGACCACCGTTTTTCGCTTAGTTCAATTCGCGATCTGTCATATGATGACTTTGTAAAGGTGTTTGTAGAGATATGGCAATCAGAAATGGACGCATTATTCTAAAGTTAGGAACTCGAAATATGCCGGCATACTAGCTATTATACCGTGGGATGGAGAACTATATAAGAGGAAAGTATGGTGGCGTCTCTTCTCTCACAGGCCCGCCCTGACAACCAGTATCCCCATGCGCAGCGGGATAACGAGGTAAGATTGACTTTAAAAGAATAGTTTGCAAACCCTCTACAAGGGGGGCGAAATAGTGAGTGGGAATGGCAGCATCTTTGCCGGTATAGAGTCATAAATAGCATAGTCTTCCCAAAGCTACCTTCGAGATGTCACACCCTGAAGGGCTCTACTTTAGGCAGTATTACCTTACAGAGGTCGTCCTTCCCGGTGTGACTAGGACTGTATCTTGGTACCCCGCCCCCTGCTCATAAAATTGAGCACCGTTTCACGATGTTTGAGGTTTCGTCGAGTTCTCACAGGGAAAAGAGAAGAAAATGGATCTGAAGCGGTAGACATTTCAGGTCCCGTGAGAGGATCACTACGAGACCCTATCCGCGGCGAGTTAATATCGGACAGCTGAACGACCGGTGGATAGAATTGCTTCTAGCTATCTGGGTATGGCGTTGTCTACCACAGGGCGATTTAATCGTGCGTGCGGTGGTGGCATCGGTAGCGTGTCCGAGCTAAATACTACCTCTTGCGGGGAGCTCGGTTAAACATTATACCCAGTACTCTCTACCGACGATCTGCCTGTTTGTTCGCGGGCTGTGGTGCGCCAAAGGGACGAGAGTTTGAACGCGTCTTATCTACAGTCCACAGCTAGACGATGAGACGCTCAGTAAAAAGTTCCCGCGACGCCCGCAAGCTCGACATTGACTACCCAGTGGTCGCATCCAAGATTCGTTTTACTATGAACAGTTATCGTCCTAGACATCAAACCGGAACGTATTGCTGATCGGGCACGAGACGAACTGCCGCGAGCCTTGCGTAATGTATAGGAATGCCTGGGTGCATTATTGATCCTA,1613,49.41,Arabidopsis thaliana
SEQ_428625,TAGTCCCTTGTTGAGTAGTCCCCTCGTGATATTTCGTATCGTCCAACCCATTTGCGAGCAGGAGACGACCGCTCATTCATCATATGGGGTGATGGGAGCAATGGGATGAAGCAAAGACACACGCATACCAGTGCACATATGCTAATTTGGCGATGCGCTTCCTTCGTCACTAACAGTTTCTAAGTTTCTACTCGCGTCGCGCCAACTCATAGCAGCCACCATCGCGACGTGAGGCACTGTGACTCACGCACGATGGGTGGGAGTCTGAGTGGGGCGTAGTTTACATTCTACTCGTCATGAGGATCGAGGTCTCGCATGCGTCCACACT,328,52.13,Homo sapiens
SEQ_995368,CCGACCGCAGGCCGGGGTCCTCAAGTACTTTGGCCTCACAGCCACCAAGGTCACTGG,57,64.91,Caenorhabditis elegans
SEQ_405366,CCGCCCTATTCGGGGTGATAAATGTCGGCGAATCATCCTCCCTTGGGTTTTAGCGCGGGAACGTGCGCTTATTCCCTAACCTGGGAGTGGAGCTATCTCGAAGGATGACTCTTTGCACGTCAAAGAAATAAAAGTAAACTGGCCCGCAGTAGGCGAGTGCACGCACCCATCGAAGAGTACCCCGGACAATTCCTGGGATTATGCGTCATTTCTTCCCCTGTGCCCGTTAAATGTCTGTGATGCTTGTTAACTAGGCCGTGCAGGTGCATCATCGATTGGTGCCCCATCCTGCCAACGTGAAACCTCTACGCCTCTTAACCAAGTGTCTATTCTGCTAGGTTGGAAAGCCATAGATTACATACTTTCGCATGAGTCGATATTGACACCGACCTCTGTCGTGATCCGACAAGATTATAGAAAACCACAGACAAGCGATTGACTACATCGTGATAAGGTGGATCCGTCCACAGACGCCTAAGTGATATTATTTAGTTTTACCACCCCTCGGCTAATGCTCGGCATTTGAAGCCTCCTGGTGCTCCAAATTGATTTCCCTAATTTTGTTTCTTGCCCCAGGGATTTACGTTTGTCGCATGTTCAACCCTTAACACGGCGCTAAACGGACGGGCCCGCAATTCCTACGTCAGTCCAGCTATAAAATTTCCATAGGTAGATCAAACATGCCTCACTCCAGCCGTTGCAAACTGGTATTTCAATAGTGCCTACTTTCAAATCGCCTGCCGGATAGGTTCTATGTCATAGTACAAGTGAAGCCTGAGCTACTCGTCGTCTACATCGGTTCGCCTTGAGGTGCGCGTGTGTGAGCGAGCTATCTTCCCCCAATGGAGCCTGTGAGTACGGAAAGGCTCTTGGTCACCTCGTCGCCTCCTTTAAAATACTTGCACTCGTGCGCAAAGGAGCGCTGCGAACTTCCCAGATATTCGATATGTCGGCTGTGTTAGCTCTCGGACCTTACAACACATCACCTTATTGACATGGATTCGCGGAATGGCGCACGCGTTTAAACCATGTGCCCATAGGATGAAATTATCTGCCTCGTGGGTGGGGGGGTAGGTGTTGAGGAGTACTGTAGAACGGACTGGTCACGGCAGTGGACCGAGCGAAAGCGGCTAGTGCGACGACTGTCCTCTAAATCAGTGCCTCCTAGCCTTTACTAGATATATGCTAAAGTGGACACCAGCAGTTGATCCCATAGCCTCAGAACGCTTTTCGCGTCTTTGTTGCGCCACCATGTCGTAGCATGCATATGATACGTTAACCAAGAACGGCGGGTTTCGATTAATTCAACGTTGAGGGGCCGTGAGGTCTCGACCCGAGTGGAGGTTCACAGTATTCCATGGCTCTAACTTGAGATGGTATTTATGATGATCCGAACGCAATACGATTGTAGTAGAGGCCCTCGGACCTCGTCGCTTTGAGCTGCTCTACGCGCACTTCCGGACCCGGCCGTGTTTTTGTTTATATCTATCCTACCAATGTAACTCGATTACGGCTTTCCTGTAATGGGGATTGCGTATAAGCATCCTTAGCACTTTCCGGGGCTCTTTTAAGTCGGAAATAAATGGCGAGGCCGCCTGATAGCGAAGAAAATAAGCTTCTCGTCAAGAGTCCTGGCAGCTAACCCACTACTTTATAGGATGTATACACATCGGCTCCAGAGACACAGCACA,1691,49.56,Mus musculus
SEQ_446007,TAGATGTAAAAAACCCTGGAGGATGATCAGCAGTCATAGCGAGTCCGCGGAATCGGCCAAAAACCTAGCCCACGACGCGTTATAAGATGTTGAGACATGGTAGCTAGCGGGATCGCACACCCTGGCACAAATGCTCGAATTAAATGTTCACGTCTGTATACTTGGGTTTGAGGGCCAGCATCCACTCCACTCTCCCATCAGCCCTCAAAAAGTAATCAGTAAACTTAGGCCGGACGCCAGGTGCATGGAAAATTGGTAATTCACAAGAGCGTTGTGGCTTGTACCCCACCGCACTCCTGAGTATCAGTCGAGTTGGGCCATTCGATTAAAATTTCTTTACTGATATGAATCTAGGCTAGTATACACATTGTGGTGCCACTGTTACTTCCGTCAAGCTCAACCCGACGTGTTGAGGGGGCGGGCGGCTTGCTCTGCTCGGGATGCGTGATCATGACGGAGCTACTGGGTATTGTGACGACCGGTCGATATCGATGGCGAATTGCTTAGACTGAAGGCGCAATGCGGACCGCGCTCTTCGACGTACTGGCCAAGGTCAGCCTAGAAGTGGCTCACGTGTTCTCTAGATTGTGCACCTGCACACACAACAAGGCCGTAGATCGCATTCTTGGGGATAACGCCGTAGGAGCCCGTAGCCTTATAGCCCCTTAGCATAGCATTGATACAAACGGAGATAAAACGGTCACGACTGGACGCCTATAAACCCCAACCGAGGATTGATGATGTGGGTTGTCCACAGGGTAATGTCACGGATTTCTAGTTGCTGTACGAGTCCATATGTTCGGCATCCCAGCGACACCTTTGTACCTCACCCCCCACCTTAGGGCCACGAACGTCGAGCCTGCATCCACCAGAGCCCATGTGTGGACTAGAGCGGCACTTTTCTTTCCGTAGCCCGGGCCCGGGCCTGTCGGAAGATCATTTGCCATCTAGAGGGGAAGCGCTATTGGTTTACATTAAAACACAAGCAGCGTGTTCAACTGATCGGCTGTTCATGTTACGCTTTCAGCAAGTTCGAGGGGGAGCCCCCACCTGTTTTTTCCTGAGCCGTATTAAGACGCTGTGTACGGCAGTGCTTGAGAAATCAAGGCATACAGGCCGGTCATAGCACTTTAATCTGCGGCAGCACAGTCTCCTAGCAAGTGGTGATTTGGATATATAACAGGCTGTCTGGAGAGAAATAACGGTTGAATCTAAAAGAATGCTATATATACTTCAAGGGTCACAGTTTTCGATAGGTAACCTCCTGAGTAGAAATTTAAGACCTAAAGTGTTGTCATCTTGTGTCTGGGATGTACACTGATGATAACCTAACGACACGCATTGATAGGATTCTAAAAGCATCCGCAGCGGCCTCCCTTCCATAACGAGCAACAGATGAGCCGTCTGCAAAGCTTATTTCGGAAGATTATTACGAGGATAGGAGAGCCAGGTCTGCTATGAAAGTCACCCCAGCAGACGATC,1482,49.93,Escherichia coli
SEQ_303998,CATACCTACTATGGTCACTGATGTCCCCCTCGGCTATGGGGGAGCAGGCACCTTTCGAAGAGTGTAGCTACTCCAGTTGACTTTTGTTCGAAGGACAGTTATCATACTTGGCGCCATTCAATAGTGCTATCCCACTGGCCGTATCTGCATGGTCTGTAACAGAGTCACCCCGACGTACGTGAGTCTCTTGACGCGTGTTAAATCTTCGTAATGAACTTTGGACAGAGTTTCCGGGCGATGCTAGTGGGTGCAGACTTCACGAAGTAATCGCTGGCAAAGCGCGACTGACTCCCAGGATCTGAGTTTGACGCTGTTGTTTATGATGACTAGACCGGGAAACATCAATCTTCTCCTATAACGGGAACGTCGGGCATAAGCTTGATCTATGCGGCAAGCGTGTCACTGGCAGACGGATTTGCAAGCGTCGGGGGTTAAGCATTGCCCCAGCTTGGCTCGATTAAACCCCCTCTGAACTAGAAGTGGGGCTGTAGAGAGCAGCTTATGGAGCTGACTATCCCGTAACAGTTTTACAAGCACTATTTGGGTCTTTGCTGCTCCGTTTAGCTTACTCGATCAACATTGTGTGGGCGTTATTCCGCAAAAGGTCGGACCCCATAGGTAAGTTACTAACTAAATGGGCGAGGATACTGGCGCGATCGTCGATCCCACCGGTCGTGCAGTGGGAATATCACCTCGGCCAATGGAGAGACTTAGAGGCCGTTAAGCAGTTAACCCGGAGCGGGCGACCCGAAGATTAGTCGTCCCAACCACGTTCTGTGGTGAGGCCGCGAGCGAGGATTTGACTCGCGGGATTGTTCAGGAGGTTGCGATCCTTGGCCCTCAGTGTGTATTTCGCGACCGCAACTGGCCCGCCGTTATGGTAAGCTCACTGTGCACCGGTGCATACGAGCGAATCAGCAGTTACCACCGTTACTGAGCAAGTAAGGCTCGCGGATGGACACTGACTTGCTCAACAAATTTCTTTATTCTAGGCACACAGGTTATGCCTGCATATAAAAGGAGATAGTAGAAGGCTACCATCTGCCCATGACGACTGGACCCACGAAGGCGAGGATTTTTGCGGCGTACCGCCCGGAGGCATGCAGGAGAATTGGAGTGCGGAAAAGTAACTTAGATGTGGTGCGACGCTGATGATGCAGTAGGGCTGTGATGCCTATGTATTAATATTTCCTTCTCTGTCATATGTAATGATCCACGTAGCAACATGGCCACATTAGCTGTAAAAAAGGAGAAGCACGTCTCCTCATCCCGTGAGGAGAGATCCCATGTGGGTCTGAAGTGACGGGGACAGACCGAAGGTTCTAATTGCTAAGCCGGAGGCTTTTGAATCAGGAATGAACCGGCCAGGACAGAGATTGGGTCTCTCAGCAAATTCATGGAGTCAATCTGTTAGAAAGGGTGCCTTCATTTCAGCTTTGAAAAGAGTGAACGTAGCATAAACGAGAATCGCTGAGGCAAGTCCAGCGCTCTAAACCAGCTCGCGCTGTGTAAAGATGATATAATATTAAGCGGGATTATGGTTAGTGCTGCGGCCAGTGCTAAGTTTCGGTATGGGCAGCCTCTCAAGGGCAGGTCTTTATTGGATGGCAGATGTTGATGGTTGGGCCGGGGTGGGCGCACAGTAGTTATTAGATCGACCAGTTGAGTATTAGTTAGACAAGTGCTTGCTCTCATCGCACCACTCTTGAATCATCCCGTTCCAACTGAGTTTGAGCGACCTTGGCAGTACGAGTACCTATCTCACAAGAATATGAATGCTACGGCGGCTGCATGACATATGAATACAAGAAACTCTTCGAGAGCTACAGCAAATCCCAGCGGTAGAAGTCAACAAGTCGGAGCTGAGGTCGACTGTCC,1878,50.43,Homo sapiens
SEQ_826670,GTTGCTCAACTCCGGCAGCGTTCTTGAAATAGCAAACGCGATTATCTCCGCTGGATGTGATTCAGCCCCGACGGCCGCCCCGGGACCACATTGCGACTAACCCGTCCCGTTTGGTATAAGGATATCATTCGGGAGGAGCATTCGGGACTTTGGGTACTTATTAATGGAGACGCGGAACACGATCCACTAGAGCGTCTAATCGCTAAGTAGGAAGGATAAAAAGAACGTTTCCTGTGTCCTGCCATGCGCGGGGCGTATCTTTACCGAAATCAAGGTCGACCGTTAGACACACGTCGTCAATCGTCTCTGACATTGGCCAATGCGTGATCAAGTTCCCATATCCGCTGCGAAAACGGCCTAATCAGAAACCTTGAAGCACTTCGCCAATCGCTAGCATTGTAGTAGCAAGAGGTTACCTGTCACGAGGATACGCCACTCGAGGAATGTGTAGAATATAAACGTCCCATAATCAAGCATACATGCCGGGCATCTGAACTGACGCTATTGCAGATTGCTGCGGGGCGTGTCCTAGGCTCTACCTTAATATCGCGTAACCATACTAAGCACCAGTAACGCGCTTCTCATCCTACCGGCAGGGCGTTTTTGTAGAAACGCATTTGAGGCATCATACGGACACGAACATTCAATTTATATAGTCACATCCCTCCAGGCCGTGACTAGGCGGAACACCCTGCCCAAACTGTGCGGTACCAATCGATTATCACCGAGGAATACAGTGTGAGTTAGGCTCACAGGAGCGAGGCAAGTGTCTTGTCATTAACAGGCCTTCACCGCTATGTCATGCTTATCTTGAAACGGAATGACTTACAGCCTACAAGTGAGCCGCGTAACGTGGGCCACGCCAGTGATCCTGCATTTAGGCACGTCCTTCGTCTCCTTACGGAATCCAAGTAGCGGCTTGTGTGAATATACGAGGCTTGCCCACGCGCCCGGAGGAACAAGCGTCTGAATAAGTTCGATGTCACGGAGAATTTCTAGCAAGGCCTCACCAAGACTAAGCATGAAATTATGGAACGGCGAGCTTCGACCCCGCAGAATATCTAAAAAATAAGGTTCTTGGAATCCGCCATGCATGCTCCGATGGCAAGTATCGTGATCCGCGCAGACTGCATGTGTACACGCCCCTCATAAAACGTACACCGAAATGCGTTTCTCGGTGATAGATGTCTTGTCTCGCCAATGTCGTTGATAAAGAAACACTGAGGTAGTGGGATTCAGCCACCTGGTTTTATTATACTCATCTATCTCGCTTATTCCGCTCACATGCGCGATGCCCAGCTCCCTGGGTATAGCTTAATGTGCGTCTGTTTTCCGAAGCGCGACATGTAATTCCGAGCTACAACGCCACTAGTGTTAACTATTGCCTATATTACCGCAACTAAAGGCCCGCAACAGCAAAGCGAAGTGACTACCTGCATGGTCCGGGCTAGACCAAACAACT,1462,49.93,Homo sapiens
SEQ_942563,TTGGGTTGTCATGAGTTGACAGGGTCCCATACCAATGTCGAGAGACTGGAGTGTGGGAACTTAGTTGCGGAGTCAGGCTATGGTGGCTCCTAGCGAAGTGCACACGGCTGGCACTGAAGTCGAAGTATTTCCTCAGAAAGCTCGAAGCAGGGCCATCATAGATCATCTGCGAGCATGCGTTGTTAAACGCGAACTCCCAACCAGTTCGCATCAAGAATTTTAGAAGGCAGGGGCCCGCGTTCGGCTGTATTAGTTGATATGAACGGCAATTCTGACCCCTCGTTACATAAGGTGGATCGCCGCACTGCGGTGCGCGTCCATCAGCAGGCACTCTACATGTGGCTGTGGATGCAGTTATCCCTGTGACTCGCCATTGGATACCGCTTCCATGTGGCTAATAAAACAGGGCGTTAAAACGTTCTCACTGGTTACTAGCACCAATTTCGGAATTGCATTCGCCAGATTCATTACCACGCGGCAGCGAGGCTCCACGGAAATAGAGACCGAGTTGTACTTTCACCGGACCGGTCGTTTCAGAGGGGTGCGACGTTTTTATTCTGAGTGTGCTAGGCGCGAAACAGGCTACTTCGTCCATACGCGTTGTTACCGAGGCTCCTCTCTCGCAACCCCGGCTCCTTATTGCCAAGTTAGGTAGGAATGGCGTTTAATCCTTCCCGGGTACTGGTCCCCTACAATCTTACCGAACACAGTCTCGTAGTCTTACGCTTTCGGAGCCCAGCTGCAGTGGTCATTTACGCGAGATGTGACCGCCAGGACATTTGCATTGGTGATTAGCTTCGAGTGGGGCCCCCGAGATCTCCGCATTATGTGTGCCAGACTGCGGTGTGGCTTTTGCCCCATGAGAGAAATAATCGAGTCGGCGGGGTCGTAATCCACAATTCAAGACAAAGGAGTAGACCAAGAACGGATATTAGGATACGGCCATACAAATTGACGAAAGTCGGCCGATGCGTCTTAGCACAATCGGAGAGCACGGGCGCCGCCACCCCTACGGCAGACACAAAGGTCGGACTAGACTTTAAGTCCTGCGGAGTCTACACTTGCATTGCGAAACTACCGCGCGTCGAAGAATGTGAATGTACAACCGTCATACAGTAGCGCACGCTCTTTATTACGTTTAGGTATGTTACTGGGACCAGTTCAGTGCTACGAACTAACAACCGTGGATAGTCGTCGGGGAGGACTGCTACGTCACTATATCTTGGCAGGCATCGAGGATGTACGCGGCCGACATGCCAATTTGCAACTGTGAGTGTAACCATCCAACAATATGTAGGAAGGAAGTGAGAGTCTTACGGCAATAGACATGATCTCATCCAGTTATGGGTCTGATCAGTACCGTGACCTCGTGCGAGGGGAACCTCC,1386,51.88,Homo sapiens
SEQ_736134,CGGAGACTGTAGTCGATTGAGTATGCAAGCAGTAAGCGCTTATGCCGATTACCAGCGCTACGTATACTCTAATCAAGGTCAATCTACAACACAGAGTACGTCTTGAACTTTTTGTACAGCAACCTAAGTATGAGAAGCCCTCTTTTAACGAACATGCAGGGAGGCAGTTTAATATAATACTAGGTGGGTGCATAAACCATCGCATTCCGATAGCGATACAAAGGTAAGTCCGACTCTTCACAATGCCAGGCTGGATGCTGGTTTGACCAAGGGTTCTCAGCTATTCACCGAGGAGACTGACAATTCTTCGCATGGCTAGTGGCGGCCCACGTGCTTGCCGGTTTCAGGCTTCTCCGTGCATCGGTAGCATTTCTCCAGATCTGGCCAAGTTTAATAACTCGCATCCATTCCGTTGTTATCTGACCCAATCTGATCAGGCCCGCTGTGAAGTGCTAGAGATACTTCGGAACACCAGACAAGGCCGTGCATGAGAGCACATTCGCGCACAAAATTTGGCGCACGGTATCAAGGCCCTCTGATATAGCCGCGAAGCGATCAGCCAGCGCTAGGCATTCCAGCTGCGCATGCCCACGCAGGTACTTCGTGCCATCGGGGGGCCAGATGCGCGTGGAAGACGTAGTTAAAAGGATGAGCCTGTAAGCTGCATCGATCGAAATCAGTCAAAAGTCGCCAATCACGTGGAAAGCCCCTTACCGCCGCCGGACCGTAGTTCAACATGGGCTACTATTTTCGCGTCGCCCTCTCAACCTGCTGTAAGGCTGGCCTGGCTACGCCGGTCCCCTTGCAATGAGTCTTTGAAGATGGGCGTTGCATAACTTCGTTAGGACATTCTCGTCCACCTCCGTCCAGGGTTACAATTATATTAACCGCCAGCTATAGTCGGGCGCAGCGAATTCGCTGATTAGAGGGCATCAGCCCGCAGGAAATTACTCCTTGCTTACCTAGAAAGCACGCACTAACGAGAGAATCTAAGGATTGGAAACAGTGGCGAGCACCTCAATGAGTTATTGTCTATTCGAGCAGTGGAAGTATAGGCTGCTGTCCATTGTCGTACTGGGATTCGGTAAGCGCACAGCTGCCTCACTAAAAAGGACAGGTTCTTATAGCGATACCCCAAGCCGGCAGACTAGTGTTTGCTGGGTAACTTAGCCAGGCTCATCAATAGACCGTGCCTGTCGAGACCACAGTTCGTCGGCAGCCTAACCGTAGGACCATGTTAGATCAAGACCACATACTCTTGCCGGAAACCCATCGTAGCATATCTGTCGCCGTGACTTCGACAAAGATCCGCGCCCATCCTTTAGGTTATGTTATCTTCGATAAACTCTACAGTTCCGACAACGGGTCATGACTTCTCGGCGTTGCAACCCTCCGCCAAGGAGACTATATGTTCCTGTAGTTTCCTACGGCCGAGTGCCCATATATGTGTAAACTCACAAGCTTCTATCGTTCTAAAATCCCCCCGACATTGTAGCGCCCAATGGAGGAGGGTCCTAGTTCGAAGTTGTTCTGTGCCAGCGGTTATCAGTAGCTGGCGCCGGTCATCAGTCCTAGCGTGATCGACTGTAGTCCTTTTTGTAAGCCAACCATTTTCATATTACTGCCGTCGAGTAAGCAAGGCAGTCGGTAGGGGAACATGTCACCGATCCCCTCGGATGTCTCCGAATCCCGCTGCAGGCCATGCCTGTCTCTAGTTCCCTTCTGGGACCGATTATTTTTTTTACAGAAAGACCAACATATTGCAGTGAACGCATTGAGGGGTTCCTCTTTATCTGCCCGTTAAACCGTATCGAGGATGGAGGTGTGCCTGGTGTATGGTGAGG,1844,50.76,Homo sapiens
SEQ_774413,TAATGCCGTCGGGCATTAAGTCTAATAAGGTAAAAAAGGACGGTATCTAAAATTACTTAAGGACAGACAGTAGGAGTAGGGCCGACCCTACTCCTGTATATATAGAGGTGTTGGACAGTTTCGTACGGCTGATAATAAATCTAGAGCAGCCCGTAGCAATCGTAAGCTCTCCCTAGCTAAGGATACTCAATTGGGTGAACTGGTCGAATGGCAACCCTATGCAGGATAGGAACGATGGCATATTAAGTCTATTTTCCACTTCTACATTGAAAACATCGTCCCTTATCCCTCTACAACAGACCCAGGCGCGAATATCAGTGATTTCCGTGTTGTAGTATCGCATCGGCATAACGTACAATCGTGCAATAGAGGCAGATAACCCCCTGCGCTCCATTTTGTCTGTAAAGTGCTCGATTCGTTGACGCTGAAAGGGAGAGACTACTATTGGGCACAGGCCCTTCGAGTATCAACCACCGAGAGGGTGACAATCCTCACGAATAGTGCTGCAAGATGTGAATAAAAGCAGTCCGGAATCAACCTCTAAAATCCAACGGTGAAAATGCGCGAATATAGTTCTGTTACCTTTCTGGCAGTAGACTCAACAGACCTGTGCTGTGGCATATCGGCCATCACCCTTGGTCTCATCCGTTATCCGGGATGCTTGTGGGGGGAATGGCGCTCGGATTAATCTAGTGCGCAATGCCCTTTCATTTTCACATTAAGGAATGTTAATCGTGGGCTGCACAGACAGACAAGAACGCATCTCCTTATCATCAAGGCTAAGAGTGGGTCTCCCTCTTACCAGCTATAGATTTAAATAGGGCCCTCAAAATTGATACATCCTCTTCGGTCCGATTATTAGGCGGCATATGCCATGGTTGGATGGAAGATCGCTCGATAGTTCGGGGAATAAAAGGCCGTGTCGCTCACATTCAGAGACTCTGATATCTCAGGTGTGACAACTGCGCGACATCCTATCCTATGATTGACCCTTCTTGTATATACGTTTTAAATCAGCAACTAATTGGCGAAGGCCATATTTCTGTCAAGTCATTTTGAGCACGTCCTAATGCGGCGAACGAATCGCCAAGTCATAATGCCCCCTTGCGCAAATCGGTGAGATTCCTAAAGACTAAAAACACTCGTTGTTACCCAAGGAGAGACTGCCCGCCCCACGAGATGGGCGAGCATCAACCGTCCATGCAGTCTGCTTCCTCATACGGATATATAGCGTGTACCCGCATGTATCAGTTCGATACAGGATCCTGAATCGAACAAGATGGCCGCGTGTCGCTACGCAGATACAAGTGGAAAAGCACCGAAG,1324,46.98,Saccharomyces cerevisiae
SEQ_588700,CTTCGCATGGGTTTTATTCCCTGCCTCGTGGAGTCTCACACCCCGATCCCCGAGGCGATACACCACAAGTCGGGAGTTCCGATTGCAGGCTCTACTGACCCACACACCGCCTCTTCATATGGAGCCCCACGTAATCGCGCTACGTATGCAAACTGTAGAAGACGAGTGGGGGCGGCTTCGCATCGTCCGAGGTCATAGATTCTATGTGCCTCGAGCCCCGTCTCCTTACAATTCATCACCGGCCCCGCCATCAGCGGGGGCAATCCTGGTTCCATTGCCGGCACGTGCCCACACGAATTTCCCGATAGTACGGACGACGTGAACAGTGGCTGGATTCCTTAGTTATACTCCAGTACGCGTGTCTAGCAGATAGAACAAAAGACCCAACGCTTCATCATCCACATCTTAATTAACTGTATAAGGTTTAGTCGTAAAGTCTCGGCTTGCGGCCAGACCCTGTGAGCTCCCCCGGCGCCACGCATACCGAGTTACCTCAACGTACAGTGCGGATGTACATGGTCTGATGTTCTCACGTGGGCCTGCTAATGTAGTTTTCCACAATCTACCGGGATCGTGATACGCAAGCCCAAAAAGCGTTGTGCGACGGCTTAAACCTATACAACCCACGGGATCTCCCAGGAATCAGTGCGCGACCCAATTTCTGCGCAAGCGTCAGATCGTGGGCCCAAAAGATGATCACCAAAAAACCGCCGAGCAATTGTCTTCATGCCAGCCCGGAGTCGTAAATTCTGGATTGATATGCCAGCCGAAGAATATATCTAGACACCGCCACAGCCCCCAAGAAAGGCAAGGTCGTGCCACTAGTATATCTTGGATACGACGTAGCACAGATGTCTCTGATCGATTGAAGAGTACCGACCGGCTCCGAGAAGGTAAAGTTTGTCGCCACGTGAAAATCCGCCAGAAAAGCGGGCTCCTTTGCGAATAATAACGCTATGTCATTAGAAGAAGTGAGTACAGGGTGGAGCAGGCGATGAGGGAAAGGAAACTATCCTCCATCTTCCGGATAATGATCATCCGACGTAAGGTGTGTCTCTGACCCGTGGTTAGTGTTAAGTGACAGCTGAGCTGAGTGCTAAGTTATTGTCGTCAATCCCTCCTGTATCCCGGTCGCTTTGTTGAATTAGCTTAACCTTACTTACGGTATAATTTTGGCCATAGATCGCTTCAACCCACACCTTGCTTTAAACCCGATCCTAGGATATCGACACATAAGGAATTTTAAGTATGTCCTTGTACCGTTATTACAGACACTTATGACTCTCTGCAGTATCTTTCTTTCGGCTTGTCGGCGGCGCCAACTAGGGATACCAAGCTAAAAAGGCCGCAGCTATTCTCTCGAAGAAGTCACACCTTGACGCCCTGCATAGCTACTTCAAGAGTGAACTAGCCGCTCGTGTTAAATCAAGCCAACGATTGCTCGCACATAGCTCAAACCTATCGCGAATGTTGGCAGGCTTGGAACAGGACTTTGCCAGGAATTTCCGACGGTGCCCTCTATTCCTTTTAACGCGTCCATGTACTGGTCACTCACCGTGCCCTGAGATCGGTATCCGGTCTCAATAGACACATGAACTCCTTTCCCGGTTTGGTGCCTGGCTTGCCGATGGCAAGTCGTCTAGACGCGAGACGTAACAAAACAACAGCTCTAATCTATGCCACTGGAAGTGGTTTGCCTCATGCCTGCGATAAATCTTTGCATAATTTAAAGGTCGCTATTAAGAATC,1748,50.29,Drosophila melanogaster
SEQ_707663,GGCCCTCACACGGATTAAACGCTCAAACACCCTATCCTCCCCGGTTCGTCAGTGTGGATGGAGATACACCG,71,56.34,Mus musculus
SEQ_591570,AGAACCACTAGACCCCTTGTGAATTGCAGCTCATGACGTTACGACGAAATTGGCGCACTTCTGTATTGGTGTACCAAGCAGTGTCACATGGAGCCCGGCTCCTGCGTTGCTCGATCACTACGAAATTAGAATCGCTATCTGGGCTCGTGTGTTCGTAAACGATTTAGTTGCGGCTTTAGGGAGCTTCCATAGCATCCTCCGAAAGGCCAATGTACACGCCGTACGTAATGTGGCGGACGCCTTGCGTCATAGATGACGTCTTCTTCTATTTTGTTCGACGTGAGCTGTAACTCTTCATCACGCCGCTTATCTATGTTCATTACTAGTAACGCCTATATTCCTTGTCTGCAGCTAAAATGTCTTATTATTGGCCCCACTAGTATGCACCCTACCAGCGCCTCCACAGCGCCCTTAATACGCGTTGTGAACTAATACCAGTATTACACATCTCGGGAAATTAAGAGTGTGGCGGAGTCTCGCCGCACTTCCTGAACTGACCAGCTCGGGCAATTGATCAGGCACCGGCATGGACTGGCAGTGCCCGCTGCGGTTATGAGATTCAAGGGCCGGACATCCATGGCATGACACAGGCTATTACGTCATGTTAAACGGGACGCGATCCATTCTTGCAGAGTAATAAAGTTAGTCGGGTATATTGCGGAGCGCTCTTCAGGGGACCAGCGGAGCTTGCTAGCAGCCTGTCAAAACGGGTGTCCTGATTTCCAATAGGAAGTTTTTCTCTCGAGCAACACCTCCTGCGCGAGTGTAGTATCGGTATTTTACCCAGTGCACAATGGCGGAAGGGTCACAGATGCTGGTCGACTAGCCAGCTCATCCCGATCGGACGGCCCGCTGTCACGCCCATGGCCGTCAGGAAGTACGGGATAGCCGACCATGCTTTTAAAACTGGTGACCAAATTTTCCTGAGCATCGGCCATTCCCGTCCGACCTATGATCCAAGCTCTCTACAAGCTAGCTGCCTCGTAGTGCGGGTATCAGAGGTGTCTGTGACTCGGCTAGTCGTAGAATTCTATGTTAC,1039,51.2,Homo sapiens
SEQ_500625,GACGCACCGTTCTGGACCCCTCCCTGGCCGTCAGCTGCCTATTAAATCATGAGAATTCGAAAAGGTCAGAGAAAATACGGTCTTGGATATCGCATAGTTCCACTCCGCGAGGAAGACCCACACCCCAGCGCCCCTGCTTTCAGCGCTTGTCCCCCAGCCAAGGCCTATCAGTGTACTTACGCGGATGGCGACCACAGCCAGAATGCATAGCTTTTCCAGCAGCCATGGCGACTACTGTTCAGGATTTGCAACTAAATGATACGAGTCGCAAGCGAGATAGAGGGCCGCAAGGACATTTCTGGTGATCATACTGATGATATTATAGATGTAGAAGCAGGTATTAATCAACATTATAACTAATAAACTTCCGCATGGCTATGGTGTCCGTTATGAGGTCAGAAAGTTTACTGAACGCGCGATCAAATCCCGCTCCGACAAAAGAGCGTGGAAGGTCTGTGCCAGGCAATGATAATTGGCTCCCCACAATCCGGCAACCTATGCGCAACGGACGAGATAAAGCAAGTGTGTCCCTAACCCGGAAATTACATGCGTGGAGGAATAATGAATACGCAAGGAGTCGGCAGGGATAGGTCTGGCCTCGGAATGCGAGGTCGAAACCCGCGGCGTGTTTGACGCGTAACAGGTCCCGGCTCCGTGCTCAATGCTCTTACAAATTGACGATGATCAATGACACTCCGTCTAGCGCAAGTTCCCGCCGCTACTCCGCCCATGAGGTGCCGTACATCGCAGTCAACGTCTTAACGGCTAGTCCAAATTTTTGGGGTCG,787,51.46,Arabidopsis thaliana
SEQ_624973,TCGGCGTAGCAGGAAGTGTTGCAAGGAGGCAAATAATCTAGCCCCTCAGGCTTCGGCAGCCCCCGTAGCGGACTAATCAACTTTTGTCCACTAGTGGGGACCGTAGTCGACCGGCCCGAATTCACTAGTGATCGCGGGACGAACCGCAGATTTTCATACAGTATGATGCTTGTACCCAGTCCCATTTCCCTCGTTGCCGGTTAGGACTAGCGTCAAACTATCTGCAAAGAGGGGTCGTATATTGGGTCTAGATTTGCTTTCCGGTACGGGGGGAGCTGCGGTGATTGTAAGGCTTGATGGAGTCATGACACTACGAATTTCAGGAGAGATAGGTTTCGTGTCCAGCGAGGGCTGCGGATACTAGAATGGATTCTCTTCAGAATTGATGACGTAGAATAATCCTTT,405,50.62,Drosophila melanogaster
SEQ_363125,CCATGGACGCGGGGTAAACCGTTTCTCTTTGATAATGTCGCGTAAACACCTTTCATCGGTATGGGAATCGTTAGTTGTCTTGCTATACCGTGCCGTTATCTGAACATAGCAGGCAGGAAGAACCGACGGGAGACATCGACCTTTTTAATGCACCGTCTGAATTAAAATTCTCTATCTCAGGTCCCCAGCAGTTCTAAAAGTCCCATTGCAACTGTATGCCCGAAACAGTGTGGGTACTCCGCAAGCGCCTTCACAGTCGTCTGCGTACATATCTCTGTGAGTATTGATTTGTGATAATGCAGGGGGAGAGAGAAGTGTCGGTGGGTCTAATAGACACGTCTACTTCTCGCACGAGAAGCAGGCATCATTACTAACATACACGTGTGGTGTCGGGCGACGATGGCACCGTTTAGTACGAAACCGAAGTAAGCGCCATAGCGTAGCCCCGCGCGCCGGTTTCCCAACCTGAGAGTTCGGTGATCCCGGTGAAAGCATCGGTTCGTTCCTTAAGGCATCGACATGACCACGTATTGTTACGCCGCATATCTGGCGACACTAGCAAGAGATAGGCTCTTCTTAGGAAATGTACACTGTAACATTTTGTAGCTCGGTGTGTGCTGTCCCATAACAGTGGACGACTACGCCTACATAAGCACCTATTGCTCAAATAGGAACCTCGATGGAGCGGTACCGTTGCCGTTATTGGTTCTTGCTAAGGTATGAGAGTGCCAACGCCCCGATTCTAGAAGTGTATTGCTTAAATGTAGCTAGCGGCCGACTGAGTTTTCGAAATACCGACGTTTTTTGACGACCATATGTCGGAGAGAACGTGTGTGCGAACTTGCAATTTAAGCGAGGTGTAGGTCGAACTGACAAAATCGGACCCTCTCCTAAGAATTCAGTTGCGGGCCGTTATGTACCACACTATTGACCGAAGAACCTCCAAATGGTTGACTGGCACGGCGCCTCCTACGGACGCGCGTGTCCATATTTTGGTTGTAATTTAGCTATTTTTCGGTGTCGCGGGGGGAGAGTGCCTAACGCATTTCCCGACCTACTATGCTGAGTCGGCTAGCCACACGGGACACGGATCGGGCGATTGTGTTCTGCGTGACGGCACGAATGTCCTGCCAGCTCCACTGTAGGAGAGTTAAGCCGGAGTAGCTGGATGTAAACGTTCACCGTTGGGGATGGCGAACTCGTGGCACTGTTGTTAGACGAATTCGAACATTACGTTGCTGCGGGCGGTATCGTGTGGTCCGTCTCTTGATCTATTATCCATCGAAGTTTGCGCCAACAGTCGTGGCAAAAAGTCGTATCTATAGCC,1327,50.19,Caenorhabditis elegans
SEQ_597584,GACGGGTCCATACAATGGAAAGCCTAGTGCTGAGACAGGCTCGCGTGGCCGATGTATGGCCATCTCGAAAGGGCGTTCTGGTACCTCGAAGCAACTGCCCAAGTGAGGTGGCGGCTACTCTTAGTCTGCTAAAGAAGTTGGGCCTGGGAGGTAATACCAGTGGGCCACATGAGTGCACCGACCTGTAAACTGATTACTTGAGGGTGTGATCGTTGCGGGTTTTAAGCCATACTCCTTATTGCAGGTTGAGGGAGCAAAAAAGGTAGCTGTCTCATAGGGGCCAATAAGAGTATGTTCAAGATACCTATCGGTACGCATCAAATTGCATAGGACGTCCGCGGGCTCCGAGATTTAAGCTGTTATTCGTAATGGTGACTATGTAGCTACTAGATGAAGGGTTGGCTCAAAACAGGCTCGGAGGTAGTTGAATAGCCGTGTTCAGCTCGATGTGTACTGCTGGGCCCAATACCGGCGCAGAGGGACGAAAATTGGTCATCATCCGACAATCGGATGGACTTGCAATTGAGTAGCTCGTACCA,539,50.65,Arabidopsis thaliana
SEQ_741440,GCTAATCTACGCACGACACCCTTTGGTCCAGGATCAGCCATCGAGGTCTCTCGAGGGTTGGCAGGCATACATCAGGTATACCTACTTGGCCTGAGTCCTGGCTCCGGGGTAGTAGGATTCTAGCCAAAGGCCCGCATGGTTTGTGTTATCAACGCACAGTCGCCTTGGCACAGGTCCCGAACGTTTCTCATCTTCCCCCGATTCGGTGCCCTGAGGTTTCTAGTCATGGCTGAAAACCGCACCAGGAGCACGACCGCTCCACCCCCGTCATCTTCCCCAGCTGCAGCAGCCTGGATAAAATGGGTACAGCTCCTCCCACGTACCCCCAGACGCAGTAACTATGCGCACAGTATTGTTATGGACACTGAGTGTGCACCGCCCAAGGGTTCGAAGAACGAGCGGGCTAGCGCTTTTGGAGGCAAACTGCCGGAGGGTATTCAGGTACTGTGAAGGCGTGCATAAGAGTGATGGGTATATATAGACGCGCCTCAACAGCTCCTTTGGATAATTTGATTGCACCTGGCCGCGACGACCATTCATTTGGGTTAGTTCTTTGGTTGGAAAAGAACCGAAATTATCACTATCTCGGAGAAATGATCTGAACAACCAAGTTGATGTGAAGCGCTCGAGACAAGGAGGGGCACCTAGCTCCT,653,53.45,Saccharomyces cerevisiae
SEQ_941526,TATGTTAAGCGAGTCCCACTTACTTTACGGATTAACTTTGAGAGTGAACTGGTTTCACTCGTGTCATGACTGGCCAGACACTAATTCTAGTTGAGAGTTTCACCGCATTAGGGTGCGTCCCCTCCGCCGCCGTGTCGATACGCTCGCTACCGAGTCTTGACAACGGACTACTTCTGCCAGCCGTCCCTGTACGGACAAGGTGAAGAGACCACGGCGATTAAACAGGGAGGATAAACTGAGCCCATGCTAAGCAGGTTCGCCTTTCATGTCGTCCCAGACCGTGCAGTCTTGTATAGATGTGGGGGAGGACGATGGGGCCCGGGCTGACAGATTGTAGTGATCTAAGCTAGCATCGTATTTTATTTGGGTATATATCGTCAGTATGCAAACCCATTCTTAACTTGGGAAAGTAGGGCGATTTAGTTCATTTCCAGTGCGTCGAGGCACGCGATCGTTGCTCCGGGTCCAGGGATGCGTTTATGAATCACGTTGAGGCGGTGCTGCTGCTTACTAAACCGCCACCTTGATGTCCGAAACAAACTCTTGTAGGAACTAAAAGACCTTACCGGTCTGTCCAGACATGAGGCCCTCTAATGGGGCATAATAATAGTGACGAAGCTGTTGCTCAGCGATCTATCGCCGTTTACTCCCGAATGATATGAGGCGGGGTTCTTTGGTTGGCAGGCGCATCCATAAAGAGTGACGGAGGACGAGGCAAGGTGTGGCACCGGAAATCAAACAAGACAGACATGGGTACGCCCAGATCCAACCCCCGGAGATAACAACCGCTTGTTTCATGTAGTCTTCGTAATTGACGCCTACCATGTGCTTCTCGCGTGGAGTTGCCGTTGGCTCACTGGAGGGTAGAGACAGAAGGACAAATCGGCTTCAGCGGAATCTTTAGGGATCGGGGTCATTTTGGCCCCCGGAGCCCCGTATTACCTGTCGGCCGCCTCAACGGACCAGCGATTGGGGGCAGAGTAAGTTGATTCACATTATCCGCACGTGTATTTTTTCGCAATGGGTATACATACCCAAGCGTAAGGGTATGGGATGGCGGCCCTAGCGGCAGCAGAGAACTACCGCAGTCTATTGAATTGTACAGGTATTGGCGACCGAAGGCATGCTTGTTTAAGGATTTACGTAAAGTATGAGCTTACTTCTCGATGGGAGCACGGAAACATACCCATAAATGTAATCCAACCCAAGTGGCACCTTAGGCCAAGAAACAAAGCTACCATATCGATTGTGTATT,1255,50.52,Homo sapiens
SEQ_357627,AAGAAATCCCCCAGCTCACCGCCAGCAGCAAAAAAGGTATGGTACAGTAGGTCCGGGCCATACATCACAAGGTGAGACACAGGACGTAGTTCGGCACATGATTCATAGGGTCACAGAGATACAAATCCCGGGAAATCTACCGGCTCCCGGTGGTTTTTTGCCCAAGCGGCTTAGGTAACAGAGCCATGCCGTCACTAAGTAGTCTCCGCTGTGAGACTATCGCCGCACTGGCCATAATTCTCCTTGGGTGAGTGCGGCACGATGCACCAAGATTTCACTCACGCCTAGCAAATCACTCCTAGCGATCCCCCCCCCCGCGTCTGCTCTCCAATTCACAGATGACTTTATGACACCGTAGATTT,362,52.76,Caenorhabditis elegans
SEQ_965116,TAAATCCTGTAATAAAATTAAACTCAATTTATGCGTCTCAGGGGTCTCTTGTAGAAACAGCCGCAGGCCGGCTGACACAGAGTAATGAGTGTGGGAGGCTTGGATTCTGTCATTGCAACATGACGCCATCTGGGGCTTTAAACTGTTGGCTGCATAGTAGAGACGTTCTATTCCGATTGATAAAACCATTCATACTCTCCTATAGCACCTGGAGGTGGACTTACTACGTATAGCCCCCTTGCGTCTAGCCACCCGCCAAATCCTAGCGGTCCGGAAGGAATAGATGCCCTTCGGCTATAAACCACCGGTACATCTGACATGCGCACAGGTCGAAGATTCACCCGCACGTGATTGGCAGGTCACCCAGTACACCTACTGGAAGACGAGATGCGGCCTACGCACGTCTCCCTATTCAGGGTCTCCATGGGTCCCCGAGTGGCCGTATATACACACCCTGCCATGCGAAACGAGGTGGATCTTGGCCCGTAGCGCGGTCCCAAGACTTTCAAACAACCTTGACGCGTTAAGAAATCTTTTTATCCACTCCCCCCTTAGTGCTGAATGAGCCGGTGAACCGCCGTGGGCGGGCACGAGGGGCGTGACCCCACGGGGGACTGGACCCCCGCGTGTTTCCACCAGCAGCTGAATGCCTTAGGGTCCTCAAAAATTCACTGTGCTGCTTTGGGAATTCATGTCCCAATAATATTTTATGGTGGGGACCCGCACAAAAACCGAAGACGATATTCAAGGGCGTGCCGGACGCGGCCTCCCAAGTCACCCCATGCTACATTGGATTCTGGACGGCCTGATAAGCGGCGCTGCAAGAGAATCCATCCTCAGGAAATGTATGACCAACTAAGGGGTTGGGTATACGCTCACGAAAGAGGAAAAAAGCAAGACCCTCTCTAATCAATTGCATTGCCTGAGTTCGCCAGTTGCATTAAGTGTGATTTGCCTCATCTGCCTATTCCATTGTGCACATTCCGTACCCATATAACGGGCGCATCATTTTTAGGCTGACCCATTCATTAAAGACACCCAAAAAAGGGTGGGAGCTTACCCCTGTTGCGGAACAAGTTAAAATGAAGAGAAAAAGACTCGAGTAGGTGGTTGGACTTTTATTGTTGGTTATCCTAACGCCGCGTGTAACATTTTTGGTGACTTCGTCTCAACCTTCTAGCCGGTGTGTGTAAGCTGTCAAGGAAGTACAATCATGATCCTATGTAAGCTTAAGATCCGTAGGTTAGATCATGTCCGTATCTCCTACGGCGTGACTACGAGGTGGCTCACCCGCTCCTGTAAGATAGTGAGGTTGCGTTGCACCAGTTGCGGACCGCTATTATTGTCGCCCAAACCTTACCTATGGTAACTCATATGCCGGTCCGCTACTAAACTAATTTTTCGCGTGACCAGGGTTAGTCGCAACGGCGCCCCGGCCTGAACGCGCATCGACGCAAGACCACTCAGTCACTCGCGGCAACTGGAATCTGCAGATCCAGAGGGCTAGCGTAATTCAATA,1519,50.82,Drosophila melanogaster
SEQ_538278,AAAGGCTCACATCCGCTCTCAGCACTTGATCTGAAAGTGAGACGTTATGTTCTCCGGAATGTGCTTTAGTGTGTCAACTCGCTGGCAACGTGAAATCTTTGAATCAAAGGCAGTCGCCAAATCGGGAAGAGATAAGGGACTCATTATGGCAGCGTCCCGTAGGAGTGGACACATAGCCTTCTATCACACCGTAGAACCTGTTAGATACGCTAAAAGATTGCGGTACTTTGTGACACGATTGTGATCTTAGTCGTCGGTAAGTGACGTCCAGGCTTTTATGTCTTCTAGTGACGGCGGGACCTGCATTCAGATGTATTCTAGGTCGATTGGAGGATGCCAACGACAAGAGGGCCGCCCTTCTACGGCTCAGGCGCGCAGCAGGATTCCATCTAACATGCGCGTGCACACGTTAGTGACATCAGGTGCATAACACGAAAACATGCCCGGGTCTTTCGCTTTCATTTTAGGCCGTTTATCGTGAGCGGCGGTCGGCTCAGTGTACTAAGGCGGGCCTTTGGCACGTAGCCTGGGTTAACGGGTGGATAGGCCAGGCATTTTCAGTCAAGGTCCATTAGCGCGTATCTATGGCTTATTACAATCACATTGTGTTGACCTCTCATCCAGTTTTCCATTATAGGCTCGATAACGTTGAATAAGGTCAGTCGGTCCTTTATTTATCCTTAATAGGACTATAGCTTGACTTTTACTACTGGCCAAAGCATCAGACTAAATCTGGTTTTTGGGGCCCAAAAAGTATCCAATATTCGTAAAACGGGAAAATGCCGTGGACATGAATAAAGCGGCGTAGCTTGCCCTCGCGTTGACTTGAAGCTTAGAGATCTTCCCGGAGATAGTCGGTGCTTGACGAAGTGACAGGCGGTATAGGTCAATGGGAACATGCCCTTTGATCCTCCAATCGTCTCGTTAAATGGGGAACAAGCAAGAACACTCCTTAACTGATAGCACACCCAGGACGGGTAACAATTCATGGCTAGGTTGTACATTATCATTAAGCGTATCTTGGATCCCTAGTGTTCATGCTCAAATATAATTCCCGCTTGTGACGAGGTGGAGCCAAGTATTTCTGCTGGCATCAGTGCGGACAGATTACACAAATGTTACAGCGCGTGAGCGGAGGCCCCGGAGGTAAATGAACAAAAGGTCGGCCAGCTGCTGAAGGGCGGAGAGTCGATACTAATCCTAGAAATTCAACCCATGCGGATCCTGTTCTCGATCAGCCGATATTCAATGACGGTTAACGCATTAACGCCTTGACGTACGATCGAGACGATGTCTTGATTGACATAAATCACCACCCACAACAACGGCGTAACACTCCACACCCAAAGGTCAACATTAGCAATCTCTTTCTATAGATGTCGTAATAGTCTGGAGCGTTGGTCTGACGGACAACCCGCCTCGAAGAGCTCCACAACCAGATGGGGTAGTTCCCGAATGCCGAAGCTCATTCGTGAAGAAAAGACTTATCCTTGCGTAGACATCATTCTTCGGGAACCTGGTTTCTCTCTGGACGTGTATTCCTTTGACCTACGATATCAGAGCTGGGACCGATCTTGGTTTTTATCACAATTGCCATCTCTGCGGCTATCGAATGGATATAAGTGAAAGTGAGTTCCTGGGGAGTCCTCAGATGACTTAGAGTCGTAGTGGGGAAGCCTTCGTAGTTTGTCAGGGCCCATAAACCCATCGTATTTGTTTTTTATATTCCAGTGGGCTGTCAACCAGATCCTATGTAACATAGTGATACAAAGGCATACAGACACGGATA,1789,47.57,Arabidopsis thaliana
SEQ_359726,GTGCGGAACGAGACTAATGCCCCTTAAGACCCATTACAAAGTAACCCGTATCCAGTTTTAGTATGGTCCTCCTGGTACTGAGCAAGGATCTCTTCTACCCCTCGGGCATTGGTTGTAATTACGTTGCCATCGGAAACACACACGGAATCCGGATGCATGAATTCGAGTGGCTTTTGCTTTAGACCAACGCGGGATTTTGACCGTATACTCACCTGCAAGGGAATCTAAGATTCCTGATATATAAATGAAAACTCGTCCAGGCCGGTCACAACTCAGTCCCAGCCGCTTCTTATGCTACTAGTGTAAGGTCTCCTCGGGAATAGCGACGTATCCCTAAGAGCCGGGGGACACCACAGTGTTTGTCCACGAGGCTAACCATAAGCGCATACTTCCAAGGGACATTGTGCGCTCTTTAACTGTCCCCATGCTTATAGATTTTATCTGACGGCAGGTTCCGACTTCAGTAATATATTAGGAGTCTTAACAGTTTTCCCCCACCTCAGCCTTCTCATTCACCAGGCGGGCATCATTATCAAACATACCGGTTGGACCCTCGGTGGACAAAGTTATACAGGGGATACTCTAGGGCGCCAGTAGAGTATTCCGAATTACATGCCACTGATAACGGGTTTACTCAATTGGCGTAAAATGTAAAATAGGGCGCAGGTCAACTCTAGTTTTGCCGACCCAGGACATAAATCTCCCCTCGTTGCCGTCTCCTTGGGGCGGGCATCGTGAAACAAGTTGGGACTGGCGGAGGAGGACACACAGGTGGCCAGTCTAGCATAACACCGCTAGTCGTACGGAGGTTCAAGCAATCGCCTATTACGTATAAGCAGCCCGTTAAGTACGTAACCGCGCCTCCTTTTGCCATTTCGCGCAGGTCATAGTTGGCCCAACCTGGAGCGATCTTCTGGAATACAAATTATGCACTCTTGAACTCAGGGGCGACAAGCCTGGTCTTGTTTTCCGGAGCCT,978,49.59,Homo sapiens
SEQ_227269,CTCTGCGACGGGGCCACGCCATATCTGGGCACACGCTGTTCTACTCAATAGACGGAGCGTGCATCAT,67,58.21,Drosophila melanogaster
SEQ_726317,CAATTCCGAGCCATGCCACAGCGGTAGCAGCCAAGGTCGTCGGTGCCTTCATAGCAAGCTTACTGGAAGAAAACAGGACATTATCGGGTCCAATAGCGTACCAATACGGCAGGGGGGGCGGGCTCAAGTGAGCTAGGCTATGTCCTTTTACCAATTGCCGCTATGTGTACTCGCCAAGATTGGTGTGGACCGACCCACGGGATCTCTAGCATAGAGAAGGTCCTCGATTTTATTCTAACCGACCCTAGCAACTCGGGGTCGACCCCCCCCAATGTCTTAGTCGCGGGGATCGTGAGGAAAGTTGCTCACTGTATTGCTTCCTAATCAACTATGGTACGTAGCTTAGAAATGATAGTGTTGTTGCGAATGTATCTATACATCTCCTAGTCTGACGGGCGAATAACGCATGTACACTCGATAGCGAGCTCTCGTGGGGGGCCGACTATATGGAATTAGCCAGGATTCTAAGAATGTACCCGGAATGCTGCCAAGAGTGTAGATCCCGGCTTCACCGATCAGTCGTGGATCCATTTCGATCATAGTATGGTCCTAACGCTTTCATCACGGCCCGTATACAAATAGATACTATTTCCTTAAGACGTATGCTCGTGTACAACCTGCTCCACATTCATTCATTAGGGGTCTGACAAGTGTCAGTAAGCTTCACACGCGCCAGTGAGCTCATTAGCTTTATGCTAATCCTTAATGGCTAAGCACACTGATTCCTCTTATTCTAAACCTCACACCCCTTCAACTTGAACCGTGATTATCCTACTGTGATGCGTTGACCTCGCGGCGTGATCATTTAAGGACGGCGAGGGGAAGGATAGAGCACTGTATAACCAGACTTTCTCGCGAGGGTTACGGCAATATTAGGCGACGTTCCGTATGGTCGTCTACCGTGGAGAAGCGTGGACCTAAATGCTAGTTTCGACTGTTAACCGGGCGCGAAACGGCAGGGAGTTCTTCACGGGGCGCTCTGATTTCTCAAAGTGTTCATTGTATGCCCTTCGGTAGGCGGCATACGCGTTGCCGTAGTCGTATACTGTAAGATTATGACGTTGTGGTTAACTCCATGTAAATCCCGGAAGCGTGACGCTTGCAGCAGTGCTTAGACCTACGCTGTCCTGGCTACCGTCGTTATTTGGGGGTCTTAACTTGTTGCCATCATTCTAACCTCCAGCCCCCG,1189,49.96,Saccharomyces cerevisiae
SEQ_604128,AAGCGTTTGAGATCGTTGGTCTCTCGTTGATGTGCTGGCCAAAGAACAGAGGTGGTCATACCTCGCATCTACGTCATGTGCTATGCTAAGCTCTAGTAACGTTCTTTGCGATTGTATCCAACGTGCGGGTACCTGTGAACATGCAATATACCAGATCCACCAGGATGTTGTTGTAATAGCCACAATGGCTCTGGCGCAAATCACCGTAACGCATCTCAAAAACGCATTTCCGTTCTACTGGGGCCCACTCTCAAATTCACCGTCTGCTGTGAGAGCCAATCGGACCGCCCATCTGGACGAAGTCGATGGCAGATATTGGTATTAACGAGCGTCTATAACGCATTCGGAAACGAGAGAATTTACTAGCTCCGGTTCGACGGTGGCCGGATACTAGCTAGTCAAGGGGAGACCCATCTTTTGGTCGTTTACAATGTGCAAGATCGAGGCAGCTCGACGGAGGGAATCTCCTCGCCCTCGTCCTTGGTAATCGGGGACCAGTAAGGAATATCGTACCGGGCGATGCGACAGGGATTACACTCCAACGCCTTACACTGCCCAGGTAGAAGGGACTGCCGTATGGACAACCACTAACGGCTTTGTTCAGTTTTTTACGTGACAACGTCCACCACTTATTTCAGCTGCCTTCCCGGCTACGGGTCCACACCGGCTAGCACCCGCTCGAACCCGCAGCCAGTAGCTGCGGATCTCGAGCTGAGCTACGTGCGTTCCACCATGGTAATAACAATTTAAGGCCCCAGACGATGGATCGGTGTTTGTTCAATAGGGCCATATGGGGACGTTCTACAGAACAATTGTTGCGCTAATGCGCCAGCCAGCCAGTCAGGCCGTTGTTATGTAGTACGCTAAACAGCATAGGTCTTGCCTCGCACGATCGGAATACCTTTGCGCCTAGGAATGATGATCGCCTAGGCCCTCGCGACAGCGGTATGGATTCTAAACAAGTTGGATTCGTCAAGACTTAGTGAATCTGTGCACGCCCGTGGTCCACCACCAGGAGTCAAAGCCCTCATGCGGTATAAGCAACACACAGTAACACGAGCTCAGTCCAGATTAAACGTGTTTGGGTATACCTGCGCGAACTTCAATATTAGAGTTTCTCTACTGACCCCTCTATAGCAGACAATAATTATTAAATTAGTCGTGGAGCACATGGACTGCATGTCCCAAATTTGGGGGGGTAAACACTTTTCCTCGGTAGGGGCCCTATTTTTCTGGAGCTTGGATTGACGTCGTGGCTGTAAAGCTGGACTAATTAGGGTCCGGCCTCGTGATCTGTTTGGAAGGGGGCAACCTTGTCTACAATTGATTGATCTGATCTGGGAGTCGAATCGTCGCGTCCGCCGTCCACTTGCAGTTCGCCCTGGAGATACGAAGACGCAGTTGGTGATCAGTAATCACACCCGGGTATTTAAACGGACGCATATCCAATCCCGAGTCAGCTACCTTTCTGGACCAATAGTGCCGGGAGGATCAAGAATGTTCCCGCTCCTTCGCTCGAAGATCGATTATGAGCGACTTCTACCGAAGATGAGTTGTCACATCCTCGATCACTACTCCAAGACTATGCGCTGAGTCCCCACTACCCTTAAACCCTGAAATAGACCCTAATGCTCGTGTCGGGTTCCTCGTCCCCGGTCAGCCTATTTACCAGGGTT,1676,50.95,Drosophila melanogaster
SEQ_216232,TTGTGGGCGCTTGTTTACTTTAGTAAGGGGCATACTATGTTTTACAAATCGGTCACTCGCAATACTGAGAATCGAATCCACCGCTATTTGTGCAATGGACTGGATCGCCGTGCGACGACTGAAGACGATACCGTACGTTCATTCATTCTGGGTCCTGAGTCATTTTTAGCATAA,174,44.83,Arabidopsis thaliana
SEQ_777488,TTCACTTATCCGACAGAGCTCGTCAAAAACCCCTTAATGACGGTAGACTGAGTTAATTTCGCGTCAGATCGGGAGTCCTGTTTCCGGAGGCGGATATGCTTTCCAAGCGGAAACTCTCTGTGCTACCAGATCCTGGGCGCAAAATCCACTTGCTCTTACAAGGTCGCCTTCGTTCAATATCACTATAAGAATGCCATGACCACCCGGGGGTGGATGACCTCATTCCTTACGCATCTGCCATGCCTTACACTGATGTGATGACGCACATAGGGGTGTGGTAGAATCCACCGCACCAAGCCGGGTGTCGTTGGATTCAGCCCCCTCGACAATTCAGTAGCTGATGCGCCTCAGACAGACCTTAGGCGGTCTGTAGGAACCATAGTTTTAGTACCCGCCGATGC,401,51.87,Mus musculus
SEQ_959904,TAGGCAGAGACTTTTTGAATTATCCTACGGAACTTACAGAATAGCACAGCCCCAGGGAGGTCACGGTCGTCGAGTTGTTCAATAAGATCATATCCGTGAACTTGGTACACATATGCCTAATTTTGACTGGCCGGTGACCCTACCAGATTGCCTCCAGACGGGAAGACTACTCTAGATAAGTAGGTTGTTTGGCCCGAATCTTGATCGACAACGTTGCATGAGGTTATATTAGGTATCCCTCACGGATAGGCCGCACCGGAATTGAGTGATGCTGTAGGTTATGAGCCATAGATGACACCTCCTCATAGCGAGACGATATTAACCGGAGTTCGCCCCCCTTACTATTTATGACGCAGGTGGGCGGTCGTCCCAGAATCTTTGTCTCCATGAAGGCTTCTTGATTCCCTGCTCAGCAAGCTTTCGGTCTGAGACGGGGATTTGTGCCCCTAGAAGTTCATTGCGGCCCCTGGTTACTATCTCAGCCACGCGACTAGTAGGGTTAAGTTTTGGGATAATACTTTACCCTGGACGCACTTTTTGACGGAACGGGTTGGGATACAAATTACAATGGTTCCCCGCGAGTGATCGAGTTATAGTGATTTGACGTCGGATTTAGCCGGCACCCAATTGCCGGCAGGCGGAACTGTTGTTTTATCCGCAACCCTGCCTTGCTAGTGACCCCGATGTTGGGTTCACTGGTGCCTTACGGAACTATGTCACAAATCCGACATGCATGTCAAGTTGGGTTCCGGGGCTGTAGAAAGGGCCTAATTAACGCAGGGCGGAAATACTCTGACTAAGAAGTACGCAAGTTTAAGCGGACCCCGGCCAAAAAGTAAGGTAAAACGAGTCCTCAGGTTAATCCTTATCGATCTCGTGACGATAACGAGGATAGAACCAGGGCATCAGGGCTTCCCGATCTATTACGCATCTGGCGATCAATTGTGACGACTCCTTCTGTTGAATTCAACTCTACAAGGCACCTACTGCCCGCGTAGGAAGGATAATATTTGAACTGCAACACAAGGATGAGGGTGAGCGCT,1043,49.19,Arabidopsis thaliana
SEQ_346141,TAGACACTTAGCCAGCTTCTGTTTTGTGCCAGATCGCTTAAGGCTCTGGACACACACGTCCGCCTGTAACCCTATCGTGAAAACATTTGTGGATCTCCATCTGGGAATAGCACTTGGAGAGCTCTCGATACCCATGGCAGACTTTCTAGTTTCGTGAATTCTTGTTGGTGAGTTTCCGACTGTATAGACCCGTGCGTTAACGTTGTGCGTACTCCATAGGCAATTGTTAATCCGTAACCGTCTTCAATTCTACACCCTCAACGAGTGGTATACCTATGCCGGCCTATCCTATGGGTATGGCAACATTGTGTTTGACCTTAGGCGGCTTGCTGGAGTCATCTATCGCCAGCCACAGCTCGAAGAGTTGCCCAGGCCAGTGCATCCTTGTCGACCATAAGTGACCTCGAAGGCCTACCTGCGCTTTAGGCGGAAGTACCTCACGTCGTTATAAACCTAAGCTTTACGCTCTAGTGACACTGCCTAGCTTGCAACCATTGGTCACGAAGCGAGACGTCGAATTAGTGCAGCGAGCCCCGCTCGTATCTTAACCGGGCTGCTTCTGCACACGAGATCCCACGTTAGCGCTACCCTACGGCTTCGGTTCCCCTCCCACTAGAAGCGCAATAAGTTTGTGTAATCTTTAGCGAGGCTGTCATTATTCAGAAACGGCATTTGCGCCGATTATCCTAAAGACACATCCCTGCGTATTTGCTTCAGCTCTCAGCTACCTTGAGAAAATGGCTGCGAGGCATGTGCTTGAGATAAAGGTTTAACTAATCTTATAGGACTTGGACAACCCTAGCCAGACGTGCTCAACCCCGGCCTTATCTGTCAATGATTGTCCTTATTGCTTATACATGCCCGCGGAACAGGGGACACTGCGGAAGGTGATGGTTGCCTCAACACGCGTCAAACGTGACTGGTGGAGACTATAGAGAAATTAGCACGTGAGGAAATTGGTATATCGCGTCCAGTTAGCTTGGGACCCCCCATGAAATATAGTTGTACCCATCACGCGACATCATATTAGGATTCTTGACCCTCCTAGCGTGCGTCTGCGTTTCCATAACTCCGAGCATTTCAGGCAGCGTCAAGATTGGAGGTATTTCCTACCTTTGCGATAACAAAGCCGGGTGCGCCCGTGTGCGGCTGCGCAGCGGCAGAAAGCGCAGGCCATCTCCAAAGCATTAGCGCCCGTAATATGGCAGCTACTCGACTGCTCTCAGCAAACAACTCTTCGCCTCCACTGTTTGCCACCCTAACTCAGTAAGAGTTCTAGCGTCAGCTATTCGGGACGACCGGGCGAAGCTTACTAATCGTCCTTTCGGAAGTCACCCGGGGCTGAGCCAGTTCATCCTGGACCACATAAGGTTCGTTCCGTCTCACGATCTATCGTCTAAGGCCTTAGTGGCTTTAATCTCTGAGCCAATCGGTGGTTGTGGGGGAGCTTGTAAATCTGATCCTCGGGGAATCCTAACCGCGCTCTATCCGTCTGGTATTAGTCAGCGCGGATTCGGCGAGCTATATCGATCACTTCGGCGGCCAGGGTCCTAGTAGCGCCGTACGACTTTAGTTGTTTCTACTCCCAGTTACCTGCTTTAAACGTCGACTGTATGAAGGGATGTATTGGTTGCGACCCCATCATGTCTCAGGTTTCTACGCGGAATCCCATGGTTTTGTCGTTGCTTCAACCTGCAGCAATCGCTTCGTTTTCTCGTCCACGGCCGACATGATCTCGGGCTTCGACCACAGCGAGAGGATTGCGTGCAACATGTAACATTTAGG,1785,51.04,Homo sapiens
SEQ_270725,GCATTCCAAATTATGGTATCTAACTGTGGGTCCAAGGAGGCGGAACAAATGAAAGAATGGCGCAAGCACGCAGATCGAGAATGATAGGCACGATAATCCTCAGGGATTTTGCATGGGCTTGGCAATACGCGCACGGATCTAGTATACCATTAAACTATAGAGGTTTTCACGACATTGAGCGCAGAGGTAGCCCACTCCGACGAACGCGCAGAACTACCTCTCTCACCAATAACCCCCTACCTTAATGTAAGTCGCACAGCTGTCCATACCTGAGGAATCGTTCGTCTATTCGTCCTCAATTATAGGGTGATACGTCGCGGCATTCCCAAGCAAACCAGGATGACCATTAACCTCAGCCAGTTAGCAGGAGGCTAATCTTGAGGCTAATTTCATCTATTTGCTGGGGGTTTGTCCGCTTAGGAAACTTTGAGCTAGCATAGCCATGCGGGCCCATGAATACACAGTCTACCGGAGTGAGACACTTAGATCGGAGCAGTGCAGGAAAACGGCGACAAACCCGCTCGCTGCAGTCCGGATGCCTGTGGGCGAACTGCTCAGCCCCTAGGTTATGCCGCGAGCGTTATTCCAATACTTGTTACCCTCGAAAGTTAGCATGATCACAACGATGTCGCTTTAACATCCACAGCAGGCCATCGTTAAGTGGCCTCTTTCCACCTCTCGTTCGTAGTACCACAGGACATCCCTCAAGGGTGGGTCAGGATTTTAAAGGTTGATAATTTACAGAAGCAATATGCGTACTTGCCTCGATATGAAGCTCCTCGCGTCGCCGAACCCCGTTTATCGATCCTTGTATCTGACGTCTAGATTGATGCTATGTGGATAGTGGCGCATAAGATCAGCTGCACGAAACGGAAGTTACGAGAGCCACATGAGAGCACACGGCAACAGGCTTATAATGGCCGTTTGCGGACCATCCTCGATTCCGAGATGAGATGAGCGGCTAGGCCCTCTACCGCACTATGCAGAGTGGCCTTTTAATTCTAGACCACACGCATGGGTGCAAGACCAGGATAATGGGGACACTAGTCGAACTTACGATCACCAAGGAATTACCAATAGTGGATCCGTTACAGTGCGACCCATGCGCTACTCAGGCTCACCTTTTTCTAACTCTCTCCGCTTGGCAGTATACCTCAAGGCCGTACGGCCACCCAAGCGGGTGGTCAAGCATCATAAGCCCTTAATCCGGGTTTTTTTTAATAATACCGCGGTCAGGCAGCACCGGTGGTACCCGATAGAAGCCGAATCCCTGGTAGGACATGCGCGGACAGGTAGATTGGCGTAGTCGCTCGTTTCGAGGTCCAGATTCGTATTGGCTAAGGAGTACCTCGGTACCGTGTGCTGAACGCGTTCACAAAGGGCGTATCAATAAGACCGCCGTTACGAGCCAATCTACCCGGTCCTAGAGTTGCCATTTTGTGTGAATTGAATGTATCTACGCAGAGCTGTGGATGAAGTGAGCGTGATCTCCAATCAGAGGCTATCCCACTCGGCCGATTGGACGCATTTAGAGGAGATTTTGTGGCGCGAGGGTCATCGATCTAGGTCTTCCGTCTACGTCGAGACTGAGCGGGTGTCTATCTATGCTGCCCTTACAAGCAATTGCGGTGCGTACGCTGAAAACGGATTCAATACTTAAGGGCGCGGAGACCGTTGCTAGTGCTGCGTGTGAAGCGTTCTGTGGCCATACGTGACCATCGGCATGCTAGATCACCCCGACCTCGGATTTGACAGGGTGTTCATAGTGAATCCGTTCTAACGAGCCGGAACTCGGAAAGACTACAGCGCCGTTCTCAGACGCGCGATACACAGCTACATCACGTACATCCGCGGGCGGAGCAGATTGCCTTGGCTGGCCACCAAACAGACTCCCACAAATTCAAAGATACGAAGTGCTTCAGCCGGTATACTGGCGTTCCAAATTTCG,1948,51.23,Homo sapiens
SEQ_671706,TTCCGGAGTGCGAAATCAACACTAAGCCGAAGGGGTCAGACCCGTTATCCTCGGGCGGGTGAACCGGGAGTTTTTTTACTCTCTCACTAGTTGATCGCATAAATAAGAAGTAGCCTCAGCACCAAGGTCTCTCCCCCAGAGAGTGCCTATTACAACGCGTCACTCACGCGTCCTCTGCCGGGGTGCATCGCGCACCCCCGGCAGGAGTCCCGGAAAGAACTATCGACAAATTCCTATTAGTCATAAATTTAACTTCCAATTACTATGGAGTTGAGGACAGGGGGATAAGATAGATCGCAAATGGGACTATCTCCCTCCGAACTGCGTCCCAAGTATGGGGAACAGTTTGGCTAGGATCCGTGACCAAAACATTTCAATGTGGCCATTCCTTGCTGCTCATCAGGACGAACACAGAATCTCCGTTCACCTTACAGCGGGCCATATACCATGATAAGCACGGGTCCTAGGTAGATACGTGGCCACCGGTATGTCAACGAATCCCAGTCGCTCATACGCTGCTAATTTCTTGTCTCTTTAATTTTCGGCCGGTCGTACCTCCTGACGCGCAATCATGGTTCCATCATTCGGCTACTGGCCGCCCCAGCGCGGGTGTGCCTTCGATTAATTGGCGAGGTCGTTCCTAAAACGTAGCCCGTGTAGAATGTTAGCGACTGCGCGAGCTCGAATCGATTTGCCGTATTGTGATGCACCAGACAACATTAGTGCTCCGGTGAGCTTCACCGGATCTTAGTGGACGATGTACATACGTTTAGGCATCGCGCAAGGTCCAGCTGACAGGCGCTGGAATAGACTCGATAAGTAGGCAGCATTAGCACAAATCAGATACATTGTCCGGCTATCCGAACGCGAATGTTCTACACTACGATGTCAGTATCCCTGACTAGTTACTATGTTGGCAACTATAAGTCATTCCAAATAGAGAGCAGGGGCAAACTCTAACTCAGAGCAACGTTTCTCGAGGATCATGTATCTGTTTGGGGTTTAGAGAAGCTTCCCGTCGCGACGAGGGGTTTACTATCTTTACTGTGACCGTGAAATTAAAAGCCGCGCAGTTCCCCGTAAGGAG,1087,50.23,Drosophila melanogaster
SEQ_918499,TCTCGCTAGGGGGGGGCTGCTTAGAGCCTTTGTATATAACTAAGAGTCCAAGTAAATTCATCGATTACTGATTTGGAAGGAAGTCCGCGGCGTCCTCGAGGTTCGATGGGAAGAATGGTTGCCCTGAAACCATAGTAGCATGTTTGGTTGTCAGGCCGGAATCAGATACTTATAATACGGTATATTTCTATGTTTGAAAACACTGGGTACTGGGCGAACTTGTCCTTACTAATCACCGTCTGAACAAGAAAGCTTTGAAACTCTATCATGTACGAGACCCAGCGATACCTATGGCCAGAGGGCTTCAATACTCGGAAATACGGCTTATAAGAGGAATTCTTCCTGACAGTACGCTGGATGTTCGCTAAGCCCCCTTTGAATCCTCGCCTGGCGACAT,397,46.35,Escherichia coli
SEQ_857435,ATCTGGGGGGATCCTTGCGAAACTAAAAAGGCTCCCGTATGGGAATGCCTCATCTAGCGACAGTGCGATACGTTGAGAAAAGTCTGCATAACTCTACTAGATCAAAAGTTCGATATTACGAACCAACTCACTCATCACTATAAATCATGATGTGAACGTTGGGGCTCAAACCCCAGACGACCCAGTCGAGAGTTGTTCTTTTCTGGCATTCAATTCCCGAGTGAGCATGTCCTGGGCAGATTGTGTTCGCCAGAAGTTCGGTAACAAGCCTACCACCGGATCTACACCTAGACGAGACACTTCCACGGATGGCTACCCGTAGCAAGATACGGCGCACATTCTGACACTAATGGTTTGCACCTTACCTGGTCTGTAGCTTGAATGATGGTTATGTTACGTTAACAGATCGGACAATCGGCGGCGCTGAGGCGGGATGGCTCTGTTTTAGCATCGTTTGTTGTTCTTTAGAGAATCGATACCTTCCCCGTGCGAATACAAGGCTCATGTATTTACCATTTCGATGGCATGAAGGATATACCGGTCCTTGATTCCTGCGAGGTAAAACGAAGTTGGCGGTTCTCAACAAGCGGAGCCCGCTACGGCATTCGTCACCCTAATGTCCGGGAGCAGGGCACTCATTTCTTGAGCGGGCTCGGTTCCAAGTATAGGATGCGCATGACCTCACCGAAGAGGCTAACGAGCATGCGTGAGGAGAACTGATAGGATACCAAAAATCACCCATATAAGTCCAGATACTGATTTCATCCCCCCTGATAAATAAGCTCAACAGCTCTATCGTACTGTAAAGAGCTAGCACGCCTGATGCAGTGGGTGATCCCTTCTCTCGCTGGGGTACCGTAAGTGGAAGAGAACTCCCGATAGGATACCTCCGACCTGACTGCATATACAGTATCTATGCCTATATAGTATTTTTTAGAAGATTGCCTGGACCAAACACTATATCGGTACCACTAGTCGGGGTGGTGTTATAAGATGTATTCGTTGGCGAAAAGCTTCTCCGTAGGGCTACGTCGTGGAGAGGGAAGGGAACACGGGTGCTTGGGGCAAGTGGTTGTAACGTAGTTTGTGACATCATTGTTATGAAGTAGACACCACGTCAACGTAATTGGGATCGGCTCTTAAACACTTATGGAATTTACGCGGAAATTTGGTCTCATTGATGTTGACAGTAAGGGAGCCTCCAAACGAGCCCTTGGTCCGGTAATTGGTGGCTGGACGTATCTGTGTAGACCTTAACCGCAAGTGACGTTGTACATCTCACGACTAACCCACATGCTGGACAGTATCCCTGGGTTGGCGGTAATCTTCTACCAACTTATTTTAAGGCCATAAACGGAGTCCGATTGAACTCCTCAAGCATCGTTTCCATACCGTTATAGATCCGCGCAACTGTGTTCAACTAACTAAGGAATCCAGTGAGGGTAAAGAACGCAAGGTGTAGCGATTTGACATCTCGTTCAGCTGAGCGTTATTCTAGGTATGCTCCCGTTCCACGAGATCGTATCAGCGGCGAGTCCGTGGGAGACGTACACTTTGCTTAGGGCAATTCCCGTACATTAGATTACTGTTCGTAATCCCATACGTGGCCGCGAGTCCATTCCATCACGCTCTGAATTGAACCCAGCGGAGCCAAGGAAACTATATCCGATCCTGCCCGTTGACCTCAAGGTGCCAAATTTAATTCACTAAA,1711,48.16,Drosophila melanogaster
SEQ_589890,ATTAAATTCCTACATCATACCCAAGGATTAAGCCTTCCGTGACCTACTCGTAGAGTAATGCTCAATTTCTGTCAAGTATTCCTAGTTATGAAGGGTTCCAAAGCTTTCTTCACTTCCGTATGCGTGCGTACCGTTTGAGCCGCGTCTTGTAAGTCTGACGAGTTAACAAGAGTGCGCTTTGCAGGCAACCCAGCTGGAATGGTAGGTGGCTTTTTTGAGGAGAGATCGCAGGGAATTTAAGCTGCCCTCACTAACGACGGTGTGGCGTGTGAGGGGTCCTCGGGTATAAGGGGCAGTGGACGTTTTATCTTGCATGAGCTAATCACTTGATCCTGTTAACTGTGATCTTGAACATGTCTTCCCGGCAGCGATCATTCGTAATAGACCATACCAGTGGCTTTCGGTTGACTGTAATAATCGCTTCCATAGTTATCACTTTGTCGACAGGCGGAATTTCCTCCGATAAGGCAAGCCCCCGTCGTCATCAGGTGTAGACAGGGCGGTACGTTCACACTACGCGGGTCGCGGCACAGAGGGTATCATATCTTCTCCGTCAATCCTCTGGAAATATTTGAGGCTTCAATATGAAGGAGCGAAAAAGGACAGAGCGGTGCTATTATACATTTTCCCTTACAGAAAGATGCCGGCAGTAAATTTCGGTCAATACACTGATAGGCATCAAACTCGTTTGCTTCTGTGGATAAAAACTTGCTGTCCATGATTGTACCCGCTTACGGGGCGACGTCGCGGGGCTGATAGCCAAACTTCCGTTCCTGGTGCGCTTACCACTAGCGGATGGACCGAGCAGGTTCTTAGAGTCGCGGGACAACACGGGCGTATAAAGAAGGCAAACTGGCCCTCAAGGGTCATCAAGGGCCAAACGTGTCAGAAGAACCCGTTCCGCAAGTACGCACAAAACCTGCGATCAAGAGCTGCCCCACACAAGGGGACGAATCCGGTCGACTGACCGCTAACTGCTGTCTCCCCAATCTCTATCCCACCCAGTATGAGTGCTGACTGCTTCTTTAAGCGCACGGCATAACGGGCGATAGCTTAGCCCAACCAGTGTAATCAAACCAGTCTTTTTGGAGCTCACAGCCTCAAGCGTTGTGAAGCACCAGGAGCAGAGGTGTCGCTGGACTGAGTTTTCGGATTGTATTCAGTCATCTTTGTGCAACTCACTAAGATGTCGAGGTTGAGCACGGCAAGTATGCTCCTGAAAACTCCCGAATCGGCGACCTAGCCAATCTAGTGGAACAAATCTGTATAATCTCATTCCAGCATTCAATGATCGAGAGTGAAATATTTATATGTCCGTCTTCGCCCACTGTACCAATTGCGCTCGGAAGAACATTTGCATACGTTACCACTAACAGACCCCCGCCCTTGAGCAGGTTTGCGATAACTGGCACCTCGTCGCGTTGATACTAGCCCCCTAGCAATTATTTAGTTCGATCAGATATGTAATAGTGGATTGAGCAGCATCGAATGAATCACGGGCGACCCTGGTTGGTGGCAGCCTTCTCAAAATATTAGTCACCACTCTTGGAAGAGTCAATTATTGGCCGCGAGACCACTATATCGGTGGATTGCCGTCCTCATGC,1604,49.19,Homo sapiens
SEQ_673673,TTCCGCTGATAGAAGTGGTCTTTACTGCGATCACGCATATTTCACCAGAATTCACTCACTAGCCACCGGGGTAGAAAGTCGCGCCCATCCGGTCCGGGAACTGGACCGTTCGTCGTTTTAGTATCATAGCGCCGGTGAGTGTGAAGGGACTAATGGATTAACTAATATGTGGCTAGAATTCCGGTGTGTTCCAAATGAGAACTTAGGTGGCGTAGCGCCGCACCGCACGTGTGATTACCGGCCTCCCTTCGGATCCAGCTTAGAAGTTCATAATGCGTACCAGACGGTTGAACATACGACCTATGTATAGTTCCGTTGGTTGCTGGTGTTAGTCAACAATTTTTTTTGCAAAGATCCAGTCCTGCGACTCACCTAGATAGGATGTCGAGAGGATGAACAGCTAAAGAGCGCACAGCCGAAGCTCCCCAGATTAAAGCGTTCCTCTATATCAGAAGACCCACCACTCCCGTCCTTGCCTGCTACAGGTTGGCTTAGGGAACTTACCTCGGTAAGCAGGCCTATACGAGGGAAGACGGCTCAAAAATATAACGGCTTCTCTGATGCACGACAATCCTCGCACTGGTAGGTAACGGCTTGTTGGCCCAAGACGGCCTTACAACTGTGGTTGGCGCGGTTAAGTTTCGTCTGTTAGAAGAGTATTTCGTGCCTTAGTATGCAAAATCACTACCAGCACAGCTATGGTCTTAGGGTTGTTTTTACAAAAACCGGCCACTGCCACCACCGGGGCACGGCATTTCCGAGAACACTAAAGTGGCCACGTGCGCGTGTTTCGAGATTGTTGCGTACGTGCCTACGTGTGATTCACTCCCACTCCGTAACTCCGCTGCCGGACTACGTTGCAAAAATTTAACTAATAAATTCTGATAAATTTCAGTAATACAGGTAACGCATAGTATGTTAAGGGAGCAGCAAGAATTGACACAGGAGTCATCTTCAATGGAATCCGCACGGCAACAGACGCTGACGCACTAGTATTCTAGTATAATTACTAGGCTAAACCAGTTAATTGATTTTAAGAAGCAAAATAGTGTGACTCTATTGGTGCGTGCGTTCTCACGTGCCCACTAAAGAAAGCCGTCACCCAATCGGCTAAGAAGTTGGTAAGGGACCCATCCTCATGCGGCGCATTCTTTATTAAACCGACTCTCCATGTATGTGATCGGCCAAAGCCTGATCTAGTCTTACGGAATATACCTAAGGACCATGCCCGCGGCGCTGATTCTCCTCGTGCTTTACGTGGGAACAC,1267,48.46,Arabidopsis thaliana
SEQ_907036,TGGAATCTTATCTAGGACATGCGTCGACTCAGGCCAAAAGTCACTTCCACCCAGTGATGGTTAGCCCAGCGGGGATATTACGCCCTGCGCTTCAACGCTCCACGAATTGGGGTATGCAACCGGGGCCCCATAAGTCAGGAATTATTTCCCTTAATGCTAACAGCAAAAGATAGCTTACACGTAATGAAGCATCGTGCCTGGTGTCTCAAGCTATCACATAGCTCGTACACCACCAACTCCAATGAGAGTGGTGCATGAGGCTATTACGAAGGCAATTCACTGGTGGCAGGTCTGAGAAGGCAGACCAGTTATGAATACGGCATAACCAACTATTGTACGC,340,49.12,Arabidopsis thaliana
SEQ_486243,CATGGACGAGTTCGCAAGCCTGTCCAGGACAGTCATGAATAGGATTCTAATAGCAGCGGCTTTACGGCCAGTTCGTGTAAACCTGACCTGGCGTTTCTTTGAGTGGTGGGAACATTCCAGACAAGTTTCCGGTTGCGCGGGCAGTCTAGTGATGACGAGAATCAGGAGGGAAGCCAGGTGTGCGGACACGCTGAACTTCGTCATAGAATGGCGACGAGGCCTACCGCGCACCGGGGGTAAGTGGGCGGATAAGACAACTCCAGGAGACCCCCGCATCAGATGCGCGTAACACTTAGGCTGATCGTGCTGGAATTATCTATGGAATACTCTCCACGGGTAACGATTTTAATGTACGACTTTGCGTGTAGGGGTGAAAAAACGCAAGCTGACCGTAATCAGTTGTCACCCGTGGTGCAATACCTTCCTTGCCGCACGTGAGTGGTCGTCCAGCCTTCGGCTACATTATGCTGAAGCGTATTAGGGTTAGTATTCTCTCTCGTCAACGGGGTGGCCAGGCCTCAGGGGGCTGATCGCTAAAAAGCGTAATGCGGGGTTGTTTACTGAGTCCCTTAAAACCTGGATCATACCCAGTACGTGATTGAAAATCTATCCTCCTTAGCAGCCGCACTGTGTTCGAATGCCTTCGACTCTTCCATTGAACAGCGGGTCGGGGGCTCAGTCAATTACTGTCGGAAGGGTAGATAGTCCTCATCCACTGAAGCTTAACACCTTACAGATATTCCACCCTACAAGTTCCACCCAATTTATGGTGAGGAATGACCAACGCAGGGAACTGTTAGAGGCCGAGTGATGTTCTTAGAATTGGGGTTACATCTGTTTACCAATGCCGTCCAGATTTGTAAGAATACATAGCTTTGCGTGGCGCCAAGGTGACGTGCTACTGCGCCCAGAGTAATATCCTCTAGAATGGCTGTGAGGTCAGCCACTACCCTGCAAACTTAGTAGGTACAATCAAATCTCCGATGTACTTCCTGGGCCTTCAG,1004,50.8,Escherichia coli
SEQ_204080,TGATATAAGTCTTCCGAGTTCGATCTGTGATTGAACTGCCCGTACGTGCCCGAAGGGTAATCCGCATGCTATAAATCCCGACGTGTCCCGATATGACTATGCTGCTACTGTAGGGAGATCTGGTGTAGTTGCGCCGAGAACAAGGTTCTTTAAAGTGAGTATAGGCACTAATATCATTGACCACATGGGGATTAACTACTATAAGGTGTTGCATACGTGGAGCAAGACCGATGGGAGCGGCCTTTAACCTCAATGGAACGGCGATCTGAGTATCAGAAGCTTCAATGGTTATTGCTATAGTTCCAAGCCCGCCAGAGATCTGAGTGCTGGCCACCGGCTTCATAAACAACATACGAACAGCACGGGACTAAGTGATTCTGGTATGTCTGACAAGGAAAGACGCGGGTGGATCCCCGGCGCATGCCGCGGCGGCTATCTGAATGTTCCTGGACGGCGGAGCAACGGTGCATTCTAAGCTAACGGGATCGCTTGCTCGTCATCTTAACGCGATAAACCGAAGGAACCACAAATGAGGGAAGAATGTGTTATGCCGTGTCATATACCCACACTGGCATGTATTCCAAAGGTACCTGGATGTTCAAGTTTACTGCTGCGTATGGTAAAAGGAGCAAGAAGGGTTGGCGCTATCAGTTTTGCCTATCTCCCAAAGCCATCGCGTGCCTAAAGCCGGTCGGGGAACTCCTTTGGGACGCCAAATTCTGGACTATAAGTGTAGGGTATTTTTCCAGGATGGTAGCCCAGTAGACAAGACATGCAATTAGGCTACTTGGGCAACATTCATTGTAGGCATGAGAGACTGCTAACGGTAGTTGATTACAAGTCCAGTAAATCATACCGGGGCCCTACAATGAAATACCAACGGAATTCGATTTATCTAGGCACTTGATCGATTCGATGTCCGTAATTCAGCGACCCGAGTTTCCTCGTAATTCGGTGCGCAGAGCATGCTCCTGTCTGGCTCTGACGATGAATGGACATCGGGCTAGAAAACCTTTTAAGGCTGTTGATTCTTGTCAAAGATATGCGAACAGGCACGCCAGCCACTTTGGCTTTTGTGATGATGCCAAATACTAAAGAGGCAGCTGCCACCATTGGTTCGCGATGGAGGTAGCAACCCGCGAGTCCACTGTGAGGGCCACGCTTAGCCAGGGCTTACTCAGATCCTTATACGCCCACACCATGGGTAGCGATTCTGTTAGATGTGATGTCCTCATGGCTGCAGACAGCACGTTGTATGACCAGCAATATTTCGTAAGGCTCAACGGACACCCGCCTCTAGGTTCAGATCCGGAGCTTGAATCGCGGACGGCGAACAATCTTGCGACCAAGTAATATCGACCTGACATTATTTCCAATTACGTGAGGTTAGAGACGCATGCACTGATTTCAGCGCTACCCGACGGGTAAAGGAACACGGGCCTGGCAGCCAAGGTGCCTGTACCCCGTGTTTTCTTACTTCTGTGAGAACGATCGTCGCGCTCCATAAAACGTCATTACCCCATGGATGTGTGGTATCTAAGGCGAGCTGTAGACAGTCGGCGTGTCGCTAGTTCCTTTCTTGACGTCAATGAGGTCAACCGGCTTCTCTTATCGGGAACCCGTGACTTGTATCGCATTATGTCACTCTCAATTGCTTTCGACGTATG,1667,49.61,Drosophila melanogaster
SEQ_606590,TCGACATAGGCCTCGAAGATTGGGATAACTGAATGTCAGAACATTACGGTAACACA,56,42.86,Saccharomyces cerevisiae
SEQ_395132,GGCTACTCCATACGACCGTCCAATTCTTACTTTACCCCGTCCATGTTGGGCAAGCGTGCCTAGCGGAACAAGTAATGCACACTAGTATAGCGCGGTAGATTCTCCCGTATAGCTAGCTCCATACTGTCGTAGCTATTACAGTGCAAGTCCGAGACAAATGCATGTCTCCTTTTGAGCCCCAACTCAGCAACTCGATAATAAGTCAGTCGTGATGCTAATTCGTACCAGTGGTTGACTAGTACTTAATTCGACCCAATCGCAGCATCACCTCCCCATAGAGCTGCTACAGTGACTCCGTCTGGCTCCCTAGCGCCACTAGTGCACAAGGGTGGCGGTTTACTTGAAGGGTGTGCGGTGGGTCCAAGAATCACACGTAACAGAGTCCAGAAAGGATGGAGACGCCTCAAGCGAACGCCACCTATTTTGACGTGACCTTATGAGTACACGGGTCATGGATTACTTGAATAGTGGAAAGGAGACCGTACTTATATACCGCGGCCGCATGGCCTCCATCAAAGAGTCGCCTCGGATGGGTAAGATAGACTACCATCCGCGGCTATTGCCTTATGTCCATTGAGATTGGGGTTTAGGACTGTAGATTTAGTCACAAGTATTCGAGAGCAAACCCTTGTAGAAAAGTTTGGATAAACTTCCGTTGGGATTACACCAATTAATCTCCGTCGGTATGACTTCAAATGAGCCGATCTAGTATCGACCATCAGTTCCGGCACTCAGTCGGGTCTGTTATCAGAAAGGTTGGGTCTGTAGGCGACTGACAATTTTTGGTCTATTCCGCTTAGTACGTCGAGGCGAGTCGGCCAGATGATGGTCGTGTTGTATACCATAAGTTGGAGACCCGCGGGGTGCTGAAAAAGTGTTAGGTTATCCAGTGATCCGCGCCCCAGTAAACGCCGCAACCTGGGGCCATGGGAGTCCGCAATCGTGGATCGGGTGCTCCGCGTCTAAGAATTGGACGAAATTTCAGTTGAAACTGGGTCCAGCACAAGCGGCGCAATCGGCGAGTTACTTTCCGTCGCATTATAGGACTAGAGGCGAACCCGTCAGACGGATGAATGGCACAGTCCGGTGCTGAACATCTCCTAGCAGATCTGGCGGTGGATCTTAATGCTGATGCCGCAGGTGGAATCTCCGAAAGCACGGGTCGCAGCTGCACGCGAGACATATCTTAGAGTCATTTGGGGTCGTGACATAAGTATTTAGCGGAATCCTGCGTTCCTGCATACTCCGGTAAGAAACAGCCAATCGGTCGGTTGTATTCGAATTTCATTCGGTTATCCTATCACGAGACAGTCTCACGGTTCTGAAGTTACTCCCTTCCACCATACCTTGGGAAATACGCAGCCTGATCGTCAATACAGACCTCTCTAAAAGACCGGTTCGTAATAGGCCTGCACGTCCAGAAATCACAAGCTGAATGTGGGAAGCAACCCTTAACTTTGACCGGGACCCACCAGCACCGAGCAGCACCTACCCAATACAGGCTCGTATTCAGTGTTAGATCTGCGGTGGCGGCACCCCTACGGAACTAGTTTGAGGTAACTGCAACATATGGAAGACCTTGTAGCCATAATTGCTTTTGATCAGTGTAAACGTGGATGAGATAGTGGGACGCGTTAGACCAGTCACCATCTTGGAGATGCGCCAGAAGGCTTTTACTTTGGATCGGAGCTGACTCCTGATTGAGACAACGGGTGGAACACGTCTTGAAATAGGGTTGTT,1740,50.11,Mus musculus
SEQ_148434,TATATTTGCCTAAACTGGACCGGTTACTTCGGGGCCTATTTTAGATATAAAGAGGTCGGCTGGACTTTGGAGGTACTTATCTGTTGGAATGGAGACCGTAACGGGCCGTAGGGAACTGGGTGACCCAACGAGACATCGTCTTTTACTAGTGGAGTTAATCCCTGCTGTGAGGCGCGATTTTTGTGCACGAGCCGTAGCTCGCATTCGCAGTTCTGGCTAAGATCGTCGTCCGCCATGTGGTGGCTTCGCGTAGTAGCAATGTGTAACCAGTTAGCGACGAGAGAGAGGTTTTTGCCGTAGGTGGACATTCTGTAAGCAACTTGTTTAACCACACCAACCAGATAAGGGCTACTCCGTTAAGGAGAAGGCATACTAATGGGGGAGCTCGTGTATGTATCGGACGACGGATTCTGCGATGCAGCGCGTAAATAGATGTTGACACCCGAAAGGAAAGCGACTCCGACTTATCGGCCTGTCACTCCCAGTAGAGGGTCGCTCAGGTATTGGCCGTTGTCCAGGCCCTTGCATCGCTGAATTGCGGATCATGAAATTTGAACTTGTTTGTATTTGGAGATCTAACATGTTTCGCATGGCCCACACCAGGTGGTAATTTCGCAATTAAACCCAAGTTCGAATAATGTCTGCACGTTTGCTCGAGTGTCGACCTGGTAAGGAATTATTAATTGCAGCGACACATACAGGAGTGGCGGTCCAGCGGATTACCAGACCGCCGCGAACGAGTTGTCAGGTCGCCGACATTCTAATAAATGCGTAGTCAGTATACAAAAATACAGTGACCGCGTCTCCGCTACCTATTGCGACATTGGGGAGCGAGAATGATGCTCTGCGTGTGAAGCTTCGCACTCTTATTAACGCGAAACCCCGGGTTAACTACAGAGTGGTGTATCCGGGCCGTTCGGCATTAAAAGACTCTTCAGTGACCATTGTGATTAGTACTAA,960,49.27,Saccharomyces cerevisiae
SEQ_516166,AAGTATTCCGATCATTATGGCTCAGTTCACCATAGTTGTCCGCCATCGAAGTAGTAGGCAGGCAACCCCCGCTGCAGTCACGATATGAGAGCATCGGCCACGTCCCCTTTCCGGTGCATGGTATGCTAGGGATATCCGGGCTGAGATCGCGA,152,54.61,Arabidopsis thaliana
SEQ_749662,CAAAGAAGCCCTTTTAAGGTCGTTCTTATCAGTACGTAGGGAAAATAAGACTAGATTAAGGATAGGCATCGCCCGCCGCTACCCATCACACGCGAGTCATTAATTCAGCTGGAATGTCATCACTGCGCCGGCGTTATCCCGCACAAAACCCCGTAACGTCGGTGGGTTAAGGCGCGTTGCAAAGTAGTGAATCTCTACGGTGTAGGTGGTTACACCATCCGAATGGTCCAGCTACCGGTGGGCTTGTCCGCCTACTCATGATCAAGGTTTCGTTAAAATCTGAACCGTAGTGGGGACTGACTTTACTCCCAGGTCCGTTCTGCATTCGTGCATATACTCGGTAGTGATACGTCATAGCATATATTTGCCCTTGAGCGACACAAACCTTTGAGGACTATCTTCTAGATTACCTGAGGGCGTCTATAGGTTTGCTGCACTCTCCCGCGTGTGCCACAAGTTTCCGTGGATGACGAGGATAAGACTGTGGAACTTAACTACCTAGGGACGCGAACCGGGATCAGTTACAGTCTAGTTTGCCTGAAGGTCGCCGGATAGTGGGTGGTAAGCTACGGTTAATGTAAACGGTGCTAGTAGCCGGTGTGCTCGCCGGTATTGGCATTAGTGCGCCCCGGCATATCAGTCACGTTGGAGAGACAAACGCAGTTCGAGTTCATTTAGAGTGGGTGT,687,50.36,Arabidopsis thaliana
SEQ_334678,CCACCACAAGCTTGTCTCTACCTGTTATTTTCAACTGTTGCATATGTATGTTTGGTCCCTGGTTGTGCTAACTCATCTTCTAGTGAACCACCTTGGGATCTGCAAGTTCTGTCGCTATTTTGTCTCATACAAAGGAGGTAAGTCTTGCACCGAAATTCCTTTCCTTTTCGTCCCACTACGGTCGCCAAGGCAGGGTGTTCCTAAGTTAACGGAAGAGCTCTGCGTGCATTACCGGGACACTGTCTGTGGCATATTCCGAGCCCCATATTATATAATTGAGTCTCATCTACATTTTGAAGGGCGAACGTACCCGCTTGATGGCGATGCCAAGAGGCCTTTTTGACTAACCGAGTAGG,356,46.91,Escherichia coli
SEQ_842866,AAGGGCACTTCATATTGCTGGCCTGAGGTCTTAGCCACCCATTAGATGCGAACAAATAGCCACGTCAGCCATGCCTCTTGATCGCATACGTTCAGTCACACTGACGCGAAGGTTTTTAGGATCCTGTGGACCGTCAAGTACCAATGACCCCTACAGAAGTTAGGCGACGCATAGTTACCTGATATTGGTTATTGTCAGAAGTTGACTGATTCGAATCGTCCCGGTCGACATCTTCAGTTCTCAACCCCAGTCAGCACCGGGAGGTCTGTGGTCACTGTCCTTCGCGATACGAAAATCATTACGCAGCAGTAGAGGGACTTGGCATGTCACAATCAATTCGTTTACTTTCAGTGGCACGCTCACCCGTTTAGTGGCGATGCCGGAATCTGCGCCTCAGAGCCTCTAAGTTGCGAATCATCACTGATGGCCCATTGTGCATGAAGGTTTTTTAAGGAAGTGAGTCACTGACATTAGTGCCTGGCGGTCGTATGTCACCTTACCAGTTATCGTAGGTTTTAGTCATTTACACTTAGCCTAAGCAATAGTTTCGGCACAAGAGCCCCCGTATTGGATGGTTCCGTGGTAGGTAATCGGAGTAGTCTATAGAGAAAATTCGGGGATTATCCTATAATATCCAGGAAGTTCTAGGTTGCTTTTTTGCGAAGCAATGACCGTGACCGTTGTTTACACTCAGCAACGACCCCAAAAGAGAGCGTTAACCACTTAAGGCTAAATTGGAGTGTTTCAGATCTAACCTACCTGGGCGCCGTAATCATCAGGAAGTGACTGCGGTCCGCCGCGTTACTGGTTTCCAATTGGTGTACATTCTCGGCCGTTTGTTAAAACTGATGTAAGTCATCGGTAAGCTGTAACCTGTGGCTTGTCTCACTCTCATTTTTGAGATACTTACCATAGTCGACTGTGCGTTCACGCAAACAGTCGACCGCTCCATGGTTGATCCCGGAGGAGCTTAATTGACCTAATGGAGAGGATTGTTCAGTACGCGTGGGTGCCCCCCTCCGCTTCAATAAGTGCCCTCATTGCCACCGTAGGAAAGTCTTGTATACCGCAAGGTGGTCCAGGCCCGTAACGTCCCGATCTATGCACCGTGAGCTGTCAACGGCGGCGACTCAAAAAATCGAAGTCGCGAAACTCGCTCCTATAGATGCAACTGATTCCATTGCTGAGCTAATAGAACCAGGGAGCACGCCATGCTTTAGGGGGAGAACACATTGAACGTGCACGCGGAGGCGCGGCCGATGCACCAAACGAAATATATACAATGACCCTGGCTGATAGACGAATGATAACACATCCGCATCAGTAGCCTGAAAATTTGCCGGTTATCAAACTTTATAACACAACCATGAAGCCCGAGCCTTCAGCCTACCTTCACGTACTAGCCGACCCATTACAGTCCTCCTGACCGCGGGACGTACCATGCATCTACTCGATACATGTATGCGGAGCCACACGTTCTCCCGTTAGGGAGATTCATCTAGCATGATGGATTATCGCATACTGGTGCGTCACTGCTATTTAATCATAACCATGATTTAATGGCGACGGTAATATGAGTACCTATCCACCCTGTAGTGTGGAGGCACGGAGGAGATAGGTAAAGGTGAGGGGCCAAATCTGCATGTAACAAAAATGTATCGCTCTACCCCCCGAAGCCGGATGGCTACTATGACGACTGTATGCGCACAACTCGGAGTAATGAACATTACGAGGTTATAACTAGGGTAATATATAACTTAACACACTGATATGTTAGGAGGGCTTGTACTCCAATGAGTAGATAATCGGC,1810,48.34,Mus musculus
SEQ_515952,CGGCAATGATCATTGATGTCCGCGCGTATACCTAAGTAAACACAGGCGCCCTACCAAGTACTGCACCTAGACTGGTACATCCTGTTAATTTACAGTGTTACGGCCTTGTCCCGAACAACGCAAACCCAGGTATATGCGGCCTACTACTGAGAAGTCTCTTGTTCTATTGCACCATAACTCCGTGGTTAAGTCAAAATAATGAAGAGGCCGAAAGGAGGAACCGCTATCAGTCAGTGGTCCAACTATTGCTAACGCAGCACAAAGGCCTTCGACTAGGCAGCCGTAGCCTCTGGCGAGTGTCGTTACTTTCCGCCTCGTAGAGGGTTTGGAAAGGACGCCGCATACTCCTCCCCACCCGTCCTTCGATAGACTGAAGACGAGTGATGTCACGGACGCTGTGAATGGCTATGCTGGTACGTGCTGAATATATTTCCTAAGAAGGACAGCCATGTAGAGTATTCGAAGGTGACAAGGGTTGACCCCGCTTTTCTTAAGATATGTAGTTGTTTCAATTCGGGGATGACTAACTTCCTGGGCTGACAATACTCAGCTGTCTTACACCGGTAAATGGTTACCCCCAAAATTCTGAGTGCTGTATCGTGCAATTCACGATCTGGATGAGCTCTCCCTCGTAGCTTGTCGATCAAGTTCATACGTTGCAGGTCCGTTAACTGGCACATCTTTGGGTTCTCGCGAATATGTCCGTCACGAAATTCACAAGGCAACTATTGCCACGTCTTAATGAGGATGGTCAACTGCGACGAAAGTGCGCCTACTTGACATTCTGCAGCGTTGCTGAGACCGGTTA,808,48.89,Homo sapiens
SEQ_158171,GAAGAGCCCGCTGCTGCCAGTCAAAGTGAGTGTGCTCGATTGTGACGATCAGGCGATAATATCCACTCGGCCAGAATACCTAATGAACATGGATTTCACCTATAGCACCTTAGCAACTTCCGACCATGTTTCTTCCCTTATGGTCCCTTAGTCCACTTAGTAGCACGTGTTGTTCTGCGTGCACCGAGATTACCTGAGCGTAAGGATCTATCAAGGGATTCGAGATTGATCAATGTTCTCAGACCAGTAGTTCAAGCCGCTCGTGCAACCAAGCGGTGGAAGCGAGGGGAGTCTTCTCGACATCTACGAAAACGTCGAATAGCCTGTAAGGGGCGTACCCAAATTGCCTTACAAGAGGATATGGCCGTGGTATGCGCAGGGTACTCCTCGCGATTCCCCATCTGTGATTGTCTGTCCCATCTATTTCATATATCTGCGGTATGTTCGTGACATTATGACGTCGACCGGCGATGTTACTCCGAAAAATCATGGTCACCTAGGCTGTGCTCTGCTTAACTAAACCACAAAGTACGATGACCGGCTAGCTTAAACCGACCGATGTATTAGCCCAGCTGGTAATCGACAAGTGGCCTTGAGCCGGACGCTCTTCTTCGCCAGTGTACATCGCTGTCGGTAATCCCGATGCCTAGAGCATCCATATTACCAAGTTTCTCATCAACTAGCTAGATAAGGCCACATAGTCAGTTTAGTAGGACTTACGTGTCGTGCATTGGTGGTAATGATGATGCAAGTTAGAGATCTTGATCGTGTGGACCCTCAAATGTTGCGTTACCCTTACAGTCTTAACGTGTATTTGCTCCTTTCGGGTCGAGGTTCAAGAAGGCAAAACAGCGAGCTGTCCGTCATCCCGCGCCCAAGTCTGGCTACAGATGGTACTGCTTACCCCTAAGGAAATAGAAGAGACCGGTCCGAACGCGCACCTAAGTCACGATAGTGAGGCGCGATCTACATGGGATATATCCCATGTCTGCCAAAATAAGAAAGAATTAGGGGCCAGAACAGTACTCTGCATTCCTTCCGCTCGAAATCGGGAGCGGGTTCGCTGCTGCAAGTGCAGGATCAAGACCGCGCTCCCGCTTTACGTCTATTCGCAGTGGAAATGAAGTGGGAGAGGGCATTTCGCTGACCTCCGCGCGGCCTCATTATAGTAAACTCACTCGATCGTTCCTTGCGTTGTACCGGGTACTGGGTCTAGGGGAACTGACTATCTAGTTAGTTTCGCGTGACTGTCTCCCCTTTGCTACGTATGCCATTGTTATGGACGCATTAAATCATAGCAGAACTACTATCGTTCACCTCCCGGTTGGTTTGGCGGGTCGACCCGTTAATTTAAAAAATCCTGCGTGCGCGCCTGCTTGATTTCAGGGCGCCATGCTCCAATCTTGTTTTGGGAGCTAAACTCAAGTATACTCGAACTGGG,1441,49.69,Escherichia coli
SEQ_456876,CTTTTGTGATCCACTAGTGACATCGCACTACATCATAGGGCTTCGGGTGGGTCTGTTTGGTCGTGGTCTGTGTTGAGATCATAGAAAGATTATTGTGGCTTGTTCCATATGACCCGCAGTGTTCGTTTCGGACTTAGAATAGGTGCGGCCACTAAGTAGTCGCTTAGGACTTTAATCCTTAACGCACTCTCGAATGAACTTAAGTGGAGCCCCTCGTCGACTATCCCAATAGAGCGGGTTATTAATTGCCACACTGCAGGAATATTTGTCCGTTCTCTCTGTAACTCTTAGTCAAGGCAATGATGTGGCTCTCTATAAATGCGGTATTTTTTGGACGCGCGGGGCCTGTAGCCTCGCAATGACGCGAGTGGTTCGTACCAGGCTCATCCCTAGGATATCACCGTCCAGGCAATGGTCGGTCTTGATATACTGAATCTTAAGTCCATAGCCCAGAGTAGTGATCTCAATTGAGCTATTACTTTTAATGCCGACTCGCTAGACAAAATGTGAATTCTTTGGATGGGAACATGATCTTCTCTTCACTATATCCGGTCATATTATATGGGTCTAATACGAATGCTGCGGTCGCAGAGGCCGTAGGCAACGTGCACTCACAGGCTTAGCAGCAAGCGAAATCTCGCTAGGAGGTTATTTTCGACAGAGGCAGTAGGACTTCGTCTAGGGGTGCCTTCCTTACAACTGGTGAAAAACCCGAAACTGGGTGCCTGGTAGTAGGTCGATTTAAAGTGATCTCGCGCATACGATCGGGGAGGCGGCCCCACCTTATGTAAGACGGTAGCAGTACTAGCATAACCTAACTGTTTCCCATGTGACGGTCAACTCAGGCTAAGGCAGGACTTTAATGCCCTGTGCGCGGAAGTCCACTGCGCGAGTCTTATACGAGCAGAACCCCAAGGCTTACGCTAGAACCCGTCCCGTGTTTTCTTATCATGGAGCTCAGGTTAATTTGATAAGGTTGCGATGATATATAGCCCGTTCGCGGTAGGTCGAGAGGACTGTGACGGAGACGCTGTATAGCCAGTAAAGTTTCAAGCGTACACAAACAGGACAGCCGCCCTAACCGTATAATCCGGCCAAAAAGTTCCGGTGATCGAGGCGTGACTCACCTCTGAAGCACACACTCGGACGATGCTTTGTTTAACGGACACGTCCTAATCAAACAGACCCCTACAGACTACCGGGCATCTGTCCCCATCGCGAACGAGGTGCGCTATATCCAGTTGGTACAGCGCCCAGTGGAGTGATCTATAGATATGAACTGTTGGTCAGTGGATTACCTGGACGATAAAAAGTTTCGTCTATACAGAAATGCCGATCCTCCTCTCAGCGCCGCGGTTTCTGAGCCCCGGTCAATGACACTGATCGTGTAGAAATATTTTAGGATGGGTATTCGAGCAACCCTGTGTGGTTTCGCCACTGCAATCTACCTTCTGCCTTTATGATGAGGCCCGTTGTTCTTTTTCTAGAGTGGAATTTGTTCTCAGTTACTCAGAAATTACCGTATTTGGAAACATAACAGCTAGCTAGGCCCATGGGTTGTACGAACGAATTTGCGCCGATTCCATATGGGGTACGGCTCCCGTTTTCACCACCTGAGTTCTTTCGAGTTTACGAAACCTAGTTAGTATAGTACTCTGAATAAGTTGTAGCTGGTTAGCACGTCACCACGCTCCTGGCTATGACTGGGCGGCTCGGGAACACCTGCAAGGTACAGTCGTCTGAAACCATTGCACGGGTGCTAGCGTCCCCGATCAAATAACGAACCGGATATTCCAGTGTAAAGCCACGTTATCTTTATAGCGCCTGTTTGCTGACAGCGGAAGTAGATTAAGTAAAAAGCAGTAACCGCACTCCCTAGACCAGATGTCTGCACCTCTGCACCCTGGGATTTGTGGGCGTTAATGTCCCGGTCTGGCGGTTATGTTCAATG,1951,48.8,Saccharomyces cerevisiae
SEQ_299994,TTAGAGCCCAGCAAATATAGGTAAACTCCCATATGAGTATTGGCTCTCCACGTTATGCGGTGCACTCGCGCACTAAGGGTCTAGGGTTAGTGAGAAGGATAATAATGGAGCCGATCTACGGATAGCTTCCTGGAAGTCCACCTAAGACCGGGGGTCATTATACGTCTGGCGACCTTAGGAGGGTGTGATGATATCGAGCGCCTCGGATCAACGATCAACGCGACGTCTGGGCTTCGGTCCTGTAATCATATGTAGCAGTCAGCCAATTCACGATGACAACGGTTCAAATACTATTCTATAACCTCTTAACATGGTTGGAACAGGATTTAGGTACTGGCTTGCTAGAGTCCCGTGGTAGTAATCAATCGTGATTCCGTCATTATGCAATCCAAGTCCTACGCGGGCGTCACTCTGAATTCCACTATCCGTCCTTGCGCGTGGCATCAAAGTAGCTGCCACGGAGGTGAAGTCCCGCTTCGTACGCGGCCCCCGGTGGTATCTTTACTACCCAGTCTGAGACTTCCAGGCGGCAAAGATGGTGTCATGGGCCCGAGAGCAAAAAGGAGGGGCATCGCGTAGAGCTGGGTAAGATAGCTATGAATCTTAACGAGTTTCGGACCCGAGCATTCTGACCGCGTTGAGCACGATTAGTTTCTATGACCAGAGAAACTGCTAAGA,678,50.44,Arabidopsis thaliana
SEQ_317238,CACGGTGGGGCACCGGACTTCTGTGCGTACGTCGTTGGTATCCCCTAAACTGCGTCATTGCTGTCCCCCCGCATGGAACCTTTATTAATAGCAACGTCTGAATTTCCGTCTATAATGTGGGCGGGGCTGTCCGTTGCGCAGATGGTTAGCTTCGTAGCACAATCTGCTCTCGCTTGTGCGCCCGTTATTTGGTTTACAACGAACCGGGATATCTTGGCTATTCATATGGGAAAACGAGAAAGCAGGTCTGCGTCCCGGCATTCTTCTCAAAGGAATGCGAACAACCGTAGCGAACTCGTATTGAAGTCGTACCTAGTACAATGCCTTTTCGTCGGAACGTAGTCTACCACCTGTAACATCGAACTACGGCCCTCCGCGGTTAACACTGATCCGGATGAGGCTTGCCAACAGAGCCCATGATCTTAACTCTTCGAGCATCTATGCCTTACCTAGATTTCCACAGGATTATCGCGCTATATCAGTCGTCCAGAAAGACGCCTGGGCGCACGGTGGGAGCGGGCAGTGTATAGGCCTGTTGGATATGAAGTTTATTGAAGAAATCCAACTGATCTGCGCTGCAGTGGGGGGTCCCGACATGGAGCATGTAGTATTGCACTAGGTGCAAGGGCGCTCGGAGCATCGACGAAGCATCACGGCACCAATCGTATTGGGCACGCTCTTGGCGACGTGTGAAATCGTGACAGCCTGAGCTTCACGTGGGAGCTCCCGCGGAGAGCGGTGAGTAGCGCTTCGGGCATACGTCTATCCTTAAAAGTTACTTTTGACATATGTCTACCACAGGTGTTTTTCTAAATAACATTAATTTTACTGCTACAGAAAAATTCGGTCCGAATGATTGAGCTGCGAGGTGGGAGACATTTCCATGGGGTTGCCTACAGAAGAAGGTCTCTTTTGAACATGTGGGCAAAGTATTGAGCATGATTCTTGGATGGACCAAGATGCTCTAACCTCGCTCCATCTAGTGGAGGGGTCTTACGGGTACCCGTATTGGGTACTCGAGAGGGCGGTTGCGTGGCGACGGCTATGAGTGATCCAACGTGATGTGCTACAAGTGCATACTTTAATCGAGATCTTGAGTCATGCCATGACCGTGACTGAGGCGCGAGCTATAATAGGAGCACGTTAGAAAGTCGAGCGGCCTCTGTCTCGCGTTTGGAGTGTACGGTCGATAGAATCTTATACGTACCTGTAAACCAATTCATCTGCTACATCCTCCTCCCATTAGGGGAAGCAGTAGGAATTCTCTCGCCAACCGCTTTGGAATTAGTCGGGTATTCCGGATAGCCATTCTCATGGGTTGCTTGTAGGCTAGCGTCTGGTCGACCTGTAAGAACTCGTAACGAATGGTGTTTCCCTCGCCATAACGCGATGGTGAACTCACGATTTAAAGGCGTGATATGAATATTCTCGTTTTATGAAACAGGTAAATAATCTTATCTGGTGCATAAGCAATCAAATCGGTTTGGCCGATGCGTGGGAAGAGCTGCCTTTAACCCTAGCGCGCTTCTCATCGGACACCCTTGTAGCGCTAGCGTTATACTTTTATCCGAATCTTCTACCCGGGTACGGCAGTTGGTCATGGTGCCGTC,1610,50.0,Saccharomyces cerevisiae
SEQ_311403,AAATTGGCGCATCACGTGTCGGCCGGGCACCCCATCGAGAAGCGGGATCGAAAGACGCCCACATAGGTACGTTCAACGTTCCTGACCATTACGTCGCGCCCCGCAGACTTTTTAGGTGATAGGGTCGCAAAGGTAATTCGGACTGCGGTGCATTCGTTTCACCCGATCCCTCAGTGGGCGTCCTATAAATTAGCCCAGCTCAAAGCACATTTGCCGAGCACTGAACCGGTAGAAGAATTAGCCAGGGCTCGAACCGTACGAGACTCATGGCGAGTTTTAATCTATTGAGGTTAGAAAAATACTGGACTTCACGGTATAAACTGTAAGTGACTAACATCAAGCGGGCCAACGCGAAAAACAGCTCGTTCCTTACTAACAATGCCCAAATTAAAAAAGTGCAGGGGGAAATGCTAATACCCCGGGTGCTCATCATCGCGTGACTTGTACGAGGAATTATGATTACAAGAATTCGTCTTAGATTGGAGCGCAGTTGGGCAATCTTCAGCAGGTTCTGAACCAGAGAAACATAATATCACTACCGGGACGCCATATTAGACCTTCTTGGACGCTTCCTCGTGCCGTGGACTGCGTGTGGAGAATCTAAAGACCCCCGCTCCACGCCCCTACTTTCTTGTACGCAGTACAGTTCGCAAGTAGGGAAAAATATTGCCAAGTAACCCAAGCTCTGATGAAGACCCCACTACTTGTTCAAGGACCTGTCGTATCTCATCTGCTGTGTTCCACGCGTCACCTGACCACAGCGACGGGCCTCTAATTTTTCCTAGTTGATGGTCTATTTTATTAATCATATGCCATCCCACCCACGTCCCTGAATATAGCTATGGCCAACAGTACGAGTTTACGTCGTGACTCTCGAGCACCAATTAGCCTTCGCGGATAGGCAGCGCTAGATGCATTAAGCTGTACCGATCCTGATAGTAATTGTAGTTCGGAACACGGAGAGAAACAGTCCGTCTGCTATCTATGTCCTCCCAGACTTGGTTAATCACTTATAGCGCCGGCTAAGATTCCCTGATGCAGTATGAGGGAGAACAGTCAGGATAAGCAGAATGACCAGAATGGTCGTACTTGCTAAGTACAAATAGTTAAAGACCACCGCGACGGGCTTCTCACTCACCGGATGCTTCCAGAGTAATCTTAATTTTACTATCACGATTGTTCATTACCGCTCATAACCCTGGGATTATCGCAGCACCGTTCTTGCTCTAAGTGCCCAGGTTCAGCACCTTAGAGCTTGATGCTTGTGGAATCAGGGGGATCGTTGGCAGAATAGTACGATTTTGTGGATTGACTCGGCGTCAATGAGTCGCCTGACTAGGAAAAAAGTTAAAGCCGCTAGAGCGTATGTTGCCTAGCTTCTAGATTGATAACCAATATGTAGGTTATAACTATCTATTGCAATCACGGTCGATGACGGGTTCTCTGGGGTTAGGGCAACCACACTGAGAATGTTCGCTCATATAGTGTAGAGTGACGAAAGGAAACCGAAGGATGACGGGCATCAGCGGTCTGTCTTCTGGATCTCCCGCTGCATCACGGTGAATTTTAGCGTGTAGCGATTATTAGCGATCCTTGGTGCGACTGGTCGCTGCGATGGCCGTTCTACTCGGTACCCGACACATCAGCAATGACCCGAAGCTCGAGTGAAATGGCAAATATCTCCCGGTGGCCACAGAAAGGCACAGGACCCGTAAACCCCCGTCATACTCAGCAGACCGGGTGCTAAGAGATCTCGATTTCTGTCCATTGGGGGAGTCTAGGCGTCAATTATGTCCCCAGATCCAGTGAAAATATCGGAGTGAAAGAACAGATGCTGTACCAAATGTCTCACGTGTCGCTAGAACAAGATATGGCTTCATTCGCTCGCTGTATCCGGATATCCCACCAATCCAGGGCATGTTATAGTCGTGAGCCCAATA,1940,48.76,Mus musculus
SEQ_562826,TGTCACTCTCCTGTGCTAAGCACCGCCGTTAAACCCAGTTTGTTGTGAGGTAAATATAGGCATCAAGCTGCCGTAAAGGTGCTGATGCGGCCTTTACCACCTCTAGGATTGATTCCATGTGAGTTTTGGCGGAGAATTGCTGAAGGTCTATTTGTTAGTTGGGCACATTACTTCCACGCCAAATAGGCGCTCGGCACAAATTGCTGACGTTCGGATAGGGTGAATACAGTTTCGCTGAATCTGACGCACGACTTTCCAAGATAAAGCCGAGTTCCTTGCCCTGGGGGGGTACGGCAGTAACTTGAAAAACCGCGAAGAGCGTAGCTAGACTGCGGAAAATACCGTGATATAGCCAACGCTAGCTACCCGTAGTTGAACAAGACTGTAACCGGAGGATAGCTATCACATGCGACTCAGCAAAAGATCGAGAGCCGGCCGCCAATCGTTTTACCACCATACTCTCGGAGCCGCGGGTTCAGTGCCTGGTCATGACGATTCAGCAAGACATAAGCACTGTTCTCGATCTATGGAGTGGCGATCTGTAGGATGCGCCATCCGCCGTTATAGTTAATATGTCGACATAAGATAATGCGAACAGTTGCCGGTAAATCGATGTACCGATTGAGGCTTCATCCGATACAATAAGCACTGTCTTCCTCGGGCTTCTTTATTGTAAATGCTGCAGCCTTTATTCATTGACAAGAGATCGTACGAGGCACGCCATTTACCATGGGCGGCACGCTTTCTTGTCGGCTCGAGTGTCAAATTATAAGGACGGATGGCCCCAGCAACAATATCTAGGTTGTCCAGGAAATGCTTCGCCACGTGGTTATTAGTGATTACTCTCGCTAAACACACGCTTGTTACATGACGTCTTTTTCTCTTGTGAAGGCGTTCCCCAAATAGCTCAAGTAACTTGCAACAACCGTAACAAACCTACATGCCTCCTGATACGCTTTCTCTGAGGTAGCGCCAAGAGATTCCCCAGGCGAGTTCGACCAGTCCTTCCGAGTTGGGTCTTGTTGTTCTCTACGGGTTTTCTTTACGTGGAGAGGCGAACTTCACGCGCTAATATTTTAGACCAGGGAACAGATGTGCAACCTGGATGCCTCCAACACCTCTTCCTGTGCACATCAGGAGCAAGAGTTGCTGCCAACCGAACGCTCTGTAGCGGGTAGAGCGCGCCTATGGTCCGGTGATCCCGCAACGGCATACAAGTTTTGTACTAAATGCTTTCAGTTCCAATAGGCAAAGGGTCATGTCCAAAGGCCCGCTTTGTAAAAAATCGCCGACCCCCATCAGCATGCTCATCGTCGAAAAGTGCAAGGTCATTCGTGTGGCGCAGACCTCATAAGTCAGTCGGACCGTCCCGCTGCGTCTGACAGGGCCCACGGTTTCATACCAAAAGGCTACCGTAGGGTGCATGCCTCTTGACTCGTTGACTTTTCTTGTCTCCTCGCGTCTTACCTATGTTACCTCGAATTTCAACAATAACCAGCTGCCGTCCAGGAAAGGGGATGGAGGGGCAACGGATTCCAATTTAGAGTAATTTATTCTGGTTTCCCATGTATTCAGCACCTCAGTCAACAGTCGTTCCAGATAAGCTACTTGCATAGAATTCTTTGTGACACGTATTCTGAGAATAAATGTCATGCTTAAAGATGACGAAGAGCCCAAAAACTGCCGCCGATTTACATAGAAGGAGCGGGACACCGACCATCCCGCTTTGGAGATCAAGTGGCTCATACACTT,1752,49.03,Caenorhabditis elegans
SEQ_783957,ATTTAATCGCAGATGGATAGACTATAATCGTCAACATGATTAGATGAGTCCTTCTATCGTGAACAGAGTTCGACGCGCTTTGATAATAACCGTGGATTTTGGATGGGGACGCCGCTACGCTCTGCTTATGACGTGAGCTGGACAGACTTTTTCCCTCGAGGCGAACGAGCGCCCCCGGTCAAGCGAGAGGCTCAGGCACTCCTGGAAAGGAAGTAAGGCAGAACCTGGCCTTCTATAATTGTATCATGACTGGGTTCCAGATCGAGATATCAGTAGAGCCGTTCCAGTCCGAGGCTGGCTCATATATCGGTCCTTGACAACATCAATACAGGTGGCCTCCAATTCCCTCCCCAGTCACGCTGCAGAACCCGGTCGCTACCAGATTTCAACAAATGTATATGAGGTAAAGCATGGAAGGCCTACTTGCCTTGACACGGGTTGACT,444,50.0,Saccharomyces cerevisiae
SEQ_199466,GTTTGTCAGCCCGAAAACTATACTCAGAATCCGTTACACCGCAGCAGTCGACGCGTCATGCGTTATGTTCCAGTTGACATAGGTGCGTATGGTTCAAAGGGTCGTATACGGTAATACTAACGGTGATCTTTGAAGCTAAGAGCGTATACAGGATTCGCCGGGAACAACTTTGCGACCAACATCTGTTCTGTTTGTATTCCCAAATGATCTGATTTAGCTGGAAACAGGGAGCACTTGAGTCTGTGCTTGCACCTTGCAGTACCGTAGTACTGCTTCCTAAAACCGCTCAGCCCTTATGCATCGATAACTATAAAGGTCCACGCATTGACCTGGGTCGCTCACCTGCATCATTGGGGCATTTTACGCCGGGCTTACTGCTGGCATGGCTTACGTAAGTTCAAGGCCTTATGACCGTAAGTCCCCCAGTCCCTTATCGGAACGGTGTTCGATAGTCACGTAATCGAAGAGATTCGA,474,48.31,Mus musculus
SEQ_179184,CAAAGCCAGGCCTTAAACCCCAACTGTGGGACCCCCCCGTCGAGGAAGGTTAGGCTGGTTGAGTGCTGCCAGAGTTACCAAGCCTCACTGCTTTTCCAAGTGCCCCGTGCCACGGCAGATGCTGGCAAGTTGCAAGCTGTCTACTCACATAGTACCAATGTCCCGACCTGTTGAGGGGGGGAGGTGCTCTGACAGCCCTTACTCTTGCTGTCTGCAAAACTTCAACTGGCCTCATTATTAGAGTGAAAGCGTGTCGAGATGCGATGCAGCCCCGGATGTCAGGACTATGGTCAAACCCCGCAGGTCTCAACCAGGTTTGAACGCCCGGGACGGTCTTAGATTATGGGTACCCTTGGCACACGGCCTGGTAGGTTATGCAAGCTTGGACGATCAAGCCGGAGCGCGTGCGAAGGACTCTACAGTTAACGGCCAGGAGGTTCTCAATAACGTTCCAAGAAACACATGCTGCGCTGTCTTCCATCTTTCAACCTGGCGGCTACTAGCGCCAAACGTTGCGCCTTATTAACAGTGAACAAGCCGATTCTTAGGTCTGACAGAACGCACGTACCTCCTCGAGACCTGGAACCTGGCCGTAATGATACTCCTGATTCACGCCCACAGAGAAACGTGGATCCAAAGACATTCACAAATATCTTGTAAGGGGAGCGATTCGAAATAGGAGGGGCAAAAGTCCCGCGAATGGTGTAGCCTTGTATATGGTGCTGGGAGTAATTCTTTGAATAGTTCGCCAATCGTTCCTATTCAGGTCTAGGGGCCAAGACAGACCTTGAAGTTCAAGTTAGTATAACCTTTCCCCAAACTTTCTATACGTAGTAAAAACTAAGCGCGCTACCATAGGGGGCAGAATCAGGTCTGCCGCTACGCACAGGTCGACTCTCCAATAGCCGGAGCTAACTATAGGCGTGTGCCGTGCCTTGCAATGAAATTACTAGATTACATCTAGAAAAATTGGCAATCAGTAACACCAATTACGACAAGGGATAGATGCTATAGCACTCGTTATCAGGCAGAACTCCCACTATCCGTTAGAACAATGCATAGACGAACCGCATGAGTTTGGGCTCAATTAAACTGCAGTTATCGATGATTCGGTAACCCGACAGTAGGGTGATGTTGAAGTTACGTACGTGAAATTGCCGCGTGCTATGATACGACATGTGCGGCGGTTGCTTTTTTAGCGCGTGGATCGAAATTTACCATTCTTTGGTAGCCGCCGAACGGATATTGTAGTGGGAATGTGGTGGGCCTATCGGCAGATGTAACTGCGAGACGAAAGGGTAATCAAACGTGTTTCACTGTACAGACCGGAGGGTCTGGGGGCCGACAGACCTAGACGCATTAAAGAGCCTTCCGGCTATTGAGTGTAGACGATGAATTAATACAATGCCGCCCTATATCCGGGCACCAAGGCCTCACTTACTGTACATCTAATAACCGCGCGAACGCAATACGCCTGGAGGTCCATCCCGGGCATTTTGCGGCATAGACAAGCGAGCACAGGGCTAACCACCGACCCGGTACTTAGAATCAATTGTTGTGAACGATTACAACAGGACTCGTAAGTGAT,1588,50.31,Homo sapiens
SEQ_279244,GCAATTGAGTCCATAAATCAATAGTCGCTCATGGGGAGACGGATGTCACGGCGCATACAACACTATTTGGATCACGGAAAGCAAGGTTTAGTCGATAGGATCGCGGGTTAGTCTATCTCTTACCTTACTGTACAAGGCTCAATTGAGCGCTAGCACTCTCGACGTATTATAACAGCAGTAACTTTCGCTGAATTGCATTCAAAGGCGGTGCTGTGATAAGCGAAGAGCGGGCTTTCACGGGTGACGGGTTCATTGAAGCTTCGAACCGACCACGGAGGAAAGTGAAAAGGTGGGAATGGGTAGGTCAAAGACTGAGCGGGAACCTACGCGGTGCCCCTAGAACTTATATAACTGGCCGCCCGTTAGGTCGAGGTAGTGCGGTAAAATGTGATTTCGGTACCCGACGTCGACCATCTCCTCATGCTACTGGCTGACCTTCGCGTCCCCACTATGTCTAGGCAAAAGAGTCGGAGGCTCTTCACAACGCAAATGCCGACTGGAGTCAGGCCTCTTTTTGCGGAACAAGCTTTCGTCGCCAAGAGCGCGGTCTTATCCAGGAATTCGGTCATCCCCTTTACCTAGCCAAAACACACGAACGCTCATAGGGTGTGTTTGCTTCCGAACTTGAAACAAAGGCGTCGACTTGAAGGCTGATAGATTTTACCGCCCAACTCCGACGTCCCAGCGGGAACTAACGAATGTGGAATTTTATAAATGCCCACGCGCTGGATGATCCAAATTCACATTAAGGACCTGGAGCGGTAACGTTGCGTCATGTATCTAACGGTTTCCCACAGACTAGCCACTAACAATCACTTAGAATTCTTCGGGGAAGGATGAAGCAGCGCGCGCACAGATTAATTGTAAATATGCGTCTAAATTTTCATGTCTCTGGGGGTTCAAGAACCAGCACAGGACGAGCTACAATGTGGAAGGGATTATTTATTGAGGCCTGTACGGGAGCGAGACGGTTCTGTCTCGGTACTATTTCGACTCCAAGCCAAGTGCACCCACGAGAGACCGAAGTTTGAACTATGAGAGTTGGCCTCGTCGACGGGAGGTTTTGACTTATAGTTCCGCTCGGGCTAGACGTGGGAATAACTCTTCTCGTACTAGGCTTTGCTGGGGCCGCCTCGTTTAATTCGCTATGCATGAGTCTACCTAGTTAGACTTTTAGAGATTCCCCGCGGTTTAACAGTGTTAGTGGCTGGGGAATGTACCTAGATTTACTTCCTAGACGGTCAGTCGAGGTCGTTGGTGTGCTGTGAGTCAGCCTACGACAGTCCGGTTGGCGCCCGATAGCGACTTCAGCTGGCGCCTCACAGACGAATACTGGAGCACCGTGGATTGACTATCGCAAGGCTCGTAAACGGTGGAGCCTGCATACAACAAAAGAACACG,1401,50.32,Caenorhabditis elegans
SEQ_453665,GCCACGCCTAGGATTTAAGGGTCTAGTCGATGACTTCCCAGACGACTGTGTAGATCCGGGCCAGTTATGCCCGAAATTGTACCCTCAGCTATCACTTGAGTCTAGTTTTTTCATGACCTAACCAGCCTTTTATTTCCACGCAACCAAGCGCTCTTTT,157,47.77,Saccharomyces cerevisiae
SEQ_865056,CCCAAAAGAGTCCACGGAATATAAGGCCGTGCCCAATTTTCGCAGCTGTTCAAGACCGCATCAGGAATATACGGATTAAACAGCGAGCAGGTACTTGCGTCGAGCAGGTGGCCGTCGGCCTATCAGTATCCTGCGGTCGAACGTCTCGGCACTATCCGATTCAGTGCGATACAAATTGGCTTTAGGCAAGGTTCTTGACCCCGAGAGACTTGATTTCCGCCTCACCTAATCTTACGGAATAACCAAGAGTGTGCTACGACTTCTGGTACATGAGGATGCCTCATCGTACTATGATTGGACATAAGCTTTGTCAATTCTGACTTGAGTGGCATTCTAGTTAATCGGTCAACTTCTATAGAGGCTGCCGAAATTGAACTTAGATATAGCGCTCCAGGGGACAGTAGGACCCCCAACCGATCATGAAGTGTTTAAGGTTCTCGAGTCTCCCCTTCCAAGCCCCTGGCGGAGTGAAGGCTGTGCTCGTGGGCCAATAGGATGTTCCTTACTTGTCTTCCTAAGTCAGGTCCCGAGTAGTCCGGAAGCTGTCAACTATCCAACCAGTGAAAGATGTGCTTCGACATATGCATACTCCCATTCCCATAGCGTGCGAGTATCACTGAAATGCCGGGCTACTTGGGACCTTCCCGGTTAGCGGTTCCGTCCGATTTTCGCTCACCGCAAGGCTTTTGAGTATCCACAAAAGGTTGCGACCGTCCCTGGCGCTTACTGGAGGTATTTTCCACCGGAGTCCCCTTGTGAAAAGGTGGCCGGATCTGCTATGGAAGACTTCTCTGGCCGTCTAGTTGGTGTCCCGCAGATTTCGAGGAGACAAAACGCTGCGGAGACAACATAGATGGTATGGATATGCTAGTAGGGCAATTGGACTCGCCGGGGATCAAGAGCGGCGTAATAGCGATTTATTATGTTCAGTGGAGATGGAGGCGATCCGCGTCGGAGTTTTGCATCACTGAGAAGCACGAGCGAGAAACGCAAAATTGCTTACTACCGCTATACACTTTCGCCCC,1025,50.83,Escherichia coli
SEQ_868962,GGTTGCTGCATAGCATACGCCTTTATGGAATGCTCGCCTAAAAATTATCTGGACTAAGCCCAAGACATCCAAATCAGAGTCCATGTGGACGTACGACGAGGAAATGCATGGATGCCATTGGAAATTCATTGCGGCGGAAGTTATGTTAGGTACGGCTTATAGCTAATTGATTGTGTCAACAACTAGCGCCGCGTAGCAGCTAGGAGCACTGGAGGATGTAACAATGCCTTTTCAAAGGAGTACTGCAATAGAGCAACATCTTTGCATGACACACTACAGGACTCAAGGCGCCAATCTGGGCTATGCCAATAGATGCACGCAGCGCTCGGCTTTCATGACACATCCTAGTGTCCGTGTAATCGGGCGACGACTCGGCCAATCTGCCGACTATTGTAATTGCTCGCGGAATATCTTCGAACTGCACACCCAGTGATACGCTTGAGTCTCAACCCGGCCGTCGAAGGATCTGATGGTCCAACTGCCGTTGAGTCCCTCTGGAGCCAGAAGACCCGCTCTCCGCACGCAATGCCCCATCCTCCCGGTTTAAAGAAATCAGCGACTAGCGCGATGCATTACCTATACATCCCGGCACCGCTTTGGCTGGTGGGGCGGAATCGGAGTTCGGGACCCTATTGCGAAACTGAACATGATTGCCGCGGAATCGCTTCCTAGAAGGAAACAGGTCGGTTAGTATTCTACACACTTCGGTAAGATTAAACAGGCCAGTGGTCCATTACCTAGCATTGTATATAGGCTGTATATCAATCTCTTTCAGTCCGTGGGAATAAAATTACTGGCGCCCTAGTGACCGGAGTCTGGGTCCGTGTCCGTCCAGGGGATCGACATATTCTTCGTTACGTCCGCTGAAGGACAAGGAACCTGAAGATTGGCAATATCTCTCGATATTGCCCAGCATCTTGGTTAACCGAGCACCAATGGCAGTGTAGGATCAACCTACGGATAATTTTTCCTCGAAGCATCGCCTCGTGTAAGGACCCTCCGAGTGCGCTGCGCCCAAAACCCGAAACGGACGGCGGCCTCCATCTCCTATGTACAGTGCAAGGCTGCCATTCTAGATTGCCTCTCTGTATTATTCGGTGCCCGGAGGTGGCGCCTCAGGGTTTTTATCGTTCATCTAGCACCGGCGCTAAACGCGCAGCTTCCAAGAATCCTGGTTCGGCGTCAAGCAACAACTCCTATAATAAATTCCGTACCCTAAGAGGCCTACGCGATCCGGAGCAATAAATGACATTCGAAGACCAGGCGGTCTCGCCCGGTGAATAGTTT,1287,51.13,Escherichia coli
SEQ_646283,TGTCCTTGGAGCCCAGCCACATCTACAGCTATGTTAAGACATTATGCGGAGACTCAGCCGCTATGACTAATCGGGAGCTGGGCTTTGCCTTCTGTAATTTATGAAATCTATGGGAACGGTCTACAGTACCAACTTGCCCTAGCCTTTCATGGAGGAACCCCAGCTTATATACGTTCCCGAATCAAAACACAACCCGTCGGCTCCCTATTCCTTTTCGATGGAAACCCTGACATGTCACAAAGTCCCGACGGAGAATTCCAGGTTATTTCGTTGAAGACAATGCGGGTCCATTAAACCCCCCCATATTAGCGCCAGGATATCAGGGATCCCAAGTACCCGCATCCAATGTAGCAGTGAGGCGGTCCGGAGGCTTCAGGGTCACAAGCCCCAACTTGCCACGAACTTGATTAATGGGTTTGAGCCAACGGGTAAATCCTTTCAAACACTCGGAAGTTGAAACGCGTGAGCAGCGACCTCAGGCGCCACCATAAGCTGGAGTTATGATAATCCTGTATAATAATGCGAGTTATTAGTCTGACGACAATTGAAATTTAACTAATTATCCAACCGTTTGACGCAAATGATTTTCGCTGGGTAGTCTTCATTTCAGGCCCAGGTATGGGTCCTTCAGAAACATGATTTGTCTTTTGGTGATCGCAAATTCAAAGTACTCCGGCACAAATCTTGAGGCTGCAATCTTAGGAAGTGCAACACCGTATAACATATTAGGACTTCCTTTTCTCTGCCTAGGCCGCAGCCACTGGGGTATGTTATCCCACCAACAGGCGGGTGTGCTGAAATGACTTTGATTCCCTACATAAATCGGGACGCTTTGTGTCAGAACACCTTTGCGCGTTCGATAGAATTAAGGGGCCGAATATCTTTCACTTGTCGCATTCTATTGATTCCAAAGTATAGGGTAGAACAGGCGTCGCCATCTAATATCGTGACATTTTCCCCAAGCTCGCATAGAGAAACCGGCACTTCCGTACTCAACCCCCGAAAAAGTGCGTACTGTAGGTGTTGAGTAGTCGGAAAAATCTAAAAGCAACATGTTTACATGGGTAAAAGGCATAATACAGGACCCCCCAAAAGATATTAAAAAGGCTGATTTAGGTCCACGTTGGAAAATCTCTGTCTTGCTCAATCATTACACGTAGGTCCCGGACTCTTTCATGTTCTGGAGGCGGGCTATCATAAGGCGAGTGATGTCCGCA,1217,46.59,Caenorhabditis elegans
SEQ_784998,GGGCGAGAAATTGACGTATCGGCGCCTATAAATGTTGGAGATATAAAGGGAGGTATTGACGTCGCTTGTTGATCTTACCTTAGATTCCGTACTGGCCCCTATGGATAATTTCGATCAGTAGCTCGCCAATTTGATAGGGGTCATAAGTTGCCGCGACCAGGCGGGAGCTGTCCGTAAGAGTTGTGTTTGGGAAAGTGCTGTTGAAACGCTAGAGGGTTGTGATGTCTATCATCATTGTGCGGTCGTAGGAGGGTCGTTTGGGTGGCATCAGTCGCAGAGACGGTAATGTTCACCTCCATTCTTACCTCTCGGACTCATAATATGTCGTTCAGCAATTATACCTTCATTGATCCAAGAGACTGGTTCTCCCCCCGACGCTTGCAGCTCGTAGTTACGCCTCAGTGTCGATGGCAGGATAACTTTTTCCGACGTTCGCACACAGGATAATTTCAGTGACAGGCATGAGAGCGTATGATACACGGTTCTGACGCGGGCCTTCGAGACTCGTGGAACCAGTGTGACTGTTAGGCCAGACCCGTCGAGACTTTTCGCTACGATGACAAATGTAACATGACCGTTTACAATGAAGCAGAGGCCCACTCGTTTTTCGAACAAGTCCTCAGTGTTGACTTTTGTGCTCTGGCTACCTTGCTTGTTGT,659,49.01,Drosophila melanogaster
SEQ_873572,GTACGTGACGGGATTGACCGTGTTAATAAGTCGAGCCAAGAACGCGATGACCGCTCCCCGCGCGAGTATCCAACGGATCCGGGACCAGATCTTATGGGACGCCACATTTCAATTAAATGCGTCCTCCTTATTATTCTTAGAAGATTAAGTCACTTTAAATATGCAAGAATAGGTCCTCGGCCTTGTATGTTATAAATGTTAAATTTCCTCTTGTGTCGCCAACAACGGAAACCAATTTTAGGCTGATTGGACTGGATCGTGTCCGGCCACCACCATGAGAAGGAGGCTCTCAAGTTGGATATGGATGCAGGTGGTGGCAACATCTTAATCATCGGGCGGTCGGCTTAGTCCTATGCCTGAATCGAGCAGGGACGTGCCCTTCAGGCGGACCTATACGTTGCCACCATGCTCCCAAGATAATCTATGATTTATTGATTCTCACGGTGACCGAACGTCTTGATAAATATTACGGGGACTACGGACGACAATACTGCCAACCCATTAAACGACACTGCAAGCTTGTACTGAGTTCCCGCAGAAAAGATGGCACTTGCGCAGCGGGCTTCCCGTTGAACGACCCGTTTGTTGGTTTCCTTCCAGACAATCGCCGCGAAAGGACCTGGCTAGCGCACCACATAATATTTACGTTTAATGGGTCTCCTTATTGAGATATTGTTCAAGATAGGGGACAATTGGAAGACTAAAACGACCTGTAAAAGCCTGTTGACGGTTCCCCAGTAGTGCTCGGGATCAGACAGTCGATACTGCATGAAACGGCGGTCAGACGTCGATTTACCACGCAGCACTATCTGTTGGCTTCCTCTTGCAAGTCCCAAGAGGCGCCTGCCCACGCAAAGTGGCTCACCCAAGGGAAGCGCTCACACGAATGCTTTGGGGAGATAAAACTCTTATAACTCAGAAACCAATACCTACACAGTTTTGACGTAATGCCGGTTGACCTGACCTACCTCAAATAGAGCGTTGCGGGCAAGGCCTGACATCCAGTCAACGCCAAACGGCGTAGGCTAGAGGCCGACTCGCCTGACAATTGGTTCGATTTTTCAGATTCGACTCCTATTAAACAGAACTGCGGAGTGTTTAAAGTGGTTTGCTCCTTGTATGGTGCCGCTATCCGGGTCAACACTTTACGCCTGTCGTGATACCAATCCGCATTTAGTCACCAACCCACTTTATCGGATTACGTACCCCACGACGGTTAATGCGGGCGCTTCCAGGAGGTCCCTGAAGCGGGTCCCCTATCTGCCTCTACGCGCTATGGCGGGTGCACTTTCGTCGCACGTCTTCCTACTTTCAAATACCTATTGTCGCGAAATAGCGGAGTGTTCATGTGAACATGTAGTTAAAGGTGTAGTGCACGCCTTAGCTAATCACGCAATGTAGGATTGGCTGACGATCCTGCTTCGTCGAGAGATAATATGGAGTAGGGGCAGCATAAGGGGCGGGAGAACGCCGCATTCCGGACGGGTGGTGGTAAATACCAGATGTCGCTCTCGTGCACTATGGTAGCATCTGGACCAAATCTTTATTTCCAGATGCAGCCCTAAAATCTCAAATTGTTGCGTATAGGGGCAGTACTTCCCACCAGAACCGTGAGGGTGCATGTGGTACAGTTTTTTGTCATTGCTAAAGGTCAATGCGCACCACCAGCTGTACGAATGAATAACCCTAACGTACTACTAAAGGCCATCTCCCACCGTGGCATGGGCCTGTATCAAGGTGCGGTTTGTACTCCAGAACTCGCCTATTTTAGTGGGTCATCCTACTCCAAAAGCCCCCATTATCATACTACCCCCTTTGTCAGCCTGCTGGATGCCAGTACCAGCCTGCGATCTGAAAATTGCCGCTGACCGTGTATGACTTCCGATTACTGCACCCATTTTATGCTACTACACCAAGTATGATGAACGACGTCTCAAACCCTTACTGGGATGCGCTTGGTGGGACACCC,1969,49.72,Escherichia coli
SEQ_304388,TGACATTGGCGGAAGCACTGTCTGGTACTTCGTAGCGCGAGCACTATTTTTCAAGCAGAACGGGAGGCTGTCCACGAAGGGAACAGTTTATATCCGTGTTAACAGCACTTCTATGTAGAGGCAATTCTGGCCCCCTCAATGTGCAATGGGGAATTATGGCGCGTACGTCGCAAATAAATGTTTCCCGCGAGCGTGACCTATATGCAATTCGTGTTGTTGTTGGCACAACGAATGGGCATCCTCAGAGTGGTCCGCGAAGAGACCACGACAAGTGTAGCGGGACGCTTACCTGTTTAAAATGCAGGGGTGGGTCCTCAGCATTGCTGTAGGCGGTAGGAAACGT,343,51.02,Homo sapiens
SEQ_300705,TTGCTAGTGCGGATTAGTGATACACACTGGGTGTATGACTCAATAGACGGGAGCAGTTGCGACATACGTTGTCGGTTACCTACTGAGTTATAATTGACCAGTATACCCCATGTGGAGATATCCTCCTCGAATCTACATTTCAGTGTAACAGGCGGAAGGATCTCAGTATGAAGCGGAGTTGTGTCTAAGCAACTAGCCCGGGTTGCTGGACCAAGACATCAATCAGTAATTAGTACATGCGCGAGATGAAGGTCCTGTAGGGTAAAATGCGCGCGGCTGATTGACCTAACTCGAAACAGAGCGATTCTGCCGAAGATATATAACACGTGCTCACATACGACACACCCGATATCTGAAGTTGGGACCCGCAGGAGCCATTACCGTGCAGAGAGAGCAACGCGGAAGCTTAAGCCCTTTGCACCCGGGATGTGACTCTTTTGTAAGCCCTAGAGACTGAGTATATAACATACGATGGCCATGTTGTCGCCCGGTACGCAGTACTTACACATCTCCACATTATTGATCCCAAATGTTCTGTTAGTGCACTCGGCGCAAGTAAGATGCAGTGAAGTTGTGTTACTGCCCCCAACTATTGGGGCCGGAGACCGAGGTCCGGAGCATGCCATAGCACTATCTCCAGCGTATGACCTGCGTTGTAAAGGGTTTAGAAACCTCAGGCCGAACGAGTACCATGGGACGTCCGATCGGGACCCCTATTCCACGCGTCCCAACCAAGTACAAAAGTTATGTACAATCGTCTGTTAGATAATACTTTGTCTTTAAGAGTACCCTCTTTGGGCTTAAAT,806,48.51,Escherichia coli
SEQ_104281,TTGGTTGGGGCCCTTCCTATGCGTGTGTACAGGGGTCATGGTTTCATTTGGCTCCCATCATATGACACCTAGGGGTTGCAAATACCTTGGGACTCGGGAGATTTCCTCACGTTAAATTTACATCCGTGCTTTACCTCCACTTGCCATGAAGCGGTCACTGTGAATAAAGCCGTCGCGTAGAAAATCGGGGGCTCCACCGGCCATACTGGGCATGCACCGGTCATTTTGAAAGCGGGTGCTACTTACCTCATGTACGTGTCCAAGCGACTTTCAGCGTATCTTAATCTACGCCTACTTCGGCAGCTTTAGAGTAGATCACTTCCTCGAAGACCTAAACAAAGATGTTGAGGGCCGGCCAGCATAGGTAGTGTCCCCATAGTCAGGCGCCGCGGGAACGCTTATCCAGTAGTTTCGAGGAGCAGTGTGTGCGTACTGAGCGTATGAGAGAGCGTCGATTGGACTCCTTAATACTGCCGAGGACAATCAATATGGGCTTCAGAACAGCACATCTGAATCGGCTCTCTTCTCAGTTCACGTCACTCTAACTGTGGGTGAACTCATACCCTCTACTCCGTATACTCCGATCCGGCAATTGAATTCTGGCAGTTCACAGACTACCCACAAAGTGATTCACCCTCGCTCACAGGTCGCGGTTCGCATGATTGCGGTATGTGCTTCGGTTGCACACCTGTATGGGAGGTA,702,51.14,Escherichia coli
SEQ_228380,GAAGGTAGTTACGTGGACACAGGTTATTGAGAGCCTCTCAGTTACCAGTTGCCCGTGGGACCAGGACTCAATAATTCCTCTTGTTCGGCGATCCAATGTTGCTTCCAAAAGATTCTCGGGTTTGTTACTACAGGTCTAGATGAGGACAAGACTTGGGATCATCCCGGGAACCTGACGAGCACATAGGAGCATCCTATGACGCGACTACGGGACCGAAATTAGCAGAGACCCCACCAGAATGTTAGAGAGGCCAGAAACTCGCGCATCTCTCAAGGTGTATTGGTGGTCGGGCGTGTATCTTCACCTTCACTCTTTCCGGATTAACACACGGAAGCTTATATGCTGTCCGGAGCAGGGTTTTATCAAGGTTCGTTTCGACGCCCTTTGATGACGCGCGTGAAGCTTTCAAGAGCCGTCCCCCCAACGGTTTCTGAGCCCGTTTGAGCATTCAACTTTCCTGCCATACTCGTAACCCACGCGCGGTAGAGCGCGAGAACGTCATGTTGACTCTCTTATAAGTTACGAAAGTTTTACCGCATCCGTGAGTTCCCCCCACTGGCCTTAGTTAGATTATGGACTTAAGCGCCACCATCTCCATTGGTACATTTACCTATGTTGAGGATTTTCACCACATCTTGAGCGTCATGAACCCCCGCGCCTAATTCGGAGAAGGTCTGTGCTTTAGCACTCACCGTCCGATTACTCGATATACTTTAAGCTTCTAATCCTCAATGCTCCTCACTTGTATCACATGCTGATGATCCGACGCTCCCCGGACATGCGCTTCTTTAACTTTCTAAGGATACTGCTTGTGGGGTGCGGTGTCGAACAGAATTCGCCACAGGTCGATTAGAGACGATAACAAGGCCCCAAACACTTGCTTTATCGTGATTGTCTGTTTGTGTGAAATCATTCTCTTTTCCTCTTACATACCTCTTGCCCAGGTTGTAAGGAAGTCTTCCCGCTGGGACTTTAACAAACATTTGATTGAAATGGTTGGGGAAATTCGCGATTCACAGCTTAGGTCGTTTCTAGAGGCCTCGTGACCCGGAACGACCATCGTTGTGCGCTTCGGTGCCACGCATTCAAGCT,1092,49.18,Caenorhabditis elegans
SEQ_329715,TTATTAACACCGCTTGGAAACGCAAGATGCACACCTCACCCGCACAGACTAAGGTTCATCTAACCTAGGCGAGTACCTTACCAAGCCGCACAGCTCCTGATAATGTTGAGACCAGGACGTTGGCCACTTCGGCCTTTATCCAGTGTTTGGTGGACCATAGACTGTTGCTAATTGAGCGCTGAGAACTATCGTAGTCGTCACCAATCGTATATGGGTATATGGCGGCAATCAACTGCCACTGTGTACCGTGTTTAACTACCTTCAAACCCGTACACCCGAGGCTGGCGTTAGGCTTTGGCTAAGATTAATAAGTTTAACCGAAAATAGTCATCCAGTACCGCATTACATCATGGGGACTCCGGGACCAGACTGACAACGGGCGTATCCGTAATTAGATATGCGGGGTTGCGGCAATAGGGTGAAAGACTAGGCGAACGGCTGCACCCCACCATGATTAGCACGCCCCTCGACAAAGTGCCCCCACGAGAAAATGCGAGCACGGGCTCGCGTTAAGGTAATTCCGTGATGGCCAAAAGGGTCCTCTGCTGAAGCATTACCCATCCTAGTAATCAATGTGTTCAATGAGTTCTAATCCAGACAAACCGTTTCGAAAACTTACACCGCGTGTTCGTACCTTTTTTGGCCAGTAATATCCAGGGGTCATACGTTTGCGTCTCATGCATGCATCTTTGTAATTTATTAAAGAGGAGCCCTCATGGGGAGATCTGCTCATGGAAGACGAATATACTCTGGACTACGTTAGAGCCAAGCGAATCTACTGGGGGCCCCAACGAAGTAAATTGCTATTATCATAAGCATAGCGCCATACACGGCTATATGCGCGGTGATAGCCTAACAGAACCCCGAGCTGCGAGGTAGAAGTCGTAAGGAGAAAGGCCATAATTATCCCACCTGTCAGAAATGAGGCCTTGTGCGGAAGTGGTCTACGCCTCCCGCCCTGACACCGTTGGAATAGCTTATATTTG,986,49.09,Escherichia coli
SEQ_501403,GGGTGCAGCTCTATTATGCTCTGAAGCTGCCCTCGCTGGGTAGCGACGCCACATACTCATCGACCTTAATGGTAAGGAGGTCCGCCTGGAGGTCTCCGGCGCCGTAAAGGTCCGGGCATAGTATACCGATTCATTTTGCCGTTGCAGTGTCAGTTTATATGGAAGGTGTTGATGGAACTGGGCCCGCTCGGCAGCGCAATTAAGCACGCAAGGCCAAGTCCAAAATAGTTATAGCACGTTCCAGGTTCGACCTCGTGACTCCGATCCAAGGAATGATTAACATTATGTACGAGCCAGCATCATGACAACAGCCGATAACTTCCGGGCTCATTTCCTGGTGCCGATAATCTGCACCAGGAAGCTAGCCCGTTCGGCAACTGGCAGATCCTATTGAGTCGAAAAGGTGCAAGGCTTATGGGTAAAGGCCATAGATTTCGCACTCACTTAACCCTATCAACAAGGAAGGGATGCTACATAGCTACAAGGCGCTAAAGGGGGGTCCTACCGAGCTCAGTTCCGGTGTTTGTTTCGATCGACCAGGTAAGGTGTCGTGTGAAGATTGTTTCAACTAGGTGGCGCTCGTGATGGCAGATATCTCCGAACCGCGCGTCTCCTCACGATGACGGCTTTTACACGAGCCTTTATACCGTCAAAGAAAATCCGCTCCCTGCGTACGAATTGTTAATCCCCGTGCAAGGTGTAGATAACTTCGCAATTTCGCCAGCAATGATCAAAACGGTAGCATGCAAGGTGTCCACCACATTTCCAGAAATTTCGGAAATCCGGTTAGACGTTCTCTCCGCCCAACTCTGTCGGCTAGAGCGTTACGGTCCTCGAAAAGCGCGTGCCACTTGCTCCCTAATACCGCCCGCTACGGGGCAACATGTACACCTGCTCTATCGGCGTCGACGGTTCTGGCGGTCGCCATTCGCCACGGGGCTCTCGTCAAGAGCAGAGGACGGACTCCTAAAAGATAAACCCTTTAGCCTCGAGTCGGGAACGGTGCTCTGAGACTGGATCAGCTTTCGCATGATGCACAACCCCGACTGAGATGCGCACGTGCTAGTAGACTAATCCTTTTTTATCGCAGCAACATTCGAAATCCTTCAACCTCAGAATCAAAAAATTCGTTCCACCCTCATCCCCTTTCGACCTTATCACTCGGTGGGCCTTGATAAGAATGGCATGTCACTCAGATATATCTTGAGATGTCCGGCGCCGGTCGTCTAGACTGTCTCTGAGCTGA,1246,51.77,Escherichia coli
SEQ_968085,GTCTTATTAGAGATCAATGGGGCTCACTCCTCACTTGGCTTACCATGAGATACCGTGTGAAGTTGTGAGTCTCGGGACAACGGACGCGAAACATAATCATATAAGTATTGTTGTACTACTGTATCAATGCTTCCAGGTAAAAAAGCTTCCAGACGGCTAGCCGAAGGTGGGTAATCCTTGAACTCAAGTGTCTGCGTACTACGCTGCGGGGTTTTAACCCCGGCCTTCAACCGAATATGGGTAGGGCAAGAGTGCACCTCGAAACTATCCGTCAATTGCGGGCGTAAAGATGTGATTGGAGTCCGCCTAATGCTAGAAAAGGCTTAGCTCCAATATGATAATCCCACGTTCAAGGAGTAGCACCGATGCTTTCTTTGGATGGATTGCGCAAACATTATATACCGGCACGTGCGACAGTGACTTCCGTAGTCGTGTAGAACCGTATTACCTCCATCTCTGAAATCCCTTTACCAGGGGTGCACGTCGATGTGAGCGTCCGAACGAGGTCTTACTTGCGCCTATGTGCGCGTTATGGAGTTGTCCCAGTGCCACGCTAGCTGGCCACATTTTTCGCGGCCTAGTGCCGGACTCTAGTTTAAACGTGTCTTAGCCAATCGCGTGGGTCCGCGGGGGAGTCGCCGAATGCACAAGAGAGGATCCGTGTTTTGTCCCATGTACGGCATCCTGAGTCGTGGTGATTCAGAAGAGTCTTCCGCGATCAATTGATAGTATGGCTCGGCATCGACGATGTAACATACCCTCCCAACGATCTGGCTGGAAAAAAGACACGGCCGTGTGCCTAACAGGGGTCGAGGATAGCAAGACATCTCGAGTCGACAGAACGGATGAATGGACGTACTTGAATCTTATTGACTTCTTTCATAACTCCATCCTAAATAAATCAACCGGGTTACGGCGTGGCGGACCGTAGGCACAGCCGCATCGACAGCCATGCCCGGAGAATACCATGACAGTTTATATCATTCCCGGCTGGACGAGAGGGATAAGCCAAGTTGGAGGGGAACAAGTTACAGGGGCCCGTAAGACGGTCCACCAAGAGTGCCTCATTGTCCCCTTTAGGCGTGAACTGGTGAGTAAAAAGTGACGCGGTCGTTGCGGAAATCATGCACGACCCTCTACCGCAGAGTGTTATAGATCAGGGAGGCAATAACATGGCAATAGCTCGGCTCGATGCATCCAATAGGCGCGCCCGTGCGGCTTCTTCGCTCCTGCAAATCAGTAGCTGGCAACTTTGATATACTCTTAGCTAGTGCAGGTCGCGAGCGCCCGGGGCCTACGAGCGCCCGGCAGTACAGACGCCGTCAGAATGTTTGTTGATATTAGGATGTTAAGAACTGATGTGGTGGCTTACCGACTTATATCGGAGGGATAGAATCGCTAAGACGAATGTATCCCGTTGCAAATGAA,1428,50.98,Arabidopsis thaliana
SEQ_539056,TTTGATCTGGTCACCGAAGAGCATATAGTTTAATTTCGCAACTCCGCCAGAGTGTGCTGTAGTGGCGATTTCATACAGCAAAACCTCCTTGAGTACCCGGTCACTGTAGTGGCCCCCAGCACCGCCTCACGGTGTATGCTGACCCCTTGGGCTTGCCGGCCAATTAAACAACTGACTCTTTGTGCGTTATCACAGGAGCAAGGAGCGGCCAGCGCACGTGAACCTCCCCCTTAACTCGCTTCCCGCGGTCAGTTGGTCAGTAATGCAGCGCGGTTAAATCCCATGAGTCGGGTTGAGCGGATGTGGAAAGTAAACAATCTTTCGGCGGAGAATAGAGGCTCTGCCATTTTTCTGGTCATTCGGCTCTGCGATTCAGGCTGCTAACGAATGCTCAGCAACCACCACGCGTAAAAACCCGCTGGGTACATCTCCTATCCGCCTAATGGCGCCATCCATGGCCCTGCTGCTTCGAGCCACGCCCAACAAGTTTACTTTCA,497,53.52,Mus musculus
SEQ_224109,GTGCGAGTGCGATATTAGCCTTTTATTACTCTGCACACATACACGTGTCGTCCGGGGAAGGACTTTCGATTATCGGACATAATGAACGTTAGTCTACCAGCTGGGCTGCTTGACTCGGTATACCGACACAGACGCGACCAAATCATGTAACCCCGGTACTAAACTGCTAGAGGGGGAACCTCCTTCCACGAGCACGCCAGGCGCCCCCGTGGAGATGGGTGTACTGGCCAACCCGGGGTCGAAACACATCTATGTCCCATTTCTACACTCAAGCCTGAGCAACCTGGAAATAGGTCCCGGGGGAGCGGCGGGATTTGCCCTTGCGTAATACAGGAACCAAGAGGAAGATGGTTGAGGCGTGGTTGTGAGTCGTTCAATGGGTCCTTACCTAATATTATGAGAGGGCAGTTGCAACGGGCTCGAACCGATATGATATGTATCTTATCCACCACTATGGAGGCGGAGTAGAGCAATCTCGTGGTCAAAAACTCTGATTCTCAGTAGAGTCAAGGGGTATACCGACGCACTCTCAGAGCAAGGTTAGCCTATGATGG,554,51.81,Homo sapiens
SEQ_499990,CAAAATCCAACCGCCTCTAGGCCAGCGTTCGGCTTATTTACGCGTGTTGACGGGCGCAGCGTAAACGACACTTCATGTCAGTGACGAGCACGTTGTCCCCACGGTTCGTTGCCATATAAAGAAAACGGGTTAACGGAGTCGCTATCGAAGTAGGAATTCAAACAGGCACTAGAGCACAGGCCATAGTCTGAAGGTCGAAGCATATGGGACCCTCCCCCAAGCCTTGCTTAACCGCCCTGGTCACACCGTACCCGAGTTATTGTGATTGTTATCTAGCCCTTTTCCTATTACTCGGTACTAGATACGAGCCTGGGCTCGGCCCACTCGACGGCGAACGAGGGCTCGCCTAACCTTTAGGCCAGAATGGCCTTATCGTCTTATACCGACATCACACAACCAAGGCGAGCTTGCGATGACGTCAACATAGGCTCGATTCTAATTAGTAACCGGGCGTACGTTGGTCTGGGATACGTCACAGGGATTAGCCAAGGAGGAACGCTCAGTAAGTGGTGGAAATAGACGTGGGGAGCCCCTTTTTTATGGCGACCGGACCATAGCATTCGTATTCTAGTAAGCGCGACTGGTATGCGCCGCCTGTTGGACGGATTCCATGACGTTAGTGTGTAGAGGTCCTTACACTGTGCAGCTTGAGCTCGAAAACGGATGATATTGGCTGTTCGGTAAGTGCTGCTTAACCGTAGGTGGGTAGTGCGCCCTTACAGCTTTAGTGGGGAGTGGACTTTCCCGGAGTTCGGTGTTGGGTACGTAGAAATGCACTTTAAATTTGCTA,790,51.77,Escherichia coli
SEQ_633092,GCTGCAAGCTCAAAGGGGAGGCTTTCATTTTTTGAATTACGACGGACTTCCGTCGCCGCTTCAGACCTTTGTGGAGTTCATGGGCGGCCATCTTTCCATTTTACCGTTGGGCCTAATCGAACATGGGCTGTATTCATACGTGTCTTGCCGCCAAACCACCTTAAACCCCTTCTCGCAACCAGGGCCGAGGTGCATGTTGAAAAGTCGCATAAACCACGTAATCCAACTCTCTGCACCTTGGAGCACAGGTGTTTTTCAAACGCTCTTGGCTATAATACCACGACTCTCTCGCACTGAAGTGCGCTTATCTTAAGCATCTTAGATTGTTAATCCTGATAGGTCTATACGTTGATTTCATTCGTAGTTCCAGCAGCACTTACATTCTCCTGCCACCCTGTGCATGTGTTATTCTAACGTTCAGCAGTTCCATGGAGAGTTTTGGTAAGCGACCCATCATACATAAGAGATGCACCATATTAATAGCTATTTTAGCCGGGCTGGCGTTGTTAATGGTGGAGCCAGCTCGATAGCTTAGAATGCTTGCATTTATCCTTTCCGGCCGCGACTGATTATAACGATCTTGCTATCGCTTAGTCTAAGCGGAAGGCAGGGGTACGCGTAGGTCTCTAGAACTCTTGGAGCGAAGTATCGTAGTTTTGGCTCTATGTGTGTTGACGGGTATTATCGGCATACCGGTCAGGCTGCTATGCGCATTAAGTGATTGCCCTCCCTATATAATGCTCGAAGGTGCTCTACGCTGGCCTCCGTACGGAGGGGCTAGCTAGGCGCGTGCGGTTTATTTCCCTACTCGCTGCCTCCAAGTTGGGCAAGCGCCAACAACAGGCATACGAGTGTGCCGGCAGCGCGATACCAGATATTTCGCCCACGTGGAGCGACACTGGCCCCGACACCCTCCGTCGAAACGATCAGAGCCCGTTTTCCGCTCAATGTCTCCAGCTCACGCGATCTTGGTTTTATGCGTTCACGCTCCAACCGTCGACGGTCGCCGAACCCAGGATTTAACCATCAATATGAATCGAAGTCTAGCCTGGACGCCTAGATGTATCACATTGCGGCCCTCACAGCGCCAGGTCGCGTCATGGGCAGAACGTCGCCGAGAACATTCGCTGTCAGCCGGTCTACATTCCCAGAGAATCCCCGTGTGTGGCTTGGAAACGGCTACGACGATTCTCACTGGATCACTATCATAGTCCCCTGTTAGCCAAGGTACTGTCTAAAGAACATGGAAAGCCATATGGTCGACTTTTTCCTGAGCGTAGTGCAACCGCGACACATTGCAAGTCAAGGCGAACTTGATAAGTATAAACTCATAAGAAGTCACTTGCAACAATTTCATGAACCAGGATTGGGCTCATGTATTGTCACCGCTTCGCTGACCTCCCTGGTACTAAAATAGACGTGTAAAAATTCTCGGGCCTAAGTCGCTATTATAGGGGTAAAATCGATACAGATGACTAGTTGACTGGTTCGTAGGTATCCTCATCTTACGCCGATAATCACTGTGATCCACTGCCGCACATAATCAAAATGCCGAAGTACGATATCAGGATCCAGTCCTACCGGCTCCCCCCACCCTTCGAAGATGGAAGTGAGGCCAAGCCTACAAAACTACGTTAGCTTCGCTCCGCTAACCTCTTACAGATACAAATCCCAGATCTAACCGTAGAACAAAGTTTATCATGTGGGTCTGCTCTGTAAAAGCAGAACGGCGAAATTAGACAGCGTGAGAAGTAGCGTTGACGTGGAACACACTAGTGGCATTCGGCTCGGTTGAGCCCAATATTTGCTCGAGTACACGTCCGCCAACATTCAAAGTCAAGCTTCCACGTTGTTAACATAAAATACGTTTTGAGTTAGACAGAGGTTTAC,1890,49.15,Homo sapiens
SEQ_854525,TGTCAATGGTATAGTTACATAAGCTGGTATGCCAGATATGGGCCGCCTCGGGGTCAGCGATCCCACCTTCCTCAATCCACGATAACACGGGCATGCACTGCGTCCGGTTGACAAACGGAGACAAAGGGCGTACCAGTCCCTTTAGCGACCGGTGCGAACACATGAAAACTCATGCCGGGAACTTATCAATCGTACTGTTTATAGAGTACATGGCAACCGATTAATTTGCTACTAAACAGCGCCGCGGCTCTAGGCTTACCGTTTTCTGTGATGTGGCGCCTGGCGGGCTACCAGTCGTCGTCTCGTAGTCTAGGGCTAGTCAAGGTAAGTAAGTGCCATGTAGGCTAGTGTGAGATCTTCCACCGTGCGGCCGCAACCGGATATTTCGTCGAGCGAGTATATAAAGCAGTAGGCAATGCGGTTCACTCTCGACAGGTCGAGACGACTACGTGATAGTGACGCTATAAGAACTTATACGAGAGAAACAAATAAATCCGTATGACACATTGGACGTTGCTTTGCCGCCCGGAGAGCGAATAAGTGTACTTCGCCCATTACCCGAAAAGTTCCCGCCTTGTAGCTGGGTTAGAGGGTCCCGGGTCATAGCCGTGAGCGCGGCCTACAGACGGGAAGGTGTGGTATGCCGTGTAGTCGGGCCGCCATGAGGATGACTAGCACGCAACCTCATGAAGAGATCGTGGTAGGACCAGACCGTTTTATGAGGCTACTAAAGGGGAGCCTTGCATTGACCATGATTCGCGCATACCCATCTGAGTCGGGAATCACGCGCACCACTTAGATCTTCATTAAGCATTTGACCCCACAGGTAAGCGTGAACAGGCTACCCGGGACTGTGCTCCAGCGGTGTGGTGCACCGAGCGTGCTCTACTAACGGGAGAGCACTGATTTAGAAATCAAACCACCAGTATCGCTGGCCTAAAAAGACAAACACGAGTGGATTTATTCTACCCCAGAGCTAAAACATATCGGAGACGACTCTTAACGCTGCTTGCTACCAACGACGCCTCGTAGTCCTGAGACCTATTCCAGAGAATCCATCGTATTGCCCGTACAAATCCAGGTCCGGCAATGATCAGACAACGACCCTCGAGCTTGCGCCTTGTAGACGGGTCGAATATTGTATGTATGTTACTCACTTAACGGATAGCTTTCGAAGCGGTAGTCAACGGAGCATTGGGCTATAATAAATCGCCGTTCGCCGTTAATCGGAAGATTCTCTCGCGCGATCCGTGTGTCCTACGGGCTCATCACCGTCGGTGTATTAAGTATCTACAACGCCCGATTTATACCCGACCATACTTCTATTCGAGTCACGTAGTTCAACACCATTAGAGATCACACTACACCGCCTGTTCCTAAGGCCGTACTCGAGGACGCGTGACGACATGAAACGGCTTAAGCCCGGCAGTGGTTAAGAATGACCGGCACGCAAAAACCGTCCGACCGCAGATTAATGTTGTCTTCAAAGGACTTTCATAGAGTCTGGGCCTCACGTGGTTACGGTGAATACGGGGTGCGACTACGCGGTGACTAAGTGCGACAACTAAAC,1570,51.4,Arabidopsis thaliana
SEQ_835512,TAATTGAAGTTAGTTCTTATATGCGTCATCGTAAACATGGAATGTCCACATGGGGATGTGGCCAAAAATAATGAATTTGTGTGGAAGGCCCCGGGTATCGACATCCATTAGACGCGATCGAAGACCGGACTGAGCTAGAACTTGCGATATACCCTTGCTGTGTCTTATAAGTGCTTTTGAGTTTGTACCGCTGATCTCTCTCACGGCATACTAAGCGGCTGAGGCTTCCCTGGCCGGTTAGGTGCTCTGTTTGGTTCGGCAACTAAGGGATCAGCTAACTACGTGTCTCGACAAGACCCAAACG,304,47.7,Escherichia coli
SEQ_163432,TTAACCAAGACAAAAGCAGTCCCCGTAATTGCTTCGTCGCTGACAGAACCCTCAACCTGTAGTGCACGAGCTCAGATGAGAGATGACTAATGCACTGTAGCTGTCGATAGATCATAGAGGAGTGAAAAGGCCCTTTATGACAGCGTACAGCGAACCCGCAACTCGGTTTCTAGGTTATTAGCACCGGCTCGGTTTGCTTTGCGTAAGAATTGCGTAGTTCAACAGCAGCCGACCGTATTTTCTCTGCCCCAGAAACATAGTTGAGCTAGACGGAGTCATGCCGAGAACGCCGAGGTTATTGCGCCTGAGCGCCTTCTTGGGAAATATTCCCGGAATAAAGTTACACGGTATAGATAAGGAGAGCAAGTGGTCACATGAAGTTTGCGAAGCTATCCGGCAGCGCCACCGGATACTATACTATTATACTTCCTCTCCTGACCACACTCGACTACTCTTTTACAAGCCTCTGATGTTCGCGGTCATAATGCCTCACGCGGCACCATTTTAGGCTTGCGAGCTTTATCTTGATCGTCCTACCATGATAGAGATACCCGGAAATATTTATGCCAGGGCTGTTACTGGAGTACTACTGTATCCCCGTTCACCCTCGTTCCTCCTTTATGTTACTGTGATATGGAGCTGAACGGAGTGTTTAGCAAATTGTTTCCAATCGAGATAGCTACCATTGGACGGGTATAATCTGCACCCAAGGCTTGATAGCTACCGACGCACCTGAAATCGAACGTGCGCGGTTATCAATACGACCGGTCTCCCGTAACGGTGTGTATAACCGTAGACTATGTAACGGGAATACTTAGTACCCAAGGTACAACCCCCTCGCAACGACTACGTTTTTTATTGTAGCTCGAGCCCGGGGGTAGCGATCGGAGAGGCATTCCGTCTAGCACCTATGCTATGCACATACCCCCACTCCTCTCCATCAGCAGCCGTTTGGCGGTGACTTGGCGCAACAAAGCGTCATTATGAACTGCCCTGCGATTTGATTACTCGAAATGAACCGCGTAGCCCACTTCGCACCAATACCGGTCGTTCATGCGCAAGTCTACGGGGTCATGTACTTATGAGCGCAACGAATCGAATTCTCCTCCGATCGGGCTCCTGAAACAGAGTCCGCGGTAGGACTACTCCATCTACGACTCGGTCGCGCTAGTCTGGCTTGCGCGATCGGGAAAGTGATTGCCCAATCCGTTCGTTAATATTATAGGTGCTATCAACGTGATCCTATTCTTTCCCGTCTCAAGGTCCACATGATGATTTGAAGAATTGGGAGCCATAACTTAACTTGAAACTTTAGTAAGACCGCATTTTTCTGCGAGGTCGCTTATGGGAGATAGATTAGCTGTGCTCCTGCTGGATCAGTAAGTATTCGCTGCTAAGGAGGGTCCCAGCGTAGCGCGCGACTCGTAAATCTTTAACCAGAGGCGTCCAACTATAGAGGTGGAGAACTGATGGCGGAATAAATCACATTTCGCAAGCAGAATGTATCTCTGTAATAACACGATTGTCATGGACTAGGTTTGCATCCTACCACTACGAGCGCCCCATGGGTTACCTCATAGGCAAAGTCTTGACCGGTGCACAGGATTACCATCTTGGATTAGAGAAACTCGCTCATTTTGCACGCTATACCAACACGTAAAAGTAGATGTTCGACTCTCAGCAGAACTCCCTATCAAAACACGCACTATAGGAGCATACCGTTTTGTAACAGAGGACACCGTCATCGCATGCGAACTTTTAAGCCTGCCTCGTTCGTATTTACCAAGAGCAGGAGAATCAAGACTAAATGAGAATGAATCAGGCGACTCCGGTTTCCTACGATGGATATAGTTGTTGTCAAGCATCAATAGGAAAGAGACAAACACTCTGTCTCTACTTGCGCTCTGCGTTTTCCTA,1917,48.2,Saccharomyces cerevisiae
SEQ_190131,GCGCTCTGATGCAGCGCCAAAGACTAGCAACTGTTTCGTGCCGACCGCGGATAGCGCCAACTAGTAGATGAGTGGAATATAGCT,84,53.57,Homo sapiens
SEQ_677087,CTGGACGTCTACCCGTTTTCGATACTGGCCTGGGGCTCGCACAGGTCCGTCCACCAAAGTCGCCCTTCACGCATCGCATCACACCCTCGGGCCAATTAGCCACCTAATAGTCAATCTCGACCGTCGTGAGATCTGACAGCCGTTGCGATCCATATACGCGTCGTTGACTCATGTCCGCCTGCCATAGGATGACCCGCGTCTATTCAAAGAAGACCCTCACCTTCTTTCGCTACGCCCATCGTAAATATGTTCTGCCTGCGGGCCAAGAGCTGTAATAGGATATGTATGAACTTCCTCCGGCCCTTTTAGAGCTAGGTTAGGCTCGCTGGAGTACGGCGCTACTGAAGTGAACCCTTGTAAAACTGCTCCTAGGACGTATGGAACGTACCAATGTCGCGTGACCCATTAAATCCACATTCCTTACGATTGGGAGGACGGATGACTGGAACCCCGCGCGTTTGGTTTCGGCTTGTTCCTAAAATTTTTCACCTATTGATGGATATACACAGTAGTTGTGGCGACGTCTTCACAACCCTGAAACTCCCGAGTATTATTCAAGCTAGTAGCTGTAATCAGCTATGCAATCCAATCTCAATAATGGTCTGAACTGTCTTGGGTATTTTCTGATCGTGTCGGGACCTGCTCCGCGTGTTGGGACTAACACCAGATAGATTAAAGACCTAACCGCGAAGTATCTATTGTAACACCTGGTGCAAAAAGGACGGCGCGTGACTACTGACCTTGTAAATAGCTTATCATCTCATCAATCGGTGCGCATTACTATACATAATCATCCTAGGAATTCTTAATGATCGGGCCGGGTCTACAAGAGAATGACCGGTGGAGGAGCGCATTTACGTGGGTTATATTGGTGAGAAATCTATCCTGTATGATCGTTTCCTCTTTGGTCCGTGGAGATTGTTAAGTATTAAAGGAGTAGACGCGCAGCGAGATGGGATCTTTCAAAGCGGGTTAAGACGCACGTTAA,988,48.48,Mus musculus
SEQ_726972,GAGTGTGATATGGCCGCCCTGTCATGGCATCACCGGCGCGTGCTGAGGATCTGTTTACCCGACCAGTTTTCTTTACTCTTATTGTGTCTGTTAGTATCTCCTCGGGCGATAGAGGACCGCGAAACTTGATCTCCCGGTCTGATTACACTAAGTCAGATCCAAGAGTATTATATCGTATCAGCTATTACTTGACGTTAACACAAAATCTTGCTGGGTCTTGATATAGGTGGATTCCGTCGCGCTGGCTTTCTCCGGGATCCCCTAAGTAACACCGAATGATCAGCATTCCCGGCCTGCGGGGGAGCGCGCCAGACCCCAGCTACTAAACTGGGGCGACAGAGTCGAATTTTCTCCTACCACACTTGTCGGCCGAGCAAGTACGGCGTTTAGAAAGTAGGGCGGTACGGGAGTTCATCCACAATTAAGTTAAACCCACAAAATTAAGTCACAACTCTAGAACGTCGTTGCCCACACGTATAATCTAGTATAATTTTGCGCAGCTACCACGTGTTAGCAACCGGTAGGCACTAATGAAACTCCACGGGATGAACTCCTCCCTTTTGAGGTAGCTGCTGGTGCGGCTCATTTTCTTGTAGAATTACGGGGATAGGGTAAAAGTAGGAATAGACAATATGATCTAATATTTACTCGCAGTCCACATGAGTGTGACCACTTCTCTCCTAGCAGTATCTAATGAAATAACCGCATTAGCTATGGAGGTATTATTGACCCTTCATCACGGGCCATTTG,750,47.6,Saccharomyces cerevisiae
SEQ_917014,TTATTCGGACTCTTGGGTTGATCGCATTATGACCCTTTCCCCCGCTGTCGTTCGCTGCGTCGATCGCCGCATTGCACATACTTGAGGAAATGAACTTACCTCAAACTTGCACCAAGCCTTTAGGGTAGCCTGCGGCAATGAATTATTTTGGTTACTATGGGTTTGGGTGGGGAATGCCGTACCTTTAATTACCAATGAGTCCGCCTTCTCCTCTTTTTTGGCCACATAATGGGGTACCCAACGAAGCCGTCATACTATCTGAAGCCTAGGCGACTACATAATAGTACAGACGTAGGGGGAGTGGAGATCGTCAAAACTATTAGACATATGACGATGGCGCCGCGGAGTTCCCCCTTGCCAACCCGGCACTGCCTTGTTATAGCAAGGGTGGTACTCGCGCACGAAGCTTGAGTACCAATCAGAACTAATTCTTACGTGCCTTCGTATTTGACGTTTCAAACACGTACGTCCGTAGCTGCTTTCGCACAAGAAACAACTGTGCATGTAGCCTCAGAGTCACTAGTGGCTTCCCCTCAGCACGTTCTGGCCTTGGTGCGTCGCTAATTGGGCGCACATGTTACCCAGATGGCCGCGTCAAAGTGATTGTAGGTTGAGTCTCACTCTATCCGTCCTATGATGTCTCCTGAAAGAGTCGCAACC,660,50.0,Drosophila melanogaster
SEQ_127479,GGAAGGGGGATTGGCTCGGTCACCGTTCGGTTCGGATTATCTAAGATTCCACGGCCGATCGGCTAATACCAGAGGCTCGAAGACCAGACACCACGGGGTATACTGGTTGTATGGCGAGCTCCTAGCTACCTTCTTTGGGGGGCTCCTCAATGAATTCACCTCAGAGAGATTACAAATGGGTGCTGGCTAGGAGCCGCGTGCGTCATAGTGAGAACCCGTACAAATACTGCGAACGGTACGGGGGAAGTTCACGACGTTCCGAACGCTATTTAACTCCGTAAGTTTGGCCGGGTCACGCATCATACTGGGGCCCAACTGGTCCGGAGTTCGCACCACACAGGCCGCAGGGACGTCTACAGAATATAAATCTGATAATAAGACCACAGGGGTATAGATAAGGGCTGCGTGCTTAAGGGCAATCTCTAGTGGAGCTGCGTATAATGTCCCGGGAATATTGTAAATGTATCCAGCGTTGCAATTCGCACTCGGTTCTTACCATGTTTTCGTAACATATGGTAGCAGGACTAACATCGCAACAACGGGAATATCCCTCAAACGATATGACCCGAGGGGCACTTGGCGAAAACATGGGTACAGATATCGTGGGGCTACCAGCACCAAGCTTCATGAAGGCGACAACCACTCGGTGCTCCTATGATAGAAATTACGTTGTCGACGGCTGCGGAGCGTCTTTTTTAACAGCGGTATGCAAAAGCTACTGCTCACTACCTAGAACGGTTCTCGAAAGCCGTCGCATTCCCAGTACCTATGATACAGTGCAGACGGTACAAAGAAACTAGAACTTATCCCGACGTCCTACAATTATGCTGTGTCTAGGACCGAGCTCCCCGTGGTGACCCACCGGGGACGGGGCTGTGTCGAACGTCAAAATGCTAAGACTACTGTGCGAGAACAAAGGGTAACCACGATTAAAGTAATCTCTATCTGCTCGTCCAGTAAAAATAATTCTTAGAAGGTCGGTGTTCTCAGTGACCCTCGACTATGAAAATGTTACCGATTTTTTTCTCCGGCTTGAATTTCAAACAGGGCTGTCATATTTGGTGTACCGGGCATCAGGACTAGCGAGGCATCCCGTTCCGCAAACACCGCTGACTATATGCTGACACGGGCGACCCGTACCTTCAACTCGATACGATAGTGACAGTGAGGATGCATCATGACAGGCCTGCAGAGAGGTCCAGCACGCTATCTACTATGCACCAACCAGCTTTGCTGCCAATCTACATAATGCACATTCTAAACTCTACACGGGTTTGCAGGCATAACGCGGTGAGCAGAACGTGAGGCGAACAGCGAACAGGATATATCCGCAGAAGCACGAGTTCCGAGCTTTCGTGGGCTCGTCTAAGCCACCCTTTGCGCATCACAGCGGCGCTTAAAATGCTGTCGCGCTTTCTCCAGAATCCCTTTTCGTACTACAGTTCAGAAGCGTCACAAGCGGCAACTCTGGCATTTAGGTAGTGTGGTCTACATCTGCCATTGGCGATAAAACCTATGGGGTCGAATAGCTCCTATGGGGACACCCTTCGGTCAGGTCTCAACTTTTTGACAACCATGCACCTCCAGTGCGCTTCCTTATCCTGCTCCGAGATTCAGTGGTTTGACGTCAGGAGGAACGCGCGGGTGCTAGACTGTTGGTACTCGGTAATGGACACATCCATCGGTAGCTTCCGCTATGGTAGCAACAGCTCCCTACCGATTCTAAGAGTTTAAAAACTACCAGGTATAAATTTTATTAGTCGTCCTGACGCAGGAAGTCCGATGCGATGTCACTGGAGCATATTAGATTGGATTAGAACGCAGGCATAATTGGGAACAGCAAGTAACACAGTTAAAGCGTAGCTTTTAGTTCCTTGGGCTGAGAATCCTCGTCGCATTCACATACCCCCCGATTCTCAAAAGTCCGTAACTCCATGCCCACCCCTATGACGGCGGGGCGCGTGACAGATGAGTGAGCGT,1980,50.4,Mus musculus
SEQ_799036,CCCGAGTGAATCTGTAAAGAGTCACAAACAGGTCATGGTCTGTTAAGGTCATGACTGCGTTCATCTTTGGCAGTAGATTTTGAGGCTGATTGCTCCGAGAATTACCGGAGCTTGCCGGTATCGCAAACCTATACCAGCACGGGAAGTGTTAATACGGGCTCGGTCCACTGTGCTGAGAGGAGTGTCGGTTTCAATGTCCTGCATAATCCAGGTAGTGAGTCTATAGCTTTTCGAGCACGCCGTGCTATCTAGGCTTAATCAAAGCGGTAATGGCCGAATATATAGGAGGGGGACCTTCAGAACACTTCATCCCACAGGCCAGATGGTTTCAGCAGTGGCAGGGCTCCCCCGTTACGGGACGTAATCGCTGTGTCGCTACGTTCATGTCGAGTCTGCATGGGTCTTTCCAGGGGTGGTTAGAATAACTCTCAAATCTTCGCGTAGTACTCTAATCTACTTTAGGTCTGATATGACGCCTTCTATCATCTGTTTTGGTTGGAGCCAGAGGCTGCCGCAAATCACTCCTCATTGGCTCCATCGCTGGTGCCACCAAGACGCCTTTGGGGCGATACTTGAACCTTAAACTCATCAGGAAAGTCTACGGTACCCCATCAGATCCGTACCGCGGCACGCGCTGTAGCAAGGGGGGAAACATCCGTCGCATCGGAACCCGGGATAGGCGGGCAAGGAGCAAATCGAACTTTGACTTGGAGTGATAGGTGTA,724,51.24,Caenorhabditis elegans
SEQ_230791,AGTTTTCATTATCCAGTGAAGTGTCGCACATGAAATCCGCGGCATATAAACTTCCCTCTGCTTTGTTGATTCATCAGGTTGAGAAGGTACATGGTACTTTTCACATGGACATTTCGCTCAGCTTCAAAGGGAACCCGCGGCTGTGACTCTATAAAGGCAGAATCTCAGACTGGTGGTTTAGATCCGTACGTTCACGCCCTTTATAGGGGTGCACAAGGGAGATTATTCACGACTCCCGTGGAACTGGACGACGTGACTTGGGTATATCATGTAGCGCTTTGCCGTACGCATCCATTATTGTGATATAGGCAAGCCAATACGGCACGATCCCTGGCTGAGACTTGAAATTTTATTGCTAGAGATATGCTCTACGCGAAGGCAGGCCCTGAGCCTGACTGAGGACTCACCTTCACATCCATCTGCACATGTAGAGAATCGAAATCCCAATTTGCCATATAAACCACAATTAACATTACGAGCTTCCCAAGAAGAACTACTATGTTGGCCGGATTGCTCTTGCGATACTGCGTAAGTACGGGATCATCTGAAAACCCCTTTCATGACTATATCCATAACGTCAACAGGATCGGTGATTGCGAGTTTGGTTGCCAACGGCTGAGAGACTAATTTCTCTGAGCGGTTGCTTGGCAATGTTACACATAGCGACCGTTCGCTGAGTCGGATCGAGTTCATTAATGCGACTGTTGTCCACAGCAAATAGATATGCCACTGATTGCTCATGATGGTGACGTCGAGAAAAGTCCGATGGTCGTCAGTGAAATTTGCCAGACCGTAATATAAGGCTGGTGACTTCCCTTGGCCCGTCAACGGATATCCGCTAGTGAAACGATCCAGCGGTCCATCTATCCAAATCGCCTTCGCAACTAAGCCTAAGTTAAGGGTACTAGGGGAGAGAAACGATACCGGGGGTCCCTGATAAGGAGTTCATGAACAGGCCTTTCGGCCATTATATTGGAGCCTTGGCCATGAAACTGCTCATGTGTTGACGCGCGCTAGCGCATTCTCTCAGCCCCAAGGACCCTTAATTTTTCTCTGTTTTCCATTTATATTACCTCATTATCCCCCGTTCCGCATCATCAACATGCTCCCCGTCCCACATACAGCAGAAGGGTTCTGTTCAAGTTACGATTAGCTGATGGGCAATATTCTTCTGGGCAACCCCACCCTAGAAAAGTCCAATGTATCTGAGAACAATTCTGATCGTAGTGAGAATCGTCCATCTCACCAATAGCCTTTTTCCATTTCTCGCCGATGGTCTAATATGTGATCGTTCGGTGCGCATTAGGGCAGTGTATCAGATGCGAGCAATATGATAGTCCCGTCGCAGTCTAGGGATGACACGGAGCGTAGCCGGTATGTCACGGCGCTCCTCGATAGTTCACTAATCGGTATCAGCCGGATCCGTGGTCACACCCTCAATGGCCGACGGCTTGCCCGGTTTGCTCGTGTAATTCTCTTGATACGTCTCGGTCATGGGTGGCAGCCACGCCACTCCCCTCTTCGGCCTGGTCGTTCCTCCCGACGATTTTCACAGTTAAGGTTGCCTACGGCCGATTGCGTAAGTGCCCCCATCATACGGGTGAAGTGGTAAACCCTGCTACGATGAACTGCAGGCCAGGGATCTGTTCGATAAACAGTGTCTCGAGCACAGCGGGATGATGATTTCTGCAGATCCTCCTCCCTAACCATCGAGTGATTGGGCTGTCTCCTCAATATATCCCCTTCCCCTGGGGTCAGGATAGCGTAATTGTCACCCTAGTACCTTACATAGAACTCGGGACAGGGGTTTAGGCGCTATTGTCCGGGCATAACGATTCAAAGGTA,1845,49.21,Saccharomyces cerevisiae
SEQ_261596,GTGACCCGTAATCTTAACGTGATGTGAACCGTGCTACCCGGGCCTTGACTCTCTCTATATACTTAAGCATGCCCATTGGGAACAGCATCGGCGCCTACCCTGAAGTCAAAGGCCCAGCAGCGTCTAGACCCAGGGATACCTTTACGTATATTGTGTAATTGCCCTCTCGTCTACTTCCACAGGCCTGTAAAAGAGGGTTAGTACAATTAAGCCATTAACATCTCGGGAGTCTTCGGGCAGGTGGACACATATACCGCGGTTCTAATAGAAAAAGGGAACTGTAGCAGATTTAACGTCATTATCCTGTGAGCGCACTTTGTCGGTCAGATTGTCATATCAAGGCCGAACGAGGTACCGTTTAAGGTACCTTGATGTGTGCGGAAGACAGATCGTACGCGGGTCTTGTTCGAGTGCTCCTTCTTTTCGAGTAGTAGTCCCATAGGTAGAACATGGGCCCGTACCGAG,465,49.25,Drosophila melanogaster
SEQ_205071,AAATGTGAAAGGCCCCTGAGATAAGCCACATACGTGACAACGCTAACACACGTGGATGGCGGAATACGACCTAATGCGAGGTGAGTGGTTGTGACGATCTCTTTAATCTGGAAATAAGTCTTCGCTATGGCCCGGTTTTAAAAATTTTTTGGGAGATTAGACTAGCTTCCAAATCCAACCATTGTTCAAATCGTGGATCCTTTCGCGCTGCGTAACTCGGGAAAGCGTCAATGAACCTGTGTGTTTTATTCTTTTACAGCGAGACGCTTATATTTGCGACGCATCCGGGTATGGACCGGGTACGCTGACACTCTACCTATAGCAAGGTCTCACTTAGACAGCGTGTAATAATTTTCTGTTTTACGTCGTGATAGTGCGTCGGAAGTAACCCGAGAAGTAGCTAAATGTTTGTTCTAACAGTGCGTTAACCCGTATTAATTCTTGACAGGGGTCTATGTTCTACTTTCCTGATGTCGTAGCAGGATAGTCTCTAGATGGGTCAGTGCGAGCCGGGTGTGTAGCTGTCATATCATGTGCCCCTAGATCTAGACATTAGTTATCATATGGTGCGCAACAGCTCCAGTTGACTCTTACAAAGAGCTACCCGCGCGACCAGTACGGCGATCCCAAATTGTCCGCGGTCATCGCAACACCGAAATACGGACAGTTAGTCCATACAATCCGACAAGAAACTAAAGCATATAGGTATGTTCTATATCTGGGGCATCATAAGAACTGACGATTACAAGTGACCCCTTATCATAGTAACGGCCTAGCTA,779,45.57,Escherichia coli
SEQ_386021,CATAGAAAACCGTCGTAGAGTCTTCGGCCGACTCCCGTTTGGCGTTCGAACCAACAAGCCCACGACTCGTCTCAGAAGTCCCGGCTGAGTTGTCAGGTCATTGGAGCTAATGGCCCGGCAACCATTAGGCTACCTGCGCCTCTGGGGCGGGTTATTTAGTACGCCTACGTCAACTGGCCCATGACACGTAATCAGGTCTAGGTTTGAGTATGTAAGCGATACCCACGGCCTCGCGCGCGGGTATAGTATGACACGGCCTCAATAACGGCACCCCCTGAAAGGTCAGCAGTCTAGGGGGAGTTCGACAGGGGGGAGAGCGGAGGAAAATTAGCACTCACTCCGTCCGCAGAGATCTTCTTGGCGGTCAGCACTTGGACAACTTTAACACGGCTAACAGATCTACTGAGCCAACCTTCCTGCGGACACAATCTCCGTGGTCAGTGCACAACCCAGCGTAAGGCAAATAATGATTTGGCGGAGGCTCCTTAACCCCAGCTCCACCTGAATTGCTATTCGACCGCCTTGGCTTCTCGAGTACGCGATCGTGGCTTTTTTTCTGGTCGCTAGACATCATCCACTCGGTACACGAGGCTTAAGGGATCTGAGATAACTTAGTTCCTACCTACGGCTCGATTCCACAGTATCAGTATGCAGCCTGTTAACGGTAGAATCCGGGCATTGTTATGTCTGTGGAATAGGCCGTCGCTGTTGCAGGCTGCCCAGCAATTCGACACCGCCTTTCCCGAAGGCCCCGGTGTTTGACACCTGCACGAGGGCACATATCCAGGGCTATTGGCCCATCCGTAACCTGCCTCCTACTGAAATAAACATGCGGGTTCGTGCAAGAGCCGACTCACAAACTAGTTACCTCATGGGCGTGTTAGCCCAGGGCATCCACACGCCCCGAATATTTCACGAACTCCCGACGTATTGTAGAGCAAGGATCGATCTAGAGTTGTTGCAGATTCCCCTTATCTGCTCAACGGAACAGTTACAAAGAGGAGGAGCCAAGAGCGACATGGGCACATTAGAATCAGGGTC,1041,53.6,Mus musculus
SEQ_611653,GCATGGTTCACGTCCACGGCAGAGTGGTAGTTGGAAAAATCATGTACTGTTTTAATAGTGAGAATTGTGTCAAGGCACTTTATTGGATTTCCGGTCAGCCTAATGCCCCATTTTCTCACTTTATACAAACCAATGGATAACTTTGGCAACAGTCCAGTTCGCTTGCATCCGCATCTCAAGGACGATAGGATTGGCGACTAGTTTAGTGTCCTCCCACAAGTGGCCGATTAACCGCAGATTGCAGAAGGCGATGTTTTCTGCACTGGCAAGCTTGCTGGTCTTATACCTCTGGAAATAGTAACGATCATGGTACCAATGTGTAGTTATATTAGTCACGCGAAGACTGTCCCACGTTCCGCGACACTTGTAGACCAGGAACGTATGGCACTCGTCTCTAGCCGGAGGAGAGGAAGCTAACCGTAGCTCTCAACCTCCATCGACCACATCCTTCAGGGCTGCTAGCTGCGCGTAGATAGGTTAGATCCAGGGGTCCCCCGCTGCGCTCCTACTCAATCCCTACTCATATTCTTGCTAGCAGGCCAAGTCAACTTAGTTCTTCGCCCGAGGACCCTCGCTCAGGCGTACCGCACCTCCAATGTCAGTGCCGAACGGTGTTCATTCTAAAGACGCCTATCCCACAGATGTTTATCAGCTGTGTTGACGCTCAGAGGGTTACAGTGCACCGCTGCTGCAAGAGGCGCAAGGATTAGTAAATGGGGCGCTCGGGGGCCGTGAATCAACCGCGTCTATAGATTTGCCTTGGCCTAGAACAGTGCGGTCGTACTGGGGTTTGAATAGAATGTCGGAATGGGTAAAGATACGAACCGTTTAACCTGTAATAATGAAGGGCCAATCCCTCTCGATTCCATTCGTCGTTTATGTAAGTTCCTCGCACACTCTAATGTAAACAAATAGTTACTGCACTTCTGAGCTTAGTCCACTCGCCTTTCATGTAGCCCCGACAGTAAACGTACGCATTAGCCTTATCGGATGCAGAATCAGCTTCAGGTCAACTCCCGCACTAAAACAAGTATGACAACACTGGTTTGCAGCTTGGGGGCTGGGTTAACTCCAGACCGGTCCCTTTAATTGATAGGTTACCGCATTACTCTGGAGTGCTCCACGACAGGGCTCGGTGGTCGGTTTCTAGCTACGCTTTACAGATACGTTTACGAAAAGTTACTAGACCAACGAACAGGGAGCACGTAGAATACCCAAAACTGATACTGGTTAGTGTACCCCCAGTTATCTTGAGACTAGGAATAATTGATCCCACATTGGGCTTACCAGTAACCCGCGGGTTGTGGTCAACGGCGAATGTCTCCGGAAGACTCTCAACACTACTCTGCATTATCCTTAGACAGATAGTTCGCTTTCCAAGGTTTGGCAGGGTACCGAGATCGGATATGTGCTTGGTCGTGTAAGGACATACATGCAGAGCTGCTCAGATTCGCTCCAGCGATAACTAGAAATTGCTGACGGAGCAGGAACAAT,1494,49.0,Escherichia coli
SEQ_524022,GCACTCCATAAAACATCTTTCAGAGGGACTGTATGCCGTAAAATAGTCCGGTAGAAATACATGTGCTGGGATAAACCAACCGAGGTATTTTCAATATTATGCTCCGACGTTAACGCTCGAGCAAAGAAACGCAGGTGTACAGTAAGTCTGGCCCATGCTCCGAATAAGCTACCAACGTCCCAACCGTGTTGTATAAACACCCAAACTAAGGAGGCGTGAAACCAAGCCGTCAACTTCTGGATGCCTTGCAATTTATGACCGTCTATAACCGGAGTTTGTCCGCAGGTAATTAGATGGACGGTAGCCCCGGATCCAACTTCTTCGATAACTGTCGCTTAGCGGTCCAGACCGGCACCGCCGCGAGCTCTCGCAAAATGCCACTCCGTTACTAGATAAAGCCACGTTACTGTTCCAAGACTGCATGGTATCAATAAATGCTAAAATTATGTAGAAGAAAAGGAAGGACCGTTTAGGGACCGCCTCGCACGACTAGTCCACGAGTTCACAGGGAGGGTCGTGCCCATAATGTAAAGCACAGTGTTCTCAGTCCGAAATTCTGTGTTTATAGTTCTACATCTTATTCGCACGCAGCCCCCTCTAGGCTATATACACGTAATGCCTGACTATAGTTCTGAAATCGATAAATACGTAGCAGCAGGAACCCCACAATACTTAGTCTACCCGTTAACCATACCGCCCGGAGACTTTGATAGCAGAGAAGGACTCGCAGTGACGGACGCTTTTGGACACCAGTGGTTAGGTAGAACCATATTGGCACAGGGGCACCGAACAATGGCTTCTCCTTATTATCATTGAACCTTACTGTTCGAGGTCTCACGAATCGAGATGCGCGGGAAGCTCATGGGGTCATACTTGCCGTAGAGGGTGATTCCCGCTATGATCGGCTAATCACTGGGTTAGGCGCGGTGGATTAAAAACTGGACCTCACCAGCTCGCTTCTATTTTCGCCTATTAGGATCCCGCCTGATGGGAGGTCGTGACACGGTACTTTAAAGACTAAATTTGTTCATAGGCATCGCACAGTTCAAGGGGTAGCACTCACAATAAAACACCAATGGGATTATCTGTTTATGACAATGGAGAATTAAACTCAGATCTAATTCCGTAACAGTGGCAGATCATAGCATGCGTCAAGATTCCTATCACCGGCGGTGAGTACTGTAGTGTGGGTAGACAAGTCCCCTTATCGTGACCTAGACAGCATCTATAAGTATCATCCCGTTTTCTACCTTAATTGTGGGGGTAGTTTGAGAATCTATCAGCGTGGGGCACCCTAGACTATCTGAACGCCTCTTACGATACCGACGCCACGGTCCAAGTCTCATGCCCTCTTTACTTTTCGCGACGCCTTAAATATGACAGGAAATAGCTCTGTCAGTTTACAGATTGACTCGAGCGTGGACCCCGTCCAAATGATGGGAGAGCAAGTGGATCC,1456,47.66,Saccharomyces cerevisiae
SEQ_836895,AATGTCTTTGGATAAAAGCATCGTGTTTGTCTGAGTCGACTAACTAAACCAGCTGACGGCTGTGAATGCGATATTGAGATTTATTAAATTCTGATTTCAGTGGAGAATCTCGGCGATTCTGTCAATTTAATAATCGACGAAAATTGAGTTCGCCCAGTCCGGACCATTGCTGAGATGTGATTGTATGTTGCGCTAGTGGATAGGCACCCCACAGATCCATCACCAGGCTGATCTTAATAATTAACGCGGCTACACTACCGGAACTTTAGACTCCTTACTTGATATAAGT,289,41.87,Saccharomyces cerevisiae
SEQ_269257,TCAGGCAAGCCCAAGACGAAAGGTACCAAAGGCGGACAGGGTATGGTTTGTAGATTTACTAGTCATGGAACTACCCCAGTTTTTGGAACCATCCACATTTACAGGTCTCCCAGGCGCAAAGGAATACGCTGAGGATTGCCGTTTTAGAATCACGGCGAACTACAAGTTGTCACGCCGGGTATTTTTTTAAGTTAGAACCGACACCCGCTGCACCTCGCTGATAGGCCAGGGTGCTCTTTTGAACGTAATTAGACCGTAGACCGCCCGCCCCAAATATCTTATTGCCATATCCCGGTTTTGGTCCCCCGGGGAGAGTATTCACATCATCTCGCAAAGATTAGGCACGAGCTTAGAATGAGGGGGTCTCGTATGTCATCTCAAGGAGCGAGAGGTGTACCGGTAGGCAAAGCCATTGGAAGGTGACAAAGAGGGAAAATTTCCTCACTCCTTTTCTTGTCAACGTCGACCGTGAATCGACCCGCGAGCACAGGTAAAATGCGTCAGCTCACAAAAGATGTTCGGACATCATCTGGTTCACTAAATTACTAGGTTGTTGGGATAGGTTAAGTACAAAGGGTGAGTGTAGCCAAGTCGCCCACGAGAGGGTTCATTGATATACATTACGGCACGTCTCCCACAGAAACACCCTTCGTCTTCCGATCGACCTAGTCACGAGACGGGGGCGCGTCGACAGGCAAAGCTATGCCCCCTACGAACCTTAGACATGCAGCATCAAACGACACGAGCATAAATACCCCCTACGGTATTTAATTGATGACCCTTCATCGATAGCGCTCGAGAAGGAAAAACGGGGCATGCCTAACCAGTCATTTGTTGCCCATCAATCCCACTACGTCACGGCCTTGTAGGCGCGTGTTATGAGAGTCACCCGATAGCGACACCGACCGCTGTCGTGATGTTGCATGCGATATGCCTCCGCATAATATGATAGCACGTAGGGCTGGATCCCCCGAGTCCGGGATTCCACGGCCTCTGCTCATGCCTGTCAACGCGACGCTGTGCTTCGCCCCAGCGAAAGACTCAGTGAGTCTAAGACACCTTCTAAGCGCAAACGAATTTTGGACAATACGCGTTAATATCATGTGATCTGAATTGACAGGGTTCGGTGTGTCGCGACCCGCATAGAGCGCGCTTTGGCGTCGCCTTATTGATTCGTCTAGAGTCTTCCGGTATGTCGAAAGGTGCTCTGAGGGCCTGATAAACGTAATAGTACCTAAAATAGATTTATTTGGGCCGTTGATTGTTTTTCGAAATTTTGCTTTCACCAATGCCATACCTTGGTTAGACCGTAGTAATAAGTACATTTTATAACTCCAAGCTACCTATTCCCTCTGTTCGGAACGAGTATGACACACCTCGCGTAAAAGGATTAGCAGGACACTACGGTTACCGCCCGCACCTTTGTCCGGAACGGTGTACGCTACCCAGTGTCTTACCATACTCCTCTCGACATCACCTGCACGTTACTGTGAGCGACACGCTTGTCGATTGAGCAGCAAGCCCGCCACTCGAGTAAGGGACCCATTTACTTTAGGCGGACCTGACACCATAACCTAGACCACTATCTTGCCTTCCACCGAAGAGGTGGCCTAGTAGGCGGTCCGATCCGTCGGTTCGCATTGCAGTTAGAGCCTAAAGACTGAAATTAAGCATATTGAACTGGAAACTGCGGAGTGTGCCGATGGTTCGGTGTAATTGGCGCAAATTTCAAGCCTTCGGAACATGGGCGCATCGGTGACGGATTTTTTCCTTACAAACCCTATACAGGAATCGGCGACCGGAAAATATCCGATTCAACCTATCGGGAGCTGTGAATGGGTCAGTTTGACGGCTCCGGATTTCGGACGCCCTAACCTATTCGACCCGGGGGTGCTATAAATATGGGATAACATGTCTTTTGTGACTTCCCTTATACGTACGGAAGCGGATCTCCCCCAGCGAC,1963,50.18,Mus musculus
SEQ_550219,GACAAAGCATCTACCACCACGATTTCGTGGCACGTGTAAAGGCTCAACGGCATCGACCAATACCCCCTCAGAATCAGTGTATTTAGACCGCCCCAGTAGAGGGCTTTACTGGTCCCCTCGCCTTGCTACGGACTGGTTACCAGGATGTTCGTAGGCAGTTCCGATATTAACGCTCAGTTTACCGCGCCCATCGGCTTCGTCCTTGAAGTCTGTATATCTTTTTAGATGCTTCCAGGTGAGATGCGCACAACGACACAAGTTTCAAACACGTGGCACATACAGTACGGCCTATAAGTGGCGGATGCACTCAGAGATCGCGATCGCCTGTGAGGGTGTTTTCTTACAGCGTGTCGCCCGTCGTGCCAGCTTGTTGAATTCAATGGTTTTGCATAGACGCCCCTATGTCCGCAGTCTACGACGGTTCGTTATCAAACGAGAGTCCGAAAAACGTACTGAGCGCGTGGTATGGACTACGGCTGGCCCTTAAAAGCTTAATTGCACTGAAAATTCAAAGCCGTCAATGACTTGAAAGTGCTCGCCTATGAAAGGGTCGTTTTCAAACACGAACCTTCCTAGAACATCGGATCGGATAGACCTTCGAACTTTCATCGTAGCGTATGTCCAAACGGGTCGAAGGAACAAGCAGCGAGACTGCATGTCTGATTGGCTCCCTAGATTAGAGAACGCTGCCACGGGGCAGCCCCGTTATGCGGCGCTGTCGGGCTGCGCAGATCCAGGGATGTGGTATCTTAGTTTGGCGTTGCCCGTCGGCCTCCCCCATTGGGCTCAGAATTCACGCGGGGCTACATAATCCCATGTCAGCTCCATGAGCTTCCATGGAACAATCATCCTGGGAAGGAAACGGCCTTCTAACTCAATGCCGAGTGGGTTTCACAGCCTCAGTATTCATGTTATGACTTGACGCTGATGGAATGGCGTGAACAACTGTGGTCACCGAAGGTTATGAACAAATGATAGTGCCAGCTGTTCCGCACGGCGTTGAAGCGTATCGCAAGAACAAACGGGGATGCTGGAGCCGACTTACAGCCAGAAGTTGGGGTTCATGAGGGTATAAGTCCTCGTCGTCTGTGGGAGGCCGTCTTCCCGTCAGTATGAAGGACGGTTGTCTACCTATCAAGAATCGCAATTGTTAGAAGGCTTCGGCACTCTCTTCCCGGGCAAGCTCGGAATACCTGCGCCAGTCTGGGGACGAGACGCTAACATACTGGCACTATCAGTGCTACACTAATAACTTCGTTAATTATCGGACGAGGCGTTGGGTCGTCAATCTGCATGCCAAATTTGCAGTAGTTTATGGAGCACACAACGCTGTCATGCTACCCGAGCTACCAATTCTATTCTTGGACTCATGTAGCCCTTCGAATGATGCTTCGTAGGGGCCCTAACCTAGAAGCATCCTGCTAGTACCACCCGGGACTCT,1441,51.49,Escherichia coli
SEQ_617861,CGGGTACCAATGTTAGTTGATCTAATAAATGTCAATATCGTAGGGGAGGGTATACATGTCGGAGTCCTTGGCCCTAGTTTGATGTGCTACGAAGCAGGAGCTGCATCTCGACTCAGTAGGTAGCCGCTGTTGAATGCACAGGACTGTGTAGTAAGGGCTGGCTGTAGTGTAAGGATCAACAGCGCACAATAGAGTACCGCGGAACGATTCTTCTCCACCGGTTGGGGGGGGAAGTCGGAAAATACACCGCCAAAGTAGGTAGTCCGCAACACTTCTTACTCAGTATCGCCTTTCTAAGCTACTCGGTAGGGGCGTGGCGAGGCTCCTTTTCTTGCACTACCTCTCCAGTAATTGAAGCTGAAGAGATCCGAAACTGACAGTATTGCGCCCAAGGCGACGGAGATAATCCCCTCATCGCTTAGGCACGGGCTTAAATGACATCATTGTCATGGACACTCCAGAGTTTAAGACAGGACCGTCAGGGGACGGTGCATTCACTCAGTCAACCATTTCCGACTCGACC,523,50.86,Homo sapiens
SEQ_130830,TGACCTTCTGTTGGCATTACCATCGTATCCCGCCGATCACTGGGCCCGTCGATCGCCAGCCGTAGTTATTTATTTCTGAACAGGCCAGTTTAGGATGTGGAAAAGTTCGGAGCTTGGCTACAAGTGCATGGGTTGACGAGTCGGGACAGGTAATCATAGGAGAAAAATTAGGAGCTTAAGGCACACGCCTGTAGAATCCCACGACAACTATTTCTGGTGACCTGCACTGATGTGGAGTGAAGCATACTTGATCGCCAGTGCCGCCCATGGGCTAACGCAAAAGCACGGAAAATATTGGCCAATCTCTGTAAATTATCATGTCGATCAAGATCGTAAAGTCTTATGCGTCATCAATTGCCTTAATGGCCCCCATCGCACTGGACTGGAGCGTGACAAGCTAAGACCTCAAGCGAGCGCAGTGGATTAGTTCCAACCGGAAGTTGGGAGCGAAGGCAGCTTCTGATTCGATCTATTCACCTGCGTCCCCGAC,490,50.0,Drosophila melanogaster
SEQ_990270,TAGCTGCTCAGTGCGACAACTTTTTGCGTGTGTTTGGTCACTAGGTGGGAGCCAGCGCCCTGTTGGAATATCGTTTTTAAACTTCTGTAAAGGTAGTTCGAACGGACAAAGCTTTCGAAAAGCACACCCGCCGCTTAACCGCCGTGAGCTGCGCGCAGGTAGCGTTTTAGCCACATCGTCTCTGTAGACGGGCTAATCCTGTACCGCGCATATCAGCGCCCTGATTCAGTC,231,52.38,Mus musculus
SEQ_759675,ACCAGTCCAGAGAAGTGTAATATGGAAATACTCCTCAAGCACTGTAACTAGGCGTCTTCATACGGACCGTATGAACATCTAGATCCGGAACCGCACCAATGCTTCACCCCAGTAACAGGCTAACCGTCTGCCATTTTGAGAACGTTCGATTACGTTTAATTATCTCGAGCATCATCTCCCGAATACCCTCTTCTGGATGAGTGCGCATTAGCCCCGCTAAGAACGTGTCCGGTAACGAACCAACACTCTAATATTGGTGGCGTCACATAATGCGGGAAAGGAGTTCAATAGGTGAATGGACGACTGTTCGTCGGTGTAGCCACCCAGGGAACAACTCAAAGTGATACTACACGAAGGACAGTAATCTTGCACCGAATCGGATGCGGATCCTTGCTACACGGACTCATTATCATAGAACTCGGGCAATTAAAAGCTGATAATCACTTAGAGAGCCGTGTTCCGGAGCTTGGCGCACTCCGCACTCCTGTATCGAACAGCGCCCTGCGGGACTTCCTCCCGCTTTAGCCCACTTGAGATGTGCTTGTAGGTACCTTGCAACGCAACACCAACTGAGTGTGTT,580,49.31,Saccharomyces cerevisiae
SEQ_348878,TGGAACTATGACAGCGGGAATATCGGATAATGCTGCTCAGGATGTGTCCCGATGAGAATTTGCAGCCAAATTTTCTTTCTCCATGTCTGAGACCTTTTTATTCATAGGGTGGCGTATTGAGACAAGTCATTGCATGGTTCGTTTCAACGTATTCAATTATCTCTCAGGCCCGGCTAAATTTTCAGCGAATATAGTCATATATTCCCTGC,209,42.11,Caenorhabditis elegans
SEQ_781225,AGCTTTCTCAGGACTTCGTTCGGTAGGTCCTGCGTGATTGGTCGGAGAACGATAGCCACTCCTACTGTAATGTAATCAATATACCTGCCAACAGTGCGAAAGTGACGTTGTTGAAGGTGAAATCAAAACAATGGAGTCACATTGTAATTACCACCACGTAAAGACCCCTGTCTAAGAGCATGCAATACTCTGGGGCTGGGTAACAAACACCCGCTTGATTTGGAGTATTGCGCTTACTCTACTAAACTGTCTGTGCAGCTCTCGACTTCGTATAAAGACCGCGATGAAAGCAATGTGGAGCATGCTTGGAGCCTTTAGTGCGGTACAACAACGCCTTAGAAGGGGTAGGTCGTAACTCTCGCGAAGTAGTACGCAAAGCGAGTTCTTTCCACAGTTCGGGAGATTATCTGCT,412,47.09,Mus musculus
SEQ_981716,CTGGCTACAGAGGAGCTCAGCTGCTCCCAATTGGAGAACCATGGTAACAGGAGAGAAAAACAACAAACTTAGCTGTATGGCTCCTAACCGCATTGCGAATTGACGGAGCCCGAACTTTTTGTTATCATGTACGGCTATCCATCCGGCACGGCTGGAAAGAAATTACTTGGACCTACGTAAAAAGCTCAGGCCGCACATCCTCTGCAACACCCCTACAGATATACGGGACGGGGATCAAAATGACGCCTTTAAATGGAGACCGTGGAACAATCTTGATGTATCCAGGACGTGGTATCGACCCCTGCCATACTGTGCAAGGCCCGCAGCGCAGATGTACAATTCGGAAACTGGTCCACGAATTTTCGCGGGTGGCAGTTTGGTACGGTGAAACATGACGATCGGATCTTCGGGGGTCGGGCCCACTCACTGACCCCGCATATCGTAATTTTAAGCGATCGGACGACCTCGGGGATGCGATCTTCACCCGTGGGTCCGCGGAACGTAGCCGCAACTACCGGCGCTCCAGGGTCGGAGACAGTATGAAACATCAGGGAAATGTAGCATATTACTCGATAGGATGATGAACATTGGTCGTAACACGCAAGGGGCCCTCAATTGCGCGGGACACATACTACTTGGAATCTCTCAGAAGAGGCAGGTGGACTCCAAGACTTAGGTTCTCCAAATTGCACATTGCGCGTGAGTCCCGCTGGTCGAACCGGTCTTTGAGTATCATGGCGACCCACAGTACGCAAGTACAGCACTTGAAGATCCTATGCCGGCAGCCCGGTACTGGGGGTCGGCACGTGTCGAGACGTCTTAGGGATGTCGGCCAACCGAGGGAAGATCAAGAATGGAGTATCTTAGAACGTTAGGTGCAATAACGCATCCGAATGAGAGGGGGGGCTCTATCAGTGGGCTTGAGGGGTGTAAGATGGGCCCAGCTGACTCCTTACCAGAATGAGATGTCCAGCTTTAGCTTGAGGGCGACCGAACCGGTGATTTGACACATGAGTTTCTTGCCGTGTTGGGATTAGGAGATGGATCGTATTCACACCCTAGAGAGACACAGTCCAAATCTTCTACGAGCCACGTGAACTAAATGCGACATGGACGACAGGTAGATTGCGCAGGAGCAAATCCGAGCACGTGGAAAGGGGTAAGGACATAGGGATTGGCACGAGCTTTAGACTAAGCGGTATCATGAGGACGACGTCTATTAACTGGGCGGGGACTCGTCTCTAGAAGAGAGTGCAGTCCGTTGCTCTGCCGGTGATCTAGCTCACGCCTTTGTGTCGTATTGGTCTTCTTGATGTGCTGGCCTACAAGATGCTCTTCCCAAGACCGAACCGGGACGGTTCTTGACAGCCATCCCCGGTGAAGCAATCGTTGGCCGCTTCTCGCCTCTAGTGACAACTAAGTGAGAACCGGGCCAGTAGAACCGCCATCAATGAAACCCTTGCATTTTGGCCAATTGGTATTCTTGGCCCCCCAGATTTTGTGTCTTCTAAATGTTATTGGATGGGTTTTTATGAGGCAGTTGACGACTCGCGTAACAGCCACTGGTGTT,1570,52.17,Escherichia coli
SEQ_355961,GAGAGCGGCACCGGACCACGTACTCCCATCTTTTCTATGGAGTTAATCACGCTCTAAAGCCAACTAGTCTGAGTGAAAGCTTATTCTAACTAATTCTGAAGCCCAGTAGGACTCGGGCCCTCCATAG,127,48.82,Arabidopsis thaliana
SEQ_461640,TACGTTGCGGCATCTTGCGCGAACACCGTCAACCAAGCCTGCACATCGTCCATACCGACATCGCCCGCCTGTTAAGACTCTTATGATAAAAACCCAGTCGATCGAAGACCTTTGCAGACACCATACCCAGTCACTTGGTTCCAACATTTATTGCGCGAGGAACTGTTGTCTGCCGCCCTTCATATAGAATCATACATTGTAGATTGAGATCCGTCATTTTGGCATACGGCATTGCTCTGGCCGGCCCGCCTGTGGCTATAGATTTACCACCGGTGCGAAACCAATCTATTCGAGCTGATGGTTTAAAGTCGCAAAAACGAGTATAGCCCATATACTAAGCTCCAACGCTATGTGTAACTTAGCATACCACTACGGGCTCAGTGACAATGACCGCTTTCGAGCTGTCGTTTCGACCCTTGCTACTCAGGTTTACACCTGAGCTTAACGCGTATGGCGATACGGCTTGATTCATAACATTACGAACACGTTGCCCTAAAGCGCCCTTATGTACAGTTAAGGGCCATGTCGCGGAGCTTCAGCATGTGAGGTCTTCCACGACCGGAACTATCCTAGTTCCTGAATAAGGCCCCGCTGTCGTCGTGTTACTGCAGAATATCGTCTGAGCCGTACTTACCCGCTTCAAAATGTGAGCTTAGACTCCATCTTAATCTCA,673,48.89,Arabidopsis thaliana
SEQ_697296,TTAACTGCTTCGGTCATGACCGATACCTCGTAGTCAAAATCAACCGTATCTTGCACCGACCGAGTCCTGCACATGGCACTTAGGTTTAAATAGCGCTGGGCTTCGCGGAGCCTTGCAGTGAAATGGATCCCTGTATAATCCAGAATCAACTATGGTCGCTCGGGCGATCTTCACGATCAGATATTCTCTTCTGCCTAGCCTCCGATCACGGAACGATACACATTACTACAATCCCGATCGTGGATCGATCGCGTCCCCGCGGCGAGATTGAGCTATGGCTCACAAAGACCGTGAAGGCGGTGGAAGGGTAAATACACGCCCAAGAGGGAGGGCTTACTTAGTAACCACGTTTAAGCCGAAGAATCAACGATTAGGCGCCTGTTCCTAGCTTAGGACCCGCAGGAAATCATCTGAATTTAAGACTAGCTACCTGGATCCTGGACTATCCGTGACAGAGGTCTGCTTTAGATCCTGATATGATTTACAAACCGACCATCTTTAGTCACTGGAAAATCGGCGAAAAGCTGGCCTCCCACTGTGTGTGACGGCTATATGCTGAATATCAGCGACGTCTCAACACGACACGCACCTGAGGAAGGTAGCGCGACGCTTGGGACGATGGGACTGCGAGGTTGAATCCCCTGTTCCAGGTGGGAGGACCCAACGGAACGCCGAAGATGCGCTGTTCAGTGACACACGTCTCACGTTTATATGGCCGTTCGTTACAGCTGCAGGACTCCCTTGGGTCAGTGCAACTGCTCGCTGCCAGAGGAAAGCACACGACCTGGTCCCGTAATTTGTTCAGCTGTTGAGAGCTGCTGAGACCTATATGTTCACGAGCTTAGGGGAGATGTAGCTCATCACCGTACGACCTCGACTCTGGAAAGCGCCGATTGTGGGG,901,52.16,Drosophila melanogaster
SEQ_390648,TAGTATGATTTTCCGTTCGCTAGATCTCAGAACCTGAGGGTCAGTACCATTGTAGTTTCCGTCTTGCCACGACCGCTACCCTCCAACTGCATCGTTGGGTAACACAATATGGTTGGGTATAGTACAATTTTATAGTACGCTCAAGTCCAAGGGCGGAGCAATCTGTTGAGACTTCCTGT,179,46.37,Escherichia coli
SEQ_311001,GACTACTTAACCTGGTTTTTCAAACTCGTCTTCGCAAAGCCCCGGCATGGTTCGGGCTCAATCTGACAGCCGCAAGGTCGGCCTGGCCGCTTTACAATACTATACTGCTTTTTCAAGCGTGTCACCTCCTTAGCTGATCAGCTGCGGTTGGAACCAGGGCCCCCACATCCTGTTTCGCGCATATCTTCGGATGGCAGAAGGACCAATCTTAGGAGTCGCTAAATCGGTACACTGCCTTGCGACGGAACACCCGTTATGAATTGATTGCACCCGCCTCATGGGTATGCATAACCGGACATGGCTGTACTGGATCACGTCTGATGCAATGCTGGCCGCAAACTAAGTGCGGGAGAAGCGGACGATTCAACCCTCATACGATTATGCAGTCAATGAGAAGTGTGTAAGTAGCGGCATGATGGCCTTGCCCCTAGGAGCGGGCTACAAGAAGGGGGACAGGCGTGGACATATCCAACCTGGCCTGCTTCATCTTGGTCAGTGCGAGTGAGTTTCTTTTACCTGTGAGGGATGTGCGTTCGAGACGAGCCGCTTCCCGACGGTTTTTGCCGTCCCCTTATATCTGCATTTAGCAGAGGCTCGCTCGTGAATAGACGACTCCACGACGCTGTAGAGTACTCCACTTGAATGACGGACTTGAAGAGAAGAGTGCGTACATTTACGGCTGGCCCGCACCCGTCTAGTACTTGTTATGGCACTGGGGCTGTACGAGCTATCATGGCCTTTACGGATCTAAGCGAGGGGCGGCAACGGTCTTCAACACAGGGGGTTACCGAAAACCTCCAGTCAAACAAATCC,813,53.14,Mus musculus
SEQ_266177,TGCTACCAGGCACACTGCCTGAGGCGCTCATTAGGGCTGATAGACGCACGGCTGACAGAGACTATGGCTTGTGACCAGTGTTAGGTGCTTATTAACGCTGCAGGGGTACCTGCAAGTGTTGATCTCGTATTTGAGGCCTTCTGGACCTGTGCAAAACGGGTGCCAGGCCATCCCTTTACGCATTGGCGAGCCTTGTGCCCCTTTTGTAGTGTTCTTCCGGATCCGAGTAGAACGTCCCCCGAAGCATTCCTCGATGTTCAAATCATCAGTCCGCGCGACGTAAGCGTGCCATACGGGATTCCTCCAACAATAAAAGTAATAACTTGTTTGAGAACCATCTTATAGTTCTCCTAAACGTGTCTCGACGGTCAAATACGCATGAAATACAGCTCTCCTCGACGCCGCTAACACTTTTGCGCTTAACCGGGAGGTATGGAAACGTAACAGACACTGGTGTGGCCCGGCATCCAATAAAGAATATCTGAGCATGAAGAGAGTCAGAGGTACTCAGAGAGTGGCTCGGTCTGGAGACCTGCTTAGGGTGGTTTCAAGGTACGAAGTCCGCGATCTCGTGGGTATATCATTTCACTTCATCAGTCGCCGCATAAATAGGAGATTTCATACGTGGAGTCCGTACCTAGTGGCCAGGCCTGATTAGCGAGGAATCCAGTGAAAGCGAACGGCATCGTAGTGCCGGGTATAGTGGGCTCGGCGGCTTTTAGAGGGAACGAAGTTGTACGCCCGCCAAATCCGAGGCTGACCACATTTATATTTGGGGGCCTAGGTGGACAATCAGGGTACATGGCGACCAGATCAAACCATATTATGGCATAACCGCGCAGGGAAGTGTGAGATCGTAAGAATCATTTTATCGAGCAGGCTTGGAGTCATGTCCCAGATCTTAGGGAGCATTTACCCCAAAACGTCAAGGTTGTGATGATTCGTGTCGTGCTCTAAACCGTCGCTGGAGCCCCGTTTCTACCGTTCGAAACAGGTGTGGACCGGAGGAGTTGAGTGAACAAGGGATTACTCACCAGCCTAAAACCAGAGAGTCCCCTTTCCCACAGCACATCTTTAGCAGTCGGGATTTTCTGGCTACAGCTTTCAGCCTCAACGGACCGAGGTAAGTATCACCAGATGAACATTTAGTGATTTAACACGGGCCAACAACGCGAAATTGTTGAAAGGAGCCCGACTTCGAGACCACAAGAGTGGCTTCCATCCGGCTGAAGAAACGGAGCACTGTTGAGGGAACGGGGGCGCAGTAGCAGAGATTGTGGCTCGGTGTTTTACAGACGAAACACCAGGTCATGTGGGTACTATGACCCCATATGTGGATCATCTCGAATACTTCGAGTGGTCGGATAGCGTTATGAACATCGGCTTAAGCTTGAAAACGCCTGACCTGTAGGCAAGTTCGTATATACCGGGGATGCTCCACTGAAAATTGCTGGGGCATTCCGGACTCGAAAGGCATTCATTAACACGCATTTGTGAC,1498,50.6,Homo sapiens
SEQ_224543,TCGTCTATGAGTGCCATCCATTGCGATGGCGAGCTGGCATGGGGGGTCGTCCCTAGGATTGAGCTTGCAAACGTTCTGAGGGACATGACTTAACGGTACCGACTCCGGTCTGGGTGAGGCCGTGCAATCGTCTTCCAACGGCTCAAACGGATGCAGAGCTATTCCGATGGTGAAACATCATGCCGGGTCAGGTGTTGGAGTTACTCCAACTAATCATTTTCTCGATCCAATTTTACGCTAGGGCCTAAAGGGTATGTTTGTCTCTACCGCCCGTCGCACGCAGATTGG,288,53.12,Drosophila melanogaster
SEQ_244574,ATGACTTCACGTCGAGATAAGATCGACAGAGAGCAATCTAGGAGCGGTCCAAGATAACGCTTCCTGGGGCCTACTGATGCCCAAAGAGTTGCTGTAAAACAAGATGGCCAACCTCACCAGACTATCAGCCACCATCAATCTCGGACAACTATTGGAGGATTGTTTCGACAATAACGTCTCTTTGCCAGACACTTAAGCCCCGCACATCCTTGAGCAGCTACGGGTCGGGTGCTACTTGAGGGACCGATACTTGTGGTTATGTCAATCGTGCTTCTGGGACACCGAGGGCTTTAGCCCGTCTGATATGGGCGACTCGATGCTCACTAATATTAAATCCTCCTGAATATACTCAAAATAGGGTCCTAGTTCTGCTGTCACTCGTTGGGCATGTGTATGCATTACCATATAGCAAGGCTGCGGGCCGACTGGTAAGTAGCCTGTCCAGAGCCCAAGCGTCGATCGTTGCCTCCACTTATATCTAGGGCCACTGCACTGCCTTCGCCGTCCTACTGACCCATTCATGCTATAATTTTACTGATTTGGCATACTACACCGTAGTCCTCCCAGTGTGTGGCACCTACCTGCCCCCCCGAACAGGCCGCGTTTCACTCGTACCCACTTAAGCCTTGCGGTCTTTGACCCGGTCCTATTTCCAAACGTCGCCTTGATGCGGCGCGTGAAAAGCAGTGGCACATCACCGATCTAAACACCCTGATACCACTCACCTAACCACGGATTGTACACAATAGAGATTAAAAGGTTCGCGTGGGTCTTTCTTCCCAACAGAATGGGTGCCAACCCGTCTGATCGAATCCGC,817,51.16,Homo sapiens
SEQ_900646,GTTCTTAGGAATTCGGGTAATTGAAGAGGATGACTCATCCCTAGAGAAGTCCATAACTGGGGGGCGACATCGCGTGAGGGTCTCGGCTTACCAGGTTTTTGGTGAGTACTTACCGTCGCTTTCCATCAAAGGGTTCGTGAGAGTGGACCCCACGCTATCGATCCAAGGACAACACCCGGGAAAAAGACAGATCGATACGGTAAGGTAGACATAGTCAATATATGGTGGCACTTCAAGAGCCGACATTTGCGCAGACCAGGATGAGAGCCGATTGGGGAAGCATGCCCTACAGCAGAGGTCCAGGCGGTAGTTGGAGTTCCTAATAGACTATTCGCAAAAACGTGCCCTATCGGGTTAGCACTACAGACATCGAAGGTCGGCGGAGCCCTTATGCCATCTGTGGGTCAACGATTCCCCAGAATTTCAGTCGGCTTAGATCAATTGAATAAGCTGGATCATAGGACACTTTACCACCGTTACGAAGAGCACTACTAAATAAGCCCGACATAAATAAGCGTGGTTAGGGTCGCATCCACACATCGTCGCCAAAGACGTGCGTGTGTTGCCTAGATTTACGAGAAAAACTGACGCAGAGCCTCTAATAGTTGACAACGTGCGTTGATGACGGCTGTGAAAATGAATCTCTTCAATACGAGAACCTTTTGAAGGCGTACTCTCTGGGGTAGCTGAACTCCATAGGGCAACAGAGGTACCCATTAATCCATATAAGTCTGGTAGCCACACTTATTAGCGAATGCACAGCGAAGATTACTGTCAGACGTAACGGCGAAGCATACGGCACTTTGGTAATATAATAGACTCCGGTGCGCCAATACTGAACTTAAATTATAAAATACAGCCATATACAGACTAGGGATAGATCTCGTCGCTAACATACCCTAACACATTTGGATGGCAGAATCGCTCCAGACACGGCCTATACGAAGATGCTTCGTTGGTTCCGGGCCATTCGACACTAGGCCTCCATTCTTCACTCCCCCAGCGTAACTTAGAAGAGTAACAGGGCCGGAGCGCCTTATGTGGTAGATACGACCTTGCCTCATTTTTGCGTCAATCCGAAACTAGATGCAGTATACACAAGAGGCCTTCTCCCATGACCGTGGACGCGAGATCGCGGTAAGTCGCCGGGGTCCATATTGCGGCAGCCAAATTGTGACTGATCTGTTAGTTTTTCTAGCTCCAGTAACTACCAAACGTCTCCGATTGCAAAGTTGAGATCCGACGATGCATATAATGCTATCTGCCCGGGGTGGGTCAACCATATACCTCGCCATAACTGCTCTTACCCTTGCATGCAGGTGTTTTGACCGACTATGACACCGATCTGGTACCCTAACGTTACCGGCTTATGCAGATCACGAGTGGACACGACAACACCTACCTTTGGCAGGTTAACCCGCGATCAATTCACGCAGTTGTTGCTATGCAAGCTACGCCCCAACAGCTTTGTGCAACCTAGGCATGTACCTTTATCGTTTTTTTGTGCGCATACAGACTAACTTATCCACCATTCACGTGCATTAGGAGGCTAACCATTCACGTCTCCCTACAGTGGCGAGGGCTTTCCTGCATAACTGCAACAAAAGTGGCCACATGGTGGGGATCATGAGCGTACCGGCTAATTAGCCTCTCATTTTTGCTTTTCGGAAGGCGGGGTCTGCGGCAGCTGTACTTTACTCAGCGCGTGATCTTTATCGAGTTAAAGTATTGCACCGGGTATACTCAAAAAGCACCATCAGTAAGCCGCGTGAGCT,1775,48.85,Saccharomyces cerevisiae
SEQ_589481,CGCACGACTCTTTAAGACCCGGGGGCCAGTCCGCCGATGCCCACCTATTGCTCTTCAAGTAAGAGCGGTTCGGATCTCGTCTACAGTCATATTCTGCGAAACGGCCCAAGGACCCGCATCCATCGGAATGAATCGTCACCCTAAGTTCACCCGAAAAGCTCGCTCCTGTACTACATCTACCGTAAATTTATTGATACCCGACGGGGCTTGATTAGGCGATCTTGACTATAATGGTACAAACTCTTTCGTACTCCTGGGAAAGTCGCGGCGCGCAGACTTACCTAACCCCCTGAAAACGACGGCCCCTGTCCTGTAGAATAATCGGCTCTAGATCAGAAGATATAGGGAAAACGACTCCACAACGCGAGTATTTCAAGTAGGTGACTGGTACATTGCATGAAGATACTAACGACGTTGCCATTATTCTGAGGAGCTAAGCTTGGTGCAACACATAATCATCCAAAAAAACTCCCGAACGTGATTTCTGGGATCGGGATGGAGAGTCGCCGCCGTAGCAGTTTGTAGGCCACACCTGATGACCCGCGTGCTGGTCGGTGTGATCTACTTAAGACGTTGCACTCTGTGCACACGACTTTCCGGATGCCCAGCGCAGCCTAGGGACACACTATGCGACGGGCTCGTTATAAGCCGAGCCTACGGGTCGAGTGCACTTGGACTCCCCACTATTCCGTCAAGTACGTTGTTAAACTAGCAAGATCAGTGAAGTCCATGCGCACTGATGGAACCGTGTCCCTTGTTTCACGGAGAAGGGAGTATACCCTCCTTGGATTCCGTACCTGTGGTCTCGGACCTACGATCCGCGATAGTTGTCGGCATACATAGTGTGGCTGTAGTATCACTTTGAGCAGGGAGTCTATACATCACTGAACTACAGGACGGTTACTGTAAAACAGGTCGACTTACCTACAAGAATAAAGCACGTCTCGCCTCGTACAACGTAACGATGCTACAAATTGGTCCTCTCACTCCGTCCGGTAACGCCTTTGATCAGGTCCTTTCGGTTTTAGATAGACCCCTCGTGTTGCTACCAGAAAAACAGTCACATTTA,1069,50.33,Arabidopsis thaliana
SEQ_780776,CTACCCTTGAGCTTGACTCATGCATGATCGCTTGCCCTGCCCTCTAGAGGTCACTACCATCCATATAACATAGATTCCAAGTCGGCGCCCGTTGCGCTTCAGTTTCATAGCAGACAGATCGCATGCCACCTAACCTAGTGCAGATAATAGTATTAACTCGACCGAAGGGGCTGGATCCTTTAGAAGCTTCCTAGGACGCCAACCCACCGGACTACTTGTATGGCTGGAAGTGCCCGGGAACCTGCGAAAATAAGGGCCTGAGTGGATGGCTATCGCATAGATACGGGATAATCGGGGCGCCCTAAAAGGAGGACTGCTCCACTGTACAGAGCCAAATTCAAGGACTTACTCTTGTTCACCTTCCGTTCCATCAGATGCACATATACTTAGAATCAATGCTGTGTTACGCATTTATTGTAGTACCGCTTTAGGGAATCGTTTGCAGAAAGTGATACGCAGCACGGCGGTAGCAACGAGAACGCTTCAGTACGTCATTAGAGCATAGGGGAACTTTGTCCCCCAGCCCAAATGAGAAGGCACGTGCCGATCGTTAAAGACCCTGTAAGCGTACAGAACTGCGAGAGCGTCGCAGCACTTTCCACCCCGTTCATATATTAACCGGGGTCAGTCATCCTTAAATGCTGTTTT,648,49.69,Homo sapiens
SEQ_659429,TTCACCCTGTAGCTTGACTCGACAGGGGCGGGACCGGTGTCAGCCAGTCCACTTCTGCCCATCACTCCTGCCGTATAATAACCTAGCATCAGGCGCCTCGTAAGAGACGCGCGATTACACAGTTTTCGACAGAAAGATCTTGGAGTTCAACCCAAAGGTGACGGAATACCTGCTTATTCGCAGGTTTATGATTAAAGCGCGAAGGAGGCAACGCACATGCTTAGTTTGTTGGATAACAGATCCGTTTTGCCAGTAA,256,50.0,Arabidopsis thaliana
SEQ_905418,TTCCGTAGGAATTGCAGGCGTCTCCCTATCTTGGCTTGTTAGCTCACACAGACGCCTGCCGCGCTCCGAATATGCGTCTGAACGCACTTCATTTGGCCTAAAGGATCACGTGCCAGGCGGTCAACCGTACAAGGGAGAAAGTAGTACTAATGCGTTTCTCACGTACCTGTAGATATCTGTTCGCCGCTAACCTGGTCATGCGTACTCACCATCCGTTAGAGTGGGTGTAAGAGTCGACCGATCCGGAGCCTACCTACGAGCTGTCAGTATCTTGCCCTCCATCATCACATGAGAACATATGATGGACTTGTCGTTGTTAGGGACGGCCTACAACGAGCTCTGGTGCTGAGTTTGTGCGGTTGCCGCCAATCCTAGCTACCTGTCGGGGTTATTAGGAGGGCGTTCGCTATGCCTCATGCACGGCGGGTTGGC,432,53.7,Homo sapiens
SEQ_301058,AAGGGCGCGTCAACGAGAAGTGCGCTGCGGCGTTTATCTTCAAAACGGTCCTAGTGAATGATTGCACGTTGCCAGTTAAGAGCTAAAGGACACTGACAGGAAGATCCACCGAGAGAGGGATGGCCACCTAACTCCGGATAATTTACATCTCTTACTTGTTACGCGGCTCCGTGCAACCAGTATCCAGAAGGGTACAGCTGGTAATTAGGATAAGGGTCGTTTTGCATGGTAGTTCCCCTCCTAATACTGGCGAGTTACTATTTTCTTCTCAACCGCCTAAACTCCGAGTGCTGGTAGTCGTCCTCATCCTACCTTCGCCTAGAGAGACGGTCACATGCTCAGCTCACGATTCCGCATAAATACGTGTAGACGCAACCACCTAGTTACAGAATCTTAAAGCTAAATTGTCGTTGTCGAATCCAATCCGGGTTGCGAAACGGATGCTGTGCCTGGGGCGAGTGTATTTTAGTGGGCCGGGTATCAGGAGAGTTATAAGCGATCCCTGTTTGTTGGCATCCATATACTGACTTTGGCCCCACCGCCCTAGTGCTTTAAACTCTAGCTGTTTCCCCCTTTGTACTTAGCGTGCTACAAGCGCGTGCGTTGACAGCACAACGCGATTAGGATTCACAATGTGCGGGGGGGCGAGTGAACTCTGGCGGGTATCAGTACACAGGAGAATTTACGTCATAATGGATCAGTGTCCCAATATGGCTACGGCCAGCGTTCAGT,732,50.0,Caenorhabditis elegans
SEQ_778276,GTGATCGCCGTATCTCCTCTTTCATTACTGCCAGAATCTTTAGGATTGGGTTTGCTGACATGTTTTATAATTAGCTTGGGAGCAGTCTAGCGTAAGAGTCTGTCCATGATCCACTCGAGTTTGTATTAAAAGTGCGCAATTCCTGTAAGAGGATAAAAACACCGTCAAGCATCATGTTTACCATCAGCATCCTACAAGAGTAATTGCGTACTGATACGTGCATGCGCAAAAGCAGCAAGACTTGTCATCCACTAGTACCTAAGTAATAGTACGACTAGGCTCATGGTAGCAAGTTAACTAGTTTAAAACTTCCCCAATAGTGGCTTCTAGATAGCACGTCGACGAATCGAACGTCAAATTCACTAACACGGACGCGCGCTAAGTTTGTGTCTTCCGATACCGAACATAGCCAGAGATGTCCCCGTATAATACAATCCCGCCACGCGTGCATACGCGGGCAATATTCAGACCATAGTAAGTTACCTCTGTCGCTATGGTAATTCATCTTGCACAGCGGATGTCCAACAAACATCACGTGTGCTCTAGTACTACCAATTATATATGAGTTGGTATTTGAGGACATAATAACGCATTTTCCCGCTCAAGGAATGCCTATGAGAATTAAGCAACTGCTAGGTGCCCCGTAGGGGAGCGCAGTAAGTGCCACGTGCTATCTAGGGGGGATTGCCGTCGGGTCGTCGACCATTCATGGACGAATCGTCATTCGTGTTGGCCGTTAAACGAACCGGGTATATGATTCACATCGTGGTGTCGAACATTTGGCCCAAAGTGTCTATTATCAGCGACCGCGGCCATAGCAAACTTCAGTCTGAAATGAATAACAACGGATAATGGTTTCAGTACTTCCTTCTGCACAGCTATGTGGAGAGCGGGCTTGAGTGTTACAATAGTTTACGTCCTAACGAGTTCTAGATCTCCACGGCCGTCGGGCAGTGACTCTCGTTGGTTCCCGGCACGGCGTGCGGGACCGACTCGCAAGACATGGCATCGAAAGGCGATCCATGAATAGTCCAAAGGTACGAGCTGATGGCAGCTTCCTCCGGTCTAAAGCGCCGCGGGTGTTTATGAATGGTCATTCAGTCACGTTAAACGCCTTAAACCTAAAAATGGGG,1133,47.22,Drosophila melanogaster
SEQ_365570,TTTAAATCGGGTACTCGACTTCCCATTTACCCATCGTTCTCTACTTGTAATCATTCGGTACAGGAGTGAAGCAGACTGGCGGGAGTCAGGCGAGTTCAGACCTACAATACGACGGATAGCTTAAGAATATATATGAAGCAATGGTTGATTATTCAACGCCTGGACGTGCTAAAAAGACAGCGAGTAACTGCATGGCGCGCGGCGGTAATAACCTCGCCATTGCGCAGGAGACTACATGATGAACCGCGCTTATTATCACCCTAAAAGGTTTGAATTCCATGATTCCCGTTTCTCCCCTTGGCTAGCCCGAGCGAGCATTTGCATAAAACAGATCGAGTACAGCGGCACACTGTCTGCCCCTGGGGGCTCTACATTGTATCTTGCTTGGTAAACAGTAAGGTCACCGCTGCCCATCGGATGCCAGGTCGTGGGTCGGTCTCCCTGTGAGAGAAAAGCGTGCGTCACGTGTGCCATAGGTTGGCTGCTAGGGCTTCGAACGCACGATTTTCATCGTATAGTCTGCTAGTGACGTATACCGTTACCGAAACGTGCAGTTACCTCAGTGGATCCTGACAGAAACTGCTTGGTCCAGCGGGCTTATTAACTTTCGTAACCGTGAAATCGCCGCGACGCAGAGTTCCACGCACTAGCCGCAATGTAAGGGGGATACCCGAGCCATAATGGACTACCGTTCACGGTCGTCCTGGGGCACTATTAGATGTTCCGTTCTCTGTCACGCGTAATTGGTGCCGTCAGGGGTCCTCTGGTATTACTAGTCATTCAACGACGTATCGTAGAGCGATCGCTGTTAAGACCGACTAAGGTTTGCTCCATGGTCGCGGATAAGGTATTCCCGGATTCTATATTGAGCAGTTAGTCAACTTGAGGGCACTACTCTCGGGGCGGTACGGGTCGGTTCCAAATATGTCTGCTTCAAAAGTGTAACTTGAGACGCCTATTTAGATATAGAAGCCCACCATGGGCTCGCATATTCGGAAAGTCATACCTATTTCTCAGGGCAACTGAAATTCTACGTGCAATCTGGTTCCGAGGCATGCTCCCCTAAATTACTGAGATTAATAGCGCCTTTACGGGACAACTTGTGCGGACACCTTTGAAGGTAATCCGCAGGCCAGCTTAAAGAGTCGCCTCCATTGTCGCCAGCATGTCGACACGAATCGTTCTTAAAAAAGGGCATTCCGCTAGTGGAACCCGGGTAGC,1221,50.12,Arabidopsis thaliana
SEQ_745513,GGGAGCGAAATGAAAGGACTAACTGGCCCAGGTAGACTGGGCATAGAAAAGTATCAAACTTCAGTGAAGCTCCCGGTGCATCCAGTGATATGTACAAGATTATCCCCCCCTGCGCTTATCGGTACGAAACATCGGTCGACGACGCTTATTGGCCCCCTAGCATACTGCTCTGACTTCGCAATATGAGTCGCAGATCCGTTCGAAGTCTCGCCAAAAGCCCTAATGGCGCTTATATCATAGTATCTCGAACACTCCCTAATCCTGCCTGTATTGGAATTGGAAAGGGGGCACCTAGGTACTAAAGACCACGCCGGAGATTCCAGTAGAATACGTGCAGTTTCCGATATTCCGGTCGCGTGAGACTCCCTTCGGTCGCGCACATGCAACTTTTCTGGATCGCTTGAACTAGGAAAATTCGGCAAGTTCATGAATACTTCGTCGAAGCCGTCACCAGACGGCCGACATCGTAAGTCGGATTTCTCATGCTGAGAGATAAAGCCAAAAGGCCCCTACACGTTACCTTTCTTCCGCACCCCTGCCCGGCAGATCCCAAGATGTTCCCATAGGGACGTGCATAGATGATCGCGTGCTCCACATAATGGTAAGGCAAGGCACAAGTGAGGAATATCCGGTGGTGGTGTAAACTGGGGGATAGATATGGTGTTAAACGATTGCTAACGAGACCAGAAAAACGTATACCATGCATACTGAAAAAAAGGAGGACGGGCAACAACTCTCTTAGCGTGAGTTGATGCTTCACTCAGACATTCAGTTGCTATCTGACCAAGGCACACATTGTCCTTCTCGGGCCTCCCAGCCCGGATAAGGCCGCTAGACCTCGAGGCAGCTTCTAGGTCGAGGGAGGCCCTTTACGCATTACATAAGTGTCTAAGCCGAGGGGGACTGACGGACTGCCTAGCTAGAGGCTTACTTGAGTCATCGTGTGACGGTACGCTGCGAGGTCTCGCCACTCTGTCGGCACTGCTGGGTATTCGGTGTGACGATTTTATGTAACTTCAATGGATACTAATGAGACTCAGCCCAAAGACAATGACATCAGCGGGTTCGCGTCCACCGGCAAACCCTTTACGTGCTGAGCCAACGGATGCCTCGCTATCGGGGTCGTTCACGATATCGACATACTTACCAGCATCTCGTATTGCTCCCGATACCCCTGAAAGGAGTGTTAGAACCTTATGATTTATCGGTGGGGCGAGACTCGTCGATACTAATTTGGCGGAGTGCGTAAGCAACAGAGCCAGATTTCACCGAACTCGATGCAGCTATCTCGTGAGCAGCGCTCATGCATAGCGGTTTCTGATCGGACCTATGCGCCACCAACTGATCTTCGCGACCAGATGCCTTCCGAGAAACCCGGGCCAGTGTAGATCGAAATCCTTGCCTGAGTCAGCAGTTTTAGTTCGCTGACGCAGTTCTTATTAAGAAAGCCTTCTTCTGG,1459,51.06,Escherichia coli
SEQ_691476,TTAGCTTAAGTAATTCTAAGGATCTGTACAATCCCATGTAAACCAAAGACTCCGCGTCGAAACGACTAAGTACATCATGACGGAAGGATCATTTCAGAGTTAGATCGTAAGAACTTCACCGGATTGTTTACGCTTTGAGGTGGAACCTTCATGGACCATGTTAGGAGCAGAGATTTTCTCTATCATCGAGAGTCGCTAATAAGGTTCCCAATGTCGGACGACTTCAAGCATGCGACGGTTAAGTGGATTGTGGACGGTAGTTTTTTCGTGTGGCGAGTTACAATCAGAGATGCAACCGTGCGACCGGTTACTCCAGCGGTCCCATTTGAGTCATGCGCAGATTCGAAATTTGCGGAACTAACTAATCGGGAGAAGTGGGTTTCTTAAAATTCTCTGTCTCATGAGGACCTACTAAAAGGCTAATTTCGCGTCAACGGTGTGCTTAGGTGCCTTTCATAATGTGAGCCTAGGTGATTCGCGTACATGGCTCACGCAGTATCATAAGAGGGCATCTAGGTTGTTATCAACAGCGGCTGAGGGAGCGCTCTGGGCAGCTTATAGACGGGACGGCATAAGATTTTGAAGCGAAGCTAGCAATTCTTAGGGACTGCGAGTTCGAGAGAGCGTCTCAACTTTAGCTTCTACCCCGACGCTGCGCTAAGGTCAACTAGTTCTATAAGCATCGCCCAACGATTGTACGAGCGGCCCAGGGGCGGACCACCGGTCGGTCGAGACTATCAATTTATAAACCAACACCCGCTATATCTAACAATTTTGTGTTGCGGAATAACGGTGCCCAGACTGCGTCCCTTCTCAGAATAGCTCGAGTAGGGATAGAAATGGTACCGCCCTCTAGCTCTGGCGCACTACAGGTTCGAGCAACTGATCGGCCCATTCCATGACAGTTACCAACCCGGTGGGATCTCCTGGAGATGGAGTTGGCGCGATCGCTGTATGATTCGATCTCATGTCACTTTCCGTCAGGTATGGTTCAGCCACCAATTGACTTACCCTCCGTATCATCTTTTCCTGCTTAAGTCCACAATGCTTACTTGGTCTGATTTTACTGTGACGGTCCCGTGGTCATCTGAGGTCTGAACAAAACGCGTGTGCCCGCTATCCTCTAGCCGAGAATGACTACAGATGAATCGACAGGTTGTAATCTTACTGAGTTAACATATCGAGGTGGACACCCGACTCAGCGCGTTCTGGGATTACTATGTTCTTCTGGCAGTATAGATGGTCAAAAAAATATTTTAGGTGCCAACCTTGTTCGCACGTCCTTAGGAGTACTCTGTAACCATTCGCGTTCCACCTGACCGCCGCGTTGCCACCTTAGGGGTTAAATTTCCCTGTTAACGTTAAAGATAGGCGAGGCAAGTCGCCAGCCACAGCCCAGACACCAATCCAAACGTTAAATACTATCATCCTTCAACTTGACGTCTCCGACGGCTATTTGGCCACCGTGGCAGGGACTTACGACCGGAACTGCCATATGCTTACCACTTAACCTAGTGGATTTGACGCCAAATTAAGATGCTCCAGACTTTTAATTGGATATGCCAACGGGCGAAACCGAACCGTTGGTTAGTGCCTGACTGGACTCAGTGCAGTAACCTGCGTAGAAAGTTTTAACAGTAGTTATTCTTTCGGTACAGTGACGCGCTCCAACAGAGGAAAACGCTCCCGAGGAGTCAG,1698,48.41,Escherichia coli
SEQ_830842,AGGCCCTTTATTCTTTTTCAGCAATGAATTACAAACAATTCTAAAACACAGAGATTGTGCAAAACGGATACGGCGTATTCTAGTGCTCCTAGTTAAAAGTTCGGACAAGCCTACAGATCCTAGTGCAGCAGCTGACCAGGTCAGGAACGCCCGAACTCTGCAGTGACCGAGAGAGCGACGACTGCGTAGGTTTCGATAACTCAGTAGTGGTTATCTGATCCTTGGTATCTTTGTGTCGAGGTATCCGGGGATCCCTGGTTTTAGATCTACAACGATCCGATAACCCAGGCGTGCCGGACGTTCTGAAAATAGCTTAGTGCGAAGATGCCTTTCCTTCTTTTTGAATGGCTGATACAAACTTTTCAATAGGGGCTATACGCTTGGAATCACATGCACTTCTTGAGGCCCCTGCCAATTGGTGACAGGGTACAAAGCTTCTCAGCTCTCAGAGTTACGTCAAGGCGAAGTCCCTGTTCCCTGTTTGGTGCACAGGCGGCGGTTTCTGAAAGTAAAACAGCGTTGTCGTCCACCCCAGTCGCGTCATACATCGACAAGTGGTGGGGCACACC,569,48.68,Escherichia coli
SEQ_342231,CGAGCTCGCTCCCTTACGCTCGGCTATGCTCCTTTTGCAAGGAGGGCAAATCGTACTGGCATGCTGTATGACATGCCATGGTGGAGACGGCGATAAGAGTCATCCTCACCATTGCCTAATACTTACGCCAGTTCATCCACTACCCACGATAGATAGCGCCAGTCGGAGTAGATAGCTGTTAACTTTGATCAGAAAGAAGCAAGTCAAGCACCAAAGTGCTTATTTACAGATCATAGCGATTCTGGCGCGTGTAGCTAGTACAGGGTATTAAAGCTCGGCAGCGGTCGCGTTCGTGACGCCGGACCTATCTACAACCTACTCAGCAAGGTTGTAGGTCCAAGTAACATTTTGAGGGACTTGGTATCATCCTTGGGCAGCCCTGACATAAGGGCAATCGCTAATCGGATAATATTACACACATCTACGTGGTTGTATGCCTGATGAAGTCATCCGGGAGGCCGAGTCGGGTGACTATTACGCCGGTGATCAAAAGCGTGGCCCAGGTGAATCGTTCACCTACGCTATACTACTCTGGCAGATAAGAGAAAGCTACTTCCAGGTAGGAGAACTTTTTAGCAAAGTGGTGAGTGCCAAGTCGAAACCCGCTTATTTATATCGCTAGAGTGGCAGCAATGTTTCTATTTCGAGCGTTTAGGTTCGCGCCCATACTGAAGTCCCTACTATAGCAGGAACGAACATACTTGCTTGAGACACAACCACCTCCCCCGCGCTACAGGGGTTCCATAGCTCTAAAGCAAGGACACAGCTCGCGTCCAAGTCATGTGCGTACCCGGAAAGGCACT,803,49.81,Drosophila melanogaster
SEQ_910964,CTTTCGTGCCGACACTATGTATAGTGGAGATTACTATCACCTGTGATTGATCCCTTAGATATCGGGACTAATGCCGATCCATCGCGAGTAAACAATAGACGACCCCCTACCTTTGTACGTAATAGAACCCTCAGACGAGAGAAAGAATCACATATGACGTCTACTAGGACGAAGGGCGACGACTCAGCATGCGCGTGACCACCGGATGTACGCTCCTCGGGGAGGAGCGTAGTCTCGGAGCATAGACTAATAATGTGGCGATAGCGATGTGGTTTTGCATGCAAGGCTCAGCCTTTTTCCAGATAAATCCGCACCTGTGTGGTATCCTGAATAGTGCATTCCTAATCGACAAGCCATTTGGTCTCAACTCCGCGTGAACTGGTCAATTCACATTATGATTAAACAAGAAAATATACCACTATATCAAATTCCCGAATACAAAGCATACCTACAATTACTTCGACGGAAACCCTGTGAAGAGACCTACGCATCGGGACGGACACATGAAGGTGAAAATCCATCTTTTGTATGCAGCCGTGGCAATAAACATCGCGCTAGCAAGAGTGCAACAGCAGGGCTCGGATTACTTGCCCGATGTTTCCCGTGCATTTATACCGTGTGGTAGGAAAAAGCCTTGTGTGAACTTATTTCCTCTCCTCTCCCTAATTCGGATGACCAATCGCAGAAAGAAACGTTCATTTCAAGGTGACGGCAATGTGCGCTCAGTAGACCTGCTGACTCATGAATCGCCTCATCGCCAAGTCGAAGCGAAACATGTAGTACACATATCCCATGTAGTAAATACAGGTTAGCACGAAGAAGGGGATCCTGACGTAAGTTCGGGTCATTCTTAAACGGGACACATCTCCACTGGGTTTCTACGGCTCCGGTACTCGTTAGTTAAGTGACGAGCCACGCGGACCTCGCACGCTCCACTGTACTGGACTCACAAGGTAGCCGGTCTAGATTTAACTTATAGTATTGCGTTTCGACCGCACTATGGTTGCTGGCTCCGGGAGTACCCAGGTGGAACGTGTTGGAGAATAGTGTACTTTGACTCGTGCCGATCGAAGACGCCTCAAGTTCAGACTATGTCTCACTTTTGCTAACAAGCAACGAAAAGTAGACACCCACGCAGACGTGATCTCGGCCAGTACGGACAAATCCTCTTCACGACGAACCCAAACTTCGCGCAACACGGTATTCGTCTCATTCCTATTCAGGGATCTTGAGATAGATGCCTTATGCTCTTATACGACGCTCATAAACTGGCTCACGCCCTACATGAAATGGGAAATGTCGGGTGAACCCTTGTGAATTGCTTGGCGTGCTACATTAACTAGGTGCGGATAAGTAGAGTGACTTCTTGCGGGTTCCTAAATTCAAGGGAACCTCGGTGGGCCTCGTGTCGGGGGCAACGCAGTACCGGCAAGTGGAGATTGTAACTCTATTGTGAGAGCGTACTTGAGTTGGGTGGATTCACTGAAATTGTAAAGGTCAGCCCTGCGTACAGTATCACCGCTGTACGCAAATGATCAATGCTGACTGACAC,1552,48.26,Drosophila melanogaster
SEQ_963517,CGCGAGGCGAAGGCCTGAGATGTAAGTCCGAAAATTTACCCTTTTCTTATAGAAAGGGCTAGGGTGGCACTCTTCTTGTGTCTGTGAGAGCCATTGCAACATCTGCCCGACACCCCGTTCGCAGGGATTGTGAGCCCCAATTGGCTAAGGTTCGAGTGAGGGAATAAACTTGAAGTACATCTGTAATTGGGAGATGGATTCTGGCCATAGAGTTGGTATAAACTTGATGTTCACCGCACGTCACACCTCAGGGGTTAAGCCTGTTCATCTACCGCCATGTTTGCAGATAGCGGGACGCCCGGACACTCCCGATAAGACGTGAAAGTTTGTCCTTCCCAAAACTGGACGGGAAACAAAATCACTTTTGATGCGGATCTACTCTTTCGCAGGCAATACCTACGGTAGAAACACCATGCGATGACTCGCCTCGTGAGCACTCTTTTATGTGGGATTCTGCTCATCCGCCACTAGATTCTGAAGGCAACTTCGCCATCCAACCATAGAGTATGACGTCAAAATGTGACCGGGGATGTAATTCCGACTCCGCGGTAGTTGTCGGACTTTGAGGAGTTATGAGCGGATGGCGGACCCTATTGAGCTGGAGGCTCCCACCGGTATGCTGTTGGCCACAGAAGCTACCAGCGGCCCCCTTTTGCCAAGCACTGGTTTCCGGTTCGCCCTCTGTGCAGATTACTGTGTAGTCCTATCTGATACTCCCTACCTTCAGATTAAACTCATCTCATTCAAAGTTTGACAAAGTAACAGAGCCCAACTCAAACTGTACGAACCGGTGCAGTGTCACTTCGGATAGCGGATTGTAATATAGGAACTGGGAGATATATTAGCATATTTTTATCCTCAAGCCTCGAAGCAATTCCTGGCACGTTATGGGATTCTTTCCAAAGGACTACAGCGAGACAAATCAAGTGATAGAAGCCTCCCCGTGATCCGCCATGAGGAGCGACGCAGAGCCGCGGCCTCTCAAGGGAGCCGAACTATGTAATCGCTACCGGTGGTGCCACCAGAAAATGGGTGGCAAGGCTGGATCTAGTGAACGTTACGCAAACCTACAACAGGAGAGCAGAAGCTGAAGCACTGTGTCTATTCGAGGACAGTGACTGTCGTGTAGCTCTTGGGGGGCGCTGTTTGGCGTGCGGATTGAATGCTGTGGAGTGGCCTCCTCGCATCCGGCATCTATTTCAAGTGACACCGCATCTCCTTATGGTAACAAGCCCTTAGAGCCTCAGTTAAGCCCTACCCTTGCTAGTACCCCGCACGTCATTGGGGCGTC,1291,50.89,Mus musculus
SEQ_140757,ACGGCGGGGCCTTTACCACCAACCAAAAATATAACTTGTTAGACATGTTAAGAATTAGTGGTTAACTGTGCGGGTAGTTTTTCCCGCGGGTAGCCACCTTCACCAGTAGGGGTTCTCGAACAGAACCTGACATAGTAGGTATGGCATGACCTTTCGTGGGGATACTTCCCATCCCGTAAATAGTCACTGCACTTGCCTCACCCTCACAGGCGCACAAGTGAGTTACTTGATGAGATACCGTTTGATATGACTCATTTACGCTGACGCCTGCCGAAAGAGCTATTTTGAGTGTCAGCAGTACCCGTCAACGCGTAACCGGTGGGCGGAAGAGAGGCTGTGATTAGAGCAGGACTGTCAATGAGTAGCTAGCGCCCCGGTACCCCCTCTTGTTGGTGCCGATTA,402,50.5,Arabidopsis thaliana
SEQ_985810,GGCCGTACAGCGAGCGCAACCCTTCCAGGAGTAAACGGCTGCTTGCTTGGCGTCCTCGTGGGATCTACAAACAAGCCTAAGGAGCGCCGCTTACCTCTGGGCGATGCATGATGCAACCCTTAATCCGCTTGTTCTCTTGACACCGGCGAGAGCTACTAAAGCAAAAGAGGAGACTAGAAGTACTGGCCGTTGGAGTACCCTGGTGTGTTTTCACCTGTTGAGTCGGCGGATTGGTGGCAACCTAGGAATGCAGCACCTAGATCACACCCACCTTAGCCTACAGCGGAGTTTAAATAGGCAGATAACCAAATATCTTGGGCATTCATGAGATAGCGTTAGAGTCTCGGAATATGTACTCTAATTTCCACGGGCATGCCATTCGGTGGCCCCAGGGCTTGACATGCGGTTCTTGCCCCCTCCGAGCGACGCGGTGACGTGGGCGTTCATGTCGGTGGTGCTGATAGCATCCTTATCTAATTTCTGAGGTTATGGCTCGGACGTGGACGAGGGTCTAGCCGTCATTTTCCGCCACGCCATCCCCCTAAGATCAGGGCCGCCAGTCATATCAGCGTCACCTAAGGGGAGTAAAGCTGTGGAATGAATAACTCGCATGACGTGGTCTGCCCGCCCGAACGAGCTTCCCCTTCTCGAGAGAATCGGCAACTTACATGATTAGCGATTCATTAGGCGTTTCTAACCACCACACTAGCTGCCGGCGGTAGCGCG,726,54.13,Homo sapiens
SEQ_937215,CAACTCTTGAAGTGACGCAACCCATCCAGCTCGGGAATTTGGGATGGAGCAGAGCTAGCTACAGCATTGCCTTCTCACAGCCCGGAGCAGGTGGGGAACGACCGGTGCGATCGGGCCTGGTTAGCATATCCCCCTGGGGGCGTAGCACAGGCCCCACATTCCTGTAACCATGTGGCAGTTGCGATACGTTGATACCCGGCTAGTACGCACCTTAGCACATTACCTGGAGCTTTTTCCGGGTGGAACGCCTTGCGTATATATAGGCCGGCTAGATGGCAACAACGCGTTCCTT,292,56.51,Caenorhabditis elegans
SEQ_109300,TAGCTGCTCAACTAAATCAATGCCTCTGAGCAGACGTCCTACTGAGTTTATGCGACCGACATGGGTCGATATAAATGGTTGTAATCGGGCACATGGATGACTACCTTATGCAAAAGTCTTGAGCTGGGGTGTCCACCGTCTCTTTATGACCTTTCCCGGGCATCCGGTAAGTCAGCTCGGCCGTGTCTGTTTAAGAGAGAGGAGCAATTGAGTGTGATTTGAGTGGCCGCCAAGGCGGCTCATGTCCTCCTCACAAGCAGCTTTTTGCGAATTATATGTCTCATTTGTCGCTTGGTGCCTAGCACCATCTGGTAGGACCTCGCAACTAAATGCTCACTCGTTGCCAACCGGCGACGACGGTATCTGGCTACAAATTTGCTTAAGCGCGTTACCCTTGTGTATTGGTCTAGCCTTGCCTAGGGTTATTGAGTAGCAGTCAGAGACAGGTTGACGTCTGTCATCAAGGAGCTGCACCTGTCAATGCCAGAGATTTTATAAATGGTAAACCCTGTAGATGTCCATAACGACATATAGCGTAGCTCGAAAAAGTAGCGGTTATATACTATGTCTTGCGAGTTCTGCGTGCATCTCGTTACTACTGAAAGGAATCCTAACGGAGGAGAAGACGCGCTTACCGAAATCAGAGTATATGCATGTGTTTTGCCACGATCTACACTTTATGGCCCCTATTCTACCGCAACCTGGCCTACGGCGAAGCAAAGATGGATTATGATAACAAATGGTCCCCCGACACTATGAAAGTTCATTTAGATCAAACCTCGCGGAGGAGTCGACACTGGTTCTTTCGACAGAGTGGGCTCGCGTGCAGAATTCGGTAGGGCGCGGTACTTGTGCGATGCGTAGTTCGACCTTAAGGAAGGTTGCGAAATATTGCGGGTCTTGCGACAAAGGTCGGTAGGGGAAGTGGCTCGAAGGATGACAGGTAGATCAGCTTTTCACAAACCAGCACATTTTTCGCGAACGAGCCTCTAAACAAAGGGGTTCTCAGATCAAGTCATGTAAACAGCATCCCATTCCCCTTATCCAGTTTTAACAAACAAGTAGGACATCAGGTAAGGTTCTTGGGTACTATATTTCGGTCCTGCCGTAGCGCTCCACCTGGGAGAGGCATAACCGCTGTCTCCTGAGTGGAGTCTCTGCCGGGTTCTCTTCAGAGGCCTCGGCGGCGACTGACATCGCAGTGTTACGGCTGGAGCGAGGCTCTAAAGCGCCTGCCTCAGACCGCACTTAGCTAAGCCCTCTTGATTTTCGGAACCGGCGTGCGACCAAGTAAATCCCAAAGAGCTCGGCATCGAAGCATTTAACTGTTAACAAGTCCTGTGACAACTGTATTTTAGGCTGTTGCCTATCGGGATGGTCAGCCTAGTGAAGTAGACTTGCTACCGGCCCGACTGGCTAATATCAGATGCGGGATATCATTGCTCGTGCAGTGACCTAGCACTGTTGGGCGTACAACGGACGAAGGTTCAGGGAAGTTGTATATGGACCCCTCCGAGTTTAGGTTTGATGACCTCTCGGAAAGTAATTCG,1550,49.61,Mus musculus
SEQ_685738,GTGGGAGATATCCCAAGGGATTATCGGCGATAGCCACTGTAACGGGTGGGTGCGACAATTATAGCGGCATTCTTAGCCCAAGAAGGCGCATAGTGTACTTGTTATATTGGCATAGGGTCTGAGAGTATGAAATTTCTTGGCCACCTTCCACTTAAGTAACTGTGCAGTACCCAACATCACTACTCTATATCAGACTCATGGCAACAGCAATCCGGCAGGCTCTCACCGAGTCCCATCGTCGAACAGGATGCAGGGAGTGAAAGTCTTGACCTCGTGGGGCCGTACATCGCTCTGAACCTGGTCGCTACCCAGTGAGCCACTAAGCGCAGCATTTCTGCACAACAAACCTGAAGCGGGAGTCTAAGTCCCAGCGTCTACGATTACGACCTATCAAGCCGCTTCCGTTCAAATCATCGGCATCCCCGATCAGGTCTGGTGCAGCTGAAACAGGTCTTGAATCAAAAGCCTCTCAAGTACGGGACTAATCCTCGATTGGGTTAGCGCCTCCCTTCGCGGGCCGTTCGTTTGATGAGCACAGGATTCCACCGGACCCCATGTTCCTTAGGCGTGACCTGCGGTACGCTAAGAACCACGTATGACCCACAGAGCCACAAATATCTTGTGCCACGGGGTTGAGACCAACGGCGGTGTATGACGTAGTTATGTTTATGGTACGATGAACTCTCGCTATGCAGGTCCATGCAAATCAAATAGGTGGCCCGGGAGGGCTCTTAAGCGGGTTGGGCACGGGTAGTACAGGCTACGATCGGGCACAAACAGCTCTAATGCAACATTGACATTACCCCTGGTTTCCTTCGAGGACATGTGCAATTAGTCGAGCATGTGCGATGCGGTTTCACGGCGTAGAGTGTTCCTATTCTTATGAGATTCTATGTCAGTCATCCGGGTTCAGAATTTGATATGACCCCCTTTAGTTGAGAGAAAGGGCATGCCCAAATGACATTACCTCGCCGTAAACTAGCTCGTGAGCCGAGTAC,998,51.3,Mus musculus
SEQ_651531,GCAACGATTATATGGTGTGGTGACAGCACCGTGCCAGCCTATAGCTCTACAGTACAACAAGTTCTGGGCGTTCGATGAGACATTCCATCGCATACTTTCTCTCGTGTAACCAAAACAAACTTTACATCGGATAAGTAGATTGTGAACCAGATATAACGGCCTTGTTTGATCAATATGTAGGTCGAACCATGAAGAGTGGAGACAGGTGGTTAGCACTGGCACTGTAGGCATGAGTGAGAAAGATGCAAACAAGTCCGTTGCACCCGTCGTTCGCATCAACATTTGCTCTTACTCACATCCCCGAGCCAACCGGGTCAGTCTTCTCGGGATTCGTGCCTGGCCGAATAGTCAGGTCACGCACGTATGCGAACGGACTAGTGATATTGTTATCGGTACCTCCTTAAAATTTAAGAGCTGACCGCGTTATATTCCACGGGAGGAGTCGTTGCGACCGTGTTTATGCTGGCATGTCATGGTTGCGGCTACCGCGCAAAACGTATATACACGCGGCTTAATATCGCTATGGGAAGCAGTGGCAAAATAGAGGTTTGGTGCGCAACAAGCTTCTGCTTGTAAAGTGGTCAGACTGAAGTACATGTAAAGTCCGGATCTGGCTGCGTGTTTAAATTGGAGCCATGCTTGATAAGACAGCGCTGCATGAACGTAGCAGCTAGCTTTCGTAACTCTCAATGTCAAAGAGCACTAACGGTAGCGCGGCCAGT,722,48.2,Homo sapiens
SEQ_328858,CTTGGTCGGTAGATCAAATGGTTATTTAGACCCGGGTAAGAGAACCTAGTAAGGACGCGACACGTTTGGGACGTTAGCTAGCAGCAACCATGATTCCCTGATGCGTCTCACCCGGGTAGTAATAGGGAAGTAGGGGGTCGTAGCGACGAAGATCAAGGAAGTGGTTGTCTTGAGGAATGATATGACGTTAATAGCGTGAATCCCGACTCTTCTATGGGACAGGTCCACTTGGCCTCTAGTACGCCGATTAGAACCCTTGGACGATCGATCGATCGCTTTCTTGTGGGCAGAAGGTTTCAGAGTTGTCAGTTTGTCCTTTAAGGTTAGGGACCCACGAGTTACACAGTTCAAGTAGACACGCCCCCGAATTGAAGAGGCTTGATGTACCTCTCCGCACCGTCCTTTGAAGCCCCCGTCCCGCATGTAGTAACATTCGGACTCACTCCTTCTACGAAAACCACACTCGTGTGGGTAGGGCCATAGGATACACGGCTCCAGTTGTTAACATATGGCGAGAACGGGCGTAGTGGCTAGATCGACATCGGAGCACCAATACGGAGTGCCTACGCTCTAACTCTGACCCGGGGCGCTGAATGACATGGGTTCACAAAATGAGCTTGCAGGTCCTACAAGAATTATGATGCACGGCTAATGCTCCAAGGGTGTTCATATCCTACTTACGAAGGCCCACGATGATGTGACTCCTTTGCGTCTTCGCATAGCTTGAGGACTTAGACAATTGCCGGGATCGCGAATGATCTCGGGTATAACACCATCCGACAACCCGCATGATTATCGGAGTCCTCGGAAGTACTACATCTAACATGATAACGAGTGTCGATTGTGGTCTGTCCAATTTTCCAGGCCCGACCGCGCCGGTAATGAATAAGTACAGTTCTTAAGCCCCTCTACAATTTCGCCTTCTTCGGAGCACCTCGCGCGTAGAAGCCAATTACAACAAGCCGACTGAGTCTTGATAGTCCATCCGATCTCGTTATGGCTCCCGTATCATAGAATAGTGTTGCGACTCGTAACAGCCCAAGCGACATGGTTAAGCCACTCAAGCCGATGGCGAGTTTACTAATATATGTGACGCCGAATTAAGATTTGGTTCGAGATTCGCGCTATCTGGTTAACGGGGGCCAGATAGGCCAGGTACCCTCG,1164,50.34,Arabidopsis thaliana
SEQ_626436,GCTACATTCGTCGCAGCTGATACGCCTCGGGCTTCATGCCAACCCCCCACAATTCGAAGTGAGGACGTAGGCGCAAGGTAGGGTCGGTAAATCTTTTGTGGTCAATTAACTTTAAGCGCCAAACGGCCATTGATGGGCAATTGTACCAAAAGCTACATCACGCAATCCTAGGACATTGAGGCCGGGAATGAAGCGATGATGGGCGGCGCGATAGCAACGCTAGCTACTGTGACCAAACTGATTTTGTATCGTAAACTGCTGCGTTTACTGGGGTGACCAACACGTCTCCTAGCCCAACTCACGCTGAGGGCTACTACACACGACTCGTGCACGTAAAAGGTGTCGTCAAGGTTCAAGCGGCGGCGTTAATTGACGACTATAATGGCGGTATACAAAATCCAGGTCCTTTTTGAACTAAAATTCGGGCTACTTACCGACATTGTAGATTCTAGGGGATGGAGTACTGTCCATTATTCACCGAGCGTCCCTCCGCTAAGATACCCATTACAACCCCCCTGTGCATCCTTCGGAGCGGCTACGCTACCACGTAGGACCATTGCGCACCTTATTATGTTACTTGTTCGCGCGGTGCCCGTCATGAGCCTCATCACGCGGGTACGCATCGTGTCGAGAGAACCTGAAGAGGCCTAGGATCCGGGCGGAAATGTCCCTCCAGTCTTATGCCTCGCTACTTGAGTGAGCATTTTTATGTTTGCAAAGTAGACGTTATACGTGGCGTAATCTGCGCCTGGGAGCTACCGAATCTCTCAAGTAAGCGGTCGAGAATAACTGTGGCAAGTCCCACGGCATCCTAACAGGATCTCCTCTCTATGGGGTCCCCTCGCGCGTGCGTGACACATGGCCGACACCGCGACCGTACGCGGAAAGTAAGGACCAGGTAGGATTTCTCATGGTCTGACTCGCAAAACCAGCCCGCTAATTAATTGCGTTTTAATCGCACCAAACAGGTGCTTATGCGCGGAGGGTTGATACTTAGCAGCTGGCGCGAGGGTACTCCCTTCTGATTAAGCCGATTTCGACCTGTAGGCATCCAGGCGTCTGCCCCAGATGGGGTCAAAGTGCAATTCCCGCACTTAACTTTCCGACACGCGTCAAATGGGAGCACCGTGCTCGGAGGACATTCCCGCCGAATTCAAACGTCTTGTGTTAACACTCACGCTCCATCGGCCAGAGAGTAGCTATCACACACATACTGTATAGCAAACCTCAAAACGACGCACGTAGTCTAGTCTCGTGGCTGTGAAAGAGACAAGTTCCCAGCGAGCTCCCTCCCTCACCTGACTCTCTGTGACAGCATTCCATGAGGAGGAGGGATTTAACGTAGTCGCTGGCCAGTGATCCGTCAAGACCGCGCCGGTGCCTACTCTGTTGCATGAAGCCCGCTTCTTCAATACTGGAGTTTAGTATCGGCTGAAGTGACAGTTACGAGTCCTATGCGCCAATCCAGAAATACTTACGGAAGTTCGCTCGGTTTGGGGCGTAATTTTGTCGGGGATGAACACCTCCAACTCTTGATACCCCCCCAACAATCGAAGTCGAGATTTAGTGACAATGTTAAGCTGCACGCAATGTTGCCTAGGCCGCCATTGCT,1612,52.11,Caenorhabditis elegans
SEQ_928759,TTGTACTCAAAGAAGGAAATGCACGCAGCGATGTGGTTCGAGCGAACAATAGTGGTAACTTATAGTGAGGTAACCACCTACTGAGTCTAAGGTGCTATACCTACGAGAACTCGCGCACGGGCTTCTCGGGTTCTCCCTTGTATACCTGACTAGCGGGTCCGCTGGCTGCTCGTCCGAGCAAAGGTACGCGGACCGCATTTAATTGACGGCCGATTTTGGTCGGGAAGTTTACGCGTGCCAACCATCAAACGTTTATACCATCCTCGCCAATTACGGGTACTTCGGGTTGCGTCTTTGGATACTACCGCGTCCCCTCTGCCTAGCCCTAAATGTGAATTAGGTGCATAGGATAGGAGTATTTCTATCATAACGCTGAAGTGGCAATCCACACGATAAAGACGGGCCAAAATCACCCCTAACAGATAGCAGGTTGTTCCGAACGATAGCTAGGCTAATCGCGTATTTGAAGGAACCACAGGTGCTTTTGCATTATATCGGTATCTCCCAAGTTCCATTTTCTTAGTTTTCGTCTTATTGTGCGATCGGCTTTGCCAACTAGATGCGGGGAGTTATTATGGGGTTCCCACGGTGTCGGTTCAGCGTTTCCGTTAGCATGTCGGCTCACTGGGCCAGTATGATAGAAGGGTAGCATGATTTAGCGCATGTTTCTCACCGGGTAATACCACCGACTATTTTCCACCGAGCCGTACTAAGCGTCCGGGCACAAGTCCTGACGGATCGGTGTTCCATTCCGGGCGGCGGGTATGTCACGCCCACACCTTGGTTAGCATCCATCTGTACAAAACAACCTGTTCACGGGAATTCTGGTCGTAATCGAGACGTGCGGTTTAAGCATGCAGTATATCTCTGGCTAGGTTTAGTGGGTTATACCCCGATAAACTACTAGAGTTAATTCATGAACGACTCATCCGGAAGTGACCAAGTCTACGCGGGAATCGACCCCAACTGCGTCGTATAGGGATTCGTGCCATGGTTCTGGGGGTGAGCACTACTGCCAATAGCTTAATCAAGAATTCCCAGAGGATGCTAACGCCCGCTACATTTCTCGAGGCCCGGGAAATAAACCTATTAAACGATTCAGCCGAGTGAGACCTCTTAGCTTCTATGCCAATAATACCTCCGACAACAGTTGAGAGTAGCGTCTGCATCGCTTAGAGGCAGGCATAATTCTGGAACATTGCCGAGTGCTGTTTCCTGATATAACGTGGATGATTTGGGTTTTAGCGGAAGGATAGGCGTTTCATTCACACCAACCCGATTGGTTTTTACCCCGCGGCGATGGACCACCGACGAAACGGTCTGGGCGGTGTGCGAAAGTGCCGTAGACAAGCTCTACTGTTCCTCCGAGCCGTATCCCACCTCTATCTAACGGTCTGTGTGCCAGCGCAATCCTCGTGAGTCGCGATTTCCTGGGTCCGAGAGACGTCCAAATCTTGTTGGTAGTATTAATCCAAGAAGCCCACGCCCCGATCATTATAGGATTCAAATAGCTTAAGAACGGTTAAAACGTGTAAAACGAGAGGGTTGCTACGGTATAGGATGGTAGAATAATTAGTCTCCGGGTACGCCGCCCGATAGAGCGCCAAC,1608,49.88,Homo sapiens
SEQ_522100,TCTAGCTTACGTTTCAGCCGCAACCTTCGACAGTCTTTTTTGTTCGTCGCTGCCTGACACTGCATTTTGACATTAACCGTTGGTCATAGCGCCGTACGTATTTATGCAGCCTGTATATCCTGGTGCTGGCCACATTCTTCGAAGTCCTCCATTGATAACACGACGAAGATACAACGGTCTGCAAAGCCGCGGACGTACGCCCCGCTTAAGGTGGTACTTAGGCAGACGGGACCTTTACGGATGTAGCGATAATCATACGTTTTTGGGTAAGAAGAATTTTACAGGCATGCTACACATTTTCAGCGAGCGTTAGCTACTCCTAGTAGAGAGTAGGAGGACTTGGCCCGGCGCTCGTCACCTTCGCCCACAAAAGCTCAATGTAATTTATAGTTTCCCGCGCAAGCATGAGATTCCCGGCTTTAGGGCCATGGAGCCCTGCAGCGCTAGTCCTACCTAGTTTTGGGAGATGCAGCACGATAACATTCTCCGCGCAGCTGATAGGCGGAGGAGGGTGTCCATCCTGATCGGCTACTATCACTGACCCGTTTCCTAGTCTTCCCCCCCGAGACGTCGCCAACTCCAAACACGTGAAATCGCATGCGGGGTAGAGCTGTTGGTTCAGACGATAAAATGTTTATGCATTCCCCTGTATCCCGTCTGACGCAAATATTACGATGGCAGAACGGCCGCAAGTCTAAGCACTCCCTCAGCTGATTACAGGCGCCCCTATGAGGCTGCACGATAAATATGGACGTGATATAATGAGGATAGCACGTAGTATTTTAACATCCTATATATTCTCTACAGAGCGTTAATACCGTCATAATCGCTAGACGTCCCGGTATGTTAGAGCCAGGTAGAGATGCCACATCCGAATCTACGAGGTGTCTTGTACCCTCCAATTTTGTTTGTGTCGCAGCTCTACTGGGCTGGGCGGGGCATATCCTCCGTTGTCAACCGTCCATGAAGCCCTCTGCGACACGCTGCGCAATCCACCCCTGGCTGATCACACGCACGAAGAACATAACACTAGCAACGCGACAGTGTGACAACCGTTAACCGAAACACAAAAGTCTGGAGCCGTGCTATTTTTAGGTGCACTAGTGGCTTTGAGGCCTCGGGAGTGTGTCAAAGGCCCGGGCCTCGCAGTGCATTACTTCCCTCGTATGAGGTTGGCCCGCCCTCTGAGTGGTACAAGAATGTCTCTGGCAATTGTTGTCATGCCTACCAGATTCTTGGGATCCGTCTCTACAGCCTAGCATTACACCCCCAGGTTATCCCCGGTGTAATCGTTATACTGCAGCCCGTAGCTCTAGCGCCAATCGGGAATTCATAGAGTATAATTTCCCTTGACATGAGCCCTTAGTTACTCCACTAGATAGTACGCTGGTGACCGACT,1399,50.82,Escherichia coli
SEQ_867504,ACTGGAGGATTGTACCTAGCTAGGGTGGACCTGCATTTCCGAATATCCATGGCGGCTCGTCATCCTAGGCCCTACCCTTGCAGTGGCTATCCTTGTGAGCGAAACATAACTCGAGTACTCGGAAGGGTTTGTTACGCGTGGATACCTCTTTTGTCGACGTGAGCAGCGAACATGCGGTGCCTGAGTGCGTCAGGTGACCTTGGCAGGGTCTCTCTACCCACACCGTCCTCCTGTAGATCACGAGTCCATTTCAGTAGCACGTCCATTATCTGCAATGAATGTTCGAGCATTAGACTGGCAATACGCGGAATTCCTGCTAGGTTGCCGATGCGGTTCCTCGTCCGGAGTATAATGTATTCAACACTCTAAGAGTAATAGCTCATGGTCATAGCATACTTCGCGGGTAGCATCCGCGGTCATACTGGATGCCAGTCAGGATTCCGGGGGAGTAACCGCAGCCACTCTCTTGCATGGTGCCAAATTAGGCCGCTGCACGTGGGGGCTTAAATACGCCTGAGGCGACTACGAGGGAACGCTAACCTCGAGCTAGGGCAAGGCAAGATCTGTAGCTACTACCCCGCGGGCACGTTAGGATCCGAACCGAGAAACGCCTGTCGGGTTAGTGCGCCAGGATTCTGTGTCTCAAGTACTGCCGTGCTCCGTCGAAGGTGGCTCGGAGCGCCCCTTACGAGTTTGTCTTTGATTATAGCAATCTACTCGTACTTTAGCCCGGCAAAGATTCCGCTGAATTGGGCACGGGGCATCCCCGACCGGCATCTATCTGGCTCTTATGAGGGGCCCATATTACGACCTTCGTAATATACCGATGGCCGACCCAGTACTCGGCTCATCTGCGAGGTGTGAAGATCCATTACGGGTTCTGGGGCAACTGTGTTCACTTTCCATTTAAGATGTCTGGGCAACAGTGAGTGTCACCCAGCCTAATCCCATACCGCATTTACCCTGAGATTATTTGAGCAGCACCATCAAACTCATGTCGACACTCGTCTGATTCTATCCTACGAACCTCATTAAAATAATTGACCCGCCAGCTTCGACGTGGCGTACCACCATTGCTAGCGCCTGGGGTTGAGCCTCGGCTCAGAAAAGGGACCGATTATAAAAGTGGCCAGAACACTATGGGTTCGGCTGTCGATGTAGATTGCGAAGATCGACTCTAGGGATAATAGCTTTGCTAGAACATATGCGTGTACTCCTGGACTTACGCGGTAAATATACCCGC,1243,52.37,Arabidopsis thaliana
SEQ_146548,CCGTCGATGCTTTCTTCGGCGAGAACCCACTTGCTTCTACCTGTATTCGACCAGACTTATTTTTGGGTCACCGTCTGTTGCACCTATTTGTGGGGTCAGGAAATATCGCCCACCGCATGGAGGAATTGACGCGGAGTTCATGACATAGAAGTTACCTTCCGAACGCCTAACATTAACTCACTATCTAGACTCCCAATCGGGTGTAAACCTGATTGCACCCAGCATTATCACTTGGAGAAATGGCCGCAATCTACAGAAATCATCTGATTCCTAGCTGAGAACGCACGCTTTCGGCCACTAAGTCTCATGGCCTGCAAGGGCGTTTAATGAGGCAAGCTTATCCGATGCTCCTGAGCACAAGCCTGAATACGGCATTGAGAGTCATTGAATCTTCTAACCTATGAATTGATAGATAGAAATACCATTTGGTCCACTTATTTGTCAGGTGGCACCAATCAGACTCTTATCCTTTTATATTCACCTGCTGTAAGCGGAATTATTTGAATGGGAAGTACTGAGATACCGGGCTTCTTCGC,536,46.08,Homo sapiens
SEQ_237969,TGGCTTGGCTATAATTGTATAGCCTCAGAAGTCGAATTTAGTGCGAGAGTTTGCTGGCGCGAGGTCCTAGACGACGGACTTGCTCCTTCTGCTTAAACCCAAGGGATGCGCGTCCTAATTGACCCTGTTCGAACGCAAGTCACAACACCAACGATCCCGTCCTAAATTCTCTAACTGTGTGCGCTTTAGTCATGGGACCTTCACACTAATCAACGTTGTTTCGCACCTGCGTATAGTAGGAATGGAATCCACGAATACGCTAAGCCGTCATAGTTACACGTGCTGTTCGATTTATAGCCCCTCTACGTGAACTTAGTAGTCAAAGACACGATGTGATGTGTCAGATGTGGGATCATCGCATCTAAAGCGCGAGGCACGAAGGGTTGTTTGTGGGACATCCGAACTCTGAAGAAGGTAACGATGAACGAGATGCTCTTTCCTTCCCGAGTGAAATGCACTGTAATTTTAGTCCGAGATACTATAAAACTCGGTTTAGTGCGCTAGAACATACTTCTATCTTACACGATAACCTGAGCTGAGCCGTGAGACCGGTCACTAGAGACGCCGGCAGTTCAACAAACATCGAGAGAGGTGTAGCTCATTCGAATGCTTAGGCGGTAGAGGCTTCGCTGTAAGATCGCTCAAATAGCCTTCGGTGCTAACCCTTTTGATAAGGCCCTGTAGCATGAGGAGATAACGGTGGAACACACTTATCCCGCGACAAAGTGGAATACCTTCGTGGGGTCCCGGTCCGTGTTGCTTAGACGGACTAACCATCGTTGTAGTTTTGTGCTCATTCTGGGTCGTGTCTAGTCAAGGCTTCCTCATTAATTCAGCGTGCGATCTAACCCAGTCCTTTTCTAAAATAACTCGCTCATTAGGCCGGTTTCGGAATATTCCGGATCCACGCCTCTGCGAGCTATATACTAACCTTATCCATCCTTTCTAAGTCCGCCGTCATCTATACAATAGCAATAATACATGTGTTCGATTCTTCGCTGTATCTATGGTTCCGGATAAGCGAATCAGCAACAACCGGTGCCTGGAAGTGCGGCAGTTTCACAATAA,1068,47.47,Arabidopsis thaliana
SEQ_477489,GGGCTCTCATTTGCACAACGTAACGAGAGCCTGTAAGTCACTGGGTACCGGACTCGGACTGTAGAGCCGCTAACCACAACGGGATACCGGTAGACAGATGCGGTATGCTTACAGCATGGGCAACCACTACCAGTTCCACCGTCAGTCAATATGTTGCTCAGCCGAGCTCGTTCGAACTGAGAGCTACGCGTAGTAAAGGGTTACTCTGCCCGATCAGAGAAATGGATCCCCGGGACATCGCTCTCATGGCGTGAGGACCGAGTTCGTCCCTCTGCCGGTGGCAATACTTCTGATTTTGTCATGGATCGATCAAGGTTCCTCACAACATTACAGGCGTACACTGATAATCTTATTAACCGACGCGGCTCGCTGGGGATATCATTAAAGCGTTGCCTTTGGTTTTTCTCGGGTCACGCGTCAATCTCCAATACGGCACCAGCTCGGATGTCGGGCTAGCCTCTTCAATCTGAAGCCAAAGCATTATCTAGGCATTTAGGGTAACACGGCTGGCGTTAGGATTTTTTCATTCGCCTTTCCTATCCACTGGCGTACCTTGTTCAAAAAGCGTTACCTGATAAACGCGAGAGACCAAACTCTACGCCAAATTCCAAACCCACGTCGCGTCGAATGCATTTCCTTGTTCCAACTAAAGGAACAATTTAGGGTGCAACCATATGTGACTAGTTTTTGGTAATCCGTTCAACCAACAGTAGCTCATAACCATATCCCCATCATTTGAACGAACGCTAGTTCGAAGCCGTCCCAGGCTGAAACGACCGCAGGCATCCCGCATTACCGAAGGAGATGGACTGATACACCGGCTTCGGACAAAACTCGCATGGGCTCCGTCTTAGTAGGGCAAGTTGCACTCGCGACTCTCGACAGGAGGCTCCTCGATGGCATATACCGCACGATCAAAACAGGGCCATTCATAGAAGCGCACCGCTTCTGTGCTCTAGGTATGGGAGGCGTAGCCCAGGGTGCATCTCATTGAAGAATTGGCCCGTCGTCAAACACTCGGCTGGGGTAGCGCTGACCCTTAGTTTAGTCGGACATGCTGACTCTGTTTGCTGTCTGTATGATGCCAAGTCAAACTTACTGTAACCGCATGAAACTGCCCCTAAAAGAATATTGCGGGGCCTGGCTTACTCTTGTAGGCTCGGGTTCCCACAAGTTATGTGGTGTGAAGGAACCCCGGTTAACTGAGAATACACAGCCCATGTGCCCCGTCCGTTTCCCTGCAAACGAACTTTCATGTGGTGTGATCAGACCGGTATTCCTTAATTACTTTTATACTGACACGACGGAAAGCCAGCTCCGCAGTATTCAGCACGGGCCGGACTCATGTCTAGTAGCTACCGTACTTGTAAAGGATTGGTAGCGATTGCTCGATATAGTGCTGCCCATA,1408,50.71,Homo sapiens
SEQ_997007,TCCTTCTTACCGGCATACTTCCTACATTTAGTCCAGGCGAGCTCTGATTTGTCATTACTGCAAACTTGTCCGTACAATGTACAAATTCTCAGGGTTTAACGAACTTTTATCCTTCTTGTACATGCGTCTTGCCTGAAACGGCCCTAAAAAATCTGGCAGGATTCCCTGGCGTTCTGGTTTACTGTACCTGGAAGACAAGCGCGAAGAAAGGGAATTGACAGCTGAATTGTCACGTCGTAATGCACGAACCAGGGTAAAGATATTGTGTACTTCTGCGTACCTTGGTCACTAGCAGTGTATCGCGACGAGGTATAACCTCAGCATTATACCTTCAATCATAAGCACGGAACTGCTTCTGGTTCCGGCCTCTGGGGAAAGCCTACGGTCTCCGAGGATAATTTCCGCCTTGCACTTCCCAAGCATCAATAGCGCGACCTCTGGCCCTACGCCAGGAAACACTTTATCTGATAGTCCCCGGCCCGGATGGTTCTAAGTCTACTGGCCGATAGCGAGAGTCGTTTAGCGATTAGTACATCGACAAATGACACGTTAATCTCAACACACCTACTTTTACAGTTAAGGACGGTAGCCAGGTATGAGAGTTAGATTGCATGTTAGTCCGCCTTATATGGCTTGTGACAGCCCAGGGCAACGGCATCATCTGCCATCCCCTGGACGGTGAATATGCGCCCTTCACAACTAAACCAGCTAGTGACTAGTACTCCAGGAGTAGATACCCACGGTGTCAAAATCGATATCGAGCAGTATTTTGAGCGCCACGACCCCTGAAAGTAGCATTTTTTAGTCGTCGGGGCACAGAGCAATGTAATGCTCTGCATGAGCAAAGTGGGCAGGTCCATGTCTGACAACGCGCGCTAGAGTTCTACGTGAGTTTCTAGCTGGCACTCTCGGAAAATAGTAGGGCTGCTCTAGGGCCTAACAGCTATAATTG,952,48.42,Homo sapiens
SEQ_390930,GACGGCGGCAGGCAGGACCTACAGCTCAGGAGATTGTCAAAATCGTGTGGGTGGTTAAGTGATCTATTACTATGGGGACGCGACGAATGTTTAAACCCGAACTGCTGACTATCAGTCCCCTCCACTTCAGGCGCATGCATCGGATCAATATAGATATCCATCTTGCGCGTTAAGAGTCTGTGCAAGTCTAGTCAAAGAATACCCCCGTACAATGTACACGAGTAATACCCGCCCAACGGTAATCTAGTAGTAGACGTAGAGGACTCGGCATCCACTTTAACTTCGAGTTTCTGCTAGCTCATACCGCTCCCTATCTGGGAATCGGAGTATTCTTGGGTTGTAGGCGCGGGCTACTCCAGTCCAACGAGCCCCAGCGAAAGGTCCTATATGTGCATGGAGGGGAGAGACTCAGGATTTTGACGTTTAGTAAATGTGCGACAGCCTAACTTTGACCATATGCAAATAATCTCACCATACCTGATCTCTCACTCCAGTGTTCTTGTTTGGAGGCCAGACCGCCGTCTTCGTAATAGTTATTCACGAGGGAGCTATCCGTCAGAGCGGAGATAGCAAGCAGACATACCTGGCGGCGGTGTCCCCCCGTTGGGGTTGCCTCGAATGCTATTATCCTAGTTCTCGTGCCTAGAAGGACCCTAGCGCAGCGTATTCGGCGGTCTAAGAAGTCTATACGATCTTGCGTGGACGAGTAAAGTCGGCTATGAGGGAGACTAATTTCTAGCCGGAGCGATAAGTGTCTACGTAGTGCCGTAACGGGGCGAAATCCTACCCGCACGGCAGCACCATGGCTTTGGACTCTTCTCGGGATCTAACGTCCGTAACGTCACGAAAAGGTCTATGTGATTCAAATTTCACTCACGTAGAAGTTTCCAGAGGCTGGCGAATGATCCAGCAGATCGGTCGTCTCGTTATTGTATCCTGATTAGAATAGACAAACACCTGGGGTAGCCGTCGTATACGCATTTATTTGGAAAAGGACTGGAACTATTTGGCTCTAACCGCAGCGTTTCTAGGTGCATCACTAGATTCGTCGGTCGTGGCTTCAGTACCATAGACTACGCCCACATGGCGAGAGTTCTATATGATGTTACTCTCGATAATTCGAATGATTTGAAGGATTGGATCCGCTGGAATG,1153,49.44,Saccharomyces cerevisiae
SEQ_622952,ACTGACTCGTACCCCACTAAATGCGACATCACTCAGGGGTACGCATCACTAGAACAATCAACGTACTCATGTTAAAGTTGACTTGAAGTACGGATCATCTTGCGGCTCTCCCATTCGGTTTCGAACATCCCCAAACCCTCATGTTGTCGCTCTCAGAGGGGATACACCGAATCATGCTCTTATGCTTGAAAGACGGTGTCGTAGGGTGATGCCCCTCGGTTTCGGCGAAGTACTCCGTAAACCATTGATGAGGGTCGACTTCCTGCCAAGTGCGGTCCGGCCTCTGCCGGGGTAACACTTGCCATGTATGACCAAGCGACTCTGCTTGGAACATCAACCCGCGGAGGAATCTTGACAAGATATTCGGCCACTACGTAATGTTCAATTCAGCACTATTATACGTGCAGTGTAACGAAGGTGCGTCCTGCCATTGACGAGATTGATGGTAGGCCGGTGGGAATAGGAGGAACAAGGACTACTCTACTAAATAATACAGTCACGTACGCTCATAAGCATATGCAGAAACCTAAAGCGATCCGGCGGTGAGTACAGTTGCTCGCCACAACTCCATGTAACGATCCACTCACCCGTCATAGTGGGGACCCGCAAACAGTCCCTCCACTTTGAATAAACCCAAATTCGTATTTCGAATGGTAACGCCGGTTGTGTCCCGCAGGCTTATAGTAAACGTCACGTGTCATTCTTTATACATAGGAGTTATCTCTTTACAAGAAATATCGGGCCCCCGCATTCCGCAGGTGCTCCCAGGTGGTTAGCTCC,780,49.74,Arabidopsis thaliana
SEQ_950523,TTTGAAGATTGGTAGGGCCAAAAACCTTGAGCTGGGCATTGTGCGCTTCATACGGTAGCCCTAAGGCCATTTTGCTATCAAATCATGTGGAGGTTTCGTGTGTCGACATCCGTCTTGATCACCTATTGAACCCTCAGGCGACGTACATTAGTTGGTCCCGGGGGCCATATATTTTTTGCATGGTTCTCCTCTATGGTTGGACTTAGGTGTAAAGCGCCCATTTTATTTGTTTGACTCAATCCAGAATTAGGGAAAGCGTATGTTTCTTTTTAATGTTTATTCCCTTGGAGTCACGTACCCTAACTGCCTCCTTTATTATTACTTGCCGTTGAAGGTGCAGCCCAACCAACTTTGATACCTGGAGCGCGTATAAAGCCTACTTGTTTTACAGTTGATATTCGACGATCGAAGACCGGACAGTTAGAACAGCCTAGCGCGGTAGCGCCCCAAGGGGTAGATGCTTGGGGTGAGGGTTGGCTGATAGACCTCTTAATGAGAAACAATTCATAGACACCCTTCTGTTATTAGGAACGGCTATTGGGGGGCGACATTGTCTCAGTGGTTGGTTTCCCTTCAACATATATGCTGGCTATACAAAGAGGGTAAGAAACCCTGAGGCATCATGCCTGTAACCCTTCGTACAGGATAGGAGCTGGTATAGCCAAGAATTAGAATCGATCTATCTCTCAAACCAGAGCCCCGATACATTTGCTTGGTCCGGCAGAGCCCACATACAGTACGCGCGTTTCTCGCATGGCGAGTGAGGTATCCTATCGAGACACTTCTAGGAACGATATGAGAAGACAGCAACGCTACACTTGATTTTCACGATTACGCCACCGTAAGCCGGTCCGCAGCAGTAAATGAGTATTATTCTCCATACTACGACAGTGATTTCGGTAGGATTTGTGCAGGCGTGCCTTGACGTGTGGGTACGCTCTAATTCCTATCGCATGTTGATCCGGTACTATCCGCAGACAACAGGGCGGACGATTGCAATCCCTACAAAGTCCGACGAATAGCACTTTTTTTTGTCATGAGATTGTAAAGTTCCGATTTTGTCTTGAGGGACTAGGAGCTCTCAACACTCCTACTAATGTAATCCTTCTCAGCCAGGAAGTTGAAGGTAGAGGCCGTCCCATTCTAAGTTTACACCTTGGCCTTAATTGGGGATTGACTACGACTGCGTGGCCCTGGGATTTCTGTACATTTTTCCAGAAATAGAGGAGACCCATAGTGGCTAGGTACACCCCGCCCCCGTATTCAACATGTCGAAGCGCTGGTGTGAGCCGAGGAATAATGCTGTCGCTTTTTGAGAGATCGACAAGCTGATATCAAGGCACGGAGTAGCCTCCATAAGTGCGGGTACCGAAAAC,1376,47.46,Saccharomyces cerevisiae
SEQ_944292,CGCAGCAGAACCGGTTTCACATCCAACTCGTCGTCTCATGTTTAGCTTGGTAGCTCGCGTATCATCCCACGCGTGTAACAGCAATATCTACCCACCGAAGATGGATTGGATCCATCGCGTAAAGCCTGAACGCGCTGACTTCGGCAGCATGTTCGGCCATGAGAGTGACGCAAAGGGGCACGTTTCCTCGCCTTTACGGCGTACTTTAGGAGTGAATGTGATGTTCTATGGTCGGCGGTCGGCAGTATCAAACGTCGATAATATCGGTGTGAAATTACAGTCATGTTTCCCCTGAGAGATCCCTCACAGCTTTGTCGGGGGCCAGCTGAGACGGCCGCCTGTTCTACTGGGCGTCGCTGTTGAAGCCAGACGCATCGTATCGTTCATGGGAGCTTGATCGGCACTGTGACCGCAATAGCACGGAGTTAATCGGTTCGGGCGACCGCAGCACGCTCTACTATTACAGTTTGTATACAGGCCCCTAGCCGCACCTCTGGTCGCACATGTGATAGTCGCTTTCAGATAGCGTCCTCATTTGACCTTATGATACTGCCCGACCTGGCGAATCACGAGGCGGGACATTGAAATTAGGAGTATCGTCATCATCGGTTATTTGACATGCGACACACTGGCGAAAGGTTATAGGGTACCGTTCTACCACAATTTTTTCTGGTATACACACAGGTCAAGGCGTAACACCGCACCGATATCCTGGACGATAACGCTGAACTGTAAAGTGGAAAACGACTTTGAACGGATCACGGCCTTGATATAGGACTGTCGGATTATATTCAGTCGAGCACGAAGTCCAGACAATAGGACTCCTAGGCCATAATCGATATGTGCATTAACTTTCCACGCGAAATTATCCAGCCGTGACAACTCGCA,888,50.79,Homo sapiens
SEQ_643852,CGGATGAAGTCTATGTTACGTTGCGTGCGTACACCGTAGTTGCCGAGATGCTGCAGCATTTTCCCATAGCGGGGAACTATAGAGACGGCGCCGCATCATGACACTAAAAGGGGGTGTACGCCTGATCTTTTCCTTGAAACCCCGCTGTCTTAATGATTCGTTGGAGCCTGGTCTAACGATTGAATTTGAAGGAACAATCAGGACGGGATTAGAATAGATTTTTCCACGTGATTTATGAGCCTGCATCTGCCGTAGACAGATCGTAAGAGACCCCTCTGGATAGCTCATTGGGCGCTAGGACATGCCCTCGTGGAGTTAGCAGCTCTGTAGCTACTGGGAACAATAAATCTAGCCGTGGTTGACGGGAATCGTAAAGTTGCGTCCTGAGCGGTGTTGCCTTGATGGGTAGCTAAAAACCATAACATGTCTACTAACTGTGGGCCCATCCACTGCCGACAGTTGGTTAATGTCTCAATGAACATCAATAAGCTTTGGCTAAGGGCCAGGTAGTACGTGAAGATGTAGCCCTCCACCCGTTCCCTCAGAGAGTCACGCTGCTAAGGACGCTAATCTATCTTAGCCGGCTGGGGTTGTTGCAGAGCGGGGTCTAATTAGCCGCGCCTCGGGCCGCTGTATCAAGGCTGCTGTTGTCTCCCTCCTGCTTCGGGCTCAGGACCCCCGATATGGGTTGAGTAAATCTATCGGTTTGTGCTGCGAGATAGTCGGGCAGGACGACCATAATAAGTTTGCGTCGCTCAACATATCAATGCGCCCGGCATCCCGCACTCGCTTCACTTTTCGGGGTGGGGTGGTCTATAAGCCGGCCAATATGTTACGCCATGTACCATACAGGTCAACACTTCAAATGAAGCTACAGACGAGGATTTCGATCAGTGGAGGCTCGCTATGATTTGATCCCTGCCCCTTACGCAGCCCGAAGACCAGATCAGTTAGAAACGAAGCCGAAGGCTATGTTAGAATCAGAATTCACTTTCCAGGCAACCGCCACTCGGAAACTCTGTCTTTATCTGGCTTCTCAGTGTGTGGAGAAGTGCTATGGCTCGGCTCAACATAGGTGTAAGTACCGGTAGGGGCCATCGACTCGTACACGGAAAAGCCACTATTGACTACGCGCGTATCCTGATACGCCGTACGGATCACTGAGGTTAATCGCGCGCCCTCGTAGGAATCGTGAACCTGTATTCTGTATTCGCAATCTATCCCTCCCCACGTACCGGGATCTTGTGGCAATAAGGGGGCAATGGGCAAGCCCATGTACAGAGATCTCATAATGTTAGTGCATGCATC,1308,51.15,Escherichia coli
SEQ_466956,AAATAGTTCAACTGCATTTCACGTTTCCCTCGGGATGATGACTTGCTCCCACGGCCAGGGGAACTTCTTCTGCCTTTGAAACTTAGTGAACGAAGGTTTGTCGCGCGCATTTACCGCTCCTTCTCTAGAAGGGGAACTGCTCTGGCGAGCCTTGGAGCTGATCTAACAATGGATGAACGTTGACCTATCCGAGGACTCACGGACTAATTGAACTAGTGTCGAGCTGCATGTGAAGTGTTAGAACTACAGCTCTACTATTTATGTTCTCTAATTAATGCGCTGATTCAGAGAGAGCGGTGGGGCAATTTTAGGCTCATATGAAGCCAGCATCCTTTATGAGTCGCGCGACCTGGGGAATTCCTGACTCCCCCCCCCCCACCAAATCGTGACTCTTATCCGCGGACCAGACCTCGTGACCACAGGTTTCCATCGTAGGGGCGACTGCAGGGAATGGTTGACACCGCCGGACGAAGATCTTAATTTTCCGACGTTCACTCATCCGGGGCTTTTGCAAGGACTCTCACAGGCGGCAAGCCGAATAACACCTATGGGCTATTCTATGCGTTAAATCTCGGGCCCCAGTCATGGAGCACGGACGAGTATACGAGTCTGCCATGCCTATGTCTTTAGAAACTTGGTCACGCGAAAGGTTTACAATCAGGCGACAACCGCTAATCACCCGTGCAATGTGCTACCATTACTCTAGCCTCGAGCCTAAACTTGCACCCGTCATGAGCACTCCATTATACTTCGTCGTCTCTATAGCAAGATCAGCCCGGCGATGGTCGACGGAACAGCGGTATCTCTCCACGCACATGTAACGCGCTTACGAGGTTCATGGGCCCTGGGGGACGCAGCAGCCATCTATTAAAAACGAGCAACCGCTTTAATGATAATCTAGCGAACTTGTATTCGCGTTCCTCCCTAGGAGTTTCCTGTGAGAGTACCTAATGCTTTGTCGTTGACAGCTACGATTGGCTGCTTTATTCTTATTAGTATCCAGTCAGTCACGGCGACCCAAGGTACCTGAATCCTGGTCTATTGAATACAATCAGGAGTAGTTTAGATCGCGATGGCGAATCGGTTGATCGGACATAGACTTGCGTATTTACCCGATACGGAACAGGTTTTTGGGAGAGCTCCTTTCTATATGCATTAGCTTCCGTATCTTTCCCGGCGTTATCCTCTCCGATAGGTCT,1199,49.87,Saccharomyces cerevisiae
SEQ_757280,TGAGAGGGTACACTATACCACGCGGTAAGCAGCGCAAGTATGCGGCCAGATTGAATGGATAGTGGTGGCTGTTTAGTTCGGCCATACGGGCCTTGTACCGAGGTCTTAGTAATAGCCGGCCCCAGATGCCTCTCCTGCTCGTACGTAACCTTCACTGTAGCGGTGTCTGGATTGCGAGATTTGACCCTATTTCTCTCGGGCACAATTCGAAGAGCCACGTATGATTTGGCCATATGACTATCTCCAGCTGACCGTAGTAAGATGTTAATAAAGGTAGTCCCGTAGGAGGTACAACTTAACCCTCTAGACCAGCGATCACTTCATACAGTCAGTGTGGTGTCGAGTGCGCCAAAGTGTGGCTAGGCACCTCCTGTGACGTCGTCAAAAGCTACTATTTATTCCTAACCCTCATTTCGACGAGGACATCCTCCAATTTACTATCGTGACGGTTGAGGCCTTCCCCCACCAAGCTACTAACGCTCGTATGATACCTTGATCTCCCGACTTCCATAGCGTCGGAGAACCTTCCATCTGAGCCACCAAACAACTTAAGTAGCATACGCTTAAAGACCTGGAGTGAAACCTTGTACTCAGATGAGTGTTCACCACTGATAAGCTGTA,621,49.28,Arabidopsis thaliana
SEQ_477490,GAATATAGATTGTAACGTCGGATTTAAGGCGTTGCGACAAGGCGGACAAAGAGGGTCTCCGCCTACTGCACCATTCAGCATGTCGCTGAGATAACTAAATTGCCATAGTACTACAGTCTCGACCCACATGTTAATCGTTGTTCGAAGGACATCCACGACTGAGCCGTTTGATCAAACAAGATATACGGGCTGATAAGTGCTATCCTGATGCGCGAGGTCCATCTGCTGAGAGAGTCTGCGTTTCGCCTACGCAAAGCGATGAGTGACCCGCAGAGACGGTCTGTTTGAGCAAGTAATGTGGATTGTCGCGCTTTATGACCGTGGCCATTTACCTTTGCGACTCCTAATTAATCCTATGCTCTCGGGAGGCTGTATTGTGCAGCGAACGGGGACCGTAATCTTTCGCCTGACACGCATAAGTCTTCAGACTCGACTATTGACATCAGGTAATGTCCGCTGCATACGACCACTACTACGCTGTAGGTCGTTGGCGGTGGCCATGCGCACTGTAAACCACTCACAATTCTGCCTTCGAGCAGGGTGCGGTTGCGAGGAGGAACTGTTGAGTTACTAACCGAGTAGTAACTGTCCGTGTTATTACCTATTTAGCAGGGTGGGAGTCTTCAATTACGGTATTAGCGCGGATTTAGTCCAATCCTATAGCCATCCACTGTCAAGTCGGTGGGCCATACTGTCGGTGGTCGTCTGTGTGGCACCCGCGTATAGGAAGGCGACGTAACATTCAACCGTACGGGCTGCGGTCGCCCTCAACCATTACGTATGCGGATTCACTCACGGCACTTGCCTTGGATACCCTACTGTTAACGCACTTGTCTTGAGGCGACACATGCCCTAGACGAAGACGATCTTAACTAAACGCATCAAGCGTTCAGAATTCGGTCCTCTCACTTCCGCTCAGACAATATAAAACGAGCCCGAATAATGGGCGTACAACACATATCCGAGTCAAGTCAATTAATCCTGAATAAATAAGGAATCTGATGATTCTGTCATTTCAGATCCCAGTAGTGAAAGCCGGGCAAACACTGGTCGCAAGTCATGTCAATATCGTCACCTACCTTCGGTATTAGGATAGGATGAAGCATGACGTTGGTCGGTGGTAGTTTGGCCCCTTAGAAACGTAGAATTTGTGTGATAATATGCTTTATATTGGTTGTCTACTTTTGCTGTAGATGTAACCGCAGCAATGATAAGATATCAGCGGTCGTCTCCGAGTCAGAGCCTCCAGCCGCGGGAGGGGAATAGGCTTGAACCAATGCTACCATTGCTCCGGCGTCCCGCTACTGCAGCGTATTTCTGCAGCTGTGCGTTAGGAATAGCCGACACACTCTCATAGGTGCCTTAGATTGCGCATTATCGTTCCTCTGTCCCTAAGCTAGATGGTTGACGAAATCCAGTAAATAGTACGCCCCATGGTATCGCGTCCGGTTAAAGTGTGTACTATAATATCGATTTGTTTTTGATTCGTGTCAGACTAATCGAATCGCTCGGCGGGCCCTTACTCATTTTGATGCAGCTCTCCTGGGCACGCTAAAGTTATTCAAGTTGTCGTTAATCCAGTGCAACTCGGGACAACGCCTATCTAATGTACGTCGAC,1618,48.7,Mus musculus
SEQ_362831,TAATAGTCCGTATGTGTCCTGTAAACGAGTGACACTTCGTACGGTACGGTTGGAAGCGCACGACCCATGGAGTCAACAATGTACTAGCAAGAAACGTTCGGTGCGATCGCGGCTGCACTTGCCCTACTCAGCCAGTCTATCATTTACCAGGCGCAGGATCACTACGCTTCGTCACCGGATCATACAAATTCTCGGTGATGTTTGCTGGTGAGCATGCTATTTATTGGTTGTAGGGTCCTGAATCACAAGAAAAGTAGTGCGCTGAGGGTCCCGTATTTTTGCCGCATCTACTTACGCCGTCGCATCATCCTTAATTGTGCACTTCCTCGGCCATTAGATATAGGGGAGGACAGTGCGGTACCATATGCGACCGGCTGAGGCTTGCGATTTTGCAAGGATGTCTGTCCAACCCGTAAATGTGGAGGGTCTTCGTGTTAAGAGAGATGGCGCGACACAACCCACCAAGGATTTGCCGTTGTCAAGGGGCTAGGTCGACGCGACCGATAGCAGACCCCTTTGTGACCACTAGACTACTGCCATAGTTCACTAAACTCGCGCTAGCACCAAACTAAGAATTTTCGCGGTAAAGGATAGATCGTATAACGTCAAATCGGTATTAAAAAGGACACGCGGGTTTGTGCCACACACGGCCCGTGGCTTACCAGGAACACTCTGTCCTCCGGCAAATTCTCAGTATCTCCTGCCTCACACAGGAATGCTCCTTCTCCTCAATTTCTTCGCACATGCACATCTATAGAGAAGATCAGTCCTTCGGGTGTTGGCCTATGGATTGACGAGCCCCAACTTTTATTATTAGAGCTTTATTGAGTACTAGCCTGATTAGCGTAAGGTAGCGAGATTGCTGCAATACAAATTTTGATCAGGAATAACCCTCCTCAATCCTGAGCAAATCAGATACCGCCAAAGCAGGCAATCTCTAACGGAGCCTCATTAATGAGTACCTTGGCCGATCCGAATTAATTGTTTTTAGCGACCGTATCCCCAAGGATACCTCTTTTCGATTTCCCAAAGGAGCGCGGATATCTGATGGTGCCACACACGTCGTCATAAAAAAAAGTTACTAGACCAGTGTCGGTCCAAAGCCACGAGGTGCACTTATGTCCCAGTCATGTGAAGGTAACGACTTTTTCTATATTTTGCTGGCGACTCGTGCTAATCATGTGTTTCGGAAAAATTAGGCACGGGTTCATAAGTATCCTATTGGAGGTTACTGTGTTATCTGAAGCAAGCTTTATATGTAGGGGGATCACCATCCCCCGAGTTGAATGGATTGTTTGACACCTATGTGTACCCGCTCATGCCCGTTCCGAAGGACTACCATGTTAACTACGTTGAATACGTCAACTTAGTGTGCATCCCGCAGTGCTTTGAGTAGATAGGCGTCCGCCTAAACCGACAAATAGGGCTTTCTCACTGCGGCACAGGTTGCATAGGGGCT,1459,48.12,Drosophila melanogaster
SEQ_137135,CGTGACCATCGAACAACTCATTGGAAGGGTCTTTGAACCACATCCTATAGAGCGGATAGCCCAGGGTGACTCCCGCCAACCAGAGGCGCGTCTACCCCTGTGCCGGGGATGCCTATATGAAAGGACGGAGAGACAGATGTCCGTCTTGTACTATCGCAATCTCCGATTGGTAGTCTCTCCCGTCAGCCCCTATCGTAGACTTTGCTACGAGAACAGGATCTAATGCGCGTCGACGTAGCCATCTGGGTGCTATCCGACCCATCGTCGTCGTGGCGTAGCCTAACAGCATAGGTTTGGCATTCACTCCTAGCAGGGCGCTTACGCTAGTATGGATTGTGAAAGATCTTGCTGGCTTCCGGGCTAGCTGCAACGATTTTCTACCTTGGCTACTTAGATGGAGGCAAGGGAGGCTTGGCTATCGCAGATACATGGGTTTCAACGTGGCCTGGACTGAGTCAGGGGTTTTCCCTATAGACAGGAACCAACTAATGTTCCATATCTCCGGTGTAAAGTGCTGCCTTTAGCAAATGTTTCCTCTCAACTAGAGCCGGCTAGTCACCCGGAACAACGTGTAACGCTGCTTACTACGGACAAAACCGGCTCTTTATATGTAAATTACATTTTTGTGTACCGGCGTTTGTCAAATTGTGAACAAACCGTTATGTTGAGTTCTGTATGTGCCAGACCACACCTGGACAAGGAGTGGACCAGATACGGACCAATAAGCGCGCTTATGCATGTCTAAATGAATTTACGGCTCCCTGACCTGTTCGACGTAAGATACTCGCACCTGTTGCTGGTGGTGTCTGACTTCTGTCGTTCCTTACGCGGATTGA,836,50.48,Caenorhabditis elegans
SEQ_821866,CGTCGGTGCGGTTTTAAGTCTTTCATGAGGGCCTGTTGATCAGGAGTTTCCCCAGCCTGCGTAAGTATCAGATGTGGTTGTAAAAGAGCATTTAGGAAAGCGCTCCGAACCGAAGTGATCCACCTCTGGCACGCGCTCCCGTACATTGGAACACTGTTGTCTCAGCTGTATAGTTGAAATCTTTACCAGACTCGTTAGAGATGAGACGATTGGTTAATGGGGAGGTTGCTTAGAACTACAGAGAGCCAAGACAATAGGTGCGACGTCTATGCTGGAAACAGGACTGGTTCGGGATGTTGCGAGCACCCTTGTTCCTATTTTGATACAGTTTTCGCTCTGTGGTCGGATAGTCGGCGTAAACTTTAACTAAATGACCAACGCAACCTGCCCTGCCATAAATTACCTAAGACTAAGTGCGGTAGTCCTGGAAGTTTAGCGGTGACCCCTAGCAACCCTGCGCTTTTCAGCAGTAAAGTGTCGTAAGGCCGAACGGAATGGGTCTCGCAGTATGAAAAGTATTCCCCGAGATTAAAGTTAATAGGAGCGAACACCAAACCCTCATATGGGGGGGTGGAGTTGGTGATCACAATGACAGGTTTGCGGAGGCGCCAAGAGTCGGAAGGACCTCCGTAGGCATAAGTTTATCCATTTACCGGTTTAACGCTGTGTTCATAGTTAACCTTCCTCGCGGTGGATCGCATGGTTACTTGATAGCCCTGCTCGTAGGTTCTGCTTTTACTACGACCGGGCGCTCCAGAAGGCCGAGAGCCCTGGCCTCCTAGCCGCGAGATCCAGCTATCAGGGCGACTAGCTGGCAATGCTCAGACATTATTGAGTTGTCCGCGTAAC,849,50.18,Drosophila melanogaster
SEQ_369077,GCCACACTGCCTCAAAATGTTGGTCCTTGCCGTATCCCCTCTTCCCGCTGTTCAACGACCCCGCGCTACGTTTGACAGACGCGACCGGGTACCTAGACATTCGCCCTAAGAGACTCCTCCCCAGATCTGATTCCAGGGAACCACTCGATAAGGTCACTGCTCCTCATGGCCAATGGGTCAGCACGCATATAGAGTCCGCCGTGGAACCTGTACTCAAAAGTGCCGCTTGTCCAGCGGCTTGCCATTTGTTTACGCGTGGGGGATAGCTCGGATAGTGTGCAGGCGTTCGGGCCACAATATGGTCTTGCGGAATGAAAATCAAAGTGGTCCGACAAATGTGTCCGATACT,349,54.73,Escherichia coli
SEQ_596255,ATGTACTGAGTGCCCTTGGCTCCAACTTAGGCTCCACAAAGCAGCTTAGATGGTGGTGGTATACAACGTCGGATCTGATAGCTTCATGCGCCGTGATTGGCTATAACGGTCACTTCCATTCGTAGCGTCACTGGGGCCGCGACTGCCTCTAGCCGCCACAACTTTTAACGGCCGGCCTGACCAATCACAAGATCAGTTGGTCGTAGTTTAAAGGTCCGCCTCATAATGGTAAGAGCTGTGCGAAGCCCGAGTGACCGTCCTTGAAGCTTATTTAGTTCCGTCTTCAGACGCGGTTCTCAGTGTTTTACACGGAGGTGCTATTTTCAGTTGAGCGCTTTGCGACAAACGCGGCCAAGATTACGGAAATCTCACTTATTTTGTGTCCCTACGAACCTCGTTCATAGATCCGCAGCGGCCCCGCACCGGTAGTCCAGCCGTACGCATCGAGCACCTCCGGACTTCGGCAAAGTATCGGTCTATAGGTTTGTGCCGGCGCCCGGCTGGAAACAGCAGGCGCGTGGGAACCTTAATAGGTTTCGCTATGCTTAGAGGTGCGCCACAGATGGAACTACTACGTGAACTAAGCCTATGCAAGCAGAGTACGTAGCCGTATTCCAGCGCTCGGATTTGGGAGATTACATTCACTACCCTAGCCGGAGATTCTGTAATGGTGCTGTCAGTGGCCGTCCATAGGGTAGTTATAACGGACAATAACTCGAAAGCACAGCGCTCGATTGCTGCTTAACCTTGCTCACCTGGCCACACTACGGCCTTAGGATGACTACGCTACAAGCTTTTCGCCCCCGACCACGGTTCTTCTAAGAGACAGTATACGGAGAGTGCTTGTATCTGTTTCGTCTATTGCCTCAATACAGTCTGTGATCTCACTGCGCCATTCGCCACAGCCCATCAGTGGTCGCTGGGGGATTATCATGTCCCTAGTCGCTTGTAATAGCTCTGCCCCTCAATGAGTCCGCAGCTGCATTGACGTATCTAGTGTGTACGGATAATGAATGGTACGCTCGCGTCCACCTTCATATCTGTCAGTAATTCAACTCTTAGTGCCGTTCAGGGGTGCGGCCCTGCTAGCGATAAAGCAGCCGT,1104,52.17,Saccharomyces cerevisiae
SEQ_890445,AGGGTGATTGTACTGAGATGGATTGGTGGTAGGCTCACGCATTCATCTGTGCATCTGTACACTGACGTTAGCACCCTCCTTGACATCTGGACAATACTTTCAGAGGGTCGAAATTATTGTCTGAGACTGGAGCGGATCGGTGCTAAACTTGCCTGGCGGTGTGATGGAGCACTTATAATTCTGGCAGAGCGCTCTGCATGTGATTCTCCCATAAATGCCTCTACTCCCGAGCTTTCGACAGAATGCCCCCCCTTTGTGGGGCCGGGGCCCAAGGGTTTCGGTGCGAAAAGTTAAGGCTTTATGCAATCGCAAACAGGCAAAGGTTGCCCGAGTCCAGCTAACCGCTTAGGAAAAATCCGTGAGCTAAGATCGTACTATAGGCTCGATGAAGGTAACCCTACTGCCGGTTAGCAGCTTATACATCGGCGACGAATGGAGGGGGATTAGATCGCATAGGCTGCAAAGCCTTTTAAGTGGCCGAGCCCACGGCATCAATAGTGGGAAGACAGCGTAGGCCGAATAGAACGGGCAAGACTACGTGGGGAGCCAGCCGTCTTCGGATCCTGTTAGGACGAGTTGATACTCCGCAGAAGCGCTCCAACACCGGCTCATCTATAAGCTGTTCAACCCCCATGTTTCGTCCGAACAATTTAAGATTGAGCAAGTTAGTTACTTGCTTCCTATGTGCAGATTCGTGTCTTTTAGCTCGTTGAACGGACTGATGTGTTTAAAGAGAGACAGTGCCGATCCGTACTTGCAGAGCTTGGCACCCGTGTCCGTTTCATCCATCGGTCAAGCTAATACTTCGAAACCATTGTAAATGTGGATGTGAAATTACGTTTGGCAGCGACGGGGACTATGTATGGTCAGACTTACAGAAAGCTTCGCTACGGGACACATTTCTGGGGGAGTACGGAGACAGGACCATAAGCGATTAGTTCAATGATGACGGCGTTTCGGGTTTTCATATAGCGGCCAGAAAAGACTTCACAAGGAACCTGACGGAGTGCGGTTTACGACAGCCCGAGGCGAGTTAACCCCACCGATGCAGCCCACCTTCAGAAGACTGCTAGATAACCATGAGCGCGGCAAATACTGTTTCTCACAGTCATGAATTTGGAACTGCGGCAAGGCCGCGAAGGCTATGCTGTTCAAAGGTGATGAACGAATCGATACTTCACATAGATAGCTAACTGCAGCTCCCGCCCTGTACTGCATTGCTGCACCCGCACCTCGGATGGGAGGGGGTTTGAAAGGCATCGTCAGACACTCACCCTTGGCGATCGCAGACCGTCGTCTGAGGGCTGATGCTCATAAGGGATTCGTGTCTACTATCGTAGAGATGAACTTAAGCCCTTTCGGTTAGGCAGGACTCGTCAACCACGCCAGTTAGTCCTATGCTGGTGCAATATACATACTAGATAGCAGTCACGGGGAGTCCCCGCGGGCGAGGAACTTCTTATCTACAGTATAGATAATGGGCCAGCTGTCCGAGCTTCGTTCATCGTGATACTATCCCAGCGTTCTGCGGTTAGGACCCTAGCCGTCGTCGGTCGTCAACCGAATGGCACGTGCCCTCGACAAAGAGCACACATGTAAATGCGCAGCACAAAGAGGCCAACTGGGT,1627,51.32,Caenorhabditis elegans
SEQ_446735,ACCGTTCCCCGTGTAGTTTTCTTCGCTAACTGGTTATTTGTGCGCATTAACGTGCGACGCACGATCCTATGTAATTTAGAGGGTATACCCTTACTTTCAATAGGACAGCCCCCCTCTCCCCGTATGGTTCCCACTAGAACTCCCCCAGCACTC,153,50.33,Mus musculus
SEQ_930495,ATGTCGGCATTCCACAGGCGCGCACAACGTAGCTATGTGCCTTTAAAAGAGGAGCCTTTGACCGAGTTAGTTGCCGGGGTGGTTCCTATGTGCAAAATAACAATAGTATTGGACTGATTTGATGGATCACTCACCTCCAGTTCAGTTTCCAAGATTAGAGATTTGCCTCTAGTTTCAGGCAATCAGACCAGGAGGATAAAATTGAGAACGGCAGTATTGCAAGACGTGGGCCAGCTTGGTGGTTAATTTGTCCGACGTTTCTAGTGTCCAGACCAGTCATCCTAGCAACATCCATCCGTGTCCCATCGTTTGACTCTGACCACCCTTGAGCAGCGTGGGGTACACATACCTACGAAGGTTGGTCTGATCGTACATTATAATCGTTAATTGACTGGCGGTGTGAATGATGACGGTGCATGCCCCATTTCCTCAGGAGGAAACTAACGCGTCCATTGTTGACACTTGTTCACGGATGAGTCCTGCGATCATGGGGCTTGCTAGTAAAGAGATGCGCGATCAGCAGTGCTTTGAATCTTCCTTCCATGCCGAACGGCGATGCTTGGCTGATATTTGCCCTATTGAGCGCCTATGCGACTAACACATAACTCCTGCACTGGTCTGTGATCTGCTAGTTCGTGGGAGAAGAGCCCTTCGGTCCTCACTTGTCCCGGTGCTAGAGCATGCCTCCAGAGCAGGAACCATAGCAAGGATTATTCTCAGGTATGCCACAAGTGTATTGTCTGACAGGTCCTGTCCGCAAATATTCTAGGATTTTGCCAGTTACGGAGTTATCAGTCAGTCGTGGAGTGTCACTGGGCAACTTACGGTAACGGATTCGCTTTATTTGGTGACACTAGTCTTGCTATACACATCTTCGCCTTTGCCTATGTTCAACCAGTGAGTACCACAACGTGGGCTTTAATTCTAAACATTAAGGCAGCGTCCGGAGCAAGCACTCAGGCAGTTATTCTGAGGTGGTCTTATATTTCACGTCATGCTTATTTCTATCGTTTTCCTGTTGAATCTGTCTCTAGAACCAACACTCTCCGATTATGTTCCTCGGTCCCTTAATATTATTCGGGATTCATTCTCTCACGTTTAATACACGGGTTTCCATGAGTGAAATCCTCCGATCCTAGTCTCCCAGGTTATGGCCATGACCGTAGTGAATTATAGCTATACTCGTTGCTGTCGTTACTGGGTTGGACGAGGGTGCTCACCGACCGGTTAGGTTACAGTCTGGCGGGCCAGCCTTCGGCACAGTAGCCTGTCGGATAACTGAAACAACGAGCGTATGTGCGCGGAGCTCGTTATATTACTATAG,1324,48.04,Arabidopsis thaliana
SEQ_528940,AACTGGATGATGTCCCCAATCCTGTTAGCGGTAGCTACCCCCACCCCGCGCCCCTGAATAGAGTCTGTAGACACAAGGTTCATGTAGTCCGAATAGCACCCTGTATCCTTGGCCCACGCCCACACGAGGATTAGCACACGAATTCCTACAGGCTTGTCAGACTTCTGGATTTGCACAGCCATAGC,185,53.51,Caenorhabditis elegans
SEQ_687400,GATGCTGTTCCAAGCTCTCGGCGCTACCGGATCTCGTTCATGTCAGTTTGATCAAGCCAAACAGGGGGAAGTTGGCTTTGCTGTGTTGCCATAAACACATATTTTCATGGAACTTGCCATTTATCTCGCTCATCCGGATCGGAATCC,147,48.3,Escherichia coli
SEQ_234622,CATTTTCGGCACATTGGATCAACCCGACGGGACAACTATGGTGCAACGACGCGGCCGATCCGGGCAAGCCTCTTACTCCGCAGAGGCTCATCCACCAACGCTTTGACAGTTAGCAATACTTTATCCTTCGTGGATTGAGTCGACTGAGGGCGCTTATGGGGGTTCGTGCCACTCATCCCACCCGACATATCTGGTATTTTGCTAACCGCACATATGAAGCCGCTGGAAAGACCGCGCCGACTTGTAAGCATCCCCGCAGCGCCAGCCCTCCCTACCCAGATGCTAATTTAGCTTTTCGTCCCTTGAGGTCCTTGCGGTTTTACGAGCAGCTCTGGGAAGGGGACGCCGTGGTAAAGGAGACAGTACTATGTGCAGTTGGTACCGTGTCCTGCCCTCAACGAAATGCTGCACGTCTATTCAACCCCACCCCTCGTCGGCGGAGGGGCTGCCCGGCCCGACTTACAAGCGTTGAAATGAGGC,480,56.25,Mus musculus
SEQ_554723,TATTCTAGAACTATTTACCCGTTAAGCATTCCAATGATTTGTTTACCCTACTGCACCCCAGGCCTGGGGAAGCCTATCCTTACATTTTACGCGAAGTCTCTTTCCTATTTAAGAGCATAATAGACACTCACCATCCCTCATGCGAGACGCACCCCCAGTGGGTTGAGGGTTGAGTCTGTGGTGCGACTGGTTAACAGTAGCGTCTACCGTCTGCACCCCTTGCCTTAACCCAAGGGTTAACTATGGTCCATCGAGCAGCGCTGCGGATCATGCTAAATCGGTTGCTTGAATCTACGATGGGCGTGGAAGTTACGTCCCAGTGCAGCTTAGCAATGCTATGGGATGCGTACCGTAGAAATGCGAGCTAGCAGCTGCTTCACGTACGGCAAATATCTGGCTATGCGCTCGATTTAAACACAAAAAATGAGAATTGCACTGAGTCAGCCTGTACGCATAGATCCGGGGTAGGGGCATATCTGCCGAGGTTCCACGGTCTGACGCTCCGATCAGCTGCTAATCTGCTTCTGTGAATATGTTTCAGCATTAGTGCCCACACAGCTCCGCTGACCGTCCTTCTTCGCTCGCCACTAACACGCGTTGCAAACTCCGTATGTCAGCGTAAGGCACATTTGCTTCCAATACCGGGGTTATACTACAGGGTAAGATCGTTCTGCACGAGGGTAATCCGTACTTCAGCTCTCGCAGCACAGGGGATTACTTACTACTACCAGATGAGTGGCAAATCTTGTGATTACGAACTCGTGTTAGCTAAAAGTACTTCCTAGGCTTGGTGCAACGACAGGGAAGAGTTATAATCGCGCATGGAGTACTGTGCCGTTCCAATTCGTCGTCAAGATGGCTATTAGACCTGATTGGGTTCATGTCTGACGTGTGATCGTTCGTGGCAACTATACGTGCCAGGAGACTCCCAACAGTATAGCCCACGAAGTGGAACAAAGTCGCCTCACGCGCGTTTAGAATCGCGAGCCGTAAAGCAGGCCGTCG,1005,50.15,Mus musculus
SEQ_973064,CGTAAATTCCTTCAACTCATCCTAACCCAAGCAAGTCGGCCGCTCTCAGCATAACCCGACGGGAAGCGTTCGCGTGAGAAATGAAAGTGTGTTTCATGGTCTGATACACCGGAGTTAAGATTACCTTACCTCGGTGCCTAAATAACCAAATTTAGTACGTCAGTACGTTGTAGTGTGTGGACAGCGGTGGAATAACCGTTG,201,47.26,Mus musculus
SEQ_332834,GTCTATTGCGTAATTGGCCGTATGACCAGTTCCCCGTACGTTCGCCTGTGGGGCTGTGCATTATCCGAAACCCCCCTGACAGGCGTCGCACGCAGCAGCTATCCTAACAGTGTTATCGTACATCGCCAATTCTTGGGTGGCGAGAAAAGCTGCCCTAACGTCATCGAGCTTCTTACGATGATGCGCTCCGGAAAGGCGAGATGAAGGGACCTTCCTCACCTGATGCCTCCAGTAGGAATCGGATAGATCATACGTCAGTCTATACTTCACGGGTGCCCAGGGGAGCGAGACGGCAATTTGAGCTGTACCTCGGACCATTGTTTCATTGAGGAGCGAGAAGAGAACTGCGGAATACCGACAAGGCATTTGCAACGTGCTTCCGAAAATGTACTCGATACGCCGAAGACATCTTAATGTCGTAAATCGTAACGACTTTAACACGATAACTCCCATCATACAGCTGTCGCATGAAACCCGCGGTTGCGTATTGTCACGTGGTGCTTCAATCTCTCCTTCATGCGAGTTGTATAGAGTTTCGTGATTTGTCCTGTAATTGGCTTTCCTTGTCAACTACTTATCCTACCGTGATGCTCCTTGTTGCGCCTCGGCGAAGTGTGTAATTCGATACGCCACAACAGCGGTGTCCAAAGGTGCATCAAAGAAGTGCACAAAACAATGGGGAGGCAATACCCGAGGCTCCCAATATGTTAAATA,714,49.86,Mus musculus
SEQ_853745,TTCAGCCTAGTGATCGTGCGGTTGGATCCACGTGTATTTGATGACGAACCCCGGTGACATAAGTTTACTGATATCCACACGAGTGACAAGGTTCTTCAATTAATGCCAATCGGTCTTTTACCCGGTCGCCCGCGTTGTTGTTATAGGTGAAGCACCCAACAGATTGGTAGTGATACGAAGGTTTAAAATCGTGAGCCTTTCTCGTAAAATTCGGGTCGCAGGTTTTCTCTAAAGCGACGCGTGGGATCAGGCACGATCATGGGCCGGAGAATAAGTCGAACAACATTCCAAGTCAGACGTGTGCGAATTGCATAGGAATTTATTAATCATTGAGACGGCCATGGGGTATGCACACTAGGGCTCCGCTACTATGCGTCCCGCCAGAAGTGTGGTCAATCACAACGGAGAAACTTAAATTGATTGGCCTAATGCTATTCCAACAAAAACTCGCTCACCGGATCGGCCAGGAATGCTCATGCTGATTAGAAGAACGGAGAACCATCGTGGTAACCCTTATGACGCCACCAATTGATTGCTCTTGAAGTATATCCGTAGGCCTCTTACGTACCTCACCCCATACTACCATAGAGTAGTTTGATGTCATTGGATAGCAGGCCTTACCATCGCGACCCCCCGCCGGCCCGTTCAGAAAACACCCGGAATTAAGGCGTAGAGACCATGGTATTCAGTACGGCCAGTGATTGTAAGAGTGGGTTACACTTTGCTCCTTGCGAGTGAGATCTCAAAAGTGAAACGGCAGACGAATGAATTTAAAAGAGGCTCCCGATAGGGCCTTCACAGCCAGGTTGTTCTCGAACTAAAAACCCTGAAAGCGTGGTCAGGTCGAGGATTTCCAGCCCCAATGATCGTTGCATTCGGAATCGGTTCCAGTGAGATAGCCTTATAACACCGGTAGGAAAGAATCGGTGAGCCGCGGACAACAAGAACAAACACGAGCACTTCCCACTTGACGCCGTTTCGCCGGTAAGTGGTTCTACAGCGCTAAATTAAGGTGTATGACACAGTACCCTTTCTTCTGCGTCGAACAAGGTGTTGGCCCAATCTAATACACTCAATGTTGAAACGGACTGAGGTCGACCACGTACGTTGGGACATCATCAGTAGTCCATAGATGGCGCAACGGTAGAGTCATCATAACGCCAGAGATTACTGCGACTTACGACAACCCAAAGCTTGACATACTAGATTTTCGACATGTCTAACGCCGATGCTCGCTATGGTCTCATAGTCATTACCAAATTGTCTCAAGGTATGGAGGGGAAAGTACCAAACCAGGCTGGCTACCACAC,1310,48.32,Homo sapiens
SEQ_940531,GCTTGGTCATGGGACCGTAAACCTGTAACCCCCAAATGCTTAACCGAACTCTAGGTCATGTGAGGTGGGATTGGAGAGATGAGCGTGGGCACATCGCACAAACGTTTATTGTTCAAATGATAATCAGGCGGAGGGGAACCGCGCGAAGACCATATATATTTACGGTCAACGGGTTAATTTTATCTGGAGTTGATCGTATGCGATCGTTACTGTCTGGCGGTGTCGTCGCCAAAATGGGCGAACGCGTCTCGGTAAGTAATGTTCAAATTCAGGACCTCTCGTTAGCTCTGGAGACATCTCGTAAGAACTCCAGGATATGGTACTTCAGAAGCAATAGGCATGACCGTAATAAATGGAAGATGGCGTACCGAAATTATCGTCCCCAGAGGACGGATATGGACCTAGAATATATTGATACAGAATAGCCCGGCTCTTGCACGTCGTTCTTATGCGTACTGAATGGTGGGAGAGTCCATAGAGACAGACGTTTTACGCGCAAGGTTTGCCACCGAGGTTCGCTACTATACCATGAATACATGCTACAAACGGCATTGCTAGCAACTCACGCACGTAATTGTGGCCGACGCGAGTCTTCGACTTGCTACTCGGTCTAGTTAAAAGGAGGGTATGTGTTAACGCCAGTGTTCCATATGACTTTATCTAATATCGCGATTCACTGACACAGAGACAGCCCTCATTGTCCCGGGGCTGTCAGATAGGCACGTGCAATACCACGTTTTGGTTCCACTCAGCTGGCATGGACTCCAGCAACAGAGAGGGTGGCTCTCCCCTAATCCGTAGGCTCTCACAGCAACCTTAGAAAGACGGGCTTTAGGGGACCGATCTTCGCGGGCGGTGCGATTTTAGCTTCAATGACCGACGGCGAGTGACAGCGAGCGGGGTATGACGCCAGCCTAGGTAGTCGAAGTGAGCCTTCGTCAATGGGAGACACCTCCTCGACACTCCTTTCAACATAAGCACGCTCTCCGTTCTCAGATCGAAAACTCGTAATCGTAGGCTCTTCCGTGGCAAAAGACCATTACTTGCTATACAGGTGGCTCTCTACTTCGAGTCGGCTAAACAATTGAAAGAGTAATTAATATGGACGGGGCGTCGACACTCTCGCACCACATTAACCAGATAGCGTTTGGGTCTCTTCACGTGAAACATACATCAGATACTGATTCCATTGTATAGGAATTCGTTTGGTGCTTTGCGTACGACGCCCAGCCCGCACCCACGAACGCAGGTAAGAAGTCATATTTCCCTGCGATAAAGGTGTCATTTTATAAGGTTCATATTAGAGATACTATCAAGTGCAAAATGGTTAGCCATATCTATATAACGGGCTTGCTATCGAGCTTTGTTGGTCGACAGACTGCTCAAACGAATCATATATTAGCCGTGCCCGCGGTCTCACGAAACGGCGGAACGGTTAGCAGAAAGACACGGTAGGGACTGTGACTGCGTTGGTTTACACAAGTTTTGAGCGGGTCGGACATCTCCCCGCTGACGTGCTGATATCGTAACGTCATCGTCCTGAGCGGCTCCTGGGTGGAGGAGAACCGCGCTTTATGCAGCCTGTAAGACGGCGTGTTCCTGGGGGTATAGCACGTATTTAACAGTCCTGAGACCACCTTGTCCATACGTTTCCCTCAGGGATCCCCAATTCAGTGCGCGGTTTGCGACTGTATGACACCTAAGAAATATCCGCCTACGGGTACCCCAAGAGCGGTAGACCAGCTGTAAGAAGGAGCCGGCAATCTGTACATGGATCTTGCCCTTAAGCTGGATCTTTGCATAAAGCACAGCCACACACCCGGTACCTTTCGCAATACGACCATTAGTTGGTACTAGAGGTATTTATGAACAGGTGGGGCAAGGTCTCGTTCTCCTCC,1898,49.68,Arabidopsis thaliana
SEQ_565493,GAGGGGCGACGACTGTATGAGGTCTGTCGCCTGGGGCTTCCAGGAGGTTCGACGAAGGGATACAGGTTGACGCATAAGATGGGGAAAAAATAGGTCTAGGTAGAGGTCGCACCGGTATCATTCTGGCGTACATAGCTTATGCTGGCCTTTAAGCACGAAATACTGGGAGGATGCACAAAGTAATAATAGGGGGGACTTTCATCGTCAGAGCTTGTCATGGAGGGTTGGAAAGGCGACTAAATTCGTTCATACGCTGCCGGTGTGGCGTGTTCCCATTAGCAGAAAGCTTGAATCCGTGTGGTACGTGACCTTTCCTGCCAGTACACCCATAGACTACAGTGTTAAATAGCACTCTATGTCTACGTTAGGCGGCGTCTAACAGGGTTAAACGAGTGATACTACCACGTTCAGACTCAGACCACTCGCGTGATCCAGAACCGCTTTGACAAACGCCCCTGCGTACCGATAAATTGGCGCTCTTTCACTTGGTAGAGAACTAGTTACTCTTGACCTGTCGACTTGCTCAGCACGTGGAAGCGAATGAGAGTAATTGAGGAACGCTAATTGAAAGCGGGCCAGTAGTACCCTAGGCGGCGATACGTACGAGATACTCATACAACGGCCAAAACGAAGTATTTTGATCCAATTTTGCCCCCGCGTCTAGGGTTCCCCATAAACTGCCGCGTGACTTAGCCCCACCGAGAATCTTACCCGGATTCAAAGCACCTTGCGCGGTGCTCTGTCGCGTGACCAGAGTGCAAACGGAGGTTGACCACTCCCACTGGAGCAGGCACTTCTGTGCGAGGGAGGCAGAATGGACTAGTAGGCTTCTAATGAGAAACTGAACATTTCCACCATCGCAATACGCAGCCCGGCAAAGTCCTGAATTGCCACAATAGATCCCCCATATGCCGTACGAGATCGACCGTAGTCTGGAATTTATGCCTGTTCGCCGATGTGATCTGATAGTATAGCTGACCAGAATAATGTACACTAGTATATCTCTGGCCCCATCACTGGGGAAATATCTACTGTGCGCGCAAATCAGCGAGGCCCAGCGATGCGATGGTATATACCGTTAGGGGAGGTTTTTCACCACTAATTTCCATACAGTTGACTCTGTAACTCGCGAGGCCAGGCTTCGTACATTCTTCAGGAAACCATATGCTATGTCTCGGTAAGCGCATAACATTGGTGAGTTATTTCCCTCCACGCGTAAACAAGCTCTCCTCCACTAGTAATCTCAATGTTAAGAGTTAGTGGATGTGGTACTCGCCAGTCGGCTGATTCTCTACATTAAGGTGATATTCTCCCCAGGCCAATCCATTATCAAGGAAGAAAACCTGATGCAAATGTCGTCGGTGGCTACCGCACAAGCTGCAGCAAATCAAACGGGATACTCTTAGCCGCGTAACCTGTGGAGATATTGCGACTGAAGCCAGGTACCGTACGCTGTTGCTGTGCGGATGCTCTCCCTGAACACACGCATGGAAATGTTTAAAGCTACTGCGTC,1513,49.83,Arabidopsis thaliana
SEQ_735131,AAGAACTACCGTCATCAGGTCTAGCTCGCCTTAGATGCCAGCGACACTGCCAATGACATATCTGTCTCCCCTGGACTCAGTGGAAGTCCTGCCAAAATTTGGCCTTATGCCCTGCCCACGACGGCCAGAGCTGATAGTTGTACTCAGCCAGGCGCTTACAGGAAGGCCCCTTGACTTATGGAGTGCGTAACGCATCTACTAATAGACACGACTCAATCTGTACATAGGCGCTGTCACGACTGCTTACGCCCCACCTTCACGTCGACGTCTGCTGAAACAGTAACCCGCTTTGCTCAGCTACACAAACTCTTTTTGGGGATAAGATAAAACATCAAACGACGTGTAAAGATTCAGTTCGGTTTTTGGAAAGTCCACAATACAAGCAGCAATTGCACCCC,398,49.75,Saccharomyces cerevisiae
SEQ_428557,CCGGTATACTGGCGAGATCGCCTATAAGCTCAATTGCGGTAGCGGACGATTTGCTGCAGGTGACCAAAGCTGCTCACGTGCGATAAAAGTTACCGCGTAGAGAAAACCGCCGTAAGGGTTATCTGCACTAACCTCGGATCTGAGTATGGAGGGTCATCGAAAACAGAAACTTAAGAGCATGACTCCGGTTTAGGTGAATGCACGCGGCGGGGCGCACAAATACTAAAACAATTCAACGTGACGCATTGCACTGGGATTTTACGACTATAGCGGTCCTATTTTTAATCGCACCAAAGATCCTCAAGTCAAACCTAGAATCGAGAGATATGGGCAGTTTCGGCCCGATTGGCGAAAGTAAGTGGCCTGTGGACGTTAGCGTTACTGCACCCCCGCTTTGAGTACTGGTATGATATCCGTATCGAGTTGAGAGCGAGATACGAGCCAAGGTCGTCGGCGGGCCGAATAGAACCTTTCGAAACTTTTGAGTGTCATCTACTAACAAAATCCTGGTCACGAGTCATGCGCGGGCGAAAGATGCAACCCAGGTCTTGCGCA,555,49.91,Saccharomyces cerevisiae
SEQ_334194,GCTTAACGAAGATGGGTGGTGGCGATCATAGCGACCCAGACCCCATCTATCCTAACAACAGGCGCTACCATCTCAACAGTGCCGTCAGCGGAGGATGCTCCCTTCATCATTACCGCTGGAACGATCTCCACAGTAGTTAGATTATCGGCTGATTACTGAGCTCTTCTTCGGTCTCCAAGGATCGTGCCGCCTGATAACGGGTCTCCGAGCATGTCAGCGTTTCCCTGCCATCGAGTGATATAAAGCCCCCACGACCTAGTAGGTTGTGACCCTAGTGAATTGCCGGACATGCGGTCGACTCAAGGCCTGAGAACCAAGAGTAGAGCTTATAATTTTGAAACATATCCTGTTAAAATTAACGCTGGCCGATATGGACTTCAGTGGAAGACGCCCTATACTCACAGGAAAGTGAGTCTCCTTACTCTATTTTTTCACGACGTTAAACCAAACGAAGCTGGTTCCACGTGAGTTTCTAACACTGGGTAATAAGTGGGCTACTATTTGTCCGTATATTGACAACCTTCGAAACCGGTGCGCCATCGGGACTTGGACACCATCCCTCTGGTGTCGTACCATGAGGGCTTGATGTTTCCGTAGTACCGACGATACATTATCCAATTTTCGGGGTGCCCTACTCACCACGAGCCGACAAGCGTGCAATTCAGAACCTTGGTGCATTAATATTTAACTTGACTCCCTCCGAGCATGGGAGTTCCGTTGGAAGCCCGATTTATATCTAGACTGCGCTCATTAAAATCAGATTCA,765,48.76,Arabidopsis thaliana
SEQ_309557,ATTTTACTTCGGCGGCCCGTACCTGACGGTACGGGGACAATCGTCCACTAGAACTCCATGGCACTAGACGCGTGGGAGCATCGAGGGGGAAGGTGTACGCTGTCAAAAGTCTGGCTGCGCCTCGGTCCGCATAACCACACCTCCCCGACAGATGTGACAATGGCGGTTTACCTGTGTGGCTGAACGTTGTCTCGCGGGAATCTCAGCTATAAGGGAATAGCAATGGTAGGAGCGGAAACTAGAGCTAAACTACGGAAACCATGATAGAAAGTAAATTGTCTGCGTACGTCAACCCCCGGACACCAGCACATTCTAGGCCGAAAAAATAGCCGTCGCTTCTTAAGCCATAGGTTCGCATGTTATGTACGCTTCGCTGACACGATTAACAAGTAGAGATAAGAAATGAGTCGTAATGAGATCTTTTCAAATGTAGTTGGTGGATGCGGCCCTGCTAGAGCTGGTTGGGTTGTTGTCTCGGTGTTCGGCTGTTACGTGCCTCTGAAAAGCAATGGGCCTTTTGCGCGCTCAATGCTTGGGCCGAACCGGTTTGGTGGTGTAAAATATCGAAGGTAGTGGGATGTTAGTCTGTCTTTGGCCGCCTAGTCATAGTGTATATAGTAGCATAGAACTCCATCCGGCTTTGTAAAAACCCTAAAGAGCCGCTACAAGTTGGCATCGGTAGAGTGACTGCCTAAATCAGGTCAAAACGCGTTTCAACCTCTACATGTGACGGGCGCTCAGCGCTAGGCGTTGTACATCTAAGCTGGGCATGTCCTATATGTACAAAGTCCACACGAATCTGTTGCCCGTCTTAAAGGCGCCCTAGTGTTCTGTTCACAGTAATCGCGGCCGGTAGTCGTCTTCGCCACGCTCACGCTGTACGGGACTCAGGTGACAGAATCACGGACGTGGAAGGGCTTGTAAGAAGAAGGCAGGAGAAATAGCTTCAGTATGGCGCTGGGTTGGATGTGATTACAGTCCCCTTCCCAGGTTTCTCGGTCGAGTAAAGGAAGCTTTCTCGGTAGCTAATCCTTTGGTCACGTTCTGCGACGAAATGGACCCCGGGACCCCTTACCTAGTTCATACCCATATACCTGGCGGATTCTACTACTCAGTTCCCAGATGGACTTCTTGGGTCACTATTTCAGTCCTCGGAGGTGTGACAGACCAATGCTATATGTGGTGACTGCGCCTTTCCAGATTTGAAGGAGAACTACAATAAGGCTCAGAAAGGTTACTGATGATTAACGCCGAGAGTTGTCGCTACCGGAACAGAAACGAAGCCAACCGACCTTGCACATTCCAATAACGACATCAAACTCAAGCATTGAATGCCCGGTCACGTAGCCCAGACTCGGTTTGGCGAAGAGGTGGTTGCTCCGTGAGTCAAGCATCGAATGGATAAGTATATATGGTATACGGATGAACAATGACATTTCCCTCCGTCCTTGCTCACGACCTGCCTAGTACCGAGGTAATCCGTGAATCCTGAATTACTGATATGTGTTGAGCATCTCTCCCTATAGCAGGTGACCGGAGGGACTGC,1546,50.19,Caenorhabditis elegans
SEQ_100479,CGCTGCTCCTAATAGCTAAAGCAAAGTGTCAGGTCGAGTGGCACTCGGTGTAATCGTCGAGGAGACACGCCCCATTCTAACGTCATCTCCTATGATGAGGCTTCTAAATGGAGCCGACCCCACAAGGGCTAAATTAAGTCCCGCCCACGTGTACCTTTGAGGGTCCATACTGAACTCACCACAACAACGTCCTTGGAAAGCCAAAGGTAGGTCTCGGAGAACGTACGCACTCTTCGGTGCCTACGTGTTGTCGTCAGACATTAACGTAGCTCCTTTGCGTGTGACGGGAGACTGGAGACTATATTACCTTCTCCAGGCAATCACGATCGATAGTCTTTTCCCCCCTTGGTGGGCAACACTATCCGTCCAATGCGTCTCAAACAGACGTCAGGTCTCCCATCTGCTTGTCCCGACATCATATCGCGTCATGACACGTTACAGGTTGTATTTGATCTAAAGGCGCGATTCACTCCCTGGTGCGCTAGAACGCTTGCTAGCCCGGCATACCGCGCGATTGAGAATCTACATCGGCATGCACCATGTTGGTTTTAGGAAGCGTAGTAAGAGTTGTCCACGCTCAGTAGGGGGATTTAGATGACAACGCATACGCAATCCATACGTACGCCCCAACGGATTAGGCATTAAACCCTATTTTGATCAGCGACGGCGAGTTCATCGAAATAGATAATTGTGCTGTCTTCGCATAGTGCGGCGTAGGATGAAACCTTCGGTTTGAAATAACCCTCGTGCAACGATGCCATGAAATTCGAAGACGCGACGACCCCGTCATTTGCAATATGACATCGTATATTAATCCTCTTACACAATCACTTTGCCCGCCACCTGAGGGACGTACAATCTCTAAATAGTTCCGTGGTCTGAAACTGGATGGTGGGGTTGGAACCCCAGGTCAATGTGCGAGGGTGCGTGAGTATTGGCTTGTATAAGGTATCGTACACGAATCACGCGAGGAGGCCTAAAGGCGAGCCCCTTACACGCCGCCTCTTAGTGTATATGGTTGGAGAATTTGGTGAAGCATGATCCACGCAGCGTACACCGGATTCTACAGGATTGTACGGTACAAATATTTCGCAGAATTTGTCCAAGTGGAGTTGACAAATCCCGCCCTAGTTCGTGCAGTCGCAGTAGCTATGTGTAGCAGAGGTTCACCCGAGACTCCAAACTCAACCCCGGCGGTCATCACGTATAGAGCCTAGACGACGTCAGTGTACTGTAG,1237,50.28,Caenorhabditis elegans
SEQ_806777,TACCTGAATAACCGCCTAATGCCTGTAGTACCCGAGCCCAAGGTAGAAGGCCAAAATCTAATTACGTGAGGGAACCGTCCAGGGATAGTAGGTCTCTTAGATGAATGGCAACTGTAAATCCCACGAGGGCCTGATACTAGAGTGAGCGGCCTCTTGAGTTCTGGCGATGAGTAACTTTAGTAAAGAGACAGTCAGGCCTTTTTTACGTGAACCCCCAATATTGGCGGAATAGGACCGCGGACACTCAGCCCTTGATCAGGGTGGACTTTCAATGGCTCAACGCCTGAGGCTTCGCGGTCTAGCCGGCTCCGTTGACATAACCATATGCGCGACATTTCTAAAATGTGAGGGGCTTAACCAGCCAATAGTTCTCCGTTGTCTCTAATTTAGCCGACCCCCCTGCGGCACGGACCAACCTGTGTACACCTGTTATTATCCGTACTGGGGTCCAAGGTCGATACCGATGCTTAGGGTAGTAATTTATGCCTATTTGCGTGACCAATGCTTTTTGTGGTCGGAATGAGTATCTACCTAGGGTTACTTCAAATCAATCGGTGAATTGCAATAGGCCTTCAGGGACACTGGACTTACAATTTGCGCGGAAGCATAGGCATATTTGCGCAGTGTCTTAATCCGTCAAGCTCCCCCGACGAATGCCGATAGATGAGGTCGTGTAGGTGCGCTATGTATGAGGGAGAACTTATCAGGTGATAACAGCAATGATAGCGTATCTAAGGGACCCTACTCGCCTGTAAATCAGTATGGACGCAATCACTGCTGTATCATTGGCCACGCTGAACGGTTCTACCTCTCTTCTTTCATGGGTTTGTCAAGAATTGCACTCCACCCGCGTGGCACTATATGAGCCCAGCATTGTTTTTACGTTTTCAGCAACACTCAGCTATCTGCTGATGTGCCTGTAGAGCATTTGCGTCACGTTTGGCATGAATGACAGACATATAGTACCGAGATCAGGAAACTGCGTGCAGCCGTTCGCTCGTGGCATGCGGTTGCCAAGACCTTGGGATGGAAAAAGCGGTCTGACATTGGCATGAACGGTGCCACGAATAAAAGTTATGTCATCACAGACGTGTATAAACACTACGAGGCAAACCATCTATAGCTGGTCAGAACCAATGGAAGGTCGCCCCCCCTGTTTACTGCGCAGTTGA,1172,49.06,Caenorhabditis elegans
SEQ_597464,TTCCAGCTTTTAGAGGCAAGATGGGTACATTGCTCTCTTCGGGTTACTGTCCCGATATTCTCGTTGTAGTGGATTTGTCCCGTTTCCATAGCCCCGACGTGATCTAAGACGTACCACTAGAGAGGCCTCTCTAAACGCAGAATTCGTAGAATAGTGTCGGCTACCTTGAGGCTACTCTCGGGGTGGCGGGACGTTGTGCTCGGCAAGATACCCGCACCAGTCCATCGGTCTCGAGGGC,238,53.36,Escherichia coli
SEQ_513692,TCCAGATCCTCACAATATATTCTGAGGATGTATCAAGTACGTGAGAAGGTTTCGCATGGATTGCATTGAATGGATTATTGTCGATAATAGTTGCTGCCAACGCTTTAACTGCGGATCGCTACATCTGCGCTAGCAGGGTTTCAATAGGGTCACTTAATGTTTGAAAAAGTATGTCAGGTTTAACCTCACCTAGATACCCCCCCACAGGTGGCTCAGAAGCAATGTGCCCAATAGCACTGCAAGATTACAGGGCAGCAAGTTGTACTTATCCATTACTCACGCGCTCTAGCGGGGCCCTATGAGGGAAAACGATGGTATGATAGGCACAATCGTACAAATGAATTTTGCCCGTAAACAGGTGCGATGAGGAACAGCTATAGCACTGGCGCAATCAGATTAGTGGGGCGGATGCACTCGGTACATGCGTGGATTATACTCTCAAGGTCAAGCTCCAAGGATGCCTAGTGCCAAAGCGGAAGTCTTAGGTAAGTGTTGCATGCAAGTTAGAATGCGGTTTCACGCCGCAGCATCATGGACAGCGCTTCTATCTGATGCTTTCCCCCGATTGGCCAAAACTACATGAACGGGCGTTTCTACACATTGCCCGCCCACGGTATCTAGCTTGACAGGTAGCATCCCGAAACAAGGTCAACCCACTAGTTAAAGAAGTTTCTATGATAACAATCCATGTCCAGGGACTAGGAGAGCCCACCATTGTGGGGTGCACCCAGAACGTGTGGTTGAAACCCTAGCCTCCCTCTTTCTACTCCCACTACTTATTAATTATGCAATCCCCCCCGTAGACACGCAAAATGATTCTAAAAATCCCTGTGCATAATTATTCATTGCCCAATAGCATTACGCAAAGGGTGAACAGAGGATGAGAATTTAAGAGGCTCGCAAAATCCCTTCCTAGTGTGAGAGAGAATTCCAACGAGAAGAACCCCGTACATCGCCCTTCGCAAAACAAAGTCGACGGGTCAAGGTTCTATGCTGTTCAGCCTTCTGTGGCTAATTCTGAGTATGTAGCCTGAGGAGCTATTAGCTGGGCGGTCCAAGGAAATATGACGAC,1072,47.29,Drosophila melanogaster
SEQ_846882,ATTACCATAAGTGTACTTGGTGGAAGCAATCTTTGTTGATTAAGCCAGGTCTGGCCGGACAGTATCCGTCAGTACCGCGACTGCTGAGCGGAGACACGTGGCCCCAGGCAGGGATGCTCTTCCGTGCTCTCTGCGGACGCGTGTTCGATAATTATAAAACATGCGGGTTGTAGGTAAATGCGTTGAGCTAGCTCCTCAAGAATGCTGACATCGTATTTCGTCGGTATGGCTCTAACATGACCATCATACAGTGGTACGTGACTGTGTAACCAACCTGGGCCAAAAATACAGCACAACGTGAAGT,304,49.67,Arabidopsis thaliana
SEQ_971269,AGCTAACTTCTAGTTCGGACCGAGGGTTTAGCTAGACGCCCTCTAGGTAAGGTATGTCTGTTGCCTTCGACTTTTAAATCAAGCTTCATTTTGACCGGAGTGTACCTTCGCTTCAAATGTGAGTCTTTTGTGCGACTATAATCCAGCCTCAGATGTCGCATATATCTTAAACTCGAATGACTTCGAGACCTGCGTCTTACGTGGGGGTCAATCCCGAGACCAGGAGCGGTACGACACAGCACCGGACACCATCATCCCAGAGTCACGCGCCTAATGTGCCGGAACGTTAATGAGAGAAATCGTTGCGGCCCCTAACGCGGGCCAAGTTTCACAACTTAAGCCTTTCTGCTTCCCCGTAAGCGCTAGAATTAGGCGAGATTTACGCCATCCTTATCCCTGATTACCACGTGCGTCAAATCAGTAGGTGCCCCTGCAACGTTTCGTGGCATATTCGAGACCTACGCTTCTGCGATGTGATTCACATATGCCATGCACTTGATTAGTCTACCATCTGCTAGTGGATTGTCCCGGTGTAAGTCCCGTATTGCTATTTATGGTGCGTGCGAATTCAGCCGTAATAACCGGGGTGCACCTGCCTGCGGCGCATTTGACCTCCCAACACTTCCGCACGTGGCAGGAGCGCGAAAGTATGGTAAAACTGGATAAAGCCTTCACATGTCCAAACGCCAACAGTTTGGCAGATCAAGCACACGATGGTGTATACCGTCAGCATTAGGAGCAGGCGCTGGGCTGGCTTCATGATAAACCGTTTGGAGCAACTATACCGCTTCTACTTCCGTACAGATTCTAGAAATCCTAACGCGTGCGCAGCCCCGAATGTCCAATTTGGGAGTAAGCGTGGAATGGACGAGAAGAAACGATTGTGGTGCACGTATGGGCCATACCCGGGCGCTGGAGTTCACTCCCGACACGGAGCGGAGATGCGGTTATCTGTACAATACCGGCGCACATAAATATTTGGTCAAACCCCCCCACCATTAGGTCGCCCTAAAGATATAAGGAATCTCCAACCAGTACTATGGTAACGTGCTGACTGTCAATGTCTGTAAAACTGGAAAAGAAATAAGTATTCAATGCGACCCTTGCTCGAAGCCGTGTTCTCCAGGAGGACACAGGTACTCTCCACAGTAGACAGTAGATCCGGCCGAGCTCCGTCTTCGGACGTATGGCGCAAGCTCTTCACCTACTAGTGTGAGGCAATAAGAGTATCCGCTAAGTGTCCGATATATTGAAGCCGTTATGGACGTGTTCAATGAGCCATATTGAATCAGAAATAGTTGTTGGCACCGCTATATGGGTTTTCCAAAGTGAAGCTGGACATTAGCATACTTCTAATGGAGGAGCACTGATCACAGTGAAACACGATTGACTGCAACCTGACCATCCCGTTCTGGACACGGCCGTTTAATTATACTGCTCGTAAGGCCGCGGATCCCGAAATGATCAATGATGGTCAAGCACCATGAACAATTTGCTGGCGCCTTATTAGGGGAATGCATTCCGATGGGTTGTAGACGTGAATCATAGGCTCAACTACTAC,1561,49.39,Escherichia coli
SEQ_683105,TAATACGCTCATTTCAGGACCTCAAAGGAACTGTAAGGGCGTCTTAGTGTGACCCATGAGCGAGTGACGCATGACGTTGTAACCGTTTAGTCAAGCCTTCCACCCGTAAATCCCGATTCGTTCACGGCTTCTGGCAGTAGGAGCAATAGGGAACCGTGATTTGACAAACTAGTGATTAGGATTCGAGGATTCATACATTGCATTCCAAGGTCGGCAGGCGTTCAATTATACCAGTGGCGTCTGATCTAACGGCGCGTTCCAAGCTCGTTGCTGCCATTCGTCAGTCTGGGGCAAGCTAGATCCGATATACAATCCCCAGCCGCGGTACGGTCGTGAATTGACCACATCAGCCGCACGTCCCTTGTTTAGGGGATGTTGAGCTATAGTGGTGATACACTGGGATAACACTTTGCTTGCGTTGTGAACACCGTCCTGAAGCCACGCAAGTTAGTACGAGAAAACGTCCGACCAAATCTCGATGGTGCTTCTGGAGGGGATGAGCGTCCATATGCAGTAAATTCACAGGAATACTAGGCATATAGATGCCATATTTGCACCTTCTTCTTACCTGGCCGCGTATCATTTACGATACTATATGGACAATTTAGGGTGTGCGCTCTATCCTTTTCCCAACTACTAGCGCTTAAACGATTCGGTAATGTAGGTCAATAAATTACCATGAGGGTGTCACTGTGTGTACACTAGTAGTTCCTAGTAATTCTAGCGCCACCTGGACTGGACAGTCATGCTAATACGTAGATGATGAGCGTATGCCGCCATACCAGCGCGAATAAACGGTCTCGAGAGCCAGTCTTTTCTCAGCCAAGCGCAAGTCGATCGATGTATCCCCACGTTTACCGGTGGACTACCATAGCGAAAGGAGATCATGATAGTTATCGCGCGGAGACGGTCGGCACATGTTATAGCCAATGACATTACTTACACGTCCTACTTCGGGCGGATTCTACTGGACTGGCGTAAGATAAAACAATTGACCCACTAACCCATTCCCGGGCAGCGCAGATATGGCTACCCCCCTCCAGAAAGTCGAAGGCGAGCTTAAACTTGGCGTAGCTTAGCGGCATTCAGGGAGAGATCTCCACTCTAATCAGAAAAGCTAGCAAGCCTGCCAGAACACTGATATACGCCTTTCCGGAACTGTCTGCCGACATACGCCGCCAAAGATCATGTGTTGCCCTTCAGGGCGGTCTGTAATGTGTGGGCCGATAGCTCTCCTTAAGACTGGATGAGTTTAGGAAGGATTAGTGTCATACTAAACATAGCGATCCCAAACGAATAGATGCGCGAGTTCCGATCTCGCGGGTACATGATTCATGACGCCTGTCGTCTGACCCGTGTGTAAGTCGTTTCTCTCGCCGTAACTGGTCCTACCCAGCCGCGTGCGTCCCGGGACCACTGTTTCCCACCCAGTCTGGGTTAAAGAGTGGGTTTGGATTATGTTAACCGCAACGGATACACCGTAAGTGTTACCGGAAACGCGATGGATCATTTAGATACCTTTTGGGAAGGACTGTTTAGCACGGGGTGCAATCCTATGATACACCGGGGGGCGACACGGCTCCACCGGTAGGAACATAAGCGTTGTTCTCATCTCCAAAGGTCACCACAGTTCCTTAATCTGGTCGAAGGGGGCGATACGGTCGTATTCATGAAGATGGCTTATATGAAGCCACCAGATTTAATTTCCAATAAGTAGAGGGCGCGATTGCTTTTGAATCTTTAAGGCCCATCATGACCTCGCGCCCCGCTCTCGAGGCAAATCGTGTTACA,1791,49.69,Drosophila melanogaster
SEQ_170536,ATGAGATGTTCCGAGCTAATGCAGCAGAGCGATACGGAACAACCCTTCTTTTACCAAGTATAGTCGACTTATGTGTGCCGACGAAAAGAGTGTCTGGGTCTACAAAAACGCGATATCGAATAGGCCCTATTACAGATGATGTTGTCATCGTTACGGGAGTCATCCAAATGGATAGTGTCCCTATGGTGCGCCTATCGCTGACCTTCTAGGTCTTTGCGGTTGAGAAGCATGTTAGATTCGGGTTCCCGAGTATCGGGACGGTACTTGTTTTAAGCAATACCGGGGTAAATAAATGACACCCCGTGTATGCGTCAAACGAAGTATATCGAGGTAAAAGCAGGTCTTATAATACTATGCGGTCTATCTAGACCTCCTGGCGTATTGCACTCAAATATTCAAGCCGGCTGACGCGATAGGCACATTATCCGCAGCTGGATATCTAAGTGAGTAGTGGGTCTTCAATGATGCACATATTGCTGCTGATTGTCGCCCTCTTGCACAGGTGCAAATTGATGTTTTCCCGTTTAGGGCGATTGTTAGTCATGGTGTCAAGAATAGCAGCTGCGGAAACTATCTAAATGCGGAGCCTACTCTTGTTCGGACACCGCGTGGCCGTCGTTGCGTCGCACATTTGCGACCCGTCACACCATTCCTGACAGCGCAAAGCACTGGACAACGATCTTCTAACTAGTGTTTGTCCGACTTGTGAAAGGCAATGCACTGAGCCAACTAGCGGTCTGCCAATCGTACGTTCCCAGAGAATAGGCCCATTTAACCTAATAAGGAGTGTGAACAGTTGACTTTATTTATGTCCCAGACGAGAGAGAGAGAGCATTCGTGGACGTTATTAATGTGGCCAGAAAGGATCCCTGACCAGGCGGGCAAGTAGAAGACTGGGTAGACGATCTCTAAACATAGCGTAGTGGAAGGGCTGCGTGTAGCCCACTCACTCTTGTATATTACGTCGCGTTTCGGACCCAGTGGGGCAAGATGGGTTGTGTACACCCCGGCGGATAACCAAGCGTATCTT,1030,48.35,Drosophila melanogaster
SEQ_981256,CAAATTATTGCATGCGGGACGGCCCGCCCGGGAGGGGACTCACCAGGTCTCGAGGCGAATTACCCACTACTTCCGGAGCACTTACGCCCTTTATTTGGCAACAGCTCCAAACTGGCAGCTCCACTGAGAAGCGACAAGCGACGGACGTAGGGGTATTAGCGTTAATCACCCTGGTAATTCAAGCGAGTTTCGCCTGACGTCTGGCAGAAGGTGGACCTGCGTGCTAAGGCTAGTCGCATTGATTGTCAAGGGTGCTTCCTGTCCTAAAACAGTGAGTGGCGAGTAAAGCTAACTATTTGTAGTCCCTTTGAATTATAATCGCACATCCAGACGCGAATATGATCGGCACTAATGAAGCTCCACCGCGTTCCCGATGCCCTTTAAGGACGACAGCCGGGAAAGTCAGAGCCCCTCGACACATGCCGAGTGTGCATGTGTATGGCCTGTAGGGAGTGGCTAGGGATTAGCAAGCGGAAGATAACATACGGTCCCCGTCCGCGCGCCCAACGTGTTTGTGTAAGCCTTTGACGCGCAGATACCTACTGGAGCGGACCCCTGCGTTTAGGCCTTGTACAGGGACTAACCGCGCATACTAAGACACGAAGGCTCCAGATCGTAGGTGAAAAGAGTGGTACCACTGCAATCAGTTGAGATGTGGCCGGCGTAAGCTACCTGCACCCAGGCTGACGGTCGTGTTAAGATTATAGGTGCTATTGCGTTGATGCTATTCTGGTGTTTAATCAGAGTTCGGTACCCTGCAGGACCTAACGACCGCTCTTTCGCGGACATAGTCCCGAACGGCTACACGAGCTTATGAGGGCTGGGGACCCTATAGTAGTAAACAATGTTTCCGGAAAAGCAACGCATTGCTTATTCAACACAGGCCCCGCATTTACAAACGTGTCTCGGGGGCGTTTCGCCATTTTATTACGACAGTAGGGCATCCCTCACGTGTATGATGCACTGTCCGCTCTCCTGCTAGTCGCAGAAAGAATTTTTTGAGCGGCGGCTTTAATGTGTGTTCTCTGCAATGCGTGTACAATGATTAACGCGTAGCGCCGATATTGATGTATCTCGATTGACCGTGTAGCGAAACCGTTATGATATACATACTGCCCGGCGAGAGCAAACAAGTGTCTCGTCGCGCCTTCATTGTTCCACCCCCATTACTAACATGCAGCGGGGCATGCCTCCCGTCAGGTTATAGGCCCCCAGCTCACACTTGAAACTCTCAGATACAGCTTTACTGGCATCGAGTCTACGATAGGAAGAATTCCAAATTATCTTGAGCTGCTGCACAGACGATAGCATGCGTACGTGTAGCTATGGTTGGTTCGGCCCAGGTGTGTTCTACAGTCTATTTGCTGCAAACCATAGCATTCTACATGAAGTCATAAGGGAATTTCAACCTCTGCAGTTCGGTGCAGAGGAGTGGCTATGCCTGCGTCCCCCCAGGTGATCGTCCTTGTGTTCGGTGGTAGCGAGCCGAAACTCAGGATGAAATCCCCTTAGCTGCTCGAACGGAGATCTCCCACCGCTACGTGCTTAGTATGGGAATGAGGGAAAGACAGTATTTGATTCAGCCCACAGGATCTTAACCTAAGAGCTACGATAGGTATCTGCTGGCGCCGCCGAATTTGGAGCAACGAACTTAGTAAAAATGGGGATACGCTCTTATAGGGACTTTAAGCTCACAGAGCGACCTCGAGCCGCCATTAAGTGGCTCGGCCCAACAACACTCGGAGGCGAGAAGTAGTGAGCCGGCTTTGATCGTCTCCGTTACACTCGAAAGACAACCCCCTCTCGGGCGCGTGGTTGCACGGAAAGTGAAGTCTCGTCGACGCGCACACGCAGGTACGCAGAACAGCCCTCAGCTTGTGGCAGCCTACATTCGGAATTAGTACACGAAACAGCATACTCGTCGATAGCCTCCCACAGCGTCGATTGTCACCATACGGATCCAGGTGGCACTTCGCGTTGAGAGGTTGATGTAA,1994,52.11,Drosophila melanogaster
SEQ_234848,CTACTCACTCACTGACGTTTTACCTATTCGAGGTAGGCCTTATATTTCACACAGGTATATAACTCCCCAAAGGGTACCCGAACGCCACCCAACCTATTTAGATTGCCGCGATCGGAAAACTTAAGGGTGCGTTCCATTCGGCAGTAGGGTGTCTACCTCCGATTGTACTGTCCCCTTTTCAGGATCTGCTCGCTGTGTATAGGCTAGGCTACCAGGTCCCCCGGGTGCCAGATGCGGAAGCCATAGCGATCTGGGATGACTGCCCTAGATTTTACTGACAGT,282,51.06,Caenorhabditis elegans
SEQ_424343,TTCTCGCGCCCTAGAATAACCGCAGCAGTGGAAAATGTAACGTCCCCCTACTTGGACAGGGATTTTCCCGTCTAGTTGATTCGCGATTTGGGATGTGTTCGAATCATCCTATTAGGGCAACATAAACATTAGCCCAGTTTGTACATCTCGTCGCCTAAGGCGGCTTCGCGCTCGGATCACTCGCATATTGTGTACGAAAGATTCAGCCTACCATTATCTCGAATTCTACTGCGTCTGGGGACCTCGGTAGGACCGCAGTAGCACGGTTCCAGTGCTATGAGGTTGAGTTTTCTCTTTGGCTCTTGGTAGCCCATAACCAATTAGGCGCGCGTTATGTAAGAGCTGATCGGGGTGGGACGATACCACGCTTGATTGACGACATTGCAGCAACGACTGTCCCAAGAAGATTCCATCGGATAAGCTATCCGAACGCGTTGTTTGCCACCCGTTGTGAGTTATCGTTTTTGTCTTACCCTAAGAAACCAAGCAAGTGACCTGAAGGGGGATTGGTGCCGGAATAACACTAGAGAGCCTATGTGGTGGACATTGACATTCGGCTTAAGCTTGTACGTGTAATGCATGAGACGGGCAAGCGCTTACTACCAGAGGCTTTTCTCTCGGCTTATGTGAAACCGCCCCCGCAACAGTTGTATTCCTCAGGAGGGCTGATGGCGTCCTAAGCTTGTCAGACTGCGCCCAGGCCCCTGGCCACGAACAAGTTGTCCACACACAAAGATGACTGACTGTTGTCCCAACAGCCAGAACGACCCCATAATCTGCGTGAACCCGACTCGAAAAACGCAGGGAGTCAGAGGCTGATTTATAATGTCGATAAATGTCATGCAGTTCTCAGACACTTCAGCGACTTAGGGTTCGCGATTGAGGCTTGCCACTTGAAATTAAACATAGGCGAGATGATAGAGGCTTACAGCCTGCCTTCGGACCTAGCGTAAGGTGCCGAAGGCAAACCAGTAGGCACCGGTCAAGGCAGACCCCCTTCGCTAGCCCAACCCATCATCCGGCCAAACACCCGCAATCGCGAATAGACTTCGGCGAGAGCGCTGGCGGCGTTTTGTGAACCTGAACGAATATAGATGTACCACCCGCAAAGAGGTGAGATAGCTTTAGTAACATCATGTATCTCACCAGGCGTGACAGTTAGTGAAGAAGTGTTAATTAACGACGCACGTCAAGTCACGCCGGAAGCGGTAAACTGTGCTGCTCGATTCGCTTTACACTGCTAATCTCATAATCGTTAAGGCTATGTATAGTTTGTAAAGCACCCGTGGCACGCGTACTCATCCGTCGCCAGGACTAGTAATACAAGGACTGGAAGACCTCCCAAGCATACCACCTAGGAATCTTCTAGTAAAAAGGTATACGCAGTATGTCGATGAGCCTGATAAAATACCTATGCTACTATTACCGGCAGGTTTTGGTTCCCACTCTATGTTTGATTCCAAATCCCTTTACCGTCCGGCCCCCGCGGCTGGCGGGTAGGTAGAGCCTAAGAGAAGTTTCGTGTGGACCACAGATGTATCAACTTTTTATTCGATAACTTCATATACGGTTAATATCTGACACAGATAGAATTGGATGGAGTAGTCAGTGTAATCGCGGTCAGGTTACTCGGTGCTAGGTCCGGTCCTAAGCTGCAAAGTGAGGTCTTTTGCCTTAAACTTATAGAAGATTCAAGCATGAAGTCCGCGCATCTTCATCGTGAGTCCCTAATAT,1734,49.19,Homo sapiens
SEQ_628946,CGACGGGTCTAGTCTCACTGCGTCGTCCTGTGAAAGTCAGGCTGCGGGTCTTTAAGTATACCGGGTCTCCGCGCGTTCTCGGAGAACCTGACTGTCGTAGGTAGAAACATTCTTCCTGGTCATCGCATCTTATTTACTAGAGACGTGCAATTCTACTGGATCTCCTAAGATGAGACAACACTGGAGCTCGAGTGGTATCCGCGTCTTGACAGAGACCAGCTACGCTTGCAATCCAACTAGAGCAATGATCACCTGTACACCGATGCTGGCCAAATGCGCGATTTGTACCTCAAGAGAAATTTAACACGGGTGTTGGGAGCTGCGTGAATTAATTTATTGTAACCCACTCCCAAGTTGCCCGGTTCCATGGTGGCTGCGGTTTCCATGGCAGTTTGCACCAGTCTGGGTTTTAAGGCGATTCAAGCTCGCGCGCGGTACAAGCTGGTCTGTAGTGTAAACATGCGGACATTGCCTTAGCCCCGCATCCTGGCTGGAAACCCCAGCCCTGTCAGTGCTCTCAGGACTATTACTTGCAAAGTTTGGCAAGTCGACGGTATGAATTTGTCTTCACCGATATCACATGTCGTGAAAAGTAGATACGGATCGACTGGGGCGCAACAAGGACGAATTACGTGGACAAACGACTAGTAGTGCAGTTACAATGCACTAGGCCACTTTCTACATTGATAGCCGGTAGCAGCGTGCTCTATAACCCGCCCGTCTGAGTACGAAAATACTGTATACCTCACATCACATCGAACCCGCGTGACGGCAGAGAAAGTGGCCTGAGGCACTCCGCATTGATCAGATCGTTTAAGGCAATCATGCCGCCCGGATTCTCGCACGTGGGCCCCGGATGACCGCGCTAAATTCACATCGAGGGTGAAGGCGAAAGTCGGTTATAATGTCGATGACATAGTTTATCCCATCCCCGACGGTAGGCCAAGGTCATCTTGAGCTGAGGCCGTTAAAGTCCGAACGCATGAGTCCCCGGCGCTAGGGAGCAGAGTCTCCAAGAAGTCTAGCCCATCGAAGCATAAGAATTTCTAAATACGCGCGTTAGTGATGTATGGCCCGTGGTGGAACCGAATCTAACGGCGTGCAGTCAATTCCAGTGGTCCTGAACATCCCCCCAACGGTTAAGTGCATTCGTCCGTCGTTGAAATTGTAACCATTGGATCACCTCGCATTGCTCAACTTCATCATTAACGTTAGCTTTTATGCTTGATTTGCTTCTCTAGCTGACGCTCTGGTTGGCTCGCCCTCCCCATGACCAAGGCCCACAGAACGTCGGTCCTCGCATAGTCCGTTGCGGGACCGAAAGGAAGCTTGCTTGCGTTCACCTGTATTACGGTCTACCGGTCGGTACATTGTATGGGCTTGATGGATACTCACACGTTGGCTCCCGCGTGTCCTCGTACACACCGGGCTTACGAGCGCTGATCAAACAACAGCCTGCTTACAAAGGCGCACCCTCCCCTCGGGTCACGAATCTCGATCGATACGAGAACTTTCACACACCTGTAACAGTAACACAGCATTCTAATTATTTCCAATGATTGGCTTTGTGCCTCTCAGCGCATGAAATCAGCGACTTTGCCGTGGGTACTCACCAGACGGGCTCACGCTCACCAAACCCGGGCGTTCACGGAAAAGGTTCCCCTGTATCCCAGTAGGGGAAAAAACCCGGGAGTCGAGGTAATAGGGTCTGAATAAACGGAGGTAGCTACGTCCTACCTAGCTGTCGTAGTAGAAGCACTCGGCCCACACCTTACCATGCACCCGAGTGAGATCCGCACACATATCACGCTCTATCGTAAACTAACTATTAAGACTGAACGAACTTCACAGACATTTTTTCCTCCACGACCATGTACCTGAGTGCGGATCGAACAGCAGGATGAGTTCCTCATCGTCTGACGGCATGTGCGAGATGAGTCGGAAGAATGCTCTTAGAA,1958,51.38,Saccharomyces cerevisiae
SEQ_143572,TGGGTCGCGTCCACAGTCGTACTAGTACCTGGCCCAGACGCTCCTAAAAGGATCGGGCTTCAGCCCGACCTAGAAGCTACGTAGCATGAGGATCTTCGATTCTCAAGACCATACGTTAAATACGCGAAGTATCCCGGGGCATTCCGCGCTCGTTTTTCGACCGGTCGGATAGTCGGCCCCAATACGAGAAGGCATGTGAACCCAAGACCCTCCCAAGGCCACAGACATTGGAATCTCCCCAT,242,54.96,Homo sapiens
SEQ_753132,AGGAGCCTTCTCCATATTAATTTCCCCCATCTGGCACAACTACGGCACGGTTCGGGTACGAAGTGGCATTGGGTGAATCCCATCCTTAGGAATTTAAGCATGTGTGCAGGCCCTTGTACATTCAGAGCACATTCGGCAATAGAGGAAGCGGATTACTTAGCCACCCCTAGTGGTCCGGCACACCACTTTGCTACCAGTGGTGAAGGTAAATACTGCGTGCCTTATCCCCGCATGAGCGTGCGTACCTGCGACGGCGCACGGTTAGCACAGCGGGTTAGGCCCACCCATAATTCACTAATGTAACCATCTTCATTATAAATGGTTGACATTTTTCTAGTTGCTATGGCTGGTGAAGTTTTGGCGGGGTAGTTCTATATGAGACCGTGGGGCCACTTGCTATTGCCCGTTCGAGGACTCCCGGGCGATGTTCCGGCCCGCGGGGAGCCATCTAAGTCGGTCTCTTGTAATTGTGGGAGGGCACCAACGGCATCCACGCAGATGCTATGCCATACAGGGTATGCGTCCCAGCCGGCTCCCACACACGGCGTAATATCTACTATAGACTAATTACTCTAGTACCATGGCATTCTCTCTACGTTCCCCCACAAGCCTACGTTAAATCGTTGAAAACAGACGTCCGTTCGCTCTCGTCGCTTTCCTCCTCATTGACGACGAATCCACGAATTTACGTAAGGGTAAATTCGAGAGAAGCTATCCACTAGTA,724,51.24,Drosophila melanogaster
SEQ_807933,CGTTCCTCCATGGGCTGAAATTCTGCGGTGCCAACGCGGTGAATAAATTCGTGGTACACGATATCGCACGTTCTATTTATCGTACAATATTCCCAGTTAAGATCGTGCCAATCTGAGATTCAAATAGTACGTAGCGAACAGCCTACGGGTTTGGACCTTGTTTCAGCAGATGATGAACTCCAGAGGGTGGAGCCCGACTGTAGCGTGGATTCCTTTCTATGTTTTGGACAACCGAGAGCCTTTGATGGGTGTGGAAGAATTCGCACACTCCCCCTTCCCGGACTTTTTACCCGTAACGTAACAACGTCAAAATTGTGTGCGACTTCTCTTAGAGCCAAGGTGCGTAGTCGCTGTCTCGAGCGGAAGTAAAACCCCCACAATCACCTGCGTCATTCAGGATGAGCTAACAACTTCGCAGCTAATACAAAGATTAACTATCCGGTGCGCGGAGGCGTGTGGCCAAGATCTGCTCTCTTCGCCGAGCGAGTTGCCTATGGGACTGTATCCGCTGACGCTACATGGCGAGTAACGATAACCTAATACGCACCGAACCAGCCTCTGTACTGCCGCTATTCCATTTGTTGGGCGGTGCAGCTTCGGCCCCCAGCCTGAGATTCCAACGCGTGAATATCGGTCAACGATGAGGACGGTATTGGTGGCGCTTTATACCCATTGCAACGCCGCAGTAGACTCACCCTGTCTGCGCTCATTGAAGCATTTTCGGGTATTATTTATCTTGGTTAGAGCTTAGCACAAGTCGCGAGGCGAACGAGTGCCTACCTAGCGGGCCTGGCTGCACGTCGCACCAAGTTATTAAGATCAACGGTTGGATTGCTGGGATGTACGATACTGCGCCAGGAGTGAGCACGGTATATTGCCTCCTATTGGCATTGGGCGTAACCGGGGTGCTCATTCATAAGCCAACTCCATTCCCGTATATCCAGCCGAGACGCTGTGCGTTTTGCCCGTCTGGCCGAAGGTTGTGAACAAGCTATCAGACCATTAAAGTACGCATTCGTTCTGTTGTTCCTCGTTCACGGGTTGGTTGCTACTCGTCTTAGATCCCTGAATTTTACAGCCTAGGAGGGACCCGAGAGTTCCCCCTGTACCATGTCCGCGAGACTTCCTGGTCAGTGTGGCTGGGTTTGCGCATCAGCACTTTCTGGGAACCTTTCGCGCTGGCGCACGCCGGATGCCTCTGTTCTCCGAAATAGAGAGAGGTGTAGGTTTGCCGCTCTAAAGGCGGGCCACTGTTTGCAGGCTGGCTACAGCCTGCTCGAATGCAACCTGGTATCTTTACTACAGGCAGGGATAAGTGGCCAGTCCCTCAGTGGCACTAATGTTATCTCGGTCACGGCCCGGCGTATTACGAGAGGAGTCTATGACCTCACTCAAAGGCCTCGTAGGTCCCCTTGATTCTCCGACAGAGAATAACAGGTGAATATATCGCGTCCTAAGTGCCCGCGAGCTGACTAATGTCTAGTATTGCGGTGGACTATACGGTTGGAGCACACGTCAGTCATTTTGTGTAGCGCCATACACGCTTGCTGGCAAGGTGTACGGGACGTCAGTTTATAACCAACTCTATCTTCAATTACTTCTACTGGCTACCAGTGATTCTAAGAACGATTAGTCACCG,1639,51.62,Saccharomyces cerevisiae
SEQ_859604,CCCGCCGGCGCCCAACTCGGTCCGGGTGATGCCGGTCGTATCATAGGTAGCAAAGCTAATACCACGCGTAATACAGTCCTACGAAGTTTAGAGCACCCTAGTTTAGCATGGTTTGTGCATCTTCGATCGCTATAACATACACGAAGGACAGCAACACAGTATATCCGTTTAAGCAAAGAGGAAAGCTGGATCCGCCGAGAGCGCGCAATCTCGAAAAATCATCTCACCTATGATCACGATACTATCGAGAAAGACCCACGGCGCGAAGGGTCCCCTACCGCACTTCCTGACTACTCTCCGGACCCCAGTTGAAAATATAGGTCGGACGCTCGATATCTTCGATTTTACTCACCTGCGTGTACCTGTGTAGCACCCACACAACGACGCGATCGTAGAGCGATTTCACTACATACAAGGCTACAAAACTTCAGTCCGGAACCTCCAGAGGAACATTGATGTGTTTCAGTATGAGTCCCCCTTTCGCTTGGTGTGGCAAAAGCGGCTAAGATTGGCCGACTGAGCACTGACGGCAAGAGGCCCCACGACATGTACTTCTAACCCACTATCACTACACGCACACGGTGAGAGACGTCGAATGGCGCTTCAGCTGGAAATGATCGGGATAGCTTGCTATCTGATTTTCCAATTCCCACCCCGCGGTAGGCTCGTTTGATAATGGTCGCACCTGTCATAAAGATCGTTCGCCGAATTCAAGCCGATGTCTGCTAGGATTCACCTGCGATAGCTATGAATCGACTTTATCTAGGGAAGGGTCTGCAGGAGATTGCCGATATAGGTATCAGACCTCTGGTTTACGCATGCAAAGAAAAAGGTAAAGAGACTTCG,846,50.12,Escherichia coli
SEQ_917757,ACCTACCACTAATTTATTCGATTTGTAGTTGGTTGATCTAGTGGCCGTGACAGGATTCCGGTGACGAACCTCGTCGGCCCTTGTCTTTTGGATTACCACGCACAACCTCGCGTTAATAACCAATCAGATTTAGGTAGAAGGACTTATTCGTGGCTGACCAAGGAGCACTAATCTGTGGGCAGTCTTCATTGGCCTTGTCAGTTTTAGTTCTCCAGGAACGTTTCCTCCACACCCAATTAAGTACCATATTCTCGTGAACACTTAGATCAGTTTCCCCGACTTCCGATTGGCATTCGAGGAAACTGCCAATGGGGACGTGCGCAGTATACGATAAAAGAGCGCGATC,346,47.11,Mus musculus
SEQ_112418,TTCCGGCTCTGAGGCCCAAGCGTGTTTTACCGCACGCCATACTCCAACGGCCACGCACCACTCTAGCGTAGTCGGACTGTGGACGATGAGGGAGAGCCAGGGTGCAAGTAGAGATCAGCCCCCCCTATTAGCCAGTAAATAGTTAACCCTCGACCTGCTTATATCGATCCAGTGCGGAAGTTTGCATAATGTTGGATTCCTTAATGAGACGCTAAGTGGTTTGTACCCTGTGTAGCACT,239,52.3,Mus musculus
SEQ_849422,GTGGGTACAACGCTGCTCCAGGACTCGACACTTCATCGCCTTACAAATACAACGATTTACAGGTACTTGATGTAGAAGGCCTAAACGAGCAGGCGTATGAGAAGTAGTGATGGTGCGTCCGGTGACGTTGTTTTCAACGTTGCTAACCAAAAGCGACAGACGCTTTGCTCCTATGCTGTAAACAAAAAACAAGAGAAGAACCAAGCGATGTCAGGAACGACTTAGGAGAAGCATACACACTCGTTGATCTGACATTAGTCCATATTTCCAAGAGCGTCTGAAGCAAATACGGCAACGCGAAGCCTATAATACAGTAAATAGGATTGGACAATGTTCGAACAGGTCTGGGGAGCTTACGATCCATGGCGGCTCAGGTCGTTGCATTGGGCGTGGGAGTGGTGGCCTATGGACCTGATATGGAGCGTCAAGTGTGTTACCCTACGAGAGTTTTCGTGTTCACTCGCGGTGGTAAAAAGGGACGGTCCTGAGGCCCTTCCTCTCGTGAGTATAATCATTGTCGTGTTCTCGGTGGAACGTAGTATGAGGTCAGGTAATTTCCGGAAAAACTGCACACATCCCAGCTGTATGACACTCGCCACGATTACTAGCTCGCAGCCTTAGAACCAAAGATGCGACGACTAGTAATCTGACAATGCCTGTAATGTTGGACTAAATTAGAATCTGATAACGTTAGGCTTGATCAATAGAAGTACTAGGACAACTAATGACTTGTCCGGATATTTCAGCTACCGTGGTAGGTGATGTAGGGGATTGCATGTTGCAAGTTAGCAAGAGCAAGGGGGAGTTGCCAAACACAATCAGAAGTCGGCCTTCGCGGACTGGGTGAGACTTGTTTGCTAGTCAGAATACCGTATTAACCGACGCCGGTTCACTGTTGTTAAGGGCGCCGGCTGTTAAGATACCCGACTCTAAGAATTTCTGGTGTAACTCTTGTATGCGTCAACAACGTCGTAATAGTACGAAACAGGAGCAGCGCGTTACAGGAATAGGCACACTTTTATAGAGTTACATAGATTGTTCTTGGCGTTCGGACCATAAGCACGAAAAAGGGCACCACAGTTCGTTCTGTATTGTTGCGGCAGGGACCCCCTGGAACCATGAAAACTTCAGCTAGCCACAAGGAAGGCCATCGACTCCGGTTAAAGACTGGAGAACCCTCACGCTTAGCGCTGCCTCGGGTGACGTGTTAAGCTTAAAGCAATCGGAATACTGAAATACGTGGTCGCACAGTAATGAAAAAGGTCATAGGTGATACGAATGAATAAGGATTCCTTGGCCCCTTTCGAAGTTCCGAATTCTTACAGACCATGCTGAGGAAACCCCACAGGGGAGACACACAGTAGCTGATCTTGTTCGACATTGATTGTCGCCTCACTTAGTAACGGCATTCAGCAAGCAAAAAGCCGCATCATTTTGCGATAAGCTAACTCAGGTAGCCAATCGGGCCTTCTTGATAGTGCTGGCTTAATTCGACTCAAGAATACGAGCGATGTCACTATCGCCTGCACCGTTTGGCCTACGCAGGATCGACCTGCTTACGTGAGGATCGCC,1572,47.9,Caenorhabditis elegans
SEQ_982101,TGGTTGAAGGTGTTGGGTGATATGAAAATTGGTAAAACCCTGAAAACTATCTCATTAAGTAATCCGAGGCCGTTGGAATCATCTTCATGTTAGACTTGAAGGGGGCAGAAGTCCCAGCCTGGTTGAAATCTAATTATCGTTGCTGGTCAACAGTTTCCATCGCACAGTGACAATTTTATTGAGACTATCTTGTTGGTGAGTACAGACCGTGTGCTCTGGCGTGAAGCGGGTGTGACAATCATACTTTTAGACACAGCCCCCACATCTGCGCCCTATCTAGATGGAAATCGGACCGGATCAAACTCATCCCCCTCACCAGGGATTACCGTGCAAGATGACTTATAAACTCTAGCCCGTTCACAACCAGGCCCCACGCTTCCGTGACCATTGAATAATTACCGACCTGGGCTCATCACCCTGCGTTAAGCTCAGATTGCACAAACTGTAGATTGGGAGTAATGGTCTAGTCTCGATAAGGAATAAAAATCTAGTCCGTAGGGTAAGAGCCTACAGTTTTATATTGGCGCTATAACCATTCGAATGCTAGGACTGACTGAAATCGGCCTGCCATTCCCACCAATACTCCCAAGACACAGATCGAAGAGCTCATCTCTGCGGCATGCTTACCGACTGGCCGACGCCCTAGAAGTATATTCTCGGATGTCATACACGATAGCGCCCCCAGACTAAAATATAGTGTCACGGATTTAGTAGACTAAGACCTTGCCGCTTGGTGCAGGGAGCACACACAAAGTCTTTCGTCTCTTTGGCGGCGCTAATATTGTTTTAGATGCCCGGGTTCGGCTTGTCCCGCCTAGCACCTCGCAGTCCCGCTGGTTTTGCGGCCCGTGTTGGAGCGCTTTTGGAGGGTTGGCTCCGTCTTAATTTCTACAATCTAACCCGAGGGTTCCAACAGTGGCGGGAGTCGTGGCAGAGAATAGGAGAGCTATACCGTACCTCCTACTCCCAGTGATCGATATATCCTAGCATGCCACTTTCCGTGTATAGGGATTAGCTAACCAAACGTAGTGTCCCGAAGGTAGATATTTGGCGCCAAAAGGTGACAATTCCTACATTCCAGTCATTTGGAGCTCCTCCCTAACTGGGGCGTATAATGAGCATCGGGGTCCGAAAAGTCGGATACTCCTGAGAGAAGTATTGATTTGGCAATCCGTTGTTCTTTTCACGGCCAAACGCTTTTTAATCATGCTGTAATCTAATTCTAGAAGTCCGGTCGAATCTACTTTGTAGTATGCGTTACGTGCCGCGGCATAAAATGACTCATCCCCTTGGAAACCGGACAGGGTTGCACCTCATAGCACAGTTATAAGCAAATCTAACCACACATGACCATGTATAAATTGGTCTCCCACATGCGTATCGCGCTTCCACCCTAAGCATGTCACTTCGGCCGGAGTCATGCAGTAACTTGTTCAACTCAGGCCAGATACGTTCACCGACTCCGTATGCTCTAAGCATCATTCTGCGCGTGGCACAAACCTTTTTGGCTCGAGCTGGCTGCCATCCGGCTAACGAAAGTAAGATAACAGCTTGCGCTGTCATTAACGTTTCGGCCTTCTTCATGCCTGTTTAGCCGTTAAAACTGCACAACCGCCCAGGTCTCCCAAAGTCCATCAAGTTACTGTTAGCCCCCATGGGGCCACAGTCAGTCTCAAGAGATAGTGGCGTGAGATCGTCTGACCGCTTAGTCTGATGACCTGGAGCACGAGCCTTGAAGTGAGCTGATTCCTAGCACTGATCTATCACATTATCAATACAAGGAAGGTAGCGCGGAACCAGTGGTCTCTTCTGGTTTTGCGGACCTTAGAGCTTTAAAAGCTGCATCGTGGATCCACATCTACCCCAAGCCTGCCCAGTATGCGTACGC,1888,48.83,Mus musculus
SEQ_799579,ATGATTACCTGACCATGACCCTTTAGACGCGCAACTTCGGTACCCGCCGCGTGTCCCATCTGCCCGATTACACTTGGTGCTCGTTCCTGAGTCTCGGGCGCCAT,104,57.69,Escherichia coli
SEQ_501760,AAATCGCTATAGCATACGTGACAGCTACAAAATACCTCGTAATAATGGTAGTGCATATAAAGGTGCACGGTCGATAGGCGCGGCTTATAGCGGTGCTCCCATTTGTTGTTGGGTTTACGAAATTGGCACGTAGTAACCACTTTTGAGGAGCGTCACGCCATAAGCTTGTCCCTTGGCCAGCCGCAACATTCAGGACTTTGGAAGGTCGCAGACCCAGTCACGACCGGAACTGGGCCTTTTGTGGGACGCGCTTATGTCTTCCCCCGTAGAAGCACTCAAACAAGGGATGAATACTATGTCCTGAGACCGGCTACACTAATATAGGGAGCGATGGTAAAAGCGACCGGTTTTCTAGGCATGGTTTCAACACAATCTAAGATCATTTTCATTTTGATCGCCTGCGACTAATCTCATAATTTATTGGATCAGTATCGGAAAGAACGGCCGACCACTACATATTAACGACTTCACCCCCGCAGGACAGCGGTTGACTTAAAACAGCTCCCAAGCAGCCATCCGCGCGATCCCGCCTTTAAGGGACCCTTATACAAAAGCAGCGTATAACCGAATTGCACCGGTTAATGTGGGCTTTAATTCGATAATCAGAAACCTTACTGCAACCTTCCCGAGTGAATATGTAATAATCTCAGTGCACATATTAAAACAGCAAGTATTCCATTGACAATCCGAGATCCAGCCATTCGCCGGGATGTTCTTCGAGTACCTGCAGATCTAGCGGTATCCGGAGTCCGTGGCTCGGGTCACGACAATATGAAACCAGTAAACGAACGGGATTTTTCAGGCATCTATCTCCACGTTCCTC,823,47.51,Caenorhabditis elegans
SEQ_115131,TCTAGGTCTATGGCGAATCGATCGAATGCGCGATACTACATAACCATTAGTATTGGCCTTCAAAAATACTAAAGCCAGAACTAATAATACAAGGGCGACTGTACTAGAGGGTGGACTTGCATGCTATTATGTCACTTAAGCACACCCATGAATCGTTGACTCGAATCCATCGATATTGGCTTCCCGTATCAGCTAAGGGGCTTACGTTGCGGGAAAGCCTAACTGGGCATATCGGAGATCTCCAAGCATCAGTAGAAGACACCACGGATGACGTATCCCCATCATCGGTTAACTTTCGTGTGAATAGACTGAATCCGGGCTCAACCTTGAGTGTTCGAGTAACAGCTGGAGGCCATGCAGAAAGTTCGATTTTGACGAGGAATTCTGCATGTCCAGCATAAGAGGTTTAGAAGGGACCGACTCACGAGCGTGGGCCGGGGCGCGGAATCTTCCAAGCACATACAGAGTTCATATGTCTGTTACCCCACCTGGATCAGGGGTTCGATATAATTGATGCCACCGAGCTCC,528,48.11,Saccharomyces cerevisiae
SEQ_571241,ATCTTGCGACATTTCTCAGCGCTCACTCATGACGTAGATCATGAGCGCCGTGCTGAAATCTTGACCCGCCCATTTGCCGCCCCTCAGGAGTATGGTGGGGCGTCGTGTGCTTCTGACACAGGTGTAACGCCGATATTGGGTAAACGCTCGTTTACTCTATGATACAGCACCGAGAGTCACCACAATTGTTATCCGGGACGTTCAAACGAATCGTATCGTACTAACTAAGATGTCTGCGGTCGGACTATGTAGCAAAAATGAGGGATTTGTTCTATCCGGGAAAATTCTGTAACACGTCATCTCCCCCTAAGCCGGCGTAAATCAATTTGGGCCGTCGGGCACTGCCCCGACGACCCGTCTGCTGAGATCCACAGGTATAGGCTTCAGGACTGTGGAAATCCTTTTAACGATGAATCGCCCTGCAGCGACAGAATTCTCCGCTGACCGAACTAGTTGTACGTCGAGTGACTGGAAACTTCATCAGGGAGGTTAACTATGTTTCACTACTTGATAGGGACAAGACAGGGTTTTGCGTCTGTGAATAGCCTTCGGGTACCTTAGCTATCAACCATGAGCGCGTCGACGGTGCCATTTAGGAATTATATAGCAGTGCACGTAAGATTAACCATCTGGATGACCGCACAATATTCAGTTTTCCGAGGCACCGTTGTTTGATAAAGGAATTCTTTAACAGAGAGCTAGTGCCTGTCCTTCTAATAGTTTGGGTAAGAAGGTACAATCTATAAACCACAGTACGGCTGCAGTTAACGCTTCCCAGACCATTTTCACTGCCTGTGGCGACTACGCTGCCAGCGGATTCCAATCTCTTATTCGTCACGGGGCATTACTCAGACTAGACAGCGGATCCTACGGGTTAACGGTCTGGACCATCTGATCCGATCAGTTTGCACAACTTACGATACTGTTGGGAGGTCGTTCCTTATACCTATAACAGGTAGAGGTATCATACCGCTGGTAACTGCACCCTCCGGAGAGGGATTATAGAGGAACATAAAGGACAGGAACTTGAAGGCGCCTATACTTTTATGTTCCCTATCGCTGCGCATGTGTCCGAAGTGAGTTTGGAAACATATGCTGTCCGAGAGGGTCCCACGTTCAACCGTTGGCATCGACATTAGTACTGTTTTCCAACCCACGAAATAAGAACGTTACTGGGGGGTGGCATCATGGTTAAGGCGTGATTTTGAGACATCCCCTCCAAATTTGGATTACCGTAAGGATACAAGAAACGCACTAGTCCGCGTCACGGTGGAGGTGAGGTCAGGTCGAGGCCCGAAAACACTGTACGCGTTTTTTCTGGTGGTTACAACCCTCAAGGAGGGATATGCTGCGTGGAAAACTCTTCCCAAAGCTTAACTGTGCTATAGCCCACCGCCCGAGGGCATGTGTCGGAGCGTTACCGTTGTCTTATAGCGTCTAACCTACCCTGGCGAAAAAGCGGCTTAGCGGAACTGGAACAGTCGAGCGTGACTTTAACGTTTCCGAACCCTCAGTGAAAAATGCGAACCATTTAATTGCACGGCAGAAAGCACCCAGTTACAGTGTCCCGGAGTCCGTTAAAAGCTACAGATGCCCCAAGTTCAGGTTGCAAGAGCTGAGTGTAGCACATTCCCTCGTCAGAGGGCGGTACCGACATGGACTACCCAAGGGATGGTGAATACCTCGGTTTTAAGCCCAAAGTATCTTCCCGGCTACCGCCCCACCATGTTGCCAAATGTTGCTTTGAGGGGAACGGAGGGCGTCATCATATACACATGCCGCCGGTCAATGCCCCTTTTTCTTGTAGTTGATGTTACGTATCGTTCCTCGGGTCGACCGGGGCGACCCGTAGTCGACTACAAGGTTGTAAACGTTACGGGCATTATGACCTCCG,1894,49.89,Caenorhabditis elegans
SEQ_326657,CTTTCAGGTCGAATGTTATGTCTGACGTGGTTTATGGGAATTGGTGGGCTGCGCTCAGAAATAGAGTGTGACCTATGGGCTCCGAGTGCGAATCCCCGTGAGCGACGCGGGTTGAGCTACCACAGGGGTACAGCATACGCCTAATACCTATAGCCTCAATCGCGGGACTTAGTCACCCGACTTCCCCAACCAAGAGTTAGGTACTGCACGTAGTTGTTACCTGGATGTGTTAGAATACACATTGCGTATAGAGTACGGCCGCATGACTCATAGGAATGCCTCAGCAGGTATATGTATTGCGCTAATGTCCGCGTCGTGGGGTCAAATGCTTAGCGGTTTAACTCCTGCGGGAGGCTTCCGTCCACATCATGTTCGTAGTTCAGCGATGAGAGAACGATGTGAACGTGTGCGCCACAGTCTGGGCGAGGCTGAGATTCCTTCGATGAGCCGAAGGACATAAGGTATACAGGAAGCAACCTCTCTTCACGAACGGCCCTAGACCCTTCCTGAAGCTAGGGTCATGTAATGTTACTCTGGGCCTTCTCCCCTAAACAGTAATTTGGCCCGAAGTAGCTGTCCACTATTATGCTAACATCCCAGAGGGGCGACCAGAGTCGGAGTATCTTGGAATGCGGTGGGCCGCTGAAATACCATTAACTAACGGTGCAGACTACGCAAGGGGCCAATTCCCGGTGATGCGCACCAGCATATAAGAGGACCCGGATGATAAATCTCCCAAATCAGAAGTAGGCCCACGTAGTAGGACCTCCGGCCGTAACATTTCGCATGCGGGGGAGGCAGCAGAACCAGTTTTAGTAATCAATTGATAAGTACGACGATGAGTCAATAGTGTGCGATCTACATGGTTCACCGTGGGGCGCGAAGGCATTACTCTGACTGCTGCCTCTATTGGCATGTTACCTAAGCGTCGGAAGCCTATATCCTCCCAGGAGAACAGGAAACCGTTATCCCAGGGTCCCAGTGATGTTACTGACGAGATTACCTGACGTATACCCCTTGCAGATTATGTAAAGGGTCTAGGCCAGACGCCGAACCCACCCTGCTAGAGAAACGTGCAAAAAGTTTTTTGTACGCTACCAAGCCTGTTATTTGGTGAAAAGTCGCACTAAGCCTAGGACG,1140,51.14,Caenorhabditis elegans
SEQ_303073,AATTACGTCAACAGACCACCCGTCATCTAGCGCGCACTTCGCAGGTGACATTTAAGGAACTTAGAGAATCCCCGAAGCTATTTGATGAGCAGTGAATAGGCACTCAATGCGCGCTGCGCTGCGCGGACCAGTGGAACTTAGGGTGCGCTGGTGCCATATTTTAGTTCGGCATGTATAAGGCCAAAAACGCCGGGTTTCACTGCATATCTGTGAGTACACCCAAATTTCAGCTGGAACTGGAAGGCCCTTGCTATGCCATAGTATCCACGGTGCGAGGCAATTATCATTTTTAAAATCAAATCGTGAGATTTATCGCTAGGGACTGCCTTCTTGAGAGCCCCAGATGTGCGGCGACGGGTAGGTGACTGCCACGTGGGTCGGTGACCTGTTCGCCGAACTCACACGAAGTTGGACATGTGTAGCCGCAGTGTGCAGCCCCCCTCGGACACGAACTGCCGACCTCGCTGCAGGATATACGGGTGTTGCTCCTCACCCCACGTACCGTTCTCGATGAGGACCTCAGTCCGCTGGGCACCCATGCCCACAGAGTAGGTCAACTGTATGCATCAGTTCCACTTCTATCATTTAGGGACGAGATTCTTTTTGCGGCTACCGTCGTCATGGAAAGCGAGGAATACTTCGACACCCATGATGGCACCGTTACTTCGTTGCCCCGCCTTTAGGGGCAAACGGATGCGACGCTCGCTAGCTCGAAGCGTTAACCCCTCCACATCGATGGGGTAGGCACTAGGGACCTTACCAGCGCCGCAGCTCAGAAGAACATGCGTGTCCTTGAGAAGCCCGGTTAACCATTCTGTTGTGCCTAGTGCGTGAGTGGTGATTACCTGCGGTCCGGTATATTGGAAGAGCGCAAAACGTGGGAGAGATCGTCTCAGGAAGCCAACCATCCGGTGAGACAGATCCGACCGAGTGACACCTTTCCAGTGTACCTGCAGCTCGTCGATGATCCATGAAGTACGCAATGGGAGTACAGGTCCATGAGGCCGGCCCTGCGCGTGAGGGCCTCGGTCTTTCCCCTGAACCGAGGCTTCTGCTTAGCTTGACACAACTGATGCCTCCAACTTGCGAGCACAGGACTGGCGGTCGTACGATAAGTGTTTGTCAGCTCCCAAAAGGTTGCAGGCCGACTTGGTAAACTTGACAAGCAGACGCCAAATGAGTATTGATCTGCCGATGACTGCTCGCCATTATTTGCTTGTCCTGCTGCTTTTGCGCCAGAGCTTGTTTTTAGTCCATGAGTCCTGACCGGAACAAGGTCCTATAGGAGACAAATGTGAAAAAAGTAGCAAATATTGACAATCGTTATTCCTTTCAACCAGTCGTTTGTTCAACAAGCAATGAGTTCTCTGCAAGTTTACTGTGCTTATCCCGCAACGGCCCAATGTAGCGAGAAGGGGAAACCAAGAAAATCTTGTGCTATAGGCCCCACGGTCCTAATTCAAGTCGTTGGGGACTCACCCAACCTCGCGGTGCGTTGGGGTTAGCCTATGGTTATACGCGAGATGATCCTTCCCTAATCAGGGTCGTACACTACGTGTGAGTCTCGGCGCCCTTTGCGGCACCCACGACATACTTTACTCCTGCCCGTTCCATGTATAGTCTCTGTGGGTGATGGTTTGCAGAATCGCGATACCAAGCAATGCCGTGTTACGGGGCGATGAAGTGACATTAAGCGCCCACTACTTATGCGTTACAGATTATCGGCTTAATATCTCCTCCCGTAGCTTGATTGCAGGAACCCCTATTACGCATCACCACAGGAACATTTCCGGAGATCTCTGAACTCTTGGTGGGCATATTGCATATGGAACCAGAATCTCCTGACTCATTCGTATCGGTCCACTAGTGAGTCAATGGACCAAGAACAAA,1890,51.96,Arabidopsis thaliana
SEQ_121728,TAATCTAGCACTGAACGAACTTGTGCCGCGGTTGGCAAGGGTCAAACTTGGAACTAGCTCTGAGCCTTCGGTAGACCATTGGCAACCACACAGGATTGAGGCCTCACGCTGGATGTTTTATTCACTGTTCAACGCGTTTAGCGGCCCAGCTGATTGGGGTAGATACACTCAATAGCGGGATTGCCACCTAAACTACGCTCGCCCATAATTCCATACCTTTGGCTTCGGTTAGCCTAATTTAATACAAGTGATGGAGAAGGGATGCATCGCAAATCGTGAGCGTGCCGTGGTATTA,295,49.15,Arabidopsis thaliana
SEQ_510252,TGTAGCATCCTCGGCTACGCCGGCTCGCAGATAGCGTCAACGGGGTGCCCATGCGACAAAGTTTGCTTCATACACGTGGGAATCAAATGGAGCAACGAGTCTCGCACCTAGATGGCATGGGCCGTTGGATCTTTCATACGTGTAAAGGGAGGGAAATCATTATGGATCTTCAATCCTCGGCTTACTCCTTCCATAGGAATCGTCTCCAAAAATTGAGCGGGGTGTACAAAGTGGAGGTCCCCGAATATACACGGTTGGATAATTCGGAAGAACATGATCTATGTATTCTGCGGAAAGACAGGAGACCGTCCCTCGATGCGGTAGTAACCCCAGGGTTCCAACCCCCCGGTCAGTGCGTATGAAAGCGTATCCGTCTACAGGGCGCGCTAATTCTAGCAAGGGCATTACTGGATGACTACATAGATTCAATCCCCCGCGCCGATTCCGGATATCTGTTCAGCTCGACAAAACCGCTCAAAACGCCCGCCTACTCCCATTCACTCGCCACTGGGGGGTCGCGTTTTTGGGGTATCACGGGTAAACCGTCTTCGCCTCGTCCAACACGCAGTGGAAATGAACTTTACTGCTACGTTCAGCAGACTAATGCTTTCATAAGCATCCCATTAAAGCCTATGGTCAGCAGATTCACCGTTTTGCGGTTACTGGGCTATAGAGTGTTGATATGGACCCTCGGCCGATCGTGAATATTCGGTGCTTTTCATATGGCGACGAAAAGGCATTAGATAACGTCATCGGTTGATCCTGGAAAATGGGATTTCCGCCTGCGCAGCTGCGACGATTCTGACGCATCCAGCAATAATCGTACGAGGGAATCAGTAAGTATTAAACAATCGCGACTACTGCACTACCTAACATATACCCTTCAAACCCCATTAGTTGAGCGACTCGAACGTTTTTCTTGACCCTCGTCTCCTGCGGAGGGAATGTTGAATGCTGAACAGGACCTTAACACTCAGCCGTTACATCGTTGTTGTATTGGAACGAAGGTCTGCCCCGGCTCTATGCCGCCTCAAATTTGAGGAAACACATCTCTCCTCAATGACCAGGTCTACCGTCTATCCACAGTAGGCCCCTTGTTCTCCACTCATTCATGCCCGCAGCCTTCGGCTACGAGCCCTAACGGGGACCTTGCGCGAATAAGCCACATTTTTGCAGAGCAAATGCTGAGTACATCGTGATCCTACTCACCGATGATGGGTGGTGGGTAAGCCTAGTGCAATATGACCTCCAATTCTCCCTCACTCTTAAAAGAATATTAAGTGAAATGCTGGTTCCGTCCAAATCCATGATCGATACTGGTGGGTTGCAGTCAGACCTGATCCAGCATACTCCTCTTATTTGGAAATCATGTCCGTATG,1379,49.75,Homo sapiens
SEQ_499925,ACGACGGGTCTAGTCGAGACACTGCTCTCTTACCCCTGAGTACCTAAGCCCAAGTGGCGTATATGACTGACCTACGCCATAGTAAGATCCAAAGTCTACGGTCTGAGTGCCTTTACGCGGAGCTGAATGGTGACTATGTTCCGGCTCTGCCTGGCAGTGCTCCTCTGTTCGTTTTTGTGGCCTGATGTTGCAGGTCACCGTATTTAGGTCTCGCAAGCGAGACCGGCATGGCCTGTGAAGTTTGGCCATATTCAACTTCTAATACACCTGCTCGCTATACGAATCCCTCCGGTTATTGCAGTGCAATACACCCCCTACACGTAAAGCGTTCCTGTTGAACTTACACATCCCTCGAGCGCTATACGGCCATCTAAACTTGTCCCAGGAGAGCTATTCATGGTATCCGACAACGCTGTAAGCTTACGAACATTTCAGTAGTAGCCGGCTATTGAGCTGGTTCATAAGAACAGTATCGGCTGGGATCTATTCTGGCTGACGATGGGCCACATCGACGAAGTGCATATGACTGACGACGGTTTCGAACGCCAGAATTCTACGTCCCGGCCTTCCTAAATGCCGGATTTTATCGGGGGTGAGAATACCACTGAGAGGCCACAGTCTGCACAGAAAAAACTGCGAGCATACAAGCATCACTCCAGCGGTTCTGGGAGTGACTCATATTTAGTCGTTACTTTCCGTGTGTCACCGGCCGGTTGCTAACATCGTCTCCCGGCAAGATATGAACGAATTGTCTAAATGGAGTGTGGGCCCACTTATTCCACGGACGAGATCATGTGTTGCTACGATGGTTGCCATGTATTATAGCTATATTGACGGTACGGACCGAGAGCGATCAATTGATCGACAAAATTATGATATTGTAGTGCAGGAAGAACATAGTAGAGCCCAATTGCCATAGGGCTGCCTCATGAAGTTACTTGTTGCTTTATCCAAATCTCGCAGTCTCCCTGCATCGTATACAACCGAAGTACGGCATCCGGCATTAGCTTATTTTATCATGGTGCATCTCCGTCACCGGTACCTCTCTTCGAATCCAAGCCGTTAGAACGTGGGGTTGTGTGCCGCGTAGGCCTTCCAATTCGTCCCAGGGCCGTGTGTAATTGCACAAATTGTTGTAGACCTATGGTTTAGAGCTCCCTGGACACCGTCCTGAAAACGTTTAGGCTGGAGGCCCAGGACGGTTCGCTGCGACCATTACCGACCCCAGGGTCTTTGGTTGTCCCCAGTCTAGCGCCACCGCAAAACTACTGACTTTTCAGCTGCTCCCGAAGGCTAACTACGCAGTTCCTCTAAGTCTTAGGAACGGCACTATTTGGCACGTGGTTCAAGTAATCTAGAAGCCCGTTAGGACACGCGAGCCCTCCTGCGGTGCCCTTTATAAAACTATCTATACTCGTGGGTGCTATACGTTTAGACTCCGACAAGTACTGCTGATGCACGCCGGGCCCCACTACCCTGTCATTTAGCACGCTCCTTGGGACGTTCAAAGGATTAACTTTTTCGGGAGTGTAGCTTGGTGCGTTACCGAGACAGATGTTCCAATTCCTGCCTGATAACTCGGTAAAATTTGTTCCGTATTTACAATCGCTATAGTTAGAA,1620,49.75,Caenorhabditis elegans
SEQ_549910,TCTCGTTCATGTCGGCACCCCTCCGATCCCTCGAATGGTTACTCGTGAAATCATCACTGAGAAAGAGACTAT,72,48.61,Homo sapiens
SEQ_975307,CATCATGATCCTGTTGTGCTCGACGAAGGGGTTAGTTCGGTACCTCGATTTGATCGCGTTAATCACTAACCTACTCATCTCGTGAGTAACCTATTTCTGACACCCATGCCCCCACTTAAACACGCGTCCGGCCCACCCGGCCCCCGTCTGGCCGATAACTTGTAATATTCAGCGGACAACATGAGACTATGTCCTCAGGAGTCTTGGGCTGTATCCTCGACGACTCTCCGAGCTTGACCAGGCAGGCGCGCTGTATATTCTTGCACCTTGCTGTGCCCAAGCACAACTTAAGATTAACATAAGCGTAGCCCAAAATAGATTCCTCGGCGATATTTCCCGGGAACAAAGCAAGCTGAAGTATTGACAAGGTTCAAAACTATCGGAACACACTATGCGAACCTGTATGCGCTGACAGGGCCGGTCTGACGCCAGAGAACTCTATCCGGCTCCCAACCGAAGGTTGATCGACGCGAGAACATCCAATCAGAATACCCGATAACATGCCCTGCGTTCCCTGCGGGGGATATCCCACCCAAGTCCTCTACGCAATCAAAGGTGGCTCCTTGCCAATGGTGATTCTTGCCCCACTCATTTATATAGCGCG,604,51.66,Escherichia coli
SEQ_146302,CAGAGAATACGCGTGCTGGCCCGGTTCAACTTGGCAACTATCGAAGATCCAAACCAATCTTAGTACGATGCATCACAGCGAGGCTCCCTTCACGTCAAAATAATTTTGTTCGTAGGGGAAGGCAAGGGGAAGCACAAGTACCGATTCGGTATCCTAATTGATCCTAGACGAAAGCGTACCCGGCTGTATGACGCGCATGTGTCTAGGGTTGTCTTTACGGCTTGGTGCTTATGGCGCCGCAAATTATGCCCGCGTATTACATGGGGCGCTACTGGTACGATGCGTCTGGATAAAGTAGTATGCAGTCATAGAGCTTGGACGATAGTCAGGATTCGTCGCACGTGGTTTCCTTACCATGGCGTTTTTCTTGACCAGTGCGATTCTGTCTGTAGAACGGCTTAAGGACGTGTGCCGAATGGGCTTGCCCCATGACAGCGCTCGGTGATTATATGGGACCTAACTACTGGGCGCGGGTTTCTCATATCCTCGTCGCCTTACTGTAACGATGCATAACGCGGGGATTCTGTGTAGCACCGGGGCCCGTTCATATTAGACCCTTGACGTCTCTCAGTCACCCCTAGAGTAGGAACACTGTGCAACTCGGTGAAAGTAGCTCGGGGCCTAGGAGTGTTTAGCAAATATCAGCTTTAAGCTTCAGTTGTTCTTCGTAAATCTCGGAACAATCGACGGCTGATCTGTTTTTCCATAATTATAGCCGTCCATACGTAGATAAAGCTTTCTGGTGAGGGCTCCTATCATTAATGGGTGGTTACCTTCTGGTCTTCATGTGATTATCTGTCTGCAGTGTAGTGTTTGCAATAACATCGGTTTTTGGCCTATATTAAAGGGCGTCCTAGATCTAGAACAGCGTTCTACGTTCCAGAGGAAACCCTTTCCATTGATAATATATGAAACAATTGGGCTCGTTTAGCGAGATTTATGTTATTGAGCATCAGGTTTTACCTGATTACCTCAGTGCTCACGTCACTAGTTAGTAAAAAGTTATCGTCGGCACATGCCCACGCGCAACGGATTGGCAGCATATCAGGCTAATCTGGCGCGACTTCGTACATCATTCACCACGCAACTCTGCGACATATGTTGTGACATTCATGTCAAAACACCACGAGATATAACCCAGCACGCATAAGACCTCCACCAAATTTCAGATAATTCATATCCGAACTAGATCGTTGTGAACCTGACCTCATCATAGTCGAAGTTCGATTTTCTACAGGGTTAGACGATAGGTTGTAAAATCTTGTTAACCGAGACCCCGCTGGTAACTGGCACCACGACCACCGAAGTTCGGTCATCTGCTAGCTGCCCTGTGTTCGGATACAGTATAATTGTAAACTGCGTCTGCTTGGTATCACGATTGCTTCGGATGGTTCGGACGGAGGAAAGGAGCGTTGTCATAGATAACCATTACGGGATACCACCTTCTCTGAGAGCACCGGTCGCTTGCCGAAACGAGGGAACTGAGATTGATTTTTTAATGCGCCCCCTGCGTTGATTCGGGTAGTAATTAGGTAAAACCTGTAAATAATTTAAAATGTAGTATAGCGCAATTACAGTTCTTACTGCTGTGTCCTATCCGTCCTCGACATCCCAACAATGGCGCAACTGGATTCTGCTGACTCGTTAGGATTGGTAAGATCTCGCTAAGTGATTCCTTGGCGCTTCGGTGCCTTTCACTTCTGAGCCACAGGTGACTCAGTACCAGCCCCTGGTAATGAGAGCTCGGCTTAAGGTTTCCCCGGATTAGTATAAAACATAGGAACGACTGCCAATT,1795,47.24,Mus musculus
SEQ_599470,CGGTTGAATCACTAAGTTCGACTCTAGTCTTAGCGTCTTCAAAGGACAACTTTCTGTATACCATAACTGGTTACGCGGCCTTGGGGTCCGAACGAGAAAAACTAGTCCCAAGACATACACTCTAAAAGGCGCTTTGTCCTCGGTTCCCCCTCACCGCCTGCAGAGCGATGGATTTCCGGGTGCTATAGGAGACGACCATAAGCCATAATTATCGCGCTGAAGTAGTCGGGGATGAGCCAAGGTCCTCTGCGACCCTCATCAGGAGCTTGTGAACTTTAGACATGTTGCGTCGTGTTTAAGGGTCGGTTATACTCTATATATCGCCTCGTGTTGAGCCACAGAACTATTAAGTGACGCGGAGGCAAAAGCTTGGAGTGCAACTCGAACAGCTGAGTTTGAGTTTGCGGAATTGTAATCCCCCTCGTAACAATTTATTCCTGGGTAATGCTCTAGCTAGAGGTCAATAGTGGCGGGAACCTGTTGTGATCGATCATGTCACTGCGAAAGCACCTACACACACGTGTTTAGTCGGCTATTAGTTAATGGACGCATTGGGCACATACGGTACATACACCACCAGGACTAAGTCCTCTACCCTACGATGTCGGCCATTCCGACATACTACCACGGCGGAGATTACGCGTGTGGCGGTATAGCAAGTCGGGTAATGGTATGTGCAGATTATATCCATAAATGACGTAGCACTAGAAGCGAGAAAGTTGGCGACTCACAGGTCGACAACGGCATATGTGGGCGGTAAAGTCCATCATATCTCGACGGCGGGCACGTCTTCGGACGGGTGGGCCTCAGGGCCCATAAGAGAGTTGGTGAGTAAACAAGCGTCATTCTGCAGCCTGCAAGCCCTGTTTTGAATGGCCAGATACTCAATGTCACGGCTATCATCGCCCGGCGTACTAAAGTGGTTACCGTATCTAGACTTTACACTTTCATGCGTTTCAAATCTCATCTCACATATAACTTTGCAGGGAGGAATGCAGACTCGGTATCGTGCCAAGAACCTATTCCATCAATGGGGCCACA,1041,49.38,Homo sapiens
SEQ_881994,GTGGCAAGTAAGCGCAATCCCCGTTAGAAGGGGCTTTCGATGAAATCTACCCTGGGGGCAGTCTGCAATTGCTAGTTGGGCTGGACTGACTTCCACTTCGTTGGAGCCCTGTGATTGATTCCCTGTCGCGGATGGCGTAGAGCGGATATCCAGTTTTCAACATCATTGCCCAAGGTGGAATACGTCATCTTCTAACATTGGTCTCAACACTCGGTTTGTGCTCAAATCACGGAAATCCCATGTCCTCAGTCGACTACGGTCTCCCGGATGAGCTTTCATCTCCCATATATGGATGTCTATCCCGGCTCTCCCCCAGCATTTTTTGCAGGTAGTCGCTGGTACGGGTGTGAATAATAGTATGGCGACCGAAGTCGAAAGACCTCAGCCGGAGTGCTTCACTCGGTTGTGAGGACTAATGTCCCCGTACCCAATGGTAGGTTAGCCTATCCACCTGTCCGAGCGCACTATGAATAGTGATATAAACCCTATCTGTTAACGAACAACCAGGTACATAAACTCTAATGTCGGCCAAAGGAATACCGACGTGCTACGTTAACCTGACAGGCCTACGCTTAGCGCTGGAACGTTGCCTAATTATAACCCACTTCGGTAGAGGCGCTAATACTGAGGCCTATAAGGTTGGAATCGAATTGGAGACAGTCCTCTCTCGGGAGTACGACCTAACTAGAAACCCAACACCCCTCTGAATGGCCTGGGGCATTCAGAAAGGGATATCAATGGTTTAGTTGTTATCTAATTGAGGTTGCAGGAATTGTTACACCTGTTCACATGTGTCAAGAAAAGCTACAAGATGTTAAGACCAACTATAGCGGTAGCGTATCAGTACAGTTAGCGTGCGCCCTATCAGTTCTGAGGCCATTGTTGTTGGGCTTGTCCACCTATTGACGGAGGTGGTCCGCCGTGAAATGAACAGTTCCGCGTATACCTACTACTTAGACAGTAATCACTAGTTGTACGTAGTCAACGGTGCACGAGACACGCTAAGGCGACTTGTTCAGGTCAGTGTGGTATTCCGCAGAACCTAACTGAAAACTCGTTAGCACCTCGGGACATCGTGCGGCGACATTCATTACCAGCTATGTTCGATGAAACGTCTAGGAACAGGGTTTTTATGGCGTCGGGTGCTGTTCCCTAGACCCAATGTGGTCATTAAACGTACGACTTAAATGTATGCCGGGCCCAGCGTGTATCCCGGAGGCGGCAGTCGGGACTCATGGGTACAATAGCTTCAGAGCGCGGGTGTAGATTGCGTTCTCATTATTTCGGAATTGGTTAAGTCGCTAACCGGCGGTGGTATGGTATTTAAAGTAGCCATATCGTGATGTTCGTCGTCTCGTTTAAGAACGACTTGAAGTCATGGTACGTCGATATCTGTAGACACCGTGTGGACGATGGTACCGCCCAATCCCAGGTCTCGCCACCGCTCTAGTGACACGGCTCAAAGTCAGTCGGACTCACGTTGGCGGATAATGCGTTGCCGTTCCGATCCCGATGATTGACGAGCATCGCCGTGCACATGGCCCCGGCTATTCCGCCACGATTGAGACCTAGTGTCTCGGGTTTAGGGTTAGGCTTCCCAGAACTGATGAGGTGACGTTGTTTGGCAAGGGTAAATGATTGTAGTTCGAGGCTAAGTGATGTGGTCAGTTCACATGGATGCAGGCTAACAAACTAATATTATTTTCCTCGACTGTAGATGCCTGCGTGAGTTAGAAC,1737,49.63,Caenorhabditis elegans
SEQ_137176,GATTGTGCCGGCCTTCAGTCAAGCGGGTAAATTACCGCATTTCCAAATCGTCGTTGTTATTCCTGAGCCC,70,50.0,Mus musculus
SEQ_283881,GGGCCTGGAGGCAGAGGTGGAACCGTCTCTACTCACAATCCTGTGAACGCCTAGATATGCG,61,57.38,Arabidopsis thaliana
SEQ_951743,TTAGCCCTTATCTTTCGATGTCATCGCGTACCGTAGGGATAAGACCTTTAGGAGGTGCTGCCTTAATCAGTGAATCAATACTATTTTTCGAAAATCACGTACTGGCAGAGTATATAGGGAGCCGGCAGTATGGGCGACTACTGCTGTGTGGGTAGCTACTCGACCCCATCTGGGCTGGCCCCGTCTTGCCTTTCTCACTGAGCGCCATATTGGTGAACCGACGATCGCTGTCCGTCTTCTTCTCCATCACAACCTGTAGCAAGGCTAACCCGTTCCGGTCTGAAATAGTGACTATTATTGCTCTATACCGTACGTCTGTGAGGGCTTTCATGTCTCCTAATGTTGCGTCCCGTAGCCAGGTTCAAACTTCATCGCTATTTCGACGGTAAATGCACCGAACGCCCACCGGCAACCGGCGGCTACAACACTCAGCAACGTATTTGCGGCGTGTTGGAGAAGTGTAATTGGAAAACAGCAGTATCGGATGTCCGAAGTCGGAACTCGACCTGCTACGTTTAGCTATAGGTCTGCATATTGACACATTGGATGGTGATCAGCGAGGATGCCCCATTCCAACACAGAGACCTCATTCTCGTTGCCAGCAGTCGTACCATTGGGGCATGCTTTTAGCCTACAGGCCGACTCTTCAGACCTAAGAGAATGCGATTCTGACCGTCTTCGCATTTGATTATAGATGCTAGAGATGGGAGATACTACGCAAACCTTCAACCAGGACGGGATGTACATCCATGGTGCAAGAATATGCCTCTCCTTGTAGAGTCCCGTCTCGACGAGCTTTCATCGGAATAATTATACGCGCTATCTTCTCGAAAATCTTCGGGAAATCTACCCAGGGTCGACCACCAGTGTAGCTTAGCGAAAGTCGCTGCATGAACCCAGTGGCAACAGTCGACGTGCTGGTTGGCGTCCAGTCTCCTGAGAGTTCTTACGGTGAGCTTGCGCGGCCAAGGATGTGACGCTTCATAATTATTTGACCTTCAGTAAAGAAGAACTTTTCCGTACGGAGCTTGAACGAACGCGAGGCAAGGAGTG,1053,50.05,Drosophila melanogaster
SEQ_804842,CATTGTTGACCAACTTAGTTTCCCATTCCGGGCTGGTCAGGTTGAGTTACCATCATTTGGTAGACTCTTACAATGTGAATGCGATAAACCGCTATTACACATCATGACTACAATTACTCCGTAAATATAACCGGTCACACCCAGAGGTAAGGATGGAGCTTCAATCGGGTACGGGCACCCTCCAGCACTCGGCGTGAAGCGCGGACGAATCCCAGTAACCGACGGGTCATGCTTTCAACAATTGAAGCATGACCCACCCTGTTCCTAGCGTCGCCTAAAATATCACGTTATTTATATCTGCCGGACCTGCCGTTTGTAGACACTACCGTGTTGGGCCAGGTAGTTCCGGTCTCTAAGTTGCCGTGTGGAAAATCCAGCAGGTCCGTAGGAATTTGACATCCGGGGGTGCTCAAAAATCTAGGCGGTGTCACTATACAACACAAAGACCGCGACACGTAGTTGTGTGTAGTAAGCATTAGTCCTGTTCGGGGAGCCCTAGGCATCGATGACACATATCGAAGTTCCACCGACTACGGGGAAATTGAATGTGCCGCAGACATACTTTGCCTTGAAGGATCAATTGTCCATCGACGGCGGACACATACACAAACCTTAGGTGCTCAACGCGCCGTTAGCCGCCATCGCAAAGTCTAGCTAGAGTAGAGCCATGCGCGATTCCAATTCCCACTCTAATGTGGGGGAAATCCAGTCCACACAGCGAGTACCTATACGTAGGGGAATGTCGACTCCAGTCCGTGGGGCCGGCGCACCCGCAAGCTCTCTTGCGGTCAAGGGCTTCCGATCGTTACGAATTTTTCTGGCCGGTCTCTCTCGTACAAGGTTGAGGTGCCTCACGTCATTTGTCTGTGTCGTGGTATCGAAGCCGAAGTGGGACTCACGAACTATACTACGCTAGTATTGAGGCAAGATGAAAGGGCGATCGCCCTCCCATCGGTAAGTGGGCGACTGAAACGTTTTCCCTGTATCTGAACGAGACCTTTACATCTGAAAATGACCGGAACAAAAGTCCGTTCGTCTCTGTCTGTGGCACGTTAGACTCATCGACTATCTCACCTTCAGCCGAAGAAGTACAGATAGAAGTATCCGCATCTTGTGTCCCCATCATAAAGTACGTACGAGATCAGCACTGCCTATTACACCACCTAGGATACCACTCTATTTCCGTGCTGTAGGCAATAGTCCAAATGATATCACCTCGGATGGAGTAGCACCAGAGTAACTCGCTCTACCTCGGCAAGTAACATGTCGCTTCAAAACAATGCGCCACTTGTGCCGCTAGGACCGCGGCCGGAGGTTTGACGGAAAGGTTAGGATCGCTAGTCAGATGGGAGCCAAAATCGACGCCGGTCAACGAAGGCTGATGAAGGGTTCTAAAATTCATAAGGTCGCTTCACAGCCAGCATATCGCCCATGGTTAATGTTACGGCAGACAGTTCCTACGGCCCGTGCGACACGAAAGCAGCGGTCGGGGAGTGCCTTCTCACCAGAGATCTCGCACATGGCGCCCTGACATAGTTCGGGGACGGCCTAAAGGAGAAATGATATCGCGGTCGAGGATAAGTATCTGGTATTGGGGTCAACAATGTTGATGATTGTACCTCACCAA,1627,50.89,Arabidopsis thaliana
SEQ_953946,TCTGATCAAGAACGGGAAAAGATGAAGTATTAGGACTAGACCGAAACCTAAAGTGCCCAAGCAACTAAGCGGTCCAAAGCTTCATAGACAGTTTACAACTGGCTCGTCTCCTACTCGCGTCGGTGCCCTTTTTCTTTGAAATAGTGTTAGTTCCTCTATCTTGAGTCTCTCGCTGTCGCGCTGGCAACGAGCGGCAAAGTATAACAGGTTTTGCACCCTCCCAGCGGCTGGGCCACGCTCTTCATAGGAATAGGTGACCCCTCGACGGTGCATCGTATGGGGAGGAAATATACGCAAGCGATGATGTTTAATCAGATCCTTGAGTTATCGATTCTATCGATGAGCAAAGTCCAACGCGTGCTAGTAGGACTAGCAACCGGCAAATGCGTAAGGATCAACCTTCGACACCACTCTCTGGGCAATTAGCTGATAACATTCGCGCGTATGGCTGGCGACGCGTTTCGGAACATCTGTATTCCCCTACTGCGATTACGGCTACTCAACGTCGCCGCAATTAGACTTACCATCGGGACGCTCCCAGCAGCCACAATGCGAAGGGACG,562,50.53,Arabidopsis thaliana
SEQ_115239,CGATGGGCTGCGTTTGACGATACTGCTCGCCGGTTTCCATGTTCATTTCTCATAAGTATTTGTGCTATACCAATTCAGATGCACTATAACGGCATCAAGACTGCACCAGACAGTCAATCTAGCGGCTTTCGGCACGCGTGGGACGGTACGCCAACTATGTCCCGACTACACAGGGAATGCTTTATTTGACGCACTCAAGACCCAATTCGCTTCTACTTGGGCCCTACCGGGTCATGCTCAAGATCCCTTCCTCGAACCTACGTTGTGCTGCCTTGTAGAAAGGTTACACGCGGAGGAATCAGCTACTTAGTAGCTATTACTATTCGCACAGAATTGTGCGTATCCACAGGACGATAACGTCAATATCAACCAGGTCTGCTGTCGCGACTCAGCTCAAGATTTACGCTGGTCTCAACGGTGGGTATCTGTTAACGCTATGGTAAGTCTGCCTCAGTTTTTTAACCGGATCTGCATTTGAAGTCCTTAAGCCTGTACGAGAAAATTAGATTCTACAGCCTCGGGTGCCGGACGTACCAGTAGGAGAAAACGTAGTCCACACAGCGGGTAGTGGCGAGTACGGGACGTTTACCTCTCCTACCTCTCTTTTGGCTCTTGGGTAGATTCGGGGCCCTAACTATATATGATGTTAGCGCATTTCCCGTCCTCTCAATCAAGATCACACCATTAGACATCACAGTTAATGAGGAGACCTCCCGGAAACTCTAGCCTTGACTTAGGCGTTTCACTAGTCACTGGATGGTTGCCTGGGTCAAGACGTTCCATCTCATCGGCTAGGGACTACGCTGCTTTCCTTAGCAGGTTACCATGAATTTGCACTTTTTTCATTCGATACTATGTAACCGGTGGGGCAAGGAAAGGTCGACATATATCCCGTTATGCGGCCCTTCTTAACCAGCCATTCTGGGGCATAGAATAGTGGATAAGGGTAACTTTCTCGCTACGCCAATCGGTTGGTCTCTCTTATGCGAGGCACGCTGCACTGTTGCGCTTTAGAGAAGCTCACTCCCCACACCTAACTTTAAGGTGGCGGTGACGGCTACGTATCTAGTTACATTAATTTCGCCATCGTGGTACTATGGCCTAGGAAGCTTGACCTTCCGTCCAGTGATGACGGGACCGAGAAGCTATGTCAGGATCTTAGGTCAGAGAAGCGACAGTCGATGAAGTATCTAACATCCCTCTATTGTCAGCCTGGCGCCTGGCGTTACGGTGCTCCTGTCGATGCTCCGAACTTCATATTATCCCCAATCATCATTTGTCAATGGAATCGTCCTTATCGGCCGTCGTCGACAAAATAACAGAAATGTCACGCATCTGATACATCTCCTTGGAAGCCACGACCAAAGGATCAGGCGCTGCGTGCTCTGTGATATATGGGCAACAAAAGATAAGGGTGCGCAAGTGCACGATACGACCGTT,1440,49.1,Drosophila melanogaster
SEQ_543000,GTTCGCGATGGACCTCGAATCGCTAAAGTGCAATGTCATGTCCCCCATGCCGTGATGGAGTCAACTTTTGGCGCTATAGCATGTGGGGCGTCGCAGTGCATGGGAATGAGACCGGTGGAAAACCCATGTAAGGGACGGCCTGGCTAGACAAGTAAGGCATGAATTCGCAAGGCTCGGCCTCAGGATAGTCTGAGCAGGACTGCAAAGCGTACTTCGCGAGGTTATTGTAGTCAAGCCAGCCATAGTAACCCACGTACTTATAAATAGTATACCCCTTAGGTGTGGCGTATTGGTACATTAAATTTAAACGACTATCCGATGAAATAGAACGGCGGGCTAGTATATCTGCAGCAGAGAGCGATTCGTACCGTATGTGAAAAGGCCAAGCGTGAGTCATGAATGTGGGTACACAGCAGTTACTGGAGGGATTGCGGTCTTTACAATACCCAACTTATCGCTAAGGCGATACATGGTGGATGCCACGGATGCGGAGACTTTAAGGGGTATCGAGGGTCTTGGGATCTACTCCTTCCTACAGCTAAATCATCACGACGAGCTAGATCGTTCCGGTCCACTGGTAACTAATCTCGATGTTAATGACGGACCAACTTGCTCCCACAGGCAACTTTAGCATGGAATTCAGACGCGACCCTAATCAGAAGTACGTGCTAATATGCCGCGAGATGTTTGGGATTATCGTGTGAACTCTTTGGATTTGAAGTGTCACCTCCGCCGGGCCGCACGTGGCTGCAGCAGCAACGGGGTATTCAGACTGTTTAACGCGTGTTGGAAACTATTCTTAAGAAGCTACTGAAACATTCTTTAATAGGTAACTAGGTTCCATGCCAGTGTCTTCGAGTCTGACCTGTTTTAAAAGACATGAGGGTACTCTAGTACGCTTATAAACGTGGCTTAGTTGACTCTGGTTCCATACGGGGTAGTGAAGTACACTCGTCTCGTCGAACCCCGGCTTGAGATCCGCTCGCCAAAAGCTGACGGACTGTACCCAACTGCTACGGAGATGTATATGGACATAAAAGTTACGAAAGTGCTATGTATACTGGCCTAGTTTTGCGGCAACTGGGGCAAGGTCCCGCGTTATGGCCAATCATGGCAACCTCGTTCTGGGCTTAATGAGGCTTCTAACCATCTAACGAACGAGCGTTAGTGGTACGCCCTCTAGATCAAATTGACAACACTAAATTGCGCTTAAGTGTCGGTGTCTTTGCAATCCATGAGGGGTCAGTATCGCGGGGACACGTATGTCCCGCAGTCGATATTTAGTATTGCAACCGGGTCGTAGGTCGCAAACTGACTTGGTTAGCTGCGACAGGGATTACAAAATCTGCGGAAACGTATGCTCTTGGCCGTGCCCTTGCCCAGCTTGCTTCCCATAGTGATCGACTGCCTAATCTCCTAAGCCTGTTGCGCTCCGTCAGCTTCGCTTTGTAAAAGGGAACCGAACACGGTAATGTGGCTGGTTTGTAGGGGGATACCAAGAAATATAAACGTAGTTACTCTGAAAAACCATGGCACTCTCCTCCAGGAGAGGACAAAACGCGCCATGGGCCACAACTTAGCACGATTT,1588,49.12,Saccharomyces cerevisiae
SEQ_755647,GACGGTTGGATCGCTTCCGCGCCAAAGAAAGTCCTCCAACATAGATTTCCACCGTCGAACGAGCGATATACCAGCATCCAAGTAAAGTCGGGGTACGGCTGTGCTTTGTTTATAGAACCAGTGTGCTGGAATTAGGTTATAAGACCCGCTCGTGTTTCTGGCGTATCACCATCGGCCGAGGTAGTCAGGGATGTGCTGGTAATGTGAGTACAAAACTAGTGCCCATCATGAAGTGCAGACAACCGCACGATACAGCGCCTTACCACGGATCACACAATCCGTCTCACAAGTCCCAGCGCATCACACGTCTACCCCCCATTGCGCTACTCAAAATGCACCTTGATTGACGAGCGTGCCGCGACTCTGGGTGGAGGGAGGCGGCAGGTTTTCCTTTAATATGGCTTGGATTCCGAGTAACAAGTTGGCAGACTCCTTTTAGGATTTTTAATTTGTTGTCGGCGCGGTAGACCACATAATCTCACCTTGATTATGTGCTAATTTACGTGAGGATTACCTCGATGCGAATCCGGAATCACAGGGGGCGCTGAGTGGCGACGACTACGGCGACCAAGGAGTCCTTTAGGAGTCATAGAAATCTACCATCCTGGCCGTTTGTCGATAAAGTCTCCGAAAGAACATTGACGCACAGTAACAGAATTTTCGTTCACGTTTTCGTTGGTGTAATAGCTTCTCATTTAGAAGATGGCTCACAGTCGAACAGTGACCGCCGTCTTTTGTGTTGGAGGAAACCAACCGTCAGTATGGTG,767,49.54,Caenorhabditis elegans
SEQ_609368,ACCTTCTTGTAACCCATCACACCCCACATTTTCATGAAGGGTAAATACCCTGCATCTATCCGGAGTGAATATCTCGACACCCAGTCGGGGGCATTCGAGTTTCACCTACGATGCACAGCTGCACATCGACGACCGACCATAAATGAGTTAACTTGCGCGGGACAGAACTCTTGGTGACAATGTGGCAGTGGGACAACCGGACTGAAATCCGAATCCATTAATGTAAAGAACGGATTTCAGTTGATGGTATGTGTCAGGTTGGAAAGGCTTGCCGCCACCTATTCGATTCACTCGGGTGCCGTCGTGCTCAAGATCCGTGTTTGTACGACTAAGCCATGTATGCATTTTCGCAACCACGAGCGCTGCTTTTGCGAGCTGCTTGAGGGTTGGACTAACTGCACTTCGTAGCGTGAAATGCAACGTACTCCTTCCGCGGCCGGAAGATCAACATCTAAAGCACTTAAATTATAACCGACAGCGGCCACTTTCTCAAGTACATAAGCTGGCGAAGGCTAGAGAAGGTGGTATCTATAAAATCGACCTCCTTTAGGGAAGCGGACGTAATCTAATAGCAACTAATCTGCTACCGGCTTGCTAATACTGCCAATAACGTTATGTATGTCTTACAGTAAATCGCAGGATCGTATGTTACCAGAGGGCCACAGTTAATCGGGTGTAGCATTCATTAACCCACGGAGTACGGGGAATGGTGGACAGAGGTTGTGACTGGTTACCCCTGCTAGTAGCGTATAAAACAATCCCGCTTTACCCGTGGTGGTGTAAATACCACACTTAAAGAAACTTAATCCCGCGCTTGCTCGGGGGACTATTTAACCTGACTCATTTCGGGGCCACTCCCGGACTCGAGGCACTCTCTCTAGAGTACAAACTTAACCCATGCTAGGACTGTTCTTTTTGGCCGGATGCTTTGATACAGAAGCCAGCATGCCCCCGCCGCCTAACATCATGACTAAGGTTGTGCTTACTGAGTTCAAGCCTGCGAAACTTCCTACAAAGAGATTGGAAGAGTTACTTACACAAAGAGGGAGATCGCTTTTCGCGATTGCCCCTCTTTATTAGGTGCGAATTACGGGCTTAATATATATCTTGAAACTCTCGCGCCGGCACGCCAAGCGACAGGTTTCGACAGTCACGTATTCCGAAAAGGTCGGCTGCGCTCAGCGTGGTAC,1190,48.66,Homo sapiens
SEQ_533562,ATAATTACCTTTCCGGAGACGCACAGCGCGTGTCCGTTTAGAGCGGATTACCGTTCTGCACGAGGGAACACTCAAACGAGACCTAAGGATGTTTACAGGCGATTACGCTGTTCACACGGTCATTGGATGTCAAGCTGCTACCCAAGCCGACCCAAGCTGAAAAATAGTCTCCCACTGAATCTGTCATTACCCCCTTGTCCTGTCAGAGCGACCCTTTCAATGCAGTAACAGTAGGCCGGGCTAAGGTGGTGGTGGACACGACTATTCCTCTAAGACTGAGTAGAACTTAAACGGTGTAAAGGCTCATTCGAGTCTTTTGTCGGATAGGTGCGGGGAATCCGGTTTCGATAGGCACATCTGACAAGTGAAACCATTGCTAATGCAACACGTTTGCTCCTAAATCCTCGCCTTCGAACGAAACGTATCAGAGCTGCGCTCTTTGGCCTGTAGCTCACATTCGTGATATGGGATGTGAGGCGAAACCCCTAACTTGGTTCCCACTATTCCCTGACATGCGCCAAGAATCAAAACGTTTTTAAAATATTGCGCCGGTGCCCGGCGGGTAACAGGAAGCGATAGTGATTCTTCGCTGCCTGTAAATCCGACCTTGGTAGCCCTCGACGTTTCTGTACGCCAGCTACGGCCTCTGTATTAACTGACTTCGTAACACTTCGACGAGCAAAGTCAGCTATCTGTCGACTCGCTGACAGAGTGGTTCTAATGGATTGCCCCAGAAGCTCTTTTGTGAACGGTATACCCGTACGTCAGTGTCGTGACCAACATTCCAATATCCACGGCTGCAAATTAGTGTCACGCAGTTAGGGGAGGAGTCAAGCCCTCCCGCTTCCATATTATCTGCATGCTGCTGCCTCGTGATGACCATCCTACCTTCCGATCCATGCGACCGGCGTCTCCGTGATTAGAAATACGGGGTTGAACGTTCTAAATTCTGAGTGGGTCTACATCGCAAAAGGTCTGTCCGGGTTAACGATTTGATCCACTGGATTCAAGAGATACCTGACAATCACGGCTCGCTGGTTGCATATCGGCTGAGAAATCCCTGCGGAGTGTTGACCCCATAAGGAGATTAGGAGCCACCGCCTTCAGACCGGGAGCGTGCGACTTCAACACTCAATCACCTGTCGTGCCCCTCATGGAGCCGGATTGCGATTTTCACTTTTCGTCGGC,1188,50.76,Drosophila melanogaster
SEQ_114416,TGGTGGGGTAACATTCATTAGTCTGCGCCTTGCTGACGCATAATGTTGCCCCTGGACCAGATTTTATTTAGCAGATACCTAAGACATGACCCCAATCCAAGCAATTTTGACCTCCATTCGTGCTGTCCACAGGCCTCGGATAAAAGGTTGAACCTCTCTGGAGATACTGAGCGCGAATAGAGCCGTTAGCCCTATACGCGAATTCAACACTAGGCCCTAAGGCTCTGTCCTAAGGCCGATTGCCTCGTGAAACACTCCATCGGTGGAACATGGTTCTTGTCGGGAGCCCAGTACTAAATTCCCTCTACCTGGCTCCCTCTCCTTCTTAAGCATTGGATTAGCGAGAGGATTGAGTAGCGGAATCA,365,49.59,Mus musculus
SEQ_800610,ATCAGAGTCGAGTGGACAGTTGCCGCTTTCCTCGGATTATGCACTTTAGAGTGTTGGAGCCTCTCGTAATACGAGTTGATGGGCTGTACTCTTGCGTGCTTATCCGTTTCTAATCTAGCTAGGCCTTGATTCCTTCGATCGAAGTTATGTGCAACGCACAAATGCTCCGCTCCCCCACTATCCAGGTCTTAGAAGCATCGAATAAGTACCATCTGCGTTGGGGTGCTTACCCCGCAAGACCCATAACTGTCACATTGCGATGGTTGGAGTCCAAACGAATCTGCATCTTTCGCGATATGACTGAACTTCCGACTTACAAGCATAGTTATTGGTATGGCTCGCCTGAGAATAGGGATGTGTAGTGCGATTTTGGGAGGCTAGACTTACACGTCTCTGGAGTTCTGGCCTGAGAGTTAAGCAGAAACCTGCGCTTCTGACTTGGCTACCATGCACAGACGCTCGCTTCCTATCAGCGAAGTAGCACATACACACGGCGGCGCAGGTATAACCTACATACTGAGTCGCCAATATCCACGGCCACATTCACTTTGTGTGTCTGAGTCATCTCATGGGGAGGTGAACGCCCGGGACGTGCCCCCATCGAATATCCTACTACGGGATAACCTACCGAGCTCGAGAAGTGGATTGTCTACTTTGGATCTCGCTAAGTTGGCACACGGTGGCAGTTACGGGTGATCCGTAGCCTGTCTACCCGTCGGATTTTTCGATTGAAGTGGTGAGGCTCTTGCGGCACACGAAGTTCTTATGGCAGACACATCAAATCTCAAGAATATCCTTATCCAGTCTCACGTACAGAGCTTTGTCATCAATACTAAACACAACGAGTTTTGTCGAAATAGTTTAGTTCTGGTCCTCCTTCAAGCGAAGGACAGCTGACACAAGAATCGTGCGCGGAGAGCTATCTTGGCGGAGAACTAGCCCAACGACGGCGCGGGACTG,960,50.0,Drosophila melanogaster
SEQ_193580,GCGTAAAAGACTAAATTTGCGTTAACTCTTGATTCTTTGGCGCTCCCATACATAATGCGGTCCCATGCCCCCATCGCCACGTATCTCGTTGGTTTGGCACGCCTAATAGTACTAATGTCATCCGTCCTTCCGTCAGCCCCGAAGATCGATGCAGCTACGGTTCCCCACTGTTCATTGCTCTTAGTCCCGTTCTACTCCGTAGGCGGATCGCTAGATCGAGCCGCACGTGGAGACGCACGTCGTTTAGCCGTCGGTTTGGGTAAAAAGTTAATAATGTGAGCGACTTAGGGACCCCAGCTGAACTACTAGGTAAAGTCGGCGTAATGAATCTGGAGCAATCAGGCAGCACTCAACACTAAACTTAGTGAGGGCAGTCCCCTTATCATGGACCGGGTCGTCCTAACGACGCCTCGTCTGATATACTCTCTTTACGCACATTATTCAATGAAGGAAATGTGCGTAGTCCCCCATTAACGTTAGCGAGTTCGTTTCGCTTATTTGCCACAGCAGGTAACGTAATACGTGGACAGTCAAACAATCAGTTAGAATGCAGTATTCCAATGCTGTGGTTGCTCCTAATTCACACGCCTTCGAATTAAGGTGGGTCCCGGGATGTAAAACACTACACGGTGAACTGGTTTGGAGATAGGTAAGACCTTTAGAAGTTAAGTACTGCGCCCGGTGTATACAAGTGGTGGTGCCACGGCTATTTGCGCAGACGCATGGCACCGCCATTATACGAACTGAATACTGTTGCAGCAAGCCGTCTCCCCCTCAGTGTATACAACTCGCAGATTGCACTGGAGACCCGTTTGTCCTGTCCATTGAACCTTATTGCCGTCACTTTGTCTTCGGCAAGTTGTGGACTAGAGCGACATTGGACGACTGAAGCACAGGGTGCAAGTTTATCTCTTTAGGGAGCGTTGCAGGTATAAGGAAGCACGAAGGGTCTGCGTACCCTCGTAAAGTCCGGACGAAATTGAGCTCGGGAGCTTATAGGGCCATAGCCTGAACCAACGCCCGGGCTACGTGGGACATACATCTGAGAGCATATAGTGGGCGTCGCC,1067,50.23,Escherichia coli
SEQ_167355,TAGACTGATAAGTAGGGCGTAGACTATCCGCGACGTGTAGAGGGATACTGCAGACAACAATGAGCCAACAGCTTGATTTTCACCATTAATGAAGTCACGACCTGTACTACACTATTCGACTTATTCGAACCCAGTGAGTGCACGGACACTTGCGTAAAAGGCAAATCAGTCCATTGGCCCCCTTATCCTAACACACAGCGCGAAGATGTGTTTCCTCTCTTCTGTATGACAGCCAGACGACCAATATTTAACGAACACCAGATAATTAAGAGTCTACCTCAATCGTGCAGAATTACACGGGTGTGATCTCTAAGCGGGTTGTTGCAGCGCCCTGAAAGGGCACACGGATGATTGTAAGCTATGGGGTCAATGGTCTAGCAGTCTTACACGCATCGGCCACTAGGATATGCAAAAGTCGTGCATTTCACCCCTCGGCAGCGCATCAGCCTGGGGCGTTATCGCGGTACTAGTAATTTGTTCCGGTTACCACACCAAGCCGAGCGGTGGCGTCAGACACGTTTCCATAGTTAAATTCGTAGCAATTTCTATACGTCTGTCTGTTCAGGAAACGTTCCCATAAATAGAGTCCAAGACATGTAGGCCTCCAACTATATCAACATCTTTTCGCCCAGCGTCGTAAGATCCCCTTTCACTCATGGATGTTAAGCTGCCGCGAGGATAGCGACGATAGTGGTCGCAAGCTATCCCCACGATTATTTCCAGGGCTCGAGGAAGTCGCTCAAATCAGATGATGGGCCTTTACGGAGGCCGTTCCACGTGCACGGCATGGGTTTTTAAAGTCTAGGCTTCATAGTGCATCGAATCGACTTTGGTGTACAGTGATATTCCCGCTTACGATAAGGACCGTGTTAGGCCGCTGAGTTGTATTGGCGAGCTAGTCATCCGGACAGGTGCTAGTCTCGGGATCCGTAGCCCTGTCCTCCCTCGGCAAATTATCCCTTAAGGTTATACAATTAAGGATAACCCATTCAAAATACACTCTGATGACGCTAAAGCGTCTAAATAACCCATACCTATTTATAACGATTTCCCCCGCTAATGATACATTCGTCTCTAGCAAACGACACGT,1090,47.89,Homo sapiens
SEQ_982122,AGCCCGGGGTCCCTGTCCACCGTCGGAGCAGCACGGGTGGCATGTACCCCCGGAACTTCCCAAAGGGATTGTATTGTTAAATATCAGTATCGTTTTTGTACTGCATCGGGGACCTTGCTTACGGACCTCAATGCCCATTAACACTCTAATCCCCAGCGGCTCCCGTGTGCGACTGAGGATGGATGCGGATCAAAGTCGGAACTGCGACCAGGTAGTCCGGGCTTCCTGCACAGCATGCAGCGGGAGACTTCGTTAGCCACCGAGCTCCTGCGTGCACAGGTAAAGGGTGAAATTCCGGGTATTAAGATAGACTTACACGTCCTGATAGAAGAGTTACTTACACATCTCTTGCCCAG,356,53.93,Drosophila melanogaster
SEQ_750099,TTCTAGGGACTGGGTCCAGTTTGAGATACAAGCCTTCGCTGAAATTCTTCTATGACACAAGGCGTCTTTTTTAAGCCTCGTTAGGAGTTGGCCGTTGCACCGGGCTTAACCGAACGTACTATCGACGGCCTTAGCGTCGTCTCAGCGACACCTAGTTTATCTCTGAATGGTAGGGCGACTTGTAAGCTTTTCGAAGGGAGACACGAGGTGACTTTAATCGGGTTCGTTTGCAGGTCGCAATATGGTTCCTACGCGTCGCCGCTTCCGGTGAACTCGAAACTAGTCACGATGCTGCGTTGGCATGTACCTCTCAATCTCGTACATTAAAGTATCATATCCTGTGGAGGGACCATGCTTGACCCACATTGCCCTTCCACCAGAGAAGTGATCGGTATAGAGATCCACGCAGCCGCCCCTCCCCAATCTTCTAGCATGGTTAGCTAGTCCTTTCGTCACGCCCCTAAACGTCTGACGAGACTTCCGACTATCGTTAAATTAGCCGATCAGGATGAATAAAGTGCGAACTATGGGCTCTGATGTTGGCGGGCACGTTCATTCCAAGCAGGCCAAACTGCACATGGTCGACCGCACCCCGGTGCTACTCCCCGTATCGTACTCCTTAACAATCACATGCCCATTTGGCACCACTCTCTCGCGCCATGCCCTCAACGCAGTGTCATGGATGGCTGTGCCCTCCAGTTAAAAACGGGGTTGGTATTTTGTCGAAGGGGTAAGTGAAGAGCAAATCGAAGGGTGCCCACAAGTGGTGTCTCCTTACTTAAGTGGAGTGAATCGAGGCAGACCAATCTTGTCCGTCTACTGGAATTGGGTGCGCGCTGCCTCAACCTAGGCACCATTAGGCCTCACCTTGCCTTTATGTCGAAGACCGCACAAACTCATTTTAGATGAGACGAAATGCACTGCTAGCCGGTATTCCGAAGCCGACTAAATGCATATAGCTTAGACTGGAATCGCGGCATCGCCTTGCGCGAGAACGCCTATACTCCGTACAAATCTTTATTTGTCTTGTGAGCGGATATCTATATCCTATAAAGGCAATCTAATTATCTGGATTGTGTCAAGCGCCTCCGCGAGGAGACCTGCTAACCATCCTTCCTGCCAAAGTGTAAAACTAGCCTACAAGCGACCAATCTGAGTAGGACGAGCAGTCCCGAGCCTCGGACTAGAAATCGATAGGTGCATTATTGCTGCCCTCGAGGGTCGCGGTACAAGCGCTCTTGCGAGTACTGTCTGGCATTAGCCTAATGCTGCATAGTAAGCTGGGATGAATAATGCTGCAGCTTGAACAACTGACTGGCGCGGGCGGCGTCACCCCATCGAGCCTACCGCGCGATACATGTGGGTGGCGGCAGCCATATTTGTTCACGTCCTACGCGCCACCCCAAATAAGATAGAGGCAAGCTTCTACAATTAAATTCACTTCGATAGGTCATCACAGGATGCGACCTTTGGCGACTTGAGTCGCCGGACGGGTGTGGCAAGCAGACAAGGGACCTCACCAGCTGGAGCGGTCTGGGGTAGGTATGCCGGACGCACGGCATGGCTGACCTCAGGCGTTGGACACACTAGACAACGGAGCTCTCGATGTGGAGGGCCTGCAAAACTGTTCGCACCCCTGTACTTCGTTCGTCCCCCGTCTCCGGATACATTTATTAGGAAGCAACGAGTGAATAGTTCGTCAGGGTATGTTAGGAGGACTCGATGTCCTTGGTTTGCCCGGCAGCGCACAATGCAAGTCTAATACCTCGCCAGCAAGTACCCTGGTCACTGGCTGTATTTATTATTGCGATACAGCCGTACGGACTAGGCTCAAACCGTCAGACTCCATAATAAGATATTTTGTAATGAAGTTCATAAATGACGTCAAACCAGTTAGCTTAGTACATGTAGGCGAGTGCAACTCAGGAGTTGATCTTGTTCGCAAGGG,1948,51.28,Saccharomyces cerevisiae
SEQ_702763,TATTCGGGATCTGATGGGAACACTAAGTATGTTATTTCTCTGTCATATCGCCAGTATACGTG,62,40.32,Drosophila melanogaster
SEQ_312071,CTCATGTAATACGTTCCTCTCGTATCGGTGAAAGACTAATCGAGTGTGCACGTCGCCAAGAGGATCTCGGACACAAGCTAATGGTCGATAAAACCCGGGTACTAATGACAATGCGCACCGGCCAAGGACTGGGTGGCACATGTATTATCATCGAAAAGATTATGCTTCGGGAGCAGTGACTCTAATGTATACTTGGCTCACCAGTCGAGGGGTCTCCGTCACAGTTGTTTTGTTCGGAAATATTGCGGACGAGGCGCGGCCGACACTGCTCGCCTTCTCCGTACGGCATATCTAGCCCTCAGTACAACTACTTGTACAACGATCTAGGTGTACGGATAGTTGGCAGGACGGGTTCTAACCAAACTACATGGATGTAGACATAGCCTGTCCTGCTTCTATGGTTTACAAATCCTCGAAGACAGTAGCTAGGCTTTGCCTATCGGTAAACGTTAGCTTCGCTTAGCGGCAAGTGGCTGTCGATTTTGTGTTCCTGGCCGCAGTAGTATATTAGGAGCACACTCGGTGCCTCAATTGCTAATATACTCAGTTCCTGCCAGCGGCCTTTTGTAACCTATAAGTCTTCCATGGTACGTGATTCTAGGCAAAAAACGTAACCATGCAAGCAAGACAGTAGGTTGGCCGGTAACCATGGGATTCGTATACCTATTTT,670,48.21,Mus musculus
SEQ_384845,TGCAAGCCCATTGAAGGCTGGACGAATTCCCCAATTAGTCTTGGGCTTTAACAGGAACTTACCACCCTTATCTCAGGCTGCGTTTACTATTGTTCGGCCAATATAGGAATGGCTCTGGCGGGAAGTGTCCTAACTAAGTCATCAACGTTCATCACCGCCGTCCGGCTAGGTCCTTGCCCGCTCAACGTGGTTTAGTCCTGGTCTACTGCAAACGTGCGGAAAGAGAGCAAGCTGCATGAAGGTACGACCTAACGCGGTGACTGACCTTGGCATTCAATAGGTTATCATTTCGTGACCAACCGCGCTAAGTTCTACGGACCGCGGAGGAACTGAGGCCTTTTCGCCGTTCGTCGTCGCCCCGACAATGGTTCGTGATGCGAATACAAAACATCTTCACGCATGAGCTCAAGCCAACGGTCACAAGCAAGCTGGCGTGCTCAGCGCTAATGAACCTCCGGGTGCTATTTAAGGACACTTGCGAAACTTAAACTGTACTCAACATGGTGGTTGCCATAGCTGATGGATCTATTACACAGACCGAACGCTTGGGCCTAGGAACAACTGGGGGAGTACCTAACGGTGAATCCAAATTCGAGCCACCGGAAGTCTACTGCCTATCCTACATGTGCCCGGTGCCTGATGTCATTCTCAATTCCTCCCGTGCTTTTTCAGCCGCCTTATCTTCGTGTGCAAGTAATCGTACGCACACGTTGGGCAACTAAGTATTCGTGGGAACAGAGTACCGGATATGCAAGTAGTCCACTGGCCTGATGAGCCGAAAGACGTGAGGTGATTTAACGCTGACTGAGGGGTATACGTTTCCAACGACAGCGGATTTACAAGGTCTGCGAGAGCTGACCACGAGATCCTACGGGCGGATCAAGCACAGTACGTTCAACGTCCATAGTTCTATCTTAATATGCATGAGACGGGTAAAGTTTGACGTCTCACATCTGGAGGCCAAAACGAGCCGCGAACTACATACAACGGAGTAGACATGGTCTCCCTAGTGAATGTTTGCGGTGGGCCTAGCCTGCGTAATGCTATTCACAAGAATATATGCTCCGTAAATCAGTAAGTCGTGGAGGTCACTCTATCCGTCGAGAACGGTGCTCGTGCACCGAGGCACCAACATCTCTAGGTCTCAGTAG,1151,50.83,Drosophila melanogaster
SEQ_539342,AGTAGGCTTCCAAACAAACTTGCCCCGTGCTTTTCCGAAGGGTAAACAACGAAAGTGCCGTTAGCCATGACTCCGTTTCAGCGTCTCGGCAGGCAGTGGTATCTCCGTCCACTCCGTTTAGAGCCCTACGCTTAAGACGCGAATGTCCAGTCCGCTCCCCTTAACACGACTACAAGACGCGTTATTGGATTTATGGGATCTATAGGTGAACCTGAGTTTTCCGAGGATCCGTGCGGAGATCGTAAGAGCACCATGAGATCATGGCCTAAGTTTAAAATCAATACTGTCGCACCACCTCCGCTTCCACTACGACCGACCGTTCTCCCCGAGTCGGTCTAACTGCCAGTTTCACGTCAGGGTCCCGAACCTAAGCAAGTCGTCTGCTTGTTTAAAAATTCACTGCCCGGTCCGCGAGTCAAAGTACAAACAATAAAGGGCCCTCACCCTGTACATACATTCTCGAGAGGATCCACAAATTTCGCAGGTCAATGGTCCTAGTCCCGGTCCACTCTACGGTTTTCAAGTGTATCAGTCCACCCCCGCACACACGAAACGCGGGGTTTCGGTGAACCAGTGGCCGTCATAAGAGGAATGAGGGATGGCCCCCAAGAGTTACCTCACTTCATGAGACAAGAAGCACTATGTGACGGCCAAGTGCTCCGGCCGTAGCCTGACTAAGGCAATTTATTCCACCAAAATTTTTGTAGGGGTAAGCAAACTTTGACAGATCAATCCGACAGCCAGGATCAGTCCAATGGAAGTAGCGTGCAGGACAACCCTCAACTCGTTAGGGGCATGATCCGATCCAGTTGTTCAATACGGCGACATATGAAAGTACCCCTATAAATGATGGCACTGATCGGATGCAGCTGGTACTACCGGATTAAAGCCACTCCGTCAAGCCGGGCGTCCGATACACATCACATGCAGCCGACGTGTGACGGCGTCAGGATCTGTACAATCTTGGCTGAAGCTTTTGCGCTGAGGCGCACAGAGATGCCGTACCTGTCTACCATGTCGTATCAAATTGATGGTACTCCGCCAGTTCGTGTACGCCTTATAGCGTAACGCCCTGGGTGGTTGTATAAAAAGAATACCTCCACTAAAAAAGACGCTGATGTATCACATAACGCATGGTAGCTCCTAATCTGCCCTACACGTTCAAAGCTTTACGTGCTCATTAGCTCGCAAGTATGAAACGTAGGCTTCCACTGTTGTAGTCCGAGAGGATTCCACCTGATGTTAGTTGCCCTTTTGAAGGGGTTTGTTTTACGTAGTCAGATGATGAAGCGGATACGTCGTTGGCCAACACAAGGGGAGTTCATTACAACGCGTGATTGACGTTTTCGGGCACCGCTAACGCGAGTGCTCTTGCTAGGATCTTCTGCAAATCAATGGGTCGCACGCCTTCAGATGGGGATACTGCCGAAGGCGTCCTTGGCATTCACTATGTCACGGAGCCGTCGATAAAACAGTCAGAGCCTACACCCCAGCCCTACCACACTAAGGCTGAGATCTACCAGGTTCGTCTCGGCGGTCTAGCATCTTACGCGACGGATGACTACCGAAGAGGAGATTAATTCTGGATTTCACGCGGCAGACGCTCACCTAAACGTGGGACTAGTGATGGCTCTGACGGTTCCTGTGCGACGCCAGCATCGTAATCATGGAGATGTCTACGGAGAAGTCTTAGGCAGCGCAAATGTTAAGACGGAGCGAAAGCCTTTATTAGTGTGGCTTGGTATAGCTTAGTTACAGTAGGTCAGATTCGCGTTATAACGTGCAGGTCACA,1792,50.61,Homo sapiens
SEQ_375522,TAACGCTGTCGGTCATCTGACACGCCCGCGTTGCCTCATTCGGGGAAGCTGTTGGATCGCCCTTTGGTTCGACTGAGCGGCATCCTGATAATTTCACCTAGGATCCTTTGAGCGACGTCCTACGCCAGGTACTCCACTGGTGGTTTCTGTTACTCATCCAACTTTAAGAGACGCAAGCGCAGAACTTGGTAGGAGCTATGACACCTTGCCCCTGTGTGCCTGCTACGTACCATTTGGGAGTCCGCAGATAGGCAGCACGGTGGCATTTACTGACACTCATTTCAGT,286,53.15,Homo sapiens
SEQ_825481,CACCGTCAACCCCTACCGTAGAGCGCCCAACTGTCCCCCCATGTTCGGTCACTCACGACTCAAGTATGCTACTTAGCTCAGCGTTGCGGTACGATAATCTATCCATCAGGGTTGATTGGATAAGGCGTCGTGACGTATATGCGTTCCAATCGATATTATTGCAATACCGCCTTCACGCGTTAAGAGAGAAGTAGCGAAGATTCACCCGACGTGGTTTGAGCTCAAAATAACACTAGAGATCCGTCAAAGGCGCCGTCTTAGCTCTTTATAGTCAACGCCGGCCTTAGAGCTGACGACACTTGTCACGCCAGTACCCCTCTGCCCCACCTGGGCTGACCCAGGAACGCATCTACTGTCCCGGCGTGCGACGAGCCTGCTGTCCGGCACCGGTAGTACATGTGGCGTCGTGTTCACGGTGCAGCCACACGCTTAAGAACCGCGCGGGGTCTATAGCCACATATTTCTGCGTCCGTCTTAATAAGTCTATAAGAGGAGGAGACGTCCAAAAGCTGGGGAAGTTCCCTAGAGTAGGATATACGTTCTACTGGCAGCGAGTCGAGTCGATGCCCTAGCGGCTACCATCGCACTGCTGCGCGATGCCACGTTAGAGCCCCGGTGCATACGAAGCGGTGAGCTGATTAGCATGCCAATCATCCAGTTCACCGATTCGATTTCAGATCTTTTTGCGACCTATTTGTGATTTTCACTCATCTCCACAATCAGGTCAATAACGTTGACCTGATGTAGTCTTACCTGTTATAGCTGGCGTTGTTTATTCCAAGTTATCCACGCGGCCCCCCGCTGGTGACGGACCAGGGGATAAGGCTAGGATCGATGAACGCAGCTTGCCAGTACGAGATTTCGGTCCGCACTCACGATTTAGTTCAGTATAGGTAGTCGTAGCGTCTACATACTGATTCTAGTACGGCAGGAAGGGTCA,940,52.23,Caenorhabditis elegans
SEQ_840736,GGGCTACTCATATACGGGGAATCATAGCGCGACCGGTCGTTGTTTGACTCCGAACTTTGTTTCGGCCGAAATGCGCATTATTCAGCGTTCTCACAGGTACAGCCGCCGATGACGGGCACAACTAAATTAGCGGTTCAGCGCCGGCACGCTCCAACTGTCAATGCTACTCGGCTGCCAAACCAATTAATCAGATTACAGAGACTGGCTTTAAGAGAGAGAAACTACCGACTCCTCGCTAGGATAGCACTTCACCAGCGGGATCTTAATCGATCAC,274,51.09,Arabidopsis thaliana
SEQ_241307,GCGTAAAGTGCCGAATCCTTCAATGTCACACCAGGATTGCACCATCGCTCTATGCTTCGCGTGATGGCCCGAATGCGGATGTGATCGACGGTTTATCAACGCGCAGGGTTTGCGAAACGACAGGGAGACGCTGAAAGCGGAGCACTTAAATCAGTCCTTACCGGTTTATCCATGTTGTACACGAGTCGCACAGGAGTCACTACATCTACTCGACGTCGGGATCTCGCAACGACTAATGCTTATAGAACTTAGGGTTCCGCTGTCCGTTTTTTCTGTTTAAAACCCATTGTTACCACTCGTGCTCATACAGACCACACTAATTTCGAGTGTTTCCTCCCAATGAGTACGTTTAGCA,355,48.73,Arabidopsis thaliana
SEQ_224701,AAGTAACAATGCAGAGTCCAGTTGCGTTTCTTAAAGAACAGAGGCGCGTCCATCACACCGGTCCAATTTACTCGGAATCTCTCGCGAGAAGTCTGGCGACGCAACTACGCAGAATAGCGTTCTAGTTGATGTGGGAAATCAGTCGTTATAAAGAACTAGGGATTGCCAATTGGTTCCACAACTGCTTGCTGTGTAAGTACGTTCGCAAATAACTGCGATATCCCAACTGCAGACCCCGGAGGCATTCTATGTGCCTCTTTGCCGGAGATGTTATATAGCAAGGTCATCCGAAACTTTTACCCAGTTAGATAAACGAGTTTAAGCGCTTTCGAAGAGAGGCCACAGGTACTGTGACCGTATTATGAAAACCATGCTTGCTACAGATAATAAGAATAGC,397,45.34,Homo sapiens
SEQ_195644,CCGTGATGGGCGGCATCCAGCGTCAAGCGTACCGTATACAGAGCCGGCGGATCACTCATTTAGCTATCGGCGCTTCAACATTTGCGCTAGCAGCAAGCATCTCAAATGCTCTGCGTTTCAATGGCTGGTACGGCGCGAGCCGGTGCGGTTAACTTCACTATGGGTGCATCTTAGAATGCTTCCCGACAATTCGATGGGCGCGGCCCTAGGTCAACGGCGCGAGACACAAAAGGTAATTGATCCTCCAGATTTGCAGGCGGAATCATACGCGGAATGTGGAATGACCCTAGGGACTGTTAATTTATTGTGTCCAACCGCTTACTGTGGGTGACGCTATATCTTATATAGGCTTGAAAAGCCTCTAACACGGTACGGAAGGCGAGGTGTTGGGACCACGGGGAACCTAAATTTCATGACGTCGACCGTTTACTAGTCGTCGGGGGACCCTGCGTAACGGCAAACTATCGGCGGTTTCCAAACCTCTATTAAGTGGAAGGCGCCGGTACTACACCCTGGTATAACCGAGTGGACGGTCGTTTACGAGTTACCCAGGATTAAGTTTGCACGGTAGCTTTTCAAGTGCCGGTTTGAAGCAATGCGTGGGTTAGTCTTGACTTGCCAATTTGGTGAGGCCAAGTTTCGGGAAACTCGGAATCGGGGGTGCCTGGTGCTCCGCAGAGTGCAATGGCATCTACCTTGCCCATGCCTTTGTACAACGTCACAACCAATTTTCGGGGTCGCCGTCACACATGCAGAACCCACGGCGACAGCCGACCCCACACAATTCTCAAAAGAGAGACGTCTTGTCCAGGTGTATCTTGTATAAATGTTAAGCGCACAACCGGTCGTTCGTTCTCGCTGGGCACGTATGACCCAGGCAAAAAATATGTGGGTGTTAAAAAATCGAGGTCCGATGTCGCACTACCCCCAGACTGTGGGAATATGCCAGATAGCGGTATAAATACCGGTGTACGATAACCGGATGGCCTTGGTGTTTCCATACATGACCCTAGGGTCACTTGTCCGGGCCTCGTATCAACCTTCACCAGGTACACAAATGAATCAATAATAGGTGTGACGACCGTTCTTCCCGTGAAAACTAACAATCATCGTATCTAACCGTCTAGGAACCTCGTCAGTTATGAGTCCGCAATACGATAATTACAATTTCAACGTGGCAGTCCTCCTCGCTGTGCCACAGAGAGCGACTGGTGTTCCCCAGACTTACTCACACGCGAGACATTGAGATACTTACATACTGGGCTCTGGGTGTCTCCTCACCAGTACGAGAGGGGACCAAGATCTAAGGTAATAGGTGGCGAGTCCTAAGCCATCTCGGCGGTCGCATATTAGTAGAGATTAAACCAGTCACTGTATGCACTTTGCTTTTTCTCCGGACAGCTGCTATATCCAGTTGGCGCAAACGAGAACGCCGCTATTGAATAAAACGTGTCTCTGGTGGCTGTGGGTAACAGTTGGATGCGGCTAAGCCGTAAAGATTCGGGGTGGTTCATCAATATGCCAACCGAGGGTTTAATTTAGGACCGTAATGCGGGATGGGTTTTAGGGCCCGCGCTCTGCTATACAAT,1589,50.79,Drosophila melanogaster
SEQ_740675,AAGCACTGTTTTGTCACGTCCTATAATGCCGGGTACGATGATTCCACAATGATGCGAATATCAGCCGCATGCAAGGGACTAGCCTTGGATGCAAGAATTAGAGAGGTAAACGGACCATGTTATACAAGATATACAGGTTCCGGTCGCAGCTCAAATTTCTATCCGAGTCGACTATTGTGGATTTATCACCCCTTCGATGGCGGGTAGGACTCACTCATGGCATTACTCCCGTGATTGCATCTGCACTATCCCCAGAGATTGCTGGGACATTTCCGATCTGCTACACTATCTCTTTTTCGCACCCTACCGCCTCTCGGGGCGTTCCGTTAGTATCTGTCAACACAAGGATTTTTTGACAATGGAGCACAACATAGCTAGATGCATAACGGGGTTCAGTTCAATGCTAATAAGTACGATAGTCAAATTGGCTCTTCTTTTTACTGCTATGGAGGCATGTTCAGTTTACATTTGACTTATCCTGGAAGAAGGTCTATCGACAAAGATTTGTTTGATGCTAGAGCTTTGTCTGCGCAAAGTCTGACCAGGCAAACTAATGAGAAGAGCTCCAGATGGAGCGCGCCAGTACGGCCTCGAGGCGGAAACCGCGGACTCAAGACCATTCCACTCACGCTGTAAGACGTCTCCCACA,649,47.15,Mus musculus
SEQ_901781,TGAGCCCCTTTCAGTGGGTAATGCGGGGAATGAAACGATTGCCGTGATTCAGTCCCTATAGATCCGAACGGCCAGAACGTCACCCACGAGCAGCTGATTCACTCTTTATCGCTCAGCCCATGCCCATTGCGTACCTGACGGTGTACAGGTCCTATCGGTATAACTATAACGAACTTACTACCCGCATTTCAGGAGTACCCTTCACAGGGTCTGCTCGAAGAAAAGCGGCGCACCATCGCGGGTTACATGGACGTCCACGAGTCTTATCAAGCGAATTTGATGCGCCCACCACCAAATCTCACAGCACCTGCAGATGCTGGGCTACTACCAAGTGAAGTTTAGTTGGCGGGAGTACAGATAATACTACCCCCGCTGTCCTGATGTGGCCCCTCTACGCCGCGGACCGATAGGGGGGATTAACTAAACCTGGGGACTGGGTTGCTAACTATTTTCCACGTACGAACGTAATATTGCTGACCAAGAACTCACCAAATAACCAGCTCTGGTAGCAGTAGTCTGCAGGTAGGAGGGCACGCTGTAGGTTTTTGACGTGCCGGGTCCAGAGTAGCAACTATATACTAGGGCCCTGGTGGTGCATCCTTAGGAACCGAACGAGACATCTAAATTACTCAACTGGTCTCCGCGCCTGTGACTAATACTTCCGTAGGAATAGGTCATACCGTATTAGTCTGGTGGGCAAAGAATTTCCCAAGGGAACGCTGAACCGCAGTTACTTATACTTCCTTGATCGCGATGCTGGATGCACTAGGAGCGCATTCCCTATGGGCGGGACGACAGCATGCCTGTCTATTCGAAATTGTTGATCTTGAGGCTTATATGTTAATCGACTTGCGTTGTTATAACGTTCTTGACCAGGTCCTAGTATGGTATGCGGAAAGCAGGAAGCTATCGCATCTTTAGGCGCAGCAGCCACCTGAGAAGCAGTAACTAGGCTTCACTCAACGAAAAACATTTATAAGTCTCCGGGCAGAAGAGAAACCTACTCTGCTTCCCGATTTAAGCCTCAAAGCTAATTTCACAACCACGTAGGCCAGAACGTCGCATTAACATTCACACGCATACATGCGGATTGAGACGACATAGCCTCGCTGGTCCGGGTCGAGGTGTAACACAAGTTTGTTAACTCTTCGAGAATCGTATCATCACTTATGTAGGATAATGCAGAGATCGGGTGGCGGGAGCATGACAGTTTCTGGCCGCCGGATACGGCCCCACAAGAAGGGCGGGAGCGATGACTGAGGCTATTTACAATTGCAGGAAAACTCACCCGAATCCGATGTCTGCTCTCTGATGCCCTGGGTCCACTCTCGAGACGTAACCACCGGAAGTGGATGGTGGATGTGCCCCCCCAGTACACCTTGCCAGAGGATCTTTCGATCCTAGTGGGTCGAATCTAAAGCCAATGTCCTTCTGAACGCTGGGATGCTCTATTGCCGGGAAAGCGAGAGGTCGTGTCAGGGTAACACTGGCCTGTAATACGCTCGGAGACCGTGAGGCCCGCAGTGTTTGCTTAAGCCCCTTGAAATGTGGTGCGCGACTCTGAATATAGGGATGATGTTTGTGACCAAGAGTAAGCTAACATAGCATTAAGCCTTTTGACATATTTAACGAAACGAGACGCTACATAGCACGCCTACGCGCGACACACCCGTGCCATATTAAAATTACCTCCGCGTAAAAACCTGATTGCGGTTGACCCGCATTTCAATGAAATGGC,1738,50.46,Arabidopsis thaliana
SEQ_429397,TGACCTCTCAATAGACTTCTTATAAGCAGGGCATGCCAGAAGCCAAGATCGGCAACCTGGCCTTCAAGACGTATACCAATACGTTGTAGAATGCCCTTTACCATGGATCAACAGATGCCCGAAGATCTACATAACTTTGTACTGCTTAATTCCGACCGAGCAGCCATCTAAATGTGGATCTCCAAAGCATCGACGGGTAAACAGGGATATATATGTATCTTCTATGCGTCAACTTGTGATCCTTATCTCCCCACACTTGCGGGCGCTGCTTTATGATAGACCCGGTCCCTACACCGGCTGTTACAGAAGGTATTCCGGGCTTACCACGTATTTACAAGTTCATATTTTCGTCCTACCGTAGGAATCACTGGTAATGGCTGAACTCTGGCCCCGTCTAGTGGTTAAATGGCCGTTATATATAGAGATAACACAACGCATTACCCCGTAGTATTAATAATCCTTCCTGGGACACAGCCATCACCTCTGAATTAGAAGGTTCTACAATCCACATTCCAGGTCGAGACCGCAACCACCTGTTAGGGGCCCATTGCGCTGGATGTTTCATAATCTGTAGTGACCCTGCTGTTTAGAGGGATGGAACACGGTTTCACCCACTTTGACATACCCGCAGCCCACATTCATGCACCGAGCGTTTGTACCGTACCCAGCAGCGCGATACGCAAGTTTAACTGAGCATGAAGCCTTAATATTATGGCAATTAAAATGTATTTAGCAGCCGCGTTCGCGACCTTTAGCTCACTACGCCCGAACGTTTAAGTGGGACAAGCACCAGCCCCCGGGCACCTGATGTTCCTTACCTCGGACGTTCCTTCGATTAAGTAAGATCCGACTGAATGCTTGCGTGGAGGATTTAAAACGTACCAGTCGTGCAGCGCCCGTAATAGGACTATGTCCCCGGCACATAGCCACCAAAAAAGCAATAGTCCGAACCTCTAACAAGTGCCAACCAATGTCAGTGACAGCTTATAATGCAACAGGGAACTTAAGAAAGAGTGACAAGAAGGTCCTAAAGCCGGTGGTTCATCACGTCTGTTTATGACGAACTGGTCATGTGAGAGACTAGAATTAGCAGGGTGCAGATATGTATCCCCGCCACCTTTGCACTTAATGAAGGAACGTTAGATGCTGACACAGGAACGCTCTGCCACGCATAGATAGAACAACCTAACCACTAGTTACAACTCCCGAATTCCGCCAGCCTTGCTTGGAACGGCGGCGAAAGCTGCTAATGAACATATACGGCATAATCCGGTAGGACAGCGGAGTGCGCCATAATGAAGAGAAGGCGATCAAGTTTTAATACAACGCCCAGCCCTCTAGCTTGCGGGCTGCACGACTGACAAACTCGTCCACTAGCCAACGAAGCAGCGCTCCGCAACAAAGTAGGAAGCCGGAATAGCTTCCCTATCTATAACACGCGTCAGGTGCCCGACCGCATTGGGAAGGCGGACTGGAACTTTCTACTATTAGCAGTGATAGAGAACAGTAGGAGCTCAAGTATCCCCACTTAGGATGCAATGTGGAAGTTGAGCTGTTTTACCAGTCGCCCGCAGCTTTGACGATCACGCTACCCTTTAGGTCGGGGTCGGTTGGGAGAAAAGCCACTCCAACCTGATTAGGGAGACTGGACTTCAGCCTCATGCGTACCTGAACGTAAGTACCCCAATTGATATCCTCCTTCACCAGCGCCGGGGGACCTCCGCGGCTGGGTCAGAGATCACCTGCATGATCACGTCCCGAGCTTGGTCACACGCTTAGATCCGTATAATTGCACAACTCGCTTGCTATGAATTCCTGCGCCCGAGAGTTTTAGCCTTAATGGACTCATCACTCTCCTACTGTTAGTCGCCCTACAAACT,1880,49.36,Homo sapiens
SEQ_158092,ATGGAGGATAGGGTACCGACGATCGACTGCTGTGACGAACAGGCCCATTTGACCGTGCAGGCCCACTCCTATACCAATCCTGGACTCTTTATAACAAGCAGGCTTCGCTCGTAGATAAAGCTCATTGGACATTGGAAGTCCAAGTTCCTACTGATAGAGTGGGTATAGAGTATTTAAGAGCCCAATGTTGCAAGGTACCTTCGGTATTACCCGATTATACCCGGACCGTTACTTTGCGTGAATCAGGCAGGAGGGTAGATGTCGGCGGTCAGTGTGGGGGTTCCGTTTTGCCCTATCGGATTAGGGCGGAGTTATCGCATGTCGATTCTGGGACTGGGAACTTGGGAGTCCCGACCACATTTTGTCATGAGGCCAGCAAGTAGCCGATGCGTGTTTTGATGCTGCCGGTTCATTCAGTATTTCCGACTCCAGATCGCCAAACCGTCCTCTGAGTCCAGAAACAGGAAAACGTGACCGTGATTCCGTATGTCGGACGCACCAAGATCCAGCCCTTAGTCGACCGCTTGTTCTCTCTGTTCGAGCCCGTGTGGTCTTAGAGTGGCGACGTAGCCAACCACCGCCCAATCATTGCGTCGCCTTAATCATAACACCAATGAATGCGACCGTCACGTTAACCGGAGGGGAATTTCACAAAAAGCAACGGATCCCAGAACGTACGACGCGGGATATACGGGCTGGACCCCTGGTAAGTATTACCGTCCTGCTAGCGTGATTGTATCAGCACCATGGGACTATGGCATGGTATATTAACGGGTAGATTCGTAGCGAGGCTGGTTTGACCGGTAAAAACCTAGTTTAAGCCGATTTGGCCGTGATAGCTGTCCTCGCCCCCACAGAGAATGCTGGATATCGTCCCCAAAGGGTCTCGTTTAAGGCAAGGGCACGTACGGGTCCTTTAACCATTTTCATACTGGATCCGCTCATGGGATGTCGGGAGATGATCGAAACCGAATCAACTATTTGGGTGACAGCTTTAGCGCACGAACTAACAAGACAGGAATATTCAAAGCCCGTCCACTTCCCCCATTACACTAGCCGTATTCATG,1067,51.08,Homo sapiens
SEQ_990031,CTTGCCCCATTCGAGCGTGTGGGAAGCGCACAGACTATTCAACGTGGTGTCCGGATACTTCGTCAATCCTTTTTGATGGCGCAAGGATACTGCACGATCAAAAGACTCGACTGCGACTGCCTACTTACCTACGTAATTATGTGCCCAATTGAATGTAAGTCTACTTAGCTGTCGGCTAGTGAAAGTCAGTCGTCCCGGTTCCGGAGACCGGGCGTAGACGGCTGGCAGTTATCAGCTTTGTGCAGGGGTAAGTAAGCCCATTCTCATCCTTCGTCTGGTACCCGGGCGGTCTCGTAACTCCCCAGCCCGAGGGCGGCCGATTCCATATTGAAGCCTTGCAGGGACCTCGGAACAATCGAGCGGCCAAATCTATGTCCCCTACATTTTCAGCCTGCCGGTGGTTTCTACCTCCAACAAAGGGGCAATTGTCAGTTTGAGAGCGTCATGGTGTGGCTTGTCTATGGTCAGACTTAGCGACATCGAAAACAGTGGGCACATGCTTTTCCACTATAGACTTCCCACCGGAGCCAGCTGTATGTCACCGAGCGGTTTAGCGCCGCGGACGCCACTCGGGAATTTCCAAGCTTTGTTAACTATAGAAACATAAGACCCTTACCATGTCTCGCTCAGAGTCTCCATTTCTCATTCAGGGGTTCCTGTATGAGCCAACCAGTTGTTACACGAATTCTCCGTCTCCATTTGCAGGTGTTCCAGCATCCCGCATCTAGGTCGCGAAAGAACCGCCAATTCGTGATCAGGAGGTATACTAGTAGCTATGTCTTGATATGGACAACTCCGATTTTTTCAAAGTGCTCGCATACCATGAACTCAGAGATCGCCGCCGGAAAGGGAGTTATATAGTGGGTTCGTGCGAGGGCCGGGATCAACCGCTATATCGGCGCGCAACGAGAGCATGTCAGAAGGACCTCGGAACAGTTCATTGCGGCGGAGATACTTCGGGTTGCGTCGCCCCACCAAGCTGGTATCGAATTTGGGGTGTTTCAACCAAGTATGCAAGGAAAAAACGAGGGCGGTGTTTAATATCCACTGACACGTCGGTGGACTCTAGACTACGGCGCATGCCGTAAATAAGGTTGAGTTGAGGTCCCAGTGTCTAGGTCACATGGCCGATGGGGAATTTGTGGAGTCTCAGCATGAAAGTGAAGGAGAGTATTCCCAATGACGCCGAGGGCTGGCTGTCCGAGTTCAGTTGTGTACAGGTAA,1224,51.8,Drosophila melanogaster
SEQ_834884,TGCTGATCATAGACCTAGGCCTGACCTAGATACTAGACCGTTCTGTCGTTTACGACGCCCGGGCCGTCTTCAAATCGTTACAGTCCCAGTATTAGTCGGCTTACCCCTGCATCTGGTGCGGG,122,54.1,Caenorhabditis elegans
SEQ_601454,GTTAACGGCCAACGGAAGGCTTCTCATGTCAGCTGTCTCGCTTGTTGGAAAACGGAGTTATAGCGCGTAAATCTCAGTCGTGAATGATACTTTACTCCACTGAGAAAGATATTTCAACGAAGAGAGAACCTCAATTAGAGTGGGGTCCTCCGTGCCCAGGACACCGGAGCACCTAGCTGACGTTCGTCACTCTACCATTTATTCCCCGTTAGGCACATACTTTCGAGATACGGGTTATATCAACGGATGGGGCGATACCATACGGGCGTCCGGCTGATCAGTAGAATATCTGAA,294,48.64,Drosophila melanogaster
SEQ_222386,TCCCGTTGTGAGGTACATGTCGCTATTCTTTCACCACTAAAGTCGAAGCTACGTACTTGCACGGTGACGGCCCGGTAAGGGCGGAAAATTCAAATTGGTGCAGTCGCTTATCCGTTCGGACCTAGTTCGTTGATAGTTAGTAGGTGTCGTCCCCCTAGATAAACAATGGGCGGAGGCCTGTTCTATGTCGCAAGTAGCTGTAGCGTCAAGTCTTAAGGCCTCCTTTAGC,229,50.22,Drosophila melanogaster
SEQ_283675,TATTCGTCTCCCCGGAGTCCCAAATCAAATGAGGGACGTGGTCTAAATCCGACGCCCGTAATTACGGCACAAGAAGATTCCGAGACTTAACGACTCCCAGTGTCACGGGCAACTAACTATTCAACCTGCTCGCGGACGTCGGTCACCTCGATCTTATTACATGTCAATATGGCCTGCAGCGGCTATTACGCGCTGAGAAGAACCGCCCTAGTTGAACCTTAGTAAGTCAGATTTTCATCCTCAAGGCCCCACTCCGAAGAACAGAAGAGTCCTTTAAATCTTTCGTGCTGATTGGTAAGTACCTTCGGCCAGAATTACATGGTAGTGCTACCCACAAATTTCAGCCGCGCGAGTGAACAGTGGTTGGTGTTCCAAGTATGCCCCGCCGCCTCCGTTAGCGTCACTGTTCCTACAGTGTACGAGTCGAGTTAGTTCTCCGGAGCTAGCTTGCGTCCGCCGCTGTTGCGTGTCCCGCTATTATCGCCAATCCGCTATAGTCTGACAAGTATTTGAAATCCAAGATGAAAGAAGTTGTGTTAGTTCCCTGTACTGGAGCAGTCACGAGGTCTTGGCCTCCCACTAAATGGGCCCATCATGAGACGTTAACGCTAATATGAAAGTGTCGATCAATGCATCCGATACTATGGTACTAGCCTAAAATTGTGTCACACCTGCGTGTAGGGTTACAACCTGAATTGCCTAGACAGCCACTCATCCAAATATCATATCCATAAACGGGCTGCCGATTAAGGGATCATTCGAGGGCGGCATCGAACCCGTAAGTCCTGCTGGTCAAGAAAGGCACTTCAACCTGGAAGCTCGATCGAGACACAGATCCTAGTGGAGCACCCATACCCTCATTTTCGAAAGGCAGTCGAATTCAGCAAACAGACATAGATTGTC,903,49.28,Drosophila melanogaster
SEQ_375892,TTAGGAGCGGGGAGGCCTAAAGAGATGACCTACTCCGTACGCGGCTAACCGAGCCAAAAAAATCGAGGAGTAAAGAATAAGCTCCTTCCACCACCTGCACGTTAGTATATGAAAACATCAATAGCACTGGGGTTTCATACGTGAGCGCTCGTTAACATAGCCAATCCTGCTGTGATAACCTGCTAACAAATTTCCTGGTTAATAAGTATCGTCCATCAAAATCGCCCGTGATCCTCAGATTTATAGCTCAGTGCGGGCCCTCTCGGCGGTCCGCATCCTTCAATGCCCGGATTAGGTGGGCTATGCGTGCTGGGACCTAGGTAATCAAACAATTACCACACGGATACATTGACCAGCAGTAATTGCTAGTTTCAGCATCTCGTAATATCTAACGTTCAGGAGCCTAAATTGCGACCGCCATGCTTACAGCCCGTCTCCTGGTCCCTTTCTGGCTGAGTTTGGCTTCGCAACCGGCTTGTCATGAAGTATCCCGGATAAATTGTCTGTCGACTTATGTAGAAAGAGTAGCTGTGGATGTTAGTCGGGAGCAAACAAGCATTCGCCGGAGTGCAAATCGAATGACATCATTGGCACGAGAGTTGCCAGTCGGATCTTTACGGCCAACCAAGTGCGCACGTGGCTTACAAAGGGGGTAGGATCGCATTATGTACGAGCATCTCGGCCCAACATCACACATCGACTCTCATATTGTAAGTGTGACTAAGCCCGGTAGTTCCGTGCTATCCCTAAGCTGTCGCGATCGGTACGTGTGATCTAGAACTCAAGTATCACGTCAACATATCACCTGGCTCTGAGTTGCTCATAACCAGCGGCACCGAATGCTGTGTAGACGTTCGGATGCTCCAAAGGATCCAACACTAGGCACTCAACAGGGTAGCAGTGGGAGGTCGAAGTCTACTACGTAATATTAGAATGAGCAACAGGATGCACCAACACCTTGTCTAGACCCCTAATGCGTTCGGGACCTTCTGAATGGCTGCGTTGGGGGCGCAATGACCTGATAGCTACTTGACGGTGCAAACTAAGCGAGGACCGTTCACTATTCCCGTTGTTTTGGTTCCTATGAGGTGTATACCACAACCCATATGAAGGGGGTCGAATGAACATTTGGGTCTAGAACAACTCTATTACCATCGTATCCTGGAGGATCTCACCTATACGAGATGTCCCCCACGTCTTCCAGCAATTGATAGCAGACATGGGATTTAGCTAGCACGGCTAATCCAGGATAGTCGTCTCCATTCTCGGTGGCTAGATCGCCGAGGTTCAAAGGGACTAATCATGGTTTCTTCAGTAAGCATATGTCACTTACGCCAGCCTGCTCCACAAATCAATGAGCCGTCGACCGAGAATGACAGGTGAGAGTTATGGAGACAACTTTAGCTACGCTTCCTCTTAGATTGTGAAGGACCCATCATGTCAACGCTAGACATGCATCCTGGCGCCTTTTCCAAGTAACAACCCGCGTGGGCGGACGCCTATGGGTGGTTTTCTATAGCAATCTTACCTGTATAGATTAGATAAAGCACTCGTCTTAGCATGGGACCAGACTGTGCTTCAGTTTACTACGAGCGAGAAACCCGCGTCAACTTGAGGGACTTCGCTGTGCCGACCCCATGAAAACATCTCGACCTCGATCTGGAGTGAGTTTAAAGGTAAAAATGCACTGTTGGAATACATGGCATCGCAATGATGATACAGTCTTCGTTGGCCTTACGGGCAAGTCAGTGCGAGGGTCTAGCAAGACTACTGTATCTACACAAATTCTCTATCGGGCTAGTGCTCGATTGGGCGGGACGATGGATCCTCCAACCGCACAAGTCTCCATTCGGGCCCGGCGCTCAACCAGCATGGGTAATTAAGAATTGCTAGAGA,1896,49.21,Homo sapiens
SEQ_940947,ATCCTTGTACCGTAACCCGACTAAACTCTAACGAAGTGCTTTACAGGGTTTGCACATCTCTGCGAAATATTTTAGCAGCACCGGGTAACTGACTGCAGTGCAAAATGCGGGAATGATCCGAGGTATAACGGAGGAATAGGTTACGATTTTCATTCATTGGAGCTTCCACTCCAAAAGTCTCGTACCGATATGAGACACCGGCACTAGGCAAGCCATGCGCCAAACGGGTCAACGAGACGACGGAAGTGTCAACCCACACGGGTTTCAATTTTATAAACTGGCAGCCGACGTCCTTTGCGCGTGATTTAAACGGGACCA,318,48.43,Arabidopsis thaliana
SEQ_133665,CTTTCTTTCACCGTTTTCCCGGTCCATTACGCGTCCGCACGCTAAAGCTTAGCTGAAACATACCGCACAACAACCGGCGGGTTCGCCTACATGTGATCGCGGGATTCTACCTATCTTTCCCGATGCTCCTTCCTTTTTTAGGATGTATGAGGCTCGCGCACGGTATATTATCCAGTTCCCATCAGACGCGCCCACTGCGCACTCACGCGTCTCATCAACTCTTCATGGCCTCGTGCCAGAGAATGTAACTTTAACGGTGTGACTAAAGACAGATGATTAGTTTTCGCCGAATGCAGGGTAACACTCGGCTGAAAAGCCGGGGCTACTGCGCCAGGTCGAGGCTCGGGATGCGGACCGAGTGCCAATTGAATCCCACTCATAATGACGAACTATGCTGTGTTTTTTGACCACAGTTCACCCCGTTACGGCATCGTATCCCCACCTTCGAAGCACCCTAATGATATCTGTTCCCGGCCTCCATACGACGAATACTCGGGTGTTATATACGCCAACACCCCCGCCGCGTGAACCAGGGACACGGGGAGAAACTTTCGGGGGAAGATTCCCGTAGCCTAAGAATCTCTCGCCAACCGTTCGTATGTTCAAATTCGCTTGAATAGGGCAAGCAGGCCCATAAGTTAGCCCATTCTCCACCTTCGAGTCGAAGACCGAGGCGATAACTTGCGACCAGTCAAGGAGAGGGGCGCCTCAAGCCAGCCTGAAAGTTATTTTACTCCATATGGGGACACCGCAGTTCTCCTGTCATATCAAGGACAATTACGCGTTAGTGCATCTCAGATGCTGATGAAATATGCCCTCGACATGGCGGCCTCTAGCCTCAGCCTCTCAAAGGTAGTCCCATCGCTATCGGCAACGGGCGAGCCGACTCCACACTTTGATTCCTCTCAGTGAAATGCACCATTGCATACCGATTTCGTAACTGGCGACGTCTGTTCCGATTACGTGAACGCGAAATAATAATCCTCGGCGCCTATTTACGGCATCAGCCATTCCTTGCATAAATGGACCGAGTACGCATATGTAAGTAAGTTGCCGTGATTAGGTTGACTTGTTAAGGCGCCGATACTACTCGACTACTCCCTGCGATTTAGTACAAGTAGCAACAACACTCTGAAGGGTACAGCAGTTCTACACTAGGTTCGCATGACTGCTTTAACAATTTGGTTCACCTATAGATAAAGAACATTGACTTGTCTGAGGTGGGTGTAGGGGGGACTTTGAACCCATACCAATTGAGTCTTTGTCAGTCCGCAGCATGGACTAGTATATTCCTCCGGGTCCACCGCCTGGCCGGGTCTCCTATCTTGGGTACCCTGCCTTGATGTTACGCGAGCTCCTTGAGAATCTGCGAAGGCTTCCTGTGGGGGCTCAATCTTCGAGTAGCGGTACCAAAATAGGAAATGACCTCGCTCTAACGTTGCTCAGTACGTTCGCAAATTGACGGGTCTCTGGCCCAGACCCCGGGACACAATGCGTGGTCATGTTCGAGGTCCGTGCAATGCACACTACAGTGCCGTTTCGGGCTTGAATCCGTCAGCCGCCACTACAGGTTATTTACAATCTACGTCTTGTCCGAGGCACAGGAACTATGTACAACGATGCAACAAATCTAACAGCTTAACTGTTGTCACACGTAGCTGAAATGTGTTAGTAACAAGATAACACTGACACAATGACATCGGCCTTTAAAATCTACGATATCGGTAACGCGGTCTAGGCCGTAGACGGCCACGTGTGTGATCGTTCGCGCAGACAGGTACTCCGGGCTGACCCACTTATT,1801,50.86,Arabidopsis thaliana
SEQ_257529,GGAGCCAGCGTTGACCGCCAAACAGTATGACGTTCTCTGCACGACCCGAATGGTTATCAGGAGGAGAGTTAGTCGTCTGGTTGGGTGTCGTAGGACTAAGTAGCCTCCGAGTAATCCTTTCACATATTTGAGTGCGTCTACAGCGTCAACTAGGCTCCTAGAACAGGTCTTAGCCTTACGGACGACTGCTGCGCTAGCTTCTCGGAAACCTAAGCAGGCGGCCGAAAGCTTTCCAAAGATCGATAGAACCGGCCCCACCGCCTAGCATGCCGACTGATTTTCGGACATAGGGCCCAAGGACCTGGGTTTGGGTGTACGTATATTAGATGTCGTGATGCCAAGGCAAAAGTTCGAATAAACGCGTGCGAGCGATGCGATAATTTACTTATGGTCTGGGTATGACTTTTCTATAGCAATCTGAAGTCAGCAACCTTTAGTACAGACCGATAGGCCTCACTGAGGAGCTTGTGTACCTTAGATTCCCAGACTCAATAAACACGACCCAGGCTCCATATCTGACCTTCGCGAGAACCCTAGTTAAGCCTTCATTGGCCTATAGACACTGGATCGTAGAGAACACGATCCTGAGACCTTGACCTTTTCGCTCCGAAAATAGATAGAGCGCCGACAGTGACGAGCGCTAGGTATTAGGGTGATCTCCAATTGTTCACGCGGAGATATATCAGGTCTCTTTTGTTTTGCTGGATCGAAGGAACATCCCCGGCGTTAACGTTAGAAGCCTTATTACTGCTAACCATGCCACGCGTGGAAGGCTCCACAGGAAAGCAGGCTACACATGTATCGTTTGAGGGGTTAGGCTCTCCCACCCGGCTTCTGTAGTCCAACAGTACGCGCCGTTGAAATAAGGCACAGTGGCCTCTGATGGCCGATTTACTCGTACGGCTATCGATATTAAGCCGGCAATTAAGTGACATCTATTCCCGAATACGTAGCCCTATAAGCACGGCACCGGAATAGCACGGAGTTTAAGAACACAGCGGGTCCGCGTGCTCCCGCGGGTCAGCCTAAAGTATAGCTGCGGCATGATCTGGGCTGCGTAAGCGAGCGACACCGGGAAGGAAAGACTTTTCCCGGAGTACTTCTGAGTACGATAGTAAGGATCCGATGGGTTTATCAAGTTAGGAGGCGACTGGTCGCTGTCTATGACGACGATAACATGCGAAATGAATTAAGCTCTCTCCCCGCCGATATAATTACTGCATAGAGTATGAGACCGGCGGGGGGCAGGGCAGGTGCGTATTGGGAACTCCCGCTATCTGGGAAATTCGTCACGTCACACTTCGTCCCCGATACAATGGGGATATAAAAGAAATGCCGTCAAAATACAACCCTCAAAGGGTGTAGTAGGACATACTTTGGTGAATCTCAGTCACGACATCTCCAAAGGTGCTGAATTTGGGACCACTATGATGGGCATGGCCTGCTGCCTACTCGTAAAATAAAACTACCGCACTGGGGGTTAACCATTTGGACGTTCCACGTTCTCCGGCGTGCACGAGCTCTCATCGGATGGGCTGATGTCTAACCTGCGTTAAGTGCGGCGATCTCTGATTAACTTCGACTTGCCTTGGAACTAAAGGCCACTGTGTTTATAAAACAGAGTTCTCCTTCCAGAGATTCCTTACCTCTGGTCCACTTCGCGGCGGGATATGAATGAGTTCGCAGAGCTGATTCATGTGACGGTACGAGTGTGTTGCCCGGGGCTAATGAGTGGCTGTAACAGAAAAAGTGCATCTCCGCTGTCATAACACCTTGCAGAACAATGTGCTTCATCAAACGACGCCTTGCTTCGAGCGGCCCGTCGAATCTTTCGTTCCTCCAGAGGGGTCACGAGCAATGCATTGAGTAGTGATCGTCGGTGTAACATACTATCTACGATATTTTTCAAGGATCCCCCGGGATGGGAGACAATGATCC,1938,50.36,Mus musculus
SEQ_799325,GAACTTGTAACAGGTCTGTATTACTATCCAACTTCCCCCATGCGATGCTTAGCACGCACGGACCAGTAGAAGTGCACTTTAACGACGCACGCTGGTAACTGTGCGGAGGGCAGCCGAGAACATAGTATCCTCTGTGACTCCAGGGGCATCTATTAGCATGGTATCAGTCCCACCGGTCAGCAGGTGAAACCGCCGTGAGCTCGTCGTCAAGTCGTGCACCGTATGTCGATACCGATACCGCCTTGAGATGACACCCCATTTGGATGGATCCATTGTCCTTCTAAAACGTGATGGTAAGAAAATACAATATAAGGTCTCTTTCAACTATATGTCAAGTACTTGCAATCTGAGTGGATTAGAGTTGCCAGGCTAACTGTGGTAAATGAAGGTAGAATCAGACTGAGGAGTTAAAGATTACAATCTTCTAGTACAAGCACCATAGTTGTCACGTCTTCCTTTACTTAGAGGAATGCTTGGAGATGGGCCCTACCGAGAAACGATCTGCCGGAAGGTGCATTGCCGAAAAAGCTTGCCGGCAAGTCCACAGTAAATCCCTTCGGTCCGTGCGTCAGCCCGATTTTGACCCTTAGACTACGTCTATCTAATACGAGACTGGTAGTCGAAACCCATTTGTTCAACGTGGCAGGAGTGGGTGCGCAGCGGTGGGGATATTTAATCCGAGCTAAGCATCGGTGAAATCGCTTCAGGACTAGGCGGAAACAACTAACCGTTGTTGGTCTGTCCCGGCAAGTGGACGTTGTTGTCCTGAGAATCCGGCATCACCTCGTCCTTGTTAGACTCTGAGTGAGGAAACGTGGTTTATATCTAGGCATACCGAGAGGGTACTGCTCGCTGAGAGACTAATCT,867,48.9,Escherichia coli
SEQ_810026,ACCAACCTACTCGCGTACCTAACACCCAATCGTGCGGACGAGTTTATCAGTACAGTAGGTAACGGGATGCCTCCTGAACCGGCGATGAGCAGCAAAAAGTGAGCTCAGCTTGGGCAGAAGCTAGAGCCAATCGTAGTGAAGTAAGCGAAATTAATTGGAATCCTATAGAGTACCCGTTCATACATTAGTTAGGACCGATCCTGGAGAACACGTAAGAGCTAAATTGATGCCAAACCGAGACGGGGCCTAAAGACTTAGGGCACTCAGCCAGCCAATTATATTACTAAGAGGATTGTCCCTTACAAGATAGCGATTGAGATGTTTATCATG,330,46.36,Drosophila melanogaster
SEQ_332710,GCAGCTCATATTTAGCTTCCCATTAAGGACCTTCCCCGAACCAATTGGCCCCGAAGTGTTCCGAAGTCGCACCAACCCTGAGCGTGATAAGGCAGAATACAAAAACGGGGTTTGTGCGACAACCCCTAAACTGTGATATCGAAGGACTTAGTTGGTGAGCGTTCTACGGACAGTTTACCTGTTTCCATCTAACCCAGGGGAGTGGAAATTTATCTAACTTGCCGCAGGCCGAATACCCAGAGATTAAATTGAACACTTTACCTCTTCCGGCGATTTTAGGAGTCGGCCGCCTACGGTTGAAAATTGCCAGTTGGCGGCGTAGGTAACAACACCCGGTCCACCTGCCTTGAATCCCCTGTCATTGGTGGCGTCTTGGAGTCAGTAGCCGACAGTGGATAGAGGGTCACTAAAACTACGTACTCTAAGGTGGATATCACTTTGCATCAACCATTAAGTGTTCAGGGTGCCTCTATTAGATGTAGGTGGGATTCATCGGAGCTCGATTTGGCCGTGTCACCCCCGTGATTGATAGTGGTAGCTCTGGCGGATAGAACGCTTCTCATTCTGGCCGCAGGACTTCGCTAGTGAACACGCGCTGGACACCGCATGATGCATGCGACGGTCCTTCAGCATGTGCGCCACACGGCCGCGTGTTTTGGGACGGATGCGGTAACCTAATGCCAAGCATGTGACGGGTTTACCGCAGGATCGTGACTCTACCTCTACCGCCAGTTTCGACCGTTGTTTCGGGAGTATTTTTATTCCGATGTTTAGTGTAGAAACACCCACCGATAGTAGCGATAGTATGATTGATCAACCTTGTCGATGCACAGTTTGGAATCCCTATCGAGATTAACATCGGACGGACGGCATTGAGGGGAATTAAACTCAAATAAACTAGTGTTGTACTGGGTCCTGGTATACACCGAAGGTGGCCCGCGGCGAGCGTGTGTGACTTTTCGCCACAGGCCCATTACCTTGACAAGCATAGGCTTAAGGCGCTTCGAATATGGTTCAACTGGTGACATGTAACGAAATCCGATGCCGCATCCCGGCACTGACGATCGGGATAGTTACAGTAAATTCTTACCAGGCGGATGCCCCAACTTCTGAAGAATCTTAGCGACTGTGACGTCAAGCTTCAAATACGACATGTTTATCAAACTGCGACTGGCAATGCAAGTAGGATGAGAAGGTAAGGCCGCCTAGCTCTGGGAAGCCTTACAGTGCTGGATGTGCAGGGTACTATGGCACCTTCCCGCTGACGTATGCGCGACTCCACTTTGTGACGACCACCAGAAAACCACCGACGGGTTAGGACGTTCAAGGGGTCATACGGCTTCGCTTAACCTTCGTGCCGGAGTTAAAGCCCTGTCATCCTATAGCTCTATAGGGTACTGTCAATTCCAGCTTCTGTATTGTTAACCATGAGTCGAGGCTCCGGTAAAGGGCATCCCTCATGGCCGGGTACCGTGAGTACCTTTGTGTCTTGCAGAGAAAGCAACTTTTAGCATCTACGGAGTTAAGGAACCGTCCAGAGATACGCCCTAACTTTATGCCGCACTGGTCCACCGGCATTGCATGGCCATGGGTTCTGCCAAAAGTTTCCGCAGAGATTTATTGCAGGTACCCGGGTTGTATCATGATGTCGTGCTGTGGGTAAACATGGCTGAGTATGAGCATCCCTATGTGAGATACATGGATAAGTCAACCAGAAGGGCGGTAGGTAAATATAAGCGTTTCAAGAGTATCG,1753,50.31,Homo sapiens
SEQ_925677,AGTAGAACCTTTTTATCCCACAGCGTTGTGAGTTGCCATGCTTACCGCTTTCCTAACGATAGCAAGCGTGCACTTAGTAGAACGTACCTATTTCATTGGAGGACCTGTCCTAGAGATCGGGGATATTCAGCACACTGACGTCGGGCACCACATTTCCAGAGTGCATATCAGAGATGTAGATTTCTGCTACGCCGTCAACGCTCCCATCAGGTGTCCGATGCCATCAAGCCTGGGGGCAAATACACCCAGGCCGCCAGGCTGTTTGGATGCTTCCCTT,277,51.26,Escherichia coli
SEQ_207172,CACCAACTAGGCCCCAAGTACCAGTAAGGGCGGGCGACGGTTATACTACGCCGTGCCATTTCATATGTTCGACTTGAGGTCTCAGCCATTTTTGGCTCTGAGCAGTGGGCTTTCGGAGGCATATAACCGACGCATGAGACCCAGCACGCCTGTTATCCCGATTTATCGCCGGGAACTGGAGCCATTTGCCCGGCGTTTGAGTACCCGTCGCTCGCCACATATCAGCATGCCCCCTCCGCTACGCGCGACTATGGCAGTGTCCAGGCCTTAAAGACAAAATATGCATGCTAGACGGTCATTTATATCAGATGCAAAGGGCTACTGGCTGGATTTTCGTGATTTCCGAGTCTTACTTCCACGAAACGGACAGCGTTCAATGCAGATGGGATTATGCTTTGAGTTCCCACATACTGTCACTCGGGTCTGGCAGCGTCATTCGTGTGATCATCGAAGATTCTGTCTATACGCCGTAGGGCCCCTCAGCTTTCGAATCTTTCCAGAATTGATTTATGACTTATCACCGTCCGGGACGGAAGGCTTAGGAAACTAAAACTGAAAACGCACCGAGGTCATGGAGTCTCAATTAGGTATACGTCAGCACACAGTCCACAGTTTTGCCGCCGGCTCCACCTGATAATGGTGCCAAGCCAGTATCGTCAGCGACAATACTCTGCTCTAGCACGCTTGCCTTTACCCCAATATGGCACAAATACGCGCTACTTTCTCGACGTTATTCCAGCACATCTCGTAAACGGCCGGGAAGAACCGTGGGACGCGCGTCTCAAACCACTGAGAAATGCCGCCTAACCAATGTGATGCATATGTGACATTTATGCT,837,51.14,Mus musculus
SEQ_193593,AACCAATACTCCCGTTACGCCGTCTAGACATAGCTCTCCGACACTTGCGTAAAACTCATAACTATAGACCATCGAAACATGGGCGATAATCTCAACGGGGAACTCAGATATAAACATATAGGCAAGCGACTTTCTGGGGCTTTTCCCACTTGTCTCCAGGCAACTTTTTTCCCTAAGGACCTAGCACCCTATAGCTGCACTCGTAAGCGAATTGTCACCATTGGGTCGTACCCGTGAGGGTCCGTACCACCGCACGGACCGTGGGGTCTCCGTCGGCAACTGGAAAAGATCGGGACCTCTTCTATGTCCTCCGCGTTGAAATACACATTA,330,50.0,Homo sapiens
SEQ_687340,GTCTTTTCGCAAGAGCCACGGTAGAGGGTGGGCGTTAAATGCGAGGCGAGTAAAGCCAACCCGGTTAGCTTTCGTTTGAAGCTCCGCGCTAGGTTGTACTGCGGTACGTGCTAGTGGCCAATTAAGTTACCAGGTCCGACATTAAAGCCATCGCCTTCGCCCCGACGATTCCAGAGTGGGCTGGGGCTTAACTACAATTAGATAGGCTGCATCGATTTGGTCTGCATGCCCATACCTCAGCTCACGGATTCTCAAGACTTAGGGGACGGCGAACGCTGCGAGGGAGATTGCATGCTCTATAACACTCGCGGTGTACACAGGAGGAGGTTTACGGTTACAACCGGCGCTTAACGGCATCTGGCCACGCCTCGACATTAAGCGGGTCGGCGCGCAATTAGGCGGCGGGCTTTCCCTTATCTAAGCTGGCCACTTTCGCCGTTGCTTCTATTCTCCTTCAAACCTGCTAGTGCTTGACCAATATGTTGCACTACCGCCTCAGTTGGGAATCCTGTCTGTTGGCGAAAAAGGAGGTAGGCGGTCCTAACATCTGGTCCGCCGTAATTCACTACCAAATACTTGTAAGAAGTCCTCAACCATGGGCAGCAGCCCAGAGGCCTGACATCACTCCCCGTTTACCAGTGGAGTTGCACACTTTACGTGCGGCTGTCACCCATATAACCACCTACAAATGCAATAGTGATTCAGCCATAACCGTCAAACTAGAAGAGTTGACACTGAAAGATCCGGATCACCCGATCCGTCCTCAAAACGTCCTTTCCCTAGGCAGGCGTATTTTTGTTTTAATGAGAGTGACTTGGGTAAGTAATGTACGCCCGCAGGTCAGGGTCAACTTGCGACCGCGACCTGTTAGTAAGGATGAAAAAACCTCCCATCGACCGGTACCCCGATACCTATCACGACGTGATGAATATTAAGGGTAAGTCCCTATCTTTGATTTCAAAAGGTGCTGACAGCTGACCTGTGTACTCCTACGAACTTGGCAGCCATCCCGATTTTTGCGCCCGGATATTAGTACCGCAAGGTTGCACTTCAGGAGGAAGGCTTGCCCACTCCCTTCCGTCGTGTGCCGCAGGACCGAGCCAGTCGAAGTGGTGCCTTCGTGAAGTTCTCGAGCGTTAACTTGCAATTCCGATGGGAGCGTATATTTAGCAACATCAGCGCAGTAATAGTGATAAGCCCCGGAGGGTCCTAAGAATCCTCACTGAAACAACAGGGAATAGGTAATTACAAAGTTCCTACTGGAGGGCAACTCGCATGCAGCGCTCCTCCCAGAGGTACCATATTTTTCACCAGTTCCAGGGACTTGCGGTCACTCACACATGGTATCTCCTGGACGTATACTCCGCCCAAGTGGGCAGAACAGAGCGGCTTAATAAAGGGTGCTTCTCGATTACCACGAAAGATGGTGCACTTTGGGGCGGATACAGAATTTGTCCTAAGGAGTGTGGCAAGATTCTTGCAAATTCCATAGGATATCGTTAGATACCTGAATATAACCTACTAAGCATCCAGTTAAGGGCAATCGGGATACGCCGAAGACCCGAGGCTCACGTCTAGGGGGTGCCAACATGGTGGGGGCTAGAGGGAGTGTTCCTGATTTACCTCATAAGCGGATATAGCCAGTCACGCTGTGATGCTCCATGTTGTCAACTCAAACTCCTCAACCGTTGTTTGGAGGTCCGCCCAGATGTCACGCACATTTTGAGCCAGAAACTTAAACGGCTGCAGCCTAACTGGGATTGCCCCCCCTTATCCAGACGA,1782,51.35,Escherichia coli
SEQ_285136,TTATATGCAGTTGTGTCGTACATCTCCTCACCGTAAGGATCGGCGGCGCCGTCGATACTGCCGGCTAGGGGGTTAGTACTTGTATAGTGACATGTACCGCCTCTCAGTTATTATATCGCAGCCTTGCACAGGAGGGGACTAAACGCTGATGGTGTTGTATATAAATAACCTGCTGCATTGCAGAGCATCGAGTTGACCGTAGGCGAAATTTTAATATCTAGGCTGTTTAGATTCGTCGCGAGACTCGCAACTACGACTTGTTCATGGAACGGCGCGATCGTGCCCGCTTGCGATATCTGGGGACCGCGATCTAGTCCAACTATCCCAAAACTCGAGCCTAACTATGAGCATTATAGTACGCCCTCGAACC,370,49.73,Escherichia coli
SEQ_385300,CACCATAGTTGTAACGCTAGTTGCTTGGCGAGATCCCTTAAGATGCAACCTCTATTGAAACGTCGATAAGCTTTGGGCTGGTCGTCATGTACCCTACAGTCTTTGTCTTGCTCGATATGGGCGAATATCATGATCGACGTGATAAGGGGACACCCGATCGAAGTGCTTCACATTATAGCCCCATCATGCATCCACGTCGTGTAAGTCGTAATTACCTGGGCTGTTTGGAGTACAATTGACGTCTATGTGGTCGAGGCTCAGTGCTATTGAACGACTAGCATCTCATAGCGTGCTCAGGAATAGGCGAAGAGTTAGCTCGCTCATCCCCGAGAACTTAATCCACAAGTCCGTGTTTTCGACCGGCCAGAGATGGGCGGTAGATGGCTACCTAGCTTGTTCAGATTGCAGCTTTCTCTTCGGTGTATTCTACGGAGCAGATGTCTTGATGTGATCGCAACTCCAACCGCTATGGGCTAGCGCACCTGGAGTTTTCCTTGACCCGTCTGCTATGATTATAGGGAGGTGAGGATGTATCCATTCTTTACGGTTTACAAGTACACCGCGGAAAGTCCGGGCTTCGAGACACTTGGATGATTGTGAATCTACCTCAGGGGTACAAGGAGTGCGTACAATGGGGTGTAAGCGCCACAGCTAACCGCAAGTCTTAGTCAAGGGCAACAGCAGATTGTTACGAACGTTTTGTCAGCAGGATTATACTAAAAACTATTTGGCAGTTTAGCGGTATTCCCTATAGCGCCTCCGCCGTCGCGAGCCACTTTGAGTCCGTATTAAGAGAACCATTGTAATTCCTTATAATTCTACGATAGGCATACAGTATTACCCTGGCCTTCTGCTTACTTATCCTAATCAGCAGGACAGAATTCATTTCAATTATGCGACTTGCCTTGGAGCCCCCACTTGTTAGTTAATTAACGCTTGTATCGGCCTGAATAGACCACAATCGAAGTTTTATCTCCTTTGAAAGTTACTCGTCAATACTTGCTTATAGCTCTTTCGTCCCATTAAAACGCCGACCCCGTGCCGATATATAGCATGATTAGGGATGCTACCACGTGCTAACTAGCAGTAGCCGTGAAGTACGACGAACGATAGCAGTGCTGTCCTTCGCAGCACACTTAGGCCCACAGTTCCAGACTCAGACACTAGAATCAGATCCCGGATGCCAGTCGAACAATGGACGGATCATTACGACGGGTAGGTAAATAATTATAAGGTTAGTCTATTCAGTGGTGAATCGGGCCTACGTGATGGCATGAGACGTCACGGGCCTGCCACGAGGCCGACAAGTATCCGAAGTGGGATAATGCTGTGGATGTGAACCAGCGAGGTCCCACTGAAGACCGCCATCCAGCTTACACCTCCTCGACCGTTACGGCGCATTCTCTGCAGGAGCACTATATCGCCGGCATTCACTCTTTGCTTGATTCGCTGCAATTCCGCT,1462,48.5,Escherichia coli
SEQ_138276,CGCGCCCCGGTTCCGACTTTTACGCTGTATGAAGGTCACCACCAGCAGCCTTACCCATTCGTCCGATGATCTTTGGTCATCTGAAGCTTAAGTTGACGTCTCGTCTAGTGGCCAGCTGACGCTGCCTTTTCCGCCTTTGTACTTGCTGAGGTGAGGTGGCGGGTTCTCCTGAACGGGGTTCAGTACCCAGTGTCGCTAACTCCATGTAGCGATATTCACGATTTATTGTACGTACCTCGACTCAGGGTTCGGTACAGGCATACTCTTCAGCAGTGCCCAACTTTAAGTACAGGTCAGTTCAATTCTCGAAATCGTAACGTAACAATGCGTCTGATCGTTCGATCGCCCCAACGTGTCATTCGGACCTGCTGAAACCGTCAACTGTCTGTGTCGGATACCCCCAGCAGAATCGGCAAATTCCCGTTATAGTAAAATCTGCAATGGTGCAGAGGTTCGCTG,459,51.2,Saccharomyces cerevisiae
SEQ_603727,GTCTCCGGGCGGAGAATGAAAGCTAGGCCTCTGCTAAATGATGGACCACGTCAGTCCTTACCGGTCCGTCCTTTAATTCACACAGAGACT,90,52.22,Mus musculus
SEQ_826411,CCAACTTTGGTCAGCACATGGTGGGATAGCCCAGACCCGTACCAGTCTGGGCGAATGCGAGGGCCTATGGCTACACGGACGTCGGGTTGTTTCTCAAGGTGTCATAGGTCTGCGGTTAATATAGTGAGGCGGATCGACCTCTCCCCATTAATACAACGATTTGAGGCCTCGTTTCGAGCTCGTTAACAGGCCAGCGGTGTGTAGATAATGACTGAGGCCCCGCGTACTTTTAACACGTTCCGACGGTAATCAAAATACTCTATCATTCCACCTCAAAGACTGATACTCGACAAACTGGTGCATCGCGTCATCGCTAGTAATCCGTGATTATTCCGGGCGAATTGGTCGCACTCTAGGGTACGCCGGATCGCACAGTTTATTGCTGGGTAGGCCCGGCCTTGATCGCTTTCCGGGCGTTATTGTCCCGCCCTGTCGATGCTTATCTAGAATTCTTGGACTCAGGTAGCACGACCCTTTTGCTAAAGCGATCACTTGGACTCCGGAGTTCCTGGTGCATCCTATAGAAACTAACCGGTATCCTGTAGGCAGACTAAACGACAGCACGGCTTGCTAATTGGGAGATGCGCTATTTTGGTTGTGCACAAATTGTATTCCGACGTTCTTCCGGCCCAATAGTCTACCCTTGTCGACCTAAATGTTTGGTTTCAGACGACCAGTCAAAGCCGCGAAATGGTTATTTGCTACTACGCAATTGCTCAAAACGGCCCGCTAGCGCGATTAACAAATTCGTTCCTGCACCCTTATTGTGGAGCTAGCTCTTAGAGGGGTTCTGTAGTAATACAGCCACCTTCGACCGTTGCGTATGGCAAGAAGCCTACAAAAATCACCTCGGATTGCCTGAGTCTTTACAGCCTTCGCCTTGAGACAAGAGGTTAGCCTGCTGTAGGCCCAGTCGCCAGCCAAAGTCCCCTGCGATGACGTGGTTTTGGGCACCCAAGCCATTGAGCAGTATTGATGGTACTGTTGATAATTCCCGTCGCTACGTTGGAGGAATTTGTCCGCCGAAACACGCGAGGCTGTGTGAAAAGATCCGGCGACTAGGAATCCTGCTGTAGTTGGAATTGAGCACCCCCGCGACACAAATTGCTCGTAATGAATACCACTCAGATAAAACGTCATATTCCGGTAATTCATTTTGTAGTTTCTTCCGATTCAGACCTCTGTAGATGTCGTCAAGCCCATTTGCATGCGCGTTGTCAGATGACACCGACAGAACTCCCTCTTCTTAGCTGTGTCGCTCAGAGTGAAACTGCTATTGATTGAACGGAGTCATCCATACTCCGCGTCCACTGACCCCAACATTTTTTCGCAAAACCTTTCCCGGCTTAATGAAATACGGGAATTGTGAGTCTCCGATTCAAATAAAATTCTAGTAGGGCTTACTTTAGAATTATTAAATGTGTGCAAGCCGCAATCCTAAATTCCGCCGTACTTGAGCTGCAACGGGGATAAAAGTCCGAATGCGTAAGCAGGTTTCACGTCTGCAGACCGCGGTTAGGAATGCAACGGAAGCATAAACCATAAAGGGGAATAAAAGTTGCAGACCTTTTCTTTCGAGAAAATGCTTCTGCGGGTTGTCGTGGTAATTGCGGCCCAGTCAGACTCCTTCTGCCACAATGGGGAAAGTCCTAAAGATGAATTGAGTCCCTCCCTAGAACACTAATTTCCGCTTGACCGAGGGAGCGTTTATGCCTACCCTTCCCACATGATCGTGTCAGGTGCATCTACTCCCGGAGTGTCGAATCATAATCTACGAAAGCCGGTTACGCGCTCCTGAATCAAGAGCATGCCTCTCTAGGCCTATAATCCGCATCCTTAACCGTCTATCATGATGCCCCCCAGAAACATCTGGCCACTCGTTATCTCCCAGCCACGGTTAGCACAATGAAA,1911,49.24,Drosophila melanogaster
SEQ_460114,AGTCAGGCGATACTGCATTCTTACGGTGTTAGGCGCCGCTGACTGGCGGCCTTGAATGCCTTCGAGGAAGTCTGAATCCGTGATGTTGCTGTAACGAACTCGTCTGATTGGATCCTTTTCATCGGATATTCGTACACATAAGATTTGCATGGATAACCGCGTCTGTTGTACAGTACGCCGGGCAAGCCCCAATACCCCGTGGGGAGAACATAGTCGACGGATTACTAGGCGGGTCCTCTGTACTCATTAATGGGCAGCTTTTGTGCAATCCCGGAACCTTTATGAGTGTGCACGGTCATAGTCGAATTCGATGACTGGGCAAATAACTCCAGAGGTACCACGGAGATGGAGGGTGTATGCCCACTCAATCTACAAAATAACCGCGGATGTGTATTCGGTACTATACCAGTTCGGGTTTGGCCTTCGGGCTGATACCCTTACTATGCCTGGCCGCCGGTTTTTGACTCTGAGTAAGTCACTTGGAGATATGAGAAGGTAAACGAGTCGAGCTGCCGGCGCTGATTATTTTCGCGAGCTGAAGTATCCCGGGACATGACGGTCAAATCATCGGGGCCTCGGGCCCGTCGGCGCCGTAAGTGAGCTTTCGGCAGTTCCAGTTTATGAGTCGAAAAATTGGATAAGCTTACTCTCTATTGATTTCAGTTAGTTGATCTCGTGTGGGATGACATGGGGGTAATAGGTCTTTTTACAAAGCAATCCTCTTGAAAGTATGATGTTGAAGGCAGGGACGCCTGGGATACGCCAGTCTGCCGGCGACCACTCCCCTCGGCGGGTTAGGAGCGAATATGCGTTGTCTTACTCTACAAACTCAGGGCAGTTAATCCGTTCAATGTGAGGTGGAGGTATTAGTCAAACGCGAGGGCGGACGGACTTAAAGGGGCCTAGAATAAGATTTACCCCTGTGGATAAGGCTACAACCATAGATTGGCTCCGATCCGAGTCAGCTTCTGCGCCCGCCCAACAACTATGCAAGTTATTCGGTATTCAATACACGACCCCTACGAGACGCATACTGGGGAAATTTGAGTAGTTCGTAGATCGTACGACGC,1070,50.37,Mus musculus
SEQ_619108,ATATATATTCGTGCCTCCAATCACGCTGCTTTAACTTTCTACGATGGGCCTTTACCCAGGACCCACCTCTGTGGCCTAATAGGATCCATCTTATTTTTAGGCACTTAATCTATTGTGACCTTAAGACGGACGTCTACAGATTAAGTGTAGAGTCTAGGCATCAGATCAGTGTACCTTGCTTCTGTAATATTTATGGGGGCATGCTAATCATGTGTTGATAAAGTGGTCACGACCCACTGCAAGATCTATTGTCGAGTAGACTTACGGAAACTAAAGAGGGGGATTGTGCATTAGGCGCAGCGGAGTGGCGGGTCTCAGGGAGCATCCCGGGCAGCAGAAGTCACGAGCAGGAATTAGTAATGACCGGCCGGTATGTGTTTTATGGCCCCTTTAGCGGTCGGACTTGAGGACAAAAACGTAAAAAGGCGCGAAGATACTCATGGTAGATAACTGGACTTAAGAACAACGTTTTCATGTGGCTTAACATGAGAAACTGCTAACCAGCTAGAGCTGGTAGAGGCCCTCCATTCTAGCGAAATACCGTAGCCCGTGTCGATCGGATGCGTTGCGTCGGTCGAGTCCTGGTCTCATGTGTTTTGGGCACCTTCCAGTTTATGTCTTTCGTCAACTTGCGAAACCTAGACAGCCTTCTCACCTTCGTAGGTTGCAGCGGCATGTTCGGCAGGACGTTGCATGCACGGAGAACCGAAGCTCAATCAAGCCGGTTCAGAGACAATAATTAGTAATGCGCCTTCCCCTGTTTTAGTGATCTAATGTGTTGACAATTCGTCTAGTTCCGCGTTGGACGGCGTACGATGTTGGCGTGTGCGGACCCGGACACTACTGCAACGGGACAAACAGTCTTCGTCAGCCCCTAGTTAACCGCTAGGCGGAAGCGATTGGTCAAATCAAACACTCTGCGTGCAGGTGGCAGGGTAACGCTAGAGCGCAGAGTTCAGGTTCTCCTGTGCTGCGCCCCCGAGTTTATTTGGATGTCGATTGGTCACGTACTGGTAACGCGCGAGGATTAGGACAGGTCGGCGCAATCGAAAATTCGCCAAAAAGAGCACGATATCAGCGCACGGTCGCGACTAATTATGCACAATCATACTAGAGGACATAGAGTCTCCAGCTAATCAACCCGACTGGCCGCTTAGTGCAGACCCCGCCGAAGCATTGCCACCCT,1186,50.17,Escherichia coli
SEQ_573504,AGTCGACTAGATACCATAGTAAGTACCAGTCTGGAACCTCAAAGAATAAGTATCGCAAGTTGCTACTAATAGGCATTGAACATTGAGTGTGCGGCGACTTACGAAGACTTAGACGGGCCCTAGGGAGCGGCGTCGAAAGTTGGACACGTGTTTATCATTTATCTTAACCGTGTGGGGCGACAACGCTAGGAATGATCCTGTGAGTGTTCGTGGTGGGGTAGAAAGGCGGGGCATGATAGAAACTAGCGTTCAATGTAGGCAGTTCAGGTACCAGTGAGCACGGAGCTCCTATTAACAGCAAACCGCACGTTAATAAAACAGTTAGAGATGTGGTAGCTATCTTACCGACCTATCAGCATCGCCAACAGCTACCAGCCAAATAGTCTTGGACCGATTTATTAATGAACTTAACCGACAGAGGCTTTAGCAGGGTAACAGATCCTATCCCGCCGATGTTCTCCGCTATGGAACCATACGCCTAGACATGCACCACCTAAGCCATCCGATATTGTTGGCGTACTGAAAGTTAGAAGACAGACCCGTACACTCGAGTAGAGGAACCAGGACACCCGGTCGTATGGACTGAGGGGGGCTACTTCTTCTTACAACGGTAATTGGTTTCTTCTTCCGATTTAAAAACCGGATCTAGTCGGCTTACTGGCTGGATCAACCGGTCGTTGTTGATACATATGTGTGCGTGGATTAACTAGAGTGTGTTGCCACTGAGCCCCGGGAAAGATCATTACAATACAGCCGTGCTACGCCGCTCAAATTGACCACCCCAGCTTTCCGGCTCCCAGGCCGTACATTTCCACCGTTGACCCCCGCCGGTGGAGGCGACATGACATTGATAGTCGTACGTGGCCACGTCTTTTCTCCACCCTCTGGCGTAGGAAAGTACCACGGGTGTTTGGGCCGGTCAAGCCCTACGGCACTCCATCCCTAGCCGAGCTCGTTTGTTTTCGCCGTGGGCAACCGTAGATCTTACAAGTCTTCACAACTACGATACTACCAGACCTCTACCCAACCGACAGTGAACGGGCTAGCTTCATTACCATACGAATAGATAGTCTCTAACCCCCGAAAGCCAGTTAGCGGGATAAAGGAGAGCAGATTCCGCAAGATTTGACACTGCAGGTGATAGATTCCAATATATCTAAGTTCCTGTTTGATGATAAGATTATCCTCCCCTCCATAAGTGGGACCCAAGGCGTATGTCTGTGAGATACAGATGACGAATGTTTTTATAGAATATGATAAGTGTGAGGGGTCAGGCGGGGGATGGTTTGTCATAGCGCAGCATCGCCTAAAATTTCTCCTGTAGCGCCGTACCCATATCGCCGCTGAGGCTGTACTTCATCGTAACATTAGAGTGGGTGAATGGACACGGGCCTCAGTTAAACAGTTGTAGCGCGCCACGCGGAACGTGTGGCACGTTAATTCGTTGTGGCAGAAGTGCGGAACCCCTTCCGGCCTCGCGACGACTGTTGCGGTTTAAACCCGTGTCTCATTGGTCATTAACACGTTATTACACCTTCATACTGGTCAGAAAGACAGCTCCGGGCCCGGCTCACGTTTATAGTC,1584,49.87,Mus musculus
SEQ_127059,GTAATCTCCAAACGGTGAGGCAGAGGGTGAATCATGTTGGTGGATGTAACAGGATTAACCGGAGGGTCTTTATAGTGGTGTACCTGAGTTACTATGGCTGGAGGTACTTGTCCTATGATAGTCGAAAATATTTAATTTAAGTCTCGATACGGTTGCAGGTAATGTGCAGTAGACCCCCTTACATGGTAAGCCAGTAATGCTGCCAATCGCTACCTACGTCCGCGTTATTAGGAGTTGGCCTACCTATACTTGAGATGAACCGAGATCGCGGTGGTGGTTTGATGGTGGCCGCGAAGGTGAAGCCTTCGGAACCCATGCAGCACGAATCTCTAACGACCTTTTATCTATCACTAGAATCCGATGGGTGCTAGCGCGTCAGACTGTAGGTACGAGAGTTCGATCTACAGATCACCGTAAGGTCCAGTTTAACTCCTACTTGCTAGGGATTGCGAGGGATCCGGCGCGGTATTTCCGTATCTCGAGTCCGTCAATGGTGACGCTGCGGCCGAACCGCTGGTATATAAATCAATGGGACTGCATCTAGGTCTTAATTGGGCTAGAATGCAGTAGCATTTCGGCTGGGGGACGGGTAGTTTAGTTCGAGCGCTTCAACTCCTTCAATAGAGACTGGAAGATAACGTTTGGACACCCCACACACAATAAAAATCTTACGTCGGCACTGCACACAAGTGGTTTATCGGCGTCGTGGGCATGTATTTCGCAAGCGGGCACGCGCAGGCTTGAGTAGTCAGGACCAAACCCGCAGCTCGGCTTTAAGCCGGTTCGTGTAATTACGTTGGTAAGACATCTTGTTCATATCCTTTAGGATCATAAGCGGCAGGAATTTTCTCGCACTATTTGAAAAATACGGCCCCTGATAAGCCTCGCTGTTTTTCCCATAAATGCTGCTAACTTTCTATGTACATTTTATGGAATGATTAGCAGCGGCAGCTTGAGTCTGGGCGTAATCAGGGCCCTTTCTAATGCAGAAGATGGCTACCAGTGGTAATGGTGATATGGCCACAGTCTGATCCCAAGATGGAAACGTTGCGACCCATGTGCAAGTTATTCTCACGGTTAACATCTTCTGTATATTTCCGTAA,1103,47.87,Drosophila melanogaster
SEQ_389006,CCCCATCCCTTCCATGAATTCGGACACTACCTATAGATCAGGATGGTCTAACACCTTTCACGTCCATTTAATAGCACCCCTAGTCTATCGAACTCGGAATAGGTTTGGAGTGCTAGCGACCGCTGGAGGTAGGCGCTCATTGGATGCCATCTCTTCACACGGCCTACCCTTTGTCGCATGGATATCATCTTTAGACATCTAGCCCGTTATAATCCCTCTTATTAGTTGTGGATCTCTTGTCGCTTGCAAGAAAAAAGGAAGAGGTGGTGCGGCTATCGAACCTAGCTCGGAGCGTCAGCCCTGATGTCCGATAAAAGAATCTGTACCGGAGTGCCCTGCGTGATATGCAACTCGTTGTTGTACGATGAATTGATAGTATCACTACGTGGGATCCTCCCCTATACGGGATTCCACCTCGCTGGAAGTCTCCTAGGATTGCGCCGACGAGTCGCCCGGAGTACCCGAGTCGTGGTGACTGCGGTCGGCACCCCCGTCATCAACGTGTAGTTTTTTAAGTGACAAATGGGCCCGGAAGCCTGCCCTAGAAAACATATACTTGACGAACACGGTCTTGAAAATTATAGGTCTGCTGTTATCGGAGGTGTAGACGGGCTGTGGGAGCGTGCACTTAACTGTAAACGAGATTTCCCCGGGTCTCTCGGGGCGCGGGACACTTAAATTATGTGATTCTACAAATGGGGCTGTCACACCAGAAGTGCCTTACACCGCATATACAGACCCAGGAACTTCCGCTGGTCTTGACATACTTATTAGTTGTTAATGACTTAGATCACCACCTAAGGAGC,806,50.0,Homo sapiens
SEQ_793307,GTGGGACTACAGCTGGGCAGGATTGAATTGCACCTGTCTCTAGACGACCCCGCTTACCAGTCAACAAGGACGGCAGGGCCTACGTTTACCATCATAGAAATCAACCCATGGCTCCTTTGTAAGTCGGCCCTTGGGCCTGCTGGCTGCGCCAAAGGCCGAGTCCATCCCGCGATCAAATGTCGTCCGCATGGTACTGTGATAGAGTGCGAGAGCCAGGTCCCCCCTCAGTACTTGCTATGGGCCTATTCACCAAATGAGTTGCAGTCCAGGTGGACCGTATTTATCTAGATGGCCGAGGCCTGTAGAGTTATTGGACAAGATCAGGAGCGTCTCACAACATTTATCAGCTAACAAATTTTTGGTGGCCCGCGTCTCTAATTCAGGTCTCGTTCACGGAGTTCAGTCGGGCTTGTGTGTAGCGTTGACATTCAGCTCCAGCTGCGCTTTCCAGAACTAAGTCGGAGTCGTTGTGACATTAGGACCACTTACCGGTGTGC,497,52.92,Homo sapiens
SEQ_308904,GCGGGTACCTCCTTGGCATGTGCAATCGCTTTTCGCCACTATGGGTTAAAGGGTTCCCGCCGTTCCATGGCCAAAACCCTTAAACCTGCTGATGTTCATTGGGTGGTAAAGTCTAGGTACCGAGGAAGATATGGTAGCGTCGTGCAAGACGCTCCTGTTAAAGTAAGAACGACACTGAACGATTAGCGGGATCTTGTTGATATCTTTTTCGGCTCGTCCACCGCTACCACAGCCTCTTATTACTTCTGTATCTCACGCGACGAGCCGGTGCGAGTTCTTACGTCATCTTCTAAGCTACTCATAGTGACCACTTAAGTATGTAGAAGCTGCATAATAGAGGTGAGCTACCCTAAAACGCAGGGCGCTA,367,49.05,Drosophila melanogaster
SEQ_288800,AAGTGGTCAGGGTGATGTAAGGGTACAGGGACAGCGTGCCTGGCTCTGGGCCACCGACTGGTGATGGTCCGGCAGAGTACGGGTGGCGGTTCAGCATAGAAAACTCCGTGACCAGTCTTTACTGGTCCCTAAAGCACGCTAACGCCACACACAAGGTAACGGAGTCACCGTAACTTGCAAGGCTACGAGTGCGGGAACACGTGCTGCCTTGACGATTGACAAGCCGAAAAGGCCCTATAACAGAAGCGCAGGAGAGCTTGTCAGAGTCGCACTCCTCCGGACAGGAGTAGACCGTAATCAGTGATGCTCTGGAGGGATCTAGCGTGAAATGGCTGGTCGGTGTCTGTCAGATCAGTACCTTGGTTTATAGCAACCTTTACGCCTACGTTCCCAGTCTTAGATCGAAACGACCTCTCTGCTTCTCTCTGCGCCGCGCGTTCAGGCCATGGAGCACAGTGAGCTCTGTGCACTCGATATATTGCAATGAACTCA,492,54.27,Mus musculus
SEQ_780121,GTTCACGTCGTGCACAATCTACGCCAGCTTTTAACCTACATAATAAAGCGTAAGGAGTAGTGCTTAGATAATGGCTTGTACAGCCTCCGAACCGTTTGCGGAGTTTCTCCACATTAGACCGTATCGGCTATCTCCAAGATACGTTCAGTTGGTCTACGGCTATATATGTATAACCCCCAGGATACTGTGTTTGCCTTGTGATTCAAAACGGTCTTCGAGAAGGGTGACTGTGGGTCGGTCTAAGCAGTTAATCCCACTGGCGCCGGGAACGCCGCCACTCCTTGTTTACCCCCATGTGCCATATAGTATCCTGCGCCACCTCGACATGTAGAATTCTATTGCCTATTAGAGGCAATGGACCCAAGCCTAAGGACCAATCCTCGCCCGAATCGCCCCCTATACCGTTCACTTGCCGCGGCGCTTCATAACGCCAGGTGAGCGGCTGGAGCCGTCTCGTCCGAGTCGGGAGTGGGACGATCCTACCCTTCCGTAGAGTCATAAGTTCATCGCCATCTCTGCTGTCACGTTGAACCTATCTTATTCGCCGCGAACCGGTTGGTTCGGTATGAAGGATTACCCTTTAATGCTCAGCACTAGAAAACCACCTAGAAGGTTAATGTCGTACTCGAACCTCTGCGGTGTCTATAAGCAAGGTCGTTAATATAGTGCGAGAGGACGCAAGAACCCACCCCCGGGAGTAGTCTAAAGAGTGTGCTAGAGGACTAGGAGGAAATTTAACCAAAGCCTGACTAGTACAGGGTAGAAATTTCGCCGAGCTGGCTGGCGCATAAATAGGCGCTCTCCCATATTGGATCGACATTATCCTTTTAAGGCTTTATTAAAACGCTCTAGCGATCGGCAACCTTTCCCCCCGCAGAATTCCTCGGGCAACCCCGTCGTCTCCAGTAGTTGTGGGGCCAGGTATATCAATTGCCCCCATATAATAGGCTCATCTTCATTGTCAGATAACCGCTCTTCATCTGGCACACGCACGCGCCGTGTAGATACGCCGGATCCGGGCTCGCGCGGCTCACGTG,1037,51.4,Caenorhabditis elegans
SEQ_417339,GCTTCCTATCGTGTTAAGTCATTGACTCAGCAGTCTTCCAAAGCATCAAGACAACTTCCCTGATGCAGATTAGCTTCGGCATGAACGAGCGAGTGCACTTCCAAGCAATCGCGTGCCGACGACCCCAGCCCGTTTCGATCATTCCCTTGACCACAGCCCCGATCAATTGGATGTGGGTTATAACAGCACGTATCGTTAACAGACCGAGGTGGCGTCTTGTAGATTGAACGGCATGCCTTTGCGGCGAGGTCCGTAGACTTCAGACATGGGTCCCACTGCCTACATCTCCAAGAGGGGATAAGCTTCTAGTCCCATTGAAGAACCTATGATCAGAATAATCACGCGCGATCTTGTTGGAGTTCTGGTCCCACACATCCAGCTACCAACCTCGGCCAGGAGCTTTAATCGGGTTAAAATGCGGCTAGATGCAGTCGCAATAACACCCCCCACTTAAACGATTACTTACCGCCGGGATTAAATGCGTCCACCTCGGCATGGGAGCTCTAGTAGATGCACTATTCATCTTTGATAAACACACGGATTGGACTCACCGCTGCGGGTAAAAGCACGTCGCTTATTCCTATGCTGCAGTTATGTGACGAGTTTAGGACCCCCCAATTGAGCCCATGAAAACATGGAGACGAGTAATAGCTACAAGCAAGATAGTACCTGACTGTAGCCGGTAACCTCGCGATTAGTCCGGCTAAGCGAAATCCGTCCGCGATATAAGACTCTACTTACGCATCGCAATGGAATAAGAGCCCTTTGCGGACGCAACATCCAGCCCAGCAGGTACGATCTTGTCGGCTAGTGAATATGCCGTTTTTGAATAAAAAGGCTCTCGACCCATGAGGGCTGCATTACCCAATATCACGCCGTTAATACGGGGTTCTCGTTGCCCCGTGCAGCATCGCGTCTTGAGTAATTGGATTTATAGTATTGGACGCAAGATACGAATCCGAAAATAGACCTGCTTAACATACGTCGACGAATTATAGCACTTTGCATTGCCGACAACCCCGGACAGATATAAAGGTCAACGGGCTCTCGCTCGTCGCCCGCTCCACGATCGTTCAGGGATCCAAATACAATAGTTAAAATTTGTAAAACTTAAGTAGGCTAAAGGGCCTGGGACCGCTACGCCATGCTTTACCACGGCAAGTTTCGAACTTATCATTGTTGGCAAAGCTTACGGAAGAAAAAGATTGCGATCTACAGTTAGATCGTAGAGCACACGGCCTCCGGTCTTATAACTACAAGCAGGATTTCAGACCTGCTCTTTTATTCATATCGCAAAAGACGCCCGATGTATATCTTCGAATCTCATGCAGGTATCAGTGGCTTTAGTCGCCACCATTCTGAGACACTTAGAGGACCCTGCTGCGCGGTTGCTCTAATTTCCAGCGGCCCAAGTGACCCGAAATCCAGTGTTAGTGCAGTCCCGATCAGGCATCACGTTATACCTAGCCGTCCCTCCGGAAAGATAACATGTGGAGTATCTACGACACACCAGGCACCATCATATTCGAGAGCTGTTACTAGTAAAGAGCTCCAAGTTAGGAACGCACGACCCTTTGCGTATGTTGACGCGGATGTAACCTGTAAATGTCTTAAATACCGCTACCGCGATTCTACTACACCTAGGTCAAGGACAATGCTCCCATTCACAGGGCGCTGGGTTGAACCAATCGTCGGCCTGTACGCAAGATGAAACTTCGGAAGCCCTTCCGCAGCAGCTGCTATCGGGATCTTAAGAGAGTGGCCAGCATACAGACGGAACCACACAGGCCCAAGCAGTTATGCCATGCTTAGCGTCTTGCCGTAAATATAGTAGAAGTTGGACTGAAAAATGGATACGACTACGAGGAAACGAATCCGCGATGTCAATGAGGCTACGA,1898,49.16,Saccharomyces cerevisiae
SEQ_437709,AGTTCCGAGGTACTTCCAGAGTGTGGACCCCGGCCTTAAGTTTGCATAGTAGCAGTTGAGTTTGAGGCATCTTGCACTACTGTAAGGAACTCGATTCGAAGACCTCTCGGGAAAGGACATTCACTTGCTTAACACCAGTCCCAAAACCCTCTTGGCCGCGCAAGCTTGCATCTGCGCTGCGTCAATATAGGCAGGAAGTACCTATCGCCAATTATCGTAGTACTGCAGCATATAACGTATCTCTCACCTCCTTCAGATTGGTACAATAGAGTATGGTTTCGCAATTGCGAGCATTCAAAATACTATGTGAATAAAGCATAAAATTATTGGCGTGGATTGCTCGGGCCTGCGTCCATTATGCGGATATGATTTATCATTAGTCCAGCCAGAGATGCGTTCCTCATTCCGTCGCCAGACTGCCCGTTCCCGATATCAACCCCCTTGCACTAGCTCCACTATGTGCAGCATCGCCTCGGTGGCTACGCACATGGGTATGCCGCTGTGAGCCAGGAGGACCCTCTCAAGGGTCCGAATGGTCATGGACTTAGCATTATGGTGCTCGAAAGAAGTGCAGTAACAGTTACGTACAGCGAACTCCAACCGGGGCACCAACTAGTCCATGGTGTTTCAAATGACTTGACATCCCGGGGCTTAGTTCCAGCGCAGAACCACCATAAAGGCGTAACATCGCGCAGGTACGATATAGTCGAACCCTGAAATGCCGCTCGGATGCGGCGGATATCTCGTCGACCGACGATCTCTACGACAATGTCAAGCATTTACGACGCACTACTTCTTCTTTATGCGGACTCCAGGACGAACATACACTAGGAATTCGGGGTTTTATCGACACAACAACGACGGTTACCGATAATTGAA,879,49.49,Mus musculus
SEQ_251700,ACAATTGTTCGTTGCAATCATGGGGTTATGTGCAAGCGTTCCTAGTGGTGCAGGGTCGATAAAGCAGTACGATACGCGACGCGCAACAAATGGTTCGGACACGTTTGGAATCGTTGTCCCATACGCATCACTGAGCGCGATACAGGGACGTTATCTATACAACTTCCACTTAGCAGATAAACACGGGA,188,48.4,Homo sapiens
SEQ_267075,GAATTCCAGGGGAGACACATGTCGGTCGAGTAGTGAGAAATGTATACGAGCTTGAGATTGAGTGTTGCGCTGGTGCAACAACACTCATAGACCGGGCCTCACAGCGTACTTTGGAACACAATACACTCCGGGCGGCAGAACACATTGACTGTCTCACGTGGACCGCTCCTAGCCCGCAAGCAATGGATAACATTCACTGCGAAATACGGCAGCTCTTGCGCGGCAGACTCGGCTTCGGGGTTAGCCTCTACGAATGAACAGGTAGTTATTTGCCTTACCCATCGAAGCACAAAAGCAACCGGTTAGGACTCTCCCCTTCCTACGATGGCAATCCAGTGTAAAGCGAGCCCACACCGTCCCTGGCGAACATCGAGTCCACTTCGAACTGGGCTGATGTCGTTCGTATGATGTAATAAGAGGATTAAATGTCGATCCGTAGTCCGGCATCCACTAGGGTGGACTAGAAATAGCCTTCTCCTCTGGGAAAGTGGAGCGGGACTGCCTTCCCGAGAGTTGTGTAGAGAGATTCAGATGCTACCCCCCCTGCCCGCCTTATGTTTCGTTGGCTCATGTGTATAGTCCCGTCTGCTCACTTTTCGCTTGGCGCTTCGCGTGTGTGTTTTCGCACATGGAAGACCGATCACTGGAAGGATAACTATATCGTAGGCTAAGTGGTCGACACTCGCTCTGTAAAATGTCGTCCGGGTAAGACACGGGTGGTGGTTTCTATTCTGGTCCACCACTAAAGACAACCACACAAGACCGAGGCAAACAGGTGGTGGACCTGGTTAATCGCAGTAGTATAATTAGTACCGGCTACGGGACGGTGTTAAGACGCTTATAAATTGGCCCTAGATCGTTATTGGCAACCTACTTTTCCGACCACTCGCCCGCCAGGGGGCGCCACACAGGCGTACTATCGGACTGTCAGGCTTGGGTCGTACCTGGCCGGTGATAACCCGAGTCTTGGCGGCCATATAATGAGCTACCCTGAAACTGACGTCCATTTAACTGTTCCCAGATCTGGAGAACGTTAAAGGGGGACCTGAGAAGGATGGAAAGTCGCGCTCTAGGAGACACCTCCATGATCTAAACATGCACTCCGCGGTGGGCGTCAGTCGCCGATTTTTGCGAAGTTCTACCGAACGACAGTAAGAAATTCCCTCAGTCGCCACAGTAGAAATTGGACTCGTCCTTTCCGGCGAGTGAAAGGAGAATTTATCATTTTAAACTCGCCTAACATGGGTCACTCCTAAGAAAGCTAACATCTGAGGATCTTGGTACGCAACCTGGGAGAAGTTTTTTTGAAACAAAGTCACTTCCAAGATATACATCCGATTAACGTTAAAATATTAGGGCGTGGACCTAAAATAACGATCTACGGGTCGGGACTGGCCTGTCCGATCTGCAGTAACGTTTGAGCCACGCACATTCCTGCGTAGAGTCCCTGGAACTCTCGTTTAGGAACCGAATAGCGCGCCGTATGCCTATTGGAGATACCCACGATATGACGAACTGATGCTTGT,1526,50.79,Drosophila melanogaster
SEQ_233082,GCCGGGACTCGTCTGTATAGTTATATAGTCGAGATCAGTTTCATGGAACAGGCTATCCTGAGATACCCCCTGCCTCCAGTGCTCCGATCGTGAGTATAATATTCGTGGGCCTCCTCACGGCTACTCATGTATTCCAACCTTCAGGTCGGATTGGGGAGGGCTACTACGAGGATTCTCAGCCCTTAAGCCAGAGGTTTTAAATGACCTTCTACAATTCCTTTTCATTATCCTCCATCCATAAGCTTATGGCTTACGGTCTCTATGTAAGTCCGCTTTCTGGCCCGCTCTAGTGCACTCAGGGCAACTTCCGCATTCAGAAACCAACTTTGCAACTGTCATCGGACGACGCTTAGTAGTGGAGTACTGTCGCCTGAACCTTGCTGTCAGAATCCGACGCGCTCGCCACACGAGTTCTTCCTGAAGGCGACAGTCCAATATTAGACAATTCATCCATAGAACGCCCCCGTGTAGTATCTAGGTTCGATCTTGGAGACTGGGACGGGCCCGTAGGATCGGAAGCCGGCCTATCACCTAGCTTGAGGTC,544,50.92,Saccharomyces cerevisiae
SEQ_907004,AGCTCTATCATCTACTAGTAACAGTGGAAAGTTGATGGCTTGATGGTCCCGTAACCAGAACCGATCCGTACGCACGTTGCATCCTGGATTGCGTGCCAAATTAATGGTATATTGCAGCTGTACTGCTCCGTTGAGAACGTCGCTCAGACCGCGACCCAGGATTGCGGGTAAGACCATCATGAGGCTAGCCTGACCTTGGGATCCTGTCCAAGCGAACTGAAGCTCCGACAGCGGCCGAAAACGCAATATGCACTTCGCGTGCACCCGTCAATTCCTCGGCATTCCTATGAGTTGTTATCGATAGTCTAAATTTGACCAACTCCACTACCTAGGGACGTATGGGATCGCTGTAATAAGGCTGAGGGGTGGACCTAGAGTTAGCGGGACAGTAAATTCTCCCTGAGCTGTTCCTATCTTTCGGCTCGAGTCAGTCGGCAGGTTTACAGGGCTGCAATTCCACGATTAGGGAGTCCGAATAAAGAGCACGATTATCAATAGTGATATGTGGCGCCCAGGTATACTTCTCTCAGGGCCCTTGCAAATTTCGTTACTGAGACCGAATTGTGTACACAGCCGCCCGAATTAGCGAGAAGCGGGTTTGGAGTGGTATCATACGTCTATAACGAAAAGATGAGACGTGCCCTGGATTCGGTGTGGCCTCTATTACTGTCATATACAACCCCCGTATCGACTTTAGGATTACTTCCAAACTATCCACGTTTGCTGGGAGCTTGCTGCTACTTGTTCGTTCTTATCGAGCACCTCTATTTGGGCGGCGGATGAGGGGAAGCCCGTTTCGCTCGAAACGCGGTAGGGCTCCGCCTGAAGATGATTCATCTGGTTAACGGAGTTACAGAATTAAAACCATCACGTGTGCTGGCACTCTTCCTCTGCCAGATCGCCTTTAAGCCGCTACAGATTAGCGAGCTGTTCTCCTAGGAAAGAGCAACAGTCTTCGACCTTTTCAGCACATTATATAAATGGGAAGTATTGCGCCCGAGGTCCCGTCTTGATTCCTTGAAAAGCCCTATTGCCTGTGGTCACTAATGCACCCGCGCTAAGCGCCGCCAGGAAGGACAAAACAATCATAGCTTTTTCCTATTCTTGTATTCTGCACAGGATGGGGCTCACGATTGTGTCACGTCGCCCCGAGGTGTCTTATTACCATGAAACTGGCAACTAAATATCGGGCTGGTGTACTACACGGTCAGCCGACTCCTCGTCTAAACGCACCTCTCCCCGTAATACCTAGAAGCAGGGTGTCTTCCTCGTCCCATCCCAAGCCATACTGTCAAGAGCTCGTGTGGCCAGATATCTCCACTGATTAAAGGACAACGATATAGTTATATCGCGACGCGCTATTATATTACTGTTTTCCGCGTGGGGAACAGGCCTTGCACCTCTTTCTCAGACGTATTGGGGGCTGGCAACCCTACGGCCATCGTCCGGGAGCCG,1455,50.52,Escherichia coli
SEQ_443690,ACTTCTACGCAGGCCCTTCTTGATAAGACCTCCCCCTCTAACTTCCTTGCATACAGACCTTGGACACAGTGCGCGACCGCGCAATCAGGTGTAACGTGCACCCTGGCAAAACGGAAGTCTGCCGTTATAGCGCTTGATATAGCGTTACGTCGGCCCGAATGGCTTGTAATACCAGCGGTAGCCGCCCTAACTGTAGATGTCCGATAAATATGCTCTCATCGATGGCTTATCGCTGGGTCCTGTTTCGGATCACCTTCGCTCTGATGAAGTATCCTTAGTACTTCAACACTCCGTTGGTCCCGCGCTGTCACTCCGAAACGATCAGCACTTTGCAGCTGATAGCCTACACTTACTATAGTGTCGCATGTTTTTAGTTAGAGAGCAACGTCCGGACCACTCGCATTTAAGCGGTATTTTGCCGAGGTCCCGCTGAGATGCCCGATTAAAAGTCCTTCCGGACGGGGTGACGCGCGCCACAAACCAGCAAGAACGTATGTCTCAGATGTAGGCAAGGCCGATTCACGGTCCAATCCTAGGTGTTCCAACTCATGAGCGGCCAAAGAATGCCTTGGAAAGAAGCATTCTACTGAGAGTGGTCGATCAGGGTCGGACTTACGGTCTTCCAGACGACGCTGCTATGCGTATCACACCTCCATCCGCTGTGGGACCCTACATCAGTCGAATTTCCGGATCCGATCGACGCGCAGCGACCAGCGGAAGCACGCAGCCAGCTCTCGATCCCCGCAGGAGCGGTAGGCCTTTATTATCAATTCACGGCCAACGGTAAACTGGCGTCTTTTTCCAAGCAGGCGGTGCCGAATTCATGTCTAGCTCGACAGGCGTCTACTCGCGCCGCTGCCCTGTATATCCTCGCGAACCATAATAACGAACTTTGGAGACGGGCCTCCCACCGTTTCCCTAAAACCCGTGCTCATTGGGCATACATAAGGTCTGATGTCATGGTGGAGAGCGGAGTAGCAACCCCGTCCAAAGATTGTCGTAACTAATCAGAATTGGGGCACCGGAAACACTGCAAGTATCAACCGCTTCGTCTGAGCCACTGCTTCGGGGAGATGATCTGGATCGGCCCCTTTACCGACTACCCTTAACGGCGTTAGCAGTCCGTTTGCACTGCGTAATAGCCGTCCCGTACTGATGCGTACACGTTGACAATTCGCTATATTGTACCATGTTGCGACATTTAGACAGTCGGTCACCCATAATTGTACGGTAAAGCCGTCCTGAAGACATGGGGGATCACTGACCGCCGGCTTGTTTCTATTTTTTCACCAGGGCTGTCAGGGGTTTGTCTTGCTGAAACGCTTGACGATCACTCACGCGGTACATATCTAAAGACTCAACCAGTCCGTCGCTATGTTATGTGAAGTGAGTCACTGGCAGCTGGGACGAGCGAATGTCACCCGGGATACGTTAACGTCAAGGATCCCCTTCTGCCTTGACTCCCGATATCTCCGTACACTTATTATCCAATAACCAGTAGTGACCGTAGTCAACTACTGACAGAACCAGAGTTAGTAATAGAGGCAAAAGAAAGGGTCCAAGTCTCGGTTGTATATCACAATGCTCTGGACGCCATTCTAGATATAGGTACTTTGTGACCAATCCTATGGCTTCTGCGGATTTGCGCTTGGCCTCCTCATTGGGAGTACTTAACGGCGATTCCCCGCCATGTA,1694,51.77,Caenorhabditis elegans
SEQ_300832,AAATGAGTATTAGTCAGTTAAGTGCCACAACCACTCTTCTGTTGTCGTCTGTGACTCGTACCACTAACGGGAGCCACTAATTCTTCTTAAGTGCTAATCTACGCGAATAGCTATCATAAGATTCCTCAGAAGGCTGATTCATGGGAGTATCATTACGGTGGAAGCACGACTCTTCGGAACCTATTTATCTGAGGCCGGGCCGTAAGGTTCCACAATCTCATCCCTATGGGCGCTGGCGCTACGACAGGGACTGTAGACCCCACAAACCGACCGACAGTTATGGTGCTGTGAGATACGCCACACGTTGCGAGGTCGTTTGTGTAAAGTCTTATCACCTCTACCGGAATCCTGCGGAAACTAACACAAAGTACGCTGCCTAGTATCCGCAAAGCATCCTTAGCACAGCAGCCATAATCCGACGTAAGCATCGCGGCAACAGTGCGAACAGTAGACTAAATATCAACGAGGCTCCCCTCGTTGGAAGGGACCGAGAAAGCAGTCACAGGGGCCGGTATCGGCAAGACACCGTGTACATGTTTTACGCTGGCACCAGATTTCGAATCGTTGGTTATTAAGCTCTCGCTCTACTGTCCTTTCAAACAATACCCAGATCGACGGACACACCGATAGTCGAAGGTATGCTATATAGCAGTCTTATAGTCGCTATTGTTTCACAACTGCCGTTGCTACCCAATAGATTCCACACTATCGGTAGAGACAGAGGGAACTCATTCGG,736,48.78,Mus musculus
SEQ_568687,CTGACCGCGCGCATACCCGTGATTCCCTAAAGTGTGTCCACCGGTAATGGACACAATACCGACATGTGCGAATGGTACCAGGCAAACCACAAGGCATGCGTATATGGTTTGTACAGTCGTTCGCACATTTGGACAAAGCTAGGGACGCAACACCGCCCACGAAGGTCGGATTCTCCTAGCAGGAGTACATGCCACCAGTCTTGACACGCCTTTTTCTTCATCGATCTGCTTACTGCAAAGTAGGTTATCGTAAAGGCTCTACAAACTAGGAATGTAACTATTCCCCTGGCAAATTGTTGCCTGAGAATACACACGCGTACGGCCATTCACATGGGGATAGGTCTCAGTAACACTACGATACAGCATTCTTGGAACGGCTGCAACTGTAAATAGCTGTATAGGACTCCCCCCGAGAACATGCCCCAGGGAAATATAGAGAATCGTAACGACTCGTGAATAACTCAAAACCATTCGTGTCAGCAAAGGGAGTGCATCGACGAACTGAGCATTGCGGCATTCGGGACGTTGTGCTGAGAGAAAGATTTATCCAGTGCCTGAAGGTGAGGGGTCCATCGGTGGTATAATGTTCTACTTAATTCCTCACTAATCGGGTTGTCAATTACTACAAGCTAAATCATGAAGGCTTACACCGAAGCGACTAGATCTTGGTACCAATGTTTATATGGAATTATTCGCGAGTTGTTGTTATTTACACTAGTCGGGAGCGAGGATAAGACGTTTGTGGACCACTT,752,47.07,Escherichia coli
SEQ_224365,TCTAGTGCGGTAGGCCTTGAAGCGGCTGAATCTTATCACCGAGCACGCCAACTTACGCTGGTGACCCTACTTAGTGTAGTTTTCGGTGCTGACCAAACCGTACACGCTAACAAACAATTGAGCGCCTTAGGGGAAAGGTAGTAGCGTCGTTCGTTATACGCATGGCCGGTTGATTCGTTTGAAACGTCACAGAGTTGTAGGGACTCGGCACATGACGAGATCGCTGGATTACCAATTAGTTGGGCAGAGTGAGTTGCACCAGGGGGTTAATGACTAGGAACGGTCTATCGTGCGTTCAGCA,301,50.83,Escherichia coli
SEQ_963177,TACCGTAGCGATCACCGGCGTTATCCGTACAGGGAAGCTTTCTAATTGGTGATCTCAAGTGTGTGATAACGGTGCCCCCCGCTGTCAAACGCCTTGGAGGAGCTAAGTGAGCATCACTTAGCATGCTAGTCACTGTTCGAGCGACTGGGCATTCTGCTCTTAGCGGGGGTGCTATGACTATGAGAAGTTGTTTTCGGCCTTCCGGCAGGCTCTGCCAGTGAAGCGTGGGAGTGAGACTTACAAATTAGCGAGAGACTAGCGCACACGCCACAGTGCATAAGCACAGCTGCTTTCCGTAATAGAGCGGTATCCAGCCGAAATATTCCCTATGGAGCAAAATGTTACACAATTTTGCGGTCAGGGTGTACACGCCACTACGCCGGGATCGAAGTGGTGCTGTTTTGAGGATGAGTATCCCACTAACTCTTGGGCACGGGGCAAAGTTGTAATGCCAACGGTATACACACTCCGATTACCCTTCCTACTAACTTACTAACCTTAGTGCAACGGAAGGACACTGTATGAGACCATCCGTATGTGTGGTACTGATTGGCACATCGCATACGCACTATGCGGAACTTGTTTGTCAGTCCAGCTTGTACAGATTTAAATATGAAGCAGTTGACGTACCTGTTGTTACCAGGCCACAAGGTCACTGTTTTGGTTGTAGTACGCTCAAGGCTTCTCAGCACATCACGGAATAATGGACTAACTAGGTCGAAGTCGCTCTTCTCCAAACCGTGAAGCCCGGCATACTGGCAGCGGCCTAGGAGGTGTCGGAGACCTTCTGCATGGCCCACGCGACTCGGTTGAAAGAGCGTTAGT,825,50.67,Escherichia coli
SEQ_271614,CAACCTAATTGTATCGTGTTAAACTACTGGGCTTCGTACTCGTGTGGAAGGGTGGGTACCACTTTTTACGTGTCAGGGAGGTCATGGTACTTCTTTTTAAAATAATAAAAGTCGGAATGTAACTACCGTCCAGGCTGCCGAATTGCTCGGATGGTCCCTCGTGGTTATCAAAAAAACTCTTCTACGATGCCTTAATATGTAGGTACCGCAGCCGTGAGGAAGCTACATGCCAACCGGACCACAACAGACAGCGCCACAAGCACGTAACGGGCAGTCTTAGCGTGTTTGGGTCAGGCGAACCGCTTCTAAGATACCCCGGGAGCCGCACGAATAGCAATAATAAAGGATCCACAGTATAACATGCGAGTAACTCAGGAGTTCTACCACGGTACTGGGTCATAGAAGATAGGATACACTGCAGGGTACTCCAAAGCACTATGCCACCAGTGACCTCGGGGCTTCTATTAGTCATCTGCGCGGCCTTTCGTGAGAAAAATCCTGGTCTGCGAGCTGTATACCAAATCACAGGCTGTATAGTCCACTCTGAAATGGGCCTCATGCCTCTGCAGAGCTGCGGGTTTTATGGTCAGATGCCGCTCGAGGATGTTCTATACGTGCATCCCAGAAGCTATAATAAAGTAGGTTGCTGGGGGCGTCAACGGAAGCGCCAACTTCGGTATGGGAGGCTACAGTCTAATAATCAAAACGGTAAAGACCCCTTACTAGCGAAAGACACACTTATGACCATTAAATTATTTCCGAATAAGCGAGCGCATGGGGGAAGCGCAGTGACCGTCGCGGCTACGGGAGCGCCTTACGTAGGATGTCCACATGTACGGCCGGAGTCTTGTTATGAACAATAGAAACGCTTTTCGTCAAAATTCGGGTTTCCTAGCTCTCCACATCACCGTGCTCCAGTTCTCTTCTAACACTCACTGGTAACACCGTTGGGTGGACTTGAAGGCCTGGTTTGAATTGTGGGAAGCGCGTCCGACGTTGACTCACAATGGCTCCTGATAGGAGCTTTACAAAAACCAGGTCAAGCGTCCTCGCGACACTCCTCAGGCTAACTTACATGAGGTCAACTGCGATCGGGGCCACGGGTGGCAGAGTGTCGGAAGCTCCCGGTTTGGCGATTTATCGTTATGTATAAGAGGCTTACTATTGAGGGCGGCAACCTTATGTAATGTTCGAAGCTAGCGCTTCTGGCTCCCTCTATCACACAGTTGGAACCTGCCCCCCCGAGGAAACATTGGCTCCAGGTCCAATGATGGTCGATGGCCCGTAAAACTACGTGAACTTTCAGTAGTGCTGGGCGTACCCACGATCAATACTCTGCAACTGGACCTCTATCCAGAGCAGATAGTGGGCCGTATGGGCCCGCGCTCGCTGCATCAACCTCGGGTCTTTGTACTAAGGGTAGAAGAGACCGGACCTCCCCCTGTACCTACTTCCACTATCAAAGTGAGCCGTGGACGAGCTAGCAGGTATGTCGCGCCACCCCGCTGAAA,1511,51.09,Homo sapiens
SEQ_663075,AAAAGGCTCGCCTGGCAAGAGTGTTTCCCTCAGGTGTGCTGAGAAGTATCTGATCCGCTCGTAAACAGGGGCTGTCCGAAGCCCTCCAGTGTGACTGGCCACCCGATTCGATCAATGCCGCCGTTATCGGTAGCAAGGTTGAGTGCGAGCGAGGTTTTCGTGGGGTCTGAGCGAATGCCGCGCCCCGTGATCGTGCTGGCTGGCACCACTCTGTGGTGAATGAGACTGGCTCCTGTTTACAGAGAAGCGTTAACACTCGCTACTGGTATAAATGGACCCCGTAGACAGCAGATGGCTTCCCCGACAGCTCGGGCGAATGACAGATATCCAAGCGGTTGTATTCGACTGAGATCGGTCGCCCAGGCCCCATTAAAGCACGGCTCCTTATAAATATGCCGCCCCCTTTATCCAGGCATAAACATAGAACACTAGAGGCGTGGTGCCTCTTGGAGTTTCAGCGCGATCTCGTGAATAGGAGAGTGTTGCCGCTGCAAGAGAACCTTATTGGAGATAATATACCCATGCCACGTCGGCGGAAGTATCTGAAGTGAAATATGAACAGGTTTAACAGAGCGGCCAGTCTTCTTCGAATACGAAGACGGCTAACATATGGGGCCAGAGGTCGAAATTTTATAGGAACAGTTTACACACACACTATCCGCCGCGCGTAAGGTGAGCGGACATACACTAGCGTCTAGCTAGATTACTAAACCGTGCTTGGTATTAGTCTATTCAGGAAAGTCACAGGAGCACATTTTTGGTGTCAGTGGGATTCTCACTTAATGGTGCGCTGGTACGTTCGGATGGCAGACCTACCGGGACCATGTCAACCCTCTCAAACCAATCGCGGAACGAACGCCGACCTCTTAAAAATTCACTACAGGACTTTGTCGCCATGATTCCTACTGTTGCGGATCTTAACAAAGCAGCTTGCAAGGCGACAATCGCTTTTTTTCCTTGCACCATCCAAGATGGTATCCGGTACTCTGGGATGAGACCTAGACAAATCCAACGATCCCACAGAAATTTGTCAGTCGCGGAACCGACTAGGCTTGTGTGAGCGAAAACCCAACGGTGCAGCCAGGACAGGAACC,1094,51.37,Caenorhabditis elegans
SEQ_596183,TCTGCCCCTCAGGTCGTTGCAATCTAAACTGCGATCTAGCCTCGGAGTGAGGGGCCCTTCAGGCCTTTAACAAGACCACTGATGCCACGAAGAACGAAGACAGTTAGGGGGGTTCTGCCGCCAGATCAACGCTCCAGTGCTTATCGCCGCCACATCTTGAAGGACCTTTGGACACGTGTGACTGCCCATAATACGTACACTATAAGGCGAAATGGGCAGTAGCGCAAAACGACAAATTCTATGCAGGGATACAACCCTTTGGTTATTTGTCCATCACTTTGACCTATTCACGTTACTCAAGTTTTGCCTCGTATACGCCGGCGACGTACGTTTATGTCTAGAAGCAGATAGTAGGGGCATTTAGCTAATAGCGAGCCCCGCTCAGCTAGTGACTATCAGACGAGTGGTGGACAGGCTTTTGCACTCGCCCAAGTTCTTCCAACATCGGCATAATTGTAAGCGAGAGGGACTTACAAGTAGAAGCATGTGCGAAACATACCAGGGGCAAGATTGATCTGACTCGCGACGCCTTGCGGGTCATGCGAATCCCCGCCTAAGCAAACATATGGCCGGTAAATAGAGCAATCACAACGGCACACACTGGGGCCAAGAACATGAACGCTCTGACGCTGGTCTTGGCCTTAGTTCAACCCGCGATGGCAGTGCTCTTCCTCAGTCGGGTTCCCAGCCGAGCGCTCTATCTCTCGTGTTCTGCCTTTTGTAATAGTTGCCCTAATGGGGATTGCGACGCAAATAGGGTAATAGCAGTACCTCGCCTCGTGGGGGACTTGCTAGTCCTTAGTAAGGCTGGTCGGTTACTTAGCGCCGACACTCTGGCCTAAGTGCACAGTTCGTGGAATTCTTGGATTACTGCAGGGGTTCTCTGGCGCATACGAATATGAAGTGGAGAGCCGTAGTTATAGGAGACTTGTAAATCTAATGTCACAGTTCCCCCGCGCGTCCCGTACTTAGAGTCCATACCTGCAACCGCCCAATGCGAGCTGATCCCGAGGGGTAATCGCACTCTGTAGAAAAATTGATGCATCTAATCAGGCTTTCTTATGGCTGCCCATGAGCGGTCAACAGCAAGAACATAAGAGAATTAGCAATTCCCTGGGCAACTCCACAGACATGTGGTTGGTGATGCTTTTTTACATGCGTATACCATGCCGACGTA,1177,50.81,Caenorhabditis elegans
SEQ_841135,GACGACGTGCGTAGCAAAGTATTATTCACTTTGACTGCATGTTGCGGCTTGGGACCGCTGCTGAATTTACCGCAGTTTGCGTAGTCTTCAAGTTTAGGGCCCCTCCGTCGGGGTAAACTTTTTCGCTTAGTGCAGTGAGGCAGAGGGGTGGTGGCTCAATTT,162,51.23,Homo sapiens
SEQ_966169,CGTATGAGCGGGGTATACATCTCAGCGGAGATCATTGCTGGGGCCCGCTGCTAGCTCGCTAGACTGGCTTACATTCTAATCCAGATAGCGGTTTACGCTGCCTTTGGTTGCGGTGCCATCCAAACTAGCTCTCGAAGACCTGCGACCCGGAGCCTTCGGAGGGCTCCCGTCTGATCTCCAACACAAGGATTCTGAGGATTACCGTGATTCCTTCGTACTAGGGGACCAGATGCCCCCAAGTTTTAACGGTCCGCTCCGTTGATGGAGGAGTGGCTTGGAGAACGACATCGCTTGGGTATAATGACTAACACCAGGGGTAGCGCGTAGATTCGTTGACGAGATGGATGGACTGACGATGATTGTTCATAGTGGATTTCTCTTACTCGCAGCCCGCTATGTAGATAGGGTAATGATCAACGGGGACCTTGGGCGCTCCCTTAGGAAACCCCTTGTGCGCTCATAGCTGTCGAGATTAGGGAGACAAACGCGCGAGGGCTGTACACGAGTTTAATGGACGGCGGCGCATCTATAAATTAAGGGCAATGACCCGGTTCGGCCAACACCGTTATTGTCTAAAGTCATAGCCGGAGTGTAAATAGGTCTCGGAACGTTAAGCTTGCGAGCCCGACCTGTGGTTCTAGGCAGGTGATATCAGAAACACATAAATTGAAGACTGGGACCCGCACTCCATCGTCTATCGGGTTTGGCTTACTACGAAGAGGAAAAGCTAGGCTTGTAAGCAGGTGCGCCCCTAAACATAATACCTCACCATGTGTAGAGACGTTTCTAGTATTCATACCGTGGCTTCTGTCCAACCGGAGCAATGCTGACCGAGCCTCGAGTTAAATTCTGTAATGCACTCTCATGAAAACTACACTGTCAGAAATCCTAGCGGCCATCGACCGCATCACTGCTCGACAATAATCAGTGCATCATGCTCCGGTCCGTCAAGCCTCCCATACCCCATACTTCGAGCCGGCAACCCTGAGTTACAGGTGCCCCGCATGGTGTGTGGTCTAGGGCAACCGAGCTCATCCGGCAGAACCTTCAGTAGGTTCCCTACGGAACACACAGAGAGCTGCGGGTCATAGTGATGTTCTTCTCATGGTAGAACTTCGAGGAATCTGATAACTAGGATGAGTGATGTCCCTAGGGGTTCCTCCTCGAAAGGAAAAAGGATACTCCGTAAGTCAAGTCCGCTTGTGGAAGCCATTCGCACCCCATATCAGGTGGGCCGGTTGGGTTTATTTCGCACCGTCCGAAAACCCGCTCTCCAGGAGAAATTCGGGATGAGCAGAAAAATCACGACCCCGTCAGTACCCTAACATTGGGATACAAAGGCGCTCTTTACCGAATAGCATCAGTGTAACAGGGTGCCCTGGATTCCAGGATGGATCTCTCGTCACGCTCGAGTCCAGAGCTGCTCCGGGGCGCCCGCACTGTGCGTTTCCTTGAAATCCCTACAATACCATTCTACTTCTTCGTTAAGTTAGGCTGCGGCAGATGGAACCCACTTAAGGATCGGATTGTCATTAAGGACTGATGCCGGGGAACATGGATAAGATGGATGGAAAACTTCTAAGGTTTGGTCTATTGCGTTAGCACGGTGTTGTCAGCCGTCTAAAACTCCAGTTCTCTAGATCGATCCGATCTGCTACCCATGTGGACGATTTACGCCTGATGGAGCTACACTTTACTACAGGGCAGCGGAATCTCCGTCCGTATCGATTGCCCTTGTTAGATATAC,1747,51.46,Caenorhabditis elegans
SEQ_791813,ATTTACGTGCGTTCTCCCAGAGAAATGCAGGGAAGAACATCACCACCTCTGGACCCTCACTTTATCTTAAGTTTCGCACACAAACAAGGGGAAGCAAAGATCACCCGTCCGATCATGAGATTAGTCTACTCATTGTCTTTAAAATTTCCCCACCCGCTAGTCCCCTCGTCCGATTTAGCACACGAGCTCCGCGTTGCTACATCCACAATGGAAACAGCTCCTAGTCGATACGTGTCTTCTCAGGCCTACAGCCCTAACACTTAGACAATTCCTAAGCGTACGACCGCCAAACAGCCAGTTCTGATATTCTGGTATGGCACATGGGGAGCAATTCCCGTCTTTCACAAACCCGTATCTAGCCTGGTTGTTATCTAAATGGATTAAGATAACTCGAGCCTTGTTGCCGCGCTTCCAGCACCGCTGTATTCTTAGTCTGATCGGGTGGCTATAATTTAACCTTCAGTATCTAGCAAACTCCAGCATAGTAAGGTATTTCTGAAGGGGGAGTTCAAAACGGAATATGGCTGGACCAGACAGGTATCAGGCATGATACAGTAAAGTCACAAGCAGAAGCTGTCATCCGAGCGCTAACGTACACAAGGCGGCTCGGACCCATCCAAGTAATGTGATAGGGTTAATTCGGATTAGGTTTCCGGCCTTGTAAGGCATGGTAGAGTCAGTGAGCCATGGGCCGGGTCGATACATTTAAACGTTACTGCACCCGCGTCTACTTGAAATGACCCGTCTTTGCTAATAGAGCGCACATCCAGCGTACCCTAGACTCTTTTCAGTACCGGGGCATGGGCATCACCCGTATCTTCAGATGTTACCTGGTACCGGAAAAAGATAGAATAAACAGACTAGCGGTCTGGCCGCGCTTTGGAGAACGACTTGTGGTGCTGGTGCTCAGCTCTTCCTCTGCAGCAACCTTCCTCCAATTACGTCTAGCGGCGAGTCGTATCCAT,965,48.91,Drosophila melanogaster
SEQ_933657,GGTCACGGAACAGTCCTTGGCAATAACACGTGGTATTACGGGCCCATGTGGTGACTTTAAGAAAGCACCAGGTG,74,51.35,Caenorhabditis elegans
SEQ_441393,CCATCGTCTCTCAGATCGATGACTCCTGCATATGGTCGAAACCTACTAGGGAAGGAAGATAACATTTCAGCGAAGCATGAATCGGTCACCCAGGCGGACCTGGGACGTACATAATTGAGTAACAAACATACAGGAGTGTTTCGGTTCGCCCCTCTTTCCTGGATGACTCGGGCGCGTATGACTAGCGCGCTATGGGGCTTCGGGAATGGCATCCCTATCTTGAGTTTGCAGGCTTCGTCTTCGAAGTGACCTGTTAACATATAGATGGTCAAGTTTCAGCTTCCTTCGTTACTATAATCCGGTATAAATTACTTCATGGTCCCATGCCCATATGCGGGGAGCTACATGGCAATGATGTGAGCTTTCTGTCCCAATCCTGGTGATGCGAGCTCTTGCGATTAGCCGGAGACATTAACGCTGCAAGAGCCCGGTGGGTAAATTCGGAGCAAGACCTCGCGACCTTCTTACAGCCTCGTCGATGGGCTTGACGCCCATACGGACGGGCAGAAGCACAACATTTACTTCGGGTGTATTTTTTACATAACTGCCTTGCGACGTTTACCATTTTCCGATTCATCGGGTCAGGGAAAGCGCATCAGCGCCCTTGCCTAGCAGCTCGCGGAGGTCCCTGGGTGGCCCCTAGAGTATAACGGCTGGGTGGGTCAATTAAAGATACTTCCTTTATAATATCGTAAAGTTGGCCGACTCGTTTAGTAAGGGATGAGTATTGCGCAGCGAGATTCTTCATGAGAGCTTTGTGTTATTGAAGCAGTTCAACTAAGGGACCCGTAGCAGCTGAAGCAGACGCTATTTTTCCTGCGCACGGATCCATCTCACTGGTTAGGTAGGGGAAATCATACGCTCCGCACATGCGTCATGACCAGTAGTCAGTAAATGAGATATACAATCATGCGTCTGCAGATGCCCGCAGATATGGAGACTAGCGTAACTGTATCTAGCTTCCATTTAGGTCGCGCGTAGCTACGAACACGGGATGATGGCGTCGGGACCCAGGATCGATCACCGGGCGTATGGCCGTGCCATGATTAAGTGGTTTCCCTAGAACTACACCCAGGATATAAGTGATATCTCGCCTCGAACTCAAACATAGAACTATTCTCCCTATTCTGCGCTACGTGCAAGTACGGTCCGGAGGATGCTGAACTGTCCGAAAACGCGCAACACGCTGTCCCGTAGCACCAATGATGGCACGGGCCTAAGTGGTGATCTCTATATTCGAGAATCCTCGAAATACGTATGAACGAAATCATAGTTGTTAGTCCCTCGCGTATCCTCCATGCGTCTCATTGTATGGGCGGACTGAGCCCGGAATCGACCGCGCGGATAGGGGGTCCGTTATATTGCTGGCGCCTGTTGAAGGTTTCTCTTTTATAA,1395,50.25,Saccharomyces cerevisiae
SEQ_331540,CACCAGAGGTCCTCAAATACTAAGGAAGTCCTGGTAACCCTGGGAGCTACGTGAGATCGGCAGTCGATGTACTACAAATCTTAGTAAGGACAGTCACACTCCAGGTCTAAGGAAAATTAAGATCACCTCTAATAGTCAAGCACTACGGTTACCCACCTGTGATTTATAGGACGCAAAGGGCCAGCGAACTTTATTAGGTATAGCCTGTTCATAGTGCATAACCTCCTCACAACTCGGACCCCCCGGCGTGTGCGCAGTTCATACATCCTCCAAGGAAGGGTCTAACCATCGTTAGAAACCGTTCTTCGCGAAATAGTTAGTTTCAGCGGTATAAGTGCGATCAATCCGTTGCGATACACGCAGTGGATCGCCGCCTGTCGTGTC,384,48.7,Caenorhabditis elegans
SEQ_494118,GTGTGATTCGACACTGACGTTAGCCGGCTGAACTTGGCAAATGCATATGGATGCGCCGGGGACTCCTTTACGGGACCTATTATATGTATGCAGTATTGCTCATTTAATCCGCGGCTCACGTCACCGAGGCACCAAACACGACCCTCCTCAAGGGGGATACTGTGTGAGTGTATGGCAAGTTATGCAGCCATGAGGATGCCATTGTTACGCCGGGCACCGCGATAATAATTAAGTTACGCGTCTTAATAAACCACGCTAGGACTAACATTAGGCAATTTAGTTAATTCACTTATAGCATCGAATGATGGCTCGCCCGTGATCCAGAGGGGAATGAAAAGTGTCATGGGCGAGGGACAACCGTTAGGAATCGCCTCAAAAGCAATCCGTCCCGCTAGGCGCACGAGCCATCGCTAAACCATATCGTGGAGCCGT,432,50.23,Drosophila melanogaster
SEQ_844900,CATACGGAGGGATTCGTACACCCAGATGTGTACGACTGCATAAAAAACAAAATAGTGAACCATCCAAGGGCTAATATATCTCCGTATTTGGGATGCGCATACATTGCACACGCTTGCGAGAGGCCACGTGAAATGCGATGACTAATCCCACTTGAATACCGGCGAAGCTGCATCATAGTCACGCTCCAAGAAGGCACGCAGCTTTTTTAAGGTAAATTCCACTCCTATTGATTCCCTTGAACCCGTTTCTAACGGAGTTCTGTCGGCGCACGAAACAACAATACATGCAAGGCGACCATCCAGCAGAGTCAGGGGCAGCAACGGTTGCGGTCACTCCAGTGGACTTCATGTAGGGAGAAGTGTAATCTCGTTCCTTTTGACCGAACATACAACTATCATATTTTTGACTGGTTTTTGGGCCCCGTCAACGGTCCCGTGGCTTTTCGCGTCTCATCCGAGGTAATGGGTGCCTAGGCTAACTTACCACAGGGAATCGTATATCAGCTAAGTTATAGTGCCTTGGTCCTAACCGTATTTTCTGATAGTAGTGTAGTCCGCCCCGTCCCTTACGCGCAATTTGATTCCTAGCTCCAGAGTAGAATCTGATAACGTGTGCCGCCGCCCTCAAACACTGTGCCTGTCCTAGCGGGACGCCATTGGAACGTCATATATTCTCGTAATGACGGCTGGGGTCCTCGCCAATGGAGCTGCTGTGCGGGTAATCCAATCTGCACTCACCACCTGGCCTCTCGCGTAACTCCGGTGGGAGCTATATGCGCACCGTACAGCACAGTCACGGGTTGTTAAGTTGTCCTTGTAGGACTCCTCCCCCTCTAAGGCGTGCGTATTGCGTTAAGACGTATGACAACTTTTTTGTGCCATGCGCCAATCAGAAATCTGATGCAGACTCCCCCGGCGGGACATTAATTGGGAAAGTCCAGTTAATTCGTTCGTCTGAAAAGTCAAAACTAACCTCTAGGGAAACTAGCGCATTATCGTTCATCTGCAGCAAACCTGGTATGACGACCCATGTAACAGGTAAAGTGATTCCTTTACAAGGTTGTGATGTCCGGGCCTCTTGTAAGGGGACATTAAATTGGCGCTATTTAGTACGCCAGGGATGTGCAAGTCAACCCGCGTCGCCCCTGTCCATGGTGATACCATCGGCAGCCCTTATATCGAAGTCCAGACCGCCTTAGCTGTGTGTCGGCTTGGAGCGCCGGTGACCGCAATGGCTACCTAGTCGCAACGGGGCCCATTTCAGCCGGGGAGCGGGTTCAGGGGCAAACTGCGTGCTGATAGCCTCACAGCCAGCTGCGTCCGTTTCCTCGCTAGCGCTTTAATAGCATAGTGCCCCACGTCATGCCATTCCTCCTGCGTGCATGCTGCGTCAGCTCAACGCGCTCGGCACCCAGTTGCAGGCGCGTCTGCCACTTGAAACCATGGACACAGGAATGGCCATATGTTCCGTCTCGTATGGCACCACTCGGTGCTCGTTTCTTAGGGCTACGGCTACTATTCTTACCAAACGGTTAACTATATTGTGTGATTTTGTGCGGAGAAAGCAATCGAGAGGAGGGGAGCCGCCGTCTTTCCGTAATGCCACGGGCGTGCCTAGAAGTGCCGATTCGTCGGCTCGGAGGGCATGAGGAAATTCTTCCCTGTTAGGAACACAACGGGCCATTACCGTAGGAAATGGGGAGGCCCTAAGATAGAATTGCATAAAGTTATCGCCTCTCATAAGCCTATAAATGAGGCGTGAAATATTTATAATACGTCTGGTTATAGCTTGCTAATGAGATCTTCAGTGCTGAGATCAGTTGGACTGGA,1830,51.09,Escherichia coli
SEQ_767964,GAAGGGCGTCTGCGTTGAGCCAACGATTAATAGACAGTGGTGATGTTTCGGACCGCGGTTGCAGTTAGGGCATCAGAACGGCGCTGAGAAGTTTTCACTGCGCGGCACGGCCCGGCCAAGGAACTACTGTGGCGACGTTTGAAGTCCTCACTCGTGGAATTTCGACAGCGGCAATAAACGGTGCGCACAACATCAAGTCTCATCCTAATAACACCTGTCGGTAATCAGGTCCGTCCGGTATCATCTGTGTCACACGACCCTTTATTCCGTCGTATCGGATGCCGCGAGCACGGAGTGATGAGTACCAGTGAAAAGGGTCATCAGGAGTACAT,332,53.31,Homo sapiens
SEQ_338188,AAAGCTGAAAAGCAGATTCTCTCATCGACGGACCGTCGCAGTTAGATTTGTCCAATGCTATCTAACCATGAATAAGACACTTCCTCTCCAGTGCCTAGCATAACGCCCGAACTCGCATTAAAAAAGCCTCCGAGTGGCTGATTCCAATATTGCCTAGAATTGTAGCAACCCGACATAAATCCGTCGCTTTTGAAGGCACGCGCACGGCTATAGTTGCAACCGTCGAGTCATGGGAGCGTTACGGTAGGTAAACATGTCTATCCTATCTACGAGCGACAATTAGTTACGCGACCCACTAAAAACGCTGTCGAAAGTTCTGCCTTGATTTCCCAGAAACCTTGCCTAGCTCTAACTGCCGTTGATATTACGACCTTGCGCGGGTTGGGAAAGAGCTATCCGGCGAATCAGTAAAGTTGACACTTTAAGACGCATAAGGCATCAATGGTTCTAGTGCTGGGTGATTAAGGGTGACAGGTGCCCATTCAGTCCGTCGGTGCACCCTTCGAAAAACTGAATTGCTTGCCCTCGTGAAAGCATTGTGCAAGTATGCACGTTCATTCGCCTAGCCGGATTTCTTCCACAGCATATAACCGACTGTCTGTCGTAACCACATCCTTACCTGGCATGCGGGTATCATATCAGAATACGGTGGGGAATGGGTGGATGGCGTGAAACCTGGGTCCTCTGGAACACTCTGCTACGCTGCAGAAGTGGGCCATAACTTGTCGCAACCAATAGCGGCTATATCGAACCCTCCCGTCATAAAATCTGTTTTCGAGCCGAGCGCCGCTGTGGGTCGGCGTGTATTTACTTCGGAGCTTACAACACGAGTCCATTATTATCCCATTACCCGATAGGACATCAGAGCACGTTCTCGCAGGAAAAGTGTTGCGATTGCAGTCAGAAGAGGAAGCGCTTGTCCCCGACCGAATATGAATACGAGGGCGGTGGGGCGGACACTCGTTAAGTATCTGCTGAATTGCATGACCCTTGGCCGTGTAGCCGTATCTCCCCAAAAACATCAGCACGCGCGTTATTTCCCATCTTAGAGTTCTACTCAGCTACGAGAAACTCCAGTGGAAACTTAGGCATTTACGAGAATCACAACACTAGTACTTGCGCCGTAGGTGGGAGGATCACTGGAGGACTTACAATCAGCTGGTTTGGAGTCAGTGCATCGTGAGTCTGTTGTCGAGGGGTATTGAGCGTCGCTGGATGGATTCATTTAAAGTCCGAATGTTCGGGTCGCCGGGGAATACTCTGGTAGTTTACATTCCGTGGTCCGGCCGACTTGGCTCCGGGCAGCCAAGGTACGAGGGGGCTATTTCCGCAATCCGTAGCCGTTATGTTACCCCAACAAGGTGTCCCCGTTCCCTCTCCCGATCCAACCCGATTGATAGCAAACGCGGGTATATGCCCGTCAAACAAGAATACGGGATCAAACCCTCTCTTACCTCAGGATTTAGCGTGATCGGTGAGATGCCATTGCGCAGATACCTTCATCGGCGGTAAAAATCATATTCATCACGATCTGTACGGGAGACTGGTCGCCGAAGCTAGTCACACGACGCCAGAAAGGAGGTAAAGGCTC,1591,50.41,Escherichia coli
SEQ_772757,CCCACATCATCCAGGAGAGGCCCCTCTGCTGGCACCCGGGGTGTGCGACCAAAAGGTCCAAATAGAGGTAGCTCCTCGGATCTATAAGGTGCTAAACCTGTTATAGGTCCAGACGACACAATAGTAAGACTGGTCCCCCTTGTCTCACTGTTTTCGCCTGCGAAATCAGCAAAGGAGCCGACTTTGGGGGGGGGGGAGGGCGGAGATTTGCCATGCGAACTGCGATGAAGAAATTGGTTCAAACTCGCGATTCGCGCCGCACGGCGCGCGTGCTTCATCGGATTCAAGCGATAGCCATTTAAGGGACTTTGTGTCTCGGCCGCGGCTGTACGTAGTCCTCACCAGAGTGTGTGTTCTCGAAAGCCAATGTACGGCCCTGAACCCGCTAACTCCACGACAGCGCGCGGCACACCGAGTCCATTCCACGTCGAGCCTTAGGTATCACTGATCGATGAATCGAACGCCTCCAGTTAGGTACGTCCTCATGGTAGCCGCACTAGAAGTCAGTTCGTTCCTGCACGGACGCAGCCCCCCGTCTCCACCTTAGCTGCCTTTGGCTTGGCGACAGTGCAGGTCGGTGTTTCTGAGACTTCACAATGCATCCGTGTGAGAGAAGCTGAGCCAGTTGGATCGCTGAACTCCAACTTGGCTAAGTAGCTGGGAGGTGCTTGGGGACCCGCGCCCTAGCGCGGATGGGCCGCGGTATCATTAATAATACAGTAACTCATAGTGTAAGAGGTTCACGGTACAGTTAGTATCCGCCTAGTAGCGTGGGAAGTGAGCTTCGGGTAGGGAAGGACTGCAGATTCTAGATCGAGTGCCCGAGTTACTTTCACACACATTAATGCACCCTGGGGCCGGGGGCTCCCTTTCCGGTCACTTGCCCAGAGAACTCTCCTTTTTCAGAGCTCATGGTACATGTGGTTAAATACATGGGCCGAACGATCGTTACCGCTGCTGAATACAGGCAGAGATTAGATGATTTATCTTAGCCTAAAAATCTGTCGGAGTAACGACTATCAGTGTCTTGACGGTAGCTTAACTTCCCCCGCTGGTCCGTCGTCGTAGTTGGGGAAAAGTCGGCCTTCATCACGCCCCGTAAGGCGCCTGGGAAACACGATGAACTTAAACCGCGATATCATGCCCCGCGTATTCTCTGATGTGATCTTTATACAACCTTCTGTATCACGTGATCGCATGCCGCGACGCAACGATTCGAGCAACCGGGAGTGCGTGTAAATAAACAACCCGTGTGTCACGGTCGTAACACCTTATGTAAGCACTTTGAGACGTGTCTCTTGCTGCATAGCACAGTCTAAGT,1321,53.44,Escherichia coli
SEQ_672867,TTCGAGACAGTGTGAAGTCGTGTGAGGCATATTACAAGGTGCAAACCTTGTGATATCCCATGAAACCCGCTCCCGTCTCTTAGGCATTACTGCGTGGTGTGCCCGTTAGAAGCGGTGCCGAAACGCCGTGAATGTCGTACCCAGAAAATCCTTCCACCGAGTTAATGTGCCGCCAACTAAGTAGCAGGTTTTGCTTCCAGTGGATCCCATGGAAGCCCAGATAACGAGTTCCAAGCTACGGTCGGAATACCAGCCTACGGTGAAATTACAGCAATGGTAGGACTCCTATCTAACAAGGTCGAAATCATGCTCTCTTCCAGATGGACGCACAATATACAGACTCCATATCGATCACATACTCGTGCATTACGATGTGAGACTAGGCCCACTATGTAACATCCTGTGATCCGGGGAAGATGGGAGCATTTTAATCTCAGAATATCTGCCACGTCGCGATCATTCACGTCGAAGCTCCCCGCTGTGCCACTTGCAGGTGCGATAGACTAGGTTTGACTGAGATGACGGGGTGCGATGGACCTGCGCTTGGCAGGGGAATAGCACTGTTGAAAACTCGTCTAGGGTGCGCCACAGTCCTAGACATGGGTCCTATCAATACACTACATGAAATGGCTCTCGCTTGTCAAGCGAACTTTAGAGTTCTGCCGCCTCTATACTTCTCGGTGCTGAGCGAGCGATGTTAAAATATTCGATTCAACGGTCCTCCCGCAACTCGCCCTAATTAGTTGCGGAAAATTCCCATCTCTCATCCCTCAAACCTCTCATACAGCGCAGATGT,796,49.87,Homo sapiens
SEQ_847469,GGGCAATCACTGTCGCACCAGCCCTAAACCCTTTGCGGCTTTTAGCCCAACCGAAATCGGAAGGGTTCTGTTTCTGATAACCCTCTTTCTAGGTAGGCTGCGGTGCCGTCAGCCCAATTTTGGTTGGTGCCTCTTGCCGTTGGATTTGGATTACTAGACGGAAAGCTGCGTTACGCGGACTGTGAGCAGGGCGTACAGTAGGACGCTCTTAGTATGAATTAAAAAGTTCTGTCATACCATATACGGGACAGTGATAACCCCGAGGCGATAGTGGTTGCGACCCCCTCGACCCAAGCTGAAAACTTAGTACACACGTCGTTTGTGCGCATGGACCGAATTTTCTCATTAAAAGGGCTCCAAGCGGTGGATTGTGCGAGATCCTATTGTTATACTTAAGTCCTAGGTTCATGTTCC,414,49.76,Escherichia coli
SEQ_714195,ACGCATGATCTTATGGACCTCAATTTTACTCCAGCGTAACGCGTACACCGTCATCACGGATATGAAGACCGGTAGTGAGGTTGGTCCCCTTTCTTAACTCGGTGCATCAAGTAGTTGAAGTGCGCCTTCTAAACTAATTCCTGTACTATGATGTAACCGATGTCGCGGCGTGGCTTGCTATCCTCCCTACGTCCCCCTTGTGAGGGCGTAAACTCCCAAGGCCGTAGAATCTATATGGGTTGCAATGAGGGAGGGGGGCCGCATATGATACGTGGACTAAGAGTTTGTTCCACGGCATATTAAACTTAGTACTGATAGGTTGCGCCGGTGTCTAATGATCTTGCGGTGCCGACGGGTGCCCTCACATATGGCGAGACTCTCAGGTGGTGCGCAGAACCGGCTCCTTTCAGGATCCTCCACGGTTAAGGTCTCGACGAGTCTATGTGTGATATTGAAACGAACGAACCTGATAAGATATCTATGCGTTGCGGCGGATGGAGCCGTCTGAAACGATGAGCACGCTCCCTAGTTAGTTTTGGAGTCTCGCTTCATCTTCTCGACGTGGGATAGGACGCACCCTGCTCCGGTACAGTGTCGCGTGGTTCTCTCTAATCCCTGATTTGAATAGACCGAATGGGGTAGCAAAGTACAGCCAATTACATAGCGCTTGCTTCCCGGCAGTTCGCCACCCTGCTTTGAACGTAAAAATCATTCTCCTGATGGAAAATGCTGACCTCAAGAAAAGGATGACCAGCGGAGTCTATGTTGTGGAGATTTTCTGGAGCGGAAAGCTACAGCCGTCAGCAAGACCTGAATATAAGTATAGTAATGTTTGGGCTATTCTACAAGTAGGTATCGCCTAATGAAAAGCCGTACACAACACCGCGTGTGACATATTGATGGCACAGTGCTATGAGCTGTTCCATATGAACTCCTTTGTGACGTCCACTTAGATTACTATGCCTACGTGTGTGACGGGCCTTAAACATAATCTCGACCCGGTCCTGAGGTTAATCCAAAGATTCCTCCTCTCGTTGCTATAGAATTTCGGCGAATCCGACACGAGGGGCACCCAAGGGAAATCGCGCGTACTCCGCCTTAATGCTCCCCCGCGCAAATGACTATCAATAAGGTCACACGTCATGACGCACCGCCTCTCATGCTACAGCCCTAAAGGGCCGCAAGGACGGACAACATAACTTCGTCGAACCATACTCTCAAGTACTACCTGCATGGGATATTCCAAAACGAGTGCCTTTGGATGTCACCAGGACTTCGGCTCCCTAAACGCCTATCTAAGTGAAGATGGGAGAACTCTTTTGAAAAATGCACTCGGGTGACGAGGTGATGACACATAACCGAAACAGGAGCGGATGTTCGAGATCTCACACTTCGTTTGACGCAAATTGATGAACTATCGCCTTTAAGCAATTGAAGGATGATGATAGATCCAACTAATTCCACTCTGTCTGTCCTGCCGGCAGATCAAAGCTCGGACGTGATAGTTGGACACGTATAAGGATTTTTGCACCAGCGTTGTTCGCACGTTAAGTCGTAACTCTAAGATGGCCCTATATGTAGTGAAA,1586,48.87,Mus musculus
SEQ_865025,ACCCGGAAGCCGCTACGTGTCATCTCACTTATCTTCTAGGTGAATTGCCCAGAAACCGTGCGTAGCGATGCGCCCACCGCTGTCGCAGTCACCTCGCGACAAGGTACGAAACAGAGTTAACTTCATCGTGTTAGATGTCTGTACTACATGACCCCAATGCTAATGTTAAAAAATAGGTTTGCATGATCTATATGCACGTGCGGCAGATCACCGTGGGCAAGAACCGCGAGTCGTCCCTTCGCAATACTTTAAACATGGACTGAGGGAATGACCACCTAGTCCGTGCGTTCACTCTACGATCCTCTCATGAACCTCGCAAAGCCTCTCCGTAATTCCGTGGAGCGACGACCACCGGTGGACTTTTCGGTACTAACCCAATTGTTTAGGACGCTGGTCTCACATACTATATCCTCGCTAACTCTATCGCATTAATTTTGTCTGATCCATTCCTCTTGGTATATATTAGCTCGGGAATGGATCCGAAGCGTCTACCCTAGGTGTTCTTTATCGACATATCTGTATGGATATAACGATCGTTTGTCTTACTGCATTCGAAATACAAAATCACGCCAAGGAATTATTATTCTGTAAATGTCCATATGTGCTGTATGCCAAAATGCTCCCCTAAATGGTCGTCAGGCAGAAGAATTCCTAAGAATGAAGTCCGTGCAGACTGCGCTCCTATCAGGATCTTCGGCAATTCGATCTAGGCCAGTCTGTTTCGCACATAACGCCTAGCGGAGGTGGATCTTCTTGGGAATTGGCCCCCTCGGTTGTAAATATTGCCGTACCGTTTGTACCAATCACCTTGTTAGACACGATTGAGTTGGCCAGACGGGTTCGCTTCTATCTCACGGTGCGAAGTGTCCTTTATGGACCCTGAAACATAGCTCGCCCGACGGATATATTCCTCCTAGTAACAGTTTAGCTTTCAGGTACATTAAAAGGCCGCGCTACTTGCAATGCAGCCCAATGCCCAAACCTACAAAAGATATGGTATTATCTATCAACGTTGCCCAACAACAAAAGTCCTGTGACTTTTTTTCAATTCAAGGACAAAAGGTTGGCTAACCCGAGTACATAGTGAGCATGCCTTTTTCAATATTCGGCTAGCATGCATCCATATACTGCAACATAACTGTCA,1144,46.24,Escherichia coli
SEQ_302649,CGGGCAATCGGCTGGACCTGCTATGCCTATGCGTTGTCATAACAAATGAAGGAGCGAGTTCGAAGCGGAGAAACTTAAGAAAACGCCGACAATAATCATGGCCCTATAGGTGCAGTGCCGGCAGGTTTGGGGAGCTGATACCAGTTGTGGGAGTGTGTCACGTACTGCGGGGGTCTCTAAGAGCAAATAAGGGGCATCTCTAGGGTACATCTTAGGATTAGCACTCGAGAGGCCGTACATATAGGAAACACTAAAAGATGGCGAGAATCTCGGTAGAGTCTCTTCTCGCGTTGTTCACTAAGCTTAGCGCGAGCTGAAGATTTTTATTAGTCTGGAGTGCTTCAAAGCTGCAGCGAGCGAGCTCAGCAAGTCGGTACCTTTATTGTATCGGTGTGAAACGCAAAGCCAAGGACTAGCTATACATTTGATCAAGCGCGCTGCCCTTGAGGTTATGACGCTTAAATGCAATAGGTACACCTTAACGGCCCCAGACTTGAAAGGGTTTGATGCAAAGTCACGTACAGAGGAACTGCACTACTCCAGAGTATTCAACTCACGTGCCCGTCAGAACTCAAGAGGACTCTGACACCTCTATTGAATTGACCACGGTCGAGTTTCCAGCTTGCCTGAACGCCAGCAGATCAAAAATTTTACTGTGGAACCCGTTGACGGTTCACTTATCGCGTTCTATGGTCAAGGAATGCGAACCTCAAGTCCGATGAATCACCAGACAGCGCTGCACCGC,745,49.26,Escherichia coli
SEQ_599150,CGCTTCAAGATTGCCCCCAAGCTGGCAGCTTATCACGAACTCTGACCACCCTTGTTGACTGATATTCCACCTCGTATTGGAAAAATAGTAGTCTTCGGGTTAAGATCAGTAGGCTTCGAATGTCCTGACCAGCTAGAGTGTAATTTCGCAATTCCCCGCGCCTCCTTACTCCGGGAGAAGCACTGGATATATCACTGGAGGTTGTGGGCACAGACTGCGCGGCCTGCAACACACACCAAGTAAGGTCAACGGCTTTAAGGACGCACTATTGTGCCAAGGCACTAAACTCCTCTAGCACCACACCGAACCAAGCGAAAGTCACCACAGTTACTGTCACAGTGAATTTAAGTCAAGTCTTGACCCACGATACAGGTACCCCTCCAGCAACTCTGAGGAAGAAAACTGTTTAACTTGAAACTTGTTTGTGACCTTCCGGACTAAATGACCAGCAGCACCCACGGTACTATATAATGTTCCCGAGGTCCAGTTCGTTACCCTACGAGGTTGACAGCCGCCCCAGCTTAACTCAACGGCCTATGTCAGACGCTGTTTCAACCCACGTCGCCCTGTTATTTGGATTTGGTTGTCAGGGCCCAGATCAGGTGGTCTGCATTAATGAGGCCGAAGTGATAGAGGTCGCACCG,644,50.31,Mus musculus
SEQ_393367,AAACTGCCTCGTCTTCGTGTGCCGCCTCGTCCAGTTGCGTCACGCCCGAGTACTCCAGCAGATCTCCTTTAAC,73,57.53,Escherichia coli
SEQ_488717,AACACACGAACATGCGTGCCGGACTCTGAGGTCAGTTTGGCCCTCAAATATAGTCGGCCCTAGACTGGGCCCC,73,57.53,Caenorhabditis elegans
SEQ_721864,CCTTAGTCTCCTCGTGTCGACAGTTGCCACCCTCAAAGTGCGAGGTTCAGGAGTCACGGGGAGCGGCGGCCTTGCAGATACTGCGACCGCCGTTTACGCCCAGGCGATGCTGTTATGTAGACGACAAGGAATAACACAGGTCACGACGTTGTGTACATGGCTCCCTGCCGGCACCGGCGTCTTCTACTGGATTTAGTTCCTTTAACGAATAACCAAAAGAACTCGCATCAGACATATTTGAACACTGACGAGTGTCACACCGCAACCAGGTAGGTGCCACCCTTGGATTGCGCCGGTCAGACTCTATCAATTGACGACCAAGGATGCGGAAGCATATTTTGCCGGTTATTTCCGTGAGCACAGGACTCTCGCCACGCACACTCCTGGAGAATGTCTAAGCCGATGAGTCCCCTCGAACTAAGTCCTGGCTGTTTACAGCGTTCGAGCTTTTTAAATCCCGGCTACTGATATCGCACTGCATCCGCCACGTGTATTGTGAGGTACCATGTAACTTCGTCAACCACGGAGGGGTCCTCATTGGGGGAATCACCATTTTGTAAGTACGCGACGTACTATACGGTGCGGAGCCAGTGATATTAGTAGCTGACTTCAGGCTCGGCCCGAATCATACAGTGAACTCGAATGCTTATCCCGCTAGTGATAAACGCATGCTGTTCTTGCTGTACGTCCCCAGGGTCATTGTGTGGAACGACTCCG,717,52.44,Arabidopsis thaliana
SEQ_158509,CAATATGTGCGGGTCTGCTGTCGGGTTGCTTGCATATCCCCAATAACTACGAAGCCCCCCCTCATAACAGAGTGCGGAAAACGTTATGGACTCTCGAGGGGGCTTAGCTAGCACACACCTTCTGGGGAGTCCACAACGTCGTCTACCGGTAAAAGTAGTGACCGGTGCGGCTGAAAACGGCAATAAGTTAGCATACGCGTGACGCTTCTGGTAAACCGCCCAATCGTCTCGCGCGGTTCCAAGCTGCGCGTTGTATAGGTATGCCAACAACGTGTCTCGGTCCTCAACTTTGTGACGAATTTGGTTAACTCAAGCTCAGTCAGACTTTGGGTCCTACAAAAGAATAGAACTCATTGGAGGGCAACGGGTACGCTCTTATGTTACTCCCAAGTTCAAGATCCGACCTCGGCCTCTGATTGAGTAGCACGACAGGCGTCTGAAGATAGCATTACGTAGCGTACTGAAGTCTTGCTCCGATCAAATCTAGTCCAGCCTTACCACATCAGCCCGATTCAGAATACGTGTAGGACGAATACAGCTTGATCAACTTTCAATAACACGTAACTGGATCTAGATCGGACTATTAAAGATCCGTGTACACTACTCGGAGTAAAACGGTCGCCACTGTAGTTGGCGATATTGTTAATTCACCTTAGCGCTGGCCTAATACTTTCAGCGTCTGGTTCGAGGGTCAGAAGTTAACTCGTAAAATGATACGAGGTATCCAAGCGACTCCGACTACGCTGTACCACGGGCGCCAATCTA,765,49.28,Mus musculus
SEQ_134683,GATTATAACGCCCACGTAGTATCGTCCCCGAACTAAGGCAGTTTCATCGGAAAAACCTTGGGCCTTTTACACTCCCTCCAAAGCCATACCCGCCCCGACTGAGATCTGCATTTGAGCCGTCTATGATTCTGGGTTGTAGACGTAACTGAAAGACATTACCAATGCTGTCCTTCACCAGTCATTGATGAGAGTGCTTATTAATCTGCCAGCAGGTCCGCATCGGGGGGCAGCGCAATTGTAGACGCTAACTAGGCGGTAACCAAGCGCAAAACTCGGCTAATGACGCTTCATACAGAATTTTTCTTAGTGGAATGTGCTTGACTATTCTCGCGTCATTGAGTATAGGTACAATAGGCGACGGGCCCAGATTCACTGGTAGCTAACGAGTCATGCTGTGGTTTATGTCTCTAAAAAGCCCAGGTGGAATAGCCACACGCTGCTAATAGTTAGTGAAGGGACAATGGGCGTTGAGCGGGGCACACGGAGCGACGCGGACAATAATAGGCAGGCAGCCCTCGGCCTAAGTTGATTAGAGCGGTCCTTGGTCCGTAGTTGACGCTTCCAGCTAAAGTCGCATCCGTTAACACTCTTTTAACGGCCTTGTCTGGGGTGTCTGAGGGCCTCTGGTAGAGTCGTGAACTGTAAAGTGCGCACCAAAGATTAAGGTTGGACTGAGGCTGTATCTCTAATTACCCCCTTCTTACTATGGCCTGGGAGAGCGGTCGCATGGCTAACGAGCGGAGCGCCAGGGAAAACGCGTATCTGATGATAGCACTCGTCCAAATGATTCCTTATCTCACTCACAGTCGTATAAGTTGTCTGGCTCTTTACTTGCGCTGAGCTGTGAGCTTCGTCTCTCATGACGCCCGAACTGTCAGTTTCTTTTGAATATAATGATAGCTGAGGGGAGGTTATCCAACTAAGCATAGAAGGTGGCGACGTGAGCGGTAGCGTATTCGTCTACCGTGTGCCGGAAGTCCTTGATATCATTATAAGAAGATTTGCCTGTGAAGATGATCTATCTAGGGGGACGGGAACCAGCTCTACCTATAGCACTCACAGGTGAGTGGTGGAAGCGCTTTAAGGGTACATCTTTCGAACTCCGAGTTAATGCTTCCCGGCGAGGTGGACGTACGTCCAAGCTTAGGAGATGCGTGGGACTCAGCTAGGGCGAAACTGTGTCAGACTTACAATACGTGGGCAGATCCGGATGACATCAGCTGGTCCCCTCGGTCAGTTTCGACAGGTATCACATGATCGTCGACCGGATGTGATTTTAGACATCGGCACAGCCGGTTAGTGATCTAGGCCGAAAACTCACTTAACAACCATTCTGCCGTCAAAAATAGACTGCTGCTAAAAACCCAACGGGTTTTCGTATGCTATCCGCCTGGGTCC,1398,50.07,Arabidopsis thaliana
SEQ_311815,GTAGTAATCCACTACTGATGCAATCTAGGCGATTAGCTGGGTATTTGGGTGCCTTGAAGTGTTTAGATGACTATTTATCTTAAGCCGTCGCCGACCGATTGTGCGTTCTCTCCCGTCCCTTAAGCCTGAACGGCGAGAAACTAGGTTGGTAGTATCACCCTGGGCGAAGGGCAAACGATCTGAGTCAAGGGTTGAAGGTGCACATGAGCTCATGGGTGCGACTCATCGGCCTAATTCCAAGTGGGTGAGGCTAACTGTTTATAGACTACGACACGAGTACGATACTTCCATATGGAAAGGGTATACGAGCATCCTTCCCGATGGAGGTACGAGAAACAATCAGGTCTTAGTTCCAGAACTCGCGACCACAAAGGGAGATCGTTGGCAGAACTTTAAGCCTGCGACCAAGTAACGTCGTTTATGGCCGTCCGCATGGCCTTTATCGATTGAATATCCTCTACCCACATGTAGAGTCATGAGACATGGATACGCGGGGCACACGTTGAAGCAACAGTATGTGACGCGGTGTCCTTATCTGTATTTCTAAGACTGGAAACAGCATCGATTCCTGGCACTAAAGGACGATTTCGGTTGAGAAAATTCCTATATACCCCACTACTACCCCGGGTTTACACCAGACCTTGGGCTGCAAAGGAATGGAACCGACTCCCCCAGCAGCGACCAAGGGTGGATGGGGGAAAGTCAAGGAGTGTTAGTTCACCTTCCGTGTCAAAGCCCCGCGCTCCACGTGGTCAATCCTTCTCCATGTACGAGTGCAAGACCCCGACGTCGCGGCAGGCCGAATCGGCGGCGACGTTTAGAGCGACCGTGCGGTAACCTGTGCTACAACCCTTACTATAGTTTGTCTAAAGAGGCACTAGACAGTATTGATTA,894,50.56,Drosophila melanogaster
SEQ_627138,AGTGACCGGGACTCCCCGATGGTGCGGTTGCACTCTGGAGAGCGGTACAGATACAGAGTTCTTCCGGATAGCTCGAGACTTAAACGTACTAAATTACTAAGGGCCTGAATCGATCTGCCTCTGTAAGGGGATGCCGATAGCAGTTCGCAATCAATTCGGCCTAAAACATCCAGATAATTGTCTTTGTATTGCCCGCTGCAGTTCAACCATACCTGTATACCCTTCGCTAAGGCGTATCTCTATTCCTGTAGCCTTCCAGCCCAAGTTCTAGGCCGCGGCGCTTGCATTACATCGTTTTGCATCGCTAAGGTACGCCTGCACCACGTTCACCTTCAATCGTGGTTCATTAGAACGAAGACGATACCGCTTTCTTCGTCACTTTGGCAACGCTGGGATCCTCATGTGGAGCTAACCAACCCGACAACCATGAGGACTTCTCTCAAGGTCAAGCGTGAATGTTTGTGGGACGTAAACTCTCAGTTCTTCATGTGTGCGAGTCGGTGCGTATAGCCGTCGGTTCAGAAAGGGCTCGGATGTATCTCCCAGAGCAAACCGACAATGTAGCGCAGGATTTTTCAAGCAACCCTGCGTCAAAAAATCCAGGCTACTTCTAACTATCGTGTAAGAACGTTTATCTGGTTATCTGTTTTCTTGCGAGGCTAAACGTGGGTACGTTACGTTGATGAACCATATTGTAATTGACGCGGGGCGCGACGGGATACGTGCGATGATCATAAATATGACCCACACTGTCCATGACTTAGGTGGATCAAGATTCAGATACAGGCGACCGCTAAACCCTAAAATCTTATATTCTTAGATTTTGGGGCTGTACGCCTTTAGGGTCGAAAGCTCCAATTTCTACTTCGATTGGACATTTATCCGGCCACGGCCGTAGTCCCAGGAGACGGAACGCATAGCTGCGCTAAGTATTGTCGGGCCGCCTCTCAGAGGAGATCAGGTCTAAATGCGCGGGATAGATGTACCTGAGGGAAGTTCAGATGCTTGTCTTATCAAGTGATGGCGGACGTGCCCCCGCACGGCTGACGACCATTTATGAAAGGTGACGAACAGCTACGGGACCTGAGATGCTCGCCGAGTGACATATATGAGACCTCCAAAGTTATCACGAACGTGAGCAGTATGAAGTAACTCGCACCCGGTCAAGGAGCGATCACTATGGTTCTATTCTCATAGCTGGAATTTAAACTCACCTGCATCCTATCTCCGCTCGGAGTGTACTCTACATGCGGCTGCGATGCCAGAGTAGTTATCGTGATCGGTCCAGCTTACCAGGGCGAGCTGTCCACACCTTAAGTTCCAAGAGCTTATCCAGGACCGCTAGCCCGCTCTTGCTAAGTAACTGCCATCTTGTGCCTGGTACG,1385,49.89,Caenorhabditis elegans
SEQ_899310,CCCTAAGGTATCCCATTCTAGCCAGCCTGAACGTGCTCCAGTAGCATAGATATACCTGCTGCCAGATCTCCTCCGATTGAATTTTGCAACACTCCAAACCAGGAGGAGAGA,111,49.55,Escherichia coli
SEQ_992976,AAGCTAGCCACAGTCCAGTTAACACCAGAATCATATGTATGGTTAAGAAGGTCACGAGTCCGTCTGGCCCGGGTCTCTCTTCTATTAGAGCATTACTACTGGAAGCTGAGAGTGCTGGTTTATGTCAATGTTTCTACACAATATGCTCCATGTACCACGTCATACGCGCTTTAACCGTGCTAATAAACCTAACCGCTTTCGAAACGCAATCCCTTACCTGCTGGGACTTTACACGTCTCTGCTGTTCCGCTAGAAAATGGTGGTTGCAACGTAACTGATCAGCACCGCTAATATACTAACCAATTGTATTAGCGCAAGTCACGAGGAGGCGTGCTGCACCCGGACACTTCAGACTGGGTCAGTCCGTTAATCCAGGGGTGTTGTTGTCGAGAATTTCCCATATTACCGCGTCCGATGAGTCCTAGATGGATTATCCGAGCCCGCATCCTTGAGCTAGAGTTCAGATTGTCTCGGAGGGAATTGGTTGGCATTCGCGTGGCCCAACTGTGCTCGCTGGTTCGCTGCTCGTTTCCTGTAAGACATATGCCTACGGTATTACCCTATTTTATGCTACTGCAATGATGCGGCGGTGTTGATACTTACGTGTCATGGATTGACTAATAGAAGGAGCCAGGGCCCTAGCCGTGACGTGCTAGAGATGAGCCCAGTGAGGACCACACGTTGCAGGATTGGTAGAACGGCCTGTGGGATCCGTTGTCACAACTAGCCTTAAACGGTGATGGTCTTATGATCATCAGTTTCTACTCGTTTGACGGATGGAAGATTAATGAAGTCCGAGTGATTAATCGCTTTTGAGGACGGAAGAGCGCAGTGGTCGCGGGATTCGGGGCGTCCCCGCCCAAGATCGATGACCCGTATTGATCCC,886,49.77,Mus musculus
SEQ_495706,TGGATCGCCAACATTGAGTAGTGTCAGTATCTCCCCTTATGAACTCCGGGCTTCGTGTCGTCTTACGTCTTGAGTGTTCGCGTTCGATGGCGTTCTACTGTGGCCCTCTGCACCAGGTCATCAATTGATCATTGATGCGTCGGGTCCTTGCTGCGGTGCGCAGGGGTCCGTTATTAAGTTTCTGACACAACTGGCTATACTAAATCCTTCTCTACCCGGGTGGTGTCAGGTGACGTGTTGAAGGGCATACACGGACCCTCCTCGCTGCGTACGGCTCCGGGGTGAGGGGCATCGCGTTTTAACGTCTATTTTGCCTTAGCCATTGCGTTAGCCACTCGGGCCTGCGGAGTGATAGTATTGAAGGCCCAGCGATTGCGCTAACTTCGAAGGACGTAGTGCGGTATGGTCCAACTCTGCCGAGCCAATGGTACCGAACGGCCAGGGTCACGCATGGTTCAAATGAACGCGATGATGACTCAATCGCCGCGTTATGGGCATCAAGACACCCAGTACGGATCATAATCAGTGAAGCCCACGCAGTCCGCACAGTGCCAAAAACCGTTACGCCGGTCAGCAAGGCTGTGTATGTGACACGCTATATACTGCAGCCCCCTCGGTCCATAGAACACTAACACCAAGGGCCCGTCGACATTTTCGCCAAGTCACAGGCGACTCTTTGTAAAAGCTATGTAATTACTAGCGTCAT,706,53.4,Drosophila melanogaster
SEQ_289054,TCGAGTTACACCCTGTGTATTCCTAAGGACAGATCGCCTTGTACACGTGTGAGATACAATGCATAGTAAGTTTGTTGCCCCCAGGTGTATGAGTTCTTTATGGCGACGCTCCGGTCTCCATGAATTTCGACCTTGCACTCGGCCACAAGCCGATGAATGATACAAGCCTCTCTGAAATGTGCACGGGCAATATCATATCTTACTTACTTTCGTTCAGGGTGCAACACGGATGCGAGATGTTCGCAGGCCGTTCCCTCAACAGGTGCCATACGCCCGAAACGCGATATAGGTTCGTTTACGTTTTTAAATCCCGCGGAACGTGGTCCTGCGCGATGCAATACGGCATCGCGCTGTCGTGCCCCAGCGAGAAACTAAGCAGACAGGCTGGGGAACGCCCTGTAATCAACCTAAATTATGAGCGCAAGTACGACTTTTCGCATTAAGTCTCCCGTAACTAACTAATTGTTAGTAGCCTGGCTACGCGTTAGCACTATCTTCCGGCAGATGATGTGAACACTTGTGCACCGAGAAACAGGCCAGCGCAGACGCGATGTATATCAAGCTGCGTGTACTATCATTTGGTTGTCGACAGCCTGACAGTGAGTCTTTCTAGTTGACTTCTTGTAGGAACCCTTCGGGCGGGTCGCGCGATGTAAATTAACAAGGCATCACCTATCGCTTCATTCTCTGGTGCAGCGTCAAGGCAGTTGTTAAAATCTTGGCCTCACCTTTCCAGCCACCTGCAGCTGATTCATGCTTGGAAATCCAATCAATCCAAGCTTCCTAATTTCTCCAGAGATAAATGGGTTTGTTGGCGTTCATAGCTTCGGGCTTATCTCGGTGTCATGTCGACCCAAGCTACGGTCGACTATCCTCGAAGCTACCTCACTGTATGGATATGCTAGTGATGACGTCGTAGTGGACAACTTGAGGTCCCCCTGGCGGATCTAATAGAAGATCGATTCTCCATATCAGAGACAACGACGGGGTATTTATACTTTCTCGTGCCGGAATTGTTCTACTTAAGCAGAAGAACTCCCTCAAGTGTCGCGCACCCGTTGGCAAACAATTCGCAGCTATTCCTGATTACCGCTCCGCCGGGGAAGACTACCTTTGTGCTCTGCGATACTTGAAGCGCTAGGGGGGCGTACCATTTAGCCCGCTGCGCGGGATAACCCCCGCGCTAGGATTGAAATGACTTATGGGACGTTGGGACTAGGAGGGTGGTTTAAGGGCAAGACAGCACCGACTGTATTAAGTACGCAGTCCGGTGGTCAGCGATGAGTAAGGTTTGTTTAGGATCGGCTGCTTCCTCGGCGGAGCGATTCTGCGGTAGTTTTCGATGTACCCTCCAGTGATCCGGTAGGTGCAGAAACTGATCAGTACGAGGAGTACGGCTGAACTAGTGTGAAGCGGCTGGTAGACCGCGCCCGCGTGAAAGAATAAATATGCCTTTTTAGAGGGTGTTGGCGACCCAGTTCTCAAATGTCATTCTAGACCTGAACTGAGGCGATACGCCGGTGTTCTCCGTGGCCCCGATATTGCGGATAACGCTGGGGAATTCGCCTTAGACACGTAAGTTTCTGTCGAACTTATGTACTAAGCATGCCACCCGATAACTATCCAGAAGTCGTACGGATCACCGAGACGACTCAACTACCTTATGTAAT,1670,50.3,Drosophila melanogaster
SEQ_673748,TAATAAGATCATACGGTAGTGGTCCTAAATCCTGCAGGCTTTTTGGGTCCATATAAAAGTCAGGTGACGGTTTCTCCCACGTCAAACCGACCGGCTTCAACCACTGGGCAACGGCCATCATCGACAATGTCCGATATTAGGCTACCTTAGACGTCTTGTCCATGCCTAAGTCCCCCTGGTATCTATGGAACCTAACCCATCTGACTTCAGACATGCCGATTTGATTTGCGAGAACACGCCAGTCTGCTTAGACTCCCACAGTGCACAAAGACCCGTGATAAAGCGTCCCCGTCTAGCCAGAACAAGTTCACAAGGTATATGCTGAAGGATAGACATGCCCTATCTATCGAGCCTCTATGACAATCACTAGAATTGTTTGATCAGAATCCACGGGGTGCAAGCGAAAAGAGAACAAAGCGAGCTCTCAAGAGTGAGCCTTTACCTAACCAGCTAACCATAAAGGCTCCTGCAACTAGCACAAACGTTACGTTCGCTCTAACTGATCTTCACGGCTGATTAACCCCCTGAATCCTGACTGGCCACTCTTTTCGTTCGTGGCAGTTTGATCTTCGGGAGCCCTTAACTGCCCCCAGATTAGCCATTGTGTTGGTAACGGGCACGGGTGGGCCACCTTGATAT,639,48.98,Arabidopsis thaliana
SEQ_345466,GGTACACCCGATCGCCCCTTTCAGCCGGTTGATGATGAAAACAATTTCGTCCAGCTCCCGGCCCGCCAGTAGAACTGAACACACAGGCGAGTCTTAGGGCGAGCAGTGCTGCGCAGGCCCATAGGGTTCAACCCATAGTGATATTTACACCGCTGGGCGGGATCCGTCATGGCGGACCGGTTTACACATCCAAATGGAGCACCTATACACGTAACTGACTAGCAGGCGGACACCTAATACAGTTTACTATCGACAAGTATCCACCACAGAGACAAGCCATGCCTGCTTGTAGTTTGTTATCAGGTACCATTGTCGACCCTGTGCTTATAAATCAACATGAGCAACCGTCAGCGGCTGCGTCATGGCCACGACCCGAATAACAATCGTAATCTCCTTTCGGAACCCCAAGGTCGACCTGTTTTATCGAACTTTGCCTTGGGAGTACTGGCGTTTAGTCTAAGGGATTTTGACGCGACGGCCGCCCGAGGGAGAAGCATAGCTCTTAAGGCTTATTACGTCGTGTGGGCTGCGACGGTCAGCATCGCTGTATGCCAAAGGCCGACTGAACACCCTAGGCCGATCTACAGGGAGATAATTGAAAGTGACGAGCCTGGAATGATACTTCCGGGATCTTCTCTCTCAGCGACCATGTCTGCGGTGTCTACAGCTTCACACTTCGACGGGCCATGCTCGCAACAGAAAGCGCTCGTTGTTACATCGACTAAGACCGTTGGTCATGGCTCCACGGCACTCAGAGGACGCATTCGCTTGCCCCGCTCGCCAAGGCGCCCAATATTACAGAATACTTATCGTTGGGAACGCGTTCAGTTGGAGGGGCACGCGAATTTTATACAGCTTGTCGTTAGAGTGGATCGAGTCGGTTCGCAGTTGTTTACGGACAGTCGGCTGCTCTTACACCTATATAGTAGGATCCGGTCTGATCTTGCTATGCCCTCGTGGTGCTCCAGTACACGAACCTTTAAATTACGGGTGCGGACGATCGGATTCCGAGTCGAGGGTCGACTGTTACCTGCACATGGTGAGCCTATTCAGTTTAGGGGGGGGGGAATCATGTCAGCCCTAGCGTGTTACAACGTTATACGACACTTTAGGAGTATGTACAGTGGACACGCGTGTAAAGGGTCGCGTGCTGTTTGTATGTGCTATTCGTTCTCGGCAAGCCTACAAGCCCACACCCTTCTTGCGTCACATCACTCAAGCCTAGGAGCGGTATTAGGTAATTCTGAACACGGCGTTCTGTACGAGCCTTGTTCTGACGGTGCTTGGCCCAACACGCAAGGGGTGACTACATACCCTCGAAAGAGTCACCTTTGCTGCGAATCGTGTAGAGTTGGTGACTCCCTATTTCAACCTGTTTCTACCCACTTGACAGGATCCGCTAACTTGAAGACA,1413,52.23,Drosophila melanogaster
SEQ_713333,AGGTTACCTCCTGTGGTTCATGCTCAGTTAATACGGGCTCGAGCTACCCCCTTGCCAATTTCATCTAGACTGTATCTCCGGGAAGCAACTGATTTCAGCCCCCAAAGCAACACGTTCTATTCGCACTGGGATCCACGGCATGCCCTTCAAATTGAATATGCGGTTTGAACTGACCTCCCTCCAGGCAATAGGGGTTCTTGGTCGGACCAAAATTTTAGATTAACGCGACGTACGAACCCAATCATCATCGCAGACTGCTATAAGACGAAACGGAACCACAGGAGCCACGACAAGTTAACAGAGCATGACGAGGGGATTGGTGGGGTGCTATAGAGCCGAGACGACCTATCCCGGGTTTCTCCGGCTACAATCCGCAGTTGGTAGACATCATTGGCATGTCGTACCAAGAACGGTCCGAGGTTTATATCCTTCAAATCACGTACCGAGGAGCTCGGCAGTCGCCTTCATACTGACGCCGCTGGATTCTCAAAATCAATTGGTCGTAGTCAGTCGTCGCGAGTTCTATGACTCCTGACAGTGGATCATATATATGTGACCGCGCTATTCAACCCGATATTACCTCACCTAATGGTCTGACGCCTATTGTCAGATATTCAGAATCCAGCCCGCCACCACAATATACTACTCGCACAAAAAAAAGATTTCGCGCATGTCGACAGTGAATCGGGTTTGAACTAAGTGGCAAAAGATCTAGCAGCTCAAGTTTACATCTGGCTTCTTACCTCGTCTATATGGCACCCACTACTCTATGGTCGCGTTCATTATATAAACCAGCAGACAAAGACTCCGATAATGTTGATAATAGGGTCTTTGGACGAACAGTAGGCATGTCAAGGCTTGTACAGCAGGGTTTTAAGAGAGATAAGATCATAGAACGCCCAAGGTCTCGCTATATTTCGGCGAGAGATCCTAGCTTCCCCGTGAGGATTAACTCTGATCTTAACAAACCTTGGCTGAGTTTCGACGACACCTCGCAGAATCTTCTTTCTCATTACACTAAGGACCGGCGCCCCAAGAAGCTCAGCTACGTTGTGCCAATTAATCCGAGGGTTGATGTCTGCGCGATCTGCCCTGCAGACTACTCTATATCGAGAGAGGTGACATGCCGAGTCTTCTTCAGCTTTTGCAAAACTTGGATATCTGCCGTTACGACAAGTGGATGCCCGACGAAAGAACCGTACAACGGACGCTCTTCTCGTCGGTGCACCTAGGCACCGTAGTTCACATCATGACGGGTGTTTAAGCGAACCGCTGAATTATTCCCCGGAGCTGAAAATTTCGCTTAACGACGAATTGACACAACAAACTGATTAGTTTCGGGCGGGATAGGATTTAGATCACATTAAGTGTGCACGTAACAGAAAGGGGATTAAACGCATTGACACAACGATCCATCGTACCACAATTAGTAATTGAGCTCAGGATGGGTCAAGGGGAGACCTTTGAAGAGGCTATAGAGCGCGATCTTTCGCCCTTAAAGTCGCCCAACTGGGCGGTCTACCTGGCAATGCATAGATACGGCGAGTTATCGGTTATCAAGGCGAATTCGTGCGCAAGCGCTAGGCTGGT,1590,48.43,Drosophila melanogaster
SEQ_446213,TCAGTATAAGATTGGGCTGACTAGGAGACAGATTAAAGCAACAGGGTTCTGCACAACTCACCATTGATATCCGTAACAGCCATCGTTAGGGGCTCGGTGGTAATCCGACTACGCGCGAAGGCCGAGAGTGGCTCCAGACACTACTGACCTCAGCTTAGTGCTGATGAGTCCAATATACTTGACGGCGTCTCCTTGCAAGTCTCAGGTTTTGACGGATACCATATTCATAACCGTCGCTACGCTGTGCACATCATGCAGGGGAGAGCCTGTGATCTGCCTATTAAACTCTATCCTAGTCTGAACATAATCGTGTTCTGATAGTGCAGTTGGCCGGAAGTAAGCTGGGCGAGTCGATGTGTATTCCACGCCCCCCAGAGTTAAAAGAAACGATATGGCAGTTAATCCCGCTAACTTCTTTGGCAAACGTCCCGGGTTACGCCTCACCTGGATTAATGTAGTAACGCAAATTGTGTTTATACTACCTCAAGGTCTTCATTTAATATTTTCATTTGTTGTAAAACCTGTTGCCGCTCTTTCTATGTCCGCATCACGGCTTTAGGTCTCTAGCCTGGCGCGGTGAGTGATCACCAATCGCGTTTGATCAACTATGTGAAAGATGGTCGGGTGCCCGGCAGTACCGTACGGTCTAGGCAGGGGCTTACCGACAGAAGTAATTCCCTAATAGGCGTAGGTATGTGACCTACGCCAATGCATGGTCAGGACCCGCGGGAAAGACTGAATCGCTGCAGCTCGATGGTTCCTTAAACATATAGCGGAGCTGAGTGAGGTTATGGGAATCCGAGACGCGAAACGTCCGGGTCCCACGCGCGAGATGTAGGAGGCCAGACCCGATTGAGAATTATCATATTCTTGGCGGGCGGTCCTATATTTTCCAATTTAGGCGATTCCCTGTTCGCCCGTCCAACGCGACCCTCTAACTTGTCGGGCAGATTGGATGAGTCAGATTGTTTGACTGTGGACAAGCTTCGTAGCGCATCCGGGCACCCCGATTAACGGCCGCCACTATAAATAACATACCACAACCAAGGTGGCTCGAGTCCAGTGAACTGTACGAAATCGGAGCAAGCTGTATCGGGTTTATAAGGAAAGAGCGGAAGACCCCTTTCAAATGTGCCAGTGTCTAGAGCCGATCCTTCTGTACAAGTTGGGATTGGAGTTAATAGTGCGTTCTAAACGTCGAACAACCCCTAGCAGGCGATCAGGAGCTATCCGCAACGGGTGTCTCAATATGGATTCCAAGTGGTCACGAAAGGTCCCCGCGTACACATGCGAACCATTATGATCACCACAATGTATTGATCACTATTACTTTGTAATTTAAGCATATGGTTTTGTATCGGGCACGTCACACCAAACCTGTCTTTGTTTCTTGCAGACCGTATTTCTCGACTTTAACACACTCCTTTTCGCTTGTA,1436,48.89,Escherichia coli
SEQ_922038,AGGGGTGCCCCTATCGGGAACGGTTCCCACAAGTGCCAGCTTTTCCGAACAATGGATTGCGGCCGATTGGACTCCGGCCGCTGTCATCTTCGGAGTACATTACTGTTTTCCAAGATGTCACCTTCTTACTACCAAGGATGGGAAATGAAGTGGTGGGTCTAACAATCAGCATAGTACCCTAAGAGGCTAGACAGTCACATTGCGGGCGGCTC,212,52.36,Mus musculus
SEQ_864040,TGCGCCCAGAAAGGGGACAGATATTTATGGTCTTAATCGGAACCCCTCCTTTCGACAAGAGCAAGAGGTGAGCAATTCATTTGTCCATTTTGTTCGCCTTCGCGATCCGTTTATACCTCATGCATAAGGCCCTCCCTCTACGCACCTGTACACATTGCGCGGAGCAAGCCTTGCAGAGCCTTCGTAGCCCGGTAAGTCGGCAGCATGAACATCTCGAACAGTACTCAAAACACAACCAGGCATTTACTCGGTGAGCCCATCACCTCATCAGCGTGGAGACGTACCAGGCGCCTTGAAGCACAGGTAGGAAAGAGAGGCGGACACGGGGTCGATTTAACAATCGGGGGAGGGGGTGAACCGCGCGCCTGAAAGCTCCTACACTTGGAAAGCTTTACTGTCCGCAAGTGGTCGACATGCGCGACAGTAACCGTAGGAAAGGCACCCTGACATGGTGGCTCTTCAGGAGGTCTAAGATGAAGCGTCCGGTCAGGTAGTGTGTCGGGGTCTCGGGCCGGATGGGGGTGATGACACGTTTTTATTTTGACATAATTCTATTCGCAAAGGTGGACCTGTAGCAAGCAGGTTAGGAGACTGACAAGTTAATCC,606,52.81,Caenorhabditis elegans
SEQ_379034,ACTGACCATCAGCGAACGGACTGCTTGCTCGCGAGGAATAAACGTTCTGTGGAAATACATAATCACCACCCTTACCGCTCCCAATTCGTACAAAGTTTGGTGCTGACGTTAGTGTTTTCAATTGATTGTCTCCCCTTGTCGACACCGCCTCCGTCTTGAAAGTGATTTTAACGTCATAAAGGCGCAATCATGGGCGAAACGTAACTTTTTAGGATGAAACCTCGGAGTAGGGTCCCTCCCGCAGGGGCAGTAGACAAGATATCGGAACAGCGAGATAAGTCCTTGAAGATGGATGTTCAATTTATATAGACCAGAAGACGGCAGTATACATCCAGGTTGTATACACCGGTAAAATCGATTAAGAGGATAGTCGAAGAACTATAGAATGCTCTAGTCACTGGAGTTAGAAGTGCTAGCTCACCTGTAAAGCTTGTAGCCAATGGATCCCTGATCAGAAGCTTACCCGACGGTGGACAATCCAGACTATGGCTAAATGTCGAGGAGAATAGCCCAAGCCGTCCGCCGCAGCCCAGTTCTCTGCCCCATACTTTTGTTCACTCTAGGGAAGAGTTTGCCCTATGTCCGCAGGCCAATGAACCACATATGATGTCTAACTACCTTGCCCTTTCATGGCCAACAGAATACCGTCGCATCTGTAGGGTTGTATTTTTTTACCGTCCTGTAGCATCGTCCGCGGACGCTAGGATATTAGATGGCTCACGAGATGACGCCAGCAGACTTTACTAGGTGAGCTTTTTGTCGTACCTAGGACCGCTGTGGCTACGCCAGCTATATGGGGCTTTGTCACCTATAGCTGTCCTACGGAGGCGTGTGCTAGTCTTTTATACACATCCAACATGCATCTAATAATTCTAGATGGAGGTACTCTCCAGGAAGAAACCGCGCTACAGATATTAACAATGAGAGCCCCAAGAACTCTGTTTAGAAAATCCAGAAAGACGGGGGCTAGTCCGGGAATTGCGTGCACTAGCTACCCTACTCCACCGCGCGCTGTTGTACTGGACAAACCTTTTAAACCTGCCTTTAGCTTATATTCACGCGGGGATACAAACTCCATTCACAAGCGTTTTATGTATGACCGCTCCATAGGGCTGACTAACCGTCCCTATGTATTGACGCTACTTTTTAACCCGCCCTAGGTGATGTCATAGTTTAGCGCATGCGTATAGCATCCTGTTATCCAACACGCCACACCGACCGAACTATTGGTCTGTTTCATGATAAGGACCCGATCTGCTTGTCGCAAGCCTTATGTTTGAACCTACGTGGCACCGGTTAAGTCCAACCCCTGTAGAACGCGACCATAACTGGCCTCCAAAATAACGTCAAGCGCACGTTCCGTCTGAATTGAAGTCTACTTTGAAAGCTGATATCGGGCTCCTACTACAGCCAAATGATCTAACTAATGTCGCAAATGTCAGGCCACAGTGCCGTCATATCCCGGGCTGTGGAAATCCGGGGTTCGTGAGCGGGGCAGCTTTACGGTTGCGTAGAAAAACACTTGTCGGGTTAGCCAACCATATCAACATGTCCCACTTTTGATTTTAGCTAAACCATCGGAATGTCAGTTGACACAATCTAAAGCTCATCCTTCCTGGCGTGGGCTGATTAGACGGATTCAGTTTAATGAGCATACATATCTATAGTCAATCTCTCCTCACAACGGAACAGGGCCCCTACGGGGGAAGTGATTGTCCTGGCGTCTGTCCAGT,1733,47.95,Saccharomyces cerevisiae
SEQ_304363,TTGCAGACCTTCGCTTATTCGAGTAGACGCATTATGGCTTTCCTACCGTTCAATGGGGGATATGACGCCATTATTATCACCTTTTACGTCAGCCATAAACGTCTATTTCAGCCTGGATAGCCTCAACCTCACATGGTTGCAAATTGCGTAACATTTTCAACGATGGTACGACATGATCCCTCGATTTCACGTGCCAGCTACAGCTACTAGCCGGGGTCGTGGATAGGGTTACTAGATTGACAGTCCGACTAAGCTGCTATGTAATCACCGAGATACTCACATTGATTTGGTACACTCCGCTCGTGAATTCCTTTTATATAGTATGAGACGGTGGAAGTCATGTTGAGATTGGATGCGGGTATCTGCCAACTATTTAATCATGGCTACTCGCCGAGTCTATGGACTATAAGAATGAACGTGTAGTCGCACAGTAGTCCTTGGGTGAATGGCCGCCACACCGCTACTTTCAGACCGTCGGCTACACAAGATAGGGACGGGTCACACCAATTGCTGTAAGGTTACCCATGCCCCAACTGAATTAGCGGTCTATTTGGGACCCTCTATAACATGTGAGGCGCTTGGGAGTGCATATCGAGCGCGACAAGCGCAGATAAGGTCGGTTCGCTAGTAGGGTACCTAGCCTCCCTTTCCTCAGTCTAGTGGCCCATCGCAGATCTCTTTGTGAGAAAGAGGGATCGGTGAGGCTTACGGCGAAAAACCCGGAAGTAAGTGTGAGGCATCGGAACGAAGAGGCACTCTGCGAGCCAATACTACACATCGACCGTCTTCGCGCGATCGAGGTTGCCCTGGCTGTAAATACTCAAATACAAAGGATTGACATGACTCTCAGGGCTAATCCTGCAGGTGTACATTAAGTACACTCCCGCCACCTCATGAGCTAACGCTCGGGTCTCAGCGTCTATTTAGTCGCTAATCTACATTCATCCACACACTGTCATATAACTCAGCCTGCATCATGCAATGATGTGACGAGAGTCTTATCGCCCGTGGTTTCCGATTCCGATGTAGTCTCTTGGAGGGGTTAAAGTGATCTGTGATAGCGGCCCTATCAATACAAGGGTTCCAGCGCACCTTAGCTTATGCTGCAAAACCAATTCCTTCAATACTTTGAAGTGGGAGGCGTTACCCATTCAGAACAATCGCCAGGAGCATGTTTGTGGGTTTCTATACAGCGATGAGCTGGGTTAATATAACCTGACAAGGGGAAACGATCAACTCCCTTGCTCTTGAGCTATTACCTCTATTAAGCACTCTGGAGGATACCACGCCACCGAACGGTTTATACGCTGAGTACACCAAAGAGGTACATGCGAAGTTCAGTAAGTTAGGCTCACACCGTGCCCATTATTGGATTGCTGGGAACACTGAGGGAACGTAGACTGAGCGTTATGGTCAGGAGTACGAAACTTGAGGATGAGAGAGCCCCAATATTTGTCACGCAACGCTTAAGGTGCGAGCGATTCAGTCATAAAAGTTGTCGCCACTCATCCCCAGTCTGCAGTGACAGATCTGGGAACCGGCCGATTGGTCGTACAATTTTGGTTTTTTACCGATAACTGGTGATCACCTGGCTTCTATAGGCCTGCCCGGTCCATTATTGGCAGTCCAACTAGGCCTATAGTACGTCGGGTGTCGAACCTG,1662,48.74,Caenorhabditis elegans
SEQ_791179,ATGAATCTAGCTACCCATCAGATCCGCCCAACAGTTTACCTTGGTTTTGCTAATTTCTACGCAACCCGCTGGGAAGTTGAGAACGTGACGACCATCTATATTTTGACGTCACGAGTACGCGTACTCACAATGCACTCAGGATGGCAACGGAGCTGTTTTTCCGTACCCCCGGGCCTAAAAGAGTCTTCCCTGTACGGGGAGTCGCAGTGATAGGACTATAAACCTGTATCTACGTGTAACGAATAGTGGTGGCTGATGTTCCCAAGACTGTCGGTACGACTAACGCGGGCCCCAGCGGAACGCCGTTAAAAATTGTACGCCGAATCGATGTCTACTATGCAGTTATAGTTCTGGCGAAGGAACCCGTATCTCGCACCGTTGGGGTTATACGTCGGAGGATTGACTAAGTTGCTAAATGGTTCAGGCGTGAGTGGAGGTGACATATTGCTGGCTTCTAATGACACCAACTTCAACACAGTAATGGCTACGACAGATAAAGTCTAACGATGCCCATCCCACACTATTTGTACAATCCTGGCATGCTCCGCATTAGGAACTAGATGAAAACGACTGAGATAAGAACACTATATAAAAATTCGTGCTGTGTTCAACTACGTGAGACCTAGACCCGATAACTTGCGTGTTGTCCGATTATGTGGAGTACTTGAAGGCCGCTACCAGATACGAGCCGATGTGTTTACTCGAGAGTACGACCCTGTCTGCGGCCATAGCAATTGGCTTGTATGCGATAAATCTAGTAAATGTAAAGTTGGCTGATTAGCTCCCTCGTCAAGAATCTTAGCATTGCCCCGGGATGAGGCGCGGAAACTTCCACCGGCGTCATCGACAACAGAAGCATACGACCTCCGAAGCCACGTCCTGCCAAGTTGTGGAGTGGGTCGCATCTAGTCCGCGGCTCTTATAAAGGAGTCCATACTTGCGTCGCACATTATGCCTGCATCGGCTTGTGTCAATCATCAGTCGACGTGGCAGCAACTGTGAGGTACGAGTTCCGTTGGACTTGTTAGATCCTAGGAGATCCTTTACGATACTTCAGTCGGAGCTGTACCAACCCCCAGTGGTCCCACTCAAACCGAGGAGGATACGGCCCTTCGTCTCGTTGGACGTACGATCATTGCTGGCACACTCTTCTGCAAATACACTAATTATATGTTATTGTTTTACACATCGCTTACAAAATGCGAGCGGAATCCACCTATCGACCCATTGTACAAAAAATCGTCTCGTTAGGGCATACAACCACTGACCTTGAAGTCGGCAGGGGCAGTGGTTATTCCGCAGAAATCTAGTACTCAAATGTATCAATGTCACGTTCTTGGTTGAGGGTGACCCAGTTAACAGGAAGTCTTCAAGGCGCGTTTTGGAGTGTCCTCTCGGGACGCAGCGACTGAACGCAGGTGTCGAAGCGATGCGCTTGTCAATAGAGTCCAGAAACGTACTGAAGATTTGATCGAGTTGGTGAAAAAACATGAGACGTATGTCACTCGCTGTCTAATCAAACCAATTATTTCCACGAATTAGTGGTTTTAAAATTAGCACCCGCCCGAGTTTGGGCCGATAGACCAAACTGCGAGCAAGAAATTCGTTGCCATCTACGAGATCATCTTCTGGGTCAACTGTGGGGCACCTAGCCTTCTCTTGTGTAATCTTTCCGTGGCCGTGGTATTCTCGTCACTCTCAACACCAATGTCTACCGGGCCGCGCACCTAGTTTGAACAATACAACACCGACGCCGAGGCATTCTGATGGAACACTTGGTTGCAGGTAGCGTGCATAACACTCAGCCCACCTTCCCGACGCCTTAAGGCAAAGATATCAACCTCGCTCGATCATTCAATGTGTAAACCTCTCTTAACCTCGCGGT,1885,48.7,Saccharomyces cerevisiae
SEQ_759572,CCACATCATTTATGTTAGTATGAATTAGTCATAGCGCTTGCCAACGCTTAATCGCAGTTCCGATGGCCTCTCACTCACCGCGTATCGGCGGCGTGTACATGTGTTGCTAATGTATGTGTGTACTCCGCGCCGCGCCTGCAAGGGTAAGTGGATAGACTTGGCGGATGCATTTGTCTTTTGCACACTTACTGTCTAACGCTAGTTGTCTGTGGCATGGGGCCCCTATGGCAATTGGTTGTAGTCTAGCAAGAAGAATTCATAACATGATAACGTGTTGGGTACGTAATGATCGACGGAGTGTAAAAACCTGACAGTTCTATGCATGCTCTTTGGCCCCGGCCGGCATGATGACCCGCTGGTAGCGACTCTAAATCTTACTATTCAGTGAAATTATTCGGCAGGGAGTTATCCCGGCACTGAGGCGTGGGCATTCTTTAACCAAGCGGCTGACGACGGAACCCTCGATAACGCGTTAATCAAGATTGCATATGGCCAGGCAGTCGATCCGTATGAGGCTGCAGAACATTCATTAAATTCGGACGTCGAATGATCTAACATCCTCCGCGGTGCGCTCGTACGCCCCACATTCCTTAACTGGTACGCCTGCGAATATTGAGTAGTCAAGATATAAGTTATTTCAGATTTGCGACAAAGATTATCCTTGCCAAGATCGGGACTCGCAGCTAAGAGGCCACTACGCTTAATCATGCCGTGTATCGGGAATGCCGCACCACCCGTAGCTTCAGTAGATTTTCCCAGAGAATAAAAAATATCTGTAGGATTCAGTTGACAGGAGTGGTAGACCACTGCATGCCTTATGAAAAGTGAATGATGGTTCCGGCTTAGGGGTACGTAACTCTTGCCCGAAATGTGTAGAGCGGATGAAACCTTCAACCTAGTTTCACGATTAACTGTTCGTTCTTCGACTGAAAATGAAAACTCTATTGCGCCTTTTTTCTCTGCTTGCGGAAGATCGGCGCTAAGTTGAAGACGGGAACTGATTGGCACGCATTTTGTTGTGGAAGAAGATCGCGAATTTTTAGTAAGTCTAAGAGTACACTGCCGTCACCACTTCTTTCATCGGAAAAGTCATGCAGATAGCGGAAACGAAGAACAGGAGTAGTAGCTGACGTGTCCCCCGTGATGTAGGAATACCCCTCGCACACTAGAGTGAAATTGGGTGCAAATTTTACATCCGTGCCTCCTGCTTTAAACGTGCGTTAGGAGAAATGTAGTGAGGTGGCTACGCCGGTGATAAGCACGTCTATCCGAACTGCGCGCTCAGAATGCTGAACGCCCCACAGATATAAGAAAGTGCATGGGAGCTGTCGTCAGGGAGCAAGATGCAGTTCGAGGTGGAAGTAAGCCTGCTACTCGCCGCGCTGCTGTTTAAGTCAGACATTTCGTTATCCCCCTCTTGCTCGCCCATGTTGCGACGCTTCCACGCCCGGGCGGAAGATGTGATATTGGGTGTGTGAGTTTCTCGCTGGGTTCCCCTCGGGGAAACCTGTAGATTATCGCATACCTTCAGTACTGACAAACTATAGTGTCAGAACTCCACTTAGAGCCCCCAGTCTGTAAATTGAGCGTGTACGGTATTCCTGCTATACTCTGTTTTAAGTATGCAGCGACGCGGCTGTAAGTCTCATAGAGCAATAGACGACGATTTCTACCAGGCACCGCGGGCCAGGGGGTTTGACCGAGAACGTATTCATG,1716,48.78,Caenorhabditis elegans
SEQ_899832,AATGATTTGGTGAGGATTTCCGGCCTTGTAATCCGTGTAGGCCAGCGGACAATTGGCGATCATGCTTTCTGTATCACGATTATAAAGCGGAAACGACAACG,101,46.53,Saccharomyces cerevisiae
SEQ_836769,TGTGAACCGGTATGTTTCAGACCTTCGAATAGACTCCCTATCCACCGGAGGTATAACCATGCCCAGTTACGAGTCATGGAGAATAGCGAGCGGATATCATATGTCGTCGTACCAGATTAGTGATGCAACGTATGGCCCGATGTTACCGCCACATTTTAGCCGAAGAAGGCCACGGTCGGTTTGTACCGACGCCTCCGTAAGATCACATTACCCACATTAACATGTGCAACATATCACCAGCTATTCAGCCGCCAGAGACAATTACCCTTCCGCACAGAGTCGAGCGAGGATCTACAATCGAAGAGATCCTGGACCCGTCAAGAAAAGGCATTCTCTGATCCCTGTCCTGAACATACTTCTCATCCTAATCTAAAGAGATATGTTGGAACCTCACGGGGAAGTATTTGTAAGTACCCGTAGAGCGAATCGCTGGGCGCGAGTGTCCCGCTGCAATCACATTACTAACGCGGTCAGGCTACGTTCGAAGGTGCAATGATAATTACTCGCGCGCCTCCGCTCTGAGATAGTCCTCGGATGTGGAGCGGCTCTCCCTTCAGGTAAGTATGGTGAACGCTGGTCTCCATATTGCTGTCAGACCTTGGACTGCCCATAAGCAAGCCCATCGTAGTAGCGGTTCAAGTCGTGATGAGGTGATTACTACGCGCTTTATAGCCACAGGGTCAATTACGAGACCCCGTGAAGCTGTCGTTGTGTCACATGGAACAGTAAGTGGTGAGACAATGTGGGGTGGCAAAAATAGCAAGTTAATAAACGAGGGGGTGGAATGCGATTGTACGAGCCAGGTTTTTACCCTTTAACGAGACTCAATCGATCATCGGAAATACTAGACCGTCCTTTCAGTAACTAGACAAGTGGTGTCACTGCGTGCCAGTGGTATGCCGATGCGACAACGATCTTGCTGCCAGGGACAACTAAGAAGTCCCACTGCGAGACTTATATACTGCAAGCGTCCACATTCTGCGTACACACGCGAATCGACGGTGTTATAGTTATAGAACCTATTACCAATATCTGCCCGTTTCCAGCCCATAGACTTTTATCGTATGTAAGGACTAGGATAGACGGTGTCTTACCCGCCAGCCTTGCAAGTATCTAACACATTCATAGACCGCGGATTGCCAGATTAGCATTGATAATGCAAAGGATATACTTGAGTAGGATTGGTGATATACCCAACGTCTGTTCACTCATCTCGGGAAGAATGTCGAGGACTTTCAAGTAGGCCCGCAGATATGGCCTACCTTTCGCTTAATTCGAAGGCCTACACTATGATATACTGTTAGGTTCTAATGCAGT,1317,48.22,Escherichia coli
SEQ_330506,CATGCAGAGGACGCTCCATTGCCAGCTTGGGCGTAACTTAGTCCTTTAGGACAGTATAGATTCTCGTAGGTACAAGTCATTCCCAGACATACAAAGCGACCTGGACTTTTCACGAAAGGTTGCCTCGGGCGAATCTGAAATACACCCATACACACTTCGGTAAAACCATCGTAGCGGAATTTGATCCTTTCTGCCATTGCTGCCCGTGTTAGCGTACCAACAAGGACCCGCACATCCTACGGCAGATAGGACCTGGCAATGGCTAACATGCAGTTCAATATGGTCTCGCCCCCATGGTTGGGTGGGACTGCCATGCTTCCTCGCTGTCCCGTACCTAGTCGCACTGCAATCCGTACCGTTATAGGGCGCCGGAGATCTTTTACTTTTCCCACAATCGCTCCTCTCCCATGGATCATCATCCAAAGCAACAGCTCTTGCGTAGTTTCGGCGAACTGCATCTGAAAGGGCATCTCGTCACTGCAATTACCTGGATCATACCTGGTAGACTAGAGTGTTGCTGGGGATGCCAGACGCGGGACAAGTACGTTGCCAGAAGATGAGCGTCCCAGACGGCAGCGCAAGCCACCCGCAGAGTAATTTTACATCGTTCGAAAGCACGTTTGAAGCGTATACGACATCTGGATCGAAACTACCAGCTGTACGTCCGGGACAACAGACCAATTGCCGCGACTCGGCGGCGGAGTGTACCAGATGATCCTCTTTTCAAACCCTCCATCACGCTGCAGTTCCGCCGTCATTTCCATGTAGGGAGATGCGAGTCGGAACTAGCAGCGCATGTTTGCTCGACGAGGCTAAAAGACTAGCTTCGATACATGGAGATGTTTTACGTACTCACTATAGACAAGGAAACATGGACCACTTAAACTGTTTGTATTGTTCACTCGGCCGGATAGGGCGGAGAAGTCTTCCCCGATGCACATCTGCCGGAGAAGAAAGCTGCACTGGTTGTGGCCGATTCGAGTTATTGTCCGGGCTAAAAGCCGGGCCGTCCAATAACTAAGCCTGATTGCGACTATTCGCTCCTACCCGGTTTACAATGGGATCAATGGTATTTTCATACTTCACAAGATTTAGCGACGTGTCGTTTGAGATCGCGGTATTGTATCGTCATGCTAACGCTTATATCTAACGCGGAAAATTACATGGTAGGGAAACTCGTTGGGTGTCCCTAAATGCCAGGGTACGGCAGCGCATCAATAGGACAGGTGTTATATTTGCATCCTCATCGTCTAGTCCGCTGCTACCACTGTCACCGTAGGAGACTGGTACGATAGTATCTATGTTCATTGCCTCGGTGCCTGGCGCCTAGGAAGGGGGGGTGATAAAGTGGTGGGTGCTTGGTTTTTAATAACCTGGGAGCGTGCCACCATGTTCCAATGTATACCGTCGCGAGCCTGTGTCATTAAGTGTCGGTCGAGGGACGAATGCGACGAATTTCACCTGGTAGTAAGCGCTAACTTCCCCGCCCATTCTCTTGTGACCGTTACGTGTCTTTTGAACTAATATTGTCTGCGATTGTTTAATCTTAAGGACCCTGATGGAAGTTAT,1569,50.29,Homo sapiens
SEQ_357149,GTCGAATACGGTCCCCCCGGGCAGAGGTAGCAGGACGCTTCCTCCCACCACATCTATGAAAAAGGTCGGTACGTCAAGCCGATTACGACCAGGAGTAATCATTGCGTGTCTACATCATCGATTGGTTAGTACGAAGCCGTAACTCCTAGCCTAGTCTAAGGCTCACACTAGAACAACATACGTCATTGCTATTCCATACTTGTAACCGCGGATACTTGACTCACACAAAGGCTAAGAGGTAGTTCGGCCCGTGGCCCTTCCTTTCCCGAGCCATGCTTCATGCCCTGGATCTATAGTAGATAAACTTGTAAAAAATGCTCGGGGGGGCTTGTATTCAGAAACCCTTCATACGCTAAAGGTCAGCGCTAAAATTAGGCGCTGCTGCTACCATTGGCTAGTTTTAACCCCTAGGCCGCACCTTCGTAGATACAACTCCAAATGAGGTTGAAGCCCACGTAAAAAACCTGCTCGGGTGTGAGCTCCTACCCACATAATACACCGTTGACTATCACGTGGAATGACTTCTATCCGAGGGCTTATAGTCTTTTGGTGGCGTTCTCCTGAGTTAGCAACAGATTCACAGCAAATCAGACGACGGTCATTGTTCTGATTGAGTACAAGGGACCGGCGCGAAAAAATAGAAAGGTTAAGTTGGCTAACTTGTCGAGAAACTTAGATTCACTAAGAAGTAAGCCACTCATGAACGCCTACCCCTTGTCTCGAAGTGTATTAGGTGTCTCCGCCCTCTGTTCTCCCGTGGATCTATATCAATGGATGAAAATATGCACAACTAAGCTTAAGGACATAATAATTGTTTATGGGTGTTAGCTGGACCCTCGATCCACAGACTCCTAGCTCATCGGGATGTCGACTAACTATCCGGCAAGTGGCGAGTTGCCAACCGCTTGGGTAGTAGAAAGAAAGATACTACCCGAGCGAGCGGACTGATCTTCGCTGTACCCCGCGTGATGCCAAAAATAAACGCAAAATATGATTTTCTGAGAAACATGAAAGATCTGCGTGGCTTCACTTCAGTTTTGTCGCGCCGGAATTCACCCTACACCGTCTAAGATCTTGAAAAGGGCGCTAGTAGAATCCTGTTGCAGTGGGGGGAGCTGCGCTTCAGCGTCACTCTCCTCGTCCGACATGGCCAAGAGGAGTTTACATAGACTACCAGGGTCTCTTATTAGAAACGACTGCAGATACAAGGCCGCGGTTTGATCGACTGATCTTTAACTACTTAGTGACAGTCAATATAGGCCATGCGAGAACCTTAAACCGTTTCGACGATGTCATCACTAACGGCCTTTGCGAAGATAAAAGATGAAGAGAACACATATCGGCTCGTGCCCTCACGTGTGCAATCATAAGAGGGGAGAACCAATTATGTGACGCGAGGACGTTGTAGAGCTTGAAATTGTGCAGAACTCCTTCTTTACCACAATCTCTACTGTCCACCTATTTGACATCTAAACCATCAATTAAGAAGTCCAATTGATCACTACCCGTGTATCATTTACAGCATCAGTCTTACTGAACGTGGGCGGGCTTTTCATCTTTTGCTATAACGAAACGTCGTCGTACCTAGGGTCGGATTGATGGTTTCATACTGCTGAGTTCACCGCACAGATCGCTGGGTCTCACGCCGAAATGGTTTGTCGTGCCCTCCTGTATACACCAACGAAGCCCTTGGACAATGCCACCCGGCAATCTATAGCCAGAGCGTGTTGGGCCTAAAATTGCGGAAGCCTGGAAGGAGGTGCCTGCCGGAAATGTTTAGTGACAAATTGCACGGGGAGTATACTGGATCCCGCCGGCAGGTACTCAACGTTTGCTTGTATATTGGTTTATTG,1853,47.76,Arabidopsis thaliana
SEQ_211683,CTTTTAGCGACCATTCAGGACATAAATCCCAGTAGAGGGCCCGAAAACACCGCGGCTTGAGTTTTTTGTATATTTCTTTTCACGTGGACGCGCTACCACGAAATAATTGGATAACCAAGGTGGTAGAATCCTGGCATTCCTAAACCTAAGTGCCTGCACATATAGCAGGTTTGCATTGGACCACGGCGTTGGACAAACAACCGTATCTTCATGACCTTACCACTCACGAAGGCTGTCAACAACCTCCGCTGGGAACCTACGCGGATCTCCTGCAAGCTCCTGTGTTGTTTGAGCCCAGACAGCCACTACACACCAGCCGGAGAAGTCGACGCCCAGTCGTAGATAAACATATAGTCACAATTAATTAAGCCCAGAGGGGTAGATAACCTGAACAAGCGTTTGATAGCTCGCCCATTAGTCGAAATCGACGAGGTTGAACGCAACCGCAGGGTTTCAGTCCCCTATGTCAACAATGTTTCCGTCGTTTAGATGAAGTCTACGAACGACTCTATAGTGTATAGAGTAGTCCCTGTACTGCCCTTTCGTCTTGATTGTGGACACCTCATTCTGTGTACCGATCTGACGGTCGAATGAACCTAAATATTGTTCAACTACTATCGCCCACTCTGGGGTAGGTCCGCCCCTCCGTTGGGATCTGAATGTTTCTGTAATGCAAGTTTGCGCTCTACATTGTAGAATAAACTACCTAGAACATTCTTGGATCCTACGTCCACAACGCTGGGCTACCAAACTTTCTTATAGCCGCTGCGAGCCAGAGGTTTTCAAACCATCTATACCTTATTCGGAGATCGTGACCTGCGAACTAGTTCTTCGCAAGAAGTAAGCCGCTAGGGATTCATTCCAGGATTTTGT,873,47.42,Mus musculus
SEQ_312589,GCTATAATGTGCTGACTGCTGTGAACTTACGGGAGGAATTAAAACGTTCATATAAATGTCATACCCCTAGTCGTAAGCATCGTAGGCCCCACCTAGTTACTGACATCGATAGAACGATATCCGGGGCATCTATGTTATAGTACCTCTGCCGGCTTAGGTCGCTCAAGCATCGGCCGAGTGTATACTCCAATGGTTAAACAACTTTGACTCCATTAGGTCCGACGGTGCGGCCTAAGTTTGCGGCGCACCTCGCCAACTAATTTATCCATCGCCTATGTCGATTGCCGCGCCTTCCATCAGCGTTGAGTGGATACAAGATTAATAACCAGGGGTCAATGCCACAACATTTTGGTACCCGAGAGACTTCCCCGGTATCTGGCACGTCGTGGTATCCAGTTATAATTTCACTTGGACGTCTTAAATAAGCAATGTGGAAACATGGAGTGATAATATAAGAGAAGCGAGCCCTTGCCGATATTCCGACCTCTT,489,47.24,Escherichia coli
SEQ_591765,AGGTACTCTGACACATTTCCAAACTAGTGCGTCCTCACATTACGATCCCGTCTCTGATGGAGTGTGCAACCTCCCCCAAGGCGCGTTTTCGTTACCTTGTGCCTTACTATTGGGTAGTCACACCTTCGGCGAAGGGGGAACGAGTGAGACAGGCCAGGCAGATCTATAAAGCAATACAATTTATTGCTACAGAACAGACTAGCTCCGAAAGACAGAATCTAGTGCAGTTAGCAGTGCAGGGTGTCAAAGCCGCCTGTATTGAACTATAAGCTCACGAGAACAATTAGAAAGGTAAGGACGTCGTTATGGACATTGCATCCCCGGTCTATAGCGCACTGTGCAGTTTCGTAAAGTAAGAAATCGAAGATTGCGAGCGAGGGGTTAAGGGCTATACAGCGGGTAGGGGTTGAGCCATGACATACAGCGCAGATTGAACATTGTGCTTTCAGGCTGTGCGTTCCGATAAGGGGATAAGAGGTTAGTTTCCTTCCTTCGTCTAGAAAATCTCTCAGGCCATGCTTGCCCTTTACAACCACGCCCGACTCTGTTTACGGTCTTTAAGACGGGGCGCTAAAGCGTCTACGCGTAGTTAAGCTTCGCGATCAGCTCGCACTACTTTCATAGTCCAGGTTGATCCGCTTGACGAGCCTACTCGCTTTCAATCGATACTATCTTACGCCCTGTCCACCCTTCCAACGCGCTACCCCTATATCGAAGTCACAGCACATTATTCGTTTTCCGATTCTACCGTATGCACAATTATGCGTACCGTTTTCCACCTTATGACTGGTTCAGTGTCCATACAGAATGACGAAGGTCACCTTCTAATGGTGAAGCGCTAACAGACGCTGACGCCCTGAACTCGAAATAGAATGAACGACTGAGGAATCTCAGAGATGACGACTTGTCGCAAAGCTCCTCCTAGTATGTTGGTAGCCGTGTAAATTGATAGTGAGGTCAGAGCGTAATCACCCCTCCAAACTAAACCCCGTTGGACACGATTATCAGCCTAAAAGAAGCTACTACGACGGCTTCGCGTATCAGGGCTGTTATCGGGCGCAGAACTACGGCTAGCGTAAAGGGTCACTCTAAGCTGAAAGATTTTCGACCAACAAGGAGGGTCAGACAAATGCCTTGTTTCTAAAATCGCTCAAACCTCTAAAGAATATGATGCACGGTCCGTTCGATATCCATGGAGCTATCGGTGCCCTCCTGCTGTTGGTGTAGGAGTCTTTAGCTTGACCGGTGGCAGCACAGTCTCCTCGATGAGGAGTGGTTCATGGGAGGGAAGGGGAAATCTCAAGAACGTTCCCATTTAATGTGTCCCAAGAGGACATCGACCAGCACTCTACCTGAGCAGATGTTGTGTGGGCGTCGCATACGCACAACTGCCTAATGCAGGACTCTAATATTCCGCAAGGCTCACGCCTTTCTGTAATCCCGAATCTCCGGTACGTGGCCGGTCTTCGACCTGCGTCCATCAAGGCGTTGACACGGGTGTGTTGTTGAATTTCCCGACCCAGTCCGTTGTAAATAACAATTTGTGTGTTGCAGGCACTCTTTTGATTAGGGCGCAACTTTTCGTCAGTGCATGCTAAGACCTACGAGCGCTCACACCGTGCGTAGGATTATGCTGTGCCGTTGCAGAGTTGAACGTTACCGTCTCTGTTTGCGAGTAGGTGTCAGCCGCTGACGCACCGACACACGTTGTGCTGGGATGTATTCCTCGTAAAAGGTAAATCAAAATCGACGCCACGTTCTGCCGTTCCGAAGGTGTGGTTCGCATATACCAGTGTGCGGGAAGCCTCCTCGGTCACTCGCTGTTTAATGGCGACGGGCGCGCACCCTTAGCTATCACCTGCCTAGATACACATACGCCAAGTATGTAATGAGGTGCCTCCAG,1903,49.97,Arabidopsis thaliana
SEQ_285503,AAAACTAATACCCATCGTTTCTTTTCGCCTTAATAACATTTTGGTGACATCCCCCTCCCAATCCGCAACCTTAAGACTCATAGTAAATACTCCGAGAGTCAAGGAATCACGACACTCGCCTGATAGTTATGTAGTATTGCGGGGACAATCAGGGTGTCGAATCGTCAATGGTCTCGGGCCCCCTTCTCCCGCGTTGTATTCAATTAGAGTCTAGGCACATAATCTGGAGCCTAAACCTGCGTAATTCGTAGTATTGCCCCGGAATAACTCAGGCTGAGTTCCGGTGAGGCTACAGTGCCTTAACGCAGCCGATAAGAGGTCAACCTCGAATAGCTAGACAGTTA,344,47.09,Escherichia coli
SEQ_976397,GCGCAAACCCATGCACTACCGAGCCACTTCCCACTGGCTTAAATCGGCATATCCGTTCCGGACCCGTGGCCGCGAAAAGGCACCTGCTCCCATGCCGTTTCCAATACGACAACCTCTGCTTTGCCTCGGTTGATCAGATGAATTAAACATGTCGGGATTGAACGAATTCAGAGTAAAGCACCACACTAGCTAACATCGTAGCACCAGTTGTTTCTGAAAGTGCCCCTAAGCCGAAAAGTCCGACCCGCTCCGGGTGTACTCCAAATAGTTACTTTCTTCTCGAGGTATTTCGCTGTTAAGTAACCAAGGCAATGAACGTACGGCATCAAGAACTCCAATTTATAGTATAGCAGACGACAGGTAATCGAATGCTCGACAACGGGCGTATCTGATTCCGAAATAAAAAAATATCAAAGACTCGACCTGCTGATCAGCGTACACACAGTTATACGACATATGGATCCATATTCGTTTGCGCGGACTGTATCGCCACGCACATCTTGGTGTCCCGGCGACATGGCTGCCGTCGCAAGCTCCTTGCCCGTCTGTGTGATTGCGTATTGGTATCGGTGCCAAAGCCGGGCGTTGTCGTCCGGGCAGTGCGGAGTATATGAACCCTTGGACCGGCGGGCGTCATTACCATAGGACTGACTCGAAGGAGACGAACGTCCACTTGATTACCGGTGAGTTCGAAGTATTAATAAGGTGGCTGGCTGTCAGAGCAGTAACCAATGTGCGGAGGAAGGCTCTCCTGGCCAAGAGCTTCAGGTACCGCAGCCTAGAATTGTCCGTCGGCACACAGCGTACGTCATGGGTACCCATACATGGTATCACGGCATTGGTGTCCCTAGGCTATATCTCTGACCGAAAGAGGGCTACGGTCTTACCTTCTATTAGGTGCTTATGTTAAGGACGGAGAATTCGTATGCGGATAGCCTAGTCAGGCGCGCTTTAAATCCATTGATTGTGATCCACTTCGACGTGCGGGCGGAGGAACATAAATCGATTCTGCCTACCGTTCAGCAGTAAAATCATCCGCTTTTAGTCTGCAGTGATAATGTTCTACTGTTACCAGGTCCTTATATCAGCTACCTCCAGGAGTATTCCTTAAAGCTCTTCGTAAGCTATTCTCCATTTGTCAATTTTCGATGCATTAGTTGAACTCCTAATTAGTCCCTACAATACACAGTTAAGTTCCCATTGTCGGAAAAAAAGCCATCTTGGGATCTTTTATTGC,1237,48.75,Saccharomyces cerevisiae
SEQ_986143,TACTATTTTGCAGCGTGTTCAGTTGATTTATTCAGGAACCCCTCGTCGAACGGGTGAGCAAATTGAATTATATTCTACCACGGTAGGTACTTGAGAAAATAATGTCGTGCTCGGCGAGAATCTTGCTCCGATACCCGTGTATCTGGAGAAACTCATGATGCAGGCCTACCATGACAGGCGGCCGGGATAGCATTTTTATGTAGCCAATATACCTGCCATTTATCACGTACACTGCGAAGAACTCTTCTCTCTCGGGCTTGTCAGTCGAGCAGTACTGCTCATACAATGCGTAGAGGTGTGGTGTTCCGATTGTACTGCGGAATACTTTCGGTGCAGTTGTCAGAACGATAACAGTGGCCCGGCACATGACCGCGGAGTGATTACGCGCCGCACGCGCTCCCCCTATCCCGCTACGCTAATTCACAGGGATCAGGCTAGCCGGGCCCTTGCGCTACACTGCTGCAAGTACCACTAATTATTTTATCAGTAACCCTCCTTCCCGGTAGCGACAACTGGGGTAGGCTAACACCGAGATAGAAACCGAGGAGTCGGCTCTGCTCTTGAGGCATTTCTCTCATGATTAAATAAACACCGGACACTTCAGTAGAAAGTCCATCTAATAGCCGCAAGTCATGCCGGCCTGGTGATTCCCCATCAAGTACAATCCAATGACGTAGTTCGAAGCATATCAAACTGCATGACAGGGGCGCGGCGATCGATAAGGAAACTGATAGAAGTTTTCATCCCCGAAGCACGTGGGAAGCCCTCGGTTGCCCCCTCTGAGTATCATTATTACATGCAGGTGTGAATAGAACGTCTTGATCAAGATGGATGACGCTAAATTCAACTTGGATTCAATTCAGCTAAGGCAAATCGGCAGCGTAACTAGCGAGAGATTATCTTGTACGCATACCCTCGCGAAGCCCATCCACGCTAAGCAGCCAGTGACGCCTAAAACCCTTATGCTCAACTAAGAGTAAATTTCACGGCCTAATGGATACCTCATGGCACTCTGGCGAATATTCCCGTGCGTTCTCTGATGGCAGGCGAACATGACTGCCCGTGTGAGCCCAAAGTTCGAACATATACAAGATGACTAGCGAGACACTTCCCTGCGCTTAAATGCGAGCCAGAACATAATATGTCGCGGATTATGTCCGATATCAAATGTCAGGTATACGAGACGTGCTTGTGTCAACCGTGTGATACCCTTGCCGAGGGTTCCAATATCCACGATCATTTGGTCTATAATAGTCACGTGGAGGGAGCCAAACACATCGAGCGTAGTGCCAACCATTCCTCGGAATATTCGTTCCACGTCCAACGGGTGCCCCGATTAGTTTTGCGAGTTCTTGTGGTCATATGCCACACCCTGTGCCCCGCCCAGAAATCTGTTTGAACACTTCTGTCTCCGAGTATCTGGATATTGCGAGGTAACATAAAACAAGATAGGACCTCACCTCCATAGTATTAACACCACGAAAACATATTTCGTTGGGGGGATGATGCGTTACCAATCGTCACGAAGGCTTATTAGCCTCTTCGGGCGGTCTTACACAGAGACTGCTTTGCGAAGTGCAATCCCAATTTTCATCTGATGCGCCAGCAAAGTATTCAATTCAGTAACGACGCGTGAGAGAACCACCCCTCGTGTGACCCCGGACTCCAATTCATATATTGGTCGGGCGGGGCGCACGCATTTATTCGCAGAGAGTGAACTAATTTAATAGGCGACCATGTCCACAACTGCTCGGAACTGGAGGGCGCCACTTGGACGCAGGAAATGAAATAGACCTTTGCTATCGTC,1807,49.09,Homo sapiens
SEQ_999568,ACGCTGCTTAGTGCGCAACTAAATTGCCCACGTCCGTCAGGGAATCATTGGGAGGGCCGGGAACGGTAAGCCGGAACTTTGCACACTCTATTGGATATCGCATCCTGTTCAACGTGACCGCGACCTCTGGCGTTCTGGAAGGCCGTGACACGACGGAATTTCCAGATGAAGACCAGTATATCCCCGGATAAAAATAGGGTTTCCACGCCGACGACAGTCGGGTGTGGCAGAGGGACGTTGGGGGTTAAAACGAGAATCGGCCCGAAAACAGCGCCAGTCCGTCAACCTGCTAAACACAACCCGGACTTAACCGCCAGGTCCCCGCCACTTGGGGAGTATCGATTAACGGCCCCACTAGGTTGAGATATTGGGTGGGATGCCGTTGTAACCCTGGCCTCATAATAGAGGTAGCCTCTTATCAATCTCCCCTCTATAATCTTATGTTAAGTAGGGGATTCCCCTTTTGGGCTGCTCTGTTCTTATTGGAGTATTTATTTGGCACAGTTCACTGGCCTAGACCGGCATCGAAGGGGCCTGATGAGTAATGCCAATACTCGTGATTGCGGACGCTGTCAAGCCTCTTGGGTTACGGTTAGTAATAGCTTTGGGTTCTCGTCCGATGCAGCTCAGGGTTCACTGTTCATTCAGGCCACAAGGCGTTCTCTCCCCTCGTAACTTAGCTAAGGTTTGGTGCCATGTGTATTAAATGGTACATAGGCCTCGTTTGATAAACAATGGTAGAGAGCATGCTTACAGAATGATTTTTATTTCC,772,50.65,Escherichia coli
SEQ_421494,CAGCACAGCCTGCTCCCTGCACGCCCATAGGACAAGCTCTGGAGACACGTGGGACGCGCGCTCTAGGGCCTCGTCTAAGGGTTCTAAAGACGGCTTGCAATGATTTTAGTTGCGGGGCTCGTCTAGTATGTTCTCCCAACATGGAGTGAGTGCGATCGCAAATTATGGGCTCGCAAACACCACACATTTAGTCGGCATGAGGGATACTACGCAGAACAATGCGGCAGGATACTCATAGCCCGACAGAATCATGTGACCTGCAGCCTCAATTGT,273,53.48,Arabidopsis thaliana
SEQ_492826,CGAGCCGGTTACTTGACCCAGGTCTAAAGAACGAGGGTGATAGAAAAGGCTTTCTTAGCTATTACCAGGTTATAAGAAGAACGGATTGAAAGTTGTATTATTCATTACCGAAATGCTTCGTGCTCCTCTTAGGCTTATCGTAGTCCTACCAAGAAATCCAGTCTAACAGTAGCTAATCACGTATTCGGTCAGTAATTCCACCGACAAGGGCATGGCCTTTGGGGTTATCCTTTAGTCCCACGCGAGTCGCACCCATCGCGTACTTTCATCGGACTTATCCTGCTTCGATAAGCTACTGGAATTCAACCTACCGTCACCGGACGTATCTCTAGGGATGAAAAACTTTACCGGAGCAAATTATATCGTCTCCGTTCATTTGGCCCTACATTTAATCAGTGCATCACTGTAGATTTACGGGGGTAAAATGTAGAGGTTACTCTCGTGCTGAGTGGTGACGAGAAACTTCCCGTGTAAAAGTGCCTAGTCGCCGTACTACTTTCAGAACGCTTGTGAAGTATAGCTAGCTCTGTGCACGCTGTAAAGAAGTAATAACCGATGGTCTCAAGTTGGCCGAACCCCTCCGAAGGACGTCAAAACAAAGTACATAGTCCGCGCCGTGTGCGCGTAAGACGAATCCGTCCAATCGCTGTCCTTCTTTTTATATGGAAGTATACATCTACGCCGCGCATGTAAGTTGGAGTTGACTGCTCCATCTTGACTCCGAGCCGCAACGCCTTCAGCTGCGGGCTATCGGCTGGTTTTACTAGAGAGCTTCATCCTTTTAATGACAACTGTGAGCTGGAACGGTATTGAGGGGTGGTACCTAAACCACATTGTTAAAGGACTAGGTATAGAGGTTACCCTAAGTATACTTGGATATAGGGCATCGCTTCCAGCAGCGCCCCAACGCCCACCCCTCGCACTCCATCCACAGTAAACGCGCTTTCGAGGGGTCGGCAGCGGTATTGAGGGCTATGTATTTATTCGGACTACATTCTAGATTGGTCTAATCAAGTCCTCATAAATACGCGGCTCTCCGCTAAGTCAAATGGGGATAGGGAAA,1063,47.51,Saccharomyces cerevisiae
SEQ_835738,TGCCGTCATCGTGAGCAGTCAAGATGATGACAACTTACGGTCGCAACTCTCTGGCCACGGTGTAAATATTTAGATTCGGCGTTGTTCACGGATAAGCTGTATGCCGTAACGTCTTCGCTAGTTACGATCTCACGCGTCCCAGCTTGTAGCTGAACCAGAGCGATCAGGCAACTCCTCGCTAAGCAAGCGAAAACCATCGACCGCCAGATAACAGAGTGATTTTCTAGGTTGACGCTCCTACGTGGAGGCACACACTATAGCTTTCGTACATGTCACCAATTCGAGTAGTGAGACCCTCCCGCGTCCACGAACCAGGACTTTATTAATCAACAGCACATTTGGCGTGGGCCCCACTACAAAGCCCCATAGCCAAAAACATCGCTTACACCGCGGAATCTCGCGTTATGCCAGTTAAACAATCGGTGTGCAGTCGCTTGAACTCAAGACTGGAAAAGATAGTAATTTCTACTCTCAGACTAAGTATTTTGGTTGTTTCCTTCTCTAGCGTGCACTGCCTACGTTTGGTGTTCCTGTCCCTGTCGTCCTTAAGCTTTGTCTGAGATATCTTCTCGGAGATTGTGGCACAGCTGCGACTAGCACGGCCCGACATAGCCGATCTAATCCCCCCTCCTACTCGCCACTGCGGGGAAGAACGGGGCCATATTCATCATTACTTGCTGAAGTTTGGATTTGACCATTTTCTTCACAAGAAGAACGGAATAGTACGGCAAGAACTGCACAGCCACGTTCGGTGCGATCGCCCACAAGTTGACAAACCCTGAGCTACTGGGACCATGTCTCGTGATCTGTCCCAAATGTCCTCGAGAATGCATGTCCACACCACACATGTTTGCTCTATGCGATGTGGTCGCATGCACAGTCTTAACCCGCCGAATCAGCATGCAAGACCATATAAATGGGGTCAGCAAATGCTACTATTTCCTGGTGTGCTGATCAAGGATACCGCGCATAGCCTAAAGCGAATGTCCCCTGGGCTAAGGTAATCCAATGGTTTCCGGGGCAACATAATGGAACCGGTTCGCAAAAAAATAGCCCTCTCGCACTCGGCGTTACGTCCAAGTCACCTAGGACCAGTGCTACCTGAAATCAGACAATATACCGATGAGAGAACCCGAAGTCCTCATAAGCGCTGGGTGCTACGGGCTCAGCATACCTAGTCGAACGCGGTGCTGGGCCCCATATTCTTTAAGCCGTATTGATAAACTAACCCTTTTGTCGTGGCGGTCTACAGGGTGACCATACAATGCCAGACACCCAATCTCATCCAACTCAAAATGCTAACTAGTGCCTTCCTTTTTCTCAAGTGGTCTTTGACGTACCTCATATCCCGGACACAGTCAATTTTAACATATGACAGACCGCTGATAAGCTGGGACCAGCTGATACGTGATCACCACTATCTTAAGTCAATTACGCTAAACTTATTAGGATACTGGGCAAGGAAAGGGGCACTGTCTGGCGTGAGTCGGACTTCTCGCCTACAGTCACCCCACGTTAAGGTACCAAACGAAGATGGGCATGCTACTGTCCTGTTGGTGCAACTAAATTTGCCAACGACTACCGGTATATGTGTTTACTCTCTACTGCGTGAGTTATTAATTCCCTTTGGTCCAGCATGTGCATCTTTATGGGCTCGCACGATCTTGTCTTGACATCAGCGAAAAGTATGAGG,1693,48.97,Arabidopsis thaliana
SEQ_258323,CGATACTCAGCGGTATGTAGGAGGGGTGAGAACCTGTTGGCGGTCGCGACCGTCTTTCTGGTGTCTCACGAACTATACCTGTACGAAGTAGAATGCCCGTGGAGGTGAAGGGCCGTTTGGAGCCCGGTGGTCGCCTTACTTATCAACAACTACAGAAAATTTAGCTAGTACCAGCGACACTAGTTATACATGCTATCCCAGTCCGCTGGTGCTAAACATTTTGAAAGCAGGGACAAAGCTTTGCGTGTGCGGTCGCATGGGGAACCTGGCTGTAGGTCGTAGAGTGCGCAGTCTGTAATGAGATGGTAAGCTTTTCGGGGGCAGGTCCGAAGCAGCACGGTGGTGCCTCTAGGTTTCTTAACTCCGATCTGGCATGTTCGTTACGATGGCAACTTCACAAGTGAGTTGTGGAATGGTATGGGTGCCTAGACCCTCTTCAGTCTAATCTCCCCAAGTCGTTAGTATGTGAATTGGGCAGGTGATCTCATTGGGAATGATCTGCATACGATATCATAGATGACGAACGTGGAGACACCAATCCCTACGACACATGCGGACAACCGGGCGTGGTAAGGGTGCCGCATTATTCAGTACATCTGCTTATGACGCATATATATCGCCGAATGACTCCGCGATCTACTGAGATAACGGTAAAGACACCGCCCCCCGTTCCTCACGCGATAGCCAGGCACGACAAGGTAGGTCCAGTATGAAGAAAATATCCTTACCCTGGACTGCTCCTTACGGCCCGTCCGCTGTACGGGTCCGGGTTATGAGTTTTTACACGAATTTAGGCGAAGGGCGACGCTGGATAACTGCCCGAATTTTTCACGCGATGACGT,842,51.43,Mus musculus
SEQ_106448,ACTTGCTGTCTTAGACCCAAATGAGGGTTCATGTTGCTGAGGAATCAAATTACAGACATCTGAGTCGACGTCCTGTCAGTAAGTCACTAAGCCCGCAGGTGCGGAACTCTTGATGATGCTCTAGGATGTACAATGCTGTGACCTACGTCTAGATGCAAACCAAAGCTACAAAAACCTTCTTCGTGATCCGGAGTTTCAGCAGTGTCACTAGTACCCTTATTGACGCTGCTTATCCGGACAGCCGTTGCTTGTTGGACGGCAAGTTCTTAAAATAGTGCTACATTTGGTTCATCTTTTCGGGAAACCACTTAGCATACAATGGACCATGACGCCTAAGATCGGACCATTACACCGCCGCAAACATAGGGATTAGCCTGGCATAGACCGTGAACATTCATCGATAGCCTTCCTCCGGATGCGTCGAGTCATGTTCCCCCCCACCAAGTCGGCTGCGGGCAACACAAACATAGGATTATTTGGCCAAGAGATTCGATATGTTGAAATGATCAACCATCAACAACGAAGTGGGGCGAATTTGCCCGGCACGTTTTAGAGGGATGACTGATCTCGTCACCATAGGAGAGACGCCGGCATTGTATAGTGTCTCAATTTCCGCTATTATCGCAGGGTTTACGGCCCAACAGATCCGTACATGCACAGGGGTGGCGTCCCGAGCCGCCTTGGTTTTCGACGCGTAGCCGGGCAAGGAACAGTCCTGGCCTCGGTTTCGAGTCGTCTGTTCGATAAGTACCCTTGTAGCAACGAAACTGTCCGGTGAAGTCAACCCTGAGTGACCACCAGAAGTGTTGCGTAGCATTCCTTCACAGTATAGCGGATGAGGGCAGTTTAGGAACCAACCGACGCCGGTGGGGACCTACCATTGGCATAATCGGACGTCTACAGATTTCCCGCCGACCTCCTCGCCTATACTCGCGTACTAGGTCGGGACGTTGAGCGTGTCGGGGTCTAGGAGACAAAATTCAGGCCAGGCACAATGAACGGGGGAACTCGCAGATTGATCAGCGTTGTATTGCTGCCAGCCAATCTCTTTCTGGGGAATCCCATATTACCACGTGACTTGTGCACGCATCACAACGCGGGTCGACAATGCTTTGAATAGGCCTAACTGGAGGACGGTTAAGCATGTAGATATTCTCGACACTCTTTTCTAGCTATTTCGGTTGCTGATGCGCGGCGGACTCCTGAAGTGATTATTGTCGAATAAGTGAGCTACATCTCACTTTATCTGACACACTTATCTGTAACATGGAGATTCGAGTAGG,1283,50.12,Arabidopsis thaliana
SEQ_138724,ATGATGACGAATCCCAGAACACTTCTTCTGTCGCTGAATAATCCGAAGGACGAAAGCTGCCGTAATGACCTATGCGAATGT,81,45.68,Escherichia coli
SEQ_835097,CATCGACAGTGTTGAGGCAAGCGGATAGTACAAGGACAGACAGACGAGTCATCCCCATGGAGGGATAGTGCCTCCGGTGACGGGTATTCGGCGTTTAAACGCAACTAACAGCTTGTACTCAAAGCCCCGATTGAGATACCCCTCTGTAGGCGATGGAAGGTACAGCTGAGTTAGAACATTCGCAACAGTAAGTGGGCATTGAATTTGCGTTAGACCAGAAAGGGGATTGCTGGCGCGGGACGTCCGCTTATCCCACGACCTCCAGCAATGGGAGATCATTATGGAGATTCCGTTCCTGATTTGAACGGATTTCTGGGACTTCCTAAGCCTGCAGCTTTTCACACACCTAATAGCATACCGTTCGGCTTAGTTAAACCATGATTGCCCGTACCGATAGGTCCAGAGCCGTCCTATCCGAACACATCATTCAACTTTTATGACACGGAGGGGGGGCCAAGACAATCATATTTTTGTAGTGGTGCGTGAAGGGATTCCTCTCGCGGACACACATGTAAATTGTATTCTGTCAACATCGAAGACGCACGCTCTGAAGCTGAGCGCTAAGATGCGTTTTACTGAAGCGTGACTATATCGTCCCCTGGGCATCTCTGTGGACTTAAAACACACAGAATAGCTCTGCTTAACCTTGGAATCGCACCACTATGAGTGCCGATTAAAGGGGACAGGCGGGTGCGTAAATCACTGGTGCATTTACGTCCTGAC,723,49.65,Homo sapiens
SEQ_679583,CTGCTCTTTAGGGGTGAATGCATGCTGGCACCCCGGTCCGTGGTGAACTCGACGGTCTTTAGGGCTGGCCTTGTATCTACAAGTCGTCCATAAGTGGAACGCGAGTGGGCCTGGCTAGTTGTGGTGCGCAGTAGGCAAACGTGCTGTTCCAGCATGTTATGACACTCTATGATGCTACCGGCGGTATGAATGGGATAGTGAGTCCCGGAGCACCTCGGTCAATACCTAAATCGACGATGGATCAGCGCTTTACAGCCCATTCCGCGGTAAATCTAATGCGTTGGTACGACGGTCCGACCGTTTAGTATCGTTGATTCTTAACGTCCCATACGAGACAAGGTAGCTGAGTTCAGTAAACTGCTAGCTTATGCTTTAAGTCGGAATCTCCTACAGGCATTGAGTTAAAGCTAATCCGCTCATCCGGTTGACTGACCGCCTTGTACGCGTTCACACGGGTGATTAATGTTCATTTCGATACGTATCACACGGGTTATTCACGTTGATTCTGGCACTCTCCATTGGCTTCCTAGCGCCACCCTACAAGTAGAAGTGATTGATCGATTTGTGTCCTTGAACGACAAGTCGCTAGGCATATGGCTGAACCCCAAGGTATCTGGGCGCACAAATGGTGCATCAATCCCTGCGACTTATGCTGTTCGTTCGTATAGGATATGTATGACTACCGCCCAAACAATACTGCTCGCTTCACCATCACTACCGCAGCGTTCACCTTCGGGGTGTGTTCTGTGGGCGTGGTTCGGCGGTAGTACCGACGATCAAGTGAGGGACCGGCCTTACTCACAATTGATCATACACCAAGGGCTGTATAAATGCCATGCTGCAGTCATGCGCCAAATAGGGCCAAACTCCGGGCGTGATATGCAATTTTGATTATTGGAGTTGTTCCGGTCTCTAAGCACATTATGAGATCGGACATTCCACTAGTACGTGTAGTCTGAGCACATTAAGACGCGCGCCCCGCCTATGTTAGTTTACCACCCATCACACCTCGGCAAGCTCATCCGAGAGAGGTACCAGATTCGCTTGGAGTAGGTCCTGACATGCAACACGCGAAATACGAAAATGAATTAAGATTCAGTGATAAGAGCTGCCTTAGATTCGAGGGGGGTTCCGTAAGAATGGCGTCAGCGGAAGTGGAGCAACGGCATGTCGCAGAGGATACGGGGTGCTCAATAGTGGTCTGTGCTCGGCCTATATTTTCGAGATGAAATTGCGTCTGACATTTTGTCCATGTCCGGTAGTAGCGCGGTTTCCTATCCACATGTCATACCGTAATTCTATACTTCGCTTACGTCGTTGATTAGGCACGGGGGGGTAGTGCTCTCTATCCTGGACTTTGCGACGAGTCGTTATAACTGGCCCAGATCATTGATGGACCGTTTTGACACACGGATCCCGTCGTCATCGTTTTGATAACACTGAAGTCGTTACATTACCCCAGTCCTTACAGGAATGTCCTTTTGGCTAGCTGAAGATATATAAACCACCGCCACGATCTTTTAGTACAACTCGAACGAATGAAGTCAATAGTAAAGATGTACCACTTACAAAAAAACGAAGAGAACTATGCATTACGATATAATAGCCAGCACGTTGGCGACCCAACTAGAAGGAAAACATGAGCTACTAATTTCATGCATCCCCTTTGTCAGCGCTACGACTCATGTAAATGACACGCGGCTCCATGTGGTAGGAAGTACATGGGGTCGTAGAGTTTCCTATGAGGCTAGTCGCCGGCTCTGGTTCTAAACGGGTAGCTGTGGTTGGAACATAGATATCAGAACCTTTGGCAATCGTTTGGCGCAGATAGTGTGCGGCGAGCGATGTTGCCAACCCCGCTGTGTGGGACCTTCCATCCGATTAACAGTGCCGATGGAGTCCGTTGTTTGCTGATAGCTGTTACCCCGAGCTCTGTGAGCCATTTTGGATAGAAGACTCGGCAAGTAAATTAGGG,1975,49.22,Mus musculus
SEQ_403514,ATAGGCTAGAACTTGCTGTAGGTCATCTATGACTTGGTTACGCCCACCTCACGGGTTTGCAGAAGAACGTCATGGGTTTAATTGTCCGATTGGTTCGTTGAACGTGCTCCGTCGATATGACAGTACATATGCCCAAATTTATGGAGAGAGCTAAGCACGCGGTAAGCTATCACTAAAGCATCACCCAATTAAGCGGCGGAGAGTGGTTTCTGATTCTGTTCAAGGGTCCGGCGCCGGGGATACTAGCTCGACATTAACTTAACGCACCACTAATTGGTCAAGGTCCTGTGCCAGCCAACGAGTAGTCCCGCACTACTGTAGCCAGTTATAGCTGGAATAACAACACGCACACGGTCTCGTACACAGTCCGGTTTGTAGAGGCTCTCGCTCTTTGCAAGGGGCGAGGACCTACCACGACGACAGAACCTTTAACCGGACGCCCGGCAATCAGGGACTGGGTATACGATCGACAACCGGGTGAGCGCAATTTTTTGGTGGTAAGAGTCGAAAGTGATTGAATTCAGGTACGATAATGCTAAAGCACAGCCATACCTCAATTAGAGATGAGTTACCGTAGATCACTTCTCTCGTCGTCTGCTAACTATTCCTACGCGGAGCGGAGTGCATACGTGTTCAAACAGGACGAGTGGCGCAGAGGCGGCCGTCACTCACGATCGCGTGTCCTTTCGGGGTGTGGGTAATGAAGCCACTCATACAGTCCCGGGATTGGGATGAAGGTCCTCCTTAGACCAGTCTAAGCTAGGGTGTATGATGAGCTACGGTACGCTTTGACGTGTGACAGAAACCGGATAGTCTTCGACAGGAGCCAACAGCGACGGTAAGGATATCCCAGCATAGATACAGCGGGTACAAAGAACTGGCAACGAATCGCAAAATCGGTAATGCACTGCTGGTGATCTGCCTCTATAACCTTGAGCGACCGTATAGAGTTCCGACCCACCACTCGAGTGTTGTATCACTATTCTTATCGACTTAATTCTGTCCGATTAGTTTATCATCTTCGTCTGATTGAGCCTTCGATCTATCAGTCTAGGACCCTTCTCTTAGACCCTTGCGAGTGACCATTTTATATATGTCCTGCAAGTGATGTGTGCCATAACTGGTTACGATCATTCTAAATTTTAGGAGGGGGCCTCATCCAGATCGGAAATGCCAACGCCTCGTCGTCAGGGCCTAACATGCCAACTAAGATTACCGGACCCGGCGTTAACTTTGTTAGTATGTGTCGGCGCCTCAAACTATACCTCGCGCGGGACGGCCTGGGTACTTCAGTATCACACAGAAAAGTCTCACCCTGCGCTACAGTTCCCCAGTTTCGGCAAAAGGACACGCGCGAAGATTCACCA,1367,50.04,Arabidopsis thaliana
SEQ_830808,GTACCTCCCCGACCCGGAGGAGTATGGCTCCTAGCCCCATGGCCTCTACCAGTACAAGGTCAAAGCTGAGTGGGATTGGTTTCCGTTCCTGGTATTATCGTAATTTGGCAACCGCGGATAGTTGCGCGTGGTCGTATGAACGGCGGCGTGAGCGTTATTAGTAGTTGTGCAAGAGTCATTATTATTAGGAACAGGAGCTGTACTTAGTCATTAAGAGAACTCACCCCATGGTCTAGGATAGCAGGGATGCAAACCGTCTGCATAAGGGCCAATAATAGTGCAAGCAGCAGAAAACGCTATTTGGCGTGGCCCTAAAGTGAATGCTCCCGTGTCGGGCTAGCAGCGGAAAGGTATGAGCCTGACCCCGTTGTACCAATTACTCGATGCCGAGCTAATACCTGTAACAATGCCTCGGGAAGCCGAACGAGATGCTATATAATTTGTCCTGTCGATCCGTCATGGTTGAGACCAGAAGGTGATAAAGCATTTTCGTTATAGCCCTGCCGTCGGCCCCGCTATTGTCCGTACCCGAGAGCGCTTCAGCGCGGTACACGTTTCCTATGATCGTCGTAAACAATGAATACTACAAGTACCAAACCCCTCAGGACATCATTAGTAAAGAAGTGGCTTCGAAAAGTGAGTAACTTAGCTGGTATGCTCCCAATTTGGGAACTGCGACAGAGAGGCGGCGAAACCATTCCAAAGCAGATTGCTTATGCCAATCGCCTTCGATTCGGCCGAACTATCTATTAATCGCATCAAGAAACGTTTACATCGGAAGATACTAATACTTACAAGAAGCTTGAGCTCCTCAGAATACAAGAGAGACAATCTTTCATAAGACCGGGTGCATGAAGCGATGGCGTACCGGCTTCGCGCTTGGGACGCAGCCATGCCTTCCAAAGGTTCCACATACATAATCAGTCAAAGTAATTACTGACGATTAATCTCTCCCCGGGTCACGTTGTCCTCAAGGGCCGAGGCCGATGAGTAAATCGCCTACGTGGTGGCATTTTCGGGATTTTTTTCCCTCAGTGCGCGTTGCGTCCTTGGAACCCACTACCGTGATGGATCTTCATAAACCGCCGCAAATACGGCGTCGAATTGCTCACGAATGGAATTTCGAAGGAGACGTGGTTTGCAGCTGGGCGTTACGCCGTGACTTTTTCTTTACCGTTCTTCTTTGCGACTGGTGGGATACAGTCTTAGGTTGCTTCTCAATTACAAGGAAGTTGCTATTTTAAGGGACGTATACACACGTTCTACTGACGAAGAACATTTAAAAATGCATGAGGGCCAGTCTGGCCGCCTCTTTATACGAAGGTTTGCTTACGTGACTTACGTGCACCACCAAGGTTAATATTTATAGTCCTTCGCTGGAGGTTGAGCGGCATCAGGCACGTCCACCCGCAGGGACTGCAATACATCAATGTGATCTCAAGATGAAAGAATAGGTTTACGAATAATATGAGTCATGGGAATGTTCCTCTAGGCCAATTCATTTCAAGACTAAGGATTAAGCTTTGGGCTACTTTGAAATATTAGCAATCTAATTATCAGCCCTTGGATCACGGGAGCCTGCGGAAACCCTCCTAAAAGCGCCCCTACTTGCCTATACGGACCTCCCTTTGGGCAGCAAGAATGTTAACCACGGTCCCATAAGGCTGGTTGG,1672,48.27,Mus musculus
SEQ_352720,CATAGAGGGGGAAGCTGTGACCAAGGCAACTAGCGGGGTGTCTAAAATAGTTGTTAACGAAAATTCGTTGGCGTGAAGGTCCGTCTGTGAAACACGGTGCTATGACGGTGGGGAGACGAACGAAATCGTCAAAACGAAGCACGGGATGGTAATGCTGCATTTATCTCGCTCTCACTTTGTCGTCGATGCTGGGTAAAGTACTGCTGGCCACGAGCGCTGGGATAGTCAGGTAGTGAGCTCGAGTATCGTACCCGCCGACCAACAACTGTCTATAGGATTCCTGTCACTAGAGCACGTCGGCGTAGGTTGAATAATCCCCATAGTTGCGGTGTTATTTACACCATAGGACGCCATAGTTCTTCATCCGTAGACAACCGACCACGGCGTAATGGCAAAGTAGGGGGCTCGGTACGTCGCGATCAGTCCTCAACTCTTGTCAACGCGTTTAATTGCACGTCTCAGTGCGACGCCACCTCGAGAACGAAAAGCCCATTTCCACCTTCCCGAAAACCGAGGGCGTGGCATGGCCGTCGCAAGTCGTTATAGTCACTACGGTGAAGAGTCCCGCGCAGCGTATGACTGTGGTCGAGAGCCGCGCTATAGGCCTGTAAGGAGCTGCAGTGGCACACGCCTGCGGGAATAGTAGGCTAAACACAGTGGTTCGCAGAGAACCCAAGGAGTAATGACCTCCGTACACTCCTAAAGCTTACTACGTAGAAATATGTCACCAACGTGTCAAACAGGAAGGTCTTGCTTAGCATGAGCAGCAATAACCACCACATTGCGACGTTACCATCGGATATGATGTACGAAATACCCCGGTGCTGTTTCCTCCGAACTCGTCACCTAGTGATAGACTAGACTAATGTTTATCAACCTAACGAGGTTTGTCCGTACTGCGTATCCTCGTGTACGGGAAGGGTCCCAGTAGGTATGCGGATTCGCTCCTTTCGCCCGGTTCACCCTTGATACATTCCCCTCTTGGCCATCTAGACTTATTCAACAAGGATTGCTCACCTAAATTGCTGTGCGGAGAGAGGCGTAAATCTACGACAAGCAGCGCGACTGTGCACCTCGTCTAATCGAAATGCTAAGGAATACGAGTTGACTAGAGGCATTTTACTGGAACAAGCTAAATCCGTAAGTCATAGTATACTGAGTCACAGTAAACTGGCGCTTTGTATGACTAGTCCAGGTCCGGCGAAGTTCCCCTGATGCCCTACGTCGGAGTCGGATGTCGATCAAACCCCAATTCGTCTGGCAAACCGGAACGGATCGGAAACCCCCTCTTAACGCTGTCTAATAATACATGAGCGGTCCCAACCCGCGATGCTCGAATTGTAACTAACAGAGTCCATCCTCTCTTTGGCAAGAAGCCCGAGAATGAATCTCCCACAAGGGCCGCACAAAGAATGAGGCCCCACGGGTACATCCTCGTACGTCCGGCGAAGGTCTCGGCCACCCACAAGTCAGGCTCTTTGCTGAGCCCTGCTTCGCGGGCCTTAAATCTGCACGTTTCTACTTCGAACGGGTCGTAGATGGATTCGTTCGCGCCGTTCTAACTTTTGAGGGGTTCGACCAGGTTAGTAAGCGTCCGTGTGACCTACCACTACGGACAGTACTCTGTTCTGAAACTTCTCTGTGAGTGCGCACATGAGTCTTATCGCCTCCGCGTGACCAATCTGGCTGAGCAATACTTGAAGGTGGTATGCCTAGTAATCTGTGGTCTATGCCGAATACCACTTAAAGAGAATTCACAGCCCCCCTTCGATGGTTATGGCGGAGTATTACAGACATAGACCCTCTCTCTCCAAAAC,1817,51.24,Homo sapiens
SEQ_395629,CGTCCTTTTCCCGCCGGGCGCCGAATGCCTGGTACCTCGGGCGCCACCTCGCATATCAGTCTGAAGATTACTGTCCATTCCCCGATGAAATCCGACGCTAGTAGGTCTACGTTTTAGTTCTAACCAATATCGTCTTCCCTGTGATAGAGGTACGCGTACTCAGAAAAGATGTGCCTCGGGTTGCTGGTTTGTAGTAGACCCAATCTCAATTAAACCACTTAAATCGACGCAAGGATGTGGCTGACTAAGCATAATACCCGACAACAACCGTGAACGGTCAAAGGCTATTCCTGTTACAGGAAGACGTGATGTTCATCGACGACAGCCGACTACGATTAATTCATTTGGAGACAGGACTTCGTCAGTTTCGGTAATAGGCAGGCACGTGATCGTGCTCCATATTAAACAGCCCTTTTCTAGTCGCCGCCACGGACGAGTACGCAATTGCTTTTTCCCCCTTGCAATTCAATATGTCACCTGTCACTTAGCCCTCCAGTTAAAGGTCGAACAACTAAGAAACCGTGCACTATGTCAACGGAGCTGTCACATACCACCAGCTTATTGGGCATGTTTTAACTTGCGGCATCCATACAAATAGTCGGACTCTCTATCGCCTTTTTTCTGAGCGCACAGTCAATGAGCAGCGTCTGCTATTGCGGTCGGTAGGGAATGCTTGCACAGGTGCATCTCTAAGGCTAAACCCCACGCTAGATGGTGACAACGCTCAGTGACACGATGGACTACTGGCCAACGCAGTTTAATTTCCTGGTCCGTAGTTAATGGGCATAAGAACTGCAGTAACATCCAAATCTTTTGGAAGGTTTTAAAACACGATATGGTTACTGTCCATTGCGGGAGATATCCCGGCGTGATAGGTCACCGTCATTGCACCCTAAAGCTCAACGCTATTCAGCCTTACGACCTCGCCGTTCACAACATTTGTATCATCGCCGGGACGCTAGTGGGGGGGACGTGATGGCCTAACCCCTTCCAATGTGTTCAGGGGTATCCCGTCACGCCGAGA,1024,49.41,Homo sapiens
SEQ_669721,TAGACAACGCGTGGCAGAATTTCAGGATGTGGTTTATGATTGAAGACTGGCTGATACCACAGATCCCTTCTGAGCATTTAAATGTCTCTGCCGGTGCGTGTTGTGGAAGTTTAGGGGTTCAACCATAATGACGGATTGCTCAGATCGCCTGTTCCCCGTCCGGAGATCTCCCCGGCCACTGGATTCCAATGTAGTCGATCCTGGCGCAGAATGGAACTGTTGTAGTTTATCTGCAAGATAGTCTCGTGAGCATCGGAAAGCTAAATAAATGAAGGTCGCACTTGATCCTCGGGCGTCGAAAGTGAGAAAATCGTGGAGATTACACAGACAGAACCTATAAGTGAAAAGTATTCTCCTGCGAAAGAAAAGGTATCAGAATATCTAACGTATGGGGTGCTTGTATGGCATGATTAAGTGTGCGAAATGTGCGTACGCGGCGATAGGGGGTGAATATATGAGCCAGCCGTATAGCTTGCTCGCACGAGCGCACAATACCACAAGAGGACACTTTTTACGCAAGCGTACCTCTACACCTGGTCAAAGTAGGAAGGACCTATCCATTAACGACCTTATATAGCGGTGGCCCCTGCCTTCACTTGTGCCACCCAGCCTAGGCCAGGAACAGTAGGGTTGTTTAACGCACATTACTTGCACAGCAGGAACCAAGAGGTTGGACTCATTGGACAAATCTCGGTAGGTACGGCAGGAAAGATTTAGAATATGCGGATCCGATCTTTTGCGATTTCCAATTTATTGTATCAAGAGGCGATAACGTGCACGCTCGCCCTTGCGCACCGGAGCCCTCTCAGAAGCCTGCTCCGTGTGGATGGCAATTGGGACACAACCATTCAAGAGAAGTCCGCGTGGGCAGAATGCTCAACTCATAACTCCTACAGCGTGTTCCGGTTACCCGCATGAGGTGATTCCGAATACATCCAATTTGTCTGGTCGTTCTCGGTGGCAGGATGATTACGTGGTACTTACTCCGCCTTTTACAATATATTACTGACTGATGATGTGACTTTGCTCAGTTCGATCTTGATGATTCTAAATGCCCAGAGCGGTTTGGAGATAACCGCACAATTTTATGGGCGATCAAGCGGAGAATTGTTGCTTTTATGTGCCGCCCCGTGGTGGGTTAGACTATAGCATCGGATCCTTTGGGTGAAACATGCAGACGATCTACAGCATGGGGGTCGAACATTATATGGTCGACGTTAGGTTGGCTCCTTGCCACTCAGCTAGTGAGACTCAATCGCAAAGTACGGCGCACGTATTGAGTACTCGCTTCTTAGACGCGTGGTCCCGAAGGGCATTACGGGACAGGCACTGGTCCACCATAAGGAAGAGCGCTCGGAGCATCCTCGTGGAACTACGGATATGCGAGTGCCAATGATGGCGCAGGCCGGAGGTGGCCATCGGAAGCTTTAAGGAAGGCCAGCAGAAAGATCGAAGTAGAGGCCACTAGCTCCACTCTATGTCTCAGGCCCCTCTCGGCGCAAATTATCTGTTAGTTACGCATACCCAGGTCCTTCACTAGATGCAAGTACAAATCCCGGTTAGGATTG,1568,49.55,Caenorhabditis elegans
SEQ_883069,AGGGACCCGTAGATAATTAACATCCCCAAAAGCTACTGCTGAGACTTAGCCTCGGCGCGCAAGTTAAATCTACATTATACATGGGCGCCACCCGGCAGTAATCGAACGGAGTGGTCGTTCCAAGCAGTTGGTATCATATGTACAGGTGGGATTTGCCGGAACAGTTCTAGCAGACACAGCGAAGTCATTTATGTTCTTTCTGTACGAGATGCCTATAGGCCTTACCGATAGATGCCCTTGTATATGTAAATCCGAGTTAAGCCTGGTCTATCGGCGTTGTGCTTGTTGCGGCTGGGCGGGGATTAAAAGGCAAGCTAGCGCAGAGCATGATTCACATGGTAAATCCACATTATCTTGCTTTCCTGCAGTTTCGACCGGATGATCACGCGATTTCAGGTAGTCAGTTTTCCCCCGCCGGATTGTGCGAACGGGGTTGATAGTCCGAGTCTAGAGGTGTGTGTGAGCTAACCTCAAGCCTCAGAATTCGCGTAAAAACAGTGACCTTTATCCTCAAGGATTTTCAAGACACTGCTGTCAATTATCATGGCGATACCGTTCCATTATTGCTCCGTAACATTCCTTAATGGTGTAATATTCCTCTAAAGTAACGAGCGTGCCGTGGACACCCATGGCACCTCCGCCAGGTAAGAGTAACCTGGCATGCGTTGAGCGGGTTGCCAAAGTTCCCTCTCACCATAGTGTTTAGGGAGGGCAAGTACGCTGGTGTTACACAGTGTTGACGGTGTAGTGCGGGATCTAGATGCAGATAGATCATACAGGGCTCCACCAGTCGAATGTTTCGACACTGAATGCGTAAGACTGTTTATTGCCACGCGAGCATAAATTAATACCGGTCAGACCACCTGGAGCTACAGTTCACCTACGTTCGCGGACAGCTACGTGGAGTTTAAAGCATATACTAGATTGGTAACCCCAACGCTCAAAAGCGCTTAAATCGCACCCTTCTTACCATTCAATAAGTCATGAGAAAGATACACGGTCGAAACAGTCTGGGTTATTAGCTCGGGTTGTCAGTATGTAAGAGTCGACAAAAGATACGCACAATTAGGTGCTCAGCCTCAGTCAACACCCAAGCGTAGATCATGAAGCGCCGGCACGCCACGTCGAGGGGAGCCCCCATGCCAGCGGGTACACATAGAGGCAAAGTGACAGGCAGTGTTCTGAAGCCCGTTTAGAATCTGTCATATTTCACGTAGGCGATGGGTCCCGGGTAGTTAAGGTTAGTGGAAGCGGCCGCGTAGGTACCTGGTTAAACGCTATGCTAATTGCAGACCTCAGTCCGCCTTTCCTGGCCAGTATATCTCTAGTCATGATGTGCTTTGCACTGGTTGGTAGCAGTGACACCTTAAAATAACGCCGACCCCATGGCACGAGCTATACTATGGAAAAAAGTTTACACGGGTTTCGGCACACGTGGGCGGACAGG,1447,49.27,Drosophila melanogaster
SEQ_242093,GGAACCTGTCACGTCGAGAATTCGAAGCATGAGGCAACGTCCTTATATATCGGGCCGGAATTGGCAGCTAAGCCGTGGACTATGCCGCCCCAGCGGGGAGAAGCCCTTTCTGCGAATTGCCACTTCAGTGGCGGCCTAAAACAATTTATGTGGCA,155,54.19,Escherichia coli
SEQ_945654,GGTGTGGATCATCGACCTCCCTCAGAGAGGTAATTTCTCTCTGACAGAAAATTTTTATAGATTGCCGACTATCAAGCTGAGCGTACCATGTGTTCAGCTACAGGAAGGTAAACCCGTTTGCCTGGTCTACCAGAGGTGGGGAACTCCGAAGCTTTAATGATTACCAAATGGTTAACTCGAAGCAGTGAACGTCGCTGGGGATTTTGACGTGACATGAGCCTACCAATGCTCCCAAACACGTCAGAGTGGTGCAGAATTCGTGCTATAGTCTGATTCTCAAAACGTCATCGCGATAG,296,46.96,Mus musculus
SEQ_363843,TCGCGCGCGCAGCTCTTGTCCATAATGTTCTCTTTGGGGCTACGCTGCCTCGCACCCACTTAAAATGGCGTGTGTCTTATGTGAGTGAGTAAATACTACACGGGTTTTACCTATCAATTAGCCGCTCCCCCGTGACCAAGGGGATATCTAATCGGGAGGAGAGCACCTTCTGTTTGGGATTATTCGCCAATTCACCTGGCAGCTGGGGGTGAGAACGACTTGTCGTCCAGTCCTACGGGCCGTTTGTCTTATGCCCCGCCGTCGAGAAGTCAACCTCCCGCGACGCTATACTGGACTCTCAAAAGAATAACAGTAGAAATTCAGCATAAGGAGTAATGCCTATTAGGTGGTGCCGATGACACCCTTCCCCTCCTCGACCCCATCGATCCCGGATGATGCTGGAGGAGCCAACTGTAGCATCCGGTTGAAGAGGCAAGAGCGCTCAAGCTTACTGGCATTATAACATCGGTTAAAGGTGCCTAGCCCCCTATAGAGGGTGTGTTACCAAATGATCCCTTTAGACTTACAGCGCCCGTTCATTTATGGCCTAAACCCGAATAAAAGACACAATTGCCCAGTTCTTGCTCATTATCAAGAACTAGGATAGCGGAGGAGGAAGGTACCTCCCATGAGTTCCCAAGCCAGACGTCCCCCAACCATCTCCTTGCGAGGAACTGGGCCTGCAAGCAAGTGAATCCTCGGGAGCTCGTGGTCGCCACATGGGACAATCGAAATAGGAGGCTCGAATGACTTGTAAAGCCGCGGAGTAATATTAACGCCCCACTGAACGAGGACCGGGCCACAGGAATTGTGCAAAGATAGCCGATGCATCTTTTTCTTCTATCCCCCATTATGGTCCGTTGGCGTACACCTAGCGTTAAGTTACCCACAACCTTAATCGGTATAGGACGGAGTTCGTACGATGTGTTAGCCTGTCGGGAAAAACATTGTATCTAAAACCCCGATTCGCTGGTGCCAACCAGGACCGAGAGGTCGCAACCTAAGGATCGATTTATAGGCCCTGTGTGGGGAACCCATTGGTGTGCATGGTAGCAGACGATCCACACAAATTAAGTTCCTATGGAAACCTTGACAATTTAGTAAGAACTGAGGGGTTGATAAACGGGGATGCCGACGGGAAGATAATATTGCTGGATTTGGCACGTAGTAATCTGCCACATACCTCCTTTTGCCTACTGTTAGATGTCACTGGATTACAGTCGACTAGTGCCGTGAATGGGCCCGGGTGGTACGCGCAGCATATGACGGGGATGTTGAGAAAACAGACGGTCAAAAAACTCACTACCCAAAACTCTCATTCGAAGAGGGTCGAACGAAGTTATTATCGTTTTCGGGTGCGCCTAATAACGTCAACTAACTGACGCGGCAGATTGCCGTAAGCTCATTTCTTCAGACCTCGGGTAAGCCCTAATGTGCCATAAGTACGAGTACCTAGGCCATCAGCCTGAATCTAATAATAAGAACCTAGACGGTACCATGGCAAGACCGCCACACTTGGGTCAGGGTGTCTAATTATTTGGTTAGAGTACTGATCTGCGTAAAGTTCTCCGGTATACCCATCTGTTAGGTTGAGCTGTGTCCGCTTTAAGACACTGCTCCCGCCCCGAAAAAAAGGACCAGGGCGGCTTCGTTCTGTAAGACGTGAAAAATCTAGTCATAGTTTTGAATGACGAACCGGAGAGTCAGTTGGAGCAGCGAATCTATACTGAAGTCATGGTGTAACCGTTCAGGATTACACGTCTAACGGGCTAGAACACTTTTTCCCATCGCTTACGCATCCAGCCTATAATAACCTCGAGGATACCGACGAGAAAGCTAGGTTAACCC,1848,49.51,Homo sapiens
SEQ_291379,AGTTACCCCACGACATTTTTAATTGACCATTCGGGCCTGTCGACCCGCTTGAGCAACGTGCAGTATGATTCGTCGCGTAAGCTACTGATCTAAGAAATTGATGCTGGCAGTAACAGATTTATAACTGTCCAATAGGTCACCACCGCAATCTGGTTTTAAGGAAAAGCGTCTCCATCCCTGAACGGCAGTGCCC,193,47.67,Mus musculus
SEQ_596150,TTGCCCGGATGCTCCTGGTAACATGAACGCGACGACACAGAGGGACGCGCGAGATTATATCAGGTGTAAACGGGTTGCACTCCGTACGTCCAGCACCGTTTGAGCCATTAACTTCATTGGCGGTGGCCCCAACGTTCCCTTCCTCATCTCCTTCTGCGCCATAGAAGAATCTTTTATCGTAAGCGGAACTCCCCTATCCATGGACGGAGCCGCGGGGCACGATGCCTACTGATCCCCTCTGGCCGGGCCTGACCGTTACCAGGTGGTGGAGATGGCGTGAACGCTTCTGTGGAGTGGTTATCAATCTGCGCTGTGTTTATCGAGGGGAGAGTTGAGCGCGCACAGCGTCGTACTCGTCCCGCCTGTCTTCTGGATCCGAAACATGCGACGTTAGGAATAGCCGATGCCCACCGCTATAAGCCCTTCTCTACTGACATGCCATAAGGCAATGACCCCTCCAGATTGCAGCTTTCTTGTTGTTAACTTGTAAAGTGGAGGCAGCTGTAAGTACATTTTTCTCTAAGGACCTGCCGGCGAGGAAGGAACATCAAGCTGCGAACGATCTCACAACACGAGAAATCAGGTTTTTGTCGACGTTTAAGCTATCGTCTGTTCATCTTCGGCAAGAGGCGAGACGACTAGTGTAGATGGATCGCATCGTGAATGAGAAGGCTTGGTCATCGCATACGACATCATGGTGGGTTGCAAAGTCATTAGCGTTGCAGGTGCGTCATGCTAAAACCATTTTTTTGGGGGGAGCTCAGAGGACCCTACTCGTTCGACTCAGTTAATGTAACCAATTTCTAGATCGATAGGGTGCGTGCGCTGCATTGGATAAAGTGTGCTTCGCATCAAACAGCAGTCGCGGCTCCGCTTCGGACTAACTCGCTGCGCATGCGAAACCCAGATACCATACCCGCCGCACGTCGCTTGATTACTCACTCAACACTATGGGGCAGGAGGGGTGCTACCAATTGCTCCGCCATTGCTTAAGTACTCCATGTCCAGCCCCAACATACTGAAGCGCTCCTTACTGGTGGACACTGTACTAGAGCAATCCCCAAAATAGTGTGGTGGGACTCCTGACCTTATGCACGATAAAGTGATAGCTGTGCATCCACTCACTTGGTCTCTAATTACGTGTCCACGCATTAGGGGACGTACCGTATTCGACAAAAGTAAAGAACCGCAGC,1193,51.97,Homo sapiens
SEQ_966327,ATTTTCGCAATATCCGAAATACCTGAGAATTAACTGAGTCGCGCGGGCTGTTCTCCATGAATGATAGCAAGCGATCCGGTCCAACACTGGTAGGAATCGAATGAACACATAAGGTGATTTACGGCACCCCAGCCAATTTTGTTCAACTGGGCTAAACCACGATCCACACGTCGATCTCATTCTATTCCTCAAGACAGGTCAGGGGTTGTGTTGATCTAATCTCGCTCTGGCGTGCTGATGTAA,243,46.91,Escherichia coli
SEQ_788666,TAACCCTACGTGCAAATATTGCTAAGTTTTTGAGTAAGACTACTACCCGATAGTGTTAACCCAGATGCGTTCTTTGAGATATATGTAGAGAATTGCCACTTTATTCGGGACTGGTTTAAGGTCAATCAGCGGTCACTTAATGCTGTCCGTGGCTCACTTGAGTCGCTCTAACGGATAGCTTAGGTTTCGGCGCGGATTCGGCTCTGACACAAGTTCGTAGCCACTTGCGCGACTCCCCAGCGAACACAGGGACTCGATGGTTAGCGCTGGCCGATACCCCTTCCCGACGGTCTAACTCTCCTGATACCTTTTCTAGGTAAAGTCGTGAATATTTATCCATAAAGTATCACATAGGGGCCCCGCGGAAGGGAATCTGCACGCGTACGCGGACGCAACCAGGACTCGCAATTCATAAACCTTTCAGGACGGCCGTAGGTGTAAGCAAACACCTTACCTTGTCCAAATTGGTAGCCGTACACCTCAACTTCAAACAAGGACCGGCGGGCGCATGGGGTCTCGTCACCTTCTCCTCGTGATGTACCCGCTAGTGCTTACCAGCCCTTTACGGGCTGCCTCTCCGACAACCTACTGAGGCAGCTTCGTAGGGTAGCGACGTCTGGTGGGGTCCGACAAGTCCTAGCCGACGTAGCACCAGAGTGGTTGAGCTGTAACTTGAAAATACAATGTCGCCCAAAGGGGGTACCCCATTTGTCGACCCGAATTAGATAATCTGGCGTCTACATTGGAAATGTGTTATAGACGGCGTTCGTGGTGCCATCCTGGTCATATTATCGTAGTGTGTCGTCGACTCCATCGATATTGCCGATAAGTCCCCTAGTATGCCCCTCAGAACCACGTCCAGTAGCTCTGTTTCGCCGGCGCTTCCCCAGCAAAAGTGCTTAAAGTTGTCCTACGGGGAATGGCGCTCTTAATGGTTTGAGATGCGTTATAGTACAATTTTTCCACAAGGCAGTACCGGTATCCGCGGTTTGTCTCGTTGTCATCGGCGCACAGAGAGCCACCGGCACCTCGTGTCGCTAAAGTGCTTGGCCTAATAGCATGTTTGACTACAGGATATCGCCTAGGAGGCGTAACGTGGAGGGGGATCAGCGAGTACTCCATTCCCGAGTACGGCACCCTCTGAGCTTTAAGCACGTGCGCTGTTCGATCCACGTCCATTTCCACTGTGAGAGAAGCCTGCGCCTAACTATCTTAACTTTTTGGAGAGTAGTAGGGACCAGAACGGCTCAAATGGATCGGGCCACGTCGCGTAAATAATCGGAATCTTGAGACCCAGAAAGGTACTCTCATCCACTGCGGGTCAAGGTCTAATCACGGGCAACCGGCACTGAGTAACTGCACGTAGCATACAGGTCGGTTACAGCTTAACGAGGAGACCGAGTTCAACCCGGCTGACGCGTGACAAAATGAATAGCCGCATATATCAATGGCGCTGAGGTATCAGGACGGGTTACAAGTCTCGCCTGGATGGTTAGTTTGGATCCACCCAAATTAACATGACAGTAGTTCAGACAAAGCAGGCGAAGCGTAGTTCGAATTGGGCGAACCACACAGTGCTTAATGACGACTTGAGAATGATGGATAGCTTAGTTGATCACTGAAAAGTCGTGACACGTCGGCGGGGACCAGCCTATTGTATTAGGACCAACGTATCTATGGTAACATTAATTCCAGATTGAAT,1702,50.71,Caenorhabditis elegans
SEQ_494256,CGCACGCCCTATGGGAGGGGATAGGAAAAACTGAGTGCTAGATACAGGTTTGACTACGACGTAGAGTCATCTACTACATGCTTCAGGCACTGGTGTACAACTGGGGGTTCATGCCGTTGCACTGTGATTGACCTCGTTAGCACGTGCGTGGCCTAGTACTTCCCCGACGTTACATATTGTAGATACATCCTACGGAGCCCGGAAATAACTAATCGATACACTAGTAATGATGCATGATGGTTACGTTGTTCTGGTAGAACCGCTCTACATGGTCACCTGTCGGCGGCCCATAACCGCGCTTAACTAACCGCTCGGGTGCGTGGGTAACCGCGTAAGGTTTGGAACAAAAAACCAAAGGTCCGTGGAAAGACTGGAGGGCCTCATTGAACTTCGAAACTACATTCCGGGTTAAGCCAAACGGGGCGAATTCGCACATGTAGCTGGTCAGCATGACAAGCCTTGGCGTTCGCAGGCTGATACGAGCTTTGGACGAGCTCAATCAGATAGAATGAGGGTGTAAGTACGCGCTTTTGGTTCCATTTACCGCCACCTGGCCGTGTAGGAACTCTGGTTGGTTTTAGCGTGCTCGTCGCGTTCGAGGAGTAACAAAATTAAACCCACTCACCCTAGTAGCATCCTACAATATGGCTGTAAGGTATAAATACCTCGGCAAGGCCCCTTGCATATTAGTTGGTGAGGAACCTATTTCAACGGAATCGTAACCCCGACGTTATCCACTGCAGGAAGCTCCGATGGCTTCTAGAGTTGCAAGCGTACAAAGGCACAGACATCGCAGAACATGTCTCGTCCCTGGAGGTCAAGGATCTTCAATTGAACGGTTGTACTAGTCGTTGATTCAGTATTTGAAAGTCCATTTACTGAAGAAATGTGACAACACGCTGGCGGTGGGGGTACGTCCGTACAATAGTGAGAACACAAAAACGTGCTGCTGATTATTGGCATCTGAACGCCGGAGTCGCCACTCCTCACGGACTCAA,998,49.7,Arabidopsis thaliana
SEQ_477267,GCTCGTGTAGACCATATAGCTGATTCACCTCGGACGGGTACGGAAGTATACAATAGCAATCCAAAAGTTATTTTATTCGTGGATTCGGTCCATCCTTACCATGCCTCGGGTCGCGTGTCCAGCTTTTGGAAATCAGAGCCCACTACTGGTAAATGTACGGGACGATAGTCGGTGTAGAACGGAACTTCTCCCCGTTCTTGAGTAAATAGGGAGCCGAGAGGAGTTACCGTGACTGGTCTGGCTGTCAACATATCGGCGGATATCGTTCTTGCACCGCGAACTAGAAATATGCTCGGACAAAACGCAACGTACGACGCTTTAACGGCCATAGAATCTACTGCACCAGGGGCTTGGCAGTAGGAGACCCTACACACAGTAAGACGCGACGCAAAGAGTGAGACGACAGCAAAAAACGCGAAGGGAAGAGGGCCTTGTGAGGGGAGCCGTGCAAAAAGATCGACGTGTAGGGTTGTGGCTCCGAAGACAAGGCGTTGAATGGAGGGCTTCGTCGTCCGTTTGAGCCAGAAAGGAATTGAGATCCTTGGGGGCGATAAGTACGGAGCTGCCGAAGCTAGAACAACGCTGTCTACATCACGAGGACCCTCCCAGGTGATTAAATAGGAGGTACAAAGTAGTATGACTTCTCGGAACCTAGTAAGGTCGAACACGACGGGGGACCACCCGTTCTTAATAATTGTTATCCGCCGGTCGACCGCAATTAGCATCGAGATAGATGAACTTGATTGCAGGCGATTTGACAATCACCCAACGAAGGTGTGATTCTTTTCCGTTTTAAGGGGCTGCTCTAATCGACGGGTCACCGCACTCTAGCGCGGAGGTTCTGGGTGAGCAGGATGTCATGGAGTGTTTGTGGCACTCCAATTACGTCGTCGCACCTTAAACGCGGTGAGGGAATAGGAATCACTTGGAGATCGTTAGAGCGAACCGCGTCGCATGTCCGATCTGGTTGACCCAGCTACATGACCAGATCGGATAATG,999,51.15,Homo sapiens
SEQ_820074,GCTTAGAGATCTGGTGATACGCTTGCACCTAACCACTTTTGGCGTGATATACGGCTACTACCGCGGTGTCTGGTACGAACGTGGGAGCTCTGTTACTGGGTAAGTACAATTACTGCTAGCCGCCGCTAGCGGGACTGCGCTTAAAGCGTGGCATCTACAGCTCAATGGTGCTTCCAATGCGTTGCACATAGCTTATTCGCCCTCTTGGTGACTATTATGCAACCGCTGCACGGTCCACATTAGTCCTGGCACCCGTAAGTCAGTGGCTTCATGATTTCGCGCAATATCGCCATTGGTCCTCGGGTCCACAGTGACCGCACTTACCACTGGAGGTTAGGTCCGGCCTCGGACTAGAGTTCGGGGACGCGACGCTGTCCAGGTCTTTGGAGGTCCGTTTAGGACCTATCGACCCAGCTTTGATGGGAGAAACGTCGTTCATCTAGAGATATGCACAGCACACTATGTGAATATAGTGTATTCGACTGTCGGGTGGCCGGCTCCTAAATGCCTTCCGAAAAGATATAAAGGGCCGCGCGAAGTTCCAGTCACGACCGCATGTGTAAGAGTGCGGAGAGCGTCCTATGTTAGAGTGAGTTACGTTTAATAGGTAGTTTACTTAGATTAGGATGTGTCATATATACGCGAGCAACATTTCGCGCGAGGCTCGGTCGCAATATAACATGTGCGCTCCTAGATGGCAATGAGATAACATCTGAGGTAAACGTTTGCTACATAAGCTCTGCGGTGCTGCTAATCACGATTCACCAGTGCTGAATACGAGTACGTCCAGCACTAATATCTCGGTAACTCGGATGCCGGCTTCAAGACTTAATTAGCCGTAATGTAGAATGAGGCTGAGAGACACTTTACTGCCGGCAGTTTCCAAGTTTCCCGCGGGTCGCCTCCCTCGCGATCTTAAATCTACATAGAATCGCAGCGCCTGAAAGGTATCCCGACTTAGTTTCCGGGGCGAAACTTAGGGCCTGCAAATCACTTTTGGTGGATATCGGCGAGATCGGGTCTTCTCAAGGGCAAGTCCGGTACCCTTATGCTGATAAGCATATCGCCTATAAGTCTCATCGGGCCTTCACCCTACGTGAACGTTTCTACGGATATAGGAAACACATATAGCTTCTTTCTATGTGAAGCGCTAAAGGAAGGCTACCGGATGAGTACGCTCGTAGCTCGGTAGGGCAGCAATAACCTCTCCGAATCGCATGCTGAGTATGGTCCGTTTTCCCAAACTGGACGGTCTCGAAGATGCCGGACCCAAATTGAGCAGACTGTCGCGTATAAGGAATGTCACTAAGTGTTACAGCACTAGGGATTTTTACCTCAGAGCTTTAGTTTCTGCATGCCCACTAAGCGTGGACGATCCACGCTGTACATAACACAGGGAATCTGTCTAGTAGCTGTCTGGTCCCGGATAAATAAATTGCTACACCGTCCTTTTGCATGTGCCTCCTCACCTACGATACGTTCACGCGACACTCCAAGCCAACAACGACTTCTTACTGATTGCGGTCATCGCTCATGTAAACGTCGTAGATTTCAGATCCTTAACCCCCTCCGACCGTAGCCTTCGCAACAAGGTGGAGGGTTCTAGTTATGCATACGCTCGCATAGCCCGAAACGAAGGTAGGGTCTGTATGAACAGCAATACCGAAACAATAAACTTTTCCTCGTGCTATTCCATGAGGAGTCGTGTATTCACACATTCCCGAAGCGCCATGTCACACATTTTGTACCACGAGACGAGCATCTGGGTTAGACCTTATCCGTATGACCTCCGGCGCTTATCTCATTGATTTCTTAAGCAATTGAAGAATCTCTATATACCATGACACTCCAACTATCTGAGAGGGGGAAGGATGGCACGGTCTAAGCTCATCAAAGGCTTAGGCGACGAGAGACTCGGTTGACACACCAATATGTATTGGAGCGGAGATTCGGCTCACCTGAAATAAATTGTCTGAGAC,1979,49.42,Drosophila melanogaster
SEQ_860859,GTCGTTCTTAGTGGACAGACCGGCTCACGCAGCTGACCTGATCTGATACGTTCGAAGATTGTGGAATAGTAAGCCCTACTATGAGGACCCCATTGATGATGTTAACAGTCTTTTGTAGACAACTTAGACTAGACGTGTACCATGCGAAGGAAAGGCAGTGCTGTTAGGGTAAAAAAGCAAAACGAATTCCATACTGTTGGGTCAGCTCCGTGGTTAAGCCGGATTTATTAGAAGCCCAAAG,241,45.64,Caenorhabditis elegans
SEQ_902006,CTGAGCGGCTAAAAGGCCACTGTGATGACCTAAAGGGAACAACTAAGGTATCAACATGCATCCGGCGTTACACACGGACACGTCCGATTTACCAACTATAGCTCCTAGCACCATTCGTTACGTGGTTGCCAGGAGTTAAGGGGTTTAGACGCGGGCTGGATAACTCCACAGAACGATCGTGTGACAGCTAGCAGCTAGAAAGTG,204,50.49,Drosophila melanogaster
SEQ_156322,AGTCTGTACGCTGTTGAGTACTCCGAAGGACAAGCCTATGGCCTAAACTACTTCTTCGACATCTCCAACAGAGAGCAGTGTGTCCTGTATAAGCTAAGTATAACGCCAAGAAACTGCCCCTCTTACGCTCCCACCCATCACCAGCTGTTATATTCACTGATGCTGGTGAGGGAGCGCTTGGGGTTGGCTTATCCTCGATGGCCATAGACTGCACAAGCATGCAGTAAGACAGGTAGGATTGCATGCACAATTGGACTGGAAGGCAGACCCCTGTCCTCACGATCTGAAAGCGTCGTACCCGACAGGGACTTCTATGCGGAACTAATCGGACATGAGTCAATGCATACTTCACACCTGAGAAACCGGTCTTGCCGTGAGGGTGGATGTGCCTCCCGGTTATAGTCTCCAATTTCCGAACCAGTAATATGACGTGAAATAAGGCCTCTACTGTCACTTACGGTTGTCGAGAATTTATTACAGATGGTGGAATATGGTAAGGTGGCTCAGTCTGTTGCTGTGATGGGTCAATGGTCTTTTCTGGTGGGCCGTGTAGCCAGTAATCTTTATGGGTAACGGCAGTCTGAGGTTGTTTATTGGCACAGTCGTCTAATAATACCTGGATTTGCACTCTGATGGAGAAACTCGGGGATAGATTGGAAATTTGATAATCAAACACTTTTGTTATCTAGCTATGTGTTTTCTGAACCAGACGGCTCTGGGAATGAGCTGTACGTAGAAGTAGAATTTAAAGGCATCCTGAGTAGTATCTCAAGATGGTTTCGTTGGGTAAGTGACCCTCCCCTGCGCGGGATCCATCGAGTGGGACATTCAGGCTTCGGCCTGCGGTTCAGCGGCACAAGCCGATAGAGAGCCATCGTAGATCAGAGATTTTACTAGTACGTTACAGAGTTCCAACGATTAACCTTTAGGTTCTGAAGGCTCGAGACACTCCCAGAAATTCTGGAATTGGGGATCGGGCGAATAATCTGAGGCCGGGCTAGGTCCTAAAGCCAGCCTCTCTGGTTGCTTCAGCTGAGTACACAGTACGAGAAGGCGTGAGTCCATGTGTACCTGCCGGCATAATCAAGCCTTTTTAAGACTATTTTTATGCGGCTTAGCATTTCTCAGTGTGCTTAGCATTTCTTCTTATATTCGCTGGTGGAACCCTTAAAAAGTACCTGTTTGCGAACTATTCTCGAGTCGGGACTGCCTACGTAACCTAAAGCTAGGCCTCTTCGACGGCGATGAACATGTGGCTTGTTCTTCCCTGGATTTCTAAGTCGGAACTTATAAGCCCTCATCATGCTTCTGGGCTCCACACCAGCCGTTTGATCTAAAGCAAGACGCTCCGTAGTGGTGACTGAATTCAGGGGGTTCTATAAAATATGGGCTACATTATGTTTTAAGTGTTGGCTATAGCGCCGTTATGACCGTGGCTTAGAATTCACCAGCTCCACTCAGTTTGCAATTCCCGTTGACACCCTTCGGTTAGCGACTACTTGACACTGTTATCTACCGAATTACGTCAATGGCGTGGGAACTTGGTTGCGAGTGTATCCTAGGAGATATAGTGCCAAAATGGCTTCGCCCCCGAAAAGAGAACTTATATCTCGGACACTCAAAATGCGATAAGATAGTAGACGGGAAGAACTAGGTACCTTCTCGCAGTCACTCGTAGTCCAAGCACGTTCTTTTTTGCGGCTTCGTTCGCGATAATACACGTATGAGCAACCCGGACCTGAGTTGAAAGGACTAAAAAAGCGGCCCGGCAATAGTCTGGCGTAACAGCGTTTCTGGCTCACTGTGAAATATATATGCGGATA,1823,47.61,Escherichia coli
SEQ_880988,TACGATAATGGTACACAAGAACCCTAGGTCCAACGACGGAGTGCGCGCCTGTACACCAGCATTGGCTCTCTAGATTGGCCATACGAACCTTAAGGGGCCCATAAGGACTTATCTCGGTTCGCGAGGGTGCCACACTATGGCGCTCCATGGACTATAAGTTGTCTCCATCCAATAAGGTGCAGGTTCAACCACGTTGACCGTGCGATAGCTCACCGAATGGAAGCGTAGACGATTTCCATCTACTCTTTTCCGTTCAGGAATTGTCTGTTACACGATGTCTAATAGAAGATGAAAGTGCATCTTAAAACTAGACATCAATGAGCCCGCTATCGATGGTCACCGAGTTCTTTTCTAGCAGGACCAAGTCTCGTAGGCCGTTCGTGGATAGACCACTGCACGCTGAGTTCTTTGTTCCTATAACATAGCAGGAGTACCTGATCAGAGTAGTAAAGACTGCATTGTCAAAAAGGAGGAGCAGGTTACCAGTGCCCTCTCTATCGGTCAATATGTCACTCACGGCTGTACGTCGCTCACAACCGGTGCTTTTAGTTGCTTCAAGCGCTCATAAGGAACAATGTCGTCACAAACACATAGGAATTAGGCTCGGATTCTGTGTTGCATCGGGGGTGGGCTATCCCAGAAGTTCTACCACATATGCGGCCGTTGCTGGGAGAAGGGCCTGCGCTCTTTGACGACCGGTGACATTCGGGCTTAGTTGTGCCATCATTCTGTTTGCAGGCCGACCAAATTCGTATCCAAAGTCGAGACCCGTACTTTAGAACGTGCTTGTTTATCACAATCCACTGAAACGAGTCAATGAAACAGTGCCGATCAATTCGGGATGAACCTTTGGCTACGGATGATCGATGATATGTATTTTGGGGTTCCTGGAGCGCCTTTGGAGTAGGCATTCTCTGGACATAACTGATGTTG,933,48.66,Saccharomyces cerevisiae
SEQ_772684,AACGCCGATCACAGTATTATAGTAGGACTTGTCGGCGCTAGAAATAGTTCGAATAGCGTTTTCATAAGATTTGAGCCACATCGGCCCTACGGCCGGGAAGCTTAAAGACGAGGGTACGGCCCAATCACTGAATGAATTTTGATGTGGGATGCTCAGAGACTCTGATATTGGAGATCTTACTTCCACTGTCAAAGACCGAACCTCAGAGTGAGAACATAGTGAGCGGACCAACAAGCCAGTATGAGGGATACCCGGGTAATGGTGTGTGGGTATGACGCGCACCTCCCGGCTGGAGGAGACCTTGATAGTAGTAATACAACACAAAAAAGCTCGAGCCATGAGGGATCAGCTGATCGCAGATCGGTACATCTTCCTAACACCAGGCGGCTCGAAGCGTTGTATCGTGGGTAGATTAATTAACTTTTCCGCATTTGGGTGCATGGACTGTAGGCAGAAGAGGTAACCTCTCTTTAAGTCACGAAAACCAAGCCTTTATGTCGTGTAGAGACCCCCAGCCGAACTGTTCTCTAATGCATGCATTCGTATCACGGCACGGACTCGTGGGAGTTAATTCTTCATAGTGCAATTCCGTCATTGGTACACATCATGTACGCCTTCCATATGAGCAGAGGGAGCTATGCGGATTGGAGCACGCGAATAAGTACCTTTTTGAGTATTACCTCTACCGACCACGAGAGTTCTAGGCCGAAGTA,713,48.25,Escherichia coli
SEQ_879486,GTCGTTCATAGGATGTTGCCCGGTATGAATGCCGGCGCTCATGCAGCAAGTCGCTACTCCGCGAATGCGAAAAGTATAAGAATTCAGAGGATCACTGTCATTATGGCGCACATAGTTAGTAAGTGGATCTTTCTCGCTCCCACACCCTGTCCACCGGCATCTATTCCGGTGACTAGGCACGACCTAATATCTAATGGATCACTACAACTCACACCCTTAAGATCATCAAGTGGTGACGTCACCAACGAGTTAGCCAGGTCTGACCCCCATATCCCAAAGCCTCCATGCCGTGTGTTCCCTATTCGGCGGCTGCCGTTACGTTCCAGTAGTTGAAGACGAGGGATTATTGGGAGACCCCGCGTCACTCCGTAAGCCTTGACGTAACACCCATTCTGCCGCTCGTCCACAC,409,52.08,Caenorhabditis elegans
SEQ_325024,ATGAGAGAAACAGTAATCCCCCGAGTCATGTATGAGAAACTCGATTGCCAAATGAATTAATCACTCCAACCGTTTAGTCCAGGGATTGCTTCTCGCAGTACACTCCGAGACAGGCGTGGGTGCTGAGGGTAGAAAGCGTGGCATGGTCTAGGGAGGCTACAGCGACCGCATGACAAATGAGTATGACATTAGTACTCCAATGTGTTTGGATGGCCAACCACCTGTGTCGAGTTCCAGGAGTACGCAGCCCCTGTATCGTTGTTATCGGAGTAGCAGTGAACCTAGAAATTGCATTTAGGTTCCAGGGCGACTAGACGGACGGATCTCCTCCACATATCACGGCACACACCCATTACATCCTAACTAACAAACATGCGAATCCAATAGTTCGTTTTAAGATGTGTTTGCTTTACCGTCCATATCTCG,426,47.89,Arabidopsis thaliana
SEQ_547313,ACCGTGCATGCGATGTTAACATCGACTGACACGAATGTGCCTGAAACACCTCGCCAGTAGGTACCAACATTGTAGTGGATACGGGTCGGGCGGACACCTTAGAAGAAGGAGCCCGCGGGCCTACGCTGCCGTATTAGCTACGGTCTAATTGCACCAAT,158,53.8,Homo sapiens
SEQ_880733,TGGTCGCCAAAAGCTGGTTCTATGCGAGCACACAATTCCGAAAGCTACAGGGGTTGCACGGCGCAGCTCGAATCTAGGAGTTTCTAACCGGATGACTGTAATTTTGACAGTTCGATATAGAGACCGGACCACCTTTA,137,48.91,Arabidopsis thaliana
SEQ_696051,AGAATGTTCCAGAGCGAGCTGGTACATTCAAGATGAAGTAGTTTTTGATTTTGGGAATCGCTGGCCTGGCAACGCTAAACACTGTAATGACGTACCAACGGTAACAGTCGGACATCTGTGTCCGAATGCCAATAGGTTGTTTGGGCGGGACATGCAGAGTTCCTGATGTTCGTTGTAACACGCCGTTCGGATTGGGACTGCAAGTCTCCTAAGGCGTGCGACACGGATGTTAAATCCTCCACTCTCCGAGAGGTTGAAAGAAGAACGCCCGGAGCGCATCGACATTGAGTCATCAAGTAGCCGTGGGTAGGGCGATTGGTACGACTCCGAGATGTATCGTTCGTAAGAATTAAAGGTAGCACAGGGTTAGATCATTCACCTGCCGTCATATTCAGTACCTCAAATGTCTCCATTATTGGCATAAGTACTACCGGCCCTACCCTGACGCCAGCTCGTTCCCCAATCGAAATACGAACACGAGACGCACTAGAGTATTAAGTTCGCTTCGGTGGTTGAAGCTAAGCCCTTACGCATGAGGGCTTTGAACTCAATGACTCACAGTGCGTCTGCCACACCTTCTTCGTGGTTAGTGGAGAGAAAATCTGGCCTACGAGTTGAAATAAGAACCGATGTAGCACTCAGTCGTGTCTAGTTACATTCTTACTTACCTTATTACCCTTCTGTCGTGGATAGATCATTCCGAAGAAATTCTAAGCCTTTGAATAAGTCTTATACTCCATAAGTTCAATCCGATCCTAGCTGAGGCCCTGCCGCCGTCACGTTTGATGCCCAGCGCCATAACGTGTTATTGGCAGTCTAAATCACTTTAGCGTACTCAACAAGGGACCTCGGATTGCTTTTTAGCTACAGTAAGTATTCATTCTGGACATCTTCCATCCCGATCCATGTGGATTAGTACGTCGGGCCCCAACATTCGCCGGTTCAGGTACCGCTGAAGTGATGCCGCGGAAACAGGGGTCACGAACAGGACGCCTGATAGATCGGCAAGGGAGTTGCGCCTATGTTGCATCGGTGTAGGCCTGCGTTGCAATATGGAGATTCTCGGCGATTCATTGATAATGAAGGAGAAATTGGCTTTGACTAGGCAGACATTCCATATAGGCAAATCTCGGTATGTTGAGTCGCCCTCCGCGGTAGATGGAGGTGCTAATTAGTTTATCGACGCCTATGTAAGCTTCTGCGGGTCGTGAAGGACCAACGCTTAAATGTGTTTTAAGGGGATAGGCGCCTGGACCAGGATAATTCAAGTTCCTTGCTGTCGTTAGAGTCTAAGGTACGTACATCAAATTGGGTGAAAGGTGAGGTGTCTCGCTGTTTGCTTCCGTGTGTCCCATTTCACCCCTGTTAATCGTTAAAATCAGGGCTGTTCGGGTCAGTCACGTATCCCCTGCGTTGGTACCACCAATTTCGCGGAAAGGTATCCTCGCTAATTATCGATACTATAAGTAGGTCCTGTTGTACGGGGAACTATCATAACTCTCTTCATCTAGTTGCCGAACCCATACCCCGATAAGCGACTACAATATCACTGGACTGAGTAACACTATGGCCATGAAGCCGGATATTAAGAAATAAATGGCAGATTCATTATTGGGGCGATATCATCTTGCCATCATTTTCCGTTAACGAGTCTAAGCAGCCATCGACATATTCTGTATCACATCCTTTCTGTCCGGAGAGTTCTCCGTGTCTAACTCATCGTATTCGTAGCTCCAAAAGACAAGTGCCCAGACCAAATTCGGGGCCCTCTTTGAGCGGATAAAAGGATTAGTTATTTTCCCCTGGTGATTTAATCGTGAATAGCCATTTGAGTATTGAGCTTCTCCCTTTGGGC,1855,47.39,Escherichia coli
SEQ_684794,TTCCTGAGTCAATCTGGGTCCCAGCACACGGTCAGTGACTGGCAGTGCACCCGTCAGTGAATAATCCACACTCGTATCCTTAAGGGTTAATATGGAAACATTGGGCAGAGGGAAGTCGCCAGTTCCTGGGTATTTGATGGACGGGGGCCTGGTGCGAGGCGAGCAGGCGGACGACACTGTGCGCCGCCGTGAACCGTGAGTGTCTTATCGCCCAACACCGGCTATCTTGGTATCGCTCCTGTTATACCTGAATAAGGTTAAGGACTGAGACTGGCTGACGAAAATCGTGCAGATCACTAAGAGACGTCAACATTTCCACGAATCTAAGAGGTAAAGCGGACTCTCAGCGACGCAATTAACTAGGGATCAACAGGGATGACGTCCGACCGCCGAAGATACCAACGGACGACGTTTCGACTAAGGTCTCAGTCGGCTGCGCGGCAGAGGGACTAGGTCAAACTAATCAATGGAATCGATCATTATTTACTCCCGCATTCATCTAGCTAAATAGCAACAGCGTTCATTACCGGTCCTAAGATGAGACAAAGCTCTGATTCAGACACGGGAACCTGCTAGGGGTAGGTACCTGGTTATAAGAGCATGATCTTGTTGGTGTCACGGAGCAATTATCCTAATCTCTAGTTCAGATTAGAGATGTGTAGCGTGATTTTTTGCACAACGTAAGTAGACCTTGTCCCCGCTGGGTGCGCTACGTGCGTACGGCAGCCAACAGACTATGACCAGAACCTTCGGTTCGAATAACGCAAACTATAAATACCGATGTAACATATAGTTCAAGCTCTGTTCGCTGGGTGAAGATAATACGGAGCTTGTGCCAGCTACGACAACCAATACAAGAGGCCATAAAAATCCACTGCCGGGCCAGGAAGCCCACGACCTTTCCCAACTTCCGAAAGAAGCAGATACAGAGTGAAGCTCGACTCATATCCCGGTGACTGAAGTACGTGCATGGCCTGAGTTATTCGTATGCGCTTAAGGTGTTTAGGTAGGATCGAACCGAACCATGTAAGTCGCTTGTGGAGGACCGGCGTTCTCGCGTGCTCCTTGACGGTGGGCCTGAAAGTTCTGCATCGGGCTTATATA,1104,50.18,Escherichia coli
SEQ_801398,CCGTTACACTGACCTAGCCTAAGGCGCCTGGGATACGTAGCGGCTCGACTATACGGGCAGTGGCTACGGAGAAATGGGACGATATTTTATCCCCGCGTGTCCGAGGACGCTGATCCTTACGTCATGCTCAGTCCCGACATTATTAGACGTTTTCCTCCCAACTTCAGAATCAGCGGACCCAAGTGTATTAATCAAGCTCCCGAATAAACCAACGGTGTTCAAATTAGATTCGCTCTGCGACACAGATAAGATCAATTTCAGCTTAAAGGGTACCCTTCGTACGACGGGAATTCATGTGACCTCATGTGCCTGAGGCCTATATCGTGGGCCACTTGAATGACAGGAGAACGTAGCGCCGGAGCTGCACCGACCCAGGGACGAAACTGCATCGACTGCTTATTCAAAAACGTTGATAAGCTACAGGGTCGATTGTACGTGTTGGTCTGTCTTACACCGTTACGCTCCCGATTGACTCATCCCCGTGTACGAGCTGAACGTGTTCACTACTGCACAGCCGAGCCTGCTTTCATCGCCAGATTAGTTAAGGTGCCTGATACTCTCATGAGCAGCGCGCTAGAGAACAGTTGACAAACTATATTCTAGAATTCCTGGTCATTCTGACTCGCGTTAGAATCGCCCACTAGCACGCCACTTACGCTGACCTTAACTCTAACTTAAGGTGATCTCCCAGCCCAGCAAAGGTAACTACGCGAAACGTTGACCAGCGCGAACTCAACAAAATCGGCTGTCGACTAGTAGGTCTGATGTAGATGTGTCATTTGAGATTTACAAGGTGCCCGATGTCTGAACTGATGCATTATTGAGTTGCAGTATGGATGGCGAATAACCGGAACCCGATGGTGTGTATGATGGGAGCGGATATACTTAACCAGGAAGCATCATCTGAACACCCCAGGAGAAGCATATTTAGACCCGATATGCGACGCGAGGGACGCTATGACCAACCCAATCACAAGATGTCCATCTATATATATAGCAGGGACACCAATAGCTGCTTTTGAACTGCGTTGACTTCGTAAACTCCGCCAGATGATAGTGTAAGCGAAGGAAGAAGAAATGACGGTTCGGAGGACGTTGCTATTTATTATGGGTCACGTTTATACTGAAAGACACTAGCAGCTAGCACGATAGGGACCCCCCACACAGCATCGAAAAACCGGCCCGCCAGGGGAGTTGGTCCCGTACAGATCGTAGAAACTAACTTTAGCAAGACCAGGATTAAACTCCCAGCCGGTATGTTCCGCTTCAAATAGTGCACACGGCGGCGGAAACCCTTGGAAGGCAAAACCGAAGTTCCGCTACTTCGCGATAGTTACTATTGAATTCTTCTGCCTCCCGTACTCATTGTGTGGTGGCGGCAGAGGCCCTTAATCAATGCTTTGACAGAATGGACTTCATTTCCCGTGCTTATCTGCGGCTTCCACAACAACATCTCGGTGCACTGAGCCAATAAAGGAACACGCCTATTTCCGGCGTATGCCCAGCGGTATGATAATTCTTGATGCTAGCTCACAACCCAAGCGAATGCTCAGAGCCAAGAGGATACATCGGCTCGCGCA,1580,49.43,Drosophila melanogaster
SEQ_485438,GACCAGTCAACTCTTACCATCAAGCACTCAGAGGATATGCGCGTGGGCGATATACCAACCGCGAGTTACTCACGCACGCTTATCGTGGCGATTCGTGAGTCTAATATGCATCTGACAGTCCTATAGCATAGGTTTTCGACGGGTACTACGTGGCCAGTACCGGTTTTTGCAACAACCCGGTCGCGGCACACTATCGGTCGACGGGGGCCGGATGATACCTCTCTATCTTCGTGGACGCGTGCTTGCGTGGCCTGGAGCGGCTTAGACATGAGCGTCCCATTGATCT,286,54.55,Mus musculus
SEQ_947356,TTCTATGGCACTGGTTAAGGAGATTCCTGGGTGCGAAACCGTTAAGGTTCGTAGGTTACTAAGAACAAACTACGTGACCTACGGGGACTTGTGGGTTTCGGCACATTTACCAAATGCTAATGAGGGTACTCTCGCATAACGTGGCATAAATCAAAGTATTAACGGAACATATAACGCTCAAAGAGTGTCGTCGCCTTAGTTTCCATATCCGTGTCTGTGCGCTCTGGGACTGCGAGCCTTTAACTACATTGTAAGTTAAGACCAATAGTAGCATTCAGTTAGGACCATACATGAAGTCGCTATTTAGAGAACATGCTCGCCTAGAACGAAGAAAATCAAGCGGCACAATTCCATTGTGCCAAATGAGCGGTGACAGCAACCGCTAATATTTGGTAGATAATCCGCGTGGCGTCTCGGGATCATGCTAGAGACTAGAAGGCTTGAACGATCCTCCGTTCGTAATAGTTATCCCTACTAGGATCAATCTGCGACGTTGGCAGCGTTGACCTATCAGTATTGCGGTATAGTTACTACGAGGAGTGACCTTAGTGCACTCCGGGTACAGGACCAGTTACCTTTTCTTCCTTCGGCGGCCCGTAGTACCGTTGATGGAGTCGTGTCGGCTGCGCGCCATTGATAAATTTTGAGGATACTAGAATCCCACGGCAGTGCTAGGCGTCAGAGACTACTTCACTACCAGCCTGTGCGAGCGAGTATACTCATAGTGCGCCATAGTCACCGCAGAATTTAACAGAGCTATTTAATACGGTCGGTCCTCCATTCTAGGATTGTATCATGCGCTGTGGCTTAAAGTAGGCAAAGGGCGTACGGTATCTTGCCAGCGTACGCTGGATATTTTGGGTGCCGTGAGACATTGGGTCGGAGTCAATGATGTAAATGTCCTAAAAGTGGTTTAGATGAAAGTGAGCGTGCCGGTAGGTGCCCTGGGCAGCGCGACTGCGGTCCGAACAGTCTAAGTCAGATACCCAATGGTCTACACGGCGGTGCACTAGACCCACAATGGGGCTCTCGAATGGTCTTGTGAACATTCAAGCTCGGCTCTCCGCCCTAGCCGTGCCATTGCGCTCGCTAACTCTCATATAAGGGCGGTGGGAGAGCTATATTCGTAACGCGGGCTCCGTGTGTCATATCATGTTTGTTCCTCGAGCGCAGGCCGCGGGTTCCCTTCAATCCGGGCATACCGTAAGATCGTACTCGCTACTCGAGTGCACGCGCAAGGAGCGCGAATAACCTCATGGGGAATTCCTGGGTGCCCTAACCATACGCTATTGCCTATGAGACTTGAACAAGGGGTCACCGGATTATCAGGAACACAATCAATAACATCATGTAAAGCCTCACAGTTCCATAGGAATTTTGTCATCGAGCAGCAAGCTGCTTACAGGGCATTCGGTCAAACGTCGGTTCCGTGAAGCTGAGGTGACCATTTGTGCTATCCTCCAGGTGAGCTTAATGGTAGACGGGACAGGCTGGCATCTGACCTCATGGACATAGCCTGAAGCAGTCTACGCTATAACCTGCCATAATTCAGAAACACGACTTTAATAATTCACGGCGCGACATTAATTCGCTCGCTGTGTTAAATTTCAGGCCAACGCCCGAGCAATGGGCCAGCTTAGACTTATCAATGCTTAATCCCTTTCATAAGTAGACACTGTTATACTACAAGTTGAGCCATCGCGCTCTAAGGGTACACCGACGCGAAGGTAAGATGACGTCCGTATTACTTGCCGATTGTGCCGTCGGAGACTTAGCAAGGTCGGCCCGATGTGCGGGACATAGGACCCGCCTGGTTCTAAGTCAAGATCCGTACAGCGTATAATCTGTCAGCAAGACTCTACTGGCTAGGTACGAAGATATACCG,1885,49.55,Homo sapiens
SEQ_971032,TCTGCCCGGTTTGTAATCTTACCTGTCACTGAAGTTAGTGGGCCACCGACTTACCACCAATATAACAACGGCTATCAGCGCTGAGCCCCTACGACCTCGGCCGAGGTGGGGATCGTCATTCTTTTCATATATCGTTTAAAGATGACTGCGTAGTAACGTTAGTTCAAGTACAATTCAGCCGGGCAATGAGGGATGCTCGGGTGTCAGGTGCGGAGTCTATTTCCCGGACGGCACTGCGGAGTGCATCACCGTATGGTCGGATACAACTAGAAAGTCCACGGATCCCCCTTTCCTCTGGCTTCGTGGATGAGGTGGATCGTTCTCTCGGGGGCCAGCTGATGCACGGCAACCGGGACGGGCTATACTAATCCGACATTTCTAGTAGGAAATTACATCCTATTTTTTCATAGGGTAGTATTTATCTGGACTGATTCTACCTGCTCTCTGCTATCCGATCTATTCCAAGAGTCCGGCCTATCTGCGGGAGCAAACTATCAGAGGGATGCCTTGTTAGCGATCGATATCCCCCATCTTCGTACTATAGCCTCTGCCATCTTGTCGTATAGTGCTGTGGACGCCGAACAGACGAACATAGCTTACGTATCTGGTCGTCACACCCCGTAACGTATCTTATCCTTAAGACTACTAGGTCCACATCGGCACCCCCATCGCAAATGGTTAAAAATATGAGTACGGGCTGGCTATAATGATGGCAGCTAAGTTTCTTAACCAAATTAAGATCAAAGATTAAGAGATAAGTGCTCCAGACCACTCATCAGTTACTTCACCCCTTGGGTAGATTCTGATTGTGTTCCAATATTTCTCGTTCTACTGAGCTCCGGCTTAACTAACAGTCTAGACACGGTTACGTTCTCCTAATGAACAGCCTTTTGGTCATAATCCGGGCCCTACTAGTTAGAGCGAATTGTTTTGAACTTCCCAAATTGTCGCGCAGTCTATAGTCTTGATCAAATAAAACAAAATTTTTCTGAAGAGGTCTTGTGCCTGAGGAACGACTTTTTATTAATTAGGTGAGGACGTGAGCATTCTGGTATGTGTGCGTGCTACATACGGTCTGGCGAATACGATA,1090,46.88,Drosophila melanogaster
SEQ_566851,CTCAGAGATGGTTCAAGCTAAGCGACGATATCTGTACTTATTGAACAGTCCATCTGGAACTGTCTCTGGGCCTTCGTTGTTGTAGTTACAAGCGATGGATTATAGTGTAAGGCCCGTGGCCCTGAAAAAGCCTTAGAAACTAAGAGCATTGATTTCGCAGATGCCAGAGTCTCCTGACGCTCAATAGGAACACAGAGTGCGTGACTCATGCAGACAACGGGCTTGAAATCCCCCACTTCCGAGTGGCTGAAGGTGATTAGATCCGGCATGAGCTGTCCCTCCATTGTTTACGGATCACTAAAAGAGTCGGTCTTAGACCAGGATCATGTGGCTCGCGAAACGTAGATGGAATCGTAATGTCTAGTCTCGGAGCCGGCAATATGTATTTCTATCCGGATGCGCCGCGTGTTCCTGGCTTCTTTGAGGCGTAGTCGATACTCAAAAACATTGCTTGTGGTGTCGCCGAATCGGGGAAGACACTTAGCCGCTCAGGACAGGTTTTTCGTCGTTGCAGAGCAAAATGTGGGTGTTCGTCTCCCGGAGCCTCTTGGCGAACACCCGACGGCCAACGGTTTGATCCGGGCTTTCCCGCACACAGGTAGAAAATCATCCAATGATTTGGTGCCATGTAAGTCCCCCGACTATCAGCTGGATGCTACCTTGATTTGCATTGCCCGCACAGTAGCCGACGCAGCGGTGCACGCCAGCGATACGGTGGCCCACAGTCAAAAGCTCCACTGCTATACGTCTCCGAGTCGTTTTTCCCGACGTTTCATAATTCCTGAAATTAGGGCCCTTGTGCAGAGTCTACAAGCTGTAAGGGCTCCCGTAACCTGGTGAGCGGCGTGGTTAAT,854,51.41,Arabidopsis thaliana
SEQ_796242,TATGGCGTACGACGACAATGTGTAGGTGCGGGCCTTTTAAGCACTTGTGGGCCGGTTAATTGGACCGACTAGCAAGTCTAAAATATTCGTTACTCAGAAATGCTAGGGCGAAAAGCTCATTCGTGCAGGATACCAATATTTGTATTAAACACATCTGGAACCAGATGCGCACGTGGTCCGTCGTGACTGGCCCCCAGGATAGGTACCGAAGAACTTGGACCCATACAACGAGGCCGTGGGGGCAAGAGATTTGCGTCGGGCACCCCAAGAGGACATCCTGAAGGTGCCTGAGCTCTCCAGACCCGGTGACTTAATTCATTGTATGGGTATAGCTGGCGGGTTTCTATTGCGATGTTTAGCTCAAATTGTGACGTTGGCGAGGAGGTTAGGCTACCGCGGACATCGTAAACGAGAATACTATGCAATGTCTTCGCCAGAGCGGCAACCGGCTCTGGAAAATTCTAGACGTCATAACGTAGCCCGCATAATAAACTGTGTCTGTGGTATTTGACTTTCCCGTGTCAATTTGGTCAACGCGGTACTACATCTGAGTGGAATGAAGTGTCTCCGAGCCCCCAAAACCGCTCCGTACGCAAGTAGGACAAACTAAGGCTGTGCTCTGCTCTAGCGGTAGTTGCGCCGACGAAGATACTGAGCTATATATGAGAAGAGTAGATAGCGCGATAACCTGAGGAACCAATCCACGCAATATACGTCAGGCCTCCGTTCGGTTCACCGCAAACTTCTGGCCCCAAGTCGCATGGACATTTTAACAATTATTATCCAGAGCCGGTATGGCGGGAGCTCTTGGCCTTCAGGGGATACGTTAAAGGCAGGGGATTAGAAGAATGACAGGAGAAATCTAGAAAAACCTAGCTACCTCCTAGTGGCTACCCCACACAACGCAGACATTGGTGCGGGTCGAAAACAGTGGCGCACCCCAATGCGAAAACGCATGTATGCGCGTAAAAGCATTTACGCCTCCTAGCGCTAGTGCTTTCGCGACTTACAGCGGCGAGTCTTATAGAGCAGAGTACGATGTCGTGTGGACGCCGTCTAGCCATTAGTCGGTCCTGATGACCCGGACCGGCGATTGCTTATGCTCGCCGTTCACCAGACACTCGCCCACTGACGATAGTAAAGGTCAATTTGGGCATGCAGGGCGATACTAACTAATCGCGTGCAAACAACGCTAGTTACTTATTGATACTGAATCACGTAGGCTTCGAGGGGCCTCTCGGATTTCGCGGCTCGAAATACCACAGCTCCCACGGCCAATGGCTGAAGCTTCACCGAACTATAGTGAGTACGCGAAACGTTCAGAAAGGTACCCTGAACAAAATTGCGACGCCTCGAACGTGCAGCTTATAGAGCCTTTTATACAGTGCTGTGAACTGAGGGCAAGACCTGGCCCTAGAACAGTGTGCTTCTCCTAAGTTCCAGGAAGCAGCACCCTTCCCTTAGAGCCGGTGGCCAAACATAGGGCTAAAGGTCATATAATATGCGTATGTATTTGTGCAATTCGCCTCCACGACACCTGCAACAATCCTCAT,1553,50.68,Caenorhabditis elegans
SEQ_449588,ACCTGGTTGATGTCGGGATAGGGGGATACTGGTACTCCTGGCGACGACTCGATACGATTACAATGTTAGCAAGATGGTACTTCGATCGGCGGGAGACACGCACTCAAAAGCAGATTGTATTCGTGCGGGGTTAGGTAACACGTTCCCCGCTTAGGAGTCGGTGTACCGGATGTTCCCGAACGGAGACCCCGATCTCTTACCTGTGGTAGATCTCAAAGGGTGAATCTCAGCCTGAATTCAGGCACTTATCGCCAGATGCCGTGAAGAACTTATCACTGAGAAATCTCCGGCGCAACAGTTTACGGTGTCGCACAGGGTCTTTTTCCGCACTAACGATGCGCCAAAGAGGCTGTGGAAGATTGATCGTCGGTTCAGGTGACTACATCTGCATAACATGTACAAGGGACGCTATTCCTCCCGATAGCAGTTCGTCTGACGTATCAGTTTCCATTATTTACACTCCATCCTGTCTCCCCTTGCGCGATAATCCCAAATACGAGTGCTATATCGGTGTCAATCTCGTGGTTAATGGGACGATGGCCAGTGGATTGCGGTTATGTGGCGCGATCGCAATAAACTGTCATTACTTCGCTAGCGTTTTATCGCTCCCTAGTAATCACGCGGTATACCTAAGTCATGCAGGGTAATTCGTTTAATACTCGTTCGTCTACGAGTAGCAGCGAACAGGTATGTCAGTCGGGAACTACGCGGCGCTCTTAAACTGCTGGTAACGCTCCCACAGTCGAACCCCCCTAGTATGCCGATGCCGATCGGATACGCGAAAATTGCCTTATCCGAAGTCTTCGAGGAATGGGGTCACCACCCTGTCAGCCATTACACGTATGAAAGGGCTGAGTCCTCCGAACAACATACAGTTGTGTGAACTAACTTTACAAGTGACGAAAGAATGCCCGACAGCTGAGAGATGCAATTGCGTAATCTCACATAGGAAACCCGAATTATCCTCGATCATCTGTCTGGGGCTCGGTGCAGCATCGCACGGGATTAAGATACTTGCGACTTTAGGCTCATCGACGAACGAGGAGGTTGCCACGTACAAAACGTGCCCATTCAACGAAATCTTATAGTAGTCTAAGCTTTCAATGCTATGGTCATTTTCCTCTAAAGTACGGAATTCGAGTCTTCTGCTTCCGGGCGTGCCTTACCCACGTACAAAATCAGGTGCGTTTAGCATTCTCTTGGTCTGTAGAGACCATCGATCCGCCGCATTTCATTTCATGGGGCAATAACGTGGCCCGGAGGTGATGCAAATCGATTTAAAATTACAACCTGTCATTAAAGTCATCAAACTGATAAAAGCGAA,1324,48.72,Drosophila melanogaster
SEQ_188698,CCCTCCGCATGTACCACACCTCTACCAGTAGTTGGTTTCTACCTTATCGCAGGCCTTTTCTCGGTTGATCAAGCCCGCACGGTTGGAGTAGTGTGCTGATTAGGCGCTGCCCTATTTAGTGTCGGACCCATAAAATCTAAAGGAATTGATCTTTTTGCAGTTCCGCACCTCAACGCCACCACAACGCGTCGACTTTTGTTCGGTTGCATCACTGTTGCAGAGACGTGTACGCGAACAGGTGTGAGGACTGGAACTGGATGAGAATTCGCTCTATCACATGCGATGATGCCAACGGCCGCAACGTCATGTCTGGACACTTTCGGGCATCGGATTCCGAACTCAAAGGCCACCCTCTAGTAGCATTGCTAGGTAACCTCTTGCTTTCAGGTACAGTGCTCTCGCGTCCCCAAAGCATTTCCGGCCCTAGCGGCGGCACTCATTTAGCCAAGAGAATGGACACCTAACGTTAGTTAACGGCAAACCCCTGGTACTGGGGAAGAAATAGCTAATTATATAGAACCGAGCGGCACTGTTAACCAGAGATCAAAAGCCGGTTTTATGGTCAGGAGCGGGGCACCCATGCCCGGATTAGCATCTGCGGCCATAATCCGGCTCATACTCCTTAACCTCTTTTGGCGTGAGCCTCTTAAGCGTCACACCCCCTTGGATTTGGCAGACAAATAACTCACGTGCGTTGCGTGAGTCCTTAAGTGCAGTATAGCTCGCTTTCCCGCACAGGTGGCCACTGCTCTCTAGTGGTACGATAACCGCCTAGACGGGTTTGTGGCATGAATATCGGTCCAAGGTGCCAGAGGGTTGCATGGTCCCAGCATTGGGTGAAGAGGTGTTTATTCCGACCCCTTGGATTCTCAAACAGATAAAGATCCTGAGGTTGTAACATCGGCACTCGGGCTAACGTGTCATATTAACCTTGTCGTGGCCGACTGCTTACGTGAGCCCAAAGGCGATTTCCGTGAGCGCTGGCAATAAGGGCTTTATTATGATAGTTTTGTGAAGATCTGCAAGTTTCACTGTTGCACCACACGCACATGAACGTGGCTGACTCACTCGAAGGACGATATATTCGGCGGAGGTAACCGGGCGCAGGGCTAGCGGCCCCGATACACTCGATTCGACGCGCACGTCACGGGACCAAAGCCTAGGAGCACTCGCTGTCAAGTATGTTTATGAACCACTGAGAAGCCAACACATACACGCTACCACTACTGGAGGCGCTCTACTGTGTAATACAGCCGGCCGTCTTCGTGCTTCTAAGAACGTATCTAATTTCCAAGCACACCTAAGTGTTGAACTATAAGCTTGTGCCAAAGTACCTGTATCACATGCGCTTCACATACACTAT,1363,51.14,Caenorhabditis elegans
SEQ_675229,CCGGGTCTTAGGTCCTAGGCTTACCGAACAGGCGGATAGCATTCTGTACTGTGTGCACTAAGACATAGAAACTTAACGGCTGACTCCATCTGTCCGTCACGCTCGGGCCGTATAGCTGTCCCAACTCATCCTGCCTCGTGGCTGGCGAGGCAAGGCCATGAGGAAACGACGTTCCGGACAAGTCCATTGAGCGTGGCGCATTTCAGCTTGGTGAGGCACGTTTACAAGTAGAGCCCCTACTAGTAGCTTGCCCAACGCCCTTCGGCAAATGCGCCCCTACCTAGGCCTTGCGCCTGTGATGAAACTAAGGCTGTCTACCTCAAACCTCCCCTATCACCGCCCGTGGATCGCTTTGATGCCTGGACGCCGTTGGATTTTAGCGCACAGTACGACAGTAACGAGGCAATCGTACTGAGGGTCGCCGAAGAGAACATAAGCAAAGCGTCTTGAGAAGTGTCAGGGGCCACACAACCGCGGGGCTACATGAGTCAGTTAACGCTCTAGAATCCCGATAGCAGTTGTCACGGCGCTGCGTCGCCACCCGGATTACGCCTTTATGATACAACGCCCGGCGCCCTATATAATTTTTTAAGAATAGTACCAGCACAGTACAGTTATCTGCTCCTCGTTGTAAAGTTTTTTAGTGACTTGACGGAGGGAGCCGACTCTGTACGTAGTGATTGGTTTCGCACTGAACGATAAGATCATGGTAATGTAGAGCGCACTGATTCTCTGTATTTGGAGGTTAACAAAGCCATCGATTAG,765,52.16,Saccharomyces cerevisiae
SEQ_880187,CGACATGGTTTGGGGGTCGTCGGCCTATATACGAGGCTCTGCCGTCATGGAATACGGGGAGCACTATAGGAGCAGACCACCAGAAGTTTCTGGTCCAGGGAGTATCTGCGCTCGCAACGACGAAAAGCATCGAGACTCCAACCAACGTAATTTGCTATAATCTCCTGCAGGTTGTCTGAGCTCTCGGTATTTCCCACCTTCGTATACGTAAGATTTTCAGCCCGCTAGAGATAGCCTAAGCCGATTTTCCCAACCTTTGGCTGCTGTTTGCGGCTTGTTGTGGCAAATCATACTACGATTGAAGGATGCGTGTGTCGGAGGCATCGGCCGCCTAGAAACTGGACCCTGAAATAACGCCACAGCCTCTAATTTTCTATATCGGCAAACATGCATTTTAACATAGGACAGCGTCCACTGTCCGAGTTGGGCTAACGTAGCTATAGCATAGTGGGTTCCCTTCCCGTGGATGGGGTCTACTACAAACCTGAGCCCGTAGGTAAAGAACGGGGCGAGATTTGGTCGGGATGCTCAGTCAGGCAGACCCTCATATAATGTTTGACTTCAACATTGTATATAGAACTCCGGGAGTCGCTTAGACGAACAGGCGCGCACAAAGATGGAAGATAACAATATCCTCTGCCCCAACACGATGGAGAGTACAAGTAATGGGTAGTGCCGCCAATAAGTGAGATTTCGCTCCATATCACTAATTCTCGACTGGCCTTCAGCGTACGCTGCTCGTCCGCATATGTCGACTACGCCCGAGCGTGTGCTTATCGTGGCAAGTCCCGCGAGGCAACTGGTTCACTTTAACAGGGCAACATTTTATCCGTAACGCTTCTTTCCCAACCGGTTATATGCCGTCCTCGAAAGAAAAGTGGTCAGGCAACTGCGGTAGCGCAGTAAGATCCCATTATTGACAAATAGCTACGGCCACGGCTCCATATTGCTGGTGATGGACCCCCTACTAAGAGGTATCTTGATGACCGTTGCTTGGTAACGGAAGCCTAACCTCCTCGACCCTTCAAAGACTCGGCAACAGCGCGCTTTCCAGAGCGCTGTTCGCTACTCCGAAGGGAGGAATTCCCCTAGCGTTCCAAGCTGAGGACCACGGGTGGCGTGACCCAATTTAGCGGAACTGGCGATTTTGCCAATTAAAGTACGCAGTAAGTCCAGAGTTCATGACAGGAGAGTTTTTTCCTGGCAGATACTTGCACGGAGTTCATCTGCCGAAACGCCAGCGTGTGAAAACGTGACTTACATGGTTACCACAAAGCGCGTACAGCATGGCCCCCACATATAAAACACAATCTACTTACGAAGGACTGTGGAGTACATGCAATAACGTCTGGTGTACACTACTAGCTTTTCGTATAGACTGTCTTCTCAAAAGGTAGCTCTACGGCGTATCAAGTGTTGTTGCTCTAAGTAAAACGCCTAGTGCCGGGGGGAGTCTACCGGGCCATCGAATAACGTTTATATTCGTGCAAGCGTCGCTCCGACTCTGAGTCACGTAGGGACTGGTCCTACAAGGCCAGTAGCACGTAACAGCGGATTACTGTTCCTTCCCTAATCGATCATGTCTTAGGTATATCTTATACTACGGTACAGAACTGACGAAGACTCGCGAATCCGCCAGGCTGGTGACCCCATCGTTCGCTCGTTGCGGAGTCCATTAACCGTTTTCTGTAATTATGTTAAGGTTTCAGGCCTCACAGATGTCAGGACAACAGGTCGCTGTCACCTATACCTAGGCACACGGACTACACCGTAGATCTCACCGAGTCAGTGAGCCCACCGGCACGTACACGAGTGCACTATATGAGGATAAGTCCGCCCACT,1842,50.43,Arabidopsis thaliana
SEQ_375499,GCCCCCTTCAATCTCTGTGCGACACGTGGGCTACAAAAAATGAACGGTATCAGCTTGGTAAGAGGTCCTGTCACGCCTTATACTTCGTCAAATTAATCATCTATGTGTTCTCCAGGCACAATATAAGAAATAGGCTGCGGTTCATTAGGTCATGCACAATCGCTCCACACCACCAACACTGCGCCTTTAGTCTGTAGCCACCGGTTACCTCAGCGGTTTAAATTGTCTCCATATGCGGGAGCGCCCGGTTCCTGATTTTCGATCGACTAGATTGTCGTAACACACCCGTTCGATGACTCTCCGGACGCGAGGAGCTAGTGTCTGTAGTTTATCATCAGATATCTGGATCTCAACACAGCAGGAGAGAATTGACTCCACGAAAGTTATGGGTTGGGCCAGCGCCAGAACCCTTCAAGCTCCATGACTAAAGAACTAGTGTGTGCAGGCGGGTACATAGGGGCGCTTTCTTAGTGTATCCTAAAAACGACTGAGGAACTTCTTAGTATTATTGCACGCTAGTACGGGTGGTCCTAGTATCTACGTGATATGTAAATTGTGTTCTGGGTGAGGAGATATTGCATTACGAACCCAGGTATCAAACTCCTATTTGAACTGTTATAGTCATGCCAGTAGCGCGCCCAACCGAGATCATTACACCCGCGCCGGGGGAGTTTCAACGGAGTAAAGGTCCGGTCTCTATCCGTAACTTATTCAGCGTCGTCTGGCTATTTTGTCCATTTTTAACAGCTGAAACGTGCGGCACGGCGTGGCGCGCTAGTGCGCCCTGTGACCTAATTACGCGGAAGGTACAGACATGAGCGGATACGCGTTGGTTGAGATACCGACAAACACGGTCCGGTGGTCTTTTGAAGCGTTGCACATGACCCTAACGGGTCGTTATACAAGGATACCGAGGGGGCTTGAGGTGCCGGGCCACGCCTGTAGGGTCATGTGATTGTAGGGCGCCATGTATGACTATACTGTCG,986,49.9,Arabidopsis thaliana
SEQ_180739,AGGCTGTATTGTCACTAATGTTCATGCTGCAGGGGAGTCCTTGCGAACGGTCGTTTTAGAAGCGGATTAAGTCCCACCTAGACTGGTCCGAAGAATGCGGCGGACCAGTGAAGAGTCCGTGAGAGCCCAATTTAATAGATCCTTCATCTTTATCTAGTACACCTCACGTCATCGACTGGCAGCAAATTACACTTCTTGAGGTCTTACAGCAACAGTAATGTAGCTCGGCTCACAGTGAAGGAGCTTTCGTTATAATCCATGTTAATACCCATGCGCCAGAGTTTTGCATGGCTGCGGCGTAGCCTTTTTGACCTGCGTGCCTGAACAGACCAGATATGAACAGAACCGCACCACCCCTAGTTCGTACTTGGGCTAGTATTCCGAAGAGGTTTAGGTGAGCAGTACAACGTATTAGGCTGGGGCCTGCCGCACGCAGTTCTAGGTTAGGCGTTGCAGCGGTATGGGTGACTTTGACCACTCACTTCATGCCGTCGACCTCTTTCGATGGATATCTGCGTATCGGGACCTCGTCTACAATCCATTTGTAAAGTTAGGCGCTGCGTTGGCAAACTATTTATCCTACTTTCCGCCGACCTCAGTGGTACTTACTTTTGAAATAGACGGCGGACAACCGAGTGGACGGCATTTATCATTCCTCACTAGGGGACGACGCTCGTCAGTGTCAGCGCCGCCATACGAGCTAAGTCTTGCCGGTCAAGTGTGTAGCGTCTAAGTCCTGTCCCCTTTCTGGCGCGAGGCAGGTGGATTCTGTGTACGTCTACTAGAGGCTGATGGTTTCTAGCGGTGGATATGCCGCTAGGTTGAAGGTGTTAGATTTGACACGAACTAGAACGGCATTGCCACTGTGTCGCATTTTTGTCGGTGTTTGCCGATCATCGCCAACGTCTGTGATCAAAAGGGGTTATACCTGCCCACGGGTAGCCATTCGAAAGGGTCATGTACGACGCAATTCCCCTTCAAGATCTGTCCGCAAAATGAACACAAGGGGCCAGCCGTACTGTATAGGGATACTCAAGCAACCATCGTGTCGTGGCGACTCAGTGTGAACGACAATACCTTTAAGAAACTAGCGCAGCGGGCACGTACCAAATTCTACGCCCTCGGGGGTTCAGGTTCCGAGCAGCGATGACGTCATCGGAACTCAACCACCACTGACATAGCACATGTGCTTCAGACTCCGACAAAGGCTCTATCCGGTGTGTCTATTCTTAGCTTACGAGCTTAATTCATCCGAACTCCAGTTGAGGCCGTATTCAGCAAACCACCGCAATCTACCAGGCGACGGACGTCCTCCGGTCCATTTACGTCTATTTACTTACGTATGGGCTATGTGCAGACTACACCAACGTTTAATGCTGTGCCAAAATTGGCACGTATTGTACTGGAGCTGGATTCCATCAAAATTTCTGAAGAAACCCGATATTGGATATGATCACATACGTTCATAGCTACGTCCAAGTTTAGCACGGTTGTGTACTTGGATCCCCCTGCATTTAGCATGTATCAACCAAATGCCGTGTGTAAGTATCGGTGTGATTACAACGGTGGATACCTTCCCCAACAGACGCGCTTCTTTTCCTTCAGTTTGGCACATCTCTTAGTATATCTCCTGTAGCGACCGACACCATCACCGGATGCTATAGAGTTCGTTAGGGCTTGCACACGGTAGTGCGGTAGGAGGATATAACAGCTGAGCGTGCAGAGTATCTGAGAGGCGCCGGTTAGCTCACACATCTGGGTATGGCCGACACCCTGCTTTACGAGATCAAGGTCGGCGTGCTAGGTTATGGTAGAATTATCTGTCTCTTCTTTAGAACCTAACGCACGCACTCTCCAGCACAAACGTGGATCGGAGTGTGACGGGCTGCAGTAGAGCCCGGGTGCTGGCTTCTCTGGAGATTTATCCGCCCAGAGAGACGGCCGAGTTAAGGTTTAACTATAAAT,1965,50.08,Saccharomyces cerevisiae
SEQ_869167,CTGCTTGCCTTGTAGTCCTAAAGTTCCAAATTCAAGCCTTAAACTTGTGCGTTTGAGGAACACGGGGCCTATATATAGGGTATGAAAGTTCCCTACAAGAAGACAGACAGACATAGATGCCTGGGATTGCAGACATCCCGCATTATCCAGGGACCGATCAAGCCCAGAATCGGTACCTCCGTCCTTCCTTGTTTAACATACTCCCGTAAGGCCAATAATTTGGGAATGACCGGGCTAAGCTAAAAAAACGCCTGGCCCTGTCTGCCAAGCTTACGGATTTGTACGAGAATGCAATTTAGGAGTATCTGCGGCCAGCGCCACTCATCGACCGTCCACAACCGAGCAACTATTCCTGGCGGAAAGATAAGACAAGAGGTAGGTGTTACCCATCGAGGGAATAACGCACTGACGCGGAGGCTATATGTAACTTCCAAAGTAACGCTGTATTAAAAGGGCCGCTAGCGCATGACTCCCAGGTAATTATCAGATATGTATGTACTAAATCTTTCACCACAGAAATCGCTCACTATCTCAACACAGTGTTTCACTGGCTTAGTGTACCTTATAAACTAGGGGCTGGTCCACCGCTTCACGTACTTGTTAGGGGCCGGATTTTCAGCGATACAACGCAACAAGACTCAGGCTTCGGTAGTTGGATCCCGTTATGGGCCGGGAATCGCAAGAGAGGTAGTGAATGGCTTTTTCTTTATACGCTCGGATCAATCATGATCTTGATCGCCGTAGAACGCGGGCCCCGTGCGACTTTGGAACAATGCAAGATATTTGAGTAATGGTATGGGCCTGGATCGTAAACATAGGATTTGCAGCCGACGTAGCGACTCACCCGCGTGAACGGCTATCAACAACCGGGATTTCGGAGTGCTCAGGCCTCGGGCACACCCAAGGCAGAGACCGTCCATCTGCACCAAACCCTGTTGGTGATCTCAAAGGATCTTAGGTTTAGGACGGGCACGCAAGGGAACAGCAAACTCGGTCTTAATTTTATCGCATCGGATTGTGTGAGCATGTGCACCTGCGTTTCGGCCATGCGCACGTCGGCCCTAGCTGTGTTGAGCGCAGAGATCGCATCAATCTACGGTTATTGGATCGTGGGTGGTATCTAGGTTTTTCGTCCAGGACTCTGAACCACGCAGATAGATCATCCCCTTCCTGGGATATCGTCGGCGTCCTGGAACCCGAAAGCTAGCTGAGTGGGCGTGTGGCGCGAGCACCGAACCTTCGCCTCACGGAAAAGGGTTAGGGAGAATAACTCGTGGAGTAAAGAGAGGACAATTGGACTTGGCCGTCGCGAGAAAGGGTGTTTA,1325,50.49,Saccharomyces cerevisiae
SEQ_746497,ACTAACACGTGAGTGCTTGCAGGATTCGAGTAGCCCCGGGGTGGGTAGTCGACGA,55,58.18,Arabidopsis thaliana
SEQ_616653,ACAACAGTGCATTGCGCGGGGGTCACAGATGCAGCAGTGATGCTATCCGTCGTAAGCCTCCGCGACCCCCCGATCTATTTCCCCAGGGTCAACTTTGAAGACTTTGAGAAAGTGCATTTTCAATACGGCTACGACTGAGTGTCCGACACGACAGAGCCTGGGGCAAGATTACGGCTGGTCCTTCACCCGGTCGCTGTCTAGCCCTAAGAAGCTCCCTAGACCATGTCGGACGACAACCAAACGCAGAATCACATCTTCACCACGCTGTGGCGTCCCAGGGAAGCCTGCATGAGCTCTAAGTCTAGCGATTGCTTGGTGCCGTGGGTATGTAGGCTCAGCGTGAGATATCCACTATGGCTAAGTAGGCACCACTCGGGCCGGCACCCGTATTACTCCCATGTCATAGAGGTGATATGCCAGCGATTCACTCCTTTGTAAAACCAACTTTACTACGACGGAACGCCCGATGTTTGTGACGCGGGGGACTACTCATTATTACGAGGGCTGAGGTACCAAGGGCGCAATCCTTCCAGGCTCGCTTGAAAGCCGTAGGGTCTCGACATCGGCGCCAGTGGAGGTGTTGTAATAGTGCGCGATTAGTCACCAGATGCCCCCATTAAATGAACCTGCCAGTGAGTAACAAGGTTGTTCGCGAAGCAGGCGGGGCAACACCGTTCCAAGACTACTCCACTGGGCTAGTATATTCTGTCTTTGTACGATCCCTCCTGTAACCGTTGCGCGCACAGAAGAGAATCACCTTCTAATCGATTAACCAATCGACTATGGGGACAAAGGCAGGACGTTGAAGCGCGACGCTGACACGCACTCGACAGGTCTATCCCGCAGGAAGATATTCCACTGCCCATCACGGACCGTAGAGATATGTGTCCGCAGCGGGGATGCACTGATACGAGTCTTTGCGGCGTTACCTCGAACTCCCTTTGTTAAGTGCAGAGAGTCGTTATCGTCACAACCGTGTGTCTTCTGTGCAAATCTAACACCTTGTGAAAATTGCACACCCTTAGAAGGCATGACCCACGTCTTCTCGACGTCGCAGGTAGTTCACTGGTGATGGACGACCCTGATTGGGTTCCTTCTATACGCTCAGTTGCTGATGGGGTTGAGTGATTGGGTTACAGACCCTGACCTCCAACACCTCCCCGTGAGCCAGGCTTGCATGGCCGTTAAGGGACAGTCCCCTTAACGACCTAGCCCATTAAGCGTAATTTTATCGCAGACTGCAGTGCGTGCCATCATGGCTAGCTGGGATTCTCGTATGGCATGAATATGCAAGCACAATAGTATGAAATCGGCAGGCAAGGGAGCCCTAGTGTAAAACCTGAAATACGGGGACCATGTCGATCGGTTCCGTAACAAGGGTGCTGACGGCTATTGGTGCCGTTGGCGGAGCGTGAGCTCTGATCC,1425,53.19,Drosophila melanogaster
SEQ_136404,ATGTACGAGGCCTGTGCCTGTGATACATGCATAGGAGTGAACGGCGACGGGGTCCCAGTCCTTCTAGGCTTGATGTCGTGAGCTAGCCGTCGCATCCTATCCGAAGTAAGGTCCGACGTGTCACGCACCGATGAAATTGTGTTGGACGACACCATTTTCTATATATTGGAGGGTTAGCGTCTGGTTCAGGTTGCTCCCTGTCCGAAACTTTTGAGCTCGTTACTCCCTTAGCCGTCTGTTACGAATCTAGCGATCCGTTCTGCTACATTTCAACAGTAGATGACTATCTATGTTCTGTACGGAGGTCTCATAAGTGCTATTCACAGCGCTGGCTACATTGCTAGGTCGGCGACGACTGTCAGACAGCATCTCAAACATGACCTCTGAGAGCTTTGCCCGCGCTTCGAGAGGCAATACTGAGACTGAGGCCCCTCCCCCTACCTGGGTAGTTTTGCCGTAGATTTACAAGTAAATGGCTAGATGTCGATGACAACCCAGTACCGAATTTAAACATCTACGAGGTTCCACGCATGGGACAGGCGTAGGTGCGATTGGTCTATGGACATTCACAGCTCTCGGCTGACCGGTGGCCGTAGTGCAGACTCTCGCCGAATGTCTATCCGCTGACAACGGTAGCGAGGAATTAGACTGTTTCACTGTTCTGTTCTGGATAATCCGCCTGGCTGAGCGGACGCCAGGCCTTCTGGAAGCTGGAGAACAAGGATAAAAGGCTTTCAACGAGGTAATGTCTTCTATCATGGAGTATTGAAACGCTAAGGATAGGACCAGTCGTCAGGCTGAAGGAGAAGCACCACGCCGGGCGCTAAGTGCCCCATCACGGGTCGATTTACCACTAGGCCTCTCCTCGACTTATTGGCGGTAGCCAGCCGCGAACATGGATCTAGTTCTGAGCGGATACCGGCGACCCAGGTAAGACAGGAGGCCAACCCGCTTTCTCATCAGACCAAAGAGTTCATCCCCGGTGTTTCATGCTGCGAACAAAAGCCCCTAGTCCCTAACCGCCGGGGTGGAGTATTCCGTACATTCATTTCGAACAAGCCTCGCGTGCGTCCAAGAGGTTTCGCCGTTCAGCGATAGTTCGTCCCTTCTTGTCCGACTTACGAAGCACTCTCGCCGGGGCAAATGACACGCTCCTAGGCATAACTTTACTATCACCTGTGGCTCAACGTGACGGCCGTGTAGGCCGAGCTGAACATTTTGGGTAACTCGGCACCAAGCGTTCCACATCAGCTAATAACAGTGTGTACCGTCCTGCTCTTAAGCCGGGTTTGGGGGAGTAGGTGAAGCGCCGTGTTAACGATGCGTCACTCTTGTCGGTAAAAATAATAAGTTAAGTAGTCCCTGGACTCGCGGCACTTTGACTTCAACAAGTAATTTCAGACACACATTCTCTATTAACCCACGGGATTGGCTAGGCAGGCATGGGGGGCAGATTATGTCGAGTTCCCTTTTCCGTGCGCCACCCGTCTCCGATCTCAAACTGTATTTCGACCGCTTAAGTGCAACCCACGGATTGGGGTGCTAGCGCTGGTGTGCAGAAAGGCCTAGATGCATCACTCCAAGACTCATGTTATGGTTTGTCGCTCTGACTACGGTGGGAGCATTGTAATCCAGAGAGCACTCACCGACCCCTCTGAAGTAAACCAAAACGGGTGAAGGTGGTTTCCTGTATCCCGCCCCCCGCCCCCGCACTCTGATCCGAGCGCAGCTACCCTATGGTAATGTGCCGTTATATGCCTCGAAGTGGATCATGCCGACGAGCTCCCGAATTTTCTCCGCGGACTCCGTAAATATGACGCCCTAAAAGCGATATAACCGCCCACAGCCCTATCGATCATAATTTTAGTTATGTCGGCATCTCACTGCTGTTATATAGGAATCTGTGAATTTGATAC,1916,51.98,Escherichia coli
SEQ_600298,TCCGACATTTCATAGGCTTTTGTAAATTTAAGTTGATATTTCTAGGTTGTCTATTTGGGTCGACAATAACAACGACCCAACCGCCTATCGAAATTCTGTAGCACCGCCTCGACATTATCCTTCGGGTCGTCCCAGTAAGATTACCCCCATAAGTACGCTGGAAACCATCCTGATGCGCCATCTCGAATTTAAAACAAGCCATCAAGACGAGGAGGGATCCGCCTTGCGTGAATGCTGAATTAGCTTTAGCTCTTGGTCAGAGTCTCACGGCCTATGCACGTAGCTGAGAAGCTTTTTTACCAGTCGTAAGCTTGGAACTATCACCTCTGAGCTTTCTCCAGCGCATTTGGACATGGTTGCTAGTTACGGTCTACGAGCTAGCGGCTGTTTTTCCAATAGAGAACGAAACGATGGCGTCTCGGTTAACCTCCATCTATCCACTTTAAGTCCTAAAGGCCTAGGTTGCGGCGTAGCTTGGGAATGGATTCAATATTTTTCGCAACGCATCTTTCCTGGTCACTTTCACTTCTGCAGGGTACATTGTCATCTAGAGTTTGGGAACCTAGCGGGCGCCGCATCTGCGTTGGACAATGTTAATGTAACCCGGCGGGTCGGCTCCCGGAGAAGGATGGCCCGGCCTAGATCTAGGACTCAGCACTTCAGGGTGCCACTAGACTTGTCGCTACTTCCTGCTGTCAGTCACAACTGCCAGACCACTGCGCATGCTCAACCTGGCCGTGGTGTTACATGCCGACAGATTCCCGGGGAGACGCGCTCTAAGACTAACACACCGATTTCTCGGGTGTACGGCAGTATTATTGGTCTTCCTACACAACGAACAAAATTTACGATCTCGACTAGACAAGAGTACAGCAAACTTCTCTCCACCATTGCATGCCCCGACATGATATGTATTTGCCACTCGAGTAGTTTGACCTCCCGACGCCCTTAGACTAGTGTTCCTTCAAAGGCCCCTGCACATGATCAGATGAGAAATTGTTGATCGCACTATCACGTTTCGGTTGGGCCGGCTTTTAGCACTGCGACGCCTGTGTCAGGAGGACAGGTCCACTTCTGTCGCAAGTGCATTTTGCAAACCTATCGACGGCCTTGTTCCGTTTCCCAGAACAAGATTTAGTCTCTAGATAAATTTGAACACACGTGAAGAATCCCTAGGTTCTCATTCAACTAAACAGTCGCGCGAGTCTGACCGTTGACTTAAAGCGTGTCTACGAATATGTATAGTTTTTGCTTTATTCGAACCTCTGAGTGGGGCTTGTATCCAGTCAAGAATGCAAATGCTACGTGATACCGACGTGACTTTCCAGGCTCCGTGCCCATTGACTCTGAATTGAACACGGTGTACAGAAGAATCTTGAGCATCTGAAGGCGGCCGCCTCACTAATTCTGGGTCAAGTCTAGAAATGCCGTTCAGAGCCTCCTCTAACTGTGTGTACTCAAAAGAAGGCTTACCGTATTAGCAACGGAATGGAAGGGAACCCAGCCGGAACAAGTAGGTGGAAACAAATGCCGTGGGCCCCGCTGGATAGAGAACCTCAGGCCCAGCGTCGAGTCACTCGTGCACGGCCGGCATAACTGACGTGATAAAGTCCGGTCTTAAGTCCTGTCTTCGGCAGAAACTAGGTCCCTTAGACACTATCGGCATTACCCGGATTTGGCTACGGTAAGTAGTGTTTATTCGCCGAATCAGTGAAAGGAGTTCCGTGTTACCAACAGAGCGTAATCTTGCCAGTCATTAAGAGCCGAAGCCTATTTGACTGTAGACAGCCAACCTGTCATTATCCCCAGCGAGGGCGTTACGTTGCTCGTATGCGGG,1837,49.32,Saccharomyces cerevisiae
SEQ_442748,CTAAATCGAACCTCGTCAAGTCACATGCTTCGTGATTTCGTAATTAAGTGTACCCACGGCTGTCGCAACTGTGTTTCGTTCAAACGAGGCGGCTACGTCCCCTCGGAGCTCTGCGCCAGGTGAGATGGCGAGTGAGACGAGATTGCTCGTCGGCATCTTGGGCTGCCGACCAAGTGAGACGAGCAAAACGGAAGGAGAAGCGAACGCCTTATAGACACAAAGGGTAGTGAAAGAATTTCTCTGTAACTTCTCCTCATCACTTTTCCTGATAATGATCTGTAAACTCACGTATATACGATCCATGACGATAAATAGCAATTTACGAGTGCTCATACGGTCTTACTTTAGAGGTAGCTCCGAAGATGACTTTTGCCGCGCCGTCAGCTCTCAATAGGGGCACCTCCTACGGGAAGTGTATGCGCCAGCGGCCTACGTTACATG,441,49.66,Escherichia coli
SEQ_303256,AGCGACTCCCCATTGCCCGGAGCGTACACACAATGAACGAGCCTAACCTTGAGTACGCCTAGATTTGCCGTGTCCACCACAGTCAAAAGATATCATAGCGCTTACCGAGGGAGTAAAACTGGCAATCGCGTTGACTTCCCGCGCCCCCAACGGAAATAAGCATATGCCATAACGAGATGCCGCAAGCTAAACCTCTAGAATGAAAACTCACCTGCATCCTACCCCCCTACACTCCCAAGGGTGCTTCGCATAGCATCGCGTTTCGGACGGTTCCGTACGGGCGAAGAGCTGAGATAATCTTCAAGGATGTGTGTTGCTCCCAGGTGGTGTTCATGAGTGTCTGCACAAAAGTGTATGTGCACAGGGAAATGCGTTACAAGGTCCAGCTCTGCGGATATGTTGACTGGTTTTTTGCCATCCCGCGCGGCTGCAAACGAACCTGTGCCAGTTCGGCACACTTTGCCACCATGTACTACTAAGGAATTACACCAACGAAGGTTTCTGGCCCATACCCGGTAGTTCCCAACGGCCGACCCAGCCGGTACTTGGATGTGACTGGTTAGTTCTGTTTGTTGGCTCATACCAATGGACGTTGACAAGACGCAGCGGCCCCGTTCCTCGGCGCTGCTAGAGAAAGGTCGCTTCACGACGACGTGTTAATTTTGCTGTTCTTAAGATTAAATGCCATCGGTTCCCAGCAATAAGTTACTGCTAGCCCGTTTGGGTGGAATACACCACGTATGACGAGTCCTGGTCGGACCATTGCGGCCGCGGTGCAAGGACGAACACTGCTGAAGTTGGGCTTCATGTCTCGGGGGCCGTTAGTCCGGGTATGCGGGCTCCTATGCAAATAAGACCACGTCCACCGCCTGCCAGACGACATGCCGGCAGACAAGTAGCCAAGCTGTATGTCGACGGTATCCCGTGTAACGGACGTCCTGCCGTAGTGAGCGATTTGTCAAGGTTCCATTAAGACCAATAAGTTGAATCCCTTATAACCGAGGCCCAGCGTTATTGTTAAGAATGCGTTTGATCTCGGTCATATGCTCAGACACCCGTTAGCGCCACATGCTTAGTACGCCAAAAATCGTCAGCTGAAGATTATCAGAGATTATTCGTGACGGTGAGACAGATTTCCCACAGTGGTCAGCAGACCTCTGCCATAGATGCCGACCGAACCAATAGGTGTACGTAACGACTCGTGGTGCTGGCCCACAGTGATAGCTGACAATTGGGAATTCTACCA,1246,52.09,Drosophila melanogaster
SEQ_557040,ACTCAGATTTCCCCCTGTTTTAATATACGGCCTCAATTCATCAACCAATACAACAGACTCGTCAATCAATGCCCCTTAGGGCACTTATATAGAATGCCAGTTAAAAGTAATTCCGAGAATAGCTCCGATAAGACAAGACCACAGGTGTGTCTAGAGTAGCTTTCCTACACCACTGCCTTTCCTAAAGAGTTCCGTAAGGAGCACTACATTCCTTGGCGCGAGCCCGACGGGCGGAACGCCACTACGGTTTGTCTCCAATGTAAGTCAGCCCGATCCTGTTCATATGGAGGGCTGGATGGTGAGGTGGCTGGTACGCACCGCGAAACTTTGCAACACAAATGCTACAACGCCACTAGCAGTAATGCTCCAGGAGAGATCCACATGGGAACCATTAACATTTACGACCTTCACGGAACGGATAACAAAGTGAGGGAATATACCCAACGTTATCAGTAATCATATAGCCAACGGTAGCCAGATTCGCAAGGTCCATTTAGATGTCTGTATGCGGAAGTGTTAATGCTCCGTGCGAAAAGTAAATAAGTCTCTATGTGAATCTTGGGATCTAATGGTTCCTAACGTAGCACAACACGTGTTACCTTTTAGTATGTAGTTTATTACTGATTCCACTACGCGATACTTACGTTGGGCTGCTCAAGAGACATAGTTCAGCACTCACTCCGAACCAGTTTTTGGGTTAAAACGGCACTGATGATGTCATTGCGAAGAGCAAAGCCGCTTTCACAAGTATACATCTATTGTTAGGCACGTGTAGGTTTAAGCTTGAAGAAAGGCGTAGAGCCTCCGTTAACTAGTCTTTT,821,45.19,Mus musculus
SEQ_871887,GGTGGCACGTTCGTGACCCAGACGAGATGACAGTGCAGGTATATAGGGCAACGCGCCTTCGCAGTGGTTCCTTCTATCAAGCTTTTAGGACATATCCCTTTGTTCTACACCATGGGAGGGGCCACTGTTGAAACATCGACTTTGCTGCGCGCGGGTTGGCAGTATAAGTTTTGAAATTAAGTTAATTTATTTTCGCTGTGCGCTCCTGAGCTGATTTCGAGGGTCGGGACATGCCAGGGTGTCTCAATGAGAGCTTGAAGAAAAGTTTGCCAGGGGGTCAGACTACGTTGATTGGTCCTCCAAATCTATGGTCCGAAGAGTCGGTTCGTTGTCGCCCAGTCGCGCAAGGCAAGTCTCAACATCGTCTAGCAAGGTGGTGAGCATGCATGATCCGCTTCGCCCAAACACTGCCGCACTATTTCGGAAGCCTCGTGGACCCTCCACGGCGGGTGTTCGCAAGTATGGGGCTCGTTACCCCCGTTCCCAAACTGCCAAACAAGGCGTAGTTAAACTCTAGGTCTTACCCCATCGAACCCATGAAGGACGCGGATATGGGGTCTCCGTTCCCTGTAACGCTGGAGGCCTACATAAAGCGTGAGACACGTACAACCTTAGGTTTTGAAGACCCCCTGATGAACAGGGCTTTACCAGTACGCAC,658,52.58,Homo sapiens
SEQ_389560,ACGACTAGTCCCCTCGATATTCACTATGATGTGTACCACCTATACCTTGAAAGTATAAGTCGCTCCTAATCTAAGACGGCGAAGC,85,44.71,Drosophila melanogaster
SEQ_969952,GCGACGTGAAGGTACCGGGGCGCCGCCCCGGCCCAACTCTGTTTTCAGTCCCCTGTCCTGTCTAGTATGTAATAATAGTGATGCCTTGCATGAGCGCCTCGTTCAACGGGACATTCGGTCCCCATTTAGTAGTAGAGCCTTCGAACCCTTATCCGCCAGCTACTGACTCCAGATGCCGGCCCTCGTTCGGGTCATGAGCTCTCAGAGGGGATCTGTTAAAATCGACGCGAGAAGGGTAGTGTCTGATCGGTCCTGCAGATGACTCGAACTTGTGCGCGTTCCAAGGTAACATTCGGTTGGTTTGCAGGAGGATACATCAACCGTGGCGGGTTCATATAGAGTATGAACGCATTCTTCCCTCTTGCCCAGACCAGTTCGTCTCGACGCGGTTAATGCATATCCCACGTGCGATGCTGGCAGCGTTAGACGAGTCACGTTTTCGGCTGACGCTTTACAGAGTAATAGGTCTTTCCGCAGACTCTGCTGACGTCTAATTTATACATCTATCAGGACGCTCTCGTACGCATAATGGAGCTTCCACTTGACAAAAAAACTACGTGCGCTCGGGTAGTCTAGTAACTACAGTGTAAGTGTTAAGGTGCTTTTACCTAGCACTTCAGTTGCTCGAGCCGCGTGGGGTGCCATGTGCCGCCGGCTAGGACCTTCTACGCTCGCACATGGCTTCGGGCACGCGGTGGTGCTCAGTGGCTTATGAGTCTGTGCGGGGATAAAATCACTTAGAACCGAATGGGCAGCACTAAAGGGCGGGACTCCTAATCCTAGATAGACACACCTCGTTTATACTATCCAATTTCAGTTAACTCGCTTCGGATAGGCCACAGACATTTTTCTATCGGTGGAAGATGTTTCGACTTCAAATCCGCCATTCGCAGATCAATCTATGGTACTGAGTATAGTCGCACGAATTAACAATTTGGCTTGTAGATTTACTATTCTGTAGTCAACTCCAGTGTCAGCTTGATCGCATCTAAAAAGAGTATGGGGTCGCCAATATAGTATCCTCTAATCCCATAAGACAAACCGGAGTAGCGGATCAAGTTGGAAAAGTCGACCCTGTAGTAGCCTTGAGGAGGTCGTAACGGTCGGGGAGACTCTGTCCCGCTGACGGTTCCGGTCGAAGTTTTGTTCTGTCGACGAGACCGTATGGACGCCGTGCGCATAGATGTTCTCCTGTCTTACATTGCTTAGCCCCCTTAAAGCGCCCTCATGCAAGGAGAGGAATCAATAACTCGGAAGAATCTAGGGTAGGTGACCATGTCCAACCCGAAGCCAAGGCGGCAGGTTCTCACACCACCTATACGCCTGGGTTGTGTTGATACATTGTGAACGGTAAAAACCAAACTATGTCCCGTTGACTTGGGGGGAGGTCTTAAACAAAATGGAGGATAGCTCTACGCCGCGCGTTGTTCCCACGGGCGAACTACCCTCAGTCATCTAGCTGCCTACTGTAATGAGATAAATAAACGTTGCACACCATGTAAGAGCGCTCCGGGACAATCCAGTGGTGGGAACCCTTAAAGTAAGTATAATTCTATCGTGGTACTAAGCTTAACAGCCACCTCTGACGTAAACACGATGAATACTCTTACTGCACACGCTTGTCCTATTGGCCAAGGGGCTCTTACGATCCCACGTACTCAGCATATGCTGTAATCAGGGCCCAAAAGAATTATACAGGGCCCGACTTCAATGCTGGATGGTGCACATTCCTCTACCTTGATGTGGTCATGCCAACGTCAGCTCGTTGATGTGGGGTTAATAATGCTGCACTGCGGAATGTTCCAGGGTCTTTTTCTCACT,1821,50.03,Caenorhabditis elegans
SEQ_944649,CAGAGGAGCCTAAACGATTGGTTGCGCGTACGCACCCCAAAAACCAATAACGGACTGACAAAGGAACGCGCAGCATACAAGCGAATCGACATTGAGGACTGGCTTAGAACCGTTACGTCGAACTTCGGCGAGCATTGGATCATCAAATTCACTTGTATTGCCGGCACATCGCTTCTTGTCAAAACGGGGCCCGCATGCCCCCGCGCTCTACACGTAGTGTCTCCTGATATATCGCAAGGAAGTACCACCGTGTGGAGCTCGCACAGCAGTCTAACTTATTCCCATTGCTAAAGGAGGTTTTATAGATTATACACGACTTCTGTCCAGTTCAGTTAGACAATCCGTTCGGTATATCGTATTAGCAGTTAGGACGCGTCCCGCGCAACAGAGGGAGTTCGAAACCCGGCTATGAAAGATGATTAGTCAGAATGTCACCGCTTGGTGCCTCCCGTGGGTAGTGCAACATCCATCGGGTGTCCGAGCCCATCTCACGTCATCGGGTAACTTCAATTTGGTGCGACGCGTATTATATAAACATGGTAAGGAATTTAGTTTAGGGATCCGCAAAAGAGTGCACGTCACAGCAGGACAAGGATTTTTCCGTTTGGGGGGAAGCTGCGGGCCCCCGCCTGCTAAAATCTGCATAATTCGGGGCCGTTACATGGGAACCCGGCCGCGAAGACGAGGCTCTTTTAATTCAATCATTTATTAGGCTACACCTTATCATCTCGACCTCCATAGCGTCCAGGAAGGCCTGTAGCTTCCCAGAGTTAGCCAAATATATCTTTAGCAGTGGCGCCTTTACGGTGAGGGACCACCACTTACGTGCTGGCGTGTGGTATTTAGTAGTAGGACCAAGGGACCAACTTGAGGCGTAGTAGCTGCCAAGAGCCAGGGGTCTTTAACCAAATCAGGTGCCAATCCCTTGGACGACAACGGTACTTAATCCGGTGGGCGGACTTCGGAACTATGCGTGAGCGCATCGCGAGTCCATCACCAGCTTTCAACTCATTATAGGAATAGCTAGGGGAGGGTGAAGCTGTGGTAATGGACGATCGGATACCAGATCATTTGCAAGAAGGCCGGCTCAGATTCGAAAGTGCATTAATCGCGGGGTATCTGGGTCAAGACCGTTCCTCTAGTCCGTTAGGAAGGCTCGACCATGAATCCCCCAACTCGCTATAGAAATGACTGTTAGCGTAGTCCCTACAGTCTTTTTTATGCTTCTCGTCTTAATCGAGGATGTGAGTCATGAGAACCCCGCTAGACCTGCATTAAGAGAAGCATGGGTGTGTGGTTGCAAAGCGCGAGCCGCGTTGGAACATTAGCGACCGATCGAACTCCAGCACTACGGCGAGCGTGCGCTAAAGCTGGCGCAGGGACAGTGCGCTGAGGGTCTGAACAGGGCTCGGGCATGAGCGACAGACCATGTTCGTACGGGCGAAGCTATATGGAAAAGTAGCACGTTGTATGGACACCGGCGCACCCCGCTGACATCATACTCCCCTAACAGCTGTGTACGGCCATCGTATCTCGCCCTGTGCACGATAGGACCCGGGCTTAGGCTCTGTCAAGGATTACGGGATGCCTTAAGTTAAAGACGTGGGAAGGTATGGAAGTTTTTAACCGCAGATGTTTTGCTTGGTCTTTCTGAGTCGCCCCAGACGGAGGTATCGTTACTGGCGGCAAAGCGCCGAGCCGTTTCCATGTCTCCTACGGTGATCTCTGTTACCTTACCGATGATATGGACATCTTGCTAGACGTGAACTATCAGATAGGTTAGATCTATCTGGCGGCATTGTTTGACAAACTTGGGGGACCCTTAC,1826,51.42,Arabidopsis thaliana
SEQ_678608,CTCTGTTGCATAACAGGAGCGTCTCAACTAAGAGTATATAAGAGCATGCAACGAGCGGAACCCAGTAGATTTGAAGCTCGTAGGCCGTCATAATCCGTCGCTCGATCTCGATTGAGACGGGGGCCCGTCATGCATACCCCTTTGAGTTATGGCAATCCAAATTGGCCACGAAAGATAGTCCCCAACACGACCGAAGTAGAAGTTATAAACGCGTCGGCTAACACACGCTTTTGGGGGCATTCCAGCTTGAGCCCATAATAGGGGTAGCTTGGGGAAGATAAGGTTTCATGAGGAACCACATCGCAGCACGCCGTCTAATGACAAAAAGACCTCACTGTAGGCGCTGGTCGCAAGCCGGCGATTTAGACTCCGGAGTACTTTGTCGCCTCTAAAGATTCAGATCGCAGGGCTGCAGTGCGACGATAGCTCAATCGATACGGAGAGAAACATCGGAGATCACGTAAGAGACCCACACTCAACGGTCACCTCTACATCAGGAAGAGTAGCATTGTTGTTTAGCGGACGAAGACTTTCAGACCGTTAGAGGATTTGTGGGACCATCGATCGTGCTGCTTATCGTTAGGGTTGGGTCAGCTAATTCATACTAATCGTGTATCTACCTCTGCGTACCCGAGAGCCTGTACCATCACTTATTCTCGCAACCTCTAGTCTGAGTAAGTTTGCAGTGTGGAGCGCATTCGGGCGGAAACGGATCTGGAGTCCACTTTTTGTGGGTCCCCGCACCGATGGGACGAATATGGCTAGGCCTCTTAGCTTTAATTGAAACGCTGCGATGTCATTTGGGTAACAGGAGCCTTAAGCGAGTATTACCGGGCACGGCGGTACAATCTACAGACTCCAATACGAGTTCTTCGTCATGGGCCCGCT,888,50.56,Caenorhabditis elegans
SEQ_113290,GACATTCGATATGACTTGAAACGAACGGGAGCCGACAATTATGTACGGTTTCCTCCGCTCCTGCGTTGTGACATAGTCTGTCTTCGTTCCGGGTTTCTGAACGCCAATCGATCTTCTTATCCTCGGCTGAGGTAAAAACCAAGGGCTGCGCATTTGGCGGCACTCTGCTAGGGTCACCGATATTGGAATGCCGTATTTAATATAGGGATCCCGCATGGGGATGCCAACCGGGCTTGAAGAACTAGAGCACCCTGTCCGTGTCCCGGGCGCGAGTGATCCAGCTCCGAGTTCAACCGCTTTTTTGACCCATTTGGGGTCGCACTTCCATGGAAGGGAATACTTCGAATTACGAATCAAAGCAAACACGGTAGCCATCGTAACGAGGTCATGCTAGCCCAGCAGCCGCCTAGGCGTTTGGCTTTCCGGAAGACAAATCCTGAGCCAGGCGGCTTCGTTTCTTATCTTCGTAAGTTCCTCGCTCGTACTCCGATGGCCTCTGGCGTTTGTCAACAAACTTAGGTAGGACAGGTACTAGCAAGTTTTCACGCTCAAACTCGTAAAAACGATTTTTAAAATGCCGTTGAAGGAGTGATACATATACTTTAAATCGCGGAAGGAACTACGCCCACAGGTGGTGTATGTTCACTCTTGCCGGAGCTCTCTGTTCCTTGGGGGTTACGCACACCAGTTCTTACTCGGCGCGATTAATTCCGTTCGCGTAGTAAAACTGTTTTGGGTGGGTAATACCAATTCGGGTAGACCTGTATCGGCTGGGTGAGATCGAAAACGGTCGTCTTCGCCGGCTACGAGACATACGCAGCGGGACACAGCTACTTGGCCCA,842,51.07,Saccharomyces cerevisiae
SEQ_780273,GGGTCGATGTTGCCGACGATTGCAGGAGTCTCCCCGGTCCAGGTTAGCGCCACACCGACAGCGCGGCCGTATAACGAGACTACCTTCGCTCCCTGATAATCTGTACCGCAGCTATGTGGTACAACGACCGCCGGAGTGCATGTGTCGTCTCTGTACGGTGGGAAAGCTGCTGTCGCCATTTGTTACTATTTTACATTATGGTGCATGAAATGGGCTACGACCCAGGCCGATGTGGTTTTTGGGCCGCTAAGCATCAATGGGATACTTCACATGTCAAAGCATGGGCGCAATGATTTGGAGAGGGTGCGGGTACACTGCCTGTTGGATGAGATGCCCCTGATTAGGCTGTGTACCTAAATTTCTCATTGTTCAACGTCCGTCTATGCGCTATGATCCCTCTCTGTGCCCTCGAAAATGAGCCCACTCAATGCTCGGGCCGGGTTGCAAAGCTATCAAACGTTCTTTCATGCGACTTTCGCTGCTATTCATAAGGCTACTGTCCTGGCGGGCTGCAGTTGACTTTGGACTAACGTTATACTATGACAACCACGTTTATCGCGAGTGAAATCTACTGAGTTTCAACGGGCATAGTTAGATCAACTTCTTATCGTCGAAATCAGGGTTTGTACGAGTAACCACAGACGAGCCATAAACGGGATGTAGGGACTCAGAATCCATTCAGGGACCTGGCTTGTTAGCAACAACGCTGGACCCCCTGAGCCACTCGGAGTTGAACCCCATCAGCGCAGGCAGATTGGTACTAGCTTGCTTAATCTGCGTCCCATATGACAATCACTGGAAGGATCGCTAGAGAGCTTCGCTATTCGGGCCTTCGCATTATCATCATAGTCGGCTTGTCGGGGCAGCATTTGATCCCGAGCTGCTGACAGTGTAAGTTTTGGGCATGGGGCCCATATAACAAAGGTCGGAGTCGACAATATATTAGGGTACTTCCCTTCTGTGTAAGCGGAAAGACTAATTAGTCAAGTTTGCATGAATTGACCGGACGATTCTTAAGACGAAGTTCATCAACTAGAGAGTTATGGCGCGGTGTACAAAGACCAAAGAGCCTTTAACCATATGAAGTCAGATGCTGCAAGGTCTATTGCTCGTTAGTGCGGTCCCCGAAGCGCCCATCTCAGTCACTCCGCACCATGCCACCCGAAGTCTGCAGGATTGGTTGTGAAGATCCCTTGTATACACCATCCTCACCATGACATGTCCTTCCGCCCAACTGGACCCTTTTAGAGCAATTCGCTGTTGGCCACACATTGTAATAGACTTGGTCAAGTCACCACCCTAGGAGTGCTTGCTAGGAGATTTTTCCCACGGGTTCGCCTGCGGCATAGGCTCGC,1355,50.55,Homo sapiens
SEQ_370483,GGCTTTGGTGCCTGGCGCCTGTGGAAGTCGTGCGGTGTCAGGCCCACGAAAAGGCGGACTTAATATTACGACAGCAATTTACACGTCCACAGGACTGCACACCTCGATTACGCCGTAAATAACTAACTTACTGGTAAGTCATTAAGCTAGATAGCGAGGCATCGGGCAACATGGAGCTGGTAAACTAGCGCGATGGTAGATAGAGGATGCTCCAGCCGGGGCTTATGAAAGCCCAGCCCCGCGGCCTGGTCGATTCCCCCTGTCCACCCCCCCATCCCCTTGATTGCGTTACGACCTAACCGACCAATGTGAATGCAGTAGCGTCCTTGCGTACCTCGGCCGCGCCATAGAAACGCTCGTCGGCACCGGAGTCCGCTAGACGCGCGCCTCGAGAGTATGCCCTCGAGTTCACTGGATAGATCATAGCAACATGAAGTTCGAGGGGAAATATTAAGATAATTTTGGAATGTGAGCACCGAAAGGGCGCTGCGATACGTGTATGCCCAGATGCTGATCGTTGCTCAAGCTTCGCGGTCTGGGTAACTACCTTGGCCTTATCGCTATGTAAGGCCGATCCGGCCAACAGACACATTTCGTGTGACAGTGGTCCTGGTGAAATTGGGCGAGAGACGGATACTTCACCCTTTAGGAGACTAACGAGTAGGACTGTTGTCACCCTCATTTGTAATGGATCCGAAACCTTGTGTACGACGAAAAAGCTGCCTATGCACAGGTTGCT,739,53.18,Arabidopsis thaliana
SEQ_637288,TAAATGTTGTAGTGAATAACGGCTGACCAATGGGCACGGCAATAGTCCGACCTCCAGGGTCTTTACCCAGGTACGCAGTCTTTGATTTTCTCTCCGGGGTACCGCCCACTGCAAACTTAACTTTCCCATGCATAGATCCAATATGGACAAGGCGGCGGTGTTGAATTTATGATTAAATGACGAATTCCGCGACTGCCTACCAAATAGTGTCAGGCAATCGAAGTTGAGGATACGGTGAGTGTAATACTGACAGCGTGTTCGTCCGCGGCCTAAAACATTGCGCCCTCGCTTGGTGGTGAATGACACCGTAGCTACGTAAGGTTCCCGTTGAGTTCCAATAAATCAGGATGACGCGTCCGGAACGCGCTGATTTGACCTATCCCGGCGCTGAGGTTTCGGCCACTCGTTTGTTATGCGTGGTAGTCTAGATGCCAAGATGCGGGCACTTATGATCGCGCTTTGCACGATACTTCTTCCATTACATCAGATTGTCGGAGCCTCTTTATCACTGTCCCCATTCGTTGTCCAGGTAAGGCGTCGACAGTCCATCATTGTGTTGCTGTACGTATGTACTGCTTCAGATTCCATGGTACCTTACGCAACTCTGATAACAACAGGGACCGCGGCATAACCATGTCTGGGCATGAGGCTGACGCCCACTCTGGAAATCCGGATCACCTGGTGCGATTTCCGGAGCGGCCGCAGTCTGACATAATTCAGTACAGCGTAAACCCGAGTAAATAGTTCGCCTATTCTTTATCTTGCGAATAATCCGGATAATGGTCTTGGTGAATGGAGTTGGGGAGCACTGGTCGCTTTGGGCCTAGTTTTTTGTATGCCATTTCCGAACGCTTCTGCCCGAATGAGTCCGTCCCGGGAGGTCACGGAACATTGGAATACACTGGTTGATCGAGCCGAACATCACTCCCGACATTTTTCGCTTAACAATCTCTATGCGACAGTGCCTCGCTGCCAACTAGGCCCCGTTGTTCCTCAAGAATCTCCCAGATATGGGTG,1017,50.34,Escherichia coli
SEQ_877924,AGAGTCGCGCTAGGACCAGTAAGCGCACGGCCATCCTGGGTGTAAGGAGACTACTAGCAGCTAAGATAAGCGCGCATAATGCAATTCGGCTGTGAATAACGCGCAAACGTCAGCTGGATCTCTTCGAGATATCAATGTTAAAGTCTTCACTAATCCACCCAAGCGAAACGACCCACCGGATAATTCTTTCATAATAGGGGCTGTATGAGTAACTTCGCCCGACGGATAGGTGCTACCTATATAGAAGTCTGATACACGCAAATTCCGTCGGCAGGATTCGACCTCCTGCTCTGCTGCTACATGGTCGTCACCAAAGACTAGCCCTGGATTGCATAACCCCCCGCATTCTTCACAGGAACAGATACGAGTCAACTGCGACCTTCTCCTGCAGGCGCTTCGCCAGACAATGGGTTGTAATCCTAAGATTCGCGCGGAAGAATGAAAGAGACAACACTCGCACGCACGCAGTTGCTAACGACGATGGTGTATGGACCCTGGAAAATGACTACTCAGAGTGTAGAAGACGCGTACTTAACTTCGAAGAGTTGGTCCTACGGCATCCTGACAGAGCACGGACTCAGGTGTTCATTATGCACCCGGTCCAGGGTTCCACTACCCCACCGTCCACCAGAAGGATACCTAACACTTCTATACTAATGCAAGGCAGCACTCTTGTATTCTATTGCGGCACGGATACGGAGGTCACAGGCTATAGGTTCATAATGAAAACCCATATATAAGAAACCTTCAGCTTATATCTAGATGCATTGGTAGTATATGTCCCACACCAGGTGGCCTACCGATCGGCAAGACCCTCTTGGAGGGTGACCTCTCGAGCCGCCCCTGGTCAATCAGACTAGAAGATACCTGCTGACACAGGTTG,883,50.06,Mus musculus
SEQ_829368,ACCCTTATCCTGATCCCCTAACCATAAAACGATCCACGCGTTTGAGAAATTCCAATATCAAGCTTCTTACGATCCCGGGGACCGCGGCGAGTGTTATATTGTCCCAGGATGGTCTCCAATTCCTCTTGTGCAACAACATGGAGCCACCCTATAGTTTCCTGGGAACAACTAGCGCCAGCCTTTAAGATACTGGTCGGGGTGGTTTTGCTAGGGCAAAGACATTATAAGCTAGAACGCACAAATGAGCATAATACTGATAGCAGACTTTGAACCGTAAGTCGTTAAAGTTGCCGTGGTGGGACATCCAGAATTGTAGAAGTCCTCGAGCGAAGTGGAGCTGGATTTCTAGAAAGCCCGCCGGTAAAAATGACGATTCATTTACCTAAAGCTAACCTACCCCGGGCAGATCTCGGGGGTGTCCCACAGATGTCCATGGAACCAAATACTGGTTCAGGATCGAGCAAGCGGTGGCTATCCATCTTATAACGGCAGGATTACTTTCCCCGCTACAAAGGCCCCATTCCTATTTAGTAAGTCTCTTCTTGATGACAATCTGTAGGAGGTCGTATAGTGTGACTTATCCCCGACGCACGAGCCCAGTACGCTAGACTGCTTTTCTAACTCTATATGAAATCCGGAGAGCGGAGCGCTCGTATTACGCGTTCCTCAATGGGTCATCGCGCTAAGAAGTGTAGTACTCCTCGTCTATGAGTTTGAGAATGGGCCCCGTAGGCCAAGCGCACTTGTTGAGGGATCCCCGATTTGGACTACACGTATGGGCAGAATACGGAGAGTGCATCTATTAACAGTGATTGCTAACGTTGGCTCAGAGCTATTTGAGATGGACAGATACCCCCCGGGATACACC,868,48.85,Homo sapiens
SEQ_859347,GCAGCGAAACTACATAAATCCACCAAAAGGTCACTTCCCACCTTTGACGTTTCCTGCATCTGATAACAAGCTCGTCAGCCATGCATCTGTCTATGCCCAAGGGAACTAGCGATAGAACAATATAAGTTTTAGTCCGAAGGGTTCGAGACCGACTGCACCCCCGTGGAGGTAAGGTCATTACGGAAATTTTCGCTTTCTTCGGGCAGCATCAGTGATTTTTTCATGTGTGTTTCAGCCTTGAAACGATCGAGATTTCCCCTTAAAAGAACTGTAGCTTGCATGCGATCAGACGAGGCGTCTCAACGTGGGAAATATTAAATTCATAAACCATATTCGATACTCGACTTCCTGGACCTTTACGGCAGAGAATTTATGTCATGCAAACGGTCACAATATTGAGGGGCCTGAATTGGAGCATCCGGCTCCCCACTGTGGGCCCGCCTACATTTGTAGGGGACGTCCCGCGGCAAGAGACGGCAACGCATCGGGTTTCAACCTCCGCATCTACGCTAACCCGGTAGCCTGTTCAGCTCCAGCAAGCCTTGTATGCCCGGCAAGTAATACGAGTGATGCGCGGGGAATCTTACGAACTACAACTGATGGACTTACCTAAGCTCGCTGTTTAATTCTTCGTACGATTTTAGCCTTAGAGGGAGCGGCGGTAGCGCAACGAGACCCCTCATGCTAGACTCTATATACCGAGCATTGACTAAGTTTTTCATACAAGAATTCAGCGTCGGCAGGAAGTGGATGCATCTCGGGCTCGTATGCGTGAGTTACAGCCCCCCGATAGTAGGGGCCTATTAGGTGTTGGGGGACTATTTTACCGGAATTGGTTTTAAGTTCGCGATTGCAAATCCGGGTCTGTATAGCGGGCACCTGATGGTACAGGCAGCAGTTGGTAACACCAGCGGCACTCTGGTGGCTCTCTCGTGGGTCATGGCATCCACAGCGCGGACTGACTTATTTCAGGCCAGTGTTTAGAAATCGGCTTGCGCAATAAGTTACCAGGAGCCCCCCTCTTATAGCGATAGACTCGCCGGCGTCGCTGTTCAAGGGCAATAGACAAAGTGCATTTACGGTTAGATGCACAACATTAACATGTACGAAAGCAAGGGACTGATCCAGTCCGCGTTCACCTTAATTTTTCAGGAAATGAGCGGAGTGGGGGCGAAGCTGTCTTTCTACCGCTGGGCGCTCTCTGCCAGGCGGCACCGCAGGTCTGTATATGGCGTTTGAGGACAATTCGACAGTCATGACGGCACACTAACCG,1273,50.51,Drosophila melanogaster
SEQ_717409,CGTTGAGGTCTTCCCATCTGATCGACATGACCCTATTGTACGGCTAGTTAATGACTGAGTATTACGTTGGGGTACTTAGATATAGTAGGCACTGTAGGCGGACTACGAGAAAAAGTGAGCAAGCATGTCGTCGTGACTTTTACTAAATCCCTAGACACTGGTTGACGTCGTTCGGTTGGCGCCTATTCACCTACTATAGCTTGACGCACAACAGACCCTAGCCGTGTGCTGAAATGCGTACTGGGGCAACACAATGTGGGGAATTTAGCGGGTGCAAGTATTATCCCCTACCTAACTAAGAAAGCCTCAAGGATCCGACCATCGCCTAGTGTACTCGTACTCCATAGGCACTCGCATAACCATACCCGGCTATCACAAAAGCCATTTAAGGTACCGACGAAAGGATGGCTTCGAATTTACTTAACCATGACCAGTGCTTGACATTTTCTCACTTACTGAAGTACGGCTATATCTGACATGGTTGAAGTAATAGCCATGGAGTTATGGTAAAGTCAATAAGGATGATCCCGAAAAATTGGGCGTGCCATAAGTCCGTATTGTCCCCCAGCTCTAAGGCCCGTAACCTTACCTATGAAGTAGATTGCTGTCGGGGTGTTATATAGCTTGATAGATGACGAGCCTACTAGTGAGGTCGGCTAGGCAAAGACCGATTAACTGCGTCCGAACGGGCGGAAGGGCAGCGGCCGACCACAAATAAACTGACTATGCGTATGCCTGTTACACACAAACTCTAAATTCTGTGTCACAGGAATTGGACAGGTTCCATGGAAGAACTTTGGGTGATATACGAGTAATACGTGCGGCGGACAGGGTTTGATATCGCGTCGATATGATCGTTTCATTTGCGCCCGGGTTTAGGCGTCCTGCACTCACTACGAGGCGGGCGGACGGACTATTGCCGTGTACGCTAGTGGTAGGGGGAGGGATAAGCGATGAAATTTTGACAACAGTAAGGGAAAGAGACGGGCATCAAAATGGAGCTTCGTAGATCTTGGCCATGTGCCGGTGCCAAAACATAAGGATAACCTCCCTCACGTCGTTCTTCGCCGGAAGGGGTTTAGGCCGGTATTCTACGGGACTACGCATTGCCGACTCCCTGTGTTGCACGAGTGAGAGCCTATCTTTGACACAAAAGCGGCTGGGTTAACTCCGATCCCCCCCTCGATCATTTGTAGACGTTAGAAAGGGTGCACCCCTTTGACTGATGGCAGCCCGGCATCATCCGCCCCCG,1252,49.68,Arabidopsis thaliana
SEQ_956527,TTCATGTCCTCATCAAACTGAAAGTTCAGGCACGTGGTTCGTCCCCCCAGGTTATCGTAGCTTTGATCAGAAATAATCGCTGGGACATAATATGTTGGAAAGATGCGTCTAACAAGACTCATTACTGTCGCTTTGCTAATTGGCCCTATCAACAGGCGAGGCTTCCTTGGGAAACAAATGACCGTCTTTGTGCCCAGGTGGCTATCGCGGTGACGCGTAACAGGAGCCGGCCCGAACATAACATTTCCTCCTGGTAGTGTCCGGCACTCAATTCTCCTATCCGCAGGACGAACTAGGTTGGCGCGACCGCACTGTGATACCGGCGGCCGACGACCCTAGAATGCGCCATGCGAGACATCCCTGTACAGGACAAGGCTTGTGCCCGAGCTCCCGAGTGTACGC,402,53.48,Mus musculus
SEQ_520178,TAAATTGGGATCTACTGTAAGACAACTTCTCCCGATCTTCCTGAGATATGGCCGGGAACGTAAGAGGGAAGGCTCGTAGGTGAATTTTGGGTAGGCGGCCACTACAATAACTCCACGCCAGCAGCTGAGCAAGAAGACTGGAATATAGCACGTGGCTGCTCGCGGCCTATGCGGTTTCTAAGAAATCACTACTTAGAAAGGACACAGAGAATGTAGCTACCTTTCTGTTGTCCGGGCGATGTAGCTAACTTGGCATAGCTCCGGGGAGATTTATTGTGAATGGAGAAACTACCCGTCCACTCAAATTAGACTGAGGGAGTGATATCTAAGTATCTAGCTTTCTGGAGGGAGCCATCGCCCATACAAGGTGCTCAGTATCGTGCAGTCGCATGCGCAGCTGCAGTATTTGCCGATTTTAGCTAATCGCTAGTTACAAGTGGTGTCGGAGTCCATAACAGCCCTGGCTAGGTAGCGTGGCCTAATTCCCTTTGTAGGCCCAGAGACGCTGTGGCTTACTTGTAGGCGGCGTAGTGTTCCCGGACCTCGGTGCTCAGGAGCTTCAATAAGACTGATCTCTCCTATTGATACTAGGATTATCACGCATAATTGGAGTATAGTTTGAAGGGGCTAGCATTCGCCGATTATCCCACACACTCTTGTTATTTGTAAAGGCACCCGTCCCACTCGCTTTGTCAACGGGAGCCGCAGGAGAGACAATAAGCATGGGTGATGTAGCGTGCCGGATTGGTGTTCAAGCGGGCTCTAAATGATTGAGAACATCGAGTACACTTCAACCGTAACGATCGGTGCATCTGTTGGTTAGGTTGCACTCCCTATGCCCTGCTGCTAAAAAAAGGAATAGGGCAATCTGCTCATAACTCGCTCTGTGTAGATAAGTGGGGGGGTTTAAAGTGTCCGTGACATCTCGCCTCTTTCAAACTCAAGCTGCTGTTCCATAAGCACGCCGGGCAAGGGTGCCCTCAGGCTCCACCTGCATGTTCACGTCAGGGTGCTCTTTGCGGGGCGAGGCTGTAGGTAGGATAAGCTTCATTATCCCAGCGCAGACAGCACATGTTATGGGGGCGGCTACTCCCGTCGCGGGTTCTCTGGGCCCGTCCCTGAGGGTAAGCCGCGCAAACCACAATGTTTAGTACAATTAGGTGGAACATATTTGTCCAACAAAGCCGATAGCTGTTCTTTCTGAGCCTTCTCTTTGTATTCCCTGCACGCTAATCCCGCAGAGAATGGACGGTTTGTCTCCGCGTGCTATTACCAGCTGGCTGGGCAGGGGGCGTCGGTCACAAATGGCGAAGAGCCGCGTTTGTCAGTCCTCTATCTGAGAGAAAGCCTATCTAGGCGTGGAGCTCGTCCTCTGGTACATCTTTAACGGCCGCTCATTTTTGGTTCGGAGTTTGGCCCTTACCAACCTGGGCTTTACCTCCTAACATCGCGCGGAATTGCAGGATTATCGGTGGACAGGCTGGACTGTATGCGAGCCCTAACATGGCGACGATCATACTTAGCATTAAGATTCACACCCCTATATCGGAATAGCTACCTAACGATAACGGTCGGCCCTCAATAGCCTCATCCTTTCGAGGGCCAACCCCCTGTGTCCGCTTTTGCCAGCGGACCTTGGCCGGATGGAGAAGTTGCGCATATGTCCTGGCCTGACGGGAGTTTATGGTCGTGTGCGTTTGCCCTACGGATAAAGACATAAACGACGGGGCGAACCGGAATGCTATAATATATTAGCTCGCTTTAATCCGAGCGTGAGGCCGCCCTAGTCCTACCATCAAAGTGTAGGGAAGGGATTGATTAGCGGGCCAGCACTACATCCAGCGCAGTTTTAGGTCGCTGGCCAACATTAACCGACTCGATATTACACAGCCCATCTTATCCACGGGTATCAGGAACCCTTGGCCTCAACAGTCACTACGCTCTAATCACCGGTTTGCACATTTTCTGCCTTGATAGGGTCTTTATTGAGGATTGCCGC,1999,51.33,Caenorhabditis elegans
SEQ_175875,TTGTCAGGGCGAAGAAACCATTTAATCACCGGTGTTGAAGCGGAAAGTTTCTCGTCCCGTCTCCGTATAGACATCTGAGTCACAGGGCGCCGGGATCACGTTAAATGGCCTAAAGATTCGAGCACTATTTTTTCCGCATTCCAGACCCCGTCGTCATAGCCTATAAGCCCGCCCGGACACCCTGGGGCTGATGCGTGTTCAGTAATTCACTATTCGTTTATGTGATCGGCCGGTGAACGCTCGCATGAGAGGCAGGGGCCAAGCCGACAATATTGTTGTCGAATATAGATAAATTTTAAGTGTGGCCCATGCGCGATGTAGGTGCAATGATCTCATTGCGGGCAAGACCCGGGCTCGCTATGCTCGAGTGGACAATGTCACTTAGCTAAGCTCCCCCCCGCCGCCAGCTCCACATGATCCCCATTCGGCGGGACTCTTGGTGTCTCACAGCGGCCCATTTCGTAACAGGCCGCGACGTTAAGTCAGACTGCTGGATCATTAGTTCGCTAGCCTAGCGCACAAAAACTGTTCATGAATGTGTTCTAACTTGCGTGGGCTAGTCCGGCGTGTTTATCATCGTGTCACTTGGTCGTGTAGACGATATACTGGACGATGTCATGTACGATATGCGGATGGGGACGCCATGGCTTCGTTGCGTCATGTGATTTGAGTATCATGGTGCGAAGATACTTTTGATTCCCAAATTATCTATAGTACTGTGTTCCATACTGCTGGTTGACTAGGGTGGGTGACACCTGATCGGAGTTTCCCATGGATGGAGCCCCAACCGATCGTCCTGTGCCGTTTCTACTCTTTTCTTAAAGTCTTACATTTTGATGGTCGTTGGAGAGCTAGAAATCTTGCCCAGTAACTATAATCAAGGCCCCGCCGTGTCGACACCTGCTGTATCCGGTGAACGAGCCAGGCGTAACGTGCAGTCCTTCTACAAGATGAGCGAGCTGACTTGAACGTCCCACGCGCAAGGGGTTGGAGATTATGCCCGCTTCATGATTTCCCGTCACAACTCCTCTTCTGGTCATCGCAGCATAAATTCTTCTCGCCGCCCTTCGCTTGTTCCATTCCGACTCAATTTTCAAGCGAACTACGCTCGCCCGCTTAGTTGTGCAAGGCAGGCAACATTTTGCCGCGCGTTGCCCTATTGAATGGTGTGCCTCTCTAAACCGGACGGTCACGACCACCTCCAATTAATTTAATTGCCAATTATGAATTAGCCTGGGGCTCCAGATAATCTGGGAGATGTGCGCGCTAATAACCAGGTTGCTTCACACGCAAAGAGCCACGACTATGATAATCCACCGTGGTCCGGAGCCCAACAAGGACCAAACCCATTGTGGCCCGAGCGGAGGTATTAGGCGAATCGGCCTGATTATTCGCGGGACCCTCAGCCGCCCAGCGCGGTCATCATACCGCGGGTGCAACTCGCCACGATGGTTGCCCTGTCCAGCCACAGAGGTGGATCGGGAGACGAGGTACAGACCAGGCAAGTCAGGCTTTGCTTATATTCCTTACCGCCGTATCATATAATGCTCTTAATAGCATGCTAGCCTGTTGGTACAACGTGAATCTTGCATGCTGACTAGCACCCGTTCCAGTTCTCGAAGCGACTTGGCCAGTTAATGTATCGTGACAAGTCACTTACGAGCCTGCCACTGTGACTTGCAATTTGCAGACAACTCTTCTGGGTACAGCCCGGTGCATCT,1721,51.77,Mus musculus
SEQ_468392,ATGGAGAGTCCAGCTAGGCGTCTTAGTATCCAACGTCACAATCGGCGAAGAGCGTTTCATGGAAGGGCCCCCATAGGCACGAGGTCTCGAGCGGCCCCTAGTTAGTAGGTTCCATGTACGTGATATTTCAGTCTGGGACGAGTAGACCATAGGCCGCAAGCTGGGGAATGGTTTGGTCGGTGCGGACGAGTCGATCAGCTTCACTCGTTTACGAGACCCACATGATCGTAAGCATAGACCTAATCCCATGTGCGAAATGAGCTCATGGCAATCTTGTAGAGTGGTCCACTCCCAGAAACTCATTCTATATCAGGGTCGTGTTTGAGCAGCGAACACTGCTTTGCCGCCGACCACCACTGGCGCTGGCACGGCAACGTAGTGGCGTACAAGAAGTTTATACGGTTACCCCCGGTTCTCCTTACCAGGCAAGACCCAGGTCAAGCTGGGGAGTGCAAAGCGCTTCTGAGCCGTCACGCAACAGGGGTCATAATTTACGCAAAATCTCTTTTGTTCATCCAAGGTAGTCGTTAACGGCTACTGTACCTATAGACCGCAGTCGGTCGGCCCTGAGGCATGGCTATGCCACTGGCAAAAGGGGCTGGGAGCTTATAGAGCGATGGCCATTGATGTCTACGAAACGATGCATGTGCTCTGGACCTATTAAAAGGTTCTGATCCAAGCATGTGAGTCGAATGCCTTCGGTGTCTATTTCATCATATACCGAAGTTAGCGAGTAGCAGGGTGCCCGGACAAGTGGTATCGTACCAGATTAGTCTCAGCATTAATTACTTCTGTGGCGACTAGAATACGCATGAAAGCGAACCGCGGTACCGACCAATTTCTTAGCAAGTCTCGTATGCCAAGTCTAGTACCCTCACTAGCCTCTATCTAGACTTATATAATACACTGCATTGTGCTTCCAGCCCTCGACGTTAGGCGTGTACCAACTAAATGTCGGGGAAAGCAGGAGACAAAAGTGTCTATAGCTCTGTGCTGAAGTTGAATGAGGCCGTCCAACACAAAGGAGCGTCATTGCATCGGTCACTCCGTGTCACACCTCGTACGGGAGATTGGTTTGGACCCGGCGAGTAGATCCCGCGTCTTGCAGTCATCCTTATAAGATCACGAGGCCAAGTGCTCTACTCCCCGGTGGCCAAGGATAAACGGGAGTCGTTCATGAACTTATGATCTCTAACGCTGAGGCTCGCATCACCGTAAGCATACTATCGCTAGCCGCTGATCTGAGATTTTTACTTAAGAGTCTCAGGCATGAGACGAGGACGTCGGCACATAGTCCTTGACATAGTCAATTAGTTTGCCCGGCTGCGGGAGGTGCTGACGGTGTCAATGGCGTCGGGTCCTGTCTTTGT,1370,51.31,Escherichia coli
SEQ_260247,GCCTGCACCTGGAAAGTTTCGTGGAACCGCATGAGTACGCGCATCCCGGGTACATTGTGGCCATGCAGATCATACCCTCTTGTAATGATCGTTGCCCCGCCATCTCTGGACGCCAGGGTCTACTATTCGATAAGCGGCTAGTTACCCGCTCATAAAACCGAGTTAGATAAATTGAGGGGTTCTTGCCATTGTCTTCGGTTACTTAGGAATTATAGGGCATCGCGTCACTAATAATAGAATACGGATAAAACAAGTTAGGCCACACTCCGAGAAAACGGACAGGACGGGTCGTAGCGCCTCGAAAGCATGACTGATTTGGTGTGTTCACTCATAGTTGTCAGGTCATCGTTAATCAGCGGCTCGGAATAGTTCGAGTTCTGGTCTGGTCTCTAGCGGTATCCTGTCTGTGTGAGGCTTCCAGTCGCGGAGGGGCAATTGATACCGCCTTGCGCTGCGGTCCCTCAAGCCGATAATTCCCATGCACACGCGACTGCTTTATCGACGGTGCATAGTAACGGGTGGACTGAGGCAAGTGCGGGAAGTTGCAGGCCTTACCGACCACGGGCCACAGGCGGGGCGAGTATAGATGTGTGGCTATAATAACTTCTATATACAGTATGACAATGGACGCCCTTGCTCTTAGGTTGGCGTCCGACAAACTGCGTACCAGGCTTTGCACGAACTTGTTGAGGGCTCATCAGAATCCTCCCGAAATGTCTCCGATGGGTGTAAAATGTGCAGTTTGTCACGCGGCACAATGGTAGATCTAACTATGTTCTTTACACATAGTGGCCGTCAGAGTGGCCTGGAGTTGAGACTGGGTCTCATAGATGGGTCGACAGAACCACCAAGTAACCTCTACCCTCAACGCTGTAAGAGTCTGATGTTGACGTCCTAAGACGATGCGCATCACGTGGGCGGCGACTCGAACTGGATGACGGCGAGCGCGTTCGATTTGCATTAAGACCTCACAGTGGCGATACCCTTCTCGGAGGATTCGGCGCGTTTACGGGCCGTCGTATCCGAAAAGAGCACAAAGCGTTTTATTCGCAGTGGAAATACGTGTCATAGAAGGATGCGTCTCTCAGCTAGTAATGGGAACTCCATGTTGCTAACCGGATTATGAGCGATTTTTGCATGGCCCGTACCGTGCCATATCGATTGTCTACAGATCAGCGTGTAACGACAAGTACCCATGACCCGCGAACTGGCCACGTGAGTCAGTTGGTGCCGGTGGCCAAGACCGCAAATTTGATACATCATTGGATCACAAGGAGTGGTTCTAGAATCGAAATATGGTGTGACATACTCAGTGGGCGATTGGGAGTAATCATCTCCCATGCTGATTCGATGTAAAGAAACTTGCTGATTCCAGTTTAGACCCAACGCGCCCCGGACCACTGATACGCCAATGAGAGCAAGTGGAGACTTGTCAGTGCACCTCTCAAGTACGACCTTGCCCTGAACTAGACCATTTAGTCTCCTGTTCGCCCGTGCACGGCGACAGTTTTATAACTTGCGGCGGGATGGGAGTCTGTCCAGCTGGGGGGGAAAAGGTGATTTCGTGCATCCTGCAAGTCCGTGGGATGTGGGCTTAAGCGGACGTCGGACCTATGAAATCCCCTGCTTACGGTATAACGTGCTTCTACTTCGTATCGTCTCAAAGATGGCTGGACGGATTGTCAACGGTGTTAGGTTGAAACACGGCACAACTGGTGTTGTCGACTCTATGTGATAGTGTCCAGGGCCTGAGTGAAGA,1759,51.34,Saccharomyces cerevisiae
SEQ_291698,CTATACTGCAGCTAGCCAGGACACAGGCAACTTTCAAGTTACCGGGCGCAGACTGTCAATCGAAAGCCACCTTCTTCTTAACGTAAAGACCCTGTCCGTTGCTGCTTCATCTGGCTGTCCGCATCAGTCTCATGGTAACTTAAAGGGGGAGCGTAATTGCATGCCCTGGATACCGCGTGATGGTTGGGATACCGACCATGTATTATAATTATTGGTGAGCTGATAAGGACGACACTGGAACATGGCAGATAGACGCTTAGGCCTTACTCACGCTGGGATGATCGGGCTTGTCCAAGAAACGGTCCACAATGTAACATACCATCCAACAACGGGCATAGCTAATGACCAGGAAGTCCAATTTTATCATAGAGCGGGGTTGATGCAATAATTTAATCAAACGAATTCCAGGTCTATAAGCAGTGCAACCTCAATCAGACTACGTCGGTGGAGGCGCCTCCGCTGGGCATGCGACCTGCGCCATGCATCGCACCCAATGCCGTTAGATCAAAACCTAACGCTCCGGCATTATAATTCGGGTGTAGCCACTCATCTTAAGTTAACTCCGGCAGTCCTTCTATACAGAATGTTTCCGTGACAGGCCCTCAACAAGGAAGAAGGCACCATGACCGATCGCTCAGGCCATTTGCACGTTAGCTTAGACCTAGATCGGATCGACATTAATAGGTTTTATGTTAACGTGTGTTACCTCCAACCAATACACCGTGGATAATATTATCAAATGCGCTTA,748,47.99,Arabidopsis thaliana
SEQ_721675,TAATTCATAGAAAGAATACGCTGAAAAAACTGTCATTTGTTAATAGGCCCGTGGAGCGTATACTAATATTCAAGTCGGATCTTCTGGGCAGAAAATTTTCTAGAAACGCGCGAGCCAGGACCGTCTATTCACCGGGTGCTTGCCCGCTAATCTTGCGATAGACCTAGTGGGGAACCGTTGTGGCGAGAGCAACAGATGGTTCGACGTGGAAATTTCCAGAACAATCATGGCCCCGTGAATTACCGCAACTGTCGGCACTTGAGGGTGAAAGAACACCGAATCCTCGGCCTCGTCTTTTACAGTTGGGAGGTACCGGTCTTCTCATTTCTGTAGACTTTAAGGATGTTGGGCGTTAGCCTCGCGGAAATCATTGTTCTTAGAATCGGGGGGCGAAGGAGGTCAAAGATCTCGCTATCCACCCACCTTCTCGTTGCTCAGAGTCTGCTCTTCCGGGGGTTCTAGATACTACCTTACGCCGAGAATGCCTATCAGCTAGTGGTGCAGCCCAGAAATTACTTACTGTGCAACAGCACTTGGCATTCGAACACCCTGACTACTCCCGGCATAATTCTTGGGCTCCCACTGATGGTCTCGTCTGAAGCCCATAATATTTGTTTTACTGTGTTACACGGATCTGGCTCGCGGCACTTAGATAGTCCTTGCCGCTTGACGGCACAATTTGCGGTGAGCAAGGATAGGCACGCGAGTGGTTCTCAAGAGGTAGCTGGACATTCAGCCTAAACCCAACACCATAATATCCTAGAAAGTTCAGTACATACTCAGGTTTCGGGGATATTGCGGGCGTAGAGCTGGTCCCCCACATTCGTCATCGCACCTGTAATAAGAGGATATGTATCTGCATTCCTGGACTATCAGTGAGGATAGTCTGCCCAACAATACGGAGAAGGCTTGTGAAGTTTACAACTGTCTCAGATCCACTGTTATGAGGGTGGAACGGACCAAGTCCAGGAACTCCAAGAAACTAGTCTTAAACGCTTCCCGACCAAGTGTGGAGAGCGTGCGTTCATTCAGAATGACTGTGATTCTTGCCCTTTACCCGATTTTCCCCATCAGCGCGACTGTTGGCGATCTGCATGTGTTACAGAAGTGAATCCTTTGCTCGCCGCTGTCATAGCGGTGAGACCGCGTAAGCTCTACTACTCTAGGAGACCTACGATCAGCATACGCATGATTAAGTATCTATTGCACACTATAAGTAGCATTTAAAATCCAGGGGGTCCGCACTAGAGTCTGGCCACGGGTGTGGTAGTATCTCGGGCGTGTGTTACTAGGTAGTAAGAGAGTACATCTGAAGGGGTGACCGTCGATCTAGGCCTTTAGGGTACGCAAATCGGTGTGGTGGCGAACAGTAATGGTCATCCCAATATATCCGTCTCCTAATCGGCATATCATCTGACCAATTTAGCGTAGACGCGCGTAATTTTGCTGTTCTCTTTCTATATCCAGAAATTAGGAGGGGTTTTCTGCGGCTGCAGACCCATTG,1504,48.87,Escherichia coli
SEQ_706204,AACTCCAGTGTGCTATGAACCCCAGGTCCTGGACGTGTAGAATATTTACCAATCACGACGGACCGAACGCGCAACGATACCGTGCCTTATGCGCGACCGATCGCGATAGACTGAGAGAAGTGAACAAGCACAGCATCTCCGGGGCGGACCGAAATGGGACGGTTTCGCACACTCAGCCG,179,55.87,Caenorhabditis elegans
SEQ_219117,TAGATACACTTATATTTGCCACCAATGAACTGTTTAGTAGCATAGTTCGAGTCGTATCTGGGTTTCAACGCTCAGGATTGCTGACGAGTCCATGGTCAATGGCGGCTACTTCCAAGTGCGGCACTTAACGCGCGACTAATAAGTCCTTCGAAGGCTTATTACGCACTGTACGTTGGGCCGCTACCTGATAATGTTGCGCAAGATTAGCAAGCAGATGATCGATTAGTGACCGGTATAAGGAGTTGGACATCCTATTACCGCCGAGACCTGTTATCCTGTACTATAGGCGCAGTATCCGTCGCCCGTATAAAGAGGAATCCCCATTCGGTTGTACGGAAACCCGAGGCCTGTGTAACCACATTAGATGAGGCCGCCGTCCTAGGGTCATCGTCTCTGTGTTTCGCCCTAAGTACATGAATATTGATCTCGATTGGAGACGTTTGGCCTTAGTGTTTGGCTAGTAGTGCAGACTAGGGGTTAAAGGCTGGATTCAAATACGTGCTAGTCCGCGTCTGATCCTGCCGAACTAGAAGTGGCGGTGATCGGTGACAGAAGGGAGGCGACACTCACTTTTGGCCAAAGAGAATACTGGCCATTTCTCGCTTCCATAACTTTACGAGTCGGGTGCATAGAGTGAGGGAGCATGCAGACCTTAACACATCAAGAGAAGGCTCAGGTGACTCACGACTAAGTTCAACCCAGGCAGATCAGCCACAGACCGTGGTTTTCTGTTTTCACGGCCTCACTAAGCAATTTCACCAAATAACTGGTACTCTATAGGAAGGCACGTTACGCATTCGTTATCGGATCTGTCTGCTACAGTTGCCTTGGCGGCTGCGACAAGTCTCAAACTTTCCTCTTATGCAGACATCGGTATGCGGCGGATAGTCGTAAAAGAGATTATAGTTTCAAGAGTCATGACACAGTTGTTATCATCGGTGAGTCTCGCATAGGCGACATCCCCAACATAACATTGCGGCTAGTCCGGTGGATAGGAATAACGGCGACAAATAATTGACTTCGACTTACACTCCGGTATATAGGGTCGACTTACGGTCCTTTACTCGGGGTATTCTGCTCGAGCAGCCGTACTCCAGCCGTCTTCCTTTCGTGGCTGCATGGTAGCTAGGTCGGCCAACACATTCCTAGTGCTCAAGAGGGATTACTAGCATCAATGGGGTGAAGTGCACGTTCAGATATCCAGAGAAGGGACTCCTTGTTGTGCTATTCTTTATGCCTGACACTAACAGTGGTTACCGACGAGCGCATCGCCCTTTCACGTACGTCGTTTCCCAGAGTAGTTGCAAACGACCGGGGATCAAAGAACGGTTACTAAAAGTGATTCATTAGCGATCCCCCTGGCAGATCTGCATTGATCAGTTGAACGATTGGGGCAAACCCCTCCCTTATCATGTCATGGCTAGAAACGACACATCTCTTTACTAATGGGCTCGGTAACACGCGAGTATGCCGACGGTCCATCGTGTCTGCATTCGGAGCTCATGAATCACGAGTTATATTCTACCTCCTGGTATTACGTACACCGATCAGGTCCTCGAATGTCCGTTAAGGTGGCAGCTCTTCGATCGTTCCAATGACGAGAGCACTTGACAACAGACCGCCAGAGTCTATTATATGGTAAAACACACAAACCTTACTTATAGTTGGAA,1670,48.56,Escherichia coli
SEQ_969774,TCATACAAATTTTCTTCAAGTTAGACATCTCGGGACCACTTAACTATTCGGCTGTAGTATCAACGTCGACATATATGGCAAACATCAAGTATGTACTCATGCACGTTGAACGCGGCCGTTCGGACCCATCTACGTGTACTCCGAGATTGACACTGGGTATGCAAAGCAGTCTTTGACTCGAAGATGGAACATTTAAGCTCTCACCTGGGAAAGGATGCCCATGAGTTAATTCCGTCAATATGCTATACGGCCTCGGCCCCCGGGACTTCCCTACCTTACAGCATCGGACTCTAGCCGTGTCATCTGGGACAGAACCGACTCTACAGCTGCAAGTGGCTATTCACGAATACACTTCCCGGCGGGAACGCCCCTGGACGATGCGAGGTGACCCAAAATATAGCGTACTGGACATATCTTGAAGATTTCAACTGCCTGTAGCGTATCCTCCTAGTGA,454,48.9,Mus musculus
SEQ_779130,GCCGCTTGTCACGAGTCGCGGTTTCCGAGCCAAGGGTGTTCGGCAGACACACCATGCACACAATCAGTACGCAGCTGCGCTAATCACATGGCAATCTGTATGGGTCGGGCTTGGTGTTTCGAGAAATTAACCGAACCGTGATAAGCAACTAGTTTTAGAGCCGAGGCTGCCTTAACGGTATATAAGGGCACGTATCGAAGCTTCGGTTTCTAATCTGCCTTCCCGGCCTCTTAAATCCGCGCTCGCGCAAACACAGCACTTTTTCTATACACGGTTGCATAGTCGCGATCCAGTGGGTCAAGTACGCACTCGTCCACTAAGCGACTCAAATATTACCGTATCAGAGACCAATAGTGAGGAGCGACGATCGCCCGTATCAACTCTCCGGGTTAGTAATTGACGAGCCAGTTTCGAGTGAATTACTTACAAAGCTTCTGAATTCCCAAAGAAAGACCAGGCATGAGGGTAGCCTTCCCCGTGCCGTGGACTCTTTCCCAACCGCCTAGGTTTGTTGAGCTGGTGTAGCCCTTCTTGAGAAGATGCGGAGTCCGACAAAGTCCTGTCGGCCCCGTTGCACATGGGACGTCGTTGGTAGGTGCGCCCAGTTTTTAGCGTACCTTTCCTATAAACCGTGGACCTTCCATAGATTAGATGATTCATTATCCCTAGTTGTCAGCCCCTAGGTAACCGGACTCGCGCTTCGATGTGGCGAGACTAATCTCGAGTAACGCACTTCAGGCCACCTAGGAGCAGGCTTTCCGTAGCGAGCCCACTAGGGGAAAGTTCGAGTTCAATAGTTAAAAGCATGATGATAAGGGCGTCGGTCGGGATAGGTCGAAAACTAGTTGCAGGACAAGAGGTGCCAACCGAGTGATATAAAATCCGCGAATATCTGCATCGCAGTCAGGGCCGGGGAAGTAAGGCGCTCAGACCACACCACCCCAGCTCCGACCGCAACCGTCGTAATGGCGTGACGCGACGGTTATTGGTTAACCTATGTAACACCGTCGTGTTATTATGTCGCGCTAGCGACAAATAATCATTCTGCTGGTTCGCAATCGTGCGGTCAACGTTCGCCGTTTCGGCAAGTAAACTGGTCGACAATGGGGAAAAGGTCGGACAGTCATCG,1129,51.82,Caenorhabditis elegans
SEQ_540286,GATCAAAAACTTACCCGGGACCCAGATGTGCCGGGGTCCGTTACGCGATGTCTCACAACGTGAAGCCGCGCCGGTTTTTAGATCCCAGGGCCCCGACCCATGATCAGCTACCGCAGTTGTTTTGCAGGCTAAAATTAGTTCACGTTCTTGGAACATGGAAGTCAAGGAGCATTAGGAGTACTACTGAGGTGTTGTATATGCTAGCTGTCATGGCTTATGCCTCTTATTCCGACAATACCGGGCTCAGCGTAAAAGTGGAAATTCGAACAGCGTGCACGTTTCGCCGGTTTCCCCTTTACCCTATCTTCGCCGGTAGCACTGCTACATTAAGTTAAATTTAGCGCCAGAAGCCTAATACCCTGCATTCTGCTTTAAACGGTGTTTTTTTATGGCGGTCACGTTCAGTTCCTAGACAACTTAAGTAACGAAAAAAGCTAGATCGTAAACCTTAAACTAAGGCGCACAAGTTCTGCGCAACCAACTC,484,47.73,Homo sapiens
SEQ_580860,TCTCACCCGTTTGTCGTAGATAGCCAATGCGAGCACAGCCGCCGACGCAGAATCATCCTGGGCGCCCCATAACTCGAATCGATCAAATCAAGAAGTCTATGAACACTTAAATGTCTTTTATTGGGCTATTGATCTGCCAGATGTATTCATCCAGGCTGAATGATACTGTAAAAGAACTCGCGCAATATATGCCCAACAGGTCGATGTAATTAGTCTAAACCCACGTCAACATTATGTGGGCGTACATTAAGGACCTGAAGGCGCACCTTATCGGCTACATGCCGGCCAGAGCGAGGGCGTACCCGACTAAGAGGGAGCGTCCTGACCCTTTTAGTTCCGATTTTCTGAGTGCTATCCATCTAATCGCTCATCGGGACCGGATTAGCCTTGAATCATGTTACTCGGAGTCGACGTTCCTGCATATACCAGCTCTCCCTCTGAGTTCTTGACTTCACCGTGTTAGTCAGGAGTCGCGTCCGACTTCTATAGAGGTTACACGGGAGTTGTAAAGTGCAGGGAGTACCTTGAGAAAGTGCCTAAGCGTCATTAAACGGAGGTACTGTGCGGACCATACTAGCCCTCACAACGGGTTGCGCTACGTTCATCGAGCTCCCAAGAGTACCAGGTGCCCCCGGACAGCGGTTACTTATTATCAAGGAGGTTTGCATTGCCCCGTGCACTGTCAGAAGAAGCTTACGGCAACCAAACGAATGCTGCGTCACATCGCAGCAAAGCGGACCTGCACTAACCGCTCAGCCAGTTTAATGGTGGCATTTACGTTAAGACTGGGTTTGGACGTGGTCCGGTAACTCCTCTATTCGTAGCGCGGTTATTTTCCAACGCCACGCCCGTCACACTATTGCGTCTTTGTAGGTATTGCTAGTTGTCAGTCTCTTGCGAAAGTGTCACCAAAGCGCCTAACGTGGCACTCAGAGGGAGTCCCAGCAGACTCAACTACGCGTGCCCCCTGATCGTATGCTGTGCGGGGGTACGCTGCCTCTGCCCTCCGGGCGCGTTGAGGTGGAGTTGAGACTAACAGCAGCGAGTCTTTATCTTTCTGGATTGTAATCCATAACGTATATAGCAGTCACATGAAGCCACACTGGATGAAATCATCGTGGCAGTCACCAAATGATCACCTGCTAGCAAACACAGGAACACTAATGCTAAACTGTAAGACTTTTCTTGCCGAATCGGGAAATTCCAGGTTTACGCATGGTGAGCGGTTACAACCTACCGCAGGTGTATTTAGACGGGTACGCACTTGTAATCTTGGAGACTTTGGAACATCATGGAAGGAAAGCGCGCACATGAGCACCCTGGGCTTTGACTCCAACGTCGCTCGCCTACCCAAACACCGGGACGTAGTTATTTCAAGATTTGGTACATCCTTCACGGGTAGGGTCAATCGATGCAACGGATAAAAGGCGGTCCCTGTTACCCAGAGACAATCCTCATTTTGAG,1464,50.34,Drosophila melanogaster
SEQ_836961,TGTCTACCCTATTTGTGGCTCACACCTATGACGCTTAATGACAGCTGCTCGAGGGTCGGGAAGGGTGCCCCAGACAAATTCACGGAGCGTTACTCGTGGCGTCAGCGATGCTGCACAGCGGGTAGGTCAAGTTGACGCTCCCGCATATAAAGCTCTGGCCCTTGTGGCCCGTTCACACACAGTCCTATTTGTCCTCGGGGAAGCGAGGCGGCGTTCAGGAATTCGCACGCAATATCAGCGAGACAATTTCTTCTAATGTACTAATGAACGGAAAGTAGTGGCAATCGTTTATGGTCCTCGATTCAAAAACTTAGTTACCCTCTCTTGACCTGAAGCCATATTTGCCGCAATGGTGCTCAGATGTAATGGGCATAAGGAGGCCTCCGATCTCGAGGGCTGGTGAGGATTAGCAAATGCAGATTCCACAAATGGATAACTTGCTACCGGCACGTAGTGAACGACGCCTGGTCGTATTACATGCCCGGGAGTTCTTGGTCCGAGCACCGCGGTAGGATGAGTACCCAGGTAGCACCAGGCGACTGAGATACATATCGCTGTTACTACCTGGCGTGTTTGCAATGGTTACAGATAGATACCCCGATGCTTTAATGAGGCAGTAGTCCATCTGATGATTCTACGACAACAGCGCATACGCCAATGTCTCTTATTAGGGCAGAGAATCCGTGTCAAGATTACCTTCGGCGAAGTTCTCGAAAAGCGGTAGAACACTAGGTTGGTAGGGCTGAGACCCTAAAGTGTTGCAACTCGCCCTTAGATGCCAACCAAGGTAACCTCGGGATTAGGCTGATTAGTCGCTTAGTGAAACACGAGATGACTAGGGTCCGGCATTGGATCCGTACCCTTGGTCTTATGTTGTAGAAAAAAATTCACTTCGTGACGGGATCCGGGGGCCATGAAGGCATTCTAAAGGCCACCGGTCTTCTACGACCAAAGATTTACACTATGTGTGTGTTGGATGTCAATCGCCATCGCGCATGGCTCCCCGGCTCTAGTCCATAATTTATACAGCACCGCGACGCCCGAGTGCAGTGAGCTATTTTTACGCTTCAACGTTGTTCAGAACGAGACAGCAAATGGGGGCTTTGGCCTCCGCCTATAAGAAAGTCAATACCAGTCACCTTTGCCCATAATCCCTGCGTGATAATTTGTTTGCTGCCATAATTGTGGACACGTGCACGGTATCGGCTATGGATCGTGTGGGTGGGACTCAACGAATACCGCCAGTACGCCTCGGTAGCCTTCCACCACGCGTGGCGGTAAGTCTGTCCTCGTAGGAGTACGAAGATTCTCGCGCCGAAGTGCTTACAACGATATAACCACCTCTAATAACCTAGAAAGCACCGGGAAGGTAGCAGTGGCGATAGTACGACGCCCGCTTGACTTCAAGGGTTGCCCACGTGGATCCATTGAAACCCACCTAGTGACTGAACCAGACAAAATACTCCGCTTATAGAGATATGCAGGTTCTGCGCGTCGTAGATCAGGGATCGAAAGTGACAGGGGGGAGCCATATACGTAGTTGTTGCTTAGTCTCAAATTCACGGATACTATACTCTAACGGATCTCGTCTAAGCTAGTAGCCACACCATTATCCGTACACTTGGATATCTTGGAGCGAGCAGCTTGCCGCCGTAGATCTGATGGGGACCCCTCCCGCGAAGGATTCCACCGTCAGAGACGTTTAAGACGCCTTTATGAATGACTATCAGGGATCGAAATGACGAGCTACAGTTGACCCCTTCCTTAAAGACAGTTGCCACCGCAATTCGCACGCTCTTTCATATCTTTGTGAGGCCCCGAATAAGTCCGGTCCGCGG,1838,50.76,Homo sapiens
SEQ_524666,ACTTGCGGTCGAAATCTTGAGTCGCACGGTTCGTATTTTTTGCGCCCGCGAACACAGTGCACCAACACAACTCGATGTACGCAAAATTAGCACGCAGTTTCTGATACGCCCTGCCTGAGTTAGGTACGGTGGCGAGATTCGCCGGCTGTATCAGCTGGGTCGCCGGAAGGAGGCCAAACGTGAAGATGAAGCAGCCCGATTTCCCTCATCGGCTTAAACCTAAGGAGATAGAAAACATGGAAATTGTATCCATAAAAGCATCGCAGATCACCGGTGTCAAACTCGTAATCCACGGGGCTTGAGCTCGTGCCATGTCTGAC,320,51.56,Saccharomyces cerevisiae
SEQ_814529,AGGGGTAGCCTGCTGTGATAGGTCGTGACTATTTTTATACCACAGCGGTCATATTAGTCAAAGCAGGCGCTTCGTCGATACCAACCGGGCCCTGGCACAAGGAGGCGTATTCTCTGATAAAGTTGCGCGTTCGTGGTACCTTCACCCGGGGCAAGCTAGGCCAGTGCACAGTGACTCGATCTGTTCACGAACAACGGACTGAATTATATCCCCGGGTTCATTACCGAAGTGCTTTGCGCTAGGTACCTCACCTCCCTCTTTGCTGAAACAGGCGGGGCTCTCTAGGGTGGTCAATACCTTCCTTTGACCAGTTTGAGATCTTAGGGCGTTGAACTGTCGTGGTATAGCACGATTGCCCCCTTGGAACGTATTGACCTTTCATAATGCTAAGTCTCCTCTGGATGTAGTCTAATATTTAGGGGAGCCAATATAACGACCGCGAGAGGTCAATTATTAGATGAGCACGAGTTTTGAGACGCCACCCGCCCCACTTCATGTAACTCTAAAGGCATTTTTAAGGTAAGAACGGGAGACTAATTGCGAGGCCAGGCGGCGAGTGGAGTGAGGTACAATGAGGTGGAACAAGGCGAGACTCTTGCCAACGCAAGCATTTGCAGAAGTACCCCCTTCCTGAATCAAAATAGGCACACTTATCACGCGTCCTACGGTCTCAGTTTCAGCATTATGGGGCTCGTCTACGAGTCTTAGCTATGAGGGATAATCACACAATACGGCACACCCATGAGTTCCATCCTCGGATGAGATGAGGGGCGAAAACGCCAGTGTGAATGCTCATGCGGTGCAGTGGTTGTGTGGAAGGGCCTGAAGTATTTGAAGTATCAGGACCAATGTCGTCCTGCTGCGATGGTTCACCACGGCGATTGTCGGACGCCGGTCGCTCGTGCCTTCATTTCCTCAACCACCCAAGTCTACGCGTCTACCTAACCGTAGGCGATAATTCCTATCATCCAATAGCTTACTCGTACCTAGCGGACAGTACTTTCAGTCGGCCACCACCAAAGATGTCCGCTATGCGCGAGCTTCATCTGCTTGGAACCCCGTATCACCGCAGCATAGTTTCTAGGAACGTAAGAAGTGTGTCCTTTCATCTAATGTATGGAAACAAAAAAAGCGAATATATCTATTTCGTTTGGCATACCGTCACCCGGTGGGTCTTCAGACTTCAACGACACGTAACGTGATGAGCTACGGTCCACACCCGGATATCTCCATTTGTTTGATGCTCACTAATATAGGTACCATAAGTTATCAGCATTGCTATTCGGTAAAAAATTGACCAACCCAGCCGGTTGTGGATCTACAATCCATCCTAATAGGCGAATACCTGGTGTTGTCTCCACTTTAACAAGCCTAATGCATTTTTCCGTGGACTCACCGGACCGTAAGAACCCCCTGCGAAGTCACATCATGCGAGTGGATATCTTCTAGTTATGCGTTTATTGCCCAATTCGGAACTTTGCAGAATCGTGGCCAACCCCTACCGCAGGGCATACATAGTCACGACACACATGCGAGCTAAAAAACAA,1547,49.19,Saccharomyces cerevisiae
SEQ_601714,ATCAAATCGAGGTAAGTGACACGTCGGACAATTCGTCCCCGTCGTCAGCCCTAGGCCTTGAACGACGGCTTATAGTCGTGGTGACGTCCACAGCCAATCCATTAGCGTGTGCTCTTATCGCTCGCTATTCCCCGACGAGACCTCCGAGAACCTGAGTCAACGGATCCTACCCAGATCTTGTATGGGGTGGTAGTAGAAGCTAGCTGGCCGTTAAGGAGAACTAGTGAGCAACAACACCTACGTAACACTGTATGTTTCTTACCTAGTCAGCCCAACATATCCTTACACGATCGGGCTTGTACCATAAAGGCCTTCCCACAGCCGGCGGCAAGTGGTTGTCTTGGGTGTGTACACCGGATGCCACCGTCGTCTAGCAGGCAGAAAAGGAGTTGCACAGTGCTGCGCAGCAGTAAAAGCTCGTTGAGTGCTACGCGGCTTTTCCATACCTATGGCACTCTCGCTGTGGGCTGTCTCGACTGAGTCCGGCCCTACAACTCTGTCCGCCTGTTATGGAGTGCTCTCAACGGGGATGCTGGAAGGATCTTATTAACGCCAGCCGTAAGATGGCTCAATGCAACGTGCACCAGGCCAAAGAGGCCATAGTGTCAACGCAAGGTCTCCACTGATCGGCGCCGGACGGGCACGGGACTGGTAATACTACCCCCTTCCCTGGAGTATGGACGTTCGGCAGGTATGATCAGAAGCAAGGCCGAAACACTGGTCACTAAGGTAAGCCATACGTGCGAGATGCGGCTCAGCGGTTGCGCATATAGATCCACCATTTCTGAACTGCTAGTAAGGCCGTATCGCGTTTCGGCTAACAATGTGTAACCTCGGAGCGTATGAGCGAATAAAGCTTGGTCGTTCTCGCCTTCAAGTCAGTAGTCTACGTACAGTGTACATTACTGACCTCCATACCCCCTCAAGGCTGAACGTTGTGCCGAGCGTAGATAAAGTGTGTCTCTACTTAGCCATTGGCGAAGAATCGCTTCCCCGAGGCAATAGACGCGATTTAGCAATACAATGTGCCTGATCTGTCCAAGGATATCACCTCCCACGAAGTCGAAACCTGTTAACGTGCAGGGGTCGGTCGAAACTATGACTGCTCCGCATCCTACGTATGAGTCACCAACACGTCAGTGCTTAGATCAATCGCGGGGAACTCAAAAATGCTAGACCGTTATCAAAGTGGTATTACCGATTTTGCCCGTCTGGGGTCTAGCTTGCCAGGGAGTAGCGTTCGCAGAAAGTCGTTGACTTTAAGAATTAAACTCGGTCTATAAGCTAGCGCTCGAAATGAACACCCC,1307,52.1,Arabidopsis thaliana
SEQ_749951,ACAGGAAGACCCGTGCCGGTTCCAAGGATTTATCCTATTGTGGCGGGCTTGGCCGACTCCGGTCGCCGGCAAACTGTGTCTATTATTGAGCCTCTCTCTCGGTACTATAGGTAGGAAATATCCTCTGCACTAGAATCGACATATACTCTAGTGCCAGTTCAGACGATCAATTGGGAGCGCCGCGGGTCTCAGACAGATAGCTTGCAGGTGGTAGCCTTCTCCACATTTCCGCACACACGCATTGGCAGGGGCGTTAGAGGCATTGGGACGTGTTAGGGGTGACAAAATACCTTCACTCTGATTCCACACTTACGTGCTTAGCTCCGTTTGAGTACGATCTTTGGCCTTGTTTCATCGATCCCGTGCCCTAGGAAGACCCCTTAGATTTCAATAGCGCACCGCAAGTGGCCCCTATTTTATGCGGCATTCATACCCGCTATGTCAAATGACTCGTAGTGCGGCAACCCCATATGCTTCTTACTGTGATATCCTAGACTGGAAACGACAGGGCCCTGGACCAAATCTCAGATGGGGCTATGTCCCCCAATAGTAATTATTGGGGGGCTATGGTCAGGGTTCCACCCGACTAGACTGTCTATTATATCTTCGAACGTCTGGCGTAATCCGCGCGTGTACCTGTAAGTTTCCCAATTATAGGGGATGAGACTGCCTTCTTTGGCTGGTCATGGGCACATCGGCATACTTTTCCAAGGA,714,50.84,Mus musculus
SEQ_445193,TGGCCGCACGACGCCCTGTATTACTGGCGGACGCTGAGTTCAGGAGGCCCCGCCTCACTTTTTTATTTCATACCTCCAAATATCGGCCTAGACTCGGAATCGTCAACCAGACGCACCTTCACGGAGAAATGGCTCACGTCACCGCACATTGATTCACTAGGGTCGTAGGATCACGAAGTTTAGATAGATGTGGTATACGTCTGCGTTCGGTACACTCATCATCAGGTGCCCCCATAAGAAAAGCCCTCACCAATTAGCATATATATGTTCATATTGGCGGGCGACTCTTCGATTCAGCACCGCCTTACGAAGTTGGTTATGTTCATCAGGGCCTTTTATTACTCGATCAAACGCATAATGAACGGAAGCAACAACATGGCAGAGTCTATAGGGGACGATGCTGTGTATGGTGGGTGCAACCGAGGCTGCGGGATCGTAGGACTGGCAGTGCTTTGCGATAGCACATTTACGGGCAACCCTCATAGGTTTACGTTTACGCTCTAATCTGTGTGTAAGACCTTGGCTCGTAGTTACCGCATTGCTTCTAGAATGAGGTGCCGATAGGGACTGGCTTGCCTACGTCTGCACTACAGCTCACCAAGTATATGCACATACAAGATTGGAGGGGCAGGCGAACCCGATCGCTATCCGTGGTGAGTGATCAAGAGATAGGACTTATTTCAAGGACGTAGGGTCGCTGGGGAGTGGTCCGATAAATTTATGCTCGGGGGCGTTCGAACACACCATCTGACGATCAGCGCTGAAGGCGGTACGCCAAGGAGGCCTGCTGCGGACAGCTAAAGGGGGGGCTCCTAAGCTTAGATTCCTATGTTGTTTACGTTGTGATTCGCGGATACTACTACTCACCTTGAGCGCCGGCCAGTAATATGGTTCGTTTTCGCCACCTAACATTCGTCTGCATGCTCAGGTACGGACGGCTGAGGTGGTATACGTAAGAGAGATATTGAGAAGGGGCAATCTATATGTCACGACTTCCCTATAAAGGATCGACTCCTCTAATTAACTAAGGTGAACAACGTTAACGCAGCGAAGTAACTCTCCTAAGGTCCAAAGTATGCATGAAGTGCTAGTTTGGCCCATTATTTTGAGAGAGACCGCATATACGTATGTTAACCCTATTGGCTAACGATTCTTTCCCGTACCAGTGCCAAATAGGCTGTATAGCCCTGTCCGTAGAGTTTCTGCTCTTACACAACCGTTTACTGACACATCAACTAGTATGTCTACCATGACTAGGAAGTACTGGACCACCATGTGCAGCGAAAGCGATGACCTCTCGTCTGGTGAGGCTTGATTAAAAAGCTAGGAGAACCGAAGTGTCCGCAGTGCCCGCAAAATTTCTACGTCTGCTAAGGCCTCGTGTCGAATAAACGTCTTTTTTAAAAAGGTCTAGCGAGATGAAGATATGGAATCCTTTAGGTTGGCAAGGGTCGTCCCTAGCAGCCGTCTGCAACAGTTAAAGTCATGACTGCGGGACGAAACTAGGCGCGCTGTCACGTAAAGTCGGACGAATTAACCCGGTACGCTGCGGGAAAGATTGGACATTTATACGCCATTCAACTTTATAAACCGGACGAGGCTGGTACATATAACATTGTTCTTGGTTAACTTTATGTTCTGTTCTCAACGGGACCACGAATTTGGTTGCCATATCACGCCACAAGACCGTTCAACCCGAACCTCCAAGTCACCTTCCAACACGGGATGCGTGTGTTATTCTAACATAAGATTATTGGCGCCCGAGAAGAACTAAGCTGTTGC,1782,48.65,Escherichia coli
SEQ_142618,AGCTGTGAGATTTGTCGGCAAGCACTGTAATCGTTACCCCTTGACCACCCTTCTGATTCTAACGTAATGTTTCATATCGACGTGCTACATGCCGCAGGGTGAACGCACGCCGGGGATCCCCCACTTGCTTTGAGGCGGCCTTAAAATCAGGCAAGGTTCTCTTCTCGTGGTGTTGATCCCGGCAGGTCGTACTGAGACCTTCCTTCAGCTCGGGAGTTACGTGAGTATCGCGGCACTCGG,240,54.17,Escherichia coli
SEQ_442790,GGCCGCTCTTCTGGAGTGACTCAGCCGTGCTGAGGTGACGAAGCGTTTCCCCGTACATTTTAAATTATGCTCGAAACTTGATATCCCGCTCCGCTAAAACCGAGTAGATAACCTCTCCCGATCTCAAGAACTGGGCTTGGAACGGACGAGTGCCTTCACACCTCGACGGGATTAGCGGGATACAGCTGGTGCGCCCTTAGTTGTAGTCGCCGTGCGGAAGAGAGACCCTTCAAAGACAATCGATCGGTAGTTTTGTAGGGGGTGCCGAACGGAACTGACTCTGGCGATACTGTGTGTCGACATGCTAGACTCCCAGGTTACCACGGCAGCCGTGAAACGATAATGTATGTGATGAAGCGCTCTTGAATGTAGTGAGCAAATTCCCTGACTAACTGGCCGATCTGCACACGTCCAACAGAATGAATAGGTTGGTGCACGCATATCCCTTGGCAAAAAGCCTATGATTGTGTTGTCTAGGTATCCCGCACGGTCGCTCGGGAAGGTTTACAACTAAGAGCTTGCCAAATCCGCGACTACGGAGCCAAGAATCAGAAGGATCGACCTTTGGCTTTAAGCTCAATTACCTGCTGAACAGCAGGTTATGCCGATTCATAGGCGCACGGTGCAATCTATGTTAAGGCCTTCCGAATACCGAATGCGACCCTGATACCGCCAATCTAGTTCCAAACGGGATTCCTCAATAATTAAGCCGATATCCCTAGGATTAAGTAGGCGGAGCACCCTGCTGGCTGGAGGCACACCTTTAATCACCCCCTAAAACATGAGGCTAGTGACTTGCAGGTCAAACAGGGGGTAGCCGACTGGTAGACAAGGAGCAGATAATCCTGCAAGGTATGGGACGGGCGCGGAACTTGTAACATGTTCCCAGAACGGCTAAAATAAGTTAGTATCTGGGCCCGGCCATCTCACGTAGCCGTCTCTTGAGAGTGAATGCTTCTTTTTCAAGTGCGGCGCTACGTATTGACGCGTTAACAACAAATTTGGATAGCCCCCACGACAAAGATGACGCGTCATCCTTGTTATATTCCGCCACACTGAGAGTCTCAATAGGGTCCCTTTTACGCAAAAAGCGCGGTCCGTCCGGCTCTCCTACCCATTGATCTTTAGGAACGAACTATTTAGAAACTTTACACTGAGAGAGCGGAACCACCATCCGGGGAACATATACGCTTATTGGTAGACGTTGGGGTGAAGGTTTGTCAAGATACAAATTGTTCATCCCTCCGCTGTCTTTAGCGGTCTTGAAATCGGAAGCGAGGATCAGTTCATGTTAATCAGCCATCCGCTCGGGTCCATGTGTCGAAAGCTCGGGGCAACTACTATTAAAGTCGGAGTCGACCCCTTAGGTGACATACGATGTCTCTTAAGCTTACAGTAGCGCCAGAGATAGGTCATGCTAGCGTACCCTTTACTCCCCCCTAGCGACTCCGAATACCTATCTCAGACATACTGGAGACGGTGGTGGGCTTCGAGAAGAACGTGTATAATACCTTTAGGCAGGAGTGCGTTTCGCGCAGCGCTAAACCTCAATTGCGGCCCGTACAAGTGGACTGTCGGTAATCAATATCTTCAATTACTATCTGAGTATTTACCGCGCTCTGTTGAGGACTCTTCTTTCCACGCTGAGATGGTTCCTCCTGATATCCTCTCCAGTCAGCGTATGTTCGTATAGTTCTACCCTACCGCT,1708,50.0,Mus musculus
SEQ_584458,CGTCCTACTTATGTTAATAGGGGTGTGGCCCAGGACGCAGACAAAAGTCGGTTGACCTCCATGCCAGGTGTTGCTATGCCAGACAGTGAGGTCCCAATCACAATCTACACACGCACCAGTAAACATTACGTAATCTCCTTGCGAACCAAGTTGCCTTTCGGCTTTAGAAGGGCTGCATACCTCTGGCATATAGGGATAGGGCGGCCCTGAGAATAAACCTGGCGCCTCATTAGTCACAGTTAGAGCTGTTGTGGAAAGGGGGCCTCAACGTATGGTGCGAACCCGGTGGCTTATAGAATCCGTCACTAATGGGCAACCCTTCATTGTCGGACTACCAGCGTGGTAAGCGCAAAGTCGGCAAGTTCCTAGTACATTTCGTCTTACACTGTGTTAGTATGCGGCTTTACCAGTTGATCGGTGGTAGAATATCAAAGTATTGAGTGGTATCAGGGACGGTGCCGGCACAAAATACTATGGCGCCTCTTTGCCATGTTAGGTTTTACCCAACCGGATGCTCCAGGGGCTGACGTGGATGCAGCAAAACAGTCCTGAAGTTCGCGTCGACACCTTGTGTGTGACCCAGAACTGAGAAAGGAACACAGCATGTCCCAACACAGACGCAAGTGGTGTGATATGTTGGGGTTGATCTTATGGAAATGTCATACGTGCCTTTAGATTGGGATACCTGCTTGGTTTATTTTGCGGAGAACAGCTCCCTTCGTGGTTGCATAAGATGGTGCATGGTCGAAAAAGTATTAATTGCCTTAACACGTACTTGGTATCCGAGGTGCCCGTTCTACACTAAATTGGAGATGAGCTTAATTAATGGATACTTTTTAAGCTCCCCGTCTATCATCTTAGTACCTAAACACAAGACTGCCACAGTTCCCTTTCGGTGTCCCTCGCGCATCCATAAATGGTATGGCGATGCCTCGTATACTTGATTACACTAAGAGGGTTATCGGAGTCCTCGCTTATAGTACGGGTTCGATCTCAAAAATATGAGTCTATTCTTTTGCTTCGAGTAACCATTGTCCTGACGCGGTAGGTCTAGAGTTTCCACCCCAGATACAGCGACACGGACCCTACCCACATCGCAGAGCTTACCGATGATTTACGA,1120,48.21,Drosophila melanogaster
SEQ_908004,TTAGTCGTGCTCCGGAGGCAAAGCGTAGTTTAACCTGCAAGGAACCCCCCCTTGCTAGGAAGCCAAATTACATTGGGAAGAGGTTTAACCATCTCATTATACATAGTAACCTGCTCTAATTCAGTAACAGCAGTCTGTCAATACTTACCTGACGCCCTTAAAGCAACAGGGTTCGTCTCTAGCCCTGTAGCAACAACAATAACTCGGGATCCATCACTCCTTGGTGCGTCGAATTTCATCATTCAGCACTTAGAGACCCAAAATTCATGTCGCGCGACCACTGAAACGTAATAGGAAGTTACTCGGCGATGGGACAGGACCTGCCCCTTAGGATACGACTAAGGGGACTCTAAACTCCGTCTTCTCATGGAAACCAATAAGATCTGCACACGTCCTTGGAGCCTACTCTTGGTGTTAGTTGGGGGTCGACAGATTCCGCATAGAGAGGGGATGTCCGTCTGATGTCGAATGTGCTAGATAGTCTAGCGTTGCGTTGCCGTACAGTGTCCTAGATTAGACAGTATACTAACCGGACTGTATTTTGAAGTCTGGGCCAGCACGTCAAGCGTCGTAATAGGCATTCGCCCCCTGGACCTATAGCCTCCTAGTCGCTCCAATTCAACCGCTCGATTCTGAGATTTCCTGTCGGAGTCCGCTGTCTAGATTAAGAGGACCCTCTGTATACTGGGCGTTCACATGGCCTTTGTGTTACAGAACGTGTGGTTAAGAGAACATCTAGGAGGAACAGTCAACTGGTTGACCATG,765,48.63,Drosophila melanogaster
SEQ_762994,TAACTATCCTTTTTGCCTGGATGAGTCGTGAGCATTCCTTGTGAAGACGCAGATCGGCCCCAGCCGCGTCGAGTGGGATCCTCGCGGTCGAGCGTTATAAAAGAATCCACGACAAAACGAGGCCATCTGTTCTACGCTACCGGACTTATAGTGCATCCCAACTGAGTTCCCGCTGGTGGTTGCTTGCTTGCCGAAGTGTGGTGCAGTACACGGGCAGCAGATTGCATCAAGGTGCAAGAGAGGTACTATATAATGTGAGATGTCGATCTTACTCGTCTACGCCCTTTCTTATGTATCGTAAATGAGAGTCGACGAATTCGCGTCATGGGCCTTGCACAATATCTACTGTGGTTGTGCGTTAACGCACGCGAGAGGGCTTTAAGCGGGAAATGGCGTTCGACTAACAGTTACGCGCTGATGGTCATAGCAAGCAGGAGCCACCCATCTCGACGTTCCGTAAGGTCAAGATCCAACAATTTATAGGTGCACGGCCTCAACTCGATCCATTGCATACTTGATTGCCAGGAATTACCGAGTCGAAAGTACGCTCACGTGCTGGACCCAACCCCCTGGATTACCAGAGCTACAAGGCACTCAGGTACTCGCCGT,609,51.4,Drosophila melanogaster
SEQ_549399,AAAGCTTCGTAATCAACGCATGAACTGTAAGTGCTCACGCCGCACCGTTCACACCTTGTTAATATAATCTGAAAAGTGTAATGCGTGTAGTTCCCGCCTCTCACCTCGCACAAAACGGCTCCCCATGTTGTGTCCGCGTGCGATTATCTCGAGGGTTCGACCTCCTCGTCGGAGAGCCTGGTATCTGGGGAGGTGTTCACTGCGCTACTCGATCGGGTCCTACGTGCAGTATGTTTAATGATTGTTGGACTGTCTTCGAACTTAACCATACGCTTTATGCTTTCGGTGCTGCGTGACGGAACCGTCCGGGTAAGAATACAACCCATTCGTATTGGACTTTCAGACAATGCGTTAAGCGAACGATAACACATATGACTGGAAGACAGCTAAGGCCGTCTGTGTGGTCACACCCGGAAGCCGGCATTGGCACGATTGCTGCGGGTAGGGTAAACTCATCTCCAAACTCAATCTGTCAGTTGCGACCCGCCGCAGATGCAAAAGCGACGCTCTATAGCTTTCTCTGTAAAACCATATAGCTAGTATTCGCGATTGCCTTAGTGGAAGCCTGACACCAAGCAGGTAAGCCCAGCAGGTACATCGACATCCCAATTGTTGCTCTAATATGCCAGAATGCCAACTTCTTGCGCGAAACATTTATCGGAGTCATTTACTGACTTGATCGGTACTTGCGGTAGGTAGCTTCGAGAGTCTGAACCAGTAGACCCC,726,49.72,Homo sapiens
SEQ_640182,TACTATTTGGCGTTCCGATGGGTATGGGATGGTTAAGAAATAGGCGGTGGCTGTCCCGCGAAGAGATATACTACTGACCTGTGGTCATCCGTTGGAGGGGACATTTGTGCAAGTTAGTGATGGGCGGTCCACTTCCATTTGGAATGGCTAAAGACGGCCCTTCTATTGTATCCAATTAGAGATAGCAAGACAGACCATGCACTGCCAGTATCAGTTTTGCTGTGAGACAACCCGCAGGCCCAGCCCATTAACAATGCTAGTCTAGGAAGAGTAGTTGCGTAATGATATGGGGCAAACGAGCTCGGATTCTACATATGCTACAGAAGACGGCAAGTTGTACATTACCCAGGCTCGGCGGACGGTACGCGGTCGAACCCTTCGAAAGATGTAGTACGATGACCGATGTTGTTCTTTCCGCACGTCCAGAAGACGCCCTGACTGTGATTCAAGACGTATACTACAGCGGCGAGATTAGGTCTAGTTATCGCAGAACGGTAAAGGTAGCCGGGAGGCTTCCGTACGAGGCCGCTTTACCATATCATAATTCGGATCGGAGGGCAGTAAACAGACTAGTGCCAGAATCTCGCTAAAATGCGCACAGAACAAGCCTGGGAGTACTGTAGGATTCATCTATGGCGCCCATCGGGAAAGTAGCTAACAGCATCTCTAATAAATACATTGTATGAGCCGTTAGGGGCTAGTACCCAGAGAATCTCAGATCACGGACATCGTCTCGACTTCGTGAATGACCAATGGGCTATTGCTTGGATGGTCGGGTTCGACCCAGTTTGGGCGCCGCCATTACATGCGAAT,813,49.82,Saccharomyces cerevisiae
SEQ_547683,CGCATCCGGAGCGATTTCCCAGATGCCGACTCCGTGAGGCGATAAACTGACAGGTGTTTCTTGGTTCCCTTCTACAAGATAGTAACGGAGTATGGCCATGCTATTTCTCTGAGTTCCTCATCTTACCAAATTCACAACTGGTCGCCTGATGAGGCCCATCGTGCAGATCTAATCCGCCTCGTGATTCCGTCTATCATTACTATGATCCGTTACTTGAAAAGTCCCGACCTCCTCCGGGATTACACCCAGTCGCTACTTGTATGTAAATATCCGCTTGTATCTGGCGGATAGGCTTATGCGGTGACATGTAAGTAAGTGCAGGGGAAGCTTGATTGATGTTTTCCAGGACACGTATCTGAGAACCCAGTATGTTCCACGTTCCCGTGTGATCAAGTTACTTACAAATGGACAACCTACCCCGCCGGAAAAGGCTAGTTGTTACATACCGAGTCAGGAGAACATAGGCTATATTTATTCGTCCGTGGAGGCTCTAGACACGGAAAATTACTACGGGGGGTCATGAGGCGAAGGACGGCGGTTCCCGTGGTGCGCCAGCAAGGGTCTTATTCCTCAAAGTTGAAGTTAACGGCGGAGATGGGAACATCGTGGCAAAGTCCGATACGCTAGCCCCGTGCCAGTACCCCAATTCGTTGAGCCTCTGCGGGCGCGTTCCTTCAGGGGCACGGGTACGGTTTCACTGTGTCCTGTGGGTGCTAACTACTTGCATTGTAGGAGGTGAGGGAACGACTGCGATGTTCGTTCGCCCGCTCTGACAACTGATAGCGCCTAATTGCTATTGATCCTCGAAGCAACGCCCGAGCGCCCTTGATATTAAGTTACGGAAGAACCGTATGCAAAACATGATAGCAGCTGCCTGAGCGGGGGGACAAGACCCACGTAAAATCTGAGCTAGGACATCGATACATCTCGAATAAGACTTCGCTCTGCCCTACGCCCCGGTCACTATGAGAAATGTCCATGGACTTCTTAAAAAAATAATAGAATGTGCGCCACGGCATCTCGTATCATGGGCTTACACCCCAGTTAGAGACTACAAGATTGAACCCTGCTATAAAGGCCCCCGAGCAATGTGGGGTTGTCT,1102,50.54,Drosophila melanogaster
SEQ_525317,GATCTCTTCAGAGTTCATTGATTAGAATGCAAGATCCTTCACTTGGGCTATATAGCCGCCGAACGCCACGAGAGCGGAGGGCACCCTAAACATAAAGCACCTATTCACCGTGATTTGATAGGTTTGTTAGACCTAGGAAGTCTCGCATAGGGGATGATACGTAAAG,166,46.39,Arabidopsis thaliana
SEQ_750443,CAAAACATGCCATCGGTTTTTGCTGCTACCCAGACTTGCTGCAGCCAAACATGCTGTGGGCGCACTCATGTCCCATCTCACTCTCCATCGGAGATTCTATATTGAGGGAGACCTGAGTATCTCTATACTAGACCTTGAATATCAGATCTCTGATCACGTAACTAGCCCTAGTGTAGTTAGGGCGAAGAATCGAACAGCTATATACATGGATCTGACCTGGCGTACCTTATCACTCTAGATTGGGTAATGCCGGATGTGACTACTTGGTTGCACTCTAACATAAGCACTTATGCCGTAGGTTTCGTCGCCGTTGCGCGGATGTATTTGCTCTCTGCATAACTAATCCACATCTATCGAAAGTGCCTACCTTTAACCCTAACAGATCTAGAGAACCTGGGGTAGGCCGGAGAGACTCTATATTTGTACATAATCCTGCTATACGAAGAAATGAACGTAACTGTTCCGCAGGTGTGTCAGAAGGCATCGTCTAAAGTAGTGCTCTCGGCGTAGGCATTGCCCGGTCACTACGTGCCTTAACCCCAACCGGGGCCTCCTGTTAGGGTGTTCCGAACTGATACGCTGCAGCTCCTACACATCTCACCAACCTAGGCGTAGTCTCCGTCGCTCTCCCGTTGTGAATATCCGATCCGCAGCGTGATCTAGGTCCGACCTGCGCTAACTCTTGGACTTGTGCGTTGCATCACATCATGGAAAATATTTCCATGTTGTTTGCGCACCCTCTTATGCCATCCAAGACCACTGAGTAAAATTAAGGGGACTTGAGCACACCGAATGAGCTGGCATTCATTGTGTACACCCGTAAGACGAATTGTTGACCTATGCAGATTACTCTTAAGCAAGGTCGAGCGATTAATTTAACTCCTCCCGACTGACTAAACTTGATGCTTACGCCCATTTACGACCGTAACTAGGCCTGGGGTGGACATTACCTACGTAAATTCACATGCGCGTGTTACGCTACTATCCTTTATAGGGCGGTCAACGATAAAAACGTAGCTAATGTGATTGGGTCACCGTTCAGGTCTCAGACAGCAATTATTCATTGCTGAACGAGCGAACAGTACAGCACGTGACCTCTCCGAGACGTCGCAGTATGACTATGTGAAACGTTACAGGTACCCCGTGACCCAATGACAATGCCGAATCCCATGCCATAGCACTAATACTAGTACACATCTGAATTGTGCGGTCTTGTCGTGATTCTCCCGTCGGCGTTTCGATTACGCGGAAATTAGAATTTTTGCAAGTAAGGCCATAATGGTATAGATCAGTGGTCTTGCCGATACGCTCCACTATTTGCGCCACAGGGCGGAGTTCGGTATGCAGTCTTACCGTGTAGGTACCCCCACTTTCACATACTTCAAGTCTCCAATGTCTGCCCAAGGACAGTTGCAATTTATACGGACGACACTCGGTCCACACGATCGTTAAGTCCTACATAGCCTTTTTGGGGTATACGCAACGTCTTGTATGGTACATGTCACATGAGAAAGAGCTCTGTAAGTAAAAGGTCCACCTGGGGTATAGAGCAATATAATGGGTAGCCCCAGCGCT,1575,47.87,Escherichia coli
SEQ_697662,GTAAGTTACCTCGCGAAACGTAGAGTATGTTTTAGGATCTGCATCGCTTTGTAATTCACCAGGGCAACTCGTGCATAGACCGGAGTTCACCGTTTTCCTCGTGGCTCTAGTGCGACCTCCCGAGACCATGCATCTCATACTAACAGATCATAACGCGGGCGCGCGCGACGGCTGGATACATTCGGGGTGGCTGACGACAACAGTCTCGGT,210,53.33,Mus musculus
SEQ_701787,GTTTGATGGCTAGATAAATGCAGGGATTTTTGTGGCCGGACCGGGCAGAATTCTCTCGATGTTCTCTCAGCTCTGGATTAATATATCGATCTGTACGGGCCTCTATTTCTAGCTGAGACCGCCTGGAGGAAACAGCTTTTTATGGACACATACGACTTTAAAAAAGACCTGTGGGGCCAAAACTGGTACCAGACGCGTGAATTCAGTGATAGAAGGAGATCCGACGGGTGACCTTCAGACGTTCAACAGGCATTAATACTATTGAAAGTTCTAGTCAGGTATTGAGGGATCCCGCACACACAAGCCCACAAAGCCGCACGGCGGCTCAGCCCCGCACGGTTGTCAGTCGCCATGACACGATAGTGATCGGCCAACTAGGGGTAGGACTCGGAGGGCGTTCGGAAAGCGTCGCCTGCGTTGGCTGCTAGGAAGCAGTTGAGAGTGCATCTAGCAATTTAAAAGGTGTGGCACTCCTTAAAAAGTCATCTTCAGTACGCCAACGTCTCAGCATGTTGCCTTATGTGCCTTACCATTCCCTTTGAAACGGTTGTGCAACATTGACGTCGGTATGCAATCCGAAATGGTTAGTGAGGTAAGGACTTTGTCGACGCTAACTATGTATCAGGGTTAGATAAGTCCGGCCGTCCTGTTTCCGCGGTGATAACTGCTAAGGCCGGTTCGGACTGTGCTGCGCGTGGTGCTATATCCGGCGTAGTTCTGCCGATGAGACAGGCGCGTCTTTCACACTTCGCATAACTACCGATCAATGACAACTAACACGTTTATTGTGTAAGCCAATGCCGCAAAGGGATCGCAACTACGGAACGCTCGCCTTGCGTGATTGCCTTGCATAACATTAGTGCGGCTCACTGTTTCGAAACAAGTGGCGGGGGGCCACGTTCAAAATATCGCGTCATCAGATGCATATCCGTTTGAACCACTCGGATTAAAAAGAGCAGCCGGGCCCTACCATTCAATTAAGTTGGTCGTGTCCTCACGGGCACATTACTCCCTCTTCCAACCAATTCAACAGGTATACTATTAAAAGGAGATTATCGCTGGTATTCACTAGCGATACGCTAAGACGATACCCCCCCTATCTCCCGCGCTCCATACCTCTCCCGCCGTACTTGACCCGGTCGTTTAATCATGATATATGTGGGGACCAACAGCATCGTTGATATTAATCAATGAATACTTCGCTGAAGAACGTCTAAACACTGATATAATGAGTAGTCCCGAAGCGCATCTGACGAAACCCGTGAAATGCCCACAGGTCTTTGTGCTGATATGTTCGAGATCTGCAATTACCTGCTCATCACCGCGGCAGTCCTGTGATGACAATTTTGGATCGGTCGTTTTAATTCGCATGTATCGATAGCTATTTCTTCGGGGGACGCGACAGGAACTACTCTGATCAATGGCTTTTTAGAATCAGCTCCGACATGTTTTCACGTGGTAATGTGTCATTTAAGAGTTCCTCAGTCCCCAGCCGGACCCACTGTGCTTGGGTCTCCTAGATTCCTCTCCCAACTCCCATTTACCGGGGTGCTCTACGTGGAATTAAGCCCTACCTCTCTGTACGTCTCAGCAAGTTATTGAGATCGACGAGCGAGGAGACATAAGATGTACTGGTGCGGTGCACACATGCTTTGACTGTCTACGCCGGCATCGTTGTTTAAGGCATTAAGCAACGTGTTCACTCAAATCGTACCCCTGTTAGGACAGTCTTGTTTACGTCTGTGGGGAGGGCAGGCAAACTACGGGTCCATGTCTAGCTATTAACCGAACACGATACTAGTTGGATAACCCTTAAGCTGGGGAAAATATATGAACAATATTGTAATCGGTGAAGGGCCTTTCGGGACGCTTTAAGCTAGTAACGGTTTGTGGGCGGGCCTCACAGCGAAGTCCAGGG,1918,49.11,Drosophila melanogaster
SEQ_789196,GATAGTGCCGCCCCATCAGTTAAGTGCCCTTGGACGTGCAGCGTGGGATCTGCTGTGTCATGGGAGCTGCCATTATAGGTTGGATGCGTATAATTGGTTGGGTTGGTACAACGAATATGTCTGCGCCAGCCAATGTCAGCCTGCGGCTAACATAAGCCAATAGAGCGTTTCAGACTTGCTGTAAGGTATAGATAGTCCTATTGCAAGCAGTGTCTTGAGTCGTCGGCACATCGTTCCGCGGTACTTGTGGTGGTTCGGGACTCCTCAGGCGCGACGAATAGGATGAAATCCCTGAGGGCCAGTTACGCGGAAAGGTCCGAGCTACGGTAGCCCTCGTTGCTTCGTTGCCGCCCATGCTTATCGCGGCGCATGGGACACATTCCCGCACTTATGTCCTGTCCAGACGGTATCCCTCAATCCCTGGCGATATTGGGCGACGCATATCGAGGGCAATCGTAGGCCAGCCTACAGGGGCCCAACTCGTTCTTAATGATCTGGGACGCGACGCCTTGTGGAACAGATCTGGTCTGTTTTTTAATGTAGCCCTAGCGCTAGAGTAGGGTCTAACATTTCCTCGGTTTTACCTAATCCTAACCGGTGGGAGCCCCGCGCGCGCGGATCAGGCAACTGGCCAGAGGATGCACTGACGCAGGAGCATCCGGTCTGTTACGTTACTCCTTTGAGGTAAGATCCTAGCAAACTTTAGACAGACTCCAAGCTGTTACCTGCGCGAGCAGTATCTGCTAATTAACAGTGCCCAGTGGCGAGTTAGGCGCTCGACACATTAGGTACTCTGCTCATTGTAAAGCGCGACGAGAAAGACTAATTCGCGTTCCCTGGAAAGGAGAATCACCGTAAAACTCGCTTTCATAAGAGAGCGATACCGCGTCCACCTCTGTCATCTTTTGACCATGTTATAACTATCTCCCAGTATGAAGACGGAGGACAGGTTGAATCCAGAGTGTTTCCGCTAACACCACCCATTCGAAACTGTCGTTGCCCCTATCATATGCCGGAGTTCACATCTTGGACATTTTCGTTTGCTAATACACATAGTGGTTACGACTCCATCACGCTCCAGCATTAGTT,1089,51.79,Saccharomyces cerevisiae
SEQ_842152,TTTATCGCTTGTGTCAGATAAGTACTAGGCCCACTAACCAACACCGATACAGTGTCAGCCATGCTTAATCACACTTACATGGTACGGGGGCGCGAAAATTCTTAGATTTCTTCAAACTTGGAGACGCCGCCCGCGGTCCATGCACGCGTCGGTCGGGGCACCCTTTTCCTATTCTCGTCGAATCTAAAGGCTAACGCATTTAGTGCTGAGCACGTGAGAGAATGTAAAAAATTATCGCAACATTTTTGACGATTTACATGAGCGACAGAAGCATGGACTAATATAACGGAGGATGCCGCTCCATCTCCCCACTAGACTGGGTTACTCCTATTAATTAAAATCGCATCAATCTTTACGCCAGGCGCTTAGGAGCAAACTCCCAGTGGGCTAAGTCAACAACTTCCAGAGAAGGCGC,415,47.47,Mus musculus
SEQ_870129,CCCTCAGCGCCTTATCTAGGGCGTCCGGAACAAAACTTAATAAGAAGACATGCCACATTTGACTTTGGCAACCTAGATACGCATCTAAGCATTAAACCCTAAGTCGCCCCGCTACACAGTCATTTGCATCATTAGCTAAGCCGGCAATAGTCTTATTACGACGTAAGTACAGGTCTGCAGATCATACGCATGCCCAATCATGTACTCTGGACACCCGGAGGCGCATTTCATGCAGACTTTGTAAGCAATGCTAGCTAGGGCCTGAAAATTCTTTTCGTTGTTGCTTAGACCCCTGTCTCCAGGTGCTTCTGCCGGGAGTAGCTTGACAATTGCAAGACTGTGTAGCTCACACATGGCATACTTCAGGATGGATGGTGAACGCTACCTGGGCATAGTCGGCACTTTAACTATCGCAGTCAGAGTAAGCGATCATGCGGGTCACAAGCGTTCAACTCGCTGGTGGATTCGTGTCATCCCCCCCCCGCACTAGTTATGTTTTGGCCAGTGCTAGTGACGACGGTGAGAGGTTATAACATTGGATTATGCCGCCCATGGGAGAATACCAGGGTAAAAGATCGCGAGAGCTAATATGGCTTACTTCTCAGCTAATCGCATATGTTGTTTTAACGCTGACATAACTCTACATGTATGGACCTTCCACCGATCCCACTCGCGCAGCACACTTACCAAGCGCGAGACGTGGAGAGAGGGCGAATCCTAGATTACCGTTATAGATAGGTCCCGCGTCCGTAGCAACTAAGACCATAAATTCCCGCCGCGAGAAATGTCATCACCACCTGCTATCTATGTCAGCGGCGGTAAAACTAGGGGCTCTGATCAGTCTGATCTCACCTCGATCCATAGAGGTATATGGTATACAAGTCGGCTTTCCCATTTCAGGGCCGGACAATGAGGCTTTAGGACGTGACAGGTTCCCTGGCGGTGTTCTCGTCCTCAGGTACTCCATAATCAATTAGTTAGATCCAATGGGAGGGCTGGGTATTCGATTTTCGGAGATACGGGCATCCACGCCTCGTAGACCCTAATTAAACTAGACCACAGTTGCTCCATTCAATGCGGAGATAAGATCTACCTGAATGTACTCGGTCTATCGTTAAAGGGCCATTGCAGACAGTTAAGCTTAGTCGGGCCATCTTTTGCGCCAAGTTCAGAGACGATATATCGGGTCCGACTATT,1197,48.96,Saccharomyces cerevisiae
SEQ_217077,CTCCACCACCGGATCAACCACCGAAAATCTACTGATTTCAGGGGGAAGCATAAACTAGGTGGGGCGCTCACGTGAAGTAATGTTGCCGAGAGGTCTCATTGGTACTGGAGGAAAAACACTTTCTAGTAGGATAATTATGTACTTAATTTTAAGTATATAAATAGAGAACCACCCGGCTTTTGGCCACCCAGCTGGTAACGAGCTTAAGATTAATCTCTCCGTACTCAGTCATGTACGACCTGCCGTGTAGACACTACATGGTAGCCTCATCTTTCTATCCCGTCGATAGCACCAAGACACCCACTCTGTAAGAACTATGCTTGCTCGCTACTTAATGCTTGTGAGGAGGCTAGACTAAACTGCCACAGTCTCGGGGGCAATCATTACCCTCTACTTCTTAACCAGATAGCTTCACGTCGCAGCCTATAGAGATTGCGCCCCAACAAACATAAAGCAGACATCTTTGGTGACGCTTCTGTGCTGAACGCATTTTAGTGCGTAAACCGGAAGAGAGTAGTTGGTATAATGGGCATTGTAGTCAGACTAATGAAAGGACTCGGGGTACACAGTAGGTTTGTTGTGTGGTTCAATGCTTCACATGAGGGCTTTGTGAATGAGAACCTGGTGGCGCACGAACGTGCTAGAAAGACCGGCATACGGAACCCCTTGTCTACGCATTTCCGACGGGATATATGCATTACAAATCCGATGGTGAGTCACCGAATCGAGATCATGGACGGGTCCTCACCTTGTCAGATGCAGCACACGAAAAGTGGACTCAGATCGCCGCTCATGTATCGTGCTTAGTTCAGGCCCCTCCTATTTACAATGTACACCAGTGATGTTCCCGATTATCTAGTGATGCGCCAGTGTCTAGTTGCCTTTTTCCTATCTCATTTCGTGAAGGTGCCGCTGTCAAAGGATTCCTCTGGTGTGCAGTTAAGTCTTGAGTCCTGACGGAGTGGCCTTAGGAATGGATCACTAAAGCCTTTGTCCCGCATCGCATTAAGGGCTGCGTTGCCTAAGGTCGTCAAAGTAAGTCTTTATGATATGCCCATCGTATTTGCTGGCCATATGCCCTCCTAAACGGTCCTCAAGCTATTTGCATGTCTGTGGACATCCGGA,1125,47.64,Escherichia coli
SEQ_510869,GTGGTTAGGCTGCCAAACCAGTGTCTTGTCTGTGTCGCGAATCAAGAATGGAGATACTGAAATTGGGAGTTGCGAACCTTAGTTGTAAGCTGCGGCTGGCACTTTATTACAAAAGATAACTCTTGATTGATTCGAGGATGTCTCCGGACGTTGTCTGCCAACGGCTTTCCTGAACTGACTACCAACTCGTATGCAACAGGCGGGCATGGTTTTACCCTAGGACAATTTCAATCCATCCTTCTAATTAAATGTCAGCGACGAGTATAAAGACTTGGATCATCTTTGATCCCCTGGTTCGCCCGCAATTCAGTTATTCGGACCTCATGTGCCGTTCTACTGCGTGTAAGCTGTAATTAGCATCCAGCGGGGCCGCCGAGGTGGTACACGGGCTATTCGAGAATAGTCCAGCGTCGTGAGCATAGGACGCGTACATAAAGAGCTCGTACCACAAATTTGCGCGACCCACTCCTTATCTCAATATTTTCACGCTTAGAGACAAGTAGAGTTCAGAGTCTGGGGGAGTAGTCTGCCCGTTGGTTTTAGAAGAAATCCGTTCAGACCATCCCAATAAGTAAACCTCTACCAAGGGTGCGAAGTCTCGCTTTCATCTACGGCTTCGGTGTCTCTCGCTTAGCAAAGTCAGAACCCAGCAAGCTTAGAGCTCGGAGTGGAGTCCTTTGTAGAGTTTTGTAGTCATCATGTGGTTGTGAATTGGTTGGCTTCTATCGGAAGGGCCGGTACCGGAGAGGCACGCGTACAGACTAGATGGTACGGCGCAACCGGAAAACCACACTGGGCACGT,802,49.13,Homo sapiens
SEQ_196503,AGGTTGAGGTCCCCATTATGGCTTTCTCTGCTCGCCAGTGTATCCTCGTTGACTACGGTCGTTGGCATTGCTCAGCCAAATCGAGGGTCTCCGTAACCTACCTCACCGCCGACTTGGTCCGAACGACGTTATTGTTGTGGCGCAATCAACCGAATGTGGCCCAACGGGTATATGCTCAAACGCATAGCTTTTTATCTCCCTAACTATAAATTGAACTACCCTCGATCCATTGCTTTTCATGGTCTTAGACGTCTGGCATTCTGAATCCACTAGCGTCGAAAGGGTGGGGTCCCCCGAACAGTTGCCCCCGAGTGCTAAGGCTCCTATCCATTCGTCTTAGTCGACTCCCAATGTTCCGTGATTGGGGTTCTCCACACGCTCTTTCAACTAGGTTCCTACGACACTATGGTCAGACTTTGCCATGTGAATGTATCCAACGGCCTGGTGAGCTTGATGCCTGTTTCATTCTGTGCACTGCGACGACCCTTGCAGCTGTTGTGTCGGTATTTAACCATCCATTGGCCGACTGGTGGACCGCTGGTACTCTAACCTTACAAGTAGCGAGCGTTGTCAAAGGTTAGTCAGCAGCTCACGTAATCGGGGATAAGGACATTATGGGATGGGGCCTGCCCATAGATCGAGGACACTATCGCCTCAGTCGATCTATCGGCGCTGCTCTCACTGGTGAGTTTCCAGTTGACCACAACCGGGTCGTTTGATACTAACGACTCTAAACGAGACGGGGTAGTTCGCGCACGCCCGGTTTTGCCACGCTACTGCCACGAAACAAAAGGAATCAGGCCACCCTAGGGTCTGCAGTATGGCGCGGGGATTGATGGTCTAACCTTAAGGCGAGCGCCTTGATGTTAACTGG,874,52.17,Saccharomyces cerevisiae
SEQ_822966,TTGCTTCAGGCGACTTAGAAATACATCGAAGTGAAAATGTAAGGAACTTCTCTTGCATCAATATTGATAACAGCACGTAGGACACGCGCACCTCTATACATGTCGCCAGAACACGGCACGTTCTCGGGCCTGAGTGATAGCCAAGGAGCTGGTTTAGTCAAATCGTCGCCCTTTCTCGTCTCGTAACAGGGCCTATCAGGCCCACCTGAATCCAGGGTAGGTGTTCTGTACGGCCAGTGCAAGGGTGATAGCAGCGGTGTCGAGCGCCTCTTCTTTGGCAGCATGAAGCCCGTCTAGGCCACAAACACCTGCCCGCTCGAGTACACCATTGGGCGATATAGGTCAGCAGCTTGACAAGGGACGGCTCGGCAAAAGAACTATGTCAGCAACCCGGTAGTCCACCCGTCTTCAGTTCCTGACAAATAGGGTAGAAGCCCTTTTGGTGGACTATATCTGCCGCTACTCAGACACGCACCAATAACCGATATCATACCCCTGAAGGCGTCGCGAAAAGGCTTGGGTAGGTTAACAAGGTGGAGGGTGGACTTGCTATGAGCAGCCACACGCGCAAGTGCGTTGTTGTATGGCGAGCTTAGTAACTGACCCTAGTAATCAACTGTCCCCCCGGCTCTGCCCGCGTGCATACGAGAACCCCAGACTACCCTTTTAACTGGTGATCTCCCGCTCCGTGGGCAGTTACAGCCCACAGGGGCACTCTGCGACGATCAAGTAGCCATGGGTGTGGAGCAGTGGGACTCCCGGATTCGTTTAATGGAGTTAATATCTCGCGCCAAGCAATCCATATATAACCGGTATATAGTACGGCTAGCGGCCGGGGCAGTTTACGCAATGCATTATATCTTAGACGGCGAGAGAGCCTTCGCATGGGGCTGTCTACGGGTTTACGACGTGAGTATCTTGCACCACACAGTTAAAAACCAGGCAGGTCGATGTAAGTCCCTCTCCAGTACGGTCAGCGGTTCAGCCCCAGCGGTTGGCGGTTTGTCCGCCCGATTCGAGCTTCAGAAGAAGGGTCGAAATGGCAGAGTCGTGGTCGGAAACTCTTGCGACCTCGGGCGTAGAAGGCTAGACCTCCGGTAGGCCAAATTATTGATTCAGGTTGAATGCCATGGAGCGGGTGGATATCGAGTCGAAATTCGCACTCCAACAATGGAGTTCCGCAGGCGCTCCCCCAGTAGTGTTTCTCGCGTTGTACCACTGCGTGGTATAAGACTTTTCACGGTTAGAGCTGGAATCGAGGCTTGCGCCAGCGTGTAATAGCTACTCATTAGATCCTAATTTGCTACTGGATGTGAGCCATTCGACTGATTCATGAACGCGCACTAGTTCCCCCCCATGTTAGCCCGTAACACGCCCATATGGTATTATAGAGGAGTAAAAATCTGTTGAAGCAATTAGTGGGAGATCTCCTGGAGAAGCCTGGTAACCGAGAAGGTGTCCTCATCCAACAAGCAGTGAACTCTATACGCCTTAATTTCCAATACAGCGTATCTCGACACAGGATTTAAGATCGACCTATTGGAGGGAGC,1550,52.13,Mus musculus
SEQ_963271,CGTATCCATACACGAAACAAAGAACTGACTTAACCGACTTAGATTCACAAAGCGAAACACAGCCGTGAATTCTGTACAGCTTGATTCCCCGGCCGTCTTGCTAGTGGCGATTACCAGCTCGCAAGTGGTCTTCCACCGTATCGCCTCTTCGGCTCCCTGCGTGTAAATCGGACCATCGCCCACTAACCATCCGTCGATTACAACTGTGATTTACATAGCCTATAGGGATGCGGCTACCCGTAGGAACCTTTCTCAACCTGACGGTGTGATCTCAACCACAGGCAGAGAAAGAAGGCTACTTTA,303,49.83,Mus musculus
SEQ_479879,GCTCCACGAAGAGCTAAGGGCGGTTGGTGAAGCGAGCACCGATGTGCGAACAGGTAACAACCCTCTACTCCTAGATATGTGGGTAGTAAGACAACCTGTTCGAATAATGGGTCTCTATACAGCGGTATGCTGCGGGCTGTAGCCTGCGCCATCAGGAATTGGCAGAGAGGCCCCAAAGGGATCTTGCCCACAGTGCGTATGATAATAGCTTGCCTATTCGTTTTCGTGATCGAGCTTCTGACTTTGAGAGTCACCGTCGAGTTATCAGATGAGACGCTGGGCACTATTCAGCCAAACCCCTCCAACCTTCCGAAATTTTGGCGCCGTTGTGGTCCAGTTTTGAACTAGTCCCTTCTTGCGTTAGGAGTCTCACCACCACTTCTCCCACCGGGCCGACATCTGCCCAATCACAGTAAAGTGCCCCAGTAGTTATCTGATTGGGCGGACTGTCACGGCACGTCTGCCCCATAGCAACGCAGGTAGTCCGTCGTATCCCTTGATATATCAACCCAGTGTGGCTTGAACTTCATACCGACACGAACCTTGCCCCAGGTCAAAAGGCGTCTCGCTGAGACCCGTGTTCCTAAGGATGGGATACGGGTAACCCTTCCTGCAGTCACCGCGTTAGAAACACCGCCATAATCGAGAAAGGGGACGCACAACGGTCAGATTTCAGTCGATGGAAACAAATGGCTTTAGTACCTTGGGATCCGATTATGACGGAGACATGGACTCGGGGATGCTCGCTGAGTTGACAAAGGCCAGTTCAATGAGTGTGAGATCTACACAGCTCTAATGTTTGCGAACAACCTAAGCAGCGGAACCTACAGCGATAGGACCGCCGGTTGGATTTTTCATCTCCCGGCATAAGTCGAAGGCACAAACGAGATACCAGTTGGTGATCAAGGGAGATGCGAAGAAAAAATGGCCCTAGAACGTTAGAGTGACCGTCCTCGCAAGTTCCGTGGGTCGG,973,52.11,Homo sapiens
SEQ_238106,GTAACCTAAATTTAGGGGTGTTCATAGATATATGGGCAGACACTAAGTCGCCCAGCTCTAGTACTCCGCTCATAGGACCGTGGGCGATGCGTTATAAGAAGTAGAAGCTGAAAACATTCATGGCTAGCTCAGGATATCGAAGTTCGTCTATAGAAATACGGAGAAAACGTATGGAAATATAAGCGTTCCTTAGAGCGACCCGCCTACGGACCTCTCGCAGGTCACCGATGATTGCGGCAGTAGGTGACTGGCCTCCCCCACACTGCACACGAGCATAGGGTCCACTAGGCAAGAGCCGCGTTAGAAGCTACGTTTCGGCGTATGTGGTGTAGCATCCCGAACAGCGGCGAGCTAATTAAGCACGGGTCGCCACTATTAGACGTATTTTGAATTTACTCGGACTATCTTCCCTTTCTGACACAATCCGTACATGGATGCCGCGGCCTACTGGTAGGAATTAGTGGGTAGACGCCAGATGGAAGACGGACTATTTACCCCCATCAGTTTGCTTCAATAACAGGCGTGAGTGGCACACTCCCGATGTGTCCCACGCCTGCGTTATTGTTAGGCGGCAACGTGACACCTACGCTGTCCTCCGGCGCAGGTCAAGCAAGTTTCACTGAGGCTCACAAGGAGTTTCACATGCTGGACGCGCCTCATTATCAGCACATACCTAATAGGCCATACCCGGGCAGTCCACCCAAAGACTCCTCCCTCTCAGTAGGACAGAAGCTCGTACGCTTGGTTCATGAATTATCAGTGGGAGGGGGGGCAATCAGGATGGGTTCTACCTTTCGTAAATTAGAACCTCTGTATACCCTTTACCAAGGTAATCAACACAAGGAGCTGAGTGCAAGGCAGTCAGCGATGTGCGGCAGTCGGACCGGGGACCGTGCTACACACATATCCGTGCCCAACCCGTCAAGGCGCCTTCCTATGCGGTCTCATAGCGGAATGTCAAAGCAACCTTGCGTACCGTCTAATCAAGCCGCCAGCGCAAGTCGATTCCCCCCATACTATGCACGGCGATCCTCCTTCTGTTTGTAACATTACACTGGTCTTAAAATAGAAGGTTAGGCTGTGGGGCATTCTCCTCCCTGTCTGTATACGAGCGGGTTGCTTCGCGCTCCAAGTGCACCGTACATTGAGAATGGCCAGACCACCGTCCTTCCGTTTTACCAGTACTGATGGAGGGAGGTGCCACTTATTTTATGGGAAGGTAGGGCTCCACAATTACTCTTTTAATCTTCTAAGAATCCTGCGGCAACATGAAAGTAATGGCTTGTTGGTAAATCCTCATTGAGGAGAATATTAAAGACTATCCAATACGCAGCCTGGGGTGCCTGAGGTTGTCGCTTCCCC,1362,51.1,Escherichia coli
SEQ_825178,CATGATGGTAAATAGGTTGGATATTGCCGCAGAATATCTTAAGTACTAACTACGATGCAAAGGGTTCGCGAACAGGTCAGTAGCGTAACGGTCTTCTCTACTTTGCTTGGTTGTGTTCACCGGCCATTGCTGCGTGGCCATGCTGTAGCCGACCGGGAGGTGAATGCCTCTCTTCTTTGCACGGAACCAAGCCGAGCCTATATGTACCCAACAAACATTAGGCTCTCGTGCAAAGATCGTTTTATATGCCTTAGAATCACGGAATCGATCTCTACCTATGTCTATGGACTACTTCTCCTGGAGGTTGATTCATACAGGGAGCCTGTAGGTAGCGATATCACGGTAATAGGGGGAAGAGATTTGCTGAACACTGAAGGTATCAATAGAAAACACGTTAGACCCTTGTGAATGGGGCTAAAGTCTAAGATGCGTTTCTTGATCTAGGGAATGAATAACTTCTACTATCCTTATGTCTCCTCCACACGGGATCATGAGTGCTGTGCGGCCACTCAATGCATAAGAGCAGTGCGACGA,534,46.63,Caenorhabditis elegans
SEQ_444097,CCGTTAGTACCTACTCGCCATGCTTGTCGTGTGTCCAGGGCCTTACGAATATTCGTTACAAGAATCTACTTGATTATAGCTAGAACGTTGAGTAATCCGCTACGGCAGCGAGAAGAAAGCAAGGATAGACTACCTTCACAGAACACAAGACCATGTATCTCCATCCATCAAGATAAATTCCCCTTCGCGGGGATCGGATACGTGGTCCATAAATCGCAGGCACCTGAGTCGAGCCATTTTTGTCAGAGGTATATTGCCTTCCACCTCACCCTACGGCGATTCCTTAGAGCTTGAGGAACTCGCGAAACACGTGAAGACCGCTGACTCCGCCGCTGACCTCGGAACGATGCGACCAGAAGATAGCACCTACTGCGGTGTTTGAAAGGACAGAGACTGTGTTGTAGCGGATCGGACGCGTAGCCACAATGGCATGTGGGACGAAGTCCTGCATGATTGCACCACTCTCAAAGAATGCCCCCTGATAGGAAAACCAGTATGCCGACTCTAATTCCCTCTAGGTCTTAATCGGAAGACGTAGTTTGATCCGGGTTATAGTGAGTTGTCGGTTTCCGCTTAACGAACTCGCACCTAGGTGTGTGGGAGCTACTAGTGATTCGATCTAACTGTACACAATCCTCTTATGATTGGCTGGGTGGGACGGGTAACACCTCTAGCATGGAGTCGTACCCGGGGCAATATCTTGCGGCTCAGATTCGACACAAGGATGTCATTAAATGTCCGAGCTGTTAAATAAGAATGAGAACAACATTGTTCAAGCGCTGTTAGACAGTACAAGTCACAATCACACTCTCCACATCCTGTGAAAGCAACGATGATCGCCGAATCCTAGGGAAACACCGGGGGAATGTGTACGCATACGCACACCCCTAGTTATCCTGATATGCAGTCGCGCTACACGACTCACTATCATTCAGCGATGTAGCAAGAATTCTTATTGGAAGACCTCTCTCGTCCATTAAATACGGCCCTAGCGCGGTCATTGTAGGCAAGAATCAGTAACTAGACGTGTAGGGTCCGGCTGTACGTCCAGTGATGACTTACATAAATTATCCATAAGACGACCAGTTTACTCTGTTAATTTTAACACATTTGCCGACCCCAGACATCTCGCCGATGGAGTTGCTATTACGCGTGTCTCAGTAAACTCGTCGCCTGGGCCATATATGCGTCTCCGTAGAAGAACCAACTAGGGAATTTTATGTCATGATTTTCGCCCGCATCTAAAATACGGCTTAATCGGGGGGTATTACCACCGTGAGGCTAGACCTCTGCATATGGGGCCCCCAGTAGCTCGACGTAGTACACAACGGCCACCCTCCTTATACGACCCGTAAGTCGTCGTTATTGGGCATCAGGTCCCTCCAGCCGCCGGCCCCACCGACAAACGACGAGGATAAGTTCTGCTCGACGTGCTGCGTGTCCGGCCTCCCGACTTTGCAGTCCGGCGGGCAACTGGTTTGGGGTGTGAGATGTAATAATAGCACCCCCTTGTCAGTTGATATGCGTAGTGCAACGGATACAATTAGCCCAGGTCCCTACTTCCACGCCTCTAAGTACTCAATGGTCGCTTAGAATGGG,1599,49.97,Arabidopsis thaliana
SEQ_184846,TCGTGCTGGCTGGACGCCGAAGCTCGTTATATCACTTTGGGAAGTGGTTAATACCAGGGGTTTGATTTTACCCCGGCGCAGAGCTGCCAATGGATAAACGCGCCCATTTCATTATCGCGCAGAGTGCCCCTGCCATCACCTGTGATTTAAGGCATCCTCACGCCTATGTAGTCCCGGCACGACGGTGAAAATTCCCTGAACATTTAGTCGTCCTGGAGTGTTGCCATACTGTGAAAGGCGGTCAGTCCACAATCATCTACTGGCCTAATACGATGCTGGTTCCTTTTGGCAGGCTGGCGCCTGCTTCTCGCGGTCGGCCGCTGTTGCCGTCGAACTGACGATTCGTCATAAAGCCGTTGTGGACTTGCACACCCGGGAGGTGCATTTTTATTTCGCAGTGTTCCTAGCACACTCTGCGGTCGATGGACAGGCCTGCCCAGCTGGACCTGGCGGCAAGGCTTCATCTGATCGATGCAATAAATACTCATGACCTGGCGTCACATTGTGCTCGGCTCACATCCATGACAAACGCATTAAACGGCCTGGGACTCGGATAGTTGAACGCGGGTATGCAGTTATCAGGAGGGCATATGAATGTGGCCCGCGCTAGATGTAAGGGCGGAAC,625,53.92,Saccharomyces cerevisiae
SEQ_481688,CATCCTACTCCCTGTCGGGGCCTTTTCCATTCCCTTGCAACACATCTCGACCGTCTGACCGATCCTGGAGCGCCTATGACGGGTATTCCTCGGTTGAGATTAGGGCCTTTTAATACGAGGACGAGGGGTAAAGTTTGGCTTCAGTTCGGCACAACCGGGGCCGCATGCATCCCTTCTCAATCGGCCGATCTTCCATTCGTTATTACGTCAGGATTATGGCTAGTCAAAGCTAGTACGTCCCAGCCGTCCCGGACTTCTCTCTGAGGAAATACATTGCCTTGGCTCAGTTTATTTTGTTCAAGTACACTTTACTTTGGAAAGGCCTGGGCTTGCACAGTGTTTAGCTTCTCCTGACTCTTACTAGTACACTATGGGCGAGCCTGGTCACTGCCCACCACAAGCTATGATATAGGAGTTGACTCCCGATAAACACCCATTGCTCTAGACGCTCATATGCCTTCGGTTCGCCTTAATACTTCGTCTTGTTAGAATCCTAATTGATTGTCCGCATTCGGTACCACTTTCTGTCGTATTGTGCTGAAACGAGTGTGACGAGAACGAAGCAACGTAACCGTATCAGGCCAACCGGCTTCAGGTCTGATCCCTCTAGCCCCCAGTGCCACGCGGAGTTCCAAGCCGCCCACAGTGATAGGTCGTACTTAAAGGACATCTTTTACCAGTGGATTATAAAATGACACTAGGAAAGAATACGTCTCCAATTTGTCTCAAGCACCTCAATCCAGCGCATTCGCAAAAAATCCTGACCACGTAGAGCGGCTGTTGAGTCAGCCTATCTCGGGGAGGTTACCCATTTGTATAGAGCCGAAAAACTCAGCAGCTCCTCGAACAGAAGGGGATGATCCCATTTCACCTCACCTGTATTCGTCCGTACTTCTAGTCAATGCCGTACTCTGTGAACTGTGGCCTTACCTCTACACTCGTTCACCTCTCGGACTAAATTTACCCCGCACATGAGGATCTGAACAATGTGAAGAGTAATAGTCAATCGCTCGAATCTTAAAACGATGTAGGTGCGGTTTGTTCCTTGACGCGACCTGGGTCCCGACCCGCGGAAGTAATATTTTCTGAATGGAGGGTCCGAGCGCCGTCCCGTATGACCGCTCGCTGAAGCAGCGTATAATTAGTGGG,1149,49.78,Drosophila melanogaster
SEQ_841387,AATGACGGGAGTGGGGCGGATAATTTAGTTCACACTCGCCAAGCATAAACCGCCGCGATTGAACACCGGGAGTGACTTGTATCAAGGTTGGACGCTTTTTGATGTTAGAGAACTTTGGAAGCGCGCCGGGCGGTGAGAACAGTTCTGTGCCGCCCCCCCTCCCTAATTAGCCACAGGCGATTGTTTAAGACTAAGTCGCAAGCTTGTGCTGTGGTCTCAATAATCCTCTTGACAAAAGATATATCTTCGAGTGCGAGCTCTCTACTGAGGACTTATAGTAAAAGTATGTCTGTCGTCCCGCCAGACTATAGATCACCCCTCAGTAATAAGTGGCGGATATAGATACAGTGCCTAGTTGAGGAGCATGCGTCTAGTCAAGCCTGGCCGAGGAATAAGGCGGAGCCAAGACGTTTTCTTGGTCTCATCGGAGTAGCTTTATCGGTACTTTCAGAAAAGAGGTTAAGTAAGTTGCACTGAAACGTACCCTTAGTTAGGCAAATTCAACTCAGTCTAGCTTTAATGGGGCTGTTTACAACCGCTAGTCAAATGAGGAGAGCAACAGGGAGCTAAATTTCCGCTGATGCCAGAATGTACGACATTCACGCAATATAGATAGGCTACAGAGACCGTCGTTTTCCTTAAGTTTACACGCTTATGAGTCGAATGGGACGCGTTAGCCACCGGATCTCCATGGAACCCTTGTTGTTTGAAAGAGCTACTCTTAGCCATACACTACACTCCGCCCACGTGCAAACAAGAGTAATGCAGGAATCCCAGGCGATCAGATAAGTGGATCTTTCAGAGCCGTAGATAAATCAAACTCGCCGATTTGGACGCTGAACTAAGTTCGTTCTAGCGTGTCATTCAATCGTATGTATGTGAGTAGATACACAGCGGTTAAGGGGCTCGTACTGGTAACAGAACTTAAGAACTGTGAGCGGCCTTATGGTGTCCCGACAATTACCACGCCAGGGGTGCGGAGCAGATTGGAAGATCGGATAGTGACAGTCCAATGTGGTCGCGCAACAGCCGTTACTGGTGCGACTTTAATTAACTATACATAGGGCCTAACAATTATCTGAATATACTATTTGCGGTTAGTGCTGTGCCAATATATGTATTACGGGTGCCTGCACGAGTAACAACACTAGCTTTATGGGGGCGTCATGAACCTGATGAGCCTGTTTGTAAGGGGGGTTCCGTGTATCGCTCACTAGTGTGCATTACGTTGCGTACAGTGAACAAGCGGAGCTGGCAGCTGATCCTCTCAAAATCCAATCTACTCCGCGGTACCGCGAGAAGGGATCTCGGAGGCGGGACTGAAAAAGAAAGGCACGTTGTTGTTGTTCGCCGAATATTGTATAGACGAGGCACAATAAGCCTTTGGGGATCTCGGACATATGAACGTTCT,1411,47.77,Arabidopsis thaliana
SEQ_853917,TACAGTGACGTTTTGCTCCAGCAGCGTGACCACTGAACTATTGTACTTTAATAGTATGTATCATGTCCTTGTAATACGTCGTTCGTGTCTTAACGGTTCATAGTTGCCTGGTATATTGTACTTCCCGCGGAAGAGGAGGACGTTACCTACATGCCTGAAGATAGTGCATGAAGGTGTTCGCAATAGCTGTACGTGTGAGCCCATGGAGCTTGATGCGCTCGCAATGCAAGTCCGTCTCCCACTGGTCTAATAATAGGTGGGATGATGGGTCATCGGATCCACAGAGCCTTAATGCTCAGCTATGCAGATGGCCTGGTGGTAGTCGACCAGTTGCAAGTCCTACCAGGAGCTTATCTAACGACAATGACCGATCATGTGAAGGATCACAGTCGACATTGTACATTCATAATCACTAATCGCGGACAAGGGCGATAAGAGTGAAGATTCTTGAACACAGGGCATTGAAGACCAAACGTAGTGGTAATCCTATTTCGCGATTACTCACCACTAGTGGGAGCCACGCACTTCCAGTCTGACCGATTCCCCTACCACTCCCACTTCCTTTTTGTTCAAGAAAAGTGAAGTAGGTGAATAACCCCTGAGGGTCAAACCTGGATCACACGGAATGTTTATATGCATACGGACTAACTCGAGGACTTTGCCCCAAATCCGGGTAAGTATGGAGTGCCTTGACTAAAGAACCCGACCTCACCCGGAGTATTTAAATGACGAAACTCGGTCTGGTTCACCTGCAGGCAATCCGATATTTTCTGTCAATCTATACTAATTTACATCCCTGTGGTGTCACTCATATCACGGGGCAGATCTCGCGTCGCCGCCGGTCCGGCGATTACTGCACAAGAGGACGTTAATTTGAAAGATCCAGTCAGCGATTTGTGGGATCAATTAACGTTGGCTCTCCGCCTAACATAGTGGTTATGGATAGTGGGGCCGAGAGGCGAGCCCCTCAATGGGATGACCCCGGACTGCTTCAGGGCCTCAGTCCTACTCTCCGTCTATTGGTAGGACCGAGTGGTATAATACAAACGAGGTTGCCGAGGATCCACTCAGCCCACTGCATTCACACGACCCGGAGTTGGTGAGAGGTGAACGGAAGAGACTGGACGTTTCCTTGGGAAGTCCGGCGCCACCGGGACCGGCTCCACGTCACTGGGCTCGTCCTCGTGTAGTGACCTCGTCGAGCCTGGCATGCTCTGTCGGCAATGTGCCCGTGCGTATCGCTAGTCGCAGACTAGGACGCAACCGAGCCGAGTATCACTAAAGCGACTTTGCCTATCACGTGGGTTTTACAAACTACGCACCACCCAAAGCGGTCCCTGGGGGCTTGCAACGGGTGCTTCTAAACCGGAACATACAGCGGGCGAAGGTATCATTTCGCAAATTGGGTACCACCAACGCCCTTCGTTGACTATACCTTGTTGTTTCATCTGACCTCAGGTGCAGTCCATCTGTGCCAACGCGCGTTTTTCGGCCACCCGCTCATCGTAAGATGACTGGTTACTTATCCCAGCACAATCGTGTTACCTCGGCTAGCTCGACTGCTGGCACTCCCGTAAATGGATCTTGCATACCAGGGGC,1599,51.28,Drosophila melanogaster
SEQ_361384,TCCCCTGTGTACATATGAGCGTTACGCGGTCTGCTCTCCACGGGACATGCATAGTGTCGACTCGCGCGGCCAGGCGTGTGCGCGTCATCGGACCTTCTGGATATGTGCGTTGTGGATCCTCCACTAGAATTAATTTTAAAGGGTCTTTATGTTCGTCCGTTTCCCTGGCCGCACAGTACCACGTACCTGACCTAGCAGTTAAACGTCTCACCTCGCCTGCGCTCGCACGCTTAGCGAATCCAATGAAATAGTTGCTGAAAGGCGATATCGCACTTCGCGCCTTTAGAAAAATCGGACAATACACGCGGAGATTAATTTCACTAAAAGCCCAATATACGGTGTGTGCAAAACGGTATTCCTACCCCCTGTGAGGTAGTAGACTATCCTCAAACAGGCACGGTGCCAAAGGGGCATAAGTAATATGAGAGTCGATCGGTCCCGTTCCTCTAGGACTGCGAACTGGGTGGGAATCCTATCAAATTTGTAGTATGGCACGACTCGTAAGCCTCATTTTCGTAAGATGACGCAAGTATACTAATCGTATGGAGCACGTCGCTACACCCTGCACTGCCCACAGCAATGTCTGGTATGCACTTCATGTAAACAGGCAGGCCACCGGCCGGAGCTAGTACTTGCTATAAATGGCGGATTAATGCTGGAGTTCTCACAGTTCATTCACGGCGTACCATGGTGCAAAACGACGTATGACCGGATCTCAAGTTTACCGCGGGTACTCCATGGTCGCCTTCTCCAAAATCCTATCCTTGTAAACCGTTATTTACCACACAAGCCAGGCACGCTGTTCCCGGCTCAGTATGACGTAATCCTAAAAAGGTATCACTGCTCTCTTGTAGTGTGCTACTTTATGCAGCGCCCCTTGTGTTAGAAGGCCATGTGGAATTAGGGACGATGCAAGGAACGTCGGTTCAAGCTCTCTGGCGAGGGTTAGGGAATCACGTGTTCGCTTCGCGACATAAAGGAGGTGAGGTACTAAATCCGCCTGGCGACTAATGCACCTAAGCGTTGGCGTTCGGACGCCGGTCGGGTAAGTGCTTCGATGGCCGGAGTTGCAACTGTCGCTGGTTTAGGAGCGGCCCAAGTGCCATCGAATCACTTCACCATGAGGCAATTTGAGCGCCGTATTGGCAGCTGGAACGACCATTTTAGCAGTGGTAGACCGTCTACGGGAACTAAGACGCTCCCAACCACGATAATACACATCAACCACGATACATTGCGCTTCGCCCTTCTAGAAGAACCCTAGGCCGCAGAGGCTCGGTTCGTTGCTACGCTGTCTTATCAACTCCGGCTGCCTATACGCAGGTTCGTTGAGCTGTTCTCGAGTACAACTTGTTTTACGAATACTAGAACTACTCTTTTGAGGGTCAACCCATGATTAGGTGCAGTCAGTCCGAAAAACTTTTGGTAGTATGATCCCGCCTACCAGAATTTGGTGATCCAAGCCTCGCACTCCTGGCAAGCAGTGTTTTCACACCCCGACGGTGGAGTTTGTAGCGGTCTGCTGAGCTTTCCCAGCATTCTGTCGTTAATGAGGCGTGCCTCCCGATCCACCTATTACATTATCTACCATTTCGCTCTTTCCGCTCATAGTCCGTAGGTGCATTTCAAGCCTAGAATACTCACGTGAATAGCGGCCATCGATACGAAGTACTAGCTATTAGGGCGACCTATCGCTCCGTCAGGCTCGTGCGTATCACTACCATCTGCTCCGTAGTCCGGACGCAGGGCATATCCATTTCCCCCGCCCGCAGGTCGTGCGTTTAGAAGGGTTAAAATGGTCGGTACGTAAAGGCG,1815,51.13,Saccharomyces cerevisiae
SEQ_635112,TGTGCACACTTTGTGCCATATTTGGGAGTGACGCCTTCGATACTTTCCTGTTACGGTAGGCTGCCAGGGCCTCTTTGCAACGCCTGTGCCCTGACTACTGGACTTCGGGTGGGCGTGGTGCGTTATATGTCTGACGAAGAACTTATATTTCGATTTGTTGCTGCTGTTCTTGGACAGCCGCACAAAGCATCACAAAGACTTCCGCGACAGACTATTTACAGGCGCGGAAGAGTTCTGAATCGCCTCTGCAAATTCCTCCCGCTCGCACTCGCGCCTCAAATCCAACTTTAATGGCACCCTGTACCCAATATTAGTCGGCGTTCTTTGACTGGCATAGACCCAATCGCTCCGAGAACTTGCCAAGTACGGATTTGTGCCCGTTAGTTGGGCGCGAACGAGGGAAGCGGCGAAGGCCAGCGGGCTCACGATCAAGCGATCTATACACCCAGACAAGGAGGCTGCTCACTGTAATGGTGTGTGAAATTGCTCAATAACCACCAG,501,52.3,Drosophila melanogaster
SEQ_732642,ACTTAGTGTCGATGGCCCTGCTAACTGGCGCACCGACTGTAGTAGTGTTGCCAACGGGTGGATATAGCACACCTGCGTGAAGTGTTAGCATACGAGCACGTACGCCCACGGAACGGGGGCTCCGAGGTACGATTTAGGGTGTCTATCCTTTTAGCAACCATCCTAGAAAAATAGCTACCTCTTTCGAGCCTGCGAGCGCTCATACGACACAGTGGACCAAGATCATCGGCCAGGCTTGAACTGCATATGGCCGGGACCTACGTGTCAAGGGCCGACTTCTCACTTTGATGTTGTTTGACCTCCTTGTGCTTCCCAGTTTTAGTACTGAGTGGTTGAATAGTTTAGAAGGAGTATTATTTCCGCCATTTTGGAACCTGGGTGTCTCTACCCCGGGAACTGTCAATTGCAAGTCACTGTTCTCGCTTGTGTGACGTATAGAAGCCGTGCTTGGGTAATCGCACCCGGTTGCTGCTAACGTAGCTATATATGTGTACGAATTCATTGTTAAGTGGCAGGTCTGACATGCCGCTATGTCAAGACGGGCTCCAATCGCCTGGAGCTACCAGGGGAGCACCAGTCACATTACGTTGGCCCGACGCGCTAGAGTCATCTTATTCTTCACAATAACCACAACCTATCCCATAAAACGAGTTCTTAGGGCATAGAACTCAAGGTTTCCCTCCGACCCGTGGAGGGTGGCTCGGTTAGTTTCTTGAGATCTTCTAGCGAGTCAACCGACCACTAGCGAGGGTACATTCGGGATTGTCCACAGACATTCCGCCATTCTGCAAGCGTCACCGTCATAAATATCTACCTTCAACAGTCCCAATGGATAGCCACGGTCATGGATGTGACTCAGTATTAAAAGTGCTGTCGCGAGGCATATTGTCGCGTATCATATGTGAACGCTGCGAAGGGAGTGTAAGGAGGACATTTCCCTTATGTTGGGTAGTCTGGAGGCTTAGCGCCACGGGCGATTTTGTGCTCGTAAGGCCCCGCGACGGATGCTAGACTTAAGATATTACGAGGCACCCTCGTAGGAGCTCATCCGTCGCTGCGAGGTAGTCAGCAAGAATGGCTTTTTAGTAGGGAAAGTAGGTCTCGTCAGTCGGGCTTGACCCCAAAGTCCCTATTTCCGGTGAGGAGAGGCAGCTCCAGTATTGTAGTCCGCTCTACTCTAGATCGCCAGCGGCGGGAAATGGTGGCCCGGGATGACCATACATGGTACTTCCCCAGTATGAAGATTTTCTGTTCTTGCCTGCGTCACTAGATCTGGCTGACTGACTAGATGGAAGGACATGTGAGTAGATGTACCCCGCCCTAGGTCTGTATATAGGAAGGCACACTTGTCATAGAATAAGTCCTTGCGTAAGATCTGGTGATGTAGTACTATTGGTTAATTTGTTAAACGGTAGGACTGTATGATTAAGGTTATAACGGGGATCACTGTGCTACGATCAAGCACTTCTAAGGCTAGAAACGTGTGATGACACCCGAAATGGAATGACGTCCTTGCATAGGTTCCTTTGCGTCACCTGTCGAGGCAGATAACGTAGCTTGTTATCGGCCATACCTCCATTTACCGCATCTAGAGGTCTGGAGAGGCAAGCCCGAGCCGTCGCTATGGCCAG,1631,50.4,Escherichia coli
SEQ_425756,CACGAATCACATGTCTTTGTTCGAAATCGGCTTTCGGCAAATTTCAGGAAGCGCGATTCGTCCACGCCCTCAGTCAAAGGGCATATTGGGACGACGTATTAGACGCTTTCAATGTAACAACGTATCATGGCGGGGCTTTGGGCAGCCCTGCGGTTACGTGGCTCTTATTGGGTTGAGTTTTCCATCTGTACGAGCCTAAGATTTCCATCTTTGCTCTATAAACGGAATGGCCGTCGGGCCCGTTACGTGACTCAGTCACCTCAAATGTCTACTGTTGACTCTCATGGTTATTAATGACCCTTTC,304,48.36,Mus musculus
SEQ_758523,TTTCTCATGACCTGAATATACACGAGTGAATTACGAGGACTTTTTCCTGGGACTGAAATCTCGCTCCCCCGAAGGCGTAAACAGGAGTGATTGTGAATTTCAAGGGCGATTCCTGACTACCCTGATGAGAAACTCACCTTAATCATGCGTACCACGGGGTCATATGTTCCAGTCGGGGTCTCAGGTCAACACAGATGGTTCGTTCTTTCGGAATTTGGTGTGTTTCTTTAGGTTACGGGTGTTGCTAGCAAGGCCCTACACATACTAGAGGCGTGAAAGGAACTGGGCAACCGTATCTCCTAACGTCCCTGCGACCAGCGAATACCGTTTGATTCGGAGGTGTACCATTGTTGTTCTAGAGGGCGACGTCTCTGTTCCGCTTCAGGGCAGAACCAAGCTGGCTGAGTCTCTTGCCAGGGTGTGGACTGTGCACAAGAACCCCAAGCCGAACGGACGCCATTGCGGTAATAGCCGATGTCTGCAGCTCTACTCCTGAGCACTGCGCCCCGTACCTCTATATAGACATGCCGGTATTCAATCGACCCAGGCGCCGATTTAATACCCCCATTTTGGCGTTCAGAATAACTTGGATGGTTGCAAGCGTTACGGACTTCCGTAGATTCGCTAATAATGGAAAGCTGATGTCTCTGCGCCCCCGGTCCTGACCGCATATAACCCAAAAACCGGAATGGTGTCGCAGTCCCCACAATGATACAGACAACCAGGATCCTCGGTCCTTTTCAGCCTGAAATCTGTTACTTGACGCCATTCATAACTTATTTGCCCGCAGGTATACACACCATACCAATGTGTATTGGCTTGTACCTGTTCAACTTAATGTTTAGTTCCTTGTGTATGCTGACATTTCTGGGTGGGAATCAGGCTCTAATTCCGGGGGGGCCTCCCGTGTTGAGCAACTGGCTCATGTAACAATAATCAAGACGTGCCTCCACACCCCCGCGAACATGTTCCTCAGAGTTTACGATTGGCCATAACCGGGTATTCCTTATCTCAATGCGTCTGCCTGGCGTGTGCCCATTGGGATCGATTCACACACGGATGGTTTCGACCGTTTAAACTAAAAAAGACCGAAATCGCCAGGAGATTCCAAAGGCCCCGGTAAGAAGTACAGCCTTGGGTTGCGACCTTTCAGTATCTACTCGACCTTAGAATCGGTGCCTCCCGAAGGTCCACACCCGAATGCAGCAGCCAAGAGCCTAAGTTGAGTGTTCGATTCAGATCTCGATTCTGGGTAAGCAAGTCATTGTGTGCGGCTAAGTTCTATCGGTATCACAGCCGAAGCGGAAGTCACTCGAGCTAGGTGCGCTCAACGCTGTTTACCAACAGTCTCGTTCCTTCTACACCGGCAGGAATCCCGGTGGGGTCCATGTGAATCTATGTACAGCGAATATGGAGCTACTCCAGCTTTCAATGCCAGGTGGGTCCGTAAGGATAAGAAGGTGTTGGGCTCTGCTGGTAAGCGGAGCCTGAACCCGACACGGAGAATTCGTTATCTGGGTTGACCTAGCGGTAGCACCTAAAAACGCACCCACCTGCTATGTAACTGCCGACCCCGTTGATTTCCGGTCTGACATGTAGATCATCACTAACAAGACGCGATTCGTTGACTACAACGGTTGGCTTGCATAACGTTGTTAGATGGCCCGTACCGGTGGGGTGTATCTGCGGACTATAGGGCATTGGCTGGATCGGTCCGTGGATTTTCGTTGCTACGCGGCGCAGATGGGACCTACAGCTATTGATCATCGTCATGTTACGTAATGCTTTAGCCAGGTTGGGAACCAT,1806,50.78,Drosophila melanogaster
SEQ_444423,GCAAGCGCGCATCTGGACGTTCTCAAACGCAAGCATTTGCAGTTGGGCAAGACACCACTATTGACCCTTGATCCTCCTGGATTCCTGGTTGGCGCAAAAGGGCTTTGATGAAAAGCTCCCCGACATAGAGTCGTACTCGGGTATCATTTCGGGAGGCTGGGGCTATGTATATTGTTTAATACACACGGATTCGAGAATACATCGTCAAGCGATTAAGCATGCGCGCCACCTATCTCGGTGGACATTATAGTCCATTAGACGTGACCGCACGTAAGGGCGGTATTTCGCTCTTTGACCCGTTATCAGAGTCACGAACTGGCTCAACAGCGTGGAGAGGTTCAGCAGACAGGCGGGAAACTTCAAGAGCACAACACAAA,377,50.4,Escherichia coli
SEQ_602044,ATGGTTTTAGCACCTGCGCCATGTGGTGGATTACGAATCGTTTCTAGACCTTAGACTGCCGACGCGGCTCAAGAGATATCAGTCTCTCGTACTTGCTGCTCGGGGGAGCCGATAGACGATATTGCATATGTATGTCCTTCTCAGGCCGTTAACC,154,50.65,Saccharomyces cerevisiae
SEQ_956983,ACGTTCCGAAGGAACTTTCCTTTCTTTCTTATGAACGAGTTCCGGATAACATGGTACGAGCGCACCTCACCGCGCGTCGTACTATGTAATCTCACCCCGGACCGACACAATTATTAGCAGATAGCAGTGCCGGGGCATTACCCGAAATCTGGTCCT,156,50.64,Homo sapiens
SEQ_374367,TAGCTTATGTTCTAATCCGAAGTATGCGTCCGGTATGCTCAACCTCGCGAGACTATATTGTCGCATGACCCCGAAATATCCAGGCCCGGGTTCGACCTGCGCGGA,105,53.33,Caenorhabditis elegans
SEQ_419161,TTTTCGCGAGTGCGGTGTCCTCACGATCTGCGTCGGGTGAGTCTGATGTCACATTAAATGGTTATCCAAGTCATATAGGGGCTCGGAGGCAAATCCTGCCTTAAGCCTTACATGTTGCTTCCGCACTTTTGTTAAGCCAGGCACCCTTCCCTCCTGCACTACGTTGCTTCAAGGTTTCGTCTAACTGATTACTCTTATGCATATCGTTTCACACTGTAGGTAATACTGGAACGAGGTTTTTCATTTGAGGAACCGTAACGGCATAGGTACCGTTACATAGTGCCTGTTCACTGCTGGTAATAGCCTGCTCGTCGTCAACAAGTATTTTCTAATGCGACCAATCTATCGGCACTTCTTGAGGGTTAACCATGCCCCCCCTCCTTCTTTAACGTCTTGCCCATTACAGCAGTTCCGTTTTAAAAACTTGAATGCCCTCCACGTTGCGGCAAACAACCAAGATGTCTCGCCTGACGGTGACCAATAGTAGATATTACGAGTGCCAGGCTGAGATAAAACGGTTGTGATGATATCCACTGTCGCCATACTGTGGCACGAGTGGCCCCGGCAAGCGGTAGCGTTCGGCAAGCCTTCTATCTTAGTTTGGCCCACTGGGGGCAGTTCTCACGCCCTTCGAGGCTTGATGCCAGCTCAAGAAACTTTTGAGCAGATCGGAGGGTGGTTCCGATGCAATGCTAGATGCGATCGTGTGTAGTGGGATCGCCGTTCAGCACTAGTGACTTCGACCATTAGCCCGGCGTCCAGGGGCTGTGTTGGCATTTTCATTTTGACATCGCGTCAGTGGGCCCGGAGATCGGTTTCTATGCACTCGCCTAGGGTCATTAACCGCAACTTGTCAGGCCCCGTCCATGCCCTATTCAGATGCTGTTAGACTTAGTATAACGTGGACTGCTTGTCTCAATTTCGAGAGGCGGTAGAAGGCGTAGAATATTTTATGGGGGGTAGCCTCTGCATTTTCTCAATGAGGGGAGCATGTGATAGCGCACCGGGGTGTTATACACAGTACAGGAGTGCTAAAGTCCTTTAGAGGGGCACTTGTGAGATTGTGCTGTTACGCCTTACCATTGTGTATGCTCCTCGGAGTGGTCACCTCTGAAGCAGCTAGAAAGGCGTCGTTCATACCGCACTGAATGGACGACTCACATGGTAGGAGTCCTCACTCTAAACAATCCTGTTATCATAGACAGAATCAGGGAGAAATCGGTTGGGGGTGTACAGACGCAAGGCGCGGCAGCAAGTTCGCACACACAGATCAGCAGAAGTTTAAACATGCGGGAGAACTCTGTCAGCCACAAACCTCGATTTTGAGGGGAGGTTGTTACCAACGGTTGTCCGGACGACTACGCACGGAAGTGGGTATCGAGGGGAGGGCTAAATCTCTATTATACTTTTGCGAAATTGGTGAACATGGCAACGGCCACAAGAGACGTTCATGAGAACGGTGTCCATGAACAAGGTACGGCTGTCTCCAGACTTCCCTCTGTTTAACCCCTGTGTGCTTTGTATCCCTAAGTTCCAATGTAGCATTCTTGCTTAGTAATCCTTACACATTACTTTGAGACCATTAGTGGTGGACTGTCTGCTCATACTCGCAGCCTCACTAGAACCGTAAGACTAGCGTATGGGTTGAGGACTCACGCCCCAGGCCCAGGCGATTCCCTGCATTGAAAATAGTCGAACGCTTAAAACCCCATACTCGTGCTTGAAACCCCAATCGAACTAATGTACTGAAACCCGATACTACACCTGTGGAATATCACCCAAAGTTCCCTTCGCCTCGACTTACCTACATGATGCCCCGACTTCGGTAAAGTCACATCGCCGCATGCTACGTGCTTAT,1858,49.78,Caenorhabditis elegans
SEQ_555103,GCTAGTCCTCGGGTTGAACGCCTTATGCGTGTAAAAGGGTCGCAAGTTACATGAGCCGACAGTATCTTGTTAGAACCGGCGGTGTTAAGCTCAAGACATAATACAATCTCACGACAGGCTCCCACCACATGAGGAACAAATAAGCTGACAGAGTTGCCATTCGGGTAGCGGGTGCATCAACCGAAAGTCTTCAAGCGTTCTATACGGGGCAACATGGG,218,50.0,Arabidopsis thaliana
SEQ_287936,CACAATTTAATTAAGCCGCCTACATGCGCCCCGCACGGGATACGCGTGAGATGTTACGATTTGCGCCCAAGACCTAGTAGATCTCGTGAGTTACTAAATAGCAGTATCGGAGTCCATGACGTGGTGCTTGCATTGTTGTGATATAATCCATTTGTAATGCGGCTTATTTTTATGGTGCCACTTTACCTGCGGCGTGTCCCCCCGCTTATTGACGTAAACTCACCTCGCGTCAAGCAACCACAATTTGTGCCATCGTCCTCAGCTTGTCCCTTCCTATCAATGCCCCGCTCACTGGCACGTGGGGTTCAATTCTAAGCACTAGCAGGAATCCTCAAATGACATGGCTGCCTGCAATTCTGGGCGTTGATAGATCGCATGGTCATAAAAGTTGCATGCGCTAACGGGTATTATGCGGCAAAACAGCACCGTTGTTATCGTGTCTCGTACAATCTTATTATGCGATATAGCACGCACTCGGACCACTCTGTGCGTGATAACCCCACGATCCCGAGCCCTCTGACAGTTA,526,49.24,Drosophila melanogaster
SEQ_525854,GGTATTGTCAGGAATCTCTACGATCCTTTCCCCAAGCCCGACACTTAGGGATCATATAAGGGCTTGCCTAACGGGAGAGGGTCGCGTATATATACTTCTATCTATTATGGGGGGATTTGGCTGGGGAGGGGATAAGAATACCCGGGTAGTTAATCTACCAGATCGGATATCATTGGTCGCGGGAACAAATTTGCCCGTACTGACATGGCGGTTACCGACTTGTA,224,48.66,Caenorhabditis elegans
SEQ_721461,ACTCCGAGTGCCATAAGTTCTCTCGAGGCGGCTGGGTCTCCTCGACAACCTGCCTATTATCTACTGTGTTCAAATCATTACCCTAATGGCGTTCAAAAAACGTCATCGGTTGCTGCAATCCCCATTAAAATGAATTATAGCGGAGTGCGCTTAGCAAGCCCGACGCATGGTTGGACCAAGAATAGAGCGACGGTGGGCGTTATAGTCTTCTGGTTTGAGTCGATGCTATCCGAACCATATGTAAATAGCCGAAACACACGCTACATTCTTTGGAGTGCAATTGCCAGCGGATAACGAGGAAGCTCTCGGAATTCAATCGTTAAGCGAATCGTTTTAATTAGCGCGGCAGCTGGCGAAAGGGGTGCTGACACGTCCACAGAAGTTGAATTGTAAAGGCTGTAACGTATTCAAGTCTTACAGCAACTATACAGGACTGGCCCGGATGTGAAGATGTTACTGCTGACAAATTCACCCTAACTCGCGTGAGTACACATTGCGGAACGATGTTAAAAAGCTGGTTCGTGACTACCGTCCGTTTACCAGCTCTCACTCCGTCTACTCATGCCGGCTGTACAATCGGTTGCCCTGTGGAAGACTGATCCACTGATAGTGAGTACCAGATATCCAAGTGCGTCGGTTGTAGTGGTTTAACTCAGGCGAACTGGAGCGATCAACCCGAAGCATACGGCCGGAAGGCTTAATCGCCAGCACCTGGGGATCGACGCGGATTCGCTATCAGAATAGCTTGAGGAACGGATTGACTACATGAAAGATATGGAAAGTACTGCGGCGCGAGTTGCCCCCGGTGTCATGCTTTCTAGTGGAGTAGATCTCCGGTGTTGGTGTCCCTAGGGGGTTTGTGCTTGACCGAAATGCCGAGCATCTTCCGGGAAACGGATTCAGGGGTTACAAGTTGACGTGCGACGTATAGTAGACAGAAGTCTGGTAGCCGCGCGATGCGACAAACCTGCAGAGAACCTCCCCGTGATGTTTCTAACGTACGCATCTTTTGGGGAAAAGGGTAGCTAATAAGCATACTAGCGACCTACTGCGGCGGACTGACACCA,1067,50.14,Saccharomyces cerevisiae
SEQ_808067,ATGTTGCTGATGTATGCCGCATAGCGCTGACCAGGAAGCAGACACCTTTGGTTATGCCTCATAAGATGTACCTCGCCGCGGAGCCGTTCCATCATATGATACGGGGTGGTCGCCAATCAGACTGGCCCTTCTCACAGCGAACGCTGCCTTGTTAATGACCGAGGCGTGTCCGGCCCCCAGACCGTTCAACCCGATCTGGGTAGGAAACTTAACAATTAAACCCCATTTGTGGGGCTCCCGATAGGTTGGGAATACTGGCGCGTGTCAGAGAAATTCAAGGAAGACAAACTACAGTCGAATGATTAAGAATAGTTATTCGTTAGTACGTGGCTGCGCCGTGCTTATATCTTTTTTACCAATATGCGTTAAGGCGAATTCTACTTCTACCCGATAGATGCCTTTCGTAATCCGGATTCAGTATGTAGTTGACTGTGGTGATCGAAGTCGAAACCTGCCCGTGAGACGTACCCAAATCTTCCTGGACCTGTTAACACTGTTAATTTACTGCAATGATAAACTGCTATACCGCATCGTCATAGCTTCGGTGCCCTGTAAGGTCGACAGGCCCACGCTATATGGACTTTATCCGAACACTGCATCAGGGGGCTTCCAGTCACAACCAATTAGTCCCCTACAGGCATACCAAAGCTCATGCTGGCCACGCTCCTGTTCACCGTGTCGGGCATTCCGAGACAGATACTCGCGCGCATAGTGCAGGAGAAGGGGCGATAGGATAATACATTTGCCTCGTGAGCTCTTAATCAGTTAATCGACACAGAGCCTGCCAGAAAACTGATCCGCACTCCGCGTGGTCCCCCCTACTACTACAGC,831,50.3,Homo sapiens
SEQ_940898,TTCTTCCCTCGCGTTACGTGGGGCGTACTCCAAGGGCTGTAGAGAAGTCCGTCTACAGGGTTATGAGGGCAATGTTCTGGCGCAGAACGTGTCCCTATGCCATAGTAGTACGCTGTACAAGCGCCCTTGATACGCCTGGAGCATTTCGTTTCTCGCCATTCACACGAGCAAGAAGGGACACAGAACACCTTTGGGAAATTGTGGAGTTTCAACAACCGACTATGAACTCTAATAAACACACCGGCCAGTCAGACAGTGGTCTTAACAGTGTGTGACTTCACAGTGTCGTGACATAACGAGGAGTCCCCAGAGCCCTCTATCGCTCAAGCCGGTATGTAATGTCGGTTCCCTGTACTGGCGACGGGAGCGAAATAGCCTCGGTCATTCAGGACATGTCGATGACTCTATAAGAACAGATCGGATGCGGATAAAAGTACCGCTGAAGGGATTGATCACTATCTACAAGCATTAGCGGCTCGGTGTTGTTCTTACAAGACGTTTCTTCAGACAGGTCTTGAATTTTATCTCCGGTCTAGGATACGTTGGCCCCGAACTATGTCGTCAATCGTGCGTGGCGGAATCTCGTCACTCATCCCACCAAGTCCTGGTCGCTGACTCGCGGGCTTTAGCCCCTCTTTAACCTAATCACCAAAACCTCCGTACATCCATTCCGGGGCTTATGCACACGTGGTCGTCGTGACATAACCAGCAAATTATTGGATTTTTGTTCCTCATCATCTACATGGGGTAACACGTGATTTTCTCAGAATACC,773,49.68,Drosophila melanogaster
SEQ_982857,GAATTCCGGCGCCTTCATTCAATGCTAATCCGCGGGCGATGCACTCACAAGTCATACCCAGAGCACGGGTATTAGACAACTTTATCAATCTGCCTGCCTGCACTCAGTGCACTGAGTGTTGATGTGTAATCCACTTAAAAGATTTATGACAGGGTCTCAGGCACTGATCAAAGTTGAGCGCTGGATCCCTGATAGGACTCTCCGCCGTAGCAGCAGAAACTAACACGTGGCACGGAACCAGCTCCGGTCGATTGGAGGTGCGTAGGTCGTCAACCCTTGGGGGCAGTGTGTCCGGGTTTACGATTCCTTAATACTACTAGAATCGAGGACGTGTGCGCGCATTGGGAAGCTCTATGGGGTATCTATCGGGAGTGCTCTCTACTTAGGTATGCACTGTCTCCACCACTATCGAATGTTTCAACATGATACCATACGGAACGGAGCCGCCGCAGGATGCGTGCTACATGTATAGTGACGTGTCTCAAATCCCTCATCTCTTCTCGCTTGTCGCGGCACCATTGCCCAAGAGACACATGATGTAATCATAGACATAATGGAAACGTAGATTACCCCAGATCGACACAGCAACTCGTTCCAGTGTAGTTCTCATGGAGACCTAGTTCTAAGAGATTAAGCGCTTCGGAGTAGAACTAGGAATGGATTGAGACTTGAGCGCGCGCCATAGCCCTTATCGTAGCGGCTCTCGCCCCCGGAGAGACTAATAAAGCATTAACGTCAGTCCCGGAGACAACAGCCTGGTATCCCATAAGAAACGTCGTGTGAATGACCAGGGGCGCCTAAGTAGCGTAAGGGACACTGGACAAGTCCTTCTATTAGTCCGCGTCATAAACGGCGTGCCACCATAATAAGTAGACGGAAACATCTGAGCGCTCACCACCTGATACACTCACCGGCTTTTAACGCTCGCACGGCTAAGCAAACAATAAGCCGGCAGCGCCCGCGAAGGAACGGTCCTGTGAGTCAACTATGCACTTTAGCTACTAGATAATCGGACATGTGGAGATGGCGGTGCCGCGACCAGGCTCTCAGTTATCCGCCGATAGAGTCACTTATGCGGCCGTATAGTTGCTACGGCACGTGACTTTCAAAAGGGGATACCGGCTAAAACATCTTCTTCAAAAGCCTGAAAAGTACTAACACGAACCGGTGCCGATAGTCTCGCTGCTGTCGTCGCAGTGAAGAAGGGTCACTGTCGGTGTATGGACTGGCTTGACCCGCAATGGAGATCGCAGAACAGCATCCAAGTGGGGCCCCATGCTATTCGATGAATAGGCTCATGTGAAGTTCTACTATGGCCTCATTTCAGCACTACGCAGAGCGCGTGCAGTCCGATCCGGATTGCTTCGCATAAGCTACACACCAGCAATCGGCCCAACACAAAGCGATGACATGGGGCGTGGCTGCCTCCGAGACTTTACGGGGACAATTATATGGAGTGCGGAACGTGACTTCTACTAGAGAGTGCTGGAAACGTCGCAAGGTCCACGCCGACTGGGATATCGACCGCGTCAGGCGTGTATAAATCAAGGTACCTGACCTCGAGTGGGCCCTGCCAATCTGAAGAGGGCCTTGGAATTCCACTGGACAATCGTACGGACGGTGTAACGGGCGCTTTGTCATCTTTACTCCGGATATCGGGCGGACCAATGCAT,1673,52.0,Homo sapiens
SEQ_231964,TTTCACCAGCCCGGCTGCGTAGGCAGGCCCGGACCCAATGAGCCTATGTGACGCCCAGCGTCTGCGCAATCCTTTATATCCGCTATTTACCCGGTACCTCTGTTCTAGTCGTGGAGTCATCGCTCGGACCCATCGAGTTTGTGCCCAGCCCGTTCGCGACCCTGTCCATGGCTCGGGCTAGCCCAATAACCTATGAAACACGCGTAACTGCCAAGAGTCACTGGCATCAAGCGCAATAAAAGTAACGTTCATCACTTTGCTGATGAATGACGGCCCAGTCTTTAAGGCATCCGGTCAGATATTATACGAATGTCTTGCTATGCTACATAAATCTAGCGTGGAGAGTCTGTGTCATTAACATTTCGTTAATTATGGTCCGATTGGGGGCAAAAGCATGAAGGGGACGTTTTAGCCATTAGTTCGGGCAAGAGTTCTACTGTCCTATGCGCGCATGTGCATTGGCTTCGTAGAATAGCCATGTACCGCGACGAGGACCTCCGCTTGAGGGGGCCCCATATCTACGCCCCTTTGGGGTCTAGATCATTGATCGCCATCCACAAGAAAATCAACACAGGCCGTCGTATTGCCTGTGGCCGCTTACATACTTACGGAATTCATTGACGCCAAAACAAGCGCCGATTCTTGCCATCTAATTGCGGCGCTGTACAGTATATTATTCTGGTCGTCTAAGCACTAGGCCCTCACTGCCAACAACCCTATTTACTTCAAGAGCGAACTCTATACCGTGGCGTATAGCTACATAACGGCTACTTCTCGCAAGTTGCCAGTATGACCGTCACACACCCATACACCAGCGTAGAAAGACGCTTTTTGCGTCTCTTGACGCGCCAGGGTGGTGTGGCCGTCGGTATAGCTGTTATAAAATGACAAAGAAGGTGAGCTTTTACATTCAGCGAATACCAAGCGTACGGTGTTCGATCGAGCGTCCCTTCATTGGAACTGAGAAGTAAGGATTGGAACCTTGCACCGGACGATTGTTTGGTCGCTCCTATATTTAATTAGATTTAATTTATTTTTATCTCCGATGATACTCAAAGGCTTGACCCGTAATACACATATAGCCCGAAATTGCATAAAGTTACAGGGACGTGAAAGGCACCGCGTACCGAGCGAGGCTAGCGAATCACGCTTGAAGCAGTCTCCCGAACAGGCTCGTTAACCCATAATTCTTACACCGTTCTAATTCTGTAAGCCTTGCTGGCTCGGAATTGAACCCCTAACTGTGGGCGCTCGGCGCCCCGAAATTCATGACGATTGTATGTCTCAGTTAAATTATATCACGGTATACTGTATTGCCACATGTGGCTTCTCCTGCTGTCGGAGGGGGAGAGAAAGGATCGTCCTGTAAGGCCCTGTGTCGGCTACCAATCTCGATCACTCGTTCAGTTGAGCTGACCAATAATTCCCTTATTGAGGATTCAGTGCGTCTACGCGGCTCGATCACAGGATTACTGTAACCTGGCCATAAGAGGGACCCATCTTACAGGGCATGGGTGCTATTGAAGTTATGC,1532,49.28,Drosophila melanogaster
SEQ_770271,ATCTCTTACGGCTAAATGCATGCAGACCGGGTGATGGTAAATACCTGCTAAAGACACATGTAGGCTCGCCAATTTAAAAGAGCGGTTTCGCGTGGGTCATGAACCCACATACCTCCCTCGTTGCTGTATTATTCAGTCAATCGCCCTCAGTTTCTTGACCGTGAGCTGCATGGCTACCCGAAAGCATTCTACTAACGTCCGTTGCAACGCACCTAGAGCTGTTGTTTGCGGGCCTCATCCCTTAGAAATGTATGGGTCGATTTCAAGTAACTCCATTGTGCCTTCGCAAATTCGGAACCGTTGTGCGGTTGGCGCGGCAGTGGAAGCTCTAACATCAGCTGTCCTGGAATACATATCATCCTCGACCCCACTCCGAGCGTAGGTTGGACTAACAAAAGCTTTGTGTACGTGATCGACGGCTTGTTGAATAGGCGGAGCACGTCTGGTCAAGCGCGGGAGCTACTCATAGGACAGCTTTGCCCATTGGCATGCTATGTGAAACACCGTACCCTACACCTATAAAAAACAAGAAA,533,49.53,Arabidopsis thaliana
SEQ_787003,AGAATTCGCCTCAATACCTGTTGCTGAGGCGGGCCGCTCACCTCTCTCGCCTGGCACGAGCA,62,61.29,Caenorhabditis elegans
SEQ_445190,TCATAAAAAAGTTTTGTCGTTTAATACTCCTCATCTGCAACTCAGCACCGTATAGATATATACTGAATTTTGGAGTCCTGAGGAAGCCGCTGCAGCAGGATTCCCAGGCTCAGTTAATAAAACCGTTGGTCAGGTCTCGATCCAGACTTGTGTCCATGCATTACAAGACTGGCCAACCCAGGTCCCGAGTACTTTCGTAATCCGATACCCATGGCCCTATCCAATTAAGCCAGCCTTACATAGTGAACGCTGTATTGTGGGACGGATTTTAGCTTCCACGCTCATGCGAGCGAATCGTCAGGAGGGAGGTCTAACGTGATAACTCATAACGTGCTCCTTAGACCGGGCCGATTCCACGGTATGTTAACGCTTCTGACAGTGATCTAGTGACACTTCCAATCTGGGGTCAGCAGGTGGACCCATCTGTCTAGAGGCTCGAGTTCACGACGGTGACGCTTCTCATTATAGGTTATTCTCGTATGCTACAGGCACATACGAGCCCTTAGTCGATCATGCCATTGATAGTTGCGGAGCACGCGTCCTCTGTGATACAAAGTTCTGAATGTCTCGTGGCTGCTCGGAAGCAACGCCCATGTGTATAAGTGCTCTAGTCAACTGAGAAATCATACCAAACTAGCACGCCGAATACCTAAATCCTGGTAGAAGACTACAAGGCAATAACTCGCGTGTTCGCTGAGAATTGGTGGTCCCCGCGTCCAGTTTTGACTAACCCACCTTCAGCCTAAGCGCAAGAACTTGTAGGCAAGAGCTACGCCAGTGTCCCGACTCTATTGCAATAAAGTCGGGTGCAACACAGCTGCTGGTGGTCTGGGGTTGAACCAAACCGTCAAGTCTGTTGGCAGCGTCCAATCGGCCTATCCTGCCTCGCGAGGTACCAATTTGACCCCATCACCATCCAGCGCAACACGCCCGCATCCATGGTTCATATAAAGAAACGCTGTCGACTGAGGCAACTGGAATATAGCTGCCCCACAACCCTGTTAAAAACTGGAACATATGACGCATTATTGCGCAAGGGGAAGGATTGGTCTTGATGCTGGCGCATCCGTGTGGGTTACATAGCACGTACTACTAAAGTTGGCGACATAAATGTGTGTGAATAGAGGACGCGCCTAAATCCAACGAGTATGGCGGGCCGCCCATGTCCCTTAGAACCTCACACTCACGGAGCTATCACGCAACTTATCGTACCCCAACGCCGACCTGAATCTTTTCTGATCTCCCC,1246,50.0,Saccharomyces cerevisiae
SEQ_646066,AAACCGGCATTATCGCGTCCGACTTGACAGACACAACACATGGGCTGTTTCGCGCACCACTACTCCGCCCTCCGACCGGGGACTGGACGTATTACAATAGGAGGCCAGGTACATTTGCGATTGTTTTGCTACAGCTGGACCCAAAGTTTGAAGGAAGACATGGCAGTCGATGGAGCTCAAGGCCCTTCGAGAGTGTCCCCAATGTGCTTCGCAGATGCATAACAGAGAGCCCAAACACAATATCAAATTAATGCCGTATGTAATCCGACGTTGTTCACGGTCGGCAGCGAAGCTGTGGGGTCGATCAATATCACTCCGGAAATGACTTTACGGACAACTGGGCACTGCAAAAGCTACGGGAGGTATAATCATAAATTTTCCTTTATTCGTTTACGTGGCGGCCAAGTCTGACGATTGCTTCTGTATCGATCCAGGTACAAAGGATACTTGACTCCTAACTGGTTGGGTAGCTATGGCGCCATGATTGTACCATGGCCTACCGATGACGCACGCGTCCAGTACATTCCCGGTGGTTTCTAGTCCTTCGTCCACCTCTCCGAATAGATACAAGTCAGCCTGCTCGCAGGGTATGCTTCTTTGGCTCTTGATGAGCAGTAGTGAGGGTCTGAGCGTTCCAGCAAGGGAGACCGAATCCCGTACCATTGCAGAAACAACGATTAAGCC,684,50.58,Caenorhabditis elegans
SEQ_324147,TCCAGTAGATAGCTGGCGGAGTTCAACGGTGACGCCTGACACTCCTGGTGAAGCCCCACCCAGCAAGACACGAACGGAGTCGCTAGGCTTTTCATCGCATGGCGTACCCCTTCGGGGTACGATACCGCGATTAGCCCGCTCACTGTTAAGAGAGATGTTACAGCTGTGAAACACGATGCTTGTGCGCTCCCTTACGGGAGACCCAGATAGGACCTACCAAAAAAGTTGAATACCCGGATTACGCATATCCCCTTCGACTGCTCCATAAAGCTACGACTCG,280,53.93,Mus musculus
SEQ_911871,CCGGTGATAGATGGCCCTCAGTCTGGTAGCGAAGGATTGGCTCTCGTCCAATTACACTTTTGGTGATTCCTAACTCAGCGCAATTGAATGCCACGACAGAAGGCAGTCATCGACTCGTCTTGGTAACCGAGTGAGCAGCAATCGTTTGGGATAGGTCACCCCAAAAGCAAGCCGCACTGCATACGAGAGTGGGAGTAATAGTTCAATTCAATTATTCTGATCAGATTCTCCGCGCTACAATCTTCCGATATGTCCGAGGAACTTCGTACGAATCTTGGGAAAGATGTCCCGGTGCTTGCGTCTGCAGGGTGACCAGAAGTGCCAGAGATACGGGAAAACTCATAGTTTGTGAAGAACCAACAGTATGCGTGGTCAGACCCAACACCTGGCCCCCAATAGATTGTGAAGCTGGCGAATGGGAGGAAGGCCCATGGCTTAAATCACTCAGAGGGTAATAACTAAGCATATGTATCCGCTTCTGCTACGCCCGGGGCGTCTTCAATCATGCCCACGCGTGCTTTCATAGACGCGGGGAACAACACTCCACTGATCCCCCTTGTGCGTGAGAAGAGGAGTGCAGACTACCACTCCCGACTCTTTGCCCGTGATAACCCAGAGTGTTCACCCCTACATTGTATGTAAGCCGAAATCCACGACTATAAACCCTACTGGTCCATGGGCGATAGAAGCGATATATACGATGTAGAATCCGAGCAATACCGTAGAAGATGAATCGTGCGGGGACTCCGTAGAGAGAGCCAATTAATAATTATAGTGACGCATTGGGGCCTCGTTAAGCTCCTGACGGTGTAGATTCGCGCTATTTTCACTATACAGGACACTAGGGGGTTACAGCGACGCCGTCTGAAGTACTGAACGGCATACGCGACTGCAGAATCGTGGACCGGCAGGACTTAGTACTCAGTGACGATGGAAACATTACGCGGGTCTCCCTTTGATATAATATACGACCCTTAGGCCAAGGAGAGTGTTCGGCATACAGGTTAACGACACCACTCTTTAATGCAGTCGACTAATCTGCCCTTGTTCCGTTTAAAATGTCTCGACATCATGCGGGTTTTCTTAGGCGTACTTGACCTTCCGTGTAGGACTAGTTGCATCCCATCACCTACTAGCAAGCTAGATCAACACATCAACACGGCGGCGTATGGGCCTCTTGTTGTACTATGCCCTCTGTAGTGCGCCAAAGATTGACACTTCGGTAGGAACATGGCCTTTCGCTTAGATAA,1250,49.68,Escherichia coli
SEQ_517256,AGTGGTGATCGAAAGTGCGAAGCGCGTATTTAGTCTGCCTTGGTCACCACAACTGGGCCTTCAAATTGTTTTTCTGGCTAGCGAGATACCGGCTTCAGGTCGTGTGCCAAAGCCCGGCACCAACTGACCTTCGGTCCGCCGGTCTCAAGCACTGATTTGCAC,162,54.32,Saccharomyces cerevisiae
SEQ_706522,ACCTTCAGCGGACGTCCCTTTGGACGCGACCGCTAGGCCACTTAGAGGCCAGTTTGTGGTACCCAATCCCGGCAATCTTTATACGATCCCGCTGCAAGTAACGGCGGTCCACGTTCCCCCTTCCAATGCGCTCCAATATGACCCGTATCACTGTTTGTGTGGAAAACTGCGCGTTGCCCCAAGAAAACCTAATATTCTTTGACGAGAATTCCGTACGCAGATCAATGTCCCTCGATACCGGTGCACAGCTAGCCCCAGATTAGTGCATATTCTATCGCCCTACTCGTGTTTCTTTGAATCTGTAACTTACCACGAGCTGATAGGGTCAAACGGACCTAAGACTGACGATGGAAGCTCACCGAACGGCCAGACAG,374,51.87,Arabidopsis thaliana
SEQ_873234,GGCGCCGAACCTCCCGGATCCCAGCCTTCCAGAAGATAAGGAAAAGCCGAGCGTATGTGGTCCAAGCGGAAACTGTAACTGGGAGACTCCTGACGAGCCTAGTGCACTCTTGTCAGCTACGCCGGCGCTTGCAGGTGAGGATTATAATCTCGTCCTCCAGCTCGCCATGTTTGTACACTCGGGGTATAGTTTTGTCTGTGTCAGCTTGGACCGATAACTTCCGTGTCATGCCACTATCGAACGACCTGCATGTATAAAAGGCTAATTCATATTTGGTTAACAGGTGAACGGTAGAAAAGTGCTCGTACATTACCTCTAGCACATGGGTCTCACAAGGCACTCAGGGGCAAGGACGGATGCGAATGAGATTTTAGGTGAACGATGCCAATCTCACCTACGCGATTACTCTCGGAACCTGGGTAACATAGCATTATTATCTTACTCTCTTGGTTAGAAGGACAGCTGGGTAACGATACCTCTTTCCATAACGAGAGAGTGGAAGCAAATGATGGTAATCTTTTAGCTATCTCGACACTTAGTTTAATTTAGCTACGGTCTCCATTAAATCCGGCAGAAGTGTCTTGGTTCACCTGGATTTCCTCGCAGATGGTGCAGCCAACTGCCTCCCATATCGTTCACGGACCTAAGTAAACTTTTGATTAAGATACCTTCAATGCGTCGGCGCCAACTTACCCATGACGAGTTTCGGCGTCGTAAGTTTAAGCAGGGGTCCAAGGATACCTTCGATCCACAACCAATCCCGATAGCGCAGTGATGTCAATTGGGGAGAATATGGGAGCCTCAGTCGTCTCCGGCTGCTCACTCGGTCAAGCGATCTGACCCGATCTGAACGTTGGACAGGGTTTTCGGCGGGTACACGCACTCACACGAGAACCTTGAAGTCGGCACCTGAGGGCCCGGTATCAGCCGCAGCTCTGAGAGTTCACTGTCAGGCCTTCGGCGTTAATTGCTGCGCCTCCGCTCCGCACATCCCGGCATTCTAGGCTCACGAATAGTCGAGGAGGCGTCTGCTCCAGAGTACCACGCTATTGGGAATACGAGAGAAGTGGCCGTCCAGAACAACACGCCTGCAATCTCAAAATAACAGGTGGTGTGTGAGACCCCCCGAGGTGACCTCCGTACTAGTTATCTGAAATGTCTCCCGATGCTGCTGGTCATCGCAAATGTCAAGCACCTGGATGCATCCTAGTCGGGCAACACAGATACCATTAACTCTTACTCTCATCACCGCGGGCTACTGAGTCAGGACGCCCGCCAAGCCGCACGCTGAACGCGCTAAACAGGAGGGCGTCGAGATGAAGGTCGCATATCACCAGCACAGCAGGAAGTCTCGAAATCCGACGTTCCACACCTCTTGACTTCGTTAATAGACGTGATCCGTCGATTTTTGCCGGACCGCCTGCTCCATTCGACTGGGGCCAGCATATTAATATCAGGCGACCCCGCACAGGCGTTCAGCCTGGACATGATAAGGCGGGAAATAGAGGAAGAGCATCTGAATCCTCCTGGTGCCGAGTCAATACGGCGGTGACCTATTCTGTCGTGTCAATACCAAACGAGGGCATGCAATGGTTTGACAACGATATAGGACCTAAATCCGATGGCTATCTCCGGACTTCTTAGTTGTGCAATACATGTTGTTCCTTTGAAGTTGCTGGGAGGAGCATTCAGACAGGT,1698,51.47,Caenorhabditis elegans
SEQ_814284,GCGACCACCGGGGAGGACTGGAGAAGCAATCACTAACCTTACATACCTAGTTTCGAGAAGACGCTCGAGGCGTTATTCCCGTGGGGTGAGTTGAGATGGACAACTTCGTAGGGGATGGTAGAATCTGGCGTCGAAATTAAGATCACGACTTTTCCATCCGCGTCGCCTGCGATTGCAGGGGTTAACGAAGCGCATCGGAGGAGAGCGAATTGGTTTCTGGCGGGTAGTCGGGAGTGACTACGACTTAGCCATGCGCGCTTGACTATAGCACGCCGTTTAATACCGGCGGTACACATGCGTTTTATTTTGTGACACCTAGCCCGCAACCCTCCAAGGAACGCGTTCCGGGCACCTTGGGCTCTATCTAGATGAATTCTACTTACAGATTTGGCGAGGGCTCTCAACGTCCGGAGCTATCGACTCTCGCAAGTGTACCAGATAAGCGTGTAGAAGGAGCAACGCACTGCTCTCACTAGGGGAGCGGTTTTCTGGCTGTATGCATGGCGTGTCCGAGAAACCGCTTTGCCTCCATACCTCAGCTGGAGACTACGCGTATATATGTGGTGAATTCCCCGCGACATGATAAGTCATAGCTTAACGGGTTAGACCCAAAGGTCCTCCCCAAATCCGAAGAGTTCAGGCAAAAGTGACTCCACGCGGGATCTCCGCTCAGTGCATATCCTCTTACTTGAGAAGTAAGTTCCCGTCAAATGGGCCTCATAGATAGTTATCCAGGCGGCAGCTCAGTAACGCGAGCTAGTGCCACTAGAATAATACCGTGTCATTGAAAACGAATCTCAAGTGTGCCCTGCTTACGACATTATTCCCGCGCGAGACTAGTTTGGGACGAGCCGCGAACTTCGTCCGACACCCACGCATATGTCTTGGTGTCTGTATCCTTGCTAAACCACCCTAATGACTACACCGAGGATAAAATTTAATTGCTCAGGAGCCAACTCATCTATAAGTTTAACCGGACAGGGCTTGCACAACTGAAAACTAAGAGGGATTATGAAAATGATTGGTCACTCGGTTCGGCTCCGCCTCTAGAGAGACGGCAGCAAAGCCGACGGGCTTCACCGGGCGCGAGAAGCGCTAGCTGCGGGGCACCTGGGTGATTAAGTAGTGGTCCTTTCCGGGCTCGGCCATTAAGCTACTGGATATGAACGCGGACTCGGGCTGTAGGCCAGGGGCGATAGGTTTTATGTTACGAGCGCATAATTCCATTCCTGAGCGGGGGCGACGGTTCTGAAAGGGTAACTCATATTTGATGATGACCATCAGTTTGTATTATCGCGGTGAGAAGGATTAGCGTGGACATCCCATTAATGCCAAGAATCCCAAGCGCGCCCATGTGATGTTTATTGTCGTAGTGCTGCGCGTAGATATGGCTTGTCCAGTCCACATTATCAGAAGATCGCGTAGCCTTAGGTCCATTGCTGCGTAAATGATTTAACAATCGAGACTTCGCCAAAATACCCAATAGTGAGTGGATCTTCCCTCAGCTGCCAGGGTAGCATCCCATGAGACAACTACACGGACTGGTCCGTGAGATTAAACATTTACCCAGTTACACACGCTTCGCCTTAC,1590,51.13,Escherichia coli
SEQ_166146,ACCTCAAGTGTTCCCAGGCCATAAGCCCGTAGACGGTGGATCAGGAGAGAGCCCGCTGCCATATCTCCTCGAGCCAGAGGGAGCCAATACGAACCGGGGGAAGTTCCTATCTCGGTTCATCCTTCTGCAAAGAAGTGCGAAGCTTGTACGTGACGTAAGATCTTCCTATCCTGTAACGTTAGCAGCAATTCATGGCGCTTGCGGACCCATCGACACCCGGATGTACATCAAGCAATGTTATAAAGAAAGGACAAGGCAGGAAGCGGTACAAGTGGCTCATCGTGATAAGACATGCATAATAGGTACGGGGGCGCTAGTTGTCCCACCACCACCGTTCACTCGTTGCCCAGTAAGCCCCTCCTTAGTATCCTTAGACTGAGAATGCGGGTATACGCGGACTACCAGCTCCACTGCGTAGAGGTACCTGGGGTTGTGATGTATCTCTAACGGTGCCAAGGGCCAACGCCAAAGACCTTGGGTGGGTAACTTCCCCGCGGTACACCTAAGGTGTTGTAACGACGGAAGGTAGGAGGCTGATACTTGCATGGGATAGATCGTCAGGTGACCCCAGAGTCTAATCAGAAACTCCTAGCCCTGGGGTGGACCAAACTGCGGTCTCTGTTCATACGCACCGCTGATTCCATTTTCGAGGGGCTCCGAGAACGACATCCACCACTGTCCCATCCCTTTCCTTCGCGGCCCGACTTTTCCATCCTATAACCAGATAGCTAGCATCGGAGGGCCGTGCTTACGAGAACTGCATCCCTTTTAGGCGGCATGTGGTGGCAGGTGCGGAGCAGCTCTCGGTAAACAGACTTTGGATGTTAGGTCGGTTCGGGAGCTGTCATGTTATAGGACCATGCGTGCGGCTTCTGCTCATAGTCAAGTCTGGCAAGTGTGAAGACGACCGCTGGCAGTAATATAATGAGCTGTTAACTGATCAGACTGCGTGGGTCGACTGGCGGAAGTTTATTAAATCCTGGGCCTTGCTACTCAGTGTGCGAATCGAGAGGACTGGTATTAATGCGCACTCGATGTGGTCCCCGCTACAGCACTCGAAATATAGCCAATCTGCCGCGTAGAGCTGACGCCAAGCTCCTGCCATCGCACATTCAGCTAGGTCCACCTTTTAACTCATCAAATCACTGTACTCAGTACCTACTCGATATTACTTTACCACACGATTACCGCAGGTCCCCTTAACTTTAGGTCGGCGAGATGGTGCTGATGGTTGAGAAACACACATTACAATCCATCGGTCCAAGCGGAAGCCGCACTAAAACGAGAACGCCCCGGGTGGGCTTTCATGGGGGCATGAACGTCGTACTCAGGAATGCAGAATATATATGAGGGCCCTCATCTTTTTAAGGGCTACGCCATCTTTCTCTTGTATCCCTTCCGGCCATCAGGATGCGTCAACCGATTGATCCGACGGACCGTGAACTGATGCGCATGGTCTTAATCCTCGTTCTCCAGTAACCCCACCAGCGCCGGTAAACGGTCATAGATTGGAGAGAGGAAAGAAGTGGCGGTCGCTCATCTGCACTAATAACTATCTTTATGAATACAAAGGCTGTTGTTACCTTTTTGATACTACGTTTCTCATCCCACTTTTGTTATACGTGCCGATAGTGTTACAAAGGAGACTTGGACGTTATGACTAAGCGTAATCAACTCAAAACCCACACTGATTATGAGTACAGGATTTGCTACGATCAAAACATTGGAGAGCCCGCTTGCAAGATTTCTGCACGCCGAGTTACTGGGCAAAATCCTTTGGCACCATATCCCCAGGTGATACCCATATGGGCACGCTAGCCAC,1822,51.15,Homo sapiens
SEQ_119381,ACTCATCAATAGCGTGCAACAACGTAGTGACGAGGGTTTGAGAAGTACCAATGAGAATCTATGCCCCCAACTCAGTCTTCATACTATGCTACACCATAGGGACGCCCTTAGTGAGGTTCAGCACTTCGGTCTCGTAAGTAAAGCCATTGAGGGCGTCATCGATTGTCCGCTCTTAACTGCGAGTAGCGTTGGCGCAGAAACACAAATTGGTTAGACATTGACGTGTATAAGGGGGTTCTAACCGTTATTAGACCTGTGGAGATGTAAGGTTCACTTGTACAGAATGTCGGCTCCAATAAGGACAGTATGGTGATTAGCCCTCAAAGCAAACGCCAGTCTCAATCTCGGACAGGGAGGTGAGGCGAGACGAAAGATTATGTGAAAACAGCGCTGCCACGCGGCGTAATCGATCTTCACGCGCTCCGTCCTTATGATCTTCTAACTTCATGATGCTCGCCTCACTTAAAGTCAAGGAGAAATGTCGTTGCTCAACCATGAAGTTGGGCCATGCAGCATAGTCGTTGAACCCACATGCAGCCCTAGAATCAACAGCGCCTTGCGATGTTGGGGTGTTCAACCTACTTGGTCTCCATAGCCATCTTTGCCTGCCACGAACAGTGCAAGGAGCAGGAGGACCGGGGCGCCTGATAGCTGTGCCCCAACTGACGAATAATCTAGCACAGACTATGCAAATACGGTAGAACGATGAGGGTAGATCTATGTGGCAGTGACATCGTGTCGGGTCAGACTTGGCTACTACTTCCGTAGGGCGCGTATCGGTCCATACCGAACTGGTGAGATCAGTAG,807,49.94,Mus musculus
SEQ_377152,AAAATTCCGTGATTTGGCCGCGTCTTACAACAATTAGTCGGGGTGCTGAGACGTTGACATTAGGCCAGGAGATGCGCGTTTTCGATACCTAGGGGGAAGTTAAGTGCGCCCGCCCTACCTCTGGCGGTTCTTGACACCGGGACAACAATGTGTTGATCGATACGCAGTTTGCAAACATTGATCGCTGGGCCGATCTAACATCAACCGCGGGGGTGCCGTGATACAACCGTCAGGACCTATACGCTCCTCTAGTTTCTTGGAATTAGGTGTCTGTCTACAAGCGGTTACCGGGGGACAAATGAATTCTTTGAATCCGCGCATCCCTGTACGGGCGGAGCTGGAACGAGAACTACGCCACCAGCACACGCGTGTTGTAGTCACCAACGACGTTTCCGCACCTTATCGTTTCCTTGGAATCAGGTAAATTTATTTCCTTCTCAGTAATCCTTGCGTTGTTGGTTTATGCGGGGCAGCGGCTGCTGGAGCATCCCAATCACAAACCGTTCCCTCGGGGTGTCCCCGCGAAGGTCTGGCACCGCCAAAGTGGAGGGACTGTTCAAGAGATCCCATCGTAACGATGTCCTACTGCAAAATTCCTCACGTGATTGGAATTTACGCAGATTTGATTTAGCGGATCTGCTTGTCATGGTTGAGCTGTGGCTAACCCATAAGTTACACGAGCGCCGGGGGGCTTATTAACGTCACCTTCTCAATATGGCAGAGTGAGGGAAAGTCGCAATGCTACAATAGGGTATCTGCAATGGGACCCGTGTTGAAAGCGACAGGTACGCCCATATCAAAAAATATACCCCTTTGCACTTCGTTCCCCCGTACTCGCAATTATATTGTTTGGTCGTCCCGTCGGATAGTACGACGCGCGGGTTACGTATTGGTCCTGCAGTAAATTACATCTTCCCAACAGTTCCCGCTACGTGTCCTGCTCCTCGGACTGAGCGACGGACCGGTGTCTACTCTCAATTACGGCAGCCTTTAGCTTATACTGAGTTACGACGACTCCACCTCTAGCGTGACTCTAAGAGAACAAGTCGCCACTTGGGAATATCCAACAATTGATGAGTGAGCAAAGAAAGGAGCTCGACTTCGAGCGCTCGTTGTTTTAGCGGAAGCTTTATGCTGGCGTATGCCCTTAATTTGTGGCGGACAGTTCGGGAGTAGTTGTAAACACGGGGCTTTGTCTTCTTCTCAGTAGGCCCGTAAAATGGGTAGTAAAGGCACGATTGAGGGGGGTGCCTGCCTCCCCTCACTTTCTAATTAGTCTGCAGAAATAAAAACAAGTGCTTAGCCTTCAGCTCGGCGGTTGCGGTAAGAGTTCCAGTACATTGACGACCGCACGCGCTTAACGATTGAATTTTACAAGGGTTCTATCTCTAATGGGTCCTGAATAAACATTACTAAAACGATCCTGTCGAATCTCTGCGAGTATCTTCATCAGGAACTGTTTTGCCACTAACTAGTGTCCTTCCGGTTCCTTTCGGTGCCCTGTGTTCGCATTTTATAGCTCGCGCTATAACAGATAAAAGACGCATGTACCAATGTCTTAGCGCCCTATTCTATTTGACCTTCTAGGAAACCAGCTAGGGCTTCTACATCGCAACCCGTATACGCAACTGCACAGTAGAGAATCCCTATAGTACGACGTCTCGGACAATCATTCCTAAGCCAAGCGTGCAAGACACTTCTTACTCCTCAGACATAGTGTTCTCGCCAGCGGATTCACTCTAGGGCGAGGTATGGTGTACAATGCAATTGATGCGATCGTATCCGGAGGTGAACGTTCCGGACTATAAATGATACCGCCCGAGGCGACCTGTTCATCGAAAGGTTCTTGCAAAATAAGAGGTGCTACGATAA,1872,49.47,Saccharomyces cerevisiae
SEQ_576974,TGCGCCGTGGTATAGTTTGCGCATCCCGGGACAGAAAAACTCCCAGAATCACACTCAGATAATCAAACTGCGACCGTAAGGAAATAGGGGCAGCAGGCCCCTGAACAGAGTCGACTAACTTCACACCCGTAAGGGACACCGACCTACTAAATCTTTTCGTCAGACTATCGCGACGTAGTCAATGCCGCTCGGAAATTTGTGCAAACCCCGGCGACCGGCCGTCTTGGCTCTCTAAAGGGCATTGACCGGACCCTCCGACGCTCGTACAGGGGGTGTGGAAGGCAAAGAATTTTAAGAGCTAAACCGAAACATCATA,316,52.22,Drosophila melanogaster
SEQ_736464,GTAAATCTCCTCTTTTAAGCGCCTGGCACTTGGACCCGTCAAAACTTGGCAAGTCGGACCACAGGCTATCATAATTTCAACATATATGCGGCCTTCACTTCTTGTAACCGCGCGTCCAGCTAAACTATAGGGAGTCTCGGGCGTCAGGTGGCCCCCATATAAAGCAATCCATTTTCTACGGACTCAAAGCGTCAAATCAAAGACGTCGTTGGCCTGCATACCCCACGGGTAGCTGATCGTTCTTTTAATGTGCACACAGTCTTACTATACCCCTAGCGAAAGGGATCCACCTCGAATCCGCCGGAGTCAACATTTTACGGATCTTGGATGGTTCGATTCGTTAAACTTACCCGGCTTCCATGCACTCTCCGGGACACGAGTGTTTACGCTATCGCTGTACTTTCGGATCCGGCCATTCTGTCAATATAATGCACAGTCAAGTCGCTAGGACCGTCGATCTATATGTAGACTAGTGAAAATCTCAAGCGATACGGGCGGATATGATTTAATGCGATGGTGGAGTCCGCTCGGAGCCCGAGCTTCGCACTATCTCGCGTGGGTCATTCAGACATAGCGGCGATGAATCTGTGCGGCGAAAGACCTATTAATAAGAACTCCGGATAAGGCTAGCAGACCAGCCTCAATGCTCATCCATGGTGGAGTGTCCGTCAACTGGGTTCTGATGTCCGGAACCGCGACAGAGGATTATGATATTGTGAGTTACCGGACGATATATCGCGGCCGCATTCTCCCGACTGAGCAAAGAAGCTACACTTTTAGCTAGCCTGTCATCCGGTTGAAATGCGAATGTGGCGTAAAGTTTTTGCGCAAAGAAGTCCTACTATGCATGCATCCCTTTCCGACCACTTCATAATCTTTCGATGTGTATATCCCTTAGTGGCGCTGAAACACCGCATTTTTCTACGCGTGTCGGCGCGGGCAAACGAAGCCCAG,954,49.69,Drosophila melanogaster
SEQ_528845,TATTTTCAGTAGATTTCAACATAAGTTACTGGGTCGGCCCCTCATCAGTTACAGCCACTGGGTTAGTCGGATATTAACTCAGGCTTGTAGCTTTAGCCGGTTGGCCGATCATAGATCCTCGCCCGGACTTCTTTCAGCACAGGCACCTGCACGCCATCCGAACGATGAGATCGTCGCTCCAGTCTACTCTCTTGGTCTGAGAGTCATGGCCACCCCCACTAAATGGGTTTCACCCGTG,238,51.68,Arabidopsis thaliana
SEQ_651957,CTTTGCCGTTTGTTTGGTGACTGCAGTAACTCATTATCAGATTGTGTTTTAAGCTAAGATAGATTCACCGGCTATTGTGGTCGGAAATCCGGGACCAGTGCAA,103,43.69,Drosophila melanogaster
SEQ_969857,AAGTGCGTGTAACAAGGCGCCCAAACCATTTTTCAATGCTGGACTGTTTACCAGCGAAGCAT,62,46.77,Arabidopsis thaliana
SEQ_352577,GATGTGGATAACAGTGGAAGTAGAGAATAGTGAGACCCAAATCCGGTCTAGGGGGCGGCAAACTGTGAGCAACCCGTGGAGCCACCAGCATCCAGGAATGCCTCTTACCGTTAAGCGTCAGCCCTCGGCAATGTACGAGTCACGCCCAAGTAAGGTGTCGTTCGGGCTACGTCGGCAAGGAAGCTACGTGAGCAAGTCACAAACGGGCATTTAGTATATTCGATACACCCGAGGAGCGAGGTTTGCAACAGTCCACCAAGTTGCTTCAGGCTGTCGACCGGATGCTGTTCAGCAGGTCTTGACTGTGGAACGCTCTGTTATTATACCTAAGAGAGACGGTGTCGTTAGGGTTCTCAACGAAAGGAATTCCCTTCTACAGCCCGACGGTGCTTTCATTCTACAAACCCCCCTGTAGTCCGTGTTCTTTGTTGGAAGATCGCACTTCTTTCAAAGTATAGAATGCTTTCCTTTAACGTTTGTACTCGAGAAGTTGTGCCTTCGTCGCAGAGGGAGGGTAAGGATAGCTTGCCGCATCACGGAACGATAGTGATAATGCTTAGTATGTATGTTTAGTACGCTTACATTTAGGCTGATGAGTGCGTCCCCCCACAGTTTTGAACGAAGTCCAGTAATATACAGGTTTTGTGCGTTGGGAATCGTATTAATATAGTTTTACCCTATAGGTGCCCGTACGGGCCCGCGTTGTACTCGCACCGTCGTAAAGAATCGCATTTTCTCGAACCATAATAAATGACTTAAACTCGGAGCCTTTGCTGCTTATAACTCGTCTATCATGAGTTTTTAATGTTATGGTTACGAGCATTGCGGGCCCTACCGGCTGTTCAATTTAAATGGGTAAGACTCCTTGCTTGAGGGCCGCAAAGATACGGAGCAATAGTCCTCGTTCGGTATGTGTTGGGTACACAAGAGTGCATTTGACAGATATCTTCGGTACTGCAGACACGACCCAACAGTGACTAGGCGTAATAACACCAGCACTATACATTGGATTCAGGACGAGTCGTGGCGATATCTGACACGTTTCGCTGTACTGCTCGAGCATATTACTGAGGCCCGCAGTGTTTTACGGTGTTGTATCAGACATAAATCAAGGAACATAGATTAAATTGAAAATCGCA,1139,47.41,Escherichia coli
SEQ_268830,AGTCAATGTCTCCGCGGCCCTGTGAAGCTGCCGTAAGTACTGCTGCCTCTAGTGTGTCCGCACTAGGCACTCAACTTGGGACCAGACACGTAGCGCTTAACGCCTTGAAGTCCCGTGCCGACTACACTAGTGGTGAATTACCTACTTGCACTGCAATTCGTAAATGACCTGCTTTTTCCATCGGTGTGTCGAACGCCATGCACTGTCATGTGTGATTCCCCGCCCCATCTGAGGCGACCGATCAAAGACCCCCGTTCGGTCAGCGGGGCTTATGGCAGTAGTCGGCTACCGCACGCGTATTCTAAATCTTTCTACAAAATTGTCTCAGCACATACAAGATATGCTAACTCTTCGACGTCATCGGCTACATAATTCTAGCCGAGTCCCGGTATCCAGATTTACTATATCGTGCGCACTTAGAGGGCTTCTAGATATGCCACCGAGGAACACTATTGTCGTATAGCGTTCTTCGGACTTTGGGCATAGCGAATGATATGCAGTATGCAGCGATCGAAGGGAACTGACAGCTACAAGATGTCACAATTCTCAGGTGTCGTTTTCTCTAATGGACATTGCTTTTTGAGACTCGCACAGAGATCTGCGCCAGTAGCCTCATTTAGAAGGAACGAACGCGCTGCCTCACTCAGTCAAGATAACTCTTGCGTGCCACCGGACGATTTTCCAACTACTGCCACGTGACGCGGAACTCGACGGATTGTAAATTTTATATGGCCAGTGACCGAAATACCACAGGGGTGACATGCCGTGCCTAATTGCATCGCCACTCTGAGGTGCATGTC,800,50.38,Escherichia coli
SEQ_902270,TTGAGATCATCAATTGAGCCACACTAGAACTAGGCGAAATCAACTCGGCCTTAGCGAGGGGAAAGCCAAAGCTTCTCATCTGCAGCGCAGCTTACTAGGGCCCATATCACTGTGTTCCTTTAAAACTATGCCACACCCTGGAGGATTCAATGTATATCAAGTTTGATATCTGTACTAGGGCGGAAATAGGGGCGACACGACGCCTTGGCTGCGTCGGTAAGTAGTGTCCATACGGGGTCGACCGAACTTCTTTTTGGTAGACCCTGGCCGGGGATCACAGCATGTAGATGCACTGAGCCACTGTGGCAGCACCTCAGCTGCCTAGGCCGCTCTCTGAGCTATTAAATCGCCACATCAACCTATAGTTTATACCAACACTGGTAGTCACTCAATAAACGTCTTTGGACTGGATAGAATAGTCGCCCCCGAATGGCAATGCCTGTCTTACGGAAAGGATGTCATCGGGAGCCGATTTCTGCACCTTGTGGACCGTGAGTAGCCTTCGGTGTCCCTGTCCGGACAAACAGCACCCACGACAGAAATCTGCGCTAGCACGCCTGGGAATCTTCAACGACGCACTCCCGACTCGATCGACTCTCGTGTCCGTAAACGGTTCTAGGAGATCTCGATTTTAGGCCTAAGGTGAGAATCCATTTCTCGTGCTCACTTATTTCTCATAAAGATTTAGATCGTACGACATGTAAGAGAACAGATAATAAGTAAGGTCTTTATGTGTACTAAGCCCGCGCGGAAACGGATAGGGTTGTACATCTGCACAGTGGCCCGTTCCCGGCCCGAAACACTAGTGGCGTACTTCGGATCCAGCGGGATTGTCAAGATCTGGCACAGAATAATGCGGCGGTAGCGCAGGCGATTAAGTGCCTCATGATCTGTCAGATCTCATTGAAGCATTGAACCGCGAGGGGCTTATGACGGTGTTGTACCCTTTCTGTGCCTACAGTGCAAGCGAGAGACGCGATCAATATCGCACTTTCTCGTACGAGGTTCTCCGGGAGTGACTGTTGGGCAGGCTCGACTCTCGAATAGTGCGTCACCCCAAGGGAGACCTAAATTCCACTGTGCCTCCATTGCACTTAAATAATTCCATAATACCTCTCTGAGACCAGGGACTTAAACAGATGATAGCTTGCAACGCTAGAATGGTTCTTACCAGATCGGCTTGGGCCGGGGCGGGCCGAAAACGTACTCTAGTAGAAAATGTCATCGAGGTTGCCGTCTGTGTAAATACCCCACGGAGCCTGAGGGCCGGGCGATGATGATGCTGGAGGCCGATATCTGTCCCTCGGTGCTGAGATCACAGGTTCCCTACAACTGAGCTTCTGAATGCGATACCTTTGCAAAGACGACGTCTCTTCGATAAGTAGCAACAGGTACATGTTCACAGGGCCCTTGCATCCGGATCACAAAAAACTCTACTAAGCCGGTACCCGGTGGATCGATGTCCCCATCTGTATGTGTTCGGCAACCGAAGGCAGAGAACACAACACCACACACAGGAATCGTTATTACGTTGGCGAGACTTCCCCGTGCACGTGCACATGGAACTCGACCAGCGCGTACGTTTGGACAGTGTGGCTTCGGCGTATAGGAGGTGTGGCTTGGCGCCACTGGGTTTGAAATGCTGCTTGCAGACTGCATGATAATGACCCCGGTTAGATGGGGATGTTAGATCCGAAACGTTCTACAGCTATTAGACTCTTGAATAGTAGCAATCTTCTATGTAGTAACTAGGTCGGATAGGTGAGATAAGGTAGGTCTGCTTATACAGGACGGTTAGTAAGCTCCCAGGCGGACGTAGCCCGTATAATTGGGGTGGCCAAGCGATTAGTTCACCAAGTGATGTGGGCACTACCTATAATTTCTGACCGTCAATAGGGTA,1900,50.63,Escherichia coli
SEQ_791486,TCAGGTTAGAGGTGCAAAGAACTTGGACTTCATTTTAGCTTGACTATACCTTCTATATACCACTTGGTCCTTACTGTCCGCTGCGAGATGAGACACTTCCGGCGGCCGTTCGTCAAAGGCGGACATCGGGTGAGTCTTTTGGCAGGTCTATTATCGTTAATTGCACAGCTCGTTGTTATGATTAGCACCGCATGAGACAAGCGTAGCCCTCAGAAGGAAGACGAGGAACCTTGCTTATCCCTCACGTCCAGTGTGCAGCCGTTATTGCCAAAAGCGGTCAGCGGAGAAAGAACATCACTCTTAAAGGTGGAACAGGAATAGAAGAGCGGATTTCGATCACCTCATTTTGGGGTAACACGAGTCAAACGCGAGTAACATTTCATTTGGTTTCGACTGGACCTAACTGTGCATCGTGCAGGTCTTGTGCAAGTTTGATTTGTAGATGGTAGTAATCGCTCCTTTGACCACTGTTATGAAGTCGTTAAGCTGGTGAACCTGCAAGCTCTGGATCCTACTATCAGAATTCGGTATGCGAAACATAGCCCACAGCGGGATCAGCTAATTTTGTCAACACCCATCTACTTACCGAAGCTGGTGGAACTCCCGATAATGTGCTACGATATTATGAGAATGGAAACATGAAACGAAGCAGGCAAGGTCTGTAGGCCCTCGTCATGATTGCTGAATTCGTGACGCGGTGTACCGCCCCACTGGTCGTCGAAGTTGTTTGGGTGACGATCTTTCGCATAATCTACTATGTGGGGTGACAGGTCCCGCGATTGGATGACCACTCGTTCTTGACAAGAGTTTCACGCTGTGGGGAATGCAGTGTCATGTTTAGTGCTCTTCTCCCAACTTTTCATGGAGATACGCCAGTTTATGTCCAGCACATAACCTGCTGACTGTTTACCGAGATGATCTTATAGTGGCCCTATTGGCGTCTTATGCGTGTTCGAATAATCAGGCGCGAGTAGGTTGTAGACTAGGTAATTCGAAGGCCAGACGACGCTAGGCGCGGAGGTCCGCTTTCAGTAGATCGCTCACCTAGTGATATACTCAAGTGGTCCGACCGACTTCGCGTGACTACGTAGGGCGAATACGATCCAAGGGCACATCGCTCATCGTTTTTAGTTTACTAAACGGAATCAAACATGGAGTCCTGTGACATAGGGGTGGGTCGCGCGACGGGGTGATCGGACCAACACGCTATTTGGACGTGTGTGCTGATAAAGGCGACGCTACTGAGGCGTCTTAACGGGGCGCCTGTTAGACTGAAAGGAGTAACACTGCTGTCCAATCAGCGGAAGGATGATTCGGGCCTCTGGCGCTAATCACTCATGCTAACATCGGGAACACGATCTGGGTGGAGGAGCCTTATGACCCGCGCTATGACGTAAGCGTGCGTGCAAATAGCCCTGAGAAGACGCACGCCATTTCTAACAGATGCAGGAAAAAACAGCCAAACTCTGTGATACGAAAAAGCTTTAACCAGTATAGAATCAGACCCGCAGACTAACCACAAATTGAGGACGTTACTTTTCTGGGCAGTCACGGTTTCGACCATGTTTAACCTAGTGAACGCTATAAAATGTTCACGCCTTCAATGCTCCACCAAACTAATCCGTCTCTAAGTTCGCCCTAGTGTCCGCGACAGGTGCAGATACTACACGTGCTTGG,1677,49.02,Caenorhabditis elegans
SEQ_410368,TCGTTTTCGTATACTCGTAACCATGCGTGGGCAATCAAAGATGCGAGCCCACAATCATGCAGAATGTTCCAGGGGCATAATTTTTACGGCCAGCGGGAGCGGAGAATAACACTTTACGCCTGTAAACCTGGCTCAATCACTCTGGGAGTAACCACGCTTGAGTACTCGCGTGGATTCGACGCTGGCTACTGCTGTTATGCGGTGACGCGACTCGTGAGGGCGGGCGGGCCCCGTATCTACCAGGTAGCAACCCTGTAGTTTGATTACCCGACCTAGGGTTTGCGAGTCTCACTGAACGATTTCAGAAATAGTGAGTAGCACCCCCCTATAATTACCGGAGATCGAAAATGACCCTAGTTGAATTAAGAGATGGCTTTCTATAGTGGGACTGTCGATTAAGTTAGACGGGGTGATGACGGGACGGGAACGGAGGCGCGAATAACAATGCCTGCCCGTTAGTTACCATCGAGTGAAAAGGGACTCCGCGGTTGTCTAGCCATTTGGCATCCCACGTGGACGACTCTGACACTGACACGATCCTCTTTGCCTGGCACCTCTATACCTTTAGTTGCTAGAGCATTTGTTCCAGGAGCTTGATGATCAGTATTATGGTAAGAATCCGGTCGCCCAACGAGTGGAATTTCGAGCATTCTTGACCGGCTAGCCAATCTGTGTGGGGTGTGAGGGTACGGCTCCGAACCCCCATTCCTATGACTATATCGACAAGGGGCCCACAGGTGAGGGCCGAGGACAAAGTCCCATTCTTGGGCGGGTGCTGAGTCAACTTTGACGGTGCAAATTATCCTTTAAGCATTTGGACTCAGCTAAGCAGCTAGACTTTCCGGTAACTCTTCATAGTCGTGAATTCGAGCTGACAGGTCAAATGCCGGCGTGAAGAACCCTGCGGCTTCCGCTTTAACGGCAATTCTTTCACCTATGCCCGACAAACTAAGGACAGACGGCGGAGTAGGTGGTGTGTAGAAGCT,986,51.42,Caenorhabditis elegans
SEQ_229755,ACCGATTGCTCCTAGATCCTCCTCTTCCGTGGACGGGGGTCACAGGCCGGGTGGGGATTTACAGAGCATGCAATACCCAGAAAATTGTAAGGCTAACAGGTTAAGCATAGAGGGCCGATAGCATTGCAGTATTAGCTATACAAGACGCAGTCATTAGGGGGTTGAGCGCATGTCGTAGCAAGTTGAGTTTCTCTCTAACCTGCCGCTTCGCAGTGTGAAGGAAAGCTTCAAGACGTTAAACGGCAAGCAGCGTCTACGTGGGGACGTGCGGTACTCGCC,279,52.33,Caenorhabditis elegans
SEQ_253575,GATTGGCAATTGGACGGAAGGGGTTCCCGAGCCAAGCGTCTTAGTCAAGCTTTTAGTTACCATGGGGTGATGATCTCTAGGCAACTCCGACGAGAAGAACAGTGTTGGGATGA,113,50.44,Homo sapiens
SEQ_510069,CCCGCACATCTCATTTTCCCGGCCACGACTCAGGACCGTCAGTGTTTCCTGGAATATTGTCAGTGGGTCGAGAATGCAACGAGCATTCGGCGTAGTTGCTACGTCTGTAGAGATGGTCTGATTGAGCAATGGCCTTGTCCGATTTGGTCTACCTTGACCAGATGGAGACCCCAAAGCCGTCTAATGCACGAATAGCTATTAATCGTAAAAAACGGGCCGCGTTACCCGCACCAAAGCGCCAGTATAACATGGTGGAACAAGGTGAAGTTCTTCGAATACTAACGACACGGTTGTTCCTTGATCATCCAGGAGAACAGCACATAGCTCTCGACTATCCCGCAGGCCGCCCGCCGAGTCCGGAAAGCTGACTCATCCTGCGAGCCATCGCAACCTGGACCAACTACAATACAAGGCTAGAAACTACCCTCAGTCATATTTGCGGCAGCTGTTCCCGTGTCGCCTAACGGAAAGGATCGCTTGATGCGGCGCGTGCGATAGAAATGACCTTACGAATGCAGCAACAGAACTCGAGATTTTTGCACACGTTCATTGCCATAGGGGAGACACAGTCGCCCTCAGGAGTCATTAAGGTTTCCCTAACTATATTATACTACATCGAACACGTTCACGGTACCAGACGAAAATATCAATGCATGATGCGGAAGGCTTCGCGGTGGGATGCGCAGATGGTCAGCCCGTCTTGCAAACTGGTTGTAGACACCAAATACGATGGCAATGAGATGAAGGTGCCTGCTTATAGCGTTTGAAAAACGTCACCAAAACCCTCAACGAGCGGCGTGTCGTAATCAGCAAAACTGTGGGGTATCCTGCCACATTAGTCATAAAAAAACCATTCTCACCACGATAAGTTCAGATTCCATGGCTCATGCCACGAAGGTTCAACGATCTGGGAGCTATTCGCAGCTCAAGGAAACCCCTGAGCCGGGCAGATATGTCACCATAGGACTCTAGCCGTAGCGT,981,50.36,Escherichia coli
SEQ_917164,AAGGTCGGCGCATTATGAAAGCTTAAGTGCTAGATCGTGTTATGCTGAAGGATTAATCACTTACTGCCATTCAGGTGGTAGAGAGTAAGGCTTCGCTCTGGTTTTCGTACTTGAGGGAGACAAGGGGTCTGCGTATGCTGAGCTTTTAAACGCTAAGACGGAAAGGCTCCCAGTCGAATACCTACCCACCTTATTCCATTGGTACGACGTCAGTACGGCGGATGAATACGACTATTGAGTATCTCCCCATTTCGTCAGGGTCCCGATCGAATGGGACGAATAGCAAGACTGCTGCAGGTTAGATTCTAGGGATTTTTTCCGCGTAACCTACGAGTACCGAAATCCGGTAAAAGTCGCGGGCCCAACGGCAATGGGGCTCATAGCTGATAGTCTATGTCTTCCATCATTGAGGTAATGAACCACTAGAGAGCTAACTCGGAGTGGAAGAGACACCAGAAACCCTTATCGTACAAGGGTTTCAAAGCAGCGCTTTCTAGCAGACTTTGAAGAGCCGACGATCGATTAATATTCCGTTCGCAAGGGCGGCATAATGACAGGTTCACCGAGCGAGGCTGACTTCCTCTACAGTGGACGACAGAGCTGCTACGCCTTAATAGGGTTGGTCAGGATCGTACTAACCAGACGGCACTTTGCCTGCGTACTCATGGAGAGGGTTGAAGAGGGGGGCTTCACTTGACATTATCGTTGGCCCAATTTAGCGCGAATCTACCGTATAGAGTGTGCGCTGCCATCATCACCCGTCGCGGGGCTGACGGCCTCGATGAGTGGAAACCGATATTACGTTAATCCACAGGATACGCCATATATATGGGTTAATAGCCGGTTAGTGATTAAATGTCGTCGCGATAATCTAGAGGTCAAACTGCTAAATGTGGATGTAAAAGAATACGCGATAACAGTACCAACTGGACTTAGATAGCCTATCTTTGTAAATTATACGCTAATAACTCTGCGAGGCCCTTGGTACGTGGGTTGGTTATTTCACCCCTAGGCCTGGGAAAAAAAACCCGACCGGCCCTGCATTAATCTGTACGATTAACGAGATATATCAACCTACAGAGCCTGCTATCCCGACAGCACTGAAATTGAAGGTTTATAATGCTCGGGGCCAGGCATATCCCCCCCCCGGCGAGTACGTCAAGCCGACCGCTTGGCCGACCACAGCTACGACAGGCATAGGGAGTGAACGGCCCGACTACAGACCTCGTGGTGTCTCGAACTCTCAGTGCGCACGGTCCGATATAGATTGGACAATATGCTCTATGCGACCACTAATGACGGCCGTACGCGTTAAGAAAGAGACACAGCGCAGCTTTCTGAAGAGGAACACAGAACATGGGGCCTCGTATCCATAATCGGAGCGGAGGTGCTGACTTTCTGCAATTAGCTAAGGCTGCCCGTGTATATGAGAGGGTGGCATAATATTCTGCGTGACTAGTCTAATGTGGTTTGCCACGGTTCATCTCAAGTGGAGAACAGCTCATTTGGCCGATGTTGGAGAATTAAGAAACGTCATACAGCTGTACTCTTCAGACCCTCAACGAGGCGAGGAGCTCCGACCAGTCTAGGTGGGATTTCATCAGAAGCGGTGGACCAGATCAAATGTCTGGGCAGAGTAACTGGCTCGCGACCGCACTCTTCGCCTTAACATGGTATAAGGG,1682,49.76,Drosophila melanogaster
SEQ_964683,TACGTCTATTACATTATATAGGACGTCACCTCGGCTTTGAAGTGCAGTTATGAGTTTATTATACCGCTGTGACGGGAACGGTCATCACCTTGATAACTCCGAGCGAAACCAGTCCGTTAGATAGTTCCCTGTCGTCAAAGGAGCTCCTCCGTGATGGGTAGGCACCAAACTAGGCGACTCAATTCGTTTCTGTAAGCGCATGACACCCGCCCCTCTGCAGTTGAGCCTCTAACGCCCGAGCTTCATCCTGGCCATAAGGAGTGGGATGAGTGCCCCAAGTCGTTTATAACTCCCTGTGCACTATAATAGCTGGAGTATGTACCATCCCCTAGTGGCGTGAGTAGCCCGCACTCTGCGCGACTTGCTCTGTGAATAGGTTCTAGAATCTTGGTACTCAAGCCTCCTCGTGACAGCTAAATCTAGTCGGGTCACACTTTTTGAGGATAAGTACATGTTCGCGCGGTACTTGTGGTTCCTAGATTGCCGTAGCTCCCCTGCCCTGAAACCAGCAAGGCAACCCGTCCGATATGAGAGTCTACGGAATAGAAGTCACCACGGCCGCGTGCACGTCGGAATATGGGTTACCCGCCCGTTACGCCAAACGTCGTCGACATTCGTACCGAGGCGAGGGTTGCCTTTAGCCTGGCATCCTGATTGTGTACCACTTTCATGTGGGGGTGAGTTCTGACGCGTCCGTATCGTCACTTTCCGTCTGTGCACGGGTGCGTTGGGTTTCAATCTACGAAATCCGAATCACGATGTAAGAACCTTCTTTTGAGACCGTATGGGACGATATACTAGTTGGGCTAATATTCCCAACAGCCGTGGGGGGATTCAATTCACGTGATAGTGAAAACCGTGGGCGAATTGTAGGTGCTTTGGTTAGATGAAGGGGATCAGTTCAGCCGGGGCAGCAGCATCAGCGGTACTTCAGTTGAATGGATCGTATAGGGTCCGCTCCAAAACTCACCTTCAGTAACAATAGGGTCTACACTGTGGTCAATCGGTCCGTGATATGCATCGAATTGACTCGATTGATCTCTCATCGACTGAAAGCGCGGCTGTCTGATATTAATCTGCGATTCGCTGCCTAGTTTCGCAGACGACGCGCCATAGCTGAGCGTCAGGAAGCACGTCATTGTCTTGGCAAGGAACCCCGCATCCTGTTGATTTACAGAACTGGATCGCTATCCACCTCGCTGGCCGAGTCCGGATGCCC,1219,51.6,Homo sapiens
SEQ_638478,CGATGTATGCAAGGTGTATTCCTGGCATGAAGAGCAACCAGGGAAATAGTGGTAATGGGCGCTAGATAGCTTGACTTCCGCGCGGGCTATGGCCTTCACTAGCAACCCGAACCGCTCTGGTGCCCCTATCTCTACCACAACTCTATAACTTCTAGCTCTGCTCACTATCAAGCCGAGCGCCTCCCTTGGATTGTTTTAGAAATCCCGCGATCCCGATGAGTTATTGACTTGACTGGGATGGTCATAGATAGGATGTGAAACTCCGCTGGCGTTAAGTTAGTGTCACGGTCAAATTAGAGTTTGGTCCATTGTTATGGTGCTATGGTGTGGTGCTCTAAAAGTGGATCGACAACACGAGCTTGTTTCGACGTTATACCCTGATCGTAGCATCAAAAGTATGACTTGCATTATATACACTCGCTGCGTTGTCTAACCCGCATTACTGTAGTGACGGAAAGGCCTCCATGATTGTGGTAAGCTTAGCGACCGCTTTATGGGACCTCTTACCACAATTTGGGAGGAAAGGGACCCGGCCCAGTAGGTTGGATGAGTGAAAATAACGGGTCAGTGGTACTGTGACGCGTATAATAAATAACGAGAGACATATTAGACCAATCCGGGTGCACTCTACACTTATAATCCTGCAAGAACCTCGAG,657,47.79,Caenorhabditis elegans
SEQ_673617,CGGGATATTTGGGAGGACTGCATTCGCCTTTTTGATGACCTAATACGTATCTCTGGGCCGGCCCCGGCGAACTCTCTGCGGGGTTTGGGCGCAGCCAACCTTTAAAAACTGCTTGGACGCGGCAAAGCTAATCGCTAGCAAAACCTTTCGTTATAATGCGGCCAACTTCCGAATCTGGATAGGGAACAGATGTCCCGATATACCCCACCAGGCCGGTCGTCCTCAAGCACACGATCCTATCCTTGGCTGCTCTGAAAGGCTATCACTGTAGCAATCCTAGGAGGGAGTCCTCCCAGGGGCTACTAAGACAGGCGCTACGCACCCCAAATTTCTCGGGGTACGTCCGGATTAAGTAAACGACTAACACAGCCGGCCTAACTCATTCCATGCGCGCCCATGAGCCCGGTCACGCCCCTCTGCAACTCTTCCTTTCGCCTTCCACAATAAAGTGGGTGATAGAGTGAGATTCGTTGTATCACGGCCATTGACGACATGCCATCCGACATATTGATATAATAGACAGTCGTATACTCTTTGTCACGCATGTAGCTTTTTACCCCGACGGCGTGATTCGCTAGACAGTACGATATCAGAGGGACTTCGTGCAGGCCCATTCTCACTCTCGTAACAAAGTAAGTCGCTAGATGCCAGTCCGCACGTTTACCCCCAAATACGGCTACTACTGACCACTAACACCCCTTGTAACCAAGCTCTAATATCTATGGTCCTACCAACGCCGTAGCCAGATGTCGCAATGATATGAGGAAATCACTGTGATGAT,781,51.22,Saccharomyces cerevisiae
SEQ_893553,TGGACATGCTGGATCACTTGTGACTGTCCGTCGTGCCGCTATCGTACGCTTTTGATTCGATACTGAACACCTTGCTGCCGAGCTTGATTGTATCGAACCGAGGCGTGCGCCGTCTACGAGACTTTGATAAATAAGCTGTACTTCCATAGACTCAAACGCTGTGCACCTCTAGACTCGAGTTTATATGGCACACCTAATAGGACCCTTGTGGGCTCGCTCGATTTCGGAACCTTAGTTCCAAAAAGGTCGTCGTCTTGGTTGCTCAGACATGAATCAACCGACCCCTCAAATAGACGGTAAACAATCTAGATGTCATATGGAACAAAGTAAGTGCAGATCCACTAAACAGGCACGACGGCTATTTATCTAGGCGAGGGCAAGGTCTAGTAACATGTACCTGCCTCTGTGTATCGCCATGCAGCTTCTTATGATCGGTCTATAGCTTAAGCAAGCCAGCGACACGAGGAGGCAGAGATAAGACGTTTATAGAACGTTGGACATAAGACGAAACGAGACCATCCCTGAAGCGAATCAGTTGCTAAGTGGCCCTCACGGCGAAACACAATCGTCCGTGAACAATAGGATTTCCAAATTTTATATGCTCTTTTGAAGGTAGTAGGTGGTCTGGTCAGGCAGCCAGTTATAAGAGTTTAGGTCTGCTACCGGCAATTGACACAGAGCTTTTGACGAAGAGTTGTTCACGAATTCGTAAATGTCCGTACAGTAACATACAATTCGGCAGGTTAACTCTGGCTAAACGTGATCGGATGCGGACACTGAGGGCATCTCTCCCGTAGCACGGAAAATCGAGGGTCTCGTACGGTAACCAGGTCAGCAATCTTCCCCAGAACAACCACAATCTACTAGTCTGTCGCACGGATGTTAGTTTTGTTTCTGGTACAGGCCGAACAATCTCCGAGGGTGAGATACGGCTGACACGGCCCGGACAGTTAATCATAACAGAGTCCCCCACTCCTATTACAATGGGAAACTCGACATATCTATTTTTATCGAACAAAACAATTATCGGAATGTCGGACCTATATTGTATCATTCGTTTGACGTACGCGGCCTATACCCGACGACAGTTGGGCGTTGTTGTTCCTAGTTTGTAGGTGATCTCCCATGTTACCCATGTCATGGCTTGGATCCTCGGGCCAACCAAGCACCTAAGGATCTTGTAGATGATACATTCCTGGCACAAGGACTACTTCAGCACGCTAAGCTATTGAATTCGACCGCGTGTTACTTAGGGACTTCAACCTGCGACAGAGTCTGGGCCGTACTTCCTCTGGGAGAGCGCTTAGAAATTGCATCCGACGACGTTTCTCGTAGATGTAACCTGGTTCGGGGAGCTGAGTAAAATATCGCCATGCCAATCACGGAGCCGGACTGGCCAATGTGTCAAAAAGGGATAGTAAACACGCCCCCGCTGCAGCTCCTTATCTGGACAAGGAAGACTAAAGAACCCTGACCGCATCTCAGCCTATGGGGTCTTTTTAATACCCATGAACCTATTTG,1521,47.99,Escherichia coli
SEQ_606521,GGTTCCCTTTCTTAAAGGATTTGCAGAAGCCAAGTTCCGGTATCCTGTATGGACCTGTGGAGCTGACACTGGCTATTCTCCAGTACAATTATAGCCCAATACTTGTACCCGTCTATCAGTCTCCGGTCCGCTGCCATCCGGTATCCCGCCCCCTTGATCGTTTTTCTTCCCGCTATTATTTCCACCTTACTCTGACTCCTCGCACGGCGTGGGTTACATCATGAAGTTCCTGATCCATCGTGCATCGTCGATTTGATTGACCTGCCGACTCGGAGCAAAGTCTCGTGATATGAATTTTTCTTTCCGTTATAGCAGTTGGACAGGAGTCATCTAGTCCGAAAGTCATGCACGCCTATCGGCGCATTCCATGTACCGGAGACCACTACTTGGATCATGAGCGGGAGCGCACCAGTAGACACAGAGTTGATTAGCTGCGCGAAGCAGCTCCATAGCGACCACGTGTTACTGGATTCAGGCTCTATGTGCTCTAAGATAGGACCACTCCTTTGGGAATCCGTCTCCGCCCGAGCGTGTTACAAATAGACGATCTGTACGTAATTTAGTTAACAGTGTTGATAGTTACTTTAACGTGAGGATTAGGGTCCAAGCCTGAATCAATGACTGAACGAGCACCGATTGCACTGTTAAAGGTTGAGCCTTCGCGCATGGGGACCGTTTTAAGGAATAGAGAGAATCAACACCAAATACCTACTCGCGGCGTTGTTACCCGCAAGAGATGTTGAGTTACCGCGATGTTCGACCTGAATACTACAATACTATTAAGTCTAACATGGCCGAACGAGCCTAATTGCA,813,48.46,Escherichia coli
SEQ_758356,CCACCGCACCGAGACTTATTGTGTGTTCTAGCGTTACAGAAGCCATCATCTAGGTCCGTTGAACCAGCCTCCAAGTATAAGGATCATCGTACTAGGAAAGCAGCCAACACGTCAGTCCTGCAAAGCTGGTAAGAGCTACAGACTATCTTAAAAACTAGGATCTCAGTCGGATGCGGTTACGCGCCTACTTTGAGCACACCGATACCCTTCAGACTACGCTCTGTGCTCTACACTGAGACTTTACGAGAAGAGGACAACCTCTGATGAGAGTGGCAATATCAAACACTTCTAGCACCTTGGCGTGTAGTGCGGAAGGGCTAACAAAAGAAAACCAGTCGT,339,48.38,Escherichia coli
SEQ_133077,AACTGGTCAAAAGCTCTCACAGCCTGATCATGCTGCTGCAAACCTACCATATGTGTTAACGACCCCGTACTATCGTTCGTATTTTAATATTGTGGGGCTTTAGTGGCAAGCGGTGGACGCCACAATTCGGCGGCCTGTATCCCGCGTTTGCATAGATCACCCGGGGTGCGCAGCGAAGACCCATGACCTCGCGACT,196,53.06,Saccharomyces cerevisiae
SEQ_311762,TGCTTCACTTGCCGATGCGTCACCGCATTAGATGAGTAAACAGGGTGATACCGGTCAAGGGGGGATTCGAAAGCTGGCCTTGAGCACCAGATTCAGTCGGTTTCCTTACAGTTAGTTGCATAAACCTTCAAAGTTCGCTCCTATTGCGGTCTGATCCAAGTAATTTAAAAGTCTCGATCTTTACGAATGGAAAGTCTTATCTGCAAGGATTGGAGCGTGCAGCCACCGCACGTTGTGGAGAGGTGCTTTCATGCAATAGGCCCTGGGTGAAACTCCAAT,279,48.03,Saccharomyces cerevisiae
SEQ_593750,CCTAGAAAATCCTAGATTGACGCCGGACTTAAATTATTGACGCGTATCCCAACTCGCTAGTAGCGCATAGGTGCAGAAGTAGGGCGTATCCGGAAGACATTCATCTCCCGCGAACCCCATTAAATCCGTTTAGCTCGAATATAGCAGTTCTGCATTGGTGAATGCCTAGTGTCGAGAACGGGATGGTCTTTACGAGTCTGCAGTTTCGCCAAAGAGTCGGGAACTAGAGGACGTTAACAGTACTACCTGCCCTTCACTCCCATTCTCCCCATATTCCGGGTACGTCTTTGCACCAGACCAGCGCATTCTCGCGCTTGGTAGCTGATGCCGATTCAGGGTAGACGGCCAACCTTCCCGGTGCGGCTTGAACCGGGTATGGTGGCGCCGCATTAACCAGAGTAGGGAACCTACCTACCCGGCCACTGGGGATCATTATATCTTCATTAGTTGTACGGCAGGTCCGAAGGACTTGCGGGCAGCCGACAACGAACACCGAAAAACTTCCCCGCTGGCGCATTAGGGAACGGAACACATGTCTGGCTCAACGTGCAATCCCCGTAGTTAGGCTCTCCGGGAGATTCATCCTGAATGGTTTACATACTCGGCGAGCATACAAAAGGCTCTTGCCCGAGCAGGTGGAGTTAGCTACTAGACGTTTACACCGGCGTTCTTACTATGGGCGGGCTATGGGCCTTCTGCAGCACTGCTCGAGCCACGTACTGCTAGCCGTGAGAGGAGCTGGCTTGAAATTCCAGAGCCGACGATGTGATCACCGACAGGCCTAATTATGACACCCTATAGTGTACGGTCTAGGTAACCTGGGAGCTTGCTATCGGACCGATATGCTTAGGTCAGAAGCATATGCTATACACACGAACGTTTTGACGTCTCAGGTTGGAGGATATATCTCCTTGGGTTCGGGTCATTTATTTGCGTGCGCGGTCTTCATTTGCTGCCCCCTCTCGACAGAAGCCAAGAAGCTGTCTTGAAGTTTCGGGCATCAGGTCGAGTTCTAATCACGGTGCACAATCAAGCATTAGATAAGTATAGGAGCATATGTAAATCGCTAAGCGCCGGGAAATCGAGTACGGGATGGGAATTGACTCCAGATTATATCTGGGGCTCGCTTTCGGTATGGACACGCCGCCGTTAACTGACCGCTTATCGTACCCCTATGGAAGTGCTACTTGAACGAACCAGGCCCACAGCAACCGGCTACGCCCAACTGCCGATGCAAGCCGCGTTCTTCTGAACAAAATTGTTGCGAGAAGGTAACTCAGGACGTTCGAGGCAGCGAGACTTAACTCCAGCTGTAAGTGTCCAATCCGATTCCTTGTTAAACTGGCCTTACTAATCGCGGTTCTGTCGGCCGTTGAAAAGGATCACGTTCATGATAGTTAAATTCGGGGTGGAGGGGTGAAAGGCAACTGGTGTACATTATCCCTTGGCTGTCGTCATTGCCTATATACGGTCATTATGTTTGACAGCGAACGGGCGGGACCAACTCTGCGAATGCAGTAATCTTTACCTTTCGCGTAGGGCGTACCGGAAAGCCAATCGTTGCGCCTCTCCCGTTGGCTCACCTGACCAATATGCGACGCCGAACGAGTGATAGGGTATATGTAATCAGTAAGAGCTGGCTCGGCCTTTTTGCGTGCAAGAATTACCTTATGAAATATTATCCAAAGGGCCAAGGACATGGCTTTTGGGAAGATCTATTTGGTCGCCTAGCTAGCCTAGAGGCTGAACCTTAGATGCAGATGCACCGCTCATGCAATATTAACCGGCCTTTCGTATTCTATAAATACTAAGTCCCGCATTCCTCACTAGTTATCTTGGCCCGCGCTGCGACAAGTGGCTCCGGTCTACACAGTGTGTTTCGTTCTTCTACAAATTCTTGGATCTCGTGCGCCATC,1916,50.99,Mus musculus
SEQ_530818,CCGAGGTATGGAGTACGGGTACTATATTCTGGAACCGCATGCGCGAACCTTGTTCGTACGTCGACGCGAGAACGGACTCAGCAGAAAGAGTTTCTGTTGCGTTCTGGGTCCTACACGATGCTCCCGCTCACCCGCGATCAATGTCACCTGGGGCTAAGCAAGTTGTTTTTTACGTAGGGTATACACAGGGAGCAAGCGCACTAACCAACTTGTATACAATTAATGGCGTATGCCCTTAACATCGTTTAACAAAATGTTCAACGGGTTCTCTCTGTATAGGGTTGCTCACCTATCTTATCGGTAGATGAGCCTGGTGAGCACGGCTCTCCGCTACCTCTCGGCGCACGGGTCTCGAATATAGTTCGTAGACGTACGGGAGACTGGAATGGATGCCGTGAACCACAGCTATAGTCAATCCAGTTGAACCACCCCCGTTCGCACCGATAAGAGCGCATCTACGAGGTACGTCTTTTGGTACAGACACTTGAACAGTTCTCGTGTGAGTATATCCCATAATTGAGGCAGCCAAGAGAAGTCGTTTAGGTTGCCTCGTTGGAATGGTACAAACCTATAGCATAAGATGACCCGCCTTTCCCAAACTCTAGGTGTCAAGTTAAGCTTGCCTCCCGGATAATATAAGGCGTAGTGATGGGCAGAGCTTGCAAGCTTCAGAGCGGCTGTCGGGGTCGCGTTCTTGGTAGGGCTTTCCTACTTTAAATGCTTATTCGAGGAATAGTACGCCTAGACCAGACCTCCAAGTATCGGCCAACACCCTCCCCTCGACACGTCCGTAACCAGTCTGCTCGAGTAGCACGTGGTAGAGTTGCTGGAGACGCATGGGCTCACGTTGCGCCTTGGTGTTCCCAGATGATCCAAGGGTGGTTTTCTATAAGTTTGCCCACCGGATAGGCAAATGGAGTCGGGGTCTTTTTTCAATCAGGTTCTACAATGCCGCGGTCGCTCAGCGAGTAGTCTGGACCCCGTGCTGCCTACCGTCACGTTTGGTGTTTCACTATGACAGGCTTATGAGATTTTCTCGGTGACTCCGTTTAACCGAAAGTATTGAGATTTCTGTGCCCACGCCCAACCAATCTCTCTGACGGAAATGTACCCGACCCATTTGATTAACCCGCCATCCCTCTCAACCGGGTTGGTGTGGATCGCCCCCTAGGAAGACAGTCCGGCCACGTGTTGCAAGAATGAGCCCACCCGTCACGGAACAACTAGGGTCTTGACGGCCCGGGTCGTATGGTAATAAAATTCCCGCGGATATCGACCACACCCATGGGCTTAAAGAATATGTCCCGTCAGGGT,1314,51.6,Caenorhabditis elegans
SEQ_215407,ACTGCTAGTCTGCACACGCCGCTTTTAACGCAGTAGTCATACCACTGATATTGCCTCCGCAACTCTCATACATTAATTATAGAGACTCTTGACCTTGTCGGTTCCGGTTTCTTAAAGGCCTTACTGCCCAGGTCACGCAGCCTGTGTTCCCGGCTCGACGAGGTGCTGAGTTGGGCCAGTTTGTATTGTTACTATGCTGGGAATGTGTGTCTCAGAATTTCATCTCCGTTTTATTTACCGTGCCGCAATGGCAAGCTCGCCTTCTCTACAACGCCAGACCTATCACGAGCCCCGACCCTAAGATACCACCGACCACTCCTCCTTGCTACCGGCATAGGATGGCACAGGGTGGGTACTGATCGAGGTCACACAAGCAGTTGCAGGTCCAGAATCGAAAATCCACGGGATGCACAGGTGTTGGATGCTCGATTTTACCAGAGGCGACATCAACCCTTGAGGATGAGTATCTAAGACGATCAAAAGTTGCTCTGATGTAGATAGCGATGCTGCCGCAGAATTTTACCTGTTCAATATTTTCCTGAACCATAATTAACCCCGGGCCCAGGGTCCAAGTAACGCATATTTGCAAGTCAATCGAGCACCGGTATTACCGCCGTGTTGACTAACATAGACGAATAGAGCATTGTGTCGAGGCCTCAAGCTCTCGTAGCAGGTATGGAGTAAACAAGAGAAGAAGTCATGTAGGTAAACGAGGAGGCCAACGCCCCTTTGGTTCGTATTTTGACCGTGGGCACAGCTGCGGTAAGTAGGTGAACCTTGAGAACTGACACCGCGTCAAGTACCTCTCGGGGTCTTCACGATGCCCAGTAACTGTTCGAGCGATGTTCGCGTAGCAGATCGTGTCTTCTTGATAAATGGAGATTGTTGGGCAAGGACGTCGTTCCGTTCGTAGACCTGTGCATCCAATTACTCGCGCTTCCAGACAAAGCGGCCCCTCGGAATATCCTCTTTCGCCGAGGCGAACCAATGGTGGCTTCTTGCCAAACGTTTTTGTTGGTTGCACTAAATTGCTATTAACACCTTCTAGATAGAAATCAAGGTTATCATCCGTAAAGCCCGAAGGACTTCTCCACCGCACGACACTCAACTAACAAGGAGGAAATCGAGATTCGCTAGCGCTAACCAGATCACAGCTGGCATGTAATCTCAGGGAACGTAGGTACGACCTCTATGCCTCCCCATGTGCTCCTGGCTTGCCTAACTTGATATCTATTAGGGCGACAAAAAAGGCGGGCACGCGCGACTATAGAAAGTTTCCGGAATTTCTTTCGTCCTACCCAGTCATTGCCATATGTGGGGTTCTTCAGCACACCGCGCACACTACGTGTACAGGCAATCTGCTTGGTCCACGGCGTTAAGTATCAATATGTTACTAATGAACGAACTATCCAGGCACGGACGGGCGAGGGAAATACATCTTTCTGAAAAAGCCTTGTGACCGTGTGCACGACGTTAGACGAGTTTTTGTTTGGGTGTTCAACGACGTGAACCATCATTGCTAACCCCAGTAGAGGGACTTCATCTTATAACTCGCATTGGACCATTTGTTAGGGGTTTCTGTAGAAGGCATCGGCCAGGTGTCGTACCCGGACGTAGCGAATCGCGCTGTTTAATCAAGAAATAACGGCAGCAGCTATGAGAAACCCACCTGACGACAGTCTTACGTCCGGCTGCACGAACAGAACTT,1708,49.59,Homo sapiens
SEQ_755843,ATCCTATAGGCGAAACGCATTCAGGAGATAACACGTGAAACGGGCAACACCACCGTCGTCAAGGTCGTTCTGAAAGTCTCCTCGCCGTCGCGTAGGCACTCTTAGTAGCTTCCATCTGTACACTGTAACATGAATTACAGTTCCGGGTAGTGTATCATTGTCCTGAACCGGCACCATAAGGCCAGAAGGATGCATCCTGACCTAGAGATCATATCAGAGCGTCCAAGATTGAAGCAATTTTCCATGACGCCCGGGAGAGCTCTGCGGTCCCCAGTTCCAGTCTGAGTAGTAACAACACACGACAGGCCTTGTAGTAGGACTTAGTGCAACAAACTCGCTCTCCCTTTTCTACCGCCACGCAATACTTGAATACCAGGTTCTTTCTCGTAGTAGACCAGCAAACAGGGAATAAGGGCGGAGAATCTAGAAGAGATTCTCTAGATCAAATTACACACCCAGGGTCCTTGTTGAGTTGATCGTATTGTACGGAAAGTAAAACTAGGAGAGATGGAGTACGACGTCTTCCGAGCTTTTAATCCAATCCAGGCTTCAGAGTCCTCATAACCAGTCTACCCCCTGAACCTTGGGATCGCTCTATGATAAATGCCTTGGTCGAGTGCTAGGGACGGCTGAGTCCTTAATCGAGCCACACCCGTTCCCGTGTGTATTGGTTAGTCGAAGGCTCACCAAAATCAAGAATAGCCATGCGAATGAGGTGTGCATATACTTGCTAGACCCGTCCCTAGGGCCAGGTGGAGAGAGGGCGGGGGAAACACTCACTGCGGGGTGAACGTGAATTGTACACTTCGATCGCGCCTTAGCCTAATTCTATATGTATATAATTCTATGGTCTTATATTTCCCGGATGCTGCGGGGTCACCGAATGATCTACTCTTACTACAATTCCAGTAGTTTCCACATCCACACGTTCACGGTTCAACGGCCCGAGTGCCAGTTAACGCCTGAATCACGTAGAGGCAGCTCTATCGTCCTAGTTCAAATACTTTGGTCACCTCGGTACGTCTGCGGTCTACATTACCAGAAGACATGTTGGACTGTTAGGGACCGCCATTGGGGAAGGGTTGTAGCCAAGGCTCTGTTTAGTATTGCTAAGGGCGGTGCGCGTCTGATCTGCCCGATATCTTTCTCGTACCAGGTATTACATAAACCCGGGCTCTTGTGCTCGCGAAACCGTACGCCATCTCGCAATACCGCCTCAGCTATTCCAAAATTTCACCCGTTCCAGGGAGAACTTTCGTGATATCCGCGAAGGAGCGGTATTAACCGGAGGACTATCAGATCATAGCGACCTGCAGTAACTATAAAGAATAAAGCAGATATCCGGGCCAGGTCCGGAAGACTGTGTTTAAAAACTGTCCGGCTATGTATTTCGCGCGACCTTATGTTCGTGGGAAATAGG,1420,49.23,Escherichia coli
SEQ_135399,TAAATGATAGCGACTCTATCGTTGCTAGTCGCGTTGGGCCGGTACATCATCCAATGAGACCTACGGTGCTTCTGGGGGTCGTGAGATGCGATGACACGCCACCTGGACCATGGTTAGTGGATACTCGGCACAGTGAGATGTGTGATGTTTGCGTGCGCGCATATTTCTCGATATTTGATCAGGTTATTGCACAACGACCTCCATTAACGACTCCGGTGGCGAAGCGGTATGGTAGTCAGTTTATCGACCTGAAGGAAAGTTGCCCTGGTCTTAATTACGCTACATTTTACCCAGAGGTTTCCAGGTGGGTCGGGAGACATATTAATTCCGGTATTAATCCATGCATTCTCACCGGAGCCTGGAAAATTAAGCGGATTCCGTGCCGTCTTTGAGCTGGAGGGACGCTCACACTCCTGCCCAGCTCGGGTGCGTACATATTGCTCTTTCAGGGTCGTTCGCATCTCTCAAACGGCCCGTTATGCTAAATACACCCAATACTTAAGTGATGCGCTGATACACGGAGAGTCTGATGTGCGAGCTAGACTAGACACGAGTACATGTCGGTGACCCCGTTGTGACTAAAAGCAAACCACAGTCCAGGAAACAGCTTAGACGCCACGTGTGTATAAGGGCACATGTACAGTATAGTAGCGGCCTACTAGCTTGTAATTCCGATTGGTGAGAGAGGCTCCTGACAAAAGGCTGGAGTGTGTTTACGGGTGCACTCGAACACTGGTCACTAAAGTACAATATAAGCACTTATGGTTGGGTTGCTACTAGTGCTGTGGAAAATGGCTACTCGCTCCTGCGAATAACGGAGGCTGTTTTCGGGCCATCAAGGGGCGCCACGCGTCCATTCGAACTCAAAGAGATATAGGTATGAGTCATCTGTCCTCACTCACGGGGGTTATCTAATACCTTCTACTAGGACGGGGTTTCGTACTGAAGCTCAAGCTCGCCTGCCTTAGCCGTCCATTTTCCCTGCGAGCAAAATTAGGACACCTGTTATTGAATTTCATTCTTGTACAGGCTAGCCCCAAGCCGCAATCGGTTACAGACACACGGACATGAAATATGATTTTCAAAGGTGCGGTGAGGTTCTGAATATCTACACTTTCTTGCTTGAAAAGGATAGCGGAAGCATAACCAAAGTACTCATTCCATTACGCCAAACCAAGTTGGGCGGTGATAGGTCACGTGAAACAGGCTTGCGTGCTGGCGTCGATTGTTCCGAGATGGGTTTAAATACTCCAGCAATCACCTCTGTCAAGGGTGAGCAAACACTGATCGAACCGCGCGCTATCAGTTACCGTATGGTTATTTCATAAAGTCCGATTATGTAATAAAGCAGGGAGTGGTCTAGGTACTGCCAGATCTACTGCGTAGCCTTAAAGCGGTCAGTCGAATCACAACAGGGTAGGCTCGACCGCAGGCTCTCGCGAGATGAGTCAGACAGGTGTATATATGATAAACCGAACATCTCGACTTGGTGTTCTCATTGAGCTCGTTTACAGGGTGTACACTTCGGACGTCTGTACGTCCGTTTATCAAATCCGGGCACACATCCATTATAAGGCTCGAAGAGCAGTCATCCGCTCAAAGCTGTCCGGATCGAACGAT,1620,48.95,Arabidopsis thaliana
SEQ_172860,GCTAGCACATTCATTCATAGCATCCCCCCGCCATTTGACCCCTAAAAGAGCGGGGGAGGGATGCGAGGATGCCATTCTATGCCTGAACTCGTTTTTGCTCTGAGACACCCTGGCTGACTAACTGACCGCCCGTACGGCCAAAGATCAACAACGGCTCAAGCGTACCGATAATTAGAGTGCGTGTTGGTAAAACGTTGGGCAAAGTGGTGACTGCCCAAGCCTCACCGATATGGGACCCCAGCGTGGTGCGACGCCTGCAAGAGACCATTGTCTATCTTGGTGCTAAATTTATGTCTACGAAATTTTCACCCTTCCCGGCCCCCCGACGTACGTGTTCTCAGATACGTTCACGTTTGCCAGTTCACTCCGTGCTCACTGTCTTCCATGTTAGTGCCCACACATACATGTGATGAGATTTTTTTTGCACGTCTCATACGTATCGGTCATGGCAAAAGAATTTATGCTCCGGTCCATTTAATACCGCCGAGGCTATCGGGGGGCGGT,504,51.59,Escherichia coli
SEQ_662244,CGAGTAGGTATACAACCTTCATCTCACATAGCTAATGACCCACTCAACTGGGTATGAGCACGTGAATCAATGCGATTTAGATCTAGCACTGTGACGGCAATCGCATATCCCAATTACGTCAGAAGTTAGGTAGCGTGTGATTCGTGACTGGAGCTTGTTATGCGCGCTCGCGTAGTGCCGTGCCGGGCATCGACACTCGGCTGGTATTCGTGAAAGGAGTGCAATGGAGACCGAATCGAAGTTGCCGTACCAAAGCCCCAATTCGAGAGTTGTTGTAACACTTTAGCCGGAACCCAACCAATCCCCGTGGGGCGATGACGTAACTAATCCTGCATGCTAGCGCTGGCATGGACAGGGGTATGCGTGCTCACCGTTACCCTGCACGTTCTACTTGCTTTATCGTCAAGAGCGCTGGCGACGACGACTGCATAAGCTGGGGGCGAAACTCAACTAAGCTGTTACCCGCCGTTATCCAACTAACAAAGACAGGTTTGGTCCGACTGCAACGTCCGAGTGAAATCCTTTGCGGCAGGCATGACCTCGATACTTTTCTACTCCATACTCGGAACGATTGGGAGCATTCGGGCTGCTTGGCTATAAGGACTGATTCGGACGCGATGACGCTGTTGTTCGGGGCCCGAAGAGTGTAACGCAGGTCGTCGGCCGTACCGTGTGGGTCTCGCGGGCGCCGGCACATATCTGCCGAAGCGAACCCGTTCCGGGTGGCAGTGAGTATCTAGGTTGGGATGTCACTTTTTGGTCGCAGCGCTCACAATTCATACCGGTCCGTCTTAAAGAGAGACGTCTTTGCGTGATGGCTGAATCCGCTGTATTACCATGCAGGGGCTAGCGAGAAAATTGCACTGACATCACTAGATCGTTTTCTAGACAAGGGCTTTCCGTCCATATTACATGAGAATTTAGGTGGAATATTAGGTGACCTGCCTCGTTCCGCAATTGAAGCCGCAATGTGAATTTAACTCAGTGTAGGTGTTTGTACATTGGGGCCGCTACGGTCTTACCTCACTGAGCGTTCCAATTCGTAACGCACTTTCAGTAGGTATCAAAATATAACACCTGGGATTCGTTCCGAGGATTTAGCTCATCATGAAATCGTTAGCGGAACGGCTGGCGTCACAAGGACAAGCGTAACTCTTAAACACCGGGCAAAGCCGGGGGAAGAGTATGCTCCTCGAGAAGCGACTTCTACTCTCTCACGGCCCCATCTACTTGACCAACGAAACCAACCAATACGTTCCATACGTCAGACCTAATTTGCACGTCTACGCTTTAAGGCTGATCCCGAGTCATCGTAACCCTTGGTTACCACCGCCACTCCATTCGAGGAGTGGGGTAGAGGCAGTGAGGTGGCCTTAAGGGGGGTAGCGGTCACAATCGCAAAGTATAACGATAGTCATGGGGCCTATACTTAGATTCGATTAATCTAGACAACAGGCAACTGGATTTATGATGGCGTTGGTGAATTCGTTAACGGATATGTAAATCGGGATAAGCTCATACCAGATGTACGATGCGTACAGTTATAACCGACCCAATGAGGTAGACCGGGACATGTTGCACTCCCGAAGTTAACCATATGAGGCCGCATATTTAATCCCAGCCCAACCTGCACCAGTGGTACTCTGATGGCAGTGATAGACACTCTTAGCCCATATGCATACACGATTGATTGGATCTGGATACTGCCCAACAGACTGAATCTGTATCTAACCCATTAACCA,1742,50.29,Saccharomyces cerevisiae
SEQ_980177,CATCTGTGGGGTTGCCTCCAATTAACCGTCTCAATCGCCAGTATTTATCTTCACACCCGCACGGATCATCTGTGGTGGGCCTTGTCAAATCTGGCGCCTTTCCCGGGTGCAAGTTAGGCAGCGTCTTATAGACGTATGGTCTATCCTAACACATCGCCACATAGACGTGTTGTCCATGGGCTCACAACGACTCCTAGATAGGATGTTCCTTTCGACCCTTTAACATTGGCTGAGCGTTCCTTGGCACGTTTGTTTGACCATCGCCTGCACAGAGGCAGCATATCATCTCAGAGACAAGAATTAGCCCATGTGACACAAAATTACGAGAGCGCCTCCACAATAACTGGACTCTAAAGATCATACGGGTCGCGCAGTGTCATAATGCACGTGTCATCGCCGACAACTTGTTTTGCGCTTACCTTCTCAACCTAAGCGCACCACTAGGGATCTTCGGGAATTCATTCCCTCCGACTCATTCAGGAGGGTCATACGCCTTCACGAATTAGTTTAATTATGCTCTCACTATTATGATGGAAACGAAGACACTTGTGCCGATAAGTGATCACCTCAACGTGAGATTGGACTGCGGGCGGGAGGGCGACTACCCGCGAGTCTGTCCTTTAATCAGCACAACCGTTATGCATACTACTGCCCCGTCGCTTCTGCGAACGCCGCTGCTGTTAGCTACTTCATCCAGCTACACGGAGACGCGTTGGGCAGCTGACCTCCTGGAATATTATCATCACTTGATTTGCCTGCTCAGAGATACTCGAGTCATAGTGAAAGTGCCGCCTTGGTGGACGAGAATAC,810,50.12,Mus musculus
SEQ_560760,TATTGATATGGTGATCTCACCCGGACACCTGCTTCTGCTCATTTGCAAGCAAGCATATTAACTGAGGGTCCGCAGTAGCCCCAGTTTCGGGGCTCGTAAATAAATGGGGCATGTTTAGGGTAGTTAATTCGTTACGGGCTTTAAGCGTGGTCTACCAAGCGAACCCTGACCAAGCAATGACGGTCATTCGCAGGCTCTGTTTCAGAGGAGCGTTACAAACAGGGCTAGAATAAAGACATAGTTATCCAGAACCAAGTTGCCTACTGTAATTGTCGGCATACGAACTGGGTATGCGTGGTAAGCAACATACCATCATGCCATGATTTATCAGGTCGCTATGCCCTAGGAACTGTTATAGTCTAGGATTCGGTGGAATGATGTGGGTGATGCGTTTCTAGTCCCGATTAGCGCTTAAAGCTCCGAAGGATTGCCTGTGCCTCCGCCTCTGCGGTACCGCTGCGCCGTACGGTACTGTTGTCCCTGGTAATATCATTATACGTCCCTGCATGGGTAAGGAACTAGTATGTATTCCGGTGTTCCATAACAGGTTATCCTGAACCGACCTACGTCTAACTGTGAATTTCGTTCGTACTGGCACTATGCTTCCCTTAAAGGAGGGACCTGTGCGTACATACGGACACTGTGATGACGCTCTGAATGTGTAAAGAATCGATCTT,677,48.01,Caenorhabditis elegans
SEQ_268199,GTCATCCATAGCAGGGAGCTTAGTATGCATGACTCACATGTTTTGCCAGCACCTCGAGGATTGAGAAGGGGCTGAAAACATGTGTTCTTCAATTCTGTCCGTAGTACGGGCTGAATCTAACTAATTCACCGCTGATTGCGCCGCTTAGTTACATCTCAAACCAATGTCCGACACGCATAGAGCGTTCGTAATCCATACCATATCGCACATTACCATTAGTGGTAGCTTATTGTGTTTGGGGTACCACTGGAGTGCACGTTTAGTGGATTTCAACTAGCGTAGGGGCGACTTAAATTAGCTTATGAGAGGGAGGTGATTGGAATGAAACGCTCGTTTCTCTGTGCAGCTAACCTTATCCTTATACTCTAATCAGTTAGTAGAACTGGTGGGCCCTCGTGGTGGGCGCGCAATTGGTTATTGTTCAAGTTCGTCGGCTTCGCACGATATTCCCGAAGGGGATCGGATAATCTACACTTTAAGGACGGCTTGACTATGTTTGAGGTTACGCGGAATTTTCAGTGTGGCTATTGTAAGCGCTACCCGATGCCAGTCAATTTACCAAAGGTGGGTGCGCT,575,46.96,Mus musculus
SEQ_812249,CCTGCTGCCCCGGTCTTACACCTAAGTGTGCAATTACTTGGTCCTCATAATCCCAGCGGCCTCGCTCAACTCTGTGGTTACCTTACACATGATCCGGGTATATTGCAGTTTTCGTGACAAGTCGTTTGCG,130,50.77,Arabidopsis thaliana
SEQ_609043,CCGATAGGTTAACTATTGTCGCTCGCAAATTCTACACGGCATGTCTAAAAACGAGAATGCCACACGTTGGCCGGAAACCGAGTATAGTGGAGATGTCCATGGGCCCTCAACACACTGCAGGGTACGTGGCTATAGACAATCTCCAAATTAAGTTTGCAGTGCGCCGGACTGCAGCGAACGTTAACGCTGAGAAATGCATCTAGTGCACTTACATTCATTCTCGTTGAGCGCCGTGTGTGAGTCCGCGTAAAACGGCTCCGACTATCATCTATTGAGTTGAGTTGAGCTACGGACTGTTGTCCGGATCATTGCTCTGTCAGCGAATTCAGCCAGTTCTTATCGACTCATCATTAGACAGGCATATGCAATACTTCTAGCTACTTCGTGCAAGGCGGGCCTTTCCCATGTCACCCACTGATAAATTTAGTTCCTCGTTTGGAATAATTGAAGAAGCCTCGGTATCTAAGCCGCGCTTGTCAATCTAGCATTATCGCGTTAAAGGAGGGCATATGGACTCGCATCAAAGCCAGCAGACGGTGAGCTGTGTCCGCCGCGGAACATAACATTAGGTAAGCCGGATCATCGTCTAGGATATGTCTGGGACTTTCCCTGATAAACGCGATCCCCTTTATCGAATAGTAGTGAGAACAGAGAAGGTGAAACTCCGCTCTTTGTAATATGCC,683,48.02,Drosophila melanogaster
SEQ_347620,GTCGAGATCGGTGTTTTCCAAGGAGGTTCCCCGGTCCACCGGTTCTTCTTAAACCCTAGGGTCACATTTAAATAGGGCAAGACCAGAGCTGATGATTCGGTGATGATTGTACTCAGGGATATGAGGCATGCCACTACAGCCGGTGTTGATGAGGGAACCTAATCTTGCAACAAACCCGAGTGCTCCGTCGTTAAGACTGAGCCCAGAATTGATCAAGACTGTAACCACCGGA,232,50.0,Escherichia coli
SEQ_106359,TGTCCAGGTGCCGTCTCCTGTCGCATATGCGTGATCGGACCCTAAGCTATCAAACGGATGCGTAGGCAGGACCCCTTCGAGACCTAGCCGACTCTGATTGTGTAATTCGTGTGGAACGCGATACGTTTCCACATATACGACCCGAGTGGGATGGAAGAATGTCGATAGTTTCCTCACGAATGTGGATTATACTGGTCCTACTTCCATGCTATAGATCTCGCGTGAGCCGCATGGAAGGAATGGCAACGAACTCGTTCTACCCATCCTCGCTACGTCCGGGGAGGTCCACCTCTTGTTATAAACGGCTACCTAGCAGTATCACAAGCAGCTTAGCCGTAATTATTTAGCGTGGTGTCTCACCGAATAATTTGGCGCTCTTTGGGTTTATAAGAAGGAGCTGGAGCCCCTTACTGCAGCTTGAACCGATATACTTGTTATCAGGCACCCGACGTGTAAGAGGAGTTCAAACATCTGCACATAGTCGGCGGGAGGCGAAACTGGCCCACCGTGGCCTAAAACGACATGAGCATGTCCCATTGGACGGCCGAAGAGGATATGCGGCTATAAGCGGCACGGTCATCAGGTAGAAGCGCGCCAGATACACTGGTAGTATAGGGAACCTTCGCGACAACCCTTTCACCAGAGGAGATATGTTGCTACAGACACTCTCCCGTGAAAGCCTACCGCGAGTGTCAAATGACGATATCACTCAAATCTCAAGGTTGACTTTCCGCGTGCTTTAGGACTATGCAAGTTATCGACCGTCTTAGGTCAGGCCATTAGCGCTCCTGTTGGAAGAAGGCGATCTCGAATAAGGTACCCTGATAGCGTCCGATGTAAACCCTATCAGGTGCACACCCCACGTGCGTCATATAAGTAACTATTGAACACAGGAATTAAAGTCGGTACCATTTAGAAATGGGGTTTTAAACCACCGGCAGACAGAGAACAATTGTTGTAGAAAATAAGCGCAGAAATTCAGAGTCGGGATCTTAGGATCGTCAGTGTAGGTTAGTAATCGGGGTAGTTGCAAACTTGTAGATTATAGGGACCTATGCTTAGTCTCCGCGACAAAGGCACGTACCCCCTAAGCCGTTCTCTCAGAACTATTTTTCGTCAAGGGTAGGTCTGGTCGTACTCACTGCGCCTCTTACAGGGCTCCTGCTAGTGAAGTAGCGGATTCGTTTTGTTGAGTGGATATCGCTCTGGTACGGGACCCAGGCCTGCCGCCTTAGGGTCCCATCACGAAAAAGGTTGGTACATAGTTAATCACTGGGTGCTCGCAGTTACATATTAGGTTCGTTAATGCATACTACACTCCTGACGGTGATAGCTACTACGCCATTAGCTGTGCCGTCTCTGCAGCTGCGTATATAGCCGTCATTAGGCAGGCTCTGTGCGCGAGTTGACGATGGCGATGACTTGTCTGATGCCTTGA,1438,49.86,Saccharomyces cerevisiae
SEQ_993883,TGGGGGGAGAATTGTCCCGAGAGGACCGGCTTGTGAGGCTGAGTAATTTTAGAACGGAATCAGTCCTCTGTCGTGGCCTGAACTGGAGTAGAATCTCGATCCCACTCTAGAATCCATTCAAATAGTGCAAGTGGTGACGGACAAGAACGTGCTGGAGATCTTCCGATGGAATGTCTAACGGGAGTTCCTACTCATGTAACAGAGCTAATCTAGTTATGGAACAAGACGCAATAGCAATTGCGCCCAATGCTAGTTGGCATCATACCTCCCCACGACGGGACCCCTATAATATCCCACTTCGACCTGCCAATGGGGTATACCTTAGAATAGCCCCCGATCGAGCAAAGTAAAAACCCGGTCAGCAATGAATCTGCCAACAGGCGACGTGGAGCCTAGACGGCTGCGGCTTCCCACAGTAATGTGTGTATACCCCGGGTGTCTGAGCAGTTGGACAACGTATGGACTTGTACACCTGGCCAGTTCCAGTATCGTTAGTGTTTTCACGTGTAATCAGAGGAAAATCCGGGCCAGCTTATCCTGTGGGATATTAGCGAAGCAAACGGCAACGCTAACTACATACTGATACAACAATTGGGGACGACTTGGGAATAACTAGCCTAGTCCCTGGACGTGTTGGCTCTTGAGGCAATAGCCTCGTCTAACTGCAGTATTCAGTGGTTCAGGTTTACGTGGCGGGGAGGTACGAATGACCCGCGGTTGCCACGACATGCCTCTACATACCCAGGGCCCTCTTGTGGGAACAACGAGCTCAACAGCATATAACCACGTGAACTTTCCTCTAGGTACCATACGTTCAAACGGGGGCGAAGATGCTATGAATCCGGCCAAGGTTGGTTCGTGTGATCTCACCAACCTTACG,880,50.68,Mus musculus
SEQ_355293,CAGTGATTCGGCCATTACGCCAACTCACAACTTTCCAGATCTATGGATGATGCGGATAGCGCAACGGGGAAGGGGCGCCACCCTAAGACAAGGCTAAAATAATAATAATCACCTCCTGGAGTAACGAGGTTTACACACATTGGCAAGGATGGCGAAACCTGCTCCGGTTTGCGAGTATAGCAGAAACACCTACGGGCGACATCGCTGCTGTATACGACAGGAAGGCCGGGATGCCCAGATCGACATTTTCTCTGTTGAATCCGAGTTTTCTGACGAGCACGAATCGTTAACCGACATGCAGCCCGGTTAATGGACGAGTAGAGTGTCCCGCCTGAAATTGTGGTATTCGAAGACCGAAATCGGAGCGACGCTCAGCAGCCGGTCGTATATAATTCCAACAGTCAACACAAGTTGCGTTTGGTGCCATCGTCATCATTCCCGTTATTTAAAGGACCCACCAAAGGCCTACCGCTCTCTGCATTGATGTTGACCTCTAGGACCGGTCTGCTGGTCTCTAGAATCTTGCCACATGAGACATACATGGCAGAAACGTCGCTATGGGGGCGGTCATTGACCAGGGGTAGGCGAATGGACTGGTGAAGTGTTATATAACGTGGTCGGTCCGGAGGTCTTAGTATTAGCTCGAAACTTGTTAAGCATCCCTACCCCTGTATCGTGCGAACTACGCTGAAAGTGTGTCCCCATAATGTAGAGCCCAAGGACTCGGTGAGGGTATGATAAAGCCCTGCCGATTGGGGCTAGTCGAGTCTGGGCGGGAAGGCGGATGCGTCTAATCCAGTTATGCTAGCCTTATCGGGAAGTACGACCAAGAGGCGACCAGGTAGTCTGAAGTAGACTCGTTCTATAAGCTTTCAAACAAATCATTGGACCGCGACACCGCCTAGCAATCATCTCAAGTCTCTAACGTTGAGAGTGGTCAGAGCTGGTAGGCACGCCCTAAGGAACCTGAAGTTGTAAAGTAGAAGCGGTATACGCCCAAGGTGGACCGGCCGTTTCCTCGTCATCACTTTGAATTCTATTTTTGCTCGCCATGGACTTTATAGCGACTACCAAGGATG,1079,50.6,Mus musculus
SEQ_798855,ACAGCGCGCCGACCACAACGCGGTTAGTTAAAATAGCACGTTTACGAAGAGCTAAGTGTAGATTGAGTTATGTTAGGCTCGTGGCCCTTATACAGTGCGGGGAACTCATGGTTCCCTCACGCAACTGTCTTCGGTCTATCTATCTAGTTTATACGGTTAACCTTAAGGCTCTACACTGGACGGTCCTAAGAACGCCTACGAAATTTGATATGGTGGGGTCGATTGCAGGAACCCATGGGCTAGATGCGCATCGATTTTAGCATGGCTACCATGAAGGGCGCCTCAGCTAATTCGCGTCGGGGTTATGAGACTCCATCTGTCCCAAGATGCGCTCTCCTTGTACTTTCGGGCAGCGTTCCCCCGGTTCACACTAAACTCTGTCAATCGAACCCCGCATCTAGAGCTTCGATGGACCGCCTACATTGCGGCTCGTCAACCGCCACTTGCTGCAGGGCCCACGCAGGGCAGTAGGCGGAACTAGAGCTAATACGGATCGCTAGGAGACGACCTACGAGTGCCGCTATGGGGTCGTACCGAACGGATCTGAAGGAGGCGCGGCGGCGCAGGTACCAGTACGTGGACCGTCCCAAGG,592,54.56,Caenorhabditis elegans
SEQ_995466,CCCAACGCATCAACCAAGATGAGAGACGTATTAGACCGTTTGAAGTTCCGCGCTCATACCCGCAGGGGCCGCGTTTTCCTTATAGCCGCCCATGGTACGAATTGTTTCTTAGTTAATATATGCCCCAACCTTAGCTGCCCAACACCTCAGCCCCAGATTCGGGGCTGCCTACTAGCGGTGAGGGAAGCCTACATCACGAAATCTAATAGAAGGATACGTTGGATACGTCTGTTCCTTTTGTGTCATCATCAATATAACCCAACCTCTGCCTGCCAGGTTACTTATCAGGAGAAGGCGCAAGCAGGGGGCGGCAGAACCTGACGGCCAGTTACTTGTATGTAAGACAAATACTATTAAGCAATTATCTTCGCTCTTAGTATAGTTCCCCCACCCACTCTGTTGACTAGAGGCAGTGGCGGTAGCGAGTAGGCTATTCATTTTGGCACGGCCCGGACCGAATCGATAAGGGTGAATAGCTTTGGCTGATCAGCTTACGCGCGATTCTTTCAGTTCTAATTTCCTCGAGCTGCGCAGATAAAAGAATCAACTGTACCCAAACTAACGCTGCGTTCAACTACGTTAAATGTGGACCATGCTATTGCTGCTCAGTCTAAGGCAGCTGTCACCCTGGTTTGCACGTCTACCAATCTAGATCACCAAAGACAAGGTTCTTACAGTTTCGTGGTAAGAGAGCGGCGGCGGATATTATGTTACGTTGTCTTCGGTCGTGCGCGCCTCCGTCCAAATTCGGACGGGGATAAAGTGGTGTTGGGGACACGGCGCTCGTGTCTCCAAAGAGCAGACGAAGGTCCATACCCTACAGGTAACAGGTAAGCCTTGCCATTCTCACGAGTAACCAGCGACGAGGCGAAGCAATACGCTTTACGTGGCCACTCAGACAATGTGACATAGGTGGGGGAAGGGGCATCCGCGCATTCTGGCTACAACTAGGACAAGGATATACTCAAAACTGGACACTCGTGAAGTTAATGAACGCTCAGGTAGGACGTCTAAGCGAATCTCAGTTCTGCGTTTCGCCGCTGTCGAAACTATGAGTGTCTAGCGCTCGCAAGATCGGGATATATTACCGGCGTTTGGCTTGGTCGCGGCTTTTGAGTAATGCTGGTTAACGCACCGTTAATGGCTCTCGACGCATGGGACGCTGTGAATAAGCAGTCGCACGCGAACACCGTTAGAACTCGAGAGTGCAGGGTACGTTGATCGTTTAGGTAATCGAACTCCTCCGACCGAGTCTAGTCTCCATTGTAAAAAAAGTAAAGAACCCGCTGGCGCCGGCGCCTCGGTGTCTATTGCAGTCTTTCTCCCAGAGAATGGTGCGAGCTTGCTGTTGTGCTGCAATGATATATTCCAGACGACGTCGAAGCGGTCCAACAAAAATAAACGCGCAGGTGGATTATACCGCCTATTATCATCCGTATAGATAGGTGGCTGATAGAACCAGTTGTTAGCGATCCGTCCACGGGTAACTTCATCGCAGCTTATCGGGGGCTTCCTACAACTCCTTAGAGGACCTGGGATTGTAGATGCAGGTGGTTACATCTCGTCGCGTGAGAGGAACGCCCAAAATTGGCTGTTGATGCCTTCGGGCTCTTCACTTCATTTCACGCTGATCCAGCCAAGCATATACTCGTAACTCGTGGGGAATGGTTCCATTGTGATCACGTGATGACACCATAAACTCGGCCAGCGTACAGGCCTGGGAGTGTAGTGAGTATGACAAATACTCAGCGATGTAATACAGCGGGCCCTGCTGAAGGAGGCGTACTAGCTTAGACACTCCCATACCTGGGAGAAAACCCACATTAGCTTCCGTGTCCACAGGGAGTTTACTTTGATTCTCCGATTAGGCGATGATGTGGCATTGTTCGCACCCTTCCTTTAT,1903,50.29,Mus musculus
SEQ_447604,AGTCGAGTCACAGACTCAATAAGTAGAAGCTACGTGGGCATAATAATACCACGGGACATATCTAATCAGAAGTGAGAGTGATGTGGCTCCCTTTGGGATAGCACATAACGTCCTTGCCACTGTTCTCCCAGCATCTGCTCGCAGTAAAGGCCTGGTGTTAGCTAGGCCTTCAATAGCTGTGCGATTCCGGTAAACGGTTTCATTTTTTCGAAACGCGGTCATATGGCACGGATGTATCATGCAACAGTTATCGCCCTGTGCTACCAGCGACCACATAAGCGTCGCGCAAGCCTGTGGTGAATTGACACAACCGTTGAACTGAGTTGGATTAGGGCCTGACCGTGTCTTAAAAGGTTAACACATTGCTCAGGGGCAGCTTCCAAGGCAACACCGACTGCGGATGATGTGCATAGCACGAGCCCGAACCAACCGAAACAGGCACCGTAGCGTACTCCTTTGCGACTCCGAAGGGATGTATGAGCCCATGAGGCGGGGTAAGGCCGGTGAATCAATGGAGTGCATCTAAGGCGTTGCTTCCGGGGAGTCCGTCTCTCACTCGTGTATAGTCTATATTCCCTCCGAGCACCAATTGACTAGTTGTGACTGTCGTGGATTCCGTCGTACAAGAACGGATTTGCGCTGCAGGCCGCTGCCCCCTATCCGGGAAGATCTGCTCTCGATCTATCGTTTGGTTGCCACCACCTTTCCATTCCTCTACATCGTTAATCCTTCGTAAGGGATCTCCATCGGCCATAGTGAGATCTCAGGGTTCGATAGAGATTTGATAAGCTTTAACCCGCTCGCAGTTAGGCCTAAGGCGAAGGGATGTGACCGGGCTACGGATGCACAGGGCTACTGCCTTGACTCTGGACGGCTTCGCCGTTAAAGTACTTCGCACACGTAGCCGCACGTGAATGGCAATATAGGCAGTCACGATTTCCGTAGACGGAAGTTGCTAATCCTGGGTCATGGCACCCAGGCCGGGTTATATTAGTCGGACGTCACTTGGTCGTTTGAGCATCAACTGCGAACGCTCCCATCACGATGCATGTTCACTCACTTCATGCATCCGGGGTAACCACACCAGTTGTCCATTCGCGTACGATTTGCACAAGTATGGATGGTCACAGCTGCGTCTAGGAACAGCAGGGCGATTTGGACGCATTGTCGGAGGATACATACGGCCCGCGCGTTTAGTCTTCTCCCAGCCGGATGATCTCTCTTTCGCCAATGGCGGCCGATAAGCATGAAGTGTCGTCGAGAGATGGCTACAGCAAGCCGGTCCCACATTTGCGTGGAGCTAAACGTGTGAGATCCTGGCTGTGCGGTATAACGTAAAGACGTCCTTGACCGCTTCTGGTCCCTCTCATTAACATTGAAGTGTTTGTAGATACTGTTGCGAAGAGACCTACGAGACCGACTACGGCCCACCTACTAAATACGATGATCCTCGTCGCCTCTGAACCCTTGATCTAT,1476,52.03,Drosophila melanogaster
SEQ_634545,CTCCATGCTTCGCCAAACCCGACAACCGACTAGCAGTTCCAGATAGTGTTTCGTACTAGAATCGTCCCGTTGCCAACACTGCTTGAGAACAGTTTTGTCAAAATCGTTATGTATGAATAGAGTGGCCACGCCCTTTGCGACGCGTGCTTGAACTTGTTTTTTATGCCAAGGAACAGCTCAGAGGAGGTTGGAATCACATTCTTAGAGTGGCAGATTCATCCAGAGCTTAATTTCTTGCTTGCTCGTCCAGACTTAGGATATTTAACACATAATCCCGCCTCGTTGTACCGACCTAAGGTAAGATGTGTAAGGAAAAAGCGCCCCATTCTGAACGTATGTATTAATGGGGATGGTTTGTTTCAGCAGTCAAGAGTATCGCACAGTAGTTCTTCGCACATTACTCGACAGTACGGTGTTCTCTTCGGTGGGAGACAGGCACCATCATGGAAAGCTACCACCGTAATTCGGTAACCGGCGCCAACTCACACGGGCTACCACGTCCATTTCTTTCGGCGGGTCCTGCCAGCGCGCTCCTCAACATGTCGTACAAGGGGCCAAACCGCTAACACAGCTATTTGATCCAGAGTCGTCGTAGTTTCGAAAGGGATTTGCTACGAGTTGAGAATACTGCTGCGAAGCCTCAGGACCCATCTTTTCCCAGCGAAATTTCATGTATGGAACACAGAACTAGGCCACGGACTAGGATTGGACACGTAATTCGTTTCGGCCAAGTCCAGGTGACATGTACAAAAAGTTTCGGCCTTTTGATAATCACCACCGGGTTGACTAACGGGACCTATTCGGGCTGCAAACGTTTCATAATTTCATGTCAGAAGGTTTCCCTTCAATCTTAGAGTATACAGATCACAACCATACGAGCGCGAACTCTGGTCTTGCTGTAAAATGAGGACGTTAGACACCCATATAATCCCGTATATGTGAGAGGGGAATTAGTCCGCCAGAGAGTGTTTCCCCGCGCGCTCCCCCATACCGGTACAACGCTCGAATCCAGTGGGAGCCTTATGAACGTAAGGTCCTTCAATGCGGTTGACCGAACTATAACGGGCGGTGAGAGATGTGGAATACTGTGTAATTCTGACCATCCAGTAGACTTCTCCGCGTCAGATGATCTGCAATGATAGTGCGGCCCTGTTCGCGTTTTTCGAACGTTAGAAGATCGAGGAATCCTTCCTCCTTAATTAGTATGCCGCTAACCGCGCGCGGCAACTGTAATGACGAGAATATGGGGCGGGCTCGCGAAA,1262,48.73,Homo sapiens
SEQ_614797,TCGTACCCATCAGGTGGTCCGCGCATGGGTGCCCCAAATTCTGTTGGTGAAGAAACAGCTTCCTATCAGGCCCTAG,76,55.26,Homo sapiens
SEQ_436154,ATTTAGTCAGCTGAACGGCTTCGACCTCGACGAAAATTTCTCTAGCCTGCGATCTCTAATACTTTCCCGGATTAAAGTACGTCCTACTCTCTACTTTCAGGATTCACAGTTCTACACGGCCAATCCATTTCAGATTCGTCACTGCGGTTGGTGAACGCTGGAACCGTGCGACGAACATTCTGAACTCTACTCCTAGGGATGCCTTGCGATGTCGAGGAAGAGACTAATTGGATACCTGGCAATAGACCGGGTAACCTAGCTTAATAAGATCTAAGAGCTTGGGGTTGATGGAGGCGCAAGATTATAGCAAGTATCGCTAGTGACGGCTTCATTGTCTATCCAAATCGCATAAGCTGGTTTGGGTGGAATGCATGGCAAGGTATCCCCAGCTATTGTCGTATCCGAGGAAGGCGGCGAAGTACACCTCTACCTTTCCCCGGATTTACGGTGTAGCACTTTAGTTCTCCACTGTCACTTTCGGTGCGGATAAGTAGGCGACGTTGCTAGGTAACATATAAAACTTCTGGGAACGATATGATTCCTACCGGACTTCGACGTATGTGCGACGGATATATCGTGGGATATCATATCCTAGTTCTGCATCGCAAATACGGAACTCTAATTTGTTCCGCTTTCGGAATCAGCCTGATTTTGGCGCCTAAGATTCAAGTTAATGCCTGTGGGACCGTCTTACCTCACCTAGTGACAAAACGACTTGCACTACAAGTATAGAATTCATAGGGCCGTGACGTGAATTTCGCTCTATTATCGACATGGAACCATCTATTGCTATCACAGCAAAGTGCAACGTGGTATTGTCCTTCAATGATCAATACAAGGCACGCGCTGTAATGTTTCTTTCTCGTGAAAAGCTGCACGAGCTGACGAATTCTATTGACATAAAGTGTCCGCATTCGACCGGTGCTTCCGCAGTGCAAAGGAAGCCATAATAGCTTGAGTTGCCAGTCCGTGCGGAAGCCGGGTAGTCTTAGACGTGAGGTATTCGAGAATTGGGTGTGGGGCCTCGTTAACGCTTGTCGCCACATTATTTCGTCAGCCCATCGACCCTTTAGGTTTCAAAGAGCGCGAGTAACCCAGCTAAGCGAGTAGGGTTAGTAGGCTAAGGGCCTGAACCGAACTCTTACCAATAACGTTTATAGTCTATAATTACGAATCGATCGATCGCAATTGCTTTAGACCGTTAGCGGTCGCCTAGCCGTTTTAGCTATAAGTAACGTAGTTGGAGGGTTGGAATGTTCCATTCGGGCGTGAATTAAAGCTTTGCAGGGACAAGGGGCATCCGCTAGCCTTCGGCTGCTCAAGTCCACACGAAGAGCGAAGCTGTCTGATCGGTGGCCTGTGGAAGCGCAGCGAATGGAAAGATGTGATACTATATACGGCTCTAGGCAATGCTGCTAGTGGGGGGTCTTATGAACCTGCTGCAGGAGGTACACCCAAGTTGACATCTTGTGGTCTCATTATTATTCCG,1489,47.75,Mus musculus
SEQ_761437,CCAGTAATGATGCGCACAACTTGTGTTGTATTATTTCTGACCTAAGTTGAGTCGCTCTGTCAAAGGTCAGACCTCATGCAAGCTCGAGAGGCACAATAACCCACAGTGTTCCCACGACTTTCCTTACAGCCTTCTCCTCAACTGTAAAGAATACCTCACCCACTGGCCCGCTGGGTCTCTGCGTAGACTGCAATTGTGCGTCTTGGAAACTTTCCGGCCTTACGAGATTCGCAATGCTTGAGTGGGCGCAGCATTGGCCCCGATCGGCAATGTAGACAACATCAGAGATATCGAGGCCGGGTTGGAATTTAATTACGATTCGGAGCGGGTGGTCGTCCTCAGCAGTACCCTTTCCGGTGGGACAGCGATAGCCCATG,377,51.72,Drosophila melanogaster
SEQ_463416,GAGAGTCCTTCAGTCTAGGCTCACGAGCAAGAACAACCCGCATCACGTAGGATTTTGAATCCCACCCTCGCGGTAATGTGACCCGCATCTAACTTGTTACTACCCATTTCCTGTCAGTTTGGGCGTTGTGTCTTACCAAAATTGGTAAGTTTTCGTGGCGCTGCAATCGATTGCCTGTATACTTTTTAAGGCGGTTGCCGCCCCGCGCAAGATCAGGGCGTCCCCGGTCAGTCAGAACCAAGGTGCGTCGGTCTGGGAAACCGCACTCACACGGAGAACTCTACTCCTGTGTGTACGATCTCTGGACTCCGGCAAGACAGGCCACCCTTAATAACTAAGTAACCTGTCCGGACCGCGCCGCGAACAGCATCATGATTCCAGGGACGGGGTCCAGTTCGGTACGGTGTGCTGTTTTTGAAACAGGATTTAGAGTGCTGTATCGCGTGCGTTCGTAGACCTGGTCTATGTTTACTCAATCGGGACCGCCGCACTCTTGCTGCCGGTTCCTTGAACCATGCTGGAGATGTCCATCGACGGCACTTACCCGCAAAGTCAGGGGCCGAACGTCCGGGTACTCAAGCAGCGGAGCCTAAATGCCAAAAAAATCTATAGACGTCCATTGCGATTCTATCACATAATAGGGTTAGACTTCATGGCTTGAGGCGCGAGCACCGATCTAATTAAATTTAACGTCTTTAAGAGTTTCGTATTCGAACAGCTTCGCGTGAAAAGGAAACCCAGACCGTTTCTAACACTGTTGGTGGTCCATTCGTAGGTCTGTTTAGGCGCACTTTTGCTATCAATACCGATTGTAGGCAAGGGTCACAGAATTAGTAAAGTCAATCTTGCTACTTCCCGCTTGGGTGGTGAATTCTTAATAGATTGTGTTACCGTTCTAGCTGCTCTCCTCGGGCTCGGCGTGACATGTAATCCCAAAGTTACGCCCACAGGACATCGGTGGAAGGGCCCCCATATAAACAAGAGCAGGATGTGAAGGTCAGGTTGCCTCCTTCGTAGCAGTTATGGAACTATATTTGGGTTGCTTAGTAATAGTCCAACGAACCGACAGCTCCAGAATACTCTCGCAGCATTTCTTGGGAAACCTTTTAGAGGACACACGCCTTACGGGCAGGAAGCCGGCTGCTA,1146,50.44,Saccharomyces cerevisiae
SEQ_353909,TCGCTTTTGAGGCAGTTTCGGGAGATCTTAACAGCTTATCAAAGCCCATAAAAATTTATCCCAACATGGGAGACAGCGGGCACCTTCAATAGTCGTCCGGGAGATTTGTCAGATGATGGGTAGCCGGACCGCGTATTAACTAGTAAACTGGTACGGGTTAATACGTGACAAGTGTTACACGGTCTGGCGAACCGTTGCGGGCCAGCTTACCTGTCCACGTTTAAATTACCGCGGCGAAACTCACGCGTACTTTCCCCATACAAGTGACAACTAGTTAAAGTAAGGCTATCACCATTCGGCGGGGCGAGTTGAGATCCTAGGGGCGGGCTTCTGCCGAGGTAGCCTCTGTGACCTTAGTCTATGTAGTGGGCAATTGTATATAAACCAGAACCATTGCCCAGCGACATGGGGGATCGCACGGCTTGATTGATGAAAAGTGGGACTCGACACTGATGTCTACATTCCTTATCGCATACCAGCTTCAAAGCGCCACAACGCGGCATTCCGACGTGAAGTGACCTTGTGTGCAATACGTAGTTAAATCAAGACTAACCGTATTAAAACCCCCATCGGGTCCCCAGGCATTACGCCCTCTTGCCAGAACATTGGTGTTTGATTTCATCCAGCGGCGTAGCACGTGCCGACCTAACGTATACGACAGATTTTCGCAATGATGGGGTGACGGTTGCACTTCGCTACCGCGATTGGCCCTAATGCGACCGGAAATCGTAGATGGGAGCAACGGTTGCTGCTAAAGTAGCCTAGCCTCATAGCAGTCGAAAAAGGGTTC,790,50.38,Drosophila melanogaster
SEQ_927052,AAGAGGGTCATATCTCGACCACGGGTATAATACCGTTATTCGGATTAGCGAAGGAGATTAAATCTACGAGAGTTGGCAGGCTCCTGCCTGCACAGTCTACCACAATTAGAGTTACACCGTCAGGTGACTAATTGTTTAGTGTGAAGCAACCGCACTGCTTCGTATGACCACGACTAGCTGCCGACTTCGAGAGAACTTGCTACGAAAAAAGTACTAGTCCTCAGAACGCTCAGAGTCCCGCATTATTGTACGCGTATGGAGCGACATACGCCACCCGCGAGCCAACCCCTTATTATACTTAAGAGGTATACAAGACGCCATGTACCGGGGGTGTATGGCTAAGCTTCCTCCGACTTAGCATTCCTATTGGGAGAGGAGAATGAGTAGCTCATGCCATACCTGTTCATAATTAAAGCCTTCACCCTAAAGATACCACACCGGCAGGCCCGCGAAGGAAGAAATTGTCTTCAAAAGAGCATGGCAT,484,48.14,Arabidopsis thaliana
SEQ_311753,GGGGAAAGGTCGATCCAGTCAGAATGCAACGGGACCAGTATAGGAGGGTTATCTTCGAAGCAGGAAGGTTAAGATGCCCAAAAACCCCTAGAATCCCCACCTAAAATCTCATTCATCAGATCAAGGGCATAGGTACTAACTGCCACGTTCTGTTAGTCCTCCGGTGTGGCAAACCTCGCCTACCCCTTATTTAGCCACCGGTGATCCTCTTCGACGTCGACACAGGTAATCGGGTTCCGTCGCGGGAATGACGCAAATAGTCTGTGGGTGTTTTCTCCTTTGGTGATTCTAGTATGCTTCAAGGAGGAGGGGCAAATGTCAAGCGTGCTCCCGCATCTCATCTTGGGTCACCCCTATCAACAGTCGTGCTTTGGCGTGATTATTCCCCACATATGTAGAAGACCTATACCCCTTAAATTGCGTTGACTTGTGAACTTAGTAGCAGGCAATGTGAGTGTCTTAGCCATGTGAATGGGCTTCTTTGCCTAAACGCGACAT,498,49.2,Caenorhabditis elegans
SEQ_528073,CGTGACGACTTGCTGGGTATTTAGCAGTTCAGACCTGTGGCGCGTCGTCTGGTTCCGAACGCGAAAGAGCTCTTAGGTTATCTATAAAAAGGCCCACCTACTAATTTCGATTCCTACTCTTTATAGTGCGCCGTACTTAGGACTCTAGACCCATTGGTTAAACCGTTTAATCAGTAGACAGAATCCTGGAGCTAGTATCCTATTCTCCCCCCTCGCACTGTAGCGCGACGAAATGATATATGAACGTTCGTACAGTTTAGAGTTCTGTAGTTCGTGATCTACTGGGAGTAG,291,46.39,Escherichia coli
SEQ_915944,GCCCTGCGTCGCTAGGGTGAACTTACTCAAAGTACATTGAAGTCTGACACTAACATGCTCCCGAAATTGGTTTACGGAGTAAAGGCCGACCGCACTAAAGGAGCGAGATTTCCCCAAAAGGATGCGCCGGTCGAATGAACTCCAGCACCACTTCCCTTCTCTGAATTATCTTTACCTCACTTTCCTATATAATCTCCCAACGCCATAGCCCGGTGT,216,49.07,Caenorhabditis elegans
SEQ_209477,TATTGCTCTAACCATCCCCGAAAAGCAAAGAGATACGGATAATTTCAACGTTGTCTACACTCCATTAGGTCCAAGCCTG,79,43.04,Escherichia coli
SEQ_815917,ACAGGAGCATGAACTTGCTGTTCTTTCAGCAAATGGCGGCATTACATCTAGATAGCAGTACGGGGAGAGAGGAGCCAGTGGTGTTCGGTACTTTGAGCTGTTCACAGAAGGCGGAACCTAAGCTCTGTAGCAATAGGCGTCAGAGGACATCCGTACCGCCCATGGTTTGCCTACCGCCGTTCCTGTATGTTTTGTCGACTCGGAGTGTTCTCGCACAAACATCTCGCCCCTCCCCGAACTCTCTTTTCGGACCAATCGGCCATACAACTGACGTAGTTTGATCTGAGACTCTTAGGTTCCGACGCTAGTCACGTATGTGCCTGAAACGCATTAGTTGATTTCCCAACGTCAGCAGTGTACGTGTTTGTACTGGTTACGATTCATGTTATGTTCGCCCCGAACCCCGACCCCCCTTGACCTGAAGCCCCAGTGTTTAGACGAGGGTAGGTTGATTGCAACCCGTTGAGGTGAGGATTCAACAACTCCCCCTGTCAGTGCCCTGCTATGAGCCAACAGCGTGAAGCCCCTAAAAGATAACAATAGAAACTAAGCGCGCTCCAGGCATTCACTAATTCGGGATGTCGCTCACTTCCCTCAATCCGCGATGCACGCTCCAGAGGGAGCGCAGCCGAGGAGCACTGTGAGCGCTGGAAGCAGGTCTAAACAGTTTATCTCACCTTGATCGATGGGAGATTAAACGACAGACTAAGGTCTTAGAGAGCGGGGAACCGTCAGCTGCCCTTTAACCGTGAGAGAATTACAGAAGGTTAACAGTCTACAACATCTACGCCATAGACCTTTGGCCGCTGAAGGCGCCAAAGTAGGAATTTCAAAGGGGATTTGCCACAGGACGATAGTGAGGGTGGCCCCCGACGGTCGACGAAATCACATATACCGAAGACTCGAAATCCTTCTCATCTCTGCCTCGCTGCGCATAGTTGCACTAAATAACTTTGTATTAGTGCTGCTAAGGCTGCAAATAGGCCCTTAGTAAACCCGGCCGAGCGCCTGACCTCCAAAATTGAAGCACAGGTTTCCCCACCCCGCCAGCGACCTCTAAGCTAGCAATTAGGGCGAGACATGCAGACGCGCCCGTCACAATCGTCCAGCAATTGAGGGACTAGAACACAACAATATCAGTAGTCTCACGTTCTAGGATGCGAGCATGACATTATTCATTGATGTCTGCGCGTGGTAGCACCAATACTAAACTGCCGCTTTTACGTGACAGTATCTGAACATACACCGACCTCAACGAACGCCCGATGACAATCTTAGCGGTTACTACCGGTCCAACCGTCAGGTGCCCTCTAATCATGGTATCGCAGAAGCAAAGATGGACGGAGGGACTACACCTACTTACGATTGTGACCCACGCGCGAAACATCAGCCCGCACTGCACATAGGCCTTTCTTGATCCGGGCTTCGCCTATGATTCGCAGGATACACAAGATCACCACGCCGTCCACTCCGTGCCGATTATGGGATTGAAACGGCCCTAGTTGGGGCGGAGAAGATAGTGGTTCGGACTTCAGTAAGGTTACGTGGTGCTAGAGACACCATGCAAACTAGCTTCGCCGGCGCGAGGACGCAACCATAAGCTGTGAACACAGCCTTGTGACTGGAAGGTGTATGAACGGATTCCATGGG,1650,51.82,Escherichia coli
SEQ_686837,AGCCATAAACACACGTATGGAATAATGCGGTTGAAGCTGCATAAGGAGCCCTGCTAAAATTCAATTGAACGGGCCCGAACCGGCACGCAGCATAGACTATGGGGAATTACCCTAATTCTTCCGAGTCATCTTGTTTGCTCGCCGCGCAATGCTTAACCTGTGGCCAGTGCAATTCTGACTTGTGGACATCCAGCGACTGGACGTCCGGCCCACTCGGAGGCCTCACATTAAGGTCCTATGCGGTGGCCAATGATGGTGCTGCGGACATCGCTATCAGATACAGGGGAACAGGCCATCCCCATCCATCGAAGAGTATACGCTTTAGTCTCTAGTACCGCAGCCCCATGGAACTAGGTGGTCACTTCCTTCATCCTACGATTCCGCCTTGGTATGCAAGGAGAACGCTTCTAAGGTCGGTACTCTTAGGACGTTACGACTTGCGGAGACTAACATGGGTTCATACCGCTGCTGCTTAAGAGTTTACCACTAGTTATTTCGGTGGGGTGTAAACACGTCGCTATAATTCGGGTTTGTGTTACAGACTTCCTTGAGTATTTCCGGTATTGTCATAATTGCGTTCCTTTCTTATTCTCTCATCATCGGCTGGCGTTGGATATAGTGGCGGCTCGTGAGGGGACGTTGAAGCAGAGTCACAAGAGCCCTGAGCCACCTTTCGATCGAAATCTTGTTCAGATTTCAAGATTAAAGAATCAGTTTATCCCAGTTGGGTATCATTCCGCCGTAGGGCTCAGGAAGATGGCACGTCTTCGATACCGCCGCACTCAACAATGTCGCCTGTGCTGGTAAGAGTACCGTTTAGCATTAGTATATTGGCAGCCAGAAGCCTACCGGGTATTGATCACGTCGTCTAAAGCAGGCCATTCCAACGTTTTGTTCCCCACTCCTAATGTCACATGTACTGCTTTGCGTGGCAGGAGTATCAGGAGATCCTATAGTTTTTGGAAAAACCTCGGCTTGTATTATTCACCACATTGAGGTCCTCAAGAAATAGTCATAACCCCTATAACATACGTTAAGGCAACGTCGAACTATTCGATCTAAAAATACTGTTTTATACTGGAAATAAGAAGAGGGGACTAATTTTGGCCTCCTGAGTAAGAATGCTTCCACGACGCGAAAAGTTCTGATAGCACCGTAATTGACGCAGATCCTCGTGGGAGATCTACTTGCTACGCCATCCTAAACTCGGCTTACTGGATAATGGGCCCGCCTTCTAATTTTCCAGTATGGACCACGGGATGGCTTCAGTCAGTGAGTGTACTAGGTCCAGACATGTGAAAAAACACTTGACCTAGCCGATGTGGATCCACCCAAGCCGGACATAATTCTGGAGTTCCAATTCGAAAGACGACCGATCTACAGCTACTCTGGTATCTCGCTCCGCGAGGGATTAGGTATGCACTTCTCGTGTAAGAGACGATAACGCTGAGGACTCAACGGACGCGCGTGCTTGGAGATACTTAAGATCTCTACGAGAATCTGCCGCCTGAGACTATATGTGCCACATATTAGCGCATACACTGCTTACCTGATAACGTAAGCAAGAACCCTATTCCCATTTCCATCTTTCTGGGTTCTGTAAATTAAATGCCCGCAGCCAAAGCTATCTCGGTTGGCGCTAATCTCCATAAGGCCCGGGCCGGAAATGAGGCGGCATACGTCAGCCTACATAAGTTAGGAATATTGTTTTTGGTTGAGCACGGCATTTCCGAGAGAAATTGCAACTGTGAACGAAGACGTGTACCGTCGAGACAGAAGTAAATGTAGTGAGACAAGGTGTTAGGGGCAAATAGCTTGCCAAAAACCTCGCAGTACTTTTGCCAGTTACAGATAACACATGTCGCCGTGACGCCTCCGAATCTGTCAAGTAAGCTCTCCCTAATTTTAAGGCGTCCCCGCAGAGTTACCAGGATACAAGCCA,1942,48.04,Saccharomyces cerevisiae
SEQ_940911,TGGCCCCGACCCTGTAAGTATTACAGCGTTAGAATAGAATCGCCGCAACTCGACACCGGGCGTACAATTGCTTAGCAAGCCTCGAGTCAATCCTCCCAGTAGGCTTCGAATTACAACTCTGCATCCGCGCAATCAAAGTGCGTTGCATAGCATGGGCGCGCAATCAGGCGTTTGGAACGTTCCAATGACCCGCGTGCAAGCGTACGTGTGATACTCACACGTGACTGGGTGGCAGATTTCAATGTCAAGTCGCGGTGGTAATCGTTCCAGTACGATAAAATAAATTTCCTGAGCTTGTACCCACAAGGAAACGCCTAACAGCGACCGACGCGGTGGTCAACGCCTAGAAGAGCGCGCATAGTGTGTTTGTGCTAAAACGACCAACGAAATCCACGTTGAGCGGTCAAGACGCTCGATTAGGTCAGTTTGTGACCGTAGAAAGAGAATGAGGCAAGATTGGACTCCACGCTATAAGTTCATGATGCGCCTCGACAGCTAACCTGCCTTGCTTAGACTTGCCTTACAAACTGCCGTTCTTGCGGGAAGTGTTTCTCTATACTATCCTTGGACATCTGATTTTCCGCCAGCAGTGACATACCGGGGGCCAACCAAGTAATTCTGGGGCAACATATGCTCTGGCTCGACCACCAGGCTTATTTGGAGAATCTTGATGCACCTTACCTGGCTCAGTCCATGAACTCGCCACCCTAAGGGACGGGTCTTTTGGAAGACCTTGGACTGCGGGCACTACTGGTTGCTAAAGTATCTCTTTGATTGGTCTTAAACTTCCAATGCCACCATATTCTGCCTTCCCAGTAATCATGACCACAAGAAACTGCTGATAGGATCCGGAGGGTAGGCAACATTTGTGGTTCTTGACGATGATCTAACGTTCTTCTACCTCGGGGAGTCTAGGTAAGCATCGCCCTTGGGGATCGAGTCAACGCTCATAAAAGAAAGTTTAGGCGCCAACAACCCGCACTTCAACTTGAGGACCAGACCGAACCGCTAACGATCGCTAGAGAGGAGCCCTGGTCTAAAACTCCGCAACACTGGATCGCCCATTAGTTCGTCACCTTTGCAATCAACCCTTTCTTCCGTGACAAAGCCAAAATAGTCTATGTCTCATTACAACTTCTTGGTACCGCCCTCTCATTATGAACAGAACTAAGGCGGGGTCCTCCCATTCCAGGCGGCTTTTTTGATCCCTAACCAGACTGCTAGTCCTTGCTCTGGTGTGACCGTCTCCTTAACGCTACCCTGGTGTTTCTCCAAGTTATGCCGCTGGGCTGGCAGACAGAATCCAATTTGTCTGACACAACCAAGTCTCCAGCTTCCAATACGTGTAATACTACAAGCAAGCTCTGATACCCCACCATCTCTCAATAAGCTTTTCGTCCGGTAACCGCGACGTCCCGGACCAAGGGCTTTCCTGGTCCGAGAAACCGACTTCGCTCTCGATTTCATCACTGTTTGATACGCCATCTCCTTTAGACAGCTTGCAACAA,1508,50.07,Homo sapiens
SEQ_410841,AAGCCCTTGGTTGAGCAAGCTATGATAGCACGTCAACGGCAGGTTACACCTGTGTATATTGTAAAATTGACGGCACTTTTAGGAGTCGTAACCGCCCCAGGACGGTGACTACCAGAGCATTATTTTACTCCCAGCGCCCTACGGTCTTAGTGGAGCTTAGTTGGGAGTGGGAAATGAAGCGGAGCCCGCCGAGTTGCATTCTTTGATCGTCCGGTCTCCAGTCATGAGCTATAATTTCGTCAAAGTAACACGAAGGCTTTGGGTGCCCATCGAGCTCGATCCACCCTTGCAGGCGACCTTAGGCAGGTTTTGGTGCGTTTACGAAAGTTATGGTTATTATGTACCCCGAACACCAAGAGGCAGAATAGCATTAGCGGAGCGTGTTCGTAGCGCCCATGGAACCACGTTAGGTAGTCTTGAAGTACAAAAGGTTTATTACGTGGGACACGATGGTTAGGCTCTGAGCAAGCGGCGTGCTGCCAAAGTCTACAAGGATCTCCTACGTAACGTTCCGTTTCGTGTTGTGCAAGACGTTATATTTATTTTGTTCAAGTGACTAAACCGTAACCACCCGAGTCCTCCAGAAAAAGAGCGGTTCTTAAGATTCGACAAGAAGTTAGACTAAGTCCGTGTTTAGTAGGGAGGATTCCTGCTCAGATGTGTTGCTGCATGTATCTGTAAAAGGCTAGGTCTATAAAGTCCGTATCGCGTCGCCCCAAGGTAGAGGTTTTTAGGGAAGTGATCCATACCCGCAGCCATAAACGTAGCAATGACTGTAAAGTCCTACACCATATCCCTGCACAATTACGTGGGATGATTGTCACGCTTAGGATGGTTTCAGAGCGGCATTCGGACATCGTATAGCGAAGCGACCTAAATGGTAGCAGCTTGCTCGCTACAGGAGATCCAACACGTAGGTCTCATGCCAGGCGCACGAGCGATAGATACATCGTTCCCTCGGTAAGCCAGTCAGAACGCCTGCCAAGAATACTCCGTCCGGACGCACGGGCATAGGTTATTTCTCGGCCCAAACGATAAGCCTGAAAGGCACCAGATTGTGCAACGGCGGATAGCGCGGTCTCAGTCCTTGAGTCAAGTAGATCGAATAGGTTGAGAGGGAGTAAGCGTCTCCACGGCTCACTCAGACTACAGGAAGAAGAGACGTGTATTAACCCAGCTAAAGAACTTGAGGAGAAGAAGGAATGGTGCTCGGAGGCTTTAACACTACAGCTGATTTCTACAGCACCCTCGATGGTCGATCACTTTATACGGGGCCACTAAACTAAGGCGGTGGTGAATCATGGTTGGATGAAATGAATCTGCTCGACAGTGTTCAGATTCCAATGATAACGCAACGGGTAACCGTCTTTGACATATTTGCACTCGGTCAAACCTCTTGGGACTAATGTAGCCATGGACTGATAATTAAAGTGGGAACCCGTCCGACATGGTTAAACCTAGATCGACGCAATACCCTGCC,1480,48.99,Caenorhabditis elegans
SEQ_382283,AAATTCTGTGACGCTCACATTAGAACGCCGGGTTAGACAGAAGGCTTCGCATTGGGGGGACGGCTTGATGGTCGGTCCGATCTGCTCTAGCACGAATGATAAGAACTACAGTTGCAACACACACTAGGGCAGAGATATTATCTAGGGTCGCGCAATGGAAGTTAGACAGCGGCTGGCTTCAAGGCCTCCTTAAAGTCCCACCCCCGCTAGGAATAAGGCAAGACTAATTCCAAGCCCTCCGCTTGCCCTGAGTGAGCACATGTTTCGCACACGCGATATGGTTCAGCATGAAGGCGCTTTCAAAGTCACCCCGCCAGAGATCCCTTATAAACTTCCGCTAATTTGCTGTTCCTCTTTGCGGGCGGTGAACTGAACAAATGACTCAGGTGTGCAGGAGGTATGGCCCGACCACGAAAACGTGAGGCGTGGGCATGATTCGCTGCCCCGTCCCCAGCTTTTACTGTCCATTGAGAGTATATAGACTCCCTGCCATAGCACCTTGAGATCCATATTTGAACGGGCTCTTGGACAGCGATCGGGCGTGTTGTACAGCTGAAATGCACGTAGTGAAGAAGAGCTGTGAACCACTATAGATGTTATATCTGCGCTGAAACAAATCGCATGATAATCTTGCGATGGCCGGCGTGTTGACGTATACTGCCCGGCCGGTCCTAACTACAAAATGGAAGTTTACAGAGGTTCGAACGACGTGAAGATGATGTGTAGGCTTCCCTTTTGCAAATGTGCTCAATAGGGGACATGTAGAAGCCTAGACGAGGTCGCGGGAACTGCGCGGCTGCCTAGCATTGCTCCTGGGTGGACAGGTACCACGACAAACGGGCACTCCTGCAATTACACAACCATAGGAACGGCCCTCTCCCCTGTGTGCGCACCAAGGACCATACGCTACCCCCGGACCACTCCCAATTTTCATACATGTTGAATTGTGATAAAAATTTTCTGTCTAGGCCTAGATATAACACTATTCGTAATAGTTATTGATGGTTAGGCTATCTTGAAGCAATAAGATCTTGCCTGGCAAGTAGAGGATCCGCGGACACACCACCATGTGGCTAAGGTGCCATTGTGTCTTGGCCATATGTTGATGTAGGGTGAGGTTTGAGAATCTGCTTGGCAGGAGGCGATGAACTACATGTACCCATTCCCTAATGTGGTCTCAGGATCATCAATTTCCCAAACCTCAATGGGTACAACAACGGCAGAAGAGTG,1230,50.08,Mus musculus
SEQ_930768,CGAAGGATCGCTGATCAGATCGCTCTGCGTATTCTCGAAAAGCTGGACAGCGCTACGAGCTGGTCTCACGCGCGTGTCGCGTCTCTCCATTACGTAATCCTTGTCCTCGCCTTGGGGGAGTCGTACCAAATGGGTGAGTTTGGGGCACAATTCTACCGGCCCAGCTAGGTCTGTGGGTGCTCTGCATAACATAAATAACCTCTGGTTTAAGGGTCTCTGACGCTGGTATCGCAGTACCAGTAGGCAAAAGATCTGGGATATCGCCAAATTCGACCCACTGACATGCCCGTAGTGACGGATTCACGGAAACTATGATCACCACCGTCAAAACACCACTAAGGATCACGGAGGGAGCCTACGCATTTTTTCATAAGCCGCACACCCGGATTCAAAGCCAGATCACGTGTCCAGTTAGATTCCGAAGGGACGTCTTTTCGGACATCCCAGGTTTTGTTACTTGAGTAACACTATTAATTGCACTGGGTCTACCGTAACTCGACCTAGCTAGGCCATACTGCACTTACAGTTGGTCCTTCGTGCGTGCGAATCAAAGCATGTTGAATAGTTCAGTCCAATGAATCGAGATCGCTATCTGGGCGCGTTTTAACCTTTAGTGACATACCATCAAATCTTCGTGGTGAAGTGCGATGACGATCCCCGATGGTGGTTCGCCGTTTTTTTTCCGGCCGGCTATATATCCTGTAATGGAAACCAGGGGCGATCAGACGGGTTCAAGGGATTCACCCCTAGTTAGATGCCAGAATCTAAATAGCCATTTTATAATTAAACGACGTTGCCGGCTCTATTGTAACGCACTGAATATACTGATCTCTGAGCCCACATCCCAACCTCACAGCTGCCGTTGTGTTAGCCCACCGGATCTCTGACTTGGGCGAGTAGAGGCCGCACCTATAGAGTCGTAATGTCAACTAACGCGTTGATATAGGGTCCAAACACGAAGGCTATTACAGGCTTGTCCGTTGCCATCAGGCCTAAAGATAAGTTTACAATGAAATATGGACAATATACGTCTATTACGTAAGAGGTGGTGAACCTGCTGCCGTACCACTTATGCGGTGGAGAGCCACCACACGGGTATGACCTCCGTTTGGGCGTGCACATCCGGAGGTCATATAGTGATAAATTTACTACTATGCAGTACATGAATAGTCATGGTAACATCACGTCCGTGCTTCCACTCTTCGTCACCTACATCTCTAGATCATGAACATCACTGCTGTAGTCGAGGCGAAGTCCTGGGGACCCACAGGACACCCGTGCATCAACCCGATCTGTTCCCCCATCACCTCCCGTGGAGCGGTGCGGCTCTCGAGCTTATCCGGCTCTGTGTACTTCCGACATGCGTACGTATCAGGAGGACAAGTAATCCACCCGCTTCATCTAATTCGTGTTTACCGCGTTCCGAGTTTTAAAGTAACCCACTACGAATTTGAGGTAGCCAAAGGCTTGGAGGGAATAAGGCCTCGACCTCCGCAAGTTTCGGCGAGGGTCATCTACCGTCGAGAGGGCAAGACTGATATGTGTCAAGCGCCAGGCCCATCACAATAGGGTTTACTTGATTTGCTTGGAACTCTATTAGCATGTAGGATCTAAGGAAGAGAAAGAGATGGGTCCGTACGTGGTCTATACAGGGATTTTCCTCTCAAACCAAGCGCATCTCTCGTTAGGCTCAAAGCTAGCTTAGAGCTCCGCGCGCCGGGTTAAACGTGCGAGGATGATAGACTGCGAAGGCATGTGAAACAACGGACAAATCGTAGCTATTCCGCGGTCTTTGGAACTTCTTCAACCGCAAGATTGGGTTTCGATTGTCTGGGTACATCGAGGCGCCTGAACTGGCCTGGCGACACTCCGTTCTACTTGTTGAC,1886,50.0,Escherichia coli
SEQ_766286,AAGTCGGAGCCGCTAAGGGTTTATCGTGTACTGTGTGCAGAACAAGCGGATCACCCCGCATTGGACTCCAGGTGGGAGTCCAACTCAGCAGGTGGTAAAAAGCTCCTGGTAGCAATGGAGGAGCCAAGGAAGAGACGTAATTTACAAGCTGGGGTCGGTGCCATCTGATTATGGACGTGCATACCATCAGATATATTCGCATATTACATTTTCGCGAACTCGAAAGGTAACCAGTTTACGTGAAGACATACATTATCCCGAGGAGCCGGACATTTACGGTCAAGCCTGCCCGGACCTCGTATACCACACGATGAAACGACATATACAGTAATGGGTTGCCTACGTGATGGTGGCCGTTACTGATCTACGAGGGGGTACTCTAAATGAAAAACGCCGTTTTACACGGACACCTCGCCGGAAGGGTGGTGTATTTTCCTCCCCAGATAGTACACGGGACCTTCAAGAAGTCGTGTGGTGGCAGTGATTCGAAGCCATCCTATCAGGACAGTAATACTCCAATCGCTGATCGGCTTCCCAGTTGGGACGTACGAGTGAAAGCTGAAGACCTCCTTCGGTGCGTTAATTACGATTTGATCGATTAAAAATCGCACCGATACCGTGATAACGGAAGGCGCGGTGTTAACGACGAACCCACACGGGCGAGGGCCTTCCAAGTCGTCTGATACCCTCCTTATTGCACGATTGCCTAAGGGTTCGATAAGTCAAGGCCCGAGCGAATCTACCATTATAATGCATAAGAGGGTTTTCGGGCCCACCCAAGGACCAAGTAGCAACGCTTAATCGATATGCCTTGGGATTGTACAATCTTCTAGGGTATGGAAGACACGTTTAAGACCATTCTCATTTACTTCGGCCAGCCCGCATGATAGTTTTACTGTTATGATGTCTGCGACGGCTCAAGCAAGATGAAAAAGATGATTCGGTGTCCCCCCCCTTCGCACACTTTCCTGAGTGTGGCTCTGGATCTCAGTGTCCCCTTCAGACCTTGAAGCGAAGGACCCACAGCCATGGTAGGACGTTCAGAGGGAACGTCCAGTTGGTCTCGAGAACATAGAGAATCATTCGGGCTATTCGCCGTGTACCAGGATGATACGCCACATATCTGTGGCGCGACGAGGTGTCATAGACGGTACCCCGGTCCCTCAAAAGCGCCTATAGCATACCGGTAAGATCGTTTGCGCCTATGGGCCAGAGAAGTAGGGTGTGCATAACGCAAAGCTCGGCAGATAACCTAATGAGTTATTATGAGGTGAGTATGCAGCTTGAAGATCGGCTAACATTGAACCGAGAGAAACAAAATGAATCGCAGGGAGGCAGGCGCTCCTAGGCTCTGGGGGGAAAAACTATGGGTCGGTCTCCTAGATCATTTAGTCCATGTCTAGTTAAAACAACTTGACTGCATACGAGATAGATGAGAATGTTCACGACTACTCATTGATTTCTCCCTAGTGCGGGTGTCTAAGCTGGACAACAGCCATGACTTCTGTCGCCGGTAGA,1518,49.8,Arabidopsis thaliana
SEQ_587307,CTTTAAGATGTAAAGCTCGGATTTCGTGGGGTCGGAACTACCCACGTGTGTCCCTGCAACATTTTTCATGCCGAACTCCGTAAAATGTGTGCTCTGGCGGTAAACTTCCAGGTTCCCTTTAATGTGTTTATTACCGGGTCACCAGCACACATCTCCACTTTCAATATAAGGTTCCTGCGAAATCCTTCAGCGTATCTGGGACCCTAGACGGAGCTGTAATTTAGTGTTTGAGCCTTGACCTTATGTATCACGAATGAGACCAAAAGGCTGTATGGTAACATGCAAAGGTTAACAGATCTTAATGCTGTCCCAGTAGATCGTTTCGCCATTGGGTATTGCTTCTATGATTTGGGGAGCCGCCGCCTCAGCTTCGTGCAATAACCGTGACAGTTAAAGCTACAGAATGGTCGGTGCTGAATACAGATGGAACAGAGCAATTACCCACTCCCTGCAACAAAGGTTTATACCCCCTCCCTCCCCGTATATTTGACCTATGCGCCAGATCTTTTAAGTGAGCGCCTCGCGGGCGCCAAATGAGCTAGCTCGCAATCAGCAGCATTAATCGATAGCCCTAGTGATCGTGGCGATCCAAGGACCCCGCACATCTACGGGCTGCGCCCCGCGTCACAATGGTAGAGGATCAGCTCCTAAGTAAGAGGATCTTAGTTTGGGATCATCAATTTCATGTACGTGTACGCTTCACTAGTGAGCATCCGTGCGCCACCACTACATAGGGGGAGCAACAACACGCGCGTTAGAATAAAGCGCTATTATCTGCGCCTAATCCAACAGTTTCAATTCCCAGCGGATTTGCACTATGCTCGGTACCGATTATCCGGAAATGTCGTTGTCACCCCCGGCTGAGCGTTAAGCCGCAACGAATCAGTCATGCGGAGCTTTGCACGCTCACTAGTCTTATAATTATATCGTTTCTAACGGTGTGCGTCGATACAAAGATGCCAAAGATACTGGATGAGGAACCGATAGCCCCCAATACGTCTTCCAAATGCGTAAGGGCTCGGTCCTGACACTGAATGAGACGTCTACGAACCGACGGATCGGGCCGTGCACGAAGTGTACAGGGTTAGCTATCAAGAGTGGTTATGGACTGTGACTAACCAAGCTTGGATCAATCGCAATAAGACCGACTATTAGGTAATTTGTAGCATGCTAGCGTAATGTCCGTCGGGTCCTTTTCTTCATAACATTGCGCCACATTACTTTTCCTAAACAACGTGGAGCGTGTTCCAGCACTGACCCTTCCTATCCACCGCTACTCGCAACCCTCTCATTCGGCCCCCTATAGTATGCGGGGGAGACCAATAGTGGCAGTCACCGTATCGTTCACTTCCCCAAACGTCCCGTCTCCGTGCTGGGTACCAATTTCCCGGTCGGGGGATAAGCAGTGCACGGAACTGAGAGTACCTCGGTAACCATCACTCATCGATTTGGCTTCACAGCTCTCTGACGTAGCCACCTGGTCTAAACCTCGAAATATTGTGTAGGGGCAGAAAGGGGAAGGCCCTTTTGTAATACAGACCGACGGGACATTGCTAGTTATTCAACGGTAATGTACGACTTATAGAGGGGTTCGTATGCGGTATATATAATTATGAGCAAATAGGTTTATCG,1632,49.02,Escherichia coli
SEQ_195612,GCAGCCGCAATTGAGAAACAGCGTCAATCACGGGATTCATCTGTGACTGAGTTGGAACTTACAGCGATAAGCATGTCTTACAGACACTCCGTGACAGATAATATAGAGGCGCTTTGACTACTAACTGATTCTATTTAATAGTGCCCTATTAGGGCCCCTTCATGTCAGACACGAATTTCAGACTTCGCAACGGACACAACATTACTAGCCCGGCAGGGGCTATTCTACTAACTGTTGAAAGTAGCTTCGTGCGAATCCATGGGTTGAGGACGTTTCCCCCTGATTAACCGTATTAAACCCGGCTGTGTGCTAAGGATATGTAATCGGTCTGTATATTAGCAGTAAGAACTTATTTCGAAGACACCAGCCAGTGAATGCTTTCGTTATCCTGCTTCAATGGAGCTCTGTATGGGTCCGTCTGCTGGCAGAAGTCCCATGGTCAACATGATCAAACCCGACTCGCACCCTATGACGCCAGGGGACAGCAACCGAGCCTTGGTCGAGATAGGCAAAAATGGTAGAGTAATATAGCTGAAAATACGTTATATACTTTAACTATCAGGGTCCTTACGGTCCCTTGAACCTCACCTTCTGTAACTGATTGCGCAGGACGATCTTGCCGGGGCGGGGCAACATGCCACGTCAAGGACACTCGAGATCCTATTGCCGGTCGTCTGCATATCGAATAGTGGCAATAAATCGTAACAACTCCGGAGGCCGTCCGATAATTGATATAAGGCTGATGAATTGATAGCGGCCAATGATATGGTTCGCGAACTCTCGTACACCTTCGTGGCTCTGCGGAGCCCTTAACCTTGATTGGGATATGCTAGATGCTTTATTGATACTACGGATTCGTGCTCAAGGACACACGTAGTCGATGCCAGCTAGGATTCAATCAACGAACTTATCGCCGACTTATTTGCGTCTGACCGCACCATCAAGATCACGATAATAAACACTTTAGGCGATTGTTCACGAACCTGAGCAGTAATTCCGAGGTCCAAGACCGTCAGAGTTAATGCAATGCCTACGCGGGCTGGGGGGATGTTTTGAATAAATGGAATGTTCTGTGGTGCGTGCCTTAACCAGAGTGGGGGGCGTATTTTAGCCCATCTCACTCCGTGTTATCAGTGTCATAGTCATCGTAGTAAATTATTGTCTTGTAGCCCATTGTAATCCATTCCCTTGCCCCTGGATGATCTTGAATTCGGGTCCCTCTTCGACGTCAATAACGGGGGCCGCTTTTAGTAATTACTTGATGGAGGGCTATGCGGATCTGATACGTTCGGTGAGATGGCATACAGGGCCGGCTGCATAGAGTTCAGGCAGTCCTTGGACACTTGTGAGTATAGAATACACCGGGGTACGCAGCCGTCGTAATTCTTTTATTCATTATCTGTGGGTCATTTATACTACAGGACAGTCCTATCAGATGTGATATTTTGCTAACAGTTACCGCCGGGGTTACTGAGACACGACAAAGTCCTGATTACCACGAACCGGACAAAGTATAATGACGTTCGCCAGTTGAACTCCAGCAAATGAGAGCGGAGGATTGGAACTGGGTGTCTGCGCGGATTTAAGAAGCGAGACGTTGTAGTGTAAACGGATTATAGTATACAATTGGTTTTCCCAGCTTTGTGGCGCTCATAGCGCCGATCGGAGTCTGAAGCAGGTTCATACCAACCCGTTTGCCTCCTGCAAGGGTAGCGGCCAGGATGCAAGAGCCCAGGTCCTTCTGGTCCCGGTAGGAGACTTATCCATGAGGGTCACCGTGCCCGTTGTACAATTCTGCAAATGCTAAGATGCTCAAGTTCTTGTTTGTATAATCATGCCCTGTCGCGGAAGAACGCACGTATTAACTAAACTAATATTCCAACCTTCCTCAGCCGCGAACCCC,1903,47.87,Arabidopsis thaliana
SEQ_191881,TTCAGGTGTTTCGGTGGAGGCTCTTGTACCGTAGAAGCTCACCCCCTTGCCGAGCTGATGAAAAGAACTGGGGACTCTACGACCGGCTGTATAGGCTCTGGTGCTATTCGCTCATCCAGTGCGCCGTGAAGTGTAACAGACTACACGAGCCCATTGGAAATTAGGACCTATCGACCAACGGGGAATAAGGTACATGGCCCCGGCATCGTTACTTGCTTGCTTCGCCCGGTACATGAGTGTGATGTGTTAACCCTCACGACCTGGCCAATTCTCAGCGACGCACCAATGTAGGATCTAGGTCCACCAACATCTTCACATTACCGCCGCAAGATGTTTTGGCCCTGTCCTGACAGACGACATCCTCAGCAGCTTTAGCAAAGAGGGAATAAAATTTTGTTGAGTACGCGTTGTGTCTACCAAGGAGAGCGCGCGCTAGCCAGCCCTTACGCATGTCCATAAAGTCTGTGCACAAAGAAAAGTCCTAGTTGTTCGCTGCTCCGGAACAAGGTCTGGAAAACCGATCTGTGGTCAATTTGAATTGACGACACGACCTAGCTCGTGCCCCGGTTTCTCGGGCAACTTTAGTTTAGAATTAGCTAACTTCTTATGCGGTCCGGTCGCTAGGCTATTCGACCGACGAACAGAGGAGGGACGTGGTGGAGAGTTAGTCTTAACAGTGACGGCCACATTGAAATGGTGGTGTAGAACGCTTGTGAAGATAGTCTTGCTCGAGTCAGATCCACCACCGTGCCGTCATTGCTATGCCGTAGGTGGCACTTCCAGAACAGGACACGGGAGGAACAACTAAGCCCGAAACCGTATATGCTTAAGTGGGGGTGTACGCCAACCAAGTTTAGGCGGCTATGTACTTTTTTCCGCTTCTCGATCGAGATCTCACGGAAGCTCCACAATCGGGAATCGCGTTTTGCATTATATGTATGAGAACGTGTTAGCGGGAGCCATGCGCACCAAGAGCCTTGTGAATGTACAGGACGTTTCCGCGTGCTCGCAAAACGGAATAAATTCCGGCATTCGGATCTGAACTAGAGGTAAGAAATTTCGTTGGGCGATGGGTGCGCTAAGTTGGAAACCCGCGTTCGCTACCTTAGTCGTCATGAACCGGATACCAAGGGGACGTCACCGCGTATGGATGCGAGGTCTTCACGATAGGCTAGCATCCTCTGTGATGAACCGTATGGGAGACTGAGGGATCCCATTGCAGCGATGGCAACAACCCCCCCCTGTATTAGTAATATGGAATGGATCCTCCGACCCTAAGATTTCGTGCAAACTCATGGTTGCGACAGTGAGAGCCAATTCAAGGAACCCGCCCGAGCAGGGGCCATCGCTTGGTGTGCGAGCATGGCAACGTATTATTGGACCGACTTAAAAACAGGGATATACACGAGAATTCGAGTCCGCCTAAAACG,1430,51.4,Mus musculus
SEQ_933713,TAGCGTGTGGCATGGCCAGATAAACCCCGCCTAGTCCCAATGGACAGAACTCCCGTTGACCGTGACTTTCAAGAGTCGTCGTGGTACTCCCAGCTGTTTTGTGAACTTACAACGTTGCGAACCCTAAGGAGAGTCCGCTGTGATAGAATCACGCACCGTCTAAGTGTCCGTCGTACTCGCTCCTGACAACTCTAATCAAGCGTTACTAAAGATCCATCCATCCTGGGGGGTCGCCCTATCATAATAAGTGATGCAAAAACTCTGGTAGCGCGGGATTTGTGCGAGCAATCATTACGTCCGCAACCAGGCACTTTCTTACGCTTTTTGATGGATTCAACTATCTACGTTCTAAAATTGCTCAGTGCTGCATAGTCTGAGAACCTACCAGGGCATGCTGCGATCTGAATACGTAAAGCTTGTGCTCGGTAAGTCTCAGCTATCTTTTCGCAGAGGACCTCCGGACGGGCGCCGCTATGTCAATACGACTGCCTAGTGCTCTCGCCTAACCTGTCCGATCACGTACGCCTTTATGTACTGCTACTAGTTGGCGGGCGTACGGACTTTGCCTTATCAAGGTATAAAGTCAACAATCCGCAGAGTCCCGGGTGTCCATTAGAGGAAAAACTGCGTATGGCCACCGGATCATCACAGTGCTGGCCGGAGGAGTTAGACTTCGCACACGCTGTTTAAGTATTGCCTACGAACCTAACAGCGGGAAGGTAGAATCTCCATGAAAGGCCGAGACACAGCCAAGACATAGGGTTCCCCGGACGTGTGTCCCGC,783,51.21,Saccharomyces cerevisiae
SEQ_925039,AAACTTGCAATGACTAACTTACTCAGACCCTCTACACCTATTCTCGCAGTGGCAACGAGGGTTGGGAGTAAGCCGTAAAGCGGACCATATTATCTTCTAACTAACCACAGTCCAGAGCTAGTGCCCGCAGATCTCTTTGTGGTTCACTTGAGACATGGCGAGCTGGCCACCGGACTTACATTCTGATCAAAATTACTATCAGCCACACCGGGGAGGGTAGATGGTTCGGGCCCTGGCCTCGATCACAAGGAACATCATGGCGCCTGTAACGATTTATTAAATGTCATATAAACGATGTTACCACGTGAAGCCAGAGGTCTCCGGCAATTTCATCGAACGCCATCTTAATCTGCAGTCATCCAGTTGCATGGTCCCCCTGGTGGTCTACTCCCGCCCTTTTGTAATGGTGACCCTCTTGAAACTGGCAGGTAACCTATGCACCTGGGGAAGCTTGTAAGCGAGCCGTAAACCTCTGATAATCAGGCCAGGCCGACGAACGCAACACTACTAGATTTAAGAGATATTCAGAATGCAACTCAATGGAAGATGGGGGTAAGACAGGCAGAGACGAAAACCTGGACCACGTTCATAGAAGGACGGCCACTTCAAGCGACACGCGGGCGCGAATGTACGTCATAACAGCCTTGCGTACACATCAATAAACTTACATGCGGTTGCCCGAATTGCGATGTGTCCTGATTATGGTAACCGGGCCAGCGCCTGCGGACCTCGAAACGGACGGGAGGTAAGCGCGAGGGAGATAACTAGGAACCATTCGCCTCGCCTTTAGCGCCGTATGAGATGACAGTTCCGAGCATACCCAGGTAGCGGATTGAGGGCTTCGTCCCGCCTGACCGACAAGGTTACAATGCACAAAATCCGTACTACGCTGATATTGCTTCGATTCAACAGGCGCAATCGTGACTCTTTCCAGG,935,51.02,Homo sapiens
SEQ_851103,ACTGTTCTCTTAGCATATGCAAGCAGCCCTTTGCTCCATGCAAGTACACATCGTTATGAGATTAAAATAAGAATACGGTTGTCGGCGGCACGACCACCCTGTTTTTTCGATCCGCGTATAGTGAGTGCCTCGTTATCCGGAGACTTGGCGCGAAGCGGCAAGAACCCCGCATCTCTCAGACAACAATGAATTTTTGTCTCGGGCCCGAATTAAATGTGGGGGTGACATATTACCGAAGAGATTAAAAGTCACCCGTCCGCACCTATCATACGAAGGCTGAAGAACAGGATAATGGGTACATTCCCAAATTGGTTGCACAATTCCTTCTAGCCCCGCGTCCGCATCGTGAATATGTCGCTAAGGGTTGTGCAGGGAACAAGGGGCGAACTTGAGGGTGGTAAAATCACAGCATCGATGAATCTCCGGCAGACAACTCGCTCGCTGCCCTAGGCGTTCATCATCCTCCCCGGCTATTAGAGCCTTCGCGGGTTCCTGGACACGCCAAAGAGGTTCTTCGGGGCAAGAGTATAACAGGTTTGCAGAAGGGGAACTCTTAACACCCCTGTACCTACTAGAGTCTACGATAGTGTGCGGTCTCCCACTCCGCGTGGGACACACTGATCGCTTCGCGCAATCGGTTCAGACCAAAGGGTATGATTCCAGGGATTTCCTGTTACCTGATAGGAAGGACTGCCTGACCTTGCAATAGGGAGCAGTTCGCGTACGAGGTAAACCTGATGAACGTACGCAGAACGTCTAGTCTTGATGTTCCGCCCCAAATTCCAGACAACCGTTAAGTAGCGCGCCCAGGGTTCCGTAAATAGTTGGCCAAAC,834,51.08,Mus musculus
SEQ_586223,TATATAATCATACCGCCCGATTTCGACAGTTGATGTATCTCCATGCGGTGGTGATCTTGCTTACAGGGAGCTTATTCGGGGCAGTGCATGAGCGCATAGCTCGGAGGGCTGGTACCCCGGCGGTGTTAGTGACTACCCAACGCACGAACTTCTCGATGGGTATACTGCATGGATGTTGCAAGTATAGGTGCGTTACAGTACGAGACAATACTTCGCGCGTGCCTCGCATGGTCACAATACCAACTCCTGATAATCTTGAGGCACATTGGCGCCAGGGGATAGTTTCGTCTAGCTACCATCCCATGTAAGTAAACTAAGTTATATTGCGGCGGGTAAAATCGACGTCTTTACGGGCAGGCTGTCCATGCCCTTACTAATTAACAAAATTCGGGGAATA,397,49.12,Homo sapiens
SEQ_606328,GTTACCCGCCTGAAATGGTACAAAAACTGCAATCCACTGATTCTGCTCTCTGAGTCAAACCTAAGTAGTCGGCATACATGGTGACACCCTCAGAATGAAAATAATGTTTTTTCGTAACCTTGAAAACTGCTTTGATTAGACTATACAGTTTACGCTTGAATCATACGTCCGATAGTATTTAGGAACTGCTAGTTGACCATGCGATGTCTCCCTTCGAGCGGTCGACTGGAACGCAGACAATTCGGCGTAGAATTGGAACCTCTCCGAAATGTCTTCCTCCAACTCAAGGGCCCCTTTCTGCGTAGTCTCTCCCAATTGAGGGATTGTTCAGAGGGTGAAAGTCGAAAGGCACTCTTAGCCCGCTGACGCAGCAGTCAGTCACTTACTCGGACCAGTCAATTAGGGACATTTGCGCGGAAGCAAGCTGATTCCAGCAAGACTTGTACCCTTGCAATTATTAGTCTGGTCACCTTGCGGAGGCCAAATATAGCTCCTCACATGTGGCATAGTACAGAAGATTGACTAAGAACTTTGAGAGGCTTGAGATCCGCAGGGAACAAGTAAAACCGTTCCGAATGCCGGGGCATTCCACAGATA,597,46.9,Escherichia coli
SEQ_637233,AGGAGTTTTCGTAGCTTTTCCACTAGAGCAGTATGGTTCATATAGGACCTCACGAGTCCAATTCACTTGAAGATATAGGTAACGCACCAACTTGATTAACCATCGTACGATTAATTGATTTAGCCTGCTTCGGCAAGTGGCGACCCGCCTGTTTACGACCTCCGTGTGACTTCTCGGTGAACTGGCGTGGCCGGGGTACTACTATAGGGATTATGCCCGGTGATATTCTACGACCATATCCTAAGAACAAGATACGTTACTCGTCGAAACCTTCAGATGAGTGCTATCTACAAACAGTTTGAGACGATCGGCTCTATAGTCTTGGCATGGCGCCCCTTCGATTCCCAATACATGTACAGAACACGTACTGTTCTCTAGGAGAGTCTTCACGTGATGCCAAATCCGTGTTCCGGATAGATCTAATCACACAGGGGGGAGGAATATCGTAATGTCATTAGCTACTGACTGGCCTAAGTACTCGTTGCCTCTTAGAGGGACCGGGAGATCTTCCACACGAAGCGTAAAAATAGTTGAATGCCTACACAATCCGCGGTGGGGGTAACCTTTCCTATGTATCAGCCTACTGTGAGAACGTCTTTTAGGGCATCCCCTAGTCTTAGAAACGCAGGAAAGAACCGTCATTATTTACGCTATAGGGTACGTGATGCCCCACTCTCCCGACCTGCGTAAAAGTCAAAGATTTTACGAGCTCAGTCTGCGCATGTCCGGTCTGCTGTGATTCATGCGGACGACTTTGAGCGATTTCAGGCAGAGGCAGGCGTTAAGTGAGCACAGACCTGGCTGCAAGATTATGTGCAATTAGCGATTAGGACGCATGGAAGAGATTGGATACTGTAACATAGATGCTTCTCGCAGGGAAGGATGCCGTGGCAGATATACAGAAGCAGTCAGCAGCATACCAGCAGTATACATCACAAGCTCTCCGTGATGTAAGGCTCGACGTGTCTTGGTTATTATACCGTACTGTAGGGACCACGGCAGTTGAAGCGATGTTGGGTTTGGAGGTCGCATGGGACCTTAGGAATGAAGACCGCTAGCGTTCGGATATTCTTGGGTGGGCGTAATGAGGCGAGCCCGTGTATGCTTCTCTTCTAGGTTTCTGTATGATCACTAGGGCCCGGCTTCGGATGGTATATTCTTCAATTTGTCACGTACCGCTGGAGCTCATTTGCCCGCGGTCCGAAGGGACAATCATAGCATTATATCGTAGGCGCCTAAAGCACTAACGTTAAGGCAGTGCGACAGCCACGCGTGTCAGTTTCTCACCGCAAAGGTACGAACTGCGTGCACTTGGGGAGGCGAGATCCGAACGCGTGTACTGCCCTACTAGTTCCACCACAAGGCGTAATGAACGTACATCGTGTATGACAA,1392,49.21,Saccharomyces cerevisiae
SEQ_375383,CACCCGCGCTCACGGCAACACGAGGAGTGTATGGCCCAACCCTGTTTTATCATGGTGCTTGGGGCCGCTACGTAGTACCCTTGCATTCCGGAATCCGATACGCCCAGATGGAAACAATCCTAGGGCAGGGTTCTTGTATGCTTAGGTATAGGTGCGAAGTTACTGTTGCATCAAGCGCCACTCAGCCAGTGGATGGGCCCAATACTTTCATAATTACTTCAAGCTCCTAGATGGCGGTCCGGTTTCCGCTTCTTACCATTGAGGCGAGGAATCAGAATAGAATTGTGAGGCAAAAAATCAGCGCCGGTGGACCTGTCAATAACCCGCACTCTTGCCCTCATCTCCTATTCATGCCTCCTATGTACATAAGCGCCCAGATGCTCCTAGTGTGGAATAAATACACTCTTCAGCGCTACCCTCTTATCTTTGGACTGCAGCTTGCCGGTATATATACCAGTGATACTCGACTACGCTGCGAAGACTTGGATGTAAAAAGACAAACTTCATGGATCCAAAACAAAAACTGCCTTGGAGCCCCAAGGATCAAACATGGCTCTTCAAGGTACCATTCAAGATTTCACGACTTCGTAATGTGCCATACCGAAAACGATAGTCTAGAGTAAGACTCATGCGGGTTGTGAAAAAAACGTGCACGCAGACTCTGTGGAATTCTCATATATATCACGATTCCTTGGCTACGGGGTTACCCGTAAGCTGGCTGAACGGCCTGGTTCTGTAAAAAAAGGATAGCTTGCTACCTGTGTTTATTACGTTTACCCCTCTATAGCTTCTTGGGAAGAGCTAAACCACAGCACCGGACGTGAGGTTCATGATATAGCCATCTTACTTCGGGGAGACGCCTTGCGGCTTTATATGCTCCTTATGGGCTATCTAGATCGAATAGATACGCGTTTGGCCATAGTCGAGGCGGACCCCTCGGACAGGTGCGGTTGGAAAGCAAACGTCCCCATAGCCGGTTGCCCTGGTTCCGGAGTTTAACTGACGCCATGGACGGTTTATGGGGAAAATCTATGTCACTTTACCAGCACCGGGAACAAGGTCCGATCGAACCCGAGGACCGTCGCGATATCGGACGTCACTAGGGCGCTGCAGAGCTGGCGTCGATATCTTGGATCAACGCCTTGAAGTAGTTTCTCGTTAGCCCTCCGAAAAAAGGCCATGAAAGCCGCTACAGCTATCAGGTGTTTGAGAACTCCAGCGCAACATCGACCGTGACGAGAGTGCTTCAGTACTTCGTGAGTAGAATTGGAATGCGTCGTGGAGTTCGGGACCCTCAAAATGTTGAGGGGTTCCCCACGACTTTCAACCGGGTCGCTTCCGGAATGTGGTTCAAGACGGCAAATTAGGCCGTAGTAACTAATGATACGTTGTCAAGCCCCGTACGATGGGTGGTTAAGCTCCATGGGACTTTTCGTGGGCAACTCACCCGCGTGTTTAGGGGAGAAAACCCCGTATATTGCCCGAACAAAAATCGTAGAGATTATGCTCCCATTGACTACCCTTTAAGGGGGAAACTAATCCCATCGTCGCCTATGCGAGTGCGCGCTGCAGGTTTTTCGCCGGCATTGGATGTGTGGTATAACGCCTTTAGTCATGCGGTTGTCTAAATACCGGCTATGGTACACCGATTCGTATGCAACACTGTATCCAATATACGGGCAATGGCTACGCACCAAAGTTGCCCTACCTACACAATCACAGCTGGCGGAACGTTTAGTAGTTTGCTCACACCATACATTCTGATTTGATATATTGACGTAGTAAGCTGTAGTTTAGCAGAC,1802,49.5,Escherichia coli
SEQ_983997,GCGCAAAAATTATAGGCACTGAATGACCGCTATTCCACCAGACGACAGCCCGCGCCAACTAATGACTTGCGGTGCCTTAGGCCATATTTGTTTTTTTACTGGCATTCAGCGCAATGACGATTTCGATATGTAATGGCGGCACGGCGCCTGTTATGCCGTCACTAGTTTCAAGATCCACGTCGGTTACGTGACCCCTGACTATCTGTCTTATATTTCAACGATACGGAGCGTAGTGCCCGCACAAATCACATGTTTGTCGTCGGCAGAAATCTAGCATGTTCAACCCGAGGCGCATAAACTACCTGACAGAATACGTGGTATCCACGGTCATTGGTCTGCCTAGTACACTTAGGCTCTATCAGGGGGAATCTTTAACTATTCACGACTTAGCTAGACTTGATATCCTTACCCAGAGGTAAGAGCTTAACCCGGGACAGCCGTCTCTATGTGGTAGCTCTTACCAAATAATGAGCGTGTTTGATGGAAAAGACATCTGATGCGGAATCGAGGCCATCGGGTACTAGGCACTTCTAGTTAAACCAAGGTTCATGATCGTAGATCTGGATGTCGGGTCTACAATTTAGGCCCATCCTCCGCGGATGGAGTCCATTGCTGTTAACACGCTTTATTCTTCTAATCAGCATTAAATAATCCCCATTTATTATAGCATGAATCATTATTGCCCCTAGTCATGAGAAACGCAGAACATGCGGACTCTTATGTAGTTGCGAGACGCCGGACTTACTTCCCTATGTTAGTTAACCGGATGAGACAAGTATTACCGAGGATAATCGCCGTTG,800,46.38,Caenorhabditis elegans
SEQ_865605,AACGCCGGCAGCTGGAGATGCTGGTGAAGTCGCGTGATGCGGTCCTAGGTAAGGTATTAGTGAAAGCTTGTTATCGTATCGGTCACGGCTAATTGACCGCGGAGGGGTAATGCATCTGTGAATCCCTCCAAGACGTGTATGCCAATGAGTGACGAATAACCTGAATGCCCGGGTTACGTTACGTTTCCGGAACTAGTGAGGGAACTCAACTACAGGTTCTATGAACGGAGACGTAGTCGTTCTTTTATTTAACGCCTGGTTCAGTGGCACACGTACAGGGTAAAGCCCCCATTCGATATTAGACAAGCTATGATGTTATGATGCGGATTTACCACATTATGGACCCTCTGCATTGCGCACCACGTATAGTAACAGTCCATGACGCCGCCGCCAGAGCATTCGCTCGGTGGTACTTTAGCACTCGTATGAATCAAAGGAGCTCGTCCGCCATGGTGCCCACAAAAACTCGTGTAACTAGCTTAGGGCGCGCACGGGGGCTGACGAGATAGGTTGTACGTTGGTAGCGTGCGTCGCTTCGCTTACTATTTTGTGGTGTTAGCGGCGATTAGACTTGAATGGAGCACAGCGCGAACGCGCGTGAAGCCCGTAATCTTGGTACTTTTGAATTATGCGGAATAGCGTCCATGAGCACCCTCTCGCCAAATATACAGTAACCTAATCGCTCCACATTCTCCAGTCTCGGATGTAGGGTTATCGGGTCGCGGACCAGGATCCGTCTGGGCTATGGCCCTGCACAGGTTATATGGACCAGCTGCGAAGTCCCCCGATGGGGACCCGAATATGGCCCGCGCATAGGAGTGTCTGTAAAAGTAGATCTAAGAGGGTAGTCTACCACTGCGGGACGTAGCGTCGTAAAGCTGTAACGGTTGAGCGCACGCATCCCACAAGTGAATGAGTCTGCCTAGTCTTATATGAGCTCACGAATCGTTGACCCTTGGTGCGGATTTAGGAACTGCACCCAATGGTGGGCCCGGCGGTATACTCAAGCAGTTTGCGCCGCCAAGAACAGGGGCTCTACAGCTGTGTACGCAGCGTGACGCGGGCTTGTTGCACGGATTGCACGCTGGTCATACTAAATATAGTGACACCCCTGGTAACGTGGTAAGGTTGATTTGCGTGCGGACGTCGATGGCGTAGTTCACCGAGCCCGTCTTTAAGTATACGTTGTAGCATCTTGATGTCTTAATCCACAGACGTCCGGTTTGAGACCTGAAACTAATCATCGAAATGTTTATAACTTCGCAGAACTTCTCATAGTAGCGCTACAGCCCCTCAATTGTGTCAATGAGGGGGCTACTGAACAAAGTCCGGGAAGCATGCCCTGGATTCGACACTGTCATTACCATAAGAACGCGGTTTCTCAACCACGTATGACCGGAAGGGTGACTCCTTCGCCTTTCTCGAAGGCAACCAACAAAGAGGAACCCATCCAAGGCGAGCAATGGTAAGATTGACAGGACGTGCATCTGTAGGCGGTGAGGTCTCGTCTGGTTGATGCGATAGCTCCTCCACTACATGTAGTCACTCGCTATCATTCCGGAAGGTATGACGCTATCTTGGGAGATCAACTCGCAAAACTTGGAGGCTGGGAGAGGCTTCTCGGGGTGAGCGCCACCTACCCCGATCCGAAATAGACGACATAGGGGCATAGATATTAATTAGTGTGGGTCCACCCCTAAGAGTCTGATCTTTCAAACCACCACGGAAATACGCGTAAATGGCTAGAAGTGAAAAGGACGGGAACGGACAGTTCTAGCTTTCATCGCTCAGTATTCCAAAGAGCATAAGCCTCACAATAATTGTGCCTTCGAATCGTGGACGCCCGCTTTCCAGTGTGCATCAATGATAGTGCTGTGTTTATCCTATTCTGAAGAGGCGAGGACCATGCGAAGCAA,1916,51.04,Arabidopsis thaliana
SEQ_247348,GGCCAGTTGAGGCAATGGACCTTATCTCTAAGAGCGGTGTCATAGATGATCCGGCCTAATACGAGCCGGCCGTCAGCTCGTGATGCGCCTATTCGCAGGGAGACGCTGTCTCGTTGTATAAATATGCCCTGGTTTGGGGGAGGCGATGTGTGGCGCTGTTGGATAATAGCCCAGATCGGGGTTTGACGAGCGTAGGGATCAGTTGCTTTAGACTACGGGGTCACTCAGCACATCTTTGCTACAGCGAGTGAATAGGCGTATGACCGAGGATGAGCAGCAAGTTACGCGTTCAAAAATGCTAATAAAAACTATCCATATCCGCTCGAGCCGCAGACTCGAGACGTCCTGGTGTGCGCCGATGTGGTGTCGGGGAACGTGAGCCCGGATCGGAATCGGGCAACAAGTATCGACGTTTCTGTGTTTTTAAGGCATTTCACTCGTGCCCGCCCATCATATCTCGATTTGTTTATCCCGTATTTAGTCCAAATTTCCCGAGACATCTTATCAATCCCACAGCGAATCGCCTTCATGACGTAGCAGGGAGCCTGGGTGGCGGTGTCTATTGACGCTTGAGGCCGGTGACCAAGGGATTATAATTTTCACCGTGGATAGGCAGGGTGTCTGACATCACCGGAGTTACCCACGCACACTCTGATGCGCCCGCCCTTCCAAAAAGATCAGATCCATGGATGATCCGAGACGTTGCCGAAGGTCAAAGCACGCCTAGCAGGTAGCGATTAATTTTCACTCGATACGGGCGTTGCAGGACGGGCCATTCCACATCTGCTCTTTAAGAGTCTCCCGCGAAGCGCAAGGTACTGGAATACACACTGATGCGGTCATGGTACTTCTGCCTACTACGACGCTTGGCGATCGCATCGGTCCTCTAGGTAAAGCGTTCAAACAATAGTGGCTGAGTCTGTAGCTAGAGTG,933,52.41,Arabidopsis thaliana
SEQ_773785,GTCCAGGATAAGATCTGAGGCAGCGTTGTAGGGGTTGAACAGACTATGAAGTTCGAAGTCAACCAGATATAGTCGGTGGATACCCCTGCTAAGACCAATAGTTGGGATCCTGAGTATCCCTCCGACACTACTTAGTAAGGTCCGATTGGCAGACTTGGCGGATGCCTTTACTCATCGTACGGGCGTCTCACCTTCGCTACGACTTGGGTCTAGGCGAGATCGTATCCATGAATCCCCAACGGAGCCCCTTTGCCTCTCAAAAGCTCGGATGTAACTCTACAACCGTTGGAAGTATCTGACATACTTGCCTCGATTGGGCCCAGTTCAGTACCCTGTGCCCCAATGGCTACGCTGGCCCCGAAATTTCTTTTAGCTGAAGATTGTTATCGGAGGGGGTGCCACAGATCATGCAGGACCGCTCCGTGCGATCCAATGCGACGGCTGTATGCCCTACAACTGCAATCCGACACAATCAACATCTAACTAGTATGGAACTGGAACTTATCATCCTGTATCGCCCTTCTCAAAAATATAGGAAGCATTTCGGATCATGGCTATTGACAGCCGGTGTCGTTACGCGAGGTTCAAACTATCGTTGTGATCTCGTTTGATTGTGTACCGGGACGTTCTGACCGAAGTATTGGGTTTCAATATCTTGAACTTTGACCCAACTACTAGGTGTTGGGAGTGGATGCAGTTCAGCACTGTGCCTATTGCAATCCATATTCGTAGTGACCGTAAAAACATTCTAGGTAACAATCGCAAGGGGCATCTCTCCATTGAGCTCGATTGCCGTATAACCCCTGCACTCGCGAAGTTTTTTGATATGTGCGTTGTCTTACACGATGGGATGCAGTGATAC,862,48.72,Drosophila melanogaster
SEQ_838993,ACCGTTGAATGCCACGGCGACTCCACCCCTTGCAATCGTCAAGTTGTTTACCAAATTTGGTCATCTTAAAAAGTGGATTAGAATTCGCGTTGATCGACACTACGCCCTATGGTACAGTCTGAGGTTATCATATCTAGAAATAATCGCTCAAGCATTCGTTAGCGATCGTCTCACTCGAGCTGCGTTATTATGTTCTTAAACCAGACGAATTCGGAAGTGATTCGACGGGATTGAGGCGCGTGAGCCAAAGAACCGTAGCCCGCCCGTTCCTAGCTCCAGAGCGTCTGCCATTATCCCCATGGGCGCACCCACCTGTAGAATCGTAAGTACAATTATACTTTATTATTATGTCTTGATGTGTAGTAAAGGCCTCGCTTGAAATCAGGCCAACGGCTCTCTTAATCGTCGGGGAACAATAGATTCAGGAGCGGGTTCTCTGTTCGGCTCACAGGCACGTCGACGTAGAGAACCAGCGTTTCGCGTCTCGAGATTCCCGAACGACAGGCTGAGGTACTGCTATGTAACTCCCCGCTTTCCGGGTCCACGGGGACCGAGTGTAATCTAGGTCCGCCCACTAAGGTGTACAAAACAGAAAGGAGCTCTCGGAAAATCGTACCGAATATCCCCTTAAATTTAGCTAATAAACAACAGCACTCGCGTGGAATGGCGGGACGTAACAATGAGATAAAAGCTGGGCGGCATGTCGACTGCGCCGAATGTTCAATCTCGGGGAAAGCAGTCTCAATCCTCGCTTGGTGAGAGCGCAGCCCTATCGGGGTTTTGTGACGCTAGCCTGGAAGAAAGTGAAGTTGGTTATCTATCCCTAACTCTTGCCTCAAGAGGATACACGCACGGTGTTTTCAAGATTCAACTACCTAGCATAGCGCTCACGAGACACACGGGAGTTGAGAGGCAAATCCAATTCGGGCACACAGAGTCTCTCTAGCTACGTTAGATGCCTCGCTTGCATTACTACCCAGTCGGATCTGTTATCTACGTGCTGGGATCATTGCAAATTAGTAACATACAGCGTACTTTTGCGGTGAAAACAAGGATTTATAATTCGCGCTACCTCTTCCTTATAATACGCGATAACTCCACAATCTAGTGTCCTTGTATAAAGCGATCGTAATTATCCCCGTTTAGGACTATCCTTTGGCCCCGGCTCGGCATCATAATCCGTAGGCGCCTAAAGCTTGATATATAATCAGGCTTCAGACACAGTGCATCGACGTGTCGGTGACAGGGATTGACGCGTTTACAGGCGTCTCCTGTTGATATTGGGAATCCCAGCCCGCCTAACCTATCAGTGGAGAGAGTGACACTTAATCGTCCATCTAACTCGGTGGCACCCGAGGAGCATAACTGAATGTAGGAGTACTATTATCGGGCGCTCACTTTCGCAAAAGGTGAGTCGACGAAAAGCTAATGTTTATGCGTAGCGGGAATCTCAGGATGTTAATTGAAGGCGCCCTACG,1478,48.65,Drosophila melanogaster
SEQ_674489,GCCAAGCTTTATTCTGGAGGCTCCAATACGGGACATTCGTAAGTATTTTCCCCTGCGAAGGCTAGCTCGAGATGAACGCCTAGCTAAGAATGCCGACGCGAAGAGATAGCGTGCCTACACCGCTGGATGATCTGAAGTCATCTCTACTCTCGGCGAGCCTACCCGCGCCCTCAGTATGGGACCAATGCACAAGCCGTCGTTTTGATCGAAAGGACGGTTACGGTCCATTTAAATCCGGGTACGGGACTGAAAAAGACATAACCCGTCTTGCCGAACGCTCTGTTTAAGCTGAACGGCTTTGACAGCACGTGAGCGTCCATCCGCTACGCGGAACGTCTACGGGAGCGTGGTCTGCGGGGCATGAGGCTAGGTAATTACCCCTTCAGTGAACGTTGACCCGTTAAGGGTCTAAATTATCTTCAATCATGCGGTGCTCAGGATCTGGATACAGGTTTCCTCAGATCTTTACCAGAATCCTCGATCCTCGGGAGCCGGCACTATACATCTTAATTTCGCAGGACCTGCTGTCTTCAAAGGCATCACGACACGTTTTGGTCCGTAGCAGGCCACCCTACTGCTTCACCTGTTACCCTTAAATCCGCAGGATAGAGGCCAAAGTAACACCGGGTGTTGCTAATGGGTTCTGACGTGGGAGCCCGAGGGGTCTTCACAAGTGCCTATAATCGCCGTCAAAGGAGAGATCATGAATGGCACCCAGATGGAGGATAACGGTGGGAGCGCCTAATTTCGAAGCCGCGAAACGGCAGAACCATCGGCCTCTTCGTATTGATTTGGGACAGGACGTGAGCGGATGCGAACCACGCCATCTAGACCTGTAGTCCCCTCGTATGTTAAACGGATCTGGGGACCGTTAGTGTTTCTAGCGGTACTTACAAGAAATACCAGCGTCCTTACTTGCCTTCCGATAACGTCTCGGGACGCGGTTACTTTGGTGACTGACTGATAACTCAGAACCTAAATGTTGGGCGAAACTGGATTAAAACCTTTGGCGAAGTCCAATCTGCAAGTCATGTAGGGTCGATGTTAATTGCCGAAGTAATCCCATCTTCGGCGAGTAGCCAAGGGTAGCGGTGTGGTACGGTCGGCCGCACGGGTAGTGTCAGGTTCATTATAATCATTTGCTCTACTGTCAGAATACGCGGGCGGGTATGTCTTTGCTAGTTCAGTCCGGGTCTCCACGCAACGTCGGCTACTCCATACGTCAGGATCTAGAGTGGGGTGGAACTAGCCCCAACATAGCCCAATCATCCCAGAGATGGACTGCCCTATGGTATGCGTAATCTCTTAAAGCCCAAACGCTGGCTATGCGACCTACTAGCGGTGAGTCCGCATGTAAGACATCCCTGCGCAGCGACTCGTATAATATGTTAACGATCATATAAAGAAACTCCAACCGCTTGTATCGTGGAGCTCGCACCTTACCACTAAGGTTTATAAATTCGGTCCGCCTAGAGGACAACGGTATCGAATCGTCCATTGAGACCAAATGGCGCGAGCGGCTAGTTCTTTTTCGCGACCTTCGATCACCAATGTCTGACACTCCTGGCGTATGCGTGTTTCGCGAATTACTCGCTCCAACGCCGTACCCCTGGTAGTCGTCCATACAGAATGGGCCACCACCTGGTTCCGATCGCGTGGGATTGCTGTTATGATGCGGTTGGTTTTTTGTCCGAGAACTTATTCACACCTTTCGATTTAGCACTCATCTATACTTCC,1737,51.41,Escherichia coli
SEQ_726686,TTCGGTTACGACACGACGGAGGTACATGCAGTGTGGTGCGTTGCCGCGAGTGGGTAATTGCCGACACCCCCCTAAGTCCCCAGCAAAACTCCGCTTTAATGTAAATTAAGTTCTCTGATGGAGAACTTCGACTCCTTTTTCGGGCAAGCTGGGTTCAGGTTAATTAATTCCAGTGACTCGGTGTAACAGTAATCATTTATTTGTCTACAGGAACTAGGGACGTCCCCGCACCTCTATCACCGACGCGTCTAAATTTTACAAGTCGCTTGCAGATGTATAGCTCGCTTTGTACGATTAATGTAGAGCTGCGGAAAGACCGTACCATCGGTGTTCCGTACATTAGTCTCGGGAATCACGCTTCGGGCCGGCCATACAGATGAGCCATGGCTCGAAGATTACCGAGTAGGAAACAACTTGCACCAGGTGGTGTAATAAGTTACGCTACCAGACGTGCTATCGCCGTTGTCAATTGTTTAATGGTGCTCGTGCGAGAAAGGGTCCAACATCGATGCCCTCCGCCGAATAGGGATCCTTGACCCAGCCTGGGAGGGATCTGCGCATGATCCCCGCATGCAGGGTGGGGCAATCACAACTATAATCATCTCTACGGTGCCGGAAAGGATCAATAGCTACCTAGTGACAACGAGTATATGTGTGGATCGTGTCTGCGGGAAAAATTTAGTACTACTAACTTAGGAATAGTCGACCAAAGGACGCAGTCCACGAGATAACTTTCTAGTAGCTTCGTCTAGTCGAGAGATTACACCCATGTTATCCCCCACGTAACCCAGGGCATAGAGTCCGCTCGAATCTTACCAGCACGTAGTGGAGTATACTCTCTCTCTTATGCTGGTTACGGAATCTTGTCCCTATCGGAACCCACTGGATGAGAAGCCTTTGGAGCTCAGCAATGGGGATATAAGCTTATGGTAAACGATTTGTGACCCGAACACACGGAAGTCGGCGTGGTAAGTGATGAGCCCGGCCAGAGATCCTTCGTTACAATGACTATGTGTACTTTGAGTCCTCGAGTGTTTATACGGTCCCATGTACGGAACGAAGAACACTTCCGGGCCGCAGCCCAGTGCACCTAGTGGTCACATGTACGAATACTTCTCGTGCAACACAGAGCCACAAATGTTCGAAAATAAGCTCTGAATCCGAGTCTAGAGTCCCGAAACTAGCAGTAGGTGACCCTCCTCTGAGAGTCCCGGTGTCAACTTGGCGATGGGCTAGATTGTATTCGTCAGATCTCCCTGTAGCAACCTCGCCGAGGCCCTTTTTTGTCGCTACTACGACAAGGTATCCTGGCTTGGCAGGTATTCCCATAATAACCCAAAAGACTAGTCTCATCACTGCAATTGGTGTGTTTGGCTACGTTGCAGGAGTACCGCACCGCGCTCCCCTCTGAGGAGTTTAAACGAACCGCGGGAGGCTCAATTCGACCTGACTTTGTTAGACTAGGGCGCGATCCGTGCATGCTTATGCCGGGAGAATGACCTATTGTCGTGTTAATTGCTCCGACCCCACTGGTTTTCTTGTTGGGTACGACTCACGCCCGGAAACATCCTCTGTACAGTACAGCTGGGTGTTTTGTTCTGCATTTGCAGTTCGTTGACT,1620,50.0,Arabidopsis thaliana
SEQ_602201,CATCTTGGCGGGCGGCACACGTCCAACTGCACTAGTCATATATTTTTTGCTAAGGCATCTTGCTGCACACAAGTGTTCGTATCTTACTCTATTGTTCGCCTCTAGGTGTATTTGTCGCTCTAGCTTAACTGCGACGGTCTGCAGCTTGCTTTCGATCATCTTGATTCCGCGGAGAGAAATAAGCTTGACCCAGCGCCACCATTCCAAACATTCTACTACTCCTCAGAAATGCGAATCCAACAAGGATCGTGACCAGGATCTAGCCGTATATGGCCTCTGTAAAAGGCTGCCTCCACATGACTCCCTATGGATCAGTTCTTATCGTCCGCAACACATCACTAGATATAAAACTTTATTAAGACCTAGATGACCCCGTCAAACTCTCGTAATACTTTGAGTTGATTACGCGGCACTTCTTTGTCGTTTGTAGAGGCCAATGCAGTTGGCTGCAGTACCAACGTTGAGGGTGTGGCGTGTCCCTCCGGCGGCCGTCGAAAAACCCGACTACGATAGTTCAGTATCTGTACAGTAGTTTAATAGGCATCATCGAATAAGCCATAGGTATATCAAGCGGGGACCAGAAAGAGCCACATACTGAACGTCCAGCTCAAGAGTCAACCGCTCACCGAATCACTCAGTACGCTCTGCTTATCATCAGTCTATGCAGAATTATACCCGATGGCCTCTGGTTAAGAGTAGTACTGTAGTGGTCACGTTGGGCAACACCGCGTGGCAGGACCGCATATTACTTGCAGTAGAATCTTTATTCCTCGTTCTCCTGTGTTAGATTGAATATAAGCTGTACACAGACCCAGTCTCGGGCTTAGAACAAAAGGGATGCTTGGGAACAGAGCACGCAGTTACTCCTCCTCCGTGGGGAAGTGGAGGTTTAGGGGGAACCCACTCTATTCCTGA,915,47.98,Arabidopsis thaliana
SEQ_873718,TTCGTAATCGGTTCTGTTCAAGCCACGCCTCTTCCGTGTAGCTGATTTGCTTTCATCTTGGTTTACCTGTCTGCTGGTCTTGTTCTGCTTCTCCGGACCGGAGGTAGGTGCCCGGGGTCTCCGTGGAGCCCTAATGTCACTGTTGGCGAAGGATTTGCTCCGGGATTCAACTCTCCGAGCGTCGAGATGGGAGCCCGGCAGGCTGCATGCGAGCACGTTCAATCCTCGCAGTATGTTTCATAAGATCAATCCAACCGGGCCGGAGTGTTTGGCATAGTGCAGGCTGATCCAAGCGAAACACATACCCACATTTAGTGTTGGCACCCGGGTTGGCCGGTAGCCACCGCAGCGGTGTCATTCAGAGGGGGTGTCGTGCAACGCGGGGTTGCGTCGAGGACCCTTGACTCCATAGCCGATAGCTATGGCGGGATCCGACAAAGACACATATGCAATATAAGAACTGCCCGCTCCGCATTTCCGGCCAAGGCTACGATTTCGTGCTTCTTAAACAGGCGGCTAGGGCCTCCATAGCGACTGTTTAGGATTTGAAGAGGCGCCTAGCGACCCTAGTACATGAGCTCATACGGTTACCAGCAAGATAGTTACGGCGGGGACAGCTAGACAATTCTGTTGCTCCCCAGACGATGCCATTTGAGGTCTCATTCTAAGCCCAGTTTAACGGCAGCTTTGCGGGACGCCTTTATTTCCGAACCTTAATCAAGCGGTTGAAGCCTACTTCAACCGAGGAGTTCTGCTTCCACGCGTCAGCTTAGGTCCATGCGGCAAAAATGGTGAGTCCAGGATCCTTTTGACCACCAGGTTTTGCCGCAGTCTGGACGGAAGGTGACCGCCCAAACCCCTATGAGGACAACCGATCCAGGTGCAAACACAAACTGTTTGGTGTGTATGCCTCAAGGTCTAGTAGATTGAGGGTCGAGTCTTGGGACAAAACCCCGTTCGACGTTCTGATATTCTTAATTCCAAGTTAATATAACCCTTGGTCAGGCACGCAGAGGGCTGTTCTACACGC,1030,53.3,Mus musculus
SEQ_585706,TGAGATTGTTGGTGCATCAGCTTGAGCGGCATATGAGCCGAGTTTCTTCTTGTGGTTATATGTTCTGACTTTGAGATCCTACTAGAGTTCCCTACATCATAGCGGAATTTGACAGTAGGTTTCACGAGGCCACTCAATTTACTTTTAAAGGACCCCTCGGCAGAAGGTGCGATTCAGATCCCCAGCCGGTTCTCACCTGGTGTGGTAAATGCCGATAAATTGGGGCAGTAAGGGGAACGGGCATGTAGATCGTTGCCCATGCTAACGCTACATATGGCACTTCTCCACATTTAGCGGTGGCGACCGCCTGTATAACCTGATTCTAGTGCGCGAGCTTTTATGAGCACTGAGCCAGGTAACGACATCGAGACCCAGAGTTTCTCAGCTACAGGATTAGCTAACGTGAGGGTACCGGGTAATAATCGAGCCTTTTTGAAAGCATGGGTAACATGGGCAGCACCTATTCTTTGGATATTACAGAAGGATTGCGGAAATTTTTTCCCACGCATAGCCGTTCAGGGGGTGAGATATACTCTTTTACTTCGCCACACTTATAAATGTGCTCCAAGACCGGGGGTCTTTCCCTACCGGGAGACCTCGTTTGTTGATGCGCAAGTAGG,620,48.39,Drosophila melanogaster
SEQ_628945,CTGTAATTTTGCCGGTATGTGCTAGGGGGAGCATCGGCTACGATTTGGTTGTCCGCTCTGGCCCGTGATTTTAAGTATATCGCAAACACCCAAACTGCGAGATCGGATAGGAACAGGGAGATATCGTTTTATATCATTGGTACCGAAGAGATCAAAAGGCTCACATATACATACCTACAGCCAGCAGATGCCTTGATTGGCAATGTCTTAGGCCGCTGACATCACTCCTGATAGATTTGTGGCGATCTATTCCAATCGTCCTTGTCCGCGTGGAACGGTGACGATATTCGCAAGACATCGCATCAGCTCAAGCAGTTGCCCGGCCAACCATCAAAATACTGGTGCCCGGTAAAGAGCCCGACGCCTATCCAGTATAATAATTAGGCGTTGTTACTAGCAGCCTGATCTTGGGTGAATGGGTTAATTCTAACGATCGGAATAGGCTCGATAACAACAAACCATATAGACAAAAACGGGATGCGGAGTCGGCTCTTTGAGAGGGAAGTTGGCTAGGCCCGCTGCCGGCCTCGCTTAAGCAGCAACAAACCTGTAATGGTAAAGTGGCAACGTTAGAACCATGATCGCGAGAGGCCGATGTCCGCTTTGGTGTGATCACACAATTGCAATAATGTACTGAGTAACAGCCAGGCTTATAGTTCGCACTGAGAGCTAGGTACGCTCTGCAGGAAGGTGGGCGGAGACGACTGTTACCAAGATTGCCAGCTGCAGAATCTGAGGCATCTTTCAATCCCCGATAGTGTACATTTCTGAGGGCAGTCTTTGGAACGTGTGCGGATTACGAGGGGGGGGTTAGTGAGGCATCCTTGATTGCTCCTCTACACTCGGTCGAGGCGGTTCTACGTTATGCAAAGCGGTTCGAAGGAGAAGTCCGCACAAACATTATTTCGGGAGTGTTTCGTAAATGACCTTCCTAATCGCAGTGCATCGCATGCTTCGCTACTGTGCCAATCGATCAGGGGGTGTCGGAATATGGCTTCAGCCCGTGTCAGTTGCTGTACGCCACGGCTCAAGCCAGCCCAGTGGCTTGTTGTTCCTTTGCGTTACCCGGT,1070,50.28,Mus musculus
SEQ_805715,AAAGGCACTGAAGGAGTACTCCACCTCGTCCCAATTTTCCGGCATCTTCAATGCTACGCAGGTTCTGTTCATTTGCTGCTCTCGAGGCACATTCTCCTGACGTGGGCTCAAAGTACCGGTACATCGCATCATGGTTTAGGTAATGTATTTATTTCGTACGTCAGCATAAGCATCTGTCAAATCAAATTGCGCGACGACGATTCGAATCATGCTAAACCAACACAGTCCTGGCGGTAGGAGGGGGAATTGACTTTTAGACGAGGGCGGTGGTACGTTCATCTTCAGTTGGTTAATTAGTCAAGAACGCCACATGGTTGGTGCTACCAGTAGGGCATGCGAGCGCAGAACACAGGATAATGGCAATGGCGTTACCCGTTAAGCACTCTGTAGCACTTCCATAACTGCGAAGATATCGTTTGTAGGATCGCCTACGGGGGTTCGGCTA,445,48.76,Caenorhabditis elegans
SEQ_842990,TCCCTAAGTCTGGACCCGACCGGCCGTATAGTGGGGACGGCGCCATAAGGGAGGCATTTAGGAGGGGGTGCAGTCCTACCCGGGAAAGGTATAATTGCAGCTCTAATACGCGCTACGTTAAGGG,124,57.26,Mus musculus
SEQ_823806,CTCGCCACGGCTTCGCCACCGTCCCCGTTAGCACTAACCTTCCGCAAACATCTTGAAGTGTGATCGCTCTACCATGGGACACCTAGACCACCACAGGAAGTTCGAACAACCTTCAGACCCAATCTTAACAAGCAAATCTCCTCTGTCCTAAGTCGACGCACCTCTTAGTACCAATCTCCGCCGTCGAGGACTTATGGTGTCGACGCGTACGATGGGTGCAGTACCCGGTGAAATTAATTGCTGTGAATGCAGCTGGCGCGCATCATCTCCACGTACTTAAATTTTGTGTGTTTTCCGTTATAACAAAGCATAGCTGCTTGGTTGTCCTCCTACCACTCCGCGTTAACCGTCGTTGACTTACCGCTAATCCCTCCCGGGCACCTGTTTTAATAATCATAGTCTTGCGCAAGGTACGGAATTCTAGTTATTGGCTATAAAGATTAAGTCAGTCCTCCGGCATAACAGTGACCATACACGGTCCCACAAGGTCGACATCGATGCAGGAGGTAATCCACTACTGGACACAGGATCGAAGCCCTCTTTCGTAACCCACACAGATATTGACTAGGGGCCTTGCTAGAAATCGGTAGGCCTCTCACCATCGTTGATCTGCTGGTTAGTTACTCGAATGTAGCGGTACGTTCCGCACGGCGCTAGATATTTGACCACTAAGCTCAACCACGACTCCTAATGCCATGTTGGACAGGGAGAGAGGGCGCAATCTTTACACCAAGTGGTATTCTTATAAAGAACTTTCAGAAAGGGCGGCAAATGCGAATTCCACAATGCTTGGTCCAGCAAGCGTCTATGTTAAAACTGTCCATGACGTTAATATGGGATTTAATTCAGCATATTACTTAGGCCGCCCCACCCCTTACTGAATGTCGA,888,48.65,Caenorhabditis elegans
SEQ_359366,TCGATTTCGACAGCAGGCCCTACGCGTCCTTGGCCCGCGGCCAAGTAATTCATCGCTCCTCATACTGCTCCAGCCGATAATAGCATGATCCCCCGATGTTGCAGCGATCAAAATAGGGCGACTAGTATTAAGACTGAGAAATATCCCGTACCTCAGACGAGATGGAACCCTGTCATTATATAAGATTCTCGGCACATAGAGAAGAACGAGAGCTTACATAGCAGACCGTGAATCATTTTCACTAACAGGACCGTGTAATTCCTCTGCAGTGACTGACGTGGTTTTACAGTTTAGATCCGATACCCTTTTGTCTAAGGCAAAGTAGGAACCTCCGCACTCCAGGACGCTAGGCCGCCTTAGTGACCGCACGTTAGGTCGGAGATCTGTTGACAAAGCTAGTTGCAAGTCGAAACCTAGCGGTTCCAACCATATTCCAAGCGCAAACCGAGCCCTAGGGAGTTGCGTGAGAGCAGCACTTGTAAACACTTGGCAACTTGTACGAGAGCCGTCTAACTCGGCTCCCGACACAATGGCATCCAGACCGTCATAGGAGGGCGTCGTCTGCGACATTCAAGTCACGCTCCCGATTTATAC,594,50.51,Homo sapiens
SEQ_675667,GCCTACCAACTATGCACTATTACAATCATTGCAGGCTTGCTCGACAACGAGACGTGTCTGAATGGTATCTTGAGTTGCGCCGTAAGGAGTCAGAAATTGGTTGCATACAACCCCGCGATCAGGGGTTCTAGTCCCTCTCTGGTCATTTCGTACCATGCCTTGCGCTGCAGATTTACCCTCGTTTACTGTTAAGGTGTCCAATAGTGCTTTATATGATCTACAACTCTTACCCAATGCATAATCATGGGTTTGGAATTGATCGCACGTTAACCGGGCAGCGAGCCTGCATAGATTTCTACGTCAGTCCGGGGCCGTGTTTTGCAAGCACCATTCAATGAGCGAAATCGTTAAGCAGCTTCACCGGTTGTTACGTTCGCTTCGCCTTACAGAGTGTGCCGCCAAGTATATCTGATTGTGAAGTAATGTTGCTAAGCATGTTAGCTGCCCCAGCCAAGATCGGGACAAGAGATAGTTACGCTGTCGGTTGACGGGGCCTGATCCACCCGCGTTATTCCTCAAACTTGAAATACGTAAAGTCTCTTCGTGGCACTGAAGATGCTTCCTTAAAAGCGTTGACATCGCATAATGAATCATGTGGTGGTTATGTGGCTATCCGTCCGCATACAGAGATTAACTTTGAGAACGCACCAAGAATTGTGCTCCCGTGGTAGGAACAGTCTAATGGATTAAAACGCGGATTTTACCTACTCCGAATGAACATTGAATGGTCAATGGCCGATTTAAGGTCCCACAATCTGAAGTAACTGCCCGGGGTCTTATGTTAGAAACCCACTGTTCTCTCACAGGGCGGGTCTAAACATAAGGCGATGAGAGAACTTGTAACGACCGCCCCTACATTCTGGAACTAACTGTATTATCTCCCTAGACGGCATACAAGGCCGAAATTTGGGACCTATTCTGCCCTTAAAGGTAGCGCATATCGACCTTAGAGTTAGCTCTGCTTCCACCTAGTCTTTTGTGTCCGGCACGGCGGCCTCTTGGAGGTTAATTACTTATTAAAGCGCCCTGACGATAACTTGCTTCCAGCACAGGGACATGTCACAGACCTCGGTAGGCGAATTGATGTTCATATAGGTTACCATTTAAGGTGCGCGTGGTTCCTGCCCTAAATGGGCTTCAAAGAACAGCCCGGACTTGTTACGCTCAGCATTATCTTGAAGTTTGAAGCTTAGCCGTGTGTGAACATGATTACCGGTACCCGTAGCGTATACCTTTCAAGTTCTCTTGTCCACGCGCATTTCCGAAAGCCGGGGTCGTCCCCTAAGTATATTGTCCCCATTAGCTGGGAGAGAAGCACACGAAGGGCAACGTATCTTGATGCTGCCGAAACAGGCTACCAAGTACCAAACACTGGATTTTTATCTGTGGGATGAGACTATTACGCGCAGGTTCTGCATCTGAATTCCTCTAGTGTCCCGCAGCCCAGTAACTTAGCCCGATACGTCCGGTCCCTTGGTTATCATCTTCCTGGTTTGATGTTTCTGTCCCATACTAGTCTACACTTGTAACCAAGTTGATTTCCTATCTCGAGCGCGAGGCGGCGAACCGTATATACAGCTCTTATCCCCTCACAATTCTCCCACGTTAGAGGTATTCC,1618,47.9,Homo sapiens
SEQ_149637,GACTCTCGACCCAATGCGCATAAGCCTCCTTATATCTTCACAGCGGATATGTACTCGATCTGGGTACCTAGCGAGCGACCAGGCTGTGTAAGTGCACACATACCCCTAAGTATTGCTGAGGGGTTAATCTGGACGGACACTACTACAACGGATTTGGTGTTCGAATGTGGCGGTAAGACATTTAGTGGTCGAGTACACTTCAGGTTCAGCTCGGGGGTTACACTTTCCCCTTGACTTATCCCGGGAGGGTTCCTCCCCTCTGGCGCAACCCTGCTTAGTACTAACTGGGCCTAGCCAAGCCCAAGTTGTATGTCTTCCTCTGTGCTTTGGGCGTGCATGCTATGACACTTGAGCACACTGGCATGGTCACCTAGTTTCATGCATTAAGTACGTCCGGCATAGGCCGATTCCTAAGTGTGCGGGTGTTATCCATTATGTGGGGCATCTGGCGGCTCCGTAATCCTCACGAGTAACTTAACTAATGGTGGTAGTCACTATACCATCTTCCGGTGGCATCACAAGGGTGTCACCTAAGCTCGTGATGACGTCTGATCTTTACTCCGCTTCGTTAAACAGGGCACGAGGGCTTACTTGTCATCGGGGCCAGACCAGGGCGCCTGTTAAGGACTTGCCGGAACGAATTATCCTCTTAGTATTACGGTAAATGAAGACCATATGTACATTAAGGTATACCCTGGTTGCCGACACGTGATTTTCTTTACGTTCGCGAGATCGCCTGGCTATCAGCAGGCGCTGGAGACCTTTACTCGGATTAGATCATCACTATCTTACTGCTGCGCCTGTGTTTTTATGTCATTGTGAATGTACATTCGCCCCGTTATCAGAGCGCGACCAGTCCAACGAAATCTCTTGCCGCTAGGGACATTATCCACCTCCCTTGCAGCCCGAACGGAGTAGAGGTTAGACCTAGCCAGATTCTTAGCTTCGTCTTCTGACCCCGCCGCACGGCCCAACAACGAAACCTGCCCGGTATCGCTATGTGGTGCCAATCTTGACACTTACTTGGTTAAATATG,1036,50.68,Homo sapiens
SEQ_958535,GAGCCCCGGCCACAACATGCGTTATGGGGAAGTCCGATTGCTAGCTCAATTATAATCCATTCGGCACCCAGCGTCGCTTCAGGTACTTGGCGCTTATCTTTTGATCTGGGAGTTTAAATTTAGGGAACAGGAGGATAATCACCACTGAGGAGAACATTGGCTTAAGGAAGGCGGATCCTCTGACCGGCAAACACGCTCGCTTCAACTGCGTCATTATTGTATACGTGTTGTTTGAAGGAACTACCAAAACCCTGGACCGCTAGAGGTCTTGAAAAGCCCCTCTCACCCCATAAGGTAGGCGTTTGTATATTCGTACGAATAGATTCATTGACATATGATCCTATGCGTGCGGTCATCAATATGGGCGAAACTTAAAGTCACTGCACTGCCTACTAGTAGTATCTCAGCCAGCACGTTGGCGTTAATCTACCTTCTACGTTCTCAGCGTTACGTGTAGCATGAATACAGGGAAAATAAACTCTCTTCCAGAACGCGTTAGCAATGGATCTTCTAAACAACAGAGGTCGCACTCTGTATGTGCCTCACTTTGTCTCGATAACCAAATGCCATCGCCGTCTAATGACTATGTGTTTCGCCTGTGTCACGACCTGCCGGCGAGAGTACTAGAACTCTAGGTAAAACCACTCCGGGTATCGCGCAAGCGTTGGAAAACTTTTCCTCCGCAATCACGAATTCAGGTCTTACGGATGAACAAGAAATCGTGTCCTTATCTAGAGTCGAGGAGCACTGCGGACTAGCGCTTAAAGGTGGTACTCGCTGGTTGCTGTGGAATCTGCTGAGTGAAATAGCATGCGGATCCGCAGGTCGGATAGAGTGGCTAGCTCTTGTAGTTCCGTAGCGGTCAGAATGCGTGTAGTAGGGCGAGCCAAACGTCACAAGGAGCATCAGTCGCCGGACACGTGCCTACGCGCCGAACTCATCTCGCCTCTGAACGCGGGTTTACTACGTCGTGTCGAGAAGCTTTGCAGTAACCCGTCAAGGGGTACACGTTGTTCCTGGTAGACAAATCTCTAAGGGCGAGCATGACATGAACGGGCACCGTCCTGTCGATACATTACACGGTTAACGCAACTTGAGCACCAGGACGCACGTGACAACCCTTCGCTACGTACGTCTTCATTAGCGGAAGTTACAACCAGATATAGCTCTAAAGGAGGTCAATAAAGTGGGGCTCACTCCAGATCAGCCGGTTGTCCCTCGAGGACTATAGCTGGCCCCTATGTTTGCGGCATATCATTCATAGGGCTAAATGTGACCATCAAACTCTATAAACGATGTACTACAATCCGCTAATCGGCGAATAGAAGTTACCGGAGTAGGCGCAGCCCGTCAATGAGGATACAATATTAGAGTCGTACTGAGGCTACTGGGCTCAAGCCGAAGGCTGTTAACTCGCGAACAACACCCGCTGCCAGTTAGTCTGGTATCGGTCGACGTGCACAACGATCAAACAGCGACTGAACACATCTCCCCAGAGTTTCTTTCTTTAGTGGTTTTAACTTACACATCTCCAATAGTACCGGTACAGTTAACCAGTGAAACTGCACTTGGGTTGTCCACTAGCGAGGAGACTCGTGACGACCGCTTCCCCCCTTTCTGATACGATCAGTTCTCAATGAAGAAACACGTCCAAAACTACTACTCGGTTTACAGTTACAGCCCGGGAGGTGTGCGGTCGCATACGCCGATCGCAGGAGCTTAAAATCATAGATGATATTTTGCACCATGATTAGACGTAGAACTACGTTTTCCGTGGCTGAAGTACTATAAAGGAGAACAAATTACGCTATCGGGCCAAAAGCGGAACGATCATTGGACCACCGAGCTGCGACCTCTAGGACGGGCCTACACTGTGCCTTTGGTTCGCCAGCTGACGCCTCTATATTCACAAAAACCAAACACGCGAAAACATATCTCAGGCATCCCGACCAGAGCGACGAGAGAACGGTTGTCTCCCAGGCGCCCACGCTAGGCCT,1997,49.62,Arabidopsis thaliana
SEQ_107599,ATTCGGGCTTCACATATGGATGTTCATTGTTCGGAAAAATGCCTAACCTGCGGGCCTTAAACTGCTACGTCACACATCTGCTAGATTTTTGTCCAATTTGAGCGAGACGATTTCCCGTTTTGTGCAAAGCCAGGCCGGAGAGGGTAGATGAAATCATTCCTCGATTGCCTCCGTACAGGTGGATGCTCTCAGCATTACGCCAGAGTAGTTTTTGAGATTACTTACATAACGCCAAGTCGCGGAACGGGTTGATCGCAACACAAGTCCCACGTGGATACACGAATCACCCTATTAGGGGTAGAAGCGGCTTACTCATGCTCACCCGCTTGGGCCCAGCCCAACGGTGTGACCCCAACTCAACTTAAATCCCTTTGACGGGGGAGGAGGAATGAGTACCTTGAGGCCAGGCGACGATCCTATAGGTTTAAAGGCATACGACTCTAATCGGGCCTCGTATCAGTATTCAGGTGCAATCCGCTGATTAAAGCTTTTCCTTGCCCTACGGTGCTTAAACGCTAGGTAACTGCTCCCTTGGAACTATGGCTCTGTTCGCGCCCCACGGAGATCAATTCATGGTGTCGGGCAACCCACTTGTGCTTAAGCGGTCCCTTTTCCGCTTCCCACGATGTACAATAATGGCCTACCATAGAAGGGGCACCCAACCTGACCGGCACAAGGATTGTAATAAAAGTTAAACAGCCCCCACTAATTACTTAGCGAAAGTGAACTTTGCTTAAATCCTGTGAATGGCTGTCGCGGAAGGTAGACGTTCGTCGTCGGCATGGATCGGGAAATTTCATTGACCGCATTACCTGTCGAAGGCGAAGTCACTACGACCCCACGACAGTTTGAGGGTGATATTATCTTCACTTTAATTAAACACCTGGTCCACCGGTCCCGCTGTATGACATTCGGCGAGTCGCGGCGCTCATTTTGCTGCGACAACCAGCGATAGCGTGGTACATTGGGAGTCGCATGCCCACTCCAACGGAAGGCAAAAGCCCATTACAGTACGACGGAGCCAGGCAAAACCTTAGACCTTGTAATCCCTCCGGGCATGTATCCGGGTATAGTGACAATGACAGCGCGCTTTCGATTTACAATGCGTAAATAAGACGAGCGTTGTTTTACCCCAACTGAACTTTAGACGACACGGGCTGCCCCGAAGGCACTGGACCCAGCCATGAGCACTTGTTACATTCCTGTCAAAGTGGGTTGACAAACGGGTATCGGGCTCAACATTGCAAGTTAGGCATACTTTCTACGTTTGAACTCTCAAGTATTTTTTTCGAGGAATGCTTTTATGTGTAACCATCCCTGCTCACACCATTTGGCACTATTTTGTTAAACTAGGATCGTGATATCAGAAACATCCTC,1377,49.24,Caenorhabditis elegans
SEQ_504705,CTAAAAGCCTGGCACGCTCGCATAAAACTCCTCCTCAGAATTAATTAGTACACACTATAAATAATGCTAACGACTATGCGAACCGAATGTGGCGTTCGAGTCTTGTATCAGTTAGTTTCGCTTACACTACGTCGCGAGCTTCGATTTGAACCCACAGGAATGGTGCCCCGAGAATGCAAGCGTCTCACAAAGTCCAGCTCCTCCTAGACTGCTGAGAAATGGCCAACTACCGACCGTAATATGAGACCAGTGTTAATAAATTGGTTAGAGAACGGGAAGGACTTGGGCCGTGTATACACAAACGCCGCCCGCGCGTGTAACTCCACTGTGCCTGGTGTATTCGCAAGACTCGGCACTGAGGTGAAGTTTAACGAATCAGTTTACCAACTGAAGCCGTGATAGGCAAGAAGACAGAAACCGACCATCTTGTTAAAGTGGTTATGGGATGCTCCTTCGCGAAGAAGTCGAATCGAGACACTGTAGTTTACCTGCGCTTGAGAACTCTGGGGGGTTTATCCACTTACCCAAGCTTGCCTTTTCTGAGCAACAAAGCTGCTCTGCGACATGAGAACTAGCTACTTTCGTTAAAGAGTTCTAATACGAGGGACCGAACTCTAAAGAGATTCTTCGGATAAAATTCCTTACATCGCGCGAGTCCTCCCAACTCCGCCTGGGGAGCATGCTAAGACGTTCACTCACATCATGTACACGAAAACGTCAAATAGAGCTCCTCTTGAACTAGAAAGGGAGTTTGTACCGAAACCAAACGAACGCCACTTGGTCACTTAGTCAAGACAATGTTGAGAGCGATGGCCTCGTGGGATCCGATCATTCCCGCCCTTTAGCCGAATAAACCTGCGATACTCGTATCTTCTCGCCATGACCCGTTCTGGGACTGTGCATGGCACGCACGCGTGCAGGTAGCTTTTGGGCTCGACGCAATACGCGGCGCTGGACGGCTTCCATGCGGATGGGGGAATACAAAGTCTGCATGTCCTGTCGGCGCGGGGGTTTGG,1016,49.8,Homo sapiens
SEQ_616165,TGGAAGACGCGGGTTTATGAGTCCGCTTTCAGTACATTTTAGACCTTGATGGAAGCACGTTCCAGCGGGACGCCTCAGTGCACAGTTATAACGCGGTTTGGACACTGTCAAGCCAGATAAAGGACTAAAATCGATGGCGACACGTCACTCGTTTATGGCCCACATAGTTCCGACTATAAGTCTGCCGTAGATGGGTCTAACAAGACCTTGGCTTGGACGATCCCTCCGAAACTCTAAGTGAATTCCTCCTGGTTAATTTGGGGTATTGGCCTTCGTTTCATTTATCGATACGTCAGGATTCCAAACAAACTCGTAAACATCGGGTGTGAAACCTGATTACCACCCGACTGCTCACCTCCAAGACTGCCCGCAGAATTGTCCCCTCCGCCTAAAGCGTCCCAGCTGTTGAATGGGTGTATTCCGAACCTAAGTCGATTACATTTGTACCTCGGGTATCTGTTCTCGGGGCCGACGAAATGAACAAGCGGTGAGCACTAGAGGTGAGGAACGAAGCAGTCGCTTCCGGCAGGGCATCAAAGGCAAACTGACGAGGTATTACTGGCCGTGCCTGTGACGCCTACAGCGACGTGTAGTTAAATCATCAACCCATGAAATCGCCCCACCTAAAGCCCAAGTGTCCAGGTTGTATAACTAACTGATGATGTAAAAGAACACCAGTCAACATACTGAGATCATCGTATCGGACCGGGTCGAAGTGCGGATATAATGGAACCTGTGTGTCTCGGATGCTACTTGCTACAATACCCATCTCTAAAGTATGGACGTGGAACCGCGGTCACTGTAATTAAATTTCGATTTTTTTAACACACCCGTTCAGTACGGGACCTACGACATCTTCACCTGACAGATGCTCGCCATCATTTCTGTAGATGCTGCCCTCGATTTAGTGGACCGGCAGCTTCGTAGCTCCCGATGTAACGAGTGCGCCTGCAACCCCGCGTGTCCCCTGCCCTTGTCAGGGAGGTAGCGAATGTGACAGTTCTCTCTGAACTTGCTCCCGGATTCCCTCGCCGTCAAATGCACCTGGTTTCTCAGTACGACGCGGTTTAGACACATAACAAGAATTCGGAGCCATGCACGCATCGGTAGAATACAAGCCTAATCGTAGAACTCCCAAGCAATTACTCTCTAAACTTACCGGGGCGATAATGGCGCCGACCAGCACTACAACTATTCGCTTCTCTGTAGTATCAGTGGTCCGCTTGGTGGCCCGCCGCACAAAATATCCACACCAGGTGAACCGCAGGTGGCCTCACATAGAGGCTTGAACCAATGTCCTCGACGGATTTTGAAGTCTTTTGAAGCTCCCTTATACGGGAGGGGTTTCGTACGATAGTTCCCAGGATGAGACCTCTTACGATGCAGACTGGAGAAAACCGCGCGCACACAGAAAAATATACCGGTGATACCCTCGTACACCA,1442,50.21,Caenorhabditis elegans
SEQ_584346,GGGATGGAAGAGTCAAAGTGGTAAGCTAGTAAAGGACGCCCTCTACTCTGATCTCCGGGCCCCCCAAAGGTGAGCTGTGCCCGCCAGGAGCCATTTCGATAAAAACTCCAGATGAATAGCCGGGTTGGAGGGTTAAATGAGCACCCCGATGTCACGCTCGAAAGTGGCCCTAGAGGCAGGCCTTATATGAGCTCCTGCGAATCTAAGGCCGTCGTTCCTTACCGTCCTACTACCAGACCGACCAAGTAGACCAACCTCTAACAAGAACAAGATGTACTAATGCCTTGGGCCTTATCTAACTCGCCTGCAAGATATACGCCGACCGTAGCTTTGCTCGGTTTGCGCGGCAAGGTGAAGTGCTCCGTCCTCCTAGAGTCTCGACGTTTCGAGCAGGTCGGCCCCGAATCCCGACCGGTGCGAATCGCGAAAGAGTTGTCGTAGTCAAAAACTTCGGATTAATAGCAACCCACTTGTCTGTGTCCAGCTGATGACCGCTCAATATCCCATGCGATGCGAGATACACTAAGTGTAATAGTGGGGTA,542,52.77,Saccharomyces cerevisiae
SEQ_606723,GGACCATTGATACAGAGATACTCAGCGACACCTGCATCATTATGATACCGGCCAAACGTCTATCCCTCCTATGCATTAACTATCGATTAGAATCGGGGATCGACAAAAGGGTCTCAGATCTCTTCCTGCAAGTTATACTCAACGTTATAGCACGTATATTTCAATCTTCACTGAAACAATCCGTAGGTTTACAACGTCAGTTTAAAGAGCAACGCTGCCACGGGAAACCAGCCTTGCGGAGGTGGGCGAGGTGACCATAAACGCGACTTACTACAATGATTAACCTTCTTAATCGTGGCAGGTGGTGATCCATATCGTGTAGTGGGAAATCTCAAAATCAGGGCTAACTCCTCGAGGATCTGTTATCAATGGAAAACAATGCGAGTAAAATTGACCCCGACTCCAAGACGGTCTAACGTGGCGCAGTTCTGGATATGCGAGTTCTCACACGCGTGATTGTCAAGAGATTTCCAGCACCGGCTTAGCGTACATGTGTATTTCTTAGGCATCCGCCGCCAGGACCGATGCCCATAACAGAGACAATCGACGATGGCTTCGTGAGACCCCTACGCCCCCCAATCGTGCATAGCCCACTTTGGTGGACCATGGCTTGGTAAGCATAAGAATCAGCGTACTTAAGCCGTGTCGGAGCGAAGTCAGGCTTAAATTGTCCCACACACTGTCTACGGCCGTGGGAAATTTACTCCAAAAGCAATTAGTCAGCAGACATAGTGAGGGGTAACTTCTTACACTTATTCCCGGCGGGAATTGGTACCGTTCTTCCTGCGGTTACACTGGTCTCTACTGAGCTTTAATAAACGCCGCTCCGCATCTTAAAGATTCGCGCTTTCACGGTATGAGGATTAGTCAGTAAGCCTTCAGTAGCCCTAAAGATACGTGAAGTCTACCTTCCGTGCGGGAGAATAGGAGCTCGGACTCCGATCTGCCGGTCGTGCGAAGTTCATGCGAGGGTGATGTGCCGCGCGTCGATTTTGTAAGATAAACCTGGCACCAGAACCCATGGCCTTTGAAACTTTCTGGCAGGGTCAGCAATCCACAGTCGAGGAACGTAGCCCTAAGCGTAGTGGTGGCTGCGGATTGCGCCTAGCAGTGATATCGCACCCCGGAGTGTGTCCCCGACAGGTAATTGCGGTGGATATGCCATCTTATTTACCAGTGAGAATAGAATCGTCAGTTATGACGCGGAGAAGGCAATAACTCCCTACCTTTGCTGTTTTAACCCAGTGCACGTGGAATCTCACATACTATACGGAATACCTCCTACATGTGTCCCGGGCGGTGGTGTCGGAGCCTCAAAGCCAGCTTTGACAGGATAAACCTGCTACTATAGGCATGTAAGTGTCTCCCTAGTACTGAGCGGGCGGGGTCCGGCACATGATATAGGTAACAAGGAGCTAGTTTTAGGTCCCAATGGAGTCGTCTATCATTTCCACAGACCATAGCGCCTCCTAAATCAGAGGTGTGGCTCTATCAGGGGGGGAATGGCGATGACCGGTACAGGCTGGAAGTATCTTTGCTTTACGTTAGAGCATCATCCTCTCTTCAGGAAACAAGAAGCACTG,1583,49.59,Drosophila melanogaster
SEQ_201914,CAATTTGATTACGTAAACTCGCAATGGGTCCGGGCGAGGCTGCGTCCTGGTCGGAATATGTCCTCGAGTCGAAGATCATTAGAGCGGTGCTAGACACTACAGGCTCCTTTCCAGAGGGCCCGTAATTGACCCACGTTCTGGGAAGAGGATATTTCTTTCTCCTTCAGTGGCGAAGTGATTTAAAGGTCTCGTGTGACCGGCGGGCGGTTGTTGGGTAACAGTCTAAATCAGAGGTGCACTGCTCGGTAGCGATTGGAGCCTCTTTGCTATGAGTCGCCGGATTGTGGTGTATGCAGCGAATGAATACTGAAGCCTGAGAATAGTCCGATGTACCCTCCCCTGCGAGGTATTGCTTCTAGCGCACTGATAAAGCCCGCCCTGATATACAAGGTCCATTCGGTGGATCTGCTTAATCTAATAAAAGCGATGATTTCCAGCACGGACGCAGTGTCGTATCGTGGGACGAGCTGCCCTCATGGCTCAAAGCACACACCAAAATTGGCGTATTTATTCGAGTCAGTTAAACCGTGTTTGATATGATCGCGATCCAACTTTCTCTGGTCGAGACAACATTACTCCTCCCATAATGCAGTAAGCTTTCCGTCCACGCCTCATGGTCCGGGTGGAGTTCGTAGCAGGTAGTTATCTGGCACTAATCTATAGAACTTGCAGTGACTCCTGTGCTCGCATCTGATTACTCCAGTGGCTAATTGCTACACATCAAGAATCTAGAGGTGTATATTGTAACATCGTTACATCGTACGTTCGCATGTAGACTTTCCGAGTAACAAGTTCCACTAAAACCGGATAGCTGTACCCAACATTAAGGACACTTGCCTATCTTATTTTATTACTGTACGGAATTGACGTGATAGAACTCCCGGTCAAGAGTATGGAATAAAAAGCGCCCGTACGGAGCCTCGCTATTTCAGCCTTCTCAACCACTTAGGGCTCGAGCTTCAAAAGTTGTTCTAAACCTAGTGGTATACTTGGAAGTGGACCTGGTCGCGACCAGTGGCGACCAACAACTGTGAGGACATAATTAGAGCATCTTTTTCACATGAGTTACTAAATAATTGGCACTGCTTACCGTCACACACAACAACCGAATATGCAAGTTAAGTTATCGCTATGATGTTTCACGACGTAAAAGCTCGCATATTTGAGATAAGGATAGAAGCGTTGGAGACTCGCGTGCGCCCAATGGTACGGGAGCAGCAAAGTGGCCAATCGTTTCTGATTAGATTTATGCTAGGACAGGTTATTGTACCGTAATGGCCAGGGTGGCAGTGGCTTCGCGGTCTGCTCGGCTCCCAGGTGCTGCTGGCCCGTTCTGAGTGCCCTATTCGTAGGCCTTATATGACCGGGCACCGCCCGTGGGGATACGGAACTCCTGGTATGAATTTACTACGTGATTGAGTTTGTGGAGCCGCCAGATGGTTTGTTCAAAAATTCGTAACTAAGTGATAACCCCGTGGACGGCGTGGGTTTTCCCATGGCTATTTCTTGCGCTAGCAATACCCACGCAATATTGATTTTCGCAACCGACATTAGTCAACGTGTAAACCACGCGGTTACAACTACTCGATATCGGCTGCGCCGAGTCATAGGAAATGTAAATATACAATTAACGATAGTGTTTCGTCCGAAGACTGCTTGTACTGAACCCACGACTGTTTCTAGGGTGGAAAGCTTCGCCATCTGCCGTATCTATATCGTGTAAGGTGCCCTGTTCGCCATTGCACAAATTGGAAGTTATTGAGATCCGCGTTGCATCGTCACAGTGTCCTTGATTTTTG,1799,47.86,Saccharomyces cerevisiae
SEQ_573802,AGTAGCTTTCAGTCATATACTCTCTCTCATACTGGAGACTAGTGGCTGAATTTTAGTGCAGTTGATTGAACTCCCCGGAACGCCTGAGCTTGCTGAGTTGCCAGGTAGAAGGGAATCTACTCGCTAGGAAACGAGGCTTACGGCTGTGTTGAAGGTCAGCTTTGTCACGGAACTTCAGAGACGCTTCGGATTGGGCACTCCGCATAGTCTATACTGACCTTTTGCCTGATTCGGGCCATGACCAATCCGTGGCGACAAGTCTTGCAACCCGAAGTGAGCTTTTTCGGCAGGTGGGAATAGCTCCAATCCGAGTTTTTGGATGCCTTCGTCTGACATCCATCAATTTTCCACTGTCCTCAGCTACTGCGCCAAGCCGTCTGGACGATAGGAGAGGTCACGGAAGTTGTGGAAATGTTAATAAAACCTATTCGAGCCCGCAATCCAGCTTATCGACCGGAGGATTTCAATAGAGGATGGACAGTCACTTTGCAATAGAGCTGCTTGGCACCCTCCAGCTGGGGGCTGATATGCCATTCAACACATAATACAGTCTGTGATGCCACAAGCAACTCTTACCGGGGGTTGTACACCAACATAACACGCATCCCCTGACTGAGACCAGTCCCCTAGGAACCGTTCACTTTATCTTCGTCCGAAGAATGTAGCTCACAAGATGTTAAACAATAGGGAAGTTTCTAGCCGTTGAGCAAACCCCGTGCCGCTATATGAGAACAGCGCAAAAGCCAAGCACGAAGTTAGGTTCCCAAGAGATTATACCTGGCCGAAGAAGTCCACGGCTAAATCGAATAGATAAGGGAGTCGCTCAAGGCCTAAAAAATCCGCATGAATCGCTTCGGCCCGACCGTATTAGGCCTTACGCACCGGTTTCCACGAATTATGGTAGATTCGGATCTATTGTTGAGGGTATATGTCATCTTACATAATGGTCTCATCGACAAGCAGGAGTTAGGATATCAATTTTCCGCGTGGGCCCATCATGTGCACGCTTCCGGTATCAGCTTCCGGCGTTCGGAATCAAGTTCGTAATAGAAGTATTAGAACTTTCCAAGAGCCAGATAGTCGGAAGTTTTTGGGTCTGTAGCCTTCGACTCAATATGTGGCACGTTCGTGTCCTCCGCCTAGAGCAAACGCAGGGTGGTCAATCACCGTCCTGAAGCTTACGCTCTCGAAGCAATTGATGGGTCACGCGCCCGAAGGACGCACGTACCTTAGACAAAGCGCAGTAAGGGTCTAGTTTAGAAGGAACTCGTCGGTTACCTGGGGGCACGGTTAATATCAGCTGTCCTACGTGTCACGTAAGACACTTTAAGAGTGACGCTCTGCGCACTAACAGATTGTCACGAATTAGACCAGGTTTGTCTTAAAAAGGAGTGATTATTGGCGTTTCGCGAATTAGCCCGTCAAGCTTACCTAATCAAAATTGAAAAAGGAGTTTTATCTGTGGATCGCAATGACTAAAAATTTCCAAAAAACTCAACGTAGTTTGAATGAAGCGAGCGCAAGCCCCGCATAATAAGGGCCGCCGATGCATGTGTATGTGTCGCGCTGTTTCTATGTTGACGAACGAGCCACTACTATGTCGGCAATAGAGCTTAACAGGTGCTTTGAATTGGCGTCGAA,1641,48.26,Escherichia coli
SEQ_395588,CAGGCAGCGACCTGTCTAAATCCCTTGAATTAAAACTGAGTTCTACTGCTAGACAAGTTAGTCTATAGGTGCCACGATAACCCGCCCGTGCCCGGGGCAATTCATCTAGAAGGACTTACACATGCCGTAACATGTGTTGGGTACTCGTATACCGATTGCTCGACATATCAATAACCCCAACGCAGTAGGCTGTATTGAACTGCTCCCCCTCCTATTTTGACAAACTTGCGCTCGATTGTGCAAGCCTTTGAAATCACTCAGGCCAAGCTTTCAACGATTTTAGTCCAAGTTGTCCACACAAAGAACCCATCTGCGGATTAAGGTAAGTACTAAGCGCTACATCGCGCTGGTCTAGTGTACGTGACCCGGGTCAACGGCATCATAACAGTCCGGATAAAGATTATACTGTGTCTAGCGCCGGAGCAGCTGGAAAACATTAACTAAATTCGTTGTGTGAGGCCTCCATAATAGCGAACACTCGGTGGCATCCGGCGGTATACTGAGTGAAAATGGGAAGATGAGCAAGTGCATACCTCGGTTGTCAAGGACGAGTTTGGAAAACCCATATATAGCATTATACCAAGCGTGACGGCGCATTTTCCAGGTATTTTCCGGTCCGCTACCGGACCAATTTATGGGCGAATCCCTCCAAGCACTCTATATGTGAGGGCGCTACGGTTACATGCGTTATGGCCGCTGAATTGTCCTAGCGATTTACCTCGGCCGAACTGCGCGTCTTGGACTAAGTGTCATCGGTTATTCAAGTAGACAAGTGACGCGGGGCGGACAGGACCCTCGAACAGGCACCTTCCGCTTCGGGCTTTCTGTAATAGTGGGGAGGTCTCTGAAAACTTAGATTATGCAGACCCAGTAATAACTTTTTATCACTTCCACCCGACTCGCTCTTAAGGCCGAGTAGTTATGCTTCATTTTCCTCTGCGGTGGAATCTCCAACTTAGTTCCCTGATTTTGTGCCTGTGATCAACGTTTGAAGTTTATCGCGTCTGTGCAGCGGGCAAGGCAGCACAGGCTTTCACCGAGAGGACTGATCAGACTCTTCGACGTTCATAATAAAGACGACGACCCGGGAGGGTTGTCTGATTACGTCAGCGGAGTGGATGTAGATTGGATTGAACAACAAAACTGCCTTATGACGGTATGTCGGACCCATGCGGCCTTATCACGTGTGGCAAAAAACATCGATGCGTGGGTCAGCGCAGTAGGATACGTTTGTGTTGACACACGGCTAAAGGGTACACAACCGTTACCGACTTATAGATGAAACCACGGATGTCTAATCGCGTCGTATGGCCCGGTAAGCAGTAGGTGAGCCGGGAAAAGGGGCGGACTAACACCTTGCTTATCATATGACTCGGGTAGTGTTCTCTGGCCACTTGCGGATGGGTAGTCTAGACCGTTATTAGCGTAGTTTCAGTAGTTGAGTTATCTATCATGGACCTCCTGACACGCTCATGTCCCTCGTACGGCTACCCTTATGATCCGGACGACTTCTTAGACGTATTGTGTGTATCCGGCATCACTGGCAAGAATCATAAAGCTCCGTTTCGAGTCCAAGCAAAGCTGTCCGTAAACTGCACACCCGGCATGGAGTTGTGGCCACAAGTTGTTACGGAGTCCACGCCCTCCGAGTTATTGTTCATTAACACCGCTTGGTCACTTCTACCGAAGGTTCTTTGCAAGAACAGGCGAGTGTTATCAGATACCATGAAATATGTGTCCCGAATCTAATAACTGGGCCTCCGACTTATATCTGGAGGGCGTACTAAATGATGCTCTCCTCGTCGGTACGAAGTTCGGAATCCATGTTACGGCTGGCGTTTGGTTTCGACAAGGGTTCTTCTGACCTATTGTGGGGTGATGGTAGTGAGGTTTAACCGAGGTCGCAATGACATGCGAGTCTCCTAAAGTAGCACTGTGGCAAACAATGAGATCTCTACCTCGTAAAGATTAGGC,1974,48.99,Escherichia coli
SEQ_383827,TGAACCCATTTAAATACTATATGACGACGACTGAAAGCCCCGGCAGTGGGTCGCGAGGCGTGCTGTTGGCGCGAAAACGCGAGAAATGATACGCGACTAGGCACACAAGGCACCCTGACCGTTCCGGGTGATTTCAGCGTAATTAGACGTCCTTGCTGGAACCCGGGTGGAGAAAATATATAGAATCCCAACACCATTCAGGCGCACAAGTATACGTGCCTTCGGGGATGCACCGACTCTCCGATCACTCCAGTCTAGCGCTATTGATCACCGATCATGGCGGACGGCCGGATATAGTCTTCAGGAGGTGCGGTAGGCGTCAAGCTTGTGAACCATTCCACTAGTTTTTCAAGGCCTGAAACGGCAGGATGCGCGGACCACTAGGGTAACATGCTCGATTGCCAGCTACGATGTTAACTCGTACGAAATGTTCAATTGGATTGTTTGGGCAACCTAATCACATCTACGCTTGCTAATTAAGGAGCCCTTCTCCATGCACCCTACAAGTACCCTCTAGTCCCGTCTGTTTTAATTAGATCTGGTGGTAATCACCAACATCCGCCTAATCTGGTGTCCCATTAGGGCTTACTAATACGGATGGCCAAAACCCTCCGATTCAGGTAGTCCTACCGCAACAATAGGTCTGTGCTGACTTTTCAGTCAATTATCAGCTGGTAAGAGCAATACCTGAAAGTCTAATCTGGGCTAACGGGGGGGGCGGTTTTCATCCTTAGACTAGTCCTAAACAACTGTTTACTTACTACCCCAAGTTCAAAATATCTTGCCGGCACTAGCTGCCGATAAGAGAAGTGTAGGATGCTGACTCTCTCCGAGCTAACATATTTGCCCTTTGTTTAGGAAGGGATCCTATAACCGGCGCTATCCCGCCTTTTGGGGTATAATATTAAGCCTGACACCCGGCTCTCACACTGAACGATACGGTCCGGCGGGTACACTGACTCGCCCATAGAATAATGTCTGGTTACGTGTTTAGCGGAACATAGCGTTATTTAAGATAATCGGTCACGAGAGGCTGCTAATCCATGTGGTTATTCAAGGATGACCCCAGTTCATCCAGTTCTACCTAGCAGCATTTAGGTCCGCACATCAGATCCTAGAAGTAATGACGGGACCTCATAACGAAGAACTCATCACATCGGGCCTCAGTACCGTCCCAGGTATTGGTCACTCCGATTACACACTTGTTGCGCTATGCCCCATCCAATGACTATTTATGAACCTCTATATAATAATTCCTAACTTTAGCATATGCTCTCAACGGTGTCATATGGTGCTCGACTTAAAATAATACCAGACTCTTGGCTCCTAGCTCCGCGTGTCTGATACTTGCATTAGCGCCTTAACGCGGGGCCCAAACACTGCGATACTATGCGATAGTCGGCCGCTAACCGCCCACTTTTGTATCTGACAAAGGCTAGCGCTTCACCAGGCTTGTTATCCCAAAAACTCGCCTTGGATCCGGCATGCGACAGAACTTGTATGGGGTTCAGACAGAGT,1518,48.75,Escherichia coli
SEQ_863471,CACTAGTGATAAGCCCTGGCTAAATGTAATGTAAATAGCTTCCGGTTTTGTCGCCTTGCTGTGTTTTGTAACTACTAGGCGCGACACTTTTCGAGAATTCCGTCGCTAGATCGCGAACGGCTCTATGCTATGATTCAGCGCGGTGCCGCGAGTACGGCGCTACTTCTTCCCTCACGAGGACAGGTTTAGTCGATGAGAATCTAGGAAAGAACCACGTTCTACAAGACAAATGAACCTGCATTAGAGCTCCACAACACGCATTCTATCCCCCATGTTTAACACTACTTCTCCGGTCTTACATCCCTCAACAATTCTAGGCTAGCTTATTCCAATTCGCCTGCGGCTAACAGATCGGCTTGGTTGGAAGCTCAATTGAGGGACTGGATTCTCGCTTAGTAGAATTGCTACCAGCATGATCTACGCATTGAACCGTATCACTAGTAATCACGGATGCCCATTCGGATCGCACATTCGAGTGCCCACAGTTAAAGCGATTCAAGTCGTGTCAGAGGAGCCGCCAGTTTCACGATGTCGAGAAACTCTGGGAATCAGCAATATGTCGAACTACTGTTTCTACGCGGTCACGATCTGGGCAGCTGGGGCATCCTCATGAGCTAGCTTACTATAGTAAATGAGGCATCCGAAGCCCGTGGGATGCTGAGCCCGCAACCGTGTTACAATGAGCCTCCCGTAGCGCAGCTAGTAGGGCGGGCGCGCGTTTAAACTGCTATCACAGAATGGCAGTACTCACATGGTGGCGACCACCGCTCAGGGGCACACACGACGCAGTGGACGCGGGGGTAAGGCATTCACTCTCGCATGGCTCGCCTATTTACCAGTTGGAGTCCTCCAGCTGCTATTACGTCAAGGGCGGCATACACCACAAGCCGAATACGCCCGGTCACATGCGCCAACCCGTTATCTCGGAAGGGTATTATCGTAACTTCGTCCATAGAGCACAGGAATAACTGTTTTTTTTTCTTAGTGGCAGGCACCAGATATATTCTACCAGTTATTTTAGCGTGAGATATGGACTAGCCGAGGCTGCACACGACTGATAGCCATCAGCCCGGAGTCCGGCCCATGGTATTAAGCCGCTGTAAGAGCCAGAAGAAGGAAGTGTAATTACAGTGGATCCAGCCCAACGGTGGCTCATCTGGTGTTATCCTAATGTGAGAGCATGGTTTCCTCTGCACTATCATAGGCGGTGACTAGGTCTGGTTTAAGTTATGCATACATACGATTTCTGACGGCTTATCATTGTATAAAGGCTTGCATTCCTACGCTCGTGCGTATCGCTGCAGATATTACGCAACTCCGCGTCCCACACTCAATCTGCTACGCTCGAGTGTTTTCCATAGTACTCCAATGGCTAAGGAACGGCGCCACGTGCGACTTGGAGCGCTCCAAGCAGGACATACTGGCCGCAGCTTTGCGCTTCAAAAGCCCTCTCCATGCGCATTCCATCCCGGGCATCACGGCCATGCTGGAAATCCCTGGCAGTGAGTACCTATTGGTGGCCGCAGACACTGCGACGCCCAGTTAATCCAGGCTACAAGAGCGACTCGATAAACCCTGATCGGGGCTGACTGATGAAAATAGATACGAATTCGCGAATGTTCAATGTCCAGGGTTTGAAACATCACTACGGGCTAGAAATTAAAGTTCAATTGGCACCATCGTATAAGACTCGAGGCAAGGAGGGGGCTAGAGTGTCTGTCGTATGTTCTACGCTAATATTTCTCACGTTGGCGGAAAGAGGGTAGTGGAGCATACATTATTCACCTGCCTGGTGGGCAGGCTCCATCTGTTCCTGTCTTGGCTGACCATGCGGAAAGGGA,1841,50.79,Saccharomyces cerevisiae
SEQ_115358,GAGCATGCCAATAAGAGGGATAGCTGAACTGCCTTGAATCAGAACAGTACGAGATACCCAGACTAGCATTTGTCATCATCGATTAACGATCACGCGCCTGCTACCAGTACAGATACTAAGGAGACAGTAACAGAGGCCAGCAAGGCACGCGTTTGCATCGTAACCGTACCGAGACCAAGATTCAAGGGAATTGAGCCGCGTATGGATGACAGCGGTATTAATGTACATCGGCGCGTCCATTCGGGCTGTCCGCCGATGTCCGAATCAGTCACTGCGTTGACCGCTCGGATCACGTCCGAGGTGTCGAACCTAGTATCATCGGCTACCGGAGCAATATATGAGCCGCGTAGCGTTACGAGTGTATTGCTTACATGAGCCGGGGATGCGGGCCGGGCTTTAGAACTGAATTGGAACCAGAGCCCTATGGGTTTTACCATGCGGTCACAGCGCAAAACCGAATGACCTTCTATTATGCAGCGGGAAATTGAGCAGGGGAAACCGGACAATCTAAACCAACTCGTCTAAGATAGGAGATGCTTTGTGGCTACAGTTGCTGGTTTTCAAATGCGCAGCGTTACTACTAGCTGGACTAAGTGGGGTTTAGTCGGTACAATAGATGGGCTTGGCATAGACGGGGAGGAAATCGTGTATACTATTCACCGGTATACCCTTATTAATACGCTAAAAGTCACATTTGCAGTCACGACGTGGTCCGCGGAAAGTGCTATTTCGGAGCCTCTACGAAAGGACTGAGTTGTTGAGTGTACGCAATCCTAAATGGGTCGGTGTAAAAGCAAATGGGGGTCCAGGCTAAGTGCCTGTCCTGTAGTCAGGACGGAGACTGTGTTCATTAAGGTATCAGATGAATCTCTGAATACAGGGCACTCGCGCTGGGCCAGCTCTCATGCGCAGTGAATCAGATTGTGATTCACCAACGTCTAACGACCCGAGCTTATCCGAAGCTTAGTCTCGTTCGCTGTTCTACGACAACGGCTTGGTCTCCCCGGAATCAATCTTGTAGTTATTAGGATGGGGGCTAGACTCAAAAACCCGGAGCTGCACTCCCGAATTGACAAATCTAATTG,1085,49.86,Arabidopsis thaliana
SEQ_988878,GTTCCAGGCGAACACATCGAGGGAACTTATGTTTCGGCGTCCGTGGGGGAATTATTGAAAAGCTTCGCACATCGCATACGTACATCAACGCGACAATCTTCGCTAACCGAATGCACTAGATATCTCTGATGGCAGTATATGCGATGGATGTAAGTGTTATGACATCTTGACTAAAGCCAACCCTGGGGGAGTCTTCTAATCATATAGGCACATAGCGTCTGCAGGCCAGAATCTTGAGCTTCTTTTTGATTTAACGAGAGCTCAGTAAACTTATGCGACGCGACGACGACCTGCCCCTATATCCCCTTGGATGTATAGGAACAAGAACACGTAGTCGTCACCCACGCCATAGCAGTGGCCATGTAGTGGATCCGTACTCAAGTAAATATCTTCCTCATGGGTTCCTCTACCACGCCTCGTACGAGCTGGGCCATCTGCTTGGTTGCATGACGACCGT,457,48.8,Arabidopsis thaliana
SEQ_292507,ACCGGTACTGGATGGGTCTACTCGTACGCAGTGGCCAGAGGAAATGGAGGATCTGGGACGTAAAGTCTTTAGTATTGGTGAATGCGTGCCTCTAGCCATTGGGGCATTGACCTTGATGCAAAATGCTCCTCTGATCGGCGTGAGAGCCGGATCCGCGTTCTCCGCTTATGAACGGCGTACAACATTGGATTCTGAGAACCACTAACGCCAAGCAGTATCGTAAAATATAACGGGGAATGGCATATGAGTATAGTGATCATCCCCTGGAACTCCACCGACCGGACCGAGCTTTGCAGGTGCAATTGAGGGCCTGCATCAACACGCCTGTCACCCCTGGCCTGTACAATGATACCCTTGACTAACTCCACTCCTGGTTATTAACTCGGTTATTAGCTTCTTTAGATCGCTTGGGCTAGTAGATCATTCAAGCTAGACGTCTTGTTGAACGCGGCGAAAGATGCCTTGGGAGTCCAGGTGTCTCCCGGAGATTAGGATTAGGTCTGTTGTGTCGGCTTGAACCAAGTCTGGAGGGCTTTATAATCGCAACTCCGTGATACGGAGTAAAAACGCGGGATTAGCACCCAGCACATATGGTACGGACGGGCAGCCGCAAGGTCGTTGTGTCTCTCTAACACTGGTGACGTACGGTAACGGCATAAGTCAAGGAACACTTACGTTGTCCAACACCTCACGACGTCTATCCGTGCCGTCGCGCCAGTCTGGCGTCCTTTGAAATCCAATTTGTCACGAGAGTACTGCAAGTAATCGCTGGCTACTAGTGTCAGAGGACCTTTAGCAAAGAGACGGGGGAGCATGTTTCCGAGTAGGTACGAACGGGATCCAGTTACCCGAACGAGCTTAGGTTCCCCTTGTCAAGGTTCCACTAATTGACCGCGCACACAGCCAAGTGGTCTGAATGGCCAGGCGAGTGGTAGTAACCCGTGCGATTACCGAGGGGTCCCGCCAATGAGATTGTCGGCGCAGATCTATACCTCTCCTGTGCTCGCAACTGGCATGACGCTAGCCATAGATCCGTTAGACTCGGCGCTTCGGTGTATCCGGAGCGGAATCGATGGCGCGCAAATCTTTAGTATCTCCCCAAAATACAAGACGGACTCACGACAATAGGATAACCATTCTGTACTAGATGTGCGGAACCCAGAACTAAGAGGATCCCTTCGGATAAGATAGGTCTGGTCTCCAGCACAAGCAATCCCTAAGCTTCTAGTCTGCGCAAGGTCCAGGGACAGCGCGTGGGCGTGGCCTCTTAATGCGTATTAACGAATACGGAGAGCAGTGGTACACTGGCCACCCAAGCGTAGCAGAGCACGCCGCCGAGTCGCCTCTAATGGACCGGGTCTCAAATACCGTTAGGGAACGAGACTTTTTCCTTAGTCGTCTATAGTATCCTACAAGGAAAGCCGACTAGTTTACTGGAACAGGGCCAAA,1449,51.97,Saccharomyces cerevisiae
SEQ_849784,CTAACATGGTCCTTGTTCCGTCGCAAGTGCGGAAATGCTCTCCGAAGGTACACAGCCATGTTAGGGTGCCGAGAGATATATCGGTTCAACGCCATATTCGTTCCCTCCCAGTGTGCCAGGTGTGCGGAGCGCTTACAAACCATATAATCTGTTAGCTGTAACCCTCGTTGGAAAGGAGGCTGTCGTTATAGTCACCGATGGACGACGGAAACGGATTTCATAGCAACGATAGACCTTGGGCTGTTCTCCCGGTGTTGTGGTGTCTCGAGTCCGCAAAGATTGACTCCCAGCTGGTATCCCCTTGTTGCTAGCCAATTCTTCGGCTACCAACACCGGCCGCGGTATGGTTCCGGAGTGTCAATACCATCATCTAAAATTCAGATGCCTGTTTAAACTGACGTCTGAGGCATTCATACCTACTCAACCGCTTTACGAGTCTGGGTAGCATCGTGTTTATCCGCGCCTTCCGACCCCCACATGACTGTTTTCGCATAACGTCCCAGCACCATACAGCATTTGGTTCCGATCCGACCATTCAGAGGTAAAGGGAAAGCAAACGGCTATAGCAAACGCAGCTATTTACTGTTAAGTCGGGCGACCGGGATTCGCCCCTGACATTCAGGCTTCACCTCTTCCGGTGAACAGAGCTTGTCTTCCATTGCTGCGACATGATTTGCAGTAGCTCCAGGTGCACATCGGTAGCAGGTACCGTGCACCTAGCATTTTTAAAAGAGGGACGTATGAGCCGTTGGTTGCAGATGAACCCAATGGCGAACGCAAACCTCGCTCAGCCGCGAGAGTCCACCTTGCCAAGGCTGTTAGCCTGTCGTTCAGTAAAGCTCAGCCAGTTATATCCCCCAAAGCAAGCCGTGGTCTGATTCCCGCCAACTCTTTACCCGTATCCCCGTCTCTAGCGACTCGTTTACTCATATTTTCACTTGCCGAGGAAATGACTCAACCCGCACCCTTGGGATAGGCAGGTGTATGACAGAATGACATGTTTGGAAGGCATTGAGTGATATAAAACTTCCGCCTACGCGCACTCACTTGGCGTTCGCGCAGCTCTTTCCGATCTTAATAGGAGCTTGCATCGGCGCGAATGGCATTGGGCCGAATAAGAGAGATCTACTGCATGCAAAAGGTCTACTAGTCACGAGTCTCAATGACTTGGCGTTGGGGCTACAGGATTGATACTTCCTCCCGACCACATAAGGCAAAT,1219,51.11,Escherichia coli
SEQ_979835,TTCGGCCTGCTTTGGCGTCTTCGCTTTAAGAGCGCCGGCAATGTGATAGCACCCATCGTGATTATAGTCTATGACGATCTCTCATGTTACCTTAAGCTTTTGTCAACCTACGAGAGGCGGCGGCTTACCAAGTGCCGACGAGCAACCAGTCAACGCGTCAGGGTAAACAATCTATTTAGGTGACCATTTGAGCCGATTACGTAGCACCTGCTACTTCAAAGGCTGTCTTACGTCTTTGTTTCCAGTGCCGACCGCCGAGAACACTGAAGGAGCGAGGCCTCACTTGGATCAGACATACGATGCCGTCCAGCAGTTAAGATTGTACGAGCTGATTTGTGGGTATAGCAATGTCGTTCTGTTAGCTTTCAAGATTTCTATACTACATCCTCTTTTGGCTGCTGAAAAAGAGAACAAGTTGGGCTACGTTCCCATGGCTCGGCGCTCAATGCGCCCGTTCAAACCCTACAGTGGAGACACGGGTTCGTTATGGATTAGGAGTAGCCGTTAGGGGAATTACTACAAGGCACTACGCGCCACAGTTATAATCAGTACGTGAAATATGGGTCAACACTATTCCGAGAGACGCAAAACTAGTGAAGTATGAGCTCCCGGTCGGTAATGTTCGGTGCACAGATATTAGTATACCGTTGCGACGTGTCCCCCGTGCTATACGAATTGACCTCCGCACGTGCCTGATCACGCTCATGCTAGAGGCATTTCAGGTCCGAGCGTCAACGTTTTCCATCAAATTCGACGCTCAATTCAGGCCCGTATCTAATCTGTGCGTTAGCACCTCTTGCCAGGAGAACACGACGTTATAATTGTTTACAATCAGACCCACCAG,844,49.05,Drosophila melanogaster
SEQ_929706,AGAGCCTGACGAGTTCATGGCTTGCTACGGCAGACTCAGGCCACCGAAACAAAGCAGGTCGTGAGTAGGGATCAACCTGGGCCTCCTGACCTCACAACCCTGCCGGACTCTGTCAGTATTCGTGAGAGCGACCAACTATACAGCTTCAAGACGGGAAACCTTAACCCCGACTAGGAACATGGCCTCTGATACGCAAACTTGCGCTCTCCAGAGCCTAAATAGACCAAACCGGCACCTGTCTAAGCTTAGAAGGTACGCGTACCGTTTTGAGGATTATTCATATTGCTACGCGACTTCGGAAGGAGTTCTACGGCCGAGGAGAAGGGTATGAAGATAAACGGTGCCTTACTGCACACTCCAATCAACTTTTTGAGATCGAGTTACTGATGTATGGGTTGTTTAAAACGCCACTAATGGACCCGGACAGACTTTAGTCAAGAACCTTCGCGCAGCACATCTCCTGCCAAATAGTGCTCTAGAAACGGCGCCTTTCGTCATTGCTTCGAGGACCCTATTGGCCACAACATAGCGCGATATTCACTGGCACCCCCCAGACATACTATCGCTTACATCCTCCTCATCTGTTAAAGTTGGGGTAGCCAGGTTTCAATACTGACCTTGATCAGGCACCCCAACCAGCGGTTTATTCAGAAAAAATTCGGGCCACTGCTTTCGCGTAATGGTCAGGGTCAAATTGTATCCGGACACGGCACGACGGCCCGTTCAACTGGTAGTTATAAACTGGCTTTAGTGGTAACGAACCAGGCGATCGGGATGAGGGATGTGTATAGTTTAACCTCCGTGTGATTACCCAGGAAATCTGTCTTATAATATTGGTACTGTCCGGTCAGCCGGGGCAAATCCCCTTCATTGGAGGGGACCAAGTTCAGTAGGCCCTCCCTA,903,50.28,Arabidopsis thaliana
SEQ_557122,GGCATACCGTCGGCTGAGTCCTGATGTATTGAGGGTGGGTTGATTGACCTAGTACCAGACAGCATTTGTTTCCACATCCCGAA,83,50.6,Homo sapiens
SEQ_754019,GCATTAGCTCGTTTGTTACGTCCAACTGGATGGCATGCTTGACCCGGTTTGCGACGCGCCCTGCGACAATTATTGACGAGAGGTGTTACAATCTTGGCCCAGTGAGTCTCCAGCGTCGTGCAGCACGGCGGCGACGTGCTACGATAAAATCTACAGAAGTACTCTAAAGGTAGGAACCATGTAACTACTTCACCTTCAGTGGCGTTTTAGGGGTGGAACAGAACCGTTATTGGTTAGGACCCTCTTAGGCAGAGATTGATATGAGTGAATGGGGAGCGTTCAGATCTCGTTGAACTACGCTCGCGACGTTGGCTTTATCTAACGTTGAATACGAGGGCGCCTTGACGTTCCATTTGGAGAAGACTGATTGCAAAGAGGCGTAATTTAGATCTCGCGCTGCCCATTCAGAGGGAAATTCTTAAGGCCGTAATATCTTAGCGAACTTTGTACCTGTACAATGCAAGACTACCAGCTAGGGAACATAGAGCAATGTCCACTCCGCAGCCCAATTGATTGTCTTTAGCGCGACGGCCCCTGCCGGGCGGCACTAGTTGGAGTCATGCCAGTAAGTATTACACGAGCGGGCTATATCATCCAACAAGTCGAGCCCATCTCTTCCTTGTCCAGGGCTTGAGTCATAATATGTCGGGGGAGAAAATCAAATACCAGCGAGCCAATGTGAGTAAGTTACTGCCATCGTTATGGCCCATGGGACGAAATGTTGCATTCCCATTTGACTGAAAGTTAGAAGCAGAACGTACGGAATCAGTATCCGTTCCGGATTCTCAGGACGTGCCGTGTCGTACAAGCAGCTGACCAGACTCAACAACGATTCACCAGGTTGGTCTCCCAATTCCGTCGTATTCTTACGAACTCTATTTAATCCACTACGTGAGGTCAAGTTGCCGTTGTAAAGTCGGAGTCCTTGTCATTTTTACGAGATAAAGTCTAGATTGCACCGTTTTTGCAACACGGTCTCGTGCCGCCACCGGCCCCGTGTTCCTCATACCTGGGGCTAAGGACCGTCCATCCAAAATTATCTAAAATATTGGTTGCCAGCTATCTTCGTCGACTTTCCACGACAAATATTGGTCAGAGATTTTGTCTCACATCATCGCCACCCTCTCGTCAAACAACGGGTGTCTGCACGGGCCCGCCAGTTCTTGACAATCTGCCTCAGTCAGGTAAGGCATGTTGGTTACGTAGAAGCTCAACCACGCGATCTTCGTCGGTCTCCGCGCCCGCCGCGCAGCACCAGTATATCACGACGTCAACTTTGGGTTGGCCAAGACGCACCATGTACCACTGAACGGCATTCATGATCTTCCTGGATTGAACAGAGCCGAAGTTTACAGTGGGAATAGCATGGCCACAGCGTGGGTACGAGCGATATAGAACATAGCTATTCAGTGACAGTGCGGGGATCGATGTCGCGCCAACCGCCAGCAGTGCTATGTCGATGGGATCTAAGTCGTTAATGATGATACAATAAACCCCGTTGAGCGCGTCGATGAGGAGACTTCCCGTGTGACTTCGACCCCGTTCTGCATTCTTTTCGTTCCTGTGGCCAGCTAACCCGTGAACTTCGAAAAAGAAATCAGAAGGCACGTGGAAGGTTTCCTGCCAATCACGGTGCTATCAGGTTCGCTGCGTGGAATCGGCTTTCGGCCTTGTGTGCAACCTGCAATTAAATCTGATATCAGGCTTAACGGTTGGTTTGCCGAATTCACAGATGAGCGGTAGGTACAACACTTACGTTTTATAGCTAGACTATAAGGACTATACACAAACGAATCAAGGTTCATACCTGGGCGCGGGTTGGTTCCGACTATACTCGGATGTGGCTGCGCGTGACATTACGATCCCTAAGTGACTCGCCATGTGTTCTGGCAGAAATCAAATAAGGCAAAAATAAAAGTCCCTGACCGCCCGGCCAGATTTAGGTCGATCTCCCCCGTGTGACTACCCAGTCCATAGATCCCTACAGTCTCGCTAGCAA,1999,49.87,Mus musculus
SEQ_796655,ACGGAGCCAAGACCAGGCTTTACTCGTTACTTATAAACTTCGAACATGTGCGATGTATCCGCTAGGAGTGGCACAATGCAGGAGCACGAGTCCTCAACAAGTCGGTCGCACGGTTGGGTCACAGTAGACGAGATAGCCGTCTCCAAAGAATACATTGGTCCGTAATCTTTGAGAGCCCCTCTTTCGTCTATCTATTCTTCAGGATGTTGTCATACTGAACGGCGTTTTACAATGAATAGCATGAGCGTTCGATTGACGGGCTAACGACTAAGGGGGTGTTGTTCATAGGTCGTAAAACGCACCGTGATCGTTTACCCGGCACCTCGCAGTATTCTTTAATGGTCTCAACGCCAACTGTGTACAAGATTAAGCACATTAGTTCCCATCCGAAGCATGTTTCTACTCAGTTGCCTATGCTGGGTGGATTCATTGGCGCCCAAAGTCAATTGGCTTATAGGGGGCCTCATAAATAGCTACAAGGGCCCAAATGGATGTAGATACTGCGCCGATAAGACCGAATCACAGCTTCAGGTCCGCCGATATAATGGGGTTGGTAGTCTGTTAAGAGCTCACGCTCCGAATATACGTATGTTGAGCGTTGGATGATCGTAGGCTTACTAAGGGCGGATTGCAGGACCAAGAGTCAACCTGAATGTAAGCTTGTCTATCCGAGTGGGGCTGCAACACCAACTTCCTACGGCAAACCTCCAACAGGGCGTAATCAGTAATTGTTCAACCAACTAGCCAGTCCGGTCCAGTCGGCCTATTTCGAGCCCGTATATCCCGTTGTCCTTTTCATGTTTAGCAATAGAGTTTAAGAGACGCGTCCCGTGCCTTGCCTATGATTGCTACTGCCAGAACCCATAGCGTCAGTCCTATCGGCGTAATGGGTGACTTTAACTGGCCCCTTTCATCGTACGCGAGAGGAACACGAAGGACTCGTGTCGCTTGCAGGGGGCGCCATGAGGATGGAGACCAAAGACCCCATACGTAACAAGAAGGATTCCAGCCCAGATGATCACGTCTCGAAAAATAAACGAGACGGGTTCATTTAGCTTATGCGTCCGATACAGAGTATTTAACTCCCATGTGAGCTGCAGGATGCGAAGGTGTTGCCAGGGCTGTCCCCGAGCCTAGCTCAGGACGGCGAGGGATGCAAATCCGATACGCGTATCGTGCCGGATAAGCGTAAGCTAGAAGGCCAACACTCGTCGGACATATGGTAGTCTCTGTCACATGTAATAGTGGGACCAGAGACCTTTACGGCTAACATCCCACCTCTATTCGACACATTTGTGATGGCCCTGAGACTTTCTCGCGTGCCCTCTTGGTGTGTTGCGAAA,1343,49.96,Saccharomyces cerevisiae
SEQ_971535,TGCGTCGACCGCATCTAAAACGCGTGCGCTTCGCCGACTCGCCCGAGTGCAAGCGTCGGCACCTGACCCTTTTAAACTAGGCAGAGATCAGGGAGCCTTGTTTCGGTAACTTTGGTAAGCTTAGAATCCCAGGAGCGACGACCCCGATAGCCGTGTGCCCTTCACGAGCATGGATCATGCTAACCTGGATCACAGAATTACCAGAAAGATGATAATGAAAAGGAGCAACACCATCGTCAGTGAGAGTAACTGTCAATACTT,261,51.34,Caenorhabditis elegans
SEQ_226292,AAAGATCTAGGACCCCCGTAACGAGTGCGGAGAAACTTGTGCTATCGATGATGGCCCATATGAATAGGGGATGCTACTTTCGCGGCAAGCGAGCAGCCACGAACTATTGCGTACTTGACTGGTAACTCTCTGTACTGTAGGCGGCGTAGGAGCTGAAGCAGAGGTGCTCCTCACATTCGAATGTGGGGCAGAGTCGTCATTCGCTAGGGATCAGCGACTTCGTCATATGGGCTTCCACAGCATTTAATGTCGCTTCTGGCATTCGAGGCCCCGAATTCCATTAAAACTGAAGCAACCGCCCCATAAGATCTTGTTAGCCCACTTCTGGAGCTTCTAAACCCGGAGGGCGCCCGGCCGCACCATAGTCGTCATATCTACGCCGGGGCGTTAAGAGGGACCACGGTCCGCTATCTAGGCGTCAGGCATTTATGCTTTCCCTTATCTAATTCCGTGAGCTTTGAGATGACGTTGGGTCGCGATGCTAAACAGGATATAGTTGTAGTCCATTGTCAAGAACCGTGAGGCGCCGCGAATGTAAGCTGGTGCCTCAGACCCGGGATCCAGCATGGAGGTTGTCGATTAATATCCGTCCTGATGGACGCGCTCCTGTCACAAAGAAGGGCTCGCTTGGCTAATGCACGATGGGAGTACCGCAGATTGAGGTTCTTGTCGTCGCCAATACATCAGCTCGAGTGACTCAAGCTGCCTAGTTAGGCCCGCAATGCCTATAATTATGGCACAAGTCCAACATGGCCTTTAATCACACCAAGCTCGGGCTTATTTACCCGGCACGGGTTGACTGTTCCGATGTGTCAAGCCATCAGAAATTTCTGTCCCAGGGCAGATGATGGTGTAAGAGAACAAGTACAAGTGGCAACACAACAGCTCAGAAGCCTGCCTCAGGTC,906,52.21,Drosophila melanogaster
SEQ_847483,TCGCACATGACACCGAGGGCTCAGGCTAGATTGACCTACGCGTCTTGTCTAGCATATTTTGTCCGAGTGCCCTGAAGTACTGTTTAAGCTATCATAACATCTAGAGGACCAGAAGGTGGGTTCCTGGTCTACGTTTGACCGGTACTCTCTAAAGGCAAACGGTGATAACATGGGCTCGGGTGCATCAAACCTTATGTTGGTCTGCGTGCTTCTAGCGCTCATGCCATTGTCACAAATAACCACAGCCGTATTATCTCCCAGAACATTCAAATTGACTTGGGGATACGCGAAAGATCAGCTGCACAGTGTGACGCGGGTTACCTCACCAATCGCACGCACAGGTAAAAATTAAGAAGCAACGCAGGCGTTAAACCGGTGACTGTCTTAACACGCGCGGCGTAACCCCTTTATTAATTCCCATTGGCAAAAGGTAAAAGTAGGGACCGACCCATCGATCTTGCCCTATCAGTGCCAGAGCAAGGCGACCGTGTTCTCGCGGCCCTTGATATCGAGTAAGGTTCAGTTGAGGCAGGTCCGTGTCCCTGTATTACACGTGAGAGCCCAATACGTCCACGTTCACGTAAGTTGCTTGGGACACGCTGCTCGGCTAGTGCAGACGACAGATTGGAAGCGATCAGGTGGTTCAATTACATGGAGGAGCTACTTGAGGATCTGACTACTCGGGTTACCTGCAACGCAGCCAGCAGCCTAACAGACTGTCTGATCAGAAATTCGAGCGTCCACCCATGGCTAGGAAGATCATATTGATTATGTGGTCTCGGCCGTGCCAGCGCTCTCGTTGTGTTTCCAGACCTGCTTCTCCTGGCCAAAAGGGCTTCTTATTAGGGTGAGGGTAGTTGGCTGCTCTGGTCGTGTCGGTCCGTTATTGAATGAACTTACGAACTTGGTAGTCGATGGCGAGGACAAATAATCGATTGATCGATTGCACGGGTGTTCCTCCCTCCTTTATCGGGCTGGATACAAGCAGCAAGACGGTATAAGCAGCTCAAGTTACTTCGTGAAAGGAGTCGAGAGCACGCCGGATTATGGCGCCCGAAAGGAATCATTATGGTGCTACCCAGGCACCGAAAATACAAAAGAGACTCCTCACTAACCGCTAATGAGGTCCGGCACAATCTCAACGCTTTATTACCAGTTAGTACCCAATTGCATCCTTATGCCAACCGCACTACGGTGCTGCCTCAAACAATGGTCGGAGGGTCAAACAAATGCGCTTACTCTTGCGATCCACGCGACCAAAATCCAGCGGCCCCGGGGGTAGTCTGGAAAAATACGATATCGTTCAAAGAGAGCCCCATTTTCCGTTTGTAATTGACCTTCCAAGGCGGAAATCTAGTACCTAGGGGATACGGTGGCGAGCACTAATCGAAGAGATCTCTTCAGGTATCCCATACGGATGCTAGTGTGGCACGGGAAGTTACCTGCAAAATTCGATGAGCGCTTATACGAGTCTTAATTTTCCAGTACACAGCCGATAGGGATTATTTCAATAAGTCGGCCGATAACTAAATACGGCCGGGGTATCCGAAAGGCCTCCCTTAGGCCTGATGAGGTACATGCATCCCTTAAAAAGGTATTTCTCGTGTTTCTCGCTTGGAAGCAAACGTATCGGGGTAGTTATGCGACGCTGATTGTTACCGCTAGGTGCTGGCGTCTGGTACAGTTAGCTGACGTAAACAGGAGCCCTAGGTATTGAGTATATTATCGGGCCCTCAA,1737,49.86,Homo sapiens
SEQ_592788,CCGAATCCAAGCCGCAAGGGGTATGTTAGAATTACCAGGCCCTGCTCACTGGAAGGGCATATCAGTG,67,53.73,Arabidopsis thaliana
SEQ_162067,CGCTACTTACGTCACGACCCAGTCTGAAGTCTATTGTAACTCGAACAACAGATCCCTTGTTTGTGCCGTGTCGGAATGGTGTCAGATTCCCGGTCATGATAATAGAGCAATGTATTAACACAGACCCAAATTCCATTTCTCTGGGTGCACGACTACACCTGCCTTTATTTGGGTGAACGCCTCAAATTTCGTCAGGCCCTCTCGCAGGACAAATCGCATATCCTGCTCAAGAATAGAAGATCTGAGGATCTACGTCTCTATGAGCCGAAGGTGCGCCTGTCAGCAAACTACTATGTTATCTGCTGGACTACGCGTTCAATACCATCTTTTACCAAGATCGCACCGCGGCGTGGCGAGGACCTCGCTTGTACGAACAACCTGCCTTAGCGATCGACGTTTAGAACAGAGTTCCCCGGGAATCGAATAGCCGATTTTCCTCTGTAACCATGCCCGATTCTTATCCGTTTATGCCCGTGGGAAGAAAAAGATCCGGGTTGGAAACGACATGATCTTGCGCGCTCCGTGCACCCAAACACCCCATGAATTCTCACAAATACTTTCTGATATTGGTTTAAGAGATGGTCTACAGGTGGCGCTGCCATGGTGTCCGGGGCGCACTACCAGCCAAAGTACATGCTGTCGCCACGTTATCGGCCCATAGAAGTATGCAGTGAATTTTGTTGCCGACTGCATTTACGTTCTGCCTAGTATCCCTTAGATTATTGAGATCATTCTATATATGATACCGACACGGCCTTACGGCGACAGCCTAAGCAAGTCTCGGGAGCTACGACTCTACCTGTCTTCCTATGTATGAGTCCAACTGAAAATGTACTAGAGGAGCAGCGGGCAACATTGGCATCAATAACCTTGG,874,48.63,Saccharomyces cerevisiae
SEQ_136551,GAGCTGTACGGAGTTCGGCTCGCCACGAATTTGAAGAAGCCCCGCTAGAAGGCAGGCGCACAAATGGAGCATAAAGACGACGTTACTTTATTCCGGTGCCAAGGGAAGCAACTCGATCGCCCGAGCCTATATCGGCGGGATGAACCGAACGCTATGACGACTAGTCTTGCCGGGGGACCCCCATTCCTTTAGTATATCTACGTGGCTTTTTTGACGCTTGAGCGGGTCCGAGCTTCCCATCTTCGTTGGTAGAGAATTTGGGAGCCTATTACTTTTGGAAAAACGGTAGGTTGCATACCAGTGGCCTATTTAACTGATGTAAAAAGTATTTAAACCTCATGTTAACATATGGGACAGTTGAAACGGGCAGGGGCGGTGCTTAAAGCAACGACGCTGCGTATGATTAGCCCCGATCTGCGCTGCGTAATAATACTCCTAGTCTTCGACTATGATAGCGCGGTCTGTAATATACACTTGGCGGTAACTACCCCCAATAGTTCGGTTTCAACATCATATACGAGTAAAGATGATATTCCGGTAAAGGAAGGGACGCCCGTACGAGGGAGAAGGCAACCTTAAGATCCGAAGGAATAATGCGATGTGGGAAGGATGGTATCCGTCATGCGAGTTCTGCTTGGAAATTCAGCCCCGCCTGGCCGTGCACGGGTTCCACAAGTTACCGGCAATATAGAAAACATTTTTCATTCCTGCCGAGGGTAAGTCTCGTAATCGTCCTGTGGACGAGTTCTGGTGAGTGTCATAAACGTGGCTCAGTGCCTTTTGGTGGCTAACGGAGGTAAAGCGCTGTCTAAAAGTCGTAGCGAAGATCAGTGCGCGCATTGAAAGGAGCCAGTAACCTCGGTGCCATAGATGTATTGGCCATACATATAAGTACCCGTGCAAGCACGTGAGCTTGAACTGATATAACCGTGTCGGGCTCGGGGAACGCTCCATCTCAATTGCTTCAAAATACGGCTATGGGTTGGGAGACTCCCCTCAAGCATGTAGCTTAGTACCGCAAACAGGGACAGTTTAAAAGAAAAGTGGGGCAAAAACAAAGAGGTTATGATGTTTCACTGTTGTCAATTTCAAGTCATGCGGACGCAATGAGCGAGCTGGAGATTATTTCAGATCAGCAAAAAGGTGATCTAACGACTTAATAGGACGCTTTAAGACTGAAGCATGATGAGTATACACATGCTATGAACGATCGGGTCCTACCGCGGAATGTAGTAGTATGCTACAGCATAAGTGAGCCGGACGTCCGCACGGTTCCGGAGCATATTCTTATTGTTCTATTAGGGGGTTCATTGTAAAAGCGGGACGTCAGTGTTTCATGGCCATGGGCTAAGTCGTACGTCGTGTCACGATAAGGCGAGTCCACCCTAACATCGAGCGGTAGGATGGTCGTCTAAAGGCCGAATCGTGCACGAAGATCGCCACCGTTACTTTGACTAAGTTGAAATATCCTACTGACCCTAATC,1484,48.45,Escherichia coli
SEQ_396660,TGCCAATTAATCTAGTCATATGGAGATTGGCTCCGCTTGCCTAACACTGGGGCCTTGTCATTGTATCGAGACCTTCAGGGACCGTTTTTGCGGTGATTCGCCGGACCCGCAGCAACTCACAACGCTCGCGAGCACTTCAAGTCGTGTCCAAGGGTGTGTATTGCAGCAGATAGCTCTTTGCATCAGGTTATTATGCCTCCGATCAGTGCCGGGTTGGTGGTTGCGTTACCGTTGGTGAACTGCCTAGCACCCTTGAAAATACTTCTCTGAGTTCTGAACCAACCATAAAGCTCACTCGAAAGACCAGTACATAGGTCGACTCGTTATAATCTATAAGCGACTGCAACTGTAAGCCATCGATGTAACTTGCAATGTCTTTACAGTTTGCATCGACAAAAAGCTGCTGAATGGATTTTCTGGCGAAGATCCAACCTAGCCGCGACCGGTCAAGCCGCTTTCGTGTAGACCTCTGGTAAGGGGTCAAAGAAGGCTCCTGCAGGTGTTTGGTGCTCTTCACCTTTACTACAACTGCACGTTACCTATTTCAACCGGTGCATCGGGCAAGTAAGGTCGTTTCTTGTCCTTCGGGTATGTATGAAGGACATTCCACTACTCTGCTTCCACGCACAAAGGTTAATGTAATCGGATTAGGGCCTGGGTCGGTGTGTACGTTCACAGCGTTATCTCCGGGAACTAATTTGGGTGCAAAACTGATCATTTGACTTATTTTAGTGACCAAGTGCGCCTGTTGAAAAATTAAGCGCAATTGTTGAGTGGGTAGTCTTACCGAAGAAATAGAACCAGCCAGCTACCGCCCAACAGACGACTGCGTATGTCATTGTAATGGCCAGTACGTCTCGATCTTAGCATCCCTTTTCGTCGATAATGCGCCTACGCTCAGGTAGGGGTTACGCTCGGAGGCTGTATGGTGTGCTCCGCCCTAGTCATACGTGCGATGTGTCTATAGTGGACACGTCGTTTTCACGTGCTTCTGACAAGTTTTTCCATTCAGCTTAGTGCGAGTACCCTGCATGGAAATTCACAATCCTATCAGTACTCCGACGACTCAACTTCAGAGGCTCCGAGCTTATTACCACCCGCTAATTCTGCACCCATGGAGATCCTAGAAGCGTTGTCAATAGACAAACGGGTGTTAGTTTTTGAAAGGAGCACCGCTATCCCGGTCCGGATTCTCCTAACGAGGCACTTAGGTGAACCGCGTAGAACCTCGAGTTCAAAGCACTTTAGGCTATAGAACCTAATGATCGCTGGATCGGGGTTTTGAAGGACGGAGTGGGATCAAGACATAGTCCCTCTAACATGGGATATGAAGCATCTGATGCACTTTACGATCGCGGAGAAGCCTTCTCCGAACGCTAGAGCATAACCCTATCGCGGGGTAACGAACTGTTAACCAGTCCTTCGGCTGGGCCACTCGACGGAATTCTGCTCTTGCAGGACGGCACTGATCATACATCCGTTGATAGCACGACGGTCTCAGGGTCAGAGTGGGGCACCCGTACCGTTGCTATCCTAATTTTTCAAGTTTGAGGTGTGTTGCGAAGCTCCCGGTATCCCTCTCTCGTCGGGTCTATATGCTAGTCCCGTTTCGCACGCTACTCTATCCCTTAACCGGGACACATTCGCCTTAGCGAATGAATTCCAGGCCCCGCTAATGTCTTTGTAGGTCAGGCTACCAGTCCAGTCTTGATGTTACCATCTATCACAGGTGGCCGCTCGAGGATCGTGCTGTCTCGCTGTGAGTGATAGTGAGAGTGTGGTTCATTAATGTGCGAGATGATTAACGTCTCAGTCTGCTCGGGGAGTCCTCGAAAGATAAAGGAGTGTATATCAAGTGATCGAC,1864,49.52,Escherichia coli
SEQ_255434,CTGCCGGACCGTCGTTTACCTTGTGGTAGGTTTTATCGGAACCGAAGGGATCTGCGCCGGAAAAGATCGCGGCTTAAGAGATGGCGAGCATATCTAGTATTCGGATCTTATCACGAAGGAGACTGGGCGCCAGGTACCCAGAAAATGCAGTTGGTAATGTTTTAGTAGGAAATAGGGGCACTGCATTGTTAATTTCGACGGAAGAGCCGCATGTGCGCTTTAACAGTACGCCGGAAGAAATGACTTGGGATTTTGAACCTCTGCTTTAATGCTTTACCCAATGCTTTTTACAAATGACTCTTGTCGAGTCCAATCGGTAATCTAATGTGTACGCTCTACGCGTCACTTCCCTGCTCATGTTAAACCTCTCGCCCTTAGGTTACGCAAACTTCTCAAATGGGGGCGCATTGTCTCCCTTGTCTCGATCTACTCACTGGTAAATAGAAAGTAACTGTTCGCAGCACCTTATTGGCTACTCTCAAACAGTATAATTGCTGCCCTCCCACCGTCTTCACATTTATAGTACGAACCTCAGCTTCATGATTTTCGCTATTTCACCGACACCAATATAGCAATAACGCATGCATGGGTCCCATTCATCACTGTAAGGGCCATCTATATCATACTCATACGTCTAATGAGATTGGTAGCGATCGGTTATATGCAGATGGCCCCTTCAATGAAGATGTGTACACGATTGCACATCACGTTTATGTCGAGGGGCGGCGGCCGAACGGTCCGCCCCTCTTGGCCAAGTTGGATGAGACCTTCCAGCGATGCAGTGAACACGCTATGAAATAAAAGATACCGTTTCCGAGTTACCGTATAGCGGACTCTTACCTCATTCTTTATTTCGACTGTGGATGATACTCGAATGAGGCTATACGCTTCGAGGTCCGATGATGAAGTACGATTAGACACACGCAGTATTAACTTGCCCGTATACACACCGCGGCACCTGCCACGCTGAATGGAAAACGTAATCCTAACGTTCAAATTTAGTCCGAACCGCGAACCCAGACGAGAAAACTCATTATGGACTGCAAGACATGATACTCCGGGAATTCTACTCTTGAAGA,1079,46.71,Mus musculus
SEQ_372703,CCTATTCCGCATTAACCGACACATCAATCCACAGTTCCTTCCCTACGCCTACGTCGTAGTATATTGTTCATCGTGTAGCTTGAACTGGCCCTGTTCCCGGGAGGGTGTGAACATCACTGGTGGACCTCGCCGAGGCTCTACCCGAGTGAGACCACATACCAAATAATGGCCAAATGGCTTAAGCAATACAGAAACGCTGCCGTCGTTATTTTCAGTGACGATGGAATCGCGCGTGAACCGCGTTGGCATCAAGTAGACGCGTCGTATCCCAGTACACTCGACATGCGTCAAGCAACCCCAAGTGATGCACAGAGG,315,52.06,Escherichia coli
SEQ_658752,AAATGTGGCGTCCTTCGGTAAGCGATTACGCGGACAACTGCCGGCGACTTCTTCCACCATGGCGTATGCAGTAAGGACACCGGTAGAGGAGTTCTGGTAAGGCATGGCGCGCGGCATGTGTTCTCTAAGTTGTAACCTGGATTTGCGATATTACAGTTCTCTCGGTGAGGGACCGGCACAGTCTCTCTACGGATCGAAGTGTCCCAAGAACACACCATACTGATTACTGAGGCGTTCATCGGGGATCCCACTCCCAGCTCTCTTGGATTTGGTGGCGCGCGTTCGGGACTTAAACGCTGACTCCGTATTTTATCGTCCGCCCGATCGCATAGGTAAGGACACTATTAAGCATATATTATATAGTGGCGTAAGATCCCGTACGCATGATCGGGGTTACAGCTCTTCCAGGTGGAAAGCACCGCCGAATTTGTCCTGATTGGGTTGGCTACAAGAGTATGGCATGGCTCGAAATAGAACCGGCCTTACGGTCGGATATCGCATTTTTTCTTCACTTCATATTTGGCGGGATGAATCTTGAACGTGTGAGGTGGTTTCATACCCGGGAGTTTCGTTCTAGAACGTTACGTACCGAAATGAACCATGAAGCAGCCTCAGGGCGCAACGCCTGATGCAGTGACACAGTCTGTTAAAAGCATATCTAGTGTTGCTATCGGATCGGTATAGTTTTAGAAGGGACCATTCGGGCATTGAGCGTTACTTACCATGGGAAGTAGGACCAACTGGGTATTAATATGGGCCTCTATAAGTCTCCGACAATACTTTATTTTACGCAGCAGTCCATGATGCCCCACATCCCCTCAACCCTGTCGGGATCCCTTAACGTGGTATGTTACATAAGGGGAGAGCTCATACGCGGACGCTAGGCTAAGCCTCCGTCGATGCTGGTGATAACCTCTGGATGAATATTTCGCCTTGATGTATATACCCCCGCGTCGGATAGCGCGACGTCCGCCATTCATGGTCCAAGGATGAAAGCCAATAGGATATAATGCAACCGTCCCTTCAGAGCATTATATGGGTGCCAGCAGATGCCACCACTGGGCGATTGACCAGTTCATTTTGTTAGGTTTAGCGGATGACAGTCATGTCTTACGTGCCGCGCTGTTTGGGGATGATGTCAAAAGAGAAGAGATTAGCCCCTATAGGTGGGACTCAATTTGTGACAAACTTTGTGATGATCAGTACCAAGGAACTTAGTCTTCCGAACGCGCCTACGCGAAAGCGCGTCGCATTTCCTAGGTCTCCGGGTTCTTTCACCTATGAGTGGCGGTTGGTCTCTGGAGCTCAGTTCAGTGAAAAAAGTATGGCCAAACTGAGCCTCGCCTCTGGAGAACACGCGGTTCTTGGCGTTACGTGCGAACACACTTCACCTTCTTATGCACCCTGTACTCGACACTTTCCCAGTAAAAAATCAATTTACTCTAGTTAGTTAACCACCCTAAATCGTACGGGCGGGCGTGATGCGTTATTGACGGTCTAGGAGGCCTGATCTTCCAAGAAAGCTACCACGAGAGTCGATGAGCCATACACTGCTGTAAGTTTCCGTTGTGCAGAGAATAGCGCAATGCTTTAAAAACGAATTCTGCCGGGCCATATCCACTGCAGTATGGGCAGGCGACTAGTTGGTGTAAGGCGGTAAGAAATGTGCCAAGAGTGAATTGTCCTAGTGGCTCATCACTTCCCTGAGCAACTTGAAAAAAGGCGCTTTCGTCTTTTTATGTGGGGATGTGGCGGAGTGACTCTCACTATGGACGCCTCATTAATAAGTACTAGAAAAGGGAGAAGACATCCTACGATCGGGCACATGAAGATGCTATTGGCGCTGCCGCTCTAAGACAAGC,1862,49.46,Escherichia coli
SEQ_442435,CACTGGTGGAGCGTCTCTTCCACAGGCGGGCCACGTCCCTTCCCAACTCCTACGGAACGAACGACGAGATGGTGAACGCTCAATTTAGATTACTGGTTACCTGCCGCAATTTAGGCCCGATCCTGCCAGGTCCGAGGGGTGAGCCCGACTATTAAATGTACGCGACAGAGGAAACGATTGTGCCTTGTAGTATACTAAGGGAAACGAAAGCAAAGGGTAACCGTTACATCTCTCCCGCCTCAAAGGATCGCAATGGGCATAGGCCATATCAAGGTATGACCCAGAGCCGGTAGACTCAACATATTATTGGCCACGGTAGACGACAACAACCGGCCTGGTATTCCCGATCCCTTAATTTTGATAAGGAGCGGCTCAACTTATACTCTGTTAAAAGGAGCAAGCCATAAGGCGTGTTTTGACGCTACCTGATCCGATATGCGCTATAATCGTAGGTGCTCGTTTAATAACTAGTAGCCTCCATGCGGTCATGATCTGTAGCTATTTCTATCTGCCACGCCGTCACCGCTCTATTTATCGCTGACACGTACCACATAAGACTTTCGAATAGTCCGTCAGTGCGTTCGTATTCGCCACGCCTTCCACCGCCTGGGAACACGAGTTAACGGGTGTTATGAATCTGCATAGCTGTTTCGCTCGGGTTAAAGTCTCTAGCGCGTGGATTACACTTTCCAAGTCTTCGAGCTTCATTACATCGGTCGAGTTCCTGATAGGTTACGGCAAGGTTACCATCAATTACCGATTGCAAGTTACAAGTTAACATCTTAGTAATCTGAATTATGAATTATCGCTCAACCCAACATCTATCTGTTTAAGTTCGTAATCCTCTTCAGCCCGGTACTCGCGTGAGCTATCTGCGGCGTCCCATTCTCCCAGGTAGTTCA,902,48.56,Drosophila melanogaster
SEQ_290204,AATGTAGCCCTCGATTGAGATGTCAAGCACCTATTTAACGTCTGGCATTAAAGAGTGAGGAGTGCGAGCTCCTGTCCGTATCTTGGAGCCCAATAAATATTCACTGCTACGACACCAACCTATGTGCTCGCAGTTGAATCTATGGGCTTTTATAGGATCAGTAGGACCTCCGCGACCTACAACGTAACCTTGTAAAAAATATCCAAAGGCGTCATAATGCTCACCTTGAGCGTGGGATGGTGATCTCAGCGCCCGATCGTTATGCTACGATAGTTCACCACAATGCGTCATTACCACAACCTTCTATGTGAGATTGCTGCGGAATGTGACGAGGAGTGCCGAAGCGCGCAATCAATAGCCCACCGTGGTCAGCCTAACATTCGTTGTCGCTGACAAGCCTGTCAACTGGACATAACTGCCCCAGGGGGGTTTGTCTCTCAAGGGCAACACGTGGTAATGTTGCTGAGGTCGGCGCCGCCAGAGCCAACC,489,50.51,Escherichia coli
SEQ_137131,GCGACGTCAACTGTATAGCGCGTGAGGAAGCAGCGCACTGTTTCTAAGATGACGGACGCATATGCATAGCTATTGTCAATACATCTACACCCTCGATAATCCTCGGCACCGGCTGAGAAAATTGAATATTCGTCTCCGCCCGCAGGATCGCGTTGCCGTCAAGGTTCCGTTTTGAGCTCAGTAGGCAAAGTGCGGAACGACGGGTTTAGGCTCAATAGGCCCGGCCACGTATGTAATAACTTGGAGCAGATGACTATATATCTCGTAATTATTACAGAGCGATCCGTAGCATACGGTCGCATTCGACAACGTGTATCTGCGAGCCACCACGTTTTGAACGATTCCAGGTTTTACACCTCCCCCGACTCGACCTAGGCATTCGTTTCTCGTCCCCTCATCTCCGAATATGAATCTTTGTCGAAGAATGGTCGCAAGACACATTTGAATGCCGATATCCCTGCGTCTCTACAGATGGTGCTGCAAAGAACGTGTCTCATGTAATATGCGATTCCTAGTCTTCGGCGTCTTGGATAAAGGATACAATGCACATGCGTCGAGGCCACGACATAGCCCAGCTAGTAAAGGCTCCCAGCGAATCACAGAGGTTTCGTCACTTCCGTCTTGTCATTGATAGCCATGATTGTAGCGAGGGTAACCCAATGGTTTCGTTATTCTCTTGGTTGACAGACCGGTACTCGCCATTCACCTATAGATTCGCGCCAAACGATCATTCGCACGCAAGAGCTCAACTCGGTGAACATTTTAATTAGGAACGTGGCAGGTAACACTTCCTATCGCATCTGTGCAGCGCAAGGAAACTTCCGTCTCGGTTAGATCTGGCCTGCGAACGCCTTGACCACTTACGCGGGCCAACTAGGGATTCGGCGTTGGGCGCTGGGAGCATCTGTGTCCGTTGTCTCGTGACTGCCACATCCTTGGTTCATGTTTTGTACATAGGCTTATCTAGCCTCTACAAGCCATGCAAGGGCAATGTATGTCTACAGGTAATTACCGCGTGGCA,1021,49.95,Escherichia coli
SEQ_126006,TGTACTTGTACTTGTACCATGACCTCCTGACTGAATAAGTGGTTACCACTCTCCAATATGTAGAAAATGACATGCAAGGGTATTATGTCTGACATAACAGTCGCTCGTGCCTCACCTGATGTATAGAGTCTGGTACTTTCATGTACTATTTTCGGTGAAGAGGGATTCCTTGGAATTATAAAGCACTCCTAGAGCGACCTAAACCCCTGATGTGTGTTTACCCTGTGTGGAGGGATGCCGGCCATACGGTAAGTCCATCGGTCCAAACAGCCCACACCACTGATACCTATGAACGCACAGTGAACCGAAGATTACCACTTGCGCTGGAGGAGCATTATAAACCAAGTGTGATTTGAAATCCGCGCGCGGCCCGATGCAGCCTTCAAGTTGGCTTCAATAGCAGAGAAGTTGGCAGCGAATGGGCCAGTGTGCGGCGAGCCCTATTTGCGAACAGGACCATAGTGGCGTTTTGAATGCGTGCCCAGTGTAACGGAGACGTCTAAGCGAGTGTATAGTGTAACCTGGAGCGTCTCCACATGGTCCCAGTGGCTTGTCACTTGCGCTTTCTTATTATTGACTATGCTAAGGTGTTTCTGGGCCATACCAACGGGCACGCCACCCTAAGTATCCTAGTTAAGGGATCGCACCCAAGATCGACAAGCGAAGGATTTATGGAGGTCAATTTGTATGACGCTAGGGCTATAATACGCCCGTGGATAAACTGGCGGTTTGCGTCCTTAGCCGCAATCTGACTCTACAAACTGCCGACACTGCAGCGTAGAAAGTACAGTGTCGTCAATGGCCGTCGAGTTAGTATGCATATCCTTAGCTGGCGAAAGGCTGGACATCGCACGCGCAAAGTGCCGTCCTAAGGTTGGTTGCTCCTTGTAATGATGACCAGATGGAACCAATGAAGTCCAGATTGCCTTTTCTCCCTAATCAGACAGGTCCATCCTCTTGCAGTGGGCGCCATAGGATTAGTCGACAGTCATAACGGAAGAATAGCCGAGAGGCCAATCTGGGCCAATTATAATCAGACCCACATAGCGGAGCGTGGAAGATTCTAAGCTCATGCAATAAATATCAAGCCATTTATTGCGTAGTGGTTGCTTTGAATCCGCCGATCGGAGAATCTCATCCAAGAAAGAGGGTAAACTCTCGGATGCTCGGATGTCGCGTGAACGCTCATGAGGAGGGTCTGAAACACATCTCTGGGTCTTCGCACCCCGCTTAAGAAGCGTTGTCTTAGGGGCGTAATGCGTCGCGCGTTTTCTGCCGTCTGTCAACTAGCAAACCACCCAACATTCTGTACCGTGCACGGGCCCGTCGTCATCTACCCATCGCCCCGAGTAAAGTGGAGTCGTCCTATGACGAGCTGTCAACAAGAGCAAATCAGCGGCGACCCGACCCCGTGCCATACACATGGGTTACTTTTAGGAACGATGTTAATTATGAGCCCGTTTCCACACACACTGTTCAGCAACACTTAACCAGACCACGGGGGACGGATCTGTATGTAATGCCCATACCCCCCAGCTC,1539,50.23,Mus musculus
SEQ_609154,GCGTAATCTCCGAGACGCATATGTTTGGAACTGTTAGTGCCAGGGATATTCAACCTAGCTCATACTCCCACGATCAATTTACATGATCACTTCCTGTATTAGCTCCAATAACATATGCAGCCTAGCTGCGCACCCGAATAGATCTGTTTCTAACGTACGGCCGGCTCAGCCGGTTGGATCTTTCCGTAGGCCTGGATGTCGGTACATCCACTTGCCACCGGGCTTTCACCTCGTGGGTAACCTTCACTACAAAACTGGCCTCAAACGTAGAAGACAAACACCGAATTTGTCCCCAGCATGTAGCATAGACCAGGATACTAGGGCCCAAGGAGGTCGATTCCGTGGCACTGTAGGTAACGAATAAGGACACAGTAGATCGCGTGTGCCCGTATCAGATGGGGTACGGCAGTGCTGGGTCTAACTGGATTAAAATAAATTCTCTAGCCAGAATAAGGAGGTTATCTTATCAAGCTCTACAGACAGGGCCCTTAACACGGGTTCAGCTGGCAGATCTAGGCCTAGCTAGGGCGCCCTAGGAAGCTGCCTACGACCTTCCTGTGTTAACAGGAATATAGCGGCCCCGGACTCGAGTGTTAACAACAAGCGTCGCAGTTCTAATTTAGCATGATAAATACCCATGCCGAACCGGCGGGTCGAGAATTCTCGACGGTGGTGCGTTGCGCTCTAGTGGCAACATGCAGGTGCATTCTAGACTACTGTCAGTGGCGGTTTTTGAGTATATTTTGGTCAGTAGTTCAGGTGACAACCTTACACTCAATACTTAAAAGGGGTTGGCCGCTAGGTTCGAATTCCCCTTGCCTCCCAAGCAATTCCAGTGCGTCAGAAGAATGCAACACCACTAAGCTAATGCTAACACATACTATAGGTGACTTCCCTCTAAGTGACCCGTCCCTTGCGGGGCGCCCATGGGTAGTCTTAAAGTCAATATAGGTCCCGAGGCACTGTAGCATATTAGTTTCAACAGTCGACCCGGGCGAGTTGGTTGGTATGTAACTGTTCGACTGTACACTCGTTTAAGGCAGCTATAGGCTGAAGTTGTCTCGGGTGCTCAATGTCATGCAACAACAAACCGAACAGATCTATACCATCTTGTAGCCCCGGTACTGTATGTAGCGGGAGGGTCTGGAACAGGCTTCACGTTCTCCCTAAACTGCTGAGGCAAGGTGGGATCCGTTCAAATCCTCCCGGCAATCAAACGTCTAGCTAACCAATGGACAAGCGTTCTAGCAATTCTGCCGAAAAGCTTCGATGCGCGCGCTCACGATATGGATGCTATGTAAAACAGGAAGCCGCGTTACAGGCGGATACGCCCTTAGAATCCGATCGTGGGTCTCTTGGCCTCCCGCAGACGTCGGAGC,1379,50.4,Caenorhabditis elegans
SEQ_415946,TAACTGTGCCGTAGCTTTGGACCCGGGCATACAACGGAAGAGGAGGGCACAGATGAAGTTATCGCTTTATGCACGGCGAGTCCAAAATAAAGAGGCGGAGTCTCGTAGCTTGCCTGCAATACTGATCTTTGGTATCTATAGTATGTCACGAACGCGGTTGAGATCGTTGTCAAAATAAGGTCAATTACTTG,191,46.6,Drosophila melanogaster
SEQ_968910,ACTGCAGACTCTACGTTGGCTTATCGGTGCCTCCTAGCTACCAAGCAGAAGGGCGTGGTAGAAATCTGGCCTGCGTTAATCTATCACTATGCACAGAAGGGCGGTAGAGTGGAGTAGAGGTCAAGAGATTACATCAGTGATTCTAGAGTTTTATAGCCGCATAGCTGCTTGGCACGTTAGTACATAGTTGTGAGGTCACCCGACAAGAGCGAAAGGCGACTAGGGACCTTTGATCTGATAACAACATAATAGCCTCGCTAACTAAATGTATGCCAAGACGCTCGTGGCTCTTAGGGCTAACCATACTTCCGCCGTACGCTGAGATGCGATTGGGACAATTGAATGATCGGTAGTTAAGTCTTATTGTGATGGACATTGCTCAAAAATCCGTCTATGTCACAGAGCTCGGATAGGAAGAGGGAAGTAGCTTATACAGAGGGGTTGTATATCGGGCCAGGGCACCTAAACCCACGTTGATTAGGGTCCCATCGCGACTGGTACGGGCGTGCAATTTAATGCCGCCTGAGTTGACTGAGCCTAAAGTGATGTGACGTGCGCCAAACTAAATTTTCGAGCGCCAGCAAGGTGCCAGCTGCCGCGACCCCAAAGGGACCTCTTGAAACGGAACCCAGTTCCCGACCCCAGCACAACGACGCGGTAGTTTAGTTGGGGAAGGGATACATGTCACCTGTAGCACCGTGAGTGTCGGTCCTAGCAGTAGTCGCTTGATTCACCCGGACAATTCGACAAAAGTATGGCCTGGGGAGATCCGAGGCATGGGTGGCAGGCTAAAAGTGATCTGCGTTCAAGAATCAGTTTTGAACATATAACCAATAGGTTTGTCTTCTCGCTATATACTGACGCGCGTACCAGTGCTAGGCGTGATTCCCACGAGGAGTAATAAGCATGTGGGGAATGATGATGCCCGGCTCTCGTACGCCCGACATCCTTAGCACCTATTCACTGGACTGCCCGTCCGCAAGTCCACGCGCAATTGGACTGACTATAAAGTTGACTTGCTTAGCCAGCAGAAAACCCACGAACCTGATTACAACGGCTGGCCGATAGGCGGAATTTGCAGCGTTAGGGTCTCTGCCTCGGCCTGAAGATCCGGGGCGAGCAAAATACGGTAATAGCAGCCGGATACGGTGGGAACTAAGGTCGGTGACCCTAATCCTTACGGTATCTTTATGTAATAGCTGGGGGTCGGACACGTAGGCACATCGAAGCGACTGTTTTAGATTGTCGCACCGTTTGACCAGTAAGACATTTAGGCATTAGCAAGACTACGCACCGACTGGTGGCTAGACTAGTACTGGGTTGCATTCCTGTCCGTGGCGCCTATAACAATAGAAACGCCACGACTACCCCTACTCAAAGTTGAAAACACTAGTTCCACGCTACATGCACCATCAAGTTTCCGAGTCTCGATTATATGGCAGCAAGTCGAAGTTAAGCGGCGCGCCGCCAACGGCTTGGTGTCGTTAAGGGGGATACGTTGTGGTGGGACTGCGTGCAGTTGCCATGCTGTATGT,1535,51.01,Drosophila melanogaster
SEQ_997238,AGCACATCCGGCGTAAACCACCATAACAACCCGAGTATCCACTTCAAGGGGTAGGTGAGGGTCCCTCCCTAAAACAGTAACGGGGGTTCTATCACACGTATAAAGTCATGTCCATACTCTCCGGATCATCGGGGTATCTATAGGAATGTATCAGCGCTTAGTACAATGGTACAGGCCGGGTGAGTAACTGCCCCCAGTCACGTTTGTTGCACCCTTGTTTGTAAGGATTTCTACCAGAGTCTACCGTGTATTTCCTGGCCGAGGGACTAAGGGACCAGAGATTCACTTCGGTGGCACGATCTAGGTGCGGCGCTACTATGCCGAGGCTAAGATGTTTCGTGTCCCGGCTCGCACGCGGGCTTGGGACAGGCACGGCATCTTAGCAATTCTCCTAACCTAATTCCTAACCTGGAAGCTTCACACCCGTTTATATCGCTGCCCCAGTCTCCGATTGTTTTGATCCAGGGATAAGCCCACATCATAGATGCTATCCACCTTATAGGGTAAGGTTCCAATTGCTGCGCTTGGCGGGACATGCGATCCGCCAAGTCGGGGCAAACTCGCCACAAGCGAGAGTCCTCATAATTGGTCAACAACTTAAATCGACTTGACTTTTAAGTATGCAACCTCGCTATGATGGGAAGTTCTTTACTGGGTTGACTCTAGCCTGCCCGCCGACTGGGATGCTAAATTCAACACCATCTAGAGTGGCTGAACTTTCCTCGCGACGGCGAAGGGTTGATCGCAATGTGCGGGATCGCCCACTCTTGACGAGTTTCCTTTGAATAGTTCCTAATCTTGTTTCCACGCCCTGCATACATCGGCGCCGTGCCTGCTTAGTCGCTGCTCCGCGTTACGGTGGGAT,865,51.79,Arabidopsis thaliana
SEQ_788915,ATTCCAGGCGAAGCGAGCCAGCACGCGCCCTTAACGAAATGGGTCTCCTTTGCTTACTACATGATAGACCTGGCATTGTAAGGAAAGGGTGCATAATCGACCGGGTACGTAATGACCTTCAGAGTGGCCTCTGAAATAAGGTATATGAAGTGGACCTTCTTGTCTGGCGAGTCACAGTGCGTAATTGGGTCAGCTACTAGAGACACAGATCGCCATAAGATGGCGCGTATCTGCGGCCGACAATAGCGTAAGATGGGGTGGTGACACCTAGAGCATATAGTGAGTGGCTAAACTGTGTCGAGTCGAGAAAGACGACGCCTAAACACTGGGATCAAACACGTCGCAGAGCTCGAATTGATGTATCCCCGTCATGGGTGTGAGACGTCAAAACGCCGACGTCTTCCTATATAAGCGATTAATTTCTCTACCGCGTTCGTCCGATCAATGAAGCAACGGGTGACCTTACCTAGTTAAGAAGGGTCAGCAAACCGAACAGTTTCGGCTCTCTCGATCGTAAAACCATAAGCGTATTACGCCACCAGGCCTACCAGGTATGGACGGACAGTCGATCTCGTACGGAGTGTAGGCACGAGGTCAAAGCACGCAGGACCGCCCCGCTATGTCGGACTGCGTAATAGCCACAGAACGACCTATATCATATCGCGCAAGAACGGGACGGAGCTTCGCAAACTTTTCCACCGTGGGCGATGCCAAAGCAGACTCTCCGATCTCCCGTCTGCCGGCTTGTTGTCACAAAACTCTAAGGTCTGTGTATACTTTGAGTGACTAGGTCGTTGTCGCACCACGATGTAAATGAAAGATTTGTGGCGACGGAAACCACGGTGTAGCGACCGACACCGCTTATACAGCCCAGTTGAGAACGTTTAAACTATGTTGAAACCAAATGACACGTTTTAGGGCGGTATAGCGCGCCCCACCACTCGTCCACCATGCTTAGTTACTCCGCTCATGGACAAAACCATGCCTGTGAGTAGATAGACCGCTGCTCATGGTTTGAAGGAACTAGCGAGGTAACACTGTCTTTATTCA,1050,50.57,Drosophila melanogaster
SEQ_663204,GATGGGTATCCAATTCCAAGGACATGTAAGATGAGCGATACTCGCCTCGAGACTTCCCATGAGCCAGTCATTCCGTCTGCGTCGTACACGACCTGGTTACTCGCAGCGGGTCCGACAGACAGGTACATGAGAAGTTGATTTATCCGGCGCACAACAGGATCAATGCTCTTCACGCGAGCCCGCCATCTGAAGCCTCCTCAGTTCCAATAATGATGGAATCGGTTGTTACGGAGTCTTATGCTCGATATGATATACGGGGTCCGCTCTTAGTAGTAAAGTCGTTCAGATCACGAGCTGTCAGCGTCCTTAGACAAGCCTATATGGATGCGCCGGACTACAAGTAAATGTTCGTTGGCCAGGTGGTACCGCGCCTATTTACTCCGTGTCGTTGGTCGCACTCGGTCAGCTAGAACAATCTCCGTTCAGCCTTCGAGTCATGAAACCGAAGAGGCTTTCTAATCGCTTCGCTCGAGGCAACCCGATGCAGTCCCGGTAGCATATGCTTATTTTGTCCAGAGGTGTATACACGCATCCACTGACCAATAGAGCCCGAGGTAATAC,561,51.16,Mus musculus
SEQ_461429,CGTATCGACTGTACTTACCACCCAAAGATTGCCGAACCTTCAATCATACGTAGATGGTGGGAATCGCGAGGCACCTGGTGCGGTAGGTATGACTACAAGTCGAGGTGGGATTCCCAGGCGCAAGTTGAGGTCCTCCCTACCTCGCACCTCTGCCGTCGTGATCAGATGGAACGGTCTTTATTGGATGGCGCCGGGAATACTGCGTACCGGGGATTTCCCTGTTGTAATCACTATCGGTGGACCCCTATGTGGTAGCTTCTGTTGATATGCACGTCACTAGGCGGGCATCTTCGGTCCAGACGTTAGGCTTGGTCCCTTAAACGATATCTTGGATTTCCAGCACGCGC,347,53.6,Homo sapiens
SEQ_754703,CTTAACGGGCTCGCGTCCGTAGCGTCTAGAAGTCAACGGTGAGGCACCGACTTTGGAGGTGCAATAACTCAACAATGCGTGATTTGCAGGGGTACATTCGCTCCACGGCTGGTGATAACCAGCCAATAACAGGCCGTAAAAATAGGTAGTGGGTCAGAGACACATAGAATATTTAAGCGCGCAATCGGCGTTTTTTAGGCTTGCCCCGTCGCTCAGCCATTGTGTACGCATGGACCCGCTAGCCTTTTCAGGCCTTTTAGAGAGATTTGGGTCTAACCTGTCTACCGTGAAAGGGCTTTGCGCGATCTTGGAGGTAACCTGGGACAGTGCAGTCCCAAAAGCGAAAATTCGTCCCAACATTCACCTCCGCCCGGGTATGGCCATCCGGTCACCCACAGCGCCCGCGAGACCGGTAAAGCGGCGTAAACCCCTGCAGACACGCCAGGCTGACAACAATGATCAGTTCGCATCTACACCTACCCCTTGTAGGTGGCCTAAGCATAGTGAACATTTTACAAATTATAGAGGCAATGAACTTACCTCACAGTCGGCACCCGCCGGGCGTGAGCCGGTGAGCTTAAACTACACACCGTTTCTCGAAAAGCGCCTTCCAGATAGTGTCAGCACGCCCATAACCTTGATGGCCGCTCGTCAGAGTGCCAGTGATAGGGATAAGTAACCAGCGGTTGTAGTGGGTATCCACGATGTGCGCATTCACCAACCAAGAGTACCTGCCGATTGTTCAACTTCTTCTTTACGTCTTTACTTAGTGGGAGGAGATCACCATTGTCGAGTTGGTGTCTTACACCACCAATTTGCCGCCGCATCAATACGTATACTCGGCTGTGAGCCCTCGTAGCGGGACTCTTCTTAAGATACACATTAGTCGGGAGAAGACACTGAGTACTCCTATCCAATCCAAAAGGCCCCTACATTTAACCTAGATCGGCATAAGACTTACAGGGTGGACCCGAGCATTGGACCGCAAGCGCGTATGGATTCAATCCGGGACTCGTCGTAAGATGGCTTGTGATTTATGTACGACAGAACCGTCTGAGCTTTGGAGTTCTAAAACTTGAGCCTTAGTAGTACACATGAGAAGCAAATTCCTTACTAACGGTGCATTGTTGTTTAGCGAGCAACCAAGCCGAAGCCAAAATAGTCTAGTTTCCGAGAGAAGGGAACACAAACCCCTGCTATCGGATCTTGAGAGGGTCTGGCTCCACCTCATCACTTGATGTGAAGCCTCAAAGGTAGAGTGCGTAATGCAGTTCGTCAATCCGACCGTCTATCGTTCCCCAAGTATGACAACGCAGTCGCCATACTGGGGGCCCGGGGTCGGTAACTATCCCATAGGAGCCAAGGTTAAGAGGAAAGCCCTCACACCCTCCTATGCATTATTACTCACGGGACAAGGAAGGCCGCCTGTATTAAAGCGAAATCTCCTCGACGCACCGGCCCCGTAAATAATCTACGTACTGGTACTAGCCTCGCGGATAAACGATAGTGCGGTCAAAGCCTGACCGGCTAAAGGTGAGGTCCCTGGTCATTCTTACACTTTGGTTAGTGTCAATGCGTAACGCCGTTCTAAAGTCCAGCGGACCTGACCATACACTAAAAGACGAAAATTAGGAGCCGAAGCAGCTTGGGCTCGTTGTTAATCAGTTGTCGGATCACGACCAATGCTTGACCGTAGGTGGGGGGAATCAGAGCGCAATGGTAATTTTGGGGTAGATCCTAACTGTGACGGGTGTCGAACCT,1761,50.94,Arabidopsis thaliana
SEQ_131612,AGGAAGCGAAGGCTATGCAGTCAACTTGCGTGTGCGTGTCGGGGCAGAGGACCCAGCTTTGAGCGGATTGAATACCGAAATGTGCTGACCCAGCTCTGGCCCGACGGCATTTTGATGAAACTCTGTCTTAAGATGGAAGCATTGACGCAGGTAACACCACAGAAAGCGCACCACCTCATTGACCTGGGGTAAGACCGTGATAAGCTTCGCCTGGTTAGGGAAGGTAACACACTAATTAGGTCTTAACCCATCACCCCGGGGCTCGACGGGTCCCTAGTCCCGACGGGCTCGTCAGTTGGGCGGCCTGCCAAGCATCAAGTTGTCGCTACATGCTCCAGGGGAAACTCGCTCCTCAAAGTTCGGGAAATATTATATGCAAGCCATCATGAAGACGTACACTGTGAGCAATGAGCTGGGATCTTCACGCCACGTACGGCCTTGCCCTGAGGCAAGAGTGGGATACCTCGCCGGTGTTTCATGGTACCACTTGCCCAGTTCCTCTATTTCGTTAATTTTCCTATCACCGTGTCTCGAGGTCGCAAGTTCGATGAGGGTTCTCGGCGGTCCATTCGGCGGGACCGACCAGTGCTCTACTTCTGGTGTATCTTGCTGTACGTGGCTAACATAGACTCGATCGTGTTTTGCAGCCCCTTGAAGCCAGAAGAGCGTCTGGGCAGCCCAACCGGCTTATCTACATGCGAAGTGTTTGTCACTCCCACTAGTAATCCCCCTTTCTTGCCCTACCGCAAGCCTTATAGATTCGTGGGGTCACACGTCATAGAGTTAACGAAGGCTGAGTGAACTTTTGCGGACTATTGGCTATACATCTTCCTTATTGTAAGACGCGAAGCCAGGATTACTCCGCGAATATGGAGACTGCGCTGGCGTACTCGGGTTGACCCCGGCTGTATATAACCTCAGGATATTCATATATCATAACACAGAAATCGCAGACGGTGCGAGACGAGCTTAGGACTACACACAGGAGTGCTGCCGTC,998,52.61,Mus musculus
SEQ_143616,AACATGATCACCGCATCGCCGGGAGGTGGACGAGATTGCACAGCGGAACCACGTTGATGTTTGGGCGAGGTCGCCTAGGATGGCTGTCAGCGCGTTGACGCAAAGTCATACTTGCCCAGAAGACCTTAGTGTGCGACGACCGTGATCTCAAGTATCTCAGCTTCCGCCTGAGCCGATTCCTGTAACGATGGAGTAGCGGGGATGACACAATGATGGCGAGTAGATTATACTGGGAGAGTCAATCAGGGATGGTGGCATCAACTCGTTCCGATGATCGTGGTGGGGATCCTGCCTTATCGCTTCATAGTCGTCGAGTCGTCACGTTCAGGCGTTGTATCTCGGTCTCGCAAAAGGCATGAAGAGCCGGAGGCTGGTCTTATTATTCACTA,389,53.47,Mus musculus
SEQ_972966,GGGGTCCACACGCTGCAAATGCATATCCGCAGCCTAACCCTGCAAAGGTTCACGGCGTGTGTTAGTTAGCCGTTATATTACGAGTAGGTTTCGTCTGTAGGTACACAGTGTCGCCACTCGCGATGCACCAGGTTATTTCATGCAAGCTTCGTTGGCGACGGATGCAACGGCATCCACTCAACGCGGAGTCGGCGTGCGACACTGCCGTGTCTTGATCTTGTTACTACTCAAATCGCCTGGCCCAGAGAAATATTAGGAACGAAGAACACGTGGTGCTCGCGAGTCGGGTCATTATGCCCGGTTCCAAGTGGGACTCTATGCTGGGCCGTGTGCTTTCAAGGATAGTGAGGTGCGCCAGGCTGACACGCGGGTTAATTTGCCCGTTATTCTTGCAGAGGGCTCCGAGCGAAATGATTAATCCAGTACCACGTACCAATGAAGTTCCATTGCCGCGACGGTCTTGATGACTCTCTCATGACTGACCACATGGAGAGCCAGACCAACACTCTGGTAGGTGCGGCCGAAGTATCAATTTAGCAGAACTGTTGAGCTAATTATCCAAAGCTTCGAGTGGACACCAGGTTGTGCGGTGGGCTTTGAGCCTTAATGAGGAGGTAGCCGTTTATCGTAGGGAACGGCCGTCGTGCAGAAAGTTCTTACAGTGCGAGGTCCATATCTGCCGGTTCGAGTGACATTAGACCCACACCCTGGGCTTCCTGGAGTGATTATCGGGTCTCGTCTTCGCCGACAATATGCCTAACATTTAACAGGAGGCCGGTTAAGAGGTCTCCCGTGTACTCTTGTGCGCTTTCCTCCGCCTCAATTTATAGACTGTGTTGATCGTGACCTCATTTTTGGATTAATCGACTCGCTCAGCAGAACCCTGGACTAGACGTGGCTCAGGTGAATAAGTGCTAGTCCGGGATTACTTTAGTATGGATAGTGAAGACGCGAAAGTCCCGTAGACCCCTCTTCCATACCGCATAGAGCACGACATGCGATGAGCGTGGTCGGGTTAGCTACAAATTCGGACTTGCGAACTCTAAGAAATGGCCTCGAATGCGTAGGCGGAACTAGAGGCCCGATGTCAAGTTAATAGAGAAGTTTGGCGAGGTTTTACCCGTTTGGTCCTAACGTATGGAGAACAAGGAAGGACGCTCCCTAAATATCAGAGGAGAAGTACTGAGCTAACTAATCTCTCAGTGGGGAATCGACGCCCGGTGTATACGATTAAGAGTAGGGTACACGCCAACGCTCCCCACCATCACATTGATTTTCGTGATGAAGCAATGCGTACGATTAGCCAAACAAACTCTACTAAACCGGGGGATCGCTAATTTCATTCAGGATTATTCTCGCGACCGGTAATCATACTATACAACTGTTCGCGGAACGAATGGAGAGGATTCCCCCCCATGGAACCTTCAGCGAGCTAAAGAAATCCACCAGGCGTTCGGGCCCTACATTACAAGATTAAATCTTCAATGGTTGTGTCGATCAGGTAAACTATAAATACTTGCCCCTAGGATTAGTGTTTGTCACTCAGTACGACTTGCCTGCACGCTGGTCAGCAAATAGGGCGGTGCTCACTGAGCGCTAGAGCACCGAGAGCAAAAAGCACACCAGCTCCGTACTTGTGAAGAACGTGTCCACTACCCCGAATTCATTTTAACTCATTGATAACGGTACACAGTGAGCGAAGTCAGGGTGTCAACAGCAATGTTGGGATGACCACGTAGATACGTGACCCTAAGGCATTTCGGATTGCACATACACCTAAGAAGCACTATTGTCTAGTCTGGGGATTACGCTCTTAGAGAATACCCTACAAATTTGTCACCTACTAAACGGGTAA,1855,49.76,Drosophila melanogaster
SEQ_590802,TTTTTTCTAATGATTGCCTGCGTTGGGGTGTTACGTCCAGCGGTAGCCTATGTGAATAAACCAGTTGTGAGGAAAGAGACCCTTCTTAGGGTACCATGAATACCCACGGTGCAACAGGAGGATAATTAAATCACGCGCTAGTTAAAGATTACCTTGCTGATGCGATCAGATATCAATAACGGAAAACTTCAGCGTCGCGTTGGGATGCGTCGCTTCCATATTACTTCCTCGGCCCAGTCTGCAGAAGTTTATCGACAGAAATGCCTTCTGCCTCATGCTCCGGCCAGATGTCAGTGATGATTGATTAATTTATACCAAGCGAGACAGAGTTAATTCTGTATAGTTAGCGACTTGACAATCGAGGCTCGTTACGCCATTTCCGACACACTCGGTGTGGGTTGTAGATAAGCTCCAACGCATACGCGCCCTCCAACTTACGAATAGTAAGCCGGTCAGAGGCCCGGGGCTTCTTGAGAATGTTGCCCAAGCCACTCCAAAGAAACCTTTCGAAAAAGTGCCGCTTGCTTCTCATTTATCCATTAAGATTTTACCAGAGAACTGTGGATCAA,569,46.4,Homo sapiens
SEQ_485940,GGATATGCGCTTGTCGGGACTAACTTCGGAGCGGTTATTGCGAGCCGGGTGTATTCGTCAACAGCTACGTAACCATTTAGCAGGTGGTTACAGGGCGACGCTTCATGTACACAGGGGGCTCCACCACTGGCATCTTCATCGGTTTAAGAAAGAC,154,52.6,Drosophila melanogaster
SEQ_920473,ACTAAATGGGGTGCCATACATAAGTTAAGTCTAGGGCTGAATAAAAGGTAGGTGGTAAGACCCCAACGAGTGGTTCCCAACCATAAGATGCTGAGTTGTTTTCGCACCGTTGAGTGACAACCCACATCACATTACTGGGAACAGTTCTCATGGGACGAGGTAATAATTACAACCACTATAGAAATAAACGCAAGATGAGGTACTCAGCGATGACCTGCGGCCCCGTATCGGCTACCCGTCAAGTCTGATGAGCATACGCCTATGCTCGGCTAGCGCTGTCAGCAGAGGGAGGGAAATATTTAGCATACATTCAAAGAGCGAAACGGGCTATATGGCCGGGAGCTCGGCCCTAGGTACATGACATTTATTAGGTGCCTGTGTTGACGATAGCTAGTCTGCGGTGAAAAGTCTACATTGCCTGTGTTTACGATACGAAGCACACATTTAATGAACTCGTATTGTATGAATACGAAGTAGCATTGAGGCGAACAGGTTATTCAACCACCGTGAGCGTAGTCCGTTGGCACGTATCTATACGAGGACCTCGGGCATGTGCGAATACCGAACTCTACCTATATGACGTTTTCCCTTCCCGCCTTAGTCAGCCGGAGAAGTTAGAGAGAAGCGCCGCTGAGAGCCGATACAAGTGTCCTAACAACGCCGCCTGCGCAACCGCCACGTCATGTGATTGGTGGTATTGCCTGATCAGGGACCCTCGCAGTCAACGCCCAATCACAGAATTCCAAGTCTGGCATTTGTAAGCCCACTTGCCAGAGGCATCGCCGAGCACCAGTATTTTCCATTTATGTATGCCAAACCTTGGGAAAACTACTCCACCTGGCTCCACTTATCGCTCACCCCGACTCCATATCAGGACCCTGGCATTATGTCGCATTTGAAGTCAATACTGTTTGTGATTTATATCCAAGATGCACTTACGATGCCTAACTTTTAAGATGAGCGATAAGAACTGGTCTTAGCGATGCGGAGATTCTGGCATGATTGTCTCACTACTTACATCCCTATCGTGTGATAAGCACCGATTTAGAATGTAGGATCCGTGGTCATCCTTGTCCTGCAGGAATTCGTTATCCCTACCGTATGCGCTTGGCATAGTCACAACCAAGACTCTGGTGAAGGCAGCCCCATCTAGGCGACGCTTGTAGCGCATCCATGAGTATTTCTCTGATTGTAGAGGGTCCTAGATGGCTTCGGCGCAAAACAGGCAACCTAATACGAGTGACGGGTCGTATTACTACCCGGACAGGGACTACTTAAATGGCCTTGCTCATTTACATGTTCTAAGGATTTTCTTCGTCGTACCCCTAACACAGGGTGCTGGACGGCAGTTAGGGCTCCCTTCTTGGTCCTGTTCAGCAGCCAGATGTCTCTTGTAAGCCTAGGCTGCAGGACACAAGTGATGAGCTTGGGATTGTAGCCACCTGGCAGCCAGACTCTGCACCCCCAACACATGTCGACGGACGCTCGGTAACGTCGGTAAAAAACGGAATGTGCCACCCCGATTGCACTCTCGAGCGACCGGCGTCTAGTCCGAATACATGTGTAGACTGTAAACAGGGAATTAGTCCGGATATGCCTCCTTCAACCAGCTATTTAGTATTCGATCAACATTTTAATGGTACCCAGCTGTACAGCCGGACCGAAGTCCATGGCGGGACAGGCGTCTCGCATTCCCAGCAAGGTCGATCGGGTCTTTCCCTTCCGACGGGCTGCTGGTATCACTATCGAGTGCGCTTAGAGCCAAGCGTGAGACTCCAAACCTATGTTTGCAGCAAGATGCC,1802,49.89,Caenorhabditis elegans
SEQ_376177,ACACAGGGACCATTGCTGGAACTTCAATGGGCCCGCTAAGCTGTGAGCTGTCAACCGCGAAGTTGAGCCCTCCTTGGTTCTGGTTCATCAATATGACGGCTACAAGGAGGGCGGCCGCGAGAATATGTTGAATCTGTTCTGCAAGACCGCAGAAGGAACAGTATCCCTTAACTGATAATAAGGGAGTGAACGCTCATAAGTCTGGTTAAATCCGCGACCTCTCCACATCCATAGCGCTCCAACGACGTTGCTCATCGTCGCTGTTGATCTGCGTGCTAGCTCCGCATTGTCACGACGATTGGTCTACGTCTCTAGACACGCTTCTTGCAGTATCGGGCACATTGATTATTCAAGGCCAAGCACCGCCAGCCACTACTAGAAAAACGCCTACTTGGGTAGGGTATATATTAACCAGGCAAACAATAACGACCAGCTGAAGACCCGAACTCCCAATATGGCTAGTGACTCGATATACAGTGAACGTTCCGCGTAGTGCGCAGACCACCGCTCTCAATTAGTGGTTACTAAGCGTGCTGGGCGACCGGTCGTAATCGGCCATTTGCGTATCTATCTAACCGTAGTATAGTGGTCAGGCAGTGGCAGAGACTAGAATTCGACGTAAGACGAACGTGACGTCTCACACTACAAATTCTTGCCAGGAAGGGCGCGTCTAAGCACGTTAAGATATGTTCGAGAAAGCCCGGATGAGATCAGAAACTCACATCTAGGTAAAGCCCGCATTCCGCAGAACTTAGAGAACTGGTAGAAAGGAACACACTTCTACATCTCTAGTCCTTCCCGTGGTTCGTTCATATTAGACCGATCCTGGAGCCCTGAACGTAAGACGATCGGTTTAACAGTTGCTCGCTCCCTCTTGTGTTCTGAGTCTTTCTGGGGAAGGCACTGACCGCCGCAGTCCCCCCGTCTTTGGGATCTATTCCCAGACAGTGACCACCCTGGCAGTCTGCCACTATCTTACAGGAGGAGCTTAGCGTGGGCCTAGTCCTTTCAGTCATAAACAGAATGGAGGAGCTTGAGCTAGCCTGAGAACCGCATGATACTGACAATGCTCTAGAAGATGGCAACTGGGGTCATAAGTCAATCTAGGTGATTCCCCTCACGCGCCACTTTCGTGTGAATGTGCATCAACCCCAAGCTTGTCACCTGGCCTTGTGAAGCCACGAATTACCAACTTAAGCGCAATCTTTAAACGTTCCCAAGCCAGTCGCCGTACCCGGGAGTCACTGTATCTATGCATCCTTTCCGGTCACTCCACCTATCATGCGGTGAAAAGACTGAACTAAGGGCATGATGGTCATGTGCC,1324,50.6,Homo sapiens
SEQ_950547,CGCAGTTAAAATTTCGACGTGGCTGAGCGACTCCGTGATAAAAGGCGAATTATTTTTGATAGAGGACAGTCCATGAAACCCGTTCAGAATTACGGATACACCAGGCAACCTCATCGATCTACCTATTATAATACGGTGGCCCGATCGGGTCAACTGATAATGACGCACGAGTATACACGAAAAGGCTGTTAGTCATTACCAGACTGCGGATCTTTCATCTAACCGTTCAAGTGGACTCCACAGCCACGGACGGTTGACGAGCTACACTCCAATCCAACATCCTCCCCTATGCGAACGAGAGATCCTGGTCCTCGCGCTTTTTCACGCTTTAAACATCGACTAGCTCGTACAACATTAGGACCAGCAGGCCTGATCATGCGCCATGACGTTGCGAGGGACGTAAACACGGGGTGGGGCATACTTTATTAGAAGGGGGATGGTTGGGTTCCCGTGTTTTTGTCCGTGAATGGTCTTCAGATCCGAAAGTGTTACACCACTACCAGTTAAGGAACGAAGGAAACTGTGGTGCTCTGTGTGGTCGATGCCCCGGAGGTCCCTGGGTACCTTCTTCTACTTCCTATGAGTGAGTTGACGCCCCTTGGGTTTCTCCGGTATTGGTTTTACGACACGACGGTTACGGAAGTCCCCTCCCTGGCAGTTTGTTTGCGCGTACGAGCACAGCCTGCGCGGTACAAGCCATCCGATATGGGCCGCTCGGACCCGGAGTTTCCCGCGTCGATATTGCTAAGTTATAGGACTGTCGGACTATAGCTAACAAGCATTACTACTCCTGATTTATGGGTTTATTCTAAGACGAGTCAGCGGTTAACTAGTGCAGGGTGCGAATGTCCGGCTTCGTCCTATCAGCGGAAAACTTTGTAGGCTCCGCATTAAAAGCTCCGTGCGGCCGTCTATGAAGCCATTCACTTCCACTCGGATCCTAGTGGAAGGGACGTATGCAGTCAGCAGGGTACGCTAGTCGCTGTATAGCCCAGATGACGGCCGAGGAGCGTATTTAGCAATAGAACTTGAGATCGATTATTCTTTGTCTCATGAGCCCCGTCGCGCAGCGTGTGGATTGGACGGCTACCCACGGCAACCAGATGCACTAATTTATAATAATCGAGCTTGTTGGACTAAGTTTCGTTCCAAACAATACTTTAGTAATGACTTCTCAAAAATGGCACATCGGCGTTAGCCCAAGCCCACCTAGAATTCAATGGTTGTTACGCCCGTGGCAAATGCAGGGACCCTCCATTCCTCAGAATGCGCCCCGAGGCTAAATCACCTCCGTACAATTGTTAAATTACGACTGTAAGGACAGCCGAGGAAGGAAATTGGGTTCACCATAGGACTAGACAAAGTCTATGGATCATGGTATAAGTTGGCATCGGTGTAAAGTAAACGGATATTATGATTCA,1421,49.4,Arabidopsis thaliana
SEQ_289533,CGGCGCGTAAGCCTGATATCAATTAGCTAATCCCCTTTATACGGGTGCACGCTCCCGTCCTAGTTGAGAACAATAAGATCGCGAGTCCTGTAAGCATCGTATCGCATGTCGAGTATCCGATTCTGATGGCCGGCTGACATCATAGTGCAGTAAAAGGCCCCCGACAATACCTAACTTAGGTTCGGAATATGGATTCCAATGTCGTACCCGACCGTTGCATGTCAGTACACGCGGAGCCTAAGAGTTTCTAGGTATTATACTCATGGGTGGCGCCCAACGATTGGATATTTCTTTACGACCGAGGCCCCGCTCACAGCCGCCGATGCCGGGGGACCTTTGTGTCGTATGCCGACAAGTTTTGACGTAGCTGGACTTTATGCTGCCCCTGTGAATGTAGGGTGTGAAGGGTGGAGCGTCTTCGGTTGATTCTGGCCCGGTTCGTTATTATATCTACTCGAATCAATCGGGAGCGCCCACACAAGCC,484,51.86,Mus musculus
SEQ_136092,TCTGGCGCTTCCTCCTCCAGCGTGTCTTGCGGGCCAGGGGCTTATGTTTCGGAGGAAAGGGGTCAGTAACGGGACATGCCGACAAAGAGAGTAAAAAGAAAGGATTGTGTCATGTGTTGCTCACCCCTTACAGGAATACTACCCTAGGACAGAGATGAAAATAAAAATAGGTCGATGATGTTGAAGCACCTCGAATGGGCGATGTAAGAAGAGGGCGATATCCTCTAAGAGAGACGCTATCCTGTATGTAGGATTCGACTCACCAGGGAGCGAGCTACTAGAAAATAACGGTCAGTAATTAGATCCCTGCCATGGATCCGGAGCGACCAGTTCGGCGTGTCACAGAATATCCGCAAATGATCGCAGCGCGTGTAAATCCTACACCCGGCAGTTTGGACATCTAAACAAGAATGATCTAGCTGCGGATGGAAGGCCTCTTACCCAGGAATTCCGAAAAAGTAATTGTTTCTAGTTTATTGCGGCAGGGTAGTGCAGCAGGGCGTCCGGGCTAAGTTTCGGTACACCAGCCACTATGAGGAAAATGCAGGAGATCACTCGGTACCAAGTTCGCGAAGGGAAGGCCTCATACTGGCTTACATACCAATGGTTCTGCCCTTGCTCTCTAGCCAGCTACCGGCAGTACTGCACTAGACAAGAAACTACTACGGAACAGGCAGTCACCACCCGATCTACGGCTACAGTCTATCAGATCTACCTTCCACCTTGCC,728,50.14,Drosophila melanogaster
SEQ_571030,TTCCTGCCGCTTTTCAGGGACCTCCGTACGGGCATGTTTCATAAGATTTGGTATATGTGTTAGGCTCTGATGCCCATTAATGGTAGCGCAAGCGTGAATGAAATTCCATAATTCCAAACACCGCCAAGCGTACTATGGTTTGCAAGTACCAGTGGGCTAACCGTTCGCTGCTTCAGCCACGTGGTCCTCAATTACACATCTAGCGGACGTGATCAAACCTTTCAGTGTCTCGGGAACTCTTAATTTATCGGTCGGGAAGAGACTAATACCGATGACACGCCTCATGGAGGCTGACTACGCTGGGAGGACGCCTGGAGTTCTGGGAGCTACGAAGGAGTGAACCAGTGCGTATGCGTGTAGTGGTATACGGTCATGGGGGACCCGTCTCCGGAACGCTAGAGTCGCATACGAGATATGACACTTGACTGATAGACGTCTAGAGTTACTCTATTAAACAGCTTTTGATTCTATGAGGCTACCTGGGGGTCGGCCCGTACTGCACTCATATGAATTTTGGTGGAGAGTACACCCGAAGGGAGGCCGGCTGACAACAGTGCATAACTCGCTCCAGAATTTTCACTGTTCGAGCTGGCGTTCATGGGTCCAAAGCCTAGCTATGGCAACGTGATACCCACCGATACTATATTAAAACTGCCGATCAGTGAGGTTATTCCGCAACCTATGAACACATTATTCATGTATGGAGACTTCGAGTGCGAGTCACGGCATAGATGCAGCAACAGTAATGATTAAAGCAAGAGTGAAGAATATAATTGACCCTAGGCGAAGGGATACGGTTATGACCATCGCCATACATTAGAGGTTGTCTCAGCTCGTAAAGTGGCGTGTTTTTTGAGGATAACAGTGCTCTATTGCAATGCCTAGAGAGATCTGGCATCAGACAGCTTCGACCCCTTCATTGAATCCATTGGATTCGTCGTGCTTTGCCATAGGTAGTCTCAGGCGCATCTGTTATCATTAGCCCCATCTGTAGCTTAGGCCCGTTCATCTCTATCGACTGAAATCGTGGCGTCGCATGTCAGCGCGTCTATTAGGGCGTGATGGGCTGCAACTGACATACTGCTGGGTGCATCTCATTAAAGTTAACATGGGCTTCACGAATAGAGTCGTCAGGCGACACATAGCTGTGGTATGTTCCGTTGACTTAGCTATAAGTTAATATTAGGCCCACTGGAATCGTCCGGATGGAAGACTTATTTGAATTGCTACACCATACTCAGTAGTCTACGCTGTACCCCCCAATGTAGACTTCATTGCTCATTAATGCGCTCTGGGTATAACGCCGTTAATTGTATAGAAGAACGTGTGAGGGGCATTGTACGACATCGAGTCACCCCAAGCCCTATACGCTGGTGTCATTATCAATCTGACTGTAACAGGATAGTTGGTCATGCATCGAAATGACGCCGGGTAGGCCTAATATATCGTTGTTAAGAACGAATCGCCTACTACAATTGCAGAGAGACAATCAGACCGATAGACGGAGATTTATGGGAACAGCAAGGTATCGGATGTGTCCTAGTCATGGCATCAGGAGGTTTCCATCTGAGAAAGGGATGATTACTCGCTAAGAGGTCTACGACCAGTTTAAGGTAAGCTTCTTGAGTGGGAGAGAGCATAAACGGCGACGGGTGGGACCAACAAGGGTCGACGACAGGTGTTGCGCCCTTGTTTGCCATGCGGCGGCTATGTTGCGGAAACTCCCAGGGTACGGGGCC,1739,48.53,Drosophila melanogaster
SEQ_967470,ATACTATGTGGTGGCCCTATATGGTTTGGCGCCCTGGGACACTTAAACGTCTGTTTCATCTGGGATTCTTTAGCTAAGCACTAACCTTCGAACATTTTGCTATCCGATCGTAGGGCCATCGTTCCGAGGATGTGGAACCGTGATCACAGAGTACTGCTGTAGGATAACATTATATTGGCTCTGAACAAATGTTGCAAATTTAAGTTATAGGGCCTCTAGGGCGGCTTCCTCTTCATTAGCGGTTACACCTTAAAATCTCAGGATGACTCCCGCATCGTCAGGCTCGTGCACCGATCGCGAGCCCCAATCATGCTATAAAATTGGATAGGAGCAAAGCCTGTTTGCTGTAGATAGTTGGTGCCGGAAATGGTTTTTAGCGACGGTTCAGGATGTCGAGTTGGCCATAAACATTCTCACCAAAGCACTGCCAGACAAGAAACTTGGAGCGATAATGCTGTACAGATCATCCCTTGCAGTCCCGGAGATTGCTTATTTTCTATATCGTCTCCCTTATAAGGAGGCGAGATCAGTTACCGACTATAAAGGAGGGACCCTTACATCCCGTAAAGGACATTCCTGAATGTCGCACTGCTCAGTTAGGACTAACGCACTGCTCAGTGCAGCCAGCAATATAAAACAAAGAGCCGCCAACCAGCGTGATCCTAGCTTCATATTTTAAGGAACGGGCGGTACTGATATCTTGACCCAACCTTACTCTGTCATTCACATCACGAGTCAGGTTCAGCCTGGTATTTCCTGAGCTGTATAGTACTACTGTTCGCGACCCATAATTTCCGCCGACCGCCGTCATAGCGTCCACACTACCGGCTGTATTCCCGGAGCTCGCTGGTTCTATGACTACGTCAGACTAACAGGCAGAAGTGAATGTCCTGAGGAACTATATGTGACTAGAGTAACGAGCAAAGATTACTGATCCGAAGTCCGGTTCCATTCAC,956,47.49,Drosophila melanogaster
SEQ_590434,AGCGGGCGAATAGTTGGCGGTGCCTGCTTGAGCATATTCCACGGTGTGGACCACTGGGGCTCCGGGGCCTCTGACGGGCACTCCCTATGTCTTTAGCGTTAGACGGCGGGCTTGGAGATTGCTGCCACTCGGAGTGTGTGTTGCACACCGGCATCTAAACGAAACAGCAGGTAACCACTATCAACTTAGGACAGTAGTGACGCAGGTAGTGGGCAACTTGCACGATAACGGCATTAAACCATCTATCGACAAAAAGCCAATGTCTCTACGGTCACAGGCAACAAAACTGACTGGCCGCTTAGACCCCGTGGAGAACGATTAGCTTAATAGCCAACATGGTAACACCGAGCGTGGGTCTTCTCATGCGAGCCTACTGGTTATGTGTTGAATTAGACCGGAAGCACTTTGGTCACTTTGGCCGATAACCGGACGTACCCTTTAGTATCTTAGGAAGTATCGGTGTGGAATTGACAGCAGGTTCTGCATGCAGTTAGATGTGTTGGACCAAATTATGGCGAAGAGAGAGCGCATAATGTTCTTGTACTACCTGTTTCGTTCCGTCGATAGATGAGGCTCTATGAGGCTCGAAGAACCAGTCAAACTGTTCACCATCTGCAGAGCATTAAAGGATCAACTTCCGTCGTATTTTCTAGGGATTGTGCTGAGAATTGTCACTAGTGGATGTTCACCCTGTCCCTTGCATTGTAACTATTCCGTACGGGCGGTGCCCCTATTAAGAACGGCCCTGAATCGATACTATCCTTTTGCAGTGCGGCAAGTTTATAGTAATTATATAATGCGGCCTATAACTTTGCAGCGCACTGACCTTACTATTGAGCGCGAATACTTAATTACGAACTTTCACTCGGTGGGATGCCGACACGCAGTTCGAACCCTGCATGGTCACTTTTTAGTGAGCAAAATCGGCGGAATGTGGGCTCTGAACGTCTGTATGAAGAGTGCCACCGGTACAGAGTGGTTCCACGATTGCAACCGCAATCCCCCCCGTTCGAAAAGTGCTGACAGCCGCGCTGAATACTTCGCCAGAGGTTGAACAGATGATCAACTATGGTAGGTTAGGACGACCACACATAGGCATCCGATCTCTATTACTTACCAATGCTAGCGAACTGAACAGTAATGTTAACGCGTCGACTAAAACAGTATACATTAGTGTTTTTGTAGGAACGAGGATGTTCATACGATAAAGGCACGTGAAGCGGCGGCAAATGAATGCCAACGGTTGAAACTCTCTACTTATTGCCTCACTGTGTGTGCTCACGGGTTAAAGACAGAGTCGTTACCGTTGTCGGGGCCGAGATTTACAGCGATAGAATTTTATCACTCCAGTAACTACTAAAACAAAAACGATCTGCAGTAGGGCGCGACGACGGATTTTCGGGAGCTCTCTTACGACCTAATGGGGGGCCATGCGGAAGACAGTGTGATTGCGGTAATCCAAACTCAACTATCGTCTAACGTTGAGGCCTTTAAGTACTAATCGGATTCAACTCAATAGGGTGCCGATAACTTTCCTCCTCATTAACTGTTCCGTGCTCTGTTCTGCCAGGCCGTCTTGGTTCTAGCAGTTTCGGTACTTAGCCCTCCGGGCGTTTAAAGGAGCTTAATAACACCAAAATCAAGTGTAGATTACGTCATAGCGCTCAACCCCAGCGATGGGTCCGACACCCTGTTTGACTGTTTTTTTGTGCATAGACCCAGGATCTGTTTTTACACTGAGTTTTCAATGGCCAACTACAGATAAGCATTACTTCTAGGGAACTCCCTCAAAGTATTTGGGTGTCGCTGTGACATTTGTGATCACCTTTGTTGACATAAGGCCAACGTAAGCATCATAGATAGCCCCCCTACCTTCCA,1878,47.92,Drosophila melanogaster
SEQ_376234,AGCTTTGGTGGCCTCTATGGGGTCCCCTACGCACCCAACCTGGTTGCCCTAAAGTGGAAGCAACGCTAGAGCCGGTCAGCGCG,83,61.45,Drosophila melanogaster
SEQ_913593,ATCCACATAACCTACGCATCCTATATGCAGCCATGTAAACGGCATCGCAGCCGACGTAATAGCCCTCATTGCAGATAGATAATTGCGAACCTAGGCCGACTAATCTCGTCTTCATTAAACTCGCATAGGGCCTCTTTCAGCGTAGTTCCGGATGTCCTGCCATTATAATCTGTCTACATTTAAGCCACATAGGCCGATACCCGCGAGTGTCGAAACTATCACTGAAAATCTTTCTCAAATAATGGTTTCCGTGACCACTCGACGGCGTATCTGTGCAGGGCACAATTGTTGAAATGCTCAACGGTAGTCGCACCACATCCGGACTTAATAAATCACGATCGTTGAACCCTCGACCGGTGAACCGTAGAGAACACCTATAACACGTGCTTTGTATACTTAGGGAAGGGGTTCCGGAAGATATGAGAGAGATCTCAGATACACGTACCGGTAGGAGTCCTTCCCATGGTCTACGCTCAGTCATTGATGTCGGCTGCTAGTACGTTAGTACCGGTTCTTTCCGCGTCATACGGTGAGATAGAATGGTGCATGCCGTAGCGTCGAAAATAGGTTTATACATTCCAGTGACGCGGTCCTGGGATTCG,602,48.01,Saccharomyces cerevisiae
SEQ_331091,TTTAGGATTAGTCGATGGGCTCGGAAAGTAAACATCGTGGGTACCTGACCTAACGTGGACGGACGAATGCGGTTTACTTTCAGAAGCGGTCAGGTGGCCAGCAGCCCGCGTATTCGGTATCTCGGGACGACGCGTTAGAGCCCTTCCAATGTCGTGCTGAGCACAAACTCTTATCAAGGACTTTCAAAACTTATTAATAAAGCTTTCCGACTATTACTCAACCGGTGTGTAGACGTTTTGTGACTGGCTATCCCGAGGTTGCTTGCAGCATCTGCGTTATGCTCCAGCTGTATTCCGTCGTGTAAGATCCTCCCGCGACCTCGGTCAATTCCAAGGCGGCGAATCTGGGAGCATACTATTTCGGGTTGAGACCACCGAGAATGGTATTTTTACACCTCGACCCGACCCGCGTTGCATCACCCACCCGCGCTTTGGGAGCTGTGTAGTGACTCAGCAAATCGGTCCTCGCCTCCTACAGTCCAGAGCTTCGCTGTGAGTCGGTAATATAGACGCCTACGTAGTCGGCATACGCCCATATCGCCCTACCATTACTGATGCTGCGAGCGTTCTAAGGCGACTTATATAGAGGGATTCGCTTCGTCACAGCCAGCGTATTGCCCTCTGAGTCAGTGCAACCGTTAACCCACATGAGCCCCGGTGGGATGAGGCCCCTGTGACTCCCCCAGTCAAGCGGGTCCCAGCGCGTTTCCGCGAAGTCTTAGGCCATACTCATAACATTGCCCGTGACCCTGGACGGGAGGCAACTACAAGCCAGGAGCAAGCGTATATCTTTCACCTCTCGGCTTGGTTCCTGTGAACCATGGATCAGAGATGCGTCATCGACTTCTGGCATAGCACCACAACTTGACAAACACTCCAAGTGAGTGTGGCAACTTACATCGTACATTAAGCCGAGATCTAACTGATGCCGCATCGTACAAACCCCTGGAACACATCTGCGCAGGTGGAGGGGCTCATGTTGGACTACCCGGCCTCACGATCGTTACACAGCTGGAAGTCTCCCCATGTAAGTAGCCCTGCCTCTCGTCGCAGGATGGCCTAGATGTGGCCCGGACTCTGTCAGTCTCCTATTTGCGTTCAACCCGAGCGACTCCGATTGACGAATCACATCATTGGTCTTGGGGCAAAATACCGTACAAGACCATCGTTAGCTACACAAGACAGCCAGGCCGCGTGGGGACGCAATCAAAGACTGTGGTTCCTCCGTGGGTGTATCTCCAATTGCGAGCGTCGGGCCATCAGTCAACATGAAGTCTTTAAGTTACTGGCGTCTGGTACAAAGCCTGGCTTGGAGACTAATGTATCCACAAAATCAGGAGAGTTCCAAAGCCAGAAGGCCAGTTGCGCGTGTAGGTGCTTCTACCGCCCCGCTTGATCGTTGCGCCTCACTCTTGTGGCTCGTACGTCTATCGCCTCATGGCTCGTATGCCTACGAGCTCAGTTCCCCATAATTAGAGCACAACGCCCTTGCCGCAAGGCTATGTACACAGCATTGGGAAAAATTCAAGTATAACCCAGACTTGTCATGAATCTTCTTCCCACCCTTATATGACCCAAAGGGCTCATAAATGTTAGGCGGTACTCTTAAAGACTACCCACAGCCGATAGCGATGCTGCTCTTTGAGTGGACTACTGGTCAAGGGCGGAGTTGTGATTTTCTCTGTCCTATTCCATTACGCACTGGCACCTTATCAATTGCAGCCTCAAGTACAGAATGCCACAGTCATCTTTCCAAGCCCCGCTAACCGGTCGAGCCCCATAGCT,1785,52.49,Caenorhabditis elegans
SEQ_552094,AGTCATTCGTTGCGGTGAGCTTGTGCATATGCGTGGCAATCAGGAGTACCTGGACTAAAGGGTGGTGGGTATCATCAGCAGTCCTCGAAAACCTAGTACGTACGATAAGCGAGATACTTGATGCTCGCAGGTCAACTTTGCAGGGAGTTACGCCGATGGAAGTATAGGGTAATCGGTATTGCACTGATGTGGTACCCATATAT,203,48.28,Arabidopsis thaliana
SEQ_684752,GCAAAACAACATAATATTCACCTGACCCAGCGATAGTACATTTCCGTTCCATGCGCTGAACCTATCAGGCGCTCCCTTTTGAAGAATAGCGTTGCTATGAGTCGCACTTCTGACAAACATCCAGTTATGACCTTATACTGCGTACTCGCTATTTCGATCATACAATAAAACATTGTACATTGATACCGGAAGGACGTTAACTGCTTAGAAAGGGTTGCCCTCGGTGACACAACTAGTGCGGTTTAGTGGTATCGCGCTCTGAGGCTAGGGGTGTGAATTTGCTCGCCACGTTCCTCGGCCTCCGTAGGGCCTGACGGTTCCATGTCAGCATAATAATCTATCGTTACTATCTTGTTTCCGCTAGTCCCCTTCGAGGTGACCAGTGATCCCCCGCCTACAAAGCCCGAAGGCTATCTACCCCATTGATGTCAACAGTAGGTCGGCAGCTTCAATCTACGAAAGACTCTTCAACAAGATTTCGG,482,47.93,Saccharomyces cerevisiae
SEQ_172391,CAGTGTAGGGCGAGTGTTATACCATACCCTTCAGTCTTATGCGGCCTGTACGTAAGATGATTGTCAAGACCAAGTACTAATTGCGGGCTGACGAATCCGTGTGGTACCGACAGAGTTGTGTACAATAAAGTGATCAAAGAGGTGAAGTAGGAATCCGTACGCGCCCGCTGTCCAGGGGAGTTGCACACCGCAAAGCTCATCAAATCGAGGCCCTTTAACGATACCGGCAAGGAACCGAATGGATACGTGGCTAAATTATTATACACCGGTGCGACACATAGTGCCCCTATTAGACAGGTCCGTCTTATAAAACGAATTTCGTGCACAACTGAGAGTGTCCAGATACCCTAAGCCTCTCACGTTTATCGCCGAGTGCAATTCGGTACCCGCACCGTAACTTGAAACGGGCAGAGATGATGGCGCACTCTGGACGACGCAAGAACCTAATGCTTTCGGGGACATCGTTTTCCCTTTTCCGTATAGCCTGCGACACGAATACTTGATGGTCCATGATTGTGACGAGTAATACCTGCGGTATTTCATAAGCACGGCTTTCACAGTATGGACTCTCAGGCTACACTACTCTCCTTACAGGTAATGGATATCGGAGTCGCTGGGGAGAGGTGACGTATAGGCCAACCTAACTAGCGTAGTTCCGTTCTCAAGGGGTCCGGCCTGGACATGTTAGTAACTACCTGCTCGGCTCAATGATGCCCGATGGACTCTTGCAGAAATAAAACTCTAGGGCGGCCAGGCAAGTGTGACTCGTGATCTCTCCGCTCACGTCGCATCGTTGCTATCTCGGCAGCTCGACTGCCTCATTCATTTCAGTGCAATACTGCGTATAGCAGGACACTGGGGCTGCTCTACATGTGGCAACCAGTTTTCTTAGGGAAGTGGGAGAGTCCGGGCCACTTATAGGAAATATAGCGCCAACTCTGCAGTTGGTGATTACGTCGGGCCGACCTTAAAGCTAGATACATCGCCCCTCTACGTGTACAATTCACAGGCCCGAAACCCAAGCCAGGTTGCTAATCCTAGCCAGCCATTATTCCTCGGGCCGTGCGATTTACAAGTGAATCCCTTTAAGTAAAGTCTTCTGTGACAAACATTAAATACGCCAGCATACGTCTGGTTCAATAGTCCCACAAAAACGCGTAGTCGACATTGCCCAACAGTACGGGATTGGTGTTACGTGCCAATCGAGAGGACTTGATAATCTTTGCGGGATAGCTTTAACCCCTCTCCTGTAGCTGCCCGCAATTCCATCACCTACGAGTCAACTTCTAGTGTCCGTTGCAAACTCGCTCCACAAGGCTTGGAGACAACATTCAGATTCATCAAGACCCTCCAGCTCCTTCGCTAGCATGGTTCATCTGAAAGAGCCGTTGGTGCCTTCTGGAGGCAGACCGAGCACGTACGCCAGTCTAAGCACCACGCTTCGTCCTCTCTGCGCTTCGATCCGCACGCATACCTCAGAGGAACTAAGGTAGTCGTTTATCGGTCCTGGAGTATTTTAGGGAAATGACACTCA,1534,50.26,Arabidopsis thaliana
SEQ_457020,GTTGTTAGGTCGAAAATGTTTAATATGATAGAATGTGGGTAAATTCCTAATCTCCATCTTG,61,32.79,Caenorhabditis elegans
SEQ_746780,GCTGGGGGACTCGTGCCTCGCGCACTTCACCCCTAGAAGTTGAAGTCCAAGGCGCACGAGTTAAATCCTCAAACGCATCCCCTGAACAGTCTGCGTTGAGGGTCCGGCGAGATGCTTTATCGATTGCCGTGGACATTTTACTAATAGTTGGAAAAACGATCACTTACGCATCCCCTACATACTCCCTAGAAGTTGTTTTCAATTCGTCATCCCTGTAAATCTCGAACTTTGTTGACCAGGCTAGTCAGGGATAATCACACTCCACTGTGTATGGACGGCGTCTAAGACTACTGGATTAGGTATAGGGAAAGAGTGGACATGTCGTCAAAGTTTACAGCGAATGATCCCTCCTCATCGCCCTCAAAGCAGCTCGCCTGTGAGATCAACTATGCCGGGGCAGCAGCCGCAGACTGCTATGTCCATGCTTCAGAATGAACGTAGACGAGTTAGGTAGATCATCAAACTTTCTGCCCATAGAAAAGCCACTGCATTTTGCGGCGCCCGGTACATTATAGAGCACGGGGAAAGCACGAGGATCTTACGTAAATAAATCCACAGTTCGTAGCAACCATAAGCTGTCAGATCTAATTAACACCAATAGATTGGCCCTTTGGCATACTCAGGGGCCGGAATCTGGCCCGACCCTCATGGACGAACCTGGGCCTTAGAAGCATTTTACGACATTCTCTGTACCATCAACGCCGCGATGGAGTCTGCAGGTCCACTGGTGAGATTAAGCGACTAGATATTCTAGCTGCAACTTTTTTGGGCGCTATGTTCCTTATATGAATCTGCAGCTTGAATTCCTTTTTAATCGGATAAAGGGTAAGCCTGTTTTACTCCATTTGTAGCTCCTACATAGTGGGAGAACTTTACTGAGAGGCTAGCAAAGCAGAATTTGCAGCCTCTAGGGAATACTTGGAACTGTATCGAAATGCCTCAACAGTGTTAGACCTCTGTCGTCGTCAGCCCCGCGAATACGTATGAGCAAGATCTACGGACTGGTCAATGCTAAGAAACTAATGGCTCTGATATTTCCATCATGGTTCACTTCCCTGACGTCTCGGTGGGTCGAATCGTCTAACTATTACGGGTCGTACCTGGCTTCTGCAGCTGTTACATAAGACAGAAATATAATCACAGTCTATCCAGGCTTCGTTAGTGGACAAAGAACGCACCGCACCATCTGCGACCGCGACGCCACAACCCTGATGTCGTCTGTGACACTCCAGCACAACTCAAACATCCTTAATATTGGCATAGGATAGACGGGTAATGCGGAACATCGAACCGGGGCTTCCCTGTTACAGGGGTACAAGTATTGTGGCCGAGCTATCCCGTCTAAGACCTATTGCGCTCGCCCGGCATTAAGTTGTTACTGATACCCTTCGGCCTGTGTGGTTACTTTAAAAGAC,1415,48.27,Escherichia coli
SEQ_987152,GTCGGCGCTTGTCTTCCTGTGTCTACGAGATCCGCAACTCTTTATCGGGTTGCCATTATTCCACGTGATGGGCACATCGTATAACGACCGAGTGCCGATAGCACCAGATCGAGCAAAACGAGGACATGA,129,51.94,Homo sapiens
SEQ_149529,ACATCGATACTACTCCGCACTATGAGGTGTTAGTCGAGGAGGGTACTGATGTGCCAGCCCACATGTTGGTCTGCGGCGGGTTTATTTCAGTTACACGCGTGTCGATATGGAGTGTTACAAATACCCAAGGAACACGAAGTTATGCAGCGCCGCGGCTCGGAAGGCCACGTTTGTCAATCCCTCGTTCGTGATCTATCGAGTTATTTAGCACTGATCTCCTCATGACAGTGAGGGACCTTAGTTTAACTCGTTTATTCAATTGGACATATCTGGCGCCGAGGGCAAGTGGCTGGCATGCAGGGACGCGTTGAGTCATATAAACGATCCTGAAGACCTGGGCTACCTGTTACTTATAAAAGACACCATTTGCTCGTTCGCATATCTGAGAATTCGCCTACCTTGGGACTTCCTGGCAAAGATTAAACCCGTTTCTCCTCTTGAAGATCAGCAGGGTCAAGGGAGATTCCGCTGAACCACAGACTACGCGCTGATTTAATTACTAACGTTCCTGAGACGCACAACAAAGGAATCACGCCAAAACGGGGGTCCTTCCGCATACTAAGGACGTGACGGGGGGTGCGTGCGTTTACCTACTGGGTGGGTATCGCGTCAGGGATGGTGATGAGAGGATCTCGTATGGTTCCGACAGTTTGTAAGGGAGTCAATCAACACGCCATGGTTGTGTATGAACCCCGAGCAACACAGCGACTTACAGGTCCGTCGCTATCTGGGGCAGAGATTCTGTGATACGTTAGATCGCCATTCGATGACCAGCTATACATGTAGAGTATTTAGTGTTGTTTCAGAACAGTACCCTCTTAGGCCCCAGAAATGGGTGACTCTGGCCTTAGATTTGACGACTGATCTGAACAAGATATTTGCACCTACGTTACTTATAGCTCAATGATTCCATGAGAACGCGGGCCTTCGGGCGTCTGGGTGATTTCAAATGGTTAGGACGTCGAGCATAGGGCAAGCAGTTCGTTCTGGGAACAAACGAGAAATTTTGTCTCTTGCAAACTTACCTAGCAACTAAATTTTTCTTCTTATACACGTTCACATTACCCTAGAAAATATTGCGTCATGGTGTAGATTTCTAGGCATGCGGCTGTGTCTGTGTTTCGTGTAGTATATTCATGCGTAGCTTAACTATCCCGGGGAGGCTCAGCCTGATGCTACACTGGTTGTGCTAGGCCGCTAGTGACGTGAATTAGCCGGAACCCCACCCTGTCCAACGACGCAGACATACCCGTGTTTCGCAATGCTTTCGGACACCCTTGCAATACGGGACGCATAATCAGTGATACAGGCAAAAAGCAGCAGTACGACTTGGGCGAACCCGAAACT,1347,48.85,Arabidopsis thaliana
SEQ_918353,ATATGGCGAGCAGCATCGTATCGCTTTAAGATCACAGTCCAATAGCCCCATAATTTTTCCCAAGAGCTTAGCGTATCTACATTTCTCCAGACCGAATTTGACTAGACGAGCTGCTAAGGTACAATTGCATGCCGGGTACACCTGAATCCTCGTACGATTTGGACAGGAGTCCGCAAGGACGCATAAC,187,47.06,Caenorhabditis elegans
SEQ_198399,CTCCTATGCCCCCGCCGAGTTCCGGGTAGGAAAAGTGTCGTGTCTAAGCGGTGCGGTCCACACAGCGAGAATGTATTGGGCGGAAACGCATAGGAAGTTCGACGAAAATCGCTCGGCAGGAATGCTGACCACGACCACATAGCCACTGAGTGCCGGTTTAGTATGCTCTTAAATAACCTTGTTTCGCTTGAACCCAGGCACCGACTGTCATTTTCATAAAGAATATCTTTCCCCGCCTGCCGACATATCAACCCAGGCTTATCTGTCATTCACTGGTATTGGCTTGCACCTCTCCCTTGAGAGTACCTGTCATACTAGCATGGTGACTCAGTATGCGGACTGGAAGAAGGATCTCGTTGCGTAGGGTTGCCTGTGCACGCACGCTGGCTATTCGCGGCATGCGCCAACACGACGGCAGGCAGCGTCCGGCGATGTAATCGTTGGTGGCACGACCGTGTGGCGTCTTAGCGTTTTTCTACGGCACTTGCTCCGCCTGAAGGAGCCACCGACAGTGAAGGTATTAAAAACCGCGCACATCAGTATCCTAGCTGGCCATATGGTATTATGGTTAGTATATCTGACGCGATATCAGACAGAGCTATGAGATGTTTTCGGGTCGGTTGCAGATAACATCGTCGGACCTCCTGAGTGCTTGCGCAGGGGCGTTGCCTGCTCTACTAGTAGGGAATCCATAACGGAAACTTAAGCCAGGACTCTAGCTCGGGTAGGTGCCTGAATAAGATTCCTACCTGTGGCTTCGTCCTCAACCCGGAAGATGCGAGACAAGTGACGGGTCGTTAAATTGAATTGATGGATCGCTGTTCCCCGAGATGTCACCAGCGACCGGCAGACAAACCACAAACAAAACCGAGCAGGCCTTAGCATCCCAATATGCTTCCCGACCAGAGCCTAAATTCTGCAAACTCAAATGGGTGCCACGAGCCGGAGCATGATTACCGTTGATCGCCAATGCGGGGCGTCCCCATAAATCGATTCTGTTCGACGCATGTAGCTAGGCTAACGGCGGGATGATAAGCTATCACTCAACCGACTTGCGCCCGAAAGGCAGTCGCCTCATACTCTACGTCCAGCTCCACCCGTTACTATGTAGTATATCAAATGTCACTAAATTCGTAAAGAAGGAACGGAATCTAAATACGGGTATAGAATAGCCATGTGCGGGAACAGACTTACCCACGCGACTTGCATCGTTGAATTGAATGTCGCTATTTTGCGGATCAAGGTGCTGGATAACCGTTGAGCCTGGAATGGGGATTAATATGCATGTAGACAGGTGTACTCAGTACCCCGAGTTCGGTCAATGTCTCTGGTCAACGGAGCCACATTGACCAAGGTTCAATATTACCAGGTCCGAACTAGCTTTAAGATCCAATCGTGGGGCTTGACGTTAGGACTTATGCAGAGAAGCAGTATTGTCAAAAAGAGGTAATTGAACCTAATTAGGTCACTTAGGCAGAGTATTCTGTACCAATAGCCAGGGGGTCCAGGGGTGTACGGCCTTCGCGCTCCGCAGACCCATGCCCATCCGCTACGTGATACCCGTCTGTGTGCGGATCCTGAAGCAATCGAAGAGGGGAAAGTCTCGTTAGACCTGTATACCGCGTTATCTAGCTCGTGTTTCTTCTCAGAACATCAGACTCCATATCCGTATGTAAAACAGAGAGCAATTATCATTCAATACACGCCTATGGAGGCAGAGATGCATGTATTGGCTCTAGCTGTTTAAACAGAACATGAGAGGGCACTGCCGGGGAGTGGACCCTTTCGCGATATCAGTTAAACATCAGCTTTCGTAGATCCTGAGAAAATAGCTCGCTGGTCTAGTATCCTAACCAACTAAATGCTGAAACCGAACTAGGGCGTGCAGCCGGCCATTACGCTCATATAA,1909,50.29,Mus musculus
SEQ_797744,TGGTCTAATGATCACCTATGTCTACGTAAGTTTATTCAACATTTACGATTCAGGCTAATTCGCCTTCACGAGTACAACGTGCAACCACTACAGCCTAGTGCTTGCCACATACCTGCCTGCCCTGAGTAGCCGCGCTTGACCTTGCTTTGAATAGCTTCCAAGCTCACCATACGTTGAAGAGGCTGCCGTAAATCGTACTATATCTGCGCGTATGAATATCCATAGTCCTGAGCCTTAACGAGTGACTCCATAGCGGCCCCTTAAACGATCCCTGTAATACGACCAAAACGTTTTGTGTGGGAGGTCAGAACCAAGTTCGCGCCAACTAGTCTATAGGGGGTGGCTTATATAATACATGTTATGGAGAGTGCGTCTCAAGTCTTATTCGTTGATAACGACTTAGATGATGGCTTGTACAATATATTGATTATACCGACGTACTACAAACAGCTGACTCACGGGTACAGTGTCACTACCTACTACTGTTGTGTACCGGACTAAAATGTGCCGGCTAGTTCAGACTATTAGACGGAGCCGCACTCCGTTTGGAGCTTAGATACATTGCCGTTGGATATTCCTCCTGACTACGAATGCCCTTGACGTCCCTGTGTGACCGATGTGCCGAGCATACGATAAGCCGTCCGCCCTGAGAGTTGCGACAGGAAAAGGAACGTGGCGGGCGATCGCACCCCTTCTTAAATCGGTAAATGGGCGAAAGCTTGTGTGCAGGTACCCAGATGAGGACGCTCGCTGTGACGTCAATAAAGGTGACGCAAC,777,48.39,Homo sapiens
SEQ_970771,CTCGAAATTACAAACACGTTGGGGGGGCCGAGGACTGCGTTAGCAGGGCTGTTATGAAAACAAAGCACGGGTAATAACTTGTCTGGTTTTGTTCAGAGGGTAGAAACAGGCTATTTCTCGGATCAGCCCGCCACATCACAGGAAGACTCGCTGACTTCGCTGGTGAGTAATCAAATTCCATCCCGGGTTTCCCGGCCGATGCGATCGCGCAAACCGCAGTGTAAACAGCTGCGCCCGCATAACCGGAACGATTTCATTCAGCATCGTGGTTCGCCGTAACCAATACTCGATCCTAATTCGAATTACGGGAAATCACTTAACCCGGAGCATGGTTAACCACGACAATTTTTAAAACCGGGGCCCGCGCTAGCGCGGTAGCT,380,51.58,Arabidopsis thaliana
SEQ_994815,ATACCGGGCGATCCGAAGCAACGGCGTAGTGCAAGTCTAATAGGAGGTCTAATGCCGTGACAGAGCATGGACGAGTCTCTACTATCTTCCGCAGGCCCTAAAATATAGTGATGTTTATGCTCTACGCGCCTACATAGGAAGCGATGAAGTTTTCGAGCCGTCTAGTCTGCATCACAACGACTGAACCGTTGTGGCTGTTAGGGTTGGACGAATGCCAAAAACGTTACGACCTTATTTCTGAGCCGCCCAGGCCTGAGTTAAACCCTGCCTCCGGCGGCCATTTAAAAACCCATAAAAAGGGGTGCTGCATTACGTGCCGGTCTGGTCATCCCGTCACGCCCCGTACTGAACACCACAGTGTTCACAAAAGGGCACACACGGTAGAACCGCAGTTAAAGGGTGCCAGGATAGGTACACGCGGTACCAGGATCGGGCGGTAATCTTAGAAAGATGTCTAATCTTTGGAGGGTGCCCGGCGATGGATCTAAAGGGGCCTGTTGCGAGCGATACATATAAGTATGTGCGTTGTGCACAGGGTAAGTCGTTGGTCTTTGTTTGTGTGGGAAGGAGTTCGTGTCTGGCTTTTACCTAGACCACTCCACAGTGACATTCCTTCCTTCCATGTTGACGAGAATCGGATCCCCCTCGATTAAGAGGAGATATTTAATTTAAACTTCATAGTGTATGGCGGAGGGCCATGAGATAACTTTACGTCAGCACGCTCGGAATGACTGGTGTTCAGACTATGACATCGACACGGGGCGCGGAAGGAATAGTAGTTCACTAACCGGGGAGCGGACCGAGACGTCTTCGATTATCTATTTGCTGTAGCCCAGCTCTTATTGCACAACCCGGTGTGGGGTATAGAAGTTCTGTTATAGGCGGTCGCGGCGTGTTAAAAACTTTGTAGGGGACATGTTCAGATAGTTGATATCCGCTAGCGAGTTACGCTCAATAGCAAACCCAGCCGCGCGGGGGTACAGTGACTTCCGGCTCCGAATTCCTCACGGTTACGAATCATCCGGCCGTCAACTGACCCGACCGGCTAGATTACAAGAAGGTTCATTTCACATCCGCTGTCTATATTCCAAATAACCTTTCATGTATGGTAAATTTTTACAGCGATGGCGCAAGACCATGCGCGGCTATCTCTG,1154,50.26,Saccharomyces cerevisiae
SEQ_941962,ACACCCAAGTTTTGCGATTCCCTAAGGGGTGCGCGCGAACGTTCCACACCGCCAGTATGGGTAGTAATTATCTGGTGCCTGCGGAAGTAAGAAAGGGTCGTGATAGACGCACGGTCGAACTAAGGAAATTCTATCCAAGAGCACTCTAACTTATCGAATCGCTGCTTGGATGTACTAAGAGCGATTGCGCATAGAACTCAGCAGGATCTTATCGCAGCTAAGGTGCGAAGTCGAATGCATATCGGCCCACTCATCGCGGACCGGGCTTTGTGCCTGCGACTCTTTTAGGAGTGAGCTATCTTCGAACTAGG,311,50.8,Caenorhabditis elegans
SEQ_443078,CTCTTTCTACCATTTGGGCGCCCAGCGTACGGGGGCGTGCAGTAAAATTTTGTGCGGTCCTTGGAAGTTATCTGAACCTCAAGAAAATATCACCTATTTGTCTTTTTGTACCAACTCGGCTGGTCAACGTTTGTAGCCACAAGCTCTTCAGCACCCATCATGACACCCGCGAGCGCGCTGTCCCTGCTATCTGATGGTCATTCGTCTTATGGGATAGTAGGGGCACCATGGCGAATTTCACGTATGAGGCTGCCCGGATATCACAGTAATTTGCAAACACGGGGTATCAACTGTGTAGTACAACTGACATGATGAAACGAGATTGAGATCTCGACACCCCTCCGTTAAGTGGACCGTCTTCTGACTGTTCGGTCGCAATATTCCCACAACCTGCTACTCTCAGATCGTTGTCAAGCCAAAAGGAGCCAGAGTGGCTCGTCCAACAAGGGAACTACCAAACTGGTTTTGTTCCGGAGGCCTCTTTGTCGTACATTTTCTATGCACGCCAGCAGGACAAACAATCACAGCCCAAGTCGAAAACCCGGCGGCTGGAAGTGAGTGTGAGATATCCGCATCCTTTCTTTTTTGCTCTTGTACCGGTACACGTTGCTAACGATCACGAGCTAATCCGTTGGCCGCGTCCGCACCTCGACTCATAGGTGGAAGTATCGTGTAGTATGTTGGCCGCTCTCGGGGGTACGCTAAGGACCGTTTCGCATGTGGTGATGCATGGCACATACTACGTCTGGCGCTGTTTCTGAAGTTGTGATGTCAAATGAAAACATCTCAAGAGGCACTGTCAGGCTGATGTTTGAACCTGTGTCGCCTTGCGCTAAAGGTTCATAAGTCTGTACGAATTGACAAGCTTTTGTCTACCTCGCGAATCAGTGCCAAGATGAACTTACACCTATTTCCACACAGGTTTTAACTGCCCAATCGATCTCATAGGCTGATAAAAGCCGAGGACATAGCCGGGGGCGGGATAGGAACAGAAAATAAGCCTAGGCGAAGCGCTCTTCGAGTCATCAAGTTGACCTCTTGAACGTTACTGGAACAGCAGTGTTGACCTCAGAATGTCGGATGTGCGTTTTTTTGCGTGCGGAAGTAGTATGGTTGGGCCTATCACGTTCCTGCGGTGGCTACGAGATATAGTCTCTAGGATGACAGATGTTTAGCATCAGTACCGTTTATAACCTATGTAACGACCAAACGAGTTCATGAGGGAGGGGGACCAACTCCGCCGGCTGCGACCTCTCACTTAGCCTAGATCGACAGAAGGAGCCGTGCGAAAGCGGCATCAGTTCTAGACAGTGTTTTGGGCCCATCTGAATTCTGAGTCGCATGGACATTCCACGCTTTGACGACCGACATTAACAGTCACAAGACCCTTAAGGCAAACTTATATGTCTGTACGTTGCACGGCCCGCACACTCATGCTTTTCAAAGAAGGGACACTCTTAGTTACTTGAGGACTCGTTCACTCATGACGGCCCGTATTGCATGAAGCTGAATTTTGAGGTTATGGATTGGCCGGGGGATCAATAAGAGGTGGAGTCCGCTTAGTATCCACATCGTCGGAGCCTTGGGAAGCGGCC,1595,49.78,Mus musculus
SEQ_338114,GATGTCCGGTCCTCTGTAGCTGGTTAAGTTTCTCCAACCTTAGTTCCTCAAATCCGAAATGGCTGCTACTCATCGTTCACAAGTTCTAAGTAACGATATGGACGGCATGCGTTAAATTGTCAAAATCAACATAAGTAAGGTAACTTGCGCAACACAGCTAAGGAAGAAATAGCGCAGACATGCCACAGGAATACTTAGGCTAGTCGGGGGCTTATACGTTTTGGGTCGATGGGCGGTCGACGCATATGCGGCGACACAGAGCGGCTTCTGCTCGACCGGCGTCGTTGCCCATCGGACAGTATCACGATGCCAAGAATCGACAGCCTAGACTGGTGACACGGACCTAATGGAGAGACCACCTGGCTTTGTCTTCCCACGAGGTAAGTAGAAGCATACGTACATCCTTTCAAATCAGCTCCACGATACTATCAGCAATCCCCAGTACGCCACGATGTTTCCAGCGATATACCAAGCGGGTCGCCCTTTACGATCACTATCGAGAGTGTCCTCGAACGATTTTAAATGGTAACTCGGAGGTATACTCGCAGTGGGTCTCCCACTCTGCAGCCCTGCGAGGTTTCATTTTCATGAAGCCAGTTGAACATCGTGATTGTGTGGTTTGGAGAGTTCAGTAAACGTGCTCCATCTTGTGAGATCGGTGAGATCTGTGTGTAACGCTCTAACGAAGCAGTTTTTAGGTACCTGGCGGATACAGATCGTAACACTTATTGTTATATCTCTTGCAGAGGGTGGCCAAACTTAAGGAACGAATATCATATTGACTTAGCGCTCTACGGTCGGCCGAAGCTCTGAAAGGGCGGTTCGGCGAGGTTAGCTCTTCTCAGATCGCATCTCTGCTTCGAGTAAGGATTGGCAAGAAACTTGATGACTGCTTGCCGACCAAATGGGCGCCACACCTATTCCAGACACAGAAGTGCGTCGCTGCATGTCCTCCAGGCCATTGTAACCCTGATGCGAAGCTCGAGATTAGTGCAATGATCTGAAGAAACACATGTATCGGGGAGTAAATGAGGGGTGAATTTTTATTCTGGCTTCACCTTATCGTGCGTCGGACGAGCCGGGATCCGGACTCGGGCGAATCTTGGTGATACCGAATCCAATTCGCCAGGAAATTCTCTTCGCGCTGCCCACCGTAATCGTACTCGATATTGTACCATAATCTGAATGGAGAATGGCGTACCTCTATCACCACGTCCGGGTTTTTCCACTGGCTGTAAGGTACTAGGCTCACGTTTCCCCTTGTCCTACTCGCAGGATGTTACCGCATTCCTTGAGCGTATTCTGGCCTTAAACACTTTCTCGTAGACGTTAGTGTGTTTCGCGATGTCTTCTGTCAGGGACTCATATCCAGAACACTGCCGGAAGGGTGTTATGGGAACGCTCTTGTCGATGGGAGTCATAGGCGTCGCTACCGTCCTGCCATTTGCAGGCAAAGGTCCGCGACACCGTATTCGTGGGCGACGAATTTTCGTCAACTACTGCTGACAACCAAGTATAATGGGTTAAGCGGTTCAATGAGCGAGTAGTTTGTCAAACCCGCTCGGGCTTAACGACAACTGTATGGGGGAAGAGGCGTGCGGTGGTCCTCTAATTCAACAACTCAACTGCCACGGACAAT,1639,49.85,Homo sapiens
SEQ_285702,GGCACCCTACTACGGGGGGCCAAGCAAACTGAACTGGTTCCGGCCCCCCTTATATGGGGATTGGTTCGAAAGCATTACGCAGTAAACCTTGTGCGTGAGAGATGCAGGTATAAAACGCGTGATTGGCCGCACAAAGAGAAACCAAAACCCTCAGGACAATTGTGGGATGGGTAGCTTCCTCACGAGTAACTTACTCATATCGGATAATCCCAAAATTCTGACTGTTGGTGTGACCCGTGGATTAGGACCGGCAACATAGGAAGGGTCCCCATGCGGCTCATCAGGCAGCCAGCCTCGCTGCGCGTGTTATTATACGACCCATTTCGGCGGCACCAGTGCCTGTGGGCGTAAGGGTACGCAATGCACTGCCTGTTTGGGTTTCTATATGCGTCTGTAACCAAGGGCTGCGTTAGAGGAGCGGCGGCACACGCAACGGTTGGGAAATTTGCAATCAAATTACGGGCCCTAGCTGGGCAGAAGCAGTCCCAAACAAACAACCCTTCTGAGTTATGTGATGCACTCTCAATGTCATTCATTACAAGCGTTAGGAGGGCACAGTAGACACTCTTGGCCCGCCACTGGTGGACTCGGTGCTGCTCCCCAGGAGTCCATATAGCAAACGGACTCAGCATTGGATCTTGTGGAACGAGCGCGGCTAAATAGCTCAGCAACGCAAAGACGTGTCGACAACCGGGCACTCATCCTAGTTGCTTCACGTATAGCGCATCTACGACCACTTTCCACTGTACATAAGGATATGGAAAACCAACCGATTATTGTAAAATACTACTTGTAAACGTTGTAAACATATTGCCCCACATACTTACCCTCAACGCAACATCGGCAGGGTTGCGGGGCACTGCCGCCTTCGAGCTATACTGGCTATGACAATTCCGACCAAATCGTCGGACCTCCTCTGAATGGTGCCCGTTTACAGAAAAGAAGTGCCTATAACTTTGACACCCCCAGCGGAAGAGGTAATCCGCAAGATACAGTCGCCTCAAATGCCCAGTCGCTACCATAGGGCACGCGTGGCGCTGGGCATGCTACGGATTGGGTGATTAAAAATTACCCTAACTCCAAATTACTACCAAACCTACGGTTCGCCTTGTCTGGGCTGTGCTGGGGTTGTGGCATTTAGACGACGCAGATCTCAATGGTCTGTATTACCTGAGAGAACGGGAGCGTTACGGGATAAACAATACGCTTCCTACCTCACTGATAATACGCTATCGTCTAAGAATTTAACAGAATGTCCGTTCCACGACTTTAAATTTACGCTCCCCAATGCCGGCACAACAGGTCTCCATGATAATGACGCACGCTGCAAGCCTGCAGATGCTGGGCCACGGAACAACTACATCTCAGATAGGGACGTCACTTTAGATACTCACCCGAGTAAGTGACGATCCCATGCGGCGGCAGGCGGCAAAGGTGTGAGTCCAGCTGGCTTCTTTGCGCTAGGAGATCTATTCGATCGTCATTATAAGTTACGAGCTCATTCACTGTAGGTAGGGTTTTGAGCGTGGGTTTTGCAGCCGGAGTTTATATAAGAAAGGGATAGCAAACATGTACTGCTAACCCTCACGCATGTTGTCCCAGCCTAGCCCGGGCAAACGGAGGAACGGCTGAACCCTCTGATGCGAGAAGCGTTTTGGTCCGAACAACGCTGGTTGTACGATGTGCTCAGTGCGTAGGTTGCAATGGACGTAATTCTGCGATGAGGACCCGACCCACTCGGGACTGGCAACATG,1754,51.25,Mus musculus
SEQ_973724,TTCTAAGGACCCGGGAGTGTGGCAGAGAATGTAGGGTAGTCGTAAGCAACACCGCAAGGAGCCCAAACGATGACACGAACCGTAACAGATGATCCCGTCCCTTACCTGCCCCAGTAGTCCTCAGATAACGTGTCAATCCACGGTCTACACGGTCAGTGGTGAGGCCTCCTGGAATTGTAGCAATACTCATCCCACCTCTACGTTGAAAAATACCACTATCAGCCGGGGAGGCGAGACCGTATCTCTCCGCTCGCGCCGAAAGGTTGATCGTAGATTGTGAAAAACGACAAGCAAAGGGTATACCTGTTACGTAGCCGTGAGCTTAGGAGGCACCAGATTTTCAACATGGATGCGTAGAGTTTGTCACCTCTAGGCAGGTCGATACGATCGCGTTTTGTGGGTGCGCATCTTGGGTCCCCTCTTCTCGGCGCCTTGGCGAGTGCGTTGGCTTTCTAATCGACAAAAACTATCTTAAAGGTTTTAAATTATTTAGATTGTCATGCACTAAGCGCATCTGAGTATCATCGTATCTCCGGCTCCCTTGATTTGATGCCCTAGACCCTTATACGCATGGGCTCCCGGGGGAGTCCAGACATGGCCCCGGTGATTGGTATTAATGTCTTGGTCATGAGGCATCATCCCCAATACATAATCATGATGATCATGCGATCGAGCCAGTGATAGACTTTGTCCATGGTTAGGCCCACAAAGTAGCTGACCACAGTGTGACATCTGGAGCTATACGCAGAGCTTGCGGAAGGCCATGCTAGCTGAGTGGTTAAGCTTTGCAACGAGCCCCACTCACTGCTAAATACACGGCCTGGTGCGTCACCTTTTTAAGTAATAAGGAAACCCACTCCTACGCATCTAAGAAAGTCCACCCTTTCTCTAGACTACTACGCGACCTCGGATTGGCTAGCTGCCCGACCTTGCCCTTACTGTGACTGAATCTACTCATTACTTTAAACTCACGACCAGAGATCTGAGGTCTTCAGAATGTATGTACGGGCAATCAGATTTTTTGTCGGGATCAAGTCATCCCAAGACTCTAAGACCCGTACGGTGTCTGCGCTTACTCCTTACTTTCCCGTATAACCCCCAGTTAGACATGAATGTGAGCCTTAGCTAAACGTAAATCAGAGCGACAGTGGAACGTTCAATACCGTTGGATGCCTGTAGATAAACGGTTCCCAGGGAAACCCACTCCGTTTGGTAAGTCTTATAACAGGTCGGGCCTAAATTCCGCCATTGCTGTTAGCCTGGGCAACATAATGTCTTTCCTACGCCATCACTAGAACAGAGCTATCGATGTTCTGGGCCAATGACTATAACTCAAATGTATGCTCTACGGAATCGCGTTGCGCCCTCTGTGCAATACTGGGTGTGTCGGGCGGCAACTTCCTTTCGCAGCACCAATGTTATAGACCAGTGAAACATTAGATACGACCTGTGATTTGATTGTTAAGCTTCACGTGCACGTACAAAATATGAAGTTTAAAGGGTACCCTCACGCCTTAAAGTCAAGAGGCGGTTAGGCTCAAGCTCACCAGGTCTGATGACAATGACATGAATTTAGATTTTTGTTGTCAGCTTCACAAGCATGTCGTCGTAGAAGGCGGGTGGGCGGCTTATGGGAGCCCGATTGAGCACTTGTTACTTTATGACGGCTCAATCACGCTCACTTCGTATCGGCGGGCTTTACTCC,1705,48.91,Escherichia coli
SEQ_708755,CTCGGCCCCCTGCCCAGGGAGAGTCGTTTAGCCTATCCCAGTCTCTGTCGTATCTCATTCCAACCGGCCCACCGACAGAAAATTAGATAAAGAATGGATGTCAATTCGGGGGAGACGAATAAAGCTCGCCACTGATCGTTCCAAGGAAAGTCCAGAAATTGTGCGCTATAGGCAATCTTAGAGTGGTGGCCGACTCCTCCAATTATGCTAAACTTTACTGTTCCGTGTTTTCCTCGTAAGTCAGTGCCCATCAAAT,256,48.83,Escherichia coli
SEQ_825343,TGAGCGCCCAGGGCTTCGATTCTCTCGAGTTCACCTGTGCATGACTCATGTCATGTTGACAAGCCGTTGCACCAACCTCTTCAGAAGCGCTAGACCCGGTGGTGACTTGGACGTCCCAACGTCAGTCTTGGGCTCCTCCATGCTATTGCAGCATTAGCCTCATTCTCGAGCGTACTCTGGTAGCGAGCGCCCAATGACGGGCGCAGACTGGAACCATAGATGTCGGGGCGGTCGCTTGTTGGACTCTGTAACCTTGTCCGCATTGGGCGGTCATCCTGGCTGCGACGCGAGTATAAGCACTTTAACCCGGCCGCGACCGCCGTTTTCATGTTCCAAGTCTCGTCGACCTTTATGTCACCTCCCCGTGGAATAAATACAAAACCTCGGAGGTCGAATGATGCTGGCCGTGCGCCCGCCCATAAGGGTTGTCGTTAATAGTGATGCCCCTTTTAACATTAACTCTAAGCGACGCTTGAGCCCGATTTACGCCCTGCCTACACCCCAGCCGACACCTCTACGGCAGGTTCGAGAGAAAAGGTGGTCCGTTTATCCTACGGTATTACTTTAAGTTGTCGATCTATTAGGCATTTTTTTCTTCTAAGAGGACCGAACCACTGGGGGTAAATAGTACAAAATGCATGGACATAGAGCCACCGGCTGCTCCACAGGCCACCGAGTGACCCGGGATGTTTGAGCTAGCTTATGCACAGAAATGCTATCCCGGATAGGACTATGACGATGTTAAGGGCGTCACACAGGTTCAAGTAGTGAGCTCACAAGCGGGTATTCCGCCGCAGTGGAGATAGCACGTCGTGCGTCCCTTGCCACTTATGAGCATACGCTTAAACCATTCAGCTACGCAGCCGCTATTGGTGTAAGAAAAACCAATCTTGGTCGCCACGGAACGCTCTCAACCACGGTGGCAATCCCAATACGCATTGCGGTGTCACAAAGAAGTGTTCTTTGCTGTGACAACCATACCCGGACTGCCTAGCGCTAGCTGATACGATCACTGGACTGTACCGAGGGCTACCAAGGCTGGAGTATTTTACCTCTCGTGGTCCCTACGTGGAGCTGGCAAGAAGGAGACGCTACAAGTGTTAGAACCCGAGATGACACTGTGTACGCAAATTACTCGCAGTACCTTCGGGTCGTGGGGATAAATATCTAGACTGCAGGTAGCTCCTGCTTAGGCGTCGAAAATGTACCAACGCCCAATTTAAACTATTGGGAAGTACTGATTAGCACACGTCGGCCTCTCATGAAGGCCTACCAAATCCGCATCGGCCGATACATACCCCCGCCCGGGTTAAGCCGCGGAATCGACACTAAAATCCACTCTTCATTCTGGAGCACAGAAGGGAGGAGGTATATGAATAGGTCTAGGATCTAGCTCGACGAAGAATGATTCGCTGTCACCGTCCATTGGTCATAAATTCGTCTCCCCGTATAAACATAATATATCTCACTACGACGCATGGGACTCAAATTCCGCAATATATTGTAACAACGTGTACTGGCTCGAGTCGCTGACAGCGAAGGCCACCAAGCGCGAGGTTTTTAGCTGAGTTAGACTCCCTCAGACGAACCAAACGTACCTTAAGTACCACCACTGCGTCGGTAAGTTATGAGCCGGTAATTGCGTTAATATATACGTGTATTAAAGTC,1668,51.2,Saccharomyces cerevisiae
SEQ_707905,GACTCTCTCTCTTTTGGCAGTTGGGATGCCTCCGCGCACGAAGATAGAGCCACACCTCTGACACGCTTACGAGAATAATGCCGGTCAGGGAGAAACCTGACGACCGGACAGGACCCCTGGCTTGCCTCACATGATACGCGAATATGAGCGAATGATTAGAACGCTCCCACCGTGGTTTTACCTTCGCCAGTGGTTAACGTCCTCACCGCGTAAGTTTTTCTGTGTAGGACCCTCAGGCTCGATCGATCTGCGCTTCCCAATATCCACCCTCTAAAAAGCTTTTATCCGCAGTGGCGTCCACACTAGCAGTTCGGTACCTCATCATGGTGGTATGGTGTTCGTGCCGACTTAATTTGGTAAATGTAATGAAGCCCGTGCTATTCATAAAACTCATAACCGTCCACGGCTTGCCCCTTGGGATGAGAATGAGCAACGAACGGATGAATCTAATAAATGATAAATTCTTTTCTTTTAAGTCAATTGCGACGAAATTGCGCCCGCCATGCATCGCTGTATAATACAGATGAAAATTCAGCATCGGTTAGACCACAAGACGCATATCGCACACCCCTCTAAAGCTCATGGCCCGTTATCAGAGTGTCGGAAGTGAATTACCTGGCTCTTATGACGTCCACCCGGTGAACTGGGCTGGACCTCCACTGACGTCAGATATTAATGGCACGAGTGTACGACGATGATTTCAATATGCCCATAGGTTGAGAGCACGACTAACGTGTTTCGAGCGAATTACCGTAAAAATGGCCAATTTCTAAACCTCCATAGCAGTAGATGTCCCGCAAAGTCATTGATGCTCAGAGACGCGCGAGATTTGACTCTGAATTGCTAGGCAAGGTGTTTTTAGAAGACCACTGGGTCGATCTGGCATGAGCGCGCGGGCGCCTTGTGCCTATCCACGTGTACTTAAGGATGTGCAGAACCTTACAAAGCAAGCCGTCAAGGGAAACAACGCTGCTCGCGCGAGGGCTTTTAGGCACGGTCTAGGCCCAGAATTGGTGTGATATACACTCTTTGATCGACTTCCCGGTCTTCATATGAGGTTCGTTGCGGTGA,1071,49.39,Drosophila melanogaster
SEQ_614270,GAAGCTTTTCGCGATATATAGTAACTGGGATTTAGAGCAAACGGATACTGAGGCGCACCCACGGTATACATGTTGCTGACGGTAGTTGGCCAACGAACTTGGTTTTGACAGCTTACGTTTATGTAACTGGACTGAAGAGCGTACTACCCGTCGACAGCAGCGCCTTATAGGTCTGATTTATGGTTGATCCGATATATGCGAAGCGCAGACGAATGGTGATATCATGCTCCATTATGCGCCCTGAGAGCGCTCAATTCGACGGAACGTCACGGGCGGCGCGAGGAGCGATTGCATTATAACAGTCGGTAACGCATGTTGATATTATCTTTGAGCTTTCTCCACGCTCTTTGTCCGGAGGCTGCGCTTTCGTTCATAACGAGTATTGCAGAGATAACGACCCATCTGGCTGATACGGAAGAGCCCGCGAGACAACGACGCTCGTTTCATTTAGGGGACGAAGCCGGCGTGTAATGTACATGCTGCTGACGTAGTGATATTATTGAGTCGATAGTGCAGTCAACCAGATATCTTAATGCTGACGAGTTCCGAGGGGCAAGGGCGGCGTCTACCGGAGCAATTTAGCGCCGATACGTCTGCACGGCGCTAAGAGCGGCCGCGATGGTAGGCGATCGCGACTGGGCGTAGTCCGAGTACCGACATTTATACAACTAGTAGGAACCTTCGCCCTTTCACTACCTGAAGAGTATTATACGAATGTGTCTAACACACGGACCTACGTGGCACAAGTGCTATTATGGAGAAGATGGTCCGCATAGCCTCGCTCAGGACAGAAGCCCGGCAATGCGCAAGATGACGAGAGAAAGGTTGACAACTCCATTTCGTAGCTCATGAACAGGACCTCCTAGAGCTTCTTACGAACTCTGGGGCGCGTATTATAACCCGATGTAGGAACCCATCTGAGTGTCTCCTACACTCTACCAGCGCTTCCATTTTTATTCCTTCCGCGGAGCCGGGGAAGCCTCCGTCAGCGTGTGAACTTTAGAGCGGGTCAGTTTCACTACGCTCCTCTTATTTTCTTGAATGAGAATGCGCCGGTCCTAGGGGAATATAGCCATCGTCGACTATCTCTCTCCTCGACTGTCCGACCCGAGTTCGTATTGCCGCTCGCACAGTGAAGCGGTGCAGCAGACTGAGGCTCCCCGGTTCTGTGCATCGTCTAATCAAATTATCAGTTGGCATCTGTACCTACACCGTTGGCGGCACGCGGACGACCGCAGTTATGGTGCCTAATGA,1254,51.52,Drosophila melanogaster
SEQ_673860,TCCTGCACGCATATTAAGTCATCGGCATCTACGAGGTTAATACCCACTAGCTTAGTGGCCCAACGTGATGGAGAGTAGACCTCGGACTAAGCGCATAACTTATCATAAAACCCTGGTTTCCAAAATCCGTGTACCGGAGGCAGTGATGCTTGTCTGCCATGGAGATCCCCATGATAAGTGGACATGCGGTCGAAGAGCGAGTTGTCTCGTCGTGTGATATGGTCTCCGAAAGATATATAGTCCCTTTTTTCCGCACCTCCTAAAGATTAGGAGTTGCATAGGGGCCGTACTAATCGGTGGCAAAGTTGAGTAGAAGCTTCCCTGAAGAGGGGCCGGCCGATATCTGGAA,349,49.28,Escherichia coli
SEQ_280729,CATTAGAATTATATGCACAGGGAAGGAAGGAGCCCCGAGCAGCCCTCGAAATAGTTAGCGTGTGTTTTCGTGATACCCCGTATCGGAGGTGCAGGTTCACATAGTACGCCGCAGCTGTGCACGATACCGTCAAAATAGTTAGCCTATACCGACGTGCGTTACTGGATACTGCCGCGAGTTCTACTATAGGTACTAGTGACCATGCCATGCGAGCTCCTTCCTAGTCAGGCGTAATCCTTTGTAATTTAGCCAGTGCACAAATTCCTACGTCTCACTGATATGATATTCCTTGGTTCTTCGAACTTGGACGATGGATGGGGAGAGGTGTAGGAATTCGACCTCGTCAGTCTTAGATGGCTAATTAAGCAGTTCAGGTGGTGCCTCTCGAACCTGTCACTTCTTATACGAGAGGCGGATGCCTCGCGCAGAGGCGGATTCCTAGGAGGACGTCGGTCACTCGGCTAGGTGGTAATTAAAAAACCCTGATGAGATATTATTTCCCCTATTCTCACGCCCTAGGTAGCCATAAAATCATGCTCTTATCGTTATTTTCTCGGGACTGCAAGGCATAAGCCGCAGCTTACCCTAGCACCATTTTCGCAGTGCCCTGCCAGGTATGTGCGTAAACATACTCCGCAATCTCGGATCTTTCAAGTTGTGTTATTTTTGACGGAAGCTATGTTCTATGGTCGGAAACAGGACAAAGGGTAGTCTAGACGTCAAGTGTGCGTTCGACTTTCGAAGTAAGATGTTATCCTCAGAATCGCATTATCTAGCACTATGCTGTCTCGACCATCATGATAGTTAATGATGTGCGGCTCGAGTAAATGATTGACGCCGTGCATCCTACAGAGGCTGAGTCACAACCATTGAGGCTAGCGCGAGTCCTGCTACCAGCAAAAGGGTGCAAGTACGATTTTTACAACTGGAAGACGCTTCCCGTAAAGCCCCTTAGAAGAGATACGTGACAGTGAAACTGCGCCTATCAGAGACGGTTTTACGACTTAGTCATGTACCGCTTAGGATCTATCAA,1033,47.82,Escherichia coli
SEQ_763070,TCGCCCTCACGACGAGCATCTAGATGGGGATTCACTAGAATCTGCAGGTGAATTAGCCCAACTCCAGTGGGTTACTACACTGGCAAGACCAAGAGTGTTCGAGTTTCATGGGATTGCGGTGCGCTCTAATGCCCAACTACACTGTGGAGCGTCGATTAACTTGCCGCGGGGTCTCGACTTATCGCGATTACAGTCAGAGCATTCTCGTTCCACAGTCTGAAGCCTGTAACCGTGTCCCCCGTGCGAAGTGCTGGTATGCGGACCCCCTTTCCATAATTCCCCTAATCGGATCGGATGAGGGAGACATTCCTGGCCGTGGTTTGTGTTGTGGGCACTCCCTAACTCTCGCTCGGTCTTCGATTCACCTCTGATGACGGGACAACTGAATCCGCTCCCGTACCAGACTGGCAGTCAGACTGAAAGCATCATGCGTGGGAGAGCATAGCTACAAGTTTCGTCCTCATTGACCAATATTATGGTCCTTCTGACATCACTAGCGGTCCTTATGATGTTCAGGTTAATGTATGTCCGGAACGAGCGCAAACGCGCAGGCCTCCCGCCATTAAACTGCGCGAGCAGAACTTAACATCCGGTAAGCTTCACAGGAGCGCGACAACACTGTTGACAGGAACCAGGCGACATCGGAGAGCGATCCGACTATGGGTAGCCTTGCTGTCGGTGTGCTAGTGTGATCGCACGTAACGGTTCCTCCCGTTGGAAATAAACGAAACCTGGCCCAGTAACTAGACAGCGCTCTAGATCAAAAACACGCGACCAATCACTTAGCGAGCAAAACGCAAACTTTTGATTGGAGTGGCATAGAGCCAGAGCGAGTAGGGTCGTAATATACACTGGCCACCCAATTACGAGCGATCTAGTTCACTCTTTGCATCATGAAGAGTACGGTCCGTGCACATAGATTTTGTCCCTCATCAACGGATCTTTACCATATGTAGCTCGGGACGGGACAGGCGTGGCGTCCCTGTCTTGTGACTCGGGCGCACCAGTTTAGGTACTAGGCAACAAACGGTACAAGTGCG,1040,52.21,Arabidopsis thaliana
SEQ_885069,CCACCACCTTGTCGCGAATCAGCAGGTATCTCGTAGCAGTCGGGCGAGCTGTGCATGGTCCGGTTGACGTGCAAGCTGTAGTGCCTGGATATCTGCTGCCATCGCACGAGTCTCCCTCGGCCTCCGTCATGTATCGCATTAGCCCGTTTGCAGATAAAAAAGGGACCTTTGTGGGATCATGGCTGGGACTACACGTTGGCTGACCAGGCTCATACCGTGATCCGCCATGAACGTAGATGTCTAGGACGCAGTGTGCACGGAGAGTGCTGTTCTTATATGTTTCGGCTTTAAAGTCGTCGATCAGGTTGCCTGTTTCAATAATTTTTTCCAATCCATTCGGGTAGCGGTACCTGAATGTCGGGCGGGCCCATCTGATTATGGGATCGGATCGAATGAAGGCTTTATAAACCAAGGACATATCCCTCTTTGAGAAACTAACTATAGCACTGGGATATAGCATACAAGCGGTTGAAACTCAACTGGGCGGATCTCTATAATGATGGCACTTCTTTCTAAATTTGAGAAGCAACAGTAATACGTCCACCTGACGTTCATAAACTTCAGCAAGGTAGAAGGTGGAATGGTTAACCGACCAAAGCCCTGCCTCTTCGAAAGCAACGCTGCAGATGCCTCTCATACAGACCCTACCAGCTAGACATTGGCAGTCAGGAGCGCGGTATTAATGGCTCCAACTTATTCCACATGGTCAGTAGCGTTCTTTGGAGCCGTTTGAGCGGCCTGCTGGCTCTCATTTTTACCCAAAGATTCCTCCATCAATACGTATCTAGGGCAGCAGGGAGAGTTTGAAAGCACGGTGCTCGAAATCTGTTAAAGGGTATGTGTAC,845,49.23,Arabidopsis thaliana
SEQ_551503,GCGACGAAAGATTAGAGGGTTGTCTACCTACAAGCATCGTTAGAGATTATGTAGAGAGTAAGGGGCTGGTCCCAGGGTCTTCAGGTGGATTAGGTGCTGACGATCCTTGGTTCTTAAGCCCACTGCGATGAAAGAGCGGCAGTGTGGGAAATCTCACAGGGGGCGTTGGGCGCCCTGCCAGCCTCTGACACGGTAGTTCTTTCGGCTTATGCAGTGCCACATAGGGCATGGTATGCGGTAACCCCGCTTGAGCATAGGGGTCCTCTTTTATCAAGAGGGACCGCTTGCAGAGAGATATTGTGATAAGGGCGAGCTAAGGCGGAAACTGCTAGTGGGTCCTGAGCTGAGTGTTGGTTATTTTGGGGTAATTTATTCCTAGAAAGGCACAATGCACTTAGTACTCCAGTGGAATAAGAAGTGTGCTGGCTCACAGGTTACAAATCAGACGCAGAATACGCCGCGGTCCGGGGAGAGTGTCGGGGACCCGGCCCGCTGGCTCTTGGGAGAACATCATGCCGGTGTCAATGCATACGAGATCAGCTCCACCTAAGGCCCCTGTACGCCCCGCTGAGTGCACCGACCCAGGCGCGAGTAGGTGGGTGACATCGTTAACACGGGCCGCATCGTAATGGTCTCCCCCGAAATCTGAGCTACAGACTGGGCCCTCACGTTCAGTAATTAGTCGCTAGGCTGAAGGGTACTTAGAACGGGGGTGGCGGTGCCGTAGCCATGGTCGAAGCGGCCAAAATACTGAGAGCTATTATTGGCTTTCTTGGTGTACACTGCGCGCGTGGTCCCAGACGTTATAACATTTTCGTCAGGCACGATCGTACGATCGCTACAGAGTCTCTCAAAAATGGGCGGGCAAAAATCGTCCGTGCCATCAGTCCTCCAATCGCAGGCGTAAATGGTGCTAAAACGACCTGATGTGGGCGATAGTTCGTTGCGGATACCTCGTGCACGGCGGGGGCCCGACACCAGAACGAATCATCAAGCCGTTGCCGAACTCCCTAAGTGGGAGTCGGGAAGGATGTCTTGGCCGAGAGATTTGGCTAGCGAGTCGTTGAGACACGCAGGGTTTCAGCGACTGTAATTACCGGATCAGGCGTTATGGCTCCGAGCACGTGTGTGATCGCTCTCCAAGTTAACAACGAAATGGTCCCGGGCGAGGAGTCGTAGAGTTGAGAATTCGTCCGCCTTA,1201,54.45,Saccharomyces cerevisiae
SEQ_533814,ATCAAATCTACACTAGATTAAAAGATAGCTCGCGCGTGACCACTGATCCACGAAATCATATTGCTGGTTCATACGATATTGAGCGCCGTCGTCAATTGTTGTCTCCACAAAGGGGCGTACCTTCTGTTAAGAGTGACTACTTTCCCGGTATGATGGTACCGATCGCTGGTTGTATGGGGCTAAGAGGAGACTTAGCTGACTTGAGGATTCCGCTCTCGTCCTATCTCTCATAGTACTATACGCGAGACCACAGCATTGCGGTTTCGAACTTGGCTCCACGAGGGCTTCCTTGGGTGAGATTCTTTCAATAATTCGGCATTACTTAATCGTAGTTGAACGAACCTTTCATGGTGTGTAAGGTAGTGGCCCCGCGTAGTGTACCTTAGGTGAGGCACTTTATGTTCTGAAAGGAATAGGTTCATGACAGGGGAGCGCACGTCATACTGCGTGGTTCCGAATGTGTGAACATTCGCCGAACCAAGTTCAGCTGTGACCCTCGAGTCGCCCAAAGGCGTCAATCAAAACCCACACGCGACTTGTTGTACAAGACTTCCAAACGATACAGGGACGGCTCACAGCTCGCAGAAACCGATCGCTACTAAGCCGACTGAGTAAGGCAAACCGATGGTGCGGGTGATTAACAATACATTTCCAAAGCAAATAAGCGGCCGGGGTCGCAGTAGCATCCTGAATATTAGTAAATTTACCCCCACCCTCCCCGCTGGTTTGAGTCAACCTACGTTTGCTCTAAAAGCAAGTCATCTCCAACGGACGCGGTCGACGCCGCGCCGTCGGCAAGTATGCGACACAATATGGGATTTCTAAGAAAGCTATGAGCACGAGGATCGCCGCCCACCCATGAGTTGAAATAGATGTTGTTGTAATCTGTTGCTTACCGCATGACCAGGCATTTTAAGTAACTATTTAAGCCTCTACCACTGTGGGACGGAACGTCTCAATAGTTGCTCTACCCGATCTTGAGTTGTGATACTCGCGCTATATCTTGGGGGTCCAGCTAGCGGGCTATGTGGCACTACGAGCGCAGACCTTTTAACACCGTAAAATACGCTTAGCTCGTAATCCCCTTCGGCGAAAACCTAACACACCATATTTATGCCGTCGTCTATAGTGATTCCTATCGGGGCATCTGGGGGGTGGGAG,1161,49.27,Mus musculus
SEQ_655852,ATTTCCGTGGTACGGCCGGGCGGCGCATCTAGATTCATTAGAAGATACACAAGCGCGCGCAAATCTTGTTTACGGGACGAGAGATATAGCGTCTCTAAGATGGGTGAATCTTTGGTCGCAGGGTGGGTTAGATTCCGAACACAGGCACTTCTCGCTGAGTTTCCACAGTAAAGCGTACTCAAACCGGATTCCGGCTCTGCGACACCGTGTTTATTGCTCTGAGGAAATGCCGGACTAGGTGAGGTGACAGACAAGGCTGATGTGACGCTTAAACTTCATTTATTCTCGATTTGTATAGGTTGTGAACTCTCTTGTTACACAGACGATCATCCTACCTCGGTCGAGCTTTCCTGCGGTAGACGTCGTTAGCGCCGTGCCTTGGGGAACCACGGATACGCTATTACTCCCCATAGCTCTGCGACCGACAACCCCGGAGGCACATTTTCGTTGAACAAGTCCTTCCATTAACGGTTGAGATAGATGTGCGCTCTTTCACGACCTGATTGTACCAGTATCCTTGACTTTCAATGCAGCCTCGAGAAATATGCCCGATACGACAGCTGTTGTTGGCACTAAGCGATAGCCCCCACACTCTCAGTTCGTTTGCTTGTCTCGAGAACATGCTACCAGGATATCTGTTAATATTAGGTGCGCCCAGACGATACAGCCAAGAGATAATGCAGACACTTACTGTCGCAGAAATTAGCTCACCGCGCAGTTAATGATCGAGATTAGTCGGCTTTACTCATGCACCGCACGCGGTTAAGTTTTGTATATCACAGATTGCTTCATTTTAGCAGCTCCGTCTCGAGATACAGCGGAATTTAGAGGGAAGGTAACTTCCAGCTCTTCGTTGATATAGGGCATTGAAAAACTAGAGACCCCTAATACCAATGACTGGTATATATACCTTGAGATGCACACCTTAGATCATATGAGTTCTCAGATCGTGGTAGCTCGTCTTTAAAATGAATCCCAGAAAACTGGGAAGATCCGCCTATAACCGGGTATGGCTAGCGTTTTCCCACGGACCTGCGATTACAAAATGTAGGTCTCTCTAACTCTAGCAGTTTATAACCTTAGGAACTGATGAATAGTGTTTTCCATAGCAAGCTATTCCACGACCCATATCGACAACGAACACAATTGGACGCCTAAGTGTAGCAGTAGCGTGGTTCATAACCGCACCTAAGGGAAAGTGATTGTACCCTTCCCAGTTGCTACGACACAATCGCCTACTCCTGCTGCCCTGAGAGCTATAAA,1263,47.35,Arabidopsis thaliana
SEQ_730501,CCGAAAGCATCCACAGTAATGCTTGGCGATACGGGGAAAACGAGTCACCAACAATGGCGGCCTCGCGTCCCCAACGATCGCCTAAGTGACGATCGTCACTAATATGGACTACGCCGACTAAAACCTCGGTTCCGAATGGTAAGTGGCCAGTCTTTTGACGATCGCTTTCCTGGTAGTACTATCTGGAGCTGGGAATACTGAAGTAGAATGTGCACCGATGAGTTAGATAGG,231,50.65,Drosophila melanogaster
SEQ_265763,AAGGGTGGTCTCGGCACAAAAAGGATACTTTTAGAGTAGCGGCACATACAACCAGCTTACTTCCTACCGTATGCTTCCAGTACATGAGTCTCGCCACAACAACCGTCCATCGTTTAATTGTCACCCTAGGCAGCGACATAGGGTGGTGCATCCATCTTGTTACGGAGAACCCGTGTCACGCTGACACGGGAGGCTGGCCCTAAGGTCCGTGCTGTATCAAGGCCCTTTCCAGCGAGTGAAGACATGATGTGGTCCCTGCACCCTGTTCAAACATAACAGTCTCGACCATGCTATCGGGAAACTCCCTTGTGTGCTACTGTAGTGATTCTGGTTCTTGTGGGCTCCTGTCTCAACCCGCCCCTGCTTCATTGTCTGCGCGCCTGTCTTAGAATGCCAAAAAGCGCAATTGAAAACTTGGCCTGGCAGGGATGTCGTCCATAACTCTTACGTTAAACTCCTTCAGTTGACAGGTCAGATTCGAACACGTCGGGTCCGAGGTGGGGAAATGGACAGGTTTGCTCCTGAAGGAACGTTATAACGGATAACATTGACTCAGACCCAAGCGGTACTGTGATTGCTAATCCTTAAAATAGTACTACTTACCGTGTCTCTGGCATGGTAGGTTTACCCGACAAACCGGCCTCAGCGCAACTCCCCCTGTGAACTATATACCTTATTCTAGGCTCATGATTGCGTGAAAACCCTTGTATCCAAGATAAACGTCTGCCAGCGGGCGATAACAAAGTTAGGTTGACTTGTGTTACCCATTAGCATAGCAGAAGTGATAAGGCTACACCTCGAGTATGCGACTAGGGGTGCCGCGGCCTAGTCCGAGTCAATTACGGGGAACCCGGAAGCAATGGGTGTCCTCGCGCCGC,878,50.91,Saccharomyces cerevisiae
SEQ_455695,GAATCCGACGGTCAAGTCTGGCAAGAGTCTACTGGTCGCGTGTCTACGTGTTCACGATATCCCATCTGTAGAGTAGTTAACGGTATGATGCCGTGATCTCTTGGGTAGATGTCCACAGCAATTGGACCTTAAGAGGATGTCCCGATTTACTGGCAGGTTATCAATGACACTTTCACGCGATAGGGGTACAATGTTATTTGCACGTGAGGCGGGCTCGGAGCCCCTCGGCCACATGTCAAGAGTAAGGCCAGTCAACTAACATGACAGAGAACCGGTTAAATACGGCGTGACATAATCCTGTTGCATGGAACACCTGCGAGGTGCACACCCAAATCGTTCCGAGATTCATTGAACTTACCCAACCAAGGTAGACATTCCAAGGCCACATCCCCAATGTCATCCTATCGCGACAGCAGCGTTGTTTGAGTGCATTCACCTGTGAGCCCCCTAGGCTTTCGTGCGATTTCATTCAGTCCCGTTAACTTTCTACGATGTCAGGCGCGACGTCGTTGGACCGTTAGCACAGCGACGTAAAATAACCTGGGGCAGCGCCAGTAGACGGCTATACCGGACCATGGGGGTGGCTATTGGGCATATTGGTGGAATACCCCATTTGGTATCCGCCCGCAAAGTTCTGGACCGTGGACTAAGAGATCCCCATGTACTGCAGGCAGGTTGCGCAAGGTGCAGGAACTACCGTGTTACCCCCCTACGTGGATATTCGGTGACGGCGACGTACACCATTCCGGGTCGCGGACTGTACGGGTTGAGTGCGTGGAGAG,782,52.81,Drosophila melanogaster
SEQ_978312,CTTGGGGCCATCCGTGGAGGGGCTGTAGCGGTAATAAATAGTTCCGAAAAGAACC,55,52.73,Mus musculus
SEQ_605453,CCGTTTTGAGTTGATATTTGCTTCCTCGTAGAGGGGCGAACGATAACGGGCACATTATGATAACTGTCTGGGAGGAGTCGGTTTGTCCGAAACGGTGTCGATTCTTCGTTCTCCGAACGTGTCCCGCAACACCAAGATCCGCCGCGCCACATTCCTGGGGCTCGATAGCGGTCCATAAGGTCCTTGAACAGAATGGCTCGTACCAATTCCACGCAGTACTGCGGGGTTGCAGCAAACAACGGGCCTCCCTCTTCAGTTTGTAAGGACAGCCACGAATTGATACCGTCGGCGCTGATCCTCGCCAATGAGCGTGCTCTCCACAGCCAAAACTTAGACGATAGTCTGCTAACAATTGGGAGCGCGGTGAGATAGCGGTCGGGCAGGCCGCAGGAGCTCCCTGAATACGGACCGAAAGCTGAGACTCGCTCATTTAAACGTGGCAAGAGTAGTGAGCCCGACAAAGGCCCGAAGCAGTGGCGCCGTCCCCAGTCCCACCTCCGCTAGGTGAGTTCACGAACTACGGGTACACTCCCCTTGATTCTCTGACCCCGGGATATAACGTTGTCGGTAAAGCTTAATTGATATTGGCATGACGTTACGATGGGGTTCGGGAACACCATGGGTGTCTCATTAGGGATAGTACCAGATAGTATGTGCCCCTCGAGGGACGAGACCCGAACCAGTTGAGACACTCAACAGTTTGTGCACCGTCGGGAAACCGGCTTCTGGCACCACCGGGGATTCCGAACACTCTGTCGACATTTCGCAATACCAAGATTGTGGATTACCAGTATTACAACAGTATTTAACGTAATATTCTGGAGAGAGAGCTAGCATCTCCGTGGCGCTGGGGTCTCCAATCCAGGTTTGGGAAAGACGATTCGCGGTGCTACTGACAGGTTCACCGTTGGCGAATACCTCCTAATGACTTAGAAATATCTCACCAT,947,52.9,Homo sapiens
SEQ_400209,AGCTGGCACACGTTAACACGACGCACGCGCATGTGGACATTCGGGAAAGCCGGGCGAATTCCCAAGTCCGTTACCCGTCTTGATCCGAACTGCCCTAGGAATGCATGTTGGGGTAGACCCTTTTTTGCTGTCCATCCTCAGCGCTGCTAATTTACCAGCTGGTTCGGGTGGTGGCCCATAAGGCGCAGTCACTCCAACTTATTTGAAGACACAGGAATCCTCTCTTTTGGTGAACTTATGCGGACAGCAGTGAAGAACTCGGTCCAGGGATAGGTTCCAAGGGAACCGACACTCTGACTCTCCTCGACGGTCGCAGTAACTAAAGCTGATCCGACTTGATTACAAGGGGCTTCTCACTTTGCCCCAGAATCGAGCCTAATCGAGGTTGGAGGCGATTGACGTTGAATTATACATACAGACTCTCTTCAGCAGTAAATTTCGCTTAAGCAGATTATCCTCATTTGTTTGTTGAGGCGGGGCCCTGGTAAAGCATCGTTGGGTGGAGAGGATGTGTATACTAGTCGGTCAGCTAAGTTTTTGCTCCCCTTAACATCGTGCTCGATGAGGCTCGTCATTGCGGTGTACGATGCTGGGACACAGTATCACACATTAACCTTGCTAGGATGTACTCATTTAACTTTAGGCCACTCGCCGTGTCAGGAGATGCGGTGAGACCGCGAGATTAATATTATTCATCGTAAGGCACCGGTCGTCATAGATTCCAATGAGGTGGGGGATTTTGGCGAGCAAATATCGCCCGTAGCAAAAATACGTTTGGTTGGGCCACCTCCGACTTTACAAATCGTCAGTGCTAGACGCAGCCGTTCATATCAGTACCCTATGCCGGCCGTCTAGACAGGTCACGTGTGAAGGTCGCACTGTTCGCTAAGAAGGCTCGACATCCTTTAAATCAAACGACTACAACAGGTGTTCTCTCCATCAGTAGTAGACCAGCGCTTTTGCGTTCCGGCCCACGAATGGGGAGGTAGTGGAGCCGCCCAGTCGTATACGACCGGAGCTCCGGGTCGATCCCCAGATCGAGCTACCAGTTGCCTGGTGCCCTAAGACATCTCTCACTCCTCATAATGCTATTTCTTTGGCGACCGATATATGAATATTATTGCCTGAACGTGTATTGACATAACTCGGTAGATAATTAATACGGCTATGTTGCTGGGTTTAGGGCCGTGTAGATACAACCACCCCTACGCAAAAGGTGCACACTTCGTAAACTCCATTCCGTTGGCTACGGTCGGCTTTTAGGACTTATCCTCCAGC,1278,50.23,Arabidopsis thaliana
SEQ_917605,AATACATAACAGTCTGAGTATGCATATACTGGCGCCCAGCACTTGCGTCGTCGAACGAAGTCGTTAGTGAGTTTTCGCGATGATATCCCACAGCCGCGCAGTATAGTTCTTACCGTACGGCCTGGTGAACTAGTGCTCGTACAAGCAGGAAGGAAGTTCACTAGAGTTTTACAAGCGTTCCCTATACTCCCCGTGATAACGGATTTGACTAACCGGTGATCTTCGGTAGCGGGGTTACATCTATTTTGGGTTTAACTTGCCGACGGATCCTGGCATATGAAGTGTCCTAGAAGCTTGGGACGGCCTCTTGTGGAATTCATGCCGATTGTCGAGTCCCTCCGGCTACTTCTATACCGTCCCCTTACATAGTCGCTAAATAGATGGGGGACGTCACATGCGAGCCGAGGAATGGTCTAAGTGATCCATAGATAGTGAGCTGTAGACGCTACACGAGTTTTCTCTAATTGGATTGGAAGCCCATACCTGGTAGCCGCCTATTAGGCCTCAGCTGGAAGGGAGTGAGGTCCACTAGTAATGGGCTCAGGGCCTATCGAGGCACTTCGCGTTCCAACGAGTCTTTCCGAAGTGAAACTCTCTGAAAAAAAATTTTTCAGGAGCAGGCTCTTCTATAGTTGAGGCAGTGATGCACCCTATGCGTGAGACAGTCTAGAACTTCATCATGGCAAATCGACGCTAACCGTTTGGAAACACGAATACCTTTTCGGGGTTTTGTTGCTGACTGGATGCTTGGGTCATAAGTCCAAAGTACGTGCAGATCTCTCTTTAGCCCGCCCTTATCTATATATGGGACATATCTAATTGTCTTTACTATTGTAACATGGATTCGCGCGAGCGTGCTCCAGAAGCACCAATCCACTTGATGCCGATGGAACGTCTGATTCAACACGCACACACTACATACCACTAATATAACCGACTAACTCGCCTTCCACACTTACTCGGTGGACTATACCTGCGGTCTCGCAATAAGGCTGGTGTTGCCCGAAGGCTATGGCCACTGCACATCGTGGATTAGCATACGCTTCCATACTGGAAACCAGAGCCCTGGGAACACTCCGTTGCCTAGGTGAGTCCCCTCCGGAGGCGTTTACTTTGCGACATATGGGTCCCGATGGTGTTTAGCGTTCAAACCGGACCTACGTGAAGTTGCACTGCGGGCCTTCGGACACTCCCAGATTACTTTTACCGCATGAGGGCAAACACTCCACTGAACATTGCAATGATTGGCGAGGGC,1255,49.64,Saccharomyces cerevisiae
SEQ_141154,CCACCAAATAAAGTCCACAAGCGACTGGCGGGCAAAATCTCGGCCCGGTCTAACGGCCACTGGCATTTGCTGGCGCCAGAGGTAGTCTATGTTGAGGGCATGGGACGTGATATTCCGGACATCCGCGTATTGGACGATAGAAATGACGTCCGGGACCCGTGGCTCCTGATAAATTTCGTTTTATACTGAAGGATGGATGCGGGTTCCATCAAGCTCGAGTTAATTTTCTTCGAGCAGTGCTGTCGTCTAGTTACATACAAGGGGGGTGCGGCGGGTGACGGGACCACCCCTTATACATCAGATCAGGCCGGCAACACTGTGGTGTGATCGCGAACCTACGATAGCAGCGACCCCTGTGCGAATACGCCTTCTTGCATAACCTGATAGCTCACCCCAGTTCCGTACGATCTGCTTGGTTCACGTGTTACGCACAGGGAGAAATGTGAACAGAGAGGCAAATCTCACTGGCAGCGTGCTGTCACCCCTACGAGTTGAGCGGCCACCAAGCGAGGGTTTCAGAGTGACAGCGTATGCAACCCGCCGTCGGCCCCTTCCCCACAGACCCTTTAGTTGATAATTGGGTATTTAATTCAGTCTACTTAGAGAGAAATTTTAGAAGGGCGGACGGGGCAAAAGGCTAGAGGATCCCCACTAAGGCCTCAAACGGGGGTCGACCAATACGGTACTCAGATCTCTTAGAAGTAAAACTTTAGGAGTCCACTTCGCGCAGCTACGACCGAGCATTGGAAGACCCTCAGTTGATATTTCGGTTTGTCGGGATACGGAGTCCATCAGGAAGTGGCTGCGTTAATGCAATTTCTCCGTCCATGTGCTCCAGGCCGAGGCGTAACACACGCGACGGCTACCAGCGTTTAAAAAAACCAACTTACCGTCGCAAACCTATGCTTCTTACTGATGGCAATCTTTCGGCTGGGTACAATAGACGGAAGTGAGCCGTCCCTCGGCCAGGAGATATTCGCTATCATATTGAGGTGCCTGGCTGTCAAATCGGCCTTGCTCTTTTGGAGCACCATTCTATTTCGCGTTAACGCTGTGACGCAAAGTTCCCTGTTGTGCCTCTTCGGCAGGTCTTTACAGCCCTTAGGGCATCGCGCGCATCCGTTCATGAACTCCCCTCGCCCGTAACTACGGAACCCTTAGTGATTTCTTAGCCACCAAGAACCGGATCGAGTAACATGGCGAGCGAGCGGTAGAGTACAAGTGCGGACTTAAGTAGGTTCTAGCGCTCATGCAGTGAGCGGTTACGCCATGGTATGTGGGCCTAAGTGAGTTACGCGCAACGTGAGCTGGGTACAGCAGCTAACGCCAGCTGGGCGGACGTCGCCTCTTTG,1352,53.11,Arabidopsis thaliana
SEQ_574786,ATGGCTATTTGTTACTTTTAAAATTGACTCAACTGGAGTCTGAAGAAAAACACAAGCGTACTCAAGACTAAACCAGCCACGTTTAAGACGAGGTTAAACTTCGCTCACACACCGCTCTATCCAACTTCACAATTCGTTTGGAACTTAGAGAGGCACTCCTAACCAAAGCCGGTATAATATCAGTAGAGAAAGTAGTTGAGGTTAGAGCTCGACCGGACCACATAGTTTGTGATGCTAATAGATGACCTAATCCAATGCATAATCCTGTTCCCTCCACACACCAAACCTTACAACTTTGAAAAATGAGATCGCGATATGCCAGCCCTACGGCGATCAACACTCATAGGTTTGGGCAGTCCTCCTAATGGTCATCAGAAGTTCATGCATGTAGGTCCTTGGCTGGGCTTCGTTAAATTCTGCCCCGGACGTTTGGATTACATTGGTGTAACAGCGTGTCGGGCGGTAATGGTGTAAGACGGGACTATATAATTGCCGATCATAGCCCTTGACGTCTTCGCAGTCTCCGACGTGCGTCGCTAGCAGTCATTGGATCTAGAGTAAATGTTCAGGAATTTAATGACAGGCATTAAACCTTCGTTCACATGCACCATAGCGATAATGGTCCAGCTGCTGCGTGCGCCACTTACTACCGGTCACGTATGTGAGGCTCTGGTAGTGAATGTATAGGTAATAGCCTAGACATCTGATACTGGAGTAGCAATACATAGTCCCCGAGACCTCGAAGCTGAATCCTAGAAACTTTGCGTCCAAACCCGTAATACCTGAGTTGATGCACTTAAGTTGAGTCGTTCGCCCGTGGTGCGGGACGTGTGGATGTTAGCTATCACATGGAACTGGCCTGATTTCGATGCAGCACGATTAAGGACATATCTATTAACCAGGGCAATACTCATATGCCCCGTAATAGTACAGATGGCGCATGATGGCATTTCATCCGATGAGCCATGTCGTCACACTGCGAGCCTATACCACGAGGACGGCTAAAACGCTTCCACTTATGGGTGTCCATGAGCGCTCAGTACAATGGGCGAGCAGAAACGCACCAACCACAGGCGCCCACGTCTTGAAAGGCCGGGGAATGGTTGTACAAAGCACCCGAAGGTACGTAACTCTGACCAAGAGACCCCGAAAACCAAGGATTTGAGACTTGGGACATGCGTAAGGACTACCCAGAGTGAAGCCGGCTCTATCGTATTGCCGTCCTATGTTTGCCTTTGGGCAGATCAGTCTAAAGACCGTAAGTGTTCAGGGATAGTATTCTCATGCGTCCGTACCTCGCTATGTAGAGATTGCGAGCACAAGGCACCTTGGATCAAAATCCAGAGTTATTATCGGCAGCCGGGTACGAGACGTGGTGGCG,1381,48.15,Caenorhabditis elegans
SEQ_762417,AAGCCGATAGTGATGGAATCAACCTGGAGACGTAACATCGATGGGGTTTCCCATGAGCCCCTCCGTCCCATCCAATATCCCGGAATCATATTGGCTTTAAGGGCCTGAGCAGCTTAACGACATAGGGCGTCCCGAAGCTATGTATTTTGGACCTCCTTAAGGTATGATTGAGGAACAGAGGGCGTGTGACGCATTGAATGGGTCCGCATTTCTATCGTTGCCCCACTTCCGGTACTGCGGTTAGTTTAGAGTCCCTTGAAGGTATAGCGAGCGGGAAATCTCCACGGGCTTACTCATAGTTTGACACCTAATGCCCCGTTGTTCCCTATCGAACACCTTGACATATCCCTTTGAATCTAACGACAATGTTTGTTGGCTCAATCGCCGTGTCGTAGACTGAATTTTGAGAGAGCTCCAGAGAGACGGCGTGTGGGCTCATTCCGTCGAACGCTAATTAGCGCTACGTGGTAAAATAGGAATGGTCCCAACCGAGTATATTCCACACCGATCGATACATTACGCCAATACTAACATCTTGGCACTTACAGCAGCAAAATGTGGGTAACTATTAAAGACAAGCAAGCTAAGGGCAAAAATGTGCAAACATAAAGCTCAAGGCAAACACCACGAAGCCCGACCGCGAAAAGGCTTAATAGTGCAATAAGGCGCCCCATTTTCACCTTTTGTCAGGGTCTTGCTGATT,703,47.94,Drosophila melanogaster
SEQ_364293,CCTATGGAGTTTTGCTGTTAATAGCAACGACCTCTGCAGATCTGTCGCCCCGCTTGCGGTGGCACGGCGACAATAGGTAATTGTAATCCTCTCTCAGATACCCCCGCTCCCGAAATAAGCCCCGCAATCCCTAAGT,136,52.94,Drosophila melanogaster
SEQ_899773,TATAATGACTTCGAAGTCCCTGTACTACTCGTGACGCGCTGCTATCGGGCAACGTTCCCAGAAGCCCTATAAGACACGCGGATCTCGACCGCTAACGCCAGGTGTAGAGGGTTAAACTGCGAATTTGGCGATTGGGACGATGGCGTCCGCAAAATGGCATCCACAATGCCCGGTTGATCAATTTGTCTCCCTGCAATATTAATGATCGTCCTAGCAGGGAGTTACCAAGTGCTCAGACACTACCCCAGAGAGAAAAATTGTGTAAAGTCCCGTGTTTAACAGGATGATCAAGATTCGTCGTCACGGTAATCCGTTGGGGTTTAATAAACCTAGCGCTAAAGGGACTATCTTCCCCTTCAGTTTGCCTGGATGTAGTGTGTTTATCTGGCCACACGCTGGCCTGGGAAGAAGCTCTAATTCCCACCACTAAGAAACCCTCCCATCTCCTACCATCGAATTCTTACCTCCGTCGCCGTCACACAACATAGAACGGAGAATAACAGACGTGTCATCTCGTGACTTGGTCAGTTCAATGGGGATCGTTAGCGCTGTCACTAGCATCCCTCGGGTTTGGCAAGAGGACGCGAAGACTAAAGTTGGGTTACACACGCTTAGTGAGTTCTCTCAAGTCTTTGTGTATGAGCGCGAGAGCATCCTGCTTCGTCTTAGAGTACCTAGTTTGTAGCTGAGTGGCCATTTATCTGCCCTGTACGGGCTCCGGATGCGCGGTCGTGTCAGCGGCTACGCGATGCACCTACAGCCCACTCCACACAAAGGTGCGCCCTGTCTTACCTTTACAGAGGCGAGTTAGTATCCGACGGTAATGCCACAAGGCACCCTTCCCGTTGCGTCAGTTCCCTGTCACGCGTCTAATACTGCGCGCTTTTTTATGACGTAAGCCGCCATTACCGCATAGACTCGGGCCAGTATTTCTAAACCTAACCCTCGGAAGGCCATGTCCCGCGTTGGAGGTCGATGAGTATGTAAACCAGATAAACGGCGGACTTCTCCTAACTATCTATTATAGGTCAACTAGCTTACAGGTGGGTCCTAGCGCGGTCCCCTGGGCTGGCATTCTGTGGACGTACTAAAACGCGATAGAAGGCAACAGCCTCGATTCGTAGCCCCTCGCAACGGCATTCCAGGAGCTGGGACGCTCGGCGATCGCGAAAGCACATGAGACTGCTTAAGCCGCCTTTAAAGTAATAAGTCGTTGTATAGCAGATCATGAACTTGTCGTGGGGAAGCGACACGCAGCTTAGGGCCGTAACTACCGGGGTCACTCTAGATGGATTATCGGGTGAACACCAATAGCTAACTGAAGCCAACTTCGAGGATGCTGATGTTCTGCGTTCTCAGACGTGTCCCAAGGCCTAACATCCAAACCATTCGCCTTATGAGCGTGAGACAAACAGCGCGTACGGTTCACATCTATCGGGCATGATCATATTCACCGGGAGAGGTCACAAGGGATAAAAGCAAGTAGTGGATCCTTCGGACCTGGCGTGATGTCAACATCCTCGAGATTCACCGTGAACTCCTATCTTAGCTAAGCTCAACTGGTCAGGTCGCCGAGCCGCCGTTTACCAGTACTTCACTAACGGCGCTCTGGCCTAAGTCAAGACATGCGCCTGAAACCCCTCTCTGATGAGCTGATAACGATACACAGTATATACTTATGGGTAAGTGTGTTCCAGTCGGTGGCTTTCTTAGTGACTCAGACAGGCAGCGCTACCTAGCTCCACCCTTCGGCTGCTGATCCGGCACACCCTCTGGGAGGCAATACTTTCGAAAGGGGCTCAGGCTGTATTTGGCGTTGAGGGACAAATTGTCGCAAACGTATATAGATTGTTGGCTTGCACCCGCCCGCCTCCCGAAAGCAGGGCGCAGTCAAATGATGCGCAGATGCATACTC,1915,51.64,Homo sapiens
SEQ_646787,TGGGCTAGCAACGGCATAAAGGGTAGGGAAGCCAAAGGCGGCGAGATTATAGAAAGATAATTAACACCCTAACGGTCACGGCCCTTGCTCGATTCATATACGGCGCAGTCCGCAGCTATGACACAAAGATGCCGGGTTGCGATGCTTGTTCCGTTAATCCGTCACTTCAGGAAGAGTGTCGGAGCCGGTTGCTATGTGGC,200,52.5,Saccharomyces cerevisiae
SEQ_956823,ATGAATAGTCAGTGGCGGGTGCGTGAACGGGACGGCGGCCAACGCTAGTGAAGAATTGGTAACCACGCTGCCATTCCACGAGTATAGAAAACAGATAGCACCACTACGCATTGCGTCCGTTTGACAGCACATATAGCCTCGGATCCGAAAATGGCCTCCTATGGGTTGTCCTAGCGACGCGGCTGAGTGTCCTTTAGAATTATGTTCTAACCGGGCTGTGTGGTCGTGTCCTCAGCCTCACCCACGAAGTGTTAGACTGATCTAAAGGTATGGAACTGTACTATTTAGTGCACATGTAATCAGAAAACGTTATCTCGCGAGCTAGAGAGGTCTTGGGGCCGCAGTTGTTATATACTCGCAAAATGGCCCCGAACCTCGGGTACAACGGAGGGTGGAAGGCATTTAATTGGGGCACTTAGACCCAGCGTTATCACGGGAAGACGCGCACTTAAAATTCACATGTCCCTTTCTGTGAGGCGAATCCTAGACATGGGGGGGGGTCGCATCTTGGGATCGAAAACCACGTCGGGCGTTAGGGGCATAAAGCGATGATGGCACTTTGACCCTATCCGCATGGCGGAAGACTCCACGTGGTGGAATAGGTGAGCCGTGGATGTCTCGAACAGATCTCATGGATGATAATAGTTACAGGGTGTAGTCCGAGCTTCGTACATGTAAGTCAATAGTGAACGGTCTACGTTGGTACCCCGATGGCGGGTGTTTCACGTCGTTAACCTTCCCGCTCGATCTCCTTTTTTCCCAGGGGTGTCATCAGCATCAGCCTCAGGGCTTCCTTGCCTGTTACATAACGTCGGAGCAGCCACGTTCTACGGTGTTGGTGTATACGTACCAGAGTGATATTTGGCTGTGCACTGTCGATTCTGCCCAGCAGTGCGTCTATAAGTCTACTATTTACTCAGAGACTGTTAAATTGCTCTTGATACTTGACGGGCATAGCGAACAACACTTGCCCACGACCGTGGAGTTACCCAACTGCTCTCGAGGACAACCTTATGCCGCAAGCCTCACGGTAAGATTGTGAAGCTTCTACCGCCGTGTCACATTCGCCTTGGTTAATGCTACGAGTGTTACACCACCGGCCCAACAGATGTAGGGCTGGTACGTAAAACTAGACAGAGAGCTATAAGCCTATGCCATAAGCCGTGCGCCTTGGTTAGTAAGATGTGTGTTCTTTTCAGGTTCACCGAGATTTTTCCCGTCACCTAACGGCAACCAAATTACTATGCGGACGTCATAATCATAATGCACTTCTTGGATTGACCCGGAGGTGCGCGGGTAGCGTATCGGTGCTTTCGGTCGCCGGGGTTATAATCCGGCGACCGTGGAATTTCTCACAGGCTTTATCGTTGCCATGATTCATTTACTGCCTCTCTATGCGGTCATTCCTGCTGCGAGGCAGAACACGTCATTCTTCCTCTCTGACACTGAACTACTGATACAGCCCTTCAATCAGTATAGGGATAGAAGCATTCTAGGTCGTCCTGGTTAGTATCGCCCGGCTTAAAGATCCTGAAAACTGAACCTCCCAGATTGGGTGTGGAAAGTGTTCGCCGGGCCTACCCGGCCAGC,1590,50.88,Mus musculus
SEQ_879472,CAGAGAGTGAGCAGGAGTAATTGTCCGTTCAAGCAATGCTATCTAGGCGTTCGGACGCACTTAGCCCTCGAAAGCCAGAGTTTAATGCTGGACACATTGTAGCACAGTGCGTATTTCCGTCCGGAGTTCGTTAACGCTCGGTCCTCGCATGGAGGCGCTTCGACAATAATAACAACAACGGGCGCAAACGTCGTGGGCCCTGGCCCCCACCGCCCTTGAATACCACCTCCGAATGATATATACGGACCT,249,53.41,Caenorhabditis elegans
SEQ_478725,TATGTGCTTCCCACTGAAGCTACCCCGAGTAGTTAAAGCAATTGGTCTGGGGGCGACCCATCGGCGGGCAGAGCTCATATAAGGATTCTCCAGGCAATTCAAACGCCTACGATATTTACCTGGCCCTGCAGGGCCATCTGCACTGGCTGATGAGGCCTTTATGAACCCGGCGTTGATTATAGTTGTCGCCAAGTCTCCCCGAGTCAGGGGGCATGACTTGGCTCGAGGCCAGGGGCTGTCGCTTAACACGGAATCACTGACGCCGAAATCCAATAGATCCCTAACGTTGGGACGCACTAGCGTGGGGTCACGAGTCCAGTCCTCGGCTCACGACTGAAGCCAGCGAAAATTAACCCAGTTCGATCCCGTTAATGCCCGGCGAAACATCTTGTTGCAGAGCATGTCGTGTGCAAACCATCCTAGGGGGATCTCGGAAGCCAAGTCGGAAACCTCACGCATCTTTCCTAGCCTCAAGTCTCGTAACTATGATTCCTCTCGATACATGACCGGAGGTTCAGGCTTCCTCCCCGAATAATAGTGCTTGATTAACGTACACGCGTAGGTTATTGAGATAACAAAGTATGATACCACGACAGAATGACAATACCCAATGTACTGATGCGCGTGCAACTAGCCGCAATACAACGTTCCGTTCCACCGTATTCGTTCGACCTCCCTGTTGGGGCGATTCTCAGGACAAGCTTAGAACAAAATCATTACAACCACTTGCGACTCCCGTGGCCAGCCGTCCTGGAGCCCCTGAGCCGTTAGCGTGAGACATCTGGCCATTCTTGTACTGACGTGATTACACGATCCTTAAACTCGGACTTGGTTCGTGGCTGACACCGGAGACGACCCTCGTTGCGGAGAATCTTGTTCTTAGGCTTTCCTGAGGGTG,898,52.56,Drosophila melanogaster
SEQ_916652,TCTACCAACTCGGCGCACTTTACGGTTGACACCTTGTCACGAACTGAAGTCCGTAGATAGGGCCGGCGTCGCGATACGGCATACCGTATGGTCGAACTGAAGACGATAAGTGTGCTGGTCACGCAGCACTTTCTAATGCAGGTGTTACCTTACTGTTCTGAAACAATATATCGAAAAAACTGGTGGCTAAAAAATAATGGTCCACAACCGAAGGAATCGACCGCGATATACCGTTAGCCGTGCACACTAGAGAGGCGCACTAGGGGGCGGACTACCGCAGGATGATGGTCCCCGTATTTCGACGATACTTATTTCGGAGCCTGACCGGTCCGATCCAACCACAATTAGGGAAGTGTGTGGACACGACATTCTAACTACGGTGCGAAATAAGTTTTGGCAACGGTCTTTCACATCATTTCTGTTCTACATACTAGCCTCGATGGAAGCAGTCCTCTTGGAGCATGGCATAATCCTGCTTCTAGTTGACGGCTCGATTGAAGCGCCTGAGCCGCGCTCCGAAATGCTAACGCTCTATTCCTTATCGCCAAGAGATCCTACTGCATATGCCCTGGCGGTTGATACGCTCTTAAATAAAAGCACGTTCTCACATCCCAGACCGATGGATAGGCTATTTTAGGGACGGGCTGCAGCCAAGCGCAACCCAACCGAAACAGCTCTGGGGCCCTTCAGGTATACTGTACTATTTTAAGCTATGCTATTGAGTTCCACCGTGGGACGGGGAACCACGCCTTACTCCTAATGGAGTAAAAATGCTGAGGTGCGGCATCCATGTTTTTTTCCAGCTGCATATGGACCTGCCTACGAAGCTATAAATTAGTCGCATGAAAGTACTACCCCAACGAACTTCCCCTTGGATTCCTTTGTCTGACCTATCGGTTCGTATCACACTTGGCAGGGAGGTAGATCCAGAATACCAGGGTCGCTGATCCACGGAATGATTACCAATTGGCGCTTGCCGAGTGTGGTAGGCTAGGAGTGCTAGGTTGTCGGCTATCCCGACCATTACGTCACTTTGCAAGAAGGTTGAGTGGCGCCGTATCCGTAGTGCGTGAGAAATTCAACAATTTTCACGGGGCTCGGAGTTCTTTACC,1112,49.91,Arabidopsis thaliana
SEQ_771397,AGCTATATGTAGAGTTAAAGCGTATAGGATCGAAATGACCAAGCTCCACATCCCAGGTTATTATACCGCGAGCACCATGGCAGCGCGTAGAAAGTAAACGCACTGAAATGGGAGGGGTATAGGGAACGTTACATAGCGATAATGGTTGCATAGGTCCCACCAGAAAACGTAAGACGGCCGCAACGTAATAAAATCCTTCGCATTACCCGCTGCATTATAAACTGGCGATAGTGGATCATTGCGGTTCTCATCGAATTCCAACAATAATCTCGGTCAGAGTTGAAGATGCATCAATGCATCTCGTCATGCAGCCACGATAATCTGAGGGTGTCACCAGATCCGGACTCGTCGATGGGTTTGCCTACACCCCCGAAGGACCACCGTATCGAGTCTAACAGACTTACACAACTAAACTGTGAAGGCAGTATATTTTCCTGTCAGCTAGTATTGGAATGCGGGGGCGTGGTGTGTCGGCTTTCACGCAGCCAGTGCTAGCGGTCCGACTTAAACCCAGTAGGGGGTCTACAAGCTGAAGATAACCGGCGATCCACCGGCCAGGTCTCTCGTGCAGCCGTAAAACCAGGGAAATATTCCTTGCTTTCAATGAGTTAGAGATCACGCATCTTCTTAGACCACGAAAGGCACGGC,648,49.23,Arabidopsis thaliana
SEQ_806220,CTACGAAGGTAGCTTAAAGGCGGAAGAATCGTGTCTCTGAGAACTATCGACGTACATAGTCTATACGGAGTCTAGCCATAAGATTGTTGAGTCATGCAGTCATGGGACGAATTGCCTCTCGTAGTAAACGACATGGGCTTTCGACGCCGTGAAAACACCACGAAGAACTACCGCATTCATAAATGAACCAGTCCGTTCTATGTTTGACACGCGCACTACTGTCGGTCATCTGTTTATCCCTTCAGTTCTCACCCTTAGGCGGCAGACTGTTATCAGCACGATCCCGGATCCCCAGTAGCGAAGCCAGTTAGTTCTGAACTACTCCTCTGACGACAGAGAGAATAAAATCGGACCTCATAACATAACAAGAGCTTTTTCACACATAAGTACTCGCTAGCAAGAAATGCAGTTCTACTAAGAATCTTCATAGTACTTCTAGGTAGTAGCTGCTTCGATCCTCCGACTCCTGGGTGCGTTACTATGGTGATTGAACATATCGCATGTTTAACTGGTTTAGGGGGATGCACCAAACAGCCTAAGACCATAAGTCAAATGGCCTGCAAATACTGTTCCTTTCAACCCGGATGGATTCGTGGAAACACCGAGCCTTCTATACTGGAGACATTACAAATCTAATACGAGATGGAGTTATGCGGGCCCTGGATTAAAAAGACCTCAAATTGCGGCCGAATCATTAATCCAGATCAAAGGAGACACCCCTAATTTTCACTTTAATATAATGGTGTGAAGTCCATACATCTTTAAGCGCGTCCCAGAAATCTCACTGGTCGTGAGGGTCGCCTAAACATCACGGGTCAGGGGTATATGGGAGCAATTGCCTCGTAATCATCGGGCGACACTGACCTGAAATCGTGCGACGCATGCACTAGACGTATTATATGACAGACATTGGGGTCTCTCGTTCTATTTCGCCGCTTTAAAAGGTTGTTCATGGCTACCACACGCTCGCATCTACATCTCCTTCTTTCAGCTGGAATCTCGTTACGCGGCCACATTGCGATTGACAATTTGTGCATAGGCAAAGCGACCATACTCTGAGGAACCACGGGCGCTTGTTTTAACCTAAAGCTGACCGCCCACGGCGAACCCTGCGAATGCGATGCTTAAGCTAAAATATTCAGGACGTTTTCGCCGGGTGCTGCTTAAGCTAGAGTACGCGACGAGGTAAGGATAACGGACCTGAATCCGTGCCAGCTTCAAAATCAAAAAGGGACGCAGTCGTATCGAGGCCCAGGCTCTATTATGATTCCGGCAGGGTATGTAGTACTGGCGAAGCTAAGTTTCTCCTAAGCTCCGAGTCTCTTATTCTGCGAACTTATAAGTGGTCAGTTTACTCGCTTTGTCAGTAAACCGACAGTGAGACACCTAGTCGGCGTGACATCAATGTTAGATCGAAGGTGAGCGTGAAAA,1431,46.96,Saccharomyces cerevisiae
SEQ_648364,ACGACTTTTTTCGTGGTGTAATATTATCGGAGAGGCGTCTCAAGGGCCCTTGCGTTGACTTTTAGCGGGAAAATGAGCTACGCAGCGTATGCTAGTGGTGTGCCGTGAAATCGATGCAAAAGGTACAACACAATGTACCTTGAAGCCGATGCACCATGTGAACTACGAGGCGTGCTTGCCAGGCTTGTTTAGGCCATGCTTTGGCCATTCAGATGCGAGTACTCATCACGCAACGTTAGAGTGATAGGCGGCCTCTAATAAGAAGTGAAACCAACTAGTGCATGTGCGTGTGCTTGCTGTATTCTCTGATGGAGCTCGCCCCGGGAACAGTCCGGTTTGAGCGCGTAAGTTGCGCAGTCACATCGCCCCAAACAACCCTTCTGATCGCGTCGCTCATCTTAACACTTGCCACACGACCTTGCGCGATCGGCGATGACGTTGACTCCTCGTATTTCACTGCCACCAAAGCGCCCCACGGATCGCACGAAAAAGTTTCCTA,499,51.7,Saccharomyces cerevisiae
SEQ_192843,GGGAAGTTAGGACAGTACATAGCGACGATGAGTCCGGTTTTATCGAACTTAGTGGCGACGGTAGAGGAGCAACGGTTCTTTACTGAACAATTACGAGACACAATGAAGGGGTCCAACTTAGGCGCCTTTACAAGATACATCCCTCGCCATTATTACGTACTCGAAGCATTGGACCCTTTAGTCCACGCTATTAGATAAGGAAGAAATTTACTGCGACTTAAAAAACTCGCGCTTTCGACGGTGTGTCTGTTAATGTGTCAGGGGCACGCCCATAATTTGGGCCCGGTTTCAGCTAAAAGGTGGACCATAGGTCTTCACTTCCAGAGGACAAGATGACCCGATGAGCGTCTTTAGGGGAACTGGCATGTCCCTTGTCTCTGTCCGTTTCACGAACAAGCAATCTAGGCTATCTCACTAATTAGGCCAAGCAAAGTCAAACCAGAGGGCATAGAGAGGCACGCGTGTTTCTAAACATTGAGCGACGCGGCATGGCAAAGAAAATGGCACCAGCCGCAACATAGAGACCAGAATTAGCTGCATACTACCAAACGTCTTCGCGATAGGGTGGCGTTAT,574,48.08,Homo sapiens
SEQ_731653,TTGCAGCCAATCGCGGTCGGAGGCCAGGATGGCTTATGGGGCGAAAAAGGGTTGTGAAATGGAGAGCGTATTAAGCCGATCTGAGCGACTCCCAATTGGGTTCATAAACACTTTCATCCGACACCATTTTTTTTGATGCGCACGACTACTTAGGTAAAGGCGGCCAGACGAATCGACGACGTTGGTGGCAACCTCTCGGTCCACCTGAGCTTTGAATATCGCTGAACTCGAGTATACACACAGATAGTAACAGACGTAGTGCAGAATCGGACGGGATGCTATTGGTGTGCAGTTTGATACTTATAATCCGGAGACGCGGGTTCATATGAAATACTCTCAACGTTGCTACTTGCGAAAGAACGGTCGGGAGTATACAAGGTGGGGGTGAACTGAGCCGTTTGCGCTTCTGTTAGCCACTCTTAGGCTCATGGTATTCAGCGGCGTCGACACCGAGTCTTCTCGAA,464,50.0,Escherichia coli
SEQ_782794,TTACCCAACAATACTGTTTGTAAGCGGCGCTTGGACCAAACCGCCGTGGTTTACTGCAGGCGTTCCTGAAGTGGGTTGCAGCTGATACCGGCGAGTGAGGGATTAAAAAACCGAACTCTCGGCGGCTAACGCCCCATTCGATATATTTCTGCGCGAGCGGCAGGTATTTCTGCGACTCGTGTTGTCGCGGTCTACGGGTTAGCGCAATCGCGTCGGGTTTTCTTTATTGGGATCTCACCAGTGCACTCGGGAACGATACTTAGGTCCAACCCTGGCAGATCGTATAATAATTACGGGTCGCTGGAATCGCGAAGACAAGGCACCGACCGTTTCGAGCGGAAAAACAATTCCTGCAGAGGATGTGAGAGAAACGGTTCCATGTCCGGATGAAAAGGTGCTCGCTCCCGACGGCGAGTGTGGGGTTGCTTACTGTAGACGTGGCAAACGAATGGGGGGACGTGACTAGTAAATTTGGCATCAGAACATAATAAGGTGTAAGCCGTATGAGTCGTGGCGTACAATAATATGCTGTGCTTACCGGTATGAGTGGCGAGGCGGTCGCTCACACAACAATTATCTACAATTGGAATGGGCCTTGGTTGGGCTCTACCAAGCCTAGCAAAAGGTAAGTCCCCTTAACGCTGGTCGAAAGTCGAACTTGTCGGCGGTGATACGCAACACGCCTCTCCGGAACAGCACACCAAACACTGGGGGAGGCAACGAGTTCCTGCGCGGGGTAGGGATTGGCGTCTAATTACGAACACATATACATCCCAGCTTGAGTTCAATCAGTGGCGCGATCAAGAGACACCGCTTACACTGTAGGCGTTCTTTCTTGATCCATCGTGCGGCAAAGCGCTCGAATAATTCTAGCTGCGAACGGCTCTACCATTGTCTAAAGATTAGGGTTATTCAGGCCATGGGCTATGGCTCGTACTTTACCAGATTTTATAAATGCCGTCCTGTTCGTTGCGAAGTAACGCTGAAAGCACTTATGCAACCGTGAGAGTCAGGCAAGTTCGTAAGAGATTCGTTACCCACTCGTAGGAACAAAACGAAAGATGTTGAGCTACATGAAACGACAACTGCTTGAAATCTAAAGGGTTATGATCGGGGCCAAACCCGGATGAGGTATTATCCCCCAGGATGGGTGCTACCGATGTGCTCGCAGTGTCCTGAGTGACCCCACGCGCCCTTGAGGGTTCACCTGAGAATTTAATCGGTAGAACTAACTCCAGCAGAGGGCTCGAGGGGGCTACGATGGATAGGGTATTATGAACTCGTGTACGCAAATGGCTGATAAAGCTTCTCCGAAGCCCAAAGACGTGTGGCATCCCGACTGACAGGGG,1349,51.22,Homo sapiens
SEQ_917762,AAACCAATCACTATTCCTAGTTATCAACAGCCTATCAGCCGTGATGTTTAAGCTGCCGCGTTTCGACAACATCTGATTGGAACGAGCCACCTTTCTCTAAAATTGGCCCAACATTACGGTCGGACAACAGTCCTGAGAACTCTTTCCCTTATTTACTAAACATTGCCTTCAACTCAGAAGTGTACGCTTTTGACGCTTGCGATGTCATCTCATGAATGAGGGACGTCGTGTTTCTTGGTGGGTGTAGTGGTAAAAGGCCGTACTGCCAGCGGGCTCCCCACCTAGCATCCGATAAGCGTGACCGTCCTACGCTCAGACTATCAAGTGACTGGTGTCTAGATCCGCTGCTAAGCGGCTAGGTCTCCCCTGCCAAATGGATGTCTGTCTGCCGGTTGAGTGGCAATGCCCATTCAAGCCTTTGTCACATCGCTCCGAGTGGCCGCTGGGTTACAGAAAACCTCGCCACTAGCGTTGAGTAGCTTCCCATCTCAGCCTTGATTCCTGCACTATGCTGTAAGAGATCCACGTCGGCGACTAGAGAGCAATCTTCGTCTCAGGGTTCCAAGCGGAACAGGATATTTGGTTAGGGGATTGAGTCCGATCATCTTCATTCAAATCCATTCTACGATGTGTGCTGATCCCAGCAAGACGACCGACATCCTCATTGGCAGTTAGTGTAATCTATATGTTAGTCGCCGTCACCTCGCAAACGGCCGTCCCTTTTTACCTAACATCGCTTCTCAAGCCCACGGAGACGGCCTACTCGCTGACCGTATCTAAGGGTCTCCATATCTACGGGAAGGATATTTACGCAGAGTCTGATTGGATTCGACACGCCAAGCAAAGTGGTGATACTTAATCTAAGGATGCTCTGGTCAGAGCAAATACGGAGCTGAACAACCGGACAATCTCGCGCGTACAGCCGGCCCACGTTGGGTAAACTTGCCGCTTATGTGATCTGCCGACATCTTGAGGTTTTGTCTAGACCCCTTTCAGATCTCAATTTGCATCGAAACACATTTACATGCTTTAGGATCGGGGCGACCTTGCAGCGGCTTATTAAATATACTAGTGGATGTGCTCAGTGTCGAAAGCCGAAGCATCAAGATTAGTAATCGGGCCTACTTTCCCCATGCCGTGACCCTACATCCGCTCCACTGTAGTCTTCATCCTAGGTTAGATTCTTGTCAAGGAGTGCCTGACATCGACAGGAATGACACCAGACATCGACCGATGATGAGCCTGCCGAAATTCATAGAAAGTGTGTAGACTGGTGCCTAAGAGATTTCAGTCAGATCGAAGGCTTAGCGACAGCCAGGACA,1322,49.55,Arabidopsis thaliana
SEQ_875622,TGCAAAGATCGGTTTTCGTCGGGGAAAACCTCGGTGTCGCTGTTATATAAACACTTACCGTCCGTAGAATTATATTAAAGTCTCCACCGACGGGCTACTAAGCCGTGATAAGACCAGAAGGCCTAACATAGTAACTGTTATCATGGCTAACAATCTACTGCTCCGTGTCTACAGCACGCTTCCAGCAACGGATGGCAGTCTAATCGGTCGGTTCTCCGCACTAGCGTTTAACAGCACTAAGTCCAGAGTTAGTCACTCGTGCATCATACGCACGCACGTGTACAATAATCCGCTATACGTTTACGACAGTGTATGAGTGCATACACCCTGGACTCAACCTCTGTAAGCCTCGTCCTTTCTGAAATGTCGGTCCCCTCGTCGCGTAATGTGACCACAAGGTGATAGCTCCAGGCCGCTACTGCGACTTTTGGCTTTTGCCCGAACCAAGTTTCTGGAAAGTCAAGAGTCCTTCCCCATCTATAGAGAGTAAACCGAGTCTTGGGCTTGGTGGGTACACGGGTGGGCATATAAATCGGACAAGCAGGGCCAATGAGGTACTTCGGTAGATTACGAACCATCGCTCTCATGCAGAGCTGTGAGTCGGTCGCCGCTCTGATTCATTCGGTGCTTCTGGTTTACGAAAGGGCTCACGATTAGTCACTGGTTGTCTACGACTGGTTAGGAGGAACATGTCCTATCACGTGATGACCGATTAACCATAATTCCTAACTA,732,48.91,Caenorhabditis elegans
SEQ_640201,AGGGCGATAGTCTGGTGCCTCCTGAGTTGACTCCTTTCGCATACGGTATGAACTACGAGCTACACCTATTGCTACGACATTACCTCCAAAGCTCCTGTAGAGTGCGTTGCCAACTATGGACCTACATTGCAATATACCTTGTAACTCGTGCGCTATTTGGGCTCGGTGGTGACTCCAGGACTAAGCGGTGGGCTTCGTAGGGTAGGGGCAACCGAAGCGTTTTGGCGTGGTGGACTGGTGTGTATCTAAACGTCTTTCGTTAATTATGCCATAATGGACTCTGTCCGTGATTAACGCTCACAAAGCACG,309,50.16,Saccharomyces cerevisiae
SEQ_111117,CGATCGAATGACAACATGTAAAACGTTTGGGAGGGTCCAGATGTGGTCGACCG,53,50.94,Drosophila melanogaster
SEQ_194510,GCCTTCTAGCTTCACCTGAGTTTTCAGGAGCGATAATAGTGGTCTGTAGCCACCCGTGACGATCCGTTTACAGCAATCTTCTGGCCCACATGTCGTAATCGCCTTCTCAAAACCTGATTGGTAAGAAAGTTTATAATACGTGAGCTCTCGGAGGTTTCAGCGATCTGAGGGTGTTCGCCTCCCCATCTCCCGCTGGTATCATACTCAGACGGTACATAATACTACCTCGAAGTTCAGCACCACAGCTTAAGTGTCATGGCCTGTGTGTGACGTACTGTATTCACGTGGACTTAAGTTTGTCATTTAAGACTAGAAA,316,46.84,Arabidopsis thaliana
SEQ_987208,GCCATATTTTTCACAATTGCTCAATGTTTTTGGATGCCTTGAACTTTTATGTCATCTACTAGCTACGTTACTCGCACGTATGTTGCGTTAGGGTTTGTGCGTTATGCTTGCCGGGCGTCAAAAGGCGGCCGATGTCCGCTAGAGGTCACTGGCCCCTCTAGTGTGAATAGACACTGTACGATTAACAGTCGTCCGCCTGCTTAGCATACTCGTCATGATGGGAAAGCCTTGTTCGGAGGGTTGCCTTGTTTACAAGAACCTCCAAAGCCCATTAGATTATCCGCATAGGCTGGATTTTGTTGTCCCAATGTTGGGGGACTATGTAGGCAGTCCCACTGCCGTCTCTCGTCCGATGCCAGATTTATTGTTTTGACCAATTCAGTTGTCCCCAAGGGCTAGCACCCCTGTTGGAGTGAGATTGCTGCGGCACTTAATGGGAGAGCCAGCACTCTGTTATGTCAATCGACTAACGTCAGCTTAGGTTTGATCCCAGATACCATGAACAGTCAGATTGACTCCTAGGTCACGCCATGAAAAATTCTCATGGAGAACTTGTTCTGGCTACTGGTACTAGGACCGACGCAATCCGGTCTCATCAGGAAGTCTTTACTACGAAGGTTGCCTGTTGGTGTGCACCAGTGGCCTGCTAGATAGTGTCTTGCAGCGGTTACGGAGTTACGGACGGCGTATAGCACATCACCGATACCCATCCCCGTCCAAGTGGTCTCTTTCAATCGACGAGGCTTGGAAAACACGATTAGCAGCGTTTCTCAGCTGCACGGCGTCCTCTGACAGTCGGCCCTTCTCAGTGGCTCCAAGGGGTTCTCGGTGTGGGATCGATTAGCGTCCACGTGCGGAATCCCGATAAGACACTCGTGTTCTTCAAACATCACACAGGAGACTCAAGTGAGGCGTACTATCAGACTTCAATCAACCTTGCATGGAACACTGTTCGAACGTTGGGAAGCTAAGCCTGTCCATAACCGGTATGAGCTCCATAATAGAACACTCGCAATGGTTCACGCAACGGGGCACATTGGGTCTAGCGGCCCGCGAGACGCCCTATACCTAGTACTGTAAAGCAACAATAGGCGCGGGTCATACATTGTCAATCCTCGTGTCGGGGGGCTACATATCCGGGCCAACGCCAAGAGACCCAGGGGACAGCTTCTAAGTAAGCATCATAGATGGATCTCCATGGGAATGCAGCCTAACTGGGATCAAATTACCACCATCTTAAACAACTCATGGTCAGGCCTGGACGACCCGCAGATACTCAAAGAACTAGCGATCCCAGGAATGTAAGAACCCAAATCATGGCCGAGGGCCGATCACCCGCCCATCTAAGGTAAAGTCAA,1358,50.66,Escherichia coli
SEQ_706833,AAACCTAACAATCCGATTTACGAAGGCGGCTTCCCCATCGATTGACGCAGCATAATCAGGGGTAAACATCCGAAATCCAAGGGGGGCGGGCGTCCAATCGCCAAGAACTCGACCTGTGGCATAACATAAGGATGGAGGAATCCATCGCCCGAATCGATAGAGTTGATCATATTCTTTTCACTGTCTCGCGTGGGTAGTAGCGGACGATTACTGAACGGGGCCGCCTTACTTATCGAGTCCAGGGACAATGCTGAGACACCGTTTTCCCGTAGTTAACGCGTCGCCTTCGCGCCAAAGAGCTTTGCCGGGTGATGCCTCTGTCTTCAATGACAGAAGCAATTCCACCTAGAAGCGATATTCAGTCATCCACTCCGCTAAGAAACTCGCCATTACACGGGCGTTCCTAGTGTAGGAGAGGTAGGACCGTAAGCACATCAAGTCAATCTGTGGCATTATAGGCTGAATGACGTGTTAGCGATTTCTGAGTCTTTTCCTAGTGTGCTCAGGTATTACGCGGATTGTCTATCTAGCTCGCAACGGCCAGCGACTCATTTTTGCCAGCTCGCATGCGGGTGGTACCGATGGGCAAGACTGACTCCTAGTGCTATCTGTATTTCAGACCTGTCACCCCTGTGAAACGCGACTAACATGGCTGGCCCTAGTAGAGTGCGAGTGGGGACTGTTCGAGGAACC,693,51.52,Caenorhabditis elegans
SEQ_289274,CACGATAGATGAATTTGCCTTACAAAGCGTCAACAGGACCTTGGGAGCACCAGCAACGCAGGTAAGGAGCCCCCGGTCTCAGTCGTACAGAATACACCGGGACGTTTCTTCTGTCATTCGAACTTGCGTTCGTTAGTCCGGTTATGTGGGTAACCTTCGCGGTGGTCAGCTGATATCTTGCCAGGTACTATAGGTTTTCACCTAGCGCATCTCATCGGCGTTGCGTCTCGCGCAAACCGTGCAAGGTAGAAGTCTAGAGTGGTCCCGATTGCTGGTACTCCCTGAGTGGTCTCTTTTGCTAGTGTTCCAACTATAGTTTGGTTGCAAGTGACAGGATATCCCAAAGCGTGTAACATGAGTGCGGCAGTAGGCTCACAATATTCAACTTCGGAGCAGCACCTTGGCCTTATAATTACGGCAGCGTGCGTCGGAGTTACCTCACGCGCTCTGTAGCTAACCTAATGAGATAGTCAAGAACAGCCCAGGTTCGTCGTGATTGAGGGTCGTGGAGAATAGCCCGTGAGAGTTCACGTAGTTCTGATCGCTTGGCGCACCGTGCAGCATAATGAGCAAGATTACAGGCAGCGGAGTGTTCGGCTCTCACTAGTAGACTGACCGGCGGTCGCCGGTCACCCTATGGTCGTAACTAATGATTGGGCCAGCCAATTTCGGACCAACGGTGGTGTATTCGTTGTCATCGGGTACGGTTCGTTGAGAAGTTTGGGAGATTGCTTTCAGTGTAGTTTGTTAGGAGCAAACTTCAAATATTATAACGCTCCCCAATGTACGTAGCCGAGCTCTAGTTGGTAGATTGTAACAAAACGGGTACTCTTATTCGCGGGCTGAGCTTGAGATGGGTGAA,862,50.58,Escherichia coli
SEQ_265958,TGTCTTACAGGACCCCTGATTCCCGTTCTCTCATAGAGAGGCGGGGACGCAATCGCGACGAATGAGAGTATGCTATTGCGTCCGTGTGATAACAAGTGCCAGAATACAGCTGGTGGCCGCTTAAACCCTTACCTAGAGCATGTACTCCTAGCTCCTCGCCGGATCACGCGAAAGGAAAGCTTATCTATATAAGCCCATCTGTCACTCCTGCGCGGTTCGCTAAAGTATCGAGTGCGTTCAATATTGCGCGGAAGAGGCAGTAGATTGCCAGGAGCAGCCTTGACCGAAGACGGAAGGTTGTGGCGATACCATTCTGGCCTTGTCGACATCCAAACGACGGGAATAGGCGTAACAATTAGTTTGACCCTCTCGGCTAAATCAGGACGCCCAATTACTACGCAAATAGTCGGGGTGCCTTGTCAGACTCATGCTGTTCAATGAAGTCGCGGAGCGGGTACCCCATGCAGCAGCTACCAGCATTAGCTCAACCGGGGGACCACTGGCGAGGGTCCATGTATAGCGGAAGGACTGGGGCTGGCGCCTGAGAGTCACACCGTGACCGCAGAAGGGATTCATCCCTAAGCATGGGAAATCGCCTTGGTTGGACAGCAGCTATCATTATGCGCGCCTCTCCTTGGTTCTAGAATATGGCCTCTCTATCTATCTGGCTGCGCTGCTATCCTACAGGAACTCGCCGCTAAGGTCCGGCTTTTCTGCTGTCTCCTGTCATAGATTCTGACGCTCCCCCCAGTCTGAGTGCGGGGTGATCGACGGCGGTGACCCGCGCGGTCTCAAAACAACGCGCGGGACGATGCGAGTCGAGTGTATCATTGCCGTGGCTCATCCCCCTAGCTCTTTATATATTCACACACCGTCAATTCTGCGGTCTAGCCCGTCGAGACAGGGAGCGTTATACGCAACTCAGGAACGGCCTACCAGTGCAATCGGGGAGAAGGTGGTCTCCACCCCGCTTTCAACACAGCAACAGGGGGCTCAATTTCCGCTCATAAACTAAAGTGTCTGTTATCATAAGTCCATGAACGAGTAGAACACCCCGAATCAGAACTGCAGTCTTGCGCAGCAGGCGTCACATCGATGTATACGAAGAACAATGACTATACACCTCATAACTTCAGGGACTTCGAGGGGCAGCACCCAGTGGGTGATCTTCGGCCCGGCCTTGGAGGCCTCCTCGCTGAGCTGACCACCGACTAGGGAGGCGCCCGCTCACAAAGAAATGCGATGATGAAGGCGTGCCCTTGACCCTCGTGATGGTAGTCCTACCTGCTAAAAACTTGGCTGTGGTTTTCTACGGACAGAAGGGAGGAATGTTGCCGGAGTGCAACAATGATGCTTGCCCTGGATGACTAGCGACGGTAAGGCCCCGGTGCTTGGAAACCCTAACTTCCACCCAACGAGA,1420,54.37,Escherichia coli
SEQ_836443,CGTCTCCTCATCACACCTACGCCGTAGTCGCAGACTTGCGTACTCCTTACTCGCCACTCTGACGCCCCAACACAGCCTCTCCTCCACTTATGTGTGGGCATTTCCTTGTGAGCGCGTCAGCAGCGCACCAGCGATTCTGGGTCAACCCCATGCGACCGATTACCGCCTCTGTCTGCGCCATTTAAGATCGTAAGCGCTTTCCTGAGGCCGGACCATTCCCTGGAGCTACTCCTCGCACAAGTTCTCCTTGGACGCGGAGGGAGCTTCAGGCAA,273,58.24,Mus musculus
SEQ_886948,TTGCGCTTGGGGTACTCAGATGAACCCCTTTTTATAGCTGTTTTCTCACCGGGCTGGCATGATTCCTGGCTAACAAGCGACGAAGGGACATCGAACGTTAGATTACGCGCGGGTGGCTGCACAGTAGGATGATCCACTTCATTGCTCATGAGAACCGTAGACAAAATCTTTATTCCTTTCACGCATTTGCGCGATACTGCGAGTGGGAAACCCATCTTCGCGGGACAGTGGCGACCAAACTGATTCGGTACTAACCCAGACAAGTACTCTCTGTTGAGCCCGCCGAAAGATAGATACCCAGACCCTGGTAGCGTGCCCCAGCAGCT,326,51.84,Saccharomyces cerevisiae
SEQ_361463,CACGTTCGCATAGGTTGGATTGTAAACAGCCTACAAAGCGCTGTCAAAATTGACGCGATGAAACGCTACAACACAACGGAGGGCTTATGTCATTCCCTTCCATAAAACTAGTGTTTACACCCGTCTTACATTACATAGCATTTGAAGTCTGACATGAGGGGCTTAACTGAAGTAACCGCCTTGGACTCCTACCCAAATGGTCGCAGCTATAACGTCCGGCAACTACCAGTTGTACGCTCTTGTAACTTCACGCTCTAAGTGCGGTTAGTATGTTCGGACGCGGATAGGACGCCGCACCCACTGGGTGCCCATGGATATAGGCCCCTTGTTAAACGATCGTCGAACTTGAGTGAAGGAACGATAATTAAATCCGGCCAATTCAGACGAGAATCAACAAGATACGCCGTACGCTTTTTTCTTGGCAAGAAGATGGCGTGAATGCCTTCGGCAAGGTGCTAGGCCCACGTACTACTCGGAATGCCGTACGTTTAAGTGCGCGAAGAGGCTCAGCTCAATTTAAGAGTATGAAAGTAGATTTAAGTCAAGCTCATCGCTCACCTCCCGCAATGTTCAATTTACTGGGCGTCCATATACGACCCCCAGAGAATCAGCCTCTAGCGGACCGCGTTCGTAATGCGGTGACGAACGATCTGGGGTAATTGACGCTTCAGTAACTTAAGCACGGGCGGTTGGCTTCCCTTTCTGCTTTAGAAACGTTTCCTGCATCTGCCGGATTGTAGGTGTAACGAGAGTAATATGACGCCTACGTATTTAAGCTATTTCATGGTAAAGGACCAGGATACGAATGCAACGATGAAAGCAGCATAGCTATTAGATACGACGGAGGCGTACGTCTCCTCATTGCTACCGCATATCCAACTTTCCACAATAGACGCTCAAACACCCGGCGTACGAAAAGCAAAACTAAATAAGGGCTTAATCTTCTCGTCATGCGCCGTAGGGTAACTTTAGTAGCTGGCAGGCCTTATAACGCTCAAAGCTACTCTTGGTTCCCCATCCGGTCGCTAGGAGAAGTATTACCCAAGCTTAATTATGCTCGCAAACTTCAGCATCCAATTCCGAAGATGTAGGGAGGCAAACCATAACTTCTGAACGTGCCACATGTCATTTTTGCCATAGTGGTTGGCCCACGAAGCCGTGGAAAGGGCTCTCATTCGACGGTGCCGCTACTAACTGGCGCAGAGGAATCCTCCGCCGCATGAGTG,1226,48.53,Homo sapiens
SEQ_971987,TTACGTTGGAGTGATTTCGCACGCAAACATCAGTTGCCTTAATTGGGACAGCCCGCTACAAAAATGAATCTATTCGAGAGACCGTCGCCAGCGGCACGTCCGCTGGCCTCATAATCGAAGTTAGCATAGACCGTACCCGTTATGCTATGAAACCGCCAGTGGGGGCACATAATTGTGTTTAGAAAGGTTGTGGAGGCGCTAGCATACGGTTGAGTACAATGTCATGGCAATCATAACGGTGCATTGTCTGTGATAGTTCGAAACGGTGTGTGATGGTACTTATGCTTGTACAACTAAAAATTTGTGCAGCATCCAACTCGCTTTGACCGTTTCAATCCGTGGTTCGGAGCATTGACTGACAGAATCATAGTCGTGATCTGCCGATCCGTGGATGCCCTATGCACGAAGAGACTAGATGTCTACAGTCTAGCCCCTCTCCTCGAACAGAATGATGAAGCGGTTAGCCCTCTTAGAGGAACTAGTTCCTGGGCGCCTTCTCTGATACGTCATTACTGGGCCTATCTAGCCTTCTTGGTTTTCTTTTCCTAAGAACTGTAGGACTGTCAATATTTTAGTACTTTTTTGTACGTGAGTTTGCTATAGTAACGTGGATGTCCGAAGGCCGGGGCCCTACACACTGAACGGGCGCCCGACGATCATCGGGCTGGGCGCAGTGCCAGGCCGCAAGCCAACTACCTGCACCCGGCCCTGCAGTGATTAACTATAAGGATTGTTGTGTTTTCGCTATACCAGTGCAGAAACCGCGGAGATTCCGCCGCTCACCGTGCACGTTGACGGCTTGTACCGCCTTTTACTAACAAGCTACCGAACCAGTAGCGTCTTAAATTAACGTGAGTGAGTTGCACTAGAACTAACGGCGTCCATTCCTGTGTAGACGACACAAACTTGTTTACCCAAGTGTGCCAGCTGCGCTTCACTAGGTTCGTTACATATATAACGAAGCACCCTTGATCCGTTGCAATAACTGAGGACGTGATAACGTCCGGGGGTTCAGAAGAATAATGCTCACCGATCTTACGACATTCAAATTAGGCAAACGAGTTCACCCGACCCTGAGTTGTTCAGGTGGGCCCTCACTGCGCGTCAGGACAAAGCCAGGCCCGCCAGATATCCTTTTCACGGGAGAACCTTCTCAAGATCCACGCTACAAGCGGCAGAAACCGTTCGCGGTCTGGGCTTTCATCCACCCGTAGGGACAAACC,1223,50.04,Drosophila melanogaster
SEQ_394398,AATTAATACGAATCCAGATCCAAATCATCGTCTTCCTCGCACCAAACGGAGATGCTAGGAGACTAGAACATTGATCCTTCACGCGCGGTGACAGCGTATGAGGCTGATGTAGTATGGCTTTATAGGCTCCGACGAACTGAGGTTTTGAAACTAACCACTGTAAGGAACGGATTTCCCGGGAGTTCTCTTTTTCCGCGCCCTATGTTGGCTAAGCGAGCCCGTTATCAAGAGGAAACATATAATGTCCGGCGTACAGTCTTGTGCCTCTAGCGTCGTATCTGTGCTAGGTTAAGCCTCTAAAGCAACACCATAGGGCTCTGAGCCTCAAGGGCTCGCCTGAGTGCATCCGTGGCCACGTGATCTTTTCAAGCGTGTCGAGATAATGGTACCTTGTGAGTGTTCAGCGAGGTCTTAGTAGAGGTATGGCGCAAACTATTGAAGGCCCTTGGCTTTATTAAGTGACGTAGATCATTGCAACGTACGAGTCTACCGTCTGCAAATGCTGGTATAACGATTTCGGAAGCTCCGACCGGGCTTACCATTCGCTAGAGATTTGCGTAAAGACGTGTCGGACGGTTGGAAAAGTAAGTAGTGCTCGCAATAGTTAACTGACAGATGAACGCTCACTGACATTACATTGTAATTCCTGGTAGTGCGTAAAGGCGGTCACATCGCTTCAACATCCATATATTTCGTGGTGGGTGGCTTTCTTGGAGCGCCCTGTGATATGACGTGTTCTACCGAGAACATAGATGAGATTTATAGATGGCCACAAAATCTATACAGCCAATTCCGCTAAGTGACGCGTACGGCGGCGCTAACTTTGACTGTCCCCGGACTCGCTCAGTGCTCCACCTTAGTTACTTCCGCAGTGTTAATCGAGAAAAGGCTGAGGAAGGGGGGCTAAGGCCCATGACGGCAATCGATGTCAGCTGGACCGAACTGTACGGCCCCCTGACCCGGCCTACAAGCCGGGACTGTGAGTGGGGTATTTGAGTCGCGGGACCGTGAGCTGCCTGCAAGCATCCGAAGTTTTTGTTGGGCAGCGTTAACGCCGA,1058,50.28,Drosophila melanogaster
SEQ_984605,GCGTAAGCATCTAATATAGTCCGTTCGAAAGATAGGGTGCCGCGTCACTCTTATCCTTGACTCCTAGGGGTGTGGACTCATTGTATCCCGCGAACGGAGCGAAACCTTGCTCTGCCAGGCGCCTTCCCTCTTAATGACAGCCGTTGATTGAAGTTGAATTTGCCGGGCTCATACCCTATATTAGCCGGCATTAAGCGATGGTATTCTCTACACCACAGGTAAACTGCGGATACGACTATTGGTGGGCTAAGCGGATAAACCACGATCATCAGGCTTAAAGGGTATCGACCAGTGAACCCTTCAGGCGCCCCAAAGTTCAATTCCTGAGGGATGAGTCCGAAGGCATATAAGTCACTGAGACCGTGTAGTGCTCGTGGATGGACGTTCAACGCCTGCGAGGCAATCCAATCTGTAATCCAAGTCTTTCCGCTTTTGAAGCAGTCCAGACCCTAAGGCCACATATCTTGGGTTTTCAGCTGTGCGGGGGAATGCGATTAGTTAGGGAGGGAGGGTTCACTTTAGAGGTTTGTGTTTTATCGGAGGGGATCCGAGACTCGCCGAGCTTCCGGCTCCTGCCTTTCGATCTAACGGGTGATATGCTACTCACGAGCGAAGGGTACTAACTCACTGTCCGTTGGTTCAATGTGACGGTGGCCGTCCATTATAGCGAGCCGGGGCAACATGTAGAGAGTGACGCCTATGGTATGCGCTTCGAGCGCAATTTCGAGCTCCACAGGCATTGGTGGGATGCGCAAGTTTATAGTCCTTGTGATATGCAGTAGGAGATATTAACACGAGTCTTTATCGCCTTCTCGCAAGATACCGCCGACACATAAGAGGGTGCCGGTTGCCATCAACTGAGGTGTCCGACACCCCAGGTTCGTCGTGAGTCGCGTAGATCTGAGCGTGGATAATCACGTGAACCCAGTGAATTGCTCCTGAAGACTCGGCAGATGCCTTGCTATCTCGGACCGGTCCTGGGGATATCCGGAAAAAAGCGGTCGCTAAGACTCGGGCGCACCAAGCGTATAAAACTTTGCCCGTCCTTCTTGTTCACATTCCCTAATAAGATATCAGCGAATACAAGTTAGCGCATGGATGCATTGACTAAACCCGAGGTGCGGTCGATGAAAATGCTCCCGCCACGGTACGGACGAAACATTATTCGGGGTGCCTTTACTTCGATGCCCGCTGGAGTTTCCCACGGTGTTGGTGCTACATTTGGACGTACAATCGTTTGCCCCCCCAGTTTCCGTGCTCTAATCGAGAATGACCGACATTACAACGCGATCACTATTCACGGCTAGAAATCCGCTACGCTCGGTTGGCGATTCGGTGTTGAGCGATACCGATCGACATATCTAGCTACAAGGGCCACAGGTGTCCGCAGTCCACCAGCCCGGTAGAGCTGTTTAAAGAATATGGGACTCTACTGATGAGGTCTAATTGGGCTCCCCGGTTAGTCCTATCTCGACTGGGCAGTGGGCTTAAAGAAACCCACACACGGATAGTACCATGTTGATGCAAGATTTAACACCCCGGCCACCGGGGACTTATGCGTCGATATCGGACCATACATAAGCCCAAAGCCAAATCGTGTTGACTGGCTTCAGAGCCCTAGACGCTGGTTCTAAACCGGAAAGCGCGCCAAGATAGGGACAGATGAGAATGATGCCATTAGTTACCTAGGTCGATGTGATGCCACCGGTCTATTGCCAACTGCTTAAGCAGGTTCGCAACGATCCCTCTCCTGGAGCACCGTCGCTCCCCGGAGAAACTACCTAGT,1786,51.85,Escherichia coli
SEQ_185701,CTCTAAAAGCCGGTATTTATACCATGGAATCCTCTGGCGTCGGTTCCAATTCGGTGTGGCGTCCCCGCTGAAGTTTCCCGAGCGAGTTGATGCACCAGCAACTATTTAGTATCCTTGCCCTGAAGTAGAGGACCCTACTTGAAGCTGCAGTGAAGGTGACGTGCAAGGGTATAGCAGCATACAACCGCCACCTCACTCCCAGCTGAGTAACTGAGTGATCTCTTACCCCCTTGAATGCTGCGTACTAACATCGACACATTTTACTGGTAATACTCTCTTGCCTGTACGGAGTAATGTGCGTCGAGGTGTAGGTATTTATTGAACACTCGTTGGTGACGACTTTCCAAGAGAATCAACAACGGGAGACCTCTTTTTGCAGGTACTCTCTGACCCTTGTAGACTACGGATACCCCGAGTCATCTCTTTCATCCGCTCTTAACCGCCCGCACACACTGGACCTAGCTCGACGGCTTTGGGGGACGGTAAATCGGTTCAGCGCACTAAACCCGAAGTGGTCGACGGAGGAGGGTGGGAACTGCCTACGTGCATATAGGCCGTCGGTGGTAAGTGAGGCCCCGAAAAGTTCTTTCGACGCACGATACAGACCGGCTAAAGGGTTGATCCTTATCTAGCCAGCTACGTAACTCAGTCGCTGCGCTGGGCAGCGTGGTCTCATTGATTGGATAGCCTCACACATCGGTCTCGGCAGTGCCCGAGAGCCGCTGCTTGAAGCACCGCTCTGACATCTTTGCGAGATAGCTCCTTGGAAGATTCGTGCGAACGAAAGAGCGGTAAGACCCTTAGTGCGGGGTAATGCAGGTTAATCAGAAGCAAGGAAAGTGCGC,845,52.43,Escherichia coli
SEQ_428291,ATAAATTCGGCGTCACGCACCACTTAGGAAATCTGTGGCGGCGACTCGCGTGGGTTAGGTTGTAACACAAGCTATCTCCAGACACGAGGGAGACAAGGATGGAGCATGTCGACTTACGCCCGAACGGGACATGATGTGTCATCCGCGGCAAAGGCCACCGTCAATATTTCTGGACTAGTGTCGGCTTACACCCACTCGAAGGTACTGGCGTCATGAGACTCGGATTGAGTTCACCTCCCCAAAATAGTTCTGGCGGGAAATTGAAGGGGCCCAGAATTCACTCATGAGCGCCTCAAACTTGCTAGTACATGATATAAGTATGTCATTTGTGTGTTCCCCCGTGACAATCAGACGGGTACGTAGAGCGGCGCAGATTTGACTCTTGGTTATTAGCTTGTATAATATTGAAGTTCTCCCGTATTAGTAGTTGCACCGGAATTGGGTTTGCTTCGGTGACGCATGAAATCACCATCGCCGGTAGTTAAGCGGATGCGTGGCTAGGTCGACATTTTTATCGTACAATCAATGCTCAAGCGTTCATCGATTATAGAAATTGCACGGTCGGCGCATATAGGCAACATTTTCAAAACAAATAGTGACACCCGAGCTTTGCTTAAGAGGAACCGCCAACGTTGATTGAAACACACCGCTCGCAAACTCAGGCACATCCAGGTTCGTACCGATGACCGTACGTGTTCCAAGGAAGTATAGAGCAAGAATCCACAAGTGCGATAACTCATGGTACTATAGTAATATTTGCCCGAAGTACGGCCACCGCGCTTGCCCGATGCTTGTTTTCAATATGCTTTGACGAACGCCGGTCTAGCATACTAACCGGCTATTATGAGTAAGCATTCTGAGCAAAAGACCGTAGGAGGGGCTCATATGCTCACTTTTAGCGGTCTTTCGATTAGTAATCGGTCTCGAGAGTCGTTCTATACCGTCACGTGGATGTTGCGATGCTAAAGGTTAGTTGGCAATGAAGGTAGGAATCTAGAAAAAGTAAACCTATGTGCTCGTAAACGGATTATCACGTAAAATGTTGGAGAGCAGCAGGGATAGGTTTTCCATTTTTAACGTCAGGTTGCAAGATTCCTCATTCGGTCCATCTCAAGATGCCAAATGGATATTTGGTTGATCGATCCTGCTCACTGAATTAAGTAACTACACCGACCCTAGGGACACTCACTAAAGCGATTCGATACATTCCGCCGAAGCCATTTCGCATAGTCGGAATTGCAAAAGGTGCAATCCAATCTATCGGATCATATACGACGTCGTGACAGGTGATCGCCGTCGACCGGTAAGTCCTTCCTGACAGGAATGTGGCACCCCATCGTGAAGAACCGCGTACAGTTTGGTCGGCCTTGCTGCTTTTTGCTGGCCTTGATTACTATCTTGCTATCATATACCTTATATGCAGCTCATTACTAGCACTCCCATCCACTCGTCTATCCTAAGAAAATGCGGGTCCCTCGAGTACTCGGATTTGAGCACGTCGGAAGGGGGGCACGCGGCCTTCTGCGCAGCCCGTGCGTATTGTAGCCTCCGACGAGATACCTAATTAGGTTAATCTAAGCGCAGGTAATTGTTCGCAGATCAGATGTCATTGCAATCTCGACAATAGCCATGGTAAATGAAAAGAGCAACACGTCTTGGTCTTTCCTGCCTGTCCGACCTTCAAGTGCTAATTTCCGATCAATAGCTGACTACACGAAAGGTTGTCTCTTGTTTAGAAACTCACATGGCGGGTTGCATGTGCTAGCAATTTCGTTTATTTAGCGT,1785,47.39,Drosophila melanogaster
SEQ_160396,TGGAGGCAAGCATGCAAAGGCGTCCAAGGAGGCCTTATGATGGTCTAGGCCTCTGAATAGACTGCGCAACTCGCGTATCCCACTATATACGGGCCAAGCTTTTTATCAATAATTCGAGGCCTATTGGGCAGGGTCGATCCAGGGGGCCTTCGTGCCACAATGTGCCGTTCCTGAGAAGGAGTTAAGTGACTCGGGTCCTTACGAGATTAGTGACAATCATAGGTTTACGCGACAGTCATAAGACGCAACCAAGGGTGATGGAGTCCTACGCCCAGTCATCATGGGCAGGTCGGGCAACAGTGTGGATAGCCCGGGTACTCGTACTAAATCGTGAGAATAGCCAGTCGACACCCTAGTATCAACCGTCTATCCTACGACCCTTCTCGGCGGGTCCCAAGTCTTTAGTTGGCGTAAAATCTGCTTACCCGCCTAAGCGCACAGGCGTCCGGGTTTTTTCATGACGCGTCCAAGGAACTGGCATTCATGCTACCCTGGATAGTCAGATTTTGTGCGGTGGTGCCTTCGACACATCCTTAATCCTGTGCTGGCAGGTAATACCAGGGTAGAGTTACAAAGGTCATGGTTGCAGCGGACGCACAGCAGGCCATTGTATAGTCAGCGTCCGCTGTTAACCTTCAACGTGTACGCTAAATAGGGAGGGGAAACTTTGCTAGCCAGCTATTATCTTATTCAACTCGAAAAACAAGCTTGATACCGCATTCTACGAATTGCCTATCGGAGTACGCCCATTGGAGTCCGGGTGCTGTTATAAAGCCGTGTCTCTTCTAATCGAGAGATACTATCGCATCAAGGATGGAATGGTCGGATTATGGGCCAAACACGGCGCCTGCAGCGGGCAGAACTACGGTATGGAGGAGCTAATTCGGAACAAGTACCACCCGACAGGATACTCTGATCATATGGGTCCCCCACGGTATATCCAGACTCAAATAGTCGTGCTAGCAAGTTCACGGTTAATGAAGCCCAAACGCGCGGCAGCAGAGTTCTAGTAGCCCTGTCTTGTCAGTGACCAGTGGCTCTTCTTTCGATTTTGGTCGCAGGAGCATGCAAGTTGTACGGAGTTTCATTCCTTCGTAAGCTGGCCAAAGCATGCCTGTAGGGCGAGTTCCCGCGGGGATGCAGCAGGACGGTCCATCCCTAGGTGATGATGATGTCTTAGGTCATCTAGCCATGCTAAATACCTGGTATCGCGCTGTGGGCAGAATAGGTGCGCAGCCTCTGCTCTATATCGAAGCAACAAGCAAAACGCTCCGTAACATTGGTGCAATAGCGAGAGACTTTGAAGCCGCCGCACTAACGAGCTAATGCACGGCTTCCCGGGGCCCCCGTATACGCTTCGCACCACGTGGTACTTCCAGGAAAAAACGAGCATCGGTAACACCAGATTCTACTTGCGCTGGGTACGTAAGGCTGCATAGCACAAAAATGTATGTAGGACTGTGCATAGAGGTCAACATGCCCCTGCTCAGAGGCAAATGCCCTCACCCATATGTGTTTAATGCTTTGGATCTATCCGCATGAAATTCGGAGGATTGACCCATTTCCACCCTTAATCTATTCTCATCTCGGATTGCATGCATAGGACTACACGGGAGGAGCAAAAAGCTAGTGTATTAGGGGCCGATCGGTCCTGCATCAAGGCAAATTGCAGCTTGTGTCTTGAGTCGGGCGTCAGCAGGTTCAGTTCGTATGACTA,1717,51.14,Caenorhabditis elegans
SEQ_830086,CCCCTGACAACAAGAATGGCCTAGACTAGAACGTATCCTGGAGAGGTGTCTAAGCGTATGCAAAGCAATAACTAGACTCTGTCCTGAACAGGGGACGTTCGGCACTTGATGCAATGGGCTTTTGAACCACGTCCCAAGAAACAAGGGCCGGGAAACGATCGGGTAGTGCCCTGGGGTGCTTACCCTCACCGTTAATGACCCGTATGCTTACGCCTGGCTACTGGGCCAAACGTATAGGCATTAGCGCTGAACTGCTACTGTCCGTAGGAACTGGCACCTCATGATATGCTGTTTTTCTGACATTGGCGGAGTACTTCCAAGGGGCGAAGATATCCTGAGGCTATTAGTTTATTATCTCTAAAATCCCGCCTCGATAGTCCCACTGGATCTATCGCACGACAGCGCTTTTAGGGTTCTAAATGGGGGGCGTTTCGCTGCGCCAGGGGACATGATTTGCTAAACAAAAGGCTCTTTGCGGGGCCAGACCATTCTGGCCAAGGTTTATAACCATTTAAATGCGTTCAGGGGGCAGGAGCCTACCAACTTGGGTGACGTTACTATCTAATGCTCACACGAACATGGTTTACTCCTTGATATTTGTCTGTGTACCTGGGGGAGCCTGGTTTCATTGGAGACCCGGGGCGAGACAAAGGTCGATGCAATGATTAATAAAAATTAGATGCCCGATTTATTCAACGCATGCTTTATTTTGGACCTCCTGAGTTGCTACTTGAATCCGTTTAGGAGGGCTTCGTCAGAGCAATCGCCTCTTTACGAGAGACCGCTAGATGTTCCGGGCTCTGACATGCGAGCACTGCGCGCTAAGAGGGGGATGTTTGATCTCTCATGCCGGATTCCGCTACGACGAAAAAACTCCTCACTAGGGAATGATTGAACTGTTGGGCCGGGCATACCTGCCGAAACGTACAACCTCACATATGCGGCTGCTCAAGCAGTCAGGCGAATTTATTCAGATAGAACCAGC,985,50.05,Drosophila melanogaster
SEQ_622477,GACTGTAGCGCGACCGGGACGAAGAGAGCAGAGCAACGCCCGCAGCGGTAGCGCGTCTGGTGACGAGCATTTCATAAACACCTAGCGCCATCAACAGCTAGGTTGGAGGCGTCATTTATATAGTCCATTGTTAAAATGATTGGGCGAGGGAGGACGATTAACAAGCCTAGTGGGTTAATCCTCACTGCGGTGGTCTCGTTGCGCAGGTGTCCAAGAATCACTGTATCCCTCCGCACTCAAAAAGCGTGAATCCGGGTGGAAGAACTACTCTGATCAGAGCTGAAGATCTTACAAGGGAGCAGACTTGTCGCGAAACGAGTTGGGCGGCATGGGCTGTACAAACCTTTGTCAGCACTGTTTGGATATGACGGAGCTGCTAGTAACCATTCGCGGTGCACTCCTGCTATAGAGCGGCGAGAACCT,423,52.72,Saccharomyces cerevisiae
SEQ_720949,TTGATGAGCCTGGGCCGGCGCTCCATAGGTGTACAATACCATGGCCGAGTACGCTTCGATGCGCCCCGCCGTCGTGCGACAGCTGATAACAAGTTCTTACGGTCTTCTTCCGGGATCCGTAACCACGCAAAGGTCACACGACAGGTGTCCGCTTTCGGGCTTCCGCTAGTGCTATCTGGTGAAGACCCGATGTCACATCGAATTAGTATAATCCGGCGATCGTACGCGAGCCCCCTTACAGTCAGGCTCATGTAGGCATAATTTAAGTAGAGCCTCTAGCGTGTCAGCTAAAACAGCCAGATAATACTACGATGTCTGCCTACACGTACGTGTATCGGCTTCAACCCATTATGAATCTTTCCCATATTAACCAACGATAAGATCGTAATGTAAGGTGGGCTCCCCAAGAGGCACGCAACTGTTTACGCCAGCGCCTGCGGGTCAAGAACGTGTATGTTATGCGGTTCAGTACGCTCCGCACCGATGGCGCACGTTATGCAGGCACAACCTAAGATTACTCTTTCTTTAGGGAACCCGCAGGGAGGGAACTTCCCGGGACATAGATCGGACGCCCCACTTTGTAGGAAATGTGGTTGGAGAGGCCTCATGACCTTTACGAGGTCTCCCTTTTAGTCGCAGTGCTACATGGTGTCAACGATTTTCGATATTTCGCGGCAGTCACGGCTTGAGGCCATTTCGTATGGAAGGGATATATTTAATGATCTGGATGTAATAGATCTTATAGCCGCGATGTACTCCTGCCCCAGAGCTTACTGACGACACTTTCGTATGAGATGTACGGCAATGGAGCGAACCGTCCCTTGAGGAAGAACAAGTGTCACGGGAGCACAGTATTAGCGAGAGATGTCTTCCGCCGAGGTTAGCTTTATGGAGAGTAATGTGGGCAACCTAAACTGTCTAACTCGGATCGTATAGCCTTATAAGGAATTACCGCCACTCGTACAATGGGTTAGAACTACGTTTCGGCGATGAGTTTACAACGCGGCTCTCGCTGCTAAGATCTTTTCGACGGGCGTGGCGGCCTGACGTAAGGCACGATCGTAGTCTCCCCCGTAAGTAATATTACTTGTGATAAAGACATATCTATACATCGCCCTTGCGTTCCGTCAAGATCTTACAGGGCGTGGAATGGTAATGCACCGTATACACCTCTTATTCGACCGCTCTGCGGAGCCCAAGTTGGGGACGCAGGATACCAAACACCTTCTTGATACCTCATGCCCTACCATCATCGAATTATCTACGCGTGCCGCGTAGTCCTAGAGAATCGATTTCCGCACCAGGGAATCAATCCACGAAACGCATTTCTTGTGGAGTTCCGCATCCCGTGTAAGGTGGTGACCAAAAAGCTCGCCCGATTCTCATGATACTACCGTATGTACCCCTTTTGCTACTTGGATCACCTGGGCTAACCGGAGAGAAGGTTCACGGGCTGCTGCTTAACGCCCATAGATCTTTGTTTTTTAGCCTGTTCTAGCAACTGTCCTTGGCAAAAACGGCTCAAGTTTTCCGGGAAGATTCAGGCGCAAGCGTCTCCAGCGATTTTACGTGGCCGTAAAACCAGGATCGGTTGGTTCCGGCGATCCGGTTCGAGACCTTTTGCGCATGTTCTGCTAACCGTGCCTGACGGAGCTGGAGCCTACATGCGGCAAAGATTTGCTTGGGTCGATCAGGAGATTTATAGGGATGGGTATAGACGGCCCTGGAGATAGTGCAGATAGTCTGGTTGTAGTGTTAATTTCTTACAAGATTTCCCACTTTCTGTTTAATAGCCGATGCGACGCTATCGCGTGCTGTAGTCCCTAGTCCCTGCACTTCCACCTTTGGGCGCCAACATTCTAACAGTTGGGGAAGTTGCCTGCTTACTGCCGATGCATACAAAATATAGTTCCGGTGACCACTAGCAAGCGGGAAATCTAACGACCTAGCCACGTCAGCATATGAAACCAGCGTCATTACA,1981,50.38,Mus musculus
SEQ_892274,ATAGCTAGAAATCACTTCCGCATGGACACGCTTGGCTCATGTCGATGAAGTACGTCGGTGAATGAAACGTGCGCAGAGCGCGAAAGACGAGTGCTGCCCGCCAATGAGCTACGTGGTGGTACCGGAACCGTGAGACCTACGCCTGAAGATTAATCAAGACGTCCTCAGTTGCACACGGGGGGATAAGTACCTATGTCAGCTGCAGATGATCAGTCGCACTCAAAAACGTTTCGGGAGTTCGTTCGCGGGTTCACACAATGACCGGCGCTTTAGCATCTGCATTGGAGCGCGGTGTCACGTCTAGGTCCCTATCGTTAGAAGCCGAATTTAACGGAACTGTTGTAGGGGGAACACGCAAGAGTACCGCCATCCGGATAGGGTCCTGGCCCGCAGGTTGTGTTCAAACCGTCACCTCTCTTACCTGCTAGACTAGTGGACTTTACGGATGTCCTGGTCAAGATATTTCTACGCTACGGGCCAGGAGGGTCGGGGGGGACATTAGATACTAAGTGGGCGGTTCGACATGACAAACGATGAAGATAGCACGCTGTCGTTAGTCACAAGAAGGAGCGTTTTACGGCCTAGCGATCTCTACCTGAAAAGGCCCCGTCACTTGTAGCTGACACGGTACACTAACCATTCTTGTCGCCCAGGGTACATAAGCTAAGATGATGGCGATGTCCTCAACAGAGACTTGCACGCTCGAGGTTACGAAATCTTATTTTCTTGCATTTGTGTGGAATAGCCCGCTGGCTTGATTTCTACGTCTGAATTTCGGCACCCAAAGACAAGATCAAACAAATCCGACCCAAAAAA,816,51.1,Drosophila melanogaster
SEQ_427110,TGGGAAAGAAAGGTAAGAAGTCTAAAAGAGGCCATCGGATTTTCCCTCTGTTTAAACTTGCATTCGAGAGCAGGCACGTGGCTGGGGGGTCTTATTTAGACGTAGCTGCTCGATTGACTAGGCCTGCACCACGGAATAATGTCATCGCATATCAGTTATTGTTCCCATGACACGATACCGTCTTCGCAACTTTCCGGCTCCATGAGCTCCAAGCCGGAAGCCCTAGACAGCGCACCCGCCCAAGAGACGTCCTCTGAGGGCCGAGCCGTGTACGGGGCCATCCCTACACGTCTCGCCGCCTTGTAGGTTAACTGGTAGCCGGCAGATCATGTCAAGGTTGACGGCTTGTATGGGCTGAAAAGACGTGCGGAAGCATCGTAGCAGTCCGAGTACAACCCAGGGCGGCCTTTCACAACTCCTTTTGAGCCGGCTAGCTAGCTACCTTTCGGAAGATCTAGTGGGACGTCTCCTTCGCCCCCTTACGTCCACTGCGATGCTATTTTCACGTCAGTCGCTATATTATGCCATCCAATGACACTACCCCATAGTAGTGCAAACGCAAGGTGGAAAACGACCGGCGTGTCACAATGCACGGAACTGCTCTCATCATTAGCGGGGAGTACTGCCTCGAATTACACACGAAGATAGGGTTATACTCTGAAGGCGCGCCTAATACCCACGATAGGTCACGGCGAGCCATTTTTAATCTGACAGGTTAGGAACGATGTAACTCCACCCTCACCAGACACTCCTCAAGCTTTCGTCCTCTTGAGTACCATAACATGACACAATTTAATCGCCATCTGCGGATTCTTCCTACGTTCGGCGTGATTAATTAGTGGCCTGACGTTCAATACCGAGACGTCATAATCGAGCTGAGCGCTTCTAGCAAAGGCGAGATCTTGATCAAGACTCATTCAGACACGTGGTTCTTCGGGATAGGCGTCAGTGGAATACGGCCTATCATGCGGCGACTAAACGCCATAGCCTCCGCGTCTACGGCCCGATCCCCGGTTCCACATGAGGGGCCTAGAACACTCGGGGCTGCCGATGACATTGTAGCTCCACAAAACACAAAAGACTACGGTAGCAGGGATCTGCTTGAAATGCACCTGGTGGTGGATTATCCCGGCGTACTTAGTCTCGGTTAAACACTACGAACGGGGGATTATAACGTTTCTCCGCAAGCAGCGTATGTATAAATCTTCGTCGACGGTTGCCGGCCTACAGGTTATGAACCGGCCCAACAGGGCTGTGAACTACTGAATGGCAGCCAAGACCCGGACAGTACCTCCTGAATAGGTCCAATCCGCAGATCCCGGACTCTCACTTAACGGAGACATGACTTGGGGTTAAAGAACTGCAAGGAAGTGGTGTACTTCATATGGAGTTATGCTCCGGTGATGCTTGCCTTGTTAGTTCTTGACTGTCCTCCTTAGACTCGCGCGTCCTATTCACTCGTATCTCCTTCCGCCGTTTGCCCATTTAGTCTATCTACCGCAGTTGCGGCGTGTGTGCGGCCCTATATAACCAGACTACCTTAGGTTGGTCGATTAATCCAGCTTTCATTTGACCAAATGCGTAGTGGGGTGGGTAGACCATCTACGGCAGTCTACGTTGATAGTCGCAACAACGGAGACGGAATAAGAGTGTTCGCCTGGCCGACCCTTCCATCCTCTAGGAAGTGTCGGTTTAGTATCTACGCGCGTCCGCACCAGACCTCCACGGTACAATGGCGTCTCATACGGGGACACAGATCGGTGCAGGGCACATCTTCGCCGCTACCACGCACCGTTATTGCGGCCTACAGGATCATCTAGGTTTATGGCGTGCCGGGATTAGGCTATATGATCGTGTAGGTTAGTTTGCCCAACTAAC,1878,52.13,Homo sapiens
SEQ_261435,GGACTATCGCCTGCCCGCGGTTCCATTAACGCTGCGGTTCAAGCTAGGACCAATCGGCATCCGCTGATTTGACTGCAATCCTCTATTAATCGTACTTTCCAAACCACTGATATGACCTGTTCCATCAGACCAAGTGTAAGTCCATACCATTCAGAAAGTGGCTCAAATTCAAAGACTGAAAGTTCCTGCGGGTTGATCTCTCAGCTGCATCATCGATCATCCGCGTAAATTACATACAAAGCGGCGCTTAGATTTGTGTTTGGGGGTTGCACACAGGATGCACGCCCTCAAAGTTGATAGGGCTGTTGATAGGATGATGAACGGTGATTGGTATGCTCAAGTTGCGTGCCACCGTCTCAGTAGACTTATCTAGCACAGTCAGGCTTCCGTAAGGACACTTCTGATAGAGAGCTTACCTGCGTCGACCCTGCCTTTTTGCTCCTTAGGTTCATAATTGCCGAGTACACGGAAGGACGGCTACAGGCCGGTCGTACTCATCCGGAAGGAATCGAGTTGGCTATCAATGCATTCCTTTCCCCATGAGGAGAGACGTAAAACAAAGGACGGACTTTACATCCGGCATCTTGTGCTCCATACATCCAACTAGTACATCCCCCTGTCAGCCTCACAAGTACGATGAGTTTGGTATGTAGCCGAGATACCGCACGTTCACAGGACAAGCTTCCGTGGAGTTGCCGGGCGCTTTAGACCAAACCCCTAAAGCATCAGTTCAATATAGTTGATAATAAAGGGTCTCGTGATCCCACCACCCACGATTTGTCGCGGATATTCGTCCATATAAAAAGTGAAAGATCGCTCCGGCACGGTGGTCTTTGATTGGTCCGGGGGCCCGAGGACTGGCGAGTGAAAGACCGATCTGTCTTGACCGCTTAGCAGGGCCCCGAGGATTCCGTGGATCGCTACAACCGGCGACTCTGCGTCCGCCGGCCTCCCTTTGTAAGATGTTCAAAACTTCTAGTTTTTCCCCCCCAAATGGGTTGGGAACAGTATGTCGAAGTAACTGGACCCGGGACTTGGACGGTATCATGAATGCTGGAACCCTCGGCCTTCACCAACCGGACAAGTAAGAATGTTGTCCGTGCATACTTTTACTTATACCTAGGCGCTCTCCGAGCGCCCTATCGAATAATCCTGCTATATCCAGCGTGACCGCTTTTCACGAAGTGTGTTAAAATGCTACACGTGTACGTTCTGTCGTATTTATCCCGCTTGTGGTCTACACTATTCAGCCCCAGCGTCGTCAACAACCACGAGGTGTAGTAGCACATCCCTTCGTTCCAATTAGACTCAGAGCCCGCCAGCCCAGGTAGAACAGGCTTCAGTCGACAAAACAACCGCGTTCTCCCGCGGATATTAAGTAGCCGCGGCATGCTGATGTACAGGTCACGAACGTTCCCAAAACACGAG,1428,50.63,Escherichia coli
SEQ_967022,TCGAGAGACGGCCTGGCTTCAGAACTTTAAGCCATGGACCCACGCTTATGCTTCTCCGATACGACCGGTTTAAAATGGCAAGCGTCGCAGATCATATAGCTTCCTGGAAGATGGTCAACACAACGGGTGTCAATCCTGAGAAGTGGTTCATCTATCAGCAGTATCTCTATTCTCGTCGGTGTTAGCATACGCATGAGTCACGGATGAGGACTCTCCGAGGTTGAGTGATCCGACAAAACAGCATTTATGAAGGTAGCCTGGAGCGTTAGGAATATGAAGCAAATTAATGGTGAACCCCCCAGTACAGGACTGGAGCTTACGCTTGAACGGGTCACTGCAGCTATAAATGATTATGTCTACCCACCGGGTTCGGCCACTCCCGTGGCGAACTCGTAGTCCCTAACAGCGGGAAAAATTAAGCGCCGTTCACGACCGCACAGACGGGTAATTTATGCTCATGATGCAAAAGGAGTCCGCGATTGCGCTGGGTAATAGAGGCCATGGCCTGGCCTCTTGTACAGAGCAGACACCATTTGCGACGATATTGCAGTGCAACAAACAAATCTTTAAGATTCGCCGCAAGCCGGCATCACCCATGCGGTTCTAGCGTAAGGAAGACAGGAAACGTCTGCTCCAGGTTAGTAGATAGGGGCGGCATCTAAAATGTCGTTATTAGCGACTCTGCACCACCCGCAATACGAAATCGACTTAAATACCGAAGAATCTGTACTGCACTGATATGCCTTAGCCCACCACACGAATTGTGCGCGGTAGTTTACCGGGCCTTCATTCGCCTGGGTCTCATACCATCTACTCCGACATCCAGAACGTTGGGGTGCACTAAGGCGCCTAAACTAAAGTGGAGCAATTCAGCGGGCACCTCTGTCCCCTTCCTCTTATACCTTTGAGCAGGCTAACGGCCTTGAGTGTATGTTCCACGTATGGGATTGGCCTGGCCATCGTTCTCGGTATCTAGCGGACTACACAGTCTCTCCATTATTTGACCCAGCAGAACTGCTTGCTGGCTTATTGAATTCAAGATGAGTCCTCATTTCAGAATATTCATAAGCTTGGCCAGCTTTGCCCATGAAGGCGTGTGAGTATGCTAGCATACGTGCACCGTAGAGACAGTTTTGTGCGCCACGTGCCATGAATCGGCCACATTTTCATGCATATATACACTTCACACCGAGACGGTTCAGTTCAAAAAGGGTGAGTGGATAGGGGGCGCGGCTATGGTCTTATAGTCACCAAGTCTCTCACCGCCGCAATTACAGAGGCTAATTTCCCCTGACCGCATGCGGTGAGCGGAGACTACTTTGTTCAACCATGGAAGGGAGGTAAATCAATAACGTACGGTACTTGGTCCTCGTAACAACTGGCTCCTCCTTCTAACGAAGGGGGTCATGGAGCGTTACTGCAGCTATCGAGACGCGTTAACGGTGTCTCACTCGGCGTAAACTAGTGAGGATTCGTTACGTCTGTACGTGCCGCCGGTGCCGTGAACAACGACCCACTATTGGTGGCGTCTTGCATCCCTACGCAGGTGCTAGCCAAGTTAAGTACGGTATCTGATCGTATTCCTTCTTGTAGGAGAGGCGAATAGCTTAGTCTGCGGTCATGACATGAGAAGCCAAAGGTTAAATTTCTTCAAACA,1657,50.03,Mus musculus
SEQ_124778,GCTCTGCAGTTCTCCCCCGAGCACCACGAGCCGCGCCTCACGAAACCAACTGATTGTCTAGGTGCGCGTTGGAACTGCCGAGCATCTGGTGCTCGACATTTTTCGCAGGTGTTCAGTCTGCGAATAAGGGCCTAGCCTTTAGAGGTCTCTCATGGTGTAGGTTTCCCGCCCATTACATGCAAAGGAGACAAACTTCTTTTTGTATGCCGCGGAAAATCCACAAAGTTAAAAGGCACACGGCCCTGTAACTAACCCTTCTCAAATAGGCACAGCACTTGATAGTGGCAGCGTAGGTGACTATGTCTTGTGTAATCTACCGGGCGGGTCAACAATGCCTCTTGCGTGTTGGCATTACGGCCCAGGATCTTGATACGGAAAGTACTAAAATACCGCTTATTGAGTTTAGTAAGAAATATTAGAGTCGTTTTGCTATCGAAGAGATCCAAACTTAAGGGAAGCTGTACGCTCAGAAACATAGGAATCCATATAAGGTATGCGGCACCGTGAGTTGGTATTGGCGCGCGTGTCGAGCGATCACATAGTTATTACTGGCATCCTCCCCTGCTTTGCGTGACAGAATACGGGTTATATTAACTTAGTGGCTACTGAGCTCTACATGCAAAGATTGTACTCATACGCTTGCATAGGAAAATCCCGGTTTCGAACTTGCCTGGTTCCTTGTGACACCTAGTGGAAGTTCGTCTCTGGGCTGGTGTAATTAGGCGTTCAGGAGACGAAGCAGTGATTGCTTACGCATTCCGTGCCTAGGTCCCAAAGTTCCAGATTTGCTCTAGATTGGACTTCGGGCAATCCACCCGAATCGCCATTTTCTAGGTGCCCGTCAAACTAAAGTTAGACCGCTACTTCGCCGTGTGGGTCTCGTCCATTAGTCATTGGCGACAGAAAAGCGGCGATGGCTCCCCGCGCGAACTAAGCATGCTGTCCAAGGGACATTGTCTCGATCTTTCGGGACATGAGCTCACGAGTCGTGGACTGCATCGTGATCACGATATGCCCGCAACCGAGCAGGAGCTACTCCAGGTAGGTCTTGACGAAAAGAGCCTATGGGAACTTGTACAACTGCCAAGAGCGAACCATGCCCTTTACATGCCTGACGGGCGACAATCGGGCAGGATCGAGCAATGTCGTATCGTGAGAGGACGAAACCGCCCATTCGTATTCTTCAACATGGCCTTAGGGTATAATCAGGTTCGTGCTGGGAGGACTTAATCCGGTCTATTCTTGGTACCGGTTCAGAGGTGCGGTTCAGACTAGTGGTTCTGCACCCGGCGCGAATGTTACTGGCTACTCTATCCTGGCCATAACACCCCCCTCCGGAACCGTTCAATAATACCGGTGGCGCCTGTTGTTCGTGAGAACCGGGATATAATGCATAGTTAGAGCATGATGCTTGCGCATTCTTTATGCTATTAACCGCGTCTATTCAGCTGGAGCCCTCAAGCATCGCTCCCTACGCCTAGATCGGTCCAGCGTATACCATGGAGGTATCCT,1512,50.53,Arabidopsis thaliana
SEQ_619931,CCCATATCATTCTCACCGAACTCAAGCATGACACATTCCGTGCGCCAGACTATCCCATTCACCAGGGCGACGCTTCGCTCAAGATGTGTATCTCACCTGGGGGGGCATAATCTAGTTAGTACCCTG,126,52.38,Escherichia coli
SEQ_838583,CACAATCTACAATATCATCGAAGTCGAGAAAAATTCCATCGCCACTAACCCCCCACCTTAAGCATTTACCCGTCAACGTGAGGGGACATCCCTCACCAGCCAAGCGGTACAGCATGGCCATGTGTATCACACCCGTGTACCTACGGTGAGGAACCTCAAGTCCGGCCACTTTAAGAAAATTCTCGGTTCGGACCCAATCGCGATGTCCATTATGCCCTTAAACCCTGCCGGAGCCGCAAATGTCTTTCGATGGCGCATTGGCGTGCTGACCAGGCTCGATGTTGCGCTCTAAGTATTATAAATCTCCCGACCCTCGAATTTCGGTACCTCACCTTCAAAGACTAGGATATTTAGGTCGATCAAGGGTATGGGTAAATCAGGGTTATGGATTTTCCTAACGGCGATTTACTCGAATCAATGAAGGATCGGGCTATGAGTTCCTTATTATCGCGTCTCTCGGGTCGTAGACAGAGTCGCGTAGCTCTGCGGCTGCGTCGGACGAGATATAGCCGGGAGTTACAGTCGCTACAGGCTTGTCTTGGAGGATGCGTCGAACGATTGGATCCACAAGACGAGGCGTCTTGTCTGAACCCAGTTCAACCGAAGTGCACGTGATCCGATGCAAGTTAAGAATGCCGCCGGCGTTACGAACTAGAGCTGGGACACCCAGTACACGACCCCATCCTAGTCTCGGTCGGCATTAAGCCCACTGGAAGTCACCCTACAGGCACGTCCGCTTACCGATAAACCTATGTAGCACCACAGGCGTGCTGTCAGTAGTGTATCGAACAAATCGCTTAACTTCCCCCCCGTTGCTAGAGATCATACACGCGCCTCTCCAGCGACGACTTAGTAAAAAGTTTGCCGAGTTCGCTACTGGCTCCAGGCGGCAGCGGTTCCGCTATTTCGTAAATGCTCAGTTTGCTACTCGGTTCGACATTACCATAGTGAGATTGATTCGTGTGACGCAAAACGCGCATAGGCCCATGCAATATGCTTTTGGCGAAAGCCCCATGGCAAAACTGCCGAGTTGTACAGCTAGGAAAGTCACTCGATGAAGCTTACCTCTAATAGGAATGTGGGAAAGAAACCATCCTCCGCATTCCTGTATGATGACAACCTAGATGATACTTCACGCTAGTTACCCCATCGAGGTGGTAAAGCGATTTTGATGAGTTTCATAGCCGCGTATGAAGACGTTGAGATATTGTTTTGCCTATTCCCGTCTTAGCTGCAAGATACCTGTCAGTAATTACTGTTTCAGTAGCGGCTGTCTTCGAGCCAACTGCGGAATACCACCTAGAACTTTAGAGACGCTTCGGTTAGGAACAATTGAGCCCGCTTTGTTCTTAAACCCTGTAACGGTACGATAATCCTATCTCTAAGTGAACTTGAATGAGAGGTATTGGGCTCGCAATTTTGTCCCATCGGGGCGACGTCTACATAGGTCGCGGGAGAGCTAACCTCGACGACGCTAGCCTCGGAGTGTGACATAGTGATCGAAAATAAAGTCAGTTGTAAGGCGTCGTGGAGGTTAACTAGTTGCCATACCTGAGCGATCGAGTCATAAGTACCAGACATCCCACACCCCGAAAAAATAGTCAATATCGATCGAATCACGATCATGGGCACTTCTGCGGTCCTGCCGCACTGTTCGGAAGGTTAGCGGGCTGGCAGGCCTCACATCATCCATTTTCGCCTGAGGCACGAGAATCCGTCGCTGGTTTTTCGTGAGCCACCAACAAACAAGCGTTCACGGCCTCATTGTGGTAGGGCTGAAAAAGTCTCCCGTACCGTGCGTCTTAGAGCCTGCCCTTTCTGTGTTCATGAGCGTCTGGGTAGCTATGTACGTCCATCGCGGGACGTCCTACTGGTGAGCGGTGACTCTACT,1891,50.56,Homo sapiens
SEQ_875426,CGATAGAAACTACCCAGAGACATATTCGGGGTCGGAGCGGGGCGTAGATAGGGATCCATTCTCAACCGGTAGTGCTCCACCACTAACTCTTGAAAGCCTTCGAACGAGGGAAAACGCGACGTCTGTGCCTTCTGCTTTCCCACACGACTCGGCGGTGATAATGCTCAAGAATCCAGTCAATTCCTTAGGGTGTGAAAGCCAATGATGCTGGACTGACAATGGGGACTGGTGGCAATCTCGAGCATACAACTCTACCAGTGGACGCGTGTACTCAGCCGATATAGAGCGCACGTTGTACCCTCCCGCTTAGTCTTCCCAATAACCCGCCGTACGCGTGGAACTGTGATCGCCAAAGGTGGCCCTCTGAGCGTTAAGAGCGGGAGCCGAAATCACAGCGCGTTTTATCATCCCTCTGGATAGGAGTAGGTCCGGAGCGAGTGTTCTAACCCAGGGGACTGAAAAAATCTGACTGTCGGCCGAAACATTTAGCCAGCGCGGTAGGTGCAGACTGGGCAGAATAGGGTGGCCAGGACGATTGAGCCTTGATCCTTGCCTAACTTCCTTATTGGGCCATTGGGCTTGAGAAGTCTGCACCCAGTAGGGATCTAAGGGAATATAACATACGTCACTAAGATCAGAACAACTGCATTGCGTAGATTGGGACGCTGGTTTTATTACAAGAAAAGCCTACCAGCGTTAGCGCGATAATAAGAACGTGGGAAGCCAGCGTTGCAGTGCTATACGGCGAGGTCAGGGAATAAATTTTCTTATTTTCGGCACACTTGAGACGAATACGAGTTTCCAGCATTATGATGCGGTTTTAGGAAACGCAGTGAAAGTAAGCGCGATGATTATATGCATTTTACCCAGCTAAAGAGTCCACTGAGAAAGCACCAAATGGAATGGGAAACCGGATTGCCAGTGTGTGGGACGATCGGCCGACAGGTGGAATTCATATACCGAACTGGCCACTTGAGTCGGGCCGGCAAACCTGGACTTAGCCAGAGCGGGGAGACACGAGCGCGTTACACCTATAGGGTGGGTTGAATCAGTGAAGATTCGACCGACCAGTGATCGCGGGCACGTGGCGACACCTTGGGCGGACTTAGGTATCCCAATTCTGTCTTTGGCGTGTTATCATATAGACATGGATCTAGTGTAATGGACAGGTTAGGTCTCCGAACGGTACCGGGT,1194,51.34,Drosophila melanogaster
SEQ_983216,TCCCCATCATGAAATACCCCCGTTTGAATTATAAACTCAGCGGGGCCAAAGCCAACAGTCTGTTCCCCCATAAAGAGCGACATTTCCGGATCAGGCCCGCAGGGCAGAGTGTCTTAACATTGTTATGCCCAGTGATAACGACTAGGTAGGCTTTTTTCCGTGCTTGCTTTTTAAAGGTACTTATCAACGAGCAGCTCCTGGTATAGAAGCTGGCTAGTAGGTAGGGCGACGCCATGCGGTAGACCGGGGAGACAACTCCCGTAGTCTTTCACAGACGAATACGGTACCAGGCTATGGGCTAGTGATGCATCAACTATGCCTCACTTAGAGCAATTGGGTTTCTAGCTTTATTAGTATTTCATGGTATTAACCAACAACCTTCCCCTGCTTATAGATTCATTTAACTCATTGAGTCGTGCCGTATCAATCCGTACGCGAGCTCCGTCTGCTGACCAGTGGACTTACCAGGCCATCGGCGACTAAGCCTGTCGCGCAGGTTACTTTGCATAGCCATTGGGTCTTCACATACTGGGCGGGGACAATATTTAATAAAGAACGCGTTGGGAGGACCGGATGGTGAGTGTCGTCCGGTGTGGGGTCGACGATTAACAGTGTAAGGCTCTCGTCATAAACTAGTGCTGACATAGGGGATACAGATCACGCCTAACCTCGCTTCTACCTCAATTGGTCACT,693,49.21,Escherichia coli
SEQ_585364,ACATCGCTAGTCTATTCTATCGGCACCGCGTCTCTGGATTTTACTGATAACCACCCGCAGCAAATCTGTGCTGTGCCATAAGGGAACCATTATTAGAGACCTGTCTACCTCCTGACGGCAAAGATATCTTCGCTTACCTGGCTGTCCCATGTCGTGCGTTATATTATACGAGAAACTAGGAAGTGGATTTAGGCAGGCGATATGTGCATGTTTGTTGTAGTCGAACTGTCTACCGAGATCAATGATTGGCTTGACCAGGCACGAAATTCCACGAGGAATCCTTTGGCGCGGCGGGCTCAGCATGATATCAGACTCCTTATTGGGGGCGGCAGTAACATGATCCTGGGGGCAGCAATGGACAGATATCAAGGGCTCTATTGGTTCATCGTGCGGGGCAGTAGGATTCCGGATAATCGAAAGCAGAATGGCCGTGGGGTAGATAAGAACGCTATGCCTGCTGTACGATATAAGATGTCGAATGTAGGCCTTGTCACGGAGGCCCCGCGAGCCTCGATCAAGCTCTC,524,50.38,Homo sapiens
SEQ_803056,ATTCGATCATGGACATGCTTCATGCTTAACTAACTGAGTGTTAGCTGGCCAGTCCAGAGAATAAATACTTAGGGGATGCTAGCCAGGGCGATCAGAACCAAGACACCAGCATCACACAACTCTTCCTGTCGGTGTTCAGGTGAATGACCCCAAACCAGTAAAAGTAATTGATGAAATTCCGCTAGGTCCTAGGGAGCGATTGTTGAGGGCACCATGCCTCGCATATGCTGCCTAGTGGGAGGGGGGTCGATCAAAATTGAAAAATTGGTAAAGTGAGCAGGGGGGTGAGAGAGAGCTCGTTTATCTAGCAGAAGCCGAGTCATCGCTAAGCTATGTAACACTATAACCAAAGTGAGGCACTGAACTTTTGTAATAACGTGACAACTATAAGTCTGTACTTCTGCTTATGGCTGAGAACAAACGTAACTACCTGAGTTCAAATGGGGTGTTGAAAGAGATCGCTACGAAATCACGACACTGACACAAATATATCGACGAAATTGCACGGTTTCTCGGAGAACCAAACTTAACTACTGCAATGCACGCTTAATTCTAGCACTTGGACTATTCTTCCGGCTGGTAGTATGCGACAGTGAGAAAAAAGCGTTGGTGCTGACCTAACGGTTATAAGCATGGCTCCAAGGGCCTAAGTATGCCTTATCTCAAGCACCGAGTATATTATCCGATTATACCTCCTTCACCAGGACCTGTACAGATATTTGGTTCCATCGTCTGCGCTCATGAGCCGCATGGCGGGGCCTCTCCAGTGCAAACAATAAGCTGTCGAACCGGTAGGGGCTCTACATTCGAAAAGCCGAAGTTCATCGGCATCTACCCATGCTTCGTCCATCGTGTCCTCTCAGTGCCAAAGTCTACGCTTACGGAAACCGGGAGATCGAGCTCGCTTAATTGGGCTGACCTACATCCACGCTGACAAGCCCACACACACGGTGTTGAGGACTGGCACAGTCCTTTGAGTATCGACCTAGGTAAAGTGCGTGAGCCCGGGCTCCATTTTAATTCCGCAAAAGTTCATCCACTTGATGTGGTATACGTTGAGCGATAGGAGCCGGGCTCAGGCGTCCACATACTCGTGGCTGCGAACTACCTAAGCATCAGTGGGTAGGGTGCAGGACTCATCTTTGTAAAGGTCGGCCGAAATCCTAGAACTTAAGGATCCGAGCTCATGCTTGAGCTGCCACCGTAACCCCGAGGTGGGCCTACTAGCGATTGCGTGTCCCTCCCTCTGCGGTCCTACCCGTAATGGCATTGTACTCGGAAAACTTCATTGAAATACATGCCTATGTTGAGAGCGCGGACACGCGCGATGGTAGAGGTAAAGGCAGGCGCGATAGGCTAAGAGTAAAGAGAGAACACTTATTCGGCCCCCGCAACAATGCTGACCTTTCTGTAGTAAGGGACCAGACGTGGGTAAAGGC,1439,49.41,Caenorhabditis elegans
SEQ_130417,CCATCACGTGGTGCTGCGTAATGTTCGTTCGCTGATTGGTTTCACTTGGAGAGGGCTTTGCCGGGAATAAACCAAGTTCGACCTGGCTCTTCTCCAAACCGGCGATTTTGCCTTCGCACAGGCGAATTGCACTACCTTCAATACAAG,147,51.02,Saccharomyces cerevisiae
SEQ_574400,CCCTTGATGCCTGTCCGGGTGCTTAGTTGCAATATACTAGAATCCATGTGTTTTAAGCGAGTGCGTCAATGTACTCTGCCCCGTGCACAGTGTAGTTATCGGCATTTTTGGTAGGAGCCGGGTTTACGTTGTGCAACGTGCCGGCAGCAGTTCAACGAAGTCTAAGAGCGCGATAGTCAGAAACCATAGGAAGCCAAGGCCTCTCTTATAGAAGCTCTCACCGGCTAACCGTTTATTATACTCGGGTATTACTCTCGATTATGCATCGTGCGGTCATGTCACCGGTCCGCTTTAAATTTTTAGCTAGGAGGGACTTCCCAGAGCTAACCCTAAACGAAACTGTCACCCTGCTATGTAATAACCCGGTTTCCCGGGCACAATAACCCTCATCAATAGTCCCTTGCTTTCCGGGGACATTGGATACGAACTTCCATTTGAGGGTGCCGGCTCTCTCTTCATGTTCAATCCACCACCTTTTCCTTAGACTCGGAGATTGCCCGATTCACCTATCACTTCCTACGCTAAAGACTAAGTCGCCGCGTGTAACACTTATGTCTTCGTACCACAACACACCAGCTGGCGCCTCTTATGATCACTGCTCCAACCTACGCCCGCAAATCTGAACTTGAGTCGGTTAGCATAAGTCTAACTAGTCACGAGCTGCGGCTGGCCGACGTTATCAATTACAACCAAAAATATGTTACTTCTGACAGAGAGAGGGCACGTCTCTAGACCTACGGGGGGCCATACATCGAGAATCACCTAGAACAGAGCCACGGCCGAGTACAGCAAATCTTGTTCCCCGGAAGTATCGCACAACCCGAAGATACATAGGACGTGGGTCTACACTCGACGTAAAACATTAGGGCCGAGCGTCTTCGTGACGTCGCTACTCCACAGGCGTCTACGGCAAAGCGCTCCGAACAAATCGTGACCTGGAAAGCGTTATTCCAGGGCTGATGAGGCGGTCACTCTTGAAGCGATACCCTTAATTCAGAGGTGGTATGGGCTTTCGCGTAGACTAATTGCACCTCGGCGATGTAGGCGCACGGCTGCCCCTAGGATGTGCGGCTAGGGGAGCCCAAATTCGCGGAACCCCTACTAGCGATCCCTCAGATTCTTTGCCAGCCTTAATGCACTCTAGTGCTTCTCGCCTTTAGATTGCTGAGTTCCTGGTCGTCACTGATATTGCGGGGGTAGGGGTTACTCAGCCCAGGAGTTTCTAAAAGGGAGGCATTGGAATTTAGATGTGTTCCCTAAATTGCAATTATATAGCTACGTGGTATGATTCGCTAAATAGAGGATCCTGCTCTCGTATTTCACCGGGAAAGAAAGACCACCGAAGCTCTGACCGGCAGCGATATGTTATGCTTGATGGCGGGATGTACCGTTGTCAAGCACTGAATAGCTTCTCGTTTCCGTGCGCGCTTAACACGGCGATTTCTGAGGGCAAGCCAGCAGGCGCCCAATAACCCCCTTCGCGGAGGACCCATATGGAACAGAAGCCTAAATCCGTGGCTTACCTGAAGGGTTCGGAGCTTACCGTTCGCACTGTTAGTAGAATCTTGGGCCGTAATTTCGGGTACTCCAAGGCTCCCACCCGGAATCAGGAGACACGTACAGATCTACAGCTGATCGGAGACCGCGAGCGCCGAACTGCGTCTACCCCCCTACTATGTGGAAGGCATTCAGTGGGGGATCAAGGCTTACTCTTGGAAAGTATGTGAGGCCGTTAGACCTCAACGGCACGACTGGAAAGTCCCCGTAATTGCGCAATAAGATGCCACAGAGACCTTCTCATGTGTGGGTCCACTATCTCCACTTGCCTGGGCCGTTGCAAGCAATTGCCATTGACGGCTGCCATTCTTAGGCGCCACGTATAATACCTAAGTAAGCATCACGAACTAACGAATGAACGCCCCGACCGCAACCAGACTCTCGCATTACTGGGCCTCAAGTTGACTCCGAGATCGAATTAACTGAACA,1986,51.21,Caenorhabditis elegans
SEQ_175859,TCCATGATATATTTCCAATCGCCCCATGTGCAAGAATAGAGTTCGAGAACCCCTCGTCACTATTCGCCAAGTTTTGCAGTGGGACATGTAGCTACCCCTCCGAATTGCACTCTCATCGTCGCATCCCAGCCTGCTATCACTAAGCATGATACCTTAGGACGGGACGTGTATCGAGAAGGGGAACACCTGCTGTTATCAGTAGTATCGATGCTGCATAGGCAACTCCGGGGCGCCAAGGTTGCTAACCCGCGCAAGGATACACCCCTTACTCGTAATAGTGATGCTGATCTACAGGTACGCGGCGTTCTATTGTATGAGCCTGGTGCTTACCCCTGCGACCCGCATTATGCGATCCAGTATCTCGTTTATTTGACGAATGGATTACACGCATACCATGTGAGCGTGTCTTCGTCGACTGAACTCGGACTTTTTTGAATCCCTAGAGTACTGTTGCGGGCGCTCGCCCAAAAACCGTGCTCTTGCGTCGCCCTAATCTCAAAGAATAGTCGTTGCGCTTTTAGGATTAATCTAGTTTCCTACGCAAGCAGACGTGACAGCGTTCAAGCCGGAGAACGAAGCGCAAGCTCAGTCGCGCTTTCGTTGATTATATCAACTTGAGACCTGGAGAACTCAGTAGCCGGTTCGGTCTGGTCAATCTCATGGTAAGAATAAGGTCCGACCTCGGTCTATTACAAACATGCAACGGCCTTTATCCCAGAGAGTACAAGATAGTCGTCCAGAGCACAGTGCAGTATACAGTAGTAAACTCCCGCGCACGGATCACGGTACTACCCGCTCCTTCCTGCGAGTGCCTTCACCCAGCAGGTGGCTTCTAAATTGCTGCCGCCAGACGCAACTCAACACTCCACTGCGGGTTCATAAGTGCCATATGGTC,895,50.84,Mus musculus
SEQ_832751,TTTGAAGACAATTTCCAGTGCCTTGCATATGACGCTGTAGCAGCTTCTGCCACTCGAAGTTGCGCAGTACCGACTCGGACGAACGTCTAGCGAAATGATAGACGATTCATTAGTACACCATCCCTACTTTGCCGTGTGTCTCAAACCATGCGCCCTTCAGATCTCAGATGACGTCTAGAAACGTGGAGCCTTTGAGAGTAGATAGCTTACGAATGACAACACGCACTAATCCGTTCTCCGCGGAGCCATGACACGAGCTGACCGTCGCCAGTCCTCAAATGGCAATTTAAATTGCCTTAAGGCATTAGGTACGACTATTTTGAGCTGCCACGGGGGCCGTACTGTTACTCTGTATTGTGTAGCAAAAGAACAATGTCATCAACACTTGTAAGTGAGTTCGATATTATGGGACTAGATCAACGTGCAAAGCGACGCTGCCAGTCCAATCACATACTTCCCCCGGGAATGGGACCCTCGTGTACGTCGTAGGTAAGGGACAGCTGAGACGATTGCGAGAATAGGACTGCAATGGCGGGTCTAAGCGCTTTCCCGGGCTCCATTATTTTACGTACACATCCCATTTGTAGGGGCAACCGGCTTATTATCGGCATAGGGAGCTAATACTAGCGCTTAGTGGGACGTAAACGGTAGTGCTAAGTCGTCTAAAAGCCGCTTAGGAAGTTTAACTCAGCGGACTTTCGATCCTTACTACAGGTCGGTCAAACAGCGCTCACCGGTTAGCTTGTCGAGGTCCAGAGCTGCACATTGCCACCTGTGCTTTTTCGAAACCGACAATGTTACACTTGCAAGCACGTTGCAAGTGTATCGATAACGGCAGAAACAGGACATGTCGACAAGGAACCAGATCGGCGTGGCG,877,49.49,Drosophila melanogaster
SEQ_423614,TGTGCGGTCTCCTGGACCGTCTCGACAGGATAACTTAGTGAGACGTCCCACTTACTGAGCGGATGATTGACGGAGTTTAGTGCGCTGTAGAGGTGTTAATTTTGGAGGGTCGGGTTGAGGTTTTGGTAACGTCCTAGGCAAATAAACGACATAAACGGGGGATA,164,49.39,Mus musculus
SEQ_392489,ACGAATGCTAATTGTTGACCAAGATCGGTGACGCGACAGCATCGCGGGTGTTACGCTGGAGGTGTAATGGCTACCGTTCTCCACTATTCTCAGCGACGCCCGAGTATTCTTCCTGCACTAGATTTGTTTCAATATCTACAACTAATGGCCAGCCTAGTTCGGCCTACCAATCATTGCGTCATCCCGGCACAATCCCCTAGTGAGATCCTGCGTATTAATGCAAGTCGATCTAATGCTGGACTTTGCGCGCGAGAAAATTGCAACATCATTTCGCTATGCAGCACGACATACCACACAGCATGCCCGGATAAGT,313,49.2,Caenorhabditis elegans
SEQ_629635,GCGACCCTATACATAAATAGGGCTTTGTTTGGCGCGATAGACCATCATAAGCAACATCTCTCGGAGAAGCATACGTAAACGGATAAGTCCCCACGTTACAATCGTCAGAGCAAGATACCCCGCAGGATTCTTCAGGTAACCACTCGCGCTAGAAGGCTACATGTGCCATGTGGGGAAGGGTGCGGCCATGCTGCTGTGAGGCAGGTATTAGGATGATCCATCCTTCTACCTAGCGGCACGTCTGCCAGTCTCTGCCATCAATGGTCCGTCGCCTGCCAAAGGCGAATATAAGGCCAGAGGTAGTAGTTTACATGAATACGGTCACGGCCTGACAAGATGAAGTGAAGAGCTTATCAAAAAGAGCCGAGGACCGACAGGTCCAGTAAAGGAACGGAATACCCTTACCCGCATCTGGGTTGTGTCCACCAACGCAAGGGTCGGTTGATGTCGCTACGTCTACGTAGGTCCCACCGACACAACTGAACCTCGGATAAAAGATGTACCGAAG,508,51.57,Mus musculus
SEQ_563505,CATTGCCTGCGGTTGATATACATTCTACAGCTGCCTTTAACACTGATCATGCCTAATCTCGATAAGCAGGCTTGAGCCTCGGTACATACCTGGTATCCAATCCGTAATACATAGTGTTGCTACACCGCGCGACACGGTGTTTCTTCGCGAATGCTATCCACGAGGTGGGGGTTCTGCATATGCCTAAGGGGGCCCGTCGTGCGATTGGCGAGTACGCAGTTTCACCGTCGATAACGTTGACCCTACCACTACAAGCAAAGCCGCACGAACGAGATACCCAAGCCGTGCTTCTTGATCAGACCGGCACTCGCTAGAGCTCACCCGTACGGGGTGTATGTGGTGAGTGTTAGCCGGTGCACGAACCAACACAGATCCCTCTCGCGAATGGGATGGCCTCCAGAGATTGCCTTTGAAAGACTGAACGCTTAAGCTCTGCGGCGTTGTTCCAGCGGTGAAACCGTACGCTGGTATCGCAATATAAGGCTAAATATGCATTGATACATCCCGAGGGCGCTAAAGAGGCCTTCTTATATCTGCGGTCAGGACATTTTTCGGATTGCACTCGGTGCTAACACTGCAGCCAAGCGTAGAGTGGTACTCACGACATGCGTAATAAGCGGGCCCAATTACCGTATGCTTAATCTGCTGGCTCCCGGCGTCTCGTTCGGCAAATCATCTTAGCTTGACGGCGAAGCACTCTAGCTTAGAATGAGCTGTGGGGAGTCCGACCCGTACAAAAGGGTCGAGGTATGTAGTGGGGCACAAAAGAAGGCCCGCAGGACGAGTAGTAAAAGGCCCCTATGTTACCCGTCATGACAATGCATTTGCTCCTGGGTAATGACTCTCGTCGAATGACCCAGGCAAATCCAGGCACGACCGAGGCCCGCTAGGGTTAGCCCAATAACAACAGATTCTTTATTGCACGGTTGCGATAAGCCGTTGAGGACGTTTCGACTGCTTAAATTAGGCTCATTTGCTCTAGCCGATCGACTGCACTGTTGCCCTTCGCGGGGAACTTCAGCTTCCATGATTTGTACCCAATTCTTATTACATCCTGTTAGTATGCATATATGGGCGAACGTGGTTGGCTGGAGACCCGCCGAGTGCAATGCTGCCTCACCAGTTCTCGTGTAACATTACTTTTGAAATAGATGGACAGTTGCTTCAAAGCATGGCGATGTTAAGCCTACTGGAGGTTAAAAGCTAACATTTTAGATACAGAGATGCGTCGAGCCTTACAAAACTGTTTAGATGTTTAGGACGAACATTTCCCAATGATGACTACATATAGATGTAGTTACACGTATGTTATCCGATCTAACTTGTAGCGCGCGGGCCCCCTCTCTGCCGTGGAATAATCGTTCTGTCGTCTGAGAAGAACGAGACTTTTGCGCTGACGCACCCAAACTCTAGGGTTAATTGATCGTCTAGTAGGTTGTACTAACTCCCCGCTGCCCCAGGCCCGACCAGGTCCGATACCGTTCTCCGCTCCATCTAGCGCCCGCT,1506,50.8,Drosophila melanogaster
SEQ_632272,GAAAGGCGCGTTCAATATGTGTAGCGTGTAAGTCCCTATATGATCGAGTATAAATCCTAACAACGGTTATCCTAGTCGTGCTTCGGTCAGGAGTCCACAACGAGAGACGCCTGACCATTCAGTCCGGACGGGTGCCAATAAGTGACCCGGATGAAGGACGCCATGAGTCAAGGAACTCGCGTTTAGTGTTTAAGGCCACTTGAGAGAGGCAATGTGGTGCTTAACACCGCCGGATCAAAACTAATTCTCATCACCCCCAGAGTCGATCGTCTACTAAATCTCGCAAGTACATCCGCGACGGTCATACGTACGGTGAACAATGGCCGCGCTAGATCTGGGATTGCATACATCAACAAGGGAAATCTAAATTGTCAATCAAGTCAAATTATATAGTTATGAGATTGACACAGCACACTGCACATCAGATGCTTGGTCTGAGCTCTTGGTCCGGATAGTATACGATCCCGGTGTCGCGAAACCCGCCGCGCACCAAATCCCTCACTCAGTCAGCCCATCAGGGCAGAAAGATAGGCGGCGTAGCATAATTCAGTAGATTGTAACTGGGTCACCAGTGGTCACAGTGA,584,49.14,Arabidopsis thaliana
SEQ_966993,AATCTATCAGGCGTGTTCAACATTCTTTAATCTGGCTGTTCTTGCTATATAATGAAACGGTCGGCAGCGGAGGAACCCAATTCAAGTCGACAACGGCGTAGCGAGGCCGCGGTTCTCTCGCGGCCCTAGGGCCGCTAAGACGTTAGCAGTATCTCTAGGGAACACTCCTGCGTCGGCCAGGAGGCAGGTACAATGGTGTCTAAAAGGTACGGAACAGATGCACACCGCGGTTCCGGTCCCGAAGTTCCAAGCTGAACCTCGGTTCGTAAACCTCCGTGCTTGGGAGACAGCACACCTCAAATTCTCCGTAGACACAGGCGGGTTATACTCTAGCGCGACGGTGAATCGATCCCGTCGAAAGCGGTGTTTGAACTACTATGTCAGCGTTTATGTGCTAGCTGTAAAAGGTGTCATATTCGCCTACTAATACGGGAGGGCCGCGTTTTTCAGCCCCTAAAGGAAGAACCTGCGTAGAACCATTATCCCATGAATCATTACAAAATGAAGGGGATTGGAAGCACTTTCAGATCTATTCTGGTAATTATGACTGGTGGGCCTATCACCTATATTTCCCTCCAAATGACTTGTAAAGTACGGATGGTGTGAGTGGCCTCCCGGTAGACTATTACCTTGCTGGGACTTTCCCGGTGCTTCAACTGATTCTAGTACGGTGTGGCTAAAGGAGTACACCGGCCGAACGAGAGGCATCAGTCCTTGTGCTGACTTTGCTATGTCCGGGCTCGAGCACCCATCAATGCGTTCCTTTGGAGGTTCCCTCGGTTGGGAAGGGGAAGGGCTACGGCTTATAGGACGTTAGTGCCCGGCAACAAGCTCCCGTGCACGAGACTTCTTAATAAAGGAATGGTTTGCCTAAAAGACGGGGGTGGCGCTGTGCTCAGAGCCTTCAGAAAACTAAGATAATCTTATCCGGAGAAAGAATCCGGCTCTTGAAGCATCAATTCATTCTATAGGTTTTTTTTGCCCTTACAAGGCTACCGTTATTCATGCCCGCAGTGACGATTAAGCTATTCCTGGAGAGTCGTCCTAATGGCTTTGATAACTGCCTCTAGTGATAGGCGAAGTTGTGGCGATTACATCCCCATATAAGAAGCAGCGTTGATCCTTAAAGCCAGTTACAACACTACTGACACTAGAGACTTACGTAATGAGGAGGCCTGGATAGGCAGGTAAACGGGCTAGGGTGATAACCGCGAACGAGACTCATTCCATTCGGGGACTGTAGAACGTAGGAAAAGATCCTTGATTTCTGGGCTTTAGGCATACCAATGACTGAACGTGACCCATGAGTAAGATCAGCATAGCAGGTCACCTTCCTCTAAAAGCGGGCTGGGCGCTCGGCGTAACTTGCCTCTAAATTTGTCGCAATACTTCGACCGCGTTTTGAACCGTGTATATGAGTAGTAATTCGTCAGGCTTTGTGTTAAGCCTAGGCGCGGTTTGCCAGCAGTTCAATGGATTCTAAAATATTCGGGAGAATGACATAT,1505,49.17,Homo sapiens
SEQ_863027,GTCGCCAATTTAGGTTTGGGTGACAGGCGTGTTCTTGACATAGATTAAGCCGATCGACGTGGACGTTAGCTAAAGTCGACTACAAATTTGGAAAGGTTGCTATTGGATCTGTATGCATTCCCCGCGTAGCCAGGGAAGGTAGAGTTCGTCCTCCTTCCTGCCCGTGGAGCTTGCACTCGCTGCTCTGGAAGCCCGATATGATGCTTTGTTTCCTACTAGCTTGCCCTAGCTGGTAAACACTTATCACCAGGCTCCTTAAGCTCGTCCGCTCGGTAAGGGTGAGCTCTGAACCAATTTCAACCATCACATCATCTGGAATGCTGCGGTACGTCACTATGCATGGATTAGTCAACGAATTCGGCTCGACCTAACTATCTCAAAGATGATTATTATAGATGAAAAGTTCTTTCTGTAGGG,417,47.72,Drosophila melanogaster
SEQ_123395,CGGTATTCCACGTCCAGACAGGCACTAGCCATCCGCAAAACCAACGCTTATAGCAGAAATGTGGGCTGGAACGATCTCTACCGGACTGCGCCGCTGCACAGGCCCTCCACAACGGCAAAGCGAATCATACCTTTACTGCGAGCCCTCGTGACTTACTAGAGGCGTGATACTTTCCGGGAGTTCACCAGGATGAGAGTGCCATCCAACGAACGCATCAAATACGTACGTGAACAGAAAAACACAGTCAGCTCACTAGACAGCGATTCGTGCTGGGTGGAGCATACTTTCGAGCATGGCGAGGTGTTCCCGCTCCCGACAGTCCGTCCAACGATACTCCCATCCAGAATTAGCGCTCTATGCCCGCAATTTTACCGAGCATCACTGCTCGTGACCACGCAGTCCGTACCCAGTGTTTTATGCTACGGAGGGGACCATCCGCAGTGCCCACCCAGACGCAAAGAGTGGGAATTTCGGCAATCGTAAAGAATTCGACTCGTGACCATCAGTTAGAGGCGGAGTGTAAGGGGAGGTTCCTACGGCTCGGTCGACAGAGGTCTCATC,561,54.37,Saccharomyces cerevisiae
SEQ_752925,AGAGGTATCAACTCTCTGTGATGGGCTGCGCAGAGATCATTCTCCGACTCAGACAACTTTATGCCGTCTGCGGAGGTGGGAGAAACCGTGAGGACAACGAAAGATGGCATACTACCATTAGGATTGGATCTGTTCCTACATGGACGTCGGGACGAGGGTAATCTATACCCGATCATGGGATGTCAGCTCAGGAAAGCTTGCGACACTTT,209,50.24,Arabidopsis thaliana
SEQ_507704,ATATTGCGTGGCTCCGGTATATCTAGTCCAAATATCACAATCAGCCGTTGACTCTGGCACACAGTATCAGACTAACGACCGTAATCGTCTCAGACATTGCAAGCTTACCTGGGGTCGGTCTTGAACATTGTTACGAAAGGGTTCCAAATACACTTATTCTTCAACGGCTTGTATGTTGCTCGTTTTTGTCGCCCACGTTTTAAAACAAAGTCGCGGAATCGTGCTACTGCGGTGGAGGGCTTTTAATTAGTAATCCCAACGCACTGAATCTGGGAGCCTGCGTCCATTCCGGAACCCTCTAGCGTCGCCAGACCTTAGCGATAGTATTGAACAGCACTTGACGATTTGACTTTGGTTGAGGCTTATAGCACACACAGATCCCTGGTGGTCACGAAACGTTTACAACGCGACGTAAATTGCCGTAGTGCGGAATCTTCCATCTCGACTCTCTATAGCGGAATCTGCGTACGAGTTTCTCGTGGACTACGAAGCTCTCCACGCGATCGGGGTAATTTACTTCACTCTGTTGGGATCAGCGCAACGTCCTCAACCTTTGTCGATGTCTAGGAAGGTCCGATGGGATTTAGGGAGGGAATTGATAGCCAGACCTCAATTCATTCGCACAGAGCTTTACAGCAGATTATGATGCCGGATATCTCACAACCAGCAGTCCAACCCCTTATTTTTAATGAGGTCTAGCGAGAGAATCAAGGAGAGGAGTCGAGTGTGACTCGTCTAACCCAAGCCAGCCGTTATCCTTAGGCGATGTAGACTTCGACCGCTTGACCGAGTCTTCAAGGAAGTTTTGGCGCGGCCCTGAACGGTTTTCGTACAGCCATATGCCTCTCAGGCCCTCGAGTACGGACTGCTTAACGGGATCGAGTGAGGGGCATACTATAGGTAGCTA,907,49.06,Caenorhabditis elegans
SEQ_237026,TGCTCTCTTATAGGGTATGGGTGATGCCATGATGTTGTTGTCCACAAGATTTCACAGTTTTAAGCTGCGTCACACATCCTACCCACAGATGTTTCATATCAAAACACCACAGAGACCACTTGTCTTCGACTAATAATGCCAGCCATAGGGCGTGGGTGGAGTCTTATTTATATCGCTCCGGCCCATGTCAACTGGTCAATGAAGCCTTCTTCTCCCACGATTGCATCGGGTCACCGTTTCTACCGGGGCGTAATTTACACTCGGGAGACGTTTGTTTTCGCTTGCTGTGATAATACCACGAAATCGGGTTTTCCGGACTATGAGCCAAAAACGATCGGCGAGTCCTCGAGGTGCATATCTCTCACTCAATATGGTCCTTGACCCCAGCCTGCTACGATATCGCGCTTCGGAGTATCTCCATACGTACAAGCGACCGACATAGGGGCGATGCGCAAGTCTGACATGGCATTAGAGTACGGTCATACGATCGATCATCTCGTCAGGAACCCCGATAAAGGCTAACATAAACACTCTTGGTGGGATACAGAAGTTGATACAAAACTACGAAACCACAAGAATATGAAAGGAACGGGTCCAGCATCCGCGTCCAGTCCAAACGGCCGGAAAACGCAGGGCATTCTCCTATCCCCTATATAGACCGATAATTCGCGCTTATCCCTCATCCCACCAGTCGAAGTGGGGACCGGAGAACGGTGTGTATTCTTGCGTGTACCAACACATGTTGCCTGGACCTACATACGTTTGTCAGCAAAAAGGCCGAGAGGCGAAGGTCTAAGGTTGCCACTTCGGCGAAACGACGCATACCACCCTGCTACTCCGATGCGTCAGAACTCTATATGAGCCGTAAAGCCCAGTAGCCAATGCCTGTCTGGAGCGGTGAGTGAACTTGAGACATGGACGCATACGTTAAGGGCACAATTCTAGTTTTCCGTTACTCTAATAGACATCATTCTCTATGTGAGCCTGTCCGACTCCCCCCACACCGACCTGCCTTAGGAGGAAATCTCTATCTTTGCACGCGTGGCGCAAGGAAAAACGCACTCTCGTGCCCGGCGTCACTATATGCGATCTTCGATGACTTATAGCGAAATCGAGAAAGACGACAAAGCCGAATGAACGCGGAACCCCCCGACTGATACGACATAAGCGTGCGCGCCTAGCCCGACGAAGGAAGGAAGATGTACCTGATATTTCCGCTGCTAGTACAGGCGTGCAACTGGATAAGTCGGTTTTCCTGGGCCGGCTGAGAAAGTAGACCCTCAGGCCGCATACTCTCAAGCGTAACCTAAGCTCCTACAGTTTAGGGCGAGCACCGTGTTTAGCCTCCAAGGTCCCAAATCATTCAGCCCAGACCTGTATTTT,1383,50.54,Saccharomyces cerevisiae
SEQ_121138,CGAGGCATCCTTCCAGTGGATGGTTCAATCTATTGTGATGCCGTTATGATGCCAATACTCTTGTCACTGGACCCACCGCAACTGGCTTAATGGGAGTCGGACATATCCGACCAAGCAGCAAGCTCTAAACCGAAGTTGAGGGGACTCATTCCATTTGGAGCTTCGACTTCGACCGAAACGGCTGATAGTGGAAGCTCGAACTCAGATGACCTACAACGTGTCTACGTTGTGATAACTTACAGCTGTATCCGACTCCTTCCGGTCTTCCAAGTCCACCGACGACACCGTTCTAGGTGCAAGTAATAACGGGGGTATTTCTCGGGCGTGTTTAGTCAGGGCCGCCGGGTGGACACTACGAACCAATCCCTCCCAATTAAAATAACACAACCTTATGACTATTATGCCGCGCGGCTTGTATCGGCGGCTCCTTCTCACATACAGAAGGAGGCAATACGCTGCAGACACTCATCGGGGTATCTAGTAAAGAAAGAGAAGTTCGATGCGCCAACTAAGATATAAAGCTTCCCACCGCTCTGATTACCATCTGCCGCCACCCTACACGGCCTGGATTACAGCCGTGCAATGGGTAAACCATCACATAGGGCCTTCTCTTAGCTCTCGGAAACCATTCTATTCGATCGGTGCTTTCTCCCCCCGCACTGAAGAGTTCTAGCCTCTTAGAGCTAATCTCCCAAGTTGCGGGACCCTATCTTATTCGTGCGGTGGACACTACTTACACTCTGCACTTCGGCAGCAGTTCCGTACGGGGAAACCGGTCTGACTCGGATGACGCATGGAGGCGAGTAGAACTTTCTGCGTCCAGTGACGATGGTTGTTCCTTAAAGGATTAACTCCGGAGATTGTGACGCTCGGGAAGATATATTTTAACCGGTCCCCACTCCCCACCCTGGATTTTAGCCAACTTGGATAGTTGCGCGTAAGTTGACTGGGTGTCAACCCCAAGCATGTGGAACTATCTCAAAGACTTATCGCGACCCCTATTCTCTAACTCGAAGCGTCTCAAGCTTCCGGGCCGCACCCTAAAGAGTAGAGGAGGGATGCCATGAAAGGATTCCACTAAGTTCTGGTTTATTACATTATTTGCAGCAGTCGTAAATAGCTCTGGCTTATAGCTAAATGCGGTCTTGGAAACTTGCCGCGTAAGCGGATACGCGGTCAACCGTCGGAAAAGTGGACAAGAGCATTCTCCCAAGTCCGCCGGAGTATTTCGGATAATATCGATTCGCCGGCGACCAGATCGTTAGGCGCACGCATCGGCTAGTATTTTCCAATCGAATCGAGCTGCTTCTGTTGGTATCGTGAGATTTATGCCGAGAAAATGCCCTAGGATTAACGTGAGCACCAAGGGCGTGCCCCAAACCTGCGTTCAATCCAACCCGGAGCAGCGTCCTTTATCCTAGCGAGCTTTCCGGTCTGCCGTCGCATATACTAGGCATACGACGTTCGGTGTCCCTGGTACTGTGCAGGGATGCCAAGGGGGGGCACTCTTAACATTGTACGGTTATATTCTTACTAAGGTTTCTTGGTAGGGATAACTTAGCTACGTGGTGTGGGGAGTCTACTGTTACCCGATTTAGGACTGACTTCGGGTTGGAGTGGTAATCATCGACCAGAGGCGTACGAGGAGGTACAACGAAAAATAGTTCGGTTTCTTTCCTAAACACGTATCGTATCACTATTGGCTTACTACATAGATTACGAGCGTCGTACCTTTTCCGCAGGACATAAGGAGTCTCATCACCATGTGTAGCATATTAAATAAGTGCAGCCATCATACAGCCAGTCGCCGGGACTAGTGGCGCTTCTATTAACTGTAAGGAGGGCGCTACTCTGTCCTAGGGAACCTTAATTGGTGGCGGAGCCCACTGCACCCTTACCCTTAGCCGCTCGGGCCTACTTCACGGGCTAACTATGAAGAAGGAAATCCTA,1950,50.31,Caenorhabditis elegans
SEQ_809081,GGCGCCCGGCGCTCCTCAAGAATGCACACGCCATTCGCAATAGCCTGCCATGTTAGGCAGCCGGTCAATTCTTCAAGTCACCATACTGGAGGCCAGTCTACGTGTGCCTCGTCCCGCTGTCAACCAAGCTCCCACCCGTACGCTTAAATCAGAACCCTCATTGCGTCGTGCAGACTGAAGATTACGCCTGACCGTTGTCTTTCCACCGCACATTGGTCGTTGACATTCCGGCAAACATAGGACACCCACACGCAAGCTACTACAATCCAGATGCGAGCTTTGTAAATTAAGACGCTTCTAGCACGCTTTGATCTGTATTGAAGCTGTATCCCCATTGTCGTTGGTGCCCAGGTGTGACGACGTCGCCTCGGTATGCATATAACCCTGAACTTTCTATAATCCTTAGCGAGTACTAATTACGCACACAGAGGAAAAAGTCGAGATTTTGATTCCTGACGTGGGGAAGATGAACTTGATCCCCTCTACTCATAACAAGCGTCGGGGTCGATCCCCGGTACTTCAAGGTACCCTAGCTTCCGAAGGGTCCATATTATTAGCTGCGCTAACCTCGGACGTCTGGAGAGAGAGCGCTCACAAATCTACGGATATCCTACGTTCGTGCAAATCTGAATAGTTAGGTAGCTCACGAACACCGCGAGTAGTGTCAGCGAAGTGCGAAGGAATAGCGTGTTCAAATGCCACTATACTC,709,50.63,Caenorhabditis elegans
SEQ_516163,TATGGTTCAAAACAACGGGGGGCTTCGCCGACGTAAAACCGACAGCAACGGTGTGCTGTTTGGAATACTTGTGCGTTCATGAGTATCATAGAAGTTCGCCTGCACTCGCTTGCCTATATAAGTATTTAGCTAGATTACCGCGGGTGACCCCGAGGCGATTATTGTCCGTCGGTTCGGAACTCGTGTGAAGCCTCAGAGTCCAGGGTTGCGTGGGTA,216,51.39,Escherichia coli
SEQ_306997,CAGGATGTGTGGTCGGCCGGTCATCCCCTGATTGCGGATGAAATCCACACCACGGACTGTACTGGTAATCTCGCAGATTAAGGATTAGCCGGACACGGTGTTGGAAGATTAGATAACCATAACCTATTCTTAGTCCTTGTTTTATCATGAATTTGTTCTCAACAGCGTAGTTGGGCAGCGGACTTATCCTTAGAACGTGTCGATGGTTTTGCGGTGGCCACTAAAGACAGCAGCGCCGTTCGAATTTGCCTCATCTTTACACGGACGCCTCCAAACGCCATAACGCGAACGTCTTTCTCTACTGAACCGTTAACTCACACCCAAGGATCCTTAGGCCACAGTTATAGGGAAGGTGGCGGGGGGATCAATGGAATAGCTGAACCCAGCGACCTGCACCAACCTGATGGTATCGAAGTTAACTCAAGAAATCGGGGCGCTCATGCACTATGACGGGAATTCCAAAAGACGGATCGCCATTAAACCCTCGTCCCCCCCTGATACGGTCTGTTTCAATTAAAACCATAGTACACACTTAGCGACTATGTCGGTCCTACCACAGTAGTGGACGTCATCTTATGGTTCCAATGAAGTCTGGATGGGTGGAGGAGTTCCGAATCAGCTGCCTTGGCGACGGGGTGGGGGTGGGAAGAGGAACTTACGATTCTAAAGTTGCCGAAAATTTGGTCCGACGGCCAAGGCGACTAGACGCAATTTGTAGCGACTCGATCGGTGTACAGGCTGGCTACGCTTGAAACGTAGCCGTACAGCCGAGTCTTGAAAGGTGAGGTGGGTACGCACAAGCCCCGCCTATAGTCGTGTACCATCTGTTGTGAGCTACAATTAAGGTTGAGGGCCGTCCAAAGGAAGAGTTTGGCCGCTACAAGAGCGATACAACAATAAGGTGCAGCTTGTATCTGCCTGCCTTCCATAGCTACCCGCCTG,942,50.85,Mus musculus
SEQ_165631,GACCGCCCATAGACCAAGGAGGGTGGGCCTACAGTATTTAAGCCTACCTACGACTCCCCCGATAGTCCGGATGTAAAGTAATATGGATAGGTCATCCGCGCTCATGTGTTATAGATGCCTCAACGCTCTTGGCAGCACACCACTGGATAGAAGTACCCCAAGCCTCAGACATTTGCTTTCACGGACGGATCGGCTTAAAGATGCTGGGCGCGGGGTAGAATTGATTGTCTAAGACAGGCAACTTATACTCTACCAGATTACAACGGCTCCTATGACGCATCTTCCAATGACTACGCAAACGCCTCACCTCTACTTCGCCCGCGATTAAGGTCCCCCGCGAATTATCCACTATAATTATTGGCTTGCATTTTGGCACAGGTGTCAGCTATGTGTTCTGGCGTACCCTGGGAATATATTGGATATTCTCATCAAATGTGGATTCAGTGTGTTTACGTTTTCGCTCAGCTGACGATAATGTCCTAATAGTTAGCTTAATAAGGATTGTGGACCAGCTTGCCACTACTCATCGGCAAGCTATTGCCTGGCGTGAACCAAACGACTTAGTGTTGAAAAATACGGGCCGTTGTAGGGCAGCGCATGCCTGGAATGTCTGTCCGGGGCGAGCAGCATCGCAACTGAAACAGCATCGTAAGTGCGGATACCGCAGTGCTCGGTAATGACGGAGCGGTTAAGGGTCGAAGTTATTTAGTAAATCATCGTATGCGGCGTATTACTGGCCAGAACACCAGTCGTATTACTCAGGCCGAATACGTGGACTGCGTCTTGCGCGGCCGTCCATGGAGGGTAGTTTCCACTAACTCACTCCCGAGGGATCAGCACAAGGTCTACTAGTATCGCGCGCTCGTCGTGCGGAAGCGTGCTAATCACCCTTAGAGATGCCAAATTCTCGCGGCGCTCGGGAGGCGATTCTTGAGTTTCTCGGATAGTGTCAGCCATGTATTGGATTTTAACCCTAGAATGGTTGTGCTTTTCCGTCTAGGGCGCTAACTTTTGACACATGACCAATATGGTACTCCCTGTTTAAAAATTTATCCGTTACTAGATGGGGCGCTTTGTGCAGCGGCGTAGCTTCTATCGTAAGTCTACAGGAACAGACTGTAGACCTAAGCGGGAGTAGAGCAGCTTGTCCCGATGCCCAGGAGAGGCTGAAGACTGTTCACATACATGCGTCGTGCGTTCTTTACCGCGATCGCTCATCGGTCGCATCACACGTTGTTGATCCAACCTGACTAACTCCCGACCAGGTGACCATGATGTTTAGGCTGGGGGCTCGTGATTTGTGTACTAAACCCGGGATAGTTGCCTTCTCTTATAAAGCTGCCATGTCGCCAACCTTCGTATTTGTTGTAGAATACTCTAACCATGTTCCCACCAGAAACAGATTTGAACTCGAACCTCAATACATATTTCCACAACTATGCCGGAAGCTATTAATCAGTATTGTAGTGTGGTAATAAGGTGTGGCCAACGCACTTAGTTAAGTCATGAGATTCTCAGCACGGCCTTTGGGCCATCCACCCAAGAA,1546,49.16,Arabidopsis thaliana
SEQ_410938,GCGTGTATCACTTGTGCGGCATTTTGTCAGACAATGCGTAGTGGGTCATGGAATTTAGTCAACGAGTACTTGGTTTTTACGTCATCGCATTAGAACGCCGCTTGGTAGCTTATAATTCAAGTTTCTCTTGGCTAGTCAGACTCGTTATCAGGAACCTCAATGACTTAATCCGCCTTATCAGCCACAACCTCCCCGGAAGTGGCTTCTCAAAACCTTCATGCATACGATAATGTACAGGGTTCTTTCTTCCGTTCATCGGTTTAAAAGGTCGACGGTCCGGTCTGGATATTCTGCCATGTTGAGTGGAAAGGTCAAGATGGTTCTCGTCGGTGACCATTACCGTTAGTTTTTCGGCCCACAGGCGCTCTAGTCGGTCATTATCGTCACCCGATTTAGTCCACCCCCCACCGAGCCGCAGGGGCAATTAAGGACAACCCCCCTTATTGCGTTCTCTCTCGACAACCGTCTCAGCCCGTACGATTCCAACTCAGAGTTCTGTACTGCAGGTTTTCACCCAGCAAATTGCATGGCTCGTTGTGAGGATGGCCAGGGCGCGTGTCAATCGCGCATACTGACTTCGACTGATAATCGTTGTGCGGTGGCTCATCCGTTACGGTAACAGACTGCGTGCGTACCTACGACGGGAAATTACGGGAGCTGTCTCTAGAGTCGAAGTGACACATCCGCACGATGCCGACCCTCCGTGATCCGACTTACTCAGATTTCCGCACCGTAACGCTACAACGGAAGCTTTTCCGGATTTAGCAGCCAACACTGTCACCCAGATTGTAGATGCGTGGAACCGGGGCAGTGTATCTCGTATAGGCATGAGTTCCCTGTCGCCCTTCTTTGGTATGCAGGTCATGCCGCTAAAAATTACGAGCAGAGTCAGAGCGGTTAGCGTCATGACTCCTCTGTCACAGCTAAACTAACCGTACTAATCGCCGTAACTCCTCCACTCCGCCGCAGGACACTTCTGTTGGTTTACGAAGGTTATAGCGGGACAGGGCCCAGGATCCTATTCTCGAGCCTTGTAAACCCGCCGTCGTGGTACTCCCAGTATCTACGGACTGGGAACGTATCTGTAACGTAGCAGTTGAAGTATTAAAACAGTCCGCAACGGCTTATATCGGGCAAGGGCGCGCGTATCGTGAAGGAGGCTAATGTGATAAGGCAGATTCGGCCATTTTTGTGTATGTTAGATCTCTCGCCCCAGACCCAAGCGCATGGCTTATCCAATGCACTAAGTGGCCACCGGGTATCTTAACCCGCATAAAGCTTTAAGAATATTTGCAAACTGAAGCCTACTGTTCTTGATGCTTATCCTACAACTGTGATGGACCCGATTTCTCTCATTTTGTCTCACCAGACACGGTTCGTAAGAAACAAATTAGGACCACGAAGCGCGCGCTCTCACCCACGGGCGGGCACACGATGGCGGTATGTCGTATCGTAGGATAAGGCGTGTCAACACCTAATTCACAAGTGACGTGAAAGGGTGCAGATGACGCTTGGAGGGAGCCTACAACTCTTCACTCGTATGAGCACGAAGTCTTGGCCCATATACTCATTGTACTTCCAAGTGGACTTCGACATAAAACGCTGGATCCTTTTACCTATAGACCGCGCCTCTGCGTTTGGCAACGCATTCTACGTGGGGATTGAGGGGAGTGGAAGTTCAGGTATCAAATAGTCCTTAGCTAGATGTAGCGAGTCGGAGTTTATGTACTTGAGTAATAATTGGGGGTCTCTAAAACGTTCTTAACATATTTGCGCGAGCTCTTCCTGGTATTGATATGCTGAACAACAACTCTAGGCTTAGAGTGCTGCGCCTACAGGTCAAACGTCTTCAAGGTGCGCGTGATGCTATATAAAAACGTGATGAGGTATGCT,1893,49.66,Drosophila melanogaster
SEQ_331110,TACATGTCAAACGTCTGCAGTATCGCGAAGGAGTGAAACAGGTTCTACCTTTAGAGAAGTTTGCCCCCGGTCTACACCACCGGTTATCAGAGCTCTGAGTGCTGCCGGATTCAGTAGGGCCTCGGCATTCTGTTCGGGGAACTCCGCGTGCCTGCTATTTCGAATCAGGAATTAGTATCGGGGTGCGACGGAAAAGATCAACCTATTTAGTTGATACGACTGGCTCAGTAATTTGTAGTACCATCTCGTTAAAGACGATCACCGGAAAGACGCCTCCAGAGTGTGACGATCGGGAGCGGTCTGAAACACACGCCCCGGCTATCTGATACAAAGAACTACGTAGATGACTTATCTCCATGGAGAAGACCCAATCTACCCACCTCAGCTGGACGATGTTTCCACCTCTACGTATGCTCTTCCCGAAATAATTGGACCTGCGTACAGACTGGCTTCGGGTAATTTCCTACTTCTACCAAAGGCCATAATAAGCTCTAGTCGCGAAATACGTGTTACTCATGGTCCTCATCTGTACCATGCGCCACACCCATATGTCGCAGCGGTCGAGATTATTAACTTAAAGCAATTGTAGCTAATCGTTATAGGGGTGCGGACTGTGAGACGCACTTCTAACACCGCACAATTACTTCTGATGGGGCTTTGGTACCTTACGGTGCCTGCTGTGTAGTGATAGCATGAAGGACGGCGTCCACTCCGAGTTTGCCAGCCTGCTGCGACTCGCGCGATGTTTGATTATTCGGGCGGTAAATGCGCCAACCCCGACCATGAGACTCCCAACTTCGGTGTTTCACTCGGACTCACAAGCGACTGCCTTAAGCCGCAGGCCTAGCTATCCATAGAAGACCAGTATGCGTGGCTGTACGCGCGTGGTTTGGTTGTAATTCGGAAGTCTACATGGCAAATATTTTCGTTCCGGTGTTAAGAGTTAAACGGGCGGAAATGCGTTTAGCATAGCTGTACTACTTCTGCGATGCGCGGCGGGCCGCCGTAACCTTCTACGTCCGTCTTAAGTAGATGTCTGATCATTATCATTTATGACATGGTCGTTGGATGAACACCTTCTTATTATTGATACAAGCCTCTAAACCTAGTGGGACTAGAGACCTACGGCTAGGGCGAAGCCCCACTCGTGGCACGTATGTGGTGGTCCAACCAGTCCTTCATGGGTCATCACGTGAGTGTACCTTACGGAGTCAAGAATTTTAGGTAAGACTGCTGCTGTGCCCGCAAGACGATATGCAGTGTCGGCAAGTTGGGCGGTATGCACATGTCCCCCCTCTACAGCAAATCAAGCTTTCGAGATCACGGCGAATTGTAGTGACGGCCTCCGTCGTCAGTTTGTTCTTAACCTCCTGTCGATTATCTCGCGGTGAGCAATGAACTTGCCTATCAAGTTGAGGCGTGTGCCCTAGAGCATCTTTGTGTAAAGTTATATTCCACTTTATCGATATGCATTTGTGCTTATTGAGCTGTAAGGTCCTGTTTACTCCCCTGTGGCGTCCCGTCCCTCAGTCACGACGTGTTTTAATTACTAGCCTATCTATGACAGGACCATGCCAGAAACACCGTGTGTATCGGGAGGATACGGAGGGCCTTGCCGTCATTCTTTCACGTACTGTAGAAGATGGTATGGCACAATGCTCCTGTGCTCAATAATCCCTTAAATTATGTGTCTGCAACGATCGTACAATCCCTCAGCCAACAGTTAGTTGGCCCCCCGGCACATCGCTATTTCGTAACCAGGCATAGCCTTGGTGCATTTGCCAATTCTACCTATGGATGTGCGCGTTCCCACGTTTGACAGACCTAGCAAGTCGTTATTGAGGGATACAAGCGCGACTATTGGATCCTAGAAGTCGAAAATCATGGAGATTTTCCTGTCACGTGAGACTCTAAGAGATCAGAAGCCCGTCCGTGCGGCACGCGATCATGGCTCTGGCGTACCCACTG,1968,49.8,Escherichia coli
SEQ_909650,CGGGAAGCATCGCGTGGATACATCTAATTGAAGCCCTTGGTAAGTGGGTAAGATGACGAATCGGCTCGCATACCCGTTACTGCGCCGAAATAATATAGTTCCATGCATTAGGCCCGTTCGGGTCATAAGCGGGGGTAGGAGTAATTGACTGATGGTCACTAAACGAAGAGTGAGTAAACCATAGGTGAGTAATCATCCCAGCTTCACAAACAGGGTGAACTTTCGATTAACCCATGTAAACCTTCGCGTACTTCCGCGACGTGAGATCTATCGCTGATATTGAGTCCAATTACCACTTAAGGCAGCTAGCCATACTAAGCTCGGACAGACCGAATAACTCTTAGTACATATAAAGACGTTCCCAATGTAGACCTGTACTTCTTTTTGAAAGTGCAAATCGACCTTTCCCTCTTAATGCCCTACGCAATGCACACTAGATCTCGGCTGTGAAGGGACTACTCGTCCTTAACTCAGGGGGTTCAGCGAGGGCAGGTCCCGCCTAGAGACTTAAAAAGCGGTGTATTGAACAGGGCCGGTCAAATAAACCCTGCCGATTTACTAGCGACGCTGGCCGACCAGGAGTTACTAGGTCATCGCGCTGGCTAGTGTAGGTAGTGTCACGCCGTGCACGTACTGTCACAGGACACTAATGTGCGCGAAACACACCTTCCTATGTTCCGTACCCATTCCCGTCGTTTGTCCACGCAAAGTGTCGTCTCAATCGTGGCTCACACCGGGACATCTAATCTTCCCGCGCTTGGAGGCATTCTCCAAAGGCGGCAACGCCAGCCCGAAAGTCCTAGCGCTAGGCACGTAACAGAATTTGTCCGTGACTTGGCGGAATAATGAGAGTCCCGCCAGATGTGGTCGGTACCATGGCTTCACTCCGATAGATTTGACTTACACTCGTCGCGGGGGTTGTTGCACGAAATGGGCTCGGAGTCTCCTCGCACCGTAGGGGTGATCTTGCGCCAGGAATTGAGTCTTACCCCTTAGGGTCAAGTAGTCCCGATCGCAGCGGACTAACAGTACCCTCCGAGCAGGGCCCCCATAAACCCATCGAACGTTTTTGCCCACGTTTATCGAGGGAGACTTCAGAAAGGCTAGTCTGCGCTGGTCGGCTAAAATTCCCGTGTGCACAAGTTTTGGGGCCGAACATATCTCCAAGGGTTCGACCACGGAGCGGATAAGAGCTTTTTACCAGAACGCTTCGTGACCTGGCCATTGAGTATGGCTGCTCGAACACTGGTCTCGTAGATAACTCCAATTCGAGGCAATGCTGAACGTGTTAGCCGTTCACGTCACTAGGGAAGCCTAACACCCTCCAGTCCGTATATGTCAGAACGCACCAAGTTAAGAGTCCTGTTTAAAACTTGCAGATGCTTCGGGTGTTCGGGGCTTCGGCTACGCGTGGCGCCATGCGGCAGACCAGTTTTGCGTACACTGCACAACGTAACAAGGGCGCTTACCGGACGTGACCACAACCAGTGGATCCTGTGCGGGCGATCCAAGATCAACTTGCCCGCTCAGAAATAACCCCAGGAGACCTATATGCCCCTGTCTATGTCAGGGAAAGTGCGTGTTAGCTGAAGCGCCTTCCGGCGGGGTACACGCCCGACTCATTGCCCTCTTGATTCTACGGGCTACGAGTCCCTTACCTAACAAGGATAATTGGAAAGGCACACTAGGCTCAGCGCGTTAGCCATTCAATCGTGCGCAAAGGGGTCTTGAACACAGTTCGGAAATTCAGCTCAATGCAGCTG,1763,52.13,Mus musculus
SEQ_664422,CGAACCTAGGCCTAATGTCAGGGGGGGATGTCCGGGTCACTGTTTTTTGATGGCGGCTAGATCGCAGCCCGTGTCGTCTAGTGACGACTAAGAAAACACCCTCTCGACTAGGACCGTTTAGCAGGACTTCCGAAAAGTTCCATAAGCGTGGACGGGAGTAGGCCTTTGCCGGGCATCTGTGGGATAGCGTAAAAAGGCCGAGACGCTTCTATTCCCGGGTGACCGAATTCTTACAGTTGAAACAGTCAGATCACGGTCATTGGCCTCGTTCCGAAAACGTGAGCTATGGCTGTAAAAGAGTGTGCACGGCAACCGGCTAGGACATTTCATGCCACCTGCAAACATCACTTACAGCTTAAACGAGGTCCATGCAACTCTGACTCAGCTTGCACTTGCGCAAGGCCTGCCGCGCTAATAAGAGCCACTCATTCGAATCATATGAATCGTGATGGCCTCGCCAACCTCCCTCCGTCCGCGCCTTATCAATGGCAAGAATAATGCACAGGAATGATTAAGTTCGATTCCATTTCGTTAACCGTCCACTAAATCGGCGTTCCCGTATGGTTGCGTGTATATTAAGCACTCCTAGGCCAATCTTCCCCAACATGGGCCGCATGGCGTCCTTCAT,628,51.59,Drosophila melanogaster
SEQ_936954,ATGCGCCTAGGCGCAACACACGCGCACGAGCGTGGGATATGAACATAGTTCAAAGTCATGGGTGCATCTTGGGGTTGTTGAAGGAGCTACCCACCGTATCCGAAACTCAAAATATCATCTGTACGACCGACGCACTATAAGTGATGGTCACTTAGCTATGAAAATCTCCATGGTCAGGTTTGTTGCGAGTAGTAAAAATCCTCTCGTCGAACCACTTCATAACATCGCTGACTACGCTGAGGTAAATTCGATAAGAGAGTAGTTACGACGACGTGGT,277,46.93,Saccharomyces cerevisiae
SEQ_620134,GGTTTCACGAGTAAAGGAAATGGGGTCGACTGGTTATGGGTCAGCTCCGATTGCTGCGCCCCGCCGCGCGAGTGTCAGGTCAATACTCATTAAGCATAGTGTGGTGTTAGTAAGAGTACGTTTCAGGAGTCGAAACGACATCTGTTTGAACGGTGTGGCGAGGCAAACAAAGATGCTGCTTAAGCATTGACCATACCCGGCTGTCAGCAGCCGATAGGTTACATCTCTCGGGATTGGCAGTGACTAGCTATTGCTTGGGTATTAAAGGGATGTATCCCGAGGGTTGGGCTGGACATCTGCCAGTACA,307,51.14,Arabidopsis thaliana
SEQ_995213,CCTCGGTCAGCATAAACATATCAAAGGTGGTGAGTCCACCCCCGACATGGCGTCCCGTAAGTTGCTCACATTAACTCACACATGGAATATACGCACCTATCAACATTAACCCGGCGACATGAGAACTTACAACGCAGTGAGCGGATGGCTACTACACTATAGTTGCGCTTTTCGCATCCTTATCCACTGTGGTTTAACGCTGAACATGTCTGCACCGAGGCAGTTTAGCTTCATGACGTGCACTAGGGAGACATCAACCCTCCCACATACGCACATGTTTTATGGGTGCGTAACAAACCCATCGCTAGGGAGAACTTTGGTGGAACACGTAGTCTTCATAGTCGTGGGTACAGGATAGTTTATTCAGACACAATCGACTGACTGATTCAGTGCATGTTGTTGTGCGGACTACTGCTCGAGGATGCGGTGGTTCTCCACTGGGCCTTCAAGCGACTTTTTAAGCCCTACGGGGGCACTTGCAGATTTACAAGATTTTCGGGAAGCGTTGACGTTCACTTTAAATCTTGTTTGATTTAAGCGGTCGTCATGCTTAACCTTCCAGGCTAAGGCGACAACGGGGGGCGATCCGGATCGCGCTAGCTACGCGTCACGTTATTCAGCGGGGTGTTCTGCCTAACTAAGCCCTCAGTTCATGCCATTAGGGAGAGCAATCCAGTAGCACGTTACAGGATCAATTTGTCAGCCACACCCATGTATACCCGGGGCCCTGGCGTGTAACGTTTCGGTTTGCAGGATGTCCATGAG,765,50.07,Arabidopsis thaliana
SEQ_257605,CCCTAGGGTAGCGCGTTTTGTACTTAGATAGCTGTTATCCATAGCTGAGCACTCCTCGCGGATGCCTTAAGAGATTGAGAAGACAAAAGATATTTGGAGATGTTGTTAGACACGATAGCGCTTAGCTGAGACAAACCTCCTCGTGCCGATGTCACTTACAGATTAGGCACAAAAATTTCTGCGCATGATCCACCCGTAAATCTCCCCCATGACGCCAACATTCGAATTCTCGTCGCAGCTTGTGTGAGTATTTCATCGCTAACTGTAGTGAAAGGTAGATTCAAGTGCCGTGTTAACGCCTCAAGGAACTCCTCGCTACACGATCCTCGCGAATGAACCCTACAGTACCTGTCGAACACCACTGGGACGTTCATACCGCATCCTTTTTTATGGACCCGCCGAGACTCTACTTTTTTTCTGTGGGCAAAGTAACTGACTATCTATGGTGGCCCAAATATCAGGTGCATAGGACGCGCCCCTATTGTCCTGTCACGAGCACAGGATCCATGAAGGCTAGTTAGTAAGATCGGATAACGTAACAGATACGGCCGGACTCAGCCTCGTGGCGGTGTTTCATATCGCCCGGCGTACAGTGAGGCCAGGTTGTGAGGTCGGTTTCACCTGTGTGATCAGATACGACATAACTGTCCGACTCGGGATAGCTTACTACGGGTGATGATCGCGTAGGAGGAGCATCAAGTGATAAGGTATGGCAACGACATAATCGTGCCTCATTGGGTTTGCACTCTGAGTCTTCATGCGCGGAGTCCTGATGCAAGCTATCCGACCGCGAAGACCCAATGTACTAAGTAATGCCAGTGCTGACGTGCAATTAGAGTTGATCCATGCGGATTGTAAAGTTAACAGTAAATCTCGCTATCGGACTACGAAGACTGTTCGACCGGCAGTATCGCAATTTCTGACAGTAGAATGGGCCTCCAGGTAACGGCCTTCGGCAGGACTGTGTTGTAAGCGCTAAAGGCGTATCACCCGATCCATGGAAGGCATCGCCTTTGGCGGCCCAGGTGCAACAAGATAGAGAAGGGCAAGAATTCTTGACCCAACACGCGGGTGCACGCGTATATCGGGGCCGCTAACGAGTCTTCCGGCGGAGACCCAGGCTTTAGATGTAGAAATCAGCTTGTTGTATGACTACACGCACTCTGGCTTAAACCAGAGAGAGGTCCTAGGATCCATGTAGCGCTTCGGTACAGTCACACAACACCGGGACGATCAGGTGTCACGGCTCCCTGGGAG,1257,50.68,Saccharomyces cerevisiae
SEQ_170119,GACATTTGCCTGCATCGTGGGGCAAGTTCAGGCTCGCCGAGCGGTTTTGAGGAATGCTTCTGTTAGCTCGTTATAACATCTACTGGTCAGGGGGTTGGGTTCGTGGTGACTGCGGCACGGTGTTCGAGAGCCCTCTTCCAGATACGGGTGGACACCTACACGTCTCACATGCACGCGTTCTAGCTTGTGGTTGCTCCCCAAGATTTACCATTTTTCCATAAACTTGGGCTCTCCGTCCATCTATGACCGATTAGAGGACATTGGGACCAATGACCCTGTGGCATAATAATTCATAAATTCTGTATATCCAGTATGCACTATTATCTAAAATGCAACTATCAGCACAATATCAAGTCTGTGGGACACCTGACTCGTATTGATTAACCACCATTACAGGAGTCCGCTTAACGCTAGGGCAACGCAATATACCGTGATTGGGACAGGGGTACGTCAGGTGGAGCGCCCGGCTGATGATCCACGGAACGTAATTGGATTCAGTTGGCGCTTGATAGGTAGAAGTCATTGTGAAACAGTCAGTTTGCGTCGCAATTAAAGCCGCCATTCCCGATGAAAGTCAAGACATTAAACATCCATACCAAGTCCAGAGCATGCTAGGCGCTAATCATGCAGAGTTCTACGACCAAATAACGAGAATTAAATATCTCGAATTATGTCTTATGAGATAAGAGATGAACGAGTAGTTCCCCCATCGGTAGTGATAAGCACCGATAAACGGAATCCATCCCATGCGACCCTCCTATGCGTGGACGCCCATACTTGCCTCGCGACACGCCTACACCAGGTAGGAGTCGACCAGTTTGACTCTGTTGAAGCCCCTTTGAATCACGCAAGAAGTTTGTACTATATTTGATAGAAAGCCTCATTATAATCAATGCGGCAACATGAGCGGAGGGGCAATTCGTAGGAGGATATATAAGCGGGCAATCAAACCTCGCCCGGCTGAGAGCCAGGACATGCAGGTGTCCGAACGTTAGACCTCCTGGATCGATGCGTCGGCGAGATCTGCTCCGGTATCCTCTGGAATGACTGATTTTGTGTCGCCGAAAAGGGTATAGC,1077,48.56,Escherichia coli
