sequence_id,sequence,length,gc_content,source_organism
SEQ_310160,ACCCTGATCGGTCTTTATTCCTGACTTAGTATGCTGTATTCTTTTCTTTGTAGATTGTGGAACGCATAAATAGTATATGCGGAGGGGTCTTAACGTCATGTTGACCGTATATTCCGATGTGAACCCATTCACCGAGACCTAGCTTGTCTCAATGGTTACAGAGTATATAGTCAACTGATTCAACTGCGCAGGAGGCATATCGCTACAGGTGGCACTCATCACGAAGGGGGATAAAACATTACGTGCTTATCGACCGCGAGGTCAAGCACCGATAGTCCCTCGCGGGTCGCAATGTCAACCGTTCGTGTCCTGGTGTCCCGGTGCACCAAATATTAAGAGTGCAGACGCGGGACCGTAACGCCCCCTTTGATGATAACCACTGGGATATTCATCTTTGCAAGACTTACGGTGGGGAGTAGCGGATCTTTTTGGATTGTAAGGTAGGAAGTGCAAGATGCCAGGATACCCCCAACGTCTATACGCATCATCAAAGGTGAAGGCTGCAAGCCGAGTACGACAGAAATTGTCTTATTAAAGGACTCTGCCATCGAAGCTGCGCTTATAATCATTGGATTCGGGACACTCCCGGCGCGAATCCGGGAAAGTCATTGCGGGAGATGCACGTCTACACGTATGCGTGGGACACCGGAGGAGCTACACCTGGCTCGGGGTTGATGTTTGATGTGGAGCAGCGTTGGTAAAATCTGATATATAGATAGCTTAATCTAATTTTGGACGGCCCAACGGTTTGTATAGGTCATTAAGGGCATGCTGAGAGAGCTGTATTTGCTATCGTGATTATGTCCTTCAATTAGACGCGTGTGTGTAAGGGCTCTTCCGAAAGTGCTTACGCCGGTCGTTCAAAAACAGGCTGGGCTGTGTATACGACGCCGGAAGGCGCCTCCGGTAGAAGCAGGGAAGATTGGGGTCTTGGGGGCAAGTTGAGGGGGTATACGTACACTTATCCTAGCTCAGCATGTCTGGTCCAATCCAGCTGTGACCTTCAACGTTCAACATTTAGTTGCTTAGCATTTAGACCCCCAGCCACTGGCCTGTTCGATACCAGCATTTTATACAGACAAGCTTAAGATCGCTTCAATTGTAACGTTCCCAATCCGGTCGATTGAGGGCCGAAGAAAGGTACCTAAATGATATAAACCACTCGTGCGTCCGACGAGGCAATCGGCATAGCGGGCTCGTTCCCTCTTCTACTCCATACTTGGCACCGTGATCCGGTTCTCAGGTTGCGCCCCGGGGGATGAATGTGCGGGTCTTATCTAAGTCGCGATGGCGATGCGCGAGGACACTACTGTATCCCAAATGCGGACGCGAGACACGAATTAGACCTGTGAAAGTCCAGTCCAAGCTAGCGCGTGTGGGCTTTTAAAAGGTTCAAAACGGTTGCCGAAGCTAATTTGCAGCGATTCACACCCATATTGCTGCCAACGTGCGATCTAGGTAGCCAGCCCGCCTGGCCTCGCTTATAGGGACGACCGACGATCAAACTCTAGGTGCTGCCGGACTGCTTCTATTGGAACTTGCACCCAGGTGCGAACGGCCTCTCACGGCCGCAAG,1575,50.67,Escherichia coli
SEQ_473872,TTCGATTATGGGCCATCGCTAGCCGGATAGCCACGCCTATCGTACCGGCATGCTGTCATGGGTACTAGCTTGAACGAACTTGTTCTGTCTTATCTTGTGTGAGGTACTTGGTATGACCCTTACTCTGCAATCTTGATTGTCGAGTCGCTATTTCACAACTTGCCGCAGAAGTCCCCTTTATCCGAATCTGGTATTGGGGTTGCCAAGTCTCTGCCACGACTACCCATCCCATCTCGCAATTTCCAACTAACCGTCATGTCATACCATTACTTACCTACTGTCTTGCGGATCGGGAATTATTACGATCGTTGCTACAGCTGCTGCCACCGCTGACTATATACAAATCCCGGAGCGGGCGTGCCCGCAGTTGGTACAAAGTTGGGGCATTCCATTGTCTGTAACCAGGCATGTGCGGAGCTATCGCCATAACCCCGGGGGAGCCGACTTAGCATACTGGTCGCGACGACTAGCCGTTCACTGTTAAAGTTAGCAAAGACCAACTGCCGCTTCAACGCCGATCCACAACGTATCTACCGCTTTTACTGGGACGTCGGCAAGTCGTTGGGACG,569,51.49,Mus musculus
SEQ_879009,GTAGCCAGGGCGAACAAATTTCCATGAGGAGCGCTTATAGTCGCCTAACGTTAGGCAGAGCTCTTGACAAGCCGCGACCTTGCGTCATCCCATAGCGACCGTGGCCCCCGGGGGGATTTTGCTGCTGGCTAGCGGGTCTTGCCATGAAAGTCCATCGAAGTATACTCCTTAGTGCTTACAGGCAATTCGTCAAAGGTATCCCTAGTGTGGT,211,54.03,Drosophila melanogaster
SEQ_113520,CGTGAATTGAGTTGCGAATCCTCATCTATCTTTTACAATTTTCCTAATTCGATTGAGATAGCTATGCAAGTTCGACATTTATAGCTATAATGCTAATAAGTGCTCATGGCGGCCGTACTCATGATAGCTACTTGCCCTAGTTGGTTGGGCCTGGGGCTCTCCACGTGTAGCATACCCCAAGCGTGGCACGACGCCAGCGAACGAGGTCCAGAGTGCGTGCCGAATCGGTCGAAGTGTAGCCTAGACGTTCCGCGCATGGAGTAGGCGCTCATATTAAGGAATGAGTCATTAACCAAGGTGGCGAATAACTTGGCGATGCCTCCGACTTAATAACATTCCATATGGTCAGGATAATAGAGCGCAGGTCTTCAACGCACAAGCGCCTATACAGGCCAAATATACTCTCTGTAACAGTTTGCATGAGTGTCCAGATCTGGGGAAGATAAATACCATTGAGGGTCCTGTTGCGATTTGATTCCTCTCGACTCGCGTGTGCTGCCGGGACAGGTAGGAAAAGATAATTCCCTCTATGCGCACGCAAGCTGACGTAGGAGCTGCGATTTACATCTCTACCATAGGGGTACCGGGTACGTATGGGATGCATGACGTAGCATTCTATCTTTATTCCCGCCGGTCTATGGTAATGATGGTTGCAATGGATCTCGGGAGTGCACTCACTCTTGGGCTTTTGCTTTCCTGTTCGCCCGACGCACAGTACGGTTTCTTATGGCTGGCACCGAGGAATAGAAAGTCCCGATTTGTCTCGCAAACATAAGAATTTACTCGTGGTCGATTAGTAGGCGGAGGTGAATCCTAACTCCAACTCATTATTCACTCGGGTTATGCTATGGAGGTTCTGGACGGTGTATCGGTTAATTGTTGGCCTACAGATACTCTACCACCACCGCATCTGTTGTAGAACGTGCTCCGGATCGAAAAGAGGGCCAGTCGATGTTGAGACTTGGTTGCACGACCATCTGGAACAGCACACTGAGATTGGCAGGGGGTCTGAACCCATTAGTTCTGCGATGGGCGGGCAGAATGCGCGGGAGGTAACTATCAGTCAATTTCCTGTCGATGAGGGGGCGTATTACTGGACCACCCGGCACATCTATACCCCCGATTGCGGACTTCATATGGCAGAGGTCGTCCGTCATTCACATTAATGTAGCCTATCGAGCCCTACCCACTCGTCGGGACCCTTATCTACAATAAACTATACCGGTTCACCCGTACACGCGGGAAGTCTGAAGGAAGCCATTACGACGTTCCCGGAACCCAATCCAGGGTTCCCTGAAGCCAGAGATAAGAGAGCCTCACCCGGCGTCTTCATTAAACCTGTTCGAGCTGCGCAAGGGTGGAGGGCCGCAACCTGTCCCATGTGTATTCCGCGAGTCCTTTAGTATCACAGATTCAAGAAATCACTGTCTCATTAAAGACCCCGCCTCTCTCGCCCACCTAACTTCCCTGGTGGGCATCGGATTCGAGGTGTTCCTGCTCCATTCACGTACCGCTGAAAGC,1521,50.69,Caenorhabditis elegans
SEQ_222591,TCTTACGTTACAGTATTGCTACGCTTTGTGCTGTGCTGGCGCTGCGGGAACGGCTGGCGGCCATGCGCCTCTCCCGGACACAGGTTGCCACCATTAATTTCTCACCCAAACGAGCCTACTCCTGTTCAAGCGGGTCGACACCATGTAGACTGCTCAAATGTCCTTCCATCGTGCTCGAAGCAGTATATTGTTAGTCATTAAATCTAGTATAGTTGGGGTGGATGCCCAAGACGTCGGGGACATAAAATGGTTTTATCGCATCTGTATAGAACGTACTACATGTATCTTTTCGTTCCAGCTCTCCACCCTACGGCTTGTCGCCTGTCGACGCAGTGACGAGACACGAGGAAATCTGGTGTTTGCCGTATCACAACACAGCCCCACTGCTGAGTCTCTTGTAGGAACTTAGAGATCTTACCGCGGCACGCCCAGCGTCCCGAGAGATAGAATGCCTGCGTGGAGCCAAGTTATTAAAACGCACTGCAGTGGGAAATCATCCTGAAGGCTAAAACTGTTTTCGCGGGGTTGTTTTGCGTGGAATTTACTGCTAGCGTCCTGGTGGTTCCCTTGGATGCACTACGGACCAATAAACGTTCTTACGGTCTGCATGTTGCCAAATAGTTGAGTTGCAGAAGTCCTGGGATTTGCACCATCGA,656,50.46,Arabidopsis thaliana
SEQ_679033,TCTTCCTGACAGCCATGCATCTTGACCTGCTCTGTTCTTTTCTCGATCTCAATTCTTTAGAGCAATGTCGCGACCCGAATATCTAACCTATTCCCAGATCGCGCCGATGCGTGTAGCCTAGATTGTGTCAACTGATTCATATCTTGAACTCCCGCTTGTTTAACACCTGCTTCCCTCACTTGTTTTCCATTTCGGTCTCTGTGAATCTCGCAATGGACCGAGCGCTTGAGCACAAATTTTATAGTGCCGCCAGGCCTCGGGCGTAGATAAGTATGTAGGGGAGATCTATCCTGACGCCATTATCGGTGAGCGCGTAGACGGAGAGGGTCCCCTTGGCAAACCCTTGACCCTGATGGCCGCGAGTTCGATTAAAAATACGTTTCAACGACAAACTAATTCTTTGACACGAGCCGTGAATTCATTACAACCGGTGGAGACAACGCTAATTACCCCATTGGATAATTTTTCTAGCCCGGTATATAGCATTTGAATATCCGAGGTGAACGGGTTACGGCCACGAAGGACTCATCTTACCAACTAAAGAAGGCTTACCCGTTGATAAGACGGTCTACGTGCAAGTGACACTCTAAGACTTGGCCCGGGCAAGAGCACTCTATACACCCAGATATTGGGCGGTCAACTCGCACTTATACCCGTGCCCGTACCCTGCGGGCTTGGCCATTAGACTTAGATTGTACCACTACATGTGACCAAGGGATCTCGGGACTGTATCGAGGAACAGATACTCACTTGGACGGATGACCAATTGGCAGGAGATGGAGGAAAGTCACTGTGCCGATGCGAGAGTCCCTGGTTTCACAGTTAGCCTCTTGTTACTTGCCTCCGGTGGCTCGGTATCACGTTGCGTGAATTAGGTATCTCTTGAGAAGACCATCCGTCGATGGAGCTACTAGCTCTTGTAAACGCGGTTATTGATACGCTGTCGGGCTCATTGATCTCTAGTGGTCCCCAAGTGGAACCTTTTAGCGTGGATACCATTTCCATGGTATAAGGGCTGCTTGTAACCGTAGGAAGGTGAGGACAAGCGCGTGTTCTTTTAAGCATAAAGCGGACCCTCAAGTAGACACGAGCTTGCGGGAGTAGGAGCACGCTTAGTTACGAGGGACCTATATACCTCATTTACTATATAAGCTTAGTAGTAAGACGACGGTCGATGGATTGAGAAGTAACAAACTGGTAATATGTTGTGTCAGTGTGGTTGATGTCCTTGTTTACATCCGCCCTTATACAAAACAGCTTTTTCCGCTGTCTATACAGAACGATCATGATCTTCGCCCATCGCCATTTTCACGCGCTTGAAAACTGGCCTGTAGTCCCAATTTTCGATACATTGGCCTTCAACTGACGTGATGCGCAATTCTGGTCGAGCTACCTAAACACAATGGGCCTCGTCCGCGCCCGTTTTTAGGTTTCAATACCGTGCAAACTCGCGGAACGCCTTTTTAGCTAACCTCTTTACTTATTACCTAGCCCACTGAAGACG,1504,48.27,Escherichia coli
SEQ_381051,TACGAAATCAACCGATCTAGATCTAGTATCTGCTTCGCGGAGTGTAATATGGTCGCTCCCATCGGCTCTATACTGGCTTCCAACGTCTAGAACTGCGTCTATATACTATGAGCATAAAGTTGAACCAACATGATCGGCTAACTCAGTTTAAGCACAGACTATAGTTATTCTATGATAGAAAAGAGGTTCCGCTTTGACAAGCGCACTTTCAACAGAGCCTTTCGGACGAGCCTTCATGAGTTGTGGAACGCTGATCCAGGTTTGTGCGAAGTAGTGTCAAGGGTTAAATTAAGAGTTCAGCAAATTCGCGTACTGTTGATGGTCGTGTGAAAAAAGGTCGGCCACAATGGTGAACCTACACAAAGGTCTAGTAGTGCCTCACCCATGATAATTTGGGCTTCAGATTGAAGGGACACGCAGCTGCGAATACGGCCCAGCTAATGTCGCTAGCTAGAGGTGATTTTTGGGAGATACCTGAAACTTCGTAGACGTTCTGCAACCTGGAATCCAAGTGTCTAGTATAAAACTAGAAACACTAAATTAAATGAATAGCAACACTCGCCTTTAAAAACTGTTGGCACTGACCAGTGGCCTGAATGTCGGGTGATGTTTTCAACGGTTGGTACTCAAGTTAATAGGGCTATACCTAGGCAGCGGGTTACTTCAGTATGAGTAAAATACTCCTATCTTCATCCCTAGACCGGTCAGAGCAGATAACATGGTGAGGGGTTCGTCTGTGCACGCGGTCAGCGTGAGCGAAGGGCAAAAAATATATCGACTGCGAGTCCCCCACTCAATGTATGCCCCAATTCGAAGGTGGTATTTCGTGCTTTAGGCCAAGTTCTCACTGGTTACCGTGCGTGAAATTCCGGGGTGACTGTCCTTAGGGGGACGTCTCTGAATCACGAAGTCCACTGCCGCTTTGTGGGGTCTGTGGCGCGTAGAGTTGTTGCGGCCGTAGCGGCGGTCGACCATGGACGAGGTCCCCGTCGTCGCTCATTATGATTGTAGGACTGCAGTTCACCCTCGGCGTTTCAGTATACCATACCGCGGCATTCAATCATAACTCTAAGATCGCTCGTGCGAGTGTTGGGTTCTCCGTCGTGTACATCGCAAGAATCATGTGCAAGGGTCTCATCCAGTGCCTCTTGAAATACT,1158,47.93,Mus musculus
SEQ_714836,CCAGGCACACTAGCGCTATAGTAACACGGCCTCTGGACGCACTAAGAGCGCAACCTGGTATAGCGATGACAGTTTAAGTATTTAGTTTGCCTTGCCCCAAGATTTACAGGTCTGGACAACACTTTTGAATCCTCCGTGTTCTATTAGGACATCTACCATTGGTTAAGGTCGGATACAGGTCCCGTCCAATATACTGTCCGACGTAGAAAAGGTTCGACAACTTGGACGCGATCTCAGAATGGACACGCAAATCTTTAGTGTGCACATAAGTGAAGGTGTGTGAGCCTACTCCAACATCGCCGAGGCTGGTAACAACTACGTATCGTAACGAAGATGTAGAAAACTGCATGCCGGTCCCCCCAGGAGAACCAGCGGGTGAATCGTATGTAAACAACTGGCCCGGATAAATAATGGCGGCGACACCCACCGAGAACATGAGCATCTACGTCTGCGGCACAAGAGTGGGTTATTATGTACCAACAGTCGGCAGTAGCACTCATCGCCATTCAGATACGTTTGCCTTTTGTTCGGCTCTAGATCCCATTGGACCAACAGTTCTTTCCAGGTGTTACAAAGCCATCGCTCAGAATATGACAGTATACGGGTGCCGCTGCCTGCCTGCGTTTCAGTATTATCACACACAATCATGGTTAGTAACTCTCCCAGAGCCCTGCTTCCTCCACGCAGGGCCCGGCTACGAACCGGCTGTGTCATGCAATCCTAGTATACAAGTACGTGTCCCTTTCCAATGCGAAGAGTTTTTCCGTAGACCGTCGATATGGACGACCCCATATTAGCATCTCATGTTAAGAAGGCTGACGGTACTTGAATATATACCTTGAGCAGGCAGGTTCGCTAAGATTATTGTGCGGCCCAATATAAGTCCTCCTCTTAAATTCCAATTCGTGAAGGAGTTGCGTCGGTATACCAATAGCGCAATTGATTTGAACGTGCCTGCCAGCGGGGGTGCGCAACCCT,978,49.08,Caenorhabditis elegans
SEQ_212446,GGACCATCCCCCAGCAGGATGGCCAGCGCAAAGAGAATTTGATCCTACGCCACCCGTATTTGACGGGCCACCAGGCTTGGCCATTCCACTTCCTCCCTAACTGAGCATACGATGCTATAGCGGTGAACCAAAAGAAGATCGTGGTGGACGTTTGGGTGAGGCCTCCGTTAGCCAATTGTGCATACACTTAAAGACTACAACTTATCTGCGTCGAAGCTGCGAGAGAGGTGAAATGAGCAATCAGGGTAAGAAACATTCATTTCACAAGATACGATTGTTCCCCTGATGGTGCGCCCAAACGTAATCGTATTGGGGAAAGGGGCATGGACAGTGCAGTATTGCTCATGGGTCGACGCCCGAAAACAAC,367,50.95,Homo sapiens
SEQ_560514,GGCAGAGGTGTTTAACTTATAAAAGAGCTGAAAATAATTCGGCCTTTAAGCTGGGTTCCGGCCGCAAACAAAGAGGGGTTACCGGACGGAAAGGATATCGCTACCACCGTCCTAAGATAATGACCAACAAGTAAATCCAATCCTTCACCCGTCAAGACGGGGCAGGAGGTGTCGAGCACTTTGTTACTTATTTATACCACCGAACTGCTGCCGCGTGCTGTCTATATGTGCCGCGAGACGTATTTGTATCGACCTGCCTGGTCTTTCACCTAGGGATGTTTACTAATATAACGCAATCCCGCGCGACCAGAACACTACACCGGTGATGCGAAGCTGGGATAAACGGTTAATATCGTATGGTCGTGATCTCGCAGCAAGAACAAGAACGTACAGCTCATGAGAGAACACTGTGATCCTCCAAAACTTACAAGTATCCTCGATTTCATAACATTGTAGCCGGTCCCAC,466,47.64,Arabidopsis thaliana
SEQ_177912,CTCGCTGGGCTTTTGGGACGCACCGCTGCCCGACAACCACAGAAGGCGGTCGGAGGAACGCTACGAACACCTCACTCGCAGGCATTTGCACATACGCCACAGATACAGGCTCCAAAGCGAGACATACTGAATCCCATTTTAAAAGGGGGGGGGCTGCTTGCAAACGGCAACTAACTCGCGAATCCGGAATTTCTGGATCCCGAGATCGTGTAGGCTTGCAGAGAGTGTTCCAATCAGGATTACAAACGCTCAGATCGGACTTTTAAGCCAACGTCGTCCGCACTGACAGAAGATGTGTTACAAGTGAGCCAAAGTAACACACCAATATTCTCGTAACATTCCACCGGGCAGACCGACATAGCTTCACTACCATGTAGTGGGCATACCAGAGTCGCCTTCGGTTCATAGCGGGTATGGGAGCTGCTCAGCGGCCTGTATCCCAAGCGTTTGGATTTGCGTGCCCGCTAACATGGACCTTAAACTTAGCGCATAATTTCAGGTCTTTAGATACGCACTACCGGCTGATCGAACCTGGTTTGTGCCTAGGATCAATTGCAATTCTCCCAGATAATAGGTTGGGGGCCACTTCACAGACAAGTGTGTGAGACATTGCGTCATGACGACCGTCCGCGAGCAGCTTTTCCGGTTCGGCTATGGAGAGACGGGGTCGTGCGTGTTGAAGACAAGGCAGTCGTCAAAGTAGCTACAAGGGATCACTGTACATCGCTATGTGGGACACCGATGCTAGGACACATCTCATCCAGAACTGCCAATTCTAACGGCACACAGCAATTTCGTGGTTAGAACAGCGAAATCCGGCCATAGAGAATTCCTCGTCACCCGAAAGTTGCTCGAATTCCGCGCTCTCTTCAGGTGTCCTGATGTGAGGCTTTATCGTCGAGTAGGCGTTCACCGTCAATATCACTTGCTGACGTCCACCAGCGGACTTCTCTTATCCCTGTATGGCTAAGTCCGTCCTTTCCTGTTAAGTTTTTAAGTTCTTCCGTCCTGCAGCGCCAGTATCCCGTTTATCGTTTATCATGTTAAACGGAGCCGGGAGCCCTGTATGACAAGCTCGCATTAAACCTCAGAACCCCGAAGAGGCGCTGCGCAATTGGTAGGCAAGGGATTAAATATTCGCTTGAATCACGCCTTATGTCCCGATCACGAGCTGATAAGCCGCACATGGGCTACCACGCGATGGCTGTCTGGAGGTACCCTATAGGTGGCGGCTGTTATTTGGGTGAGACATGAGTGTCGTTGAGTATTTGGTAAGGAATGTGTAATTCTCTGCCGACAATGTGAAGCAAGCCAACAACTTGACTTACCTAGAGCCCATCGAGATTATAGCTTATATAACAGTGAATCTTTGTCGTTGGGTTATGAAGGATTTACCAGGCTACCCTCACCGGTTTGTATTCTAGACCTATGCTTT,1435,50.31,Caenorhabditis elegans
SEQ_460357,AGTGACACGCATAAATAGAAGCTAGAGCGGCCAACATTCGCCGCATCGTTTAAAACTTAAAACTACTAATGGAATAGACTAGGTGGGGACCACGAATACTCTTTGCAATACGGCTTGTCCTCGCGTGGCTAGGGACCGTAGAACTTTTTCGCCATAAGAGCGCACCGGTGGGGGCCGGGAGGTCCCCGTACGCTAACATAACACTTATGATAGTGCGCTCAAGCGCTGTAAGGTGACCTGTCCGCATCTGGTCAGAGGGTATAGGGGCGCCGATAACCTATATCCATGCGGGATCATATCCCTAATCGCTGTCGTAGAACCATCCATGCTCTACGAAGAGCTTGAACGTATCTTTGTCAGACTACAGAGCAATAATAATGTCATGGGCGTGACTCACGGTTACTGAT,407,49.63,Homo sapiens
SEQ_768546,GTTCGGTGCGAGATGCACAATGCAAATCCCGGCTGTAGCGACCTCAAAGTTATGACACATGTCGTGGTCCGGCCTGACAACGGTCGCGGCTTGCCAATCCCGTGCGATCATTTGAAAGATCGGTCGGAAGGCTTGTGAGGGGCCTATGTAGGAACTCTGTGGGTGTCACTAAAAGTGAAAGTTGGCAACAGGCCAGCTCGTCTAAGCCCGGAAGGCCCTCTCGGGTGGGTCGGCTCAGCATTAGCCACATCTCGCGACCGAGGCTAGCGGGGCAACACTAAACTGGGTGACAATCCCGCCTGCCCAGCCAAAATCCGGTCATCAAGAGGTCACAGCAGTACAAAAGGGAGTGC,353,56.66,Escherichia coli
SEQ_270534,TAAACTGAATCTACAAAGCCAGCATGAGCAGTTATCAGACCTAAGACGTACAATACGGCGGCGTTCGAGGAGTAGATCATTTGTTCGGAACGATGGCATTCGAACATACCCACGGTCTCCCCATATGTGTCGCCTGCGCCTACATGTCTCCTGTAAATTGCACATAGCGACAGACGCAAATCTGAACCGTTACAATTGGAGTTAGTCAGATAACCCCTTAGAGAAAGGCGTCTAGAGTCTTGAGGCCCCTCCTTGAACGTTATACTTGTCGGACATGCCTTGTTCCGACGCCGAATCCTAAGAATAGAAAATACTTGATGCATCTGGCGAACAAGATGGCCAAACGCACAGTCCGGTCGACATCTGTTCTTGTATGTCTGGCGTCCGCACCCAGAAGCTCAGAACGAATCGGGTTCCCAGTATTCGCCTCTTGGTTTTCGATCTAAATGTGAAGATGTGAAAGTACTCCGTCGTCGGAGCCATGATGGATGACGCGCCATTTGCCATTACCACAACGCTCATATCAGAGCACCACTGTCAAGTCATCGTCGTGCGAGTCTCTACCGTCTCGAACACCGAATTCAGGTAGTCGCCCTAGTGACGGCAGTTGCCGGAGATTCCGCAGTCTGGGTTTCCGTTTGTAGACCGAAGCTATCGTTTCGTCACAAATTGGGGGTCACTCCCGCTCTGAGTAAGCATACGGTTTGGTTTGAAACCTAACGGTTTATAATGTCTGCGTGCCAATACACACACAATAGACAACATCAGCATATCGAGCCTAATCTTTGGCCGCGGCGTTGTTCTAACGCCATGAGACCTAAAGCGGAGACCGCGAATCAGGGCCGCCCTTGTAGGAGTACTGCGAGGGAAACAACAAAGACAGATCATCGGGGCCCGCTCTCCTATAGTGCATCGAGCTGGTTACGGATAACGTCTGGAGTCAGGACACACCGACGAACAGCACTGCCAAACTCGCTGCGATCGATTTGACCATGACCAACTGAAGGCGTTGGCTAGGTATGTAACTCGTCGCCTCGGCTTTTCTCGCCATTGCTAAGGCTTGACGCGGTCATATGAGGTTAATTCCGCATCGAAGTGGCCCCCCCTGTGGCGTGAAGTGAACGTTGATCAACACTTGCAGCGGATGGAGA,1151,50.91,Arabidopsis thaliana
SEQ_189732,AGTTTGGTCTGAATGGCTATGATTCAAACCGTTGGGCTTGTCCCCACTGCAGATGATCGCTTCTGCAAGCCTGATCCAACTGAGACCCGGCCTTCCGTTCCCCGACGGCGCCCCGTCCATATCGCAGAGCCGGTTGCTAATTGTGACGGTAGAGGGTGATCAGATAACTATATTGCGAATTGAAGTGTTCAACTGAGGCGACGGTACTGAGCAATACACCTTATCGTCCTAACCTATGCCTGAATAATAATCCCATCATGTTAGAATGTTAACGTGCCCGATTCCTATGTATAAGGTTCAACAGCCTGTCGACGCTGGCTCGATTATCACATGTCGGCTTGCGCGCCTCGACGCCACGAGCGGCATAGAAACTGAGATAGCAGAGAAGGGGACGCGATATCTATGCACATATCTGTAGGGGAGTCTGGTAGGTACGTTGAGATATCTCAATACACGGCGGAAACTAGGACGCTCCACCTTAGCGTTGCGTAGACGTATGGACCATTACTTGGGTTATGAACTCTCAGCGAACTGGAGATCCACACGTCCAGCCGGGCCGCGCGGGATGCATGTACATGTCATACCCCTACTGAGCTTCCAGATCGTGGTTATAAGGATCAATGAGGACTACCCACTTAGGGTGGCACCTAGTCTTAGGAAATTATGGGAAACCGCTAGTACATACTAAGCTTCCGCGGCAAGAGTGTATCAATAGGCCCGACTACAGCGATGATGCGAAGAGCCAAGCATTCTGATGTCAAAACATGCGAGATGCTAGGATACCAGCGTTATTCGATTCTAGGTTACCTTGCTGCGAAGGATTATTTTAGGCGCTCTGTTACCATGATAATCTGGAAGCATATCCACAAACGTATACCTGACACTCGCCGATGAAATCACTCCGGATCGTACGAATATATCCTTGAGCGTTCTGGCGTATTCCAACAGGGGTTCTAAAAGATGACCGTTATCCATGGACCGCTTATCGCAGCTATCAAGTCGAGACCGAAAAGATTGCTAAACATCATGATTTCACGTTCTACAGCCTGTCCGGCGAACGCGCCCTTCGACTTCATTACCTCGCCATACATTGCACGTACCAACTCTAAAGACAACAACCAGAGATTGCAGCTCAGATCACGCGAAGCCGAGCAAGGATCGGTAGGTAGAGCAGACAGATCCAATTGCCGCGTACACTGACGGACCTCTATGACCGCCTTTTTCCGGTCAGCTGCCTCGGACACGCAGCGCTGTATGGCATCGGACCAAATCGCGACGTAAAATGGGTGAGAACTCGTGCAACTTCCCCGCTATAACCCGAACCGCTCCCTCTTCCCTCGCATTGTGCCGACCTGTACACGTTTTGTTACGCTACGCAGATGTCTGCGCTTTTAGCAGCATTCCTGTGAAAACCGGTGATCTGCTTCCAGGACGGAACTGCAGTGTCACAAATCCCGATATACCTTTTTTCCATTGACGGTGCTTGTAAGCTTGCGTCGCACCCTTGGAACAGCAAGATTCCTCCATCCTCCGAGCGGTGGTAAATTAAGGCTATTTGTACGAACATACGTCTCTCAGAATGAGCCCACAGCAATTATGATTCGCCTGAGCCTTCGTCCAGATTGTGATATTTTCAGCTACCGTTCCGTTTGACGTATGCGGCCAGAAATTACAACCGATTTATATCG,1688,49.82,Saccharomyces cerevisiae
SEQ_132314,AGAGAAGATACAACACCCCTCTCGGCTCCCCTCACGTCGTGAGAGCGACCGAATTAATCGGAGTTGTAGACAAACTTTTCTCTCCTCTTTACAACCGTTTCTTGCAGGCGGCTATTTACGGCTATCAATCCCCAATAACCGAGCGACGCAGCTGTCCACAAAGCACCACATTCTATAATTGGAAATCAGAATTTCCATGGAACGATATAAAACGGGTCTGGGAAATATCAGTTGTGGGTCTTGTCCCTTGTGTTGATGATATAGCAGCCAGTGCAAAAATAGGGCCTGTGGTCTAATCATGGGTAAGGAGTCAATACTTCGGTTTATATGATTACTATTGTCTGGACAGTGCCACTGATCACCACGAATACAGACC,376,45.48,Drosophila melanogaster
SEQ_857073,TGACCTGTCCAAACACACTCTCTCAGGCTCGATTCCACTCTAATATGCCCATTCAGAGTTTTAAGTCAAATTTCCCAGTCACGGCCCCGTCATCGTCATAATACTGAGATGGTCCATCAAAGAGCGTGGTAAGCCGAACAGTAGGGATATCAGACTCAAAAACCTTCGTGAAGCAGAAGAAGGCGCATGAGTAAGCTAACAATGCTCGACAGTGGAAGTCGCGCATTATGGTGAACCGTCTGAACCCGATACACGGGGACTCCCACCATGACGAGAACTCACCGGTGATTTTCGGGACCTGCCCTTTCTTGGCATTGCTTTCCAAGCCTAACGCGCATTAGCAACACACGCCCTTTATAAATACTTAGTAACCACGAAGGAGTTGGCATTCTCTGACGCGGCTTATCGCGCCGCGAGAGGAGTGGCATCGGCCGAACGCCAAACGCGAGTCAATTTGCTAGTGTCCTTCGTGGGCGAACGGGTCGGGGTTTTTTGGACCCCATCTAAGTCTGTCTATAAGTCGTATAAGGGTGGAACCTGAAAAACAAAACAATAGCTATGCGAAGGACGTCCTGCGCTCTATTCTTACTCGTCGGCCAAATTCATCTAGCGCCGGCTCCGGCTACGGCTTAACGAGTGCAGCTTATCTTCAAACGTCTTTGCTTTTGGCTCTTACTAACAGTGTGTCTGCCGTGAGTGACGTGGGGATGTCTAAGGTTACAAACTGAATGACCAGAATCGGCCTCGGCATGATAATCCCGTAGGGAATTGGGCTGAGCGTAAAGGAGTGCATCTGTGGTTACTGGGAGCCAGAAGACCAATTACGCTCCCGCGGAGGTCGTCATAGCGTTACTCAAATAGTTTTGATGGGAAGGACACTTATGCACAACGCATTGCCCTTATTACTGGGAGTCAGGGGTTGGGTCCGTGAGTTTCGTTATAGACGTTTGTCGTTTACCACCGAAATAAGATAGAGCCACCATTTGGAAGCTAGCGGTTAGTCAGGCGGGTGCTTGGGGCAGGCGGCGGGTCCCGGTCCCAGGATTCAAAGGTCCGCTATTCTTTCTGTACTAGATTTTACCTACCGTGTAAGATAATGCGGCGTCTCTTAAACAGTAGCCGACCAGTTCAGCCATGAGGATGCGCGTCCTTGATCTTTGCGGGCATAATAAGTGGAGACGTGGTCAATCTTTGCTAGATGGGTCGCCGCCATCCGTGCATGTCTTAAGCGGGAATGTTAGGTAGCGAGCACGGCCGGCTACGCTATACTGCGGGGCCAGCCTCCAGACCCCCTGCTGCTGGTGCCTTCAGAGCCCGATAGGGGTATACGAGTCTCCTCAGTCCCCACAGCAACTTCCACTGGCCAATGTTAGCCTAAGCAGAGGCGAAGGACCCGATCTGACTTTGAAGGAGCAAACTAATACCGGCTACTTAAGGAACCCCCTCCCATATTCTTTGCGGTGG,1464,51.64,Caenorhabditis elegans
SEQ_956192,TGGTCCCAGGGAAGACCACGTTATCCTGTCATGGTTCTTACATAGGACTTTTATCCGGGCATCTCAATCCCCGTTTACGAGAAGGCAACTCTACACTATTGCGCAGCTCGGATGATCATATACGTGCGGATAATGCGGATGCAAGAACTTTACCCGACCACTGTACTAGCTCTTCTTCAATGAGCGCCCCTCTCGACTGACGGATGAAGAGAAGACGCAAATAAGTACGCAGAGCCGAGGGCCAGCGGGGGCCTGGAAGTTTGCCCACCCCTAATTTTAGTTTGCCGCCTAGGCGAGACCCGGTAATTGGTCAGGAATCGGAGCCTATTCCGTCAACAACTTTCGCCGGTGTCCCGACGGCTTTAAACGTGGCGCTTGGTCTTCGTGAGTCCCTGCTGACCTTACTTTTGCTACCATCATGAAACGGCAGCCAAGTTAAGTCCGGGCCTTAATTCTGCGACAGTGTCGGAACAGCGTTACGTGGAAAACGCTTAGACTGGTACGATTGTTTAGAATTGAACCCCTCGATTGTATTGCGAATGCAGCTTGTGGGACATGCATCGAGGAAGGGAAGTGGAGTAAACTTACGTACACAGAGCAGAAGAGACTGATCCGCAACTAGGCAATCGAGTTAGGACGCACCGCCCGTATATGGGGCTTGTTCCACTGCTAAGGGACAAAAGTCGCGACTGGAATTGTGCGATACTTTATACGCGAGTATCTATCCAACCAGCTAACGTTATTGGGGATCGTGCGTTCGCCCTGATTAACTACCATAAGGGTCCGAAAAGGTATAGTTCCTCTCTGACTGCTTCGCTCAAACCATAGTTCTCTCCCAGT,840,50.6,Arabidopsis thaliana
SEQ_786828,CTAGGTGACAGTTCCGCTATGGCGCCCGTATCGTACTCATCGCATCAAATCCTACCTACCGTTAGCGCCATCTCTCTAGAGACAAGTAACGGAAACTTAACGTCCTACGCCGTGCACGCGCCTTGACCTGACGCACCTTTTCGATACACCCAGATTAAGTCAGCAAGTAACGTCGAACCCGTCGCTTATTACGTGCGGGTGACGCAAATCGCGTGTTGTTAGTAGTGCGTCATTGAAGATACATACTAGGGACCTCACGGAGTCGAATCAGTAACGAAATTGGGGACTGCTATTGCGGTATATGATGGGTCTCAGAGAAGAATCGGTGGAACTAGCCACAATGCCTCATTCCGGATGTTATACGTGTTAGTAGGAACTCAGACCTCTACATTTCTACCGAGCTGGCAGATTG,412,49.51,Arabidopsis thaliana
SEQ_750153,GGCAGTCGGGCGAGGATATATCTACCAAATAAGGGCCCGACCCGGTGCCGCTTGAACGGCAGATACCATTCAGTTGATCCGGGCTCTTAAAGAGTCACACCTCCTGCCGGGTAACTTCCATGAATAAGACGTGACCGTAACATGGTGCGCTCAGAGTGCTATCTGATCGAATCCTCTGTAGCGCTGAGCCCACCGCACATTTGCTCGGCATAGAGGGTACGGCCGTAGATGTTGATGAGATTAAGCAAAATCGGCGCGACCTCAGTTATAGAAGTTGCCCG,281,53.38,Caenorhabditis elegans
SEQ_442802,CTGACCTGTGTCGGCATATCTACAATACGGTCATAGTCACTGTGCCAGAGACCTACTAGCTGTAAGAGCTCACGGACTACAAAAGTCACAATTGAGCGTAGGGGCTATAGTTTTCTCACCGCAGGTCCACTTACTGGTCCAGTGCCGCGAGTGGTTGACATTCCCTACTGGACGGTGCAAAGCCGCGTTATATAAGGTCTGTATTTCCGGGGGTGAGAAAGGTCCCGGATCTCGGTAATCGAGTCGTAATCTATGGAGCAAGTAAAGTGCGGCCCCGGTAACCCGTAGACTTTTCTGTCTGTCTGTAGGGCGTAAGATGAGGTTCATATTAAGTCTCAGAACATGTCCAGAGCATCGTCAACACCCCCTAACTATAGCGCGGCATGCCACAAGTCGTTATGCAAGCTAAGCTCCCACGGTATCCCTGTTAAAGATGATAGGTCAGGGCGCTAAGTGCTGGTCCACACAGCTTCCCACTCCGGCACGCAGCCATTTAGAGGGTGTTCGCGAACACCTTATAATTTCTGGTCAAGAGTCCCAGCTCGGCATACCCGCGCCTCTCAGACGGCGCACGCTCTAATGGGATTGGTAATCTGTTCGCCTGGCATCGTCCAAATGTGATTAGGAAGCATCGGAAGAGAGTCCCTTTAACGGAGGTCACTTCCAAGCCGCGACCGGGTCGAGAAGTCTACTTTAACGGTATATCAGGAGTAACTGAACTGCGTTCCTCACTTGCCCCGGGGCTCACCGTGCTTCATTGAGAGAGTCACCTGTGACCTTGTACATGGCATTAGCACGTCCGGATCCTGGTACGAGATAGAAT,823,51.88,Arabidopsis thaliana
SEQ_116240,GCAAGTTAACAGTCGCTTAGTGTCAGCGGCTTGTCTATTCTCGAACCTAATATTTCCTCGACCGCCTAATTATCACGACAACCTATGTGCCTGTTCCCCCGCTCCGGAGAGCACGGTCAACTAAGCATCTGTGCGGAGCGTTAGACATAATGTGACGACTTACATTATACGCCGCATTCGTCATAATGCGCACCGCACCTCGGCCCTCACCTTCCGCCTAGAGGATGCATGGAAAGGACTAACTCGACTAAATTCTACATATATTAACGCATGAGCACATAATGCCAGACACCCGCAGGAACTCTAGGCTTTCAGAGTCCTAGGAGCTACAAGATGCTTCAGCGGGAGATACCGGATGCTTTCGCGTCTACGTATGGATCTGAATTCAGAGCGGTGCTCCACAAGGGAGTTCGGCTCGAATCCCTCCGCGACAGCCAAAAGGCGTACATAGCATTCCCGAGGTCGCAAAGTTCTAGTGTCGTTCTACCTACATAATTAAAGCTCGTTCGAAAGTAGTATCACAACCCACCACCTGTCTTTAAAAATCGGGACAATCCAGGATCGAATTCGTTTCTCCTAAGTGCCGTGCCCAGTGCCGCCCTCTGAATTCCCCCCAGAAACATCGTGGGTGCGCTCCCCACAGGCCAATACCTCTC,656,50.91,Caenorhabditis elegans
SEQ_671199,AAGTAGTCCTAGCACGGTGAAGTCGGATTCGTTCGTTCCCCTTTCCCTTTGGGAGCTAATGGGTCAAGACGAACGGCTACCATCAGCTTCGTCCTATGTATATCATATCACATTGACCCTCGCGAATAGCCTCAATTTTAGTTCTCCGGCCCTATATCTATCGCATCTAAACTAACAGAGTGCGAGCACCGAGTATAACAGACCACTTGTGCGTCAGACCCACATGTCGATGCAGTTAGAGCCGATTCGCTCGCCTCTCTTTTCTTGATGGGTCTACCGTGAACTTCGGAGGAAACAGAGCTCCTCGACATACCACCGGGAATGCGGAGAGAACTAACGCCAGCCACCAAATACCGGGCATCAGGGACATTAAACACTCTGCAGAACATGTCGAACGAATTATTCGGATCCCCAGGCAAACCAACCTCTTCAAGCGCGAGATCAATGTGAGTTGGTGGCTGGTGGCGGCGCAGCTTAGGGCATAGCGCGTTGTGACAGGGGTGAGCATCCTATATCAACCACCAAACGGGCCGACCGTCGGTAGCGGACTTATCAGTCACAAATCGAACTATTAATTACAGTTTTTGCATGTGAGTGGCCATTTGTTCGGACACTAATGTAGGCATCTCCGTACAATAACCCTGGTGAGGTTCTCTGTCACATCGTGGGCGCTAAGCGGTAAGCGATGCACGCTCTCTGTGCCATAGTGACTGCTACTGGGTGTGTCTGATTGTACTATTATACTCTCCGTTGATCAGACCCATAGGCCAGTACGGTAGAAGGGTGAGACGCATGTCAGATTGAGTCCAAGGGGTGATAAAATTAAAAAGGTGGGCGAGCGAAGAATCTCATAGTGGATGGGACCGTTATTCTGTAGGTAAGTTGGAATTTAGCGTTCTGCTTATGTGTGGATGCCTCAATGTGGACGACTCCTCAGACCCCGAAGTGGTACGGTGTAAATTAAATTAACATTAAAATCATGGTGGTCGGACCTGCGACTGCCAAGCGGCCAGCAAACTGCGGGACAGGGGGTACGAAAGATACGGGGAGGCTCGACTGGCGGGTTAAACCCCCGTTAGAGACTTACTTCCACACTTAAGAGCAACTCAGTCCCGGGTTACTTACGCCCCTGGAGTTATATCTGATGGTTGGTATGACCACCTATATTGGCTTAGTGGCGACATGCATAATATCTCGCTGACTGAGGGCTGATCGGCTCCCATCATCACTAATTGCCACGTGACCTGCCGTCAAACGCCAGGTTACAGGGCAGATTTCAATAATCATCGCTGAGTATAACGAGAGCACTGCGATCGCACAAATGCAGCTTTTTTGATTCCGGTTGAACGGAAATTGCGCTCTGTACGCCCGACCCGACTAGGTGTGTAACCTATCCGTGACCCT,1404,50.14,Caenorhabditis elegans
SEQ_783233,AAATACAGGAGGACGCGCAATAAGCGACGGGAATCACAACGAGGTAAATTGCGCCCGTATTGATCCACCCTGGCTAAGTTGAACGTACTTCAATCGTCACTACAAAGAACGATTATTGCGCATAAAGTAAGACCCAGGTACCGGGACGCGGCTCACGGCGAGCTGCCGTTGCGTAAACCACGACAACGAGTGGTTTTCATACGACGACATAATGTTGAGACGTGCTATACAAATAATTGACACGTAGTGTTTGTAGTAGTCAGCACCGCTTTGACCGGGGAACCCCACTATTACTACAACATTAGTAGAGAGGTGCGTGACCTCAGTCATCTTCAGGGCGAACGCTTTCGCCACCACCGTACGTGAAGTGTGTAGTTGGTAAAGACGTCGAACAAAAAACGGATTTCTGAAGTGCCTATAATCTCCAGGAGGGCCTATGTGACTAGTATACCGAAAACGGATACCATGTGATACGTGCTTTCTAAGCTCCTGTGCTGGATGCGCATAAGCATAGCAGCTGGTATGTAGAGCCCACTTAGCAAATTCAGTTATAAGCAGGTACTCTATTACCCGACCACGTCGTAATAGAAACGCTGGTCTCGGGCGGATCTCAAACGGGATACTCGCGCAACCTCGCAGCGGGTTGTGACTAGTGGGCTAGGAGGATTGGGGTTTGAGATGTCATCCCATGGTGGTCCGCGGGGTTACAAATCGTACACGATGTTAGCCACATATTTTTCAGATGAGCCTCGATCCTTCTGAGTCTAAGCCACAAGTTCACGCAAATTCCTCATGGAGAGCCGATGCCCTATGG,814,49.14,Arabidopsis thaliana
SEQ_579224,GCTGATCCTTACCGGCTAAAACTTATATGGATAAGTAGCAAGCCGCGCCACATGCGCCCAGTTCTAGCCTTATCGGAGGTCCGTGAACGTTTTCCGGCTTCGATTGTTCGCCGCTCGTGAGCAAACCCTTCCTTCTGGTGACGGATTACTGCGTGCGAGCAGCCGCATGAATAACTTTAAAGTGCCTTAGCTCACACTTTCGTTATAAGCGTATTCGGAACGAGGGCTGAGTAAGGTGACCCCGGCGCCGCGTCTCGAACTGCGTGCCGTTCTAGCCTTTTGCCTACTTGCACGTATGAGATTGCCCTAAGCCGGCTTCGCTATAAGCTTACACATAGGGGCTGACTCCCACGCCAACCAGCGGTGATGGAGTCCAATGGGTCCATTTGTTAGACTTTATCTTCTATTCCCAGGGTGTGATCACCCTCATAAGTGGCCATTAGTAGGTTCAAACTGATCAGGCCCAGCTGTACATGGTTGAGGTGAGTCGGGCGTCTGGATTCGGTTAACCGCCGTACTGCGCGTAGATATTTCAGTTCTCTACATCGTCGCTCTAAGCTGTCCGCGCGCACCTCTGTGAGCTCGTTACTTGAGCTGGTTAAAAGCGAACAGCTTGCGTGTTTCAGTAACCTTGAATGGGCAATGCGATTTAATCCCATTTGTCCTACCTTTCAGAAGGTAGTGCCTTGATGCAATCACCGTTCACTCACCTACGCACGTGAACGTCGTGGGAATAGTCTGAGGCACGCTGCCCACATGTCGAGTTACTGGACATGTTAGGGCGTCCCTACGCACCGATATTAGTGGTGGTGGGCGTTTTACGTGAGTGGCCAAATTATGTGCGCACCGTTATTCTATCACGTCACGCGCTGTATTTGTCAAGAGGTGCCCCCGAATCCGGTCCATTCCCTAGCCTGAATACAAGTTATGAGAACGATTCCACAATTGGACGCTGTCCACAAACTTGAGGATGCTTTATCTAGAAGCGTTACTTTAGAGTTTGTCTGTCTAGCGTGAGTCTTGTGTCTGCAACAACATAGTCAAATGGAGAGACGCCTACGCATCGTTGCAGCCAGCTTATCCAAAAGCTCCTCGTTTATCTCACTAAAGCCCATACTATGGCGTAGGATGCAACTGGCGTCCGTCATAGGAGCAGAGTATACTCCAGGAGTAGCCCCATAAGCAACTGCTGTGGTGGGGCCGCGCCCAACGCGCTGCCTTGCGAACTTCACTGCCGGGAATCCTGGGACTAGGCTTCTGGCGGTTTCACAGCTTGTGGGACGAAAGCCCTACGCAAACATAGGGCCTCTCTATTGCACCCGTACATTCTATGGGCTAAGCAGCCGGCAGTAGCGAGAGACGATCTACCCTTAGTAACTCGCACCGTTACACGCAACGATCAGATGTACACGGGAAGGCGATCCTCCCGTCTAATTCTGAATAGCCTCATCGTGACCCAAAGTGAATGTTTCAAAATGTATGTGCAGCATTGGCAATGGTTATAGCGCATTACCCTTAGACGTGAAGGAGAGCATACAAACATGGAGAGGAATATTGACAATTTTACCGCCGTTCCATCCCCC,1583,51.11,Escherichia coli
SEQ_142226,AAATACAATGGTCATGGTAAATTTGTAACTGGGGCGGAACCCTAACTCTCTTGGTGGGGAGATACTCCCCGGCGGAATAGATGTGAGAACTCATAGATAAGTTTGCGAGACAGTACGCAAACATAAGCTAGGGGCGAGACCTGAGCTAGAGAGGGACTGTAGACTTAAATATATGTCTCAGCATATAAGTGGTTGTCGTTAGGCGAAAATTGCGACCTCACGTAGCATGCGAACTGTACCGCCATCTGTATCGTTACGGACGCCTGTTTTTTTCCAGTAAAACCATGTTTACTGGGATTGGGCAAGGTTCTCTGGGTTTGGTACCATACGCATGCAACCATTGACCTTGGCTGGATAAGCCTACTGCGTGCCACGTGTCTCTAACTTAGTTGCAGGAGTCGATAGCAGCACTGCGGAAAGTCTACTTCGGGCGCCGAAATTTCACAGTTCAAGTTGCAGTAACCATAGCATCGTGGACCCTCGACATTTTCTGAGCTTAGTAACAATTCCGCTTCTGCCCGAAGGTTGAACCGTTTTTTTGCCGCCGTGTACAGCCTACCGGTTCACCCCTGTATGGATGTGGACTCTACGATGTCGCTATTTCGATTACTGCTCCCTAAAGTTGACGAGTAAACTCCTATTGCTGCTTCAATTTTTAGGCCTTAGTGTGTGGACTTCAGCGCATAAGTCACCAAGGGTCAACTGACGCTCCACGCCCGGCATCATTTATACTGTGGTGCCGTGTGGGAGGCGCGAACTACCCTGGGACGTTTTCATAGCATATCTCCAATTTACACGGAATAACCGATCTTTCCTTCGACCGCGTTTATTCTCCGTGCTACGTCCAGTCAGCCCCGAATAGAAATTGCCACGACAAGGTATAACCTTTAGCAAACTCACATGGAGTTGTGTCGTCAGTTCTCGCTTAACGTGTACTAGAGGCTTTAAACCGTCCACTTGTTGCCTCGCGCACCCGAACCACGTACCGCGGCCTGGACGAAGACGCATCGGGTAACTGGGCTGAATTGCCGCGCTATGATGGGGGACGGTAGCTCACATTTCTAGCCGAATAGGCCATTCTGCCGAGATATCAGGCTAAAATCGGAAATCCCGTTTGTGCAATATAGGGTGAGCCCGGCCGTCTACGGATAATGGATTCAATGTTTTGACTCAGTGATAACAGGCCCCGAGTGGCATTCCGCCCCCGTGTCTCCCGCGAATCTGAGAGCTATGTCAGCCGATTAGTCAACGCAGATGATGAGTAAGTGTCACGCTAGTGATCATAAGTCGAGTAATTAACTGTCGATAGCATGAGGGCCCATTGTACATGAGAACGTCTGTTCAAGCTGTTCGCAAGCCCTCCGTGATACGAACGATCTCAGTTAATGGACCGACGCCTTACATCTTGATTGGATATACCTAGTGACTCCCCATGGAAACCGGCCTGAGAACTGTTACGTTACCTATGCTTCATGGTGTATACAAGGGAGTATCCTAGACTGGGTCTAATGACCGCAAGAAGAAAGATTCCGTCCGATCCGTCTACGTAGAGGATGTTGTGTACGGCTATTGGATCGCGGGGTCCTGAGCGTTTCTTTGGGTCTAGTGGTGTCGCTGTATTATGCTGGCCATGGAAGAACTATCCCCTAGTTT,1653,49.3,Escherichia coli
SEQ_752910,GATCAGGGAAAACGCGTACTGTGATGGTTTCCTTCAAGGATTACATCATACACCCACATTACGGTGGCCGAATTATCGAGATACCACGTGTCCTTGGCATCCGGACGCATCTCAGCCCTTAAGCCTAGGGAGCCAATCACTTGGCTAAAGAAGACGACTGTATTCGCGGCTGCTAGCTCTTCATGCTCTACTTGCGATTGACTAAACAAGAACGAAAACTATTCGGAATGCCCAAAATTCGGGGATCCCCTATAGATAGCTGTGATACAGCAGTGATATTACGCGACTAACACCTTTCCCCTGGAACTCTGCGATTATCCCTTACCGCCGGAACTTAAGTGAAATCCTCCCGCTAACAGGAGCAAGGACAACGGTTAACAAACGCTACTGGGCTGTCCTGTCAATTCGAACCATGACGGCACTAAGCTGTGTCTGTGTCGACCCACCATCTTCTCGCATTGATATCTGATGGCGAATCGTAATTCCGCCCATGACCTCTATTGGGACCCCCCGGCGTTCTAAAACGAAGGCTTAGTTTCTTGAATTGGGAATATGCTCTAATGGACGGGACTTCGTGCTCGGACAACTTGACTAAGGCGACCTTGCAGCCAAAGACCAGGTCGTGCCTACACGTCGTTTAAGCACCTTATGAGAGCGAGGGCTAGTAAATCGCTAGTTACAGATGTCCTACTACATGATCATAGGAAGCCTGTTGCGCTCGTCTGCCGAGTTACCCAGCAGTATACAAAGCGTACATATCGATATTAATTTCATTGGCCTGTACGTGAACGACGGTATCAGGAGGTGGCTGGTCAGAC,818,49.02,Escherichia coli
SEQ_259225,TCGCATAAGGACGCGACAGCCTACTGTCAACGCGTGCATTGCATGCTAGGTGACTAGATGACGCACAGATTTTGTCGGCCCATGTACGCTCCGCATTCCTTAGTCGGGTCTTAACAGTTTTGCAAGCTTTCGCCCGCCAATAGCAGCGTGGTTGCTGGCCTAGAGGTCAAAATTTTCAATGCCGCTGACTAAGCAAATCAGGTGGGTGAACGCTAGGCCCCCTCCCACTTTGGTTGCTGCGATCGCAGAGACTATCCAACCGACATCTCAACACTGATATAGCTGACAATCTATTTTAAGGCAAATTAATTATGAACGTATGTTCTCCACCAGCCAGAGACAATTTGGGTAGGTTCAGCCAGCGAAAAGAGTAGCAGGTAAATGGGCGCGAGACGGCGTCCATGCGGTTGGTTTACTGCTTGGACCGTTGCCTGGAGCATTAGGCGAGTCAGTAGTGGGCGTGATACTTTACTCCGAGCGTGTGAGGCAAAAACCGCCCAGTATGTATACACCTGCGCATACCATCCTAAATGATGAGTCACGGCGCTATAGCATAAGGCTGTCACTACGTTTGAACGTCACGACCGCTCGGTACTTATATACAACGCCATTAGTTGAGCACTCCTATAATGGATTATTCTGCTATCGCTCCCACAAATCTTAGTTGATCATTCCAGAGCTCATGAACTTGACAAATTCGAGGTTTACGCGGTAATAGAAGAAATACTGGCGAGGCGCCAGATCTATTAAATATTAGGGCGTCATTCTATCGTGCTCAAGAGAGGAATAGTACCCAAGTAGGAGGTCATGGTGTCAAGATAACGCTCACGATCGCAATCCTCCGAGAACGGTCAATTCTAGTGGGTTCCGTAATCTATCCCACGTGTGTTAGGGAGCAGGGCTATTGTGGAGAATAAGTCGAGGGATCAGGTATATATTTTATTTTGCGACCAAGACACCCATCGGACCGCCCTTTGTTAATGACCGGCAATCCTTTATAGTATGGTCGATTGAGTGCTCACAAGTCTACGCGTGTCTAGCGAGGTCGGGCGAGCGATCTTGACCAACCCTGGGCCCCGGAGCATGATGTTTTAATATGAAGATCAAGGCCCGTGTCGATGGGGTACATTTGGCGGACCCCTTTATCAACTCTGGAACCATTTCATACATTGTTGTCGAGTAAGTCAGGGTGAACTCGAATTTTTTGCATAGTGGTCCTGATTGCCAAAAAAG,1233,48.26,Arabidopsis thaliana
SEQ_622789,GTGCTATCGATTTATATGCCGCAAATATGATCGCAGAATGGTGCCTATCCGCACTACCTGGTCACCTTGATGTTGACAAGACTGTTATTGAATGAGGCGATTAAAATAAGACAGGCAAAGCGCCCTGACCAGGCTTACCACAGCAGACACACTAGTGCTGGTGGATGGTCCACCCCGGATCAGCTATAAAAGTCCCACAGCCCAATGTCGAGTTATCGGACCTCCAGTTACCCCCGCTTAGACACCGTAGAGGCGCTTCGCCCTAGCTAGTTTTACGCAACATTTGCCCTGTCGCGTGTGGACTAACGGCCGCTACCCCACCTCTCTGATGTATAAGCCTCCCTGTCTATAGATGGAATTGATTCGCCAGCTTCTGCGTGGACACCATTCAATGAATGTCGGTCTGTTCGTAAGGAACACTTCACCGATCGCACTCTACCGCAGCTTACGTTCTAGTGCTCCGGCTCGGTGCCCCGTCGCCGGAGACGTACCTGTATCCTAATTGACCACCCCCATTTAATAAGAACTTAACTTTGGACAAACATTCCAAATGTTTTTTTTGCAAGGACTATGAACCCGACCTGCTTTCTTCACGAACGATTTGGAAAGGTTTTCAAATTGACTGAATAGGCCCGAGGCGTAGGACGCGCGTGTTAGCTTTCTTTCCCTACGGTGTGTGACAGAACACCGCGTGCCGTTAGCCTGTTACCAGCTCCTCACCGTCCTAGTACAGATATAGATCTCACGTGGGTTATGCTTAGGCGGCAAAGGCTAGACGATGCCCGTGGCCGGGTGCAATTGAGTCCCGGCTATAGGCAAGTGCATTGTTTCAGCTGCAAGTCCGAGGATCGACGGGTCCGGGCGACGCCACCTACTATCGAAATGAGACCGGTAAGTGCCCGCCTGTGCCGCTTGGCGTTCCTACTAGTTGGGACCGTGAGACCAAGTCTGAAATGGAGTGCTGACCGGGAATGATAGCCCTGACAGAAACACAACGCGAATATTCGGTCTAATGGGTCCTCCGAGGGCCATTTCGCTCGTGTCCGGTAACAGGTACTCTCGAAGGTGAGCTGCGGGATGCATTCTTTATGCAGGTTGGACGTTGCCTAACAGGTATGGTCTGTGTCTGGATCTTATACCCGTCAAGACTTCGGGGGTGGACCACGTTTCGTATCCAGGTGAGTTCCAGGAGTGTTCCAAAGATAGTTTTAGTGTTTCTACTAGGATAGTCGGCACAGTAACCATACGAGAATATTACATCCCGTCCTAAGACGATCGTGCCGAAATAGCATAGGTACAAGGTGTCTATAATCAGTTCGTTGCTCCCGCGTACCAGGCTCCTGCGGAGAGATAAAAGAATCTGAATATTGAGCAATATAAATGCTCTTCGTCACCGGCGATCACGACTACACGCGTAACTAATCCACGCGTTCATTGGAGTCGTATGTGATGATACTTCGAAGTGTTTAGCGAATTCAGTCTCGAGGTAGTTTCCAATCATATTGACGTGTGCGATAACGAGAATTGTCGCGCACGCACCTGACAGAGGTTCAGGTGCGCTGCCGAAAAGTAACAGAAATATCATTATTCTTTGTCCATACACTTTTGAGGTAGGCTCAACGACTGCTAAATTCGATGCGCTTTTTAGGAATGGCCGAACAATCTGCACTTTCCAGCTCACCCGACTGCACACAAGATTGATGTATGATGGGGGTAAACACGTAAAACGGCCCTGGGTGACTCCTTTTCTTGACTTGCTCAAGGTGGAGCGTTGCAGTCGATCCTGCAACCGTGTTTCGACGTGCACATCTTTTTAACACTATCTAGATGGTTACCCCCGATATT,1845,49.81,Caenorhabditis elegans
SEQ_448749,CGACGGTTGGATTGTCACACAGAGTCAGGACAACCGGTTTCTCTGGCCCCTGGTTAACGGGCCGGGAGCCGATGAGACCAGGACTAAGGGGCACTACATGACTGTTTGATGACTGTCCGTCAGGGTGGTCAAAAGCGGCACTTGACGTCTCGTCTATGTTGCAACACAAAACGTGCTGGAAGCATAGATACCTTAGGGGAGTGATCCTTACAGAGGACAGTTGGGTCTTCACGGTTGTATGAACCGCCCAAGACAATGGGCTGGAGCCTCTACACTAGAGACTTCTTCTCCAACATCGACCGGTCATCGAGGTGGGGTCTTATTGGGGTTACTGACCGACATCCGATGAACGATCAACAGCTCCTAGGAAGGGCAAGTTGGTCGAGCGTTGTCGTAGGTGGGTATAATCCTTATTTTTGTGTGAATAGTATACAGGGACATCGTCGCTCCCCTTGTTATGCGCACGACCTAAAAGCTGTAACAGAAAACGCTACTCGTTAGAGGATAATGTGTGGGTGGGGTTCATCTAATATATCATAGTGTGACGCCGGTGATGCGTCGTCCTATTGTAGCAGAACCCCTTCCTTTGGGGAAATGCGTGTTAAGCGCGGCACCTAGTGGAGGAGGAGTGAAACCACGCTCTAGCTAGCGTTCGGGAGCCGGTCTGCCCAGCTTATGCCCCAGTGGGTGTAGAGGAATTAGGTACATAACTACGCAACTAACCTAATCACGAGGCAGACGTCCTCTACCCAACCAGGACATCTGTAGGCGGTGTACGGGCGTACCATAGACGCAGCTTATGGCATGTGTGTCGTGATCTGATTATTAGCCCATGTG,837,51.73,Arabidopsis thaliana
SEQ_729688,GGGACGAACGCTCCGGTAACAAGGTTCACGTCAGATGAGCAGGCACTCGCAATCCCCTACCGTCAGCAGTCAGACACCGCCATCTAGGGGAAGCCTGCCAAATTTTCCACGCATATGTGATAGATTGTAGAAGCATTCGCGAACCTAAGGGCTCTATCCCTCAACCATTAGCCACTGCTCTCCGGTTGCCGTTGTACTGGATGTCATACATATAGATTATGCGAGGAGTATTACTACTTAGTGAATTTCTCATATGTTCAACTTCTTCGGCTAGGATGCGATAAGATAGGCAATATTTTTCACTAAGCATGACCGATAATAAGGGTGGGGGAGAGGCTATAATAGATGCTATGGAGTTACTTTACATTATTCCCCCCGCAGCTACGACGCCCAATCGATCAGAAGGGCTGAAGCAGGGAAGCAACGTGAGGAAGCATTTAAAGTCCACACCTTTAAGGCCCAAGAGGGCGCAGCGCACTGAGATCTCCCATTGTCAGCCAAGCGCGAGCTCGACATCTGGCGCACGTTTTCTTTTGACATCCGTAGCCCATCAGGGGGCAAGAGTATTTCCGAACACGGGGTACAGACTTCCAGCACATGTGACAACAAACTCCTGCCACAAGTCCTACCAATTCTAATCTGGGATATATTCTTGGCTAGTGGATCCAACTCTTCAATGATTGCGATACAGTTGTGGATT,700,48.43,Caenorhabditis elegans
SEQ_372834,GGCTCTTCAAGCGTTCCGCGTAGAGTACTCATAGCGGGCCGTGTTTCGCTGGACGTAACCTATGCACAGCAGACGGAAAAGATACTCGCACCGGCTGCCTGATGGGGACGAAAGATCCCCGGCTATTTGAGACTTCTGGCCCATTGCACGAACGAGTTTCGACGGCCACTTTAGAACTACTTCGGACCGTGTACCACGCGTTCTCACAATGGGTAGAAGTCCCGCCGAGAAAGAAAATCCTCTCCAAACAAGAATATCGGTCAACTCAGAACCACGGCTGGAAGCGCCTGAATTGATATATGATAGCAGTTTCCGTGTTATCCGATGACGTCCTGAGCCCGTCGAGAGGACCGGGATGCCCAAGCCTCTTTAATCGTCGCACAGTTTGATAACGTTACCACAATGGGACTCATCGGGTATGCGTGTCTCGACCACGCCAAAGCCTACCTAAACGTATAAGCTTCTTGTATCATCAATTTCGTTGCTGGGCGGGCAAATCAGCTGGGCGCCTATCGCCCCACCTAGTCATTCGCTCAAATTTATTCATCTCTCACAAGTCACTATTATGCGCTACTTCGGACAATTTGCGACGGTTGAACACGGGGCTAAGGAGATATGACACAGAGCGAAGTTACTTGCCCTTGATGATCCCTACCCGAACATCCGAGCAGCCGTACGAACCGAAACATAGCGGCTGTAGACTTGCCTTGCAGTGTCCTCCACGCACAGCGTGTCGGCATGCAAATATATTCCTGACATCGCCAGACTGACATTTGCAACGGTAGGCGGTGGATGCCTACTTCGTTCGTTT,811,51.66,Saccharomyces cerevisiae
SEQ_944056,GGTCAGACACGGTAAGAGCTTATACGATGTAGGGTGAAGCTACAGCTTTAGATTACACCAGTCCGGTAGCAGCCTTGGAGTGGTATAGAACGTCATTGTGCTGCGGGGGCTTCGCCAACGTCATTTATACATAGAAACACAGTAGCTTGGACCCGACACAATTGGCAAGGACTGTTGTTGCCACTACGCCTAGAAGTGTTCTTCCTGAACATCAATCCAGCTTTTTTGCTACGCGGTGATGTCTCGCGGCTACGTAGTCCAATCTATCAACGGCGCCTTTCGTGTCATGCGATTTAGTGAGGTACAAGGTTCGGCCACCTGAGGACACTCTGGTACCTTTTTTAGCACACATGCTGTTGTACGTGCAAGTGACCTTCCGAACAAACAGGCCGTACTAGCCATTCATCGCAAGGCAGTAAGCACAGCCCCTATAGTCCGAGTTGGGCCTCTATCGATGTTAAAATCGGGATCGGGATAAAACGCGTATGGACGTCTACCAGACGCTTCACATTAACTAGAGGTACTTGAGCCGATATACAATTGCGATCGTTGCGATGAGAATTATATTGTTGACCAAGAGAGATTTCCGCGACCATTAATCCCGTTGCAGCGATTAATCTAACCTGCTTCTGGTGGTACGCCGCGTTCCTATTTGTAGATCATATACGCTGGATGGCATTTGTTTTAACGAGGGGACTTTGTAATAGTCATTTCTTTGCTACGGTCGGCGGGTAACTTCTACCCGGCAACTAGGCGAAAATACGCCGGGCCGGTTGTAGAAACGCAGAGTAGGACATCAGGACGGCCGTTGTCTAGAAAAGGACACTCTCTTGCCGCACTGGCCGAGCAAACATAAGCGAATTTCCAACCTGGCGACTTCTCTCAAGCGCTGTTGGCTGGGTAATTCCCGGTCTCTACTTGTTTAACTCGGGATGATCACGGTTCATATTAGACAGTACCGGCACACCTAGGTATACACTAGCTTCTCATGATTTTCTGAGCGGGGCCCGAAACTCACAATCCGGCCGCGGTAAATTTTCCGTGAATCAACGTGCTTGCCCACCGCTGGAAAACCAACGACTGAGAAGTCCCATACACTTGTCATTTGGTGAGTAGCGACACCGCCAATTGCCCATTTGGACTGGCATGCTGAATCACTCTAATGGGAGGGCACCCATATTTGATGTAGCAGGCGACGCTTAGGTAAACTGATGACGAACGCGTGGAATGGGGGACTGTACGGGTAAATTTTAAGTAAAAGGGAATGTTCGCTCAGGTGGGTCATTCTTAGTGTGACCATACGCCTATCAAGTGACGATCCCC,1323,49.21,Escherichia coli
SEQ_589207,GCATTAGTCAGGAATAAGACGCGTCACGAGTAGAATCTAATTTTAAACACGGCGCCGAGACCATTCTCCCTGCGGTCAGAAAGCTTAGAATGTAGGAGCCGGGGGATCGAGCCCTGCCGACGTCACGGTCTCCTGGTGCTTCGGGCCTTCCAAAGTAGGCCCTTCTCAGAGCAACCTCTGTCCTCCCCGTGCTTTGGTCCGACGGCGGGCATGATACTCGCGCTATAAACATCTAAAAAGATGGTTAAGTACCCTTGACACGGTAAAGAGGAAGTAATTTTTATCACGCCATCCGCGGTTCGCTGGACATCCGGGAGGAAATAACGTTCCCCTGCCGCTCGGCTTGTGTCGGCCGCTTTGGAAAACGCCGCTTGAGTGCAGTACATCCCCTAACGCGGAAGAACCCGTCATTTAGTGCGTTACTATTAGGGACGATCGACGGATGTTCGAGTACAACTAAAATGGGCGTACTCTTATCTGATCAGGCCTACCGAGCGATCCGGTTGCAATCTGTGGGCTTTGTTATTCGGGGCTTATTTAATCGCTTGATAATTCGATTATCGCACGAGGACATGCCACAAGAGCGAAAGGCTTGGTGTATGTCGGGCCACCCGGGCAGAGGAGGACAGGTACACACCGGATCACGTATCAGGTGTTCAATCAACAGAAACAGGATGTTCGCATCAGCTTTGAGCGGCCTCCAAATGAGGCTAGTTCTGCCCGTATTCCCGGGTAAGTGCGATGGACCGGATGTTCCGCAACATTCTGCGTGCAAGCTATAGCCGAACACTGCGATAGTTCGGTACTGACACCCATCTTCAGGACACAACGCTATATTTACCTGTTTGCTTTGGCGCCGAATTAACCATTTCTCTAATGTTCGATACGATCCTTACCAGCATCGTTCATAATAGTGTCGGCAGAGAATCACAACTACCGCAACTAAGACAATCGTCGGGGAACCGCCATACGCTCAGTTACACGTGTACCCACTTAAGTATGTCTATCTTACGAGGCTTTCCATCTAGTCTCCCGTACCTAACACCCCCAATGGAAGCAACTTGGTTGTTCAACGGTGCTCAGGCATTCCCTCCGGCGTATCGGGCAGCCGTAGTATCTAACCTTACCCACACAGGCGTTGGCAGTTTGTATCCTTCGATGTTCCCTCCCGGTGTGCCGCGTCCGGTCGGCTTTAAAATCGGTATATAGACGGATCACAGGGCTAGTAAGATCGGTATCTATCTCGTCCGGAAGAGCCATGACCATTCTGCAAATACAGTCTAGTGGGGCATGTCTATAAGAAAAGCATAGAACTGGGACCCCTCTAAACAAGGAAGACGCCTAGGGTTTCGTCTCATATAGAAACCCAATCTAACCCATATGGCTACATTTCCGACGGGGAACCACTTCCCATTTTAAGCCAGTCTACACGCCAGGGGGGTGGACAAAAAGAGATACTCACGTTAGGGCGGGTGCCCGCTCCTGCTCTATTGCTTTTAAGTACAAACATCCGGGTATCACCAAGATACACAGCACAACCCCTAGTGATTAGCAGCGCTACACATATACTTAGATCATCGGGTAGCACTTGGGTATGCGTCCCCTGGGTCTTTATTAAGACTGGGGCAACTTAAGAGGGACCTCCCGTCCGCACTTGACGACCCACTCAGCTTGGCCATTCTCAGCAGAGTTCTATAGCACTCTTCGTACAGCTGTATTACGGCATCAGCGGGCGTTCCCATTCTACAGGCACTACGCTCACCGACCAGACTTCGTGCTGACCGCTGAGTGACGGCACGCCGCGATTTCCGTAGATTTAGTGCCATTAGACGTAGGTGGTAACGTCTGAGGAATATTGGAGCTAAGTCTTAGGTGTGAGCTGTATTCATCGCGGAGTAATCGACAT,1906,51.05,Homo sapiens
SEQ_766572,ACAAATCACAAATTAGTCTATTATCCTGGAGTTGAGAGCGCGGGAGTTCGGTAAGTGATAGTTGACATCAGCAAACTGCTAGTTTAATATAAGTAGTCTCTGGGGAACGAACCATAGACTTTATTACCGAGTATGAATACAACCACCAAGCATACAAAGACTCCGCGGTAGTCCTTTACTTCCTTCTTGACAATTCTGATCGCCATCATTGGATACCTGTCGTCTGTGTTCCGGGCGCGAATAGTACCATCCCTTGCCTCGAGTTTAAACACAAACTGCGCTAGTGGCCAGTCCACTGCCACTTAACTTGAC,312,44.87,Arabidopsis thaliana
SEQ_529663,ATGGTATCTAGAGCCAGGATGTACCCTCGAAAAGACCTGGGCCGTCGTTCATCAGAGGCCCTGCCCCCCTAGTCGATGCGGTGTTATCTATATACGGCCGGCAGCTGTACGAGTAGCGAGCTGCTTCCTGGGGGTATCGGCTTTTATGCGTCACTGGGGGTTGGCGAGCACGACATAAGTCAACGGATATCCCAAAATCCCCAAGGCCTATAGCATATGCACCTGGGCAGGTGTAGTCATGGTCACTTGGAAGAGTTTTCGACGGACGTACGATTGCATGGAGCGTTGGGTATCAACTGCTAACGTGATGCAGGCCATACGGAGCTGAATACGCGGGCCCGACGTTTACGTTTCACCCTTTTTTTAACTCTTCTGTACACGGGCACATAAGCCAGGCAGGGGGTCTGC,408,54.17,Mus musculus
SEQ_759408,AGACATCAAGTTAGAGGCCTGGAACCTCCCCTCTACCCGATTTGGCGTAAATATAACCATGGGGGTGATCCACACATGGTGGGTACCTCTGCTTAAGCTCAAGTCATAAAGCATGAGCTCACGCTTTATCCTAGCGGTATGATGGTCATGGCAGGCAACAGCGCATCTTGTCGCGCGTCACGTTGTGCATATTTGAGGAGCCACGGTGCTACAGTACGAGCGGATCCTAGCTCTGCTACGACTCCCATTTGGGACCGCTCTCTGGCCATATAGGTGCGTCCGTATTGCCCCGTTTCCTGCGGGCTTGCAAAACCAATCGACGGCACATTGGCACCTAGATGTTAGTATTACATTAGCAGTGGCTGTGATCATAGCATTTCGGACCAGATAAATGCACCAGACACAGATGCTAACTACATGTGCGTGGCTCCAATGAGTCGCACAGGCACCCGTGATGTTGAGCCGATGGTCCGTCCTGCTGAGCCAACGATACTTCCATAGATACGGAAAGAGGCGTTAAGACAAGTGTTCGTGTTGCGGTAATTGTCGTCTGGATATTACTCTATGCCTGAGCCTCTATTTGTCAGCAGCGTATTAGGCCTTAATCTGAAAGATGGACTCCACAACGTTCGAAAGACCGGCGCCTTTGTCGCGTTTCGCGACCAGGCGGTAGCTTACCGTACTTCGTCGCCGAGACTGACATACGGGCTCGAAGCGGGATAGTGCTCCCTCTCTAGTGGTCACGCGGGTTAGTAGCCGACACCTACTCAGCGTCGCATCAAGTATATCCATTAGGCCTCCTGACACCTCGGCTAATGCAGTGGTGGAGTGCGACAAAAACTTCTCTAATATCCGGTTCTATGAAGTCATGCTTTATCTACCAAGCTGGGGCCTGGGGGTTCTAATAAACAAATGCGGCGCGTTTGCGGCGGGTGGACCCCCGACGATCCCAAGGGGGTGTTTCCTGACGGGTGCACAAGACCGCAGTGCCTGCAACAGTGTATTTGGTAATGGAGGTTCATTCGCCTAAATGTACACAAGAGCAACATGAGCACCCATACACCGATAAAGCTTAAAAGCCTAAGCTTTGCCAATATATGGGTGTGCACCGGTTGCTAGTTTCGTTTAAGTCGCTGGCCGTCGGCCTTGGTGGAGACAGGATACCGCACGTGCTCTTGACAGCGGTGCTCGCCCGTCGAACGAAGGTTCATTAGATGACTGTGACCGGGCAGATGTACCCACTACCGCGTTGATTTAGACCGTACTGCAGCGCGGCACATCGCCTGTCAAGTAGCAGTCCAAGGATTCTCGTATTCGCTATTTCAGTGCTTAACGATTTCTATGTGCGTGCTTGGTCAGTTAGCCCCCCACAGGTGTTAGTGCCCGCAGAAATGAGCCGAGCCAACTGGATCTGCTAAACTCCGTTGACGACTAACCTCGGCGAGGCCGAGGCCCGCTTCTGTGGCTCCCTTCCTCATGCTTCATCCCCTCGTCACACAAAACGCTTAGGGCAGTCCATGCATTAGGCCGGCGGTCAGGCGTAATCAAGTGTAACTGCGACATATGGTTCATGCACCCGTCCGGTTATTAGCCACCCTCCTTGACTATCCACATACATCTATGGACCGCTGTGGAGAAGCCACAGCACTAGATGTGAGCACTCGCACTAGGTCTA,1675,52.72,Saccharomyces cerevisiae
SEQ_755531,AACATGGGCGGAAGTCTGAGAAACCACTAATGGCACCTTTGCGGTTGTAGGTAGCCTTTCTCCCTGGCGGTGACCGGGCAGTTCTTAAATTGGATCACTGATTATGTTGTTAGGGTCCTTATGGACGGGAAGACTGTCATCACACTGACGTAACAATTTCGCCCAATCATCCGATGGAGATGCAAATGGCGGTGTAAGGCTACTGAGTTATTACGAACCTCTGAGCCCGCCCGGTGGGACTGAGTTGGAGCATTTACCCGTGACTCGTTAACGTCATCTTTAGGTGTGCTGACAATTGCTTTTCGGATGAAAAGAGACGCAGACTGTTAGCATTAAGAATCAATTTGAACCTTCTAGCCGGTCGCGTCCATTCTCCCCAAGATGAATGATTACCGCGCGAAGGAAACCCTATTGTCAAGATGATTCTGACACATAAGAATAAAAATCACCGAGCAAGCCAGCAATCTCGCTGGGATATGAGGACCTTCCAGCAAACTCCTGTACATGAGCTTTGGCGCTATGATAGTGTTTGTTCTGCGGAGAGTGTTGTTTACCATCATTTGTGCTATGTTCCGGTATGGTACCCCCATGAGGAGTCCTTCAGGGGATGCTGATGAAACCCCGTAAGTCACCCGAATCGAGAGACGGCTGAGAAAACCCTCAGAGTAACGACGCGTATATGGAAGTTCGGTAACACTAGGACTATGCTTAGTGGCAGCGAAATGGCTCCCTGCAGCGGAGCGGGCATAATTCAATATAGTGTTAGTTGTAAGCAAGGGTATCGTACCCTGGCCGCATGCAAACCGCCCAGATACGGGAGTTTACGGTGGATCGGTAACATCAGATCGATGGCAGTCTATAGACCGTTAGGGGCACCTCATTCACTCTCTTGGTCGAAGACTCACCGCGGATATGTCCACCAGGTGTCACAGACGGGCGCGTGAGACATCCCCGGGACAACGATGCGAATATCTACAACATAATATAAAAAGATCCTTCGTATAAAGGAGCATGAGTGTGCATTTGTTACAAAGAGGAGTGCGGATCAACCGGGCCTAACTTATGGACTCAACAATTTCGCTGCTCCCAGCTAACCGAGTCACGAGCCAGCCCAAGGTCGATTCACTGGCGGATATTAAAGGCCTTTGCTGAGGTCTATAGCCTGATGCGACTCGCGGTGGTCGATAAAGCTTAAATCCGACGCGGGCAAGACCTCCGTGGCGAAGATTCTGTCTTTGGCGACCCGCACCGGCAAGTTGAAAATTGCAACTGCCCATCCTCACTCGTATGGTTCCACAACTAACTAATAATTTCCCCCATGCACACAATTTATCCGCTGATAGAAGACGCTATTACTATGGCTATACGCAAACTGACAGAGAGGTTACCTGCGGCCG,1397,49.39,Mus musculus
SEQ_861654,AAACTTATCGCGCCTTTCGCAAAATCATTATGCTCACGCCATAGCTTAGCTCCGGGGTTAAGATTTAGGTTCCCCTGCCTGAAATCTGTTCATAAGTAGTTCAAACAAAGTGCTTAGCGGTCCACATCACAACCATAGGCGTACAGGCAATAAGGGGACCTGAACTATAAATAGCTTACACTATTAAATTACGCGGTCGGTGACGATTATGGGTCATTCAAAGCTATGTTCGTTTACTATTCTTACAATCCATGTTTCTTTACGACACATTGGGGCTGCCCTGGCTCCAGTTGGTAACGGTATCAATTTTTACGCCGACCCCTTGTTTTGACCTGATCCCATTTCTTCGCCAGTCCAAGTCATTAACAAAATGAGGAAAGAGCTACTGATAGAAGTCATATACGAATTCTTTTTGTGAGGCGTCACGACGAATTACCATGGTGGCGCCTGCATGGGGAGTCGCGGGTCCGCGCGTTCGAATCCTTTGGTCAGAAATACTAAACATGTCATAATCTAATTTATTCGCAGACCACAACTACTACAAGGTCGGAATGGCCGTTATATAGATATGTGAAAATCCGTTTCGGATTTCCCATGAGTATACCTCACCTCTGGGGTGAACGGAACTCCTGTTAGACAACACGGTGCGAGCCCGCCCAACCGGCG,666,45.65,Escherichia coli
SEQ_115753,GGGAGAATCCTTATTATTTGGCAGTGCTACATATCAGCAGGTTAGAAGGCCGAATCCACCAGCACTGAAACGAAACACGATCCGCGACAGGCGACGCGAGTTCTCTAGGTTTGAGCGGTTTCCGTGCCCTCTGCACATCGTTTTCAATGTCCCACCCCAACTACGAACTCACGCTTCCCAAACTCTTTCGATTGCAGCAACCTTCACCGGTCCGCGAAGTGCCTATACCCCTGTGTCAAAGGACTTAGTTTGCCTGTAGTTAAAGCCTTGGCGACCCGCCCCTGGTCTAATCGATTCCATTGGACCATTGACTCAGTGGGGGTACGTCTAAGAGGCGTATAGAAAGTTCGAACGTTGTTCTCTCACTCTTTCGAACTTATCCCCTATGTAATAATGCCGTTTAAAAGCTTATCCTATTTTCTTAGTTCAGTAGGTTTTTCTCTTGGAACGATCACTGATCACCACTAACTAGGCGGGAAGCGACATGGCATTTCCCAATCTGCCGGCGTCAGGAAATAGCTCACCAACTATCACCTGTACCCAGCCTAGAGGGTGGTCGGAGATGAATTGAAAACCAGAGCTATCATCAGTTGTCGTGGAGGTTGAGCGTGAGCGTTGGGGGTTTCACCCCGGCATATAAATGAGGGCTAGCGCATCTGCGCTTAGTTTAGGTGTGATGTTCTATGAGTGTTCCTCACAACGGACAGTATACCCATGCGCCCTGTTACGTTAAAAATTGTGCATGAGATCCGAGACAGGTAACCCTCTCTAGAGTTTCTATGATGTCCACGACTAGGCCCCCCTGACTGAAGCAAGTTCAAACAAATCGGCCGGTTTATGGGAACATCGTCGATGATGGCTGTATACTGTTGGACTATGAAGAAGGATTAGGATAGGACCCGTCACTGCTGAGACCGGTCTACAGTGGAGGCGAGAGCCTAGGGGATAGTCAACGTAGCAAAACCTTGGCTTACTTATAGCGCATTTGGACGGTGTGAGGACCAGACTCGTGTGAGTGTCTGAGCACGAGCGGGCGTTCATCCTCAACCTGGTTCCGACCGCCTACTGAACTATCAGCGCCGGGTTCCGTATAATGGGCCGGCGACCAAGCCTGCGAAACAACACCTTATTCCGCATTGAACGAACACATCTCGAGCAGCGTTGGTGAGTTAGGACTG,1178,50.34,Caenorhabditis elegans
SEQ_586741,GCAGATACTACACTAGGTGGGAAATCTCTCATGCCGAGGACTAGTATGAGCCGCGCCATGAGAAACCGACAGAGGAATGGGGGATTCCCTGGCCTAAACATATCGTAACATTTCGATAGGACAAAATAGTAAACCATCCTGAAGTTAGCGTTTGCTAGTTGGGGAGCTGCCAAACGAGGAGGTGTAACACGTTCACTTCCCGGGTCGTTGGCATATCTAGAGTCCTTGTTGTCTACCACCATTCAAGCTGGCTTGCAGAGCTACCCTCTTGAGAAAAAATTGTACAAGTGTGTCCCTTGCCTGTCGAATACACCCATTGAGGTTAGCCACAGCTTTGCCTACAGAACCCCTGCGTCTCTACTTGTGGGGCTTATATACACAGGGCCTAGCTCTAATTTCTTGCCCAGCGATAGCACATCTCTGACGTTGTGCTCATGGAGCGTACGGGGGTTGAATAGCGATAATATGGCGGCCCCCAGCTTCTTCGTATAATAGCTATCTTAAAACTCATTGGTAGGGAGCAATGTCAAATTAACGCCATCCTTGACTGGGCGCCCCGTTACCTACACCCGGAACGGCGGACGCGAGCCGTAATCGGAAGTACTCATTTGCATCCTTATTAACAGACGCGCCGTAAGTGACGTTCGTGGGGGAGGCGAGAAGCTGATTCTCGGATACCCGAACGAGGTACTAAAGTAGAAATTGCTTGCTTAGCTTACCCATTACGGTGATGTGGCACATCTCTGCACGTTGCAGTTTTACGTAGGACGAACGATTTCCCCGTTTGTGCGTTTGCAGTGTTGCATCCGAATGACAGGTAAACGAGTAAATTGCATCTTTGGTTCAGAAAGCTTAGCAGGCTGGCAAAGGAAAAGTGCGGACATTTAATTATGCAGAACACGTACTTTGCTATGCAGTAAAAAAGGGTAGAAAGCACAAGGTCAATCAGGCCCCTGTACGCAATGACTTCGTGTCCTGAGCACGCGCCGCACATGCTTGACTGCCCATATGGCTCTATCCTAGTCGGAAGCACTAATAAGTTGACACCAGTAGGCGGCGATTTCAGAGTTGGTGGTGGCCGGTTTAGCCGTCTGGCGCCTCCAGCAGGATCACTTTCGCACTTCGTTGTACAGGCGTTCACAGAATAGCTCTTCCGCGTACAAA,1164,49.57,Mus musculus
SEQ_143611,ATGATTAGGAGAGTCCGCAAGACCTTGGCGATTGCCATACAGCATCCAGCATAAAGATAAGAATCAGGACGGGTCAGACCATGTTGTGCCTCCCTTAGCACAATTATCACAATGGATTTACAAGGGACCCGTATTGCTTCTTGTTACCTCTTTCTCAGGGCTACTGGAGCCGCATGTCCATCGAGATGGACCGTAGGCGATGAGACAGCGCGCCCAGCAAACTTGGAACTACCACGCTTTGAATCGTCTCCTCTACTCGATATCGGGCAACGCAAGATTTTGCCTGTGCTTCCTTGCACACCACTACATTCTGCTTAGTGGAGTCGCGGATACGCAGTTATTCAATCAGCGGCCTCCATAGAAACACCCGGTACACCACAATCCGATAGGTGAGCACGGCCAGCTAAGGCTAGAACCAGGTCACAAGCCATCCATATTCAACAGATAATAGATGTATGATAGAGAACTGGTGAGTCCTCGCTTTTGGCACTCGCGATGTCCCGCGACGCACTGCCTTCCAATCCCTTTTTTCAAGCTGAACTCGCACGTGACTAGTGGTCACACAAGACGCCATACCATCGCACCAGATCGGTATGATTACAGTCTGTGCATGAATGCGAGCTTGTGATCCTACGTAGGAAGGTTCGGAACGGTGCTTTTAGTCTCCGCTCATAAGCGCCTTTGCTACGGACCCAGATTCTTGGATTAAAATGTACATTGCTATATAGAGTCGTTCTTCTGTGTACAGTCATGCCACGACGCGGTGAGAGTACCTAGGATCCATAAGTCAATCTGACGTCTTCGGCAGGTAACTGAACAGTGATCAGATGCAAACATCTTGTCCCAGCCCAAGGGCTTAGACGTTGATGAAGGAAGAGTAGGTGTAATAGACTCCTGTACGGATCGAGTAACTATAAATTGATATTGCCTCCACGCCGGGCTTACGTAGTGCAACTCTCATTGACCAACCGACTTGATCCGCCGCCGTGCAGCCGGGTTTTATCATACATGCTTCGAAGTCCGGCATTGCACTTAGAAAATCGGCTGTAGATCTACAACGTGACCATCGTTGAACTTCTTTGGAACGAGTCCCTGAGGTAGTTCTTTGGTGCTGGCGCGGTCGGCGTTCAAGTACAGACCTCAAGACCACAATCTCAGTGCCGTTGCAATTAATTAGAATCCCACGGTCTACGTGACCATCTGCATGGACGATTAGAAGCAAGAAAAGTGTATTAATTCCCTACTTTAGGAGTTAGCTTTCACTGACACTACTGTCTCGTAAAGTGGGTTGTGATCTGCAAAAAGATTGCAGATACTCTTGTCGCTGGTATGCTACGGAGTTACTGTATGTAGTTGCGAGACTACTATGTTAGGTGGCTCCGTCCATATGAAAAATTTCAGTCCACGCAATCACAGGAATCCAGACAGCTAGTGGGCGAAGTCGTGCTACTAATCTCTATCATCCATTAAACACGATGAGTGGGGCCGCGTAAAAGGAGCATCCATGCGAAGCGGCCCCGCCACTCGCCGCTTTTGCGCGCGATCCGTGGAGCATGACCTACACACGATGACTACAGTCCAGAATAGCCATACACGTCCTTGCTTTGGCGGGGAGCTCTCACACCTCGTCGGTTCAGTCGTACCTGTTGAGGTCATTGAAGACCGTGCGTCGTGGGTGTTTACGGTCGCTTCATGGCATGAGGGGAGGGCCGCCGACTCCACACGGGACTCACTCGGTGGCTCCACC,1747,50.09,Mus musculus
SEQ_971055,CATCTACATTATCTAAGGTGGTGTTAATCTTTAATCCTCCTTTTTTGACAGAATTTCACTTCCTAAGGCTCCAGACGAAGGATCGGGTACGCTTTTTTAGCGTACCGTCTCTGATAACAAATAAGGGCTCCGCGCCCAGGTTAAAGTAGTGTGTACGTATCGAACTAAGGGTTTACAACCAAAACTTTATATGGATGTAGGGGGGGTTTAATCTGGCCGTATTAAAAAGTCTCAGCGATGAACTCAATGACCAGCGGCCTGTAGCGGGACGGTTCGTGTAGCTCTGACGGCGCGGCCGAAGGATGTGTCGGGAGCGCGTGTGCTAGAAACAGTTCCCTTTGCTGATCGACGTTATGGACATCTCAGCACGGACACTAGCGGAGACGTTAACCGGGCAACGCCGTGTTTGCCAACGCGCCGTTTTACATGCGAAAACCCGCTGGCCCCGGTTCGTTTTGGGATATGTTTGCTGGCTGTTCGGCGCCGACTAATCAGACCGCTAACGATATGCCTGGTCGGAGGGTATATTCAACGACCACGGCTCCGTCTTTAACGCTGGTTCTTTTACTTTCCTCCGAGACTCTATCCCGGAAGACGTTCTAACTTTCTGAGAGGCCTAGGCGTGTGCTTTCCACGTGGTATTCTTGCGGTGCGGGCGCAAATAATCCAAGTTCTCATCCCGTT,684,50.58,Arabidopsis thaliana
SEQ_482481,ATTGTATACATTAGGAATAGCTTTCTAGGGTCGCGTATGTATCGGAATCCTGATTCTTCCAAGACGCACCGGATGCGCAGCCTGGAATATTGGTTGTAGAATGTGTCGGTAACGAGGTGCCAAAGTTAGACACTAAGGGTCTATTACCGAGGATGGCAAATGCGCAGACTTTGACCAACATTGGGGGCACCCCGTTTCTATTGGTAAACGTACTTGGCTGCCATCGATTTGCTTCTATTCACACGACGCCATGCGATTATCATCACTCTTCCTAAAGAGATGGATGAAACGGCGAGACCCCTCCGCGTAACCCCTGCTCTAGTGCACGGATGCACGAAATCAGCGACGCGAACACAGCCAAGCAGAAACGATTGTTTTCAACGTTGAGTTTGTAGTCCAGATCCTTAACCGTTCATTTTGCAAGCTAAACTGGACGTCAGACGCGCCCGTCCAATGTGTCTTACACGGCTGAGTATAAGACGTCGCGTTTTCGGGTAATACCGATTATGCAACTGTCGGGATTGCGTTTGTGACATCTCTAGCACTGGAGGACACATGAGGCCAACTTCTCTTACATATATTGCTTTAATAGCTATAAGAGAAAGACTGCAGACCCACATTCCGGCGCTCGTGGCGGGGCCGTACACCGTAGCACTTAACTCCGCCCAGTTCTCACGCAAGACGATGTATGACCGTTCTCAACCGGCAATCATTTTGCTTACGTACGGTCAATTCGCGCATCTGGACCAGTAGGTTCCGTCAGACATAGGAGTAAACCGGTGGGTTGTATAGCGGGAGCTCAGCAGCCTAATGTAACCTCCATACTAACTCACCGGACGCGCCAAGTACAGA,852,49.41,Saccharomyces cerevisiae
SEQ_946694,AGCGAGTTCGCTCTAATTATGTTTCGCGGGTTCATTGGTCGATACAAGGGGCCGGCCGCTGATCAGAAGTGCTTAGGGCCAGACCGCGCAATAATACCGTTCGGAATGCCATAGGCTGCTGCAAGAATACTGGGCGCTGGGGGAGCACGTTTTGAAGGTGCTTGTGCATACCAGTTACTTAGGTAACCCTACTCAGATCTTTAGGGGTGCAGGCACTCCGCTTTACACGGCTCGGTTCATTGAGTTACGCCAGACTACTTCATACGCAGAAATACCCGCGACTAATCGCGTATAGTCGCAAAGCCCTCCTATTTTCCCTAAACGCACCAGGGTCAAGGTCGCTGAGTCAGCCCAGGAAAGACGAAGCCCTTAAATAATACTTTAGCCGCGCTGCTGGGCCGGGGATATACTAGTCACATAGAGCTAATTAATACAGGACATCGCTGGAGTAAACGCTGTCAGTTTCGAGCCTAATACTCCCTTTAACCGACTATTCCCTCGCGACGGAGCTGACTCCAAGTTGGGAGATAGCCGATGTGTAGCGAGCGGTTTAGCCCGTGCAACGTTCTCTTCTTTGTACGGCGACAGCCTATTGGCTTTGGCAGATTCGTTTTGTTGAACCCCGCAAGTCAGGTGAGCAATCTGTCCACAATCTCTCGGGTGGGATCAAAGCTGAAACTCGCGCCAAAGTACAGTGACACACATACCCGGACCTTGGAGCGGACAGGACGCTCTACGGTACAGGTTGCAACTCGGTTCTACTGTCAGGAGGCTAACTAACGTAACGGGATAGCGAAGTGCGTTAATGAGACGCAGAGGTGCTACGGCGCCGGTCGAGATGAACGGTGAATTTCACACAGAACTTCAAAGAGGCGGGGATTTCCCGGGGGCCAATCACGTTTCGTCATTGTACACTTAAGCATTTTGACTGTACAGATAGCCAAACCCGGGTAACGACCAACGATACCACCCCGTTATACCAGCATAAGCAGTCTGCAGGCTGGTGGTGGTATACTCGGCGCATCAGACATGCGTAACTATTCCAACTGCGTTCAGCGGGGATACCTACCACGACATGGTCAATGACATCTTTAGGCTAAGTTGGCCGTTATAGGGCGTTAGTGACATCCGCAGTGTACGATAGGGACCCGCGTGTGATGTTCGAGAAATGTTAGGCAACTGATAGTATAATACTCGGATACAGCAGTTGAGGTCCGCTTTGAGCGCAGTATTGCACTGTCGCTTGTGAGTATCATACTAAACGCAATTCTCAAGAGTGTATATTGGGACCGTGGGGCGACACTGAACCGGCGGCCTGCTGCCGTCCCCGGGACGCCGCACTACCATTTCCGAGTGGACCCACGCCCTTATGCGGCTTCTCTGGTAATCAGTGGCTGGGATAACAGCAATTACCGTTCTCATCTTGACAGTAGCATGTAGACGTGCCATTCTTTGAGTGCTAGTCCTGCCGTTTAACTAACCTGTAGCGTAATACTTCCAATTATTGCTCGCTGCCTTGGTGTTAAGCAGGTTTACGGCGATGCGTATTAGCATTGATACTGAGCTCCATCGCGTGATACTGGTACCACCCGGACCTACAGCGGATAACCTTTATCGCGTTAAAACTCTATAAGCTATCAGCTGCCAATTTAATCGGGGCTACCTACAGGCGTAATTTCCCTCTATCGTTATGTGTACACTTCTTGTTGCTCGGGATGCTCAACTTGGGGGCACCAGGGGCAAACGAACCCCGTCCAGGAGATGATCTACGGAGAAT,1777,51.21,Homo sapiens
SEQ_770769,AGCACAGCACCACTTCGAGAAACCACCGGAGCATGGATATCGGAGGCGCGCGACCACAACCCGGCCTCTGGCACTAGGAAATCATACTTGGTATTGCCTAGTCGCCTGGGACCCCAACACGGGGTGTGCGCTCGCGTCGCGCCAGTGATGTCGACATTTCTGCGTTTCCCCTACCCAGTGCGAATTTTCTATCTCGTTATAACCCTATACACCTAGACAAGGCCTGCGTAGTAATACGCGCGCGGATACAACATAGATGCTTCAAAGTCTACCTATAGGCAGACAGCGCCCTTATTGCAGCCAGGTTTGTACCCCCCGTAAAAGCTCGCGCCTGGGGTTGGTTCTGTACCAACTGCTCCCGTGTCACATAAGACGATAGTTTCTCACAAGTTAATGAGCGCCTAGTTTCATGGGTGTATCACCCTGACAACTGGCGTTGCGGGGCTACACAACGCGTGTTTGTATACCTAGTCTGTTAACATCGGATTGGC,491,53.16,Drosophila melanogaster
SEQ_501575,GCCGTACAACAATTCACGTGCCTTAGCCTAGGAGCTCGTAGAAGAAGTCCTTCCTGGTTTGAGTACTTGGTTGGACTAGGGATCGCCTGGGGAATTTATGTTGGATATTAGCATGATTCAGACCCGACAGCGACGTAGACCGGGTAAAACCGCACGTAGTTCGTGACAGGGGGGTGTCGGAGGGGATCCTCAAGTGGGACCCGTCGGATCGAGGGCGGGTTGCTGTATGCGAGTACTAAATCGGCAAACGGATATATTCGAAAGTACATTACAAATGATCCGACAAGATGTCCACTTGTTATTATCCGTATACCATGTAATCCTCAAACAAAACTACAATCTCACGGCCATTCAAAGACAGCGCTTGCCATCATTCCATTGCTCCGTATATCGGGTACCCCGCTTAATCCGTTGACAGGGTGAAGCATCCTTGACTCGGGCACCTTCTTGGGAGTCTCAGCGCATTTAGTCGTGAGATGAAGATGTCTCGTCTGGACTCTTTTACATGTCCTATTGCGTGGGCCTATTTCGTGACTTCTAACTGTTGCCGGCAACGATTTAAGTAGTTCTCGAGAGTTACCCGAGGAGCGGAGAGAGCGGGCCAACGGATTTACCGCAAGAGGTCGCGTTTTACGCCGGTGGTTGACCTGCTAGAGTCGCCAGAATCCATGTTGTATACAAGGACCATACATGCCACCGA,700,50.14,Mus musculus
SEQ_131743,GCGAGGGCTAAAAGTCCCGCACGAGACCTGTCGTCCCGAGCGGGTGGTTCACAGCCTGGCAATCACCCCAATAAAACAGGCTGCGGCTCGCCCAATTAAACCTGCCAGGACTGTGCGCCTGACGCTCTACTGGACCTTCGCGACTCTAAGCGTCGAGATGCTGATAACGACTAACAATTGTATAACTGGACCAGCTCTTTAAGTTTTTGAACCCGAGCCTGTGGTATGACCAACAATGGAGATGAAGACTGTCTGGCAAGCAGTAAACCCGGTAGTTATTAAAATCGCGCAAAGGGTGGAGCTCCCCGTGCGCTTTTTCCCCTAAGTGGCCAAAAAGTAGATCAGTTCAGATTGCTTCGCAATCCTTCAATTCTTGAAGTCTAACGATCTTAAGGGGGGTTGAACTGATAACTCGAGGTAGATGGGTCTTCTCCACAAACCTGCCTCCTTCCGGACCAGCCCAGAAACTTTTGACGCGCAAACAGAATGTCCCGCCCTTTCGAACACCCATCGGAATACGGGCGCCCTCCAATAAGCATAGGGCACCGAAGTGGAGCCTCTTCTTAACGTCCTAAGTGCAATACACTTAATGCTCCTCGCTGGGTCACGTTGTCAGACAGAGTATTTTGACACGAGCTCTCATACCGATTAAAGGCGCTTTTTCGCTACACCACGCAGGGCAATCATGCTCCCCGTCCAATATGGGCTTATTGACAACTACCGACGTGCATAGGGAGATTAAAGTAGAGGTCCACTGATCGCGGATTGTCAGTGGTGATACGGCCGTACAGCACGTACTAAATCGACTCTTTAGTGTCCGAATTAGACCCGTCATTTGTCCTAGGACTTTAATCGTAAGATGATAACGTTACTGAGGCGTGGACTGTGAATGAATGCTTAAAAAGATACTTATTGGCTCGCGGGAAAGTATCTGGCACATAACGCCCAACCGTCCCGTCCAAGGTATAGCACGGTCGCGCGCTACCATCCCGACCCTTCTTGGTCCGGCGATGGGCGTAGGCGGCTATGCGTGTTTCTTGGAATCCGTTGCAGTAACAAGAACCAATTTGGAGACTTCGATAGGCTTTATCCTATTGCCAGAGCGACATAACGCTCTAAGGTGAATTCGCCACAAATTGCCTAGTAGGCACAGTCTGCTCCACTGCACCCTAATTATAGTCGGAGTCAAAGGACCTCCATAGTAACGGAGGACACCTGTCATTAGGGTAATCGCGGGTGAGGCGAGATATAGAGTGTTGATCTATTTACGTTTATGAGGAGAGAGTATAGCTCCCGCACTATGTGACGAAACCATAATCCGGTACCAAAGCGGGGGGTAGATTTAGTACGGAGGTTATAACGTAGACGCTACCTTACAATTTAACCTCCGATTTCATGATCAAGGTCGTGATCGGCGGTTTAGGTTATCC,1430,49.65,Mus musculus
SEQ_570783,TTCTTGCACTCTCTCAATTCTGTAGAACGACCAGCGTGAGATTATCCCGCGTCTAGAGCTCTACCATATCTGATAGAATGGATTTGATGGCGGTCGTCACGAAGTCGCAGGGGGTCTCTGATTCCTCGTGTGCACCATATGGTTAGCCACCGTCAACAATATACGCGTAGGGTAGAACATTGTTTGGTTCTTCGCAACCGCAAGTCGCTCGCAACGTTGCCAACCCAATGCGCCTCGTTGCTGCCGGAGGTCTGCGGTACAGTCCTGGCGTCATGGCTTGTTGCGCTAGCAGGCCTCTCAATTTCCTACATCTACATCACGAAAGACGTCAGGAGAATACATGCGCTCACGGTTGGCATGGTTTTCCTTATGTGGCAGCAGCCAAATTAACGTCGTACCTGCGTTAAGTAAATCTACTTCGGAATCTCATGTCGCGCACGCTCACCCTCCAGGGTTGAGCAAGGGAGGGCAAGTAGGACATCTATAATCCATGTTGCGGGGGTTACTCAGCCCGTTAAGTTGCCTGAGTGTGAACGAGCCGATGATCTTATTGGAATGCAAGGTTTGTCTCCTTGACTCGAACTAAGGGAGTCATAGAGACTAAGCCATTTAGAGAGCGAATGCGTCCCCGGATCTCTAAGTACACCGCCCAGCATTGTAAAGACGGGGTGGCCTTAGGAGGCGAAACATAGCCCGTCGGGATGCCTACCTAGAGGGGCCACGCATAGGTGGGTGCCTACAGCCCGGCGTGCTCATGTGTCGGGGCGAACCATTTACGAGGTGCGCTTAGCCTACGCATAACTGACTTCCGCCACAAGCGTTAAAGCCTCCGGGTCCGTGTTTGATTAGAGTTAGATCCCACCGCCTTTTTTTTCTGCTAGAGCCTACACTCCGGCCGAACGATCAACACTCGTTGCCCCTTTTCTACTACATACATATAGTATAATTTTACGGTCGGTAACATCTTGGACAGCATAGGGCCACTGGCCTAACGAGAGGGCTCGTATCGTGCCGCATGAATTCAGATCGCCTGACACGCCAAACTGGTTGAATTTCATGGGCCATCCCTGAACCTACGGAGTCCGCTCGCTCTCGTACCATATTCTCGATCGGTGCCCGAGACGGTAGGCTCGCTAATGGTCTTAACGAGCATTATCAGGGACTTCGCGTGATATAGCGTTACTCCGGAAGAGGACCAGAACGGGGTAGAACCGCCAATAGAGGTGATCCCACGTC,1236,52.43,Drosophila melanogaster
SEQ_542167,AGCGGACTGAGCGCACTCATGACTAGGCCTCTATTCCTTTGACACAGAATGCCCCAAGGTGCCCTTCCATGTGTTAGCCGCGGAAACTGCAAGGTACTGCGGAACGCGTGTCAGCTGGGCCTCGGTGCCAAGGACCCCCATAGCCGCCCCATGCGACCCCAACTTGTACAATTTGTACCCGGAACTACCCTTCCACCCCAAGACGTAGGTCGGCGTGCGATTCCGAACTCGGTTCAAGCACCACCGAGCCGCTGAAACATCCTGGAGTATCCTCCCGCGAATTAGCTCCCGAAGGACCGCAGCCATCAACGGTGCCATGTGGTGATCTCAGCGCAATTCAACATAGGCAGCTAGAAAATCTGCGCCTAGCCTGGGCCTTAGGGCGTGTACGTATAACGATTTATCTGCCCTCGGAGTTTGCTGTTGCGCGGCCGGACACTACTTTCCTCACTATGTTGACTTACGGAAGCAAGTATGCGGACCGGGTCAATGGTATTCATCGATGTGGTAGTCACGATCCACTGCGTGTCCGTCCAATCCGGTATAACTCTTCATATGCCTAAGCTCCGACTTTACGTCACGACTACACTCTCGACTCCAGCCGTAGTGCTTAGTTCGCTACTTGTACCTCAAACAAGACAGTAGTTCTTGGGTTCGTAGGCACTAACCAGTTCGGAAGGGAAGGCGGAGATCGGCGGATTTAGCCCGTTGGCTCGATACATCCCACTCCTCATTGAATAGTGGATAGATTGCGCCTGTAACGATGCGCCCTCACGCATCGACAGCTTGTTACAAGCACTTCTTGACCGGCTCAATACATCCCGACCGAGGAACGGGCCTGCTAGGTGTGCACAACTGTGCGACTCCTAGAATCAGACATTTGAGTTTATCTGTGTTGGCAGGAATAGGTTGACAGGGTCTCACAAGTACACGGGTAGGACAAGGGCATGAAGTATGGTGGGTATACCAGCCGAAGTAGCCCATCTTCGATTTTTCGCCGCTCCATCCGCTATCAATCAAGCCAAGCGACGGCCTTATCTCACCATGGGCTCTCGATACGTGCTATCTCGTGTTTGATTGGTCTGAACCCACAGGGTACACAAAATGCGGAGGCATGAGAAATGCACACGCAGCTGGGTAGAGCTTATTGGACGAGGTATTTAAACAGTCCCGCACCGGACTCCGACCGCGTATAAGAATGAGTCGTTAAATACGGATGCGTGTAATGGAACCATCAACACCATAAGGCTGCGACCTAAATCTCTGTGCGACGGACGAAACACATCGAGTGTTGGGGAAGGTGAACTGCTACTACGGTTTAGCGTAGTCGCATGCTACCATTATGGTCCCAAGTGGGGGCCGGCTA,1366,53.07,Arabidopsis thaliana
SEQ_576184,GGTTCTACTGATACGGATTTCATAGGAACGCCATGTCAATTGGTTGGCAATAATGTGCATGAATCATAGGTAGTCTAGTGCACATACATATCTCAAACGCTCTGGGATATCATAAAAAGACAGCAGGACAATTTGAACTGACTGAGCTCGGACTGCGATAGCCTCGACTATCGCGGATCTATGACGATCGGACTATGCTTCCGACCCCGACAATAGCTACATTGCTCCGACCGCCTTGAATGCAACAGTAGTTAAGTTTCATTAATCCGGTAATCCATCCCACGTTGTTCCATAAAGCCTCGCCAACACATTCAGGACGCAGCTATAACGATGGAGAGTCATTCCCCGTTTGCACGAGGAAATCCTGGGAGGATCCGACCAAAGCCTCGGGTGAATGGTGTTTGCTAAGTCATGCGGTGTAGTGACTCTGAGTACCCTTAGTCTGCGGCCGCGTATTCGCTTCCCCGACGCTACAGCGCAGAAGTTTGAGCACAGATAAAGTGAAAGCAGGTACCGGTCAATTATTGGTCGACAGATAGCCCATTACCTCTCGAGAAAGGCTCACATGAATGTTACCCACTCCATAATGACTTCTGATACAGACTCTATATGATCGAAAGGAATTTTCCAGTCGAGTCCCTTCCAGGATTCGTCCGCCGCTGCCCGAGCGTGAACGCAGTCGAATGCTACGAGGATTGCTGGCGCTTTCCCCCGGCTCTACCCCCTAAGTCAATGTACGAGGATTTCAGGGAGTGAACCCAATTGTACCGTACAGCCAGCTTTGCTTACGATGGTCCCCGAAGCTCCCGGACGTTTGGGTCTGGGTGAAAAGATGCTAGTCACCGTCGCGTGTTGTTGCTCCCTTTCCTTCTTATTCCCTGGGGAACGGCGAGTTGACTGACGCCCATGTCATCCCGACCACCTAACGGAGCCTAGGTGATCTGTTTCTATCACGCTCGCTCGACATGTGGCTTAAAACTCTACGGGCAAGAGGACACGAATTTGGCTTGAGTGCCACCAGCTGAGTTCGTCGATAACACTCTCAACCCGCCCGCCGCGGTTTACAATCTTCAGGACCCCGCCCCAAGTTAGTCAAGAATATCATGATTGGGCATTGGACTGCGTGTGCCCCA,1133,50.93,Arabidopsis thaliana
SEQ_756046,TGTTCATAGATCGTGCTTTTAACTTCGCTAGGAGCTCGAAACTGGCGCTGTGGAATTGTAGTAGGTGCAGTGCTGAGAAAAAAAATGGCCCGGATCGCAAAACACAAAGGTCGTTAAGGCCCAGAACGATTGGTTGCTAGTAACCGCCCTTTTGCAATAAGATACAGGTGTGGCGACATGGCTATCGGCCTGATGTAGATCTGACTACTTGGTACAATCAGCCGTTACAATAAAAGATTACTTGGGGCGCTACTATAGTACTACCCCAGGAATTGCGCTGCTACCTAAGATGCACTTGCAAATGGTATTGGTCATTTGGGTTGTAAACATGCATCACATATAAGGAGGCACGTTCTTGCCTACCTCGACTGCCGATATGGCACTAGCCCAGCAAACGGCTTAACCCGACCACGTGTGCATATTTGTCACGCGCGTCAGACCATGCACACACTAACGGAATATCTATTTGTTTCTTACAAGCACCGGGATGGATCGTTTGTAGATGTACTGCCGTATCCAACAACCTGCTAAACACCACAGGGGTGGATCTAGCTCAGTAGGGTACCGCCCAGCCCCGCGGCAGGACTGTGCTCGCTGTGGTGGATTAGGTAATAAAAATTCAGGTTCGGTTATTAATTACATTCAGGCACAAATTAACGATCTGATTCGCAGTTGGCAAGATCTATCCGGCGAAAGCGGGAAGGGTACATGACGGGCCGGCGAATCCAAGCTGACTAGAGATATGCACATGGTTGTTCTACGTCCCCTTATCCACTACGCTTAGAGCTACGCCTCAAATTACTCTATATAGAATATACCAGAGGACGAATTTAACTTGGTGATACATCGTGCGTATTATATTCGGCTAGCGTAGTTGCCTGCTAACCGTGACGGCTGCATGGTAAAGGTCGCGGGACCGACACATATATGTCTATTATCGGAGGGGAAAGGCATACAGCACCATAACTAATTACTAAGGCGTGGGAGTACTAGGCGTATCAACCCCATCGCGGTGCGGTAGGGAGGATTAATCCGTCTCCAAGAATCTCCGACCGCTACCTTCGGCAAAGACCAGAAGGCAGATCCGTCCTTCGCCGGAGCAGCGTCCCACGCTGGTTCTTTCCCCGGTCATGTATTACTTTTTATGCTATTTCTTCCCTTCCAGCGTTACCCAGACCTCGTGTGCCCCGCTGTTTCGCATA,1202,48.92,Homo sapiens
SEQ_510567,AGAACGACCTACTTTGGTCTTGTATACAGCCGCGATTACTACCCCATAATCCGAGGCGATCGCGTCTCCTGAATTCTTAGACGAAAGGCGCATTATCATCGGGTGAAATCGAAAATCAAATCTCCGCGCACATATACCGGCCGGAAACCAGCGATCTGCCTTACTCTTTTTATCCATTAAAGTGCACTTAGACACGTTGACCTAGCCCACATGTGTCGAATGCATTCCCCGAAGCAGATGCATAAATACAACAGATCCAAGCTAAGACGAGCACACTCAAGGCGGAGAGTGTCACAATATTATATGAGTATTTTGAGCATGTGCTCAATCGTGGCTCATGGAATCCCATTGAAGCCGAGCCGCGTCAGGCAATGTTCATTAGTCTTTTTGGAAAATTCCTGGTAGCTTCGCCTGACTTCAACTACTCATGACGACAAGACTGAGTCCGATGATTTTCCTTGGTGCCATCGAACGTGATTCTCGCCGGCATACCTTTCGCAGCTTCGCCCGTGGCCCTATGCCGTTGGTTGACGGACTCGACTTAACTGTAGCCCGTATGGCCGGACATCAGTCCTGCTCTCATTAGGGTCAGGTACTGTTCCCCTTCGTATTTGGCAAGACTATATATTCTAGCCCCGCTACGGGGCATGACATCGAACCGCCATATGAAAAAGTGGACTAACAAACATAGTCCCCCCCGCGGTCACAGCTCTTATTAAGTTGGTATCACATGAGGGGGCCTTCCATCATTTTCGTAAGTGAGAACAATCGCTACCTGGGGCGTCTTCTACCCCGAGGATGGCCACCATCAATGGGCTGCCTATCGCGCATCACGAGGGCGTACACATTGCATTGGGCCTAAAGGATCAGAACCCTAGAAATCCTAACTCGTAGGACCAACGCTTTCCCCTAGTTTTACTGACCTAGACCTCAGCCATGCGTTGCCGATAGGGGTGAATCCGGTTGGAATCGTTGTCGCAAGTACCATTGTAGGTACGTGGGTGAAGGGGGCTACGTCAGGTAGTGGCTCCGCCGCCTGCCGGACTACGCAAGGGCGACATAGACGGCGTAAGACCTAGTAGACTGCGCGTCATACATATCAGGTATGTCAAAAGATATGGCGTGTGATCCCG,1133,50.57,Drosophila melanogaster
SEQ_890609,TTGTCCTGCGGCTTCTCTCTAAACCAATAAATCTCGTTCGGTCCCCACGGGGGCCCGAACTGCGTTCGCACACCCTACCGCAAGCTCGTTCCAAGTTCTCCAATGTTTGCAACGGGGGTCACGGGTGACCAGTAGCTTTCCGCGGAGGGGCCACAAACAGGGTATCTCCCTTGACTGTACGTATCGCAGGTCTGCCTTTAGTGTGAAGAAACGTCGGGAACAATTTCTGATCATTTCTCTGTTCGCAAGTTACTCACCCAGGCCCTAGTCCACCGTCCTAGATGTCAGTGAAGTCCGCATGGGCAATACTGTACTATGCGTCCTCTAGACCCTTCTAGCCCGTGAGCAGGCTTTCCGAACAGTGCTTTCCAAATTTACAATAATTCGCCCTAGAACAGCGTCACGACAACGATAGACTTTTCTCGATCTGGGGACAGTCCACTACTGTCATGACGTTAGCTCGCTAGGATACTTTCCTTAGTTTTGTATTTCCCTGCCATGCCACTTTCTAGTGCTGCTGTAATTTCTTGCCGGCTGGTATCGCGACATGTAAGCCAACGCTTCGTATCGTACGAATGCTGTGACATGAGCGTCAATTCGACTGGACCTTGGGAAATCTAGTTGT,625,50.72,Mus musculus
SEQ_164095,TTGTTCTAGTTGAGGAGTATGCGTATCAGAGATCAGGAAAGCCTCTCCAAAATGTGCATAGCCTACATTTCCTACGATGCCGTACTGTTCGTCGAGCAAGGCTTTTAATTACTTCGCCTCTCTCATTACTGGTGAGGACGATAGGGATTGCCCCTCATACCGTTTCAGAGAATATTGTTAAATCATTTTTGGCGGCGGCGCCCACGCATACATCTTTTGAGGCTCGGTTTCCCAGAATTTGTAAGGCGTCGCTAACAATCCACATCGCAAAACAGGCATACCTAACATGTCTTGAATTATACCTATATCCTTTTCCCAGCCCCTGCTCGTATGGTCGGGGCTGCCCGGGGTACGTGCCGAATTTCCTTGGGCGATCCCGATTCGTCCTTTGGTGGTCGCCCACACAGTAACCTATGCCCTCCAATTACAAGGCGTGAATCAGTATGAGCGTGAATAGAACCTACCGGCGCTGAGGGGAAATACGAATCATACTGCGCTTCAGATAACGTTTAAGGGGTCTCTCTGATATAGCGCTCTAGGTCTCTCGAGGTGACAACAAAATACTTTACTGAGACAACGACCTTGAGACCATCGAACGTCAGCGCAACAGGGTGTATACACAGGGGATTACATGACCTTTGTTGCTCCGTTACCCGTGCCTCTAGCATTAACTTTCCGTCACCGGTATTTTTACACTGTAACCGGGCCAGGTAAGCTCTGATTAGTGCGGGATTTTAGCGTGACCCTAGGGCAATGAGTCCCATGATGTTGGGATTGACAGTTTCCGGAAGATTCCAGAGAAGTGTATTTTCGTAGCCATCGGCCCACTGCACCTCTGTAGATCGAACTAGGCGGTTATTAAAGATGAGTGTGTCCTCCAGTGGACAGCTGTAAGTTGTGGGCCACGGGCCCCGTACTCCAACCAACGCCGCTTTCCAGGCTTACGATCCTTCACTCCCAATTTGATAGCATTCTGCCGAGTGCTGCTATTCATGCCCATCCGTGGCGGTGGAACCCCCAGGTAAATCTCAGATTCCAACTATTACGCATGTCAGTAAATCGCCATATGCCGTATGCCGTCTGTTACCGACCCTCAGGTTCCTTGAGTTCGTACCCTTGAAGCAATACGCGTTTGCCTTTAGGGTTCTTATGGTCGAGGACAGCGGGAACCTTACGAATCA,1181,49.53,Mus musculus
SEQ_536829,GCATAAGGCAGAGGAGCGTGGGCCACGCTCGGGTGGACTATTTTTCACAAAGCGTCAGTCCCAGGAACTAGCGGGCACTCCCCTATTTTCTCCAGTCCATAGGCTGTACAGCTCAATTCATCGATCTTGGCGGCGAATACTATTTCAACGACACAGACAGAGGATATGATACTTTTCTCCCATCCACTACACCTCATTGATCCACTTTGGGGCCTCAGGGCGCAGATAGCTGGCGAACTCTTGCGCGCATTTAGACATCAAATGTCCCATAGGCGTGTCGTGGATCTAGAACTTTACATCCACAATTGCTATGTTAGCACGCTAGATCATCCGACCATTGTGGATTGAGCCATGTTATTATCAGGCGATCTGCTTGCGCCACTATTGCCGTACTAAGCGTTTGCGCCTTTGTTATACTCATACATCTACATACCTAGTACAGTTTGT,447,48.32,Mus musculus
SEQ_697426,ACGAGAGGTGAGGATCTGGATGGGGGTTTCTAGGGATCGCCCGTCGCCGGCGACCTAATATGTACTGGAGCCGTCGGATGTGCTCGCACCTGAAATGACGAAACTGACTGTAACCAAGATTCTTCTTAAAGTCTTACATTCTTAGGGCGCCCGCTCCGTGTCCCTACGTGCTGCATGAATCCTCCCTAAAAAAATGTGACCAAGGTATCGCAGCATCCGGGTATACAGCACCGGCTATTTCCACTAAATATCTAGCTTTTAGTAAACTTCTCCCAACAGTCAGTTCAGTGTCTCAACGGAAATCGCCCCGTTAGAAAACTCGACTAACACCCGTTTCGCAAACGGAGTCTGCACTCATTTTAAAGACTAAGAATGCAAAGGCGGATGCGCCCCTCGGCCGCGCGGCAGGGATTGAAACGCACCGCCTTACGCAGTAGTGGCCGTGCTACGACGGGACTAAAGGCCTATCCCCCGAAGGGCAGCCACCCCTCTATGCGCTGCGAACCCAACGTAACCCCGAAAAGAATAGCAAGCCGCGTCTACAAGGAGCTAAGATATGGGGTCTTCCCTCGATCTCCCACAAGGTGCTCCCGAGCTGGGAGTTGCAAGAAGGTGTACGAACAAAATACTGAGTGGCTCGTTGTGAGATTTCCGAAGAGATATACTACCATGTTTACAACAAGTTCGCTCTGTGTTGAATCCGCGCGTGCGCATCGTTATGCGCATCACAGGCAAGTGACACATGGTTACTGCGGAGGTGTTTTGAGGCCTGTGCGCTCGGAACCGATACATATG,795,52.2,Saccharomyces cerevisiae
SEQ_200995,TTGCTAAATTAGCGCAGGTGAGAATGCGATAAGCCGGATTTAGGGCGAAGTGGTCGGCCTACTCCATGAACTTTTAACAGACATTTGAGCTGGATAGAATCATGATTATAGGGTCAGATGAGTAGCTCCCCAGACCATTAACGGCGAAGCCCCTCTCTGACGGCCAGCAACCTGAGTTTCTGATGACGTCAGTTTTATAGAGGATCTTGATGGCAATTTGCTTGGACCCTTCATTCAGATGAAGTTACGGCTGGATTGTCTGGTCTGTACCCCTAAGAGGGGTCGCCAATGGACAGCAAGTTTCTTGGCCCCATCATGAATTGGTTGTACAGCTGGGGACGGCGCCTCGCCTAGAGTTCACATCAGAAACAGACTATCCACAAGGCGGCATCCAGTGGCGTCCTCACCTGTAACGGCTAGTTTTCACAAAACAACCAACTCAGTAAATTCAGGAACCGGTGCGCACATTATCAGTGGGC,479,49.48,Mus musculus
SEQ_400178,CCTTACGTAGGGTCCGTCTGCAGACACGAGGTACTCTGGCTGATGATGGAGGCAATGCACCCGAAAACTGTATGAGCGTCTGCATTCACGACGGCGTGAGGTGACCGCCAGCTGGTTACAGAGAGCTCGTCCAAACAGCGGCTTGCTTGACTGTGGCCAAGGCCTTCAGATCTTTTAACGGTGCTAGAAGGCGCGATGTACCTCAGCCGTCGCTCATCAGTAGCTAGCAGTGTCGCGGTATACCACTGCGCTACGTAAACTAGGACGCTGACTTCTCGACGGAGACACTATGCGAATTACGATACGTGCGTACTAGATACAGCCCAGAATTGAGGCTAGTGACGTCGGATGCG,353,54.67,Saccharomyces cerevisiae
SEQ_640870,GCACAGTCTGAGAAGCCATGCGCTAGGTTCAATTGCTATTCGCTGATGTATTTTTCTCCACATAAGCCCTTGTCACTGTGGACGTCAGATGGTTCGTATACTTTTCGAAAGTTCCCGTCATCTAGGTATAAACTAATAACATCTATTTAGCTGTTGTCTGGCAGAGCTCGCTGCTTGATCGCCCGACTCGTGCATATTATGTTGGTGTGATACCATCTTGGGAAAACAATCAAACGATGATGACGAGACGAAACCCAAAGGCATCCGCCCATGCCTAGTAGAATTAACATGACCCAATCCGCATTTGGGGTTCAGCACGCATAGACACGCTGCTGTTCACTTGACAAGCCACGGACTGTTGCGGTTCCAGTCCCGTAAAGTGGGAATCGCGGGAGGGGCCACGTCAGAACTCCTCTGTTTTTATGAGAGTAGGCTTTCATAGGAGACATAGCTTTTCAATTGTCGTCACCGCGGATTGAGAACCGCCCTTGGTCGAATCGATATCTGTGGCAGGAGGGAGAACCCCGGGGCGCTCCGAGCGTGACCCGTGTGCTCACACAATGTACTCTGGGAGCTGGTACAAGCACCTAGGTACGTAATTGATCGCCTTCATCTGGAACCAAACTGGGGTATGAACTTGGATCATCTGGGCTTCATCGAATAAGTGGTGGACTTCAGACCTCGTACCGGGTGTCTCTTAGAGATGTCAGTTCACCGGTCAGAACTGCGCGCCGTTGTTAACATAGTCTCCCCAATTACATAAGGAGCTCGCGTTTCGGCTAGGCCGTCTTCGCTCGAACAATTACATGGCGGGGTCGAAATACTTGAGTGGGACCAGTCAGTTGCCACCAGACTGGGTGCTCAAATGCTGTAGCCGGTTCCCTATCACTTGATAAAGGAGCATAGATCTATGCGCCCTGTCTATACCATCATTGCCTACCCCTGGTATCCACACCTCATCACACGGATCACAGTAAGAGAACCGTATCATGCAGTAGACGGTGGTGTAGGTCTCTCCATTGGACAGGTCGCGATATAGTCAGCTATACCCAGCCTACCTCAAAGAGGCCCCCTCTATGGCCGCTGAGTAACAGGCGCGACTGCACTAGGCAGGACTGGCAAATGGTGCCGGTGGTTAGCTCCCCGATTTAGTCACATGTAGATGCACACGTTGGAAGGCGTTCGGTTGCGGGTCATAACGTTAGGAGGAGGAGAGCGCGTTCGTACGAGCGATTCACTCCCAAGGTTCCAGAAA,1255,51.24,Caenorhabditis elegans
SEQ_495841,CACGCGCCTGTAAGTGCACGAGTGGCTGGCCAAGGTCATGCGGACGCTCTCGGCGGAATGTTAAGCGCTATGTAAAGATTTCACAGGGACTATGACCGTAGGACTGGCTTGTCTTTGTTCCTGTCGTCTCACAGGTTAGCGGGTCTGCGGGTCCCCCATTATAAAGGCCGCGCCTATATATTGCCAGATCTCGAGATTGCGCATTTGTAGGTTCAGAGCACAAATGGGGGTCAAACAACCAAGCGACCCGGTGAGGCTAGATAATGTCCCCTCAAAGTTCTGAGGACCATCCGCTCTCCCATTTTACTCTTGATCTAGCAAGCCAGTCGGCTGACGGAACAGCTAACTACGGTCTCCTTAGTTAAACCCTGCCGTTGGTTCGGTCAAAGTCTTCACTCTGCTGATGAGCGTTAAATCTACTGGTTCAATTGGATGCAGCTGGCCGACTTCGGACTCGTATTTTGGAAAGTCTTCAACAGTCGGATCCGGAATAGATATTTCAGGGATAGAAACCGTTTGGTAGTAAATATCTCGGCAGACGCGGCGTCCAGCGCGTGCCAATAGATCTAATCATGTCGAAGCAGTCCGGGAGCGCCTAGTACCTGAGGACGCACAGAGGCCTGGGGATCCGGCGCAGCGAAGGAGGCAGAACGACAACACTGCGCGTCGAAGAAGAATGTGTCTGCTTGAACTGGGACGCTTACTTACCTCTCTAAGTGTAATCAATCCTTTTGTTGGAGGAATAAGATATACATTTTTGATTGCCACACACCAATGACCGAAAGGCCTTTTTTACGCGCGTCCCCTCACACTAGGCTCCGCAAAACTTCTCAATCCCGAATGCAATAATGCCATTCAATTAGCTCAATTGGATTGGCGACTGCGGTTTGTAGCTTTATTCACACCTCGTAAACGTAAGTAAAGCTCTTAGAATGCGCTCAC,942,50.0,Saccharomyces cerevisiae
SEQ_426060,CACTTTAGAATGTAGTAAGGCCGTGCGCCTGGCCCGTTGCCCCGGCACTAGACGTACAGCTCCTCATTATTGCACTCTCTTCGTGTTACCTGGGTGGGCATAGGGAGAGTCACAACACCTCGGCTGTCGCGTGCTCCCCAAGTGCTATGATTACAGAGGTCCACATCTCTGACAGGTCATTGCTTTCCAGTAGTATAAGGAATCTTATCTTTCCATTGAGCACGGTGTACATTCGCGATCCTCAATGGTTTACTATAAAATAGGACCGATGTGAGGAACGGGGCTATACTTCACATTGGCGACTCCCTCACCGCCCCTACAACATGATGACTACCTCGGCGTATCTGTCATCACTTCTACTACAGCTTCCTCTAAATGTATGTCGCCTTGGCGTAGTCGTATGCATGGAAAGCGTAACGCGTAGTGATACAGGTTGGACTCCCCGAGTAGAGGGAAGAAAGGGGGCCCGGCGCGGTCGGATGTGCCTTTCGCTTTCTGCGTCCGGGATGCCTCGTGTTCATCCGTACTAGTACAAAATTGCTAGCCTATTACACCTTCAAGACTTGCCCCGAATCCCGTATCGGGGAGTAGCTGTGGAACCGCCGATGTCTGTCTTCGTTCTATCACGCGAAGGTATCCCAATCCTGTAATACTCAACCAACAAAGATCTGTCCACGTAACGCAGTCACACATCACCTGCTCACACAGTCGCATACTGCCTGCGTCATCTGATTCGTCTACAATGCATGTTCCCGTTTGTATATCTTCATTCGGGCACTATCTGTAATTCAGAGTGAAACTTTCGAATTACGAATCTGGACCTATACCGACGCCATAACATGCCAGATCGTGACGCCTAGGAGAGGATGCTACTGGGGGCAGGTAAGTCTCCAGAGGACTGCTCACTTCAGAATTAGGATGTCGCCAGTCACTACTAACGAAAGCTTTTTAGGTTTCAACGGTATACTCGGCTCGATAGCGGTAGGCATCCTCTGTTTGCAAATCGCGCCACTGCTTCCACCTTCCTCTAGACGTTTATTTCTCAAAGAGTTCGACGATTGGTAGCAATCCTGCGACAATTCAGGAGCTACCAGTTGTACAATGTTACCCGGAGCGGAGAACCGTGGAAGCGTGGGTTCGAATTGGCGGAAATCGGCAATCGTGAAACGGGGCCTACAAACGCAGTTTAGGTTCCTGCGGCCAGTGCGACATGGGTAAACATCTCGG,1227,50.61,Caenorhabditis elegans
SEQ_143728,CGCTAATCGACATGGAGGTGTCCACCTTAGATCCCTCACATGTAGTGACCCCTTTTAACACTTTTAAAGAATAGTCGGTTCAAGGTCCCATCCCTTTACATTACTGCACTAAGTAGAATCCCGCTTAACGTTTGCGAGCATATTCCTAGGGCAATCTTAGTTTCTAGTCAACCTGATCCTCGCTAATAGTCCGCTACGTGGACGGGATCCCAACAGCCAATCTTCGTTAACCTGGATGCCACTGCTAGGTCTAGGTAGAGCCTGCTAGCTGTACAAGCATCGGGGCGCAGAGGTTCGTCCACACGCCACAGCGTGACGTGTATTGTATAAGTAGTAGCCATATACTAGTGTGTTTCATTGAGGATCGAGCGCATCCACTTTCCCCTCTGAAATATAGGCTCGACGAGTTAAGGTGCGAGCGCATTTCCTACACCTTCTTTGCCCCAGCGGCTGAAACGCTTGGCATGGTCTTCGGAGGCTACTTGAGTTTTTTGCGTCTTCAACGAGTAGCAGCTAGTTTCCAAATTATAGGGTGCGACTCGTGACTGTGGAGGCTCGAGCGTGACAGTCTCTATTATGCCGTGTGGAGACCCCTCTGCACAAACCTAGACTATACTCAGTTGTGTGCCTGGAGTACCGGGTGATAAGTCAGGGGTCTATCGTAACGTCAGTGTGCCAACGGTAAGTCTCCCGTGCTCGTTCCTGCGCGCCGATATCCTACCTCCCTAATCCGTGTGGCTCACTACACACTATTAGCAGCCAGGCTGTGGGAACTTCGCTTGGATGGGACGAGTCACCAGGCTTCATGATGCCTGCTATAGTTGCCCCCATTACGAGCTCCTCCGGCTCAACGAGCGGATGGCTGTTGAAGCGCTGTCTTATTGACACTTGCGTATTTGATTACGACTAGTTGCAGGCTGAGGACACATTAGGGCCCCTCAGCATAACTCCGCTTATTTGACGAAAAGTGTTGGAAAGAGTCCCGAACTCCTCCGTTATCGCAGCGTCCCGGTAAATCATGCGGCACTCACGATAGATCGCACAGAATGCACACCTAAAAGTGAGATAATGCCTTATTTAAGCCGATTTAACACACAGACCCGGCACGAGTACTTCGGCCTAGTTTATCCCGGGGTGGGCCTGGTATCATAACGCCGCGCTTGACCCCGCGGACCTAATATCCCTTAAACGTGCGGTTCAAACTGTTCTGTACCAAACTGTCTCTGCCTGAAATATCGCGGTGAGTGCAACACGCCACGCATTCCTGTCGTGACAGCAAGTGCTGTTGAGAACCATTGAACCTCATCGATCCGTAAGTGCCTGTCGGGAAGATCGGCGCCGTAATACCAAGGACATGGACCATGGGATTGCATTGAGCTAGGAATTCTACTATTACGGCCCCGCGGCGGATCATCGGAGGCCGCTGGTGGTTTACACTTGGGTGTAAAGTTTGGGTCGCCGAGTTTTCGACGAAAGATCTCAGTGACAAGCGCTACTGTGGTGTTGACTGGTACATGAAACGTCTCTCGGCGTTACACTGCAGTGACTGACGTGCTATAATCTTCGCAATACGTTATCGGCCCTCCCGAATGGGCGAAACGTGGACATCAGTTACCTACCAGCTAGCCAATCTGAGCCTGAGCCTACTCCATGGCGAAATCGCGACCTGAGAACAAGTAAGGTGAGAGTATAACGCTATGATGATCACATTTTAGCCTGCGTTATTTCGGAATTTCCGGAGTAAACCGTATCCCCGTCGAAGGTTTGTGTGGGGTTACCACCGCTTAACACATAACAATAATAAACACTGTCCCCGCGACACTCAGGAGAGCCAGTTGCTAGGGAAGACCTTGATGCTTACGACGTCGCTTGGTGGCCATTTCATTTAGGGTAGGCTACCGTAACTACCCAGGTCTGTATCATCTTCCAGCCCCATACCGTTCGCTGGAGTTACTCTGAACGTGGGGCGGGTAGCAAGTGCTAGTACGACTG,1992,51.1,Drosophila melanogaster
SEQ_963634,TAGTACAGCGGGGACGGAGCAGAACGGCGAACTCCCTCATACCCGAACCCCTAGCGTTATATTGAGATGGCAGGGTCATAAGCCGATGAGAAACGGTAAGCGTTAGCCATTGATGCATCAAGGACGCAGAGGATAGGTCTACTTAAGCTAGGCTTTCACGCCAGATAGGGCGATAAGAGGGATGCCACCAAAGACGTCACATGTCCTCGATAGCGAACATCCATAGAGGGTCGGCTGAGCCATTTGTACCTAAAAGTAGCCACGATGCACCATCACCTCAGCGTCTTCGCAAATCCTACTCCCGCATCAGGACACAGGGGAGGGTCAGCCTATTCGGTATCAACGACGAAACGGAATGACAGATAAGCTCTATTAGCCGAAAAGGTTTGACGGGCATGCTCAAAGTGGTTCTCCTTATGGATAGACCAACGGAAGCATCAGTGGCCGCTCATCACCGGCCGGACGTGTACAACACCGTTCGGGGGGAGAGCTAGAGAGTAAAGCAAACTTGCATTATGGCAAGGGCAACTAATGCGATGTTATTAATTGGGAATGCCTGCAAGAGTAGTAATGACCGAGTCCGCGGGAGTGTTATCCCTTGTCATTACCCGAGAGAAGAGTAGGCACCCACCAGTGAATAGTATTTCGCCCTCTTTTCATGGGCCTTTTATAATAGCATACGAGTCTCAAATGGTCACTTCTTGGGGTTGGATTTGCTTGACTGAGTCCGAGATAAGCTTTTCATTATTGGAACTGCGAGAAGGCATCTCTGTGCTCACCAGAAGGGTCCGTTTCTGATGAGATAACTCGTCTCATTAGTAGCGGCTACGGGAGTGCGGGATAGGCGCTCGACCCCCGTAATCATTACCTTAGATGGAGAAAACAGCGACTCACTGGATTTTTT,904,49.89,Mus musculus
SEQ_328977,ATAGCGCGGGCAGGATGGGTCCCTTACCGGCTCCACATCTTCGGATGCGGGTGGTAGACCCTCAGCTTTGGCCCGTCCGAGACTATGGACTAGATTAGTTGCTGGTACGTCTCGAGTTCCTCCCCAGCCCTTCCAGAAACGTGGACCCATGTGTCCGCTGCGTAAAAAGTTCTGGTCAAAGTATCTGGCGACCGGCGATATGATAAATAGCTCGGCAGCCACGCGGAGACGAGTATTCCCGCGCATTAAGCAATCTTTTAACCTTACGTGTAGGCCTATCGGTACAACCCATACCATCTAGTCTGATACATTGCAAGCAATTATGCAACCAGGGTAAGCACTACAAAGGTTCGGTTCGTATGGTCTGTCATCTCTACCTGAAGCTGGTGCATACGGATACCCTCCTCCCCCAAGGGTGTGATGCGTTGCCCTAGCTTTCGTCTCCCAACACCCTCATCAGTAAAGGTAACTCGTTAATAACATTGCCACCGACCTCGCTCGCGTTTTGCGTAAAGATCGTAGGGACGGCACGGACGAGCGAGCTACCCGCAGATGTGCCGTTAAGGCCAGAGGTGCGCATATGTGCATCGTAATCGGGCGCGTGAAGCGGAACAGACGATTATCGACCCGCTTTACGTAACAATCCCACGCTCAGATCGCATCGCCCAGATCACTCACACGTTCGGTTCCTACTCTTGCTTCCACCAACCGCCTCATGCACACGGAATAACTGGCACAGGTCGCCAGGGGCGATGGGAGACCGAACCGCATGGAATCAGATGGAGTTCACGTTCAGGAAACTCTGCCTGTCGTGATCGGCTGTCATGGGCATTATGTCCGTGGAAAGTGATCGTTCTATTGCAACTGTTGGTCATAAGCGGCTGACGGAAAGTGTCTACCTGAAGGTTCCCTTTAGCTCGATCAAGTTGTATAGGTAGTCGTTGCTCACCGCCGGCTGAGGAACTTTCACGTGGTGCGTTATCGCAACTAACAGGTGCATATTTTCAAGCTGGGGTCTCAACGACTTTCGCCTGTAACACCATGAACGAATGGGCGTTCAGGAATAAGCTACAAGAGGTAGCTCTTTAACCTTAAAACACGACTTCTGTGGCATCGGCAGGGTACTGACACGTGTACCCCGGTAATGCAGCCGTCCCGGTCAGGTGGAATACGCTCCACTCCCAACCAGGCGCTGGCTAGGACTCCTCTCCAGATACAGCCTTCCGGGACTGCACTAGGACACACGCACGAGGCCCGGGGCCATCGGTCAGGTTTGTGCAAGAATGTGCAAGCAATTTAGAACCGCTGAGGAGGACGAGCACCCTCTAGTGCAGGCCCTCTGCCGGGTCGTCTATTACTCTTATTCGTAACCAAGCAGTTTCGGCCGGGCGACAAAGGCGAACCCCCTCATATCGGGCAGATGCCAAATGGTTGT,1435,53.8,Mus musculus
SEQ_935329,TTGTGCTAATAACAATGAGCACTCCAGACTTGTTACCTTCGCACCGGTTTGATCAGTACGTACAACTCGGGGCATTAACAAGTTAGGGTAGGTGGCTAGCGCGAGCCATGCCTTTTAGCATTAGGGATCACATGCCAGCACAGGCAACCCACCGTGACAAAGCGAGCCTTCAACTATTAATCCATCTAAAGGTAAAATGATCTGAGCCTCGCCGCGTCCAGTATTCTAGGAACAACTCATGCGCCATTACCCCATCGATAGCCGCCTTTTTCAAAAAGAGACGGTTTAGTTATAGAGATGCTAGATCCAGCCGGCAGGCTACGCCGAAACGTCGTTGCATATACCTCCCCAACGGTCAAAAAAGATCCTGATTCTGCTTACCTCGTTCCGCTACATCTACTGTTTAAGCATACTACGATTGCTGATAAGACGCCGTTGCGGCGCTCCTTCCGGATAGACGCTATGACACCGGGAACACGGCGTGTAGGAGGCGCTTCACATAATTTGGTGCACATTGTTCCCTGATGCAACGGGCCCTCGATTGCGCGAGGTGCTGACGTTGCGACCTGTCGAATTTAGCAGTGTCCCTCGACGAACAATTTGCGCTGCTTGAACTTTAAGAGGTGAGGTTCGCGACGGATTAGAATAACGTGTTCTGATCACGGACGGGCGCTGACTAGCAGACAACTTTATACCATTTCCGGTGACTCACGCATGGTCCACTGGCGTAGAAGCGATAGCATTGTCGTCCCCCTTTCCACGCGCATTCATATGAACCCTTTTGACGGATTTTACCCTGGTAACATTTTACTTTTGGCGTGCACATGCGCGTGCGGGTAGATACGATAGAAGAACAGGATGTAAGTATTGGTTTTACAGGGCCCCCGTTGCGCTATTCGGTTCACCGGCGTGGTCGCTGGATCTTCATCCGCAGAGCGCCCGCTTAGCGTCGCTGAGGTCATATTCGGGTGACAGTACACTTCGGCCCACCTCTTGATTCTGAGCACCTTGATTGACCGATCGGACAGGCTAGCACCTAGTCGGCGCTACGCTACTATCTTGCGGCCTCAATTTTACGGCATTGTAGTCGAGCGCTTCGACGCCTGGTCTGAAGACGCCCTATCCCGCACCATCCTTTAGATTCTTTCACCAGGTCAGCCGGTCGCGATTAATTTCCTCGTACGTAGATCAGGTTTACTCGAATGAGGGCACTATCGAATTAAAAGTAGAAATCTAGAATTCATGCCTGACTACGCAGGATGAAATGGAAACACTATCGGCATGCTGTTGTGCCGTATCGCTCGATCCTATGCGACGAGCTGTTCTGATCAGACCCTTTCA,1341,50.71,Mus musculus
SEQ_394309,GGGGGTCGAGTTAAGGTCCGATCCTTCGACATATTAGCTCCTTAGCGCCACGGCGTGTACGGACCCTCACTAAGTCCCGAGGCCATGTTGCTCAATTGAGATTCCCGTGCGAAGAGCTGCAACGGTCCGATTTGACAACAATCCTGCTCCTCGACATATGACAAGTCTGAATGCCATTCCCCCGGGAGGACATTAGGAAGAAAACTTGTCAGTGGTCGTTGGTTACCAGCAGCTGTTCTCGGCCCAGGCCGATCTTCTAGCTTTAGATAGACACTATTTACAGGGAGTTGCCAACATCATGACACGAGTCACGAGCGTCACGTTCTCTACACAGGAATGTGGGCTAACGACTAACTAGTGGTGACAGGTTGTCGGTGCGAGCGTACCCTGGTACCAAAACTCATCCATTGCCCTCCGTGTGGCAGATTGACGTGCGCCATTCATAACAAGGGTGCCCGGCCACATTTTAACTTAAAGACTGCTCTAGTGGACTGAATGGATATGTCGGTAAATAGCACATCGTGTATACTATTGCGCGAACCGCATGTACAGAACACAGGTGTCCGCGGGTGGGTCATGTAGAGCGTGGTAGTTCATACAGCCCGAGTTATTTTGCAAGATTTCGGAGTAGGCCTAAACCACTTCCCCAAACCTAAAGTACTCAATATATCGCTGTTTGGGGTAGGATTTGACGTAACTTGTACGCAGCCCGGGAGCAGGAATGTGTATTGCTGGAAGCGTGACGACCGCGTTTATTTCATCTGGATTGGTCGGAGGCCATGTGCTTCTTCGGGTCTTTGGGCACGTAACGTTCGTGAAGTTTTTAACAAGCTGCTACAGCAAGCGATAATATCAATGAATAGTCGCACGGAAAACAACAGAGAGCGGATGTACACCACTAATTCGGGGCCCAAAGATGGAGCACGGGCGGCGTGTCTCCAGGTCGATCTGGGAACCCAATGTCGGCTGGTGCACAGGAGTAATATATCAATGTCGGAGAACCGAAAAAATAGATCAATCCTTACTCGGATATATACCAAACTTAAAAGCGATACATGTTGTACCGCCGACTTGGATAGCACATCGGAGTGTGCAGTAAAGGAAGCGAAACCGCATTTTGCCGTATTCTTGTGGCTGTTGCAAGTGACCTTCTACGTCGTCCACTTGCGGGGCAAAACAATGTTCCGTGAAGGGAACCGGGCTCAACCTTTAACGAATCGGCGAGAAACTATGTTCTGATCCGGAGACCCGAGACCTCACTGTAGGGACCCACTAGCACACTTGCACGTCCATGGAGTACAGTCACCGGCAGGTACCAACGAGTCTGCTCAAGGCTTTCAGCGGGTCTAGCCGACGAGAGTCGCTCACTAATGTGAGAACAAACTTAGCTAGTTCGGTATGGCGTGGTGTGTTTCAGGACCGACGGAGGATGCGAAAGCCACAAACCCAGCGAGCGTCGATCACAAGGGGGAATTATAAAAATTCTAAGGGGATTTATTCGTATCACTAGATACGTAGGGTTCGACAAGCGACTAGTTGCCTAGGAGAGGGACAAATTAGAGGATGTCCTGTTTTGTCAACTCAACGAGGGTGGCGTGAATGAGAGCCCCAAGATAAGGGGTCTAACAACATTAGCAGTGAAAGAGCACCACTTGCCTGTATCACCTACTGGGCGGACGGGTACCTTCCCGACCTGACGTTACGCTGTCTGATTCGATCGGCAGTCAGGGGCGCACACACGTTATGCTAAAAGACGAAATGGAGCTTGCACCGCCGGTGCCAGATAGCTTAATAATCGATGTTATCCCGTCTTACGCGAGGACTGATGTATTACCTTGATAGCTGTGTTCAGCCAACTGTGCGTAA,1866,50.27,Drosophila melanogaster
SEQ_891912,CGTATACACGCCGTCTAGTGATGGCATCCCACGCCTGCCTCCTGTATACCTTACTGTCGCTGACTTATCGGATGATTGGCTCGAACCCGCTTATATTGTATATATTAGGAGCAATAGCACTCATGAGAATACAACCAACTTTCTGTGGGTTCTTATGGGGGGGTGTCAGAAAGCGGGGTGTTGCACTCTAGGGCCGGGCTGTCACATGTTTTTTGCCGTTGATTATTCACCGATAAGCGTCACAAAACCTCTCTCTAAAGAACACAATACCGCCCCGAGTTCGCCTTACGACACGCCCTACGGGGCATGGGTGCCGAGACCGCGCGGGGGGGTGATCCTGCACTGGCGCCAATTTCTGGGCTCCGGAAATGTGCAATTCCTTACAAAGGTGGTTACCTGCTTGAAAGAACTCTAGTACCCTACACCGTTCGTCTGATATAACGCGTCCGATAGGACAAGACAACGCCTAAACTAAGACGTTTGGCTTCATTTATATGTCTTCGAATGGTCCGCCTCTAAATTTCTTGTAATGCTTTGGAAATCAAAGATGTTTTCCATAATCGCGACCGCCCGTCCTTTTATTAGAAATTAGTTAGTGCACACATGAAACCCGCGCACAGTGCCGTGCATGACGGTAGGATATGAACGCAATATTATACTAAGGAATCACTTACAGGTGGTGTGTCCAGCAGGGGCTAGCCGGTGTCATGCAAGTAGTCTACATCGCATTAATCGAATGAAGGTAACACGCCGCTGTTCGGATGCGCTTTGCACGTGCTTGAAGGTTTTGTCGGAACTGGCACCCAGCCTTTATCGAGATGACTTAAGCGAGCTACTTGCAGTCAACGAGCTCGTCTCCCTGGCGAAACCTCAGAGCAGGGTCGAGCAACATGCTGGTCTAAATCTTTATGGGTACTGCATGCTCTCAGAAGACAGCCAGATAGCCGCGTAGTAGCGAGTCCCTCCACACTGCGGGACTTGCAACGGGACCGTAGTATTAATGGGAGGGTTACTTGGTAACAAGGGAAAAGACGTAGCAACGAGGCCCACCAAGGCAAATGACCGCTATGCA,1072,50.0,Drosophila melanogaster
SEQ_462097,AGTACTTCCATCAGCATATAAGCACCGCCGAATTTCAGAATGTGTTCTAGGTTATCCCGGTGTCCCTCGGCTAATTCCGCGCTAACCTCATGCGGTGAACTCTAGCGCCAACCTCCCGTGGGACGCCGCCACCGCATCAAGAAGACTCTGGTCCATATATAGTAGTGGAGTTTCGCCCGCGATCCCACAACACCAGAACTCGGTGAATTACATACGTTGGGGGCGCTTGAGGTGGCCTCGCGGGGCTTGTGCACTTCTAGTATGATACACTGTTACGAAATCAAGCTACCGATGTTCGAGTGAGACCTCCTTGGGTCGGTTTTAATGCGGATAGCAGTGCCTAACGCGGGACGTTCCCGAACAGCGTCCTTCTACATGAATGTCAGCTGATGTTCTCCGCATACAAAAGTGGAGTTACATGCTATCACTCGAATTGTGCCGGCGCATATCGAGGGCACCCGTTTAGAGGCTAGGAACGTAAGCTGGGTCGTAGATCACTACGAAAACGCTCAGAAAGTGCCGCTAACATTGCGCAGCATTTAGTCCCGCAAGAATAGGCCGCCTAGCTACAACCGACTGTTATGGACAATGAGTTATCTCCGTCCTGAAATGGGAACACTACCCCCTCGAAGGTAGAACCTACGGTCACTGGTTAACTCTGTAGGCCTGGCAGCATCTTAAAAAGGTAGGGAGCCCACTTTAAGCAGAGGCCGATGCAGGTTCCTCGTCCAAGTAATTGCGTTTCCTAAATACCCGCCTACGGCAGTCGATAGTTCCGTCTACTAGTACACGTGTTGCGCATATGTCGCCCGACTGGCTATTTACCTTGGAACTGATGCCGTGAGGTTGACGGGTAAGTGAGAAAGACTGCCTGAACCTTTCCACGCAGTCTGCCCGAATGTTCCGGGAGCTTTAGAACTGAAAATCAACCATATACCTAATTTTGGTATAGATCGTTGTAGCTAAGCAAACAAAAGGATAGGCACAAATCCTAGTAATTGTTTATCACTCTGTCGCCACCACAGGCGAGCACCTATAAGAGCCTAATTGAGACGTGCGATCAAGCACTTAATATTCGCAGGTTTGTAAACAATAGCAGCCGGGAATGGTCAAACGAGGCCGGGGAACCAGAATAACAGCGTCCGGTATATATTCACCGAGCCCACTGAGTTGAATTCCTTTAGCACTTCAAAACCAGCAGTTCCCGGGATATGGTCGATAGGATAGTTAGTTCGAGGTGAACTAATAGGTCATTCGCGCTAGTTTAGTTAGGGGGTTTATGCGTAAAGTGTAGATT,1297,49.42,Caenorhabditis elegans
SEQ_211757,ATACTCGAGGCGTCCACTATCACCTTAGTGTTTGTGCGCACAGTAAATCAATTGAGTTCACGCTTCCCTCCGCACAAGTCTCGACCAACGTCTGGATCAGTTACTGCCATACGCGCACAACCGAGCGGTCAGGGCAATTTAATCTTAGGACCTAATGGTTAACTAAGCACAACGGCAAAGACAGCATCCGTAAATTTGCCTACGAAACATACCGGCTCAAGGTACCACGTGGGACAGCATTGACGGAATGCCGAAACGGTTTGGCAAGTTGGCCCTAAGGCCCTCTGTATAGAAGTAATAAATTGCGCCTTGTTTTAGCACCGACCGATAGCGGGTCCTCAAGGTCATACACGGCGCCTACAGGTCTCGCACGTCAAGAGGGGGCTTAGGCGATAAAATCACGAATGCGGGATTGAACTTTCAAGTTCTGTGTCTAGGGATTCTCCCGGCATCACCCCGCGAGGACCAAAACGTGCTTTTCGACAACCGGCCCTGCGTATTAAAGGCCGGCGGAACGGATCAGGTCGACTATCAAGAGCGTCGCGGGGAGGGTGTTATCCTGATCCTGGTGGATAGTTCCAAGCCATACCTCCGCGAGGAATGGGGTGAGTCGTTACTATAACGGATTTTATGACTATCCGCAATGAAGTAGGGATGCACGCGCAGAATCTTTTAATGAGGGAGGGTACGACGTGCACGCCTGGGTGTAGTGACCTCGAGCACATCTCGTGGAGCTACTGTCATTCTTGTGCTGAGCGTCAGGGAACAAGTTCCACAAGAAGATGAATGCCCCCTCTTGCCGCAGCCTATGTTCTTCGACATCATAACGTGGCGCTGTCTGTGTCAGTTAGACACTCACTCCCAGGCATCCAGAGTTTCGTTCGCGGTTCTACTCCTGAATCTTCGTCACAAATGCGGTTCATAACATACTGCAAATTGGACTAGAAACCCGGTTAATGAGAAGGATCGGATTCGTGAGGGACCACTCAGTACCAAACTGTGAGTATAATTAGGTCATTTTGTCGGTGGCGGCTGTTCCGAGAAGTGAGAGAGTACGTAGATGGGTGAATTGGTTCAAGACGGGGTTGGTAAGGGAATGCCTTACAACAATAAGCGCAGAGGTACATGTATCGCTTTAGGGATTCTATCACATTATTGATTGAGATATGTAGGGGTAGCGCCGCGTACAAAACAGTGAAGAATCGTCGTAGACTACACCGTTTGAGACCTAAACAACCATAGAGGGTGGGCCTTATCCAAGACATTGTCCTTCGATTCTACCCCGAACGTATCGGTCAGCAGTGGCTGTGACTCGCTGTCTCCTCATTTCACAATTCTTATGACTAGCGGCTTACGGAACGCCTTTACGTAAATCTGCGCCCGTAGGTGCAGTCTAAAGGAACCACACCTCTCACTTGATAGGTGCCGTTGATAGGGCCCCTAAGGACAGGCCAAAGCGACGCCCAGGTGCGGCTCCAAACATGTCGTGACTCGCACCTTCCGATTTAAAGTACCGCACTGACGTAGACCGTCTGCCCACCGCGGCCCTCCAGC,1554,51.03,Caenorhabditis elegans
SEQ_167391,ACCACGCCGGCCAACAGGATCAGTATTCGAGGTGTGTGACCGGAAGTCTCACTACTTTGTTCCTTTCCACGCATCCTGCCGAGGCGACCTGACACAGTCATGTCACTAACAGATAAGCGTGCCATTTAATTCAGTGCCTATCACTAAGCAATTCTGTAATAAAGTAAATAACGCGAGGTACCCTCGCCCGTCTTCTGATGGGTCGTACAGTGTCCGCAATGCAACGGATTGCCGTTAGCGCCAACTTAGGAACATATAGTAAGGTGGGCCCTCAGTTTTTCCGTGAAAATGGCGTGGGACGAAACTCGCTGTACGGCGACCTACTATTCTTTGAGTTAAATAACATCCTTTAGGTTGGCTCCTGGCATATATACAACAACAATTGGCCACGGTATTTATCGCAGGTTTTCCAGATCGGAGCCGCTGGACAGCACAAGAACACGCATGCTTAGCAACCGTAGTCCTGGCGACCTAGGAGCTATCCCCTTAACATTCGCCCTTCCAGTTGCTGACGTTCTTACACGTTGCTAGCCGCTAGGGTGGCCCACCAAGGGTTACAGAATTGTCCGCAGGGGTTTGATAGACAGTACCTCGTTGTCACCGGTAACCACGGGACTATGTCGAACGGGGTGCAATCACTGAACTCCCTGCCCGTCCTTGCCATAGGCTGGAGGAGCCCCTCGTTCTCCAACTTCATACTTGCTCCCCTATTGGCGTGAAATTCCCGTCGTCGTCAGGCGAGCTTCAATCTTCGGGCAGGCCAGCTGATAGTAGCTGACGTCATCCTCAACCTCTAAATGTGTTCACAGTTAAAACTAAAATTAACAAGGAGTTAGTTAAGCTCTCATCTCGTAGTAGGTATCCACTATGCCTAGCCAGGAACGAGAGTCTAGCACCCACAACAGAAAGCCACCTAACGCGAAGCCCTCGTCGTCCCCCTTTCCATCCTGTGGAGGACAACTTGACCAGGTTGTGGCGTCGTACTAGATAAGAGGGTCAGCGACATCGACTATTTACCGGTGAGTGAGCAAAAAACTCAGCGTATTGGTAGGGATCAATGGTTTATATAACGATCTTAGAAAGACTGGATATCTTATACCTCCTGTTACATGGATCCTTCGGTACGCTATGAAACTCATCAAGCCAACAAGCTGCACACTGATTGGTTCTATCTCCTCAGAACGATACAGAACCCATCCATTGTATCTGGGATCCGAAGAGTTAAAACAAACTCAGTCGCTGCACACGGCGGCCCCGAACGTCACTGTCCCTTGACTAGACTTCCTACATCAGGCGAGGTACTTACTGCCACCTCCCGTC,1320,49.92,Caenorhabditis elegans
SEQ_721649,TGTGCTTAGCGATGTGCCCATACTCTGATGTCATAAAAACTGCACATCGCACAGGGTGGTCGAGTATAATTCTTTTTCGCTCTGGCAGCGCACAATATCTCGCTGTGCTCCTTGCCAATTTTAGGTTCTAAGGATATGAAACGGACGAGTAGAGCCCAATCAAATCATATACAACTTAGCGAATCATCCTCTTCTGTTTCTCGCCAGATTCCTATGATAAGATCGTCTGATGAGCATTGTCCGCGATAAACACACATGATAGTAGCACGGTAACGGCGTACTATGATAATGGCCCTCATTAAGACAGTCCTTCGACTCGATCGGTGATGCTGGAGTTATAGTTGTTCATAGACACCGCGCACTAGGCCTTGGGAACACGACGGAAGCTCGTGCAAACCGCGGGCGTGGTGGTACAGAAACGGGAGTATTACCGTCATTATGGTTAAATTGTCTATTTACAAATGTGGTCTGTCAAGCTTGACAACGGATGAATTCAATGTGCCACGGTGATCCCCAGTCTCGCCAGTTCTACAGATATCACATTAACTCTTCAGCCACACAGGGATTTTTCGGCGTAGTCGGGTCTACCTACGCCAAAGCCGGCATAGAGCCCATGCGTACATTACGGTTTGTGTAAAGTACGCAACTCCTAGACTGCTCCGCACTAAGGTCTAAGGATATTGTTTTAACAATTGAATATATCTCAATTACAA,713,45.72,Caenorhabditis elegans
SEQ_599865,TTGGGGCTAATGGGGCGGAACTTATTACCGCGTTCCTTGTGGAATAGGAAAGCTCGTTTAGAATCCCTAAGGGCTTATCATACTCGCCAAGGGAAGTAGCTAGGTCTGCACAGATTTGTCACGCTTGTCGGAACCTCGTGGATTTTCCTTGTCGGTGACAGGCAAGTAATTGTAATACGTGCGTCAGGCACGACAAGACGATTCTGACTGTAGGGTGCAAACCATGTTTATTTACAGTAGAAATGAACGCTAACGGGGGATGGTCCACGGTACAATATCGTCGATCAGAATAGTCACAATGTGCAGGCTCTTATAAACTCTAGACAGAGCCAAGCCGGCCGCTCGTACCATGGTAGGACATGTGACTGTCCATATTGAATAGGGCAATTGGACTGCATTCGCTTGCGTTTGCCCCGAACATTTCCGATCATAAAACACGACATTAGGAGAGATAACAATGTTCACCGAACGGCGGCAGCTCGCGCCCATTTGGATTCTTACAGATGGCTAGCTCGGTTCCACAGTATTTGTGGAAATCCTCTCACAACTTGTAGTGTTGCAGCGACGATAAGATTCGCGTCGTAGTCGGTAAAGAGCAGCCACCGATCATCCCCGCGGATCTCAATTATGTAAAGATAACTCACTTGGATATACCAAATTTTCAGGCATTCGCAAACTGAAGAGGTTAAGAAGGTGATAACGAATTTCCTTACACAGGCCCGCACGTCGCAACATACCCTCCTCTGGTGCGCGCGAGATAGATTTGAGCGTAAGCCAGAGGGAACGATCCCTCACGCCTCAACGACTAAAGTTGTTTAACACAGATGTCTCGGGATATATTGAGATGTTCGCGGCTAACCGTGACTTATTCGACCGCGATCGAGAGTATCGTTTCGCTCACGTGCTCAATAGGTTTAGTGCCGGAGTGGTTGTGCTACGATGACGGTTACCTCCGCCGGTTCACAACTCCGATTCGGTCAACAGTCCCGGGGACAAACGGATAGACGCTTTAGTGTCCGAACCCGAGCAACCGATTACGACCCGTTACAGGTGTACGCCCTAACTGCTTGTCACGTCTTTCGCAGAATACCTAAGGGTAGTCTAGTCCCGAAGGCTCCTAACATGAGGTCTTTATGGGTCGTCCCAGTCACAGCTGCTGCTTGAGGTTCCACGAAGATGTAGTTATGCTCCCAAAGCTGCGTACATCGCTCTCATACTTGGCGGTGCCTCTGGCGAGTCGTGGCCAAACGTAGATTGTTTTTGGTGCTAATAGCATCTACGTCGCGAGGACTCTCTAGGCGGGGCTACCCCCCCCGCGCTAGCAACTATATGTTTTTCACTAGCACTGACTAGTTCCTTGGCAGGTTACATAAATCCAATAGTCGGGTTTCGCAGTCAGCATAACAACCTACTACGATGTAAGTACGACATCCCCGTGCGACAAGCAGTTTCATGCAGTTCTAAAGACTTTCACTTCTGTTCTTAGTGTGCTCAGCGTAGTCCCAGATGGCTAACGGGGATTACGCGCGTGACTGCGGGGCCCCGTGTCCTACGCGAGTGATTTGGGTCCACGCTAGACGGGATACGGACCAAGGGATGGCGGCTACGGTACAATAAAGTAACCGGTTCAATTTTAGACAAGGATACGTCTCCTTTTTAGCGTCAATTTGGAATTTGTCAGCCTGAAACGCACGGCTATCTCCAGCTTACAATATTGTGTACAATCTAAAGATCCTGCATTCCGTGACGCCCACTAACATGAAGCCGCTTCTCTTGCCAGGACGCTAGACGGTAAAATACGGCTGGACCTCACCACCACGTGTAGCCCCCGAAGGGAGTTTCGTCATGAGGACTTAAGAGTCCCGTAGAACCGACCCGCAGAGCTAACAGGATTCCATGTCTTACCTCTATGAGCCTTTTCGTTACGACCCCGTCGGATTGATGTTCCACGCACCGTGAGGGCTTGCGTGACGAAGAATCCGTGCCT,1987,50.18,Homo sapiens
SEQ_325582,GAAAGTAAACCTATTGCGGCCCATATCTTCCCAAGAATGTACAATGTACCTGGGCCCGGTACAACCATATTCACTATGAGCTTCTGTCGCCAACTAGAGGA,101,46.53,Mus musculus
SEQ_683663,CGGAATAGAAGCGCACCAATCGAATAAACTTAGATCCCTCAAAGGGAACTCGCGCCTATTGATTAAGAAAAGATCAACGTCTAACGCTAGTGCTTAGGGGGGTACCACCGTGGAGCAATTAGACCTGCTCCCTCTCGACAAGCTGACGCACGCCGTAGAGAGGACTGTCGGGTAACTGTGCAGAGGCTGTACTTAAGTTTTGCTCAGATCGATCGCCGCGGAGCCCTGGGATGGCCTGGTCCGGTTAACTTTAATCTTTCAACTAACTACACCGAAGAGCCTTCGGGGAATGAGGCTGGGAACCGATCCCCGGTACTAGCGAGTCGGGCCTTAGAGGCGTTTTCCTCTGCGCCAGTTTTGAAGAGTCGTCTACGACCCGGTCGCAGACCATCCTTGGAAAATCTACGTACCTAGGACCTCCGGATCGACTTCCTTAACTATTATGTTATAATGCCACAGCGGTAATCTCTAGATTGATGATGTTTGTCTATGCCGCAGTAACTTAACCCTAACCGGGGGCAGCGGAGGACCCCAGTGACCAAAGCTGGCAGACATAACTTCCACTCGAAGCGCAGAATTCTGCACGAGTATACATAGTGCCCCGGGGCATGTAGGTCATATCGGACAAAAGAATCCAACAAATACCGCTATCGGCAAGCTTTCACTTGTACGGTCCTTTCGCCCTAACCAGCACCATAGGTGCGTTGACGGAAGATGCAGGGTCCTGATAATACACCCTTTTACGATTTTTCAGGTCAACATACCACAGCTGTTGGAGTTAGAATAGCCCCAAACAGCGTGGGAAGCGTTAAGATGTTCACGAGAGTATTCCCTAAGTTACCACAGGTCAAACCACCCCTTCTTTAGTAGTGCTACGATAGTGCCGGGTAGAAATGAGAGACTTTGTAATCACGCCTCTAATCGAATTGTACTCTGGTGGGATTTTATACAGATCCTTTTTTCAGCAGATGGACAACCAAAGAGGCGCACTGATACTGTGGTTAAGTCAGACTTATCCCCACTGGAAGATGATCTGTAACGGTTTACATTTATGCATTCCTTGCCGGCGGGTCTATCGGTACCTTTTTGCTTGGTAGACTCAGTAAAGGTGCGCGTTTTCGAGATGTTTCGCTCCTTGGTACACAATCTTCTCTCGAGCAAGTCACTCCGCTGACAGCCTCTCTCATGTTAAAGAAATGACAGTGCTACGGTTGGACATACAAGCTGGAATGGAGTTCCGGATAACAAGTTGGGAGCGCAATTTTGACCCTAGGCTTCCATATCGTTTATGTCGGTTACGAGGATACCCGCGGGGTGGGGCATTCTTTCAGCATCCGTAGAGTGGAGTGGTGTGAACATCCTCTGGGGGATGATGATGACGCTGGCTGCCTCACTCGTCAGATGGAAAGTCATCGAGTTTGGCCGGGTAAATCTGGTCCAGCGCGGACTTAT,1452,49.59,Homo sapiens
SEQ_360245,TCCAAAACGCTAGTTGCTGCGATTACATCTGCAATCTCCGTCGTTACTGAATAGCATACAGACGGCTCCTACTTGACTAGTTTTCATTCATGTCTACTCACACGACTCAGTTGATAAATATACGGGGACGATTTCCTCTACTCAACTGGCGCAATCGGTCGTGTTAGGATGCGGATAACGGATGAAATGGGTATCTTTGCCATCGCGTATCAACGGGCGAAACCGCCAATGGAGACGGACCCTTCTCTCCTACAGACGTACTTATTCTTTATGGCTGGGTCAGGGACGCTTAGCAAGGTGGGTCTACGGGAACCCTATGTGTGTGCCAGATACACAGGCGATCTAGGTCGCTGGATCCCGACCTATTCGGCGACAGAATCTTACTCGAGTCATGTGCGCAAAATTAGTCGAGGGACGGCGCGTACGCAACTCCAGCTCGTAGATGTCCACTGCTTCTATCTAGCGGAAAAAGAGACTCTGCTGGATACTCAGTTGGGATTTGTGGAGGAAAGTGAGGCCATGCTTCCAAGTCTTCAACCGATGCATCAGGACATTACACCGTTGACCATTACCCGCCTGTTAGGCATCGTGAGCCGAGAGCCTCAAATTACAACGCAGTCCAGAGGGCCTACACAAATGATTATCTTGGATTAGGAGAAGGGAGGGACCCTGAGACGATTAGCAATGTGCGGGCTGAAGGCTCGATCTTGGTACGTCATAA,721,50.07,Escherichia coli
SEQ_881949,TCACTCAGAATCCGATCCCAGTGTACATAAGATGCGCGACACACAAAATTGTCATTATTAACCCCGGAATGAAACACCGAATCGGCGATTTGGAGGAGTAGATCAAGCCTAAAGACCAGGAGCTACCGCCACCGACTATCACGCTCTACGACGCAATCGACTGTGAGGTCGTCAAATCGCAAATAACGATCCGCCACCTAGGGGTTCGCACACCCTAATGATGCGGACAGTGCGCTGTAACGGCGTGTCCAGGTCTCTGTGTTTACATTGAACACGCCTACGCCAAGGTATTTGGTTCTCTCACTTGCTCAATGTACAAAGATAGCTCGACCTCTCACCGATATTAACTCGCCACTGCCTTTGCACTTAGTGGCGTTAAGGAAACGCAATGAGCGGTATAAATTTACAATTTATTGCGCCTTCATTTCGCGTATGAGGGATGCACACCCTCTAGGCGTTCTACTTATGAAAATACCCAATAATGCCATTTCATGGGGACAGTTATCTTGTCACAGTTTATAAAATTAGCAAGACTCTCAAACTGGGGGTATTAAAAGTAAAAACAGAGGATACCCCGAACCACCTAACGATGAAAAATTTCCGTTTCGTCAGGCCCACGCTTAAGTTGTAGTTTGATTTGAGATAGTGGGATGGCGAGTCGAGGAAGCGGCGGATAGCTAACAGGTCAGCATTAGCTCACCCATCGAGTAGTGCGAGCATTCCACTAAACGGCATGTATTCTACTATGTGCATTCTTATACTGACATGGAGAGGCAGGTGGCGATCAGGTAGGAACAAACTCCTTCACTTTACATAGGAAAGTGTTGTAGTGGGGTAAAGCACGGGGTGGGTCGCGCCGCATCCCACCGACATAGACTTCGGATGATGCGTTTTGATGCCTCGCAAACGGCACTGTAACACTCGTGTGTTTTGGCATGACGCTCCTGATGCTCACATGAACCAACACGAACGGAGTCTACAGCCGCTTACTGTTTTTGAGAACGAATCTTATTTTTGTGTGGTGGACGCTGACATGAATGCCAGCTGTGTTTGCTTCTAGGGCAAATGGAATTACAGAAACCGAACGGGGGATACCCGCGGAAACGTTTTAAAGACTCCTGCGCTACTAGTGCTGGGCCTATATACATTAGTTCTAGGAGTTAGCCGACAAGTATAGTCCTACTCCTGGACGGGCATGTTTGGTATATGCTCACCGATGATAGACGTGCGTGCTTCTTACCGTGCAAAAAAGATGACTGCCCTCAACATGCATTCCGCTTGAACAGTTCGAGACCTAGAAGCATCCTTCATAGATTGACACGCAGGAAGTAACCCCCGTCATGTCGCTTCCTACAGCACCGGGCGGCTGTATCGGGGCTAACGTCGCTTAGGAAGTCGAGAAAACAAGCACTTATGGGCCAATTGAGGAGGATCCCTTAACGCCCTATCAAACATCGTAATGGTTACGGTATTAATCTCGGGAGATACCTTCTACTCAGGGCCTTGTATCTTCGCGCAGAAAAACAACGAATTGTGGACGCCAGCGGCTTACGAAACCATAATGCTAATACAAACGTGTGGTTTCGGTAAACCTCGCCAGTACTTCAGGGGTGCACGGGTGACAGACCACAGCATTGGTTTCGAAAGCGCAAGTACCGCAAGTGTCCTAGTAGATGGGAGAATGTCCGGTGGAGCTCTACTGGAGGTGTCCCCTACGGAAAAATTAATATCGGCGGATTAAACACCCTCGTTGCCTATATGCAGACCTAATATTGCCCATGTCGATATGTGCAAAATTCCCTCTTACTGGCCTGGAAATATCGACGCACGGTGCTCGGGACCATTTGTCACAAGCGGTTCAAACACATGACAAACGGGCGTCGT,1884,48.25,Homo sapiens
SEQ_336620,TCATAAGAATGGGAACACTTGGCTGTGCCGCTGCCACATCTCGAGGGCACCTCATGTCATAAATAGCATCGTATTACCAAGGACGGATAGGAGTGGTCATTCTCTATAGATACACCTTAATTCCGAAGAGAAACGCTACTGCATGATAGAAAGGGGGCAACCATCTACGGTGCGTGCTCGTCAGAGCTTTTATGCCTCGTTAATGTAGAGAGTGTACCAAGCCATCCGCAGTGTGCACTGCAGCCCAAGAAGTGGGCTTTGACCAACCTAACAATAAGTTGGTCTAGAGCAGTTATTAATCTAAATAGGGATGAATTGTTCGAATAAGCCGGGCTTATGATACCCAACGTTGAGGTTGCATATTGTATCACTGTATTCACGCGATCGTTCCAAGGGCGGTCGTAACCCTGGTCTGAGGGCCGCCGTGATGGGTTGTTGAAACACAGGGTTAATCGCTGAGACGTAGCCCTATCTATTGACGGAATTAATACCTAATTGGACTTGCACGAGGCACGTCAACCATTATCTAAACGTGAATCGGTATAGAATTACCGTTCTATTCAGAGGATGAAAATAATGCTACGAACTTATCTTTAGCTACAAGACGAAAGCGTACTCCGCTCCCCTACTATACGTAGTGCGGCGCGGCAACTCAATTGGATACGGATTAGACGCCAGTAATTTAGTTGATTTACGGGCCGATATACTCTTCTCTCTTCAGAAAAGACGGGCACCGTAAATAAAATACGTTTGGCCTCACCGTGTGGTTAAGTATCACTACAGTAACCACTGGACACTTACATAAGACCTTTACAACTCTCGAGCTCAACCCTGAAGACCTCGGCGAACTAGTGCCGGGGTGGAACCAGGCGGTTTAGAGTACGCGCGGAATATCTATCCAGTACATTCTGAACTTGATGTGCATGAGCATAGAACGGGGACCGAAACTTTCTCCGTGTGAACTTTATCCGTGGCTCCGTTATAAATTCTTCTAAGTGACGCTAGGTATGTCTCCGAGGATGTTATTTGGACTTAAATCAAAGGATCTAACATGTGGAGCTTTTTAAATAATATGGCTTAATATGTCTTAAAGTACTATTTATGTTAGCTGTGCACCTACAAGCCTGCACCGGATTCCGCGAAA,1144,45.28,Caenorhabditis elegans
SEQ_752517,GTCGAAATGCATTTTTTGATTGTATAGACTGTGGCACGATCTATTCCGCCCTCCTTGCATCAAAGCGTGCCAACATCCCCCGATAGAGCCTATCTGAGGGCGGAGTTGCTAATTTAGCTTCAATTCTGTACCGGCTTTTCCTTTGGGAGAGTAAGCGGGCAAAAGGAGGCACATGCGGGCCCCTAAGTGTCTGTGGCACTCTTTTAATCTTGTTTACAGTAAGTTGTTCTTTCGTCGTATCTTTATTTTATGACTGGGCTTAAAAAACTGTCCTCGCGCTCAAATACCGGCCTGTTAGTACAAATAGCTCCAGGGATAGTGAGGCTCCAAACGTCTATGGCCGCACTTTCAGCATATAGGTGGCTTGGAGTTGGGTGTGAAATAGCACGGACTAGTTCCGACAGCTGAGTCTCAGATCGCTCGATCCGCCTGACACGAGCATTACGCCTAGCCTAACCAGTGTACGCGCCCGGAGTAAGTGCAGAGCGTTTTTGGTGTGGGCTTTTTGTGGGCAAATCTTTAGGCGGATTCAACTAGAGGTCCAATACCAAGTCATCGGCCAAAAAGACAAAGTGGTCTTTCACATCCGTTAAGGTCAGCCCGCCGAGGGACCGCCCGTTTTGCGTAAGTTATTTGGCCAACAATAGTATTGCAGAAAACCGGGAGACAGTCATAGCATGGTAAGTTGTGCGAAAATTTTCACCTGTTGACTTGAGGTTTTCCAATGCGTACTGCGGCAAGTCTTGAAAGATCGGGACACAGTCTACGAGCGATCCCCTGTTGCCGAGAAGAAGTTACTACGGCCGAGCTCAAGCCAATAGCGGGAAAATTCATCTAACCTGGGGATCAGGACGACGGACAAAATCTGACTTGCGGGCACTGTGCACGTAACGTAACCAGACACTGTATCCCCTAGAGCTGGAAAAGTTGGAACCCACAAACTTTTTCTACTTCTAGCACTATTGTCAGTGGTTGGGCCCCCCAGCTCTGGATCGCCGAATCTGTAACAAGTGATTGCTTCTGGAGCGGTCTGGCGCGCCGGAATTACTTAAGGGGGCTCTGGCTTGCTGGTGTGAAGGACTTTGGACTACAACTCGCGCGGATGCGAAATACATATCCTCAAGATTGGGCTCACTAACTGAATCGCGGGTGCACTAGCAGCAACGTCCACTGGGGCCATAATACTAGTAAATTACTTCGTAGCGATCTGTCGCCATTAATATCTTCGACCTGGAAGTGCGTCATAGAGTCCGTAGGAGGGCTATTTAAGGCCAGTCTGATCGGTGCTGTATGTCTATCCCTCGGTGAGCGTGAGTGCAGGCGCCGTCGTTGTGATCACCTCGGGCATCTGTGACTCGATTATAGCCAGTGGGCCCACCGATTGGCTGCAGTGATACCCTCCGTCCATGTTGATAGGGAAGCTGCGAGGAGTGGTGGAAACTACCGGGGGAGTTCGATGAGGTTAGGTAGTGTTCGGGAGAAGATACGTCATCTTGTCTAGGGGCCCACTAGGTACGACGCGTCCTAAGTCCCATCACTATTCCGAGTACTAACAAATTCGTCTCCAGAGAAGCGATCGATTTAGACATCAGTATACTTGCGTAAGCTATTACGTGAGTTCCATAAATTAAATGTGAGATCAAGAAAGCAGGGTTCTAAAGGTT,1664,49.64,Homo sapiens
SEQ_305933,ATTGTCCTTTACCACCACCCAAAAGGGTCCCAGCGGCAGGCACCGTCGAGCCCAAACTACAGCAGCTGTACTTAGGCAGAGCGCGAGGAGTACGCGAATCAATTACAACTTAATTTTCTGGTGTGCGGGCGCTAAAAGTCTGGGACCCCAAAAGGGATGTCTGGGTCCTCGGCTTGACAGCAGAACGTTCCATTGTCATCTTCGGTAGCACGTAGTGAGGGCGGAGTACTTTAGCAATACCATCTATAAGTTTGCGTGTGGCCAAGAATCAATCGCTTGCCGGCTTCTTCGATAAGTCTAAACCTAAATCGTGACCGCACATTCGCGTCATCCGGTGTGGTTGTCACGCATAGCTCTCACCAGTATCTCCAAACCAAGTGCCACCGTCACCATGATTCTGGCACCCCAACTATCCGTTTTCTATGATAATTCTACTGACGCCATCACCACCACAAAGTTAAAATATAACAGAATTTCGATCTCGCTGAACTAATTAGGCGTCTCAACATTACTTTATCTTACTGCGGGCAAGTGGCAGTTATTTCCATAGGAAAATAGATCTGGGATGCCACCTTATGGAGCGCCACTTCTAACCTCACCCCTGACCAACTCGATGCCACGGTAGACCAAATAGGTGTGCGAGGCAACCGCAACGACGCCATCTAGTTGTCGGGGACCAGCTACAGTCTCTACAGTCTCGACAGTATCTGGGATGACGTTAGTTGCACCACGAACGCGTACAGCAGGTTGCAAGCTTTCTTCTTGTGTGGGATGACTCATGAAGAGGTCGCCTGCTCCTCAACGACTCAGTGGATTGCAAGAGCCTCTCGCTCAAGGCCATCTTTCCCAGCACTCGTCCGCGATGCGCCTAAATGACCGCTCCTACTGTGTAGGCTCGCAAGTGTACCGATCGATTCATCAAGGGAGGATCACAAGTGGAACGATGATTGTACACCGTCGCCGCGGCGCCTCCTCCGAATTTAACTATGCAGACCATGTGCAAGTCACGGCGCTTAGTGGGGGGGACTCATACGTCGGACTTTTGTCGACAAGTCCACCAGGTCGACAGGAACACATTTCAAATTGGAGACCACATCAACACCTAGAAGAATATCAAACGCCGAGCGGACAAGTAAACAATACAGGTGCCTTTCTGTGGGGCGGATGTACATGGCGTATGTAATAGCAGGCCTCCTTAAGGACGACACCCGCTTTTAGGGCGGTCGGACCGTCCCCGGGAAGTAGATTAGGGAACTTGGAGTGTTACGCAAGATCAGGTTTCCAAAGTCGCCTACTATGATCGGCTGCCTACCTTAGCTCTAGTGATGCACACCCGGCCGCCCCGAAGAACATGATATAGTTATTCCGGGCGTCGATCAGAGTAACCCTTTCTTCCCGACCCGAGTCCCCGGTGCTAGAGCGGAATCTCCTTATTTTTTGATCACGGTAAGCGAGCTGTTGG,1462,51.37,Caenorhabditis elegans
SEQ_143966,TCAGAATCGTCCGCTCCAAAATTCAACTAGTTCGAGCTTCGACGGGAACGGGAGTCCGAAATGGTGTTTCTAATCTTCGTGGACAAAGCGTTCAACCCGCGGCCGATTTTTCTATTACCGGTATGACAAACGCAAAGAACAACCGTTTCGGCATCATCTAGAAGATTTACCACTACATATGCTCCGTCAAAATTTCGCAATCACAGAGGATCTCCTCCGCTTAATGCGGTTCTGCCCACCCCGTATTTACTTACGCTCTGAACCTCGCAGGCACAGTGGACTAAGCACCACCCCAGAAGGTCCCACGCACTATATTACGTAGGGATCTGGAACTTATGCAACTACGCGGAACCGGCCGTCGCCGTGCGGGTCGCCGTACACGACAGCACGGTTGTTTTGCCTAAACAACAGACAGGTGGATTCCCAGGCACTTCCATGGGGTGCCCTTTCCT,452,51.55,Drosophila melanogaster
SEQ_220895,GGTCTTATATCTATGGGACTTATAATTCAAATACGGCGGTTACACAGCCTCATTCACCCTTCATGGTCAATATCAAAACACTGTGAAACTGTTTCAGCTAGGTCTACGCCTGTATAATCCTTGGGCCCGGAAGTGGTAATCATCAATAGGGCTTCCATTTGTTTAAAAGTTGCTGGGGGCCCACGTCTAGTCGGTGCGGTATCTTGTTCGAGCCCTTTAGCAGAGACCGTGTCCCATTTGACCAATAATAGATGGTACGGTTAATCGATGCTTAAACAGCCGCGCAGTGAGACCCGGCACAGATCCTCGGTGTCAGGACAAGGTACCCAACTGTAATAAATAATTCAACTATAGGCTAGCCCACCAAACACCATAATACGTCGTCCCGACCTTATTAACGGATTTCTGTTATTTGTCACCGAAAATAAAGGAATTCTGGGACAGACCAGCCGAATCCTCTGATCCTGACAAAAGCTCTGAATCGCGTATGCTGGCAGTTAGGAATTTGTTGCGACTAAACGCTAGTCCAGCACCAGACCCGATAGACTCATTAGACCCAACGTGACATATCTTGCCATATACGACGCAATACCTTCTTACTTCGGAGTGACTGTCATAGCGGCACACCAAAGCATCTAGAGGGTCTGCATTAAAAAGAACGAGCCCGGTCGTTGGTATCCCGGGTTCTTCATTGCCAAGCTATATGCGTCCTGCCGAGCCCTGCAGACCTCACCTGACGGGGGGTTTGGACGAGCAGACTACCTGACTATCATCGTCCGTGTTCACAGTTTTCGTGGCTACAGTCACGTGTGCCCTGCGGTCGCGCCCTGGGTTTCTGTATCGAGAAGGTATCGTTGCTAATTGGACTAATCTGGGAGGGGTGAGATCCAAGGCTTGAGCCGACCCACACTGACAATGCTCGCTGTCTCAACGCGTCCCGGCGGGGTTATCCTCGTCCGCGAGTGCTTCGCGCGTCGCTGTCCGCCAAGAGTTCGTCTGATGAAGCGAAGCGGTACTATCGGTCTCCTCTTCCTACCGGACCTCTGTAGTGTTGACCCTGTCACCGTTGTGCTCACTACCTCGCCAAGGAGCGCCTACCAGTACACCTCCAGTAGGCCAATCCAGCAGTAAGTATCATTAGGGCCAGGGGTAGCCGCCTGCTTAGATACTCCACCCGAAGATAGTACTTAAGGCGAACATCTTAGAGGTGATACATGCAACTTACAGTGGTCCTGTGTCTAGATCGACATCGGCAAACCTTCCTCCGCATTATCGGCAGACTCCTAAACATGGTGCGCACACGAATGCGAAGCTTCAACAACTTCTGGTTGCTAGGTTTGTCTGCGGGCGGTGATGCGTTATAAGACACTCACACTGGGGTTCCTGCGATGGAAGTGCATGACCATAGTCAGCTGACTTTTGGGAGCAGGTGTTAGATGAGGGGAAAAGAGGTAGAAATCAGCGCCTATGGAAAGCTTACACAACCAATCTAAAAGTATGAGGTGCGTCGTGTATACCTCCCTGCGCGTGAATCATTGTCTGGTTAGCCGAGGTTTAGATTGTCTTCGACCGGCTGAGCCGGTACTTGTGAGCGCGCTAGATCTTTACCCCGTTTCGCACCCTGTTTAGCGACTATACCCTATCAGTCGATCCTAGGACTGGAGGTCGATAAACACGTCACACTGACGGGTGATAGTTCCGGGTCCAACAAGTCTTGCATGCTTCCAGACATGCCCAGCTGCACTGTCTTTTTGTCAAAGTCCACAACCTGTGCAGTAAAGTACCCTGACGCGACGTCGAGACGATAACGCGACCGTTCATTCATACCGGCGCGTATCGAAAACGGG,1847,50.89,Homo sapiens
SEQ_760963,ACAGATTAGGGTTTGAAGGTAGCGAAATAGCGTAGTATTGATTTAGGAGCCGTGATGGACGATTTCCCAAGATACGTAGTCCAAGCTTGAAATCATTGTCTATCCCCAAACAAGCCTGAGCGCACCGGTCTGTCTCAGCGGTGTTTTTGCACCCTAGCTCCGGACCAGTCTATTCGATAAAGGCTCTTAGTTCACATGATAACGCGAGACTTTGCAATCTCGGGATGTATGAGACGCATCGCGGCCATTTAGAAGACACCTGCTCTATCGCCAGGTTCAAAAATGGAAAGTTAAGATCCCCACATAAATAGGCGTGTATCAGTAGCCTGGTGAGCTAATGTAACGAGATGCAGGTTGGGGTCGGTTCTTAGAATTCTAATGCCT,384,46.61,Drosophila melanogaster
SEQ_322199,GGGCGAATATGCACGGCGATTATTTGGTTTTGCTATACTGAATCACACCGAGCACTAATTTTACCGGCGGCATACCGGCGACTCCTTCTGCCCATAGTAGCTGGTTCCAGCCTCGACTTTCTCGGAACTCAGGCGCCCTTCGTTAAGAGTCGGGCAAAGTCCGTGCCCCCAATTTTGATAATCGTCGAGCGAAGCTTGCGGGGATAGTGGTGACCCTCTTCCGTAAAATCGTTATAGCGGCCTAGCAGTGGGCTCGGAGGAAAATGGATAGAGATGTGTCCCGGGCCCATCGTAAAGCCGCGTTAGGGTCCTGCCTTAAACATAATCAAGGGATAACCAATTGGTACGTGCTACAGGCTGCTTATACGCTCCAACATGCTCCCGTAGCACTAAACAACGTGCCCTACGATTTAGCGACGATACGATACAATTCTGTGTCGCTGACACTGTTACGCCGCGTAGCATGGCGTGCGCCTATTTGTTCAGAAATAACGCCTAGCGCCTTCGTATTTGGCCCTTCCTGCGCGGCAATGACCTTACCGCGCTTTGACAGCTAATTGAATTTCCTTGTCCACAGACTGCCATATGTCGCGGATTTTGCGGCGAGTGTCGTTGATCAGGTTTATCGCTGATAGACCCCCCGCGTCTGGGGCACATAGGATCTTGCAGGGTGTTAGGGTCCAATCGGCCTAAACCTTCCGACACCAATAATAGGAAGACTCGGGACAGCTCCTACGGTCGTGACTCATCTCGTAAAGTCTTGCCATATATACGCCGCGGTCCTAACTACTCTATATGAAAAGCACACGGCCTGAATGTAAGGCAAAGGGTCCTCATTCTCATTTCTTCGCACGGCCGCCACTTGCATTTTTTTTGTTAACCTCCAGTTGTGACGAGAACGTTATGACATCGGCCACTGGCAAAGACGGTCGGAAAAACTCGCAAGAGACGGATACGCCTCTGTTCCACTTTGGCAGTGGTTTATCAACCGCACAGGTTGCTTCGACGGACGGGTGTCTACAACCGCCACTTGGCCCTCCCCGGCGAAAAGGCTGTATTTTGTACACCTCCTCGAGGTAGTGTCGTGAAGCTGAGAACTCCTTGGAGTAGCCCCACGGAGTGGATAGTATACGAGATCGACCAAGGGGGAATACGACTTAACTGAACTGGGTCTAGGATTATGTGAATGGTCCTCCATGTCATAGGCGTTAACACATGCGTATGTACGGAGCGCGTTCTCGGATCCGGGTAAATTTGGTCATTTCCTCATAGAGGCCACTATGCCGCGAGGCGGCCGAACTCCACTTTCACAACCGCCGGACACCATTCCGTAGTGGCAGCTACAGGCGTGCCAGGTTGCGTACGATAGAACCACCAAGACGATACTACCCGGAGGTCTCTGTTAGCCAAAGCCCGCGGAGTTACCAACATTTATCGGGCAACGTGAATATAGTCATGCGCATACTTCGGTGCAGCCACCCGAAATGAGAATTTAGTCATAAGTGCCAGCTTGTACGACTTGGATTGGCCATCCTTATAAGTGCCGACCTTTCATTGGACGG,1562,51.86,Arabidopsis thaliana
SEQ_339800,GAATTGTCAATAGTCGTTCAGGAGCGCTCTAGACCCCTACGTCGTCACAAGTGCGGGAGCGTACCCAATACGCGCTTGGCAACCACTAAAAGGAATAGACATAATTTGATGGTTCCTTAGTATGTGAATAAGTGCATCTACCTGTTTCAGAGGTGCAAATAGTACATGGAAACGATAAGACTTATAGTCCCGATCCCGCGACACCGACGCGCTCGCGAGGGAACGGTTATTGGCTCAGTGGAAGTATTTAACTTACAAAGCTGTCGCGGATCTCTACTACGAGAAATTAGTCAGGGTTGAGCCATTCGAAAGCGGAACGACCGACTTCGTACTGGAGCGGGGGTAAGGGGAGAGCATGCGGTGCTCAGGTTTATGAGCTCTCCGCGGAGGACTCTTCCGTTCTTAAGGCGTCCCAATACGAC,422,50.24,Drosophila melanogaster
SEQ_255694,CCGGCCATCTACCGCCAAATTGCGAGGTATTGGGCTTTGTAGGATGTTTCCGATCGCTATATCGATGCATTCTGTCCCCCTAGCTGAACAGTCCTTTCACATCTCTGTCGGTACCAGTCACAGCCTATGCAGCTCATACGTTTGAGGATGAGGAGAGGACAATGTTCTGGCCGAATATCAAGCTTAACGGTATTGTCCTGGGCCTGACCCATACAGACAGTTTATGCGTTTGGACCAGCACCACCCCTAGGCGCTAGGCACCGTGTGGAGTTGGCGCAGAGATTCGCATCAGTTTTTCCTT,301,51.5,Homo sapiens
SEQ_572175,CGACCCTGTGCTTAACATATCATTTTTCGTGTGTTCACACGTGGTCGGACGTTCCGCTAATGCGGAATTAGGCATCCGTGGATTCTGTTTTCTCGGGTCCGCAGATAGTGCTTCTTCGATGGTAATTATTACCAAACCTACATAGAGGGAAGTCTACGTTCGCCAGCTGGTCGAGTGGTACCTCATACAACTTAAGCTTTTATTACGGCACCTACGTGCAGGAATCATCATCCGAGGAGTCAATCAGCGACACCCCTGTACGACACAATTAGAGTCCAGCGTCATGACATACAAAATCTTTTGACATTGGCTCAATACCTTTCTTTGGGGTAGGAAGTGGGCTGCGACCTCGCCATCGACTCAGCCCCTGCTGCAGTGAGTTCGATCCAGATACGATCTCGGACGGTTTGTTTGTTATAACCAGCCCGACAGATTAAAGTAGGGGGGCCTGCCAGGCAGGGAAAATCGGGCTGTATAGGACAAGAATAGAAAGAAATTGTATCACAATCCGATGTACAATTAAGTTCTTCAATAAGTGAGTCGGAGATGTGATTAACAGGAGATATTCTGGCCTAAGGCCCGAATATCATAATGGTACTACCGTATGACCTGCCGATGGCCGGCACTAGAACGAATCTGGAACCTTCATCCGAAACGTAGGATACAGTGAAATTCCCTATAAGAATATATTGGTACATTCCCGGCTTCAAAGTCTGGATGAGTAATAGTTGCGCGATCCTGGTGCTAATTCAAAGTCACCTTGGCAGCCATGGAGTAGTTCAGTAATCCATTCGAATCTCCAAGGTTTCAACTGCCCGTAATCGGTGTGCTCCGCATACGTGAGTGCGTCCAACCATCTCCCGGAGTAGTCGTATAGTGAAGGGGGGTTTCCATTGTCATGTTAGACAGATGGACTTTTGCTGCATCGCGAACATAGCGAAAAATGCAGATTGCTTGTTTTCGGCGGAGTCGTATTTCGGAGATGGGTTGGTCGTCCTGAAGGTGCGAAGGTGTGCCGGTGACCTTGCAGTTTAGGCGCCCGCGTGACTCACAACATCATGATACCTACCTACTACTATGGAATCCATTTAAGAACAGAGGGGTAACATTTGTCATGAAAGGCGCATGGTCCGTGTGGGGCTTACCGAACGGGTAGTATGGAGGCGACGGCGCTGCAAGTGACACCACACGAAACTTTTCTTCATTTTTGACGCACTTCACTTGACGTCGAGAACACTTAGATGGTCTCGAAGAGTGATTCGTCTATGATCAGAACAACCCGGCCGAACGGAACATACAGCTATTCGTGAGCACGCCTCGCTGGCAAACGTTCAAGCACTTCTTGCTCCTTGCCGCAATTGGTTTCATCTGAGGACGCTCGTGGTATTGGTTTTGCCCATATTACGTGGCGATATGGTCCCACGCTGGAGCCCCCAACTACCTGGAACTTGGAACTCTCTGTGTATACGATTTTAAAAGGGCTGGCCGTCGAAATTGAAAGTGAATCACGTTAGGAAGACAGAGGATAAGGGTTAAGCCGGGCAGGGTTGTCGTGAGTATAGACCAGTGTCTTGATAAAATTCAGTTTACTCATAGTTATCCGTGTCGTCGTTACGCCCTCCTTCCCTATGTTACCAAA,1639,48.08,Escherichia coli
SEQ_578791,GTAGCGGGTGATTAACATTACGTCTTCGGCGGATGTCCATGGACGCAAGTCTGGGAAACGCCGTGAATTATCTATGCTTAAGACCTATGTTCTAGATTGGACTCTGTAGACTCTGACCAGTCTATGCGCCCGGGGTAGAATCGGACAGCTAGGCTGATGCAGGGATCCATGATTACGTGTAAGCGTGAATTTAAAATACGACTTTATCAGTCATCCCGCGTTTCGCAGTGACGTTGGTCTGGCATCCACTCATTGCGTAAATACCACATTAAGGCAGGAGATTAGGGCCCCACCATCCTGTTGTTCATCTATTAA,315,47.62,Arabidopsis thaliana
SEQ_230524,GCTGCCAAATATATGGAGACCCCGTTGAAGTGCCGTCCCGTATTGTCCCCTATAAAACCTATGTCCTACCTATCAGTCAGGCCAAAAGGCTTATATAAGACTAGCGCTGGTCACGTCGCACGTTCATAGCCGTATTGATGGCTGTATGTATATAGGGGTCATCGGCTGACGCCGGAATTCGTACTTCAGCGGGAACGTGCTTGCTCCAACCCCCAGGATAAATTGAAAGAATAGGTCGAAACGAACGGCTGTGGACGAGTATGGGATCCCTTACTGCCAGTCCTAGGAAAGATTTTGTTGACCCTCTTT,309,49.19,Mus musculus
SEQ_859597,GAGATATCCAGAGAAATTGTCCTATATGTGAACGGGCCATATTGTGTAAGATTATTACTAATACCAAGTGATAAACTGCATACAACTAGATAAGATCAGAATTCAACCATCCCGGTGTCAGTTTAATGCTGGCCGTTGCTATCTAGGTGTTGCGAGGAGTTTTTCTCGCGCGAGACTAATAGTAGGTTCGCTTTCTCGCGACATGTTGTACCCAACCAACTGGTAGATCCTTAAGATCACCTAGCGTAATAAGACTCCGGGGGGCGTCCAGCTATGCACATCTGGCCCAGCACAGGAAGTTCGTTCCTCAAACTGCGTGCACAGCCGTTGGTGGTGCTTTAAGAGACCGTATCTACGCAGAGCACGAGTAACGAGTCCATAGTTCCTCTATTGATAACCTTTGGACTATCTTTTCGCTTTGATGCAACGCGTTATGAACTTTCAACCGTAAGCAGAACTCGCACCAGGAGTCCTCGCCCAAATATCGAGACCCACATCTCTAGCGGATAAAGATTCCGCCCTAAACCATCAGAAGTCGCTAGGACCGGACCACACACAAGGGGATTTCAGCCGTCGCGTTGCGATTTTAAATTGAGCCGACCCCTGCTTAATACCTTAGCAAAATCGTGGAGATACACAGTACTCCCCACCGGCGACTTTCCTCCAGCCAATCTACCCCGCTGTATCCGTCAGAATATGGCGCGCGGCCTTAAGCCCGTAGGGATCCGATGATAGAGACTTGAGGCGCCTTCAACAATAGACATGCTAAAGGGTTGGGTCTGCGGGGACGAACTCTGGTCGGTGCCAGTGGAGTCTACTAATGCGCCATCTGCTGTCAAAAATGTGAGCGGTTAACGTAAGGCCGAGTGTGGTGGACGATGACGCTAGAAAATCAGTTTATCCGGAGTGTTGCTAACCCGCGATCGTTTGAGCCGGCACTGTCAAGCACTCACGTTTCGCTTTCAAGAAGGGTGTTTGGAACCATCGGTCTGTACCGGATTGCAAGATGTAACGCAAGTCTCTACGATGGGAGTGATGCAGAGTCTAAGGGCGCCTTTGATCCGGTTTAGCGAATCAGTTATACGGTACGTACCCCCGCTCGAGGGTGCAATTGGAGCAGCGGTCGTTTATTTAAAAGCACGCATTAGATTTTCTAGAATGGGGACCCATGCCTTCTGTATCGATCGTCGTTCTCGATTCTCTCTCATCATCTGTACACAATAGATCTTCCTCAAGTCTATCCGACAGCGCCCGCCTTAGTAGATGCCATTACGTCCTTACATACGGGACGGTCTCGCGAAGCGACATGGGTGTGCG,1317,49.73,Escherichia coli
SEQ_141340,TGAGCAGTGGCACGCAGTTGGGAAGACTATGCAGGAATGACTAGCCTACTCATCGTGCAGCGTGAAATAATCTGAACCAGAACAAAGAATCCGTCTTGGGTGTTCGCTACCATGCGCCAGGAAGCACCCGTGGTGAAATTCGAGTCCGACGACAAGTAAAAGTTTTCCCGGGTCGAGCGGTCGCAAATTACTCGGCGCCGAACTGCATGGTCAATCCAATGGATGACGACTTCAGTGAACGCTCACAGCCGATATACAAGAGCCTATCAGTAGATATGGCACCGATTGGTCCTTTTTGGCCCCATTCTATGTCACAACGTGTACGAACGTTCGACATAGAAATAATCAGCAATCCGC,357,49.86,Mus musculus
SEQ_764972,GGCGTTTTAAGCTGGTCATTTAGCCAAACGTCCCACATACTAATAAGCGGACTAAACCTGAGGTACACTTCTCAAGGGAATATCGAATCTACAGGTCCAGACTGGAACGATCGCTGGCTCGACTAAACGTACGCCACCATCTTGCGGTACACGTCCATAGTTCCACAAAACCGGTGATGCCCAACTCCCGGATGCCCGAATGAGCAACAACGCATCATATGACGTTACGAATTGATAAGACTTTTTGTCCGCCAATCATAATCAGCGGTTCCTACGAGGTCATGGAGGGTCCAACCAGCATAGCATTAGTTGCCAGGGACAAGGCGTACAGAACCCATCAGGTAGCCGCACCGAGTTGAAAACGCAACTCTTTGGGAGGTACTGATGTAGCGTCACGGATACTCGCCAACACCCTCAGGCATTTACTATGAGAAGTATCAGGAGTTTGGTGCAAAGCTGAGTCCATGTTGCCCCGTTCTTTAATGAATACGTCATTGAAGCCATGATTCTTAGTTGGCGAGCAGAACGCGTTTTGCGCCTCGTTGAAGTTTGCCAGATCGCTACTTGGTGACGACGGTAGTAAGATAGGTGAATAATGTATGATCATGGTAGCCAAATCGTAACAGCGTTATTCATGGTACTTGAGAACATCTGAGGAAGACGGGTGGGAGTCAGGAGTGGAGGTAAGCAAGAGGGAAAGCT,702,48.43,Arabidopsis thaliana
SEQ_276906,AGTGTCTCGATCGCGTTACAAGCCGAACGTTTGAAAGTTTCCCCAAGAACGTCCAGGGGTTCTTTGCCTGTAGATCCTGCCTCGGTATGGGGTAGAATTATCCTTAGGCAGTACTCGAATGGCTGATTCCGCGCCGTAATATCTAGATCTCCGCGCTGACGATCCAGAGATCGTTTCGCTCACCCGAGGCGTAGGTGATTGTCACCGAGTCATGGCTTGCAATCGCGGGCGACATTCGCTTACAAGGGGAGGAACCACAACTGAGGCCTTTAAGGCAGATCTTGGGGGCAAACGGAGATCCCGGATTGTGTGGTGCGCCAACTCGCTCAGTCTAGGCGATGAACGGACGTGATCCAGTCAGTATACACGCGAACAGATAACCAGGGCTGACAAAGGCTATATCAACTCACATAGCTACCGTCTCTAAGAAGGGTACAAACGAAGATTTTGTGAGCATCGTAACGCGTATTATCAACACATACCCACCCCGTAAAGAAATTTAACCTCGGGTTTATGGTGATGGTACTAGTCTGTGGGGCATAAAAGAAAAGAGTTTATACGCTGACTCACCGCATTAGCGGCTACCCTGGAGGCACGATTTTTGGCCTTATGTGTTGTTCGGGGACAGGACGGACCCGCGCTCGTCTATGGATCTTAGTGTACAACTTCGACTCGACGTATTCCAGCGTCCAAAGCCGAATGCCAAGTATGAGGTACCTAAAATGTCGGCACGCGCCACCACCTTTTCTGGCGACCAGATCACTAGGCGGTTACAGATGGAAATTCACGCTTCTCTGATACACCATATGGAGAATTGGCATGACCAAGCCAGTCCGAGATACGTTGTCTGTAATAGCACCTGAAACGGGGGGTACTAGAGAAACTCGCCGGACCCAAGTTGGTAGTCAGAGATCTAAATTGTCTACGTAGTCGCGCACTGGTTCAGAAGGACTAATCTCGTATCCAGGGTAACTCACGTCCTCGGGACCCTAGATGGGATCTGTGATGAGTGTTTCAGCAGCCCCGCCTTGCTGCAGATTCGAATTCGTCCCGTGCACCTCCATAGCGGAGACGAGAAAAAAGGTGAAGACTCGGGGGATCTGTAACATAACGGCATCAGTCTCGTTTGTTCAACACCCTTCTCGATCTGAGATAAATATCGTGT,1165,50.56,Saccharomyces cerevisiae
SEQ_549347,AGGGCTCTCCACGCAATCATTAGTCACCGTCCAAAAATCCCGTACTTGATCAACTGTATTGTGATACGGAGCTCCCGATGCCCCACTGCAAATTGGATCATAAACTAGAGACAGCCATCAGCTGTATCTGTCTGTAGTAAGGGCGTGGACGTTCGTTTTCCTTCCGAAAGGTCTTACAGGTGAAGCCTCGTTAGGAAGACCGAGCAACCTGGGTTTGGGTACCGGCCCCAGCCGAATATTTAAGATGAGCTGGCGCAACGACGGCGCTTAGCCTCGTTATTTCTTAGACGACAAAGTTTTCAACCCGTTTTTAATTGTCGCCGTCGGTTTATAACACAGAAGGGGGTTGCCGTATGCTCCACGTCCCCGAACCCACAACTGGTAGCGGTTTATTAGCATGTACTCGCGAACCAATTCCTATAGAGCTCTGAGCATGCTACAGGT,444,49.77,Saccharomyces cerevisiae
SEQ_259346,GCCGATCGACTGGATTTTTGGCGCACGATTGCATGCGAGTCCCGGCCAATGCGACTATCATCCTCACCCAGTAGCACCCCTTAGCCATGGTGCGGGACGCGATCTATTCAAGTCGAAACTACTCCGCAGGTGTGCGTCGAAACCCCTTTTCCAAGCTACAGTGATTTCCGTGTGTGAACCAAAGCAAGTGGCATCGAACCATAATACCATGCAAAAAATCTCCTCACGTCTGTAAGAATACCGCGACCTTGCGGAATCGCGTCATCCCACAGATTATACGTAAAGGGCATTCGCGATTCTGATTCGATGGCCCACGTTCCTCGCGTATTGTGGTCCTCTCCCCCTGGGTGGCGATGCTATATTTAGAGATGGCGTACCCGATCTGGTAGCGTGCCCTACGGCTCCGCTAACGCAGTATAGCTCGGAGGGAGCATACCCGGAGCATGCGCCATCCTCTGTATGTGGCGTTTCGTGACCAGCTGAGCCCTAATTACGGGTATTATCTAGAAAATCCTTGCTGAGCATGCTGCCGGTTTGCAATGCCGAACGACCCTTCCAGTGTCTCTGAGCTCGCTCGCCCTGGGTTCATACTCTACGAGGTAGAGTGGAGCGCTCTGGAGAGTGTCGAATGTGAGATCGCTCAACGCGGGCGACCTTTTTTGGAGGTACAAACTCAAGTCCGTTCGCGAAAGGGAGGAAGAGCGGACATAACTCCGATATCGGCTTCGGTGGGGGGCCTAAAACGTAAC,749,53.94,Mus musculus
SEQ_533926,ACTATTAGTTAAGTAAATACAGGGAGGGCTGAATGTTAGTCAGCTATTGTCCAACAGATAATGCGATCTCAACGCCGATCAGAGCGTACGCTTTCCTCAGCGCGTTCAACTTACCCGACGTACGTACCTTAATCTAGCCAAGCTACGAGCTTTATGCTACACATTGGACAGCACTTAACTTTCGTGGACGCTACGGCGACAGCCAGTCATTTCAGTGGCAAAGAATAGAGTCATAGCACCGCGGATTAGCTGCACGGCTACGTTCCTTCTGTTCTCGACACTTTAAATAAGCATGCCTCTAAGTTATATTAAACGCGGGTTTAGGGTAGTTAGATGCTAGTCCGAGTAACGGCTTCCTGACGACTAAACCTATCTTTTTATGGTCCGTAGTGTAACAAGGGCCTAACTGGGTGGCACAGGACCATACCGGCGTACTTTGTTCATGATCTGAGAGAGCGGCCCACACATCAACTCTGCTTATGTGAACTTAGTGACTTGTTGGCTGTATGATCAGCCCAATTCCCCAGAACTCGAGTCTGTTACTCCCGATGAAGCAGGTATATTAGTGGGGACCGAAAATTATAAGGCCCTGTGTGGAATTACACCAGTTGTGAAGGGTATCTTACTCCTTTACTCGACTCCATGCCCCCCATGTGTATGACTTCTGGTTAATCCTCCATACTCCGTGCTCAGCCCTGTCTTATAAAACATCACGCCTCGTGCCG,725,47.31,Saccharomyces cerevisiae
SEQ_854339,ACACGCTAATCCTGGTGGGCTCCGTGCGTAAGTTCACGGCTGGAAGTCAACGCCTACTAGTTTCAGCACTGAGTTTCACAAGACGCAAAAGTTAGTATTCCTGGAATAAAGAGACCGTGTCTTTCACTCTCGAACCACTCATTAAGTTTAAGGACCCCAGTACCAGGTAACACACCTGACACTGGATCATGAGCAGCGCACCGCGATTTGTTTGCAAAGACGCAACCGAAGGCGGCCCTTTTTTTGACGGTCTGTGAGGGCACTGCGTGCTCGACAGAACCCGTTAGGGGGGTTTGGTTGCGTTACGTCGGCCAGAGCGCCT,322,52.48,Escherichia coli
SEQ_297492,GCCGGCAGGCAGACTGCGACATTTTGCTCTATCTAGCGTATCACTTAGGAAGTTGTTGCCTAAATAGATCATAGAGGCATAGCCGTGGTGTATTAACCCAAGAGTAATTTATCTTTGAAGAGGCGCGACGGGCCGAGATGACCAAACAG,149,47.65,Arabidopsis thaliana
SEQ_587455,ACTGGTGTTTGTTGGCAGCTTGACCACGTTTTTCTTTTCAATGGTTTGTATAGATATGTTCGTGTCGAAATGGAATTGACACCTTCCTCTCACCGAGGGGAGAATTTTGTCCGAGTTGTCGTCCCCGAACTAAGGCATTTACCAATTTTGCTACGAACGAAACGACATGTCTGGGGTCGGAATTTCGTGGGGTTTACTAATTTGCGCCAGTGAGAGTTTGACTCTTGCGTCGAAAGGACATTACGTTACCTGCATATCGCAGCAACCTAAGGTTCACTGCGCTTGGAATTAGAACGACCCTATGTATGCAAGCTACCAGGAATCCATTAATAACTAAGTTATGGGCTCCTAGATCCTGGGGCGACTTGAATTACTTCTGAGGCACGTCGTCGACTGCGAAGAGTCCTTAAGAGGAAACGCGCAGTTACGCATCCGTGGTATCTTTAGGCGGGCATCCTCGTCT,463,47.08,Mus musculus
SEQ_577623,GAAGATAAACCTAATAGCGTGCTCCGGCACTCATGAATAAGCGGATAACAACCATTCCTGATGGCACTGATAAACGGGCTTGCGAGGTACTTCGTAGTTTAGAGCCAAGGAGCCGTATCAACTCGATGGGGGGGACGAATAAGACCAATACACGAGCCGAGCACACCTCTCCTCCGGTCTGGTCATAGGACCTGAGAGCATGTAACGGCTGCGCTAGGAATGGCCCGATCCGTGGACCTTGATCACCTCGCGAAGGGCGCGATACTAATGTTTTTCCTATTTGGATGCACAAGTATCGTAGTTTCCATCTGATTGAGGGTTGGGCTTCTGCTCCATGTACACATCGGCACGTATCAACTAGGCTGATCACTGTTGCAAAAGCCGCTCTGTGGCAACTGCGGAAGTCCGGTGTTGTCTGACACCAGCTCCCTTGTTGATGCTGAATCCGGCAGCAGACCAACATGATCCGGGAATCCAGCTATTAGGTGCAACTGAGTCTAACACATACCTAGTTCGAATAGATCTACTGACGCGTTGCAACATGGTGAAGGGAACGCGACCGACCTAACGGCAGTTATTACTCGCAGTACGGGAGTTATGGTACATACATTAGCTTGGTCTACGAAAAGTTTATCGCGTACCACCAGTTAGCTTGTTACGTGGGCCTTCTGGTTGGGCTCGCAGACCAGTGCCCACCCATGGTCTCCCGGTTTGCTGGCTTTAAGGAGTCCTGGGGCTGTCGGTTGTTGATCGGTATCAAGATGGGTCGGCATAGCAGGACACGGCTATTGGCTGTGGTATGAGGTGCGTGACAGTCGGCTCTATGGACCGTAATGCTTGCCCGACAAGGAGCGGTACTGTCTTGCATTTTTACCGCACTTTCGCATGGCGAATTTGGGCTAAGACGGGCCGGCGGCCCCTGGGCCGGGAGTTATTTGCCGAGACCAAATAAGTACATATTTAATGTGTAGGTATAAGTTCTCCCCCGGTATCGAATAGACGCCTGGGCTCCGTTTGACGGCCACCTTATCTACCGTGATACGCCACCATGTCTAGAATTGGAGGTTGTAACAATTCGTGATGTTCGGATCCATTCGGACGACTATTCCTGAAATAAGGAATAACGTCCCATTGCTATCGTGTCGA,1146,51.4,Mus musculus
SEQ_664752,ACCAAGAATTGGAGAGGGCATTGCTTCACGATCGGTACTCCCAGATATATGTCCGGCTTAGCAAACTACCCACCGAACTCCATTTGAGTTAAGTGGTTACCCAAATCTAGGTTAAATGCTAAGTCCATTAGCTTTAAGCCGTGTGTGCATTACTGTCCCAACCAGTTGGCACAAGTCGTGCGAGGCGTGTAAATCGATTCTTGGCTCAGGGGATCAAGAAGACCACGTCCCCTACCGTCCTCGCTCGTTTGGAGCGTGAACTCGGCGACCCCACTTCGATCACAGCGATCACGCCATTTAGAAGTCTATCACGAACGTGGCAGCTCACTGTCGCGACAAGTAGGCGTATCATAAGTATTCAATCTAACGGACCGTCTGACACAAGGATACGACCTGTGACCACACCCCGCCCAGACAGGACAAGCGTGAGGCTACAGTCCGCAGACTTTTAAGATAGTCATTGCGATTGGGGAAGTTCATCCTGCCCCTGTAAAACTGCGACCGTTCGATTTTTTACTCGGTTTACGCGACGGGCCGCCTGTGAACACGGTACTAGCACAGTAGTGTAGCAAGGGCCTATACTTCGTCGGGAGAAAGCGTCTGTCACGAAGGGGAACACCGGCTAACGCTATGGTGGCCGAAGTCACTAAACGTCAGATGAACTGTCTTGACTAAGACGAAACAAGGCCAGGTCTACTAAACACCTTGCCGCATGAAGACTGTGCTGGCGCGTCCAATCCGCTTGCCGCCTGCAAACCCGAATCGGTGGTCTGGTGTAAATACGGTAAATTGGCCCAATCGGCTTAGGCGACTCTCTCGATCCATCCCACCTGCGAAGCGACTTAACGGTCACCGGGTGTGTATCAAACGAAGTTAGTGGACTAGTTTTACTCAGAGACCTCAGGTATTGGATCTAGTGTAATCTGTGAGCCACACAGTGGATTACACGACACCCAGTCACGAGGCCCGCCAGCCATAGCTGTTCATGCTTCGCAATGTTTCATCGCGCAGACTAACACAGTTATA,1026,51.36,Escherichia coli
SEQ_820946,CTACAGTGACTCTTCATTGACTAACATACCTTCCGACTTTGAGGAATCCAC,51,43.14,Caenorhabditis elegans
SEQ_765575,AGGTGAGCCAATTACTGTTCCTTGGTCTGCTCCCTTCTTTAGTAGTCGGACTTTCTTGGGGCGTGCGTACTGACCAGCTCTTGGGGCAAGGGACATCACACTGACCGTTATTCTAATATGCCCCTACCACTCACTAGACGCACGAACCCCCGGTCCACTCAGGTAGCCCTTCAACACGGATGTTTCGGGTTTATACAGGACTGGGTTAGCGAAAGTA,217,52.07,Drosophila melanogaster
SEQ_221964,CTCTCACAGAGGTGACGTGGCCAGGCAAAGCCTCTTCCTTATGGCCATCGAGCCAGGCGAACAATAGCCACTAAGTGTTGTATTCTACTCTGTTACGCGTGTGAGTCCTCCGCGG,115,54.78,Caenorhabditis elegans
SEQ_624184,GCGTCCATCTTCAAAAAATCCTGTAATCGCCAACGAGAGGATGGCATGATGGGGAGTTACGTGAGCGTTTCTTTAACCGGTTAAAGAGTTTGCTCCATTTTGTAGAATCTGTTAGGAAGGCCCCTCGATCACCAGGTCTTGTGGATGTGGTGATGCCCCATGGTTGAACCCATTCCATTTGCAGTGAGACGCATAGCGGATATGATATGAGGTGACGGACTGTCGTGGTTGGATTATAATCATCTAGTTGAGGCTACGTCCTCACATGAAGGTCCTCACTTCAAGAGCAAATCTTGGCAATGCGTGCACTCCCAATCAACACGAACCACAGGGCCTACGGGGGCGGCAACATGGACTTATGTATAGTAGAAGTGAGGGGTAGTGGAGCTGACTACAGGACTAAAGGTTCTCTAATCTATCCAATCCCTTAAGGAGCGAAGTCAGGCTCTTATAATTTAAGGCCATCGGTACGGTCGTCCGTTCCCGTGGTGTTACTTCTTGACTCGCATGGCCATCGCGGCGCGTCGCCTAAGCTGCGTCCGCTCGCTACCGTCGAAGTTACATAACACCGAAGTTCCCAACGTGCCGTCGGAGAGTTTAGTCCCCACGCGTCGTGGCCATGCGTCCACGGACCACGTTTCGTGGCTTTGATTCCGTTTTACTCGAAGGTTACTGTATTACTTCTCCTAGTGTAATTTGTTCAGCTTAGTCAAGGAGCTAGGAGGATCCGGCCATCGTGTACACGTGGCTATCTGCCTGTGACTACGAAAGCAGCCTTAGTAACACAGTCATCCACTTACATTACAAGGGTTGCTTGCAAGCGGCCGGCTTCTTCTATGATGACTTAGTCTAACATACCAGTTTCATGCTATTTTATGGGTATTAACTAATCGGCTCTTCGCACTTCCAGGCACGGGGACTGGTAGAGACGCCTGGAAAGCCAACTGCATCCGCTTTTGTACGCTGCCAAGACCCAAGATTACAAGGACCTTGATTCATTACGGACATCAAGGAGCACAGTTGCGTGTCCCGGCCTTGGCCTGAGAGTAAAAATCATGATCAAGTAGACTGTGCACCCCGTGGTCCCGCCTCGACGTGAGGTCGATTGATGGGCCAACTGACTAGCTAACGTGTCTATACTCATAACGACACACGCTTCACACTGAGGAAGCGCTGAATTGACGTTGGGTATAGACCTCACCAAGAGATTAAACCTGATAAGACCCGTTTTCAACTACGTCACTATCTACTCAGTTAAGGATGACCGATCACGTGTCACTACGAGGGTGTACGCACGATCGAGAAACACGAACAGACGCAACCCTGTGAAAAAATAACTCGAATTCACATATCGTATCGATGGGTATGACGGAGTACAATAGGCGCTTAAAGTATCATACACTGA,1405,49.11,Drosophila melanogaster
SEQ_895510,TGAAGCGTTGGAAGCGACAACTAATATTCGAGCTTTTTCATGCATCCTATCAGGGGAACTAGTCCCCAAGCGGTGCAACGACCCAGCAACATACAACTATGCTTGACACCTTCGTAGCATGCCCACTTCGCAACCCCAAGCACTTCCTTCATGATCCACTTATTAGTCCTCTTGCCGAGGATTTGGCGGCGGCCTCGTTTGGCCACCATGCATCTCGTTGGTGGGGCTGTGGAAGAGCAGCGCTTCGACCAAACTCACAATATGATAACGAGGGGATCACTCGCCGGCAGGAGGGATCAAAGAATAATCATGTAGGAGACCTACTGGTAAATAGGATCAGCCCCGGAATTCGTCCATTCTCACGCGGGAGAGGTTGCGCTCCATCGCCACAAAAACCCGTTCCTCTCAGGGCATGTAGGATCTATCAGTTCGGGTTCTGCAAACATCCGCGGTCCTACCTGTAGTTTGAACACTAGCCGATTCGCAGGCGTGGGCCGCTGGGCTAATTCGATAGCGACTCCAGGCGGGTTTGACCGCAAGATGTTAGAAAGAGAAGCTGTAACGCGCGCAGGTCTACGCCGCACTGCCTTGGCCGAATCCGGCCGAACTCTTTTTCAAAAGGCGCTTCTCATCCCTCCAGTGTAGCATCTATGCAGCCGCGACTCAGTATTTCCCAAGACAAAAAGGACTAGGGGTCCCACCGGGGTTAAATACCGACGCGTGACATCCCTTTGTGTCTAAGGCCCCATTAATTCAAGAATTGATTTGCGCTGAAGCTCGACGTGAAATGAGTTCCAATTGACAACTGCCCCACACGTCATACAACAATTTAAAGTAGAACAAGTTGGGCTGCCACCACAGACTGGGTACGGTCCGCTCCCTACCCCGGGCAAGCGTGAGTCACGCTCTAGAAGGACAAAATTCACATGGCACTATAATGCCTTGTTCTGCTATAACGCTACTTTCTCCCTGCGTGCGCGCCCCATAGCGTTTCGTTTTGAGCGCACCTGCTTACAGACTTATATAGTCATCAGTTATATGCTTACAAACGAGTGGTGCGGTTCATCCCAGCTTAGTTCCATTCCTATCCAAGTTGTGTAAAATGCGGTTAAGGAGTACCAGTCGTGCTGGTGCTAGACTCGTTCCGAGTCTGTCTACGCCGCCAGGGCACTCCACCTCCTCAACCCCGGGGGTTCAATCATTGAACACAGTGAAAGTGGGCTGCTTGTTTCTGCGTTACACCCAATG,1248,51.84,Drosophila melanogaster
SEQ_310139,GAGCTGACGCGAATAACTTGGGTCCAGCGACCGATAATTAAATATTGCCCTATCAGCATTGAAGCGGAGCCGCGTTGAACGAGTATTTCTCCACCGCCTCGGATCAAGTCTTGGCATCTGTGTCGTCGGGTGCTCAATGTGCTAGACTCGGAGAAGCGGCACCCACGTATGGCGATGAGCCAAGTTTACCTGCGTCTCATGTATTCTAATTACCTTTGTGGTCATGCAAACACCGAGTGCTTGGATTTCAGAGGGCCAGCAGACTGTTGGAAGTGGAGTGCCCCGTGAGCCCTGAAGGCCACGTCAGGTCTCGTGCCAACGCAACATCATACAAATGCGATTTCCTGTCACGAATTTCGAACTTACTACCAAGAAGTTAATATCGCAATTTTTTAGACGTCCCAAGTATTGACGAGAATTCGATTGGTGTAATGCCCTGCGTACCTCTTTCAAACTTACAACAAGTGGGGTTTAAAAAATATTGACGTTAAACGAATTTCCACCTCTCTACAGAGATGCAACGCACTTGAGAACGCGGTCGATCTGAATAATGGTCGCACAACGTACACTCGCCACACAGCTCACGTATAGTTCACGAGGTCTCCTTAGGGGGCAATCGTAAGAGAAACCTCTGTATGGCGGGGACGGGCTAAATGCGTCCCGGGATTCACCATACTGTACGCGTCGTCAGTTCTGCTGCATGAGAAATATACTCTTCGCACTCCGTAAATGGTTAATGCATCCTCCTGGAGCACGTAGCATCCACTGGCTAGATCGGGGAGTGCTCGCATTCAGCGAACGCTGCTCGGAACGTTGACCCTACAA,825,49.58,Arabidopsis thaliana
SEQ_137777,CATGAGCTGAAATGGATCTAACCAAAGTTCCTATCCTCGACCTGTCGACCCGAGCCTCCACTATAGCCATCAAGCGGTTGTCATTCTGCTGGCAGTACCGGCATATGACACCGGTCTGTGTGATACACAGCCATGTCTAGCCCTACGAAGAAGTCCCCATAATCCGCGACAGTGGTGACTCTTAAGGCCTTTTAAAGTAAGTGTTCATTACCCTGATCCTGAGGTTTATTCCGCCCATATGTAAATGTACCTGTTTAACGTGTCCCACCAGGGGCAGACTACTCGCCTGTGGAGATTGGTTTATACGCGGACGTAATTGCCACGTTTCAGTCCCATTCATCAGTTGAACTCTCTGTGATGTGTCCCGGCGTGTTTGCTCAGGCTCGCCTTCAACCATAGAACTACAAGTCCTCATCTACACTTAAAACTACACTCACTATCTCGACATAGGCTGTGATGGCTGGCCCGACAGGATAAGGGGGTCATCTGTCTTAGCTGAAGGCTGCATTAAAGTATAACTTACATGGCTCAATCGCGCCTCGAGAAATTGTTCTTATAGTGTCCAACGCTCTATTATGTGGGTTATGGCACCTTATACTGACAATAACAGATTGTACGAATAGGGGAAACAATTCCTTCACGGTGTGGGCATTCCGCTCAAGATAATACGCCGTGCCACTCGGCTACTATCCGGACAGTCTTCGAGAACGACCGATGGAGGTTGTCGTTGAGCTGGTCTTACGACGATTGCAAGGCATACCAAATCTAAGAATAATAATGACTGAACTGATCGCTCACGACGTCACGACAACGATACTCGTGCGCCGCAGCCGAAAATCTACTTTCAGGCAGACGAAGCTTTAGAGATTGTTGTTGCCTCTTTGATTGCGGTTGAGTTTCTGGCTTGTCCATCAACATGCCCATCCGAGCCGCGTGCGTTTGTGCTCTTTCGGCGATCGACCTGACAGAATCGGATGACAGCGCCTTAAAGGAGACGGGAGCACACCATTTAAAACTAGAAGTAAGCAGTGTATTTGCATCTAGGGAGTCGGCTTTACGAGATCTGTGGGCACGAAGAGTACTTCTAAGATGGGATTGCAGATAGCCATAGAAACGTCGAGATGCTCGTACGAAGCCAAAGGTACGTAATCAAAGTTGCAGTAATTTTGAACAGGGCTCTGCACATAGTAAAGGAAATGAACTAGCTACTGGTGACTTCGATTATGGTTGCCCCTTCGCGTGTAAGGGAATAATACCTGTTTATCACGCGCGACTTGCTCCGAGCCGATGTAGCTTAGCGGCATTCAGGTGGTTTAGCATCTAACGCTATCCGACCTTTCACCATTCCATCCGGACCGGACCCCAAACTGCCACCTTAATTGCGAGTGTTATGGTGTTTATTGTCAACCCGTTTTGTCGGCTGCGGACTAATGAAGCAAAGATGCAAAAGGGAGGAAAAATACGACTCCTCGCACATTTTTACGGCCGCATTCAATACATAGGGTAGGTCCGGCGTGACGGGACGAAAATACCGGTAAAACGGCTGGC,1548,48.32,Caenorhabditis elegans
SEQ_992260,TATGACTTTGGCAGTACCGGGTCGCTGTGAAGCAACACGGTCACCAGGGGTGTCGGTTGGAATTCCAGATACGGCTTCCTATTGACATAACTCACGATCAGTTTTTGAAAGATAGAGTTCCGTATTAACACTAATATTTGGTGGTGAGGGGCATTCATCAATCTACCCAAGGCGTCGGTGCCAAGGCTCTGCAGTGGTTTTATCTAGAATCCCGTTACGCCTATACCGTGACCCTCTCTACTAAATGGCACGATGATAGCGCAATCAGAATTTCCGTATTGGTATCAGCAGGTTAGTCTAGGGGTCAATCAAAAAGGCTCTTCCATTTCGCATATAAACTCTTTTAGACAGTAGTCAAATCGCCGTGCATGAAAGAGCCCGAAAAAGTCAGAGGATCGGTCCCCACTACGAGATAGGGTAACGACGCCTGCAAATGGTTACAGTACGTTTTATGCAACCACCCGTAAAGGACTAGCGGATATAGATGGGGCTTTATGGTCATGATCCGCTCAACCTCGTGCTAGGCCCTTCAGTCTCTCAGTCGATCGGACCGACCCCGGCGAAAATACAGGACCGTGTCTTTGACGCGTGGACCCCCCCTGATGGTGCCTGGATCGCCTTTCCTTGGCCTGCAAGTGCTAACCTGGGCATTTCGTCAAGGAATCAAACTTAAACTAACTACTTGGGTATGATCCGGTGCGCGGACATTTAAGCCCGTGCTCGACTCAATGAATGAGGGTGTTGTCTGCCATGGACAGCTAAGTTTCTAACGATGACAAGCCGAAAAACGACGGTTGCGTCACAGATCTTCGTTGAAGCTAAACCGGCCTAAGCGAACCGTAGGCGGGCACCATACCGTCAGACTGTTTATAATATCTTGAGAACCTATGGCTGAATAGTCCGGGAGGGGCCTTGGCTATCAGGTTTTCCTTTGTATGGATTATCTACAGCACAGACACTACACGCGACGGTCGCCCGAGCTATGCCAAACGATACGAAGGATATCTAACTGGCTCGTGCAGCATTCGTCATATTTAGTGTGGACCTGTTGCACTGTACCTCCGAGGCATAGGGACTCGTTGGGCGCTCTGCAGGGCTCGATGGCTATGTAAGAACCACGGTCCAATATCATGGGTTCCCAACATCAGAGAAACTACCATTCATGCGCTCAGCACGGTGACCTGAGACTTGGCAGCTAGTCCCAGATTAAATCTACGCGAACGTCGTGGTCGGATAGAATTCTGAAATCCACGTGGTTGGTCCGATTTACCTACGCCGAGAGACCAACCGTAATGA,1296,49.77,Mus musculus
SEQ_666771,TCAGACAATTAGTGAGTGGAATTCCCCATACTAACCGATATTAACAACAATGAATAATTGTACCCGATTGCCAATTTGAAGCGGATGTGTAGTCATAATCAACTCGAAGTACCGGTAAAGATACATACCCCGGTGAGAATCCTAGCAGTGTCCAATAAGTGTTACCATATGCGATTCCTACAGTCTTCAGTCACGGATACAAGTGGTGGGCTTGTTGTCATCTTTGCCCGGGGACCGAGTAGGGTACTGTGCGCGCATAAGTCACGCTACACGTTATCAGGGGAATACCGCTAATAGGAGATCACGGAACAACTTAGCGTATCAACTGGCATTGATGCCCATTCCGAACCCATTATACAGTTTACTACAATTACCAGTCTTGCCAAGCAGACTTATTTGCCCTAGCGAGGTCGCATGATGCCCGACCTTTGGGTAGTGTACCACGTCTAATGACTAA,457,45.51,Mus musculus
SEQ_500508,AGGATGGTCCCACTGTCCGACGTCCGCGGCGCTCTGCTAGTACACTTACAGACCGGTTTCCATGCTAGTCCGATCGGTAATTGATTCACATGAACTCTGGTGTAATCGCCGCGAGTCCTAATCATGCCCATGGGAGTACATAGGGTTTAAGTATTTATCGCATTGA,166,50.0,Caenorhabditis elegans
SEQ_265595,ATAAGTATAGAAACGGTACTTGCGCTTGTAACACACAGAGTGCGGAACTTTTTGGCCTGGCACTACGCGTCCAAAGTTGGCGGGATATAACTACCCATCGGTTAAGACACATTCTCTCTAGCACTAAGGCAAACCAGCTACCTCGTTCCGATAGTATTACTCGCCAAAGCCCGAAATGCATGTCACCGACAAAAAAGCATTTGGGTTAAACACTGCGGCAACGCATTTGTTTCTTTGGGTAGTTTTATGCCTCCGGTAGGTTCCACTATTTTAAGTCAAACCACTCAGTGGCGACGCGAGTCCGGCCGCTCTCGGTCTTGATAATCGTGCCTCTGGCCTGTCCATTATCGCTCGTAACTGTCCCTAGCAACGGTCCTATTTCGCTCACGATCATTAGGTAAGAACACTCTGCTTTCACCCCCTTTTGGACTATCGTTCTTACCCTGCGACGGTATTAACGTCGGTAATACTGTGTCTGCGACCGCTGGGGAAAACCTCGGATACTAAGTTATGGGGTATCATGTTCCGCAAGCGGAGAGACTGGCTCACCTTTTCGTAGGGTCTCGTTAACGCTAGACGCACGCATGAAAGGACATTATACCTAGCAAAATCCTCTTCGACGACGAGCCAAGGGATTGAGATGCAGTAGGCATCACCTATGGGACGTTCTCCAAGATGTTTCCGCAGAGAAGGACAGACGCACACCGGCATTGTAATGCATCTGGCACTAGAGTTCTTAGAACGTTATGATCTACGGGATTTCTGGCGTGCTCTACGCTCTGGCCCGTTGATAACTTACAGAAGCACAATGCTGTCAGGTGTGACGAGCTGGGCGCTAACGAACTTTTGAGTACATATCTTAGCGATCATTGCACCCTACGGACGTCTAAGATCAATTGGTCCTCCGCTCCAAACTTGGAAACGAGCGACCTAACAATTCCTTTTATCGACTCAGAGTGGAAGCCCATTACCGTTTGGCGGCGAGGGAGGCCAGATTGGCCCGCATGCCTTCAAGCTTGCGCACTTACG,1029,49.66,Arabidopsis thaliana
SEQ_413346,GGAGAGATCCTAACACCCGCCACGTCGTCGTTGCGACCCGCGGTCTCAAGCTGACGTGCCATGATACTTGATGATTTCAGCGGAACTGGATCGTGCATCGGCAGGCGGGTAACTTCACAGGGGGTCTCGGGACCAGTGGTACGGCCTCATATATGAAGTTCTAGGCGATCTGGTTAACAGGTGTGAGAAGGTATAACAGTCGATGATAGAGATGTGGAGTAGTGGACTTAGTACGTCTGCACACGGTCGTTGTTAGCAATAGCTGAATCATTGCGTGCCGACGTATCAGAGGGGATTTCACATTGCACATCCACCCGAAGCCCCGCAACTTTCTTCATATTCTACCTTTCCCTGAACAACCAGCCCCATTGTTTTTCGATGTATGAGTAGCTGACACCTGTAGCTCCGTACACATTATAATGCGCAGGGTAGTTACCAGAACGACCTATCGTTACCATAATTGGTCGCTCGTTAGATGCATAGTGGTGTGGTCGCAATGCGGAAGGCGCATTTCTGAAACAAATCTAGGCGTGATGGAGGGTCAGTATAGCACTCAACGTGTCCCCACAACACGATAAGCTCAGAAGCTCGTTGATAAATCGCTAACGGAGTTTTCAATTAAGCACGCTGCATTGGCGACTACCGGCTGGCATGGGACGGCCCACCCGAGCCTGTCGGGGGCGTTTACCATAAAGGATCCCTCGCGTGATCTTGCGTCCGTCGTCCTGGACGTAAACTGGGTCTTCGAAACGAAAGTGGGAGCGCGCTGCCGAAGTAAATATCGTTGTCGACCCAGGA,798,51.75,Caenorhabditis elegans
SEQ_550375,CTCGTCCGGGACGTAGTTGGGCGCATCGTAGGCTTCGTTAGAGCCCTTGCGTTACGAATTAAGTGGGATTTGTGCTCCCGCCCTGAGACCCCATCTCGGCTGCTCTCGACACGAGACGGTCGCGAAGTTAAGGGACGAGGGTGCTACTACGATTTGAACGAATCTAGGTTGGTGAACTTATTTTTTCTCTACAGAGCTCATGCCAACAGTGGTTGAAGCACTCCCCTTTTTCTTTTTACTGCCGCTTACAGTTGCGGGCGCTAGCGTTACCGCTGGATGAGTGAAGAGGATGCGGAGCGGATGAAGGGGTCTGCGTTGAGATCCCATTAACCGTAAGTGTTTAGGCGCGCGTTCAGGGATCAGCTGAAAGTTTACACTTTACTAGGCCTTGTGGATATGAATAAAACCGCCAGTCCGTCTACGTGAGCCAAGTTAGACTGAAAGAGAGACACGTGCATTTGGTCTCTTAGCTTCCTTCACGGGCTCGACTGCGTGCCCCCACACCAGTCTT,511,52.25,Escherichia coli
SEQ_740270,GCCGCCGGTACGTGAATTTCGGTCTTCAGGAGGCGTGCCCTGCTTCTTTCAGCTAGGATGGATGGATGTACGCAATCTTATTATCATTTTCAAAAACCATATTTTAACGGTCGTCGCTCCCAACGAAAACATCTCGGCGGCACTCTAAACAACGACAACCCGGCTAACTCGAGCCCGTTGTACTAGTGGATTCTGGCTTGAGTACTCCTTACGCTACTGAAATTAAGGATGTTTCTTGGTGATCTTCTTTTGCAACTGCTTAGCTTGGCCCAACTACGGGTATACTGCTCAATGCAGCCGCCCCCGCTCTGCTTCACTAACGGCCCCGCGATCACAGGTACACGTGGCATTCTTAACGTACCTAACTCGGAACCTCGCGAACAACCCGTGGTATCGTCGAAACAAGGATGCATCGGAGTTTAATGCTGACTTACCTGTAGATGTCTATGAATAACATATTTCAGGAGACTCATGACTATGTCGAGGTAATGCCCTGCGAAAGATATGAGGTGATCTCTTCGGTGAAATGATAAGTCGGCCGCATCAAGTGCCATGTTCTATGGTGCGAACTCTTCACGTTGGGAAGGTATATGAAAGGAGTCTCATGTGTGCCGGCCCGTTGTGTGGGCTGACCTAAGTTAGCGGGTCCCCAAGTAATGGGATTACGAAACTCCCTGATCAACTCGTATACATTCGTTAAGTAGTGAAAGAATTGAATAAATTTGAAGAACCTGAATTCAAGTGTCTATTACAGTCCCGCTAGGGCTGGAGGGCATCAGGCCAAATACTGTTAATCCCGTCAGTCAGTCGAGAACATTCGTTGCACTAATTATGTACAAAAAAGCTGTTGAAAGGGTTAGCCCGGCCCAATTGAGTAAGAAGGGTTGCAAGATCCCAGCAATATACATGTTGACAATCCAGTGGAGAGCACGCCGCCAATTATCTAAGCAGCATGCTGGCGCTGTCAACAACGCTAGAGGACTGCACGTGACTCGAAACGTAATCTTGTAACTACTACCCAAAACCGTGATTTGTGAACAGGCTTAAGGAGGTGCTAGTCAGCATCTGAACGTACCTAGTAGTGATACAGAACGAGCTAGAGGTAAAGTCTCGGTTCCTGGCGCACCTTCCGAATCATTAATGGCCATTAAGTGACATTACCCTCTGCAGCCAAAACGGGTGTCACGGGGGGGTATGGGACGGTATCGCGTGAGGACGGCACAGCAAGTCCAGTCGCTTTTCCTAGTCTCCTCACACGAAGGATGCGCCCCCACA,1275,48.47,Escherichia coli
SEQ_165342,CGATTACTACGCACGTACAAGTTCCCCGAGTCTTCTGAACGTGGGCTGTATGTCATGTGTTTGCTGGAAACGACGAGCCAGTATTAGTCTCAGACCGGAGCTCTGTCGGCAATAGAGCAACATCGAGCCTCGGTAGGTTCTCAGCGCGCCGTATTCAACTTCCACGTTGAAAGTCGGACGGACTACAGTTTGGTGTACGACCGGACGTGAATTATAGATAGCAAGTCTGGTTGGTGAATTCAGGACTTAAACCTC,255,50.2,Homo sapiens
SEQ_241448,ACCATGCGTTAGCTAGCGCTGCATCATTCAGGTTTACTGCCGGCTGCTTCAGTCGATACCCTGACGAGTTCTGCGCGCCTTTATTGCTGAACACCTTACATTCCATGGCACTACCGCTCCTTCGTAGCTCCACAGCACACCTGGCTAGCAACCTTATCCTCTAATTATCGTCAGTAGGGCGCTGTTAAGCCAATCAGTCTTCATGCCTAGTGTCCAGATATGGATGGTATCTCACCATGTACGGATGTAAGTAGTCTGACCAGCATGTAATGGACTTCGACGTCAAACGCTTTCCGTTGAGGTTTCACATCTTTGGGCGATCCGGATGCCCGCGGTCCTAGGCCCCTGAAACATCTTCCCCAATTGCGACCCGCTTGGACATTCGACATCCCCATGCCGAATATCTTGACGACGGCACTCGCACGGTAATTAACAAACGGTTATACACTTAAGGTTGATGCGACAAATGTTGACCCCGCACTCGGGCAACCGCGGTCGCACTCATATCCGTATTGCGCCTCCAAGTCAATAATGCAGCCGGCTGGAACTATCACACCACTCTCGTACATTGTTGCAGAAATTCCTTAATCTCTACAGTCGTTGATTATGATGAGGACCTGGATTCCGCGTTCGTTATCCGCGTAGGCGCGCAGAGACATAGTGGAACTTTGCACCACTGTTCAGGCCGCGGTCCTCGTATGTGTCAGCCAGCCAGTGCGCCTCCAGTAGGTTATTTGAGATTCCCACTTGGACGTGTCACTTTCACGTCATTGTCTTTATATCTGTGCCGATAACCTATAATGTTCATGACGCGCCCACAAGACATGTGGTGCGCCCCGCTTTATAAGGCGGCTTCGTCGCTAAACGAACCTCACAATTTCTCCGGCCCCGAGTCGCAGGGACTGGCGGAAAGCATCGATAAGCGTATAGTCTGTTGGCGACTCCGATAGCCGAGGGCGCTAGATCTCGTGACAACGCGTCTGCCGTCGACAATGTTAACGCTGGACTACGAGAAGAGAGTGGCACGGGCGTCAGATCTCCAGCGTTGTCCCAGATCAGTTCATGAATACTGGGCCACCCGTCAGAAACCACAAGGCCACCGTAATAAGGTAGTCCCCCGTCGCTAGTTCAAATACGCTGCCATGGCTGGCGTGGGTATCACCGCACCATTGGCACAAAACGACAGATATACAGGTTGGTCGATCGGTGATTGCACCACCGTAATCCTAGGGTAGGCAGAATTGTCTAGTTATTAAGTCCCGCCAGCGTTAGTAGTGGAGATAATCGATCTGACTCCGTTTGCGTGGTCCTGCCTCGTCTTCCACATTGGTACCCCGGGTGGGGAGAAATAAATTACCCTTTAGGGATGTATTACTTTACCTGAGCCTTGTGGCAGAAAAGTTTATGTCTTGGATCCAACAGCCCCATACTACGCCTAGAGTGACGGGTCAACGTTAATGCCAACCTGACTTTGAACGTACACCCAACGAAACAGGATTACCGCTTCACTTCCGCTAACCTGTACATTCTCTATGTAACTGAACCGGTAATGTTTACCGGCATAACTTCTCCATTGCAGGTAGGAAGCTAG,1591,51.16,Caenorhabditis elegans
SEQ_175780,GTCGGGCAATGCGTGGCAAGCCTCCAGGTAGGTCCCGCATGTCTGCTAGAGTGATCCACATTACATGGTTTTCTCATAGGACGCAGTATGAAGGGCAAGGCCAGCATTCCCTCGGGCCAGTGTTACCGCGTGTCACTACCCTGAAAGTCCATCGAAAGATCTCCGGAGGACTGTAATCAACGAACAGGGCACCTCAAGTTCGGG,204,54.9,Saccharomyces cerevisiae
SEQ_760874,GCTTACTTCCCTGCGTCGATACACGACCACCAAACGTTCTGTTCATGTGATCCGCTTGAGGCGGAGCCAGTGGAACATGAATAAGGTATCGAAGCTCTCGAAATCAGCCTGGCGACTCGCAATGGTTAAGTGAACGATGGTACGTGCAACGCTGATCAGGCCGACCGTGTTCAAACCCCAGGGAATATCGACAACATAATTGATATTAGACCAGAGATTGGTTGCCCATAGACCTGCCCAAGCGTGTTGATGAGTCGCAGGTTCCGGTGAGTCCTGAACGCTAAAATTGTCGCGACTCTGATTGCAGGTCGTTAAGGTTTAGTTTAGTGCCTCATCGCCACACTTGAGTCTGATTAGACGCTTTACCAATGCGGATACAGACTTTTAGATGACACAGCTCCTAATGGAACCACAGAGAGTAACTGGTGCCTTGTGGCGCGACGGCACCTTAGAACCTATCGTTCGATTTATTTTCTTGCAGCAGAGGCTGGGAGCGAGATATGAATAATTGGCCCATGTGCAATAGCCATACCGCTTAGCGGCCGACCGAGA,552,49.82,Arabidopsis thaliana
SEQ_350116,TACCTTAGCAGACAATCTTAATGGTCAGGTGTTAGCTGGAAGGAACATGTTTTAGGAGTCCTGCCACTTGCGACTAGGACACGCTTAGTCGGGTCGGAGTTTCCATCTCACAACATAAATACGCGGGCCCCTAAGATGACTACGTGGTGGCCATTGCTATCCTTAGCGACGTAACTCTCATTGCTCTCCCCACCCTCTTCTGGGCACCTTGGGCAACTATACTGTAGCGATCGAAGTCATGTATAGCTCTATTCCGCAATCTTATGAGATGTGAGCCACCCCCGCTAGACAATCCGGCATGACTTGAAGCCATCTGTACGCCAACTCAAGATCAAATCACCTAATTCCTTGGTGCCCCTTGTACGAAAACTAATGTTAGATAAATTGATTGGTCCGACATCAAGGCCGGGTCGTTATTACTGTATATAGCTTGAAAGACGTGAAGCGGGGACGAGACATGTTTTCTTCAAAAGAGCCGGGGAACTAGTGTCTTCGATGCACTGAAACATTCGATGAGCTCACATTGGCTTGGACCACGTGCCGTACTCCACCTGTTTCAACTCTAGGCGAGAGGGATCACATACTTTTTGGCTATTGTAGCTAGATAGATACTACGCGGATTCAATGCGTACGAGAGTACAGGCAACATACAGGCTAGGCATTTGTAACGGAGTGAAGTCGCACCGCCGTAATGTTAATGTGCCAGTTTATCGACACCACCCGTAGGTTCAAGCGGAGAAGGACGGAGGTATCCGCACAGATCCGTGAAACAGCGACGGTTAAATCGTCGTTCCCCGACTTGTCTAGGAAGAATGTATGGCATGTCCCCCTTCTAGATGGTCCTTCACGCCGCTCTGTTCCGCTGCAGTTCTTTCATGGGCATCCAGACTATATAACGTTTTCCTGGTTTCAGGAGATCTCTAATCATAGGGTCTGGCGGTCCACATATACCCAGAACGTTGCAGTTTTGAGACTTCTGGATTCGGAATAGAGGCATATTTCGCTCCGGAATAGCAACTATGCCCTCCGGCACCTGTCACCACATCCCCGTGAACCGCTTGTGTCGGTACCACTGCAAGCAATGATTCCGTGGTAAATTCATCTGTCGCTCTGACAATTATCAACTACCGATTGGCTCTGAGCGCACCGGCTTAGGTATGGCCGAAGATTGCCGGCCATAACTGCTACTGTGTATGCGGGAAATCCGGAATAGACATGCTCTCTTCCCCACAATAGCTTACTAGGGGCTCCGGTCCTCCTTCCACCGCCATGAACGGCAGACCCAGGAATCTATGGGCGCTGGACTAGGCGAAGGTCCACGGAGGGGCACTGTATGGGAGAATCATTCTGGCGTGCAGATTATGCGAGCCCGTTTCTTATTCGCTGATCCCTTTGCGCTACATGAAACCGCGCGGAAAGCATCAGTGTGCGTTCCTCAGCGCCGTCTACGCCGATGTGTTGGACTGGACAGCCGGAAGAA,1480,50.54,Drosophila melanogaster
SEQ_529739,CCTGCCTGTGTCGCCTTTGAGCGATGTAGGTTACATAGCCGTTCAAAGCAGGCCCGAAGGTATACCCTACTCTCATGTGGGTAATCCGATGTCGTTTGGTGTGTGCAGATGCGACTTCTTAAATGGAAGGTTGGACTTCTCCAATGCCGCAGAAAGCACTGACGGTGAATGATCAGCACCCGCGGACGTCCTAGGACGGCCAGGTGAATTCTGAATTAGGTAGAGTAGTTATCTTGGTACTAAAGACTTGTCCACGGTCCATACTACGCAGGCAGCTAGGAGGAAAGCAGCTGCGAATCCAGCCTGTTCGGGCTGTCGAGTCTCTCCGCAGCGTTCGGACTCCGTCGGGGCTCAAGTCAAAAGCGTCAGCGGCGACTGAACCATCCGGGCTCCACATTAGTAGAACTAAAAGGAGGTATTGACGGCCACCTGATTTTGCCATGTAACGCTCGGATTTGGCCCGGTAGCACAGAGATGGAGGTCAGTCCCCTCCGACAAAGGGTGAATGTAACTACAAACAGTTGGCGACGCCCGCTTCATGAAGGGAATTGGGTCAAAGGTCCAGTATTGACGGAAATCTGACAGCAAATGCGCTAATCCTGTACGGCACAATACCATTAACTCGCTTTGGGGCACGCACGCTCTCAAAATCATGTTAGTCAATCACAAAGGAGAGTGTCCCGCAACGCGTAATGCCGATTCCACGAAGAAATGGCATTACGTCGTTACATCAAGCCTGCTGGAATTCGGCCGGTCAAAAGCCTGAAGGGGCCCCAATGCAACGGTCCTCGGAGGATTAAGACTGCCGTACCTTGAGGACATGTCGCTACGAGGGACTCAGGCATTCACCCGGCCCTCGAAAAGTTCACGTACCAGGCGTTCGTGCGCCATCAAGTAGGGGACAATCAACCCCGTACTTAGTCGGCCCCGAACCTTCTCTGTTGGAGTTTCTACAGGACAGCGAGACCCCCGGGACCGACTATAGCATGATAGAGGGGCTCAGTCGGAGAACAAAGTAAACTCGGCAAACAGCACAGACCCATCGGCCGATGCGGTCAAGCAGCACCATATCAACTTGAGACTTTACCG,1089,53.17,Arabidopsis thaliana
SEQ_385540,GTGTGTTATCTCCATAAAGTATACCGACTACTAGCGACCGGGTATGTCGTTCGTGGCACCCACCCCGTGGAGAGCAGTTTCGAATTCTTCTTGCATTGGCGAGGCCCCTACTTCTCACCAATAGGAGAAAGTGCGCCAAGTGATTTAAGCATATGCGACGATCCGTAATAACGAAAGGACTCGCGTCAAATGAGCACAAAAACGTAAACCACAATAGCGTCTTGGCCCCATGCTGACCCGGTTTCAGAAATCTTACAAGATCAGGGCCAACACTGCCTATTTCCTGCTCAAAGCACGATCCTCGGTTTAAGGCATGTGGCTTACGCTTATATATGAGAGTGAAGAATGCCTTCGCAACGTATGTCCCGTTACGGGACCAAACGTTAAGACAGGCGGGCGACTCGCCTATGAGACCCACCGACTTCCACTGCAGGGCTAACCTCGAATGGTAGGCTCCTCCGCGAGAAGGAGTGTTAAAATCCTACCTGGGAGAGCGTCTGATCTAACGCTTGTCATACTAAAGTGGTATCCAGAGGTGCTCAAGAACGGATGAATGCAGTTATACTATCGTGGTGTTTAGTTATTAGGGCCCGTAATGACGATGTGTGTACTCAAAACCGCGCCACGTTTACGCTTTTCCGAAGCAACATAGACGCTGGCTATTCCTGCCCTCGTCTCCAGTTAATCGTCCGGCTGATCGCATTCTCTGATGCTAGATCAGTTCTGGTGTTAGGTCATTTGCTTCCAGGACACTGAAAAGGTGGATGAACACCCGGTGAGGAACCAAAAGGTGCTCAATGTATAGCACAGTGCACGATAACAGTGCGGTCACTGGAGCAGCTCAGGCGGAGCAATCTTCTGGATCTCGTGTGAAGATTTAATTCCGACGGGCTGGGTATGAGCACTATACTAATCAAGGTGGCCTGTCCGTTAGATTTATTACGTTGGTGGACGATTTGGCAACTTTTCTGATCAGGTTCACTCTTTAGACTACTACGGGGTCTACTCTGGCCTCTATCAGGGCCCCGGAGTAAAACGAGTGTTGAGCGCTCTCTGCGAAGCTTCCCGTAGGTGCAATAGGTCAGCGTCCCCAGGGAACTCGCACCCGACAGGGGAGGACAGCTGTGGCGCCGCCGTAGAGGATGACCAGACGCTAAGGTGGATATCCTACTCGAAATTTACCCAGCCAGTTAACAGGCCATCGCCATGAATGCGACGGTAAGGCATGTCGCAAGAACCAGGTGGATTGGATCAGAAAGCCGAAAGTATGGAATCGACTATAGGGGCAGGAGGAGGAGCGTTACCTTTTAAGGTTTGCTACGTCTTTCTAAAGGC,1335,50.49,Drosophila melanogaster
SEQ_622223,CTTTGGTACTGATCCAGAACCTTCCACACTCCTGCGGCGGTCGGTAAGAGCCTTTGCTATAAGTATTCAAGGTGTACTCGGGCAACACCCTTAAAAGGATACACCAGGCCCGCCGGCTCACAGCTCCGGGCGTGCGTTTATGAACGTCGGCCGGATTAAAGGCCCTCGCGTGTAGGGCTTCCTCAGCGACTTCAACAGGCACCGTGCTAAGTCGTGCTGGACCAGCTTACGACCCTGTCTAGTTGGCAACCCATTGTAGATACTCCGCCACGGTGGCTCCTCATTCCACGCTCTATGTCAACCCCAAACTTAGTATATCTAAGATAGGAGTCAGACAGGTGCAGCCGGTAGACGGAAAGGAAGGAGCCTCCGCAACCATACCAATGGGCAGTTCGGAACGTTACTTCCTCTTATCACCCCTGGGTCGCGCTTACTACTGGCATATGGACCTGTGGCAGACTGGAGGCTGGCTTACCGCGCTCGATTAATCCCAATATTGTACTGCGTCTGAGGGGAAGGCCCATGTGAAGCTTTTTCATGAGGCATTTTGCCGGTGACTTGAATGTAGTCCGCCATTACGGTGGTGATTAAATGCTAACAATACGTGAAAGAGAGAGCGATGCAATTACTGGAGTTTGCATTCTAGATATTGGCATCGATGCCGCCCGGACAAATCGTGTCTCAGAGCTATCTTGGACGATACTCTGAGGGAGAGAGACCTAGAAAGAGAGATGCTGCACATTGGTTCTATATCCTGCGGGGCACACCGTGTAAGAGATACCACATGAACTGCAAACGCGTGAGTGCAATGCAATGTAAGCGAGGAGTTCCTAAATTCTGCTTAACTTCGCCTCCTGCAACTTGTCCAGGTAGCCACTGGTTGAGAGCTCAATAGCACCGCTATCTTACCGCCCAAGATCAGTCTGCTAGACACATCGACTAGATCTGAAGGTGCTGCTTACCTCGTCGGATTTCCACTAGGCTCTCTAGACAGGGCTAGGGAGGAAAAGGCTTCGGTGTAACATTGCGCAGGTAGGGTAAGCCCCTTTTGTAAATATAAGTTGTAGGCCGGAGCGGGATACTTGTGTAGATTCGTGTATTTGAGCGCTTCATAAAACGCTGTCGTAAACGAAACGCATGCCCGGGATAGTGCCGTCGTCTAAATTGTCTATTGGAACGGTGGGGGTAATACAGTGACCGCCTTAATGGGGGGCATGCCTCATTTCCGACCGGTCTTAACGATCGGCACGATCCCGCATTGAGACATCGAGATCTTCCGTTTGTTGTGTTAAGGTCCGTAGATGCTATTTCATATTTTAGAAAGCTCGAGAGCATGCTCGTAAGATGGTTATACATCAGGGCTGGCGCCGAAACGGGTCTTTTCTACTTTTGATGATTAGCGCTACCACAGGTCAGGCCCAGAATTGCAAAACATTTATATGTTCTACAATGGTGTACAGCGGAGCTGCCTTCGACT,1477,50.44,Drosophila melanogaster
SEQ_976395,GCCTATTACGGAACATTCTCTTGTAGACAACGGCGATTGACGTTCTGGTATCCGCGCTAGGAAGTTACGCAATGCCCGTGATCGTATGACGAAGGGTACGGAACGCCGGTCCCTGGCATTTCAGAGTCGTAGAATTTCAAGTTTTCTTAATCTTCGTGCGTGTAGCTACGCTGTCAGCTAACTTCGTACTTCCTTGATTAGGAAAGCGACGTTTTAGACACCTACACAGCTGACCGAATATCCCAAGGTCCGGAGGAGTGCAGAGCATGTGGGAGCCATTACTCATAGGCTACTCTGGGTGCTTATTACGCCACGGTGCGCCACGTAAGTTAATCATCCTGGGTGCATAACAGGTGGGAGTCCTTAGATGGTCGCTCGCCATCGCATACCGAATACTTAAACTATGTCAAGTTAACAGCGGAACCCAAAAAATCCTAAAGTCGACCTAACGCGAGTTGTAATACTGTCCCAAACCTAACTATCGCGGAAACTAAAAGATATCGGCGAACCAATACGGATTTGCATATTATGCGGAACCTTCGTTGGCCGTAGATACCTCGAGCGCGGTCGGTACAGTGCGCAATGATTGTGGCGACTAGTTCCGCAGTTTAACTTCCAACTTGGCTTAACCCGGTCCCGCAGAGGTTAGGACTCCCACAGTAATGGATTCACGATGACCGGGGTTCCCGAATTGATGCAATAGTTGTTGCAAGCACAGTTGTACGGAGGTGGTACGTGATTAGACTTTACCTATAACCCGCTGAGTGCAAGTCCAGCGACGAGCGATATGAACCTCGTATACCATTTCATAACCTCTCGACGAATAGGAATTAAGAGTGTGCTCGCATACTTCTCTCCATCGTGTTAGGCGCAGATACGGGGGTTTTCCACGATACTCGTTGTCATGGTTACTTTGAACGCTACGTAAGACCCTGCCGACATGGTCGACGCCTTGTGTATCAGCCTTTCACGTGCATCTCGTTCCTTATAACATAATGCCACTCTGATCGGGAGTTCATATAGGGGAAAGAAGTCTTTCAATCTCGCCACGACTACGAAAGTGTGTCAACTTGAATGATATCGAACGCCCGCATTTTTGTCATTTTATTACCGATGTGAGTGTTTTCCCAAGAACCTAATCTGCACGGTCTGTCTGTCCGTGCTCGGTTCGAGCCCCACTTGGGAGTGAGATAACGTCCCTATTGTGCTACGCGGATTGCTGTGCGACTATTTCCACCGTATGTCCGCGTGACGTGAAGTACGAGGAGAGGAGATAGTCGGCGAGGCGGAAACCACACTAGGTGAACCAGGTTAG,1315,49.05,Homo sapiens
SEQ_277299,AAAAACTATTCTTTTATAGTCGCTACCAGCATCGCTCATTCGATGTAGCCGAATGATACGTCGTAATGCAGGTCTGTCATTGCTGGCTCTGCCGTTAACAAAACCTGATTTCTTTCCAACACGTAGCCCCCCATTTCCCGGCATCACATAACCAACTATACGCAAATCCAAGCATTTGGTTGTCAGCGAGACTGAGTCGCGCCCTCCTCTTCTGAGCCTCTATCCCCCCGGCGATCGATCTGAAGTCGTTGACGCAGTTTATCAGAATGCGGGCCTCACTAGTGGTCCATTAGTTAGCCTTATAAGCAATAGAGACTGGTCCACGGATTCTCGTTCCCCAGGCATCCAAGTGTGTGCGCAGGGTAAGACTGACCGGCAAAGATGGCATAGCAGAGCGATTGATGTCCCACCGGCGACTGGTGTCAATATACGACAAGGGGCTTTCCTAGGCGAAGAGTAGTACCGGATTGAGTGTTTTCCTCCCGGTCCTTTCCGCCCATCGTAAAGTAAGTAGAGACCGCATGATATACTTTTTCGATGAGGACGACTACTCGAACTCATATAGCCACTTCGGGCAACCAGATCGGGAAGCGCTTTAGCGTCCCATAGCTGCAAGTAGACTATAACACTCTATTACAGCGAGAGTCGTCTCACGGGCTGACCAGCGGCCGTCAAGCTGTATCGAGGCCGAAGTCCAAACTCGTGGAAATGACGCGAGAGCCCGCAAGACAGGGCATACGGACAGAGCCAAGGGCGACCGTACGTTTACAAAATCCCATAATGACACAAACCGCCCGCGGTTTTGAGGGAGAGTTCTCGGCTCTCTTGGCCGTTTCTATACGGCACCGAGTCTCGTATGACCCAGCGATGAAGCCGCGCAAGGATCGGAACGGAGCCGGATGAATTGGCCGATACTTTATAATGTGGGATCCCGTGATTGACTTCTATTCGCGAGCGACTCGACTGCCGTATTTGCCCGTGATACCACCCCTGTCCGCATCAACTTTGCATTCCGTGGTGCACGAGACAACCCGCCTCTGAAAGGCGTCGCTTCGCAGAGAGAGGCATTGGCAAGACACTCCGCTTGATCCCAACCCGCTCACTTCATCATTAGAAAATCCGTAAAATGGTCCGGGCCTTACGATAGGTGTAATGAAAGGACAAGCAGGGAGAGTCCTTCGCATATGACTTAGGTCCAGCCTTGACTCGGCGACCGCCACAAGCTAATTTAATCGAGATATGGCGTTCGTATTTCTGGGGCGTGAGACTGCATCCGAGACCTGAACTGGGGGACAAACCCTTAACAA,1307,52.03,Mus musculus
SEQ_602598,GTGCCAGTTTGTCTCCCCGGATTGAGTAAGTCCCCGTGAATTAACCTCGTGCCAAACTAATTCACAGACGGTACTGAGCGGGACACAGCGGGCAGACGAGGCACGCATTCAACCGTACTGAAAAAGGAACTACGGACGTACCCGACGCGCGGAAGATATCGTTGTCAGAGAGGGGAGCAACCATTCGCTTTACTTGACATGTCGAAGTCCAGGTAACCTCAGACGAAGGCAGAACTCAAATCTCACATTACCAACCTTGTCCAATCCAGTAAATTCCATGACTGGCACCTTAGTCATCCCCAAGCCTTATAGCTTCCAATTAGCCTGAGATCTACTAGTGCAATCTGGGGGGTGCGACGGCTCGCCGGCCAGCTTACAGCCAGCACCCGTGTATTCGTCATACCCGAATCTTGTAAAACCTGCCGCGACACCGCTCGCAACTCCATTGATGCCACTTGGGGGTTCGTAGGGGTAATGACCTGGATCGAGCTTCTGGTCCGTCCAACCCCAGGAGCAAGCACACCGGTAGCAAGGTGGAGTCTTGTAATATTCGGCGGTTCTTAGGAACTTAAAGTTTCACAAACCTGCCATGGTAGTCCGCAGGAGTCAGAAGGACGACGTTCAAGATGATATGGCGAAGTGAGATTATCCCAATTAATGTTGCGATCCGGGTCTGACCACCGGACGTAGCTTCTAGCCGCAATCAGCATCCGGTCTCAGTCTAGAACTCGTCTGACCCACCCGTCTAGTCCTTGGTGGGGGTGTATAACTTATTGCGGGGGCTCAATAGCAATCACGCACACCCCTCAGGAAAGCCGAGTTAGATAGTATGCCGAAGCTTTTTGAAGCACTGACAAATAACTCTACACCATCGCTCTAAGGCGCACACGTCTGGGGCAGTCATTGCGATGACACGATGGGGTGACAATGGGTCATAACCCAGGTGGTTCTACGGGGTTATATAGATAGCCAGAGCATTGTGCGACTGACAACCGGAATGGACAGCTAATTGTTCGAACCCTCAGTTAGCGACAGGTAACCATTCGCGAACTGGGCATGCTCCCAACAAAGCCGGGTGTAGGGAAGGTCGATACAGCAACAACTAATCTGCGGCACTTCTTCTTAGAGTCCGTGTTGCACTAAGTGAAGGGCGGGCGCGTAGCGAGGATAAAGACTACCCGGGCGCCACCAAGGGACAACTCCAGTAACTAGTCGCCTTTACTACCGCTCAAGCCAGCCTACTGAAATGGCCGAAAATCTTACCATATCCCTCAATCAAATTATAGAATGAGCGCGCAAATTGCGAAGCCATCTTGCGCCGTTCTGGAGAAATACAAAA,1339,51.61,Mus musculus
SEQ_646592,TCTTCCGCGGTTAGTTACGTAAGCACCCTGCGGGGTTCTGTCACGCGATAGTTTGTTCGCATAGATCGTGCGCGCCTTACGGCGCAACCCTAGGTATTTCCCGACTATTGATAGATCCTGATCACCGCAACGAAGTATCAAATCTGCCGTGAATGAACTACAAAGAAGTGCACTATGTTCACTCACTATGGTCATGGAGCCACTATCGGTTCGAGGTCTAATGAGCGGTGACTGACGCGGTGTTACTCGTCGTACACGCGGGTTGTCCGAAGTTCCTACATCCGCCGTCCGTGTCGCTGAACTGGCCAGTCGAAGACCAAAAAATTCTTATACGGCCTCGATGCGTACGCCTGATAGAACGTTAAGCGCTCCGCACGCTCAGATGAGCTGGTTAGACTGAAAAGTTGTTAAGATCTCAGAAACTGGTTGAGTGAACTTCTTTTGGCTGTCTTTCTTCACTCTTGGATCATATATGGTAAAAACTTATCCGCCAGACGCCCGGTTCACAAATTGTGCCGATTGATCAAATCTTCGTGATAAGGCCCGCCGAGGCACATCAAGATCTTTAGCACTGGCAATCACGCAACTGTAGCAGTTACGAACTACACACAGAACAATCAATCCGGCATCTGGCTCAAAAGACCTATATGCCGCATTCGGATTAGAATGGATGAGATTATGCAATCAGCCACAATTCATAAGTCTCGCGTACATCTGGCCTCACCAGAAAACATTGGTATCAGCCGATGCTTCAATCTGCTTTCAGGGGGCTCGCTACCGGCGCCTGATTGGCGACACGGTTAACGATGCCGAATTCAGGCTTCCTCTATCTGACTACAGTATGCGAGCGAATAACTCAACACAAATCCTATAGGGCGGTAGTCGACCTACCTCGTGCTACGTACGCTGCGAAACCGTAAGGGGAGACAAAGGGGGAGTCCTACTGGAATTCGTGCCTGGGGAGACACTCCCTGTGGCCACGAACAGGAGTACTCATCGCCCTTGCACCTTATCTATTGTCGGGCCCAGTTTGTGCACGACTGGAGAGTGAACTATCGTTCGCTGACCTAGCGGCGATACCGAGGTCCCTATGCGTGCGTATATTGAAGAATGGATCCCCGTCTCACCAAAGCACTTGAGGTGTACGACAAAAATGTGCGGTGCCGGGGACGAAAACAGAGCTGAGGAATGGCCTGGTGGCGCGAAACTAGGACAGGCCTCTCCAGGCCAACCGGACTTCAAAAGCCGAAGCATTTCTTAGTCCTTGCCGGACGTGCCTAAGATTGTTGGCGGAGCCGATGAGCCGGTCTCACGGGACACGGGGGAGGACTGCGAAAGATTGACGTTGCATCTGGAAAGGAATGGTTGTGTAAGGCAGCAGGAAAATCGATTCGATACCCGAGGCTTTTGTGACTGTCGCCACTTAGGGGGCGCCTTTACACAGGTCCTAATGTACACGGTCGCCGTAGTGACCTGGTCCAAAATCAACATTACCCACGCGAGGACTTCTCTGTAATCCGTGGGAGAGTAGGGCTCCACTGGTTTCTGATCTGTTTGAGTCTGCACAACCGCGTCACGAATTATCTATGAAATAGGGCCCCTATTGCAGGAGCGTGCTCTCTGAAAAACATCAATTATGTAATATGCGGCGCGACAGGTTACCGACCTTGAGTGCTAAGTCAACCTCCGCTTCACGGGGTGCTTATAAATGCAAGAAGATACGGGCTTAACAGCGACGTGGGTAACGGCTGCG,1753,51.28,Homo sapiens
SEQ_949326,GCATGCAGGCCGCCGGGACAGAACTGGACCGGGGCAGTCGTGTAACTAGATGGGTCCCTCCCCTTGTAGTCAATCCGGCGACCAACATGCGATATCGTGTTTACGGGAGGACAAGTTGCTCGTTCTTAGTGGATGCGCCAAGCGCTCCAGACGTAGTAAGGAGCGCAGTTGGACAGTAAGGAGACGTACGTTGTACCTGCAGTGTGCAACGATTTACAGCACCGTGGTTATATCTCGTGCAGGCGCGTCTAGACTCACAATGATGCGCACGCGCCTATATTAATGTTCTACACCACCGAGCTCTACTACGTCTCCCCCACACTGTCGATCGAGGCG,336,55.36,Caenorhabditis elegans
SEQ_515988,AACTAACACACAATTCCGGGGAGGTCTATCCGCGCATGTCTTATCAACGCGAACAGGGTCATTGCAGCTTCCATCAGTGAATTTACCTCAAGGCCTTCTAACTGCGATTGGCAGGAATGACGCATTAGTGCTTAGCTCCTCCACTATTCATACAGCCACTTAGGTAAAACCAGGGGCGTACTCTTGGCGACGGCAAGCGCCTGCGCTTTGGCCGACGGCAGATACTAGAATCCTACACGTCACTGCAGAGGTGAATACAGCCGCTGTCAGGTTAAATCTGCACGGGGGAGCCGAACCGCCTAGGGTCACCATATAATCAATGGCGGCAAGCCTATTCAGATCGGTTTAGAGTGGGACACCCATGCCGATTGCGCTAACAAATGTGCTCCCGTCAAGCGACCCTAGTTATCATTTTTTCGTCTTTAGTTAAATAATAGACGGCAGATCGAAGTCGCGAATGTCCTCTACGAAGATATTTGGCCCTGGAAAGAATGTTCACCGGTCATCTCTTGGGTCTTTGCTTTTAACGCGGGTGGGGCCTTCCAAGGTGACTCGGTGTGGCCGTATGAATAGTCAGGAAAAACGGTATAGTACTCTGGATCAACCTATCTGCGGCACGTGGCAAACGGTCTCCCGGGGCTACGCTCTTCTCGAACATTTACCCAAGGCCCACTGTCACCGGGGTTACCAATAGTAGGAAGTTCCGAATACAGGCAGGTTAGATAGCAAACGGTCTTCGATGATTATTCAGCCCAATCGAGTGTACGCGGCTCGCGGAAAATGCGATCCACGGGACAGCTGTATACTGGTCGCTTTACTCCTACTGGCCACCAAGGTCGGCTGGTCCAGGGCCAGTGGCAAGGGCGGAGACGTCATTAAGTGGCGCTGCAGACGCTCACGCTGTAAGGTGGGGCCATATGAGCAGCGCCCAGCGGCACATTGTGGCACCACCATCGTCACACGGGTGCTGCGTGTTAGGGTGTATGCGGTCCCACGCTGGGTAGATAGACTACACCGGCCTGGTCGCGCACACCCTACCTTATATCACCTGGCATCGCTAGCACCCATCCTCGGCATCGGGTGACTCGTAACCTTGACTTGCTCACTTAACCAGTTAGGTAATATACCCGCAAGGGGATTGAGATGAAAGCACAGCCCTATCCGGTCGGGACGCGTGTGCAGCTGAGCTGTAAACTAGATTCAGTCAAGTGATGATTCTGCTTTCGCGCTGTAGGCTAGGATGAGAAGCGGTTAAGCATGAGTGCTGGGTCATGGGTATAGATGCTATAATTACGCAAAGGTTGAGACGACGATACTCGGAGTGACTCCGAGCGACGACGCGCTCAAGAAATTAAGAGCGTTACGCCCATACCTTGTAGCTGTCCCTCTAAGTCAATTTCTAAAGGGGAGGCCCGCACGTGTCCCGCCGCCCGTTCCTAAACCCCGTACTTCGTCCCGATCCGTTACTACCCACAATTCGTTACCCCTAGGCCCCCTATCAGTATTACTAGGACCACAACACTAATTGCACCGGGCTAATCCCCCTGTACTACCGCGGCGTCATTCTCTCCATTTAAAGCGTGCCCGTTGGTTGGCATCCGGATATGTCTGAAACTTGCGCCGAGTATCGCACTCAATCAGGGTGATCACTCTTTAGTGGCCATGTAAGTGTTGGAGGGGAATAGATTATGATTAGGCGAAACAGACATACGGCGCGTATTAGTCTGTTACCGGCCCGAGCAAGAATGACTAGGTAAGAAAAGGTCTGGAAACGCGTCTTCTATGTAACAACGGGTACAGCGTGTTACAATATGCTCCCATGGGATGACATGGCCTGGACCCGGGGGTTGACAGATAATAGGGGTGCGAATAATAATCGGTGCCTGTGTAACCCCAAGAAGTATCGGGAAACTTTCGGGCCCAC,1924,52.44,Homo sapiens
SEQ_237970,TATGTATGGCGAGGGTCTGTTACCGTTGAGTATGTTTGCAATCGGTCACGGTTGCTACGCTTATGTGACGGATGAATAAGCCGAGCCCATGCACTAGCGCTCGAGGTGGTGGCATACAACATTACATCTACAGTAAGCTCATAACCCGTTGCGCGTAGATGAGCTGGGACGTTGTGTAAGATGTGTCACGCGACAAGCGCAAGGTTTGGTGTATCACCTCGTGTGGCCCGTTCAATACAGGTGAACAACGAGTCCCCTCTGGGTCCGAATATCTATCAATTATGCGTATTGCCACCCAGGCATCCAGTAAGTACAGATAAATGGAAGGTTCCGCTTCCGTTCATACTGCAAGGGCTTCATTGTTCTCCACCAATCGTTAGTGAAGTTCGCTTGTAGCCAGGGAAGCGCGGAGGGTGGGTCACATCTGGAGCCCTT,435,50.8,Arabidopsis thaliana
SEQ_414311,CGACTATGTGATTCTAAATTTCCTAAGAATTTAACTTTACGCGGCGGAAGTTTCCGCAAAGCCTTGCGGTTGGTCTAGGACTCTCCCTTGGGAGCAGCTTTTTGCCATTTTACTGGACTTCGCCACGGGTTATCAAACTCTCGGCACCCCCAGGAAAGGTCTAGGGTCTGACGACCGGCAGCGCAGATTCCAGTGTCCCGGTAGCTGGACTTCCGATGGATCAGCTACTATACTAGTCATCACTTTGCCGGTCGTGTCATCACGATCCTATCGGCAACCGGCTTCTACAATGCGTAGAATTTACTTTGGTTGGGCAAAGAAATTCGCAGTCACAATAGCTCCTTGGTCTCCTAGACCTAGGCGGTCCGGGAGGACTGGTCCTATGTAGAGACGCTGTGCCATGAAGGAGCGACATTGCCCAGTACACATCTACACCGAATCGCACAGAATTAAGACAAGTGCGTTTAACCATATGGTAGGGCATCTTCGGACGGACTGGAAGTACGTCCGTGACTACACCTGCGAAGGTATCGGTTAGCCCATGGGATCATGGACTACAAGGCCAGCAATGGGCATAGTTACAGGAACGGGTTGGGCCACCCAAGTGGTATCCGCCCGTTCCCTGCCCGTAAGAGTCTGCACGCTTCAGTACTTGCCCCACCCCTTCGCCAGCCTAGGACACAATATCGCACTCAACCAGGTCAGAACGCAAATAGGCCATGAACCTTCATGATGTGCATCGGCCGGA,748,52.54,Arabidopsis thaliana
SEQ_802114,TATGCACTAGAACTACATCTTGCACTCCGTGGTCGACCTCCTCTAACCAGGCTGAGTCCCCCAAGAGGGAGTGCCTTGGTCGCTGCCGGCCGTTAGAGATCGCCACTTAGGATTCCGGCGCACACTCCCCGCTGGCATGCGTTCCAGGTAATGTCGACCTACAAGAGAGCAGAAATTCAGCGTGGTAGATCTGGATCGGTCCTGGGATTGCATGTGTCGTGGTGGCGGGTGTTTACAACATTATGTGCCAACCGGACTGTGAGCCGAACTCGGATGCCTCGTCACCAGATAAAAGTATTCGATGGACTAGTCAAGTGGCCCATCGCTGAGCATAGCAGCTACTCTTAACCTTAGCAGATGCTTCCATGAGAGGCTACCAGTGCCGCTCAGGAAGCTGTGGAAGTCATCGTGCTATTCCGTTCTCGATCAGCAAACGTAAGGCGGCGGGGGATTCGTCTTTCCTAGCAGCGTCGCACACGATCTATCACTTGCGTAGTGAGTTGTGCCACAGCAAGTTCGTCGAGTTATTAGGATACAATTCTTTATAGACCATTATATGGCGGCAGTCGATCACCATCACACTTGTGAGGCGGTGGACTCTGGCCAACATGGACAGTTCTTTGCCTGGTTCAATGTGTTTTAATAAGCAGATTCGAGTGAACGCAGGGATCAACCGCTTTGCGGAGTTATCCAGGATTCCAACCGACGGTCATGCACCAATCTTAAGCAGCTGTAGGGAGGGCGGAGCATTCGTAGTAAAAGTAAGGCGCATCCTAGGTCCCGACAAGGATAGTCTGTTGCTGACGGCGTTTCGTCGCGTAGTCATGCTTATAAGTTGTTGTTGTCCCCGTACATAGGTGTGGATCGGACATAGCGTATAATTTTCTCGTTTGAATGCAGTCAGAGTAGCGACCCGGGGACGACGCTGACTATAATACCGCCAATTGTCGTCGGTAGACTCGAACAGGTATAA,973,51.49,Escherichia coli
SEQ_334234,TTACCGTAGACGCTTGATTAATAAGTGCCCGGAGCTATTCGTTCGTCCTGGTGTACAAGGAACTCGTCCAGCGCGTATCTGGGGAGCTGCCTGACAGACTGGGGAGTTTCTGAGGGAATCTTGTCCTCTTGCGCCCAAGTCGTTCGTAAAGGAAGAACTTTCACGACACTGTGTAGTATTCTACCCAACCCCAACGTTGATGTCAGCAGTGCCGAGGGCTTGCGTATACCATCTGGTCACTGGGGTGTTATCGCTACTCAGACCAAAGACTCCGTCTGATACCTCGAGGGCAAGTCAGAGAAAAGGCACGACTCTGAGATGCGATCCCTTACCATCGCGGGGGAGTCGCCGCCAGTATCGAGCTTCCATCGGTGATCACCAGTTGGGATTTTACCGAAAAGCGTAATGTAAGCCCTATATATGGCAATGACTGACTATAACTTATATGTGGGCTATGATCTCACTAAATTCCCTTGTTCAACGCCAGTCGGTTATGTAGGGGCGTTCGCTCAATAGAATACGAAGGGATTCAGTACCAGTGGCCCCGCTAGCTGGCACAAACCCTACAGCCTTAGCCGCGAAGTTGCTCTCTACTCGGAAGTGAGGCCTAGAAGGTGCGACGATACCCTCGAGGAACAAAATTTTCTGATTAATAGAGTCGTTTTTGACCCTCATCCTGACTGATGTCTGTAAAATGTCTGCGAAGAAGTCTTGACCCGCCCCCCCAGGGATTGACGTGCCTTACCACTTGGCCGGAGTGCTAAGACACCACCCATGTCGTTTGTTCAATGAACGCGTTAGGTCGAGCCTGAGACCATCTAACCGATTAGCAGAGCCGTCTTTGCGGCTAATACAGTATTGTCTCGGAATTTCCTGTGATGCTACTTCTTTCGGCGGTTTGCTAGCTCCGTGTCGGGGATCTCGACACATTTCGTCCCTTCGCAACGGAGTTTGATGACGTGCTGATGGCACAATCTATCCAAACGTCAAAAGCCCTGATCGAACGTTAACTGTGCGATAGTGAGAGGGATTAAAGCGTAACACCGATCGGCTTATGTGCGACAAGACAAATAATCAGCTGCATGGGACCACGCAGGGACAATGGGCTAAAATAGGCCTTGAGCCATAGCAGCCGGCCATCGGTTGGCACGTTGACTAAACTTGGCACCAAATCTTTGAGAACAACAAACGACCGGAAAACCGTC,1205,50.54,Caenorhabditis elegans
SEQ_462511,AGCGTTCCTGTAGACGGCCTTCAAAGCAGACGCAGACTCCACGCTTTAATCTGGGCCAATTCAACATCACTTTCGTGTCCCAGACTACTAGACATTAGCACCAACCTTCACTAATTACGGGCGAGCATCGATGCGTGTGGGATTCGGGGGAGAACATTTGGAACTAACATTTACGACCGCGCGCGCCGGCCAATGGTGATGGAAGTACCGAAACCGGTGGCGCAGATGGTTTTCTCCGTCACTATGAACAACGTTCAGCGCAAAGTCCTGGAATTCTTATAATTCTCGTCGTAAGCAGGATCTTCGGACCCCGCTAAAGGCGCGTGATATTACCAAATCATTCTCATTTCACAACACTAAATTCCGCTTCTTCGTACGCAGCGTGACACTACGTGCGGCCACCCCGGAACGGAGGGTCAAAATATTAGTCGAAGGCCTTCCAATCACCGTGATAAGCCCAGCGTCATCAGACACGGGGAATCAGAGGTGGGCGGAAAGCAAATAACATAGGTGATGTCTAGATCATTTCACTCGTACAAAGTACTAGGTATTCGAAATTATGCCTGGCCGCCGGGACTCGACACGTGCTAGCGGGCAGTGCTTGTAATCTGCGGAGGAGCTGACAGCCCGTTGCCAATATCAACAGTCGTGTTTGTCCTATCACAAAACCACCAACACCGGCGCTCGTGCGTAACTATGTTGGTGTTAGATCATGCAACTTTCAGACCTCATACATCGACGACACCAGGTTTGCAGTTGACGTACTCGGCATCTAGCGGCTGTTCCAATCTGTATAACGGAGACAACCTGCTCTGATGAATAACCGGAGTAGGTACAAGTCGGCTTCCATGATGCCTCTGCTCATCTTTTGTAGTACGGAAGTCGGATGGTGAGTCCGCAAGGCACACCATGGGCGCCGGTCGACGCTCGTGGAATGGACGACCACGAGCGCTTGGGGTCAGGAGCAGTCGCACCAGCAGGTCGTGTCCGGCTCACGATGGTATGGTCCCGCTTCCCCGGTCTAATTGCAGGTTAGACATTAAACCACCATTACCAAACA,1060,51.79,Escherichia coli
SEQ_721327,GCCTACTTACGGTCATGTGAGTATATCAAATATTCATATTCCTGCATAGAACCTTCAACACTACTCACATCCACTACATCTAATAATTGCTAGGTTATAGGCCAGGGGATACGAAACCTCCTGATAATGAGATTCCGTCTGTGTCTCAACACACCACGAGAGCCCATCCCACGCGCTGTCCTCAATCGCTCCCAGAGACTAAGCGTGACTTGTTGCTCGTCATGGCCAATAAAGTAGATACCGAGGGTAAACAAGGAAAGTCTTCGCTTTGGGCGCCGGTTAAAAATATTTCTCATGACCGCTTCCCCTACCACAAGCAGTAGATTCGAGATAAAACGCCGGCTTATAGATACACAGCAAACAGTTAGGGAGCGCCAAGATGTTCCCGAGACGCCACCGGGCGTTCAGATTGACGTCTGCGTGCATAGGAACAATGTGTGTCAACATCCGCTTTACACATAGGGCTGTTGTTGTTGTTACCATCCGTTGTTGCAAGACGTTTTACAATAAGACCGTTTCTCCTTCGCAATGTCTACCGCAACCTCCCGGGCGGAGTCAACTGCGCTGCGTCCCTCTCGCCTTCGAATCGTGTATCGCCGCACTGGACGTCCATATGCCCAACTCGAGCAAAGTGTCGGATACCGCGTGATCCTATACGCTAGGAGCTCCACGCGCACATCTAGCTTTCCTTAAGCGCCGCAAAGGGTTCCAGAAGCCGCATATTGGAGGATGCAGAAGAACTGCCCACCGTTAAGTCGCCACACCTACTGGTTCGGGTTGCTACAAAGAGTTTTGATCAGAGTGTCGTCCCTGCACGCCCGTAGATAAGAACCTTGACACTTTGTCCTGGTATGATCGCCTGAACGCGGACCTCAGACAGTTAACTGGTAGATACGGCGCGCTCTGGGAACATTGGTCCGAGCGAGGTGTCGTTCCCCAGTTAGTTTTAAGATGCCCCATCGAGATGCTAATGGTCATTCTC,982,50.51,Escherichia coli
SEQ_785534,TCCGATGATGATGCAAAGCCGGGACGGGCTGGCCTAACTTAGCTAGAATACGGACGTAGTTTTCATCGGAGGGGGCGCGTGATATTCGAGGCAAGGAATCGTCCCGTCATTATCGTACAAGACAATTGTGGATGATGTAAAACAATATTGGCCCGTCCGTTACTCAGACCTCACCCATTAGTCGTGTGTCTAGCTGTAAAGGCACTCTGCTCGAGTTACCGTCCCTGTTCCCTTAATGTGTTCGGCCAGATCTGACTCTAACAAATCCCAGTCTCGTATAGGACTACGCTACCTTAGGACATATTGGAGGTAGAATCCGGCGATCGTCATCCACAGTACTTATGCTGTAAAGCAGTATGTAGGGGGGGCTGCCTATGTGAAGTTACGTTCGACCAATTGCCCCAAGAGGCATGTAGAGCCAAAAGATGAATATGGCAGAAAACACTTAGTATTACAGTGCGTAGGTCTGAGGACGACAACAGACATACTTCTGGACACGGCAAAAATGGTCGGCTTTACGCGGCAGGTATCACCTATAAGCGTTTGGTGTATAAAGCCTTGTCCATGAGTGTTCACTTAGCGAGAACGTTCAAGCAAGTATCCGGTTAAGGACATGGTCGCAAATCTTGCAGTGGCTATTTGCAGAGGGGTATAGCTATTTAATAAACCCTTTCCGTCGACGTCTAGCATAAGCCTTATCCACTCCAACAAGGATGGTACTAGCAGCTCCCCGGTACGACCGGATAGGTATGAGGACGGGGGCGGCAATCATTCTCTAGATGGTTTCTCTCTCGTCCGAATTTCCTGCAAAT,812,48.28,Saccharomyces cerevisiae
SEQ_997245,GTCCTACGTTGCAAGGAGGCCATGGACAATGCAACCGATGTCTGTGGTTCTAAAAACCCCGGGTGCCCCTCTGAACCTTCTCGATAAGGCGGGGGGAGCCCAAGGCACTTTCCTGTGTCCTATCGAGGGAAAGTGTACCCTCAGATAGCACTTCCCGCACGTCCCTACACATGCTCGGGTCCCTATCCTCCCCAAATAGAAAGTCTAAGCATCATGATCTGTGAGTGCCTTTCTGATCTGCAGCTCAGCAGATCAGGACCAATGATCCGTATGCTTACTAATTTACTCGATAGTAGTGTACTATAGTAGTATCTGTTCTAAATTGTCGGAGGTTACGGACCGAAATTGGCTGACGTGATACACACAAATACTGTCTTCAAGATTGTGGTCCGGCGGTTCATACAGTCCGGCGATTCTCGTTCGCCATTCAAGATCTTCTGGCGAAGTCCGGAACTGTAATACACCATACGCCGCCCTCAGGGGGAGCCAGATCGGATCAGTCGATTACTAGGAGTCTACTGATTAGTTGTTTCGTTCTTGTTTCGGGCATTCGTTGCAATGTCAGCGACGTTCCCTCTTTACAGTACCGACGCTTGCACCTCTCCTTAACGAAAGCTTCTAGACGTTTTAAGAGCACACCAAGGGCCCATTATCTCGTGATTAAAACGGTCGAGATACCGTCACCCGAGGTTGGCGTACACTGCGATACTAGCCCAAAGCTTTCTTTACTACGAACACAACTCCCGGTCCTCACGCCTTGTCGTCAGCGTATGCCAATACGACGTAGACATCAGAAATTCGATAGGGCCTCGTTATGTCTTTCTTTGAGACTAATTCTGTATGTTTTAGGTTCAGTAGGTTATGAGAAGTGAACCTATGTCATGTCCCTGCTAGCTCGATTAGTGATTCGGTCTGATCGAGTCAGGCACGAGACAGGCCATACACCAAGTCGTCGCGTCTAGTATTACGATTGTGTCTCCGGAGTGGGGATGCGCATAGGAACATTTACGCACACCTTCCTACGTATTCCGCCGAAGTTCTTTGGGTCATTGTGTCGCCACTGCATGTGAAACGGCCTGCCATGTTGGACCCCCCGAGGTAAGCGCCGCCGCGTCTGGCATTTGCTTAACCGGAATACTTCCTGTGGTCGGGGCCAGGGCACAACTAAGATTTCCAACTCTTATTCTCCGTGGCCCCTTTCTGGACGGAGAACTAGATACTGCCAAGTGATTCCACGGACACTTTGCCAAACGGTTCCTAGACTAGCTGACGCCACTGAGCTTCTGACCCGAAGCAGAATCTCCGTGAGGGCGCCAGCTGAAGGGCCCGCTGTGAATTCACGTTTTCTGGAGGATCCGATTCTCTAGGTCCACGGCCGGTCGGGGCAGACAGCTCTGCATTCGACGCAATACTTTTTTGCGAGAGGACGCACGCACGGGTAACCCGCATCACTCTAAGAATTTATCATTGGGCAAGAGACCGTAACTTGCCGAAGAGGCCCCACGTACTCGCGGAATGGCTGTGCGTGAGACCAAGCTGACCCTAGACTCCTGAAGAACTGATGTGAGGACTTGCGATAACTCATCCTTTTGAAAGGGTCAACTCTTTAGCGGCGGGCCCCGGGCTGCCACCGTAAGTAACATCTGAAATACACTGTTCCTATGCTACCCATTCGAAAGCATAAGCGTGTCTAGCCCCGATCGGCACGGTCACATAGCCTAACCGCGCGCCTAT,1734,51.5,Drosophila melanogaster
SEQ_938087,ACGCCGTTGTTATTTAACATGTTGCCATGTAGGCAGGAGTCGTCTCACGTTTCCCTGATTATGGGGGACTCTTTGACGCTACGCTTTCACAACGAATCTTGTCGAACGAATTCACAGTATTATGGAAGACCTGACTGAGCCTACTTGTGGGGAACACTTTAAGAAAGGTTTTCCAGGGGCCCCTGGGTTGGGCTCAGCTCGCAAGTATATCCCCTCTACATCCATTAGGTAGCTAGTGATAACTAGTTCTATATGACTTCTTAAAGTCAAGGATAAGATGCACGCCTTAGCTGGAGTGAACAATTCCGCCCAGGGGCCTACCTAGATGGCGACTTGGAGAATTTCAATCTCCGGAGTCGACTTTTATTATCAAAGTTTGTTAACTCAGTTGTTTAGCGTCTTGTGATGGGATACAGTATCAAAAAGAGTCGTCATGAGACAAATCGTACTATTGGAAATCCTTCTGGCTAACCGAGCTTGTCCTTCCGTATAGCTCTCCTACAGTGAGGCTTCAACGCGTAAACATGGCGAAGTTAAACTAGTAAACACCAAAAGGCTGCACAATTTCTGCTTTGCCAAATATCTGATAATTTCTCTCCTCTTCCCTGCTCCATGACATAATATCCTAAGAAATAGTTTATTTTTCTGGTAAGTGACTCTACAACTTGATACTGAAGGCATATCTGTTATAGAGTATCATACGAACGATAAACGCCATACGGCTGCGGTAGTAAACTACAGAAGGAACCCTCACAACTGAAAGCCACGCGCACGGAGGGACAAGCTCAGGAAGACAGGCTCCTTGGAATGCTCAGGGGGCTACTTATCTAGTCGGAGAAAGTTGGGCGTTCCTGGCAGGAGAGGCGGCGCGCTGAAGTTACGTCCGAATCGTGAAGATAAGCGAGGTCGGCCAAAACCGGTACATGCTAGAACAACCGATCCAACCCTAGATGCTATGTTAGGCCAAAAACACACACGGTAAAATACTCTCGTCCCAGCTCATGGCGGATTTGATGTGATGTCACGCTAGCGACTCCCCATGCGTACGCTAGTTGAAAGCGTGGGTGAGGATCCACTCGAGCAAAGGCAAGATCCCCGATGTGGCCGTTTCTGCAGAGGACCGATGCCAATTTAACTCGTGGCGGGTAAGAGCAGGGCCGTCCCAGCGATCTGTTCCTTGCAAGAGTCCTTAGGTGTAACAGGGCCGGTTTCGACGCAGCCACAACTAGGCCGGGCAGTCCACACACTAATCCGTCTGTCCGGCTTGCGATATAAGGAGGGCCCTCTCCTTCAGGGAACCTTGTCGCTAAGTTAGTAGTTATACCAAGCTCGCCTTTACTTGTCGACCCTAGCACCTCCGGGAATGAAGGAGGGCCCGATCGCTGTTGCACAACA,1395,48.75,Saccharomyces cerevisiae
SEQ_771664,GGTTTGCACGGAATGGATTTCGGGAATGTGCGTTCGAATTATATACTATGAATGCTGGTATCCGGACAAGTTTATTTGAATCACGTATGCAGGTCTTCGGCTAAACCACTTGCCACGCAGTATTCGTGTGTTGGGCTTCTCAACAAAGTGCCTATATATCTTGAGCAATTACAGGCGTCTGGAGTCGGGCCCGAAGAGATTATCAGCGCCAGGTCCAGATACACCTGGCACATATAAGGCTGACTCTCCCTCTCGATTAATAAGCATTAACCTCCTACGACGGCACGCCTTGATGAGGTGAAGGCTAGTTGCTGCATGTGATCACCTTTATTGGCTGGAGCCCAAGCAAATTAACTCTAATTAAAATAATACCGTTTTCGGAATCTATCTACACAGCCTGCGACCGCATCAGTATTGGATAACAACGATCGCTTGCCAGGCGTGAGGTCCGCAGGCGCGCTAAACCCCTGATGGCCCTTGCATTATAGGGGGGGCCCACGGGAACGCATGCGCGTCAACATCAAACATTGCAATACTTGGCCGTAGCTTCTGATGTCTTTACATGTGGGGCACCTTGAATGCCCAGTCCGGATCATGGTTTTACAGTGAACTGCTGAGTCCTGTGAGTGTGAGCTGCAGGAGCGGATTATAGTTTTCGCCAGTAAACAGAATTGCGGAATCGCGCTCGTGTGGTAGGCTACTTTC,705,49.08,Drosophila melanogaster
SEQ_686253,CCTGAGCCCAAAAATAAATGCGCACCTAGTAGCTGGTCAAAGCTTGACTGGGCGCGGCAATATTGCGGACGACCTTAACAGCTAAGCGCGTATAACGTATTACAATTGCCCAACGTCTCCAATGCCAGATGTACAGAGAGATGGGACAGTTGGGAAACCCCCTGGCCGCCGAAAGTCGCGATGTCATGTTGGTCGATTAAAGCTGTGGTTGCGCCCGGAACAGATTCCGAATTGGTAACGCTCCTGACAACCTGCCTTACGCGATGGCCGATTTGTTCATTGCGTAGACCTCGCTACTTGCCTTCCGATTCGATACTGATCCCTGGGCCACTAGGCTGTGATCCCTTATGGTACCCAGCATATTAGGGTAAGCCAACTCGCATCTAGACTCCGGAGACTACAGAGCGTGGCTAAGCTTCGTCCGCTCCTAGCCCCGGCGTTTACAGTCAGCGGATATTTTGGTGGTACGGCCGGGTGGCGAACCGTGGCGTGATCGTTGTTCGTGTGAGCCCGGTGGAACTGACTACGCCAGACCAGGGGCAGATGATCGTTTTTTGTAATACAAGTCATGCACCAGCCCGCCACCACACGACAGCAATAGCCTAATTTTTGAACTTTAAGTGCGTCGGGCCAAGAACTCTCGTATGATGCGTGGTGTTTTCAAATAAGTCACAATTCAAAAGCTATCACAACGTAGATTCGCACTACCACATTTAATAGGGAACAATTCGTGAATTGTTCCGCGTGTTGACATCCCTTTGGGAGCCAGACGCCTTGATCACATAAGAAATACAGAAGCAGTTGGAGTAATACACTCGCGCTACCAGGACGACCAATGGGATATAGTCCCGCCTTTGGACACCGGTTCTAGTGTAGGCAATAAGAGCGCGAGCGTACAGTCTTCGTTAGTCCGCAAGAATAAGGGTAAGCTCGTGTCAAACCAAGCTCCGTGAAATGCTAGGATGTGAAACTCGTATACGGGTTCGATCATCCCATATGTCAGATATGGGGTATTGGTAATGCTTGAAAACCTGCGGATGCCGGCAAGACCGGTTTTTGGTCGACACGTGTTTAGTTTTCTTTTTTCTAGGTGGACTGCCTTGCCTAAGGACAAGACCGATACCTCAAGGTACGCCGGTTCGGACAGGAGAGCGAAGCAAACGCGAAACTGAACGCGACAATGGTCTCCGCTAATGCGTGGATTAAAGAAACCAGGGTCCCCTTATTTCTACCTACAAGGACGTTTATCCAGCAGCATGCCAGGCTGAACGGTGCGGTCCTTTTGGAGTCCGGAGTCATGTTGCCTGATCCTTGGTGCGTCCACTAGTTCAGGTCTAGGGTCCATCCAGTAAACCAGTCGGCAATTTTATTCCGGGTACACGTGGGGGGCGGGTATTTAGAAAGTCCTTGTTCAACAGAAGGTGGCATCCCAGTGTGGTAATGATACTGCAGTCTGAGCGGCACTGAGGTCCATTGACCGGGCCAATTGCGGATAACTCCGGTGACTGGAATGTGGGTGTATTATAAGGAAGGGGTATGTTGGTC,1545,50.81,Homo sapiens
SEQ_586039,CTCGCGCTGAGAATCCTATTTAGCACAGCTATTCAGGCCACTAGGAATTAGGGCTTAGCGGGGCCCGCAGCGGCGCGGCACTCCGAAGCGACGGTAAATTCTGCCCGGTGTATAGGCAAAGATATTTGCTCCAGAGGGAGTGCACCCCGACCGGTATGATCTCGACCGACCTGTAGTCTCGTCGTAGTGTTGTAAGGTCAGCCTAGGTAGACGTTCGATCAATTTCAACGGCTGTCTGAATCAGAGACGGTTAGGCCTGGATTGGAGCCAAGATTCGGTATGTGCGCGGTTATCGGGGGCCTGCGTCTATGCTAGATGCGCCGTGCCCCTCCTAGCGCTTGATACTAATCTCATAGGGGGGTTTTAATTATGAAGCAGACCTAACTCTAGTCGCATCAGCGGAAACGTGAATTGAATGTTTGGCTCGTAGCACGGAATTGCACCTACTCAGATCCTTTCGACGCTAATGCATTAAATGTTGGTAGAGCACTATCTGTCGACAACTACGATTTAACTCTCGTACATTGTGTCTAGAACTGAAGATAGGGTTTGATTGACTTTGAGTTTTGTCCACAGATTAGTTTGAAACCGATCCGCTCTTGTTTGGTCGTTGGTCGGTCGTACTTAGTCAAATCTA,637,49.45,Caenorhabditis elegans
SEQ_561483,GTGTGAGACAAAGTGTAACGTTGGTGCTTTGGTTCTAAAAATTCCTGAGGGGTAGTGGGCTAGCCCTCTCCAGTAGCTGAATGCCGGGGCGTTGTGCAGCATAGACGGTTGTGCGCACTCAACGCACACGTATGGACAGATACAGAGTCCTTCTCATTGACAATTAATCGAGTTGCCTAATTGCCGCAAGCCTTTGCTTGACTAATTGAAGATGGGGCACCTCCGGTGAACCGAATATGTTGATGTTAATTGTAGGAAGCCTTCTTTATATCACCGCACGGTACACCATCCCTGAAGCCGCAACCTCCCCAGGACGTTCGCAGCTGTAGTGCCATCTTACGACAGAGATGGACTTCATTCATTGCAAGGTGAATACCGGTATATGCGCAACCCCAGATACGCCTAGCGACTTCATGAGGAGCTCGCGCCTGTTACTTCGGGCTTCTACCATATTCCTCTGTGAGGCCTGTTTATCACCAAGTGTTCATGGACTGCATCCGCTGTCCAGAGTAGTGTGTCTAAACAGTCCCATTAGAAAGGTGTGTCCGAAGCCTAACCGTAGAGTGTCCTGGGTGCATCCAAGTTTATCCTAGCGTCTACTGCGGTTCTTAGTATTCCAATGCTTCCACAGTTCAATACTAAACTGGCCGAGCTAGGGCGTAATGGGGTGGTGGAAC,677,49.93,Caenorhabditis elegans
SEQ_855631,TCACCGCGGCACTCGGCTCGTTACGATACAGGAAAAGCAAAGAGTTGGGTGCCTGGTGAATCTAATCCCTAGTGATAACCTACTTCGAATCGTATCTACCCTTTACGGTTCATTTTTTATTCTATTTAATCATATGTGGCAAGAAAATCAAATTCTGTGTCGATCTCACTCCGTCCCCGGGGCTAACCCTTCATGGATTAACATCTAGCACGTAAGCAGACACGTCTTAATACTGAATGAAGACACAAGGGGATCCGGTCCGGAGTGAGAGTGTTCCGCACATTGCGCTAAAAGAACTGCGCTGAACGTATACACAGAACTTAGTAAACCCCTATCGTTAAGAAAGTAAAATAACGCATTATTTGTTACATGAACCTTAACCAAGGGAGGCAACCTTCCGCATGGTTCTCCAGGACCGCCATCGGCTCCTCTAAGAGCCACTCACTTTAGTAGCGGTCACTGGCACAGGTACTATGGCATCACCTGAGTGCGGCGCCTCCAACTGCGGCCAAAATCCTCCGACTCTACACTTGTTCGAAATGGGACCGGCGCAAATGCCTTCCGGGCTTCAAGATCATGGCGCCCCGTGTCGCTACTTGACATGGTCTTTTATCGGTCTGGATGCTGGACAGTACTTACTCTCGCGTAATGGAGAGATCGTTTTAGCTTCAAAAGTAAAATACGCTAGTCTTTTTCAGCGCTCTCGTAGGGGCAATAGCGCAAACAACATTGCATAAGCCCACATGCCTAACAACCTTACGAAATAGGATTTCGCGGAAAGCAAGCGCTGCGACATCCACTGAGCATCACCTTGGGTTGAAGTGTTCCGCGCATGCTCAATACGTTTATTCCGATCAATCGTTGCAAGAACTGACGCCTAACAGGTCGGTCTGGATGGTGGCGCGTTCCAGTGCGGCGTATCCTCGAGTCTCCGTAATACGATCCCTGGGCAGACCTGACAAAGGATTTAAAACGGGACATCCCTCTGAAATCGGTGCTCCCTTAAGACGATTCTCCGTCATGGTTGCAGTCTGAACAGGGGATGGCCGACGCGGAACTTGCGAGACCTAGGGCAGTGCGTAAACTAACCCGTGACTGAATTGCTGGCGGACTTCAATGTACGGATTATTTCCAGAGGTGCAAAAGTAGACGTATGTCACGCTAATTTAAGTAGCCCAGGCATTCAGCCAATCAACTATTGATCCGTCAGCCCGTCGTGGCGGGTGGCGTACTGCATACTGTGTGCAAACTACGATCGATGAATCATTTTTCACATTGCCGGCACATCAACCCAATTTAGATATTGCGTCTGAAGAACAGAGATACGCTGCTTACCTGGGTGCAATTGATGCCCGGAAGCGTCTTCCACGAGCCTATGTTTGGACAAATCGTCC,1394,49.07,Homo sapiens
SEQ_425224,CGATCAAGCTCCGGGCTTGCTAACCTCTGGCGTAGGTGAAGAGTATCGGTGTGCGTTCTTTTTTAAACTCTGATGCGGTAGCTCGAACCCCTTTAGCTCAACGGTAGGGTTGATTAGATGTTGCTTTTGTGGAGCTAACTTCCATACTGAGCCACAGCGTGAACGCTGGCAGGGTGCTGGAATAAGTCAAGATTGTCTTGGCTGTGATGTTACCCGGTAGTAGGGCCTAAAGCGGAGAGCCTTGACCGCTTTGGGGGTCCTGCGCGTGAAACAGTGTGAGCCTACTCTTCATCTGCTGCGGACGCTCGCAAGAACTCGCCATCCCTGGACGAATAACCGTCCTACGTACTGCGTGACGCGATTCCTTCGGTGACCTGGAACCAATGATTTCGTAGCACGACGTACTCCATGACGTAACTCCAACTTAGTATTCTTCCGTTCCCGCAACTCTTTCTAGTCAAGAGCAGAGTTGGTGCTGCTCAGCCGTGCTACACATGTCTGCCGCGCTACGCACAGTGTAATAGCGCTCCTCCATGGCGTGGCAATCCAAGACAGCTATCGATCCGGGCAATACACCTATGTCTTGGTCGATGTAACCTTATGAGGCGAACTCCAGCGAGACGTATTGAGTAACACTACCTAGCGCGGCTCTCCAGGAGCACCGTGGTTCTGGGAACCTAGAATTACTACGTATAGCCTACCAGGCGGCTAAGGTATACCATAGTAATACATACTATGGTGCACGGCTAAGTCTAAGAGCCAGACAACTTATAAATAAACAACGCGTTCGGCTGGTGGAGACTATGTCGTTAATAAATACAAGGCTATGTAATCAAACCTCATAAAGCGTATCAAGCGAAGGAGTGAAGTGGCTGGCACTGGAGAAGTGTGTCTGGAGGAGGCCCTGACCGTTTTCTCCAGAGTCCATGTGGACACGGACCCAGGCTTCACGTGCAATCCGGTCTGGTTGAACTCGCGTAACAATGGTTCCGCAAACGTCTGTAAATACAACACCTGTTCAGGCTGATAAGACAGCTTCCACGTTTCGCAATTTCACGACGTTAGTACGCGCCCCTTCAGGAAATGATACGG,1092,50.92,Escherichia coli
SEQ_256201,CCCCCGGATCACATCTACTAGTGGGGTCCCGCCGTTCCAAGTACCTTATACCGTTTCGACGCCATTAGCTGACTTTGTAGACAGTACTCCCAGTCGGTTTCTTAGCCCTGGATTGAATATACTGAAAACTATGGATGTAACCAATATCCAGTAATTGGGTGCCACAGGCGAAGATTATTGACTATTTCTAATTTGGACGGGTTAATCAGACCCGAAGATTCTAGTAGTGGATGATAACGTGTTAGCCAGGGATGTCAGTTGTGCCCTTACAGAATGGATCATTCGACTCGCCCTTCCAATGGATGGTTTATTTACAATGGTTTTTCTATATCTGTCCCGTAACGCGTGTGAGCCGGCCGCAATAAAGAATGGTAGCACGTTGCAATGGGTCCGAGCCTATACTGCGCCACTTCAGGTATTTGCGCGTCGGTGGATCATACACAGCAGGCGGGGAGCGAAGTTGGTCGGATGCCAATAATAGGTCCCGCCTCACAGCCCCGCGAGAATCCAACGGGGGGGCAACAAATGTAGGGTGCTTATCCTGACAGTCGGACACCCTAATCCGAGTGAGCTCACCTGGTAGAGGACAACGAACGGCAAACCCTTGGCACGTTGTGTATGCCGAAATTAGTCGGTAGACTTATGGTTGTAGTGCCGGCTCGGTGTTAGGTAGAAATCAATTTTGTAAGACGTTGTGACTTCCGTAGAGTGTCATGCGGAGATAAGAGAGCACCAGGGGCGCTGACCGGATTATATAGTGGATGAATGGCACCTTGTAGTTGGACGCAGACTGGACGAGGATAATCTAGATGTGGACGGGAAAACCGCATTATGACCGCACCAGTTAGCTGGCCCTAGTAGTATATATTAGCGGCGCGGTAGAATTGAGGTTTGCAAGGACGTTGACCGTACAAATGCCGCTACTTCATCCAGCCGTGTTGTCAGAAATCACTGAGTAAATTAACTTGATCATCGGCCTCTGTCTTTAGTTCCACTAGC,999,49.15,Mus musculus
SEQ_729575,CAGTTGCTGTAGAACAATTTTAATATGGGCCTCCTGACTAATGTTAACTATCCAACTACGTGGAAGGTACAGGCAGTAATTAATATTAAGACTACTCATCGATTTTCTGTAACTAGGTGACTAGGGGTTTCAGGGGTGTCGGACTGGTCCGTCGTCCTGGGTTCACTAGAACAATGTAATACAACTTGACGTGCTACGTCGCTCTTAAGTATACTAATATCTACTTTTCACTACCGTTTATATTAACTTACCAGTGTAACTGTCCACTCTCATCACCACCTCCGGGTGTGAGGATCGTTGGCACAACCTAGTCATACCTAGGAAGACAGCGTTAAGTCGGCGCATACTATCAGTAGCGGTAGTCTCAAGACACTTACGACTGAGGCTTTTAATTAGCTTCATTTGTTTCTGAGCTCGCTCGAGGGTTGTAGGGGCTCTGTCGACGCCCCAACGCGGGCGCTTGACACGTGAGATGTTGCTATACTCGGTCTCCGTTTAGTAGTAACTTATAGAGCTTAATCGCGATCTCGCTTTCATGATCGGTACCTAGCCTGAGGGGTATTTACTGGGCTCACGGCGCAATGTACGACTAGGAAGTGTTCGGTTCCTCCCGTCGTTTTATGGATTAACTATTGCGGATCGTCTGAGACGGTTAGGTCCGGCACATTCCCATGAACAAGCGTCTCTGAGTGGATAGGCATCGCCACGGTGATCACCACGCCCTTGCCAAACACTAACGGTCTATACCCCCGCTGGATCGCAATACTTTTAGTATGCTAACAGACACGCTAGAGCTTTCCCCACACTACTGAGTTCGTCTTCAAAGTCGGAGGAGAAGTTTAGGCTAAGACAACTACTACATTGATAAAGGTATTCACTTATGCAATTTCGTAGGAGATCTCAATCTTAGTAGTCCTTATGCGGACGGGGGTCTGCAAGGAGCCAGAGCACGTCCTTGCGGCATGAATGTCTGTTGCTTGCAGAATCCCCCCCCTAGGGAGTGTCCGCGAAAGGTAAACTTAACGGCATCCGAATGCGGGCAACTGGCACCCCTAGTCAACGACTGTTAGTTCGTGCCTAGTAGTGTATCGCGAATGTCCCGACCTTAAGGGCGTGCAGGGAACATCCAGGCAGAACCCGCCGGCGTTTCTGTGATTTTGCGGAATTACATCGACGGTTTAGCACTCGACTTCGCCCTCTGTTACACGCAAGTCTACAACCGCAGGGACGGGGAAACGTCAATTGGGCGGAATATGGGTATTGAAGACTAGACTGTTTGTTCGTACGGCACCTTGAGTATGGTTGATAGGCTGGGGTCGGATATCTGACCCGTAGGTGTGCCACTACGAATATGGCACTTATTCACCTATAGCTTGGGTAGCCTGGCCACTGCCCGCACGGCGCGAGCTGTCGAGAATGTTGAATGATCATACGTTAAGTTTGTTTGGCCCCGGTCGTCAGCCGGGACAAAAAC,1474,49.39,Mus musculus
SEQ_635364,GAATGACAGGCGACAACCACGCAATGTCCACGATGTGCTAAGCCCCAAAGTTGTGACAGCCAACCTAAATCGGCGTTCCCTAAAACGTAGGCAAGCTAAGTGGTAGTGTTCCTTCTCTTCTCCGCTTGATATAGGGTCATTACTGGGGGCCGTTTAATTACACAAGTGTTTCCATATAGGGCGTCGCTCGTCGCAAAACTCAGCGTGTTAGCGACTCGAGTCAAGGAGAAGTATTCCCCACCTCCCTACCTGACAATTAAGTTGGTCAAATGGAACAAATTTCCGTAATTAGAGTGACTGTTTGGGTGGTACTTTTTCGAGTATGCCGAGTCGAAAACGACATTACTCCATGATGATAGGATCAATAGGCGTGCGTCGGCCACCCTGAATCGCCCCTAGCTTGGCCTTGACCATCAGTAACCCCAAAACCAATGTCTAGTTCGGAGATCTGCCATCAAACATGCAATGCTCGCAGTATGTTGGAATACCTCGTACCCTAAGGTAGCCATACGAAATTCAGATAACTGCGGCGCAGCACTTGCCTTAACTACGGCCCACGGTCACCGTACGGTAGCGAGGATGCGGATCGCTCTTCGTGTCAATCGCACGCACACAGTATTAGTCGGCCTTGCGACGCTAAGCTCGCCACCACAGAAGAGACTGCTCTGGTGAAGACCGTAATGCCGTGGTAAGTGTCAAGCACTTTCCGAGGTCCTCGGAGGCACGGGTCTGTCATATGCTAGCTGTACACATATCACAGGGATCTTTCGGGCGGACCCACTTGATCCGTCGCCGTTGCTTTTTAATCGACTTCTCCGCACGAACATGCGCATTCACGTGCCAACTCCAACGTAGTAGCATGGTCGATTGATTGAGGGGGTCAGTGGTCGGCTAGCTCCATCAGTGTCCCGGGCTGAGGTCGTGCCGAAACTATATCTGAAAGAGGACCAACAAGACGATGATGCCGGTATAAGCCAGATGTACCTGATGACGGAAATCACCGCGTACGGACCGGACCTCATCCGTACCTAGACCCTTCTGCGGGATTTCGTCCCCTTCCGCAGTGCAAGCCCGCTTCCAGGGCAGGCCAATGAAACGACCAACAATCGTTGAAACGTACCTATACTCATTAGCTAGTATCATATTACCAACGTCCTTGCTTAACCGGAATCAATTCGGTCACATTGGGATGACATGGGTATCCGAAACGAGTTCAGCCGGTCTTTATCATTGTTTTACAATGAGGACTACACGCCAGCATCGGCAAGACAGCCTACTCCTGGGTGATTCTCATTATAACGCCACTCTTGTATCACGGCGACTGCTTGGTCACTGGAGTTGCTCTTGTGAAGCTGAGGGGGGGTATCCAGCATTACTTCTGAATCTCTAGTCTAGACCGTCGCAGTTAGTTGAATTCGGAGTCTGGGCGCCATGGGTTAGGTTAAAACTGCCAAAGAAGGAGAAACGCAATATCAACAACTGTGAGGCCGTCACTGCACTGGCAGGGATTCAGTGACTACCGACTTGCCTGTCCTAGCACTTGTAGTACCTCTGCGGGCATGTTGGAATCGCTTATAATTGGAGATGCAGTGTGAAAGCTAAGTTCGTGTCAGTCAGTATGCGCACACCAAGCGCGTGTATGGTATTCGGTCTGTCATTTGGGAACAAGTCTAGATTAGCATATGCTGGTAGCGAGTAAAAGCCGTGAGATGTTGAAGCTCACGCTCTACCGCCTGCGCGTCGACCCGTCTGTGAGACCTTTTAATGCACGATGGTCCCATTCAAATGTTGTCAATGGTGTGAGACAATCAAGGTGCCGCACTGCAATAGCGGAAGTAAAGAAAATCAGCAGTGTTTATTCATAATAGACCATTGCTTGAGTGGCATAATAAGCAAAGGTCTTGACTAATCCCCAGCTCTCATCGGCACTCCTTTGAACATGTCCGTACACATACTTTAA,1960,49.85,Caenorhabditis elegans
SEQ_923238,GGACTATCGAGGCTCGCCGATGCTTAAGGGAACGTAGCTGAAACGTTATGGGGTGTTTAATGTTATCAAGCATTAATCTTACGCGGCACTAGATCCCTCCTACGTTTACTCAGTCATTCGCTTTGCAACGGTGAGCAGTGATTGTTGGTACCATCTAACTGTAACCGCCGCTTGAGCGTGCTTGGCTACGATGACTTCCACGTCGACGTCACAAGAGGGGCCCAGTGGGGGGCTTGTATCATAGTAGGCATACTGTTCTAAGGAGCAGTAACGGAAGGGTCCGTGCATCTTGAACACGTCTCAATCGACAAGTAGCCCTAGGTCACGTATATCCCTAGTTAGCGATAAGCGCAAAGGTTATGGTAAGGAGAGGCATTGAGTATTAACCTACAAACAGAGAGAGCTCGCCACACTATAGATGGAACAGACTGAGGATACCTCGTGATGCCAGGGACCGCAGGCAAGTTGTCCTTTTCTGTGGTTGATAAGAGGAATCTAGGGTGCCCTAACCCTGGGTCGGCAAGTTCAATTGTTCCATCGGACAATTGATCAACAAGAGACGCGACCTATTAATCGGCACGCTTAAACTCCATCTGATGAATTCCGCCTTAAACTATCCACGTATAACATAAAATGGGTTGAAGCTCTTGGGGGAACGCCGCTGATCACTCGCGGGGGCGGATCTCCGACGCCCGCTCTATCTTTGACCAATGACCTGCCCTGATCTGAGGAGGTCTCAGTTGGTTAGGTTCCAGGAGTCGCTGGACTCTACCTCACCTGATTTGCCAAACATCTGAAGGATGACTGGAATATAAGGTCACGATACTCTCCATTTACGGGACTTGTCGCCCTGACACCGCTCACTGAGCTTACTTTAGGCATATTTACGGCCCCGTAAAGGCCCATACCTTTCAGGCACATGTAACCAGCATCGCGAGCGTAGTATCCTTACTTACGGACGTGGTCCTCTGCATGCGGTGAGTTGCCACGGTTAAAATAGTATGAGTGGCGACAAGGGAAAGACCTTTTCGCCAAAATTTGTAATTTATTTAGTGCTCACTTCTAGGGCTCTAATGTTTTTCAAGCGCTGAGAGATCCGACGTCTAACTGGCGGCAGTATAGGTATCTACAGGACCCCCTGCGCCAGCGCTATGCAGTCGCAGGTTAGATGTGGTGAGAGAACGCATGCGGGGTGCACCCGACCGTTAACACTGTCAGTGCGCGCGACCCATACCCGGTTGGCGGTGCCCGTACTATACATCCACTGCTGCACCGTCAAACAGGCCCTTCCACGGGAATTAGCGATCCTATCGCATATGCAAGTGTCGCGCTAAGATGTATAGCTCCAATGCTGAGAGCCAAGATAGCTTAGCTTCAGAGTCTTCTTTAAGAGATCAAGAGCTGCGCCGCGATATGGTTCAGGAGATTGCCCCACCTAGAATTCCGGGTCGCATAGAGTCGAAAGGAGTGGAGCGCGGTCAACAGATATAAGTTTTATTCCGTCGCTCGCTGTCTTTTCAGGTTCGGTAAAACCGCCGTCTAGTCACTAGTGCGTCCATTAAGTCACATCCGAAATAGAGGAACTCGACTGGCTATGCCCGAGAGCAAATTAATATGGAACAAGCCATCCCTGATTGATAAGATACGTACCTGTGTGTTGCAAAAAGGACTGCTCTACTGACTGGGAGAGATGGGAAAGTATCCGACTTAAATGTTTCTTCAGGTACGGTGAAAGCTTACGGGCGTAGCGACTCCTGAAGAAGTATATTTACTCGTGACAGCCGAAAATCATCTGCCAGTCTACGGGTTCCTAGGTCATCGATCGCAGGATCTATTTTTAGACTTGGATTTGCTGCTAATTGGGAGGTCGAAGCCATTACGTTTTTGGATGACAGTGAACGCGTAACCCTGGATCGATCCGGGTGGTCGGAGTTTACCTTTAGCGAATCTTGGAAAAGAAGCGAAAGCCG,1970,49.64,Escherichia coli
SEQ_241763,CAGCCGTCAGAAGGCAGGACAATCTCATCTCCACTATGCATACATAGTACTGAACTTACAAACTGCTCAGGAAAGAGTCGTTTTCTTCAAGTGTGTGGTCCGGCACGCCTGCCGTTGATGTTGGTTGTGGTTCCTGTGGTGCAGGTACCGTCCCGCCTCAGTCCTATAAAAATGAATGGTTGCTGATGCTTCAGGCATGTTAAACCGGATATTATCATGTTCATTAAGATCTCTATGATGAAGACTAGAAATCTTAGAACTCTGTCAAACGCGAAACCGCGCCTAAGCCTAGGTTACAACA,301,45.85,Arabidopsis thaliana
SEQ_188630,AGGTCAGAGAGGCAATAATACCGTAGGGCGAAGCGACCCAGCGCCCCGTCAGAAGGAATGTTCGCGTCATCAGGGATAAGCAGTCCTCTAGCCGTATCGTACAGGTGGCTATTTTCATTATCATCCCTTAAATATTCATGCGGTCGACGGTAGCCTACCTTCTCATGATTCCAACTCGCGATCGTAATAGCTCGACCCTAAGAGGGAGGTTCCCTTGGGACTCTCGCTAGAGGCTCTGGAGCGGTACGTTGATTGGTGCACCTGTCGCATAGACACGAACATCGAGCAATCCTACATGTCACTGCAGTACGGAGCTCTGGGTTTAAGCCGGCTTGATCCTAACTCTTAGGTGGCTGCAAAGAGTGCTATCGAGCTAGGATGCGGCGCGACTAGCCGGAAGAACGATCTATCCTAAGCTATCTCCGCGCACCCAGCACTTAACGATGATTTCAATGTCCATGCCCAATCCAAATGCCACCGCTTATGCCCCCCTCCATCCGGTTACCGTATTAGCGATCTCATATGCTCTGTACGAGCAACACGTCCCAAACTGTCGCGCGATTAATGCCGCAGAAGATCTTCCCAGGAGCTGAGAACTCGCGGAGAGGACGCCTGCTATCTTTTAACGTTAGAAGCAGATGGACTGCTAAGGTCAGGCCGTCGTCCCCGAGAAACTACTGACTAATCCTGCCCTACAAAATTGATGTATTGATTATTGTAGCTCATTAAGACGTTCGGTCGTTATGAACCTGCGAACGTTCTCGCCAAGACCTCCTCCGCGCGTTTCATACGCTGGGAGTACTCATCTAATATAGGTCGTAAAATCACGTGGCCCGCCTCGAGGAGCCCCCCGACTGTAGTCCCAAGTTTCAGAATCAAGTAGTCGGCGGCCTTCGACATACCAGAAACGTGTGGGACCCTTCATTGTAACCTCGACTGCTGACGGTCGAAATACTGTTTGTGATTTGACATAAGTGGTGCCTTTGACGAGGATTAACGATGGATATGAAGGCGTATTGTCCTTTAACTTCTGCGTTCTCGTAACCCACAAGAATAAATTAAGAAGTTAGCATATGGTAACAAGGGCCGTCTTACGCCTACCAGACAACATCATAGCGACCCCCAAAGTTCTCCGTCCCAATCCCTTTCTCAGACTGTAGTGATTTCGTCCTTCCCTAGAGCAGTGACTGGTCAATCACAGAGTAAAGGCTTGTGGGCGCTCCCGACGACTGTAGGTTAGACGAGCTGCGCCGTCTATACAGCGCAGGTATATATCGTACCCATCGAACTGGCAGGAACCTAGCCTCCAAGTAACGACTTCCTCCTAATCCCCACCCATATTGACAAGACGAGCAGGTCTCAAAACGCCGACCGTATACAGGCTCCCTCTGTTGGCAGTGTCCTCGACCATTACCGCGGGCTTGTATACCCCCTATTTAGAGTCACGGTGAACCCGAAGACCTCCTCTTGCATGGAGTTAACGTACCTTTGATAACATTGGACTTCCAATGGGCGGCTGTATCAGTCTCAAGCCAAACCTAACACCGCAGGCAGACTCATGGCCCGGCCTAAATCTTAGCGTTTGATCCTGCTTGTCGTCCGGACTCACGCGCCACACGACGATTATGAGGGTCCCAGTGTACGTGCACAAAATATATGCACTCGTCAGAGGGAATGCAAACTCAGCCTGCACACAGCTAAGACTACGCGCCAGACGAGACACAACATACTCGATGCACGAATACGCTTGCAACGTATAAGGACCACTCACCTGATGCTAGAGTCTCGCGCTGAGTCTGCTGCTAAAATGAACGTCGCA,1819,51.13,Mus musculus
SEQ_970648,TAATTGCATAATTGCAATGAGACATCGATTCAGATCCGGTGCTACTGGGGCAGGAAATAATCCATCTCCGAACTACGGAATCACTTTGGATCCTAACTTACCTGACGGCTGACGGATAAGCTCGAGTACCCGCGTGCTTGGTGACATAGTACTAAGCGCGAGCATAAGGCCGAACTTCAGGAGGCAGATTCGACGATGTGCTCTATTTACGCCGTGATTTCGCCAGTTAAAACACTACCCGGCCGGCCCTAAATATGCTGAACCTGAGCAACTCGAGATTCAAGGCGTCTCGCTAAATTAACCGACTAAGGATAGTGTAGTTCGGCAACCATCAGATGTAGGGGGAATCAGACCCATTAGGTTGAGTTAAGGTGGCCCCGGGGTGGAAAGCGTCCGCTGTATTTCGAAACGAACACCATGCTCGCGTTGTTAGATTCTATCCTTAATGAGGGGTCTATACTGGGTTAGGGAAGTGCTAGGGTTTCTCTCAGTGTGAATCAACTTGGGTAAGTGGCGGGGGGATCTATGGCCCCAAAGAAGTACTTTCTTTTCCCATACTGGTTAC,565,48.85,Drosophila melanogaster
SEQ_168506,AGTCGGACATTCCGTCAGTACGTAACATGACGCCGGAGCACGTTACGTCTAACCGCCAGCGAGTGAAGATCGAATCATCCGTTAGGCCTGTTGCCCTAGGTCTCTTACCATGAGTATAAGCTATGGATAGGTGTCCTCGCATACGTCCGGTATCAAGCAGGTGGTGGAGCACGCATCACGTTTAAAGCATTAAGTTGTGCATCGGGAGAACGAACTACTCGTGCCCACCATGTTGAAGGTGCTCGAACTCCAAAGAATGATTGGGCATTATGAATAACTCTAGGATCAGATGCCGGGTCAGCCAGTTAAAGCGACTCGGGGAAGCTTGGTGCGCTTTAGAACCAACACCTGTTTCGGGAATACACCGTATGATATATAGTGGAACTAGACCTATCTCTTATCATCCCTAGAGCGATTACCCCTGCACGTCGTAAGTGAAATAGCATTGGCGCAAACGACTGCAATGACTTGTCCAGCTTACGTACAGCGAGAGTCCCTGCGCAAACAGTAGATAACTATAGTGTCTCGAAAATTGCCTTGGCCGCAGTTCTACGTGTATCTACATTTTGAGTCTTCTCCCCGCCGAAATAGTTCACTGGCACGGGACCCACCACAAGAATACGTCACGCTGCAGTTTGCGATCGCTACAGCCCTACGTGGGTGGTAGCGTCCCAAGTGCACAGCCGCTCGCCCATCTTTTATCCCGAACTCTCGTTCTCGCGGCCAATGCTACGTGACCCTCGGGTCCACGTTTCAATTGTGAAAATCACCATATAAGAAATGAATCATGTTGTGCCACTTAAATTCTCAGCCCGCGCGCCGCATGGTAAAACATCCACAGGGCTAGACTGTCGAGGGCTACCTAAATATATAGCTGTGCTCTCGATTGAGCTCTATGAAGAAC,904,49.78,Escherichia coli
SEQ_578212,GTTCAGCCTTAATGGGATGGGGTGATATGGTGAACCGTCAAACCACCGTGAAGCATATAGTGATCGCGAAGCGAACGGACGTGTCTCTGAACGAGAGGGTGCGCACATAATACCGGCTAATTCAT,125,50.4,Saccharomyces cerevisiae
SEQ_631220,CGTATATCAGCTTCTCAAGGTAAAGGGACAAGTCTCCTTGGGCACTAGTGTAGCCCACCACCAGGGTCCGGATGTAATAACTGAGACACGAGGCTCAGATTAATGGCGCTTGAACGAACCTGGCCACGGCGAGACGATCGGACAAGGTTATGATGCTTACAACCACTAACACTGTCAGAAGAGTAAGATTGCTGTCAAGTTAGTGTATGTACGAAGCTGCAGTTAGTGGATTATTGTGGCCGGTAAGGTATCAAGCGTGCGCGCCCTTCGTTCCATGTAGGGTGATACGGCCTCGTGCGGGGTATAAATCGTGCGGTCACCGCGATGGAGGGTGACCCAATCCTGATCAGCCTTCGCTTTGAGTGGCGGGCCTAGAAGATGCTGCAGAGCAGATCTCATACAGGCCCTAGCAGAGTGTCGACTGGACCGAAGGTTTACCTCTACTACAG,449,52.34,Escherichia coli
SEQ_557337,TTAGTTTCAAACGAAATAACCTCCGACTTTACGGACGGTCCCCAAAGAAACCCCCTGATTGTTAGGTCACGGCGACCTCGTGCCCAGTACTTGGATCCATTTCATAGCGATTTACTGTCTGCATGAAGACCTTCCGTAGGGCTCAATAAACCGGTAGTAATCCAAAGATGACGCACTACCACGGGCGGCTGCTCTTACAGTGAAGGATTAAGGTACCTTCACGGTGTAGGTCTATGGGCGGAATTGATATCTGTTAGACACGGAGTGGGCGCTCGTAATCGGACCTGCATTAGAGGATGTCCGAACTTATGAGGTTTTATACTCTCTGGAAAGGCTCTCTGGTGTTTAGTTACAGGTACGCTGTTTGTGGGGCGCGTAAGACATTGATCGGTCCAATGGGGGAGTCATACCGTCCCGGGTAGACTTTCCACTCTCTCCTCCGAAGGAAATATTTGACGCTATTCTGTGGGGGTAGGCGTCATAAGGCGGTATTTGGAACTCCATGACAGGCACCATTTAGATCATCCTTGTACAGTTCTCAGATCGAGGCAGGAAACCGCCCCTGATCACGTCTACGATGTGGACACTTGGCTCCATCATCTACATAACCTGAAGGCTAATCTTCGAGAGTCAAAGCTGAATCGCGCTAACGTGTCGGGCTATACACCCCCTGCCCGTGTGGTACAATTAGTCGCACCTGATCCTTCGGAAGAATCGGATCGGTAGGGAGAACTCTGATATGTTAAGCCTATTGATGCTTCGCAGGCAAGACAGTGGCTCTTAAGGCGTCGCCCTTTTCCAGGGCTGCGGCCATAATGAGACTTCAGGATCATATGGACGCTGACCAAGTATGACGTTCCCGGCCATCACGCTCGTTTACACACGGTGATATTGGGGTACAAACGAGGGCAAATGAAAGTCGAATGGTTCGGGACCCGCGGTAGGGTTTTGAATCAGCTTAGTCGCGTTCTCCGTACAATAAGTGATT,988,50.1,Caenorhabditis elegans
SEQ_868782,TGTTAGTCGAGTCCCCGGGGTCCCTCTTACAGTCAGAGATGATGACCAGCTAGCTACTGTTCTCTTGTACTAGCAGACCGTTCCGCAAAGAGGTGCGTGATGTTCCTACCTGTATTGAAAGTAGTAGATGACGAAGCTTCGGCAAGGGACTGTTCCAGTTTTCTGACCCCAGCATTAAGTGCTGGTAGCCCATGATAGCACGAATGGCGATAAGACAACCTTTGAACCTGGAAGCGGCGTCTGGGTAGTATTGCGCGCGGAAACATGATCAGGTAATTCGAGCGGTCACACATAGAAGCCCTAGCATACATCGAGCACCAAGCATAGGAACAAACGCCGCCCGATGCACAATCTGTTGTCCCCTACTCATACAGAGAGCTAGATAGCGGAGGAGTCGATATAAAGTAAGTATCACCGGCGCAGCCAGTGACGACGGCCATTCATCGCAGGTATGCAGATTGTTAAAATCTCCCCTCGAGGACGCCGCTGTGACCGAAACCTAGCACGTTTTTCGAGTCACCATTGGTCGATAGTACTCGCTTTGTACGATACACCATCGGCATGCTCTACCTTTTAGGAGGGATGAGGAAACGATTTCTTATGATTATAAGCCGAATGCGGTAACGTTCCGTATCCCCACGACCAGCCTTTCTAGCGCGGGCGATGTAAGCGAAGAGGCCAAAGCCCCAACTCAAGTCCACTTATCTCCCCATCATGAGCGCTTCTGAATCTGCGGAACGTATTAACAGCAGTCAACCGATCTCGCAACATTTAATCCAGTAGCAAGCCGTGCTAGTTAGGCCCTGATTCCTACGCCAGCCTGAGTCGGATGGGCAATGAGGACAAAAGCCTGGCTACCGGCACGATGCATACCGGGGGGTCCACATAATGGGCTGTCACGATCACACCAGGGACAGGATATCATACGTATGGCCCATTCTAGACGTCAGTGTTAGGCCAAACGTGGATGCACCGCGGGGATATTGGTGTTCTCGACATTCCTTGGATTCAAAATGGGAGCCCTGTCAATTCTGAGGTCGCTACGGATGACAGGAGAGGCTAAGTTAATCTCATCCATTCACATACATAGTATGCTTTACAAGCGGTGCCTAGGAGAACTGACGTCACCTTAGTTTGTGTTGCGGGATTCTGGAATCGCCCCATAGGCATGATGGAGGAGGCGACTACTGTGACAGACGAGCGATAAATGAATGCTGAGGGAGTAAAAACTGGAGCTCGTGCCCCGTCCCCGATACGTACATTCTATTATCATTGTGACCTTTTGGTCTGGATTATGTATGAAAGGACGCATCGCTTTGACTTAGGAAGAGGAACGCGCTAAGCGTTGTATTAGGGGGATCTGTGGTGCGGGAGGTATCGTGGCAATCACCCATATTTCGGACTGGTCGTGAATACTTCATTTAAGTAAGTGGCCGTAAATGCATACGGCTCATTCAGTGTGGCTATGCATGTGGTTTTGTTAAAGCGGGGCGTTACTCCACCTACCACCGAATTGGCCAAGACACTATTGTCGCGAATTAGCATCCATTCAGGGTAGTCGTAATGGAATGTTACCAGCGCGTAATACTAGCGGCCAAAAACCTACGTTTACAACAACCGTCTGACCCGACCCTTGCAGGCTATGGGTAGATAATCTCTGAGTAAG,1666,50.0,Caenorhabditis elegans
SEQ_632685,CGATGTGATTTTCGCACGCACTCTAATCAGGCTCCAGCTATTATAATGTACGAGGCAACACTCTAAGTTAGACTATACAACGCCTCCTACACGTCGTAAAAGTTTACGATTTCCCA,116,43.1,Caenorhabditis elegans
SEQ_305559,CATTCCCCGAGCTGGTTTGATGTGAGCAGAAAGATCCCTGTGGGAGAGAACAATTTGTATCCAAATGTTAAAACTGCTGGCGGGACCCTTCATGGATTGAAGTAATTGACAGAGTACGTGTACCGACCATGCAAGTAGGCGGCCCGTCTATTGAAATTCAAGTGGGTACGACAACTAACATTAGGTGGAAGTCGGCTAACTGGGGTGCCCCAGGCCTAATCAAGGGGGTATATCATAATCCTCTAGAGCACTCGGAATGATTATGGTATCGGTAAGGCCACAACACTAAAGCGGAGATTAACATTAATGCATGCGGTACATAACAGTTTACGGGCATGTCTCTGCAGTTGGGTTGGGTACCGCTTGCCCCAGAAATCTTAGGGGTCGTCGACGCCTCGTACGGCGTGTTAGCCGAAACCGCGGTGGTCAAGATCGCCCGTGGAGGTCTCTTGCTCCGTATAGGAACGTGTTTCCCGTTCCTACATCGTGACTGTACTAGCATAGTCTGGGTTTAGATAGGGCCGCTTGTTGCTTCGTACGGGTGGTACCCATCCGAGCCGACAGTAGTTCAACAGCGACCTCCTAGTCTGGGTGTGCTGATACTTCCTCCTGCTTAATGAGTCGGTACTGAAGCGGGAGTGATCGCCAATATAATGTAAACCACGGAGCCGTGGTGACATGCTTATAAATTGGACAGGTGCTGTTACCAGTGTCCACTAGATTTCTAGGGGGGACGATCCAATCTAAACTCACAATCTGTGTCCGCGCGCTCGATTGCCTGTTGTAGACACCTTACCTCTTGGCGGAGGCCATCGATTACGTCGAGGTTAAGGCATCGAATGAATTGGTCCCCAGAGACACCACTCTGAGGGTCGTTTCATACACTGCTCTCGCTGCCGCGCGTACAAGTCCATTGCAAACTTCGCCTAGATGAGGCCGCAACGTCCAAGTACGCAGGCCCTGTACAACGATCTTGGCTCTAGATGTCTGAATGCATCGCGTCACCCTGCTCCCGGTCGCAGTTTGGTTCTGCTCGCACAGAACTACTGGCTATCCTGTACAATCTCCACAAATGGCCTCGCTAACGACTGCAAGGCGAGATCAGTAACAACTTTTAACAAATGCAAGTAGTACGAACTACGCTAGTTACTTAGGAAAGCGTGGAATAGCCGGGAGGTCATCGTGTTTCACAAGCTGTGGACGGATCAGGAAAGTATTTCACCTCAAATCACTGGTATCACGCGTGACTTCAGTGGGAAGTCGTGGGACCTATGGCTCCACCAGCCAATAACGCTGTTCCTATTCCAATGGCTCGGTTATGTCATAGCCCACACTTGCTTGGCAATTTGGCCGCTGATGCGAGTTATCTAGCCTTACAGATCATGATTAGTTCACAGTTAGAGAGGTACATCCAAACCAACTGGTGTTTGTCCCTGGAGCCGATCCAAACTGA,1453,50.45,Drosophila melanogaster
SEQ_171646,ATTCACATGCGTTGCGAGGTCGTGTTCCAAGCCGGTCTACCCCATTCTCGGGGACTTCGTAAGAACAGGGCCTATGCCGCAGGCATTACGCGAATCGCGTACGTTACAATAGAACCTTCTCGTACGACGTGGATGAGCCTGAATGCCACTTAGCCCTTACTGCTTTTATCACTTAAAAATCACTATCCTGGGGATGTTTATCGATGGTCCGATGGTGCGTGCCTTTATTAACATCGCGAGACAAGGACAAGGGTCGTACTCACGGCGTCGGGCTTTATGACTCGTGCGGGACCGCGTGCGTGTACCCATCTGAGCGTCATCCATTCGCGCTATAGGTTCGGGACCTATGTACCGTTCTGAACTTCACACCGGGTCCACCACGTGTGAGTGAACGCAGTGTTTACACGAGTGGCAGAGGTAAATCATCGGAATCACCGAACGCCTGGGCATCCCTCGAAGTCTTGTCGAAGCCAAGGGAAGGAACACGACATCCAGGTAACTCTCTACCCTTCGGTAAGTGCTGTAAAGAGCATGAACTCTTGATGAACCTGTAATGCTATTATAGTTGCCCACCGGCGGAAATCGATCATTGACGGCCCAACTAATAGTAGTCTACCTCATACCTGGCCTGCGACTCGAACCTGTGGTAGAGATGGTGGCGTTTTATAAGGACGCCGTAGAAATAAAGACTTTCGCCAGCTATCGAGGTGTCCAATTAGGCCGAGATAGCACCGGTAGGATCACCTTCGGATCGTTGTATAACAGGTCGGGTGTTAGGCATTGCCGTTTCTGCCCTGGTGTCCAATAGGTGCACTACGACCGGTGCAGCGTCTGCACATTATATTGACACTCCACTAAGATTAATTCCCTTAAGTTACAAGCCCCTTTAACGACCGTATATCATCGCGATTTGGGATCAGCATACGCATTTGCAGTAAGAGACCCAGCAATTAAGTTCTAGGTGCAGTGATAAGGAAATACGTTCCCTCAACAGTTATCCTTTACTTTCCCTAGGACCGCGAGTGAAAGTCCTATCTGCACTCCTACCACACGTGGTTGATAACAGCCCACTCGTAGCCGAATCCAATTACTCAAAGAAAGTGTTACCGGGATGTGTGAGGGAGACCGTCTGCGATACGAAGCGATCCGTCTCTAGAGACACGTTTGATTTGCGTTGGTCCTAATTGGATAACAGCCTCCACAAACGGATCTCTCGCACCTACCCTCTCAATGCTATAGGCAGCGGGGGATGTGTGTCACGCGTCTAGAATCTAGCGCATCTCTCCCGTGAGGCCGAACTGTAATACTGCGGGCCCGAAAGATCTTTGTAGAACGTACATCTGCCCGCTGCTCATGTGGTGCCGCATCGTCAACATTCGACGTCGCGATTGGTATGTTCAGAATGCGGAGTGCCTCGCCATGACCATACAGCACACACGCGGTCCCGGTCTAACGGGAGCAACAGCGTACCTGACTATGCAGCTACTGAGCGCCAGTCCCGCTCATCCTGCAATTATTTTGTCATCCGACGTGTACCGTTGCGTAAAGGAGAATTTTTTGCCCAACATCAGGCTTGCAGCTATCCCCCACATGCACCAACATCCTAACTCGTAGATAACGACGTTTCTTAGTCGCGCTCCCTTTCATCCCTCGATCGAGAGCGTTGAGGTCCTTCGTTACTCCTTGCAGACATGTTAGCTATGCGCGCCCCTGTCTACATGTATAAAATAGGTATGTAAGTCTGGTGTGCGAGAGCGGCTTAATGACTTCCCAGTAGAACCAGCGATGGCCTGATCTAGTGCTCGAAGGAGCGTCGTAACAGTATAATTGACCCAATTTACTGGGGACATTTGTACTTACCGACTTGTCGGCCCTTGCTGGGACCATTACGACCAGATCGGTTCACTAACCATGGGGAATTTGAGTGGTTCTTGCACTGTAGCTCATGCGCAGTGGATTGACAGGCCCAGCGCACTACC,1979,50.88,Caenorhabditis elegans
SEQ_126005,AAAAGAAGAGGCCCGGAGGTTCGCCAGTCGTGCTTGGCCGAAATCAATACGTTATTGTTCATACGAAGTAGCACTTTCAGTTGCCTCCGACAAGTTGGGCACGGGGCGTCATGGTGAGGATTACAGCGTATACTTAGCCTCGAATGTGAGCCTAAGTAACCGCATCTTATTTGCCTCAACTATCCTTCTCGTTCGGGAGTAGGCTATGGAGCTCTAGGGGTCTTTATTACATCCGGCATTTTTCGTCCTGCCAGACTCTGGAACTCTAGGAAGTAACGGAAAAACTGCCTGGGAAGGAGACGGCATCCTGCGACCGACGAGTAAAGGGCAAAGGACATCATTGTCGAGTTTCCGTCGAGCCGCTACGATGACATGGACGACACTTATGGTTACGAAGGCGTCTTGCCCCTCTAATCCGCAGTTTATAGCGATGACCTTTGGGCAATTAGGACGTATAGCATACCATTCTGGGTCTGCCTTAGACCAGAACCACGCTACTGCGGTTTCATCCATCGCGAATGCATCATAAAACTAAACAGCCCTATTAATGGCACTGTATTAACCTCAGGAGGGGCACGTCCGGGTCTGAGTACTGATCATTTTTACGACCTATGTAGCTGAGTGCGCTGTCAGTCCGACCATCCTTCGACGTAAATATATCAATGGAATGGGGTCTTAGTTAATGATTACCGGTCCCGGTATGCGTCTCCGACTAATATCAGTCGCTGCGAAGTGGTATGACTACCGAATTGGCGAGTCGTGGGACTCAGCATCAGGTACCTCGTTATCTATCAGGGGCACAGAGCGAGGTAACAGTAACTTTACTGCCGCCGCTATAGGCATGATTACAGTAACTTATAAGCTCACACATTAGTCTCGTGCTTGGATTTGTAGTGAGCAGCGCGGTCTCACTACCTTCCTCCGGGCAGTCACCACTCGGCTTTAGCTACAGTTGTTACAGTAAGCTCTCACTTGAAGGGGTCGCCTGGGGAGTCAAACTCTCGGTCACCCGGCAGGAACGCTCCCGCAGGACGTGCCTCCCGCTTTGATGGCCCGCATGCCTGCCTCGCGCATGTATGCCCCAGCATACTGCCAGTCACAACCACATGGCCCGGTCGTGCCGCACACCGAAGTTGACGGCACCGACCCAGCCATATTCTACAAGTTTGGACCGAGCATTGCACCGATCAATACCGGGTTCCCACTCCCACCAACGTCTTCGAGTCCCCGGGAGTAAGTGTTCCTCGCCGAAAAGTACAGTACGATTACCTTACTACGGCACCGAGCCCCACAAAGTAGGAATTCCCCCTTCCAGCCCTTATAGCAGTGGGGTGGTCACCAGCTCGAGCTTGGTCCGTCAGCGTGTTAGTAAGCCCTACCAGCGGGTGTTGTTGGTCAGTTGATACAATGATTACTGAGACGGAGAACTTTGTGGTAGGTAGTCGACGACCCGCGCTGATAGGTCTCACTGATACGACTATGATCGGTGGATCAACGTTAGGGTCATCCCGCCCTGATGAAACAATACACGTTACTTTACTCGCTCTTAAGACAACACAAACTGTTAGCAACGGATTAGCCGAAGCTGGGTCTAGACACCCCCGCCTGGTTACATCGGAGCTCTGATC,1628,51.97,Escherichia coli
SEQ_240320,TTGTTTATTCGTCGTATTAGCCCTATAATAACGACCAGGAGGTGATGCGGTTCCTACTGTACAGGGACTACACTATCTTAGTGTGGACTAGAGTACCCTGCCTGACCCGGATTATATAAGGGGTAGGACCGAAGGCACCCCCCACTAGGATCAAATCTTGATTCGCAACACTGCAATGATACTGGGCTGTTACAGGCGAAGTCCATACTTATGCCGCGCAAGGCTAGTAGCCTACCTTGGCTATTCACACCTTTTCGCAAACAAGAAGTTACGCCGTTATTGTGATTCTGTATATTGCATAATTACTGACTGGTGTATATGTGTCTGCCGGCACACAATGTCCCTTCACACGCAACTAGATGTTTTTATGGGATCAAGCGCAAACTCGTAAAAACTATACGAACTTAGGCTGCCCCAAAGATTGCTGAACGTCACGTACTACTCGATCTTACCCGCGGAGAGGTGCCCCTATCCAGGTATCGTAGCGTGTAATCGGTTGTTCGAGGTGCTATGGACGACACAGAGCAGATCTGAAGGGCAGAAACCGTACGCTAGCAACTGAGGTTACATGGAGAGTTTACAGTTCGTGCGGAATTTGGACAACGGGCGAAGCACGGTGATGGTATAATTACGGGGCTCCCTTCGTGGTGGAGCGAACACAAACTCTCGGGCAAAAGCTGTACCTACGTGTTAAAAGTGGTATGTGGTTTCTGCTCTGCCCGACAGTACCTCCAAGAAAAGCCTGGCAGCGGGATCAGTTTGCATAAGGAAGAAATGCTTATTGTTTCGGGCATATATCCGCGTTCTAATGTCTGAAGTACCACGTACTTGCAGGTCGCTATCCTGTGACAAATAGTCGGAAGCATAACTACAACTTGCTGATTCTCCCTTAGTGCGACACTAAGCTCTATTATCTACAGAAAGATCTAAGTGCGGCCTGTCCCTATATGCTCGTCCCCCCTTTTCGCCATCCCATCGGAACAGTCTTCCTGAAACCGCGCAAGGGAACTGAGTTACAACCTGCGGTCGTGACAATCGTAATCTTAGTGTGCTTGTGGGTGTTTACCGTGATCCCCCTCCATGGTGCACACCATTGCATTGAACCGTAACGAGACTGGGAGTCGATCGCCTGAGCATAGCAACTCGCATTACTGCTCCCTACTCGCGTCACACTGATCCCGGCACCTTCAGTTCGTGCCACCACAGAGCCATACCGGCTCCTTGGCATGCGCATTCTCAGTTAACAGGAAATCGAAGTATTAGGGGCAGAGCTCTATTGGCTGTGTTTTCCGGGTATTCTTAGTCGATCGTTAATTATAATAACGAGAACTAATGTGAGTATCTCCAAGGTAAAGAGGCTAACGGTAGTATAAGACGTGGAAAAGCCTGTATAGGGACATCTGTCGTTTCAGGTTCCATAGACACATGAATTTACAATCTTATGGCTCCGAGTCTTGAAAGGTCTTGACGGATATCTCTCCACCTAACTCTTTTGGTAAGGGATACACATTGCTTTTGAAGTCCCTCGACGTAGGGCGTTGCTTTTATGATTAGAACCGTACCGGTCCCCATCGCGGCATGTCGCTAAGAGTAGGTCACATCTGGTTAGGGATTCGTGTATGCATTCGTAGCGGAGTAGCTCCTTGTCTTGATCCTGCTGCGGAGATGCAAGTTAAATGAAGGGACTATTATAGGTTTAGGGTGTAACGACTTAAGAGGTCTTCTCCTAGTGCCGTCGTCCTCTGCCGTTATTGCGTCTGGACTGAGGCCCACTACAAAGGTAACAGAAACACCTGCATGCTCACCGCCGGCGAATTTAAGCAGGTGGTCTGCAACCTCCCTGGTGATGGGTGGTTCCTACCAGCAAAAGGGGCTCATGATAGATCAACTGTGCAGTCACTCAGGGACGATGTGCCCGTCACTCTTGAG,1929,48.68,Escherichia coli
SEQ_276765,ACCCAATGTGTAGATATAAAATGAAGAATACAGCATGCCACGCGTAATACGGGCTCTAATAGACCAGCCGCTCATGGATAGGCAACCATTTTACTCGGACAATCGCTCGCAATCCCGGGGACGGCGCCGTCAAGCCATTAGTGGACTTACCATCTCGTTAAGGATGCAGTGCTTTATATTGATTAACTCTCTATTCTAGTTAGGGTGCGACCAGGTGGACCAGCTGAGTAAGCGGTTGAGCACAATTCCGAGGAACTGTGGACCACGCACCAGGACGTGCGGTAGGTTGAAGTCATTATCCCGGTTTAAGTTTGTTTCATAACTGGCTCCGCAGAGATAATTTTTTAGGATATCGCTGTGTGCCCTGCACCGTTCCGCTAAAGATGTATACTCTTTAGTTGCCGCTTCTTCCCAAATGTTCGCAGATTGTGGATGGCGAGTGAGCCGCCCCATGTGGGCGATTAGGCACCTTACACACACCGCGGTCCGTGCCAGTGCCCCCTGGGGTAGCACTCGTCGAGGGAGCATCGTGGAAATCCATTTCTTTACACGAACCCACGTTCCGTGGTCCCGGTCTCGAACGCTTCTCATGCGCCTCACTTCCAGTCCCAGGTATACTACAAACAACAGCAATTGTATAATCGCGCTAGATTGACAAAGCTGCAGCTCCGTCGAGCGAGTTAACGCCTAGCCTAGGACTGGGGTTGTGTGATGCTCCTTACTCTCAGACGTGTAGTCAGGAGCACCCTTGTCGCTTGTGAAAGGTGCGCACGCTAAGCTCAGCCCGGTACCCCTCCCGCCGAGCAGTAAAGAGCGTATCTATCAGCTCAGTCATATGAAGGGCTTTTTAGGGATGGCTCGCGGACTTACCCAGCCCCTCATGGCTAGTGGTGGAGGGCCCAATCAAGAATAGTATGTCTTAGACAGGCACTAGCCGAGTTATACGATGCAGCTAAAGGTTCGCTAAATGAGTCAGAAGCAGCTGAGACGACGTCATCTCATACGGGCGGTAACACACATCTATTTCTGGCCGGTCACTGGCAATGTCGAGGTGAGACCTCTGACTAGCTGTCACGTTAGTTTATTGGCTGAACATTCTGAACCTTGAGTGCGAACCTGCATAGCGTCGGCGCCCCACGAATCACGACCTCTCTTAATTACACGCTATATGCACTATTGTCATCAGGATTTCCTCACATCATCGCAGTGCGTGATGCCGTTTTTTTGATACAAGGTATCGCGCCTAATACGTTGTCCGCATTGCAGCGGCTCACCTGGGCTAACTCTTTATCCATAAGCCTGGCAATGAACAGGGACGAGAGGTGGAAGAGAGGAGGGTTGCGGCTTTAGTGAGCGCGGATTACAGCTTTATACCGCAACGTGAGACCCCCCGTATGCATCATAGCTGGCGCGACTCATATCTCTGTAACTACTAGGATCTATAAATAACTAGCATTGGGATCGCTTACACGCGGCTCATTTGGGCCAAGCCCTTTGTTCAAATGACGGTACATAGGGTGGCGGCTATTCGGGCTAACCAGGCAGTGTTAGCGTGTTTTCAGGGTTAAGTCGGACGTGTCCACTTGCTAGGGCTTAGGCTGCCTGTCGCGCTATTACCGAGAACCTTCCCCTTTAAGTCACTGGGGCGGGCTGCAAGCGAAATAGGACTCACCGCATATGCATCGAAACACAATCATCACCTGCTACGGACACAAGATCGCTGATGCTATCCAATAAAATACCTTCACTATAATTTAAACAATCGCACAGACGAACAAAACGTTACACAGGTTGATGGGCTGACTACTTGTTATTAGTCAGCTCGGGTCACTCAACTAACGACCGAATTCATAAAACCCTTTGGCGCAGGCAAAATGTCCTCGCGTCTCCACTGAATGCGGTCACTGATTCCCTCAACTGACACTGACCGCCAACCCGGAGGAAAACCGCTCGCGATATGGGT,1963,50.89,Drosophila melanogaster
SEQ_421155,AACCTGTTACACGGTGCGACTCGAAACTACTTAAGGAAACCCTGCAGTAAGTCGACTGAAATACGTCAGCCCCTCTTCGGATCGCTAATTATAGACTTACTTGTATAAAATGGTCTGTAATTGTGAATGAAAACTGAGGCCGGGGATGCATCCCCACGTCCGACGAATGTATAACATATATACCTTGTCCTCCAAGGGAGTCTAAAAGCCAAACCAACGTAGCGTGGCTTTTGAGCCCCATGCGAATACTGTCTCCGTGGTGTGCGGGGACAATTAGGGTGATCTGAGTCAGGCCAAAGTTTAAGTTTGGTAGAAATGAACCACATAAATGAATACATCGCGATACCGATACGGTATTTGGGTTTGGCGATCTCGTGGCCGCGGGAAATACAGCTAGCTGCCCGTACCTTGGTATCACCAGCACAAGCAGACCGCCCGACGCCCTGTTCAGAGGAGAGGGAGAGTCCCGAAAGTTGGTCAATTTGTCGGTAACCTGATCCTCGGTTTCGAGGGCAATCCTGCTGCACAGTAGAAACCTACAAAGGCTGAATGCCTTGTTGGTGGACCAATGGGGCGAGTGCGTGCCACCGGGCTATGATAGGTGTCATCAACAGGCATGCCACCAACATCCCCATCGAACGACGTTCGGAAAGACGACGCTGTGTTGTTTCCGGGTCACTTTTCCATTAATCTATTAGTAATCGTCTGCCGTCATTAACAGCTTTGCAAAACGAGCTATCTAGAATTTACGCAGATATGTAACTTACGCGGAGCCCTGCTCAGTGGAAGGGCGACACTGCCCCACATAGTTAAACTTTCCTGCAGGCGGGGGTTCACCATCAAAACTCTAATTGCGACCTCTATATTTGTAGGCCTTCGAAATCTCATTGCCTATCAGTACACCAGAGCTCAAATTGAAATCGGGGTGGGATCCGCCCAGTTGTGCAAAACTATATAATGTACAGTTAGGAGTCGTTCTTTACGTAAATGCACGATCGTGGAATCCGTCCCGCCGACTCCAGCAGTTACCACGGTGACTTAGGGTTATGCTCGCTCACTACGTCCCCCTACAGTTTTTTACACAAGGGTCCAAATGTGCGAGTTGCTCAGTGGAGATGTCTCGCTAGATAATTCCTCCCCTCACGCAGTTGGCCGTCATAGATCGGAATTTTTAAAGCTCACGAATCCGTATCGAGAATCTGGACGCGGAATATGCTACCAGAGTTGCAGAACAGATCCACGGTGAGCTCGCTCCAGCGCGGTCGACCCAAGCGGTAATTGGTGACCGCAGCGTTCTCATATTTATAAGAGGCCGGTTGCTCCACTAACACGGGACCCTCGAATAATCAACGTGTATAATCGAGTGAATCCATGCCGTCTAAGCTGCGCGTCGGTGGGTAATCTTGTCATACCCCACTCAAACTGTGTCGCTGTTTTCAACCGGCTTCGATACTGAAGAATAGTGTACGCATTTGTCAAACCGTAGGGGGACTCACCGCCTCGGAGCATGCCAAGGAGTCTTCTTGTATTGGCACAAAATCCTCACTGAACTTCTGTATGTATGGCGTGTCGCATTCCATTGGGATGTAAAGAGGTTGTACGAGACCCGGTTATAGCGAGAACTCAATTTATTATGCGTCCCAAAGACTCCACGACTGCGGTTCTCAAAATTATTATTGTTGAGACCAGATGGAGCAAGAGTCGGCCACTTTATGGGTTATTCGAACTACCGTTTACCAAAGACCCAGGCAAGTTTATGCTAAACCGCTTTGTAATATGAAATCAAGCATTTCTGCCTTCCATGAAACCGACCCATTTAACCCTAATATGTCTTCCAAACAAACTTTCCCCGTAGGAGTGGACACCCTCCCCACCAATCTGCCGACCCCTGG,1892,48.73,Escherichia coli
SEQ_394953,GAATGTTGCCGCTTCCGAATTAACATCTCTAGACAACGAGAGGCCATGTATAGCCCAATAAGCAGCAGCCATGAAGCTAATGAGGACCCGCTCCCCGTAGCTTAACTATTATACTTTCTCTGTTTAGGTCATTCGGGTCGAGAAAACTCCCTCGCGTTCATAATTTAATGTTATTGCGATCGTCCCAAATGGGTGATTTCGTCGGGGATGGGTCTCCAGTGTTGGGCCCAAATTCTAATACGAATTTATGGTCCTCGTAGTAATCTGGCACGTGAATATTCGAGCTTAATCAACCTAAATCTATCGTAATGTTGGCGGAATCGACGGTCTGTCCAACACAGCACGGCACATTGAGTCTCGGCATGATGCTTCGATCTTGGATGTGGAGTGCGTGCGTCCAAATAAACTAAGTTAATCTTTCTTAAATATGCACTACTAACGTTGGATACCCAGTAAGTCAGGAGGAGTCACACTGGTTGAGTGATAGTGGTGGCTGACTAGAGCGTCAGTTAAACTTCAAGATTTAGCCATTAGACCCTTGTGCCCAACAAGTGTTCCGGGGGATACCTATTGTCCGTCGCCTTCGGTCTAATGTCTGGAGTGTTTAGTCCCCGGTTTGAGAATCAGGGGCCACAGCCATAATTCGTGGCGGTCCGATGCCCACACCCTTGGTTTGTAAGGGGAAAGTGAGAACATGAAGTTGCTCTGCGCG,712,47.33,Caenorhabditis elegans
SEQ_828353,TTCTATCACGACACGCCGGTTTGAACGGGCAGTCTCCTAGCCATTGAAGCGTTACGTCGGATCAGTGTGTGACATTATACACGAGGCGAAGGCTACCCTCCAACATCGGTAAATACCAATTTCTCGTGTTATTCTGCTAATTATTACCTTTTGCCCTAATCTCCGTCTCCTTGTGATGATCGGCCAATAATTGTTACGGTGTCAACGAACGCGCCCTGAACGGAAAAGATGATCAAAGGTTGTACTACCGGCCTCTAATATCGAAACTAGGTAATGCCGCAAAGTGTTGGCGTGAGACGGTGCGGATTTAATTACGCCACAGAAGAGTGAACTGCACTACCCCTTCCACCCGGCCTCGCATGTTGAGAATCTCATTTTGCGGGTAAATTCTCAGAGGGCATTTAGGGTTTGGCTCGTTCTGCCGGGAATGGTGAGAATACATTATAAATACTATACCTTAAGTGTCGCTAGAGTCTCGGTTCACTACGCTTCTAGCAAGTTTCAGCGCGCTACCTCATGCATACTTGAATTTGTTTTGATGCGGCGCCATCGCAAAATCATAGGAATTGCCATATGTCTGATTAACGCTCGCAGGTCACGACCCCCTATAAACGAGAGCTATTACCATATCGTCTCGGGAAATACTTAGGATTGTGACTAGAGCATATCATTCCATCCGCGCAGCAACAATAACGTGTTGAAAGGACCCAGTCGGAGTTACAGTGACGGATTGAGCAAAAAGCCGATTTTGACTATGTACCCTGCGATCCAGACCCCGGACCGCGTACAAACGCATCGGTCGCGTACAGAAGACTACTCCTTCTGATGTAAGCGGAAACCTTCAAAAGAGAGTCAAAGGAACGCGAACACATGCGGCAAATTCTACCCTGATAAACCACAGGACGCGCTATAGATTCACCTCAAGCTGATGGACGGGGGTAGGGCAGTCAGATCGAGCTAAAGATACTTGATACCCTGCTGAGTAAAACAGTTAGTCACAGCCCGTACACAATGTAAACTAGCCGGATTCCATTGATCCCGGACTGAACATTTCGTCCGTAAGAGGGCCTATCAGCCCAAATCAAGGGAGATTGGCTTAAGTGGCCCGACTCAGACTAATAGGAAGTACTTTACATAAGGCACACGTCCTGACATGACTCTTCCGCTCGACTAACCTCGCCAACCGTTCATAGATCCGTTGGTAGAGAGGTGACGCTCAACGAACCCCTATACCAAATTTGGTTCTCCGTGGATGCAAAATATCCATGCCGCTCTCGCAAGTTACGAAGTTCTCTCATTATATAGAGTGCAGTTCCGTGCCCGCGCGTCCTACAAAGTAACATGGGTGAGCGGATGTTGAAGAGAGACATGTTGGTTCATGCGATCTCGAGCTTCCACGTGGTATAGCCTCTGCGCACCGGGGGGTCCGCCCGGTTGGAAGTGCGACACTAGCTGCCTGTGACCGTATCTAATGGGAACACGACCAATCTTGCCCGTCACGAGACAGATGACTGTTAGCTGACTGATAAGCTTTGGAGTAGGCGATAGTACACCACTGTTACCTCGACCGCCACTGCGCTGCTTTCATATCCGGCAGCGTAGACAGTCCGCTGTGTCCGGGTTAAGACCGGTCTTGATTAGGAAAACCACAGAGCTATCTCCCCCCATCTTGCTGTAACATGAGACGTCCTTCAAGATGCCGACCGTTAATCTTATAGCGTGGGACAGGAGCGACTGACCACAACCCGAGTCACATAAGGTTACGAAAGGAAGCCAGATAAATGACTCCCGTT,1793,49.19,Caenorhabditis elegans
SEQ_312324,GCGGCCCCAAGCGACGGATCTAATTACTAACAGCCCTGCGATTTAGTCGCATGCTACCACCCCACACGTAGACTTTGCGAACGACATGATAATACACAAAGTTTAGAACATATCTACTTTTCGTCGTAGCTGAATTGAGAACGGACTTGGTTGTAGCTAGAGCTGGCCCTTCGCGAGGTTATACTCTTACACTATTCAGTTAGTTAAATTCTACCCACGACCAATTCCAACCCCATCACGCGAGAAGCACGGGAGGCTGGATCCGGTAGCAGGAATTGGCCATAGTTGGACTGCCCGATCCAGGGCTGTTCCCCGCTCTCCTAAACGTTCCGTCATGAAAGTCGACCAGACCCTGATAAGCTTGTACGACGTTGTCGGCTCTTTAGCTCGTATACTTGTATCATAGCCGGCGAGTGAGTACCGCATAGATTCGTGCAAACTCGCATGATCTCCTAATGCTGCGTGGTGGGTACTTGCTTGCACACACAAGTACGAGACTTAGATTGCAAAGTCCGCCCGACCCTGTCCCCCACTGTCAGAGCTAGAATCGGGCACCGGTTGGACGCTTCATGGATTTTCTGCTTGGTGTAACCACAGTCCGAGTTTACCTGCGATACAGAAATGAGATCTAGAATTTCTAAGCAGGCACAAAACTTTCTAGAGCAGCTCTTCCCAAAGTAAGGACCAGCGCTGAACCAGATCCGCCAAGTTTATAAGCAATAGGACCACTTCTTCTTATGTTGGTTCCAGCTTAGCGTATAAAAAAATACCCGGTTACAAGCCTCTGGACGAACACGAAGATTTGAGGACTTTGGAATGTAGACTCGGGTAAATGCGTTGCAACGGCTAAGGCATGAGGTAGCGCATCGGAATGCAATGCGGTTCGGGTCTAAGGACAACCTTCCATTGAGACATTGTCTCGACGACATTCGACGAAGGGTCATAGGGTGTTGCGTTGAGTTACCGGCAGGAAAACGGGTAATACATGCTTGGCTGGGTTCGTCATGCACATTCTTGTGATCTCATGTAGTAGTTCAACCAACGGTCACAGACGTCGACTTCACGCTTCGATTTCACCATTCACTATTTAACCAGGTGTAAGATATGAGTAAACCGATGGCTCTAGTTGTGAGCGACACTTGCTCACGAGTTTAGATAATGTGCTCGAAGCGACATCGTAGGTATGGTGCCGCACTATCCATTGGGAAGTGCCGATACATTGACGCGGGAATGGCACCTGGTCCACTCGCAACCAGCATCAGTGGTCGCTATGCCTTCGAATAAGAGACTCGTTGAGGTGCTGAGACTCAACCTAAATTTTTGAAAACAAGGACGGGGTCCTAACCGCTAATGCCAAACGCCTCTTGCATGCTTAGGCGTCACTCACGAGTGCTAGTGGGGACGCTTCGTCCCGTTGGTCTTGATAGGCGCTGCGTGAAGTATTCATAGCTGGTCGACGCGAGCGGTTTGTAACCCCATTTGGGTAGACAAACCCTAATAACTGCCCCATCCAGGCGTATAGTTTGATAGTATCACCGACTTGTCGCGCGGGC,1553,49.58,Saccharomyces cerevisiae
SEQ_168453,AGCTGGTTGACTATCACGCTATTGCGGCTGCCGTCGCACTCACAGGACTTCGCCGTCATGCACGTGCGATGCGGGGACCATTCAGCGGCCTAAGAGTGAGGTCATAAGATCGGTTATCTGTGACGACTAGCTGCATACCTATCCTGCCGCCACCGCCAAGTATCAGCTTATCCGGTCCAAGCGATCACCGTAGAGTGCAGGCGGGTTAGCCTGTGGTCCTCCTTGTCTTCTTGTTGGAGGTACTATTTGGACTTCACATCCTCCGTTCCCGGGCTAGTAACAGCAATTGCGACACCGTCACGACTTCTGGCGTGCCCGCATAGGGGGGACCATACGGTCGACGAAATGTACTTGGGGCGCCGCTTGACGTCCGACCGAATATTATTTCTTTCGCGCAAGGAATTCAACCACACCTGTCGCCAGTGCCAAGAGGAAAATATGTACAAATTGTTGGGTAGGGGATCAATGGCCCTGGCGCATAGGGATGCGCCTCTGGGAAGGTTTGCATAACGGATCCAAGGCATGGCTCAGTCTGACAGCAATAACTTTATTTGCCACCGTCCTTGAGGGCCTTGGCCACTAAAGTGGACTGTCGATTCGATCTGAGTAAATACAATCCGACTTCGCCCCCGAGAACGCGGACTTGCACTCTACACCACGCAACTTCATTGTAATCGATATACTCGGAGCATACATCTGTTCACAAAGTACTCGCTAACCACAACGGCGGGAGCTGCCTTGAGGTGAAAATCGTTTTTGTTCTCTGCGACGATGAGTAGAAGCAGGATTAGGGCTTCTGTTAATGGGCGGTGACCAGGGCTTAGATCACTCGGGTTCATTATAATAGTGAACAGCAGGATGTTATTGCTACCCATACCGTGGTGGACCCGCCCGGTCCAGGGTCCTATTCGCTACCTTTGCAGGAGATTCTTCTAATTCTTGCTCACTGCAATATGTGGGAACTTGCCACTGGCCCACACGTTAAAAGTCAACGACCCAGATATCACCCGCGTGGGTATCCCAAACCAGCTCTCTCAACATTTAGAGTAGTAATTTGAGGGCGCATAGAGAAGCGGGTGTCTTAAACGCTAATCAGAACCACCAAGCATACTCGAATAAACAAGGACGCTATCCTGCTATAATGAGACATCGAGGCGTAAACGACCTATAGAGTCTGCGTACCGTACCACTAATCCAAGTACACCGTGGTATGGCGTACTATCGCATTATTATTGAATTAGCGAGCTACGACTGTGCTTGAGACCGCTCGTGTGCCCCCCCTGGTACTTCCTAATACGACTCGGCATATGGGGATCACTCAACTCGCGCCATGTGTCTGCCGCCTCCGTTACAAAGAAGCTCCGGTAATTTTTGCCTACTGATGATGTTCAACAAGATGATGGAGGCTTCCTCTTGCAGCCTAATAGGATCGTGCCCGTTTTTTCGTTGATAGGCATAACGCGGGTTTATGCGTGAAACGTAACTTAAGATCAAGCGGGTCACACTCATAATCTCAGAACTCCATTACACAAATTTCGACATGCATTGGTCAGTTATAGGCGGGAGGGAATCAGGGTGGCTGCTTACTTGTGGCTTGCATCGCCCCTAGCGTATGCGGAATGCCCCAGACAGTTATGCGTGGCGTTAACGGAGCACTGTTCCGCGCCGGA,1670,51.08,Escherichia coli
SEQ_276703,ATCTCAGTGGCCAAAGTTTGTAAGCGGAGCTTGTAACTGCGTTGTCGACGGTCTTTAAAGAACTCACGAGCGGGGCACGGGT,82,52.44,Caenorhabditis elegans
SEQ_600403,CGTGTGATGGCTTGATATTATAAGGCAACTTATCATTTCTAAGGGCAAGCACATGAAAGTGTGACACTTAGCTCGTCCTGCCTCGAATAATTTGCGATAGGCTGGATCGTGTAATTGTCACCTAACCCCGGAGAGTCATCTATCAAATTTTTGCAGCTAGGATGTGGCGTTCTTATGCCGTGTCCCTAAACCGCACTGCCACGGGTGCTATCCAAAGATCACGTTGTGATCGGGAGCAGAGCTTCTAGATCGTCATTCGCGGCCTGGGCACGACGGTGCGCTACAATAGACGATAGGGCACGGAGATGAGACATCATATCACCTGTTAATATAGAAAAGAGATTGGTAGGCACTCTCCCAGTACACGCCCGTGCCGCCTAGCTTGGCTGCAGTCTGTTGGATTTCTACTCCCTACCCCAGGCGGCTACGGGAGTAGCAACATTATACTAGGGAATTGAGTTACCCTCCTCAAACGCACCACATCTACCAAGCTCCGAATTAACCAACATCCACCGTGGATCCGTAAACCGCCAAATAAGAGCAACGGCCCCGGCGGCGGTAGGCTCCGGCGTCTCAGGTAGAGTTGCGCTGGGCCAGAAGTCCTTAGGGGAACGCCAGTCGCTTGAAGCTGTATACTCTGCCCATCTGAAGTAGGATACGTTAATCCTCCTTGCTTATAGCGATACGGACACTAGGCGAGTTAACCGTCCGGCCTTAACCTTCGCAGGTAAGATTAATAATCTTCCATCCGACTGCCTGTCAGCATGGTAGTCTCGAAACCACATAAAACTCGTTGATCAGTGCCACGAATTGAGCGTTTGACGGATCAAGCCCAGGTCCTTTTGTCGACGCCCTATTATCGGATCTACTATGACCTAAGTTACCGGCGACCTGCTCTGGCGATAAGAATAGAGTAGTACAGGCACCAACTTGTTTCTCCCGACGCTCCCTAGTTAACCTATCGAACGTCAGATAAACTGCTATAAATCCTGGGAAGTGCCGGACTGAGTTTTTCAACCCCTATAGCGGGTTCCATAAAACCGTGCCTACAAGGATGTCTTAGGGCTCAGATGAAGTGGCTAGAACGAGAGGATCAACAACACATGACCTGTTCGTCGAGCTCTCGGGAAGTGGACAACGGCCTCGGCACACGCGGCCTACCCAGGGCGTAAGTTAAACTTCGCCGCCGCCACGATTAGGCATCAGACGGATCACCCCACTGGGGCATCTTAAGAATCCTAGTAGGGTACCAATATAGCCCAAGAGTCATCCTGAGAGGCGCCATACCGTGCGTAGCGCACTGCTTCATTGAACGTTAGGGTTCCGGTGGAGCACTCAGTCGAAACCCCGAGACGCCTCGAACCGGTGCATAATACCAATATGTGAGGACCGTGACCGCTAGACGAGGGTACATCCCAGCACCAGAAAGGACCGATCGCGTCTATGACCGTGAAGTCCTACACAACGTGCCCGGTTCGGCGGCCCGGAAGCGCGTGTGTTAGTTCAGTTGGTGCTTACGGCGGGGGGTAGAGTTTACAGCTTTAACCTCGTCTCCGAACATGACTTAGAACAGAAGCGATGTTTGGGCGCGTCGCCGGGCGGTCCAAGAGAATCCGGGCCCTGTACGAAGGTCGTAAGACCTCAGCTGGGCTTTTTCGAGTGCGGGTGCAGAATTGGTTGATCCAACTTGGTGTTGACAACGGGACATGTAAACATACGGTTACGTTATATGTTCAGCAGCCAAGGA,1747,52.2,Caenorhabditis elegans
SEQ_937996,CACTGCATATTCTCACTAGCGTCCTGCATTGGATAAAACCGGAATTATCGTTACCACACAGGTCCCAGTTTTCACTCGGCTCGCAAAGCGAATTATACCGTGGATCACATAGAAGCCAACGGGCTGCACTAAGATGCCCTGTAGCCGCAATGACGAGCAGTAGTTAGCGGTATGGGATGTACTGGTCATATAGAGTCCTTTCAGTCGTGCCTGGACTCCGGCTATTTTGCGGCAGCCCGCATTAGTATGGCCGCAGGCCCTCATCAGAGACAATTTGCCAAGTCCGCAAATTGGCCGTTCCCGGATTAAGCCTTACCTATGCACCTGGTGTTAGCAGCTCGAACACAATTTCAGTTTATTATCTCCGCGGCCCGAAGTCGCAATATGCTGACGTTCACACAGTTGCAACAGGTTCCGCTTTTAAGGTACGCGGTTTGCAACACAGGATGAGGGTCTAGCTAGAGGTGAGCCGGAACACAGAGATGCGGCGTTCTCATTTGTCTCCAACCGGTAAAGCTACGGGAAAATTTGTCCTTTACTCTCCTGCCCTGGCGGTCTCTAGATTTGATGCATCGCCACAGTGTTAAATCACACAAGCATCCCTGCATTACTGTATACGATCCCGTATCATTTGCCTTTGTTCCGGCTTAATAATTACCCATTGGCTAGGGTCCGTCCACTGAAACGACACTCCATTGTCTTCCCAGGAGCTTGCGTCCCAGCGGCCCGCCGGCAGGGTTTATACATAAGCCCGGTTTAGCTATAATTACTGAGAGGCGACCCGGATATTTTGCGTTTAGTTTAGAACGCACAAGAAAGATTCATTCCCCTAATCCGAATCGGTTATGGGATCCTCGGCCCAACATCCTGTCCTCTAGACCGCAATTAGGAGACGTCTTACGGCAATCTTCTCTTAAGGCTACTCGCCCGAAGCTATGTATGGTAGGCTGAAGAGGTCCGTGTGCTGAATTTCGTACACCGCCCTGTCCTCGTACGAGGGAGCGGGGTCAGGTGACCCGGTATCTTGAGTGTGTGACGACATACCGTCGTACTTAGTTAATGTGTTGTAGGCGAGGGGTGCATCGGCTCGGATATCGTCATGTCCCCCTTTCGACATTGTAATTGTAGATAATAAATCCGGTCGCGTATTTGCGTGGCTAGAGAGGTCGGCTAAGATTGTTCGATGCCATCTTCGCGAGCTGTGCCCATATGACTGTATAGCGGGCGCTGGAGGTTACTGAGGATGGAGTGTTGCGACTTGGTCCTCGGACTGGCTCAGTCCTTATCAGGCTTCAGGGAAACCTTGCTACGACTCACCATTCAGATTAGATGCATTAACGGTCCCGGTGTCGGACTGCCAAAAGTGCCTAAATG,1374,50.8,Arabidopsis thaliana
SEQ_880615,TTCATCGTGTATGTGTCGCATTCCAGCGTTACGGTTGTGTTTTGAAATTGACTTCGATCCGACAGGAGCGGCACGAGCTCTAGGCCAATCTCAATCCGACTCTCCCTCCCTGGTGGTCCTGTCACTAAGGCAGAATCAAAATACTTGGCCCCACCATGGTGGTCTTTAGGCGGGTGCTATGCGCGGACTGGAATTGTTATGGCAAATTGGTGACTCAGCCTACTCTCACAGGTGTAAGGATGGTTCTGCTATCAACTGCGAGCAAAAACCGTTGAGTAAAATCATTATTAAGGTCGGCTACGCGAACTCTGCCGCTGCGAGCAGGAACGGCAGCAGTATGCCGCGTGGCTAGAACCTAGTCCCTGGTTCTGTCGAAGCAAAACGAGGAGCGGCAGTGGATTGAGTTCATGGTGGGCAGCGACCGACTACTCTCGCAGATTGCGAGGACGGTTGACTAGTAGGTAGGTTGCCCAACACTGTCGAGCAAATCAGACTCTAGTTTACTACGTTCCCTATAAGGTATGATGGTATTTGACGTAAGCACACTTAATGTTCCACCCTGCTATCTAGGCATATTCGGTATATAGCACGCGTGGGGCATCCACACAATTGCCAGTTGGATGCGGAATATCAGGTCAGAGTGCTCTTTTGTACCGAACGGCTATCTCTCCGCAGGCACTTTAGACGTTGTCCTAATGAAATACGTCTATAGCATTTTCGACCCTATTAACCCTATACACAGTACAACGACCAGGCTCGTTACAGAGCGGACTCGTACCCAGCCAGCACCTAACTAGTCGGATCCGATACAGCGAGCGGAATATTAGTACGAAATTGTTAAGCGATGGTGCGCGGCGCGCGAGCGCCTGGTTGCCCCGCCCCTATAGTCGCTTGAGCACATCACTTCATCTCAAACTCTTTCATCCATGCGGATTACTCAGCTCATTAAAAAACCTGGCTTATGAAAAGATGCGCTATTGCTTAGGTTTCAACGGTAAGAGGGCCGCAAATTCTTAAATATCTCGACTCAACAGCCGCCTTTATACGGTTCAGTTCATTGAAGAGACAGACCTGATGGGTCACCACAGGCTGCGACACGGTCTGAGCCACTACGAAGCACTGCTGCCCATCACGCAGATCCACTACAACTCCCCTCCTTACAACACAGAGGCTGAATGATTTCAGGTAAACTTTAAACGTGCGGGACGCTGTTTCTGCTCACCGCTAAAAGGAGTTCGACATAGCCGACACGACGGGCCCCGGTCTAGACGGACACAGGCAACGGGTGGAGAGGGTCACGGTAATACCTCCAGTCTTACGCTACTCGATACAAGGGGCCCCGACTGCCAGTCTGGTCGTTGGGTGAATCAAGCTCGGAGTAAGGTCACCAACCCTTCAGAGAAGTTGCGTTGTATGCGGTGAAAACATCTAGGTATAGTTGGTATTGGTCGTCTACTCTAGTCAACCAGTCGCAGCATCTACCTTCCTAGATTTATGCACACGGTTCAACGATGCCCACTTGGACCCCCATTACCACCGCACACGGTTACGCAT,1554,50.84,Arabidopsis thaliana
SEQ_289312,TCTGGATTTTTGCCCCATCCCGTAATACACTGCTCGCCCGGGGAAGCTACGCTGGCTCTGAATGAAGGCTTGCAGTCCAATCTGGAATACACCTCAATGTCTTATTTGCGAAGCTAAGACGGGGTAAGTAGGACCTCGCTCTTACCAGATTCC,153,50.98,Mus musculus
SEQ_659657,GACCGCGCGTGGGTCCATTACCCGCTGGCGGGTTTTCGAGTCAATGCATCGCGCGTGGGGTAGACGGCCGTCCTTCGCCTAGCAGCAGGATAGAAAGTCATATTACCGGGTCGCATAACGTTAACCTTCAATCACCCCTGATTCGCTTGTGCAGGAGCCAATATGACCTGAAAGTGGTCACTGGAGTGAAGCGCCGCTCGGTCTGATCGCATATTCTCCCCTTCAATAAAGGACACGTCGTTTGACGGAGGGCCCTGGCGTATATTCCGGAGTGGATTTAGGGGCCGCATTATGAGTTTTCATAAGGTTCGACCGTCTCGCACAGCTACTGCGTTAGTTGTATAGGCACGGGTGGGTACTGGCGATTGTCCTATAAACCGACGTTGGGCTAGAGATCGAAAATCCGTGCTGTCATCCTTTAGTCCGCTGGTGTGATCTTGTATGGATGCTATGATTCTATCCGCGCGTTCTAAAAAAACACGCGTCGCTCATGACAACCTGCATAGCTTCCCATATCGGTATGGATGTCAGGACTTACCGATAATTAATGCAGAACCAGACAGGGTTTTCCCCATATTGAGCAGGGCATGTATCTAGTTTCGAACGAATTCGACTGGGCGCGGTAATACAATTGGCCCTTCTTGGGTCCACGAAATACTTCTCTGCTGAAAGTTGCGACAGTCGTTGGGGTTCTTTAAGCCCAGCCTCGAGTTGGAGGTGCGTATGTAGAGGGGCATATATCCGACTGCTGATTTGGCCGGCAGGGTTGATCGACTTTTCTGTGAGGTCATCTAGTGAGTAGGGGCCCTGTAATACAAGTATCCTCGACTTGGGAAGTAGCATCACCTGCGATAAGGTATATGCCCATATACCGTGTTAGGATCCGGCGACGCAAATATTATTAGTGGAGATCGTCTCCATGTCTCTATTAACTGGCCATGGGGAGGCAGTGCGCGTTCGGTTAGAATTTAAAGCAATACCAGGCACACTCGAAAAGACGAATCGGTGGATTAACGCGGAGGATTCCC,1028,50.68,Homo sapiens
SEQ_905988,CATTGGGGAGCGAGCCCTGAATCCCTCGCGTGGTAGAACGTCGTTAGTGCTTGACCATTGTGGTAATGAGCAAATTAACCTGCTAGCTCAACGAACCCGATTCCAGATTTCTTCCTCGGTTGCACCAAATGGTCAACCCCTGCGTTCCCCGGAGAGCTGAATGCTACCCTCACACGCGGTTACGCTATGCCCGTACTGCAACGAGACTAGGATCTAACCAGAACGTTCTGGACTGGCCAATCCGGCACTCGGCAATATCTAGACTATATGTTTCATATACGAACGTTAAGTCGTCGTTTCGTGACTACTGTCGGACTGGAAACTTCACGTGATTGTCGCAATGCTCCGTCCGCAGTTTTTTATATTGGTGATCCTGACCGGGTGACCTGCGAGTAGTCTGCATAACTTGTAGGTCATGGCATTGTGGCGGATTGGCGTCGGCTAGCTCCGCGTATGAACTGGATCCTTACGTCCCCGGTCAACAGGCGAAACTATTCCGCTTATAGCTAGCCGTATTCTCTGCGGTTCTAAGCCAACCATCAAGGATCATGTTATGGTTGTGTATTTCGGGCCCGAGGACTCAGGAGGAGAAAGAAAGTTGGACTGCTGTCATATACCGCTAAACTTTTCGTTGTAAGGTTTCATGCTAAGATGCTGACGAGGTCAGGGGACACTACGGAAGAGGGGGCCCTCCACTTCCAATTTTGTTAATGTGTGTCCAGCCTCGTGATGCACGGCTAGCTGTAATAGGCAAGAAAACCTTGTCTGACATTTTGCAACCGACCCTCCTTCACTAAGACTAGTATACTGCACTGGCGCCCTATGCCATTTTTATGCCTGGGCAAGCCAGGTTAGAGCTTACGCAGCATCGCGGCACACTGCGTACATGATCCTAGTTGACTGCGACACACCTTGGCTCACGGTTCCTCACCGTTGGTAAGAAAGCTGATATTCCGTGAGAATCATAGGCAACTCGACAATTTGTCC,987,50.35,Mus musculus
SEQ_517596,ATGTATGTTCCCTAGTATGTGATACTCAACCCACGACTTGTATCGCTCGAAAGCAGTAGAAGTTACGCAAGACCGTTACTACGATCCTTAAAGATAGCAGTAGGATGTCTTAGTTGGTAATGGAGACATGCCTCGCTAGCCGGTTGATACTGCCCTGCAAACTGTTTAAGTTATTCTGGGGCTGGATCCCTTCGGAGCCTCAGAGGGCAGCTTCCACGTTGTTGAGTTTATCGGGTACATTTGGTCTACGGGGCTTGATAGGAATAATTCCATGT,275,46.55,Escherichia coli
SEQ_508258,AATAACAAGGCTCGAAATTTCTAGGGAGGAACGTCCCCGTGAATGCAATTACCCTAGCCTTCGTCGATCGCGCTGTTAAGTTTGGGTCATGTGCCCGTTCTCATGATGCAAGTAGGATGCACTCCATCATGGTGACTTGTTCTGAAGTTAACCGAAAACACCCATCTACGTGACCGAGACCCCCCATACCCAAAAGAACGAACCGAACCCTATCACTCGTCTCGAGGCACTTGTCATAGCAATTGCTATATAATTAACTGAGGAGCAGTTGGTACCTATCTATCCCGACTATGAAAACCCTTGTCTGATGCTGGTATGCTCTATGTGAGAAAGTGGGCTACAGCTCGGGTGTGCCGACTACTGGCTCCGGTATGGGGACGCTATTTATTAATTGCACATGGGAGGTGCGTCCGCTAATGGCCCCCAGCCTCACTAAATAGGCGATAGTACCCAACCGACGACCATGCTAAGTCAGAACTTTGCGTTCACCAGGTTAGTGCATTCATATAGTAATCTTTATCCTACTCGTTGCTTCCTTCCTCCGAATATTTCACGCCCGTTTCGTTACATTACGTTCGATGCCCCGCCCCCTCAAAAGGCCTCCGCATACCATATAGCAAGTGGAGGATGATTCTGGTCCTCGACCCCTCGTGATCGGGCCGCCAGTCCCGGCGACAATAGCTACTGGTAACTTGAATCGAGATGTTTCTTGAATACCCGTCCGCGTTACTATTCTGCGATATCCTTGAGAATATAACCAGAAGTATTTAAGAGGACCTCATCCAGAAAGCCGCGCCGCCAATCCGTAATGACTGCAGTGGACGTTCTCCCTAGGACTAAGGAGCAGATTTTACCCGATTGGGCGGGCAACAAAAAATAGTAAATTTCATGTCGCCACGCTCCTGAATTCCTCGCGGATCAGCGAGCACCGGTAGGCAATGTGTTGGAGCAGGTCCCATGCTTTAACATGGAAATCTCGAAGTGTGCTCGAACCCCCAGTACATCATGCCAATTATAGAAAGCTCGCTTGGTAGTGTTCAAATGGTTTGAGATTAAAGAAACGCAGGCGAAGATCATGGGCTCTTTACAGTCGTTCGCGTCTGGATAGGGGCATGCCACGAGATAATACTTCATTATATGCTAGTCGGGTACAACTGTAAAATGTTCTGACATCCAAAGGAGGCTATATGGATCCTGTTTGC,1202,48.5,Arabidopsis thaliana
SEQ_197853,ACCGAAGAGCTTCTCCAATCGAACCATTTTTTCCCCGGCATGTATATTGAGCCAGTCTCGGTCCATTGTTTGGCCAAGAACACCTGAGCCCTTGCCGCCTTGGACACAAGTACCGTCCGAAGGAGCATGAGAGGATCATTTGGTGTGCACTTGTAAGCTTGCTGAGTGGTTGCGGGTGTTTTACTCGCCAATGCCCACTGCAACCAGAAGCATCCAGTTTAGTAATTGAAAAGATTTCATTGACTCGCCCATCCCCTTTACACGCCGAACGTTCCCTACACTGTGTAGTAGAGTGCATATGGCAGAGCGTCGTTCCACCGATAAGCGGATTAAAGAAAGTGAGCGTTCTCCCATTATAGGTCCACCGTCGGTCCATGACTGGGGCGGCCTCGCGGCACTAATTTCGCAACACGAGGAAACGGCTCGGGGCTGGCGTCGTTTTCGCTCTCTTTACAAAGAGTAACACCCCACTGAACATTAGTGGAGTACTTGAGCCCAAGGCACGATTGCCTAAACATTGCACCAAACGCGATCGCCACAAGTCATCATCGTAGTGCAATTACAATGAGCGGGCGAGTATTTCATGAC,588,50.85,Saccharomyces cerevisiae
SEQ_115801,GTTATAGCTTTGAGACTGTGTACCACTTATTAGGGGAGTACGGGCGCCTACTTTAATCATGCGTGTTGGGGGCTATGTACGACAAAGATCTACACAGTCTTATGCACGTTATAACCCTCAGCAGTGACTAATATCAAAACATCCTGAGACGTTATAACTAGAACTTAAGCACGTGGAACAGCTATCCGCGAGACCTAGGAATAACGGGGAGAGGGAGTACCGCGTCTACTAGAGAGCTACCGAAGATTCGGTTCCGCAGGGGCACGCGGAATGGTCTGAAGTCCGTTAGTATTCGAACGAGTACTCGAGGCCAGAGGGTGAGAATGCCTCCCTGCAGGCTCTTATATTTTCGCACGACCCCCAGAACCGAGCTGATAACGCGGATCTCAGTTTTCATGTCGGAGAATTGTCAGTCTCGGTTCCCGATATTATCCTGCCGGGGTATCCTAATACAGCTATGGTATATGTGGCGGTATTTGTGACTCTGTAACTGTCAATTGGTGGTGATATCCCAGTCCCGGACTTAGACTCGGACTACCTCTGATCGCACTCTCCATGACGTAAATTCAGGAAGACTCTGGCGAAGGCCTATTGTGCAGAAGATCTGACCCAGTGCACCTAATAGAGGATCACGGTTCAGAAAAGGGGGCTCGCATTGGGAGCCATGAGCTAATATGTCATTGGCCTATAATATCCGACATCTCGTGATCTTTTCGAGGAGTGAGCGGACACGAAGTGATAGTTCGGCGCCCTTGGCTAACGGGCCAGCCCTAGAGCCGGTGTCGAGGTGTTCAGAGTTACGTATGGACGTAACATGACAATGGTCGGCGTAGTCAGCATCGGGAATATAGTTACGGTAGACACGAATACTACGTTATAGATACCACCCTGGACCCCGTCCGCTCACAGTAGGCGCCGAATAGGATCGCCGCCTGGCACACAGTCGGAATAACCAGCCCCCCGTTTTATATAAGGATGCATACAAGTAAGCGGCTCGAAGCCATCGGATACCCGACAGCGTCGAACAGCCTGAACCTCGTAGGCCTTAACAAGATCCCTATAGTTGAGCAACCTACACAGGCGATTCATCGAGATACATCTGTCGACCTAATTGTGGGACCGCAACTGCCGCATTTACGTATGCAAACAAGTTTCAGAATTCACGTTTCACCGAGTTCACGGACTCGCCTGGCGGCAACCGATCTAATAGCGTGCGAAGGTCGCGGCGGGCGCCTATCGTATATATATAGTGTATGTGTGAATGGGATTCAACAAAAGTATGACTGCTTCGTCACGCTTAACAGACTCCGACCAGTTTCCCCACCTCATTAAGTTGCGATATTTAAGACCGAATGTGGAAGGTTACTGCCATGTAAATTGTCGGTTCGCCTGATAGGTGGGGTTGGTTCAATCTACATAACCGACTTTGTGTGAAGAGATCCGCGGGGCCGGGCGTACCTCAGCG,1465,50.31,Mus musculus
SEQ_249625,GATGCGTACATAGGGGCGGCGAGACTTGTCTATCCGGAACGGTCGCCCCTCACCGCCCTCTAGAGACATTAGATTCCCCAGACGATTCTTAATAAGGATAAATGGCTACAGCGTTCAACTACGTGAACAGTCATTACACCGGGTCTTTGAAGCACGCATGGGGAAATGGAAACGCATCCGTATAGCGCTCGTTTAAATTAAAGTGCTTAGGTGCTCTGCATTCTGGCTGTCTGTGACCAACAAAGATGAACATACTGAGTGGGCGTCAGTACACATTTCCGAGATGTGGATAGCGTCCCGATTGCAGCTCCCAGGGGCGTGATTGAGCCCACGCTTTTACCCTCTTTCTCAGTCGGCGCCATGATCCCTGAGCACCCGATGGACGAAAGGCTGGACCGGCAGCAGGTCTTGGTGACACCTTAGCGACTCTCGACGGAGTCGTTCCACTTTACTCTATGTGGAGAGCGACTTATTAGCAGGAGATCTACCGACAGGTCACTACTTCGACATATGAATCTATAATTGCTTCAAGTATCCGCATTTCGCGCGCTAGACATGACGCAGCGGGACGACCTATGTTCACGTGCGCAGTCGAGTCAGTACGTAGTTGCAGTGGTCGCCGGAGCGATCCTTGTCGATCCCTCCGGGTCAGGATCGGCACAATACGGGTTGAGTTCCATCTGGAAGAAAATCTAGTGCTAACAAAAGAAACGAATTACGCAGATGAGGTTTAACCCGTAGGCATGCAAACGTCA,755,51.39,Saccharomyces cerevisiae
SEQ_655641,TGAACACGAGTCCAGGGCTCGATCGGACAATCGTAAGCTCCTCAGTAGCAGCTCAATGGCGGCTTCCATTATCCCTGTGGCATGATCTTTGGTGGGCAGATTGGCTTATGTTGAAAATTCGAT,123,49.59,Caenorhabditis elegans
SEQ_749115,GCGCATTTTAAGCCCAAGTCTGCCTATAGGCATGAGTGCCTTCCATGTGCTCGGGGCGACTGCCTGCGTCTGGAACCGGCCAGTCCGATTGTGCCATTGACCGCGTGTCGGCCACAAGGTAGCCCAAGGATGCTAGCTGGAATTGATGATCCCAAGACATGTCAAATTTTTGCTGTCTTCTTGGGAGTTTAGGGACTTCCCGTGCACCGTTCGTTGAACCAACTATATTGCAATAGAAGTTGCAACAGACGGCCAAATCGCATCTCACACGGTAATGACGCTCTTTTCAAAGGCTAAGGGTGACTTAGTCTGGAGTGATCGATTTGTGGCAAAAGAAAAAACGTACGCTTCGATATAATGCGTCAAACAGTTCAATGGAAGGGTTTGGATTTATAAACGGACAGATAAAGATCGCGGAACAGGGAAGGCAGCTCTAGGTGGAACCCCCAATTCGACACATCTCCGGGAAGTCCTCGAAGGGTTCTAAACCGGGCTACGGAAATTGCTTACTTCCGCTGTATTCTCGACCCGACTCCGCATCAGGAGCTCCTCTACCGTCTCTGAAGATCTGTTACTGCACCGTAAGGCAGCTTGTGATTTTTCAGACCGGGAGGCCCGTGTACTGAAGGACTCAACGCCGATCACCATTCTGTAAATCATTACGGTCGCCTCCATGCGTTTGCTTCAGCGTGTGTTCTACCCGACTCTACCGTTGATGGTGGCATGGCCCTACGCGTAAGTTAAGGGAAGCACGGTTCGTCCGTACGTTCGCGTTGGTTGTCATCGTGCGCCTTTTCGGTAAGCCCACTTATTTGTTATGAAGTTAGATCCGCGACCTTCAAGCCGTACAGTTCCAGTGGGCGTGTCTAAGTTCTAATTATCCTTTCAGTTGGAGAAATGACATGTGACACTCTCGACTGCTACTCACTCAGGTCGTGCTCCAACCGACCAAGCTGGCTTCCAACGTTCCTGCGTCGTCACCGTACATGCCAGGTGGACGCGTACAGGTACCGTGAGTGTTGTACTGAGTTCTAGAAGCCGCCCATGTGCTCCCACTCACTGAGCCCATACCACTGTGGATCAGTGCGCAAGGAGTGAGACAGAAAGCACCTTAAGCGGAGGAATCTGTGGCGCATCCAAATACCGATTGCCGGGCCTGCTAGACCCTCTACCCACGCCGGTACTGCTTTACTCAGAACTATGTGACATCTGTATAAGACGGCCGGAGCATCGATGCTGATCTTTGGAGAGTGGTGATAACAAGGCAACACATATTTTTAGAGTCATTTGCGTCAACGCGCACGATAACTCAATAGCCCACTTTCCCGCTGCAACCCGGCGTAAAGAGCTAATGTTGGCCGTGTGTTTTTTACTCCCTAATGAGACACAAGCTCGTCTGTCCACTTCGAGGCAGCCCGCCGCCTATCTACCTTGGATTCGTTGCGGTGGATTTATATATATCCTAAAAAGTACCACGAACAAAGAATTTAGTCAGACGATAGTAGATATAACACCCCGGGGTTACCCAGGTGACACAACGCCTCCCTGATGCCCCGCAACAGAAAGCTTATTCCCACGACCGTTTTGTTCCGAACCGGAGTCGTTCGAAGATAACGAAACGGTGTACGACATCATAATGCCTCGAAGTCGCGGCCCATGCCATAACCAGGTCTCTTTACTCGGAATACGGCTTTGGCAACGCTTCGTACCATTGACGTCCTCCAATACGCCTTCGATGGACGGC,1744,50.97,Mus musculus
SEQ_398482,CGACATGGAGATGTGCAGGCAATTGACTACGAGAACCGTAGCATTTCACGCCCGAGTCATACCGCTCGAAAAACACTTGTCATCCACCATCAAACGAGCAAAGGTATTTGGTTCAGCGTGCTTCATATGCCCGGGACAATGGAGCCTCCGTCTGCGCGCGTAAGGATCTGAGCACCGTAGAATGGATGACCGCCTCCAATTGGGAGTGGTGTTTTAATTTACAGATGGACGATACCTTTCTCGCTGAACAAAGATCTAGACTGGCATCATGCAACGTTGCAGACTGCTGCTCCGATTTGGAGTTCTATCGGGATAGTAACGAAGCGAATAGTCTTTAGGATTCCACCGGCATGTCCGCCATTGGTGGTAGAATCCCGACAGCCGATCTTTCCCTAGTACCATCATCAAATGCGTTGATGTGTGTACGTCCATGGCTGGGGGAGTCGAGGGTGCTCCTATAGAGCTAGAAAACCCTCTCTGCGGTTGGCGTCTAATGCTATGCTCGGAGCATTTTTCTCGCGAGCCACACCCTTTACTTGTAAGTCAAAAACCCAGCACGTCCCCACTCAGGTGCACGCGTATTTGAGACCATGCGTTAGTGGGACGCTTTCTAATTGCCTGACGTCTACAAGCACTACAGCCATCCTACTTGTGAGCAGGCTGTGTTATTGAAAGGCAGCAATCTGTCTCTGTGCCGGTTTCTAGTCTGAATGAAAACACGAGAGGACAGGAGATTACTGTATAGTACGACCATATGAAGCTCGATCGGGGCACACCTGGATATCAGGCTTAATATTTTTGGGTCGTTATGCTAACTCAGCCTTTCGTGGTAGATGTTCGAATAGGTTCCTCAGACTAAACCGCTTCGGCCTGGGACGTTACTTTGGGGAAAGCCGTGTGCTGGTGTAACTTGACGCTAGACGATGTATAGCTAGCTGCGATTGTCACCTGTGATGACTGAGCAACCGGTTCGGCGTACGACGGCTTCCCGCATGTGGCCGAGTCGACCATACAGGCTTAAAATCCAAGAGCGTCCTTTTACATTGATTCAACTGCCGGCCCACAAAGGCGACTCGCAGCTACCCGCTCAATCAGTAGGCCAAGTTTGTTGGACGCGAGGTACCCTAGATCTTGTGGCGTAACAAAAAGGTGTAGATACCGAGATGGATGCATGAACAACTAGGGA,1186,50.25,Drosophila melanogaster
SEQ_207589,GGACCATAGATTCAAATAATAGCCTTTCTAAGATTCACCGGGGTGACGTGTCCGTATTAATACGACGTCTACGGTTCTTCACCAATTAAAATCATGCCCTTGCAGGCTGTGATGATTAGAGGAATAAATATAGAACCTTCCATCAGCGTGTTCCGAGCTACGTTTCCAAGCGGCATGACCGCTTACTGCACGGTTCACATAGACGGGTCTAGACAGTAACGTCACCGAGTCCAGGATAGGCTATGCTGGCCTTATCAAGGAAGCACGAGCAAGCCACGTCCCCCTGCTGGTATTCCTACCTGCTGCGCGATTAATATTTCTGCTACCGAACTCTGTTGCGGCCGACCTGCTTAGGATGAATCAGTTTAGCCAAACGTTCATTTCTATTGTAAGATTGTACTACAACAAACCACGTAAGACCTGGACCAGGATGCAAGGAACATTGGTACTTGTACGTACCGACTACGTTGCGATGCAAGAAAGCTAGCAACGCTAGATGGAAACATATCTTGTTTATCGCCGGAGCCACAAAGTCACCCTCCCGAGGTGCCCACAATTACGCCAGTGCAATCAGGTCTGCCTGATCTAGCCGCCACCCCTGAAATGGATTCCTAGGGTAGATCGTCCCGAGCAGCGACCGATAGTTTTCAGGCTGGGGAAGGTTCACATTCTCTATTACTAGCCCACGACATTTCGTCTAAGCGATATTAGATAACCCTACTCCGGTATTCGATTAGCTGCAGCTATCGTCGATATTGCTATATAATTGGTGGTCCGACACGAGTGTTGCAATCTGATTTGCGCTTGAAGGCCCCGGGCATGGATCTGAACATCGGGCGGCCAACACCATTAAGCCAACTCGCAAGCCATCTATGCATACGTCGACGTACTGCGCTAGTAGTTGACGTGTCAGGGTTCATAGTTCCATGTGCTTCTCACCGTTAATTTCAGAGGCCCCTGTCATAAAGCTATGCGACGAGGCCCTGGTACTGATCCTGGATATGTCCAGGTGTGTATGATAGTGCGAGCGGGTAAATCGGGCAGCGACTATTGGATCATGTGCGGCACAGTCGAG,1075,49.4,Homo sapiens
SEQ_343643,GGTTTGCGAAAAAGCCCTTTCATCGCTAGCAGACATGGTACCGCCTAAACGACTGGGACTTTGAATGCGCAGAACAGCTAAAGGAGAGGTTCGGAAGGTCAGTACATTCGGGACGAATGGTCAGTACCCACAGGAGCTGGCTTCATATTAACCGTGCCTTGACCCGGTTCTTTTGTCACATTGGGGGGCTTGTGTCTGACAATTTTGGCGTTATTGTATCCCGGTTCACGCCTTTGAAAATGTAAGTCTTACCAGAATCAAACCATCATTCAAACTGTACACATCCGTCTCATTCGACATAGAGGATGCACCGGCGAGCCCAGTCCGGCCACCATCCCTCTGCTGCTCCCTGTTGAGGACAATGCGCACAGTGACCTCGCCGGCGACGGATTTGAGCTATCA,402,51.24,Caenorhabditis elegans
SEQ_997705,ACGATAATTATGTCTCTCCAGTAACGCTCCCCACTGTTGAGGGGGGAAGATGTATGGTCCTAATCCGCTACTGCTAAGACGGTATTGTGATCTCCACAAGTGGGGTCAGACCGGGTACCTGCCCCCGCCATCCTTAAGGTACCCAGTATGTTTCAAATAAGGTCCAATGATTACATGGAGTGAGGATGATCGCCTTCAGCATTTATCCGTGTGCGGGGGCGTGCTCATTACCGGGGACGAAAAGCGACCACGCCGCAAGCTTTCAGAAC,269,52.04,Drosophila melanogaster
SEQ_383680,CCGTTTGTGGCCAAGAGAAAAAGCTTAACCTCCCACGCTCAAGCCTGGAATCGGGAAACAGCTTGCCTGCCGAACGGATACGGCGAGCACAGAGGGTTACACTGGGCAACTCGGATACCGGCATGGATAGGACAATTCTTGGCAAGTCGAACAATTATGGATGAGAACCATCGTGCATCTAGCAACCTCGGCTTCGATGCTCGAAAGCTTTAGCAAACGGCTGTTTTCCTCCGCGTGCAGTTGAATATGAACCGACTGGTAAAGGCGGCCGGCTGAGAAGGTCAGCCCGGTGCGGGTACCCTGATTGTAGTCCACATATGACTAGTACATACATTCGAGGGATTTCAAAGTAACTGGTTGGGTTTGCCCAGCTCAAGCAATTGACGTGTGTAGATAATACAATGGTCTCAGGTGCCCATAAACTAGGCGAGATGTCTTCAACTCGGCGAAGCAAGACGGTTCCAGGAATTATGCAGAGCCTATGGGGAAGCTTAGACGGTACCCTGTTAGATACTGTATGTCTGTGTATCTAAAATGTGCCCACACCCGCTCCGCCTGCACCGGAACCCTGACGGCGTTGTACACGGACTTGCCAATGCATATTTCTTGCTCAGTCCTCACCAAGATATTATCACGACAGCTCGGGACGATTCCTCCAACTAGACGGAAAAATTTCAGCTCAGATGAGCCGTAAATTATATCCAGTAACAGGGGACGTAGAGAACAGGACGGCCAGATCCGCCATCAGCGTTGAATTCCGCTGACCCGGTCGGAACTGGTAATTTGGGTAATCGCATCGGTTTTTGTAGGCACCCAATGTCTCTCCACCCTGGACTAAAGGTGCGCGTAGGGTTAGCTCTTGGCCGACATCTGCATAGGTGGTGTGAACGTAACGGAGGCTACACTACATATGTTGGTAGCACTACACAGGAGCCGACGTCAGGTCTACAAAGTTTCGGTCTACACATAAACGGTCTTGCAAATGCGAGCTACCGCATACGTATCTATACTTCACCTCGAAACGATACAACTCGCACGTCACTAGCTGATCATACTACAAATCATATATGCTAATGTAGTTTACATACGGTAATCAAACAGGTCCCAATCGCCGCAGCCGTAGTCATATCTTTTTCGCAGTCGTCAGGGCAAAGTAATGGTACGTTTCTAAGGTGTGAAAAACAGTCTAGAAGCCGAAAAGGGCAAGGATGTGTCGACATGTCGCATGACACGGATGTCAATGAACGGTCTACTGCCTTTGACTCCGATTCGTAACGGCCTACTCATAGAGCCGCTAACGACCCGATGTTAGATGTGACCTCCCCGGGGCTCTATAGAGTTCATTGGATCCTGACCACAGACTATCCCTCTGCTGACACGTATTATTGCTATGAGAGTGCATATTGCGCCCTAGGTTAGCAGATATGCGGGCATATCCTCGCAGTACGGCCCCCTACCACGACGCTCAAGTCGGTGGGCACTCCGCGCGTGCTCAGGGCACCCAACAAGACATCATAACTGGACCTATCGACAATCTCGACTCCTCCATAGGAACATAGCTGAAAGGTGACGACGGCTCCGCCTTAATACACGTACCCCACCTCTACTCGGGGTTTTAGCATTGTGTCCGGGCACGCGAGATGCCTGAAACTTGGTGGGGAAGAGCCGCGTCGAACCATTGCCTG,1685,50.8,Mus musculus
SEQ_657280,TCCGACTACCGGAAGACCTATTATGTTTTCGTTTGTTACCGCCCGGGATGGTACCACATAATGTTCGGCTTCGTGCACTGAGTACCACGGCATTAAACTGAAATTTCGCTTTTTACTGTCCTGCAGTTGCCTCCAATCAAGGAGCATCCCCTACGAATCGCGCTGACGAACTCGCACCCCGAATGGGTAAAAACTATTATTAACATTTCGAGTATGAGGGGGCGCTTTTGTACATAGGGATGCGCAAGGGTCGAAGGCCGTTAATTCGATCGGATCACTCATAGGAAAGTCAGTCTGAGGCCCACAGCCAGTGGCTGTGTGTGGAGTAGGTGGGTATCAAATTCTTTAAATTCCGTACGTATTTTTATACGCACCTAATGAACTTGTTACGAACCTTATGAGCACCAAGATGGGAGCGTAGTTTTAAGAATACGGGATCCGCAATCATAAAGATCCAGAGATAAAGTTGACGGATTCTTCTTTCTTCCTTCGACAAATTAACTTAGATTAATTTTGACGCTGCAAACAGGCGCACTCAGGTAGTGACTAACCCGCCAGCAACTGGGACACTCGGCTCGGTACTGATACGCATCGCGCTATCTCTGGGGGCCTGGGTAGAAAGTGCATTCATCGTAGGGCGTCGTCTTAGCACGCAGTGAGTGCAAAATTTTTAGACTGACTTCCCCTGGCTATGCGTTCCACACGA,706,47.45,Mus musculus
SEQ_799071,AGACCCCACTCCTGGTTATCGTTCGGTGATGTGATCCAGGAATGAAGCGGTTTCAATCGACTTTATCCACCGATTGGTGTGTGATGTCACATCCCGTCCCTATTGGGTGTCCACTAGAGTACCTTACATCTGCACAAAGGTAGCCATATAGACCAACTCGGTCCACTCGAACCACCGGCACAGTGGCATGCGTAGAATGTTACCGCTTAGTCGTCGTGGTATGTCCGACGCCACAGTTATGTGAGCTCCATCGAAAGGTCAGCACTATTAGATTCTTGGACAGTTTTGCAGTGCTGGGCCATGCTCACCAATCCGTGCGCGCATCCATCGGCGGTTGGTTCTAGAATGATATACCGGAGTTTCCCGCGACGTCGGACTGAGTGCCTAGACCCGATGATAACATGGCCGCTCGCTGCAGATTAATACGATTGACCGACTGTACTGCCTTATTTCCAACGAGCGCCAGCACCGACACTACGTTTCCCTGGGGAGCTAACAACCATTGGACCGAGGCACAAAGCACAAAGTAATGCATGACGATAGAACGTGTGAAGCAGTATGGGGGATATATATATCAGGCATTGTGCAACCATCCCTCATACTTGTAATGAGTCGTTGTTAAGCTTATTATGATGTTATGCATTGGATTGAATGCTCACTTAAGTCCGCATTCGTGTCTCACACACGAGTATTAGTGTTGACACTCGTCGGCAGCCGCTTACGGTCAAGGGCTTGAGCATTCGATATCTGATTAGACTGGACATACGCCCAAATACTCTGTACTCGCCGGCTTCAAAGGTTCTTTCCCAAGTTTACCACGTGGTAACGTGGTAGAAACCAAAACAGAGCGATTGCGTCTCGACTTCACATCAACGACGTGTGGTCAATTACAATCAGGCAAAATTTTCTATTTCGGCACTGGGAGAGTCCTCCGCCTGCATTTTACCCTTACATTCTGTCAAAAAGACTCATGACTCGTCGTAACTATCCTAAACGATTCCTCGCGTAAACTTACCGCACAGACTAATACAGCAATGAGTAAATCGTAAGAACGCAGGATTGCGCGACTTCCGGGCTTGTTTCACGTCGAAACGGCAATACGTGATTTTGATCTCAGGCATCTTCAGGG,1129,48.36,Homo sapiens
SEQ_982378,GGCGTGCGGTGATGGACTCTCCTATGGGTATCGAACGCTCTATGGGCTTGGTACTACTTCCTTGCAAAGTACGTGTGAACGCAACTCTGATCCGGCCACTAGCAGACTTAGGTAAAAGGTAGGCCGCCCCCGTATGTTAGTGTAAACGCGTGGAGAGTGTGCTGTCCCTCTCCAGACGACTAGGGTGTGCTGCCGATCCGTCTCAGGGTAAGGTTGGCCTGACAATCTCGATCGAAGATTATCTCCAGAAGCCGCCTTGCCCCCTGAAGTAGATTTCTGTTCTATACGCACACAGTACAAGATTCCTATTTTTACGGGCTCTTAAAGTGGCCCTACTGAAGTTATCCCGTACCGAGAGAATCCCTAAGCGCTCCGGGGACTACGCGTGAATGCGGCTCAACTCACCTCAGTGCGCAGCCGCAGATTGCGG,430,53.72,Caenorhabditis elegans
SEQ_470709,TCTGGAGGGGCTGGTAATCACAGACAACATCCTTTGTAATTATCCGGCAGAGGCCAGAATCTCTATCTCAGGTGTCTTCAGGCGCTTCGTGATTCCGCGGCAAATATGACGTGACTACATCGAGCCGTTCGGGCTCCTCAACACACAACGGAGGGACCCCTTTGGGCGCACAGCCTGCAGTTTAATGAGTAAGGGGGACACGCAGGATTAGCGGATCTGTACTACTCGACGTAATCTACTCCTGTAATGCGTCTTAGGCCTGTCACGCGCGTGCCTGTAACATGGACTGTGGGAACCCTTTACTCAATGAAGAACACGCGGCATGTATGCGTTCCTCTTAGCGTGGCCCGTGAGACCCGACGGGGATTGGGTCCTTTGAGACCAGCTCTCTATAGCCTCTATGCCGACGACGTGTTTTGGATAGCGTCGCCCGAAACGAACGTTTGCACTGTCAGGTGTCTATCTCATCAAGTGCTTTCCGTGGTGTCTACGGGAGAACCTAGGTTTTAAAGCGTTTTTCTCGGCATCACGCCTCCAATCCGGATTCTAAAACAGCACGGCCCTGGCTCATTTGCGGTACCGCAATACGCAAGTACTTCCGAACCGCATCTCAGAGTACATCAGGAATGTGCCCCAGGTATTCGAGGGTATAAAACCTACTCCCCAAGATTGTAGCTTTAGTCAGTGTTCGCACGTTGTATCAACTATTTACACCCGGGTGTCTGAATACGAATTGATACATCCCGCTACCGTGGCTGGTGGGAATTATTCTCCCCCCGATGCCGCCCATAACTCCCGGGAATAGTGCATAGAGTTAATTTAGGTCGCTTCTACGAGGTCCTTTCTAAGGTACTTTCCGATGGCACTACGGACGCAGCCTCTATGATTGTGTCACCCTGAGTCCTGTTTCGGAGATTGCGATTACATTATGTGGTTGCTTGGGTTAAAATTCCGCACCCCAATGGTGCTGGAGGTATCTGAAGGTCACCGCAGATGCCCCCGGGGGCCAAAGGTCTTTCGTGACACTGCAACGCACTCAAAGCGTACGGCACTGCGGCAGCTCGCCCTACTAAGGTACGGGTTGAAGACAGAGCTACGACCACAGCGCGGGGGTTGCCTTTCCTTCGCGCACAAGTGGGTCGGTAACCCGCCATCGATGCTTCGAAGATGTTGCTCGGGAGTGTCAAGGAGTTCCACCACGGGAAACAGCTCACGGGGTTAGCCA,1225,53.06,Saccharomyces cerevisiae
SEQ_806398,AAGGTCTGAGAGGCCCTTCGAAGCGGTGACCTCGGTTATTGTTAAAGAAAACCTTCACATGGGGGTCAAACCCTAGGCGGTGGCTTTCTGTGTTTGCTTCATACGCGAATTTATTGACCGTCAATTCGTTTTGGATATGCCCGTTTACCAAATTTTTAATGGGAGCCCGTAACACCACTGGCAGCCGCCGCATTATCTTACCGATTGTCTCCATCACTGTTTAGACATTGACGGATACCAATCGCTATCTTTAGGGATGATTCACGTATGAGGTCCATCGAAGAAACCAACGGGTTCGTCGAGGTTAGGGAGTGGGTATGGCGGTGCCTCACCTGGCTTCTTGTAAGGGCCAGTGTGCAACCTCCCGAGGGATAGTGGCAGGTAGGTAGGTGAGGTAGGACTCAATCGCAATGTAACGTATGTTAGGGTATAATGTGGGCCAGATCGAAGTGAAGGCCTCTCACAGCGATCAAGTTAGCTGAGGATGCGTTATTAATACACACCAAGCCTAGAAGCATTTCGAACAACGGAGGGTGAATCAATAATGTTCTGAGGCGCCGCCACTTACTAGTCGACCCCTTTGTAACCATGTAAGACAGTTATTAATCAGCGACGAAATCCTGCCTAGAACGCTTTCTTATCGACGGGGGGAGAGGAGTCGGGTCAGGCAGAGGCCGGCGTAAGTCGCGTTCTGCATTTCGCCCTCACGCTTGGGATCCCGGCCCTCTCGTGACCCTTGGTTACTAAGGGAGGCTTACAGGGGGATCGCGTGTCCTCGCTTTGACTTAAGCTAACTGATGCTCTCCTCCAAACGCATCTCTGCACTAAACCACCTAAATTAGACACATGGGACTAAAGCATATGTACGCTGCCTTGCCTACAGGTGCCGGTTTTTGGGGCTCTCGGAAGTCTTAAGATCTCTGGGCTTGCCATAGATATAAACCTTCGTTCAACAGGATCCGCCCCTCTTACGCCGATACTTTTCGTTCTCTGAATTATGATTTCCCCAAACCTTGCTAGTAGGCCTTAGCCACAGACGTAACTGAGACGGTTGGTCCGACCGTTCGCAACTGTTAGATTGGCGGTATACGTCCCGAGAACACGAGGAGGCATATTGGCTGTGGCGGTGTAGGGGTCTGGAGCCCCATAAGCCAGCCATTGTGCCTAGATAGTTCAAATCCTGGTCGGCACCATGCCTCTCAACCAAATTCTGGTTGTAACTCTATTGTTTGACTGTTTACCTGGATGGCGTGGTCTTGTACAACCAGACTATACTAGGCAGCGTCCGATCCACGGCACTACGTGAAGCGGGGCTCAGAGTAGTCGAGCACCTAAAACAGTCCTATTGAATGTCGCCCCTCCAGCCCGTTTGGTGCATGCTCCCTAAATTGTTAGAAACTTAATGATACGCTTTGACATGGTAATAGAGGATCGCACCACTCCAGAAGCTATACGTACCCCGGCAGTATGTTTCTAGTAGGCAATTTAATAGGTGCTAAAGACTAGCTTATAATCTGAAGGCTCATCAACAATGTTAAACGCCTCACATCGCACAATCCACCATGCGCATAAGAGTTTTCTTCCGCCGCGACCGAGTGAGTGGGAAGAGTGCTTGGTATGTCTAACGTGCATGTTGACCATCTTAATCGTAGTTCCCGACGCCGGTGAATCTGTGTGCGATGTGGAATATAGAATAGGGGCCTG,1704,49.77,Saccharomyces cerevisiae
SEQ_736380,TAGAGTGACAGGCTGACTAAATGTCAGTCCTTTAACTTGGGAAATCACTTCCAAGTTACAAAAGGTCCTGTAAGGTGAAGTAGGATGCTTAGCGGGTCCGCGTCTTAGGTACGTGCTACA,120,45.83,Saccharomyces cerevisiae
SEQ_560386,CGTTTCTGTCCTAGCAGTGTTAGGTCTTGAAGGAATTAAGTCGCCTTAAGAGTCATGACTTAAATTATTGCGGCGGGATGTCTCCACCGGGAGAGATCTCTTTTTGCCGGATGCTGCAATGATAACCGAAAACGGGGGCTTTGGGTTTACTTGGGACGGTCAGCGCGAATTGTCTTTGATGAATCTTGAAAGGATGTGGCGGAGCAAGTCTTAAGTCATTATCCCATGTCGCGCTTCGCATTCATCAGTGGGGGAGTGCAACTTTGGGGACGTGGCATCAAAAAATGTGGTTCCTTCTAGAGATTACCGTGCCGGCTACGAGCCGCTGTGTAAAGTGGTAGAGTACTTGAGTAATCGCTTACCACAATCAGCTCAACTCCGGAGAGGTGGCATCGTGAGTACGATTGACGGTATGACTCATCGAGAGGGCCGATCAGTGGAATAATACGGTAACCCGAGTGTCTTATAGTTTACCGTGGTTGCACGCGCCTAACAGAGAGGTGCCATGCATTATAGCATCGCGCGCCAACGCCTTTGTCGTTTCATCCCAAGTAAGTCATTGGTTTTAACCTAGTCGCGTTCCAGTTATCACGCCCCGTCGTATCCCAGTCTTCGCTTCGTGATGCTCCACCAGGATAACATAACCTACGTGGAATGTCGGAGAGTCTGTCCTACGACCTCCAATAGTTCACTACGCTAGACTTTTGAATGAAGTATAAGCCAAGTTGGTCAACACTACCCGTGACTTGAAACTCACGCCCCTTTTGAGTGCAGCGCGCCATTTTAGTGACCGCGATTGTACAATTGTCGTCGCGTGGCATTGCTCATGCCAGAGATCCACAGCATATATTAACGAAAGCGCATGACCAGCCCGCATTTGACAATAAAGCCCAAGGTATGCGCATGTGCACACAATTTATATTTGAACGACTTACATCCGTACCCGCAGTGAACCAGTAGCGCAGAAAACGCAAGAGAGGAAGACTTTACCGCGGAGAACCTCGTATGAAAATCTAGGCGCGTTTGGAATAGAATTCCCCCCGCAACCCGAAGTGCGCAGGCTGAGCTAATACCTTCGT,1079,49.21,Mus musculus
SEQ_979139,TACGCAAGACGTCAGTGACCCTTACTACGTGCGCCACACCCCGATCAAATGAGTCGTGTGGCTTAGGACGGATGGGCATCACCTCTACTCGGTATTACATTCTTCTCGCTTGCGAACACAGTTATCACGAGTTAGAAACTGTTTCCAACACTTTCCCCTAAGAGGGTGTCCCGACCGCGACCTTCGGCTGCTAGGTTAGACTCTAACATAAACTGTAAGGGCCGGTAGCACAGTAAGGAATATGTAACATGTATGTGCAGCACGGGAAACTAGTTTCCGATGGCTTAACACCTGGACTGGGCCTATATAGCTATAACTTGGTAACTACTTCCCTTACACGATCTCCACCTTTACTTTGTCTGTCGACTTGAAATCTTAGACTCATACCGGGGCTTCGCCCCACCATCTGGGGCATATGGATGACGATCAGGCCGTGCCTTGTGCGATTTTCGCACGAGCACCTGACTGCGGCGCTCGGCCGGCAATACGTTGCTTCAGAAGGGGACTAGAGAATATCAGTAATGTTAGCTTACATACGAGCAAAATTCGCTAATCGCAGATTTGTGATCTGTCTGACTGGAAGGCGGCGGGCCTG,595,50.25,Arabidopsis thaliana
SEQ_101838,GTGGGTCCTGGGGGCGGGGAGAATCTAGGACTTCGAGTACCGCATGGATGCGTTGCT,57,61.4,Arabidopsis thaliana
SEQ_246100,TAGAGTGTTGACCATGTGGTATCAGGAACATCTTCTCCGCGAACCTAAGGCGTTTTACCTATTCAGGTCACGGTAAAGAGCCGTGTTCGAAGCATCCTGCTTCAACCTCTATGACTTCTCGGTGTCACAGCGAACTGGGTATCTTCAGCCCGTTCTTTAGTCTTAGGCATTGTGGCTCCCTTCGAACCCCCCGCGTTTGCTAGAACGGCATTAAGTCAAATTGGACCCTCGTACGCCTAGAGACGGACAATTGTCGTCCGCAGCTTGGAATTGCCGTACAAGGCTGGGGCGGGTTCGACCAGAAAAACCTAAGGTCGGAGCGGTAGAATTGACATTCCCCTAATTGTTTCCCCAAATGGGCACCATTTGACGCGGGTTATACTGGTGGACAAGATCAGGCGGCGGGGTCATCGCGGGTGTCGTAACAGGAAACCCCAAGCGTCTTACAGTAACATATACGAGTTACCTATTGTCCGTCGAAAACCCTCGTGAATGGTCCAGTACACAAGCTCACGTCGTGCACCGCGTATCGGGCCAAGACATAACGGGTTCGAAGTGCATGTTATGGTAGAGGCACGGCTAGGTCGCCCGTAGGCGCTGCCACTGGGTTAACTACGAAGAAGTCTAAACCGTAGCCAGATGTAGACCTCCGTAGTGAATCTCGTACAGATTACAGATGATAGGGAGGAAAACATACAGGTGGGCTTTTCCCGGCTATAGAGGTGCACGAATAACTATGACCTGTCAATTTACAATTTGAGTAGAAAGTTGGCCAACAGCGTGACCGGTCCTGCGTGATCTGACGAACCCCATAAACCCGTGCATGACTCTGATAAGAACCTTGCAACTGTCCCAGAGAGTTGAGCAGGCGTCGTTATATTAACGGCTAGGTCTTGGGACCACGTTAGCCAAGCCGGAGACAAATCAATAGGGCATGGGGACTCACGACGGTTCGCCCCAAGATCTCCGACCACCAGGATAGCAGCCAAAGTGATCACACGATTCCATGGCTTATTTCTTTGACAGAACCTTCACTAACTCTGCTGAAAAATGGAAGCTGGAAAGCGAGTGTGTGAAGAGGCGAATCGTACGCTGTGGGGACCTACGGCCCCAACTACCAATCTTTGCATGGTTACCACACAGAATTGCGTACACGCAGTCTGAACGCTCGGATCGGCGGTATAGGTTCATCTTCATTAGATCTTTGCATATGGTCCGGGTCCCTCGTAAAGATTCTGCGACACGTAGGTCTCCCAGACTCAACCGAATGAAGTTTCCGGTACTCCGAACACGGTCCTATTTGAAGCGTTCGTAGCGAGGAAACGTCTTGGACGCCCATGCTATAAACTTCTCCTAGTCACTGGGTTAATCAGTTTCACACGGCGGGGTTATCTTAAACAGACGTTCAGACAGCGTCAGATCTAGCAAATAAGTGTCTCGCTTGCGTTACGGGTGCTAGTTCCCGTCGTACCCTGCAGCCGGGATAGAGCCACGATCCGGTAATCTCAGCGTTCCTCCCCACGAGTCAAATAATGTCATTATAATTAGGGCCCAAGAAACTAGAGACCCGTGTCTGATAGACCGCGTGAGTAATGTCATGCTGTTAGCACTCTTTTGTATGGAACATGAAAGCTCCCGAGTGTCCACAGGTTGGTTAGCGCAGTCAGAGGCGGAGCGGGGTTGCGGGTGGTGAAATGAGATAGCCTCGCTTGCACCTAAACACTCGGGGCTAATCTGTTAGACTGTGTCCAAATATGTAGCTAATGG,1767,50.76,Mus musculus
SEQ_595311,ATGAACCGCCCTATGATGTATAGTCGTAGTATAGTTACGTCGACCATTAGCCTGTTAAGACTAGCGTGCCAGGGTCTTACATCCTCAGTGTAGTAAATTCCGCCGTTTATGCCGAGTAACGAAAAGTGGCAGTCACCCGGCTAAGTATCCTGTTGGTGCACGAGCCTTAGTGATGTGCGAGACTGAGGGAAGACAGAAGCGTAGACCATCATCCCCTCCCGTCGGCTATAATTATCCTTGTACCTCCCCAGTGATGCCCTTCAGCGCTACATATCATGCTCGCCTATGATTTCGTTTGGACCGCTATGAGAAAATTAACGTTATTAAAGTGTAATTGGTACCCTAGCCATGGTCCAGCGCTTAATGAGCCTCCATCTCGATCATCAGGAGACCGGATTAAGATCTCCTCCTGTTATTAGAATGTAATGTAATTTACGGACGTTTGAAATAGAGCGGGCTTATGCTATGCATATTTCTCCTGAAAATATTGAGGTATTATCAGTGATATGTGTAGGGGACATCAAGGCTTTCAAAGCGCTCAGCCCTATCCTCTCTAGAACTGTGATGGACTTGTCTCATGCATGCGCCCACAGCCCACCATAGCATCGGATTCGCCGGCTACGCCGCTGATTCTGATGGAGGCATGACTCCGTTCCGAAAGTTTTCGGATCCCTGATGAAACGGCCTTGGGAATTGTAAGAAGCGGACAAATTGTCTAATCATCGCTCCACCGCAACCGGAGGGCGCCGCGTGGAACTATCGGGGACATGTGGTCTTCCGTTCGGAGGCGCAGATCGCAATAGTAGTATGACGGCCCACTAGGGTTGGATTCCATATGGTAGGTGTCCACTGGCCACACGCGGCAAGAGGCACGTTTTCGGCGGAAAGTGACGAACCTCTGGACTGCCGGAGTAGGACAAGACGCAAGCGGTTGGTTAGTTACAATAGATGCTTAGGACTGTGTGGCCTGGCCCCCAATTGAAGGAGAATAAGTACGCGACGTTATGGACAAGAGCTGTATTCAACAACAGCAGATCAGGACAGCATTAATAATTAGTCGGGGTCGAAAGCTTTTAGTTTAGCTTGTTGTCCTCCCGCACTAACTAGGCTACCACCAGGGAGTCCTTATTGCGGAGCCGCCAGTTCAGGCGTATTTTAGAAAGCGAGCACGCACAGCTCGAATATGAACTCCCGCGCCGCGTAGCAAGTTGCGTCTTGTGCCCAACTAGTAAATGGCAGACACATTGAAATTGGAAGCGCCAGTTACAGACCGGGACGCTCCGGATATTGCAGGATTATATATCCTCTTGTTTTAATTCGGCAATGTAATAGCCATTAAACCGCGTGTTCATCGCCTAAGGCCGAGTCGAGCCCCTCGTCAATCCGAGTTGTCTTAGCGTACGCGGCATCCCATTCCATAGTAACTGCCTACTATCATGGGAGGCGTGGTGCGGACCCATGGAGGAATGAAGGGTCTGATTTTACTCCAACCGCTCAAACTTATGGGAAAGTTGCTGGTCGAGGTAGACTTTTTAACCGGTATCACGCGCGGAAGAAGCCTTACCCGATGCCACGAGCGGCTCGAGAGCTCTCAAGTAACTCTAGCACACAACGTACGCTAGTCGATCAAGTCCTAACTATCAGGGAATTATAACCAACTCCTCATGACGATTGCTCCCGTGTGGCGGGGAAAGCATGAAATTATGATTAGTGTTTTTCTCTACAGGTGTTCGCCCGTAGCAGTGGTAAGAACCTTTAATTCACAACACCGCAACACACATCGGTAGGTGAACATTAAGATTGAGGTGCTGTATCGGGTCGCGGTCGAGCCCTGCTCGGCCTATGTCAACTCGCCAACAATGACTCAGCAGGTACCAGGTATCAATCCGAAATTGTAACTAATGCAACTTTATCGCATCATTTACATCTTGCTCAACCCTAAATTTCACTAGCCTCGTTAGTCTCGAGGAACGCTAGCTCGTTTTGCAT,1989,49.22,Drosophila melanogaster
SEQ_150562,AACGTACAGATTATCTTTTTGCTCCTAGATTGAGACGTCTTGTTCATTAAACGTAGCGCTGAGAACCTCGGAGATATGGCTACTCCCAGCAATCTTTTAGTAGGGAGTCCATTCAGCATTCGCCTATGTCATGTGAAATTCTAATTGAGACAATCTGCCATACGCCCTATTTACGATAGGGAACGCGAGACTTGAATTTTGGTAAGGTGTTTTCAAGGTACGCTCATTACTTAGACGAGCCATATCCGGTCGATTTGAACATTACGTGTTTAGTACAGCTCGACGGATTTGAACGAACAATATCACATGCCAATGCCTAGTGGCATGGCAGATTCCATGTCAAGTGTGGGGAGCCCGGCTGCCATACTGACTTTCAGTAACCTCCCCCTCCAAGTCCGGATATCGGAGGCCGAGTTCGGCCATGCTCGTAATGTTCGTTATGCCGAGACGGCACGATAGGGCTGATTGTCGTCGTGCAAGCGCCATTCTCAGAAATGACCCGAGTATTTCACTTACATTTGGTCTACCCCCCCTACCAAATAAGGAATCCTCCCCTGACGGTTTCGAAGTTAAGCTAGTGGACATCTCGCTATTCACACAGCGTACCAGCATCCCGCTGAGCGCAAGATCTTAGAAATTGCATCGCGGATGAAGTAATTTCGCGATATCGGTACTCAAGTACCTCTTAGAGAGTCACGGGCTTCGGCCGACTTCTCGAATGTAATGTATCTGCAATGAATTACTATATGCAATGAACTAAGCTCCGGATGTATTCTTCCCTACAAAGAACTAAAAGCGGGACCCGCTATATATGCTCACCTGTACGTTTGTAAACTCGAAAAGCTCCTTCACAACGGAGATTGAGGCCAATGGACGTGAGTCCGAGGTGGGGGACGACCAGGGCGACCCTTACACCTCCCGGGGTGAGCATGGAATCCATGTCACGCGTTAAACAGGGGAATCCAGACGGAGGACTTGTAGAGGCAGAATACTCTTCCCGTGGAGAGTCACCTTCAAGTCGTGACTTCTCGGAAGCCATAGTTGCAAGGCGAGTATCCACCACCCGGAGAATGACGCGTACTGCGTGAATTACGGTGGATTTACTTTGTAAGGGCAACGGGTAACAACTTGCTTGCTTACACGCTTACTGATCTCTGTGAAAGGCCGATTCCAAATCCCGTCCTAATTATATTTCCAGCGGCATTAATGACTAGCCACAGACTTCATGTACACTGTGTATCCTTCGTTTAATCCCATGTCAGGACCTAGCTAGTCGGCACCTGGTCGATGCACACGTATCGGCGGAGAAGTGGAACTGCTTGCTATGTGATCGGAATCTTTTCGTGGTTACATACCGAGAAATGTGCCAGATGGCCAACCCGCCTCCTGAAATCGAAAAGTGATGTAGCGATAAAGGCCCCAGGCAGAACCAACGACAGTCGTCCAGCGTTAGCAATTAGGAGGTACAGTACAGTAGAGGCT,1482,48.58,Drosophila melanogaster
SEQ_898288,GATACTACACAGTTCACCTAAGTATCTTCTAAACCATGGCGGAAATATGAGTAGGTTATACCGAAATCGCTCTGGGTCACCAAAGTTAGTCCCCAAACACCTGGCCGAGTTACTTCTGTCGCTCACGGCCGCAAAGTCAATCAAGGGGTTTAAGAGTTGCCCTTGCCTCCCAATTGCGACACGTCTATGCACAACCGGCTTGGGAAGAGACATGCACCCCAAGCGATCATACCTCAGAGTCTTAATCTCGGACCTATCACTCAAGTTCATGGGGCACATAGCCAGGCGGTTCCCTACTCTGGTTCTTCATATTGAGAGTATTACAACCCATGTTAATTACTCCCCCTCGGTTAGCTCGGGCACGCAATGCTTTCTCTTATCTCTACTAAAGTCCGCTGCTTATCACCTTATACTATAGATTACGCGCGAACACGACACACAGGCTTTTTTACTGCGGTAAGGAGACGGTTCACGCCACCAGCATAGCGCCGACTATCAGCCTCATAATTGTAGATGTCACTACGTGCAGGGCTTATTTACCGGCCTCACGGGAGAAACGAACCCTCCGAAAGACCACGGGAGGCTCCGCTGCTCCGCGCGGCGGCTTGAATGTACCATGGGCATGTATCGAAAACCCTAGTTTAAGTTAATGTCGCCGGTCACTACCGAATTATGGGGACCATAGCGGACCCTTCCCTAAAGTACCAGGAAGGTGGCCTATTACCTCCGCTATTAGATTGGTCGCGCAGGACCGTACGCTTTGGCCCGAAGCCTCACCTCCCGTCGAGTTGCCGGTCGAATGCCCGGTATACCAGTTCTGCGATATCCTATCGTATTCTGCTCTTCGTCGATTTGTCCCATGAGAACAATTGCTGCACCCCCGCTTGCACCTCTAGAAACAGTAGCGGAACCTAAACGGGATTCTTTGCGAAAAAATTATTACACAGAAAGACCCGGTAATGACCAATAAATCGCCGCCACTCTTATATCAGAATGTTCCGACCAACTTCAGAAACGCTTTGCCCCCTTAGCAGCCTCTCAGGGAAAGGGTATACAACGAGACCCTATGGGCAGGCCTATCGTCAAAAAGCGCGTCCGATACCCTGATTGCGTCAATGCGTGCAGATGCCAAGTAGGGCGCGGCTGACCCGGCCCTTGTGATTTTAACGGAGAACGTTAAGGGTCAAATTCCCCACGACCAACGCACTTAGGCGGTAGCTCGGGCATAGCCTGCCGCCTCTTGTACGGTTGCCCCGTCTTGACAGGAATCGCCACGCAGTAGGGCACAAACTGACGGTACGGGGACTACGGTCGCCCCACGAATTTGTCGGCCACAATTGCTTGGGATGTCACCGGGCAGCTAAATGGACATACA,1375,51.93,Caenorhabditis elegans
SEQ_117845,CAACGTCTCCACATAGTGATATAGAGCTATCGTCTGAGTTCCCCCACCTCGTAGCCCGCGTATCACTAGGAGCAGCACTATACACGTTGGAGTGCTCGCCTCTGCATGCTTACCTGCTTGCCGGTATTGTCATCTGAGAAGACTGGGAAGACACCCGTAAGTACGGCCCTAGATATGGCCCCATATAACATCAGAGATGCGAATCACACAAACAGTATCACATGCGGTAATGTTTTTTCGCATTCGAGTCCCCGGTGTCTGTGTCTTAGTCTCAATGCTTTAACATCTAGTCTATGCTAAACCCTGCCGACTGCAGAGACTACGCTAGGATATTATGACCCCGGGGACGGTTACCCTGCATCGGTTCCTGATTTGCCTCGCATCTGCTCGCCGCCGACTACTTGTTGAACCTCCAAACTGGAGGGGACCGGACTACCACGGTAGGGAGGTCGCAGTGAATCTTGATGTACGTCTATTGTGCGGACTCCATAACCTCGTCCTGTATATGCGAAATCGCGAGACTAGCCGTGGAGCTTGCGAGGGCAACGATACTGTTTTCTCTATTGACATCAAACCGCGTTTAGGAAGTCTCCACTATATCCATCCCCCCCACCCTATCCTCTCGTTTCGGTATAGTCCTGAGCGGCGAGTGTGATGAAGGGAAACCGCACATTATGCGGACTGTTGGCCGCAGTCATCAGTCTCAATTTCCTAATCTGCGAACACACTCAAATGGTACGCAATGTAATTGGTTATAGTGTACGAAGTGGCATCGGCTTCTGCCTGAACACGCGCTAGGAGAAGAGTCGCCAGTCTCGACGTCAAGAACAGAGCGAAGCGGTTATGTAATCGGGCTATTCCTGACAGAAGCCTCTGGTTGGATCTTGGCATGACTCCTTCTCATTATCCATCTACAATGTGCGTCAATGAGATACGCTATTGGGCA,946,50.53,Caenorhabditis elegans
SEQ_893069,GCACCGAACATGATAGAATGTCGTAAGGATGCAGCGCTTACTAAGTGTCGTGGTTAGACAGACAAGCATCAATTAATCATATCGACTGATTTTTGGCCCCGCAACCGGAACACATTGTATTTCCCGACCTACATGAGCACTCACAGACTGAAGACGTCATACTGATTAAAGGCAACGTGA,180,45.0,Drosophila melanogaster
SEQ_884922,TTCTACCCTTACTATCGGACCTTCCGACCATTCACCATTAGAGGACAAAATACACGATATGGTTTATGCATAAAGTGGGATACCGAGAATGGAACCCACCCGGGCCATCCCGCGAGGTTTGCTCAAATATGGGCGGAAGGTATGGTTGTGTATTTTGTGGTCGCCTATCCTCACTGCAAAGGATAGGCTTGGGGCGCACTCACCCACTCGAGTATCGAATCTTCTATATCGATAACGACGTGATATGTATGTGTCGAGCCACGCCACCGGACCTGAGG,278,50.0,Saccharomyces cerevisiae
SEQ_491736,TTACCCTCAGATGGCGGCCGCGCGGACTACATATACACGTGCACAGTACGATGAAAAACTCGTCGCTCAGGTCGCCGACGTGCCCGAGAAAAAATACCTTGCCTGCACACGTCAGACAGATGTAATCACGCTGCACCCTGAATCGGTCCGCATTTCGAGTCGTCCAGATACCAAATGGAGCGAAGAAGAGCTTCAGTTCTCGTGCTTGCGTATTACCTATCCGTGCATGCAATCGGTCTGCGTTATAGATTGCTTACTGATACAGAGTCTAGCACTGGGGTAACAACACGTTAGACAGATTAAGGTAGTTCTGCGGAGTACAATCGCATGTTCTCATAGAAACCCATTTCACGTAGGCTCAGGGATAGGGATGGAACGATAATAATAGTATTACTGAAG,399,48.37,Mus musculus
SEQ_193857,CCTATTACTCTAAATCACATAAAAGTAGGTTTTAAATGTGTTTGGGTAAGTGCGGAGAAAGAGCGATGGGTGTTCACAACCATAACGTTCCCCGTCACGGATGGTGGGGTGATACACACCTCGGACTTTCCGTTTGAAGTGCTAGAACACGAGTTGAAGCTCCTATTTTCCTGGCGTACGTTAGAGTTTAATCTGTAGCATGCTTGCAAGCGGATCCGCCAAATCTATTGAGGCTTATCTAAGGAGGCGTTTCTCACGCTACCCCCTAGATTTACCTCAGTGCGTAGGGAACCTGAATTTATAGGGGATGCTGGACGTGGCGACTGCGGTCACGGTACGTGAGTCCCTGGTTGATAGATTATAGCCTTGACACAACTGGTCCTTTTGAGGGAGTGTGCCTAGTATGTTAAGATAAAGGATGTTAGTCCGTCGCAAACAGCGCCTTATTGGGGTGAACCATGAAATGACCAGCGCTATTGCGAGTCGCCACAGATAGTCTCTTCCACGACAGCGTCGAATCTAGTCGTGATTGGTAACTGAAC,542,47.79,Caenorhabditis elegans
SEQ_964971,TCATAGTTGTTTAGACTCCGACACCCCCAGCGGCATGCATGGCGCACAGTGTCAATCGACACCCCCAGCTCGCCATGTCACAGAGTTACGGCGGCAGTGCGGAATCAAGGTGCCAGACGTCTACGCAATGGGCGTCTTAAAGTCGGCGGAAACTGATCCTTCTGCCCGCTCACAGACTTGAGGTCGTTAAACACTGAAACCCTGGGAGCCATGACGGCGTCGCCTGGAAGCAAGAGAATTACCATTGCAGTGTTTACCCAAGATAAGGCTAGTTCCACGCCTGTCGCCACAACGCAGTCCAGCGTTGGATGTCTGAGATCGAAGCCGCAGTCCAGCACGGGGTTAGACGACCCACGACGTACCAAACTGTGGCGCGACAGTCTGCTGTGGCGAACGGGAGACAATGGTCCATTACAGTCACGCTTGACATGTCATCGGGTCTACTGGATGCGCATACAATTCATGTTTGCTTACGGTGCCGTCACAGCGGGGATAGAGGTCGAGCGAGCAGTCAATAATGACCCTCTGTCCAATTGGCCAACAATCGGAGTTTCAAACCAGAAGTACAGAGTTAATACGGATGCGATCCATCGTGGGTAGCCGTCCTAATAAGTAGACGGCTCCTGATTTGTCGAGAAACACATGTCCCGCCCTAAGATCTGACAAACTTGAGCAGGGCGTCGTAATATAAACTGTGGAGGGAGGGCGGCATCTAGATCGGGGGGACGTAGCTTAGTAATTTTGTAATTTCGGCCTGCGTTAACCTCGGGCTGGCGCCTATTTGGTAGCCGTCGACCTAGAGCGCGGAAGATCGTTACGCTTCGCTAGGAGAGTCTTTCGCTACGATACGCCTAAGTATAATGGTACCACCTGTACTGGAGTGAGCGATTACATCTTATCCAGAGATCCTGAACTAGAACTGCCGGCCCACGTCCTAGGTAACTCCGTGACTCTGAGCTATAGTTTAAGCGCGACACACGAACCGGGCGAGTCTAACTTGTCAAAGGCTCTTGGACGTCTGGGGCTATGTAGTAATTCTACAATCACCTAATGTGACGGACCAAGATAGGAAGTCTGTGTGAAGGATGAGCCCCACATCTATGTCCGGCTGCCATCCTTCTGCATACCCCGTGATCATATCCAGTTACAATCGTGAGTTTGATGCGCCCTTAATTAGAACTGCTTACCCCACATCCGGCCCCGAAAATAGAACCGAAGAGGTTTGATAAAAGGCATAAGGCCGAGCGCTATATCGCGCGGAACGAGATCCTTGACGTGGGGTAGTTCTACTCCGGGATTCGTGACCTTTTACTCGTCATGTCTACAATCTAAGACCTAAATTTAGAGGGATGCGCTTGCCAAACGTATGCTCTTACAACTCGGCGCCGCTCCATACTGCGATTGTTTCTAGACTAAGTAGGAAGATGTGACTCTGGGCAATTTTGATGCCCCAGCTCCGGCACTTATGCGTTCGGTATCGTCTCAGTGTGTCCATCTTTTGTTAGGTGTCCCGTGGTCATGAGCACGTCTGCGTTGTTCGAATATATCTCATCAGGGCTGACACTCCAGACGAGCGTAGCCTAGCAGTGTTAGTTGAATGAATGGACCATAGCAGGCCGGCGGCCATCTGGGAGATGCCGATGTCAA,1647,51.85,Caenorhabditis elegans
SEQ_762295,AAGAGACATGAAACTATTTCAAGGGGATGCTAGGTACTCCAACACTGTCAGGGCACCGCTGCTACGGTCGAAAATCACGGGGCGTAAATTCAGCTGCGGTGCGAGCGCATTCCTGCGGCCTGGATCACTGTTTTAAACCTGGAGACGGTCCCAAGGAGGCTGCGGGTTCCCTGTGTGCAGGCACCAGAGTAGGCCTATAGGCATATACTGGACAATAAAGGCGCTTGCCCCGGCGGGATATCCAACACCGTGTCTGCGCGAGACTCGTTGTACGGTTTAGGCATACCAAAACGCTAGAGCTCACAGATTCCATGAGAGGACTTCAATGACGAATCACTCTTCGATCCATCCCGTTAACCTTCTTCCAATCGCTCTTATGCGGTAAGTATCTCGATGCACGCTGCCTGCTTGGCTTGGAATGTGTTCAATCCATCCACCCCAGATGCGGCTTTGAGGGGAGCGTTATTGCTGTTTCGTGACCGCTCAGCGGGGCCCTGGTCTGGGATCGGAAAAGCATGACAAGGTAGGATCCCGGCCCGTCGGTACGCTAGTAAAACAGCGATCGCAACTTAAAATTGCTCGGATTCAGAGCGTGCCTGTTTTAGCCGTAGGTGCTTGAACCGGAATAAAAGAGAACGGCTGCCGTGGAATAGGAAAGATTGTTAGTTTAGGTCGTGTTCTTGTAGATCGTATCAAGGTGACGCGGAACCACCTACCGGTAATTGCAGTCGTTGCGTCTTCGTTCGGGACGTATCCATAAGTACTCAAACAACTCCAGGGAATCTGTAATGATTGGACGAGCAATGGCAGCATGATCAACCCGCGTGAGACGCACATGACACTCAGCCTCTTACCCGATGTATCTCAACGAGATCCTAACCCTGCACGTTTTCGAAGTGAACCATAATCACTAACCGGTATTTAAGAAGAATCGTAGTGGTTTAACAGCTTAGTTTGGGAATGGTCGGAGTTGCCCTCCTCGCGATCTTTACGGAATCTTGATAGGACGCGGCCATGTGCTGCTTGTACTGAATTGACGGCTAGCC,1046,51.24,Escherichia coli
SEQ_225740,GTCTTCGTAGGGTTGGCATCCTTAGCATCAAATTTAGCTAGTTTCACTATACCACGGAGCTAAATGACAGTCTGCAAAAAAACTCTGTCCACTAAACACCCTTACACGGTATACTTACTGCGCTGTACGAGAACCGAGGCCCCGTGTGAGATAAAGTGCCTGGCAGTCCGAGGCATGTAAAGGTAGGAGGTGGTGTTGTCAAGGACCCGCAGGCGATGCGTCGCAGCCTCTTACTGGCGCATTACGCCAGCTTGCATTCACTCATTA,267,50.19,Arabidopsis thaliana
SEQ_250360,TGACGCATAGTGTGATATGGAAAAAAGAATATCACGTCACATTTTGCGGCCGCTCCTGCTCGTCTCGTAAGCGACGCTTGCGTTTTGCACGCCTCTGGTACCCGTAGCATCCATTACCCCATTAAAGGCCTTAAATCCCCAACCCAACTTTTTCGTTAATCCCAGACGGGCTAGCGACGGAGCGCCATAATAAAGTCTTTAGAACGGAACGAGTCGGGCATATGCCACCGCGAGCATGCGATCAAACATATAGCAGAGATGGTGCAAACTACTGATTGGAGCTGCACATCTGGCAAAAAGGGGATGGCTTCCTCTCGACCGCTGGAGCAGGTAGGCGACATGGCTAACCAATCCAGAAAGCCACGGGATACTCCCTACGTACACAGGCTCTTCTATAGACCAAACCTTTAGGGTAGTGGTGCCGTTGTGGGCTCGGTAGCGACTCGTTTCTCTTTATAGGTGAGCAATTCGCTAACCACGGCGGCAGCATCGAGCAAAAAGAACGTGATACCAGTCTGAGGTTCTCAGGCGGGATTAAGTCGAAGTAGGGCGAGCCCAAATTAAAACACGTTAGAAGCGCGCGAGAGATATTGCATACAGATGCCACAGGCACAGTTTTTGGACTGCCTGATGCTCATTCACTAACCGCGACTGCTCTACAGCCGGAGAGTTAACAAACCCACGGCCGCGAGCTGAGGTCTTGGGGCTCTTTGATGGTAAGAGTTCCAAGCGCTTGTCGAACGCTTACCGCTGACAGACAAATTCCTATGGTACTAATTTTTGTTTACGTGGTTGTTATACTCGCATTGGCGACTGATAGTCTTAGTCTTCGGGATTTAGCATCGAATCTTGCCGCGACGTGCTGTAGGACTGACTTCAGAGACAAGTATCCTCAGGGGCTAACTGGTCGGGCCTCGAGCGAACTCCAGAACCGCATCCGGTGGTGCCAGCAAGCCACCCATGGACTACAGACGAGTAGAGGCGCAGATGCACAGGCCAATGATCCTCTTGCTCCAATTACGGGAGGCCATTTGGCATTTCGGAAAGCGAGCTGCCAGCTTTCTGCATGCGTGTTAAGGGAGAGTCTGCTATGACACTATGACCACTAGTACGACCATGAGTCTGAATTTTAACAAAAAATTTCTTGGCGTCCTCCAGTACGCTCCGGCTTTCCATTGGCTTTTTAATTGCAAAGAACTGCCGAACACATTGCAACTAATAGAAGTAGCCTTGATTTCCAGTAGGGGTCATCAGATATGCGTCTAGGAACGTGTTGTCGTTAAGAACGATCTCCACCCGGCTGTGCTACAGTACCCCGCCTAGTCTCGTCCCACACAGTCCTCTCAAGGGAGCCGTGTG,1359,50.85,Saccharomyces cerevisiae
SEQ_702793,GCGTGTGCAACGGGACAACACTCCGGTATTTACTGATAATCGGCATCTCATTGCCTGACGTTGACCTAACAGACCATTCGGTCTGTGCCAAAGATGCCGTACCGCTTCGCGATAAATTGCTCAGGCCGGTTATCCACTAATCTGACCCTGTTGCCTATCCTGGTCCCATGAAAATCTTTTAACGGTATGGGTTGATTTCCTGATTATATGCAGTTCTTCCACCATTTAGGGCGAAAATATCTCGTAACGAGTGGGAGTTAGTCTTTGATTTCTCAAACTTGGACCAGCTTTTGTGATCAGAAAGGGAATGCGGCACATTACCGATAAGTGCTGAGCATGCACGTTTCTAAGACGCTCGAAGAAGATTATAAGCTCTCCTTGCACCCTCGCAGACTCATAAACCTTCTTTTAGGGTTACAGCACTGCGGTTTCTACAACCGCACACTAGCATAATACAGGCACTCTTCCTCATCCTGGCCAGTCGTGTTATTCCTTTGAGAATTGTAAGAGCACTGTAACGCCGAACGACCTAAACGTTTCACAAGCGCATCATTCTTAGGAGCTAATGCAAACGATTGTATTCTTACACAAATCCCCTAGTGCTATGGGATTATTGCCTGGCGTGTATCACGCTGATCGCTAAGGGGCAATGTCAGTTATAAGGTCGCTCTAGCTCGCAAAGCCGACTAAGTCCCTCATCGTAGACACGCTCCGGATGAAAGACGCATCTTGTAGCTGATGGGGAATGAAGACCTCCTCTATCCCCCCAGGAAACTGGAGCGCGCGACAAAATCGAGATACTCACCTCGCCGCGCACATGCACCTAACCGATTGAACGCATCGTAAAGCCAAGATACGCCCTAGATAGAG,870,47.82,Mus musculus
SEQ_890516,CCCCATATGTTCGCCCAATTCCAATAGAGCTGATTGCAGCTTATATATTTGTAGCACGAGGGCGATCACGGCACGCTCCTTCTTAGGTCATCATCGAGCCTAGCAATCCAGACCCCAGCCATCAGCACTCCGGCTATCCCGGCCTCTATCCATGCCGGCCTAGAATTGTGGTATTTACGCTCCTCCGGGGGATCTGTTTTCCGTAATACGTCAGAATCTGTGATGGTGGATGGTGTT,237,51.9,Saccharomyces cerevisiae
SEQ_281683,GCGGAGTGGGAACCAATTCGTAAGTCCATGCCTTACGTGCTCGAGACAACGGTCCTGATCCGTTGAATGCGTATGCTAGTGAATTCGAGTATCTTCATGTGATCGAGACCAGGAGAGGAGTTCTTCACGTTTGCGCTTATGACGTCTTCGGTTAGAAAGTCGTTAACATGGCCGGTCATATAACAGAAATTACTTGGGGCTCCGGCTGAAGGATTGGGAAGGGGCACATAAGGAATACTGAAGGTACAGGACGTAGTGGACCCACACGAGACATTTCACGAAGCTCGTCTTCGCGGTGGCTCCAGAGAGCTTTCCCAGATACCGGCATGTATTGTTGTAACCCCGAATGAAAGCTTTGGGGCGCCGAGGCTCATGATGCTACGTCGGTAATTTGTCTCTAGACAAATACGAACGCGGGCCACCAGACAGCCAAAGAGCTCCACACACACCAGGAGTCTGTGCTATTTATCACTCTGAGCCTATTTGGACGTGGCATCTCGATACGGGGAGTTTTGAGAGTAGTCTGTTCCGTGTTGTATGGTGATGTACAACCGGCTACATTACCGCCACTTCAGAGGGTCGTTACTGATGCCAACGCTAACGCAATGGCTGAATCTATACTCCAGGTGCAACCAAAATTGGCTTGGGCTTAGCGATTGTGGCGCGAAAAATTTGATCCATA,682,49.85,Escherichia coli
SEQ_308743,GGGCAAACCGGCCTTCATAATGCACGCGGGGCAAGGGCAACTTGACCCGGAAAAAGTTTGATAGAAGGGGCTAGATCAAACCCTTTGCTAGAGTAACGTCAGGTGTCCTCAGGCCACGCATAATTACTTGTAACGTTTTACCTCCCACAGATTGCGATTCCGTTAACCGGTTCTCACTTTGAACGTGAATGGGAATACACCAACGTATAGTTGATCGTTGGGCCGATGCACATGCGAAAGCCACACGTAATGCCGGAGGTATTGGCGGCCGCCGCATAGTACCCCTACCCGGCTATCGGTACCGGCAGATCCTACTTCGATATGACGGCAAGCAAAGTGATTATGGGCAACCTTGAATCATACTCAATGCTTGTCTTCCTAATGTAGTATCTGTTATTTTTGGTCAAAAACGGATGGGTAACCCGTCTTGGTCAGTCGGTCGGGGTGACTTGCGACCTACATTTACCTTCTCGATCAGCCTTGAGAAGGCGACATGGCATTCGTCAACCCTGGACTGCGGTCTCTCATTTAATAGAGATAGGTGTCCGCTATAACAAGACCGTCATGCCGTGTAAACAGCTTGCAGGCAGAGAAGACACCGAAATGTTTACTGTCAGTCGGGGTGGGTATTGAAGAAACCTGTTGGAACGCGGGTAATAGTTGGCTGGGCAACAGGGATATACATGCCAATAATTCAATGCGTGTTCCAGTAGCTGTCCGATCTCAAGACCCATCTTAATCCTCTTATTCTGGTTATCTCACTCCCTTACGTCCAATAAGTTGTGTTCCGCCCGCTGTCGCCGTGGATCTAAGAGTCTTTAGTCGAACACGACCGCAACAATTGGCGTAAAGATCCGGTGGCCTCCCCTGATGACTGCTTTCTTAAGGTAACGAATTATCTTGTTGGCACTCGCGGCACGACGGAGGCACGTTTCCCATTGCCGCCGGTCTAACAAAAATAGACGACGGCCCTGACAGACATAGTCAGTCGTGATGTCCGCGTGTCAGAGTGCTGGGCTATTTAGCATCCCCGAAGAAAACGTCTTTTATACTTATATGCTATATGATTTGAGTCGTAATAGTGCTTTACGGTTCTGCTTAGGAGAAACCGAAGCCCGCAGATTTGAGGCTTAAGAACCAATACCAGTTAGGCCTAACTAAACCTGACACTCTCACCTGAGCCAAGTGTGCAACAGTTTAAGGCAATTTAAATTCATGGGTCTCCAACGTGTACTGCAGTGTAACCCTTCTGGTTACTACAGCTGACCTATGAGAGTTCATTAGGGGAATGTATTGTGACTCATTGTCATGGCGGCCCTGGCTCTAGTCCCGGCGCGTCGCCATCCAAGCCCCATTGAAGGATCCTTGTTAGTGAGTGAATGAGCTTTGAAGGATCTGCCCATGCACGTTTCGGACTAAACAAGAAATTGGGATACAGCCTCACCACTAGTTTAGGTTAAACCACGTCATGCGGCTGTCAAAAGCTTAGAGGGATGTAGCGCCGCTGGTGAGACGATGCGAATGCGACTCGTGACCCAATCCCACCAATATTCCATAGCGGTAATAAGATTGTAAGATGGTGCAGCAAGTGGCTATCATCCTGTCTAGAATCTCACAATCAGGTATTAATATCAATAGAGCTAAATCGTAAGGGCTACCTTATAATATAGATCTCCATTGGGTATACTCCCGGTATGTCTGCTGCAATCAGAGCATGAGGAAAGGCAGCGATAGAATACCAGGCCACCCTTCCTGGGAGGAGCTACCCAAATCCCCACATGATTCACGTCCGTTTGCGAAGTCCGAGTTCAAAGGGGGAGATTAGGATGGACATTGTCCTATATGTGGGACACGTAGGTGTCAATATTAAGTGTCTTTATGCTCAGTCTGGTGTCCTCCGAGACAAATCCGTCTACTACCCGAGGCGAGAGGTAACACACCGCGGGGTTTACTTAACGCCC,1961,48.55,Mus musculus
SEQ_744386,ATTTCGAAGGTTTTCCCCTTAAGCTCATCTGGCTGGTACTGTAGACTCGGAATGTAGAACTCGTCTACTGCGGAGCGAATACGGGGACGGGGGGCGGTCGATAAGGTGATGCTAACAACTTAAAACGGTGGGGGGATATATAAGAGAACGAGGACGTGAATCCATTGGAAGTTTCGTTTAGACGCGACGAAAGTGTAGTCTCTAGGGGTCTTAAACCTGTGTTCGCTACTGCCTTTCTATAAGAACTTCTTGTGATTTCAGCCGTCAACCAGAATTGGCAGAACGCCTTGGCAAGGAAGTCGTAAACCCCAATCTACGAGCATTATTTCCGATAGCAGCTCGGCGTAGGACCCTTGCGAATGTGACGCATCTCAAAGGGTTGGCATCGAAAAGTATTGATCGCGAATCACGACCGTCATGGATCCCGGGACTGGTCGGTACCGTGGCCACTGCGGGACCGGCGAGACACGACGTTCGATTATAGTGTATACGCTTTACCTTAGTCGTCATGACCACCTGCTAAACAATTAGGAAACTTGTGTGAATTCTCGCAGCTACAAGTTCCGTTCGGACAGACGAGCGTTCGAAAGCCCTGCTATACGTGGGTCACAATCCGGTCATTGTGCTTTCTTTTAATCTACGCTGCTTTTAAAGTGAGGGCCGGATGGCTAAAGTCATAGCTTGTCTCTAGCCTATCACATTTATTATCTAAAAAGTCGGTGGTGTCCGTTACCCTAGTGTCTAATAGAACCGATAGAGACGTTCCCACGCCCTAATAATAAACTAGCGGAAGGTGGGATCCGAATTGGAATCGCAGAGTTTAGAGGAGGGTTGATCATATCTATCCTACGTATAGACGTAAAACTCACCAGATGGGATCAGGTTTCACAAGTCACTAACACGAGCACTCACCATGTGTTAACGGTACTTATGCTAGATACTGGGAACCATGGCAGAAGCTAGCTTGTTCGACGGAGTACCAAAGAGACAAGGCGATGCAGCCGAGTTGTCCGGGCCGACCATGGATCAACATACGGCTAGTCACTCTCAACAAGGTCTGGGTTTTTTTACGGTATGGTGTTCCGGTTGTTGAGGAGAACGCATTTTCGACTAGACTATCCCTTTATACTATGTTTTCAATTCACGGCGGGAGTATGGGTTTTACTGAATGAAGGAGTAATCGCGCGGCCTGGCTCTACGAAAAGGCGTGTTTTAATATCGGTTGATTTGCCGATAGAGTATGCTTTGTCAGTGAATGTGCGACCATCTCTCCACCGATAGCGGTAAGGTCATTGGTCACGCTCTGGCTCTGTGTGGCCTCAGAGACTCAAGCTTCTTCACAGGACAATCACATCTACATTGGCGGAAGCCAGTAGTGTGTAGGGTCCCAGGGTCAGGAATGATCTGGAATATAAAATCGAGGGGGTTAACCCCTGCGAATAGCTGCCCAAGCTGTTCGTCTGGCACGTCGTAAAGAATCGAACGAGTGCTTCCACTGAGGTTGACTCAGCCCCTCAAGCCTTCTCACGGCCGGCGGATC,1540,48.83,Drosophila melanogaster
SEQ_483222,CGCAGGGCCATTTCGCTTATAGCTATGTTAGACGGTGAGACGTCTGACCGACAGGCCGACGCCTTCCAAACGATATACTAGTTAGTCTATGCGTGAGTATTACGAAGGAACTTTAACATTTTGGGGTAGTTCGGATGGACAGCCCCAAGGGCGACTTGGACCTCTGACATGTATAGAACGGCCTGACAATAGCCACGGGAAGGTACTAATACCAATTGACGTCCAAGAAAGGTGGACTAGAATTGTCTTCATATCATATACATAGTAGGGCAAATCCTCCAGGCAGCCGGATCTAAGGAGTCAACGAAATACAAATAACAAGATACGGTATGAACCTATGTTGAAGCTAGTCGAGCAGAGCGGTTGCATATGTGTATTAGAAGATGTGGCGGAAGTATCGCTCTGAAGCAACTACAGGTCCTGGGATGGTCACGAGTCCGTAGTAGCGCTGAAGACCTTTACATCTGCTGCTGGTTTGTGCGTGCAGCAAAGTCCCGTCTCACTACGAAGTTCCAATGACCATCGGATCATTTACTTTGGATTCCAAAGAAAGACTGAGAAGGAAGTTTGACAAATCCTCTAGCTCGTGCAGTTACCATCGCCTTCGGAGGACCCGAGATAGCTCTTTTTACACCCCGCCGTTGACGTCGGATACTTATGTAATACAGGCTAATGCATCGTTAACTAGCTAATTACCTCGGGGACAAAGGACGACACCGGAGTTTTATCTCATT,734,47.0,Mus musculus
SEQ_645601,AGATATCCTAACCCGGCGCACCACTAGCAGGCGTATTAGCTAAGACCCCTCTTAGCAGATGAGCGTGTAACATGGCTACGCCCCACGCGATAGATAGCATTTCTCCACCTGGCTATACGATAGAATCACGGGCGGGAGCTGGCTCGGGGATCCAACTGCGACCCCGGGGAACGTGCCTGGGGGAAGGACGCTGGTGGCCGTCCGCCGACCATGTTAAAGCGCAGCCTCTGTGTCTTCGGCATATTGTGTTTAGGCCGAGTTTTGATCCCATTGCCATGCAGCAATCGCCGTTCCCAACGAATTGGATGTACCATTAGTGCATGGGAGATGGGTTTCCCAGTCCTACTCTCCTTCATCTGAGTGGACGCACTATCTTCTATAGAGAAGTAACGAGCATGTGAGACCAGGGACATGAGGCATTCTCCTACGGGTTTTGCTATGCTTAGTCGATCGTACGTGTAAGGAGTCCTGGCCTTTGCCCTACCTTACGCAAATTAGTTTCGACAGGGATGTCAGGCCATCCTAATACCATCGATTTTAGTTGGCGTACAGCTGAAATGAACATAACGTCAT,573,52.18,Escherichia coli
SEQ_828395,TTAGGACTGTTGGAGCAGGAGGTGTGTTTATTTCTGCAATGGGTGGAGACTAACCGACCATGCCCTGGCGGATTTGTACCTTCAATGTCGTCGGCGGTAAGTTCCCCGAATGTAGTTAATGAATAGCAATAGAAAAAACTAACTTAATACAATATGAAATTTCAAAGGCACCTGCGGGCACGTAGGCCCATGCCCGGAGCGATGCTCAGATGGGAGCAATCTGTATCCGGGATCATAAAAGAGGATACCTAGGTGACATCGGAAATACACTCTTTCGCCATATTTCCATCCTATCAGCTGGCAACATGATATCCACCTATTGTAACGACCATGGCGCGTACAGCTCTCACGGCGGCTGGAGACAATCGGGCTCGTTAAGTTACTTTTCAGTAGTGACACAGCTCATAGGTCTACGTTTACACTTCGCACTGTCGACGAATTTACACTCGTCGATTGTGCCAAGAGATAAAAAAGTAAGCGTGTACCGACAGATTTCGAGCAAGGGCCTACATCGTCAATCCGTCTATACTGCGAACTGCTAGAAGCGTCTACGAAGACACGTGGGCTCTTTCTTTATCGTCTTTTACGAGATATTAAGCCGCCTCTGTTCCCTCAAGGCGTCAGCTAATATCCAAGCGGGGGACTTTCGTGTTCGGTCTGTCTGCACGCTGTAACCACCGCACCGTCTGCCGCGATACCTCGTCCAGGAGCTTGCAGTGGACGTCAGGTGTGACACGGACATGCATGTCCAATTGCTAGTATCACGAACGCTTCGCCCGGTTGTGCTCAGCAGAAGCTCCGCGCTTGGAATTCTGTGGTGTAACTCGACTCAGAAAAGTACAATTGGAAAAGAGGAATATGGATTGCTTCTCGACAATGAGTGCACTATTACGGGATTCCGATGTTGCTATAGATCTCGCGCTGCAACGTGGTCGTATGTTGAGTTACTATAGTCGAGCTTTGTAATTGTCTAACGCTTCGTTGGCGTCCTCTTACATGCTAGTTGCAGTAGGCCTCCACCGCCGCTGTCGTCTAGACCTCCCTACAAAATATCGCTGGGGAATTCACCGTTGCAAGCCAAGAGCCCCAATAAGCTTGTGCTGGACGAAACCCCGATAACTACTTCGAACCGGTATTAGGTGTCACGCCAAGATCATATTACGACGCAGAAACGTTCGCTGGAGGCACACGGTGGATAATGGAATCGCACGAGGGAATTATGCCGCAGATGTCCTCCGACCACTCTAGGGTA,1252,49.36,Caenorhabditis elegans
SEQ_735005,TACTCGACGAACTCCAACTTTTTGGTTGTTACTACAGCTTCCAGGGTGGCATCTGGGCTCCAAATAACCCCACTCATTCGTAATTGAGGGAAACGCCTTGCAACTAGACCACAGTTTACTCTCGTCTCAAGGTAGGGACCGTCATACTACATATACGCACGTACCGTCAAGTTCACAGAAGCCGGCGACATACCTAAAGCCTGCCGGAGGACCCGTTCCCTAGACGAGAGATCTTAGATTCGGCAGGTTCAAGGATCATTCTAATGTAAACTCTACTTCATACCTTTTGTTTCGGTACTACGATTGAAATTATGCATCTAGGTGAGACAATGGACCTGCCGAATTATTCAAGCCGACCTTAGGACTTTTACCACGGAGGCCTCAAATAATCCTCCCGTCACCAAAGGGGGTGTAAGACAGACGACGTCAGGCTAGCATATTACCACGAAGCCACTTTGGTGGACTGGCAGTACATGTACTAAAACTAATTTCGCTACTTCATACCCGCGTTCTATGATTGCTGGCCACTGAATCTTGTAGCAACTCCATATTACTACACCACAGTCCTTCACCTAGGACGATGATGAGCACGCCGCGCATGTCAGGAGCGGCCCACTGACAGAGATAATAAAGCGTGTAAAGCTCCGGTCGACCGATTGCCCGCATCTTCTACGAAACAATCCATCCCTGATGCATGTGTAGTTCAGCAAAGATGTCATCAATAGAGAGTTTTGCCCCTCCCAACCGGACTTGCGCTCGTAGGGACGCAACGGATTAGCACAATACGACGCTACCTAAGGAGCACTACACAGCTTTAGCGTAGATTCGCCCTCATAGGGGGCGCACTCGGCCTGCAATTGTTCTAGGTCATACGGACTGTGCTACGCCTACCACAAACGCTTATAACGGATGAAGGTTCGCTGCGTTCTCAACATTATCCAGAAATAAATTAATTACCGCGATTATACGTACCTAAACCACCTTTTCGGTATCCTGTGAGACGGCTTACCACATACTAATACGTCCGCTTACTGGGAAATCTAACCACCAACAAAACGATCATACAGTCCCGTTGACATTCAGTCTCCCTTGCTTTGCCGACTGGTGTCGTTGTGCAATCATGGCCGGGGCAGAACCGTCGAAGCCGCTCGGCACATTCATTTCTTAGAGGCTAGCGAGGTGTCGTCGATAAGCCGATCTAACATAAGGAGAAGTAGGACGCTTGACGCATGGCCCCCGGGGACGGATCGTGATCAAAGAAAAGGTGTGAGACGTTATAGGGCTACGGTCGCACTGGTTATTTTGCTGAGCGGCGGCCTGAGCTGCCTATATCGACGTCTACGAACAGTTGAAATTGCTAGCAATCAGAACGATGTTACAATTAGGCCGTAGGCACCCCCAGAGAGATGGATGAGTCGTGGGGGAACTACATCCAAACGACTTATGAGTCGAACATTCCGGACAGGATTTGGTCAACAGCAGACTAGTCAGCAGTTACGGTCCGATCGCATCCGTACTGTTGCAGCGCGATTTAAGTAGAAGGCACTGTTAAAGTGAGCGCGGCGCCAACCTCTTGAATTCCAGCATGATAATACTTGTGTTCCAACCATTGTTTAGGTTGTCATGGGGCTGCAGACCGATCTGGTAGGATCAGGTACTCTATAGTCACAGTACCCAATCAGCCAGCCGCCCGAAGTATAAATCTGGCGCAACAGGATTTATAATGCCTTCATACAGGAGTCTGATAGGGACATCGGCTGCGCGGTTGTTAAAAAGCGTCACACATCAGTTGCTGGGGGCATTGAATTTGGAGGCGCTCAAACGTACAACTAGAGCGTCCGTGAACTGGGCTC,1853,49.33,Arabidopsis thaliana
SEQ_259383,TGTGAGATCACCCCAGCCCATACAATACTAATATGGGCTGTCTAAGTGTGACCACTGACACATGATGTAAGATCTATTCTAGTATTTTATTACTAAGAAACCAGAGAAGGGGGTCGTTACAACCGAATTGCATGTATGAATTGGTGACGTTCGCCCCGTATCTACGATTATGATTAAATGACCATTTGGGCCTCACCGAGGGAACCTGCCAGTTGCATTACCAAGACAACCCAACACCCAAAAGAGTGCATACTCGTGAATGGTACCTCCTCAGCCGATCATTGGATGTCCTCACTCTATAACTAGCGATTAAGATAAGCGGCGTAAGACAGTCTCGCTTTGAACTTGTGGGTAACGCCGATGGCTAAAAGCGTGTGTATGGTTTTCTTGGCCATTGCTATGCGAAAGATGGCCATATTGGAAGGAGCGCCAGGTTTGTGCGTTGGTGCGTA,452,46.02,Drosophila melanogaster
SEQ_255569,AGGACTCAACTTTATTATCCAGACCGCGGAATCACAGGCAATAGTTCTGCCTAGTTGGGAAAAGGCTCGTCATGGCGCCCCGTCCCCACACCCTACATCTTCCTAATAGTTATCGGATCGATCTTCTAGCCCAATATTGTTTACCGGTACGAGCGCGCCCCTACCTAATTTTGTTGCAGTACGCCTCTTGAAAGACATATGTTATATATTCATGATAAAACATTACATTGTGAACGGAAACAGAGTACGTCCTACCCGACGGGAACAGGCGAACCTCAGGCCAGCTCCGGTCTAAGCCGGCCAGCGGTGGATAACCGTAATATCCGTCATGTTACCGCCCGGCGACATCGGCTCTGAAACTGGGGAGGTGGTTTTTGGAGGTAGGTAATTAGTATGTTTTCAACTAGAT,409,48.66,Homo sapiens
SEQ_861997,CGTAGTCCACGATTGGTATGATCCTTGACTGCCTTAGTGAAATCATAACCACTGAGGACCGAACTAAGCTAGCGCGCCAAGTGCATTATCGACACGGTGTACTCGCTAGAATAATGTCAAGGCCCTGGAGAGGCGCGGCGGAGATAGCCTATAGCTCTATTGGAAAAAGCAAAGGTACGCTCAATCTTCGTTACCCACCGTACACATCACATATTATTTGAACTCTAAGAAGAGGTCTTTGTCATCGTTACAATTCTAGGCCTCCTCGTCTCCAAAAAGCGGCCGGCGCAAAATAGTGCGCAGCACATAGATCTGTGATCGCCTGTCAACTTTCGTAAAATAGGGCGAAATGTTGTCTCAATAATTATTTTG,372,45.97,Homo sapiens
SEQ_678919,CTCTTTTTAGAACGGTCCCGATATAGCGCGATCTGCTTCATTTACCTAGCCCCTATCCTGTTCGTCCAATATCACCCTCAGTCTATTTGAAGGTCAAAAGCGGATGTCTCAATCTGGAGTTCGGGTTACATGCGAATCGGTGGGACGTTAAATGGACTAAAAGGGTTACCTCTCTATCCGCTGAACGGAGGTTCGCAGAGCAATAACCATGTTGGCTTTGAATTACGTGACTACATATCTCTGCAATTGGCGAAGGCAAAACGGTTTGGCGAGATGACTCCCCCCAGCTGGTAGAACCTGTGGGGGCGACTTGACGTAATTCATACTTTTCATGCAGAGCGTACCGCGAACGCGAAGTTAATACAAATAATGATTTGGCAAGGTCGGATCAGGTGCCTGAAGCTTTTTGGGATCCCCTTCCATCTCGGGGGCGGAATTGTTCGGCACACGGAGCTATACCTGGAATGGAGGGAGGGGTGGGCCTCTACTGACAACACGGTTTATCATGCTTGTATGGCCTCCCTTCCATTAACGAGGGGGTTTCCTCGCGGGGAAAGTTCCAAGTTTCCGTGCGCTATTGCACGGTGGATTCCAGCGATTATTTATTTCAGTTGTCTATCACACAAACGCGATTTAATATTAAGTCCTACCTCTCCCATACCTTTTGATGATAGTGCCAAAGTGCCCAACCATATGAGCGAGTTAGCGGAGCCGTATAACGTGGATGCGTCTCCAAATAGATTTATGATCGCGAATACATTGGAACACAAGCATCGGAGTCTATTAACACAAGCGAGACACGTTTAGTCGTTGAATTGGAACTACCTCCTGTTGCAAGCTGGCACAAGTGAGTTCAAAGAAGTACTTGACAGGCTGCATCATATCGCTTTGATCGTTTAACCCTGCGGTGCGACGGCACACGGCACCAAATAGTTCCTTAGGGTATAAGATCCCCTTGCGAGGCCTCAAGTTTGTCATGTACTAAGACTTCGGGTCACCCAGTAGTGGACCGTGCGGGCCTGTTTTGACTCACGTCAATACTTCCCGCGTGAGTCACCAGGAGCCCTATGATACACACACTTCTCCCGGATTCACATTCCACTCGACTCGTATTTGAATAGGCTTACTAGCGTGAAAGCATAAATACCTTTCAATTAATACACTCTAGTGCCCGTAATGGACCTGGGTGCTATTTTGCTGTTGTAAGGGACTTACGTTAAAAGAGCCTCTCCCATCTTTGTTGCCTTCACATATTGGGAAAAGATAGTCCAAGCCCCTGCGATTCACCGGCATATGTCCAATACGATTGGCTCCGCAAAACTGGGTAACCAGATGAGTGAAATTACGTAATACACGAATCCTATAAAAGTTGATAGAACCCGGGATAGCGTAGACCTAGTACGAAAAGTAATCGTAGATTTCGATAATCCTCCGTTGAGCCCATTTCGAGATCATTGCATCACCATATAAACGAAAAGATCCAAGTTTTTCGTTGTGTCCCTTGGGGAAAAAGGTTTGTATAAAACCCTTGCGGAGAAGATCACGTGGCGAACGAAGGCGAAAGTGAAAACTAACACTATATGAGTTATTAAAATCGGGTTTGGCGGGACCGAGTCGCAATCTAGCTAGAGTCGTTAATCACCCTGGGTCCGCTCCTTGTCGGTCTTACCGTTCGTCACCTTGGAGCTGGTATAGGAAGCCGTGAG,1706,47.19,Saccharomyces cerevisiae
SEQ_747369,CTCGTACGCCACCAAGGTCAGGGCAACAATTGTCTAGTATATGGGTAACGTAATAGTGGAGCTAGAGATCAAAATGTTGTAGCTCTAGTTGCGTCTGGTCGCCATGAGAGCAGCGGGGGCACAAACTGTTCCCACGTTACGCCATTATCTGAAGCCTACTAGATGATAGTGGTTCTCAACTGCGGAGCTCAGCGGAATGTGGAGAGACTCCGGGTTCGCGGCGGCGGATAACCGAAGGATACCCTCGAACTCTACGATGCCTCTACATCCTCAAAATTTATTCCAGAAAGCTCCGAATATGTTATCCAGTACGACCGAGACACAACTTGAATGGGTATTGACCCTCATATGGAATGATTCTCATATGGTAAGTTCGTTCGTATCTACTTACGCATTGCATCCTTTCAATGCAGTCGCGTCATGCCGAGCTTTTGATGCAGCGTCCAAGCACCTCGGGGGGCACCACCTTTGCTAGCAGTCGGACCCCTCTCGGTGGCCCGAAACTCCGGAGATTCTAGTCGTGTACGCCCTGCGGATGAAACCCCTGTTATTGCCTTACATGCCTTGATGACCAAACGATCGTGATTATTTGCTTGCTGCATCTAAACATTCGGGTACCTGCGAGCCCCAGGGCCCGAGGCAGTGCAAG,649,51.16,Saccharomyces cerevisiae
SEQ_646442,GTATAAGGGTAGATACGTTAGGTCTTTAACTGCTGGTGACTTATAAGACCCCATGGGTTACCCACTACGCACGCCGTTTTACCAGATTCAATCCGTATTACAATAGTCTATACAGAGTCATACCACAGCCCCCTGGGGTCGATGGTGGCCCGTTTAATTCACACCACCAGCCACCTAAAGTAATTGAGCGGATCCCAGGCAAGAGGCATTATGGAATCGCCAACACCTGTAGTCGCGGGCTTCCGCCCGTGGGTACAGCAGTGCGATACGGGGTATGTTCTGATCTATAACCATTCACCGTGAGCTTAGCTCGCAAGTATCGTCAAGGGACTTAACGTGTTGGTCATTGACCATTAACGTGCTAAAGATGTAGTTAGTTTAGTACCGGTAACCTGAGAGATTGTATGGAATTCCTGGAGGAGGCTCGTGGTAATATCGTTTGAGAGCTTAGTGACT,456,48.03,Homo sapiens
SEQ_580135,AGACTCCTGCAACCGATCGCTTGGTTGGAATTCAAAATGGAGCGGCGTGTTGTTTCGCTCTCACACAAGCGAAGATGGGTTGGGACGCGACACATGCTCTAGTTATTTCTAGGCAATTTGCGTACTAACTTTCCCTGCAACCGGCTCTCAGTGGGTACCGGATAAAGCTACCCGCATGACTATTGGCAACTTACTAGTCGTTAAGAAAGTAAATAAGTCAGACAGAGCTGATCAGAGTTTAGGCGTAATCTTGTCCGTTTCGGATTCGTCAAAGAAATGCCAGCCTCCACCCGCGGATTATTCGAGAAGGGCCGCGGGGTATTCCATAATCGAAGTTAACCATGTTTCCAGACCCTGAACATCTAAGCCGTAAGACAGGGATACGTGGGGCTCACTAGAGGTCCTAACTCCTAAGTTATTAACACTCGCGACTCCGGCTCCAGAGTAAGCAATTAGTAGTTTTTAGATGTTAACT,475,47.37,Drosophila melanogaster
SEQ_182630,TGAGGCACTCCTGTAAACCGTGGTAGTCAGCACGGAACGGTCTGAAAGACATATCCGAAATCGTGGGAGGAGCTATCAACAAGCATCAATGACGCAATACTCTAGGTGTATGCGGTTCACACAAGGAAGGCCACTTTGTCGCACAGCGATCCGCGCCATATTTGCTGCCGACAGTCGCCCAGTATTTACACTGAATAATGCTACGCTGTGATACCACCACCCTGGATCACAACACCAAGTGAGCACGTCAGTACGAAGGAGAATATAATAATGCTTGGTCGAGTACAGAACCCGTGTAGTTAGACTAACAGTGTAACGTCAACAAAGTAGTCCATAGCGGGGTATGTGCACATATGCAGAACAAGCCGGTGTCCATTCACTGCTAATTGAGGCCCTCTCACTGGATTTCCGACGCTGAGAGGTGCGAGGTCAAAGGCGCTTTATGATTTCCCAACCTTTAGTCCGAGTAGACAAGCTTGACAGAGATAGGGGCCATCAAGTAAAATCTCGTGACTCGGGCGATGCTCTCATATCTCAGCGCAAGGCACCGGAAGTGGGTAACTGGACTACATCCGCTAGAAATGTTATCAATCAATAAATCGCATACCTGTGTTAAGGATTCTTGTGGCTATTTGCCCTGATCATCTACTGCATTCCCAGTCCACGCTAGGCGTCTCAGGTACCGGTCGAGTGGGGTTTGTTTTTCCCATAAGGTTCTTGACAACACTGAATCTATGGCGGTGGAATAGTGCATCCCCATGTCAATTAGGGAGCCAAGTACGATACAATCGCTTAGGCTACTCTACAGTCTCATATTGGGATAGGAGTCAATAGGAAGTAAAGAACCTACCCTGGCGGCTTGGCACGGTACGTAAGGGAATGGCGTAGGGTTAGCCAGGTCTAAGTTAAGAATCGCAGCGGGTTGGTTGTAAGGATGCGACAGTCACACCGGTTCTGACTTCCTCACGAACTAGCAATGTTGAGGCTCGCTAATCCCTTATTTCGCTATAGTAAATACACTTTCTCAATACAGTGCACTCGTGTCTAACTGCGATAACGAATACCATAGGCCTTCTCACATCCAAGTATCCAGCATCCCCAAATTGCGGGAGAGAGACGTGCAGCTCTGGATCGTTATAGGGAACATTATGCACATTAACCACCTCTATGATCACTATCCTGGTTCGGACAGTTTCGCATGTTAGGGCTGGAAAGATCCACCGCGCCAGTTACTACGGAAGCATGGTTCCCGGCCCTTTAATCTCGACCGGTGGCCCACGTTTGAGAGGAACCCTCTTTTTCTCAATGGCGATACCGTTTAAGACTGGCACCGAGAATGTACGCGTTCAAAAGCCAAGACATAATAGTGGAGTCCGCCACCGTGCTGACCTAAAAATCGCTAAGGCGACTGTGCCTCATGTAAGTACCTTTCGAGGATGCATCGCCGGTTTCGAAACAGAGAGGGTGACCAAGTGACTGTCCGGGCGTGGCGTCTCCTCCCACCCCACGAGTTGTGGGATGAGCTGCGGGCTTCCCAACCTGAATGTTCCTGATCCAATGTTCTCGGGTATCTTTGGCAGCAACGTATGTGAGGACCTAACTGACGACCCCCTCTGCCAGAAGGCCACATGAGATGACCAAGATGTGTTCACTTGTTTAGATTAGACAGCACATTTTAATGTGACCAGAAGGTAAAGTAAAACACAAAGCCGGCTATTACCCTATTC,1727,49.1,Caenorhabditis elegans
SEQ_934903,TGTAATTCGGACCTTGCGTATCAGGTCGGGGGGTCCTAATAGGATGTCCATCATCTGCCCGCTTGCATCCGCGGTGAATGTACCCGTCTGGTCGGTGTGAACACACTCCCGAGCGCTAGGACTGACCCGAAGTACCGGCTGGTGACGCACTGTCAGTGCTTCAATTTTAACGCGCCGGGCACATGCTGGGTGGCTGATGGTGAAGCCGGCACGGTCCGTCTTGAGGCGACAGCTGCTAAGTCAAATGATGGTAGATGCCTTTGCCAACCACCAGTCTACTCCACTTATGACGCATGAAGTGGTGTGCCAACTGTAGATACGCCCTATGGGGAGTCTCAAGTTTTCGCGTCCCTGCTTATCCTACTGCTGGTCTTCCTACAATAAGGTTAACTTCCCGTATCGGTTAGCGAAGGCAACACGGCCCTGATCGCGCGCGACAATGACTTCAGAGGAATTTACCGGGTGCTTGCGTTGTCTTAAGCTTTATCGATGCCAGACTATCGGTCCTTACGGACAACCTTCATCCTTTGCGATTACTACCAGGGGGTCCAAGAGCGCTTATAGGGTGTATGGTGGAATGTGCGGAGATAAATGCCGACCGACTGAAGAGCTGTCTTGACGTAATACTTACGGCATCCGGACCGCGCATCTTTGATGCCCTCAGGTAATGCCAAAATACATACATGTTCCATCAGACTGGGCGTGCTCATGAAAAGGAAAAGTTAACTCTCTCTCAGAGCAGATGAGTCGTCTCTATGTGTATGTCTGCCGGTGCGTTCGTTATTTACGGCGCCAGACGCTAAGCGACCCGGGTCTGTCGAGGACGATCGGAAAACCATTTCCTATACATTAGAGTGGACTAAACCTGACATTGATAAACATGCAGAGAAAAGAGGGAGAGGTAACACGGATCGGCTACTGGAAACCAATGCACTGGTAAATCTATGTTGCAGAGTATTACCCTAGATGTATCTTTGGCTTACTTTGGATCCATACTCAATTTCGCCATGAACACCCCGTGTACCTTAACTGACGCGTAAACCTAGGCAGCGTGGGAATTCCTGTGGAATCAGATCCCGTGCCTCATGCCGTAGGGTAACATCCTTTTTTTTATTGCTTTGACAGCAGACAGTGCCCTATTC,1142,50.53,Drosophila melanogaster
SEQ_533225,CAGCTGTATAAGTGGCTGGCTTTTCCAGGCAACACTCGATTTGCTCCAACGGCTTCCGCCCAGCATTTGCACAACGGATACGTAAAGTGAAGTACTCTACGATTCCCCGCTCACACCCAGGATGCGTGAATAGATTAGGTTAGCGATCGCATGTCCTGGGGTGAATGCCCCTAATCCCTAGCAGTCTGACGTTTCGTCCGGTTTATATGTCCGCGTACTAGGACCGGAGGTACAGCCGACGAGGAACGTTTTTACTCTCCGATGTGGGACTAATGGCTGCTTATGCTCACACCCACGCTCGGCACCTTTGCCCGGTGACTGACACGAAGGGATTTGCGGAGGGCTAAAGAAAGTCAACTTTTAAATGTTCCTCTTTGACGAGTAGAGTTAAGTGTGCGCATGACCAAAGCCTGCACGCATCCTTAAGGTGAGATCTAGACTGCGTGAGCGCATACATCTAGGAATGCAGCACAACCATCGACATTTGGCGAGCTGCAGTTCGTCAATGGTCCCTTACGCAATTCATCAAGGGTTGCAACATTCTAGTTAGGCTGACGACGTTGTAATGCTAGCCCCATCGGTGTGGTTCAGCATCATTCCAATGTAGTGGCCTTTGAACGCAGTAGTGAATAGGTATAGCCGCCCATCTTGACCTAAGCGTTTGTTTTCTATTTTCAGTTGCTACGACCTTAATATAGCCGAACGTGAGGAGACCTACTAGGCCCCGTGTGACTGGCCAGCTATTCGAAGTTTAACCACCAGGGTCATGGGTGAACAAGGTGTTTCACACTGTCAAGCCCGCAGCATCAGGATGTTAGTCAAGACTACCTCGGCAAGAATTTCAAACTAAACGTGACGGGCGCCGTCTTTGCTTATGTAACATGACAGTCAGGGTAGCATTGGGCCATATACTGTCAGATAAGAGTGTAGTCCAATCGGTCCCGTGGCAAAAAAATCCGTGTTGTGTGGAATACGCTCGTCATGTGAGAGTGCGTCGAGACTTACTACTGCGGGGAAAGTTAAATTACTCCGTTTAATGAAAATATGATCGATCCCAAGCCTCATTTCCTCATTAGGGCTCACAACGTCCGTTTCCAAGTTGTCACCACGACGGCTAGCCTGCGTGACTCTATACGTTCAAGCATTGCTTTCACATTAACCGGCAGTCCTATGAGACAAGAGCGGGAGACTGAAGTCATACACGGTTCCTACACGGTGATCGGAGTGATCCCGTTATTCATGACTACGCTAATCATCGTATCATCGCTAGATTAGAAGCAAGGGTAAGATGTGCCATTCTTGCATACTCGATATAGCATTTACCCCCTTTTAAAATCACGTAACTACTTACACGGCTTACCGGTAACATAGATTAAGTTTCCGCCTTACTCCTCTGACTCCTAGGAATGATTGTTTGGGCAGTGTGCCGGTGCGCAGGCAATGTGCG,1447,48.65,Saccharomyces cerevisiae
SEQ_325070,CTAGATAGCGAATTTGCATCGCGTTCAGGTACGGATTCGACATGTAGCACCCAAGTTCAGATTAGGACGGATGGGATTTTCCGCGTGGTCACAGTAGTGGCGTGTCTATGTCTATCCAGCTCCAAAGGTCACAGTTTATCTTACAAGTCCTGGATTTACAACTACGTCAGTGCTACCCGATGGCCCCTAGCAGATCCGCCTTTCCCTGGTTAGATCTTTTACCGGAATGAACTACACGAGTTAACCCGGGAGCACCATAGGGTGCCTATTCTTATGGGTACCTTAAGTAAAACGATTATTTGACTAATTCGCGAGGGACCGCACAGGGCCCGCCAAGTTTACGCCATTGTTCTCCCCCTTTTCAAGGTACATTACTTGGTCGAAGTTCTCCTCCAATTAGCGTGACCGTATGATGTGCTTTCATACGTGTTCTGCAGAAAATATGGTTGCGGGCTACGCGACGATGGATTTCGAATGAGGATTGCTGACCTAATGGAATCGAAAAAGGTTCAGAAAACAGCCATCGGGAAAAGTGCCCCATGATTGCACGTGTGAGAAACAGCGCTTAGTGGAGAAGCTCGAAAAGGCAGTTATACTGCAGGTGTGACTGATGCACGGGTCCGCTTGTTAACCTAGGAATCTAGCATGGCACGCTCGTCGAGCTCTGGATATCACTCCTGGTTTCCGCGGCTCATGCGTGCGTGAACGTCCTGGTGTTGCCATTCCCCAACGATTGCTTCTATGGAGATGCCATGGACCTGAAATTTCTGTTGCTGTGGTGAAGATCCTTGCGAATACAGAATCCATAAAGGGAGATCTTTTCCACTTAAGTCACCTAGCGTGGCCGCAAAGAAGTCAATCCCCGCTTCAGTCTACGGACCTGCTTAAGGTAATCGAGTCATAACGCGTATGCACCTTAGTCCGAACGCGGAGCCTATGCGATGTCTTGTATGCCAGACTACGGAACACGTCTAGGCGGAATACCGAGTACAGTAGTACTCGTGCCGAATACCATACGTAGGAGACGGTTCAAACATCGTGATCCCGGTCGCGCAAAGAAGGACCCTGTCTCGCTCCTTGGGGGCCCTGATATTATAGCCTTACCAGTCTGTTTAGAACAGAGCGACGCACATGCCTGCTGAGGAGAGTCCTGCACAAGGTCTAGCGCTGCTGCCCCTGTAAAACTCCCTGCAACTTGAGCAACTCCGTGGCGGTGAGCTCAGGCTTACCTCATCTTCAATTATCCCCCTTTACCAGAAACCTAGCTAATCTAATCTCTTGTCTGAGATCGAGATTACGCACTATGATAAGCTGGGGCCATAGAGGCCTAGGCCGTGTCCACCTTAGGAAAATTCGGCCGTCTACGCTAGTAAATCACGCGGGGACGGGCCACAGCTTGATCTAGGTACCTGGCACCTACGTCCACGCGAACATTGGCCGCTAGGGGGAACGACTAAGAGGGCACATAGGATGGCGACACGCCCGTCACAGTAGGTTAAGTCTGTGGTCCTACTGGAAATCTTGATTCCCGTCGCCCCTACCCGTAGCGCATGATCCATCGGTGTTTGTCGCAATCGCAAAATCTGAGTAACCGGATCTACCGACGATAAAACCGTTTAGTGTCGATCAGGGCAACGTACTACCATACGACAACGCTGAAATGGAATGTACTGAACCGTTCCGACGTCTTTGACGAATAGGTGATTGTGCGAATTCCATTTTTAGGTTGGGCACGTGCCACG,1742,50.63,Homo sapiens
SEQ_281814,AGCGCCAGAACGAATCCGACCTTTATCCAATCTAATGGAGCGGCATGACTCCTCTCCTGACACATGGATGTGAATAGCTTTGCGTCCTTGCATTGATCTTGCATGGGCTCTAATGAGTGTTCTAAACATGGTGGGGAAACACAACACCCCATCCGCATGCCCACTCCGACTGAAGATTAGGTGGGAAACATCTGAAAGATCCGGAATCAGTCTCCGAATAGGCTATGGGACTTCCCGTAGTGTGCCAGAATCGGCGGCGTCTGCCCTTGCGATGGTTCT,279,51.25,Arabidopsis thaliana
SEQ_557271,TGAAAGAGAACGGGTATGCGGGGCAGCACTGGTACCACGATGTTCCTAAAACGAGAAATGAGCGATTATTTATGGTATAGATATTTCTGATCGTGCCTCATGCAGTCTGATGTTCCCGATCAATTCTATAGGAGGCCTGGTAAGTTAAACCATGGGCCTGAAGAGTACGGCTATCACAGCCCGGGAGATCGCTCGGATCTCTCTTAACATCGATCGTATTGATTCTTATGGCTATTCCTATCTTTTATGGGTTGCCATCAGCCCCGGCGGCTTCGCCCCGGAACTATGTGTAGCTCAATGTTCAGGCCGGATGGCGGCACATGGTTATAAATGCGATGGGGTCTCGCTATGACTGGCTTTTGGGAGTGGGTACAAAGACTGTCATAATGGGCTACCCACCAATGACCATCTGAGAATCAAAACTAGTGTCCCTATTTCCCAGCTTTTGGCGTGCGCGAGGGCGTTCCTGGCCGGGCAGCGGGGGTAGATGCTGCCCACGCTCTGCGGTGTGACTTTTGTCGTCCCAAAACGGCCTTACCCTCAGCGGCTTACCATAGGCTCATTCTATTGGGCGGTAAATGCGATGATATAAGTGCTCCCCGTGGCCGTGTGTAGCCCACGGGGAACCTGTGCAACGTGAGTATGCCGCCCAGCGCTCTTTAAGATATACATTAGGTTGTTTACGAGTTTGCAATGCATGGTTGTACGGCTACCACTCCAACCCCGTCGCGCGGTCCCCAACTTAGTAGCCCGCGAGACCATTATTGTTTCTCATGAGGGATCGTTGTTCGAGTTCCTCCGGGCTCATATAGTGCGTCCTGGTCGACATTGACGCCCTCGTGGTAATAAGAGCTTGACGAACTCAAAACGCTACGCTAACCGATACTACATCAGAGAGCACGCC,904,51.88,Arabidopsis thaliana
SEQ_266303,TTATCTCTCACCGCACATCTTGGGGCACAGCTCCTACGACGTTTCCGATAGAATTTCGGACCCTAGGTTAGCGTACATGACGCGTCGGTGAGGGAATGTCCTCGTAGAGGGCTATGCAATACGACGTTGACACCATCAAGCCACCTCGCGCTTTTACTGAGATGTCAACGGGTGCGGACGCACGCCGGGTCCCAAAGACTATGAATCTCAGTCATATCATCCCTATATTAGCAGTTTCAGGGCTTGTTCCCGCCAATTGATTCGAGCCTGCGCCTCGTTCGTATGAACAATTACGGAGACAGTCCCGTGCTCAACATCAAGACGAAAGCACTCTGCGACATTCAATTTATAGCAGTCAAGGGGAACATGCATGCAATCCCCAAAACGCCTCAGAGAAACGGGAGTTCAAGATCAATAGCTCACAAAACCATTGGGGTTCCCAATGCGATTGAGTACTCCATCGTTTATTCCGCTTAGCATGTGGTAGGGATCGTCAATTAGAAAATGGCTTTTCGGCGCACACTAAGACAGCGCCCAG,538,50.0,Caenorhabditis elegans
SEQ_413121,TGCGATTGTACTCTGTTATTGTTTCGTATTCCCTCAGATTACGATCGATTAGGCCAGCGGCGGCTACCGTCAATCGGCGCTATACCACATTTATGTCTATGTGGTCCCTATCTCCACTCGATGGGAGAACCCAGCTCACAGCTCGCGAATTTAGTCAGCAATCAACGCGGCCGGTGGCGTTTGCAGAGCAAGGGAGGAATACGCCCATTGCTACTGGGTCCAACTCCGTGACGATGCAAACGTCTGCATAACATAACTTAGAGAATTAACTCGCCGGCATAATTAAGATAGTAGCCAGTTTGGATAGTCACATGAACGGAGAAGAGTCTGTCCAGTCGACACTTGTAACTGGGCGAACTGGACGGCACCAGAACACACCCCTTGGGCGAGAAGGTGCGGTCCAGAAGCTATTGAGGGGACCACCCGTATCTAACAGAATAATAGTGTTTGGTTCTCCTACCGAGCGGACTGCAGGTCAGAGGGGATACAATTTATATTACTCCCTAGGGATTTTAGACAATTTCACCATACCCGTCAAAACGACTCAGATGCCAGCCTTTCGGTAAACCTTTTCTAATCATGCGCGACCCATCCCCGGGACGTTTCCCCCAGCATAGATGCATACACTAGCTGCGTAGTATGGTGCAGATCATCCTCGCTCACTGTCGCTTCGAACCTACTTGCAAGAAGGAGCACGTAGGATCGAATCCATATCGATGGTATGTGCGTCAACGACACACAGTATAGTTCGCGCTTTGCCTAACATGATCTATCGTATTATGTGGATTTCTCGGCAATGCCCTAGCGGGCAAACTGCACGCCTCGGACGAATTTGAATCGACATAATAGATGACACGCAGAACAATGACATCTGCGCTCGAAAGCGAGGGATCATAGGGAAACTTTTCTACATGCATATGCTTTCCTGTCTCGGCTCCGCCTACTCACGAGCACGGGGGCCATGTGTGCATTTTGGAAGATTACCTCAAGTTAGCACTGCGGGTGTCATAGCCTGAAGACCTATTATTGCC,1031,49.56,Caenorhabditis elegans
SEQ_505612,TAAGTGCGCTGGGAGGAGGAAATGGGGGTTAACGCATTGGTATAAACTTTACGGGGAACCCAAGCCGTGCATTAGCAGCGGAAATCCGTAGACCACTAACTATCGCCCTGTAAAGTCCGGGCTCAGCTTATAGGGTATTCTCTATAGGGCG,151,50.99,Saccharomyces cerevisiae
SEQ_632710,TTTTTTCGTCCAAAGTGGCGGAGTCTGCGCCATTACCGGTCGACTCAGCAAAATAACGAACGCCATGAACACCGTCGTAACCGTAGTTTAAACCATACCCGGGCTACAGACTTTACACGATACGCAGGCACTTGTCTTCGAGACATATCCTAAGCTTGTTGACTCGCAGCACCAGCGACCAAATCTACAGTATGTTGACTCTTCGAACCAAATATTTAATTTTAACCTCTAATGCTAACGCGTAATACATAAAACTCCCTTGTGCGGCAAAGTTCGCTCGCACGGAAACCCAAGAGGTCATTTCTAGGGGTCGCGTCTTGTTATTAAACTATGGCGCCTAGTGATTTAATGTATCACGGTGCATACTGTAAAATAAGCGGTATGTCATTAAATCTGGATGGTAGTGGCATGAAGGGGGATAGTGACTGCGCTTCCTCCAAAATCCTCATGGGATGTTGCGTCTGCACGATTAATTGCAGGTGAATGCATCGAGTTTGCGTAGCGATTGACGCGGGGATAACATTCTTATAGTTAACATGCAGTCGCCGACGGTGTCAACAATTGAGTCGCAGCCAGCGGAATCGATTAAAGTCTACATCCCAAACCAGGCTCATGTAGTTACCAGGTCCAAGACTTCTAGGGAGGATTCCCTGATGTTTCAAACGAAGTATGTCTACGGACTAACGTCAGAAGTTTTCCTGGACCTAGAATTTCTCATACGGTTCGTATATCAGCTTCACCGTCAAGGCAGTCACCGGTGAGCGGGGCCCCTCTATCGACTACATTGGCTATGGGCTTTTTTTGAGGATATCATTTTCCTTGTTTATCTTTCAGGGTTCGCACGCAAGAGACTCGCTACCGGACGTTAGCTGGGTCGGTA,880,46.7,Mus musculus
SEQ_631496,TGATCACTAACACTAACCGGTTTGGTCACCTGGTGCAGCATAGACCGCCTAGTTCGTTAGCGTCCGAACTGACATGCGCCGAATTTCGCTACATCATCGGGGATGATCCGGCATAACGTGGCATAGAAGTTTTTGTTCGTTAGGAAGCGAGTCTATCTAATGCTGATACGATCCAGTGTTCTCGTCCCAACGTGTCCAGTTCCGGCGACAAAACGGTCCGATTGCAATAGATGCTCGTCGTGTCTCGACGATCCCCCTCCTTTGGCATTCACATTCAGCCAGCGTTTGAGGAATGAATTGGTATCGTCTACGTTAGTCGACAGGACGCATTTGTCGTGAAAAAGAAACGACGTACGTCGATCTATCAACGCGTCATCACGGATTACGACGCCGCCGAAAGAAAGCCAGTCGGAACGCCGTACGGCCCAGAAAATGCAAGCCCCTCCGGGCCACGATGATTCGCTTAGGCACCATTGAATCGCAGCTACTGCATGTTAGCTGCTTTCGTCTGTATACTCGTCTCCGCGGCTAGTCTACTACCTGTCGCGCGGACCGCCCTGAACTAAAAGCATCATAGCACTAACAACCAAGCAACACCCCTCGCGGACCTTGGCATCGGCCTTTAGGTCATTTGAAGCCCAGGGAGACCTTCTCTTGAATTGTCATACAAATGTGTAGCTACCAAGACTCTGGCCTGCACTTTATGGTCCTCGAACCTGACGCGGCGCATCACGATTACCCGTAATTTAAGGTACTTTGGGCCCTAGGAGAAGGCATGACTTCCGAAAATTACGCTATTACGGACATTCCACCTGAACAGCTTACATGGCAGATGAGGTGCTATGTCGGGAACCAGTTGTGTGCAATGGTGATCGGTCTATGGCTTCTTATTAGTCTAACCGGAGCCTGATGGGGTTAATTTCAATTATTCACATAGCCTTAACTGAAGGATCGACGGAAGTCTACGGGCGGCGGGGACTGGGTCGTCGCTCCACAACAACAGAAGGGTGATTCACGAAGTAAGTTTTTGTCCCCCCTAACCCAAGCCACCCGCTCTGCGCTTCCCGCCCAGAGTGCCCTGCCATTAAGGCAACTCAGCCTTAGTGTCAGTATTACTCACAAAAGATAGGGCGTAACCAGTCCCCCGCCTACTAGTCCGAATCCATCCATCCGTCTCGCCCTTATCAAAGAGGTGGGTTAGCTTATCGCTAGACATGGTGCTGCGCCTGTCCGGCGCGGGGCGGACAAACCACCGGTGCCGTCACAGCGCCGTAACTCGCCCAAGTTCTGGAAAACGAGCCATCTTGTATACAGGAGTGGTACTTTGCGGGAGCATATCACGGTGACTTTCGACGTCGGTCGAGCTCTAGTTGCTCACTATCGGTTGCGGGGGAGACAGGTAGGATCGGTCCTTTCCCGTTACAGAAATCGGTTACATCTTCGACGTGAGTGATGACGCTGACCCCTTGTTCAGTTACACCGGGCGGCTATCTGCAAGCTTGGACGATTCACTGGTTAAGGTGTCTATACTGGTGGCCCCCAAGATAGAACAGATATATAACAGTATTAGATATGCCCCCCCAGATTAGGCTCGTAGAACACAGCTGTTTCGCACACATACAGTTAAAAATATTGGCGCTATGAGCGTAGGGGCTCGCCATGGCTGACCGCCCATA,1676,51.97,Escherichia coli
SEQ_120204,AACTTGTCTACAAGGGTTTATTCCTGAGCGTGTCGGTCGATAGGTCTGGAGACTCGTACATGTGTGTGCCTTCGGATTCAAAAGACGTGGAGGAAGTAATGAACACTGTTGAACTGATGCATATAAATACCCCACCATCAATAGACTGGAGTATTCATTAACATGTCGGCGAATTCGACTAGTTATGTCCTTCTCTCGACGGATCGCGTCAGACAAAACATGGATCAGGACAAAAACTTCTATCGTATAGTAGTGGCACCGTCGACACATAAGTGTGCGTAGCGCATGTTACGGGCCTCTGAAGACGGGCGACTGCACATATCGAGGAACAAGCGTCGCTTATATGAGATCTCTAGGTCTCGTTTTACCGATAGATTTAGGCGACGTCTGCGGGGGTGCGACCGTTTGATAACGTTGGAGATATCAGTGCGGTGTTGAGACGGTACGCTGAGGTTTGACTCGATGCGCAGATGGTCAGCACGTCACTGTTTTATGCCACGCCTGTGGGGAGCCTGATCGAGACCGAACCCTCTAGTTCGTTGTTCTACATCGGAAGCCGAGTATTCCCACCCAAAAATCCCGATCCTTCTTTTTGAAGTACTCTGGAGCTCAACGCCGCGACCATATTCCTTTTATACCGTAATCTTTTTTTCTGTCTTGCGACTGCACAGTGCCCTCATTATAGTTTTATAAATCTCTTGCCCGAACTGGCCCCTACAGATCAGTCTCTCGCTAAGATTGGCAGCTGTTCAACAACATTGATTAATTCGCAAAACTAACGAGTGCATTAGCTCCATCCCCTGCGGGCTTGTAATGCGGACGCCTTGGCTCGTAGTCGCCTCGTGCACTGATGATCCTTTGACACGCTTCCTTTTCCCTCTGGTCTTTAGGGAAAGTATGGCTGGTTACCTGTGGTACATAGTACGACGGCTCTACGAAAAACCCTTTTGGTAACTTGGACGTCGTTTCTTGCGCTAACCTAAGACCTTACTGCCGTGTGGATCCCCTCTGGTGAACATTACTAGCTTCGGGAGGGAGAGTGAAATTTAACAGACTGCTTGGTGAAGCCTATATTGACGTGGAAAGGCCGAGTACGCGGACTGCCCCCAGCCGTTGGATCTATGCTCGATCCGAAAGCTTATCCGGTCCCGTCTCACGCGCTACCTCCCTCATGGGTTGCCATCGAATCAAATCGGAAGGCCTTACTAGGGTACTCAAGTTCAAGCACTTAGTCTCCACGATAGCGCAGTCTAGACACCTCAGGTGCATCACTTAACAGCGATCCTAACGAATGAGTCAGAAGAACAAAAGGTATGCGTTCAAACGAGGAACGTAGTGACTAGATCTAAATGCATTATGGCGGGAAACAATCTTCAGATATTTCACACGGCTACAGTCATGCTGGGCGTAAGTTTTTCGGACCGAAAAAACTCGCTTGGATCCATGGTGTATCCCTTTGTCGCGCGATATAACCGAGCGTACTCCGAGACCCACATGGGAGACTTCCGAGCTGAGGGCCGGCACTACGGGGGACACGTAGAGCATAAAACCCTATGTAATATCGAAACCGGTAAAATATGTGTCTGAAGTGCTCCACCGCTGGCGAGCGTCTCTTACCATACCACCGCGGTTTGTTTGTCACGCACGTTCCATGGGATAATAGCGCCACCATA,1673,49.19,Arabidopsis thaliana
SEQ_970939,TGCACTATCTCTATCTTACAGCTCGTGCCCACCAATGCGAATGGGGGAATTGGTGGAATATAATATGTGCAGGTCGATCCAAAAAAGACCTCTAGGGCACTTCCGCCAGAATTCCGGACATGCGGCCTAACGTGGTAATAAGCAGCAAAAATCTAAAGGAATCGACAGGCGCAATGTTCCCGGCGTTAATTTAATGCCGCAACCATGTCTATTGGGTATGTGCCCATTAGATTCGGGTAATTTACTTGCCTTACTACCCGTTACGAACGCGGAGACATCATTGTAGCTTCTTACACCTGAGTGCAATGCGTACGAGGCGAGGTATGGGGTCAAAGCGCTAAAATAAGCGTTGCGCACTACCCAATGAACAGAATGGGGGCAACCATTACACCGATAGTCTATCTCTGTGGGCCAGGAGAGATAGTCGATTCGACTTACCAGGCCCGCTTCATTTCCGTTGTATCTATGCCTCAACTGTCACCCCAAAGTGTCTATACAGCTCTGCTAGCTGTCTGAGCTCCTGAGGTAAGAGGGGCAGTCGAAAGTGTGGAACCTAGAAAGGTGTGTCTGAATATGTAGCGGCATGACTAACGTTCTTTCATGCACGGTGCCTTACCAGCAGAAGGTGCAGATAGCAACGCAGGTGTAAGGTTGCTGTGCCGCATTGACCAGGTACGCCCCCAACGCTTAAGGAGTATAGCTTTGCGCGAAGCTCTGCATTAGACAGTCCGCAGATAATTTGACCCCATTTCGGCTAACAACAAGTAGTTGCTCGTGTCGATCAAAACTGCGTGTTCGTAAGTGGGCGCGAGCGCATCTGAAACCGAAATACGCCAACTATCGCCGGCACAGGCCTGCACTCGCACATCAAGGGGACTGATACAGATATGTACGGAATGAACATTTCGTGGGCGTTTCCATCTCCTGCAAGTTGCTCCGCGGCATAGGCCCATCAATTTGCGACTCAAGTAACGTCCGTCGTTACGGGCAAACCCTCTCGTCTGCCTAGTCTCCGGAGACTACCGTGGCTAACCGTTCGTTTGATGCTGTGGTGTACCTAATAGACCAGAGCGGACTTATTCTAGAGGTCCTTTGATAGGAATTTTTTTGGGGAATGAGCCTCCAGCACTAGGGCAATCGCGGCCCAACGATATATATTTACTTATCCGACATCATACTCTACTGACTACCTCGCCCTCCAGCATATAAGCTTCCAGTGATCAGT,1225,49.71,Drosophila melanogaster
SEQ_173860,GAGTGGGCTACGAATGGGATCGTGCGCCGTATAGTCTATCCCGCGTCCGAATCGAGGTGTCAGAAGGATAAATGCTGGAGTTGAAACCTGTACGAGCAGGTTTCAGTTATTCATGAATCTACTGGGAAGCCTCAGTGGTGAATGCGATACAATTTCCACTCTTGCTCTACATTGGGGTAACTATGGGTAGGCTCTGGAACATATAACCCCGTAATTTAGTCCATAGGCCAATGAGCGGACCCTTCGCCGTATACAGCGCAAAGAACTAGAGTTTTAACTCGGCCCTAGTTAGGTCAAACATTGTACGACTGTCCGGGATATTTGATCCTCAGCAAGGATCGGGTTGAGCGACAACAGGATTACTGCGACAAGAATCCGATACAGCAACCTCTTGATTTCTCCTGTACAAGGCGCTACCATTACTACATTGATTCCCGGGTCAACGCTAGCTTTCTCACCTGAGTCAAGAACGGCCTGACTGATACCAGAGTTCATTCGGACACTAGGTCCAGCGGAGGCTATGCCTCGTCTAGCTGGCAACATAGAGATTCATCATGATACATTAATCATTACCATCACTAGACACCCTTTAAATGTGCAGTCGTATCCACACCTTATAACGGTAAACCGCGGGTGGCTTAAGGTCGAGATCTCTGGTTATTTTTACAATATCAGATCAATTCGTCATATCAGACATTGGCGCAGATTAGTATTATTTAGACACAGTAGTGGGACTACGCCTATGATGGTAAGTTGCCTCGTCCACACTGGTCGAACTCAGTCCATTCTATTACCGTCCGGTGGAGTAAAAATAAGCTAAGGCACGACGGTATTCGTCGGCTTAACCCCGAGTTAGGATACCGCCTTACCTAGGCCCTATCTTGCCCGGCAATCGGCGGTGGGTTATTTGCGGAGACGAACCAATCATAGTGCAACAAAGGTTCCGTTAGCCCCCTTACAAGAATGGGATCGTCTAGGAGCTCGACCCGAACGAAAGCTCAAGTAATCAGAACCAGCGTACGCGCATACTACTCAACCGCATGGCTCTTTAAAGCTACAAGTGTTGTAGTATTATGGCACAGAGCCATATAATTGTATTGGGTTCGTTTGCGCCTGTCATTGTGAATTGGTCCGCGAAGAGTCGAGGTACGATAGGTTG,1159,47.54,Saccharomyces cerevisiae
SEQ_559592,CCACTTTACTTTGCGTCATGTTCACTCAGGACTCATCGTTCCGCTCCAGATCGGTAGCCGCAACCTACATGTACAACAATTTTACATCAGGATAATGGACTATCCCATCTAATTCCAACTTATCCAATTGTTGCATCCCGAGATGTCTCAGAGAGGGACCGAGCGAAGCCAGTTTTGGCTCGATCTGTGGGTAGAGGGGCCCGGGCGAACATATAATGCTCTCATATTCATACAGCCCAATGAGAATGTTCCGAGGGGACCTAAGTATACGACTGGCTTGCCGGATGTCACGGGCCGTCGCGGCTAGTGATGTGCGGTCGCCGTCCCTGAATTGGTCGCCCACACATAGGCTCCATGCTACGCGAGACAAAACGCAATCCCCTTATTGTTTACTCTAACACGGTTATCCTTATGGCGTATAGACCATAACTGCTCACATCTATCCTGTATTCTATTGGCATTTAAAGTGTAAGTGGGGCAATATAGGCGACGGGTATGACTTGTGGGTTCACGCACGGGAGGAAGGAGTAACGGGGTCGGGCGAGCATATAGTGTGGCGGCAGAGGATCATGAATAGTTGTCACAGGTCATTGGGTACATACTTCTCTTGGAAGCGGGGAGAGAGCCCGTAGCGTAACCGATTATGAACGCCCTGTTATCCTTCGAAAAGTTCTACTCAGCTAAGTTCAATACGGTCGTGATATTAACGTAGTGTGTTGCGAGACTTAGGTAGTAATTGTGTTGTCAGATGGGATGCAACGAAAACCCTAGGGTCCCCTCGTCTCCGGTCTATGGCTTTGAAGCCCCGGCAGCCGAACATCGTTCCCAGTTTCCTTCTAGCGCCTTACGATTCTAGGAGCTACGAGCTGCGCTATGAGCGCGTCGGTAGTTGTACCTGAGGCTGGTCAAGGAATTTCGCTTCCCTGGTCCCATGTACACTGGAACCATTGTTTAAGTGCACCGGTCGCTGTACTGATGAATAAAAGTACCTCCACCTCTCGCGAATGGACATTGCTATCTAGGTTCAGCTACCGAGTAGAAGACGGGTTTAACTGTAATTGGTTGGCAGATAAGGGCTAACTCACAATGAGGTAGTGAAGGGAGAAGCTCTCCCCACAGGTGGATGATC,1129,49.96,Drosophila melanogaster
SEQ_670150,CGCAGACTATCTGCACCGCCTGATCGCTGCCGTTGCAGCATTCAACCTCGACCAATAGTGGACCACAACCTTCGACTTGTGAAATATTTTATAATGCCATTCGGGCCTTACGGGTTGATGGTGCAGAAGAGCCGGAACCCCGTTATCGCAAAAGTGCCGTAAGGGCCTTACCGCACAAGTAAAGGGCCGGAGTCTCCATGAGAACTATGCACTGGCTAGCAAAACTACAAAGCACCTCACGCACACCGGCATTACAAGACTACGCGGAATTTTTCTAACGCGATCTCATTTCCGACGGACATCGAATTCCGGATCAGCGTCACGATGAGCTTCCAGCTACAGGCGTCTTTTTAGTCGCTACAGGGGTCGATGGTCATCTCTTAGATCCACCAGGCGCCCCGCCTGCCTACCTGAATCGCCTAGTGATAGCGGACAATTACTTCTAATCACCAAAGTGAATTTTGCCCAAGTGTCTTCAAGGGGACTTTGTTTTCCCGATCACCGCTAAAGACCCCAGGGCGGAACTATTAGCGTAAACAACCCGATATATGGAGTCTGACTCCTACAGCTAGATAGCAGTCCTCCTCTATGGTGTACTCATGGTAGTTTCATGTAGATTAAGCGCGATCCAATTCAGATCGACTGTGCCGGACCGAGAGCCCTGAGCGAGACTACACCTTTTAGTTTCTATGCAACCTGTCCTTTCTCTTTCGTTATCATGCGGTCGGAATTTCGAATCAGTGGTCCAGAAATGATAGCGGGCGTGAGCGGGGATCCCAAACCGCACCTCTTCATCGGCCTGAACTGAGGTTTCAACTCATGCTTCCGTCACCGAGGGATGAAGAACACACAAAAAGAATGACGCTATCCACTTTACTAAGGGCATGCGAACGCCACCTTCTGCCGTCATACTCTACGAATGAGCGCCTCTACACCCGGTAAGGAGGTTGAATAGGAACTCGAATCCACAACCCTGGAGCCAATCGACGGTAGTTGAGGTCAGTAGACTAACCTTGATCTTCTCTCGTCTTGAGGCATGGGAGAACTGTTGACATTCTTAGCGCCGTGGTCATATTCCGTTACTCCAACGCCTCTGATTAGAGGTGGAAGGTAGGTAACTAGGGTCGATTATTACAGGTTCTCGCTCTAATATCATCGGGAAAGCTGTCTTAATCTACCTGGACGCGCGTGCCTTCCGGATACTATACTAACTGGCTGAAGCTATTATGGAATTTCTTCTAATTAAGTACCTCTCTAAGTGACGGGTATAGTAAAGGTTTCCCCCGTCTAGTGTAACTTCCGAGGTGCTACTTAGAGCAGTAATCCACGTTCCGTAAGGCTCACGGGAGCCCCAATACAGTATAGGTACGATCACCTTGCGCCCTTCATACCCCCATATTGGTTATGAAACAGTTGCTGAATGCGTATAGGGTACCTGTCTGATTCGGAAGACGCGCAATAATAGTAGGTGTGCTCGTTCGATGCTCAAACCTCGAAACACATTGGCTGTCTTTATATGGCCTGGGGTCGTAAGCATTAATTTAGTCAGGTTGCACTCGCGTGAGCTATTAGCTGTCGTGAAACCAGTTTCTGCGGGCTACGTTCGACGCCCCAGTAGAAGTCGCCGCTTAAAAGCTACGGGTCAGGGGCTTAGCCCCACCTATCAGAACTGTTCCATGGGGGAGGCAACATCGACCCAGGTATTCTCTTAATTCTAATCTTCGTATATGTATTTTCTATAGCCAAAACAGATGCCGCAGCACGAGTCTGGAGCCGCCCGGCCCTCCTGGCGGGGAAGGTTTCCCACTCAAACAGTGGTATCCAGCTTGGCTGAGCAAGACGTCTTAATTTTCGATTCTTCTGGTAACCATCATTAGACCCTGTTCTTTATGGGAAGTAACTATTCATGGTACGCTGTATGTCAATGCATAGACCTG,1937,49.25,Drosophila melanogaster
SEQ_898696,CTGCGAATCAAAACTAATACGCATTACCCTTCAAAGCCCCAACAGGCCGCAGACGCTCACCGTTAATGACGTAGCGAAAATTCCTTTCTCAACGCAGTGGAGCCAAACGGGTTCGCGAAGCTTGTACTCCTAGTATTCTGCAAGCCACCCAGGGGAGGGTCACTACCCTCCCAAAACGATCGGAACGGGGGAAGAGGGGTTACTTTCGAGCCTGCCTTTTTCTGTCGGAACCTATGGCCGGCATTGCTTTCTTTCTAAGAACTCGGCCGTGCAGTATCTCATTTCGACGAGAATATACGCGAGCATACACGCTTTCTGTAGTCAGTAGCGCATTTTCGAAGGTCGGAGCTATTCCTCCTGATCTCGTCGATTCTGAACATCGGCACATCGTTTCCGCTGCACGAGTTGTTGAAGCCGGTTGTGCAGTCTATTGACCGACGACGGCTTAACCCACTATTGCTTCGGCGGCGGCTCAAGTTACACTCGAGGATTTAACTAAAGCACGGAAACATGGATTTCCTGCATGGTATGCGCTAACCCTCCGCGATATTGGACGCGTGTTACTAAATGCGGAGTTGTCTCCGAGTTTTGTGTTCGGATGCACGCCGGTAAGACATGATAACATGGCGACTCCTTCGTTATCCTTCTCCCGCTCTTGGGGGTCTCGTCTATGGGGTGCGCATCATCATTTTTCCGGAAGCATGGCCCTGGACGCGATGAGCCATCGTACCTTCATGTTCAATTTCTATTATCTTGAGAAGACTTATTCAACTTATCTCTACTAGCTCATCAATACCCTTAATTTGTCGGGAGAGCAATAGTGCCACAGGTCGTACCGTAGTTTGTGTTCACCCGTAGAACCCCAGCGTACGAGGGCCTTACAGTTCTATCGACGCGCTTTCCTTCCTCAACAATGTACAGGTGCGGTGCATATGTCGATCGAAAAGGTCCGTAGGTTGGTTGCGTAGTGGAAAACTGTAGTCTATCACCTACAACCATCACCGAACATTTAGGGCCAGCTCTGCCCATTAAGACGGGTCTTCGAACATCTCAGACGGTATGGACCGTGGGGTCGATACGGATAGCATGGGAGAACCCAGCCTAAAAATCTGCGCTACCGGGATGAACCGTATGTGGCGACCGTGTTAACGTCCTGTATATTTTCTACGATACGTGCATGTAGCAAAAGCCACCTGGGACTACCATGAGCCTAACCGGCTAGCGTATTGTTAGGGCTTGGTTCGCGGCGCAATATCTTCACACCATGATCATAAACGGTTTTGAAGCGGGTTTCCGGCCTCACAGTGGGGCATATGGCACAACGGAACTACCTCTGATCCTAGGGCTTCTGGACCAGTTGCTTCAATATCCGGATCAATGTGCGGGTAGTTCCTAAATCCCCGGTTTTGCCGCCCAGGTAACACGTCTCCCCCCGAACTTTGATCGATAAGGGCACCGCTGACCTAGTTAGAAAATCCTTCATAACGGTATCACAAGGATTGTTGTGCAATACCTAGCTATAAGGAACATTTTTCAGAGAGAGAGAAAAGCGGTTTAACATCAGTCCGTATAACCGACACTGTAGAGAAAGTCACTCACGGGATCTGTATCTGTTGGTTGCTCATACCACTACATTTGGCGCCTAAAACACATTTTAGAATAAGTTCACTCTCTCCTCTTGCCTGCGCCTAACATAGCTGGCAACCCTGAGCTTTGCATCGAACCCAATCACTGGCCTATATACGGAAGGGGCTCTTGTTACTCAAGACAAACGGCACACGTGTGGTTCCCCCGGTATTAATAATCATGTATTCTGTCTACTAACGTAAAACGGGTGCGAGCCCGAGACAATGATTAGTAACGCGTGTTTTAGCAGCCCGGTTCTAAAAGGAAGTGGGCGAGTCCCCGGCAGCTCGTTAATACGAACCCACCAGCGAATGGTGTACGATTTTCGGGTTTAAACACAAACTTCGAGATGACACCCATGCGAATCCCCAA,1998,49.55,Mus musculus
SEQ_641926,AAGAGACGAGGAAACTAGTGTCCGTGTATTTTAAGACTACCGTACCGGCTGTCGTCCTTAGAGCAATGCATGGTTGAAAATTATTTGACTGCGGTGTCACCTTGTGACGCACTCATGTTCTAAGCTTGCTGGTTGCGTCGTGCTGGGGGTAGCATCAGATGGTGGTAGTGCATCCAAGCTCCACCGGTCTCTGGGGCAGTCAAACGAAGACGCCCTGCCCACGGCTCACGTCTGCTCCTAATAGTAGGGGGAAGGTGAACGGTATACAGATAAGATGCGCACATTATCTGGCCGCGTCGTATCGAGGTAGGACGACGATGTAAGATTTAGTTTGACGAATTTATAACACAAGACGAATCGTTAAATGCTATATTGGCTTTGACAGGACTTTGATAATGACCCTGAGTTTCCAATCCAAATCTACCCCAAATCAATCGGTCCCCGGTTGCGAGGTTTGGTTCACGGTTGGGCATAACTGCGCCGCCGCGGAAAGTGTGCTTCGGGTAGGTGTTTCAGGCCAACCCCCACCCGGTAGCTGAGCGACGGCGCGTTATGGAGCTGCCTATAAGCATGGCACAGTTCGGTTAGCTGCCCCACACGCACATTGTCGGATCGCTGAGGCCGCTGCACGTTCATCGATCGGTCGTGTCTGTTGAACCAACCCCAAAGCAAGTACAAAAGTAAGGCCGATGTGAAGCTCGGACTTTGTGATATTGGGTGCGGCTTGCACTGTGGATCAATCTCCGTTTGGGCTGGGTTCCGCCGCCGCTGCCTCTAACGTTGAGCGGGGATTGAGGAATGTACTCAAACCTACGTCTGCTAAATGAACCTTCAATATTATTATGAATGCTGTAGGGTAAGTCGCTACCTGAATTACGTGCCAGTAGAATAGGAGTACTCTGTTTAACATAGATGCCGTCTATTCGATTCTTTCAGCACTCAGTGTTATAATCTGCACCATATGCCCGCCCATAAGGATTGAGTCGTCCACCCAGCATCGAGTAGTTAGCTCCAGGGGGCGTGTTGTGCCTCGGGCTTCTACGAGCCAACGACCAAAAGCAAGAACTCGTTGGTCCCCGATAAGTTGAGAAAGTCTGGGAAAGGTCACGATCTATGCGACACCGAACACTCATCTGGTACCACCTGGTTCGCATGATCAATTAACTGGAAACACGTAAGATACTCTGTCTCTCATGAAATGTCCTTCTCATCTTCAGCGACTACGGGCACACGATCGCGTCTCATGCTGAACGCCCACTACCCAATATCAACCCTCGTTCCCCTCTCGACTCGGCACCTCTAAATCATCTGCACAGTAACCGCCACAAGAATCGCTGTCAATCTATCTCGTAATATGATAAGGTGTAGTTCCTCGGTCTCGAGACCTCGGGGTCACAGGGAGAAAGTGATCGATGAGGAATGACAAAAAGTGTGTATCCCACATCGGTAGCTTGGCACTTATTGACTAACGAGCCACGCTCCTCAACGGCTAGGTGATCCTATTAGGTACCAATGTCGTTATATGACTATTGAAAATCGGTTGGTCCGCGTACTACCGGCCGATCTCGAAAGATTGTAGAATGCCATCAGCCCCGAAAGCGAGTTCGATGCCACAGGCAGGAGTCGATCGTTGAGTACAAAATCCGCGCTAAGCAAATTTCGCACCAATTTACAGAACAGGCGCTACCTATGATTTTCTTCTCGGTCAGGCACGGGCGTTTAAAGAAATTAGGAAGTACATTAGGTATCTGGAAATCCTCGGTACTCATCGAGCCCGCACTTGCGACAGGCTTCCGGGATGTGACGTGTAACTATATGCTTGCGCGACAGTTTTTGAATGGTACACCATGCTACAAAGCAAGGCGAGACGCCGCTGGAACCACGGAGTGGACCTTCGGTTAGCTTAAGAGTAAACATCCCGA,1922,50.1,Mus musculus
SEQ_200786,TATATTAGTAAGCCGAGGACGAGGCATTAATGTTGAGTGCATGAAGGAGTACCGGGCGTATCGTCAACGTCACTCGCGGACGAGCGATCCCGTGTTAGGAGCCTTAGAGTATTCCTTATTATAGATGGAGGGAATATTAGTGGGAAATGGTTCTGCTTTTCGCAATGGAGTAATCGGAATCGCGACGACCATAGGCACGCACATTATAATCTTCTTATTTCCAGCGATTCGGTGATATAGCCTGGGAGTGGCCTCTTAGCGGCGCAATAGCGTAAGACAACGAGTAAGATTTCCGATCGGGCCGGCATCACGGTGGCTAGTAAGGATTATCCCCGATATTATTAGAATCATCGTTTTCTAAGAGGAGGCCGTGAGCTCTGGAGACTAAGTTTTATGTCCAATTCATCGTAGCGTGGCATGGGATTCCGAGACTAAAGGCGCCCCTCGATCTAGCTACGAGGGCACAGAGATGTCCCATGTGACGATCCGGACCGAATAGCGTCGCCGACGGGTGCCCAAGGATCCGAGATAGCATAGACCTCGGGACTACGCGCTTAGGGTGAGGTAAAGTATCTCTTATACCTCGTCGGAGGGGCGAACGAGGGACTCATCTGTGTGGGTTCAAAGATGGAGGTTCGTAGGAATAACTCAGAGCAGGAGGTCGGGTGTGCCAAGAGTCCCTCATCTACACCTCGCTTACTGCACGCCCCTAAAGATGTAATCGCTAAGCACAACCGAAGCGACGCGGGGACGTATTCTGGACGCCTCGGAATTGGTCTCACAGCAGTGAGAGCTTACACTCGAAATAAGCAACGCCGCCTACAATGAGTCATGGAGGGCTTTTACAACTTCAATGCTCAAGTGTTTCAACAGGCCGTTTACTGTAGTCTAAGTCCCATGCAACACCATGCCAACACATCCATCACTTCCAACCAGGAAGGCTTCTTGCCGGGAGAGAAATCAGGTTCGTCAGTCGTATGCCTCTCTGTAAACTCCTCTCGATCCATATGTCCCACTGTATCATAAA,1027,50.34,Drosophila melanogaster
SEQ_184312,CGTCGACATCTGTCAGACGCCCATTTATCACCTGGGGCCTGTGAATGGCCCAAACGATGTACTCTTAAGAGGACGCTGCCAAGCGAGCGTATCTGTCCTGGGCCCGTCTGACAATGTGAGATTTGAAAGTCTCAGACAAGAGGTTCATCGTATGCACATCGAAGCCGGACGTGGGGCTGAATTTGCCACCATGTTAATATCATGGACCCCTTTTAGCTGAGCAGGTTGCCAAAGCTATTCTGGACGGCGCTATAGCTTTCTGCAAACGACTGGTATGACCTGGGCAGTTACCTAAGGAGTTCCCTTGGACAATCGGCAACGGGTAATCCCACGTTGGAATCCGAACGATTGGAGAGCTCATTGAGAGCTCTATTGTTATCACCAACCCGGATACTGCATCTTACAGTTCCTATGCTTAACTTTAGTCCTGAGGCCATAATCACAACGGCTATCCCGTGTTAGCGGTGGCTTACTTGGCAGCAGGGACAACGCAACCCAAATGACCCGCCGTGCGTCTAGAGGATACACATTCTAACGGTGAATATATATCAGTCACAAGCGTTTACATGCATACCGATCGAGTCAAATGAATAGATAGGCTCACCGGTTATGAGAAGTTTATTCAGGTGGTGACCGATTGTAGGACACTATGTTCTAATGCATATAGGCGGATTGGCGTACCTCTCAGGCTACTGCAGGCCTTCGACGCCGCCATACTAGTTTTCTTATATTGGGAATTCTCGTATCTCCGGCGATCGCAAGGACATCTGCTGTAGCCTATCATGCTGATTGACTCGCAGCTAACCGATTTAGAAGCATCCGTCCCCACACCGTGCTAAGTTACCAGGCGATTAAGTCCATATGTCACTTGTTTCTGGGCCTACGCCAGCTACCCGTTCCGCCACACCGGTCATAGGGAGTTATGGATACTTAGACGGGCAAGTCCGCAGCTTATAAGGGGATGTTGGACCCGACTCTGGAATCCACGGTCTCACCCGGCTAGGGCATGAGAGGAGATCCGCTATAAATAAGTGGGTCGCGCGAACATTAGCCTCAAGGGAATGGGTGTTCTAGCCATGTCTTTTTCCTTAATAATATGGAGATTATTCGCTATCAGAGAGCTGAGACTAGATAGGGTCACTGCGTGCACAAAGTAGCCACACTCGATCAGTAGACCTGTATATTGGTTACTTTCTCGATAGCTATGCGTGCTATGTATTCAGTCTGTGCCAGTCCCGAAAGTTGCCGACCGTAGCACATCGACATTAGTTCAAGGTTTGTCAACAGCCCTAAAGTCGAAACCTAGTATGCCAACCGCACTCACGAGACCACCGGGACTTAAACAGCCTCTGTTGGGGTGTTATCCGATGAGTCTCACATTTTGCGCTGCAAAGGGCAGAGA,1402,49.5,Drosophila melanogaster
SEQ_186121,TAGAATCACAACTTTCGCCGCAAGTTACAGCTCCATCCCCTCTAGGAGCAGTGCTTGAGGACGGGGCCGGAATGGCACGCCGCTCATTGCCATAGTACACGTCTTCTGGCATAGTAACCACTGGACGATGGGATGCAAATGGTCGTATTTGGTTGGGGCAGTTTATCCTTTTGTGACCTATTTCTATGTAATATCCATACAAATCCTGACCTACGAACACTAAGAGTCTAAGAGCATAATCCAGTAGCTCAGAACCGCGATGGGGAATCTGTCCGGCGGCCGCATGCCAAACGGGCCCGACGGAGACATGAGGACTAGACTGCTCACTCGCGGTCATGGGGTCTGCAAAGATGCAAGCAACGGTCGGGTTCGGGCCGGATCTCTGATAAGTGACTCCACATATGGGCGACTGAACGCGGTTGTGGATATTCTCTACGTCAGGCAAAGGGCTATGTACGGGCGGCAGGAAGTACGTCTCTGTTGGTGCTCTGGTGGGTATAAACGGACCCCTTCGAGATGAACTGGTTTGTCGACCCAGTACATGTAATAGTCGATACGTAGTCGAGGTTGAATAGAGCTAATATTCAACAAGGGTGCTACACACAATTGGTTCAGCACGCATGCTCACCCCCACGCTCATTGTGGCCGAATGATCCGCTTAGATATTCACATGTATTCGCAATCGGGGCAGTACACGTGGTATTCAACATAACTTCTGTCATGGTCCTTATCGCTTCTCCCTCGCGGTGCGAACCCAACATGGGAAACTAAACCCCTGTAATCGCTTTTAAAGGAGGTTTTGCCCGATTAGGGCGGAATGCACAACCATACGGTCACTATATAATAATCGCCTCCATTTGTAGAATAGCGCAACAGTAACATTAAGGCGACATCCGGCCACCCCAGCCCTATACAAGTTAAAATTGCGGTAAATCCGTTTCGCCGGCTTTCGCATAACGACCGCCATGCATGGGAATGACGTACCGGCCCGATCCGCTCCGGACATCCGACGCGATCCTTACAAACGGGCTTAAATCAGAGAGGGACCCATCGAACGAGTTGAATACGGGAGAGGCATGCGGCTAGCGACATCCAGTGATATAGATTTAGGCATCCTCGAATACTAAATTACCTAGGAGTATTAACCTGAGGCGCAGTTGAAAATGGCCTCTGGCTCTAAATGACGCTAGCTTGGGGCGAATTACAAAAGCCAACTTTCCCGGATTCTGCATCTGGGACAAGCCGATATCGCGATCCATAACTGATCTCGGATTGCCAGAGAGGGGCTTGAACGGGAAGCCTCGATACACTGATAGCG,1318,50.68,Arabidopsis thaliana
SEQ_883275,CTCGCAAGGAAACCGGAGCTGAAAATCTCCGCGGCGCCGCACCCTAAGCTGTTCTCGACTTGTGTCAGAAAGCGGTGGCAGCCAAAGTGGCTCGATTGCCATAGAGCATTCTTTTCTTGACTAGAATACAGTATCTATAGTGTGTTGGGTTTTTTACGTATTTAAGATGGTTTCGATATCATGGGTCGTTGGAGGCGATGTAGGCCTCTTGCGTACAGTCGGCCGTGCTCATAAGACGACTGTCGGATAAGCACAACTATCCGCAATGACCCGCAAAAACCTTCGTTGTAGCCAGCGTCAAGATAGCAACCCGGAGTTTTATCGCATCCCCACACAGACAGACTATCGCCCAAGCGAGGCGAAGATTCAATCAACTCCGCTGGTAGAGATAGAACTAGGAGCCACTCTCTGCACATCAGTCATCTCACCTTCTATCCTGGTGATAAGCCCAATCGTGTGGCGACGGGAATCGGACGTAATTCTGATTCACAAGAACGTGAACGAAATCAAAGCTGAAGAAAACAGGACAACAAATCAACAAAACCACTCTTGAGTACTAGGTTGTGTTTAGTCCATGCTCCTTTGGGACGATGAAAGAGACCCCTAAGCATCCAGAGTACTTTTGGTCTAACTGGGACTGCAACCACCCGGTAGACACGATAAGCCGCCTTGTTGTATTTTAGTCCAGGCGCGTAACGACAACCTACTGTGATATTGTGAACGAAATCCCGAGGTACCCCGCTTGAGGGGATTCTGAACTCACTAACATTATCTCCGTTCCGAGTTAGTCCGACAGACATGTAATCGTTCAAGGCAGTATGATTCTAGATGTTGTCGTAATGAGTAAGCATGACAATGGGTCAATGGACCTGGTTGGGTCGATTACTCGGCGCGTGCTGGTTTATCGGCAGCGGCATTGACAAGAT,926,48.38,Caenorhabditis elegans
SEQ_254308,TTGCTAATTCTGGCGCCACATAGGAAAAAGGTGGAGCCGTGAAGTTATCAAGTGTCCCATAACCTCGTGGCTTTGCTCAACTTGTTGGTGTGACAGGAGGACGTGTTGAGCAGGGCGTGCGGAGTTTATAGATTAAGCGAAGGACCTAATCGCAGTCCGCTCCCAGGTCCCCATGTGTAATGGAGTACCCATGCTTACCGAGGAGTGTTCACCCAACACGTTAGGCAGAACTCAATATGTCTTTTATAGATTCCTTCGTATCCCCCCTAACCGGTCGGAAGTAGACACTCACAAATGGTATAGGGAGCGAGGGCACTCTTGATAAAAGCATCCTCAACACGTTCT,345,49.28,Arabidopsis thaliana
SEQ_495390,CGCACGGGGTGGGACATGCCACAATTAGGGGGGGCTTATTATAATGTTTGACTAGACGCAACATACAATGGTACACCCGACTCAGTGCCTCTGCTAACGTCTCTCGCAATCCGTGTCCCCTCATTCCAGCACCATGACGACGTGCCACTCTACGGGGGATGGTCGAGATTGGCGACAGTAAGGTACGCAACTGAGCTCTGCGTATAGAAGACCTAAAATTTCAGAAGTTACAGCTAAGTTTCGTGGGGACACCGGAACTTTGCTGCTCAAAATACTCACGACTAAGGTTCATCAATGGGTAGTCGACCAATCATATGCTTATTATCATTCAGAACCTTCTCGGCGTTGGACTGGGAGAATGGAATGCGCGAGTTTGCTCGTGCATCGTGTCCCAAAGAATACGATTCTCTAGCCCCATCTTTTCACATAGGCAGATACCCTGACTAAGTGAGCACATTCAGTGCCCGCCGGCAGCAAATCTGCGCGTCCAGGAATAACGGCTAAACTTGTTTGGCTGTACCGGACGGTCAGCTGTAGGAAACAGAGATACCGTCCCATTAGCGACGCGCCGGTTACCCTTAATCTTCAACAATCGGGTCGCAGTGCCTCCTGCAGAGGAACAAGTGAACAAAGGAAATCACATGACTGTCGAGGTCGGTTTGGTAGTAAGGTGCCGATTTCTACGTGACCATAACGGGGCCGTACAATACGTGTGCCGTGCAAGCGAGACATTGTGCCGCTCTATAAAATCGCACCTTGTCGGGTCTTTGTCGGGCGCGTCATACCTTCTACCAGTGGGTCTCGTTGTGACTCGCAAGTCCACATTGCATGTTGCAATTGGATCCGGACGAAGTACGTACATCTACAATTTGACTCGGTGTTCGTCTTTAAGAATGGCATCTGCGCCCACTGGCCAAAACACTCCATCGACGAAGAGCACCCGTCCGCCGGCGGCTGACGAAGCCTGGGTCACGGCATTGGAGCTGTTAATTCGGACAACTGGGTACTGGGACCTAGAGCGTATACGTGTGTCAGCGAGATCGCCTGGTGCCGG,1054,51.99,Homo sapiens
SEQ_667720,AGCCTTTGTATGCGGTTGTTCTCGGCTAGCGTCGTGGCACCCCCAAGCACGAAAGTATAGCAGGAACTGTCCTTAAAACCGCACCGGCCGCAGCCGACGAGGAGTGTTAATTGTTGCATAATGTCCCATTTTAGTCTGTAGGTAGAAATCATAAGCTACTGAAGGTAATGGAGTGCAGGAACAAAGTTCACCACCTCAGTCGCACTGGTAAGTACCCAACCGAGGCTATACACAACACGTCCGGAGAGCACCGCATGGAGATAACGGCCGGGCCCGTGCAATCGGAAGAGTCGCTACACTGGAGTCCGCATTCATGCTAGTG,322,52.48,Caenorhabditis elegans
SEQ_263708,TATAGGGCTGCGTGATCCCGATCAACAGGTTGCATTCTGCATTCATACGCCCGTTGTAAGCACGCATACACGGCGGTCACGTACTCAATGAAGCAGTTGTCATTGCTAACTCTCCAAACAAGCCTTGCGCTTCCCCCCAATAGAAGTTCAATTCCTAAAATAGACGTCGTCTGCACGACTATTTTGGTATTTAATCTAGTTGCGTATTTTATTACATAGGAAGCTCCTTAGATATATTGCCTCATGGTGCTCCGCAGCGATGAGCGATGCTTCGGCCTCCCCTGGGTCTGAGTTGCAATGTTAGATCCATCGCATTTTGATTAGTTCCTCCTGACGCGTGTGTTTGGCCGATACAGACGGCTCAAAGCTAAGTTACTTACTGACATGGGGAAGTGTACTCGACTTTGTGTTGGGCCTCACATTCATGACGCAGCTAATAGCGATTGTGAATCAGGCAGCCGGAAGATAGAGTCTAGGCAGCGCTTGCTTGAGATAGTTACCGGCAGGCCACGTCAAAACCCAGTCACATGCCTGGTAGAATACGAATCTGCTCCGGCCAGCTGGGCTGACTTTGACTTCGGATCTTCTTTTAAGCGGGCATAGAGACTTATTGATGCCCTTGGGAATTTTCTACTTAGGGTGTGCGTACTACCACAGGACTGTGGTCGGAGCCGTACAGTGCCTCCTTTGAGTGCGGAAACACCTGTCGGGGCACATTGTGTCAACCTCCTTAGCGACAATAGACACGAAGGACGTAATCTCTCGCCCCTGGGGTACAAGTGTTTGAAGCGTTTACATCCCGCACGTAGTCGAGTACGGCGCCGTTGGTCTACCACTGCAATCCGATGAGTAGGGGGTTACTTGGTATCGTCTTGACTACCTGACCCTGTGAAAGAGAGCGAGGCGAACGAGTCGGTTTTATCGGTCCTTGGGCACCTCTAACTGGACCGAGTTTTGTGCGAGTAGAACCGAAAATCCGCTACCGCGTACGTGTTGCGTCTGGCCAAGTTCGGGAAAGGTATAACAGACCGGCAGCGTCCCGCTTTGAAACAATCACTCTGGGCGAAAACCCTAGGTGCAACGAACCTAATCTAATGATGTATCTGGGGGGTGATGAGTCCGTCTGGCGCAGGTTAAAATATCAGTGAGTGCGCATCTGTGCACAGGGCACAACTACAAGGTTTACTCATCTTCCCACAGAGTTCTTGTCTAAGGAGAACACTAACAGTGGGGTTTGGCGCCACCTGACTCGCATTACCTGCCGTCCTAGCCCGCTTTGTTTCGGATGGTAGTG,1294,50.62,Caenorhabditis elegans
SEQ_546851,GGCTACTGCAAGCGCTATCGCAACGTAGGCTCGCTCGTTCGCCGCGTGAACCGTTTTACGGAGCATGTACCCAAATTGTAATGGTTCAATAATTCGCACTAGGCTTGCCACCATATACCGGGCAATGCCGGGTCACACCCAAGGTCGTAACCATCGTGCGGTAACTTCCTAGGATTGTGGTTTAGCTGCGCCCCTGGACTGTGTGAGGTTCGTCCGCTCATCCCATGGATGACATATGTCCTGCCCGTTAAATAGCAGTCCTTTTCGACTCGTATACATAGGCACCTGCCGGATCGTGGTACCCGCTTCTCCACTGTAATGTATCCGAAGTCACTCACCCGTCTACAGTCCGTCTTCATACGGAGTAGGCTGGTGGTCGTGGCAGTGGTTAGACATAAAGGATATGAATGGACACTCCTAGTGATGCGCGCCGACCGTGATCAGTCGTCAGGTGTGTACTTCTTTGATAACTGCTAGGATTATGTGAAGAACAGGCGATGATCTGACCACCTGGGTGGCTCTTTTTTCCATGCTAGTTTTTCCGTCTATATGATTTCGTGTTTTCGCAGCACGCTTATGCTGCTCTTGCCAACCTAGAGGTTACAATCGAGTTCGGAGTAGCCCATAAGGCAACGGACGCAGTGACATCCTATTGACAATTACTATCCCGTTTACTAAACGCTACAGTCTGAACAGGAGAGGGTGCATTAGATAAATTAGCAATCCTCCCACCATTGAACTGAGTGAGTTGCTCGGCTCCCTTGTAGTTACGCTCCGACTGGGTCCCTCGTGCGTGGTAAGCCTGGCTGAGCGACTCATACTGGTATGACGGCACACATGGGCTCAGATACTATGTGTGGTGGCCATACGCCTGACCAAACTGTCGGAGCGGTGAAAGTGCACTCGGTGGGATGTCCGACGTGATGGCTTCCCCCAACGCACGGATAAAATCTCTCCTAATAGCTGGCAGGCAGTAATCTTTCACACACTCCCGAACGGACGAGCGGCCATTAAGGAAGCCTCGGGATGATATATTTCTACTATGAGCATTCCGCGATAAGTCTAAGTCAGCGGCCCTCGCCCACAGACTAAATCTCTTGCGGAGTGGTCTTAATACGACCCGCTTAGAGCAACGGCCCATCTCGGGGTGTCTGTTACTTTGACACGGATCAATATCACTAAGTACAAATTCCGGCTGTCATGGAGGCCTACAAGGTAGCGCACGAACGACAGGTGTCTCCATCGTGATGAGAACGAAAGTGGCATATAATCTTCGGAACTTCACAT,1287,50.97,Saccharomyces cerevisiae
SEQ_701677,CGAGGTGTGCTCGCCGAATCTGGGGGAGCTTCGATTAATCATCGCATATGAGTGGGGTGTTTGCGTCGGACTACTGCAGCTAGCTTGGTCACCTATAGGTCCTTCGGCTCCGGACTCGCTGTAAAGGAGGAGTTGTTGGTGGCTGTAGCAACGTACGAATCAGAAACCATTCCGTATGAGACTTCCGTAGTTGATCACCGCTCTGCGCGTAAATGAGTGCACGAACCCGTGCACAGGATCGGGCTCAGGCTCGCAACAATCCGGATTACTACAGGTGCCACAAGCATTCTTGTAGGTATGTACAAGGTGCAAACTTGTACTGATTTTACCTTAAGATA,338,50.89,Saccharomyces cerevisiae
SEQ_385233,GTTTCACTAGAACGGTCGTTCAATATTCCCCGTGTCGTTACACAGACAGTTAGAGTGCTGCGTAGTCCACGGCAGTCGCCATTAATGACACGTTAGGTTGAGCTTGATGGGAAGACGGGTGTTTGGAGCCACGGCCGAAACGCTCGGAGATATCCTTACTTTTTTGCTAATGACACTTGGTTTCGGATGCGTGCTGCGACAACGTATACCGCCGGTAATCTGGGCAGCAGGACTGCACCCCCTGTGTAGAATACATTAAACCCACATCCTCCCTGACCCTAGGATAAACAGAGAACGCGTATCATTGTTACGACCACTGGATATGGGGCCCATAGACTAGATGGGAACAAAACGTCGGTCACCGCCTTCCTTCAGTTTAGCAGCGGTAGTCTACCTCCGGGCGTGAGCGGTCGGTAAGAATGAGCCATAGTTACCGTAATCTATGTGGCCACCCGATATACCGGCCTTGCCGGCACGAGATCGCTGCATGATCATTTCGTCAGGCCTCTCCCCCCTCCATTTGACCAAGGGTGTGTCGCGGCCTGCCCCACACAGGTATTGATTGCAGTGATACCAAATGCCTAGCGGCGAGTACACTAACCGGATAATCTGTATCGCTCAAAACTCAAGGTCAGGCCCGCTCAAAGCGC,650,52.77,Mus musculus
SEQ_409754,GTGCTCTGAAACGGTTTGGTAACCGAAATATTTTCCCGACCATTCATTTCTCCACACAACGACAAGAGTGCGAAGGTAAGCGGCAAGACCGGAGTATATGCATGTAGACGTGCTGTTGCTCACCAGGCCATGCCTGACTCATATCCCCCGAGGGATACAGACTCTTCGTGTAACGGCCAGCTCTCCGCCGCACTGCGGATTCTAAGAACCCGGTACCTGCCTGGGACTCGGTGATTAATCTAGAGTCAGCCGCCGGAGGACTTCTCTGGGCGCAAACTGGAATGTTGACAGTACGGAAACAACTGAACGCGCTGCAGAGACTTACGTACAGTGCCGTCGACACAGTATACTGGCGTTGCTTATCTATTGTCTATGCGCTGCTGTGACAGCCCGCCGGACGGTAACGGCGATCAAGCACAGCGTGCGCCGGATACATCCCTACCTTCCAACGCGAAGATTGCGCGTACTCTGTGTTGTCTTACTATAGTATGTCACGGGGCCCGAGCGACACGCGCGTACGTTGTCTCCAACCTGCAACTGCGGGATGCGGTGTAGACACGAGAGGAGCCGCGGTGGAATTCACGTCACGTATCCCACTATCTGGCACCTCCAACGACAGGTCGCCCTACCCCTTGGTCGACGGTGATGAGCATGAAGAAACCAAAGGATTTGCGGGCTACACG,683,55.2,Caenorhabditis elegans
SEQ_789597,AGATATATTATTCGGTGGTACCCGTACCCGACATGCACCATAAGAGATCTCTTAGTGTCCTTCGTTACTAACCCTAAAGCTCTCCCCGAACACACCACTCCCGAGTAGCTAGACCTCTACACTCC,125,48.8,Escherichia coli
SEQ_518585,TGCTGTTGCCAGTTGGCTTTGGAAATTCTCTCGCCGCGCGTTGTCATCTGAACGGATACTTTGCGGGACGGTTCAAACAAAGTGCATTTGACTACTAGTTCATGTGCGCCCATGAATATTACTTACTGTAGGTAGTCAATTGGCGTCGACAATAATCCGGAAGTGTTCCGCATGACTCTCCTATAGAGGTCACAGAATGTAGGTAG,206,46.6,Mus musculus
SEQ_372545,CACTGTGGTATGATATGGGTCTTTTTACGCGCCTAGACGATAATCGTGACCATGCAAGACTTTGGGGGTCCGAGGACCTCTCCCATTAGTGAAGCACTATCCCTAAGTGGCTAATCGACACACCTGTTATGTGTCGTGCGACAACATTCAGACCTGTTACGTTTTAATCCCGGCGCAATCTCGGTAGACATCACTTAATCCAGAAAGCATGGGAATGCCTCTCTCTATGACAAAGTGAAATATACAACCGCCCTCTTCTTTAGTTGCTATGGGTGAAGCTCCTCCAACTCGCCAACCTGTTAACTAAAGGATGCCACCGGACATCTCTTCTAGGCATCTCCTCGTTATCGTTCGGTTCGTCTTTCGCACGAGATAGGCGTGCTACCATAAAAGCGTAGTTCAATCTCGTCGGACTACATGTAAGGCTAGGCATATGGAAGAGACGACTTATTCCCACGCGAATAATAGCGAACCATCGATGTCCGACGCGTAACAGGCCGTTCAAGGTGAGCAGAGCGAACATTGCATACGTTCAAGCGACGCCCCTTGGACAGAGTCGACATTCGGCGGGATTAACTCTCTCGCCCGCACTAGTTGGTGGGTTGAACAACCCCAAATACCTCCCTATGGCTATATCGCCGAGGGCAATCGCTGTAAGAACTGGGTCCTTTTCGCGCAGGCCGCTTTATTCTATAGGTCATATGTTAGAGTGGTGTCCGAGGGTAACATCCGTGTACACCGCTGCTACGCGCGCAACCACTAGATGCCGTCGCCGTAGCTGGGGGCCCTTCCTACCTGGTA,801,50.94,Caenorhabditis elegans
SEQ_863290,AAGCCTATCGACCAGCGGAGGCCCTTGGCACCGTATTACTTTAAATGGATTAAGTAGTTTCTTCAAGGCTATGCCGCAGAACAGCATGCGAATGCGCAGGCACTTTCACCTCGTGGCCTAGGTGTGATAGCGTAGCTATGTGTTGATGGCAAGACGTTTATACCTTGGACGCCTATGTTTTCTAACAGGTGTGAGTCGGACGGGTGTGAAAGATTAAGCGCTTTTATGCAGTGCGAGGTCGTGACATCCGCTCTCCAGGTTACTTAAAGAGGCCTTACCGGGGAATTAGACGAGCTGATAGACTCCCCGGTTGTTAGCGTACGATGCGAGTCGTAATGCATGGCCGGGCCAATGACGACACTCTACCGCTCAATATGTTCACACGCTATCCGAAGATTTGAGACGAACTGGTAGTCTTAAGTCAGCAGTATCCTGTTGAATAGCCGCATAGGTTAGCTTCGAGAACATCTCTTCAAAAATGTGTCGTGCCGTTGCGAGACCCCTTTTCGCAATCCGCGATCTAGAAATACACGCCGAGACCATTATAAAGGTGCCCGTAATCCGAGACTTAGGACCCGATCCAGTACCCGCAGCGTTAAGCCCACTCCGCGGAGAGGCGGCGAACTGGTAGTTCCCAGACAGCCGTGGCTATAGCAGATAGGTACAAATACTGTGTGCCTACCAACCGCTAACCTCCCCTGACCTAGGGACGACGGCACATTCGCGGTCTCGTCTTCTAAAGATCCGCGCTCTCCACTTCGTGACTGGCAACACATTACTAATTGTAGATCCCTCGCCAAATTACCCTGAGAATGACATGAAATCACCGGTATAACGATACGCTGCCCAGTCCCTAATGGCCGGAAAGTCCTCTACGGTATTGTTCTGGGACCTACGTCCTATAGCTCGCCTAGCAGTGGGCAAAATAGTGGACGGATTTGAAGTGATATAGCAGCTTGGTAGGTTGTAAGAACGCTGGACTGGCGCACAGTGCGCCCGGGTTCGCTGGGACTCGTGTATGTTATGCGGGCGCCACTAAGATCTACGGACCCTGCTGTGTTCCATTCTGACCCTACTAAGTCAAAAGAACTTTATTAGGGAATCCAAGTCTGATTGGGACAGAAAAAAAGGCTCGGGAAACGTAGGGTCGAGGAAAGACGTGCAACCCCGTAGATAAATCACCCCCATTTGTAGAGGGGAGTGCCCCCAAATATGGCGATCATGTACAGTTGTGCTTTCCCGCCTGTTTTCGCAATCTACAGCGTAGTGACTTGTGTGTCGATGGGGAAAAATCCGGTTAGTGTGAATTCATTATCGGTCTCGGAAATCGTTCCCTTGTGATCGGACTAAGACCGTAGGAGCATGGCCTGAAATTTCCTGTGATACGGTACGGAGCCGGCGTAAGCACTGGTCTCGGTTTTCGATAGGTATGGAGGAATCCGATACACTACGAGTTAACACTAGCGGGAACCGTAACTGGTGACTGGCCCATAAAACGAAACTTACCACGAGAGTTCAGCTTACAATAGAAACCTCGGCACATGCGGCATAAATGGATAGAATTGAGTAGGCGGAGTGGAAGTCGGCCGGGCGTTCAGCCCCGGCGATCCTTCAGATTCAACTTTCCCTTGAAATGGCATGGCACTATATACCACAGCAAAATCGGCATTAAGCGCGCCGAAGACCGGTTGTTACGTCTATTTGGTAGCAGCTGACTAACGTAGCTTCCACACAAAGCAGCATGGATCCAAGCGGCTGACCTAATCTTGAAGTCTGGGATTGGATTAGAGTTATACTAGCGCCAAGTTTGTCGTGGGGTTTTCGAACGGGCTGCCGTGGGAGTGGTCTTGTTTGCGCAGATTGTCCGAGAGGCGGCTCTACTATCCATGACTGGTCCTGCTTCTGGCGTACCGTATTCTCCTTCCGTCCCGGAGCGTAGAAGCCAATGTAAGCTTAGCTCGAGTAACGATGGG,1973,50.84,Mus musculus
SEQ_110536,CCGTAGGGGATAATCGACGAGAAATCGAACAACAAGGACGGGGCAATTCAGATTCCGCGTCTTATTTAAGACTTATCTAACTTCACTAAGACTCTTCTAGGCAGCGTAATTTTGTGAAGGCCCAATTACGTGACCCAGTCGCGTTCTCTGTCGTGGATGAGATCAGTCTCGTAGATACGTTGGCTGTACCCTAAAAACCAGTGCGCCCAGGCAATACTGTGCCAATGCAGCAAAGAGTAGTCGCTCGGATGATTAGCTCCAGAAGACCAAAAGGAGGTGACATGGTCAGCGTAAAATCGTAGACTTAATATATTCTGTTTCTGCCTGCCCAGAGCTAACATGTACACTATTCTAGTTGATTGGTGCATGTGTTAGTTGTACACGGAACGCACTAGCGTCCATGCCGACGAACAGCGTCCCGTCAAGGAGAAAGAATCTTGGTTATAGCCAACAACTGAGAAGCCGCCCCGGTAGTATTAATATTCTTTAATCGTAGAGGCATGTTGCAACCTATGACAGCGGCTGTCTTTCCTCCGTGACAAGGCAGCCAACTAGATGCAGTCAACATACGGCGAACTAGGTTGATTGTCCGTAACCTACGCTGGAAGTGTGGGACCTCTATCGGTAGACCCGACAACTTGTATAGAGGTTTGCATCTCCGCTCGACGCCATCCAAATATTCTAGGAGTAAAGTGACCCCGGATATCTAAGATAAGGTCGCTGTATCTAATCTATTGGTGGCGAGGCTGTAATGATCCGGCAAAGGTATACCTCCTAGAAGCACGGGGTCGGTCTAGGGTTCGGTACCGAGTCTATATTGCCATAAGCTCCATCACGTGGAGTCCTTGTCGAGTGGTCGCTAAGTCTGCAAAGACTGCTGTCCTTGGAGTCTTGGCTGCGGCGGACCTGAGTGGCGGCGGCTAAGAGCTAGACTCTTACTCCTTTGGTCGGAAGGAGTATAAATAACATTTGAGATTGCCGGTGCTGCCAACTTTGACCGCTTACGTTCTGAGGTTAATCAGGGCATGATCCAAAGGAGTCCAGAAATATTTGGGAAGCAACAAGAGGGAGGTGCCAAGCACACAGATATACTGTGATTAATCCCTATCCACAAAATTAACGTTTGTCAGCGTACACCGGGGGCAACTGTTTATAGAATGGCAAGCCGCTAGTCGGCATAAATACAACGTTGGCGACGCCTACAGTCTCTGACCCGACAGTTACCCTAATAATAAAGTCGACTTGTTAGATTGCAGAGAGTCCTAAGGTACTTTGCCATTCAGGAGCCCTCAACAGAAAGTTATCTCGATGGAATAAGCCTGTTCTAGGGATTTGACGCTGCCTAGTACTCGCTAGTTTCCCGTAGTTAAACAGTTTCTTCACTGAGTGGGTACATTACGTGGCGTCATCCGGGTCCAATTGTGGACCTCTTTCCCTTCTGAATCGGAGGGTTTACTGGCTCTATTTGACACAAACAAGCACGTAAATCTGTGTAACAGCTGCTCTCAATTCTTCCCGACTCGCCTAGTGACTTCACACATACCTATAGGCTACCAGTCAGCGCTAACGAACCGATATATACACGCAGCTATGTTCTTGGCTAAGCTCAGCATACAAACCGTGTCTACGGGCGACTCATACTGATAGAAGGGACGAAGACTGCACCCCGGGCTCTGGGCATGCCACGTCTGTTATTGTGTGTCACGCGGCGCGGGGCAATACAGGTAAGTCTTGTGGGTCGCATCCCAAAAGGCGCATCCTTGTAGCAAAAAAACAACGAGAAGTTCGGCCTCGGAAGTTCAGGTATATCTTTTGCGAGTAGGTTGGACGG,1831,48.5,Caenorhabditis elegans
SEQ_362632,TAGCTATCATGGGATGGTCGCCCTAGCCATACGTTGTAGTACACATCAAATCGCCCCACCTCGACAGGTTATCCTGACCGTCGATTTCAGGCTCTTTCTGATGAATGCCCATCGGCAGCGCACCCCGTTACTGCCAATTGAATCCCCTATATTCGATACTGTCAACACCGAGAGCCAGTAGGTCTGAGATTCGACTCAAGTCGCGCATATATATGCATTGAATGAGTTGCCTATACCGGCTCATAAGTTTCGTGTGGAATCGCCCTTGAATACATGTAAAAGCTCCAACAATCGTACATACACGCTACCTACCCTTTATTTTCCAGCTGGGGGGGAGCACACTTCGTGGAATTACAACGCAGCACTAAGAGGCACAAGTGAGGTAGTGCTAACTGGTGCCCTTTACATCGCGACCTCCTTGATGATTCTCTG,432,48.84,Caenorhabditis elegans
SEQ_587021,GCGGCCCACGGTCTGCAGACTCAGGAAGACAGAGGGTTCTTTAATCTGTAGGGATCCAGTCCAACCAA,68,54.41,Mus musculus
SEQ_949166,CAACAGCTTTGCATAAGTTACGTAGGGTGCCCCATCTTAATGCAGGAGACGTTGGTATATGGCGTAACGATATCGCATAGTCCACAATCCATAAGCGTTTACTAGTCGGGGGGCTGGCATGACCTGTCAAGTGAACACCAGTTTCGTTTGTTGGGCGTCCCTTCAATTCCTCCACATGTGAACATACAGTTGTGAGATTCGTAGAGTCATGTTATGGATCGGGAAAGCATCACCTCGTGGGCCAGACCTCTGTGACGCTCCCTTATCAGTATCACCGATAGATTCCGGTATCTAAGGAGTGCGGGTGTTGACGACAAATATGCCATTACTGAGCCTGCTCGATTATCT,348,48.28,Arabidopsis thaliana
SEQ_780469,TCAGAGGGCCGATCAGCTAGGGACCAAGTGAAGCGATCAAGAAGTATCTAGAGAATTACGTTGTTATATGACCTCGGCCACACGGGACGATGGAAATGGACCTAATGAATGCGTGGATTCGGTTTGTAGTTCCCCCGACACCAACAGGAACCCCACCTAGTGCTCCTATCCGGATATATTGGAATGGTCGACGGGCAACCAGAAATCCTGTTACGCAGAAGCGGTAAGTAGGATGGACCCTTAATTAGCTGCGCGTGCTTCATACAAACTGCCTGTCAGCCGTTAGTGATAAAAGTTCCCCCTAAGGGCTATGATAAACAGTGCACCAAATCCACTGGCCTGCTGCTTCCTTTTATACACGACACCAGCCTGCGTGCGCGGGTCTAAAGCACAAGCGCATCAGCGACTAGGCCCCCTGGCATTTTGTTCCAATTGTAATATTTCGGCTTGGGATAATGGAGCCCAAGTGTTTGGTCACGAGCCCGAAGCTTACGAATTCAAAGGCGAATAGTCCACCAGGCGTTCCGATAAACTTTCGAGAAAAATACCCTAATTCATCCATGCCATTCCAACGACAAGATCGGATCCCGCGATACTCTTCTGCACTTTCGTGGCTGGATCTCCCGGGTTCGTCGTGACATCTGGCGCTCCTGGTGTGACGAGTTACAGTACGGTGATAAGGGTCCCCGGCGACAGGTTCCGGTAAGCTTCACCACCCAAAAGAAAGAGTAAACCTCACACAGACAAGTTCATTGGTTACCCTGCTTCACGCTTATGTATCACAAAGCACCGAGGAATAGACTAGCGGGCAGGGTCACTGCGCACACTGTTGCTCGGCGTGACTCGATCCCAAAGCCCGAGAACCAGGTGTCCCAAGTCGAGGTGGGGCTTAGGACTACTCAAGCGCAAAACCGGACGACTCGAGGTATCGCATCCTATAGCTACTTTACATAGGCGAACGCATAAACGTATGCTAGCTGAGGTTATGGAATGGTCTGTACAGCGTGGTATACCCCCTGCGGTTTAGTTACTCACTCTTCCCCAAGGGAAATCTCCTAATATGTCTGTAAACCTATGAACCTGGTACTGGCTTTTTAAAACTAACGGATTTGACAGAGACTACGCGCAGGGCACTCGGATATCATGACTAGTCTCTAATTACGCTATCGATTTTATTCAGAACGGTTCGCGTAGCCTGTCTTTAGTACTAGTACATATCGACTAGATCGTTACGCGGTGAGATTCGAATAATACAGACAAATACGCCCAACTATGGACACATACTGTATAGTTCGATAGTGGTCCTCCAAGCCTGATGACCATGATGACGCTTCGAATGGGTTATGACCAGCTTTGATTTTCGTTCCTCATCACGGGCTCTTTGCACTGTTCTGAACCGGTGAATCAAGTTCATTGGCGGGATGTAGCCTTGCTACGGGTACAGCAGTCTCTCATGGTATGTTACCCGCTGACGGCCAATTTAGGCTCACGGACCGCCGGACATTAGCATCAAACGACGGCCTGTCTTGTGCGCAAAGTGTCGTTCGACAGGTGGCGTTTTAGGCCCCAAACCCTCGAAGCCCCATCGCTCGCCTCATCCCTAGCATGCCGAACCTCCCCACGCGTGTTTGTGGCCGCTGGCGGTGCAAGGTAACCCTGCAATGTTGCAAGCATAGTGGCATGCGACAGGGGACTTTATGGCCTTTACATGGTTAGCTGAGGTGTTTAGGTATGTAGGCCCCGGTTTTACAATGACACGCAGGGATCGCTTCTTCCCACAGGGACTGACAGCAACTAAGAAGAC,1804,50.55,Escherichia coli
SEQ_641182,GACACTAGGCCATTGCATTACCACTACAAGGTTGGTAAACAATGGGGCACCAGCGGAGATGTATTCGATCCCAGGCCTCGTCACTACAATGCATTATGACTATTATCTTACAAGGAGCTGAGAAATTAGTGCCGACACGTGTTGAGACAAATATGTTTCAGAAAATATGCGTGGTGTTCGCATATACGGGGTGTACAACAGTCGGATCAGGACAAGGGTTAAATCAAGTAGCATCTACTCACCGTCTCGCGTTCGTCTTCACCTGAGCTAAACACACTGAATATGTGAGCCGTTCAAAGGATTGATTCAAAACATTAGCGCCTAATTCGTGCCGCTACGCGTGACCCGGTCCAAATTGAGACTGTATCTTCCTAACACCCACTTCCGGACCCGGCACCCACTCCTTGATCACTACTTCTAGGGGGTTGCGACCCAAAGTCCCCAGCAGAACTCCTCCAAATACAGCTTCCACTTTTCGGATAATAGATACGAGCTTAGCAGGGATCGGGCTACCCAGACTCACAACCGCCCAAGTCTATGCAAAGTGTTGTATCTGACCAGCTTGTTCTGTGGCCATTCACTCGTTGCACTGAAGCAAAAACTTGCCAATAGCCTTGAGAACGAGGATGGCGACTTCGAGCGCGCCACAATTATCGGAGGTGTCGTGGCAATCTGACTATATTAGGCTGCGCGGCTCGGATGTCAGGAAGAACCGAACAGTGCTCCCTTTAGATGCGCCGAATTGCATTCGCCGTGGACATTAACTACCTCAAAGATAGATCGATTGAATACGCATTATTGCTAGGGTGGACGCGGACCAGTCTTGATACTATCACCATCTATGCCTGGTAGACGATGGGGGCACTAGAGGATCCAGCAGTTGAGGCCTTGCACAGAATTGGCTTGTGGGCAGTCCCAAATGTGATCGTGACGGAGAACACCCGGAATCGCGGCACACGCTCGCGACCTGCCTATAGACTTCTATGGGTAGGTCTTTTCTAGTCTATATTGCAC,1014,49.51,Homo sapiens
SEQ_711830,ATGCACCCCACTCATGCTAGGTCTTTTCTCCAGTGAGGGAACCGTATCGACCTCCCCCCAGGTCAAGATATGATTAGGGTTGGCCCCGCGTAGATGGCAGGGGTCGTTCTCGTAATGGAACATTGCCTTGCAATTGCCTCCCGTAACTAACAGGAGAAAGTACAACGTTGCAAGGTGGGTCTTAGTAAGTCCGCCGCCGCCTCCTATGGCGCCCAGAGGCCACGTAGGCTTATGTTGGATACGGTGGCTAAGCAGAACTGTCCTCTTTTCTTATTTCAGGGTAGCGGTCTCTTTGATTCAGGTATACGTCCATCAGGCGGGGCACCAATGGTGAAAGCGCTAACGGCACCATACCCTTCTATGTGGTGACCTGCTTCCGGGATCTGAAGACAGGCGCAGTTGGCCAGATCAGCAGCCAAGCAGATATACTCAAATAGCTGAAGCGTATTATATCGAGCGTTTTCATATCATCAATCTAGTTCTTAACGGCCCATCGTAATAAATGTTGGGGCTACATTATCCGGGACGGGGCCTAAGGGCCGTGGGACGTATGTTGAGAGGGCACCATAGAAAGTAAGCTGGATCCTTTCCGAGTCGTACATAACAATTCGACCCTGATGAAGCAGAGTCCCTTTAATAACAATAATGTCGACTCAATAGCCGGTTGTCGCACCTTAAGGACGGAGACCTCCACCCAAGTCTGATAAACGTCAGGAATTTTAATGCGCATTAAAGCTACGAGTGGGCCGCGGCCCGCGAGATGTAAATAGCGTAAAGAGACACGCCGCGATCTTTAGTAACCTCCATCAACATGCCGCGATAATTCACCCACAGGAGCGGGCAGGAACACGTACTTTATGTGACATGGGGACTAACCGTTCGTAGCCGATCTTCCCACATGAGCGGCTTACGTACTTTTGTTAGGCCTAATCAACTACGCCGGGCTTGAAACAAAGACGGTTGTCTCGGTAATACAATGGTCTTAGAGCAGTAATTAGCTTTCATCTAGGTACCAGTGTCCCCGTTTGCTTCTTCCAGCACTACGGAACTCTTAAATACCGAAGTCATATCCGAGGGACGCGGATTAATGACATGTTCTGTCCACTATCCAAATGGGCGGGCGGTTAGCGCTAATACTTCCCGTAACCTAAAGGTGTTCATTGCGCACTCCCCAATATCACCCCACTGACTGTCATCGCACGCAGGCCGATTGCATCGATGTTTCAGGCGGATGCCTACTCTCAGCAACTCAGTGACCCGCATAGCTCGGCGCTAGAACTGAGGAACCTCGACCACCGTTGGGCCTAGTACTCAACTGACCCTTAACGCGTAGCTAGTGCCTTAACCAAGCGGAGTTCGCGCCTGACCTTAGCCCTACTGCGCGCAGGCTCAGCGGCATGCAGAGGACATTGTGCTCGACTACTGGCTCATGCCTGTGCAACTACTTGAAAGGCTGAAGGATGGAATTGCTCCAGATCCCGGTTTGCTCAAGCTGGATGGTCCCGCCTTAGCAACCGACCTAGGTAGTTAGATTTCATCCAATGAGGTAATTCACAGGGTAACTATGGCGGCAACAGGACCTCTATACGCACATTACTCAATTGGATGCAATAACTTTGTGCCAGTCGACCGAGGGAAACCGAGGTCTCTGGGCTCGATCAACAAATACCGCGAGGAATTGGAGACCAGTCGTAACGGAACTAAGTGCCAATGCGACACTCCTTCAACTGCTCCACGCGATTCCTTGGTAATTTGGTTAATGATCGAAGAGAGACCGGTCTGTACTCGCTCAAACCGGGATCTCTTGTGTATGCCTTGTTGAGAGCCATGCCCGAATACAGCAGCACCTGCCGTGTAGGC,1860,51.18,Caenorhabditis elegans
SEQ_878369,GGTTCGGTGGGGCTGATGGCTGCCGCTAGACAGGGGTCCTCTACCTAGTAGACGTCACTCGCAACCCCGTAACACCCGGATTCTCGTAAGTGACGGTTTACCCCACGGGGGCGCGAAGGGTTACGATTCTGTCCGATCTTTAATGGGCTCGGTGGGTGCTCTGAACGCGGTGCATCTCTATAGCCTACCGACCCGAGCCTTTCATACCTAGTTATGTCGCATGGGTACCCTTACATATGAGCTTCACTGAAGACGTGCCCCGGCTTTTGTTGATCCGTTTTTCGTGATACGGGTTAGAGCCTGACGGAATCGTGCACACGGGTCTGTCCAGCATCTTGCGATTGGAAACGGTGTATCCCGTTTATCCTTGTGAGAGTCATGAATTGTCACGTTGTACGAGTCGAACTCCTATCTTAACTATAGCAGATATCAAGACACAGCGTACGCGAGAAGTCTGACTTGGCCTTGATTTGCGTATATATTCACCGCGCCTAACAAGGGTGATTATCGTTCCCCAACCTGGAAAATCAGATGCTCGTAACCGCATTTTACCGAGGCCGGTGAAAAATCACGTTGTGGAAATAATTCGAGGCAACTATTATGTGAGAACTGCCACAATTGGGGAGACGAGCATGCATTGGGCGACCACCCTGCTGCCTCTACCAAGTGAGCGGACACATTATAAGACCCACGATCG,697,51.36,Arabidopsis thaliana
SEQ_574510,ACATTTGTGCCACCAATTAGCCGGTAGAACTGGAACCAATCATATACTGGCACTCTTAACGGAAGAGTGATCAAGGCTACGTACAGTCAACCACGCCAGAGGATGGAGCCTGTGTCTTGTAAAGGACTTTTCCGTTGCACACAACACGAGGCTCTTGAGGTGCAAAGTAATGATTGAAACGATTGCACACCTGATATACCGATCTATGAGACCAAGTAGCAATCGACTTATGGTGATGGTCAGTCCGCCCGATAGCATCGAATTCGGACCCGGCACCAGGGGCTTTGGTTCCTTTCGGACCGGTATCTTGTACCCGTGAATGTCTAGTCCGCCCGGAGGTCTAACGCCAGCATCAACCTTG,361,50.14,Escherichia coli
SEQ_659473,CGTTAGCAGCACGTTTGGTAGGCCATCGTTTTACGAGCGCGTCATTCATTTGTCAAGTAACCGCATCCATGGCAGCGAGACTTACGCGGGAAAGCGCCCCGCGATTATCCTAAACCTTCTCGTCCGGTTCGTCTTTCCCTACCCTCACAGCGTCATAGTGCTGTCGACGCCAGCGTAGCTTCCGGAAGCCCCGCAAACGCCAACCTGAGTGGACTACGGAGACAGTCTTAGAGGGGAATCGGTCGCGCCCGCAGGACTTGTGTCGCTTTTGTTATTTGAGGTGCTATTAAGCCCGTACTCTCGACTCCACGCGAGGCACACGACAGTCAATAAACCCTGGCGCGGCGAAATTTTCCGACACTTAATGCGCTTACGGCATTGAGACCAAGATCTGCCCACTATGAAACCCAAACATACTAGTACTTATGAATTATAATACTGATGCAAAAAGATATCGGCTTTTGCTATAGAGTCCCATCCGTTCATCCCCACACTAGTAGGAAAATTCTGTCCTGAGAAGGGGTAGCGAATAACTCGTAAGTTGTGGGGTGTGTTGAGGTTCTACCATAGACTACAGGCTGGAGCCTCCATCCATTCTGTTGTGACCCTTTTGATTAGCCTTGGTAATAACTGGTTAGGAATGCCACCAATAAGTAACGAATTCGTAACATAAGGTTATCTATCTTCACCCGGAGGAGACAACCTGTATGCCTACGGGCCGAATAAGTTACTACACGTTACCCCCGCTGTCCCGTCCTTAATCAGTGAATGTGTTTTCATCAGGAAGAAATCAATTGATGACTCCTCGGGGGCACCTTGACGCCGCGCCACACTTACAATGGCTTTCCCTAGTAGTACTTCAAGTTTTGTTTCCGCCCTGCCAATGCCCCTAAATTTGCGCTTATGGCTATATAATCGTTAGGCGGCAACATATGGCGTGAGAGCATCCTAGTTCGCTAGGAA,963,49.22,Escherichia coli
SEQ_237686,GCACGACAACGAGTAATATTGTGAGTCGGCCTGCCCCCAAATGCCTTAGTATATAGCTTGCACGCTACCACTTCCCTATTGTTAAAGCAGCGTCAGCAGGGACGAAAGATAT,112,48.21,Mus musculus
SEQ_219083,CCTATTAGCCTCAACTGGGACCCAGCAGAAACAATAGCCGCTCGGCAGGTCAGGGCTGCTCCCGCAAGAACCCAGGCAGTCCTATGTGACCGGACGGTACCACTTTCACAACGCGGTCTGAAACGTTTGTGCAAATCCCAACCTGCATTGTCCTTGCTCCCAACCTGTAGTAACGCGTGTAAGCTAGCCAGGACAAGTCCGAGATATAACCAGACTGGTACGACAGGGCCATAGACATGGCAGCCGCGATGGCGAAGCACAGATAGTTGCCGCTAGAGTCTCTTTTTGCATGGAACGTACAGATGTCAAACTGTATCCAATTGCCGATAAAGTAGGTCGCTCCCTGTTTTCGCTGCTTCCCTTTCACCTCCCTTCTGAGCATATTTGCGGTACCAACAAGCTTATTGTCTGGTGTGTCCTTTTCGTTCTCACAG,434,51.84,Escherichia coli
SEQ_952683,ACGTTTCACTTGTACCAATCCTCGTACTGATAGAAGTAAGAAGCATTCGCTAATCCAATTCAATGACTACCGCACGCTACTCATTCTTATCGGCGTAAACACACTTTTATATAAAAAAACGAAAACTGATAATAGACAGGCTAATGCGCACAGTGGCGGGATCGGCAAGTTCATCCAATCATATGCCTGTCTGGCCCATAGTGACCAGCGACTGCGCACTATAATGACTTAAACAGCGACGCCTATACCTAGGGTTTAGTCGGCATCCTGTTGTTTGTTCAATTAAGCAGTAACCTCGAAAACACGACACATTGAACGCAGTACCGTGTTGTTCCTTGACATCTGCGATACTATAAGTTATCAGTCTATCTAGTCGTGTCTGCTGGCAATCCTCGATCCAAAAAGGCCTACCCCTCCTTGTACTGTCCTCAAACCAGCGTGGTTGGCGGTGCGTCAGCCTGTTAAGATCAGTTCTAAGCTCCGCCAATTTGTTTGAAACATCTCAGTGTTAAAAACTATAAAAAAAAAGTTCTATGGTTGGTGGTCGCTAATAATGTCTTTTGGACCTCTCCTAACTTAGACATTAAACCGTTTTTGGACACCGGCGTTGGAGGTTGCTTAAATTAGGACCGAACACGAGGACGGAAGCATTTGCTAGGTAGAGCCGTTACTCCTATCGGCAACGATATCTCCTGCACATCCGCTTGAAGCACCAGAGCGTACTAGGCTCCTAAGTTTCTTCGGCTAACTTTAACGCTTAGTGACTAATTCAGAACGTGCCTTGTGTCTTCGTATACACTGCACTGTATGTGAACTAGGTTCCGATCAGCAAAGTGTATAACGTAGCAGAATCTACTGTCCCTCGTTCCCATATCCTCAAGGGTTGTAGTAGCATAAGTGACTGTTATTGTAGTATCTATGAGTTAGTTATAACTCAATCACAAACGGGCTGCTTTGGCTGGGAGCAACAGGGGACTAATTGCGCTTCGCGGAGTGTGCGCTTAGCATAGACCTGACTCCTAATATTGAGGTTAATGAGACGGTCGTTGCGTGCGTATGAAGCAGTCCGCTTATAAGTGCGCCTTCCCCACACCTCGGGGGCGCGCTTATCAGCCTTGCCCTAGTCGGAGAACATACCGTCCGTTACTCCAACACGAA,1158,45.94,Caenorhabditis elegans
SEQ_537865,TGCTTTAGGAACAACAAGGCGAGTTGCGAGTTTACAACAGAGAATCGGTGTATTCGACGCGGGTTAATAGCGATCATGGCAGCGGTTCCATCGTGTACTTATCCTCGTGTGCCAAATCTAGATCCCCAGCAGCGAAGGAACTACATCGTAATCGTTAGGGAGGGACTCTATAACAGTGTTTTAGAGATCACGTGCCCTGAAAGTGTAGGTTCTCTTTTAAATTTGTGGCGCAGTAGAACTGGCTCCCCCAAACACCAATGCTCAGTGTGCCCGATCGGCAGTACTGCCGATGCTGTTCTAATGGAGCACACCGGTGAACACGACAGTAGTCGAACAACCGGAGTAGTTAAACTATATTCGGGAACGGTTCTAATACCACCTCGTGAGTAGGTCGGAGATGGACTGTGACTATCGTCGGTGCTAACAGGGGCTGTTATTACACTGCGGCCGCATGAGCGGGATGTGACGACCAATGTACATCTGAAGGCAGCACCACATCACGCCAAAGTAAATTTTGGAGTGGGGTCAAATGCCCAATCATTACGACCCAGATCTTTAACTATACAACTGTTTTTCTCCATCCAGCTGCGGTCCAGGCAATTACCCGTTACCGATAACAGCAACTAGGACCGTGGTCAAGTTTTTACTGGGGTGCATTGAGCGAAGAGCGCTGCTACGTGTTCAGGATTAGCCAACCGAATTTC,704,49.01,Mus musculus
SEQ_923092,AAGGTTGAGGAGATTCTGGCAACTTGCACGACTGATTTCACATTTCTCCTCGCCCGTTTCGGGTAACCATCCTGCTGTAAAGAAATGGATTGGTAACGTTAGCTTGCAGGAATCTCGACCCATTCTTACACTTAGTCTGCCTATCCACCTTGGACGGACGGCTCGCCTTCCGTGATGTAATAAAGCCAACATTCCCCGCAGTTGCGCGATTAGATCATCAGCCGAGGGCCTATCCTAGTTCCCCTGTAACTGAGCTCAGACGGGATCTAGGTGACTCCCCTTACTCCGTTGCAGACGCCTACACGCCTCCGGCAGCTGAAAGACACAAGACATGCGGGGGGCCCGAAGTGTGGAGCGGAGTTCTGGAAGTCGAAGATCGCCCTTATTCTAGCTATAAACTCTTGAACCTACTACGTGTGATCAACATACCTCCCTACTATCCGACGGTCCGCGCCCGCTGGTGGACCGCAGCGTTACTGACTCAAGAGGGGGGTAATCAGTCCTCAGATGCGGCCTAGCCTTATGTAGACGCATTTGTCACCCTAGTCTGCCAGGGAGGCAATACACTTTTTCTCCTTTCTCGGAGCGGTCGGGAGTGCGTATTCCCGTTTCTTCCCTGTAATGGCTCTAGGATAAACCGCGACATAAGTTGGAATGGAAACTCAGTATGCTGTGGCACCCATACTTCTAATTCTCGTTCTTTACGCCTGCTATTGCCCCATCTTTTTTGACCGGATTCAATGAGACACGCGGTACGACGATTGGTCTCACATTTACATCAATAAGTCCATTATCCTGCACAAAGATGTTCACACTTCCAGTAATCGCGAGGGAATCCATCTACTCGCTTTACGACCACACGAGAGATGGTCGCTGGTACGTCGTGGTCATTGCCCTGTGCCACCGCCTGCGAAGTGTCTGTGTTAGGCGCATAAGTGTGTCACCCGGACACGCTCGCACGGGCGCGGCTAGCCGTGTGCCCATCGTATCAGAACAGCGAAAACACTGCGAATGGGGGCTGACCCTCGACAACTCACTTATCCAGGTCGATAAGGACCTCGCTGGGCAAATTTGGGATATACACCGAAAGACTAGCATTTACAACCATACTCTCACGCAGCTCTTCAGTTCTGCTCGCCGACAGGATGATTCCGACCTACTGTCTGCGTTGGTGTTACTGGGAGCGTACTTCGATTGCTCGCGGTAACGCCGGGCCTTATCACTTGTGCTCTGTGGCTGGACCGATACGTCAACAACCGGGCGGTGATTTTGCCAACCACATAAGCCAAGACCTCCATCGGAGGCGATTTCCCGCGTGCGTGGTCTGTTAGGTGTTCGCTGCTCGGAAAACTCACGGTAACTTAACACCCCGGTGGCTTTTCTATATTAGGCATAAGTCTTGACGACCGTTCCAACCACTCCGCTAGGCTGGGTGCAAGGATGTAGAGGTGGCAGACGGTGCAATCCGCAAACGAGTCTAAAGACATGGTGCCCAAGAATTCAGTGCGAGGGACCTTTACGACCTTTAATTAAGAACTTGTTGGACCCGAAATTTTAGGTTTAGTAATGTTCAGGCCAATGTTCTCCGGTTGGGCTTATGATCCACTCTCCCGAGGCTGCCGACAAGATCGCGATATGTGACCCGCCAGAGAGCTGGAAATCCTGACACATCATTACGGCGTATATATAGACGCGACACAGATTCTTGTCCGATCGCGGAAGCCCCATTCCTACGAGATCTGTCGCGGCGTCGCGAGCCCTCCTTTAAACGACGAATCCACCTCATGAGCTCCAAAACACTCGTCTCCTCTTTTTGTCAGTCCGGCCGCGGTCTGCGCTTTGTTACTGAATTCCGTGCAACAATATCGCATCGCCTACTAGAAGTTTTGGGAGGAGCATTAAATTGAGCAGATAACTCGACGGGGAATGTAACGCACCGAAAAACGAGACCCAGTCTGTGCATCAGCTAGAAAGCATCGTGCATGA,1986,51.96,Drosophila melanogaster
SEQ_541341,AAACAGTGTGGGATCATTACGTCAGATTGCACGAAAATAAGTGAATTACAGTACCCGAGACGTAAGAAGCTACCGTGGACAGGCTCCAAGGTATCGGCAGATTGTGTTTATCCCAGCGTGAGCTCCACATAATTGCACACTGTACATGCCGATCCGGGGGCTGTCCAGTGTTCATGGCTAAGTGTGGGAAGCTGTTCCCCAAGTACATTGCATGGAGTCTCGAGGTCAAGCCCGCGCACACATCTACATCCTCTTGATTCCGGATGAGGTCACTTTATCTATCGTACGCCCGAACATATCGTTCTTGCCGAGATGTCGTGTCAGCCTTCCGGAACTGCGGTCCCGGAGCAATGCACTGTGAATACTCGATATGTACGGCATATCCAATAAACAGTTTTTCTACCCTGCCGCTATGTCGCAGACCGAATCGAGGTATTGGGTAGAGGGGCATCGCCTTATAGCGCTTCTACCTCCTACGCGTGGAATATCCTGGTCTGCGGGAATGCTGTATCTTTTTACCCTAGAAATTTATTCACCGATAGCCCGAAAGAGAGCTTTAGGAGTGTACCTCTTGTGATGGAACAAGTCCTACTCTCACTGAATGGCTACCTCGCCGATGAGTCGGATCGTTGCCTGAAAGATTAGACCTACGTTCGTATAAGTGCGTAATAGTTTGTATTTTGAGCACGAGAACTGAATCCGAGTGCATTTACAACGTTGAGGACAACTATGTCAGGGCA,740,48.65,Mus musculus
SEQ_827565,CGCAGCGAGTATCATGAGTTGAGCATAGACTGATCGGCCTGAGGAAGGTGTTCATAGGATAACGCCTATAGCTCGTAAGGACAAAGGCTTCCCTTAATTCGGATTACTTTAGCGGCAGCCGGTTGTCTATATTCCGAAAGGCATGACACGAGCATAATCCCACAGAGGATGCGAACCGGCCTATGTGTACCAATCGTTGGCGAAGGGCAATCAAGCGTTCGTCATCGAAAGGTGATCGGTGAGAGTCATTACAGTACCCCGCGTACACACATGACCAGATTCGACTTCCGCACATGCTGTACCTAAATGCGTCTCCCGCGGTCGGCGTGCCATTTTCGTTAAGAGCGTTTGGATGTTTCATGTTTGGCCGGTGTGCGACCATAGCGATCCGCCTGTGGATGAGCGCGGTATTGAACTGCTATGATCCGGTTTTCGTTATTTACATTTGGAGTTAGGTGATTGAGTAATATGGTTTCAATAACATGTTCCCGGGGGCTGCGGAACCTTTCGTTGCAAACGTCCGTTGGGTTCAGTTTGTGACAGGGTTTCGGCTGGCTTCCGACGAGTGAATTTTGTTAGCCGCAAGGCAGTATGAGCCCAGACTACGACCTCAGGCAAGCCATATTCTCGGACTAGCGGCGGGTGTATCCCTGTCACTGGGCCCAAGACCCGGTT,675,51.41,Mus musculus
SEQ_297953,GACAGCGAGCCCTTACATATTCAAAACCCTCTGTTTAGTTTTATATTACAAAGGCAAGTTGTCCGCCACGCATTAAGCCCCGTAGGTAATTTTGTATGGCTTAAGGGCCGGGATATGGGCCAATATCAAGGGTTACATAGAATCTAGCGGGGTTTGTAATTCCAAGCGTGTTGCTCCGAGGCTGTCAGGGTTCCAATTTGAACCGGATACGTCGTGTTAAGCGGGGGAATGCAACGCCTGTCGATAAACTCGGTCATCGGATGGGGTGGTGAATCACCGTTAAAGTATCCTGCAGTGCCCAACTACATCCTCAGCTCACTAGAAAAAAACAGGAATTCTACCAAGTCGGTACCGCCATGTTCTCGCTAATTAACGCCCCCCTAGGAACAGCACACTCGCTGCTTCAGTACTGCTAGTGAAACATTTCATGGATCAGTCTGCCACTGGTTAGAAGACATTAAACAAATCTTACATCCTCTTTGGGTCAGTGGTTTGCATCAGTATGCTCGACTCCGGCTAGTTCCGAGCAAACACCTAAAGGCAGAAAATGAGTTCATTCTCGGATCGTAGATCTCAAATTATTGACTAGCTAAGGTGCCATTTGAGCACGTGGCTCCTGCACAAGATCAGGACCTGGATTGACCAGGAACGGAGACCACTGCGAACAATTGCACACAGCCGTTACGTTGAGAACATCATGTTGATCAATACTAGACCAATAGGTCAACGAGACGAAAGGCAACCCATTAATGGCTACATTTTAATAGTGCCGTGCCACAGGAGCCTTTTAGTTGGGAGTTCTAGGCGACTTGGCTCAGATCCGGTTTCGTCTCATCTGAGCTTGTGGGAGGCACTCCGACGTGCGGCAAAGAAGATTCGGATCTGAG,887,47.8,Drosophila melanogaster
SEQ_367690,CCTTCAGCGTTTTGAGGCTGTTTCATGAGGTTGGACAAGGATACGGATACGAGATTAAGCCACCGGTTGCTCGCCATCCCTCAGCGCAGCACGAGAACTTACGGTTACACGGATTAAACTCTCTCAAGTACGTATCCACCCAGTAACTTGGAGCGATTTTCTGGCGATCAATATTCCGGTTAACTTATAAGTTAATTAAACAAAGATGCCGTACGGAGGTTTCGGCCCGACTCTCGTGTGGTCGCCTTCTCTGTGATGATGATGATTGCAGAGATCGATCCACAATGAGATGGATGCTC,299,47.83,Caenorhabditis elegans
SEQ_276692,AGAGCGACCAGGAGATTGTTGCTTATCGGGAGACACAATAAGGGTACGCGTTATTATCATCGCGGTCGAGTCCTGCACCAAATGGTGATAATCACCAGCGATTGACATAAGTAAGCGCCCTAAGTTTATAACCTGTCACGCCTATTGTCCCCAAGAGCTGCAGTTGGACCGCACGAACAGCACAACTGCCGACATGTGGGGACAGATGCCGACGCTAAGGCCGGGTTCTCGGACACACCCTCATTCCCTGCTCTGGGACTGCTTCAAACTCTTATGCGGGCCTATCTTGGAGGCCAAAACCGGACGATTGGACCGGCAATTCTAATGTGGCCGACGGACTAGGAAACATGCTGATACCTTCAGCCTTTCTACCCAGAACAGCAGAATTAGGAGGCGAGTATGCAATACAGTGTGCCTTAAGCTGGGGAGTGTTTACTTGGGTCCGTCATACCCCGGTTAGGCAGGACTCCGAACGCATATATCCAGTGGTCCGGTCCCCGTTTTGCGTGAACACTTCATGGTCATGCGCCCTAGTTTAGTTTGACATTACATTGAAGTTAAGTTAGCTGTCGTGCAATTGGAACCCGCTTGCGTACTCCGTTTTACAGACCAGCATGAATAAAGAGTAATCCGTAACTGCCGATTTTGATCTATTAAAGCAAAAAGCAGTCCCGGTGAAGTATAACAGCCTTCATGGGTCTTAGTTTCAGTATAGTTCGTTCAAATGACCTTGGTATCTCACAAATCCAACATCCGACACAACTCTGGGTCTGTACATGGTTTCGAACGACGCTATTGAGCTTAGGCCAATCTTAAATAACACCCCGCAGCGTTGCCGGATATCAATGAAAACTACTGCTCATACTTCCAGTTTAATCGCGCAGCCTTGTGGGTCAGCGCGTTGTGCTCTTTTCCGACCTGGGGGCATGGTCCCCTCGCACTAACTTGGAAATCCAAGCCGCAACGCTTTCTGAGACTGTTGTGTGACTAGCCTCCCCAAAACAGACTTGTTATATTCCAGGACCCTTGTTTTGAAATGTTTTGAAGCCTCTACGGTGGGGAACCCTGTGCTTTCCATTGACTGGCCCACTGAGAACAGGGGTTCAGGAGGTGGTATTCAGGAGGCGCCACCTGTTCGCCGTACTTAAGCTGATCAATTCGTGACAACTACTACCGTGGTGCGAGCCGAACCCCTTAATGTCTTTAGCCCTATAATCTATGGCGGTAAGTTTCCGAATGCTGCCAACTTCCAGTGGTCCATACTCGCTACAAAGTACGTTACCGCTAGTAGTGATGTTTGTCACACGAACCATCAATGCATACTGAGTGGACATCCGGAGGTAATGTACCCTTGGCGTAACGATGCCAAGCTAACTCGGAATCCGTGAGAGACTCGAAGGCGGCATCTGGGGGTCCTATTTAGACGCCGATTGCCTGAAGTTCCCAAAGGTCCAGCCTGCGTTGGGTCCGTGAACCTGACGCATGAATTCCATGCGACCTCATAAGCGTAATCACTTGTCTCCGGGGAATTAGCACTTCACCCGTGATACACACCTGAATCTCCTGGTGAAGCATTATAGGAA,1583,49.78,Caenorhabditis elegans
SEQ_448159,GAAGTCAGTCACACCGGTCTCTAGCACGTCAACTCACACCTGTAGTAAAGCCACTGTACGCATCATGACAATTTATGAGACGCGTTCCCAACCTAGTCCCGTTCCTACTAGCCCCAGCACGCGGAGTCATGACTAATGTGTTATAGGGTGATATTCCTGGATGTATACTTGATAACGACATTGCCGCTGGCCCGCGTCTGGATTGATGTCTCCGTCCGGATATCCAAAGACACAGTGTGGGGCGTTCCCTGCTCGACACCATGACGAGGTCGCCACGCAATGGCTTGTTGTTTCAGGGGCGGGACGATCCGAATACTCAGCTGGCGTCGTCCGATCGACCCGGAGGTCAACAGTATTAATCAGTTCTGATGCCGATGGCCTTGACTCCTTCCGTATATTTATGTCACGTCGAGGAGTGGTGGCCGATTCTCACGTCGTCGTGTGTTGTGCAGAGTGTAACCCTGGACTCCGCAATTCAGGTTCGCCGCATCTATACTAAGCGCTCCGCCCTAAAAAAGCTGTTACCGATTATATACTTCTCACACACTATCCAC,554,51.99,Drosophila melanogaster
SEQ_345510,TCGGAGCAGATTTGATTGCTTCGTGACTGGGTTGTATTTAATTATATAATAATACGAATCTTATCCAGCAGTTTGCTACCAAAATATCGCTATCAGTGTGCTCCCTGCAAGTTGTATAACAGTAGGGAAGTTGTTATGCTGGATCGGGAAATCCGCCTGATTGGCTGGTAAAAGCAACCGCAGACAACTGAATGAAACGAAGGCTTTCCCTTGACAGACCCGTGCACGGGGTGCATACGCAGCCGATATCCACACACCCAGATCCTGTAGTTTCTAAACCTGTGTCACATCATCTTATCTAACGTCCGGTCGAGCCATTGATCACAGCTGGCACTTCGCCGCATCGTGGGCCTACGCAGCGGTCCAAGTAACTCTGGGTTCCATGCAGAAGCTTGCTTGAACGGGAAGTGAGATGGCTCACGTGTCAGAAACATACAAACGGTTCCTGGTCAATTAACATTGACCAATGGATCGATCCTTTGTGCTATCAGAGTGACAAAACCAGAAGGGTCTAGGGGTACTTGCTAAGAACCAGCTGCGCTGGGGAAATGTCTCAATCCACTTGGTAGAGGTTACGCTTTCCGCCCATGGTAAGGCCGCAGAAAACGGGTATGGTCGTTGGGAGACCGATACAGCCGAATCAATTACGTGCCGGCGCGACAATATTTAGTACTCCCCTACAAGGGAGGGCCCGCCGCGATGGGCGTTGCGGACGGCCCGCGCGCGAAGGCGCAGGGGAAGAGAGTTCGCGAAAACACTGGGGCTAAAAGCCAGAGAGGGTATCATGCTACGAGAAAGGACGATAACGTACGCGACATTGCGCTATTCTCGCGGGACGGTTCAACCAAATTGGGGCCCGGATACTTACTTAATCGGGACTCCGATATCGATTACCAATTCTACAGATGTCAGAACAAGGGGCTAATGCATTCCTCAGGATATCGCTTTTGGCCGGGATCCGATGTGCTCTATCTTCCGCATAAAAATGGTGCGCGCCGGCATGTATTACAGCACGCATACGGAAATTAAGCTCGGCGCGGAGTGATGAAATTCGGTACTCTTGCGCCGCAGTGTCAGGTTTCATCGTAGTCTTTGCCGTAGCCTACGGGGCCGAAACGTGTAGGCGGTCGCCTGCGTTCTCCTAATCGAGGCACGGTTGTCTGGGAACCAGTTCCCGTTACCCTCGTGCCCTGGCCGCTCTTTTATTACCAGCTCCTGTGTTCTCGGGTTGTAGTGCGACTAATATCGGTGGGACAAGATAGGGCGCATGACAGACCACAGTCTCGTTATTTGGCCCGTAGGAGTAGAATAGTAGGACCACAGGGCACACAGGGGATCCTCAGGGAGTTACTACTGATCGTTGAGGCAGCGCGGTATCGTGGGGACGTCGTAGAACTCCCAGGAAGTGGTTGGAGGTCTGATGCTGTGAACATGGTCGCTGCACATTCATCTTTAAGTATAATGGCTTAATCTTACGTTGATCGATGGAAGCAGGC,1496,51.67,Saccharomyces cerevisiae
SEQ_390457,AGCTTCAGTCGCACACATTTAACTACATATCATACGCACACAGTAACCAAAGTACATAGTCGCAATATACCGGCTTCGAGATCTTCAAACAGTGAGCATAAACGGCCATCTCACGGGGCAGGAGACAAAAGGGATATCTTGGAGAGTTTTATTGTGGGGTTTAGATGCGGCAGAGCAAGTCAATCTCCTAAGCGACTACTTTCCGCGCTCGGTGTTCAATGGACGGGACGATATTGTCAACTGTGGTGGGCCCCACATAATACGATAAGCAGCATAGTTGCAAGCCAAGCAACTATGTGCCCCCTCGACGGCAGTTTATCGAGCTAAGAACTGTTGGTGTGTACAACTCCTCGTGCTGCTCAACGCTATAACTACAAAAGGATCAGAAACTCTTCGGTGTCAATGTGCGAACTCCTACAATAGCATCATTGCAGGTCTCTAACGACGGTTATTGCGATGGCCAGCCTTCGTTACGTAGCTCAACTTGGCACGTTTCGCCGTTCACATCTGAATGATTCGACTTGGGTCCCGCGCGGGACACAGTTGGGCAGAAATTGGAACGGGGGCATTCGCAGGCTGATGCATTCAACAATGGTCAGCTCAGATGGAATCCTGTTCAGATTGAGAGAAGGCTTAGCCAAAAGTGGGCAAAGTGTTAGTAGGGAAGTCTCCTTAGGAACAGGTTTCATTGCTATAGGCTATGGAGTTGGCGGCGGTTAGTCAATGACCCCCACCACCTGAACTCAGTAGTGTGCAGAAGTACGCTATGTTGGTCCGTTCTCCACGAAGGTATGCCGGTAACGGCAAGCGCAAGCCAGATCTAAATGACATAAAAGTCCGATAACAAGTCGTAACCGCTGAAAGTTTAGATTCTTAATACAACCCATAATATGTTATCCACTGCGAACGGATGTCGCTCGCGGAGTGCCCACCTGTCCGAGCGAAGGATCCTAACTAGCTCCGACT,966,48.76,Mus musculus
SEQ_536118,AGTGAGAGTGCTGGCAGGAGGCGTCACGGGGTAGTACGTACGGCTTCATTGCGGTCCTGCGGAAGAGCTTGTAGAAAGTGTACATAAAGCCGTGCCCGATCCTTCCCGAGTTGCAGACAATGGGGGATTCGCAGCGAAGTCTGGCGAGTCCTGCCGGCGCCGAACATAAACTTCGTTCTATTATACCGATGGGATAAATTTTAGCTTGGATAAGACTCTTGTTAGCAACCATGATGATGGAGGATCCAGCGATGGAAGTATTTTTTCTCCGACGAGACACCCCGAGACTTCTCGAGGCCGCTCTAAAAGAGTACGATGTTCAAGGACTGTTGAAGCAACGCGGCCCTCCGACACCCGAGTGACCCGTTCAGGGCACCGAAAAAGGCTTCACAGTTCAAAGCAGCACGGATCAGCTCTCGTACCCATGCAGTCAAAAACCAATTAATGGATCGTGAGTATCCATCAGATTCTGTGAGCCTACTGCTTGCTCAAGGGGAGAGCACGGTAACCGTATCACGGAGCAACAGTGGCAGTAATGCACGAGGGCGTGTACAACCCCTTGGGTACCCCGAGCCTACTACGACTGATATCTATTTTCGGGAACGGCGAGGCAGGTGATTAATGTATCCGAGTCGCGAGCCGGGTGCGAGAGTTCCTTCTGAGGTACTCTGCCTCAAAAGGTCCCGGACTATACAGGCGTCCCGGCTACTCTACATGGACCTTGGAACGAACGCGGTTCCGACAAAGTCACACTGCAACACCCACGGCTGTTCCTACCAAGACCCTGACATCGTTGAAGTTTATAACCCTCATCGTATATTATAGTGATGAGACGCGTCCAAGCCAAAGGGCCAGCGCTCTACGCGTGAGGGGGTTGCCGAACTCAAACCACAGCACTTTGGCATGATTTTTCTGCTAGTTGACTTCAAGTACTACCAATTTGACAGAAAGAGGAACGTCTTCATCTACTCGGACATTGGTTGGCCCACAGCATATGAGATGCTTTTGGGTGAGGATGTCAAGAAGAGCACAACATCTCAAGTTAGGATTCCACCTAGGGCCCTCAGACGGAACGCCAGGCGTGCTGTGATGCACCTGTTCAACTATACTCGTGTCCGAATTTTTTCCGTTTATAGACTACCTAGCGCAGTAAAGACAAAGTGGACTAACGTGACGCACGAGAATGGGAGTGCCTCGACTCGATGGGACAAGGACCCTGATGCTCATCGGATTCGCGATGTGAAAGCAGATAGTTATATTGAGCGTGGACCTATGGGGTGCGCGTGTATGAAAGGTGTCGAGCCTCCAATTTTTGAACTTGCCACTCGATACATAGGTACCAAGATGGCTTGTTATTGTTCTAAGATCATGCCCATGAGCTCACCATCCAAGATGTTATTCGATACGAGTTCTTCTGTTGTCCTAGCTACCCATTAAGAAAACCGCAATGGGGTACTATCCTGCATTACAGCGCTACGCAACCCCTGCTGATGGAGTATATGATGACAGGAAACTCAAGTAAGACGTTGAATCGAATGTTGTCACGTGTACCTTCGAGTAACCTTAGGGTGCGGACAGAGACACCTTGGTATTTGACACTATGATCTTTGTATTATCAGACAGCGCGTTCTTCGAGATCGAAAGCTCCACC,1651,50.09,Saccharomyces cerevisiae
SEQ_625755,ATGGCCAGCTATATACCAATAGAAGCCTTTCTCACACGGTGCCCAGCTCAGATCCCCACATCTGGCATTGGCTCCATTCAATAATAGTCGCTTAGATGGCCGTGCGATATGTTTTACTCCTCAAGTAATTACGTAGTGCCTCCCTGCCGTCAATCTTGTCCCCCGGAAAATATAAAAAACTGTAACGAGATTAGGGGGGTCAATCTGGAGCGCCTAGTAACGTGCGGCGGGTGGACCCTTAACGAGCGATTGAATCGATCCACATTCGTGGAACAGGAGGTATCCTTAGGTTATTGTGCACCAGCGGCTCACAAGGAGACGCCTGTCTACTATAATAACATGAATGCCAACACTAAGATAGCGGATCATCCCGTAGGGCCACGATTCCGCAAGGCAAACAAGCAACTCCCACTGTCAAAGTGACGCAATTCTCCGTAGTGCGCAGCGCGCCGGAAGCCAGAGCAAGAGGATAACGGGCCTCGGCGCCTATAAGATGAATCTCAGGCGGCGCTACGCACCCGTCCGGGTTATTGTGTTTTAGTGGCACCTCAAGGAGACCATGACTAAAGCTGACGCGATAGCCTGGCCTAGGAAAACGTTACACAGCACAGTTAATACCCCCCGTTGACGACGGCCAGAGTTCCACTCGTATCCTGCCGGAGAGGGCAAGCAGGAAGGAGGAACTGATATGTACCTAGTTGTAGCACGAGTACTATACCGATCCAATCGTAACGAGCACTCTCGCAATACGAGGGCAGACGACTGCCCCTCGCTATTCATCGACTCTTTTGGAGTCCACCCGACAAGGTCATGGACATTGAGTACTTCGTGCGACAAAGACCTTCAACCCTAACGAACAAAAAGCGGAAATGTACGATGACGATGAGAAGTCACGCTTACCGACAATCACCTAGCGTTGCACTACCGCTCTGCACCAGACAGCCCTACGTCGGTCTCCTCCAAATGCCTGAGTGCAGAGTCACCGCCAATCACAGCTGTAACACTAACCAACCTGTGCCGCTCAATTGGGCAGCCTTATCAGGAAGGAGACCCCGTTCTCCTTAAGGCTGCGGAGATGAGGCTTGCCGCCGTCTATCGTAGAACTTGGCGAACTTTACCAGCCTATCTGTCAACAAATGCATTAATGACTTAGCACAAAATTAAAGGTCCCTCCCAGCTATATCAGGTTCCCGCCATGCCACATCGTGCTCGGTGCCAGGGATGCTCTGTAAACTGACGCTAAAGTCGACGCGGTAGAACCATGGGATGACACACGAGATCGAGGATGGCTATCCATCGGGGTTCGCCGGGCAAAGGACAAAAGCGTCTCGTCTGGAAGGTGGACTTCCCAACCCTGTGGTCTTGATTAGACCTGCTTCATGGCATTGCTGGTCGGCGTATACCTGGTACTGTTACAATAAACTGGTTAACGCAACGGTATCAACAATGTCCATGGTGGGTGATAATTCCTCGAAATCAGCTATCATTGACACCTTCGAATGTATCAAGTGAGACCCAAACAATTCCTTGATTGAACCGCTGTCTACACCACTAGCTTTTGTGGTCAGAATTCCTAAACATCGGACAATAAAAGTATGACTGCTCGCTAGCGAGAGACTCGCTAAGCCCACATCTGATGCGATGGGAGGCAGCTAGTCACTGAATCGGTTTCCTCGCTAAGAACAAGTGACGGTGCCACCGATAAGTTGTGTTATATTATTGGATCGCGTTTTGGATGCTTACAGTACGGAAGGGGGGTAATAGTTACATATT,1773,50.48,Caenorhabditis elegans
SEQ_895393,GCAATCAACTATCGATCACCTTTCCGTCATTCACGCAAGGAGCGTCCACTCAGAGCTGTATCGTATCGACGCTTCGACAAGCTTGGATGTGGGTTTGGCCACTGGGTCCGAATGACTGTCTGGACGACCAAGTAAAGGTATCTTCTGGGGAAGCCCCGTACCTTTCTCGCGATTCGACAGATATACGGGAGGAACGTGGGATCCAGTCGCGCGGCCGCCAGCAGGGCGTCTTACCAGGGGCACCCCTAGATTCGCTACGTTCTTTTTTGCTACGGCTGAGCCTCGCGTCAAGTTCTACATGTATCCGAGTGTTGACTCAGCTATAATCCTCAAATTGTGCTCGAATAACCTTGTGGATTGCCAATTGATATTATCGAGTGGGCGACCACGAGATTAAGGAATTTAGTACCGCAGTCTATACATTATGCC,429,51.05,Mus musculus
SEQ_949278,AACAAGACTTGCAGTCTTCGGTCATCAACTTATTAGCCCACACTCAGGATACCAGTTAATTTCAGTTTGTGAATGGTCAGTCGTCGTTCATAGAAGCGCTCTACGAGATGGGTGCGAACTAGAAATCAATCCGCACTCCCGTCATTACGTTGCCGTGTGCGCTATCATTTCTGTACAAGTGCCACTCATGCACTATAGAACTGCTCAGAGGCAGTTACTGTCGGCCTTCAGGGCGTATATCGAACGGAACTGAAAACGGAATACTTTTGTTCTGGTAGCCGACATAGGGGCAAGATCACTTGCGGCCGCGGGGGAACCCTCGTAATGAAGTGACAGATCAACATACGTTTTGCTAAGTCATGCGAATCACGTCATCAGTCTTGCACATGGAGCTTGATGGATGATAAATGAACCTGTCCGATCAGGATCAAGGTTTGAGGTCTGCCGTATCCAAGCGGTCACGGCGCTAGCGTAAGTCCGATGGGGTCCCGCCGACCTACGGAGAATGAAGGGTCCTTCCTGACAACGTCACACTCGCAAAACGTTGATAATGATCAATCACGTCGCGG,569,49.56,Mus musculus
SEQ_425547,TGAACGTCCTGCAACCTGAGTTATATGGAAAACGCCCGATATCATTTTCACGAAGCTAAGCCAGATATCTAAACTACGCCTTCTCGGTTCTACGTCGACCCTCCCGATCGCAGCGTTTATCGCCATGTCCGGAATGCCGCAAAGCTCCTCACGGGGCCTCGGTGGGGAGCTAACCGCTGTGGCTTGATAATTGCTCGACCCAGTCATGATAGTGTAAGGACACGCACGCCGGCCGAGTCAACCCTTGGCCCGTGCGTGTCATGGTGGACCGCGAGAACCGCACGCCCATTGAGTCTTTTGCCCCGACTGGATGCGAACATGCGCTCGCTTAAATCGTACCTCGTATCGCGCTTTTGTTCACCGATCGGAAGGGGACATCCTTTGCAATCCCCCTGTGTTCGCACAGCACTATTCACCGATGCCTGCCCCTTTGCGGGCATTGCGTATGTTCGTCTGCAATAGGTGATTTCAGAGAATTTTCTCTACAGTCTCAG,494,54.25,Arabidopsis thaliana
SEQ_709040,TGCTCAAGGGGGATGACGTCTGACCCAATCGTTGTTTCTTGGGGAGAAGAGGGAGGTACGTTTACCGAGAGACGCGAGTGCACGCTAGCAGGAACTCCGTAAAGAGCTTCTGTTGCTCGTGGCAATTTATGGCTTCTGTCCGATCCCACATCGCTAATCACACGAGCTAACTTCTGTAAATGGTAGGGCCAGGTCTAATGTGGTAGAGTGCCGAATACATGCGGTACAAGACCTCACTGACTCCACTACGACCTACTCCTGTGGTATTGTCGCTTATAGACTACGTAATGCTTTTTGTCCACGCCGCGAAGCGGACTCCGGTGAGTATAACTAAGAGAAAACTTCTGTCGCGTGGATGCCTGCATTGCTCGGATGGAACGTTGTGTGGTCATGATGTGAAATCTCGCATAAATACATTGTGTTGTTCAGCTGCCAATAGGGAATAGCGTGACAGGTGTTCGTAATGACGATAGTCTGATGTCGGGTGTCCCCACGGATTTGAAAATACATTCAACCAAGAGTGCTGGCGTCGGGTACTCAGTGGGATACCAGAACTCTAAGTCATTCCGTTATCATTGCAGCCTGTATCGCTCATCGTCAAGATGTAAACCTCTCGGGCGGGAGTAAATTGACATATACTGCGCCCCAAACTCAAGAGTCTGCGACTGACTGCGAAAGCACAAAAACAGCAGTTGCGTCTGAAGCCGCCCATTACGCAGGGACAGTCGCTGTATATGTGATCGTTTCTGTCCTGAACTGCTGGCGCTACCCTGTGAGGTGGGACTCAGTCGGAACAGATGGAGAATCATCCGCATAGACGCAACATCTAAATAGGTATGTGCCCTCATTGCAACGGTATGTGAATCTCCACAAAGTACGTAAGGATTCAATCGCCCCGGCTTAAGGCCTTCGTCGGTCAGCAATGTATCTATAGGGTCATTCGTATTTCGACGAGTGGGATTGGAGTATTTAAGATAAGGGTAGCAACTCGACCCTGATCATACCTCTATTAATGACGCAGGGCATTCGGAGAGTCGGGTACAGCTAATTTGATGAGCTGGCGACCTCGGGTGCGTCCCCGTAACTGCACGTAGATCGATTCTCGGTGGTTCTCGGCCGAGCAATTGGCCGACCCTAGAATGTCGCTTTGTCACCGTTATAGCGAAATATCAATGAGCTGTCTAGTTTCATCCTAAAAGGGAATGACAATGTCAAGGATTTTGATGAGTGTTAACCACACGCGGCGACATATAGTCTACACGGCGGTGAAAGTTGTGATTCCCTGCGAGCGCTAAAGCTAAGACCGACAGGGCACTGACAGCCTTTACACCATAGTTTACCGTTAGATTATAAAATGTGTGGCAATCGGCGAGGGCATTCACCATCTCCATAACAAGACACGCTACTCGGGCGACTATTACCGCATCAGCCGATCCCATGTGGGAGCAACAGCGGTATACGGATATCCTAAACTAGATAGATCTGAGAAGGTCTCTCTGACCGACCTGTATTAAGGGCGTAGGCGTACAGTTTCCGCCATTTGATGAGCTAGAGGTCTACCGTAGACAATCCATAACCCTGTAGAAACAGATGTTTGGTGGGGATACCCTGGTCTTCACAACGGCAGGCCGCGAGCTCTGGTGTTCTTCGCCATTCTGCTCATCCAGCACCTGCAGGATGGCTCCGTGGTGCTAGCCCTTGTAGAGGTTACAATAGAGCCATCTCGTCAGACTCTCAGTGCGTTGTTAGGTCTGGACAATAGAGATAAAGTTACGTACGCTACGTCAAATCCTGGCCTATTAGACTAAAAG,1811,49.36,Homo sapiens
SEQ_227786,TAAACAAAGGCCCCGTGGTTCACGCTACGTAATGTTTAGGTTTCATATACACTGGCGATGTGTTTGGAGTCTCGACCTAACAAGTAACGAAAATCTCGCTGTATAGGAAGATGCCTTCTTCACAGGCTTCGTAAGTCGCACTACAGCAAACTGCATCGTCACCGTCTCTGCACCGAGCGACCATTTCTGCTAGTCCCGTAGATACCGAGAGACATCAACTTAAGCTCGGGGCGAGTTCTGCGGACGAACCTTAAACCAATTCGGTTGTATGTTACGTCCGTACGCTCCAGCGCATGGGGTTAGTCTGTTAACGCCCCCGGGTCCAATATAGCGTTTGGTTCTCCTACTTTCTCATCGCCTGATCCGTTTCGCCGGGAGCAACGTCTGGGCTTGTCGCTACTTTTAACTCAGATCAATCCTAGTCAGGTCACCCATTAGATTCAACGCCGCATACCGAAGGCTGCCACGCGAATGTCGAAAATTCCCACTAACGAGGTTCAGGGGGGCTAGGGACATCCAAAATTGTTCTTTATACGCGATTCTAGCGGTTAACGAAGTTAGACTTGGGTCGGAAACACACATCTGCACACTTCGTTGTATTCCGTGCTATGAGCGCATGAGGTAATATGTGTGTTAACCTATGTGCGGTGATGTCTCTCTACGACATACGAGGTGAAACCTAGGGTCTGTCCATGCGAAAATTCTTTGGAGCACTTGTGTCGCTGTTACTCGAACACAGTTGGCGATCCGTGTCACGCATATGGTTAACTGTCGTAGACTATTAGAAAGCAATACCGAGCTTTGCATTTCGACTGGGAATGAGCTCCCAAGCGCACTCACTGGTGAGGACGTTCAATTTATAGTCCAAAGTGCGCCTGCAATTCGGTGGAAAGGCGGGCAGCTATAAGTGACAGTTGCTTTCTACGAGCATAATTCAAAACCTAGGGCGGGAATTCGAATCCGTCTCTGGCTAAAATGCAGATTCGGTTAGATCAGGTTCATTTGTCCACTGGCAGCCTCGATCGAGTGCAAGGCCTGAACTAGTGCAAGCTCCAGTCAGAACCGAAGCTGATATTAGCGTACAATCGCCATTATTGAACCAATTGTTAGTACGAGAGCTCGTGAACGTATCGGCGTCTAAGGTCGGCACGGACTTGAGACGGCTCTAAGTCGACCTGTATGAGAGCAAAGCAACAACCCTGGCTTTTTCACGAAGTGTGATAGACAAGCCGTCTGCGTTCCTACATAGTGTAGTTGGGAGTAAAGTCAGTTTTAGACTATAACGTGGGTTTCGGAAAGTGTCTCTACAATCCCGCTGTGGTGAACCTGCAGCGCGTCTCTTCCACGTGTAACCAAAAGCATTGCGAGAGGTCTTCAGTTAGAAGCGGATATGCACCAGGGTGCGGGGAATTTGTGCGCTCCCCTCGATCATCACAATAACAGTCCAATCACACACGGGTTGGTCGGGAAAGGAACGCTCGAGGGACGAACCGACACGCCAGTTGCGCCTCCTCGTGGCATGTTCTGAGTAGATAAGCAATTTAGTTAGGTAAATGTACCTTGAAAGAGTCAAGAACATATATAAAAGAGCGGGGAAATATCTCACGTTCGGTGTCCGCGGAGGAAAGATA,1631,48.93,Arabidopsis thaliana
SEQ_243331,CGACAGGAGGCTGCGGTGGGCAACTATTCTGTACTTGATTGCCTCCTATCAGGATCGCCATTTGAGCTGTTGTACACGGAATTGAAGACCAGCATGATGCGTTGCCGCATATCTATAGTCGGTTGGCTCCCTTGACCTTAAATGTCACCTTGCGGGATCAGACAATACTTCCATCTTGTCTGCCTGCTGCACCAGTGGGCGGACTCAGCCCAGATACTTCGGGCTAAACGCAGGAGCGCAACCGGCGAACATCTGGTTAGAACGATAACTCCCCTGGGGACAGTACGATCCCATGGGATTTCAGCTGGTAAGGTGGTTGACATCACTGTATGGCAAACCATGCCAACTAAAAATGCACGCGACGCGGTTTTGGAGCAAACCGCGAGCCACCACTCTGCGTGAAGGGGACTGTACCTCGTCACAGCTTAAAAGATTTCCCACAACGGCCTCGGAAATTCCGCTAGAGTCACAAAATCAATAATGATCGCAAAGGGGCACACGATTTCTAGCCTGGACGGTAAGCCGAAGCTACGTCCGTCGAATTTGACTCGCCCAAGGTTGGTATTTATTCGTATCTCTGATACCCGTGTCAACAACGCGAGTGTGCGATAATCGGTCGAAATCTTGGTTAAGGTCTGTTACGATCGTACTTAGATCTGCAAACGAGATAGATAGTAGCTCTCAAAACAGCGGTCCCGGCTAGCTAAACTGTTGATTTCGGCCCAACGCAGATCCAGTGTTGCATCGG,748,50.8,Escherichia coli
SEQ_799732,TCAATGAGCACGAGCGCATGACTGCACGTTCCGCGCCTCGCGGCGGTTAGTAGAGTAGCTAAGTAGGTCCGTTATGTTGTCAGTGCCTACGTGCTCCGAGTGCTTCCATTATTCCTCCTAGAGCATACAACATTCTTCAGCGCGATGTTCAGGTACGAAAGGGGAACACCGCGATGGTTTCAATTCGGATTCTTGAATACATTTTGTCCTGATAATGGATTTGTCGGGTCCGCGCCATTACCTGCGCCGAGATTTTAAGTCGACCTCAAGTAACCAATGCGCGACGGCCTACGGTCCTCTCATGTGCTTAAGAGTAGTGCAGGCGCACTCTAGGGCGCAAGCCGATGTGCAGGCGCCCTTTATCTGTGTAACCCCACGCCCATGCAATTCCATTTACGAAGCTGGCATTACCGACAGGAAGATACCTGCAACATGTTGGAGACCGGGCTTCATTTCATAAAGTAGATATCGGGATATGGAAAAGGCCTGATATGAGTAGTATAGCCGGAGCATGCTAAGGCGGATATTATAGTAGGACGTTCTATAAAATTAACCCACTGCCCCTCGCGGCTGTACGCAGGATTCAAGACATTCTGCCATATATGCGTGCCTCTGTGGCTCGGCACTGCTTAGTAGCGCTTACTCAACTGTAACCACGCTATTTGTGGCGTGGTGAAGTTCGGAGTCGGTACTGTGACACCAACATCCGGTCGTCCCCGGAAGGTCGGATGTCGTTGAACGTCAGGAGACTGCCAAGGTGAGACAATTATAAGCAACACCTGGTGAATTTCACCGTAGGCGCGCCCTGTCCCGAGAAAAGTCGCTACGGGATATACACCCAGCACCCCTCGTAGTGTCGTCTTTTGACGTCACGGTGTTTGTGTCTAGAACACAATGATTAGGGTAGGCGCCTAGTGAAGATGCCGAGCCGCTAAGTCTACTGTCCCTATCAGACTCGGTGCCATTCCCGAAAGCAAGGAATTCCGTTATAACCGCTTTCGGATGCTCGCGACTCAAAGTTTGAATGCAGTACCCAAGACAAGAAGATCGACACAGGGGGGGCGAAGCATCACTAGAGGGGCCAGGGGCCGGATCCCATGATGGCGTCAACGTGGCATTCGCCTCTAGCGAAGTTGGTTAAAGGAATCTTTTAAGCGATCGCCTGAGCGGCGCATCATGGGGGAACCACCTCTCCCGAATCATCGGCTTGAGCGCGCGGGATCGCCGTGGGAAATA,1236,52.35,Arabidopsis thaliana
SEQ_878074,GACACCGGCGCGGCTTGAGCAGGACCCATCTGGTACTAACTCTGTGTGTAACTGGGCTGGCAGTTCCAAGTAAGTGACGCATCATTACCCTCGCCGATGAAGTGAGTCCTGGGCTGATTAATGTTACGCGCCACCCGAGGAACTCATCGACAGTGAACTCTCCTGTTTACGTCCCGAAACTAATCACGTATAGGAGTCTTAACGGATGCTCGGTTGGGCTGTGTTGCTCTGGCTATCACACAGTGGGTGTAGAAGTAGGGGTTAAATAATAACTGACTCGGCGTAAGAGCCCGTACGCTTGGAAGTGAAGCACCTGTTTATAGTGATAGCACATTTCCGGGGCCATTGAATCTGACGATGCCGCGGATAACGCACCACCCATTCAATCTATGGTAACGAGGTAACACTGCCTCTTGTACGAACTTGACCCGCGCTTTAAAAAAAACGGCGTGGACGTGCGCATACTTGAACCAGCTGACCCCGAATTTCAGGATTTGCGGGGGAGGTATAATGATCATACAAACCTGCAATGGGATAAGTAAGCGCAGGCGTCTGCCATAACGGCCGACCCTTGATCTTGGCGTGTGCAACAATTTTCTAAATCGGACGTACAACAAGTGATTCCCCTGTCCACTCTCATGCCACCCCTCGCCCCCTTGCCGGGGCCTGCAAAAGACGCGTGGACGCGATAAAAATGACTCGGCCGTCGTTTGTCAAATTAATAAGGAAGCGTACGTAACGGTTCGTGCCGTTGTCCACTGCGCTACGATGAGCGTGTCCTCGTTGTTCTATCACACTCCTCCTTATCGCAATTGACTGTCTAATACGCTATTGCCCCTTTATATGTACTCCTTTACATACTACCGCACAGCGCTGGCAAAGCGCATGGCTAT,893,50.95,Arabidopsis thaliana
SEQ_846060,TTTGGTCCATTCCGGGTAGGATATATGTTTGAGGGAGCGGTACGTAGGATCGGTATCGGTCGGATGAGAGGCTTTGGGGATTGATGCGGACTCAAGGGTGATCGACCAACAAGCACAATTCGCGGTTGTGGGAAAGGATGCAATACTTTAAGCAACGGTAGACGGGGCGAATAGATCAAGGCTGTACGCGGGAAGTGTACAGATGTCTCCAGAATCGGAGGTTTCTGTCTCCGGAATCGGAGAGTCACACACCGCGTAACTCAACACGTAATTAGATGCCCTAGACTGACTCATGCTATCACGTCTTCAAGGCTACAATAGACTTCACACTGGTGTTTAGCGGGGAATTCCGCTACTGACGTCCATGTGGCCTAGCTGATGGTGGGTTCTAGCAGGGATGACCAAACAGGTGCGAACCACGACCTGCCCTACCGGAATGATTGGGTACCTCCCAATTCATTTAGAAGCGCTGCTCCAAACGTTGCTGGGCAACGAGCCAGTCGATGAATTCGTTACTTATAACCCGGGGCGTAAGAACGAAACACAAAGCTCCACGTTAGGACTAGGCCGTAGTGTTCTTGGGAAGGCAGAGCCTCAGTATTGACATGTAACATCCGGTCTATGAGCGCGCTTCGATCGGACTTAAATTACAAGACTCTGCGGGCCCATATCAGAGCGAACCGGGTATATTTAGGAGCGGTAAAAGTTATGGAGGCAGCTTCTAGATGTAGGTACCTGTACCCTTCAGGTAGGGCTAACACTACAATCAGTCGAGAAAAGCCCTGTCATAATCCACGCAAAGAGTCATCTCGTTCGACTGATAAATTCTTAACGACCTGGAGTTAGCACTTCTCGAGTCCTGTCGATAAGACGTCTATGGAGGGAGAGTGTCCTCAGAGGGCGTTTATAAGGGACAGTGGCTATTTTCCTCGGATAATGTAAGAAATCGTCTGCCTTGATTTGCTTGGACTATGTATCATATGAAATGTCGAGGATTTATCTAAAGTCCGTTCCGAGTCATCCAATTGGCTTTGGTTCATATGAGGAATTTTTGCTATATACATGTCTATCACATCTGAGAACGACCCACGGCACAACGATTGGATGGCTGGGCGCCCCCTGGTGATCACGTGTACCTTGGTTGCATAAAGTGTCCTAGCAAGCATCGATATATGAAAATCCGTGATCAAAATGCGTCCTTAGGTTGTGGAAGTGCCACCTGTCCAGCGTATCAACACACGACGCCCAGGAACTGTAGCTCAGATTACATCCGACGGCGCGTAAATCGTTGAGTGTGGCCTGCGAAGCACCACAGGTCAGGCTCCCCTAGTGAGTCTCCTAGGAACGGGGCGAAGTTTACGTGTTGGTCTGAACAGTGAGAGTCGAAATTCTTTTGCAATGTCGATGCTACTACACACAACCCGGTACCGCTAAAACCTACGACGACCCAAGCAGCTTATAAACAAGAATGGGGAGACCAGGGCAGCACAACTCAGGGCTCTACTTTTCCACAGTTGATAGGTGGCCGTGATTTATGGTGAAGGCCCTAAATCTCTGTCGAACAGTTACACCTCGGACTCACATGATTACAGGAGTTATGTCACCGAACATGGAGCGTCGTTTTTACACCAGAAACTCTCTGATTACTTCATCGATACCGGACCTGGTGTGCAGCGGCAGATATGTCACTAAGAATCACACGAGGTCGGCGCTAGTATTGCCAACG,1726,49.13,Drosophila melanogaster
SEQ_363317,TGTGTATCCGGGCCGGTAGGGGTCAGACCTACACGCTGTCCAAACATGATTTAATACTTAGGTGGGTAACTCTCAGCTAAAAGGGTGTTCGCGGGCTGCCTACACAAGAGGACTACATATCGGCTGGGCACGCATCACTCACTGGAATCACATATGTTCGGGGTGATAAGTATTTACCCTTTAGGAAGATCTCGGGAGCTCGGCCACGATTTGTCCTGTAGGTTCCCGCACTATTACATGTCCGTACCGACGACATTCCGGACTTGGCCCATTGAGCCCTGCTTGATGGTGGTGTGGTTCTACGCGCACGAATGTCAGCCTCTGACTAAGAAACGCCTCTATGGGTTTATCGAGGGGGCTACGGAAAAACATGCGCCTGTGAGTCGGTGGTTGTTTTACAAGGTTGTGAGAAGGTTTGAGCTGCAGCGGCCCCCCCGGCAACTGTGACATTAAACAATACCAATGTTGAACTCATTGGAGATTCATTGCAGACGTTGACTGTCGC,505,51.29,Mus musculus
SEQ_181489,TAATGATACACACTATGGCAACCACAGCTGCAGAAGATATAGAGGAGGGGTATACCGAGGCCGAGAAGTTCGAAGATAGCTAGCTATGAGGGGCACAACCTGGGTACCCCGGATACGGTAAATTTATTCCAGAACAACCTCCTCATCCCAGCTTGCTTCTGAGAAGTTGAGCCTAATGAGATGTAAGTTGACGCCCACGGGTTCTCCACCCGCTGGCGCACGCAGGACAGCATATCAGCCCAGAGACCGTCTAAGGGTTTGACTGTGCTAAACCCATCAATGATTGTATCGCCCTGTAATATTGCAACACCAAGCCGGTCAGCAAGAGGACCCCACCGTGACGAACCCCCAAGTATCC,358,51.68,Mus musculus
SEQ_966931,TAGTCAGGCCACCGTACATCATACCATCGAACCCGTGTCTAGCATCTATACTGCGTGTCCATCTGAATTGCGGGCGGGCGTCGGCTCACTGGCAAATCCCTATTATTCACTTTCAGGCTGCGAGCTTAAGTTATGCCAGGCATTCATTCACTCAAAGGTAATCTCGCATAAACCGTCTACGCTTCCTGATGGCCGCATGGTGACCGTCCTTCTAGATTAGGGATAGGATGCTATGGAGGATCCCCCTCGTGTTCCGATGTAGTCAATCAGAGAACGAGCTATACTACGCAGCGCTTAGGACGCTACTTTGTGTACCCCTTTCCGAAAAGCGCAACTCTATGGTTATTATTGTGGTAATCGAACTACTCACCCGTCGTGGGGATGCATTCTTTGTAGGTAGACTGGAGCAGGAACCGCGGGGAGGCACATGCGACAGCGACGACAATCGCTCTAGCGCACGGTACCAACCCACGATGCTTTAGCTTCTTAATCAATCGGATTTCGCAGTGTTTCTAGATCGTCGCGATCGCCGGAACTTCGACAGTTTTATTAATACGAGGTTGCCCTACCATTATGCAACGTTTTTCAGTTCTCCTTATCACATACTTAGCATCATCTTTCCGCGTACACCTCGTCGATGATAGTTGGCCGGTGGGGCCTGCGCCTCTGAGGATTCAAGACTAGAGTCCGCGTATTTATGCTCTCTGTATTGGAGACACGAATTAGTGCAGCATGCCAGTAGAGTTAACGTTTTGGAAGTAAGCAATGGGTCAGCATGACCTGTAAGGCCCTGCAACGTTCCCTTTGCAATACTTGAACTCACATTGGATATCCGTAGCGTATGAACTATTCTGCCCAGCTTTTATAACCTCAAAGCGGCCCGCTAGTTGACAATGACGTCACAGCCATGGAGTTTAGTACACCCGCTAGAGCCCTGCGACCCCCTGTTCGTTTCCAGGAACAATCGCGTATGGACTAGGCTTACGTGTTTCATCCCAGGCCAGACTGGAGGCTGTATACTTCGCAGACCACAACGCTGGCCGGCTACTGGATCTGTGCACGCGCAGCAGACCTAAGACTCACTGTAAGCTGTTAAAAAGCCATCGTTACGCTTTACCATGAGCGGTCGAGGACCGCCCACTAGTCGAAGCGCGAATACCGGCACGCCGTAGCCAAACCGGCCTAGTTATACGACACCGGGATAAAGAAGGCGGTAAGTGGCGAGTTATTTCTAGTCGATGGCTCTTGTCGAAAGCAGCCGAAAATTAAACCACTCACAAGACTGAATCACTAGAGCAAGGTTCTAAGTCTACACCATGTGGGTCTGAATAGAGGTGACAGATATACAGGGCTGGTCGCCCGACGTTTAGACCCGAGATGAGGATAGAGGTTTAAGCTTCTCGATGTGAGATTCCATACGTAAACCGGTGTCTTGTTCATTCCCCGCACGCAAGTCTAACTCATATCCATTCAAGTCCATCGGAGGAGTGAGTGAGTTATAGCATGGAAATGTCAAAAATAGATATTAAGACTAACTTTGTATTCAGTGCTTCTATACCCGAATATAGAGTAGTGGATAACGAATGTCAAAGTCGTGTAGACGTATGACCAGCCTTACACCACAGAGCTGTTCATACTGCCTCACAAGTCATTTCGTATCCTACCTGTGACCACTAATACTACGCA,1686,48.87,Mus musculus
SEQ_138155,CGAAAGCCGTGATTACGAATTTGTCGCTCAACGCTGTCAATATGGCTTCATGCTGAGGGTTTACGAGTGTGTACAGTAACTTGATCGAGGTTATTAATCCGTATATAGTCGCCTGGATTCCATAGTGAGTAAGTGTTCTGGACTCTGTACTGGGTACCGAACCCGCGGCGAAATCGTGAATGTGAACTTATCAAATGCGCGCAAAAGCATTCCCCAACTTAATATGCAGGAAGCGAATTGGCCATTCCGACTGCTCCCTGGCTAACGGTTGGTCCTTTGTGATACTTAGTGTAAACTTCACTGATAGGAGAGTAACTAATTTGTGTGAGTTGGGCGTCCAAAGTGAGGACAATTCACTTG,360,45.56,Escherichia coli
SEQ_307014,CGTTTACAGCCAGCTAAGGATTGGCGGCAGGCATGGTGATCCCGTACGGGCTGGAGTGAAACCCTGCTGAACCTCATGTGGCACGCAGAATACGAGTTACCCTAGGCTCGCTTACCTAGGATTGAGGTAGATCACATATGTCGTTAAGACAATCGGCGAGGCGCCTCCTACTCAAGCAGTCTCGTGGCGCATGCCCTCGAATCGCCTGGTTGTTGTTACGAATGAGGTGGTATGCCAACGTCAACGGTATGGTTTCGGCCGGACCGCCCGTAACTGACGGAGGCCATCTTTATATAGTATTTGCACGAAATCGCTGCTATCTTCTACGACCCCAAGGGCATTAAAGTCCGCCGCTAGCCTGCCCGCCCGATCTGCCCATCTCCCAGCAGCTCATCTCGGCCGGACTCCCGTGGGGATTGCTTACGCGTGGAGAAGCCTTTGACTCCTTTTTTCTGCGGTCTGCGCGACTCGCATATCCGATTACCCGCATTTGCGGCTCTGACAAGGTTCAACTCACAGGACATGATCCTCCTCTTTCGGGCACGAGTGCAACATCACAAGCTGGCGCAATACCCTTCCAGTCTAGTCCAGATTCGGATCAGTGGTCAAGGATAGTCCCTGCTTGGCCGATCGACGCTTCCATCAAAGTGTGTCGATCCCTACTCGGATAGGAGATTAACGTGATACAGAATTCGATAAACAACTTCGGTTTTTTCGCCGCGTAGTGACTACCAACGCAGCTTCAAGAAGGTGGGTGTAACCGAGTAGGCACTCTTTAAGTTTATATCGCACGACCTCTGCCCAGTTGTAAGCTGGTAGGAGTGGTCCAGGTTCTTACCATCTTGATGTTTGAAAAGAGTAGACTCACGATTCTCTCTAACAGTGCGAGACATTTATAGAAACACCTGACAGTACAAGAGGTACCGCAACTAGGTCGTGATCAGCCGTTTACACAGTGGTCTTGGTGGTAAATATCCAGCAAGAATGCGCTTCAGTCCGGGCGCTTGGGCGAAATTGCACCTGGGCTCGGTGGTGGTTAAGAGCTGGAATCGCTTGTAATAATTGCGCGCTCCCGTGATCCCTTTAAGTAAGTGCGAGGGGCCGCCTAGTTGGTCCCATGAAAGCCTATATACCTCTCAGTCTAGCCCTTCTGCTTTGCTGCCCCAGAATCGCCATATCTACAAACGGCTCCCCACCCTTCATCATGTTCGCTTTAAGGTTGGAGGATAAGTTTGAATGCTATGGTGCGTCCAGCCTCGACAATCTCATATGCTTCAAGGACCTTGCAGGTCGTTCTCGCCGATTATGCATCAGTAGATTTCGGGCGCATTGTCACATCCGACTAAA,1347,51.82,Drosophila melanogaster
SEQ_963554,GCGTGTCAAGGATAATCCAATCTGGAATTGATCATAGGCCACGACACGTTACAAATCTGGATCGTCGCACCTGATCTAACGTAGCCTTTCGTGGCATAGATACTTATATAATTTGACTATTCCGGCACGATGCCAGGACTCGTATATGAGAATGCATGACTTGCGTACGGGGAGATGTACGGCTGATCGTTGAGTGTAAATCTGACTGAGCGACGTTGGTTATTTTGTCTATGATAAGACATGACACGCTTGGACGCATCGTGGGGTGTGGGCCTGCTATACCGCTGTAGGGTGACGTCTAAGAGGCGCAGTCACGTAAACCCAAGTTGTTTTAGTGAATCAATCACCTGCCTAAGGCCAGGGCGTGACAGTGTGACTGCTTTCGAGCGAACTGTTATTGCCCAGGGATTGGTCACACATTGGTTCCCAACCGGGCAGGATTTAAGAGAGCCCATACAGGTTGTCTTAGACTAGCCGATGCTTGTAGTGTCTCTTCAATTTGAGCGATCGAAAATGAGACTACTGGACCTGGGAAGACAGTGGGTTCAAACCACCGAGAGACAGTCAAGGGCATAAGAGACGCATATGGTGAGAGCAGAAGTGGCTCCTTCGGGCTTAGGGACCGTCCCCGTATACACCGTACTTCAAATGAGCGGGCTGCCCAGTACGTATGTCGTCACTATCTCTCACCAAGGTAATCGTTGAATTGGGGCCCATACCGTACCCAAAATGTGGGCAACGTGCGGTTCAGGGCCGGAGAGTCTCGAAACAAAGGTGGTACCGAGGAGGTGCTATGCCGCAGGAAATTGAGGCCCAGAGCCTTGGGATGCAAACTCGAAGGAGGTCACCATCTATGCGAACACTCACTAGCGTCCCTGTGGGTCTTGCGTCCATACAAGCAGCAACCGGTAAATGGACAATCGATCCC,928,50.86,Escherichia coli
SEQ_678871,GGTTGGATCATATTACGCGGCTTCAACGCAGCCTGTTAGAAGTTTAATCTTAACGGGGACGGTATCATGCGGGACAAATTTACTGGTTACGCTTAATTTACTGACAAGAACCCGCTCGCCCAGAAAACGGGGGGGCTACAGTTAAAAGGGTCGGCTATTGTATCCCCTGGGACAGGATGCAAGTCATCGGACGCGTATATGAGATACGGTTCATCTTCCACTAACATACTCGGGAGTAGATGGTAATCCGGTTTTTTTGCGGACAACAGCCGGCGGGTGCTGTCAAGCCACTGGCCTACGGAGGGTTACCCTCAGTGGTACTCGTGATTACACGACAGTTTCTACTCCGAGATCCTAGAGGCTAAACAGGCATGGAATGTTGAGCTACCTCCACGCATCAGTGCCTAGGGTATAAAGATAAGCTGGGAACGGGCCACTATGTAACACAAGAATTCGAACCGCTCCGTACGGATTCCCCACGGGACAGGAGGGACTCTCTCCCGATTCATGGACCGTCGTAAGGTGAGCGACTGAATATGTAATTGATTTAAGTACCGGGACGCCCGTGATGACCAATATATCTTCACTGTGTCTGCCCCGAATTCTGTGTTGCCCGTTAGGAGACACTTAGGCCTTTCCACTCCAACCCCACCTCCATTGGTTGTGATAGAAGAGGCCGACTTAAGCGACTGCGTCAGTCTACGAGGGTTTTCAAATTATCCGTGTATGATTTCACGCACCCAGTAGCATAGTAGCGGGTCGTACACGAATCGCGCAGGCCTGTGTCGAAACCCCATCCCCGATTATGCTTATATGTGCCACACTTTCAATGATTGTACCACGTTTACCTCTCCACCACTTTTATAGGGGCGCAGCCACAAAAATTTGATAACGTCGTCCTTGGAACGTATTAGACATCCAACACAAATCTTGTTCGACATGACAGGCGTTATCCCAATATGTTATCCCGTACCGCAGGTAGTGTATCGGCGGCCTTTCAGTCTAAGGGGCTTGCAGGACCGTAATATGCTCAATTTGTAGTGTGCAATGTACACGCGCTGACTTTTGGATTGGGGCCGGACAACGAATGCGTCCTTAACGCTTGCGTTGATATCCTCACATCGAAATATTATACTGGTTAATTTAAGGTCCTTTTTTAGCCAGCCAGTGGTCGGAAAAACTTTACATTGCTACGCTTAGTGGGTGTGGTAGAGGGAGTTTTCCCCGGAATTCCTTAGACGCACATCTGGTATCATATTTATACAAGAAATAGTACCCAAGCAAGAGGACTGAGGCTTTGAGCCAGGGTAAAGAGTCCGATAATAGTACGGCGGACACTGTTCGGTGTCTGCAAAGTACTTCCGGACTGTGTAGGACCAATCTCCGTGCGGTGACCGCAGGCGGCCCACTTTCCCCTTCTAACAGGGGTC,1430,49.3,Escherichia coli
SEQ_532676,GTTGGAAGACTGCTATTTCACAAGGAACACTCGTCAAAACCTGTATGCTTCTTCCGCAGCAGTCCCCCGTCTGATGAGTTGCAGATACTGGCCGCGTTTAAGGAATCGACATCGAGCCATCTCTTGACCGCGCTTGTCGCCGAAATCAGTACATTGATTAAATCTAAATAGCCCTCGCGGAACTCCTTTCGACCTTATTGGCTAAACCTCCTCGTAACCTCCCTGCTACATCGGTTCTCCGTTTTCATCTACTCAAACTCGCCAGGATCCTGTTCAACCTGAGCGTTAAGTTGTCGCTCCCTCTTATGGCCGACGTTGAGCCAAGTGGTAAGCCTCGTCTTGCCAATCTGTCAGGATATTTTTCTGCTAAGCCCCCTAGGGGATGACGCCCTTACGGAACGATATGTCCGTGATCCGAATCTATTTCGGGCGGTTTTATGTAACTTCGCTGCTGAACTCTCAGTCATGAGGGAGAGTTTGAACTAGGTTCCGGTTAGTAAATTTTTCTGGAGCTGATATGGACCACCGTACCCGAAGCGCGCACGCAAGCTAACACTGTTACCCGATACATCATGGGTACTTAAGCAAACTTAGTCCAATGTGCTCTGAAACATTTTGCGTTGCTTCGCATAGAGTAGGCTTGGGGCGAAGTTATCCGACCGGATGTTTATCATCTATGCCAGGAAGCTTATGGTCCAGCGGAACGGAATGGGTTAGAAATCGGTCCATTTCTATAGAAGTGCCAGAGGCGAAGATGCTGTGCAACACAGCGTCAATGTTCGGGGCATCCCGTATAGACAGTCCTACTTGGGACACGCAAAGATTTTTGCACCCCAGGGGAGCCACTCAACTCGAAAGCTACAGGTAAATTGGTAACCACCAGGAATCCTGCCTGAAGCTAATATCACCGGGCGTACACGTGCCACACTGTGCCACGGTTCTGTGTACCCGCCCCGAGTTTTCTCAGATATTACTTACGTACCACACCCCATAGCTTCGGTGGCGCGCGTCAAGATATTATGCTGTGGCCTAAGAGCTCACTCTTGGCGATGCTATTACCCCTTATGCCTCTGAACAACATCTGCGCTTGCTAACGTCGCCTTCGACGAGACCTGGCACAGTCCCAATGTTTTGCTGTCGCACGCTGGGCGGGGCTGCGCCTAAGTTTACTAAGCCAATTTACAGCTACTTAATGTCAACTAATGTATCGGTCCTACGATAGCCCTAGATTCCTGTGGACATGACACAACTGGGGGGCGATTTTCAAGTAGTCTACAGGCTGCGCTTGGTTGGAAGGATCATAACGCGTAAAACTATTTTATTTCTGATCTTGGTCAGGATTTGGGGGGAGGGACATGTATTTGTAGGTCTCGCCAAGGTCCATACTCTTCAGACTACTAGAACTTTTGCGATAGCGGCCGCATGCAAAGTGCGGCGTCGGCATTGAAGGCGTCGATGAGAAAATCGCTCATCATGGGATTCGTATAGTCTCGTCCCATACCGTGCCTAAAAGAGCCCGCTATTTCTACCGGTACAACCTGGACGCAGCGTAGCCGGCTGGAATTTATGGCCTACCGCAGCCAGGTAGCAAAGAGCGATTTGGGAAACTATTCGTTAGTTCGTCAGCTGTTACGACGAGTTCGGCAGTGAAGAACTCGAGGTTCTAACTTGTCATCATGCCGGGATTGCTACTCGTATTATAGGGGCGATGTGCCGTATAAAACTTTCAGCCTGAGCTACTAGCCTATTAGCGCGGCAGATCGTATTGTTAATTAGGGAGCTAAAGAGGTCGAGATCCATCATGTGCGGGATGTCAAATAAACATCTCACCGTTGTATCG,1840,49.57,Homo sapiens
SEQ_819195,CCGGGGTGGGCGGTGATCAACTGATACGTGCACCGCCGTTGACCGAACGCCCGTCAGCAATGATGAATGAGTCTTC,76,59.21,Arabidopsis thaliana
SEQ_621019,TACTTCCCAATAGACTTCGGGTTTTGGCGACGACCCCAGTACGCTTCACTGGTGGTGCCTTCGAACTCCAATTAGGACATCCTTCTCGTTCCTGTTGTGTCGAAAAAGATGGCTATCGGTTACCACATAGAAGCGGCCATACTCATCGGGGCGCCAAACACGAATGCCGAGAACTCGCCCGCTAGTAACACTGGCTGTTGAGTGTCAAAAGGGACCAATAAAACATCCCGCATCTTGCGTGTAATCCGCCATCCTTGTCGAGGGTCTGCAAATATATCCTCCGCTCATTGGCGTACAGTAGTACTGCGGCGTTGCACAGTTGAGGCAACCCTGAACTCGGCGTTGATGTATTAAAGGACTCCGGCTTAAATAAAGGCGGCAGCGACGTACTCCTGAGAGTTCCGGTTCCTCCCACTATGAGTGGGTTCGGACACCAAGGCGGACCTCTAAAAATCCTCTAGAGCAAACTGATTGAGTATGGGTACATTTCCCTGTACCTGTCGATAATCGGGTGTGGATCTTGGCACTGACCTAGCTGTGCAGTACATGAACTTCACAACGCAAGTTCCCTACACCGATTAGTGTCTCGGTGCTATGGAACAGTTAGGCACTCATTTTCCACCCCACTTCCCCTGGCGTCCACTGTAATTGTGCGCGCCATCCTTGGGCTACATTGATCTGCCCGTTCTACGTAGCGGACCTCTCTGTTGCTGAGCAATTTGCGCAGTTTGACCACCGAGCTGTCTGGCGAGTGTTGTAACAAGTAGTGAATTTGATGGCCTGAGTACTGATCATGTATCGAGGAGTTGGTGCATATATCGGGGCCGACCCGATGGGTAAATACGTGGAAATGTTGACCTTCTTTTCCGAGGCAGTGTAGAACGATTTACGATGGGATTCGCTTGGTATGTGATTCTGATCCCGGTATGCCTAGTTTCAGCCCCTGGGGTCTACACCTGGTTTCCCAGTCCACGTCGAATCCGCCGTAAATTTGCCCACAGCTGCACCTCAACAAGCATACTCTGACAGATTGTCGTACGCTAAGGCGTCGGGCTCTCGCACCCAAATCTGACGAAGAAATACTGAGTACCTGATTGTGCGGAGACATCGTGATCCTGGACACTAGGTGCCTATACACCCTAGATCTAGGCATCGGGTGGTGGTCCGCATATCCGCCTAGCGCCGAAGCGGGAGACGTGTTAGACGGCTTCCCTCCCTTCCAAGGGCAACAACGCCCCCTAAGTGCGGAAGTCGGTTAAGACTCAGCGTACGGTATGACCATGCGTATGCCAGGGCCAACTCTCTGGCTGCAATCGGCCTAGTTCCAATCTACGATTGAAGTAGGCCTACGCATCCGCATCGTGTCTGCATAAGCAAGGTGCCTGGCCTCATTCACGGCCGGTGAGCCATCTCCACAGGGAGAGTGCGACTGTTGCAGGTGTCTCCTATCCGGCACAAGACCGCCGTTAGCGTTCATGCGGGAAGATTTCCCACCAGGAGAGGTATTAAATCGGTAGTGGAAAGCGAAAATTCACATTGC,1540,52.47,Arabidopsis thaliana
SEQ_426764,GCGCTGGTCATGGCTTGTCGCTTGGATGGTCGGGTATCGCCATTAGCCTGATAGGTTCTGATGGACAGGGCGCAGAGGTAGCAGCACCTTGGAGCTAGGCGGTTAATAGCCGCCGTCCAAGAAGATAAAATCCGAGCCCCTCACTACCTTGCCCGGCTGGCGACCGAGCCCAACCGTGGGTGGTCCCTACGCTTAGCATAGCAATAGGCACCGGAGGGTGGGACATACCACCGAGTGTGATATCTTCTTCCAATATCAAAACTATCTAATATTGTCACGGCAACGATATGGGATGTGATCGCGGGTCAGAGGTCGTATGCTTCTGCCGACATAATCCGAGTCTTACCCAGGTAGAAAGAAGCAGACAAAGCCGACGGCCAACCCTTAGGGCCAACTGGCCTACAAAGCTACGCTCTTCCTGTCATCACATACCGGAAAGGGACAATGTCGCTCGGATCAATTAGCCTAGTGAATCCTATAGATTGTGTATCACAGCCAGGGAAAATCTTCCGGTGCCTTGGGCACCTGGCGGCGCTGGTCAAACGCCGCCTCGATAGGGTAGGTGACTAGGGTTCAAAACGGTCGAGGTTTTCCGGTACTCTAGGGTTTATATACCCTACAGCGGGCGTTTGACGACTAAGTTGTGAAGGGCCTTTTTAGCGCAATCCATCAGGCGGCAGCAGACTTGACTACATGTTGTGAGCTCTCCAGGTTCTTTCAGTGGTGGGTGGGGCACTCAAACAGTGGAGAATGCCGAGGCCGAGCGGACTTGTCGTTTTTGAGTCTGAAAAGCCCTGAAGTTAATTAACACTGCCTGTCGTCCTGTAATAGATTGAATTAGCACTACACTAAACGTCTAATCCCAAGGACGGGTCCCGGAGGCGATCCAGTGGAATAGAGGGACAGGTCTACTGCTGCGGAGACGTACAGTGGCGATCGCGCCTCGAGTACTTAGCAACGGAGACACCCATCCATTTACAAGATATTTATGAACATAAGATTAGTCGTTATCGCAATGTCGGGATTCGACCTATCCCGCACGGAGTGGTCAAAGCGTCCCGACTGCGATAGGGGGCCCAAGCTGATCAGACCTTGTCGTCCCGATGCAGCAGGAGCGCGTGTCCCAACTCGACCTCGAGCGATTACGCCTGTAGCTGAAGTAATTCTCTCAACGTGATCTATACACGAAAGCGCAGCGTAAACATATCAATTGGAGGTTGCGGTGAAAACTCACAATGGGACAATCATCGTCGCGAGCGTCAATAAGAGGACTTAGCGGATCGGGAACTACTGTAGGGACACTCGTACGTTACAACGCCAGCGAATTTGGGCTCCGTCTCTGATGTGAATTAAAGATAAATCCTACCTACTCTAACAAGTTCATTCATCGACTGCCCCCCGTGTTACTACGTCTGTCTACTTCGATCTCCGGTACTTAGCGTGGCCGCGGGGTCAAGTTGTGGTACGGGTGTGGCCTACTTATCATAAGATAATGCAAGAGCTATGATTCTCGGACCTCCCTTCCATGAGCGCCGGGGTGTTGTAGAGAGGTTCCGGAGGGGAGGTTAGCACGAATATATCAGCTCTGATGCCACCCTCCACCGCGCGCAACAAGGTAGTCGTCTGCGGTGGGGCGCATGGGCCGCTCTGGCGTAGACCCCTGATGTAGGCGTCAACTGTATATCGTTACAAACCATCTATGAAATAAAAACGGACTCTTGAGAGACCACCCGCTTGGATGCACCGAATATAATCCCTTTCGGCAATCGTTTAACGAATGACCAAACTGTCTCTCCGCCGCGCAGCACTAATCACGGATGCTGGTCCAGAACTCTAACGATGCCGCCGATTTCGATGGGACACCGACCCTGCCAA,1875,52.43,Mus musculus
SEQ_168338,AAGACGCGTTCGTGGTCTTGCTCCGTTCCAGTAGTGTCTGCTAAGTACACCACGCCAACAGAGGTCCTAGACGGGCGTTTTAGGGTCTATTTGTTGCTATCCCTGAATCCGGTAGCTGGCCTCCCGTTCGATCTCTTCACTGGGTGGGGAGGCGCTCCATTTGACAAAGGATACATGGCCTACGTAATGTTACATTCGACTTATAATTCAGACAGGCATCTAGGGACCGTTCCGCGGTCCAGCCGCGCGCTCCACTCCCCGCAACGCATCCGAATAACTAGGTCAGCGAATCTATCCCGAGGAGTCAGGGTCCCGCTAGATACCCTGCATATAGAGGCGTGGTCCCGTGGCCACCTTGGGACACTTGATTAGATAGCAGGCGGGTAGCGGCAGCATTCGGATGCTAACGGA,411,55.23,Arabidopsis thaliana
SEQ_721977,CTCCAAGCATCATAAAGCCACCATAGTGTTGAGCCTGAGCAGGGGGATCTCACACCCTGACGCTTCCGGCATACTGGCAAATTCTGTACAACGTTGGAGCTTAGGTGGATTCGTCTTCTTCGTAGAGGTAGTCAATACCAGAGACTAGCACGAATAGCTCTCTCTGTACCAAAGACGATTATCATGAGTCCATATGTTATTTAAATTAATCTTCGATAGTTTACCTGCCTTGAACAGGCGAAGAGAACACCTGCGATTTCAGACAGGTGTCCGGAGGGTAAGGGCATTGATCTCCCTCAGCCATGGAACTATGCAGAAAAACATAAAACCATGAGCTGAGGTTGATGCACACGGCTTGTGATCTTTCGAGAGACTAGCTCGTTTCAAGCAGGTTTGCATCCCAAAGACTTCCCATCAGCGGGCAATAGGCTTAATCAAATAGTATGATTTACAGACGTAAAGCGACGATGCTTCGGGGGGGGATGCCGGGTGCGTACCTTGGAGCCATTGCCTAGGTATGGCGCTCTCTACTTCCGGAGCAGTAACTCGCACCTCCCTGCCAGAGCTGCCTCTTGAGAATGGCAGTCATGAAGCCAGTATTGTTGAACGTGTCGTCAGGTATGCAGTGGACGTTGAAAATGGTTAGCGGTTTAAGAAGAACAAATTCAGGTGCTGGAAGGCATTATAAATACTGTCAGCCCCAAAAATGGCCGGTGATCAGTCGCTTGTGATGTCGTTACCCGACGGGGATCCCCACTTTGATGGTGCTGAGAATGTGCTACAATCGAGATGGTGAATCGAACCATCCTTCATCACGCATCGTCATGCAAGGGACTCGCGGTTCGGCCA,849,49.0,Homo sapiens
SEQ_670975,CATTGGCGCTCGCGCTTATATGGAGCCATACATAGGATCCTACGACTCTTGGGCTTCAGTCTTATGAAACGGATCCCGCTTTCTTCTCTCCAAACTTCGCCCAAACTAGCAATTGGCATTCATGGAGCGCAAGAGCTATGACATCGTCCTTGCGCCTACGAATAAAGTCCTCAGTACATCCTCATGCGGCGTCTACTGCCGCGTTGTATAAGTAACAACCATCTCGCCTTTACGTCATTACGTTTGAGAGCTAGTCTCACTCATCAACACGAGCGTTAAAAGTCTGAACCTGTTAGCGTCTCTTAAACGATGATCGCCCTGGAAAGCCGCTTACATAGTATTTTAATTACATGCGGCCGAGTCTGTGTCTCAGGTGCTTTCTGACCGGTGTGAGTTGATGTGTATGAGCACAATTTGGGACGTTTTGAGTTAAGAATGTTGGAATCAGCCCGACGGTTGTATTAAGTGACTTGTTGTTCCCTTGCTCCATATGATTGGCGTTCCTCGCGCCCGATATAACTGGGTACAGGGCTGCAGAGGCCTTTGACACTTTACTCGTTGTATTGCGAGAGAGTGTCAGGCCGCCCGGTGGATCTTAAAAGGCAGGGGCCTATGGCGCCAGTACGGTGACGATTTGACGTCAATGGCAACTCGGGGTCCTACCATTGCATTCAGGCTGAGCGAAAAGCAGCCGCGCGAGAGGCGGTCCTCCCCGT,716,50.42,Arabidopsis thaliana
SEQ_524256,GAGAAGCCGAGCGGGTTATGAAGACTGTTGCTGGATACCCTCGAGACTAGAATACAGGAGCGTGGGCACGGTGCGATTGTGCTTATAACGTGTGACTGAAGTGGGTGACGCCCAAAATTTTAGTTCCGCGAATTTACAACGGTTAGTCGGAAATTTGCAACCAATTGTACAACCGCCTGGAGCCGTTGTTATCATTCGATATGTGACCTCCCTACCTTTGCATGGCTAGCGTAAAAGTGAGCTATACGTAGTTACCGGCAGACGGTCCCCCGTACGTTACTCGCCTTATCCTACTAATTGGGTTTGCAGTGAATCGCCCTACAAGGGAACGATGGGTACAACCTTCAAACTGCCCGTTGAAACTTAGAGCGTATAGCCTGCTTGATCCACGACGCAGAGGGATCAGTCCTGACGGACAAATGATCTCCGAGGCCGCTCACCCAAACAACCTTTTAAGACTCTCAGGTCCTCGGTGCTTGGCATACACGTTGAGTGAATGCACGCCCGGAATCTATGCCCCCAGTGGCGTGCGGGTTGCCCGTCGGCAGCCTAGCGTCCTGTCGACCCGTAGATTCTGTTGGCCCTTCTAGTACTGCGTAAGGACATGGCATTCGCGTTCAAGCTCGGGGTTAGTAACCGTGTCCCACTGGGAAAGGCTGCATGGTCGTCCTTGGGCGATTAATTGGCGTGAGATCTCTGTTTCCATCCGGATTATGCTTGTCGAGGCGGAGCTGGCACTTCATACTCGATTTACGCTGGTCCAGGGCAACTCGATTGGTCCAACTGTCATTCGCCCTCGGGCAAACACGCCTGCATACTTCCTACGTCCCGGATTATCTAAAAATGTAGGCCGAGCTGGTCAAGCCGAAAGTATGTCATAGCCAAACATGTAGACCTAAACGAAAGGCAGCGTAAGCACTCGTAGAAACGTGATTAAGAATCTCAACCGTGCAGTTAATCGCTAGAATGTTAATTTAGGAACGAGAGAAGGCAGTCGATTATCCTACACCACCTCAACGATCACGCTTCCAGCCACCGGTCAGGGTTGCAATTCTTTAATGCCTACATCAGCCGAACGATAGGGGCTAACCCGCTCATCTATTTCGCCCTTACCAACAGCTAACGATGATTTGCCAGATTATTAGGCTCTTTCGGTTCCTTTACCAATCTACGACGTG,1178,50.85,Saccharomyces cerevisiae
SEQ_850041,CGCGACATCCATAGTTAACGAGTTCATGGAAGGCGTCTGTTGCGACTCCTTCGGAACCCTGCTTCTAAGGCTCGTTCCGGTTAAACGGACGTAAGCGAGTCCAATATACGAACACTATCGACCCACGCCAGACAAGAACTAAAATAGAGACGCGAGCGTAAGGCATAGGGGAAACGCGTGTACAGAACGGTCCTCATTATGTATGTGGGACCAGTCTTGCCGGTGTGTCAGTTAATCATGTGTCTACTATTCCTCGGAG,259,50.19,Arabidopsis thaliana
SEQ_159727,TGAATTTACGATTGTATCCCACCATCCTCAGACCCATAGCGTCACGCAATTGTATGAATAGCAGCAAGAAGTGTTCGCGCCATTCCAGCGACACTCATGGGTGGAGGAATTTTAAAGATAGTTAGC,126,45.24,Drosophila melanogaster
SEQ_570091,TCGATCGCTGAGCTATCGCTACCCCCACAAGGGATACTACTGTGGCGATTGACGGACAGCAACCGTCTAAACGGCGACTGTACGGAGTTGTAATGATCTTTGAAGCTCTTGTTCCGGTCAGGGTTGGGCTTGCACAACCGCACCCTGTTATCACCCTTAGACGAACCTGTTCTGGCGGGGCTTTATGCACAAATATCTTTTTAGGGAGCGAGGACGGCCGTACCACATTCGGTCACGGAGTAAAATTAAAGATAAAAATCGAGGGGCCACGATTTGGAAGGGTCAGTGCCAAAACCAACGCTGGGCTTAAAGCCCTGTATGATGATTGAGACGGCCAGACATGTCTCCTAAAACAAGACGGCACCATCCGTGCATTACAGACAGTTGACGCGCCAGGGGCATTTTGCGTCTAACTCGTAGTCGTATAATGGAGAACCGTCGAATATTGAACCGAAACGCCATCTAAGGGTCCACCCCAGTAATGCGTCTTAGAGAGAAGACGCTCGCCCGGTAAGCACCGTCCTCATGCCGAACTGACCTGACCTGTGTGATACGAAAGATAGAATCCTACTCGTGGAACGGAGGAACGCTTAGTACCGGGTTAACATGACGTCCCCCGTAGCCTGGTAAAGCCTCTTGTTGAGATGAGAATAAGCATGAAGAAGGAGCGGTTTTCGCCAGGGAGCAACATAAACAGGAAGGAGTAGAACAGATCCGGGGGGTCCCAAAGTATGAATGCGGTACTAGGTCAACGTTTAGACATCACAATGCTAACCTAAAATCACATCGCGAAGGTAAATGAGTGCCTGTGGGATGCGTCGGGGCCCAGTGATTTCACGTCACTTCTTCCCCCTGTGGATAATTAGGAGTTAGCAGCATCCTGCAGCCATGCTCCGAAAGTTGTACCATGCCCAACATGCCACGACGTAACTCAACGAATTCAACCAATGAAACAATTGACTGAGTCAACCCGAATATCTATAATTAAGACGGAGACGATGCCAAGACTATGCGATGACGACTAGAGTTTGACTGTAGTCAGGAACTGGACCAGACGTAGCGTGCAGCCCTTTATACGGCGAGGGTTCAAATTCATCTTACGCTTGTGGGTAGAGAGTTCCAATGCTGAAAGTGGCTAAATATATTTGTATCGCGGAGATACCCCTTCCAGCAAATCCTTCCCACTCAGGTGCGTCTGTTCCTCGCTGGTAATGCATTCAATCCCTAAATCGAGCCTTCTTGGTTCTAAACTCAGGGTCCGTCAAACTCCCATTGTTACATTAGATACGGTTAACTCTCTGTGCGGCATAGCGAATGCCTAACCTATGGTCACGAGGTGTAGGACGTGGTAGGTATAGGAAGATACCGCTCTTTGAACCAAGGTAGCATCCGGCTGCATAGTACGCATACAACCATCTCCCGCCATGTAATATTTTCGCGGACGAGTAGGATTCTTTTAATCTGTAGGGTGGTTCAGAACTGAAGCAGGAATGTAATCGTAACTCCCTGACTCGCCGGACCGCTAGTCAGACCCTGCCGGTTGTGCACTCTACGCTGCAAGTAGGTCACGTCAAAAAAAGCTGATGTGGGGCGGATTAAGATCGGCTGCGACGTCGGCGCTATAACGTCTACACGAGAACTTATACTTAGCCAATCGGTTTCAGGAGCCGCTGGCCTCAGTTTCCGGATGTGCCATGAAGCTTGAATGAATTGTTGAAGCCTATGAATCCGCCTGCACGGAACGTAGTTAAAAGTAAACCTACTGCCAAATGGCATGGATTACGGCACTCAGTTGGCGGAAT,1802,49.45,Mus musculus
SEQ_703653,AGTATTCATCCGCGAGTCGGGTGGTGCACTTAGTAGGGACAGGCGCACTATTCGTAACCGGCGTGAATTATCCGTTAATTGATGTCCTCTCAATTAAAGGACACTGCCGTCGGATACCTCGAAACAGCCGCCATTCAACATCAGACGGTTAAGTGTTTTGTATGGGCTTTGGACAGTGTTTGATTTCCACACTCTGTTTGGTTCGGTTGGCATCTCCGGAAACTCACTCAAGCACTCTCGTCAAGCGAACGTTTGACCATTCGCGTGTCCCATTTTCGTGGGTCCTAGCCTACCTGAGGGTTCTCGTCGATTCGGTCAACTCTTTCCCCACTAATCTGGCATGTAGATTAAAGTCTACCCGCGACTCACGTGAGTCCAAGTAACCATCGGTGCGACTGCAGCGCTTTCAGTGTTATTAAGGATAAGCACGGGTTGGCTCTTCTATTCGAACCTAGTCGTGGGTGGATAGAACCAGCCCAAGCCGTGCGTCTGAGGAAAAGGAATACGGGGGCCACTAAATTGAGTTACTAACTATGACGAGGGCTCTATTAGAAATAGGGTCATCGACTCGGTGGTCTCATCTGGTAGGGTCCGGCTACGTGGGTTGCTTGAGACCCACTGAGGAGTACCGTCGCGTAGCTCGGGCGGTATTTCCAGACAGTTCCACCCTATCTTCAACCGTCGGAGACCGCCTACCCCACAAGCGAGACACGGTTGCAAAGGGCACGACGCCGGACTAGGAGAAGGCGTCCGATACAACATCTGGCAAGAATAGCTATTCTACCAATCTGTCAATGGCCTGGAAGTCTGGATCGGCCTGAGAGCCTCTTAGCATCTACAGTGATCAAAGCCTCCGCGTTGCGTCGTAGTCAATGAACCAAGTTGTGTACCCCCACCAGGTCAGGAATGCGTGGCCAAGCCTAGGGCATTTAACAGATCATAGCCCCTGATCATCCCGCTCAACTCCTTGCTAAGTTCGAGCCAGCACTTCTGTGAGTATAGGGGCTGCTGTGTGTTACCGTTTTCAGGCCGCCCTCTTCCAATATCTGGAGGCTCCACCCCGATGTACTCAATTATGAAACTGAAGATACACGCCATTAGTTCGAGGACCTTCAAGGCAACCTATCAATGACGTTGAGACTAATGTTCGGAGATCTTAGCGATCCGATCCGCGCAGGTAGTGAAACCCCGTGAGACGAGAGGAGTACTAGCGAGATCAGTGGATAACAGTGTCTCAGTTTGGGACAGGCCTAGCATTAGAAAGGAATATCCGTTAAGACTGGTAATACCTCGACAGTGATAAAGAACACTCAAAAGGCACCGCGTCTACAGCGGCTTTGTAGGTAATC,1349,51.0,Mus musculus
SEQ_596118,CGGCCGAACATCTGTTGGGTGGTAAAACGCTCGCCAGCCACTTTGGTCTTTGATGTACCAGGTCAAAAGACTACCCATATTCCATCATAACTAATCTAAAATCCAAAGCTCGTTCCGTCCTTGGTGAATGGTGATCAGGAGGACTAAGTCAACAGTCTGGCGGCCGCTAAAGGTGGAGTCAGAAGGGGGCGCAGTATGTAAATAATGGTTTTTGAGCTCCGAAGAATACAGAGCCCAATAGATATGGTCGCGTCCCCTGTCTATTCATCAGGGATCTAGACAACGTGGAGTTAAGCACACGCAATAGACGATGACACGTATGGCATTAGAACGCACGGCGCCAGGGTGTACTCAGTTGTGTGTTCGTCGAGGCGCTAGCCCCCTGTTCCCTGGGTATCATTGCCATCCCTGACCGCGAGTCCTAACGCGGCTTCTGATGATTAAAAAACATCCGGCACCTTGTGTTATTACCACCTGACCAAATAGGCTTGCAACGTGCGTGTGGGTAGCAGGCACGCTCAGAATCTACAAAAGGAGACAAGGTGGCGCCAGTAGCCCAATACTAGAACGTAAACTCCAAGGAAGCTGCTCCCAGAAGCCTTAGATTCCCCAAATAATGCAGTGGTCGCCGATTCGTCCACCGAGGCTCGAGAATTTACGAAGTCTTTACCGTAACACTCCGCACTGGGTTTTGCCAGCAGGAAGCTCAATGGCGGTACGCCTTCGGACTAGCCGTCGGCCAGGGAACATAAAAGCCCCCAAGCGGATAAGCTGCCGTCGTATCATGTACAGTCGACACCGTCTGTGTCTCTGAGAGCGTTATTTCACTTGCTGAACAGGGCCAACGTAAAGAGTCTTCCTCATTACAGCGTCATTTTACGGCCTCCAAAAATGCCTGTTGGACACCAGTCACCGGGTAACGAGACCAATAAACGTCTAGAAGGATGTGGGCTACGTCCATCACACTATGTCTTTATACCGTAGGGTCCAAGCATTCTGTGTAGGCAAACTGATTTAAAATACCGCGTAAGCCCACGTACCTCACAACAACCCCCATGTGCCGAAACGGAGTAGCGATGTCCCTTACCCCACGATTAGTCGTACTGACTACAGAGTAGTCGGTCATCTGTAAAACTAACGTCTAACATCAAAGCGACAATAAGCCCCAGTTTGGGGCTTGTCTATCTGAAATATATGCATCTCCCAAGCGGCACTAAGAACCTTTTTCAGAGTGCTTCTCGCCAGTTACTTACTACCGGGTTTTCAGGATCCTGCCGGGCTGAACCCTGGAGCACTCTACATCGGTAATGCCGCTGCGGCCTCTACGCAGTGCGAGCCGGGATGATAACCCATAAGTGGCCGCGGGAGCCCTGGGTCTATAAAAAAATCCATACTGACTCAAACCAGAGGTCCCTGAAAATTAGCTGTAAAGTGCCTCCCTCGGCTGAAACCGCCTCGGGTTGCTGATCCGCTGAGAGTAACGGCTTGCAGCATTTCTACGGCTTCATGGCTGATGCGAGCGTATTTTAGCTCTTTTAGCTTATGTACTAGGATTCGTCCTAGATCTCGAGAGTTCGCCTAACCGCGTGGGCCACCGTTCATGAAAATTAGGCTGAAGTAAACAAAATTCGGGTGCACAGTTTTTAGGTGGGACTCCAAGCATCCACCAGCCGAACCCAAGGTGCTCACAAACCAAGGGTCTTAGGAGATATTTTGAATACTGAACCGGACAGTAATTTCTGCCCGTATTAATAGGAGGCTATGTGTGCGTACCTGCAATGTTTCCGGTTATGATTGGCACTACACCTACAAAGCTCCTTCTGGTGTTCCTATCAACTGACCACTTCAGGAACGATGGAAAAACCTGTCATATACATCTGCGTTGCGAGTTCTTGCACGAGGTTTTCACGCGAAGCATCCCAACTGG,1927,49.97,Mus musculus
SEQ_277020,GCAATCGTAAGGATTGATCTGGATATGAATAATCACCCTCTCGGCAGCCGCCGAGGATCCCACAACTGGCAAAACTAATCTGACTAAGAATTCCAGCGCTGCTCCACGTGGGTTGCCTTTTTAGGTAACACGATATTCCTATGTACGAAAAACAGTTTACATTCTTAGCTCACACGGGATAGAGCCTGTCAATTATGCCTAGGAGGCAATAATTTATCTGCCTGCTACACTTCCACACTCGTGAAGTTGGCTATTGGGCAACGGAAGGTAAATGGTGACTACGCGTCTTGTGGGAATCTGGTGGGACTGTAAGATTCCCATGTGGTGAACACCTGTTGGCTGGTGACACTCGCTCTCACAAATGTAAAGCATGTGTGCCGTCTTGTGTTGGCGCAAACAACGTCGTGAACGACCTCTAAGTGGATTCACTGGATGTCGATGGTGCTGGGGTGTACGGCGGTTACAGCATTTGTACCCCATCGACATCTAGCCACCTATGTGTCTGTCAGAGAGCCCG,517,48.94,Mus musculus
SEQ_832469,TACTGACGCTATAATGGCTCGGATTTGATGGTCGGAGAGCTACCGTGATTATCGGAGACATGAAAGGCAGGCTATAGAGTTGCCATGCTTGATAAGCCGACTGTTAAAACATCGATCCGGGTACCACTGTATGACCGGGCAGTATGGATTTGCTTCTCCAGTCCCACCGCATGAGCGATTAATATCAAACCAGCTCCTCACGCATGACGGCGCTTTAGGCTGGAGCTCATTAATCACACCCGACTCGGTAGAGCTTTTATTGATCTTGCTGGTTCACTGAGGAGTTGCGAGGGTATTGATAATAGAACGTCAACAAGCGCAGACGTCAATAGGCAAAGTTCCACTTTAAGCGAGTCGATGGTAGACCTTACTCGAGAACCTCAACCAATCGGTGCGACACATCAATCATTCTAATACCGACTAAGACCGTGGCCCCTATTAAATCCTCGCCCGGTCGGATGAGGCGCCTACACCGGAGCCCTTTAAGCTAAACGTATTACTCCCTGGATCCCAGGATTAGAACCAGTCCGGCTCATCCTGACCAATCTCTGCGTCCAATAACCCACCATGCGGTGGGTTTTGTTCGGAACGGAGCACGCTGAGTCACTCCCCTTTGGATCCTCTGAGCTGTTGGGTGGTCGAAGACCGACTTGAGATGTCTGTTCTCGGATAAAAAGGTTTTTACTGTCCTTAGCCAGGTACCTTAGGCGTAGATATCATGTATCGCTCCTTAGCTCGTGGACCGTTTAATTCGACAGAGCAAATATATATCCACCAAGTCCCCGATTTACCCAACTTTGTAGGTTGGTGCGATAAAGACGTGGGCAACTATAACTTGGAGTAGTGTTTTTACACTAGGTTTGCCCTGCAACTGCTCACGGAAG,884,48.98,Escherichia coli
SEQ_209143,GTCTTCACCATTGCGGCTGGACACCGTTCCGGCCGTTGTGCTAAGGCACGTGTCATGTGGCATTCCGTTGACTATGGAACTACCCAGTCTGCGCTAACATAAGTCGTCCCGCTTATATCCCTGTTTTGTAAACAGAAATCGGGGGCGACTGTTCATAATTACATACGCGATGGGCTACTTGGACAACGAGAACGAGGGTCGGTGGACATTTGGCGTGTTAAACTTCAAACACACGGTTGCCTATGAAGTCATGCCGTACAGTGCCTATAGAGGCCTCAGCCCTGATCCCGTGCCTGCTCGCGGTTTATATCTCTAGCTCAGGCTATGCTACTATTTCTACCCGTGGGAACTTTAATAGCGTCTCTTACAGGTGGGCTAAAGGTGACATTTTATTGTTAATCAGAGCTCCCCCAAGGATACCATGCGAGTTAACCTCCGGCCGGGCCGTGATAACTGACTGCCGTATCCAATCATTCTCTATTGAACAACGCACCACCACCAGCGAGGGAGAGCACGTAATGGACCTTGACTGGGGATGCGATGGAGCTTCTTAACTGAATTCAAACGCATGTAGACCGTAGAAGTACTGTAGAGGAACTAAGACGCGGTGTTCAGAAACCTATATTTGTGAGAGACGAATCGAGTAACCGGCCGCATATCCGGACCGAGTAGTAAACACCAGCCCTGCCGTCAACCACGAGTCGCTATGGCCCTCACTTGGCGTAGCTTTATGTCACAATATTAAGCCGGTGTCCCCGCAGGATCTGTAGACTACTATATTTTGTGCGCTTAGATCGGGCGCGTACAGGGCTGTAGGGGAAGAGTCCCGTGGATGCTACGTTTGTCGTAACGTCCAAGTGTATATAGCTACTCAGGGTACTTGTTATTAGAAACGAGAGTGGCCCAAAGTCACCTCTCAACCGGTGGGCGGTCTCGATTGCAGCATGGGCGGCACGGCCATGGGTACGGATCTAACTTCGCATTTACTATATGCCCTGGAAGCTAGTCCGTCTCGAACATGAAACGGCCTTCGGAAATTACCAGTTCCCCGATAGGGGGGTTGGACACGCAGGACCTATATCCCTTTATGCGAGTTGAAGGAATTTCTGCCGCCGACTGTCTCCATGCTACTTTTCTGCAGTAAAAGCTGAATAGATCTCCTAACCGAAATTTGACTACGCGCGTATCGTAAGCGTTGTCGAGGTATGCGCGAATTTACTCTCCAATGGTAGACAGACACGCGTGAACCCACTCCGTTGGAACGCGGTAGGATGTGTCCTCGGCCAAGCAGCGATCGCGTTGTCTCTGAATCCTGCTCTAAAAACCCATTGGGTCTTTATACAATCCAGCGGTCTGCGACAGCGGTTAGGAAAGCGGTTCAGAATACCCATCTAGGGTTGAGCAGCCTGAGTTGGACTGATTCCCAAAACCGGTGTTGCGAGTAGCACACACCATTGCGAAAAGTTGACCCTCAGGGCTCGTTGAGCGCGCAGGCTGGGTGCTGTAGTAATCGCTTTAAAGCCCACCTGTGTGGATGAAATGTTCTTAGCGTACTGGGTTCGTCGCCACAACATCTCTGATTAACTGTTGAGACTTCACCAGCTGCTGACCTACGCGTAGTGATTTAAGTCGTGACATGAGAAAGACACGGGTCCAAAGTACCGATAGGAGCCACAAACCTCA,1683,50.86,Caenorhabditis elegans
SEQ_921978,AAGTCCGAAGATACATTCATCAGGCAATTATGCGATTAAACACTCAGAATTCTAGAGTTTGAAAAGAGATGAATTCAAGTGCTTGTCGAGGAAAGGTGGCGAATGCCTTGAAAAAGGGAGTGGAAAAACTGCCCGAAGCGTCATAAAGTTGGACGTCCTTTGGGACTGTCCTGGGGACATCCATCCTAAACGACTCCCTACCGGGCATAATTCACAAGCTAGATGTTAGGCTAAAACCCTGTCAGTATAATAAACTCAGGTATCGGTTGAGAAGTATGATTTAGTCCGTGTACGCGCCCTCCGACTGTACTCAGAATATAGAGGGCGGTCTCATCACCGGGGTACTTCGGGACGAATATTCGTCTCACGTGTTTCTAGGAAATTCTTTCGGCTATTGCACTCGAGACCCTGGTAGGGACGCCCGATTTTGAGGTTGTCTGCTTCTTATAAGAACTGTCGTAAAATCGACTCTGGTCAAGGTAGTAGAGGCCAGATCGATCGACTATCCTATTTAGAGTAGTGGGTCGGACCCACGCATAATTCTTACCATTTGGTGACACTCCTTGGAATTTCAGAAGCAGCTGGGGACACAAGGCCCCCGTTATACTACAAGGAAGATGGGAGTAATTGGAGTAGTAATAGCGCTGAAGCAGTCTATCTGGTGCGGCTTAATGTTTTAGTGGATGTCCTCCACTAATTATTGTCGCTTGGGCCCGTTCCTCCCGTGGGCGCGCCACGATGAGCAGTGAGGGATGTTGCTAGTTGCATACGCCACGTATTGTTACTCCTTTGAATGGAAAGCACTCGTTTCAAAGCTGAAGAGACGATAGGAGCCCGGGTATTACCACCTAGGAAGGGTGGAAGGTCATGTTACAAAACGTTAGAGCTGTTGAGTTACATCAGGCTCTATGAGTTGCCTTCAAAAAGCGGTACATAACGCAGCGCACTTTTGCAAGCGTAGATACAGTGTGGTTCGTCGAGTACTGATCGCGACGACTCTCTGACAAGGACTACGCCGGGTCAC,1024,47.75,Caenorhabditis elegans
SEQ_508032,TCACATCCTAGCACAATACACACCTGGCTCTCAGACCCGCATTAGACGAGGAAGGCAGATCTTTATGCACTCGCGAAA,78,50.0,Mus musculus
SEQ_287982,CTAAGCCCATGGCAAGATTGTCCTCAATTTCATGTGTTTTTATCTCTCAGTTGGATAGCTACCCAGAAGTCGGCACCGGCAAACTTGTATTGATTATTTGACAAACGCAGACTTGATTCATGTCTAGGGGTCCGAGACTACGTAGGCCGCTCAACCATTGGTTAGTGATGGCATCTCATATTATTGCGATGTAGCTTCCAACTCGTGTCGTCATTTATTTCATTAGTGTTTTCACCCTATATCTTGTAGTGCAAAGGTGTGCGAATAGAATGTATCGCAGCATCAAATCTTCAAGCCGAGGCCCGACAGTGCGCATAATGTTTGAATCACCCATGCGTCGGTTCCCGGTCACACTGCTCCCACCGCAATCGTGTCATTGCTGTGCACGTCAACCAAGCCTTCATCGCTCTGCTTTCTGGGGGTGCTGGAACTTAATTGAGGATCGATCTCGCATCTCGGGATAGAAATATTCTGCTAACCCAAGTACACGTTGCTGGATCATGAATACTCAAGAAGACTGAAACCCTCACTAACACGGCGTGTACGTAAACGCGAGGTGATCCGGCACGACTCACTTGAAAGATCGGTCCCCCGGTGCTGATACAATTTTGGATGCCTCCTTGACCGACGTTTGTAAAGCGGAAGCTGGCGCGGTGTCGGTCGATCATCGACTCACACGAATCCACAGTTCGGCTCTGTAAAGTTAGGGACATCCACAACGACGTATCGCAGTTAGAACCTACTTATGGACAGTTATATTCTTATTTGTGTTCACCGAGTTCCATGGACTACGGACCATGGCAAAACGCTTTGCTAGATTCCACTGGCGAAACCGATGTAGCTTCAACTATTTCTTTAGCAAGTGGTCCCTGATGGACTAAGGGGAAAGCGTCAAGCGAGGCCTGATGTTACTGGGAAGTCGGTCCTAAAGCTCTCGGGCGAAAGGCGCAATCAAACTGGGGAGAAACCGGCTGCGGAAATAACCAGAAGAATCTCTTCAATGACACATTGTCAGAAACAAAACTATGTTTAGAGATAGCTCCTTTTAATGATTTTTGCATGTCGTAGCACCGGCAATTCGTTATACTCCCGCCCGGGATCGCTGCGTACTTTGCATTAATTCGTAGGTGATCCCCTGACCGACTTTTATTAGTTTCCTGCCTAGTCTAGTGTCTCCTACTTCTTCTTCCTCTTAGAGACTTATCCTAAAAGAGAGAGCCCGTATGTTAGGTCCTTTCCGCAGGATGCGGATGAGGATCGAACATGATATCGAGGTGGGAACAGGAAGTTTTGCGTTAGTACGGGACCACCCGCTAGCTTAGCCTCAGGGATCGCAGCGTTGAGCCATGCGCCAGACATTTATATTTGTGTTTTACAGATAGTGGATCGAGTACACCTTGGTAGAATGAGGCACCGGGGATGGGAAGGTCTGTGAAACGTACTGATCAGTTGCGTGTAACGACCAGCCCTTTCTCATTTGTTAATACGGTCAGGCCGATAAGAGGGTGTCTATCGGCTACCAGGCTGTACACATCCAATCCTTACATGAAGGGTATGGCCGTCGGATAACTCCTTGACTTGCGCTGGCACTATTGCTGGAGCTTATCACGGGGAACACCCCCAGGGTAGATACGTACCACTCTATGATCGTTGGCAAGGTTTGGATTCCTGACAACAAACCGTGACAGCACCTTCCATGGTTCCCGCTAGCTTTGGGTAAACAAGCTGTTCCTGTTTCTTGTCGTCTTGTCATTCGCGCTTT,1762,48.18,Drosophila melanogaster
SEQ_965390,GAAATGCCTCGTATGGAGGCTCCAGAGCGAGTCGCCTCTTTCGATACTTGACTTAAGAGGGCTTGAGATATCTCTTACGAAGGAAGATCAGAATTGCAGAGGCGGGATCTGAAGGATATAGGACTAAAAGACGATAGCCCTATTGCAGTAGCTTATAGTCACGCACTATGCAAGATATCAAAAACTGGGACTAAAGGCAGGGTTACCTGTCAATTCTGATTCGTATCTGTCCGTGCATACACCGTATAGTGTTGCCCTAGGACGTTCGGTTTAGGGAAGATAATAGCAGTCGACACTACGCGGGCCACCAGATCTGTCCGTGGAAAGAACCTGGATCATTGAAGATTTGCATACATTGAGGTATTCACGCGGTAGGGTCAGTTCACCAATGGAACCAATTCTCTGGCGGCACCATTCCGAAGGCATCTGGAACCATTAGCGGGCTTTCGGGATTTCTACCCAAAAATGTCTTAAGCTTAGACATCAAATTCAAGGGCTTGTGAGTTACATGGGCGCGAGCGTCTGGGTTGTCTCTCGCATAGCAAAGATTGTTAGATAAGTGTGAATCGAGAGATTGCCCGTGTGATTAATTGCTGCCAAATTGGTTCTTTAAATGGTACGACGTGCGCTCCCCTATGCATATAGTTATTTCAACTCTCAGTGCCCGCGGCGATTAGCATGCCACTCCGCGGGCAGCCATTGGATGAAGGTGATGCTAATAGTCACTCGTAATTTATTTAACCTCTAGAGGAATATGTTAGTCTAGTTATTTACACTAGTTTATCTACTATATGAGCCACGAAATGATGGGGCGGGCCATGCCTACCCCGGCGGAGGTCGCTTCTTACGTTGCGACTGTACATTATCCGCTAACAACAAACATAGAGAGGGTTTGCGACGCTAAGGTCAATACGTTGACGGGTAAAGGGGAGGGGTAGCAAATCCAAACTTTCTGACCACTGGTTCGGGTATAGAATAGGTGGAGGGCCCGGCGTAACTCTTCTGACGCATGGGAATGTTCTAATTAGGACCAATTACCCCCAGGTATCCTGCCGAGCGACGCCATGCACCCACGATCGCACGCTAACCCATTAGGTACCGCGGCTCACACGTAACCCCAGACTACCTTCTTCGGGCATACAAACAGAGGGGCCACATCTTTGCTCCTCAATTAAATTTGTGGATGCGGCCAACTAGACATAATTCGTCTTACTAGC,1217,47.99,Drosophila melanogaster
SEQ_670905,AGTTACTGAGATTCCCCTTCGCAAAGGCTAGACATGGACGCAAATACGCGAAATATTCACTCAAATACTGCAATTCATATGGAGGTTATAGTTTTCGGCGGGGGCATCGGGGTTCTTGGTATTTTTACACGGGGTTCCTACCAGTGCGGACATATGATCCGGAAAATTAGATATTCGTTTGAATCACGGCTCCTGGCACGTCCGAGTCAAGATACCAACTGTCCGCTAGTCATTCGGTCCGTTTTGATCCAAGCTTTCAAAACTTGATGCGCACGTTGAAGTTCCCGTCTCTTGCATAGTGTAGCTAGTCGGGGAGGTACCGGGTGATTCTGCGCCACGATACAGCTTCACTGAAAAAGTGCGCGAGTCGCAGCGCACGTCAAGACAACCCTAGACTTCATAATAGGTAAGTGTTCTGAGTGTTTTTTTAGAATCGGTGGCGCGATGGCAAATATCTTACAAGTTCATGGACCTGCCGCGAGACTGGGTCAGATACATTATTACATACGAGACCACCAAAGAAACTTACCCCAGCCACACCGACAAGGTCGGTCGAGTTGTCCAAAATCATTGTGAGCGTGGAGAGTTTTGGATTTCCTTCTGATCCTGAAGGCGCTTCTCATTAAGCAATAATTAGATATCGAGTATACCGAATGGTCTGTGGAACGTAACCTCATACCAATCAAACGTCTGGCAGTTTCTTCTACCCGTTTTCATCTAGGTATTGAGGCCGTGTAGCTACCCTTTACTCGCAGATAGCTCTTCTGAGGAAACGTCCTGGTGACCGAACGGCACGTCCCTAAATAGCCTGATCCAGATATCATCGTTAAACATACGTCCATAATCAAGGACTAGGGCTCATCAACAGAACAGACTGGACACCCGGTAACCTTATTTTTCTCAAGAGAAAGGCTTCCCGGCCCTATCACGCCAGAAGCCTTCACGCTGACAAACCCTGTATCAGCTATCATGAATTGTCGCTGTTTCTTTGCCGCCCCCTCGGACACCTTTAGAAAGTAAATGTATGTTATTGGATCACCGCGCAGATGAACGGCTGGCCACCTCGAAATGATATCCAACTAGCCTCTATGATCCGAGAAGCAAGGCGTCTAGCTCCCGATTGTTCCCGAGCTTATCGTTAGACGCCGGATTGAATCAAGCTGCAGTGCAACTTGCAACTACACGGACGAGGGCAACGTCATTGGTTTATGGGTCTATAACCGGAGGATATTTCGGGGCAGTGTATACTATGGCACTCTGATAGTGCAAAATTTTCTAATACTTTCTTAGAGCATCTGCTTCGGGTAAAGGGCTTAGATTCCACTCCCATACTAATGTTCCATGGCTCCCACCGGAGCCGGAGTTAGT,1368,47.51,Arabidopsis thaliana
SEQ_959635,TCCGGCTAACGGTCAATCCTGCGTTTAGTAGATCCTGGCTCTAGAGTTTGTCCGTGGTTGTGAAGGGCGACTTAGGGCTGTAGGTGGTGCGCGGACTGCAACCATTCATACCTCTTGGTGCATTCATCATGTGAGCCTCCTTGTCTTCCGCCTGGATTCCAGCATTGCCGTTCTCATCGGTTCGGTTTTCCGCCCAGACACCGTTGAGATCAGATGCGATCACTGAGTGGCGGTAGATGGGCACAGAGACCAATGTTACTCCACTAAGTCGTTGTGTGACTTGGATACCAGACCTTTAGGAATTGCTGTTCCAGGACAGTGCTCTCACTCATTCGGTCTTGTCACGTGCTCGGGCGCATCTAAAAAACTGCTGCCGCGGATTGAGTCCATTATATGACAAGTCGTTGAGTCATTCTACCCGACGCCGGAGTAGCGTGCGCTGGCTCCTATTCTCGCGGGGGCTAGTTTGCAACACCTACAAGCCTTGGGCTCGTCGCAGCACCACTTCAAATTTCGCGGATTGCAGTTTTGCGAAGAGGTGGCTTAGATCTAAAACGTTACTGACGCGCTGTTTGGAGCCCAACGTAGAGCCTTCTGTCTTAGTGTAGCCATAGGGTAGGATAACTTCCCTTATGAATGTCTCCAACGGATGTCTAGCGCTCTTCACTACGCTCGAGGGTGGATAGTCCGACCGAGGCAGTGCCGCAAAGCCCACGGGGAGGACTGAACCGGCCGTCCCTACGGAATCGCCTATGTGTCCGTATGCTGAGAAGTTTTCCAGTCACGACTCATAATCCTGTGGATTGAGAACCACAATCGCAGGGCCTAACATTCCCTCGCGTGCCGGGAACGTGGTGGTTTAAGGGATCGTAACGCGGAGCCATTGGAGGTCCACAAGTATGTATATTACCGTGGTGTCTTATTATAGTTGTTGTTCGTCACTCGTAAAGCCTATAGGTGGCCCATAAAAGTTGGCTTACACCCGCTCTCTTACGACAGCGCTTTCCCCCCAAAGAGGACCAACAAACTTGGCTGCTGCCTGTGACAGTACGCGCTA,1057,52.6,Mus musculus
SEQ_109512,TTTCGTCCGTGTCCGTTACGACCCCATCAAGTCGTTCTCACGTACTGCCCTTCATCATTATTTTCCTCGGACTGGCCGCCGTCGAGACCGTCTGCAGGTGCCTTTGAAGACGAGCCACCATCCACACGATGGATACTAGTTTTCCTGGCAGGGAACACGATCAAGCTACTATGGTTAACTTTGGCAGCCTCTTCTTGACATCAGTCGTATCAGACGGATGATTGAATTAAGCTCTTACAATTTTTATTTTATCGATGCGAACCATTTGGATGGACGTTCGGCGATAGCTTAGAATACTTCTCTAGTTGCCAATCCCCCGTGTGCGAGTCTCTGGACGTAGCGCAACGTAGACCCATCCAAAGACGTAATTGCCTGCGATGCCCGGGCCATATTCTAAAGTGGGTGGGACCGTGCCAGTACAAGCGCGCACGGTAGAGGGCACAAACCCAGCGAGAGGGTATCGTTAGGGCTCCGCACTTGAACTTGGGTTTTTATACGTGTAGAATCCTCGACTTCCCAGCCCGACCCTTTCAAAGCGCGAGGAGGAGGTGGTTAGACATAATGCGCATTAGAGCATACATGGTAAAGTTAAAGCACTTAGGGTCCCCGAGATATCCGTTTGCTCGGTCGCAGGATATGATTCTGGAGTTTTCTGAATACGCCGTACTAACGAGCGGCGAATTAGATAAGATTATTATAGACGAGTAGTTTCATGCATCTACGTGTGAGCTCTCCTGGTACCCTGTAGAAGTACGCCCTGTCGCCAATGCAGTATTTAGAGATGATGCGAGGGCGCGCTAACCCAGTCAGAACTGAGGGCGTCGTATAGTTTGGATTCCTTTGATGGCTGACCTCGTCCTACTTTAAAGAGATTGCGATTAGTCGCGTATGGATACTTTTGAGCTCGCGGAAGGGTAGCACGTTGTTTTTACACGAATGTCGGAAGGCAATAAAGACTTTCAAATGTCTACAAGATCGCGACACGGGTGAGTATTGAAAAATCTGATGGGGTTTGAAGCTTAGTCTTCAACGGATGCTTACCGACGATGTTAGAGTCGGATGCCAGGTTCCAATTACAGTCATGGTCGGCGATGCTAAAAATTTTGAACTAGAGTCCGAATTTAGTACGTACACAATAGGAACAACCCCAATAAAAAAGCATGTGACGTGAGCGTCTAACCATTCTATCCGGTGGGAACCGTCTGAGGATCACGATTCCAATGTAAGCGTCATCGGGTCCCAGGGCTATGGAGACGTGGGTCGGTAGTAATATGTTCTTAAGTGGTACTTCGGGTACCCGCTGCGAACGTCCCGTTACTTCCCGAGATGGCTCTTCCTCCGTGTTTCGGGCCCCCACGACTCGTCCTCTGGGATATGTACTACATGGGCAACCAGATGAGAACAGGTGGAAACTCTCATTTGTAATCTCCATACCTTCAATCTAGCCAGATGTGTTCGTGTCCTCGCGGCCAACACTGTCCAAGGAGGTGATTAGGGTGGGGAGCCCAAAGATGTAGCAACAATCGTCTGGTACATTGCTTGCCTCCTACAGACGGGCGCTTTATATGATGGCTAGGTCCACTCTGTCGCCTGAACCCTCTTTCACGGGCCACGGCGGACCGAG,1624,49.69,Arabidopsis thaliana
SEQ_281202,CTCGCTCGTTTCACTACTTGGATATATTAGTGATGTTTAGCCTTGGGTACGCACTGGGACATGATTAAAGTGGGAATTCCGTGTCTCGCAGCCTATTTTTTTTTCAACACCATCTCCACTAGCTCCGGGTTGCTAAGAAGCAATGGACGGAGAAAGGCGCTACAGTACTCAGCTACCATTCTACGCAGTTATCTCGTTCCTGACTAACACTTGATAGCTCGCGGACTGTCGGATAAGGGTACTCGCAATGAACTTGTTAAAT,262,45.8,Drosophila melanogaster
SEQ_937477,TTGGATCATGTCTAGTACTTCCCACTTCTGTGAGCGAGGTCATGCCAAACACAATGCGCGGCACTGATTATCTCTGTGTTTATGTGCACATGCCCCGGACAAGGCGCACATTCCGCTACGAAATTTCGAAAACTAAGGGGGCTGGTGACATGAGCTACGACATAGATGCTCTTTGTGTGTGCGGGGTTCGCCTACGATCGTGTGCGTCGCCTCCTGGCCGGGGGAATCCTGCCACTCACTCTCCTCGGTATTAACGTCCGCACGCAGCATACTTCGCCAGCGTTACTCCAGCCCGCAGGCTTAAGATCTAGTTGTATTATAACGCTAGGCCCCTGTCAGGCGGAGCCTTGTCCTACTGCAGATTTACGCAACGTCCCTTTTAGAATTGCGTTTGACAGATTAACCTGCATGAAGCGTTTCGGATATCCACTTGTGGAAGGCACAGATCAAACGCCTTAATGCTGGTGCGGGTTTAGAGGTGCTAGATCTGGTCCCCACCTACCTAGAATCTGGTATTTTGGCCAACCAGCCAGAGTTACCTGATAGCTACTTTAGGGGTTACTAGCATACCCCGTATTCAGATACTCGTACGTGCGCGACAGCGCGAATACGTTTGATATCTTGTCATTCCCATAGTGTGGCAAACCACAAGACTCTAGCACTAATACGTAACGATTAGAGTGCACTTTTACAAGCGAGCAAAACCACTCCCCTAGGGATCGTTGTCCTAGCACGATATCAACCGCCGACATAACCAACCCCTTAACTAAGCCGGTAGGTTTTTTTCGAGCCTGTAAGTGCATACCCGGTAAGGTAGGTGCAAGGAAATTCTGCGTATGCTGCTAGCCCGTAGTTGTAAGACGAGCTGCTGAAGCCAACAGGCGAGGGGAATGCGTTAGGAAATACTCCGTGAGCCCGTGGAATCAGCCGTCGTGTTCCTTTTGCCGTCGATGTTTCCCCCGGTTCATACGCTCTGCGTACGCAGAACCCTGGATTCAGATCAGGCTGGTGAATGTGTATTTTGTTCTAATTTGTCCAATTCAGTTAGCATAGGCCTTGCTCCGTCTAACCGATTGAGCTTAGGTAACCGTTCTTATTCGACCAATTCGCGATTTCATTGCACATCCACCTATACTCGAGTATTATGATCAGAAAGCTGACATTGGAGATCACTCTCGTGTCGCTGAATTATCCGCGACTGGTTGGAAAGTATCATTTGGTTCTAGCCCATAGATCAGTCCTCAAAAAGTAAGAACCGAACCAACCTTAGACCTCCATCAAATGAATACAAGCACAACTGTGCAAAGACCTACACTCTGTATGGGACCTAGCGCACGACGACCACAGACACGCCCCACACGTTACCCGATAACTAACTCTACTAAATCTAAATATAAATTAGCCACTTAAATGCTTGCGTGACGGTGCCCGAAAACGCCGAGCGATGTAACACGTCCGCCAACGTCCGAGTGGTTGGGGTCACATTAGACCTGGCCCCTATCAAACGATACGATATAATTCGTCCCACGTAAGGTCTCCCGTACGCGGACCATAAACCCTATGATACAAGAGATGTATCCATGTTGTATATCTTAAACGTATAGGCATAACGAGAAGACCGTGGCCAGGCCATCGGACATTCCCCAAGAGTGGCGCAATAAATCTGCCTTCGGACTGTTATCCTTTCTCTCGTTCAATATCGGGCCACATATAGGAGAGAGGAGTGACAAACAATATCGTGGGTATCGATTCTACCCTCTTCATTTTTGCGAGCACACCTGATTGCCAAATTATACTGGA,1800,48.67,Saccharomyces cerevisiae
SEQ_180349,AACTGAACACCGCAATCTCTACGGTTGGCAAACCGACGGTGGCCGAATCAATTCCGCCATCCTACAATGAACCATACACCGGCGCCAGTAGTGCTCTACGGATAGCTCAGCACGAGGGTTCAAGGGTTTTGAGGTGCGTGAAAGTTCTAGGTCAGGAAGCACACTCAGCATACCAACTCACCGTCCGGTATGAACTGTGGGAAAAGTTTTTATCAATAATCTCCTATTCGTTAATGAGGACGAATGTGACTTCTGACCGGATTCACCTTCTTCGTCAATGTCCGACTGATCCGATACTGTTTGTGCGTATAAAGCGTCGCAGGCTCTAGGTAGTTAACTTAGTGCATAGATCGGACTGGGTGGGCCTCACGGATACATCGTTACAGCATGGCTAAAAACTTCCGCTTTATTGCCGATGTGCGAACTTCCCGGCTGTCGAGGAGCCGGATAAATAATTCCGGTGACGTCTAGCGTCTCTCCGGGTAGTATTGAACCTGGCAATTTCCTTGAGGTTGATCATAACCGTGCTAGATCTTAAGGTGGACGAATATCATGACTCCACTTGCGATCGCGCGTTACCCGAACCCATGACGTACTGCAGGTATCTGTAGTAGAAGGTGTGTGCGTGCCTTGAACGCCCTTGCTGTATATACCGCCCGACAGGTAAAGGCGAAATGGTAATCTTCACCAGTATAGCGTTTCAAAGCTACGTCAGTTGCACGAGGCGCACCTGCCAGCTAGTTTACCAGACTTCCTTCGCATAACGTGGAGGTAGCCCGAGACACGAGTTACTAAGCACTATTGGATGCTCGATGCCACCCGTCTCGGAGCGCACATCAACGCTTTTTGCTCCTAATTGAGCTGATGTTAATAGCACAGCTCTAACGCGTATCTAAATCCATCAGAGTATCCCTCGTCAGTGGGGAACCCTAACGGACTACGTCGGTGCGAGAGAGCTAGGTTGAAATTGTCCTGCTAAGCGCACCGCAAAGCAACCAAGTCGTATAAGCACCTGGCTTACAAACGTCGTACTAGCTACACGGTAGCGATTCACAGCTAAGCGGCCGGAGCGTACGCTCATACCATAACTCGGATAATCCACACCGCATCTGGGTAGCAGCCAGCGTGAATACACCTGACTATCGATACTACTACTGCCCAGTGTAAAGCCTAGCTTATTTGTCGGTGCCCCAGCGTGGCACAGTGCGCTTGCTCGAGCGTCAAGGTGGTCTGTTGGGAATGTCAGACGCCTAAGGCTACGTCGAATGGAGTTGGAACATCTGATGGCCCGGATCGTACGTCACAGGCGGTTGCTCTGCACCACATCAATGATACGAGGCGAGACATCAATTGGTAGATGGTTAAGTTCCTGAGTATTGCTGACTCCG,1388,50.72,Drosophila melanogaster
SEQ_733674,ACATGGGCGCCCACCTTCACGCGTTTATAAAGCTGTCTCCCCAGTAACGTCCTCAATTATCTATCTTACCGTGGCGGTAGTTGAACGGAAGTTAAGCTGCGCCATTCACGTCAACGGAGGTTGGGCTCGAACCCTATGTGCTTCTTCTTGGCTACATGTGGTACGCGAACTAAGGTTAGCAGGGAAGCGATATGTAACTTTACGACCGTCGAAGAGTATGCCAAGTGTCGCTCTGAGGCGTGGGAAAGAACCTATCGTGTTTGGAATATCAACGACGTTTCACACTGTGCCCCGTGGTCAGCAGGAGAAAGGACACCTCGACTAGTCCGGCGCAACACTACATCGGACCGTGAGACGAAATCGCCTGCCTGTCACCATCCGTTCACGTGACCTCTGCGTTCTGAAAACGGTGTAGTATACTAACCACTCAGGGAGTCGATACAGGATGCGCACCAGCTCTCCTTCTACAGCTCTTACAGTAGCTGGTGACCAATTGCGTTCTGACGGAACGTATCAGCATGTATCTATTCGTCGTTGAGGAGTATCTTCACATCGGAAACCTTGTGCCGAAGTTAACATTCTTGTACGTACAGTGTCGCGGGTGGGGTATCATTTCTAGAGATCACTACTCAGTGTCGGCTACACCTCTGTATGTGTGATTATCGTTGGCATTCGGGCTTTAGCTTCCATCCGTGTGACAAACTTACTGTTGAGTTAGGGCTCGATATGTTATCAC,736,49.86,Saccharomyces cerevisiae
SEQ_197345,GAAGGGATCAGAGTGTCCCCTTGGTAACTTTATTGGAGACCTAGAATATCGTCATCCTACTAAATCGTTACTGTCGGATTACGAAATTAAAGATTTATGCTCCCCTGTTCGCACTACCCATGATTCGTCGATCAAGTGCATCGTGAGACTCATTGAGCTGGGTGCTGAAGGATACAACAACCTGTACTCGCGATTCTCCCATACTATTCACCGCCCGTGAATTGTAACTTTCGGCGCTCGCCTCTCATGATATATAAACAATCGTAGAGACTGATCTCCTGCTCCTCAAAGCTAATGCTACCTACCCCCTGGCGTATTTTCTTGAGCGTACCTCGGCTTGCGCTCTACTCTCACGGTCTCACATCTCGCCATGCCTGGACGACCACTGAAGCTATTGATATTTAAAAGAATTCATGCAGAGACACTAGAGTGCTTGTAGCCACTAGAAAAGAATCCTTACAGTGTGTATACCGACATAATGATTACGGAAATGCACAATTGATCCGTCCCGCCTCGCCGTGTAGCATAAACGTTTATTATTAGGGGGATTCTAATCAGACGCCCGTCCGTACCTCTCTCTAAACAATTCCTGGTGTACGGAGGAAGACGTCTGGGGATTTGGCGGTCCGGTAGAGAGGGAGTTCCTACTGCGGTCCGACACCTTGCATCCGTCCCCTCCCTCGCAATACGGCCGGGCGATTTATTGAACTCAATCGCTAGTTACCCGCAGAGGCGCTGAGAGCGATGTACAGTGGGCGTGAACCCAAAAGGGTAACCTCTAGCACGACAGACCGGGAACTCTAACTTCTCCGTAACATACAAGCTTTCGACCCCCCAGTCCTGAAGATCGTTCGCGTGCTTTGAGCTTACGCGAGTCTGGTTTGCACACACCATACAAAGACTTTAAAAGCGGGCCCTTGACGATAATACTGAAAATGGTTAATGTCAAACCCTGGCGAGGCCGTGCCCAGCTGGCTTGAAATTCCAACCGTCATACTCCACGTGATCAGCATGTAACGAAGCCGCTCAGGGTTATGCGTAATTAAGGCGATAAACTCAGGCTGCTCGACGGGGCCCTGACAGAGGCTGTGGCAGGGAGACATGCCGTTCAGTACAGCCGACCGACGCTGTGATGATACTACTCGCTGATAGGACTATTCCAGAGTCAGTTAGCTTAGGGAAGGGGGTTGGATAAAACTCCCCTCAGCGACTCACTGCCGATAGGCTGACCGGTTGGAAATACATGCTGTCATACAACACCACTCACCGACGCACCCCGGTGTAATTACACCTTGCCGACTGTTGCGAGCACGAATTCGTACGGCCTGTGTAGACTAGACTATTGAATAGCGTGTCAAGGCCTCAGTCAAAGCCGTTAAA,1380,50.14,Mus musculus
SEQ_352503,TCAACTTGAGTTCGGAACAGGCGTTTCGCGTCAAATTTAGTCAAGGCGATGAGGCAACCAAACGAGAGGGTGGGGGCCACAGTCT,85,52.94,Saccharomyces cerevisiae
SEQ_243882,TGTGTATCCAGCCGCAATCCTAGTCAACACTCGGCTCGGAATGCGTCAGGAATACACATTATGATGAAGATAACCGAGTTAGTGGAAACGTATATGCTTGTGTACGAATGGTTGGACATCATAGACGTCACGCGTAATCTCGCGTGTCACCTGGCACATCTTCGCACGCATTATAAATGTGTTATACGTCAACTCGACGTTACCAAAATCGATATAAATGCGAAACAATCCCTACAGTCACAACAGCCCTCAAAAGCGCTTGTAGCTCATGTCCAGCGGCTCGGTCACTCGTTCTCCCGCAACATAGGGTCCGAGCCCAGAGCACCGGTGCTCGCTCGGCCGGCAAGAAGGTGATGGTTTTCACACTACGGATAGATGACGCTGTGCATAGGACCCAACCCCTACGTTAACTTTAATCAACCAAACGTCCGCGGAGAAGTGTCACGTGCGTTAAGGGGCCTCCCGTCGCAATTGATCGGCGACT,484,50.62,Homo sapiens
SEQ_816780,ACATAGAGAAGGGATGTAGCTCGTCAGAATGTGGAAACAGGGCAAATGGGACCAGCCGAATGCCCGCTAAAACAGTCAGCTTTGTGGCTGCAAGCCCTTTACGGTCCGCGCGGTCGCACCATCCAATTGTACTTTTTTGGGGGGGTCTCTGAGACGTCATCTGTAGGAGATGCCTCGCGTGCGGAGTATAATGTAATCGTTGCCCAGGAAAAGATCAGCCATTAAACAAGAAAATATCCTCGATCGATGAGACACGCTTTCCTCCAAAATTAGCGCACCGAGCCTATGCCGGGCACTATATTGGCCTGATTTGTTTGATGTAGTTCAAAGGTCGCTGGTCTGGGATAAGGTTCAAATTTCTCCGAGTCCAGTATTTAATTATTACCTATACTAGCAGCGGGTCATCTACCTTCAGTCCGTTAGTCGGGACTCCACAGGTGTGTATTTCGAACGCCAAAGTTAAGTTCCCCCTCTGGGTGTTCGACAAGATGCACGCTCTGGTGGTTAGTATGTCGTACTATCTGGGTTTTCGGTAGGAGTCAAGAGCTCCGGCGCTCACGCTTGGGTCTAGCCTCAGCGGCGTGCGCACTTATGCCTGGAGGTACCATGTGTACATTTTCAAAGACATCGTTCCGCTGTGCTCGGTAATATAGCTTGGAAAAGGCAACTATAGAGACTTACACATCGGTTGTAATGGCTTCAGTGGAGTCCTTCCTGTAAGACAGCGGGATCGGCGGGCACTACGTAAATTTCGTATTGTGGTTCAAGGGCTGTAATCGTGAGCGGGCGCCCAAAGTTAAATCACGGAATCTCGCTTCAATTCAGACGGGGGCCGCACATGCAGTCGGGTTGCGTATTGAACCCCAAGTTTCGCTTACTCACTGAACTTGTCTTGCTGAGCTAGCGTGAGGGGTTAATTCAAGAAGAGGGTCGGCGA,937,50.05,Drosophila melanogaster
SEQ_583190,GATAAAACTACCTGGACGCCTCCCTACGAGGAGAGAACCGGCGGACTTCGTCCACATCCGGTCCGTCCTAATTTGGTGATTCACAGCTAAAACACGACAGTGATTGACCCACCGTCCACGGTTTGAGTCTTCTCGTGGAAGATATGCTCCTCTCCAAAGCTGAACCCGACCGCTAGAATGCCGCAAGGGATGACATAAAGTTGAGGCAGCCACAAGCAAAATCCGATACCCCACGAAACGCATGTCATAATCGGCTGAGAAGTGGACCCAGCTGAGGTCTCATGTCGTCTGTAAATGAAGCATGTACGCCTTCATTTCGAGATCACTTTCGGAACTCGATCCTCCTAGGCTCCAAGGCATGAACATAGTAGGTAATCTACGTCGTGCCTTACCCTCGTTGCGCGCGCAGTAATTAAGAACTCGCTATTTGCGGAGCGTGCGCATAGTCTCTTGGGAACTAACATACCCTGACCGTGAGCTACGGATCTGTGTACGGAATGAGACAGCTGTCGTAACGCACCGCCTATCACAGCAATGGTATGGACATTGGAGGTCCCAATAGCGTCACCAGGGTTCACCGGGCGAAACCATTATAACTCCGCATTTGTACGCCCAAAAGCATTAGCCTCGTACGATCGGATTTACGCCAGTCCCTGCCGGGTTGACGTTCGTAGGACTTGTAGCTTCTAAGTTATTTCTATGTATTGAAGTATATCTACTACAAAGCGTAATGGCAAATGCTTTTATTAAGCGACTATCAAAGCGTCGAAACTTGCTAACCCGTGAGCATTATTCCGTTGCATTCTCCAACAAAGTTGCCGTGATCGGGATAGGGATTTATGCGCAGCCGTTCACCCCCTTTCTTCCGGATGATCGGGGGTACATTAGCTTCCCTATAACTCGGGTACCGTGAAATGCCCCTATGGAGAGGAGCTTACGGCGAACTGATGGGATTCCCTGGACTCATCTAATCCGGACTCAGATCGAGATGTTAGTGGTCAGGGAAAGCTTTCGTCCCTAGAGCGTATGTTAGGTACACCAGAGCCTGGTCAGATAGTTCATCTCGCATACCCTACCCAACTGTCCTACAGGCGTCCGAAGGGAGCCGCCAATCCACGGAGTACAGGAGCTCCGCTCTTCTCGAAGGGTCCACTCAATCACCTGCACGATCTAGGTTTTGCGGAGACCACGCTTTTACCAGTATATCTCATGTGTTGACAGGAGAGTTGCGACTCCTCATGGC,1243,50.6,Drosophila melanogaster
SEQ_617355,ACGCCATCCTATCCTAGGGGACTCAGATGCAGTCGACGCTACTATCCGTATCGGATGAACAGGGGTCTAACTAACTATATGGAATAACGGCCCAAGGACAGCCTCTGAGGTCGAAGACGACCATGTCCCAATACTGACGATGGGAGTTACCGCAATCTGGCCCTATTGGGTAGATCACATGTCCCAGTCGTAGCGTATTGTCCCTACTCGGGTTGTAGTTGGGCATATTTACGCCGTTCGTTTGCTCATACCGTGGGCCAAGCTGTACTTCGAAGAGCGACACTAGCCGTCTCGGCTGGGTTCTCTGTTCTCTATACTGCACTATCCTTTGGTGTTTACTGCTCT,345,51.3,Caenorhabditis elegans
SEQ_797207,CCAGGTGAATAGTAGCGGGAAGCCCCAAGTTGATCTACAGTTACTGTTACTCAGCACGCCCATAACATGCCCACCAATGTTGTAGCTTGGGGGGAAGATTGTTGGGAGTTACGAAGCTCTCGGGGTATAGCTTTCGGACCAACTGATGAAGGCTGGTGGGATTCGACGCTGGCTGTGGTTCGTAGGTAATAAGATATGACGAACACATGAACGGCGTTGGCGGTAGCTTGCACGCATTGGGATGCACAGGCGAGACGTTACTCGTTCACGCCAAAGCTGTTTAGGAAAAAATAAACACAAGAACGATGTGCCGAGGTTGGGCGGCAGTGCGTTCCTGCCCTCACTCCTCATTAACCACCGGAAACGATCTCCGGAACTCGCCGGCAAAACTATATGCGTAGATCACTGACACAGTGCTCGGCCTTTGGCCTGTAACATGCGTTCCAGCAATCAGCGCATGGTTCCCCCTTATTCATATAGTCCTGCCAATCAGTTACGGCTCTTCTTCTGTGATGCGGACCTTAGGACCCTTGCCACCAAGGGAATGAAGGTGAGTCGTTTCACCACGGGCCAGTGAAACTGTCGACGTTCGCCTTTCTGTGGGGCCTTCTTTTTCCGTAGCTTGCCTCTGCACATTCCACCCTGGAGAGAAAAGTTTGAAATCATCTCGGGTGCATCGGTGTGGCCAACCGTTACTTCAGAACCATCTGACACAACTAAACAGCCACAACTGCGCCTCTCACTACCAAACCTAATGAGCCGCTTAGTCTTTTTACTATTCACACTTTAAACTACAGCAAGACGTAATGTGAGTCGGAGTGTTGTAGACTCAGGCAGCCTATTCATTTAGGGCATCAGATAACGAGAACTCGAACTGAACGGTGACAGATTATCTGTCAGAGTCGGCAGTTATTACGTATTAGCTTCACTGCTTACTATTTATTTACGGCACGGCAGCTCCATGAACGGTCCATAGCTCCCTTATGACCTCTAATGCCCCTTGGCACTAT,1010,49.8,Arabidopsis thaliana
SEQ_749119,TGGCGTCAGTGTGATGCCCAACCACCGACGTATTATGGAGGGGTTTAACAGATGATGAACCAAAAGGTACTATGCCTAGTCGGTGTTCCTGCGCAAAGGTCTAACACTTTTGTCGGCAAAGCTTCCGGCTCGACAGCGACAGCGCACGCTGCAGGTATTGCAACAGCTTGTCAGACCTTGTCGCTGAACCTTCTGGTGACTTCAGCATGTGATCGAGTGAGTTTTTCCCCTAGCGGGAGAGCTTCTCATTGTGTTTTCCGTCCTGTGGTCATTATCTTGGCCTCCATGACGTCCTATATGTATAAAGCGTGTTTGATCGCTTTCAGATATCGCAGTCGGATGCTAAACATGAACCTAACTCATTGCCACGTGCATAAGTTTCCCCGCGTGCCCGCCTCGATCAGCTTTAGTGTGTGGAGAACCTTGTAACGTAGAACAGTAACCCAGAGGACCGGTTTAGCGCTTGGCTGAACTGTTCTGGAAGAGGAGTTCGAATGAGGCTTTCCGGGTTAGTCGAGTAATAGCATTCCTACGCATTCACTCAAATTAACGAATATTTTTAGGACGGATTAGGGCCGGGGGTTTTGGATTCCAAACCGTACCTACGCTTACGGTCACTCTGGGTCTCGGATTAAGTCGCGGTACTGTCCTTTGCCCTGTCTGTATCTCGAGTGCGTTTTACCCGTGGGCCTAATCACGCCGAGGTCTAGGATCTGCGCAAGCGAAAGTCCCTTAGTGTACACAACTTCTGCTGCGTACTAATCTAATTACGAGCCTAAAATCTTAGCGTGCCCCATCTGGGAGAAAGGTCCATTCAGTTGCGCCTTCTATAGTGAGGGGTAGCATTTCGCTGGCCCGCTAGCCAAAGCGGAACCCTTACAAAGGAACAGCTATGCTCGCCAATAGACTTATGACCCAATCCATTTCTGGGTCCAGCTCCAGCAGTTCCGAGGTGGGTCGTGGAAATTGCGGCGGCTTAGCCAGTGGGTTGCACGCGTGTATTTGATTCTACTGCCGGCCTCTGGACGGCTGGTTGGCTTGCTTAAGTCTGGCAT,1055,50.9,Mus musculus
SEQ_726939,CGCGAGTTGGACGGACATCCAGCGCGGTGTGCCGTGTGTTCTGGAAAGGTAGCAAGATCGTGCACGAAAAACGGCCCCTGTACTGCCAGCGCCTCTATCATCCATGGCTCCTACGCATTTATCACGTTCCAGTCGGTTCTTATGGAGGAGCCGTCAGACAGCACGTGGTCCCAGCGCGTAGTATAGCTACTTCTTTGCGAGTGTTGCCTGATGCCCACTGCTGACGCTAGTGGTGCATAGGGCCAGTGGTTCTAGGTTGATATTTCTTAAAAAAACGGGATTTAGCTAAACAAAGATGGTAAAACTCGAGCGGAGTTTGCACCGTACTTAGCGATGTGGGACGGTGATCTCAAATGCCGAGATTGAGAAGTCGTCTCAAGTGGCGAGACGGGGTCAGGCCGGCACTGTTGTCGAGTACCCTCTCGACTGTGATTGGCCGCCTTGGAGAACAGCCGGCACATGCGATGTAATAGAACTCCGCTAACAGTGCGCAGGTCTAGGGGCCGTATTCTTATATTAATCGCAGACGTCGGCTATATATTACATATCAATCATACATGGTCAATATACATTAATTTTGCCAGGTCAGATGAGGCCGAGTTGGGTTCTTAGGTTCTTGGTGAGGTAACGCGCCAAAGAACTACACAGGCAACTCTCAACTTGTTAAACCTATCAATGCCCAGTAGATGCTCACTGACTATCCATTGGTTTTTAACGTGCGGGGTCCCATAGTCATGGTTCGAGATAACAGCCCTGCCGGAAGTGTCCCACCATAAGGTTCTCACGTTATTAAACCGTTCGAATCTACAAGAAGTGCCGTATTCGAATCTCGCGTCTATTTCACTCAAGGCGTGGCTTAATGAAATTAAGTTGTCCGCACTCTAACCTGTGGCACCAGCCACTGCCATTGCTACTCCCTGTAGCAACCATCCGGAAGCTTATTAAGCGGAGACCCTCCAGCCATGCCGACCGATTAACGAGAGAGGGATTCTGACACGGCGTTATTGGCTGTGAACTAGGCAAAAAAGTTCCTAATACCCGTATACACAAAGGAAGTCAAGAATACTACACTTAATAGATTGCGGGTCACAGACTAGCTACAGTGTATCCCCGTTGATGTATTCGATTCGATCGCGTCGAATTCGAATGCCGAATCGTGGAAGATTAGAGATCTCAGTCAGTCCTATGAATCATTGCACGCCGCGCTGTTGAGTAATTCTCCCTTACATATTAGTCGTCATGTAGGGGCTTTCGTCATTAGAAGGCTTTATCTAGTATGTAGCCCGATGATGCGCCTGTGGCCTTCCGTGGGTTAGTGATGCACCTAGTTGGGGGTGTATTCATGATATAGAGCCACGAATTGAAATTTTGTATCTCGATTGTTTATAAGAAAAGAACGGCATTTCCGACTAGAGTACAGAGACGTGGCTCATTTCGAACTCTTCGACCCTTAGACCTGAGCCCTGGTGCTATGTGGCTAAGCACTCGCGTATAGAGCGATATTACCTAACTAGGTTAATGCCACAGATGAGGTCAGGTCTAGATACGCATTATCTGTGCTAACACCTACGTTAAGGGATGCGTGTTGTCGGGGGAGGGGACGT,1604,48.5,Saccharomyces cerevisiae
SEQ_792396,GCTGTGGCAATGGAGACCATGTGGCGATCCAGCAATTTCCGTTGGTTCATGTCAAATGTTTTACAACCCTGCCAACAAGACCGACTAAACCCAGCTCGTGCGGCCTTTAGCACGGAAGTTACTAAGAACGGGCGTACACCGGTCGGGGAAGTCGCTGTTTTATCCAAAGCACTTCCTGAACAGAGGACGGCCTCTCCGAAGCTGCATCGAGAATTGTTAACTGGGGATTTATTTCCGAGTAAGGTCGGCCAGAACCCACGGGGCCGCGGCCAGATAGGAGTTGGAGTGCCGTGGCCTGACGCCGCGTTCGGCTCCACTCCATTTCCCGTCGGATTGTACAGGAAGCGGTCACGATCGTTAGAAGGGATTAGTCCGAGGGACCTAACTCTCTGCTATCGAGCGTTACTGTCACCAGATCCGGTAGTTTGCTTTCAAACATGGTGTATCTTATAACGTTAGTGGTCACGGAATCCGCTCAAGAGAATGATTTTCCTTTCTCATCAAAGAGTGGAGCAATGGGTTCACTAGTCTCGTACACTTTCCAAAGATATTTAAAGCGGATAGCCATGTAGCGTGTGCAAATATGCGTCATAATTATAAGCATGATGCCGCGCTTTTCGTAGCAAGTCAGCCGAGCGACTGAATGCACATATGTAAGTCTTTAGAAATGTGGGTGCAGCCTTGAGCTTTCCAGAAGTATTGTTAAAAATGGCATGATCGAACTTCTCGTGGC,733,49.39,Homo sapiens
SEQ_404707,TAAGTTAATTGTCCCATGGAACGGCGGCCGTCCAAAGTTGCATCTCATTCTCAGGCTGGGGGCAACGCAGAGGTTCTTGCTGAGTAAGAATTCCCCGACCCAAGTCACCCGTTGGGGCGAAGTAGAGCAACCCTTATAAGCCACCAAATGCGGTAGTTAGAAGATACGTGGAATTGAATCGAAGGGTACTGAGTTTTGGTAGACAAGTTCTTGAGGAGCTGCATTAGGGCTCTTTGCGTCATGTTTTCCGCTCGGCCGATGTTACCGAACCCAATCAAGATACTGACAACCAAGATTCGGATAGTATGGTCCCGTACGTGGGTTCATACGCTACGGGGCAGTTCGTGTGATCAAGGGAAATCCTAGTCTTAGCAGAGATCAGCAATGATGTGAGCAGCGAAATGCTTTTATCTACGTTTACGTGGCGAATCAGATGTCAGCGGCGTCTTGTCAGTTCGTTCCCATCTCGCTTCCACGATCTAAGTTCCTCTACGAAGGATACATATTTTGAGTGAAGTTCGGTGGGTCGCGTTGGAATGTGTCATCGACGAGATATCCCCGAGCCCGCTTCTCACAGGACTAAAGTCCTCGCCCAACTTAACGATATGTGCACGGTGGTGCAAGCTCTATTGCCTTTCCTCTCAAAGCCGCTAAGTAAAACATGACGCCAATCATAGTGGAACTCGCCGCAGCCATCCTTTGCACACTCCCCAAAAGATACATGAAACTAGAAGGAGGGACAGCCGCGCCGTGCAACAACTACTCATTGACGGCAGGACGATTGGCAACCTCCCTCGTAGTGCA,804,50.12,Saccharomyces cerevisiae
SEQ_904350,GGGAACACCTGCACTCCAATTGTTCACACGAGGGTTTTCTAATAAAACCCCGAGCTCTTCGTTTATGCATAGCTTACGACTCTCAAATACACAAGGCCTCCTCTCAAACTCCTCGGTGGCTAGATCCGAAATGTCGACTCTCGTGACTTTACCGCCGCGGAAACCGACAGTATCCGCATTGGAAATGCAATTCATTCATGCGTCTCGACCCACGTGTGACTCCCATGCGTCGGCCTAGAGATAGCGGTCTCAACCAGTCTGGGGATTACTAGCATTGCACATGGGTCCCACACTCGATCTAGCTGCCCGGAACGGTTGCCCTGACGGGTATCGGCACCAACTTCAAAAACCCCCGCGACTGTGGAAGCGGTCTTTGTTTGAGAGTTTGGAAAGACGCGTCACTTCGGGTTGCGACCTTCGAAAGGCTTTTTAAGCCTCACAAGCAGCCCTGGGACTATCCGCCTAACAAAAACGCATATGAATGCCAGCCTGTCACTCGCGCATTCTTGAAGTGACAGACACTTAGCAATGCACTAATCTCTCCTCGTCCAACGTGATCCGCCAAGACTCCTCAGTTAACCGGTCGTGATGGGATACTGCTGCTGTTTTTCGGGTATGTTTCAGGTCGTAAACTGCGCTTACCTCAGCTTACCCAAAAAGGCATCGTCGGAAGCGCAGAGGTATGTGAGAGGATCTAACAGTTATCAACTCTTGCACCATCCAGACCTTTTGTTTCTATATTATCAAACGAAAATACCCAATCAGGTTGTTGGGTTTCGATGCAGCCTATGTATCAGTCGGCATCTTAACTAGCCAAGAATGCACTCCGAAACTCTTTCATGTTCTGACGCCCAGAGCATACGAACTAGGAATGTCTATTTTGTAGCATTTAGCGGCCGTTTGTTGACCGGTTGCCAGAGACCGCGGTCTGCGATTGTGACCTGATTTATGATCGACCAATCGTGTAGATCAATAGTGTCTCCCTATTGCCGACACACACCGCCTCCTGATGGGTTTTAAGTCTGGTTCATGCACAGAACCAGCTTTGCTTCTACGCCCGCTCAGCGATACGTGTCTCTCGAGCAAATAGCGCTAGACGGAGAGACTTTGGATATTTGCCCCGCACCGTTTCGGACCTATCTCAAGGAAGTTGATAGTAGTTATAGTTAGTAGGAATCGAGTTGGTCCACGTACGTTATGGAAACCCTGCAGCCCGGAGGTGCTCTATAACTCCTGCACATTTTCCGCAACGCGGATTCTTCTTCCCCGAGACCTGCCACTAGTAGAATCACTCGGGATGGCGGAAGCATTATAGCATTCGTATTTCGTTCCGCCCAATGATCGAATTCGGTGTGACGAAGGGGCACACTACTGCTTACGCTGATGCTGCATGCTAACACTTCTAATTACTAGGGTTCGTGGTGCTGTGCTAATACACACCAAAGGCCTGACGACTCATTGCTTAAGGTCTTGCCTGGTGTAGTACGCTGCCGGGTACCGATTCGGTCTGTAGAAGCAACATAGTAGTGGGCTTGAAATCACCATAGTAGTTTAAACTTAGGTTTAACCGGGAAATTTGATCGTCTGAGTTCATTTGCTAACCAACCGAGTTAGCGCAATGGTTGCACGGTATACACATTCGGCCGTCTAGGCCTCTCGTCTCCTGTGAAGGCGAGCCCAGGAGAGTTAATCTTGTTTACGATTTTCATCAGAAGAAGCAACTCTCTGATGGGTAGGGTCGTTTACGGCGGCACTGCCCAGACCTAGGAGAGATATACTCCCGTTCTCCAGTCAGTGGACGTGCTCCACGCCTAGTGCAATGTACCATTCGCCTGAGAGGTTGCGGTCTAACCTATTGAATATTCATCCGTAGAAACCCAGGTCCTCTGTCCGTCTGTTATGTTCCTG,1908,49.58,Caenorhabditis elegans
SEQ_839658,TGGCAGGTCGAGGTGGGTTTACCTTGGAACAACAGCAGTGAAAGGTAACGACGTAAATCTTGCGCACCGGCTCCCTGCCAGTATTGCCCGCCGTGCCTTACTCTCATGGCCGTGAGTATAGAACCGCAAGGGCAGGTCTTCGCGAACACATCGGGGATCAAACCCGTAGACCGCCCTGCGCGCTGCATGCTTGCCGCCACGCGAACGTACTGTGCGTCCCCTTTAACGACAAAGACATTCCGCGTAAAAACCACCGCGGGAAATTCCAACGCAAGACTCGAGCCGCCCCTATTCTAGCGGTCAACACATTCATACTAGTGATCCCAACCGCGATCAGCTTGATTGCCATGTAACTATGGACGATGGTAACCGAGGACGCTGACCGATCCAGTCATCCGTAGATGACCACAAAGGACACATCTGTCCTTCTACGTTCAGGCGTTGTTGGTGAACATACCACTTGGGGCATCACGTTATGTTCACCGACAAAAGATTTGGCAAAGCGTGGGAGCCCCCCGATGATGGAGAGTGGGAGGAGTCTACAGCAGGCTTCTTAGTTAGGCTAAAGAATATAACGAAGAAGATAAAGGGGATATTCCGCCGCATAGATGTTAGCACAACGAGATGCGAGCGGTGACGACCAAGGTATATCCGCCCGAGCATAGATCTGACCGTCCACTTGGATCCACTTGTGCGTGCACCAAATTTCTGAGCGCACTCCACGTGCAGCACACCGTGCCTAAACGTTTAATCTGAGAAAAGCTAGGAGCTTGCGGTACGTTCTTCACCTCATCGGGTTACGACACCAACGTATCGCCTGACGTGGAATGGAAGTACGATGGTATTAGAGCTTATCGATAGCACGCGGCCCCTGTGTCGGCACATCCTACCATCAGCCAGGGTGGAATCCCACAGACATCCCAGGCCATAACATTGGACCCTAATAGCGTGAGACGTCAGGTATTTCGACTCCCCAGATACGTCGAGCCCCCTAGCTCCTTTATCGCAATTCATATGGATGTACGCCTGCTCGAGTCGCTATGCCCAAGCACATTATAGGCTGCTATGTGAGTGTAAATCCGGCCTCTGCTAGTGCGGAACTAGCGGTCTATGGCGCCTGGTTCACCAGGTCGAATCCCTGTTGGCTACGGATGGAGTCTAACGTAGGTTATGGCAGACCTCTCGCGGAAGGAATCCAGGGTGTTCATGGGTTGAAACTATACCATATAATCTATCACATAGAACGAACCTTACCAGTTCTACGCCTGCGTATAGATGACCAGCCTTTGACCAGAGACTGTTTTGGGCATCTGGTAGGCTATGAATTACACAGTTGCCAATGGCGGGCGCTCACCGCCGATTGCGACACCCGGCACTGAGCCAGGTTAAATGACGTGGTGACCTTCGGTTCTGGGGTGAACAGTCGGAGTTATTTACACCGCGACGATATATACTTCCAGTAGCCGAGGCGGGGCATCTTGAGCGTATACCCCCACAACTTATTCGTAACCCAAACCCCAAACAGAGCATCTACGATCTGTCCTACCGCATTGAGATCTGCTATAGCGCGCGAGAATAGGTGGAAATTTTCGTTGCCATGCTACTATCATGGTCTGCGCGTTAGAGGATCGCCTCGGTCCTCGCTGCTAATGTGTATGTCTGGGTTGTTTTTGGACAGGGCAGCTGAACCCTCGCAGAAGAGT,1703,52.44,Homo sapiens
SEQ_335963,GGCTACTAACTACCGTTTTCACGGCTGACATAGCAGGTAAGATTTGGTCGTTATTACGACATGTACGTTGTGGAGTCACTTGACTGTTAACGTCGTCCTTACAGGCCCCTTGGGGCGTTATAATCGCCCCTTGTTCTTAGCCACACATGCTAACGTTGAAACAAACCGACATGCATCACAGCAACTCCCACCAGTTCGAACGAGATCTTGAGGCAGAATCCTACTACTTGGAGCGTTTATTTTGCTGTAGCTAATGAGTTGTATAATATAGATAGCTGCTTGACGAACTATCGAGGTCATGTAAAACCACATACAATGCAAGGATTTCCCATTGCCAGTGAGTTTAGGCCTCTGGCGGGGTGATGCCCCTGCTCGAAACAAACGTTCCGTCTACTTTAGACTCTTATCCGGGCTCCTTTCGCTCTTCTTGAGCTCTTATCTCATCGAAACAACCCTGCGCACACTCCGAATTTGTTGTCACCAATCTACGCACGAAAGTTCTATCGATTTGCTTCGCCGCCCTGCACTCGAGCCGTTGGGGTTTAGTCCTCTCGAAACGATCTCAACGTAAAAGCCGAGAGTGTCGTTGTTGACGTGAGTCCCCATCTTTTGAAGGTTCCAGGAATCTGGCTCTATGCACGAGCCCAGTGAACGGCTCTCTGCCTAACCCACAACTAGGTCACTTGGTCTGTGCTCGAGTACGATTAGAAGTAATCCGACGTTTGGTGTTCGCTAACATACCAGGTGTCCCGGATACTCGGGAGACGGTATAAATTGCAGAAGGTCTTTACATGCCTATGGTTGCCGTAGCCGAGTAAGAGAGAACAGACGCATTTCTCGATCTACGAATGTAGGGAAGAACTGTTAGGTAAAGTGGACCAACCCAGGAGTGTAGGCAACGGTTCGATCCTGAGGGGTCCGAGCGGGGTTGTTCCAATCGGCGTGTGTGTATTTGTAAAGGGAAACCGCGAGCGGCTACGTGTCCTGCAAGTGCACTGATCCAGGGTGTGTTCGAGGCTCCAAGTGCCAGGGCGTACGGAGAGCTCACTAGACGGGCACGCCTCTGAACCTCTCAAGTATTTGAAGGGGACGTCGCGTTTGAGCACGCACAACAGCACAAGGTTCGTTGCTTCCGAACGCCGCCGGGAGACTCAATTGTAATTGGTGGATCATTTGGGGGCCGGACATGCTTACGCTCTAGGAGTACGTCAGGTGTACTTCCATTTGACGGGTCTTTGTGATTGCTAGTGGTTCTTAGTAATGCCAGTGGACCCCCTCACGGTCCTCAGGTGGTAATTGAGATACAATCTCCCATCGAGTGGAGGAACTGGGGCCGAGCTTAAGGCAATATAGTGTGACCGACTTCCTAAGAATTGTATTGAGTAACAGGGCTGTCATCAAGTGAATGCCATCGCTCATAGCCTTAGAGCTCACTAGTTCTTCTTGGAAGGCAACCGGGTGGTAGACTGTCCGCATGGCTATGATCGCACCAGATCTGCTCAACGGGGCGATCTTAAATACTAGCTTGCAATGTAGTTTGTAGATAAAGGACGTGCAGCCCTTTACCAGCACACCGAACTCCAACAAGCGCATATCTCGGCCGTATGGGCACGACCTACCAGTC,1624,50.37,Caenorhabditis elegans
SEQ_156237,TCCGTATAACCCACCCGCGGACCATAACTCCCTGCCTGTAGATGACGTTGGTACCCGCGAGGTCGTTTCTCCCTGCGTTGTGGAACCGCGGGCGAGAGGTGCGATTGACTTCATCTGCTCCAACCGGTCGCCTGACAGATGAGTTGCATCATATAATACAGGGAAGCTTCACCGATCTGATTCGACGTTGGTGGGCTTCTGGTATGTTTCGTCTGACGACAGTTGGGCTATTGTTTAAGGGCTTGGGCGGGGGTAGACTGACCGCCTATCGTCCTACTAGTGAGGTTCGCATAGTTGGTGGACGCTCCACATTCGCTCTAGACAAACAACCGTAATTCGCCCTACTATGCAGCAGGATTTGGACATGGCCGAACGCAAGTACTACGCTTGTCCCACCTGTGTATAGTACGGCGTACTTTGTTCCGTGCATTGTCTCGACTGCACGTCAATGTGCGGAAACCGAGGAGGGCTTTACATCCCGAGTCGAAGAGTACTCAGGTCTATGTCCCGCGCGGACGCTGTCGCCAGTATTGGTCTACGAACATTTAGTACCCTCTTCAGATCCACAGGCAAATACCCATTACAATACCATATGCGTACCGCCGGCATGATATGACTTTTTATTCCGGTCTAATCATGATGGATTTGCCGTACCGTTTCCATCAGGTGCCGAGTCTATAGACTTTATATCGATAGCTAATGTTGCTCTGAGTGTAATCTACCTCAATGTTACGGATTACGGACTTAGTGATAGAGGAGTGAGGCTTGACACCCAAGTAAGTCATCTAGTTAATTGTGAGACGTGTTCCTCTCAACGAGAGGGGTTTGTAGTATTGATGAAAAGCGAAAGGTGCGGCACAGACTGTTCTTAGTGGTTCTCCGCCCTAGACTGGACCGGGGTGTGAGGACTCTGAATGAAATGGACAACATTTCGGCGCGGCATTATTTTACGTGGCATTCGAACTATTTACCTTTCTTCACTCAAGTTACCGTACTGCACTTATAATGGAAACTCGGGCTCTCTTCCTAAGAAAAACTGCGCTTGTTCTACCGGCCCGCATATGATCGATGAGAACGCGCGCGGCGTCCCTTTTCTCAATCCGCATGAGGCTTCAGGGGAACTTGCAATCCGTGTAGTCTTTCATGAGAGAAGGGTCCACCTTGCAGAGTGATACGATTATTTAGAGTTTCCCTTTTGTCTATTGATTTCACTGGGTGTCGTACAAACCGAATCGTCAAGAATGAAGCTGAGCCATCATTAGTGTGGGACATATCCTGCTAGTTGATTTAATTGGTCTTGCAAGAGGGAGGGATATACCCCTTACGCAGATTTGGGGACCACTTGGCAACTGTCCCCCCATCCCTCCTGGCAACGTAGAAATATTGGGACGAAGGAGTCCAATTAGGTCTCTCATTGCTGTCAACCTATCAAAGTTCGCACCGATGGGCCCGGCCGCCGTTCGCAAGTCGTTATTCCTCCAAGGGGCTAAATGCACCCTACACCTGGATACGAGAACTATGCGCCATAGCAGGTCGTGTCGGAAGGTTGTTTCACGAATTTGGGTACTCTGAGTGACGTTTATTAGGTCATGTTATAACGGGGCCCTGGAGACCTGGAGGTCGTTAGCTGGCATAACCTTAGGAGACGTCAGAGAGGTGCCAGAGAACACAATGCCACCACCGGGGCATAGCTTCGTCAATGGAGCAAGCATCCCCGCCCTACACCCTCGTCGATGTAATCGGGGCTCCGCTGTTGCCCCAGTTGGACTTTAAGATGCCGTTTTTCTAAAATACTGGGTAACTGT,1805,50.03,Caenorhabditis elegans
SEQ_642769,CAGTTGTCCGCTCGAACGGCACCACTGTTAAAGCTCAAGTCAATGGTCAGATTGTCCCTAGAACTCCGACACTCATGAATCAATTGTTACGATTGGCGTCTAGCACGGGGGGACATGCGAGGTTACACGCCGAGAGGGCCTCAACCTGTCTCTCCACTCTGGCATTACTTGTATTAAGCCACGGGTAAATGTACATCGTTAGTACCTAGGTAATATGAAGAGCTATGATGCCTAACCGTAAGAGGCGCACTGACCAAACCCCGCTAACGGCTCACAATTCTCTTGTGATAACTGCCGTATAAGTTACGTCATTACATCTGCATCACGGTGCACAAACGATACACAATTTGTTCTTATGTTACTGTCTAAAGGCGATTGCGAACCTCTGACAACAAGCTACCCCTCGTTTTGTAAGACAGAAGTTCTCTAGATTCCATTACTTTACACTAGAGAAGTAATGGCAGTTATGCCTTAAGAGGCATTACACTTGACACCAACAGAGAATTATGCTTATGCGTATTAACAGCACTCGATAGGCACTGCGTACTTAGCCATTCGAACGTTAGACAAACGGACGAGTATCCTCGCTTTTAAGGAGGCAACCCAGTCTCGGCCTTTCCGAAGAAAACACATCCCAAGCCATCATTTGGGAGGGATGTCCGACAGCCAACCACGTCAAAACTACGGACATCGCGAGATTTCTAAGACGTAATAGCGGTGAACGTCTACAAAAACTTGCGTCATGCAACTCAATCGGAAGCGGTAGGTGGTT,772,46.5,Arabidopsis thaliana
SEQ_390511,AGCACACAGGCCCCGAACGTGGGGAAAGGGCGTTATCTGTGATATTGTTGGTTCATCCTAACTCTCTCAGTCACAACCTGCGACAGACAGGACTGACCGATAGTTTCACTGGCTAGGCGGGTCTCGACGATACTCAGCGAGTGACTTTCTATAGCCTTGGACGGTCACTCCCCTGAAGGTAACAAGGCCACTAGGCCACAGAAGTGCATTACCAGTTGTCGATTGGAGTAAACACGATATGACAGTACTTCTGTCGGGCTCTCGGCTCTCTTCGAATATTAGAAGGCTTCTAACCCAACCTGCTGCTGTCTTGTCGTCGGCGGAGCATAGCACAGACATGTGAATCCCAGACAATACCCATGGGCCAGCGAAGTACTGACACGAGAAGCTACATAGCCTTACTCGCTTCTACGTGATTGGCATGTGATTGTGATAGTCAGCTCCTAAGCGTGTTGGATTAAATAGTACTCCTTGGATTGGATCGAATTCTACCCACAAAATGCTTAACACAACGAGACCACACGGCTGCATGGAGGTTTTCAGCGACGTGGTGACCCGACCTTCAGCAAGCCGATTTGTGCTCAGAGCAGGCACATTCCAGTTCTGTCAGAGGCTTCACCCCAGCGATCTAGAAAACACCTATCCGTACGTAGATAATTCTTACGACAGCCCGACAGTCGCTGTTGGGCTGTACCTCCTAGTTGGATTTGGACACGAATCAGCAGGAGCTAAACACGGTGGTGTCTGGTTATCTGTAATAGCACAACGACCGAATCAGTGGAACGCTGCGAGTGGGCTCAAACGGACCTTAGATGGCATGGGAACATATCCAATGTAATTGGCGGATCTGAGGGATTGCGAGACGGGGCGGGCTCGACAGTATGAAAGAAGCGTGCTATCATAGCAGTGCAGATATGCATCATAGTACGCAATACATTTCTCTATTAAACTATACTTGCCTATAGCCCTACCGAACAGTCTACTCATGCGCCGCAGCTGTAGAGTCGCGGCGTGAATAGAGTCGTGCTGAGCGTGGTTTCATACCGCAGTCTTAATATGATTTCCTTCCATAACACGTAGTCATGCTATATGGTGCGGTGAGCGCGAATCGCCCGGTCACTCCGCGGGTCCCGGGATGCTACTCCAGGCGGTTATTTGGTAGGGAAGGGTCCTCATGGCCCTCACCTAAATAAAAATTCCCAGTCCGGAGAGGACAACACGAGCCTTCTAGCCAGGTGAGGGGAAGCGCACATAAGCAGCGAAATGTACCGTCACCACACCAAGCACTTGAACTAGTACTAAAATTGCCCTCTATGGCCGTTGTCTGCATTAAATTATAGCATGGTGGTTGATTCTCGTGTTCGAAAACGAGTCCGTCAGCGGGAGAGGCACTAGCGTAGGCTGTGTATGCCCGTGCTGCGTTTTACCTCGTACCGATATATCGCAGTACCGTACTTCAAAGAGCATGGGATTGCCGAGCATACCCCTTGTGTCATAATCTCCCCGACATGATACCGGGCGAGTGCGTCTAAACGATTGCCCTTATAGCACCCTGATGACAAGTCAGTTGGGAGCATAAGTATCGGCTACTATCTTCAAGGTTCCTCATATTTATCTGATCGCACAACGCCTTAATCTCTGTCGGTTCATAGATGCGTAGCGCATCCTGCCCACCCACTGGGCCGATCGTCAGTCAGGCACGTTTAA,1707,50.56,Homo sapiens
SEQ_586265,TGGTGACACAAACTATCACTGGCAATGTGTAACACATAGCAGAGAAATAAAGCCCGCGTGCAGTGTGTTTGTCGCCCAAGCTTTCCTTTGGTGGGTGAGTACATACGTAAAGGTCGAAGTGTTTCCAATTAAAAGTACAGTACGGTGGCTCAGTGGCTGTTTACACTTTGTGGGCCGACACCTGTGAATCATGTGTAGGATCTTAGCGCTCGGGACTAGGTGCAGTTCTAAAGAACACTGTGACTATTGGCGAACTACAGCCTTTGCGAGAGTTCGAAGGGACGGTGCTGTAGACACATGGCGTCGAGTAGCTGACACGTCGAGGGACTCTCACAATGTCCGTAGGTCACCCCATTTAGCCGAATGTCTATATGTCGATTGGGTGAGAACCCCCTCGATGGGGTCTTTTTGCGAGGAGTGAGTAGCAAAAGATCCCGGGAAAGGGCTCAGCTAGCAGCTTCGGCCTCCGCACGCACAACCGACTTAAAGAATACGAATTGTGACGGTGTAGTTACGATGGACGCCATGCTTGGGCGGGTGTCATAGGGACAATAGTGCATTTGGGAGCACAATCTCGATAAGCACGGACTATAACGCGATTAGGCAGGTAGTTCCATTCTTGCACAGCAATTCAATCCAGGATCAGCCCGGGCCAGAGTCTTGTACGTGTCATCACTTGCAGCTCTATAGAGGACTAGTCGCAGTGAGTAATGCCAATCCACTCCTCAGGGCCACACGTCCCTTACTCTACGTGTGTCCCTACTTCGTACCGAAACCCCTCTGGATAGGGCGGTAACCCCCTAATGTGTATGATCAAATCAGACTCCGCGCATGCCTCTTCTAGTT,846,50.71,Saccharomyces cerevisiae
SEQ_851316,CCTTACCAGGGGGTGAAAAATAATTTACCATAATATGATAGGATACTACGTCTTTCCTTAC,61,36.07,Arabidopsis thaliana
SEQ_250883,AGGGGCGGAGTCAAAGGGTATTGATCAACTTAGGGGAGAAAAAGTGCTTGCAGCCAAAACCCGAGCGGTACGTATAAACCATATATATCATGCCACTTACAATTGAGGGCTCTTACGCTGCCAACGTTTGCCGTCATGATTGACACTCGATCTGCATTATGTCGGATCCTTTTTCGTTTTGCCGACAGGAGTACTTGGCTACTTCTCCGCATGGATTCTAGTCGACCGCTGGAAATATTTCTCTTATAAGAGGTTCCCTAGGCGCGGTAGGGCCGCATTCACGAACCGGACGAAAGCGTCTCCGGCTCCCGAGAGAGCATGAGGACACTGTTTTGATGGCCCGCTTAGTAGTGTTGAACCGTCAGCGTCATCCATTTGCGTCTTGAGTATCCCACTAGCTAAACATGACAGGCGGCGCTTCGTACTACAGTAGACAATGTCCCTACCCTACCCCGCTCCGAATGCCGCCCGTTGTTGTCACGCCAGCTTAGCAATGCAAAGTCTACATGGGTATCAACGTAGGCGCAGGGCTTATATCGGACGGCGCGCGCCCTCATCTAAGACTTAGCACCGCAAAGGAGACAGACTTATGAACTCAAACAAACCAACAAACTTTCACGTCACACCCTTAGCCGCATGGTTTAGGCGCGATAGTATAAGAGAGCGAATA,670,50.6,Drosophila melanogaster
SEQ_795973,CTCTTCTTGCAGAAGAAAATCAACAACCGGGTATACATTCGGTGCCCATGGGTCTTCCTTACCCTGATCCAGTCCATT,78,47.44,Escherichia coli
SEQ_756800,AAGTTAACGCAACATCCGGCCTCAATTAGGATCCCTCTCGTCCTAAAATGGGGTCATAGAATACCATACGAACTCGCTGATCAACCCAAAAGGCGTGCCTCAGTTACATCACATAGTTAGGTGTCGAGGATTACCACTCTACGTATACGTGATAAATCTAGCCAGCCGACACCACTAAAATCCAGTATGGGTATGCCGGGGAAGTAGTGAGCGATCTTCTAGGGCATCAAATGCTTGAGTTGCTCGTCGAAGTTTAGAAACGAACAGCCGATCGATGAACAAGCTAACGCAAACAACTGCGAAAATTTATACTATTCCGGTAGTCGGCGCAAGGGCGACTCTGTAACTAGTCTATCTGGGTAGCATTTCAGATCCACTCCATGATGGCACCTTAGACAACATCGGGCGCAGCCACGCACTGCTGACAGAAGAAGTCCGCGGTACTCTGGTGACTACGTCGCGATCTAATCTTTACAGTCAGCGGTACAACTTCGTTGAAACTGTCAGCCGGATGAGATAGGAGAAGATTAAATTATTCTTGGAGGTCAGGTTAGACAGTTGTGCACGACGATAATCGTTAAGCAGACCTCACACACGGGACAAGTGTCTCGCTCGCGCGTGCGCCCTCACGCATCGTATCGGCACGTGCGGATCACTCTTTAACCGTTCACCCGTACTTTATTCTTTTAAGCCGTCGTCAATAATCATAGGCCACCTCATGACCCTGAATCTCGGTTATATAAAGGAAAATTCAGCGTAATGTCGAGGTCTGAAGCCCACGTCGGTCCACGCGGGTCTGGATACGGACCTTTATGAGAAGGCGTGTATAATAACAGATCCGCATACCATGGCGTGGGAATATGTGCGCCGGTAGCCAAGACGCCTATAACCACAACGAGCAATAACTACAGGTTGACGATGCACTACGACCTTATAGTAAACTTTCACTCCGCATATGTGCAAAATAGTAAAGCCGGAAGCAATATTAGGATGCGTGTGGATCAGTTTCGCTCAATATTCTGTTAATCGAGCGTATATCTGCTGGCGTCCGACCTTCATCGGCTCTGAGCCCTCTAAAGCCTGCCCGCTTGCACATAGGCAACCACTGTCGGCTCTCCCTCGGGACTTGACTCCTATGGAGGATGCGGAACTGCCTAGACCCCTTCATAACGAATGGAGCCGTGGGCGATAGTGCACAATATTC,1204,49.0,Arabidopsis thaliana
SEQ_576049,TAGCACCAAATGTGAGGCATGTGCTGACCCCTTGGTTCGCCATTGCACATGGATGTATTGTATCATCCTTGAGCGTGCCGTACACAACAATATGAATTAGAAGTCGAGGGATACCTCGGTCGTGACGACCCGAGGGACGTGCACCGGCAGGGAATCAGGAGTATCCGGGGCATGCTCGCACATAAGTTTACCAAAGATCGCTTCTCGACATGATTAGCGCTCGATCAGATATCCTGGGATCGATGTGTATAGGGTGGAAAAGCACCACCCCGTGCATTTAGCGAGCCACGCTTTTGAAGTGCGTCTTAGATTCAAATAAACTATAAGTTTACACGGGGCACGTAACCGACCAATCTCCGGGAACAGGGTCTATTGGGACGTTCATATGGTGTCGGAACAGCTGTAGGATTACAGCGAGTAGTGACTTGTGGCTAGCCGACTGGAACGTAGGCCCAACCAAGCGTGTCTGTGGTTGGTACCTCATTTAGAACATATCACATACGTACATATTGTACGTTCAAGCCCTATTCGCAATCAGTGCGAGGGACGCACCTCACTTGTGACGCTCATCATTTTTACTCTAACTAAATAGCCATGATATGAGGGCACGCGCGTTGGATGCGCAAAGGAAGTAACCATACAATTAACTGTTTTCCGTTAGCAACCGTCTTCTCGCTATTAATGCTATGTGGAACACTCACGTTTCATCATCGCCATATAGTATTAGCTCCGCTCATCAGATGGCCCTCTGGAAGTTCGCCAGGTGACGCACGTCAATCGGATGAGAATTATGCACGTGCATAAGGGCGATAAGGCAATAGTAAATAATCGGTACTGATTAGTATCCGTTCGGAGGATGTCACACGTCTTTTTTGGCACCAAAGTGCGATAAGGTTTAAGTAGACAGATGCCGACGACCACTATCTCTTGCGTCGCCTGTTCACCCGCA,949,48.37,Escherichia coli
SEQ_491602,GATCACGTGAGCTCAGATCGGCGAGGCCCACCCTGATAAGTGGACACACACATGCAAATAGTACCCGGCAGTGGCTTAGGAGGGCGGCCGCAATTTCATACCTTGGACGTAAGGTGAAGGCGGATAGATTCTGAGCCCGAGTAGATTGATCGACCCTCACTTTGCCATGGAGCCTGGTACCTAAGAGGAGTGCGCTAAATCTACGCGCGGGGTGGCTTCCCTGCAAGAAAAGCCCATTTGCACCCTCGGTCATCGCAAACCCTTGCGAAACAAGGGTTCAGCAGACTAAGTACCCAGAAGTAACAGCTGGC,311,54.66,Mus musculus
SEQ_963876,ATATTACGGGGTGGAGGACGCTGGCGATAACTATCAGCGTTATTACCCTGTATCAGGTCATTAACCCTATATCTATCCAGCCTTTTTCTTCTTCTCCGAGGCACTTCCTTTGGTGGGGGTGGAGGTCAACAGAGAACCAAAGATAAAACAAAGTCCGGGGCTCAGGCTGGTGATGAACAGGCTCCTCATCAATGGGGCCCTTACGGGGCACCCGCGATCCCAGCCATCACCACCAAACACGCGTTAAAGTGGTTTAGCCAAGCGTGCTACTATTCGCGTTCCCAGCTCATGACTTTGGAAGAATGCCGTGTTATGTGCTACCAAGAACGCATCTGGTAATAAACACAGGTAAAAGAGCCTGTATAAACTCACGCTCGCATTTAGGTCGCTCCCTTACCAACAAAACCCTCTAGCGCAAAGGGTGGCGGCCACGTGCCGTGTGCTATGAAATTGTAGACTTGTGACCCGTCGACGTGCAGCACAATATCTTGATTTAGCGTCATGTCCGCTGTACTGAGGAAATAGAACAAGCATTCCAGACATCCTCTGTCCTCGACGTCAAGTTCTGACTCCGGTCTTAGGTGTGTGGAAACTGACCGACTCGGCAGGCGCCTATAGTATCGACAGCCGGGTACCCAGCACGCTACGTGAGGCATCTACCAACCTGAATACACCCGTGAAACTTTCTTTGTCGTATCCGGCACATCTTATAGGTATAGATATCATTCATTTACCAGAGTTACTGGGGAAGTGAAACACTGCGCTTATGGCTTCCTCATCGTCGGGTGTCGCCGCCCTATGGTCAGCCATCCGACGGCGAAGTCCTGGATGTCGTATAACAAGCTCCGAAGCAGCGTCCTCGCACCGCCCGCGGTGATCCATGGGAGATCCTGATTCGCTTAACCCAGTTTCATAAGGATTTGGTAAAGCCTCGTCCTGATCATTCGTTTTTGCGGTTAGAAGCCACGATCACTGTCATCCGAGTCTTGCATGATCGGGAGAATAAACCGCCTGTAACCTATCCTCCAATTGAAACCGCAGCCCTGGTGCACTTGACACTGCACCTCGCCGTGGCATTCACCAGTCATACGACAAATATCCCAGTTCAAATTCTCCGAGCAATGTCAGATCGTACCGCCTAACCTCGGGAAGA,1153,51.0,Caenorhabditis elegans
SEQ_614724,CGTATGCTCACGTTAAACTCAGCTTCCTCAGACGCTGCAATCCTATTTTTATGGTGAGCATGCCTCCGTATCCCACGCCCCGTTAGGGCCATATGTATACGTGATTTAGAAGCATTTCTACCTAGGTGGAAATTAATCGTTATCCTGACTTGCCCAAACATATTTCAGGAAGCTAGCCCAGGTTTGATTTTAATGCACTCTAGAGGGTTGTCCGCGATTCCATAGAATGACCGTTTCCTCAGTACTTACTGTGCTAAACATCCACGGTTAAACTCCGGGGATTGGATAAACCCCCGTAGTGGTAGTCACACTACAATCACTGTCCAATGACAATAATTTATCATAGTGTAAGG,353,44.19,Saccharomyces cerevisiae
SEQ_101176,AAAACAACTTTAATAGCGAGATCCGGTCACAGTACCACCTAGTACTAAGTAGAGTAGCTGAGCTGAGCGGGTGGACAATTTGTAGGCGCATTGCCAGTCGAGT,103,47.57,Arabidopsis thaliana
SEQ_451813,CCGCGGCTAGCTACCGCTACGTCTGCTGCCTGATAGATGCGAGAAATCCGCCGTGCTTCGCAGTGTTACATGATGTCATTCGTCAGTCGTGACCCGCCGTTGTCGGAGAAGTTGCTCCGAGTGTAGAAGTATGTTAAGGCCGAATCATTATGAGCCCTCAGACTAAAGGGTCGTCGGACTATAGCAACATAGGAGCATCAACTGGACTGGTTAGTCGTTGATATTACTGCGGCTTGCATCGCCCCTAGCACCAAGTGGTACCGATTAGAGGCCAATTCACTTTAAACTAAGTACGTATAGCTGCAACGTCCCCAGGATCTAGATATATCAAGGGCTCCATACCTTCCCTACCAGAAGGGTGCCGTCTGGGTAAAATAGAAATTTATCTAATCGCTTATAAACTGTCAATGGGTCGTTCTCCGTTTCCAAAATGGCCTCTCTGCCCCATATTAGAATCCTTTATCACGCACCCACCATCCATCTATCGAGGCCAGCCTTCTATTCGTTAGACCATGGCGGGACCGCAGGGAGTGCGAACCTTAGGGCACGTACGCCGTTTATATGCAGGGCCGCCAGAGAATTTATATCCGAATTAAGTTGTCTACATTCTGGCAGTTGCCGGATTTTCACTTTCCCTCCCCGAGAATAAATCCGGCAAAGTCTCGCAGACATGTCTCATTCAGTGGGTAGAAGAATCTCAACACATTGGATGCACACAGTCATCCGGGCCAACTGGAGGTGCACGGCCTGGAGGTTCGAGAGCATAATACTTCCGGGGGCCACGATGAAGGTATCTGATTGGCGCGAGCTCGCCTCGAGAACCTATCCATATTTTTCAAGTTCCTTCCTGTCAGTCTATGGTTGCCAGGCATTCACCTCATATCGGCATCATACTATCGTTCATTCGGGATTGCCACCGCGCTAGAACAACATCGGTATGAGCGAAATTCAAAACTAATTCCACGATATCTAGCCCTTAGGCAGGGGTGACATATCGCTTGTACCGCGAATAACCTTCGGCCTCACCTGTATTAGTGCTTGCAGGGTGAAGATACTGATCTATTCTGGGGTTGCCTGAGTACTTAGTTGTTCTTTTGGCCCCAGAGGGAAGGATTGGGGGTATCCTAGTCACTAAAGTGTCCAACAGAAATGTTTGTCCGTTTACTTACGCTGTCCATGGACATTTGTCAGAAGCCTAATTTTCGCACAGGCACCGCTCTCTTGGGCGGATGGCTCCAGCCCCTAATTTGTGACTAATGCGTAAACTCGGTAAAAGGAATGCCCAAGCACAGGCCTCGTAGGCTCTTAGATTCTA,1315,49.28,Mus musculus
SEQ_322186,GGGTAGAGGTCTGTGTGTGCATCTTTACGTCTCGACAATGCTTCCGGGCTTGAAAGGTCAGGCTCAGAAATGTAAGGGTGCCACAGGGAGAAGAAGCACCCCTCTGTGGTACCCCTTTTTCATCATCGTATTATCAAGCCGTGGTACATTCAGTAGCGTAACCTCCCTTGACTGAGGATTATAATCCTCAATCATTATGAGCCGTGTGTATTGGTTCGACCCGCAAGTTTTATCTGTTGTTAATGATGCATGGGTGGCCACCTGAGAAATATTGTCAGTAGTCCCAGGGCGAACGTCGGCGCGGTGCGCTTCTAATTACTCTAAAGGTGATTGGTAACGTCCCTGACAGGGATTTATCTCAGCCCCAACCGGGTCTTTTGGATTCTTTTAGCCGGGCTGGCGCAACTGAGCGACTTACCCACCCGAAGGGGGATATTGCCTCCGCATCCTGACAGTTGGGCGAATAAATAAGAATATCAAGAGTCCAAACTCGTGACTGCTGAGGCTTAGTTTTGGTAGAGTCGGAAAGTTTCTACCCTTATTTTAACTTCGGCGCCAGTTACTTGCGGTACAAAACTTGCGTTTGCTCCGGACGATGATACGGACGTAGAGACACTACTGGGTACGCCAAGGGAGAGTCGACAAGCACGCCAGCTGCAACAGTCTGACGATCGATCGGTGAGGAACTAATGATTCTATTTCCCCCCTATTCCGACGTTGCTTTTATAAGTCAATATCTACAAGTTGAGTTTCCGCGGTGCACGAGCCAGATCCTTTAGCATTCAACGGCGAGGGATAGAACGACGGTCCGATTACATGTGTGTACTGCGCTGACCATCGTGCAAGTACTCCAAAATTAGTCTGGGATTCCAACCGTTAATCGGGCCAGAAGCGCGGTGCTCAGGCCCAGATTTACCGCCATTTAAAGCACGTCCCCTACAGGGTCACCTCCTTCGGAGAGCCGTACAGCTGCGAGGTATCCCAACCAAATCCTTTAATGGCAGGCAAACACCCTTAAGGAATCGTGAACTCCAAAAAGAACTTTCCAGGCAAGTTCCGGCAAGAGGCATAGGGCAGAATTTCTCTAACCCATACGCGTTGGTCGCCGGTTACGAGCGTTTCCACGAAGCGATGGGCTTAGACGCCACAAGAAGAAGTCGTACGAACTTCGGCATGGCGTCCCTCTAAAGCACTCACGGAACAAACGGAATATTTAGATCCGAAACTTGCCGGTGGATTCGGTGGAAGACAATGAGCATAGTCACCGACGCCCCAAACTCATGAGGCGTGTCATCCTTAATGCCCGTTTACTCCAACATACACTTATAAAAAAAATTTTGCAGAGACCAAGCGCTAAGAAGCAAGCCATCGCGTCAGGGATCCTCGCTAAGAGAGCAGAGATTTCAGCCTGGGA,1414,49.86,Mus musculus
SEQ_623689,CGAGGAGAGCCCGCCATCTGTGTTACTGTTCCGAGGACACACAACTCGGCGAGACCTCACCCTGTTAGGAGCTTGTCGGGCAAAGATCCATTGACCTACCGGCCAAGCAGGCGCTTTCCGAGGATGACCGTTGACAGTGGCGAAATATGGGCGTGCCTCTAGTCGGACTCCACGGCCCCGGAAGGAAATTTTGTGTCCCGGCCTCTGATTAGGGTCGCCGCGACGCGACCTCAGGTCTTCAAAACCCAATCTGAGGATAATGTGTATCGATTGCCAATGATGTGCCCAATTTGGTGGTGGATCTTGTATTGGGTGCCTGTATTAAGTCATAAAGGTATATAAACCTAGAGACGGTACAGCGGACGTGGATAACTTAGGAGCCTAATCCGCCATTTTACACTACAGCTCTTGGCGAACTAAACACCGGTGAGTGGGCAACAGAACTTTTTAGGGTGACAGCGTTATCAATGTGACAGGGCCCACGACGCTTCACTCCGCTATTTATGACGCTCTTCACCCCGGTACGTCAAGCACATTTTAGCCTCGTCAACTCTAATCTACTACCACCGATATGTGTAACCAACCTTGTGTCCGTCGATAGGCCTCTGCAATCTGACGACGCCGCACGGGACCCTACAGCAGCGCGTCGATAACATACGCGCATACAGCCACCATGATGGCTGTCACGAGCCTTTAGGGCCCCAGTACCCGTGCCATCAGCTCATGAAAGGATAGCATTTACGGAAGCCACACTCTCAGCTCTGGGCACGACAAAAAAAGATCTAGTAGTCCTACACGTCAGGCCGATGTAGCACCGTTCATTGTCGCCCCGGTCCTGATGTCTCCATTGCTTAATGGCTTACGACCCTAATCAACAGTAAAGTTTTAGCCTGAAACATGGTGCGACATCGTGATCGTCAAGGACACGAACGTTTCCTTCCAGGAATTTATTTTTAATGTCAAGCGTAATGTCTTGCTGGCTGGTTGTGCTATGAATCTGAACGGTTGTTGCCACGATCGCCTCCACCAAAAACTACGAGACACGGTTTCGGTATCCTCCGGTATGCCGAATTGTAGTCGAGTATCTATCATTCGAGCCCTCTCGCATTTAAATAGTCCCCAGCATTTCATTACTCGTGGAAATTACCCAGTGTTGTACAGAACTGCTGGAATAGCGATATTCTGGAATCTAGGCGCAGATAACAATCTCTTCCGTGCCAACAGATTAGATCGCTGTGGCAATCTTAACCAATT,1254,50.08,Escherichia coli
SEQ_185021,GAGCTCCGCCGCAGCTGCGACCTTGGATGCCTCGCAACTTTGGTTGGGCAGGTTACCAAGCAAGCTCGTCGCCAACTGGTCCTTTCTCGTTCTAGTGGTTCCCATTGGATCTTAAATATACACAGTTACCAGCGGCTCAGATCGCGCCGACTAAAAAGGTTCAGTACAGGGCGGACTTTGCATCCAGTCTAGGTATGTGTCATCGACAGAAATTGGAGTGTTCTCATCCAACTACTACGGGGAAGCTGGTTGGGGATGGGTATGTGGTGGTTTCGGAGCCAAGGTGAACGACGAGTCACTCTATGGCTTTCTCCTAGTGGCCCCTTTCACGTGACGGTTTGGACGACATTACTAAGGCCCGGTGGAACCTGTACCAATATCATGAAGTACACCAAAGTGAACGCTAAGGCCATTATCCTCGATTGGGGACTGCTCAAACGTACTCAGGGGTGCTGGCTCATCGCACGATACGGGTTCGTGGACGCTTTAGTACTTGCAATATAGAACAGATAAGTCCGAAGTGGTCGGTAGTGTACCGTTAGAAATCTTCGATAAGCTTTCGGCATCGGGATAAGACCCCGCCGAAGCCGGCAGTGGACTTCGGGCAGAATCGCACACTAGCTTGTTTACGGCGCTTTCTTGAATTCACTGTGAGAGGGCGAGACGTAGAGGAAAGGTCCAGCATACTGCAACACCCCGTCCAAAAGATACGTTACCATCTTACCAGCTTGACCAGGTCTGAGTCATCATATTCCTGGGGTAAAGCCTCACCTGCCGGTTAGCGTACACGAAACGTTGGGGGAACGCATATGACCCTAAGGAATATAGCAGGATCGTCGGTAGTAATAGGCGAGACGGGTACCCCTAAAACATACTTCCCCGGTATTGTCCAGTGTTTTAA,901,51.17,Drosophila melanogaster
SEQ_509180,ACTTCAAGAGTGACTCAGACTGAGGATGACAAACGACGGGGACCTACCCAAAGCGCTGTATGGCCGGTTCGTCAGCCCCACTTTGTCAGGGTCCCTGCTACCTGTTATAAATTTAATATACCGGCAAGGGACGGTCGAGGGGAAGGTGCCAATAGCACACCGCTGACGAAGGGCGTGGACCCGTGTAAGTGGAACCATTAAAATTCAGTGTAGAGTTAATCACCCGACGGAAAATCAGAGAGGATAGAATGAGTATCTTGCTTTCTAAGATGACTATTTTCATACTGTTTTGCACTACTGGTACATTCGGCTATTCTGAGACGTCAAGCGGCCAAGTGGCCCTGATGTTTGGACCGGTTTGAAAATTTCTACTCCGGGAGTCTAGATTTGACATGTCGGATGGACGCAAATTTATGTATGCATACCTCGAATAAGCATATGGCATGACCCCAGACAATTAGGTTATTCAATAATGACGCGCAGAAGTCCGGCGGTCGCCTTCCGGGATGATCTTGTGACTTCCCGTGCTAGCTCAGAAAGAGCTCTCACATCTCATACTAAAGTCCGCAGAACGATTGGGTAGACGATAGTCAACGAATTTAATGTAAGCTCGCCTTAGGGGGTCCGTAAATTAAGGTCTCGGAATCCGGATAGCCCGATACGAGAGGTGCGGCACGTTATACTGAAGTAGGCAACGCCAGCTTGTCCGAAATGTACAGTTAGAAGCTCCAGCTTGGGCTGGCTAGCGCTCTATGCCTCCTTAGCGGCGGGGAGGATACAGTCCATTCTAAGTAATTACCAGGTGAGATTCCGATAGATGAGGTATCTCTCGCCAGCGGCCTGGTAGTGAGCTACGATGATGATAAGTAGCCTCTTTACGCTAGAATTAAGCACCCGGAAATAGGACCATGAAGGACCTTCGGGTCGATACATCATATTCCTGTTGACCAAGACCAAAAAACCGCCTCCAGGGCCTGACTCGAAATGCGGTGGACAATCTGCTGTGTTGCGGTCCGTCCTGCTTAACGACAGACACGTGGAGCACCGCGAACGGTGGACGAGTTAGTCGGATCACAGAGCGCTGTTGATTACCTGGGAAAATGGCATAGTCTCTATCGCGCCTAATGCCGTTTCTTTTAGGGCGCTCACGGGGTGACTTTGTTACCTGGTGGTAACAGAAGTTCAGAATGGAGGTGGGGGGACGGCTTGAAGGTCCCGTGCTCATAGTATAGCCCACTCATGTGAGATCAAGCGGACATCTACCCAAGACAAGGGACGTACCATAAAATCGATTGTCTCCACCAGACCCGCTTCCCGTGAAGCAAAGGCACGAGTAGGATGAGAGGGATACTTCAGCTAACAGATAGACATATATAGTTACTAACCAGACCACTCGCTTCTAGGCATCCGAAGATGAACACATGTACTCGCCTTACTTCCGCATTAAACTAATAATGAACGAGCTCCCAACAATAACCGTAGTACATGATGAGCCCTGGGGCCTTCGCCCCCTGAAACGCCCAGACATCGCGTCTGGCTCGGGGCCTGGTTATATAATCAGCAATTTTAGGCGGCAAGGGACGCTACGAATGGGGGCCCAAGGCGATTTTTTGGCGGGGAGCTTCGTGCGCAATTTCTAGCCCCGGCTATTTTGAGAGTAACTCAACGGCTGGTGCGTTCGACGTTATGGAGAATTGACCGAAAACCTTCTCCGGACCTCGGCTACCTACTGGATTCCCGCAGAATAATGGGTGGGTGACGACAAACAGAGCTCATAAATTGAGACAAGGCGAATTATGGGGACGAGAGCGTAGACTTGCAAAACAAGAGGTCAATACCGGGCACTGATGCTGTTGGCTCTTATTGACACGAAGTTGTTCCGCGGTGCGGTGCGCTGGACGTCATATAGAGCCCCACGGATCAAGATCTGCCAAATGCTGACGGTGAGA,1949,50.38,Caenorhabditis elegans
SEQ_668215,TTTGTTGATCATAAAATTTCGAGTGGGTCAAACATTACCTGTGTCAACTATTTGATGAGTCACTATTGCTCCTGCCCATCCTTAAACCTAGAGCAGAGAATCCAAATTATACTGTAAGTAAGGGTCGGGAGCACACTGTCTCACTCCGGTGAGGTGACCCCGTACAGTGTAGGATCAGCTGATTAGGAGTCCATTATGCGCTATATGGATTAATGCGTTGCGGAGGCACATGCAGTCGGGGGCCCTTCTGCTACATCGCCACCCATTGAACACTGCAGACTGCAGTGAGAAGGGTCAAGCCGTTGGTTGCTATTCTGCCCTGCAAATTTGTGACTAGGATGTCTATTGCCGGTTCGAACTTGCATCGGATCTGAATTTGGGACTAAATGAGCGGAGGATCACCTGGACGCAGCTCAGGCCTGCGAGGCGCTACGATTGGTTTCTTGGATGTATTTTTACAAAAGTATAATATAGTAACAGAGTCAATGTTCTCAGATGACTGACTAAGAGGCCTAATAAAAGTCGTTAGGATCTCAGGCCGGTTAAGTTTTGGCGAAGTCTCAGACCCACAACTGTCGATAGGAATCCGTTAGATAGTGTCCAGCAAGATGTGGACCGCGGAACGTATACAGACAGAGTGTTGGTATAGGTGATAATCTCCGATACCATTGCATGGGCTGACGAGTGTTGCACATTGAGTAATAAAGCTGTGAT,714,46.5,Saccharomyces cerevisiae
SEQ_501278,AAGCGATATAGGCACGGAAGTACTAAGTCCCCCCACATCGGGCTTTAGTCGCGCACGTATGAACATCAGCGCTCGCACCCATTGATCAATCGCTCCGCACCCGTACCGGTACCCTGAGGACAAGGTTGCTACCGGACCTCGACAACAGCCACCACTTAGAACGCTTCAACTTGGGATAGGTTGAACTGTCTTGCTTGCAATCGTACTTACGGTTCAAAGTACCGTCTAATCTGAAGTCGACAGATACTATTCCCTTCAGGTTCTTTGGTGGTTGATGGACGCGGGAACGTGCTGTGTGCCGGCGGAGCAGATTCCACACTCCCGCCTGCTTCATCTTCGACAGGCGATTTTACCGCAACAGCGACCGCGTGGGTTCGACAAGGCTGGATCAGATTCCATATTGCTTTTGGAGGAGATCCTCGCCGCCGTGGCGCGTATCTCGGAGCGGTTGAAAGATCTACTGAGCGGCAATTTTTGCAGCACCCTTTATTCCGAGCTCAGGGATGTACCCTTTCGGAATCGCGAACCGTTCAATAAGCTCTGTTGTATGGTGCTACGACAGCCCTGTAGACAAGACCGAGCTAGGCGCTAGAGAGGTACACTTTTTTTTCCTTCCCTACTAGCCAGCGCAATCCGAATTACTTGTCTGGCCTCGGAATATCGTGATATCGTTAACGGCGTGTAAGTCCGCTAATGACTCGTACGGGTCAATCTAGGGTAGATCTACGGGTCACCCACGAGCTACGGCTATTTTTAGGATCGTGGTGAACGGTGCGGATTCTTCCTTGAC,790,52.41,Drosophila melanogaster
SEQ_242676,TAACTTAAAAACGTTCAGTCTTCAGGACTCGGACGCAGCTAGCTGCTGTCCGTCTACATGACGTGCAAACGTTGAACCGGTAGCTAAGCATACCCTTATACGAGCCAAAAAAAAAGCAGGTCCGACGCAGGATCCGTGCGAGGCTAGGAATTTCGATGAGTGATGCAGAGCCTCGGACACAGCACTCAAAGGAGAATCGGCGGAATTATTCAACCTGGTGCTGTGCAAAACCGCATTAATCGAAAAGATCAACTACTCAGTCCCGGGCCTAGGTGTTAATCATATTTGAGCGTAGCACGCCTGGCGCGACATCAGATATTGGGAGGTGCCCCCGTTAGAAGCTCGGTTACCTTCGTGGGTTCCTATCGAGTATTCGAGGACACCTCCTTACCTCAAAACTTCATTTGAACACGGATATAACAAACTGTACACGCAATTCCGGAGATCCATCGGGATTTCGTCAAAATGTCCAGTTACACGCGATGTAGCAAATGGTAAAGTGCGTGCCCTTCGTTAAAACAAGAAGGGCTACTCAGACCCGCGATTCATAAAAAGTTACTAAAAGACAAATTTTGGCGCCGGTCCCACCGCTGGCGGTTGGCCCCGAATTTTCTTCCAAGTCAACGGATAGGACGGAATTACCGGTTCGGGGCGCCTCGATTAACAATCTCAGAAGTATATTTAAATATTATTGATCCTATACTATACGAGATCTTCCCAGCCCTTTGACGAATGCTTCCATGTAAACTATTTACCTATTCCCTGACGTACCCATATGCCCGGTTCCCAAGATTGGGGGACGCTCCCACGGGTCCGTACATCGGCGGCATGGTTACTCCTATCCGAGTCGGACTGGCGCTACTTACCGCTAGTCCTCTTAGGAAGTCAGTAGCCGAAAGTCGGTCGCAGGACAGTCTTACAGGTCGGGATGAAGATCTATTTGCCTAGGGCCGCAGTACGTTTTCTCCGATTCAATTACAAGCAGACTGGCTGTGTTCCTTGTTGCACCGGGCGAGTTGTCTAGGCGAGTGACCGCTGTCGGGCGTTGCCTGGAGCATACGAAATCTGATTAAGTTCAGGCAAGAGGCCCAACGCCCGTCTCCAATACCGAAGCGCCATGCACAGACATCTTAGGTGTAACATGAACGAAGGAGTTGGAAGTTAATGTATCAGTCCTTTCTCATACAGAAAAAGCCAATTTTAGTCTGCGCGATGGATGCAATAGCATTGTCGCATCGAGTTGGTAAGCCCGATTAGACACTCTAGGGCAGAGCATTCACAGCAAGGAAGGATCGCCAAGAGTCTCACTCTAAATGGGCCGGAGTCTAAGACCAATGGGTGCGTAGTACTTATGTCGAAGGATCCCATTTTTTGCTCAAGTTACTGGAGGTGAGCTTCAATGAGTATAACAGGTATCCGTTCGTGCCGCGACCGTAAGCTGTCTTCGCGGATCGTTTGGGCGTCTTGGTCCTTTAGTAATAGTGGGGGATAGCTGAATAACTACTGACATAGTCCTAATCAGAGCGGTAGCTCCGAGGGACAATTGCCGAAGTCGCGGCTG,1561,49.39,Homo sapiens
SEQ_734528,GCACACGACTAGACGTCTGAATTCAGGTATCTGACCCTAGAGAGCGGACATGTACATCCGCGACTGGGACGCATTGCTCCAATGGGTGGATGTATTCGTAAGAACCTGAATTTTTACATAACGATAGCCTTACTTAACGAGTGGTGAAGTTTGGTAACGGTGTAGATCTAACCCACATTCGGGGTATGATAGATTATTATGAGCTTTGTATCCTACTATTCGTGCGTCTCACTGTCACGAGGGCTGTTACATCCCTAAGTTTACCTCTTCAGACAGAAAGTATTGTAAGCTGACAATCTAGTCCTCATCCATAGCGATTTTCTCAGATTAGGAAGCTGCGCGCACTAGCGAACTTGCGAATGGAAATTTGATAGTTAAAAGTTCACCATATGGAGATATTCCTGGACGGCTCCAAAGCATGACACAATTGGGCAATGGCATGAGCTACTCAGGAGGATACCGCTACGGCATCGTGCATCGCCGGACATCCACAAAATACGCTCCGCATCTGAGTGGCAGGACGTGATTGCGGACTCCGTTCCTACCGAAACGCGTCTACTCATATGTCCTATCACCGTTGTCTACTGGGGATGGCGATCGGAATTATAGGCTAGAGACTGGGTTCCTGAGCTGCGACCATCCACGTACGGGTCTTACAAGTGATGACAAGCCTATGACTATCAACGTTAAGCACTAGGAATCATATTAAACCCTCGTAGGTACGTGTTCCTTTTCCTTTGCCAGGTGTATAGAGGACCGTATTTAGATGCTATAAGGCAACTCACCTTAGCAGTCGGTGCTCCCTGACTGTCTAACTGCGGCACCACGCGGGGTCCGCTACATGGCGGCGCTGATGAAGGTAACCGCTATCCGAGAGGCCTACGCTGTGGTCGTAAGTGTTACGCCACATGTATATGTCAAACCCGGCGAGTCCGGCGGCTAAAGGATACGGCGGTGGAAATAAGAAAGCCTAGTCATATGGCGTCGCGGCCCTGTGGTACGTGTATGATTAGGGCCGCGCGGACTTAAGCTGTAGGTACTATTGATAATGTTTTTCCTCTGCCCATGGACCGCGGCGTTAACCGGGACGTAGTGCCCGGGTCGGGCCGGGCCGCACACGTGGTCACCTTCGTCAAACGTCTTTCGAACACTGGCTTCCTTCCCTAATCTATTCTAAGCCACAGTGTCCTAGCGGTAGGTGAAGATTAGTAGGTACTCGACTGGTGAAGCAGGTTAGTGATATCTTCAGATTGGCGGAGAAGTCAACCGAGCTAGGGGGCCACACGAACGTCGCCAAAGTAATCCCAAACCGCACCCATAGTGGGAGGTCTTCGAAGTTGAGATTCTGATCTGCATAAAGTACGGATGTCAACGCCTAGTGTCCTAATAAAGTGTGTTGTCGAGCAAGTATGCACGCAAAAATTTGGCCCGATGTCGGGTGTAATCACCCAGCTTTGTGACAGAATGGTGAGCTTTTCTTCGTCGTGATTCTGGAAGATACAAATTACAGGTCGAAACAGGGTATGCTTCAGCTACCTAGATCATTGTTATACAGTAACCCTTGGCCGGTAACTAACCGTCTGCGTTTGGAGTTACCCGAAAAGTGTCTCCTCCAAACAAACCGTACATGACCAGGTACCCTTGTTCAATACAAGGGTACCCACTTACACCGACTATGCGGGGTTTAATGCAATCGATCACTCACAACAGCAGACCTACCTAATGGCACAATACATTGCTAACGATGCAAGGCTCAAGTCTTAATTCTCGATTCCAGGGATAGGCTTACTGAACCAGGCGAACCTTTCAAAACAGCAAGCTAAAGTAAACGATTAC,1836,48.86,Drosophila melanogaster
SEQ_703135,GGGTGATCGAATGAGCTCCATCTTCTAATACGTAGATATAGTGCCGAGTGTTAACAAACCCACGGTCAGGAAGCTAATTCAGTACCCTCCTTGTGTCCCTGCGCGATCCTCAATGTGGAGGTGTGAATTGCGAAGTAGCAAACCGATACTGAGCTAAAGTGATGTAGCGGGTGTGACTGAGTGGGTGTCCGTAGTTGCTAAGGCACTGTTACGTTAGTTAATACTTGAACGATCCGAATGTACTCTATTCCCACACCTATTAGGATTGGGTTATGCAGTTGAACAGACACGTCATTAACAATTAGCGAGAGGTTGATTATTTTTCTCCATTAGCCTGAGGGTCATCTTCGCATGCTACGCAGCAGGGACAACAGGTATACTAAGCTGTTTAGTCCCGGAGGCCTGCCGCGAGGCTTTTGTGACGTAGAGCACCTAGTGCATTTGGGGGAGGTAGATTTGGACCATTCCTTTGGAAATTTGCTGCTACGGGAGTTTACGCATACCCAGGTTCCGGCCGGGAAACTCAGAGCCAGAGCCCCCCAGTAGTAATACGGGTCGGGTGCACAGTTTGAAGGAAAAAGACTCTCAAGCGTAGGTGTGAGTGGTCCAGGCGACGTGCTTAGCTAAGTCTGCAAACGTCGGGTGCATTTTACAAGGGGTAGGACCTTGGTAGGGCAATATGTCTCCACACTGAGACGCGACACGAAGAGTAAAGCGGATTGTAAAGAATGGCGCAACCCGTCTTGGTTCACGTTTGGTAGTGGCCATTCCTGATCAGTGAACTCCAGGGGTAATAAAAGGACGAGGACACTCGATTGGAATGTTTCGCAGTGTACTACAGCAGGTTCGAGCTTAGTATCGGCCATCAGAATCATCCTGCGCAATGCCGTCTCGATCGGCGTCGAGTCCTTTTACGGTATCAATAGGTGCAGCACTAAACGCGCTCCGGAGTCCCAAGTAGCTTTATAAAATGAGAAAGAGGGTCCGCCGCACGGACATCGAGCACCCTAGTGTGGCATATGCTAGACTAATCGCTGTTTACAGTAGAGCACCAGGTGTTCACAGTATAAGCTTTTCTTTGTATGTTTCACTCTAGACTATTATACTAGCTTCATTCACCAAAAAGTGGATAAGTAGCGCTATGCTCTCAATCAGGATGTGTAGCTACCCTTAAGGGTAACCGGCGGGCTGTCAATCGCTACATAGGGAGCTAGGGAGTGTATAAGACGCAGCGACTACCGCGGTAATTCGGTACTACCGT,1261,49.01,Arabidopsis thaliana
SEQ_578950,CACTACACCGGTCATAGGACTCCTCGCTTCGAGCATGGGCGCGTTGGCTTCTAACGTGGTTAGAAGGCTATCCGCGATTGAAATGTAGGTAGCCACGGAATTTCGTAAGTGCCTTATCCGGAGTAGCCATTTAGAGCGAGTGGAGCCGAACATTGATTGCACCTCAGAACTCGCCTGTCCCATAGCAGAGAGCCTTTTATCACAACTGACGATTAACTTGATCTGTAACAGTCTTACTGTCGCTGTGTTGGAATACTGAGACCGTGACCTAAGGTCATACGGTAAGTATCATATGAAACCGCAGAGTTTTTAGCAGGCAACAGATTTCCATACCGCCCTCAAGAGCTTCGAGGTCACCGCATTTAGTGTGACATCTGGTATATTTCCGCTAGATGCATCCATGGGAATTTAGCTTTATTCCGTGATCCTTAATCTCAATAACCGAAACTCCCGTACAGGAGGATAGCTCTTAAGTCCACGAATTCATTCGCCACGGCAGAGGCTTTATTGATGCAGGGCTAACGTGAATATAATATGTCCATTTGCGCTCCTGTACCCTCTCGTCAGGTTAGTAAGGTCGATCTCCATTTCAGTACAACAGGCATTAATACAGGAATACATCAGGGGCATCTGGTCGCTAGTAGTTGCGTTACTACGGTCGAATAAGACTAAAAGTTGAGTACTTACCCCCAAGTCCAGTACTCACCCACGTCACCAAGGGTTTGGTAGGCAAATGTTGTGGGGCAACCAGTCCCACCAGACGAAACATTTGCTACCCATAGTGCCGACACTCCCCTGTTCGAGACCTGTTACGAAAGCTCTTGCGCGGGGATGGGCCAGATCGCCCCTGGTAAACAAGGATAGATCCTAACTAGTCCCGTTGAAACCAGCTACGATGAAATGTTGGAAGCGCGTATAGACGGAAAATATAGAGTGACAAGGAATGTTCCGTTGACGACGAGAGAAGAGTCTCGACTGGCGGCCTAAATTCACATCGTTGCCATAAGGCCGATCATTTCCTGAGCCTCTGATCGGGAACAGAACCTCCGAAACACCGTAACTTCCTGACTATGATGTGTTGAGCATAATACACGCGTATTCATTTGCCCACGTGAGTTACTGACCTCCGCATCATAGCTCGGAATGAGTCGACACTGGCGTATCATACAACCGGCAAGATATATAACGATGCGTACCAAACCAAGCGTCCGAAAATTAAGAACTTGAAGTTTATTTGTGTACGATCTATAACTTGGACAAACAGCCATTCCGGGCCCTTGAGTGTGTTTGAACCCATTGGGAACTTTGCACCGCACGACGACCCTATGGCTCCAACGCAAAACTCCAACCTCTGGGTATGCTT,1363,47.84,Mus musculus
SEQ_514790,CGGGGAATGGACGATGACGTTTCACGAACAGCGAATTGAGGAGACCGTTATATTGCGAGTGATTGCGACGCCGCCGGATTTACTATTGACCCCTACGCCGCCGAATCATTCTAACAGGGTGGACCAGTTACCTTACCCAACACTAAGCGCGTTCTTACAGATTGACATGCGCGCGGTGGCGGGCTTGTTCCCAGGGGGGTATATAGTCTGCAAACCTGGTGACAAACTACCATTAAAGAAGCGTTACCAAGTGCGGCGCTTAATAACTGGAAGGAGGGAGTGAGCCCGCTCGTCACCTACCGCCCCAACCAACGCCCGGATGTTGAACCTGGGGCGTCGAGTGGCAATGGTGCTCATCTGGAACCGGTAGCTAGAACTATTATCAATAACAGCGGGCGGGCGCACCCCAGGAGCTCTCTAAGGTATGGGCATTCGATGATATGCAACAAGGTAGCCACCTACCTCATTTCATCACCAACCACTATCTGGCGCTGGATCGACGAGGGGGCTAAGCTATAGACGATCATAATTCGCCAAACCCGGCATAAAGATCCTGTTGATAACATCACCCTGGCTACACTTATAAGGATCTCACAAGGACCGAGGAATACCGCACTGTCGGAGGTGGCTTGACAGATAGTCGACACGCGGGTACGGAGCACCTCATTGTCATGGTACTAATAATTTCTTTTATCTCCCCTTGCTGGCGTGCATCATCTGCAAACACCTCAACATGCGAAATATATAAGTACTGCCAAGAAACTGAGGGCTAAACTGTATAGGGAGTCATCCGCAAACCTACAGCCCTAAGCATCAATCCGGGTGAGCTACGTATCAAGGGAATCACGTGGGAATCGCAATAGGCGGGGCGCTCCGTCGGACATGTGCGGTACTGGTAATTACTCGGGCGTTCGACTGCTTACCGACAGAGAATGCACCTTAGTTACGCAGGTACACTACGTATCGATAAGGGGTATGATACACGCGAGTCCGAGTAGCTTCACGTAATTGAAAATCTGAACGGGAGCTATATATCCTGATTGACGACGTGATGGGGTGACGGGTCCCATGTGAGTACGCGAGCCGATACCTTCAGTTAGTCTTCTAGTTGTCTAGGCACACTCCATAGGGATCTCCTATCCAGGCGCCGCTCGGGGAGCTTTCGCGGTGACAATGTGCGGTCCTTTATGATTTGACAAGCGTGAGCACGGTATACCAAACTAGTCCTCTGTCAACGGAGTTTCATCTATAATCCCTACGATGTA,1265,51.3,Drosophila melanogaster
SEQ_553294,TGTAGTGCCCTTCTGATGTTGATGTAATCCAAAGCCCGCCCCGCACATCCGTCGTGCCATGGAAGAGCTCTGGACTCTGGTAGGCCCGCGATCAAAAGTAAGCCCAAACCGCCATTTACCCGTTCTTGGTGCGCGACGAGCTTCTAAATGTAGCATGCCACATTCGAAGAACGAAGGCGAGGATTTTCGGACGAAATCCTCGGAGTAATCTTCTTTTGTATTCCATAATCGATCATTGAGTCAAGGTGTTAAATCAATACGCGGAACATGGACCGCGTTGACCCTTGGGTAAAATGTTGTCCACTGGATAAGCGACATTCCTTCTGCGCACTGCACGCAGAGCAAACTTTCCGATACGCGCTTGCCGTCTGACGATACGTTGATACACACCCGTTCCTAAATCTCGAAAATCTGAATGCACGACCAATCTTACGTGCGAAGCTGCTAGGGTTGACGACTGTGGACGAGGTGGGTCATACAGTAAAAATGAGAGCGCTGTACGAGCTGTCTATTCTCCTACTTACTTCACAAAACTCATGAGGGTGCTGTCGAAATCCACATGTAGCGGGTTAGAGACGGGTGGATCAAGCTCTAAGCAATAAGACTAAGT,610,48.85,Caenorhabditis elegans
SEQ_290582,GTTGATGCGCCCCTCTCGTCTTACTACGGACGACCACATGTGCTAGCTCCAGATTCCTTGTACCACCGGATGTTAGGGTCAGCGTTCCAGGTTACTTCGCACCATCGGGATTTCAATCGATTAGGCGTGGCTGACTGCACGGCCATCGCTGCATTTCGCATCGCATCACCCACACGAGCAGGGCTGCATAGCCGGCTACTAAACAGCTTCTTGGACAAAGTGTTGAACTAACGTGGACACCCGTGGTCGGGTGTGTACCAACGGATGATCGTAATCCGGGTACTGGTAACAAGCACGCAATCTCGGGCGTACGCAGCGCTACGGTGTGCAAAGATAAAGTCAAGTGGTCCGCGAAAGAAACCTAATGCTGTGCGATGTGGTGACCCTGAGGGTGCTGCAACTTACCATAGATAGTGTTAGAATCAGATGACTTGAATACCTTCGATCTCCAGACCCCAAGAAAGCTAGTCGTGAGCCTTTGCCCCCCGTCAGAGCATGAACACGGCAAGGGAATCCATGGTCTAGCCCGAGGTGGCGCAATATGTTGTGACGGCGGAAACATTACTACTTACCCGGAGAGTAAGTTGGGCCCCAGTGCCATCCTGTCAGGGCTATCCCTATTCCGGCCAGTTTCCACGACAATCCAGCAGTCGGAAAACACCAGCCACTCGTCTTGGTCTAAACGACAGATCGCCTCGTTTCTGCTTAAGTAAGGCTTCTTATATCTTTGCACTGTCTGTGACGACCCATAACTAACTCGCGGAAACAGGCCCTGATGCAGCACTGGACGAACAGAATGCGCAAGAGGCTTACTATGCGGCCAAATAATATGAAGAATCAGCGGAGCTAACAATCCCTATACGGCCAGCGTATGATCGAATACGAAAACAGTATGATACCCACTGGTCTTTCCGAGTTCGAACACCCGTGTCAATAAAACCGACAGGGAAGCACATTTAGGAACGTAATGTACTGAGAACTGGGGTAAGCCAGTTTACAATCGTCGCCCTATATTGAGCGAAGCGTGGTCAGTATTCACTTTGAGCAAACTTGCCCAGCACTGTTTATGGACCTCCGACTATCTGGCCAACGGGGACCGCGCAGTGATTTAGTCCTCTGATACTCAAATTCAGTATCCCGGCGTTAACACCAGGTCCTCCCTTTTCAATAATTTCGGAGTCCTGCATCTTATACCAAAGCGATAATTTTACCCAAACTTTTAGATAACTCCTGGAGGAGGTGGTCTTCGGTCGAATTATTTACTAAGCAGTGTACATTTTAGATTAGCGCATCGGCCCCGAACCAGCGGTTAGGGCATCCCTTTCAGCCCCAACCTATGTTAACTCGCTACGGTGCTGATCCGGACACAATGAGAAGATCCGTAGAGAAATCTTCTGCCTCAGCGAGCTCTCAATACGGCTAGGACAGTCGAAGTGTCAAGATTTCCAGCCAAAAAAGCAGGTCATTACATGCAAACTATGCCATGATGACCTCTGCAAACATGAACTGATTAGCTACAGATAGGACTGCACGCTGGTATTGTGGCGCCGCGATCGCGAATTAGATATATCGTTTGTAACTGCGTCGATGTAACCTGTAAATAACCCGGGAACCGCAGGTTCGGTGTTATCAAAGACTACAAATTCGGTATTCCGTGGACTTAATCTTCTCACATTATTCGCCCCACCCTTCCGATTTTG,1700,49.53,Escherichia coli
SEQ_804342,ACAACAAAGTTATACCTAACTCTTACCGACAGGATACACTGTCAGTTCGACTTTAGACGTTTGTAGGCGGGGTATTATTCAGTGACGTACGATCCGGGACTTTCCTAACCCCCGAATTACCAGGGAGATTTGACTTCGTTAAATCGTACAAACCCCCTA,159,44.65,Arabidopsis thaliana
SEQ_283316,GGAACATGTGATAGCGACGGCAAAAAGATAAGTCGCTTTCCTGAGGAATGGTTGTTCGCTAGACGACACCACGCTCCGAACTGCTCGAAACGCGGCTCCCGTCAACAACGATAGCTCGCTCGATTTACCTATGCTAGACCCGCCGTGGACCGAAAGGAGGTAAGACATTCGCAAATACAATACGCGACAGGTACGAATACGTTATTGAAGGGGGTAGGAACGAAACACCAAGACTTTAGCGGTGCTTGACTTGTCTGGTGGCAGTGAAAAGGTATGGGTTTACCGTAAACCAGGTCCTTGTAATATTTAGCGAGTTCACAGCGTATTACGTCCTCG,336,49.4,Drosophila melanogaster
SEQ_714712,CTGGGCAAAAGGTTTCAGCATTCAATAGTGGGTCGCGAGGTCGGATAGGAGTATTTAAGTTGGGTAGTAGTGACTGACCCCGACAATGGCCTCAAACAAATGTAATCTCTAGGTAGACGCCACTTAGGGCTGTTGCAACTGCTCTACCAGTATTCAAACGCTGCTATCATGTGACGGATTTATGGAATAATCCCAATCACACGGCGAGACTTATAATACATGTGCATGTCGTAGCGTGGATCTGAGTAGATTGGGTGACCCCCGACGACGATTCGCAAGTGAGCGTAGCTCCTTGTGCTTAGCAAGCTATATGCTTATCCGCAAAGTACCTATGAAGCTAGCGATATTTTATCCAGTTTCTTACTTCCCGGCTGCGAATCTTTGTGACGACTATCCCATTTACGGAGCGATTAGTCACGGCCAGTAGACTATGAGCGTTAGAAGGTCAGAACGAACGGCGTCCCTCTATTGGTATATCCCCACGACGTAGAACAATCATATTGCCAGACACCGTGCCACCTTTGCAGCATAATTGAGCAAAAAGACTATATCCCTTTAGTAAACAGTTAACAGGCAATGTGTCGGCGGCAACCGTGAACCATTCGACGTTTCTGCAGCAGGGCTCCAGAATACGTGCCGGATATACCACCTTTTGACGCGACCGGTCCGCGATAATAACGCGAACTCTATCGCAGACGTACTAACAATCTCGGGGTCCTCTCAACTTTTGACTGCAACAATTTGGCTGTTCGTAAGCCCTTCATCTTTTTCTAACCATGACCGACCACGGTGTTATTCTTGCGGCGATTGCGAAATCTACAGCGGTCGAGCAGGCCCTTACCCGCTACCCCTTAGCTAACGATCCCGCCTGAATGAACACTCGGGGTGATCAGAGCTGTCCTTACCCTTATCCTGGTCCATAGCATGTCCGAGCTCTGCTGCGATGGTGAATTCCCGCCATCTCCGAGCGACTTAGAGACACCGAAATTACCACGCATGCCCGCATGGCCTTCCCGGCACTAGACATAAAGTTGTACAACAATGTTCCGCAATACACGTAGTGTCGTACATGTTTAGTGCTCCGCTAGGCATCTCATCGGTATTCTTCC,1109,49.14,Saccharomyces cerevisiae
SEQ_448848,GGGACGGGCAGCTGCTCTGCGCCCGGCCCGAGGCTTACTCAATTTTGCTACTGTGCTCACCATGCTAACTTCTCGTGCAGGGGATTCGGTTTACCAGAGTCCTCAGTCTTGAATCGGGTAACAACTCTTTTATTGTAGATGAACAGCTTAGGTGAGTCCGCGCTAGACAATCCTGGTTGTCGCGCGTGATTATTCAGGTGTGTGACAATTTCATACACCTGGGCTCGCGAGTCCTAGTACTATAGCCACACCTGTGATGCATTACACGCAACTCATCACCGTGCGGTCGGGCTACAAAATCTTTCTCGGTTCGCCTCAGCAGAGGTAACTCGCTTAAAAATGTCGACTAGGACCGCTTCAGAACGTCTAGAGATTCTCCATAGGGGCAATATTACAGCCCCTCTGTCCGTGTCGTAGCGCTACCGTATCTTTCTCCTCCGGCCACCTCCAGGTCTAGCGGTCGCTCATAATGGAGGCCGCGGCGGATAACCTGTATACGATAGATGACACATCCTAGAGACAATAAGTCGCGAGACCCGTTACTCAAGTTGAACTGACAATACTTATATAGCATTCTCCTAACCTACGACCAGTTCATTGTCGAAGGTAATCTTGAGAGAATCTATGCGGTGTCGCATACTCTACTCCTCCTGAACATAGTCTCAGTGTTTGGGTCCTGCTCAGGAAGTTTGCAGTTGTCCTGGCCGACTTTTCAAAGTGATTACAGCCCCTTACCCTCAGCCCGGTATAGCCTCAGAGCGATAGACACCAGGAAGCCCGCCTGTGGAATGTATCTGGCATGGTTAGTCCGAAGGTTGGCGCCACAGTTGTCGATCATCACAGGCAAGACATATAGAAAGGCGTGACCTAACGCTTAGAAGATAAGGAGCCGACTTGAAACGCGTAAGTAGTGCCCATGTGATACCTTGGAATACGGGGTGGATTCCTTGATAAAAATCATAGGAGGAAGGACGAGAAAATCCGGGACGGTGGTATAGAGACGACGTTAGCTCAGACAAAAGTGTCCAACCGAAAACAAGTTGGCGATCTTAGTGACGATACAGTGAGACCGATACGTACAACTGAGTACTTAGCTCGTTGTCAGGTTCCGCCCATTAATCGTTGCTTGCACGATCAGTGCAATAGGCCCGAAGCGGAGGCACCTGAAGGAGAGGTTTAACTCGTGGGCCATTCTTTAATCCAGACCCGACCCTGACTGCGGGAAGTAAGTGCATTTAAGATGAGTAGAGTCGCGGAATGCCCTGCGAACATGCGGGAATCTTGGTGATTAAGTCCGTAGTGAGCAAGTCGTCATGAGTGTCTCTCAGAAAGGGGTCGCAATAGAATTCCCTTCTGAGCCTACCAAACGGGTCAATGCGCGCTCTTCTTAGTAAAAGGATAGCGGCATTGCTCTCCGTTGGATATGTTCAGACTCTCATCCCCTGCGCCAGGTCAATACCGCTCGGTTCATGTTGTCTTAT,1481,50.1,Arabidopsis thaliana
SEQ_715702,TGACCCTGAGCACCTAGCTTTCCGCGTGCCGAGTTCAGTCTACAGGCTACCCCTATAATCTGAAGCCTTAAGCGCCTTTATTAATCACTCGAAAACGCCGCTGGTGATGCTAAGTGAGAGCCCGTTCTCAGTTCGACTTATCCCCGGAGCGTCTCATAGATCCTCATGCCAAAGCCGTGCAACCACCTGTATAAACTCGGTGGACCGGTCGTGTTCTCACGATCCAGACTTCCGATCTCCTCAGTGGTGTTGGGCCCCTGCGGTTATGAACCCTATGCTCTACTCCGATGTTAGAGGATAAGCAAAACTGCCTACCAGGGCCTGCTGTTGTGAAATCCAAACCTCGACCTGGCAGGACGGTCTCGCAAACCTAAGGCGCGGGTTGACGTTCACCTTCTGTCCTCGTCTGCCGCGTAATGCAGTGGAAGTGAATTGAGAATGATAGCTTCGTACCTGCACCCTATCCCATGCATACCGGCAATCTGCAACATTAACCGCTCCATGGATGAGGCGTCTCACTCTTGCGCTTGGCGGACTACCTCAGTGAGTGCATGGGTGATTCTGTCGACTAGTGTGATCCGAGCGCGCTCGCTGTTCTGACTGGAAAGGGTCTACAACTTTAATCGTATAGACCGGAATAGACCACCCCCCGCCGCGTGATTGCGAATGTATCTTCGTAAAACCCATTAGAGCGAATTGAGACTATGCTATTCTGTGTGCCGGTGTGACAACCGTGCGCTGCCCATCCGCCAGCCTCTTTACCAGCCGTTTATAGGAAGACAATAGAAATCAAAGATTCATGTTGTAGAGTCAGTGAAGTTAGGCTAGAGTACGGCTTCGGGACCCGCGTACCGTAAGTTTCACCAAGCGGAATTTCCACGTCCCATGTTGTTAAAACGGGTTGAGTCATCGGGCAATATCACTCCTCCTCATCTCACGCCGGAAGTCGTTACGTATGAAGGTAAGCTGTCTTGAATCATAATAGAGGGTCTGCACAGTCACCAGTGGATTATCGGAGATTTTTGCAGTAACTAGCCGCCCCACCTCACAGTGTGACGCCACTGGAGAGCTCGCACCATTGTTCGGGAAATGCGTATGTATGAGCACGCCAAACGACAACGGACGGAGAGCTGGGATTCATTCACTCCCTTGTAGCGGCGACGGCTGCCTACACTTTGCTCCCAGGCTGTCGATGCACATCCGCGGGAAGGCAGAATAGCTAGGTCGTTGGGGACTAGGCATCTGTCGTTCTAGTCCGACCCAATCACAAAAGCGACACATATACTCTTACCCTTAACATTCGCCATCGGTAGCTTTACGACATAAACTCTGATACAGTTCTCTACATCGTGCCATCCCC,1360,51.84,Escherichia coli
SEQ_186652,AGCAGGGGGACTGGAGACAAGGCCCGAGCGGCCGGGCTGTGCCGATGGTAACGTACGATTGCGCCCCCCACTGTCTCAAATGAGCGTTGACAAGACCCAGAGAGACTACAGATCCT,116,60.34,Saccharomyces cerevisiae
SEQ_569674,CGAGATTATAGACTCGACTGGCGCCATCCCTACACTAAGAAGTACACGTCCAGCGTTTCAGGCTGGCCCGCGCGATATCCTTTTGTCTAACAGGAATGGTGAAAACCCGGTGATATTAGCACCTAGTTACTACGGGAAGTCACAGCAGACTAGATTGATCAATATTAGGTCATATCGTGACACCGATGTCGCCCGAGTACAG,202,49.01,Saccharomyces cerevisiae
SEQ_166995,GAATCGCATCCAAAGACCATATCACACGAGGAAGCTCGATAGTCCTTGTCCCCCCGTTACTCGCAGCCAATATGATTGGCCGTCATACAAGCACGTCTGCCCGACACTTACACCGAGCTGACGACATAGGTCGCGACGATAATGTAATCTCGCGTCGAAAGGTACTAGTGAGCTGTCGCCCCTTGTGTAATGCGTCGGTGGAAACTGGTACCCTGTAGTCCTTATCTGTATCTCGGATATAGAACATGGGTCCAACTTGGACTTAGCGTCTTATACGTGTCTGGTCGATAGCGGCCTTTGCGCACCTGTACAACTACATGCCATGGTGACTGCTCCGACGCAAAGGAATAGGACTAAGCAAAATTGAATCCAGGTGTTGACACATGAGGATCCAGTGAGTAAGACTTGTCACGAATGGAGATGTTCACAACTCCTCGGGTAACGATAGTTCTGGAAGAAACTTTGGCGCAGAACGAACAGATTTACTATCCGGGTCGGTCATGTCGCAATGATAACCCTACCAAGGTTTCAAATAACCCGGAAGTACTCGACAAAAAAAATGTTGACCTTAAAACATGCCTAATCTTCCCCTGGCAGTAGCCCTTTGAGGACGTTAGCCTATCGCGCCGAGATCCAACTGAGGACACTGCGAAAGGGTGGCCAATTTTCTCCGTACGAGCTGGTTCTCTACAAACACGTATCAGATCTACGGCTGATAGAGGATCTATTAACGAGCTTACTGGCAATGCCGCCTTTCAATGGAAACACGTGTCAAAGAGGAGCGTAAAACGGATCAGACGGAGTTAGAGGGCAACGAAGGTATCGGTGTTAAACCCCTCAGATCGGGATATTCGATAGCTGGGAGCATGGTAGAGCAAAATGTGCGAATAAGACATCCTGAGTAGTTCAACTCGATGTGCCAGTCATTCGGGCGGCAGAGTTAAGTCACTGGGGCAGTTGGACTGCCCTAGGCGGGTAATCAGCTTAATACTAGCCCCACGCATATAGACATGTCGGCATTCTCGCCCCCCGCGGCTATTTAATGTATCAGGGATATGACGGTGGGAAGACCATAGAATACAGTACTTCACTCGGCCGCCGGCGACTATCAAGTCAGTTAAGTGCATCCAACTCAGAGCAGACTTTCATCCGTGGGCAAACAGCCATATCGGCCGCCGTACAGTTCTAATCTGCGAGGCAATTGTAATGGAATAATAAGAACCGTAAGCTTAGCGGCAATGTGCTTCACGCGCCTTCACGAACGCTCCGTGATTCCGCATGTAGTCGGGCACAATCCGTTGGCGACGACTCGGCTCATTCGGAGGTGAGCGGATGCGAGCAGGTGCTGCTAGCGTGCATTACAAGCATGGCCGATGAACCACTGGGCCGCGCACTGGAAGTGCATCCAAGCCGGGATGCGCTCCTTCGCACTGGTTTCTTTACGTGTGAAAATATCAATCTGACCTCTTCTGTGTTTACTCAACCGGCATACTTAAGATCTGGTAACCTGGTGTTACTCGACCCATGCTTGTCGAACCGTACTACAGCTTCCCGGTGACCG,1561,50.42,Mus musculus
SEQ_394361,TCCGAGAATAATGCTTAACTGCTATGCAAGGCGTTGTCACTCCATCCGTTAGGGACGGAGGCAAACATTGCCCCCAATCATTTATACCTCCCGATAAACTCCACTTTGTACATCTGACGGGTATCGGCCATCCACTTTTAGTCTCACATGGCTTAATCTGTAAGCGGAGCGTACTCTGAATCATACGTTGGAGCGTTTAATCCAGGCTGCACGTTCGCGTCACAGGAGACGGACGCCAAATAGTGAAAACCCCGGGGCCCTAGTTAAGCTTTGTAGCATCCGCCAACGTGTCGTAGACCAGCTCGCTACTATCTGTCCAGGACTAGGTGGAGAATATCTGGAGTACGGGTCGCATGACCAACCAGGGGCATCAGAATTGGTCGAAGCGCTGTGAACAAGTGCTTCGGGATTGTCAATAATCGACTTGTGCGGCGACTTCCGGTATCAGGGTTGTCTAAAATTTCGTTCCCAGCCTTCGTTCCCACAGAGGTTACAAAAGGTCGCATCGCGGCTCATACCGTCCGTTGTCGGGCCAACTACGTTCGCCGTCCTCCGTTCACTAAGTGAGTCCTACTATCTATGTGAGGTCCTCAACTTATTGGTGGTCGGAACCGCCCCTTGCGCGGATAAAACGTATGTAGAGCAGAGTATCGAGAATGTTCGGAACACTTACGGTCTGGTATAAGGTGTTGAAGCTTATATGCCAGATAAGCGTTCCGTGGCTCCTACACGCTTTCCAGTACCAATCGGATCACCTGGATGTCTATGGTCAGTTGTGGAGCGTGGTTTGATTACGGAAGTACGTGATTGGAGAAGTACTTGAACTCGCTCGGTGTTCGAAAGCCTGAGTACAAAGACAACATAACACTTCGGCGTCGACCAATCTGATGATTTGTTAGACAAGAACAGTGACTAATGCCGCTTATAGAAATAACGAGAAGCTACGGGACGTCAACCTGGAGAGCTAGCTGCTTTTGCAACAGCATACACCTAAGGATGTATGACCTGTCGTCGTGCGCGAGTTGTAGTCGTGAGCTACTGGGAGGAGCTGCTGCATGGTTGTCGAGAGTGGAATCCA,1078,50.0,Arabidopsis thaliana
SEQ_175394,GCGCTCCATACGCACGTGTTAATTACCACGCTAGGCTGATGGCAAGTTAATTGAGGGACACTTAAAGACCAATATCCTATGGCGTTGCCCGTTCATGCCATCAAGAGTGGCTCCGTTAAAGTGTCACTCTCCGAGGCTACCGTGCAAATTTGGCCGGTCGTTATGGAATGTAGCCTATCCGCGCGTACACGAATTGACCTGCTGAATGCACGGTGACTCTCTGGGTATGCCATTGTCATCGCCTTCCAGGTTCGCAACTGAGATACAGGTCTCGAGAATAAAGCTGTTTTGGTCGAAGGTCTCGCTAGGGTGCTAAAGTGAGCGCTTCACTTGTAACTAATCTCTAGATGGTTTTACCCAGTCCACAGTTGCATACCTCTTCTGGTTACACCACCATTGGGCTTGGATCGGAACATGATTTCAGGTCTTTAGTAACCTCCTCGTCAAACGATTCCACGGGAGCTCGACTCATCCCGGTATCCACCATAGTGAGAGACTTACATCCGTGCTGTGCATCTCCTTAGCCCTCCATTGTAGGCGTCTCACTCGTGTGTAGCGGAACGAATATCCTCTTGGCGGCCAGTTACAGATGTGGGCATCCGGAACTCGTAATGGTGGGAAGTGCTTTTAAACCGGGCCATACTACACGCCACAGACAGCGGTACCAATAGACGGGCGGATAACGTTGGTTTACAGGCATAGTCTCATTTGCGGATCGTCTTCGCATACCAATCCTATAAGACGCCCGGGTGCTGCTGGAGCAACGGCGGTGTGGCCTCGGTAATGCGTGCAACGAAACCTAAGTTAGGCTATGTGCCTACGGAGTTCAGGCACAAGCAGGGAAAATGCGGTATATTCCAGACCGGACAGGAGACAGCGGATCATGATACGTTAATGGGAAGGTTTTATTCAACGGCCCCACGTCAAGCAGGTAGTACGAATAGTTGTAAAACTACTCACTGTCTGGGAGCGACGCTCATGTTGCGTGTGCGAGAGATATCGTCCCTGGGCACAGACGAGACTCAAGTAGACTCGAGATCTTGGCCCATTAGTACGTAG,1059,50.99,Arabidopsis thaliana
SEQ_374456,GCGTTCACCATTTCTCTGTCGGACCTGTATAATTCCCAGTTGGGCCGCGCTGGCACTCTAGCTTGTTTTTAATGATGGCTCGCTTGTCGTCTGAGTGATCCTGGAAAGTCGTAAGTTGTCATAAATCTTTCTCAGCTATCAGGTGCACTGAATATCTATGGCGGTTTCAATTGTTGTCATAGTAAGGATATGATTGCTATTGGTGGACAAAAATTCGGAAGGTGCCCATCGCCGGATCACGTGAAGAACTAAGGATACGATGTGTATCTTTTATTAAATGTCGGTGCGCCCTAAGGAAAGCACATAGGAAACCATACAATACCCATGCGCCACAGCTACAAGAGCAACGTGCCCTTAGTATCCACTAACGGACGGAGTTAGGCAGACACAACCGAAGGTAGTTTGTGCATCTAGACTCTATGAGTATCCCCCCGTGGACCGGTACGAGTCCTTATTATCGATCATGTCACCGTGACCAGGCCACATGTTACCCGAATATACTGCTACTTATGTTAACGCGAGACCCGAACACGTTGGCTCCCTATGGATCTAGCCCCGTGAGACAGAACGTCGCAACGTAGCTGCCCACGTTCGAAAAGGAAGTTTGTAGTAAAGGGACGAGTCGCCTCAAATGATGGCGCGAGAATTGACGTAGTCTGTCATTTACGTCGGGTTATTTTCAAACTGTCACTCTGCGAAGTCCACTTGGCTGATTACTCATTATCCGTCCCGACGGAGTTATCTGCTCCGGGGTCAGGTTTCTTTAACACCGTGCGACATATAATACAAGATGATGCATGCAAGTATCTACGAATTTTTCTTCGAGACCTGGCATAAATACAGAAGACTAGGCACGGATGA,861,47.04,Saccharomyces cerevisiae
SEQ_108031,TATTACGTGAGGGGCGCACGCTTATTATGCTTCTCCTAAGTCACTGTGCTTCGCTAATTTGGCTGTGGACGTGTGAAACTGTTATTCGGCAGGGTATCTGGGAACGCATCTTACCGACTCCCCTGTGTCCCATACTATGTGATGAAACCGTGCGCCCGCTTGCCTGCCCTAGAAGACGGCAACCGTGTTTCCCGTATCGTCGCTAAACATGCGAAGACCTAAGCTGAGGCTGCGATGGTACCGCTTGGAGAGGGCATGCGGCTTTTAAGGGCGATGCGTGCACCCAGTGAGTAAAGACGAGCACGGGCGGTCTTCTAGTTCGGACTCTATCGGTATTAGGCTAACTATTTAGCTCGGGGATCGGCCAATCTAATATCATGACAGGTTACGTAATTTTACAAGTTCAGCTACAGGTTAGGCACGAAGTTTTCCACTTCTCCATTTCTATGCCGGGGGGTTCGGATTATCGTCCATATCCCAAAGTTGAAGGAGAATATGGGTATCACTGATTCATGGCTGTGTTAGATATTTTCGGTGTAGCCGTCAAAGATGTAGGAGTGTACGGCCCCTATCTAGTGGTACGGAAGCACGATCCAAATTGGCTTGTGTCCGGCATTATCCCCTGCCACTCGCGGAAGCTTAGACGCCCTCAACTTAAGGATGTGGCCCATCATGCGAAAACTGACCCGGAGTGTGTAACACACTATTCTTCACTCTTTGTGACTTGTGGTTCGGATTAAAAGAAGCACCCGTGGAGAGGGACATATTCAGTTGCATTCTGCCTGATTGCTCGTAACACGGGCAGCGTTTAATGTGTGGTTTCGAATTGCTGTGCCTCAGGAACAATCATGACCGCCATTGACTAGGTCTCGCCACTCCTCATTTGTGCTGGCTGTCTCGGTCACGCAGGGGCTTTTTGCGACCGTCGGAAATACCTCCGATATTTCTTGACACACAGTTCTGCTTTTGTCCAATCATTTCAAAAATACGGCTCGCTTTGGCAGAATGCGAAGGATTGACTCGGATCACGGTTCCTTCCTACGACTTCCCGTTAGCCCTCCCATGCTTGCAAATATACATTTCGCAGGGGTTAGAGCGGTTCCATCCGTTTGGATGGCGGGGCATCGAAAGGCACCGGTGGGACTCATTTTAAACTGACAGTATTTAGGACCAATTTGGTTAGCTTGAATGGGTTGCCCATTACGCTAATTAGGGTTTTTGTCCCCCAGTCATTTTGTCGTATGAGTGGTTATCAAATGAGCCAGGCCCACCTGGGACCGGCCATGTGTGACCCGGCCAGAGTCACAATGAATTGCGATGTCTTATTACTCCCTCGTATCTTGCGCGCGATTTGACGCCATGCGTTTCGTTCTTATTTTTCCTTAAGGATGTCGACGTGACCTGGTCAATGACAGTAATCTTTGGA,1426,49.51,Escherichia coli
SEQ_660822,TAAGCTTTTCCGACAAATCGTGGTTATGTCATCATTGCTGGACATGAGGTATGACGTCCAAGAACTTCTTGGACTGTTTCTCAGGTACTATATGTGTGCAAAAGCAGGGCGCTAGTGACAACTCCTAGTGTATCCTTGAAGGACCGACCGCAAGCTGGTACATGGGTGCAATAATGATGAATGTGAAGATTGTACTATCCTGCAGCGTTGCCAGGTACGGTGACTCGCTACTGACTAGCTCTGGCAGCAATTCTGCCGAGGAGGGATTCACATGATTGCAAAAATCTTCACGCACAGTACGTTCGTATGTAGCACGCCCGTAGGGTCCTCCTGCTCAGTGATAGTCGACTAAAATACAACCCATATGCCCAAACATTTTCCGGTATCCGATGCTGTAAGTGTTCAGAAACAGCCAGAATAAATAAATCACCTGCTAAAGACATTCTAGTGTACCGGATGATGTGTTCTTAACAGGCACGTGGATCCGACGCTCCAAGAAGAGTGGAGCAGAAATATGGTACGGAGGCTGGGGTGAGACGCGACCGCACAATAGGACTCGGCGGTCAATAGAGCCCCCACTGAGTTGATGTCGTGAGGAAGCTAACCATAATCTCTGAATTGACGCTCGCTTTTCGTGCCTAACTCAACTCAAAGTCCCCTAGCCAGTGTGTCGGGCTAGAACGACTGTGTTCCTCTCCTCTCGCTCGCGAGCTGGAATTCTACGGCGTGAACACCGGGTATTCGACGTTCAGAAGTCAGATACAAAGCCTAATGCTGTAACCTCATCGGGGGCACGTGGAGAGTCAGTCTACGAATAACCCTACATAGGTCTGCTAGATACGCGGTGCAACCTTAGAAGACGACGCCATTGGTGTGGTGTTTGGGAATGCTCGGGTGACGCTCATAGTGACTGTGGGAGTGCGCCGTACGCTAACTAAATACTGAATCATCTTGAAGGCCGACGACGCCTATCTAGTGAAATCCTTCAAGTCATTGGATTTGTTCCTGAATAGGGATACGCCAGCCCTGGATTTTTGATCAAGCTCGTGATGTGCACGTATCCATTGTAAAACACCAAGGGTAGATCATTTATGCGGGATGAACAGTCCCTGGTCCACGGGTGTTTCGTTCCATGATATTCTCTAGTCCATGAGACAATGTTGTTTTGACCTAACTCGGGCGATTTCAGATCCTAGGCGGAGTGGGTGCACCGGAGGGGCGTATTCGACCACGACTGACGGAGAAGACACGGAATCTCTCAGGCACGACGACACCCATCGGTTTGAATTTCAGTCGACTTGACGTCTGACAATTGCCTAGCGGCCATTGTAGGCATCGAAAATCCTATCTACCCATAAGTTCTTATGTGGAAACGGAATGATGGCCAAATTGATTTATACGAATCCGTAGTACCGCGCGGGATTACATCGATCGTGCTAGCAAATTAAGGTGTACCTGCTCGCCCTACCTTCGGGGATGTAAGGAGGAATACAGTAACAAATCACATAATGAGTGTTTATCGCTAAGCACCGACCGCACCGCACCTAGTCGTAACCCTGTTTTTATAAAGTTTACCGGGCCGCGATATTTACTAGATTACGTGCGTTAAATTACCTAGCTGCTGCTTCGGAGCCGAGGAGCTAACGGGTTCGTTGGTCCTGCTGACTGCGAAGGTCGACACTCAGTTAACACAAATACACTTTGCACTTCAGGTACAAAATGAAGGTACTAACGGACCGAAGTTGCTGGTGAGCAACTATATATTACACCAATCCCTATGTAATCTTGCTTGCCTGATTCAGTGAAGTAATACTCGAGTGTCGTATCAATGTGAATTGGGTTTTGAAGTGCGAAAAGTCGACAGCCGCTACCTGTTGCCTTTCCCCGTAGCACAGAGTGTAGTGTGTATAGTCAAGACTACATGGCACACAGGCGAAATGCAACTGAGGCACACTGGGGATATTGCTG,1968,48.32,Arabidopsis thaliana
SEQ_781543,CTTGCATTGTTACTTGCCGGTTTCTCCTTCGCTACGTTAGTAGTGAAAAGAGCATGACATTCGCTCACAGTGGTCAATTGTAGGGGTCAGGTGGCCGACGCGGAAAAAAGAAACACCCAGGCGGCCACTCATCGACCCTATGACTACTGGCGCTAGAGATTTGATCTTGAGAGATTTGTCCAGACCGCGAAAGCCTGGATTGCCCGCCCAGGTGACCACTCATGAGAAAACAGTCTTTCCGTTTCCCAGTGTAGGCTGTTATTGGCCTGATATGGAATGCACCATGTTATCTCCGCAGGTCAAAACCCAACACTCCCACTGAATTTCTTCGACGCCGACATTGATGAACCTCGGCAACTCGCGTGTTCCCCTACCGTACAGATGCGTAAACCTTCTTATAGTATCCGTTGGTGCTCAAGGTTGAGAGATTTCACTCACGTAGATCTCGAATTCAATGGTGGGTTTATCTATAGTTTAACTGGACCGTCATCGTTTGTGCCGTGGTGGGAAGTGCTCCATATTAGAAATGATCCCACTACAACGAGGCCATGTCTAATGCAGCCCTCTATATCCTAGTTATATACCTGGGCGGACGCCGGCTAACCAGAAATCGACGAGCAAGAGAGCGGAGGCTAATGGGTTATGTCCTTTGGTAGAGGCCTGGAACAAGATAAACGGAGGGAGGTCATCCGTTGCCTTTTTACCCAATCGCCGTATGATATCCAAACATGTCTTATGCTTATTGCTACATGGCCGTTTCACATACATTGAATTATTTAACACCCACTGTTATATATGACTACAATCGGCGAGCTCTCACCGTAACGAGTGGTTAAAATGCTCGACTTTCACAACGAAGATGGTCTTCGTGCGGTCCCAGGACATCACGTGATCCGGAATCTGTCCTGGATACCCAGGATGGGCCGTCCAGCAGAGCAGAGGCATACGTTATCCCAATGCTAAACGGCGGCTTTCCACCTCTGAAAAGCCAACCCCGAACTATCAGTGACCCCCTACTCCCGGCGGATTCTCCACTCATTATAGATGGACGAGGACGTGCTCAGTCATCTGCAAACCTCCTTAGGCCAGTCTTAAACGTCATATAGTTGACAAACTCGGTCAGATTTCCAAAGGCAAAGGGCGCGAGTTCTTTATATACAGGCATGACTTAGCATCAGGCACACGGTATTGGTCTAGAGCCTTAGAACACCTACGTATAGCCGATACCGCCGACGCTAACTGCAGTGCGCGGACAGTGGAAGGACAGCATCACTCCTTTAGCGCTGCAGTCAAGGCGCTCACTGCCAGTGGCCGTGGGAACACCTATACCCCTACGTTCTAGCTTAATACTGGGGTAGTATACGACCGTGGACCTTGAAGCCTTGTAAGCTAACCCCGGCTTTGACGTTATGACGCGTCTATGCAGCCAATGCATGACGCGGCTGTATAAGTCTAATAATATCATCAATTGGAGTATTGGACTAATTAAGCGAACTATAAGTGTCCGCGCAAACGTTTGCGTACGAATCTTAGAGGCTTCACCGAGGAGGAAACCACTAGCCATATTTAATGAAAGCGCCATCTGCGCAGATCAAACCTAGGATCAGGCGCCCCTCCTAGTATTAACACCCAAGCCACAGTAAGCAATTGGCTCAATCGACAGCTCACCATCCCGGATCCAAGAGAAGATAGTATGGTCAGTCCAAATCATTAATCGTCAGTGGGGCCCTGGTTTAGCGCTACTAAATTAAGCGCTGTGTATCGGTACAGGGGCCAAGAACATGGGACAGCTAGTGCACATGAGATGCATTCTGGACGTAGGCCAACATATAGGAACAGCAGATGGTCACCGAGTGCAACGGTCCTATGGAGTATAGCCCGCGAGACGCTGGTGCACTCTACCAAAAACTTCTGCGTCCAATGACGAATCGGACGCTTAATCTGGTC,1947,49.41,Arabidopsis thaliana
SEQ_262312,TGATTCTCATCTAGCGGGGATAGGTGTGAGCAACTTGTTCCTTAAGAGAGGTCGCAGGGACACAGCCTTAAGTCAAATGTCTCGCTTCGTATATCATTCCCGCGCGGAACATGAAGTGTCCTAAAAACAAAGTGTCTCTTCAGGGGTTGGCGATACGTCCTGAGTAAAATTGAATCTACTGCGCCCCCCTGTACCGAGTGACACTATGGCTTCAATAAGCATAAGACAGGGTGTATGATGCGTTGTATTGAGGACCGTGTCCACTGCTAGACTGGAGGCGGCACCAAGTGACCCCAGAGACACCCTCGTTGCGCTAGAGGAGTCACTATTGTGGCGTCGCAGCCTGCACCGATAAGAATATAGCCCCGGCGGTGGTGCCAGTCGATCAGTACGGAGGAAGGGCATGCCGAACGATTTCGAATTTACCTTGGCTGGTGACTTCAGATGGTTGGGCATTTCGGCAGGCCGACATACAATAGGCTGTTGCGGTTCATCAGACGACTAATATGCTAGCATACTCCCAAACGTCATCGCCCACGCTGGCTCGTACCAAACCGCGGAGAAGCGGTGATAATGCGTTGGACGAGGAACGCCTGGAGCGTAACGCGTGTGGAGGTTCGACATCGACTGATGAATTATGGTTGGCAGTGTATGCGTGTTTGCTCACTAAGCTGCCAGAGTAAAGTCTCTCGGTGCTCCGGTGACAGACCTGTTAATCAAGTCGAAGGGATAACGCAGCTAACATTTACGGCTCAGCCGCCGGGGAGAAATGTAAACTGCCCACTATATCGGCTCGACGTCAGATGGGCTGGGGTCAGCACCCATCGATCGTCTAACGACCTTGTTAGTTATAGCCCTTGGTTAGAGGTCGTTGATTTAGGGGGTATTACTCGGATATACGATCTCGCTTAGATTCGGCTCTGGGTAATTTGAGAAGTTACCTTCAAGGTATCGCATATATGAATAAAGAGCCCTTCGATGTGACGATGAGCTTCGCCGCGTCCCAGTTGTCGCGAGGCAAGTTATTGGACAATCATCGGACTGCTATCAACTGAAAGACGGGTCCTGATTTACACCGAGGCGACGACGCATCCTGTGAGCAACGTCTGACCGCTGAGTTCGAGTACGGGATAGGCTTACAGTCAGCTGTGCCACTTGTGAAGCCTCGATACTCGATATAATTGGGTGTGTATTTAAGAAGTAATAGACTCAGCGCTCGGATGGGTGCGGGATAAGGACTTGGAGACTAGAGTCCGCATGGCAGGCGAGGTCTATAACTGCCCCCCGGACATTGCGTGAGCGTTTTCGTGTCGGGTTTCTGTTTATGACATGAAGCAGCATATTAACCGTCAGTCAGAGGAACAGCGCCAGGCGGTCCATGAAATGTGGATGGGATCTTGAGAGCGTAGACCATTTTATATTCTCTCTCGCCTGGATTCCACCTGCTCCGAAGGTTCGACGTATTCTCTACGAAGCGAGTTGTGGACCGAAGATTCTACGCCGAGCCTCGGCCCAACTCGAAGCTGGTACCGCCACCCTATTTCACCGCTTAAGTTCCTAAGCTGAGGTGGGAACTGCGGGACGGTGGCTGATACCACCGCGTCAGGAGCTCCAACCAAATATGATTGAAAATCTT,1636,51.59,Homo sapiens
SEQ_788016,GCTCTTCCCAATACCTGAACACTCGCCTGTGTCAACAGGCTGAGTTGGCCGAAAATATGAACCCCTTGGGCCCAATCACAGTGCAAGCTCGGGATAACGGTATCATGCACCGCAAGTAGTACGATGCTATTCGACCGATGTGTAATTACGGGTGGTGGCCAGTGTTCGCCGGTCTCAGGTTGACTGCCATGTTACGAAGGCTGTCGGCCGGCCAAGGGCTGTTGCGCATAATTGCTCTTACGTCATGTTGAATTCCCAAAACCAGGTGCGGCCAACTCTGGCGAACCGCCGACCGTGTTCTTTAATACGGTTGTTAAGTGGACGGGGAAGGGATCTTCCGACATCGTTGGTCGTTCTGAACCGGCCATGGTTTGTAGACCATAGAAGACGGAGGTGCCGAAATTGGGTATTTCACTGGAAAAACGTAGCCGAAGCACCGCTTTGGCAGCCACTGGCCATCGCAACAGACAATTTCCAGTTGAGCGTTATAGTCGACAAACGATGAAGCCAGCTGCTTCGGTCAAAGTCCTGTGGGCCAAGTCTTGCTTAGGGCTGGAACCTACGTGGCCCAATGACAATAAACGCCATGTGACGTTACACTCTATCTGATGTCGGCTAGCTTCTAATCCAAGACGTATTTGTGTCCACTGTGAAAACGGAGAAAGCATGTGTACTCTGGTCGGTCAGCGTTCCTGGCTCGAGTAATTAAAGACGCGCCCTCCGGTAACACAGGACCCGGGGTTCAATTGGTTAAACGGGAGATTTCTGGCCCAGTCGCGTCACCGGTACTCGGAAAAGTTTTAGTCGCAACCGGCGTATTTATAGAAGGGAGCTTAGGCCAATTTTGCCGTGACATGTAATTATATAGTGCAGCCGGAACCTAGCCCACAGTGACGATTAAAAGCTCCACATTTGCCGATACTGCTCGACGTTATTCTATCGAGCCTTCTTGAACCGTTCCCCTAGTTGAAGTTCATTCTGATAGCTAGGCCGGTCGTAACAGCATCACCACCACGTGTTATCCATGGTTATCGAATGGGTTTCAAGTGCTAAATTTTATTAGGGCTGATAGCGGCTCAAATAATCGTGAACAGATGAATACAACCGACTAATAGCACTGGCAACCTTTGCTACATGGTCTCTAGGATCAAAATATGTGATGAACTACGCATAAACAGCTTACCGTTAGGCGACAGGAACAGGTATGGAGACGATGTTCACATCAGGCGGTTGTGGTCTGGCAGGTATAAGCGGGTACTTCAGCAGTGCGGCATAGCAACATGAGGGTGACTTGTTGCATGTCCCTGCGACGTTCCAGGAACTAGGTGACTGACTTACGTTCGATTTAAGATTTTTAAGACCGATGAGTGTTGGAAAAAGATTGACCAGGTCACGAGCGTGGG,1403,49.68,Escherichia coli
SEQ_393275,CAAAACCGTCGAAACGTCCTGCCCGCCTATGGCCGCTTACCAAGTGCACCTTGACACATCTGTCACCGAGAGAAAAGTCGCGATTGCCAAGCACTCAATAACAAGATCGTATTGGGGTAGTAACCGGGGTAAGATAGTGGGGCCTGAACGACGGCCCATGCTTGGGCACGCACGTCAAGTCTGAGACCTATTTTGCTAAGTAGAAAGAAGGACACGGGTCTAGTAACGATTTGGGTCTATGGATAAA,247,50.61,Homo sapiens
SEQ_497172,TTGACCCTACTGATTTACTAACCGCTGGAGAATTGTTTGACAATGCGCCCCTTCCAGTTAGTGAGATGGATCAGACTGCGCTCGCAAGGGTCTAGATTACGCATCCGGCTCGCACAATGGGTTTAAAGTGTGTCGGTAGATGGTAGGCTTTTTTCAGCGTCAATTCACGTGTAACCAGTTACGGCATTTCGGTCCTTATGACGAAGCTGATAAGAGATAATCCGGGACGGCTTCTTGTTGACACACCGGCGATCGGGTACCGCTGTATATGGTCAACCGCCTTGGGCCTAAGAGGTCAGGATTGTTGACGGGGCCTAGAGATCCTCAAACTTG,333,50.15,Drosophila melanogaster
SEQ_336328,ACTGGACAGATTCTTAAGGGCATAGCTCGACATCGTACAGCTCTTCTGTTTATTCTACATTAGTGTTAATCAACTGCGCGGTTCGCCGACCACAGGAGCTCGGACAACCGAAGTTACTGGTCAAGGGGTGGATACTAGTGTCACCTACGTGAATGGGCATCAAGTTTTAATCCCCGGCACCTAGTCACCCAGTGGAGACATCTTAAGTGCGCATCTATACCAGACGCACAATTGGGGGCAGACGACGGTTACTTCCGCAAGGGCCCTAGCATTTCTTTGACGAGTTGAACAATTATAAGATCCCAACTGTGGTTAAATCTTGCTGGTCAATCCATCGGGAGAGGCCTTAATCGGGCAATGCATTTACATCTTACTATCATTGAACAGATAATAGAAGAAGCTCCACAAAGATCAGGTCGAGGTCAGGCATTACGTCTTAACACCAGGAGGAGCAGCGTAAAATTGATGGTGAATATCCTATTCAGGAAGGACCTGTGTCGCAGAAGATGACTCGAAACTCGCTCCCACTACTGCCATTGTGTGCTGGTGCCGAGCCTGTTATGTTGGCAAAGACCCTTATCAATCCTGACCATGACTGATATGAATCATGGTTCGTTTATCTGGGCACGGCAAGTTTACACTATCGCACAGCTCGTATGATGTTATCCTGATTATAGATAACCATTCAGAGTAAAAAATAGCACCAGTTAGTTAACTCGAACCGTCCGTTATGCGTCGAACTAAACACAGGCTGTGCGTAATAATCTTATCCCTTAGCATATCTATGACCAATAGGCTCTGACTTATCTGCAAACGTAAGCGCACTTGTAATGTACTAGGAATCTATCCGCAATGTACATCGCGTTTACAGAACTTTCGTGGGTATAGCTTCTCCGAGGTACCGGTCCCAAATCCGTTCTGCCAACGCCCTTTGAACGCCGACGTCCTTCTACTGCCACCGCAGAATCTACTCGGCGCGTGCAGAGTATTCGCTCGATGGGAAAGCTACCTCAGTCTGGATGATGTGTCCATTAGAGTAAGCAGGTGGCCATTAGTAGCTGGCAACATCGGTGTTAAACTGCTCAGAGCGTCCCTTTAGACAACGTTTCGAATTTTTCTCCATCAGGATACTCCAGCAAATGTTCCGTTCTAGTTGCCTGCTAATGCACAGGGGTTGTCGGTTTCTGCACATGCCAACAGCTAGGAGTTATTCCAGTCATGGATCCCTATAACTCTTGGTAAACTGATCTCTCCCGACCTAGCCCGCAAATTGTAGGATAATGCAAAAAAAAAACACTCGTAAAAAGTCGGTAATATTGACAGTTGTGATCACACAGTCCGTCCGGCGAAATTCGCGTTTAGAAGAAACCCTTAGTCTTTACTACGTCACAACC,1394,46.34,Caenorhabditis elegans
SEQ_532299,ACAATGAGTCCTATAATTCTTGGCGCACGCGGATTCACCTGCCCGAAAGTGAATCATGCCGCTCATGGTGATGATTATTGTTAAGTGTCAATATGTCGTGGACTACCGGCGATAGCGATCGCCACCTTATGTTACATGAATCACTCGGCTAGAGACGGAAGCCCCTTTAGCATGGGTTGGTGGTCCTGATAGTTCTGAGCGGCGTTCGCCGCCAATCGGTAATATCCAGCAAACGCTATATAGCAAACTGACTCCTCGTCACAGGTAAAGAGTTGTATATAAGCCAGCTCCAAACAGCGTAGTACGTATGTGGGTAATTTGGCTTAAATTAGCGAGACTATACGGGATGGCCTAGCAAGGGTCCGAACCGGGTTACGCAACCGGCGCTCTCCCTGGTTCCATCCACATTGTGCGCGGCAGACATCACTCAGCTGTATTCGGCAAGGAACTCTATTATTTACTTTGCCGCTTAATTTAGGGCACGTGTCTGAAACCCCGTGAGTCCTGCAAGTGTACTCCCGATTTGTAGATCCTAACCAAGCTCAATTCGACTAGATAATGCGGCGGGACGACAGATCTCAGCCCGTTTCGGCAGTGCATCGACTCGGGAGCCATGCCTCCTGGATTCCCTTGGCGCCATACTAGTAGGCGTTCAATTGTCTCTAATTAAACACTTATGGAAGACAAATCCCTCCAAACAGGACCGAAATGATACCGCAGCCTGTTGAGTCACAACTAATGGTGCGGAAGGAAAGCGTACTGGTCGGATAGGGCAGGAGTACGGCGAAACGCCATTAGATAGCATTGAACCACGCTCTACGTCCCTCTTTTCATCTGAAGACTAAACACACTCCTCTAAGAAAAAATACGCGCACGGATCCAGCCTTGTCCGCTACAGGATTGCCACGAGTCCAACAGAAACTGACTACCGCCAAGAAGAACGTTGCTTACGAACAGGCATGATCAAGAATTGGTCGGACAGCCCCAACCGAGGGCGGAAATTATGACTGCTTGTTGTTGTATTTGAGGACGCCTCTCTACAGACCGCACTTAGTGTGCACAATAGGTCTCTGATAGGATAACCCCACGTATGAACTCGCGCGACCGCACTCTGAATTACGCGGTATGTCGGATGAATTACCGCACAGCCTCTACCCCAAGATCGCTCACCTCCTAGTTTGGCGAACGCATCAGCCATTCTCTCTCGAATTAGCGATATCCTGGCTTGACGATGAAGTCATTGATACACCCTCGGAATAGGGGAACGGAAAGTATTAGCCTCAACACCTGCCATGTCCAATGTTTCCAGGTAAAGCATCCATCAGCAGTTTGCAATTCGAAACCTAAGGCGGTTGCCCCCTGGCGTCGACCCTGTTACATACGTGGTGGGACTTCCACGGGATCTGCTGTGGAGAAGGGGCATACTACTGACTATTAGTAGTTGAGTGCCTCTAGACGCGTGTGTAAAGAGCTTTCTAAGACACAGGTGAGAGTTGGGCTATAAGTAAATTTGCCATAAAACAAAACTCCCCCCAGCGTGGCGC,1544,49.94,Arabidopsis thaliana
SEQ_997164,TACAAGACATGGACCTCCCTCCGGGGGGAACGATATACATGTGCGGAAGGCGATTGCCCCAGCCGGTTATTGTTCGCATAGCAGACTCCGCGTTCGGCGGCACCCGCCGAAGACTCGAGTCAAGAAAAAATGAGGAGGCCTTAAGTAAACAGTCTCCTCGGATTATTATTAGGCTTAGGTATGGGAACGAGCTCATCGACAAGCCCACTCGCGCCACGTTTCGCGGCTATCTCATAACGCACCATGTCAGTTTATAACGAGATGATCGGAGGTTTTGTGCAAACTTGCAACAAAGCAACTACCAACATCTATCCTAGCGCCCTGACTCTGCACGTCGACCTCAGAGCCGAGTCAGCGCTTAACAATTGAGTCACGCAGTCGCCCACCAGCTGTTTGGCACGGCGGCATGATAACCATTTTTAGGAACATCTAGTAGCGTACTAATGTAGGGGGACCCGTCAATTCCTTGGTAAGTGCCCCTTAAACGAATGACATTGGTGCGTCTAACAACAGATCCACTTTGTCACTTAGGCTTGGCGTGTCAGCAGCCAACTGCTTCTTACATGACATTCGCACGTTTTACGCTGACTTAGCTCTACATGGACGTCCAAGATCGTCTCGAAGGCGTGTGAGTAGGCGCTATGTGTGTGGCTATCTGTTAATTATAACTTTATGCTGGTTAGCTTGCCCACCTATTGAAGAGAGCGTATGACTTTAACATCTCCGGTCACATGCCAAATCATCATAAGACAAAAGGGCAGGATCATCTGAGCAGATTCGTGACCGTGACCATAGACGTTTAAACATGGCGGAACCAACCCCATCAAATCAATTAAGCACGTAGCTAATAGACAAGCACAGCTAATCCAAGCTAGTAGCACCTTGGTTTTCCTGGGTCATTCATAACAAACTCCTGTGGGGAAACCTGTACGACTGACCTATTGGGCGCAATACCGGCTGCATTCTGCACTGATCAATATCGTAGCAATCTGGTACCGCAGTGTTCTATCAGACGTGCGACGATTCGGGACGGTGTACTTGACGGTGGTTGGGAAGCGTATCGACCAACCGGAACTGGTATCCCGGTGAATACTCGACATTGCAATTCAATCACTTCATGGTCTATCCCCTATCTCCAAGGATGACTACAGTGCTTGCAGCCTTTGGTAGAAGGGCGGGAGCGCCCGTTTTACAGACGGAATATGGCTGTACCGAGCCAACTG,1223,49.55,Drosophila melanogaster
SEQ_794247,GTCTAGTAAGAGAAGAGCGGTGTAACCCGTATATCACTGCAGCGGGTCGGGATTCAGAGTTCCGTGTCCGCAGGTAATTGATGGAAAGGACGTCTATGGTAGATTCGCACGGCTTTTCGATCTGCTCCAACACCCTAGTTCCTTCGATGGATGTTAGGCGCTCGAACCGCTACGTTATCGATCCCCATCCTGTTGGTGTCATTCATTCAGGTGCGACCGGTGACATAAAGGGATTGTGCATCGGACGTCACCGAGTGTGCAGCCAGTAACGGGCAGCATATTAAAGGGCGTTCAAAGACTTTCACTGTTGCGATGTGAGGCATGGTATTCGGCTCATATTGACTATAGTACCGCGAGCGGCCTTTGAGCAAATATTGACGCGGGTTGGGATTAGAGGAGTGCCAGGAAAACACCCTTGTGTTTCGCAAATAGTGCGTGCCAGTCGCACCACCGTAAAGGTAGGGCACGTATCGCACGGACAAAGTTTATGATCCGATGGTAGCTCCCCAGTAACGCATAATATTGCGGCGCGAGATAGGTTTAGGGCAAACTACCGTGCTACAACAATTGAGAGAATGATTGGAGGTCATTGGGCGGGGTCATATAATCTCCGAATTCGTAGAAAAATCAGTTTCACGTGACCGCTTACTGAGCGGTCATACGTAAATTTAGTGGGAGAAGGTCGTTGCGCATAGCGTACGATTCCGGGGCGTTTGCGCACCTTGGGGCTTTTATATGCTCGGATAAGTGCATGTCCGCGAGGCCGTTGATTCTATTTATCCGCACGTAACCCCCACCGCGACCGGAACTTCGAGCGGGGGCAGAATAAAAAGGTTTCCCTAAGAAGGCACCGTTCTTCACGGGTAGTCAAGGAGCAGTGGTGACCATTCACTGCT,896,51.0,Mus musculus
SEQ_931632,TTGACCCTCGTGTGGACGGTGCGACGCGAGCAGAATAAGAAAGCCCACGGTGTGCTCCGCCCATTGGTCTAAACCATCATAGATAATCATACCGGTAGCCA,101,53.47,Mus musculus
SEQ_480799,AGGCGACCGGACGCAGAGCGCCCTTAATTAGCAAACCTCGATGGCTCGCATATGGTACGACTGAAAGGCCAAGAGTCGGTATAGACGGCATGAGTCACTGTGGTGAACAGCTGAGCATGTATGAACATCGGGTGTAGAACCTTGGCTCTTACGAAATAATCGCAGCCGCAAAATTGTAGATTTGGCGTGGCACGCAGCCGCGTGTTGCGTCGGGTATTCGACTAGGGAAGCACGGCGAGACTACAACCGCCTCGGTTGAAACGGCGCGCTTTGCTGCTGTAAAACACCTCCATCAGGCTTTCGACGATTCATGCTCAGACTTCACTTAGCAGACTAAGGTCTACCAAAAATGCCTTCCGAGGACTGAGATAAACTAGGTGTCCATGAGAAGCGGAACACCAGACGTCTTTGAGGCATCTTCCAGCCATCCGACGGGAGGATTCCTAGATCGTTTGCTAAAGCTCAGCCTATTATATAGGGGGAGACGCGACCTGTGTGAGGATAGATAAAATGTAACATGCCAGGAGGCACGACTTTCGCTGAGCTGTGGTAACTTCCTGAGTAAAGAAGCAAAATTTTAACAATCCACGCTGTAGATTGCTTGGCGACAGTATAGGTGGCCGGATTAACGCCTTGAATCGGCTAATTCGCTGATAGTTTGTGAGGTGGAAGGCTCGTTTGGATGGAGCATCTTTGTTTCTCGGTAGTGCGGACGGGCCGATACGCCTGCCGTCAGCTGGGGTCGTGCATCGTCCGAAGTTCTGTATCAAAACTGTTCATTTTAGGTACAACCTGCAAAGGAAACTGCGACTCGATTACCAGAGCGGAATAGGGGTTCGCTCGCCGAGTTCGCATGCGACATCCTGTGTTTATCAAACTTGCTGTCTATGTAACGAGAGTTGTCGACGTAACGCA,915,50.6,Arabidopsis thaliana
SEQ_653429,TAGCGCAGTTCGACTGTACACAACCCGAACCATACAGCGACTGCCGCCGCCCGTTAAGCATCGTATCGCCATACATTTTGTAGGCCTAGCGCTCTGATCATCGGTGGAGCTTTTTCGCCAGCTTCAACCCGTTTGTCGTCAGACCAGGCAAGTAAAGTGCGCGACTGAGTCAATTACATCCGTGGGTGCCGCAAAATCTATTGCTAACTACTGAGGCCGATCATGGGACCGTCCTCGTGGCACGAACCATCGCTCTTACGTCGTAGAGATACGGGGGAAAATCGACCCTTCCGTCACTCTGACTCCCCATTTTGACGATTCCGCGCTCCGGGCTGAAGTGAATCAAAGTGTTATGATAACTATAAAGGTTCACCCGTTATGTATTTTCCAGTACAATGCCAGAACGCCCGCGAGGCTCGTGCACGGGAGAATGGGGAGCCTTTAGACAAAAATCCCTTTAGGTTATAAAATTGGCGAATCATGTTTGACTTGCCTACCAACCCCCTATCAAACTGGTATAACGGAACGCGACTTCGTCCCCGGCACCTCCGTCGCAGTGTTCTTAAGTTATATTTCTGACTGGCTAACAACCCTCCGGCGTCTAAGTGGCGATACATGTGTGCGCCCCCCCACTGTCGGGTTGATCCCACCCGAGGATGGGATTACCAATGTAGGGGCACCTTGCAAGGAGCATTTGCGCGTTCTCTTCGAAATGGCGTTGTTCAACTCTCTTAAGTCCTATGGATTCCGGCATGTCTTACATACACTGCTAGAATATTTTCAAACCGTGTTTTCTCACGCGGTACACCGGATTGCAGATCATCTATCCCCAGAATCTTCCCGCTCGCGCGCTCAATGTCCGAGAAAGCAGACCGCCTGCTATCGAGTTTATCCTGACGAGTGTCGCAATAGACAGACGGAGGCGCTGGAAAAGTATGCAAAGGTGGATAGATCCGCGGGAACCTAATAATCAGCCATCTATTCATACGGGCGTTCCCGTTCTGGTAGAGACGTAGAATTGCCACCAGGCAAAGTCCGACCTCGCGGCGTGTTATCTAAAGTGCTTTAGCGTCTCCTTGTCGCACCGCATTACGCGTATCGACGCTGCATAGGCTTGACCAAGTAGATATAGCTGAACGAGTGCAATCCTTTGCGAAAGGTCGTTTGCAGTCAGAGGTCCTGCACACTGCCTCAGGGTCAATTTAGACCTAGGGAACGTCCTGGCCCACAGTCGGTAAGACGCGATCATCCCAAATTACTATATTCGCGTCTC,1273,51.3,Escherichia coli
SEQ_217233,ATCTAATGAGGGCCAGAGGCATTACTCCGTCCGGGTTAGAATTTATATATACTCCGTCCCGAAATTGAATTGAGATCTTAGTTCGTAACAACCGCCGCAGCGACATACCAAAAGTGGCAATGGTGGGGTGGGGCAGACATTTTTAAATTCCGTAATAAGGCTATGGGGTGGGGTGACTAAGCCGATGATTGGCCATTAGGCCATATACCTGCACCTACGGATGTCATCGTCTTCAGAAATTTTCGCCACAGTAGTATTGGACGTGATTTACAAGGATGAGAGTCGATAAGGTACCCACTTAGAATTACGTCTCAAAACATTGTAGGGGTACGCTCTCCGTGTCTGGTGACGGGATTCAAACACTACTTTCTTGTCGTCAAGTAAATTAACTCTCAAGGCGAGTTCATATGCACGGGTCGCTTTAGCCGTGAAATGTTATTCCCTAGTCAGATCGCCGTGTGATGCGAGCCGCTAATAACCGACTCCCCAAGGAGATACCATGTAGCTTAGTCAAGTCTTACCCCGGAGAGAGTCAGAACTGCTCGGACTCGAGGAAGTTTGGCAGTAGAGTTTGAATGCCCGCACTCGAACCAACGATACGTGCGTTCTGCTACATAGAGTTAATACACGCTCTTAAATCGGGCCTAACCTTAGGGGCCTTGAAAGCGAGACAGGGGTTATAGGATGCGACCGAACGCGTCGTCCTGGTGGCCATTGCGATCTTTTGTGCACCCCTGCTGATCAGAATCCTGCGAACAAATAGATTCGAGTGAGAGCTATGAGGCAGAATACTCATCACACCACTCCCAAATCCCGACCGCGTGACAACAGGCGCGCATGTAAGTGTACCCGCCTGCAGATTGAACAGGAGT,872,48.85,Escherichia coli
SEQ_960201,GTGTAGAGGCGCAGCCGCTCGGATTCGAAGAGATTACTATCCTCAGGTCTATCTGCCTGTAGGTTTCCAACTATCTGAAACGTTATCCGGCTAGCGAAAACAGGGTCAAAGCGGCCCGGCGAAATCGTGATACTACTGTTATTTTTTCTCCATTATATTTAATAAGATCACGAATATAGCACATCCCTGAGGTAGAAGTCCCCTCACGTCTCACACGGATAGTTCTTCTGCCCCTTCTGCAGTAGTCAGTGAACTCCTCGAGTTACCACAGCATGCTTGTAACTACGCGAGGGTCGGGCTCTCCTAGCTGCCCTCTATGCCCGAGAACCAAGCCAAGGTCCTAAACCTCTTGATGCCATGCTGGCCTTAGAGAACCGCTTACGGCACACACGTCCACTACACGGCCCTAGTTCGAAAGTTCACTCGGGAGAGTTGTCCCCAGGTGTCCGACTCTATGCCACTCCATACTTGATCGTAAACCAGACTGCTTAAAGTCAATGTCTTAGTTCAGTAGTATGTTGTAAAGGCAAGACGGGGGCGGCAAGGCACATTTACCATACAATCTTGCCGGGGACCTTACTATGTGGAATCACCCGGTGCGCTTACATTCACGGTTAATCTCCTAGAAGTGCACACTTATCGACACATAAAGTACTTCCCGTCACAAAAGATAGAAGAGGGCTTCTGGATCCTCTGAGAAGAGCGACGTGTCGAAAACAACTAAGCAGTTTGCCACATGTCCGGCCGGTGGCCAAGGATCGGCTTGCTTACTCCCAGGGCGCCGCGGTACTCACACTCACGGTGCTCATCCTAGATCGCTCTGGCTGATCTGACGTTAACTACTACTGCTCAAACATGCGCGGATACTGACCTGGTACATGTGTCGGCAGTTGTGTCTTAATACGCTCCACCAAAGGATTAATAACAGGACTCGGTTCGAGTAGTGCTACCTTATAACCTAGTCTTGGTCCACATCACCACACCAACCCGGCAAAGGCTACGGCTCATGGCCTTGTACGTACCCCCTGCGTCGAGACAGTAAGGGCAAAGGATTTGATCCACACCCGGGGATTCGTCGGCACTTTATACTGATCCCAACTGCGCGTCAGCCACTCTTCGGTTCACGGGAGACCAAGGCTAGAGCCCAAACTACAATTTGGGCATTACCTGCCGGTCGCTCGATGCCGTCAGCAAAGAAATTACAACAAGCGACATACGTTATAGCTTTATGATGGATATCGTCGCATCAGACATCGTAAGCCATGCCGTAGCTCAGGGGCCGACACCCGAGTTGCTGCGGATTTGAATCTCTACGTTTAGCAGGGCCGTTCCCTAGTCCCTCTAGTACTGACACGACGCCCACTTAGGT,1369,51.13,Homo sapiens
SEQ_672805,CCATAACCGTCCAGCCTTTATGTCTTCCCTGTTTCAGTCGCTGCCATCTATAAGCATGTCACAGCGAAATTGCTGCATCTTCTGCTTCTCGAACATGACAGTTGAATGCGAAGCAGGGGACGAGCATCACTCTCTATGTCGGTTCTACTGCTTCTACTTTTACGGATCTAGCGGGGACGGTTCTTCTTGACCAGACGGTTAGCGCCTGCAATGAAGCCGAGCTCGATGTCTCACGCCACGAAATTGACCCTCACTACTCATGCCCTAGCATTACTAGTCTGGCGCTAACGGCTACACTCCATCTATCGTGGTAGCTTCTGGTTTTCATGGAGATGGGGAACACCGCCATATAGGACCTCAGCGACGTGTGGGACTTAACCTTCTGCCGCGGCCACATATGATCGCACGTCCGGGTATAAGTAATCTCTGACGGCCTGGACATTGCGAAGACTCACGGACCTACGGATAATCTTACCGCGCGGCCGGGAAACCCATAGTGTCACCTGCTAATGCCCGCACAAGAAACTCACTTTCGAAAGCTTACTCTCTCTGGGGTCTTTCGTTTGCCAAGGGCTGACGGCGTTATCTTCAGGACCCGAGGAGTGCCCGGAAGCAAACTGCAGTCACTAACGATATCGAACTAATGCGGCCGGAATTTACAATATTTGGGTAGTTTCACCTTAGGTCCGCCCACAGCGCATTTAGTTTTCGCAAGGAAAACGCACGACGCGGCCCTCCGACAATTCCGGGAAGTAGCCAGTCGTTTGCGGACGCAGGACCGGCAGATTGACGGCACCCGTTAGAGCCAGATATTTCGGAGTTCGGCCGGCATACGTCCACCCTAACACGCGAGATGTTGTTATCGCACCTTTCTGCGAACCGAGATTAAGTGTAAATAGACTTTCAGAGGCCCAACTGGTGGGTCTGACGACGCTGGCGGGGTTGTGATTGATCAATGCCGTGCCAAAGACCATGTACCTGACAGTGCCTGTCGGGTGGGCCGACGGAAGGACATGTCTTTGACAACCAGGCCAATTGCCTCTTATTTATGTGCGTAGCGGGCGCTAGCGTCTGGGGTTCTACGTCTACGTCTGCCTGGCCCCCTTCCTACCAAACTTCGATGTCGTCCCAGGGTTACGTCCAGATCCAGCCCAGTTTATACTTCATCCAACCCCATAAGGGCGTCACTCGGCTACACTTCAGAACCGCAGTGGCCCCGGCATAGAATAGACTAATGTTCGGTCTGATCCTGCCCTTATATTTGGTATGTGTTGATGGTCGAAGATCCGTAGGGTCAACCCAGCCATTGAGAGACTCAATCCGAGAGTCAATGAACACTAGTGTACGGGGCGATTAGGGTATCCGGCCCGTGTGCCAGTTACTGAAGTAAGCGGCCGCGCGAAAAGGTCTGGTGGACGCACCTAGAAGGAAGCTATATCTCATGATGCGCCACCATCTCTCACTTTGTTGAGTTCGTCACCGAGCGGAGCGGAACATACATATCGTATCGTTGTCACGCT,1520,52.96,Caenorhabditis elegans
SEQ_709032,GTAACTGCTGGGGTCACCGCATGGCTGCCTGAGCAATTACTGAGCGAAGGTTCCGCGTCCTTGACCTAGTAGTCACGCCTATGAGATGGTGCTTGCCTTGTGGAGTGCTCCACGCCGGTTTGAGATGCACCTACAGGGGATTTTCTGCGTCTAGGTGTCGGTCTAAATGTCTTTGATGAGACCCAGCGGCGCGGGGCGTAACCATGGAGGCGCTGCCGCCGTCTTACGCGATGACCCCTTCATCGGCCGGCAATATTCTGCCTAAGTCTAGCCGTCGGCCGTAGCCGGTACCCCCCTATTAGTGGCGAGGTTTGAGAGCTCTCGGGGTATTTCTCAGTATCGACCTCCCCGTAGAACACCCGGCTGGTATTCATTACGCCTTAATATTGCCTAACTCGTGCGGTCGCCGGTATAGCGCTTTCCTTATAGCATGTATTTCTAGCGTGGTCCAGTGCCACTGTATAGAGCTTACGGACTTCTCACCATTCTCCAAGGGCCAGGTACACAGGCACAGGAGCTACGCGTAGGGCTCATAATGTCGAGTCACACTTGAACGCCCAGGAAGCGAGGTGGTTACCTCTAACGCTGATACCCCTGTCGGGTATAAACATGGGTCTCGTTGAGATAACCTGCCACTCCATGGTGCTAGTTAGCTGAACTATGAATGACAT,671,54.4,Saccharomyces cerevisiae
SEQ_361396,GGCTTTTCCTGTTGAAAGGCGTGAAAGGGAGGAGCCAATTGCCATGACTTTTGAGTTCATCGACTACTACGGGAGTATGCACGGCCAAAAACAGCGGGGGCAGACGCTTCACGGTAAGCCCTCGGTGCTGCACCTATTAACAAGCGTGGTATAAGTTCGGCTAATGCCGTGGAAAGGACTGTTATTATCTAAAGTCGAGTTTCTTAGAGGCAAGCACGCAGGTATGATCGCGCCCCCCCTCTCGTTGCTCCCGTATTGCGAAGACGTCGCGTTAGCTAACCTCCTATGTGGCAAGCATACTGCGCGATATGGTCCAAGGATCGTGCTATACCGGCACTTAGCCAGCAAAAGGTAACTCTCGCGGAAGGCCTGATCACTGAAGGCGATGCTTTGGAGCGGAGTTAGATCTCCGTTTACCAGAACAATCTGATGCTCCAACAAACCACAAGATCTTTAACTAGCCGGGAACTACGACTGTTTAGTTCTCAGCCTATAAATCACATCGCGTGGAACCGGAAGCAGAAATGGAGTTTTACCCATGTAACGAAGGGGACATGGCTGTGGGGGACAGTGTTAGGCGACTCACAGAGGTGAGAGCAAGATACTCCCCGGGCAGCTGCTGCGTGGTCTGGCAGAGTGTTCATCTGACTTGGTCACAGGCGACCGTAAGTGCGACATAACTAGCAGACGTCCGTGCCTCTCTACCACTATTACTACTACTCTAGGTTGATACTCGCGTTTTTCCAGGACACTTGCCCTCGCCAGCAAGTGACTTGCCGTAATCTACCTGTTACAATGCGGTACCTTTCGAGGAAGCTTTCCTATCCGAAAAAATGACTTAGTCAAGGAGTGCGTAGACTTGAGTCACACTATTCAACTGGAGAAATTTTTTTCCACCAGCTCTTGGAAGGGTTGTTGGTACGTTGCTCCTCGGCTATCGGCAAACTTCAATGGGCCGCGACGCCCCTACCCATCTGCAGGATGGGGGCATTAGAGACTCACTTTTCGGGACAGACGTGACGGATTGGCGAGATGGCTTACGTATCATTAAGTCCTTCGCATAAATGCGCCAGGGCTACGGCTTAGTCGCGAACGCCTCACGCGTTGCTAAACGCAGCCTCAATAACCATGTAGCTAGAGGCAGCGAGCGTTATTAGTCTTATAATGCCAGTGGCGATGCTCCAAACGTCTAACTATCGCGCCGTTATTGAAAGTATATGAGATGCCCTCGCTCCGATTATCTATGCACTTAGGGATCGCATGAGATAAAGCTCCACTCCAGGCCCCGGTATCCTGCAACAAGAGACCCTGGCGGGGCGCTGTAGTACGTAGAAAGGAGGC,1341,51.3,Caenorhabditis elegans
SEQ_796503,GCCGCAGAATCCTTGGTAATAGAATGCGTTTCTCATACGCGAAACGGCGTTGTTTTAATATCGCTGCTCAGTCATCCTGAATTACAGCTGCAAGGCCTTGGCGGCACGCTGTTACTTAAAGGGGGGGCGACATAGCGTGATAGGACTTCGGGTTGTTCACAGGGAAAACTTCGCCAATTAGGTGTCAGCTAGGAGCCTAATGTGAGGGAAGCCTTATGCAGACGTCGTCTTCTCTGACCATTTTCACCAGCTCTTGATTTAAGGCCGCGCATCACTTTAGAACTGA,286,49.3,Drosophila melanogaster
SEQ_776975,TGCTTTCCTTAGCCGATAGAGACCGCATGGAGGAAATTGGCGAGATGGAACATGGAGCACAGGCCCAAACCCCCCTTGCGGTGATGAGCTCATCGCGTTTATTGGTCCCGATTTAACGTGGAATCACACATTCCAAGGTGGAAACGGTCCTTCATCGATGAGATTGATGCTCAGGCGGCATTGCCCTAGTTGTAGTTTCGAGGGCCAGATTTATTTCTCCGCCGTTACTACGCCCAAATTCAACCTACGTTCACGCGGTGCGTTATTCGGCATTAGATGGTTCGTGTCAGCGTGCGATTGCGACCCGACACCCAAGATTTCTCCCAGCAATGCTTTAGAACTACCTGGAATAGACTAGAAACTTTGCATATGGTTATGGGTCATCCCGTTTGAGACAGCTGAAGGCGCCCATGAAACATTGTGCCCGTGGGAAAGTCCGTTCAGCGAATATAGATTCTCGCCAGGTGGACGCTATGAGATAGGAGCAGGTGGCGGGCTTATCTTAACGAGGCCGTCGAGCAGACGACAGTAGCCACCGTACGCGGACTCTTTGAGTTGGCTGCGGGAATACGACGGCGCGCCCACTAACAAAACGCGAATGTGTTCTACAGATATGCTATAACGCTGAGAGGTAAGCTCGACAGGATCCGGGTGCTAGACCACACTACGGTTGCATGGTACGGTTTCGCATTCCTAGCACTAATCAGGACCAAACTCAGTTGGGACATCGCAGCGTTTCATTACGCAGAGCGAGATTTGAAAACAAATAATGCGCTCATATATACTGTTTCGACGCATATCTGGGTGCCGGACGGGATATGAATCAAACTGAGTTGTGCCACCAGGAGTCACCACTTGTGTTCCAAATGAAGCGCCTCTGCTGATGTTCTCGTCTGAAGTCAGTAACTGCTTTGCTATATCTATCGGCCTGAGTAGTCTCTCAGTACAGGTTCAGAATAATATAGTAACGCATGTGTCGACAAACGGATCTCCAAATGGGCCGTTCTAAGCTTCCTCGGTGTAAAAGCTCGCTTCCATACGGTATTTTGGCCGAGAAGCGCTCGGGTCAGGCCCGGAAGTCCGATTGCATTTTAAAGCCCGTAATGGTATATCGAGTGCTGGTGTGAGGTCATCTTACAGAACGACACAGCCAGGATCCCACATCAGGACATCGCGTCAAGCACTGTAGTTACCCGTAGAGATTGGAAACAAGAAAATTACGTGTGTTATATGTGGAGCTGCCTGTGCATCGGAGTGGAAGAGCTTCGGGTTTGTTAGTGTAGATCTGGTTTTGTCAGACTATTGCGACCAAAGCTGTTAGCATTCAGACAGTAGAACACTCCATGGGTGCACGTAACTTTATATGCTAGGTCTTGGTGGCCCGCGTTGG,1390,49.78,Caenorhabditis elegans
SEQ_657220,GCAACAGTTATGCTCTCGGGAAGGCTTCAATCGGAGCTGACGAGGCCTGCTTCTCGACTCAGTGGCGAAAGGTGCTCTGAGTCACTGGGTTACACACCGGGCTAGTACAAGATAATATAGCCGTTTGAGAGCACCTTAACACGATGATGGGACATGGGACTGATGAGGTATCTTATGGTGTCCGTGGCATCCATGTGTCGCAGACTGCTTTGGCCTACATGATTAGGACTCCACTTTGCAATAGAGTGCGCGTCTTCTTACCTGAGGTATGTTGAGAACGAAAATTTAGGAGTGGAAGCTACCATCGTCCGAGAAAGATGTCACCAGGCGTCTCCCGAAGATGGGGGGTCCTTTTGGTTTCAGAGCTTCGAAACATGTGTTATGTCAGTCTCGAACCCGGCGGTCAGACAGTTCTTCTTGATGAGCGGTCAATATGACAGGGGGCAATG,449,50.56,Caenorhabditis elegans
SEQ_790100,GCAATAGAGACGTTATACCGGATTTTTTCTGTGGGCATCAGTTGACAGATGCGCGATAACGCGGCAGGGCTATAATACAGGTTACTCCACGAGCGGGCTCTGTCCACCGTACTAGGCCCAGCATGTAACGTACTTGCATTTTTGTAAAAAAGCAAGTCATGTTCACTATGTTGCCTAACGGACCAAGTCCGCGTGGAATAATTATGTCTGTTTATGGTGTTACTATTTTCATGCGAGACGCATTACTATCACTGAAGACATTTCCCACCGTGGACTAGTCTCGACCGCGTCGGGGCGCACTGCCCGGGGGTGTTCGAGGGCTGAAACAAACTCTTCCACGTTAGTCACCTCTGTTCCGGTTTCCGCCTACCGCCTAAGCAGAACTCAAAGCAAACACAGCCTTCGAGAGGCAAATCAGCCTCGGGAAGCTAATGATATGCCTATATTTCAGAGATGCGTTCCTTTTCACAAACGTGATGAGGGCTATATTTGTCTCGGCCCGCGTTAGCTAGCCCTGCAACGGGGCGAACTCAAGCACACTGTATGCCATAAAATCTCTCTACGCGTTGACGTAGCCGCCTAATCTTTTCGTACAATCTGTTCCAGACTCAGCGACGACATGCGATGAACTGAGATCACGAAACAAATAGAAATGTGGACTGGCTACTCCCGCGGTACCAGGGTTGCTTGTGACTATGGGATTTCCTTCCGTGCTTACTACCCACCAATGGGCTATATGCAACACAGACGATAAAGCCTAGTCAATCAGTTATACACCGCTATCAATGCCGTTTCCAGTACTCGCAACGTATTTGAACACACATAGTGCCTGAATACTCTCTCATC,846,48.58,Drosophila melanogaster
SEQ_235669,ATTCTTTGCGTCCGCAAGAGGAGTTTTCGTTAATACCAATCATGGATCAAAACTTGCGCTGTCCAGTGGAGTCCCCAACGAATAGGTTATAGCATGGCTTATCGATACGTTAACAATCTCCTGATTTGAGATACTGTAGAGCAAATCGCACCGTCTCATTGTAGCATCGTATGGCGCATAAATGAACGATTCAGGTGCTACGTAGGTCAGGATTCATAATCTAATGTCGATCCTATCGCAAGATTGAGAAGGTCCCAATCGTTGATAAAGGACCAGGATTCCACACCGTACCACTAATTAGATGCGACCTGACAGGGTTTACGCACTTC,329,44.38,Mus musculus
SEQ_191305,TAACCTAATACACTAATGTCACTTAAGAATCCCGACAATTGAAGTGCCTCTTGTCAACCCGCTCTGCCAGACTCGCTTCTGACGATTATCTATGAACCTGGGCACACCCCTTTCTCTTGCAGTCTATGCCATACCAGGCAGCGACGAGATCGGACGCGCATCACGTGACATCCTGCCTACCCGATGCTGGGATCGGAGAATTGTACCCTTCAACGGAGATATTAGGAATGTTACTAAAGTCGACTCAGGAGTGTTCCGCTTGAGGGCTGTTCCCTCATCTTGTACTCTCAATACGGGTCGGGCCCACGATTCACGCTCGGCTTTTGGCCGAGTGATCTCGGACTGACCGCACAGGAATTTCCGGGCGCGAAATAGATGAGCTTTTAGCTAATTATTCTGTGCGAAGCCTGTCTACTAGCATGATGGTGCGAAATGTATGATAGTGCCGTCCCAGGTTTTCACTGCGCGTCCCGAACATGTACATCCCCCGGCGACTCCGGTTAATGATGATACAGATGTTCGTCCGTCTGACCTGGCAAACAACTGCGCTACCTCTCGGCGATACACCATGACACAATACCTCTTATTTATTCTTCTACTCATGTAGATAACGAACATATCATGGCCCGCATATGGGGTGGACATACGTCTGAGGCGCACGCGATCAGACGTTTAATTAGATAAGTTGAAACAGTCTTTGTAGCCTAGTTCTAATCCCGCGTCAAAGAGCTGTCCTTTACTCTCAGTGACTCGACTCGGGCGGAAGTCCAACCAGCTAACGGCTAGCAACTTAATTTTATCCGACCCTGCGCGCGAGACTGACTACAGTACGACCTACGCTAAGAACATAATCGCAGTGTTAAAGATGAGGGGGTAGAGTCAAGCGGCTCAGTCAACTATTTATCACGCAGGTGTTGGTCTCTTTCGCTTCAGCGGCTTGAAAGCTATTGAACGCAGAGCCTACTCGCCGCAGCGAACATAACGAAGAAGGGTCATATTAGAATGTCCCTGGTCAAAAAAGAGCACTTTTTCAAACCTCCGTCTGATCAAAAGGCCAGGGCGAGGGGGCTGGCTTGTTTACGTATAGGCTATTAGGCGCCTCGCAACGACGTACCATTTATCGTACTACTCCGCACGCGGATGCACAGGGTTCGAAACGCGAATGGGCGTGAAGTTTGGGGATTCCGAGAGGAAAAACAGTAGCCCCGTCGCGCCTCTAAACGGCGTCGGGGACGGGCCGACGCTTAAGACTGCTATACCGTGGGCGTAGAGCCTGTTAAACACCCGATCATTAGTGCAAGCGCGTCCTAGGCAGAGCACCCATAGTGTCACATGTGCGTTTTCGCTACTTTCCTCGCAGGCACACCCACTAGTTTAAGCGGCCCGGTTTTCCGTCGTAAGGTTCTATGGAA,1412,50.99,Caenorhabditis elegans
SEQ_585942,ACAGTAAATCGCTGTTCGCAGTATGTTCGTAGGCAATAATCTGCGTTTACTAAGTAGCACTCGACGCGCCCTTCGTAACTTCATGAGAATGCGGCCGTATATTCTGCAAGGCGGACCTGATTATGCAGCTAGATTCGAAAAAAAGGCATACGAGCTGAGATGTTAATTTAACTCCTATTAGCCTTAAGCCTTTGAGTGTTCAGCTCACATCT,212,43.87,Homo sapiens
SEQ_969949,CATAACCAACCACCACGAGCAAAGAGCAGTTATCGGGTGAGGTGCTCGGACGGCGGAAACGTAGAAGCCACTTGAGGTTTCCGATCCATACATAGCTACTTTTGTCTCTAAATGAGAGTCACGTTATTAATCTCTCGGCGCTTACCTTTTGTGACTATCTGAGCATCACTCCGACACATCTGACACGGCACGTTTGATAAACCCTATTATGCAACCGTGCGCTATTGGGACGATCCTAGACTGTTGTCGCCGGGGATGGCCACGTCAGCGGTGTCGCTAATTGATCCCAAAGGAACTTGATCTGTAGCCCATCTCTGCAAGGAATTACCGGCTCCATATCCCGGAGAACATCCACTAACCTTACCGTCGGTTGAGCTATCGTCACATTCATTCCAGCAGAACGTCCTCACGGGACAGATCCGTCAAACGACGCAACAAGCGAATGCATACTAACAACTCTAGCAACCCACGAAAGGGGCTTAAGCAGTGATAACTCTAGTGTTAGACCACCAGTCCAACGATTTATCGAGCGGCGCTCATTCAGCGCCGACCGGGCGCTACGTCAAGCACGCCAATGAACCATTAGCCAACTGGTCTCATCCCTACATAAACGCTTCGTATGGTTGAACCTTCCTTTACTGATCGACTCATTAATCAGCCAAAGTAGATTTATCTCGTCCCATCATTAGAGCGACCGCGACGCCCCATTTATAAATGGGTTGTTGAGTAGATCCATTCTCACAGCAGGGTTCGAGTCGTGGCGTGTATGCTAGCCTCTCCTGAGAGCACCACGCACAGGCCACGATATGGACGCGGCAAGCGACAGGAAACCGTCCGGAAAGTAAGTTTGATGGAGTTCATCAGAGTTCTTAAGGGGCTTGTAACGCCCTGGCCATACTCCGAACGTAAGTTGTCTCTTATAGAGCACAAGCTCTTCCTTGGGCCCCGGATCAAAGTCCATTTAGGTGCGCTCCGCGGCTGGCGTTTGAGTGAGGCGGCCTAGAGTGATATGATGTAGGTGGAAACTGCTTGGCACCTCGGTCGGCCATATGCAGTTCTAGTCGGACGGCGGACTCAGTGAGCTCGCGCTTCACCCACGCTATCTTTACAACCCACCAGAAACGCATTATTGAAGCCCTCCTTTACTATACATACAGTACCGCCAGTAGCTATTAGTGAGCCGCAGTCGACCAGTGCGGTCCCCGGCCTACGGAGATTCGTCTGCATTGGCGCAGCGAGTGGCTATGGATTGAGATTGGACGCAGAGGACGCGAGTAATTGGTGTGTTGAGCTACTGAATCCCCAAATTGTCTTAATACCTCACTCCAGGAGCATTAGATCCGCAGGTTTAATTACCCTTTTCCCCGTTATGTTTTGCGCTATAGTATCTCGTGCTAAAGACCCCTATTACCGGCTCGATATAGAACGTACTAAATAAACCGGAACATTTTCGAGACACAAAATAGACGGTTGAGTAAGTCACGGCCGTGGTTGGACATTGATAGCGTACACACAGGAGATGTGTTCCCCCCTGTTGGAGTCTGAGCCCGGAGTGAGTGTGAATAATGCACAGAATTGAGAGACTAAGTCTACCGGCTCTTGGGTATCTCTCCGCAATATAAATGTTATCATAAGATTCCAGACCTCATACTCGTACCACCATCATACGGTTTCCATCTTAGTGTGAAAGGAGGGCTCTATGCTAGACGCTAATCCGTCAGGGACGTGGAGCGTTCGAGGGAGTGGCTTTAACAGCGGGACAATTCCCCTTGCTCTTAGGTGCGATAACAACCGGAATGACTGTGTTAGTAATGGATAAGATCTA,1825,49.97,Mus musculus
SEQ_586630,GCGACATAGCCGAGTTGTTCAGTTACCAAATTTAATGTCAGCTGCTTCTCGCGACTCTACGCGTAGTAAGTAAATCTCCACGAAGTCGCGGAAGTAGATCGGATCAAACCAGGTTTTAGGATCATGGTGGAACCTGGGAGCAGGTACGGTCCGCGTAGCAGGCAAATGGAACGGGTTGCGATTGGGCAGACCCAGCGCGCAGGCCGCCTGAAAACAGCTCTGTTAGGTGGGGTTTTTATCGAACATTAACCTCCGCGGCGTGTTGGAGGTTCCGATTTAAGGTGCTCGTTTACGCAGTCTGCTATACCGTATACGCCTTCTTGCCGTATACGGATAGGAAAACGAAGGGATCTAGTTAGGGTACTCGAATCATAATTGTGTCCCCTCGCGAGGGGAACCGTATTCCTTGTCGTCGAGCACTCCTATAGTTAGTTACGGCGCTAAGGCCACTCAAGACTCGATGTCGTGGCAATGGCATCTTATAGGGCGGGAAGCAGACGCAATAGTGTAGCGTTTTGTGGAGATACAATCGCCTCAAGTTTGGTCTAGCTCCGAAAACGTAATCTTTCCCGCCATGGTTCATGTCGGCCACTTTAAGGGACCCCACTATCGCAACATTCTTAATCTAAAGCAGACCTTAATAAATGCGATCCATTTTGCGCCTATCTGGTGTAAATCTTCCAAGCCAAAAGCAGCGCTAGCTGTTCACTCCATTGCATATTCAGCGTCCACACGTACATACGTATGATCAGCTAGATCGATAGCTTCACAGTTTACGTCTCAATAGGAGGACGGATGTTGAGGATCCCTTACGTGTGATCATCATCGGTACCGGAGATGAGCTAAGACTCTGCTTGGCGTAGATTTGGGTATGGAGGGACCTGTTATAATGCGCCAGAAGATAGCTACTGCTGCGTGGCATGTGAGCGATGTGCGAACCGTTTTCACGTGGGGATGACCTCAGGATG,968,49.69,Drosophila melanogaster
SEQ_798197,ACCCTAGCGCCGCCGGCGTCGAATGTTTTGCGAACCTTTTGCCTCAGGTTTCCTGCTCATTTAATGCCATACCGTATTCAATGGGCAAAGGTCGTCGAAGTAATCCCTCAAGATCCCATTTTAGACCAGATTATTTTTCCTCGAGGTGTCATTTAGGCGTGAACAGTGGGCTACCGGCGCACTCGAGGGGACGCAAAAACGTATTTTTGGGGCATTGACTGTGCTCCAGCACAAATTGTAGTCGTTGAACCGCTACCCTTAAAAGATGACAGTGGGAGAACCGTACTTGACATTACCAGCAAGTGGGCGTAGCATTAACAACAGAGTACAGGTGGGTACCGTGCTACGACCTTTACTGTCCGAGACTGAGACGTTGTATATTGCGTTGCGCAAACGGTGGTCGTCCGATCCTAACCTCGTCTTGTGGGCATTACCGTAATGGCCTATATAAGGGTCGATCGCACTCAATTAACTGATATTCTCTCTATCGGGTGATGACATGAACAGCTATCGCCCGGAGGTCTTCCATCTATTGCCATTTCTAGAGCTGGGGGGATAGAGTAAGGCACTCGATAGATCTCAAATGCTGTGGGGTTACCATTTTTGACCCTTGGCCCCATTCTAGGATCTATAATACGAACTAGTCAGCTTGAGTACTCGCCAAGCCCCAATTGGCCGGGTGAATCGAGTCGCGGTCTACTGCTCTCGGCAGCCGCGGGCTAAAGGCTTAGCCGGCTTCAACGGAGCTTCGTGGTCAAACTTCATCGATGCTGCCCACGATAAACCTCAGTAAAGCCCGATAAGCCAATTTTTACCAATATGTTGCCCTGTTAATGCCAGAACACCGCGATAGCCAATGTTAGAAGACTGTTTTCCGTCTCCTCCCGCGCAGTTGGCCCCTTGTGGGCTCTATAGATAATGCTTCTCTAACATGCCGGATGGGCTTGGCGCTAAGGAAATGGATGTCATGGAGTTTCCCAGGTACTTACGCCATCCACAGGATAAAGGTGGTCCCTGGCGAGACCCTACGTGTGAAGCTTTGGTTGCAAGTGTAATTGGATTTCTCGGGTTGGATGAAGTCACTGAGAACCGTCGAGCACGAATTCGGGACACGTGTAAGTCCCTGTGGAATTGATTACCAGCCGAGACTTTACCGCTAAGGTGGGTTTTACGTGGCCGTTACTCGTAAATATGTGGTATTGGCTTAAGAGTACGCACGCGATCCCACAAATGATCTGATCGGCACCCTCCACGTCAGGTTAATAATCAGCGCATGCCACCACACCCAGTAGTAAGGTCCCCGCTATGTGA,1311,50.11,Saccharomyces cerevisiae
SEQ_537296,CCCATAGGGCAATACACGGGAGGGTCTCGGTTCTGTAAGCGTATAAGTCCGGTCCTTCGTGCCCCCGAGACTTCCCGAATCTCGAGCGCTTTCAAGTTATGGGGTGTCTCCTGTCGATCCTATGAACCCCGAGAGACGTAACCAGACGATACGAGACCGTATTATAGTTAGCACGCGTAGCACGGACGGACCGCGTGAGAAGGCAACCTATGTAACCAACGAAGGCAAGTGTCTTCAGTAATTCTTGACCACGTTTGCCTGTAGCCCTGTAAAGATCCTAGCAACGTCTTAACCATAACATCGCTCAATAGCTGTAACGTTCATTTGTCCAATTGTCGCCCTAGTGCAGCCCCCGTAGCCTACGAACGACGACTTATGTTTCGATGCGATGCCGCCCGTGTTGCTGTGTGGAATTGCTATGCCGCTGACTCGGGGTGACTAAGTGCTTAGGGATGAACATCAGGGAAGCGCGTTCGCCAGTTGTGGAACCAAGTCAATGTTCGAGCGGCGACGGAGGGGATAATTCCGATGCATTGACCCTCTGTACAATCCGAAGAACACCTGTTAAGCGGAGTGGATCCATCGACAGCTAGGACGGAACCGCGATTAACGTGGGAGTTCGCGTCGATCGGGGGTCAATCCACAGGGGGATGCAAACCAAAGATTGACACGCTCAGGCCCTGGCTTTCCATCGTTGGAGCCAGCTATTTGAGCCCAGAGGACTTTGTCAAT,732,53.01,Escherichia coli
SEQ_767043,GTAGATGTCTTTTTCGAGGCTGTGACGAGGTGCGTAAAGGCAGTAATGAGTTTCCATCGCGGACGCGAGGAATGGGTGCGATCCGCATGACCGAGATGTGCCGCTATCGGAGACAAGCGGGAAGTGTCCCCCTAAGTGGTCTAGCACCTGTCGGCCCCCGCACCGTCACCCACGAACGGGGTCGGGGGGTACAGGGCGCGTTCAACTCCTCGGTGTGTCCTCGCAGTACGAGACGCAGCCTACGATACGTCTCGTTTACTGCGACCCACTTTTGTGCCATTTCGATGTACAACTCGGGTCGTGGACACCGACTAAGTATAGTCAAGATTTCGAAGAAGACAACCTGATGGGGTCCTTCTTATATGCCTGGGTTCTGGTTGCCGTCAGACGGCTTCACTTTAAAATACCGTGCTCGTATCCTGAAGGAATTGGGAGCACCCCACGAAAACGCTATCAGGTCGTGCGGCCAGCACATAATTGCTTTTAACCAACGGAGTACCAGATCGGAAGGCTATTCATGTATCTCGAATGGTATGTCAAGCCCGTATACGCGGCCCCTATTGATCATCGGGCCACTGCATTGGGTGCGCTTGGTTATGGACTATGTCTTTCTCTGGTAGTAGATTTCCAAACGTTTAAGACACACATAAGTGGTACAACACATCGTAACACAGTCGACAAGACCTTTCGAATTCAGAAGCGTTAGATTAAGAATGTGACCAGGCAGGGTACACCAGTAGAGATGTTTGCAGATTATTACTCGCCACATTTTCGAGACTACCAAGGTTATTTCCCTGGCGTTTAACCCCGTGGGATGTGTCTAAGATTTTGTACTCCCGTAAAAGAGTGCCGTTGCCCTACCGTTATAACGGCCTGAGTCGGGATGAGCTACCCGCGAAATGCCCCACATTCAACAGGTCAATCTAGGTTCTTCCTCAGGAGCCGACCGTGGGCAGATACCTGCTTTACGCCTATGTGTACTTCGGGCGCTTGGACGAGTTGGCTGATGTGACGGTCTACTCACCCAACGCCTGGTACGAGGGGAGGTAGATTCATAGCGTAGAGCCATGCAAGTCTTTAAATCTCTCACAAGTACCTAGGGCCTGCTTCCCATACGCGCGAACGGCGCGGGCCGTCCCAATGTCGTGTTCGGCTTCGTTGCCATACTAGGACGAAATAGGTTCGCTATTATAGTCTTCGGTAGGACCTTCGTGGGATACAGAATGACCCACAGCACTGAGGGTGAATAATGATGCACGCGTGTAATATAAGATTTAGGCTGTAGTTTCTCAGCGATGGTTAAGTAACAGGCCATTAAGCGAAGCGGCTAGGATCCGGGATTTCGTTAGCACATTCCCGGTAGGCGATCCCGGCCACGTACTAACAGTTAATGACTGCCGCCGACGATACCGTGCATGCGTAGCCACGGGAGGCTCGATTGACTCGAGTTAGTAGAGTTACAATACACCTATCGGCTGATTTGGACATCACCATTCTCTGGGCGGAGCATGTCGGTTCTCCTGTGACATTTGAAACGATGAGTATTGGACACAAATGACACTGAGTTCCAGGATCAAGATCACGACTGCTCCACTTACCCTTAAAATCATAAACTCCCCTAGCTGGCCGCTGAAAAGCATGCCATGTCATCATATAGATTACCTTCTCGGTCAAAGGAGTTTATCTAGATCTTGCGAAAATCCTCAAGAACTCATACTAACTTGAAATATGCGGGT,1736,50.46,Drosophila melanogaster
SEQ_545641,TAAAGCCCGCTCCCTGGAAACACTCTGACTAGGTATGTGCAACGGACACTGAGGATTACCTGGCCCCTCATCGTGTAGTACCCCTGGCTTCGTTGTCGCTACCCACTGGACCGCCTGTGACGTCCCTATCGTTCTTCGTGTCTCGCCTGGACGCTGAGCGTGGGATCGGTGTAAGGTCTAGGCGGTGAATTAGCAGTCCCAGCTCCGCGGTAAGCACCAGGTCGGCCTTCTACTCCCGCTACCCATACTTAGTCCTGTGTGTGCGCGTTGTCGGCACTTGGTAATGTAGGTCCTAGGCCTTTCTCCTCGAGTTTGGGCAGTTTCTCGATTAATGGGGGTAACAACAATCCGCTCCTCAATGGTGACCCGAGAAAGAATAATATAAGGTAAACTGCATCATGATAGTCGCCGTTGTTCAGTAAAGACTAATGATAGTGTTTGGAGTAGTACTCAGTCCCGGAGCGCACCGCCTCGAACAGATGCTTCTGACCGATGGTGGCCAGCTTCAAAGTAGCTTACTAGGTGTCGTTCGGCTGGGGCATTTTCCGCTTAGGTTTCCCCCTCACAGTAAATCAATCGCGTCATTGATGGGGTGTATTTGCGCAATACCCTTACCGTAAACCCCATGCGCCGACTCTTACTGCTGGGATGATATGAGTAAGGTCACCAGTTCCTGCTAAGCCATATAGTGGTGCAAAAAAAACTCTTTTACGAAGCGAGATTACTGGGCACAATGTGGCTTGTCGTAATGGCTAAACAAATACGCAGATGGGTGATAATGGTCCTAGCGACCTGGAACATGGGTGCGGTGATGCACCACTGTTCTTCACAGTATGATTGAGCAGGGGCGAGCGGCTAAAAGGTTGCGTGTGATTGCACAATGACTGATGTACAGGGACTCACTGACCCCATATTCAGGGTCATAACGTTCAGCTGTTATACTGTTTGCTAGCCAGTTTCACAATCAGGGTCAACTCTTCTTCTTAGTACGTGGGGAATATGCCTGTTGATTAACGCCACCTTATTCGGACGGGTGAGTTATTCCGCTGATTAGGTACTCTGTATGTTTAACAAGGACATAGGGTATGCACCACTCCGTGAGCCGATATTCTCGTGTACTGATCCAGATTCGGGTAAAAACACAACTCCCCTTTTATAGCAGCTCCCATTCGTAACACGCGTCCGATGACGGTAACTCGTGAGACTGGTAGACGTGCTCGGCTGGAGAGGGAAGTAGTATAGGCGGTCGGGGGGGGGACGACGAGACAATAGGAAATCCCATGACATTTCTGGGAAGCCGACGATAGGTGGTTTACATTATGAATTGCGCGAGATAGCATGGGAGTTGGTGTATAATTCTGATAAAGAGCTGCCAGGTTACTCTGACGAGTTTTTGGTGTTCCTAGGCGGCACACCTCACGTCACCTGTCGCCGGTTGAGGGACGATGACATACGTCTGTTGCTATAGATCAGTAGCGGCCTTTCACTCATTAAAAGCTCAGGCACGCCCCCTAACTAGGTCCCAGCGTAGTTCGGGGTCGGTGTCCATGGTAATGTCACTCCCACAACTGGGGCTTCACACGCTACACTGAAACGTCGGAGTTCCCGTCCACGGACCAAGCGTACGGCACCGAGGCCAGCGCGTCTGTTTTACTTCTGCGACGTGATTCGACGATGACTGTTTAGTCCTGGGGTGTAACTAGTCTCCCCCCACAGGTTGCGCAAAGAGTGATCTTTGTCGTGTATGTCCCACAGGTACATCGATTCGTGTTCAGCTGCACCATACATCCAGTACCCGCGGGGTAGAAATTTATTCGACGCGCGTGTCCACAAGTTA,1837,51.17,Escherichia coli
SEQ_330510,ACGAATATTTGAAATAATGATATTTACCTGGACGATTGCGGTAGCGTAATGGGGGGGGGTGTTCCCT,67,44.78,Saccharomyces cerevisiae
SEQ_212142,GCAGTTTAAGTAGGACCGAAAACCGACAGTCACGATGATCCTACGTAATCACGGTCTCATGCCATTCGTCCCCCCCAGATATTTGATGCGAGGAGCCCCCGATGACGACTCGATGCATGGAAGCAATTTGAAATTATGGTAGAGGATTGGCCAAGGCCAGTCTTGAGTTTGGTTAAAAACTCTAGCGTTTGGGCACGTGCGAACGAGTAGCTGTGGTCCTGAAGCCACATAGAAACCACCCAGTTCAGGGGCGCAGACGTCCTCGAGCTGAACACAAAGGCGTAGGTGATCTACGACGGCATACCGCACAAGGTGCAAGTACACGCGAGAATATAAGAGAAACCTTGCTCTGCTCAATGACGTGCGCATCCGGTGGACGGCGAAGTGTGAAGCTTAAGGTCGTCCGAACGAGTTTCGGGCAGCATTTATACGTTTGCTACTGTAACTCGTACTTTGGGCCTGAAAGGAGTCCGGATATCACTTAATCGTTGATCTCCAGCTCTTTGCACCTTATGCGGACATGTGGTACGTATGTATAATGTCTCCACAGAGTCGTCGACAAGGGTCTCTCTCACCTCTGTTCGTGGATACGGGGCCTTTGCCAGGAGTCATACCGCCTAATGATGCAGATGTCAGAACATGCCCTCTACTGAGATGAGTGACTCTGGTTATCGTCAGTGGTATAAGACTCCAAAGACGAGCTTGCTGCGGACTTATATTCTTTCCTTTTATGACTTCAGCCAATAAGACCGATAGAGGTCAACTCACTTTCCCGCTAATTTTTTCGGGGGCATGCTTCACCGCGTCAGATACTCTATATATACAATTTGAGTGCGACGAAGGTGTCATCCCGCTCTCCCATTTCATGAGTGAGTGAAGATACCTAGCTGCTCAAGACGATGAATTTACACGCCTTAGGTGATGCCGAAGAGGTCGATCAAGTCAACTGAAATTATACTCCGGCGACTAGGAGACGTTCCCCGATCGCAGAGCTCGAGTTCTGGCGGAACTCTTGTAAAATACCGAGGGCTACGCTGAATATGGACCATCTCTAACTGATCGATACGGGCTCATCAGGGAAAGAGATGGGTTCATAGATTGGTGATAAGCACCACCATATGCGTTAGGTGCCGCTCGGAGACTTCTCCATTGAGCCCTACCCACTGCCGATAAGTCTGGTTGTGCATCGGTGTCTAAAGATATCCGGGATTCCTTTGTTATCCACGCC,1228,49.51,Caenorhabditis elegans
SEQ_323505,GGTGGTGGTAGCTGCGCAGACCGAGAGTTCCTGCAACAGCTGAGCACGGAATATGGGCCTAACCTCCGGGATATGGACAGGGCCTAGCACAGTTTCTTCCTCGCACGGGAAGCGTGCGGTTTATATGCGCTCAATCAGGGAGATCTGCAGTGGGCATACTACTCTTGCTGCGTGTCACCGACGCTCATATGCGGTACAGCCCCACGCGGCACCGGACGCTAATTAGATGGCTATGTGTCAGTTCCGATGAATAGCGGCGTTAAGAAAGGCTGAATTCAAGGGCTGGACCCGGAGGAAGCTCGCTGACTGGATTTGTTCGGGCCCCTAAGCGGTAGAGAACACTATACGTTTCGAGCCACTTCTGATGCTAACCAACGAGGACTTAATATCCAACTGCTTCTGCCGTGGAGGGAGCACCCTGAAGAACTTGCGACAGAAAAGGATATGTAATCTCCACTACGTGACACACTGAGAAGCCGGCCAATGATCAC,491,53.97,Homo sapiens
SEQ_578109,CTCTGCTGTTGCTAGACGCCATTGTTACAACGACGGAAATTCCGAAGCTCTGGGCTTCGCGTTCGCTTTTACCACCAGGGCAATTTCGATATCTAACGGAAGTACAGATTCCCCTTCAAGCAGGGCCGGTGTTGGGCGTCAGTGTGTCATTCTTAAAGATCCCACGGCCGATGCCAGCTATAACCTTGTCATACGATAAACCTGGATAGACGCGGGGGCGCGTTGGGAAAGCGCTTAGAGGGACCGAGGACTGCGAAGACAGAATCTAATGGAATTCGTTTATTTGGGATCAACCAATACACTGCAGGCGACACAGTGAGAGTATTGCGAATATAACATAGTGCAATTCTCGTTTTCCTCGTTCGAATCCGGGTCTTCTCAATTAGAGCGAAGTAAATAGTTTAGCGTTGGGGCAGCTGGGTTCTGGGGCATGGAAGTAATCAGTGTAGCTGTGTTGGTCTCCTTCGGATCACCTATTAAATACCCACTCCGTCTAGGTGCTGTGGGCTAATTTGCGTGAACTTCTTACAGCTTCCGTCAGAAGCAGTCTCATCACCCAGGGGATCGGCAAGAATAAATGAATAAGTCTCCGGCTGTCGCTCCTTGATATAACGAAGTGGCAGAACGTGTCAGGTAACTCATTACTCTGATCTGTGTATGAACGATAAGTCGGGTTATCGGCTGCTTGTAAGCTATAAATCTGGTTAAGAACTAAATGACCGTAGGCCTACGCTGCGCTGATATGTTGATATATATTGATGAGTATCGATGAGCCAACTTCGATGGGAGGATCCTATGTAATCAATAAAAGTCACACACGTTGTTCAGGAAATACGACGTAAAGAATCCCCATCGGAAGCTCAAACTGGCGCCAACCTTGTATTTTGGGTTGAGTGCAACCGTCTGGCCCTTTCTAAGGCGCTTAAGCCCTGCAACACACAGTGAGCCCGAACCAGACCGATGTGTGGTCTACACATTGATTAAACCAGAAGCTCCGACGACCGTTTCAATGCATTCGAGCGCTCGTCTCTTGGCAAGGAAACCACTCCACGGTTCTACGATTCACTAATTGACACAAATATGTAGCGCAGAATTCAATGCGACGGGGCCGTCATGGCTGCGGAGATGGATGTCACCACCGACGCGATGAACTGTGCCGGAGCATTCGAGAGGTCCCTTTCGCTAACCGGTTCCAGAGTCCGCTGTGATTTCCTCCACTGTTATACTGTTATTTAGTTAAAGAACCGAATAATATCCGCATAGCATGTACCTCGGGGGAACCCGAACACACTTGCGGAATCCACATTTGGATATGAGTCGACGGCTGGACGAAATCGGCGAACCAGGTAAGCTGCTCGCCCTAGTTAGGATATCCACGGACGACGAGTTGCGATTGGGGCGTGTTCAGCACGTCACAGCCGGGTTATCCTTTAAGTTTGAGCGGTAACCTAGTTCCTGCTAGAGCTCTGCTTCCCAATAAACGGACATCTATCGGGGAAAAGTTAACCACGCTATAAAGTTGATAGCTGGTAAACCCGTGATTTCAGTATACGGTACATTCCGGCCTCTCGGGGTTATGACTCCACATTCTTGCTGGAATCAGGTGCGCCACATGCGGCAAAAGGTCTGTCCTGTAAGGACGATACGCTGGGTTTTCTTGCAAAAGGGACGGGCTTCCGTATCGGGCGGTGGTACCATGCTTTCCGAGCAACTGGTTTCTTCGCAAAATAAAGTAAA,1737,48.93,Arabidopsis thaliana
SEQ_992454,AAAGATTTTCGGTTTTGCACCTGATTTCAAGCGGGGTCCTGTCGTTGGCCCTAGTTCATCGGCAACGTAGGTGTTCTCTTACCGACCTCTAGTTCGGCACCCTGAGTACAGGACTGTTACTCATACGATTCGGGTTACTTATTATTGATTATTCAAAGTCTTGGTCCTAGTCGCGCTGCGACCAAAGTTATGTTAATTGCACAGTCATAGGACTCCGCGAAGTCGCCTGTAATCTATCTACCTTGAGGTTGTACCAAACCTCGTAAACCGTTAAACAAAATTAGTAGCCCTGGCTTCTAGTCCGAATCTGCCAGCTGGATGCTAAGGTGCGAGCTATACTCGGTCACAGCTATGGAATCTTCAATACGCCTTGCCACTGGCTTACGTCTGATATTACGGCCAGTGTAGATGCGCCTACGTAACGTTTCATTATAATACTCTCACCCCTAGTGTTACAGCCAGCCAAGCTTTGGCCCATTTCGTCCGCGGCCTATACTCCTGGCGCTTCAGATCCTGGAGATCGTCACGTAATACTACCGTCGAGACGTCGGACGTCCAACTTGGCAAGCGGCAGTTGATAAGGACCTAGTAACAATCCGTATGCATCGTATAGCCCGTCGGCAAAGTGTACCCTAGAGAGCGGAGTACTTGAACTCATAGGCGGAGGTGGTATTCAGAACTCGTCCGACTCCCAGACCTCGGTACCTCATTATTAATTCCTTATATCTACTCTCGTCCGGCGGCTAACAACAAAATATACGTGACGCGAATTTCCCACTGGTTATATCATCATGTCCAACAATCATGGATATTCATCCCCGTTGAAACGATGCTTAAGTGGTTGTCAAAAGCGCAATACTCGCCGCCCCGAAGAACTGTCAACACCCGGCGGTGAAGCGCTATTCCTGTGGATCAGGCCCCGTACCCATACGCTGTATTCTGATTGGAGGGTTTACCATTGAGACCGCTTTTTTCAGTAACCTGAAGCCCGGCATTTTACCCACTATTAGGCGCATAGCCCGATATGTTCCCTCTCCGGGAATTAAACCTTGGGTTCTGCTATCGACACGTCATAAAGTAAGTCATGATTTGAACCTTTTCGAGGTCGTTAATCCTCCTGCTGACCCCTGTATGCTACGACGTGAAATGATCTTGTTGGCCGAAAGCTTGACAGAAGGAAGAAATCTCGTTTGAGGGCACCTTTATGTCAGGTCATCTAGTCACTCTAAGGTGCCATGTTATGGAACCACGTTGGCCGGGCGGAGGATCCTCTTGGAGTCTAATGGGGGCTGTACCGCAGACAAACGTACAATGAGTGTCGTAACTTGCGCCCAACTTTATTTGAATGGGCATCTTTCAGAAAGCGAGGTACCCTTACAACTGTTGAATTCGCAGTTAGCTGTCGGTTTCGGACCCCACAGTTGTTTAGCTAGCGACATCACGCTGATGGGAACACAAAGAATAGAGGAACCGCGCGACGGAGAGTGGTAAAGAAGCCCGCGGTGGCACGTCAAAGGTAATCTGCTGTCATCCGGTTACCTCAAAAGCATAAGAGTTCAATCGACAGGGAATGGGACGCGTCCCGTGGATTGGGCTCGGAGCAGCCGGCGGCTTCATGTACTGGATAGCCAGGGTTTCGAGAAACCTTCACACGCGGCTGACCCCTGCCCGGAAGGGGAGGCTTGAGTACACACGTGACTAAAAGTGACGTAATGCGTATTACATTATAGTACGAAACGCTCAGGATCGCGCTGATGCATTTTGCACAGCTCGGTCGAGAATGTGGCTACTGAGCTACGATGCCGTTGCTATCTCAGAACTGACTTCCGTTATCCTCACTGCTCAGCCAACCGG,1854,49.68,Caenorhabditis elegans
SEQ_959290,CCATTCAGAGTATCCAGCGTACACCGCGGAGAAACTAAAATTCGTCGGTAGCTACGTTGCTGAGCCCACAATTCGATGAGCGGGTAGAAGCCGTAGTCCAAAGTACCCGCCGAACGTCCCCTGGTTATGCTTGAGTCCCCCATGCCCGATTAGGATGGACAATATAGGAACGCCGCGCATGTATAAATATCGATAAGTATAGCGCCACCAGGGCTACGGTAAACGAGAATGCGTGCTAAAACTAGGATATACGTCAGCCCCTTGGAGTATGTGCAGTGTTTTCCCCGTATTCTAGGAATACAACCCGATTTCTCCAGCAAGTTCGATGCCCAGAGCTCGAAGGGTATGACTGACCATGAGGCGGCGCAAATGGCAATGCGCACGTCCCGTATGCGGGTGCGCCACAGCAAGATAGCCTTCCAATATTGCCAACTTCCGAACTAGGATCGCCCAGCATTCTACAAGGAACTCGTTGGTTTAGCAAGACGAGTTATGGATAATGACTTGAAATGGGGGATTAGGTTTCCCAGTCATACCTACATATCTACAATTCGATTATATCACATAAGAACTAGTACCATCCAATCCGGGAGGGCTAGAACATATTGCATGGTCCGCCCGGCCCTCACGTATACGGGTCCACAAACAAACGGTGGACGCTCGCGCTAGCAAGTATTTCTCGAGCGCCGTTCCTCCAGTTAACTTTTACTTTCCCTTACTGCCCAGTTCAAAATTTCCTATAGAAGATTTTTAGGGCAATATACTTAATAGGCCGGGTAAGGTTCGGACAGCCACAGTCACTGCTCTGCACTACATTTGGGATTCGCGTCGCGTCAGCGGAAACCTTCCAGAGGACCGCGCGGTTCGTTGCCTAGGAGTACAAACCAGTTGAGCCTGAAAATTGGATTCCATTTTACTGGAAGACGCTATGCACGCCAGCTCGGCCCTTTAAACCATACGGCTCCATTCCAGTATAGCATTCTTAAAGGCGGGTCAGCCGACCCACTGAAATGGTAACGGGGAGTCTCCCTAGGGGGTTCTCATTATCCCGAAGTCTTTTGTATTAACGGAACACTCTCTCGGTTTGAATATATCCCACATACAGTTCTTTTACCCAAAAACACTCCCTAGAAGGTGTGGCTTCGATCGGTTCTCGTGCGGAGACTCAAATGCGGCTTCTTTATCAGATGTTCACGGTTTGGTACTCCCTTGAGGTCGAGGCATTAATTTGAAGTTGGGGCGAGCACTGCACCCGCATCTGCTACGGATACAGGCTACTCTCTTGCTTTGTGCAAACACACTCGTGCAGCAGTACCCGTGGTAGTGTATTTCCCCGCGAGTCTCCATTCTGCTGATCCCTTCGCTCGTCT,1370,49.85,Caenorhabditis elegans
SEQ_292597,GGGGAGAACTCAGAGGACGACACGATAGAAGCCGGTGAGAAGGAACACAATTGTTATCGGGGTCCATCTTCAAACTACGATTACAGCAGCTAGGTCAGTCTGCTGAAACAACACCTTACGTGGCTGTGCGGCAGTTGTACGGTCCTCCGATTCGTGCACCCGGTTCTCTAGAATTCTAGTTAGCG,185,51.35,Escherichia coli
SEQ_120384,GTTTAACAGGCATTTGAAAGGCGTGGACATTTATCATATCCCACGGTTAATCAGCGATGAGTCTGTGGCCTATCGGTGGGGTAGAGCCGATGTACGAGATTGTCCCGCAAGAGCGACCCGACAGCAAGTCTGCCAACAAAAAATGTCTAATCTCTAGCAACCAGGCGTACATACTAAAACTGCCCATCAGCACTCTTCCCTCGTCCGTAACCGAATTAACTCGTCCGGAGAATAACTCGCATACTAAATA,250,47.6,Caenorhabditis elegans
SEQ_126396,TCCGCTCAGCCGAGCAAGAGTTTGTGGAGAGAGCTTTTGCGTGGAAAAGATACGCTTTTAGTCCAATACATTCCAGCCGGTATATACCACCTACCCTTAATGATAATCGCAAGATAGCCTGTGAGCCATAGGTGTCGTTATCCTAGCCGCATTTCCATCATATCATGAATATGGGTCACCCAGTGTCCGAGGATCAGGTCGGAAAATTCGATGGTAGAGCGGACGAGAATTATGTGCTTAAGAGTCAAACCGGACGTATTTGGGCGGGACAGCGATTAATATGCCTAGGCCCCTTTCATCCTTGTTCCTTTACTATACCAAGATTACACCCACAGTAGGCTTGCCAGATGTTTCGCTGGGAGTAATTTACTGTCGAAGGACAGAAGACCCCCTGGTTGTGGTAATGAATTTCTCGGCTAAAAGAGTCACGCAAATTTTGACCCAGGAGAAGCAGTGCGCGAGGATGGCTAACAATACCCTCCGCGCGATTCGTCCGAATTCGAGCGGATCCCGAATACAACCTACACATACAACACGCTGTTGACCCGGATCAGCTTTCCGGCCTATCTTCTAACCTGCCCCCATGGCCCATCGTGGGCTTTCTGTGTGTCACCCTTACCCGATTCAAACGACACATATGGCCACACCTTTGGGATGCCGAAGGGACCTTGGCGGGCCTAGCGCAACTGGTCGAGAGCGTGGGTTCTCTCCCCTCACGGCGTTTGAGCCGCTGTCTTCCAAGAATCGACATCGGCAATTTCTCTGTGAAGCCCCGGCACAAAAAAATCACACAGGTACTTTGAGTCTTGCGACGATGAGCAATAAACGAAGCGCCGGTGCACTTATTCGTAGCCAACAAGATACTCGAGCGTATCCTATCGTCGATATCGATAAGAGACATTGGATTGCCAACATGGGCACATATTTTTTCTGACTCAGATGTAATAAATGTCCTGCACGATCGTCTCTGTGATGATTGGTAAGGCTCGACACCAGGCCACCACTGCACAAGCCCTAACGCCAAGCCCACGCCTAAAACACGTTGCGAGGAAGAAATACTGGAACAGGACACGACCCCGTTTGGCTTAGGCGTCTTAGTTACTGAGGCCATGGCCCAAGGTTTCGTCACGAGTTTCGATGAACAGCAGGCCCCTAGGCCGCCCACAAGAGTATGTACACTCCATTTGGGCCACACTCGGGCTCTATGGTAAGGCACTTAAATGTCAGTCAGAACTCTGTGTCAAGTAAGTGTATGCCTGGTGTAGCAACGGTTCCCGCCGCCCACACATAATCTCTCTGGAGGGAGAACTCCCCGTAGATGCACGGGTCAATTGCGCAACGCCCATACTCACGTCTTAACCGCATAGTGTGCTTGTGGGTGCCGTCGACAGTCCGCGCCTTTCAAGCGGTTTACGGTGGGTACTGGTGACGAAAACCCCCCTGCGAGCGTAGCGCAATTAAGGCCCAAGCAAACGGAGTGGCAGGTTTAAGAACTACTTCTCACATAACGTTCGACATAGATAAAATTCGGACACCTGGAATCGCAGGTACAGCTCATCCAGAAATTTTTTAGTGTTAGGTGACGCTCATGTTACTGTGAGTAGAGCTTATAGTAAACAGCCGTATGAGGTAAGATTTGAGGACTGCGGAACTCGGATCGACTGAAAATCTGGCAATGTATACAGCACTGGAGGCCAGGAGCGCTCATTGTCCGGTGGCGAGGTCGAAACTCGTAGATTGAATTGTGATCTAGGAGGGAAGGGCTCAACCGGTAGCTCCTTAGAGTATACATCGACTGGGTTTGATATTCTCGTTCGATTGGCGAGCAAACCAAATATGGTCCTCAGCGCACTCCCAAATCCTCCCTGATTGACTCTGCGTTCCGTAGCAGCCGGCGAGGCGCCTAATCTTCGGGTCGTATGGGAGTCCCACAATACCG,1939,50.85,Caenorhabditis elegans
SEQ_673356,TACCTGACGAGTGGCTCCGCATATGCGCGTGGTTCTGCTCCTATACAGCGGAGTCGCGCGATGAGGACAGGATTGAGTCCAGCTCTAGAAGCCTAAGGAATCGGGGCAATCCTACTGCAAACTCTAATAACAACGGTACTCGTCA,145,53.1,Arabidopsis thaliana
SEQ_348900,GAGAGGAAGAATGGGCCCCTCACACATAATTCACGTATTGATAAAGGTATCCGCTGTTCCATCTTAGTGGAGGTCAACAGGCTGCAGCTAAGGCGGCGTCCCGCCGTACGTCGAGATCAGAGTTGGCTTTTTAATATTGGTATCTTGGACCGAGAGGAAGGTGTTCTGGTCTTACATATGCCTGACCGCGCGTCGCAGTTATTATGGATTTCGCGGAAAGCCTTTTCCTTCGAACCAGCAGGTTACACGATACTACTACAGAGCTGAAGGGGAGCTGGTTCCGCAGATAAGTTCAAGTCTTCAACGGTTTGCAACTTAGCGCTGTGCAACCATAATGCCATTCTAGAGATAACTGATACTTGACAGACTGAGGCAGCGGAGGAGGTAGTTAAAAGTATGAATACGAACGAATTTGTACTCTCAGCGTCTAATGGTGTTTCTTACTTATCCCCATTCCTGGTAGGCGTTGAGTCAATTTACAAAAGCCGTCTACCGGAGGTAAGACGTGGCAAACCAGTGCCTGAGTTGGAAACAGAATCCTTTCATCCTGTGCAACTATAGACCCATTTACTCCGGATTCCCCGCCGTCGGCGCGCTTCCGCCCCTGAAGATGGTGTACCCCACAGCCCACCGACCTCGGCAACAACTCGCAGGCTTCCACGTGGTCCTTGCCCGCCCACTGTTCGTCTTTTTAGTGTCATGTACCGCGCCCTATAGGGTGAGTTACGATCACCAGTTAGTGTCGAGACACTGAGGATAGTACCAACGCAGGTAAACTGGTCGCACGTCACTGCGGCACCATCACTTAGTTCCAGAGTGCATCAGCTTATGCCGGTCCTATAGCCTACACAGACGGAAAACTTCGAGGCAGTGTTACTATCGCACGCACCGGTTCACACTTTGCCTCAGCACTCGAATATACGGGAAGGTCTATTCTTCGCTACTGAATATGGTATCTCGACGGCGGCGGGTGTGGACACATCCTGCCTACCTTTCGTTATCCATCCCATGTTGGAGGATTCAGCGCCGACTAGTTGGCAACCAAAAAAACGAGTTTCCGTCTCCCTCGAGAGCTAGAATTTTTCCCAAATGCCCAATTGCGATG,1105,50.5,Mus musculus
SEQ_907438,ATATCTTTCGCGTTTGTTCAGCAGTTCGGTTTACCTTAGCTATGTCCTTTCATTGATCTGCTTGATCAATGCGGGAATAATGGACTGATGGCCGCGGTAGCGAGTCCAGTGACCTCTAAATAACACTCCGGCCTCCCACCGACACGAGGCGAGCCGTTAGTTAAGTAATCTCAAGCATCGCGGATTCGGGCAGTGGGCACTTCACCCTTTTGACCGAGGGAGGCGAAAGCCGAGTCCATAAGCGTGGATAACTATTGCTGCCGCTTCGCCAGAGCTAAGCACAGGAATCGTTACGTACTGGCCCTGACCGTATACTCTAGCGCTTCTGAGTGGAGAACGTGTGGTTACTTCCCATCGGGGCGCGAGCCGCAAAAGACATCTGCGACTAGTATTTCGGAAGTATAATCGAGTTCTGTGTCTCAAACAGGCCCTGGGTTATTGACATGTGCCTGTTAAAAGGAAGCCCCATTTGGGCTCCAAGCTATTCCCGGCCTCGCTAATTAACGCTGGGGATAAGAGCGTTACTCCACCCTTGCGCCCGTGAGCCAATACGCGGACGTCAGACACGTGTCGCTAACTGAGCTTCCCCGGTTGGCGACACGCGGATTTCTTGGCCGCAGAGTAGGTACCACCCGACCACTGTAATTAGCTGGAGCTTTCCATCATATTCGATGCCTCCCGTCCTCTTATATCAAACTTGGCACGGGTAGAAGGATGCTCGCATGCTGAGCGCACTGATGGCCTGTCTAAGACTCCAACGAGCTGGGCTTAGCAACGGAATAGAGTAAATTAGGTGGCGTTTCGGATCTAATAATCTTCCCAACGGCTGCGTAACAAGTGTGAGTACCTATAAGACAGTACATGCTAATAGTATGCTCAAGGGCCGGCCTTGAGTTCTGTGACAGGTCCCCCGGCCTTGAGGAATAATGATGGTCTCTTCCTAAGTGCTCACCGGGACGGGCTTAAGAGTTCGTTCAGGCCTATGTGGGGGCTTCAGTGTTTAAATTGTAAAATCGCACACTCCGTGCTTATTCAAAGAATCATCATGAGGTATCTGTAACACTTTCCTAAGAGTAAGATACGAACGACCCAACCTCTTTCCGAAGCGAGGATGTATGCGGTCAGCCCGTATCTTCCACAAGCTTGAATGTGCAGGGCCGTTTTTATGGTGAGCCTGTTGGATAACCGGAGGCGACAGCGGTCGTGGGAACGTAGTGAGACTGCCCGGCATACACCATCCAGGGGAAAAGGGTTGGTTCACCTACCGTCCTCACTCCGACTGAGATGGAAAGCCGGAGAAAGGGTCTTCGAAAAGTGCACATGCAAAACCCTGTGGACCTGGTATATCGGCCGCAGACGTGCTCTTATATGACATACGGCCCAACTTCTCCTATATCAGACCAAAGCGAGGCTAAATGGGTGCAACACCGGCTCGCGAAAAGTTACGACATCTTGGTTTTAGGCGGGTCAGAAGGACACTAATCGATCGTGTGTCGAAAGTGACACACACTGCGGATCAGCTGCGCACCAGTAAACTGTAATTAGCAGGACGCAACCCGTGGCGAAGGTGCGATCATATTTAAGAGCTTTTACTATATAGTTATCAGGATCGCAGTCTAGCGAAATATCCTTACGCAGTAGCTGTATGTAGCGCGGTGTTGCCCGTGACTTATCAGAGATGGAATCCCCAGGACACTGAGTATCCGGCCTGCTCTAAGTGATGATAAGTTCACGCTTCGCAGCGGCGCAACCTCGTATGGTTATTAATAAACGGCCAAGCCGCGGTCTCGCTGAGCACGACGCTCAAGCCGCACCTCATGCCATCGCTACCAACCTATCAGCTAGACAATTACCACCTTCTGCTCGGACGAT,1872,51.44,Drosophila melanogaster
SEQ_257865,CGCTTAAACACTTAGAAATCTTTCAGGCACGATCATGGTTACGAGACGCCCGGACTGCCCGTCATGCGCCGGAGTTGTACTAGCGAGTATAGTGTGAGACCGATAGGTCTCTCCTCACGAACAGGTCAGACTTACACTCCGCGTGTGCTGTTGTCAATGTAGGCTACGCGGAATAGCTTGTTTGGCGAGGCCCCGCATCAGAGGTTAGGGCAGCAAGGAGATCCGCCTGGGCGGCCATAGAGAATGCAATTGCGCAAGCTATCACTGGTCAACATATTATTGAATTGGTACCCGGAGTTCTTCCGGTGATGAACAGGAGCTGTTTGAACCTATTCTATAAGCGCCCAGTCACTCTACCGTATCTGCGCGAGGATCATCGAGGAGCCAGAGGCGGACCCCTATTCATCTGTTTCCAGGCATGCTTTACGATTCTCGGGTTATTACGCCTCCGAAGCTTTACTGTGTTGCAGGCCGAATATTAAGACCCTCGAGACCATAGACCCGATCCGAAGGACGCATATATAGCGCTGCGGGACAGGTAGGACGAGAGCGGAGAGCTCCTTCTTCGACTACGCGACATACATGAGAAGTAATTATGACGCCAGGTTTGTTTTATCCTTCCTACTGCTAGTCGAGGACCCGAGGGACTGTGTGCAAACGGCGGTTATAACACGCATGTCGAATACATGGTTGGTGGCAATTAGAGACCAGTAGTTATCGGAGCGGAGGCCGGCGGCTCATATGCGACTCGACGTTGCACATGTCACAACAATATGAACCCATTTGTCTATAACGGGCAAACCCCGGGATAAAAGACGAACTAATGTGGGTTCCCGGAATTTCATCCCCGTCACCAGATGTTGGCTGGCAATTCTCCTACCTGAACCCGGGTGGGAGCTCTTTTGATTTGTGCAGTAGCTATAAGACTGGATTGGTCGGACGAGGATGGCATATGAATAATGGATTTTGGGCTTTCCCTACTGAACGGATCCACATGATTCCATAG,1006,50.99,Arabidopsis thaliana
SEQ_200200,AGAACTGACCAGTCTTCCCAGGAGGCTTTGTCCAACTTTTCCCAACTATCGTACTTGCTTCGAATTGTATGACTGCGTAATTGTAGGCTGGAGGCTTGTTTGCCCCCGCCTCCAACCTGAAAGAGGTCCTGGATATTTCGATATTAACAGTCGCGGAGACGATTTTGCCCTGGAGATGTCGTGTAAATGTGTAGTCACCATAAGTCTCAATCTTGCGTTGGCCTCTGGTGCTCGACTCGATCAAAACGCTATGCGGGATCGACTTCCAATCTAATATATCTTAATAGGTTGTGGGCATAACTACCAACATAGTTATTGCGCTTCGGATCTATCACGGCTCTCCTCCGCGGCTACACGATGCTGCGCTGCGCCATACAGGTAAAAGAGCTATATCGCGGATCAACGAGGCGGAGTAAAGGTATTCGCTCTCGGGGCTTTGAAACTAACTCTGGGATCGCAGGGTGAACTCAGGTTACTTGTCTCACGGAAAATCGATAGATTGATATTGAATTCGCGCTGACTCTCACGGTTGGGCTAAAACAACAGGGCAGAGCTCGATCCCGCCTCTGGACGATGATACTATCAAGCCTCTATTCACGTGTGTCTAAACTCACTACAGCCGTAGAGTCGCTCTCGTCTCCGTGCTCTTTCAATTTTTAGAAATACGCGTTCATCATTGTTCTCTTGGATTCCTCTAGGAACATGTGTAGGAAAGACAGAATACCACCCATTCTAGGTCAATTGACGGAATCGTGAAGGGGCGACTTGCGAGATGCTCTGGCTGGTGTGGGACAGGTAGAAACACGATTGGTTCCTCAGCTTCGAGTGGGTCCGCTCCTGTGATTTGTCCGCTTCCGAATTAATATTCAGCGAATCCCGACTGCGTGGTAAATGGGTGCAGTGTATGTATACAGCCTGCGGACCGATACGGCTCTTTCTAGATCGAAAGCTGCCCCAGCCGGTGGTAACGCCGTTATCGTTTGCTTTGTTACCTTAAGTGTGTCAGGATACAAGATGAGCATTTGAGATATACAAAGTCGCACGGTTGCTTTACGCGATGTGCCGCCTCACACAGTTTCATTGTCATGCGGCGATGGATTTACATCACGGGTGGACTGATGCGGATAGTATAGCGCCTACGGATCGGTTCAAGGCCCTCGTTATTTAGGTATCATCGTCGCTCCTTGCATGGCCTCTCCTGCTGTAGTCGTAAGCTCAAACGCTTACCGGTTTAGGCTGGATGTTGCAGGAATGGACTTTGGGCGAAAGGCGGTAAGTACTAAATCGGAACCCCGGTACGCCAGTGTGGGGTCGCTTATTGACCCAACATTAGTTCAGCTTTCTGGAGTTCTCTACCTCAAGTAGCCCTTGTGCGTTCACGAAGGCCTCGGCCGACAATGCCGTTTGGTCTGTTGTCCTAGTT,1423,49.54,Saccharomyces cerevisiae
SEQ_731676,ACTGTCATGCTTACTTTTGAAACGTTCAGGTTTTGAATTTGCTTAATCAGACGGCATAAGTGACGGCGCTTTTGATAGCGTTGCTCGTACAAACACACGAGATGTCTCGGTCTGCAGGTCTACGTAGATCCTATAGGCCGGACGAAGCACACGACCGACCAAATTCTTAGATTATCAGTCACACCCTCAGCATCAGCGAGACTTGCCTAGGAAACGGGTTACCGCCTCGCTCCGGGCACACTTAACACTAACTGATATTACTTAATCGTGCTATGAAAAGACAACGAGCTGCAGATGGGATGCAGTGAGTTAGTGGGGCGCTAGTGTTGATCGAATTGCACTCGTTCTTAAAGATTTGGAGGGCTATTCTCACCTAGCGACAGCATCTTTTTATCGTATTAATCACCTCATATGCGGGCCTCGAACCTCCGAACGGCACTCAAGTCATGGCGAATTGGGGCGCTCCACGCCTCAACATGAGCCAGCCGCCTTTCAACGACTATAAGTTCACTTAGGAGCGTTTCAGCTGACTGGCGAGATCTTCTGGATTGGCGGTAACCATCGTATCGCTAATGTTAGACGACGGGTCGCCGACTCATTGGGCATAGAAGACGTAATTAGCCTATACTAGTAAGTTACCTGCTGAAGCAGCATGATAGTACTTATATCTGCGTTGGCAAACCGTCCTTATGAGATATCGGACTGGAGGCCGCATTGGATAAATTCTGGAGGACAGGCGGCTAATCAGGACCGGCGTGCATATGTTACAAAAAGATGACGGCAACCAATAGGTTAAATTAATGATGGGGGTGCTAAGCTCAGATCGGAACGTCCTCAACATCCTAGGCGATACTAGTCAACTCGCTATGTTCACTCCTGAAGATCCGGTACGGTTCAGTTAACGCAGATTGAGTGCCGGGGAGCAGGTATCAGGTTGCCCCGCTCGATAATCTCTGTTTTTTCGATGCACAATCGTATTCTAGGGCATAACTAGTGCCGACATCCGGGGGAAGGGTCTGTAAGTCAGTCAATGCCAGGGGCTTCGAAGAAGTACCCTTTCTCAACAAGTGACAATGCCCCTCCCACACCGTTTCTCATATATTCCGAAAGTCCCCTATCGGTGCAGACAACTCTGAGAGACCCCGCCTCCCAATGGCGCCAGTCCGATTGGCATACCTACGCGGGAACGCCAGCGATAGAGAAAAGGTCGCTAGGCTCTGATGTCATGCTATAACGGGCTAGAATTAGGCAAGCATACGAGGTCCATGCCGACCCCGAGTAATTTTGTCCTTGGCGGCCAGGTTCATCTAAGAAAACCGCAGCGTCCGTCTGAGGGGTTTTCCGAGCGCGTCGTTGGGTCAATTTATCAAGCCTGAATATGAATGACTCGTGTCAAAATTCCGGGGCCTATGGACCGACGAGCTTAATATCCTCAATAAGGAGGTCACTGAAATAAAGGAAAGGATAGTTTAGTCGGTCTATGTAGTGACAAACAAGTATAACCAGTTTCCGTAGCTGGGGGACTGAGGCTACGAGTTGTCTGATACTCCTCGATTCATTCGGCTCCGGTCGAGAAAGCTTTGATGCCCGTGTAAATTCCGGCACTGACTTTTCCAATACGCCACCTCAGGA,1632,49.33,Saccharomyces cerevisiae
SEQ_320593,CTGGTTGGGGCACTGCTATCCGATGATGTACTGAGAACCCGAGGACAACTCAGTTGGCCACTGGTACAACAACCATTCTCGAGACTCTCTCTTTTGCAGCCCCAGAGTAAGCGCGCTCGCGTTGGCATACAACAGGAGGTGATATGTCACTGTGGTCCTCCGAGTTAAGACGGTATTGGCTTCTTACACCCTGCACATGAGGGAGCAGACCCTAGCTATTCCCGACCAACGCGCCTACTTCAGCCACATTTGAGATGCGATCATTCAAACGGCCGCGAGCTCCGCCTCCGAATTCCTTACAAATTGCGAAAGTTCACTCGTGCCGCGCGACAGTTGATAGCTCAACCTAGAAAAAACACCGATGGGTCTGGGGGACATCACACTATAGCTAATCCTAAGGCCTATGTCGCTACTGATCGTCGCGGGCCTAATGCAACCCCGGAAGGGGATACGATCCGCCGATCTCTTCTCGCCCGAATAAAGGAGGCACTCAACAAGATCCTCACGACAGAAGATGCTTGTTGACACACTAGAAACATGTGTCAACGTTTGGACTAATCGTATAAAGGCAGCTTAGAGCTTAATACGTCGAGAAAGACTCTACTAACGGTCAAGCCTGCCCACTATTGAACGCAAACGGTGTTTCACAGACAAAGGAGTAATATAATTTTAAGTGAAACGCTCCCAATGACTTTCTAACTGAATTTCGAGCACTGTATTTGGTGATAGCCCTCTAGTCTCTGATTGTGTTACATATGGGCTTCCACACAAACCTTCAGTATCCACCGCTGGTCGTTTGGCACATTAAACTAAAGTGGT,819,48.96,Saccharomyces cerevisiae
SEQ_421861,CGGTGGTCCCGCCACGTGGTTGTCCACGGTGGAGCATGATTGGTCAGTCTTTTGTGTACTCGAGGGTAGCAACTCGCTCCGCATAGTTTATACAACAAAAAGTTCCCTGTAGACCCCTTAAATTGCCTTATACCGCCGACTTCTAGTAATTAGCTGCTCTCCGTCTTGTAAAGGTCTATAGGTTAATTCTATTCCAGTTTAACGCTAGAGTCTTGCGTTATAGAAAACGATTCCGTCGCATATGGCTTCTGAACGAGCCACTACCCACGATTAATGGCCCTCTTCAACCTGGGTGCACTGCGTATTAACTTTCAGGACC,319,47.34,Mus musculus
SEQ_634646,AAGTTCATGTGAGGGCTCAATCACGATTGTATACGCGTCGTCAGGACGCCCGTACTACATGTAGAGATGGCTGAGGATACCAAAATCACTAATAAGAAATCATCTAGCAGGATTCAAACAGATGAGACGAGTGCCCAGCCTATCTCATAGAAATAAGGCGATATTAGGTAAATTGCCAATCTCATGAGGGCATGTAATTGCCTAGCTCTAGATAGTGTCCAAGCACTATTTCTTCCGCAGTGTCGAGACGTGGGACGGCGAACTTGCGGTTAGTATGTTAATTTCCCTAGTTGGCGCATTATGGTGGGGTTCTCCTGCCCGCGATAGACAGAATTGCGCGGCGTGCCTCCGGCCGGTATAAAACTTGGAGACATTACATTAACTTTAGGCTCCCAAGTAGAAGGCTAGTACGCGGAGCCTGGATCGTCGACCTGCTTAATCACTCACCAGCAAAGGGGTGGTCACTAGTGACTCATTAGTACTACTCGCTACTGAGCATAATCTCGCTCCGGTCCGTTCTCGGCTCGGCTTATTGTTCGATTCTTTCTGTACCAAGAGCGTGAGTGACGATTCAAAGGACCTAAGGGGTTATCAATGCCGCTGCGTTGTACAGGGGCTGTGGATCGACCGGCGTCTTTGGCATAGACCAAAGGTTGGGACATCACTGCTGACCTGGCAGGGACCGATCTCACCCGGTTCGTCGGGTAGCATAGAACTCCCATCCGACAGACGCAAAGAAGCTATGAGCCATGCAAGATTGGTTAATGCAGATACTTGTGTGGCGACGGTCGAGGTACTCTACAACGACGGTCCTTGTGAGCTCCGTTTCGCTTAGCGTCGTTAGCCGGTTTTCCTGAAAGCAACATGCGCTCAGATCGGCGAGAAGCGTAGGATCTTACAGCCTTCGGAACCAAGTTATTGCCCTCGATAGCATACAGCAGGTTGTTGGTTTATGTTCGTTACCTCGCCGCTTTCTCCGTAGCAAGACATTCTCGAAGCTGAAAAGTTCATGGTTGCGAGAATCTTCACAGAAACCTCATGAGGTAGATCTTATGGGTGGGAATACCGGCTCCGCATAGAGCTCGCCCGCCTCGCGACAACCGTTCCTGGAGCTAATCCCATAGGGGTTTCTCAACCCTGTACGAGGATCCTTCAT,1156,50.43,Mus musculus
SEQ_725740,GTAACTCCTCTATTTTCCTGGAGGAGTTTCCTTTAAAGCTTATTTTTGCAATGAAGGGGACACCAGATGCGACGTCTCATCCCGACCAATTCGTATGGGCAATCCGTTCCCCAGGGATTGTTCGCGCTTGCTCTTTCTAAAACGAGAAGGAGCCTAAGCAGAAAGTACTGGTTGAGGTAAAATGCTTTGAGTATGAGCCGCCTTCCGCGTGACATCGCATGGGTGCGGAAGATGTATTTAAGACCCTGCCGGTGCCGATCCAGTTTAGGGGCAGAAGATCGTATAACGCAGGATATAGTTAAAGTGTGGAGCCGGTGTTGGTATACCAAGGGAAATAGGAATTGTCTAACTAACCTACGAGTTAGATTCGATAATCACCTCCTACTTTATAAGTGCTTTTGTCGTCGTTGCCGGCGAAAGCAGATCACCGTCGTTAAACACGGGGTATGAGGGATATACGGTCTAGGCGTCCACATTGCGAGATGCCTAACTGGCTGTAAGAAAACGCCTCTTAAGGCTTAATTCCCGCCTGCATACGTAGCGGGGTGAGCCCCCAAGTCATCCTTCATCCCCGTCCTTTAATGAGCCGAAAACTCTGAGACCAAGAATACTGGAAACGGACCGCATCATCATTTAACACGCAAGCTGGTATTTAGTGCGTCACCCCAGGGCAATATCCGAAGTGCCTTACAGAAATGTGTGTGGCTAATCTCCTAACACTCGACCCACCAGTCCATTAACGTGATAAAGGAGGGATTGCGACATCATGTCGAGTCCAAGAGTATCTTTAGCAGTCGCATAAGCATTCTGTCGTTAGATAGCCCGCTGAATCGGCTTCTGTCAGCCACTTCCCCGGAAGAGCCCTGTTCGGAATGATTTGAGCGATTGACAATCAAGATCAATTGAGATCTACCTGCATGCAGGATGGAGACATAAACACGCCCCGGTACTGACTATACCTCACCTGGTAAGTAAATTCACGCGAGCGCACGTGGCGCATGGCTCCGAGCGTGGGAAAACAGGTGGCGCACTCCAGAACCCTGCGTGTGGGTAGGGTCAGGATTGTACCACGTCGAAGGATCTACCATGAAGGCTGGCGTCATATTGGTTTTGTAAGCCTCAATGGTCTCTTATCCATGACGACGTAGATGATCCACGCGATTGGAAACCCTTGTATACGCAGATACGCCTCACGTAGGCCCGCGCGCGGGCGACTGTTGATCTGTCAATCTAGAAGCCGCCCAAAAATATATGCTATCCTCTGGCGACAGGGTGTAGTAATATGTAGCAATATGTTATATCCCAATCTCCGCGCAGCTTTCCACCTCGTTGTAATGTTGATCTGTCCGCGTCGCAACACCCATCTGCTTTCAGTACCTTTCTAGTCTTCTGCAAGGAGTTGTGATGTCATTTGGCTTCGGCTGCCTGTAGTGCTAGGATTTTACATGTGCCGAGAGGACTTTTCGGACGGTGGGGTTATGTGTAATGAGGTCGGTCCAAAGTATGCTG,1509,49.37,Drosophila melanogaster
SEQ_819381,GCACTCAATTCCCCTGCGTTTCATCAGTTTTGTGGGCGACTAGTCAACCTGGTGAAGACAATAGTGGTATCTGCCCAGTGAGGCTTATTAATCAGGCTCGCCGTATGTCTAGCGCCTGTGTGCGCGCTTTTTACGCTTATCTAGTCCAAAGCTCGTGTAGAGTTTATTTTGAATTACTGAGGTTTCAAGGTTAACCGTTAGTGTAAATATGTATAGTAAGTGCACACAGATATGACTGGGGCTTACGTCATACACATTAGTCTGGACGAAAACATGTATGAGAGCCTGCCGCCTACCAGGATTCCGGTATTAGTTAGTCTACTTTTAGCGCAAAGACGGAGAATGCGTCTAGTTAATAATAGGCGTCGCGAGTTAACGGGGTATCACCTTGGTTGCGGTTCCCACAAAAGTGGCACCGATTTGCTAGTGTTTTGTGAATTCCGTCTGCCAGAAAGCCGGATTTCGCCTTAAAATGGGTCCCAACCAGAGACTTTTTTCACTTTGTGCGATTTCTGTGACCTTCCGCTGCAACGTGATGGACGCTCAAGAACATTAGCTGCCGGCAACAATGTTCCCCAAAGAAATTTGATACTTGTACCACTGACGCCCGTAACTATTCTTTTATCTCAATTGTCGTAGATTGTTCGGAGACTTGGCGGCCGCTTGAGGGCTGGTAACGGCGTATTGACTTGGGGCTACCTCGTATTAGTAGTAAATGCTGGATTATGGAATATATTTCACCATCGCCTTCCAACTGCCGTATTGTTCAATATATCCAAGAATCCACTCACGCGCCGTCTCGTCCATAACTACTTGGTATTCCGCTAGCTTGCAGACCGAGCATCTCGTTGAATCAACTCGCAGGGGAGAGTTTCACCTTAGTCTCGTTGGTCGAATGGGGTTGGATGTCATCCCTTTGTCGACTTCCGCTACTTAACGGCGCGAACCCGAACTCCACCATTCCCAGGTATTGGATCGGCCTCTCGTTTAATCGCGTCGTAAAAACTCTACTGATTCCATACTGAAGGTTCACAAATATGTATAATGGGGTATCACGGACGAGATTGTTACACAAGACTTGCACGCGTACCTACGAAACGAAGGCTAAAGCGAGACGTCGGCAGACTACTAGCCACCGCCATCCTGATGGTAAAATATTATTAGGATAAACGAAACGTTGTAAGTTTGCGGAGTCGGCTTTGAACATCACCAGGTTGGATCTGATCCCTTCTGACTCTGTAGTCCCGGCCTTTGACCCTCAATAAAGATTGGGTTACCTGCACCCTGGACTTGTGAGAAAGCCCTACCATCGCACGCTTGCTAACGACGGATGGCACCACACCCAGCCGTAGCCATCGTGGAGCGATTGATCATTTTGCTTCGAACCCCAAGCGTCGCGGCATTTGTGCACAGGAAAATGCGCAGAGGAGTGCCGGGAAGAACGAAGAATCTAGTTACGGCGCCTTG,1467,47.99,Arabidopsis thaliana
SEQ_608685,TCACCGGTCTGAATGGGGGTCGGACAACGCTACACAACCGGTATTCACTCTAGCGCCGAGCTATCACCGCGAACCTGTAGACACATGGCCTTCGCCTTCCTGCATAACTTGGACCGCTACGGATATTTGACACGTTAGTACTGAGCAGACGTATCCACATTAGACCAAGGTGTAAGGTTGACCACATGCAGCACATGGTATAGGGTGACAGGCTCTAAACAGGTATGTAAGGATGAGGGTTAGGCTACCTTAGGCCGTACACGAGTGCGAAGAATTGGGCTTTATTGTAGAGTTAGTCTCCTGCTCTCCTGGCCGCGACCGAACTACCGATTTTTGGACCAAATAAAGAGAAGTCGCTTGATTTTTGTTGCATCGCTGTTCTACGAACTCCTTCCCTTTAAGCTTAGGGGGCGCATCACACGGCCTTAGATCGCTAACATGATGTCCTCTAGGATTGCCCATTAAGGGCGTCATTTGGCGGAATGAGCGGATTTGAGCGGTTCGGGGAATCAGATGTCAGTACACATGGTGTTCTCGTACGAAAAGTGTGCGGTAGTAAACGACAATGATTTTCGGTCACCAAAGAACTATGCACGACTTCATCAGTCCTAGTCCACCACGATCGATCCAGAGAATTGATCACGGTGTGGGGCTACACCTTTCCTATGTTACCCCGTCATAGATTTATATCCCCCTGATTATGATTCATGGTGGAAGGACCTGAATCCAATCGGCTGAGATGTCTGGCTACTTGGCTCACAGCGACCGTTAGATCCAACATGAAAATTCTTAAATATGCCTACGACAATGTGGTTCCGCCGCGAGCGTAATCCTTAGTCAGGTATACGCCTGTTAAAACAAGTAGGAGCCGGACGGGTAACGTATTTGGGACGACGATGTCCTCCTGCAACCAAATACAACGGCACATCCATGGGGTTTAGTTCTACCGCCCTTGCGCGGAAATTCGAATTCCCTGGTTCTTAATCCGTCTCGGTGTAGGGCCATACTGTGCTAGTTCGGATAGTCGTGACCTTTGGTAACTTACTGATGTATTAGCAATGTCTCTTTGGATGGAGGTCCCATAACAGTCCGTTAAGAAATGGGTGCACGGTGAAGTGACGGACTTTCCCATTGCAGACTGCTGTACCTTCTAGGCCCGTACACGCTCTTAGAAGCGCCCAATAG,1185,49.11,Homo sapiens
SEQ_285350,TGCTTTCAAAATCAGGTTTTGGTGAGTGCAATGCTCGACCGCTAGGCGTCGGCCTCTTCCCAAACCATCATTGGCGCCGCTGGGCCAGCTGCAACCCTATACCTGCGTCACACGGCCAATTATTTCACGTTTAATGTACTCATGTGTATAATTCACTCTGCCAATGTCTACCTTATAATTTTAGCGTTTTAATGTCCGTATGCTCGGTTCGAGGAACCGCCAGCAATGGCCATGCCATGACGAGGACTGAATGTCGACCGAGCGATATGTAAATTGAGCTGTCGTCCCATGCTCCCGTTTTCTCTGAATTCAACAGGTGGCAGAGAACAATGGGATCTACAGGACTCACCTGTCCCAGAACACGTTTCATAAAGGCACACAGTTAACTACAGGTATATCGACACACTAGGAACCGGTACGAACTCGGACCCTATTATTAATACTGCCGGAGTCCTCCATCGCGCGAGCTCAGACATCGGCCGTAATCCTGAATCTAGTATCTTGTAAATAAATTCGCATCCCCGGACGTAGGGCCATTTCACTAGCCCACTGTGCTTGGTTATGCCGGTTGGCACCCGACTTGACAGACTGGAGACACATATCGACGACTGGCGGGACCTCCTCGCCTGCACAGAATGCCCGGATTCGTCACTTTCCTTACCGCAGGGCATCACCATCTCAGGCGCATACGGCTAGCTCCCAGGGTACGAGGTACCATGTAAAGCAATACTTGTTTGTACCGGGATCACGCTCACCAGGGAGGCCAGCACCATCGATCGAAAGGAACGGTACGAATCGATCACTGAGGCAACTCAGGCGCGGCCTAGCCAAAGCGACGAGTCAAAGATATAGACCCCTGCAATGGGTAAGTAGCCCTTTGTCATCTAGCATAATGATATTCAGACGCAGACCTAAAACGCACCGGTTGTCTGGAAAGAAAATGAGGCGCTTGTCAGTTCGTTGGCCAGCCCTAATAGGTGGTGGTTTCGGCTTCAGTCGATGCCAGGAGGACCACCATCCATTAGCTTACGCTTAACATCCTCCCTTCTACGCCAATAGAAATCGTTCCGCATCCCCCTCAGGGCGACTCAGTGATGTTGCATTTACGTATTGAAGAGTCCCGTGACCGCCGGACCTCGGTGAGCATGCCTCACGCGGCCGACGCATTGTAGGTTGTTTTTAAATCCGGCACCGTACGCTGGTCTCTAACAGGGCGATCCTGGCTATTCCATTCAGCTAGCCCCCTGCATTCATCTAGCCCTAAGACGCACGCTCGCTAGTTCGCTACCAGCTAGGATGTGGGTGGCTGACATGGGAAATAGTAAAGTGGAGCGTGCCAACTGTTTCTCGGAAATACACTCGGGTACGTCATATGGCTATGGCTTCCACTCTCAAGATCTCGCCTGGTAGAGCGAGCCATGGATTCGCCCAAACGGCTTGGGCTGTTAACTGGGACAACGTCGACTCTGGGTGCTTAGGTATGTGACCATTGATCCCGTACTCCTTGGGAGTCAATGACCATATCAGGTGTTTTGGATCATACTTACTTTTGCGTAGACCTGTCGGTCAGGTTATCTGTTGGGACCACCTATAATGAGGTAAATGGCACTTGTGTTCGTTATAGGATCATCCTCATTCTATTCATAGCGAGTGCCCGGGGGACTTTCGGCCTCCAACTGAGTCCAGTACACGAGCTTACTTATCACAACGAGAAAGGGTTTGTGGTGTCTCCCAGGGAACGCGTGATTGCCC,1752,51.48,Homo sapiens
SEQ_716423,ATGGGATGAGACAATGAGGGGTGAATAACAGACGAAGTATAGTATAGCGCTACGGAACCGCGGTCACGCCGTTTCTGGAGTAATATATGAGGTTCCTGACATTCCCCCAGCTAGCTTGGCCGACGACGTTGATACAAGATATGGCAGTCGGGTCGAAGTAATCCTATCCTTGTGCGGTTATCACAATCTCGGGGCAGCACGAACTGTTTTTCTATACGGTTCGCATTGGGCGCCACATAGGTAGCTGCATTCACGGGACTCTCCCCCGCACCCCCATTAATTAAGACAAGGGTGGAGGGGCCAAGGGAATTCTAGACGCCTATGCAGCCCTTTTACCTCCAGCAGTCCAAATGGGTGTGTCCACCTGATGCGTAATCGCTGCTACTAAAGGTATTATATTTTAGGGGATCATAAGGACGCTAATCCGAGTTGGGGTCTAGGGACTCTGGGGGGTTACTCGAGACCGGCATGGTGAAGGACAACTAGTTATCTTCTTGACGAGAGCGCTCCAGTATAACACCGGAAGAGAACAACCCGTGTAAGCGGATGATGTTCGTCCCTACGCCGGGAAGCTGCTCTAGAACTAACAATCAACTAAGGGCGGTTACTTGCTAGATTTTCACCCCTATGATCGAATCGTTGATGACCAGACCCTAGAAAAGGCAAGTAATACAACCCACATAGTTAAATTTATTTACAAAGACTGGAGGGGAAAGCTCGTCATCTTTATTCCTCCCCTGGAAATATACCTTTGATTGATTAGTGTCCCCGCTGCCTCATGGCCTGCAAAGGGCATTAACGTTTGAGATTCGGGCTCACGCGAAGAGTGACGATACCATAGGAAGTTGCGGATATGCAAGCCTAGAGCGGCAGCTTGCAGCGTCCTTTAAAAGTCGTACACCGCCATATAGGATCGCAGGGACTCAACTAATGCGCACCACATATCGCAGACGTACGCTTAGGTATGTACTCTCACAACTCCACTGAGCCTCGGTCTCCGGGTACGTCCAAATAATTCAGAGGTGTTCACCAAGAATATCTACTACCGCAATGTGGAGCAGGGCAGGTCGATCTATTGATCTCGAGCCAGCATTTAACGGTCGCGTTTTCATACCCTACAGGGACTAACGCGCATATTACTACTGTTGGACACCCTCTGAATCATAAGTCAAGTCAGATCGAGAACGTTAGAGTAGTAAGAGGACAGTCCTCAAGTGGAGAGCCCCTAGCGTCCACAAACAGAACCCTACGGCATATGATTTACGTTTGGCTCTACAAGTATGT,1284,48.99,Caenorhabditis elegans
SEQ_795767,ACGCTACTTGTGCACGGGGACAGCGTCGTATTGCTATAGATCTGCTTATCACGCTGGTCCTTCTACCATGATCCCGCGTGATTAGAGGCTGCCTATCGCTATGGATGGGGGGCACCAGGAAACAGAATAAGGCTGGCTTCAGCAAACCAGTAGAGCCCATAAGTAGGAGCTCGCTCGCCTCGGACCCAGGCATACCGGACGGGCTCAAAGGGAATGATTCAATTGCAGACTGATTATGATATGCTATCAGGCGGATGACCGGGACTCACCCCAATAGGTTTTGGATCCGACGCGGCGGTCCCCGCAAGGGTAGTGATTGGTTCCAGGAAAGGACTCGTCATCAGAGCCTTCGCTAGTAAAGTTTGCCCCGGGAGAGGCTAGTCCTGTTCAGTGCTTTTTACTGGATCAAGATCCTAGGTCTGACTTCAGAGATTTCTCATTACAAATCTTGACCGAAGCTGTGTCGTGGACATTCTTAGAGGGGACCGTCTACACAGAGTCGAGGTGGCGACCGAGGCCCTCATAAGATTCGAGTGATCCGGTTTGTCCATTACACTCAAGCGGGATCGATTCACATGTGGAGTTCGGAAGCGGTACCTTAATGGAACAAGAAGCTACTCGGTCGCCCCTGCTTAGCTTATTTAATGCCTAGATCCCGCCGGGGCCGCATTCGGATTGTGCTCGCGGTAGCTCCTCTGTCTATGCTGTAAATCACTAATTCTCAGGCTCTAGAAGCCGGGTACCATAGCCTGACATTTAATGTTGCGCTATTGATAGGGCTTCAAGAGCTCACGCTATGAGGTTTACTAGCTGGAGAGCGGCCTTAATTATAGTCGCCAAAACTCACACGTAGGCCGCTTGTCCGGTCAG,870,51.95,Homo sapiens
SEQ_654941,TTCGGTGCCCAGATCCTCACATACACGATCATTTACATGTCTAGTACTCTGTCCGTGCCCAACTAGAGGGTATACGCTACGCTTTGCATCGTTTAGTTAACTGCGGCACTGTATATAGTTAAGTACTTTGGGACTTGATTAGAGTCGCATATGAAATATGAGTAAGATAGTCAGTTTAATAGTCAATGAAATCGAGAGAGGAGTCTTCAGCTGGATCCTGAAGGCCGAAGTGGAGCCGTAATCTGCCTGTTACGCTCGGGTGGGAGAACTATTGTACCTTATGGACCCCGGTGTATAGTTTGCGCGTTTGCGGAGCCTAAGAAGCAGGACACGAGAGATCAACTCCAGACTTAGGAGGCGGATGTCCAAAGGCCGCGTTGTTGCGAAGATATGATAGAAATACCAACTTTGGCAGATATGGGAGTTAGGACTGTGTCGTGTATATTGAGCGCCAATTATTCCAAATCCCGGTTTCGGTATGGGACGCCGATCAAAGAACCTCCGACGTGTCCGCTGCGC,519,47.78,Mus musculus
SEQ_164589,GTCCGGTGAAAGTGGAGAGCCCAGGTTTGGTCACTTAGTGCACTCGCGCCACTTGCCACTTCCATGTATGCGCTCGACAATGAATTAACGAAAGTCCGATAGTGTCGCATTACCGCCCTGAGACCACAAGGGACATATTACACATACAAGCCCGGACAAAACAGCCGGGCCCATAGGGCTCGGACACCAATATTACATTTCGGCCGACAACTTATTATTCGCATGATGTTATCCAACAGCAGAACGCAGGTTAGTCACCCCTCCGGGTTACAGGCGTAAGCAAGATCACATGTGGCAGTATCCAGGAATGCACTTTGACAAGGCTATCCGCGTGGCGATCGTGCACAGCGTAAAAGCCTATATTTAAATGGTACACTCTCCCATAAGGCAGGAAGGAGAGGCTCTGCTGCTCTCGTATTGGCCCAACGCCCAGGTACACACTTTGTGACCGGGAAGAGGCCCATTTGTCACTGGGCTCTTTCGCCAGCACCGACCCAAATGTCACTAGTACGTGAACTAATGGTTAGTTGGATCCGGTTGAATTTCGACGGGCCAGTAAGCGGCCTTCCCCTTCATTGTTTCACCTCGGTAAAAAATGGGGAGACTGCACCTCGGGCGGGACTAGGGTCTCTGTGCGTATGTTGATTAGTACATGATCAGGTTACGTTCACCATGGTTGATAGAAACACTCGCAATTCATAGGGCACCTCTGAATACAGTAATGGTGATTACGTGGGGAGCTAAGCACCCAAGAATGCTGGTGTGGTTGGCTAAGGAGACACTCATTCAGCTTCCGGCGCAACTGCTCTAATTTTAGGACTCCTAATGGGATTTCGGGTCTAGGCGGGTCTGGGTAGCTCGAGTGTCTAACCAGGCTTACAAATGAATCCCTACTAACATTGATGGCGCTGGCTTACTAGGTGTTCGGTAGCGGAACACGCGGCGTAAGGCTTCTATGAAATAGCCGCCGAATGTGCCGTACGATGGCCCACAACGCTGCGCGGTCATTAAGTCGGGCGATTTGGGGTCACCTCTACCCCCATAATGCTAATTGTCGGCTGCTCCCGGGAACAGACGCCGGATACGGACCCCTACTCAGTATTACTAAGGCCAATCGGAATTCGATAACCGTAGGAAGGGCCCCCGCAAATGAACAGGCACGCTTTTTATAATACAAGCTTGACCAGGGACTTCGTGTCAACACTCGTCTCATTCGCTCTAGTATAAATCTCGTTCGTCCAAACTGCCAGAATACCCCACTATTAGCTACGATTGCCTGCCTGCGCCTACGGTGGGGGGTATAGGCTAAATCGTCTCAAGTATGACGGTTGGGAGCCCAAATGCTATGGATTAGTTTTTGAATTTATGACTGCCTTCCAATCTTCTTAGCCACCGCCGGACTAGTTAAAAAAGCAATTAGGCGTTTAGGACGAGTGAACTCCAAGGAGTTCGAATCGGAGAATGACCCGAGCGTGAGTGATATTCTCGTGTTATGCTCGGAGACACGAGCTCGGGGTATCGCCCAGAGTAAAAGCTGCCCATGGTGCACTTTGCGTATTGTTGAAGGACGCCCGCCTGGTCGCACATGTGTAGATACTCGGTGCTCACAATCCGATCTTTTTATAACCAGTTCTGGGGACCCGTTTTCTGAATTGAACGCA,1661,50.75,Saccharomyces cerevisiae
SEQ_966451,TCCAGTCCCCTTCACTCGACTCCACTGTTGATGTATTACAGGACGCACTCGCTACAATGGAGATACACTTTTTAGCCGAGATACAGAGCTCACGCGCTGCAGCTCCCTTACCTAATTTCAGCAGGCGGGACCGACGACCAAGGAGATGTGTACCATTCCAGGACGAGAACCCTGATTTTACATGGGGTGCTTATAAGCGGGCTCTGGACCCCCAGTATGGTCCGTGTAGAATGTGCACTAACAAAAGTGCCTCACTAGTACCCGATTCTAGTGCCTGTCTCGTATGTAGCTGAAAGCTCTGCAGATTCGGATGAACAGTTCTCGGACGACGCTGTGCTATAACCCAGTTCAGTCGTCGTGATAGGCCTCATGAGATCCCGTGATGTGACGCTGTGTTTCACCATAGGAACTCTAAACCAGCTTGGATGTTCTGTACAGGTAACCTGCAGGCTCTGGCGACCGTGCAGCCCAACGCTTCCTCTGGGAATAGGTGAGAAGCTTGCACTCTATGGATAGTCCGGCGGGATTCTTTCATGCCGAATATCTGCTCTTGAACTATAGCCTGTCCCAAGTCCACCTGAAAGCTCGCGCTGGTTGGCACTAACTGCGTAATGACTGCTTCCATGTCGTAACCCATGCGCGTCTTGCCTAGAGTAACTGATTCAGTCGTCCTTTCCAAGTTACTACTGCCCGGCTCAACTGCGAATTGTATGTTATCCAGAATTGCAAAGCTCGAGTCTGCAAGAATAATCTTTCGTCTGCGCAAGTTAGCAGGATCGTATAGGAAGCGATGCTGAGAGGTAATGAGAATCACATACTAGAAACATCGACAGCGTAACGAATGTAACGCGTCCATGACCGTTTGTCCTTGGATTGGGAGGGCCCAAAAGGAGAATAAAGTTATGCCGCA,910,50.0,Drosophila melanogaster
SEQ_609624,GACGAGACCGATCCAGAGACAGGTCAAGCCAAAGTATGTTAACGGTGTCGGAAATTGTGTGGATCGGACCGGGACTTCATGAACGAAACAAGCGTCTGGAGGGTGTGAGCTCTTATTTCACGTTTACGGACCAGTCAACGTCCAAGCGGGGCTACAGAAGAAAGGAGGGTCTTGCCTACAACGGCGACGATCGTCGGGGCCATTCGCAGCAGACGGGTTCAGTGCGCATACATCATGGGCGTAGCCAGACATCACGTTAACTCGACTGGGCTACAGCACCTTCTCCGCTTTTAATTTACTGGCCGAGGGCGGGCAGGGCCTGCTGCCTGACGAGGGGTAGTACGTCTAGAACGACCTCTCTGTATTCCGACCTTGTACTACTATAGCGTGACAGATTGCACAAAGAATTTCGCTACGGTTGGTAGAACATATGAGGACCCCCTTCATGAGGAACCAATACCAGCGTGTTTGCGCCTTAGATCGTATACTCTGAACCAAGAGCTACCTTAAGATAAGAACGACTTATCAGCGGGGATGGTCTCTCTAGACCCTGAAATTTAAAGGGGTTGTGAGTGCTTGACTCGCGTCGGAGTCCTATTACAGTAGGGCTGATGGCTATCAGAGGAGGTCAGAATCTATGGCTCACAGCCGACTTATTCGGCTCCAAGCACAGCAGGAATGCAGGGTTAGACATTCTGCGCGAGCCTGGCTTGGCACGGCGCGCGAACCCCCACTATACTGTTAATGAGTTACCAGCGGGAGCAGGCTCGCACACTATCTATATCGATAAGACCCCTAGGCTTCTCAACGAGGTGGCGCTAGCGGATTCCAAGTTGTCAGATGACTACAATAAGCTTGGTCGTCTCTCGATGGCTATCCTCGTGATAGGTTCATCTACGTACAGAGCTAACTTCATTGACTTCGAAAACTTCGACCTTGGGTCAACAACACCTACGCGCTAGTGTTGTTTGCTATGACCGCTGGTGCTCACGCCGGGCCAAAACCGGAGTGACCACGCTCATCGTGTTAGGCTTAGTTAAAAACACCTCCTTTAGACTAATTGTAGAATGCGGGACTGGCGACCTGTTAAATCTTTTATTCCCCCATATCATGTTACCGCGACCTGGGCCCCAACACATATAATCAAGTACTTGGGGACGCATTTGCACTACTAATGGTATAATTATATTGGCGACCCGGCCTCGCTCCTTCAGTATGATGGGTGGCACACTCGCCGCTCTGGCGATTTGCTTGTGTAATCTAAACTGACAGATCAATCGACATGAAATCCGCCCACAGTGAGTATAACTGAGAAAGAACAACGACTATATTACGTATCTCACGCAGCTTCGAGAAAGGCGGAACCCGATCGGGATAGCGGCGCTATCTATATCACTGCGGCGTCGCTCGATTTGCGCCACCCATGATAGGTCCTGTAGGTAGGAAGGGGAGCCGCCTCATTTGGCTAAGACATTTTTACTGGCACATGATCGTGACTAAAACGGGAGCTGAGTAGCTCCAACGCATCGGGTTCTTATGATGGGCGCTGATATCCTGCAGCTATGGCGTATGT,1573,50.92,Homo sapiens
SEQ_373206,TCAACCTGGGTAGACGCGGTGCATACCAGAGTATGGGCCTTGCCTTATCAAGTAGTCTTTCACGGTCAAGGAACTGTCTAGACCAGTGGAGCCGTAAGAATACTCAATAGATACCAAAGGGCGGGCATTCTTGCTTACAATGATTGCCCGCTAATAGACCGGAAAGTATGGATGTCAGTTTAACATTAAAAACCCATTGAGACGGGCTCGTGGGTATGGGACGAAGTTTTGGTGAGAATTTTATTACGACAACATGGAGTCTCAGGTGTGACGTCAAAAGTACAGGATCTTATATTCCCAACGTTGGAGACTCTCCGGCGGTTACAACGACAAAGGGTGCTAAGGGTCGGAAACAATACGAGTTGAATGGACATTGTAAACCTTTACAAGGCCTCATCTGCTGCAGTACTATACGGTGACTACCTTACCGTCTATTATACTCCTGTTCTAGCCTCGCGGGTTCTTGTAGGGTCGACAGGGTTCCCAATACGATTTCGTAAAGGCGATCGACTGCACGTTAATAGCCACGTAAATGGAATCTAACTCATGAGAGGGGCAGGTAGACTTCCGGATTCCTGTATAAGTCCGAATGTGACGCTCCAAATATTAGTTCTGCCGGCCCGTAATTCCTTGCTTTTCTGGAGTAATTCAAGCGGGCGCTTGCCCTACGGCCCCTGCGGCCGTTTAGAAGGGGGATAGCCAAGACGTGTAAAATGGCATATCATTCCGTAACTTCTGACAAAGGTTCTACCTAATATGAATACTGTTTAACCACCGATCTGCGACACGGGCTACCTGACACGTGAACGAAACTCCTGATTGGCATACGCCTATGAGATTTTTGGGGCGTACGTCGTGGCACCTTCTTCTGAGAGGTGTAAGACCTGAGTGCTACCCTACGAGATGCGCGGCAATCTTATCCATTCGCGTAGTATCGTCCCCGAAGGCCAGTGAAGACAGGTCACCAATCTGCCTGAGGTCATTGACCGGATTTTTAGTTTAACTCCTTCTTCGCCTATCCTGGGTGAGCATACGCAGTGCCGAGTAGGGTACTGGGTAGGTCTTATATACCTATTCTACACGTGGTTATTCTAACTACCCACGTCGGGCTTGGGCCGCGCGCACGAGCTATCCGTTTTACTTTTCATCACTAGACGGCGTTGGAATGTCTTCCCCGTCTGGGTCTATACACCGACGGTATGTCGAATCCGATCAGTTCGATAGGTTATGCATCGCGCGAGGGGTGCTTAAGACCGACTACCGTGCATCGAGTTCTGGAAGTGACGAGGGATATTGCTACAGGCTCCCGAAACAAGCTAAGTCGAGCATAACTTATTCCCGAAAGGGTTTGCAGGGCTTGATGGGCAAGGATACACGGAGGAGGGACACCGTGCTTAGCTAATGACAACCTCTTGCTGGTCTGATGGTGCCGGCTAAAATAACTTGTGAAACATGCAAGGACGGAGCTACTCTTAGCTATATCGCATACTCTCGTCTACACCCTTGGTAGCAAACGTATTGAATACTTTTACTTGAGGGCAGAGATTATCCGGTGATCG,1559,48.81,Saccharomyces cerevisiae
SEQ_664814,AGTCAGGATTCTACTTGACCCAACGTTGCTCAAGGCTATCACCGTCTTTGGTGAAAGGCACGGCCGCCCCCAAAACGAAAGGTCGATCGGCGCTGTGGCAGGTTATGGAAAGAGTGATTAGGCTACGACAGTCGACTAAACGGGGCCAATTCGATGGTCATGCGTCTAGCCAGGTGCGACCTAAGACATTTTTACTAGGCCCACCGCGTAGGTGTTAAGCGTGCCGCCCCTAATTGTGTCACGCTACTCCACTAGCTGCTCGGGATTACGAACTACTTTCCGCAATTAGAAAGACGTCAATTCGGTCGCGAACGGTGGAGCTATAAGGGCCTGGTGCCTGATTAGCCCAACCACTGGCGAGTCCACCTGCAGTGTGGGGAAGTTGCTGTGCCGCTCATTCTTACGTGCGGGTTATTAGGCCCAGTTGTTGGTATAACGTTGCGAAACTACTGGAGTTACGCCGCCCTGTGGCGCCGCCATTGATCCCTTCTTCACACGGGCCTGCCCACGGATATTCTAATTTATCATTAGAAGGGCTCCTCGTGTGACTAACGTTGGCGCTGATGTCCAATGGCTCATGGCTCAAGGACTTCACATCGGTGGCCGACTCATTGATCAGGGCTTGTCGTTGGTACTAGCATAATGCAGTAGTTCGGGCTGTGGCCGGCAGCAGGAATGTTGGATCTGAGGCAACTTCATAGCGCCCCTGGGTCCTTTCTGCGCCTTGAGCCGGGTTCCTGGGATAAATTATATCCAGTACTCCAATGTGACGCTCGGTGCAAGGCCCCCCTAAGTGTCGTAATCACGAAACACCAGGACGAGCGTCTTGCCACACGCTAAACTACATGACTACTAATTGAGAATGGATCTGTCACTATGATGTAGAGTTTACAGGGACGAATTATGTAGAGCGGCTATGTTACTGTGGCCAACGGGGGTAACAAGTATTTTACCTAAAACCTGCTGGGGAGAGGTGAGTCGCTGGCATGAAAGGCTTGTT,1000,52.4,Caenorhabditis elegans
SEQ_191140,TACACCGTCGCTTAGGCATGGGATATGAATTGCGCCTCTCTCTGACCGCTTCAAACCTAACACTTGCGCGATGGTCGTTCGCTTTATGTTTAGACCCGGAATCAGCCAAAGACAAGTTCCCCTTTTAGGCAGCACTTACCCGTCGATAGATAGATTAGAATGCTATTGTGTGGTTGGGTTCACTTGACACATGTTCCTGCCACGATTCCAGTATCCCTAAGTAAAACTGTGTGAAAGACGATATGCACCAGCGGAATAGACGTAGGTGATGTAACGCACGGGGAGCAGGTCACGGACACGTATTCGGGGCAAGTGATTCCAAGACGCTGGCATGTACTTGTCACCCTGACCCCCGTAACACGATCGCCTGTACCCTAAAGCTACAAGGCCTAAAGACTATGAAGGTGTAGGCACCTGACCGCCTTCGCCATGTGGCAAAAAGTAGAAACAGGC,453,50.11,Escherichia coli
SEQ_938583,CCGGGTTGAGGAATTGTGTAATGGCCTGCCTTGCGAAGTGCCCACCTAGGTTGAGGCGTAAATGGATCCCAAAGTTATAAGTGTGTGTGTGAAAGCCGGGATGCCACTATATAACCACAAAGCTACCTCACCCGACCAGGTACTTTCCCGGCCGCTAGACTAAGATTACTCG,172,51.16,Homo sapiens
SEQ_605325,GATAAGATCCGTTTGTGAACTTATTACCTGGTTTAAGTCGAAGAGGCTCCTACCCATGTTAGTAATTACGGATTGTTACGAGTTGACCAACAAGATGACTTCGAACATATACTCAATGGACTGCTCGCTGATTTCTGGCCCACACACAGCGGCGACTGCATAGTCTGACAGGTCCCGAGTAGGTTTCGTCTGTAATCTCTAATGTCTACCGATAAGCTGTTAATTCCGAGGGAAAACTGGAGGCGGTTCCGAGATCTTGTTAGCCCCATATTATCACGCGGATCCGATCGGAGTAGGCATCACCTTTGGGAAGTCCCACCGTAGAGCCAACGTCAACGCGCAGGTGCTTATTTAACAGGTGGCATTGAATTTCGTCGGACTATGTACGGTAAGGCTGTCTATTCGGCAAGCTGGATACGCTTGATCGAGCATTCGAGCGAAGTGACCTTGGTTGCACTGGTCGGTGCTTCAATCTCTAGAGTAAACCCCGTAGGCTCTAATATCTTGACTGAACGGGTACGCGGATGAGCCACGGTTACTCGGCGGCATTTCGTGGACGATTGTGGGGTGAGAGCCCGCACAGTAACAGACCATTTTAGGAGAGATTCTAACTCGACGTAGCGCCGGCTCACCAGTAGTAAAGTACGGACACGGAGATGAGCTCAACCAGGGAGGCCTGCCGTACCGTGTCCCTT,695,50.5,Mus musculus
SEQ_412571,CGCACTCGAGCAATAGGGTGGACTAGGGCAAGTTGACGAAATTAGCTGAGACGGTCACGCGTAGAAATTTCATGCTCGATTTGAAACTGTGGGCGGGGTACCGCGCGCTCACGAGTGGTTGTGGGGGGCCTCACCCGACGGCTCAACCTTAGTTTCTTTGACATTTGATACGAGACTGAACAATACGAGTCGAAGCAGCTTCGGTGCTACACGACCCAAATCGTAGGAGCGCCGCGTTCTATTCAGCATCTGCCGTGCTAGTTGAAAAAATAAAGGGGGATAGCCGTGCTTGACACGAAGAGAACCAGTCCTTTCTTTTCAGCGTCGTTTGGCGGCGTCCGCCTCGTAGTCCCTAATTCCGCCTTACAGAAGAAGAAGCATATTCGAGTTTGAATTGTCAGTTGTCTGCAAGTTTCAAGTCAGGCCGGATGTGATCGTGCCTCCATGGTGCCTCAGCGGCATGGAGAACATGCATTTCACGGCGGAAGTGTGTCTCAGAGACCTCCACGTGTTCAAACACGATAGGGAAGCACTAGTGTGCCCGACTGGAGACATAGGTCCGCAGAACGCGTCGCTGAATGTGTGTCAGCCGATTCCATAACCTATACAATGCGTACTACTAGTGGCATGGCTCCGCTCCAGAGGTCCCGACCGCGTCCGGAACGCTGCTAGCTGCCGTCGCTAGTGCTTGATGAGGGTTAACGCGTCATGTCGTCAGACAGAATCTTCCAAGCACAAGCCATATACTACTCCCAACAACCGGTGTCTTACTGGATCAAATGCCGCCTGCATCGAAGCGCCTGGGTGGCAGCCCAAACCTATTATTTGATTCGATGGTACCGGATTATCGTTACGCGCGGTAGTCGTCCTGACCTGTACCGCTCACTAAGGCTGTGCCAAATTTACGCCCGCGGTCCGTGTGGAGAATCTAATAGGTAGGGGGGACGGGCCCTTTTGGAAACCATTCAATAGCAACCGGGCCGTCGCCGTTAGCAAGTTTATGGAGGGGCGCACGCTGGGCTGCGCATATGTCCTTATAGTCCGGCATATCGTTTGGTTCTTGGCCCCAAACTGACATGAAAAGTCGTGTACTGTCTAATTAGGACTACAAGACCAAAGAGAAATGACGCGTGCAGTCCCCAGAGTCGCCTCAAAAGATGGTCCTCGTTTGACTACTCGACGCACTGGCAGTCCGTAACCTTATAAGGTAGGAACAAGGAAACATGCTTGGCCGAGAGCACCATTCACGGTATGTACAAAGTTATATACACAGCGAGGGACGCCACCTCACCAGAAGACTCTGAACACGTTGAGCTGAATGACCATACGTGCCCTCTAATGATCCCTGATTTTTCGGCGTCACGCGCGTTACCCCGGTTTGGGAATAAATGCGACGATTCTACGCACCTTCTAGCCACTATACATGATGTGATCCCAAACCTCTTGAAAGTTGAAGACCCGTACGCGATCCCGGAACTCCTATAATCGGTTCGACTAATGGATGGTTCGGGCTGAACAGAGTCGAGTATAGGTTGCAGGAGAGGCTGTGCGGTTAAAGATTGCGTGTTAAGGCACATCTTACATGAACACGCGCCGGCTGTACCAGCCCTGTAATAAAATTCTTTCACAAGCTTACGGATGCAATCGTTAGATTTAGGACTCTACGCAAATCTATGGTTAATATTTTTTGTACAACAGTCATTGGTCGTACTGCCATACCCGCTCATACCAACTCGGGGCTGACAATGAAAGTCA,1755,51.17,Drosophila melanogaster
SEQ_331880,TTTCTATGGTTTTAACCACCTGTGCCCAAAAGGGACGCTTAGACAAGGGCCTCACAATCATTTGGCAATAAGCGCCCACCCGTGGATATCCTTCCATGAACTAGATCTCTACATTCCCGTCGGTGCAATGCGTCAAGATTGTCAGTGAGAAAACGCGTCTATGCCATGTCAGCAGTCGTCCGGATGTACACGGACGTGCAGGGCTGGGCACTACCGACACCCGTCCACCCATCCCAGCGACGGTGTCACACTTAAGCAAAGACTTTGGTGCGCCCCCCTCGTGGGCCTCAAAAGGGTAGGTGTCGGGCAGCCCTGCACATCATATCACGTCGAAACCCGACGCCGGTGTTGT,352,55.11,Escherichia coli
SEQ_360879,TCGCTCGGCACTCTCTTAACAAGGTGGTCGTAATTGGCAACGAGTACTGGGATAGATGAAAGTAGCACATACTGCTGAGGGGATTTCGATACAACCAGCGGGCCGTAATCTCAGACCGCCTCGCTATACCATACTAATAGCCCGGTAACACAATACTCGGAAACAGATACAGAGGCACGGTACCATCTTAATCGTTCTCGAGATAGTGCATTGCGAGGGCAGGGTTGGACTCAATTATCATGAACTCGTGAGTTGTATAGAAAGGCGATTTGCAGGGTCAATTAAACGTGTAACTGTAGGATTGATGACGCCAATACTTCACTATGGACAACTGGGAAGCCAGACTGGACTGTGGAAGGCTATGTTTACCAAGTAGGTGAGGATAGGACGGGGACCTACTCGAACGTTTTCAGCAGGTGCGAGTCAAGACAGTTACTGACGGCTGCGCCCTTACGCTACAGGGACACAACTGGCTTTTTGAATAAACTGAGGGTGGTGGTAAGCACCGACCGGAAAAGTGCGTATGGTCAAGCGAGCAAATGCGTTCTGTATTAACCGAGTCTTAGGGCGTTGGGTGAGCTAGCCGCCATTAATCAGTTGAGCCCGAGGAATCCCCGCAGGCAATCACATCGTCATTAAGGTTACTGACAGTGTATGTGTGTTGCCAGACAGGTTAAAAGACACACTCCTTGGCTCCTACTGATGTAATTTCAGAATAGGGTAGACTTTGATTGATCGAACACTAACATCGGGACTCCTAGTTCCGTTTACGCCCCTCCAATCACTGCGCGGCTAGAGCGTAGTTCTCTGATTGGACGGCATGCCGTTTTTTTGCCACATGTCCGCATCCGAGATTGTGCTGCTCATCAAAGCAACCCCAACTGGCGATCGAAAGAGTACACCCTCGTAACTTTTTGTATGGACATATCTTTTACGAGCCTAATTGTCAGCACCTCGTCTGTCCAGGGATTGAGTTAAAACATACAAGAAGTAGAAGGAGTTGCCGGTCGCCCCACATAGCACTCATACTTCCAGCTCCACATAGGATTATCAACCATGATGGTCCGTGGTGACTACGTAAGCGCGGGATGCATCACGTCAGGTCGGAATCCGGGCCACCGTACAGATGGGAGATACGTGGTCCACACAGTATCCAGTGTTCTTTAAAACATTCGATGTACAGACGTGGAATTATAAGCCGCCCCTAGATGGAAATACCTGCTATAAATCGCGCTCCGCGTTCGGGAGGTAGGAATAAGCGGGTCCTATGTATGGT,1276,48.98,Caenorhabditis elegans
SEQ_622091,CCGGGGGCATCGGTAATCTAGCTCTTCCTAGCGGTCTGACGTGAATGGAAGTACATACACCGGTCGCCCATTTACCGGCGAGATCTCCATCGTCGATCTATTCGTGAGTAGAAGAGTGGCTCCTTAATGTAGGGCTGTCGAGCATGATATCGTAAAGTGCGACGTGTACGATTCACAAACTTCACGGCCCAGTGGAATTCACGATCGACGGGGGACCGAA,220,52.73,Arabidopsis thaliana
SEQ_624066,ACTTTGGGATTTCGTGAAAGTTGGCGAGCCCGCGGGTTCCCTTAATTAACCCGATCTGACGGGCACCATAACGACATAACTTCTAATCATTGGGTTCAAAGCTAATCCCTACGAACGAGAGCCCCGATCGTGATCCGTATGGTGAATCCAGGGTATAGTACATAGGGCTCCAGATCTTCACATTCTAATTAGAGATAGAAGTAACTTAGCCCCCTCACAGCTTCCGACGTGCAAAGATGTGGTATAGAGCTCACAAACGTTCCTCAGCTCAAGGTGCAACTTAGTAATACACCTACCTAGTGATTTCCGCTCACCCTACGGGCTGTAAGACGCTTGCTTCACCGCTCACTAATCTCAGTGAAAGGCCCTCTGTATTCGGGCCGATAAGAGTTACGTTAGCGTGGTTGACAGGTGGTTAGGTCGTGACGAATCCTAGAATGTTACTGAAGAACGAACTTGGGCTATGATCGACTCTGGAGACCGGGAGGCCTTGTCAAAATAAAATATGTCTATCGCTACTACCGAGCTATTGGGGAAATGGCCGGTGCGACGAGAAATGGTACGAGGGGCACAATCTGATTGGGTTCTCAGTTCGGTTAAAGTGGTGCGTGGCCTCCCCCAACCATACTATATTTTATGGGCAATGTCTGATGTACGGCACACTAAGCGGATCCTCTCAGTCTCAAGGTACTCCCTCCAAAACATAAGTGGCTGCCACTAAGCAGGAACTTGCGTGCACGAGCCCGGTGAATAATGTCCACGCTTACACGCGTGAAACTTCTTTTCCTAACCGGACTCATTAAGACGTAGCCTCCTCAATTTAAGTGGCAGATTAGAAATTAGCAAATACTGCAAAGGTTCCTTATTGCAAACGCGCCCACAGTTGAGGACTTGAATCTCTTGGTACACGTCTAGGCTATGGTATTACCTAGCTCCTTTAGCTCCTACCCATTAGTAGCTAGTCACTTCACTTCCAGGTACTGGTCCGAGTAATGTATAGTCACCGTTGAAATGACTCAGGTACCGACTAGGCGCTTCTCCCAAACTTAGGAGCACGTGCCCTAAGTAGTCCTGCATAGCGGCATTTTAAACCGTGATATCCGTCGCCGCCACTGACTTGCGGGCAGCAACTAATGCGTGTTCGGTCGCATCGGACCTACATGGCCAGTCCCTCTTCTGTCCCTTTTCACACCTGATCGGTCGTAACTCTGGTGGATCCAAAGCCGGCTGTTCCACCCCGAAAGACAACATCGATTTTACTTTCGAAGGTGAGCCACTTTCTCTTACGCTTGTAGGAATCATTGAAGTCATATGCACATCGGTTTTCGCTATGATTTTGCAACAATTACCATTCCACCAAAAGTTCGAAAACTAGGAGGCCATAGCGCCGCTAAATTTGGACCAGCGGACATCTCTGCTGGGAACGATTTCGAAACAAAATATTACAGAAATCAGTTCCACTAGCCTCACGGCGTGAGTCAGGTACTTTCAGGTCGGTAAACGAATCAAGTGTCGTCATACACTAGCTGCCTGTTTGAGTAACCTAACCGGACCAAAGATCCCCCTTGGAGTGCGCGATCAACGCAATTTGTAACATGGGAGCCAATGAAGCGGGAAAAGAAGGTGTAGCATCCTCGATCTAACAGAGGTGTGCTGATTCAGAACTTCACGAGGACAGCTAGTCGCGTGTTGTCACTCGTTCGTTCATCTTACACATGACCATGAGACAGCGGAAAGCTTCAACTGTATCACTCGCCGGGGACGTCCCATAG,1772,48.48,Homo sapiens
SEQ_643060,AACGGATATGTTCCGAGGCCCAGCGGCTGGCAGACAAGATAAGACAAGCCCTGTCCGCTAGTTGGGTCCACAAGGGCACGAGGGGATGGGGCTTAGGTGAATATTATTTCACCTGTCGGCCTACAAATGACCGACTACAAGGTTCAGAAGAGACTTTACCGACTTCGCGGTCGATGGGAGCTGTTAACCTATCACTATATTGATCCTAGGCATCTAAGTTTAAAGGCGCTTAGTATTTCGACTGCAGGAATGGCGCTGTCATTCCGCCCTCACATGATCCAGTAGCAATACTAGAGCTCCGAGCGCAAGGCAAGGATCAGTAAAAAATACGCTAAACTGGCTGTACCGCGTCGCCCGCTCGAACAGTACTTGCCAGGTGGAGTTTCAACGACACTCCTAGCCTTCAGGAGGCTTGCTCAGCTAACAAGACATTGTTCACTCCTCTGCTTAGGTACCACCGCTGGAGAGTGTTTATGATGGTATCGAAGCCGCCCTTTCACTACCGAGCTTTTGCAAATGCTTACGCCCCTTTCCGCCAAGAGGCTTCATGTCCACCTGTCAGCCCATTATTTTACTTGAGATTTTCCTTCTTAAAGGGCTACCTCAGGCGCAGCACCCGAATCAAAGAAACAGTAAATACCACCACGTACCGTTTTAGCGCCCGAAATCGGATGAACATAAGATCGATGGCCGCCGTCCGCCAGGTAGCTTAAGTGTCACACATTGTTGAATCCCGCCATCAGTCGAAAACGTGTAGGCATTTGACGCACCTTGAAGAGCTTTTATTACCCATCAGTACTCAGGGGATTTGCCTATGGAGCCAGGGTATGTCTAATTTGATTGATACCCTAAGTAGCGGAGGCCAGGAGAAGCTAGTACCCGCGGCTGCCTTGGAGTCTGTAACGGTACGGTACAACAACCAGATAAGATGTATGCATGCGGGGACCTGGACATTAGATCCTCATCGACTTCATACAATGCCAAATCAATTCGCGAGTGGTGTGTATTTAATGTCGTACGAGCTAATGCCCTTAATCCCTTGAAGCGGTTATGGTTTTTAGTGCTATTCTAAATGAGGAAGGCTCGGCGCGCAAGCTAAGTCTGGTCTTAGATACCGGCAGACCCGTATAGTTTCGGGGCGTGGTTGCTTTGCGCCAACCCATTTACACCTGTGAGAGGTATAGAAGCTTTGTTCCCTCGACTAACCGGTATCTGATGGTGTTAGAGCCAAGAGGGCGGGGGTTAACATCGCTACTTTGACCCACAACTGGGCGGATTATCTACCAAGTCGAACGCGTGGGCATCTCTAAAGGGATGCTCCTTGTCATCTATGTGCATAAAATTGGAAGAATAGCGTAATGACCGGAGAGGTATGCACGCGACTCAGGTCATGTACATTGCTCAACTTTGAGCTAGAACCCACGAAGAAGGCTTACTGTTTAAAAACCATCAATCGAACAGGTCAGTTTGTTGTTCGTAGGTCACTGTGAGCGTTCCCTACAGTCCATTGTTGCAAAGGCGCGCTGATATCCTTCGAATATCAGCAAGATTGGAAGTCCTCGTGGATGGGTGTGTCACATCGGTCTCTGATATAACGATAGAATCGTCCCTTCCGCAGTAGCGACTGACACCTCACGACGCGGCAACTCGATGATGTCCTGTCCAACAGTCACTGATTGGCAGCACCTTGGTAGCTGCCATACGCCATTTGTCTGAGCGTCGCCTTCCGCGACAGGCCGCGACACGGGTTTGGGAATTGGACTTACCATAGGCGGTAAG,1779,49.86,Saccharomyces cerevisiae
SEQ_499278,TGGATGGCGATTGTTACCCTCTCGAGATCGGTTTCTCTATATCACGACGACTGTTTAAAGCAAAGTAACACGAAGTTACCTTTAATTTTGATGGTGCCGATGGCACTCCATTGCTCACCAACGTAGGCCCCTTCGACGTAAGCATTGGATTGGGCTTCCAATTCATGACTTACGCGATGAACGCATAACAGGCAACGTACTACTCTCCCTCTGGGCTAAGATCGGGGCTCCTTTGGGTACCGTATAGCGGATGCAGCTTACATAGTTGGCCTAACTGATCTGTATGGATGCTTTCGGTCTGAGGTTGCCCCCGGGGGCGCTCGTTGTCTGGATTTGACATTTGCGCGAGCTAGACCATAACACAATTCGAGACGGCGAGTGAGAACCTTCACTGGGTTGCTTCTTTATCCCGTTCTGGCTGGCTTGGGTGCTACGCGCATCCAACCCGCCAGCCCGTTTATGGTAATGCCCAGGATACAGCC,482,51.45,Drosophila melanogaster
SEQ_261316,CATTCTACTTGCAGCGTTAACCTTTTATTGCTGAAATTCTTAAGTATCAAGAGCTCGGACTTATCGTGTGACTAACCTTGTAAAAGGTTGCCGCTGAGAGCCTAGATTGGAGGTTGTATCGTTTGTAGACTTAGGGGCCTTGGGGGGAGATGGCAAAAAGTCCCTCTGCGGCCTTTCTCCGGCAGACTGCGAGTGACTCGACAACCTCTCCCATCATCCTCGCCGACCCAGGGTCTGACCTGTTGAAAGAAGTCATCGTGACCTGCACCGGGAATAAGCCTGAGGGACTCCGACGTAGACAGTTCATCGAACATTAACTAACCCGCATTACTCCGACGTCTGGTTTAACCGATGATGCATATCATTATACACTAAACTATCTTGAACTGTTGATTAAATTTGTACAAGGTTATAGAAACGCTTGGGGACTTTCACATGGGGGACAATGTTGCATACTTTGTCTTCAAGATAGATGCCTACCCGGCGACTGTTGCCCGGTGGGGGGAACCCGAAATACATCTGAGGGAGATTACATTATAAAATTTTCTATTTAAATCCTGGAACCCCGAGTGCGGTACTTCTGCTATTGGCTACCTCAAGTGCAGGGAACCCGGCCGCGACGAATTAATGGAAGTAGCGGCGAGGGCAATTTTTATTGCTTCGCTTTTTATTCAATCCGTGCATTGTCCCTGTCATATCCGAATTTACAATTAACAAGTCTTGTAACTCTCGAGACGAGGGAATTTCATCCGACTGGCCGGCCTAAAAACACAGTAATCGCATGCTGAACGGATGAGTAAAGAGTGTGTGGTGTTCATCCGTACAATGGCAGGTCCCCCCCCATGCGGGCCTATCTGCTTATGACCAGTTGGTGATTAGCAACCTGCATCCGGCACGATACACGGCAGAAGTGCTAACGGCTCCTGGCAAGTGCGCTTTGTTTTTCTATAGAACCAAGCTGTTCCCATGGCTCCCAATCAATTTTCCGAGCCTGTACCGCGGGTCTTAATATGTTGATAGCTGATGACCAATCTCCTACCTCCCGTACAGTGGAGTTGCGTATCCGGCGGGCGCGGGTAACGGTTGAACAGCTACCTCTAAGCGTTTCAACCCAACATGTTCTTCTTCGGAGTATTCAGGTGGACGATCAGCCATTACGAAATGAGAACAGCAGATGTGGTGAGCTAACACTTAGCAGCCTCAGGCGGGAGGGTGTTCGGAGATGACAACACTTACAACCGCACGCCTAATGCGTCGCGGTAGATTACGATCCTCAAATCAATGATCCATTAGGGATTCTGTTCCCACCAAGAGTTCGACGCCCCCCGACATTTGCATGCCGGCAAAAATCCTCTGCGTGTTAATGCTCCGGTGTCTAATCTATTATGAGAGCCATGCCGCATTGCCCAACACCTGAACCCCCAACAGGCTATCTGAGAATAAGTCTAGCGTGCCATGGTCCTGTTTCAGACAAAAGGGTGGGAGCAAACACGAGGACACAAAAAGATTGCGCAGTCGTTGCGAGCTGTAGGGGCGTCCGCCACCCTTTAGTTCCCCCCCATAGAGGAAAGAATGTAGAGGATAGGCTAGTGGGCCACGGCGTCTACTACTTGCAAGCAACGAACGACGAGTACTCAGG,1639,49.48,Homo sapiens
SEQ_278047,TTCTACAGGTCAGGCGCTTTCCCCAATGTAACTGATCATTGTTGGGTACTGACTTTTGTAGACACCGTAAGAGAC,75,45.33,Saccharomyces cerevisiae
SEQ_455806,TTGGGCATGCTGAGCTGACTGCATTACGGGTAGAGTTCTATTGAACGTTCGAGCTTCATTGGAATTGCGGTCCTCCATTAAACCAATCTGACTTGAGCTCAAACAACCCTACCTGCTGTGATGTCAGATCTCGTATCAAGTGTAGGAGAAGTGACAAGTGCTGTCCGTAGCCTCGAAGCCCTGTATTGAAGACGAAATGCACGACGCAGGCATGTTAATTAGTCGTCTCAAGCACAGCGCCCTGCCCTCAATTTTCTATATCACCGTCACCGTGGCACTTCTTGCTAACCACCGAAGTAGTGCAATCGTCAAGACCAACAGACTCGCAGACAGATAACCTATCTTCTTGAGACGGCAAACACTGAAGCGTACAAAGACTTACCGTTCTAAGTGCGTATTTCGGCAATATCTTCAGATCCCTGGAGTTGGCATATTTCTGGAGTCTTTCTGCGGCGGGCTTCGGCGGCTTTGTCGGGACACTCCTACACCTATAGGCCTAGGTGTCAAAAGTGCGCAATTTTCAGGATTCGAGAGGTGATCGAACCGGGTCTCGGATCTTAGTTGATGTATCCTGTGCGAACATGAACGTCGAAGTTACTCCCATTAAATAGACGATGGGCAACCTGATTTGACGAGTACTTGTTGATCCCCCAAATTATATGATGTATGCGGAAACAGCTACGTAAGATACAATCCAACAGGCTCCCCCGTTACTATGAGACACCCGAATTATACTTTACCTAACCACTCGCTTTCAATGAGTGCACGCTTCCTATTAGGGTAACGAATGAGATCAATTTTGATCAAGCTGCGACACCTCGTCGGTAGCATATCGATAATTCTGGTCTGCGGGTACAGTGCTGTAGAGCTGGGAGCTCCGCCTGCGTCCCAGCGAATGAAACTATTAGGCGATCCGCGTCCGCACGCAATTCTCGGTCAAAAGGGTGTAATGAAAGGGTGCACAGTTGGTCATTAGACCCTCGGACGAGCAGCGTAGTTATTTAATGGGGGGAACTCGTACCGCTGACTTCTGCCGCACCCTTCACTCCCACAGAGCGCGACGGGGAGGCCCGCCGCGATGTCCGGAGCTACTACTCAAGTATAGACGAGATCCGCAGGAAAACCCTCAGCCGTCTATCTAGAGATGCTCCACATGATCTTTGCTCGAATGAGTTTATACAGCCATGGAGAACGTGTCCGGGCATGTACGACTTGCCCTGCAGAATGAAGTGAATACCTCTACTGAATCGTGCAGCCTAACACGGCGACTTGAGTCATATTGTTGATTATCTAAGTCCAATTGATATGCCCATCACGGCGTGCGTCCATCAGAGGGTTCCGCGGATAGCACGACACAGGGGGTTCTGCTAGGCAGCTGGAATTGTTTGTGCGCAGAGGCGTAGACTATGGGAAGATCAACCGCTATGGGTTAGATCTCATCCTCCTGTCGTGCTTATACCGACCTGATGTGCACCATGCGCCTACCGAGGCGCGGATCCTAGGATCATCGGATCACCATGAAAGGTGGCATAGATTGCCAGGATTCCAAGGCGGATGTCTATAGGTCAGCTCTCGGCTAAAGATATTTCCACTTCAATCCGCTATAGATGCTAATTTCTAGCGACTTGCGCTAGCACGGCCCGAGTACTGATGAACAATAAGCTAGAACGCACATGGCCGTGACTTTCAATCCGTTCCCCTTTGGTTAGCAGACACTATCAAACAATCTAAATCCGGTAATAACGATGCTTATCTCTAGCTGTTAACCGTGTGGTATAAA,1780,49.38,Mus musculus
SEQ_396088,GATGCCAGCGAGATCTGCGACCGTACGTCGTCGGTATGAGAGCCCGCGCCAATTGTCAGACGCGAATAACATCACACGGAGAGTCGAGTAAG,92,56.52,Escherichia coli
SEQ_277792,CGTGGCTGCAGTTACTTTTCAAAAAGCCCACACATCTAGACTACAAGTTGCTACCAAGCGACAAGGCGTCAGGCGGTCTAGCGGGGTATCAACTAAACCGTATGACATCACATCTTTCCCCGTAGTAACATAGTATATTAACCACCTTTTCATTAAGCACCAGTGTAAGATGGCCCCCGAATTTGATTGTGTAATCTATCATAGTCAATACCGTTACATACTTGTGCTGCTACAGGGGCGAGGGTGGCCCCTAGATATTTTCGTTCAATGATCATCCACCCGAAATTCTGTCATGCGGGGATGGTGATGTCTCATAGTTTCATTCAATGATCTAATGGAGCTTACATGTAGCATAGACATTTCCGGCAGCTATACGGCTTTGAAATGAGTTAAGTTACTACATCAAATGCAAGCCGAACCACGTCGTAATCTAGCCACGCACGCACCCGCCTCCGTCTGTGCATAGCAGAATGCAGGGGGAGCGGAAACTTCTACCGAGTACGGCGGCCAGTAGGTATCGAGAGGAGAGCTAACGGGTTGTTATCCTTAGGCGTGGAATGTGCATGTGTAGAGTCTAGAACTATCGCTCAGCATATCTGTGATGGCATCAAAGACGAGGCTACTCACTCGGAACACGGTAGCACTATCTATGGTCCTAGCCGTTCATGCTATCTAGAGTGAGCGAAGCTAGTCCGAGTTATGTAAGGACTTTACAGGTCCCTTTACCGTACTACTGTACACCGAATGGGTATACGTCCGGTGACGCCTTCGTCCTCCTGTGGTCAAGCCGACCCCACAAATGGTGGCGCTACATTACCGACGTGCAGATTCCAACTTAGGTAGAATTCTCTTATCTACAAAAGGGTAACAACGACTAATTGGCCCTAGATGACTTAGTCCATGAAGATAATTGAATCAAGGGTCCATTCCCCTATGATCAAAAGTCCCTTGTCCCTTATGATAAATAGATTTGGGGCGAGACCCAAAGGCCATCCCGTTACATAATTAGTCGACCCTGATGGAATGTTTCGAGGACCTACCTCACATCGCATCTTATGGTCTGCGATGGTAAATTTGGTACAGGAGGCTGCCAAATCGGAGCGTTAAGAGTTACCGTCCTCATACCATTCATTAACACGGAAATTACGAGACCTTCGACGTGTTTGCCCAGCAGTGCAGAGATGACATCCCTAGCGCGTGTAATTATTGGCATTTGCTCCTGGGTCTTCCCTTGGTTCTATAAGTGCTGTTCTTATTCATGTCCTCACGCTGCACATTCTACAAGTGCGACGTTAGCAAAGTCTTTATATA,1311,46.83,Caenorhabditis elegans
SEQ_251276,AGCATAGGCGCGCTCATTCAATTGCTTTGTCCCTGCCAGTCCGTACCCGACGCGGCAGTTCATGGGGGGTTGTAAAGCTATCTGGTCAAAGCTGTGGAAAGACCTGAGCAGTATTGAAGCATCGAGGGTGTAGTGTGTCAACATTCACCATAGTGGCCCGCGGAGAAACAAGAGGCTGCCCTGGGTTAGCTGCATGAAGCATAGGTGGGCGGTACAGTCGGGCTACTACCCTTGGGGTCTCTACGTGAAATCGGGATGTCTTACGACCTAAAGCGGGCAGTTAGTCATGAGTGACACAGAGTCGAAGTACTCTGAACTCTGATGTAACGTGTTAGAATATTCTTATACTCAATACAGATCTATTTACGAGGCTGCAGGAAACCTCAGGACTACAAAAAGCGATGCGGGCTGCCGACATGTCTGCTTCCCGAGTGTCCTATACGTCATTGTGACATATAAGCTTTAGTATTTCCCGGGTGTATGTCGTGAATATGAATAGGTGTCCACGGACCTCTTCCAGCCGTACGCGCGCGAATTTACCCAGGAGCACGGATAAGCGTCAGTAAAACCAGTTAGGGTGGGGTTTCGAGGACGCGCTGATGTTCACGCGGGCGACACCTACCTTTTCAGTTTCGTCATGAAAGAATAGTCAAGACGGTATACGTGTGGAGGATCTAACGTATAAAAAAGGTTAATCACCTCGAGGCATAAGATGAGAGCTGTAGGGGAGCCTACCAGATCTTTCGAAAGCTTTTGAGGTTGCGGGGTTGCTGTACTAGACTACTGATTAATTCGACAATCTTCTGAGTGTGAGAATTCCAATCATAATTTCGAAACGCGAGTTGCACGACAGAGAATGCCGGCAGCTTCGCTGAAAATCCACGGCTACATAAGCAACCCCGGCGATCACTTCAAAGGGCTGACTGGTACGTAGCTCCTTCCGTTCTCTACATGGTTCTTATCCAACCGAGGAAGAGCGCCCGGAGCCCGATTCACGCCTGATCCGATCAGCACAGCCTTCGCACCGTTCCTGCGGCTACAGTTCCCGTGACTCTTTGGCTGCCCTTTTGCGGTTGGGCCAGTAAATGCTGGGGCAGCCCAACGAACGCGGGTTCAAAGATGCTGCGACCTTGATGGAAGGTACCTTTCATTGCCCACCATTTATAATTACGAGAGATAGAGGTCTTTCCTCTCTAGTCCAGGACCCAGGTGATGCTCAGTGATGCGAGTTCCCAGTAGTCACGCCTGTCGAGCCATTTGCGAGGCATCAGAAAGCATAATTCGGGTATTGAGGATTATCCATTGCCGCTCCGGAACGAAAATGCTTGACAAATGCGGACAGAGATAGAGGTTACTTGAGCGTTTGTTGGGGTGTGGGACGGCAGACTGAGTCGAAGCGTGCCTGGGGTCGAGTTATCTCAACAGTGGGTTTCCTGCGCTAGAAGAATGGGGTAGGTTAGCCAGGGTTTCGATCCCCCTCTTTGATGCCTTCACGCTTATTTATGCATAAGCCATCCTAAACTGTGGCAAACAAAGAGCTAGTACACTCGATTGGCACAAAGCACGTACTATCATAGTCTCCCACACAGTACACAATCCCGTATTTTCTCCATTGAGCTC,1620,50.31,Arabidopsis thaliana
SEQ_490504,GGAACATATAACACACAATTTTCCTCCTTTATTAGCGGAACGGCGTGCGCTCCCTCCAACAGTCTTTACGCGTGTGGCGCAAGTTGCCTATTTCATTACGTGGCAACCAGTTAAACTTTTCGCTTGAGCAGAATTCAAGAAGGGACTGTTCTAGACAAAGCTAGTTGTTTAACGACGTACTTCATGAAAGTTTGGTAGACACGTGTTCCAGAGTATTGATTCAGTGGCTATGATATACTCTGTAAGAGAGAGATGCGGGGGATTTTAGGCTATACACTACCCTAAACTCCTCCCGCAGCCGTGCATACTTTCTGTTAGAAGCCTTTAGGTCGGTGGTTGCAGATTGGTTCCTCTTGACTGAGTATGCTCTTGGTATTTTTTCCTCCTGTCCCCTAAGACCTACGCTCTACGCTCTTACCAATCAGGTGGGACTACCGGGTCTGCAAGTCAAGGTCGCCCACCGCCCGGCATATCTAGTACTTGATCGTGAAACGAGGGCCGAGCGCCTAGGGGCCTGCCATGTCGTAAAGCCGAGCTCTGCAGAACAATAGGACTCGGGTCCCCCCAATCATTTCCTATGGTGTCTAGACAGCCGGTCAGTACACATCGGTAACATTGGATGATACAATAGTCGTTGTCTTGCGAGATTTATACCAGGCGGTGTTATGCTTTTAGGAGATTTTGTAGAGTGGACCGTGTGAGTCGATAAGGAGACCAACATCAGCTTTCTCCT,733,48.16,Arabidopsis thaliana
SEQ_906636,TATTGGCATAGCTGTAACGCGGTATTGTGCCTCTAAAACGAGGAAACGTACGACAAACGCGGAGATCAAGTATATCTCTTAAATTTCTCCAGAGTCTTGAACATTAGAAGAAGGAGGTGATTAGTCCTGTGATGGGCCTGGGGGCCCGACCCTTTATTGTTACGCGCTGTGCCGGCTGAAAATTAAACGCTGTGAGCCGAAGCCGCGTGGATACTAATTCATGTTAGTCAAGAAACAGGTATGGACCAATTCTTAGGCGTTTATACTCACCGGGGCCGCATATAGGACTCAGCGTCAGAAAGCATCAGACTCTAATGAGCCACATACAGCGTCCCCGGGGAAACCACCCAGGCGGCCCTATTAGAAAACGGAGAGGGTTGCGTACAGTCGTTGGGCGGTCTAAGGAGGCCTTATGCAGATGTATTGCCGTATCCAGGCCTTAGCGCTGGGCACAATTGCATTCCATCTCTAGCTACTCAGATGTGGTCTCCGACCGTACTGTAAAAATCGGTTTT,515,49.51,Mus musculus
SEQ_760686,ATAGCTCCGGGACCGCTCTAAGAGAGAATACCGAGTCTTAGGTGCGTGAGGCGGGTGTGCATGCGGGGATAAGGACGCTAGTAGCTACTTGGTTCAGCGGTGCTTACACAGCATCGCAGACATCAATAGGCACCCATAAACGGGGGAATTGAGACTATGGCATAGGTGTAAGGGCATTTTACAGGCTTACCAGTTAGTACTGAGGTGAGGTCCCAAGTAGGACTCCAGATGTGCATTCTTCTTGGGCGGCAAAAAAGACCAGAGAGGGTTGAACGGCTCTTGAACGTATGCATGTAGATCTCGACTAACTAAGATGAAGCCTAAGTTCCCGATTGTCTACCGTCTTCCCGAGGACGAAGCTCTTATTCCGCCCCCTTGGGAGATTTAGTCCGTCAACCTGCGTAATGGACTTTCGAAGCAGGCAGTTTATAGCTTGATGGCCCGGGGCCTCACTTTGCCTCGAACGATCGTTAAGTGTTGAGGCGCCCCCCAGGCGTATATTT,503,51.49,Homo sapiens
SEQ_109613,TTGACATTGCCTCCAGGGAATTTGTCGCAAGAGCCTGCGCTGACAATCCTCTACATAATTCGACGCAGGCGACGTACACCAGTTATGTAGTTTGAGGGACCGGTGAAAATAAAGTCTGATAGGTAGTTCGCCACTAAGGCCATGTAAACATAAGGTGTGTGGCCGGTTTCTGTGATCCGCTCTTTTCAATCGCGTCCAACACTACGGATGTGTATGCCGAGATCGACTGTTAACTGTGGCATGTATATCTAATACGTACGTGCAAGCGTACTCTTGTTCCGCCAAAAAATGGGTAGTTATTTGTAAGTCCCATACCAGTCTATACTTGTAATTGCTACTGTGCGGTCTTCGTACGACTGACCTTTCCGAAACGATCCGAGGTGGAAACGCCAGGAGGTGCAAGTGCTTAAGGAACATGCGCAATCAAAGGCGTCCGTGTACAGATCGATACACGTGGACGGCGCCCCTCCAGATCGAAGAGCGTTTATACGCCTACCTATATGGCAGCATCTGGCGGGAGACCCGTCTATATGGCTAGCAGGAGCGAGCCTGAAGCGCGTGGTGTTGACTCTCCGAGGTGGCGCAATAGCTTCGTTCCCGGGAGCGCTTCACACCGCACATCTCTCCCGCTGGCGGTGGCACTGCCTCATTCTGTCGACACGGCAACATCGTCTGTGGATACTGCTACTATGCTTTATCTAAAAAGTCAAGCTCTCTGCCGGCAGAATGGTTTAGGATAACAAGCCCGGCAACATCAAAATATTGACAGATAGGCAAACATAGCGATCCTGGCCTATGCAGGCACATACCAAGCCACATTCGTATAGCACATGTCTCGCTACACGGAGTCACGTACTGCGATCACGTAAAGTCAAATACGTACGCTTTACATGATTAGGCAACCATAGCTTCTTCTCCTTCTCCTTTGGCTTGGATTGCTAGATCATTGTTCCCCCCTCTCTCTAGCACGATATAGCAATGGTTGAGTAGGCGCCTTCTGTCGGATCCCCCATATTCCGTACGCCAACTTAC,1032,50.0,Arabidopsis thaliana
SEQ_203023,GCGCTCATGGATGAGAATCGAACGTCAGGTGCCTCTCTCGGAGCTATAAGCTTAGGCTCGCCACCACCTGGACTACGGTGGCCTTCTACCGCGTTTGGTGAGTTACCGTTTGTCGTTCTTACATTCCGGCGGCACAAGTAGACCGCATCCACAATCGACTACAACAGAGCACGATCGAATTTGGCTCACGTGGTATTGCGCGTCATCGTACCCATCAACTTACCTGCACGAGGCGACGTTAAGTCTTGTATTGAACCAGATCGAGGCATTAGAGCCGCCACCTCACCCCATATCACTGTACTAGTGACCATTTTGGTTGAGGCGCCATCGAGCACAAACCGTACGACCGAGGCGCGGATTACAACTGCATACTATGGTCGACTCTATTGAGGGGGGAGGAGCAATGATCTCTGGGTGCGTAGGTGACGAGGAGACGGTCCACGACCAGGCCGAATCAAACGCCTCAAGGGAGACCCGTTTTGTTGTCGGAAGCATTATCCTCTGCGGGCTGGTCATATTCACGGGATTTTGATTGTCGCCCGATCATCATCCCAGAACCTTCTGCAAAATCCATTGTGTGCCTTTAGATCGGATTTGATGTTAACATGCGTTCCCGAGTTCCTATGGTTTCCGTGCGAAACCCGGTGCGGGTCGTGGTATAGGGCTTCCCATGGCCTATAAAACCTAGTCCTCGGTCATAATCCGCCTCTCCGATTTCTGCTTCAATGATATAAGTACTCAAGTTCGAGATTATGCGAATCTCACGAAATGGAGACGAATTTAGTACAGTTATTTAGGTTCAACGACAAGATCTGTTTGTCGGCCATGGTGACGCAAAGCAATTTCATAGGCCCCGCCTGCATGAAAACCCCCTGCCCTCGATTTTTGGGCTAGGCATAAGAAGCATGTTGACAACCAATGACCCCTCAGATTACCTGAATGGGAGTAATGAAGCCGCAGTCTAACTTGAACAACTCGGAGCCGTAAACACCTTAAATATGATTAGCGTGAATGTCTTACGGACTGACTATCAGTTTTTTTTAGAGGATTCCGCATAGTGCCCGGCGTTCCAGCGCACTTTACCC,1085,50.14,Drosophila melanogaster
SEQ_768524,ATGCTACGGGACGTTCGGTTGTAGCTCGACTCCAGATCCGCCCGGTGTTGTGTAACGTGACACGGCAAGCGTTTGTTCGATTTGGGTACTTCGTCAAAGCGGGATGTAGCCCCTCGAGACACATAGGTGATAGCTAGTTCCACGTCTATTAGCTCCTTTTGTGTGACGGAACTACAGAATGAAGCATAGCCAAGTGGGAGACATTCACCTGTGTTGCAGAATCCGATGCTACAGTTGCCTCGTTGGCGGGGGATTCACGCACCTTTATTCAAGTCACTATGAAGTGCTCTGAGTCTGGTGAAATAAATCATTTTCCTGTGGTCAACTATTCTAACGACAGACGGACAGCCGGTCTCCGAAGTAGAGCCTCTGCGGGGCGACTAACATACGGGATTGGTGTCTTAGAAACACTGGCTCGCCCCGATTGTATCATGACTCTTTTACAACCTGTTTGTGGTGATAGGTTTTGACAAGCCCACAAGCTAGTGCTTACTTCGGTAATCAAACGGAGATGTTGGCTCCAACGGGCTGATGAAAGTTTGACCATAAACCCGGTACGCTTTGCCCCCGCGGACTAAGAAAGCCTGACGCCTACGGGTCACGCAGCATCGATGATATAACCAGGGCTAAGGCAACCGCTATTATTATCAGGGACGAATATGTATCGAATCAAGGTCACCCAGTGAACCCATATCGGCCCGTAAGCTACCGAGTCTTGACCCCGTGAGGAGTACGAGTCGTGTACCTCTAGGAATTCGGTACCTTTCCCGGTCTCCTTCCCCGTTGAGGGCTAACACAGCGATACATGAAGTAGCCGGTGTTGATGGCTATGAGGAAAACTCTTAACCCCGTTTATACGAGGAAGTAGACCTCCATCGACGGGGAGGGCGCGGAAGGGTCCGACTGGCAACTCACGACCCCGATTTCGATACATCATGGGTATACCACTCTATATCTTTCTACTAGTCTCGGCATTTTCGTTGAGACGGATGTATTCTCCAGCATGCTCTGACCTTCTTTTTAGCCTCCTAGCTTGATTCCAGGAATTAAGGCGTTCCTAGTTATCACCCGCTCGAACATCACCGGTGTGAGACTGGGTCCGCGGTCGGCGTGCAAGAGTAACCCTGGTACACTCTGCGGTTGAAAGACAAGGCGCTAACCGTCGAAAACATAAGCGCAGTTCTGTAGGTATGACGCTCATATACGGAAGCGCGCGTCAGAGTCTTCGTAAGCTAATGTGCAATCAGGCGTGTTTGGTTGTTTAGGTGGACAGACTGGGCCAACTTTATTACATACGTCAA,1301,50.42,Arabidopsis thaliana
SEQ_964568,ATATTGCCTGGGTCCCGCAGCGGAGCGGTAGCGACTCCTTGTAATGAATGCGAGGGAGCATCGACTACGTTAAACTGCATGGTGCCTCAGATTGTCGGTTTTTACTATATCCAGGCTAACTGGTGTTGTTAGAGATCCGGCTGATCAGTGGACCGTGGCTGGCAATCGTCAGGTAATCAAGACGTAGAGTGGTTCAGACAGATTACGTGGTGACGGGTAAAAACAGCCTAATAGGGCGCCTGTTGCGTCTAGCGTCAAGGTAAGTGGCCCGCAACAATCAGTAAAGGAATTATGATCAGAGAATGGCCTCTATGCCGGTCACTTATTATTGTTCTACAGCAAGTTACCTAGACAGTCTCATGTTAGGTTAATGCATATACCGGTGTGCCTTAGCGGTGCGGAAACGAGTAAATTCTGTCTGACTGCACCTTATCTCCGAAAGCCAGTGGCCCGGTTGGTCACAACCTTATCAGGCACTTCCCTATTTTGGTGTCTAGCGGTGCACGTTAGATTAGTGATCTTTTATCGCGGCCCGCTAACGCTGTATCATCATACTTCGCCACAGGTTTCGGATCTCAGACCAAGTGGGAGAATTTGGCGCTCGATGACGAAATTCCTTTGGGAGGCGTGATTAATGCTTCTCCCGATAGTGTAGCGCCCCTACGACCGAAGACCTATTCTCAGGCTTTCACAGGCTAGTTCGTCGTATACACCAGGGGTGCGAGCTTTTCGTATAAATGCTGGCTGCCATTGGACTGGCCCCGGGCTTTTACTACCCGAATACCGTTACCAGTATAAGTCTACGACCGTACCACACCATTGTTCAAGCGAACGTTTCCTGGTAGTGCCTCTAGACGGTCCGCTTGACGGCCCATCCTACCTATGATACTTGCCTTACCTGAACGAGCGCCTAGCGTGTCTATTAAGTGACGTTCACAGCACAGCTAAGCACCGTGTGACTAGTGTCTACGCACGCTAATGAAGAGCTTCCGCAGGCGTGCTACGACCCTCTAGGGTGCTTATAAGGGTAGATGGCGAGATATTCAAACTCTAGGCTGTCTGATTACGAAAGAGCGTCGGCTACCCCTTTGCATGCACGTTATCCGGAGCATGATCTTTTAGAGCTTCGACTGAACGTTTTGCCGTTGCAGGAATTGAGACTTAACGCAACGAGCCGTACGGGACAGATGCGGTATACACTCCCCCATCCAACCAGAGGTTCGAATCACACACTGTACGTAAATTCAGTCAGCTTCCTTAGCTAGACAAGCGCGTAGCACGTTTTACCACCTTTGGTGAAGTACCGAGAGCCGTGTATAAGGTGAGGCCGTCTGAGTAGTTCAAGTTACTACGGCCGAGTACATGCGAATCGTCAATGACAATCTTGGGGTGCGTCCTCAAGAGGGGTTTGTCGCCGTTTGACTCGCGACGGATTATAGGTACTTGAAATATCTGTGACGCCAAACGTTTGACTTTCAAGAAAAACGCCCCGTAGGTTACGAGCCCTCCCATTCGGTAAATCTGATA,1527,49.97,Mus musculus
SEQ_992421,AATGCCAACTGAGGCTCCTGACCTTAGTTATCCTTTCCACTCGCAACGATCAGCTCGCGTCTCAGACCGGAAAATGCTGGCTTACGGAACTCCGCGGTTACTGTCAGCAACGTAAACCGCGCCACGTTTTGCTACCGGTGCGGACACTCTAAAGACCCGCACAACAATAGTTGCATGAGACGATTCATAAAAGTCGTTATAAGTCGAAAAGGTCCGACGGCCCCTCACGGACTGAGACACGCTCAATTCATGCCGTACTGATAATAGATAGGACGAAATTTCGCCTCGGATTTTTCTTTCCACTGTTGGTTAGACCAGTGATCACTTCATAAACCCCTTTATCTATATAGTGGCAGCAGGGCTACATTATCGTGTTGGGCCCCGTTGATTTCAGTGAAGTCATATAGCCGGGGATAATAACTCTAGAAGTAGCTATTGAGAGACAACCCGATGCATAATGGTCTGAGCCCCAGGTTTGCGTCATAATATACAACAACGGACGTTTAGGTCCTTTCTATGCTGCGGATGTATCGTGCGGAATGGTTTACTCGCGCATCCCACACGCCCGACCTGATTAAAGGATGATACAGGTTGCCGGG,599,48.58,Caenorhabditis elegans
SEQ_182479,AGGTATTGATGCCTTCCGGAAAGATGTACTTCCTTGCGTCGTTCGTCTATTAAAGTCGCGAAGAGTGCTCGTGGGGCCTCCCGCTCCTGCTGCGCAAGACTTGACATGTAGACTCGACGCAAGTAAAAGATCATGTGAACCGAATCAGCCGTCCGGTCTTCGCACGGGGACACAGCGGGCGCTCGTGATCTTGATCCTAAGCCTCTCCTCGCAGTGCTCGCCGGATGACTAAAATTCTGATGATCAGTCCCGATGTTTATTCGTATTGATATCCTGCCCTTCGATCAACTGAACTACGGCCAGAGATGTGAGGAGGCTTCGCGCCGCGCAAAATTAGTTTCGTTTCAACTTACTCACCCCAGCCGCTGCACGATAACAGCTAGGGTCCGGACAGTGTGGCACATCAACAGATAGAGAGCGCGCATAAAACTGCTCTATTACAACACCGCTCCACATGAAAGCGCGCCCGAGTAATCCTAGGCCCGTGACTACATCACTTACCGGGTACCCTACTGCGCGGCTTTGGGTAACTTCCCAAATCGAAATTCGTGTGGCATACCCCGAAGGCCGTAGGTCAGTCCACTAGGCGAAGAGGATACATCCCCCCCCGATCTTTTGCGCGATACCGGGGAAAATTGGGCGCGCAGTAAGAGCCTACTAAGTGCCCTAGCCGACGGACTCCCGGACTGATCAATCTTGTTATCTGTTGTCGATCCGGCTGCAAGTTTGAACAGCTATACGCTACAACCAACTAGCAATGCCAAGTGAGGAATGATAAACTGTAGAGGGTACCCGATATATCTCTTGCCCAGTGATTGTTTGACCCCAGCCCCGTTCCGCGGGACAGAAGACCTCGGACCGACAAAGTCAGAAAGGTAGCAAGAAAGTCGCACGCTTTCGTATGTTAAGATTGTGGCTGACGCACTGATGCGCGGGATACCGTCCCTCGCTATAACTTTAGGGAGATTCCCCTTACTATATGCCTTGGCTTCGCATCGGACTCGCGACGGGCACCTTGCATTATCGTCCACCCAGTGCTGAACCGTGCTCTATATATGCCAGTTTTTAAGTGGGCACCCGCGTGCGGACAAAGCATTCATACGCCCGGCTCGTGTCAGCACGCGAATTTGACTCCTTGTAATAGCGACTCATTCGAAGAGATGGGAACCCCTTCTAGATGTCATTTCATTAGTTGAGAAAGTCCGGTAGCGCCATTGAGGAAGCGTGGCCCGAGGGGTAACTTATTGCTACGCGTTCGTCAGCGAGCCGAGCTCGACTTTGACACAGAATATAATACGTACATTTCGACCTTTGAATGATGGTCTTTTTGATCAAACACCGTTTAATTACGAGTACGGACGCGGCGAAGCGACTCACCTCGCTAGGACTTTGTTTCGGTATACGCAACAATGCGGATAGTATTATCGGAGAGGGCGCGCGGAAACCTAGGGTTTCTTGGTAATGTGCCATCCTATCGACCCGGATGAACCATCTATGAAAAAAAGACCAGGCGACCCAGGGGAGCTGTGCGAAAGAAGTTAGGATCCATAGATGTGGACCGAGATTACAAATCCGGTGCTTCCGGCCCACAGATCCGCGGACAGTCAAGGTATAGGAGAACACCTTAT,1628,51.78,Drosophila melanogaster
SEQ_964595,AATACCCACAGACGCGGTACTCGCAGGGTTACACCCAAACAATTAATAAAACTGCTAGGTGGGCCGGTTCCAGCATGTAGATTCAAGGAATGTGTTATAGAGTTAGTATTATCTACTATGGTTCGGTTAACTGGATCGCTGGTAACTAACATGGCAGAGAACAAGTCGCGTATTTCGAGTCTGAGACCTAGGTACAGGTGGTGTATTTTTGTGTATCTGAAGCTCCGGAAGACCGTCGCTGATCTGAGCGGCTAAGGGGGAAACCCGTCCATGGTCAGCGGTACTGACAGGAAGTATTTAATCTCTTAGCCCTCCCAGGAACGCGGAGCTACCTCCCGGTCCGTAGTAGATGGTACACGGACGGGCTTGATAGGAACATCTTATAGGGCTCTACCTCGCAGACACGGTTCGAGCACACGGCATGAGAAGAGCACGGCAAGTGCGGGTAAAGTGCTGAACTTGACTAAAAGAAATGAAGATTACGCATATTCGCCAGAAGCGACGGCTATGTAAGGGTCGGCAAAAGTCACTACGGCCAACAGGAGTAACTAACCCAGACGAAGGGTGGACCGAGTCTTTTGAGTTATCTCCTGCTAGAACCTCTTTATTTCGTTCCTATCATGCCTATCGCTGCATAACTCCATTAAACGACTACGCTTCGTGGTGATCCTCATGCGCCTTACACAAGCCGAACGCGTTACGACGTCAGGAAGCGCAGCTGTAGCCTTCCAGGAGATACACTATAGTTCGGGTTAAGCCAATCAATCATTAAGCGCAGATTAGAGGGGCTCAGGACGTGCGTCCATTCGTCCGCGGGTCCAACATGTTGCTCACTAAGGGCCGTAGGTATTGTAAGTTCCATCGCACTGATTCTTATAGACTGTTTATTATAGTACACCTATAGCCTATATGGGAAATATACTCGCATCTTTGCGGTAACATCCGTTTATAGACGGTTGGCCTGAACTTTCTAGATTATGCTTAACTCAGCTCGTAGTCTAGCCGGTGCCCGGCATTTGCACTTCCTCTAAGAGCTACCTGCACTCTAAGTGAGACTGTTGTAACATTCCTCTTCTGTTCGTCAGCGCGACCGAAGGAGTTTTATATGGCACAGCGACCCCGGTCCAAGCTATAAGGAGTGCTCCCCCGAAATATTCAGGCTCTCCCACAACTAAATTGCACTCTATGTGAGGACAGCGATCACATTCTTTAGAAACTGGCCGACACGAAACGTGCAACCAATGAGCTATACCCGCTTGGAAGTTCGCTGGAGTATGCAGAGTCTGTAACGGTTGTCT,1298,48.69,Saccharomyces cerevisiae
SEQ_366633,CGCACAGAATGACGCAACTGGCGCATCCATTCTGCCTCGGACGGGATGCAGGGAATTTCGTGCAACGATCGGCTCACTACCGCCTCGTTCATGGTAGTGAGGGGTATTTGAAGCTTCCGTTGACCCGAGAAATGTAGTTCACAACTCCATGTTAGTCACCGTATATTTTAAGTGCGTCCTAACCGGATACGCTCGAGTTGCATTAACCTTGTCATAAGATATCTTTTTGGCAATAGACTATTTTGCTGGTACCG,254,48.03,Arabidopsis thaliana
SEQ_597647,TTAACTGTATTGTGCGCCCTGCGTGTCCCGCTAACCACCAAAGGGGGCCGGACGCAAGTACCATACCAATTCGAGCCTCCGTCTTTCTCTATGGGCGGCCCAGCTCTGCCAGGGCTCAAAACCCGTGCTTCGGCACCTTCACCAAATCATACTTAATCTACATCGTCCTGTAAATCTAGTGAACAGCTTAGGTGTGTAATGTTTCATCTTCGTAGGGCTAGTTTTTGGCTTAAAACTCCACACGTAGTAGGTATGTTTTCCCTACAATGTAAGTAAGGCGAACCTCCCTCCGCGCTGAATTTAATTGAGGTATTCTCCGGGCGTGAACCACTGATTTGAGATTTACGGCAGGTGGTTTGGACGTAAACTGCGGGGGTCGCGAGTTTATCCTTTTCTCAA,399,49.12,Caenorhabditis elegans
SEQ_286321,GTACACTAACCTTTATCGTCGTTACACGATAGACGAATATAAAAGGATTGGGATTTAGGCCCGGTTCGTGTACGTCTCCAACGAGTTTATTGGCGATAAGTGCTCTGGTCCACTCCCTAACTTACTACCCTAATGGGGGCAGCCTTCGTTTCCTAGGTTAGTTGAAAACTTCCGCGCATCCTTGATGCTCTCGCTCGGTCAAATTCAATTACACACGCCACTTATATTTCTGAGTCGCGAAGTGGCGCCCCGAATTCCTACTTGGGCCGTTCAGGACCATGGATACTTCAGTCCGATTGATTCCGAGTGGGACACCACAGTATTGGGGGGAACAATTCATCGAGTCGGAGAAGGGGATGGAGCATGATGGGTCTGGGC,378,49.74,Escherichia coli
SEQ_719960,GACCGCTACCTACCTGACGTTTTATAAAGCACGGACGAAGTCCAGTCACCCCTTTCAAGACCGGGGGGTTAGTACTGGCAATCGGTGGGCCCTGGGAATCTGGTCCCTGTACGCACGCACGAAGTGCGCGTGGTGCAGGCTTCTTACAAACTGTCCAGCCAAAGCCGTCTGTCCTTAACCAGATTCATAATAACCCTCCTCAAACGCCATGTCAAGTAGTGCGCTCTATGCACACCTTAGCACACACCGCGATGGTAGCAGAGCGCTGTTGAGTGGTTTAGAATACACTGGAAGTAATGTCTATCTTGTATAAGTAGAAGAGCCACCAAAAAGCCTAGTGGAACTACGCCGGGTGAGAACCGGGAAAGCGGTTCACCATTCAACCCTATTCCCTTTCACAGACGCTCGAGGTCCGAGAAAAAGCCCACTTTGAAATTGCTTCGAGATGGCCGATATATTTAGCTGTCTCGGCTGGCTATCCGGTCAGTAGGAACCTGCGCCTTGCCAATCCTCCGTACAATAGGGGACCCCGGGATACTGACTTTAAGCTATTTTGGCTGTCCGTGGAGTAGCCAACCTCGCTACGATTACTGATTGGAGGGGTGCAGCACTCTTGGCCAAACGGGGAGATAGCCCGTCTATAAGCGTTGTCGAGATTCCCTCTTCTGCCAGAGAGGCTCAGCATCGCCCCAGCCGTTTGGTGGCTCAGTTCAGGCCTTGACACAGGAGGACACTGTTAAGGAGGGAAGGCTAGTTTCTGTTATTTGTGAGTTGATAAATTTATTGGGTACGATGTGGTTCTGATAAAACCATCATCTCAGAGCGCTTGATATAGTGAATTGGGTATAGTTTGGCTACCGCACTACGATGACCACCTAGAAAACCTAAGTACGAATGAACATATCCCCGCGCTGACATGAGTTTAATTAGTCCGACAGTATGAAGGTCAAAGTCTCGGCGCGAATCATCGCTATGTCTTGTCTGTGTTAAAATCACGTCTCGTATCGGGGGGAATAAAAAGAGGCTCCGACCGCGGTGATCGAGTTGCACGGGTGCGAGAGAGTTTGACCGTCAATTAATTCCTCTCGTTTTGGCGCGCCAGGTACGGTCTCAATCGGCACTAATATTTAATTTATACTACCTGTTGGAAGCAAGTACTATTGCTGCCTGTATCCCCTGAGGGATTACTAATCTTGTAGCTCCTCCACTTCATTTTAATTACGCTAGAGGACGAGGCGTAGCGTAAATCAACCGTAAGCCTCGCAGGGTCGGTTCTGATACGGGGCTCAGGGGACACATTATGCGGTCCATTCGGGCGTAGAAAGCTTTTGAAGTTGCCTGATGATGATCTCCTTTTCGACCCCCGTTTTTGTGGTAGATACGTCATTACCATCTATCCTAGCGGAATTAAATTATTGCATTGGTTCAAATCTGACCGGTCTATGGGCTGGGCATAACTTCAGAATGAGTATCTGTCCTGTTTGGACTCCCAAGTGGAAGGCCATGTCTGTCCCCAAGTGGGCTCTTAAGCAGAGACCCCATTCGCTAGGTTTATTCTTCGACGTGGCGCTTATTGACGGGTACTCGATGGGATTTAGATCCTTAGACGAGAGAAGCGTTTACTCAATTCCGGCGTAGATGTACTTCCCTCGGAAATTGCACGAACGATATACGCCCGCTTCTGTCAATGCCTACGCCGGGATATGGTTTGTCTCTTGTAACGCACCTACGACTAGTTTACTATCGGCCCACCAGGATCGCCCGTTTTGCCATCGCAGCCGTCACCGACTGACCAGTAGTTGAGGTGGACAGGACGCTCGTGTACAGGCGAACACTACCTTACCATCCCAATCGATCGATATCCGGCAATCATATAAAAATTCCAGTTTATACACAGGACTACCCATGAGTTCCCTATTGGGTTCCCCGCTGAGGAGCTTCTCGCTGTTTTC,1952,49.64,Mus musculus
SEQ_896791,TGATTGGGTGATTTCATCACCCAATCATTCGCCACAAGGCTTTGCGAGCGGAAAATACGGGTCCTAACTGGATGCCATATATATTTACTTTTTTTGGCACCAAGCCCTATCGTTTTATGAGTCGCGTCCATGTCACTTCTGGTCTTCTAGCTACACACCCTTGGAGAGTTTCGCCACTTTTCATTCCAAGTAAGGTCGCAACTAGACATGTAGTGAAGCGCCGACACACTGCTACGTAGCTCTAGAATTGTCTCGAAGAAAAAAATAGATTATCGGTCGTAATGCAAGTTTCAACATCCAGAGTGCATAGGAAACCATATGACCTCGGAGCAGGGGATCTATCATATAGATCTCTCCGCTTATTGATCAACTCTGCCGCGAGTCAGAAGTGCCTTGCAGTATTCACGGGATTAATCAGAGCCAACCGGGTACATTGAGTTGCCCACATGTGATAGCGTCCGCAACCCGAAGTCATTGTCAAGAGTATAGGAGAAGACCCGCTCGTTACTTAATTGGTCTACCCATTGCGTGTATTATGGGCCAGTTAATTACATGTACGAGGTCAGCATACCAATACTATAAACCGGATTGACCAGCAGCCCTCCGATGACTCAGTATCAAGCTGTATATCATAAATTGCAGTACCCTGTATAAGGCTCTGTCATGCTAACCTGGATTTCTTAGACGAGTGCGGTGCGTACG,702,45.73,Escherichia coli
SEQ_534443,CTATGCTGGCAGCAGGTGACGCAGAAAGTCCTACCGCCAACAAATCTACAACACATAAGACGTATCGGCGCGGCAGCAAAAGACGCTGGTGGGGGATTATAGGTCCTTCTGCCCGAAGAAGTCGAGCTAGGAACATAAAGGTGTCGACGAGAGGGATCCAACATTACTTAGCAAATCCTATGTTAACCCGTTGAGTCGGGCGGATATCTAATATTGACCCTCGCCATCGAGTCGCAATGTACAGGGCGGTTAGTTCTGTAGCCAGGATTAAAAACAGATAGGACAAGGTCACTCCCACGGCCATAACCAGTCTTTCCTAGCGATATTTGCCCCGCGCAGGACATCTAGCGACTTCTGGAATTTGTGTGCCAGTGAACATGTTCTTGTTCTTGAGCTGACCACGGTTTCATACCATAGAACATCAATTATGTCCATTTTCCCACCGTGAGATCCGAGGCTTACAACAGCAGTCCAGCTTACATATAGTTAGAACTGGA,497,48.49,Drosophila melanogaster
SEQ_449899,GATCTTATTTTCACCACGAAGAACGCTTGCGGCTGCGGCGACCATCCTATCATCACCGAATTCATTGGTAGTCTCAGTGTAACCGATCCGTGCGCTCCGCGTGCTTGCTTCTGCAATTTTAATGCCGTACAAGCAGTAAATGACAACATAAGATGAGACACGTCAAGCGAACAAGATGCGTGTTAACATAGAGGGGTGGAACAAACGCTGGTGCAACAATATGATTAACTACGTCCTACAAGCTTCGATGTTGAGTAAACATAGCTCGACACGTAAAAAGAACTGGCTGATACTCACGAACTGAAAACGAAGACCTAGTTATTCGACGCAGGGTTTGAGCAACTGTTTCTAATCCCGTAAAACGCCCGAGGAGACGCAACCTGCATGTACTCGGACTTAGGGAGTCCCCCCTAAAGGGCTATAAGTTTGGTTCGGCACTCTGTGTACAATTTGGGAGCATAACAGATGCTAGCCGTACGTCGACTTAATTTAGATTACCCTCAACGGCGGGGGACCACGGGACTTCCTATTCGGGAAATTGGAAAATTCAACGCTTGTGGGTGGGTCACAGGACGTGACAACCCCTATTTCCTCAGAAACTTTCGTTTACCGTGGATACTGTAGAGGGGGCGGAGATTTGTGTGCATTGACTGGCTGAATTAGTCGGTCGGTGCACGGCTCCGTCACTACCCTAGGGGACTCTCGAAACCTTGGTCCCGGGACGCTTAATCCACGCAATCCTTACAGCAAGGCGTCCGCGAACTGCCTGAACGTATTTCAGGCATGGCCTGCAAGGTGTGCGGGCACTAGTCTACCGAGGTAGGGCGAGTTGGGCAGGGCAGAAGCCTCAGGCCGAGGGCCCGTTCTGAATTCCTAAGCTCGGATTAACAAAATAACAAAGAGGGAAAAAACTTCTACCCATCAATAGTCGTTGATGTCGTGCGTACCTGTCTTGCCCTGTAGGCTTGCCCAAACCATAGGCAGTTAGAAAGGGCGGCCTTAACTTACCGTACTTTCACCGTGCTCGCCTGTAATATCTATTTACCCCTCGTCCTAGACACTGTGTGTAGAGGGGCGATCCGAAGTAGCCGGACTAATGCTCGGGAGCGCGATCACCTTCTACTGAGCCTAGGTTTAGTAGACGTACCCTACGGATATATTGGCATTATGTACTCTTATTGACGTCGCTTCACACATAAATTTCGCGCCATCAGGAGAGGACCGCTGGTCCCTAATGTAACGCCACGAATGTCCCTCGCCGCCAGCACTGAACATTATTGATTAGGTTCGAGACCGATATCGCTTATTTCAGCTATGGAGGTAATCTGTGTTTATTGCCATTGTACAGGCTAGGGCCGGGTGGCCTGCACCGTTGAACTCCGAATGGCCTATCAGTGGCGACATCTAGTAACGTTCGACCACAGAATTGTAATCATTTCAATACTATGAAGATTCGATTGCGACGTCTGAAGTGCTATGGGAATCGCACCCAAACGGGCAGATCGCGGCTTGGTCGAGTTGTCTAAAACACACCAGACTGCACTTTTTGGGTAAAATAACGGATCCTCGTGACTATATAACCGGCGACTCCCGGTGCATACCTCATCCGCACGGGCCTTCGGCTTTCCACGGGCCGCGTACGACGGGATCTTCCCTCGTCCCGCCGAGACTCTGGAGGCCCAGGACAGAAACGTCGTCTTTCGAAAATGCATAGTCACGAGAGACCTTCATAGCCATTTCGAGCTTCGGGGTGCTTCGAGCCGACGGGTAACCAATACCCTTACTGATCAAGAGCTAAGCAACGTGCTGTTACAGGCCTT,1820,50.66,Homo sapiens
SEQ_767685,TACAGCCTGATGTCCCGCAGGGACGAGACTATCGCTGAACACAGGGCGGGCGGCCAAGTAAAAGTAAAAATCTCCTCTTGCAAATCATTTCACCCCCTTGGCCATGGGCATTGCGAATAAGTACCCTCAAGACATGCCTCCTGTAGCGTCACAGACTATTATGTGGTATCCTAGTAGCTCCCAACTAATGATATCTGAAACACAAGACTTCCCCAAAGTACTAGGAATTGTCGAGCGCATATCCGAACTCCTATCTATACTTTTACCCCCGCCTGCGACTAGGCCGGTTGCATGGATTAGGTGGCATGAGCCCTTCCAGTGAGTTTGAGCGGCTCACAAATATGCCAGGCAGGCAATTAGTCTAGAATTTTGCTTAGAATTCTGGAGTCGAACACGTAAACGAACCTCCGCAGTGGCCTCTCGTAAGTCAGCCTGTAGTGTCACCAAATTGGGGTTACGACAAAATGGTCTCACCTTAATAGGCTATTTTCTGACGGTGTTACAGAAATTACCACTACGATGCTTAAGGTGCATTTACCCGAAACCCCGGGTTCTAGTATCTCATGGCCCGAATCGCCAACCGCCCCTCTGAGAGTCCCTAGCTATCAGAAGGACAGGTCAGTGAGCGGTCCGACACACGGGCGTCCATACAGAAAGAATCACCAATTTTATGGTAGCCAAACCCTCAAGATGTCGACAGCGTAGTTCAGACAATGGGCGCGACTCCATGACGTTACGTGGATTCAGTATGAAACGATGCAATTAATCCACCCCCCTGTCGGCTCTTCGAGCGACACATCAGTTGACCATGGGTACACGAGCGCTTTGCGACGTGAACCGTTCGGCGGCTGTTGGAATAACAAGACCCGATGACAAAGGGCCAGGCAGTGCAGCGTAGTGCGTGTATGTTAGGAGTCCACACCTACCATAAGGTGAGACCGTTGCTGAATTCGCGCGTTAAGCATGCGGTGGTTTAAAAGCGCTCGTGTGGTGAATTCTCTCGAAAGCAATAACAGGAGGCGAGCACTTATGGCCAAGTAGGTCCCGTCTGGCGACTCTCACAAAACATCCTTCTGATCGGGACTGCTCGTCGGCCGTGAAATGCTGACGCTCCAATTGCCGAGATATTTCTAGGACCGGGAAGCCCAACGCGGTCTCCCTCAGGAAAGCTATTAATGAATCCTGCCATAGTATTGATGAGCTCACTTAGCCTGAGACCATCGCCCTGGCTTTTTCCGGGACTAATACTCCTATCAATGGGAGAGAGGCTATCTTACGCCAAGCGTCAATGATATACAGGATTGACACTCTTACTTGCTCAACAGCATGACGGGAGTATCCAGAATCTGGGTAGTGT,1357,50.26,Caenorhabditis elegans
SEQ_691655,ACTCGCATTGGTTCACGGGGTTGTTTTACAGCCTAAGTGGCATGGGAGGAAACCAGTAATAACACTTGGCCGTGTAAAACCCTCAGCAATTCAGGCAGGAATCTCTGCATATGGAATACTAATGTAGTTTCTTAACTCTGGCACCCAACGTTTTGCCGCAATCACGGTATAGACCCACGAGAATAGGCTGGCGGCTACGGTCTAGCTCATCAGCGGTAGACGGGTTGCTTCTTGGGATTTGTCAGATTTCAATCCATATGGTTCCGGATCACCTTGGGGAACCAACGACCCCTACCCTGCCAGTATTGGCTGACCATGAGTCTCTCTGTCAGTGTGGTCTTGCGAACCTATTGCTAGCCTGTTATTATTGGTCTTTAAACATAACACTCCTCGGAGAAATCATCAATTATCGACGAATAAATCCGGCCTGGCCCGGGCCCTGAGACTGTCATCACGGACAGTCTAAGATGGCTATTAACATGCAAATGATAGCGAGGTTCCGCTGAGACACTTTATTAATATACCGCGCACGGATCTACTTACACGGCAGGGAACAGACCCGCAAGAATAGTGGTTAAGGGAGCAGCAGTACCGACAGTGCGTCTAGTCCTTTTTACGAGCTGCAGGAAGTAGTCCCTATGCAAACGCAAATAGCACGACCTGAGGGCGGTAACTCTCGGCGGACAAACGATTCTTTGCATGAATGTCGTCAATACCCAGGTGCGTTGACCGTGAACATACTTGGGTGTGGATCTTACTACTGAGACCCTGATTTTGTAACGTTTGGAGCTTTAAGGGCAAGTCAAGAAACGAGTTGACGACCTCGCGAGTCAATCTTGTTACTTACCAAAGGGCACTCTAAACTGTTGGTTTGAAATTCTGGTTGCTCATTTCAAGCACACCTTACTTTGCTACTCGTTACGAAATCGGATTCGGCACACGTACCCCCCCGCAGTAGTCCCACACACGCGAACCACGTTGCTAGATTCGCTCCAGTATACATTGAGAAACTGCAAAAGAAAGAGACAAACAGCCCGAGATGATAACGGTTGTGTGCGGTTAGTCCCCTGGAGATCGTCCATAAGCACGCGGTCCTAAAAAATTTGGTAGGATTATTTTCCCCGGTCTACACACGTAAGGTCCAGCTATGTGCGTAGATCTCGAAAAATATTTACGGGCTAAGCGAATTCCCCTCGGTGTATACTACTCTGACGTGGAGTCTGGCACTTGCTAGCTGGCGGCTTGCAGGTGAGCTACTGCGCAGAATAGAGCCTAAGCCGCAATGTTGTAAAACTCCGGTGTACAATGTCCATGGTCACCAGTCACGGAGTCCCGGCATGTTAGAGATCATAGTGCTGGTATGCATAATACCACGGGCAAGCCACATCTAAGTCGTGCAATCGTGCCAGATGGTAGCTTTCGAATATGACCGCCGTTCGCGACTCTGACCATTATCTTGCACGAAGACCGTGAAAGCCACTGTCCGTGGATCTCAGGGGAGCCTTAGTGGTACCAATACGTTGCTGACTTAACTTCCGACAGCCCTAAAGTCAGCTAAGTTAGCGCGTCCTCAGACCTTAACGGGCCTGGCCAGGTCCTCGTACATAGATTGAGGCGGGGTGGTTGACGCTGCGCGCACCTCGGTAAGCCAGTCGCGGGTCTTGCGCTCACTGGGCTGAATTCCCTTTCCCGCTCTGCATTGTTATCTCGTATCCCTTTACGACAATGCGTGTCTTCCCCTAGTACACTTGCCCCTGAGGTGCAGGGACTTCGCCTATG,1779,50.08,Saccharomyces cerevisiae
SEQ_145238,ACGATGTACGAGGGGTGTTATAAACGGCCGGTGCTCCTGCAGTAAAGAAACAGCGTCTTTGGAATAATCGCCGTTCAATCCTACCGTGGCGGCCGGGTGATATCGAAGTTGCACTTGCTACTCCAAAACAGACAACCTGTAAGGGTGGACTTCGAGTGCAATCGCTAGGTCTGAGAAGATTGGATACTAATAAAACGAACGGATCATAGTTCTTGCCGAGTTGCGGGGGGGCGACTTGAGGCGTCTGTGCACTGTTGGGCCGGTCAGTATTCGATTCTATCTTGATCTGTAAGCACTCGCGAATTTAATTCGACGTTTGTTAAGGTAGAAAACATGTACTGGTGTTTTTCCCGTGTGTGTGTCCGGTGATTGGCCGGCTGTAGTGTTCTGTCAATGGAATAACATCAAGAAGATAAAGGCTAGGTTCACAAACCACGTGCGGGCGAGTGGCTGCGGAAACAATATGTTCAAGCGCCCCCACGCTG,485,49.48,Saccharomyces cerevisiae
SEQ_971353,CCAGCTTCGGGTGCGTTATACGCGTCGCATGATTGCCTCACGACGGCGCTTCACGTCCCTTACCGCGTTGATTTTTTTTTGTATACCCAGGCGTCTCTCCTGCAATGTTAGGGTTCCTGGGATAGCAAAGTATCGCTCACTGCCCGGAAATTCTCCACTCTTATTTTTACTGCACACTTGTACATGAATGGTGCAACTAGAGCGTTGAATGGGTATATGGCCATGACGAGGCTCCACATTAGGGGATATTGTTACGGCGGAGATATAAGCATTGAGTACATTACGTTAATTTTGGGCGCGTACTCACGGTTCGCCACTTCTACAAGTGTCATTCCTTGATATTTACTGGGGAAGGTCGCTGCTCACAATGCAGATGAGGAGCTGCACGGAATGGGCGTGTGATTAGCTACCCGGCGAACGGGAGCAGACCTACCGCTGGCGGGGGCGGACATCACGGGGAGGATTATCTCCGATAAACGAGCTCGCTGGTGCACGTGCGCCAGACAGCGCGAACCCTTACTTGCCAGATTGGATTCATATCCCAATGATACGACGACGGCTGCCACCAGAGCACACATAAAGAGGATCGCGCTCAAGCGTTGACGGTACATTACTGAAGGCGGCCTGACACACGGTACGTGTTTACTTGTCCACCCAATCAGAGCGTAGCAAAAAGAGCGCGCAAGGGAGTGGTATATTAGCAGTCGGGGGGTCAGCAGAAAGTGAAACTAAGCTTTTCACCCCAAATATGATGGTCTAGGATCCTGCGTACGCTAGATGAGCCGATACTAAGGCGTCGCTACTAACACTGCCGGGGGCTTGCGAGGTTTACTTGAGACAGTTTTCATACACCGTGTGTAACCGATAAAAAGAAAATGCGTACTTGGACTCACCCATTCGCTGAGGTAGTGCACACCTCGCTCGTCCGACGGCGATGTTAGGCAATCCGCTCAACAAGATAATACCAGGGTAATACTTGTAGACGCAGGAGAAACTCCTACCTTATTAGCTAGTCCTGAGCGTTACGGTCAAGAGGCAATCCGAGCTAACACTGTCGGGGATGTGTACCCGGCAACCGACAATTACTGAAAAGCCACTACGTCTCATGTCAGCCAGTTTGACGCTTAGACGGAGTACGAGCCGGCACCTTCCTTCAGATCTCCTTGAGATAGCGAACCCGAGTCATTTCGTTTAGGGGTTCTCGTGAAATATAGATTCGACACCCGCGATGCAGACCTTACCCTACGTGCGGAGGGAGACTTACCATGGCATACGGACACATGCCTTCGACAGTCTATAGTTTACTCAGATCCTTTTACACTAGCATGCCAAAGTACGAGTTTAAGGTCGCCTGCTTTTGTTCCCAGCTGTGCCTCTCGTAGGAGTAACAGAGTGGTCGGAGCCAGTGCGATCGTGGCACCTCCAGGACAGCAGAGTTTGGGGGCGCCCCCCACAATTCCAAATCCTCAGGGTGAGGGTGTTCCCTTTCAACGGACCATGGTGGTAGTTACCTCTTGTGCAGTCCTGCGTCGCCTGAGTCGGCCGA,1546,51.94,Mus musculus
SEQ_358246,GCATATAAAAGAAATGAGTTATAGTAATATGCCAGGAAGCAATTTAGTTCCAGTGAAAGAGAGTATATGTTAGTATATCCAGCTGCGGACGACCGATGTTGGTTGACAGTGCCAGTAGCCTTTCCCCACGCGAG,134,43.28,Mus musculus
SEQ_897929,CGGTCAGAAGACAGAAATAGCTACAAGAAACGCGTAAGGCGACAAGAGTAACACCCAATTCATGGCTGCGAAGAACTGACCCCGTACTTCTTACCGCCGCTGTGACGAGCAGATAACTCCACATGGCAAGGTTCACTTGTATTTACTGAGTGTAAGAAGAGTCTGGTACAGGCTCGCACTCTCGAGATGACCATAGGGAATCCACTATCGTTTAGATGAGGCGCAGAAAAGAAATTACGGGGCTCAGAATTGAAATGCTTAGTTCTCACTATTTGCGCAACAATAGCGATACACAATCCGACATCTCGAGAAGTGTAATAGGTGTCTCAAGTACGGATCCTTAATCAGTAAAGGAACAAAACAACGCTCAGATCAGATATCTGTATTGATGGTTAGATAGAGTTAGCTGCCTTGCACGAATGCCTGGTGATGCAATGCGGGCACCAGAAGCCAGCGTGTGAGTAGACTTCTCAGCTCGTCCTCACCAGATAAATCCTTTGACGCTCCCCATGTAATGGCTGTTGGATACCGATCTTTGGACAGGACAGCGTCAGTTCGAGAATATATTGGCGCGACGCGAAAAACTGTGTGGTATGGAAGGTGAGGCTACCCAAGCTAGACTACTCGATGGTGGTAATCGTCGTTAAGAAATATCGGATCAAAAAACCCCATACCATGCCTTTGATCTGGGGTCCCCTGCAAGTTTGCTCCCCCTGCACACACACGCGGAGACTGCCATCGTCTGCCCTGGCGTGGACCATACATTGAATCATATCTCGAAGGGCGCATGCATCTAATCCCCGAGCGCTAGAACAGCTGACCACACGTGGCAGCATCCTTCGAAAATCTGGTTCGCCTGCCAGTGAGCTACATTGCCAACTCGGTACACTGGTGTACCGCTATAGGCGATAACGACAATGCACAGATGGGGGGCGATTAAAACCAGCGCAAGTCCCAACAACATGAGCTGGGGCACGAT,979,49.34,Caenorhabditis elegans
SEQ_179178,CCTTCGCATTAGGTACAACTCCCCGTTATGGTTCAGCAAAGAAAGATGTAGGGGGCAAAACTATTGTTACTGATCTAGTTTTTTTTACCGTCAATGCTTCCATAAGTTTTCAGTGCCTCAAGATGGTAATATGTGCATATTGTCGACGGAGGGCGGAAAGGTCCGGGTCCTCTTTGTTAACGGCACACGTGTGCGTCCATTTCCACGTTCCACCCGTAAAAGATAGCGACATTTGTGAAGGGTCATCCATAAATCGACCCTCCGCGGGTTCCAGCGGGGGACTGGAGACTCACCGATACTGTTAAAGCATGCGCATAATACGAACGGCCGCTCTGGCATTGGAACTGAGGAGTGTCAGGGGAGCTGTTATCAAGGTTTAGTACAGGCATGGTTGCTCGTTTGGGTCAATGGGTTATTGCCCGAATTACGTACTTAATCCACTGAACCTGCGACGGTCTGCAGGAAAAACGGAAGCCCAATCCCGGTCCGCCGAGTTCCCTACGGAAGTCCGTCCACTCAGTGCTCTCACCGACTACGCTTCCTGTGCTAGTGCGGCTTTTAGCTAGCCAACGGCAGGATCGCGTATGAAGCGATCCACTTAGCTCTGCGCCGTAGGGCGGAGCTCGATGCTCGGATGATCCGTACG,646,51.86,Escherichia coli
SEQ_553670,ACGTCTACAAGGCCTTGACCGCTAACATACAGCGATGGCATGTGCTGATATTATCAATGGTGCTGGACATATTTGAGAATGGTACGCCGACTCTGATTTCTTAGCATCATCACCTGCATCCAAATACGATACTCGGAGTCGACGGGGAAGGTTAAGACTGTCAAGCCGGTAAGTCCCGTGCGTCGGCCCAGCAGCGTCTAGGTTCGGCATGAGACGTCTGTTGGTGATGGTTCCCGGCTCTATTCACGAGGTTAATGGCGTATTTTACATTCGAGTTGGGGGTAGGAGCGCTGGGCGCTATGTTTGCGCAGAATGCCCGGATTGACGAAGAGAACATGAGGTGCCAGACCTACCCCTTCATAGTTATCGTGCGGCATGTCAAGTCACTAGCAATGTTGTCTGCCTCTAGGGGGCGTTAGCCATGTTTTAGCTTCCATGCAGAGCTAAAAAGATTCGTCAAGAACACTTCGCGATGTCTTTATCGGCGGACGCCCTCGGGTCGTAATAGTCGACTTGGGGGCAAAAGGAAGCGCCTGATTAGACAATCCATGATGAGCATTTGCGGCGACAAGCGCATACCTTGCCTCGTATGCAGATGCACCCGTTCCGATGGGGGGATGGGACTGCCCGATCCTTAGTCAATTAACCTTATCAATTATTACGTCACGTTATGTACGGAGTCGACAGAGGTCGGGGGGCTTTTGGTTCGACCGCACAAAGATAGGGAGTGCTCCAGGTTTAAGACAAAAACTGGACAGGAGGTCGCATCGAGGCTGTCTCCGTCTTTACTCTTTAGTTCCAACCAATGAACTTATGTGCTGTAACATGATGGCGCTCGCCTCTCGGGATCGTCCCCTATAGGCTTCGCGGCTGGATCATCCTGTAGCATTCTTGTGTTATGTGGCTGAACATGA,914,51.09,Arabidopsis thaliana
SEQ_746569,CGGCAACGTATCATCGCCTCACGATGGAAGTTTGCGAGGACCCCTAACTTGCCGAAGGCGGCGAGGGATGGACGATAGGCTACTATAAGTGTAATGCAATTATTGTCTATAGCTCTTGAACAGCCTGCTAACGCTTAGGAACGCGCCGAGTACTAGCACAAGGTTAGATTGCTCGCCAATTGTTGTGCCCGTCCTAATCCCCGTTGCCTATCCTGTGGACTGAAATGACGGTACCACACTTGTTGCGTCTTATATCCCTAGCACGAGCTTTACACTCTTGTGTTAAACACCGCGCTCAAACTGCACCTGTCTCTAGTCCAAACGGTCCCAGCGGATACTTATAGTGTAATCCTGGACTCTACACTGGTATTACGTTCCGTCCGGTTCTCAGCAGGCTTGGTTATTTTTAGCTTGGCCGTCACGGTAGACACAGCTAGAGATGGCCTCTGAGGCATAATCGGGTTAGTATGGATTTTGGCCACCCGGTTCATAGTAACTTCAGTCTCTCGGAGGAACTCCACAGTTGTGGCCTGCCACAGCTCCGTCTCGTGATCGTGTTCTACATCAACATTCGTGAGATAACCGCAGGTCACGGCCGGATATTCAAGCCGCTGGTGCTACGAGCAGCGCGTTTGGACATTTCCTATGACAAAGACGTTTTACGTAATACGAGAATACAGAAATACCACAAGAAGATCTATTCGGAGCATGCAACCGGACGCACGAGGGGAGTGATTTGTCGCTACGATCCAGGAATAATAGTAAGGCACGTGCGCAGCCTTCCAGGATTGGGTTCTAACAATCGCGGCAAAAAAGCCACACCTTGGCCCTTATTCTTACCGCGTGATTGTCGCAACGATGACCCGACGAGATTGACCGGTAGCACTGTTTGGATCCTACCTTGTCTACTCTCGGAGGATTAGGGTTCATTCGTACAAGTAGGAATTATCGGTCGAACATGCAGCTTGTACGCGCAGAAGGGGTCTTTTATATCAATAAAAACAGGGTGCAGAAGTGTTGCCAATGTCCGATCAAGATTCGATTCTTAGGGTTGCAATCTATGGCGTCGGGAAATCAGACCTATGTAGGCCCAGTTTAAGAGTTAAGCGATCTTATGTATGAATGTTCTTCCGTTGGAGCCTATCAACCAATTTAGTCAAAACACGTGTTCTGGGGACCGAGCCCTGAACAGTATACTTTGGTCGCAAAATTAAAGGATTACCTGCTGGTCCTGCAAAGTACTATGAACCAATCATCGCAGGACGACATACCCAGTCAATGACTATGGTATGCAACAAGATTGAGAGCCGACTTCGCGCGCTAGTACAGAGGTAAGCTCAAACCCACAAGCGGATACATACTCCAGCCTGCCTCCGTGTTAGTTTACCAAACCGCTAACGAGCGGGAACGGAGACACGTTTGCTGTGCAATCTTTTTGGACATTCCACGATACCTACGCATTTTTGTCAAGTCACTACTATTAAAGCTTCTGATCACGTGGGCGTGGCGGGCAGACGGGTAAGGATCGCAGCACTCACGCGTCGGTGGTCCGAGTCGATTAGCCTCTAAAGGGGCATCGATGATAAGACATGCCTGCTCTGTCATGCATAAAAGGTTCAGCATCCGCGTGCGCGAGGCTCCCTATCGGCGACCCTTTACAATCCCGTAGTTCCCCGGTTGGTTATGGCAATGGCCACGCTAGGATAGCCAGATATTATTCACCCATTGTCGGCGAAGTCCCAGTATTGAAGGCACAACAAATTGAATGCCCGGTCCTCCGCCGTAGGGTCGGTCGCCAGTAAACCAGGTCTAGGCAGATGCAAACTATCGGCAGCCCGACATTTCAGGCATGAAGTCGCAGAACGCTCAGACGCTGTGATGGTGCTTTCCGTTCATACTCATAAAGCGGT,1910,49.84,Drosophila melanogaster
SEQ_179010,ACTGAAGTACCGGCTACTGCCTTCTTATATTCTTCAAGAAATGACACGGATGTCCGCCAGTTACAAGCTTTACTATGGCATCACCAAACCCCGATCATGTGATTCTGAAGATGCCAACCCCAGTTCGGCTTATCCGTCGACGTGGACTGACACGCGACACACGACCATTGTCGAGAGAGAGGACCACATGGCACTCTCGGGCCATTCCTTTCCCCGTTGATAGTGTGAACCGGAGCATAGCCTGGAGTTCCAATAGGGGTTTAGCAAAGCAATGCTGGTTGATGCTCGTCCCGCTGTCTGCTGAGCGGGATGCGCTATTTGTCAGACCCAACCTCGAAGGCATTCTAAGTCACGCTCTATTACGGCCGACAACTTGCTTGTAGCACGTTCAGCGAGGCATAACTTAGCGGACACCGGAGACCTCACTCTCAGCTGGTCTAGGGGTAGGAGCCGCCGTGCCGACTTAGTGTCTCGTCACCAGGCACTGCAACTAGAGCACTAGCAAGCGGCAACATCGAGAGGTAGGCTCGTATCGGGGCCAGGTGTCGCCGATCGCTTGGGTGGACGCTGACTACAATAGCCCGGCCGGCTATAATACCGTTTCCTCTGTATAAGGACGAATAGTAAGTGACTTTGTTTGTTAGTCTATATCGGAGGGGGCCGCCCGCGATATTTTGTTCCGCGCAGGGCCTGAATATTAAAGGTGTATGTTTCAGTTCTAACGGAGCGAAATAAATACTTTCCTTCTGCGGCGAGTGTTAACACCATCGGGCACTTTAAGTTCCCACGTATACTTTGAATTGCGTAGTAGCTCGCTCTACGGCACCGTACGGCACTTGTAATTTCCATTAACAATTCCATAATGGGTTCCCCTTTGTGTTGTGAGACTTGCGCACCCGGGGACTCGAACGGCACGATTGTAAGATCTGTGAGGAGACAACGACGTGCCAGCGTGTCCAGGCCCATAATGCCTTGATTGATGTTACCCGCTTTTGTTTCTGTCGCCACCTCAGGCGCAGGCGTGGGCGCACATGTAAATTTACCAACTCAACCCATAGAGTCGCGCGCGTAGACACATACATATCCGGTAATAGTAGAAGAAAGAGCAAAACAGTCTTCCTTGCATGTACCTTGTCGCTCACAGTAGGCTACGCGTGGTAATACAAGGGCATTCGGGGCGAAGTACCTTTTTTTTCCATGCCAAAAAACGCGTCACGCGTCTTATAGGATGCCTCGGGGAACAGTTTATGGTGCTAGTACAGACATGCAGTGGAAGTCCTGCGCTGCTCATAATACCTAGGTAAGCTGGTAGCCGAGAAAACTTATTTCATTCCACTAACTTGAATTCCTACCTAGGAGGAATGGATGAGGCGGTCTCGTGGGGCCTGTGCAGGTACTGCTGTTGCTTGTCTTCCAAGCCAACCCAAGGCTCATTGCTTTGGCGAC,1446,51.24,Escherichia coli
SEQ_554847,TCCGGCGGTTACACTCTATATCTAAGCAGTTAAATAAGTGTGGTTTTGATTCACATCCAAATTATAACGGTAATAGAGAAGAAAGGGCGTAGCTATCTGCTGTCAGGGCCTATCTCTAGCATGAGTGGCTGAGCGGGCCCTGAATTAGACAGCTTAATCGGCATGTCATGATACATCCACAAATGACTGAGCTCCGTTCTAATACTATCTGCTAATAACGTTGTGGGTTTCTCTTGTTTGCCTCCTCCCTCGGATCAGCGCGACAGGGTCGGGCATATGAACTGGCTTGCAACCGGTGGTGGCCAGCAGACGAAGTCTTGCGCAGGCCCGGTGACGCCACACAGTCCAGTCTTTGTTCAGGACAGTTCCTACAGCTCCGTGCTATCGCCGGCAAACTAGACACCAGGACTGCTAGGACCATCCGCACTATAGTCCCAGCTGGAATTTCTCTACATCCCTGCCCTAAGATCTCACGACAGCTGTATGCAGATTCATGCGAACATATTCCCTACGGTAATCAGTTAACGCAGGTCCACCTTTAAGTAAACGAGTGGTTCTCTGATCAGGCTGACCTCCGTCACTTCAACCGAGGCTTGAAAATAACTGTAATGCAAATTTAACCGGCTATGTTGCCACAGCTCACGGTATGCAAAACAGGGCGTGTGTGGAGTAAAGTTACATTACAACTGGTGTGCGGAACAGATCAGTTCTGCGCGCCGATTAGGCTGTCTAGCCTGCTAGCTATGAGGAAGTTTTTGATAGATGCCCTGTATTATCCATTATTGATATGCGTCGACGTAACAGAGCATATAAATCGATGCGCAATGCCGGGGTAAAGTCTGTACCCCGACGTCCATTTCCTACCTTCCTAGATTCAACGTGAGTTTCAAAATCACGGAGAATCTTTCCCGAGAGTGTCCCAGTGGGCACCCTTGGGGATTTATCTCATCTTTATCTTTCGTGACTATCGAACCTGGTTTTGTGTCGGTTCGATCGGGAAGCATCCTCGCCCCAGGCGATACAAGTCCTTGCCCCGGCGGATTCGCGGCGGCACAGGGATCTGAAGCCTGGCTACAAATCTAGGATCTCTACACTTGCTCTTGATGAGACACTCCGAGACGAACGGGCAACGTAATCGTTATACCTTTATGAGTGAGGAGGAGGACGTTCCAGCGCCCTAAGTTTTTTTATGGGGGACAGATTCACAGTTCAAAATCATAGTAGCGAGCTACCCTTGCGTAAGTGTTCACGCTAACGTGAGCTG,1264,49.13,Homo sapiens
SEQ_212602,TTTATCACTCATCGACTTTAGACCATACAAGTCACAGTGGGCATCATAGCCCAGCACCGGAGCCACGCGATGACTTACCGGGTGGACTCGATTGACCATAGCCTACATTTAGGAGTACACTCGTTTACCCCTCTCCTACGTATCACTGGGTATTAGCTGGCTTTGTACATATTTCTGCCGCCCACCTCTGGGCCATGACGTGGCACGACTAACACCTCTGGGCGCCTCAGGGCAACGCGCACTACGTCGCGATGTTCCGACGTTTGCCTAAAAAATGGTCTATTCTTTGTTCAGTACTCGCTCCTATACCAGAATGTATTCAGTGGTGTGGGCAGACCGTCGCTCTGAATCTAGCAGAGTAGGCGGAGAACTGCGTTTGTAGCCCGAATCGGTCAACACCTCTGTATGTGCTGTGTCGCGGCGTTGGGACCCACTCCGGATAATCCTCCTTTTAACCGCGAAATTGTCTGGGACTCATTAGTTGTCGGTTACTGAACTCCGTAGGCCATGAAGACGGGGAAACAAATGTTTTCCCTCGAAATGCGTTCATAACGATTTTAGCGGGACTCCGCAATGC,577,51.3,Drosophila melanogaster
SEQ_480544,CCCACTGGGATTCTACTTGCTATGCAACCGCCAGACGCCCTGATCCAAGCAACAGACGTTCCCATGCCGTCACCTGGAAGCGATCGCGCATCGAGGAATTTTCCGCCTCACAGGGCACATATCATAGCTAACAGGCATGCTGCGGTGCGGGTTGGGAGATTCAAGGACATAGACGGGCACGGGGAGCGATACGGAATATATTTCTAGGCTGCCAACATCTCACGAAAGTTTGAACCGTTCTTACCTGAGATAATTAGCCATGCGGACGAAATAGTGGTAACCTTCAGCCACAATTTCGAGTTACCAGGATTATCGGGGTAGGTAATGGAAGACACAGTTGAATTCATTAGGGTCTCTCAAGGTCTTACAATAGATGGAAGTTC,383,49.61,Escherichia coli
SEQ_183380,GCAAGCCGAGACATTGCCGAGCAAATTCTGCCCCCGTGGTCACACAAGGTATTGGAGGTCGTGGACTCTCGTGGAAAACTCGACCGTACTGCTGCGCCTAACCGGTCTCATGCCATGCTCAGCCTCCTTGCCAAATATTATAACGTATCCATTATCTTGCGCGGCTGTGGAAGCGTAATCCTAGTGTGAGAGGAAACCTACAGGGGGGCGTTAAAGTTCCCAACAGGACTTGGCTATTAGGAGAAAGCTAAATGGACCCAGATCGTTCGTTGTGGCCGCACAAAGAGCATTCAGGATTTGCAAGCTAGAGATAATATTAGTACTGCACATCGCACCAATGTGGCAACGCAAGATACAAGCAGATGACGCCCCGATATCGCTATAAATTTGCTTTAAGTACCTGGGTACATCTCAAAAGAAGCATGCACTTACGCTAAAATGCACTCTACCTCCCCCTTATATGGCATAACCACCGTTGCGGCTTCGGATGATTGCCAGCAAGCAGAAGCACAATGGGTCGTTAACTTGGCGCGGTCGAGCACGAGGCGAGGCCTTCTTGACACAAGATGGGCTGACTCGCACAAAACGTCTTACGCAAAGTGTGATGACCTGATTCCGATGGGTGCGTGCCGATGCATAAAACACCTTCGGGGTCCGGGAATTATAGCGACGGAGTGCCCGTTATCTCACTCTCAAATCCGCATCCTTATGATCGTGGAGGGCCGGCTGTGACGCGGGCGTCTCCAGATCTGCCCTTCTGGTTGCGTGAGACTAGGGGCTGGGACGCTTTCTGCTGTCTGCCAGTGGTTATCCGTATGGTCAGCCACCTCAGCACAAAGTCCGTCGACTTTGTCGCAGGATATCATCCCGCAAGAGTTCACCTCGACTCAGAGACGGAACACATGCAAGTTAGGTCAACGCAGCGGTAACAAACCTACTGTAGCAACGGGGTCGCGCCCCCAAAATAAGATTTGTGTGCCTAACCACAATGAACACCAATTAGAGCTAGATAGCCTGCATGTGCGATAGGGATACGTCCATCGCGGGATACCAACGGTCATATGTGTCTTGTTGTTTTTTCGACACGGATTAGCTGAATTACCGTCATGAGCGCTGGCGGTTTTTGTATCGACGCCATGGGGGCTGTCGGCCTTACCTGATGTGTCGGATGAATGCTGTTTAGTGAGGATGGCGATCGCTGATCGCTCACCAGTAAGCGAGCTCCATGTATTGGTATGACGCACTAACACTTCCGGATCTGGAACCGCAATGATAAGGTCATGAAATCTTGGGCTTAACAGTTGCCGCATCGTCTTCCACCAAACAACAAGGTCTCTCAAAGGCAATTTACTCAACGAGCCTGATTTAGGACCCGCCCTACTCGATAACGATGTCGCGCTCTGGGCACTTGTTATGCCGCCAGGCCCTCACCGACCCAAATATTAACTTGGCTGGAAGCAAGGGCTCAATTCCTTGTAACATGCTAGGAATTGCCACCATGATGGGCTGTTCCAAAATGAGCCGGCCTTTTGAATAGGATGGGATAAACTCGTAGAAGGTGGCACCTTTGTGCTGCATGGGGAGAACTGCATCTAGAACAGATCACAATAGGCGGCTGCGCCACAACTGAGAGTGATTTATT,1642,51.04,Saccharomyces cerevisiae
SEQ_931445,TTAGCGTGTCCCCAGCAGAAATTTATTGCATTACCATTCATACTAAGACTCTACGGCTGTTTCCGACACACTCTATCACCTTTCCGCACAATGCAATCTATTGTGTTGCTTCCCACTAACGATTCTGGAATTTTTTCCTTAGGTATTTATCGTATCTAATCGTGTCTCTCCGAGCGGTTCGATGATCTGTCGATATAGCTTTAACCGAGACGGCGCTCTTGACATACGCTAGAGTCTGTTGGCTACCTGCACGGATCAGGTACGTGAACTTCTTGTCCGAACACGTGGTTTATGCTCTTTACCCCCACCACATTTGTACGATATTGTTCAATAATCACCGGCCCTTCGTTCCCCCGTGCCGCCGTTTGGTACGCGTCCGTACGAGCACCGACTGTATGCAACCATACACAACCCGAAAGTCGGTTACACAGCCGTAACTGAAATAAGGTAGAGCTATTGTGAAACTCTTCTAGTTCGGAGCCTCAGATAGTTTAAGACATACGCTGAAAATACCAAGAAATTAGGAATAACTCCGATTGCTTAAGAGAGTCGAGTTTCAACCATGTAAGAGGGCTCCTTATGTTTGTCTGATTTGATGAGTTGAGAAGCGAGCCTTCGCCAAGTATGGGCCATAAGTCAAAACTTAGTTTTAGGCCTGTTTCAGAGGACGCCAGACGGGACGTGGGACTAATCGCACGAAACCGTCTCCTCCCTGTCCGGTCATAAAACAATTTCTCAATCACGTCAAGCAGCTTAAATAGGACATGTTCGCGCATTGATGGAGCTGCTGCTTTACACGGTGGAGGCTCAGCCCAGCGCCCCCATTGATCGCGACCAGGTAAGGAGATGTCGCACCGCCCATTAAAACCCACACC,875,47.54,Arabidopsis thaliana
SEQ_144369,TGATCTACTTTGGTTAGCTTACGTATATTCATGAGGTTCTCGTATAGGGGACCGCTTCACACATTGAATGCAGTATGTCATCAATTAAAAAGGACTTAACTCGAAGGCACTTTTCACAAGGGTACCGCCTCGTTTAGCGTAGGCATACTAAGCTGTATCATATTGTATCTCAGGAATACATGTGGTTGTCTAATCGCCTGATCGCTGCTGCGAAATACAGTCGAGTGATAAATTGCCCTAGTATTTCCTATGACAAATTGCCTGAAGCTGTCTGTGTAACTCATAGCGGAGGCCCGATGTCTGCAGGTCACCTACCGGTTGGTACTAGCGCTCTTAAGGCGTGTCAGGTATAGAAGATGAATCATAGGTCCTCCGGACATGCAGCCCACGCTGACCTCGATACCTGCCAGTCAGTATGTCTACGGAGTCCCAACAGCGTATTCTAGGCTGTCGCGTCGTAGGACAGGATGGCAATGCGGAAATAAAACTGGGTTGTCGCGGCAGACGAATGAGGAAATTAGTTGGGCAGCACTGGCAGCTCATATGGGATGCAATGCTATTTCTTTCAAAGTGGTGCACGGCGTCTACCAACAGTAGAGCCACATCAGTGCCGCCATAACCTCTCCTTCTCTACCTTAGGCACCTCGCGCATCCGAGGGTGTCCTAAATTGTCTATGGTGTGTCGGCAGAGCTACTCTCGAACAAGTGTGCAATGACGGTGAACGGCCTAGACACCATCTTGAATGTTAAGTAGACGATCTTCGCCGCTTTAAACCGAGCTGGTCGAGACCGTGCAGGCTATGAGTAGCGACAAGTAGCAAACACTCTATAGCAGGAGGAGGGTCGTTGATTAAGACGCTTTTGAACTGTGGGATTAATAGCTAAATAAGCTCACGTGGACTCCCCGCTGAT,912,48.57,Mus musculus
SEQ_228985,TGTCTCTTCCATTAAAGGACGGCGATGGTATATACCACCAACGCTCAATACCGACGTGATCCACTGGCTGGACACGATCTACCGGTAATACATAATATGACCCGCGAGGATTCTGCGCTCTATAGTATGTATGCCTACCCAACCAGTCTGTAAAATCTTCGCCAAGTGAGAGAGTGGTAGACGGCGGCACTCTGCCATGACCATTGTGTCGCAGGCGTAGCATTAGTCCTTTGAAGCCACAAGATTGCGTGTAGGTTTGGCACTGCCCGACAGACCATCTAGGGTTACAGACATTCTGAAGTCGAATACCTAACGCCCGCGCTGGATTTAGCTGCCGTCACGGGGCACGACACCGGTCGTAGTGCGAAGGGCTGGCTCTCCCTATCATGCGAATCAGTCTCCTAAGGGAAAGGAAAAGATTGGTACTTGTCCCGGGTGGAGTGGAGCGGAGTCCCCTTTGCCAGGCGCATGGTTAATGGATAGGCGAGTTTGTATTTTAGCCCGTACCCAGTCGCCAACTAACAAATCGAAACCTGCAATTACTAGGGACGATGAGGCCCGTTACCCCCAATCGGTGTAACGACCCGACGATACTTCACGAACTGTCGTTTTTAGCCGGCACTCTTATCAGAGGTTGACTTCTTCGAAGAGTGTGTATGGAGCGGCTATGGAATCCCTTGTATAACATAACTGTCGCAGGTCTGTGGGTCCTAGGCAGTTACTGTTACACTCGTCATAGTGGGACCAATTTAGGGTACTAAGGATTCAGCGGATATCTGTAGGGGTATAAACTGCGGAGCTTTGGGTAGATAACTCTGTACGAT,824,50.61,Caenorhabditis elegans
SEQ_823468,GGGCTCGACCCCCTAGTTGTAACCCCCGGATTAACTATGGTCATGAAACTTGAGTGCGGTTCCCCCAACGGGCAGCATGCGATACGTTCAATGGCTGAGCTCGCTCCCATCATGTAAAGAGATCAACCTCGCTTTCCGTAAGTCTCGGTCTTGTGGAAGTAGATTTGCTAACTAGGTTTCTAGAGCTGAGCGCGAGGCTAGGCGAGCAAGTACTGGTTTCTTGGATACACGCAAGACTTGGAGGAGGTGGTTCGTTACCGTCTATCTATCGGAGAAAATTACCGCAACAAGCCTTCTTAAGCTTGCAACTCTTAGTCACGTCGGATGTTGTGGGTAGTAACCCTGTCTTGCTGTGCCTGCCTAGCGACAACCAAGGGCTCCTGAGTATGACGCTTGACCTGGATCCAGGTAGATAGTACCTTCAAACGACTATCTCGGTTTCACATCCCGGGTCATACCATCGATGGTGGTCCAACCATGCGCTAACCCGCGATAATAGTTCCTAGTGTTTCGCGACACGTAGCTACCTTGGAGGAACTGTTCGGTTCGGCTAATAGGGGAAAACCTGTAAAACGTTGATCGTGAGGTGTAAGCTTTCGAACCAGGAGCAATTATTGGATGTTTTCTGTTGCGGGACGCGAGACGTGGAAAATTAGGAGCCGACCTATTCCTGGCTGCCGCATAGATGGAGTGTCGAATGAGCACAAAACCGAATCGTTCCCCGCGTTCACAGGTTCATAGGGACGCGATGACGGCAAACATTACTGCGTTCGCCCACAGGACCAATGTCTCCTCCTCCCAAGGACGTTCAGGTTTTATGTATGAGCGGATTACTGGCCCCGTGAGTACACACTCATGTCTTGGATGCGCTACTCCC,877,51.2,Saccharomyces cerevisiae
SEQ_388418,CATCTCAAGCGATCTCCCTTGGACAAAGATCTATGCCAAGTACGCTACCGCGGTTACAATAGCGTAAGGACGATTACG,78,48.72,Homo sapiens
SEQ_496977,GTCGCAAATATTCGTGAAGGGTTCTGGCATTGGTTTGCGGATACTAGGTCCAAAATACAG,60,45.0,Escherichia coli
SEQ_596790,GTTACCACTGTGACCGCGCAAGGAAAGGTTTCTAAGATTCTTCGAGCGTAAGGGCGGACCACTCGTCCGCACACTCCGGGAGAGCCAACATGTAGGCAGAACCAGAAGTAACCTTCTAAGTAGTTGAAGAGCCCGCGTTCACAAACATTAGACTAGGCCGGCACCCGATGGTCCTGCAGCACTCAATAACACCACGGGGGTTGAGCGCGGATTTTCCCTAATATAAGACAGATACCAATAGTCAGATTCAGTTTTTGTGCAGCAACCTATTCCCGGCGATAGGCTCCGACCAGACCAAGAAAAGGCGTTTTTAAGTCTGGTCATGTGCTCCCCTTATGAGGCAACTTTAACGAGTAGTTATATCTCGCTTCCCGAGAGGCCCCGGGCTCCTACGTCTTATGACCGCACTTATACTTGTCGGTCGCCACTGAAAAGTACGGAGGGGGTCCTAAGCCAGCACGCACCTGTCTTACCTACTTCCGTGCCGGTAGTAAACACGCAGATGACCAAAGGACGGGTGGTTTGAAGGAGAAAGATTGGATTACGCCGACTTGCACCTGCCTGATAGAATAGCGCATTTCCTGTTGTTTTTATCCTCTGTGATATTAATTGCTGCATGGTTCTTCATATTGGTTCGTCTCGTCGAACGCTCGGCGGCCTCCGTCTGTTGCACCCGTCGAAGTTTTAGTCTCGGTATCCGACGCTCTTAACTCTGGAGAGATGCTGCCCGTAAGGTAGTAATGGCGCACTCTGGACGTACCGCTAAGTAAACAACATCTCGGTTTTTGAATGCTCCCTTGCCTCCGGTCTACTTGGGGACGCGAAAGCGTCCGCTCTCGTTATCACGAAGGGTCGTCGCTTTATATAAACCGACTTGGTGATTATCGGTGATCCGATGGTATAGTAAGAAATTAGGTTGCTCCAATGTCGGGGTTCGGGGGTACACTCGCTGCATCTTGATAGGTCTCAGCGCCTTACAGATATGATTGCCATACTAAGGATAACTTTCATTCTCTTGCCTCATTCGAGGTGAATGAGGAACTCGCGGTCGGGCTGAACAAGTTTAGGTACTCACGATCTCGCTGTCTTAGTACCCCGACTGCCTGATGAGTCGCGGAAGAGATTTGTGACAGCCCGTGGCTAGCTCTGGTGGGAGAACTCAGCCTTTTCCAACCCCCGCCATCGCGGGATGTGACAGCAGGGCAC,1206,51.33,Arabidopsis thaliana
SEQ_509877,GAACATATTTTTTGTATTCTGGGGAGCGATTCCGTCACTCCTAGGAGGAAATTGGAATCCAGTTCAATGAAAACAGCAGTTCATAATTAAGAGTCCTATGTTCGAGTCGAGTCCTATTGTACGCGGATCTTTAGCACGTGGAGCGTGTGGCCTCTAATCCAAGCTACGGAATACAGCCTCATAACTGTGCATCCACTACACTTTGTAATTCGTGTGCCACTATACAGCAAGTTACCAACCCCCGTATATTTATCCGTAGTTACGCGGACGAACCGGGGTAGACTTAAATGGACTTCCAATTAGATAAGCCTGTTAACAAATACGGACATACCACCACTATCGAAAAAGCTCAATTGAAGTAAGCATTAAAAATGACACTTTAACAACGCATGGCGACTTGGAGCAAGGTTCGGCGCCATGACCCCCCAGGCATCTCCGCGATAATTTAAGGCGGTTGTTTATCCTGCGCCATCATCTCCCTAGTCGACGAACTAAGAAGCAACAATGACCCTAGGCGATGCCCGCCAGTTCCCCTCAGTTTTCGCGAGGTACAGATCGTCCCTCGTTTCGGCGATTTGGATATCCTTCATCGAGCTCTCGTCGCGACTCTCACAAGGTCAGCTCGCGTGATGGTCAATGTGCCGGAGAAGCCGGAGTACGGGGGTACAGAAACCAGGGAAGAGCTGTTGGAGGGATAAGTCATTCTGGACACTCCGCGACCTGCAGTTGTTGTTCGAGCGCAGCATAATGGACGTGCAAAGAACACTGATCGGTAACATCGCACGGCGGCCAACATTGTGGCGCCGCGCAACCACACTATGTCGGAACGGGTTTCTACATCCAAATAGGCGCCAACCAGTGTACAAAGGACACATCTGCTAAGCCAGTACTGCGTAGATTTATCCTCGCTCACACTGTGCTAGGCGATTATAACACTCGTACGATTATGAAAGCTTTCATCTCTGTTATATCTTCCAGTGCACCGCTCCACCGATGCGAAGGTGGTTCTGGCTGTCAATCGTTCCTAAGGCCCCATGTAGGCTCGCTGCGGCTCTTACTAGCAATACCTATGTCCGTAATCTAATAATCGGATAGCTGAAGGCCATTTCATTTTGTTGCGTCAAATCCCACCTACGGTGACTGCTGCTTGGATCTCAATCGACCACCGCTATCTTCTTCTGAGTTGTATAGACTATATACGACCATTAGTGAGCTACCATATAACGGACAGCGAGACCAAAGGTGAAATCGTCCTACCACATCATCCATATGCTGCCAGTTACGGGTCGCAAGGGGATCGAACGTCTGGAAAGAATGAGGGCTACAGACTATAGAATACGATAGGAATCGGTTCAGACCCGTGCACATTCCTTCTCCGCGCGGGGACTAAATCCCATTCTTTGTACGGAACACATCTCAAGGTGCCGATCTCCGTAGGTCCTCACAAAAAGGCCAAATTTCACAATCGGGGGTCCTACAAAAGACCATGCTCTTTCACTTCCGGGGGTAACTTTAAAGAGGCTTCAATGGATCGAAGTCTTTCCGCTAATTACGGGATGTTTAAGGTGACAGTACGGCGCGCGATCCCCGTTGGCGTCGGAGCAAACACCTGGCGAGACGCAGTAAGAAAGTTTACAGCTGCGTCAGGCGGCTGTGCACTTGCTCAGATACGCTATACCTCACACAGCGTGTCCAACACAAAAACTCTTGCACCCTAGCCAGCAGGGCGAATAGTGTAAGTAAGGAGGGGTTCGGGTCGTGTCCATTTAGT,1771,49.35,Caenorhabditis elegans
SEQ_721636,GTCAATCACCCTAGTAAAGAAAACTTGTTTTCCGCAATGTGTATATGCGCGATGCCTCGTATCTCCCAACGACCTCAAACTCGCCGGGTGTCAGCCTCTCGAGATCAGAATGCGCTACTGCTACTACGATACATCTTCGGATTATAACACTCAGGTTCGGGCCACAGGCTCCGCACTCTCGGATTCGACAGCCACAGATGGGGAATTTATATTGCGGCAATCTGCGTAGCGTCTTTACATTACGAAAGGTCCTACTAATGATCACTAGTCCTTAGTATACTGTTATAACAGAGTGGCCGGCGAAAGGCGGGCCGCGCGAGCAGCCAGAGATAAGCAAGTAGTCGCATTAGGGAACACGCTAAGCCCACATGAACACATATTCAACCATCGACTCACGGGTGTAAACTTGCAAGCCCGTGTTCACGTCGAATGATGAAGAATTAGTATGGGCGTACCAGACAGGGCAACGCCTGCTTATCAGCCACCTCGCAGAGATACGCGCGCCATTGACGGCTACTACGCCGTAATGACCATGGGTTCAGAAAGTGTCTGTCAGGGCTCAAACTACCTTAATTTACACTCGATGACGCTTTGGAGTCCAACTCTAATCCTAGAGAGAACCCAAATTTTACTTGCATTAAGATCCAGCATAAAATATACCCGCGTCGGAACAGCAATGGATGACGCATGTCACGATATCCCAAC,705,48.94,Drosophila melanogaster
SEQ_930255,GCACGAAAGTATCATGGCTGGGTAACAAGGACATCCACGTTTTTACGATTGATCAGTGCCTTGACCGGCTAATACCAGATTCTACTAAGTAAATGTTACCGCCACCTAATTCATCGCGGCTGATGCGTGTTGCTTGTGTCCACTAAGGGAATGCCTACACCCGTATGTGACTGCAGTTTCCGGAGTCACAGAGATGAGAACCCTCCATCTGCGTCCTAAGAAGTAGTATTTGAGGCTATCACGGTGCTTCTGGTGGCTTAGAACACAGAGCGCCACGGGCAAAACGCGTCTGGATGCGTCAAACAAGGTCGCGATCTACAGCACCTGGAGCTCGAATTTGGCGACAGCCAAAGAGATAGTCCTATAATCTAGCAACGAAAAGTACTATCTTTCCACCCCCCTACCACAGGCTTACTCTGCCATAATTCGGTCAAGAGCACAATTCGTGATTAGACTTTAGGTTTAGACATGTGCCGCAAGCGATTATTTTGACTTCTATACGTCGGTGTCACCACCAACCACCGACAGGCCAGGTCAAGTCGTTAGATCCAGTAGTGGCGTCCTCGGTGTCCTCCCTCTCATGTTGGATGCTTATTAATCTTGAATCTCACGAGGTAGCTTTGGTAAGTATAAGATATAGTTTGAGATGTGATACAAGAATCGTTCTGCGCCCATTTGTACACACTCCGAGTGGGTGGGTAGGATTGGCCAAGGCGTTCCAAGTCCAATAGATCGAAGGGCAGGACCAGTATTACAGTAACAGAGTTTTAATTGTACTAAGCGCTTCTGCGAACAAGGACGACTCCGTGAGTAGTTCCTGTCTTTCCGGGAGGGCCGTGGGCACTTGCCTAACTCTTCAATTCAGCAATACATTGAGTGCATTAATCTTTGCTACCTGGAGCTGGGACACCGCCAACCGACTTCTCTAAACGCTCAGTCGGTACTGTCCGGAAACTTCATTTGGCCATATAGGCACTTATTTCGGAGTTGGGTCCACACTCACTGAATCTATCGTTCCAACACATGTATTCAGCAAACTACTTGCGATGCTCATCTAAAGGAGAGAAAACGAGAGGGCAGTAGCCCGGCCCATCTTATTAGGACCCCATACTCAATTCTCAGATACCCGGCAC,1133,48.19,Saccharomyces cerevisiae
SEQ_414467,GACCTCGCTTCCCAGAGGATGTCTTAGAGTGTATCTCTAAGCTTAGAGACCCGATTAGTATCTCCTACCGGAACCGTTCGGGTTCAATCGTAAGACTATTTTGGTTGAACCTTACTAAAGATCCGTTGGCGGACGGCCGAAGTACGTATGTAATCGGAGCAGGAATTTTGAATCTGCTCGTGGCTACCTGTTAGCGAACAGAGTGCGAGGCTGCTGCCCACGGTGGGGGCATTTTCCGACGACCTATGTGGTCCCTTCAAGGCGTACGGATGAATGTGCTTGAAAGCGTTGCCCAGCGAGAGCGTGACACCATAAGATACGCTTCCTATGTTACCGAGACAACCCCCTGGGCGAAGGAGTACCGGTCTTGTGATGCGCAGGGGCGTGTAGGTCGCAATAATTGGTTATAGCGTTAATGCGACCGAAGCTTTGGTTTACAACTAGAAGGTCCCTGGCTCCTGAATGGTTATATGCTCGCCTAACGAAAGACGTTAGCCTTATAATAACGCATAGGTTATAACTCACCGCGAATTTACAAAACAACCCACCAATGGGCTACCACGAACAAAAAATAGATAGGCTAACTAGAGTTTGAGAGGTCAGGTTGATTTTCCTAATATTCCAAGTGCGTGCTACCACGGCGCCCCTACCCTTGACTCTGCATTGGTCAATACGCGGGTTGGTCCTCGTGTCTATGGATTCATATGTTCATATTGCTGTCCCAGTTTAGTTTGACAGTCTGTCAAGGGTAGTTAGTACGAGTCTGGAGCCTGGGCCGCCGAGCACGCCACTGGCTACTATTGGGGCTAACGGCAGAATATTCGATTCGCGTCTTCGGTCTAATGAGTAGGGGGGTTGTGCACTCATATCCAATATATATCTGCTCGGACGAGGCGTACTTCTTCATACTTATATCCATTACCGGGCTCCGCTCGTCAGTGGAGAAGCACGGCATTGAAATTATACGTCTGCTCCCAGATCGCAAACCACATCCCCCCGCCATACTGTGGACATCCCCTTTCGGAATATACAACTTCGTAAAACGGGGTACCGCGCCCCAGCAACCTTCCATCACGATGAGCGTCCTCAGTAAATCTGACGGGGTAGAAGTCATCGGCCATCGGGTCTTTCGGACTACATCACCTTGATTTCTCGAAGCAAAGGTCGCATTCATTCATACCAGTCTTTCAGCGTCGGAGAGCCCCAAAATATCAGTTTCTTATCATAATCTAGCGACTGCAAGACCGGACGGGGGTTGATGTGGTATGTGCAGATCAGCTTCATTAGGATTTGAGGAATCGTCCATTACCAGCAATCCCTTTCGTGAGCGCTGGCATTAGGGAGAACGAATCGAACCTCCCCGACGTAAGTTACTACTGCAAGGACCTCACAAGCCGTTCAGAAATTTACATCGTGTAAAGACTAGCTGAAGCAAACAATTCTCGCGGGCGAAGCGTTATTGATACTTGTCCGTGTACAGCTATTACCCGACAGAATAGTGAGAGAAAACACAGGACTGGCTAGTCAGCGTAACGTCATATCCGTCAAAATTGCATACAGGACTAATCCAACCCAAGAAAAAAAGTGGCGGCTGGTTCGTATGAGAAAAACTAAATCGATACCCATGCAGTTAGGCTTTAAGCGCTAGTTACTTATCGAGATGACAGAAACGAATACGTTTGCTCTTCTTGACGCGTTGAGACTTAAACTAATCAGGGAATGCCATGTGGTACCACGTACCTGTAGCGTGCCGTGCCTAGGGGGCATAAAGCGTATAAGTACCCTGATCTCGACGCCAGTCGCAGGCCACGATAAGATCCTTATAGCTCGCTTATATTGTACTTGTAACGAATCTTGTGACCCCCCGGTCGCTTTGGTATCACGAAGGAGTTGTCTCTCGATCTACCGAATTCAGGCTGATAACATCGCAGAGAAAATGGAACTTCACCTTCG,1953,48.59,Homo sapiens
SEQ_463752,AGGATTCCGCTTGTGTAAAAGCAAAGGCTATGAAGGCCAAAATGTCTTACGTGATCATATCAAATCATTCCGATGATGGTTGACTCTCTCTGTGTTCTTATGCCCTATTTCAACTCACAGAACGGAGTCGTCTAGGCCCCAAAGGCTCATGCTGTATTCGCCCTGCTCAATCAGACGCACGGCCCCCTTATGGTAAAACTCCTTTAGCATGAAGCATTGTAATGTTGAGTTTAACTAGATCCCTGCACTACCGGCTGTGTGCTCAAGCCGGAAGCTGTTCAATCGAGTAGACCCTTCCTGATGGCGCCACGTGGGGCGGATGTGAATTAGACTGATAAGGAACGAGCGTCCCGGGCAACTGCGACGTTCTGTAACCCGCTAATTGACGGGCGAGAGTTACGTACGTACGACCAGCCCACGGCGACGGCATAGTCTTATAAGTCGGCCCTCGCATACCAGTCTACGACTATAGCCATCACCGACAGATTTCGCTTGGGCCAACATGCCATGGTTTGGGTACAGTAAGCCTTTTTTCCGAGCCTGAGACCGGCATTGCCCCCGAGGAGAGATCCGCTCTTGCTTGTTATTCCTCCAACCCTTGTAGTTCGATTCGCGTGAGTCTACCTGCGGCATCGGAATGATAAATCAAATAGGAGTATGGGACCGGGGCAGCGGTTGACCGTTTTTGAACGAGCACTTACTAACCAGAGTAGCTAGCTCAGCACTATACATTTATATTAAGGTTGATTTACCAGAAGACGTGGGCGACTACTGAACCTAGTAGTCTACAGTGCAGGAGACAGTTGTTAATAAAAGTTCGCTATAAGCTCAACCGGGGAATCTCGAAAGTTGGACCATTCGCAGGAAACTTCGAGGCCTAACAGGTTAATTTGTTGCTGACAGTGTCTGATAACGTTTTCAGAAGCTGACGAACCATGACCATTTGTACTAGGTGCTGGATCCGTACCGGGTTGTTAAGTAACCGTGGATCTAATAGTTAGCGTACTCGGGTCCCAAGTTGTCTGTCGTACGCATTCTATTCTGCGCATCTACTAAATCTAGGAAAGGGGGAACAATCCTAGATGATAATCGTGTAAACCACGAAGTGACGGGCGTATACTTCTGGCGACCTAGTAACACCGAAAATGGAACAATAATTCTCCTCTAGCCGCTCTCAACCGGCCACGGACCGGGATTGGTAACTTTATAGACGGTTGGCTCGCAGTCGCGTCACCAAGTTGGAACAAAGAGGTCGCTCAATTTGATCCCACGTAAATGCGGTC,1283,48.87,Drosophila melanogaster
SEQ_129660,GCCCCGCCGACGGTCCGCCAAATGAAAGTAGGATCCTAGCTGGCAGCCGCCAAGGAGGAATGCTCAGAATTCCTAAAATGTTAGAAGTACTAGCCTTGGGTTATCAGTTGCAAGTTAGATATACAGGACGCCTTAAGATCTCTTTAGTTCAATGCTATAGATAATACGCCACTAACTCTACCCGTTTACCAAGCTGTATTGTGGTCAAGCGAATCGCACAGCAAACGCGGGGATAGAGGCAATACAGCATCGATTCAGGAGTTGGGCAGTGGGAGCTATGGTAAGCTGCAGGCTCTGGCGGCTTCATATGGCATGCTCCCCTCAGTAATTTCGCTGACAGAGAGACGACGTTATTACCTCAGAATCTTCCGACGGTTAGTTGTCGGGTAAAGGAAGTGGCAATCTTGATGCGCGCTCAATGATATTTGACTTGCGTTGTAGAGACTACAGACTTCCAGCACACCTAATCGATTCCAGTGTGGTAAGGCCCGGCCTATGGGCTATGGCAGCAACACGTTCTGGCTAACCAATGCGGAATGTGTGGGAATGCACGACGCCAGGCGAAGTCCGATTTTCAACCGCCCTTCAACGGCAGGGCGTCTCATTCGTATAGCGGCTTCAAGGAGTATCGCCCGAGCGCGTCGC,645,51.16,Escherichia coli
SEQ_212407,TTAAGGTGAGTATATCTGGAATGGACGAGCTACTAGCCCAGGCCGAAACGATGGGGTCCTCGAAGTGGCGTCTCGCACGTGAAAATGAAATATCTGTAAGGGGCGATATTTTTGGGAAACGGGCGGAGGGATCGGGATCGCTAAATCGAGCTCGGAGGACCTATTTGGCAAGCTTTTCTCGATAGTGGCTCCAGCGAGAACAACGCCTCCGTTAACCACTCATATGCTTGTATTGTTAATAGGTACTCAATGATACAAACTAAATTGTAGAACCCTCATACTTAAAAAGACTGGAACCTATCGTCGTGTTCAAGGATACTGGACTCGCGGTCGAAGTGCTAGATAGGGATGCGAACTTTAGCAGTTTCCTGTGCACAATATAAAGGGGTGCGGAGTACAGACCTAGCCCATGCCGAAACTGATCGGAACATAGCACATCTACCAACCCTTCCTCCGAACCCTCAGAGTTATGAATCCAAGACCAGAAATGCGGTCTATCGACAGATCCAGCCGAAAGTAGTTGTGTCCGATTGTCAGTCAAAGGGCGCATGTTGTCCTGGTGCTGCAATCATAATCCAAGCCGTACTTTGCGTTGATAGGAGGCGCCACCGCAGTTTATCCGGTTCTGTAGGACTTGGCGGCGAAGCAAATTTTTTTTCGGAGGGTGCCGAGTCACATAA,680,48.53,Drosophila melanogaster
SEQ_549131,TTCCGACGATTCTGAATAAACGGGGCGTGCCCATCGCTAATAGCTCCTAGACCATGGCGACAAGGCACCGTCTCTCACAGAGTTTGTTTCCATAGCATGCAAAACAAGCCCTAAGGCTATAATTACATTACCTCTGAATGTGGCGCGTCAGGAACTGTCGTTTCAGTCTCTTGTTTCTCGCAGTGGGGGAATTGACTAGAGACTCTATGCGTTAGCTAGGAGGACGAATTGCTAGTCACGCTTTGATGAAGACCCAACCCAGTGATACGCGTGGGTGCAAGGCCGTTGTTCAGCTCTCAAGCCCGCGAACAAAAAAAAACGTCATCATCAGGATTTGAGGTCTACCGGACCTTTTGTTATATTGCACCCAGGTTTACATTCGCTTAGAGCCGGAAGCAATCTCTTAGTCGTACGCTGCAGTCAGCGTCAATCCGACAACTTTCGTGCCGCGCATAATGCGGGGACCAGGTACGCTCGTGAACCAGGCGCGTGCATAGGGCTACGTCTAAACTTCATCCCCTGCTTCGACAATACACCCTTCCTAGGCCCAGTTCCCCACCACGCGATATTATAGGGGGATAGAATTTGCCCCCTGGTCGTCGGATCTGGTCACTGGTGTATGCACTCGGACTTCTATATCTCGACAAACGGCGGACGTCCTTAATATCCTGGCTGTGTGTGGAGAGTTGACCGATGCCTCGGAATGTGCTTAGCCGTTTAAAGACTCTATCTGATTATCAGATATGACGCTCCACCCGCAGCCGGTTTTACTGTTCCGTATAGACTGCAATATCTCTCGGAATATCGTGGTCAAGATAGCTAGCAGTATGAGCTGCAGGAGTTCCAGCGAACCTCCGTTGCTATGAATAACAGGCGTAGGGAACCTGATGTGCATACAACTTGGAGAGTCAAACCCCTCAGAACTCCTCGTTCTCCCAAAAGAGCCGAAAGTCTCGTACGGAAACTAGACGTAGAATAGTATTCGTTCTTTCTTAGGCTGGATCGCTTTAACGCAGATGGTAAGAACTAGCCTACACAAAGGAGTGAGCGCCCACACGACTCAAGGCCTCCTCGGCGTAAGTCATCCTGCACACCCTCTGATCCTGGCACACTCCGAGGTGTGCTTGAGGGCGCTTTTTGAAGCACCATGTTTTGGATAGGGTCTAGAACCTGTCTCAAAAGCTTTTATACTCTCGCGCGTCCGCAGGGGAAATGGAGTGTAACATAGGGCTCCTTACATAAATACTTCGGACAGGGACCCGGTGGAGTGAATGCTTACGTCATCCCGGTAGAGGAGAATATACTTGTTTAGGCCTGGAGGGAGCTGGGTATATCTGCCGCTTTATCGATTGCGTAGGACGATTCCTTCAGCAAACTAGGTCTCCTGGGGTAACGGTATATTATTAGACCCCAGAAAGATTGTGGATGGAGGCAAAGCCTGACCTGCCTACTAGGATGACTGGGGAGTTATAGGGCTTCTCCGTACGTGCAACCCAATCCTTAACGCCTGGGTCCCAGGTAGACGACAAAGAAATCCACTGGTCTATGCTGTCTGGATGTTAAGGCTACGAGACAACCACACTACGTCCCTTCTCACATTAGAGACAGTCTCCGTTACAAAGGGGAAGGACAGGAAGCCGAACAGAAAGACGGGCATAATCATTACTGCAGAAAGAGAAAACGAAGCAGGACTGTCCTGTCTGACCTTAAGTCTCGTCTATCACGAGAGTAGGTCGTGCAGCTAGTGGGCCGCTGGTCTTATCGGACGCAGCAGCGTTTCTTAATGCTGAAATCAAACCTTCAGGCTACATTGCATCTGGGCTTGTGTTAGTCGTGACTTGCGGCAATGTGAAATCGAGAAATGCGCTTCAGAGCCAGTGTGTGAGCTAATTTTCGTAATCATGCCGAACTAGCTATAGGATGTTCGCAGGTCGTAGGGTAAGCTACCAATCCGAAAGAGCGTAACCGACTATCTTAGGTGAGTCCTTCCCTTGCGCA,1998,50.0,Drosophila melanogaster
SEQ_496691,AGGGGCTCAATCCCCAGGTTATCTACATAGTTCCTAGTGGGTCGAGCACGATGCGAGATCTAGTCCGGTGATCAAAATTCCCGCGCGCAAACCTGCCTGACGTTCTAATCAGAAAGACTCCTGAATGCTAATGAGAACAATGCCATTACGGACTAGAGACCGGAAATATCTAGAGCCGAGTTCGCTCGGCGGGTGTCAGCGTTGTGCCAGGGGGCCCACAGTGGTCGCTAGTTTAGCAATCCGAAAGGTTAGCCTAGGGTGCGTTGGAATGTAGAGGATTAATGGCCTACGACAATATTCCAATAAGCTCCCTCGCGCAGGCAGTATGCGGCAGGACTTGCAAGCCGCGTTGTGCGCTCCGCAGACCGAGCCTCTGGGAGGGGGTACATCAAGCAAAACGTATTGTTATTTTCTGTCTCAACAATAAGACTTGCGATTGGGTGGCGATGAAAAAACATTCTTTAGAAACGGGTAGGAGTCCCCAGGGCTAGCAGAAAAACGTCCAGCGCCGAAGGTGATTATCAGGAGGCTCAGAATGTTGTCTTACATACTAACCCATCTGTTTTCAACTATGTTCTGGCGGCGTCTCGTAGGCCCAACGGTCGTCGTATTGGCCTTGATTTCACCAGTCGAGATGTCGAATGGCGACTTCGCCAGAGCCAAATACAATAAACGGATTTTTGGTTCCAAACGTACCCTAATTCCCGAGTCACCCACTGCTTGCCCTCCGTACATAACCAAGAAGGTATTGCTTTCTTGGTCGCGAGGGAACGGGTAATACACTGTACTATCTGAAGGTACCTATGGTGGACCAGAGCTTAAAGAGATCCGATGGGGAGATGAGCGAGGACGTGTGCCATGCGTACTCTCGCGTGGCCTGCCTCGCGCACTTCCAAAGGCTCATAGATTGGTGTGTGCAACAATAACCTGATT,933,50.91,Escherichia coli
SEQ_337519,AGAGCAGGCCGTCGGCCATAAGGCCGTCAGTAACTCTGTAGGCTGACAAGGAACTAATAACTGGCATCCGAGTCGCGTGACAGATCCGGGCGTAAATAGTCTGCTGGCAGCTATTCGGGTTGGCTAGCACGCGATCCTTTAACCAATAGACCATCGGGAGAGCCAGGCTCGCCGATCCTAACATGGTCGCAGGTCCGTTTTTTTCATGACTAGGACTTAGCCTGCCCCAAATAAGTCAGTAATTGACCTAGGGTAGTCGCGCTGACGCACATCGCGGTAAGTTTTGGGTCTTTTACCATCGGCAAACCGTTTCAAATTTTGGTGACAGTTCAATGTTTTTATCACCGCCTGATCTCATGCACCGGAGAAAGCCAAAAAATCTTCGTCGGACAGGGTGCTGCTACACCGGGTTCCTCCAATTGGACTAGGGGAAAGTTGTGGGATGTACCTGGGCGCCTCACCCGAGGCTTTTAGGGGTAGGGACATAATTTCTAGCAACATAGGGGGTGACAGATATACCGTATGGCGTGTCGCCGTAATTGTCGTACTGGGGCAAAGTTGTTCCCAAATGGTGAGTACTCAATAAGGGCATGTTT,596,50.84,Escherichia coli
SEQ_614847,GTAACACGACATCCGGGTGTATGATGGAGTGCCTAGTTGAACACCCGGAAGTCTGCACTGATTTGATCTTCAAATAGGGCTCCGTCTACTTTCATGTAGTCTAACTAGGTTAGTAGTAACAATGTTGCGAAGAAAGTACGCCATCTATACCATAGTTCGGGTTATAAGAGGACCTTTGCACGGTTTTACGCGGCTTCACGATTCTCCATGCCACCTGTGTCATCATTGCAATATTGACCCGTGAAAAGGGTCGCTACTATTGTTCCTCCCCTGCCGCGCTACACCAGGAGGATCGTTCCTCCCACACGTGACAATCCCAATCAGTACTTAGTTTCTTATAACTGTATCACTTAAAAAGCGTTTATCGTTA,370,45.41,Mus musculus
SEQ_841811,CCTTTGAATGGCGTACGTCCGTGGTGTCTAGTGCGCAAGGCAGATCATGCCGTGATAATGCTCGATTTTGGCGTGCCCTGCGCATAGGCGGTGAAACGGCCGGTGATTAGCCGCCCGGCGTTCAGACATGACCCTACCGCGTGTAATAAAGAGGAGACAGACGGGTTTTCGCTCGGAAAGGTCCCCAATGATCGCTGTAATCGGGCGGCACGACATGGGGCGGCCACAGTGCCCTGAGGCGGAAGTATGCTATGGGCCTATCCACCACGCCTTGGATCTAGCGACACATTAACCCGATGAAGGGTTCAGCTTCGTGCGGCATGTAGACATAAGGAGCCTGTCAAGTACACTCAGAAGCCTCCGATTTACCATGCCGGCTATAGGACCCCCCAGGGTCGGAGGGAAACGCGATCCTGACGGGC,422,57.82,Saccharomyces cerevisiae
SEQ_728847,TGCACCTGTCCGCAAAGGACTTCTCTCCGGGTACATGCGATGGGCAGAGTAATGGTAACGAGTTGGTGTTGACTCTTCGCGATCACACCAGTAGTATTTACCTAGTTGAGGGTGTAGTAACTAGAAATAGTGGCACCATGTCCCAGAACTAGTTCTTTCTCACTAAATGCTACAGCCGCATCTAAATATCTTCTCATGTTTGGGTTAGTCCTAAAATATATAGAGAAGGTAGTCCTACCTTCATGATCCTCCCCTCCCACACTGCAGGTTGTAGCATGAAGTTCTGGTGACGATTTACCAGGCCTAGATGCCTTATCAGAGTTCGTATAAAACGAGTGCTTAGAACAGCCACTCCGTCGGATCTCGGGCAATCCGGTGGAGAGGGAAAGACTCTCGGGGGAAGTCGATACTTGCGGCCGCTTACGGTGGGTGAGTTTGGCAGACTGGTCGTTTGACCTGTCTCGCGCCAGGGCGTATATATAGTGGGTCCCTTGTCGCGCAAAGTGCTATCGTTTTCCTAACGGGATTAGTCCAACAAATACATTGTATGCTTTAGTGGGATACGTGCTGCAGCGATTGTCCTTACTTAATGCATCACTTGGTTCGTTGCTGGCAATGGAGGTCGTAGGAACCATCCTGTAGCAAAAGTGTCTCGGCGGAACCTACGTAACTTTCCTTCTGTTGGAGCCAATGAATGGCGAGCATCACCACATCTCGTACCCCCGCTTTTTACACGAACTACTTAGTAGCAGGGGTTCGCCTCAACCAGCTGAGTCGAACGAACTGCTCCCAGTCCCAACCGCTTGACAATTGTTCAGTATTCCCGGACGGTTCTTTCCCTATCGAGGACCCCATGCTCAATTAATAGCGACATCCTCGGTGCCCTCTTGATTAATCATAGAGGTCCTGCTGAGGTGCGTGAGGTCAGCACGATCGCGTGTAGTGTGGCTAATGGTCTCTTATTGCGAGGCATATCGATTCCATTTTCGTGACGAGGGATACAGAGTTCTGATCGCTTCTTGGGACGGGGTACAGGGTGGGCCCAAGAAGTCACCGAGCACAACGAATAGAGGACGACTATCTTAGGGATACGGGGTAGCTGCCTCCGCGTTCGAATAGAATACCCCTAACTCAGACTGAGTTACCTCGGGTGTGCCTTAAAGTGGTTGAGTACAAGTACCACATCACCCCCATTGTATCGAAAATCGGCATGTTGAACGGGGTGAAGTCAGTTCTGTAGGGGGGCGGTACAAGCAAGGGCTAGACTAGATGCTATATAATCACGAATCACACGCAAATGCAGGATTTTTTGATAGGAGTTGGGGCATCAAACAATAGACCGTCACGGAGATCTCAAAGACAACTAATTCCACGGCCAGTGATCCATGGGATGTTCTACTTCGCAGTTCCTAAGATGACAAATCAGGTCTGACACGCATCAGTCACTCACTGTTGGAACTCTATACTGTTGCTCCCCCGTTTGCCTGCCACTGATGTCTACCGTTTTTCACTCAGTAGGAGCAAACCATGCGGCTATCTATCGTGTTCGTCTACTATTCGGTTAAGTACACCGACACCACAATAAACGTCAAGCCTGCTGGATTAGGAGTTCCACGAACGACTGTACGATCTGCGTGTTGAGCACCTCTACAACCCACCCATTCAGCACCTTGGCAGCCAACGCCCCAGTTCGTGTTCTCGTTCTTTCCACCTATGGCCATCATTCATCAAAATTCCTAGGCGACAACGTAGGCTTAAAAGTCAAGACAATGAGGGCTAGCAGGCTGGCAGTCCCGATATTAATATTGGCAGTAAGACTGATAGCCGTTGGATCACCTAACTAGAGAGAATTCCTGAGCGTCTCTGGTAGGCGAACTCCTTAGGTTCCCCGAGAACAGCAACA,1903,49.34,Mus musculus
SEQ_464263,TATGTAACTGCTGGGTTAGTTGTCGTGCAACTTCTACCCGTCCTCACCGGGGCGCGGGAGCACGCAATTCGTTCGGAGCATCTACGTCTTGCAGGCCCGTGAACCATTCAACTGGGCCCGTTCAAACACAAACTATGGACAGTTTTAAATGTGTGACTGACTCGTGTATGCGTAAATCCAATCCGTAGAAGTCCATAGAGGATTATTGGGAGTTAATAGGGCAGAAGGGTCTTTAAAGCACAAGAAGTCCCCTACTTTCTATCGGGTATATCAATCACTCTGGACGCTTGGGGTTGCATGACAGGTGACGGAACGCGGGGGACCGCGCGCACGAATTTTATGGAATCTTGGAGCACCAATAGAGGATTGGGTCAGTGTAACTCACCACTCTCCGATCCCCTCCACTGTACAAGCGTGACCGGCCTGTGCCCACATCCTTACGGCCTGTCTTACCGTACTAATCACGCATGGCTTATGAGTATGAAACCTGGCATTTCTTCAATCCGAGTTGCAGTGCAAGGCACAGCAACACGGCTGGGGGTCTCTAACCTTTACCAGGTTATTAGCACAAGTTGCGGTATCGCATTATCTCATACATGGTTGCCCAGGGAGCCGCGTGTACTAAGCCTTAGTTATCCGCGTTATCCTGTCTTTACCAGCAGTATGCGCGTTTCCATAGCCGTGTTATAAATGAGTCTTTTTCCGTACTTACCGTAGCATCTTGGGGTAACCATGCGGTAAATCAGATGAGGCCTGAACAGGCCAACGTGCTTTGAAACAGTCTAAAATACTGAGGCCCCACGGGTGGCACTAACAACCGGGTTAAGAATCTCCAGTTCTCGCCACGCTGGATAACGTCGCCGCACGGGTGAAATCCTAATACCTGACTCGTGTTTGTTAAGACAGGGGGTGCATCTGCGTATCGCCCTCTCCGCTAACGTATCATATTCTAAAGTTCCCATACATGGCTAATAGCTCGCTTTCTGCTATGAAGTTATTCGAGGGGCGAGACTTTCTATAATTTGCTGAGTAGTCCGGGATAGCGTGCAACTAAGATCCAGACTGCCGTCACTTGATAGGTAGCCGTATATAAGATCGTGGTACTACGGTAGCCGCCTCTGGCACGCATCGTATGAGCTCAGGGTCGTGCGCTATTCAATAACCAACATAGCCATAACGCCCATGGGGGAATCTGCAACTGACCAGCGACAATAGATAACGCACGCACCTGTCGGATACAGCGATACAAGCACGAAGACGCTTATCTAAAGGCCAAA,1277,49.88,Drosophila melanogaster
SEQ_943633,ACCCGGGGGACTCGCGACTGATAATCCTATGAGCCTCAACGAGCCCGACTTAGTTTATCGAGATTTCCCGCGGCGCCTATACGAGTACAAGGAGAACTGAAGAGAACCAGGCATATTTTGCATGTCGCGATTGAAGCCGAGCGGTCTAGCTCCGGTAAGGGATTTGAGCCTATTGTGTTCAGGAGAGCTGCATCCTATCGAGCACGCCCTCGGTGGTGTGCCGACTCCGCAAAAAATTGGCCTGGCGCAAAGGGAGCTATTTCTAGTCAAGCTCGCGCAGGGTACGAGCTTAACATGTGACCCGCTAAGTTGTGTAGGCAGTGGGATTTCCACGCGTACCCCACGGACCATGCGTTAGTGTGGCTCTTGCCCGAATGCGCTGTCCGAACGAGGTTGAAATATCATTGACAAGCGGCGAATTGCACGGCATATAATGAGTGGTACCTTCATAATCACGGGTTTTCTGTTTACAACCCAAGAGCAGCAACCAGTTTGATGACCACTGGAAGCTAGGTCGCGTTCCAGCCCACATCACAAGCTAAGACGTCGTCATACAGCTTGTTGCGGAAATTAGGTACTTCTAACTCGCTTGCCACGTGAGTTGGATGGTCCTCATTTAGTGATGTAACGATGGGGTTGGAGTTACACGACAGTCATAGAAGTTCTGACACTCACCACTTATGGTTGACTTCTGTTGTCCGAGCCCCCGGCTGAGGGCCTCGATCGGTTCCTAGAAACATCGCATTAAGAAAGCAGCACGTTTCGAATTGGAAGGTGTAGTGACGAAAGCCGTCTCAAACAGTACAATTGACCACTAGCCTGGCCCGCGCCTCCCATGCGAGTAACCTATAGTTAAACAATGGACCCTCGGAGCTCTTCCTCACACGGCTGGCGTCCTGAATAGAATCGTACAGCTGTATCGATGAAAACGGCAGCGCAGTTGTCTGTGCTGGGTGCATTAACCATCTAACCCACTGCGGAAAGGATCAGGTTTATAAAGGAAACTGATTCACCTGGCGCGAATCTAGGTCAACTACGATACGTAAATCTCGATGGTTGACCTCTATAGTCGGATTCTATTGCCATTTACGAAACGTGCCAAAAACTTGCGTCGGAGAAGTGATACAAGCATAAGAATTCGATCGCTCTTAAATTTAGACAAAGCGCAGCGGTTAGTGGCCGCGTTTGCTAGTCTAAGTTTGCGTTTTTGCTAGTAAGCA,1220,49.92,Caenorhabditis elegans
SEQ_384484,TCTGGCTTCCGGGAAAATAACACTGTCCCCTCACCGGAAAGTATGATCGTGAAGCCCACCATTTCGAGAGCGGCTTGGCGCTAAATGCAGTTGATCAAAATTTGTTCTTAAAATTTGGAGGAATAGCAAGGTGGATGTCGTTTGGTGATTTGCTTATTGCTGATAGAAGCAATTGTGTTGCAGCTGTTAGATAGACACCACTGCGTGGTGGTCCTATCGCGCTAGTGCCAAAGAGTACGACTTAATCTTGCCCACAGACCGGTTATCCGTTATGACGGGCAAGGCGAAAGAGAAGGGTGAAAACTGCGAAGGTTCCCGCAGCATGTTCTTCGTCAATTCATCCATAACTGGATATCCGCATATCCGCATGTGCGTATAGATGATCTCGATAACTTCGAAAGCTGATTAACTTAAACGAAGCCCGTGACTTCGGCATCTCTGTTCGTAGACCAAGTGCTTGACTAGTAGCACACACCCTGTGAATACTCTTTATTAACTTAGCGAACACACAAGCGAATTCACTTTTACAGACTCAGTGAAACCATCAAATAGTTATACGCGCTAAAGGAGCAGAGTGGCATTCCGTGATTACCGGCAAGACCAACGGGTAAAACGCTTCTAGGCTTCACTGGATTTGCGACACCATTTTGTATCCCTTCGCCTCTTCGCCGATCGATACCCTAAACACTGTAGGGAGCCATGTTTGGATGGGCGGTGGTATGATCCAGGTACATGTTGAAGTAAGGCATTGGCGACACTAACAGGAGGTTCGTCGTTAGTGGTGTTTCGGTACCATATGCGTCGTCTTTGGACGTTACCGGAAGCAGAGATTCGCCCAACACCCTTCGGGACGCGAATCAGTGAAATTATTCTACAGGAGGATACGGCTTTAAGCATCGGGAGATGACAACCATACTCGGAGAGGTCAGTTACTAGCCTTTCCACTCGGACCCACCCACCTAAGTCAGATTTGCAGAACTGCTATTTCACAGATGCACTCCGTTATGCCACGACGCGCGTAGTTGGAAGGTTTCCGCGCCTCGGACCGAACGGCACCCATTCGAATCGCTTCACTACTCATCAAGAAGGCCGGAGAATAAATCACAGCAAAAACCCGGTCTATTAAAAATACTATTATACGTCCGAAAAACGGCCCCTACACGGTTACGAACAGCTGAGGTACACAGCCACTGGTGCGTACTCGGGCTTAGGGATGGTGAATTTGGTGCATCCTTAATACCTGATCGAGACGGATAATTTGACCTCGATTTATCGCGATTAAGTCGGGCATTTTCCAATACCAATTTATCGAGCAAGCTAGAAGTCTACCCGCGGGAGCTTAATAAAGGGAAGGGCTGTCTCAAAGCTCGTTCAGAGGTACGATAGATGGTCGTTCAGCTACATGTTGGTTGCAAATCAATCCTCGTCGCAGTTGCGGCCGCGTGGAGTACGCGGGCACTACGTATAGCCTGTCTATCGTGTCAATCAAGGGACGCCACTTTTTTCGCGCTCCTTGCAGAGACACGCGCTAAGGGGCCGGTTGAACAATCGCCATAGTCGGAAGGCGATCACCGTTAGTTATACCGGCGGGTGCATCGCAGCAAGCTGATTGAGAGTGATATATGTCTGAATCTCGCCGGCTATTGGTCGAGCCTTTTTGTCTGTAATGAGGACCCGGACGAATAAATAGGGCTTGATTATAAATGGCAAAAACGTCCTTCATCTTAACCCCATTACTGGACCTAGTCAGCAGCGCTCCCCAAACTAGCGTCGGCCGGCCCCAGTTCCGTCAGGTGGGCCCCTGGGAGGATCATAGGAGTCAGTACGAGGACGTAGGCCGACCTCTGCTCTACGCACCTCGTATGATACTGGTTATACGTTACGGGACCAACGAGAGGGAAGTCATCGCGATGCGGCCTCCTTCCGATCGTGGCGCCCGTCTTATATGCCCGCCGTCGAATGGGTAGGACCCCTTACTTTT,1981,49.77,Homo sapiens
SEQ_791136,AAGAGCCAAGCAAACTCTCTCTGCGTTCGCTATGTTAGCTCCGCTTGCCGCACAAAGGTCTGGTTCTGCGGTGACTG,77,54.55,Arabidopsis thaliana
SEQ_107432,AGACAAAAAGACACCCACATACCGAAGGTGTCCGAGTCGGGGTGCAGTGACAGGTAAAGTGTTGGCGGGGGAACTTCTACAAGGCATTCTCCCTGGAGCCCATATACCGAGTGGTTTTATTGGCACTGCTCCTAGCAGCCCGGCAACCCCGCTATAAACGCGTGAGTTGCGCCTGAAAGGGCACGCATGATCAGTGGGACCTTCACAATTTCAAACTACGGGAGGACTGCGATACCTAGGGCTCCTCATGTTATAACGAGGAATTTCCCGCTACGAATATGACGGTAGGATGCCATTAGGGTTATGCGGCAACGGTCCGCACTGCTGATCGATCGTGATATTGATCCAGGCTATCAAGGGTTTTTTTCCTTGGAATAAGGGGCGGAAACTTTAGCCTCTTGGGCCACGGGTTCGATAACTCCTGAGACTAATTCAAGCGGCCTTACCCAAGTTGTGCTTTGTACGAAATTCTGGGACTTCAACTGAAACATCTACAATACTTGCCGCTCCACTCGTTTGATGAACTCCGTAGCCTCAAAGTTGCTAACGAACACTTGCTAACATCATATCTTACTGCTTCACTGTCGGCGGGTCCACCGGCTCTCGTCTGGAGGGTCATATCCGGAGGGTCCTATTGGGCTGGATCTCATGGTTTTTGCATGAGATTGAGTACGTACCTATAATCCGCCTAGCTTCGACATTATGGCTATACTGTCTGCATTTATGATGGGCCGTAGAGCAATCTGCTCCTATTATAGATCGCGAGACACTGCTTAACAGGGCTCCTGTGGGCCGCCTTTTACGTCGCCAATAGTAATAACGGGCTTATACACCTGCGATAATGGGAGTAGTTAGCGGTAAGGCTTGTGGAGTGGTGGGTTTGGACCGGTCAGTATCAGATGTGGCCCGGCAAATTACAGAAGGCGTATTCATCCCATAAAATGTGAAGTGACGCGTACAACAGCCAATGAAAGGCGAGCACCCGGCAGGGCTCTCGTAGGCCCTATGATGGGTTTAGGGAGTACCCTTCACCGACTCACTAAAACATCGCTCTCAGATGGGCGAACATCGCGTTCACCGTCCACGAACTTTTAATTACTAGGTACCAGCAACGTTTGCCGCACTGAGTCCCACCATTTGCGGTCGACATATTGCATCACTATAATAGACTCCAAGTGCTGTGACAAGTCGATAGTAGTACATGTGGGCTTTTAATGGCGGGGATTCCAGGCCTGGAACGTCGTCAGATCCCCCAGATC,1259,50.36,Drosophila melanogaster
SEQ_149519,TCAAGAGCTTAATTTAAAGAGGAGCAGCATTCCTCTGGCAGCCCATTTGCGATAACCGTTGGTCGATCGGTCATCGATAGGACCGCGACGAAGGCCGTTGAGATCTGCCGTTAGCAAGTATGAGCTGTAAGACCTAAGTATTTGTAATCCTGTGTAGATGCGTTGAGTATCGTATCGGTACTTTACGTCCGGACGCTCGCTGTAGGAAGGGCTGGCAGATTGAGCTAACCAGCCACCTCGTCTGTGTTTTAGCTGGCAGAGGCCGAGTCATGTCCACGAACGTGACCTTGTCCTATCACGTGCCAAGGTAGAATGATGCCCTTCTATCGATAAATACCTTCGGGATCCCGATAGTCGGCTAATAGCCGGG,370,50.81,Saccharomyces cerevisiae
SEQ_303705,CCATCAAGTTATTGCTACTCCTTGCAAACGCGTGCCATTGGCAAGTGGAATATCATAGTGAGCCGGAAAGGTCCCGAGAGGAAGCATCATACGCGAAATTCCCTCTTGAAAGGTTATTAGTAGTGAAATTCCTTGAAGTATCCTAGTATGGTATAAATTCACACTGACATCGTCAGACCTTACCATCCCAGAGGCTTGCCGCCACGGCTTTCTGTAAGGATACGGTCGGTTACAGGCCTGACCGGCTATTCTTCAATTTAGCACTCACTACGATGGGTGGTGTCTTGATGCCTGCGTTACTTTATCGCGGAAACGGGTACAACCGCCCTATACGTCCCCGAATCTGGATTTGGTATAATGAATCATGTTCATTGCGTAACCTAGGCGATGCACGAAAATTCAGGGTAGGAAACTTACCGCAACAAACGATCTCTCTGCGCTAATTCTACAAGCTAAATGCTGGTTATCACACTCGCCGATGTCCGAGATTCACTTAGAAATCATTTCCCGCATAAAAGTTAACCTTTTGGTACGCCCCGTTCATTAAGATTCGACATTTTTAGCACCCGCCTACTGGGCATCTTTCCTAACGGGCTAACAAGAGGAAGAAATTGCACGATCGATTAAACCTAGTTTGAGTTGGCCTTTGTTTTAAAGAAACACTCCCCCAGAGTCGACCTTTAATAGTATCGCTCAAGAGACTATAACGGTCACAGCAATCACGCCCGAAATACTCAGGACTTCCCATATAGCCCTCAAGCTCGAAATCACAGCTCAGCACAAGGATATAGCTGGTATTTCCGTCGTGCCAAAGGAGGACTCGCACTAAACTGCTAGCTGTAATCGCCAACCGGCTTTTGTAGATTATCGAGTAAGCCGCGAGTTCAACCAATCTCATGACGTCCGTGCGAGGGGTGCGATCA,923,46.59,Arabidopsis thaliana
SEQ_744130,AAGTACGGAGATAGAGTGAATCATGATTTTGATCTCGGAGCCTAAGTGCTCTATTCGACCTCATAACCGCAAAGTTAGCGAACCTCTTAGATCAGCGTATTTTACCCAAAGTGCAGGAGATCCGCTAAGGAGCAAATCCAGCGAAGGTTTTAGGTTCATCCATTCGGTAGTCCGCGCAGGCTTTACTACGTGATCCGGACAGCGAAGGACAAAGATAGACCCTACTCCGGGCCGCTATTTGAGATCGTACTCCTATCGCTTATAAATAATAGCTGCAAACTGCGATTGACTCGGCGAGCAACCTATCAGTCAAATATTCATTTGAGACACGGCGTGGTATACCCATGGCTTGGATACTCGAATGTTCACTGTCACAAAAAATATCCCTGCTCGACCTCCTCTAGTCGACCTTCGGTAGCTGGGTGTCTACTGATTTCAGAGCACAAGTTCAATTAAGTTGCTGATGCCACTCTTCACGGCAATTATTCGCGCGTCTTAGTGGCTGCATGGGCGCGCCTTTAAACACATTGTCGGAAGTGGAGTGCTCGATCTACTTGTATGCAACTAGTGACTCCTATGATCGAATAGGTACCATCTAGCCGGATTTTCCGGAGTCCGCGGTCGTTGCCTGCAATTGTGGTGAATTCGGTCACCACCCTGAGTCACTGCCAAGCGTCCTAGCTCTTTACATATTGCGAGTCCAAATTACGTCGTCTCTTAAGCTCAATGCACAACGTAGAGATCGGTATCAACTCTACCAATCTTGCGCGCCAGCAATATACCCAGGTAAGACGTACTCAAAGTTCGCTCGGTGTGCACCGACTACTAGTTCGTCAGGCGTGGCGATTGGACGTAATCTAAACTTAGACTTCAGTCCGGATCTGGCTTTAATGTGCCACGGGGAGCGCTGGACCTCAATTTCCATTAGCTTTAGCACCTGGGCTAAAGCCCTCCGTTTATAAGTTCTTGAATTCCTTCCTCGATTCGATCTAGCTCATAACGTTAGTCATCCTCGATTGTATCGACCCGCTTTGCATACATTATAGCTGCGGGACGGTGCTTAGTGCTATGGAGTGACCGTACAACGACGGTCATTCTCATAATGCCACAAAGTTAACACTGCGCAAAGTGTTGTGAACATGGTATATGCAAAGCCCTGTTGTGCGGCTACAAACGACACGAAGCGTTGATAATTGGTGGAGGATGGTTACTTTGCGCCTACCTACTTATTTCGAGAGGTGCACGTCTCCCCCCAATACTGCGATCACTAACGACTGTTCTAATGTCAGTGTCCTTCTTTTAGAGGTAAAATTGAATTCTGTTGGGGGATTCCCGCTTCAAGCAAGTCGGGCTCATGAGATGTGAGGCCCGATCCAAAGTGAATTAGGGCTCATCTTCGAGTGTCTCGGCCCCAGCCTTTCAAAACGTGCCGCTACCTGTCGTTTAGTGCGTCAGAAACAATTGGTTAATGTCTGATTAAGTGTGTGAAAGGCTTACATAAAGTGTACGGTATACATGAGCGCAGCTGGGATTCGAATACGCCACGAGATCGAGCGTGGGAGTGTCAAGAACTCTTACTGCGGCTTTCGCCAAGAGCTATAGCTTTCCCAGGTGATCTACGCCGGCTTCCATCTCATCCTACTACTCCCGATCAGTTATTTTGCGTCCTAGCCCTGCCACTGCTCCACGCCTTATACCCGCTATATGAGCTCACGTATTGCCTCCAGAGTGGTACGAGCAGCATGGGGAAATGGCGATCATTAATTAAGCCGGCACTAGGCACCCATTCGAATGAAGCGTATGAAATGATCCAGCCCCACAATACGTTATTTCTCGAGA,1839,48.29,Caenorhabditis elegans
SEQ_592242,CAATCCATTATTCACCTATGCTCCTCTGCTCAAGTCGAGCCCGTAGAGCACGCCCCCGTGCAGCGAACCCGTTCTTTTGATGGCTGGCTTGCATTCTGGCACTTCGTTGGATCATCCACATACGTGGGACCTAACCGCGAAACCCACCCGTTGTCCTACGCAATCCGAAAACCAACCAGAGTCTAGTGAACCTCGGCTATATCTGCACGAGGACAAGTAAGATGTCTCCATGGTCACCGCCTCCCCCCCTTAATGGCTAGTTCTCACGCTGTAGAGACGGCCCCGGTATAATCACTTTCCGTCATCGTAAAAATTAGTACTCATCTTAACATTAGCCGAGCTCTAAGCTGCATAGAATTCATTGGAATACGATCGCGAGTGAGGGGCACTGCTCACGCGTAACGGGAGAGTCGAGCGGTCACCATTTGTGATTTGGTGCATGTGGCACATATGTGGCTAATCAACACGATCACTGTTAAATGCATTCCCTCGGTTCACTGGTCGGTTTTGCCGGGGTCGTCCCACAAGCAATTGCCATCTCCTCCAACCCGATTCGCGCGATAGTGGATAGCCTTACTACTGGCAGGACATTGGAGGCCGCACCTTCCTTCAATCCCCCAAGAATCGTATGCATGCTGACGATTATCATGTGTCCAAATTGGGATGCCACCGGACGCGCCAATCAATGCTCACCTGCATTAATCACGGTACCAGATGACTGGCTACGATATGCTTAGTGTCATGACTGGGTACGTTGGACTGCAAGGAATGTATAGCACCGACCTGGACTTACAACTCCAATATACTACTCTGTTCAGTCTGTTAACTTCTGTGGGAAAGAGAGTATTCCGTTGAGGGTACGGTCGAGGTCCGTCTCATGCTGGACTGCGTCGAGTGTCGCTGGGTGTTGCTATCACGGTCCCATTTCGGCTCATATCACTTCGGTCCTGAAGGGTTCAACATCAAATCTAGCGGAAGTGTGTATGCAGTTCAGCTAAAAACAGCGTTATTACGCCCGCATCTGTACAGACATATACGATATCTCGGATTGATAGAATTCCCACCTGACGGATCCACTCTTGCGAGTCGACTTGAGATAGTTTAAGTCCCTTTTCAGCGTGTGGCTAAA,1129,50.22,Escherichia coli
SEQ_664992,AGTCGCATGCTAAAGTCAGGTGCACGCTGCGTGGTTGTCGAACTTATGGTATCAAGATTAGAAAGTGGGTATATGGCCAGACTGCCATTCTACAGTCCGCCCGTGCATATCGAGCCTTCAAGTTTTGGAAACGTATCTGGACATGTACCCGGTATTCACTAGTGTTGAAACTCAGGGCCCCCAACTCGAGCAAATCTGGGGACAGTATTTATTGTATCCGTTACCTGTCTTGAAATAGGCCGGAAACTAACCCTCCGTGGGCTCGTTTGAAGAAACATCATGTTCATGTCACGTGGCCGAGCTGCTTTAAAAGGGACCACAGAATGAGGCCTCGAGGTCGATCTGGCCGAAAGAAATGAGCTCATGACCCTACGCGGAGAGGACTAGAAAACGGGTCGACACCGCAGCAGAGCTCCCAATACAATGGACAACGTATAATATTGAGACTACGCTTTACGCAGCTGCAAAACTCTAGACGGCGCACTTAAAATCATCTGCACCGTAACTGGCCCTAATAACTCAGGCGCAGTCTTCTTTAAAGGGGTTTTAGGTGATAAAGTAAATGAGATCTCATGTTATTTCCCGTTCTTAACGAAAGGTGTCGACAGTCCATCTAAGGACCTGGGGTCACAGCCCTCTGTTAATGAGAAAAAATAGTAATGCGACCGACTACCACAAAGTGTTATATCGACGGCGTTGCCTGGACCCAGTTATATGACCACCCAGAAGGTCCCCAGTTAGACCGATAGATGTCGGTCACTACCCTAGTCGGCTTCGCTTATCCTTCAGCGATAGCACCTTACATTGCCAGACAGGAAATTTCCGACCGTGGCTCCGGTTCCCTAGCAACAAACATGCGGGTGTTATAGAAGGCCGGGATAAGGATACAGCTCCCTCCAGCGGAGTTTGGGGTGCCGACGCTCGCCTAGAAAACTTTCGCATACGTGGTGCAGCATTGAGGCATGGCCTGTGACATCACCCCTTCTCTGAACCTCGAGCAGGAGACAGTCAGAGATGGCTACTAACACTGATAGGAACCGGGATGTCCGCACTTTGTTTGTGCATGACCTACAATGTTTCTCGTTCCCCAGCTAGAGGTATGTTGTAAGGTAGTTGGACGGTTTACCTAACGTTTGATAACTGTGTGCCGTAGGTCAATGAATGGGTCTCAAAACGTGGCTGGACTTTGGCCGTGATCCCCTGGGCCAAGAAACCGGTAGTGGGTTCTCAGGTTGCTGCGGTCTGGAACCCTACAGCCGACGTCAATTAATACATAACGTCGCAAACGGCTTCTGACGTACAAGACGGATGAAATCAGGTAGGGGATGGAACTTTGCGCATTGCGGGACCTTATCTGCAATGGGAGACCCCCATCAATTGCATCGGAGTAGCAAGGACGCCCCGCAGTGCTCAGACTAGGTGGAGGGGCCATACGCACGTTGTCATTTGCCCATTTACCCGCGGTGGG,1468,50.48,Homo sapiens
SEQ_514043,AGCTTGCACGAAACAGTTGGCCGCCACTCGAGTGATAAGGCGATGAGCATTATTCGCCCGAGTTATAAGCTTGCGTGAGAACCCTCGATAGGCCTCAGCTGTAGCGGGCGGACACTCGGTAATTAAGTACGAAAAATTTCCGATATTACGTATGAAAGGGGTAGATCCCGGTTCTCCGCTGACGAAACTTGCCGAGTTTGTACGCTCAATTGTCTGTGTCAAGTATGCGTTTGGGGTGGCTCCTGAGGCATAAGCATTTTAAAGGTCTGCCCTCTCCGGGACGCCGTGGTTCGACCACCGATAGACGTACCCCGCTCGCCCGCTATAGTCGCCCTGTCCGCTCATACCACCTTCGCAAGTGACTATCGGCACTTGAATTCGTTATACGGCGGATTTGAGCGTTACGGGTGCCCCCGGACGCGGAGAAGCACGAGAGAGGGTGGTGTGATTCATATCCAGGGGAGTACCGCGGGGAAATCGGACCACAAGACCACACAGCTGCGCGATTCGAGTAGAAAATGTAGTACATTTGACATCTCCAGATCCAGTGATCCCAGAAGTCGGGGTCCACGGCCGTTGCATAAGCTGAGCTCGCCAGGTCAATTCTAGCTCGCAGACTCACCCACCCAGTGCAGTTCCTATGCTTACCACCGCTTATGCTCATCCGCTGCTTAGGTTTAATCCTCCAAGGACTGCTCATGTGCTCCAGTTTGCAGCGCAGACTGAAAAACCGTTTTTGTTTTCCCGTGACAGCGATTTCGGCTACTAGCCCCAAGCGGTTCAAGGCACGCATGGCATTGTACGTCGTGCTCTTGAGGCAGTAATTCTTCCTCTAATAGAAGATTATTCCTTTTGGCGCAGGCACGAGGGTTATAGCTCCTAGGCACCAGTGACACGAATAAGCTCTCGATCACGCCTACGAAGGCAGAAAGCCCGCATTGATATCCCCTACTGCGCTGTTGTACTTCTTAGGTCTGACCAGAGTCAATTATGCCCATGTCACGTGCTGTGGCTCGCCGCTCCTACAGGCTGCGAGACGGCACGGCTCTTCGCCGGGAACGCGATTGGTCGCTACCACTGTAATCAAGGACCGTATAAGAAGTAGAAAAGATAGTATCTCGGATTAACGAATGGAACTACTGACGAACCCACTGAATTCTTCGATGAAGTATCGACTCACCGCATGACCCCAGCCGGGCGCGATTCTCAAACTCCATGACGTGCTTGTTACAGGTACTTCAAGGTTTTCCCCCATGAAAGAATCGGTTAGCGTCCCCCTAAGTCAATGTGCACGGACAGTCTTCGCCGCACTGTAACTAGTGCTGCCGCGGCTCACACCATCTAGGCCTGCTCAATGGGGGCATGATATCTGCTGGTAGGGCTTGGAAACTTATGCGATCATCCAACTATACTAGGAGGCGGCTGAATGCAGTCCTTCATAAATTAGTAAGGGTAAAAAATGGTCTCAGT,1470,52.18,Caenorhabditis elegans
SEQ_143350,GACAAACTCAGCCGTCAAACATCAAAAGGAACTGAATCCGCCTCCCTAATCTGGCTGACCCATACGCCTGGTGCAGCGCATGTCAAGTCAAGAAACGTGTGCGCCAACCCCCGGGTTGGCGGGGCATTTAGAAATAGGCACGGCGTAGTAAGCCTTGGTCCATTGCGCGGGGGTGATAGTCCGCCAGCCCTAGGGCGGCTCCAAACAAACACATAGCACCACGTTGGACTCGCACAGAAACCTTGTCGCGTTGATAAGATTTACCGCTGGAGCTATTTAACCTATGTCGATACGAGCCACTGTGTACATCAAAAGGAGGTGAAATAAAGCCGTGATAGAGCGTGCCGGCTCGGTCGTGTGTTTTCGAAGTAGACTCCGAGAGATACGGTACGCTTCCATGACGTTGGATCATACCCACCGTGAGGGAAGGCTATTAAAATTATGCGCGCTGCGATGTCAGTACGGGGGCAATCTATGAAGTTTCGCCGCTAGTAGGCAGCAATTCGTTCCCGACCGTGCGTCGAAGGAACGTGATCTTAGCGATTGTGCACCTCGAAACGGGTGTCTAAGGCATAGCGCTAAATGTCAAGTGCTCTCAGCGACGGATGCAGCGCGCCCCCTACCCAATCCGCGACTATAGGAGAATGTGTCGCGCTCTAATTTATCTCGGAGGCTGAAGCATTTTTTAGTAACGCATCCAGGGCCCTGGCCTCGCCATACGCAGATTATTCGTACCGTAGGGACGAGACAAACACGTGAGGCTCTCCAGAACTTACAGTGTCCCCGGACGCCAAAGTACTTTTGTTTTAAAAGGCAATTTCTCAGACGAATGAATCGATGCTGAATGAGATTAACCTTTGTATCGATAGAGCGGCGAGAGCACAATCGAAGCAATGCTAAACGGATGGACGTGGCATCCTTTGCCCGTCTGCGCATACCATGAGAATCCACGCGTGAAACACTTAAACGACAGGTCTTGACGTCCTCTTGTCGAATTTTGGCACTCTACATCCGTCCTCCAATTTGTCCATGTATATGCAAGCCTTAAACCCAAGGAGGAGGGTTAGCCGGACGTAAATGACCGTTGACACGCTCTGGAAATCGGCCGCTTTTACAGAATGACAGAGGTCCTCTTGGTGTACTAATGCCTAAAGTTCTACGTTAGCTTGAGTCGTGACGACTAGGCGATTCTTCGATCGGAAGCACGACCTAGTTTAAAGGGCTTTAAATTATACGAAGACTCGTCATGGTTCTGAGATCGTGCGCCATGCACCCCGTGTGCGCTCCCAAAGGGACCCCGCGAACTTAGGCTGGCTTGTCCCCGTCAGAGAGTAATTGGAGAAAAGCACAATCAACAAAGTGTCGTTCAGGAACCTTGACCACTCACGGAATGACCAAAAAAACTGGTCCTAAGGATATTCTCTCATGGCTTCGGTAAACCCGCAACCTGGTCCCAGTTTCTTTCTGGACGAAACGACTGACTGCTCGCATTCGCTCATACAACTCGTCACCATCCGAAATTGCGTCACCCGAGTTACGTTGAGGGTCATATGAGAGAGTGTTGCCATCATATTCTCGCAGTGGATTTTGGAAAAAGAGCTATGTGCATCCTTCTGTAGTCCCTCTCCAGGTAGCCTTGCGGGGCACAATACGTGAGTTGGAGAGTACGTCACCGAATTCGGACTGACCGTGTTATGACTGAGACACCTTGGTACTGGTTCTATCCCTCTGATGTAGAACGATTCAGAGCCCTGAGTGGCTAGTTTGGTTCGACCTAAAAATGTAGATGCGACCCATCCGAGTTCCCGCGTGCCGTAATCCCGTGGCCGTGAGGCATCTTAAAGGACTAGTTAGTGGGCCCTTCACGTGCCGCATGCAAAAGCCTTATTGAGC,1893,50.87,Arabidopsis thaliana
SEQ_649060,GTCGAACTAGTGCACCGGGGACAGTACTTATCAGTAGTCAATCCTTTAATTTGGAAAGTAACCTCCTTTGTGAAATTGCGTGTGGAAGAAGACACCGCCAGGTCCCAAGAAACATGTACGCCGCCAGTAAATGTATACCAGCCAACGGCACCATAAAAACTGAGGCTTAAATTGAAGTAAGCTGTGTCATTTCAAGTGATATGGCATAGACGCAACGTCCCGCATGGTTCATCGGCTTGACGCCCGTGTGTGGCTGGTTCTCGCCCGTCTCTCCGAGCGAATATGCTTCGACCAAACTAACTGCATTTTTTGTGCGCTTACTCAGGGTATTTGACACCAGCAGCCTGGGGGCTCCCTCCACTTAGGCTGCCAGGACGGAGGGTATCGCATCCCCATTTTATGGCTTAAAAGTAGTAAGATTTACACCTGGCGGGTTGGTCAGCGGCAAGTCGCTCCAGCCATTTCATAAGGTTCGAGATATATGTTTCTAAGTCAAAGTGGTTATGTGGCAGGTCGCCCGAGCCATACGTGATAGGAGATGTTTACCGGCCGACAGTAGAGTATTACTGGAAATCCTGAGTCACTGCGAGTAAGCCGTATAACAGCACCTGTAAACTCCAGAAATGCTCGGGACAAACTCACCGCCGCCCTTAGCATAGCCGCTTAAAGGGTAGACTGTTTAGGTACCCTACACCCAGTAAGTGCTTTAAGTTGTAATTCCTTCCGACTTATCGAGAATTGGAAGTCAGCG,751,48.87,Arabidopsis thaliana
SEQ_854798,TGACCTGTTACGTCCAACGTAATTTGGGCCTACTGTCCCGCGTTTGGCAGGTCCAGATTTTCCGTAGAAAGTCATGATTACGGGATTTAGTGACTCAACAAGAGGGTAGCTGAATTGCGAAAGGTTGGGCACAGCCAGTCTGGAAAGTCGCGAGAAGTGATTCTCGTGTGGGAAGTAATAGCAACTTATAGTGGCATTCGCCACAAGGTATTAAGAATCCAAGGGTTGTAACCCGGTTACCTAGCAAACCAACGCCTACCGGTACCCCTCGAACAGACCACGTGGACTAACTAGCATTCGGACTCACCCCATTGCAGCCTCTCATTGCCTTCGAGAGTGTATTGGACGATTAACGCGCTTCTACTACGCCTGAGCTCCCTTCGATTCGAAGGATTGCCATAGAAGTGCGGAAGTTATAGCCCCGAGGCTTCGGACGGTGATAGGAGATCTCTGGGGGGATTTTTGGCGGCGGATATTTCCGAAACGAGAAGTATCCAGGACCGCTGCACAGCGTCAGGTTTAGTTACAGTGTGCCGTCATCTATGTTCACGGACCGTTCTCGCTAACCAGCAGTACTAAATAAGAGTGGCTAAGGACCCGATCCTAATACGGAGAGGCCTCGCAATACTACTCCCCATAGGATGATACCCGCCACGACCAATCTTCTTTGTGCAGGCCTTCGCAAGCGAAAGCCTCCGAATAAAAAGTAGTCGAGTTGGTCCAGGTCGAGCTCTGGTGGTATTGTTAATTTAGTGTGGGCCAGAACTCGTGTGCATTTGCGAATGTGGACGGGATAAAATTTGTTTGAGCTGTTGAAGGCCTACAGCAGATGGACGAAGGCTTAAGACCCAAATATATCTTCATTTTGACACGCTTTCAAGCTTGCCGGGCGGCAGATAACGACTAGCGTACGTGCCTAGGGCCCAAAAATACGTACGTCCAAAGTCGGGCTCGGTAGCGCATCCGTGCTTGTTGAGTAATGGAACCGTCAGAGGAAGTATCAGCACACTAAAGGAGTGCTATAACTCCCGTGGATAAGACTATATCATGACAAGGTGTTTATCTTTAAGAGTCAGGCCATGCTAATATCAGTCCCCGAGCGACGGCAGCAATTTAATTCGGGATCCACTAGCGCGATGTTGCGGCCACGCTTGTAGTCAAAAGGCGACAAGAAGTGGGTTCATAGTCAGCGGGGCCAGCATAGCATTTAACGAATCGAGTAATACTACAAGGTGGCGGTACCAAACTGTTACTGACTCTAGCCTCGAGAGTTTGGATGTTAACGAGTTGTTTGAGGCCGCTACCAAGAATACCAACGGTTGAGTGAGCGGCGCTTTCACGAACT,1345,49.67,Homo sapiens
SEQ_201371,TCCCTACGTCTATACGATCGCTCGCGTAGGTCGGCCTGAAAGTGGCGCCGCACTACCATTCTAAGACGCAAGGTCGCGCCTTGCGTTGTGACCCCATGCGTACCTGAGTATTTCGGCCCCGAAATCCGCTCCTTTAACCGACGGAGAACTCCTGCGCAGCCAAGGCCTCCGGTGCCATAATGATAGCGGCAGCG,194,59.28,Saccharomyces cerevisiae
SEQ_541459,CGCAGGGGTGAGGCTGCAGAGCACTGTATCTGGAGTTGAAAGGAGCAACAGTGCATACGGTTAAGTAGCCAACCGCATCATCGCTTCGGAAATCTGATTTAAATTTTCGTCTCGTGATGACTGCAATGAGCGGAGAGAAAATCTGAAGTATTCCCAGTCTGCCTATGGGTACACGCCATTCCCTTGAAACTTAGGCTGGCTGCGCTAGCTTGAATCCCTGCGATAGACATAGCGATAGCACTGGCCCTGTCGCCCTAGACTTGATGAATCTAATGCACGGGTGTTCACGTCACGTTTGCCCATCTGCAGACAAACGTCCAGTCAATCGTCGGGTAGACGTCCCTGAAGAGTGCATAGAGTCGGTCACGTTCCTAAGATGTAATCTAGACTACGGACTACATTCGAACATAGCTGAAGCAACGTTACAGTGTACTTTCAAGCCTTCGTAGCGCGCCCCGGGCCCCCCCTCCGAATTTGCTTTAGCCTGCGCTCAATCCCTCATCTTTTAAGCAAACGGTACATCTGCCGGCGAGTAGTTGCTGCACGTAAGGGTCAGTTCTTCGGTGGAGAAAAGGCATGTGACACCTCCGGCCACACCCTCAACGATACCTTATAGTTCGTCAAATGGTCATCTAGTAGATTTGGATCCTAGTCTCGTCAGCTAATTGCCTACGCCGGCAGAACGTTCGTATCAGTAGGATGGAGTCGAGCCTCCGTGCGAATCGCCTGAAAGTTTTCTTATTGTCCGCCGTTCAGCGTCCGGCGTTATAATCCGACTTGTCCAGGCCCGTTGTATTGTTAGCGTCCTCCGAATCCTCCGTACATGTGGAAGCAGGTACCAAGCATCTTGATGTAAACCAAGCTAACCTAGTTGCAAGAATTCAAGCAAACCACTAAAGGGCCGATCATGTCTACCTTCACCGAGGGGGCGGCCTCGCTTATCCCAAGGACATCGTACTCCGGAATCCTTGACTGACAAGGGGGTTTTGTTTCCATATTACAGTTCGTAACCGGAACAACTTTCCCCACTGAGCTACTTAGTTGGAGGAAAATCTCGACCCACGCACGGACTGACCTGCGCTACCCTTCGGTA,1093,50.87,Mus musculus
SEQ_782382,TTCGATAGCCGCCAAATGTTCGCATGGCCGTAGCTAAAGGTGGGCCTCCGACCTCTACCGGTAAAGGGTAAAAATTATTGACTAAACGCAAAGTGCCCACGACTTAATTAAGATGTGGTCGATGGCACTAGTCGTCAACACAGCGCTTCCCAGTAGGATGACGATATACTGTACATGTATACGGGCTACATGTCTCTACTCCTTACTGCTGAATGTGCTTTAGCAATGTGTCGATGATTGCGAAAGACCTCTACAGCTGTATTGAAATTGAGTGTATCGACTCCCACGAGAGGATATCGATACTGCTTAATGGAATTACCGATTAGTATGACTTGCCTAGGTATATGCCAGGAGACACCTTGCCCATTACGCTGGCTTCTGGAGCGCTCATTCCTCGTATCTTACACACGCCATTGCAATCGTTGATCGTAAATGCGTC,439,46.47,Mus musculus
SEQ_386258,ATAACGGGTCTTGTGGAAGATGGATGATGCCAGTAACGGTGCAAAGTTCTGCTGTGCAGGCTAGGTAGGCGTGGATGCTGGCCGCTCGTCGGGTTCTATTTGTGCATCCGCTGTCTTACTTCTAGCTTAATATAGCTACAGTATATCAGGGAATAGACTACAACTGGATTCCCAACCATGTCATAAGTATAAGAGCACAAACATATTTGTAGACTTATTGTCCCCGAAACAGTCTTATTCCGCGATGGAACAACTCCGTCAGTCCTTTCAGGGCACCCGTGGCCCAGGTCGCCAAGGAGCTTTATCCGTACCTCCCTTCAACCCCTGAATATCCCAGGATTGGTGAATCCCGAATGAGTAATTTAGCACACCTGCTCCGCCCTCTCATGTTCTCCATCCCGGCCAAGATCCATCCTAGAGTGTTAAAGTCTCAACAGTGGTGACCCACCCATTGTTACTCTACATCCCCAATGGAGTAGTATAGTAGGCTAATCGATAATGTGCGAGCGGAAGTTCGAAGGAACGCGGTACGCCGGGTGTGTGGAGCCCCGAATGTAGCGCCCGGTGTTCGTCGCTGCGACAAGGACATTCGAAAGCTTGGGGCTGAGAGGCCCTTAGCGCGCAGGCACACATTAATTAGCATACAGGAGAGGTCGGTTAGTTAACGCAGATGCCTCCCCTGATGACGACACACGGGGTTCGACGGATTCATGCCACACGCCCAACTTTCAATAGCCTGGATAATA,746,50.94,Saccharomyces cerevisiae
SEQ_395549,CACCCAATCACACCGATATACCCGGCCAGGTTTTAAACGTCACGATGGGGGCTGTCTCAGGCGTGACATGTCGCGCCGAACGACTCGCGAGTGACCGAACAAGGACTTCAGCAACATGCGCTGTGTAGATGGGTAGATAGACCGACGATATTCCATCCGCCTGTTTAGACGCCGACGGGATATTCGACCCACGCCCTTGTTAATGTGGGGGGTATATGATGGGCAGCGCGAATAGAGTTCGACTCGATAGGAGGCGCTTGGCTCTTTCAGCGTCTTATCAGTGCCCACATTTCATAGGTAAGCCAAGAGGGCTTGTTAAAACCGGAAACTCGTCTGTCCGCCCTAGTCCTACGTGTGCCACTTAGAGTACTGGCGGCACGGTCTCAGTAGCTGGCCGGTAGCCCAGAGGGAGAATCGTATCGAGCACGCTTTCTTAGAATCTTCGTCGCCATTTCAATAAGGACAACATGCGCTTGGGCTGACACACAACTTCGCGCCCCGCTAGTTGTAGTCGTACCGTAAAAAAGGCAGATATTGTACAAACTAACGGGGTTGGAGACTTTTGTCCTTACGCGACATCTCGAGTAAGGACCGACTACTCTCAGCTTTCACAGGACCCGGGACCAGAACTCACCCGAGATGTAACTAATGTAATACGCAATTTTATTACGCTACCCTATGCGGATAGCCCTCTGGATAATGCGCTCGCTGTGAGTGTAGCAAGCGGCTTCGTTAGCTTCAAGAGGTGGATGAAGCTCGTGAATTGACGGAAGGTATCTTACGGGATGCCTGCGAATCGGCGTGTTCACCCAACTCCTATTATAGATAGCGTGGCTCTCTCAGCTAGTCGCAGCTGTCGCCGAATACAGACGGAAGATCATTTAACAAAACTTACCGTGTTTTCCCCACAAAGTAAAGGGGTCTAGACCGCGTTACATAGAAAGCGGATAATGGAGCGCTGCCCTATGGTTATTCTTCACTTGGGTCGATGTACGAGTTGGGTACAGGCACTGCACTTCGCTCGCCGGCGGGCATTTGTTGGCCCAGTAAGTTCGTGGGGACAAGAGGAATCACCGCTGATATTCAACAAAGACCCTTCTCTATGTGTATTCGAGACAATAGCCATAATAAACGAGATCGGAAGCTATGCGAACAAGCGCACTAGACCCCCAATAACGTAAATTATTTCAAAGTGGCATAGATAACCAGGGTAGCCACTAACTACACGCCCTCCCGAGTTACCCACCGCTGGCCTCATACTAAGACGTCGTTATGGAGGCAGGGCGGTGCAAAATCGCATGAACTTCTACTGCAACCTATACTTACACTCACGCAATTTTAGCATCTACTCCTTACGGTGCCAGGTCATGGTTGTGTTTCCAAATAATCACCCCATCGAGATAATTAACGCCCGTTTATACACGGTATTGTGTATCAGGGACATGAAATGTCCGCCATAGGTCACGACCATTAAAAGCGACACCCACGCGTCTTGTTCATAGGGTAGACCGGATACGAGCTCGTGAAAACCACCGTGTAGTTCTCCGTTGCCATATGTTGGCTAAAAATGGTGGTCAGTTCCCCTTCTGATCACGGCACTTACTTGTTTTGAGAATACCCTAGGTATGTGCGGTAAGCTGTTCAACTGTGGATGAGCACAGATAATTTGCGAACCCTGATCTCATACGGCACCTCACAACAGTAGAAAAGGCAACAAGCTCCTGTACCAGACGACGGGGGTAATGGATCCGACCCATGCTAAAATCCAGCCCACACTTGAAATTTTGGCCATATTGCTACGCAAGTCTGTCGCCGAACAAGATTACTATTTAAAAAGGCTAGGATGGGAGATCATGTGGTGATAAAGTCATT,1872,49.47,Drosophila melanogaster
SEQ_857629,GACGCAGGCACGCCGACCCCCCGACCTGATGGGTCAGAGACTGTACACCTGCAAGGACATTGAAGCATTAAGACAACACGATGTATGGGGCAAGACACGAAAAACCCCAGCTTGTCATTTCGATTGGATTCCTTGTACTAGGGGAATCGTCGAAAGGCAACCGCGTGTGCCAAGAACCTTGGCCCAGACCTACCCACTCTCCTGGAGTATTAGGCCCCTCTCGAAAATATCACATGGTACGTCGTAATGTCGCGATGGCTCGTTTCCACCAGTCTACGACGAGTACTCGTGTTCCTAAAGATTCGAAAGATGTTACCAAGAGGTGGATGGGGTTTACATGGCTTATGTGACGTTATCCCCTGCAGAGAGAAATAGTCTATTGCGGACTATCTTCAGTCTCCAGGCAATTTACTTGCTTAACTGTTTGCTCACAAACCTCTCGCTAGCACTTCGGTGTGCCACTTCCGCTTAAAGCCGGCGTCAAGTTGGATGCCGCGAACCAGTGCCGTCTCGGATTATCTGTACAGGTGACTTTATATCATACTTACAACGAGATCTGACGCTGATATTCCCATCGCCTCAATTCGTACTCTAGGCGCTAGTCTAGACTGGGATTGCCTTAGAAAGCCCACGGTTAATATCCCAGGCACCGTCTGGCTTAGATGGTGCCGCTTTACCTCTGTAACCTCGACGATCTACTTCAACTCCTGTCCAACACACTTGGAGTGGTAAGATTGATCCATTATGTATTCCGTCTAGGATCTGTTATGCGTCTTTCCGCGATGACTTGCGACCTACCGCTTATAAGTATATGGAGGGCAAACACAGCAGGTCCCTAGTCTTCTGTCCAGTCCGCAGTCAGGACCTCCTTTCTAACAGATCCAGTCGGGGTAAGTAGACGACAACTACACAGCGATTGACCGGGCTAATGGAAAGTGTGCTCGCACGGTGCCGGCCAAGGGACCACGGCCCTACTAAACAAGCGTTCGCTTTGCCCGGTGGATGCATTTGCCCCCACGGATGATCCTGTGCCGTAAACACCGGTGCACCCTTGTGCTGGTTCGCGTTCTTAACCGAGTACGATGAGTCAACCTATGCTATCAGTGGCAGCCCCTATTGGACGGGAG,1127,51.29,Homo sapiens
SEQ_138621,ACGTAGGACTATGTAGGCGATATTCCACCTTCTACGAATCAAAATCGGCTAACACTCAAATGCGTCCCTTTGGAAAACGGGTTCCGAGCTACCGCGGCTGACGTGCCCGAGATATCACGGCCTATAAACATTCTAATTAGTCCGCCGACAAGAATATCGCTTGCGTTGTAGTGCCTGTCCCATGCATTGTGAAGATGATTCGGAGTACCTGCAACTACACGGCGATACGGTCCCCGACCGAGCTCATGTCGAGCAATTACCGGTTAATTCCAACGCTGCCCGTGCCCCTTCGACAGGTGTAGAATTGCCAATATACAGTGCCCAACATACGTTTCAGTCCCCGTGAAATGTGGATGTTAATTGTCGTCCGGATACTGGCCATCAAGCATCAAGATGGAAGTATAATGTCTACTTAGAGGCTGAACAAGCTTGTCATCTACGACATATCATTTGTGCGAGTCTGAAAACTTAAATGGGTAACCACTAAGATCTGTGCAAAGTAGTAATCGAATGACGCACAATATGTGGTAATTTCGGCGTGCAGGCGCGCCGTGTTACAAATATAGAAGTAACGTACGCGAGCCTTCGGGTTGTAGGCACGCCGGTTACGGGATACATCGCGAGCATTTTCCGTGGATGGATGAACCATGACCTTACCTCGATGCAAGTCAGTGTAATCGAGAATGTCCGCCCTATGTGACCCCCACTGCCCAGGTCTCGACTATCAAAGCCACGCTAATTATATATTGCTGTCCCACTGGTTAAATAGCAAAGGCCTTCGTGCTGATGGAAATGATGAGAGATTTACTTGTTCCGACACACCGGCATAAGTCCTTCTGAAAATAGTCATGCCATAGAACATGCTCACATTTTCCGAGCATTTGGATAGAGCGGGGCATGGGCCCCCGGAGGTCGCGTGTGAATGTCGAAGAGATGACACCAAGTCGGTGTTAACTTCAAGCCACACTACCGGTCGCCGCCATAACCAGCGCGGGGGCAGCTAGTTTTCAGCCGTGCATGTGTGCCAGGGAATGACCACCGGTGGTAAAACTTGGGAGTTAACCAGTACAACAACGTAGTCTCCCACCTTCTCTAGGGCGGCGGATAAAAACTAGAATTAACGGCGTCCAGGTCTATCAGCAGGCCAGCCTGCCCACGACAGTGTCGTTCAACAACATACCGTCGTACAAGCTGGCAACAAACAAGTAAATGAAGTGTATAACGCTCGCGGCGTTCCAAGTGTCGCTAGCTTGACTTGGCTCAGTCTGATCCCTCCTCTGTCGCCTTTGCATCGTGTCATCGGTGCCAATTCGCCGGCCCGCGCCATCAGACCTTGGGAAACTTATATGCTT,1352,50.07,Escherichia coli
SEQ_110215,TCGTGGATAATTTCGTCTCCAGCCCTATTCTTCACGTAGCATAGACACCTGAGCCCTGCACTAAGATACGGGGTCCACAACTGAGACCCTCTGTAGGGAACTTCGAACGACGCGCTATGTCAATAGTTACTTAGGGGCAATGTGCGTCTCGCTTAGTGAACG,162,50.62,Drosophila melanogaster
SEQ_848534,GTGACACTACTTACCGATTGTTCCTGCATTTAAGTTGTCCAAATGCTGATCTTTAAGATATTAGCGCCCTGCCTCTTGCGCTATATTAGTAACATCGTTACTGACGCGGAACGTTCTTGAGGGCCGGGTCAGTAGTTTTTGTATACACGATTGGGCAATCGCCATGCTGCGATTGACCCCCACTACGACATGCATGGCCCTCCAACGCCTCAATAAATCGCTAACGGCGGCTTCATTACGCCGAACTATACTGCGATCATTCTATCAGTCGGCTCTAAGTTCAACGAATGTAACGACTGTCGGTACCCGGTTCATCTTCAGTTTCCGGTGCTTATCACTTCTAAAGATGTCCCCCTTGAGACTTTGCTACAATTGATTCGGGATGCGGGTGTGAAAACCCACCTAAAATTGTTTGGATTGCGCCCCTTGCGTATTGTTGAGTTCACTTGACGGTCCTGGGCTCAGGTTAAAGCAACTGCTTCAATAACTAGATGATGCCCCGGATAGGTTCACAAGCAGAAAGGGAACAGTGGGGTGAGGAAAATGGAGGGGGGATTTCGAAGACTTCTCCACAGCGTACCCATTGGCCTCCTTCACACGGCATGATCAGGAGTTAGCAGGGCTACATCGGCTTAATCTAGAATGCCTAAGGAAGCGTCGCATTCACAGGGCGGCAAGTTTCGGCTTGTCATCAGAAAAATGCCTAATCCCATCCCTCTGGCCCGACGTGGTCCCAGGATAAGTAGGTGGAGACTGGGTGACCTAGTCGAGTATGGATGCGGTTAATTCCAATTGTCTTCAGTGCAGTACACATCGGCTTTTGTCACTGGCAGTGAAACAATAGTTGACTACTACAATGCGGAGCGATGTATGAGCCCACACGTGATTAAGAAGTTATTAGTCCGATAGATGTGAGTCTCTTAGTCCACAAGAGGTTACGAACATGAACCCTCGCACCGTGATCGCTATGGCGTTCTCTGGAGGACAATCGACAGCCTTAGCAACGGTCGAATTGGAGGCAAGTTGTCTTAGCGCGGTTCATACCGCAGCGCAACGCGGTCCGCCGGTCACTCTTCTCTGGCTTCGGGGTGTGCGCGGACCTTACTACGACTTAGCCTAAGGGGGGATTGTGGCGGCAAAGTCCGTCAAGGCCTTTCGAAGTCATTTGTCGACGCGGGATACTCTGTCCTTGTTTAACACGAACCGCGTTTAGGGGGGGTACTCAACTAACAGCATGCAGGCGGTATGCCATCGAGATGTCCACAATAGGCGCAATTCCACGGGTTGGGGAACCTAAGACGGCAGACTAGCTGTTGCCTGGTATATGCCCACTAGCCCCTACGAAGTGTGGTCGAACAACCCCATTTTACCGAGAAAAGGCCAGATATCCGGACTGACTAAGCGAAACGGCGTGGCGAGTCGTTCCTCCCATCTTGGACACTACCGTACCGGAATTCACCACACTTTTCGGATGAGGACCCCGCTGCGGTAGTTATCA,1498,50.93,Arabidopsis thaliana
SEQ_387182,TGCCGGATAACACCATGGGAAGGAAAGACCTTGGCTTCCGTGACAATATAGCTCGTCACCGCAACTTACGGCTTGTTACCACCGATTTCCCGTGTCGTCATGGTGATTAGCAGAAGACACAATCCCTTCCGACTGAACTAGAACGAGTTACACGAGAACAGGGCATACTCCCGGATATAAGCCGAAGCCTCTGATGACCCTGAGGGTACGCCAGGTCCCTTTGGCGCTTCCCGCCAGGCCCCGAACAAAAAACGCAAAGGAAACTCATCTGCCTGTTTTTTACTCCAGTCGGAGCTCCCCGGTGCATGCGATTTCACTGCCGAATTTTAAGAATCTTTCCAATATACACGAAAACGTGGTCCGCCGTGCTAAACGTGGCTACGTATCACATGTTAGATTTCGCGGACTGTGAATAGCAAATCACCTATCAGTATAGTAATGCATGTCTAGCGAGGGAAACAGACGCTTCCAGGATCCTAGGCCTGTCCAGACTTTTACCCTAAAAACCCGTAACATTATGCGGTTAGACCAGGTCGGATGTTGTCTATCAGGCCCGATTCCAGAATGAGAGTTGCCACACCATGGTTTGCTTACTCGGAACTTTAGGGCAAATGGCCAGCAAAAATTGCTCCTTGATAGTCAAACAGTTTTGGCGCCCTTAGCGCTTCATACTCGACTCAACGCAGACGAGCTCCCCCTAAATATCTTTGAGCGGAATGAGTGTCTCCTTTTACCGCACTGCCGGTCCGTGCTATTCGACCCCATAAAATCCCCGCCTTCTGTAGAAACGAATTGAGGACAGACTACTCAAATCGACGACTATGTTCACATAGCCGAAAGACGAGTGATCCAACATTGGATCTTCTTCCGCTTAGGACGACCAAGACTAACTTAATCTGCTAGCTGAAGATCAGAATCTCTAGCTGCAAAGACGGGACCCGGAATCCCTCGGAAGGATCCTAAGTCAGTGCAGCAGTCGCCTGTTCAGAGTGACCACACCTTGGCACGCGTAGCTGGTTTGGGCCTTCGCTTCTGGCGCTGCAGTTGATGCTGTTTATGACCTATAAAGGCCCCGATTAAGAGTGAGTGGTGTACCGAATTCGCTCTTGCGCGAGCCAAATTCGGCGGTACCCTGTGATCATTACGAAATTCCATGGTCAGCTCTCCATCTTAATAATTAGCAGTAGTACCGAAGGCCTGCGATGGCAAAATGTCTTTCAACTTTCCGCCCGGCTTACGAACAATGATCCACTGGTACTATGATGGACTAACTACACCGTAGTGAGCGGTATTATGAGATCGTTTTAAGAGTTATCGAGTACTATTGCTCAACTGCCTGCTCAGATTTTGAGTCTCTCCTTTTGCCAAGCTGGAAACCCCTATCGCGGCGTAGGATGCGAGTACAAAGCATAATTAGTTGCTATCCACCCGTATCCGACTAGACTTCTGCAATGTAGGCGGCAGAACTAATATTAATGGACGGGTAAAAACAGATGCAAGATTCTCTTTGACCCCTTAGAGTTCTCCGACCAGTCGAGAAAACGTAGGACACCGAGAATCAAGCTCCTGTATAACTATAGGGTATATACAGCTTCGTTATTCTCCGGGACAGTATCGTAAAATTCGCGAGGCTCCCATATGGCGATGTAACCTCCTGCGCCATAAGAGATTGACTATGCTGACCGTAGGAGCACCGGGTTATTTTACCTATGGGGCCGCCAATCAGACCCCCCAAGTTTGATTGTGATTC,1750,48.63,Arabidopsis thaliana
SEQ_959563,TAGTCACAGCGATCTCCCCCTGATCGTCGATAAGAAATAGTTTTTCATTCTTAGTGCTAGTTTGCGGCCGCTACTGCCGCGCGGCTAAATATCTTGCCCTATAGTTCGCCATGGGACCCTTTTTTTCTTTGAGCGGCTTTGATACTTAGAAGTGGAATGGTGCCAAATAAACGTAATCTGGATCGAGAAGCGAGTGGGGTTCAGTATTGATCGGCTATAGTCCCTGGCAAGCTAGGAGTTTAATCCGCTGTCTACATATAGCCCCAACACATTTTTGCCTCAAAAGGTTGTTGGATAGCAGCGTAGCTGCGCCATAGTGAGCGCCGGATTAACCCGTATGCACGACCTTCCCCTGTCCATATTATTATGAACATTTACTCGGATGGGACCTAGGCCCATTGATTCATCCAGAGTGGTACGGTCAAGGCCTCCCGGGAACAACGGCGAGTAGAGCCGATCTGGGGAATGGGAAATAAACCCAATCGGACAGGGAACCTGTGCC,502,49.4,Escherichia coli
SEQ_197816,ATAGTACCACCATACTTCCCGTCCGAAAACCATGTTCGTCCAGTACATTACACTCAGGTTCCAGTCTTCCCCTGTCATCGGAGTATTTTTGCTTCTAGAGAACTACTCAAAGGTAAATGACTGCGCTTTTAACAGAGCCACTGTGCCTAGACCGACCCCCTGAGTCAGACCGACCGTAGCGGCTTGGAAGTCCCCGTACCAAAGAGGGCAGCGTAGACTATCCGGTTACCAGAGGAGTAGAGTAGGTAACTGTATAGACGCGTTTTACGCTATGCTTGAAAATCTGTGAAATCGTGAGTGCTAACCGTCAGCACCTACAAGGGCGGGAAGCAATTACTCTAGCCTCATAAGATAAAAGCCCCTTCCGGGCACTCCAATCAACGTTCATGCTACCGGATTTCAACTTTGTCGGAATTGTGGTACGTAGTCTACTGTGTACAACGCTTAATCGACTACACTACGCGCTCAGTAAAAGTTACTTCTTTAGGCACCAATAAAAGTGTTCCTGCAAGCGAGTTCTACCTTCAGGCGCATGCGATTATCATTCCCAGGGTCCGTGGCTACCGGGTACCGGATGGTGAGGCATGACTCGTAGATAACCGACGTTTTCGTCGCATATACGTCAAGGGCATCGCGTGGAGGGAGTAGGGGGTCCATTCGATCGCTGAAAGTCTGCGCGACATAGATGTGTCAGCCTCGTAGCGAGTTCAGCCCCTCGGCAGTTACTCCAGATTCATTGTCGGAGCTGTGCACGAAGTCGACCCCAGCCACATTTAACGTCAGTGTCAACTTAATAACCAGTATGATCCAACTCAGCGTCTACTGTCTCTTCTTCCAGGTGGTAACCTAAACCACTTGATAGTAAGGGGGAGTATGGGCGATCACTTGGTCGGCGTTAACCCAGTACCTACAACTCTGTCGTCAATACCATTTCACGATCCCCCGACAATCCGTGTTCGAGAAAAAGCATTAATTTGAACCGCATTAGCTCAACCATCGCGAGCATTGCAGACTGCGGCAATGAGGCGGTTTGCGGACTGGATTGAGCGCCAGCCTGTTGGGGCGATGATAGCCGCGGTTTTGCAAAACCGTTCCTGA,1098,50.18,Escherichia coli
SEQ_902712,TGATGTAAAATGTGTTACTTGCACGAAAATCTCGGCTTTGCGCAGTTGTATCGGATGCACGGGCCTGCATTGCCTCCCAAAGTCTCAGAACCCATAGATCATGCTGCTAGAACGCGAGCTAACCAGTTATCCCATGTCGTGCCACGTCTAAACTTCCGACCGACTTGTTCGATTGGCTTTGTCACCGGGGTTCAGATGCAAATTGGTCTAGAGAGTATGCGAAGGGCCGTGTGTTCGTTGGGTCAGGAGTGAGTGTTATTATGGTACGAGACAGTATCCCGGTAGACAGACGCGTCGGGTAGAATCATTCTTATAAGGGTGCAGAGATACTTCGGTTGCTACAGACCCACGCCCCTCAAACTACTACACCAGGCAGGTCGCCAACGTGCCGCATCTTCCTAATTTCCGGTACGCGTCTCTGCCCGATCGTTAGGAAATCTGGGACGTATCATGTGTCGCAGGTGGAACCGAGGCGTCCGAAGCTAAAATGGGGCCGTGTGCATTGACGTCGATGACGCCATCTGGTTTATGAATCCAGAGTCATCGTGTACGCAGAAAGGGCTTGCTAGATATAAGCGTTGAAAGGAGGGGCGGGGAAATAGATTCATGGATGGAACGGACTAATTAAGTATGCGCGTGTCAGGTAAATGTAGACAAACCCGGGAGGATGCCCTAAGTACCATACGCCAAACTGAGAACGTGTATTTTAACGATTTGAGTGTATGTATCCCTTACGGTCGAAGGCTAAACAGGGTCGACAGCTATCAGTCCCCTTTCTACGGCCCGAAATTTTTTAATTTAGTCCTTGCCAGTGGATACTGAATGTTATATAGGGGGCCGTTCGCGGCGCACCCCGGTTACGTAGATGCTTATCCGATTTATCATCACAAGTTGATTAATGGGTATCCGACCTCTTAGCGTAACAAGATATGACCCTCGATTGATAAGTGTGGTAACGTACCTGTTTAGGAGTCCGCTCTTTACGTAATCCCTCCTATCCCCTCATGCGAACGAAATAATTGCCCCATCACTTCAACAAAATGTAATGTCGGTGTAAACGTCGCAAGAATCACGTGCCCCTTAGAACCAACCTCCTTTAAAACGCTGGGAATGGCGTACGCTCTCCTCGGTCAAGTTCGTTAGACGAGCTTGGGATACGACCTTTGACAGCCCGAGTCGGCGTGCATTAACCGAATACGTGTCTGGTCGACACACCGCATATAACAGAGACGCGATGTGGTACCTCGACCCGTCCCATCAAACGTACGCTAACAACAAGAGAGCATGAGGAGATGACGGCTGTTTTGCACGGTTATCCGACCTGCGGGAGAG,1332,49.7,Mus musculus
SEQ_801190,AACTACACAAACTATAGACTTCGTCCTCGGCGTACTAGCGTATCAGTGATCGCATAGAC,59,45.76,Drosophila melanogaster
SEQ_606898,ACCGAGCACCACAGGCCCTATTACACGAAGAAGTGTATGGGAGAGTGTAAACTGGAGCTCTTGAGTTAATGGTGTGCTTATCTGACAGTATAAAGCCGCGGGCAAGGGGAAGAGCTCATAACTCGACTCATGAGCACGCCCGCACTTGAATACTAAGAGATACCCGCTCCCTACGATGGCTTGGGTGACGACTCAGATAACGCCCGCAGGACCGAGCCAGCGGATCCCAACTTGGTGAGTGTCCTGCAGAACGTCTATCTGCAGGATTCGGAGGTTTTTACGGCAAACTCATCAGTCGTACGCAGAAGTTTGCAATCCAAGTCCAAACCCGATAGTAGAGAACTTCCATTAAACGTGGGATCATAGGAATATCAAACTTTCACCGCGAGAGGTCTCTATCGCAGACAGAAGTTTAGATCGCTTGCCTTCCCACTTAACCTGGGACGGTCACACGCCGGGATGGATGCCGTCTGAGTAACGAAAAACCAGCCATTATTTCTATGATCTAGTAAATTTGAACTCGCATCCTCCCCAATGCAAGTTTTTACTTTTTGACCGTCTCTCGAAGAGTCCGGAACGTCAGGGCACAGAGAGGACAGAGTGCTCACTTATGTGGCTCCGTTTCATTTATCTGAGATGGAAGAGATGCAGGCATAGTATCGCCCGGTCAGTTGGCCAGTTAAATGTATCTTGTAAATCCGGGGCATCGCTAAATGTCCAGCTAACATGGTGCCATGAACGTAGGCGCGTCAGTCTAAGCGGTCCTGGCCATCGAATAGGCTTTGGGGAAAATACCACTTTGCTCTGGCTATCTAAGTCCTTCTGTGGTCTTGATAAGCCTGCCGCAATGAATGGGAGTCGAATTCCCAGAGGGTGCTCGGCAGTTGTTTGGAGTGGTACCAAAGCCATGCTAGCGCTCACATCTTTTAACTACGTAGTTGGTGTCCTCTTAGTTAGGAACAGAGGTCAAAACAGACCTGCGATGGCAAATATACCTACGGTC,1003,49.35,Arabidopsis thaliana
SEQ_505565,ACCGACTTATACGCACGTAGCGAGTCCGTAAGCAAGTGGGATCTAATTTCAGGTCATGGCGCTCGACGAGAGAACGTAGAGATTGACCTTTCTACTTGGATCTTACGAGAGCCGACGACCTCGAGAAGAATTGCGTCCAGTTGCATGTCCAGTTTCTAAAAATATATTAGTCTGGGAAGCCGAGAGCTCGCAGGGTCTCTCGCGCACGGGAGGTTTAGGTCTGGGCTCTGCCGCGCTAGTTCCGGGGCTGTATGGAAGAGAGAGCGCGGGATATGCCCGTTCCTGCTAATATAAATTTCAGTGCCACCGCGGTCTAGGCGGTAAATCATGTCCAGAGCACGTTGGGTAGATTTTGTCTCCTGCAAACCAACGGTATGTCTCGAAAACGGTTCCACTCGTGAGAAAGACCGGATACTGGCCAGGTGCGATATGCTCGCTGCGTAGACATCGAGTCGGTTACTTTCTTCGCTCAGTTCTAAATGCTAGTTTCCCGCTGCGGGACTTCATTAGTTGTCTAGTTAAGCCCAAACTTGACAACGGCAAATTGTGAGGAAGATTAACATGTTAAGTTGGCCAGTACAGCGTCAACAAATTAACGATCGTAACACAGAATGGTGTAGCAACTGAACGTAGACGGTGGGTTTTGCGGCAAGGGTGGCCCAGTCCACGCTCATGAACAATTGCAGAAGCACGGGTGAGATTGTTGATAGCTGATGGTAATGCCGTTTTCCTATAGCTGGTTAGTCTATTCAGGCGCAGAACGGTAATCTCCTCCAACGAAGGGTCCCCAATAAATATTGCGCTCTCGGGAATGGAGGTAGGCGATCGCTATCATTCTCCGCGTAATTGAGGGACTGGGCCTCTCTCCACACAAGTAGTGGGACTTAGCTAACTTTATAATAGTCAGGGGAAGGACACGGAGCTGAGATCCCAAGTACGCAAAAGCCCTGAACCGTAGCAACTCGAATCAGTT,973,49.95,Caenorhabditis elegans
SEQ_442182,TATGAGGCAGTGAATCAAGTCGCCGTTGCCATTAGTGACCCGACCCGCTTACGGGACCGGTCGCACTCCTCAGTTTTTGGCTCGCTATGGCGTGATCGGTAAAGCGTTACGCATCCGGGCTTGCTGATTCACGTACTTCGTAGTCTCTAGCTCAGGTATACTCTATCCTACAACGTGAAGTCAGACATCGCCATAGCCTGCACCCTCGATATCTTAGCGGAACGTGAAGTTCGTAGCTAATTGTTAAAAATCCAGCAATTGGGATGGTAAACTAACCTTAAACATCGACCGGAGCCCCTAAAACATTACAGAAATTCCGCGGGAATGCACGGCCAGCACTCGGTAGCGAACGTGGATTTCCAATAGTACAAGGACAGGGAAGGCGTAGGCTATCGAGCCAATACGTCTAGTCTAGCATACTCGGATTGTTTTCACTCCCCTGAGGGACAGAACCAAATTAGGCCCCAAGGCATGCGCCGTACTTTGCATTGAGCCTCTTTTGCCCATGTGGAGACGGAACGCATGTGGGATGATCCTGAGTCCGCCCATTGATGAGAAGAAGACATGAGAAGAATGACGGGTGGGCGATGCGCTGTCGTTCACCGACAAGTAAGTTGTGACTCACGTCCACGCAGAGGGGAGGCAAAGAGAGCTCCTAGCAGCTTGCATAGAACGACCAGGCATCGAGTGCTGAATAAAGAGGGTGCTTACACCTTCTTACTCAAAAAAGTACACAGCTACACCTGAGTAAACCATAGGGTCAGGGGTACACGATTAGACTCTTCGTACTACGCTTCGTCCACCGGGTCGCAGGGGCCTGCCAAGCCCAGGTGGGCTGCTTCCCGTGTTAAAGTTGCCGAGCCGGTTCCCCACAACTCTAAACATTCTGATTAGTCCTATTTCATTGGGCTCGGGTACAGTACGTCGAGCACTATTGAAACGTGGACGACTCGCTGCTCTGATGACGCGCGGGCGTGACCGTGTCTCCCCAGTAGGCGGGACGGGAAGTTTAGATTGCTGTTGTAGATCCCCGCCGCAGTAGGGTCTGAACACTACCCCGATCAGCTGAAGCCGCCATCGTCTCAGCTATTGGCTTCTACTCTCGCAAATCCGCCTATGTGTTCCCTGCAACCAGCGCGCGAAGTGATGAGAAACGACTTCGGGAGGCTAAGGCAACAGTCTAAGAGATCTCGCAGCATCCCTGCTTCGGTGCTTTAGTCCGCGGAATCCTCTCGTTACGGTGCGAAAGTAACTTTGGTGCCTCCACCAAGAGTCACTAGACGGGTTCGTGTGCATGATGGACCGTATGTATGGTTGTTGGCAGTTTCACCTGCGCGAGCAGCTTATTACCCTTACCGTGACCAAGGTCGGGGCGTGTGCTGAGAATAGCCATTTTAGTACTCATCATTGTCGGAAGTCAGGCTGGGGCTCGTTGCGCAAGCCTGCATACGAAAAAACTCTGGACCCCTTCGAACAGTTTATTCCACGTGCGTGATTTGACGCCAACCAATCCAACACGTAATTCGCACTTTGACACTTACCGTGGTGAGAATGTCAAGACCGGTTTTGAGGATAGAGCCTGTACCCGCACGATTAGCAGCCTTCTTTAGCCAATATGTTGGGCTGGTGGTTCGTCGTCGTTAGGGCATTCACTGTATCGAGACCTCCAGCGTGCCGATGCTGCGGATAGTTTCATAAATGTAGTATCGAAGTACCTTTGGGTATGTCTTGAATCTCTAATAAGGCACGTCACAAGTTTACATATCATCAAATTATGAGATGAGAGCACGCGAGCGGGAGACGGTCGATTGCGCTACGGCGTTCGACAGGACCTCATCGGCAACTAACCAACCACCACATTCACATCACTCAGAGTTGCGTAGCGAGCAAGCGCACCCTGCTCCCATCGCCCTTCGGAGTTCTCATTCCGTGTGACATAGATGTCGGTGTTTGTCTATCCTGCGAACTGGGGTTTTGTCATCAGCTGCGCA,1991,51.98,Drosophila melanogaster
SEQ_662086,ACACTCAGGCGGTGGGTAGCATGAAAGTGCTGTTTCTTTCAATTGCGGAACCAGAGTGGTAGACGGCACCAACCCTTCTTAACTCCAGTTCTTAAGTAATCGGGCGACAGGGTGGGCACTTACCAAGTGTGATAAATCCATCACTCTCGCGCTCATGCCTAGACCAAGTTCTGCATGGCACCCATGATTAGC,192,50.52,Escherichia coli
SEQ_246790,AGACAAAATAGAGATAACGTATTATCGAGTGGCTGTGAGACGAACCATCCATGCACTTTAACACCCTTTTGTTCAACTGCATGTCAAAGTCACTAAGACACTGGTAATAGGCAGTTAAAGTGAAGGGTGCCCGAGTCGCGGCAACTTTAAGAGAAGTCAGTTGCGAAACATGTTCGGATGTGAGTTTCAGCTAATGGACGATATCGCTGGGAATACGGGAAATCGCTGACGGACTCCCATCAGTATTGATGGATTCGCTTGGTAACGTTGTCAGCGCCTAAGGTCAGTACCCAGGGTGAAGGAGAATGGAATTCGTCATCGAGAATTGGTCAATGGTTATCGAAAGGTTCGTTTTCCGTGCAAAGAACGTGTTAAGATGCGTGTTACGGCTTAGGGTGGAAAAAGAAACAGCGGAGCGTATTAGGAATTCCTTATGGACTGGTAGCTCTGCACCTGCGGTTAATTCGCTGAACGGACACTTCCGATAGCACCAATCCATCAAATCTACCTATCTCGGGTCTACGGCAAAGATTTGGTCGGGACCCGACAGACCCTATTGATTTGTTACGACCCCGAATCCCTAAGGTATCCTGGCATTTGACCGCGGAGATTAAGACAGATGGAGATACGCCGCTCGCGTGTACCATCGAGACCGAGGTCCAGGGGTCACCTGGCATTACTACCTTTGCAACGGGCTAACCGTTCCTGATCTAACATTGGGATGCCCAGGCTGCTCAGCCCGAGGACGACCACTCAGTCATAACCTCTGCATCGCCTGAGACCGCCGCGCCAGTCAAAGGAACACCCAATGTATAGGACTTCCTCTCGTCACACCGTCTGCCGTTTGGGTATTTGCCTGACGTTGCTGAACTCGGAGACCGGTTATCTTTGACTTGTACCAATCTTTTCGCCCCCACTGGCCCCCGCAACTAAGTTATGGAACTCGCCTGCTATTAACTGATGCATCATGGAAATGTCAGGCTGTCGCGTGGATCATCGTCGGCAGACCTAATGCTAATCGACAGTTGGGATTTTTCCTACGGAGACGCGGATCGTAAAATGGCGCAAGGTCATCACAAAGGTTTCGCCAGGTAGTGGGTACTCCTTAAGATTTATTGATGGTGCTTTACGAGAATCTTGGTCAGTACTCGCACATGAGGTCATGTAGCGCCTTGCGGACGCTATACAACTCTTGATCGTCGGCGAATCTATAACCTCCACAGGTTACGCAAAGCTTGACCAACAAGGTCCGTGTCTGGAATAAATGCAGGACGCTAACTGGTATTAACTGACTTACAGAAACGCGACAACCGGCAAGCTCCGCTGCGTATCTCTTGACGGCGTGTGCCGCACTAATGCTGAGAGGATGCGAGGTACGTACTTCGCCACGATTTAACGGAGCACGCTGAAAATGGTAAACGGTTGACCTGAAATATAGATTGGGCCTAAGCGCTGGGAAAAAATAACACGCTTAAGTGTAGTTAATGGCAAGGAGTTCCAACAGGGGAACACACTGACCTAGCTGCGGTAACATCGTACCTTGATCGCGCCAGTGATTATAGGAATAGGATAACCGGTGCGGGATCCTTTTATGATATATCTACAT,1606,49.19,Saccharomyces cerevisiae
SEQ_666524,GGCGCAGCAGTTTTGCTAGTGACATTCGGGGTCAGCACTTCCTGGCTCCCATCCAGGGGCGTCTCCTCGTCTGACCGAGTTCAACCCCCATATGCAGGCGTCTATTGCGCTGGCACGTGAGCCCGCGTGATGGGCCAGTAAGCTAGCAACTAGTGCGCCGATGCTCGAATTTGCCACAACGGAATTAGATGCTCTCTCACGAAGGAGGGATACATTAAAACGAGCTACGTATTGAGACTCGAAGAAGATAAAAGCTGGTAAGTATCCAATCCCCTAGTAAATCAGGAGGCAATATATACAACAACTATCGCGAATGCTCCGGATTCGGTGTACGATATTGTGCCAGACCATCACGTGCGATATCTATTAGATCGAAGGGCATAACAATTTGGGGAACGTTCAGCCGCACGGGAATTTTTTGGTTCGATCGGCCAGATATTTTGCCTTACTTCTGGGTGAAATCTCACTGTTGTTCCGCTTTTTTCATAGTGGCACTTCGAGTAAAAGCGCGAGCAATGCTCGTCTGTCGTTTTGAATATCTAAATTATTACTTGCTAGGACTGTGAACGATAGCGAGTGTAGAAAACCGTCTGACCTAAGGATTTGGACTCCGCAGCCAAGGATCAAGCCCTCGTCAACGTCCGCAAGCAATAGAACTGTCCACGAAAAGGATAGGCGATATGTCTTAAGGTCCGGTTTGAATGTACCGTGTGGGCGGGTTCGGCAAATATTTTCCCCAGAAAACATTTAACTAGGCATTACCGTTACGTTGTATAGTGTGTTATGGCGCTTCCTCAGACTTTGTGTTCTTATAAAGAACGTTCCGAAGGTTTCCTCAGCATGTAAGGATGAGTTTCGCGTCTCCGGATATAGTAGGTGGTAATGGGATCACAGGCTATGACTTGTTAAGTTCATTATGCCAAGTCACCGACCGGATTCTGGCCTATTGGTGCCACGATGCTAGATCCCTAAAGGCTGGGAACGGGGAATTTGTATAGAGATTGCAGTCATGTCGGAAGAAGCTTGTGGGTACATCATCAAGATAGTACTTAGCATCGGCAGGGGTCTACAGATTCGAGGTGCCAAAGATGCCTATCAGACCTTGAGATAACGAGAGTTAAGGGCAGCCAAGACAAGAAAAACGACGCGTGCCTTGTATCTGTGATGTACATCTTAGTAGTGCACACGTCTCTAGACGGCACTAATCAACTAGGGGTTATAGTAGCCAGCGTCTTGCTTAGCTCTCTTGCAACGCTGTAAAGCGCTTGGACATACAATTTCCCACTTGTTTCCCGGATTATTTCAGTCCCTGAAAAGAGTGTACTAATAAACAGCATGACTCTCTGAGTAGGGTATTTCCGGGTTAACTCCTAACTACTTGCTCAAGCCAATGGACACCCGTTCCTAGGGACCGTGGACCAACCCGATTTAGAAAAAGCTGTGCTGATCTAGAAGAACGCGGGATCGCTACGAACATTGTAAGCGGGTCAGCGAGGTGAGAAGCGCTCTCTCCATGAGAGTCACACGTAAGGTTGATGCAATGGCATCTAGTAAAACACGGGGGCATTCCATGGTCTCCCAATCGTCGAGACCATCACCGAACGTGCCCTGCGTGCGGCTGGATGCGCAGTGAAAAAGGGCTGTATTGCAGAGACGACGGACGGATCATAGCAAACTACCCGTTTATTT,1689,48.13,Saccharomyces cerevisiae
SEQ_521585,GACAAACCGTCGGTTGACTATGAGCATAGGGATATTTGTAGAGGTCTTATCGAAAAGCGTCGCAGTTACTTAATTTAGGACTGAAGGTGGATACTGTTTTCCAATTACCATCGGTTTGGCCGTATAGAGGGAGATATATAACCGTGCGATATTCAATGTCCCTTCGGCCGGGCGACGAGTGGGCCAATACAATGGCGAACAACGGGCACAAGGTACCTTTGTGAACGGCTCCGTGTTATTATATGCACCTGATTTTTTTCCCGGCTGGCCTACAGCCTTTTAGAGATACCTAAGAGTCCAAGCGGCTTAACGTGACGACTTTATCGCAACCACTTGCAAGATCGAGAACTCTGTACGTTATTTTCGTGGTTTGCTAGGTACGGTAGTTCTCACTGTTACTATATGCCGGTGTTTCCGTTCACTCTAGAGACCGGTGGACCGGATATGTTATACATTACGTTCTGGGGGGTTCATTTTAGATACGCGCTGAAGCTTTTAGCGCGACGGAAGACAGCAAGACCTCAACGAAAACCATGAGACGATACTCTGGGGCATCGCTCAGCGAAGTACTTCGTGCAACAAAAACGTCTTCCATTGATCGGCTAGCGAGATGTGGGAACCCCCGAGTGCACTGATGTACAAGCGTTGAGAGCGGGCAGCTCAGCTGCATCCACACGGTCGAAGATTTACCTGCGGAGGTTATAGCTCTCCCCGCTTCCTAATGCCTTATGATAAGTCCATGACAACCTTTGCGGTCCATAAACTCTGGGCTACGTTTGCAACAGGTTGAGGGAAGAACTCCTTGCATGTGTACCTAGGAGTAGATTGGGCTAACCAATAGTCATATTTAACCCGGACAAACATATGCCAGACGACGTAACGCGCGGTCACGTTGCGTCGAATAGACATCAGGAGATTACATAACGAAATTGGCGAACATTGGATGATGTCAAACAGCAACTCGGGGCCACATAGTTAAACTACGGACTTGTGAGTTCCTCATCTGGAGGTATCACTGCACCTGTAGGGAGTCAACATGTCTAGAAGCGAACGAGAGCAGTCGAACGACGTAGGTCGATTTTCGTAA,1087,48.11,Caenorhabditis elegans
SEQ_247037,GCGACTCACATCCTTCATACTGTCGGACTTATCCAATCGCTATCGGGATGGGGATAAGTGAGCATGATTCAAGTGTGACCTTGTATCCAGGCGCCAATGTTAGTGTGGGCTCCGGTGTTCGCACCTAATAAGCAAGAGAGCCCAAATCGTCCACGGCTCCCTCCCGGCCTTATATTTGGAAGTGGGGTACACGAACAAAACTAAAACCATGACGTATTATAAGTATAAGCAGGCGGCAAGATC,243,48.97,Arabidopsis thaliana
SEQ_581628,AACGATTTGTTCACCTGATGTGCATGGTTTGGATGAACGCGACCCTGACAGCGACAGGGAGTTCCCAAATGTTCTAAAGTTGATGTACCGCGTAATCACTCGGAGAGATGGCTAGGTCGCAACCTCGTGCCACGGCCCGGACAGCGCTATTTTTGTTCCATGATGTGAAGAGGAACGACCTGTCAAGCCCCTTTTCAAGTCAACGCTCTTAGTGGGTGGGGAGGAGATCCGCAAGTCAACCGTTCAACCAAGGCGTCCAATAAGTTAGCTAAACCGATGTTTCACGCAGCTATCTAGTTATATAATGGATACTAGTTGGACGGGGGTTGGGGGTATCACTCATAACTCGACCTACGTCCAGGAAGTGAAATTCGGGTTTTCCGTGAACAGGTTCCTCGCTTGCAAACGGGTGCTTAAGCAGTGTAGCAAAGGTGACCGGACGTATAACCGCGGTGAAGCCAACTAGGATGAAATGCGAACTTCTCCATCGAGCACCATGCGCCTTCCTTTGCCTCCTCTTAGGAGAACGCCGGCTACACAGGAGTCTACGAGTTCCAAACGAAGTGTATATCATCACAGGCGGGTTTGTGTTTGATAGCTACTAGTAGCGTCCGGCCGAATCGTAGTGCCGTTCACCGGCCGCCACCTTCTAGTCGTTAGAAATAAAAATATGGCGCCGTAACGGGATAGAAAGATCTTAGATGTTAGTTCACGGAATTCCCCGCCGGTCTTGGGTGAATTTGGGCATGTGTCTCCTGAAGTGGCGGTCTCTTAAGGGGGGGGAGGCAAGCCTAACAAACTCTTACAGGCGTTCTCTAGTGGCACCACACCCTTCCTAGGCCCGCCAATAGGTGCGGCCGTGAGTGAGATGTGTGCGTTCACGTGGCGCCCTTTTGCGCCGGAGCAACAATGCGCTGGGACTGCGGTTCTTCCCTGGGGTTTCAACGGTGAACGAAAGCAGTTCGATTTTAGAGGCGCCGTTCTCATCTTCTGGCTCGAACCAAAAAATATATTCGAATGATCCGCCGCCCACTGTGATCCGACGTATTCGTGATTGCTGAGGGACGCTATGTGTGCGATGCTTCGATATATTCTATAAGTCGGAAGGTTACAACTTCGGTCTTAGATTGTGGCGTTCGTAGTTCGGACCGAACTAAGAGCCGAATTTTAGTCTGGTAATCGTCGTGAAATTAATGAGGACAGGACGAGTAGCTGCAGTTCGCGGAGGCAACTAGTTATGGGATATTATTGTTGCTTGATTAATCAATCATTATCCCAGGAAAGTATCGCGTCGTCGTCTGGTGGATGGTAGCGGTGTTTAACCAGTAAACTCAATCCACTGGAGGAATTTATGCCGGACCCTCTGGTGCTCTTACATGGGGGTGTTTGTGCGGGCAAATGATTTAGGCTTAAGGCAGCGCGATCACGTACAGATGCCACACCTATAAACTGGGAGAGTCTAAAAGTGGGTGGCAATCGCCACCCTTTAACAGATGACACACTCAACCTCTTCTTCTAAACCGTTGTAATCACGAGAGTATACCAGTCATGGGCGGCTATTATTTTCAGCGAGGGGCTGAACTCAGACCACAATGCACCCTGACTGCCCTAAGTACAGTTTAGCCGCCTGATGCGCTAGGTTCCAATTACATCCACTGTAACAGTCTTTCGAGACTCGTTTCTGCATCGGTACGGCGTTCGCCCTCACCTCCGCTCACATTGAAGTACCAGATTGGCTGAGCGCGCCCAGGGCGGGCCAAACTAACCACTCGCGGGGCTGGGGAGTGAACGAGCTGAATGGGGGCGCCCCTTATTATGGAGAAGTG,1826,51.04,Caenorhabditis elegans
SEQ_371749,CGCCGCTCGTGAGTGCCGGGTTAACCGCATGTAAGCTACAACACTCTGTACTTTAATTGTGCGCTTATCGCCGAGCTTAGTCCGTAGACCCTTACGCGCGTATGTTCGAGTGATTACAGTGATTAGGCAACTAACTACTGGTTTTCGTCCTACCAAGACTCCTCGAAGCCGCTGGCACCGGACTCAGTTCAGAGTTACGCAAGATCCGCCTTAATTTGAGCCGGCAATTATCGGGAGTTGCAACTGAGCCGTTGACTAGGTCTCAATTGGAGCGATCAGATGACACACAGGATAACAACCACCCTGGACCCTCGAGAGATCAGCGTCCCCACCGATGGTCCGAATCACAAAGCTTTACAACAGTATTAAGAATCCTCAAAACTCTATGGTTATCCCCTGCCAGCAACGCGCGGGGCGCATACATACACGTGTCTGTATCGCTAAAGAGAAATCGGGTTGAAGCCCAGCCTGGGCGGGCTACCGGCGCGCGAAAAGGGAAGCTGGGATTGTCACAGATGATAGTCGTCCGCTG,532,52.44,Drosophila melanogaster
SEQ_931098,GGGGGCGGATGATGTAGAGGGGACGAGAGTCTCAGCGACGCTCCGCAAGATAGTCGGGAATGGTCCCCTGGGTGATGATAAGCAGCAAAGTCGCAAGGGCCCGCATCCCGATGGTTGAGCGAGATGTATTTTTTCAGCACCTGACTGAAATTGCGACTCTCCAGCGCCGATCCGCCGTTATAAGAATTTCAACGTCGGGGACGTGAGATCTGCAGGGATCACACGTAGAGCAGGTATGGTTGTCCCTTTTCACACACAAAAGGCCTTGGGCATGGGATGCTAAGAGGTGCCTGGGGTGGCTACTTCTGTATGGCTTCTCAATAGCCTTACTAATGTGAACTCTCGACTGCCATAACGGGTCCGTGTGACCCTCACTCTGTTCTAAACGGTGTTAGGATGAAACTTAATCACGTGATAAGCATGACTATAGTGACCGCGAAGCGCGAGCTGAATGGCCACACTTCCAATGGGAGACGGTATATAACCGCATTGGCAACCGTCTCACGCCGTGGAGATTCTATTCATCGAGGTTTTGGAACTTTGCGTGTTTACGACTTCTCATACCGATTGCGTTCCGTCCGCTGGATCAGAATAAAGAGGAAATGCATTAGCTGTCTTCCGTCCCGGCTGCTCGTTCCGAAATACAATCTCCTAGTTCTCCCCGTGACTGTACCAACTAGTCAATCTAATCTAGAGCATATGGGTCGCACACACTCGTAGGAAAGTACTTATCTAGTCCGAAGATACGAGCTTACTTTGCCACATTTTACGGTGTTCCAGCGGTGGTGCGATGAATCATTGATGCTTGCTGCCACAAGATTTTGATCACCGCAACTTGACTAGCTTGTGCACGGATTCGCATCTGGTTCCGTCTGGACCGATGTGACAGAATTTTGTTTATAGCTCCTTATTGGCGACGGGACCTATTTATTTCCCCTCAGTCATGACGGTCAATTTACACATCCGCATCAGTCGTGCCGAAGAAGCATCGTGAATATTGCAGGGAAATACAGGTATCGTGGGCACAAACCCGCCCTAGCGGTACATACCGATCCACAACTTGCATTCCTCGACGTCGGGGGGGTATCCCGGGATACTTCATGGCAAACTGAAAAGGAGTTCCTTTGATATTGTTAGGTCTATCAGTGTCAGAAAGCAACCTCGTGCTCATGCGGTGGCGGAAACCTAAGGAGCTTGATCCGAACGATCACTTCCCAATTTTACTCGTGAAGTCATTAAGAGCGCCCCTGGCAGATTTACCGGCCTATTTCACGCTAGTCCAAGGGCCGGTGCCACCCGCGTTTTTTCGAATTTGTCGCGTGGTTCAACATGGCGGTTGCCAAGGTTGGTAAGACGGATAGCTTTTGTGTGGTGCTCATTTACGCATGATGCCCCCTAGCCCTGACCTGTCGTCTAGAAATACTCTGCGTGTGTCAGGATTACATAGTGAGTATTACATATGCGTGCAGATCCACAGGGCTGAAATTAGACTCAGAGGTCCTCGCCTAAGGATTTTATTCCCGTCGGTCTGCGAGCCTCATTCGACGGTCCGCAGACTACCCAACTTTGATCCCTTATGGCATAGAAGACAAGGGGATGGCTACCCTTATCAGTATGGTTACCGCCCAGGTTCATTTGTTCTATGCTGGGACGTGTGTACATCTGCTGCCGGCGATGCACGTACGAACTAGCAGAGCATGAAATTTCCTCGCAACCAGTTAACGGGTCCTACCCGAAACCTACAATACAGGACATTCCCGTGTTCACCGA,1770,50.23,Caenorhabditis elegans
SEQ_169265,TCACGCCATGCTTTCTCAATCATTGTGAGGTTGGGTAGCTGCAGACCGTTGATTCAAAAAGTGTAGCAGTTACCGCAGGGAGTGCCAATTTAAACTCGGGCGGTAGACGGGGCACCAATACACGGTTCGAGGTGGTGTATTAGGAGCTGCGAAGACCTCAAAGAGAAGCGCGTCGTTTGTTACCCTAAAGTAACTGCGTCCCCGAAGTAAGCAGCTAATGCAACGATCGCGTGCCGCATAAGCCTCAACACTGCCTCCGCTGTAAGATTAGGGGCTCTAGAGC,283,51.94,Saccharomyces cerevisiae
SEQ_759697,CTCGGAATATAGAGATGATGCACCGTCCATCGAGAGATGTTTTAACCTATAGTCTTTAAATAGGCGGAGTTGCAATACAATTGTGGAGCTAAATCTATCGAGTCTCGGCGCCGTCCTTTCATCACAATCCCGAGCAGGACACCTGCGGCAAATTGATAAGAGGTCGCGTTTTAGCTTATTGCGAACATAAGAGGGCGCTCTGCGTCTTGTTATAGACATTCTATAGGCATACCCGAGAGTCTAACATCGTTGTCCGGTAATTTTACAACCTAAGGTAACGATTTACTATGTAGTGTACGTGATACGGCCGACCCGACCTTATAGTGACCAGCTCATATGAGCCTTACTCTGTCCATGTGTTTTCCTTTGCCGGTGTGTCGTCGGGCCGACTGCCTTTCCGAGCTCGTAGTTTGTTATCTCACCATAGTCGAGCAATGAACAAAACCAAATTGGATTCATGCGGTGCGTGCCCCGCTATCGCTCGGAACTAGGCTACACCAAAAACTCTAGCTTAACCCTTCGATTCCCGTTCTCGTGAAACCCTAAGGCGCAGGCTAGAGGCATTTTACGCCCGTCTGTCCGGTATACGTAGAAACGCACTCAGAGACTGTCTTGGCACGGACCCAGCCTTGTGTAGTCATAAGATCTAACGCACTCGAACTCCAAAGCTTGTTTGTGCACAATATGCTGCCAGGAGACGATGGTAAGAACTGAGGATCTGGCTTGTACGAACTCAACTGGTATGGCGTAAGCAACTTAAATCTTAAGTCAAGGTAGACGGCCAATCCCTTTGACGTACGTACGCGTCTGCGGGCAAAGGGTGCGTGGTTTATCTGTTGACCGCCGCTAACCTCTGAAGCTTCTTGTTGGCCATGGTTAGTTCAGGAACGGCACCGAGTTCTTCAATCTGATTTAATGTGGTCCATCATGAGGGATATCGCCGTTAAGGGTGCAGAATGTCCCGAAAAATTGAATCATAGCACAGGAGGCTGTTGTCTGCAGGCTCTATCGTCGGACAGCCTAACGCGATAAGAGCGTGTGCACAGATCACCTTAGGATCTAGGGTATTCGCGGAAATTTTTTGCGATATGTGATCTTAGTGTTAACATGAGGCTCTGCTAAGCCTGGTCCCATCCTAGTGGACTAGGGTAGTACTTAAAGTTAAGAACAATGCGACCCCTATGTCGGCCCCTACGAGTTATATAGTCTGCAGTTTGATTGCGAGTGCATAATAT,1235,47.85,Saccharomyces cerevisiae
SEQ_851637,TGCTAAGAGCCTGCTGCTGATACTAGTAGATGCTGTATCACAGTTGCTTGACCAGCCTCACCATGGATCCTTGGTTCAGTACAGTAGCAAATTACGTATCGCCCGTCTAATTTATGTTGAATGTGCAAACCTCAGACGGCCACGATTTGTTTTGGCCCGGCGTCCGTCAGTGGGCAATGTTGTGATGTCTCGCTGGACCTA,201,49.25,Mus musculus
SEQ_534540,GATCATACCGACAAGCGGTCTACCGGCTTGCCCGGACTCACGGCACATAGTTGGCGAGTGAGTGTTCCAGGTAACACCTGCGACTATCCCCGGGACCAAATCAATGCTTAAGATATCCAATCCCGATTGAAAGTAGTGGCGATTTTCCCTATCCGCCGACGTCCGTAAATAAGGAAACCTATAGACGCTATTTAGTCAAACTAATGTCTCAGAGCGTGAGCAGACGCTTAGTGCTGATTCAAGCTCTTGAGTCTATCAGTCGAAAACCGGGACCGATGGTAAGGAACCTACATGTCATTTCAATAGGACCCTCGGGTTGTATTCCTTCGTCCCCGCTCGGGGCTTCCGTGAACAGATGTGTCCGCACGGCTTCTCGTGTGTCGGATTAAATAGTACTATCCTTAGATATGCGCATGCTACGCCCCGTGCCCGTCCTTGTAGAGGATCGAAAGATCCAGAAGGCCCGCAGCTGGCCATTTAGAGCGCTACTTGAACTCATGGACAGGAACCCAGGCGGATCCATAACTTTCTGTGAACGGGAACACACTTATATAAAGGGAGCATTGCAGGGCTAGAAGGAGCATCATTGCAAATAGATTATCCCTCTGGGCCCTAGACGGCAGGTATCCAGCGACGAGGCTATTTCTAAGCGAACTTCAGGTAAGGAACGACAGCATCTACCGGTTCCGCTCCCACGACAGCCATACTTCCTAGAGCCAGGGTAGAGCGCTCTACTATTAGGTGAACGGTTCCATCCTTCTGGTCTAATATCGACGACTCAACTTCTTGACGCTCTCGCTGGCACCGAATCGATCAATACCGCGTAGAACTCAGCCACGAAAAGTGCTCGCCATCGTCGCGAACGATTGACAGTTAGAAATACCCAATTTACGAGGATTCGTGGGTTTCGGGTGGCTTACCTACTCGCCCAGGCGAAACGCTCCTGTTTGATTTGCCGAGTGGATAAGCACGTGTTTGCCGTTAGCATACCAGTCTTTAGGCCAATTGGT,1010,50.89,Mus musculus
SEQ_525369,TGCCTAGGATGTCATCGACCTCACGGCGCCCCGGGACGTTATGAATCTAACTAGTAGGGAAGAATTCTCGAAGAGTGTGTGAACTCCCTTACCCATGCCTGTTGGTGAGTACGATGATGCCGAGCTAGCAGACTGACCCACGCTTGACTGAGACAATTGGAAAGCCGTCCGGAATCTAGCCTCATTGAACGCTGGGTACTACATCTCAAAGGAGTTGCCGCGCTATTATACAATGACCGGTTGTACCGGTCGAGTATGCGCTGCCCGTAGCATCGAACCGGACTTTTTCTTGTAGCTGGTAACTCAAACACAAAAGTTTCAGGGCGTAAAGTTTGAGGCTACTTCGGCCTCGGCTCGGCTAGACCGCCACAGAAGGTAACACATAATGGGGTTTGCGTACAGCCGCATAACCGCACGAGAGCCAGGCTGTTGGTCAACCCAGATGCATAAGATACTACACGCGGGTGATTCGCGCCGCAGCTCTCGGGGCTCATATTTGAGGGAGGATCTTGAGCTGATCACAGGGTTAAATTCGAGATGCAATGGGTCCTCTAACTTGACGATGGGATTATCTCCTTGGGCTTGTCAACCATGCCTCAAGGCCCTTTAGTTTCAACCAAGCCTTGTCCCTCCGATCGCCGAACTGAATTTTCCTCTGGTACCATCCCGAAGCCCATTACTGGAGTTGATGCCGAGGACCGTTTCTCCCGTGACAGCTGTAAAGGCACCGATCTGTGTAGCTCTGAATCCTGAATATGTGACGGGCGTCCCCTTCCTGGTAATATTCCGTGTTACCCGACGCATGATGGGGGCATTTCATAGGAGGGATACCCCTCGTCCTGTAGAGACTTCGTCGTATCATCTTTTCTGTTCGCTCGTTCCGCAGTCGATTTTCGACATTATTTAGGTCCCATGGGCTGGCCGGGAACCATGTTTTTCAGCGGAGATCGCATGCCCCACGCGCCGTATGGGACAGTAAAAGATTGTGCCTCCTCCCTGACATCGTCGATGTCGAAAACTTTAATGGGACTCATCCGCGGACCTCAAATGTCGCTAAGTACCTTCTGTTCCACTTCTTCTGAGGTGCAAGGCTACTAGATTTTAGGACCCACTTTCTCGGTCTCATTACGCCCGTATGTGGGAGTGGGCAAGCGAAGGTTGTTGTCCGGGGGGACACCCCACTTCCCCAGACTCTCGGCTATTACACGCGGAGGAACGGTGTGAACATGCTTCACAATTCGTGTACTTAACTGCAAAACGGAGGAAGCGCACTCTAGGCTTTCACGCTAACGCCCGCCACTTGGCCCCCATTCTTGAATAAAGCCGCTCAAAGCGAGCGTAGACCGACATGGAGGAACGTGTACTTTCTTACGCATGTTGGCGGTTATAGGCCCCCAGTTCCATATAGTGGTATCTCTAATCTATCTGTGGATAAACACCGACACATGGCATGTTCGTGCAGTATATATCTAAGTTTTACGCCGTGAGTCCCGGACTTCCGAATAGGCGTATGCACATGAACGGCTCAACGTGGCGGCAGTGCCACCAATGGTTCCATACTGTATAAAGACGGAGAAAGGGACGGTGTAATTCTGTTCCAACCGGGGCGGTATTAGTAGCCCCCTCGACGACCTCCAATAAAAATTTTTCCCAGAAAG,1658,51.63,Mus musculus
SEQ_742991,ATACCTCGTGAACGTTCGCAACCTCGAAATCTATATCTAGCTTGTATATCTTTTGTGAACGGATTATGGGGGCGTTAATTTCATGCCAGTCGCTACGTGTCGCGGTGGCCACGCGGGGTGATGATACCGACTCTTTGAGGTTATTACCCTACCATCACCATCGGATTTGGTCTGATGTCTCCGCAGATAGCCACAAGATTACGGAACCAACGGGCGCGGGTCAACCGCGAACAACCTCGCCCTTCACGTGTGT,253,51.38,Mus musculus
SEQ_341293,TGGTCGAGTCGATTCGATTGGGTTGTGCAATCCGGCGCATAGATTAGGCTCATGCAATGGTGTATCATAAAGCACCTAGTGCAACATATAGTTAATGAACAAGCACTGCACCCGAGACGTGGTTAACTCTGGGGTGGTTATCGGTCTATGCTCACGCTATAGAGAAGATAATGATGTGCGAACATGCGACCTGTGATAGGACCAGGGTACTGCAGCACAGAGAGCGGCAGTTACGCAGTGTCTAGAACCAAGGGGGGCCGGGTTGACCTCTAAACTTTGTGCCAGCTGGAGAGAGAATCCCCAATGCTCTGTCCTCGGCAGTCGAGACACGTGTTATCTGGCCCCGCGGGAAGTGCGTCAGCGAAGTAAGGAGCTCTCCGCGGGCCACGGCTGAAACGCGCGCCCGGGCTGGTCCGGTTCTTGCGCGAGGGATTTAATACGCTACCGCTAACTCTGCCTAAACATCCTGCCCCTCCGCCGATCCGATTTCGGCAAGTCTGATTTACCACAACAAACAGGCTCCTATAAATGGGGTTGAGCTTTGTCGACCTCCTGGACACTGCGGGCCCTCGTAACTTCATTGGAAGTCTCGACCATATATCGCTCCGTAGCGGTGATGGGCCTGGTCAGTCTCATAACCTTGAGCAATACTACCCTCCCGGGGTGGAATCCCGCCAGAAGGTAAATCTTCTTCTGTATTAACGTCCCTCCTCGTACGAGATCTACGAATTCGTACGGGCACAGATGTTGCCGTGAGTTACGCGCCTGAATGTTTCCCTATCTTAGAGCTCCAAGCAAATATGGCATCTTGTTGGTCGTCATGCTAAGGTGGCGCGGAACCACAAGTATTTCGGCGAGGGAAGTAATCAAGACTTTAGCTGATCGTTAAAATACCAGAGGCAACTGTGCGGGAAGATTGGCATCTGCTAATCGGAGAGAGAGGCATTGGTCGCCGTCTTCTCCTGTCCCAGCCACGTTATCAGTGCCAGCACTCGGGGAACTCGTATTCCAAAATGTTTCCCATGTGGCCGCCGCCGACCCTGCATGTCGTGTAAGCCAGTACTCTACGAATTAGCACAGCATAGGTTGTAGCACACCAAAAGCCCGAGGATGTCGACTCCTGTAATTCCGCTGATGATAATCTCCACACCCCTCGAGTGTCAACTACTGTGTTTAACGCCGCTTCTCCCAAACCGACACTCTAACATCGCCAGGTAGGACCTCACCTGTGCAATCAGAACGCACGCTGCAGAGTGCGCGTCTGTTAAGTTGGCCCAATGGGGTTCCATCGACTATTTCGCAAGCATGCTGTGATTCTTCCTAGGGCTGTCTGGTAGAAGCTTTCCCGTTGAAACGTAGGTAATTGAACTTGTATGGGCCCTTACGCATTCCAATGCCTAAAAGTAATTAAAAGTGGCCACCTTAAAACACGACAAAATTGCTTGCCCACCCTGGCGAGTACGCTTCGTTATTCGTGTTGCTCAGACTATGGGGATGCTATTAATTGCAAGAGAAATGCGCAGAGGCCCGTCCTCGCGTCCACTTGGCCTAGCGCTTGTTGGCTTGTAAGTGGTAATTCGACATCTACCCAACACTTATCTACCTACGACAATTTTGT,1618,51.61,Caenorhabditis elegans
SEQ_813525,TTGACGGTGGGTATTTCTACGGACACGTACATCGTGGCTACGGTGTTCAAGTATAGCTTTTGCCCTTACAACACGCGTTAGATTCCTCCTTTTGTGCATTTAGTCTATACATCGTGGTGCTCCGATGGCGCGTCGCCGAGCGGTTCTATTTGACATCGGCTACATCGATATATTGCAGGACTCCTTTCTATGGCGTCGAGGCATTAGGACTTTTTGCGCAACGATGCGCCCCAGTGTGTGCACATCCTCAATGCCGTCCTAGCCTCGCTAATTTCTAGTATGAAGCGGTCGCTTAGGCCGCTAGGTGCGGTGACGCCTCCTGTACCTTTGAGCTGGGGGATGCTATCACGTCATAATGCGGGACTCCTCCGGGCGGTTGCTGGTGACTAGACCTGGTAACCGCGCCCAAGACCTCCGTCTCAATAATCCCGATATTTATCATCATGATCAGGTAGCCAACGGCTATCGTTAGAGTCATTTTGCTAGCCTCTACGGGGTATTTCGTCAGAACGCTGTGTCACCAACTTGTGATAGACGACGCCGTTGCGTGTCATGGGTTACGGGAAAGCTCATAGCTAAAGGCGAAATTTCACAGATTGGTTTCCCGGCAAGGTTCTCCTCCGGACGACATAATACACGATGGGTTCAGATTGAAGGTTTCCAAATGTGCGTTTCATGGTGGCCTATAAGTCCATGGAAGCCGAAAGTGGGCTTGCGGGTTAGTGCCGTTTACCCCCAGCCCAACTTACGTTCTTTATCATCATGTACATATCGGTAACGCACGGTGACAACCCATATAAATTTGTTGCCGCCTCTCAAAAGCGCTACTGTCGCTTACACGACGACTCTCAGAGCGGTGTCCTACTCAGAGGCCGTGCTCTCCATTTCCCACGTGTTTCAAAGGATTCGCGAAAAAGTGAAAATTGGTGATGGGGTCGGTGGTGGGAGTACAGCTCTATGGTGGAGCGGGCGATCTGTCGATAGGCCTAAAAAGCCGCTAAGTGGGACAGGTAATTTTTCGATCCGGTTGTAGTAATAGTGGTACGGAGAGTTAGAGGAGTTTAATCAATTTGCTGGTTCGCAGTCGGGCGCTAGATCCGCTGTGCCTATCCAAATCGTTAAATCGAGAATCTGCCTAGTTAGACCAGTAAGAAACCGGTCTTTGAGCAAAGAAAAAGCGGCCGCCAAAGTTGCCCTACTAGTCAGCCCACGATCCCTCGTGGCTTTCTAGTCGTGCCCTCCGTACTATCAGCACCATACGTATCAAATGGATTTGTTGCCCAGGCTTCGTCTCGCCAGTCGCTCTTGATATGGTCGTAAGTAAGAGTTGTACCTCAGCGACCGTCAATTACGGCCGATGCATGGCACACGCAAGTCACAACGCAAGCTATCCCAACCGTTACTTGGGCCCTGAGCTGGCATGCTCCGCTCATAGCACATTGTCCTAACGTGGAAAGACTCTACCAATACTAGCCTCGACTGAGTAGCAATTTCCAACAACTATTACTACGCTAACAGAAGTTCGTGGCTACGTTATCTAATCTGATCAACCGGGGCGAATAGTTGCCCCTGTTCGTCGGAATGCCCTCAGTACAGTTCGAAGGCGGCGCCGAATTGACTTGAAAATCATCAGATGGGGTTTCGAAGAGTACGTGGGTGGATACACTGCGAGTGTCAAACAATTATGGTTTGAGATTAAAAATATTGTATCTAGCCGATAAGATGCTGTCTGAAAGTGGTATCCGTGATGATAGTCCGGCACTCGTGTTCTGAGCGAATTCATTGATGGGGCATGCAATGTCATAACGCCAACTGCGGCCTCCTAACGCCTGCTAAACCTAGCTCGCGATTTTGTGATCGAAGAAAACGTTGGGAGACCGGGGAACAGTTACTCATGCAAACAGCTTCGGGTTCTATGATGGTCAGCAGATGGAGGAC,1938,49.95,Mus musculus
SEQ_343125,GGTCGTCGGGAACAGGTAGAAGTAGGTTCGCCAGTTAAGAAACGTGACTAGGACAAGCTTTAGAAGCGCTCAGATCGTCGCGTAATGTCCACCACAATCCCTTTCGTCTAGCTTAGTTAGGCTCAAACTCCTTGATGATAAAAAATCGCCACAGTGGAATCGCGACCAGACCTTGCAAGACTGACGGGATGAATTATTTCTAGGGATCTCACGAGCTGAATGGCGTCATCCCTAGAGCGGATACTTCCAGCAAGTTTTCCGCGTGCAGATCCCTAAGGAAGCCTATGTCCTCAATCCTCGGTGCTTCCAAGACGATGCATCTTCCATCGAGTACGGCCATCTTAAGACTGAGATCTGCATTATCGCATTTTGTAGTTGAGGAGCTCACCCATCGCGCATCACCGAGTCGACCAAGGTACGAAAGGATTGTCCCGAGTACGCTCAGGGCTAATTGGAGAGACGAACTATTAGGACTGTTACCTCGGAGACGAAATATCCAGACGCTCGTAACCATGGGTTGATCGTGTGATTGTTGCTCAACGCCCTACGGATGTCGGACCGAGCGCACAAAGTAGACGCGGCCAGTGATCCAACGCCAATTCTGAGCGAAGTAACGTGATCGACAGCAAGGCTGGGACTACCGGGGGAATTGACTAAGTACTGTGGCGAGAGTACCGCGACTGCCCGCGACCACTTAGGGGCCCTTGTTATTAGGCTACATCCCCTGATTGCCATAGCAACCTCGGCCGATAGCCGATTAGTCTCATCTAGTGACTCCCATGTGTGATATCCAATTTTTCATATGTGTCACAACCATTGCCGCTCATATAGACGCCTGGCACCAGAGACGAGATCAATGGACACGTTTACATGCCTGAATGGGGCTACCAGAGCCTTTATCGATAGTGACTCCAGAGCTGCAATAGTGTGGTTAACCTACGATCAACTAAGTTCGTTCGTCCGCGTTACCGTCTGGCTTTGAAATTTGTGGCCATCACAGAATATTTGTCCTACTGGGGTAGGTCTCTGTAGGAACCCGCATCTAGTCTCATAGTTCTGCCGGTTGCGGGCCAGAATGAGCCCTCTAAAGTGTCCAGGTTATAGACGCGAAGATCTCGGTGGTTAATAGCCCGGTGAAGCTAAAACTGCTCGGATAACGTGGCCCGTTTGCATGTAAAAGCGGTTGCTCGTAGATAGTTTTTTATATAGAGTCTCTGTCCGATTACCCTGGCTCTATATAACCAGAATGCGGGGAATCCGGTAGCTTGCAAAAGCCACGCGACAGAAGTCGATGCACATATCTACTCTCATTTCCGCTCGAGCACGCCTTTGTAGAACGTTAAAAGGTAGAAACGAGATGCCTTGGAGATCGTTTCTGCAGGCTTACCGCCAACCTGCCAAGCGGGGGTCGCCCTGGGGGGAAGTGAAGATTATCGCGGACGTGAACCGCAACACGGCATTTCGGGGCCATACCGGAAACGCTACGAACGGTATGGGAGCGAGAGGGCACAGCTACTCCTCACACCGAGACCTCTATGACGCCACATAAAGTGGAAACCCTTCTTGGCCTAGCAGGCCCGTACTAGTGTACCCCGCGGAAACATGAAAGATGGCGCACATAAGCAAAAGTCTATAGCTAAGGGACTCATAGTTCACAGATTACCCACCCAAACGCGTTCTGCCTGGGTGATTTTAACTTGCGAGAACCAACCCT,1714,50.88,Drosophila melanogaster
SEQ_494684,CTGGACCGCCTCCAAGTTACGGAGCAGCCGGCTCATTCTTAGATGAGATTGTGAAACGCAGAGCAAAGGTGCACATAATTGCTAGTCAAGAGTGTCCATACTCAATCGCGCGCCCCCTCAGCTCCTAGGTTCTTCGTCGCCACTACCTGAGTCCACTCGCGTGTCATTCCAGCAAGTAGGCGTCCTGGGTTTCAAAGCGGTGCATAATGTAGATTTCGGCAGCATAGGTATGGGATCTAACAGTCTACACTAGCAACCGTTGGAGGGGAATTGTATTAGTTTTTGCGCCCGCGCATATCGCAAGCATTTAATTGTGCTTGGGGGTCCTCAAGCAATCAAGCTTCGGTCGATTCCAGGAGTTTATTGAAAGTAATCTTGAGGTCCCTGCGGAATGTGCAACAGTCTGGGCACCAGGGCATGGGTAGCCTGTGCTTTCTAATTGATGCTTGGCTCAATACAGATTTCATCAAAACCGAGCCTAGATCTAAGCTTAAAAATTATCGTCAGATATAACATGAAGCATATGATGGTGCCGTAGCGGGCTATGGCAATAGTGTATCATGAGTGTAAGAGCTCAGTGCCGGGGGGTCACATGTAAGCGCATGCTCCTGCGCAGCAAGAGGACACGTACGCCTACCGCCCTGTTGAGCTTGCCGCAGACGGGACTGGATCGGGACTTAATTCTACCACTAGGTAAGGAAGTCAACATACCCCTATGGGTTAGAACTTCAAATTTTCCAATCGACATTGTTGCGCCCTTATCAACCCGATCATGGATGAGCGTGGAAGAATAGCAACATGCCCTGTGGGGGCTGTGGAATAAGTCAGTCGTCTAAAATTAATCAGGCGAGGCCTTCCACTGAGGCTTGTGTACTGAGCGGGCCTCGCTTTTCCCTGCGTGCTCGACATTCACCATGTGCCTTAGGTTAAGTGTAACCATTCAGCAGTGAGGAGCGACTGAGTTACAGGGTGCGTCTAGTGTCCCAACGTTTGATGGTAGGGGCAGCTATGCTACTTATGTTCCAGGGGTCTGTCACAGCAATCTGTAGAGGATGCAGAGTATTCAAGTTGGATCACCATTTTCGCTTTCAGTAGGTAGGTTGGTCAAAGATCCTACCGGGCGTGTGGATGAAGATCCTAGCGGATTGTCCCACATTTTCCTCAAGGGAGTGTGACACAACCTTGAAGCTGCGCTCGCCTCCGAGAGGCCCTATAGGGCAACTCGTGCCACATGTAGGGTCCTAGCCATTATTAGTCGTGGATATCCTGGCTGCTAGCCCCTCCCCATTGCTTACAGATCGACTATGCTGACACACTCCCCCCACCCTGGCTCGCTTAGTGCACATATTATACAGAGAGTATTTTCGCAAAATTAGGCTACTGGGGCGTCACAGGTAATCTAACTGAGAGATCGAGCGAGCACAGGGGGGTGCCGGGAGGGTGTAACATTTTTTCATTTGTGGACTTATCCCCGTGGATAGTGCCCTATTCACCTCGTGGGCTCTAGCTGAACTCAACTTCTTTGACTGTTCCTTGTACAGTCTCGTAGGCTGTCTCAATCGAGTAAAATGCCGCGGGATATGTACGAATGTTCCCTTACTCCCGCCGCCAACCAAAAACCTGCCACTCGTGCTGAGGCTAGCAAAATCATAAAACAGGCCGGAGCTCGCAGTGCACCCAGGTCACTCCGCTTATCTTTAATGTTTTGTCGCCGTCGGTTCGTATACACAGGTCACCGCCACATCCAGAATGGGTTCTAGTGGTTACTACAGGTGAGTTCTCTCTTCATTATAGTTGTCAACGTTTATACGTAGAGGTCCAACGACCAATAGGTGAGCGCAAAGCGGCCTTGGGTTGCGCGATAGTGAGACCATTCACCCATATTATGTCAAGCTTGTCGTCAGGGCCTTATTCGAACTCCTTTTTGCATAAGCGTCTGGCCCTTAGGTACATTCGGGATAAGCTTACGCTTAAA,1975,50.03,Homo sapiens
SEQ_386695,CGGTACAAGTACGTTGGGCAATGAGCGGAAGGCCCGACGATGCAAACAGGTAAGGTTTCAACATTTAGGGTACGCTCGGTATGAAAGAATTCCGTGTTGAAGACCGGCAATCCGCTATTTGGCCGTACGGGACTATGGGTGGTTCTCGTTTGGCATCATTTCATCCGACCCTCGCCGCCTTGATGTTACAAAGACCCGCGTTCCGAGAAGACTGCTATAACGCGAAGCGCGGGTTGGCGTACTTCTAAGCAAAGAGTCGCGCCGACCACGGTGCTTGGTCTTTCGTACTCCCTCTGCCATCCTCCGCTATTACTTGTGGGTGCCCTCCGTTTGCGAAAGCGCGTGAGAATGCGGGATTTTGCACATAAATCCCTGATTCCTGGACCGAGTGGCGCTGGCAACCGCCCGAGTTAGAGTAAGTTTTTACAGGGGGTGCCCAAGTAGACAGTGTAGACTTCGGACGCGTCTTGTGAGGACAAGTCTATATTCCGGTCTGACCCCATATGAGCTATAGCACTCCGGCTGATCTGGGACCACCGCTAAGGCAAGACGACCACGTAATATCTAGACGATCTATTTCCGAAATAGCAGCATAACCTCAACGCGGCGGACTCTCGCTTCCTGAGGGTTCGAACTTAGAATTACATAGCCCACTGCACTCGCAAACCATTGCCGATCCTAAGGCCGGACGCAACGACGATTACCTAGGTTCCGGCGACCCTATCCAGTTATCGTCTCATATAACAATAGTTACGCATCATAACCTGTAGGCACTACCCCTCCATAACAGTGCTCGGGCTGATCTTGCTACTGCATCTGCGGCTGGTCTTGGCCCGGGTTATCATGAAGACAGCTTTAGCCTAGGCTGAGACAGCAGTCTCAGTTAGATCGAGAATGCGAAGAGTAGGGGCCCTCCTTTATGTTAGGGCGCCATTTAGACGGTGGCATAGTATCGTCTGATCAGAGGAGGTAAGTTACTTAAGGATTTGCTTAGCCGGCTTCTAGTCCGATATCTGCAACCAGTCACTAGTTAGTAGCACGCAGAATAGCGAGTCGTTAGCTAGAAAAAACCTTTCAGATCGTATCTCCCCATAGATGCAGGCCCATATAACCAGAGGGGGCGAGAAGTAAGTTGTTGGATACGCCGTTAAAGTCTTGGGCTCTGTTCTGGGGTTAGACACTGAGCGTTTCCCGTTTAAGCAGTACATCCCCACGGCCTGAACACCTTTCAAGCTGCTGACTGAATGGAAAACTGAACCGCGATATATCCGTTAACAACCTTCAGAGGTTGGCATGGTATGAGGTTGCGTTAACTATAGATCCTGGATTCTAGACCGAACGGAGCTAAGCTCGTCGGTCACGTGACCAGTCAACCATCGCCCACGTTCCAATTACCTAGCGAGTCGATTAGCCGCCCGTATCAATCGTGGACTAAATCGAGATTTTCCCGCTTGTACAGTAGGTCAACCATAAGACACGCTACTCGATCAGCTTCAGGGCTAGTCAGTCGCGTCCGGCGGACTTGTACAAGTAGGCATGTGTCGTTATGGTCCCGAGCTGGAGGGGACTTTTGCTGACGCTAATTGTCTGGGTTTCAGCCCATCACCGCTT,1611,51.4,Caenorhabditis elegans
SEQ_937685,GAGATTAAGCTAGAGCTGCTTATTTAATTTCTATGAAGGTCAGGCAGCGCGCGACCGGTAGAGGCCGAGGGCTGGCGACTATGAGAATCCGCGATCTTGTGCGACTATTAACCTCCTTTGGTAAGTAGGCAAGCCGAACTATCTACCACGAAGCCTTTGGTTTCTGGATATTATCTTAGTGCAGCTAAGGTTCATAGTGCGATTCTATAGTCACAGTCAATCTAATAACCTCGCTCGCTAGTCTGCCGGCGACTACCAAACGCGAACTCCACTTTTTCCCATTAAGATGTCTGTAGCTTTACCTCGTCCCCTAGAGATTTCTCAATCACGGCATAAGTACTTGAGACCATGGAAGAAAATAGGTTCCCGGGGGCGAGTCTACCCGTGTGATTAAGAGTAAGGGATTTACCGACTGGGCTCTGCTGAACGTTGAAGTTGGAATGGGGTCTCTAGGATTAGCATCGCAATCCCACTTTCTGAGAACGCCGGTTGTAGCGGTGTCCGAAACGGGGAGCGATTAAGACGCTGCACCCTTGTGGATGCCCTCTGTCTATTCAAGTTGACGTAGCCAATCTAAGGCCTAACAACCCAATAGTCGTTTGATTGTAGTCCTGTGTCCGTATCGAAGCAGGCTTTAGTAGATTGCGTGGGGTGAGGATTTACGTACAGCCGCATAACATGGTTTGATCTGATACAGAAATGGATGCTGTATCCTTGCGCCCTACCTATGGTTACACCACGAATGTTAGACACAGTCGTGGCCTCGCTGGTCGAGTGGCACGGCGACAAAAGTGATAACGAACGCTGCGTTCAGGCTTAGACCGCCCACCTCTACGTTAATACGTCCGTACGAAGAGTTCTACGAGGGCATCCGCTGAACTCCTTACAAAGGCGAGGGCAGTGGGAGTACTCCTGACCTGAATACTAATGACTATTGGTTGGACGAATTGCTTATTTAGCTAGTGGGGCCTGAAGGCAAATCTAACCGGCATAAGTTCCTAACTTGTTTACACAGGCAACTTTGCACGTGGTTCCCGAGCATCGGGCCATGAAGACGGGCTCCCCAGTTATGGGCTGGGGGATGGATGCAGTTAGT,1096,49.64,Caenorhabditis elegans
SEQ_837765,CTCGTCCGGGGTACATAGCTGCCTCAGCGAAATTGGAGGTGTAGTGTGCATGAACAGCCTCTTGCCTGAGACACGTTGTGCAAAGTTAGTGGCTTACTACCTTAGGGAACCGTACGTGGAGTTTAAGTGCGGGCGGAATTCAAGTGTGAAGAAGTCTTCCATTCGAGCAAAACAGCGGGTGCGAATCAGGGAGACTCGGACAGTGCGCGGCAAAGTACATGAGGCCCCTCGCCTGCGTAACTGCCGCGCCACCGCCCCACGTTCACACAGGCGACTTAGTGGTCGTTGGCT,291,56.01,Caenorhabditis elegans
SEQ_377508,TAGCTGCACATCTCACTTGTCTTAATCATGCTTGCGGCAGGCACACGTTATAGTTGCAAGCCAACTTGGCTAGGCGTCCTTGCCTAGAGGGTATTCAGGGACGTCTCACCTTGTCGCCTGTAGTTACATTGGGTATGCACTAAGGTAACCGTTAAGTTGACCCCTGAGGCATCAGCGATCAGCGTGCAGAGAAGTGACTGTCAGGCACGGGTGGGTAGAATCGCAAGTACTCTGTATACAGGGTGCTACATACCTACTCTGCGTTCATTGTACACGCTGAGGCGACACAAACTTCATTGTATGCGCGAGGTGAAGAATAGTATAAATGATTCTTGATGCCCCAGGCATCAGGGAAGTAATTAAATCATCACACTATCCAGTAATTCCGCAGTCCTGCCTGTGACGGCTCACACTTTCTTGGAGTGAGTCGTTTACCTAGAGGGGTCATGCTCAGGAGGACATGATCTCATAATCTTCCACTCACATTGGCGTAAACACTGTTAGAGTTCATATCCAAGAAATAGTTTCCCGGAGGGTAGTGTCATAGCCGGCCACATGGAGCATGAGCGCGTGAGTGCAACGCAACTGCTACTGCTTGTGGGTAGCTAAGTAGCTCGCGGCCTTTCAATCTGATCTAGACAGGATTACTGTCCTTGTCCCGTGTCATCCCCTTGGTCTTCCACCGCAGAACATGCTCGACTTAGGACCAAACTAATCGATTCGTATCATAGGAGACCTTATAGTTATACTTACTCTAGGTGAATTAGGTGTTATGAGCACGAACGCTAGGTACCTACTACAGCCCCGTACTTCCGCCCATAGACTCTTTCTCTACTTCCCTTTTTTGCATCAAGTACCCGATACCTCCGGATGCGTGGAAACATTTGGTCGCCACAAAACGTGCCGATCTGCCGACAAACGCACAAAGAAAACCTACATACCCCGTGAAGAAACCATCATACCGTTTCCACCACGACGATATCCCGTTGTCAGCTGGCGCCGCGACGGAGCGGGCATTTGAAGGTATGAAACCTGCACAGACCACATACATTGAAGTTGGATGCGGACGAGAGCAGTGATAGAGGGTGTGCCGGCTCAG,1099,49.5,Mus musculus
SEQ_904094,AGTGCGCCGGCGGACTCCTTCTTTGTCTACGTGGACTTGCGAGCTCAGAAATGCTAGCTCTGGTGCATCCTCCCGAAGGTGTTTTATAAATCCTGTTGAATCGAACTCAGATCTAGAAACATCCGCGCCTACCAACCACGCTATGCATTAACAGTCGTCCCTTTGGGAGGCGTAAAGACTGTATTGAGTACAAACCGCTCGCCGACATATGTGCCTCTACCACTAACAGGGGGGTAAGTTCGGGCCTTCCATGTGGGCGCGTGTTGAGAGGAAAACTCTACCGCCCGTACGAGCAGAATAGGCATAGTAAATGGAGAATAGAATGTATCGTGACTCGACGTGGGTCCATTAGGATTGCCATGAGCCTGTGAAAGCAAAAGACTGCTGGCAAGAGGTTCCAATCGTTATATGTCTTGCATGAATTACTTGGTGTATAGCGTTCCTAACGAGAATCCGAAACTACTAAGCCGCATCATACCCCGCCGAGTAATCTTCCGATCCCGACATAGTGCTATCAGCTCAAGGAGGCGTAGAATTATAGCCCGCCAAGAGCACTGTTAACATCGAGCGTTATGTTCGAAAATTCATCTCCTACCGGCCTCAGTGCTGTTAGTGTAGTTACGTTACCCGGCCGAATGGACAGGGTTAATCCCATGTTCGGGTGTGTACCAAATGTGAGCCTCAGGTGCCGAGAAACACGTGCAGAAATAAGACGTGCCACCGCACTCATTCCCATGCTGGCAAGTTTCCACAGCGCCTTATGTGCCGGTCCTGAGATTATAGACATTATTCAAGTTACACTCGTTATCCCAGCGAAGCGCCGGCAAAGTCCAGTTGACTTTTCGGGGGCTACTTCTAGGAACGCTGGATACAAAGTGACAATTCCGCCGACGATCGCGACTTCTTCACTAAAAAACTGGGTGAGAGAGAGCGCGTACCCAATCTCTCCACATCATGTGTGGCACTAGCATGCATTCAGCAGGACATAGGGATCTACGTGGCAAGTGGGGCTGATTTAGTAACCCTATAATTGCTCATTTCCAAATCCGACCAGTTGCCGTAGGTTGGAGAGCCGGTTGTGGCAACAGCCGGATTTTGTCCTTAGCACGGCTGTAATTTTTGATATTGGTCTACGTTGGCTCCTGGCCCTCTAAAGCTGAGACCTTATCCAGGTCGAGCCTAGAAGAACATGACCTCAAATCCTAGGATCCGACCCGTGGGTTCTTGGAGAGCACTATGGCGTGCGGTTGCCTATTAGGTGTAGTAAATATGTGAAGTCACCAATAAGGGGATAGCAGATGTCGTCCAGTCGTATTTCCTGCGTAACTTGAGCACCCAACCGACGCTTGGGAAGCGTTCAAAGGACAGGTTTGTGAGGTCATTCACCGCTAGGGAAAGCGGTAGTCGATTTCTGTTCGCCACCTGAGATGATCAAGGGACAAGGTGGCCAAACGAATCAATAATGGTGTCTAAGGTTTGTCCCGACCCAAGGTTACCTGTCATTAAATTTCTACCAAAGGGCTCACTAAACGCAAATACCCGTCCTGACTTTTTTCCAGCGTAGGCTGCAGGTGGCAGGTAGACGACAGTGTTTACCAGTGTTCACGGCGTGTGGAGGCGCCGGGGCAGTCCCATCCTGGTGCTTTTACTATTAGGACGTGCAAACGAAATGTAGGTCGTGTTTTGATCAAGATATGCCTGCTAAAGTTCAACGAACGACTTATGCTATGATTCCTCGTACTATTAGGAATAAATGGGGTCGCGGCTACCATAATGATCTCCTCACGGGTGCGCGCCACGGTTAGAAGATATGTCCC,1817,49.64,Caenorhabditis elegans
SEQ_418598,GGCACGCCGCGTGGTAGCGGTACGTTGGTGCCCTGTACTTTGCATAGGGTCGTGCCCAGGATCTGTGCTAACCTGAATCGAACCATCAAGTAGTTATTACGGTACTCATATTGGGGTGTGCATCGGGCGAGCCAACGCCCCGAGCGTCCCGTGCCAGAGCAGGATCAGCATAGGGGGACTTAGGTCCGCTAAGAATCAGCGGTGAAGGCAGCAGTGATGATGCACTACCGTACTTTTTTTTAACGAGTAAAAACATTTGACGCGCGGACTCGGTCACGCGATGCTTGCAATGAAGTACCTCAGAAGGTACCATATATTGCACCAAGTCGGACGGCGACTAATCTCCGTCGGAATATCCGTACTTGATTTCGATCCGTCTTGGGCTCGGCATAGACATTCCGGCAACTGTTCCAACAGAGAGACACCCTCTTCTTCCACTGTCGTGCGCAACGATCTGCAGGAAATGGGCAATGCCGTAGCGGCCCAAGAAGCCGCCTACGGCGTTGGTTAGGCCCTAACCAACCGATGAAACTGTATAGTTGCATTCAAGATACAATTAGTTATTTCCGTTACCTCCCGAGATCCATGCGCGAGCCAGTACCGCGTTACGGCGGGACAGCGCTTGGATGTTCAGATTATTCCTCGGAGGCATTGGGGGCTACATTAAGACTAATGTTAGATCGATGCTCCAGGTTGGGTTACGTGCGGGTGCTAGATGAGCCAGCGGCGGAATCGATGCGTCCACAACATTTAAGGCGGCAAGGACCGAGTGCTTTGGTAGTAGGTAAGGATGACTCAATCACGGGCAAGTCCAGTTTTAGCAAAGTAACTTAAAGCACATTAGAAATCCATACTGGATTCGAAAGATTGATCCATACTTTCGTCGTCGCTTTCTGAGCGGCTGTTAGTCTTACAGTGATACGCAGTTAAACACATTATGCCATGTATCCTGTGCGAGATGTAGCACATATTCACATCTAATGTAGAACCAGCT,994,50.5,Drosophila melanogaster
SEQ_724902,AAAGTACTGATTTATGGCGAATGCGGAGATGTACACGTCGCAACGTGCGTCGCGAAATAACCAGACTTCGTATTCCTGTTGGCCATGCTGCGAGAGAACTTCACGTACATCGAGCGCACCGTCAT,125,50.4,Arabidopsis thaliana
SEQ_458550,TTGCACCCTGTACAGCACAGACCTTATACGGCATAAGCCTAGTAAACGGTGTCTGTGAGTATCATCCTGGCGAGATGCTGTGGTTCTATACAAGCAGTACTTCCGGGGTTTCTCTAGACTGGCCTTGTACTGTGAAAATATTTGTTGTACTTATATCCTTGGAAATGTAAAAGTGCGTGTGGGGTGGCTTTAGACTCGCGTCTCTCCGCATACAACAGAAAAATCTCGATGCTCACCTTGCCCGATATAAGCCTGGTTACAGTCATTAAGCCTCGTTCCTTCGTATCCTGTATCATTGATCGGATGCGTATTACCCGGTCATCATGTCTCATAGTCAGAAACATATGGGATCTTTCTCTAACACTGACTACTGATTTTAAGCTAGCAATCAAGGAAGATTCTAACGCGAGCACCACTCATTGAAAATTTTTCTGTAAACGATTATTATATACCACATATACTACGAGCTGATTGGCAGAGCGCCTTGATACACAATATCACAGGTCGGAGCCAAGGCCAGGTGTATCGACCGGTAAGCGATCTGAAACTTTGTAGGGAAACCCTCTTCTTACGATGTACTCAAACATCTAGCACGCACCAATGGCAAACCAACCGTCCCTGACGGCACCCACCCATTCTCCGTACTTAACCTAATAATCGTACTACCGATACGGCCCCTCCCTTATCCATTTATCCGCATGGAACCAAAGATAATTTTTACTAATAGCGCTGGGAGGGGGTCCAACGGCGTGTGCGCTGAGTACGGAATCTGTTCAATTGACAGTGCTCACCGTATTGACAATCCCCCCACTGGTGTCATCAAGCGGTGCAAGAAGTTAATAGGCCAGGTTGGAGGCCAGACTAACTTTAAGCCTCAACTAATCCACTTATTTAGAACGGTGTATGGGTCGTACCTGTTAATTCGCAATACTGACCACACTAGGGGACCGTCTGTTCTACAAGGACCAAGCCCTGGCAAAAAGACCGCCTTTGAAACTGAAGGGCTCACGGCGGTTGGGGATGGACATGTATTGGCTACCGACACGATGGGGCCTAGTCTCGAGCGAGCATTGATGGCGTAGGACATTCTGTTGGTGATCTATGTACACAACACAACTTACATCCACATTGTTCATAATTCGGGTCATACTCTTAGCGGGGTCACAGTTCTGGAGCTTCGCACATAACAGTTATCGGTCTGGACTTCCGAATTGGTAAAATCGAGGCAGTAAGAGGTTCTGTGTGCTATCACCTGTAGCCCCGACGGTGTCTGCACAATGAGTGGTTCATTGCATGCCTTATTACTCTGATCCTAAAAACTGGTGGAGCTTCTTAGCAGTTACGGACACCATCAGCCTCACCATGAACCCATCAAGATGCCGCAACCGCAAGAGCGGTCACTGAGTACGCATGTCAGGCCGGGTTTGTCGTGATCTACTCTAACCTCGCATGGAATAGTCCGCAAATAGTGAGTTATAAGATAATTCATTCCATCAGATCTAGGGAGCGGGTGTAGGCCCCCGGTCCGAAGATAAGTGTAAATCCGACCCGAGGTCGTGGCTCACGGTAGTTCATAATGCTCGTAATATTTTCAGCTGGCGCGGTTAGAGGAGAAGATCAATCTGGACTCGCTCAAATCGTCGAGCCG,1648,47.63,Caenorhabditis elegans
SEQ_552547,AACTAAAGAGACTTGCCAGACAAAAAGCCAGTTGCGTACTTTTTGACTATCAGTGGGTGAGAAATCGCCCATAAATCCCCCAACCCGGGTGGCGCACCCTGGATTGGAGGACTTTGGGTGGCCCTGACCGGTAGTGGGAGGGAACATTGTTGTATCGATGGTAAACGCCGATTTCCCACACTGTATCAAGTACTTCGGCGCAGAGACAGGTGCTTACTCCAGCCATAGTAGTTTGGATGCCTAGCGACAAAAGAGCAGTAGTATAGCCCGAGTGTTGCAGTTGGTGACCGGTAAAACGGGTGGATTCTTGTCCCAAACGTCGTCGGATCTAACCCACAGAGTAA,344,50.87,Saccharomyces cerevisiae
SEQ_898323,GGCCGTGGTAGCCTGTACGTCTCTACCAAAAGGGGATTTAGAGAGCTTAGTCCTCCATGCTTTACCGGTAAGACGAGTAATACTTGGGGCTTGAAAGTGTCTCATCCTAGCAAGGACGGTGGACGATCTGTAGTACCGCACGCAGCTGCAATCGTGTTAGATTTCGGGTAGTGGCCCCTCATGCTCGTGACAGGCGTGGATGCTGACGCCGCCGGTTCGGAATAAAAACTGTTCGTAAATGCTCCTCCCGACAACCAGAAGCATGTACAGTTACGCTTCTCGCCCTATACGCTTGGCGCTAGCGACATGACAACAAAGTCTCGTTGTGCGAGGATATATAGATACGCTTAGTAATCTGGGTACCTCTTCAGCACAAGTGTGAGTGGCATTCATTCGCGAACCTTATTGGATACGTCGTGTTCTTTCCTTCTGTGATTAAACCTGCTAGATGAAGAAACCCCAGACAGCCCGCATTTCGCAGAGAGCCAAGTGTATGGTCCGGGATTTGGCTCCAGCACCAGTCGGGACCCAAAACACGTCGGTGGCCGTGATTGGCGATAGCTCTTGCTTCGACCGTTGACGGTCGTGAGATGGATAATGACCCACAGTGAAATGCGGGTTTTGACAGTACGGATTACCGCCTGTGGTGCTCTTTATTGCGATGTATGTCCTTTGATGTGGCCTAGGCTGTCAGGAATGTGCAATAAAAGAGGATTGGGCCGAACTTGTTGAGACGCTTGGTTGAAGCTGTAATCGTTATCCTAGATATTAATAAGGCGTTCAAGCCTGTATATAAAGCACGCGCTTTCGGTTTCTGTCTGTCATTACCGGGTTAGGCTGGACCGGCCCTGACAATGTACTTACAGCCGTCTTCTAATGTCTTCTAGCTGACCTTTCTCTCCCTCCTCTCCACTCTGATGTTTCCCGCAATTCCCGGGGGATGCCGGTTATTTGTTATGAGAAAAGTACCAGCACTGGATATGGAGACGCGGGGCATCGCAATGCGGGGCCTGGAGACTGTAATTTATAAGCCGTGCGGAAAAGTGAAATCGTAGCCTAGTCATACTACATGGGGTAAGTGCATTATCGTACGACTGGCGCCGTTCTTCCAGGACCTTAACTCCT,1125,50.22,Arabidopsis thaliana
SEQ_959277,CTCCCGAGCCATTAAGAGGATACGGATTATACCTCAACTGAGTCATCGGTGATTCGACGGTCCTGCGTGTCTAAGGTAACATTGAGCATGTCATTGAATCGCCACGGCTTATGGCTTGATCTCCCCCTGCCGTGGCCTCAGCATCGGACATGCAGGCAGATTTTCTAATATTATCGCGA,179,50.28,Mus musculus
SEQ_472245,ATATCAGAGCCTGCCCGTTATTTACTACTCGGTAGTTGCCAGGTGGAAAAGGTCCATAGAGCTCACGAGGACCCTTCC,78,51.28,Homo sapiens
SEQ_672853,GCGCTCACAATCGATACGGACTGACGCCTTGGGATGTTAGAGTAGGGCCGCTGAGCCTCAGGGGTTCGAGTTGTAATTACCAGATGTAGTTGAGCGACTTTAGGGGCTGGTAGAAGGCGTTTTATCCGGAGGATGGCGCGTTACCGGAGAGTTTATCACGTGGTGCATGAACTGACTAACCGACGTCGGCTGGGGCTAGGAAACGGTCAGCGGACCAGAAGTATGTCATCACAGGAAAGCTCACCCTCTCCGCAGCCCGGATGGTAGCATACGGCGGACATTAGACGACTCTTACACCTATAGCTTCGAGGAAAAAGTGCCCCGAACGGTTTTCATACGCCCCAGGAATGATCGTATGGGGCGTTGAAAGTGTGTCACCGACTGGATATACTCGTAGGACCTACCCCTATGTCGAGCTTGACTCCTCGATTTGAGTGACATAAGAATAAAGCTAAAGTCCGCTAGGTCTGGAAGACTGCACTGTAGGAGCTATACACAGCGCTCGCTAGCTGTTCTAGTTCTGGCGGAATGACATGATCCAGCGTGTGATGCACCCACCACCACTGCCCCTAACACTCGAGACATGGTGTTCCACACATTCATACTTTGACCGGAGCTGACCTTGTGCAAGATCTTACCAATGCGCTACTATTGCTACCAGGGTGCACCTCTGTCTGGGAAAGCGCGGCATATCCGGGACTCTTTGCATACGTCGGCTTTATTCCACTAACCATTAGTCTCCCGCTAGGCGAGGCCCCTGCCAACGAGCCAGAGGTTGGATTGCCCCGTAACTCGTCAGCCAAGATACACCATCGGACTGATACTACCCTCATCTGCGCCCCAGATACGCCCGCCGGCGTAGCCTAACGTTCGTAGATGATTCCGGGTGTACAGACAACGCCCTTCATTTGGTGCTTTCCTGATCGAGAATCCTGCACGGCTAGTGCACTAACTGTTTTTTGACGATCCTACGAGCTCATGGCGTCGCCCGATCTGTTGACATCCCTAGCCGAGGTGTTAGCTCAGGCATAGGAGCAAGGGTAACCAGTCGTTACGGCCATGTTAAGCTAAACATCGAGGTGTGACGGTATGTTGAATCCACACCTACCTAGAATTGCATGCTACTGGG,1129,52.97,Homo sapiens
SEQ_602671,AAACGGTGAGACGCAGAAGATAGAACATTTCAACATGGTCTAACGGGGTCAAAGTGTGGAATGTGGAAAGGCTTAAGGTCTACTAGGACGAGCCCGCCTCATGCTGACAGCTATGCAATTTGACTACGCAACACGTGCGCGGTCCGACGTGAGTGCTCATTGCCAAAGAACGTAAGTTTACCCCGCCCAACCTGAGACCTAAGAGGTTCGGCTGCCAGCATCGCATCATATAACCGGACTTACAGCGGGATGCGATGTAGGAGATTCCAGTATCCGCATTGTGTGTATGTGGCAAACCGCAACGTTGGTAGCGCTGTTACGCCAAGGGTCGTAGGCATCCCCGTGGTGCGCTCTCCATGGATGCACGCGGAAACGATTGGCTTTGAGGCTGTAGGCGAGTAAGAATGACCGCTCTCGTCCAGCGCAGACCGCCCATGATATGGGTCGCTGCATACCATTGCGCTGTACGAGAACTTCCGCATGCTTTAGGACACCCCTCGTCTAGTAACTCATTCAATATGCTCCTGCCTTGTTCTATCTTACCATTGACCGTGGTCATGTACCGTTCTAAAAGCGGACCTGGCGCGCAAGCAGCTCCACGAGGACTCATCAGGTATAATTCGGCGGATAAATTAAATTCGGTCTGGTATTGCCGTCGACACAAATCCACCCATATAATAGGAGAGAAGAGCTGAATCCCCCCGTCTTGTACCCATGGAGGGGCTGGCGGTACCGAACTTAAAATGAGATGTGCCGTAAAACGACCCAAAGGGATGATCTCCCGTGAACAATCGTAGAGAGGTCCACAACACTCAATTGTTTGGGCATTTGCTTAGTACGAACGTTCCGGGTTCTGAACCACTGTGGTCCAACGGTCAGTCTGGCGGAGCGGGAAATTCTCTGCTCCCCCCCGGGAGACATTCAAGCTTGCTTGATCGTACGTCTTGTATTTTTCGGAAGTCACAAGCTCCTGGTAGGGGGATAAGAAGAAGGCTGCCTCGTGACTAAGAAGTCGATACAAGCCGGGCGGGTAACTTTACGCCTGTCGGGCACAGCTTAGACATAGCTCGCCATTGAACTGTTCCGTACGTAGGCTCGCACAATGAATGCAGGTTCGAGCGCAAAAAAGCCACTGCACTAATACTAAGCACACGACGTCTGTGTCAATCGGGTTGGAACAAACCCCTATCCACTGATAGATGAATATGCATACGCCAAGTTGAGTGGCAGTCTGATTAGGGTAAGCGATCTGGTACGGTGTGATTCGAATGTCGATGTTAAAGTCGCTTCGAGGTTTCCGTTGCTGCGCGACCTAACTAGCCGAGCCGAGAACGTGCGAGACAGGCTAGCCAAAGGATAGAGTACTGTCCCCGGTTAGGGGGGGCCTATATAACCTAATTCCGCCCGTCAACTCCCTGCGTATCTGGCTGGTCCAGTTCCTGGAACCAGCTCCCAGCACTCTCACATGCTACC,1473,52.14,Caenorhabditis elegans
SEQ_548035,CGCAGGGGGATAATCCATCTGTAGATGCGATCCTGAGTGCACTCCAATCCCAGTTGCGGGGTTTTCCTGACATACTTGCGCCTAGCACTAGAGGGCCTCGGTCTACAGGCTACCCCTTATTGAGCCAAGTCCAACTATCCTTACACCTTTTCCCTTGTCGCTAAACCGAACTCCACTTTCTGTAACTGATTAGAGCCCTCACGCCCTTATCCGCTGTGGTCCATGTTGTTCGTGACCAACATAGTCGTTACCCACCATCATCGGACCCGTTTCAGGGCCCCAATGACCGAGCAGCCCGCCGTCGACGTCTGCACCCCACATGTCAAGATACTAGGCAAGAGTACTAACCCAGTCTTCCACTATTCTCTAGTATAATCTAACTTATACGGAAGGCTGCGGCGTCGTCGGAAGTCGGCCGCCTTTAGGTTGCCAAGGTCGATCGTGGTCTATCCGTTGTTTAACAACTGAGAAGTATTTTGCGGCTACGAAACAACTCTTTGAAATGACAGTGTTCAGTACTCCGGTTGCCGAACTGGTTCCTGCCGCGCTCCCGGGGGTACGATGACGTGACCGCTCGGCCGCACAGGAGCCTCGGCCCTCATGGGTATATTTTCTGCACGGGGACCGGAGTACCGGGTTTTTTAAAAGTGATATTCTTTCTAATCATT,668,52.25,Saccharomyces cerevisiae
SEQ_257200,AGCTTCAAGCTAAATCGCACAAATATCATGATTCAGACTTTCTCCGCATCGTATTCCAGGTTAGCTTTTGCGCACGATTGCCCAGACGGACGCGACTCGAAGTATCATTTCAAGATCCCATTCTATCAACATTACGATTCCAAAATGATTCCCTCGAGATTCTACGTAGCAACAAATGGCCAAATTGAACTGGTGACATCCGCTCAGAAGGCAGTAGCAATGCCGGCATTCCTTTACGGGCGATGTGGAACACGTGACCCAGATGCGACTCCGGGTTTCGGTATGTAGTGTCAGTGCTGCGCACTAAAGGATTTCACGCATGCGTGGCAGCTTACGCCTTTACTTGTAGTATTGATTGATGGTCACAGGTACTTTTTTGTGACAGATCGTAATCAGCCAGGGGACATGAGTAACCGATTCATATGGCGTGTATCTTGTTGAAATCGGACACAATTAGTCTGTAGCCCGGATCAGAGGATCGGTCCCATTAGAACTATGAACGGCTTGAACCGCACCGGGCATGCGATGAGATAGCTTGGTGATTTTATGTCCTTAAGATTGATCAGTGTGGAATTCACTAACCCCAGAGAATCCCAGTGCGGTCCTGTACGTCGGAGCCTTTACTGGGAGCTTTTTCATTCAGAGGCTAAGGCTGCAGCGTTTACCCGGATTAGTATTCGGTTCCTGAGAACGCCAGTCTTATCGCTAGAATAGACCTGGTCCTAATACATCTCACCGAAAAGTGAAAACTAGTC,755,47.02,Caenorhabditis elegans
SEQ_151514,CTCTGGGGGTTGAGCAACGTGGTGGTGATACCCCAGCATAGAGCCGTACCGGCGAATAACTTGAATCTTACGGCTGCCTCAGGCCTGTGTCTCAGTTTACGAGTTGTGCTCGGAGTTCGATTTGCCCTACTTAGGCAAAATTCGCCGTCGAATAGTCGCCAATGAGACGGGACTCAGCCGCCAAGTCCGTCGATACGCCGGTAGGTTGGTAAAGACCGAGGTGACTGATTCCGGAACACTAGTCACAGCTTGGGGATGCAGAGTGGCTACTGCCTTCGGCTACCAGCACCGCCGTTATGTCCGTAAAAGCTGGCCCAGATGCTATGCAGTTCAGTCTATTTTGTTCTTTAACGGGATAACCGGCAAGTTTTGGCGAGGGACCGGAAGTGACGAAGGCTAATTCCCTCAGAGAGGCTGATTCAGCACCTCCTAGCTACTAGTGCTTGGCGGACGTGCCCAGGAGTCGCGATGTAGCCCAGAGCTAGGTGGGGCCAGCTTGACAGGGGATACGGTCCGGACAAGTGTTTAGCCGACGATCTCGGTAGCGAACCCTGTGTATATCAACAGCGCTAAGGTTCTTCCGAAAGGGCCCCTAGCGACAACGTAAGGGCCAAGGCCAGGAGCTTACATCTTGTATAGGGCTTTTAAACCACGGTAGTATTCTTGGGCATAGTCGATGGCCCTGTAGACTTTATGGTTTTTTATCAAGCATATGGCGTACCCCCCTTATCCACCGTTGCTTGCGCCCGTACCTTCATCTTCACAGAACGAGTGACGATGTATCACGGGTGAAAAGGCCCACATGCGTCACGGCAGATCCGAACTGTCACAGAGGTGCTGTACTATAGGTTCAGAGAATGCGCCACGTCCATCAGAGAGTCGTTAGGCCGCCAGCACAATCTAACAGACATTCTCTTGAGAGCCCCGCACAATGTCAGGTGTCGCCATCCTATGTATTAATACCACATGGTCACACCCTTGAACAGTCCCATAACAAACAACACATGCTCAAAAACCTTTGCGAAAATCCAACCATCGCAATTACATCCATGAGTTCACAAACTCTTAGATGCATAGTAGGCGGTACCTTCAAAGTCCAATATGATCCCTGGGGAGTGAGTTAATCTTAATGGATGGACCGGGGCTTATCCGTAGTGGGAGCTAGAGAGTTTGGAGACCAAGCATGGTTACTGATACAGTGGTGTAACTGGCACGAGATTGTCGCTCTCGTCCTCAGCTCATGGAGTCAAGATCTTTAGTGTTCGACATGCGTATCATTGGCGGAGAGATTTTGGCCTGTAGAGTACTACTACCGGGATTGGAACCGCTGAC,1332,51.43,Arabidopsis thaliana
SEQ_169837,ACACTCCCGGCGTATACACACTACAGCTCGTGTCAACAACCGCGGCCTAGTGTGCCACTGTGTCTGGACTCGTAACCCACATATGTCCTTAGCGCCCTGGACAGTGCAGGGCTGATCGGCTGTCTCTAAGATTATACAACGTCGAGACCCCGACCAGCACGATTACTCCGGCGTCAAACATTAGTATACTACTCGATTGACCACTGCGTTCGAAAGTCGTTCATGTCCGAAGCGTTAGTACAACATTATCGGGAGCTGCTCCATAAGCTGACTAGGTTATCATCGTCTGGGTTATGCGCGTCACGCCCAAGCAACGACTACTATTCAAGAATCAATTTGCGGTCCACTTCACGTATGATCGGGCTGTGTTCCCGTGGCGCTGTATAGCAGTTCCTTTTGCGCCAACTGTCTAAGGGGAATAGCTTAGAGTCAATTTCTCGATCGGGTCCTGTGGAAACAAAATTTTATCGCGGGAAAACGCTACAGACGCTCCCGGTGATGGTGAATGCGCGCCCAGCACTCCGCACCTACAATTTAAGGAGCAAGTATAGTCACTCGTGGGTAAAACCTCAGTGCCGGTGCACATACAGCTGAACTAGCCTGGGCACAACCGGGCAGCTACTAGCTGTCTGCCGGTCAAACGAGTGATCGGGCTTATTTTGATTGATAGTCTGGAAGGCTAATTAGGGATATTGTGGCTGAGTTGTTATGACCAGCGACACCTTGGCATGTTATTAGCTATTGACAAAACGGTATCGTGGCACCGAGCTTACAGTTACCACATAGTGCGAGCCACCAGAGAGGAGTGCTTCGGCGACTAGCGTTGCTGTTTCAACACTATGCCAAGTGGGCATAATATAGCCCTAC,867,50.63,Drosophila melanogaster
SEQ_155543,TGTCATGGTTGCATGCACACGTTCGACTCCGAAGGCGGTGCAGCCGCGAGACGGGGTATTTTCCACTACTCTGAGAGGACTCACTGCCTCGTGTCATACCGGTTCGCGACTAACCCAAATCGGTTGCAGTAAGCAGCCACGGAAGGGACTGATCCGCTAGATGGCTGCGTGGCGTTGTGTTTGATATACACACAAGCAGCCGAATAGGCCAAACATCACTCTCAAACCCGTCCTCAAGGTTCCCACTATATCAACCCTCGTACCTCCCTGTTTAAAGGGGTTTCGCTGGGCGGGTATATTTATAGACGAATGAACTTCACATCCGAATTCTACTTAGCACAATATCAGAATTACGTCAGCTCTATGCGATGAGGCATGGCGGTCATGCAAAGAGGTCAGAAAGGAAACGTACGAAGCCCTGTCAATGGTTGCTGACTGACGCCTGGCCGCGAAAAACTAGTAACCCGTGGCCGATTACGTTGAATCATTCCGAGCAAGAGACATATATGGTCGATTTAAACCCACACCTTGGCTCTGTCCCACATATCTGACAAGATATTTCAGCTCGGCCTCGTCGCACTCCCATTCTTGATGGTGGTCTCTAATCTCGCTCATATCTAGCTGCTCTCATGGGACTGCTTCCAGGAGACAGAAATCTGCTGGCTTGTTCTGGGCCGACCGGCCTCGCCACTAGGGATCCTAAACAAATACGCGTCTGGCACTCTGACCCTGGGAAAAAAATCATGTGAAGCGGGAGGTGTATTCGACAGAGGAGGCCAGAAATATAGTCTCGATCTCGGATAAGTACAGGCGTGCCCGCAGCGGGACTACATACACAACCGATGTTTCCGGCCGCTCGCCATGGGCAAGCAGCCACACTCACTAGCTGAAAGTGCTGGAGGGTCACAGGATAGTTGCGCACGCAGCCATCTACTCGCAGCTGCTGATTTGTCCCAGTCGCTAATCATAACCCCAGCTAAGTCATGTCGCCTATTGCAGTACCGTGGTTTACAAAGTTCTAGTAATCTCGTACGAGCGTCCTAATGTGTAAGATCTCAAGTTGACTGCACACTTGCTTCAGGCTATTTGTCTTCATCATCCCGGAGGTGCAAAAAACGCACCTGAGACGGACCCGCCAGAGGTGCTGTTACAAATCTCCAGCCCTAAGGCACCGCATTTAATTGGTTGTGATCGAAGGGTACGATTGCCATCCACAGTAGCGGTTTAACCACAGCACCGAATACTTCATCACCAAATACTGTCTCCGGCTGGCAAATGATAAACCGTATGGAGACGGGCACGAGTTCCAACAGATAGCCCACCTAGTAAGGGTGTGGATTATTCCTTTGCCGCCTGGACGGCAACCCGGGGCATAGTGTATACATCCGTATAAGATCAATAGGAAGCGGGTGTACTCGCGGCAGTAGAGTTCGCTAGCCGGGCTGCGATAAATTCCATGCCGGGTCCATGAGCTAACTTAGATTAACTGATCGCGCAAGAGGACGTTGGAATGCGTAGGGCACGCCGGTGTGTGTCTGTGGGAGTAGGTTTAATGGTGCCGAATTTAGTTAGTGTTGGGATCTGCGGCGAAAAACCCTGGGTACCTACGTTAGTTATATATCCCCAGTGCGGATACCGGTACCTAGCCGGTAAAAGAAAAACTCACTGAATCGCTTCCCTCTGGATATAATCCAGCCCACTGAGCTTGAGAGCTATTGGCAGGGCGTGGTACCTAGTCAAACTAATTGACG,1751,51.06,Saccharomyces cerevisiae
SEQ_140887,AGATATGGCGCGTTTAAGTGGCTAATGATCTGGCAAGCACTCCCATCGTTGTCTGGCTGTCGTGTTGTCGGGTTAATCACTTAAAAGGCTCAGTGGGACCAGGTAACTGTTTCCCCGGTAGGTCTCGTGAAGGGGGGAACTACCACTGGACGACACAAGGGGTATTTCGGGTTCCTTAAAGAGTTTAGCTTGAGCCCATGCCTTGCGCAACAGGTATTGATAGCGTGGAGCTAGCCAGCACCCAGGGTTAAATGTCTCCTTGATCCCGATCGCAGAAGTCTGCAGATTCTAAAGCATCAAGGGGGGTGAATGCTTGTCCAGTGATTGCACAATCTTCGATTGTGTCCTTAAAACAGATGAGTGGCTGGGGGGCAACTTAGCACTCTAGGCATATATCATTTAGCCAGGATTGTGATTATTTAAAACTCCGCGGTCCTTACACCGTTCCATATACTCGGGCTCGTGTCTCCTTGTCCCGAACGGAGTTCAGGCTTCATATCCGGATCAGTCTGGGGCTAGGCGGACTCAACTAGCGGTTGGAGTTCCCTCTGTTGCACTGTTAAAGTTCAAGACCATAACGGCATCCAGCAAACTCTGCGAGCAAGGATAAGGCACTTGGTAAGGTGGAGAGGTCCTCTTATGAACGAGCTGGCGATCGTGCCTAGCGGTCACCAAGGCCGTCACGAATTACCAGACCGATCTTGCATAGCATCGCCGATCAAACTGGTAGGTAAGGCGCAGCACATGCAAGTTCAGAAGTATCCGTTTGACTGCGCGGAACTTCAAGATTTCATGTAGCAGCAAGCCATACCTCTGGGGTAATGACTTTGCACGGCCGGGTTTAGCTTTAAACAGTCTTACGTTCTCCCTATGCTGTATGAACCCGACTGGAAATCCCGCCACGGCTAGTAATCGGGGTATCAATAATCAGAAGCCTCCGATGCCCCGAACTTTTCCATTTTCAACGGTAGAATCCGCGGTACCCAAACTACGGACACATACCGAGATAGGATGGGACCCTGA,1023,50.54,Arabidopsis thaliana
SEQ_947459,CCAGCTACTTAAGAATTTCTATAGGGTTCACTTATTGCGCAACCCCGATATAGATGTAGAGTCTGACCTAGAATTGTTAGATGGCAAGACACGTATCGAATTACCCGTCCCCGGTGCTCATCATTAATTAATCTATTCGGGTCCTGATTGTCCGCCTGAAAGCCTGCTTACCGTCCAGCCGAATCCACCCAGTTGAGGGTAAATCGCCCTGCTGATGGCGTGCCCATACTACGGCCCTCGTTAGCAAGCTACAGACACCGCGGTCCAAGTCCAAGGCTTTCGACTTACCCGTCACCCCGGATTCCATGTGGACGACAGAAAGTCTCCAATAGCACTTCGGTATTCTGCGACTTCGTCTCACCCTGAAGCGATGTTCTAACCTTGCCAATCCTGCATGAAGGAGATGCTTGGTAGCCCTGTTCCTGGGGTTTCCTTCCGACCACGCGCGACCACTAGTGGAGAGGCACACGCTGGATATACAAAATAGCTTTCACCTCTTTTGTTGCCTTTTACCGTCTACGGCTGGTCACTCATTTCTGCCCTGGAACTCGACTATGCCTTCTCAATAGCTCGCTGCTTTACGAAGTCAACCCTCCTTCAACCACAGTCTCAATCCACGGCCTGCCTTGCTGAAGCCCTACGCCAGTGACATCATCGCATCTACCACCCATAAGCAAATACAGACACTCCCCGACTAGACGGTGTAGTGATCTCCCACTTGTGTCAGGGACTATTCCAGAGCGTATCCCTTTGGCAGTCGGAATACCTCTCATCACACTCAGGCATCTCTGTACAAAATGATCTCTGGTTATAAACAATCAAACGACATAACCTTCTGGAAGTCGCGCCGCACTATACTCTATGGTACTGACGTCATGGCTTACCGACTGGTGTAGGGAGGGCGAACAACCGGCTAACAAAAGATCCGTCAGAGTTGCGCAGACGTTTACGAGCAACTACGAATGCTTTATAGAGAATTAACGTAGGGCCCCCCTTTCGCTTGTGCGCAAATAGACGTCAGTGGCCCAGAAAAATTACTGGATGGCTTCGCCGCGATAGGGACTGAATACTCGCTCCGAACCTCTGTTCGACGTATCGTCAGTCTGAACTCGCTGATCACGGCTCTGCACAACAATAACACACGAAATGAACGCTACGGTCAAGTGACAAACGTTAATTTTCTAAAGGGTTGTTATTCAGTTCATTATAAAAGCATATGTTATCCAATTTGCCACGAACATTACTAGTCCGTCATTCGTGTTCTCGTTAGAGTGGTTTATCCTGGCCCTACTAGTCGTGAACTAAAAAGCTCCCTTTGATGTGATACCATTGGTCCAAGGGCTCGCATCGGAAGTTTAGCTATGTGTTACCGGTTCATTCTAGGGCCTTCATTAGCCTCCGCTTTAAAACAGAGATAATGGATGACTTAGCCTCGTTTGTTCAGTGAAATCACGGTTTACGGTAGATCGCCTCATCTGCCACGCGGTGTGTCTTTACCCACGAGGATGGACTCAAACGAGACGCAACGCATAGGTTCTAATAAACCCTCGATTTATGTGCCCGTGG,1566,48.85,Caenorhabditis elegans
SEQ_635569,GGCGCGATGCATATATAGACATGGAATAATCTCGTCACACGGGCGCGCGTCGTTCGCGCTGATCCATTTCAGTCAACGACTGGCCGAGATCCAATCGAGAGGATGGGGTATCTAGCACCGACGATGCTATATAAGGACATCATTAGTCGTGTCTATGTCCGGCGCGTAACAAGATCAGCACTTAACCTCGCTCAATTTGGTAAAGCACGGGAGGAACGGGGAGATCTCCTCGCGAGTACATAAGGAGCGTATCAAACACTCATTCTACTTAATTGAGCCCTACTCGGAAATTACCGTACGCCACATAGACGGGATCGCTGAATTATTGTATTTCTTCATCTGGCTCCGCTATGGTTAACTCAATACCCCCGCGATTGTCGTGGATGCCCAGAGCCGGGCCTACTAGTAATTAACAGCGTGTAACCTTATACTAAGTACCCTTACTATATTAAGTTAAGGCTGGCTGCCCGTCCTCTCGATGGGGGCAGGACTACTAGTTTCAGTGACGCATCTCTGTCCAGCGTTTAAGAAATATGGTGACCCAATTACCGAAATTGCTAAATGACTAATCATCATGCGTGAAACGGTTGCCCGACACAATTACTTCTTCAGCGTAGTCCTT,622,48.07,Mus musculus
SEQ_507549,GTTGTTCCGGACCTACTGACCGAGACGCAAGTTATCTCGGTAAGGCTTCAGTTCTGGCACGTCCTCCTGATTATGCAGTGCGGCTGATTAAGAACCATCTCAGCAATTCATCAGTCATACCAGAAAATTGTACTCCCGGTTCATCTCCTCGTGGGTATGGGCCGTGGATTCCCAACTGCTCTGCCTTTTTTGGCACTACTATCAATGAATCGTCTCTTACGCGCATCCTCCAGGGCCGTCTACCACCCAGGATATGAAATCGCCGGGTACCAGGCCCGTCGCTACCATTGTCACGTGATCGGTCTCAGGGAAACTGGATTATCACCACACGTACTCTGCGCGATCCGCTGTAACGTCGGTAATGCGCGGAAGCGATACGAAAGTCCCCGTAAATTTTCCGTACGACAAAGAAGGTCCCTCGTATTCGGGCAAATTCGGAACTCGGACGTCCCGTTAGTGCTGAACTAGTGGAACGGGTCAAATACGAGGTTAGAACAACTCAATCTGGTGAGGATTCCCTTAGTTGTGGACGCCGACTAAGACGCGCGTTATAGAGATAATGCGAAGCATAGAAGAATTCTCGTAGGTTGGAACAATGAGTCATGGCCCTCTAGGCAGTGAGTGCGTGGTGGGCCCCTCTCACGATCTCGTGTGATCGCTGGAAGTCAAAGCGGCGTGCACCGTTAACGTCGCCCATTGTGGGATGTTGCCATGGCATTGGTCTTTCGGGGGAGAATCGAACTGGGGCCCGTACAGCAGCGTGACCCTTTGTACTCAAGCCCTCTGAATCATGCGTATATAGCATGTATCCTT,813,52.03,Caenorhabditis elegans
SEQ_417246,AGGTCGAGAGCATTCCATGACAGTTGGGTATCTTGTCGAGGAGGCGGATCTACGTCTACACCTTGGAAAGGCAGGGAGACGTAAGCCGAATTGTCCATACGCGGTATTGAAAGTAGGTGCATTTACATACGGACCCTGCGTTTTCAAGTCGGCTTATTTCCGCGCAACCGCCGACGGTACCGTTTTGGCTGCAAATACTATATCCCAGAAGCGAAGTTGAAGGACTCGAGTGATGCCATGGTCGTATTTATTGCCCCTTCTCGTGCTTTCCACCGAAGCAACCGGGTGGTTACCTGGCTGGGCGGGAACAAGCGGCCTGATAGCAGTGGATACTTACGCTATTTGGGAGCCGCGATCCGAGCAATACCATGATAGTCCCTAGATCCTATTTTCATTGGCCTTACCCCGAACAATAGTTTAACAGTCTGTCAGCCTGCTGACTGAGGGGGCAGACCGAATCAAATCCCCGGCGCTTCTTAGTCGGATTGTTGTAGACCAGCCAAACTTAGGCGTCTCCGGTTGTCCGACGTTTGTTGGTTCTAGTTTGCGTCCTCTCCTGTATCTGATTCGCACGGAACGGATTAGTCGTAAGATGTAGTGGTGCACCATTTTTGCCCCTGGGGGCTTT,628,51.59,Caenorhabditis elegans
SEQ_854082,ACAAGAATGTATACACATGCCTAGTTGGTGTTATGTATAGAGACAGGTTCTTAGTAAATTAACCATTCCAAACGCCTGATAGTGTCTTTCTAGCGGTCCCGTCTAACGGTTGGTGGGGCCCAGGGCGGAGCGGCATCTACCGACTCTCTCCGCTTCATCTCATTACACTGATTACGTCGACTTATCCATAAGCATTAGAGTTGTAAGCGATATCAGTCTCGCTAAGC,227,46.26,Escherichia coli
SEQ_984812,GTCCTTTGGCTGGCGAAAGAACGATATTATAAGGGGGCCCCGATCCCTGTGTCAACGTGGGATCTAAACCACGCGCTTACGGGGAACTCCTAAGCGTATTGCCGATTGGGATAGCCTCTTATCACTCTCACGGCGTTTACCATCACCCGCAATCAATTATAAAGTGGACGTACCGTGCTTGTCGCAGTAATATGAAAGGCACACGGGCTAACGGTGGAAAGAGGTTGTATCCTAGCATCTTTCCGCTAGAACCACCGTTAACGCTAAAGTACACCTAGGAAACGGGTGACCGCCGAACATATGATCTAGTTGTTTGCAGCGACCTGTATTTCTGGTTTTCCTGCGTCGAGCTTGTCAACCCCTAAAGCTTTCAGTAGCTCCGCGTTCGAGCATCTACCAAAAAGGGACCGACACGTCGAAGAATCCAGGTCGGGCAATTGGCTGAAAGCAATAGCGACCTTGTCCGACAACGCTCAGTGTATTGAAGTATCGTTTCCAAAATGACACAGGGCCACGAGCGACGGCCGAGCCGATCGAATCTACGTTTGACCGTGGATGTGTCTACGCTCTATGTTGAACATTAATTGGCGGTCAATGTAGCATTGTTCGCCCTGTCTGTAGCGCAACCAAGTTGAATCTCGTCCGTCTGGCCCGGCGGTATGCGGGACATCGACGATGCCGAATAATACTAGAGACCAAGCAAAGGTTGATAGGCTATAAGAGAACCACAATCAACAGCAGAGGGGCAGATTTACGCGGTTTATGGGGGCAGATCTTTTTAGGGGAGCAATTCTGACGCCTTCACCGCGAAGCGCATGGCGGAGCCATTACCTGGTTCTTCATCTCGGGTTGCCTGCGTTCGACTGACCAGGTGTTCTATAGTAATTATGGTCTAATC,898,50.56,Escherichia coli
SEQ_655379,TGCGTCTCGCACTCTCGATATATGAATAGCCCCACTTAAAAACCACACTGTCTCATGGGGTACTTGGTCGTCAGATAGTAGACTACGGCGTCCGTCGATTGCCACCGAAGGGGAATTTTACAAGGTTCCGAATACGCTGCACCTGTGTCACGAGGCCGACGGTTAATTGTTTAGGATGGGTGGTCCACTTTCTAGGACCCCTCTTCATAGCTGGGCTTGGGCGCGCCATTGCTATAAAGGACAGACATGTTCGACTGTACCTGGGGTCTGTATTAGTGCTATCTCGCCGAGGTATTTTGGCACCGGCCAGGTTTCCATGCTCCTTTATACAGGTCAAATGTGGGATCACATCATTCCTCGTTGTAACAGCAGAGAATATCAATTACTACTGGATTGAGGACCGATAGATTCAAGACAGCCCTAGCCGTTGATGTACTGTGGGGACTTAACTCCATTAGGTGCACGCGATCGTTACTTGCCGCCAGTTGGCGCACCAGTTGAGTAGCCTACGCCCAGCTTAACGTTACTTAGTTGCCCTATAATGCGGACGCAGGACCGGAGTGTTGACCCTACGGTTTCGCATCGAGGCCTAGCTTTAG,599,50.75,Drosophila melanogaster
SEQ_438575,GCACGCGGAAAAGATGAGTTCACGAGCGTACTAAGGGTTGTAATTTCATCGGCAGCACGGGGATCTACGCTGTGCCAGATCATCTGCACGTTCCCGAAAAGGCGGATAGTCCCAGTCGTGGGAGCATGTCCCTCGTGTAATGAAGTGAGGAGGAAGCTTGAGCATGATCCTAGAAATCAAGCGAGGGTTCGATCATGACGTCAGTAATGCTTGCTTCATTTTTTTCTGACAATTAACCTCTTACGCGCAGACCGGAACTGAGAAATGCCCCCCAGGTCCTCCTAAATGTCCCCGGGAGTACTCTGTGGTACAACGTGAAACGTAGTATAACTGGGTTATGTAGCTAATTTCTCGATCAAGGAAATGCCGGTAGGTTAGATGACAATACACCATTATAGAAATATCGCGCGGGTCATACTGACAGCGCTACGACCCAGGCCCCTAAACTGGAAATTTTACAGATAGTAGAAGCGTTCCTGCTATTGAGCGAGATGATCCGAACTGGTTAGACGCTGGAAACAAATGGCCTATGGAGCTGTCGAACAACATTCACTAATGTTGTGAGCATCATGCTTTATGGCAGAGGGTACTAATAGAGGATGCAATTCGCGCCGATCAGAAGATAATCCGGCGTAATTTGAGTAAATGCTTGCCCACTCGCCAACGGCAGAATCAATTACGCGCCGCGCCAGGACTGCCACAACGCGGTGAAGATATCCACGTAATGGGTTTCGACGTCGGTAGCTCAAATTCTCGTCCTGTGGGCCTACCAAACTTCTGATCCGCCCGGAGGAAAGGTTCTGCATGGCATAACAATAACCACAACAAAATGGAGATTCCGATAGTGTGCGATCCCGGTATTATCACCGGCAATACCTCACACAGGGGGCTTCACTCCCTTGTGGCGTGTCACAATCGCCCACCTGGAGAGATTGAATAACGGGGCCACCATCGTATGGTATAAACCAGTGAGTGCTAGCTTCACCGCGACG,992,49.6,Arabidopsis thaliana
SEQ_766509,GCGTATGCTGAGAGCAATCGATCTCGTAAGGGGACTAAGTTTGATAGTCGCGCAATTCGACCACCAATTCAGGGGCCCATGTATTTCATAAGTCCCGTGGTTTCGCAGGGGTAATACAGGCAATGGGAATTGTTGCAACTAGCTGACAACTGACAGATGCGTCCCCCTAATATTGTAACGCTACCAGCCAGGTACCTTAATTCGCCAAACCTTCAAAGTGTCGTGGCCTGCACAGCAGGTCCGGCTAGCAATAAATGCAGTTTTTGCGATCGCGAAGTAGTAAAGCGTCCCTGTTCCCTCCACCGGTGTACTGGTCCCAATCTAAGAGTGCCACCAATCTTTTGCTTTAGAACACACCCTAAGACATACCTCATCTCGACGTCGATGTATTTGAAGGCCCTATAAGTCCCATTGTGCCTACGTCGTCCCTTCTGGTCGTAATGGGTCCCGCTTTAGACGGACCTGGAGCGCCAAGGTTATATTCGTTAACCGACATTCACTCCTGATGCCACCTTTACGGTCGCTGACCGTTACCAAGCCGTCAACTTTTTCCGACCGCGAATGTAACTCACGGCACGCGATTGAAATCGTTTAACTCATCTTACGCGATTCACGGAACTAATAGAGTGGTCTGTTGGCTGGCCGACGCTGGAGGTGACAAAATCTTCCAATCCTCACACAAGAAGTGTATACTGGCCTCCTGGGTTACTCCACTGTTTTCAGGGATCGCAGGATACGCGGTGCAACGGCAGTGCCCGGTAGGTGTCCCGATAAGCCAGCCATCGAGATAACAGTGGATACCCTTGACTCATTAGGGGAGATGTCTTTATTTAAAGTGAGAATACGAGTATAAAGATACCCCAGCAGGTACCTATGTTTTATCAGAAAAACCGAGCACATTTAGACACGCGGCCAGCAAAAGGTGGTCACATTTCATATAAGGGCAATTCAGCATAAAGCTGGAAGGCCGCAGGTTACAAATAGAGCCTCGAGCACTATTAGCGGTACCCTAATCAACTTGCAATCGGGCAAGTGGGTAGGTTCTGCACCGACAAGCGGCTAATGAAGATGATTAAGGTCAGCCAGGCATATGTCCACCAAAGCCTGTGTTTGAGGTCAACACCGGAAGCATTCTCAATCCCCCGGTCGCCGAAGGGCCTATAGTGAAGTATGGGATCATCTGCACTACTGAACGAGATATGCCGATCGCTATCATCCCCTGAACCCAGAGGCGGAAGGCTGCGGGGTCTCAGAGTAGGCCCACCACCGACTGATGGAATTGGTTATGCACTTTGCCCACTGAAACTGCAAATCGCGTCACTACGCTGCAACGGACCGTTTGAACCTTAACCAAAGCCTCCAGGCGGACTAGCGTGAACCGGTAAGCTCACCTTTACCGATTTTCGTTCCTCACCAGAGTTCTGTAATTCTTACAATCTTCCCGACTTAGTACGTGCTGACGTAACATCTAACGCGGCATAACGTGACAAAGGGGTCGTATATCCGCCTC,1510,50.0,Homo sapiens
SEQ_812833,GCTCGGCATATTGAGGTCAACCAAGCCGCGAGTTTTATCATGAAAAAGTAGCAGCCATTAGGGGTCAGGATTTCCTTAATCTCGATGCTACACGCATCGCAGACCTCTCAGTCGATTGAGAGAGCGCCTAGTGTGCCGATAACATCCCGCTCTGGTTCACTCCTGAGATTTTATAGCGGTCATCCGTAGGCATAAACACGCCTAGGAAACGCGAGTCGGCACATGCAAGCAACGAAGGACTCATACCAGAACGCTACAATAAGTCGTAGCGGGCTTAGGACAGCGCTCCGGTTCAATGAGGACGGGCGTCGGTA,314,51.91,Escherichia coli
SEQ_322504,AGCAGTCTGCGCTTAGAAGCGTTGCGTACCTCTTAGAAAATTAGCGTCATTCTCCGTGTTATTCTAGCGAAATACAGCTAACCATGCGGGTCGCAACGCGAAACCCCAGATTGGCACAATCTTGCTATGCTTGTTGGGCACAAACTATTAGGACATGTGGCGTACCGGGAAATTTCTCTACGGTCCCTCTATCGACCCGGTCCCCCGGTGAAACACCGTGGTGCGACCGCGGTTAGTCTCACTTAAGGTCGCCTGTCGGAGATTTTCTCAAAATGCTAAGGGCGCTACGGCTTGGAGTTGTCTACTGCTTAAGTCTTAGGCTCCCGGCGGATAACCCTGCGGGTGGTTTATAACTCGGCTGCGACTTATACTGGGACACCACGTCTCGCTGCTCAATGCAGCGCTGCATAGCACGCCGTGCAAGTTCGGGTTCTCGCATATCTTCGAATAGGTGTCACTATTACATTAGCACTAGTTACTCAAAATGCATCTGGTCCCACGGGGAGCCATCTACTGTGAGCATAACGTCTGCAAGCCACCTCGCCGGTCCTTTAGGCTTTACTGTATTATCCGCATGCTGCCAAAGACATCGCAAAAGCTGTTGAGAAGCTCACCAACTGGCAGCTCAGCGACCTACGGGTCGAAGGGCTGATAGTTCTACTCGTCCTGCCCATATGCATGTAAGCACAGGTACCATAGAAACTGAAACGGAATTCTCCCGACTAGGTTTCAGCCTGGCCTGATGGCACGGTTCATTTTAATAAGTTGATTTCTAACGAATGATGTAGCCGGTATCCGGACGCGTATAGATCGCGGCAGCAAGCCGGCCGACTCTTATGCTATCCGAGAGACCCCTACGACGATTAGATAAGGAATCTTATGTCCGCTAGGGATCTGTATAGGAGCTAAGCCCTGCTAGCAACCAAGTTCGGCAGATAGCTCGAA,945,51.11,Arabidopsis thaliana
SEQ_204571,GGAGCTCCCGATAACGCACACAACCTGAGGTATGAGGGGGACTACAGATGGTGGTGAGTCACATTGGTACCGGACACGAACGAATCGGCCTTAGACAAATCCAGCCATTAAAAGTATAGTGGGCATTCGCTAGGCACAAAAACGTAAGATAATCTCGACTAAAACCGTGGCACCACTACTGATAAAGACAAACTAGCACCTAGTGATTAGTGAGTATTCAGCTCGGATGTCTGCCCGGGCATGAAGTACATTATAGTCCGAAGAGCTAAGGGCTAAGCTCTCCTGCTACCCGCATATGGCACTTGCTAGTGCGCGCATGTGAATTAGTTCATAAACGTCGATTGCTCGTCCACGCCGACCACGACGCGAGCCCTGACCTGCAAAAAGTCTTTAGCGTAACGGATACGACTGCCTAGAACCTAACAAACCCTAGTGGATCATCCCACTGACTAAGTTGCAAAAAATTATTAAGCATTTGGTGTTCCAAATATAATAGACCCTGAATTCGCACTTTCGGAACGTGTAAAAGAAAAAGAGTATCAGGACGATAGTGCCCTATAATCCCTTGCATTCTGACACACTAGTCTTACCGTATGGCTTTCCGAGTTCCGAATGCTTGCTGAACGTGACAGGTGCTGGCCCCGATCTTCACCCATCCCCAGTCGGAGAATGCATGGGGTACTAAGTCTTCTGGTACATTTCACGATTGCAGCGTCATCTAATAGCATCCGAATCGTACCAACAACAGTCAGACCAATTTCTCGATTTCTTGTAGCAAATTATTATGCTCCTGGCCCAATCATGACTGAAGCTTACCATAGAAATAACAACCCGAGTTTTTGTTCTCCGAGCGGTCCGCCCTCTTACGAAGGGAGTTGCACTCTCGAAATTTGGTGGCTTAGTCCTTTACCTGCGGGGCTCGTGACTGAATGTTGCTCATTCAGCGCATGTCTACTGTCCCGCTACACGAGGTAAATCGGCACGGGAGGTATTAGCACGGTATTTTCCATACACATAGCCACAAAGAAGGTACCAAGCGAGAATGAAGCGACCTAGTTGGGAGGTGGACAGGCCGGCCTCAGTACTCAAGATAGCGTTCATGGCATCGGAAACGGTGTTACGAACTTCAGGTCTTTAAATCGTTCGTGCTATTTGGCCACCTACGGCCCAAAATCCCCCAGGGTCGCGAACCTACTGGCCGCGACACCACTTCCTTGTCCAGTGGATTATACTCCCCGAATCAGCTTTCCTTGTATACCTTATAACTACCGGTCGAAAGTTGAGGGGAGAGGTGTAGACTCCTATTGAGCCGGGGAGTTTATTCGCGCTCGCTT,1334,48.58,Arabidopsis thaliana
SEQ_747644,AGAGATGAGCGAGTTAGTATACGCTGTCATCTGTGGCGCTAGCGTGCAAATTGAGTACCGTCCGAGCAAACCCGCGCCATCTCCCACCCGGATCCCCAACCTGTGTTCGCCGGTTAGGCGATTTACATGCGACTAAACGATACAGGCTAGACCCCATCCAACGCCTACACTACCAATAGGATCGCAATCTTGCCCAAATGACCCCCAAACCCGATAGCTATGCCGTAGGTGACCGGCGGGAGACGGATCGGCATCCGAGATAAGATGGAAGGACGGGTAGTCAGGGAACGCGGCGACAAGAACGTCTGCCGCACAACGCTAAAGTTCAGATCATGTAGCTGAAACATAGAGTCGACCATACCTCCTCGAGGTTACGTCCTACACTGGTAAGCACCCACTGCGCGGGTGTTACCTTCCTTAAGGCTGACCCTTACTCGACGCACCGGGACCGGAACGTACGGCTTGTCCAGATTGACATGGGAGGAATTCCTAGTTCGTGAGCGGGCATTGGCTTGGCCCAGACTTATTGTATCTAGGATAGGGATTTGAAGTACGTCCTGTACCTTAGAAGGCCGCACTGGGAATCCCTATGGTAGAGCACCGATTAATGCCAATAGTAGCGCAGGGACGCTCGCATTAGATTAGATCCGCACACTCTATCATCATTTTCAGATGCGTTACGTACACACAAATTGATAAGCGATTTAGGTACCTCCAAGGGGATTCGCTGTCGCGCAGAGGCAGATGGCCAACCTCAGAGTTACGA,766,52.87,Arabidopsis thaliana
SEQ_389485,GATAACGAGCAGCCCAGGCAGAGGTGGCCGAAAATGATTGGGCCGGATAGCTATAACTCACAGCTCTGCGCTGTACACTTGATGATTACTAACAGCTGGAGGGAGATGCCTTGCATCCTGTCGAGTTACATCCTAAGGACCCCTTTACCCAAAGAGGTACAACTATGGGATTTATCTATGTCCGAAGTGATATTGTAGAATCTCAAACTCTACCGTATTGCTGCGCTACATTACCATCTGCACCTCACCTAGTCCGATGCGGCCCGATCATGGTGTTCACCAGACGAGGTTTACGAGCTCCTTCATACTGGGATCGGCCTCCTGCTTCAGCATGGCTGAGTCACAACCGGCCGGATAATTGCCTAGGCTTTCCTGCGCCAACAGAGACCTAACAGGGACAAACACAGTCCCGACGCAGACATTGCACTATACATCCCACTTCGAATAGCATTCGTGTGAACAATACCGATAAGGCGAGCAAGTTGATGCTCGGCAGGTTTTGTGAAAAAGAATTCTAGTAAGGATATAAGGTAGAAGGGGTGGAAACAACCCGACGGCGCATTAGACAAGTTATTGAGCGTGCAGTCTAGGATAGGGTCTATAAGTTAATCGAGTACTTCACATGGTTTCCTTTCCAGTATGTCCAGTCGTTCCTTGCCGACTTAACCAACTGATGACTCTAGCCTGTGGGTGTGCGTCCCCAAACGCAACACCTGCCCGACCAAGATCGGAGCTACCCGCGTGAGTTGATTTGCAATTTGTTTATTCATCTTGACTCTTCCTATCGCTGATAGCTGCTAATTTCACTATTGTGTTAACATCCGCCCGGAGCTCCACCCCATATCGTGAGATGTGCTTCCGCGGGCGCCCCCCATTGCGTCATATACGTGGCTATCATTACTCTGATTAGTTCCGCTACCTCATTCCCGTCGGCGAGGGTTTAAAGTCTGACGTTTACAGGCTATTCACATCCGGCCACCTCCGAGTTTTCCACAGCCCTGGTGGCGAAAAATATGGGGGCGCCACCTTAAGTCGGACGGATGAGTCGCTAACATTCCCGGGCGAGAAATACACCGTTGACTCTCAATTCCGATTGCACGTATATGGACATCTCTTGACGATCATTTGCCCTGCCGCCTGCTCGATGGTAGTGAAT,1156,50.0,Mus musculus
SEQ_489694,CAAACCGCCGGGGGCAAGTACCTAGCTAAGAATTTCGCACTTAATAAATCCGATTAGCAGTAACGTTCAGCGAACTCATATGTAAGCAAAAGTTCTGGGCTAAGCAGCAGGCGCTAGAAGGTCAGAAAAAGCACGTGAGTAAAGTCCATCAAACGGGGCCCTCAATTATGCTAAGAAAGTTAACCCTAAGCCAGGAATTGAATCCGACTAAATGCGGGACTGCCCCTAGACGCTCGCTTGCAGGGATAAGCTACTACTGCGGACCCAAATAGTATAGCATCTTAATATCTCGTCCGGTAGCGATGAAACCTTAGATTCTTAGATGCTAGAGACGTGGTTGACCCGAAATCAGAGGTGCCGCCTCTTGACGATAACGCTTCCGATCAAGGGGTCAACGCACAATCGATAACATAAAACCTAAAGGGTACCTTGAGTTCTCTAAGCTGACGTTTGATTTTGACTAGACTCGGCCGTTGCAGCCACCGCCTGTTTTCAATAAGGTACGGCAAACGCGGGGGAAGGTAGTACGTCAGATCGGTGCGTCGCTAAATTGCAGCCATTTTCCCATGACGTGCTGTGCATCACTAGGACCTATATCCCCGGCGAGCAGCCATTCGTGGTCAAGATGGGGACTGCGCCTTGACCATTCACACAGATAGAGTCACTAACTATGAATTCTCACCCTTTCTTACATCCAATGTGTCCTATAATGCATTCTTGGTGCAGCCACTGCTGATGCGGGAGCTGGGACCACAGGCAAACGCTTCACATGTGGATAATTTGGGTATGACTTCAAATCCACTCATGGCCTCACTGGACGGGTTGTAAAAGTAGGAACGGGTCATATCTCTGTTCGGCTTCATTGGTACTCCTTAGACGGACTCGACCCAAGTGCGTTTTCTAACTCCGAGACTAACCGAGATTCTATGAGCCTAGGTCTAGGATACTAAATTACGTACCCGAGGGTTAGGATATGCGTGTGTGTAAAGCGAGGGACGCTCGCGCACAAAGCGCTCGTTTAAGTGAACGGGAAGTACTTCACCAAGGCAGGTAGGAGCTTTAGAAAACACAACAGGATCCATGCTCCGCCGGGTCTACAGGCTCACGCGTCCAGCACATGGGATTACGATATTAGTCGAGCGCCTTTACGAGATGAGCCCGTCATGAGCCTAGACGCTTGTGATGTTACTCTGTCCGAAGTAATGGCTTAGCACTGTGAATATATACTGTACAATTTCTGTGCAATCACTAACAGCCTTTAGCGGGGCGCTGCCGCGGATGCCCAC,1286,49.22,Drosophila melanogaster
SEQ_785725,CTAGGTGAATTCTGGCCATTCAGGCCTTGTCTATCGCACATCTTTATATGAAGCCTTTCTTGCTAGAGGCGACCCGAGGAGGGGGTCGAAATTACCTTTACTGTGCCTCGCAATGCTCAGTTTGCTGCGCTGTAGTATACCTAGAAAATACATAAAACGAGGCTAGCAGGTAGGTAAATTTACCTATAGCCTAGTACCGGAAAATGAGGGCTACCGTGGGACGATAAACCTAGCTTCCCAAATTACACTTTGTATAGTGAAGCATCGATATAGATACTCTGGCAAAGAGCACTGGGCACCCCGCTCAGGGAAGTCACGAACAAAGGATTTTAGAAGTATGGCACGGGTTTAGTGAGATCCTTAGTATCAATCCATTATAGCCTATAATACACGGTAGCAGGGCCTGAAGTGACAAACCACCCCAGGGCGGAACTTGCTAGCCTTTGCACGGTCCATATCTTTGACATTGATAGTTAATAGACCAGGTGGTGCCTTCCGATGAACAGAACCGATTTACTTACCTAGCTCACACGGCCTCCTCAGAAAACATCGGTTTAAGCGAATTCCCACTATTTCGAATGCTGGCTGTTAACGACACCATTGCTACAACTCTCCAGAATAACTCGCTCGGCTCTCGCTTTTAGTCGACTAGAACGGTCACGCTTTGCTAAGAGATAGAACAGGATTTTCCTAATTGTCCCGAACAAATATGCGCTGCATACTCGGTTCTGAGTCCATCCGCACAAAATGCACTAAGTCCCAACGAACATACGTCCTCGATTAAAGCGATAAAAATTCGCGGTCTTTTTCGGTCTCATGCGAAGCACTCCTGCTTCGATGCGCCCGGAATGGCTGAGCGCGCCGTCGATCATTTTACAAGGTATAGTGACATCTTAACAAATAGGTTTGTCTAGGCTCGGTAGCCTATACATTGCGATATGAATCATTTGCGGCCGCCATTGTTTTTCTGCTCCTAAAATCCCAGTTATTCCTGGGCTTCGCACAGTGTAAAAATGATTCGTGCCAGATTAAGATGTTTACCTGTGGCGTCGTATAACAGCGACGAATCAACATTTACATGCTTTTCCTCGATTGGACAGTCAGAAACCCCAAAAACGTGGGCCTTCACTCTAATTCCTCCTATTATTATTCACGCGCTTCACCAGGCATCCGCAAAATCACCTGTCATGTACGCCCGTAGAGTGTGAGCTCGATCAACTTGAGTTATCGGCTTGAATATCTGAACCCATCCTTATCATTCATGGGTAGT,1270,45.98,Escherichia coli
SEQ_388518,CACATTGTTCCCGAGCTCTCGCGTATCGTTATCGGAAAAACCGACTTTGCTGAGAGTAACCACGACCTGCCAAAAGAATAAGCGCCTCCCTCAACGATAGAGAGATCGCTCGTGAACGGCAGAACTGGGGTTTTTACCCAATTGCCCAGGTCAATATTCCTCCAGGGTAGACTCGCCATAGTCTGTTTCTTTTTAAAGCCAAACGATACTAGGCAGTACATGCGTCGTAAAGGTGCCTTATCTACTGTTTTGTGAATCGTCCGGACCTCGAGACATCAGTACGCCCGGAATAACTGCTCATTTAACGAACCCACAGGAACCGACAATCTGTGTTAGTCTCCAGAGACCATCCAGTCAACGAACTGGGGTTTCCATAACGGCGGCAATTCGCCTCGCTCCTGCACGCAAGTGTGAAACGTAATCTTTATGTTTCTTCGCTGAGAGTTGAATAGCTTCAACGTGGACAATGATTGCGTAGGGAATGCGAAACTGACGCGGTCGTCGATGATTTGATTATATGGGTTTCTTTCAAATGCATTAAACCTAACATAGCTACTACTGCCACAGGAACTCACTGGATGAAGAACCCTGTGCCTTGTGATACGTGTAAGATGGCTTAGCCCACCCGACAGCATAGTTAGACCACTCTACGGTGCTGGGTTAATGGGTACGGTACATTAAGGTCCAAAAACACTTCATATATGGGAGATTCTGTTTCGAATTTTCGCGCTCAGTTACAGCACCCGCGTCACTGTACTGCTATATGCGGCCGTCGCGGCATAGGCGGAGCAGCTAACTTGGCGCTAGGAGAAAAACGGTGTAGTACGACAGACGCCGTCAAGCTCGGGAAGAAATGGGCTGGGGCGGGAACGCTTTCGTTATAATGTAGGTAATGTCTCCCAATATGAGGGGCAAATTTCCGCGCAACTTCTTACGAACGGCGAGCAGCCCCACTGAATAGTACCGCCAGAGTGATATAGTCTGACTGGTATTTGAAATACTTGTTGTATTGAGCCATAGCTTCGATATGAGCTTACATTCCTGTGCTAAGACCCCGGTCCTCGCTTATTTGAGTCCGAGCTTCCAGCTCCTGACGTTTTTGTATCTCGTACAAGGCGCACGTTGCCCGTCGTGAAACAGGGAGGCCGGGCGTGTTAGAGTAACGACAGGATGCTTTACCCGTCCTTGCTATACGACAACGTGAGGCCTTAGTCAATTGTCATATCCTGTGCCGGGGAGTCAATTGAGGGGGACGGCCACTACTCTCGCTTACATAAGAGTACGGAAGAGCGTCTTTAGTTACCCGCTCACGGTAACAGAGCCTGCGACCCACCCTTAACTTAAGCTTGTAGATGCCAACGTCAAAAGGTGAGTTTTAGGAGCTAGTATATCTGCGAGGGTGGCGTGTGGCAGCTAAAGTTTCTCCACAGAACCATTGTTACTTGTAGCACCAGCGAAGCGCCCGCCGATGTAACCACAAGGCCTCATATTGCAGGTTGTGCGTGGGGATACTGAGGGGCGTCTATTCAACTAGGACTCAAAGCACTAAGTCGGGGTCCTGTCAAATACAGGTCTGACGAGTCGGTCGGCTTCCCGAAGTACTCACACTTTTGAAAGGTAGTGAACCCTATAAATTTCGTTTAGGAAAGTTTCCTCAAGCGATTGGGTTAGCCATAGGCCTCTCCATTGTTGCCTCGTGCC,1701,49.44,Escherichia coli
SEQ_238207,TCATTCCCGCTTCACTACACATATCCTATGATGAAGAGTCTGAGAACAAACCAGTGCCTTAAGTCACATCTATTGAATACCGCAGCGGGGTGCAGCCTTAATCCTATGTGCCTCAGCCTGACCAGGTGTTGCTTTATGTCCCGCCCGGCTGGTGGAGCCATCGCTTTCTAGCTCATTCTAGTAGCAATTGAATATCTTTGCACGTAAGTGAGCCAGCATCAAAAACTTTGCACCTGGTTACCATACGCACGGTGAATATTCAGCACCAGTAATACTTCCAATCTTTTTCGTCAATTAGGTACCACGGGCCCCCGGTCTACGCGTTGACGACCTTCATAATAGAGGTTCTGAAAGCTTCTCTTTAGTCCACCTGATCTTGTGAATTATTTTTGGTGATCTAAGACGGACTCCTCATGTGAGAAGCGACTCGTACCCACGCCGTACAGGCTTCGGATTCAGGTCAATACAGCACCTTTTTATCATTGCCGAAACCCCCTTGCTGAGACCGAAGGTACACAAAGACACGCTTGGGCAAGGCATGTGGTCTAATGGAATACCCAACGCGGCTGGACTTTGCGCGCTGACCACAAGCATCAGCCTCATACATCGGGGTCTTTTCTATTACCACCGGAATACCTGGGGCTACGATGCAATTTCAGAGTCCTCTTTGATCAGACGCGAACGTATAGCGGCCAAGGGTTACCAAAATCAAAAGGGATATATTCAGTAATTGCGACCAGGGGCGGGGTTTTCTAGAATTAGTCCGTCCAGCACGCCCAGTCTGACTTGCCACGCACTTAGATAGTCCTACCAACCGCCGCCCCTTTAGGCCCCAGATCGTACCTCTTCCATTCACGGAGGGTGACACGATCCTGCTTCAAAGCGCTGGCTAGGCTGGTTAGATGACATCATTGTCTCGTACGCTAAAGGAGGGACTACAGGTTTGCCAATGGTGAAGTCGCTACATTGGGAATTGTGCTCCTTTAAGCACTACGCACCGGGGGACCTAGCAGATTAAATAACCCTTGTCGCACGCGATTTTGAGGTTATCATTATGGACAACCCGCTATGTGGCCCGGCTATCGCATCGGGTGACACTCGGCCTTTGCGTAGCATAGTGTTGTAGCCTCGCGAACGCTGTAAAGAGCCACGCTGTCTAAGCACTCGTATGATTATAAATGATGGTACAGTTTTTTGCCACCGGTATTTTGTTTCAGGTAGTTTTGGTGACGGTGAAGCTATGATGATAGTTAGAAAAAAAAGTATAAGTCGTCGGGCCTTAGCTGTCATCAGCTCCGGTATTAACTCCTTGCTGGGCTGATCGTAATCACTATAGGACGAGCTCTATCGCAACATA,1357,48.78,Mus musculus
SEQ_768930,ACAGTGGCCCTACGGCGGTGCTTCTCCAGGCATTCGCATTGCGGCTCAACTCGGCAGTTGGCAAGAAGGCCATGAGACCTTAAACTGTCTTGTCATGATGGTATTATACTATTGTAGACTCCAGGTTGGGGGAGCCCTCTTCTATACGTCCTACACGAGTCCTAAAGTGTCAGCCTAATAACACGAATTTAATCCTAACCCGCAGGCAACGGCATTGGAAGACCCGGGGCGCCTATATGACGCTAGAGCGGCAGATTGATTGCACGTCGCCACGGCGTGTATGGAATTTCGCCCCCTCCAAGGGCGGGTTACAATGTCTCAGCGCGCTGGCATGACCGTGTTCCCCAGTACACCCAGCCACACCCCCTAGGTGACAGCTTTAACTCGACCAATTGGCACAAAGTTTACATATCTTGACTGGTCGAGTCTAAGACGCCGGAGCCGTTTCTCGATCGAAGGTGCGCCCTTCAGGTCGCACGTAAGAGGGTGGCCACTAATTAGTCGAGCACAGCAATTCAAAACGTAGCACCACTTTCAGCACGCTGTTAATTTCCGCTCTTGTTTACCGAACATCTATACGCCGGGTCCCCTCAAACTTGCGTCAACTCACGCCATTCCCGCTGGGCGATCGCGCGCGGTTAGTATCCACGTAGATTGACGAAGATAGTCGTGGAGGCTGGTCACCAGGGGGAAAGGGCCCCTGGAGATTTGGCCTAGTTTCAACAGGTTAGTGATCCAACGGTTAAAACACCGCGCCGCTAGTATTCCCTGTAGTCGAGTAGTGTATCTTCTTGAGGGCTTGCACCGTGCGTCGCATGCTAGGAAATGCGTCCAACTCCAACTTAGTTCCCGCTCCAGAGGCAACTGCGTAATTAACTCTGCCTTCCGGCGACACTCTCTGTGCTATACTACCAGTGAATATTTTATGAACTCATTGCAGGTGTTACAAGATATGCGCTTGGCCCCTGGCCTCAAATTTTGTAAGGCATGCAGCAGGAGCTCCGTCGAGACTTCTAGCAAGTCTTGCTCCGAGCGAAGACACGTGGCCAGCCGGTATCTGGGACGTTAATACAGCTAACTTGGTCTGCAATAACTGAATAGTAGATACACATGTTTCTGCAGCAAAAACAGTAACAGTGGGCCAGTGCCCAGCCAGACCATGGAACCGTTCTGTCACTCGAGCTCCGAAGACTATATGATCATGCAAGAATATATGGGTGGAACGCGGTACATACCGCAAAACACACTAGCGATAAAGGGAGGGGTACCCGTCGCAAACGGGCGTATAT,1289,52.06,Drosophila melanogaster
SEQ_296416,AGCCCCTTGCTTTCCCAGTTATTGTCACGTTTCAATACGGAGGCCCGAGACTTAGGACCAGGAACCGGATTCGCCACATCAAAGTTGGAATTCCGACACGTCTGGGGGAGACCGCCAGAACTAAAGCCGCCAAGAAGGCGCTTGTTAGGCAGGACCTCCTGCGTGCCATAGGGAGAGGTCAGAAAAAACTCTCAGAACGTGGGATGCAGACTCTCGACCTCTTCATCGACAGGGGATTACGAGATACGCCGGCGGTAGGAGCACGAACCTAACCAATAACACTTTAGTATCTGCCACCGGTCCTTGTATGCAGTTGACTTACGCATCGCAATGAATCCGTTGAGTGACAATATACTAATAGATCTAAACAAGTCCACTCAAGTCGTCTTGCCTGCCGATATCTATCCGGGTCACGGCTATTTCAGCGACACGCGAACTGCCAACATCACCGTACACCGAAAGTAAGAAGTGAACAAAGTGCTATTTCCCCCGTCCTACAACTCTTGTACCCTCCTGATGGCAACGTTATATCTTCACCCTTGCATCCGACCTACTCACGATATCGATGACACTGTAAACATAAATTTCTCCGCCACCACAACATCGTCTCACAGACCACTATACTACCGGGTCTCTTCTCAAACTGGGTCCTGAACGATGGATCGAAAACCTCCTTATTTTATATGATTATTGTGTATCGAGTTAGTTATTTTAACCGGGGAGGCCCGCATTAGCCATCCCACCCTTTGTCCACTGCTCGCTAGCTGAGCACCTAGACCCGTGTTTTGCGGTGTCTCCTATAAAAAGACGAGAAGCGAAGGAGATGATAGACCGGGTGGGATTATGGTGCCATCTAAAACAGGGCACGTGATAGTTGAACTATCTGCTACTAGGGGTAAGGGAGCAGGTGTACTGATGGGACATCCTCCGCCTATGCTATCGCGAGTATCTAGTGTTTAAGCCTCCTACGACACAATGTGTTAGCAGTATTCTACGAAATTATCCAGCGGTCCCTTGTGGGCTTGAATCTCGGTCCGAGGCGAAACGCGGGTGCAGCCGGTACTTCCCAACATATAAAAACCGACAGCCTCGGCCTCACGCACGTTTCCGTTTGATTTAAAGTAGAAGCGACAACACGTTCTCACAACCCAGGCCCCGCTGAAGTCTTAATTCCGCTTCTTAGATTAACTCGCACGTGAGCGAAAGTTGCTGGGTAACGACTACAATATACACCCAGCCGCGTGTCGCTCTGTACTAATGTCGCCGTGTGGTAGATCATTGGTAAGGTCAAGTTAATGCAGAAGAATTCAACACAACACGTCAACGAGACCCGCTATGTAGATGCGTCTTCTCCGGAGCGAATAACACGCGGGTGTATCTAATAAAAGGTGTGATCGTGATTGTGCTCATTTGTAACTATCGGGTAAATGAGGGAGTATGTAGCATACTTGATCGGGCTTCACCTTGTTTGGTGACTCGACGATAATATCTCTCTTGCAGCAAGCAGGGAATGTTTTCTCGCGGGGCTCTGGATTCAACGGCCCAACCGAATCTATGCTGCCGGGAGCCGATCGAATCTCTCCAAC,1586,49.31,Mus musculus
SEQ_448077,GTCATAGAATGTCTATACTTTCCGTTCCCAGAAAAGCACATCCGTGACGCTCACGGCTGTTTTCCCCTTGGGTTGTAGTTCGGGCCTTCTTATAACCCCGCGTAGGAGTAAACCCCCTGACTTATGATGTCTTATCTTATG,141,47.52,Caenorhabditis elegans
SEQ_779854,AGAGTGAATTTAGATGCGCGAATGATGCTCGATCGTTCATCTTCCCGAATGCCGCTACTTCAATTGCCATGGGTAAACGTTACAAACGGTCCATACGAGCCTGTTTCACCAGCCCTTACGATAACACGAAGAAAGCTCCCTGCGAAGAAAACAAATAATTTCTGATGTCCCGGACGGGCCCGGAACACTCCCCGTGCCAGTGCGGTGCGCCACTTGTTTCATGCTAGCCAAACAATCTACGGCTCCGGATTCATCACCTTGTGGCTAATGAGAGTCTGGGACTTCTTCAGAAATCTAGGCAAAATATTTTCCTAGATTCCGAGGCCTGTCAAAAGAGTTGCACACCCAGAGCGTACAGGGTCGTTTATCCTGTCTTCAAGGTCGACGTCTCAAGATATCGGGCGTCGCGGCCAGGGGCACCGGCATCCGTTGTTTGCACTGCATCGGTAGCCCCTGTTGGGGTCAGTTCGATCAGCGGCACTTAATTAGAGAGCAGTAAGGCACCGACGTACATTAATCGTTGGCTTCAGTTAAGCCCTTCTCTAAGCAAGCGCTAGCATTGGATGGGCTTCACTTGGTAGACTCGGTTGCGTTC,595,51.09,Homo sapiens
SEQ_698783,CGCATTACATTAGCATCTAGACTCTGCAAGGACACTGAACGATCAATTAACGGCAGTCAGTGCCCCTCTTGCCGGCCTGTTCGCCGGCACAACAAATGCCTTAACACGGAGTACCTTCGCGAGTTAGGATACTAACCGGCTCATCGGCCCCCTTCCTCCGCTTATTGTGAATGTGGTTGTAACCATAAGAAATGGTCTGACAACCTCCAACCCGGACAATTTTGGTGAAGTGTAAACAAACTGTACGCCACTCACGAACAGCGCCTTCAACCGCAGCTGCATGTTCCCGTCGAACGATAATCTCCGACCCGGTCGGAGACTGTCTATTACGAGGAGAAGGAACATTGACACTCTGTAAGGGCTCGCTTCTCCGCAGAGGTGCTACTTGGGTCTCACGCATCCAGCTCTCAACAGTCTTCGGGTGAAGCTCCAAATGTAGTCAGCCTGGGTCGGAATCGTTAAGACATAGGATTAATGTCCCGTGTGGAAATCTATACGTATTGTCCACGTTAATATTCCGGTGACACTTGTGGCACAATCAGGTCCCAGGCGGGGCTGACCTTTGGAAGCAGATCAGCTGTCGGGACATCGGTGGATCCGGGGCCCAAGGGCCCGCAGATTCTTGCCGCACAACACGCAGGGGATACCTGCTTTCTGCCGACCGGCTGGCTATAGTTCAGACCATCGGCGACGGTACGGGGGTGGTCTGAGCTAGGCCACAGGAAGCAAACCAATACAGCCGGCGGTCTGTCCGAGGATCTGCCCCTCCCCCAGACCTCATGTTCGTCACGAATAGGCTGTCGTCCTGCCGGGTGACCACTCTTAGTGCCATTTGGGCTCCGGTACCCAACCAGCAATCCCACACCGTAAAACATGCGCCCTCCTTTGAACGTCACGAGCGGTTTGAAACGCTGAGTAGACACTTCTAGACTCATACGTCACAAGCTTGATAGAGGGGTGCTGTGACTTACTTAGTCACGGGAAATCGTTGAATTGAGGCCTGTCGAAACCACACGGACACTCGATCTTTTGCTAGCTTCCTCTTCGCGTTATGCTTACCGAGGGAGGATCATCGTACCGCAAACCGTATGCTACATTCGTTCCCCAGCCCCCACTAGCCACATGACTGAACGATTCCTATCCCAGCCAAGACAAAACCTACTGGCTCGACTATTTCACTGCAGAATCGCCCGTGAATGTCTACGTGTCCTTCAGTGTCGCCAAGGCCAAGTTTGCAAAATAGCCGGAGGTGCGGGAAGGGGTAGGGAGTGGGCTGAGTTCGCCCATAAGTAAGGGCCTTATACGGGCCGCCCGTCTCCGTCTGAGTTACTTGGAAGGGCGAATGTATCATATATTGTAATCGAGTCGGCGACTTAGCCTAGCCAAATTAAGGTATCGTTGATGATTGCTGCTATTCTTACTTATAGCCCGCGACGTAAGGTTATCCGGCCTCATTCACCTGCTCGTATTCGATTACGGCGTTGGGCACACCGCGCTGGCACATGGCTCGCTTACGATCGCATCACACTAGTTTTCATCACAGATGATGTATTACCCTAAGCAACTAAGGAGCTCAAATTCTTGCGGCCGTACGAGTAGTCTCCCCGTCCACCTACGGTATTTATTCCGGATCGTACAGCAATGGCTACTGTGGCATTTAGGTATACAACAATGCC,1676,52.63,Homo sapiens
SEQ_428956,CAGCAAAACTCGGGAGTCAAAACTCATCACGTAAACACAGATGATGCACATCCTGTAGTCCGACAACATAGGGTCCATGCAACAGTCTTGCGTAGCCTTGCACTATGAATTATCCATACCGGCGATGCAGTTTACTGACTAGGTATCGAGGATTTGCGGGTCCGCCTTATTGCACAAGCTATCCCGAGCGGAATAATACGTCGTACATCTAAAGCAAGCTCGATGCCAGATAGAGTTTTAACATTCTCGCCAATATCGAAATTAAGTTCCGCCGGTGGTTTAGGAGTCTTAGAGCTAGGAGAGCGGAAACCATTAGTTGAAGTTCGAAGGTAACCTAGATACTTTACTCGGGAGACTACTGCGGCCTACGATGGCAGATATGAGTTTTCAAAAATCCACAAGCGTGAAGACGTCCAGGCCCAGGATCAGTTCTTCGTCGTCCACCTCTGTTTAAATGCAGTCGGTACCTGCACAGGGATTATATAACCATGCGCAAGGGGGGCAAAGTCGTATCTTTGATACGGGACATCAGGCTCTTAGTTTCTGGCCAAGCAGCGCGCGCTCCATCCTCCCTTTTAGATCGCGCATAGTGAATCAGGTCCGGCGGGGACACGCGGTGTTAATG,625,48.8,Homo sapiens
SEQ_110589,CATGTATGTCTGCTACATGAAGCTAATCCGTCTATAGATATTCGACTCAAATTACTCTCTAACTTTTACTAATATATCGAGGTACTGTGGCACCCCTCGGTGTGGAGTCCCCCAACTACAGCTCTATACGCATGCTAAGATCTTCATCTGTCAAATGGGGAGTATGATTGCCGTCAGCCCTAGTGGTCGTTGACCCAAGAGGCGCGGTCGCGTAGGCGACATGTAGTTTCGAGACGAGCAGGAGCAGCGAGCTAATGAGCCACCCGCAGTGAGTTCCCACAAACGTACAGCGACGTATTAAAGCGAAAGCCTGAGGGAACTGCAGCCGTTATTCGGTGTCACACTTTTGTTTTCTCAGGCTGCGGCCCGCAGGATTCGGTGTTAGGGTGTATACGTACCACGTTCGCAGGTCACGCAACTGCCGATCCATGGCTTGCAAACGTCCCGTGTCGTGAGCTGTCGGTTGTACCACCGACACATGTGGATCAGGGATCAGGGATATCAGTCATGGTCCAATCATGTACATCCGGACTCGCATGCATTGGGAAATAGGAAAGCGGCGCTTGCGCAGTCAGGGATCCCATAGGATGTGTTCGAAAGAGGCAGGGGATTGCGTCCACTGATCCTCTGTCCACTGAATTCGTAGATGAGGAGGAAGTAGATGAGCCGGTCTCCTTCCCAGATCATTCGGATTCTTAAACACACACAGCCGGATGTATGTGTACCGACAGGGACCGTCTAGTTCGTTGCCAATTTCTCTCAATGAACAAAAAAATAATGTGTTATTTGCTTATTGGGATTCCCAGGACCCTTAAAAGCGGAACTGTATAGAATCCAAGACCCCTCTCCGACATGTCTAAGCCGGCTAACCACTCGACTTACGGAACCCGCGTCATTGTATTTCATCCTTGAACGGTATACCTTTTCTAGAGCTGGCGTGATTAGGAGACCGAGTAGCACGTATAAGCAACGGACGGAGAGAACTCCAGTCGGGGAATTTTTCTTGATAAGGATTCACCTTAGATGTGAACCATGTTCCTTCTCGACATCGCGTGATAGATGTGGCTGACTTCACAGGAATATCGCGATCAACGCAAAGTTAAAGCCGGTCGAACACAATAGTAGAGAGCCGCAGGCAAAGCGAAACCTGTGATGGGGCCGGTTGCGCGAGGAGTTCCAATATATAGAGTCATGTGCTATCGGGGAAGATATACAGATTTAGTAATGGTAGATGCGGAATAGCGCCCAGGGACTATGACTGTTCTTCCAGATAGATATGACTCTAGCGTAAAGAAGCTCAGGGAACGGCCACTGCTCGGTGGGTGGAAACCCGCTCCGGTAGATCTGAGGCTAGGGGTTCGCTAAGCGGACTGACTGTACTTCCAGTCCGGCCGAGTAGAGCAGTGCAACTGGAGACGTCGCCGAAGATCGGTCAAGTGTATACCACTAGACCCCAACTACCAACTCGAACCATGTCAAGAGCAGAGGCACTAAGGAGCTTGCCATGCGGTACGACTAACCTATCGCTGCCGCCCCCATAAGAATAACTATATTTCGCAAAGAGAATTTACAAATCGACCTCTTACGCATTCGACTGACCTCTTTTAAGATGCCATGATACCGAATAAGACAACCATAGCATGTGGCTCATCTCGTTAAAACAGATTCAAATGAGCTACCCCCACCTGTCCCACCACTCACCCAGGACACCCCTACGTACCACTAGCGATTAGGCTTACCGTCTTCGTGAAGTGAAAAACAAACCTCCCGACGCCCCGAGATGAAAAAACTCTGCTTCGTTCCAGGATCCGTCAAATTTAACAGATCTAACACGGCTCACTGTTCTTGAATCATACCTTCTTGTTCAGGTGGATGCCATTAATAGGATTGGGGGGAACCTTTTGGAAGCGTAGGCCCGTCGCTCCGGGGTCCAATGGCGTTATAAGGA,1948,49.74,Homo sapiens
SEQ_550298,CTAACTATGTGGCGGATCTACAGTGCAAAGGCGGTGTCGAATGTTTCCAATTACAGGTTCCTCGCCTCCAGTATAGTTCCCGCTGCAGTGGTTGTGCGAATAACCCATTCATTTCCCCTATATTTATGTTCCATCAACCGGGTACCGGCATATGATCTATTACCGCCGGGCCCTGCAAGGTTCCGTCTCTAGTTGCGGTGATACTCCCTACACAAAGCGTCGGTAGCTAGCCCGTCAATGGAATACGAAAGTTGAGTTCAGGGTTGACTACCCATGCCGGGACCTATGGGACACAGGAGTTTGATTTGGTCCTCCGAACGTCTCAGATGGATCTCTTCGCGCCTTACCTCATAATTCGTAGGATGATGCTTATTCGCTGGCTAGGCTAGAAAGAATCATACTTAGTGGGTGGCGAGATTCCAGTTTTACTAGAGGCACGCATGAGTCACAATTGTAGGAAGCATTAAGGCCTCTGGGGGACACGCTACGGACGGACCGCTTTGCCAGAACGAAGTCAGTCAGATGACCATCCTTGATGCATGAAATGCTAATCCGTCGAGCAGGGCTGAAAGAGTCTTGTAACGCTAGGGGCATTCCTCGTACTTCAAGTGCTGAATTAGTAGTCCGATAGGCTAACCGCAAGCC,645,50.08,Arabidopsis thaliana
SEQ_889162,CCAGTAATTCCAAAAAGTGTTCCTCCGATAATTACAATTTCGTCCGCGGACAACCGACGCGTAGTTCGCTGGTTGGGGATGAACAGTACTTGCTGACTCATCTTCGCGAACTCACGCTTTTTGTTAGCTCGACGGGTCTAAGCGCAAGGCGACATATCCTGCCGAGATTAGTGCCTAACAGACGCCTGCTTGTCACCACGAAATGAGGCGCAGGTGGGACGCCCAAGTGCGACCTGTACTTTCGATATCGGCCCTTCGAGTCTTGGTGGGATCCCGAAGTAAGCTTGCACTAGATCTTGATCAGTGGCTGCGTTCGATGTACTACAAGTCTAGTTTGAAATGACCCAAGAGGGTAATGGATGGGGATCGCCATACGCTTAACGACCAATCACCGGGATATTCGTTGTCGCGTTCCGTGGTAGCTATGCAGCAGCCGACCGCATACTACGGTGCGTGGTGTCAATGATCGCTAAGACCGGGTGCCACGGCTGCGAGCGGTCGTCGTACGGGAAGAAGCCGGTATCGAGTACAGCTCTCCAAGTTAATTAGGCCTCTTGAATTGCTCTTAGAATCGAACCGTGAACTTGGTTAGTGGCTTCGAGTATCTGGTCGACAAATCGAAGCCCCCCGTGACTTATCGAGACACACCCTTCTACCCCCATGGGTGGCCATAATTATCGACTCTTAGCGGCGCTTAACTTCCGTGTACAGCCTCTGTGTGCTATATTCAGAGTATGCTAAGCACGGTGCAACGAATCAATGCTTATTACCGTAGATGCAGGAACTGGAAAGAAGATATGTTTTCGTACCCTGTGGATACATGCGATAACCACCTATATGAGACTAACGAGGCAGCATTGGCCTTCTAAGCGTCA,875,50.86,Caenorhabditis elegans
SEQ_893871,TCATTGATTGTTCGCGTAGGGTAAATTAAGGCTGTATGTGAGCGGCTCTATTCGGACGGGGCAATTAAAAAAGTGTTCCTGTATACCACTACCTTCCAGTGCCCGTTTCGTGTCTAGCAGACAAAGGAGATTAGTCCTGTTCAAGATTAAGCGCAGCAGGGGATCACGAAGCACCCGGCACGTCAAGAAAAAAAGAGGGAAAGAAATCGAGCCGCCTCGTTATGCGCTTAATCAAACAGGAGTGTGCACAACTCATGTGTGGTGACAAAAGTACGATCCGCTGTTCGCCATGCCATTCTCGTCCGTGAAAAAGCGCCTATGCGCTGGCACCAGCCAGGATCCCCGGTGAGACCCGCTCGGTTACTCTTCATCGGTCTGCAATTGGTTCTAAGGAGGTTATATTAGGTGATACGGAAACTAGCCACGTAGTAGAAGTTCCTAGCCTAAACCGCCGTGTGGCATTGTCCCACGCTCTGTTTGTTGAGCACTTCCGCCGCGGACTAAATCCTAGTATAATGTAGATCAAGATCGAGGTGAGCCTTCGCTTGAGTTTCATATCCGTTGACATGGAAAGGCACATTCTGGACAAGTCAAGGCGTATTCTACCTCTCTGTAGTCACCGTT,624,49.2,Escherichia coli
SEQ_975174,GAGCAGATGCCGTAATTGCAATATTCATCTTTCTCCTAGGCCTGCCGTCTGCACGTTATGCCTCCATTCTGAGTAAAACAGGATATCATTTCCTACAATTCTAGGTGGAGTGCCAGATGTGTCAGTGGATATGTTCGAGGAGGGGAGGCCAGGCCATCAACGTCTGGTATTATTATTGGTGAACCTACTGCTGCAAGCGCACGGCAAGGAGAAGGGAATGAATGCGAGGAAAACGTGGCATCGTGGCTCAAAGCAGTCTATTATAACGGTAGTTGCCCTTCATTTTGACATTTGAACTATGTTTATGAACGAGTAGTGTGTCCCTACACATCACGTATTTGCGCCACATAGGTATAGAGACGTAGCCAGCGAATGCTCTCACCGCAATACTAGCGGTACGCGATAGTGTTGTAACACAGACAATCTGAGTACGAAAATACCTTCCTACTTCCGTCGAAGCCTTGCTAGGAGCTTACAGCGGAGCGATCCAAAACCACTGTAAGCAACAGACGCCGGATTACGATACCAGGCTGGCCACCTGGTTAGCAATACTATGAAGAGAAGCTTGGTATCCGCGAGGGGGCCTCCATAAGGAGTACCTTATTAGCGGTCACTCGTATCAAGACCTTGATTCACTGACTAGTCGGGGTAAAGGTGTAGGGAAAACGCCCGATGTGCACAGTTCGTCACCATTCTCTGTCGGCTCCACTCAGCAAGGTAAACAATTCTGGACACCATCCGCACAATCCAATCGGCATAGGTAGTCTCACCTCGCGAAGTCGCATAAGCGCTGACACAAACTTCTACTGGGCTCATACATAGTATTACGGTGCAAGATTACAGTATGGACCATTCCAGCCAGGGATTCTCCACTTAGCCTCAGATTGTTCTATGGCTTGACTGGGCCGTTGATGTATCCATTATACCGATCCATTGCGCGTCTCCACACACTACAAAGGCACAGGCATGTTGGGGACGAGATGCCAAGTGCGTACTCCTACCGGTAACCCGCGCCTAAAAGGATCCCATCCTTAGCGGGATCTTGCGTAGTTAAGGTTATTAGGTGTTGGGATCGCCTGGGCATGTCCGGGAAGTAGTAAAATCAGGTTCGGTTCTGCCCTTAACCTCCCTAGTCTCGTGATACCAAATATCGAAGTGTGTTGACGTCTCCAGGAGGTGGGTGGAGCCGGCCTGCGGACCCTGAGTTCGCCAATTCTCGCGGTGAAGGGTCGGGGTGGTTATTCTTCGAAAAGTAGT,1257,49.8,Caenorhabditis elegans
SEQ_705375,TCACGTACAATGCTGAAGTAGAGGGGACATGTACGACCTATTTCATGAGGGACACATGGTGGTGATATAGGGTCCACAAGTGCTTACAGCGGTCTTCTACCTCTGTTATTTGTCCCAAGATTGTCGAACAGTTTAATGGCGAAATGGTGCGTCGTCTTTATTAAGCAATTGCCGCACTCTGGTTCGGACAGGGCTGCCATGTTATGGCCCTCCGTGCCCTTGGAGGCCATGTACGAGCTGGGTTTGGCGTGCCCCCATATGTCATATAACGACCGTGGAAATCCGCGATAAAGGCACGGATTATATAGCGACTTGCCGAATGCGCGTGTGACCCTTTCTCCTGCAGTGACGTTCATTTTGTTCTTCATAGGGAATTGTCTTGGGCGGGCCACAGGCCCATTCTTCGACGTGGTAACTTGTGTTTGATAAGAATTGGGGCTAGGCTACGTTAATTGATGACAGCTAATGCTTTGTATGATGCACAAGCTTAAGGTCGCGTAATCGATATGTTACGGTTGCATGTTAATCAGCGAGATGAGTACTTATGGCCGGGATGGGTGCATTGGTCTGACTTGTGCAAATTTCGATCCGTTTTGGGGATCCCCCCAACAAGCGCACCTTGGTGTTTCATGTTCGTGCTGGCCTCTGCCTAGTCATCAATCGTGGTTAGGCTGATTTTATGCATAGGCCAATAACGGGAGGTGAGTAGACGAAAACCTATAAAGAGGCTAGGACTCAGAGGTCCGGTGAAGGCACGCAGCTGACCACGAAGAGACACAGGGTATAGTAATTAGTCATTTACGGAACCGGCATGCCTTCACTAGAGGTCCAGCCGGGTTCCTGTCCTAATCTCATTGACATAGGGGAACACCAAATCAACGTAGGTTAGTCGGTCTGGAAACTTATTGTGGATGATAGCTCTGTGCGGGGTGGTATCCATTTACGGTACATACTCTAATTAGGGAGTGGTCAGGAAGGAGGTCGAGGTAACTCTTGGCCAGGATCCACGCTTACTGGTTCACCTGCGACGTGAAACGAAAACAACCTTTACCTATGTATCGGGTCATTGTGATACCGCAGGACGCTCAGTATAAAAAGGATAGGGTAGCCAAAGCTAGAACCACCCTACCATATGCGTTTCATTCCTTCTCGGTCTCCTAAACCATTGCGCTTCTTTTGGCCCGAGGCGGGACAGTCCCTACGTAGAGCCAAGGTGTGAGAGCAAGACACGGACCTTCAAAACAACAAGTCATTTCTG,1258,49.05,Caenorhabditis elegans
SEQ_561095,TAACAGTGGTTGCTGTAAACCGTAACCAGTAGAGTTTTCAGAACCAAGAGTGATGGAAGGGAGTAAGCTCGCGCGGGCTAACCTAGAACGCAAATCCAGGATTGATCATCTGCAAGACCGGGTGTAGGTGGTGGCGGGTTTGGGATAGAGTGTAACCGTACCCGTAACTTGCCACGTGTCCGGGAGACTCGGCAGCAGTTGTTACTCAATCCCACTTCGGGAGGTTTACCCGTACAGATTCAAATCTAGCCGAAGACTTTCTCTACTGAACTCATGCGTTAGCAATTTCGTACCCAGTATACCCCGTATGCTGTATGGATAGTAGAATCTATGGCGTAACCACCCTGCCAAGCCCGCTGATGCTGCCATAGCCCCGGGTAGGTGATCACTCAGGCCCCCTTGTTGGAGCAGCTTTTACACTGTCATCAGTGGAGTTCGCATCTGCCGTTAGCAGTAATTGGGGTTCACTCCTATTGAGCCCGTAACTTCATCGTCAAAGGGGAGCAAGGGACATATTGCATATCACGTGAAGCGCGGGCCGACAGTAGTAAATATACTGTTTCGGACATGCAAAGAGGATTAAGGATCATCAACGCCGGAGGTTCATTGACTGCCAGGTGAGTCCTATTTAAGCTCGTGCCTCCACTTTCTCGACCCACTAAAACACCGATTATAAACCGAGCGGGACGACACTCCCACCAGTCAAGAAACCCAGTATTTACCAGCCATCGGTGGTCCCACCTCCTAAAGGATCCGCCTCAAAAGGTTCACGCAATAGCAGAAGTCGGTCTTACTACTTGTGAGCCTAGCGTTAGCTTTCCGAGATATAAGATTATATCCCTCGCGATCGACATCGATGGTTTGGCCTGCAGCAGTGTATCAAGCTAGTACACTTTCATAATTGCGGCGCATTTAGAGTGCACGCCGATTTGGTACGGAACACACCACTGATTCAGGGGGGGTCGGCCCTGCTTAGGTGCATAGGCGGAACGGGAACGATACTCTCACGTCCTATGATACATACAGACTAACGTCCAGCCCGGGTGATGGATCCCGTCTCTTGGCCTAATAGATTGATCTATTTCGTGCTAGGTTGTGATGCCGCGGGATTGACTTGACGGGTAGTGATTAGCCATCTACTTATAGGCGTGCTGGCACCACGCGATGACCAAAGTGGCCGGCGTTCGCGTGAGCCGACTCCACTACCAGTGGAGGACATAATTTTTGGGTGTGTCTACGTTTTATAGCTCTTTGGATGCTGAGGGCCAAAGGTTTTGACTCTCTTGAATGCGACAAGTAATCAAGTAAAGGAGTTATCATTAAACACGACGGCCGTACGGGGAGGTCACTACCGTACCCATTGTGCTCCTTTATTGCCGCCTAGATGCAATTTCCCTCGAACATCGCGCGGGTCTTGGCTTCACCGAGGCAGGGGATTCCGCCTGGACTAACTTAGTTTGCGTAAGGTTACCCGCGTCGTTCATAGACAGCTGGATCGATAACGCTCGTGAGGGCCAATAATCTTAACCGCAGAAGTGGCTCGGTACGCGCCCATTCGAAGGTTGGAATGATCTCTGTAGGCAGCTTCATCATGCCTGCAAGTGTGCCCTTTGGCAAACGAGCGCTTAACCCAGCGACGAGAATCTTGTGTACATTGCGGAGTTAACCGGAGACACGCCGTCACAGACCACGCTGCTGTAGGCGCGGGTGAATCTGATACTCAAACTGTATCGCCGGAGTAACAGGCCACCGGACTATTAGTCGCACCCACGTGGGTTACAGACCCAGCAACCAACCACGGTACTTTGAAGGAGAGCAACCCTCCTCACAGGCTATATAAAACATCGGATCCACTGTTTCCAGATATTCGTTCTTAATTAGCGAACGGCTAGAGGAATACGAAATTCCAATGGCCATAATACAGCCGGTAGGAACATAGATCTCACATAGCCCATCACATTATGGGATGATTACTCGTGTGTGTCCACCAGCCAATGTAC,2000,50.75,Homo sapiens
SEQ_368212,GTGGACGCGCCGCACTGATGGCGAAGTTTGCGGGAGTTGTCCCCGTAGGAAATTACTTTCTCTAAAAAGATGAAATAAGGTGGTCTTGGGACAGGTCATCAGGGCAAAAGTGAAATAAAAAGCTCCTGATTCGCCATAGGCGGCTTGACGTGCCGTCCTCGGGCTCACTAACAGGGGATGATAGGCAGTGCATAAACCATCATAGAGGCGGTTGTCCGACTTGTAGTACCTGGAACACAATGTGTAGTTGAACAGTGAAGGAAGCTAAGAATTTACCACGTTGTCCGGAGCGCCCCCGCCGCGGTTAGAGCCTGTGGATCCACTCGTACAGAAGACCAATTTTATCATACGACCCGTCATCCA,363,50.69,Saccharomyces cerevisiae
SEQ_659551,GTGGGCCATTGGCTGTAGAACGCCAGCTCCGTCCTAGACTGGACGAGAAGACCATCATCGCACTTAATAAAGGGCGCCTTAACGAGACTTTGTTCAAATTAACGGACGTTCACCCGACGCATTCGCGGGTAAACATAGTATCCTATTACCAGAAGTATAGCGGGCTCGTATCCGTCTTACTCGGTATGCGTTCCGTGCGGTACCGACCGTACAGTCATTTGAATTACATCGAGATGGCATGCTCATCGAGTATTAGGTTCTCCGACCCGCAGAGCGACTAAGATCGTCAACTCGACACTTCTGCGATTAGGTGCTATTGGCGTATACTATATTTGATATAATTGGCTACTAAAACGCGGAACTCTTCGTACCGTGTTAAATACCGATCACAACGTCACATCGGGAGCCTAGTAAAGGCCGGATGCCGCGTCCCCACACGAAAATAGCTTCCCCTCTCCATTCTTAAAATAACGTTACTACGCCCGGCCCCTTGTAAGAGAGTAACTTACTTATCGGAAAACTGGTAGGGTTACTCGTCAACCGACCGACATGAGTATCAGGGTTTCTCTCCGGAATTGCATCGGAGCG,588,48.98,Mus musculus
SEQ_558248,GCGTATTGACTTCTGAATTGACGCTCATGGTTTTCAGGGGGTGTGGAGATCCCAAGCCCCACCACGAAAGCTCGCTCCGTGGCATTGCAACGGCCCGGACAGTAGCAATATTCTCTGGGCCCGCATGACATTGTGACAAAAAATCGCTTTCATAGGGTCTTGTCCGTTAAGCACCGTCTTCCGATGTCAGGCGAAGGAAGATCTTAAATTCCAAAAGTAACGAAGGACGGACGACTGACTAGATTTTACAAACGCCTGCAGTTGTAGCAATAAGAAGGATAAGGGGCTGAGATTAGCCCAGTGAGTTAGGTACACCTGCCCACATGCATTAGTGAGTGACAGTAGCGTACGTTCAGCAGGATGATGTTGGCGTCCCCATGCGCGTTCCAGGATAAAGCTTTCTCTAGAATTTAGAATCGGGTCTTCGAGAGACAATCGTGCGTACGGCATAGGAGCCTTATAGAGCAGTTGGAATCCCGATGCAGCGACAGGATTCCGGGGCAGTTTGGGTCGAGATGTACAGTCCTCGCCTGTAAAGATGTTCGTAAAGTCGCATCGAGGGATAGTGGGCTAGGCGTAGAGAGCCGATCGAACCGCGGCAGTGCAATTTTCACGTCCGATAACGTGATCCTCCGCATGTGGTCAACCGCAGTAGAAGATGTGGTCACCGCTATTAAGGGATGTGGATTGCGCCGCCGAGGTGCTTTTCCTGTTGGCTTGGCCAATCTCGTAGAAGAGACCGGTCAACGCAAGAGTCTCGATACGCTCCGCGAAAGGATGCAAATCTCATCAAAG,795,51.32,Caenorhabditis elegans
SEQ_243430,TCTATGCAGCAGTTGGAGGGCACAGAGTAAAGGGTCTGTTTGCCATATTCTAAGCCCGTCACCGTGGTACTCATGGGAAAATCCCTATACACTTGAGATTACAAGAGCATTTAAGGGATCCTCCCGGCCGGGCTTACTATCTCACGCGTTCCGGACGAGGGGTTCGACGGTCTCAGGTTGACTACTGTATTCTCCATATACAAACCCGTTTGACAATGACCGGAAACTACGCTCAGTAGAAATATAAAACGGGGCGTGTGGACGAAACGTCGAGCCGTGGTTCATGTTGGTTAACTACAATTAAGGATAGGCCCCAGGCTATCAAAGGCACTTATATGTAGAGATCATTGCAGTGACGCCAAGCTACCATAGGACCCCCTCACTCGCAACTTTTATCACGGGTCGCAAAAAGCGTTTTAGGCAGGGGTTACGATGGCAAGCGGTTAAGAACGCTGGCTGCCCGACTTTCTTAGTAGGCTTCCGTACTGTCTCGGGACTGTTCGTGATCCAACGTCACCTTCGTCTAATGAGTCAGGAGGAGTTGATTTTCAAATCACCAAGCCAGGAACACGGGTCCTTACAGCATAGAATGCCAGGCTAACTGAAATCTAGTTGTGGGGGGACTAATACGTGCTCCTTGTACCGCAAGGAGCAGTTCTTATTTGACCGCCCCTAGCCAAAAGCGTTGCAATATTTTACACTGCGGCCAACTATTGAAGCTTTGTTAGATAGCTCCTAGTACGCAACGTCCGGGATCAAAACGAGCGGGAGGAAGGTCCAAGCCTTATTATTACTTTCGCATGCTATTGCCTGTATATAGTTGACTGGCCTGAAGTATTCTCATCTGATATAGAAGAGAGCGCTGCGACTCGACCGTCTGACTTCGGTTCGGAGAATCGTACCCTACAGTGTGCAACTGGATGTAGAATAGCGAAGGTATGCTGTAGGGCAGCATATCATGGGGCGTCGAGCGTGGAATGATTGTGTACCAGAGATGGCTTGATGAACTCTGACTAGTTAAAGGGGCCTATTCGGAAGTTTCCTCAGTAGTTCACTTAGAGTGGCAAGCGTTCCAGAGGTAAATGTCGTACAATGTGCAGGAGTATGCATATAGACACAGTCAACCACGATCTAAGCTCAAAAGGTGTCGGAATC,1155,48.4,Arabidopsis thaliana
SEQ_753061,GTAATCGGTTTACTCATCCCGCTGTATTCCAAAGGCCCATTACGAACAGCGCTAGTGCGAACGCTTGTCATGATAGCGACAAATATTGTCAATTGAGATGGCGGCCGGCTTAAGGGGGAATTGTTCTCGTAATGGCAGAATGGAGTGCCGCTGCACCGGCCTAGGGC,167,52.1,Arabidopsis thaliana
SEQ_331154,ATTATTAGGACGTGTCTACCCAAGCGAATCGTACTCGTGAACTTACAGGCCAATTCCCTCTAAACGCAGGCTATTTGTGTCGCCTTACTTGCACGTGTAGATGAAGTGAAGCTCTCCGACAACTACTAGCACGCACCTTACTATTGGACCCGCCTGAGCCTTTTCGCTTTTTCTCATTGGCAACCAGGCCAGCTGTGAAGTGCGCCGTCGAACCCCGGTCGAGAGGACCGATTCGCAGAACTCCTTGTTCCACTGCCGAGCGTAGTTTTGAAGACAAGTGTATGCGTAATTGTTCGAGAAGTTTTCCAATAAGTGCATATTTGTTGACCGAAGTACTAGCCGCCCCGTTGAGATATGGGAGCCAGAATCTGCCTGTCTTGAGTGATCTTGTTGGAATAGGATTCGCTTATTGCCTGTGAGATAGTCTTCTGAATTGAGATGAGCCTACCCTAGTACCTGATCTTACTAATGCGAGAAGTTACGCTCGGATAACTTTCAAAGCATCCTCCGGGCTCTCGACATTCTATCGTGTTAAGGGCTAGATCTTCTGTCCGAGAAGATTAAACCCAGCGCAGTGGGTGCTGTGCCGGAACGGTCAACGGTCTTTAAAGAAAGACCGTCTGTCGTGAAGCGTTAATCCAAAGTGACCGAACCTGTAATAACCCCCATCGCTGTATTAGATTCGTCGCGGAAACACGTCTTGTCCTCGGCTCGCTGAATCTGGTTCTCTACTCCATAAGCCCGGGCTACCCCCTTTATTTGAACAAGGGGTCCGCGATTTCCAATACTACTTTTTTAAGGTCGTCGATGTAGTATCATGGCCCGAGTGTCGTTCCCCGAAGCCCCACTATTATCATCTAACGATAATTCTTGCAATAGCTCTGGATTTAGGAACCGAGAACGGCGACACTATACATCGCTTGAATCGTTAAGCGGGTGACGTACATGATTGCCCCGAGGCTTCAGGATCGAGTCTCATAAATCCGACATCTCTAAGCATGCAGAGAGCCCAATCTTCTACACCACCGGGCAAGCACTGTGTAAATGCGTCATGTAGGATCAGGCGACTGACCCTGTATGCCTGTCGCATCTGACCTCTAATCTC,1105,48.87,Saccharomyces cerevisiae
SEQ_815732,ACTCCTGTCATCGCCGTGACTTTCATGGTAAATCGGCACGCAAATGTGAGACGGATGTGTTCAGTTGCAGGTGACAAACACTTTTCTGTGTGATTACCCCGGCGTTCAAGTTGAGGTTTGGATATGAGTGGATTGGGACGCGTCAGGCTTAACACCCTTGAACCATTAACGACTCGATGGATGCCTGGGCAGTTCCTTCAAATACCATGGCCGGGTTCTACTCGTTAAGGAACGACGATAGGCGCCGGCCACAGAGCCCAATGGTATATTTTGAGAAGGCTTCATTGACACGCCCCCTGAATCATTATATTCGGCCTTGTATCTTCTTTGGTCTTAGTAGCCTGCATTGATGCAAGTCGATGATGACCCCAATCTCAGCCCGGTTTGGCGCGACCATTCTACAACATAGGATGGAGAATCGCTGGTAAACTATTGATGTACGGCTCCACGTACGCAGTAATCTAAAGGTACCGCATTTTTAAGGCGAATAAGGATCTTTACGCCGATAGAGTTGTCTAACATCGGCCCTGTTTCAGAGACGAGTTTTACGACAACAAACCAGGTCAGATCTGCGAGCTGTGGAAAGAACTGGTTCGAAGATGATGCTTGTGCTTCGAACCGGCACAAGTGTATGCTGGCGGTATGTCAAGAAACCCATAAGCAGCTTCTTTTCTTAGAGGTGAGGCGCCAGCTACTTGCTCCGGTGCCCGCACACAGCAAGACCAACACAGGCTTCATAGTCACATATAACTGTTAACTACTTGGCTAACCACTACCTACTCCTCCGTGAACACCGTCCTTCGAACGTAGTGTTTTTGCCGTGTGGTCATAAGTCCTCTAGAGTAAGTGGCGTAACGAAACAATCCAGCCGGATCCAAGTGAGTACCTGTCACTCTAAGTCAGACAGCTCAATTTACAGGGATTAGTTTCCCGTTTGAGCAATTCCGATCATAAGCGGTATTCGTATCCGTAGAATTAGTAAAATACTAGGGAAGTCTCCAGCTTTATTTAACGGGTTCAGCACATTAGATGCAGCCATATTGTTAGCCGGCTCATAGCAGTATCGACCGTGTTAAGGATGGCACACTAAAGAGGCTCCAGTAGTGTCTTCTAGTTACACGGAGAGAGAGCAGAGCGAGTTGATTTTTAGCCCTATCTCGCTAGTTTTAATACGGATACACTGTTTGGAGAGTGTTCATTATTCCTCGAGTGATTACCCATAACTCATCTACCGATAAGCATCGACCTGCAACCGGGCAAGGATCGTGGCTGTGCAATCGAATGCGCTGGTAGTAATGGTTTTCACCTTGATGCGCTCACCATTTTCTGGCTATGCGTTAAATTTCCTAGACCGGACCGTCGCCACCTTCCCGCAACATCAGAGGTCACTGTCTGTGCAAAGGCGCGAGGCACTGCCATACAGTACGATACGCCCTTTCTTTACCTTAATTGTGTCAGGCCCTTGTTTAGGGCACAGGCCCCGTGAAGTCGAGATGCAGTCTGAACTATGCAGACGGACCAGTCGTTGTTGTTGGGGGTAGCGAGCACGCTGACACACCAA,1561,48.37,Saccharomyces cerevisiae
SEQ_666870,AGCCAACGCCAAGCCAGGTGCAGACGCCCCCGCTTCCTTAGGCAACCTGGTTAGTAACAGCCACGCCTAAGCTGACCGTTAATATCCGCAGCCGTTGGCGAGCCCCTGACCGCTGCCCTAGAGCAATTCAGAATTCTACCGCTTGCGTCAGACAGACATCGGCTGTGTTCGCAGGTGGTTCCTACGAGACATGTTAGGATACATGGGATCCATAAGGGGGCAGACGACACACGTAGTCATTCCTGGTTTACTTAAGTACGGACCAACATTTCCCACCTCCCGCCCGTTTTGGAGTAAGGCCCCCGACTGACATCGCTCGCCAGAATCCATCATCAGAACTAACTCAACAGGTCGAACGTGCCTCAGAAGACCGGCGATTCAAGTTTAGACGCTCAAGGGATTGGTCAAGCTACCCGTTGAGCCAGTCATTACCCAATGTATTAAGTGATAACGGACCCCCTCCCCTGGTCAGGCAGCATAGAATAATCTCGGGCGGACCTTCTATTCGGTAAGCAGCATGCCAGGCATAATTGAGGGGTGCCACGCGGTAGAGATCAGACTACCATTAATGCGGCTCTGACTACTGAAGCCTCGGAAAAAAGCCATCTAGCGGTCCTTACGTCTCACCCTATGTGCAATTGTGACATTAAAATGGTAATGTGTGCGAGTGGCCCTGTCCGGGGGATTCCTGAATACTCACTACCTAAGCTCAATCACCTACTCTAATCGGCATTATAGTGTGGAAGCCCCTGTGGAGAAACGTTAGGCCTTACGGCAGGTTAGAGTGCTGCGTTCTCAGTGTGTTTGGAGAGGCAACAGTTGGTGTCCTTTGACTTACTCAAGATGATAGGAGGATGTGAAATATCTAGATGCTTATTTCTCGCAAGCAGATGTCAGCTCGTGTACAAATTGGTTCGGAGGCATGAAACGAGTAGGAGGGTGGCATAGTCTTACGGTCCCCAGTGAAAGACCACCAGAGGTACTCGTCCCTCGGAAGTGGTACAGACGATAGTCGGCAAATGAGATGGAGCGTACTGTATCTAAATAGGCTCTGCACATACGTCCCGCTTCAGATAATCACCATATGTTTCTGGCCTGCCGTGCTAACGGGGCCAACGCATAGCTTAGTCTCCACTTCTGTAAGCAACCCTCCGGTCATATCCACCATTTGCGTGATACTCGTCTGTCGGCATTAGTAGGAATCAGCATATTTAGATGACCTTTGGCCGGGCCACGGATAGTACCGTCCGTAACTACAGGAGTAGTGGCATGCGTTCCTCGGGAAAACCCCTCACCCTATCCTGGGGGGGGTAAAGTAAGTTGGATATATCCAGCGAGCGACCTCGTATAATATTTGGAGAACGACCGCACTTAGACGATACATGATCTTACGGCACCTTTATGAGAGATGTAGTTCATGAACCCCTGGGTAAGGTGTGCGCCCGTGAGTTCTCACCAGAGCTGACGTGTACAGCGTGTATCGGTCTTCACGATAGAATCTATATCGTCCACATGATGGACGCACGAACTCGGTAGCTGTCCCTATTTGCAATATCTTTGCTCCTCTGGCTTTGGGGTTGTAAGGCTAGCCCTGTACATTGCCGCATGGTGATCTTAGAGGGCGTTCGATAAGTATGCGTCATGCGGCGGTAATTACATCTGATGCTCCGAGTGAGCTCAACGACGAACGAGACATGAATCAAGGCTAGAATTTCTTGGCGTTGTGCAAACCTCAAAGCGCCTCATCTCAGCAGGCTACGGGACTAGTCCAGGACATGTTCCCTGAGTGTAGGAAGAATGTAAGGTGGCGCCCGTCTTGCCGCCCATACGAGCCGCATTGA,1841,51.22,Homo sapiens
SEQ_723849,GCTTATTGGGCCACTCATTGCGATTATTACATTGCTTTCCCCTTCAAAACACAGTTAAAACGAAGTTTTTGCCTTGCATTCTTGCGATTATTCTCGTGTACCGGTTCGTGTAGGTAGTACTTAGGACTCTCGTGCCAGTGTTACTCCATCGACGCTTGGGTGGAAGAATTTTCCACGGCCGATTCGAGGAAGTAACCTGATGCACACAGGCGCACATATATGCGAGGCTTGAAATAATTATTCCATCCTTTTATAGTGGCGGCTCGAGAGAGGCCGCTGCCAGTATTTATCTAGGCCTGCTCATGACGCCTTTTGTCGGACGAAATCTTAACCCGCAGTTAATGGTCTTAGATAACCACATCGGCATCGTAGTCGTATAGTTCCTCAGACCGAAGAATGGTCGATTCAAGTGCATCGATAGTTAACGATATCTGGCCTTATCCGTGTGACATTGTTAAGCGCAGTCGGCGAGCGGGGTCACCGTACTTTGACAATAAGACAAGGTCAAAATAGTGGCGGCAGGTAGGCCTCAGCAATAGGCTAAACTAGGCCCGAGTCTGACTGTACTTATTAAGACATTATGCAGAGGGCCTACCGCAGAACTCGCGCGCGAGGACCAGTCTAGATGTCCGGAAGGGCTGCGCTTCCTCGTGCCGGGACCCTGCGTTTTTGACTCTGTTTAATGAAGATGATTGCGGAATACAGAGCTCAATTAGCATAAGTGTAACTGTATCGGGGTTGCGGAAGGTATGGGGTACCCTCCCCAAGTTCCGTACTCGAGTCCGGATCATGTGGGCTCCAGAGTAGGTAGATCCAGACCTTTACGGTCTCTGGTGCAGAGGCTCCGTACTAAATATAACTAGCATAGGGACGCGCGCGTACGATGTCACTGCCTCGAACTGTTATCATGACCCTCCGTTCTTAACGTGGGATATAAATTATTGGCGGGATGTTCTTTCTTTCTTCCCCTGCGTCAACCTGTCCCACCCAAGAGACCACTCTCCAAGGGTCGTAGACGCCACTCGGGACAACATGCTACGCCTGTGACATCAGTGGCGAATCTGGGATATGTGGTCAATCGGAACAACTGTCATGCACGTACGCATCCTCCATGTACCTGATCTCTGGTGCGCGATTGCTCAGCGGCCTCGTATACCAATCTCAGAGCTTAACGTAGGCTGGGCGACTGCCAAATTTCATAATATATTAAAGAGGCCTTCTCTAATACCATCATTAACGTTTGATTTTCCTAAGCCGGTCTGGCTAAATTACCGCGGTCTCGTGTCCTCAACTAGTTGCCCGCTAGTAGAATAACCATGCTAACACCATCAGAATCGGAAGAGGCACAATAACTACGGTGCGCACAGCTGTGCGATCCAACTACGGGCCGGAGATTGGCTTACCTCACACGTTATAACAAAAATCAAATTAATATCGCCAACTTCATCCGATTCAGAGTTCGGAGTTCCTGAGGAGTTACCGCCTTGCGTTAGAGCCGTATATAAGCGTGTG,1512,49.01,Mus musculus
SEQ_573167,CCGCCTTGGCATCAACGCTAAGGCTCAAGTAAAGTAATGGTCTGGTAGGGCCTCTGCGCCGGAACAGTGCAAACCCAATACGAATGGCCAACTTAACTTGGTAAATTTTTCCCTGCAATATTAAACTTAAGCAAGTGTCTGTAGTCCAATACTTCGGGACTATTTTGGCTCTGTGATCACAAATTGACGTATCTAGAGACCGGGACAATTAGAAAGAATGCTACTTCGTGCGCTTGACTGGAGTCTTACCTGATGTGAGGTAGCATTAGCGATGGTGCGCCGTAAAGCTGGCAATAACTTCTGTTGGTCACAAACTTTCTCGGGAAAGTCCTAACAGCTAACGGTGTGAAGGTAGAAATTTTTAGTTTTCCTCGGTTGCCAATTTGTTGACGACAGGGGCTCACTATACCTCTTAAGCCATACCGAAGTCTTCCCTATAAGTCGATCGATCGCATTCGCGATACCTGCGGCGGGGTGAACCGCCAGCTGGGTCATGGATGCCTCTCCTCGACCACTCCTGATTGACTAAGTCGGCTCACTAGTCATAAAGACGAAATCTGGGCCGGAAGGGGACCATACGTCAGTTCCTCCTGGACGAAAGTCAGGCGCTTGTTTCCCGCGCCAGAGAACCGTTCACGGTCCGCTTAATATGGGCGGGCTCGCTCCCCATGATTATACCTTCTACCTTTCTGGGAAGACTACTTAGGTAAAGAACGCTGCACCCTCCCTTCAAAACCCGACCGCAACCGCTGTAGGATTTGCACGCATTAACAACAGAGCGGCCAATTAATGTGGCGACCCGATCCCAAGCCTTACGTGACTCGCATGTGCCACGGCGTTTGAGGCGCCGTAATCGGATAGTGCTTATAACGGTAGAGCTCATTGCGCCAGCTACGTAAGGTTGTAGGGTACTAACTCCGGATGTCCGAGGCCCGCGAAAATTGGCGTATGATCACGCTGATAAGTTCCTCCACATTATTGCGCGTCACTAACTCGCTGCGACCTCAGACAGTCCATCACGTTGAACACAATCCATAACATCACCGATCGTCGG,1054,50.38,Drosophila melanogaster
SEQ_565348,CAGCCCGCAGCTATTTACTCTCCGTACTAGTGCGGATTCCAAGGACGGCAGCGGCGCACTTAGGCGATAAGCATACGCGACATCAGAACAGCGCACCGGGCTCTGGTGCTGATATGGGACACAACCGCCAATAGGTGTCTGGACGGGGTCCACGGGTATATGGCAATACGCACGGATGGTAACATGGCAATTTAAACCTCATCGCGCCGCACCTTCGGAAAATCTTATTTCCTCACCTATGATCGTTGAGCCCCGAAATTACTGATCCATCATAGAATCCCCTCCACGCTAAGATTCAGGGTTTTTGATCGCGGCACAGTATACCACGCAACCAAACTCACCACTCAATCAAAGCCCGATAGATCGCTAAAGGGCCTCGCTCCCGGTCCGGACGCTTCTCCCTCCCATTAGCAAGGTCGGCATTACGAACAGTCTTGGGCGCGATCAGTCTCCTGATTGTTCGAATTCTGATTCAGGGTGATGCTGTAAAACTTTATGCTATAGTCAAGCTTTACGAGAACAAATAGTTGAAGCAGCCGACACACGCTGGCGGTATTAGTATTCACTCGTCGGTGAAGCTTCCCCGGGCGAATTGGGCTCAATGCAATAATAGAAGGCGTCCGACTGCCTCTCTTCAGTGTGGCTTCAAAAGATAATGTTGGGATTCCTCCAGTATAACGTTAGTAATTGGTATTAATAGAGCAGCTGCGCGCGTCTGCGACGGAGTTTTAATTCAACACTCGCATGGGTGGCGCTCCCGATGGCCCATTCCAGCGCCATGTACGTTTTCGAGTCTGAATCGACCGGCAAAGGACCGCACCGAACATCTAGGTCAAAAGGGTCTCACGTTGATCGCCTATTGCCACTATTCGTACACGGCTCCTCTCCTGTCCCTGGAACAACTCGCACGTCGCCGTCTATAAACTGGGACGGGGCGAACGGAAACATCCTACAGACATACGTGTAGGGCTGGACGCTCGCAATTGAACCAACAAGGGGGTGTGGGCGGGCGATATTGGGCGTACATGAGACACGCTACATCACGGGGCGCATAGTCCTCACTGCATCAAGTTAGTAACATGGGGGATTGAGGGCAACTGAGCCCAAACAGCCCAATACCCGGGTAAGGCTTCCTTCTGTTAACTCAACGTTTCTCTTTGGCACAGATCGTATCCAGGCTCGCCCTTATCACCTTGGGGTGGTGCTCTGGTCACCAGGACGCAGACGAAGAAAGGACCCGTCGGGCGTAAAACGCATTTCGGAGTCTGGACGATACCTCGTAGCTGTCAACCACAACGGACTCAGCACTAGTCTTCTTGCTTTCTATCTGTACCGTTCCAGGACTGTGCATACACAACATTGCCCTTCAGAGATTTACAGGGCATGCGAGGCGGATAGGAAGTAGAGGCGCTTAGCAAGCTCCTTATACACGACCCCCTATATACTTCACGTGCTGCCGCAAACGAAACAAGC,1473,52.27,Mus musculus
SEQ_151091,TAATATTCAATAATACACACAAACTCGTGAAGGTCGTTCATGAATCCGCGAAACCGTGATCTGCGTGTGATCATGTGGTGAAAGGGAGAGCAATGTGCTCGTAGCATCACTCTTATCGTAAGATACGTCACGGCGCTCTAGATGTAGCGCCACGCGTCCTCTACCTTTCGAACGTTACACATCGTCTTCATGACTTCCAGTATGCAGATTAGGGAGTCCAGGTGCATTGGCCCATTACAGAATCCTGGTATTCGTTAGTTCAAGCAACCAACTGAATGAGACTCGGGAGCCGTCTCAACACTAGCGGTTACGCACCTTATTGCCAGTAGGCACTCTGAGCAGGGCCCCGCACCGGCCCGCATGTACTTAAGCCACTTCTGTACTCAAGGTTCGGAGTTAGTGAAATCACTTGATTCCTTAAGCATCATTATCATCCGGAGTCGCAACCCTCTCCTAAGTACTGTATTCTACTAACATTTTTGAATTGGGCCAGTAAAGGATAGCGGGCGCGGTGGGTCATAGTAATTGGCACTGCGAGAAGGCAAACCTAGGAGTTATGCCGCCAGACACTTGCACAGGCTTATCATCTCTGGTTTCGCGTCGATTTCTACAACCAAATTCGTGGTACAGTGTTTGTAACGTTAGCTCCGGTGGTGAGCAGGGGAGTTTTAATAAACTGCATATGGTCCACCTAGAACGACGATTAATGTTTGCGAATTTGCTTACGGCTGAGATCGTAAATTAGGATGCGTTGGACCGCTGCTGAGCTTGATAGAAAACTTTTCAGTCCGCAATAACGCCACCCGCGTGGGAAGCGGCCCTTTGAGCGTAGGACCGAATCCTGTCTTGACCTGCTTTTGAAATCGGACTGATCTTCCTAAGACGGAAAGCGCGGCCTAAACCCAGGCGTGCACGAAAGCCTTACCACTAATGGAGAGCGTGAATCACTTGGCGTGCGTTTTGGTTGAATGCAGCGTCTCCGTTGCAAAGGACTCAGGTAGTAAAAATCAAAAGGGGCCTCAGGTTTTTCAAGGCAAGATGCAAAGTGAGGCGGCGCTTGCGAACTCAAGCAGTATTCGCCCGACCGGGCCAAGTTCGCTAACACGGCAATGTAACAGCAATAGGCCCAGTTTTGCGAGAGTTCCGCGAAACAATTTTGGTCTCAGCGTGGTGCCATATGAATAACTAGGCCAATGACTTTCAACACGCTTGTTGTAGCTTAGCTTCCAGGAAAGTTACAAGTAATGGAACGGTTTTTTTGTAAGCATCATGGAGCTTCGCATACACAAATCGTGCTCGCACTTCGCCAGTAATAAAGTGACATGCAGGTGGACGCATTCACCCACGCCTACTATGCGTTACGTGTCTCAAAGTCACAGGCTCGTAATCATTCTATTCCCGGAAATTTTCCTTACATTTATGTCACCAATCATGTGACGCCTGGAGACCTCACGCGCTTGAGGTGTTATTGTGCGATCAATCATCAAGGAGCTGACGTATGACTATCGCGTAAGAAGATGGGGAGAACATCTTTTGTACCCACCCAAGACGGGCTGAACACGACACTCACAGTTCCCTCTCGCTATGATCAATTGTGCCGACCATTCCCTCTTCGTCGACGTATATTACTTCATCCCGTAGATCTTGACCCGCTCCGGTCGAAGGTGGAACAGTAACCTTGATGTGTCTATCACGTG,1697,48.56,Homo sapiens
SEQ_199401,ATCGTAGTTTAAACTGTGCGACACGATCTTCGCGCCAGAGTGCGTTGGACGATCGTCGCCCAATCCAGACGGTGGTCTCGGGCGCGGCAGTTAACTGCGGTTGTAAGGGTTTCGATAATGATCAAGAGGTAAATCGAAGTCAAACTGAGTGATTAGGTAGGCGAGCATTAAACACAGACGGTGACAGAGGACTGTTGTCAATACGTTCCATCCGAGTGACTCTTGCTCGTACGACAGTTTTGGAAACAAGCCAGCCCGTGTTATGAGACCACTGGCCTATCTAAAGACAAGTGCTACAGAACAAACTCGCGGGTTGAGCCAGCTCCGTACGCGCGCCACGGGTTAGACCTGTGCTCTATAGCAGCCTCAACCAAGTAACTGCTCTTTGTAAACTATCAAGCTGGAACGAATGCCTACGGCGAAGCGTAGGGATTAACGAGAGCGTATGACAGAGGTCTGGTCGTTTATAAACCGGCTCGTCCGCCCCGTACATCATGACGATCTAGATGTCGTCTTTAACATGCTCAGCCAATACAAAGTCTGTCCGAACAACCTGCAGTACCTAGATCTACGACGAGCAATGCGAAGAGAGTGTGAGTAACCACGAGACCTCACCTCCAAACTCCCGTAGTCGCCTAGGACCCTAACTGATGTGTAGAGGCTCACCGGCAAGCTTTCCCGTTCAAAGGCACTCCGTTCAACGAATTCTACCCTTACGCACCAGCGAACGAACTGGCAGAATCTATCTCTCTTATCTCAGGCTGCTGTTTCTCTTCTTTTGATTGTAAGTCTGCATAGGACTGTCTGTCTTTTCTAGAATG,821,49.94,Escherichia coli
SEQ_588829,TAAGCATTTTGTTAATTGTCCCTAATGATAATGACAGAAAGACGGTCACATTGGCTAGATTGACTGGTGTCAATACGGCATTTGTTGATCCTCGAGAATAGCACACCGCGTAGGCCGAAAATGAAAATTAATGTTAAGATGGCGCTCATACTGTCGCTGTCGCAAAAGATTATGGCCGCGACCTAACGACCTATACATCCAGCCGGACCGAGGTCCTTTCGGCCAGGACCGGGTACAACGATATACTCTAGTCTAACCGGACATTCGTCAACACATCATCCATCGTGTTATATACGTCCCTTTAAATGCAAAACACTCGTCCTTAGTCAACGGAGCTTATCTGGCTGACGAGGGTCGTCCTCGATGCTGAGGCGCGCTTGTTAGCCAAGTCATAGTTATCGATATGAGGTTAGGGTGAATGTGATCCAGCGCGGCAAGTGGTTCCCTAATGATCTCGTGGCTGTCAGATCCGCGTTTGGTACCGCAGGTTAAGTGGGCTCCGATCAAACGGCCCTTGACGCTGCAGACCGTTAAATGCTGTACATGTGCTTATTCACGAGTGGAAAAGTTGTCCGCATTAGGCGACTGAATTGAGAGGTCTGTGTTCCGCTATATCTCCGGGCAAAACGAGGCTACTCCGGCTACATTCATTTTTGTAGTTACCAATATTGGCCTCTGGGTTGTCGCCTGTCGGGCACTACGATTCGCAACTCGTACGCAAATCAATACCGTGATTCACGGTTCATTCGCTCCGGAGACGAATCTGGGGGAACACCAGATTCCAATATTCAATAGGAATAGAAGCTACCGTATAGAGCGGACGGGCGGACTTAGTCCGCGATGCCCCTACATTTGATACAGCCATGACATGCCTGAGCCTGCTTTAATACGTGCATACAAGTCTTCATGCCGTAAGGTGAATCGCGTGGTTGCACCTGGTTCTGACGGGCCGCGTCCAGTCTGTATAAAGTGTTGTACCAATTCCCCGATGCTGTCAATAGCTAATTAGGTCCGGAAACGAAACCAAGACAAATGTGGCCCGTCTCTTTTATGTGTTGAATGCCTTGTAGTGAGGACGCTTTGCACGTCAAGCCGCTCCCCTTATTATTAATCTGGGATTTAACTGAAGATGGACGCCAGGATGCACAACACCTCGGATTTCAAGTCATGAGGGGATGCAAAACTAACTCCAAGTGTTCTTTCATCTTGGCGTAGGAGTCCCAGTAAAACTCCAGCCATCTTTTTGCCCTCAATTACGTGTCGCCGATTATGGGCGTCGTATCAACTTCGAAGGATGTGGTCACAAAGGACAATAATATTTTTGATGAAGGAGTATGTAGGAAGTAACCTCACGGGACCAGAGAACGGGAAGACTTGGTGCACACACTTCAAATCACTCATATCGCGATACCAGTGTGGGAGGCGCAGCTAGACGCGGCGATCTAACTCGATTATGAAGTGTGACGTGGGCGTCCAGATTAGTGCGTCGGGGTCAGCACTGGCGATTGACCCTATCCTAAGCAGCCGTCTAGTATCGGGCGATCTTCAAATAAAAGTAACGGCGGTCATATCTTTACCCTTACGAGATTCTACCTTGACTACTGATTTCTGCAGCGCAATCCCGATTAAGTCATTGGTCGCTATCCGTAAAAGGCAGATTGACTGTTTAACACACATACGTTTGCTAGCAGCCCAAGGGAGACTGGGCGCGTCATTCATTGACGTCCTACGTACCGTACCGTTCATTAGACATACACGGGAGGTAAACCGGCGGGCCAAGTCTGGGAGAGTTACCAAGAAGCTAACTCGAGGACG,1815,48.76,Drosophila melanogaster
SEQ_447839,TTCGGCGTTAAGTCAGAACAGTGTCTGTCGAGATCGTGACTGTGGAGAACTCCCAAGCAAGCGCACGCTCTCTTTAAGAGAACCTGATGTAGGTATTTCCGTCTATAATTTCTTATCTCGATTGGATTTGGTCGAGTTCTCTACTGCCAAACCGATAAGGTCCACAATCGGAGCAAATGCCAAGCCTATCCCTTCGCGGGCTCTGAAACGAATTGAGATGAGAAACGAGGCTGAGCGGCCTCCGAAAGTAGTTTCGGCGACGGATAACTGCCGGCGATGCTGGCTTTTGTCCGGGACCCAAAGTTCAGTTGCCGCAAACACTCGGTATCTTAAGGAGCTATACCGCCAGGCTGGTGAGTCTAATATGGGATGTTCAATTCCGTTCCTTGTCGTTTATAGGACATATAACTGCTCGAGAGTTGGTCTTTTTCAGACAGATAGACGAGACTGTATTGGGGTCCCTTCCCACTTCCTGGATAGCGAAAACTGGGAATTGTGCGTTTCAGCATTTACGAGATTTTTGGCGGATAGGGGAGTAGCCAATGCTGTAGGT,553,48.64,Mus musculus
SEQ_173134,CGATTGCGGGACAACACGTTGTAAGTCCCTCCACAGAAATTGTCCGATCCTCGCCTACTGCAACTCCAACATTACATCTACTACTACTTTGAGCCCAGAACGAACGGTACGCTGGAGAGGCCTATCAGCACCTACAAACGCGGGAGTTCGCTCGATATACTCTCTAGCGTTGTAGGTCTAAATTGTCTGTGGACTTTAGCAAGGCTAAGTTGCATCTTCACAAGAAAGGAATAATAGCTACGCCTCGAACCCTGACGCCCGTATAGCTCGAAGATGGTAGCCCGTCAGTGGAGACTATTACATGATTACGCTGGTTGTCAACAAACGGTTGTGGGGTCGTGTGAAACTTCATGAAACAAACTGAGGGCCACCAGATAATCTTCTAACAGGATCCCGGAATTATTGATGGATTGGGAGAAGCACGAGCGGTGAATCTAGCCTGATGCAACTACGAGGCGACGGTCAATTTAGAGGGCCTCAGCATGCTCAAAAAATCGGGTGGGGGATGTGCGCGTAATCCCGCTCGCTTTCCTGAGGGCGCCCATCTCTACCCCGAACTAACACGGCCAAAGTAGTATACATGACAACGCCTATGCTAAAGGTAGTATCAGTTCAGGCGCGTCGACGAGTGAACTCAGAGCTCTAACCGCTAACCTCCTACAGAGGCTTGGGGAGGCCACATGTTGCGTGCCTATGCGGAACCGATTCAGATTAGGGCTTTTCTATGGTTGGCCTTTTTTCCGTCGACCGTTGTATACTGAGGGTCCGGGATCTCACGCCGATTAGCACGTAATCCGGCGTGTGGCCATTGAACCTACACGTTTAAAGGGGTCGTTGCCTGGAGGGCGGTCATGACATTCGGACATGGAAGACGAAACAAGTCGATTTGACCAAGCGCTGATAACTCGGTCTTTAAGTTTCAATATCGTGAGGTGAAGCTTCCCTGCTCAGTAGCTCATTGGCGCAGTATGATTGATCTAACCGATTACAAACTCCCCAAGGATGCGGATTCATTTGGTTTTCGGGACCCCGTTTGGCAACTACCCTGACCGCGCTCACGTGGGAATTATTGATGAGCCCCGGTCGTCGACGGATCTGTAGGCCCTGTTAGCCAAACCGGTGGACGGACCTGATCATGCTTTTCTGCCGTTTTGACCGGTCTGGAAATGGCACTTCTCATACGAAATGTTAATGGACGCTTCATCCGCTGAGGTGGGATAAAGTCGAAAGCCTTGCCACTGACACTTGGTTACGTTGAAAAACGCAGCAAGACGCCTGAGTCAGAAGACCCAAGTCATGATGTCGGAGC,1309,50.8,Caenorhabditis elegans
SEQ_939609,AACCTGCCACCGAGTCGCCCTTCGTACCGTGGCGAAGGATTAAGAGAAATTGCTGTGCACCATGATTCGGTCGACCAAAATTGATTAGCGTGTCCAATGGCTGATATATCTAGCGCTTGGTCGGTCCTTGTTCACCCAACTCGAAAGCATAGCCGAGAGCGCACCGAGCCGCCGGGCCTCTTGTAATAATAACAACTGATGCGGTCTTCCCTGCTAATGATTCTGAGCAATCGGATGCCCCTTATTAACAGGATGACTACTTGCGATTTTGCTGGTGAGTTCTGGAACCGTGGAATTCTCATGGGAAGTCAAGTTAGATGTACTCGGGCGAAGTATCACAATTCAATACGCACAGCCGACATTCAAAACCAGCCGGTGCTAGCAGAGTACTACGCCCAGCGCGGTTCTGGCCTTATGTCTTCCACTCTAGTGCGGAGACCCCTCGTCCACACAGAAACGTTACTCAGTTTAAATTAAGGGTGACGACACCCCACTTAACAACAAGATGGTACGTAATAAAATATACCGCTGCATCCTTAGGCACAACTAACATACTCATCTTAAATGACAGAGGGGATGAGAGGGGATTGGCACCTGCCACATAAGGAGGTTGAAGACCGACCGATGTACTTATCCTTATATGTCAGGTCCAGGGTGAAGTTTAACGCCGACTACAAAAATTCATTTGTGCGTTTACCTCGGGGGCGTTGACATGTCCCTGGCCCTGACGTGCCATTCTAGTTACGCCGAATTAAGGTTAGTAACAGACTTGGCCTCCGATAGTTATAACAGCAATACTTGCCGGCGGCATACGTAGTTCACAACTGAGACCGTTTATGTCGTGCACTGTCTTTCGTCCGAGCAGCTCCGACACTTACGGCGGAGACAATGGTAGAATGACTGCGCCGCGGGACGATATAATCTTCCGCGCCTCTAGGCCTGATCACGCTGTCGGGTAGATTACAGTTATTGCATTACTCCGACTTCACGAGTAGAGACTTATAGATTACTGGGCCAAACAGATCGCCATCAATCCAGCCGCGGGCCCTCAATGGATACAACATATCCAGTTGTAACACGCCTGACATTACTAGAATAAGAGATGGCCATAGTACGAGGGCTCACCGGAGGTAGTATCAATCAAAGGTGTGAATAGTGAACCCATCAGTTAAGGATAGGGGCCGCTAGAAGGACCCATTCTCGTAGTGCAAGGACAGGTGTGCCAATGACGCGTCACAACTTAATGTGGTTGGTTAGTTCAAAGTTCGCTCGGCTCGTAGGGAGCACCAGGCAAGGGAAGTAGACTCATGTCTACACATTATCACTCGCATTCTCCTATACTGTTGTGGACTGCCCCCGCCTGACGTCTTCTTGGTCACTCAGGCTCGGAAGGCCTGAGTTAGGGGCGCCGAACCTCCGGACTGATCAATCATATGGGTGCAGGCGGGACGATGCTACTTGTGAGCCTTCCGGAGCAGTCGAGAGGGGAGAGTACTCGCCGACTGCCCCCGAAGAGCTCATCCTCGATTCTTGTCCCCACAAAGGTGCTAACTGAATATTGTGAATGTTATTGTCGACGCTGTTGA,1586,50.25,Caenorhabditis elegans
SEQ_119628,TGTCCTGAAGACTGACATCCCACTCGGTTCAGGCGGCAAATCGTGGGCTGCCGCTCTCCGACGGGACGAGATGCGCCATACGTCCGCGCAACCGTCGGCATTACTTGCTGTCTAAGCTGTGTGGCATACCCGTAAATATCTTGCTAATAGATGAAGTATTTGACGATCGGACGAGCCGAACACCGAGTTGGCTGGAGTTATTCGAGATGGTGGGGGAAGAGCGGATGCAATCCATGTGCCTTTGCATTTGAGTGTCATCGAAGTCAATAAGACAATAAAGTTTGAGATGGGAGGACGACTGATACCCAAGCTCCCGGAACGTGAACCTGTTCCGTTCAATACAATGGAGAGGAATATATCATCAGACTCTACCGACTGAATTGCTTCGTATCAAATTGGTGACGGCTCTAAATCCTCGGACCTATTCAATGACCGGGAATCGTTGTCCCGACTGGGGACCTTATGCACGTGCCGGGGCAACTGTGAATGCATAATCAGAACAATATCGATATTTATTTCTTATTGCATGGGGTCTGAACTTCGGGAGGCGAGATAGCACATACCACAAGAACGCACTCCATCGCCCATACTGCTCCACTTTGTCCTGCATCACTCCGAGTGGTCTTCATCTTAAACTTGTTCTTTCAGATGGATAAGTAAGGCGATTCCTCGCCATGCAGTTAACAGTAGCACTTGCAGAACACTGTCATGCAAAGTCCGGGTGCAGAAGGAGTCTTGGCTGGTCCACGGAGGAATAACGCCTTTGGTCGTACCAATACGACAAGCATCACATAAAAAGCTGCCGTCCAGAGCCTCGTGGCCACCGGTAACTAAACCTCGGAGTTCTCCAAAGTAGATCCTCCGATGGAGAACACGTTTCTCACCGCCAATACTCATCACTCGCGGCAACATCTCCGTCTAAGCGCTATAATGACCCCTGGTCAGCTGTAGGGTCCCCCTCGCTCGGCACTTTGGAATTCTTATTCGAAAGTATGATACATGGGTAATTCGCCGCACGGTTAATACATCAGGTCGTTAAATAACTTGGTGATTATGGAGGGAATAAATGATTGGACTATTGCTATCTTTCCCCCTCAACTGTTGGGTACGCCGACCGATTGAGGCGATTTCTCCGCGGGGCTAAAAAGAATGTCTGTTGAGTTGGAGGCCATAGGCAGTCCATATCGTCACCCGCGAATAATGAGCCACTTACTTGAAGGCTACGTTTTAGCGCACTCCAGTTAAACATCCATGCCATGCCGGTTAGTCGATAACTTTGATGAGATAAATCGACCTATGAAATTGCCTGTTACTAACGTTCTATTCTCCGTATTTCTGGCCTGTCTGCGGAGGCGATCCGTTACCTCATGAGAGAAGATAGAGGCCCGAATCGGCGGACTGAGATGGAGATTCTGGTTGAAGACGCAGTTACTGGATTGTTTGGTATCCTGATAGTGTTACGAGTAGATTGTCTGGGGCATTCTAAAGTCACAAAGCTTACACATCACGGGGTAGGTATAGGATTGCGAGCACTTTAGACATACTTAAGGTTGAGGTTCAAACCTGGAAATTGAAGGTTAACTTTGGAGGCTTGTTCTTTTTTTAACAGTGCTCCTCGGGACTTAATTTCTCATCTGAACCATGTTTCAACACATTGGACAAGAACGCAATCTTGCTTAAATAACTCGATTGGCCCGACCATGACTCACGCCTGCTTTGCGATAAATGTCTACATTAGACCTCATATAACCGCGCCACTATGGCCCGGGCTATCCCTTCCTGTGAGCGCCCCCGTCAGATAGGGGGCCTATGGATTATTATCGTGAATGTGAATTGAACGAGTCTTTGTGTTTTGTAGAATTAATCAATACAGACATGCGCGCCTGATAAATGTGACATAAAGAGTTGGCGGCAACTGACTGTCATTTAC,1930,47.62,Mus musculus
SEQ_837889,AAAGTACCGACCCTCAACAACTGGGTCAACGTATGTTCCAGATAAAGTAGTCATGGTGTGAAGTATTATAACTTTAGCGCACACAAGCTGACTCTCAGCTTATGGTTCTATTCAAACTAGTATCTGTCATCCAACAGACACAGGGCGTTTACAGTCCTAGTACGGTCCTAAGCAGTCTTTTTGAAATCAGAGACTCGTCGACCGCGACTGTTAATGCAGCTGCAGGAGGGTTGGAGAATCTCGCTAGCATACTCGAATGTTGCAACTGGCCGGACCGTTTCAACGTGCCTGCTACACAGCTGAGGAGTCATTCTTACTCACTCGGGCCAGTAACCAGAGTCAAATCGGCATGCAGCAGCTCAATAGCTGCCCTACCACAGCCTATTGATGGCGCCGTGACAGGACGAGGTTAAGCGGCTCCTC,423,49.41,Escherichia coli
SEQ_917839,TTGCGGACGCCGCCAGGAGGTTTATACGCGTTACCGGAACACTCCAGGATGATCGGATACTCCCGTCGCGGCTGATCAAGTCGCCCCCCGAGCCCGTTGTTACTTACAAGCCGACCTTCGAGTACGTATGCAGCTCACTACATGTGTATGCCTACAGGTGATAGTGAATATGAAGACCGCGACTACGGAGCTGAGCGCGACTAAGCTACCCTAATCAAATTGTTTTGCTGATTGCCCAGATCTCGTTCCGGAACTTATCCGGATCATTTCGGCGGATTTATACGTAAGTTCTACATAAATCATCCTTCGAGAACAGCTTGAAGATCATTGCGCCCAGGGTCAC,343,51.02,Mus musculus
SEQ_423073,CAATCCAGGAGAGTTTCTTTAGAGCATTACACACCGTCTTTCAAGTCGGGTCTGGGTGCTGCCAAATGATTTCTGCACTTCCGACGATAAGTATTAACTCTCACATAGCGGCCGGGAAACGCGGCGTGCCTTACCGAGAACCAAGTACTATGACCCTACATGGTTATTCCGTTGATGCCCGTGAACTCTGTTCAGGTTCGGCCGCTATGGTCGAAGCTTGCTTGTCTTGCATCAAATTAATTGCCGGGTGTAAACCATCCTTAACTCTACGTGCACTCTTCTGGGTCTCAGGAGATGGCTCTCAATCGGCGATCCCCGGCATCCGGCGTGTACACGGCCCGCTAGCTTAAGGGATTAAGCGTCTACACTTACCAAGGATACATATATCCTACTACAAGCAATATTGCCGATATACGTTGCACGACACGATGGACCATCTTAGTGGGGGTAGTCAGTAAACCCTCGTAGGGGGAACCCCCCCTAAGGATGCTTGGAAAGTGACGAATGGACGGGCCGTGTTTACGGTGCAGCATGTGCGGCTAAAGATCACGCTTGCCATCCCCCTCCACTCCTGCGTACTGCATTATATTGCGCGGCAGAAGCTTTCAACTTCGGTTACATAGTCATGATATAGTCTCCTCATCCGTAGGGGGGACTTGTCATAGCTCCGCCGGCTCGTGGTATTACCCATGTGGTTGGTGGCCCGTACCATCGGGTGGGATGGAGGTCAGAATCCTAGGACCCACGGCACAAGTTACAGTCTCTTAGCCCGTAGATCAGGTTATCAATCTTTCCTAATTTCAGCCAGGTTTAAACGTAGCAGGTGTATGCGTGTGTCACAAACATAATTGAGCCCGCCCCTTACCACAGCAACCGAGACATCCTTTGCAAGCGCTGGGTGACCAATATGCCTGCCCAACGACTCGGTGGGCCAGGGATGCACTTGGGCTAGCCTAAGAAAACACCGCTCGGCCGTGGCCCCCTCATAAACGATTTCGACTCCGGCAACTGCACCGCCCTTCCATGCCTGAACGATTTGAGGAAAAGCCGCGATTTCCCTGGGGTGCCTGTCCATTTCGCTAGTTCGGCTCCGTGAGAAGCCACTACCTTACTCCGCTTGCTGAGTCGAACAGTGATGTGGAGGGAGGCTAGGACCAACATGAGCAACCATACGCTAGTGGGGCTGGGATAGCCGAATCTAAACCGGTTTTCTACGCGTTACAACATCTTTTAACGCGTGCAATGACGTGATATAGGAAGTGCTGTAGATAGACCCAAACCTTTACAAACCTGTCCTTCGCTTGATGTGTTCACTTACACCTCTGAAAGCTCCATAATCCAATTCCCACCTACCTGTGACCCCGGGGTCGACAGGGCGGCATACCGCCTATCAGACGAAAGTCGTCAGTAAGTCTACGAAGCCATTTCTAACCTAGAAACATAGTCCCTGTCGTCATCAGGATTGACTAAAGATCGAATACAGCAAATCGTCC,1493,51.57,Saccharomyces cerevisiae
SEQ_920314,GGGATACGATCTGTCTAAACGAATGCCACAAGTTGCTGCCAATTAGTATAGCCCATGGGCGCGCCATTCGGTTGGTTCTATCTCACAGCGGTGTATAGGGCGCAACGGTTGCTGGGATCGATTCCATAGTTCTAGAATGCAAATTTCGATGATGTACGTGCAAGTATATCACGCCAAAGAGCGGGGCCCTTCATTTCGTCGCAGTTAATTCTAGGTCACGAGTACCTCCCCTAAAAGCGATAACACATCTTGCCTGGGTATCTCCGGGATTCGGGAGAACTGCCGAAGCTACGGTGTCCACCCTGACTACCGCAAATCCCGCCCGAGGCTTTCACACAAGGAAGATCCAACGCTATAAATCAACCCGTGATATCTCCCCAACTCCTCGCCATAAGTCTTGGCTGCACGCGAACAATTGTAAGCTCAGGTTTGGGGGTACACCTTGGAGCAGGGGAACCTTATTAAATTAAATGATGATGCAAAAAAAAAGCGACGCCCTACATTTAGCCGGTAATACCGCAGTGGCCGGATACGGGAAAGCTAGAATACTCACCCAACGGACAAATAGGGGTTGATAGCCGGAACGGCAGGGCCTATGGCGTTGTTGTGCGCATCGCAGCATCTTTGATGGATCGCAGCCCGTTGCTGGTGGAAAGCATCTGATATAACACGTGCGACCATGTTGGAACTCCTAGGGGCGCACGCGACCCTCCTTCATGTGAAGTTCTCCCCATGATAGAAGCATAGAGCGATGGATAGCGTCTCAATATTGGGGTCCGACTGTATGAGCACCCAGGGTTCCTCCACTGCTCAAAAAAGACCTCTCGAGGCTCTGCTTCTATAAGAGTCTATTCCTATTATTGGCATACCGGGACCCGAAAACTTTCTCGGCGGCCTTGTGACTTGAGACATATTAAGTGACACGTGGGCTTTCTATGGAAGTGGGCGTGAGCAAACCCAAATGGGGGACTGAGTCGCGATAATATCAGTCACGGGAACTGTCGACTGACTTGAGCCATTGCGTTAAAGTGCCGATTACGCGGTTACAGTACTCGACTACACTAACTTTTAGTACGTCGGATTGGTCCGCACCGGCCTATCATGTATGCCGCTACGGTTATCAAGATAAGTGATGACTTTATTCTGCCGAGGTAGCTGTTCAATTCATCACGTTCGGACCTCCTACTTCGCAACAAGGCTACTATGAAGTGGGCAAATTCGCAACCCCCGCAAGCGCGACACACAACAGATACGGTTTAGCTCGCATCTGTCGCTCCGAGCGAGTTACCAATCAGCAAGCTTACCTGGACGAGGTGCTGGATGTATTACGTTGACA,1336,50.45,Escherichia coli
SEQ_561941,AGCTTGTACGGTGGATGCTTTAGCCATTCACCGTGTTCTATACCAGAAACCGGGGGGACGGAAGGGACGCACAGGATTCATATGTTGCGACATGACAGAGTCAGTAGACTCCCGAAGATGGCTATGCGGATCGAAAGCCATGGGCATAAATGCTCCCCCGTCCGTCGACTGTGTAGTGTGAAAATGCATTCTCGACTAACTTAGAAAACGACTCGGAGTAGGGGTTCGGACTCCGATATTCGGCGATTCTCCCACGCGGTCATCGTCATTGTTAGCCCTAATAGCGCATGTCTCTTGCGCGGAGCAAATTCAGGATAGCAGACTTGTCGATAAGACGCGTACGTGCCTGTGTTCCCCCGGGGCCATGATTAGCCCTGCAGGGTTTCTTGTCCGCACTATGTGGAACACTGTTATGCCGAGATGGGTGGATCTGCTCGGATAACGCGTCGCTTGATCTGCCTTTGGAGTGATCTGACAACTTTGGCGCAGCATCGGGTCCTCCTTTGCGTAAGTATTTGGGTTTGATACAGTCCCTAAAGCTAGGGGACCCCACGCCCTATTCCTGGATAGGACTTTGACCCACCTGCCCCGGTGGCAGCTGCAGCATGGTATTGGGACAAAAGCATGGAGTTGCTTCTGGAACCCGACTCCGAAGGGGACTGTAACCTATCTGTGCAAACTATGTCGGTAAGCCTTTCATTCGTGATGAGACTAAAGTACTTTAATTTACTTGTCCAGCGGCGCAACTATCATACGATGAGGTCTAATTAACGTGCACTGACCATTTTCACTCACGGAGAGGGTCCTTAGAAAATCGCTAAATGTAATTTGTTTT,835,50.54,Arabidopsis thaliana
SEQ_465761,GCATTGAGATAGCGGTCCTTGGTCCGAAAATGTCTCTCGCCACGGAGTCTCAGCCTCTCTTGGGCGTAGTTAGACCTCTGTGCGCAACCCGTGTTTTTGGTCTTGCGTTTAGCCCTTGTCTACCATATGTGCTACAGACGCAATTAGTTCGCACCTAAAGAAGGTTAACTAACACTGAGATCCTGAACGATCGATTCCTCACGACAAGTCAAAAGGAAACTAGGGACCTAAAAAGAAGTACTGCGCTAATGGCAGCCTGTCTTGCCAGACTATCGTCGCCGTTCGGACTAATGCCGTCCCACATGATTAGGCGCCCGCTTTCTATCGTACGATATTATCATATCACAATGAAGAATACATTCCATGATCACGTGGGCCTACTTCAGACGCGGTGACCTATAGCCACCTTCTTACAATTGGCGTAGCTTGGCGACTGATCATCCCCGGCGGTACTTTTGAACACTAGGACGCAAATCATCTTGGGCTCACGTCATAACGGACAGGTACACTCAGAGAGGAGATAAGGCAGCAGGGAGAGACATTACCCGCCTCTCATGAAGAACGGGAACGACCATACTGTATCACCACCGAGAGGAGGAAGATTCCTGACCGAATGTCGTATCGGTTAATCTATTTTGGTATAGCTGTGCATGCGGTCCGTCGCAGCGATAATTTCTATTAACACACTACTTCATACGCAGCTTACGAGCAGTCGTGGATGGAAGTCGTTTCTGAGGCCCGACAAACGGAACAAATGAATGAGGGCTACACTGCGACCCTGCAGACGATAGCGAATTACAAATACGAGTCCCTTGCGAACGAAGGGTCGTATACTTTTCGACAGGTCCACATCAATACGAGGAGCTCGACATGAGGATCCCCCAACCAGAAAGTCTTCACCCGCCGCGGCCTGACGGCGCAGGCCCGAAGGCGCCAAAGTTAGAGGACCGTTGTAAGCTAAAGGTTTGCACAGTAACATATCCCGTCAGCTTGAGTGGAGGGGCCATTGAGAGGGGTACGTTCTGGAAATCAAACGACTACTAGCCAGCGGCATGTCCCACGTCGATTGAAATGTACCGTGCCTGGTGAGTTCACGCTCTCGGTTATTATTGCCCCTGCATGTCAAGTATTGGTCGTTTAGCAGCTCAGATTCCAACCATTTAGCTCTGCCTAGAATCCTCATGTTGAGCAGGGATGCACGTGGGGGACGTCGTGATCTGAATACTGCTCTGAGGGGGGGCACATAGTTCCTCTTAACCTGTTATGTATTCTACTAGCTTTAATTAGCTTAACTTTCACATTGGAATTTAACCCTATCCTTACCACTCCCCTTGATCCTGTGTATGATATAAATCTGTGTTCGCTGACGATTGGACACGATTTTTATCAGGGGGTAGGAGCACAAAGCGAGATTAGAACGCCGCTAAGATGGACGACCGCTGCTCACCATATCGACATCATAGAGCCCCTCCCCTCGGATACCTTGCATAGGTATCCTGTCACCGAGCATCGGGCTTAAGAACTCCGGTTGCCAGCGGTTCCGGGCACTCATTACCTATCCGCCTCCGTAGAATCCGCTGCGACCTACAATTCATTACAGAGCGTTGGCTATTCCGCCCCCTCCATTAAATACCTAACTGCGTAGTTCCTGTGCGCCCGTGGACCTTGTGAACATGGTATTCCTACCTCGCGTTTCAATCTGGACGAGGGCAACGCTCATTCCCCAGTTACGCTGGGGGGCCAATGACGGACGACAGTTGACAATCTTAACATGACTTTCAACGCAGAGTGGGCCCACATCTGAGAACTGTTCTCGCTCCGTACTGTTATTATCCCCACGCCATACTGTGTCGCTAAAGTATAAGATAGTGAGACACTAACAGGAGACCTGATTTGGCTTCAATGGAGCTTCCTTTGTGACGTAGTAGATCACACGGCCGCTCGAAAATATTGTGCTATCTTTGGGCACCATTAGCAACCCTTTACACTCC,1991,49.92,Arabidopsis thaliana
SEQ_623246,CTTCTGGTCGAGGGGATCAGTTGGGTAATCAATCTTCTCGTGAGAATTTAATATTGCGCCACATGCAAACCGGGTGGGGGATTCGCTCTCTCGACGGTCATACCATAGTTCTAACGCATGGACCCATACTAGTCAAAATCTAGTTAGTCTTAGGAAGTTAACGGACTTTTTGTCCAGCTCTCCGAGGGTCACAATATTTGGCGTGAACTGATTATCGATGCAGAATTCACTGACTCGAGTAGTAGTAGACTATTGTGTGGTAAATTTTCGTCCAAACGAGTCGTGTCGAGCTACACTCTTGACATTAGATGGGAGGGTACATTCAGGGAGCCTAATTTAAGATTACATATTTTCTAACAATGCGTACAATAGGTCCCAAGCGTCGTTCCATCATCCTCGCCGCATTAGAGCGGAAACCTAGTATTCCGTGGTGGCCTGCGTGTAGGCAATGGTGGGTCTGCTATTGAATGAG,472,45.76,Caenorhabditis elegans
SEQ_819418,CCGAACGGGCCGTCTCACAGGATATGCCTGCCCTATGGGACCTAAGACACGTCACAAAGCTCTGGTTTTCGTGGTGGGACTTCTAGGCCTAGCTTGGTTAGTAACGAAGCGAACGTAGTTCCGTCCAACGAGTTAAATAGTGCTCGGGCCATAAGAACGTGAACGGAGATAATATTAATAGATGACTCTTGCGACATATAAACGCCCCTTCATTATGAATCTTTTGACTACACATATACGGACTCCAACAATTCTGGTGTACACGAAATCCTTCATTAAATGGGGTGATGCGTAGGAAGGCACGACAGGTGGCAGCAAGCACCAGCATTAATCTAGTTGTGTGATTCCTGTGGGCGGGGAAGTCGATTGGGTCCGCCAGCACGCTGATAGGTTCGCCAGGCACATACGCCTAATTTGGGACGTCCCTACGGAGCTCGACGGCCGGCAGAGCGCTACCATAAGCAAGACAAACTTGAAGAGTGCCTACCAGGCGAGTTTAAAGCTCAAATGCAGATCCTGGATGTGTTGCTCTGCCGGCGTCGCGCAACCCGCCTGCCGAGAACCTGGGTGTTAGTGACGGAGCCAACAGTTCCTGTGAAACCTTCAAAAAATCATGGATCCATTAAGAAATTAGCAAAGAGATTATGTCGATTACCACAATTATCACCCGACGGCTATACGATAGGAAGTGGTCTATCCAGGGCATGAACATCTTACTATATCCCCCTCCCTGAGCCCATACCCGTTCTCTGCAGGCCGTCGACGGTATTACTAAGAGTTGACGAAACCACAAGTGCGGGGATCTTGGACCGACGTCATTACCTTACCCCGTCTGGGTGTGTTGATTATTGTAGAATGACTAGCTATGCTAAAACCCCCAACATCTCGGGTGTCCACTACGGAGGTACAATCAGCCGCTATACTAAGTTATGTAACGGGGTACTCATTGCTCTGGCTATAGCCGGAAGCATGAGAGCTCGCCCCCTAAGTTCCCAGGGAGTCTAGGACCCGCGCATAAGTGTGGTGTAAGTTTCTCGACCCTAAAGGGGGGGTCTTGTTAGGTGGAAGAATAAGGGATTCTCGTGCCTCTTGTAGCCCATTTTAGAGGGATTTGGGGGTGCCTAGTTGAGTCCGCTCGGCGGAGCAAGGAGCAATTCAGACCCCTTGGTTAACCTAGGGGTTGTCCTAATCGAATTAGATTGATTCTAACCTTTTAGAGGGCCGCTCTTCCACGTCGCCTAGTGTGACTCTGCGGACACTAAGTCTAGGTCTGCGAATGTCATCGACCAACTGAAACACTATTCCTTTCTGTTGGATAGACCCCTCCTATTATAAATCTTGCATAGGCTAGAGTCGACCAGTAAGAGAACGCCCATAGGAGATACTCTGCCCCACCTGTTGGGGTTATGTAGTCGGCGTCCCGTTTGAGTGTAAGGCTTATTGTGCGCGAGCACGGAAATGGGGAGCTAGGACACTTCTTGTA,1483,50.17,Saccharomyces cerevisiae
SEQ_738649,CCGCGGCCCCCCTGAGCCCGTAGATATTCGGACAATGCCACGCGATTCATATAGGGTGCATCCGTGGCGAGACAGCATGCAACCGTATGATCTGTCTGCTAGCACTGGAAGAATCGGCATGCCCGGCTGATGCTCTGCGACCCGTACCGTCTTCTAAATGACTGACGTCTGAGAGGACGCTTCTAAGAGGAATCTCCAGGCGAGCTGCATAGGGTCATGACTCCAGCTTTAACGTTAAACGGGGGCGGACCGCGATATAAATCTCGTATAATAAGCCTTAACCAGACGGCTGATTATCGGCATGCCTCAGGAAGTGACATCCGACGGGCTGACACAAACGTGTAACGGATGTGGTTCACTGCAGTTGCTATTCGCGGGGCTAAATAAGGCGAACACCAACTCTGCATATTAGAAGGCCACCTTTATCACGTTAGTTCCCCGGTGGCTGACTTGCGGGAAAGCAAGGCTCGGAGAGGGCCCATGCACTACAACTATTCACTCGAAGTAGAACCATGAGTCTCGGGATACGTCGGCTTCGCCGTAGACCCCGTAATAGTTCTAAGCCATACAACGGTCTGCCATATCGTCTAATGGACCTTAGTTCGCCGGGTTCCTAGTTGTAATGCTACATTCCGGTATTTAGACATATACCATCGAAGGAGTCTTTTGCTTCGCGTTTTACCGCCGCCGGTTAAGCAGCGCACGCAACTTAAGATATAGGTTGACATTCGCGAACGTCATGTGATACGTCATGGTGTACCGCGCGCTAATTAGCTCATCGACGCTAACCTTGCTGATAACCGTCCCTCTAGCGTGACGCGCAGGTTTGACCATGAAGCTCGCCTTTGTTCACCAGGCCCCCTTGGAACTATAACGCTCGCATCTTAGTTTTGAAACTCGAAGTTGAGATGTCGGCGGTACACGGTGCATCCACCTTCCTAACAGGGAGGCGTGAGATCCTGTGTTTTGGGTGTTACAAGAGACTGTGTACAAACCTGTGTTCTACAGCCTTATCACGAAGTAGCTCTGTACATGATCAGGTCGTGCGCGCTCCCATTGGGAAACGTCAACTCCTACGTAGTTGTCGTTTGGCATAAATCGGCACCCGAAGGTCGGTTCAGGTCCTCGTTTTATTTAAAAGGCCTAACGGGAATGTACCGGTTATTAAATGGATCACGGCCCCACACTCGAATCCCCATGGGTAACAGCCATACGCCGAAATTCCCGGTGGGGAGGCGCATGGAAGTGGCATTCTTGGGACTCCCATGTTCGTGTCGCATCACGGGACCGCCAGGAAGCATTGAACATAGGATGGG,1316,51.98,Caenorhabditis elegans
SEQ_686684,GATCCAGAGCGCATACAGCGGAGGACGCGTTAAGCAGTACAACCTCCAGTTAGCTATGGTCTACGAGGCTCCTCCATCAGGGCCTTAATCTTACATCGCCATCTGATCTGCGGATATAAATCTACCTGAAATGATTCGGAACAAGATAGGGACCAGCACGTTAGACTGACTCTAATCAACGCCACAGTTAGGGCAAAAGTATGCGATAGGAGTTGGGATTTCCCTTCGGTACAGTCCAGTTTGTATTGAATTGCTGTCCTGCATCTCCGGTTCGCGCCAGAGGCACTACGGGTACCGTTCTCTGATGGAGTTTTGTCCTCCGGCCATCCCACGCTTGGGTTGTCCGACAGGGACCTTCGTTCGCTGGTTTCCTGTTTTTCGGCAACAACCCCCGGCTGTTGAAACCAACACATATTAATTCTGTGTCGTGCCACTATGCGGAGGTAAGCGATTGAACTGCAAAGTTCGATGCCCCGATTTGCTTAAGTGCATATCGACTGCGTCAATGGACGTAACCTGGCGACACTGGCCTGCCCACGGGCCCGTTCAAACTACCCCGTTATTTGCCCACCCTTATTGTACGAGAAGGAGTACCGCTGAAAGGAGCATATACATTCTATGTTACCAGAAAAGACGGCTTCCTACTGAGAAGGTTAAGGTCTATGAATTGGATCTGTTGGTATTGCTATATCGCTTGTCATAGACTAGCCTCGTAAGACCCGAATCGTTCCCAGGGCAATATCCTTGGTGCCATCCCATAGGTGCCTCACAATCGACATGGACCCATCCGTGCCCGGGTGCCATGGGAGTATCTGAAGGGCACCGATGGAGGAGCACTGCTAGCTGGCCTCGAGACTCTACCTGCGTTTGTGTTGCCCATCTCTAGGTTGGCCCTCACGACTGTTCCGGCAGTGAACCTTTCCCCGTTGACACAGCTACTAAGTCACCTTCCACCAACGGCCCCGGCGTAGACGCTCAAACATATCCCTCCTATGGTCAACTATAGTGACCCTATTAGTTCGCCCGGTAGCCCGCAGCGCTAAAC,1045,51.96,Drosophila melanogaster
SEQ_563421,CTGAAGCGGTTTATAAATCCGTAACAGGAATCGAAGTCAGAGCTCTCTTTATAGCGGGCATAGATAGGATATGTAGAGAGCGCGGGGGGGAGGCTTTATCGAGGAGTCATGCCACGATAGAGGAGTCACTTCACCGCATTATGCTCCGAGCGCCCCTGCCCCGTAGCGCACATTTGGTAGGATGTGTACCAGCGGTCTTTACGTAGTGCCCTCAACGGTACGGTTACCTGCCAGTGCCTCGTTCTTTATCCGCACCGGCATACGAGAACGTTCGGTCGCCTTTGGTCATTTACGGAAGAACCAACGGCTGTATGTGCGCCATGTGTTAGCCCGAATTTTGCGATGTTCATTCGAAGCGGGGCCGAATTTGTGTATCCGGATGATATCGCTTGGGTTGAAGTGTCAATCCATAGTGAGCATGTTTTAAGTGGCGGTTATAATTCCCTGGGAACAAAACAGAAGTCTATCACGGAGCCTGCCATCTTTAACTGCCGACTCCCATCTGTGAGACTTGCTAAATGTCCGTAGGCCGAGGAAGGAGCCATGGAACCGTCTCAACTCGCCCCCGGTTGCTAACAACCAATCCGCGAGAGTAGCGAAGTAGAGGGGTAATACCGTAGACAGCCAGTTTGAAGAGTAGGTTCCCAACTCAGAGCGGTGTAGTATGCGCAACAAGTCCTATAATGCACATTTACGAAGGATAAAGGTAGTCCGAGATAGCACACGCGTCGACAAGTTCCCAAGTGCAACTATGAATATACTATAACTGTCTCAAGCGAATCTACTTATGCCCGGAAGCGTTTTTATTGCTGGGGGAATTGTACTCCAATACGCCGCTTGCCCTCGGCAGGTCCGGTTGCCTGTATCTTGCACAACGGATCTTAGGTCGGCGACGCCTAGGCTCGGCCCACCGGCGGGGAATACAACGCCGGTCCGGTCTATGACGTCTGACTCCGGAGGCCCCCATAAATTGAGTTTACTCGCTACCATACCTTTTCTCTGGCACGCACTTAGCAGCGGAGTCGATACAACCCCGTTCATAATGACATACCCAAAAAGTGGCGCCTTAGCCAACACGATGCTTCACGAGCTCAACTCGTCAGGAAATGAGATAATAGAGCTTCGTTCGATGCCGCTCTCCAGCGGGGATCCACGTGTTGACGCATTCTCCCCGCTTCAATGGACTGGATCTCCTCCATTCACTCTACGTCGCCATTTACCACAGAAACTTGCACTTCAGAACGGGTACGCAATGTCCTATCGCGATGTCGAGCATCGTCCAGTTGATTTTCCCAAATACAAAAGCTATATTTGTTGTAGCTCTCAATAATACAACAGGGGGGGGCGGTTCTTAGTACAATGTTTGAAGGTTTAGGGATCTTGGGCTGACACGCGAGCGACGGTCTCATGCCATCAGTACAGAGCGTTCTAACGACGGTTTCCGGCGAATTCCAACCGATATCATCGCCTATCGATATACATTTACGTTGTCCCTCCACCTCGGCACAATATCCTGGGAGTACATCTCCTGGACCACGCATAAGCGCTTAATTGGGATGGACAATCCCTTGCGCGCTCTCTTGTGTGAGATGCTTGGTTTCACAAGAATGATTGTTGGGGCACTCACTTACAGGCCGGAAGTCAACGGAGATCCTGTTTTGAACCCAGTGGGGTATCGACCTCCGGAGGATGTCTTGAAACATATCTTTCCAGTCTCTGCTACTTCGACAAGTTGACTACAGCCGTACGTTAGGGAACGTTATCCGTAGCTGG,1773,50.82,Drosophila melanogaster
SEQ_235105,GGTCAAAGTCTTGCAGCTGCTACTATTGTCTGGCAACAGTCAACAACTTCAAACAGCGCCATTTTTTACGGTATGGCCTCCTTGCCTTGTAGGTTGGAAGGAGTTTCCATCGTTGCCCAACCCTTACCAGTCAAAGTAACCGATAAATACCGTCTAATCGGTGGGGATCGACAGCAAAAGACCATTATTGTATAATTCGTGACGTACACTTCTCAAATCGCAGCAGGTATTTAATGCTATGTAGACGATGCTCGTATTGTGGCGAGCATCGGATGCTTGAGCTAAATACTTCTCGTGAGCTTGCCGCCGCTACGTATTGGTTGTTTTCGACGTTGACCGCTCTGGGGATTAACCTTCTAGCCACTACGCGGCCTCCTCAAACCGCTCAGGGACAGTCTTCGTGTAAGTTCGACCTGCTCCTCAGTTTCCATACACATCCCGGTACAGTGCCCTTCACAAGCCGACCTGTTCAAACTACTCCTGTCACTGCACTAAAGGCTGTTCTTCACGCAATTGCGACTCAGGTACTGGAAGATGCTAAGACGGTCTCCGCGCGTGTTCGGTGCCGGGGTGAGCCGGGTGATTACATATCTAGTCCGAATGTAGCTGTGTTCTGTACGGGTCGTAATAGGGAAAGCCTTACATGAGCTATACTGATGGACGACGTTGCGTTGAACACTGCTGAGACGCCTCGGTAAGGTTGTAACACGGTCCGCGTGACGTTCATACTAGTAACTCCGTCCCTGTGAAATAGCAGCATCCTATCAGGCAGCTATAGCATCGAACGGAGGGTCGAGTGTAAGTCCTATGGCTCGCAACTCTTAACTGGTAGCAGGAACTATAGTCGTCCTTCACTACATCCATTCGTCTCTGTTGGGCCCTTATCAGTTCAATGTACAGCTTATGATATCTCCTACCGTTGCTAGGACCAAACCTTAGCACTAGTAGTGAGGACTGTCTGCATCATAGGCGAGCATAATCTACCTGGTACGTCGCTGCCGGGAGACCTGTCTTGTCTTCACAAGCCTCTTCAATCGGTCCAACCAGCAACATCACTTCAAGACAAATAACATGCCCTCACATGCTAAAATCTATCGTATACTCTTGCTCTACAGGCGTCATATCCGAATAGTCGCACAACGGTACCCCTTATCTGCACCTGGGCGTCGAGTTGCGGTCCCGTACTTGGCCCTATCTGAGACGCGTGGTCACGCCACAATTAGTTATGGGCATTAGCCCCCACTTAGAGTTTTATAGTAGAGCGATATTGTCACAAATACATCACTGTCTG,1291,49.19,Mus musculus
SEQ_686661,CACAATCGATCTGTCACGTGGTCGATGGTTGCGTTTGCTACGTCCCCTCAACCCTTCAGATTACTGTTCCATGTTGTGTCATGTCTCCGTGGCGAGGATCAGGGTGTTAAAGTCGGGGTCTCAAAGTTATTTTTTGGCGATCTAGGCCGTGGGAAGGGAGCTATGTCGTGAGTTAGTACGGTTTCACTTTGGAGGCTTCTCTTGGCGGTTTTTGCTACACGCTTGACTTCGAAGTCGTGACAACGGTTTCGCATCGGGCTGGACGAGACGCGAAAGAACAGAGCGGGACGAAGGCCTGGTCAGTTCGTTCAGGCGACGTATTTGTGGGATCATTGGACGCCCTCTATCAGAGGTTAAGTTAAGACGTCACGCAATTCTTCCCATTCAAAATCGCCCCTACAACAGCCAGCACCCATATGTGTAGCCGTTGTAGTTATCTAGGAGGGTCCAACAGCTTGATTGCAAAGGCCCTGGCTGGTAGAGGATACATGGAGTCCCGTGGGATCGGCATAGCATCCGAGAAAAGGTTATGGAGATTGGACGTCTACTCTCGGACTCGTTGCTACCTTTAATTTAACACTTGTATTACACGTGGTAGCAAAGTGAGTAGAACCGCCCCCACGCTTCCTGCTGCTTTTATACAATGCGAACGTGTGTGTTATGCAAAGAGGACTTTGGAACCCCTATACCCAACATCAGGCAAGATTAGCCTAACATAGAAGACCAAGTGTATGCCAACTGCAGTGGTGCGTTATTTTCTTGTGGTTGTAAGATAAGGGAAATGATTCAGGTATGCAGTATCTGCTGGGTGGTGATTCTACTTCAAAGCGTGAAGATTGGAGCTTACCCGATCCTGATGAAGCATTCTGACTAGCTATCAAATAGTATTATCCTGCTGCGCGATCGACAATGTTCCTCTTCACGAAAAGGCCTTGTGCCGCGCAATGCCATACTCCCGATCACTGCAGCGGCGCCAGGTTTTGCTACTCGAAAGCTTACATCTGGGGAGCAGCCTATTAGACTCCCGGAATCCGCATTCCGGTATATCGAGTTGTCTGAGTGTCGGTGCGGTGTCGGCAGCAAGCAAAATTTCGAAACGTTAGACAGATGTTCCGGGAATACTATGAGAATCCGCATTGTCATAGAAGGGTGGATCGAAAGTCGCTACGATCTAGTACCCATCAAAATCGGCTTTTGAGCATATCCGATCTCATCTTGGACTGCCCAGTTCCGGACGTTGAGACGAACATCGGGTGCCTGGTTCTTCTGGTGATAAACAATTCCTGGAATCCGTCTCTCCTCGCGCACTGACGCCGGATCACTCCTATGAGTTACAGATGACCTCGTCTAGACACATGCCAGAGCCCAGTAACCACCTAAGCAAAGGTGTATACATGAAACTAAACGACCATCGGTACAATGACAGCCACCACTGCAGGCCCGCTGCCATTCTGTTTACTAATCTCCCCGTTCGTCTCCGCTAGGTCCGTCGAGGTGCTCGTGGGGGATTCCACACGGTAACCAGTGAGCGTGTCCGTTGATTCCGGTATCGACGACGCACATTGTGGGTCAGTTTCCCGTTGTACTTCGCTTTCTATGTACGTCCTGCTAGCTCCGTAGGTCATACCTATTCATTATCCTGGAGGTAGTGAGTAGCGAGTGTCCTTGAGCCAAAAGATCCACAATGTCCTGACGTTCTATGGAACAGCTTCCATCTGAATAGCTCAGTACATTGTGGGGCTGGCCAACTAGCGCGAACTAGGTATCGTGCTCCTGACAATCTCCCTAGACAGCTACGTATCATACGCTGCTTGATGGCGTCCTCTCTCGAGATCTTGATTACCGGATATCGAGCCAGCGGCTTACTAATCATGGTTTTACCTTAGTCGAGCAATACCATAGA,1903,49.71,Escherichia coli
SEQ_319031,GAGGTTCGAGTCACTACAGACGCCCACTAAAACCTTCAGCTCTGCATGGAGCAATACCGGTTGTGAGCCCGACACGACTCGCCAGTCTCCAAGCCGTAGTTTCCGCGCTCAAAAGTGAGTGCTAAACCCCAGGGCCTGTGCCCCAGAGTTGTGGATAGGATAGTTCAATTCCGGGATGGTCCTATGCTGGTACCTGCAGGAAAGTATTCCGAATTATGTTAAAACTTGCTATTTTGGTGAGGTATATGCGCTGACACACCACGGTGACCCAGAAAACGTTCAGATACCGTTGCTCACTGGAGCACTGCGAACGTTGGAGCAGGATAGTTTACG,333,51.35,Homo sapiens
SEQ_317066,TCGTTAGAACGCAACCATACGAGTTAAAGATAGTCTCGGGGCTGGTACCTCTCTAACTTGAGCCTATAGCCACCCAAATGAAAGCACATGGCCGTTATTGCCGCATATACTGTTCGCTATTAAAGGCCGGGCACTCAATGGTCGACTAAGGAGTCTGGGTAGAAATTACCTTTGGCAAATACTACGTTAACTTTACAGTGGGTGGAAGTTGCAGGCTGGAGCGATTTGGCCATGTCATGCCGATTTCTCCATTCTATGACGCCTCCTGGTATTACGGCACTCGGCAGGTCCGGTTAATATCACCTTAAGCCGGTACTCGTGGGCATGCACCAATAGCCAGTACTCCATCACAGACATCCAGCATAATACATTGGGTTGGGCGCTTACAAAGCCGACCGTAAGCCTTTCACGAAGCATAACTTAGATAGGCCGCTCCCTATATTCCACGTGCTCACACCTAAATTTTGGTAATCTAAAGCACCCTCCATAATGATTCGGAAATTAGTCAGGAGCCCACAACGCTAATGGTTCGCTGTGGGCTAGAGGGAAAACGCCTATAAGCGTGAGAAAGACTCCCGTTGCCGTCGCAGGAGGGAGGGAAAAACAATAGGAAGGGCATACGCGCTTGTGGCCCAAACATGGCTTTGTCATGCGTGGGCCACGTGTCCAAAGCTCATCCCGCCTGTGTTGCAATAATTATTAAGGCTTCCCGTCTTGCGGCCCCCTTTTAGGGCGGACTCGGAGGGTACGGGTGACTTACATGATTGGCCTAAAAGGGCAGACACTAAGGACCCCTAATATTCCGTTGTACACCTCTAGGGAACTATCCTCTAATGGCAACTCATACGGATT,852,49.65,Homo sapiens
SEQ_966675,TACCCGAAGTGATAATCGAATCGTTGATCAGGCATGTATCCATGTTGGTCCGAGAACGCGTCGTCTCGGCACGATGGAAGAAAGCAACCCGATATGGCAGCGCCTGGCCTGCGTGGGGCAAAGGTAGGCCGTGGGTAGGCTCAACGTCGCCTGACCGCATCTCTATAATTTGCCCACCCCCGACCGGGGAGGACATATGTGGGCCGGTTCGCTATCGGTCGGATACGGATCATTAGTACCATAAGCACACGTGTAGTGCTCCTTGGCTTAGAGCGGCAGATTTTAGTAGTTGTAGGTGTGGGCTGTATTCGAGACGTTTTGCCACGTGCGTTATGCCATTTTCGCGAGGAAGATATCTCGACCAGTATAAAAAGGAAACAGGCGAATCGTCCATGTTCAACGCGGGGTAGAGGGTAGCCGTCAAGATACAAAAGTCGACGTTTAGCCGCAGTTATTGTTCCGAGCCTGTCATAGTAATTTAACCAACCTACGAACACGGCGCGCTCCAGGTTCCTACAAATATTCGCGGATTGATATGGTTGAAACTCCGTAACCCCACTGGAAATACAGCAGTAAAGTGACCGCGCAACTATATGAATGATCGGCGGTTAGATGTTCGCAGGCCGCCGTAGGGTTAGCAGAGCGGGCCACGCAGGTTCGCCAACGGCCTCTGAAACACCGAGATCCGGGTAAAAATCAAACAACCTGACGACCTTGTCACCGTGCGTAGGCACCTTCGTGTACTTGTTCCGATTACATGCATAATCAGTTAACAACGGTACATGGTGCATGGCTATCGTAGCCTGCAGTTCGGCAGGTCTAATCGAATAGGGCAAGATACAGCCAGATTCTCATAACGTCTATTCAATGTCATTGAATCACAAGGACACGAAAAGACTATACGACGTGAGGAGGACGGACCTCGAGGCTTCGTTAATCGCGACCTACATGTAGTTGATGTTTTGACGCTAAATCAAGCGTTTGATCGGGGAGTCGCGTGGCGGTATCACTGACGGTTGCCGTACGGGTTAACCGTTTAGTGGATCCGCACCTCCTTCTATTATTCACTGTTTCAATCAACAATTCAATGGACTCAGACTCCATCATCTCGTATAACCGACCCGGCAAAGCGGCCAAGGGAAACTACAGAGTTTTATTTCCAGCTTCAACAGTGATGTTAGCATCCGGCCCTGGTCGGTTCCAACGAACCAAATCGGATGTCTAATTTCCGGCAATGGAAGTACAAGGATCTCAGTGCTCTTAAGTGCCGGTCGTCTAGAGTTTTGGCGAGAGTCTATCAGTATGATCTTCCGGCCCATATAACATGTTGAATGACATGATCGTCCCTATGACTCTCGCGCACCCTGTGGATTGGCACTATCCGGGGCGGTTACCCTTAAGACGCTACGAGTCTTCGTCGTAAAAACTTCCGGGGACTTGGTTTGTTTCGCAGTTTAGCCCCAGGCCGCGTTCGTTGAACAATAAAGGCACCATCAAAGTGCGGTAAGCGAATAGAAGGCGAGTTGCCTAGTGGGGCCGTGTCAATGCAGGGTACTTATACTAGTTGTCAAATTCGATGCATCGATATACCGCAGACGCTCATCTTACCCGTCGGATGATTTTCCGATCAAGGTCCGGTCTGACTGGACCGGGTATAAGATGCCCGCTGTTTGTGATGCTGCGGGATACGGAGTCGCGCGCACGTGTTTGGGATACAGGGGCGCGTTCCAGAATACCTGATTTCCCCCCAGTCCCCCAACTAGTCGGGGATCGAATCCCAAACGGCACGGTTGTAGAGCTAACATATTTTTTAACTATACG,1821,50.63,Arabidopsis thaliana
SEQ_746646,ATTTCCATAAACGGTCTGGCTTCCCACCTCCAGCCGTCTTACCTCCTTAGCCATCAAAAGATTTGGAGTGTAGCGCCGCATCCGCTGGCGCCCACTAGAAGTACTTGTACCATAAAATCCGACCTACCCCACGATCGAACAATAAGATGGCACAGCTGAGTCTCCTCCAACGCGACCGTCATACCCTCGACGGATAGCGTATTGCAGCAGCATTAATCGGCCATTAGTGAACCACTAGCAATGATACGTTGCTCTTTCGATATGACGGCCTTGACACTAGGATAGTTCGGCTCAAACACGCACGGGTACTCTAATCTTGTCGCAGATAACTCCTATTATTCCATGGCTATCAACTGACATTTCACTCCGCATTACGACACAAAAACGCTTCGGTGCCACCTAAGACAGCACACCGAGTAGAAGTGGCTATGAGGCCTGTACCCGATTACAAGGGGCTTCCAAAGATGTAAGTTAGAACCAGTGAAACAGGGCGACCCAACAAAGAATCGATGGCAGAAGTACATAATTCCGGGCGTTTCGCGCTCCAGTTAACTGAGATGTTCATACATGAAGGTGACCTCCAAACACTCGGTCTTTCTGAAATACTATCAAGGAACATGGGATTTTACGAAATACACGCCCTCATAACATTAGGTCCCAAGTCGGCTAGTGTTCTATAGCGTTTTTTCAGCACAATCTACAAGAGGATCGAGATAGGAGGACTAAGCCACTTATCGTCGTGTCCGCGATCAGCCCTCAGAGGTAAATCTCTGTATGTAGATCACCGTGGTACACCACTCGCTCTTGAGGAACCGTCAGAAGATGCTCCGGCTTTTACTTGAATCGACAAGCGTCACGCGGCACTGGCTTACATCCATCCTCTCGGCCAAACTGTCTATGTTCTTAGACAACTCAGTCTTCTAACCTCGCCTAGCCAAATAGAGTCCGATAACGATACGGCGAGCCCTCATACTTATAGAGGGAGTTATTGAGCTGTCAAGGGACGCAGCGTTGGGGTCGATTGGTTTGCATATTTAATTCTGGGTGTGAACTTGTGTTAGGTGCTGTCGGATGTCAGAGGCACCAGTGGCAAGGAGGGGTCACTCTAACCTGGCTCCGGTGTCATAGTAGTTACGTGGAACCGCAAGAGCAGTTCAAAAGATCCGGAGCCCAAGTGTTGGGCTCGATCTCCAGATGATTGCCTTAGTAGCGAGGTCAAGATCAGAGACGAAGTGTATAATAGTATCTTGCCGTATCACGCACCACGCTCTGTCTCCTGCTGTCAGAGCAGATCATTCAGCATCTTTTGTGCGCGCCTTCGTGTCGGTCAGTCAAGGTATTTTGGACGCAGTTACAGCGTCAGACTATCAAAGACTATTGGAGCTGGAGTCTGGAAGGGAGCTTCCCAGGGACGGTGATTTACGACCGCGTTACTCGGGCAAAAGCCATCTTTTTATCTCCTTAGTTACCGCCTGTGCCTTTGGGCGGGCTGTCACAAACGTGTACCAACGCGGGGGCATCGCTGGGTCCCGCCGCGGCTGAGGATAGGCAACCAGGATGACGGCTGGGAGGGTAAATGATGTCCTAAAGTGGTTTTCTTTCAGCCGTTACAGGGCTCTGCCCCAGAGAAGGTAGACGCACCGACTGGCGTGCTTTATGCACCGCGTCGCAGGGGCTCGGGGAAAGGTGTCGCTGTCTCCCGGATGGCAATGAGTTTCGGATGCTTCTATGGTGCGACACATAAAACACCATCTAAACAGTTATTCTCGCGAGGAAAACCCGGATGAAGATTGATCACACCGCCGTATTTCATCGGGTCAGTGTTTAAATGTACACGCTAAGCCCGCACTCACTCCAACGATTGGTCCTCGCGGGACTTTAGGTAAACTCAATATAC,1897,50.34,Homo sapiens
SEQ_606096,AAGGCCCACACCTCCAAACGTGTGCAAAATCTTGATATGCGCGTTGAATATAGATGTTCTAAAGAAACGCCTCGTACATAATGGCATACTGTGGAATAATGCAGCGGGCTGCCGTAACACTAGTTTCCTCTTAGCGAAAGTTACGGGGCCTCAGAACTAATGGGCTACGCTCCCTACCTGTGTCACGGCCAGATCTCGATCCATCACCACAGGTTCCTGTCAGATTTAGTTCAGAGCTTAAACGAATACATGAATAGGCATCTATGCGATGTACTTGACAGCGCTCCCTCTTCCTGCCAACAGTTAATGTTTAGGAAATTTACCAGAGTCTTAGTGTGAGCGCAGCCGGCAAGAATTCCTACTCAAAAGTTCCATCCGTCAAACCGAAAACTCTCATGCCAAGTTACCTATGCAACATACGTATAATCCCCGAGGAACGAGGCAGGCGTCCTGCGTCCCCAAGTCTTATCATGGTTCCAGGTGATAGGGCTTGGGCAGCGCGTTCTAAGTACACATTACTACGATCGCAACACTCGCCTACCGCCTACTTATATGTTGGCAGGAGTTTCATTCACGGCGGGGCCACGTGCGTGCCCCTTATCTTCATCTCGTGAGGGTCGATGTCGATAGGACGAAACGAATCACGCTCGAGCCAGCTGCAGATGCTGTTTACATGAACCGCCCATTTAGACTATAATAACAAGTTATATTGATAGGAATGTCAACGCTAGGTTGCTGATTTATCGTACTTTATAGAGTGAGGGAGCTGCAGTTGCGAAACCGCTCTCGAGTTATCAGATGTGTTAGCATGCCCGGAAATAACATCCCTGCCCCGCCTTGAGTTTCATCGAGCAACCTCTTTAATCCGCCGGCTAAGCCGCCTTACGTGTAAGAGGCGTAATTGCGTAGCGAACGCACCGTTTACCCGTCTCCCCGCATGTCGCGCACGAAAACTCATGTAATTTTATCATATAATAGCTCATCATCGGGTGGCCAAGCGACGACTGTGCTATTCGGGTGACCAACCATCCCAGCTACTGAGATCCAATTATCAGTTATGAAGATCAGCCAGACCTGCGTACGCAACTTATCGAGACCGAGTGTGAAATAGCAGCACGTATCGACGGCACTACCGCTCGAGAGCTGTTAATACCCTCCTTTTCTTCCTTAAGTAGACAGCTAGGTTCCAAGACAATTCAAATACGGATTGGCATACTAAGAGCGTCCGCACGACCATCTTGACGGTGGGACTGGAGCGCAAGTTTGTGTGGATAGTAATAGGCCTGATTGCGATGCGGCGTCTCACCCCCTTGTTAACGCCCTCGGAGCCGAGTAAATCGCTTCTCGTCCTCATTTTAGCCGACGCTGTCTTTATGTTGTAAGGACTCGTTATGTGGCTCGTTAGGTTCGGAAGCCCCTCCACAGCATTATACGTCGCTCAAATAGCGAACTACGACTAACGCTTTTCATACCATTATGGGTCCATGACTTATTACACAATCAAGGACTTCTCTTCT,1517,48.65,Escherichia coli
SEQ_179590,GACCGCCTGGGCATTAAAGCCGAGCTGCTACGATGACGCGAACACCGCGAGAACACGTTCATCGGCATTGTGGACGGATTACCTTTCACTTGCGTTTGATTGCAAATTAATGGTAACATCCTTCGCGAGTAAGCTCCACGTCTTCATCACTCGGTGTCGACCTGCAATAAGCCCAAGGCAGAAGTAATAGCCATTACTAATATCATTCTCAAATTTTACATAGAGACTTTAATCTCATTGCATGTGAACTCAGCAACCCTGCCATCATATCCGGTCACTGGTAGCACCTAGAGTAAGATGTCTCTCACTCCCACCAATTCGTCGCCCACTCCGTGTCTCAGTGCAGCGTGCTTGTGTGCTGCATCGGGCTGTAGCGATGGCTGTTGACCATAGCTGGATAGCCGGAGGAAATGCCAGACGTTAGGTCGAAAAGGTTAGGTAGGTCGTGCACGCTCTTACTCCCTTGACTTAACCCTCGGTCACAGGATAAAGAGGCTATGCCATAAAGCTGTGGCTAACTGCCCCATGCATCCCCCCGCAGGATCGCATGACTATTACTGGATAGGGGCAAATCAATAGACGGAATTTTTAAATACAGAGACCGCGCGACAGCGGGTATTTGTTTCCAACGACCGGACCAGCACCTGCCTGACGATTCTTGTCTACAGGAAAAAGAAGGGTCTTCTCAATATAGGCACATGTTGTGTCGTCTGTAGTCGCAAAGGACATGGATCTTGCGTTCATAGGCTACCGATGAGACCAAGTGGGGGGGTGCAAGCTCTGCTCACGATGCGTTTGCCTCTTGATTACGAGAGAGTTCACCAGCTAGAGGGGGGCCATTACGCCTGAGTTCATATGTAGGTTAAAGCTCAGTGTAACAGAAGGATCGTGGTGACAGGAGGGCAGCTAAGCTTCCTTGTCTCAAGGTCAGTCCGCCCGAGTCCCTTGCCGGTGTACACGGCCTTAGTCGAATGGTTGCGAAAATGGTATTGGACGTAGCGTAAATGTTAAGAAAGCTCAGCGAATACGTGATGTATATCTGTGGGGATGACTGGCGACATGAACCAGTTCGAGTTCTCGAAATCCGCATTTTAGGCCAGTCTCACAACTGATCCCCGAGCGGACACTAAGCTTGTCAAGCCTAGCATAGGTCCTTAAGACATCCAAGAGGACACAGCGATCAATAAGACGAGGGGAACGACATGCGACATAAGTTCGTTTGTATCCTTTGGTTTTTTTTATTCAAGGGGGTTGGAGTGTGTGTTTACTGGCCTGGAGCGTCAGACAGCGTCGCTCCACGAGTAACGTGAATACTCGAGGTTGGACATAGAACTCGATTCCTCTCCCTGGCCCAATCATGCTGACTAAGGTGAGAGTAGTAACCGACACTTGGTACGGAGAATGTCTATAACGCCCTAATTTCCAAGGC,1429,49.69,Saccharomyces cerevisiae
SEQ_373713,ACTTCAACCGCAGATTAAAAACAGCACTTCGTCATGTCTATCGGTCCAAAAGCCTAACGGATGGAGGTTGACCTTTGGGGTAGCAAGTGATAATCTTGGAGCTATGCCCGCTTCTCCTGCGTTGCGCTCCGTAGGATTGGCAATAGTCTAATAGCATATACATTTTGGTGCCGAGTATAGTCGCGTGATGGCCCACGACAATAATCCGACTAATTAGCCCCGTTACGGAGATCCTGGCAAAGCTTCTGCTTTACGGATTTCCCAGTGTCTGACCCTTATCCGGTGCTCTTTCCTCGATAGCTAGCGGGTGACCTTGCGCCGAGCTCCTCCCTTGAATCGCGATGAAGCAACACTACTACCTATGTGCTCGCTAGTTCATACTTACCAGGTTGCCAGCGAATTTATGCTAGCACACAGGAACCAGCTAGTCTTGCTCAGGCGCCTGTCCCGGCAACCTTGTGTTCGTTGCCCTCTACTCTGTATCTTGTATCTCACCTTCCGCCCGTGCTCTTACGACGCGTATGGCGAGTTTATAATTTTAAGAAAGCCGCCCCTAGAGGCAACCCACTGTATTCCCGACCGCGCGACCGGAGGCCCTCGCCCGTTCGATAACTCCGCCACTGAGATACAGCTCTCGGTAGCTTTAGTCTTTAACGATGACCGGAGTCAGCTTACGTGGGCAGGACTTGATTCTATACGTGCACTCATCTGTAACCCAGCAGCCTTCGTCAGAGAACTTCTTAAGAAAACATCTCCAGGCGGGGCCCGGTGTTTACTTCGCTTTATGACTAACGAGTGAATTATAGGGCATCAGCGGACTCCAGACCGACAAAGTACTCAAACCTGGCCAGCTGCTTTTTTATGGTTGTGGGTCACACAGAAAAAACGACTTCCGTGTTATTCTTCACGAGGCAAAGATATTCTTTCAAAGACAGGATTCGTCTGCGTGTTATCTAGGAACCTTGCATCCACTCGCCGGGTCGGTTGAGGGCAGCCCGCCAGATTGCTATATAGTTACCGTGGAACATCCGCCACTAATCGTCACGTCTTTCTATCGGTATAATGTGGGATCACCCGCAGAGACGTTCCCTCTCAATTGGCTGTTACGCTCCTGCACTGCATACCAGGATTTCTTTGATACTGACGCGATGCGCTTAGTCGATACTCCCACTGGGCCTACTCAATGCTAGCGGCAATGTACTGCGCCTCCAGGGCACTATTAATGGGGCGCGCTTAAACCGTGTTCGAAGAATCTCCAGCGCTCGTCTGGGAAATTACACAACCCACCCTACCCGTTCCCGCACTTGTACTTTAGTCCCTTTGCACTAATGGAGATAAATTCGCTGTGCGAGTGGGGCGCCAGGTAGCCCAGAGAAGTTATCTCCGTCTAACTAATCGAGACAGGAATAAGTGGTTGGACTTTTCTTTGCCGTGAGTAGCGGCAATTAATCAGACACTTTCGCTCGCAGCGAATAAGGTAACGGAGGCGCTTAGGTTATATTACTACCAAGTGGTACGGCATGACCACATTGCAAAGGCTTCCACGC,1547,50.68,Homo sapiens
SEQ_730547,TCATGGGATTATTTCGGAAACGCAGGCCTCGCTTTCGGCTTGTCTGGACTGTCCCACTTAAAATTCTCCTAAACAAAGCATGACTGGTTTGAACGGTTGTGTTTAGGTAGTGTTAGAAAGTTACGGCTAATTGTGTTGAGTGAATCTGCCGTAGGTCCTATTACGACGAGCACGGTTTAGAATACGAGAGGGGCTTTCTCTGGTAAGGGAGTCTGCCTCGATGACTGGGGACGTCTGTTGATCAAAGTACCAAGTTTTGTGCCGCACGGATGCTCGGCCTAAGAGATGTCGATCATGGTGTTCCTTGGGCGCGCAGCAGACACTCTTCGGAGCATGTTAGCTTACCTAAGCAGGATCTCGCATCTTGCAGAGCGCAAGTCTTTAGCAGCGACCATGCCTATACTAGCTAGAAAGATCCTAAAGGGCCCCGTCAGCCCGTGGCACGACCGACGTCTCGCTACCAGGGACTCTTGCTCAAGGCTTGAAGTGTGCGGCCATTAAACTGTAGTAACAATAACCGTGCCGCAATGGCTTTTCCGTCACGTTGAAGGATACTCAAAGTGGCAACCGCGCCGCTCCACACAGCCCCGCGCGGACGGCATACATTAAAGATTGAGAAGATGAACTCCAGGGTCTTCTAGAGCAGTGGGAACCTGGGGCCAGCCTTCGTACTCTACATAGGCTTGTTCCGCCAGATACGTTTTAGTGAAGTGAGCTATGCTCTATCCCCTAATGAGTCAAGTGCCGCATTCAAACAAGGATCATCGTGTGCCTCGATTTTCTAAGCACCGACCAGGTTAGCCTGGCTTTTACATTTGGCTTGTCTGACTTCAACAATCGCAGCCCAGAGTGCTGGACGAGTGGAGGCCCCACTACTGTTACGATCTGCTTTCGCTTCAAGCAGTCGTGTACTCAACGTTGACTTGAAGCCCAATAACCTATGATCATGTCGGAACCAGGTTTAGAGCTATTCAATTAGTCTTAGTGGAGATTCCATGCTGGGCGTCTTAAGCTCAGAGCGAGTGCGGTGGGAGATGGACAAGTATGATGGCTCCACGTTACAAGGAGGACAGGAGCCGGCGTTGATGTGGAGCGATCAGGAGGGCACACGACTTGGGAAATGTATCATAGTTCCTGTCGGGGTCTTATAAGGATTTGAAATACGAAGTAATGCGCAAGAGTATGCCTCAAGATGGTCAAACGGATTAGTACGACTGGATGATGGGCGTGAGCGAGTAAGATTAAGTCTC,1250,50.24,Caenorhabditis elegans
SEQ_895898,ACAAGTAGCACGCGGTGGTCCTTGGGAACAGTGATCAAATGAAAGCACCACAAACTCCACACAGGTGGGTATGTGTCGGGCATTCGTATTGAACAGTCCCGGCGAGAAGATGGTTATTGGCTTCGATGTCACTGCCCGGCGAGCGAGACGTAATAGTTTCGCTGGACTCGGCAATTTCAGATAAGATGAGATGGGGTCACGCCCAAACGCCGTCACGTGTTCAGAGCCAACGCGGGCGACTCATGCCTTGATACGGTGCCAACGTCGCTGGCGCGCGTCCCCGTCTTCTAGAGGGGCGGGCCGGATTTGACAATCTTTTTTAATGCTTGAGTAGCCCAACACCACGCAGACTCTATCGAAACTAGAGATTACCCAACTCTCTTGAGTACAGAAGAGAATATCGACCGGAGGCTGAAATGGCGTTGATTCGAAGGAATAGTTCCCGCAAACGTTGAGTCAACTAGGACGTCAACTTCTGGTAGGTGCGTGGTGCGAGGTACGGACCAGTACCCAAGGTCGCTTCCACTCACAACTCCCTGTTCAGCCTGCCTTTAACCGTATAGCGCGTGCTCACTCGACCCAGTGCGAAACGACCAGACATTTTAGCCTGACGTACGATCAAGCTTGCTAATACCACGGCCAATGACTTTCTGGGGTAGTCACTCCTCTTTCATGGGGGGCGATGCTCGTCCGGTATGATCGGACGCCTCTCTAGCTCCCGAATCGCACGTAGTGCATGGCGTGACTAACTGTCCGGCAACAAGACCGGTATCCGCCTGAGGCGTTGAAATGACTTCCTCAAAACATCATGCTTTGGGGTTCCAATATTAGTAACGCCTTGCTACAAAAGTTTTTCCAATATCCGTCACGCTGAGTGCCCAGACTCCTGATCCCGCGAGGGTCTTGACAAGGATCTGATAGAACCGCGCCCCTACTGGTAGGACGCGTTGGGTGATGCCGCGTACCCCCGTATATTAATGTAATAGAATGCGCATCTCTGATGTTGCTCGCCCTAGCGCATCCCTTATGGGTAGATTGGGTTGACGCGAAAGGTCGTACCCCGTTGTATGGCATGGCTAACGCGGTTATTCTGGGAGCTTACGGTGTGTCCTCTTTCGTGTGAGACCGACACTGGAGTCGGCTGCCAAAAAGGAAAGCGGGAGAATCAGATGATTGCGGACTCTTAGCGGGAGCTGCAAGCCTCAGGCTAGAAGGTATCTATATCTAAGTCCCTATTCTAGAGTGTTCCTGCAGTCTATATGAAGCTTTTGGAGTTAGATGACTCGGCAACACCAACCCATTAGTTGTATGTCATCTGTAAACCTTACGACCGACACTGGGCCGTATTAACCCCGAATGATGCTCCGGTGGGGGATTAAATGAAGGATGGCTCCCCGCGCAAAAGTGTATATGGAAAGTATAAAAGACGCCGGATTCGCCGCCAGTTTCGAGGCTAGAGACAGTTGGCATTAGGCAACTTGTATATAACACTGTGGCCAGCAGTGATTTGTTCCGATGATCCCCTGGGTTACACTTCTTCTTTGGGCCGCAAAAATAATAGGGTAGTGGGCGCCCAGTTTTATAAGTCACTTAGCGAAGGCAGATCTTAGACGTCTGGCCCATCTGCGATTGCTCCGCCGAGATCTACAG,1650,51.76,Homo sapiens
SEQ_837628,TACCTCTACCACAACTTCGGTGGATTGAGCCCAGCCCGACGCTGACGGATCCCGCGAACGAGAACTACTCATATTTGCCATACTAACGCATTACTCTGTCATGAGACATTTACGTAAAACCTGAAGGTGGGTTACCTTTCCTCGGAATACTATTAGCGCTTAATCGATTTTGCGCGCGTGTACCCCGGATTTGTTGATGCAGGAGCGTCGGCACACCCGCCTATCCCTATTCTGTCTCGCATCGCCGTCCCCTTGAGTGAAGAGTTTGACGATACCTCAGCTCACTGGAGCATTCTACGGGGTTTCGTCCAGACGGAAACTGTGGCTTACGGCGGCAAGATCCTTACGTCCCCTAGCATAAGGATGTCTGGTATACGGAAGACGACTGAAGCAAAGTGCAGGGCAAAACCCAGTGTGACACATCCCAGCCCCTAGTACAGCGCTGGTATCTACGTTCGGCCCTGTATCCGCGACACTTTCGAGCTACTTACTGTTTATACCGCGCGTGGACTATATTCCTGGGGAGTTAGTCTCCATGGCGTAACCTTAGCGTTTAGAGCTCCTGTTCGTCCTTCCAAGCTCGGGTAAACTGATAGCGTACCTCACAACACTCTACAGCGGCCTCTACCAAGGGCAAATGTTGAGTTAGGAACAGTAACGGGTTTGGGGACGTTGGATCTGTATACGCAGATGCATGCCTACGCAATCGCCGTAACTTTGATTGGCATGCCTTGCCATGAATTATGGCACTTCCGGGATCCTTAGGTGTATTGGCGGGTCGGCCGTCCAAGGATAAACTCACCGCGAGAAGACAAGGCGTGTATCATACAAGTATTCGAGGAAATCATCGACGCAAGGTTTCCCCCATGCGGCGCCATGGACCGCGACGAGTGTGATCCGGTGAAGCACCTAGTCTTTCACTACACCGACGACCAACTTGTAGTATGGCAACAAGCGAGACGAACATAGGCGGGTCCTCGGAGGTAAAGTTATCTGGGCTACGAGAACTTCGTCTCGTGCGGTAGCTTAATAACTACACATACACGGTCGAGGGTGTTACTGTCTCGTGTTCGTACTCTTCTTGACCGCAATCGGAGACCAGGTGTGGGCCGGCCAACACCCAACCGGTCCCACACTTGTACATCGGCCTAAACCCGGAGGGATTCCGGGAATGCCAAAGTAACAATAAGGCTCATTTCTATTCGTGGTCGGTTACTGTTATACGCTGGGAGCACGAATAGTATTAAAGTTGCTCGTTGAGTGGCCGTTCGCACGTAGCGGTTATAATGCCAAACCAGGTATATGACCGCCGCTCAACTCCTCAGTCTCATTTAAGACGCGCTCCTGACTGGACTCGACTAAACAGTCTCGTGCGCCCCCGGCATGGGTAATAATTATGTTATTGATCTTTGGCTGAGAGTCACCGGTCACCGTTAAAGCCACACTCTAGCGCCGCCGATAGTGAATGGAGG,1472,51.9,Saccharomyces cerevisiae
SEQ_179679,ACTATCTTGGTTGTTAGCCTTTGATGGTTTACCATAGTATAGCGAGAGACAGAATAGTATTCCGGGATGCAATGCGTTTATCATGCCTACACAACCAAAAATCACCTATCTTCGTAACAACCGGCCCTCAGATGCAGAATGACGGCTGCACGCATGCTCAGCCAAATCCTGGGGGAGCGGCCCAGCCGCGAAAAGACGACGCAAACACCTGCGTCGGAATCTGAGGACCGCACCAGCTCCTAGCGTAGGCGTCCCTCATAACATAGACTCCTTCAGCCGATGTCATTTGCGGACGGAGCAGCATCATGGTAATCTACAACCTCCTAGCA,329,51.37,Escherichia coli
SEQ_764516,TTGTCTGGCGGGAATCTTCTCCACGAAGAATGCGCGAACTGCCAAAAGAGATCCCACCGATAAACTGCAGGACAACGTATCGACGACGGGGCGGGCGATACCGCGGATGTATACTTACCGGCGCCCGCAGGCCCACGGCTCCGACACGCACGCTCGAAGCACGTGGCGGAGATCGCCATTACTTTGGAGCGCTTAGTCCGATAAGGCTTGACTCTACTAGCGATCTTACCTCCTTCTCAGCAACAGATTTCCGGCCACAGCACGGAGTCTTGTATGCGCGTTGAGCAACCCCGTGCTAGTCTCCAGTCTGTAACCTTCTGCGTGCAGGTTTTCCCGTCAATGGCTCGCGGCAACTTAAAGTCGGTGCTCGGTGCATGGTGGTACGGGGCCCATGACCAAGCCAGATAGCACTAGCTCCAACACTCCACCGCTAAAAGAAGCTCGGGTAAGATTTCACCGCTCGGTAGAATACTCGCTGGTGATACGCTGATTACGGGCGAACACCGCGGTGGGTTTCGGGCAATGAGTTTGTTTGGCCTCGGTCACTTATAGCTACATCCAGGCTACGGTGACCGTCCCCTCAGGTATGTGATGAAAAATCGACCATGGCTATTGGGGCAAGGGGCTTACAACGTCAGGGTCTGTGTCGAAGGTTAGCTGTACCGACGACGCGCACTATCAATGAAGCTATAGTCGATGCTCAACGGAACCTCGGTAAGGGCTGCCTGAACGCGACATCGGGGATCATAGTTCTCTTTTACTGCCGAGGACTTGAAGTGACGGTCCGCTAAGGCGAGCAAGTAGGTCAGTGTGACGCTACCAGTTCTAGCCAAATAGTGATGCACTTCCCACGCATTTGCCCCCCTATTAGTTATTACCGTGTCTGAGTCGCCGCCGCAGATGCACGAAGTGAGTCTACCCAGACTGATCATCCTGAATCGTCACCTTGAGTTTTTGCGCTCGCTCACTTATCTATGTGTATTCGAGATTCAAATAGACTGTGTCCAGTAGGCTACAGTACGCCACGACGTGCCGTCAGTCAAACAGGACATTAGTAGGGCGCGGGCTCGAGTGCATACGGATGCCAACTTACT,1094,54.11,Arabidopsis thaliana
SEQ_699769,GTCGTCGAAACCGAAAAAGGCGTCGTAGTACCGAGAGGACGCTATAGCTCACTCCGTCGAGGTGAGCCACTCAGCATTCGGTAGGGGGTTGA,92,56.52,Mus musculus
SEQ_951712,CGGGGAACAGTGTTCCAGTCGCCTTTTACCGTACGTATTCCACTAGGAAATGTCGTGATCTAGCATACTGCGCCGGTAAATTGAAAGTGAAGGCCATGCGACTTTTCCAGTTGTATCTGGATGTTTGACTCCTTAAAGAGCAGATTACGAACTTCGAGGCCAGAACGGTCGTATTATGCGCCGTCTACCTGGGTTTGCATTGGGCAACCTGCCGGCAGGCCTTCGAAGCAGCGTAGACCTATTTGGATGTTGAACTCCTCTCACGCGCGGGATTCTCAATTTATACAGCGAGGAACTAGAGCTTGGGAAACAACTACATATTAGCCCTGATGGCGACTTTAGTGTTTCAGTGGCACAAGGTAGGGAATACTGTGGGGTGTCAATTTTGTCCACAATCTGATATGTTTCAGTGGTCACAACACGTAAAGTGAGGACTGAATTTTATCTAGGTAATTATACGAGCCTACAGCTCCCCCCTTGCTCCGATAATGGGTAAGCGCCTATGTCGAGGACTCATAGCCGAGAATACTGCGAGGATGACGAAACACTGTACAGACAAATGCTCCCAGTTGTACTAAGACATCCTACAAATCTGCGAGCGTCAAAATCACGAACGGATTTTAGGTTTAACCTACCTTTAACCCAACGCGGCTAGCGAGATAGCTATCCCAAAGCCCTCCGGTTCTCTTCTAATATCATGTCGAGGCGTGGAGTTCGAGCATGTCTTATGATGGCGACACTGTGCAGCCTCGATCGGCGCAATTGCCGCATATATCTTAATAATTGCTTGTCCAAAATCCCAGGTGCGACGCGACCGCCTAGCCAGTGTGGTAGGCTGCTGTCTGAAAATATAGGAGTCTCCGGTAGCTAACACCAGGATTTGCACGCGCCTTTGAGCTTTTTGCTTCCTGGCGAGTGGAGTTTGCCCCAATTACGGCGCGACATTGAATCCAGACACTCCTGCAGGTTTAGAAGTTTAAATGTCTTATGCAGGCATGCGAGGCTCGTTTAACGGTCGCCATACGGGACGCGGGAAATGACCATTATTGGGTGCTAATTTCATCGTGGCTAAGGATAACGCACCCACGTTCGCAGTACCGACAACGTGCGGCTCTCTTAGCTCTAGGGTTACCCGCAGCTATCATACTATTGGTTTCACGTCGAGCCAGAAGAAACACTACATGTGATGGTGAGGCGTCACGGGAGCAGAGAGGGGTATAAACCTCCGGCTACCAAATTGGCCAAGGAGCCTGCCCTGACTTGATACTAGCCCCGATTCGAATGTAGGTTCGCTAAGTGAGGATGGTAAACTAGGACTTGATAGCATTCAGAGACTTAGGTGTAACACCTTCAATCTAGGTTCAGTTAACGATGCTTGGCTTTGATCACCCGGACAGTAGCTCTGATAAATGCCGCCAAACC,1422,49.02,Saccharomyces cerevisiae
SEQ_848037,GGAGAATCGTACTCGGAACAAATCAGATATTTCGAACTGTTAACGAGTGGCGGAAATACTTGCGGCGAAAGACGCTTAGCACGTTGCGGCAAATGAATAGTGTTTGGACTCTCAATTTAGCAAAATGAGGTTTGACGTGTCCTTTCCGGCATGCGGTGCCGAGAGTTACGTCTAAAATCAAGAGGCGCCGAGGAGATGTGGGGCCTAGTCCTTCACCGCTGTAGATTGGCCAAGCGTAGACAATGCCATTGAACCGATATCTACTGTTGCGACTCATGGCCACTAGCGGACCACATCCGAAAAGTGGGGTGCGCAAAGTAAAGTGGATATCTTCACCGTCACGGGCCGAGCCTAACTATTTGTCGTTGGCACGATATTTGTTACTTGCTGTCTCCCAATCAATCCTGTAGTTTGTTCCTAGCGGTGAAACCACGCAGACCGTGGAAGAATTTCGCTACTGTTGAACCCATATCCCGTGTGATTTTCGCAACCCGCACTGAACAGTCCCATAAGGGTCAATAGTGCGAACTCAAATGCGGATTACTGCCCCATACCCAATCTGAATGTGGAGCCACCTTGTACCCAAGATCGGATAAGAACGCCTCCTGCGTGTTAAGTGCGTACAGTCTACATCTTTTACGGAATGTCACATAGTTAGACGGGATGTTTCTGCGGTGTTATGCCAGCTGGGTATCCACACCCCCTGTCCTACTCCAGGATCTACTGTGAGCTAGACTGAGTAGTAAAAAGCATCGACTACGCCGGGGAGGCTGCCAAGTGCCACCTAATTATACTACCCGAGTCATGCGACAATTGAAACTTTCGTGTAAGCTGATACACTCAGTCGTAGGTAGCAGACGGAAGGATCGGCTTCAGCATCACCAAACTATTATCAGGCCCGCCAGGACAGTCCATACCTCAAGCCAAAAAACGGCGAAATCCGGTCATCATGCAATTTTGGATGAGGTAGAGCCGCTCACAATTTCGTGAGTCCTTATAAGGTCTTAAGAGGTGCACCCTTGTGCCATCAGGAGCCGTCTAACACAGATGGATCAAAGTTCGCCTGTACAGGCCAACAAGGCACCTCAATATTAGGGAAGATTCCACGTTGGAACGCCACAGAACGCCGTGAGTGCTCTGGTTAAAGGTGTGGATAGAAATTTTGGGGCTGCGCCATTGTCAATAACAGGAGTCTGAAGACTGTAAATCAGAGTCCCCATTGTGAGGGTATCCCCAGCCCAAGTTCGCACTCCCCAGACCTCAGGGCTGTTGAGCTGCGATGAAAACGAGTCTGAGGGTGATGACATCCTGTAGCTTCGAAGGGACCTGGTGATCGGACAATATTTCGTCTGCCCATCGGCATCGGCGTGATTACTTCTCTTGCCCTCGTCTGGGAACCCGGCGGACCTTGGATGTATCAGCATAGGAGTGGACCTGTGAACCGGAATCAACTGAAAGTCGACTTCGACCTGTCCTCCCACGCAGCAGACCTGTGTGTCAGACCTATGTATCACGGTGCCTGTGATCTCTTGTAGCCCGTAAAGAGTATAGATCTTAATGTGGTTCCTTTAACGAGAGACGCGT,1584,50.06,Drosophila melanogaster
SEQ_144025,GTTTATCACCCCTCTTTACCATATTGGAGTGGGTTGTGAAACGCCCTCCACTTCATTTCCCTGTACGGCCTCCATAGCATCACGAAATACGCATTGAATAGACGGAGGCAATTTTAACACCCATCCACTCCTGTGCGACTGCACACGCAATCTTCCGTTCTCTCGCCACGATAAGCTCATAACCACAGTGTAATAGACACCCACCGCGAAGTTAGCGTCGACGGACCAGTGTTCTTACGTTTGCTCTGACTTGTAATCATACCTACCCCCTTTGGATTGAAATCGGTCCCGGTTACTCGATGCTTGGGTCTGACAAGTAACAGGCTCTCTCTATCGTGACCCGTATCAATGTTGGAGGATAATATATCCTACTGCTCTGACTTGCTCGGACCTATGTCCTTCGGACGCATGACCGCAAAGACGGTTCCAGACTCGAATACAGATCCGAAACCTTGTGAACCTTCCTACTAAGGCTTAGACTAAGTTTAGCTGGTATTAGTCCTACGGCAACTACTTGTTGAACGACGCTGGTTCGATTTATCCGCTATGTGCAGAACTATAGTGATTGGTTATTGAGATACGCTGCCGTTGACGTGAATGATTTGTTGACTAGATTTAAGTCAAGAATTAACTCTTAGAGTGCACGCGGCGTTAAACTCTAAGACATTGAAGACTACTACACTCTGATAAAGCCACGGGCACTCTCCTGCTGGCGCAAGCCGTGGACGGTGAGGACGCTTTAACGGTGTAGGGAACTACCCGCGGCTGCGAAACGTGTCGGCCTATATCGCGACCTGCTGCCACCTCGGTAGATTGCCGACTGGGCCCTCGTGGGGTCGCACCTAAAGTCCAGATTCTACGTGCTCGGTCATCTAACTGCTTGCCGCCACTACTGGGGGAATCACATAAGAGATTCTTGTCGTACAGCTCTATCCTCCCGCGCTCATGCCGCCCATGGGACGTCGAGCCTATTTTCTGCTTCTTCCCTGTAATCAGCACCCTCTCGGGAACAAAGTTCCTCGCACATGCGGCACGCATCTGTTTGTACTCTAGATTGTAAAAATGAGTATGCTGGCCAGGCATTGGCAAGGTGAGCCGGAAATATTTATTTAACTCTATCCTTCGCTCCAGGCCTTTCACTCAGCGGCTCACGACTGCGTTCGTCGCGTGGGATTCTGAGCATGGGCAAGCACAACTTCCAGGCAGGGCAACCGAGAGTTCTAGATATCATGTGCGCGCAACCTGTCCATAAGGAACTTCCGATTGAAGTACCCCTACGCGTGACAGGGCGCCTGATATCGCCCAATCGTATCCATTAACACTGTCTGCTAGACCCTACAGAAGATCACTCCCAAATAGTCAGGATAACCCGCTGTAGTCGTCTCTTTATTCAAGACCAATATATAGTGTAAACAGTGGTTTCGCTTAGTAACGGCCGGAGTTCAACCAGTCTCGGCTACGAACCTCTACGCGTCTACTAGGAATAGGCAGGTCAGTTCTTACTAAGCCATAGTATCCTCCCCTCTTGACGAGATTGAATTCTGTTGGCATAAGAGGTTTGCATGGGACGACCTAGAATGGGGTCAGCAGAAGATCACGTGAATTCTTCTCAGTCTGACCCGACCAGTAGTTGGGCTGGTAGGTTCGGCGTAATTCTGTCTTTTAACCACTGATAATGAAGACCTACCTAGGGCACCGAGTTCCCCTGTAACTGTCGATAAATCAAACTATGCTTTTAAATCCCCCGCAAGACATGTGGCAGGTCCTCCCCGCAGATTTTCTCACTCAAGTATACTAGCTGGAGACTCAAGTGTGTTCCTCATACGTTTTCGAGCCCCGCGATTAAAGCCTCTGCAACCGAGTAAGAGCACCCTCGCTTCGGGAATAACAGTCGGGTAGTGTCCG,1905,49.71,Homo sapiens
SEQ_121240,CGCTCCCGTAATCTTTCACGACGGTAAATGACTGTACCCCCCTCGTTTGACCCTACCTGTGGTTTCCGATGTTCGTGCACTCTAGGGTTCTATAGCACTCTCAAGT,106,50.94,Homo sapiens
SEQ_699921,GACGGATGATGTCCTTAATGTCTACGCGGGTTAGAGGTACATTAGGTATTAAGTATACTGCAGTCTAGGACGGTTTCGTGGAATTAACGTGACGGGTGCCAGCCACCTGCTTCGGGATGAATTGTAAAATAACGTGATCTCGACCCTTCTTGGCCCTGCAATCAACTCTTCCAGTAGGGGCTACGGTTTGTATATACAAATCAAACGACGCAAAAGTTATATGATCTATCGGCAACGGGTAGTATTCGGTCTACTTTTATAGAGGTGCG,269,45.35,Caenorhabditis elegans
SEQ_545939,CTCCGTTGAAGGATGGATTTCTCGACAACCGGGGAGGAATGCTTGAATATAGTGATCCCCACGGGGCGTGATGAAGCCCTTCAGTACTGCGCCACGGCTCGCTACAATACGACGATGGATTTTTGGAGCGGCACCTGGCCAAGCAACGCGGTCGCTTTACACTCGAAACTATTCGGCATCGAACGTCACTAACAACTGCGGGAGACAGCCACATATCCATGCCGGCCGTTCGTTAGTACTAGTTCGATTCCAAAGCACGTAACTTGGTAGGTTCCTGCCCCTAATGGCGATGTCGAGAATCCCCTGTCTGTGTCTAATATTCGAGATCGCTTTCTACTTGAATCACATATGAACGTGGATCCCCTGTTAGTCTTGATGCACGATTAGGACGATCCCAATCCGATAATTATCATGTGAAGGATCTTCGAAACACGATTCCTCAACCGCGTTGTAAGTTCGCTGGAATTTCAACTGTGTTAGAAGCCGAGCAGTTGTTGAACTCCACGTTTGCTCATCAACAAAGTAACTGTTTGACCCGAGCTCGCGGCCGTGTCCCGTACGCCCCTATTAAACGTAAATACTGCGGGCTAAGAACGTAAGAAGTAGTGACGCAAACCCAAAGCACTTTTGAGGCTCTCTAGCTCCATAACCCGTACAAGTTTCCTTTATCAAAACGCGTACAAGGGACCAGGACCGGTCATCGCCATAACCGATTTGGCCTGACGATGGCTCATGAAGGGTGTAGTCCGCTAATCCAAGCCCTTGACACTCTAGTTTGGATAACCCACGTGAGTTAAACTCTACAAAAGGATATTTGTAACGGGCGATTCCTGTGGGGAAAACCCCAGGATGTGCATCAGGATTCGCCCCTTTTAGATTAGGCCCTGGGAAAAGAGCAGGGAAACAAAAACTCGTAAAGCACCAATTTCAAAACCTATACCCTACAGGTGGGGTTTCTCATAACACCGGGTGCTTATTTCGGATATTTGTATGCGTCGCCGTAGATGACTGCCGGCAGCTCGAGATGCTGCATCGTACAGTTAGAAGAGTGTGCGGCCGGTTTACGCGCGCTCGTTCCTGCTCCCTCTTCGCGAGGTAGAGGCATCGCACTCCTA,1115,49.87,Drosophila melanogaster
SEQ_257034,TTGACACAGGCAAGCTTGATTCAGGATACCTAGATCGCACTTGAGCCTTGGATTGTTGATCAAGACGCAGAAAGTACAAGTAACTCTATCAATATTCCGTACCCCCAGACTCGTCCACCTTGGTCGTAGGTTTAAGGTAAATTGCGCTTATTGTTTGGACCAGATTTTATGCGTACACGGGCACGTTATTGTCTTTCTGGCCATTGGAAGCAGACTGTTTTCTGCATGACCGTGGTATCGACTCGCAATACGATTACTAACTTCGAAAACGTTACCCTACAAATGCTCAGTAGACTAAACGTTAAATCCGAAACTTCCCGTACAACCAAATACCGATTTGATCGCCCCATCCTTTGCGGAGACTCACCGATCACGTCAAAGTTTATGTCTGTGAGGGCTCGGCTGTTCGCCGCAAACATATGGGACTATCGGTATCAGACCCGTTCGAGATCTACGCAAGACTGGCGAATCGAAGGAGGCTTTCTCTTCGTGGTTGGTGACAAGATCTCCCAACTTGACCTGTGCCGGGGCACGACGTTGTGATAGGGAAGGTAGCAGTACACTTTGAGGACGGGCGAAATTCCAAGTCTTAAAAGGTTTTAAGATACTTTGAGTGGTTGAAGATTAGATGTTCCAGCGGTTATTCTCGGTCACCTTGTCACAGTGGACACGAGCACCTCCTGGTTTGCGGCGGCCGTATTACACGCCAAACGGACGTATAAACCAGTAAATTTTTTATCCCAAGACAGCCACGGATGCAGGACTTGGCTCATCAACTCGCGAGAATTGCAGTGCAACATTAACTCCTCGCGATTACAACCCTGTCTGTATTCAAGCATCACGCACGTGAAATAGGGGTCTTGTTCTGCGCTAAAACGCCCAGCTGCGATGCCTTTATTCGCAGTCGCTCTCGGAGTTAAGGACGGGTCTCGGACCTTGGACGGTCCAAACTACCATCGTTACATTGTTTCTTCACTTGTGTACGAAACTGAGGTAAGACGAGTTTAGGTTTCTAGGTGTGAGCCCTCCACTGGACGTTCGGGTTTCGCATCGCGAGCCGCTTTAAAGGCCAACGCAAATACGATCTTAACTTTGCAGCCCTCTGGCTGGCAATTTCTGCCATACCCGTAGGCCCCATACTTCACATTATGTCGACCCTCGATTATATCAGATGGATGGGACCCGTCTGTAATTGTGCTTACTCTTGCTCCCGCATCTTGCATCGGCAACTGTGGAAGAGCTGCGTTTCAACACTCTATGATACTCCTGCATGCATCATAACGGCCCCGGCCGCACGCTAAAACTTTGTCGCATTATCGTCGTGGTTCCTCCAACAGGCCACGTGAACCCGAAATGCATTGCTAAAGTATCAATGACTGCTATCGATTACAGTGACCAGGTTTCACCGGTACGTTATTACGTCGATAAACCTTACCCGTCTGTTAGGTATTCTTGGTTAGCGAGGGCCCTACGAGACGCCGTCAACTGGCGCGTTCTATAATTAAGCAAGCCCGTCAGAATGTCAGACCCGCCAACCTCCTTCGCGGCCCCCGCATGCGGAGAGCCTTTCGGATTCGATTTACATGCAGGACCCGGTTTGATTTTATAACCATTTTTCATCACGGT,1626,48.89,Arabidopsis thaliana
SEQ_133975,CTGGACTGAGGTTGGCAGCCTAAGCAGAGGTGCCACTGACAGATGACCAGGCTTCGAGTTTGAGGGGTCCTCTCGTATTTTCTGTTCGCAAGGAATTCCCAAACGTATGAAGCGAACCCAATTCGTATCATTAGTTTGGGACTTGTCTGATACCTAGAGGTATACGCTCCTTGACGTTATGGGTGACATCCATCATATTGTGACCCCAGCGCGGGCCAGCTCATTGATTCCCGCGTCAACAACGCATATGTGCACTGCTAGCATCAAGACTAATCGAAATACCTCGTAGCTGCACTGGTGGGCAAGGTCTCCCACGACTTAGTAGGAAGACTCTCGTTTTCCATAATAATGGGTTCCCTTCGCAGCATCCTCCGTATAATTAAACTGGCTGGCTGTCGGGACGAATGGAGGAACAATGAATGTTCTTTCGGTACTATACTTTTTATTGAAGGCCCTCTAGATGGGTACTTCACTGTATGAAGTAACTATCTATTTGTTGGTACGATTGGACAAAAGCAGTTACGTTACGGCCCAACTAGGCGAACCCAGTTGGCGAATCATTACGAGCTAATAAGGTCTGCGCACCTTTATCTGGGTTCCCACCATTTAGGGGTTACGTGGGTACGCGGCGTCGCCGTAGTATCCGAA,648,48.46,Mus musculus
SEQ_447472,AACCACCATGTTAGGACACCTGATGGGCAGACACCGACACTGTCCGTAGAGAATTACCAAGCAGCATTCAGTTTTAGACTTTGTGCATCGCCGCACCCAACTGACACTGCCGGGGTCTGTATTCTGTTACCAGATAAACTTTAACGAAATTAGGTGGTGTGGCGTGGAACTATCACAGAAACTGCTTGAATGAGCCGCAATTTACGCAATCGCTTGATGTGCTGAGCGTCTTTAATACGGCTCCCATCATCTGGTCGGAGCAACTAGCCACTTTCCTGTTGAGGCGATCTATTCGAACTATGACTGTTCAAAAACTTCATAAACACATCGCGCCTGGGGCATTTGGAAGTTGGACGATGCTTAGAAGTTATTTTAAGCCAGCCGGACGTCGGGCAGCTAAGGATGTATACGTTAACGATGACAACCCGGGAGCTGTCATTCAGGGTTCGTACCGCGACGGATGCTTAATCGCTCCACGAGCTCGTTCTTAGTTTCGTATTACATAGGCTTATTAGCGTGCTTGACGTATCCGATACTAGTGTTCTACGAGTGTGGGCATTGATAAGTTGTTAGACGCGGCCTAACGACTCGCATGAAA,598,47.83,Caenorhabditis elegans
SEQ_259677,GCAGGGACCGAAGACACAGAAACATGACAGAAATGAACAACCATGATTTAGCCGCATCAACATGGCGAGTATATATTCCCCATCTGGGGAGTCTTACGTGGAGAAGTACCTCCAGTAGGTGCTTCCGAATTACGCGGACAAAAATCTTACCGCCGATCGAATTCTCCCCGCACTCCCCCCATAATGATATTTTGAAACTCACGACCCATGACGTCAGCGACTGTGTTCACGTCAAATACGGACCTATCTACCGAGGCA,258,48.84,Homo sapiens
SEQ_683692,CCGATCCTCGCTTACTGCTAACACAAGTCTCCTAAGGAACATTGTAGCGGTTC,53,49.06,Homo sapiens
SEQ_137621,CGAGAATCAAGCATTTATTCTTCCTGCCGATATGTCGACCCCTTGTGCAAGTTTGTTAGGCTCAGAGCATATTGCTATTGAAGACGTTGGGCCGTACCTTCACGCATTGTCCACGTCTTTTGGTCTAAGGCTTTACTTAGGGCTCAAAAAGGCTACTTCTCGTGCCATACCATCTTGGTTAATGTCGATAAGTCACGCCCAAATGTTCCTGTGCTTACCTGTAACTGTATGTGTCTTCCCTCCCATCGTCTAGGAAACGGACAATTACTATGTGCACGGCTAAATAGGATCCCGAAGCCCCCGTAACTTCAGTGGATACCATAAGACATCCTTCCGGACGTTCTAGTGTGATCTGGAAGGCCTGGAATGTATGTGAAACGAAGACTCCACGACCGGGCGGCACGTAGATTGATACTTTTCCGCCGACTACGCGCGTCTATTCGCCTTAGTTGTTGAACGCCTCAACACTGCATAATCATAGTGAACGCAGGGGGTTTTCGCTTCAGTATGTTGGCGTACCCTATTCCCCGGATCTTACCCCATCGCCTAGGTGATTGAGCCTGCCATGCGCGGTAGGTGCCTCTAGGGGAGAATTCGCTATTTCGCTGTAGGCAGCTCCTGATGAGCTGGTACCGAACCATTACCCGAGGTCGGTATTCAAACACAAAAAGGGCTCCGAAGTCGATTGCACGGCATTTAACAACGCAGTGCCTTCGTATTTTAGTTCAAGCTAAGGTACGTGGCACATTCAATTAATCTACAATCCTCCCCCAAGATTCAAAGAAACTACCCCGCGTCGATTTGCACGAGTCTGACGGACTCTAAGAACGTGTACAATCTGGCAGAGAACTGTCAAGTCTGGGAGTTTACGCGAACAAGTCGGTTTAAATCGCTATAATGTAAGCCGATATGTCTGACCGAACCGGCAAGGAGTTGGTGATGACGGTACAGGGCTCTTGTGGATATACTATTCCTGGTAGCATGCTACTGGGTGCGTAGGACAGGGTGTCGGGTTAATTCGCGGCGACGTTGGACGTCAGAATAAGACTACCCGTACTCCGGCCACCATCTGCCTCCATCTGTCCAGCTTCTGTCGAGCGGGCCGTTCGACACCGTTTACCACACCGACATAGACGGGCTTATAAATAACTGATATCCGTAGATTACTCATTATAATGATCAGACTTTGATACGTGCGCCGATCTTTCAAAGCCATCAAACGTCTACGCCCTTTCAGTGTGCGGTTGTACTTTG,1254,49.12,Arabidopsis thaliana
SEQ_416701,CTCCTTTGCCTAGAGAATGACATGAACTCCTTGGAAATATACCCATTCAATTCTCATTGTAAATGGGCCAGTACTTGAGGTCATGATTCCAAGTACGAAGGTCGCAATACAAAGCAAGCGAGCCCACATGCATCGGACTTAGGCCATCTCACGTCCTGTAAGGAGGCAACGTGGCGCCGTCGATAGTGGCACTTTTTCTGACCGCTCAAATATGCCCCAACCCTTGCTCGCGAAGGTCCTCTGTCACCGTCTCGCAAGGTACCGTGTCGTGGCGAGTGTGGTATCGGGGTTTGTTCTTGCCGTAATGGAACACTGAGCACAGAAGCACCACCAACCTGCGAAATGCACTAATTACGGTACTTTTCGGTAGAATATCCGCTGCAAGACGTAAAACTGTTTCGCGAGTGGACGGAATCGGGATATTCTCGAGATACGATAATTCAGTTTGAGTGTCACGGGCGCGAAGAACCCCTACAGCCCACTTAACCAGGCCCAAATGTCTGTCCCCAAAATGCCGACCGGGCACCTCTTCCTTTCGCCGACTTGGGGCCCGGCAAACGGTGTACGCGGCATTCACAAACACTGGCGTACGTTCACCGCAACCTAGAAAACTTAGATGGTACTTGC,627,51.52,Drosophila melanogaster
SEQ_730505,CCGAGGACCGTTGGGCCACCCCCCGATGCAGGGGTGACCAGCGTTGTGGAGCCACAGGGGTGTAAATCCAGCCCGGAATGACGTTCATGCGACCAGGAACCTGCTTCGGATCGGGAGGGGACGCATCGGCCGGTCTTGACTGTAAAACCACTGTTTAGGGGCAAGATTTTACATCCATGCCATTATTCCCTTAGCGGCGTGTGTTACGCCACGAGACTTCGCGGCTCGAAAAACTGGTTAGAATTGATGATATAGTTTTCGCATATGCAGCTCGTCCTAATTGTCGATAACCCCTATCAGAGATTCCTTATATGTACCGCGGTCATCGGTTTATGTGGAGTTGCCTCACAGAGTCTGCATACCTACAACCTACCTTTCTAGTCTTAGGAATCGGTATGTGCCAAAGACGGTTGTTTACGCCGGCGAAAGTTCGCGGTACAATTTGAAGTTGTAAGATACTTTCGGGAAGGCCGGCAGGAAGGCGCCGCAAATGTGGATAATGTTGAATTAAACAAGCTCTACCCGAATGAAAACAGGAAGAAGGACAACCTAGTCACTTGACGATCCTCATCATACACGGAACTAGATGTGATGGGGGAGAGCGCTTCTATCTCGCCGTCAAGTTTGGGTCGTCCAACCTCCTCATCTCACGGAGGACCGCCTCCTATTGAGGTCTTTATCTAAGGAGGTTCATTAGGTTTTTTGACGGCACGGTGGACCTTGTTAGAAGAGCTAGAGCGCTGGGAAATGACTAGTAAAGTCACAAGAAGAATCCTTTCTTCGGCAGGCGTATGCTGATTGAACAATAACGAACCTCGTGGTATTTACTGATCCAGACCCATGTGTGAGGCTACCATATCGGTATACTGGTCCGGCTGAAGGCT,884,49.89,Saccharomyces cerevisiae
SEQ_105257,CCTAGTCCTTGCTCTGATTGCTCGTGGAAGATCCTGACCGCCCGCTAAGATAGATGAGTAGGGGAAAGGCACGGCGCTACAGCTCTACGAATAGACAAGAGACCTCATCTCGAAGGGCGTTGGTCTAGAGTTGAGAAAGAGTTCTGTACACAGGTATCTAGCGTTGATATTGTATATAAACCGCTGGATATGTATTATGGCGAAGCAGGGAGACTACGAACCGAGATCGAAGACGTTTCGTCATCCGACCGACTATCCAAAGGATATCCTGAGCGTTCGGCAGGACCAGCAACCTCGGAGATCCGTTGCTGGAGTCGTGAACGGAAATATCAAGGGGACGGGGACCATCGGAGCCGCTAGCGGCGGAGTAGCTGAGAGTAATATATGGCTGGGGAGGAGTGCAGGTTATTAACGGAGATTCTCTCTTATCTGTTGGGGAGGGGCTTCACCTCCTAATAACGCCTGGCATGCTCACACTGGAGAGCTGAAAGCTAGGGTTGCGGCGTCTGTTGCGTAGGCAGGTCGTGTATCTTCTGGGTCGCATCCATCGTGACATGATTTAGTAACTATCGAACGTAGGGTTTTTCCCGGGCCGCATCTCAAAGCACACCAACCTCATTCTGTTTCCGCGCAACCGTTTGCTTGGGCGGCAGGCCGAGGGAACGCTCTACGGCACGTTGATGTCTTCACGCTACCGCAAGTGGCTGTTGCACGACGCTGCAGCAAAACAAAAGATATAATCACGCCCTGTAATGAAAGTACTAGATTATCGTTGACATACTCAATTAATCCAGGTTTGTTGCTGCACACGTCAAGCGGTCGTATTATAGCATACAACGAGGTTCGGGGAACTCTTAGTGACCTATTGTGCCCCTTCACCTAAGTGTCTGACGCGGGGATTATAGGAGTTGCGGTGCGCTGGAGTCGCGGGGCACTGACCTTGAACTGCGCTGTGGTGTGGGGTCCTCGTTGTACTAGCTGCCGGGTGTTATTGCATTCTTCTCTTACGGGGCATCTCCCTAGACGTTTCGGTTAAGCGTCATGGTCTGGCGTGTCGGCTCGGTGAGCGCAACCCCGACTCTTCCCATATACGCTCTCGCAGGATAAACACCGGTCCGATAATCACCCTTGCGGAACGACCGCAAGACGTCGCGTTCATACGGGACCCGAAGTCCCGGGTGGCCATCGTCCGGGAGTTGTCGTTGCGTCAATTTCCCCAGCAGAAACATTCGGTACTCAGAATCGATTTCGTCCCGACCTCCGTCCACTCCTTATGACGGTTACGTTACATCCGGCAACCAAATTTAACTTCGTTGCTTAGATCTCACGCGGTCCTGGGGCTCGCTCTACGTAAATTGCTTTGTTCATAGGAAGCCACTATCATTTGACAAACATGCTAGCGATAACTATTACAGGCTAACCCGGACCCAGATAGATCGCAACCTTCTGCGAACACGTCTCCTGCAGACTTGCGGTTGACTGTGCGTATTGATAATGACACGTCGAAACTGGAAACTTGGCCCTCTTTGAGCGCGTCTGTGGAGATTCGTGATTTGCACGAGTCCGTCATCTGTTCGGAACTCTGTGCAGGAACAGGTACGGGATCTTATAGCCGTTTAACCCCACGCGACGCGTGCACTATCGATGCGCAGGATCGTCACAAGCAAACTGATTCGTTGTCTATCGTAATCGGCTGATATAGATGATGCCTGACGGGCACAGGTAACCTAGCATGTCCGGGGGTGCCTTTTCGCGGATATCCGATAGAAGGTTATCCTCAACCCATGTCAAAAA,1794,52.06,Caenorhabditis elegans
SEQ_300816,GCTTGGCTAGGTGCGTTATTCCATAGGCGACGTACTACAGTTCCTCTGGCAGGGAGCTCCAGCAGGTCCACGCCCCGCGCATCAGATACGAAAGCGGACAAACATATTAGGTGGTGGTAAGTCACCATTTCCAGACAGGCCGGTCCACCAGCTCCTGCACCGCGCAGTGGCGCTAGATGCCAGCCAAGTACGGGGCACCTCCGGCACGTCTAATACGTCGTCGACCAGCAGCAGAAGCTGACGAGTTTTCATACCAGAAATCAGCTTAGTCACTGCGCCCCGACGATAAGATTACGGGAAGAGCGCCAAAGTCGTTCAACAGCGAGCCGGCGCGTGTAAGGAGCGCACCTTGCAGGGACTTACTTCCACAAAGATTATGCG,381,56.69,Saccharomyces cerevisiae
SEQ_981020,TGTGAGTCCTTTAGGCTTAGGGTTGTGGCCTTACATCGACCAGGCAGGCAAAATACGGAATGGCCAATAGTATAACCCACGAGCAGTGGACTGGTCGCCCTTCAGGATCCGTGGACGGCAACCTTAGCTTTAGAGGAGTACCTGGCTGTACCGTAGAATCGGTGACCGAACAAGGTATCATTTGACCGCGCATTCCGTTTGAGCCACACTTGGGAGGTATATAGAGTCTCGATATCTCGTGTATAAATAGACTCGATGCGAGGTAAGCGTTCGGGCAGCCACTACTACTTAATGAGTGCGCTACTTCTTAAGCACCAGCCACAGACGTGACGAGGACAGAGCCCTTTACATGAGAGAGAGGTCAATTGTCACTTCACTGCTCGCCCGCAGAGCCACAATTTGAGGCCTGGATATGCCCGGACGACGCCGTTTGGAGTAACTTTTCTTACTCAGGCAGCGGGTTGGCGAGAGAATGCTCCGCTGGCACGGTGCCCCCAATTGAGTATATAAATTTCAGTCCCGAACCCTGAGGCGGGATGAAGCCATGCCTATGTCGGTTCGAGATCGGAAACTGCCTA,578,52.25,Caenorhabditis elegans
SEQ_770887,ACGGGATCTCGATCGTATTATGGATAAGATTGGTATTGAACACGTGCAGCTAGGCTTATCTTCAGTGCACCTACTCAGGGTTTAGAAACCGCGATGTAAGTCTTCAGAGAGTAGCAAATTGATTACCTGAGGGAAGATATTTTGTGTCTAGAGCCCAAGGACCAGTGAAACACCACGAGGACGGCGGCGAATTGTAGATCTTTAATTGGTCTGTCCTTAAGATCAGATGACAAGTTTCGAAATTCAGATTACCAAGTACATGTATGTTACGATCGGGGGAGATCTCGACCATGATCGTCCTGGTTGCTAGTTTGTTAAAAGTCTCCGGGCCCAAAAGGTCTGACACTGGTGAAATTATGCGTGGATCTGCACCCCCTTGTCACTCCCAATTTATGCGCGGGGGAAATGTAGATAGACCACTCAGATTGTCACAGCTACACCTTCTTTATGACATGAGATAGGCCGCTTTAACTTAAGATTCTACCCAGACGCCAAGGCACCCAGGATCCCCGAAAAGGAAAATGACGTGTATTGGGGTGTATCCGGGTAGCACCTGTCCTAGAGAATACACCATCCGGACAAGTGCGGAGACAAGTGGTGTGTAGTCTGAGTCTTTGTAAATAGATAGTCGATCGCCATAGAGGCTTTAATGGAAACAAAGTCTAAGGCCCCAGTACTTTTAATTATGCGCGGCCCTTGGAGCTCCGGTTCGCTTGGTGCAAAAGGCTACTTGTACTCGGAGCAGCGCATCCCCATTCATCACCACGGGCTACGTATACCTGTCGAACACATGTATACTTTGCTAACCATCCGAGGGCACATTGCAAGGACCCCAAGTTGGTCTTATGACGTCAGACATCACTTGTCAAGCCGGGAGGGAACCTATTCGGAAGTGTAGGTTTAGTATATATGAAGCTAGACCAGCTAGTGGAGATCCACGTGTTCTGTTGGGTCCGGATTTCATGACACGAAGGGCTACCCATAACATGCACCTGAAATACGATATAATAGTTAATGATTCCCCTTTAAGTGAAGGTGTGGTGATACCAGGAGATTCCTCGTAACTCTTTCATATCCGAAGGGCAGCGGCGCTGGTGTGTACGTCATGGATTTCATTGCGAAGTTCTGAGCAGTCTACCAGAGCCAGGGCATCCGTACAAGGCTACGAACACGTCGGGCGCGTGACGGTGACCACCTGACTGTGAAATATGATATAAATCCCACTCTAGTGCGG,1234,47.73,Homo sapiens
SEQ_742589,ACGCCCAGTAGGTAAATTCAATCGCCGGCAGCGAGCTTGTATGTACCCACGAAACTCTAAATGGTTTAGTCGAGGTGGCGTTCACAATCGTGGGACCAGGCACCTGGTCGTTTTCTCCTCCGCCCGCAGTCGAGTGCCGCAGACCGCTTAACCCTTGTCGCCACCGTCGATCCATCTCAGAGTAGGGGTCCGCCAAACCGATGCACTCGGTAAAGGCAGCATTCTTTACACGTGCTTAGGCCTATCCGTTCAGAGGGGACCAGGTACGGTCTCTACGGACTACCCGGCGACGGCAATGGCCCTACTGGCTGCGCAGGTCTTTGCCCTGATCGGTATGGTGGGACTTCGATGACCAAAACCCCCAGTAACCTGCTGAACGACAGACCGACAGTCGCATAGGCAATGGTGGTCGACCAACTCGTGATATTGGCCTCTCTGCCATTTG,445,56.63,Caenorhabditis elegans
SEQ_361834,CTCTAAGCTAAGATCAAATTTCATAAACCCCTTCAGAACAGAGCCGACGTCTTTGGCCTGGCGATAGGAAATCGTTTTACACGGATGATTCTCTAGTGGGGGACAGTTCTGTTCTGGCTTGTTGATCGTCACCGGACATGGCGGCGCCCATCGAAAGTTCGATTAGTTGACCCATCGAGCGAACCACTATGCTTACAAATGGTGCCGTACATCACCTGCGCAAGCCGGCGCAATCGAGGTACCTTATTTGCCAGTCAGCCGGTTCATTGATACCTCTACGAATAGAAAACAGCCTGGTCACTCTCGATACGTAGAACCTAATTATGTTCCGTCTCAGAGTGGGCAGCCGATAGCCTGAGCTTAGCTCAGGGGTAATATAAGCAGAGTAGTGCCGTCCGATTCAGTGTGGGCCGGACCGCTTAAGGAGCCTTTCTAGAACTTTCTAGTGTTAACGAGACCCTACATTTGCTTACCATTCCTTTGGGAGTAGCTTTCAGGCTGACGCGGTGAAGCCAGACCCATTCTTAGGCAAAGTTAGGACGTTGTACTGAACGGTGTGCAAGGGGTGGTGGAACTCAGTTATAGTTTCTAGATAGGGGTTGAGCTGTCGCGCCGCGAAGGGCCGGTCTGAGGAGACTAAGATTAAGATCCCTTAGCTACCTCGCGGGAATGACCTCCTCTAATATGCCCGCATACACTGAAAAAGCTGCTACCATGCTACCATGACAATAGCCCTACCGAATCCACGTAATGCGAATGCGATAGAGCATGCCTATGCCTATTCAAGGACCACCCAACACACAAGTATGTGGAGTAGCGGTGCTATCATTCTGAACCCAGCAGGTCACTGCGCTTTACATTCCAGAGGAGCCACATCGCTGTATAAAACAAGTGCCCCACTCCTTCGGGAAAGTGAGAGTGTCAGCTAATCGCACCCACGCTGCACGTTCTCTAGTTTTCGTGTACGTTGGTATGGTGGTGGATGATGCCCGCAGGGTGTGGACCGACTTAATAATTATAGCGAGCTCCTAGGTAACTATACCCGAAAT,1049,50.05,Drosophila melanogaster
SEQ_812835,TAATCTGGCGTCGCGAGGGTCAAGCGGACGTCTGAATCTCTGTTTACCCGCCCGAAGAGTTTCCCCCAGCTTCGGCACAACTACTCTCAACCTAACTCGTCGAAGCCTCCTAGAGGGCGTGCTTAAACCCCATAAGTCCTACATACCAGATCGGGCGGCAAGGCTCACCGCACATGGTGGACGGTTTGAGATAGATTCTGAGGTTATCTCGAAGCGTCGAGAGCGTAGCTTGTCGCGGTGTGTAGTCATCTAGATGTACCGGCCTATCAAGGTTTGTGCAACATAAGATACTATGTCACCTTAGAACCAAAGACCGACTATGAGAGAGCGCAAATTACTGACTTGATGGCATGGGAAGCCTCGCCAGGTCGCGTAATTGCCAGCACTCGCACACAAACTTAGAAGCAAGGGCACATGATTTGAAGTAGATAGCGTTGGAGCGGGCATTCGCGCATTCATAGATATGAGGAGATTGCCAAAGTATTGGGGGACATATTGGAGCTTAACTATCTTCATAATCCCGG,524,50.38,Caenorhabditis elegans
SEQ_638955,AGCGCCGTGCAACCAGATAATGTCCTTCTGTTCTGGCTGGTAAACAAAGAATATGGGGAATTTTTTCCGAGACTCGAACCGTGTTACGTCCTGAGGGAAGCAGTAAATCAGGTTTAAACGGCTGTTGTTGTAGAAAGCTCACCGCCAATCTCTTTGGTAGCCTTGGCAGAATTGTTCCCAGCTTTCGTGAGAAGGCTTCATAGCACTA,208,46.63,Drosophila melanogaster
SEQ_465077,AGGGCGGGCCAGTAAATTTGAGATGCGGGCCCACGGAGATCCCACAATAGAAGTACGGCCTGCCCGCCCGAATAAATACGAGAAAGGCTAGGGAGATACGATAGCTGCTTAAGGGGCAGAGACACGTAGGTTCCATGCGTTGGCCGTTGCGTCCAGTCCTCAGCCATGTCCGGGCGCAACTTTTGCTACACAATGTTTGCAGCCCCAGCCTCTCTGGCTGCATTTTTATGCCCGGGTGCGTAGATCAGTTTGCCGATCGTTTTACCGCATGTTTTCCTACGAGCTTGAGAGGTTCTTGACAAAATTTAACTGGAAGCCGAGAATGTTGGGACTACAGCAGGTCCCGTCTCCAAAAGTTGTATAAAATTCACTGGAGGCCCAGGGACCCTACGCATATTCATGTAAGTTGTAGTCCGACCACATTAACGAATAGGAAATAATTAAACACGCTGACGTTTACGGCTTGAGAACTCCCAATCCTGCTCGATTCCAAGGATGCAGGTAGTCCTCCTCCTTAAACCACCAAGAACTAAGCGGAACAGTCGCAATGTAACTGATACGACCCAGGTTGTGTCTTGTCTCCACAGATGCCCAAAGGCGAACAGCTTATCAGACTTGCGATCACGCAGCCCCGGGCCTTTAACATGACATACTTGGGATCCTCCTTAATCAAGCAGAGTGTTGGTGTGGGTCAGTACTGGGCGTCGTAGACGGGAGGCCTCTACGGAACGGGTGACTCCAGGTTGAGTCTAACTAGAAGTCCTACCGACTTTTAAAGCACGACCTAGCATCTTCTGGCTAGAATGGATGAATGTCGCCGTTTCACTGGGTTTTCCCGGGGACATTGCTGACGTGTCTTCCTTCTAAAATACCTTCTCGAGGAGCATACGATGTTGATCGGATCACAAAAAACCGCATGGCCTGAGGTAACCATCGCTTTGGCCCAGAATTCCCACACAGCATAATGGAGTTTGTTCACACTGCAGGTCGCTGCCTACACTGATACTATAGGGCTGCACATGGCTAATGTTTATGCCTGTAACCGTCCCCGATAGTTGTACCCCCCGTTTTAGATGACAGTGAGGCACAACGAAGTTCTTATTCGCAGGAAGATAAACGCTAACCTGCCCCCCAAGAGGGGACAACTTACAACAGACTCAACCCTACCCCGCCGCAGATAAATCGATCTTGTATGGATGGGCCCATACTCGGAGGGAAGGCTTACAATGCTTCCTGGCTACGTGTGACCAGGGTGATTTCGACTAGCACCTTCGGCATTATGGCGAAGCCATATCAACTCTATCACCCATACCTGTGAAACCCCATAGTGCATAAACATTGCGTGAGGCCTGGAACTTTATCGAGTGTATTTTTGGTAGTACCGACTGAATCTTATACATTTGTCCCCATGCTGCGGTGACTGCGTTTGCCACGGCCACCTGTGAACGAGTGTGCTAGCTCACCTAATTCTCTCATGCGTCCTGGTCTAATTTCGATGGTATGCGATATTCGCCGTGCAGAACATAGGGAGACAAGCGGTTTTTATTGACCTAACGGCATTCGACCGCTATCAGTCTGTACGTAGCGAGGGGACGAAGGTCCCGCCTCAGCAACCGGGGCAGGAACTGGCTGTAAACCCTACCCTTAAACTCCCCGGGAGCAACACTAAAGGCTTTAAATTGTGACACAGGCCCAAACCATGGACTTCCTGTCCGTTATGACCGAGCCTACTCAGTGAAGGTCCGAGCAAGCGACACCACCGGCCTGTAGCA,1772,50.79,Drosophila melanogaster
SEQ_901781,GAGACCATGACACCTATATGGTCTCATCAGTAGCTCAATTCTCCGCTTGAGCACAAGGTACCCGATCAGCAAGCCCGCGCCAGAAACGTTGAAGGCCTGCCCGCGGGGATGTATCCCTGGTATGCCGACGTACGGCGACCCGAAGATCGTTCAGAATAACGGTCGTGAGCACAATGGGGGACCCGATATACTCAAAAGCCATGAAAACGCGTGTGTATTTTTCGCAAAATTTCCGACTCTCAGTCTGGGTCCGGACCTCGTCGAAATCTAAGATTATTTATATGCGATCGGCGTTCAATCTTGCTGCACCATGGTTATCTCCGCAGTAACCCGCCTATCCATATAGGCTAACCTAGGGAATCAGCGCGTAAATCTAACTTCACGGCTTTGTAATGTGAAGAGACCGCCGCTGATAGAATGGCGTTTCTATCGAACGGGGCACGTACGAGAGCTCTTGGATATACAGCTATGAGCCCAGGTGCGCGCTCGGGTTATTATCCACCGCTAGCCTGTTTCATCGCGCACACTCTCATCGATGCCGAACTTAATCATGGCCGTATGGCACCTTTGGAGCTAACGCGAACATCGGAACAGTCGAGGTCCGTTCGTGAGCAGGCGACTTCGAGAAGCAACGTTTTGGGAGTATTCTCGGTCCAGTGCAGCTTATTAGTCGGCGGGTGTTAAACGCCAAAGCACCCCCGACGCAGAAAATGCGAGGTCTCACATACCTGTAACTAAGATGCCAAGTGTTGGTAAAGAAGCGACCGCCACCTATAGGCGAGATTCAACGTAAGTAACAAAGGGTGGTACTCGGA,815,51.53,Caenorhabditis elegans
SEQ_282448,CCCGTAGTAAGTAGATTCAGAGTGACTAAGTTGGACTTCGGAGAGACCCCAAGCTGCTCTCCGCTCGGTAGCCGTTCACTACACATACGGTGAGGACTGCCTTTTAATAGTTGCAAAGTCTGCTTCTCCTTGTCTGCCTAGAGGAGATAGATTTTGGCGCATTACCCGCCAAGGATAACCACAATGCGGAGGCAATCGAAGTGATCAGGAGGAACACGGGCACCCATCCGTCCTGCCTGGGACAGCTGACCGAGTGGGAACGTACTCGGGCCCACGGGACGACTCGGTGGTCCAATGAGCTTTAAGGCTTAGTATGTACAGTGCGAAGAGTACCGGAGTCAACGCTCATCTGGCACTCTATAACCTGCTAACTTGATGGAACTAAGCACAACTAGACCTTCAATCCGTTCAATCTCCTTGCGGATCCCAGTACTAACGAGCATACTGTGCTTAGCAGGTTTATACCTTCTTTCGTGTCTTGGATACATCAAAGACGGCACTGGACATGTACGTCCACGCGTCTTCAGAGGCAGGGGGAGCGTCGGTCACCAAAGATAACACAATAGGCTCCC,572,51.75,Homo sapiens
SEQ_405568,GAGAAGCCGCCCCCTGGTTAATCTCCTCCATGGTGGTTTAAGCTTAATCTAATCATACAAACCAAGTACGTCTCGCCTGACGGGCAAGCATAACAGCCGCTATACGTGTGAGAAAAGCTCTTAATTATATGATCCTGCCTAACATCGTGAAGCCGGAAATCTAGAGGTACTCGTCTAGTCCAGGTTAGTTCTAATCTGTCTGCAATTGATTAGCAATTTCGGGCAACAAGACTGTTCTTGGGAAGCGGCGTTTTATCGGTCCGTGCATGCGCGACGTTCAGCTAAGAGGGATCTAGCAATACGTCTAGCGTGCGGTCCACGTGCCTCCTGTATGAGAATACCCCTTGTTACAAGCGAATAAACCCCTTGTAGGCATATCCACGTTGGCGAACCTTCTGATACTGTATTCTTCGTGGCGCTTTCACTCAATCATCGTTTCTGGTACTTGCGTCAGACCCACATTAGCACCAAAGGAAGCGTGCCGATACGAATAAACGTTTGCTTAAGATCATCTGGTTTGGGCCCTTATCGTTAACTGATTATTATGCACGGCTGCATCCAAGCCCGGGACTTAGGTCCCGGTCCTGGACATAACGAGAATACGTGGTTTTCGTGTATCAGACCGCCGCCCTCTGCAGAGTCGTTGTGCACGGTCCTATGTGCAGCCCAAGATGTATTTAGTCAAGTCGCTGCTACTAGTGGTCAAGGGTACCTGGTGAGGTGTATTATCCATCGACGTGTCCGACATGCCTTCAGGCGCAATCTGCACGATGCTGGATGCGTCGTTGATCGCCCCGGTAGCAAACGTCCCACGGCTTCCTACAGTTTCTGATAGGCCCATGTACTGTGCGGTCTAGTCCAATACCCCGTGAAAACTACCGCCGTACGGTCTAAATCTAGTTAAATATCAAGTAGGGCTATCGTCGTCCCGCCACTCGTAGGACTTACAAACTTGTCGATTCTTATTCCCTTTCAGGTCCTCCGACACAAACCAGTGCAGAATTCTACCATGACGCCATTAATAGCGTCAATAATTATTCGCCACACACGTGAGGCAAACCGTTGAATACGCCAGTGTAGTACGCCGCCAGTCGGTCGTGCTACAAGACGAGGGGCTAATTGTTGCAGAGATTGGAACAGATTAAACTGAATCGGAGCGTACGTGAGAGTTGCTGATTGTGGCTGCGCTGTATCACATGTGATGGCATTTGGGGCAATGTAGCCTTGTGGCGATGATTTCAGGGAGTCCTCTACAACTGGCATATTTTACTAATTTGAGCATGCCGCGGTAATTGATCTTTGTATCCTGGGCGTTCCCAGCACCGCGCCCGAACTCAGGGTACGCCGAATCATATTACCGCCGGTTATAATAGGCAGCACTTGCTGCCCAATCGTCATGAATTCTGAGGTTAATAGGAGGGTGCGGGGTCGGATACACTAAGTGCATGCATCCGCGGCGGGTAAATCGAGCACGTAACTGCGTTCGAAGAGACCGTGCACCTGGTCTTAAGGTACACCGTTTACATTGCGCGACCCAAT,1539,49.84,Homo sapiens
SEQ_603240,TTGATACGACCTCTTGGACCCTTTCGAAGCGCGTAGACTTGTTACTAACAGCCCCCCGGGCAAATTCCACTTGCAAAGTCCTTCAATATAACCTTCCAGTGGTAGGTCTCGACACAGTACTGTGGATGAGGATGACAGCTCGTCCTATATCAAGGGCTGTAATACAGCGAATCCAATGCATATCAACAGGATGATAACTGATGTCGACATGCTCCGTCGCGTTAATCATGATTTATTAGGTACCTGGGTCCCAACATACATAACATAGACCAACGGGGACACGGTTCCGAATCGGTCTGTGATCTGGCCTTTTCCCGCGCAGATGCGGTCCGAGTGGTCGGCAAGGGTCCAGTGATCAAAGCGGGGAGATAACTCCGATCGGTATGAGGTTGCATACGTGTACCTAATCTGCCCAACTGAAGCTACAAAGTTTAATGTAAGGGAACCCGTCGGCG,455,49.67,Drosophila melanogaster
SEQ_374353,TCGTCGTTGATGAAGCCTGCTGTGGGGAGACATAATCAAACAAAGGTCTACGGGTGGAGGCGGGGCCCCCAACATAGGTCGGCACCACGGTCTTCCCTTTTCGACTGTTGGCAGCTATCCCCAAAATTCGGGTCAGCCTTTAACCACGTAACAAGATTGCCGTAGGGTATTGGGGGGGAAAATGGAATCACTAAAATTTCTCCTTCGTTCAGCACTCGTAGAGAGAAACGCCGGAGTTGCGTTTGATTGTTTTAAATAGGTAAGACTGGCCTTTCATGACGTACATACCCAGTCAAGATCCCCAGCCTCCGTAGAACAACTAGAGGTTCATTCCGGCAAGGCTCCCGCTCTCCAAGAGGGAGGTGTTTTTTACAGAGATACGGTAGCAAGAAACCGCTGCGATATTCCAGTTTTTCAGTCACCAGTCTCAAATCCGCTACTGTTTAGGCATACCCACTACGAATAGCAAACTGACCAAGGGCCCAGTTCTAGAAAGTTCATGCGGCTCGATCTCTTTGCCCGTCTTAGGATCTCGTGGCGCTCCGGTAATATAGTTTAGTCTGGAGGTGTATCACCTAGCGGTGGCTGTGGTAGTGAGACTTCGTCGTATGGACGGGTATTCCTAAATCCTGAGCACACGCAATAGCGGCTGACACGTTAAGCGAACGCTAATTCCCGACGCCTTCATTTCGCGAGTCACGGGACATT,708,50.28,Caenorhabditis elegans
SEQ_351291,TTTAAGTGGGTGTGGTCTGCTTTAGGAAGGTGCCTTACTTCCGTAGTCGCCCTATTTGATGATCGGCGGTTCCGCTTGATGCGCGAGGATGTTGCTCACCTCCCGAAAAAAGTATCATCTTTCAATTATGGGCTGTATGTGCCCAAATAGTCTTGGGTGGGTCGGCCAGATCATAGACTCAGTGTTGCTGATCAAACTGACGATTAGCACCATTAACAAAGTAATCAACATTGGACCTCCCCCGCTAATGGATGGGGATACGGGCTACGCGATTAACCCCCCCATCGGTACTGTACAGCGTTCCTCACGATGACCCACTAATAGGGTTATACAAGCGGTAGGCTCGTATAGCCCTCAGTGTGGGGGGTTGTAGTCTTCGAAATATAAGACAGGGTGGGACAACGACATGTTTAACTGCAGTATTGACTTGGACGAAAA,438,48.63,Saccharomyces cerevisiae
SEQ_568376,TCGATCAACAGATCGTATCTATCCAGGCGGCTATCATCGCGCTAGCGTATCCGTTAGGGGAAAGAACATCGTTCAGGACGTGGTTTGCGTGTGGTGTAGAACGCATGATCGACGCTGCGTTCCTTGACACCATCACAT,138,51.45,Arabidopsis thaliana
SEQ_583583,TGGATGGTATGCTTCAATTACGCCACCGGATCCATCGACACGCACGGAACGAACGCGGTATTCACTTAAGCCTTACAACTCTGGACCAGACGCTAGTTCTTGTTGCACAATTTGTCGCGAGCCTGGCCTCTAGTCGGTTAAGTCGTTAATTTCAGCGGACCTCTGGCTATACGAAGAACGCGTACACGTTGGATAGGACGGCTTTCCGATATGCACGATACGCCAAACTAGACTACGATGCCCGACTGTCGGGTACGTTAAGGAATGGATATGGTCCTTGAGCTGATCAAGTTAACTCTTATTTCTAGATCAGTTAATTTTAAGCCTTGTAGATGAACTGGGTAAATATGCGGAGTGAAATTAAGAACATGTACTGATATGTAAAGGGTGTCAGTCAATGCCCGATCACAGTTGACTCTCAGGATTCCTAAGGTGGCGCGAGGCTCACATGTCGGTATATCACTTAGCTCAACTCTAGGTTGGAAACGCGGACCTAAGTCATTCTAGTCAACCTCATGTATTTCCTTCGAAATTGGGTTGGTCCGGCCGAAAGGCACCCACATTACGCTCGCTATCAGACACAGATTAATTCTAAGGTCCTTCCTTCGGGGTTTGATGATGAATGTTAATCTCTTCACTGCCGGCAACAAATCTACTTTATACTAGATAGCTGCGGCGCATTGGATTGGCATAAATCAACGGTGGGCGGGGAGGGCACGTTCTAAAAGAATCCGTACGTAAAAGGACGCGCCTATAAAGTGTAAGATCACAATTATCCTACCCCTCAGCGCGTGCTCTCTCTGGGTTGACAGATACCACCCTCGGCGTTGAGACTCGTTTACAGTCATGGTTAGCTGAAAAATAGCTGCCGACCGTATTTGAAGCCACACCGCGTCTAACCTCCTGATATCCGGGAACATCACCAGTTCGTGGTGGACTCAGGTAGGTTTCACGCCACCGTATTGGCATGAGTACGTACAGGCTGTAGTGACGCTAACTGTATCTTCATTAGTAGTGTACCGCTAAC,1027,47.61,Homo sapiens
SEQ_546054,CAACAAGATGTTACACTCATATGGACATAAGTGCCACTTCCTCGGTCAACCCGGGCACCTAGCTAATCGAGCTGTCCTGTACTCATACGTTTCACACAGGCAAGACATGGGCGCTGGTAATTGTCATAACTGTTAGCAACAAAACGACGAGTAGGCAGCGGATGTCCTCACTGAAGGTGAATATGCTGCTCCGTTTCTCAATGCTGAGGAGAAGGGGAAAATACAAGTATGTATATGGGATTAACCCCAGAAGGATCCCTCCATAACTCAATCCCCTCCCAACGTGGCCGGCTCGGATACCGAGCTGTTACCCAACGTCAGCATAGCGCTCGAGTAGTAATAAGCCAGATTGATTGGTTACGCCTCAACTTATGACGGCTAAATTTCCTGTCATCGGGGGATACGCCAGCGGGATGACCGCTAGTCTAGTGTTTGTCCCGCCCCTGGTTCACATTCGAATTTTCTTGTCAAAACGCATCAGCTTGTCGATGCAAGCAATGCATCGCAGTATCGTACAGACGATACCGTGCCTTTGTAGTCCAACTTGTGAATGTCTGCTGTGCTCTCGGCCGTGTGCTGTCAACATACCGGGTTTATTACTCAGGTAGGCGTTTATGTTGTTGCTCATATTACCGGACACACAGAGACACTTAGCGAAATCTTCTGCCGGCAATGACCTGGCGTTCCGGCATATACTACGAGGTACAAACGGCGAACGTCAGAGTGCCAGGAATAGTACGTCTCGCATCAAACACCCAAGGTGCCTCTACCTCGCTGCCGTCT,783,49.94,Escherichia coli
SEQ_235075,GCTAGGCCTACTACTTTGGCTGTAACCTTTGCTGAGGATCGAAACGGGCTGCTCAATCACACCCGCCCAGAACTACCCAAAGCGACGTAGAACTGCTGCCTCTCAGGCTTGCTGGATTGCCCAATTTCCCAATATCCCCACATAACCCTCAAGCTTTGAGAAGAAGGGT,169,52.07,Drosophila melanogaster
SEQ_985574,GCCATGCATATCATCAACGGAATCAGTGTAAAGTTTAACGACTCTGCAAGTACTTCACGCTGCTTGAATCATTTTAATAAACGGTAGACGTGATCTACCGCTCCATTTTGGACACAGAGTCCCTATCGATGGGAGCACATGATGCGGAGCTTACTTCAGGTTTCTCAAACCTCACCTTCTACGCAAGAAAGTCACCATAGTAATACCTGGACCCTCAGGCGAGGGAGGTTCCAAGGCTCAGATCGTGGTGGCGGTGCGGAAACCTAAATAGGGGATACCTTACGATAGCTTTTACTTACTCGACCGGTCGGTAAAAAAGTAAAGATTTGCCCCCTAATGCGACGATTCGGCCCGTCCGCGATTCGACTGAAGGTGTTTTTTACTGAATATCCGACACAATGGACCCGCCTATCTTTGTGACCCCCCCTCGCCGCCAGAAGCGTCTCAGTTTAAGGTCGCTGGACGAACAAGGATGCGGGAAATATACGCACATGTCGCAGAATGTACCTGCTTGACATCTATTCCGTTTTTAATTCGGGGTGATCGCTCGTACGAATTTACTAAGAATTGGCACCTCGAAGCTTAGCCTGTTTAGGATCCCCCAACGGTCAGGGTCATTGTATGACCATGGCCACCCGCAATGACGCCGATGCCAACATTCCGTTAAACAGATAATAAGAGTGTGAATTAGGCGAGCAAAGATACCTCGTGTGTGGGCGCCTTACACGCATCATATAATCATTATCACTGTCCGTCCCAGTTCTTGTAGGTGTATAGATAAATGCTCTACCGTCTGCTGTCCACTTAGGGGATACAGCATCTGCGTAAACTAGTGCGGAGTTGGCCACCATGGTATGACACAGTCTTATAAATCGCGCGAGCTTGACGCGTTCAATAACAAGCCCCGCCCACCAGAACTAAACCTAGCCGATCAGCCT,938,48.61,Saccharomyces cerevisiae
SEQ_403676,TATCTAGTTTTGTACAAGGTGGGGTACAACGTTCCCCGGCGTTACGAGAGTTCGACCACCGACAGCACGAGGAGTGTGCGGTCACGGCGTGGACGGATGCCTTGTAGTGTAGTGCTCCACAAAGAATCCGTAGTGAACGGATTGAGCAAGCGTTTACAATTTGAGTAGTGTTACAACCTCGAGACCTAGGCCCAAAGGTGCCTATGAATCGTACCCTTAACCCTGAGCTCAAGTCCACTAGTTAAGGTCCGACTATTGTTCCGAGTAGTACAATGCACTGCGCGAGGCGGAAGTGCTCGGCGGCTTTGAATGATTGACCTCAAATTTGGAAAGTACGAGGGTTCTATCTGCACGCCCCCTGTAGGCACCGTCTTTCTACCGCCAATGTTGGTAGTGAATTGTCCGTTGTCTGCGGCCGGCTCGTTGTCTCATTCGGCATGCTTGTAACTCCTCAGCAGGTTATATGTCAGCACTGTTTAGGCGTCCTTCCCAGATTTAGCAATCGGTATTCGTACTCAGTCCGATCTCCACCCGGCCCGGTTTAGCCTTAATCTCGCGTCAAACGTCGAGAGGCATAATGACGTTGTAATCCAAGCAGAGCTGTTGGCGGCAAAAATAATAGTCACTCAAACGCAATCCAGTGAGCCGAGTTGACTGGTTATTGTGGAAGGTATCGCTGCTAGTGGAAAGCCTTATCCTGTTTTCGACGCACACGGAGGTCACATCACGGCAAACACATAATCACAATCAAAGAAGATGGCCCTGTGCGATGAAATTTTCCCCGGCTTCCCCTTTTTCGTTCTTATCCCGACCTGTTGTTGTACACTCCCTATCAGCTCACGCCGTCGGCAGGATCGTCTCCTAATCGATAGGTTTGCTCGCTCGGGCCCCGTAGCCGCTTGTCTCGTTTACGATGAAGACCGAATCCGATAACATCTTTTTACCACAAACGTGTGCCAGCGCAAGCTTGGTTAGTTGCTTCCTTTGGGAATATGTTGATTGGGTCAGGCGCCCTTAATCCCCTCTGATCCTGGAGTCGCCATAGATCAGAATCGCAGGATAGGAAGCCTGGCAGCCAATTATCTCAATGGTATAAGTACAATCAAGTTGAATCACTCACATGAACCAGTCCCAGGAGCTGCGACCTTTTCCACCGAAACCCAGCCTAAAGCACTGCGCAAAAAAGTAGTGGGCTTTATAACGTGGGGGCTACGAGAAATGGCCCCAGAGTCGTCACCCTAGCTGTGATGGATGCGGCATCCGTTGTGTTTACTTCCCAGCACGTGGCAGACATTGCCTAGAAATTCTGAACAACCCCCGCCTCGCGGGGGCGCT,1335,51.09,Drosophila melanogaster
SEQ_338469,GCATTGTCACGTTGTTTGAGTCTTTAAATTCCGGCGTCTGTGGATAAACCGTGTTCTATCGGTCACAACGATACTACACCGAGTAGTCAGAGAGTAATTGCCGCGTTTTATCACGTTCGTAGAGGGGGAGAATCGCAGCAAACGAGGCAAGTAGTCCGCAA,161,47.83,Drosophila melanogaster
SEQ_292057,AAGTCATGGACTTGGTTGGTTCTCGGGTTTAGGGCCCTGTCGCCAAAATAACTCACACGCCGGAACCCGTGCGGCATAAGATTCACTCGAATGTCGGATAGAGATAGACAGGTACCGTTTCACCTTGTTAATCTCGCCCGATTGGTCTATCTAGCCGAATAATAATGACCAGGGGGCCCGCTTACTGCGAAGGTTGAGGGATACTGTCGGTGTTCAATTGCAGTTACCAGGCGTAGCCGGCCAGGGCCGGGTTTAGCATTTTTTAAGAACCCGGATAGGACCAGACCCATTCCTAGGAAATAACCGCGCACACAACCGGCAGTGGGGCTTTAGGTTCATCGGTCCTAATCAAAATTCCAGAAGGATATTGAAAGAGTACCGACTTTGCCACTGTGACTAACAACTAGACGTCATTCGAGCTCCCCCCTAGGTTTTACAACGCAGTATCCACATCATATGACTTGGAACGCTACGACGCCAGCGGTGAAGTATGCCACGCAAACTCGAGGACCCATCCCATGTTAGGACTGGTCTAAAAGATAAGGGGCATATAAGGACAGGAACCGGTGAAGTTTGGAGACTTAACGGTGCCGTAAGACTGACTTTCTATTCACGAAGTGCCCGGGCGGAAGCTAACTAAAGATAAATATGTAGTTGAAACGTCACATGGGCGTTGCGATAATACCTTGTCAACCTTAACGGGTGTAGAATATGCGTGTCGGGTACAAAAAGGGGTCATTCTCAGAGTACCCAGGCACACCCCCCCTCTTGCATGCTCGAAATTCTTCGTCACCGGCCACGAGCAGCTAGTGTAAGTATTCTTAGTATGTAGCTGCATCAATGCCATCAGTACTAGGATTCGAACCTAGGCGCGCATGGCAACGTCCTTCGTTTGTTGTTCCTTATGCGCGGCCGGAATTGCGGTCCAATAAGCGGCAGGGATCAGGGCTACTACGCCCCTGCATTTGTCAATTTCTCATCTTCATAAAACGACATGCGCTGGCGAGATAGAGCAAGTACTCAGTAACCGGAGTCTCTCTCAAGCCTATAGTCGTGACTCGATAATACAAGCCTAAGCAGGTAAGAGGATATAGCTGTTTCGGTAGTTATTCACTATGGGTTATCCCAGGGCTAGTGGCCGTGTAAACAAGTCATATAACGTGTCATCCGTGGCATTGTTCCATATGTACGTCCACCCCTGATATTAAAAATCTTGACGTTTTGTTTTTTCGCCATGAGTAAAGGTATTGATGGAGAAAGGTTTATACATCTGCTCAATAACACCAGTTAGTCACGAGAGCTCTCGCCGGTCAGACACCTGCCTAGTTGGCCCCTTCAGACTTCTCATACACGGGTAGCTCTGTCTGTTCGCTGACTGGGCCCAACCCCATAGTCTGTTGCTCCCGGATTACTGCGAACGCGGAACCGCAGGACTTAGTTGATGATAACGCCCATGGGACGAAGCCTTTTGTATAGCTTTGATGCAAAGTCAATTCCGGGATACCGAAATGTGACCAGAAGTGTATTGACTGTGGCGAATCTAATCAGGCTTCAATGTACGGAGATAACACGAAGATAAGGATGCCCTCGCTAAGTCCTAGAATAATCGTGCGTATATTGGTAACAAGCCCAAGTATCATGCCGGCCCACAGTGTGCAGGTGACGGTTGCCTCGTGCCCCATGACAGTCCTTTCTAACTAACAACTCCGCTTAGGTCGCGAAGGGAGAGTAAGCCATTGCACGCTATGAGAT,1752,48.92,Arabidopsis thaliana
SEQ_937500,GGATGGTACGATTGGAACGAGGTGGGATGCACACGGGAATTTACGTAGACGGCACTAATGACGCCACGCCTCCCAAGGGAGCCCGAGGAAGGATGCAGAGAGAGCGTTAGCCCGCCACGACAGCTATACGTAGACCGAGGTAAAGGTGCAGGTATTCTTACAAGCTCCTCCTTCACTGTCGTGCGAGGACGTGGGAGCGTAGTAACTGTGATGTCCAATTTCTGAAGAATGCCTCAGTACATCATTGGAGGTATAACAGGTTCGACCGGACACACTGCACTTGCTGTAAATAAGTCCTAGAAATAATTTTAGCATTCCTCCATTCTGTGTCACCCTAGCAAGACCGATATGTACCATCCAGATGACCAGACACTCAGCATGGATCTGGTGACAGTTTACGGTCGCCGCCGTCTTCTAGATCCTACAGACTGTCCGACATACTACGTGAACTACGCCCCGCCTTGACATACACTGCGATGCGTTCCTCCCGGGAAACTGGGGCACAGTTGTGCACGTTATTCGAAACCTTGCGAAGGCGATGACGCTCATATTGCCATTGATCCTGTCAATGATGAGGACACTGGGAGATCCTTTTATAATAAGAAATACATACCAAGGGATTTAGAAGATCATACGCTCCTAAGGTGTGATCACATTTGGCCAGTATGGGGTTTAGATACTGTCCGGCGTAAGGCATTCCATTCTCACGCTTGCAGGATCCTTCGGGTGGAACGATCGTGTGCCCGAATATCAAACCCGGGGTAGAAAACACCTACTCCGCTAAGGCTTCTACTAGCGAGAATAGTAGAAAATCGCGGATGCGCGACCCATGGTTGAGGGGCCTCAGTCGTACTTGGTGGTACACACGATCAATGCGCACTAGACGAATCACAAGGCATGGTTTTAAGGCCACTGTTGGTCATGATGTGAGTTTTTGTGTTTTCTTGGTGACGCACAGACTTCAAGCTGTCTATCAGACGATGCATGGTGCGCATCTGTGTGCGCAGTCGATTCGACAAGTAGCATAAAATTGTATGGGCGGGACGAAATAAGCGTCTCCGTCAGGAGGTAACAGTTGCCATCAGGGCGGTAAGATCTCACTGGCTGTATCCCGGATGATTAGCCACCCCACAAAGCTACTGATTAGTCGGAAAGAGAGTCCTTTATCATTTCGGGGATGCGGGTCGCGGTGGACCGTGATAAATCTTAAAGGTAGACTCTTGTATGGACCTTAAATGCCTGGCGGTCAGGTACCACTCACCTCTCAAGTCATAAAGAGGAGATGCGGCGCGGCCTCTGGCCACACTCACCATGATCTTGCACAGGCTTATTTCAGCGTGTTAGAGGACCACCTCAGCCACAGAGGTCCGCTCGGGCTGCTCTCGTAGTGCGACTTATAGTGACTTCTACCGGGAAAAACTCGATAGAACCACTGGAGAACATTCCCAGTGAGATATCGGCACCACACCGACTCCGATCCTGCGGCGTGGGCGCATCGGATGTGCCTTCTACTTGCTGAACCTACAAACACCGGAAGAGCTCTAGATCGTGTGATGGATTGCCTAAGTGAGAGTTCAAGCACGACGATGAACTTTGCCGATAAGGGCTATGCGGGACGGCCGCTCTAAACTCATATCGCTGTCTTACACGTTGCGAGGCTCCTCATACACTCTGATGAGGGTCAGTTTACGGGTCAACCAATAGGCTTCAGACCAAGGCAT,1721,50.84,Arabidopsis thaliana
SEQ_658088,TTGCAACTACCGGCCTGGGTATTAACTCGCCGACAAACTCCTCGGTCGCAGCTTTCTTCCTCTGTGCGGTTGTTATCAGCCTGCTCTGCCGTCTGACACGGGGGTATAGGTTAGGCAAAATCGCTGAATCGCTGGATACAGGTAATCAGCCTCGCCCAGATACCACTAGGATGCCGTGTTGTAAAATGGGCTAAGCGTTGATACCAACATATCGATTCCACTTACCGTTGTCACCAATGACACCCGGCCGATATTCCGGACCGTACGAGGATAAGCCAATCGTATCCCCCGCCAATTTCGATGCACAATCCAGATTCGAGTCTAGAGTAGGAATGCTGCGTTAGCCGATAAGTCGGGTACTGGGTGTGTGCTATCGTTAGCTCTTCCACATTGCCTTTCTCCTGGGATTATATAGTGCTATGGAACACCAGTCGGGCCCAAACGAGATGCCACCCCGTCCTCTGGAGGGACCCCCCACCCAGATATGAAATCCGTCAGATAACATGGTCTAGTCAGAAGCTTTCGAGCTCTTATTCGAGCGCAGATCGCCGTTTCCGGACTAATCTATTCCTGATACGCAACTATCATATGGGTAGGAACCTTCGTTGATTGATCTGGAAGTGTTGAGCAATCCTTAGAACTAAGCATCCGCGGGGCCATCCGTGGAGGTAGGTCGTATATTTACGCCCTCGGTCCCGCTACGGCTGGTCCCCGGCTAATACCTTTAATGGTAGCCGGCACCTTCCGTCCCTTATAGAAAACATTAGGTGCGGCGCATCAGCCGGTTCGGTGCCTTTGAGAGATCGGAAGGTACCTAGCCCAACAACCTAGGCTTTAATTCACGTGAGATCGGCCCTACCGTGCCGGTATGGCTAGGCTAGTCTGCGACACAACATTTATGAGGGCGCCAATCGAGCGCGTCTTAAAGGGACGGCCAGCATACGTAGTCATATTTGTGCGCCCCGCCTAGACTGCGAGACAACCCTTTTGCATCAGATCTGAATGGTCGCATTGGCGGCAGTCTGGCGGGCATTGCTCGACCATCCGGAAGGCACCGTTGCTTCTCTGGAAACGCACGCGGACGCAAAACAAGGAGCGTTAGGAGTGCGAGCTGCCCACCAATAACTATCGATATTGCGTTTAGAGGATGGAGTTGAGCAACGAACTCCGGATTAGAGCCCAGACGGCGACACCATAATGCGTGAAAACAACCATGAAGGCGTCCCGATCGCTTCATTACAATCAACCTTTAAAATACCGTTTGTGTCCAGCTGCCTGTGGATTCAGCGGCTAAGAAAGAGTACTGAACCAGCCACCTAGCCTTTACAAGAGAACCAAGGGGCGAACGTCCTGGTTGGCAAGCGATTCTGAGGAAGCCCCGCGTCGAAGCGTCAGAATATAACAGCTCACTCACCTTGGAACGGTTCTCTTTGGCCCACCCCGTCTGTTTCCTCAGCCAGTCCCGGACAGGGACGAACCAGTTGCACGTTGCAATGTCTGAACGTTGTGGCCATGGCTCGAAATCGCATCAGCCCATAGACCCGGAAGCAGCCGCTCGCGGCCTAAGGGTCCGCTTTCCGGATTCAGCCCTTGTTCGCACCCAAGAAGGACGACAAAAAGTCTGGAATACTAACACATGGTTGCCAGCCGTGTCCACGGAAGCAAGTATGTCGCGGCGATAAGATTTTCCGTTGGTCCTTTGCGCGCAGGTATTCACCCAGCGCGTTGAGGTTTTCTGGGCAAGTGAGTGGCTCGCGGCGATTGACCCCGAGGGGGGCTTTCGAGGATCAGAGATTCCCAGGGTTCCCTGGGCGCGCCTTGCTCCTAACGGTCCTAACTTACAGAAGGCTCTT,1853,53.64,Drosophila melanogaster
SEQ_377169,TCGTACGAGCACCTGTTCTCATAATCCCGACCTGAGGGTCCTACGTGTTTTGCCGGCTTCACACTAGAAGTGTGTCGATTGCTGTAGGTCCGAGGACGACCTTAACCTGAACAACACAGCGAGTGCCGTATTTATGAGACGCCACTAGGCCCTTTTGTAATGAATAAGCCGGATGCGTACGCGTGCAAGAATCATACAACGACACTCGTTAAAAGTCAATAGCCATTGTTTTCGGATACATGACGCTCTGACTTGAACTCAGGTTATTGCGAGTTTTTCGCGGTCACCATCCCGATAGACATTGTGAGCTTCTAA,315,47.94,Caenorhabditis elegans
SEQ_223836,TAAATACAGTGAAGCATCAGGAGCCCTAAAATCAACTGCAAGAAAAAGAGAATGCTAGGCTCCCTCGCAATGTGTATTCGGGACAAGGTCAGTGTCTTTACCCCTTCAGCCAGGAAGCGTAACTCGTCTATAGTGCTGAATTTTAAGATTGCAATAGCGTAAGATGATCTATTTCGACTCATCTAACCTACAGTGCATTCCCGCACTGAATATCTACCGACACTTCTACAACGGCACATGCGAGGTCACGGCACGACAGTAAATTAACGCAAGCCGGGACCACTGATCGTAACCAATGGCACCGGTCGTCCCAGATGCTCTACAAAACCTGGTAACCCGGTGACCTTTAGGGATCAAGTCCCTGTTCTTGGGCATTTATCTGGCCTGCAGAAGACGGTGCGTGCAATATAGTAGCGCTAAATTCGTGCGAAGGTATAAGACGTCCCACGGGGGTAAAACCAATCATTGCCCTACAACCGAAGTTTCCGAGCCAGCACTGCAATAACGTACATCGCATGGGGAGCGCATTACAGTCAATACGGACCGTATCTAGCTCTGCCATTGCAGAGCGGGCCCAGGAAAAGCCCTCAGTATCTCTCTCACAATCCCCCTGAAGTAGCCCGCTCTCGGTTCGTGATCCACGCTGTAAAGCATGGTCGCGCGAAGCGGATTCCATGATATGGAACAAGTAATAAGGGATAAAATTATAGTCAGCGCATCCGAGGCCCCGGGGCATGGGGTCACAATACACGTCGTAACTTGGCCAGCTTCAGTTAGGGTCTCTCCCACCAAGTGCAAGGTCTTCGCAGACGTCTCGACCCCCGTGTGTTAGACTTGCCCAACGCCTCCTCGGATTCCGTGATTGCCCTTATAAGTCGATTTCACATTCTGTAAAGCAGAGTGCGCAGCTATCCTCATGCTCTAAGGGATTATTGTTTCGTCACGGTCGCGTCTACTTAAATGTGTATAACCCAGGTTCTATATTCTTTTATTAACATGCATCATCGTTTAGCCGGGTGACTCGAGTTCGCAAATAATTTCTGGCTTAGCGTGTACCTCGCTGACAAAGACTTATGCTTACAGCTGAGTTTCACATGTCTGAATGTTATGCTATATCGTAAACGTAAGCTTAGAGGTAATACACAGGCAAAAACTACGCGCGATTGGGACATGATACGCATAGAGCCCGGCCTACGTTAGGAGCATAAGCCTCTCGTACCCCTGTACACTGCCCGGCGAGGCCTTGCTGACAGGTTGACTCACGCCTTAAGGGCAGAATCAGAATCCACCACCACAAATTCTTCTCCTTACTGACGC,1317,49.13,Homo sapiens
SEQ_499431,ATCGTGGGAGTCTATCGGGTAAGCAGTAGGTGAATGACGGCCCTTTGTACCGTTAAAAAGACCCCTTCCTAGGGTGGAGTCAGACGCGCCAGGGGGAGGATAATAGGCTGCGTACTACGTCTGCGGTCTCCGCGAGGAAGGCAATGAACACGACAGCCGGATGAAGCCCCTCAGAAGTTGCCATATCCCTATTTGAATTAAATTTCACGCTCACAAGGTTGCAACCTAAGATTAGGCACAGACCGCAGCGTTGTTGGTATTGGTCATATCAGAATGAATACATTCGTAGCTCTTTTATCAGGCACCTTGGACCCAAACAATAGTCGTCAGTCTTTATCTTGGTTCTTCTTTTTGCCGGCAACCGTATGGAGACGGGACGCTGCATTCTGGTCTACAGGTAGTTACGCATACCTGGATTAATGATTTTCAGCTCGTCTCTCCGGGTTATGAAACTAAGTGTCCCGTTGTCGAACATCGGAGCTAGTCGCTGGCCACTCTGACCTTTCCCGCCCCTTGACCCTGAGGCTAACGTGAGTAGCCTAAAGCAATTGACGCTAGCGGACGTCGTATCGTGGCCTCGTATGCGCAGCGCAAACGGTGCCGTGTGTCCGGTCAGGACGGTTAAAAAGTGAAGTTCGGCTTCCTTTAAGGTAACTCAGGTTGTCTAGATGCAATAGCCGAGGTCGTGGTGAGCCGCAATAGGCTGCGGGATTGACTTTTAGTAATTCACACCCAGGACCGCCCCCAAGCTGTCTAACTTTCAACAACAACATCTAGCACATCACATGTGAGCACATGACACGATTAGATGCTACCTACCAAGCAAGACGGTTATCTGTACTTATACCGTCGTATCCCCTTTTGGACCTACACGTCGTCCGTCTACAGAGGTTCAAGTAACTTATGGCTTCTACAAATGCATGTGCATATTATTTGCTCAACGGCACATTTCTATACCACCTGGCAAATAGTAGTCGTGTTCACCCTCCACGCGGGTGGAGGGTCGGCGATGGGGTGATACACTATTGTTGCGTCCAACCTGACACTGGCATAGCCAGAGTCAATTTATGTTGATGAACAGGGGTTGCCCTACTCCCCACCAAAACGTGGTTACGCGGCTTAAGCGCGGTGTCGTTGGGAAAGCATGCATATTCGAATCTGGTGCATTAACCACCTCATAAAGGCCTATCTAAACCCGTCGTGGTGGACGTCTGAGCTACCCTGGCCATAATAGTGTTATAACGAGGTGCCCATCCCCGTCTCCCCGCGTGTGCAAGATACGGCGTAGTAGTCCCCGAATGTATCGTTCAAAAGTACTCTCATTTGAAAACACGGTCTGTTAAAACCCTAATATCCTAGTATCGTATTCACGGGTGATGCGACAGGAAGCCGAGTGAAGTGAATTGGATCACCAAGAGAAGTGAAGGTGGCCTTGTGGGGGGTATGCGATGACTGTATTGGGTGGGGTGCGCGGTTCGATTATCGTGTTCGCTCACTAGAACCGGTTTACATCGTTAGGCGCCAATCTTCGACAGCTTCGAATGGACTAAAGGCTACGAAACAATAGCTCCTATAAATCGCACGAAGACAAGCATTACCCACGGCTGTAAAAATAATTGAATAAACTCTGTAAGCTTATGAAACTTAACGCGATTCGAGAGCCAAATCTAAGGGTGGTACACCCTACGTCAACAGTCTCAACGAGGAATGACAGTTGTTATTTACGGTCTAAGAAACGCGGGTGTCGTTTCGAGCCATCTATAACACCAACTAAATAAGCCATATCCGCTCCCGGACGTTCATTTTTAGTGTGGCCTTCTCAACTATTGCTCGTTTGTCTATT,1843,48.78,Saccharomyces cerevisiae
SEQ_914372,ACATCCCCTATACGAGGGGAGCCTGTTTGGTGATCACGCTCTAAACCCGAAGCCGCTAACGTCCAAAGGCGAGCTCACATATGCCAATGTACTTGTTCCCATCCGGCCTCAGAGGGACGTACTGCTATCTCGACAAATTGCAAGCTAGATGTGCTACCTGAATTTCGACGATTGGGTAGTCCGAGTTTAAAGCTGCTTTAT,201,49.75,Arabidopsis thaliana
SEQ_750439,ATTTACGACCATGCTGCTATACCTGCAGGTATTGCCATATTGATGTCTACATCATTGCAATAGATTCTGTGATAAACCTATCATAGGGAGTCCTCCACATGGTGATACATTCGGGACAGAACTTTCAATCAGCCATGGTTTTGGACGCACTGTACTTCGAGATCAATGTGCTCCGTCATATTCACACCAGCGCGGTATATTACTCATTCTCTTATTCCGGATCATATACGCACATATAATATTATCCGTCTCGGAGCTAGAGGTCCTATCCGTCATTACCGTGACTTGACGGACGTCCGGAAAGCTTTGAACTCCCATCGAATCTAGCATTGCATGGTTCAGTCCCGCTCGAAGATCATTGAGCTACCCGGCATCGGCAGCCCCAGGAGAGCGTTGAGGTGTAGCCTCCCAATGTGACGTCATTTTCCACGGAATTACGAAAGGAACTCGAAGAGCGTTCTGGTCTGCCCAATCCCAAGTAGTAGAGTGACCCTCTACTGCCTGTCCGGAATACCTAGCGAAGGTGATTAGGTTTGAATTTAACTTCCCGATTGCACTCCACGTCGGCGCAAATATTCCTTCGATAAAGGGACAAGTGCGTAATGGTAGCGTAATGCTCTAACGTGCACAACGAAGCTGATGTGGAGTGGCACTATCGCCCGTATACCCCGTTGGGTTTACAAGAGGCTGTTACTACTACCCGAGTCGAACCGTGTATACCCCTGATTCGACACCCTGGACAGAGGTTAGGGTAAATCCGACATCCACCCCACTGCGTCTTATACTGCAATACGGGTAGGATTCACGCGCTCACTGGTTAATTTTATGTTCCCTATAATGGACCTGTTCATAGTATTCTGTACTGGGACGGTTGTCAATAGCTTAGTCATCTCTTCAGCAAATTATATCTAACGCTCTACTCAAGGCCTCAACTCAACTCAGCATCGCTTACTCTCCCTTTTGAAGGAGTAGCTTGGCCGGGGTAATGACACCGACACGAGCTCGGTCCATTGTCACCATGTGACGAACGCGGCGAATGCCACTGTTTCACCTGACAATCTACGAGTCTATCCCTTTGGTCAACAAGTACACCAAGCATTTGTCCTA,1107,47.88,Arabidopsis thaliana
SEQ_335243,GAAAGTACCGCTATTGTTGGAGGGAACGTACCTGGCCATTTCCTACGTTATCAGCAATAAGTTACACACAACGTTGGGTCGAGCCCTTACCAGGACTACCTGTAGCATTGTATGG,115,47.83,Arabidopsis thaliana
SEQ_631927,CTGCGTTCTCAAGGGTGCTCTGCGCCGGGTAGAATCGATATGACACCAGGTTCCGCGGCTTTCTGTAGCGTCCATACCAGACGAAACGTATAGTGAACATCGGCAGCACGATCTATCCAAATAGATCAGGACCCTGTGCTATCAAGATCCTACTCGGTGTCAATCGTTAGGAACTGTGGTTGAATTGCAGCTTTTGGTGCCTATCGGGAGGCCTGTAGAGCGGCCATTCTGCGTTTATTGATATGCGAGCTTTCCATGCGTTGCTACGATGAAAAAAGAGTTCCACTTCCGTACGCTCTACACCTGTTTACGGAACATGCTCTTCTAAATATGTGAAATACGTAGTTCCGCCACTTGAGTTGACCTTCACTAACTACGTGCCCGGCACTCAGGGTGTCAGACTTGGGGCTACCGCATAGTGTTCCTTAGTAGACGAGATCGTTGCCCTCCCTGGGGATCCGTTTACTATCGCCATCCTGTCGCTGACCATCCCCTCCCACCCATTGCAAGTGCCAAACGCTGATACGAGTCTTATCGATGAGGCATCCAACCTACAAAACATCAGTAGGAAGTCTATCCCTAGATAAGACAAAACTTCCGGGTCGGACAGAGAAGGGAACTTTTAGTTGGAAGCAATCGCAGGATGAGGTGCGGTTTATGACCTCCAAGCCCCATCTGCCAATGGGACTTATGGTGCTAGAGTTTACTCGGCTTAACACTACGCGGGGAACCTAGGGCGCTGTCTGAAGTGAAGGGCCGTTTTGGCCTAAAGCCGTTTAACCGGGAGCGTGGATACGCAGCCGACCATCAGACCAGGAATTTCGTCGCGTGTCCAACCAAGGTCTGAATCGAATTTCTTCGGTACAGACGTATCATCGTATCCCACTTTGGTAAGTTACAACCGATCGTGGTGTATAGGGTGCATCTCTCAGGGCTACGTTAACTTCTTATCACCAAGTGTGTACTACAGATCTCGACAAACATTACTTTCCAGCTGACCTTTCTTATCCGCGTGAGAGCAACACAAACACGGATATGCAGCGTGCGGGCGCGAGCCAGTTACGAGGTAAGCACCAGGAGAATCAATCCGGTCCCGCCCACCAACCAACCGCCATTAATAACAATATTTTATGTACACGCCGGTAAGGGTTTGCTGCCCATCGTCATACCGTCGCCACAACCAAACGCCGTTGCGTGGACCAGACTTAAACATCTAGCAGGGATTCACCATACATAAGTCTAATCGCTTCTGTATGTGGGGAGATTGTGTCCAGGCCATCGGCAGCACCGGAAAGTGCTCTCTCTGCTAATATCTTCTGGTTTTACCATAGACGCCGTAAGCCCGAGTACGCTCTGTGCCAAACCCGAGGCCGGTAGTATGCAGAGTCGCGCAGGATGTTAACGCCGCGTGCCCTCTCCGACAATAAAATAATCCGTACCTGGCGTTTTTTGCTTCATGAAAGAGAGGCGCTGGAACGCGATGTATTTGATTTGTCAAATGACTGGAGTTCGGGCGCTACCGAAACCCATCACGGCACCCATGAATCCGGCTCCGAAGTAGCTCATTGCGTTCCAGTAGCTGTGCCCGACACCATCAAGCCATACCCTTGGGACTCAAGATAGCCGGATGATGAACTCGCGGTACGAATGGTGTACAGAGAAGAATCTCATAGACGGGGGACCCCCGTGTACACGAGCTTCCACCTGCGCGAGATCGTTTCATCCGGGGTAAAGAACGGCAATGTTTCGATTCCGCCTGCCTTTCGACGC,1770,51.3,Arabidopsis thaliana
SEQ_721247,AGCTTCTATCAGCCCAAATGACTACTAGAGAAACGATTGCGAACAACTGGGCGCGATCTGATGGGATGTATCACGACGTCCTCATCAGGGTGCAGAGATTGGTGCTGCGCTTGGAGGTATAAGTGCCCGGAACTTAGGTGGAATCAGAACTGAAGACTGATCTCTTAGGATACGTCGTGTAGGTGTTGCCTATAATAGTTTGATTCCCCTCGGTTGACAAAAGTACATAAGTGCCGACATCATATCTTCCCACTCGCATCTCATGCTTCTCTAAAACTTTGGCCTGGAGCGACCCTATATCTGTAGAACTTAATATGCGCATCAGGCGCCTCTATCGAATCATTGCCACTCGAAAGTCAGGGTGTTTGATTGCGGGATGCCCTCGGGCTACTCATCACTTTAAATAGGGTGCCAGGTTTCCGATTACGTGCAAGACCGTATCACAGTCAGTAGCAGACAGGATTCGCTTGTCGAAGGAGCGCAAGCCTTGCCATAATCTCCTAGCCGGACCCCTCGTTCGATTTTGTACGCCATAACGCTGTACTTTGTCAGTCCTGGTTGCAGAGAAGGACGGAGGTGAAACGTCATTCCGTAGCAAATTCCCGACCTAAAGAAAGTCACAGAAGGTTTGAGACCGACGATAAATGCGGGGGTTCTATTGAAAATAAGTGAGCGACAGCTCAAGACGTGATCTCGCCCGTCGTCAGTGCACCTACCGTCGTCTGGGTCCCTCACTCGTAATCCAACCTACAGATGTAAGATATATCCAGACTAGGTTTCGAAACGTGTCATGCCTTATCACGTCGGAAAAAACGTACATCGGCGTTAAGACGCATGAAGTCGCACGCCAAGTCGCATCCGTATCTAGGAACTGTGCTCGCGCCGGGGTTCCTAACGGCGCTGCGCCAGTAAACCTACCCACCAGAGTTGGATACCGCCTCAACAATGTGTGTGATTAGTAGATGAACGGCAACAGCCCCCAGATACGACCCGTGGGTGGTGTCAGACGGCCGCCGCTCTTATAAACGTGGGCCTGGGGGCGCCAACTCGAAAGAGCCGTTTTAATGTATTCCGGACGTTTTCGGATGTTGCGGTCTAATAGGATACTACGAGTGGTTCGTTGTAGACCGAGAAGTCCAAGCGACTCTCATATGCCTAGAGCTTGAAACTGCTACTTAACAAGATCAGATTGTTTGGGGCCATGTTGCGGAAATTAACTCTTTCTATAACCCTGATCAGCACGAGCCGAAGCGGGTTCCGGTAGCCGAGTGAGAGAACAGGCTAAGGTCGAACCTTAATATGGGGTCACCGTCGGATACGTCTACTCGCACTATTTCATTGAGGTCCCTTGCGTTGTAACGAATCGTGTATCATATTAGATCGATCCTCCCCGTAGTCCGCTGCATGGATTGTTCTCGAGGTCCCACCAGTCAAGAAGGAAGCTCTTATTGCTCAGCTATCGTGGCACTGTAGCAAGTCACCATCTCCACGGATATGATTCTCTGAGTATTGTTGTCTTCGAGCGCTGCAGTTTTCCAAACCAGTCCTCAACGAGCACGGGCTTTGACGTAATATTCTCAGTGACGTAACCATGGGCCAATCCGCCCCCTCAGT,1614,50.12,Mus musculus
SEQ_230259,GCGAACCTCCCGCCTACATGGGGCAGATTGATCTCTTCAATGGCTTCTTCTAACTGCACACGACCCGCAATCAGGAAAGTCAAATAAGTACGACCATGCTCCCGGGCATTTGATACCCGGACGATACACTGTACTGACGCAGCTACCGGGTTGAGGCTCGGAGAGAGTGGTACTTGGCGGATGTTCGCGACTCATGAGGTCTTGGGGGGAGACCCAGCCGTATCTGGCTTATCACCCCTCCTATCGGGGTGCCAAGCGCGTGAGTCTATAGCAGAATAGCTGGTCTCAGGGCGCTCGGCCCCAGATACGGGTAGTGCTATGATAATAACGGATGCCGCCGCGAAAGAAAGGCATGCCCCTGTGTCCTGTGTAGTCAAACTTGTAACGCTTCAGCTGCTTCATTGGGATGAGAGTGATAGATAGCAACGTGATCCTGTGGCGTCCGAATGAATCGGATCTGATCCCGGTCAAGAGTGTTAACTCCCTCGCGTGCACACTAGAGTGCATAGTAGTTCAATTTTCACGCGGGTTGAACTTTGACGGGTCGAGTGGTGGCGCTTTCTGGAAGTTCCAAACTAAGGCTCTTGGCCCGTCTCCGTGGAGGGCATATGTCGTTTAGGACAGCATAGGTGGGCGTGGCCACCGCGGATGCGTAGTGCAGGCAGCTAAATCCGGTTTGCTATCACCCAAATTTCGCCGGCTAATGAATGTTCATGAGCTACCCGGGTCTACGGGTTTGTAATCATAACTGTCCGACCATAGTCGGCACTGTTGAGCAAGTATAAACTTTCGCCGGTTCTGGAATCCGGAAATTACTCTTACGTGATCAATTGTCGTCTTGGGCATTGCAACTAACCGCGATCACTTCATGAGCAGATTAGGCGGACGGCCTTGCCGTTGTGGACTCAGCGTAGGTCAAGCACAGATGTTTGTGCGCTCTATGTATCTGTGTAGCTGCGCTACGATGTCGGCTAGTGCGACGAGAATTCACGCATGCTTCACAGGAGGAACTTTGTTCAGGCAACATGAAGTCATATTAACCTCCCCTAGTCTA,1054,52.37,Saccharomyces cerevisiae
SEQ_723031,GGTAGATTACAAGACCGTTGCCTAACGGTAGGAAAGCGGCGGTGCAGTTACAGTTGGAATTGACGCACCCTCCCAAATGCTCCGCAGGCTGGTCTTTCGGTGTGACTAATGCACCAACCAACCACCTAATAGGACAACGGGTGATGACTCCGAACGGGTACTTGTTATTGCCTCAGTTAAAGTCGGTTCCGCCAAGAGCGGATACACTAGTGTGCACATGTGCCTAGATGGCCCTCGCTCATTTAGGTGCCAGTATAATCAGGTAGAGTGGCGTGATTCGTGAATTTCGGAAGATGTGGATCCTCCCTCCCGGTCGCCAACCCATCCAGAGCATTCTTACGTTTTTGTGATCCACGACGACCATGGGGAATTTGCAAATTGGTACCGAGTCTCGGTGCTTTTTTAACAAATTATAGGACCAGTCATACGCTGGTGGCACAGATAGTAATAGGTCCAATCATTAGGTAGTAATCCAAAAAATTAGTAGTGATTTGGATATGGTACGCAATTTGGTCCAAAAAGTACTATGATTCCGTGCATGGGCATGTCCGTTCACGTACAGCGTGGCGCTTTGCGAGTTGACTGTCATCCCTCGAGTGCGGTCGACATAGGTCAAATACGGAGCCGGCCCAATACACACCAGTCGTTGGCTGTGAAGAGAACGGACAGTTAAAAGAATCCGCTCTCGTTGCAGGGTCAATTCTTAGAGCGTGTCTGGTAAATAGTAACTTGCAACTGTAGTTTCCAAAGGAGTCTCTCGTCAACGAGCTATTAACGCTGGCTTCATGGACAGTATTCGTAGGCGTAGCGTAGGTAGCTTACTTAATGTCATGACCGCAACCAGCTCTCGGATATCCGCAGCAGCAAACGTAGCCTCGGCAGATGTGCTAGACCCACAGTGTTCATGTGGATCATGTGAGACGCGCAACACGTACCGGCGCCCCATTGTAACGTGTGACATAACAGATGTGTTCAAATCCACAGTGAATACATGACGCTGCGAGGACATATGCATTGTGTTGATGTATGAATGATCTGTTTAGTTCTGTGAGGGTGATAAACTTCTCATTAACGAGGTAATACCACGTTATCATCTGGTACTAGCAGACGAATTTCGACCAAGCGATCCCCCGAAATTGTTGGATCCCAGTTAGCCTCGTGGCGACTGTGCTTGCAAAATTGGGGGCGTTGTGACGGTCCATCGTATCGCCTAGGCTTTGGCGCCCGCTTGGGCGCGTTACATAAAATGGTCCAAAGGGTTTCACCATCAGGCGATAATTCAGTTAACAAGGATCTCAACATTTGGCTTACTCCTGGGATC,1321,48.6,Arabidopsis thaliana
SEQ_236065,CTATCTGGCCGCGCGAGAGGAACCATCTATAAGCGTTTCTGTAGGTCACGGTCACGAGCCGTAGCTAGATTCGATAGCATTGGTCCTGCTCGGCAAGGCAGGGGGCCAAGCCCGATTGACCGGTTCTGCCCGCAGGTCGAACTGCTCACCTTGGTAAGAGATTTGCGTTATGCTACAGGTCCTCGGGCAAAAAGCGCATCCAATCCTACACAATATGTTGTTACGAAAGTAATTGGCAGGCGGTCTGTGGGTACGTGTTCTTATGTTATGTTAGAAAATTCCTTTGCCGTTCGGCATAAGGGTTCCTGTTTTTGATGATCGCATGAATCCGAAGCACTGCCCGTTCAAATTAATCGGCAAGGTCTGCGCCGTCCGTAATGTGTGCTTGGTACCGGGCCGTATAGGATTGTAGTTACTCAGTTGACATTGTTTACGCTTTGGTCGGTAATACCACCACAAAGCTCGTTCCCAAAATCTTGTCTACGACTCGTCGTAAAGAAAAGCGCCAATTGATAACTGGCTTATCACAACACATTACTACAGACCCTTGTAGACCCTCCCAAACCGAAAGCGCGGTGTGAACAAGGGTTGATTCCTGATCCTCCATCAATCCTAAAAACTTGTCTACCCCACCTGGTTGCGCCAACACCTAAATCCAATTGCTTAGCGGCAACCTCCCGCCTGGATGGTGCCTTTCTCTCTTGCTTTGTTCATCACGACACGACTAAGGCCGTCCGCACCGGACTGGAGTCAGCAAAACTAGCAAAGTACAC,773,49.81,Mus musculus
SEQ_794725,AAAATTGAGAGTGGGATTACATGCTCCAGTAAAGGTGCTCATAGCGTCCCTGTGATAAACAGGAAGTCAATGTGGCAACCCCGTGTCGCAGCCGCACCGTAATACCTTTGCTTCCGACTACATTAACCTAGTACGATAGGATACCTAATCATTCCAACCTCATCGACGTCAAGACATACGTCTCCCTTGGAACACAGCTTCTCTGTATGGGGAACGCAGGTCCATCCTGTGGGAAGTCTACCTAGCATGATCCGGCGTAGACCTAAGGTCTGCCTGGGCGTGGAACAATTAAAGCGCCGTTCTCGGCACGGAATTCCAAAGACGATACCACGCCGAATACTAGACTTGCAGGGGCTGGCGAGTTGAGGGCCGCCCAGTTCGGTTCGGCTTCATAGTAGCTACTTAGATACACCTCTTCCATTGCCTGAGACCGGACTTACAATCCAAAAGCTGCTCAGTTACTAGGTGCATAACCAAGCAACTTAGGAGAATACAAGCTACAATTGTTCGGTATCCTTCCACTTTAGTCTAGAGGACCCTTGGGCTTTTCTTCCGGCGAATATGGCACGACTCAGCCGACGGCCGTCTTGTACGTCAAGTACCGTCAGTATCTGACTAGAGAAGCCACCCGACGTAACCTCGTTCCGTACCTCCTGTCAATGGAGGTCAGGGGCATCGTGAACAGCGGTGAATGTTTCTGGCCTTACCGGAATATGGATCAACTAGGGGGTCAATATGGGATGACGTGGTGATTCGAGAGTTGAGGCTAAAAGAGCCGCTAGTGACATCGATAGTGACTGGAGGCGGGTCTTGAGAATGCGTATCACATGTATAGTTATTAGACGCCAAGATGGTAAGCACTGGGACGACAGTTGCTTAGATCAACAGTGGTGGTGTTAGTCCGTCGTGACTGCTTTTACATTAAGCGACCCTGACTTGATATAATACTATCACACTACCCTGATGTTCAATGCGCCCTCAGGACGAGGGCTTAATTCCGACTTCTTAGCCCTAATCTCTTACCGGGAGCTGCTGATTTCTTCTCAAACGTGGGGGCCAAGTCCAGTCAGCCGATGGCCCTACTGTGTGCCCCCTCAGATTGATCGTGCAAGGCTGTGCTAATGACGGGTTGACCTTAAGAGTACCGAGGCTGACGAGGCGTTTACATGCGAGCCGTGACCTATTGACGACGGCAACATTGACTAGTTGACAACGGCTCAGTAGGTACGGCCCTTCGATTCTCTATTGAGTGACTGAAAAAGGGATACTGATGCGCATTAAACTTGGAATCGCTATGGTAATCCCACGTTATCCCCTGCATGACTCAAGGGTAAGGCTACAGGTGAAGAGCAGGGACTCAATCGTGTTCTAGACCTGGCTCAAACTCGGGCTGGCATCATTAACTTTCAAGCATACGTGTTCTGATGCGGTACTATTACAAATGACACATCTCCGTCGATTAGACGTGATGTAACGCTTCCGCAGTCAGCCTTGGTAGAGCGCAGGTGGGTCCAGTAATGCAACGATGTTGCTAACCTGACCAATGTTCCCTAGACTTCCCGAAGCAGATCGAGAACTGCGACCTAATCAAGATTTTGAAGCCAGGGGTAAGTGTTAACGAACCTGACAAGAGTCCTAAACTATGGTATGACCGTGGTGAACAAAGGTATGAGCGTTACGATCGCCCTAATGACTGGAGCGATATTAATTTTTAATACCGCGGCCGCCGGATTTTGCTGCTAGTTGCCATACACCTATGGAGCGACGTCACACTGTCTGGATAGCAAGATGTTTCCATGGCAGGCCCAACGTTCACTGGTTTACTCGCATTGACTGATTATTTGCCCGGGACGATGGATCAATTCAAAACTATAGCGCCCCACATATAGCGAATAGT,1897,49.5,Mus musculus
SEQ_754847,AATTTGTAAAGGCTACCCCTAACCGTCCCAACTTAGGCTTGAGACGCCTGTCGGACAGACTGTATCCTGCATACCAGCTACACGTCAGCGCTCTTTAATACCTGCCAATTCCCTGGAACTTGCGAAGTAATTCTCGATTTGCCGCCCCTATGTGGCGCAGTCTTTATATGTTCATTGGCGCCTAAGGATTGCCTTATGAATACGGCACATTGCACCTACCGTACAAACTTTGGACCTAAGCGTCACCATATAGAGGATCCTGATGCGTTGCGTGTTCTAAGTCCGCGGCAGTGAGTTCTGGAAATTGATCCGGGAACAACTACGCCCGCATGCCTGAGTGGTGAGGAGGTATCTCAGCTTCGATAGGTCTTGTGAAACGCCAACTCGGACCGGTATGGGCGGAGGCTTTGTATCATTCCGAAATTAGGTATGACGAGTTAACACTCCTAGCCGGGGCCATGTTCTTCAGACATTCTATACATTAAATTTGATTACTATAGATCTTAGGAAGCTGGAAAGACGTAAAGCATGACGGTTTGAAGAGATCGTCACTAACTCATCCTGCCGGGCATGCCCCGGGTCGGGAGTATCTTTTATGGGCCTAAATGATTATCAAGTAGAGAACAGTGCGCCGTAGATGCAGGCTGCAGTGCCTAACTAAGAACGGGCGCACCTATGTGTGCCACGACAGATAACACACTGGGCTTAAAATTCCCAAATAAAACTTTATTCGCTAACGGCCCCTTGTAGTGTATCTGCCAGGCCATCAACTGCAAAATCTTCTTCCGCCCAGACCCTCATAAGCGAAGGTCTGCGGATGCTTTCTACTCTACTCAATTTTGCGTACGAATTGGGACCTAGACCTGGCGTTCCACAAAATTTTTCTGGGTTTACACTATCTTGCCCAACTACGGGTTGGCATCGTATCTCTACACTCGGCCTGTCGCCAGCGTTACTCGGATAGGTCCGATGGTCCGTGACTAGAGGTTCCTGTCGCCTGCAACCAGAAGGTCCTGGATGCAGGATTCAGCCAGAGATGTGAACGCCAAATTCCCATAGCCACACTTCACTAAAACCTTGATCCCATCCATAGCGCCCATAAAGATTTTCAGCATCGCCTAGGATGCAGCCGCAACGAATGTCTAATTGTACACTACTCTCGCTTCTAATAAGAAGTCCGGTTTGGACCTTCAGTTTCAACAACGTATGTGGTTATACTTGGAGTTAAAGGATCCGACTCTATCTGGTAAGGTCCATCCTTTAAAACCTATGCTTCGTAGATGTCCTCGAGGCGCCACTTTCGAGACAGCGGCCCGATCCATTAGGAGAAAACCATGATTCCAATCTTTATGTCTCATCCTGTGTGAAGAATCATGATAAAGTGTCATTGGAGGGATTATGGTCATTGAGGCGGAGTTCGTGTAATTGCGAACTACGGCCTGGACATAGTGAAACATCTGTGGTCACTTATGCCAGGTTTACCGCGCGAATTCCACCGTAACGCTCGTATCAACAGATAACTTAAAGGGCGCCCACCTGTTTTTGGCACAAATTCGTTCTATTTCTATTAGAATAGGGTGGAGGCGGGTCAGCGACGGAGTAGCCCAAATCTATGGAAGTGCAGCGACCTATTGGTGTGGCGGTGCGGTCGGCAGCT,1657,48.46,Arabidopsis thaliana
SEQ_495862,GCCCGCCCCCCAACTTACAAACTGCTAATGCTTGGATACTTCAAAGTCGGTGCCCTTTGTTCCTTATACATAAAATGAATGGCAACTCTGTCATAACGGGTGGTTTAGCATGCTGTAACGAGATGTTCGGTGCAAGCTGTAGATCCCGCCGGCAGAGACCGTTTGTGAAGTAATAATCATTTAAGGGCTACAACCAGCGAACAAAGGGGACTTAAGAAACGTCAGTCCAAAGCAATACAAGAATCTGACACGGTCAACGGTACCTGTATGTTCACACGTCACTTGTGGCTAAAGCTATAGCTTGGTCGATTGCATCCCAGCCCCGGAACAAGTCTCCGCCCCAACCCCCGGACGGTGGAGGCCACCCTCTTCAGAAAAACTGAAAAGTCGACTGACACAAGACATTTTTTCGGCGCCGAAACTAATATGTTAATTCGACCGCCCTGTGCGTTTGACCTCTGTATCGGCGCCGCCTAGAGTATCTCATTAAAATATGAAGAGACATTCTGGTACCGACAGTGACGGTCAGCCGTCTCCATCGAAACATCATAGATGCATGTGTCAAGTGGCCCGGGGATCGCTCGTCAACTCGAACTGAAGAACCTTTTGCGGATGTATTCGCCATACAAATCACACCCGGCTTCACTAGGCTTGAGCGTGGTACATTAAGGATGATGGGGCCTTAAGCCTTAGGACCACGTAGGATAGTCTAGTCGTATCTGGGATGGCATGTCACTAATAATGCGGACTTAAGGACAAGGGTGAATGGAAAGCGGGTCGTAGAGGCAAGTCTACTATCCAGACGATACGTATAGGCCACAACCCCTGATGGCTTAGATGTTTATATGGAGGGATCACGAATAATCTGACCACAGCGACTTTCCCCAGCTCCGATCAACCGCGTTGTACTTATTATTAGCCTGTCTGTTATAATTAAACAACCTGTAGTTACACCTATCCAGAATAACTGCGCGCGCCTGACTAGGCCGCTAGCGGGCCCATAATGAATGGCACCCGGTTAGAGAGACAGCCGCCGATCGTCGACGGGGTGTCTACCCTCGTACACTATAGTAGTGATAGTAATTGTCTGTCGTAGAAAAACGGAATTTCGGCAGCATTAAGTGAAACGAACTAGACTTTGAAGCACTAGTAAGTATCAGTCGGAGTTGACTTTGCATCCGGATGATCGATGCGGCATTCTGTCTGTACTGTGTTTGGGAGGAGATACGCAAAGGTGGAGTGGCAAACATCGCATGTAAAGCCAACCTGAGCATCGGTCCGAAGATAAGAAGCATAGTCCTTTCCCCGGTCCGTGGTGTCGTTGGTACCCACGCTACCGAGACCTCTGCTACATCAAGGCTCGGCCACAACCTTGAGACGGAGGAATCTAGGA,1393,49.17,Homo sapiens
SEQ_480402,GTTACGAAATCGCTCTGTCATAGGCGCTTTTCTACACTCAGTCCAACACACAAACTGGGGGCCCACACGTAAGATTAGATGTCACGCCGGGGGAGATAAGGTGCTCTTCGTGAGCACCGCCATTCACACTTTCCAAGTTGCACCAGGGGATACGGGGGGGGGCCATATGATAAACATTGATTGCACTTACAGGCGTTCTCCTCCGTTCACTGTTTGCCATCGCAAGCCAGTTAATCAGATTGTCGAAAGTAACATGGTCAGTGGAGGAAGTCTCCACTGGGTAATGAGATAGTTCACCACGTAGCAGATGGCTGAGCGCTAGCCAATTGATCATGCTCCACAGCATATCAGCGGCACGTCAAGAAATCCGTACCTAGGGTGTTGACCGCAGCCGGCGACGCATGTAACCATTTCGGAGCGGGGCTATTCTGCCATCCCATACCTCCAGCTGATCGTAACACTAAGATGGCCCCCTTAGTCAGCGCGGTATTTGATGACAGTCGGGGTCGTGGGGAGTCTCCGAAATTTCAGCTGTTATTTGTGTACAATCGGAGTATCATGCGCACAGTTGCCTACCATTTAGCTTATGGGTCGGACGTGGCAAAACCCGATAAATTGGCGGGCACGCGGTACCGGCATATGGATATCCGTGAATCCACGCAAGTACGGGGGATTAGCTCACCGTA,686,52.04,Mus musculus
SEQ_434874,CGGTACGAACAGACTAATTGGGTAGACCAGACCACTAGGATGTAGAGCTTGATTGGCTCCTCTCCAATCGCTCCTCGTAGAGTGAAAAGAAGGGCCTCTCGGCGCCAGTATTCCTCTGGAGCAAGACGATTGAGGGGTGTCACCCCGCCACGTGCACTCAATATTTACGTTGTTGGGAGGCCCCCGACTCTTGAAGTGAGCCAAGGCGCCGCTAAATAAAGGCTCCGAGAGTGTTACTGCACGCATTCTTTATCGTTTAGTGTGACGAAACATTCGATAACATAATGATCACCGACAAGAATGTAGGATAATATTCAACCGGCACTAGGTTCTGTGTCGCTACCGAGGAACGTCTGGATTACTCGCTCCAATATGCTTTTACAGTTGCTAAGGGTGCCGAGAACTCATAGTTAGATTCGGTCGGTTCTCACCCGTCCTATGCTAGAGAAAACGGTGAAGACCATAACAAATTCGTTCAACGCTAACGAGTCAGTGCACACTGAACGAATTCACCAAGTCTCTCAATTTTAGCCGCTATTCACGTGGTTTGGCACCGTTAAAAGTGTGGTCAAGTAAAATATACGCTTCCCAGCGACAACCGGTGATGGGTATTGGAGTCAACGCAGCGGGCATTCCCTCCTGACACCGGCTGGCATAAGGCATTCAATATCAGGGCAGTTTGAAGGTTTACTCGGCTTTAATCCAGCGAGTCCTAAAGCTGTCGTTTCCGAGCTGTCCAGTCGCTGGGACTGGTACTACTCAACTTTTCGTTCTGAAAGGGTTGGCCCAAGCGCCTCTTCCATCTATATTACCGCTTGCCATCTAACCATTAAAGTTCTATTAGTACTTCAACGTCCAATACGCGGGCGTTTAGGATCCTATCCCAAGAGCGCCCACTATGGAGAGTTACTGAAGGAGGCGAGTCGACTATAGTGTGATAACACATTGCCACTAATACCTTTAAGAACCAACCGATGGAAGGAGCGAAGGGACAAGCTTTTAATTTGCGACTCATGCACGCTACCCACATGGAATTCACAAGCCAGTCCTTAAAAAGGTTCATAGCTACATACTGCGATTTCCTCATCCCGGGATGGCGTACAAATGCAACGTATGATACACTAAATAAGGTTCGGTATTCGGAATATGATAGGCAGGTGACCCGCGAAACAGAGTTCTTACTTGGCTGTATCCATCGGCTAACGCTGAGGAGTTCTAGGGTCTCACAGAACACATAAGGAGCTTGTTTGAGCCCACGTCGTTCTTGAGAAAGAACTCGAGTGATTTACGACCCGACCAGTTTGCAACGACGTAAGACGCCACGCTATGATAGACGAGGCGCGCAGCGAAGGTTCTCGTGCCCAGGGCATAGCCGACTATGGGTTAGTATAGCTTCAGTAGATCGGAAATGAACTGGTCT,1420,48.45,Saccharomyces cerevisiae
SEQ_606529,AGACAGGTTTATCGTCGTTGCACCTCCCACTGATCACTGGGGGCCATAGTAACCGAGATGGCCTAACCTTTATGTACATGGCATCACTCGAGATTACTACGTCCCCTGCATGTTGGCATCGTTGATCTAATTAAGTTTTTAAACCCAGATTCGCCTACTCTACGCTAAATCTTCCAAGAGATCCACCTATCGCACTTCGTATCGTGTGAAGCTACACGACTTCGATAGGACTTCGGTCCATCGGAAAACCCCTCTTGTAAGGTATTTCTAGTTGCGGTCCTCCGCTCTTATTAGGCAAGTGGGTCCTTGGACGGAACCACTTGCTCCTTTTGAGGGCAAGCTACCCGACGCTAGAGGCGTTAGCGCGCCGCTAATAGGTTCAGGGGGCAGGAGTATCGCGTTGCGGCAATCAGTTAACATTGACTGGCGGGCAAAGGAGGGCGATGTGGCACTTTACTATTCTACGCAATATACTGATTATTTGGAAATTTACTGGAACCCATTGGATTCACCTGCTTTTTGTCGTTTGTCCCTTAGTTTGGTACTAATTATGCCTTCGAAGTCACTTCTGTGTGAAGTCTCATCACGTCCGTATCTTGCAGAGTGTTCACAAGAGACGGGAAGGCAGTCATAGGTCTGAATCGACACTCAGGCCATCGGAAACAGCGAAGGAGAGTCTCGGTCAATTTTAACCCAGATCGCAGGGAAACCTCAATTTACCAGGGGAGCTTTTTGTACGGTCGACGTAGCGCGTCCTCGCCGCGTAGAGTCGGGGAGACTTGCCCCAAGTTGATTGATCACAAACTGGTGGGTAGTGATCGCATTACGGCACGTGAGTTACTGTCCATCATTGTTATCAGGCAAAGCGTGCTTGGGAGGAAGGACGTATCACTTATGTTCACTCATCTCCTTATTTTCAAGAGTCCATCGCCTCCATATATCTTACCCTGAGTGACAGATTATACTGAACACGCGAAAAACCCGAGCTCCGGTTCGTACAAAATCACCTTAGGCATACGCACTGGTTCGCATAGCGGGTAGACAAGACGCTTCG,1054,48.86,Mus musculus
SEQ_900906,TAATGTATCACGGGCAGCTCTCGGTCGGAGCAATGATGACGCGCGTATTCTACTAGCACTAGACGGGTCCAAAAGACCTGGTTAAGGTATATACCTGAGTGCGGACCGCCAAGAGGAT,118,51.69,Mus musculus
SEQ_754181,CCCCTGTCGGAGCCGTCGTCGCCTTAGAGCCGGGCCACGTTGCTAAAGTCACTGGCACGTGGAGTAGCATGTTGGATTGAACAGCGAGTCGTACTGATAAGTGGGACTATCTTCTTTCCTACGACAAAAATGCCTAGACGTAGCAGTGAGCTCTGGCCTTGCCAAACATGGTGAGGGTTGAACAACGCGATGATGTTTGGACGGGCGAACATACACCTAACTCCAATGTTCTGCAACGCCTGTCGATCCATCGGGTCCTTAAATACGCTTAGCGCGGTATGCAGACCCTGAGAGAGCGGTGGAGTTCATAGTGGATATACGAGGGGGGCAGCCGTCGTGTTAAAATAGGAGAAGGACTCTGGTTCATGCTAAAGCTCACAGATCCTTTCAAGTTCACTTTCTAAGGCATTCTGGCGACAGCAATGTCATACGCTCGGCTTAGAGCATGAAATCAACGGTCGTGCCTACCGGCCATTGGGTGTTTCTCTGTGGACATCTTCACTCTATAGGGCGAAAGAAGACCGTTATAATCATTAAGGGATTACGTTACCTATTGAATCGTGTAAACACATGATCTACGCCATTTGGCGTGCGGGTCTCCTACTTATCCAAACAGTCCAGATACTGAAGCGTTCTGGGATTCAACACCAGTTGAACTGGTTGAACATCTGTTTTTCTCTAGACTATTGTGTAGATCTCCTGTGTCATCACCCTGCCATGGCGCCGAATTTGTAGGAGCGACCCTGCTGTAAACGTATATCCGCCGTGGTGGGACCTCAAAAGTAAAGCGTAATATAAAGCGCACGGCTTTAGCGGTCTCCCCCTCTGAAAACTCGGACATTCAACATTACTCTCTTTCGGACGGGATGCAAGTACCCTGTTCATCAAATCGAGCACTGTAACCATGAGATTCCTTCCCGCTGAAGGGCGTATCTAGTGATGGTTGGGAACGGGTTGGGTACGTATGATGCTGTGCAGATAGCAGTCTATGCACCAGCGGCCGGGGACCGGCTCATTCCAGATAGGAAGCTGCAGCGGGGCTTTTCCCACGGGGGTATGTTGTACCCGGCGGCTGTACGTAAGAGGGCGGGGTACCACTCATGCACAATCAAAAGCAGCTGCTGGCAGTGTCTGAGTGCCATGACGTTAGAGTACGCCGTCATAAACTCGTCCCTTGGTCAGGGGCCGCAGTAAGTCGATAAATTCTGATTAGATTATTAACCGAGGTTCTAACGTTCCGTTAGTGCAGACGCAGAGGTAACATGGTCCCGTTCGCAGGCTAGAGTTAGTTTCACCCGCCATGAGCCTGCCATCCATGATACCTGCTTGCAGAGACTCTTAAGAGTTTCAGTATGGAAGCTCCGGCAGCCCGAATAACCTGCGGGTTCTTAGACTCTACCACTGGTACCTGGAATAA,1417,50.67,Drosophila melanogaster
SEQ_403416,CCCTATCTGTATGCTCCTCGCGACAGGTGTCGTAGCTTAGGGGGTTCCTAACGATTGTGCAGGCTCGTGTGAAATACGTTAGCGATAACCTATTAACGCTAAGCCAGCAGTGAACTAGCTATCAGAAAATATCAATCTATGCTTACGTTTTAGCAACCTTCTCACGTTCGCACGTCTTGAATCGCTCAGTGTATAGTCTTACTCAATAGGAAGGATATAATTCCTAGTTTCGTAACTGACAAACCACGTTCTTGAGTGCAACAGAACAGTTTCTATGACAGCTGATCACCTGCTGCAGACGCTATAATTATCGTACCGCACACCACCCGCCATACCTTATGACTTAGGATGCATGGGGTAAGTATAAGATTTGAGTCGCAGAAGCTTGTTCTTTACAACTCAATTGGCCCACCGCGTCACCGTTGTGCAAGGTTAGGACACTCAGCAAGACGGCCAAGGCGGAAGTCTACTGCAATCTCACAATGGGAGTTTGAAAATTCTGTATAACTCTTCCATCCCAAGGGAATCCGTCGCACCTCGTATACTAAGGTTGTGAATGTCTAGAGGCCGAACGGGTCGCGCCAACTTACCCCACCTGCGTAATTTAGTTTTATCATCAGTCGCTAATGGGGATTCCGAAATTTATCGCTCCGCCCCTTGGGCCAGCGAGGTGCCCGTTGCAAGTGTTACCTTCACTAGCTACTTTCTACCCAAAGTCTGACTAGACGTCAACAGCCAGTCGTAAGATGCTTGTCCGGTTCCTATGCCAGGTTTCAAATACTGGACGTATCCATTCCAGGGCGACGAGCCCTGGCAGAAGGGGGTGACGACCGTCTACTATATACACGGGCGGGAAGATGACAAGTAGTAAGTTACACGCGTGGCCGTCACCCATAACGGATTGGCGAGGCGGACGTCAACTGGGTAGTCCGGAGCAGCCCCGATGTCACGTTAGTGCCTAAAGTCGTTGCGGTCTTTATGAGTTCTATTAGTATCCTGTGGTTAACTAGTGAGTGGGGGTGAAGTCCCATAGCCTGAGGCCAGTGTATAGTTAAACTGTGGACATGAAAAGCATCCATGACGTCCCTCAACCCTTCCACCAGAACGTAGTT,1112,48.83,Homo sapiens
SEQ_221989,AAATAATGGCTCTCCATAATGGGTCTTCAGCACGGATTAGCATAGGGAAAGAAACCTAGCCAATCACAGATATAGGAGGCAAATTTGATGCTGCACTTGGCTACGTTACGCGGTGTACGTAGGGCCAAGAACAGGATCGGAAAGTATAGTAGCAGAAGTCGAGCTTGCAGAGACGTGTCTAAGTACAGAAATTCCCGAAACTAGTTAACGTCCATCCTTCGTCCGCAGCTTATCTGGTACAGAGCGCAAGTCGCCAACTAGTACTGGCTTCAGTCAAGCCATTCGGCGCTCAGCCTATCCGTTTCCGATGATGTCAGGGGGGCGGGCGTGCATGCCTCTGGCCTGGAGATCCGAGACGGTCAGTAACCGTTCCTACGCAACCGAGTCTACAAAGAGCTATCCGCTCGGTGTTACGGATGGTACCCTTTGGTACCCGGACAATAGGATAGCATACTGCAGCCTGTTGTTGACCTGATGTTCTGTGTGCACTGGCTCTGACGGAACGAGGGGGACAAGCCTTTCGGTGTCTTGGCATCATGTGTTCGGTTCGTCTGAGTAGTGACGCCTGAGAGATAATAACTCGAACTGGGTCGCCCGCGAGGACCTCACGCTAAAGACGGTGTGAGTGTCCCAATAACGCAGAGCCGAAACGTCTGAGGGCATTTGTTAGGCACTTGTTTAGGATATGGAAGCACTGTGATACTCCTCTACCAGCCTACGCTACCAGGACCAGGGGACAACCTTTGCGCAATGGTTTGGGCGAGGCACACGACCACCACGGAATACCGGGGGAAGAATCGTAAGGTGCGAGTTATATATCCTCGTGTTAAGTCTTTATCAGTGGGGCGCACAAGTTGGACCAGTTATATCCTCAAATAACCCAATCTGCGAAAGGAGGGCACTGACTGTCCTACTCGAGACTCCACACCCTAGCGACATATTCAGATTGACACACCCTCGAACTAAGTAGGCGTGTCATGGCGAAGACCAGGTAGACGACAGTTAAACGCATTCACCGCATGGATTCTGTTTCTGTCTGATTTGTCATGATCATTTGTCTTTCGAATTTATTACAAGCGAGTGGCTTCCGACTTGGCCGGAGTCGAGCTTCCGCGGGCTTTAAAAACGCTATGAGATGGAAGCACCTTGGGAGTGGTGTCGCTCAGGTTTACCGCCGTTGAGGGTTCAGTTTTTCCGGTTTGGCCAAT,1208,51.16,Drosophila melanogaster
SEQ_932485,AACACAGACCCCGTTGTTGCAGCATTTGATCATGGATCCTACATCGCTGCTTCGCTGTTATGAACGTCATACTCGTAACTGAGGCCACAAACAGACCGTGCGGACCACTCCCCGGAACGGAGTGCAACGTCGTAGCACTGTGACCTTTCACGCACCGGACTAGGACCATAGTCGGGCTGGGTGTAGGACCCACATAGAGATGCCAGTGATATGTGAGGGCAGTACATAATCGCAAAAAGGTACAGGCGACGTCAACACCCGAGCCGTCAACTA,273,53.48,Homo sapiens
SEQ_453353,CAGGCATCAAGTATTCGGAGGTCGTACCCTATTACCGACCCCGGAATGACCTGTAAGATTTTGTAAATCTCCACAACCCATATCCAACAGGCGATATGGTCGACGATACCTCGGTGTCGCCGAGCCCCTTCTGGCCCCGCCCTGCCCAAAGACCGCATTAGTACAAGTCCAGTTTACTGGTGTCTCTTTAAAAGAATTCATCCTACGCTTGTACCACTCTAGATCAGTTTCTATGGTGGAAGATTAGCACTGTAACTTTCGGGTTGTTCGTATGTCCCGGGTCGCCGATACTGTGGGAACATGCCCGTGGCAGTCCGTCAGCTTTCTGTCTCTGTGCGACGTTGGTTACATCTCTACTCTCTTCTCATTCGCACCAAGACAGGTAAACAGCTCGGTAGTAGTATCGGAGTCCGAGGTATATTCCGATCTTCTTTCCCCCTGCGTGTGCCTATCCAAAGCGCCGACCGTCGTTGTACGTTCTTGCGGTCGGCGCAGATATGCGGTCAATAGTCCGCTCCAGACACAGGCAACATTCCATGGTTGGTGCCTCGTGCCTAACCCTTGCAGGTCGTAAAAAGTTTGGACCGGCACTATGATATATACCTATGCTTGCCTCCGCCAAGACGTCCGGGGGCGGCATCCTTTAAAACCAATGCGGCTATTACACAGGCTGACGTAAAAATAATCCGTGGGAGCGATGGAAACGGTCATCTTGCAATAGATTGTGTCAGATGGTTGATCTCGGAGTCCTTACATTAGGTCGACCTCTTCAGATTCGCGATCAGCCTAGCTTGATACCTTACTAGCAGGGGATTGGTGCGACGCTTGGGTTACTCAGAGTCTAGATTTAAATTCGTGGTCGGAAAATATCGCTTAGTCACCTGAGCCCAGCCGTGGGGCCTTTCAATGTGCCGCGAGGGTGAATTCGGGGGCCCAGCCCGAGTTCCAGACA,952,51.58,Escherichia coli
SEQ_367642,TCGCCAACATACTCGTGGCACAGCGGTATAAAGCCCCTTTGTGAATTTCGACACGTTTGACGTCACTTGTTGATAAGGCGCATTGTAGCGCACAGTCGGGGATTGCTGAGCTCATCGTTGTATCCAGTGGTCCATCGGCGATTAGCGTAAAAAGTAGGAGGGCCGACCACGGGTCAGGATGTATACACGGCGCCTCTTCGTGTAGGGTTCGATAACCTAGACCTCGACGTCCTTTGCTTAGATCCTGTGGAGTCACAGCGACCGCTGCAGTTAGTTGGCTCGCATGTTCAGGGCTCGAAACGATTAAAGTGTAGCTTACCACTGCTGACGTTTCTGACGCGATAAGAGACAGGGCGACGAGGCCAGTGAGGGCCTGTCCGCCCCGATGGAGGCTAATAGAGG,402,53.98,Escherichia coli
SEQ_967093,TAGACTCTTCATGTGGCCGCCCACCAGACTAGATCCGTCATATCTAATAAGCGTAGAGGCCAATGATCGTATTGTACCACGCGATGGAAGCTAGAGCTGCGCAAATAGGGGGTGACGGCCCTATCGCTAATTCCATCAGCAGAAAGCTCACCGCCTGTCTGAAGGACTGCCCTCCGTCATCGCCCTAACGTAGACCCAGTGAAGAGTCCTTACACACTCGTGTCTGAATTAGCTGGAGGTTAGCCGGCTGATGTTAGCTACACTGCAGGCTACAAAGTATATCAGCAATAGGCGATATCCCGGGGCCTTCAAGTAATGAAATGGGTATTTGGACTTATTGTTGGTGCAGTTGCAGCCACGTACGCATCTGTATCACCCCGCATATTGATAACTCAACAGGGACGACGTTCCCCGGTAGTCTCGGAGGTACAAGCTCACACACTTTTCTTACAGGTGAGCGAACCACTACTAATAACGTGCATAGTAGAGCGTGTGGGTCACGGCGGGCTGCCCAGCTAAGAGAGCCCTCTACAGCACCCCTCCAAAACGAGGACGTGACTCGTATCACGCAGGAGGGTTGACGTTGCTAGGTCGTATAACTCGAAATGGGTAATAGCGTTAGGCTCCAGATGAATCACGGAGCCGGTCCGGCTATTGTAAGTGTGGATATACTCGTTCAGCAGTATCCTTCATGGTCTTACAGTTTGCGTAGCCCAGCGACTGCCTCGAAGAATGTCGGTGTAGTTTTCGCTGGGTGCCGTTCAATCCTGGTGGTCACGGATTTTGGGGGGACAATACTCCATTGGTGAAAATGGAGCTCGGCGCCTACGTCTGACATGAACGTCTCCGCGCTAATTCGGGTGGTATGCATTTGGTACCTTCAAACTCCTTATCCCTAAGAAGCAATACGACTCTTGCTAGGGATTTGTGGGCCGCTGACGAAGACCCTGTATTGTGTTTTAACGGATTGCTCAACTCGGAGCGCCCGCAAATAACTGATTTCCAGATAATGTATCGTGCCTAGACCTCTTTGTCGAATAGTAGGGTCCACCTAACTGTCCCCCGATCGAATCCGTATACATAGATACCCCTTTGTCGAACATCCGATAACAACTCGGTTAGTAAATCCTACCTCCGTGCCAAAACATGCGATTTATACGCGGACAGACTCAGTTGGCCGAGCAAGGCAATCCGTCATATCGTCGATTGGGAATCGCTAAGTCGCAGTCACGGTACGATACTCTGAACTCGTTAGTAGGGGTACATTACGGCTTAACAGCTGTTTCCCGTAGTCGAGAAGGTTCATCAAAGCTCTATGTGTTACGACAATTAACGACACGCAGGAGATAAGCACGGTCTTAACCGTTCACCGAGCCTCTAGGAGATGAACATTTCCCTGAAGAAGGATTCCATATAGATGGTTACTCGGTGAAGTGTCATCCATCTTGATTCAGGGGGACTCTAGCTAGCTATGTTCCTGTAGTCACCTGTGTCGTTTAGAAAAAAACGCGGGGATAATCCCCGGAGGCTATTCCTAAGGGGCATAACTGGCCTCCAGCGAATTTACATTTTTACGACGTCGAACGGACTGACGTCTGCGCAAGTGATGGAGAGGCTGTTTCATACTCACGAGCCGGGT,1639,49.97,Mus musculus
SEQ_451130,TCAAGGCCCAGCGGCCCGCAAGTCGCGTCGTATGGAGTTGTAAGCTGCGTGTACCCGGATCCTGGGCTACGCTACATGGCTAGGCCACACGGTGCCTTCGGAAACTTGAGTCAATCTTCTACAAAGAGATTACGCAATACTAGAGAGTTTGGAATCGGTCTTTATCAGCGAAAGGATAAGGGCGAGGTACAGCATATTTATCGTGGCCCGCGTCGATAGTCCGTCCATAAAGTCTGGACATACGGATCGAACACCTGAAAGGAAATGGACTGCAGGAGACCGTCGCAGCTAGATGGCCCGGTATACCTTCACCTTTAGGTGACATGCGGCATCTCGGAACTCTCTCGGACTACTAAGATTATCCCAACAGCTGACCTTATATGAATCGGAACGCTACTGCGATATCTCGGATTTTTTGAACGCCGATTGAGAAAATCTATATCAACTTCTTATCTATGAGGTACCCAGCGTTCCACGGTTAGTTAAAGGATCAAATAATTCATGATACGTGCCGATCGCGGCAGCACCAATGGGTCCTAATGACAGTAGTTTGTCCTAACGTGCGTAGGGCTGCATAGTCCGGTGGACACGGCGAAAACAAGATGCATGCACAATTCGAGCTATACGAGGGCGACGATGTGTGTTCTGAGGATTTCCGCTTCATCGGACCACCAAGACCCGACTAGCAGAAATGAAGCAAGGCAACCGCACTACGCCACTATTACAATAACTTTTTGTCAACTTAGCGCCCTAGTGCCCGGACGTAGTAGTGTATCCGGCATGGGATGTGCTGTAGGCGCCCAACGCGCAGACTTGCGCAGGGGGATTCACTGACGGCCAGATTTCCAGGCATCGAATAAAGGGACCAGGCCTGCTCATCACGGTTCGACAGAATATTCTTCGGTACATCTTATGTAGACCTTCTAGTTCGACAAGTTCGGAGCAAAGTACATTAACAAGCCCTCGACCAATTCCAGGCAGTTCCCGGCCTATGTTGCTACCGCAGTAACGTCGATCTGATGTCCCCACGTATCAAAGTTACCACTGTATGTATGCAATTATTTATCATAGATATCCAGTAGAAAGAGCCTTGCGGCATCACTCCAGACCCGACACGTAAGTAATAACGGCCCAGGCTGCAGACTCGTAGCGACGCGGATTTATATTCATATGGCGACTTAGTTACCCACACGCCCAACCCCTTAGGGAACTCAGCTATCGTCGTTAAGTGCTGAATCGTTCTAAATTACGTAATTTGCGACAACCACAATGTCGATGTAAATAGCGGATTGCCTAAGAGTTCAGTACGCAACGGTTTGCTGCAATGATTTGACATGCGCAGCAGCACTGTCAAGGACGGAGCTCAGCAATACATTTGGTCTCTCCAGTGTCGCCGAGGTAATTGATACTCAAACAACTCCATAGGAAATCTCCGTGTAGGGAGCAGTCCGGCTGGATTAGTCCCGGCAGCAATATTTCTTCTGATCAACGTTCCTTAAACGGCTAAGATGTTTTGACCGGATGTCTGCCATTCCGGGAGCGAGGCGACGTTGTCACAGGTGAGAGTTCGTGTTCACCGGGGAATCGCGCCCACTCGGTAATCCAGATTAGTGCTAGAGCTGCGCCGCTGTGAACGGCGCCAGAGAATAACAACCTCTTCCGAGGTTTGTAGAGAGCCCACCTGTTGGGCGGGGAGGCGGAACCAAGAGCCACGTTGGGTAGGCACGCCTCTTTTGCCCGCAAAT,1745,50.37,Escherichia coli
SEQ_113360,TCCAAATGGGGCGGGACTACCTAGGTATGCATGAACAGTTGTCTCCGGATCGTTGAACTGCTACGCATGAATTGAGAATTAGCTGCGGCAGAATCCTTTTGCGAACCATGTCCCGATTGAAGCTCCCAAGAAAGATGTGGTCATCTATACGGTACAGTCCAGGGGGCATAAGAGGTTGAGGTACATCGTGGCTTCACGTCAACCGTTAGTAACGCGCAGGGTGTTGTCTTGTGCACAGAGTGTGAGGGCCACATGACTGTCAGTATCTGTGCAATTGGCATTCTGCAGTTTACGCATGATTGTAAGAAGTAGCCCCTGGCTCAGCTGTTGGTGCAAGCTGGCTTTTGACCAATGCACGTCGATGTTTCGGTGGTTTCCAAAGCACCCCGGTTGACAACCCACAATCCCCAGCTTCCCTCATAAGGAGGCTCATCCGAGATAGTGAGGCGGCCCATATCTATCTCTTACTGGGCCCACGGATGGAGAGATTTCACTGGAGGATCTAAGCGATTGTTATAATAAAGGATCCGGAACTATGATCCACTATTAGAAATATTTGCAAGCTTTGGAGAGCCTACCATTACGTTAACGAATGATACAGGCCCTTGCGGAGTGACGGTATCTCTTCACGCCTGAATTGTGTCCTATCCTCATAAACTCGCCTACGTGTCTAAAGTGGTGGTTAACCATCCCTAGGAATCCGGACGCTGTGGGACTTTTCTATTAAATCGTCGTCTGCTTAATAGTTATCTGTATAGGAATACCCGTCAAACGTCACCTTGTGGGACAACACGAATTAGTCGCTATCAGGTGTCGGCTGGTAACGTGCAAGCGGAGGCAGCAACTGGTCCCACGTACGGCGGCTAACTCCACAATAGCGGCCCGCCCGGCGAACCGTAAAACAGGCATACTCCCACTAGGATTGCCAGTTGCCCCAATTTACACCAACGTGGTACCCTTTAATAAACGGCACGAGCTTGTCCTCTAATTTACCGATCGGATGTCAGAAACTAGGGATGAGGCTTTTAGTAGTAGGTGGCTCCAGAAAACCTAACATAGGACCCCGTGATACCATGTAGTATTGCCTATATGACGTGATAGAGGTAGCGTCCACAGTCGCTTGGCAATGGAACGCTCCATTCCTCGCGTCAATCCTGAAAGGAAACGATGGGGCTCTACCCTCAGTTCGAAGCGCGGCCGGAATAAGCCTGTACAGTGTCTCTAGGACACTACCTGCGTAGTTCAGCGGGACAGCCGCACCGCGCAAGCTATGAATATATGTATGTCCCGATCCACTTTACTGAATTTCAGCGGTCTGTGCGGCAAGGCCCAAGGTGAAGATTACCACATGGGAAACAATAAGTCGAACTAAGTATGAGCCCGCCTAGACCCCGAGTAAGGAAGGTTATTTAAAAGAGTATGGCCGTGATCTATCAATTAGCGACCCTAGAACGCGCCGTATAGAGAAGCATCCTTTGGTTATATCCGGGCCAATTCCACACGTTCATTCATGTACGTTTCGCAATGGAAAGTCAACCGTATGAAAGATCTGCAGCAAGGTCCTGGTAACTCTGACGCGGCTGAAGCGCTGCACGCAAACGTTGGCCACAGCTATCGGTTAGTCAATTACAAAGTTCATCCAGGTACTATTACATCGTCATTGAGTTCCTCTGAAGATAAATTGCGAATGCGGTTTATGTTATCAGCAGCACACGGCTCCTTAGTAACACAGTTGTAC,1738,49.08,Saccharomyces cerevisiae
SEQ_588883,TAAGGGCAGGGCATGACCACTAATCCGACGACTAAGAAGTTACTGCTGTGCGCTTGATAGAAATCCCGTTGTAATGATCGTTTAGCATGCAGCGGGGTTAACATTGCATAGGCAAGCGGTGGTGAACAAAGGCTGTGCATATTTGCTCTCTTTCCACCTGACACTTAGGGGATTCCGTGAAGTCGCGGAATCACGACGGATTATCATACCGGGCCCGCCGAGTGCCCACCCAAGAAAGTATGTCACAGAGACATACGCTTTGGCCCTTTAGCGTTCAATACTTTTCCGTCGCGCTAGAGACTTCCGGCTAAAGCCGAATAATGGGTAGGTACCGTTGGCCCTAAGGCTTGTCTAGTCCTAAGTCGCGCATCTTTTAGAGTCCACATTCCACAGCAGTATTGGAACGAAATGGGTACCGGCCGCATCGTGTCGTAAGGACCGCTAACGTGTTTTGCTCTACCATTTTAGTGATACGTGTTTCTAGAGCATCGAGGCCTGCTAACCTCGTAAAGGGGCCTGTATTTGCCAGCACTCCCCTCGCTAAAGCGACACTGTTTTGGCCCCCTCTACTTAGGACCTGAATACGGAGTTCAACTCCGCTCTGAGAAGGTTTAAATCGTTCCTCAAGAATGCAAAAAAGCTATGAAGCGAAACCAGCTTGGCCGCGTGGCTATAAACGAACGCCTTTAGTCGCAATACCTGAATTGCAACTAACTCGAACTCTGTTGGGCTAGATCGGTATAGAATGCACCAAAGTTAGGATCTTAGTCCTCGAACACGCTGTTTATGTCAACACACGTCTATTATTCATCCGCCTACCGGAGGGTAAGAGAGTCCTGGCGTATCGCAACTGTGCTATCCAGGGGGGTACTTGTCGAGCAAAAATGGGGGTGACTTTATGAGAATCCGTTATGCGAGATGGAGTGATTTTTAGCCCAATAACGAGGGTTCTTCGGTTGTTTACGATAACCCACAGTAAATATTAGGTTTCAAGCGCCGTAGCCCTAAGTAACTCAAGTTCCTTGACCGTCTCGCACGCCTTGACGGGTCATGGTAATGGTTAAGATCGCTGACTGACCTAATAAACTCGTTCTCCTTGCGCCAAGTTGAGATCAACCCCCCCTACTTCAGATGTGCATGGCCATAGAGGAAGGAAATGGCACTGCATTTACTCAGGAGACTCACCATCTCTTCAAACGCCATCACTAGATTGCATTACGAATGTATGTAACAACAGGGAATTCTATGTTATTTTACATCGGTAGGAATATCCAATGTTGGACTGGCTTAAGCGGTTTCCCTGCCGGTCATGCCTCCATAAGTGGTTTCTCTACCGGGAAAGCA,1344,48.21,Caenorhabditis elegans
SEQ_495466,AGTTTCCTGAGGGCACACGATCCACAACCGTAACGTGATGTAAAAGCATTACGGTTTCTGCTAAGAAGCCTATCATTCATCTGTTATCCTCACTAATCATTTTACTTACTCTGGATCTGGCTAGTTACATCCCTAACATAACCACGGGGTGGCGCCGTACGCTGTCAGGGAAGCCTTATAGTGTTGTTCTTTCTTCTCTTGTAATACCGAAGGGTATGGATCCCTCCACACGGGAGGTGTTCACACACGGTTCCGGAACGAATATGTTCACCCTCGGATTTGTGACTATATGGCTTAGTAGACCGAAGCACATCAAGTGAGGATCTCGAACTTTCAGACTACGGTGGTAACATTCTGCGTCCAAAGTATCGGGATTGCTGCTTACGTATCCGGGCCAGTCTCCTCTATCTAAACAACGCTGCGGCAGATTGTCACACATATGTGCAATGGGGGGACTGTCTAAGATCAACTGGGGAGTGATATAAGTCCAGGCCCCTTCACATTACAGGAACCGGGGAAATCATCGAATGGGCCTTTTTGAAACATTGCGGCGCAGCGAGAACTAACAGCTCATTTTGAGCATTAGCATCCACGCCTGAGAAGCAGGCGTTTTCCAGACGAGTTGCTCAGAAATCATTGAGAACCCGGGTCAAAACCTCATCCCTAAAACTTTCTT,676,47.49,Arabidopsis thaliana
SEQ_812152,GGTGAGACATATCAGAGAGTATTCACCTACCCCACTTCTGGTAGGTAGGCCTTGAGATTACAGGATATGAAAGTGTGTTTATCCCCTACCCGGCCTACGTTCCAAACTCCCTGGACTGTAAACATGGGGGTGGCCGGCATTGGACCACGTAGAATATAGAGTACTCTTCGAAGAGGTGTGCTTGAATCTGCACGAACCTTAGGACATCGCAGACCGGCAGGCGGTCGAGCTCAGGGTGTCGCCGATTGGTAGTTAAGTTCGTTTATAGTTCATTTAGGCGCCCTAGCTTCTGTCCGACATCATCATCCTTGCAAACTAAGGAAGACACGCGCAGTTCCCAAAACGCACTGAGATTGAAAGGCTTGCACGGAGTTGGATTTGAATCAGCCATGTCTGGACCATTCTATAGCCGAACACTTTATCGGGGGTGTATAAGGAAACCATCCCCGGAGGTTTTAAGTCCCATACCACCTGGGTAGTATTGCAAATTAGTTTCCAACATTCGCCCCCAGCACAGTTGTAAGGGGACTGT,532,49.44,Escherichia coli
SEQ_131367,AGTGAGGGCGGGACAACAATAGACACCAATCACAGGTCAAGTCGATTTGTTTCTGACCGTGGGCACATAAGACACGCAACAAAGAAGGGGTCTATCAAGTGGGAGTGGCGTAGGCCCGACTGCTGCCTATCAGGCTAGACGGTTGCCATCAGGACAGTAGAGCGGGAACTGATCATGCATCATGAGCGCCTAACGATAAAGCTACAACGAGGTCCTAACACTATGTAGTAACGAGTCCAAAAAATTGTAGATCGAGTCCAATAATCATTCTGGTGCCCACATGGTACGGGGGTTGGCCACCGAGCCCCTTGCACGATTTTTTGCATGGTGGGTCGTCCATCGTATCCGCGCTGACTGGCTTCAGGGGTAGCGGGTTTCACAAAGTGAGCAGTGCCTATCTGAAGTTTTCTACAAAGCCGTTTCTGTGCCTACGGCCTTAAGGGATAGGCTTACTACCGCATCGGGGTTTATTGACCTGATGTTTGGACCTGGAAACAACTATAGCTTCTCTGGTCGAGAAATCGTGTACCCCATAGCGTTGTTGGTCTATATGCGTTGCTCCTCGCCGAGAGATATCGTACTGAGTATTCTGGCAAGGGCTTCCCGAGACGCCCCATTACCGTGATTGGGCGCCTATCTTCTCCCACGCCAATGATAGATAGTGGCAAACAAGGCATCCCGAGCTGATAGTAGACACTTATCTATGTAAAGCGAGACCGTTACCAGCGTGGTCAATGCGCCGAACATTTCGAATACCAGCTGAGTCCA,768,50.78,Caenorhabditis elegans
SEQ_560233,CGAGAGCACATAATAGCGCTGGAACATTATCCACTGCTCCGAACTTTCATCCCAGAATGATAACGAGTGAGATTTCCGGAAATTTCGTGTAAATCTTCGCCCTAATTTAATACGCTATTTCCGACCTGCGCATCCAGGAGAATCAGAAGCATATTGGCATCATAAGCTAGCCGCCGTATCGGAGCTGATGTTGAACACATAACACGGATGAACGCCAATCTTGCTTGTGCTTATCGGTTTGAGTAGATACTAAGCACAATTGTGTGGGGAGGTTTGTTCTCTTATTCTACACGCATTTAACGACCGCAGTAGATGCTCCTCGATCCACCAACGATCGCTCGGGTAGGTGCAACAAATACCGGAGTTAGCTACGCTATACGGTTTAGTCCCACAGGGCACTATATCTTTTTTAGTCGACCCCCCGAACCGCTGAACACAAAAGCTTGGATAGTCATAATGTGAGGGCGTCCGGATAACCCAACCGTTGAACCCTGAGATCATCTCGTA,507,46.75,Mus musculus
SEQ_731923,CCCCGCTAAGGCAGTATTGTATACGGCGAATGACATTTACGGCCTTTATTATGTTCGCCCCCAACGTGAACTGCGAGTTGGTACCCCAAGATAATCAAACCATGCGCGATTTGGTAATGTGCAATTCTGACCTAAGACGCTGGCAAGGATGACTGTCCCGACTATACGGCTCGCCACGTCGGCCCGGTTCCGTTGCCGTCACCGACAGGTTAGAAGCACAACGTTCCCCCCCGTTCATAACGGAGAAATTATATCTGTGGAAAAACTCTCGAAAAAAGTGACACAGTAACCCTTTGGTCTCACCACGCTGGTCTGTGCAATCGCGTGCAAGATTATCCCGCTTAAACATGGTGTTCAATGATAATTGTGAAGATTCGACACCAACTCTCCATGCCGAACTAAGCAGGATCGCAGGAGTTTCGAAACACGAGGCGTCAATCGACACCATTGGCAGATACCCGTGTCTACTGCGTCCCTTCCCACCACCATCTGTAGGCTGTCAGTACTACGGCACTAGGCAGGGGAAAAACCCCGGTGCCCCCTTACAGGCCCCTATCCTCACCCCTACCTTGCCGATTTTCGAACCGAGCGGACTCTCAGACCAGCACAGAGCGTCAAGAGGTATGGCTCGTCTTGGGTCCATGCGAGTTTGAAAATGAAGTACCATCACCTTTAGTTGTTTTTTTAGATAGTCGGAACCGAATATGTAAGCCCGAAATTTTACTCAATTCTTCATGGTTGCTTCGTAAGGAGTCTCGAGCCTCGGGTGGGTCTTTATTGTAGTGCCTCGTACTACGCGACAGGTTGATTTGTTACCTCTTACATCACGTCTCGCTCCTACTCGCAGTATCG,852,50.23,Saccharomyces cerevisiae
SEQ_524888,GCGTACCAAGTTCAATACGCCATCGGAAAATGGGTGTTGGGAACTACTCCGTGGGAATCCACGTACTCGAGCCTGTGGTTATCTACTTATCGCACCTTGAGCCGCTAGACGCCTTTTTTGGCGCAAGGAGGTATCTAGCGTAGGTGATTCCTTCGAACTTCTGGTTGTATCGCTGACCTCCTTATTACACGTCCCTATGGTAGTTGAGAATTCCACCACGTGACTAATGACTCTGATAATTTCGCGGTAGAGCTGTTATCCAATCAATGCTCCTACCTAACCATTTGGAAAGGCCTGAAAATGGGCTCTGTACGTCCTAGTGCTTAAATAATCTCAACTTACGATGTCCTACTATTGCGTGAAGCGGCCTGCACACCTCGAGCCCAATGGGCTCCGCGGTCGGAAAAGGAAGTTAACGGACGCGAATCAAGCACGCGTGTACCGCAACTAGCGACCTATCGTGTCTCTTAATGCGGCTCGGGGTTTATCTGACGTTAACGAAATTTAGTGGTCTCCTCGCTAATTTTATTAGCAATGGGATTTCTAGGACTTGAGCCTCCGGGGCTAATTAGCCTATAAATGTGCCACACATAGTATATTCCAGCACATGCGTCCGCACTTCGGATACCCCTAATAACCGCTCCAGTGGAAGTCGCAATTGAAGCCCCCTAGTTTACCCACCCAGCCCAATCAGCCCCGAGCTAAGCCGGATCGCACGGAGACAAAGAGCAGCGGATGGGAGGTATCGAAATAAACATAAATAGCTCCGGCGTTGCTTTTTACGTCCAAACCTTATCGCGCGGGCGGCAGCCGTATGGGCTGTTCGGTTGCTACTTGCATGCTCACAGGGTAATACATTACGGTCCCTCGGCAGGTGATCGAAATATTCATTCTCCGCCCGGCTAAGGGAAGTTCTTGCAGACGGTACTGTCCGGTTGTAACGTTGTCCACACCACATCCAGGTGCGATCTTGTCGGCATCATGCGAAAAGGAACCTTAGTCGGCCTGGAGCTTAAACTTATAGGCATGCCGCCTTGATCAGGACTTGGCGACACTTAATCTTCCCGGGTAAGCATGTTGACTATCTGGTGGTCACCGTCTACCGGGTGTTCACAGGTATAGGTTTGACCCCTATTTCTCCCCGACGGAACAATGTCAACCATCCCCGAACCCTCAGCCAACTAGGATATAGCGCCAATATCCTCTCACCACGGGCGGGCATAGCGGGGGCAAGCAATGAATTTTGCAATCGGCCACTCGTTGAGCAAACACTATCGAGGTCGACTCACAAATCCCTACCAGGACTCGGTCACCTCAGCACCGCTTCTATTGCGCTGCACTGTGAATCAGTACGACGGTTATAGAATCGAGTGGCTGTTGGTGACTTCAGCGGGCCGAAACTCCTACAGTATCGCGAGGGAGCTACCTCAGCTACCGAAAGTGCGGATTCCTCATCGTTACCCTGAGCCATTGCCGCGGCGCGCTGAGCTACTCACTTACGGCGATCGATACAGCCCTACATGGCTATGTTGGTACTCATGTCGTGAATCTTCCGTCTACGGCCGTCGGCCTCTTCCGTTAATCGGCTAGAGCTAAAGTCCGGAAATACGTGAAGCGCACTGCTTCGGTAGTGGTAATTACACCGTCCTGGTTGGGAATGCAAAAGTAGAGCTTTGTAGATGGTGGCTGGAAGAAATACTCGATCGGTATACATTCGCTTCATTGTTTGTGTCCACGAATGAAAAACTGAATTATATAGGGGGACTATGTTCAACTACAGACGAGCCCGTAGAAATCTGCATGAGTACAACGGCTATGAGGAT,1823,50.74,Homo sapiens
SEQ_140917,CGACAGACTCATCGCTCTACACCCCCTAGACCGCAACACCTTGAATGGCAGGTCTGGCAACTACTTCACTTATCAAGATCTAAATAAAGTCTGCTAGCTGCTATTTTGCTGAATGATCTACTCAAGAATACAGTATCCATGGATTTGGCGGCATTAGGGCGAGCACGGGGTTATATGGGAAAACCATGGGGCATGCGTCTTGATGGACGCCTAAGAAGAGCGAACGCAGTGTGACATATTCTCATAATGGGGCTAAATGCTGACGTATGGTTTGTCCTACAGTAGACCGACAGAGGCTCGGGGACCGGTAGAGCGCCAGACTGATTCTCAGGTGCGAGGTGGGAGAATAAGCTAATAGGGTTCGCTCATTCTCACGCCGGTACCATGTTTGGGATAATAGTCATCGCGCAACGTGTTCGCGTGGCGAAGAATGTGGGAGTTATAAGTAACATAAGGGTAGTATGCACCCTATTGCAGTAGCCGCACCACGTGTATCCCTTTTTGCAGTAGTTAGCTTTGATCATTCGATAGACCAAAGCACCTATGACCGTGGGATGTTATGGCTGATCGAGCCGATGGAGCTCCTTCGTATACGTGGCTAGTGATCGGATACGCTGCACGGAATTAAGGTCTCCTGATTAGCTAGGGAGTCCGAAGTAAGGCGATCTTAGAACTGACACTGGAGCAGATGCCTGAATTGATACGCAGACGAGGTTAGGACAGAAGGTTTTGGTGCCGGTCCAGTTTAAGGTCCTTCAGATGTTCATCCGCGTTTGGGCTCTACTATCGATCTTCCAGAACACGATCTTATAGAACGACCAGCGCCCCTTAGAGCCTTATCGACGTGATCTCTTTTCAAAAGTTGTTAGACCAGCTCCAACGCTGGGCTTAGTAAGCGACCTGACGCCCCCTTAGCCGGCTAAGTAGGAGTGGCCTCCTCTCGAGTTATTGGGGGATTTAGCATTCTTTAT,971,49.33,Drosophila melanogaster
SEQ_598638,GAGGACCGAGGTCCAATCCCATTTATAAGCATTATACAACGCGCGGTTAACCACTGTCTTGACGCAAGTCCAAGGGGTGGTCTCGCAAAGATGGTGAATTATAGTCTAAATAAAATGACTATCGCAATGCCGGCCCATGGTTATGGGTCATATTGGTGGTCATAGCGAATTGCTCCGACTTACTTATACTACTTACCTTGTTGCTAGAAGAAATAGTATCCAGTGGAGGAAGTCCAAACAGGGAGCCTGACCTCTTTATATACCTCTGAATAGCTTGTGAAGCCTGTCGGCAGATGTGACCTACCCACTGCGCGCCTCAATCGTTCTGACTCTAGTTGCGGCGGCGGGGGGTAACAGTGGGATTGAGCAAATTAATGAATATCGAATAACTCAATGCTGGTCAACTGGCACTGTAGTGAGCAGCTGTCCTCTGACTAACAAGACACGGCCCCGTCTCACAAGGACGAGCAGAGCCCATGATCATAATCCAAAACGTCCAATGCTTCCAGTCACTATTTACAATCTAGAACTTGGGCCAGCACTCGATGGACTGCAGTAATATTGCGACGGTCGACAAAATAGGCCGGTCGGCTATTCGTCTGAGATGTAAGTTCTGGGCTTCCGCTCCGGGATAGCCACCATCCGTTTTGGTTAGACCCCCCGAATTAACATATTTAGAGGGCAGACCACGAAGTAGGTCCTTTTGGACACGTATAAATGAGGCAATTTCATTCATTCATTCTTCTAGCAGCACCCCTACCCGATCCTAGCCATGTGGAAATATTAGGCCCGGGGCCGTATGACAGACATGTCAAGGACAACCAACCGTGTGGGCCCAACCAACATCATGTTCCCAGATAGATCTCGTAGGTCTATAGGGGATTAGACGGGATTCAGCTCTATTAAATAAGGAGCAGCGGCCGTATAGTAGAGATTGGTATGCCGCCTGGCCTGTGGTTAGCAAGGGTGCGAACGCCGACTTATTACCATTGGTTACGAAAGAAGGGTCCTCTGGAGGAGAGAATGCAGCCATCAGCCACCAAATTGAAGTTTGGACGTCATGGCAATCCGTTTAGTTTCTGAGAGGCAGCCAAGGGTCCAGGCCTAAAGGACACAATGGACGAGCATCGTTCCCGGCGTCGCAAGCCCGGCATGGCAAACATTTACATGAAGTTCATTACTCGAAACCTGAAGAGGACCATAACTGAGTATACGTGTCATTGAATGGACGTTGAAGGTCATTTAATATCAACGAGTGCATCAATGGGGTCGTTAAGAAGGGTCTATCACGTCTTCAACCTTCGGTCGCGGGTTTTGGTCT,1321,48.6,Escherichia coli
SEQ_536522,AACACTACTCGCGTTGTTGCGGTTGTTTCGTGGGCACTGTAAGGTCATACAGATACTGAAGGAGTCCGCTTAAGCCCCGCATCATGTCCGGACTTTAACCAATCCGCCTGCAGGTCTATTATTTAGACGGGACATCGGCCGGTACAGACGCGACCTAAACCTAAACTTTCGACCAAGCACGTTCGTAACTGAACAAAATCTCCTTTCCCAATCCCTCGCGTCGTCGCGGGCCGGCCGTCGCATTAAATCTAGTAGAATTCCTGTGGAGCGGGGAGTAATTTCCAATCAAAGGGAGACTCTCATGGACATGAGACCGATTGAATTCAAGAATATAAAACACCCGTTCCTCATCGAGTCATGCCCGCGCGAGATGCTACATGTACGCGGGCTCCGGCGCTGCCATGTTCCGGCGGCCGAGTTGTAGCACCAATGCCATGCTCGTCCAGAATGTGCCAGCTACCGTAATGTCAGTAGTACGGAAAATAGTATGGATCTTGGTTAGCAAGTCGTTGGTTTTATCTCCAATCTACGCGGGGGTGCCCGCTCCAAGCCGAACGGGAGACCCTGACGATGCCGTTAGACTTTGTATACCGAAGCTGATCACGTTAGAACGATGAGCTCAGTAAATTAACAGGTGAGAGAGACGCGCTCTGGTCCGAATGGGTGATCAAATCTGTGTCAAGCCGTGCCTTGGTTTCCGATAGCCGTGGTCATCCTAGAATAAGTCCGCGGATCGCGTATATGAGCAGACCTCGGGGGAACTAGCGTTGTAAATTATAAGGCCCTGCTTCCTGCGGTACTGTATAAATGGGGTTGTCGATTATATGCATCGAAACTAGTAACAGTTGCATCACGTGCGTAAATATCTCGATTAATATTAATGTGTGTACTGTTCCTCGTGTACATTCGTTCCTTAGGAAGGCCATCTTGCCGCTCTGTTTATTCGTGCGAACCATAAAAGGCTAAAACCACAGAGAGCGACTGTACGCTCTGGGGTTTCTAGATCTAGACGCCTCTACTGCTACAAGAGGATTGTATCGGAAATCCTAGCTTAGCTGTACCTGCT,1066,49.62,Escherichia coli
SEQ_502635,GCGGTGTTTGGTATATACCTCTCAGATATTGGTCTGACTTCCCCCGTGCCATATACAAAGTACGATCATGTGAGGTACCAATGGCCCACGCTCCAATGTTCACGTCGTCGAATGAGCCCTAGACTAAGTGGACGCCCGACTATAAGCGCAGTAACCCTCACCAATCGGTTGTCTCTTCGTGTGCCGCTAAACCACCCGCATTGATCTCTGCATCGCAGTGACTTGGGTTTTTTAACGTCTGGTACGAATGTGTAAGGGTGTAGACAGAAATAGACGGTTCCAAGTTCCTTAACCCTTAACATGCCTTACTTATACAGCTGCCACTCCTACTACGTCAGTCCAAGGTAACAAGAGAAGGATCTTCTCGCTTGTGCAACTAGGTATAAGCAAAACATCGCCGGTAGTTCTGATCTCAGGTCCACTCCGAAACGTCCTACGAACCCAACACAATCGGTCACAAGGATCAGGACCCGAAATCCTTCAGCGCTTACGAAGACTAGGCGTATGGCGCAACGGTGTATGGCCCTTGTGGTCCGGAAAAGTCCCGGTCCTTCAGAGATGAAAAACCCGGCCCATCCAAACTATTTCTCGACAGCGAGCCTCTTTGATGCGGGTATATGAGACCCAGTAATATAATTTATTATTGTGGACAGTAGACCTGCACTCCCATGACGTTTAGGCCGGCGACGTAGAGTACTGTTTCTCCAAGTGTCGTGTTTAGCTGAGATAGTAACCCTGAAGGGCTGAAGTGCCTGATAGTCCGGAGGTCCCCGGATATCTGCTAGTACTCTGAAAATATGAGAGTTATCGGGCTCGATGTCGTAAGACTAAAGAAACTTAATAGGCCGCCCGGGTGGTCGTCTCTCGGACTATGCATCCATAAGGGCATGGTAATTGTCAATAATTAGTTTGTTCCAGCCGATGTCCTAGCGACCGAGAATCTAGCTGCCACCCTTGAGACTCGGCCATGTAACATGTCGCATTCGTTGGGTTTGGGTTGATATCTTCACCGCTATTCAACGTCACTATAGCACTAATTCGCGCTCCAGTAGGATCTAACCCCGCTGCCCGCTGTCACTGGTAGAGCCGTTCATGCTTGTCATTATGTCGATGTTCGTTTACATTAGCGATAACTGTGGGAATTTGTTTGAATGCATCAGAACCGTCCCCTATCCCGCATCTCTCAGACACCTACCTGTATTTAGAACAGTACAAGTTTTTAGCTCCGCGTTGTGGTTGTCGTTAAGTCCTAATGGAGACTTGCGTGTTTAGTAGGCAGATGGTTCCCTTGGGACCGAGGAGTCTAGAACATGCATTATGATCTTAAATATAAAGATCTGTTATTGCCAACTTGGCTTGATGCTCTAACAGTGACGCTAACCGATAGGTCTACACATGGTTCGACTTATACTGGTTAGGTTGTGATATTTCCTCATGATTGCCGCGTCGCTACCACCGACGGGTACGGAGCGCCGCATACTCCTCCATTCTTATATGGCCTGCTCCTACTGTCGCGCCCCAAGGAGTGAAGCAG,1534,48.57,Escherichia coli
SEQ_879496,TCATATGAGTAAGACTCAAGTGCAGTCGGCAAGATCTAGCTTTCGATATCCATCGCCCGGTATATCTGCTGACAGCACTGGACGCTCGTGTATGCTAACGCGATTGATCGTAGTGTCTGATGGAACGGTTACAGCCCATAAGGATGTAGTAGTTGTCGTGGATATTGTGCGGTGCGATTCTAAGAGATAAGAAGAGGCCATATGGTGCTGTGAATCCTTTGCTAGACAATTGGAGGGGGCCAGTAGGGGACATGTATCGATCAGTGTGTAAATCCTAGGAGGAGAAGTAGGAGCTGTAGTCGCGACTCAGGTGGGCCACAAGGTTTCCACAGACTACGCAAACCCAAACTTCCATATCGATGCTTCCCCGCTACGCAGCACGATAGATTGTCCCAGAAGCGGGGCTCGGAGCTATAATTGACGGCAGTCGTTTACAGGCTGAGTTTGATGCTTATTGGTTTCCCGTCTCAAACCGGCTACTGAACCGACATTCTTCCGGAGTTCAGAAATGGACTAGGTTCGTTCGACAAGAACTAGCGACGTTTGAAATAAACAGTAGTGAGCCCCGTCGAGGCCCTACTCTTGGAGCGGCCGATGAATTCATATTGGGGCCCCTAATCTCGACCAGACTCCGCTATGCTACTGCAATTACGGAACTAGACTACTCCACACAGTCGACTAGAAGGTGGGCGTTCAGAACGGTTAGAATCCGTGGGTGATCGTGCTCTGTGGTACGGTCCGGACCCTACAATGACCTGATTTTGCTCTGAGCTTGGGTTTAGCCCAAGAGGCCAGTATAGTGAATTTCGTCATATTGTAGAAACGATCGCATCTAGATCGATGAGACCGATTACCCATCTTCTAATGCGGAAAGATCGATATCGTTATCTACCTGATGGTCCGGTTCCTAACCTGTGTGATTGGAGGTATGTGTCTGGTAAGGCGCGTGACAGGCGTCCTCTCCTTATTATCGTTTTACGCCCAAAACCACATGCAACATCGACGGGACTACAAAATGTGCTTAGCTCCAGGTGGTATTTGAGTCTTCAATTGCGGTTCGTTCTGTCAGGCGAGTTTTGATTCCTAAAAAGCGCAAGCGATTTGCCGAGTATGGTGCCAGAGCTCTCCTTCTCATAAAATGTGTGTAGTCCAACCGGCGCTCATTTACTAGAACCCGTATCGCGCACCAGCAACAGTGAGCGCTAATCGAGCAATACAGCTTCCTTGTCCATGATTGCGGTCCTCCACCGCATAAGATTGTCTGCTCTTTAATCTGCCGGCCGTCCCGCTGTAGGGCTGTTTTCAACTTATTTGTAGACCGTATGCTGCGCAGGGACTGCCACTTTAAAATAGTTCTTCTTAACAACGATAGCCGTCCCTATGCAGAGTTCCTGAGCCCGTACAGGTCTCCGTCACCTGATGTTCTTCGCTGCTGTCATATCTTCGACTTACGTCGTGCTAAAGCTGTTCCCTCAGAATAAGCTTCGGAACAACACCGGTGTAACCTAGTAAGCAGTTTCGGAGGCCAGAGGGGTGATGCCCCACATGAGGGGAACCAGCCAAGGCGATGCCCTAAGCCCGTCTCCGGATGAGCCTATCTACTTAGCTGGTCCCCGTGTGTTTGGACAATATCCTAAAAAACTCGATGAGCGTATCGGGTCAGAACATGCACGTTGCGCTCCCGATGGGCAGATAAGTTGTTCGCCCGCAAACTCCTTAAGAACTCGATGCGCCCCAACGTGGGAGCC,1748,50.23,Caenorhabditis elegans
SEQ_331173,GATGGGTGAAAAATCCCCGCGCCGTCGTGCATAATCCACTCCTTAGGTTTTCCTATGCGGTCGATTTCAGGAATGTACTATTTGCTATGCCATGGTTTGCTGCGTGAGTATGTCCTGTATGCTTCGACCGCGATTTGGAGCCTTACTTGAGCAATCACCAGCCCGCCGGGAAGTGCGGAGTATTGCTAACATTCTAGCAGTCCCATGTATAATATAATCTTGACTACAGTTCGCCTAACCTGAAAAGCTGTCGTCCAAACACTCAATAAAACATGTACTTCTCGTCTGTACGGCTGTCACTACTTACCAGGGAGGTAGTTAGAAAGCCAAATATGTTATCACCTATGAACCAACCCATGTTATAGGTCATCGTGTGAATGTTGTCGATCGAAGTGGTGGCTAAGTTCGACCGCTACAGCATAGATCACAGTGCAAACTACGCAGAGCCGTCTTAATTCGCAACAAGATTGTACCCCCCCAGGTTTTCGGTCGACATTATAGCTGCTTCGGTTGCACTCGAAAGTGCCCCTTGGTTAACAGAGGAATACTGATCAAGTAGGGGATGAATATGTAGCCGCTTTCACCACGTGAGCTCCGTATAGACACTCCTGAGAACGGGGTGCTCACATAAATACGCAACACAAATCCATAAC,653,46.86,Caenorhabditis elegans
SEQ_215777,TCTGAGGGACCTCATTACGAGGAAATGACTAAGCCACTTCCGAGTTTAACCGAGCATGTGCAATCGTTACTGGGCGCCTGCAACCGCGACGGTAACGCTCCGCGGCCAGTTGAATCTGGTCCCCAGGACGTTACAACGGTCTCGCTCGAGCCCCGTTTCTAGGTCTCATACACCAAACCGTAAATCCATTAAAGCGTAGAGCGGCCGGCCTTCAACAAATTTATATAGACTTCTGTATTCCCGAGCTCAAGGCAGAATCCCTTGGGTACCAGTGCTAGGTAACACCCACTCCTCTATATCCGATTGCATTCGTAAAGATCGACCAGGTCCGTGCATAGGGTGTGCGGGTACTCTTCGGCCGGAGCTGGAATACTTATTCTAGAGGCGGCCCTAGCGTAAGTCACTTTCAACACCTAAATCATGAGCTGGCGGGCGATACTTCTCCCGGGCATGCAGGAGCCGCGACCTCTTGGCGGTGCGGGCATCAGATAAAGATCCCGCACACGCGGATGAATATAATGTCCCATCTGTGAGTCTCTGTCAGAAAAGCTGCCACTGCGATGTATGAACGTACTCACCCATCAGTCCACAGAATCGACGGGTATCTCTCCCGCCGTGTGCACTAGCCAAACGAGGTCTCTGCACGCGGGCTTGGGACACCAAGGGGACTGTTACCACCTAGACAAAAGGCGGTAACAGTTCGCACCGGAACAATATCAAAGTGACCCACACTTATATAGGATCAGCCGGGTCGTACGGTTCGCGGGTTGTTGAGCCCGTCTTGCGAGGATATCAGCCGTGAATGAGATTACAGATCGAGAACAGTGATCTATGACTGCAGCGTGCCAAACATAGCAAAAGTCTGTGTGGATCTAATCGGGACATGCAGTCTGTGAGGT,899,52.84,Caenorhabditis elegans
SEQ_916434,GGGCACTCGTGTCGTTCAATCCGGTTGGGCCACCCTGGTGATAAGTCCTGCCACTGCTTTAAACCCTGGTAATCGTATCAAGGATGGTAATGCCTATCGGTGCGTAGGTGTGCCCTAGAGGTTGGGCATTTCTGGTTCCCGCCAAACCCAAACCTCTCGCCTACCGCCCTATGTTACGATCTAGGTGGTGCGAGTGGTGTACTAGGAAGATATAGGGTCGGGCCTTGGACACATCTCAGAGTAACGTCGTATTGACTTATGCCGCCTTTTGGGTAGCGGAGAAGGGCGGTGAACTTATTGGAGGTATGATCTGTGTATAGTTTAGAGATATATGAGTAACAAGGCCGTCCTCCAACCTGCCAAGTCCGAGCGTACTTCGAGGGTCACATCACGGCATACAGCTGGACGAATTTCAGTTGTCATGGAACGTTCCGGTCGCCGATCAAGTAATTCATATGCTCTCAGTCATCTAGCTCACACTTAACTGGCCCGCTGTATTCTAATAATGCGATGTTTGGCGTATTCAAGGGGGTCTTTTGTGCTCCACTAGATATTGAACCCACACCTACCTAACAACCACCAATACGACCCAACTTACCTTGAGATCGCGACGCGCTTCAGCTTGCTGAACTCAGTGTGACTCAGCGGGCAAAAGCCCTCAGCCATACAAGGCATAATGTGCCTTACGATGGGTTAGTAAGCAAAGATCGGCCACCGAACAGTCGGACTTTCACCTCCGGGGGACGTTAGCCTTCTGTCTCGGCGTTCTGCCTCGGCGCACGCAACTCTCTGCGACCGTGGCTTTGTCGCCGTATTCGGAAAACTCAATTATTCTCCTCATGCATGAGTAATCACCCTGGCACCATGACCATAAACCTGACTTGCTGTTATGTTATACTTCGACTTAGTCAAGCTTGAAGGCATATCTACCTGATCTCACGTAATTGTACATTAAGGTTGATAAACGAAAAACCTGTGCTACCATGGCTGAATATGGAGACAATGAGCGCTCTGGGCAAAAGGTACG,1027,49.85,Homo sapiens
SEQ_314669,TAAGGAATCAATTTGGCAGTGTGGGTGACTAAATTATATTAGCATTCCGCTGGAAATGAGACGCTGAACCGCCACGTTGGGCTGTCCCCTCTGTGCACGCGAGGACTTGTCGGACATATAATCGGAATGTACAGCAACGGTCAATAATCAACGACTGCAGTTTTAATCTCCAGGCTCGTAGGCTTGGGGGAGAAGAAAGGTACGGTTTCTCAGGACTCAGTAAGGGGCACAAACACCCCCTATCATCCCTATTTTTGCTCATCCGAATAGGCAGACTGACTCGGGCATGCCAGGCAGACCGGTGCGGTTTTGCTCCGATTTGAGGAACTGGCAACGTTATCTCTTTTCCAGTGAGCTACCAAGGGCCGCATAATACTGATCGGGTGCCCGGCTCATGCACCGCCGCAGATCATAGCCGACTTGAAACTATGTAGGCCTACCGACCGGACGACAGCCGAGAGTTAAAACCGTTGCCTTAGTCTACCCATTTCAGGAGTGCGCCCGAAATTCCCCTTGTGTAGGAGCCCTATGTCTCAAGAAGCTGATGCGGCAGCAATTGTTTACATAGCTAACTTTTGGGCTAATGAAGCGTGTACGCAATTTTACTTCATGGGGGAAATGGGGCATCCACGAGGCCGCGAATATGGTAGACGTATGTGTAGATATCAAGCGGAGAGCCCCAGGGTGGTCCAGGACTATGAGCGAGGGAATGTTAGAGGAGCCCGACATGCTCACGACTGCAAGATGAGGTTAACTGATCCGGATAAGGCTGCAACATATATGTACCGCCACGAATTGATTTTGATGTAGGACCGTGAAAGCATGAAACGTGTGCGACTCTCAGGG,846,50.83,Saccharomyces cerevisiae
SEQ_358017,CATCACTCCTCCACTCGCCTTCTGTCTCAGGACAACACGACAATTTAGAGTCGAACCCGGAGCTAAAGCGGCAGATGTTGACATCGAGCAAGGCACCGGTCAGAAATTTCTAAGACCGCCATGACCCTGGAATTAGTGGCGGATAATCATCAGCGCTGCTGTCAACGGGTGGCATCACTACATCCCTCACAATGGTTACCGAGCGTCCACGGCCGTTCACAGCCACAAATATTCTCGTGGTTATCCTGCATCAAATGCGACTCGTTTGGCTGTGGTTCCCTTTGGTACGTGAGCAGGATTTCGGGGGAGGAAATCCGAGACCCGGAGCACCTCAAGATAAAACTAGCAGCACGGTGCAAACGCATTCCAAATAGCATGATTTTGTCACCCTGACTCTTTCGGAGTCGCCAACGGATAAGGTATAGAATCGGTTAAACGGAGAAGTTAGATATACAGGCATGTAGTTAACGATCAAATCGGGACACATGCTATATGGCGGTAAAAGGGCATCGGTGGAAGCACCGCCTCAGTTACGGTTGGCATTAGACCTCAGACAAGTGGTGACTTGTGCTAGCGACTGTTGTGGGAACTCGAGCTGCCGAACATTGCCCTTACTGCCAGTTCCGAATCATTATAGCTAACAAGATGCGTCAACTGGAATAGCTAGTCAGCCAATGTTAACTGGTCTACCCTCCGT,697,50.07,Homo sapiens
SEQ_453072,CAATCGCGGGGCGTCCGTGGTTTTGTCTGTAAATACCCCGATGCGAAGGACTCATCTAAATCGACTATTGGTAGGTCACCCCGAGCACAGGAATGAATACTCGCGCTGTCTAGCAACCGGACAGTCAGTAGTCTATGGTACCGCGCCCGGACTGAGGAATAACCCTAACTAGCTATGCTACGGGCAGATAGGCCGATCGAATATATCTCCAACACAAATAAAATTGCCAGGCAGAGGTATAGCCTTCAGGTCTTTTCATTACCCACCGGTCGCAGCGATAGACCTCAGGTGGTCGAGAGGAGCACCCTCAGTAGTATATATGAGCGATAAGCCGTTACGAGCTAGGGATTGGATCCGCCTTTGAAAAACTGTAGAACGTCCACGAAGTTTATATATCACAATGTACCAGCCATCCTACTCCCATCAAGTTCACCGGGATTTCGGTTGTCGTTGACATTATTCAGTACATAATGCCGATTGGAGGCCGAGCTTACGCTAATGTTCGCGATACTCCCTGCTGTGATATACGTGTCAGGGACTTTCCGAAACTTTGTGACCGATTACCTTGCCTATTGCGTGTTAGCGATACCCGACGGTGTCTGAAATCCCTGGAACATAGTCGTGCTCCGTTAGTTATGTGAGGACACTCGCTACAAATTCCAGGATATGATGTCGACCCCGCCAACCTCACGAGTTTTTGTCTGGCGTCATTAAGTGCCTGACCGTTACCACTTAGTCCTGCAGTACGCAAAGACCAGAAAGCTACTTTGGACTTCTGAGTAAACGGTGCACCCTATCGTGGCGATACAACCGTACTGGAAAGACTTCCTGCAGTAACAGCCCAGAAGAGGTCACAGGGCGCCAACCAGCCTGTAAGATTGACCACAGTTACCAATTGTACCCAGGCGATAGTATAAACTGAGTAGATCGAACTTTGGGCCGGTGGCCGACTCGCTGGAA,960,49.69,Saccharomyces cerevisiae
SEQ_311016,AGCTGGAACGGGTATCGTTAGGTGCGGCCATAGTCTCTAACCTTGGTCCGAAGATATTAGCCTCACCGCGCACGAGAGATTTCTAAGCACCTGGAGGGGCAAATACCCTCGCCCTAATTATAAAGCCTAAACGTATCATAGCAGCAGTGGAGGCAACAACTTTTGAGTATCTGGTCTAAAGACTAACTCCGACGCTGACTGGACCCATTCGTCGTGGGAAAAATGCACAGCGTGCACTTCAATAGACTAAGTCGCGGAGGTAAACTTCTCATATATGGGTAAGCGATCTTCCCCTTATAGCGGACAACGACTAATCCACCGCCGCGGGTTTTCGAGGGTGATGAGTGAGATCAATCTACCCTACTCGTCTTTACCTAAAATCAATGTGGACCTTTGTATCGTGGGCGACTACCGAGGAACCGTTGCCCGCACCACGAACTTGGGATAAGGCCAGACTGATATTAGGGCACCTAAGTGCAACGCAGGGTTGCTCGAAAAACACGGCGCCTAGCCTAAAGGCGTGTGCTGCTACTCGAGTCCTCCACCGAAGTTGCAGGGCAGCATGCCACAATTCATTTTCCTACGACTACGGCCGAGGATGACACGTGATATTCTGCAGGATTTGCATACCAAGGAGATGCGTGATGATCATCTTCACAGTCGCTGGCGCTTTAGTAATCGAGAATGGGGACCTAGTGGCGGTGAAAGGTGTACGTCAGTCCTTGTGATCGGAATCTGAGTCTGTACCGAGACGGGGTTAGGACCATACATTTCGGTTCCTTGGCGAAAGGTAAGGGATGAATGTTACAAGCGTGTTCTGCCGTAAATTTAAGGGCTACTCAGCAGTCATGCCCGCCGACAACCTACTACGGCTTGATTTACGTATTGGCTATGATACCGAACTTCGGCTCGTATATTCTTTCCTCGGCACTAAAACCAAACGTGCTTCCTTGAACCAACCAAAGCTTGAATATTCTCCTACAAATAGTTCTGACATTCACTTGTCACTATTCTGTCGGGCGATGCCGTTGAGTCGGTCGGGCGTCAGGGTTTTTGGATCAGTGGCTATTGATCATCGTATGCATCCTCCGATGCTCACTGAATTGCCACCGGCAGTCCCCTTAAAACGCGGATGCGCCTGGAGTTACGTAACGCGAGGGGAAACGGCGAACTTGTCACACATCCTCAGGGCCAGGTCCACCTGGGACCCCCTCGACGATGGAGGCGCATTAACCAACTTAAATGGAATCAGGTCTATTACCCCCGCCGCAGTCCCGAGGTCAGCCCTACACGTGGTGGGCATCACTATGCATCCGAGGTAATAGCTCCGGCTTGAACGACCGCTGCGCACATGCAAGTTTTAAATGGGGCTCAGGGTCGCATCCTCGGGCGTCGAGATTTCCTTAGTTGATACTTATCCTGACGAGCCGAGTGTGTGGGGAACTCCGAAGGGGTTCAATATGAGTACTGCACGATGATTGTCACGTCCCTGCAGGGGTCATATTGCTCTTGCATGGGAGGCTCCCTCAGTCATCGACTTGTATACACACATTGGACGTCTGCCTGCCCGGCGAGCTTTAGGTACAGAGTGAGAAAAACGACGGCATTTGCTGTCAACCACACCAGTGCTGTAATTAAGGGGAAGACCACGATCTCGCAGCGCTAGGGTGCTCCAAAAGCGACTGGAGGTCAAGAATGCTAGCTCATGGCAAGTGCTGTGAGCGGTAACGCGAGTAGTTCTAGGTTCATTCA,1752,51.48,Drosophila melanogaster
SEQ_335896,GCTGATTTAACCCCCCATCTCGTCCTTTCAGGGTCGGACTTGGGGCAGCCATAGCCTGCAGCTGATGCACCTTCGGTTTCCTTCTTCGGGCGTGGTCAAATATGCGTAATTTGCTGGGAGGTGCGAATATCAGGACGGTAGTCTGTTTTAGACTAGAACGAAATCCCTATTACCAAACTCTGCGACATATATCGGAGTGCGGAACAGAGGGCGACATACAGCCATTGAGCCTGGATTAATTTTTTGGTGGTTGCAGGGTCTGTCTCTTCAAATATATGACTATTTACGTGACATCAGCCACAGTAAGCCTTACGGATGCGTGCCACCGTCCTTCGCCTGGCCATAGACGGATAAAGACGTTCCGCGTTTGGTAATGCCGAATTGGCTTTGGTGGCTACTAGCATTGTTCTGGCATAGACTTGACATGCGAGGTCTTAGGAATCGGTAATCCGTAAAATAATTCTCAAAGCTTGC,474,48.52,Escherichia coli
SEQ_272005,ACACCGAAGAGGGTAGGTGTTGCCGTCGGAAGGTCTGGCTTAGATTGATGAATATGCTACAGGTACGAACATGTAGGGACACATTAAGAACCATCCCCCTCAGAACGCAGCCGTTGAGAATGTTACCATATCCACGCCTGGTATATACTCCTCTAGTTTCATGTGTTGTCACTCCATGCCCGCTGGCCCATTATGTTAGTAGTGTTTAGGTCATATATGCCGGGAAACGTTTTTGGTATGGCACCTGAGACGGGGCGGTCCGGTGGCGCTAAGAATCCGTTAACAGGATCGATCGATCACGCCTCACTTCAACCGCGGTTGAGGCTGCACACGTCGCCGCTAAGTGTTGTGGGCCTATATCGAGGCACTACCTTTACGATTCGCTTAGAATCAGTGAAGTCCCAAGACTCAGTGGCCCTTTACCCATAATTGCGTTAGCAACCACCCTGGATTCACCCGCCTCAGGCCGAAAGACTCCGAGGCTCACAGTTACACTCCCGGGCTTCATGAATTGTGGGGGGGCTTTTAACCACTATGCGCACATCTGGGGCGGCGACTCGCTCTTCTTGGCGTCTTCTCCGAGTAGGCCGGGTATAGACACCTGCTAGTATTGAAACGTTAAACAGATCTCAGTATTGGGGGGGCTGATGAAGGCTATGTACGTCTACCATCGGATGGTCCGACGCATAGCCGTGGTTGTGCATGTTAGAAGACAATTGAGTGTCAAACTATCGGCCTCTTCTGCTCAGTTGTTTTCTACGTGGACTGTTCCCGCCAGTCGCATCTTTCGATGGAGATCGTAACAACAGTCAGTTCCCAGGTAGAAGGGAACTGGGTGTAGGAACCCCAGGAGCACTTGCAACTCAAGTTGAAGGCATACGAGACCACGATGTGAATCCGAGGAACTATAAACCACGTGTCTGTTATATTAGTGGAGAGAACCTAGACCCTTTATTACGACTGCCGAGGATTGTACATTACGGGAATTACGTTTTCGCACCGATCAGGTCTGCTCGTCGATGGCCTCTATAGACAAAGTAAATAGAGGCGGCACGAGTAGCGAGGTCAATCAATAATGCGATTTACGCGGCAAAAATGAGACCTTAAGGCCCGTGAGGAAAGCCACTTGCACCATCCTTTTTTATTGTGTTGCTGCGAGACATAATGCAAATATGTTTGCAGCCTCTGGCATGGGCTCAAAAAAAGCTATCAAGGTCGCGCATCTATTACTGAAACTTGTCTACTGTTCGCGTCGTGAGGGAGGGGTGGCCGGGAGCAATCCCTGAGTATGTTCA,1295,50.19,Saccharomyces cerevisiae
SEQ_148406,ATTTCTATAGCATCCGCATGGCCAATCATTGCGATAGCAGGTAGGCAAGAAACCCGGAGGTCAGCGTCTGGGTTGCTCGTTTGAATGTAGCGTGATCGATTCCAACACGTATGGGAGTGGCAACTGTTTCGGTAACAAAGAAGGTGTGGTCGCTTGAACGTCCTGCGAGCACCAGCGAATTTTGAGGCAGAGCTTTCTGATTTGGCGCCTAATTATTAATTAATTTATCACAACCATATTAGTAGAACAACGCAAGAGATTCATGGATCGAGCTAAGAAAAACTAACCTCCACGGAGGAGGGCCAATTCACCATAGATCGTCCATTACCGAGAACCTGAGTTGACTAGCCTATCCATCCTGTGCCCAGCCTCCCTTAATATATAATTGATAAATTAGGGGGTCAAACGAGGCAACCGTTAACTTACCTACCACGAGTGGATGCAGGATCCGATGTCACCCCTTGCATAAAGCGTTGCTCTGTCCCCATACAGAGCCGTGCTACCTTCTCTAACGACCACAGGCGGTTGCCGGTCTATGTCGGTCCATCGGTGGGTATTAAGCATATCCTCTGATTTTGAGCATAGATTGCAAGTGGGGTGGTCGCTACGACAAGACTAATGCCACGTGATACAGCGATAGATAATTGACGTATGAGGTACGTCAAGCGTTTGCTGAGGCTGTGTGGGAACCGATAAACATTGTATGTACAGCCAAAGGCGAGGGCTCGACTATTTCAACGGCTTACTGAATGAATACACAACGGCCTTTCCCAGGAAGATACAATCTCGGCTTCCGCTTAAAAGAAGCAAGATAAGATGAGTATCAACGGAGCGTTTGTTGAGCGGCGGAGCAGAGTCTAGCTAACTTCGATTGATAGTAGGCCCTACAATGAACTTTTTGAGACCCCGGTCGAATTCCCGTCGGATCGGATAGCTTCATATTGTCTCAACACTGATTTGTCACGTCATATGATACGGTTGCTTTAATTTTATACGAAGATATGTCTCTCGCGTTAAATGCATGTCGGCCACCCAAACGATCTAAGAATG,1050,46.76,Homo sapiens
SEQ_586148,CTACATTTCATTTTGTTGAGTTCATAAATACCTTCGGTTTCAACGCCAAGAAAATACGACTACCCCAACAAAAACCCCTTGATAAATAGTGATTACCCTACAGTGGGTCGCGGTCTCCACAGCCCCTACTACGAAGGCACCAGAGGGCAGTTAAAGGGATCGGAGTAACATTCATCGAGCGCGTGGAATGACACCCCTCTAAGGAATTCAAGAATCAAAAATATCTTCCTTAGGAACTGCACTCTTAAAACGCATTGGGGAAACTAGTCAGAAGCGGGTCGGATTACATACATCCGAACGGTGTTGCCAGGCTACCGTAACTATTCGATTCGTGCAACCTTTATAAGGTTACGGAAACGGATGATGATCGTTCGCACGCCTTGGACTCTTTGAGTGATTCTAAACCCTAGTCTACACATAATTCTACGGCGGCCTATATGTCGTTGCTGTAAATCAATACTATATACGTCATGGCACTTTAAAGTTTGTCAGAGCATACCTAGTCGTACCCTTTGTGCTGCATAGCGTTTGCTTCGGGCTAGCTATGGACAGGGGTCATATAACTTCCGTGTATAAAGATAATCTATACTGTAGAATGCGGCGGTTCAGATGCGTTACAGAACTGTAAGAATCGGAGCATCACTCGGGATATCGGGCCGGGTGATGGGCGCGTTTTACGGCCCACGTCTCGAGCTTCTAGGGAGCGCCCGGACCAGTTGACCGTACCATTACCACTGAGGATGGTCTAGATGATAATGTACTAAAGTGACACTCATCTGATTCCAATTTAGCTGCGTTCACGAGACTTGGCGCGCTGAGGATAGGCGCCCCGTACTGAATGTTTACCGCACCGGATCCCCTTCTCTTACATTGCCACATCTTATGTGTCTGCGCGGGGGGTGCGGCAACCCGCGTAGATCTAGTTCCATCACCCAACTCGATGAGCCCAGCAAATATAGCCACACGCTGCGCTGTGAGCCTGCGGCCACCACTTTGGTAATCAGAATCACGAGCGGCGATCGCGGCATCCCAGATTACCCTTAATAGTGGTGTCCAGGGTGCTCCTTTAAGAATGTTATGGTCATCATTTTGGTTCAACCTCCTGATCACT,1111,48.42,Arabidopsis thaliana
SEQ_685863,GAACCTAGTTTAGTGTTCCACTTGAACGGTATGACAACTCCTGTGTCTAAGAGTCGTGAGTAAGCCAACGTAATTTCCTCCCCCGAGCGGTTTAACCGAGTCGTGACGCACAACCAAAGAAGTATCGCTAGCTTGTGGGTAGTCGTGCCCAAAGCTCCACTGAGTAGCGTGCCTAGGATCTCCCGCTCTTCGGTAACTAAGTCGGCAGTTGTATGCAATCCTCCGTTGCATACGACGCACTGATCCGTGTCCTGCGGCGGAGTCAGGATTACTTGTGGGTTCGAGTTTCGTTTTTCAACGGAAGCACAAAAGTGGTCGACGGTAGTCTCGGACATCCATGGTACCGCTTCGAGGAATTGAGACGAGCGGAGTCTGGTTGTCAGTGTTCGACAAGTTATGCCTTCATCACCTGGACAAAATGGAGTCTGCTTTGCATGCCATTAGAGGGAAATAAAGTAAGCGCTTAGGCTTGCTCTGTGGAGCCGGCTTCCGATCTTAGACCGTCTGAATAGCGGTCATCCATCCGTGCTGGAAAGCTCCCTTTTGGCCCTCGCTTATTCCTCGATTTGATTCGGACGCGGTCCCGAATGGCTATTACAGCAAACAAAACATAAGCACCAACTTTACTCGCGCACTTTCTTTGGGGGTCTGGAAATTGCTCCGGTGATTTTGCCTGTCCTCATCCTTGGGTCCACAGTGCAACGTTCAAAACCGCGAGCGGACAAGCTGACCCTGTAAATGGTAGGTTCAAGGGGAACTACATAAGCGCCTACGTATTTGGCTGAACTGACCTCTCCTCGACTCTCACTATAAAACATGCTGATACCGGCGA,832,50.72,Arabidopsis thaliana
SEQ_922566,GCTACGAGTTTTTGAACGAAGCCCCGACTTGGTCGCAATAATTCGCCACCACACTCCTAACTATCGGGCAACATAGGCAGTGACACGAAAAACTATTTCCTCAACTTAGATTAGGGATTGCCCCGTCACAAGCGACCCTAACAGCTCCTCCACTGAAATATACTTCTCGGTCACAGACATCCGCACCCCCGGAGACGGCCGGAGACACTGACTGAAGTCGGATCCGCAGAGGCCGTTCGAAATCCCTAATTTTCTACTCAATCGAGATCGAAGAAGCTAGGACGCGTGTAATCGCGCGCTTGCCCACCAGTGGTTAGCAGGTTCCAATCCACAGGAATTCAGAAGTAAGGGGGATAGTCGCAAACCGCGCCAATAGCTCCACAAACGTTACAAGGAGCTGTGAATGTAGTCCGGTGAAGGTCATTAAGGTGTGAACTCGGAGACGCTGGACTGCAGCGCAAGGGAGCTAGCGAACACTCGGCTACAACACCTTAAAATCGTGCCGCATTTCGAGAAATAGGCAAGTCACTTAATAGGACACACCAGTTCGGGGAAATTCTCCTTCATGCGTAGTAGACAGGAGTAATTGTCTCACTAGTCCAGGACTGAGCATCGGTCAGTGA,623,50.88,Arabidopsis thaliana
SEQ_911131,AAACGCGTGCGTGGCGGTGTGGGGGTTCGAACGGCTAACCGCAATGCTTTTATCCGTTGCAGATCCTGTAAAAGGGATGTACGCCGCCTAAGCCACAATCTTCTTACAAGAAGTCCTCGTTGCAGTATAAGAGGACCGATCTGGGGGGTTGTTAGATCTTCTAGGTGCTTTGACAGCCCGGCCTTTAAAATATTTACGCCACTATCTAAGCGTGATCGGATAACGAATCTCACCGTCGCCCGCGCCGAGGCTCGAGCTCGGGACGTTAGTCTCACAGTGTACGAAAACCCTCTTAGCCGCAGGCTTATGCGTGTAGGCGTGGACCGCACCACCGACCCACCCTAAACGAGTAGCTTAGACGGCTACGTGTGGGCCGGTATATTGAACCGTTAATAATTCTACTATACATACCACACTCTTGCTTTCCACGCGCGCATTGGGAGACCTGCTTCGAATACTCCTAGACGAAATGAGCGGCTGAAGCGTAGGGGATCATAACAAGGGAGAGAAACCTCTAAGCTAAAACCTTCTCATAATTGAGTACGCTTGTTCTAGGCTAGCTTTATTGCCTATTCTGCCTTGGGTTAGAGAAGGTAGCATGAGGTTAAATTAACGCGGCGGATGACCGGCCCAACAGATGGCGAGACGGGACACTTCAGCACAACTTTGTAAAGCGTTAGGTGTACGATTGATAGGTTGCTAGATGTGGTAACTACACACAAAGCCTAAACGACCTGATATACCGATAGGCTAGTTTCTCAGCTCTAGACTTAGATCACGCAGCCGAGATCGTCGGACAGAAAGATGAGTCACCAATAGACTTAATACCAGCAAGTACGAGTTCGAGCTGCGCGTATCTTTGCCTCGCGGTTGCCAACCGAAAAAGTGGATCGTGAGAGATCGATCCTCTATTTGTGTTCATTCCGATCAGGTGCCCTCAGATGTACTTAATGTATATTGAAGGTAAGACACAACGCCACGTGATGTAATATTGGATTGGCTATGGGACTCAGTAGCCAGTATTCCGGCCAGATTTAGACAAGAACCGACTAGCCCTCACACAAACTTCATGGTGAAGATAAAGCAAGGCGGATCGCGTTGTCAGCGCGTAGCGGGCAGAGCAAGCCGGATCAGCTGTAGTGACTGAGGAGCGTAATCGATTCGACCGACCCATCAGTCCGGATACGCACATGAGCATTAGGTCCTCATTGGCCTTGGTACTTGGCCAGTCGTTTAACATCCGAAGAATGGAGCTTACAGGCCTGATTGTTAATGTCAAAGGCGTGGGCCGCTACGGACTCCGGCTATAGTATATTCGCAGCACCTCAATGTTGGCTCAGAAACGATGCTTAG,1353,49.74,Escherichia coli
SEQ_718746,AAGTAGCGTCAGCCTGACAATAAGCCGTAAGTTTCGAGCGGGTTATGGCCCAATTCCCTCCGTCAAGCTACTTGTAGCGCAGACCTGACCCTCGGCCGCATCTCGTATTTGCCAATTGCGGTTTTACACTTCACGCCCTGCGCCGTGTGCACCTGCAAGCCGTCCCCCGAAGAATCTGTAGTCTTAACGTCATTGTCTTGGAACCGCAGTCCGTATGCCTGCTGTACTAGCAGACCGCCAGACCTGGTCTCCCAGTCGAATGGTGCAAATTCCTGCGGTTGGCTGGTTAGGGTAGCGGATACTTCAACACTCGACAGATTAGAAGAGTGTGCTGTAACACCAGTGCGGAAGTGGACGCTAGTTCAAGGAATAGCGACGAAGTCACTGGACGTGACGATAGGGGGGTGTGAACCATCTGTATTCCGAAATGCATTATTGCGCTCTAGCGCACTGTACGAGCAGCATACTTGCGTATTTGCTTGAGGCTGAGCCGTGCAATACCGGTTTCCCCGCCCTGTGTAATCTAAAGGGGGTACTCTTTAAGCTTCTCGACGTCTCCCTGTAGACTCTCCGATTGTTGTATGGCGAAGATAACCGCAGTCGCAAATATCACGCCCTGTTGATCGAGTACCTCCCGCACACGGGCACGGTGTTACAGAGTTGTATTGTATTTTAAACTGCTCGTGGTGTGGTAGCAAGCGGAGCTGAGAAATTGAGCATATCTAATCTGTGCCAGTCAAAAGTTGTGATCTCCGGTTCACCAT,764,51.7,Homo sapiens
SEQ_837034,GTAACGCGAGGTCTCTGTAAAGCGATTCCAGACTGAATAGACCTTACGTCACTATTCCTCTAGGACTGGTTCCATTGATTTGCAGCCTCAAGTGCCGGATACATTGGTGCTAGCGCGGGCGACTGTGTACAAATTCGATTAACACTGACCGGGCTGCAGCACACTCAAGCTCCTGCCAGGGCCAGGAAAAGGGCGGCAATTGCTCGGCAAACTCGGACGTGGGACATAGGACTTGGTTCGTCTTCCACAAGCTATATTTTATGCGCTACTTTTTACGGGGAAGTTCAAGGTTATGTAATTCTATAGAGCACATGAAACCAGTCCTGGCGTATCAATGAGTCAGAGGGGAGGATGAACGTTGCTTTGTGATCTTGCGTCGATTAGCGCGGTAACATACATCTCTCGCTTGATCTACACTGTTGGTAGTTATCTAAAAACGTAAGATTGTCGTACCGTCCACTATCAATCGCCTATAACCGGTTGCAAGAAAAGCTCCATTGATCTTCACTGGGCACGCGGGCGGGAGAAGTCATCTTTGCTGCCCCGCATTGATTAACAATGATAACGTATCACGTATGACACGTAAGATGGAATTGCTTGACTACTTACCGACATTCTTGGGGACTACGAAGACATGACCCTTGAAGCATGCCTCTGTGGACACGCTGTGTATTCAAAAGGCGCGCATAGCTCTGTTAACGGGCGTAAACGGGGTACTAGGTGGAGATAGGCCTTAGCACGCGACTT,747,48.59,Mus musculus
SEQ_442043,ATGCGGGAACCTCGACAGCGTTGTGCTTCGAACGCGTGATCTTAAACTAAAACCGCGCTCCGTTTACTATCGCTTTCCATGCCCTCGGGGGCTTGGAGTTCCCGGTTATCGTACGGGTCTTCATTGAATCATACCCCTATACATGTCACACTGTGCTACGCACGCTCTACAAGGCTCCCTGGTTATATCCCAGATGTGCGCTCCATCCGAAGCTACCTAACCTTAAACCGATCACATCGGTACAGGGTATCGGCACAAGTTCTTATAGCGTTGAACATCCGGAGTTAGAAAACAACTGGAGACTGACGGAGCCAATCTTCACTTTATTAGCCCCGGCAAATGATAAGGTTAAAGCTAGACAATGGACCTTGTTTAGGTTCATCAACGGGGGGCAGTGAATAACTTTCCGCATTATCACTTGCTGTGGTTGAATAACTGAAATTAGCTACCTTATTCGGAGCAATTTCAGATACGCACGGGTGCCACGCCAGTCAGCGTGATAAAACCACTCCACTGTTTCTTACCCCGGTGCTGGATAGGTTGCATGAATTATGTAGAACTCTTCGAGCGCGGCCGTAGGTGGCGAAGATCGACACTGGGCACTTATAACACTATGAATGCTGCTGAGGTCGACCAAACGAGGTTTCGAAGGTAGTTCAAC,661,48.71,Homo sapiens
SEQ_491191,ACGGTTCACCGGGACTGATGGTGGACCTAGAGCCACGAGATGATAACTGAGAGCGTGGGTAATGGATTGCGAACTCGAGTGCCAATATGATCGCACGCTATTACACCTAATGGGTGAGGACCGGCATTATCTACCTCACCTGAGCCTCACTATGCCCTGTCATCGTAGCCAACTAGCTCATGATAGCGGCAGAAGCAACCCTGAAATCGCCTCAAAGACCCTGGCTCGGGCGAGATCGCACCCATACTGCCCGCGACGGCGTTCTCTATAACGAGCCAATGTCGATAATACGACAACAGTATGCCTTATGCCAGCCCGTAGCCTCAATCTGCAGCGCGTCACTATGGGCAGTCGAGCAAGAGCTGGTTGCTATTCCATCCTGCCCTGCAATAGCGCGTTTACCCGGTTTTCGCCGACGCTGAACAATATATTATGGACCACCGACTATGGCACGACGCTGCCGCAAGCGCTATTCGGTAGTGTGCCAAACGATGATTGCCTAATATAATTCTACTCAATATGTGATTCCCTACGGCTAAGAGTTCGTTCTGCGTAAGAATCAGAGGCTCTGTTCGAGAAAGTTTCAGTCTAGTTAATAGTCCTACAGTCACTCGTACATCCAATGGTATGACGGGCAGCTATCGCAGTTTAATGCCGCAGCGGACCTTAAGGGATAACTCGGGTCATCTAAACAAGAGACCTGTACATTTGTTTAACGATCACTAGGCCACAGCAATAAAGGAACGGCTACATTCAACACTTTCTGAACACGAGATCATACCGAGACATCTCGAAAATCGCCATTACCCTTTGCACCAATTCACCGGAGGGGAGTCTGGATTCAAGACTTAACTTGCTCTCACATCCAAGGGATGCTACCTAGTACCGGCAAGGCACAGCAATATAAAAAAGATTCTTTCCCTAGCAGCTCAAAACCTTTCGTAGGATACTGCAACGTACACGTCGTAGGCGTTAGCGGAACTACCGCGGGCGGCGGCCATGTCGGTAAGGCATGTATAGAACTACCGGGTATCCTTGTATTGGCTAAACCTCGACGACCTGCTCAAGGGGTATTGGACTTAGGTTGTTTGAGCTAGGGAACTCCTGGGCCCGGCGGCAGGGGGTATCAAACTATCTATCTCGCCAGCGTAGTGGGAGACTACCCGACAGTTACACGGATCCTCTAATATTTCCGAG,1197,50.38,Mus musculus
SEQ_759589,TGCAATGATCCCATGATTGGGCTTGGCTATAGTTCCACACGTAGTACGCATATTCGTCGCGCTAGTATTTTGAATCCCTAGAATATCATTTATTCCAGTTTGGAGTCAGTGATATCCGCAGTGTCCGTTACGCGATTTCCACGGATTATCTAGAATTTCACACTAGGAGCCATGTTGTCGTGTCCACTCTTCTTCAGTCCGTATAAACGGGTCTTAACTAACCAAAAAACAATTTTTTTTTGTCGAAGGTGAAAGCATTCCGGACTCTAAATTCCACTAGCTCCCACCGTAATCAGCGCATACCCGGGAAGATCAGCTTGTAGTATTTGAAGAAGAGGACGCCCCTAGTACAAGTAGCGAAGCGTGGCTCATAAAGTCGCACCTAGGTCTCGTTGGTCTAATCACATAGAAACTGACGGGTGCACTCTCGTCTTCATCCCTTTGCGAGCTCGCAGATTCATATTTATTACGTAATGGGTGTCTTGGAAATTTCTCATCACGAGCTACCAGCGCCGAGGTTCTGCCAGGAATAATTGCAGACTTAACTAGCGTGGTTTGTCACAGCACACTAGGCACCGCGGGCGTCCCAGCTTTTGCACATGAGAAAATCTAAAGTAAACCGGATGTTCAGCTTGGCAGTCTCACGCGCACTAGCCGGAGACTTAGACAGGCTATCAGTACCCAGCGTGTATGGACGCTGCAATATGAGGGCAAGAACGGGGCGACATATCAATGCGATCCAAGAATGACAGAAGAGGGCCGATAATTGCCATTTCCAACTTTAGGTAAGGCGACATTTAATATAACATTACAATTTCCGCAACATGTACGCTAATAAGGCGAGCTCTGTACACCTTGGAATTGAATTCACGGCGGGCCGGTAAAGTCTGAGAACGGGGCACCGCCGAGTCATGACCATCCAATGTCCGCATAGAGTCGGACATTGGCTAAAGCCAGAGCATATAGGGATTGACGGCAGTCTCTGCGCGTGTGTGCAGCCTTTTGTTATGACGATACATCGGCACGTAAGTGCCTCTTAGCATCAGTACAATGTCTAAATCGAAGCCGAGCGAGTCCGCATTCGCTGTTTTGTGTCACACAGCGGGATACCGCGATACGCCATAGCTTTTCCGCTCTTCGTGACAGATCCCCCCGCCTGGGGGGACCTATTACAGCGCCGGAAATTGTGTGGCTAGCAAACACTTCCATGTTGGTCGACGCCGCTTGCCGATGCCAAACAAATGCCAGGCTGTTAAGGAGCTTCGGGCTACATGTTATACCCGTCATGCAACTGCAGATATAATACCAGCGAGACACGGCAGAGAAGTGAATCCGGGTGGCCATGTTAGCCTATGTGGCAACGTATCCAGGCCAAGGCGCGGGGCTAAGGGAATAGAAGCTGGTTACGATCATTGCTCAAATATCCCGACTTATCTCTAAAGTATTTAGAGCACCAGCCACTTAATAGACGCTGAGTGCTTAATACCCGGGGTACTCGCTATTTTAACTACTAGCCCACACGAGTTTCGGGGGCTAAACGAGCCATATTAAGTAAACTTGTTGCTACGACCTTGTTAGT,1579,48.51,Drosophila melanogaster
SEQ_837872,TATGTGTGGAATCCTATTCAGATTAGGAATCCCACGGAATTGTTCGGGGCCCCCGATACCAAATAAAACACGGAATCCGGACTGCTCGTCAACGAGGACGTTCCGACGACGACGGACCCTCTTAGGACAATGCGAATAATCGCCGGGGGCGTACATTATTGGAGTTTTCCTGACAGAAAAGCTCTAAGTTCCTTTTCTCATGGTTGCTTGCAACTTGCATGGCCGAGGCTTTTTCGGCCCGGGCATCACAGTGCGACGAACTGGAGCTTGTCGCCCGTAAGCGGCGGGGAGTAGACCGGGTTGATGTATGAAAAAAAGACACGCTATTAGAAGGAGACGACGTGTTGTGATCGGATTTGACCTGGTGTGCTTTGCCCTTTTGAGGCGTATAGTCACACTTCTCACCCTTTGGTAGACTCCAGAAAACGGGAACCAGTAGTGCAATCTGCACTCCGATACGTCCACAAGTGACCTCAGACCGCCCTTGGAAACCATGACGCTTAATGGTTTGGCGGTACTAGTAAGTGGCGGAAATGTCTCGCTAACCTGCACTAGGCTGCGGAAGCAACATCTTGGAAGACGGCTGCGTAGTGAAACACTCATAGATCGGAAGCACTAACTCCATTTGCGCCTCATAACACAGAGGCGTCTATCTACAAGAGCCTCCGGGAGGGCAACGGAGGTGAATGAAGGAATGGCTCATCTCGACTCTCCGAGTTAGGATACATTAGCCCTCATCGATCAAATGCCAAACTAGCGTACAGGTACAATTGGGCATTAATTCTAACTAACAGTAACGTGGACCCTGAACGCACGAATTTCGAGACCTTTGAATCTGTCGCAACATGATTGTACGTCATCGGGCGATACACATTATTAAGGCGTTATAAGGCTCCGTACTGTCCTTAAGCCTTAAACGACATTTAAAGATGGGCTGTTTATTGGCTAGCATGTAGTGCGCATCTGTCTGGGAGTAAAGGTCATCTTCGGATTGGCTTTGTAACCCTTCCACACATTCACAGTTGCATAGGTACTGAAGTTATCCTACGGAGTAGTGGGAACTACTGATGCGTGGTCTTGGCACGGAAGCCCCGCGCGCCGTCTTCGAAGCCTTGTGACCGATCCCTAAATCATGATGTGCGCCGAGTGCATACACTTGAGATCTAGGGTCAATATTCACGGTTCACTCGGTAAAAAAAGAGTCGTTGACAAAAAAGCCCAAGTACCGTGCGTCAATATCCTGCAATATGCGTAGCCGTTTCATATCTATTCGTGCCCTCACCAGGACATCGTTTTATTCCGCAAGGAGACAACGCGTACTGGCAAAATAGGAATTGAATTACCCAATCAAAGTTCGTGAACAATGGTTACTATAATGTAGCGTTTTGCTTTATAGGTGATCGATTCGGCGAGTTACCTTGTGCCAAGGCGTACCTCCCAGCACTTGCATGTATTGTACATACGCGGTGGGGCAAGGCCACGGCTCGATATGGTCCGCGGCTGCCAACGTCCATGGCGGGGTAATACCGTGTAGGCGGCCAGCTCCACCTAGATTCTCGGCTTTAGGGTATACCTGTTAGACATATCGTCTCTGTCGTCTATGATAAATACGCGTACCCGACATGGTCGCCGGCCCAACTAGTTTAAGACTCAAACCTAAAGGACGTAAGATGGTTTTGCTATTTATACAATGTTCAGGCCTCTTTAGCAATGGTCGACCAGCAATACCCGACTTCCGAGCGTCCGACCGCCCGTTGGACCC,1762,49.43,Saccharomyces cerevisiae
SEQ_346448,TGACACTCGAGCTTGATACTGTGAGTCGCCACTAGCGAAACGTTCTCCACTTGGAATAGGGGCCTCCTAACCCCTTATAGATGACCAGACTTCATAGTGATGACCAACCTGAGTACGTGGAGCACGGGAATAGGGGCGTCTTATGGTAGAACAGTCCTAAGCCTTGGACCGACAAAAGCGTCAACAGTCCGCTAATATATGTAATGTCTTTTCTTTTGCCGGTACTAGGGAAAGGGTAAGGGATACACGACAAGTACCCCGTTAGGACCATAGGCACCTGAAGCTATTACCGGAATACAACTGTCAACTCATGTCGGCCAGGCGAAACATATGTTTTGAACGAATCGTACGAATGGGGTATAGCGGGAGGTACCCGTAACTCCGATTGACACTGAATCGGGGAGCGTGCCGCCACAGGGGTGGCGTATTCCAAATACTACCCTCGCTGCCCCCTAAAAAACACCCAGACGGCTGGGAGGGAGCAAAGTTATACGTAGAGACGCTGCTTACTGCTTAACACGGGCGAACGCGCCTGTGGTCCCTAGACGTTGTGGTGCAGAGTCAATACTGTGTACGCGTGATATAGCAACTGAAACAATTAACTTAGCACTGCTACAGCTCTTCTGTGCAGTCCACTACTCAGGCATGGGGCGCTTAGAAAACTTCGAGCTTAGACGATATCTCGCAGTCAAAGCACCGTATTGCCTATGGCCAAGCTCTATTCCAGATCGGCCTTTGGGCACGAAAGCTCAAAATACGTCGAAGAGGTTTTTCGCCAAGTGGCAGCAAAGTCCCTACCCGGCCGGAGCGGTGTAGACGAGCCTATTTACCCCATATCGAACGAACAGTACTACGCATTGTCTCGCCAGGACGATTCTCTATGACTAAAACACTCTAGAGTTCGACGGAGGAGGGGATACCATACGGCCCGAACTGTA,938,50.75,Saccharomyces cerevisiae
SEQ_107248,TGATCGTAAAATCCATGCAAAACAAGAAATCTTATCCTCAGACTCCTCCCCTTCTAGGTGTCGGAGTTACCCA,73,43.84,Mus musculus
SEQ_121676,ATAGAGGGAAGAGTCTCATGTGAGGAAAGGCACTTCTTTTAAGAAGTACTATCTTGTCACAGGATACAGAGTGTGGAAACTCCGCTGGCCATGCTTATGCTAGTATTACTAGCATATTTCGCAAGGTTGCTGTCAAAATCGGCGAGTTATGCGCCTAACTTCCTTGGAATTTAACGAATCCGAATTCAAGGGCTAGTGTTTAAAGTACGGAAGATCCCACCAGCGAACACAAGAGCCAAAAATGGTCCCTTTCAGCAGGGCGAAATTTCGCGACAGAAGATGGCAGATGATGCATATCCGACAGGATCAATGGGTCTGGGCTATTATCCGTTAGCCCACGGATGACCCACCAAAAACAAGGATCTGTCTGAGAAGCCCGTGAATACTGATTGAGGAAGGCATTACCGGTATAATTTAATGTCTTAGACACGAAAACTTCCATATGGGCTATTGTTTCTTGGAAGCACGAGCTCAATGTCAAAACGTATGTGGATAGCCGTTGCCAGCCATAACCCTACTATGGGTACCAACTAGCCTTTGCTGTCTCCCTTCTTCGGGAGCCGGGGTGATTTGTGGCAGAGGGCCCCGGTCCTTATACCAAACGAATCGGGCCCTGCACTAGCTACATACGCAATGCCCTGCCTGATGCCCATCTTCCTCAATCTCTTTCCCTATCCTCCACATAGTTCAGAGACCAAAAGCGTTCTTTGACGCAAAAGTCGCAGCAAGGTTAGCCCTTTTAGGACCAGCTAATATCGGGACCCACTAGTTCGGAAGCGGGTGCGGCGTCACGGTATGTATAGAGATTTCCAGCTAAGTCGCGAGTTGGGTCCTACTCCTGCGTGTGTTCTAGATCATCAACTGCGATATCATCCAAAGGCGTACAGGATTTACAATAACAAAGCGGGTGTCCAAAAATACAACACATCTGGGTATCACCCAACGAGCCCTCCACCAATACAGATCTGGAATTAGGCGTCTGTAAACCGTAATAGCTAGGCGCATATAAAACACACGGACTGGTATCGGTACTAAGAGCCATGGGATTAGCCGAGAGCCATGCCTGAACCGACCGTGACCAGAATTTTATTTGACCTTCTATATCCCTCCGTTATGTGCGGTAGCGAAGAGTGGCGAGATGTACATTAAATTGCATCGATTTCTCCAACCACGGGGAAGTGGTTGCAAGTC,1191,47.77,Mus musculus
SEQ_193362,AAACCTTGGAAATTTCACCTCCGACGGGTTCTGCAATGAGGGACATCCAACGAAGGACGGTAAGAAGCCACGGCCAACGGGCCTCAAGCCTGAAATGTATTTGTTCAGTAATTTATTTCTGGTGAAGACTCCTCTATGAGGTTTGCCGTGTCCGTGTCATCATGGTTCAACAGATTTAATTTGCAGTGATCTCGCGATCACGACTTAGAGCACTCAGATGCCTAAACGCGGAGATATCTCGGCTGGTAACCATCCTATAAATCGCCTCCGCTTGGGACTCGTGTAGTAAATCGCGCCCGCTGTGGTATGAATATACGCGTGTAAATATTTCCTCGTTGTATTGGACCCATTAAAACATGTCGCTGGTACGGAAGGGAAATCTCCACGCATTGACTACAACCACCGATGATGTCTGGTGGAACGATCATCCTCTCTCCAGCTCT,443,47.86,Escherichia coli
SEQ_147423,CGAATGTACCTAGCGTACGCAGGTTAGATCATAATGGGAACACAATAAGAGCGGGCGGTAAACGTCGGACCCAAACTCTCGAGAAAGGATGGCAAGCATGGCCTTCTGCCCGCTTGCTAACCGTAGAAGCGGGGATTCCCGGCCTCATGCTGCGCGCTTATTGCTGGTCAGGACTGTCCTCATGTCGATCACAAACAGGCAATAGCTACGCGTTCTCACGAGGTTTTTCGGCTCTGTGAATTTAACACGCAGCCGGAAACTGGACCGCATCCACACGACTCCAGCGCAGAGCGCGACTAACGCATCTCGACAGTGCCGCTATATCAGTATCTAGAGCTATCATACCCGGACACGTGTGCTCGCGGTCTTCGTTTGGGTCGCACAGTGCCAGGCCTTTGCACTAGTATATTCTGGCCTACTAACAATGCGAATACATAGTGGCTCAGTCACGCAATATACTAACCTGGTGGAGTGCTCTACATTTACGATCTAGGGACTAACGCCCAACGCCTTCCATTTGTCCTTAAGCAGCCGAATAGTAGTCTTTTACTAACGACTCGAAGTTCGCCGTTCTTTACAAAGTTATTTTCCATGTCCAAATCGCCGAATTCCAGCATTATGGGGTCGCTGGAACACGGCTCGGGACTGAGAATCTGGTCCCGCCGGCCATTTACTTTGCGAACAGCGGTCTGCGTTGCATTGTCGAGTGATAGGAAACAATTAGGGATTGCCTCGGCAGTACGGAAGGCACTACGAGACATCTGCGATGTCTTCTGCGAAGCCTTGTAAAGGAGGGTATGCCAAAGATCTAAAGGTTCACATAATTCCTTGGTCATGTGGTCCAATGCGATTACTAACCCAATGTAATATCTTTGTAAGCGCTCCATACGTGCCTCGTTAGATGGCCGGATCTAACAGCGAATCTCTCTCCAAGGTTAGAGGCGCCTCGCAATACAACATACCAAGCGCCTCGTCTGTGGAGATCGGGCGAATTTCCCCAAAAGGATTAAGTACTCTCTATTCAATCCAGCAAGTAATGATACTTTCGATTCATCCCCACAACAAGCTTCATTTTCAGTTTCTCCGGACTGCCCGAGCGTGACGAACTGATGTAGGATTAATAAAGAACGAAGTGAATTTCTTTCCTATCCAAGCTGCGTCGTCCAGACTGTGCGGAATGGGCCGCTACGAATTAAGGAAGTGATAACCTGGGCTGGCCTGCATTTTTTCAGCCGGTCGATTTTGCAGTAACACGTA,1257,49.56,Caenorhabditis elegans
SEQ_902405,ACAAAACGATCTCGTACTAATCCCACACTATGAGTGAATTACCTTTTGACGGGGCCTTACGAACCGACGTGCCCATTTTGGCAATAAGCGAGGAAAAAGGCCATGGTCGCGGAAATCTTTGCGAATCGTGGGCGCGTCGAAACCCTTCTAAACTTTTGAGGAACGGGAGGATGAGGTGCGAACAGATCAACTCAGATAAGCTGGATAACGTTTTCGCCGTGTGTCCCCACTTTGGTGTGCAATTGTGCGCTATTGTTAAGACATCACCAAACTTTTCTCATGCCGATCTATGGTATGTATCGTTTAATTTCTTTAAAGTGGCTGAACTGCCTCATCTGTGATACACCGTCCGTGTCGCTGATTATGTGATTTTCATCTGTGCCGTCTGCTCCAAGACCAAAGATAATAACAAAATGCTAATGTTCCGCGCCGTACGGGGGCACTGGGTCTATTAAAGCCCGTAGGGAATCCTACCATCTCTGTTTCATCCCTGCAGGTAGAAATGACTACTAAGAACACTTGCCTGCGGCTCGTGGGTGCGCCCGCCATCTTACGGGAGCTGCAGGTGTCCATTGTACCCAGAGCTGACTAGCCTTGATCATCCGATTCTGTCTCGGCCCACCAACAACGCCACCGCGTGCCTATATGTGCTGTTGCCGCTTCCGGATCCGCTTACGCTCCCTTTCTCTAACTTGTGAGAGTGCCGGTTTGATCCAGCGGCCGGACTGCGAGCATAGCTTACTCTTGGTTAGTCGTACAGCTCAAGCTATGGCCTCGGGTTTCTTGTATTGGCGCGTCTGAAG,803,50.31,Drosophila melanogaster
SEQ_235361,CATTATGCTTCCTAGACCACATCCCGGGTACAGATAGCCTCATCGAGCGAAAACGAGCACTACACTGTCTAAGTCGGCTACTTGCTTTGTCACAGTTGCTCTTTGGCTCAAGCGGGGTCCAATTAATTGCCCAAGATTTGAGACACTTTGCCGGTAACCGCAAATACCTAAACCTAGCCCAGAACTCATGGGAGCGGGGCTAATAGATCGGCCGAGCTACGAGCCTGCAGCGATTCCAGAGCAATAATAGCTGTTCAGAGTGCGCTCTTTTTAAACCGGTAAGGTATGCAGTGAAAGTTATCCGGGTAGATAAAGCTTGTCAGATGGGTGGACG,334,49.4,Mus musculus
SEQ_403689,GTAGACGTGGAAGACTGTGCCGAATAAGGGCTGGGTTAGTTGACTGACAGACTCTGTGTGGTTCTTAGTCCACGTCCGTCTACAAGCTATGTTGCTTCATGTGAGCAAGTCACACGCGCCAGAAAGATCCATTGGTCTGAATGGTTTTGTGCCCGACGATCATGTACTTCGTCAACGACCGATATAAACCGGTGGATGAAGGCTACACGCTGTTGGGTTCTCCTTGCTAAAGATGCTTAGTTCTTAAGCACCAATTAGTAATCGCTCGAAACATGTACGATATTGACGGTAGGTAAAACTTCTTTGCAGACGACGGCATGCGCCAGCAAGGGCTAGACGCGTCCCATTGACCTTCCCATGGCCTGTGATCCCCTGGACTAAGGTACGTACCGCAGATGACCCCGCGCAGGCATCCTGTCTAACTCTCTACTCATCTAAAACGAACTACGGGGTAATACTTTAGCGCTCCCACCCATCACATCCTAAGAGCGGGATATTAATAGCACTCGATTGAACTCTGTCCCGTCTTGATTACTATAACTTTGAGGACTCCAAGCATATCTATGCCAGTGTCTCTCGTGGTGGTGACCAACGTTAACTATTTTCGTTCAGCCTCTGTGCATTTATGGTCAAACGGCTGAGGTGGAACATTCCACGGATGTTAATGCATCGCAACGATATAAATAGGGCACTACCACAGTGGTTACCCGGAGTAATGAGGCTTTTACATTTGGAGAGCGTCGGGAAAGCCCTCGCCCTTAGTGAGTTAGTCTCTTTGACGATCCCTGAGGGGCCTGGTTTCTTGGGGGACCGTAGTGACGCGCGAAATTGGTTGCTCATGAAACGAAGATCGAACATCTCAGACTAAAAAACTGATAGACAGAGACGAATGCCGAACGCATAGCCGTTCACCTAACACTAAGAGGACCTCTAAACAGCAATCAAAGGTCCGCACTTATGTCTGAATGGGACCTTTCCTGATGGCTCTTCCGCCGCGAGTTTGTCTGAGGCTAGGCATCTATGTGTTTCGTGGACACTGGGAACAATGACAGAGCACGTGTACGATAGCACGGAGGACATGGCTAGCCGGAGAAACGATATGATCATTGTATGTTTTGAGAGCAAGAGGTGTAAACTTGGATGAGGCGTTGTTAATCAGGAGGCCAAAGTGATTAAATGGTTAGATGAAGCGGGCGGCTAAACGACCACGTAGGCGCTGATATTCTTGCTGATAAAGTTGGTGTTATTTTTGCACAATTCGCGCGCTATAGACTGACCACCTTACAGGTTATGGTTAATTCAGTCATCCCACTAATTCAACAGTAAGGGCCAATCAGGTGGAGTGCCGCTGTGGCAGGCTCTCGAGTTCCAGGTATTTTATTATTGTACGTAATGTCCCGAACAT,1405,48.04,Drosophila melanogaster
SEQ_280635,CACTATTACCCGCAGCCGGCCTCAGCTATCTTCGGCATAACATGATAAATGAGCCAACTCGAAATCTACGATCCTCGGAACTCCTATAAGGATCAGGGTGCGTAGTAATAACACTGCCACTTGTTTGATCTATACTACTTGGGACGTGCGACTTCAACCCGTCACCCGGTGGAGTACGTGTTCGCAAGGAGACGGGAAGGCATTGCAAACGATAGAGGTACCTTTGTCAGACCTGAGCCAGCTGGTATCAGCGGCAGGACGGACGTCGCTGTGGACCAGCCCGTTTATTCTAGTACTTTCATTTGAGAGAAACTCTTGCGATTGTAAATTGATTGCTTTGCTTAGGACAAACACACCCTAGGGCAGCCCGCGGAGTTATACTTCTGCCTCTGCGACACAGCTGGGGTGAAACGTGCAGTAGGAATTGGACGGTCGAATCTGCATATATCTAACCAATTTATCGTCGGTCCTAGAGAGTCGCAGTTTGCAGATCCAACTCCAAAGTCGTAACGTGCAAGCCGGTTATGGGATATGCGCATGCGAAATTAGCAGAGAGGTCTAGTGGCTGTTCGGTATATGTGACGTCACCCGTAGGCATGGACCTATTGGCTACGACGAGGGTTAGGCCCGTCCTTTGAACTCCCTTATCTTTTTATCTAGGTTCCGTTTCAACTGGTTCGGCCTTGGGTCAAGTGACGAAACTGTGCATATGAAACTCGCAACCGCAAACCGTGATCCGACTTCACTAGGCTCAAGTTGTCGTGATGCTTTGACACCATTGTAGAGAGCAAGACAGTATAGGGGTTGAACGCCACGTGGGGTGTGTTGCTCTCCTATTCAGCACCTAGGAAGCCCCGTCTCACAGTGAAAGGTAACCCGCTTATGTAGGATTACCGAGACGGGCAGGATTTAAGATTAGTCAATCGCCGAAATAGGATCTATAGACCAGTTCCGTCTGTAACGAACTCGCTGATTAAAAATAGTTCATAGCCACGCTGAAGATTAACCCTCCGATGATTTCTTGCTGAACCAACGGGCAACGAGGTCTGCCCCTCCGGGCCTCGGAGAGCGACCACAGTCTGTTAATTTAGGTCGCTGGCCATGGAGGTTAGGCAGACTTTCTTAGACTGCTCGTTGCGGACGACACAAAGTAAGTCATCGATTCTTAAATTGACGGGTGAAAGGGGCTAGACAATCCGAATTAACTGACGACACTTCCTGGCCTCTTGGGGGTGGGTAGACCAGGCTCTGCAGCGAAATCCCACGGTGACTCTCTCTGTAGATCGTCCGCCCGAATCGTGTACCCAATCGCTTTCAGTCATTTATGTGGGCCTATGTGTCGTACCTCGTCAAGTTCGGCGCTTATAAATTGGGTAGACCGAGCATGTTTTTCCGGAACGCTGGATTAACGTCACATCTAAGACAAACGCCTACCTCTTGAACCAGTACTCCGATACGATGTTCCACGTTAATACAAGTTCTCACATACTCACGTA,1496,49.6,Saccharomyces cerevisiae
SEQ_996382,CGCTCCCTTCGCTCCTGCACTTAACACGCCCCCCGTCTATACATGTGCCTCCAGGGGTCGAGGCAGATTCGGCTACCAGCGGTCTAGGGTCATACCGGACCTGTTCTAGTCGTGTACTAGCTGAATTCTAGACGCCCACTTCACTGGAGTCCACGAGCAATCGCAGGTCTACTACAAGAACGACCCTCCGTAGGTCTTAAGCAGATTGTCTTCTGCATTATTAATACGGACCGCTAATTTGAGCAGCGGCCCGACTATTGCAAGAACGGAGAGTTGTACACCTCAGTTCGCCCGTCGGCCGATACAGAACGGCCTGCGATGGCGTCCGCAAGACCCTTCCGGACGACTACCATAGGTCATCCACGACCACATATGTTTACTCCCTCGGTCTTTAGCCTTGCCGGGACTCCTGGAAAATCACTTGGCCGCAACTTACAGTTTCCGAGTTAGTCCTAACCTATCGCACCCTGCGGTCCTTACAACCACGCGTGGCAGCGCAATTTGGAGATTTCTCAATCTGGTCTTCGTCAACGTCGATGTTCCGTTTAATCCTTCTTCCGAAGGAATATACGGGTTTTTGCAATCGACCATGCACGGCTTTCGGCGTCGGCGTTGCCATCTACCCCGGACAGGTTTGCTACGATCGCGCCATCCGAACCAGTCAGCCAGGTGAAAGGAAGTGGACGATGGGAATACTACATGTTGTCTCGGCAAGCCCGCGATCTTTGTCACGAAAGACATTCTTCCCGAGGGGAACTCACCCAACGACACCCGGTGTTGGCATGGGATCAAGGCAGTTGGAACCCGTTCTGGGGTCCGCCGTTTGGTAGCGGAGCTCACAGAGGCTTGGAATGGAGTAATGTTGGGGTCGTCTGCACGGGCAAACAGAACAAGGGCGAGTGTGATGGGCCTAATAATATAATAACTTGCAAGACCCCTAACTTCCTCTGATATTAGGCAGGAGCTGGTACATGTGACAATGGTGGCTTAATCGCCGAAGATACCTTGTAATCCTCGAAACGTTAGTTGGCTACTTAGAGAAACGCTGCTCTAGTATAGCCCCCACTTCTCGAGTAGCCGGGAGCATTAGTGGTTTAGGTCGGATCCGGCATCGGGTCCATGGGACAGTTCGATCGACGATTATCCGGTTAGCAATAGCCCGTAAGAGAGAGATTCTCTAGTTCCGCGCCTAGTGACCCACACAGGTGCAGGATACCCCCGATCAGTGCATCAACTAGCGGTGCCACTCTTTTTGCGGAGGCGGAGGAAGAAAATACCGGCATGGATTGTTCAAACATATTTCAAGAGAGTTT,1313,52.78,Mus musculus
SEQ_996720,CGAAGCGTGGGTAGACCCCGGCTGCGGCCCTTGTCGTCATCGAGCGTTACCCTCGAGTATGCTGCATGGAGTTATAATGGGAGGTGCGGGGGTCTCAGGAACTGTCACCTGTTTGTGTCGCTTCCGACTTCCAACATGGGTACCAAAAGATCAGCGCGCACGAGACTCACGGTCTCTCCCGACTATTGGCAACGTGTCGCGCTTCTA,207,57.49,Arabidopsis thaliana
SEQ_116495,CATAAGCTCATGGTAGAAGCGTGGGGATATAACAGAGAGTGGATCGCATAATATGGCTGAATGTACTGGCTGACGCAAACAGTAAGGTCTTCATAATATCGCTCTTGCAGACATCATCTGTCAACAGCGCCCTGAGTATAGGCAAACCTGTCGTAAGGTCGCGGGGAAGCTAATTCTGTACACTCGGTACAAGGTTCCAAGCAGCGGTTGCAGGGAGCCCTTGAAGTACCGGCCATACGGTCACTGTGCCCTAATTTAGCTTACCACAACGCCAGAGAGGGATGACAAATATAAAGTATCCCCTCCTTCTAGGTGCCATATATTGAACCTCCATAGCAAATCGATAACGAGTGATAAATGTATGGAGATAACTTTGTACATCAGGATTGAGGGACTAAGACGCGGGCAACGGCCCTAGTATGCAGCTGGCCGCTCTCGCCGGCTTCGGTAGTATCTCCAGATTTTGAGGTTTATTAACGTGTAGCCATCCGGGCCGGTGGATTTCGGTCCCCACATCGGATCCACTGGTTCCCAGAGACCATCGGAAGGCTGCCATTGATGGACGGCCCGAGGAGCCTCAGGTCGCAGTTTTATCATTCCCATTGTTCCTTGCATAGTCCGTCTCTGTATATAGGTAAACTCTAAAGTTAATCAAAGGTGGTTGATAAAGGAACAGGCTAATGTATTCCAACTTTGGAACATAACCAGATAGGGTTCAAGTCGACTCCCTTCCTAACGTCTGCGCGGACGCACGTAACCACTTGAAGGGGCGGTCCTAAGAGACTTTAGACTAATTCATACCTGGTTGCATCGAGGCCCAATCGCACCGTACCCTCTGACAGCGCGCTATCGAATTACTACCATCTTCTTCGGAATCTCTACAATTGGGGGAATCAGATCTATGTTGTAAATCAGCGAGGCTATGGTTTAATCGCGTCTACGAAGCGCACATCTTCTACGTTGCGCGATGTGATTTGGATTTACGGCTTACTTATTAAAGATAACTCTATAATGAAGTTGACAGTCTTAGAGTTAGTATATACGATCTGTGGGGCTACACGCGGTTCTTCGACCTATTTGAATTCGGTGCCAGGCTAAATTGAGCACAGGGCTTTTTAGCGGGATAATAGTACGTTTACATACGAATGTCTCGGCCGAACTTTAGAGCACAATCAGTGGAGCTGCTGCTGAGGATAGATTTCTATGATAGCGCAGTCAGTATAGCCATAAAATTACTGCAAGAAGGACGTGGCCCCAAGCTATGCGGATCCGACGAATTGCTACGAGAATGGATATCTTGCAATTGATCCCGAGCCGTGGTCATAAAGTCTGATGCCCGCAGCCGTGATACATCGGCGAAAATGCCTGAAACACAGCTCGGTTTACGACTAGGACTACGTTGACTGAAAGGGTAAATCCGGTACTTCCCCATCCTGTCGAACAGCGCATTAAGGTTTCATATAAGGGAGGAAGGTTCCGTATTAAAGCTCTATGGCCGGACACCGGTCTGGCCCAATAATATCACGGTATGGGAGTTGTCAGTAAA,1546,47.61,Mus musculus
SEQ_993629,TTATATAAATTAAATAACAACTCCGCTGTAGGATGTAGAACTGAGTTAAATCCTACCCCTAAACATCCGACCCGCACTATGCCGTAAACACTCGCGGAATTCCAAGCCAACCGTGTTCGCATTCCAGGAGGAATGCTCTAATTAATGGACTTTATGCATTAAGGTCTCGAGTAAGTGGGTTTTTCTACTCATCCTCCGACATTTCAGTAAGTCAAGAACCACAGTGATGGCAATAAAAGGGTGAGCCACGGGCTAGCCAATTTCAATATATCGCGTTTCCGGCAATTATTTCGGGCTAGTCGATAATCAACTATCTACATCTTGCGGTTCCCCCTGCACGGCGCACATCAAAAAAACTTCTCTCAGATTAGCGATATAAGCTTCAGTGTTGCGAACGCGACATCAAAGGTAGGGGAGACGAGACGCCGAACTCTGATGAGTGTAAGCGTGTGCACCCAGTGGTTAAACCATCGATCCTCACACTTCTGAACTGGCCTACCCTCGTGTAAATACATGCATCTTGGCAGGGAGGCCAGACATAACAAGTGAGAGTGACCTTAGAATTGACGACTGCTACCATAGACTAATAGTGATACTATAACCTCCATGAATCCGGCTCCCTTGTAACACAAATGTTGGTTGGGACATCGATACAGCG,658,45.59,Arabidopsis thaliana
SEQ_604689,CACGCTGTCATCTAGGTATCTTAAAGTTTAATTTTCCAACGCTCCCGAATAGAAGTGAAAGGCATCGCGGTCTTCCCGGGATCCTATAGGTAACCTCTCCATTATATAGAAAGGGGTAGTATCGACATCGGCTGTAGCTTAGCTCAAAGGTCGAGTTGGTGCCTAATAGTGTTTGGGTTCCAAGGTGACATTTCGTTTTGAGTATTTTGTTGGTGGCGTAATTGGTTATATGGAGCGCAGATATTCTGCCGCGGTTTGCACACAGATGCCGACAAGGAGAAGGCACTACCTCTACATACGCGGATATATAGGCGCAACCTGTGTCCTCCTGAAGACCTCAAACAGAGTGATCCGACTGCTTTCAGTGACATCAAGAGATCGTGCCTTCTTGTAACGGAGAAGCTCGCATCACTTATTGGCAAATCTGCTTAATCTGTCAGTGAGATAGTTAATCCGGCGCGGTTCACGTCGCCATCGAAACAGCGGCTCTACCTAATATTAATCTCGCTCATTTCATGTTCTCTATGGTACAAGCCCTTCAAGCTTTATGGTTCCACCCGGTTGAGCAAAAGACTACACAGGACGCGGGTGCAAACGTTTTTACTCCAGTGCAAGCGGGGCACGGCGTCCTGCCAAAGCCTTTTCGTATTCAGGTAACTTAAGCTCTCCTTTGCTTCATGATAAGCATCAATAGCTAACGTTACATGTCCCGCACGGCAACTGATAACGCTGGTATAGTGGTTGGAGAGGAGCGCGCCACTGGGCCGATTGTCACGGAGTCCTGGCCTGTCAGGCACTGTACCTTGAGTTGTACGCGGGTATAGTCGCCCACTAAAGAAGCCT,843,48.64,Mus musculus
SEQ_916883,CGCTTGTTCGATTATAATGGCGGCCACCGTGGCCCGGAGAAATGACCTCGAACCCGCAAGCACACCAGACAAGCACACTCTTACGCTAGCACTGCCACCAGTCCTTTCAGGTAAGTGCTAGGAGGTAGCGTGACCATCCATAACGTGGAATAATTAGAATCGGGGTTTGCTCGTCCTCGGGTGGACCCGCGAATTTTAACTTCCGTTTTGCTAGACGGCCCTGGTCGTGTCGTGTATTCCTTTTTATGCAAACTTGAGGGCGGGAGTAAGAGTGAAGCTAGAGTACTCTTGCCGTATATGTCTCCCCAACTATGGTGTGAGGAGGGTAGAAGCGAATCCTAAAGTTCCGATGTCTTGAGACCGATCCCCCGTACTCCACCACGGCGACGTTTTTGGGCAGTGAGTGAGTCACCGAGGAGCCACACATAGTGCGACAGGCTTTCTCGTTGCTGTGCTAGCTTAATAGCATTCTTGTCGGGGCTTTGGCGGCGTGCCACGGACGTGGGTCGGTTCTTATCGTGTGCTTTTGCTAGTTCGAACTTGGTGAAAACTTTCCTCACCAGGTAAATTCAGTTTTGTTAGACATGGATATGGCCGTCTGGTAGTCGTACGATGTGGGCGCCTCAGATGAAATTGACATAAGATAAGTGACACTCGCTCCACCGTCGAGACAGGACTAAAAACACCAATGCATCGACGCCGGCAGTTCTCACTCCGAAGCAGAGGCTCTACATGGCATAGACCAAATGTTCCCGCGAATACGCACCGAGGAGCATTAATGACCGTACGCGTCACTCAGCAAAATGTACCACGACCTTACACTGGCATTAGATATGTTACCTTCATGCTTCCCCATGGCGAGAAGGGCCGCTTCCTCCAGGCATCGCTGGAGTCTGGGGCGCGTCCTCGCCGAACTCGGCCAATTTATGTGACAGTTCACTAGTATGAGAGCGTCAGGTTAACTTTCACCGTGGTGAATCATTTGCAATAGTATCACCCCGTGTTATTAAAGTGGCTGAGTGGTCTCATCCTGTCTCATTGGCTGGCTTGCGTTGTACTACATTCAGGTTGGAATACTCCAGGTGGTTCATTCGCCAGCCACTGACATTGGGTTTATCAAACGTGTGATCAGACACATGCGATTCACATTTTTTTTACGACCTAAGCTGTGCCTCCGCACATGGCCACAGTATACTGCTCGGCTATTCCTGTTTTGGCCATTAATAGGAATAATTCCTCCAGACCACGATTGACACGCATCGATGCCTCGAACGCGCGGATCGCTACCTCACACTGTTATCCATTACAGTCTTTAAACCTAGCGCGGCCCAAATGGGCGGATCATTTATGGGTGATCCCCACGGTCCCGGGTCTCCACGCGCAGGTCCTCTTATATTGAGCACTCAATAGACGGCCCTACGACTCGACGTTTTCATATCAATATTTGTTCTAAACCATAATAACCATCGACCTCTACGAATGTACCTAGGACTACAATAACCAGTGCTTGACCATATTTACGTGTGAGAGAAGCGTCCCGTGGGTGAGCGGGGTGACCCACACTAGTCAGCGTGAAGCGTCCTTTGGGGATACCCTATGAGCTATTTATAGACGAATAGATCATTGTGAATTGCTCCAAGGTACTGAGCTGTAGCTGGGCAAATTCCATGTTGATGGTCAGATTGTCAATTGTGGAGGAAATGTTATCTGCTTTGATACACCAGGAGCGCGATGAGTTAATCAGTTGGGGTCGTCTTTACTGTCTCGGGGAAGGTACGCAATTGGCTACGTTAGCACATCACTCCCTACCTGAAACTACTGGC,1823,49.97,Drosophila melanogaster
SEQ_960750,CCTGGCCGCTATTAATCCGAAAGCGGCTTCTTACTCAAGCTATATGTCGCTAACTTTCATGCATCCCCAACGAATTCCGTCTAGTACCGTTTAACTCCGAAGCCTGCGTTTGACATCGTCATCCCTTTCGTAGACTAAAGTGATTACACGTCAATGAGCTCTATGAGACGGTACCGACGTTGTACTCTAGATCAAGAGACAGCCACAGAGCGCTCTTGGATGGTCCCTTGATATAAGGCCAATACCAGGGGGACCCCACGATGCCTATAACGCAAACGTGCCCTCGCTCCGAGGCCTAGGACCCCCGT,308,51.3,Arabidopsis thaliana
SEQ_696039,TGTTGGTTGCAATATTGTGGGCCATACCCTCCCGCGCAACATAATTATCTCGCCTCAGGTAACGACCTCAAACTGTGGCAACCGCATAAGTCGCCTTGCTTCAGGGACACATTGTTGACCTAAGAACCGAAAGTAGCCGGTACATCACCGCGAAGACCTATCTCTCTACTCTTAATCCATCTCATCCACCAGGTCTATGTCAGAATACTAAGAAAGCCCGCACGGTCTCGCTTAGGAAGCCTAATACGCGTTATGGCTGGAATCACTAAAGAGATCTTCAATCCGTGGACTCCGGTCCGGGGGATGTCTGATCATCAGTGGGCACCGGGGCAACCTATGTCGAATGCGCAGCGAAGTATGGGTGAAAACATCTTGAAATTGGCGCACCACCGTCTTCGTGATGTTCGGCGCGTGGTTCACCTGCAATTCATCCTCTAATCAGCGATAATCTGCGCCTCACGGCCCAAGGTACGCTCCGCCAGCTGACGGAGCAGGGTTAGATTGATAGTGGCTTACAAACCAAGCAATAAGCCAACGGTTATACAATGCCAGAGGGGGCTCGTTTGCTCAGCATCCCGTCTCTGGCGTCTAACTTTCGAATGATGTGTAACAATATTGGAAACAAAAGCTTGCTACTGGGGATTCTGCTAGACTCTGGCGTCGAGTTAGCTGGTTGTCAGTGGGGCGATGAGCCTGTACTTATATTACAGATCCACCACCTTACGAGCACGTCCTACGGGCTTCGCTCTGGCGCTTGCCCCTAGGTGCGATTATAGGCTAGTGCGGTTCGTCAACAGGGGGTGACGGCGAATCTACACCTTTGTCAGCGGGCTCCTCCCCGACGGGAACAGTGCTGGGTAAAATTCCATCTGAGGTATGAGTCAGCATCCGGATGGACGGCGTCCTTAGGATCCTGCGAACGGAAGCCCACGCTTACACAGGCATCAAAAGGGAGCGAACCGTGACTGCATGAGCCATAGAAGACCCGGGCAAACGCATTACGTTTGACGTTGGCAATCTCCATTACGTGTTAAAACGTACAGCTAGCGGCCAGCAGAGTGTCTA,1065,52.3,Drosophila melanogaster
SEQ_879052,CGCCTGGGTGCATCTCTTCAGTTACATCCCATAAGCACATACGATTTCGAAACATAATTGCCAAGAAAAAGTCTGACATTGCGCATGATGCCATTTGTTTTGACTAAACTCATATGACGGAGGTCGTCGATGGTCATTATGTCTGCGCGGCCGTGAACCCTCTTCATGACGACGACAACGTTCCGTGGTCACGTAGGTGTGTATGTGTAACCGACTAGCAAGACTATTCTATCGATATCTCACTTCGTATGCACAGGCGATGCAATCACTTCTTGTAGTCGCGGATCTTATCATAAGTTTTTGCAAGAAGGAAGCTTTCGGGGTCATTAGTGTACAGGAGTGCGCATCACGGTAAAGAAGGTGAGTGTGGCGAACAACTTGTACACATCACGGCTAGAGTGGTTAGGCGGAACAATGCTCGGATAAAGATGACGTTAGATTCTAAGGCATCTATCCAAAGTCCATCAGTATCCGGCGGCTAGGTACCTTTTTGATACACTAGCTGAATTTACTCCTGGTGGGCATGTCTCCACGGACAAGTATTTCATACTGTTTCTGATATCCGGCTGGGCATTTACCGCATACAGCGCAAGTACTAAAATCGCGCCAGGACAAAACCGAGCAGTCCGGAGTAGCTAAGTGATGTTCTGAACAAAAGGGATCGTATCTAATGGTGTCCTCTGCGGCGGTTCTTGTGCAGCTTACCCCCGCCGGACTGCATTAGGCTACGTCCTGAACGACACCTTTGCGACCGTGTTTATGTGCGAGGTTTCAGACACGAAGTTGCTAATTCCAAATAGGAGGCTCGGTGTAATGGACGAATCTCCCAAGGGGGGGTCGAAGACATAAGCACCTGTCCCATTTTGCCTGCAGGGGGCCGTACCCAACCCTCAAAAGCGCAGCGTCAGTTTGGACGACTATAGTGAGGGATGCCCCTGTCCGCGCGCTACGCGTGTGCAAAAGGGACATCTCCACCAACGCTTAATAAATTATTGCAAAGGGATATGTTTCCTCCTACCCACCCACATAACCCCGCCCAATCAATCCTTCACTCTTTAAAAGATACGATGACACATCGAGGTACGTAACTCGTCACAGGTCCTCAATACAACATGAGCTGGGATGCTGTTAAGTTCTTGCAGCGTCGAGGTGTGTGCTAGTAGTAGGTTTTCCACTACGCGTATCGTAACTTGCAACCCCCTGGATGGTATTTGAACCATTGCGTAATTCAGGCGTAGGTCAATAGCTTGTATCCACATTATTTCAAGCTGGTGATCTCCCTCGTTAAAAAAATATCCCTCCATCCTGATGTTCAATCTACGGGTCGGATCCTTAACTTAGCTACCT,1347,48.03,Saccharomyces cerevisiae
SEQ_876085,TAAATGCTTAAGTTGTTGAGTAAAGCCCCTTATCCTGCTGTAGGAAATCCTCTAGCGTTTAATCTGAGCCAGACCATTTTCAAAGAAATACTTCTGCGAAGAAGAGGACTTATTCAAAACAACCCCACATACAGCAAGCTCCCTAGCCAAACAACAATTTTTCCAGGGTTCGAACATATGTTCTGAAACGTAGACTGCTCAATACGTAGAGTCAAATGTCAATAAAAACGACATATCTGTAAAGCCGCTGCCACCAGCAATTCCGTCGACTTAGTGCTTGCGTGCATGGCAACATGCGGATGCCGGGTTGTGAATCTCCATCTGTTGGATGACAGCTCAGGGGCTGTCGTCAACGAAACGGCTTGCGATCGACCCGGAGCATACACTAACGTTACAGGCTGCCACGACGTGTGGCCGACCTTGGGCACCGGGAGAGTACATTAGTAGTGAACCCATCCGCCGGTATAGCCAACGGTTGTTATAGCGTCCACAGCCTCTGGGTATATCACATAGATCCTTCATGCCAAACGTCGCGCTATGATACCTCGAACGTCCAGCTTTCAAGTTCCAGATTTACTAACCCGGGTTTGAGGCGGTGTGGCGCGTGCTGGCTAACGGTTCCGGGGCTGCGGCATCTCTGTTGGAACTCAAACATCTATTTTCTTGCAAAACGAGGTGTTTTCCTGTCAGTAGCCACGTTGAAAGCTAACGTTGCAGGTTGCTCACCCGCCTTTTCGGATTTCGCACAAACTTCCCATTAGTGATAGTGTATGTTGACTCCGTACCCAACAGCGTGCACACGTACCGCAGGGTAATCCCATTTAAAGTCACTAAAAACAGAATGAGTAGCGATTCTCTCGTGTACGGCGCGGTCTTACCAGAGTCCCAAGATATCTGTGTATTATTATTTCTCAGACAACATATGCACGGCGTATACGCGAGTGAGCAGGAGCCCTACACTTTGTGCGTCGATGACGAAATAACAGGTGAGGTCGCACATGTACCATGACCTTAGGGTGTTCTTACCGATCTCATGGAAGGGGCCCTGAGACTTAGACCTTTGATGAGTGTTCTCAACATGCTGGCGCTTTCCATCCAGGTTTATCGCTGCTTTCAACACGACACGGCCAGGTAACGGCACGTAGCGACTAATACCATCTCCGGGACAGCATTCTGGTCATGGCTCCGGCTACTCTATATCAGGCACGAAGTGGCGCAGATGATAGGCGATATCCTTAACACTGATTGAGGCTTATTAACTGGTTGGGTAAGAGCTGACAAACAGTTCAGTTTCAAGCCATGCCGTTTCAGTAGAAGATGTAGTTCGCCGCTCGCATCCGCAGGATACATCAGGATCTCAGGCGCCAATACGATCCGGCACTGACGTCGACCAAATCGCGGCACTCCAGTAACAGACCACGTGTAATGTTAATTGGCTGCCTTAGTACCATCTGCGCAGATGCGGACTTTATACGGGACCACGTCGGTAGAACGTGAACAACATAGAGTATTGGGAGTTGCGTAGACACCTACTAAATCAGCTCCGCGGGTGCCGAGTGGTCCCTAAAT,1569,49.39,Saccharomyces cerevisiae
SEQ_350385,TACATCCGTAGTTAACACTCTATGAAGGCGCAACGATAAGCTAACCAGCCCCCACCTGCCCAAGCGTTATTAAAGATTTGTCTGAGAGAGGGCCTCGCGTCTCAAAGCTGGGTAGGAAATAATGGGGTAGCTCAAGGATCAAGGACGAATCTAAACGCACTAGAGGAGAACTACACTATGGTAGGAGCAAGGTTTCGATCCAATACAAGCAGAGGGTGGGATGCTGTCGCTGCTCTTCCTCATAGGAATCTGTTAAATCGCACGTACAAAGACGTAAATCTTGTTCCACTGAGCCGTGGTAACAAATCCTCCGTTTATGACATTGATAGCAGATATGCGAGCTGAGTCAAAGTGAAGACCAGTAGGCAATCCTGGGCAGTAGTGCTTGGTAACTATTATCGTGCTAACGCGCAAGGCACCCTCCAAGGTAGCTTACGGATCCCTATGCGTGTGCTGGCGCTAACTCGGCGCGACACCCCGCTCGCGGGGAGGTATCCGAATTGTGGAGGAACCGGCGGCGTCACAGACGGGTATCATGCCTATCAGCCTAGCAAAGGTCGAAACCGATAGGCTTTTGCGAACACGATTACCGTCGATGACACATGACCATTGTAATCTAAGTGCAAGAGGGGTTTAGCTTACTGATCGGCTAATACGTCGTCTTACCCATCCAGGGCATCCGTCAGCGGCGAATTAGACGGACCCTTCACATAGCGTCTCGGCTACCTCTAGTAAGTTTACAGCGCCATGTATCCGGGCGCATCAACACTTTGGCTATGTATCAGATTTATGCGTTAGCACTTTGAGGCTAGCTGCATTGCTATTGACGAAAGTCCTTCACACTAGGTCCTAGAAGGGAGTGTCTTACCAAGGATACTACGTCGCAAATAAAGATGGCTCATGTCTTTGGAAGCGGGATGCTCGTGGCCAGACCCTGCGTAGTATGTGTGGGTCAACCGGGGTCTCTCTAACTCCGATTAAGCCGCTCTTACTCCCTACTGTAAAAACAACGCCTCCTAATGACCATCATCGACCGGGCTCCGATCTAGGATCTACGCCTCACTGATGCCGGCAAGGCTGTATGGGAGGGTTCGCGAGAGCGCCTCTAAACTGCCAAGGACGACGCGTCGTAGCCAGGGCGATTGAGCAATGCAAGCGTAGTTTAATCGGCGCTCGGCCGCGAGGGGTGCGTAGAGATGGCGAAAAAAGACAGTGAAACATAATGCGGGATGCCTGGAAATCTCGACTATATTCATATGTCACGCCTTTTCTAGTCTGCCACT,1283,51.05,Homo sapiens
SEQ_675600,GGAAGACAGCGAAGATGAGAGTAGAACTTTCTCGCGCTATTGCATGGTTTCGCCGGGATGTGCGGCGCGTAAATAAGCTGCGGACGTACACCTATAAAAGACCTTTCCCCTTCAGGAACGCGAGGCTTAGGCTTGGGTCGTTGGTGATACTATGCCCGCATCCTTATAGTTTGCTAGGACCCGTAATCACGTTACACGGATTCGGCCCTGGCAGCCGGCCGGCCGGCTGTTCGTTAGTCCCTTCTTTTCCAGCGGAGAGGTAGTTCCCTGTCACCCCCTTCTAGAGACAGAAGCGCGTAAGAGGGGTTCCTGATACGTGATCTTGCACACCTGAGCTTCAGTTTAATGGAAACTTCAACCCCCGAAACGTTCAATCTCTCGAACCAATACATGATGAATGTGTCGTGTGCAAAGTGCCGCTCGTCCTGTGCTCCAGATCATTGGTAC,447,52.57,Saccharomyces cerevisiae
SEQ_482169,CTAAGGCGAGAGGACGTCTACTAACGGGGACGAGATACTTCGTTTACACTCTATGCCTAGCGCGTACGACGCATCGACATTTAAAGTGATTCACATATTGGAGGCACCCATATTGTCTACTCTGTGATCCCGGGCTGCTGTCAAGCTTTCGGCGACGATCCAGGCTGGGTGCAGACCAGTAGTGCGGGACCCCGGGCAAGTGGTCCCCTTGGAATGCGGGGAATAATGTTTACGTATTGAGACCACCTTTGGGTTCGTGGTTGTTTTAGTCCTGGGACACTCTAGGCATTACTTCAGCGATAGTCGGAAATGACGGGATAAGCCAACTCCCAAGTCGGCAAAAGAGTGATGATAGATATAACAGCTCTTTGTGGGCGGGTATCGAATGGTAGTTGGAATTAGTATTACTTCTACTGTTTATTGAACTTCCTTATATTCCTCGGTGTGACTTCTCGATTTCGCCTTGAGTAGATGTAGCCTATGTCCTCGGGAACAGACAGATTGACGATTCCCCTTGCAGATCGCCCCGAGAGAAGACTGCTTAGGTCTGCCAGGACCTAAGGGGAATGTACCAAGGGCCAGAGTGTAATGTTCCCAGACGTGTAGCGCTACGACAGGGGATCACTAAATAAGTACTCAGAAGCTCTATTTGAGGGATGACCCACGATTCAAACGGGCGAATCGATGATAGCAAAGTATAGTGCATGATATTCTTCGATAGTTTGCCATCTGCAGGGTAT,740,48.65,Saccharomyces cerevisiae
SEQ_429915,ACCTCCATGTCTCTCCTCCCTGACCGAATACATTTGAATTTACTTTTACCGAGTCGATATGTCTGATCGGCGTGGTTTTGTGGGCAACAGGGGCCGTAAGCCAGGGCCCTGTTCCATGCTCCTCCAAAGCAAAAGCATCTATGATACTGTCCCGCGCATTCTAGATTAAATTCGGAGCTCCGGCGCGGTAAGGAATGCACGAATATAGCAGAAGTATATCCACACTCTATGTGGAGTCATTGCGTTCCCATCAAGTGCCCATTTATTTCATGCGGCGGCTGTATGCACCTCTGACTCATTTTTACGGTGTCTCAAGGGGTCAGGATTTCGCACTGTTTTTGATGATACACAGATTCGCTGTGGGGCGGTAATTGAATGGCTTCTCGAGCAAGTGCCAGGCGATTCTATGGAGCCCGAGCAGCTTGGGCCGCATGCATCTATACAACTAAGACGAGACGCAGCATCTTGTCCGCCCAAATAGACGGAACGGAGCCCGATTGTACGCTGTTCTTCAAGCGTCTACCGCGATTGTTTTCCTAAGGCCCCCGCTTATATTAGAAAGGCACAAAACATTTCAAGGCGGGCATCGTTAGTCTCTCCCAGGATAATACAGTTTGATTCGGAAAAGCCGACCTCAAAATGCTTACTGCAAGGCTCGTTATAGATAGAGTACAACGATCGGTGCGCATAATCTATGGATGTGGTCTACACCGTGTCAAAGAATTACGTGTAATCTCTATTCTCGCAGTCGACAATTTTTTTTCACATGATTAAACCATTTTCGTCGGCGTTTAAACGGAGACTGGGTCTGGGATCCGCAAGTAAATGACTGACTTGATGATGCTCACATAGCAAGGACTGACCAGATTTTGATAGTCCTTACGCTATAAAGGCACTTGCAATGTCCGACCTTAGAGAGACCACTGATCATTGAAAATGAATTATTTTCACACATTACTTTCACCTCGAGAATGACCGTCTGCCTCATGAATGGGACCTTCCCGACTCGGGTCTCACGTAAATTAAGCACCTGAGCCGACTAATAAAGGGTTGGAGTATTAGGCGTTTTTGACGGGCTTGATGCATGATATATTCTCGGCCCTACACTACAAGTTATGACGATGACTAATTCCATCAGCCTTAGCGTTTCCACACATAAATTTGGAAGAATGCATACGTAGCCTGCTCAGAGTCCCGCGTTTGTTTCCGCCCGAGGTTGGCGACCAGGCGTTGGGAACCGGTTAATTGGATGAGATTCATTTTTATTGTAAGATGACCCTAATGTTTAAGCGGAGATGGAGAAAATGCTTCCGAAAGAGGTGTTAACAACTTCCCGCCATTGTGCCCATCGCGATGAGCGACGTAACTCAGGCAAACGATATGTCAAGCTGAGCATCATACTAACACTCAGTGTAATAGTGATTCGATTTTAGGACTCATTACAGGCTAAGTCGGGACC,1459,46.61,Escherichia coli
SEQ_218528,ACTAGTAGGGCATATTCCTAGAACGTATGGTGGTAATTATTACGAGAGCCCCAAAAAGACGAGAATCTCGGCCACCGCCGATTAAGACCTATTTGCACTCCGGTCGACCTAAGCAGCAGTCATCAATGATTACCTTAGCTAGCGTTGGGGCCTTCCAAGGCACTTGTCCGATAACGGCAGCCAGCCAACATCGAACATGGTGCAAGTGGCTTGCATCCAAACTCGCCGAGATCGAAGAGTACATTTTACGCCTAATTTAGCGCTCTTGAATTAGGACCAGCGACAAGTCCACCTAGTCTCTTACCCTTTAAGAGGGTTTAGCTTTTCAATAGCAATACA,339,47.49,Drosophila melanogaster
SEQ_813958,ATTAATATTTGCGGCCTAAGTAATCAGCCGAGTCGCGACGAGGAGGGATTCTCCTTCGCGACACGCGGGATCCCTTCGACTCAGAATTTAAAAAAGAGCACTAATAGACGAGGTTGAGCATGGGCGCCAGTAGTTGTTTCTCGGGTGACCGATTTCTCGGTTGTACTGTGTGCGATGTGCCTTGCCGAAGTTGAAAACGTCTTCGGGGGAAGGGCTAAGAACAATGTACGCGCCGC,236,51.69,Caenorhabditis elegans
SEQ_456637,AAAGTCGGCATTGAATTCGCAATCCAATGGCCGGAGAGCATCTGAGCTCAACGTTGCGACTAAGGGGTTCATATCGGACCTTAACCAAGCTCCCCCGAAATCTTCAGGTCGTCATCTGACGCGAGCGGACTACTGCTCCCAAAGACCCAGCCGCTTCCTGTAGCTACATCACAGGTTTTTGCGACGAGGGCACCTTTTACAGGTTTTGAGGACTGATGAGGTAACCGTAAGCACTCGTATCAATTGCTTACGCTAGATGTAGGGAAGGTACAGCCAGTAGTTAGCGTTCTTTTACCCGAGGGACCGATCCGTCCTCCCACTCAGGAGCCCCGGTCCTACTGAGGAGCCGGGGACCCACTTTGCTCGGCTTTCGCTTTGAGCCGCCCGGTATCCGGTAGCCATATATCTACTGCTGACGATGCACTCGGATGTCATGGAATGGCCATGGCCCGGACCCTTCGACTCAATTCCTAATCGCGGGTATTTTCCCTTGTTCTCGTTCAACCTACCATGATGCGGCGCATTGGACGTCGACATTAACGTCCCTTCGGTACACCTAGCGTGCACCCACGTTTGAGTCTCTCGGACCCACATTAAGTTAATGTTTCAAGGGGGCGGCTGGCATAGCGAAGACGCCGTTACACAGAGGCTGGATTCGATGACTGCTTAAGGGTAGGATCAATTAATCACCTGGGCTGCACACACTAACCGACTCAAGCTTGTCTTGATGCTGGCTCTTTCTTACGCTTTATGCTACCACCGATATTGTTGGCGTGCTGGGCACGCAGCAGATAGACTCCACCTAGATCGAACTAGTGAGAGAGTTAGACCCCAGGCAGCTGTAATTTATGGTACACCACGGGATCAAGTCACGATCCTTTAATCCCCCCATTCTGATTGTGACTTTTCTCGCGCAAGAGCGTCCGTAATAGTCCCTAGCCTTACAACCCACGTAAATATCGCTACTTAACAACTTCGCCACTTGTAAAGGAGTGAATAAGCCTCCGTATGGGGAACGCAC,1021,51.91,Escherichia coli
SEQ_503729,TTCTTCATCGGCTAGGACGACAAAGCCCATCCGAATGCAGACGGCAGTGCTCTATAGCTTCGAAACAGACGTATTCCAGCCGCGTAACTCCACGAACTCTCCCGTGACCGCTGTAATAACCATATGTTCCCCTCGAAGCCTGACAATTTTGTCGTGGCCGTAAAAGGTGACCCTAAATATCGGTCTGCCCAGACGTAATGTTCTTGCCCCCGTTCCAATCATTTAAACAAGGGCCGCTTTATGAATGAGTGGCTACTCCACTTAGTGTCTAGTCCCACCAACCGGTCGGAGGACCTCTCCACAACTGTCCTAGAAACATAAGACAGCTAACAACCCTCATCACCGAATGCGATGTAGGGAGGACAGCCAGTTGATTTCACAGCTAGCAGGTCGACATGTCAACAAGTTTAAAACGAGCGCTATGTTCGGCTCAGTGGCAGGGCATCTTAGTCCGACCATAGGGAGCATTATTTCGTCTTGGTGAGGTGGTTTGAGGGACGCAATAGTTGAGCTCGAAACCTACAGCTGTTCTCCGATATGGCACACAATACTAGAGGTCACACGATGATCAGTACAGGAGGGGTTCGGCAGGTTGGTAGGACCAAGACAATGGTTGTGTTAGGGACAGTTGCTTCCATAATGAGGTGAGAAGCGCTCAATATTCATTGAGGCGTTGAATAAGGAGATGCTTACGGTTCCTTCTTTCCTACGACTAAAGCTACTGTACTTCGTCTATGGAGCACTGTCGTAAGAACCTGCCCGGGATCCACGCAGCTATAGTGGTCTTCACCCAGAATTTTTACAACGGTGACCCACCATTTACTGTTCGAATCCATGGTCGGGACCATTAATGTGTAGCTAGCCATACCTGTGTAATAAGTTGTGCAAATGGGAGGGATTTGGATCCTTACCCGTGTCGTGAAGAGGCTCTGACTCGTCCATGTCCCAGGGACTAATCTTGCAGCATGAACATATCCTGAACTGTAGCCCTTGTATATTTCCCTTAATTCACGCCCCCAACACGGAAGTCTATGTAAATGAACACCTTTGGCAATTCAAAGTTTGACTATGTACATACAAGTCCACAGTTGATCTATCGGACTATGGCTATCGAAACCTCCAGATGACCATCAGGGTCACTCAGGCGCTGAATGTAATTTATTTGTGCGATGGGCGCACTCGTATCTTCACTTACTGCGTACGACCATTGTTTGTAGGAACCACACATAGGAAGATAACCTAGAGTTTGGAAGGCCCACGCAGCCGCTAATTAGATGAGGAAGCATGCGTCTCACTATATCAGCAAGACTTGTGTAAACGGCCATGAAAGTATATAGAACGCGGTGACTTATGTAGCGCGATGTCCAACCACCGTACCAAATCAGTTGGGCTGCTTGAACGTTTTGGTATCTGACGCTGCGAGCTACGGCAGTGGTCAGCCTTGAACACCGCAAGTATGGTCAATTTCGCCTAGCTAATGGATAAACTGGCTTTACTAAGGACTGTGATACTACCGACACCGACCGAAAAACCACCTTAACAAGCGGGGATACTCCCGGCGCGATAGAGGATAATCTGGCTCGTCAAGCGTCCGGAAGTACGATGCAGCTGCGTCCCAGCAGATCTTTAGCAGTACTGGATCTGAAAGTAAAGAGATCAACGCCGACAAGGATTATCTTATGGTCCTGCTTAAAGATCCTCTTATCGTCCTAACAGGGTGATAAAGGATTTTATTGCATGGACGTCACTGCCCCTGTATTCCACTAGATACCTTGTCTGACCGCCGTCAAATTCTTTGCTTTTTGCGAAAGTGAAGCTAGTGTGTATTCCAAATTCTCTATACGTGCTACAATTCGAGGCGTACATTCTGGG,1872,47.76,Saccharomyces cerevisiae
SEQ_984331,GGCACGGAACTAGTTCCCACTTTTGAGTGTAGCGGCCAGTTTACGGTTCTACTCACACGGGCATCAAGATGGTGCTCCGTGTCCTACATCGACGGGGAACGATGGTACTGTAATTACAAGCATCTGTGCATCCAAGTCGACCCTCGGCCTGCTTATCTATGTCGGCGACGGTAATTGGACCTACGTGACTCTCACTGCATAACGTGGGGGAATAGTAGTCGTTAGAAGCTGCGCTGAGGTGTATGGCCTTAGGGACCTTGGTACCAGATTGGATGTCACACATCGCTGAGCTCCCTTAGCAACTCACCACAACTACGTTAACATTCGAGTGGTCATTTGGCGGCTGTCCCGGCATTGGGCCGCCCTCCTGTTGTGCAAGCATCGCCAGCTCCCTATGACTCTTTCACTGGAACGAGTAGTGGCAACTCTCGTGTGGCGCTCCGCGAGCTTAGGAAGAGGAAAAGGTAGCGGGCGGTTACGCGCAGGTAGGTGGCTTCCCAGGATGGTTGATTAAAGGCTTTGCGCAGGGTAACGTACGCTTGGAGTATTATAAAGTTGTGTGCCACGCATGACGGCAAGCATGTATGTAGTTTTTAGATGGGAATAGCGGGGATTATCGTGACCTTCCTAAAGACCAGTTATGCAAACGTCTCCTAGGACATTATGCGCTCAAATCGAGGGAGCCTGGGTGCGCGTCTGGTAAAGGATAACAATCCGGGGGGGCATAGAACGCCATATGGGCTCGGCGGCGTTCACGCTCTAAACAGTCACTGGTAACAAGGCTTAAGGACAAGAGACGTCAATCCCTGTTTGTTGATGGTGCGGCTTGGGGGAGTTCAGCTACGCTTAGGCGGGTAAACTGTACCACATATAGAGGCTCGGACGTAGTCTCGGGAAATCGTATTAGGATAGGGGACTTCACCTTGTAGTAAATACTACATGCTGCCAGCCACTGGCCAACCACTCCGAATTTTCAACATAACTCTTCATATAACTTGTCTCCCGACTCTGTCCGTATTCTGCGGCAGCCCGGCCGCGTCTCCGAATGAGCCAAGACAAAGACCATGGAATGTACCCGGGCCTAAAGTGATTGAGGATAGATCTGGATAGTCCTCACAAAATATTTATCGTATGCGAGTGCGATATTACCTCCCCCGTCAGTTAAATCCTAGCCGCCTCAGACTTTTTGGGCGCCACACATGTGCCAAGGAGCAACTGTTCAAGAGTACGGAAAATACTGGCTGTTTAAACTGTTATCACATGGCGGTGAACCATGTGCCATTCGTGA,1288,51.32,Mus musculus
SEQ_110046,TGATCCCACTCCGTCTATACTACCGATAACGACTACGGGCCCCCCCTGAGGACTGCGTGAACGTTCGGTTATCCAAAGCCCTAGGTAGCAGTTAAGGTCAGAATGCCCACCCAAATTGGGAGTGAACAGGCAATCTTGATCCGGCATGAGACTTTACAAAAATGCTCCGTAGAGCCGTACCCCGTGGCCACCGATAGACTCTGAAATTGTATCTCGATTAGTGCGAATTTACGGCGTGCACCCTCGCACCATGGCAGGATTGACACAGGCGTGGGCCTTAGTAGCTTAGTGATTACTGCATGATGGCTACGCCGGTCTGTACTGTAGCCCACATCATGCCTGGGCAGCGAGCACAGAGCAGGTTGCTTAACAGCGCCGAGATCTGCGGTTTCAATAGAATGAAGAAAGGTATCAATGTCAATAGTTGTCCGACGCGCATACGCATCTGGCCTGCTACAGATTCCTTGGTCCCTTCAACCAGGTTTTACGTTATTCTCCGCCATCTTTGGACACATGGAGCGCATGCGCGGTAGGTTTATACAGCTTCTCAATTAACCTGCCGCGTAGTTCTCGCTCCGTGTTAAATACACGAGTTTCTAGTACATAGGACATCGGGACTACCGTGATGAAAGAGAGAGGGAGGCCCGGGTGTACTAGGATGCGTCACATGATGCCATAAGCAAATGACTACAGTTTGGAGCTCCAGTCTCCCCTATGGCACTCCATCCCTCAATACAATCGTCGAGAGCCACGTGTTGTAAACATCGGTTCCAGAACGGCCAGTGCAACGCCCCTTCAAGTAGTGGTGCACACCGGAGTTTACAAAGGGAATCGTAAGGTACACTTGTAAGACAGTGATACCAAGGAGAGCCAAATAACGGTCCTCAGTTCATAAGATATTTAGCTTTTGCATTGTGCAGAATCCCATCGTGACCGCGTCGACTGTGTCGGGCCTTCATTGATTATGTGGACCACTCGCCGTCATTCCAGATTATGCCAAGGACTATGTATTCGCTAGATGAAGTCCGCAGACAAAGTCTGCCGAGCGTCAACTTTGGTGAATCAATAATCTCTCGGCGTTACTCTTGTATAACGGATACTGATACCGCCTGCACTTCCATTTATTTGCGCAACTTACCGTTCGGCAGAAGACGGCCGGTTATTTCGAGCTAATTCATGGGGGTGACACTATCGACAGTGTGACCGTGGCTAGCCTGTGATGACGTCCTGGCAGAAGCTAACGATAGGATCGTGTTGTTTGATATGGGTCTCCATATAATTAAAAATCTAGCGGATCCAGGTGCGGGCGCCGTGGCCAAAGCTACGGCATGCCTAACAGCAGGTTCGGCGTCAGCAAGCATCAGTTCCGCAGGTCGATTGAATCATTTGATACAGACGTTCCTCGTCGCTTGACGCCCTTAGTGAATGCCGAAGAATTGGAAGCAGTAGAGGCTCCCTCATCTGTAATGCGGTCCTTACGGCGAGAACGGTACCCCTTATCCGTTGGACAGGCTCAGCATCCGCTGCGGGGGTAATATTTAATCATACGCGAGGAGTTACTGAGGTACGGAGAGGAAACTTGAGATACACGGAATGGAGACACATAGCGCTTGCAATAATCTATCAACGTGCCAAAGATTGACACGCATAACCTGCCGATGAAACCGGATAATTTTGCCAGCCGCTTACCCGCCGTATCATGTATACCGGGAAAGAAAGTGATTAGTGTTAGCCACTGAGAGTACGATGAGTACGCCTTGATGCTGAAGGTAGTAATTCCCTACATCCCGCGATGTGCACTTCCGGCGCATGAGCCATTGTC,1822,50.22,Homo sapiens
SEQ_610014,TGGATACTGTTAAGGGGTTACTCAAGTACTAAGGAGTTTTGCGTACGGAGTTTCAACAGACGCACGCTCGGCCGGATCGAGCGGCCGCATGGTACCCTTCGTACATTGCTCCGACAGAGTCTCGCATACTCGACGGTCGCAATGCAGGAAAGCTGACCCACATCCAATCCAAGATCCGTATGCCCTGCGGTAGCACAACTGAACCGCTACTTTGCAACGTCGCGATTGTGCCCCTGCAATGCGACATTCGGGTCTTACGTTTACCATACGTTGATGAGCATGAATGCGTTGGACACCCCAGTCCTACGATCTTGTTTAGTCTCCCCCCACGGGCTCTCACCTCAAAATGCGATCATTAGCTAACGTCTTACAACGCCCAGAATTTCGCGTCCCCCAAAAAAGGTTGTGGGCTTTGGCCGATATCCTCCTGTGAAAAGCCAAATCCCAGCAAAAACGGATTGTTATGCCGGGCATACTTCTTTTAAAACTTCCAGCATATATAATATCTAGGCATGTACGCTACACGCCCCCGAGGAAGAGTCTTAGCGTGGTCGGCACTGCCCCAGCTTTGACGACTCCGTTCCGCGTACTGAGCGGCCCGCGAACACGGTCCGGGTTAATATTTTCGATTGCTCCACGAGTCCGTTGGAATCTGCCGCAGCGGTGCAATCTCAACACGAACACCGTGGAAGCTGTCGCACGAGTTGATTTTTCTCGATATGGAATTAGGCAGGTCCGGGTTCCTTGTTTGTGGTGGTTACGTGTGATCGTCATCGGCAGCTACATACTCGGGCTGATTGGAAGCGCAATAACGATCATACCAAAGTTCCGAGCCCCGAAGATCGATCTATGGCAAAAAGACACCGTTTAAGCGTTAGATAACGCACTATCCTTGAGACAACGCCCGTTGCGCATGCCGGTATTCATCCGAACCGTCTCAAAACCCGAAAGCTTCTAGAGAACTCACCCGTTCTCATTAGACCAAAAATATCAGTAGTTCCCCCACTCTCATCCTACTCGGGACGTAAATGGCCGGAACAGTCCAACCTCGCTTACATCTCAGGGGATGGCAATTTATTTGTTGGGTTATATGCTGCCACTCATCTAGCAAGGTGAAAGACGCTCGCGCTCCAGCTCGTAAGAGATTACATCAACAGGGGATGCGTCAACGAGTCCTTGTCCTTAAATTCCACCTCCGCAGGGAAGCTTCACAAATACACGACATGTCCCAGCAAAACCCAATTTTTATGTGGGATTCGTGAGACAAATGCTCCGCCTGCTCAGTCCGATGTTTTCTCTTTGGTCTTCTGGAACTTAGTAAACAGCCACGGTCTGATTAGGAAGTTGCCAGCAGAGACAAAATTTAGGAGGACTCTACTGATAATCAGCCGTCGCTTAGAGGGGGGGGAAGTTAAAACGCTGATTGCATTAGGGAATATCTACTCATTAAGTCGCAGTTATATTGATGACCCCCATTTCTCGTCCGTTCCTACGAGTAACGCCCCATTTTCTTCGCGAAAATACAGCTGGCCGGGAGTTTACTCAAGTAGGGGTCCCTCTGTTGTGTCGGCCCCTGCCAATCTTGTTCATTAAGCTTATGCAAACTATGGTTTGGTGGGTCCAGATCTCATGGCGCCTCAGCTGGCCTGGATGACCCACTTCGCGGAAGTGCTCGTATAGTCTTTCGTTGAAAGGGGTACTTTTTATTGA,1710,50.0,Arabidopsis thaliana
SEQ_878809,TAAAGCAACTTGCGCGCGGAAATTACAGCCGCTACTTTGAAGTCAAATGTAGACCTGGAATAAGTAACGATTATGGCAATCAAATTAACGACTGGGTCCTTGAGGGGTTATTGGGATAATTTTTTATAGCTAGTCAGCCTAAGACTAACAGCCTCATTTTCGGGCGTAAGAATTTTTTCGCGTGTCACCACTTACCGCTAGTACGACTACGCTGCTCCAGCGCTTGACGGAGTACAAATAACCAAGGTGAAACAGCTTCTGGTCTTAAGATGGAAGATCACCCCGCCCGATAGTTCATCCAAAGTAAGAACCTGCGTTCTCGAGTGAGAGAGGCACACTATTTAGGTGTAAAACCTGTAATCACGGGTGATTTGCACTAGGTGGGGTTAGAAGTTGAGTGTAAATACCTTAAAAACTGCCATATACAATCTAGACGATAAGCGATAACAGCTACTTCGTGCAGACTCCATCCGACTTGAGACAAAAGCGCGATTACATCAGGGTCTCCAATCGCTCAAAATCAGGCACGGGTCGAACTCATCACGATGAAACGACAAAGGTTGCATCTCGTAAGGTAAAGCTAAAGGTCCTTCAACGCAGGTACCGCGGAGTAGTAGGCGGGCATGAATAGTACAAAGAGGTACGCTTTAAATGAGCTGTGTGGACATTGTGCCCAGCTGTACGGGCTACCACGCCCCAGTTCTAGGACCGCTATGCCTGATTATAGTCACTCTCCTATTGCTATTATTTGGAAATCCTGGGTTCCTGTAAAAGATGGGTGATTTGTATTCGCTGACAATACATCAGTCTAATATCTAGGTAATCTTTCTCTTTTCCTAGTCTATACGCCTATGCGGGATGTGCGGGTTGCTTACAATATGCATGGGGCTTATGAGGGAACCACTATACTTCATGTCCTGGAGTTTAGGGCTCCGCATTAGCGCTCCAATGAAACATCCGCTATTCGGGTCATCTTCACTTATTTAAGTAGAAGCCCGAGTTTCGGCGCGGGCCTGGCGTACCCTAGTCGCCAAAGCAATTACTCGGCCGGCATGATGAAGCGACCGCGCGCTATCTTAGGCGATACCTGATTCAATCTTCACCACACGGTGGGTAACCCGCTAGCCCAAAGTTTACCCCCGATCCGGGACCGTCGCGGTGCCGTGCTCCGGCTGTCTATCAAGCAGATGCATGATGAGTCTGGTCTATCGTTGAGTTTAAATCCTCCCCATATTCCTTAGGGACAAGTAAAAGGTAGCACGGTTTTAGTGTCCAATGTTTGCTATGTCTGAATTTGTCGTATCGAAGCGCGGCCGCACGCGTATCGGCCTTACGATATGGATGGTGGTGATCGGGGTATCTTATGTACCACCGGTGATCACTTTAGGTCACAAACTGATTTGTAGAGATCCTATATAAATCGAACCAATCAACTGTTACCATCTACGGTGAGAACCCAACCTCAGGCTCGAAAGATTAAAGAACTGAGCATCGGTCCATAAGATTGACTCGCTTCGAAGGGTTACGACCATCTGGCCCAAAAAGAGGTCTGTCAACCCCAAATTCATTACAATAGTGTCAGGGAGGATAAATGTTCACAGTCGCGGGGTTAGCGTCGTATCTCTTTCTAGCCTACTGCGAACTGAGTCTCGCTCTTAAAAGGGCGCGACGACACTATAGCTGTGGACGCGATCGCCGGTCATAATTACCCCTCTGCTTGCAGTTATCTTTGCCCTGTTGACCCCAGTCCGGGGTCTAGCCTCCTTACTAACCGGTGGGGAGTCGTGACGTAGCGGATGGGTTATTATTTAAGATGAGACCGAGACTGACCGCGGACTCCAGGTTTCCTCGAAGGTA,1857,47.98,Arabidopsis thaliana
SEQ_446269,ACGCGATCCATGCCCCAGTTTCAATTGATAGAGCACTATAATGAGTTATACTCGTCGGTTACCGCGGTCGCCCCCGCGCCAAACACATCCGCTCGCATGTCTCGACAGGACCAGTATCACCATATGAAGGAGAGCGTGATTGTCCGTTCACGGCCACTGATAAGAGTTACTCGTTGCGTCCACGCTCGACGTAGCCCCCGAGCGATTCATTCCTCAGATCTAGCGGTACTTAAGTTTTTGTGTCGCAAAGGATTAGTATGGCAACTGTTCCCGCGGTAAGTAGCCTTAGGACACAGCCACGGTATAGAGCGTAACATTTGCAAGACATCAACTATCAGCAACGTCCCTATCTACCAGTTAAGGGGTGGTTTACGAGGTCGTGGGCGCTTATGTCATGCCATTTCGGAAGATTACGAGGTCGATTACTATCCACCTGACCTCTTTTCGCTCTGGAGCGCCCACGGCCACATAGTGTTAGCTTCAATTCTGGAACTTGGTCGAATTTTGTACGGCCTTTACACATTTACGGCATTACATCATGTCTATTCGAGTATGAACGGCAGCAGAATAAACTTGGGAGTATTAATCACCACAAGAGCACTGTTAGCTAAAAGCGTACCTATAATAGTGTCTCAAACTCAGGTTCGTTCAGATTATGTTTAGGGGCAATGCATCGTCTATCCGGGGGACGGGTAGCCGACTGCTACCCCGCTATCCTACCGATCTGCTAGATCTTGTGAAGAGTAGCAACTACTTGTCCCAGAGCGATTGCCCGGTCTGGCGCACATATGTCCGCGGCTCTTTTATGCTTAAACCTAGCATGAGAAACAAGCTGAAGAACATTGAACGACGATTTTGCGCAGCTTAACTCTTTGGCGGCGTTTAAGCGTTAAGATCCCCCGAGGCCAGTTCCGTGCAGACCTTGGGTCTGACAGGTTGCTGTTGGGAGACGGGCCACTTCACGGACAATGGCGAAATCATACAGTTCATCTGTCTCACTTTTTAATCGCGGACGGAGGAAGTGTGCGATGCGTTGCTGGCTTCCACACAACTTTAGGGATAAGCAGGTGCATGCATCTCGTGTAACGCAAGTTTTCGTAGGCAAAGCGTTGGAGATTTGACTTAAGTTAAAGACCCATCGTGATCGAGCGCAAAGGATCCCTAAGATAGTGAGGGTTAACATTAACATTTGGGTTACCGACTAGGAGAAACCATTCAAGCTGCGTACTCAGATTGAGTAAGTCCACAACGGTAGGCGTTCTCCCATCAGGGACACCGCATCTTTGCTGACGGAGTAGTTACTAGAGCCGGTTAAGCGCCAATCGTAGAGCCATTGACTTCGCATGGGGGCGGTAGTCCCAAGTCGCGCGATCTCTACACGACTCTTACGCGCCGGATAAGGACTGACCTTTTAATCCTAGGTGCAACTTAAAACACATAGCCGACCCGCCGATTCAGCAAGATCACCCTCCCCGGGGGTTAGCCTCCTCCCCACAGTCGATCTGGTGGATGGACTGAGGATCCAGGTTCCCGACTCGAATCATTCTGATCCCATCTTCTGCGTGCAAGGATGTCAGTCAAGGGCGCGCCGGGTGCCTGACTTTATAGTTCGTAGTTGAGCCATTAAACGCTACCAGAAGCGGTCCGAGGCTTGACACTACTACGTTTATACGCTCCCTGTGGTTCGGTTGAGAGAACGAGCGCAGTACGGTCAA,1715,50.44,Caenorhabditis elegans
SEQ_957005,GCAGAAACTCTCTTAGGGCCCAGGTCACTGGGACCATACGCTGAACCGGGTGTGAAGCCTAGATAATGTGTAGAACAGAGCCCGACACAGCGGTGGGGGTTTTACTCGTGGACTTGTGTCAACGGGCGGATCTCTGAACCATAGTGGGCCCCATTATAAAAGAACGCGTATATACCGGTAGGAGACATGATTCACTACTGTTACTCCAAAGCCCACTACTAAACTCTTACGCCGCGTCTACCGCAGTCGGAGGAACATATGTGCGTGGGCGGATCGCTAACTACCCTTTGCAACCTCGCAGCTGGCGGACCGCGCGCCACTCATAGAGTTTTTCCAAGTAACTTTGTATGGCGTGGGGCGGGGTCAAACTGTAGAAACATCGAAACTCAACATACCCGGATTGGACCACTCAGACTGAGCCCACCATTACACTATCATGGTCCCGAGTTAATGCACGCTACTGTTGGGTTCATAGCGCGACCAGTACAGCCCCGTCCTCCGGGCAGCGTAGATATTAGAAGGCTATTACACCTTTATCGACTTGTAGCTCTACTCCACAGAGAGTTTCAACCCGGACCAACAGGCAGATCTTGATGGAGCACTTCATAAACAATTAGGCATACTCTATGTTTGGCACACAGTCGCCCCATTGGCCTAGTACACTCAGGACGGCTCAAGTGAGCCAGTAGATATCATCTAGGCACCAGTAGCTTTATTCCATTCTTTCCAAGAGCTGCACGATTGCATATGCCATAATCAGGTGTATAGTCACCATTACACCGCAATGAGGATAGATAGAGGCCCCGTGCGAGTTGCGCGTGCGTTCGTCTCGATGATCATGCCAGGCCTTCCGTGGCCCAACCGCAAATTGGTCTGGGAAGAAAAAATAGATACCTAAGTGCATCTGTAAAATTTTGCCACTCCACTTTTAGATGTTAACGACCACCGTTTCCTAGTTATTGTTAATCGCCGTGAGACCACTTAACGCGACACGTATTTCGTCCAAGTGCATGTTGACCCTCGATAGTGAGCCCTAGACTTCATAATCGTTGTCTCAGCTGATGTGCGACCGAGACGGGGATCTCACGTCGCGGTGGAACGTCTTTACCATGACGCGTCCCTGATGCAGCTCAGTGCCAACCCGTAAGTGTTCATGGTTA,1160,50.52,Saccharomyces cerevisiae
SEQ_958457,TCACGCGAGCCATCATCGAGATCTAACTCCATGTCTATCCCGGACCAGTTAGCCGTGGGGGGCCCACTGAGGCGGGCTGCATCTGGGTGTTGAGAACATGGCCCAAGCGTTTGTCCTGGGTGGGCGCGGTGTTCTTTATTCGTCTTCTCTATAAGCAATGCAACTCAATCACATTTCGTTTAGTCCTAACTCATCGTTCTGCAATGAGACTGAAGACAAAACAACTCCGATACAGGAATGTCGGTCCAGATAGAAGGGATTAGCCATTCACTTGTGCTGGACTCCCTTACGAGAATGTGATTGTTTGCAGAACGTGTCGTCACTTCGCCAAGCATCTCCTTGGGACTTGTCGGTCATTGCAACTAAAAACGAGGTGTCGTAGGGGTTGACCGCCGGGCGGGGCCGTAGTATAAGGGTAATTTGGAATGCTCCCGAGTGGCTTAGTTCATCGGACTTATTATCGGTCGCGAACTCTATAAAATGGTCACCCCCTGCCCTGGACTAGCAGAATCAAGTCATAGACTCATTATCCTATTCCCAACGTTCGTAGGCTTGCGTTCAGTCTGGCGAATACGAGTGATTTGCCGACTCGTACCACAATAAATGCATCGTGCGGTTCTTGACAGCCCACTCTAAAATCACAGTAGACCAAATGCGGCCTCTGCGTTTAGTGCCTATGCCTCCTCGTGAATAACCACTACCAAAATGAGAGGCGCATGGTTATGAACCAAGGTCGTACACTCGTTCGGGACGCTGTCCCTGCACGACATCGCTGTACAAAAAGAGAATGATCAGTTCTAAGAAATGCGAGAACCCGGTCCGCCGCGCGGATCTGACCGCGATCTCAATGGTCGACGATGAGACCGGATTAATCGCTTGTCTACAGCCTCAAGTACCGCCGTCGAGATTTTGTGCCACCAATTTCTCCCTTTGACCGGCTCCCCTTGACTCGCGTGAGTCCTATCGTTCGCAACTTTGCCACAGCTGATCGATCGTGCTAAGGCAACCAGATCAGGTCCGGGTGTAAACGGCAAAACTGTACCGACCGAATTGTACGATCTCTCTAGCCCACGGCCATCACGGCGCGATTCCTACCAACGAGGTCTCTTGTAGTACTAGAGCGTTAGGCGTGACGAATAAAAGGCTACTCAGCGCACCGGTTAAAGATGATTTATCGGGATGGGCATAGGGGCTTCATACTACTATTTTCTGCGTTTCACGGAATACCTCTGCATGGTACGGAGCATCCCAGGGACCTCTTTCGGCTTTCCGTGTCCTGAGGCTGTCCTTATTAGATACTCGTAACACAGGCTCGTGCTGTTAGTGCTAGTAGCATGCCGCTTGCGGGCCTGCAGATTAGTTAGGTGTCGTACCTAACCACCGTGCTCTGTCGTACCATACATGTAACTATCCAAAATGTAAGGCAACGGAAGCCCGTGCTAGCATTAAGATTAGGCCTTCAATCCACAGCCGAT,1475,50.92,Escherichia coli
SEQ_636758,CACCTTCGGCGTCTCCATACTTTAACAATTCGGGACTCGAAAACGTAACTTAAGTTGGCCCACAAGCATACATCGCAGCGGCAAGGTTGAGTTATAGGTGAAGAAGACAGGTAGTTAGTACCGCAATAGATCCAACCAAGCCGTCCACGTTGCCGAATTTTGAAAAGACGGCAGACCTCACTGGGGGCTTAGCTGAACTGTCATGTCCAACGGGACCTCCCGCGTAGCCGTAGCGTACGATCTCCCAATCTCGTGAGGAAGTATACTTAGGATTAGTTATGTTCCAGCTTGTGCGACTACCGAGACTTATTCAATCAGTTTGAGGACTCAACTCAGTTATGCGATTTAGGCTGTGTTTTGTCTTTTCGTAATAAGCAACATGCTGCAGGTGGGTTACCGAAACGTCAAGGGTATTCGTTATTGACCCTCTGTTTGCGCCAGATTCACTAATATGTGCCAGCAAAGGACGAAAGTTATCCATTTGATCCCGTTTGGCCTTAGGAATAGGCAGTATAATTTTCTGAGGACCGTGCAAAGCTATCAGTCATTCGCGCATACCTTACGTACTTAACTGCCTACAGGCCATTTGCCGATATCTTTTGATGCAGGTCGACACGTCCCAGGTATGGTTGCAGGCTTCGATGATATGCCAAGGTTATCGTATCTTTCTTACTCACCACGTCGAGAAGCGGCTGGAGAAATAGCAACAACCGCGTGACCTCTGGGCATGAAGTAGGGAAAAGTGTGTTCATGCGCTTCGTCGCTATTCCCCTTGGCTGAGATGCACCTGCATGACATACAAATTTCCCCAGGGGGCATTCGATGTTGACCGAGCTCAACCCGACGCTGTGAACCCGCACAGTTACACTCAGAGCAATTCTGGAAAATGGGTTTGGCTTTTTATATTACACGTACATCGTTTTTCGATTGACGAGCGACGGCAAAGGGATCTAAAAGCGGAGGAGGGCTCGATTACGAGACGTTTACTTGTAAAAGACGTGGGTGTAGCCGTTCCCCCTAGGCTAACATGTTCTGAAAGTCATAATACTGGAGATTCCACATACACATCTACAATGGGAGGAAGAGTAACCTAAGTGGTTCATGATTACTGTAATTATATGCCCTCGGTCTCGAGCTGTGGGCAACTCACGCACGTCTCGGGCTTGCATTCAGCTGTGCCTGTTCAGTAGTTTTTTATCACGATGGAACCATGGGAATCATCCAGCGCATCCTGGGCGGACAGAGACACGCATTTGCACCTGGATGCAGTTATATTCGTCACACCCATCGCTCTAAGGCAGGAGAGGCTCAAGAACGGCGGCCGACCCAATACAGGTCATTGTATCCGCAACGGAGTGCCGGACCTTTACAGCGCCCAGGTGACGAGA,1388,48.78,Mus musculus
SEQ_353830,GGCGAAGAGTAAACCTATATGTATTTCTAGCCGAGCATCCTATGCCCTGTCTGACAGGGCGGTTGGGATTTAGTGGAGCGGTTTTCAGCGTGTAGTCCTTTATTATAGCATCAACAAGGTGTAGTGTGCCGGTCAATCCGTCAGCGCCCATTTACCGTTTCTTTAGTTGGATTTATTATAATGTGCACTATCCGGGATTTGCTTTTTTCGGCAACAACATTATGCTACATGAGCGGAGTAACACCCCTAGACACCTGACTAACCAGCTAATGTGATTGTCCAATGCGATTGGTCATTGTTTGATCACCGCTACTGACGACGCATTGATTGAGGTCTTGTCGACGTGACGAGGGGGGCCTGATCACCGGGTGTCCATAGTAACG,383,47.52,Homo sapiens
SEQ_539068,CTTAACTCGTCCCAACATCACAGGCCGCACCGTCAATCCGCGAGTCTGGCCACTCGGACAGGAAATAGAGTTCGGAACCTCCAAAAACCTGCGAGTATTTCGGCACGGAGGGGAAGTCAGGGTGGAAACGATCATAGGGCTCACATTGTGGAGGTATTCACTACGATCAACAAGCAAGCCATCTTTCAAGGAGCTAGCCTGATGCACGTCGTTTCCCATGGGAACGTCCCAATTTCTTTTATAGTCATCTGCATATTTCGAAAATATTTGTATACGTTCATATAGCACCTTGGGCAGAAGAGACCCTAAGAAAACGTGATCCCTGGCTGTGCTACGGCGCCACTGGATTCCGAGAAGACCAGCGTTGGTTCCGATGTCTTCTCTCGACTTCTAACCCCTTCCTGCAACCATGGGCTTAGTTATCTGCCCCATGGGATGGATAGGTGACCATTGCTCCAGCATCGGCAGTCGAAGCTGGCCTGAAACGTGGAGTTCCTATCTGGCTTGGAAAAGCTGGGAAGAACGACACCGCCTACCGCACTGCAGGTCCCTGAGAAACACTTGTTAGTATCAACACACGCTTTTTTCACGTTGAAAGTGTTGCCTTGGCGTGGGACGAATACTCCGGACAACAGCCAATTGGAAACGTCGATGCCCCTGCTGACGAGTGCAGCCAATTTGCGTGACTATTAGCTTATAATTCCCTAGTCTAAGTCCACGATCGTAAGACGGGTCTGGCTATAGACCTGTACGACTAGAAGCAACAAGGAAGCGAATAACGTAACAGCCAGCCACACCCAGTTCCCTTCGTTCGGACAGGTCAATGCCGAATACTCAGGCGACATAATTACCCGTGCTCTTAATGCGGCTTAGACCGAAGCTGCAAGGCACCGTACGGTCCAATGACGGAACGAGGATCTTTCTTTACGATTGGAGGTTCGCACACGACTCCAGTATCGCGGCCTAGTCGCTATGCTCTCCGAATCCAAAGTGACTCTCCGAATAAGTAGAGAAGCGATCATGCCTTCTGTACCTAATGTGGCCACGAGTCCGGGATGCCGTTGCTCCTAATCTGAATTTGGCCATACGTTCGGTTTGTCGGGGCCGGTAGGGATAAACGGTAGGAAGTTGGGCGCTTAAGTGGATGAACACATAACGATTTTGGCTGTATAGACACACAGGGTAGTAAGTGTACCCACTCACACGGTGTGCAAGGGAAGTCTGTCATACTAAAATCCTCTGTAAACCCAACACGAAATTCTATTCTCTCGATAAACATAATACGTGGACCAGCTGAGTTTAATTAAAATTTGCTAACCCATTGGTTGCTACATTATCATGGCATGACGAGTTACGATCAAAGCCCATAGATTCCTTAAGAAGACACCGATATTTATCCAACGCCGTCGCCTCCGACCAATCGGCATTACCGCTACGTACTAGGGACAGGGTTAGCGGCTACCCGCTAGGCGTTCGTATGCCGGTGACGGGTTTAGCTCTAGCTTAGGTTTTGATGGGGCGACATGATGTACCTATCGCGCCCATTGGAGCCATATGGTAGGGGTCATCGCACCAGGGCTCAGTCCTGGGTAAGTACGGAATAACACATAAACACACAATACGCGTGATCTACGATACGATGAAATGATCTTCATGGGTGTGGCAGGTCATATGAAAACTCAAAGGCGAGAGTTAATGGGTCGCGAGGGTGAACTTCTTGAAATAGAACTCGTTAGTCGTGAGTATTAACTGTCTGTCCAGCGCAAGGGAGCCATCGAGTTGCATTTCGTCGCGAAGATCGGGGAGACAGCCCTTGATGGCGGTTGAGATGCCGCGTTTCCCGGT,1845,49.92,Arabidopsis thaliana
SEQ_180897,GCTGGTCCATAGGTGGCCGGGTCGTGTCGTACACCCAGTACCCCGCTTTTACAGTCTGTAACTGTCATACCAAGAAATTGGCGCAGGTTACTACGTGTGTAAGCCTGTAGTGCGGGATAATAAACAGGGAACAAGAGTGCGTAACCCGCCTCCCTGGTGAGTCATCCCTGCAAACCGTCGGTCTAACCTTGGGCGATTAACCCTCTGCACGCGACCCTCAACGGTCCTGCGCGGCCGGAAAACCATCATGAAGAAATTGCCCATGGTAGAATAATAATCGAGCCACTACGGCTATATTTTCGTTCCAGACGGTAGCGAGTCCGTACTTGCAGACGGTGTCCCGAATCAGACGATTGAGGTAATCGGGTATTAGGTAAGGTTGTCTAATGTTTAACTGGGACTAGCACGACTACAACAGGGTACGCGCTACGCGTTAGCCACGATACTAACCGTTAGAGCTGAGACATGTGAAATAACTTGAATTTTGGGCATTACATAATCCTGCGATGGTACCCAGGGCAAAGCTGGTCAGTGGGTATTTTGGCATCCACGATCTGTTATTGGACTCGTCTCTTCTTAATGGATCACGACGCCCATTCGACTCAATAGACTAAAAGCGTCGTCCAACCAGGCGTGCACTCGGGAATCCCACCGAAATGCTGGCTCGCGGGATGTCCTAGAAGCGAATAAATCCGCACTTTGCACGATTAATGAGGATTGCACCACTGCGAACGCCAAGGCAAGCCGGGCCAACCGTCACCACCCCCTGTTAATTACTGGGTGTTTGGGC,790,51.39,Saccharomyces cerevisiae
SEQ_287345,AGACTATAGGAGATAAATCACCCGGGTTGACTGATTATAAAAGCGTTGCCCCAATAGTCGGGTGAGTAGTATTCCCGGAGTTCAGCAATGTCCATAGCCCCAGATGCTTGCTAGAGCCTCGTATTAAGACATGCTTTCCATAACAATTTGCTCCTATCATACGTGCCTGCGACCGTTCCACTTCTAATATAGTTTCCCTGTCTTCCCGAACACCGCGCGTTAGCGTTCTCTGACGGAGCACGTGGCACAATTCATTGGCCACATCCCTGGGCTAGCCCTTTACCGCCAATATAAATGCGTACGTATAGAACGCTTCCTGTTTGACAAACAAATGAATTGTAGCACTCGGGGTACCCCAGAAGTCATCCCTCGACGGTGGGCGGCTACAATATGAGTCTAATAAATGCAGCCGGGCCCGGAAAACGGGGGACGTTTGACGGATTGTATCCTGGGGCCGCCAATATTTCCCCTTGATATTTGACTACCGCTAGTTGCTTACGAGGGCGATACAACACTAGCACACCCAGCTGCTAGTTCTGTTTGAGTTCTCGGGCTCCGACAATCCCGCCGAGTTCATACTACAAGTTCATATCCAGTAAGCATCCCTCATATTCCACAATGACCGTGCCGGGACGCTCAGGCCGCTAAGTCGTCACTCTGAAACGCCCAAAGGGCCCAATACCCTCTGGTCTGACCCAGGATTGTCAGTTCGCGCCTCTGCATCAGGTTATAACTTCGAGCTTTTTGTCCCAGAGGCACGGTCGCAATTATGCGTGGATACGAAGAAACTTAGGCTCGATCAAGGAAGTTAGTTGGTTGGCGGAGGGCCTGTGTCACCTCAGGCCCCTTAGCAGAAACGGGTGAATATGTTTTTATGACTGTCCCAATATCTTGAACATACGATAATTTTATAGAGTATCACACAGATTTGCTATATGAGCTGAGTTTCGAAAATCGGGGATAGAGCATGAAATGCTATCTAGTCCTTCTTAGCCGTCCCCGTGGATCTCGGGCAGGTGGCGCCTGTGAGAGACTAAGGTTTAAGCATCCGATTGCGTTGTCTCGCATTGGTTGGACGAGTCCAGTGTGGCAGCGTTGCCGAGAGCAGTTCCGGTCCTATATTTTATCGGTCACCTGCCATTTCAAGAGAGTCTCTTTCATATCCCCACGATTTATGCAGAAACGGAACAACACAAGTGGTGACTCCCTGTAAACGGACTTAGGTGGTCCCTGTCCGGATTCTACGGTCCATTCACTCGCGGACCGGTAGAGCAAGTTACTAATCCCGTAATAGTATCATACAGTGGCGTTCACGCACCTGAGTCGCTAATCGACAGTTCTACACCAGGGCTATGGTTATCTCTTCCCATTTGGGCTTACTATGAGTAGTAGACCATAGTAACGACCTAGGGTAACCAGCTCCCTGCTCGATTAACCTGGTCGACCTCTTTACAATCAATCGAATTTGGAAAACACCCGTACGACTGTACTGTAAACATTACAAGGCCCTGTTCAGGCGGTCCCGGGGCTCTGAGGCAGTTTTAGAAGATCCATAGACTCCCACATGATGGGAAGGCTACCGTATTCAGAACTTTGATAGGTCCGAAGGCCTAGTAGAGTTTCCCCCATTCAGGCCGAAATGCTTCACACGCCTCCCATGAGGCGTAATGGGCGTGAGGCTCGGTTCTTTTCGGCGTTAAGAAACCATGTGGCGAACACTAAGGGGTTGGGTTCGGAGGGATCGGCCGATGAAAATACAAGCGTTTTCCGAAGCCTATCACCAAATCGGAAGATCTGTCCACTACACACCAGTACTTCGCCCTCAACCCTAGTACTCCGACGTGCCTCGTACTA,1854,49.89,Escherichia coli
SEQ_670807,TACACTAAGTTCACCTGCCTGACACTGGCGACATACTCCGCACAAGTACTGCAGGCCTGCCCAGTTAGAAAGGTCACGCACCCGTGGAACACAAACGCAACGGACGACAAATCCGGTCCCTCATTCGAATGGAATCGTCGCCATGTATCTCATGGAGTCGATCCTTCCCTGGATCACATATCCAAGCTTCTGAGGTGCAGTACAAGCTACAATGCTAGGCACGTCCTGTTCAGGCGGCTGCGGTGGATGATAAAATTAACAATACTTCATACAGCTTTGAATCGGAGGTTCTAGTCAGCGCCCAAATACAAGTTTGTCAAGCTGCGAAATTAGCCCAGCTGCGCCTCCGGGACTCAGGCACCGTTCTGTATAAGTAACCTGGGGTGCTGGCCTACCCGGATGGTAGCGCTCACAACGTTACACGTCCAAAATATAACTATTCGTCCCTGTACTAACTCCAGAAGACTCGTGAGTGCAACTGAATTTAACTCGCGATACGCCCGCGGGCAAGTGCTTATTCCGGCATCCACACGGGATCGCTGAGACTGTCCTCCTGGACCCGCGGGTGATAGACGGCCAATTCTACTCTTGAACTCAGCGGTGTTCTGTGGTGATCAGCAGTACGCTTTGCATTGCGTCCTACGGTTACAGCGTAGTCATGGAGCTAGTTCTCGTGTGAAACAGTCGGCCTTGCATCATTCGGCGAGAGAAAGTATGTGCCCCAACCAGGCCTTCCTTCCTCACTTCTGGGACAAGGTCCGCGAAACGGAATCCAAACGGGGAGTGACCAACACGGCTCAGTTTTAAACCCCTGAAAACCCAG,823,52.37,Escherichia coli
SEQ_235737,TCACACGGCTATGCTCCACCTTGCTAGCCCTATGCTTAGCGGCTGCTTTTAAATGCAACACTCTCAACAGTTTCGCCTTTGAGTTGTCCAACAGAATGAGCATGTGGGACCATAGGGCTGTTCCCCGGCAATACTGCGTTTCATTTAGTGCCGAGACCAGAGCCTATATATTTAATCACTGCGCGGTCCACGCATCAGAAAAGGAAAGTCAGCGAAACAATGTTTGGCGGGCCTGCATCTTGTCGAGGACAGGACCAAGGAGTCAAAACGACAAGAATCGCACCACAGAGCGGCACAGCAAGACCGTGCGAACTCCCTAAGGAGTGCCTCACGGCAAGATCAGCTTCCTAGAGATCTCAATATGCATTAACCAACTTAAGTCGTCGTTTAGCAAGCTATTAGGGTCTAAATCTTCCCAGAAGG,423,49.41,Arabidopsis thaliana
SEQ_253005,TAACACCGGCGAGCTAGGTTAATCTATGGCGACCTACAGGGAATCCACTCCTTCTCAGGAATTCCTTTAATTCGTATGAGCAAAATTTAGCGAAGACACGAGAACCCACATCTTGATACCCCTTCGATGTATCGACTCGAGAAGTACGTGTATCTCATTCATAAATATCCGCTGAAATGGTAGTTTACAGGATCGTCGGGAGACGTATTTAACATTCGCATGCGGGGGGTATGCTCGGGCCTGTAGCACTCGAGCATACCGTTGCAAACGGCAGTACCTCTAAGTTTAGGCTTTCGCAGTCACCCTAAATCGCTCCACGCGAATCAATTGGCAAAACACGAGTGACTCAAGCTGTAAAGATTAGGAATATGCGCAAAGTGCCAACAGTCAGAGAATATGTCCATGTGTTACATCAACTGTGGATTACGGGAGTCAAGTATTAAGAGATTAACTGCAATGGCGATGCCCGCGACTAAATGGTGAGACTGCTCGGTGCAATCGAACTTTCAATGCCTGAGACTGAACGGTGCCTGAACTGTACTTAGGCTTCAGAGGACGATGTCCGGGATTATACACAGTTCCACAACAATTATTCCCTCCAGCAAACAAGTACGTGGTTAGTAGTCTAGAGTTTAATCTCGCGGCGTCACCAGTCCCGAAAAGAGGAAGTAACATGACCCAGCGTATGATCCATGGTTATTAACAGGATTAGTAGCGTGTTTATGATTGCCGACTTTGTGCCGAGCAAGCTAATTGGACATTCCATATTACAAATCCCTTGTTGGTTTTCCGTCCGTTTTGATTGAGTGTGCGGTTCCAGGGGCCC,826,46.37,Mus musculus
SEQ_834526,TGATAAATCAGACTTAATATCCAGTTCATAGTGTCCTTTTCCTGCACTATGACGTTTCAACTTCATGTCGGATATGTGTGGTCACCTGCGCGTGCCTCACCTCGGCCATTTATGTCAGTCGTATCCTCAAGGATACCACAGAATGGAGACACTTGAGAACCCCGAGTTCCAGTATCATCCCACTGAAGTGTGCATAATCTTCCCGGTAGGATGGGACACTATATAATTTCTTTTGGCTGAGATAGCCTGTCGGCCAGAAACTTCGCAAAGGGGAGGGTTAAGCGCGTTGCAGGCTGGGAACTGTCAATTATACGGCGCGTGGGTGTCTCTTTTCGCTGAGCCTATTTTCTGTGAACTACCTCAGATTCTTGTCCCCAGACTAGGACCTAGTATATTTGGGAGTGAAGCCCCATTGGTGACTTCGTTAGAGCCTCTTGGGGGAGACAGCTGGGGAAAAGATCCCAATTCTTCTGCAGAGCCTAAGCTCGTGCTCAGGGGTCCGAGACTGGAGTATCGCCAAATGTTGTCTACGCATATCGCCGCCCCTCATTGGCACTATCATTGTGGGTGGTACGCGCGGCAACGTAAATAGGCGTCTCGGACGTTCAGCCCGCGTTTGACATTCTATACCCGCAAGGATCTATGATGGGACTAACGAATCTGGTCTCTGTCGAATGGCCCCTTTCCTCGTTGTGCCGTACCCCTACATACCCGTCCGTATCACATTGTATCATCCCTGGACCAAGTAATTAAGTGGTGCTTTGGCACGCCTAGGTGGAACTGATGGTATTATCAAGCCACGCTGACGCATTCATGAAGCAATCCAAAACAAAGAGACACACGCTGCTGCCGTAGCAGGCGGTTAGAGCAAATCGGAACGAGGTCAATACGCCAATCTAGAGTCTCTTGGCAAAGTGATGTTAACCGGAAGCATCCTTCCTTAAGCGTTAGATTATAGGATAGCCACGTACGAACCGGTATCGGCCAAATATTGGAATTAGTCGATTGTAAACACGCCAAACCTACTAATATAGACTCCCGAGTGTTAGCCAGCTAGGGGATACGTTAGATGGCTACTGCTAATGGCGGACTTAGCAGGTTTGGCTTGTTTAGACGAGGGCCAGCAAGGACGATACGACACTCCAACCGTAACAGTCTGCCGTTCT,1166,49.49,Drosophila melanogaster
SEQ_642454,CGACCGTGTGTTGTGTAAGAGTGCACCCTATGGCCTTGAATAGTATCTGGCCTACTCCGACGTAACCACAACGGCCAACTTGCGTGGATGGCATGTCACGATTCGTCGGTTGGCCAGAGTATAGTTAATGCCAACCCCACTCAGAAATGGGGACGAGCAATGGAAAACAAAAGGACACCAGCATCGGGAGTACGAGTTCGTTTACAACTGTTCTAGCTTCCATCTCTCGGAGTGTAATTGTGGCGAGTAAGCCCCATGGACTCCGAAAATCCATATATATCACGTCCGTGTGCAAGATTGATAGGACTGATCGGTTCCATAAGACTACTGCAATAATACGAGTATCCTTATGCCTGTAATGGCCACGCAGCTGGAATAACTAAATATATAGCACCGACTCTATTTGTACGGGTATATAAATTTATAACCGCAGGCGCCAGCCCTCGTGCACTGTCTTGTGTTGCCCCAATAGAAAAGCAGTTGATCTATGACCAGCGTAAGCGATCTTTTAGTTCCAAGCGTCGCAAAAGACTGTCCCATGCTACATCTGCCCCCAATACTGACACCAGCTTAGGGGGTCTCTAGCTGTAGTAGACCCTCCCGATTCCTAAGTCCAAGTCCGCGGTGCACCTCCCAACCACTCCGTTAGGCTTAGCGGACGCAAACAGGGACCCTAACACCGGAAACTAATGCCATTTACCATACACAAATGACTTCGGGAAGTATGCTGGTGGCGTCTCTGACTAGCCTGAATTAAGACGGAGAATTGTCCATATAAAGACGACTCGGTCGGCCCGGCA,800,49.12,Caenorhabditis elegans
SEQ_309919,GCTCTCCTAAAGGGAATTCTCTTTATCTTCTCACTCCATACCCGTTTACCTGTACCCTCGGTCTATTCTCGCCTAGACGACAATTTAAGGCAATTAACTTACGGTTTCGAAGCTGTCCCCGGTTCGTTCCAGCCTGGGCTACGGGTTAGCCTCCCAGGTCCATTTAGGAGTCCTTAGGTACGTGGGTTCGGGGGTAAAGACGTAACTTTGGGCCGAGACAGTCGCCGCGAGGGTTGACAGATATTTATTCATTCGCTTAATAATTCCACAATGGCAAGGCAATACACGCAGAGGAGCCCTGGTATATCGGACGTCACCACATTCGATGACAACACAAAGTGCCTTTACAGTAACTGCCCATAGCTCAGCTAAAACATGGCAAAAAGCGACAGGTCGCAGGACACCATAGTTACAGCCACGAGCCATCTAACGATTGGCGACAGGCCCTTGTTCATCTTGCGTCTGAGGGGGGAAGCTCTTTTATGTGTCTCGTACTCTGTAATTTTACGGGAGTGCTCCCGTGAAAAATTCAACCCATAACTCGGGAACAATCGGTATTTTGGGTGGTGCTAATGAGCGACGAATACGCGGCGGGGCAGCACGTAATCTCCGGGCATGCACTTGCACTTAGAACAGGGGCAGACAAGCGAATCCCCGTCACTTGATTCCAGGCAATAGTGGTGTACGACAGAGTCACGCACGAGCACGTGTTTAATTATACGGCCTGTCCGCATGGAGGGAGTCGCTACCCCCGTACAACAAAGAGATAGTTAGGGCCATTGTATAGGTAGATCTGGAACTCGGTAGACGTTCGGCAGTTGCCGGCCGAGCTGTGCTGCATCATTGTCCTGTTCTAGCTCGGATGATAACTGCAGGAAGCGAATGTTAGCACGCAAGTCCCTAGTGAGCCATACGGTAAGCCAAACGACTTGGTTCTGCAATTTAGTGAATTGGGCGATAGACCCCGTCCGCTCCTGTGCATCAGCCATGCTCGTTTAGTCGCGTGATTCTCCGACATTCCGATTTCTGGATTCCGGCGACAAATACTTTACAAAAGGTAGTATTTCAAGGAGGGGCAACCTGCCTCCACCGCAACCTGGTGTGAGAGAATTTCCGTCCTCATACAGCTTCTGTTAAGAGTGTGCAGTGGTGGCGATCTCTCTCCATTCTATAGCACATCCAGCATAGGGTGTCACGAGTTGTCCGCGGAAGTACCGTCACGCTACGTGATACGTATGCGTCCCCGCTAACGCGATTTGACTTTGACGACTTGCCTATCACTTGGACACAGTTAGATGCATCTCTACTACTAATGGCGTATTCGCCTCCTTGCGTCGGGTGCGGACGGACTAAAACTGGAGACCAGGGACTATTCTTATACACCACGATAAGCACGTATCACAGGTGGGTTTGCTGACCAGAATGACGAGCGTCCTCCCAATCACATTGAGCGTTCGAGTGCTCGGACTTCCTATCTAACCGTGAATAATAGGTTGCGATGCTACTACGAGCCCGTCTCATTTCTTTCCAACTTTTGCTGATAGCGTTTACGCGACACCGAGCGTCGGGTGGGGGCTTCTGATCTCGACG,1590,50.94,Caenorhabditis elegans
SEQ_844371,GACTGTTCATGGCAATTGTCAGTTAGGTCCGATCGGTCGATGGCTGCTATCTACGCCCCCATCCGTCAGTAGAGCGCCAGGCTGTGCGTATACGGTCCGACGATACTAATACTTCAGTTTTTTGTTGTGAAGAGGTTGGAGGGCCTTGAAGGTCTGTGATCTTACAGGTCCGGTACGCGTATAGATTGTAATCGAGGGTCATTATGTGTCGTGTTCGTGCGGACGATAATGTTAAACGTGCTGTCTACGGCGAATGCGTACTCTAAATTTACGTGTACAAGGCAAGGGCACTCGTCAAGATATCTATAGCAGAATTGTCGCAAATACAACCCGTCGTTTAACAGACGGACGAATCAGGGTAGTCGGCCGCTCCTCTACCCATCCTGTAGCGCTCCACAAATCCGCTGATTATCGCG,416,49.76,Arabidopsis thaliana
SEQ_504871,CGGTTAGGCCCGTACGCTCGCGGGAGTCCAGATGACCTTCCTAACGACACTCGTTCCAGACATGTATATACTTGACGTAGCTTACTGCAGGTACACCAGGAGTAATTAGGTCGATCTGGTTACAATGGCGAATCCCATAACGAACGGGTCACGGTTGTTATCCTGTAAAGAATTAGACCCTGTCTTCATGATTCGCGTGACTGCATCCGCGACGTACATCATGAAACCGGTTATAACACCTAGTGATACGGGAGAGGGTTAAACCTTTGGTCCGTAGTGTGGCCACGGCGACACGTATTGCTAACATGAGTTAGCACTGATCCAAGTCGTACTCTCTGGATCTCCGCCAGTAAATAGGTGGGTTTACCCATGCGCTGATGGCGTGAAAGCGGTTCGGCGCACACATGCGACTCATAACTCTACTTTCCGGCAAATCACTCTCTACATATTTGTATCTCCCACTTTCAGACCAACTGATTCAGTTGATATAGATAACAAGGACGACTATTACTATTTCGGAGTTAGTTAACTACCGCTGGCTAGCTCTAATTGCGGAAAGAAAACTTAAGCGCCACCACAACGGCTGGTTTACATAGAGGGCTAAATGCCGCCGGGGACCGAGATTTCTTTACCATCGTGAAAGAGGGTGTCTCTGAAACTATGTGACTCATAGACTAGATCTGAATCCCAGGTGTCGCGGGCCGTCCTGGCTGTGGGATGGTTACTTATGGTTTAAGAGTCGGTAACCGGGGTGACGAAGTTAACCAGATTAAATGCATCAACGGATGTGGTGTTACACCTAAATGTAGTTTGCGCGCGCCCCTGTTGGTGTACACAACATATCCATGGTATTGGGGCAATGGAACGCCCTTTTTCACGGGGTTATCGTATTTGCCATCGGACGAGCTTGGTAGATTGGTTTGACGGATGCTTACGCCGCAGAGCTAGGCTCGTGAGGTTGTAATATGACATATTCAGTGGATACTAGAGTCTTTTAGGTGTTGGAACTCTGAAAAGATCGGAGCTTAGGGGGGGCCACCCCGACCGTGTGCGTGGGGAGGAGGACGACTGCGCGACCAAGGGATGGTCCCCCGCACTAACGACGACAAGCGCCTACTAACATTGCAGATCCTGGGTAGCGTGACCTATACCTCACAATCTTACTCAAGTGTCAGCTTTCTGCCCGGGCGATAGACAGGGCGGGCGATGGCCCGTCCGTCGGCTGAGAGGTGTCGACGCACACCTCCCTACCACTTCTACGTTCGACGTGGCTATAATGACCAAGTTCCGAGAGAGTCTCAATACGAGTCGGCTCAGGCATCAAGCTCGGACTAAGGCAAACACGCAGCTCATGACTACGGCTTTGGAGATACCGACCATATCATCTTTACTCATAGGTGTGTAAGCTACTTTCTCAGTAAATTGAGTGGATGGTTGCGGGCTCCACTCAATAGGATCATATTACGACTCGATACAAGAAGTGCTACTTAATGGTCACACGATAGTAAGCTACAAACTCGTACTCTTGTAATCCCGCTGCAGTAAGCAACGGGTACACCTAGAGCATTAGCGGTGTAGGGCTCGTCAAATCAGTTTGTAATGGGTCGCCGGATCCGGTACGGCTGGGGTTGGCCATTTCTGCAAGGCATGTACGGGCTTCTCTCCCGTTTACATGATGCGGTTGCCCGGATCTAGGAACTCCTCGTTATTTGCGTAATACGCTTCGCGATAACACTAAGGAATCGAGGCACTCGAGCCCTCCGACCTGTCTGGTCCT,1777,50.37,Homo sapiens
SEQ_258831,GCAAGAGCGAATTGGGGATGCGTTTTCTTATCGTATAGTCATTTTTCGCATTAAACTATTCGTACTGGCACCATTGTCAGCCGCCGGCAAGTCACTCATGTAGCCTCGACGCATTCGTCCTCGCTATCATGTCACATTCCTTACGGGGTTAAGTGTAGTGTCAGGTCCCCGCCGTTCAAAGAGAGTTGCGTCAGGGAATATAGCGATGTCCGTCGGAGTCCTAGTTGTTGTACATATCCCCCCTTCCTAGGCGACTTTACTATATACTACGAAATCACTCACAGCATTTTACAGGGTAACTAAATGAGGGGTCTTACTGAGGATCGACTAGTATCTTCGTTCACTGCAGCAGCAGATTTTAATACGGACGACTGGTACTTGTCCGACAGGCTTATTGACTCCAAGGTGCTTGACTTGCCTATCTCGATGAGGAGGCACATACCTCAGAGAGTATCCCATTCACATGTTCACGACTAGTTGGTTACATCGCAACGATCACGTAAGCGGTCTCTGAGTATGCCTTTTTGCCTTCAATTACCTCTGCCCCGGGGTCCTGAACCGGCAACTAGTTGTGAACCGAAATCATAGTGCAGCAAGAGTGTGTGTACACTGTATACGCAGATTTACAGAGAACCCAACGAGCTAATTAGGATTCGCCGCAGAAGTATGGAGACCTAATACAGATATAAATTCTCTAGCGCCAGGAGTTTTAGTAGGTGACCTCGTAAGGTGGTGAATCGGATGGCCCTCCAAATGCGCCTAAATAACAGAGCATCCGCTGCACCTCCCGGAACCCCATATTCACGTCCAGGTTATGCCAATCGGCGCATGTCGGACTCTTGGTCAAAACCACCAAAATCATACGGAATAGGGTAGTGATAAATACATACCGCACGGAGAATCGCTGCGAGAGTTCTCAGCGTGAGCTTTGTCTGTAATATAACGCCCTAACTCTTTACGTACTCGAAGGGCTCCTTTACTGAGCCTCACCGGACGCGGATGTCCAATGTTCAAAGATTTCATGCGGAACATAGCATCTTTAATTGCTCGTTCAAAATTGGGCCTTATTCGATTCTGGAAGGAACTGGTCACTAGCCCAAAAAAAGGGCAGGTTTAATGCTCGTTAGCAAAAGTTACACTCAGGGCATGAGTTTACGCATGATACGAAAAGTCGAAAGATAAGATACGTACTTCC,1195,46.95,Mus musculus
SEQ_376208,GAACTTTTGTTCCCGGCGATAACCTTGATTAAGAGAGTTTTGCGACCAGGCCAGGTAGCTCCTACGTCCATATTCGCCGGGGGGCAAGAAACGGTTGGCTTCCTCATCCTCTGAAAGCCAAGTATCGTAGAATAAGTTTCTTGATTGCTCCGAGTATGTAGCTCGTTATTCATGTGTAAACCCATTAAGCGTAGTACATCAGTGGCTTTAGTTGAACCATGGATTCTGAGGGTGAGGCCGTGGCGATAAAAATCCAGAGTAAAAGCTGGTTGGCGCACCGAACCACTGTGGCGGTTACCCCTAAAACCATTTCTCCGCAGGTAAGTACGCGCAAGATCCTCAGACGATTGTAACGGCTCACGTGAGGTTTACAAGAGGCCCCTGTCATCACTAAGCACGTTAGCGTTGACAGTAATCTTTTTGGGGGTTTGGGCTAGGTCTATCCAAGGGACAACCTAAAGTCTTGGCGTTACTCATGGCTGCGGTACGGAACGTTCCCGCACACGGCTGGTTCCCAGGGTCATTAGCGAGACTCCCGATCCTAGCCGCTGTGGTTATGTCGTCGGGTGTATCCGAATAGGGTGCCGCATATCTTCCAGTGCGTGCTCAGCCATAGATGCGCTTCGTCAGCCGACTCACGCTTCATGTTACCGTAGTCGGCATGAGGCGAAGTAGTGGGGTCCCAAGGCATTGCTATCGGCACAGTTCAAAAAGTTGGCGGCGTATTTCCCTCCAGATACGAGGAACGCGTCACTAGCCACTGCTTGAGGTGGTCAATCATCATGCGCCCTTTAGCTGGAAGTTTCTATCGGGGCCAGTGTTATTGCCTCTCATGCTGGCCTAGGAGGTCGCCCGCCCACATATAGTATGGAGAGACTCTCGTCAACAGAGTGTACTAATCCCTTGTGGGTCTGGGATGGTTAGCCGGATGAATGGGTCGACGTACCGCACCGGTTCAGGAAACATGACGCTGCCTTGTCGACCTGCGCAGTTTGAATCAGCCTTAGGCACGGGTGAAGCAAACATAATGCGGGTGACTCTGTGGCTACGCGTTCCGTTCGGAGTGGTACCTGTTGTGGAACCATGGTATGTTGCCGAGGGGAACCAGCGTCACTTTACCTACCTAGCTGCCTTAAACGTTAATCTACGTCAAATGTTTCAGTGGGCTTACCAAGCTCGAGTCTTTTATTTTCCACCCCGAGCATGCTCGACAAGATGTCTGTGTACGCAAGAATATTGCCAGCTAGCAATAGATTATCTGTACTGTAATCCTGCCCCCATCTAGTAATTTGTAGTCAAGCCGATTAGGGTTGTCTGCTGGATGCTAGGGCGTACTGGTCCTATGATTTTAACTGACTCTTATGATTGACCGCATCACTCTCCTTACCGCGGTCATAATGATCTCACCAATCTGGTTTCTTGAGAAAATCCTTAAGCTTGTTACTACACCTGCCTATAAACTGATTGACGAATTGAAGTGTATGAGCAATTTGACAGGAAAATTCTCGGCGGGCCCACATAATCTTCTGGCCATGCTCCCTGTGCGTATCCCGTGCACCCTGACCCGAGCTGGTGAGATGCTTATGACCAGCAACGAGCGCGTAGACTGAACCCTTGAAGCACCAGGCTGGTCCCCCGATGGGTCTCCAGCTGAATG,1657,50.94,Mus musculus
SEQ_699916,AGCACTAACATGAATTTCTTCGCATGCCGGTCCGTGCAATAACCGTGCACATTGTCGATGACTGATGTTGATTAGTTGGGGTATCTGTCCATCGCCTCGTAGCTAGCGACTTGACTCGGTGCAGTCAATTGATGATGCAACATGCCTAGGCACCCGTGCGGGATCTCGGTTCTGTAGGAGTTACTGGCTGTGAGCGGTGGTGTTAACAGTTACCACATGCCCTTAGTGCGGCCAGCTGGGCCAATAGGGATCTCACCACTGAGTTGGAAGCGCTGTCAAAGGTTACGCGGCGAGGCACTCACGCGTTCGTAGTCATCCCCCCGAGTGGTAGCCAGTTTCTGTTTTAGTCGACATGAAACCGCCTTGGAGACAAAGGTAGCCGTGCTGGGAGCC,393,53.94,Mus musculus
SEQ_479556,GGTCAATCATCGCGAAATGCCTAGCCAACATGTTTTCTATTCTATCAAAACCTCGTCTCTCAAGGATTTGACACCCCTCTACCACGCCTTGACGAGGGCTAGGATTCAGCGCCCCACTTTCACCGATGATATTATGACAAGGCGAGAAGGCTATGTAGAATCGTACTGCCACATAGGACCGCGTTCCCGTTCTCGAAACCGCGCGAGCTGTGTGATTCTTACTACAGTTAGGACTGATCAATCCTTGAATCCTCGAGGACAACATCAAGAGATCGGTTTGCATCGCCAGACAAGCAGATCCACGTCTGTCAGTTCAGATTTAGGACGGGGTCGCGATTGTGTGCGTACTGAAATCCGGTTACGATACGCTGGCAAGAGCGAGGATTGGTCCAGCTGGCACAGCGATACCAGAGTTGTTTTCC,422,50.24,Saccharomyces cerevisiae
SEQ_836549,GGATTTCGTCCCCTGAAACTACTCGATCTTAATGGTAGAACTTGGCGTCTCTACCGGCTGAGACGAATCCGCCAGCCACCCAAGCCATACTGCAATATCGTGATAGAGTCTGTGATGGAAACCAATTCTCGCCTACTGCATCCTCTTTTTACCGAAGTTTGACATGTTATCTCGGTTCTGATTAACGCTCCCTCCCCAATCTACAGCTTTGTCATAACTTATACCCTATTCATCCTGTAGGGACGCGACTCAAAGAATGCAAGCTAAGATACCTTTAGATAGACAAACTAGGTCTGGGTCGTTCCCTACCAAAATACATGGCAGGGCTCGTTAGAGCCAGGTAAACGACTTCAACTCTGAGTTTCACCATGCGAACGTTATCGGGCGCAAGTACTTCTACCAATCTTAGACTATAAGAGGACGCCGCACGGACCAAGCCCATGCGCATGGGAGGACAAAAGACTAGCATCGGGTCGGGGTCTACCTAAAATCCGGCAGGCCAGTGCCTAATCATCGTACTCAAATAGATCGCGAGGAGAAACGTAACTCTCATCAAGGTTACTGTGACCTACTGACAATAGCGATCGTTAGTACAATTTCCCCTCAAGGAACTATCACACGCGAGGGTTCTAGTGGAAGTAAAGATTTGACCCCTATCCGACTTGATTGATTTCTCGCTGAAGCGACTTCGGGCCAATTAAGACCCCCACCGCAGCGGTGCATATTACACGCTCTCTACTGGCTCGGATTGCACAGTACACCCGACAATATAGATGCGACGGCACCGACGCGAGGTATCTAAGTCACATCTCTTCCTTACTGTCACAAAGAATTAATCAACTGGCAACTTCATCTTTCGAAACATCCCGAGGCGCACATAAAGGAATTGGCCACTGGTTTCTTAATCTTCCGCTTCACCTCGACTTATGTCAGAAAGCATTAGGAGAGGCTTTTGACTAAGTTTCGTTCAAGCTGGTCGGAAGGCGATATCTATCGTC,998,47.7,Caenorhabditis elegans
SEQ_893729,GGTTTTACGGGCCGAGAATCGCAGAACGGACTTATATCATAGGTAGCGTCACAGCAGCCGTCGAACCAAACTTAGTGATAGGGGATATAAATTTAGCATGCTACTTTCATGTGTCTATTCGAGCCGCCCGGGCTGGTAGTCTACCGATTGGGTATCGAAGCTTCCAGCGTCATCTACGGTTGAGCCAACACCGCGGTGGTTGTATGGTGTACAAAATTCCCGGAATAGAGTATAGATCAGAGAGAGAAGCTGGCGCTGGCGACTCGCTCCCGTAAAGGGAAGTTCAAACATTTACGTCGCCCCTCACCGTTGTTCGTACCGGCGGGGGAGTAAGGAAACTGGAACGGCGACCTCACAACCGAATCCCCTATCAGCCTAATGTACCTAAGCTACCGACCACCAAGGACTTGTTGTACATCAGTACCCGCGCACAACGACTTGGGGTAGCCATCTCCATTCTTTCCGATTTATCTCTGCTGCAAACTTCG,488,51.23,Arabidopsis thaliana
SEQ_581421,GACCGCTAGAGTACATGCTCGCCCAATGTGGCCATTAGCGATAAGACCAAATCCGTACTCACTTCCGCTCATACCATACGGGAGTGGACGCCCCAGGCATGTCGTATGGCAAATTCGAAACGGACTTCATGCGCCTCACACGCACCTCCTCGTAGTGACGGCACGTGGTATACTTTACACTCGCCTGCGAGTCAATTAGAAGTTAGTACACGGAAGCAGATTCTATTGAGTACTAGGCTCGTACGATCTAGTTACGAGGTTATACAGCGCCTCGACCCGGAGGCACATCACGAAGTTCAAACGTACCCGCCTTCTAGAACCATAGCTCAGTTATTAGACACACATACTGCCCTCTGATACGGAAAGGACTGCAACAGACATACCAACAGCGCGGGTCCGTCCCGTTTGTTGTCGAGGAAAACCCAGCATCGGACCGTTACAGTCCGTACAGTCAAGTGGCTATCTGTGTATTCTCGAATACCCGCGCGCGTTAACAACGCCTCCCCGAAGACCACTTCCTTAAACGGACGAGTGTGAAGTTGTATGGTGGGATCTCCGAGCCGCCACGCTTGAACGCAAGACCTTTGATGCGGTCGGTCGTCAGTTGTAACGGCGATTACCTGATTAACTAATTCACGTCCCCATCTCTGGGCCCGAAAGAGTTAAGAACCCAGAATCGGATCTTCTCTGACACCTGGAAACGTGAGATAGGGCATGTAGAGAACGCGCCCCATCAGGAGTCTCCCGCTTATCCATATAGAGATAAGTAATCGAGGGGGTGGGGAATCCCGACCCGTATTTCCATACAATCCTGGACCCCAACCATGGCTGGGCTCCGGGGCCGCAAGCACAGGTAGCCACAACCCTTCTAGCTCTGCCGTACCCGCTAGTATTCCTACCCGAACTGGTGCTTCATCGAACGACCCTGAGGTACGGTCTGGTGACGCCGTTATGCGGTCTCGGGTATTGGACCGACATTCGAATGTACGTAGGAGTCATTTTAGTACCGGGCAACGTAGGGGCGCAACGTCTTAGTTGTGAATTCTCATTCCCTCCGGTTCGCCAACGACATAGCGGGTCCTTAACTTTGAGAAGACGTGTTTAAAGTACAGGGCAAGGTAAAATTGTGGCCAACATGAGAAAGCTATTATGGGCTACACTGTAAGCAGGATCCTAACCTATCCTTATATCGCCCCGATAAATCCCCGTTCCTATGACGACAATACCAAGAACCTGGTATCCATTCTGGATCGCCATAGCCATGAGAGGCCACGTCCAGAGCACGTGGTGGGTAACCTATTTCAAGGTACCTTTAGACGGAACACTAGTTGGGCTGCTTGTATAGTAATTCGTTTGGCGCGTTGCGCCCTTAATTTTCGGTTGATGTATATCCTTTGTGCAGAGTGCCTGAGGGGTGCCGCGCGGGCGTCGTGTTAGCTTACGCGGTAGCATGGACCGAAGCCGACATCATTAGTCGGCAAGCCGAAGAGCGCGGCACATTATCGCGCAAATTAATGCAGACTCACCAAACCATAACAGGGATGTGCAAATATACTTCCGTTCG,1564,51.79,Caenorhabditis elegans
SEQ_362663,TCTCGCCCTGGTAGAACCAAAACATCCCCATAGCAGCTTGCCGTCCCTACATTACAGTTGGATTACACTCGCATCCACACCGATTTTGTCAGTTTCAAGCATGCGAATTCATAAACTGGAACATCAGCGTATGAATTGGGGACGCGAGGGAGCCATGTTAAATGGAGTCGCCGTCCCGGCGGTACAAGTGAGCTGGAAACGTCGCGACGCGGTAATCAGAATGTCGCTAGGTTGAGCCAATATTCAGCACAGATCTGTAACTTCAGCCGCCCCTCTTATACCAGGCGGATCAGCTACGGTGGCAGAATATGGGACTCGACTCCACTAAGGAGGTACAATAGTTTCCAATTTAGTTCGTAGTATAAAGCACCATGTCAGACCACGACTCGCTGTTGGTGTGATCGCCCTGTAGCATTTGCAAGGTCGTTATTAAACGTTATATAATGCATTTCATTCTACCCGATGAAGTGACACCGCAAACAGACAGGGCCCTTCCCGATGACGGTCGATCCGATTTGGTCGGCCCTGTTTCACGCCTTTATGTAGTCTGCGACTGAGCGACACTAAGAACCTTTCCTTCGGATCCGAAGAGTGTGACTAAGTTGAACTGGGATCGACGTTCAACATTCCTACCAATCGGCCACCGTCCTCGGCAGTATCGACAATACGCAGCCTGGTAACATCTAATCATCTTCGAAGAGTCCTGCTATGTAGTTAGGACCTAAAGGTGTCTCACGATAAAGTGTGATGCAAGTTTAGACTAAATAGCAGTATAGTGACGTCTCTTTTTATTTAGAAAGATTGTAGGCAAGGGACGTCTCTAGTCTCAGCAGAATCTGAAATCGACTGCCTTCGGCTAAGCAACACACTGGTATAATGGTGTCAGCTCGCCGGTTTCAGGCGCTCGATTCCTCGATAAGTCTGAATCAACCGTTTAACCGTTGTAGATGAGCGAGTCGCGTGCTCCGATATGGGTATATGCCGAGCTAACGCGCCGAGAGGGTGACAGTCAGTGTGCAGTTGGACCATGATATAACCCTGAAATAGGTTCAGCAATCTAGCGGGTTGACCAATGTCGTCTCTATGCCCCAGATTGACTTGGGCGAGAGGCTCCGGGTTAGTACAGCCAAGAATGCCCCCGTAGTACTCTTTAGAGACGAGTTGTATCGTACCGGACAAGGGACCTTTATATGTAGGCCGTCCGTTGGACCGACGGGC,1218,49.34,Drosophila melanogaster
SEQ_454468,GCTAGATGCGTACAGTCCGAAATTATTCGTCGGGTCTAGTCTACTGGGTTTATTTTACTATCAATTCCGGCCGCACATAAGCAATTGGGATGAATATAATGGGCGTTCTCCAGAATTTTAGGCCGCCGGGTCAGCGGCCTCGCGTGGATCATAGTACCATGACCTTAAGGAAACGGACATTGAAGGTGGAACTATCTCCGGATAATTTCTTCGCACCTGCGACAAAAAAACGGCTCGATTCGGTTTAACTGTGTCATCACCGACGAGCGACTCCATTCTAAGGGAGAACCATTGCGTAAGTACTCACGCCCTAAAGGTCCCTCTCGACCTTTGGAACTGCAGATACGTTCCACTGTGATACACTTAGTAGCGCTGCGAACCTGACACGACAACGAGAGCGTCGTGCTCATACACATAACGTCCTACTAAAGTCCGCTGGGCGTGGTTCGCACCACATGTTCCTCAGGCTGATTTAGATCCACTATATTCGTCAAGTCCCGGGTGATCCCTATCGCTAGCGACACTAACTAATACAGCGAATGCGGCTTCGAACATCCATACCTCGCAGGCAATCTCTAGTGCTAACTTAGGATATGTGCATAGTCGATTGATGGCCTGTGGTGGTATCGTATTTGGAAGTGCGGCCGTGAGACAGAGATACGACACATCCACTCGGTGCGTGTACAAGGTTCAGTCGGCGGTACCTATATTAACCAACACTCAAAACCAACCCGATCGGTCAGTTGTGTACATTTGGACGACCTCGTGAGCGCGGAAAGGTCTGGTCTTACTAATAATACGGTACGATACGAACAAAGGTAGTACCTGTGATAGACTTGCAGAATCTGCACGCCTGCGGTACCCGTAGACCAGGTTAGCGGGTTACTTACCAAGTTATGAGCTTCCCGCGCGGTTACTCTGGGTGGCTGGTCGGACGTATGTATTCTGACGCTGCAAAGGTACGGCAGCCGGCCTTGTCAACAGGATTTTACGCCTCGAACAGCGGGGCAAAAACGGCTTGACTCAACCGCTCACGTGCGAGCCCTGAAGATGTCTGGAAAATGCG,1066,50.47,Homo sapiens
SEQ_335167,TTTTTGATCAGAGCGCTGATGATTACGTGCTTTTTACCTCGGCTTGCATACGTAACTACTCGAACGGTCTTGCGCATTGAATTGGAGGGTTGCACTTCAGTGCTTCATCATACGTACGTCTGAGCTCACATCACCGTTCAACCCAAATAAGCTACTTATGATGGGGTATGTTGATTATAACGGGCGGGCTAGGTAACCGAGTGGGTGCGAGCGTGTCATATCGGGTGCATAAATGGAGACGCATGTCTTATCAGCCCGAACGTCTCCTAGGCTATCCCTCGTTGGTCATTCATTGATAATCTAGGCCCACATCGGTTGTGGTCCCAAACCGACTATTTGGTAGAAATAGTATCACGTGTAAAGAGGAAGGCACAATTGAGCGATACGGGCTTCGTCTAGTTAGAGGCTGGGCGGGCACCACATAGCAGGCCAACTGCCAGGACCGCATTACCTGCTAGTGAAAGGTGACAATTACCAATGAGGGCATGCGGACAAGGACAAGCAAATTCTCCACTTCTTCTATTATCACTTTCCGGCAACTATAATGTTATGGCTAGCGGTGATCATGAAAATAACGAGGTCGTACAGCGCTCCCTTGATTAAACGCCGGTGGTAGCCCAATTTACTGCTAGGACCATTCTATGGAGAGGGTGCAGGAGCATCTGCAAACAACTGTATCTCTTTAGGCACTCCTCGTACAGGCCTCTCGACTCAGTAGGAGCATAGTATACTGTTAAT,738,47.97,Caenorhabditis elegans
SEQ_614415,TTCCGGTTCTTCACACCGATCATCTTATCTAGAATTCGTAGTCCAGTTGAAAGCCCTTCTACGATTCGGTGCGGTACCCATCTTCAGAGAATATTTCTCTCTTACGCTACCTCCTTCGCGCATCTTCCCCGTAATACGCACTTGTGATTGCCCTTAGGGTTAGGAGCCCCTGATCCGTCTCGACAGACCGTGCGTGCCGGTGAGCGATTATGGACCGAGTAAACGAGGATTAGTCATGTGCAGCACGGAATGTCTTAGGTTGGTCGCGGACCCCACAGTTGTGGACTCACTCCGGTGCAGTGGTTATGGGCACTCATAGTTTTATAGTGGGACTATTTTATGGTACCGATGTCTTGCTACAACTTGTGGACCGAGTGTCAAAAAACGGAGTGTTGTACGACTCGTGTCATAATCTTTCGCAGGGTGCCAGTACCTCGTCGCCCCGGATACAGTGGTGCCCGCCCTCCCTTCGCAGAACGACACCTACGTGTTCCTTGTGCATTAGGGAGTTGCCAGCACCGATTACGTCTTTAAGCTCAGAAGCCTCCATTAGAACTCCAGATGAAACTTGTCATTCACTTAACCTGAATCGCTAACTGTCGTGAGGAGGCTAGTAAATTGCATGTTAGAACCCATTATGGACAAGGTAGCGACTCGGCCTTCAACGTCACCTCTTACCACGTACGCTCAAGGGGTTATGAAAACAGCTGATCCGAACCAACCCTTGCCCGTTTCAAGTCATTTCCTCAATGTCACTTCGTAGATGAAGATTTTACTTATAGTCCGATGCTTCGCCGTCGGTCCAAAAAGGTGTCTATCGAGTATGCATGAGGCGTGAGGAGCCACATTAATTCGTTTGATTCGATGCGTGTCTCACAAGGGGCGCGAATACTCGATGCTGGCGAGTCCCACACGCGCTGGCAAAGGGCTCGCTTATAGGTGCTCCGTCCAACCTGCACGCAGGGTGGGCGTGCAATGTGGATTGGCCTACAGTTGTATTATATTTAGATTGAGATCCCAGGACTACGCTAAGTCCGTGGCCTCTAGTTATGACTTGAACCTAGTCAGCAGTTGCATATGACTCGAAATTACATTCCGTGGAGAAGCCCGACGATCTAGTCGTATCGTGTACATTGGTTTTGCGATCGACAGAAACATTGAGAGTGCGAAAACTGCCTTGTTTTGCGCCTCAGGTGTAAGTCCTGCACGGACTATATGAGCGTTTTTACTTCGTGCAATTAAATAAAACTAGGCTCAAGAAGGTACCAAGGGCCGTCTCCTTTGGTAAGGCGGGAGAGGGACGCCTAACCTCGCATCCTCTACAAAGACGGCACTGGCCTAGAAAAAGATGTTTGTCCCCCGCCCCTCT,1369,49.89,Homo sapiens
SEQ_166787,GTGATGTGTGACCCCATTCCACTCGAAGGGGATGGAGCGCTCTGCTTCATTTCCGAGTGCGCAGCTTAAACGACGTGAGACTTAGGTGTTTCAGGTTTCTGTTTTCCTAATCCGGCATGTGGGCTTCGGCGGATTACAAGTCTTGGGGGTAACGTACTTGTACTATTTTAGCGCAATAAGCTGTGTCGGATGACCTGGAGGCTGCCCGCGCATTCATCTTATCTTAACGGATCGCCTGACTTCTGATCCGGTAGATTGTCGTTCTAAGGCTCTCGGGCGGCAGTTGACATTCAGCCCACAACCTCTCGCAGCTACGCATTACGCAATCATACTCGTCTCTCTGGAGCAGTTAATCCCGGAGCTCTTATGAAGTTTCCCCACGTGCAACCAGGATCTCACGTGCTGGCCACAGAGATCCGTTGCTCGCAAAGTACTTGGGAGAAGGAATTTTTGTTCGTAGTACGGCGTACCAGATACTCTGTTTCCCGGCTCCAAAGCCTTGCGTTTGAGCAGGTCTACTGGTGCACCATGCAAGTGCCCGGCTACCGTGGAGGAAGACAGTGAACCTATGGGCGCGAGACCATGGTTTATCCTCGGGGCTCGGAGCGGGTCGCTAATGGGACAACGAGCTATTTGTAAGCCCATGCTCAAGTTACCTTGTGCGGGAGTACCAATCAGACTAGAGGTTAGACTCTAGGTGTATTTGAAAGGTATACCCAAGCAGCATGTAGGTCCTGTGTCTATTGAATTTAAGTATACGGGAGAGAGACTGAGAGGCAATCATTTTGTAAGTGCGTTCTCTTTGCTAACTATGGGGGTCTCTTATCCTAGTCCTCTAACACATTGGTCCAGGGAAAGAACCTTGCCTAACAGTGCGGTTCACATAGGCTCTTGGTTAAACAGCGAGTGTGGGTGATTGGCTTCTCAGTAACTCACGCTCAGTCGCACTGTGGACCTTCAGGACAGTGACGATACCTTGCAAGATAGTTTATTCTGAATGGACGGCAGTAGCAAACGCACGTGTGCTCTAGAAATATGACAGAAATAAAAGCTTGTGCGTGTCATTGCGTCAGCGCACTCCGATGTACGCGTCATGATAACCCGCCGCTCACATATCAAACGTACGTTCCTGTTACTATACGAGATTAACACA,1153,49.87,Arabidopsis thaliana
SEQ_705746,AAAGCCTGCGAAGAAGCGCTCGAACATATTGTTTGACGCCACATCATCTATGGCGGAAAGCCACTATGCATCAGTGGCTTGTCCTCCTCCGTAACCTAACTGGGTGGACACACCGCAACATCGTACTGACCGCGAACTTTTGCTTCATCTAAATGGTGTTGGCGATAGGCGCAAGACATTTTACGGTCCGCGCCATTTATGAGGATACTATGCTGTGTAACGACAATCGAACATTCAGGCTGCGTACTGACCACACCACTGTGGACGCACCCAAACGCAGGAATTTAATCTCCCTCAATCCACCTCACACGCACATCGGCTGTGAGGTGTCCAAGGCGGTCTACATGTCAGGACTCAATGCCTTTTTAGGTGAAATGAGTTAGCATGTACCTACCCTCCGGGAACGGAAGTAGATCGATCACACTGTGAACCGATGCTACAGTAGCTCCCGGCT,454,50.66,Escherichia coli
SEQ_111334,TCCTCCATGGGCCACAAACTCTAAATCACGTCCTCGAAAACAAGGATATGTCTCTCATGTTCTGCGGAGGTCGCATTATAAGGTCATTCGCGGCCGGGTCCGGTTAAAAAACTTTTGGCGCTACCGTCTGAACTCATTTAGTAGTTTTCGACTAAAGTCATCTTGAACAAATCCTGATACGGTATAGCTAAAATGTATTCCGGAGGACTAGATAGGCACAATGCCCAAGTAACGTGTACGACAACGACTGATACCGTTGAGCCAAGCCAGGGCAGGGCTTGCCGTGAAACGGTAAACGAACGCGTACGCATTCGCCCACCTTTTGAATAAAGTATCCGTTTTGCCGTCGCGCCCACGGCTCAGGAGCCCTTTCAAGACATGGCGGGCAGTCTTACTGTCGTAAAGTCTCGAGTTAAGGACTTAGCCGAGGATGTACTGTGGGGCATCAAGCATAGTTCCGGACCTCCATGGTTGGGTCTGATGCCCTGTTGTTCAAGACTAAGTTTCAGAGTTGCCAGTCCCCGGAGGAACTTAGTGCCCGTAGATCTGCTATCTATGCCTCTGGTGTATAAGAGCAGAAGACGTCATAAGCCTGGGGTTGGGTCATTACCTGTGTTTTTTTCAGCGGTCGACAGAGATAGGGCCGCGGCACTGTTTCGAATGGAGTGCGTAAAGTCCTCGAGAAATTCCACAGCCCAGCGGGAACGGTCAAATCGGCTACAATTGATAGGAGCACGAACATCAAGCGGGCAGATCCGCTCACATGGGTACTAGTTGAGCAGAGATGAATGCCACTGGAGAAGGCGCTGAGCTAAGGGTCAACCCGATGTAGGCATTGCTCTACATCAATCTGACACCTATGCTCTACGTCTAGTAATGCTTGCAGCTCTTCCCGTCGCAAATTGTTGAATCACCAAACGGGTAATGTGGTTGTGATAAGCCTTAATGCGTGGTCCTAGGCGGTCCGTAGCG,972,50.31,Saccharomyces cerevisiae
SEQ_674937,TCCCCTGCGGGGCAGAGGGCAGTAAATTCCAAGAGTCAGCGATTCCGGGCACACAAGATGCACGTGGCTGACACGTGGGGTGGTGATACCGTAACGCCAATCCTGCCTCGCTAGTCCATGATCGCGTTTATTGTCCCCCATGAACTCCACGCGATCGTTCTGCTGGATTTTTTACCCCTAAATGTTTGGTTTCTACGCCTAGTTTTCTCAAAGGTCATGCGGGGGTGTTGGACTAAGTTAGGTCTGACAATATATTCGGGGGGCAATCTATCACCTCGCCGTGGAAATCATCATTTTGAACAGCCTCTCACAGTGAACGGGCGCGAGCGATCATTCAACCAGGGGCAGCTGAAGGTCTCAAGCAGTAAGCGTAGGTTCCGATCCGCTCAGAACCACTCAGCACCCAACAATGGTTTAGACAAACTACAGCCTAACCAGAACCTCCTAATATTCGCCGTACTCCCGCACGTGGCAGCCCCGAGCTTCCGAGATCTCTCCGTGTTTCTATTTCAAGTCTACAGCAACCCGGTTACTGCGAGTTTAATACATGGGAAATAACTTCGGAGATTAACCCCTACATATATCAACGTTCCCAAGAAATGCTAGAATGAAGCCGGTTAAACTCCACAGATTAAGATATACCGAGAGACACCACATGAGCTTTAGCCAGCCTCGCTGAACGAGATTGGAGACTGCGTGTACAGTGCACGTTCATGGAGAGCGCTACGCCACAGGGGGATATTCAGCCCTAGATCGGTGAGCGAACGTCTGAAGCTGTGAGCTGCCCAGCATGTGCTGTATCCATGGAGACTAGTGCGCGTCTAGCGTCAGTCATTAGCGTAGAAACTTCCGGTCACCCACGCCCC,866,51.62,Drosophila melanogaster
SEQ_779887,GTGCTCCGGCGCATGGAATGACACGAGTCTTCTACTGTCAAATGTATAGACATCAGACATACAGTAGAATAAATGCCAAAGAACTCAGAACCGAGGCTCGCCTAAGAGCACCAATTGGCCGTGAGGAGGGCCACTCGCGGCATTACGACGTTCACTGCTTAGTCCAAATGCAATTGGTTCATCCAATAGGTCCAGAACCATTTAGATGGATCAACGCATTCTGTAATGCTAGGAATGAGTATTGCAGGGGGCAAGGTCGATCCAATGTTCCATGATAGCTCACTCCCCTTCACAGTCTGCTACTCACACCATCACTAGCTTAGGTTTATTTACCCATTCCCCTGGCATGAATAATCCTCGACACTAAACTTTCCTGATCCTCACGGGACTTACCCGCCTCCATATACGACCGAGAGGGATTCGCCAGGTGGATGATGATCTCGAGGTGTTCTGCGCCACGTCTTCCAGGGATGCCATAGCAGTGTCCTTCTCGTTCAGCGAAAAGGAATATGAGGAAGCCATGGAACCAACAGGTTCAGGTTATTGTAAACTGCGAGCATAAAGGCTGAGATCTGACCGATGAGGGTCACGGGATGAAGTACTGGGTGTTTGATAGTGCAGTTTTATGCCACACACGTGCGCCCGTTTCAAATTCCTGTTGGGTTTATTCAGAGGAGGCTAGACTTAATAAAACCGTGGGGCTTTACGAGCGAAGAACGGCTGACCAATGTATAGATCCGACTAAGCGTGGAGTGTTATAACCGACTGTTGTAAAGCGATGCAAATAAGGTATCCGATGCAGATCTGCAAGTGTCCACGTTACGGGCCAAGCTACCCTCAGCATTCCGACGCACCTAAAAAGCGAGCCGCGTCACGGAGTACCTCTGGGGGAGCCGTGCCTCATCTTCATCCTTTAATACGAATGTTAGGGCGGGTCGCTTACCACATGTCACAGACTAAATGATCAAGGTTGCCAGGGACCGTTGAGGATGGGTAGGTATGCGACCGCACTAGACTAC,1019,49.56,Mus musculus
SEQ_662105,GGGATCCCCACTGCCATTTTTAAGTCTTCTCGCTTGCTTGCTCCTACGTTAGGTAATGGTCTGAGGGTATCATAGGCGCGGGTTCCAACAAGATTTCTACTCGATAACAATAGCAATGAGTCCATCAGTAATCGTATGGTCGACATGCGCGTGTCGAGAACTCGGGACACGGCCTCCAGGATTATGTTCAGATGGTTAACCCTCAGAGGGACCATAGTCCATTGACCCATAAGCCATAGATAAATTATGCGTGCAATGCTGGTTAACCATTTCGAGGGGTGAAGCCTTGGGGATTCATTGCTGCAAATCCCTCGTAAGGCGGACGTTCTGGTATCCATCCCGTCCTCTGGTGTTATATTAGGATGTGTTAAGAAGGGGCGTAGGTCTCCGTGACACGCAGTGGCCGCCACATTTCCCACCTTTAGACACCATCGCCAGATTTCTACCGTTAGTCGGTGATTTTCGGCCTGTGCATTATGACCGGGGTGTGTAATAAGCTTCCCCGATGCCAGCTGGTTTCTCATGACTACCTCGAAGGCGACCCATAAAGGTCCTAACAACGCCTGCGTTTCCTGTTGGACCGTAGTACATCGCCATGTGACTGTCGCATCCCCCACTTAACACCCGACTAGTCCTTGTACCCTCCCCGTTTGACTTTCGACGCGGGTTTGCACGGGACGGTTCTTATTAGGGGGAGGCTTCTGCGGTTTGGAGAAGTCGCCCAAATTTCGCACGATGCGCTTCTTATTTATGGTGAGGGAGGCCACCATGCTGTAGACGTGTCAAATGCATGGGTAGAGTTTTATTCTGCCCCTCGATAGTAACTCAGCATGCGGCTCATAGTGCTCGGGAGGCTCACTTTTACCTCTGGCTATAGTGGCTGTAATATCCCCCTCTTGTCCACGTGCTCACAGATTCTCAGAACTTGAGCTTCGGAACGGAGGGATTGTGGTCAAGGAGAGGGGTGGGCCCGACGAAGGCGTATTACGAACGCTCAACCAAGAGCTAACCGCCTCGCGCAGCGAGCTCCTTACGCATGCCTCGTCCCCCGGGAATCGGATGACGTTGCCCTTCTTCTTAAAAACCAATTGTATATGGGTCGATGGTTATTGCCCGCCCCACATAACACCTATTCCATGGTCGGCCGCTCAAACAGTCCTTGAGAAGTCGTGTCTCACGGAAAACGATTGCCTCCCCCTGTCCTTCATTTAGATCCCAAGGCTCCACAAACTAAAGAGACGAAGTGACGAAGTTTCGAAAACCGCAATAGCGCTGTTCCACTCGGCGCCCGTCTAGATGGACAAGCGACTACGCAGCTAAGATGTAGAACTTAGAAATGAGTTGCATATCATGTCTTCTGTGAGAAGGGGTGGAGATGGCCGATCAATTCAACAAGCCCCAGACTTCCTAAGAACGTAGACATCGATTGCCTATTTTATGAGCTTATGTCGTGGACACCACGCGCATCTTCTACCGATACGGACGGACGGGGTGCGCCCGGATATGGAGTCGCTCCCCTGGTTGCGGTTCAATTTAGTTTACAGATATGAGCTAGGGAGTAAAATCGATTTAGAAGCTAGATATGTCCCTGCGTCAGTACCCCAGTGCGTCCCCGAGCGTCAGCCACGTATAGTAATGAAAATGCGAAGTTTGAACGTTCACCACATGCCGGGCCGCCCAGAAACTTCGAGTCGATGTTAGCGCTCCACTGTTCATTTGACGGTAATAGTTTCAGACACGAATAAGGCTTCCCAGAAAGTCTAGTAAAGCGTTTTTCACAACACACACACGGATGTTACCCAATGTCGGCGAGCCGATCTAAGCCAGTT,1829,50.96,Mus musculus
SEQ_605314,AATAGAAGTAGTTGCCCCTGATCCTATTGTGGGTAGCATAGATTTGAATAATAATAATTGCCCACTACCCCATTGAGACGCGGAGGCAACTTCCGTTTGCCGAGCATTAATCAACCGCCGACAATCTGCCGGTCAATGGCAAGGACCATAGATAGACTAGCGCGGAATCGATGTCGTGTGTGGACTTCCGGCAAACGACGACTGTGCGTCATCTGTCAGCGGGAAGCGCACACCGTAAGTAACAGACCCTCACCAGATTCGCACAGTAGCTCCTTGCGTAAGACTCACAGCAGCCAGACGAAAGGATCTGACGACCCATGGGGCCTGTGCATATGACCTACAACAGGTTCCGTTGGGCCGCCGGGAGGGTCGGCTAAAGAGCGTAGCCTCTTTAGTCCGTCACTGGCCGAGGGGGGAATGTCATACCACCGAACCTGCGTCCCTAACCGAAGTGGTTAATTGGAATGAGCAGTGCAAACCCGCCTAGTATAATTGCTAGACAAGATATGTGCATCGATTCCGTCTCACGTCAATGTCAAAGCGGACAGGCCCCCACTTTGCCTTCCATGTGCCCCGCAGATCTCGTGCACACAGGAGCCTCACGGCTTGCGCGTAGCGATACCGGCATCAGCTTGTCAGCAACTATAGTCCGCCCAAACTCGTTGGAGTCATTGTCCACGCAAGTTCATCCCGAAACCTGCTCTTGACGACGACGATCAAGAATCCTTTCGCCCGTATTGAAGTCGGGCCTGCCGTGTCAAAAGTCGGCTTTCCGTCGTAGCGGGCAGGATTCGCCACAGCCCCCGAATAGTACTCGACTACGATATATGCGAACGGTATGGCCAATCCGTAGAACCATGAAAGTGCAGAATCAAATCTAGTGTAGGGAAGCACAAGGTGTAACACTAATAATTGACGCTCTTTGTTCCGATCACAGTAATTGCTCTTGTAGTTAGTTGAGGAAAGTTGCAAACGATCGAAACGAGGAACCAGCGGCATTTCGGTTAGCGCACACTTAGCCAATCGGCTTGGGCCGAGTTGGAACTATATGGTGTTAACGTAGAAGTTACTTTAAAGTTATGGACACGGCTGCAAGTTGGGTTCACGTTGCTCTGGATCGTTGCTTATCCGGTGCTCATGGTTGCGTCTACCGTCGGAACGTCGAACTCGGC,1172,51.88,Drosophila melanogaster
SEQ_291746,CCATTCAAGACAGACGCTGCTTAGAGAGGGTATGGGAAGGTTCGGCATAGTTTAGCCGTGCATAAGTAAACAGTGCAATCCCGATTTTTCCGGTCGGACGCGGGGGGGGACAAACGGTTGAGTGGAACTCACTTTAGAAGCCACGGGCTCAGGTTTCATTAACGTGCACGGTGCGCGAAGACCTAGGAGGCCTGTTTATTGTCCCAATAGCGCGGTGACCCCACGTCTTTCGGACTCATGAAGGGAGTTAAAGAAACGACATACTACCGGTAGGTCTACCGGACTAGCGTGCTCGCGTTGCCTTCCTCACCACCGGAAGGTGAATCATCGAGCATCAGCCGTGTGGATGGCCTCAGCCCTTATCCTGTCCTCTTAGCCGTACCGCACAGCTCCTGAAATACCACGCAGTTTAGGGTATTGACCACTGTGGGATCGATTTATATCAGTTTAGGAGGGGTTCCCTATTTCAGCGAGGCTTCTTCGGGTGTGTACGACTTTATCTCCTGCGGTGAGGCTAAGCCTATTGTACGCCCCTTGTGCAGTGGGCCGACCGGGGTGACCTAGGCCTGTGTGATTATGTCCGTTGCTAATTTAGCAGCGGCCTGCTAGTTTCCAACTGTCTGGTCATGGCGTCGCGACCACGTTACACGGTCAATAGAAGTCCGAGTCCTAAAAATACTATGACAAGCGTATCGTGTCTGGCAGAACTGAAGGACTCGACTCAGTTATCTCTACTGGAGGCTCTTACCGAGCAAACGGAAGGGATACTAAAGCAGTCCGCAATACGTATCGAAGATCTCCCTAACTATGCACCGGTAGTTTCATTAGGGGAAGTGACCTGTTGTCAACCCGTTTCTCGGCCCGTTCTGGACCGTAGAGCGAAAATCAACTAGTAAGGCAGAGACTCTAGATGCCAACCGCATACTACACTGCATAAACCGGGGATTATAGAAACCCTTGGGACTCAGAAATCTATTAATTCGTAGTCATAAGGTAACTTCTGCTTCACTGCAATTGTAGCAATTCTTAGCCGTATTCCCGAATAGTGCTGGTTCATTATCTAGCCGGACGGGGGCCTACGTATCCGAGACTGTAGCCTGTAAAGATGCCTGTAATTTCGGCCATGAGCGGTGATCAGGTTCGGTAACTTAGACTACGGGAAGGAGAGCAAACTATGCCCTTTTGCATTCTAAATGGCGGATTACGCGCCAGCTAGCCAATACACCCGAAGCAACTTTAGCGTCAGCCTTT,1251,50.68,Arabidopsis thaliana
SEQ_405506,GCCGTACGCCGTCACGAATCTAGCCTCGGGCTCAGCAGGACCCGGGGAACAACCTTATTTAGTCAGAAAGCAGATGGAACAGCACGACACTGGGAGGTGCGAGCTCAAGGTCATCACGCTTCACTCTCGATGTCTCCGATTTGCGGACCCTCGTCTGGCAACTGCCGTCCGACGTATGTTGGAGTGGGATCACTACCTAGGCATCAACCGGAAGAGTCTCACGCGGTAAGCATCATGCTTGTAGGCGCCTCGTACCCAACTAACACAGTCCCACCATCAGTTGACCTCCCATTCGGGTAACATGAGCACCCATTGGTAGACCAGAGCCACTCAATATCGGCGACTGACCGTGCGTTTGATAACGTCGGAAAAGCACCGCAGTCCAACTACAGAGCATTCCATCACCACCCACTCTCAGACGGATAGCTGCCGTAAGACGCATGCTGAGGCTCATCAGAGCTTAGACAAAGTGACCGGACCCCCCATGGATAACCCCTCCCCCGTGCTTCAGTGAACCATCCTTTATGGATCTACGACACCAGTGTGCTAGTCGACACTGTTCCCAAGGCCCAACGAGTTGTTTCTGGATATAATCACACGCTCTTAGGACCTGCCACTTATGCCCAAACCGTGAGGTGATGGACCACGCAGAGGGATATACACCATGACTACCATAACTTACATCCGCGTGGGTGAGTTCTACTAGATGGCCTAATTTGACACCTCACATGGAGGTTATTATTGTCAGCCCCTTTACAAGACCTTGAAGCCTATAGGGTCTTCGCCTCCTTAGGCATTCCTAGATAGAAATCATCACTGTCGACGCCATTCGGAACCCCATGATCTCGTCGACAGCCCTTGCACTGCCTGGGACCGGCCTCCGGAATTAATCCTCACTTGCCCATTGTCGAAACACCCGGAAATGTAAAGTGATACATGGGAGAGGCATACGCTGGTGGCTATTCGTTAGCACACATTCGATCTGTACTCGCTCGAGTTGGCTGTTTTCTAGAACCAAAATTCCCGTCAACGCCACGAGTACGGAC,1046,52.68,Escherichia coli
SEQ_358255,CTTCGTCGAGACGCTGATATTCCCGTGGTGCTAGCAGTCGCTATTAGCTGGCGCGCTTCTGTGCCGACGGGTCCCCACTTAGTTGTATATAACAAATCTCAAAATCCTGCAACAGCATAGGTGACCCAATATCCACCATCAATATTTTCATCGAAGCTTTGATCGTACGCGGCGCTAACTCGGACGGTTTAGTAACGACGTGCTCCCACAATAGCCCCGACGTTACAACAAAAGTCGATTCTATTCACTGTTCAGGACTATAGGGTGAATTGCCACGGCACGTCTGTTCCCCATTTCTAAAGGGTCACCTTCGGGGACCGAAGCACGCAGGATAGGTCTGTTTCCCCAAGGATCGTCTCGAATTTTCATCAACAGTGAAGAACTACCGTCATCGTAACATCTAGGACCGAAAGGGCTGGTTGCGGATCTGTTGCCGTGACCTGTGCATGGGCCGTCAGTCATCGACTCCGGGCGATAAGTTGATGCGGTTATCGGTTCGAATGGACTAATGCAACTTTGATCTTCTCACAACCTAACTAGCAAGCGAAACTCCACCGAGTTTCACGATTGATGTTTTTAGAACCCTCCAACAATCGCAGTTCCATAAGCACGGGTACGGGGGGTCTACAGTAATCTCTCTTGTTCCTTCGTCACTAGCGATGGGCACTGAGGGAATAGCCATGTGCCCGGGCCGTTGGTGTTATTTGTGAGTGGATCCCGACGTGCGGCGCTTTGGGCACGCTGGATTACGAGCATTGACTAAGGACAAGTCGAGGTTAGTATTGCCCGTGCTAAAGCGGCCTCACTTGCACTTTTCTTAGACGAATGGCCTAGCGATTGACACCCACATCTGAATACCCCTAAACCTGATTATGGCATAAACGCCTCCCATAACTACCCCGTCTCCCAGTCACTTCTGGAGATCAGAAATCCCAATTACACAAATATCCCACCGTAGCCTCCGGAGCTCTACCTCAGACACAG,984,50.41,Escherichia coli
SEQ_435885,TACCAACCTGACCCGTAAACGCGACTTTACGGCGTTCGGTTGCTCGGACTCATGGAATTTATGTAAATTTCTGCTTCTGTGATCGCTACCAGAGCTCTCGTTGCAAGATCCTCTGCTTCCCATTCGTCTCTTGCTTGGTTAGGGCTTAAAAGGCTGGCTACTAGTTAGTCTTGTTCAAATTGCATAAGAGACCCACTCATGGGCTGCAATCCCGAACGACAACACCGGTTCCTAAGCATGACAGCTTTCAACTGTCCCGGGGATATCTTGCAACCAACGCGGAAGGGTGGCGACCCATACAGGTGCCTAAGGGGCCGCCCTACATAGTCCTCTACACGTTGACCCCGCCGTGTATCCGTACAGGGAGCCGAATATTCAACATCGATTTGATGAGTTCAGTGACTACAAGCAAGATCGTTTATATACAATCCCGCTCTCCGGCATAGGTCTTTCCTATCCAGTGCACTCTCTCGGTGGCGCGTGAGTAGAACTACGGCAGTTGCGGGCACCCGTTATCCGCGATCCTCCCGGCTACACTCATCCACGCAAGATTAGCTCTTCGTAGTAGATACCAGTGACTCCGACGATACGGATGCGTTAGAACGATGCTAGTATGCCGAGACTCTTGGAACGTCTTTGGCTAAGTAGGACTGAGTTATATGTGCAACCCGTTTATAGGATCTCGGGGTTCGGGTGTTTCCGGACGTTATCGACATGTCCATGTCCCCAACAGCGCCTGCGCTTGCATCCCCCATGGTCGTACCGGTTTTGTTGGATTGGCTGCATGCGAATCCCTCCTACCAACTCGAGCTGTGGGACAGCACGGTCATTGATTATCCCCGGGAGATAGCTAAAGGTTTGTCTCGATAAGTAGCCGTACCTGTACTCCAAACGGTCTGTACGGGGTTTCGGACTCATCACGGCTTGCTGGAGGCCCAGGCGACTTTCTGGAAATTTGGACACAGCGAGGCTTAGTGTGCTACTTGGTTCGTGCTTAGAATATAGACCTGTTCTGCAATATCGGCCTGTCAGAAATGCCTCAGCGCCGGATGTACAAGCTTGGCTACGAACACCGGACAATCTGTAACACGTGGTACCGGCTCCAAGTGTGCTAGCGTTACCGTTCCGTGTTACTAAGATTGAAAGATTTTAGGTCTCTCGCAAAGATTTGCATCGAATTTGTAACCCGGGACCCTCCAACCCAGCAATCAAGGAGTGGTGCTTTGGAGCGGCAGCGCCTGGTGGCGGAGCGACTTAAATGGTCCTGCCATAGCACTACGGGGTAAGGGCGCCGAATGAGCCCGACATGCACGTTGCGTGATATGGTGGAGGTAGAGATTTACACATTCGTGCTTGGGATACAAAAGTTTACCCAATGCCTGGGGACCTGTATGGGTCAGGCTGGCCTCGGTGTTTCTGACCTCCTAGGTTTGCATGATCCAATTGTCACGTTCGTAATCATCTATTTGTATGCTTGCCGTAATCCCTCCTCGATATCGTCAGAAGGCCGCGCTTTCGAAAAAATGAAAGAGTAGAGGCCGAGATGGCCGGAGGCACACAAGGAGGCAATAGCAACGAGAAGCGTATGCTTACGTTAATCGCACCTCATTTGGTCGACGACCGGTTATGTATCGCACGGCTGCATTCCATGTATAATGTCAGATAGCCACTAGCCACTTTAGTAGTAAATTTAGTGTACTTGGGAACACGTAATTAGGGAGGAACCACTCAAACATGGTTTGCTTACGGACTACGGTCCACCTTCATAGGGTATACGGGTTGCGATTATAAGTGTAAC,1798,50.83,Mus musculus
SEQ_878558,CGTAGATGTGGTCCTTAGGGGAAAACTTTTTTGCGTTAAATCTCGATTCATTTCTAACGATAACGAGTGGATGTCCGTTGGAAGTAACGCTGCTGCCACAGATCAGGTCCCAGAACCGTGTACAGCGACTTTGGGGTCGTTTAGTGGCGGTCACAGAAACCTCTGGGACTCATCAGATATTAGCACTAAATTCGATCCATTGCTTATTTTAAGTATGCGGTTTCGCTGGCTGTAATGTCATGTCGTTTTTGGGTTAGAAGCATTTTCGCCGGAACACAACCCAGGTAGGCTCCCTTGAGGTGCTGATTCCGCTAAGTGTTACGACTTGATCGCGCTGAGAATTGGACTTGGAGCTACCTGATGATTAAGCTGGCCTATGTCTTCCATCTTGGAAGAGGTAAGGGTAGACCAGGAGTATGACCCTATAAGACCTAGGGGAGGAAGAATAGGAACCCCGTGCATGCCTAGACTCTGTTGACTTTTACTGTGTAGATGAGCGCCGTTATCGCCTAAGTTGAAAGGGGCACAGATATCAAGGACCAAAATGCTGAAGGGCCGTGCGCTCGTCGAGCAGATTATTGAAACCGTGGTTTGAACCCGAATGTATAAGATTGTTTTCGGTGAAGCGAGTGATCAAGCTTTAAACGGGCATTTGGCGAGTACGCGACCAGCACGTTAAGCGAGGAGGAAAGCACACTTCTTACATTGGGTCG,713,47.83,Drosophila melanogaster
SEQ_852283,GTGCAGGGGCATACGGCCGGAGCGAGACCATGGCACTCACTCTGAGTGCATTAGCTTTCCTCTTCGTGTGCTAGTGTGAACCCCAAGTCACGCTATGAACGCTCAGGACTACTTTACTACACGAATTGCTTGCGACAGTGCCTGCT,146,54.11,Arabidopsis thaliana
SEQ_972067,CCGAGTGATGTTCTATTAGAGAAGATCGGGCTTGTTGACATCCCTCGCTAGAGCAGTAGCGTACGTTGCTAATTGCGTACACAGTTCGATACTGCACGGAGGGGGAACCGCCCATGAGTTCATGCGCGTTTGCGAGGTATGACTCACTAACTATACTCATTCTCGACCCGTTAAATAGGCCCTGAACATGAGGCTCCATCTCATTGTATGTGATACACACAAAATCGCCGTTGAACTCGCCCCAGGATTCTACTCTGAGTCGTACTCGCAAGCAGTGCTTAGCAAACTCTAGCAACCCGCGTTGAGATCGGTCCCTTCAGCCGATAGTTAGGAATACTTTTGTTTAGGTTGTAGGAAGGCCTTGTGACTGTGATAGCGGGAAAGTCACAGCATGTTATACTCCGGGGGCAGGCGATAAGTAGGCATAAAGATCTTTGGTCCGCCTTTACTGGTACTTTGATAGAGAGTTCTTAACACTGAGCCATGCCTGGGTTCAGCGTCGTAGTGGGGATCGAACAGGCACTAATGTTAACCTCCAAAATGTGGATCTTAAAATAAGATCAGCGCCACCTCCGTCTCAATAGATGGGGCTCAACAATGCATCGCGTAGAAGAGGTATTTCATTAAAAAGAAGGTTTATGAGGCCTTGTGATTTAGACACATTGTCCTACAGCACCGCTGGGGCGAGAAGGCGCTTTGGGTCTCTGTGCTCGCTAAAGAGTCATACGGTCTAACGGGGCCAGGGTCGGGCTAGCATCGTAGTAACGTATACCTGGTCCACGTTTTTCCCAGTTGCCCCTCTGACCTATGAGTCAGCGGAGACAAGATTGAGTGTCCAATTAACACGGCGTGGGAGACACGCCGTGATCTTACAACATTGTTCCAGTGGTTAATGCTTGATAGCCAGTTTGTTCACCACGCTAAAAACTAATTTGTGATACGCCTGTACGCGGACTGCGCCTAGACGGACGACCTCGCTCAGACGTATTAGATGATTGCCTTAACTGATCACATGACACCTGTGGGTTTTCGCCCTCCAGTGTCCGTCTCGCAAGGTGGAATGCCTAGCAATGCACTGGCCCGGACCACCACTCTGACTTTTGTGACTGTTGGTTCGTGATGGTAATTACCAACGCATCACAACTC,1146,49.39,Mus musculus
SEQ_663891,GTCCAGAATCGGGAAGGGGGCTGATTGTGGCACGGCTGGGGATTAAGAGATCCCCTGGAATTGCTTGTCATGCGAAAATCAGCAATAATTACCGGCTGTTTACGTAATACAGTCACCTGGCACATATGCGCCTTTCTACGGCGATTACAATCCACGAAGATCCAGTCTCACAGGGATCTAACGTGCGCAGTAGCGCTTTCCCAATGTTTACAATACCGGGAATCAACGCTACGATCATCTGTAGGGTCCATATTGATAATTGTGTGCAACTGTTGAGGTGCGGTTCGCTTCGTTCTTAGAGATACTGTAACTGAGGCCGCGAAGGACTATCGGCTGAACAACCATTTAGTTCTCGATCAGGGTAGAGCCGAAGGTTAAAGGGCCTGCCCCTTCTGTTTAAGCTTCAGCTCTCGCGTTTAGTAGCTAGTGAGTGGGATAGTTTGATCTCTCGTCTGAAGGTCACGCCCCACTTGACTGTAGTCGCCCTGACGGAAAGCGGGCGCGATCCACGCTACGCGCAGAACGGCGACATTGGACCTGAGTAAGTATGCCGGAAAGCGACTACCCAAGCGAGGAACTGGATCAGCACTTATCAGCAAACAAGTTATCCAGTCGTTGACATCAACTCAAGCACAGGCTTGGTACTCAGTGATAGGGCTCTCAAGCACGGTGGTTAGCTGGTCCTCATACTCTAGGGACCCTCTGCTCGATTGCTCATGCACGAACAAGGAAGTACTTCAAGTTGCATTTTAATAGAATAGGTCTGAGCTAGCACGTCGAGTGCCTGACAATGACGCACTCCCGGTACCAAA,812,50.37,Escherichia coli
SEQ_746491,TTTATCATACCTCTGACGTATCTCAAGTGTCAAAAACAGCCAATCGTTCTGTTTTCTTACGGTCGACACGAGTGGATCTCCGACTCAGACCTCGTCCATCGATCCTGGACGAATGGGTGAAAACCAGACTTTGCATTATGTAGCCACCAACGTACGATTGCGTGGGGAACCAAGCTGTGTATTTGTTTGCGCAATTGACCTCTAATTGCAAACGATGTTTGATTATCCCGATTCCTTTTCAATGCCGGCTACGGAGCCGAATACGTTCCAACCTGTTACCCTAAGGATGCACAGGCGATCAACTCACAACGACTTTGTCAACGTGGCAGGTTTGTGCGGTTTTGTGGCTCTCTCGTGCCTAAGGGGATGGTTACTATAACTTCTCATGCCGCGATCGAATGCCATCACCTCTCGGCGCTAACAGGGTGTCGTTTTTATATTGATCCAGAGACTGGGAATCTCTTATTTACCCAAGTTGTCCAGCGAACACGAGAAGTGGTGGCGAATTTCTCTAGTACCCGAGGACCTCCAGCTATATTGCTCCATTGGGATTGTTAAGGTCGAGGACGTCAGCGTTCGATAGGCTAATGTTTTTCTATCGAGCACCGATACTTTTTCCTTTGTCTCTCCTAGAGTAATGCACGTGCGTTGAAGAATTCTAACAGAAATACAACGAACCGGTTCGAAACGGACTCGTGGACAGCGCGAAACTTGATCGTCACCAAACCGGCATACGAAAATAGGCACAAAACCATGCATCTTTCCTACAGCTATTTCGCGAGTGCAATTGCTGAACCTCAAGGCGATGTCGTGGGTCTCTATCACGGCAAGCAGGCCGCTGTGCCTTGTTGGGGAGGAGTTCCCACAGAGTGAGGCCCGATAGGAATTATACCGTAATAAACCTTGACAGAAAGGCGTTGGTTTCCAAGATCTGTCCTGCCTCTGTTCAAAGACAAGAATTACCACGAAGTCCTGCCGCAGCTTCAACCATGGGGTCCTGCGACAGCCACTACCCATTGCGGGCCAAAGTCCTGTAGGAGCCTAACCCTGCGCGGATGAATGTTTGAGCGGGTTTGTGTTCCGTACGAACTTGTTATTAAGGCAACGAATCGTATGTCCAGATACGTGCCAGTAGCGTATAGTCATGGACACACCTAAAAGTCCTGCACTCTTAGAGATCCCCTATGGCCCTCTACGCGGCTAAGACCCCTGAAAACCCTAACCTTTAGTCGCGAATATTCAACTAACTAAGTAAAGACCGCAGACTGTAGTACCCCCATCCGGTACGATGTTTGTCCAACGCACACAACGGGGGACGCGGGTACCTATCGTAGAGCCTGGCCACACCTTATGGTTCATCCGTATAAGGGGACCGATAGTGTCATAGTTTCCATATGCCGGTATCCTAATCTCAATTATTTAGTCGGTGACGCCGTAGGCAACTTTACTAGCTCTCGAAATGGATCTTCAGATAGTAGGAGTAGAACTGAATTGTTGACATGTCTGAGACACTAATGTCCATTCGGCACTACAGGACCTATAACTGGACGGACAGCACTAATCCCTCACGATTTTAACCTATGAGGCGAGCAGCGATAGGCAGTCGCCGTAGATAGTCCTGAGTGTGAGATGTAGATCGCCGACTTGTTGCACGAGCCTGCCCGGTTCGAACAGTGATAATCAGCAAGCCCCTTGGAATCTCACATAGGATTCTGGTAGCCTCCTTCCGGTGATGCAAGAAAGCGAGTCAGGTGTGCCTGCTTATTCGGCCGCTAACCTTGTTTAGCTGCGGGGGGTAGCTCA,1803,49.14,Arabidopsis thaliana
SEQ_997577,CTTACCCCACTGGCATAACACTCCAAGACTGTATGCATCGCATGCCACTACCGTCTACCCACTAGACTTATCGCATGACAGACCCTATTGGATGGAATCACCCCACTCGGAAGAAACGCCATAACGACCTTTTATGAGCGCCACCATTAAATTTTCACCTCGTTATTTTCCTCCGAATCACCAGATTAACAGGTGAATGGTACTACTCTGCTTTGCGGCTGTTCAAAT,228,46.49,Homo sapiens
SEQ_648190,GCTTTATTCGCGTAGTTCACACCTGAGAACGCCCGTTTGCACTGGCAAACACGTTGGAAAGCGACGGTTGAAAGCCGACCACTTGCACATTACACGTCACTGCAAATCGTTAGGTGCCTAGGACTGGCTTGATCGTGCATACCTAATGTAAGACCTCCATACTAGTGAATCGTTACGACGACGTCTATGGGACTGCAGCCTCGACGCGAGCTATCTAGGGTCCCTAGTCGTAGACAATTTTTCTGCCCAAGCAAAAAGAAGCCTGGTAATAAGTCTATGGGTTATAGGAGAGAGAATGCGATGGGAGAACGGGAGCTGATGTTTAGGACCCTTTTTCTTAAGGCTCAACCATTAACAAAATCTTCACCGGGGCTTCGCTGATATCGCACCGTCTTGGGCAGCGATGTGAACGGACATACCATCAAAGCGATGTGGGCGACTATGACACCGTCGACTGGTCACCCAGTAGTCCCAGGTCGACATCCTGGTATCTTGAGCCAAGCTATGTGGTACGCCGACCTCGCCCATTTTAAAGAACATCCGGTGGATAGACAACGACATCTCGACCTGCATGGCCACAACCGTACTTCGGATATTTAACCTAGACGGAGCCTTTGCCGTCTTAGACACCGCATTCCTCCTACCTTAGTAGGGGGCATGACGCATAAGACGAGCGAGGAAGGCCTTCTACCCTCCAGAGACTTTTAATCATCAGGAGCTTGATCATACTGCCTGCGAGGCAGTAATGTTCAGGGTATCAGTCGTACGGGGAAAAATGGTACATACTAGGCATCCTCTCGCCGTCAGCTGCTGGCACCGCATCACATCAATAATATACGGGCCGAGCCACGTGATTAGAAAAGCTTCTGGCTGTTTGCTTGGCTCCTTCCAACAACAGCCTGCTTAAGTGTGAACATAATCGGAGTAGTTTACTCTTCCCGAGTTTAATCAGAGACATAGTGAGTCTTTAAAATGCCCCTTCCGCAGGTGTACGATACTCCCCCTCCTCCGCGTTGTTAACCGGGTAGCTCTTAGACCGTGTCCGGCTCCTAAGTTTGCGAATTATCAAACAGATGAAGGTTATCGTTATTGTTGGATAGCCGTTTGCCCCCGGCGTCCAGGTGGCAAAAACTATGCACATCACCCGTAGCCATGTCCACACTCACCGGTTATGAACGAGCAAATAAAAACACTAACTTCATTCGTTGAACAGTACGAGTAAGCTCATAGTTGTACGTGATAAAACAATCTTTACTCTCGTTTATGGCCGTGCTAAGGTTTCGCCTGTACCAAGATATCTAATTGGGGGAATCAATCCGCTGGATGGGACTCGGTGGGATGCTTGCCTGTCACCGTCTGCTCGCGTTGATGTGCTACGGAGCGCGAGCCGCAGTAATCGACGTTTCATATGTGATTTGCGCTCTTCGACTGCCCGACCCGGCCAATCGGCTGCCAGACGTTTAGTCGCGTGTTCGCTAATACAACATTCTTCTCGATCTCTGGTTTTCTATGATCGTAGTGATCTTAGGCGTTAGTGTGGTTATCAAGCCTGCTGGAGCATGACGGGGCTTCATCCTGCGGTTAAAACATGGCGAGCAGCCGGTTGGGCCTACGCGACTTAATTAATGAGCACTTCAATATCCCTGTGTTTTTTCATGAAGCGATGAAGCCGCTGGCACAACAGCGGCACGCACGGGATAGCCCCAGCGTCTATGGTAGGCGTTGACACATACAGAGAGCCGTCGGGTGTTGTGTGAGTCTGTATTACCACCGCCAAGACTGTCCGACACTTGGGTACAACCTAATTTTCCGCCCTTATGCGTCCAGGCAGCGTGACA,1838,50.33,Mus musculus
SEQ_280997,TAGTACGAGACGGTGTCTGGATCAGCTGTGCCTCCCCCATTTTCAAGCGGGTCACTTTAAACACAGTAGGGCCTAGCGCACATACTGCTCACTTGCGCGTGGTATAATTATTGTAGGGCCATTCGTTCGGTCAATAATTACGACATTGGATACCTGGTCCAGCCGGAAACGCCATGTCGTTAAACACCAGACTACATCTCATTTTGATCAGTTAACGGGCTGGTCGCCCCTATTTGCTGAGCTATTCAGTACTCGGTCCGCTAAATTGGATGGATGACCCCGGTTTGTAAACTGTCCTGCTCCACTGGACGAGGGCTGGCCAACTACGGTGAGTGAGTGGTACACAAGTAAATTAAGATAATTACAGTCCATTCTACTTAGACCCAGTAGTGAGTATCTGTGACCGACTTTAGCTAGCGACTAAGGTGGTTGCCTGTGACACAAACCACACTGGATGACTCAATTCTGTTTATTGAAATTTATTTCTGTAATGAAGACTGTATACACCAACACTTAGGAGCCTCTGCAACGCCGAATTATTCTTACAGTTAGTTGGGAATCGGACAGGGGGGAAACACTACGCTACAATATAAGAGAACGGGCAGCTTCTACGTTGTACAGGCTTATAGTGGCCTGTCAGAGAAACGAACGCGGGGTGCGCCAGGGGTTCCGAGCTGCTGCGGGGGAGATTCAACATGAACGTCGTTCGGGCATGGGATCGGCCTTTTACGGAAGTCATACTAGCAGCTATGGAAAACTCAGCGGTTACAGGTCCCACGTCCAGCGGATTGAGCACCGGATCCTGATTAGTAAGGATCGGCATTGTAGGGACCTTGACTATTAATTGCTCACGGGGGGAAGAGGCATATCTAAACTTCCTTGTACGATATTCAATTGGTTTTGCCCTATGTTGTCTACCAATACACGGATAGACGGGGCTCAGTTCAACCATCCGTTCCTATTACCACCGGCGGACCCTGTTACTCGACGCTCGCCTGATTAGCTCTAACGTATCCAGCGGCGATGTTGTGCCCCGCATCGGACCGCAAATGAAGTTGGGCCCTGACGCATGTCTAACTCCTTACTCGAGATGACCTCCGACGTCTAGTCGCAAACTCGGGGTATCACCTGTCAAGCTCTCTAATCGGGTATGTGTTTGCATGCTAAACACATGTATGTTGTGGCAGCGTCGTCCAAATTACGTTACCCGGCCTAGCGAATGGGCCCGATTATCTGGTCTAAGTGTGTAGGGAGCTACAGGAACCTCTGAATTAGGGGTCACTAATACGTTCCAAGGGAAATTCGGTAGGGGGAGGACCTGGAACTCGTCTTCTGACCTTGTACCCCATTCCCTAAGTTGTAATGATGCCGAGCGATCAGCCACACATCGTTACCGATATGGTCTGACGCATTTGTCAATGCCACAAGTTGGCATTACGGTTGGGTATCAGGAGCGGGAACCGAGTGCACAAGCACCAAGCGACGGCTGCCTCGATGGTTTTCTTACTGAATTAAAGGAATAGTTGCGGGTATGTACCTTTCGAGTTAGCGGAACCGTTGAGGTTGCAAATATCGACAAATGAGAATTTCGGATCTCTCGCAAAATCGAACAGGTTAATGGGGGATTGCGCAACAGTAATTGTAACCGCTTTATCAGGAGACATGGGCAGTACGGGCGCCTGTTAGGAGTGGCACCACATTCAACCTAAAGCTGGCAGTTGGCAGCCGCTTGATGAGTTTAGTGTTCCCTGTCGCTGCGCGTTGGTCCCGTCTTCACTCCTTTGCCGAGCCGACAAGACTCGCAGTTCTACGGAGTTAAATCTGGTCCCCGGTGAATCTGTATAGCTATTACGCTTCCGGAAGAGTGCGTCGTTTTTACGAGGTACCACGCGCCGTACAGGAAGGTCTCTGATTATTTGTTGGCAAGTGCCTTCACCACCTAAATT,1946,49.69,Escherichia coli
SEQ_265030,AACTGCTGCGACCGCCTTTTGACCCTGCCGGGGGCCAGTGACATGGAACCCCAATACGCACGTAATACTCGCGTACAGAGGTCTCTAGTTGGCACTATACCGTCACTCCGCCGACTTCAACGATCTGGATGGATGCGCATGTGGTGCCCGCAGCGGCTAGTGGTTCTCGAGTCGAGTGGTGGATAACTGATTGACTAGATGGATCACCTGTCCTGGCTCGTAATCTTGTAG,231,55.41,Arabidopsis thaliana
SEQ_571275,ACATTACTCACCCTAGAATTATCTTCATCGCACAAAGGCCACCGACGCAGCCAACCATATCCGTTCTATACCCCAATGGGCCTAGGATCTACATGAGTCGACAGCGCTGTCTTCCTTTCTTTGACTATCTGCGTTTACTCGTTCATTTTCTGGGCTCCCAAGTGGCCCTGGATAACCAAAAACCTTGATCCGAATGACCGACCGTGCTCAATCTATCGGCGTCGGCCAATTGTCCCAGAGCGATCATCGCTATCAGCCTTCTGATGACCTTGAGCTATAAGGGGATCGGTCCTAAGTCGGAGGGGGGAGCTACACAGATCAGGTCTTTACGGATCTTAGTGAACAAACTACTTTAATAGTGGGGGTGTTAACGTCTTCTGAGAGGTCGTTACTTAATGGTACCCCCTCGTCGGCTTGTTTTTGATGGCTGTCGGGTGAGAGCAAGAGAAATGGGACTGGAATCTATGTATGGGGTCCCGGGCTTCTATCGGGCACACTCTAGAGTAGAGACGTCGCCGCGGAGAATCATACCCCGGCATAATCGGACATAGGCTCTGTTACGGGGTAGACGACCAAACCGCGGGGAACAAGACGTTCTATCAAACGCTCCGTCAGGGATCCTTTCTTTAATTCTCAGTCGAGCTTGTCAGCGCGACCTTGGAAGACATGGTGCAATGTCCACCCGTAAGCGTCTAAGCCGGTAGTGCTGAGGAGTGGCGGTTGAGACATTGCCCGATGAGATGGTGACCTACGCCACACTATAGAGGCGGATAGGGTGAGATGGTAGGGCACGCATGAAACGGCGGTGCCCCTATCTAATCAGAAGACAGGGTCCGGTGCTGAGAAGAGTTAGGGAAATAATCTTTAGTGGGTGTCCTAATGGATAAGTTTAGATGCCTAATGTTGCAATATAACACGCGGGTACACTTTTCGAACACCGGTACTACTCGGCCCGACCGCCGTCGCGAGTGGAGCCGAGTTACGCTCTTTTGTGAACGGCCAACCGTCCTGATAGGCGCAAACGAGGACGACCAATAAAAAAACACACCGCGTACGTTCTAGCTATTCCAATGAAACATAGCATGCAAAGGTCCCCGCAATAAGTCTGCACGCGTGAGCATTTCAACGATTACCTGGCATTTGGATCAGAGCGACCACTGAGGACTTACATGACGTGTACTTTCCATACACCTGTGCGAGCGAGGGAACTCCACCCCTGTCGATTTTTCGCCAGTCATTAATAATCACTTCCCGAACAGTATTGTCCATTGACAACAAGTACCCTTTGGGTAGTTCTGCGGTGGCCCCAGTATTGCTTACGTGGGTCGCGAAGATAACCTCGGTTCCGGATCGCCTCCATCCCCGCGTGTTCCGCGCCACTCAGGAGCCGGAAAAGAAGCCGGCAAGCTATTCCGCCCGAAATCGACACCCCCAGGGAGTGCGCCGGATAAGAAGT,1456,51.92,Saccharomyces cerevisiae
SEQ_714671,TCGAAACTACGCATCATTGCGTTGTTGATTACGTTTTTGAAGGGATTACATTGTCGGGGCACATCTAGCGGCAGTGTCAGTTTGTCGAAGTCGGGCATGAAATACGAATACCACGAGATCAGAGCAGCTCCAACGTCAGCAATGAGGGCTTCGGCGTTTGATGGTACCAATGCTGATAGAAGATATTCCCATCCGCGACGGGCTATTGATATCATACCTCGCCCTTTAATGGCATGAAATCTCCCATTCTAATGCAGTAACATTGCGCGTCGGCATTGGTGCCCCAAGATACGGAAATAATATAAGGGTCTATGCCTGCGGCCCCAAAGAATGCGCCACAGAACTAGGGAAACCCGCATCCCCTCTAAATGAACCTCCCCTACCAGGTGTGACCCTGAAAATCAGAGTTACGGTAGAGCACTTCGGTATCAACCCTCACGAGGTAATCTCCAAGATACAATGTTGCGACCCAGCCAAGATTGGGACTCAACTGCCGGCACTACAAGTACCCCCATCACACTGACTAGGTCTAGCCGCGGCTTAACAGGATACCATACAACTGTCGAGAGGCACTCAGCTTTGACGCATTAATGCGCCGGGACCATTAGTGGGTGATATGTATTAGGCGTCTAAGGTGTCGACATCTCTACTTTCGAAGCCTATAGATGACCGTAAGATAGAATTCGTTATCGAAGCCGTCTTAGATCATTGGGGGTCAGGCCCAGGAGTTGGTGCAACCGTCCCACGTCTGCTAGTTCTTTGTAGCCCCTAGGCAAAAGCCTTTTCGCGACTCCAATGCCGCTGTCAAGACTTATTATAGGGTCCGCTCCAGGTATAGAAGAGAGGACAGTGCTTCGGAAAATGTGGGTTATAGCGAACCTTAACACCGCTTGGTTTAGATCTGTTAGATAAACTACCTCCCTATAATAACACTGTGGCGTTTGTCATATATAAATGGAGAGAATTGGTCGACGCTACAAGACGATTACATACCGTGTGCGAATCACAACAAGATCCACAGGTCATGTGTTCAACACGCACCACGCGTACTCGTGTATTGGTGAGTGTCAACTTATCCCCCTGACGCCGCAGTCAGGAGACCAGATTCACGCCAGCGTTATAATCTCCTCGGGAATCGTCCCGTTGAAGTACGCAAGCAACGTAGGGGTATGTGGCATAACGCAATGACTACTATTTACCTAGGAGCGGGAGCCACCTTGCTACGAAATGGCGTGGCACAGAAACTGGAGATTCTGCTCGGTCGTTGCAACGCAATAGAACCACGAATGATCGAGCAATTATATTTTCTGACACCGCTGCCAGAGCATTATTGATAAGGACGAGAAAATAACTCTTCGTAACACCGATGAAATGTAACTCCACCGGGAACCAGGCAAACGGGAAACCTTATGCTCTTTGAGACCACAACCAAACGCTGATAAGTCAAGGGACCCACTACTTCGACTCTCGCTGGGGGAGCACTTCTAGGTTTATGAAGCGATGATCCTGAGCCTGAGTGGCTGTTGGCGCTCTTCGCT,1538,48.96,Homo sapiens
SEQ_659227,GATGATGCATCCTGCTAAATCTCCGCACATTGCTTCGCTGGGGAATGCTACCATTTCTTTATCGCACCCTACTGTCCGCTTATGCCCCGCGCCAAGCTATGCGCTTGCGGTACACCGTCCGAGCTCGCGTAGGTCATGTTCATATATGGCGCTAAGGGGTTTCCTGCGTCGCCTACGGTTTGCAAGCGTAGCTTCGTACAGGCACGAGTGTAGGCCCCAAAATAGTTTCATGAACGCTACAGCCTCCGACCGAGTATCTATAGAACACTAAGCGACTGCTGTGTTACTATACCTTCGATCTGACTGCATGGCTTACGGCCGCAAGTAGAGATCGATCCCCGTACTCGGCAGGTTAATAGACGCATTGCACCGTCCTACCGGAGCCAGTCGAGGTAGATAACTCGTATGTATCGCCCCGACACAATGATCTCCCACGAAGCCATTGCGGTCAGTCATCGGTAACGATTTTAAGGTTAAAGATTTTCTCTACTCACGTGTGGGCATGGGCATTAACGGGCGCTTGGGTAGCTTTCGATACTATGGAACTTTATTAGTTGTGACATGCAGGGTTAGACAGGCGGTTGATGAACTATGCTACAGAGCGCTCACGGCTCTAATGTACGGAAACTCGCGCACCATATGGTTGTCTGGACATACTTTCAGATCACAGTTGTTGCCATCGGTTTTCTTACGGAAAGTAAATCAGATCCTCTAACACATATGTACATAGGCCCTCAATGGAGGACTTCGCAGTTTTACAGCTTTCAAGGTGTAGCCTCACACCTTCATATCCTATGTTTGGGCCTAGAATAATGCTACTGCCACCCAGTCTTAAGTAGCCCATATAGTCTAGGACCTAGAGGCACCTGAGTGTAGTCCTCCTCGTGGAAGGTGAACGGCAACCGGCGGGGACAGTCCTATGATCATAGCTCTTCAGCTTTATGCACACAAACTTGCGAGAGCTCGAACCCGAAAAATTCTCCGGGCAACTCCAATTTGAATCAGCTGGTCGGCAAAAGGCCGAGCACTACAGTCGTTTAAGTTAACCTCGTCACTTGAAGGCGAATATCTTATGGGAGTATGGGAGAAACTACGCGTTTAGGACCACGCTCTAAACCTGTGGCTCCAGTTGCTATAGAAAGTTGGCAGTGACAGCAAAACGAGTCCGTGTTCATTGTACGTACTGCGGTAGAGAGAAATCTTAGCGGCTGCACTAGATAATAGTTTCACGCCCAGCAGAGCAACTCACCTACGTACCCTGTGAAGATATGGACAGGCGGGTATGTTACCT,1291,49.42,Caenorhabditis elegans
SEQ_502360,TATGGAGTTCACGGTTGAGGTCCGGGAACACTTATAGACGTTGCCTGTAGACTATAGAGTGACTCGGTCGGCGTGGTGCATCTCGCATGTCGGGCCTTCCATGACGGAAGATATCCATAGTGCGGGTACCTCCGCGACCACCAGATATACAGTACGAGGATCTGCCTCGCC,171,54.97,Escherichia coli
SEQ_646961,AGGTTAGGCTATGACTCACCCAAACTTCGATACCCGTAGCAGTGAAGCCTAATGCGTCCAGATCGGGGTACAGTTAGCACCGGTGACTCGGCAGGGTCTCGCATGCGAAACAATCGGACCATTAAGCTACATTACCGAG,139,52.52,Arabidopsis thaliana
SEQ_334238,TCTCAAAGCGTCCGCAAACCACATCAACTAGACAAGACTCGGTAAGACTCGACCTCCTGCGATCAGGTGACGACAGCCACCCGAGAGAACAGGCGCGGACCATCGAGCGAAATATCAAACTAGTTCTAGTGAACACAACGTTTACCGTGACTATCTAGGACGGGCTTTAAGCGTAA,176,50.57,Escherichia coli
SEQ_654896,AGGCGAGATATTACGGATTAATCGCTCTTTATCACTTGGAGCGTAACAGAACGCACCGATACCATATTAAACAAAGACGAGGTGAAAGCTCTCAAAATTAGGAAACTGTATTAATCAAGGTTCTAGCACGGGACTTGGTCGAATTAAGACACACTGCCATTTGGAACCGTATAGAAGTGGCCGATTTCCTCCCAATGGGGATCAACACCGAAGCCGCACTACAGAGCAAGACCCACGTCCTGCAGATTGTGGCGGGGCAGCCCCGAGAACCAGCATCTGACCTTATCGCGGCAGCAATCGCACCGCGCCGAACAATTGGATACGTGATCGAATCCTTGAGGTTGTGTCGCATTACCTTACGGGGAAATCCAAGACTGGTCCGAGGACGACCTACATGATCACGGGACAAATGTGTCTACTACGGGATGAGAACACTTACTATGACACCCCTTCTGGGCTCTAGCATGCATTGGTGGACACATCGGGATGATCGTCGTATCGTATCCTTATAAGCTTCTCCGCCGTTTTTAAAGATATATGAACTGAGAGGGTTCGTGGCTCTGCTACTCCCCGATGGCTGCAGGCGCATAACGCAACTTCGGTTGTGTTGCC,612,49.84,Mus musculus
SEQ_348009,TCTTATCCCTTTAGTAAGAGTTGTGTCTAAGCGATTTGTATCGACATACTTGCTTTTTAAGTAATGACTGGTGCCTGTAAGGGAGGCAATGATAAGGGTGCCCTCCGACAACGTAAGACACCACTCGCAAACGCGGCGTCGCGCACAAAGCAGCAACTGACAAGCCAAATTATTCTCAGCGTCCGTTTGGCGGATCGCCGAAACAAAACGAATGACTCGCTGGCATGCAGGTAGTTTTACAGGCAAGCTCAATCTTCAGTTTGTCTATCTCAGTCCCTTACAATCATCATAATCAAGGACCTGAAAAGACAGACACCTCCCCTAGTTTACCTTGCTACTGTGACGCTCATCCTACTCTCAGAAGGGGGTTGAAACAAAAATTAAAAGGGATGCTTTAACTATACAAACCGGCCACATGGTCGAGGGACGCTCAAGGACTCGCTCCCGCAGCTATGGCCGCTACCCTGAGAATGTACTATGACGCCTCAAAATCAATATGCTGTAACTAACGCGGATTACAGACTCCTACGGAGGCACCCATATAGCGTCAGAATTCCCGGTGGCACAGACCACACGGTGGGCGGTCTCTACCATAAACAGCCACCCATCTGCACTTTGGCTCTCTGGCTTC,631,48.81,Mus musculus
SEQ_524524,CTGAAGGACTACCGGATATTGTCGCATTGATGGGGGGTACCTGAGAGTGGTTCTTCTAAACCATGCCAATGGTCAAGACCAACGGGGGGATCCCTGGAAAGGAACATTAGGTATACAGACTTGGGATGCATACTCAAGCGGGAATGCGGTCTACCATTGTGAGCCAAGGGGGCCCGAGTTCACACTCAATACGATGAGGATGAACGGACACCCCAGCCGCCGACCCACTGATGGCGCACGACGTGGCACACAGCTCGGGCAGGTCTGTGGTGAATCTTTGCATCTTAGAGTAGCTGCTATTTTATGCGTCCACCATTTTTCTGGGAATCTTAACGTCCTTACTAACTAATTCTAGATTTCCAAGAAAAGGGAACAATAACCATACATTTCCTCCGTGCGGCTGTTCTCTTATGTAATGGACACCCTATCCTCGCCATTCGGCAAACATGTTTCACAGCCCAAAGTCTATCATCTCAACAGATAAGTGAATTTGGTTTCGCCATGATGCGGCGCGGACTAGGTAGGTTTTGGCGAATGTTCGACCAAAACCCATCACAACTGAGAGAATAATTAAACGGGGAACACTTAAGCCCATGTATAAGATAGAGACTAGAAACGCACTAATGGTCTTGTGCGTTTCAAGGGATCATGCCCCATCTAATCGCTATGCCTACGAAGCACCTTAGACGCCAATCACTCATCGGTGTCAGTGCGAGATGGCCTGCCGTGAAATCCACGCTCGCTCAGAGTTCATACGTTTCTCCGTAGCGGGGCATCAGCTACCACAACTTCTCACGAAGACTGACCAATTGCTTGACGCTAACTATGGCTTTGACCAACTAACAACGGTTTCGCTCGTCCAGGGGAGATAATTGAAGCTCGAGTAATTCGCTATAGTGACAAAGTTTCGGGATTTTGGTAGGCGTGGATCCTGGTGGGGACCCTGTTGGGCATAAAAGCCTGCCCAGCTGCGCTAGGGCTGCGCGCAGGCTGGGGCATGAGTTGTAAATCTACGTCATTTGTCAAGCGTCGCACTCCATCATCATTACTACACACGAAGTCTAGTGACTAGAAGCTGTAACTCAGATTATATGGACCAGGAAGTCGCCCCCACTCCAGTCGCTAGCCGCGTAACCACTGGCGTATAGCTCACTCCGTCTGCGCTAGCTACGCCATTCCCCATGGCAGCCTGCTGCCGCGACATCACGGGCGGACCGGGAAACACTAAAAGCTTCCTCATCACATTCAATCACTGGGCGCGCGCGACTATGGGCAACCGTAAATTGGGTATCCACACGGATGACTTATATGGTGCTAACTACATTCATGCTACAGCGCCAACATAAACTAGGGGACACTTGGTGCTCCCAACTATGGTTGTCGCCGTAACGTCTTGGCAACTTGCGTTGACGCTCACGAACGCGCCATTCGACATTCACCTTCGGTCACGTTCCGGTCTTTGAGCTCGCGATTACGTATCGACGGATATCAGGCCACTTTCCGGGGATTCTACGGATCGGTGATGAGCATTCAGCGCCTGCCGTACATCTTTGCCTTATGAAACACTAACCGCCAGCGATCGTCGAAGTCTTTCACGACTTTATCTTCCTCAAAGACCCAGAGGGAAAAAGCAAATCGGACGGTTACGAGGGAGCGGATCACAGCGCTGGGACGCAGTGCACTGGTTGCCACTCAGACGCACCGGCACCGTACGCCGGGTGTTATTCTACTTGTGTGTCTTTCCCTGGACACTTTATGCCATATTCTTACACGCTCTCGGACAGACCCGGGCGGTTCGCAGGGTGAAAATTGATGTTTTGCTTACGCAGCCTGCTTCAATTGACAACAGCGAACAGTAATTGCGGCCCTTTATTTGATCCCACTCTGACACAGTACGCAGCGATCCGAACAGGTGGAATCTACCGCCCCGCTAGCTATACTTATGTTTATTCCTGACCGCAGGTGTTCAGTCGTCTATCA,1980,51.06,Homo sapiens
SEQ_508428,GATGCGATTGGGTCATTCTCTGCCGTAGATAAAAATATAACTCTTATTTCTAGCTTCTCTCGTGGAAAATACACCGTGTAGACGTAGCTGCCAATGAGCTCATCCAACCGGACCGTAATGGAGAAATGTCCCCCAATCGTAATCTCCCGAGAGGCGAGCCTCCAATAAAGCGTCATTCATTGAGGACCGCGGTTAGATTAATGCACAAAAAGTGAATAGTTTCGCGAGTTCCAGGACCAGTACGGGACTAAGACCTAAGTCTATTTATGTCACTTCGTTGGGGCGAACAGCCAACCACTCCGGGGGTCAGACCTGTCTAACCAATCGTGCTTTCTCGGTGCTCGGTGAGCACACGATTTCCCTTTCGCGTTCCACTTTAGGATTCTTTCCTGTATATCGATGACCCGACACGGAACGGGCATCTAGAGCCCCGTTCCGCGCGGGAGGCCGGATAGGCGGTTGTGATAGGACTTCTCATTGGCGAGGACAGATAACAGAGGGCGGTGGCGTATCTCTAACACGCTGAGTCGCAGCGGCACGGTATTCCCAGCTGCCATGAGTCCCCTGACGGGTAGAGTCGTGTGAGACCTTCCGCAATATGCTAGGTGGATGTAGTCAAGCCGCTCGACCAATGCTACGCGTTATCAAGCAAACAGACGGGGGGGTATTCGATTCGGACTGACGTAACGTACACTATTAAAATTGCCGGAATTTTTTTCTATTCAAAGTTCCTTAACGCTTGGCCATTTGAGCTGTGTTATGGAAGCGGCCACCTAGACAACAGCTAGTCAGTCAGAACGGAAACCACCCACGTAGCTCACCTGTGAGTTTCAAACTCATGGCAGCAAGGACCGAGAGGGGGAATAATCGATTCCGTTAGAGCCATGCTCCCAGCCGGCTATATCTAGTGCCGCAATGGAAATCCTGCGTTCCAAGCGAGCCTTGGCCACCCCTCCATGGAGTGATTGCTAGGAGCCGGTAGGCAGAGATACTTGCCGTAGTTAGTTTAGGAGCTATGCTTACGGATAAACAAAGCAACAGCAATTGCTCAATGGTGGACTGCTAACCACTGTGTTCTGTAGATGTTCCCGTGATTTAAGGTAAGCTATCGGAATATGCGCGACTAGAAGTTTTTGATCTAAACAACCCCGTAAACTTCAAATGGCTGTGAGAAGCTATTCATACCGTTATATTCCGATCGATGTATTAAAGCCAGCAGAAGTTACACGACCACCCCCGGCACTTATAGGAGTCCAACCGACTAGAATCTATACAAAGACATCTGACTTCAGAGCTAAACAGAAATGTACTACGACCTGACTCAGGCAACGTTGATCAACTATGGCGGAGACATAATGTTGGTACCCAGCCTGAGGCAATGATCCCATTTGCTAATTAACGGGAACGTGAAAGTGCGCCGAACAATTGTTTTCTGTCAGAGAATCCCTTAGACGTTATCATTCCATCTCCGCTAAGGTCATCTAAGATAGATTGTTTTCAACATAACGGGCGTTTATTACCCAACCCACGTCAGACGAGCAAGTGAGTGATTCCGGACACCTTTCCCGGTGACGGCGGCCCCGTGCTAATGGGAGGGGGTCTGAACATGAGCGGCCTATGCATTCTTGCGAAGAACATTACTGACGACTCCCCGGAAACCTACTTTGCTTACGCCACCCTACCTGCCGCGAGAGCCTTAATAATGAATAAATTGACGGGGCTCGTATTTATTGGGTTACTGCAGACGCCA,1750,49.26,Homo sapiens
SEQ_534018,AAGTTTCCTACTCTTTACTGACGTTTTGGCATCCGAAAGCGTGAGGAAAATGCGCCCAGAACGGTACTTTGCATTCTAGCCCGGAGTTTCCCGAGAGATAAACGCATTTCCAAATGGAAATCTGTGTAACCATAGGTTTTCTCGATGATAGTAAACTCCGCTGCGCGCTGCGATTGTTCACATTATACCCCCATATAACATTCACGTAGTACGAACAGACATATAAATTTTTTACTGGCCCATCCACACTTGCTGGCAAACTTCATCACTGGTGGAAATCTAGCGACCTCGTCCCGAAACGAGCACGAGACCGTATCAAATTCTGATCACACATCTATCCCGTTGGCGATACGAGCTCGATACGTAGTAGGCTTTGAGTATGTCGCTTTTCACTCGCGGAGGATGGCTAAGCAAGAAAAAGCGCTATTCGGGCCCGGTTTTAGAGATTAGATTGTACGTGACCGGCGAACTATATCCAGTTCCAGACGGCCGGGGAACGCTGGTATTGGTGATCTGGGGGTGGAGACACTTCGGTTTACGGTTGATGAGTTGCCGTTATCGGTCAATAGGTATTCTGTTAAGCCATAGACCGTTAGAGTAATTGTAGGACATGAATCTACCTAGTCTCATTACCCGCTTTGTATAAAATAGCTTCACAATGAATTTCTGAAAAATCCCAGGCCGCGGAGAAGACCTACAAACCGATCTCAATTGCTCGTTACTGGGGGATCCAACAAGATGTTAAACGTCTGCAGTCTGTTGTAGGGTAAAGGCGCCTCTATAAAACACATGGGAATCGTGACCGGACGCCATAAAGGAGTATAGGTACAAGTTTCATTTGTGATTTGACTGTTATCCAGATAGTTTTTGTCCGTACCGGCAATTCCGATGCGCTTTACTCCAAACCACTGAAGGACGGGTGCCCGAATATTATGTCAGGGCCTACACTACCGAGTCATTGGTGGTAGGGCTGTGATGTGAGCATAACATTATAATCTACTTGGTTTACGAGGGCTAGGACAGCCACTCTTCCGTGTGGTAGGTTTGTACCCTGATTTAGAGCTTTCGCATTG,1073,46.23,Mus musculus
SEQ_155003,AATACAGTACCCCACGGGCCTAACTCATGGCGGAGGGTATACTCAACGTTGCAAGCTTACTGTAGTTGCCGACATTAGCCCGAGCTATCAGGAACGCGAACTGACCAGTTCTGGCCCGCACTGCTACGGTTACCCGCACCGGGCAGAACTGCTCCGAGCTAGGAGAGACGGAATCATGGCAGCTACGTTTCTAGTCTCGAAAGCTCCTAGTCCTC,215,55.35,Saccharomyces cerevisiae
SEQ_283250,GCTACGGGATGCTGACAGGCATAGGATCCTCCATGGCGATCTATGTGACGTAGTGAGCAAAGTCCTGAAGACGGTACAGACTGTGGTAGAAAAACCCGCTTCATCGAGTAAGAAAATCCGTTAGTGTTGGTCAACGGACATGTGAACGACCATAGAATACGCTCTGGGTGCAGAGTCACAGAGATTTAACGCCAATCGAGTGACCCGAGCGGTCGCCAATGCACTGGGATTAGCTAGTTGAGCGTTGCTTCTTACCGGCGCAAAACTATGTATTATCCGATACCGAATAGGACCAAGGGTTGACTTCCTACGTACAATGGGAGCTAGCGGGTGATTATGCGCTTTTTCCTTCCACATGCGGCTGTATGGGTGGGCATGGACCCATCTGTTTGGGGGTCTTCGCTAAGGATCTAAACGATCCGGACAATGCGCGGAATAAGCCAAGTCCTGTAAAGAACCGCAGGAGTCCCCGTATCGGGGGACGTTTTGCAGCCTAGCGCTACACCGAATTATATTCGGGGTACCTCATGTCAACTACGTACTTTTGACTATCGCTGGCCAACAGACTAAGATCAAAGCGACGGATCTTGTTATATGCAAGACGTCTACAGAGACGTACGTCCGTCTATTCTGGGCGGTCATAGTCTGTTGGGCGTGCGTACTAAAATCCCGATCGCCTAGTGGTAAAACCCACGTAGGCGGGCCTGGGTGTCCACTAATTGAGTGACAATCCTTATTGTCCGGGAATGTCAGATGGGTCCCCAACATACATTGCTTCGCGAGCAAGATCGCAATCGGAACGATCGTCAAACCGCTCTCCACGAATGTACGCTGCAGATCGGTACTTATTCGCGCGCGGCGTATGTTTTTCCCTAACGACATCAGTGTGATTGTCGAGTCTGATCCACCCCGACTGCCATAGAGAATTACGAAGCCCATGGTGGGAATAAGAGGTGGCTCATGGTCTCCACTCCCCCTTACGGCCCAGACAATAACTACTTAGGGGTGTCATCCCAGGCTTGCCACTTGAGGGGTCAAAACTCCCATATTAGTCGACGTCAAATATCGTAAAGGGCAGGTGTGCATCTAAGCCTAGTTAATAGAGAGCCGTTTCTGGGGCGTGTATGTAGTGATACTAGATCTATGGGTAGGAGGGGTCTTCCCCTGGTACCCAGAGGCCCACAATCTTTCTGACCCAAACTACCCTAATGCACACGTACCCAATAGATTTTATGCATAACAGAATGGACCTGATGACATCGTGTCAATGGTATTTTATCGCTGCTTAGAATCACTGACTCTTGACCTTAGCCTGGCTACTTCTAAACAGAGTCTAAAAGATGATTCGAGGACTGACCTTGGAGTAACCCGGCCCACTCTGGAACTCGAGCAATTATCACTCGTCCAGGAAACGCGGGACGGAAGGAATCCCACAATGCTGGAGACTCGACCGCCCCCCTCTCCAATTATCCCGATTTAAATAGGACTTACTCTAGCTTATGCCGGGCACGATGGTCAAGTTTGTGATGCTGTAGCGATCCAAGACTATTTACGTGCGGGCAACGTTTGTTAGGAAGAGT,1580,50.0,Saccharomyces cerevisiae
SEQ_854810,CATTGGCGGAGCGCGCAGCGACGATCTGCGTGGACACCTTTACCGATGATAGTACAGCTCATTGTGCGTATAATAAAAATCCAAAGTTTATTCAAGGAGACGCAACGTTGAAGCGGTACCAGGAAAGGAGGCCAAGACCTCGCGCGGTCGGTGGTAGAGTGCTCCTGAATTGGTCATGTCGCTAAACGTCGACGATGTTTACAGAGTGGTAACCCTAGATGACAGGAGAACACAGCCAGAACTCATGGAGCGGCTCAGCATTGGTACCCGCGACTTCTTCTAGTGAGCCATGTGGAGTTCCCCCTATAAATGTGGTTCTGAAGGAGCGGACTTTGCCGGTGAATATTCGAGGGTTGATCTAGCCGAGTGACGATCATGAGATACCTAAAACCGTAACACCCCCGCTTCCGGAAGCTAGGCCGGTGGGAACGATATTCGTGTACAGATCCCTTGGCACACCGATATAGTTGCCTGCGAGGCTACTGGCCCCTTCGTGATTCTCTACGTAAGTAGGGGCGTGACAGGTCCGAGACTCATGGCGAATGCTGGGCTCAGGATTACGGGTGATGCATCGAGTCCCGGTTTAATCCTGTAGACTGACAATACGCAGGGAGCCAAAGACACACGTCACGGAAAGCTAGACCTGCACGTACGGTTTTCCTAACTCATCCCACGATGAAGTGCATCGTTGTAGAAATCCGGTCGTGTTTCGATGGACTCAGTACTGTCACAGCCTTGGTGTTTATAGTGCCATCTAAGCCTTACTTTCTCTCCCGGAGAGTGAATTTCGAGTCGTAGGTAGAAGCGAGACAACTTGTCCAGGTCCACCCCAGCTTCCTGTCGTGAGACGACAGCATTTAGGTGCTGAGATGCTTAGATGTAGTGCCAAATAGCGCTCCGTTGGATGAGGTGGCGCAACTCGGAAATTGTTATTAGCGAATTTCAATCCCCAATCCAATTAGAGGATGCTACCAGGATCGCCTTCTGTGAATGGCTGCAGCAACGTCTGTATTGGCGATCAGATGGGGACCTTGTAAATTACAGAATCTGCCTTTGAACCTTCGTGTTGCCAACCATGGTGTAAGCCATTGCACTTCACTCGTCGTTAGCGTCAATATACTCCGCCGCTGAAACTACTTCCTTGTTGTCCTAGAAAACCTTATCCTATTTCTCCGGGGGGCTTATTGTCTTGCTCAACGCCCCTTCTATTATGGGGTCCCTGTGGATGAGGAACGCCTCAAGGCACAGACCAGAGAATTTAGGTATTGCTTGTCTAACGTCATGACACAACTAGTGCTGGGAAGATATAAGCCGTACGATCTCCTGTTAACGGGGGGAGGGTTTCCCCCAGCATAGCCGAGTTCGCGACTCGCTCGGTGAAACACCTTGCGTGTACCGCTTAGCCAGGTCCAACGCCAATACAAACACCGGAAATGCCGATCTTGCGGGCAGACCACGGGGGAGCTCCGAGTCTTTAGCACGGATAACAGGATCCAACCTGACAGTGGCGGTGAAGCGGAAACATGGTCAGGGATCGTATCCAGGAAGCCTCGTATTTAAACGCTACCTGTCAAAGTCAGCCAGCGAACAAATCGACATACAGTACGTGTAAGTTATTTATGAGGGTGTTGCGGTGATTATATGCTGTCTAGGGATGACGGTGCGGGACTGTTGTTTGGTGGGTTTTCCCTTCTGGGGCAAGAAGTGTTAGTCTCTGACGATCTGACGGTGAATAAATCGAGATCGATAAAGCACTATGTCCCCACCGAGGACACGTACAACCTTCTCCGTTGATCGCACCGAATGTTGGGTTTACGGGTGATACTCACCGAATTTTGAAACCCCGTATACGTGAAAGAGATGCCAAACAGGGGCAGAGGCGACAGAATCTGTAGAGACACAACAAGACGATAAGGTGCTCA,1922,50.68,Saccharomyces cerevisiae
SEQ_525868,CACTAAACAGGTGCATATGTTGGGTCAGCCGTTAGGGGTTGTTCTAGCGGAGTACTCGCTACTTCTGAGCTTCGTTCTTCGAGTGTGTGGTTAGACCCCACTATAATCGATCCAAGTTTTTTGGCTCAATGTCTAAGCGTAGGCATCCTGTAGTTTGAAGCGTTGCTCAGCAAAGAGCAGTCCCTGTATATGTCGTAGCCCGCCTTTCGTCAGTAACCCTTACTTATAATCTGGGGTTTTTCCCACACTTTAGAGTTGTATTTAAGCGTACAAGCGCGCTGTGCACATTTACGACGCCCGGCACTCTTCTTGCCTCATCAACACATAAATCTCGAGTATGACTCGGTCGATTGCCGCACCAAGAAGCGGCAGTGCGATGTTTCTGATCAGCCGCCTATCGATTCTGGACCATGACCAAGAAGTATGCGACCCCAGGAGCGTGAAAGCGCCCGGGTTGTGCATGCAGTTAAGAGGAGCCCTAGTACTAGCGAGCTAGTTTTGCATTGATCATGCGTTGATTAATAAGTCACTTGCGTTCCGTACCACAACATTGGCAGGGCGAAGTAGGCGGATGCCACACATCATGTTTCACTATACAGACTTGAACAGGCCCTACCTGCCCTCGTTGGGCTTGTCAAAACCCATCGGGAGCGACTCATAAGGAGGTTCAGCCACGTAGTGTGTACAGCTCAAGTGGAAGAGGTAGTTGCGCGGC,715,50.21,Escherichia coli
SEQ_700090,TATCCACCGGTGTGGTCACGATAAGCAATCCCCCAGATTGCCGGCACTTGCACCTGCCCCTGCACGCTGTATCGCTATAAGCAAGTTCACTGCTCTGGAGCTTTGGTCCAGCCTATTGTCAGGACATCAGCGCGCACACCCGGTTGTCCACGGGATATGTAAGTAGCCAACAAGTTGAGAGAGCGACCCGCCCCAAGATATGACTTCTCAGTTCTAGAATGCCCCAAAAGTGTGCGGGCAGTCGTCGGGGTCGCCCGTCGCGATACTTAGGACGTATCCCAATCGGGATTTACGAGGGCGGTATTGCACCGATCGATCAGCTTCCTGACTCGTTAAGGTAATCCATGACGTTGGTAAACTGAAGCATCGACCAGACATGGCTTATATGACAATATGTCCAACAGTTCTGAACTTAGTTTAGCCATAAATGAAAGTCGTCTGATCGGCGGAGTTAGGCGGTAGCACCAGATTCCTATAACACCAGTTAACGGCCCCATACTAGAGGACAGGACGCTGATTTCACATGGATTCCGTTAGACGGCAGAGATCTAATCTTCTTGAGCGGAGATCCTCTTAAGAAGTCGAGCGCCCCCCAATCGGAATATGGCAGACCACTGGGCCTTCTAGCCTCACGACTTCCAGGGCGTGGGATGTGCTTGATGCCTCCTAGAGGCGGGGCGGGAGCGAGACCATATGTTTTGCAATTCTCGCAACAGGGGCGATAAGCGTGATACTCGGGGCGCTAGGTTGGGAATTGCCAGCACTGCAAGAGCTGTGATATTGTCAGCCTGTCCTTTAAGACCACATCCGAATCAATAAACCCGTGTTGTCAGGTAGCGTCGTGGTAGGACGGAAAGATTACATCCGGGCACATTACTCGCTCCTGCACAGCGCTTCGCGCCTGAACCCGGAGAGATATGAGGGACAAATATCATCTGAGCTACCGTCCTGATTAGGGGTCTAGCCTCCCGGTGACCAACCACGGTCCGGCCGTTCAGCACCTGCCGAGCGCTGCCCTCTCGAAAGTTAGCGACACACGTCATACATGTTTTCTCTCGCACACTAGGCCTAAGCCGGCAGGTAGAGCTTTGTGCTCATGAACCTGCTGTCCGCATGCACTTCAGTGGACGGATCGCTATACCGCAGAACCGGAAGACGGTTCGATGATCAGGCCCTTGTGGATATGATATACTACCATAATCCATCTGGGGCGAGCTTGCACGGAGGGCAAGTTGTCGGGTCCGTTATATGATGATAGCTGCTAATTTAATCTGTATGTGA,1281,52.85,Mus musculus
SEQ_131490,TCCTGTTTTACTCTTAAGAGGAATTTCGACGACGGGGTTCGATCCGCTACAGGCCCGGCTTCTCGACAACGAAGAGTGTAGTTAAGCGGTGGGCTATTTGTGGCACTGGGCTGTTCTCATGCTTACTCTAGGTTGCCACGCAAATAGGTTGGCGTAACAACATCTGCAGCGAGATCGGCCATAACCCCAGAGAGTTGCGGAACGGGCGGCAAATTCATGACCATGTCGGCGCCGCATCCAGTCGGCTGCAATTGTTACATGAGTTTATCGCCCAAGTTTTTCGAAGCGGTTTACGGCTTGACGCGGCTTATGTTGGAGAAGAACCCCTCATCACGTACGGGCCATACTCATCACCTCCAGGTGTCAGATACCTTCCTCCCCTCGAAGATTTGGTACTTTAGAGGCGAGACTTCAATCTTTCACTTGTTCGGTGCCTGGATTTGTGATCGCTTGCCTGTTACACGCCGCGATTGAACTGATTTTTATCCAACCATTTCACCGTATCTCGTTTCATTCTCATAACCACGAAACGACCACTTCTGCACGAAGGCACAAGCTGGGGTTTGTGAATCGGACAGACCAGATACCAGCTTATTCATGGCGATCCTTGTGATATCGTATTCGCTGCTCAAGAGAAGATATCCTTCCCCAATTCGAAGAACTTATAATCGAGGATATTTTATCCCTTCTGAGCCAAATTCTCAATGGTATTCGATCCCAGAAATAGCTGATACAGTGGGTGTCCAATCATTTGGGAGCAAAGTATACTTTCCGCACACAGCAGGCAGAACGGTAAAGTATTGAGGCCCAACGACCCTGCATCTTTCAGATATTTACTAGGGAAATTACACGACTCAAATCCGATTTTCATCGGGGGTCACATTATATCTTACACACTCAGGCCGGTTTGTTACATGGTGCAATGCTTTCGACTGCGTGAGCGGCCATGTATATTCCCGCCGTGACGCGCCGGCAGTATCACCCTACCCGGAACACATGGAATAAGGGAAGCTCGCCAGCACGCGAATTTTTCGGGATCTCTCAAGAAATTTAGTGCGTCCCTGCATCATAGTAGTCTCGACTTTCCGTTTCCATGGTTTCGCCACGTTACACATCTCTGTGGAACCAGAAGAAAGAACGATACACACAGAAACTGAAAGGTTCTAACTTCCGGCTCTCGCTTTCGCCAGGGATCTATTATCGTTAGAATCGACGGTCGACAGCGAAGCAGTCGGATCAACTGCCGCATCTAGTTTTAGACAACGATCGGCCGATCGCCAAGGAAGGCTGAGATTGCCCTAGACTCGGAATCGGAGCTGCAGACTGTATAAGATTTTCAACCACCAACGGATACAAGGAATCCCTCTTTTATCTAGACGCCCTTGACAGTTCTTACTGTTTCTCGGACGCGCTCGGTCTGCCTCAACAGCCTTAAGTGTAACGGATATTGTAAGGAAGAGAAAACGCGTTTAGCCAGCGGCTGGACATCCGGAGAGACCGACTAGCGTTTGTTGTATCCGAATCGTCTAATTTATGCCCCCAGCCCTCTTGCCAGGAGAGATTCGTTCATAGAGAAAGTCTATGTATAC,1589,48.65,Drosophila melanogaster
SEQ_789620,CCGATCGCGCCGTGGGCTGCGTATGGTACGCGCCGGAAGGTCCTGCTTGCGCGTCTATTCGCGCTCGAGTGAAACTACCACGTGCACCACCTAGTGATCGGAAGTGGACAGAAACACAAGGCCCTTACGCTGGTCTCGTTTCTATCAGTGCCGCCTGTCGTGACTTTTCATCCTCAAGTTTAGACCTAGCGCAACCGGTACATCACTCC,209,56.94,Drosophila melanogaster
SEQ_430204,CTTAATAAGGGGGCCCCTCCTGCACTGTATGGCTCCCTGGCGAACATGGGACAAGCCATAGAATATCATAGGTCTGTCAACTCGATTATGGGGTTTTCCAGTGACTCATCACCGGTGAGTCACAAAATTCGCGATCATGCTATGTTTGTCCAAAAGTCGCAAGACCCCAACATTTTGATGGTAATCCCCAGCTCGTGGCTGCCCTACATTGACAAACAACCCCACGACGGCACACACCACCTGCTTAGTCGACTTCGCAGACTAGACAGCTAGGTTCTCAGAGTGTTGAAAATACGCTCGTCCTTCCCAGTCAGCGC,317,50.79,Escherichia coli
SEQ_393970,CTTCTGAAACTCGTGCGCCCACCCGGCTGTGGGCTCTGTAGCGTATCAACTAATAGGAAGCTTTCCAGCTCGGTAGGTACTCCAACTCACGAAAATATGCAGACTTGCACTCCTTGGTGTACTCCTATTTACAGGTCACTGCACTAGGTCTTCGCTTGAGGGGCGCTCCGGAGAGAATCGAGCAGTGAGAGTGACAGTTTCCACCGCAGGGGGTGCATCCACCAACACGGCTCCGCCGATATTCCATAACTTGATCCACGGGCGAACGAAGGCGGATTGCCGGAAACATTTCCGCCGGACTGCCCAGACGAGGGTAAGGTATTCACGAAACCGCAGGGATGGCTTTTGTTGTTGGCTCCAGCACAATGAGCATGGGAACCCCTACGCAACGGTGGGGTAGAGCCGGTTAGTGAACAACCGACGCAGTAAATGCGAGTAGAGACCCCTCCCATTACAAGCGTTCCTAGCATACTATACCCCCGCTCTAGTTTTAGGCACAATGCTTGAATTCAGCGGGCTAAGCATGTACACGCTGTACGGTCAAGACCTGCTCCCCTTTTCGCTCCGGGTAACTGCGGATGAAAACGCACAACGTGCGGTTAG,603,54.23,Mus musculus
SEQ_219660,TGATCAAATCTATTGATGAAGCGACGCAATTCCCTTAAGAATAACCGATGCTGGTAATAGCGTTACGCCCTCGTTTGGGCGGTTGTATGTATCGGCACTGCTGGTCCAAGGGTTGTAGTTAGGTGACTGCCCCTGACTCGTAATCAAAGCATTACTTAAACGGAGCTGAATAGGCGGTCTCCATGGATGAACTGTTACGGGGAGCGCGTTTGCCCTGCTTGAGTGAGTCTGGGGACCACTTGCGTAGTCATAACCTTAACATCAGGCACAGACCTATTTCCCTGTCTACGAAAATCTTTTTTCTAGCAACCCCCTCGAATGCCCTGTGTGTGCCAAGCATCATGCAGGTATGTGTCCCCCCCTATTACCTTCTTCGACGCTCAAATTCCTGACGGAAGCCTAAGAGGGCCGTATCACCATTTACCACTTCCGCCTGGGCTGCTCTCCGATGTCTTCGTTTCCTACCCGGCCTTGTAAGCTACTATCGTTATTTTTGGGATGGAGTCGAAAGTTAGTTATCATGCATTTGCCGTATGCAGCGCTAAT,546,49.08,Arabidopsis thaliana
SEQ_520324,GAAGTTGTCCGTGCTGCATAAGAGTATTCCAGGCGGTTCACGTCGAGACGACATTCATTTAGTGGCTCTCAACAGGGGGTGTTTCAAACTTCTACGTACACAGAGTGGCTAATACTGCGAGGCATGAATTGGTGGTCACTTGATTCTAAGCTTGTTTTATTGCGCGGTGGTGAGTGAGCCGCAACTTCACCAACGAGACTCCGCTGCTTTCGCTGACACACGACATGCCTAATTAACATCGGGCGAACACTGGCCTCTGTTAATATCTATACGGCCTCTGCACTTTCCTGAAACACCGTGTGTAACGACCCTGCCAGAGAACAAATGTGACCTAGACACGACGTGGATCCTTCCGGCCAGCGAGATACAGTAAGGAGTACTACCGGCTTCTTGTTAGTGCAGCTTTTTCGTTCTGCTCTGTACTACTAGCCAGATCGGGATTTGCTAAGATGAGCGTCACGAGCAATCAACTCTCACTTCTCTGGGCGCCTAGGTACGCGGGGTTGGCGATGGTGAGAACATGCTAGGTGTCCGTGGAAAGTAGAGTAGTACATGAACCCCTTAGTTGGCATTTAACCCAGGAGGTATACCCACTGGGGAGCGTTCTCACATAGAGAACCTGGTATATGCATGCATGCGCTTTCCGTCGAGCGGCTGTTAAGGAGTGATCAGACGGAAAAGTCCGATACTCGGTCTTGGTACATCCACGCAAGGCACACGGTGGATCAGAAAAGGTTTGTACCACATCATGGAGCCCTGGTGATCGCATAACAGCCGAAACACTACGTGAAGAATAACTCTGTCCTGAGTCTTCCCTGCATTTGACCGTAATTAGGTTGGAGGACCTCGGTCCCTGCGCGGCTTCGCGAGCGATAGCTTATATCGTGTAATTCCTCGGCCGACTCGTGTGTACCTTTACTAGCAGTCGGCCCATCGCCCGGTCACTTTTAATTACTTTGGCTTATTCCTACTTATCTGCTGGCGTTGTCTAACTGAGCTCATCGGGAAGTAGTGCTGATTATCCGATGTCTTAGCTTAATCGTCTCATCCTAGTCAAAAAGAGAATCGGACTCCTTTCTGTTGGGGGGCAAGACGGTGACACTCCCGAAAATCAGCATCAGTCCAAGTTCTATCCACTATCTTGCCTATTCGTCTAACTGCCACCACGACGACGACCACTGGTTTCGTCTAAGTACACTGGACGGTTGCAGTCTTTACCAGCCTCTCAATTGAGCTGCGAGCGTTCTGTTCCTGAGGTCGCTGCGTCCAAAATAGATCTATTCAATTTGCGTTACAGCTGCCAGAGGGCCCCCTTAGTCTATAAGTCTGTAGCAGACGATTGGTCACAGTATGCCGTGTGTTACAGATATTACTGCGGTTTCCCTAATGACGTAAAACCGTACCCCCGGGCACCCCACACAAGTGTCCTGAGATCTCGCGTCGATCGTTTAGTAGTCTTCAGTAAGCTAGTTTGATAACTCACTAGACTTCGGGTTTCCCGACTTCGGACGTAGTGCAACGTTGAGATGCACGCCGGTAGTATTTATCACGCATGTGTTTGCCGGTACGTCCTGCCCAGCCAAACGGATCGTCCTAGCTTTGCCTTAAGTGGCGAGGTTATTGATGATGACAGGGTCGGTTACCGCCATGCATCAGCTCAACGAGACCCGACATATAGCTCAACCGTCGTGACCCGACAAAATCCGGTATAGAGCACTTCCCATTGTAAGGGCTTCACGCCGACAGGCCTCCTGGGTTATCAGTACTGTTGACTTCCCAATGTATGGTCAGTATGTCTAACGTTGAGTATGTCTCCGCCTGTCTTTAGAAGTTAGTCGAAGATTCGTAGCCCTGATCTTTAACTCTCGACCACGTCGCGTGGGAGCCACAGGCCTGAAGGTTGCACTATCCTGCCCGTTTGTACTCACCTGATTTTTGTCATGTGGGCAAGAGGTTGTGAATGGGTT,1967,50.18,Saccharomyces cerevisiae
SEQ_472376,TAAATACAGGGGCGGCTGAACATTCTAAAAGCGTGCCAAGGCTTAGTTAAGTCAGAATGTAAGCAAACCCGTAATAATGTACGGATGGAGCTAAACCGTCAGGGAGGTTGCCTTGGATCATTATGCTTGTCCGCTAAGCGGGACATCTTGCGGCTTGGAGGTCTTAAATGTCTGGTCATTAGGTGCAGAGCCAGCTGTTTGTCCCACGGACGTCATGCCCTCTTCCTCCCCATTTGAATCCCAGCGCGGGTCAGACTTTTGTCGAAAAAGTTAAGGGTCCTAGCTAGTGATATCAGGTAAAGTTTGAAACAGAGGGTTCGGCAGTATACAGGCGCGCGTGGCAGGCCTACGGTTGACGGCGAGCCCCCCAGGCTATATTCAAGCATTAATGGGCCAGAACGAAGGCATGCAGGGTTAAGTGCCACTCGATATGCCTGTGTTCCAAGCGATCTTGGTTGATTTAGTACACGCTCTACTCCAGGTACATTTCTTTTACAATGCGAATATAGGCTACGAGGGTGATCCGACTCACCGGCTCGGATCTATAACAACCTCAGCAGCATTGCATTGGGTATGCCGCTACCACACTCGAGGGCGCGTCCGGTAGCTGCCCAGAATCATTAGATGGCCACCAAATGACATGAAGATTACTTATTAAAGGCCGGCAACGGCAGAAAACTTGTGCGGCCTTTAGCCGTCATGTGCAGCTGATCGATCTGCGGCACGGACTTACCCACTCTCCTGTGAAGTCCGTGATGTAGAAGATATTGAGTGGATCGCACTACCGGGCCGCTGACAGCCTTGATTCGGACCGTGCTGTAATGGGACTACCATAACACACAGTCGCAAGGGTGGGCCCCTGGCCAGAAATTTCGTCGTGTCATACGACCGGCGGTTCTCTTCATATCTGTATAGCTGGTTTACGGTATCACTGATTCCGCCGGGAGGGACCTGACGAAGAGAACGTGCAAAGGACAGCCTATGGGCACGTCACACTAGGCGGAGTTCATCAGGTCTCCCCGGTCTAGCAGGCTGGGTGTCCGATCTGTAAAATCGGTAAAATTCAAGCTGAGCGGCAAGGCACAACGTCGAAACAGACGAAACATAGCTAACGTGAAGGCCAGTCATAATTTATGAGAGTGGGTCCCAAATGGCGTATTCTAGTAGAATAAGAACGATGCACTATTAAGCATAGGGGTGACCGTGAAGGCCTAGGATGGTTCTGCAACACTTTTACGGCAGGCTATGTTTTACACCTTACGCGGCACGACTAGAATACTCAGTCCAATGTATAAGCGGCATCTCACCGTCCGTGTTCCTCTTATACTTAGCAGGGGCTCTTAGAGCCTTCCTGACTTCCGGTGGGCTACCCCTGATAAAGGCGGCGTGAGAGATTAGGTGGGGACGACGCTGCTGGCTCGTTAGTATAGACCCGGGAATACCGCGTTTAATGCAGTCTAAAGTAAATTGCCCCAGTCCGACGTTAAGTTGTCCCCCCCGATTATACGGGGATAATGCTCACGCGTGGATTATTCTCTGTGAATGGATATGAGTCGATTTGTCCCCGTAAAGGGTCTCTAGTGTAGATTGCTGTTATGTCGGTAAACCATTAATAGTTCGGTGAATATCTTCTGGGTAAATGTCTTGTGATGTTAGTATGCCACGCGCCTGCCGACAACGTCCGCTGTTTATACTCAACAATCTTTGATTTGATCGTTGTTCAGGTTTAAACGTCGAGGACTGTGAATCTCAAAGAGCG,1759,50.09,Caenorhabditis elegans
SEQ_445727,GGAGATGCTATGTTAGCTAGGTTAGGTGGCTGGGAACCTCCGCACCCCCCTCGGCGTACGTCAACTTTTGACGGGGCCTTACTGACTCTGAGGCATAATCCTCATGATTGGCACTTGATTTCAATCCGTCCAGGAGACTTGTACCTGACCGACAAGCTCAGGCCTGTATTTACTCAAATAATGGTCATGTAAGGTAGCGGTAGGGTCCCAGGGATAGGGGATAACCGACTTGTCTACCCACATCAACATATTCAATCACTTGTCGACGGAGTAAATCATTCCGACCAAATGACTCGTCCTTGCGAGTGTCTAGAATTCCAAGAATAACTGTTCGTTTCACCTAAGTATTACAAATCTGCGTAACAACATACACCGCGTACGTTAACGGGAGACAGTGATATTTTACCAGTAGTCGCAT,418,47.13,Caenorhabditis elegans
SEQ_884723,AAGAGGATTTACGTAGTAGGATGCGCCGGGTTCTTTCGCCGAGCGGCCGGCGGCAGGCAAGACGCAGCCCACGGCCGTTCCCTTAATTATCCGCTGGGCAGGGAGACGACCAGGACAGTCCCGTGATACGCTAGTTGTCTCTTCTAATCATCGTAGCTCTTGCCGTAACAAAAATACCTCTATGCTAACCTAGAAACTCTTGTCCTAGCGCCGTGTAAGTCGACGAAAGTGTCTGATCTGGGTGTGCCTTGAGCTTACACGATAAGATTTTGAACCAATTGGGC,284,52.46,Saccharomyces cerevisiae
SEQ_370684,GACGGCAGGTCAGAGGAGGATTCTCCCGCCAAAAGAGCTTAGAATTTGGGCGCAGCGCACCCACTAACGGCCGCACTTAAGCTTATTTGACCCTGAAATATTGCGCTACATCATGGGACTTGAAAGCACATTTCTGGAGACTTGGTGTCGCGATTATATTGATGTGCGCCATGCTGTGGAGCGTCGAGCGGTACGGGGCGCACTTACAGAATGAGACTTGGTAGTCTATACCCTAGTTACGAACAGTAACGCGATTCTCAGCACGTCTTGTCTCTTACCACAACTTACGTTTCATTGACGACTGATAGCTCGTGGTAGTCCGCAGAGTTTCCACGCTAGATCTATTAAATAAATTATTACAACCCCACAGGAGAATCGCCCCATCACCGTTACCCCACCAACGTATCACGTGAAACCATCCATCGGAAGGAAACCTGAATGACTCCACAACCAGTCCGTACGGGCGGTGTTGGGCCGGGCGTTTAGTGCGTCCTGGTCGACTGCCCCCGACGTTGCTAGCTCGAAATTAAACAGCAGCGGCCAGGAAGATAGTTCTACCTGCGCTCGAGCATGTCTTAGTGTCTAATGTTTAAATACTCAAACGGCGTCGCCCTAGCGTTGAACGGGAGCCAAGCTCTTGAACCCCTGGGGATACGAAGACTAAGTAACTTTTAGATTGTCACGAAGCCCATAATGCCCAGTGGGCTCTATTATCGGTCGGAGCGCGGTAGCCGTAGCGTAGGGACGTATCAGTACCCGCAAGAACTCTAATTATTTCACTGGGTGCTTTGTAGCGAGGGGCCTTGACTAGGCGCCCACAATATCAGGCACTAATTTGCTACTACCCCTGAGATAAATCCACCTCTAGGCACTAATAAAGGATTCAATCGCTGGCACCTACCGTACGTTGTTAAACTCGTGTTCTACTGCGTCGTATAATACGGTAGCGCACGCAACCCAGGTTGGATAGGCCGAAATACAGGCTATGGTGAGATATGTTCCGATGCCGGCGGTTGCCGATCAAGCTCCTCGTCTGCCCGGCCCACACTACGCACTTGCCGTAAATTTGGCACGACATTGAGATATGTTGAACTGGTGGGATGGGTGGGGCACTGGTTGCCCGCTCGTCGAATAGTCTCGATTCTACAAGCCCATAACGATTCACTGACAGGCGCAGTCTTCTCCGGGACATTGACGCTTAGTCTCCCCTGGGAGTTTCTCTCTTATTGCGGCTACTCCACGCCCGTTCGTACTGAGGTGTGCCTAAGACTCGTCGCAGCTATTGGTCGGCACCTGTCCCGGGAAAAAAGAGAAAGGGGTCATTGCCGTGTGCACTAGGAAAAGGATACCTCTAGAATGTGTACGGCTTTATTTGTCCAGGCCATCCCCTCGCGCCCGGTTGATGCCGCGCCGATTGTTACAAGTTTAGGCAGGCATTCAAGTTGAAGTAACCGTATAATGGTTGATAAACCTCATCGGGATCCGCGCCATGCTTCACGGAGCTACCTATCGTTACGGCACGACGCGTTGGACGGTTCGCAATTGGGTCGTAAGTTGTAGGCAACGACCGATTGTCCACTACGCTGGTGCGCATCGTCGTTCAAAATAC,1609,51.77,Homo sapiens
SEQ_521165,TCGGGGGCCAATTCTGAGCCCTTTCAGCTGCACTTAATGCAGTTCACACATCCAATTGTTTCCCGGATCACCATATTTTTGGGCCCATATGGGTTAGTTGCGGGGGTTCGACGGTCTGATTAAACCTACAACTAGAGCATGACCCATCGTCCCGATGACCATAACATATGGCCGAGTTGGGACGCTTCATTAGTTATTCTGGCACGATGTACAAACGCTAAAGACAAGGAGGCGTGGTGGTCGGCCCCGCTTCTATGGATGGAGCCTGTGGAAGGCCATTGGTGGGTAAGGCAGGTCCCATAGCGATCTGATATTTATCCGCTCCGGTTCATTGAACGGCCGCCAGTGGCTACGTCCACAAAACGTCATTGCCTCCGACTCCAATCTAGGCACGGCGGGTTTTTGAAAAGCTTCCAACTCCATAATGGTTACACCGACTGGGGCAGTTTGCAGAACTTCCCTAGGGTTGCCTGTACCGTTCAGTTTCCGGACTAGAATATGCGGCCCCCTACTCAACATATTGGCCGCCTTTGTTCGTAGGCGAGGCAACAGAACGCTAGGTATTCTATACCGGTCTCGCAATAACGGACGTGCTCGTAACGTGCTCTCTAACGCACCGTTTATTTTTCGGGTCGTGCTCCTCTTTCGCAAATGGTTTGCTTGAGTACTTCCAGATACTTGAGCTTCAGCTACCTCACGGGGAGTAAACCGTTGCGTCTCTGATAGGGAGGCATTGCTTGGCCGGTTTTAGTACCTGCTGCCAAATCTTTGTTGGTCGTATTAAGAAGAAGACATCGTAGTCACTACGGATTTAGACGGGGGATGCCTACACTGGTTCTAAAACTGCGGAGCTGTGTATCTTCCCTAACATGGTCAAAACTGTTGATAGTAATAAACCCCGACGGCCGCGAGAGCCCTAGTCCCTAACGCCTTTGGCGGTGAATTACGTACGTGAACCCTATCAGTACTTGTGGAAACCTTTTCTCACTTATTCACGCGTCTTAATACACAACCGTGTGCTACAGACAGACCGGCAAAACAGACCGCACACCATCGTTACCGGTCAACAGTCAAGCTCCTGACTTGAAGCCCAATCGTACCAATAGGAGGCTCGTTTATTCCTATGGATATTAGTTAGAAGGACTCGTCCTGGTATTTTCGTAGCGGGAGGTATACACAAAAGAGACTGATCCTCGAGACATTCGGAATCGGTCTCATCCGGGGACAACAACGTGTACATCTGTGGGCGAGTCCATTCCAGGAATAAGAGGGATATCATAGAATCCCCACTGAAACTCCATGATTATAGTAGCCCACTGTTGACAGGCTGTTACGGTGCCAGTTCCTGAGCTCCGAGTTTTCAAAGGTCAGGGGGCCGAATTTGACAACCGGAATGTCGTCTTCAGTACTCCGTCTACATGGTGGAATCCCGCAGTCTCAGACCCATGTGCGACCGCGCGACCAGGACTTGTCCGTGGAAGTGATCTTCGTTGTATAGAAGCGCGCCTAACGCTAAAGTTGAACTCGTACCTCAGCTATCTACTGACTAGCAGGTGCG,1558,50.32,Mus musculus
SEQ_977919,GTACCCACCTCTCTAGCAACGCTGTATACGTCGGAGGCTTCTGTACGTTAGTACGTTACTCTCGCTCTAGCGAAGGACTCTGACAGTGGGGCAGGCTTAAATTTATGCGCTTGTTAGAACGCAGCAAATTAATGGTTGTGTTATTTTAGGTGCTTTGAATAACTGCTGACAGAGATATCTGGAGCGTGTTGACGCTACCCAATTGGCGCGCGGGTTGTTAGCGCCGAACAATTAGCTGAATCCGATACCCAAGCGCACAATCTCTGTTGCGGCATATCACCCTTCCGGAGTACGATCGTTGGTACGTCAAGCTTTGTGCAATTTCGAAGTGCCCAGTAC,339,48.97,Saccharomyces cerevisiae
SEQ_318814,CCATTAATGCCTAAACTTTGGTCAGCTTCCTGCAGACTGAATCAATCTCATCCGCCGGTTATTTATCCGAATGCCTAACACGTCTCGTTCGTCGCGACTGCGACGGTCTAAAGGGCATAAACGCCGGGCGGCTTTGGATGGGTCCAGGGGGAATGTTGATGCTTCTCGCAGTTTTGGAAGACTCGCTCCAAAAATGGATCGTCATATCACAGCCGGGCTTCAACATCCAATCACCCTAAAGACGGGGACTGCAACGTTTATGTCAGACGATGTCCTGTGAGTTCGCCCATGCAATACTGCTCAGCCTCTGGGGGGCTATCTCTTCCGAAGATCCTACCTTAATACATCATCCGACAGGTCGCATTTTAGGTCACGGGACATTGCCGCCTTCACGAGGCGACCGCCCTATGGCTTCCGCTTGCGCTCTGATGTGATGAACCACCTTAACGCCTAAGTAATTAAATACGGTAAGCGTAGATTATTAACCCGGACCATTCACGCATAACCAGCGTCTTAAGCGCGCTAAACGAATGGTTAATATTCACAACCTTTCCTCTAGATAGACCCCGACCTAAGCAGTGCCGCAGTATTAAAGTTCCGAGCGACATCGGCGGATCAACCCGAGCCGGCAAGGAGCCCCACAATGCGTCAGCGAGTCGGGTTTGTTGCTGGTGGTTTAGAGTGTACATGCATCAGATCATCTGATGGGACGGCACTGATTGAGCATCTGGCACAGGCTTTACGGGTGAGAATTTCTTAGTTACGCTATCATTTGATAAATTTCATGAGGAAAGTCCGATGCCCCACTCATTCGGTCAGTGCAGAGGCTTTCGTACGACGCCTAGTTGCTGCAGCGCCCGGAAGCTTTATTAGCAAAGTCTCGACGTCGTCAGAGGTGGTGTGTGGGCCTGGCCTTGTACGTCAACAATACCGCTATAAGGCTGATCGACTATTAAGTCCCACGATAAAGTACTGCCCGGGCAGGGACCGTTACAGACCGTAATCAGAACGTACTAGCT,1019,50.93,Escherichia coli
SEQ_130287,TCCCAGGTGACCGCAGGGCTATGAATCGGGCCATGTGCAGGACGGTGCAGCTGAGCAACAGATTTGACTGCGATCTGCACATGCATAGACATATTATGAGGTGAGACAACTGCGCGACGTACAGTGTTCGGACTTGGCGCTGAGGAGGTACGCCGTCGTCTGCAAAATAGCGTAACTGGAATAACCGGGAAATCACGGAGGATCAATCTTCTGCCAACCGGAATAAGCGTGGTGTCAGCGGGTATCAACACTCCTTACCGCGTTTCGTAGTCTTTAAAGGAAATCTTCTCGGCTCTGTGTCGCAAGGCATCGTCCCTGAACAAAGAGATGTCCATAACCGCCTACTCTCTCCGCCCTTACCAAGATCAGCTTGTCCCCTATCCGTCGGCCTCCCACCTTCCCTTACCGCAGGGAGTGATCACCGTCTGGTCCGTTTAGACAGGAATGTGTGTGGGTTTGTCAGTCCTGGCTAAAATCGACATATGCTAATCTCCTGCTTTTGTAGATAGCCCGCAAAAGAACCG,524,52.29,Caenorhabditis elegans
SEQ_874680,CCGGTATAGATTAGGGCTCGGCTAACCCCCCGGCCGTCCTACCTTTGCGCAAATTATAACCAAGAAGTAATGTGTTGTAGTCGCTTGAATTATGTGACTTAGCGGAGCGCGCTCCGTATGGGGGTGGGATTGAGCTCGTGGCAACGTACCACGGGATCGTAATAAGAGCGAGTTCAATCCTCCTCAGTTCTAGGACATCAAACAACAATCGTAAGTGTGAGGAAATGCAACACCTGCATGATAAGGTGACCAGCGAGTGGCACAGTCCGGTAACTGCGTGACCGCTTGTATTGCCGATCCTACAGGCTTTCCTCTCCATACTCCGACGAAATGCTCCCCTCTGGGTGTAAGAATCGCCCTCTAGAGGCTCATCGGATTGGACTGCCAAGCAATCCAAGTTCGTCCCGGTCCACCTATTTGACGCTAAAGGGACCCAGTCGACTCTCGCCGCTAGCGCAGGCAATGATTAACGAAGCTGCTAGAACTATTACTGGGTGACGACAAATGGGCCTATTTCGGAGCCCCATCTGACATTTCCCGTCACCTCCCCTACGCAATTAATAGTCGTATCGAAGGTTCATCTTCATAGCCATCACGGTCAGAGACTATAAACAACCCGGAGAATTGTGTACTAATAGATCGCCCTCCTGCATCGCGGCCGCGGATGGAACGGAGACGTCCTGCTACGCTCATTTAGCCTGAGGCACGAGTAGTAACATCCCAAACGTAATGGCTCCTTGAAAGTTTGAAAACGACGCTATATTAAGAAAAGACTTGGACGGACGTTCCCGTCAGCCGTAGTCGGGTTTCCCTGAGCAGCGCAGGATCCGCGGAAAATTTCCGGCAATCAAGTCATCCTGTGCATTCCGTACCTAGCATAAGCAATCCATCGGTTCGATAAATTCACTCAAGTTCCGTATGCAGTTTAGTAGATTGGTGTTCTCGGGTCCATTCCCAAGCATCGATCGATGTTAACGTGACGCAACGAAAAATGGGACAGGTTCACCGACAGAACTAGCCTTTCGACGGTGACTCCGATTGAGTTGCCCCGGTATCTTCCAGTTTGCAAGGCGATTAGACATTGTTTGAATTTGAATTACGTGGACCACCGCTCCCGTGACCTACTACTGATTGATCTGCACGCATCCAAGGTATATAGACCTCTTGCTTTGAAAAATGCTGGCTATC,1188,50.08,Homo sapiens
SEQ_282229,CGGCTGCTCGTGCATGAGGCCATAGATTTATCAACGCTTTCTTAAATTAGGCAGGTGTCCTAACTGTGCCGGGGGTGAGGAGCGAGCGCTAACCCAGTCTGTCGTCGTCCCCAACGCCGTCTTACCAGATGTAATCAGTCAACACTCGCGCTGTTTCGACCCAAAAATAAGGTCATTCTAGCAAGGTTCAGTAGGGACTGACGTCTACTCGGTGTGTGTCTGGAAAGGTTCGTGGGGATCTTCGGCCGATAGCGTTTGTCAGCGCCGGTTGTTGCCTACGACGAGTAACGGGCATCTAGGCCAGTCGTGGCCAAGATCGCGTCCGAGCTCTGATATGCGCGGCGGAACAGGTGTCTATATATCAGGCTGCTAAATTAGCGGTGTACCGATTGCGGAGATTCAGAAACGGACATCAACTTTGACGCCAGGCAATTAGGCAGCAAACTCCGCGCTTCGCGTGGGACACCGGTGAACCCGCTGCGAATATAGTTCTGACGGCTAGAGTCTCCCGTTAAAGTCGCTGCCCCTGAATTATACATCTGTTACGATGGCAAATTGAACGATAGGGCCCCAACACAAAGTAATTAATCTGGTTTCTGAACTACGACTGGAAACCTAAGCATAAGGTGAGTATAATAGAATACGCTATGTACATAGCGTCCAAATCAATCTCCCTGTTACGCGGGAGCGGACCAGGGCAGTGCCGAGTCCCGAAAACTCCCAATGGGATGAAGATTGCCTCTCTGAGCCTGTTGGTCCAGTCTCGCCTATGTCTATCTGGAGCCATACGTGAGCCCAGACAGCCTGGACGAAAAATTACGGGGTGGGTGGCACTCCCCCCTACGTCGCCCCACACCTGAACATAGCCATTGCCTAGATAGATATTTCCACACAATTATCGGATGCCGCGAGCTACATGCCCTAAGTGCCAATCGAGCATGGTGTCTAGCAATCACACTCCGAGCATGAGTCCCGGAGAGTTCCACAGTGCCTCAGTGATTCTGAGACGACACCACCCCGGTTTAGGCTCGCGGCCGCATGCGAGGTTCGATACGGGACTATCCTTGATGGTTTCACAACAGAAATTTTAATGTTCACTAGTTGGCTACTGACAGATTTACGTCTACTAAATAGACCAGCGAAGATGTCTCCTTTGTAACGTGTACAACCGCCTACATGGGATCGCGAAGGTTCGATCATGTGGGAGGTGTACCTGGCCGCGTTAAACTAGTCGAGCAGCTCGGAGACTACCGTGAGAGTAGCTCAAGGCCCGGTATCATTTCTTGCAACAAAACGTAGGGTATCAAGGCAAGCCGGGCGCATCGTATCTCACTCGTTTTCTTTCGCTTCCGCCCCCCAGTGATACCCTAATGGCTAAGGGTTCATAGCGGAGTAATTTAATAGGTGCGCAACGGGATAAGTGAATTAATCCAACGTTACGACATAGTAGATTAGTACCGGAAGCAAAACCTCGGAGTTAACCAAGACAGAAAATCAGGCTCAATACGCGAAAAATTAGTGCGGTCCTATGCAGTCGCACTATCAATTTCTTCATTGACCGTCGCTAATGGTAGTCTAGAGGTAGTTGACCAGATATGTTGACCTGAGGCACTCTAAAGGAGGTACGAGAAACATCGGAGGCATGGGCCACTCTACGAGGCCTTAACTTGCACAACAGTAGAAGGGGCTTCAGAGCCTCCTTTGATACGCGGTCGACAAGCCGACCACTTCGTACCGGAATCTAAATTTAATACTCTTTCGAATCCTCAGCACATTGAGACCACACGGTAGAAGGCCGCAGCAAAGAAGGTTTTAGAGGTTAATTTGTAACTCTGTCCAAGTCCATGCACATAGAGAATGTTTAAATAGAGTTTCGTAAGAAGCTGCAAGCATGAGAATCTGGGAAGGTATCCGCGGATTCCCTCCCCAGATTTGTTATGCCGAGAAG,1948,50.1,Mus musculus
SEQ_456672,TGGACCCGCCCATTCTAGAAAACCCAATAGATATCCATCGTCTTCGGCGTACTTCAGTTACGCGAGTAGACTCTCGATTGTCTTATCCATAATAAGTCTTGGATCACACTTTCCTGCCAACTCTTTTTGGTATGTATGAATGGGCCTATTTACCGCTAGATTAAGAGACGCTGTTTTGTGTCGTCGTATGAATGTTAAGTTATTTGCATTGCCCTGGAGCTAAGTATGTGCTACAGCTTTACGATGGTTCGGTTCTTTCTCATAGGTCCCTATGCTCATTTTGTCTTGATAGCGACTAGCGTGAGAGTTCGCCGATGGTACAATAGCCTATGTGCCTATGGCGATAGGACGTGCTTGTACCAAGTTGAGGTTCGAGAACATTGTTACGCTCAGTACGCTGCGGACCATTCCAAAAAATAACGCCCCTAACTATTGACTGTGGCGGCTAGTGACT,454,45.15,Caenorhabditis elegans
SEQ_681822,TCGAAACGACATGACCCTAAGGCCTCTAAACTGGACCCGTGTGTCAGGCCAGCTTATTCCAATTTCGGTGATCTAGCATTCGGTACCCGCCGGGGCACCGGTACACTGTCATTCAGTGGAAGTGAGCAGCAAGTACTCTTATAGCGAGCCAGGTCACGCAAGGTCCGTGCCGTGGCCGGCCAAACATTGCCGGGCCTTGCGACCTGCTCTTCCGCGGCTAGCATAGTACCAGTCCCAATCGCCATGTTGTTGAAACAGCGTCTGGCTTCGTTTAGCTCCGGCTCTTGGATAGCTGAGTCGAGAATCCTCAGGCGTACCAACCGCGTCTTTAATGAGTGACATTGAAGATCACTCAAATCCCCTTAGCACGCTACATTCGTACCCTGGCTCATCCGGCCGATATATTGATAGGGATAAAGGAGCCGTCATCTTAGGGCATGAGCCAAGTTTGCGCTAGTGAGGCCAAAGTCCAACTTGAAAATTCT,485,52.99,Arabidopsis thaliana
SEQ_688881,GCGGCCAAGCCGAAGTCGTATAGACCATGTAGTCCTGCCTGGCGCAACCTACATCCCGTGGCTAACGGTGCTCCACGAGGTGTAGGCATTAGGTACTATAGTAAAGTGGCTAGTGCGGGTCTGCGCAACTTTGTGGCGTCCATCCTGGGCGATATATACGGCGGCGTCAGACCCATCACGCAACACTCCTTTGCCACAACGCCCGCATACTAATCTACGACGTTAGAAGTAACTACTCGGTACTGGGATACACCGCCATCTGACCTACTAACGATTACGGCATTCGATAAAGCTCGATGTCTGGATGATCTCCCGGGATCACGCAGTTTACGTCTCATTCCAGAGAGCCAGTATAGCTAGAGGGTTGGGTCCGTACTCGATATACTGGTTGAAAGTTAATCCCGCAACAAGTAGTCAATCTGGTGATGTATTAAATAAATATGCTCCCGCAACAAAAACAGTAACAATCCCGAACTTGGTTAAAGGAAATCCGGTCCACTATCTAGGTAGCGTCCATATCTAACGGCGGGTATTTTAGTACTCAGATAGGTAGTGCCGCGGAAGGCACACGTCATAGGGAGTCCTACCTAAGAGCTATCCAATATAAGCTCATACATATCTCATCTGATCACACGATTTATTTGAGAATACGAACATAACACGTCGACGCTCTCCTAATCCAGTCGACCATGCGGACAATTCATCAATATTAATCGATAGATCACTGGATTATTCCAGTGGCTAGCCAAGCCTCGGGCTACGTTCTTTACTTTGCGTTTCTTCCAAAGGCTGTTGCGGCAAGAGATATGGATAGTCGCGGTCGAACTCGGCGGGTCGAGAATTCCCTTCTCAGAGACAGGCAGACGTTGGAGCACGATTGTCTGCCTTGTCCGTTAAGCCAAATTGGCCTGGCTGATATATCGCTTGGTGAATAGAAATCCACGCCTACGGCAATTGGGCGTTCGGCCTTCGGCCAATAAATAGATCAACGGATTCAATCCGTTGGATGCGTATCTCTCAAAAAGTACCAGCTTTAAATGCAGGCTTGTATGGAGGACGATCGAGCTTCCGAACTGTAACCAAGAGTTGGAACCCACGGAAGACTGATGTCCTAGTGGGGCCATCAACAGGGGTAGCGGTATGTCCATCCGGCGGTATTGTGGCGGGGCATTCTTGGTACCCCCGCATAAAGATCGTGGGCGATTGTGCAGCGCATATATACCGGCCGGATGTTATTTCGTTCCTCCGTAGATTATAGACCTATCTGTCAGGTGATAGTGGCCTAGATTTCGACAGCCAACGATGCGTGGTGGCACACTCCATAGTTCGTGAACCGCGCGAGTAGGGTGACTTTCCTAGTATTCTAGCTAGCACGTGAACACGAAGCTATTTCTTATCACCCTTACCGCCGCGTTGAGTTATCACGCGTAAACAATATTCCCCCGCCATGACC,1453,49.42,Drosophila melanogaster
SEQ_433076,AGCTCCGCAACCACTTAGTTCCAGATGCTCCCACGAGGACCGTTTCTAACGCCACGCATGAAACAGTAACACAAATCAGTGAACGCTTGGTGCCGATTTTTGATAGTGACGCAGGAAATAAGCTGCGCATGTATGGAAGTCACACGATGTTGAGGCCGACACGATTAATGCGGCGTATTTTACCGACCACGGACTATGGCATGGGTGAGGACGTACAGGCCGAGGCGCAGGTCAACGAGCCCCCGTAGAAACAGGTATATGAAAGGAGACAAAGTATTTCTCCTTTTGAAATAATGCCAATGATATCGGAGACTTAACTCTGGTTTGGCCATAATAGAGGCTATTCCCCGGGCTTTACGCGTGAAGTACCTCAGATACTGACCTGGACGATTTGCAGTTCTCATCTTGATGATGTCTCGAAACGAATAACTCCATGT,437,48.05,Homo sapiens
SEQ_236543,TCATCCCCGCGTACGCATCGAGGGAAAGTCTTCGTGGAAAAAAACGAAGTCCCTGCGATATCCACTACACACCTTAGTAATTCCCTTGTCGTAACTCCCCATTCATCTGAGCCGTCCGGACAGTTTACTACATCCGGACCACCTGGTACAGCAAGTCCATATAAATTGTCAATGCTTATCGCGCCGTCCGTCTACGTACCGTATGCGACAATCGCAGATCACTTCACCCCGCCCCTTGGCGACGGCAAGAAATTCGACAACACCCTTAAACGGACGAGGAGCGCACAAGCCTATGAGTGGTCTGATCGTTTTCATGGGCACTGGAGCCTTTTAGCGAGACCCATGATCGAGACGATACAGTCCTCTATCATGTATAATTGAATCCGCCGGGCAATGGGTACGGAGGGCAGACGTCCTCACCATATTTAATCTTCGCGGTAGCGAAGAGGAGTCTAGCTATAATTTTCGTGCGCTGCCTGCACCGCTTCTATAACCTCACGACGAGGCACGTCCCACGTTTTGGTGAGGACGGGTGGATGACTGAATCCCTGTAACCAGTGGAAGACCAAGGCTTGATGACGATGCGCTCGGTGGCTTAAGTTATGTTTTGGTGTCACTCTACCGCGCCGATTAATATGTGTACGCTGGCGAAGCACGAGAGTTTGGACAGATCGGACAGTATGATAATCTGCGCAGAATATGTAAAGATCTAATTCCACAGTTCAGATGGTCCAAGGCATGAAGCTCTTGTGGAAGGGTACCTCTTGATCGCGATGGCTGTGACTGGTTACGGCCAGGACGCGGCCATGATACACAACGCGATACAGCTACTGTTGGTGGCGTGGCCTTATATCGTAGCAGACAACCACTCCGTCTGATCCTCGTCCACGCCGGGCTGTATGCCGACCATATCAGCGAGATTCACGGAATCACCAAGCGACTGTGTAAGGAATCGAACAGAGACATTGTCTGAGCTGACCCCCACACGCGGCATACCTCTCGACCCAGGGTTGATAGATAACTCAAGATGTTGTGGGCGCTTTTCGGGCGGCTGTGGATGGTCCGCAATTTTTATGCGATAAAATGCTGCATTATTACGTTGATGCACGCGTGAGCTGTCAAGAGTCAGTTGTCGGGTTAACACTTTCAGAAGCCGTTGACAAGATCAAAGTGACAGTAAGTGCGGCACACCGTATGATAGATTAGCGCATGCCGAGCACGGCCCGTAGGTCTCTGGAAAGCGCAGGACAGAGTCGGATCCGGAGGGCTTGTTCATACGTTAACGTTGTGGAACGTAAAATTAGAGAGCCACGAATACATTGCTTAATGAGATGCGACTCACCGCAACCCGTTGTAGGAAGGTTGGAAACACGTGATTCCTGTATCCTGACCGCAATTTTACGACCACCAATGATCCATTAATTTGAGCTTGGCATGCAGCCAGAGACGTAGGTAGCAGAGAGTAATTCATCTCGACTGCTGCTAATAAAAGCGCAGAAAGGTCTGCATGCAACTACGAAGATATCAAAGCGCAATGAATGCCCTTTAAATTTATTCGGAGAGACTCTGAGCGATTTTCATTGCGAGGCGGTAGATCATATGAGGACGGGTTTCCGGCATGCCTTTCCTTCCATAAAACTAATGTTAGTAATCGGCGCGACTGTAGGAATGCGGGGTGCATATTGTCGGGTTTAGGCAGACGCTGTAGTTATTGCTGCATGGTGGAATAATGTATATGATTATAGGAATTAGTCAGCAGTCGGGTGGCTCAACCCTTAGTGTTTTATCTCCCCAGAGCCCTTAGTCAATTTTAATGACCTGTAGCT,1826,49.56,Arabidopsis thaliana
SEQ_306730,GAACTAAGAATTTGTCGTACGATTCGCCCACTTACACAAAGTACCATGTTAGCACGACATCCGGTAAGGATGCGGATGAGCGGCCGATACGATCGCACGAAATATACCTAGCTAAACGAGAAGACGGTGGGGGAGTATAATAACGCACTTGCATACAACGCACGCTACAGCGAGCGAAAGCGAAGGCTAAGCGGGGCATAGTAAGATTGGTCGTGATCCCGCACTGCGTAGTAGCAAATACTTCTTTGATTCCACCCGGCTGGTCCAAAGACCAACCTTCACGCAGGACATACCCCAGACAAAGTTCTTCCAACGTACATGGTTCCTGGCTTTGGTCGATCGCACTAGTAAACACGCATAGCGCCGAGGTCGCAAATAAGTTTGCATGGGCGGGACCCCTTTCACAAATACATCTGATGGCATATGTCTACCAACGTAACGGCGCTAGATGGCGTCAGATGCATGTTGCTAACACAGAGTTTATGGGCCCGGATTTTACATAATCCGCGTCAATGCTGCGTGCGGAGAGTAAGTCCATAGCTCGCCACGAGAAGTGTTGGGGGCCCTGCGTCTCATACATTTGGGACGGCGGAGGTGCTAAAAACGCGTTCGCTGCCCTTCAGCGGTGAAGAAAACATGGTCCCAGGTCACACGCAGCGTTAACCTCTCATGTAGATTTGTTGGTCCACCCAGCATCACTGGTGTTGGCCGGTTCCCCTTAAGGTCCTTCTTGGGCTATGCTACGGTCCCGGCCGAAATGTCCCGGTCTGTCATTTGTGAGTTCACTCACGGCCCGGGCTATCGATTAGCCTATAAGCCACCGCCAACAATGGAACGTGCGCTCGATGAAAGACGCTTTTTATTAGCGGAACACACTTCCATCCCATGCACAGTCTTGAGTACGACTCCCTTAAATGAAATTCAATACGAGTATCCTTTTAAAACCCTTTCAATTCACAGTTGTTTAGTCAGTGGGTCCCAGTATCGACTTTGTCTCCTCGGAAATATCGGTCATCGGTATCTAGCCATGAGATTCCCGTAATTTGCCGACCGGAGGCCCAGTCAGCGCGAAGCCCTTGGGGCTCGTTTTGTTGTTGCGGCTCTCGGATTCACAATGAGAGGGTCTGGTACGATGGTAAATCGAAG,1146,50.96,Homo sapiens
SEQ_307775,GTACTGATGCTTGGATGAATAGCACTTAATATATCCGATCTAGTGCAACCTATTGAATTCCATCCGCGCATTCGTAGCACTTACGTCATGCATCGACACTCAGCTGAATGGTCGGGGACACCGTAGCTTCCAGCCCATAGTCTAGGC,147,48.3,Caenorhabditis elegans
SEQ_248658,GCTTGCACCACACATGGGGACCACCTATCTCAATTACCTCTTAGTGAAAACTTCGGTGTTTATATTTTGTACAGGCCCGAAGACAGGACGTACTGTTCGGATTACTCTGGTGCTATCGCGTTGGATTTAAACTTCCATTGCTGCTCTACACGATGCACGACGTGTGCAGTCCCGCTAGATTGTACTCATCAAAAGGCGCGGTTACCTAAACCTAGTCGTCGCCGAATCATAAAAATGCTCGTCTGGAGCCTGTTGTTCGCCAGACAACGTTAGACTCAACGCCAAATACCTAAACGGCGACTGGAGTAACTTCGTCTACACTGATCACATTGCACAAGCGATCCATCCTGACGTAAATAGAAAGTGCAAAACGTTAAATCAACTATAATGATACGACCAGCAAAGAGACAAGATTGCGCGTCCCCAGAGGCGCACTACGGTTTTTTCAGTTGTCATGGCGGAGAGGACGTTAGGCAGTTGGGCTATCCTCTTATCATTGTGACAATCAAGCAATTTAGAACATGTACTACACTTGCGCAAGCTGGCGAGACTTTGTGACACACGTCCGAAGATTGCAGGCCCAGCGAACCGGTACGAGAGCAACCGCGGTCCACCGTTCCTGGAAGAGTGGATGGGAGGTGCCATCCAGTGGCTCCGATGCTCGCTAAAACTCTATGGCGGTGCCGAATTTTCGTGCATATTAAGTTGTTTTAAGCTGCCCCACGCTCCAAATACAAGAGCTGTGCCTTCTTTGCGGGGAAGTCTAATGCTATCCTCTCCTTTAAAAGGAGACACAGTATAAGCTGTCGGGAAGTCTAGTCCCGACTTTTATGCGGCTCTGTATCACTCAGTCGTCAGGGTTCAAGACACTGTGCATGCGGCTATGTGCATTTGTCCCCCTCGCTTGGACACCAATAATTCCTCGGTCCTACTGTTGAAAGTCCGTTTTAGAATATATCCATACGGGAACTACGCTATAGCGATAATAATAGCTAACTTCTTAAGTGTACAATAAATATGAAACGAAGTCATAGAAAAGTCGACGGCCATGGTCCGCAGACCAACATGAGCATCAAAATATACAGCCATTTCGCCGTCCTTCGGCTAGTGTGCTGCTCGGTGCATCCCACATACTTAGCAAAGGAGAGTGTGGCCTTGTAATTTATGACAT,1171,47.48,Saccharomyces cerevisiae
SEQ_652803,CTTCAAAATGATATCTAGTGCCAACACCAGTTGCGAGACCGAGATTGTGGGGCATAAGGACTTAACTAAAGCGCGTGTTAGGAATCAATGTGTAAGGCGTTGCGGTGGAATTTCAATCGAGCATTTACTCCATTAATCCTCCTCAGGTCTCCCGCAGCATTTCCAGCATGTGCCCTCACCTTTTAAGTTTGCACAATCTAGGAGATCGACAGGGCAATTCATTTAGCCCATGAGAGTGATGGTAATATTTAAGTAATCTTCTAGTCGGCGTTATGATAACAGTTCCTTACGTTTTACCGGTACTACGGGCAAGTCTTCACTGGAAGTCTGCTCAGAGCCTTAATCTAAGGCAAATGAGTAGCGGTGTTAACTACTGGATAACCTGTTGAGACACGGTGCACCAGCCATCGCAAAAGCACACAGACAGAGGGTGCTATGCGGGGCGAGTCTTTCCACATCTTGCTGTTCCGTAGCCGCGCATGTTTCATAATTCTAGGTCTGTAAGAATCTGCGCTCCTCCCCCAGGAGCATAGCATTTGAATAGAGTCCGTTGGGGTTATAAGGAAATTAGCGGAAGCAAGATAGCCCGTCGTAGGACTGCATAATGTTGTAACTTGGAAAGCCTTTTCACCGATACCTCCTGCAGGCGTTGGTGCCGACCGCCCATAGTCAATTTGGTGACAATAGTCTACGCAGGTCGAGTAGTATACTGTGTTTGTAGGCTTTACCGCTCGTAGCCTAGTGAGAGGACTTCTATATAGCCTATTATACATGCTCTACTGAGTGTCAGGGTGCCGGTGGCCACAGTTGCCGCGGTGGAAGCTCACTCGGTGCCGATCACTTAAGAGAATAAGCTAACTAACCGTCGATTGTATACCGCGTGGGAGCTACACCATTACCGTCCGTGACTGCCCGGTTTCTCCTCAGAAGGTGTTCAAGCTTGTCCGGATCAAGTGGTTATCTGCTCCCGTGATAAAGCGCTGACCGTTCTCTCTCATGAAGTGAGCCGAAGTCGACAAGCAAGCACCCTCCGCCCACAGATTGATCTTTAGATGGAAAAGAGATCCGGTAAACCGTTGGCTTCGTTTCCGGGGATCCATACCCGTGGGGTACATTCCACAACGCGCACCATGACTCACTGGCAACCTTGACACTATCTCCCTAAGATCCCATTATCCTGCACCATGCGTTTTTCCGACAAGAGCCCTTCCAGCGGGAGTGGAGCGTCACTGCTAAAAACGGGGTGGCAAAGACGGGTCATGAGGAAGGCAGCCTTCCAGCGAGCTTTGTCAGTACACTGCCAAGGCATCGGTCAGGCGGCCCTTTGCGAGAAAGGAGTACGGTTCAACAGTGGCCTGGATTCACGAAGCCTTA,1374,50.07,Caenorhabditis elegans
SEQ_511787,GGGCGTAGCCTGCCCGAGCTGTCGTCAGGGATCGCCTGATATACGTTTAAACCGGTACGTTTACCGTTTTGAGGGATCCGATGGGGCATCGTAGATATGACTGTCAAGACCTATACGCCCAATGTCTACTGTGCACCTGTTTTTCGTTAATCGCTAACTTTCATGCGGATGCGTGTTGCCGATCTGCGTCCGAAGGGATGCTAGAGCCGCTACGGGCAGAACCAAGCCGTTTAGCCTGGTGGCATAACGACGCTTTAGCTTTCCATTCCGCGCTGCCATCATAGGGGTGGTACCTCCCATTTGCTCTACCTGAAGGTTTTCAAACTATCTTCTAGAGTGTTTACATTCTCTATACTATCCTGGTAATAAATCTACAGGTCGTTATCGCATCGAGGGCATATCTATTTCGGTCAAGACGCTGACCATAATGCACAGTGATAGGCGATCTTATCATTTATCTCCCGCTATTTTGCATGATAGAATTGTCGGATAGCTGTACATGTTGGATAGTAATATTCCTATAGCATTACAGTTTGACAAAGCAGCGCCGGCTTCACTAACTTAATGATCGACGAGAAACGCAACGTGGACCCCCAGTAATTCATCTCCACACAATACGTATGGAAGCAACTTCAGCATACTATGTCCTAGTGTGTGGGTTATACAGTGATGGCTAGAGTATAGTTCCAGCTCATTCTGATCGGTGCGAATCTAAGACTTATTATGAAGCACGGTATCAAATTAATTTGATGCGAAAAAGCTAACACGTTCGAGTATAAATATTTACTAACTAATTCGTGTATAAAGCTGGTCCCGTAAGCGACTGCCTGTCGCATTTCTCGACTCCTTTATAGCCCAACAGAGTGGTTCAATAGTCCATGCAACAGAACCCGGACTCAGCTTGAACACGGCCCAGACTGGCGGTAAACTACAACTGCAATGCGTGCGAGCAAACCATACGTTATATCATGCATGTAAGACGCTCGAATGGAGAACGCATATTTCCCAATTGATCACGCTCGTCTCCGGTCCCCGCGGGGCAGTGCTATGTAAGCAGGGTGTCCCAGTTGACTAAAGCAGTCAGTACGAGTCCATGCGTCATAGGTCGCCCAACGTTGGTTCTATTCATGGTTTCGTAACCAGAGGGCGCCATAGAAATAAAGGGACAAACCGACACAATTGGCTTCAAATAATAGAGGATATTACGAACATCAA,1215,46.26,Caenorhabditis elegans
SEQ_854865,AGGAAGACCGTAGAGAACTATAGTGGGATATGAAACCGACAATGGGATTGGTGCACAGATGCCGGTTCAGAACTCCCACGCTTGTGCGCGCAATTACTAACCTGGGTACAAATTTAAGGCAAAGTGTTGGTAGGAACTGAGAATCACTAGAACTAGAGAGTGTCTCACCCACCTAGAACGAGTAGCCTGTGCGTTCCAACGGATTGGTACAGGTTCTCCGAGTTGCCTCGTTTCGACTAGCATTATGAGCGCTGGCCCTCGTGATCTCAGGGGGTAGACCTCACATTGAAAGACGAGGCCGACCCCCTGCGACTACAGCGCTAGAACGTTAGTACACGCGGAAGAGATTCAGAAGAAACGGGTCCCACACCAGCGGCGGCTCGCTGGGCCCGTTGTAAATACTTTTCCGTACGCGTACAATCGCTAGTATTTCCTTGTCCTTATGAAAGTAACACTTAATAACTAAGAGAACGCTGCGGGCCAACGTAAGTAGGGACTAACCCCTCCCCTTACACACCCCAATACATATATCCGCCAGAGCCACCGTACCTCGGTAGTTCATACGGCAGTAATTTGCCTCATCGGCTTGATGAACGAGACCATGTATCGCCCGTCTTCTACTATAGGTAAGGCGCTCAGGCACATATGTTTATGACGTGTTGGAGCTACCATCGTGGGTGAACTCACGGTGTCAGTCCCTATCGAAAGGGAAGCCGAGGCCAGAACTACAAGCCATCGTATCCGATGCGTTTCGCATGCGGGGATCGCTAAAGATGTTAAGCACTATTTGAAGCCACATGGGATCAAAAGCCGACACTTACCATAGGGTGTACTCTAGTCGAACATATAACCGGAGCACGAGTGTCTTGGAATTGCCCGCGCCCTGCACGTTAAGCAGACTGAAAGATAGATTACCAGCACAAATGGGAGAGGAATTGACTCAGAATCATCCAGTGGGTCGATGCAATGCGCTCTTCAACAAGTGGGCTACAGCAGAGCTCCCAGTATACATACTAAGAGATGACCCTTAACACGGCACCGCAGGAGTTGACGACGATCACGCTTTCAAACAGCTGCCAAGTTTTCGAGGTCTGAGCCGCCACCAAATCGTTGAGTCTGGAGTACTCGGCCAGTTTGATCTAGGGGCGTCGTATACCACACAAAATTCATAACGGATTATGTTCGTCTAGTGGGCAGAGGCGGATTACCTGTCCTTGCGCCTAGAAAGAAGTTAATGTCTTAAACCAACGAACAATGACCTCCCACTCTACGTCGAGTCTCGCCTTCCGTGTCGTATATCAGAATGTCGAGGTCACTTACCATATTAGCACAATGGGACAAAGGTCGGAAGCGGGCATTGTCACCCAGTCACTAGCCAATACGTTATAGTAAGCGTGCACGCACCCGCAGTCGGGTCTTCCTACTTAGTGTAAAAGATCGAATAGTTAACCGTACCGCCCCTGTATCGGATGGCAGCCCAGTAGCTAAGTTCGGTATATTAAACAAGCGATGATCACCACCCCGACCCCGCCTTAATGGGAAAAAAACTCAGTCGCGCGCCAGGACCTCTAAGAGAAAGTGGGACACGTGTTAGTTGTTAGATATGGGCCTTAAGTCCCGACCTCTACTGTTATGAGGATTAAGTGGATGCGGCGTGGTGGGGAAGGCCCCTATCGAATGTAATAGGTTACGTTCTTCGACCCTAGCACAGGATGTGCCGCGATTGGACACTAAATTAATAGTCGTCGTCAGAGTGAGCCAGACTGGCATGATGTGCGGGGAACCTCTCGCGGAGAAAGAAGCATCGTTAGTACCCCTTGTCTGCATTCAAGGTTTAGCGCGGTCCTAACGGCTACCGACACCTCATCCTCCTCATTTATTGCTCCCCTTATCAATATATTTCACTTGTCTAGTGAGTTTGCCCAGTTTGATACGAGACGCGCGATACCTAAACGACAGCCAGGTG,1966,50.15,Saccharomyces cerevisiae
SEQ_704243,TTTTGTAAGCGAGTGGGTGGCTTTGTATGGAGATGCACTGGGCTCGCAAGGTTAAGCCGTAAACGAGGTGGATGCAGATGCCCGTAATTCGACTCCTTTTAGTAACTCGACCGTCTCGAACTCATTATCAAGTGTTGGATTGCGAAAGGATACAGTGCGAGGTGGATGTGCGGCCAAGAGGGCAGCTCGCGGAACTGGACGGGCCCCTACATGAGGATTTGTGTATAGGCAAGTCCGTGAAGCGCTTAAATGTTTAGCGGTGGGTTTCCATTACCGTTCATAGTCGATAGTGTATAGTCAATGATTGTTTCTCTAGGGTGCCTTCCTCAGGGGGACATCCGCCCTAGAGCCTCTCGGCCTGGGAAATATGCACCTTGCAACTGTCTATGTTAGCTCTCAGAAGGGGCTTCCATTTGTGGAAGATAGGAAACGCTGACCACACAGGCTTACATTTAGGCCCTGAAGGCCTTAGAAGATGCTCACGATGCTTTTGTGTGTTCGCTCTGTTATAAAGAATTTTCGCTACGTTCGCTACAAGAGACCTTTTGTAGTTAGGTTCCAGAGAAGAGCGCCACACGCTGCTAGAGCCTTTCAGTGGTCACGTGCGGGTAAGATTGACGTACAACTTATACAGTCTAAACCACGAGATCCATACGAGCAACATATCGCAACTATGTTAGCCCTGTCGACGCCCAACCACTACGATAGATGTTTGGCGGAAAGAGTGACAGGAAAACGTGCTGACTTGCTGTAGCTGGAGTATAACCGCCGGATCCGCTTCGAACCATTGAATCCCACTATTCACAGGAGACGCGTTGCCCTGCAGTAAGACGACCATGCTAGATCACATACCCAATAATCTTCGTGCAAAGGGCAAGTAGCTCGGTTGGCTTAGTTACTCCTGGCTCCATTCCGACCGCCCAGGCCCGATCGCGGCTGAGGTCTCTGCGTGAGCTGTTGCGTAAATTGGCGCGACCCAGCTCGCAACTCTGGCCGATGGAAAAACACGAGCAGCCGACGTATGATCTGGGGAGGTAGGCCGACAGCGATCTGACAGTAATTCCCCGCTACTCAAAAAACTGATCATCCAGCCTTCGATGTCAAAATCGCGAGCCGTAGCAGCGTATATAGGCGTCCCTTTGTCCGAATATGTCGCACCTTAGTCCCTGGAGAGTGACTATAAGATAGAACGGCAACACGGACAACAATGAAGGGTTCGAGGGATGAGTGTAACTGGGTTGCTGGGTGTTTACGCGGTGTGTTGACTAGGCGGAGGATAGGTACCCATTAAATTGGATAAACTTCGTCTACGAAGCAACACATTTTACGAGGAATGAACAGACACACAAAGGACCTGGCGGATCCGACACCTAACTTTACTGTTCGGCCACCTGCCCGTGGTGGATCAACCGTAGCAACGATTGAAAAACCATACAAATTGCTAACAGGTTGTTGGGCACACGGAATATCGGTTGAGAATGATGTACGATACAAGCGCGAGGGAATGTGACATGGGCATGCCGTTGATCCGCTCCCTCGGTAGTGGTATCTTTCCCTTCTTCCAGAGTTGTTTGACCTTGAGTACGTTTACAACGGCGTTGAGCATTGCGAAGACTGAACACGGCCCGGGTCAAGAAACGGACGTTGATCACGTCACGTTATAGGCAAACTGGTGACATTTGTACAATTAAACCTGCAGGGCGTGGGGAAGGTCCTTGAGGTAAGTTGGGGAATTGCTTCTCCGGCCCGCTCCAGCTCTGTCGGGATAGCCTGCACTGCCGGGGGATTTACAATACTAGGTGTTGACACTGGTAGTACTG,1820,50.66,Arabidopsis thaliana
SEQ_200094,ACAAGCGTAACTCCTAGCATCATCGGCGAATACGGCGAGGGGGCAGGTTAGAACTGCCTCATAACACTATGTATGTCGCAGAGGTATCCAATCTTCATAAACGGTCGGTCGGTAAGCATGAGGGATGCCTGAATAGGAGCGCGCGGCAGTACAGGTCGGTTTAAGTACTAACTAGCCTTCCAACGCCTGGCAATGGCGCTTCCACACACTGGCATAGTACCCGAATGTCATAGACGCGCTCATGCGGCTAGCCCGGCCAAATGTTTGGACCCGAGGCGTCATCGGGACCCTCACCTCTTGATTACCATCGCCTTTCGATCACGTTGTCACGGAACTCGCTGTTCCCTCCTCACACTCCTCTTCTTAGGGTCGTGAGTAATCTCAGACTGGTAGGTCTTGTACCCCCGGAAGGAGAAGGGCAGCATTGAGAGCTAGCCATCACTAGGCTAATACTTCATTTGCAGTCAGGACCAGCTTTGCCTCACCTTCTACTGCGTTACACCGTGGATTAAGTCCTTCCTAGGGGCCGGTTTGA,535,53.27,Escherichia coli
SEQ_843844,GGTTCAAACAGTCTACTGGCTTATGTCGCGGGCTGGATCCAAATATCCCAAATAACTGAGCCAGTGCCGCATACGGAAATCGCTTTTCGGTTCTTGAGTTAATTCCGGATCCGCTACACTGGGTGGTGCACCAAGCTATCAAGACGTATGCCGGCAACTTGCGACTCGAATTCCACGGCGTGCATCGAGAAATGTTCTTCGATCATAACGGGTAAAGCAGGGCAACTGTGTAATGTCAGTCGGCTACCTTGTGCGGTTAAAAGAATTTGCCCTACTAACTTGGGGCTTCCTCAAATCCTCGTATACGTAATTAAGGAGAAGAAGCCTTAGGAGAGGATACGCGAAGAGTGGGTCCAAGGTCTAGGTCGAACTTTCCGTATTCCCGAACATAGGGTCGACCTGCCGCCTCACAGCTTCAACGGCATGAAATTCAACAACCAATACGCCTAGCCTACGCGATCACGCTTGTTTCGAGATGTCGAGATGAACATGGATAGCGATCTAACTACGGTACGCCCGAATCTGAACGGATGGGTCCCCCTAGAACCACGACTGAATCATCAACGACGACACGTGAGTCCAAAGAACTGTATACTGCCACGACAGTTGAGGGATATACAAGCATAGGATTTGCCTTAAAATAAACTGGAAAGTACAATAATGAATGGTGCGCCGTTCGCTAGGCCTACTACCGTATTACTTAGACTACGGATATCTGGGTCCATCGTTGCTTAAGTGGTAGAATCCATGAAATCTAGGGCCCCAGGACCGGCCCCTCTAAAACCATGTGCACCTGATTGAATCGTACAGTTCCAAACAGGAAGGCCTAAAGCCTGCGTGGTCCACGCATTTTATCTCCTCAGCGAGGACGGTGTCTGGGGTGGTTTTAGGGCCACAGATGGCGTGGTACTTGGGCAGGTGGGCCATGGATGGAGTCAAAGATCACCTCCGCCTGCTAAGCCCAAGTTTGTCAATCCTACCTGAAATTCCCGTGTGATGGTTTGGCCCCTTCACGACCCATGGTCACTCTAGACTTCTGCATTGACACTTCAGACACAGCCCAATGGTAAAGGCACTTCTGCGGGATTGTCCCCTTTGTTGACCCCAAACTGAACCAGGGCCAGGACATAATTAGTACGGGCACAGGGGGGCACGACGTCACTGCGTAATATGATATGCATGTGCAACACCTGTTGGGGTTCGACCTTGAGTATCAGCCTTGTAACCGTCGTGTTCGAATATTAATCTACTTGATCGAGGTGTATTGATTGCATCCCAGGCCCAAGACTCATTATCGTGAAAAAGTTCACGCAACACGGACTTGCCTCGGCGG,1333,49.96,Drosophila melanogaster
SEQ_754509,GTCTCATAGTCCTATATTTTAGCTCTCCTACAGAGACGGAGTATTAAGTAGTCGCCCGAGGGAAGGCTGGACCACGCCCCGACGAGCTCCCTTCGTGGGTATCCGTGAAATTATCATCATGTCTTCCCGCGCAGGGTGTGTGAATGAGTAGCGATGTCAGCTACGCAATAATTCTGCAGTCGACTGGAGCACTCGTGCACGGGTTTGTAGCGGCTATAGGATGTTATATAGAAGAGGAGAGAAATTAGTGCGTATGTCTGTGAGCAGGTCCCATGTGTTACTTGGCTAATATCGGTGCCTAAGTACAACACTACTTTAGACGACGTGCGCACAGTACCTGAGTAACAGGGAACGCATGACGATATAGAGGTGGCAACTTCAAAAGGGTCCTAGGGGTCTTCCGAGATTGGCCATAGTGGCCTAACATAAGGTACGAATAAGATTCTCCGGATGTCCAACTAAGTTTGTACTGACACGCGGAATCTGTTCGAGTATTTATGGTCCGATGTTTTGGTGGTATGACTTAGCCTATCACCTCCCTAGTGAAAGGCTCAGTATGCGTCAGACGCCCCGTCAATGGAGGACGTAACCTCGTACCTAACAAACGGGGAGGATATGAAACTTGCCGAATTATAGGGGACAACGATTTCGTTCCAGTGGGTGTCAGAGGACTCTGTTGTAGGGCCCTTCAGATGGCGCCCATTACTCGAATTCTATCCTCAAACTATTTACGCTGGCTCGTCGAACCCTGTCCGTTAAAGGTCAAGGGATAAGTCAAGTCCCCCACGTCTTGTGGATGAAAGAACTGCCTGCAGTAGAGACGACCTTACATTAGCGCTATCACGAACGTTAGCAAGGTATACGTCGGAAGAGCTAGGGCCCGTTGGTTGGTCGAATTGACCGCAGGGCAATTTTAGCAATGATATCGTGTACCCACCAGGAAGAGAACAGTCCTCACACTCTTAGTTATCCGAATACGTGACACTGATCTACTCCACTCTAATTTGCCCGTAACTTCCAGGCTCCCACTCCGAGTAGCTTGTCTCTAGTAACCTTCTCCTGCGTTAGCAACACGCGCGTTACGATTTTTTATTACCTATAGGATGCCGTTCTGAGGATGTAAGGTATGGTGGAGAAGCAATTGGCCTCGGCCGAGGAGATTATAGGTATTGCGTGCTTCGTGTCAGCACTCCCGTCCTAGTTCCTCAGGCAGTCCTGTAGTCCGCGCGCTGCGCGAGGTTCATCGTGTGAGTCCGTGGCGCTTGTGTCGAATCTTACCTAAGAATGGTACTTGTTGAGCAAAGATATAATTACGTGCGGGGCTGTTGAAGTCATACCTCGGGTAGCGGGACCGCATCCATTTCGTACTTCTCTCCCCCTATTGCGACGGTACCAA,1396,49.71,Caenorhabditis elegans
SEQ_668602,GTTTCTACTTCAGAGTGAGACATCATACTGCTAACATGTGTTAACATGACACACCAGCAGGTACCGTCGATCGCGCCTTAAGATCGGTGGCGTAGAGTATAATAATTCCAGGTGTCCTCTGTCTTCAGTAGCCTAGAAGGCGCGCTCAGGTCCTCTGTTGATCCTGGCACGCTTAGGGGAACCATAGTACCGCACCATCGCGTCACTCATGACGCCACCAACTATGGGGCAAAACGTGGCATACCGACGTGGCCTTGGTAGTTTTCTACAAAATTAGATCAAGTATATACCGCTCTTAGTCGCCTCATAAGATCTGTCTCAAGTCTTTGATAACGGTTGGGGAGAATCGCGTCAATGTCCCTATCTTATACACGTGTAACCTTGACTTAATGTTCAGGTCCACCGTGACAACTCCAATATTAAGCTACATGGCTGCTGTAGGTAGATATACTAGTCGACAATCTGCATCCGCGAACAGTGGTAGTTACTGAGCCTCTAAGGCCGCTGACGCACTGCCTTTAACCTATGAACCTGGAACACCCATTATGGTAGGGAAGTATTAAGGCAAAGTTTCCAACATTCCCACAGCTTGCTACATAAGGGCCAGAAATAAATAAATCTAATTTACCGTTGCCCTCTTACGGCGCCGTTGATGATAATTAAACAGGTTAGGACACCTTGATAGCGCGATCATCAACACTCGTTACCGGGAACAACCGCCGTGTATCGCGTAATGTGCAACAGATGTGCAACGATTAGCCTGCCAATCATGACATTGAGAGGACACTATGAGCTGTAACTGGCATCCGATACTGGTGTCTCCGTGAAAATCCGTTGTCATATAATATGGGACTGGGTCCGCATCCGGACCGCTATGGTGAGTTAGCTGCACGTGTGGAGATCAACGTTTGCGCTATCCTGGTAGAACCCGGGCGAATAGTGTGCAAACCTCCTGTGACAGGGGATTTGCTATATATCTCTGTCCAAATCAAGATGGACGAAAAGCCTCAAATGCCTCGAAATCAGGAGTGGCGCTATATAGCTTCATCGACAACATGGTCGTCGATCTTCCCCTAAACTTCAATAATATCAGTTTCGTGAATTCTGACACTTAGACTTTGATATTGCATTTTAATATGCAATGTCCCAAGGAGTCCACATATCAACCGGCCCAGTCTTGCGCTTCGGCAATAGAAGTTTCCCTTTCCCGGCAGTGCAGCTTGCGCTTGGTAGCTGCAAATACGGTCGGGTTTCTGGGGGTAATAAGTGGGGAGGAGTTATGTATCGCTGCAGGAATTCCAAATTATGAACCACACGACTTAGCTTGTCCGGAGACGGGTACGGGGCACTTGCTGTTAAGAAAGCTCATTCAGTGTGATTGGATGGTTTCGGAGTATAAGAAGCTAATGCATG,1413,47.13,Homo sapiens
SEQ_921552,CTATGTGGCACGATTCCGACTTTTCCGACTACTGACCAAAAGTGTGATCCCCGTCCCATTTTTGTGAAACAGACTATAATGTTTGGTTCCGTCGGTTACGCGCAAGAGGTGCGTGACATTGAGCTACAACACTAAGCGCGCGTGA,145,48.97,Drosophila melanogaster
SEQ_130877,TCACCCTCGAAAAGAAACAGCATAGAACCCTATCGCTTTAAGGCTCGTCATTCTATCGAGACTGGGGGAGATTCCATGTTGAGGTGGCAAGTCGCCGTACCAGGGAACCGCTGGGTCCCGATATTAATCACGACGGTCGTCGTCGAACCCAGTCCGCGCTCGTGGCTGACCTTATATGAGCGCTGAATGGAACGTGGCCCGTCAAATGCGCGGATTTTCCACATGAGAACACTGTCCCACTACGATCTAAGTTGATACCGAAAGCTCAATCCGCCTCCTCCACTAGTCACTGTTTGACACTTTGTGCAGCAGAGTCCTTCATAGGGAAGTTAGGGAATGGCTACCGCGGGCGCTGTCAACCTCGTAGACTGTTACTGACTCACAATCGACAAGATTTGCGGGGCCCTGTCTCGTGTTGGAAACCGATCGAGTCATGGTCACTGGGACTCCAAAGGGAGGATGTGGTCAAGTATCACGGCATCGTACGATTCTTGCGTTATACCAAGTAGTCCGTCGCGAAGGGGCGTCGCGACGCCTTCCATTCCGGATAGCGGTATCCCTTGGCTGGGCTAGAACTGTAGCGAACGCTGCGCGGCGGCGGCGGTGCATTCCTCTAGATCTATATAGGCTATCTGATAAGACAAGATTCATACCTAGATTTTCTGTGATTCTCCATTACCCGTTGTCTGGGGGGCCGTGTTACTAACTTCTGAGTCAAGGAGAACAGCCGATATCAAAACGAGATGACTAAGGGTATCGTGCAGCTCGCGAATGCATGGTGCCCCTATATACGACGCAAGGAAGCTTACACACGATCCACTTTTGTTGGAGAGTCCTACTAGTTCTCTCGCCCGGTACACTTATGCTTGCGGAGCACCCCTTCACGCCTGCGGTATCTAGACTTGATCCCTCGCCCGCTGTAGTTAGACTCTCATTGCTGGGCGGACGACTATGGTCGGAGCGTTCTTGTACCAGTGGGACACTGTACTGAAGGCTGATACGTAACGTCTAGCAGCCTTTATCTGCTATTAAGAGCGATCAAGCGCGGTAATACGCTGGACGCGGAGTAGGGCGACGCATTATTGCGCTGCCTCTTGGCATCTCCCAAGGTGGTACTGGTCGCTGAGGTACGGCGTCAGTTGATCCTATGGAGTAATGATCGGGCGGGCCTGCGGGTCCACGCGAACAGAGAGGGTTGCCGCAAATGCCGGCTCCCGTGTGCTCGGTACCGCGCTAAGCCGAGCCGCAACCTCAGAAGAGACTTATTAGTTACGTGCTCGGGAACACTTTGCGGATAACTCTCTTCTTGTTACACCAGTTAACGGCATGGGCTTCACCAAGGATGAAAACTCTGGACCGGCCCATCAAAAGCGCCATTCATCGTGCACAGCTCGCACTCGCCCACTTATGAATTCGCTCATGGGTCCACGACGGGCGCCTAAAAAGCTCCTAATATACTCTTGTAAAAATTAGGTACGTCATGCACAGACTCAAATTCGCTAGAGTTACAATTGTAAAAGATGATGGTAGACGTCTGTACCGCTCGTTGTATCCGTGACCCGCGAGACTTTGCGCCGACAGCAGTAGGACTTCATATCTTTAGATCAGTCCTGCCCTAGCATATTGGGCGCATGGGCAGCACATTCCGAGTGAAAACCGCAAGCAAGCAGTCGAGCGTTTCTGACAATATCAACAATTTCGTGAGCTTTCTCTGATTTCCGTTTTCTATCTTGCCCCCGGAGTCCACCCAT,1751,52.43,Saccharomyces cerevisiae
SEQ_618910,GTATGATGCTGCTCAGATCCATGCCCCTGCGTGGGTGCTATATTGCCACTCTCTCCTGGAACGTACTGAAGGGTAGGGCCATTTCGTAGTTAGAGCACGTTTACACTGGGGGCCGCCTGCAAGTAGGTCGATCGTGTACTAATGATGGTAGCTGTCTAAATAGGCTTTTCTATGAAGCCACTTACAGTAATGCATAGCGATCTCCGTATCAGTTTGTCGACCACCCGCGGTGGGGCGTTACGTGACTAACCTAGAGGGCTATGCACGGAAGGTATCTACAACTCAGTCCGCATGGACTTCTTTATTGTAGATCACGATCTATACATAATCTGTACTCGCTCGTTGCGAGACAACGCTGATCGAGGCTTCGAATATTTGTCTTTAGACTAATAGGTAAGTCCCCTAGGCAGTATACTTCCCTTCTAGTAAAATACTCCGCCATCAACATAAGGGTAACGGGTGCTTCTGCGGAAGAATACTAACCGCTCATGGACACCGATAATATAACGTTCTGGAGCACTAAGCATGCCGTAGACGATTGAAGGATGAGCTAAAATCGCACCCGTGAATCGGCTACAAGGACAAGTAAAACAACTTGGCCTGAGACATCTCTCTGTGCCAGTAAAGACTACGATCTCGCGCTCTTATAAATTCCCGAAGCAGCGCGGGAAAAATTCCTTTCCGTAGAATGGACTAGAATATTCGAAAAAACAGAGTAGGTCGATTTACCTCTGCACTTCAAGGATCTGGCCGCGGATTAGCGACGTCCCCCATCTGACGTCTGTATTTGAAGTCAACAGACTCTAAAGGGATCCGTCATTCTAGCAGACGGACGCTTCGGCGGAGCGGACCACGCAGACACTCGCACGGTGCCGTGCAGACACGGCATCTGCGGCTCCCGTCTAGTAAAACGACTGTTAAATGCTTATTGAGAATGAGCTTCCCACTATGGCGCGTGAATCCGCAGTCGCTTGTTAGGGATACTTGCTGCCCCCCCGGTAATCTCTAACCAGTTACAGGACTCTAGTCTGCCACACTCAATCCCCTAGCATGTTTTCGGCTCTCTGGCAAAATGGCAGCAACACCACGCTTTTAATGATGAACCTAGGACTCCAGGCTGTCATTCCGGCTCACAAGCTCAACATTTCTGAGCG,1154,49.31,Mus musculus
SEQ_987933,TGTGAGAGTGGTGATGCGAGGTTGCGTGATCCCTTAAACTCTATTCCCCATACCAATCGCTAGTTGAGCTAAACGGTCGTAACACCGTCTTAAGAACTGTTTTAACCTATGAGGCAACCGAGCATACCACCTTTTATAGTCTTCTACCGCGCGAAAATGGTGGTACGCCCGCATCAAGTCTCTCAAAGTAAAACCAACAAACGCATACTAGGCCTCTTCCACCGCGGATTTGGAAATCACAGTACGTGGGGTAGGTCGCACAAGTATCACGGTCCGGGGAAAAAAGGTTCGACACCTGAGTTCGATACTACACACCATGTAGTGCATACTTCAA,334,47.6,Homo sapiens
SEQ_332106,GTCAGCGTCGACCAGGAGGACACCATTTGGTAGACCCTCGTGTCGGCAGAGCAGCACGACTCCTTCAACGTCTCACATGTCACGGGAGCCGAAAGCACACCCGGGCCAAACGAGTTTATAGATAAGCTTCAGAATCGCACCACACCTGCCAGGAGATATCGTCTGGCGCCGGCATGACGCCTGTGCGATGGGGATCGGGTGGGACGATAGACGTCTAGCTCGGCTGGATACAACTAGAGTAACACCCCATACCCAAAGGCTGAAAACGTACCGAGTGCACGCAGATTTGAGTGTGCCCTAGTATTTCGGCCACAGGAGACGCGCGAGCGTGTATTGATCCGATATTGCACGGGCTTACCGGCGTGGATTCCGAACAGATCTGTTGATTGTGCCATACTCATTCTTGCAGTGATTTTGTGCATTTGCCCACCTAGACGGTCTTTCGCAAGCACATCACCTGCTGAGTT,467,54.39,Escherichia coli
SEQ_564881,GATTCTCTTCATTGGGGGCCCAAAGCCGTTTGTTGAGTGATGCATAAAGACCAGTGAATCAGACCCCTCGCTTTGCCTGGAGGTGCCATTGTCATGATGCTATTCGCTGCGGCTGACGAATTAGCCGGCGATTCAAACTTAGATGATCATGACTCCGTTCGTTATGTTTCTAACCACAACCGACAATTGCGCCAGGTCCAGAACCCGCAACGACGTCTATGCCGGGATACGCAATCACTACCGGGATGCTGAAGACGGGAAACACGCCTATCCCCGACATTCAGCTACGCGTGTCTCGGCTATCACAAAAAAAATGGCGCTGGCCTTCTGAATGAACATTGTACGGAATATAAGGCACGTACCCGTATAGCTTCACGCCCCTCGGTCCAGCATTTCTTTGACAATTGGGCGAATCTGTCAAGACATGGTTCGTAGGGGTTGTGAAAGGGTGTGGATGAGGACGACAATTAAGTCCTCCATGGTGATGTTATGAAAACAAGGTCAACATTACGAGTTTGTCGTTTGCTTTACCGGTTGCTCACGGTCTTAACACAGTAAGCCTTGGCACGACAGTTGATAAAGTTCCCATCTTCGGACGCCGCCACGAGGATAGATGGGGGCAGTCAGCGCTAGCCGTCGGATATGTATAGTCACTGCTCATTCCACTACGTTAGTATCAGATCAGGGATGAGTCTCCATAAACAGGAATGCCGGAATCTGACGTATTGCTTTAGACTTAAGTGTTCAGTACAAGTATCACCTCGTGAATCGAGCCCGTTGAACGCGTTCTGCTTTGGTCTTCTGGTATCTAGCACACCAATATTGGTGGCCTGACTCTAAAAAGGCGCCTCGTCTCATATTAACACGGTCGCTAGAACGGGACGCGAGCATTTTCAAAGTAAATACCTCGTGTAGGCGCTACGCGGCAGCTACACGATCCTATTGTGTAAATCTTGAAAGCGGGCGTTTAGTAGTGCTGTACGGTATTCTGTCTGGGGTTTAGAGCATATTATAAATCTGTTGCAGTAGTATTGCTCTGCAAGGTAGCAAGGCGCCGTTTCAGGTAGTCGCTTCCATCCGTGTTAATTCCATCGCCGCCGAATAAATGTAAGGATCAAGATTAAAGCCGGCGGTTCTTTGTAAGTGTAGTAAAAGAGTTGATACGCGAGTGAAAACAAC,1179,48.18,Drosophila melanogaster
SEQ_412141,AGGTCACGTGTGTTAGATTATTTGGCGTCGCTGAGCGTTTGGGAGTTGTTTTCCGATTCGCTATGCATAACGCATCCGTTTAACAACATTGCAGGCTGATATGGAGTTCCCCGGAGCGGATTGACTATCACCCTTATGGGGGTAGGCGAAATATGTGCTTCATATCGGTATGCTCCCCTCATCCCCATGGATCATATGGTCAGTGTTATGTAAAAGTTGTTAGCCATAATGTCCGGTTCTGAGGTATCAAGGGACATAAACGAGGCGTACATCCCGATATCCTGCAACGTTATGGACGTTGCAATAACCCACGCGCTCCGTATGAAGTTCCCTTTGGCGCGCGCAATCAAATACTCCACGACTGGGGTGTTATTCCGGATCACGAGTTAAGGTCTGATGTATCTCGAGATTCGTCTGGGGGGTTCCTGCGTCAAAAACTAATAGCTGGACTCCACTGCACCAAGTGCGGGTCGAGTCCCTTGTGTGGTGTTACGGGCTTATCAATAGCATCCCACTTGTCATGCATACGGTTGAGGCCGATAAAGCCGCTTCGCCGCGGCCCTGCGCAGTAACGAACTGATTTGGTAGGGGTCAGTGAAATACCACCGTACTGGGCAGGGGAGAAATGAATACTCCATAGTAATGGGACTCCGCAAACGAAACCGTATCCGCGACATAAAGTGCGTTGACGAAGATCCTAGCTCCGCAAGGCCGTTTCTCCTAGCCTGGCAATGGAGTATCTAATGGGCATGCGGGTTCGTATTGTTTGAGAGAAACTCTTACCAGCATCACAACCTGGAGGACCGCTAGTTACCATGGGACACAGAAAGTTAGTGAGCGGTCTACCGCCCGTGAAACCAGAAATATCTAGGCTCTGTAGGAGTGAGTTCATATAGGTTCTCGTTCGAATTATACGCCCGAGCATCTTCCGCCATAGCATCGGTGGCTACCCCGACCACACGGTGCCTGATGGCCCTCGGGCATAGTCGTACGCATTGCCTCCAAATATCGCCGCCACGAATTCGCCACCTTAGGCGATGCAGTCATCCGGGTCAACAGCATCTGGAGGCCGTCTTCTCTGCGCGTCAATAGCTCGTC,1098,51.55,Saccharomyces cerevisiae
SEQ_847693,CCTCGGGGAGTGTAAAAAGGCTTGCGATCTGGCTGGATAGAACCCTGGGAAGAGGAAGGACCGGAACAGGACCTCTCAATTACCTAGGCCCCTCCAGCAATGTAAATTAATAAGCACTCGTTGTTAAAAATCCCATAAGCGTTATTGTTCGACTCTGTACCGACCAGTTGACTTTGTTCATTTTGGGCTAGGCAACACAACCGTTGTCCCGTAACGCTCGCGCGTGGAATCACCGAACCTTGGGTTTAAGTCCCGTGGGCTCCGAGTGCAAATCCCTGGTCGTTGCATGAACCGAGAAGTCAAATACCCTTATTCTCGATGGCGTGCCCTGGTAAGACAGCAGCCTATTGGACACGGGAACTCTGCTAGGCCATACTTGCACTGTGGGCAAATTGGCTTTCTATATCCACACCCCCGCGGGAGCCGTATGTCGATGACGTAACGATTCAGGCTCCATGAGAACAAACATACACAGCCATGGGGATAGGGCTCACATCAGCTACCAATTAGAAAAGCATACCCGGTCGGGGCTACCTGTTGCAGCGGGACTACCGAGTCTGAATGACTGGATTACGCGGTCAAGTGCATGTGACACGAGTTCCGGCGTACATAGTACCGCGATTACCGTGTCAACCTCGATTTGAATATACCAGGACGCCCCACCGTTAGAGAATGGCTCCGAACTCCTGACAGGTATCATCACAGTTAGTACGTCATCAGCTATGGACGGTTCTTCATCCAGGACCCGGAGCGTAGGTATGATGTCGCCGAATGCAAATGTAAGGCGATCAGAAGCGCGGTCTCCCATTTAAAGATGAACGTCAATGCCAATCAAACAATGGACTCTGAGTGTAATTTTCCAGCAACTTCCTTAAAAGTCTGCGCGTTTGTGATTAAACACGAAAGGCTCGTTTCCCATATTGCATGACATATCACCATGAGAGGCTCAGTGCGGAGTACCATGGTGGATTGGCCCGAGGTACGAATGGTTACATGTGACGTGACCATGCCATCGGTCTCGCATTATATCAAATCCGCTAATGTCGGTGTCATCACTAGCTGACAACTGCTAACCGCCTCGCCGGTAAGTAATACTGGAAGTCCGCAATTCCACGCTCACATAAAGGAGGTAACATTTTCCTCCACGTGCGCTCATGCGGGCAGATCCACTCGTCAACGTCGATTTCATCGAAAGCAGATTCTC,1204,50.25,Caenorhabditis elegans
SEQ_544552,ACTCACACTAGACCAAGGGAGCCAAGACAGTGGGAGCCGGTTGTCGTCGCACTACGATCCATTAATTTGTCATGTATTATTTTTGCTCATGAAGACGGTCCCAGACACCTAATGAGTTAATCCCGATATGGGCCAAAACGAGCTCCACGAAACATGGGGCTTCCCCATTTTCAAGTACATAAGAGAATGTGACCCATTTTTCAATGCCAGAGATGGTAGAGTTTCTAGACCAGCCGTACGCACCGTGTCTATCGTTCTAGCGCGGGAGGCGAGACGGCGATGCAACTCTCGCACCGTAGACCTATTAAGGCGACTCATACAACTCTTAAAACTGGACGCGCGAATGCAGCAGAACTGCTTCTGAATCGCACCATGACTTATACTAGTAGACCGATATTTGTTCATTTCGGGGGCGGTCACTTCCCTTTACGCTGTGACTTGATCAAAGTATTTTAGTGGGACGTATGCTTAGCTAGATGCAGACTAAGAATATCCGTGCGCCCAGTCCGTGAACCCCTAGGCGTCTTGCTCTTCGCCAGTACTCAGCGAGTATCCACCTTTTGGCGTCTTCCAACGAAGTAGCGTCCAGCCAGGCCGGTGCGACTCGAAACGCATGCGCGCTAATCCAGTGCGCGCATCAGCTAAAGACTTGGAGGAGAGCACGCGGTGAAACCTACCGTGTAGCTCAATCATGCGCTCGTGACTCGCCTTACTTGACGTAAGTTGCATCAGGGTATACACTGTACCAGCCCATGTTGAGAACCTAAGGAAAAACCAGATAATAGACAGGTCGGCCAGGGCCCTCTTCCATAGTTGTCGAGGATCCAATGCGGTTCCGAAGTCAAGTTTCTGGTCTGGGGCACGAGCCATTAAAACCTGACATGACGCTGATCATCAATAGTAATCGAAAGAAAGTAAATCGTGTGGTGGTCGTGTTAGGAAGAGTTGGCCTGCGTCGCAGGCTGTAGTACGGGAAGTACCGTACTGTCCGTTGCTTGTCACGACGCTGATCTGCGCTGCATACGTTATGAAGTTGGGTCGGATATGCCAATAACCAGAGTTCGGCTGTAACTAACGCGCTGCAAACCACGACGGGATGGGATGAACTCTTTTGGAAGGGCGTCATCATTCAGCATAATAGCACCTCAAAATACCCGAAAGGCACGATCTTACGCCTTGATATCTTGAAGGATGCGCGACAAACAGCAGAGTATGCTGAATATACGAAACCAATAGACCTTATCGCCTGGCGCACCCTTCCCCGAGACTCAGGGACACCCATTCTATAGAAAAATTGAGCGCTTCTTACCCAAACGACTTCCGAGCCAGCGACGCTGATCGTGGTTGTAGCGAAGCGGCCTTGCGTCCAAAACAAATCGACAGACA,1386,50.29,Drosophila melanogaster
SEQ_855897,GATGGTACCCACGGTAAACTCGGGGATGCTACAGCGGGAGTGGGGTGACGAGAGGTATTGTAGCCTGTCAACTCGTTAAACCCGAATGCTCATCAGATCCGTGTTAGCAGGTCTAGTTTAACCCTCGCGTACCGCATTTCTCTCGTTATTGGTCGTTTGGTTAAAGGCTGGTCAGAGATAGGGTGGAGTTTAGTGTACTCCCCGAGGTGCCATGTACGCTTGCGTTGAAATATAATAGCAGCAATCCGCTGGCAGTCAGTGGCTCAACGTGTATTTGGAGCAAACATAACGTTTGTCCTGCTTCTGAACAAAGATTTTTACAGCAATAAGGATGCATTTGCGGAGGTTTCACTGTTTGCGTCGTGACTACCGAGGTCCACACCCCCATTTTCTCGAAATAAGTCTGATGATAGATAATCTAACCGGCGATTCAACTGTCGACGGGTCATCTTCAGGCCTCCTGGACCACACCCAGACCGAGGTGGATGAAAAAATGCAGTGGGTAGTGCCGCGATAGAGAACGTTAACATGAAGAGTTGTAGTGGGCGCTGAAACCAGAACCGCTGTAGTTATCCTACGGGACACGGCCGCGGTCATAGATGGCCCGGATTGTGGGCGGAACATATCGTGAGTCTTGAGATATCGTGTATCTTTAACTGTTGATAGCAGGGCCGGGGTCTTATATCCGGTGACCATGCAAGCTGCTGTGTAGAATCATTGAAGGATAAGTCGGCGCATCGGTGTGAGCTCCAGATACTTAGTGATCACGCGATTCCACGTCAGCGTTTTAGGCGAGATACTGGAAGACGGTTCTGAAGTCTGACTACCGACACTATACGCAACTAATCATGTGCCTTGCGTGGAGAACCCTTCCGGAGCCTACGAACAGGTAGAACGGTCATCAAGATGGGTGGAATAGGCAATACCTCCATTAAGGTGGAGGCTACTGTAGGTTTGGTAGAAGGAGAGTACCATGCCGAGGTATCAGCTCCACCGTCGACCAATTTTGCATTAGGCCCTCGCGACTTGCTGTATCACGTGGAAGATGTGTTTGTAAGAATACGGGCCGAAAGCACATCCCGTTCTATGACAGCTAACGAAGGTATAAGCTACCATAGACAGTGGGCTCAGCTTGAGTATTATTAAGCTAATTCAAAGTGATTTGACGAATTAATGCCTGTAAGTACACCTTTAGTTGTGTGTGCGCTGACAAGGAGAACACGTTCTACGAATTGCCAGTGTAAGCATCGATATAGCGTCCAGTCACCTCCTCCAATGCCTATCCACCATGACGAACAGGCCTAAACTAAGAGGAACTCCGCCCAGCTATGGACAGTCCTATCCTTCGTGGCCATCTCGCAGTGCCGAGAGTAACGGCGACGACGATGAATATAACATTGTATCTGCCTCGACTGAGACCACACCCATCAGGAGGTGCATGGGGTTTTAATTTATAAAAAGCCCTCACTCATGCATGGACCCGACGCCTTAAGAATATGTACGTAATATCTTAAACCCTATAACATACTAGGCA,1534,48.63,Arabidopsis thaliana
SEQ_940667,CAATTGCATCATACGCTCCTCTGATCGGAATTATGCGGTCCCCTGACGGTCACAAGGATCTCGTCCAGAGCCCATAACTTATTTTCTGTGGTTAGCGAACAATGGACGTGATAGACGGATAAGTTTCCAGCTCCCGGCTCTGTGTCGTACCCCGTGTCTGGCTATACAACTCCGACAGGTTTTAGGAAGTTGGCGGATAGTTCACCGCATTGGCGCAGATGCATGGCATAGCTAAGTTCTGTCCGAGGGGCATGCGTCACACGTAGACAGCCGTGGGCTCAGCACTTTCTGCACGATCGATTGCACAATTTTACAGTAAACATCCGCTATGTTATCCATCTGTTTGGGCAGCGAGATCCCAACGTCAACAGACCAGTTGGAGGGATAGTGAGCCCGTTACGGATTGATTGTGCACACATCTGTTCTCGTGGGATCGTTGCAGTCCTTGGACCCCATATTGCCAAGAGGCCGGATTACGGCTCAGGTTGGCGTTTAGTCGACTAACGATAAACCGGCATGAAGGGCTGGGTTCACTGTGTAGCTTAGTAACAAAAAAATCGGACAGTTTGGTCAGCGTAGTGCGGCTAGCTGTCCGCGCGGCAAGAGTGATAACTCGGCGGGCACCCTTGGAGACATGTGCTGTGACCTTGTGCCCAACGGACCACGGCCATGCCATGGAGGGCTAGCTTGACTGACATCCTCTGCTGCACAGGCCCGGTCGAGATTTCATAGACAAGCATATCGATTGTATTTTAGACCCCAAGCGAGGTGTCTTCTGAGCCTAATAGGGAGTCGGGTATCTAGGATGGACTGTCACTAGACTAAGGTTCTGAACGCCCCCAGCAAACAACTGCCCACTCATGTTATCGATTTGCGTTGTCAGATGTAGCCGATCCTCGGGTGGGGATTGGACGAATACTGGCGGTGCGGAGCGATAGAAATATCGTTTCGTGACATGGATTTCTACAGGACTGTGCGTTTGCAGTCCGTCTAAGGCGCTACTTACTCAATCCGATGCTTGCGCGAACTTGCTGGTTATTATTGTTGATGAGTTTAGGAGCTAACGGATGACTGTATGCGGCTGGCCTCTTTAAAAACCTCAAGTCAGGTTACCGAGGACGGTTGCCGGGCCACCGCCAACGCGTAGGTAGACGGGGCTCCAGACTGCAGAAAATGGTTCGAAACGAAAGCTTCTGTTCCAAGTCCGAATGACCCAGGTTTAGATTTGTTGTGCGAACAGGCGTGTACATTTGGGCAACCCTTGTCAGGTTCTCTCAAAGGTTAAAGTCTGCCGGAGACCATGTTGCAGCACTAGAGTATTTGTGCATTGGTTTCCAGAGCTCACCATGTCGTACAACAGTCGACGCGCTAAGACTTCACCCCCGGAGTTAGGCAACCCCAAGAAAGATAGAGCGTCGTGCAACGCTGTAAACCCTGAGTAATACTACTTGTCCAGATAGCGTGAAGCAAGGGAGTAGAGATCCATTTACCTAGAATTTAAGAACACCTATTCGAGCCACGCAACGGAGATATTTTCTAACTTTATTCGGACTCTCTTGCG,1561,50.8,Arabidopsis thaliana
SEQ_774901,CCTCTGCTGTCCCAACCGGACCTTACCCAGAGGATACGGTAAGCTCCCATGAATGCGAATTAAGTATGACATCGTGGCCCGTTGAGGGAACAGTGTCAGTGTACCAACCAACTTTCAATGCTTTAAGAGGAGGCATTACAGTGCACAATTTGGAATAGCTGGTCCCTGGCGTCTTCCAGAAGCGCTTCACCGGTGATGTAGTGGGATAGACCCTCGACGGTTAGATGCTGGAAAAGGCTAAAGCCATCGCGCCGTCCCAAGTTAGTAATCACTGTCGAAATCGCCCGGGGTAGACAGCTTGCATATCCCGTTGGTGTTGGACAGCATATCATGGCGCGTTCACGGACGCCTGAATTTACAGAGCCAGCTCCGGGGCGCTGTATATGGTGTTTCCAAGTGGTAGAAGGGGTACGACAGAGCGTGCCCGGGCTAGAGCATCTGCTCACCCGCCTTCAAAACAGCCGTGTTAAGAATCAACGAAGGAGTCGATGAGATGTGTGACTCCTTATGCGAACTTTCGCTGTGACCGGGGGCAGCCGAAGCTTGATGTTTACATACTCTAGGGCAAACCCCCCCCACGCGGTTCTGACAAGGTGAGTCGGACGTTCTTACCAGGAGAATTAAACCTTCTCTTTCTTAGCTGACTCTATAGCGTTTCCTACTTATACTGCGATCGACGAATAAAGCTTATCAAGCGCGTAGCCGGAGGTGACGATATGGACTATTGCTGGTTACTTCGGCACAACCGCGCGTCGAAGCACCAGCCCCTACAAGGTATACTGGATTCTCAGGCTTTCGACGGAACTTTGCCATGGGCCACGTATTCATGCTACCTACAGAATGGTTTTCTAAGCGGGAGTCCAAGGTTTGAGTAGCATCGCGCCTGTTGTATTTG,895,51.73,Drosophila melanogaster
SEQ_406781,GATGAGGTTACCAGATCACACCTGTGCGTATGTCCGGACATCCATAGTGGACACGAATTCTATCGCGTCTTAACCACCCTCACGACGCCCTGAGTTAGAACAGGCTCGACTAACATGAGATCAAATCGGGACCGCGTGGTTATAAAAAGTGGACGTCACCGAATTGAGCCATAGCAATAATAACGTTGGACACCTCATCGCTGGTTCTTAGTCT,214,48.6,Arabidopsis thaliana
SEQ_305884,GCGACCATCGATGTTACGCCCTCCATATTAGAACTCTTCAAAAACCTGAAGCCCGGGCGGCTTCCCTCAGACAGTTGCCCTCGTACGGGAATTATAGGCCATAGCGGGCCCCGATTATGGCGGGGTTGATTAATTTCAATGATACCTCATCTAATAACAGAACCGCAATCTACAGATTTTCCTCAGTCGGCTGCGCGCAGCTTGGGCTCGACGTGCACTTATCAGGTAGTAGAGAGATTGGTGGCTTCCCGGTCCTCAACGCTGAGACTTGCGAACCCATTTACGAGGTGATTTTGAGCGAGGGGGGGATATCCAGAGCCCCGAGGAACTTAGGCGCTCAAGGACTTAGGACTATCAGTAATTGCGCTGTACGCTTAGGACACCGACCGACGGTAGTTATACCGGGTCCGCACATCAAATTGCGACCTTCTCATAAGGCGTTGAGAGAGGGCGTTACCGCAAAACCGTCGATTACCATTAAGATTCGCCATCTCTCCTAACTGAGAAGAGGGACCGTATTGAACAGATAACTGAGCGACCGAAGCTTTTCTCCCTTTGCCGTTCATATTTTTAATACTGATTCCGCTTAAGCCGGACATAAATATCGCTCCTGGGCTACAAGCGTTTCTCCAGGACACTAAGTCAATGTTTTGGGGGCGGTGCACGTTAGTCAGACCTTACGGTAACCCCATCCTCACAATCATAGATCGATCAAAGAACGCACGGGGGTTCCCAAGCGCTTGGCCATTGGCTTAATGTGCGTCTGCGTGGCTTTACCCACTCACCGATGAGTTTAACTGCAGGAAGGACTATATTGTCAAATGATACTGGCAGTGTACTCTTATGGGATAATGAACCGCTTGAGCCGAGCACGCCAGCTGGAACGAGCAACTTGACACATCGTGTTGCCGTCGACGAGGACCCGTTATGATTAGATGTCGGATTCACTCTTGCCATAACAAATATAGATATGAGGCCACTCCGAACCTACTACACGTTAGAAGCGCCCGCCATACAATGAATAACACAAGGATCGCCTTTCCGCGAGCGAGCTGAGGTCGCAATATACCCGAACCACCGCCAAATGCTTGACATGTAAAATCGGATTCTAATGGCTGGTACTTATGGAATTGCAGGCTCGGCCTTGGCTCTTCTAATATACCCTTGGAGCCGGCAGGCGAGCGGCAACCTCTTTTACCCCATCGCACTGTAGTCTGTACGAGCGGAGCTATCCGGCAGCTGTCCCTGATGCTGGAACGGGGATCGGGTCCTTGCGCTGCGGGAATCTGGGAGGAGACCCATAATAATTTAGATGACGCAGCCAACTCGCGGACCCACCGTCTTTAAAGATTACTACAGGTTCGTTTGAGAAAAGTGCTCGGTGGAACTCCCACTAGCCTCTCAGTCGGCTAGGGCAGCTACCAAGCATTTAACTTTAGCTCGGGCCGGCAAAAATCAGTGCAGGCTGGCCATGTCAGACCTTAACCAATGAGCGTTATCGCCTCCAATGTCCATTCGTGAATGGTCAGTGGAGGCTATGAGTCGTGGCGACGCTTATCCCATTGTGGGAACTGAGGGTCTTTGAAGATTGAAGTACCGTCCAATGACAGTCGCGTCCTGGCTACGCAGCACCGTGAAAGGTAGAGCTTTGGGGCTAGCAAACCTCGGAATTTCGCTCTATACCCTCTAGACCTACATTACAGTTGAAAAAGGTGGTCGGAAGCCGTGGGGAGGATGAGCCATGATCCGACGTGTCGATTGTGACTTAGACACAAAGCCGTATTACACGACTATATCTTTAGATATGGGAATCCGAAAGATAATTCCGGCTGAAGCCAAATGCACGAGGACTCATTTTCGAACCAGGTCTTAGTCGATCCGTAACTCAAATACTACGCAACGCTCGAAAACGCCTGGAGGGAAGTAGGTTATGTGAGCGCTACGTGA,1947,50.69,Mus musculus
SEQ_846840,TCAGCTGACTATTGTGTGCGCTACCTTCAGTTCCTGTGATTGATTAAAGCGGGGGCGTTAACGCGCTTACTTGGCAGACGAATCGGCTTAATCTACTACGGCCGGCTAGCCAACTGCTCCCTGTGGGAGTGACGTGAGACGCTATGAATAGGCTGCAGTGTCGCGCACGTAGGACGACCGCCCACTCAAGAATGCCGACGCTTGCATCAGAAAGATGGCTAGATGTGGCGCGGTGCGCCTGTGTGTAGTTTCCGTAGATTAGCCCCAAGGTACACACTAGCATTCTTGTTGCTCTGGTAGCTAAGCCAACTCGTTGGCATATGAAGGTCTCCTCAAACAACAGAACGGTCTCAAGCGGAACCATGCGTCGAATATCGAGCCCCCAGAGAGCAATACGTAAACGCCAACAGAAGTGCTTACGTGTCGCAAGCGCATGCCGTTGCGTCTATGAAGCAAACTTTTTAACTCGCTCTATTGTACTCCGTTACCGCAGTACCCGCTCTCGGTACTGACACTTCGAGTGGGCGTGGAACTGTCAACGGACGCATGACTCAGGCAGAATCTGGGTTGATTGTCAACCCTTCGGAAAAGCTTTTCTTTTCTCACTCCTATACCGTTGTCACCTTTGTGCCGTACCCCTGTCCGCTCCGCCTATTTCGCTTGGCGTCCTACTCGTCCTCGCAAAGATAGTACTGGCGCTAACACTGATAGTTCGCCCTAGTATCCACAGTTTCTCGGGTAGTTAGATTATTTACTGAAACGCCCGGGTTGTTCTTGTTCTCTCGATGTCTAAGGCATTTTTCATTATGATGAATATACCTGAGGGCGGTGCTACACGCATGGTGAGTAACCCGCTTACTGTGCAAATATCGGTCACCCCAAATTGGGTAGACCTTAATCGTCTATTATTGCGGATACGGAAAGTTTTGAGCCCATGGTTGAGTGCGATGATATGAAGTTAACACCAAAAACCCCGATGCGTGGTTCGGACCCGATTCGCCTCACCTCTTGAGAGCGTCCATTAGCGCAACATTTTCTGTCGTGAGGACCCTTCCAGTTAGAACTGGTGACGGTTATACGGTTCCGGCTCATAGTGCTTGAACTTGGCGCGGCGCAGTAAGCCGACTTAGTCTGGACACCAACGCTCGGCCGGGGATCCTAAACAGTCCACGCGCACTGCCTATATAATGGCTAGGACCACATACTCCACTTTAGTCAGATGGCCCTCCAAGGGTGAAAAACCAAACAGGACCGAGGAGAATCGTTACCCCAATGACCTTACGACCATTAACTATAGTGTTAACAGCCCCTCTGACCTTCGGCTAATGAGCCGTCTTCGTTCCCCAGCCGTGCAGGTTGAATGCGCCTGTCGCGGGCGACCGTTGTCACCATACAACAAATGACTGTTTTCATAAAATGGGACGGGACACAGTCTTAAGGGGCGAGGACCGAGCTAATACATCCGATGCTCTCGTTCCCTAGTGAAAGGAACGGGTACTTACACGTAAACCGCCAGTACGTTAAGACTACGACGTGTTATATTTACGCCCCCTCGTCGGTAAGCGAACTCTGCAGGTTCATGCATCAAATAACTTATGTTATTTCCACGGGATGGGCGCCCTGAGGTGAAGATGCGTGTTAGAGTTTAATTCTGGTACGCTAGACACTAGGCGATAACCATGGTGTGCTCTGAGGCAGACAGAGATCTAAGACGTGAGTAAACCAATCCATCTACGATGTCTTTATTACCCAATGTTGCAACGTTCGCCAAGGCTCGCGTCACAACCCTACTATTTGTCTGATACTTTGTCAGCGTCCACTCTACACCACGCTGAGAGATCTCCAGCCCGTATCAACGGTAGGCAACGCTTGCACAACTCGCTCGATTATAATTGGGTACCGTTAACGCCACTCTTGAACCTAGGGATAGATATTCTGGCCGACATTTAGCAGAAATGAGAAGGATCGTCCTTTATAG,1978,50.25,Caenorhabditis elegans
SEQ_972630,CCTGCTTTACGTTCATTGCCAATCTGCGCCAGTGCAGGCGAGTCGCCTCTGGAGACGCATGTGAAGAAAATTAGCTCCAGTTTCCGCGTGGCATACTGAAATGGCGCAATGGTTCAGCATCATGTAGACGTGAACGTTCAGATGGCTGAGGTCGCCCCATACTGCGACTCCTGCCCTCGAGGGCGTGGTTCGACCGCCTGATTCGGCCACCTCCTGGGGTTGTCTATCGTCAAAGCGGCTTTATTTTCGCGAGCCACGTGGCGAACGAGCATGTCTCCTATATAGCTGCCTTGCAGGAAGCGCCACAATTGGACAGCTCTAAAATAGGAAGGCCCAACTGATGACTATTTAGGATGCAGTGCCTATAGTCGAGCCGGCCATCAATAAAATGGAATTAACTCTAGTCCTTGCGGGCAGCTTCCTTGTTGGCGCACCAACTAGCGATTCAGAAGTGAGATTGAAGGTTGTGCTCCGCATTACTCCTGTAATAGTTCCTCAACTACCGAATTATATGGTGCGTTGATGACCGTGATCGACTCACGCTCGATCTTTAACTGTCTACAATTTCCAAATGAACACGTACCGGCTGCCGCAGTAAGATGAGTCGTTGAAATTCTGTCTAGATTCATTTGGTATCCGTTTAAACTTTGACGTCCTCCGGGTCGAATCTTACCTTCGTCGTAAAGGGGGCCTTCGGGTATTAAACGGAATCTCGCACCTCTCCGGCCGTAACGTTCCGTGCTCCCCTACAGCGTGAACTCGCTACCATAATAGTAACGTATGCCCCACAGTATGCAACTCTATCTGCTTGGAGGCCAATTACACTGAAAAGTGGGACTGGATTAACATTAGAATGATTCCCGTCAGTATGAGCGTATCGGGAACAGCTTCGTGCGATTGTACGGAAAGCCGGGGGATTATGAGTCACAGGTAGTGCCAGTGTATTAACCCTATCTTCTGGGCTATCGTACGCTGTTACGGGCCACACTCAGCGTGAGCGCCGCATGTAGAGGACAATGCGGCATGCTTCCCACTATTTTGGGTCAGGAGGCCATGGGACGACTTATTGCCATGGTCTGTTTCATTGCCGTAAATATTTGGTTAAAAATTCAGTGCAGCTGGGTCTACACGTGCGCTTAGCTCGGGGAAGCTTGTGGTTGGCCTCTAGGGTAATCAGCTTTCACCTGGACACGCAGTAGGCAGAAGGATGCACCT,1215,50.62,Drosophila melanogaster
SEQ_444922,GAATCAGCCATCCGTATGGTCATGACCTCCACGGGAGACTCGCCACCTCAGGTGCGTTTCTCTTGTTATCCTTCAGTATCCACACGTGTCTCCCCAGGGACATTGGTTAGCACTATTAAGTGCCCTCGCTCAGCTGCGGTGTCCCGTGGACGATCAACAATTCACACCCCAATTTCTAATTCGCCCATGAAAACTAGACCACAGCTGAAACCGTACGGTGGCATTGCTTGTCTATTTCCATTACGCGTATTCAGCGCCCTATCAAGGACAAGAATACCGCTTTGGGTAATAAACAATCTGAAGCATAGTGATAGCATTGCTTATAAAACCGCAAATTGGGACACAGGTTATGTGTAGACATAGGCCCTCTTTTCCCTTTTACGACTACTGTACACGCTTCGATCGTGCCCCAAACTATTAGGCGGCTTTCACTACGAGTATCAACGAGCCAGCCTGTGCGGGGGGATTCTGATTACACAATTAATGGTCTTCATGGGGCATACAATCACAGAGCGTAACCGGTGTCCTGTTCCATGCACCGCATGGGAAGAAGTTACTTTCCGCGCATATCACCTAATCGATAGGTTTGGCTACACCTCGACGCGGATGGGGAGTAAGATTTATTGCTAGTTCTCTGCGTCCTAAATGGTCGTGGTTGAAGGACGGCAGCGTGTCCACTTCACGAACGAACTGGACATAATATACCACTATCCTAGATGCTGGTCGGTGATTACAAAGGAACGTACAGACTTTCACGCCGGCTTATCCGGCGGGTAACTTGATCCTACCGACTACTAGTAGACATTCGGTCCCGAACGCGCTGAACCGCCGGTTAACCCCTGCTCTTGGGTCTATACATTTACAGCGAGGCGGGCAATACGCCGCGTAGAATTGCTGGCAAAGGTTTGAACGTCGCAGGGAATCTCATACTAGTCTCTTACATCCTCCATATGATGATCTCTCGATAACAGGTCGCAGAAACGTAGGCCCTACGCGCCTCTTGGATTACCAATTCCAATCGTCGGGAGTTAATAATTGCCGATCGCTCAACGTGGAGTCAAGCTAAAGCCCCTCGGGGTAATTGCACCCGTC,1092,49.73,Escherichia coli
SEQ_554674,GCAGTGCGACGGGACGCATCTATACAGAGGAGAAAAGGAACAATGCAGCGGCTAGTCTATACGGAGATCCTTACGGACCCCGATTAGGATAAGAGATGAGACCGCCGGTCTGCTCAAATCTGTCGCACCCTCTACCCTCTCCCTGTTGAACGGGTGACGCGCCGCAGATTTGGCGCAAATGCTAGCGTAATGTTAGTCCGGCCTGTCTAGGGGATAGCGCCAGGGAACCCACATGGATGCTTAACGTATGTCTCTAACGCACGCGGTCGAGTAGCTTCGAATTAGTCTGTATGAAGCCGTCGCGCGACGCCTCGTTTCGAAACACACGCGACGCCTACCGCCGCCCGGTGAACTCTTAAGCTGCACCGTTTAGGAATTCTGTTCGAAGCAGGGATCTTGGCGCACCACGGGCGTCCATACAGAGTCCGCAGGCAGGCCGGGATGCGCTTTAGGAATTCGCGCCAACTGTTGTTTCCCTACTCCAGGACGAATCCGTCTGACGCTCTGAGAGCGGACGTGCTGACGGCAAAGGGTACGAGAACTAACGCGGAGCGAAGGACAACGGCTCTTTCGGTTCGCGAGAGATAGAGCCAAATATTGCTACATGGGGTCAAGATTCTGTAGGATGCCTCACGCGCTTCTCCCAAAACCAGGGTCCGGGTCTGAGCGCACACAGTGAAGGGAAGGCATTAGTCTCTTGCGTATCCCCCCCCCATTTCATCGCCGAGCAAGCATGGGGTCTAAATCTTCCCAGGCGGCCCCCCTGAATGGATTTATTCCTCGACGTCTGAATCGCGGTGTA,802,56.11,Saccharomyces cerevisiae
SEQ_920162,ATAGGCCTGGTCGTCCCCATTCGCCTAGTAATCCTCAAACCTTAGGGCGTGTGGGTGTCGACCAGTCGCGATAAACTTTTTAGCAAAGACTTAAAGGTTTGCATCTTTGTCTAAGTCTGAGATTAGAAATCAGCGCGGAGGATAGTAGTACGCGTGTAACACGTCAGGCACATTGTAAATGGTTGTGCCTGGCCGACAGCAACCTAAGAAACCTACAGCCTTGATTATCTCAGGCCGCGGGCCTTCTTCGGGGCCACGGGAAGGCCGCGCAATCGCATGGAAAGGCTGTCACTTAAGATAGTCGTTTCGGAAGATCTTCGTGGGGATGTCTATTTCCTATTTCATGGTCTTTCACATCGGCACTATGAGAGAAGTAACAACACGACTCTGGTCCTCTTGCTCCTAGTATCAAAGACCGCCATTATTTGGGTTGGTATAACCTTTATTCCGATGGTATCGTACTATATTCAACTCGCTGCGACAAGCAGAACCTCAGACAGGATGGTAGCTCTGAGATGACCAGTCGCCTGATACTCGTCATCTGTTCCTCGAGGCACATACTGTACGCATTTAGGCATCAGCTACTGGCGACTTTCCCGAACATTCAGGACCCAAGGTTCTTTCAAAAAGCGAACGTATAAGGCAGCGTATATTTTACCTGTAATTTGCCCACAAAAGCAACATCAAGACATCACGATATATTCTGCAGGTTCTCCGCACTGATAGGTATCTAATATCATTCCAGGAGAGCCTCCCGACAGGTAAGGGATGTTCGTTCTGGGCGGCCCCATGCCGGTATGAGTATTGCAATGAGGCCAGACTACAGCCTCAGTCGTTTCATCGATAATAAGGTGGGAGCCTCTACGT,867,48.21,Arabidopsis thaliana
SEQ_126775,ACCCTCTGCTTGTATCCTCGGTCCTCCCGAATCGGGCCTTTGCAATGTACGCAGACTCGCTGCGCCGTAATTCTAGCATCGACACGGCTGCTGTCAGGCTATAGACCGCAACTCGGGACGTTATCTCAAGGAACACCACTGCGCACTGTTGGTAACGAGGCTGAAAACCGGAAGTTGGTTACTTGGTGCTCCTGCCTGCCGTCGCAGCACTAATTTGGGAGAGTCCGATTTCGAGCCGATATGGGGTTGACTCATGTCTACAGGGCCCTTGGGGCGTGCATGGACCCATGAGACGCCACGTACCTTCGTCGGCACATTCCGAGAAATGCAACCCGGCTTGAAAACATACTACCGCTTCACTCGTGTCCCACTTGTAAGGCGTCCGCACAGCCTATTTATAGACCAATCATCGGTCTCGACAGGTGTGGCGTCACTAAGGACTAATCACGCTCTATTCGCATCAAATGAGAGACAAAAGCGTATCCGGCCAAAATGGGCTACTCTCAGTTAATCCTACATGCATGCTAATGCGTGCAGGAAATCGCGAGACGAAGAAGTCTCCGGTCTGGTCTAGACCCTAAAACTTTCGAGCCGATCCGATACATGGGCTGCCGGTGCTCTCAAGGAATATGAAGTGTCACACAAATCGCAATATCGTTCCGTCCCAGGATAATCCGTCCCCCTGGTGAGCAGGACCTTGTGACGCACCCTTGGTGCCAGCAGTACCTGTCTACTGCCCGTTCGGTGTTTTCCACACCCATCAGCGTCGAGTCGCGGACTGCCTTGGATTGAAAACCGACCTTGAGTGTCCACGTTCATTTCGTTACAGCATCGTTAGTTGCGGTCCTCGGCCTTCTAGCCACACGACGGTGCTATGGGGCAGCATGTTCCAGTGGAGTGCAATATCGATCCGATTGACTCTTACCGTCCCTTTTAAGTTGCATCGATCGAT,952,53.26,Caenorhabditis elegans
SEQ_678398,TCACTGGCAAACGTTTCGTGCCGGGACATCATTCTCCGGGACTCTACAGGACGTTATGATTGTCTCACCATATCGTGACTGTTGACGACTCTGCTGAGGCGCCTCGAATGACCTAGATAATTCGCTCTCATTGGTCGGTTTGGCCCTGTCTACGCCCCATGTACCTGAGCGTCGTTCAAAAAGCTGGTAGGGCCCAACCTCCACAGGACGACTCCGCGACGACTTATAACCGCTTAGACGGAGTAGATCTTGTGTATGTAAGGGCTTTCGGACTATACAAACCTGTTCAAATCCTACACATACTGAGACGTTTGATATCTCTCTGACACTTAGTACCTCAGATACCAGCTTCCCTAATATGTAATCGTCATGGGGCTAGAACAGATCCCCAAGAATGACATCATCTAAGTCCGCCATGTTATACCGAGGAAGGTACTCCTCGAGGATTGCTAGGATGTGGTCTTGGCAACGTACGAAACGTGAGAATG,488,48.98,Saccharomyces cerevisiae
SEQ_172146,TCTCTTGATGCTTCGCAGGGTAGGACGTCTTATGACTTCACGATGAAAGCTCAAGTACTTGGGATGGCCGTCAAGGGTCGTCTAGAAGCTACAGTACTCAACAAAGGGTAGCAATGTTGTGCCGAGCCACAAAGGTAAACCCCTGGTGGATCGACGTGTGATATAGAATGCACGTACGAATCATGGAATAACCAGTTCTCGCACAAGCAGGCGGAGCGGAGGCCAGGTGATGAGTTAACGTGCCCGACGACAAGCGCCCTCCCGATGTGGACAGTTCCTCCACATTTTTTCCTTGTCACCTTCGCGGGGTGCCTACGGCATGAGGTCCCGATTACCCGACGAAGACATGAAAGAACCAAGCGATAAAACCCCAATTCCCCAGAGCCAAACAGTCCAAAACATTGGTCAATCGTAGGTTACGGTATTGAACTCTCCCTCCAGCGCTACAGGTTCGCTGCGTAGTACGGATTCTTGAAATCTATTGGTTGCGATCGGCAGACTGCGTAATGGTAGAATTCGGCGGGGGATACTCGGTTCAGAAGGCCATGGAAACGTGTCACCATATACGTAGCTAATAGTTGGCGTTCCTAGTTTCTAGTCATTCTAGGCTAATTCGAGTATGTAGACGACTCAGGTGGATGTATCGGCCGCAACTCCCGGATATTCTCTTTTTCTACGCCACTAAAGTAAAGTAGAATGAAATCCCAACTCTTTTTCCATGCATCACTGAGTAGAGCCCCGTTATTCTTGATGATTCGCATCGCTTGAGGCCGTCTTTGAATACCATAACTTGGGTTTCGCGACCCCTAAATCCCTGGCTTGAACTAGTGAACAGAAAGTACAGTGCGAGGACCGTCAGTGAGATCGACGCTGCCTTTTCAATTAGAAAGATCCGAGAACTTGTGAGTGGGCGATCGAGTAACTCCATAGGATAGGACCATGTAGCGAAAGTGAAGCCTCGAGCCGCCAAGAGCTTCTCCTCGTATACGGGGTTGGTTTGCGGTCATTAGCTAAATTCTGTCCCCACTGCAACGAGTGTTCTCGGTTTATGTGTACTTGTTATAGGCGAATCACTACGACATCGCGGTGACGCTTACGCAGGCTTTATGACTAGCGACTTTTAGGGTCTATGGGTCACCCACAGGGTTCCTTATACGCGGGATACAATTGATTCAAAACTAGTAGGACCGATAAGAGGGTTGGCTCTGGAGTTCAGCAAACCGT,1224,49.18,Mus musculus
SEQ_752348,GCGCTCGTAGAGAGACTCGTGTTTAATAGATTATGAGGGAGGCGGTGCACTGAGACACAGTGCCGGTTCCGCGCACTTACTGATTTGAAGACATTATTGCATCTTTCCTTACTTGCTTCTAAGGCTACTGCATGAGATCGCGTTTCCCAAGAGTGATCTATATCCTCGCATGACGGCAGTTTACTACCACATGGGGTAACAGGCAGCGAGCTTCGTTGAGAGTGAGTCTAGTCGGCTCTAGGTATTTTTTGCCTATTTCCGTTACCCTGTCTGCCACTGCCTCTAACCTTGACTTCACCGATATACGCATGACTCATTGATAATCCAATCATTACCAATATCGTGAAGCGCTCAGAGAGAGTTCGCCTGTATCGGGGTAGGTGTAGCTCGCGTGCTTACATTTCCATATCACCCCCATCCGTCGCGCTTTATGCTGGCATACGGGTATATACGAATGGGGGCGATTGTGGAATCACCGATCTGCGGGTCATCTCTGCTGTAGGAGGAATGCGAGGTGCAAAGGGCCATGTTAGTATACACTGGAGCGTATCTATGGACTTGTACGTTTTAAGTACTAAGCGTGTTAAGCTAAATAATGCCGCCCGTGCGACCCAGTGTCCCCCGGACGGCAGAGGCGACAGTGATGAAGTTTTTTGTCTGGCACCTTTTAGCCCACTCACATCCTCCTGTCGGTTTATAGGAGTCAGTTACTATCTCCGCCGGAACATTACGCGCTATCCATGCGACGTAGTTTTGCACCTGTAGCCGGGCCCATTTCGGCTATATGGGGTTCAATAGTCTCTACTTCCGTGTCGGATGCGATGGAGTTAAGCCGCTTTCAGACTTCATTTGATCCAATCCCACATACGTCCCTAATGTTCCGCCCAGCAGGAGACATTACACTGGTTCCGCTTGCATCCTACCCAGACTTCGGGGGCGGCTAGCCCAATTGGGTTTCACTGAAGGGTTACTAACAAGAGGAGGCGTAAGGGTCAGGGCCGGAGGCCCCAATTGCGAAAACAGACCATGCTCTCGGGAACCAAAATGTATAAAAACGGATCGGTCGTCGCTCCTTGCGCGATCTCAAGTTGCGGGGAGCAGTAATAGGCAATCGTGTCAGTTCAGAGCCTTCACGGTAGGATAACGTCTGATCATCCAGGGCGACCGCCCCGCTATATTCTACCCCGAGGTCGCTCAGTTCGTGCCGCTACAATGGGGTCTAGGCACGCGCTGACCGTCTCCTGGGCCTCCTCGCACCAATG,1262,51.82,Mus musculus
SEQ_386278,AGACGACGGAGGCGCGCTTTTAGAGATAGACATAGCCCTAGTTGAATATGCTTCCCCCACGCTGTCTGGAAAATCCTCCAGAGAATCGAGCATATTACAATGCCACATTAAACCACAGGATGGCCGCGAAAGTTAGTTATCATGTTGACATGTACAGACAATAGGGCAAATTACTACGTTGTGCAAGGGAAAAGGCGCTCCTCCAGAAGAGACGGCTGAAGATTTATATCCTGCTAACACTGACTTTCGATTCGGATGTCAAACAGGGTCCTAGATCCACCTGAGTACGCACCGGCGGGGTTGGTCCCGAGAGAATGGCTCAACTTGAGCAGACCTACTCCTAGTAACGTACCGGCTGCTCGCGGAGATGACGTATAGTATCGGTATAACTAGCACCGTGAATTGCTGGAGGCTCACTTACTGCGCAAGACGTTATCCTGCGCTCGGTGAGGGGCGATAGTAGAGGGAGACCTCAGGTGCGGGGTCGGCAATATACGCCTTGTAAGCAATGATTCACTGTTGAGTACGTTTGTTATACATAAGACGGCTCGCTAGGACAGACTACGGAAATTGTGGCGTTCGCGTGGCGCGTCCACACTATACATCTTGCCAACGCTTGTTCCGGTATACAATACAGCCCTTGCTTCACGAGGCGCATTGCCGCTTACGCGCCCGTTAAAGACTGGAAATAAATATCCGAGAATATTAATAAGCTTCCAAGATCCTTAGCCATTAGGCTCAAATTCATAGCCACATGATGATGAACCGCAAGAGCTTAGATAAGGGCTTAAATTGTCCTCAGTAAAATGCAAGGGGGAGCAGCTGGCACTTGCACCGTCGGCAAGAGGGGCCGAGCCAAGAGCTAGCACGTCGAGGATTGACCTTTGCTTACGGACGCCAGTCGCCATGAAGGTAGTTAAACCCCGTTAGGAGACAATCTACGCTAATTGGGTTTCCACAAACCGTTGTTCATCAGTCAAAGGGAAACGCGTTTCGTCGCGTTAGTGTCAGGAATAAGACGACCTCACCTTTTGGCTACACTGTCACCGGGTTCCCGCGAGCACCCTGTCTTACTCCAGTATGTCTGAGGCCGCCGAGAAGCTCTTAGTCAGTGGACCGCTTAATGAACGACAAATCATGCGGTGCCACAAGAGTGCTCCCTGCCGCTGAGTCTACCATGGACTCGCGAAATTATCCAACGCTATGCTGTGAGCGCTGGGACAGGACCTGATCCCCGTTGCCCGTCAGCCTGGCGGAAGGCCACAACCTTTTAATTGCAGGTCCTCAACAGCTAGTCGATCGCAGATCGCCCGGCGATAATGATATCCCCATCTCCAGATGACTATAGGTGGGAGACAACCGTCGTGACGTAACCCTAACCCTTCCCGTACAAACTTATTATGCAGAAGGATGGAACAGGTGGCAATATCCATTGGTGTTGATCACTGATGGAAAGGCACAAATTGACGTAGGATTCATCAGGCGTAATTAAGCCCTTACTCGGCGGATAAAAAATTCCTGAGATGGGAACCGATCACGGCCTTCACAAAAACCCCTCTTAAGGAATGAGGTTCTGATGAATCGTGGTGGAGTATCCCTATAAAGTGCTGGGCTTCAGACTTATCGAAGGCGTGTGAGTAGGCCTTTACAAACTATGCGGAAACCCATCTCCTCGACGGCCGACCTATCAAGTACCACTAAAATACGTTAACTGAAGCAGATAC,1724,50.06,Drosophila melanogaster
SEQ_891804,GATTTATGGGTGGTAGCCTTCATGAACGGGCTAGGGCAGAGGTCCGACCGCTCAGTGTGAAGTGACTCGTTTCGTTTAGGGAGTTTATTATCATTTAAACATATAGGTCAAATAGTTACACTTACGTCACCAGACGCTCCAACGACTGAGAGAATGCCAAGCTCACGGTATAAGTGGCGATGCAAGAAGGCCACTGGATGTAAACGAGTGGGTGCATTTCATCAGGGAATTGAACAATGACTCAGAACAGCCCTGGTTGGGTGCAGTTGCCATTATAAAAATAAATTAGGGGTAATTCTAGACTAAGTTTGAAGCTATGATGTTATTGGCTATTGGTTTTCAGCTGTTGTCAGCGCGTAAAAATATACTTGGACCGGCAGAGACGGTTACTAGTTTACGGGAGCGAAATGCCCGGTAGCCCTCCGGTAGAGTTTCCCACTTTCAACCCCTGGCCCTGTATTTCCGGCTGAGTAGTGACGGACCTACACCGATTCGCGAGACAGACAATTAGGCCGCGTCATAACTTAGCTACGGGTGTCGTTCTGCTTTACGAAATAATTCGTCAGCTGATTCGGCTTGCCTTATTAGAAAGATTCGCAGGACCTTCCCCACAGTCCCCGATGTAGTTCGTGGTCCTCCTATGGATCCAAAATTTCAAAATTTAGCTGTGTCCTTATATGTAATTTATTGACTCGTAGCCCAGATTTATTTGCTACGAGCACACACCGCCAGGACTCAAACTGCCTGTTTGAACTCGATTACCTAAGCACATTCCGTCAGACTCCTGATTGGTAAGATGCTACATTGGTGTGTGTAACGGACGAACTGGGGGTGCCCAGGCGATGGGATAGAGTTCTAGTGTGTGAATCGTAATATAACACGACTACCGATTCGGGAACAACTGACGGCCACGTGAAAAGTAAGGGGAAAGTGGACTCGAGAGAGAAGAACGAATGGGCGCTGCTTATCCAGACAATAACGGCTGATTGAGCCATGACTGTGGATCTGTAGACTGTTGGAGGGCTAATAACTCGCCATCTATGGCCGGAGTGGAGTGGCCTCTCGAGTGAAAACATAGGCCATATCTAAGGATAAGGTTCCTGTGTCCACATCCTGGAAGAAGGGTACAGTAAAGTAACCAGCTAGAGTACCAGTGTTGCAAAGCTGAAACCGGTCCTTAGGTCGTCTTGAGTTTGCCTTCAGCTCCTGGCTGACATCCGAGCGGAGAGCTGGTTATGAGGGCGCTGCAAAAGGCCACCACAGGCAGCAAGAAGTTTCGAGGCGATTTATAGAAGGTCTCAAGCCCAAGTGGCTACCTATATAGTATAATAGAAAATGTTTTATGTACCAACGCGGTCGCTATTTACTCAGATTGGTATGTTGCCAGTAAGTACGATGCGTACCATATAACTGGTCGCGTTATGCTAACTTCAGTAACATTAGTATAGATTGATCTCATTGCTACATCATTTGGCAACCATAAATTAACGCATGATCGAGAGGTAGGTATGCCATTCCCGATTCCGGACCGGGTTGCATCCTTTATCCTGGCCACGGTACCTCATCCAAGCGCCCGGTAGTCCGTGGGACTTCCCGTGGCTTTAACGGGGTGTAC,1615,47.49,Drosophila melanogaster
SEQ_170355,CAATGGACATCCTTGGGAATACTCTCCTGGTGATTGCCGTGGGTAATGTATATCACGTTCTCGTATATGCACGCTCTTAGCAAGTTCGACCGCCGGTTTTGTTAGAGAAGAACGTCGGGTCAGAAGTAAAGGTGCCCTTGCTGTTGGAGTGGGTGCAACTAGCTAAGAGGTCGATGACCATCTTCCTCGCTCGAGGACTTTATTTATAGGTGTTTCCTTTCGGACCACTCTTACTGCTCACGCTTCAAGCATGGTCCGTGTGGTGCTCGTTAAGTAGGGTTTTAGACCCCCCGCTGGGAAGCCAATCACGCCGGATTCTAGTAACCTA,328,50.0,Arabidopsis thaliana
SEQ_337016,CTGGCTACGGAAAAGGTAGTAGAATCGTCGAAGTCGATCATTGGTACATCAGGTCTTTTTCGGAGACTCTGACTACGTCGACCCCGAAGAGCGTACCCCCCCCACAGATTCAGAGTTGCCCAGGTCGACGTCCGCATCAGCGGTCAATCCCCGTTGAACCAGGGCAAACTCTTGTTCCTCATTTAGTCTTGCATTGGGATGTGGCCAAAATAGTAATGTGCCGGTGGCGCAAGGCTCCTCTCCCCTGACCGTCTAATCATTAGCCCCCTAAACGCGTGACTGAGTAGCACTCTCGCATTTTAGTTTTCCCTAGAGTTACGCAAAAGACGGCTTTCGTCTGGTCCATAATCCATTTATGTGCCGGACAGGATTGTTATACTAGTTCGCTGTGGTAATTGTAGCTAGCACTCTAACCGTCGCTAACAGTTCAAATGGGTCTCACAGAGAAGTAGTGCTCAATTTATAAAGGCGATGAATGGTCCGAAGATTCAGGCTTTCGTCTTGTATGTGAATATATTCCCTCGAGGCGCTTCCACACATTGTTTGGACTATACCCCTAAGGGTACCTACAGTGCTTTGAGC,582,48.8,Homo sapiens
SEQ_849814,AACCCCCCACCAGTGACTAGGTCCAGGGGAAAGCATGTTACTCATTGATCGTACAGCTATAATGGCCAGTAAACCAGATGGAAGAAACATGACACATCGCCGGTGGGCTCCGGCTTGTGCCATAATCTATGTGTCGAACAGGGGAGAGCGTAGCCTAAGTTACTCGACACTCTCTCTGCCCGGTAGTGTACACCACTCGGGTTGTGGAGTCTACCGGATGAGTGGCAAACGATAATCTGTCTGAGAATAATAGGAAACTCCCTGGTGGGGAGAACGCTGACTTGACGAGTGATCAGTGAAATCCATGAGGTGTTGGGGATTCCAGAAGTGACGGTTATGGTGCCGGGTGAAGGCCTAGGTGGTGAGCGCCCCAGGTTTCGTGCGCCCAAAAAGTCGACCAAGCGAAAGTTCAATCACCGGCGTCCTGTTAATACTCCGAGAAATAACCTCTACTGTAGACTGGCACGACTACCTTTCGGATGATCCAAACATTGAATAAATGAAATCCTACGCGCCATACCAAAAGATGCGGTGTTTGCCTCGCCGGAACCGGACGCTATCAGGGAGCGATCGCTTATACCGTGACGTGTACTCACGTTGGGAAGTTGTCGTAGTGGCCTAAAAAGAAAGTATCAACCAGAGTCGTTACAAAGGCAAGAAGCCCTCCTTAAGAGTATTAAGCATTTACCGTGCTCTTCGTTGCAATACTGCCAGTCGGTTCGGTCTGTCATTGAGAAACCCACGGTTTAGGCGGACAGATGATCCGATACTTACGTCACCACGATCGGAAACCGTGTACTCGGGACTCATCCGGTTACTCCGACATGTGTTTTTCCGGATACATGTCGGTGGGTCCAAGCGAACTATGAGTACGACTCTGTCTGCCTTCTATGACAATGGCAGCCGCATAGCGTGACCACTCGCACTAAAGACACCGGGTACAGTTGAAAGTACTGGGTTCTATCACAAAGCCGATAGCAAGTTATAACTGACATTACCATAGCGGCTGTGCATCCGACATATAAATGAAAACACCCTTCCAGCGCGCGCAAGTAGGTGACGGTCGTGATGCGACGCGCTGTCTTTCGAGGGTATGAAATTATGTGTAAAGGAGTTACCGCCTATGAATCAATAGTAGTAGCGTGTGGACGGGGAGCTACGTTGCTATGTAGGGGTCTCCAGCTGGGCCTATAACGGGTCAGAGCTGAGAGTTCGAAGGCGCATCCTCCTCTTCCTGCTAGAGTGCAACCTTCCTCTAGGATTATTCTTCATGGACCAGGGATGCTTTGCCATCCCACAGCCAGCTTTGAATAATCATCAGAATTGGGGCAGCATTGAGGAGCCATGCGGAATGTGTGAGTATGGCACTTGGTCCACATATAAAGTCCGAGAGATGCACGTGTTAGCCCCTGCCGCCTCGGATTGCCATGCCCTAGGTTAGACAGGGATGATGAGGACGATAGGCTTTTTGTCACACAGTGCAGAGCTCGACGTCCAGCTCGTGGGAGGATATTACCGTCCACGTTGGATCTTTCTCCTCGTACTGCCAGTCTCGCACCGAGCAGGTCGCTGTCTGAAGTGCGAACTTAGATCTGAGAAACCCTTCACGGTGCGTCTAGGCTGTCGGTCTTGCCGTCGACTCGTGTCCTCTGCCCAATTGAAGTAGCACTACACAAAACTTCCGCCGGCCTCTTGTACCTGTTTTATACTGGTGAAGCCATATCTCCCGGCACAACCCCAAAATACCGCACCTAGCATGTTGAGTGCCGCAGCCTCCCATTTTTAGCCAAGACTGGGATCCTGAGTTCATCCCTTGCTACGCCTTAGAGCGATGGTCTGCTGAGGGGCAGTCAGA,1855,51.37,Saccharomyces cerevisiae
SEQ_126256,ACACGGGCATCCGTCCAGGGGTATGTCTCCGGTAGGGCTAAGGTTTCCTCGCAGTGGCTGGTGAGCGTAATAGCGCACTCAAGGGCACAGTGGAACATTAACGCTAACAGGGTAGGTGGCTCAATAAGCGTTCACCCTAGAGGCACATAACATGCTAATACAACAGTTCGGCCCCCTTTTCCGTGAGGAGATGAAGGGGGTTGTGACTGCGGCTTTTCCAGATCTTATCCGTACTCAGGCTTTGCGCCAACGTCCTGAAGCTAGGAATCACACATTGTCCTACGCGTGAGGTCCGCGTAGGCGCATAGCCTTGCTCAAGTATGTGACGCTCCCACTCTTGTATTGAAACTAGCTAACCATTGGGGCGTACTATGACAACTAAATGTTGCCTGCCCGCGGCGTGTGCAGCCCCCCACTAGACCGGTTGGCACCTCTGAACACGTTGGTCTGACTTTCGAACCAGGCCGCTGATGAGGCGTTATACCTTAAGGCAGGGTACAAATACCGAGTATCCATATTCCAGCCTTCACACATGTGCCTAGTGAC,546,53.3,Homo sapiens
SEQ_261149,GTACCCATGGTCCGGTTAGTATATCTTATGTGAAAGTTCTGCATTTACTGGATGCGAAGATCCTTTGGAACTTTAATCGTACGTGTTTGGCACAGTAAACGTAGAATTCCCTCAACCATCCTAAGAGCTCGACGTCTTTACACTAGGTGCTACCTGACGTGGATTCTAAGCCGATCAGCGCCTCCGGAAATTGGCGCGCAAAGGTGACATCAGCGGCTATCATGTAAGGACAATTCGAGTGGAGGTGGCACTTCGAATGCCACTCCACTGCCAAACCAGGCTTTTATCCTCGCATCTATCGACTTCAAGATGTAAATTTCAAGAAACCCAGCATGACATTGCAATCAGATCGCGAAGAACGTGTAGATACGTGGGAGGTTCGCTATCCGAATACGTGAGGTTTAGCCGCTGATGTTGCGAATGAAAGCATCAGCATACTACCTCCCGCCCTAGACTGCTCAATCTGATAGTGTGGTTGAATACTGTCGAGCCTGCACAAAGTCCGGCAATCCTAGTACGGTACACCAATTTACTCTGTAGCCGTTCATACTATAGTTAGCCCGACTGCACATATATGTAGTGCGCATACCAAGGTGTCCTATCAATATGGATGTATCCGGGTTATCTTTTACCGGTAGGCAAACAACCAGATGGTGATAAATGCTGCTGGTTCCAGGATGGGTGACCCACGGACTGCCCGAGTCGACCGTGAGCGGCGTACCAGTTCTCCCTCATTATACGCGGATGGAGGCTCACTATGGGAGTATCGGGTACAAACGGGCGTCTCGAAGATGGAGAGCCATTTGGACCGCAGAAAGGTCCAGCACTTCGCAATAGCACGCCGTACCGGCTAGAAGCTGTCTTTCCTCTTTTATAACTTCGGTGCGTGCTCATAACTCTTCCCGTCCAGTCTGCCATCTTGTTTTAAACACGTGTTTGACTATATGGCCAAACCATAAACCCGTGTGAATTTTTAACCAATATGCAAGGGTATTTCTGTAGTGATGGAACAGTGCTTCGTCGCGTGGTGCTCGCGTGTACGCGAGACGGGTAGTTTCGCGACCGCCACCCATCAGTAGAATGCCCAGGCAGTCGGCTTGCTCCCCTGAGGGTTTGCGGCGGGAAATCATCGGCGTTTCTGAGGTGAAGCGGGCGTAGCGTTCCGCTATGAACACTCGAGCCTTGTAACGGACTTTCCTCCACAGACGTATTGAAAACCGTGCACAGACCCTTGGAAGATCGTCCGTGACTACCGGTAGCGCAACTGTATGTTTATCCCCAAGCGTTGAAGGGTGCTTGCGCGTGTGAGAAGACCTAGCCTTACGACTCAGCAGGTTTGCACGTCTAATCTCAACTAGAGAACTAGGAGCCGTGTTAGTGGGAGGTGAGTAACAATTTCTTGAGCGCCACGTCGTACACACCTGGCCGGTCCCGACTAGAGCAGAAATCCATGAACAAACCAGATCAATATATTCAAGAACCAAGTACTGGATTGATTTTAACCTTTGTGGGCTAAAGCTGTAAGATTCACCCAAATTGAAGATAAGAACTGCTTCGGGCCGTCCCGGTGAATGAAAAGGGAAGTACAATACTTGATAAGCTGGAAAAGTACGCGAGGAGCGCAATTAGGAAGTATCCGTCCTATCTCCCATCATCGATTAACATGAATCCCACTCCTCCCTGTCTCGTTAGCGTTTGCTGAATGAGCGCAATCTTCCAGAGTCTTAGCGCTGCTCGGATACCTTACGATGCACAGCATACACAACTTACTTACGTGCTA,1780,49.21,Mus musculus
SEQ_933833,TAAAATGCGTCCGGCGCCGCCTTGTAAGACGCCGGCCTTCACAAATGTCGTTTATACGAGTCAACGTAAATTGCACGTCGGCGGCTTAAGTCACTTGCTATACTGGAGGGTATCCCACTTGTCACCTAACAAAGCGTCGCAAGAAGTCAACAAGGAGCGTATGCATCTTTGGACCTATACCGCAGGACCACTGTAAAGCGAGGTAGTACTGCCCGCTAATAGAGTAACCCGAGGGGTAGGGTCCATAAATTTAGACGTGAGGTGGAGCATCGCCAGACTGTGAACTTTTACATGGGTGACATGGAAACCTTTCTAGCACCCAGGTTTTCCGTACAAATGCAAGCATCTCGGTCCAGACAGATTACCCGACACGAGTGACTCCCCAAGCCCCGGTGTATAAATAGCCATTCAGCCCACAGGTCCTTAGCGGAGCATGACCAGAGACTGGCCCACAATACGGTCGTCTGCCCAGAAATCCTCAGAGTCGAACTGCTCTCGGAAGTAGCGCGGACGAGTATCGCTCCATCTCCTGCTTACACTCCTGTAAACAGGCCCTCCGGAGGGTGGCCGAGGTCCTTTAAGTGCTGACTATAAGCACCGTTCCCTACCACAGTTGATGATGCTTGGCTACTGGTGGTTCGCCAGCAGGACGTTTCTTAGTCAGTTTATGGTCGAACCCAACAGAGGTCCATGTTTACCTGGAAAAAGAGGGCTTGCTATGGCAATCGGCACAATATCGGATGTCCACGGTGGCTTTGAAGCCTAAGTTTCTGGCATGATTGTCAACGCAGTCATCATGGGCAAGCGGTCGCTGCGCTTGCATGAGACTGCTCAGATACACTGGCTTCTCTTTCACCATATGATCTGATATGTCATGCCACCTCGTGTGCTTAACTCTGATCGTAGCATGAGGAATGGTCATCACTGTAAATCCCCTAGGGACGAGATTGCACTTGCGCGTGTCTGCATCATCAATCCCCAAGTTTATTATATCCAAGCGGAGATATATACCGCGTGGAATCCTTAGCTTGGAGATTGACACAAAACCTATTGTACTGCAACCTCCCAGCCGCTTCTGACCTACGAACTGTTAAAATTGGCTTAAAACTTGGTACCCTACCTCGAACTTTCTTCCCAAAGGTACTTCACTGGTTCTGTTAGTCGGGTGCGGTAGTCGCATGTGCGCCACACAAGCGAGATCCAGTGCCAGCGTTTCTCTGTAATAATGGAAAATGCGTAATCCGTTATGGTAAGAGCTCTATCAGGGGAGCTGCATTGAGGACGAACACGCGTAGACGAGGCTTGGATTACAGAATGCATTTTTGCGTGCTTCGCACTAGAGATGCGCTAGTAAG,1355,50.11,Escherichia coli
SEQ_339265,TCCCCTTAGGGAGGTCTCGATATTTCTCAATACTGTAGGGGGTTGGAGTGGTTCAACTGAGGGGTTCGTTGGAGGGGTATCCAAGACACAGCTTTTTCTCCAGTGGATTGCGAAAATTTAAGACCTTAAACGCTCGATCCCGTATACAGGGGGTCGCTCCCCCACACCTCCTTCCTCGGCGACAAGATCGGGGTCTTCAGAGGGTCATTAAGAAAGAGACCAGGGCTAAACACACGCCCCCCTGGTGGTATTCCTCTCGAAGCTCGATTCTTTGGACCAATTACAGCATCCTTCTTAAAGACCTACGGGGAACGAGCAGGCAGGCTGCCATTCTCCCAGGCAGGTTCAGGTTAAATTTTAGAGATGGTCAATATAAACCTATTCTCTCCACGAACGAAAACCATCGAAAGGCGAGCGCATATTCCGTCGCAGAACGTAACGCTTAAGGGGTAGTCGTTCCTCTACTGTGATCCGAACACAGAACTGATCTAGAAATTGGACCCGAGCAGCTTGTGAGGAACCGATTCGCCTTCGTGTGAAACGCGAGTTATGCGGCCAGTTGCGAGGTCACTTCCTTCGGTGTGGGTCACTATTCCGTCGGCGGGCAAGCTTCTTTTACACAACCCACGCACTACGCAAAGCACGAACGCACATAGATAAGGGCGGTCAGTTGGCGCAGTTGGTACCGACTCGTCACCACACAGTTAAACGATCGCGGCAGTACCTGGCGTAATAGATATAGCAATGGGCCATTGCTAGTAGTGATGAGAAAACATACCACTCCTGTTTTCCGTAGTGGCACAGTGTGAAATATTGCTGTGCACGCGAAGTGTGACGTTGCCCTTCCTTACAATTGCACGCTTGCGCTCGGGCCCTCAATGGAGTAAGATTTTCACATGGCACAAAGTCGCGACGCGCGCCTCGGCCAAGCATCCAGCAGAGCAGTCCAGCTATTGTATTCCGCGTTTCCGATAGATCTAAAAACGCATCTCGCTCACTTTTTACACTACTGAATTAGTGGATTTGGTGGGTGGGGATCGTAAGGAGATCAAGTGATTTGTGACACTTACGACGGCATATCAGGAATAACCAGGGTATGGGGTGGTTGGTACAGGTGGAGTGGGTGCCATGCCGTCATAGCGGGCAGGGGTCTTTCATAGCGCATTCCGTCCTAATATGTACCGCTGTTCCGATCGGAGTCATCGTCCAGGAGGCGGAGCCCTTTCTATAACTGTGCGCAAACAACCTCCGTCGATGGACACTAGAGTCATGGGCGATCTGAGGACCTGGACTGACCTCGTTCAGTATGGTCCGTTATCACACAAAGCTTGCCGGACAGGGTTCTACTGGCTCTTCTTGGCAGGCTGTTGGCGGGCTGTCTTGGACCCCCCCACGGTAAGTTTCTGTCCAATCGGTGTCGTTCCCGGGAACTGGGGGATGATTATAAGATACGCACGCAAATGCAGCTCGTTAGCTGTCTCTTGGAAAATAGGACAGACGGGCGCGAATGAGCACCCGAGAAACCAAACCCACAACCGAGCACCACGCCTTGCCCCCTGATTGACAGCGCATACTGGAGCCTCAGACGCATCCTACACTCAGTGGTGTAGGTACTGAATTATTCGGCCTTGTCGATGTTATCAGCGCGTAATTTTATTTACCCCTCAACCTTCTGTAGTCATGTCCTCCGTAAGAGTGGTCTCGTTTATTCAGTCATACTATAAGCAGGCGTAGAATTCTATCATTGTGTCACTTGTTCTCAGCGCTTCAAGAGAACCCACCTGCCCCCCCTACTTCACAGATTCCGTCTACTTGATAACGTAAACGTTATAA,1833,51.17,Homo sapiens
SEQ_996745,CGCCCCCTTTGACATCCCGACACCGCCTTTCTCATACGGCACAGAGTGTATCGAGCCATCGCACTTGTGCTAGGGCAGCCGTAAAGCTTAATATATCTGAGAGCACCCGGTCGAGATCTCGATACGAATGCAGAGGCGGCCGAAGGTAGGGCTTGATATTTTGCCAGATCCCCGTGACGACTCGTTTAGCCAGTGGTGGCGCTGCCACTAGGCGCCCAACTGAGTCTTGCCGGCGAGGGACTCGACTGCCCAAACCTACGGCGAAGCAGGAAACCTGTATAGGGGCGGTCGTCTGGGCATCACGACTACAACTACCGGTACCCTCTCGCTGGCCAATGTGAGTCCGCTGAAGGTTTAGCTGGCTTTCCGGCTCGTACATCATGGTACCCCGGACGCATTAACTAGGCATCTCGTCTTATACTTGGGCTAAGACCTTAAAATCAATGCAAAGTCAACGGTGAGACTAAGGTGAAGGGCTTTGAATTTATATCGCGTAGATAGCACTTCGTATGACGAATAGCCGTGATAAGGGGCCGCTCGTGCGGATTGGGCATCCCCAGCGGACCCTAGCGTCCCCCTCAAGGAGACGCGGCGAACACGCTACGAGGCTTGATGTATTGGTCCTGCGAGAGCATCTTAAAGTCCAGATTTCTGTGTCAGAATCACCCCAGGGCGAAAGACTGCCCCTCTGTCTATGGCGACCTGGCCTGCGACGATCGAAACAACTACCGCCGATATCAGGGGCTAGCGACTAGGACAGTCTGCCTTGCGACCAGAC,778,55.53,Mus musculus
SEQ_632781,CCAAGTGCAGAGCTCTTGATGATTTTTTAAGCCAAATCTAGCTAGAAACACCCCCTGCCACCGAAAGACGCCCGTTTTGCCGCTGTAAGAACACGGGACCGGAGTCCATTATGCCATCTAGTGTTGGGAACGACCCGCACGCGCAAAATTGGTTCTCATAATGTTGTTTCATGCCAGGCGGTAAGTCCACTTAACGCTGGGTTGCGAGCTCAAAGGGGCGGTAATTATATACTGAGATTCATCCGCGCCCATATAGCTTGCCCGATGGTCATCCGTATCTCTACAGTATGCGTTAGGCGAGTTCCTGTCTAGAGCTGGCCTCGAAATGTCAATGGATCCTGTCTGAAAGGATCAGTGCGGCCTGCCCAGTAAGGGACATCGTAGATCAATAGGGGATACTGCCTGTGTATAGTCCTGCAGGGACCCGGTACCGCGGAATATAACTACCAGTAGAGGGTTAGCCATTGTTGGCATTCAATCGCCGGAGATATTTATGAGTTAGCCGCACTGCAAGACTTGGTATATGTCCGCATTATCAATCTGGCGTGGAAAGCGGGGACCGCCCCCCAGGGTGCGGTCGTGACTACCCCATCTATCTTTAAAAAACGTTGATTTCTGGACAAGTCGTCTAATTCGGGACAACATCCGTCGCATTCACGCCGTATACAGCCCACGACTCCACAAATTTCTCCTCAGATCACAATGGTAAGCTTACCGGCGGGTCTATAATAACGTGATCGGAGATCGTTGTAGGCTTAATGTCCGCGTTGCCTGACAGGGTTAACCTAAACGCACTATATACTGAGGGAAACCGAACGATGCGCCGCCAGAGCCCTCTCATTCCTATCCTACGGTTCTGACCCAAGCACGCGTGCCATTGACTACCATCAGTCAGATCAGGTACCGTATTTCCAACACCCGCGGGATGGTATCAAATATTCTCCCATGATACATGGAGCACCATGTGCTGATTTTCTGAAGACGTTCGGAAGCGTAATTGGACTAGTCAGACCTAGAGAGCTGCAGCACACCTTGAGCCTAGGACTCACAGAATAAAGGTCTTCGGTTGCAATACCACCAAGCCTAACTGACTTTCTCTTTGGACTCATTTGTTGACGAGTACCTGAATAGTTGCTCGAGGAATGTTGTGAGCGTAATATTAAAATAGATCAGGAACGCCCGAAGATCCTAGTCACAAGTTGAATGCACTCGCGAGCGGTTCAAGTACTCCGGTTCCGTTATTACAGACATATGGAGTTTCGTTTCCCAGTTAAATAAGAGGACGTGGTTACCGGCTTAGACCATATACCGGAGAGGCCTGAATGCAAAAAATTTATCTCGCGCAGTTCGTCCTGCTCGCGCCTTCAAACAGTAGCTGTGTGGATTAGGGCAACGGCTTGGCCTAGCTGATCTGTATAACGGCGCATAAGCTATCTTAGGTGTATGCGGCGCGTGGTCGATCTTTATAACAGGCTTCCTCATACAAAGTTTTATTCTCCAATAACCGCAGCACGATTAGCCGGTCCTACTATTGCCAACGAGATACAGTGCGGACGAACGAGTATGCAATTCAATAACGGGCATACGACTTACTGGTGGCTTAGATGGAGTTGAGCTTGAGCCCGTAATAATGACTACAAATTTCTGTTGTAAGTACCACATACGCTGTCATGTGTCTAAACTTTTTATTAAGGACTGGTGCATGCCCTAGACTCGAGCGAATCTGTGCTGGCCAAACGG,1740,48.68,Escherichia coli
SEQ_220278,TGCGATTGTACCTGACCGAAGCTTTTTTCCTAACGCCCGTAGACTTTGGATTTCAAAACGCAACCTCGAGCTGTCTTTAGAGTGCTTTCGGGATCGAATGATTTTTGTCGTACGACAAACAGATTCAATATTTGCTACGTATTAAGTTTAAGTTTAGAACTTGCAAACCCTCTGACACAGAATCGGTATCTCGTGCGTCTATGCGTAAACCGCAAGCAAGATAGCCTGCTCGGAATGCTCGGCGGCGGATTTATGGAAGAAACACCCTTAGCGGGCCCAACCGCAGAACAACACTGGGAAGCTGGCGTATGTGCATGTGCTGGGGCACTGCAATTATTTGACGCATACGACCGATACGTATCGTACACCCTTGCGGGCTGCCCAAAGTCGTCTGGGCGATTGGGAAATCCGGGTGAGCGTCACCGGGAACACGCTACATGGGAGCTGCCGGGTCGTCTTTGATCTTTAACGGCTGTGAGCGTCAGCTAGCATCACCCTGGCTCAAGGAACAG,512,50.78,Drosophila melanogaster
SEQ_145341,CCGATGCTCTCGCCGTCGTAGGAGATAGGCAAAGAGCCCATCTTCCGTGTACACAGATCACTACGATTTTCACAACGTAGCTAACCTATACCGGGATCTTTAACTACGGTGGCGTACGAGCTGACAGTGCTATGTGAATGATGGAGCGAGTGCTGTGTTATCACTATGAAGAGCGTGGTCATACTATTTTACTCACGCGGTGCAAAGAGGACTCGAACCTAGCAGGGAAGCTATTGGGTATGATTGTGTAGCTTTCTCACTGCTCAGTCATGGTGTTATCCCTCGTTTTCCCGAGCAATACGAACGTCACCCTATACGCACAAACGAGGATCGTCGGATGGTAGTAAATTCGCTTCCCGAAAATCTCCGGTACTTACAAAGGCACCTAAGAGCCGCTGTTAATATTGGACTTACCCGGGATCGTTCATCTGTCCTCGTTAACGTGAGACCGGCCCTAAGGCTACACACGACGCCCGTTTTCGTATGACTCATTCATTTCTTTTAAGTCGCCGAGTTC,517,48.74,Mus musculus
SEQ_406611,ATTATTGAACGGAAAAGTCCCATGGTAGCGCAGTCCATATAGATGGAGTACGACTATGTTCAGATAAGGATCGTTAACACGTAACGTTAATTGGCACGGAGCACGCAAGAGCCCGCAAATTAGGGGATTCCAGTAAATATTTCGCCAGAGCGGCGGCGTCGCACATTAAGAATTGGCGAATATCACGAAACCCTCCTAAGAGATGAACCTAGATCACAGAGAGCACTGGGTCAATCAACGCTATGACGTGTACCATACCAGTTAGTGTAGGGATACGTGTCATGGGGTAATAATCTGGCCTGCTAACTTGTCGCTATCGTAGGTATTATCGTGGGCCCGGCCACCTGGACGAACTAGGGCTAAGTCCTTGGGTGTGGGAGAGACCCGCTGTCGCACTTCAGTTGTGTGCCTTCTGAGTCGTGACCGTGATCCGCCGAGTGCTTACATTTGTGCAGTTCGGGCCAATTGGGGTAGGAGCAAAAGGCACTGACCCTGATAACCAGACGTGGTTCGTTCTATTACTTTTCAAGCACACTGAGCGATAGTATGGCAAGATTGCATTAGCACGATCACTTTGCTACACGACTTCAGGCAGGGTTTAACTGGTTCCTGCCCAATGGCCTGGTGAGGCGCCGGGAAGATCTTGAATTGAACACCGGGCCTTGGTACGACGGAGCACCTCTCTATGTCCTCGTTTCAGCTCCCTAGCTAGCATGAGTAAATGCCTCTGCAAGTGTATCGAGGCCACGGTTAGTAGTGCAGTATGTTGTTATCCTATAACGTGAAATGCCCCGATATGCTCGACTTCATGAGTTTTTTTGAGATGGGCACATCCTCCTCCAGTCAGCACTGGAGCCATTTCGAGCTTGCATGTTGCTAGTGCTTACACAGAGCTTCATACAGGCCCGAAGTAGAACATGCAGCGCGGCGATAATTCAACTTAAGTATAGATTGAATCTTTAATAACGGGGCCTTGCAGCAAATATGACCGAGAGTCAACGCCTCGCAGATCATAAACCCAGCGTTTTTCGTAAAAACCTACGACACGAACAACCCCGCTATGACTCGGCCTTCCATGGACAAAATGACAGCACGTTCTCGGATACTCTCTTCAGCATTTTAAACCTGAATGGCACGCGTCGTGGCTCATCCCTATCCTACCCCAACAGGCTTGAAATGGACTTCGTCGATCTTTGTGTGTTGCCCGGTAGCTGCGTCAGAGAATCCTGTAATCGTTCTCTCAGCGGCGGAGGCGTACCTTAATTGTTCGACCCATACCGCCCCTCTGAAGATAGACAAAATTTTGCTGTAAAGCTCGAACTCCATACGTAGCTTGGTACGTTCCTAAAGCTCACAAATTCCCGCTATCTGCCAATCATATTGCTGGGGTGACGTGAGCAGTGGGACACGTGAAGGTG,1418,49.44,Caenorhabditis elegans
SEQ_504875,TACGATCAAAGAATAGCCGGCCGCACACTTTTACACTTCACTACGTCTTAGGACGACCTTCATCGATATTACGCCCGATGGATTCAGAGGCTCATGACGCTACCCTTTCCCAGTTAAGATATTGGAATCATAACGAGTTTCCAGAGATGTTTCCGCGAACGCCGTTTATCTTCGGTACTTTTAGTAGAGGACACGGACAATTGCCAATATCAGTACAAGCACTCCCTCAAGCACGTCTCCACAGTCTCCGTTCAAAGAGGTACAGAACCACTCGCCCGTACCGGTGAGGCCGCGGGGACGTTTGTTTCGCTCCATACTATAGTGGCAACGATCTGATGAAAGATTTGCTCTGAGACCGACCCAGTGCGTCCTAAGGGAACATAATGCCATGTCATGATTCCTAACGTTGGCGGGTTCCTCAGAGAGATAAACTCACGAGACGCTCTGGTGCAACCCAGGTGGGCAACATCTTATCCTTTACCGCACGCTGTTAATTAGTCTACCAGCTCGCCCCTTGATGGTTCTGTCACTTTCTGTCATTCTAACAATCGATTACGCACATCGGCAAGCGATTGCACATTGTCACCGTTGATAAATTCAATTGTGACCAGCCCAGACACGAAGGCCGATCATCTGGCGTAGCTAAAGTGTTTGCCGCCGAAATTTTGGTCGGCGTTGATCCGGCAGTGCCGCACAGGGCGCTGGGATTAGGGCCATCCTTCCGTGGATCTAGTAGCCTTCTTTATTCCTGCAAGCAAGAGAACAGGCCATTTTACCTGGCCTATCAACAACTGATGTCCAGTGGGAAAGGGGGGCCAGGGACCCCGTTTTCGCACAAAATCACAACACTACCCCGCATTTGTCGAGGGTGTCCGAAGACAGCAAAACAGCAGGGTATGGTAAAGCTACTAGGGAGACCATCATCCCGAGGAAGGAAACTATGGTGACGCGACAGTTTTTGGCCACAGCTTCCGGCCGTCCCGACTTCTTCAGAACCAAATCAGCTCTAAAATAGAATGGCCTGCAAGTATGCCAGTGTTT,1041,50.24,Escherichia coli
SEQ_790189,AGCATGTATTTTGAATCGTACTTAACACCGCACCAACATATCGCCGTTGATTATCTCGCAATTTCGACGACCCCGGTGATGCGATAATAACAAGCTTGAACACCCCCCTGTCCCTCGTCATCAGGGTTTACCGAACACCCCCTGCTTATGTGCTGAAACAGCTTGGCAGAACTATCGGACAGGTTCGAAAGTAGACTATGGACGGTCATATTATGACTTTCAGATTGGTTGTGTGGAACCCAGTGATAAAAGATCAAACATATGGAAGGAGGTCACCCCGAAAGCGTGTTTCAGGCCGTCTCACAGATTTATAGCCCGGCATAATGAAAAATTCCTGTTACATACCAATCACGTATGGTAC,361,45.71,Drosophila melanogaster
SEQ_899499,GCCGTCGCATTGTGGAGACACAAGTTTACGGGATCACAGTCACTATTCTTCTCCAGGGACGCAGCTGTAGCCTGGATGATTACTTACCCTGGTGACTTAGCGTATTGATGCCTGCAAGTCTTAGCCCTAAACCACTGGGGGCGGGAATATACCTTGAAGTCGCTTCTGTCGCATCATCGTCTTGAGCACGCGCTGCGTGAACGCGTCAAACGTAACACATACACCGGCTTCCGGGAGGATGTGGCCCGGGGAGCTTTTTGTGCCCCACACGAAAAACAGTTTCAATGAATCGGTCACGAACCCCCGATGTCACCTCCACCCGTCTTTAAGCATATCGCGACCACCCAGTATCTGAACTTGCCTAGAGTCGAGTAAATTGTACTATCTTGGTCTCATCGCTAAGAGCTACAAGCGTACGGCTTGAGCCACGCAAAATTGTGACCGGGGAGA,450,52.22,Mus musculus
SEQ_524013,CATTTTGCGGCGTTTCCACATGACTCCCCAGAAACCGAAAGTTCTCGGGCGTGTCTGATCTTAGCTAGCAAACACACCCACATATATGCGCGCGGTCTAACGGTTATCCCGACCACGATCTGTCCGGTCCTGTTATTCATTTATGGAATCTCTATCTTATTACCCGGAGCCCTCAGTGTACTATTGACAATTAGCGCTGTAATTGTACCAACGGGAGCCTTAAATAACATAGCGTGTGTCTGTTCCGGTATAACGAAGATTTCATGTTTACCACTAACGTGTGCGGAGCATTTTAACTAAAGACGCTAGACAATAGCGGTTGCTCTGTGCCCCTTGTGTACCTAGCAGGGAGACCATCCCATTTACACCTGGTCCGACTTGTCCAAGTACCCAACATATAAAGCTTTCGCCCAAGGCGGAGCAAGAAGAGGTAAACGACAGCTCCGCCGTGAAAGCTATTTGAGTACTACATACTTTGACCTGACCATAAAACGAAAGGTAGCCGCATCCAGTAAGTAGTGTTATGCCTCGAGTGGGCTCAAATGTACTATTTGTTGTTTCGACGTGGACTTAGCGGTTTTCCGCCACCGTCAAGGTGGATATTGGCCAGGCAAGCAAAGATCTCGTCGCGGGAAGGCATAGCCGTTCTGTGGGTTTACGCCCCTTTGTACTTGACAAGACGAGGGTGAAAGGCTCGGTTTGGCACTTAGCAAGGTGCTCATTGGCCTAGGGCTCCTGTGTTACATCCGTACAGTCGAGGGCATGCTCCAAATTAGTTCTTTGGAGCGCGACATTGTAGCGTAGCACCTGTGCTTTAATCGCAACAGCAAAAACGAGGGGAGCAGCTCGCACAAGTTCACCTGTTCGATCCTCTAGCAGTTGTACTGTAAGTATCTACAGTTTGCTTTGACAAATGGCTGGACGTATATCCGCATCAATAAGCACGCGTGCGCCAGCGCGAAAGCCATCCCCCCACCCGCGTGGTTAGAGATGTGCCTCATCTATTCCATGATGGGGCGAGCCGAGTACACGGTATGTAGTAACAATGCTGGGGAAGATCGATGCGTGCCTGAGCAGTGTATGACCGGCACACGGAACACCGATAACTGAGCGCAAACAGTGATCGATCCGCATTCATAGAATATAACCCGTTGATAGAGCGTCCAAAGTGCTTGTTTCTACAGGTAGAAGATGTATTGTCACTGGTACACCTGTCGTTGTGCATCTATCTAATAAACTTTCGTGTTATTAGCTTAACAGCGGGGACCGGCTGTACACCGATTCCTGTAGAGAGGCGAGAGTGTGCTGCCGGAGCAACTTCGATGTGCTATTGGCGTGCGACATTAGACTCTTGCAGTGAGGTCCCAGGCACCCTTCCCGCAAATGTACGAACCTAATACTGAGGATTTGGGGGTCGATATAGGCTGGGGATGGACATTAGCGTTGGAAGTCAACCATGTGTTGATAATACTGCGTGACATTAAACAGGGACGGGCGTGACCGGTATAAGGAAAGGGCCTGACCTTACCGTCCGATCAGCATGGTTATCGTCCCCACACCTTTCGTTGGGGTCGGAAATAACGCCTGCCTCGCACCCTATTCAACCTTATCCCGTTCTGTCTCGTGATGCTCGTCTTTCCAAGGTGTTGCAGGGTCGGTGAGGGTGCTAAGCGCTAGGCTCTGAGTCTGCGCATTGAATCACAGCGAAGCCTATCATGCGATGTATACCATGTCTGTCCCCCAGGAAACAGAGAGGCTTTCGTCTAGACCGCCCGAAACAG,1781,50.25,Mus musculus
SEQ_546403,CATTGTGAGTCAGACTATTCTTCCCAAGTTGACTGGATGTAACTAAGCCCTTACAGTATGCGAGGTGGCATGACGTAGGCCGAAGGGCAATGGGCCTTCAGAACCTATCAAACAGCACCGAGTGTAAGGAGCACGCTGCTCGACGGTTCGGGCCACGATCGCGAAGCTAATGGATTCCAAGATGTCGGATGCGTGGCCAGCCTGCCGGAGTCCGCAAAGAAATGCCTAGGTGTTCATTTTTCGGGTTGGTTGCTCGGTAGCCGAGGGTCTAGCGGAGCTTAATACTGACCCGTTCGGGTACGGCCGATCGAACTTGCCCGCATGCTCTCGCCTCGTCTAAATCCACACGCCGCTTCGTGCAATTTAGGACATAAAGCGATTTTGCTGTTGTACGCCTCAGGGGTATTGTCAGGGATAGTGAAGCTACACGGACTCTGTGCCAACACCACTGCTATTAAACTCAAAGCACGAACGTAGGGGGCGCTGTCTAATGACGGTTTACTTACCGTTACGAAGA,517,52.8,Escherichia coli
SEQ_141070,GATGAAGCCGGTGCGGAATCATAGCATAGTCTCCGGGCCGCACCGGAGAATTTGGAAGATTAGTGTTATTTCTTAGTTGTCAATGGATTATCGCACGGGGCGTACGATTGAGGGTAGGTTATAGGCGCACATGCGGGACTAAAAAGACTGTTTCACAACGCAGTGGAACCTCAGCGACCGGACATCGACTTTGCGCGAGGACATTGGTAGGACAGGCGCTCCTTATCCCCTTTTATCACCACCCTAAGTCGTGTGCGGACGTGGCCACCAGATGTTAGGATGCCCTCTGTTATTTACGACGCTGTAGTACCCCCGTTCCTGCTTATGTGCACTAAAGAGGTTAGATAAAGAGGCAAGCATGGGCGCATGTGTGTAAGCCTTGCTGTAGAAAAAGACTTAAGTGCCTAGTAAACAAGCTTCGACAGATCCCTTTTTTTGCACCTGAGTCATTGGAAACCGACTCAAATGTAACTGCCATAAATGCGGTTGTTTTCCAGAAGCAGCTCTGACTTGCGGGCACGTGATACCCTAGTTCTGTCACACGTCGTAAATTACGACGGGGAGCTGGTGTTGCGAATCATACTACGCCTGAATGGGTACTTTTCTCGTCGGGACTGTGGGACTGGCTGGCGCGCCGATCGCTTTACCGATTATGAAGCGTGACAACTTGCTGGCAAGTTTTTGCCTATCTAGCACACGGCGACGTTCTCCTACTGATCGGCCACTAAGGGTGACTGCGGGTATTTTGATTATTCCTGGGTCGAAGCTCACAACTTAATATACGGCGTCAATCAAGTAGACGACGAAGGAGTTCCTAGACACTAAGCATTAATAGGAGAGTTGGTAGCATCGCCGATCAGTCGCCGGCAAGGTCCCATCGTTAGAGACCGGGGGATGTGGTGGGCGGGTTTGTGTGCCGACAGTCAAGGGAACGGACCTCACAAACGGGCTTAGGCGTGGGGACAGTCCCCTGCTATCATATTCCTACGTGAACATCCCTGGTACTACCCCCACGCTTTCTGCAGGAGTAAAGTATTTGATCTGCATATTCAGCGCCAACGTAAGGGTGTATCGTCAGGAGCCCGCGATTTAGTACTTTCCTTGCCAGTCATGCGACGGGCGCACATATCATTCATGCCTGTCTCGCGGCAGGTTTAAGAGTTATATTCATACGTCTTAAAACAAGTGATTCGGGTGATACCCACCCTGCCACATGACGGGTTTTACCGAAAATTGCAAGGTACGCAACCCTAACGCTGACTCCAGATTTGTCAACGAACCGACGTCTAAAAGCGTGACATTGTAAGGTTTCTGCTACCGGGTTCTCTGAAACCACGGGCGTGACTACTCTCTCGTAGTACGTCCCGAAAATGGATCCTATGTGGAAGCGCACGTTAGGGTAGACAACGTACTGGTGATTAGTGGAGTGACGTTGCTGCTGTATTTAGGCGTGGTCGATCGCACACATGCAATGTGTGCCTCGAACTAAGGACTTTCCTTTATATCAGAGCTGGGCGCCCGTTCGAGTACATGATAAGCCCTTTATGTACGTTTCAGTACATCACCAAAGGCGTCTATGCAAGATCTACACCACCGCTTTAGTGCCTGCTAGCGCGCGGTGCAGTGTGGAGCTTATGAGTTTGGCTACCATCAGATATCCCTATAGCCTGCTTACCTATATTGTTCCTGTACAAACTTAGCTTTGACCATAGGCCGACATGGGTCAGTTTAGTAAGAATGTAAGTTTTGTTTCACGATAACTTCGAAACGCGTGCTAATTAGTCTCACGATTAACGGTGTCACGAAATCGTGGCGGGAAACTCACAAAAGTTCTCAATGTTGTGAGGAGTCATTCTCTTCCGCCAACGCTTGTT,1874,49.47,Homo sapiens
SEQ_487684,AACCGGGCCTATTTGCTACTGGACGCTTAGATGGGCTGCAGCTAGCACGAACGCAGAGGATGCTACTTGCGCCGTCTAATTTCCAAGACGAAGTGGAAGTCATAGAGTCGAAAGATTAGGCGGTAGTTTGGTGGTCCATCGAAAGACTACATGAGATGGCCACATCAACCAGCCAAATTCCACTAGGAATATACCTTAAGCAATGGCTGTAGCCTTAAGGCGCGGAAGATCATTATACCAACGGAAACCAATCACTTGCCCCTTGATTTTTGTATCCAAAGTCGATACTTGTCTGGTCTGGGGCTATTAAGCTTTCAGGTGTCCTCCAATCATTTATGGGGCTGATAAATCTGAGGTGCGTATCTCTTACACCGCAAGGCACCTTGTTCCACGACACGAAATATGATGGGTAGCTAGGAATAATAGTCTAAAATAGGGAGTTATTGGTGCTTCCGGGATTTTTCTTCATACAACTTATCGACCTGGCCGGACCTTGCCTCTCAGCGTCTAGGATACCGGCGAAATGTATCAGAAACGGGGTGACAGATTCAGCCTCTAATTTTGATGCAAGCCTATTGGGCCAAAATTAGCAGTTTCAAACCGGTAGGTGCGTACGAATTAGGGCCCTGTATCCAAGCTACTACGATCGCGAATTACTACTCGGTTTCGCTCTTCGACTGAGCGAGCAATGAGAAGGCGCTAATATCTATAGGACCCGGTCTCGTGTACTCCGTCCAGTCTCAACTGGCTTGCTGGGGCATTGATACAGGAGCAGACAATATCTTTACCGATTTAAGCTCCCCTGTATGCCTGGAAAACTCACCCCACCGGGCTCTACTTATCGCGGCCATTCACCAGCTTCGAGAACAGACCGGGTAAGTGTAGTGAAAACAACAATTTGATGCAGCTATGATGAAGCGGAACGCGTTGACTTCCATCTTCAGAACCCACTTGACTCTATGCAAGGTAGGACACGGTCCCTCTGTACTCACCACACTTAAAAGGTCTCGAAATCCTCTCCAGTCTGAATGCAGCAGTATTATGGATTATACGCAGGCATGTGCCCCCACCGGGGAATGCGTCTACTTTAACGTGGTACCG,1101,48.14,Drosophila melanogaster
SEQ_750000,TGGCCTACAGCGCCTAATGTGGATGATCTAGGACTTAATCAGGCCTACCCTCCCGCCATTTACGGAATAATCTGCATGGTGGACCTACCGGGTGTGCAGCTTCCGTCGGACTGGGACCAATTTCCGCAGCCAGTGCTTCCGAAGTTTTCCAGGTTTCTCAAACCAATAATGCGGTAGCAGGAGCCCATGGATGACAGCAAAGCAGACTGTCGGTCTGTACCGTCTTGTCGATCACGGTCGTATCGAAACACCCCGCGATTACTATAAATTGCGTGATTACGCCGTTGCAGATACGGCATGCGCCGTCGATTCCGTACGATACGATACCGCTGAGATTTGTTGCCCCGTAAGATGTTCAGCGACGTCTTAGACCGATCTGTAAGAGCCGTCTGTCGTTCTCAAGGTATCGTGTCAACCGTTGTACGTAGAGCGGCCTCTCACTAAGCATTGGGTTCGGAGTGTACAATGACCCGTCTCTTCTGCTTGTCACGCCGGCGACTGTCTCCCTCGGCAAAGTTTCAAGTGAGCCACTATTATTGAAACCCTATGCACCGATCGTCACCAATCGGTCGGAGTTATCATTCGAAGAAAATCCTACATTGAACGTAAGGAGTGTGACCACATTTGTTTTTGTATATCATGAGACGCTTTACAGGACGACTTGTCAAGGGTGATTTAACCACTTATCGTAAAGTGATCAGGCGACCTTGAGCTGCCGCGTTTGTCTCCTGCGTAATCGCAAATCACAGTGGGCCGCGACAGTTACACATACCCCATTGCTCGGCGTTTGGAGTTAGCGCGCTTGCCTACGTTGGGAGCTCGTTCAAATTCTGTCGGAAGCAGTGCAATCTAACAGGAGTGTGAACTCATGCGCAAGCGGAACCGTAACCCCCGCGCTACTCAACGGCTCTAGGTCCTCGGTGTGGGGTTAACTGCTTCCAGGGCCGACCGATAGTTCCGAACGGGGGTGGTTCGTTAGGCAGGCCAATCCGGTGTAAAGAAGAAGTGTTGCAACGAGGTCAAAGGCTTGGGACCACTCAAGACATCCGTTTTGCGCGTGGAGGCGCCAATCGACGTACCAGAGACGTGCGGTCGGGGATAGTGGCTCACCGTGTCTGAAGCCGTTCAAACCGGTTTTCCTGGGAGAGTTACAGATTTTTCACCCTACATTTTCGATCAAGATGAGTTCAAGGGTCTAAGTTTGCACGGG,1210,51.98,Drosophila melanogaster
SEQ_778573,GATCAACAAGGTCCTACAATGGTGCTCCCCGTTACGAGTCATAACTCAATTGACATCTACGCAGTCCGCGCCTAGGCTGCCCACCAACCCCAGGGTGTTCGTCGCCGCATCTCTAAATGAGATTTCATGCTACCCGAAGGGTCTGTGCATGCACAATACGTGGTTCCTAGTACAGTCGAAGTCGTCCAGGAGTTATAGCGCGGGGGGGATCCTTTTACGTGGCAAAAGCATTGCAAACGTATGCGCCCTCACATGTGCATCATTAATTTACAAAACTGTGTGTCGGGCGACAGAGCTGAGCGGCAACATGGATCTTGTAATAAGTCTATGGGTACCAGCCTGGCGAGCGGCTGAAGACAGCATCGGAGGCCGACATCCACGCGGTGACATAGCGAAGCCCTTACGAGTCTGGGCGCTGATAGTTCTCCTGTGTCGATTCTTGGATGAGGTTCAGTTTATAGTGCG,465,52.47,Caenorhabditis elegans
SEQ_560433,AGATTGTTTTTTGGCGTGTCGATCAGTGAGGTCTCTGATACGTACGCATTTCGGGTAACACAGCGCCCCCAGCTAGTTCGCTCTGGTGTGGGCAATGCGACCCGTCCGCCGCCCCCATTGGCTTCAAACTGGCCCCGACTCGCTCGGCCAGTCCGAAATGCAGGACCAACTAATGACCCCATGATTTGCAAGAGACTGCTGTTACGTCAAAACAGCCAATTACGTATCCTTGATTCCACCTCCTTTTATTGCTTTTTCGTATGCCTCGGCGCCCTCTGTGCTATCTGATGTAAGATTCTGTGCGCGTCCGTTAGCCAGGCGCAGATCGCAATAATCCTCGCTCGAGACTGAGGCACATAACCGGTTTGGCAGATACAATTGGCCACTGGTCGAGATCTTGCCGCTAGAAGCGACGTCCATCAATGCATTGGTAGCAAACCAGCTCAAACTTAAGGTAAGTTGCATCTCTTACCGCGGCGAGATAGAAACCGAGGTGATGGCTACGGGTAGCGGTCCGCAATTCGTGTCTAAGCACCATCGCAAGAAGTAAATAATGTTTTTAACCATGGCCGATCCTAGTTAAACATGTGTTGTGCTCATCGCGTTTAACTTGCGCTCGACGACTATTAAACGTTGTCTTTGACGAGATAAGGATGAATAGACGCACCGGCCAGCTGGCTGAAGAGTGGCTAGTATGAGCAGTGATTCATTAATCCCGCGAAAAATCAAGTATGCGATTGAGTGGCTAGGCTGGACCGATCAGCCTATGCCGACGGGTTTGGCGACCATGCTGCCTTGCCGCTACGCTGATGCGGGTGCGTATCCCTAGGGGTATGACTAAACGGTCATGGAGCGACGCGG,861,51.8,Drosophila melanogaster
SEQ_881214,GTCGGAGCATATCCCATAGGGAATGGCAATCAACCTGAGGCGAGAGCCGTCAATCGGGGCCGAAATCTTGAATAACTAGATTAACTGAACCCCTACGGGTGTACCGTAGCATACGTTGAGTCAGTGTGGTCTACACTACTCGGACGTCGCGAACATATAGGGTCACATCCTATTGTCAATTGGTGAACATGTTGTGTCCTCCAGTCAAATATTAGATTCTGCGACTTCTTCAGAGCCCGAATTACCCCTCCCGTCGGTGACTAAGGGACTACTGGTGACTAAGTCGTCTTCTGCTTGCCCATAGGAAAAAAGGTAGACAATTGTAGGTTTCCATACTCTACCTGCCTTCGTCAACCGGCTAGACCCTGTCGCTGATTCAATCGTATCTCAAAGAGAACCCCGGCGCGATGATATGGTCTGGGGGCGATGTCATCAAAGTAGACAGACATCGCCTGCGGGCCGATTTGTTGGGGCCGGCGCTTACCTATGGTATCTTCTATGATACGTCCTTCTTCAACCCCGCTCGACAGATCTATATATTTACTGCCGCCAGTCAG,557,49.91,Drosophila melanogaster
SEQ_737201,ACTCACAGACGCCACGCGAAGATTAGCGACCAGTTCCTCGAAAATACAATAGAACCAATCCATGTGCCGTTCGATGCAAATAGGAGACATGCTAGTTTGTGTGTCCTCGGTTAAACATTAAA,122,44.26,Arabidopsis thaliana
SEQ_236000,CAACGGATGTGTGACATCTTCGTCGGTCATCGGGATCCTGGATACCGTCTGAATCGCATGGGTAGGCCATTCGCTCGGAGTGAGTTAAATGGGACTATCTTCTTACTGAGACAGGAAAGGGCCAACCTGAGTCGAAGATCCAACAGTGGGGAATTAGAGTGAGCATCAAGGGAACCTCTTGTACCCCTCTCACCGACTGGGGATCCCCTGACTAAGAAGGTGCAGATTAAACGGGTGACATTGAATAGATGCCAAACTTTGCTATGTCGCTTTGGCGCCATCGGAATTCCACGAGAAACGCACCTTGCAGCGTAGCACCCTAGGTTCTGGGCTGGAGTATAAATCATAACCACCCAGCTTCGGCGTGCGTTAGGTACACATCGAAACAGGCTCCTGGCGCACATCTCGGTAACATCGTGAGAGAAACGACCCGACTTGCAAGATAGATTATTTAGACAGCCATAGGAAGCTACTTTTTAGCCAATGGGGAACGGCGCAGTTGCGAATACCCCGATCTGCTCCTCAGTGTTTTCACTGACACCTTTTAACACAGTTCCCACCCCTGATTTGACAAAATGGTAAATTAATACGACCCGTCGGGCGCCACGCCCCGGTACACCAGGAAAGTATTTGGAGATAATCAAGATGACGACAGCTCAAGGCTTGAACATATGGGGAGGGCCCGCAGGCATCACTAGGCCATCTCATCGCTGCCGGGGAACGAATACTCCACCCCTGGATAACCGACTATAGGTATAATCGCACTTCCATTGCGCGATGTCGATAGTCAGCGAATGAAAGGATGCACACTGTACCCTAAGAAGCGTCTCACTGAGACCCGGATCACGTATCCGAAAAGGGTATGTAATAATTAATTTGGACAACCCAGGCTCACTTGAGGGGGATACGTTTAACCGAAGACTAGGCGAGGCAGTTGCCGATGTGTCTCCTTTGCAAGTTCGAGTCGGGTCGCAACATCCCACTACCAACTCTATGGCGCGAACGCGTAGCACACGACGGCGATTCGAGGAGCTTGAATACGCCATTTTGTTCTGAATAACGGCATGACTTTTTTGTGCAGGTCCGAAATAATTTTCTTAATACGTCTCATAGGATCAACATACAGTGAGCGTGGGAATAAAACGCGCAGCGAATTGTACTCTCACGCACGTTAGTACGCACACCTCCGCGGACACTGCCTTCCTCCGGACCGTCCGCTAAGTTGAAAACTCGTCGTCAGAATTGTGATTGTCTCCAGAACGTAGATACTGCACGCGCGATTAATTACTTGAGATCATTAGCATGAG,1307,49.96,Arabidopsis thaliana
SEQ_974981,CTACTCTACCAATCCGAAAGCGCTGATGACAATAGGTAGAGCGAACCAGCAGTTGGACGTGGCGTTGGCCGTATATAAACCGCCGTTCGCCTGAGTATAACTCTGCATTTGCTGGCTTGAACACACCATCAACTCTGTCCGGCCATCCAAGCGTACGCGCAACATAAATGTTTGGCAGTTCTCTGTAGGCACTGTCGAAGGAATGTTAATGTTCTCATAGACTGAGACGGCATGCGGTGAAGCCTTGCAAATGCATTTCCAATTTCCCGCTCTCCCATGATTGAATGTACTCTGGGCTTCCTGTAACTTCTGGTAAATACTGAGAACGACTACCACAGCCTCATGCGATAGGCTAGCAAGAATTCGGGGCATGAAAGAAAGAAGCAATGGTAGGAGTGAGTTCATAGCGAGTAGAAACGCGCTGCGAGAACAGAGTTGCAAATATACCCATGTGTTGCATGGTAATCAATGTTCGGTTTAAATCTCCGGGCGTAACTCAACGGCCTTAAGTCGATAGAGGCCCGTGCAGAGGGACGCTAGAAATGCCAAACGGGCTTGAGGTGGGTGGAATGCTGCTAGAACCGGTTTGTCCCTTCTGGATGGCAAACGATTCCAGTGAGCCCCTAGTCGAAGCTGAATGGTATTTTCAGTTTCACCGT,659,49.01,Drosophila melanogaster
SEQ_633267,ATCGAAAGAAAAAGGCCTAAGTTGTCTCGGTCCGCTCGACCTTTCCTACCAAGGCCCGAGTAACTGTCTCAACCGGTTAATTCGGCGACCCTCCCCGCCCGACGCGTTCATTAATCCGGGTTAGGGGATTGACATCACCTGCCTAAGCAGTTAAGTCCATTAAGTGCGGCACAGAACGTCACTCCCTTTTGCACCCTTTATGGAACCGTTGTCCCTCATCAAAACCTCCGGCAAACAATCGACGCCACAGACCATCCGATGGTATAGATGCCTGACAGTAAGCCAGGAGCCAGCAGA,297,52.86,Arabidopsis thaliana
SEQ_100706,GATAAATCCATATGCAGCAGGCCCAACGGTAGTAACGCTTTGACATCTGGTGCGGCCGTAAGGCTGTTCCAATATGACGACACGCTTTAAGTGCCGAATCGTTTCTCTAGACTTGCTATATCCCATGTTAGGTTGGGTGGTACTTACCCCGTCCTATATGCTAAACACTGTTGAAGGGTCTAGGGGGGCCGTGGTCCTCAGGTCAGTCCCATCGTGCAGTGACGAGTCTACCCCAGCATAATCCGCGCTTTCGGAAGGGCCCATGGCTCCTATAGTAGGAGAACCAAGGCCGCGTGTATCGTTGCAACGGGTTCAATTGGTAAGCTGTAAGCGTAAGTCAACTAAGAGACGCCGGGTGCGACCCTCATTTGCTATGTGGTCAAGGCTAAGCGCGGCGTTGTGCATCTAGCCGAAACTAGAGCCCTTCATAGGGAATATGTAATGCCACGAGTATAAGGCCGTAGCCGGGCTCCAATCTCAAGCGGGCGCCGCTTAAGGGACGCGTGGTCACCTTACGTCTGGAGCATATCCAGCGATTAACCACTGCCAAGTCTGAATGTCCAGGACCTCGCCGCCGCGACGAAGCGCGAGGTAATGTCCTGAGAAAGGTTGTGTAGTATCTTGCGATGATGACATACCTCCTACATGTTCCATACCATGTCAGCCGCTCTTGGCATCACGAACTTGCCTGGCAGTACATCCAATGATGTAGGGCACTTGCCTGTGCGTGCGTTCTGTTTGTAATGTTGACTTTACATACGCTGGCTGACCGCTGATGCTTGTAATGAACTCTCATCTCTCCTAGTAGCGTTCCAGCAGACGTCTCAACGTGTACTTGCAAGAGTAACCTGGCGGCAGTCTCTTACAGTGCTACATGGCTTCTCTATCCTTTATACGCAAATCCGATCTAATCGCCGGTCTTGTTGTCGCTGATGTAGTGTCAAGACTATGGAGGGACTGGAACTTTTGATCGCTATCCCCCTCATACGATGTCCCCCTATCGAGCACGTTTCCACCTCGTACCTGAAAGGCCGCATACGAGCGCTTTTGAAAATGCAGACGAAGTGCGGTGGAGGGGGCATGGCCGCACTAGCACGCTCCCTGCGGAGGTGTGCCGGCGTACCGGATTTGATCTGTGAGGATCACGCACATTGGAAGTA,1160,52.59,Homo sapiens
SEQ_846298,TATGCCCACATTAAAAGATTAGTTTGTATCGAAGCGACCTTCTATACCCGTCTAGAGCGAGGCTGCAATGGACTTATTTAGAATGAGTTGGGAGTTGTGCTTTTGTTCGCTCCTACTGAGTTCCAAATTGGATGACGGCCTATCCGGGACATCTCCAATTGCTTGAGCGACGATAAACTCTACGCAAGAGTGTCGACTTTTCAAATCCTATGAGCCCAGTGTGACGAGTATATTATGAGGTCTCGCGGATTCGGGTCTCTCTACGATGCCGAATAGCCATAAGCAGCGTCTTCGCACGAAAGTTCCTTAAACGGTTTACCTTGGCCGCTAGGTTGAGGGGGGCGTCAACCCACATACACGTTATACTTTCGCCTCATCGCAGGGTAGTTACGCCTCACCAAACAGAACCAACACTTGGTGATGTAGGGCGCTCCGCACCAGATATATCGCGTAAGCACGCCTATGTCACCGAAAAGCTTGAACGAGCTAGAGAAAGTTAACGAACTCTATCCTCCATCACTGAAATGTAGAAGGTTAGACAGTTGCAGGGTAGCATAGTGGCTTGCGCCCCCGTTTTCTCATCTGACCACGTGGCCTTAACAGTAGCGAATCTTTCTAGAGACCCACTACCACCCTA,637,48.51,Arabidopsis thaliana
SEQ_905093,GCGCTAGTAGGATAACGATCAAGTTGGGTGGATCTATCCATGCAAGTTCAACGGGCTGAGCACCCTTGTTATTGGAGAGCCGGGCACAGTATCGCGTCTCCAGGTAACGAAGTTAGGCCACCTCCTCAATTGCGAGGCCAAAGGATACGGAGCGCGCCCCGCGTGGGCTGCGGCCTGACATGTTCCTTTCAGGGGGACTATAGACGGACTACTAGGCGGCGCAGCCTGGGTAACCGCCTCTAGGATCGGCGATCTAATTATTCATGGGCCCCAGCAGCCAGGTCAACTAAATCCCAGGCAGTCTACGCAGAGCAGACATACTTGGACTGAGGAATGCGTTTTGTTAACGTGGCTACCAGGCTCGGTTGTCACTCAGGGAATAGCCTCCCCATTTGGTGTATTTCAGCTAGGTATCATCGTCTCAATGTTAGAGCATAAAGGAGGGCGTGGACAACCGGAATCACGAGGGCTAGGAGTAGCACTGGGGGCCTCCACGTCCGAACTATACGGTGTCGCTCCGCGTTTAGGACCTCCCGCATCGAACAGCTTAGCCCGCAGTACCGCCAGGCAAGTAGGCCGCTGCCACGGGCTCCTTTACGTCGAGTGGTAAATACTGGAGTCCTGAGGTCATCCTCAACCGTATCGAAGCCGCTTCTTCTGTTTACAAGATTGGTTACTAGATCTAGGCGAGTTTATCCACGTCGTGATTTCTTGATGGGGCATGTAGCCCCTCCCCCTAGTCGAGTAATTTTTT,754,54.38,Caenorhabditis elegans
SEQ_685639,GCAGAAATGACAAGTGCCACAAGTCGTATTCGTCTTATGGTGCTCTCAAGCCGGTTCAATTATATTCTTCAACCTTATAACGCCACGTGTTGGGCACTCAGGATAATGTTGATAACTGGCTTATTTAGTATGTCGATATTGAGCGTACTTGCGCACGTCGGACGGGTCCTCTCTTGCTTGAAGCTAATCGCGCTTACGGTCGGAAAATGAATTACTAGAGTATTATCGTGCGTGGGAGACTAAACACAGCTCGGAGCTGGAAGTGCTACACGAAAATTGGCACCGACATACTTTATTCCGTAAGGTCACTACTCGCTTAAAGCACCAGTCCCCTAGTTGAGAGACCGCGATGTGCCTAAGTACAGGTATGGGAATTATGGTTATACTCGGAGTTAGTGCCTGTCCAACCTAGGCTTCTTGGACTTGGTGTACCCCTTTTCCAACCGGAACGCGATGGCTAAGCTTCCCATTGTAGGTAAGGTATGTTAATTTTAATCCATACTTTGTTACTGGGTTGTCGAAATGAACTCTCCCAGGCTCTTTCGGGCCGATGTAGTGTCTGCGTCTACGATAATAATAACAGTACGGAGGGGAGCCTGGCTCCTTTGTTTTACTCAGTCCATTGACTTTAGAGGAGAGAATCTGCTATATGTCGTTGTGAACGTTGCAGCAGTCGTGTGAATGACTGGTGCCTTAGACAGCTCCCGTACATGCTGTTGCTAATTTACGGCATCTCAGGGACCCACCACCGCGCCGTCAATTAATGCGCGATCCAACCTCAAATGTCGGGAGGAAACTTACTCTAAGCGATCACGAATTCACTATCCGTCCGACATATTTTTCGTTACACCCGTGATAGAGTACCAGCCTTGCCAGATCAAGATCTAGTAGGTCTAGGCACTTTCGATCATCGTGCAGCAGCAAGATCGACATCAAGTGTTCAGGTGTCATTGTTTCACACTAAGCCTGCCCGCCACGGCCCTACGATATCGGCGCCAATTGAATAGTAGAATTGGAGAGGTTTGGTATCAACAACAATGGGCTACAAAGGAGTGCGACTTACTGATTGTATTCTTGGGACCGAGTTTGGCAACTTCGTCATCGAGGTTAAGCCTGAGTGGATTCTATATGCCTCTTCAGGCTATACCTTTGTAGTTGCTTGGTA,1165,46.95,Caenorhabditis elegans
SEQ_904452,ATGACTCGCGGACCCTCAGGAATTCAGCTATCTCCTAACTCTGGCTGTTACAATCGCGGTAATTGAAAAAGTAGTAGTCCCAGTGACCGCTACTAATTTAGGGGTCTTGGCCAATTAGATGTTAGTCATCCACGGTCTGAGAACTCCCTGGTTTCTCTTTGCGGAAAGTGACCCCCGAAGAGCTTTGGATCAATATTGGACATGCGACTACGGGCGGCTTTCGTAACGGATAAACACGTTCGTCGTTCTGTAATGCGCAAGGCCGAGGGCGTTCCTAGCGTTCTCGAGCTGTCCTTGCGCGATGTGCGGTACGATCATGGCTTATGGGTGGTCGCCACTTGTTAAATACCATAACCTGATGTGGGGGAGGAAGCGAAGTCCCGTGGCGACGGAGGCGTAGGAAAGTAGCGGTAGGGGCTCCTTTTCAAGGCACTGGGGAGTCCAATGTTCGGTTGTATCATGTCTCAACACATAAGAAGATTCTTTAAGATGCCCGTTATAGTGGAACTAGTTATATTCCATAAATCGCGTCATGTGTGAGTATTAGTTGGACGGCCCATCTCGTTTGTAATCAGAAGCTTGGAACTGTTGCTCTTCTGGATCACCTTGCATTCGGAGAATAGTAATCGGCGAGAAAGGAGTGTTCCGTGGTTGTAAACTAATGATCTCGATATCGACCGGCTTGGTGATATCTCCTAGGGCAAAGATGTCAGTAGTTCTCTTACTTTCTGCGGCTGTAGAGTGACCCCGAAGCCCCGGACTTTTATATAGACAGTTGTTACAAGTGCGCCAGCTGCGCGCCTGACTTCCCGCTGAGCCACGCGCGCATGCGCTTTCAATGGTCGAGGTAGACTAGGCTGTATGTCCCGGACAAGAGTGAGGGTACAAGAGAACGTCCACTGCCTAGCACGGATTCAGGGGCTTTCGGTTACTAGCTTTGTACGTAAGATTTTTACATGTTCTTTTCAGCCACTCGTGGTCGGCTGTCTGGCCCGTCCTTTCCCTCGAATCTCAAGGTCAAGAGGCCGAACGAAAGAGCTCATCCTCAATTGAGCTATTGTGCTGCCAACGGGAGTTTTGCTGTGGGTCCATCTATTACTCTATCGTTCGGTGCAATATCATGACGTACCCACAATTGTTCGCCGGACCTCGCGACGCCCCACGTGATCTGGCCCCGAGTACCAATCGTAAGGGGCAGCTCCAGTTTCATTGACGACAAAGAGCGCTACATGGTGCAGTGCGTGCTGGTACATGTGGGATTCGTTGAATACGAGTAAGTATGCTATATCCATAATCATGTTCTACAAGTGAATGTACTTCCTGAGAGAAATAATCCCCATCTCTCTCGTGCGCGCATTGGGTACCTTGTTTGGCCGTCGGCCCTACAACCGACATAATTCTATGACACCATCCTGGAAAATCATCGGCCCTGTATGACGGAAGTTTGTCGCCGGTTTCCCTCTTGCCCGGGTGACACTTCCCTTTCAGACCGAAAGCCCAACTGTGACAGCCGAAATTTAAACCATGCACCCGTACTTATGGGATT,1546,50.13,Homo sapiens
SEQ_219955,TTGTGTGAACATGAACTGGGGACCATCCACCGCGCCTTTTCTGTGATAATACCTAAATCGGGCCAGCGAAATCCGTCTATACGTTTGCCTAGAGAACAGCGTTTGGGAGCATTTAGTCAACTTACACTTAATGGTGAGATGAGTTAGTATGTATAAATTATCTGAACAGTAGCTTATATGAGTCCTAAATAAAGAAGCTCTAGGTCTCGCAGAAGTTTAATTGGTTAAACGCAAAACTCGCACCATTCGAGACGTCGGACTTTCTGTTAGTTTTTCGTGTTTTGCCGTCGACTCAGCGTGTACTGGTCCCATTCCATTATTGCAGTGTAGGATCAATCCAGAATAAAACTGTGCGGCAAAGTCAATCCAAAAAAGACTAATCATAGTCTATTGAGAGGACCAATTAAAATTACCGATGCCAAACATCCAATCTGCGGAGGAGCGGGTGCTGACTTTATTTACAGGACACTTCGTGAACTTGAAGAACGGGATATCCTAGAGGCACCAGTTCGGTCGCGGGCAATCCGGCAATCGATGCCTATTTAAACAAAGTAGAGGTGTTGCGCCTACCCATGAGACGAGGCTTCAAAGTGTGCTTATCCTAACCCAACTTGGCGAAAGAATGCTGCCCTTAGAGCCTAAACCCTGGGGCAAGACACTTAGATATCCAGCGGACAGATGGGAGTGGGAAGGATGAGAGAATACTTGAAGCATCATTTGCCCAAGTACTGGAGTGAACCGTAGCACATACAAACGCCCTTGAATGGTCACATTGTCGTCTGGATAAGATCCTGTTACCTGACTTCGGACACACTATTTAGTCGGCGCGGTAGGAGGACCCGAGAATCGGCCTTCACGCCGATCCGCTCACAGGGCCGAGTGAGTCGTACCCACCGCTTAGGTGAGACGTATTATGCTCTCCGGACACCGATTACCCTAACAGTGTTCTAGACGTTCTAGTAATTTTGGAACTCCTTTTG,980,46.53,Homo sapiens
SEQ_621013,ATTCGCCCTGACGATAATTCGTCCGGTATGACGTGGTCCTTTAGCATTAACTCTTAGATACCTGTAGCATAGCCTTCCACCGCCGTACATAGTGAGTGATCACGGGCGGCGTGCGGAGTCCAAGGTGCAACGCGACACCAAATGGGCCGGCCTCCCAACCTGGCTTATTAGACTCGCCGTCGCCGCGTCGTCCCATAAACCCCTACCAGGTCAATCGATCGAAATCCGTCGGACTTAATTCGTTTCCGTTCGGGCCTTCTGGCGAGCTTCAAACGTACTTTGCCATTAATACGAGATCTGAGATCTCAATTTGTCTCTGTTGGGTGACTAAGAAGGCCATTGTATGTTACATTAGGACAGCGGCAATGACACCTACACCGTGTTTCACTGAAGACTGCTATGTGCAAAATAATCCAGTCATCCTCAAAGGTAGGGGCGAAAGGATTTACCGTTCAAATTACTCCGCACTCTATTACGGTGCACTGTTAACCGTACAGCCCACCCCCCATGTTTGACTGGGGAGAAGTTGACATTCGCCGAGTCACGTCAGGCTACATCGCGTTAGCCCATTTGAAAGGGTCGCCCTCACTTGAAGGATTCGGGCGTGGGCGAACTACGCAATTCGATGGAGACCATTCGAGGCCGTACCACATTTCTCCTGGCGATTGCAACCGCTATAGCGTAGGCATTGAAGATGAACGTCACACATATTGCCAGTCGCTCACTAACGATCCTGGATGCTGGATCCGTATTTTGGTGGGGTTAACGTCAATCTGCACATACACGCAGTCGATGAATTTTCCGGGTATCACTCGGGGTTGTGATACCATGCCCCCGGGTTAAAAAGACCTGTCTCGTAGTGGAAAACCTCGAGCTACGAAGCAGTTCTTTTGTTGTAACTTTCGTCTGCGGCCCCCCACCACAAGCATAGCCTGGGGGTGGTGAATACGAGTCAGAGGAAGGCCAGTGGCTTGTGAGCTGTTAAAATATTAAACACTTTCGACTCAAAGTAGCAGTCTGACATATCCCCGAGTACATGGCACTGCACAACAAGGTTGGCACATAGTGATAATGGGTCGAGCAGAAACCAAACGGTGTATCTCTAGTTGTGGTGAGTACAGCCACGAGAGTTACCGTCGGGGTCGTGTGGAAATCGTACTGGTAGAACTGGAGACCCGGGACGCTATGGACACGTCCTGATTGGGTACCGGTCAAGGCAGACTG,1224,51.06,Caenorhabditis elegans
SEQ_131094,TCGCGTTAAGCGCGGTATCTAACCGGCTGTATGCTGCTATGCGAGCAATGTACATTGATCAATTCCAATCATGCCGTATTCATAACAGTACCACTGCAGAGACAGTGTACATTCGGACCAGGCCGGTATCCCTTAGCTATAGAAGGAGCAAGACCCCATGTCATTTCAGCTCTACTAGAGTGTATTGGGGGGTACCACTAAGGATGGCGGAGATCGGCTATTCACCGACTCCGTGCCATACTCTTTCCTATTCCCTATGTTAGACTAAGATTATCTAATCGCGTGTGTTCTGGGACGCACGCCAAGCCCCGCATTAGAGAAGAGCCTATTTATCAGGGAAGATCATTCCCGTGAAATTGCAAGATAGTCTCCGACATCCCTCGACGCCGTCGGCATAAATTCGTCCCAGTAATCATTGATCAGATTGTGAATCTTTTATCCCCCGTCTAGCTAATATTCCTCGGGTAGCTGTGAAATAGATGTGTGGAGGTTACACACTTCAACGGTGGCGAAATGTGAATACTGGCAGACAATTCGGCAAAACTAGCTTTATTATAAACTCGTGCCTAAAGCGCATACCACAGTAGCACTGTACGGAGAAAAATATCAGAATGAATTGCACATACAGTTGTAAAGCAGAAAACTTTCGACAACGATGAGAAATTTTACGTGACAGGCTGTAATCGATAGTCCCACGACCAGATGAACGTTATCACATTGTTGCTCTTAGGTGTACGCATAGCACTATCAAGCACACCCCGTCACAGACGCCCACTAATTGTGGCGGGAGGGATAGTGTTAGTATTGTCAGGGGAGGGAGGCACCAATGGACATTGCGATCAAATTTATCGGCGGGGTGGCCGGGCCTAAGTCAGAGGATTGTTCTGGACCATACCTGTTACACCCGTGGGTCTCTGGCGGTCCGCAATACATAGGAGCCGTGTGTACGCTACTCGCGTCGCAGCCTAGTATATTCCAGGGGTCTGGAGTGCGCTGTTATGTTTCCGTCCCATGTT,1016,48.03,Drosophila melanogaster
SEQ_274592,CAGCACCTGCAAGACTGGGCGCGGGGGGGTGTGGCCTCATGAACGTATAAAGGGGGGCCCGTAAATTAAACGGATAGGATCCAGCTCCGGAAACCTGTAGAAGTCATCCCTGCAGGGACATCTCACATGCTTCTAACCTTACTAAAAAATTTCCAGTCACCTAGGTGTCAACAATTGACGAACTCCTGAAACTGGCTCGGAAGTCGAAAAAGGAATCCGTAGGCCCGCCCATCAAAAATGTTTGAGATCCAGCCAAGTACCCCGCCCATTATTTACGTACGGCGGATAACTATATCGCTACCCACCACAACACCAGTTCGAAGTAGCCGCTGCCCCTTTCGAAGCGATCTTCCTTTTTATGACAACTATCTCGCGGACGACTGCTGGCGCTTTGCATTGCCCTCGCCTAGGGGGTCAATTACTCCACGGACGCAACATAAGCACTCCTGGTCAAGTCGAACCAGGAAACGCTCTTGAGTAATTGTAGCGTAAAAGATAGGTTGAGTCTCCGCACGTCCTGCTATTGCGATGATAGTACGAGGCGTGAATGTAGCGACTGTTTTCTTATACGAATGTCAGCGCCTGTTTCGCGAAAACCCGTACAGGACAAACGATTGCCCGAGCGATCTTTCTAGGTTCAAATTCCGACCGGATAGCGGCTAAAATGTTAGAACGCGGTCATTAACAGTGCTGAGAAGTTTTGTCGGCCTTTGTCCGGGTAGGCTTCTAATTCGTCATGCCCAGAGTAT,749,50.07,Escherichia coli
SEQ_810011,ACACGGTCATTCACGTGGTGGCTTGTTTCTCTCATACGATAATAGGGAAAGCGAGCCCGCATGCGTAGCGGG,72,54.17,Arabidopsis thaliana
SEQ_916337,GGCCGGGCAGGTATTTGAAGTCAGGGCATTTGAAACTACAGAGCCTGAATGCTGCACACCAACATATGCAACGGGTTGACCATTGATTAATACTTACGGTACGGGGACGTTATCCCCGGTGATATTGAATAACGATTCCTCCCTCGTGCGGCCATGTGAGTGTCCTGGTTCATTTTCGTGCTTCCCGCTAGTTAGTGTGTGGCTTACTAGAGAGGAAGTCACTACAAAGCGACAATGGTTCTGACCGGCTATCGCACATAACCCAACCAGTGCAGAGGCTTATAGCTAGAGTGATGTCACAAGTGAACATTCGCTGTCCCTGAACTGACGCGCAATATTGCGGAGGCCTCTTTCGCAGCAGGGTCCGATAGGCGCGGAGCCATCATTTCGTTGAACCGAATATAAATTATCGGCCTTCTGGCTCTCGACTCAACTGGCTCTACCTATGAATGACAAAATACGCTCCAGCCAGAGACTTCCAGCTTGAGCATTAGGCAACTATACCTATCGCGGCATGGGTCATACAGCTGACATCATCTATTCGTGGGAACCCGTTGCAGAAGTTTGGATTGTCCGTGTCGATGTGTTCAATCATTAAATCGCGCCAGCCCAAACGTAATCCGGGGGCTACAAATAATTTGATATCTGGCGAGGACGGCGCCTTCATTTGATATATTTTATGTTCCATATGTATTGGGCGCTAATCGCCGATAGACTGACCAGCCAAGAGTAACAGGGAGGCTTACTAACCGTCCAATCGTTACCCTCGGACTCCTACCACCATGGTTGCTAAGATCCTTTCATTGGGTTGCCCGTTTGCCTCCCCAAAAGCTCGTATCAACGCATCGGACAGATGTAGCAGGTCGACGCGGTTGCTCCGGGAAAAGGGCCTTTTGCCAAATTACGTATCAGCTGTGTATCCGTCATTTCGATCTGAGCTTATGTCATGTGGCTTTACTGACCCGTTTACTGGGTAAATGACCAATCGGCGCTTGTTCCTTAGGTACACTTCGTCTCAGGTTTTTGACTCGCAGGGCCTAAACCACGGGGAAAATTCGGGTGCACCGTTCGGTACCTCCAGCGTTCGCGCAGACAGGCTGGGGCGTGACTAAGCCAGGGTCATGATCTTGTCTCTGAAAAGATGAAGAAGGGTACGCGGTACATTCTGACCCTGAGCTTTTCATGGAATTAGTTTCTAGAGTTGGGCTCGGGATAACAGCACGAATATTCCGTCCGTCTGATACCAAAAGTCATGGCATAATCCACTTAACCGAAAGGCATCGCGCACACGTATAGCGATACTGCTGTGCTTAAGGGATCCAAGGTCCCTACAACAAACACCTTGCTGGTATTGCCACGCAGAAAACCCTGCCGCTCGCCGAATGAATCAATGGTGTCAGGACGCCTATAAATGGTGTGACCTTAATCGCCGTTTTTCATCAGACCG,1447,49.69,Saccharomyces cerevisiae
SEQ_782618,TGCCCTCCTAGCATAGAAGAGTCACGGCTGGAGACAGTTGTGGTCATGCAAACATCGGCGTACTAGTAGAAGGTCGGGAAACGATCCACTCCGAAACAACAAGCACCCTCCTAATAATGTTTAAACCGAGAGCTGCGTAATTGTTAATCCACAGGACCGTACGGTAAGTACAGAAGGACATGCTATGGCATAAAAAGGGCGCTCATCAGGGACAGCTTGGACGACCATTCGTTAGCTATTTCTTTCTGTTTAGATCATGGGTGGGCATATGTGGCGGGAGTGGTGATTTTATCTGTCAGAGTTTGGTGAGGTTGACACTAGGATCGCTTTATGCCCGGCTAAGCAAGCCACGTGGCTGTCATTTCCTCTGCCGAACAGGCGTGAGGATAGGAAGCGAAACATACCTGCCGGCGAAGACAACGTAGTTCCCAGCTATTATAACCGGGTGTTTGCGATGGGTCCCCCAGATAAAGCCTAATCCCTACTGGTACCGTAAGCCTTTGCTAGGTCGACATTGTTTCTCGTTGGGAATACTCTCCGACCCACTCGCCGGTAGAATGTATAACCCTTAGTTGGACCACTAGTACTGGCCGGCTCACGTCCTGAAATGCAGCAGAGTACGGGCGCTTACAACCGCTAAGTTGAGTTGCTGAGCTATCTTGTGGATGGTTCCAGCGTCATTGCCGAGGAAGTAGCTGGCACAGATGCCCGTCCTTGGCAAAAGTGCTTACTTTGCTAAGCACTAATGATGAGCCAGTACCCTGATAGATCTGACGAGTCCATAGTGTTCAGAGGCTTACCGGTTCTAAACGACCCTAACATCGCACTGTCGCGCACATACGTATAAAGGCCCTGAGTGGGGTAAATTCTAATTCATTGCCGTAAGTAAGTGGCAAACGTTCGGCGCTGGGAATGGTGGTTATTCGGTCTTGTGCACCTGGTGAGGCACGTAACAGCTCAGGGGGCTCAAAAACTCCATACGCGACAGAATTATTATCCTAAGCGGTCCTCCCGCCCTTGATGATCCACGCGGCCGTAAGCTATAAAACAAGCGGCAGCTAGAGGGATGCCCTCTCGAACCGCTAAGTTTGGGATGAGTTCATGAGTGGTGCGACTCGGGCTCCATCATCTCAATTTTTCGCGGGATAGGGAACTCGGAGGTTGTCATCGACATATTCTCCTCCAGGGTGTAGGCATTCCGCGAGACTTTTGGAATGAAGAGACGTTATTTCCACACACGGGTTTGAGAAAGGACAACAGGTCGCTGATGATCGAGCTCTAACTTCTGGAGTTTTGTAGTTATTCCTGGGGCAATGTATCAATTCGCAATAGCTCTATAGGGGCTGCATTGAGACGCTAAGTGATCGGTACAGCGTAATACTTTTAATCACGGGAGTTCCATCAGGGCGACCCCTGACTTACCATACCCAGAGTAAAACGAGTATCCACCCGGTACGTGTTGTGGGGGTCGGTGTTAGTCGTAGGACAATAAGATGGGCGTGTACGGGGAGGGATCCAGCGCATCCCGAAGTAATCCGTCTGAGGGGATCATAATTTTAGCTCTGCACAAAAAACCCCGCTGCCCTCATGCCATCTGTTACCTGTCTGTTGTAGCAAATCTATCGCCGATTATACATACGACACTAACTAACGAGTCTCGTATAGTTATCCCGTCCGTACGAATATCCCGAAGCGCTTATCCGGTACCATACGTGACCGACAGTTGTAAAAACCCTTCTCGTTACAAGAGCGGTAGAGACGGACGCACGGATTTAGGGCATAAAGTTCTTCAGGGACCGTGTAGAGAAGATTGCCCTTGTTAGCCACACACCTTTGGCACCGTCTGGTCGGGGCCAGACTTCCTGCGCATCTAGTGGTAGAGTCCTCGCCCTCTCTTAGTCCCATTCCTGATCCTGATACTTACTAGCTGGAAAATCCCATCACATAG,1948,50.15,Saccharomyces cerevisiae
SEQ_436165,AGTGGCCGCTTGTTATCCTCCGCATTCTCTCGATTCTCCGATGCTCCGCTCTGCCTCGCCACTCGACCCCACCATCACTTATTGGGAGCTACTTTAAGCACTTGAGTGAGGAGCTGACCCAGCCGGCTTGAATCTCGATCCATACGATCTGCGTGTGTCAGATCGATCTTTGATCGTATTCACAGTGACTATCAACAAAGAAGCTATTATGTTACAACAGGTCCAGAGCATAGTCATCTTAAGCTTATCACTCCTATCAGTTGAGACTTTCTCAGAGGAATATGCCTAGCTACCGCAACGACCTACTCGTTTAGCTTACGTCTCGCGAAGCCACCGGGGAATCCTCGAACAATACTCCAGTATGCTGCACGTCAGTTACCGTGCTGTGTCGTTGAGACAATTGTGATGACGTTATCGCGCGGTTGGCTAGTTTCTATTAACGAGGGGCACTTGAGATTCTGCCAGATGCTGTTCAGCCCACTTCCGGAAAGAAGGCCCCACTAGCTACCTACGTCTATCCGCCAGGGGGTACATTAGGCATCGGGCGTTTAAGGTAAGAGGCAAAGTGTTTACGCATTAGCAATGGGTTCCATACGGGTTGGATTGATACTGCCTCACTTTAACGAGTAGGCTTACGTTTGCCTATCTAGTATTATACGTTTGGTCGCACAAAACTGGCCTCACTTGCAGTACGCTTGCGAGTAAGCTTACGCCAGTTCTCACTTGTTACTGAAATCTTTGCGTACAGCAAAGTGACGATTTTAAATGAGACGCTAGCTAGCATCGACATGGCCCTACGTACTACCCCGAAGACTTATCTCCTCGAACCCTGACAGCCTTCGTCACTGCCGAAGATACTCCCCGCAGTGTGGTAAGTAGTAGGGACATCTAAGCTGGACAGACTACGGTAAGAACTTGGTTCTCATACAACCGAGGTATAAATTGACCAGCCAGGGGCCAGGAGGTTATGTGTACATGGAATACAAATTACCGCCTGGTCTGCGCTATCCTGAAAGATCTGACAGTCCGGCCTGTGGGCGGATATAAGGGGGAACAGCCAAAGCAGAGTAAGTTAATATACCCGGTCTTCCACTCGTACCCTTAACGGGCAAATCAGCAGTAGACGAGTTAGTCGTACGAGCGAAACGCTCAACAGCTCGAAGCCCCTGGTAGCACGCTCTACATCGATATTGTATGTGAGGGCCCCTCCGTATGCTTGCATTACGCCACGACGCCCTTAGAATATAGTGGTTTGGGGTTTAACCAGGTCCACTGGCACCCGAAATGCACCCAATACCTCTGTGTATCCAATATTAGGTATTAAGGCTATGAGGGTACGCCTCGTGTCTCTGCGACTTGCCTATGGTTCGCGCAGCTGTTGGATTTCCTAGTTGGAACGCCGGCTTCATCTACAACACAGCGCGGGTCCTGTGTGGCACCTACAACGCATCTGAAACGTAACTGGATCAGTCGCCTTAGTCTATATAGAGAATGATGGGGCCCATAAGGTCTTGTGGGCTATAACACGTGGGGTTCTCCCCAGCTAATGTGTGATTAGGCTCGAGATATAACACTTTAGTAGTTACCCTCCTACTTACCTCCCGTGGACGAAGTACTTTAACACCGTCTTTTGTTCTTTGGCGCCCGGGACTAGCTTACATGCCGAACGAACGATAGGGTTGGAGCACCTGTCACAATGATGCGTACGTACGCTTTGCGCACGTTAGTCCAAGCATGGACCTTCGTATCTACCGTACCGGGTACCTTGATAGTTATCGGTGGTTACCACCAAAGCCCCCGAGCTGGGTTCCTATCCATCGAGTCATAAGTTGATCTCAAAGATAGAGAAGCATTTACAGGTTTTCAACATTCGGGTGATGAAAGTCTACGAACCTGATCAGTCGTAACATCGCTCATGCTGATTTGCCGGTGTGCGGGACATTTCGCCTACACAGTGGATCCCCAGTGTGG,1971,49.67,Arabidopsis thaliana
SEQ_790151,GGGGACCCTACTCTGCGTCGTGGGCCCGACGGTAGTACTAAGGACTTAGCGCGCAGCAACTGTATTAATTGTGCTGGCAAGCAGGCGAGTACTGGCGTCTTTATATACGATGATGAATAACGGGCCGGACTCGACAAAACAGACCAGCCAGGGGGGCTCATGCGCAGAACTTATTATTCCGGGCACGGTCATGTAGCTGTGTTCACAGTTTCGATAGGTGCGATTATGTCGGACGAATCGCTGTAATACCCAAACTTGTCGCTTATGTTATTCAGACATCGTAGACTCCGATCGCTAGAATAGGAGCTACAGTTTTTACTAGCCGGCGGACATTTCAATTCCTTCAATACACATTCACGCTAGAGGTTAGCTAGTTAACCGCATCCCTAGGGCACACACTGAGGGATTTGCCGTTAAACCCCACCCGGCAGAAATGTTGTCCTCCACCACATTACAGTCCAAAAGGGTATGGAATACATACCTTCTCGGGATAATCTGAAGCTAACCGTCGAAATATTGTATGTGGTGCCACAGGCGCGGCTGTTCCAACATGATTTATCTTACGACATTATCATTTACAATGAAGCAGTGCCTGTGGTCATAGTTTCCAAGACCCGGTATAGAGAGCGGACTACCGGCACACCTCGTGTCCAGTCTGTGACCTCTGGCAGTTGGGAACTCAGCCAACTGTTAGGAACACAGATGTACGACGGTATGGAAACCCTCAAAGGCCCATATGTTCGCCAGTAAACGTTGGTCGTAGTTCTGCCTGCGCAAGGAAAGTCCTCACTTTGATATTGCGGATCATTATACATGGCTAAGACCGAACTCGACAGAGCTCATGCTAGCATTCAATG,857,48.89,Drosophila melanogaster
SEQ_335196,GTCCAGATTCGCTTTAAAATTCCGTCAAGACGCTGACATATCATGGCAGTTGTACATCCTTATTCTAGAGGGGTGGACATGTAGTTGGCTCCAATATCCCTCTTGCGATGCTGGGTACTTAAGTGATATAACGCCGCGGTTAGAAATTCAGCGCTGTCTGGGTTTAAGATGACCGATTTCTTGAACTATGTCGAGTGTCGGCACTGGAAAGATGGGACCTGGTTATAAGAAATTTGCTCCCCGTTTGACTGTAATAGCCACCTAGTTACTTTAGCCCCGTTCTGCATTTTCCTGCGATCCCCTGGCGCTTCCCCAAGCCGACAGCTTTATGCATCTTGCATATAGAGTGTAGGTCGCTATACACTTTCGTTTCATGCCGCTAGCAAGCTTTCTGCCAAGATTCCACTAATGGCCGTGTACCCCTGAAGACCCGACCAAGGAAACTTCTACCTTCTCAGTAACGCATCTGTCTTTTTCATAGGACCAGCAATGATCTTTATCCTGCATTCTCACCGCACGGTCCATCGGGGCCTCTTCCACCTATGGTATTGTCCGACTCCGAATCCAGACCGTATTCTTTAACGAATTCCAAGGCAAGCCTTACCATAACCACTTACTAGGTCTCTCGGTGTTTTGATTGGAGTTACAATTCGGTCAGTGAAGAATATGTGAATCATCCGGAAGATTTTCAAAGCAAGACGTCGCCGGCGACACGTTGTATCCCCTAACATGCCACGCACCTGTCTAGCCGTGAACGTAATGGTCGAAATGCCTAGTCCCGTTTCACCGTTCGTAACAAATGGGCGATAATCCCTGTTGTGTACCTATTGTCGCTGCCTGCTTCACCAGGGTAATGACTTAGCGTTACTTGGGTCAGCGTTGGAGGGACCGGCTCGATAGTGCGCATATAACATAGAACTCGTGAAAACCGCCACTTACCGGCAATGCGCTCGGGACGTCTTAGGCGTCTCAGGTAGCTCTTATACTCAGCACTCAGGCAGTCCCGACCATTGGTTTATACA,1022,48.53,Caenorhabditis elegans
SEQ_507012,AAACGGGGAGGCTCTGCTTGGTGACTAAGACGGCGCAACGACGATGCCTTGGCCCTCTTGCGGTGATACCCCACGTAGGCTAGATGAATAATTTTTATGCACGTGGTGCGCAATCGGCCGAACATTTGCAGGCAGCGTCTTGCATAAACAGATTGGAGTCACCCTCATATCACGGCGGCTGACTAGCTTGGACACCTTCTTTAATGCGGGAAACAGTGAATATGACGTATGGACCGCCGACAGCCCTTACGCTTCACTGCCACAGGGGGCATTTAGAATCCAGTAAGACGGGTCGAAGAGGTAATTCGAGAAGCTGTTAGGCTCTCTTGATACTCGAGATGTTGAGCTACCGAAGGAGTGACATCTCTACACCGTTAGCTGAAAACGGACCCCCCGAAGGGAAACTTGCCTGGTCGAACAGGCGTACTCAAAATTACGCCGTTGATCCCGATACTAGTTGTTGTTGGGCTTGCCTCTTTGGACTAGTTTGCGGCCCGTCGCGAGCACGGCTGCTGTTCGGGCATCGGGTTCTGTGGGGTTTACTTCAGTATGTCGGGCGCCGCTCCAATCAGCGAGGACACCTCAAAGTGTAGGATCTACCGATCCTTGATGCAATGCTGGCGTTCTAGGGTACCGTCTGATCGCTGCCACGAGGAGAGTTCGTTCCTACAACCTATGCCAGAGAAGCCACCATTGACACGATGGTCCATCGCTGAGATTTCATTAGAACCATCGAAATTTCACGTAATGAGCGAGCACTGGGCGCTTGGATGCAATTGAGAAATATTTACTCTGGCGACAGCCTTCAAGACTCTGCGGGCGCTGTAAACACTTACGCGTACTGTAAGGCGTCCACAGTGCTTCATGCGCGTTCTTTCCCATCGGGCCAGCTCTCCTGGATACCGTCTAAGAATACAGGCCCCGGATCGTTTAACAGGGTTGTCACGTGTTTCGATCTGATTATCTCTGTCATCGGTCACGGGGTGTCTCAGCGAAGACCTCGGCCAAGTTTGGAAATTTGTTCTCGAACGCGAATAAACGTGGCAGTGAACCACCGAGAATATCGCCTGGTTAGACAGTGTATGGGAATTGGTAGAGCAGACTTTTTAACCAGTCTAGCCGAAACAACAAACTAGAAGACGCCATGACACTGTACAGATAAACGCTTCCATCCCAGTCACTTGAGGCACAAACCCGCCGTTTGGAGGTGATGCTCAGCAACTACCCACCGTGTGGGCTTGTCAGTAAACTGACGCGATAGGCCTACACTTAGTACCAGTAGTCGAGAGATTAGCCAATCTTGTTATACTGTTATTCTGTGGAAACACTCTGAATCAGAATAGTTGAGGCGGGGCACGGCGGCTGTAGGGTACAACCCGCCCTTCGGTGCTGCATCATAGCGCATAAGAAATAACTAAGTGGTGGCTATTTTTCCGACTTCGCACTTGATTCTGCACCGTGCGTGGTTCTATGTACGACTTTAATCACTCGTTTCTATCAAAATTGTCCATGATCGGGCCAGCGGACCGCCCCAACGCCCTCCAACAATCAGGTATGTCCCTATAGGGGAGA,1572,51.21,Mus musculus
SEQ_816162,CCCGTGACGCGCACAGCTCAGGGTGCGATCCTGGCGTTCTATGATTGTAGTGACATACCGTTGGGATAATTGACGTACTACCCAGATCCTGCAAGAAGAGAACCCTCTGCAATTCTAGCATTCTTAAGTGCGTTTTCGGGAGGGCGCCACGCCGGCTTTAGACAGGTACCAATGATCTTCAAAACCCCCGCAACGTTCTGAATAGTTATAATCTTGTAAGTCTGTTCTTGAAGGTTGTGCGTAACTCGTCGTTCGTGCAGCCAATGCTCGTTCTGCCTAACGTATAGTGACCGACTTCACTTTGAGAGGCGACC,314,50.0,Saccharomyces cerevisiae
SEQ_880105,CCCTAATCCTGCACCCTTATTATATAAGGGAACAGGCTAGTCCCGATTCGGACCACTTCCCGCCGATATAACCGGGCTAGGCCAGGCGTGGTCTGGGACCTCATCGAGAGTTTTTTTTTGTACGTTTGTGGCGAGCAATACCGAACGAGATGACTGGCGTCTACCCGACGAACTTATTATTGTTGTGGATCTCCCAGCGTGGAATTACTTGTAGGCCGTAGAACTTGCAGTTTAATGCAAACGTTATGTACCCATTTGTCGATGATCAATGGTGCCCATCTTATGTATTCCCTGGCCAGGCAACGTAAGAACTGGGGCAGCGCTTTATGGGTTCATCAAGCGGGACCCCTCACAAGCGTCTCATAAGACTTGCTTGAGCATGGGTACACGGTTCTGACTAGTACCGGCTATATGAAACTCAAGCAGACCTTCACCGGCCCGCTTCGTCTTAGTGTCCATACTACAGTAGACGGTACAGGGGCAGAATAGGCTAACTAATACTTCTCCACCGGTCTGTCTTCAATGTCCCGTCTACCATATAACGCCCCATGTGATATCCACATCCGCTTGACCCTTATAATGCGCGCTGCACTATTCGAATGTACACAAGTCCTTCACGCTTATTCCACGTCTATTATCACGACCGGATACATAGTTAGGGGCATGGGTGTCTTGGGGTTTTAGTGACTACCCAGATGAATACTTCCGCAGCCCAAAATAAAACCCCCTACAACCACATAGTTCGACATGTTGCTGATACGCATCATGTAACTTAGCCGGAGTCAACTGGCTTTAATGCATAAAATAGAATCGCAGAAGTCTGCGTTTCGCTTGATATGACCGAACATCAAGCACTTTTCAGAGGTACCTCGCGATAGAGAACCCTCCTACATGGACTCTTCGTCGTTGCTAGGTGCCGGTTCACCACCTGTTCTAAGCTAGGCCAAACCATTTGCAAAGGGTGGGCATTATCTAAAAGGTAAGTCTACTGCAAACGTCATAGCGATAAAGCCCATATATTCCTTAAAAAAATAGGTTCAGAAACCTACCCCGGCCGTGTCGCTGGAGTCTCCGGCCGGTCCGTATCGGCATTTCTTTATTCGCGGAACGAGCTGTCAATGGTTTCTCGAGCTGGAGGAGGCTGTGAGTTCCGCTTCGAAGGCTCGGCTCTCAATTTGGACAAACGTGTGAAGAGTCCACTGCAGTTAGAGGTTGGATATTACACGGCTAAGTCGACCCACGAACCCGCGAAATGTTTTTACCATGGTTGGCAGCTTCGATTCAGTGCGATACGATTAGACAAAGGTATTGCCTCCATGTTACGCTAGTGGGGGGATTAGTACTGAGCTGCTTCTTCCTGCAAGGCGTGTGGTATTCGCTGTTGCTACCACTATACGCATTTAACGGCCAGGCTGTATCGCAAACTCTGACAACGCTCATGTAAACGATCTCGAGAACATAAAGTGAGGGTGCCGGGGGGCAGCAATATCTCACTCGTGCTCATTGCTCTCGGAGAGTAGGTACGCTTTAGCCCACTCACGTCAGGGCCCAGTTGTCCCGAACTGGTATCGCATGGGCCGTTGAGAAGCATAGGCAGGCCGGAACATAGCGGCGAGGTCACATCTGGATCAATCCCGAATCGATCACTAAAATACGGAGTATAATCGCCTGTATAAGACTCAGCATTTGCAAAGAGCAAGAGAGGCCTAAATTATGCGAGGCCAATAGTGCGGGCCTACCAAATCTCGACGGATGACACTAGGACGTAGTGATAACAGATATGGTCGGAAGGGTGGGGCGGAACCGCTTTGTTGA,1815,49.42,Saccharomyces cerevisiae
SEQ_112022,TCCACTGCGCTCCATTAGACACGTCACCAACTGATCAACACCAATAGGTAGATTACCGTCTGATGATATGTATGCTTCTCTGGAGGGGCCTAATGAGTCAGAACGGCGGAGTACCTTCCTTAGCTTCATATACATATGTTTTTAGAGGTGGAGCAAGGGACTGGTTGAAGTCCATTGCTATCTGCATACTAGTACTGTGGTGTCTAGCACTAGCCGACCTCAAACTTACAATTGTGCTGATTTGCGCACCCCGACGGATTAGAATCGTCCGTCCTCGCTGTATAATGAACACAAACTAATTCTCTTGCGTTAGGGGTCTCCTTACCTAGACCCTCTTCGTGTCCGTTACAATAGATATGTATGCAAGACCCGCTTCCCCGGCATCCAGTTGAGGCTCGAACGCTTTCAACTCTTCGGAAGTTTAAGTCTTCATACTACGGTCGTTCATTAACGAACTACGCGCCTCTCGCTGACGGCGCACACAGGGGAGTTCAGAGGTACAAAGCAACTCATGTAAGCCTGGCCTCCCAGTATAGCCGGGGTGAGACACCGTAAGCCTTGGGAACTCTGGCCCTATTTCTAGAGTAACAGGACCACGTGTATGGCGTCCTTTCACCTTGTGAGGTCCATAGGAACCCGAGTGATTGCCACAACCACTAGGCATGTTGAGGTATGAGAGCTATACTGCCCAACGTCTGCGAGTCAAAAATCTCCCTGAGCCTGAATATCAGCAGTCTGCCACCAAGTCAACCCCATGTCGGCCATCGGTCAATGCTAAGGGTTCTATGGTGCCCTTCGGGTATAGCTATACGCGGTTCATTAAAAAGGGCATACGTCGGACCGTTTTTAAACAACCCCTAAACATTTCTCTATCGAGCAGTCATAAAAAGTGTGTGGGCCTCCGTAAGGAACG,913,49.18,Escherichia coli
SEQ_418152,GACGTGCGCTGCGATCCTTTGCGCACACGCAGCACCACGCTTTCTCGAGCGCCGATCGGACCTGTGTTATGCTCCGGGCGTTGTTAACAAAACGAAGTGAGGTAATCGCGCACGTCCTACGGGATTAATTTAATCTATTCACGCCTTATTGCTGCTGACTCTTAATCCGGGACCGGACGACGGAGGCTTGCATGTATTTTGG,202,53.47,Drosophila melanogaster
SEQ_304587,TCGGTTTCTGACATTAGCCACAGCGGAAACAATCTCAGGGGTGGCATGGTGAAGCTGGCGCGCTGAGGCAGTGTGACCCTAAGCTCTTTCGGCTATTGGGATTAGTGACGTTCAGGTTAGAATGCTGCAGTCCTGGCACATGCGACA,147,53.74,Arabidopsis thaliana
SEQ_534640,TATGATCACTTCTCAATGGTCAGCCACCCGTTCTTCGAAATTGAGCTAGCGCGGCTCAAACGATGACGTGGGCTATGCCCGGGTTCACGCCTTGTACCCGCGTGTTTATCGGAATCAGCTCCCAGCAGCTGTGTGGGTGGGTGTGGCGACGGAAAGGGTCGAACTCTCCTTCTGGCCAGGCACGGTATGTCTCGATGAGCGTAGCCAGATGTGACCCAGAATGTGACGTCGGAGATTGATAAAAACTCTCCAGGCTGAAGACGAGAGAACCCATCGCGTGAAGCCCTCTTGGATCCTCGGGAGTCTCAGTCACCGGCTCGTTCCTTGTAAAAGATTATACCATGAGTAGCTGCCTAATTTCGGCCAACTACATGGTTCCGAGTACATATTTCGGACAGAGCCAACCTCAGGCAACATGCGATTTACATCATCGTCATATATTCGCGTCGCACGGTCCATCATCAAGACCCTCATTGGATTTTAGCTTGATTTATAGGGTCCATGCGACGTTTGGGAAATAATTCGGCATTGGGGGACTTCTGGAAATCTACTGCTGTTTAGTAGGGGTGCGAATTCGAATGCTTAGGTAGTGCTTTTGGTGACGCTGGCATACTTTGCCACCTGAGACGCGTAGCTAAGCCCAATACCCGCGACAATCTGTTGGGATCAATGGCTGTCGAGCAATGATCACCTGAAGCAGGTGCCTGTGAGACAAATCCGGTGTCGTCGGGCTTGAACACCACCACCAGGAAGAGTTATCACGCTCGACACTGGCTGGATTCGCTGCCATTCTTCCTTAATTATCGTTGCGGCGATTAATTGCTTCTGGAGAACAGGGCACTTTGGCATATTATCGATTAACCATACTTGTTGAACGCTATCCGGTAATCTGGTTACGTGCATTCTGAGCGGAGGCGCGGGACATCCACAGACAGGATGGTCCACATTACACTGCATCGCTTTTTGCGGGCTTCCTTGAAGTGCTCACATAACCAGACCCAGGTGCGCCATGCAAGCAAACTTTACTTTAAAGCGGGGAAACAAAGCGTTAGACTGGCATTGCAGTAGTTGTTAGACTAAATGGATGGTAAAGATCTCTTCACCGTAAGTCCGCGCAGCAGCAGGACTCAGTGAGAATCGGAGCCAGCTCGCCCGTCGCCAAACTCTTTGGCTTATATTTAGGAGGCCATTAAATTAATGAGAGCATCTTCGCAGATAATTGCCCGGACCTTTCCCATAGGATTACTATAGAGGCTCGCAAGTGGAGTGCAAAAGGACCATCGATAGCGTTATGCCGAAGAAGTAACCTGTCAACCGAGGTTATTATACAACATTCACTTGCCTCCTGAGGCTGAAAATTAGGCATCACGTCTTCTAATGAACATGATTAGGAAACTGGGAATACCTTCTTGAGGTCGCTACGTATGTGTAGACCTAAGCCCGTCATGTGGGGTTTTCCATGCGTAACACCATCAGATCTTTAGTAAGATGGGTTTTGGCCATCTCCTCACCTGTGTAAATATCAGACACTACCTAAGCGCGAAGCGTCTCTAGCTTTGGATC,1563,49.26,Homo sapiens
SEQ_951789,TAGACGAGACGAACGCTCATATCGTAATGCAGAACCTCACATTACCAAGATAAATCGGACCGTCTCGGTCAACTACTTAGCTAGAGTGTGACTGGAATACAGTCCTCGCGTTGTAGAATAGATGGGTACTCTGGTCCTCTGTCTTCCATTCCGTCGGCACATGCCATGGCCCTCCTTGTATCAAGCTGTGACAATCATTTGCAGCCGCCTAGTCCCATGGGGTCCGGTCAGCGGGATAAATGGGGCCCAGTCACACGGCAATGCTACGTAGCCTGGAGATCAGGTGGGGCCACGTTGTATGGCAAAGCCTGTACCACAACACATGATTCGTTTACGTGTTCCGCATAATTGCAACGATGAACGAATCTCAAAGAGAGCAACTTTGCTTGCTTAGGTCCAACCCAAAGAAACCGAACAGAAGACATTTGGCATTCCACTGGGGTCGAGCAAGCTACGTTCCACGCGAGCTAGTTACATGAAGCAAGTCTCCTGCCCTTTCTGAATTACATCACTCTCGCAAGAGAGTCGGCCCATAGCTAGATGTTATCGTGCAAGGACGCAATTAATTCCGACTCATGGGAATCGGATTGGGGCAGGTCGTAGACCACCGGTTACACGTATGGCAGCCGCTATCGCTCTGATCCTAAAACATGCCGTTTCCCGTCTCAGGAAGAATGTCCTGGGGAGGCTTTCAATTGGAAAGTGATACCATTGCGCAAGTATGGGTTACA,731,50.21,Homo sapiens
SEQ_828753,GACGGCGCAAGTTCCCCTACTTCTTGGTTATTGCTAAGACGTTACCCCACTTTAATCTATAGCCACCAGGATAATCGACTTAGCTGATAACCCTCTGCCTCTCATACGTTTTAGTATCGTGGCGCTAGTTGAACAATTTTGTGCACCATCTCACTCACACGAAGTGGAGCATCAGGTCGTCCCTGACTATTCATTCTGTGTTAACCGCGGCATATAGTTTATGTGCCATTTCAACTACTTATAGGGATGCATAACCACGAGTCTTTTTACTTGGTCACAGTGGCATACGTGACCTCAAGTAATATCGAGTGAGTGTTAGGCGGTACGCCCGCATACCCGATTAGCTTAGAAGGTGAGACTCCCGAATAGGAATACAGAATGCCGCTCTGCATCTTGTGGTACCAGACGGAATGGTTATTGATCAATAAAGGACACTAGTGAAGTCAAACTCGCAATTGTTTCGCCGAACTTTACCAACCTGATTAGATGGGGGAGTGATGATGCTTTATGCTGGGGTTTCGTGGTCTGCTACGGGAATTAGCGCAACCTTGTGCCACGAATCTATGGTTGGTACCAATCTGGAGGAACGAAACCCGGAACGACGGGGCTCCAGGAGGTTTTCCCATTTTAGGTCTCGCTGCCCCACGAGCGCAAAATTCTTGACTTTAAATACA,674,46.88,Mus musculus
SEQ_972376,TGCATTTTGCGCTGATCGTCGTTGCAGTGCCGTCGTACCTGTACGAATTCCAACGCATCCTAGGATCCGTTAAGGCATCAGAGATCGAAACGTCATCAGAATAGGAACGGCTCCTCGGCAACTGGTGCGAAGCACACGCAGGTATTAACAAGAAGACCAAGGTGAACGTCAGTTCTTGCGATTACGCTCTTAATATTGTGTAAACCATCCGTTGCGGGATAGTCGTCAATCTGAAGCCATAATTTGTTTTGCAAGACCCTGTGCCTGATGGCACGATGAAACTATGAGGCAATATACAGTGGACTATACGTTTATCTGTTCTAGCAAATCGCATTACACTACCCCCCAAGGGACATCATTGACCCTGTTTCAGATTGGGTTCGCCCTGAAGGTATTTTGGGCGAGGTGGGGCACCGGGATATTAGCCACTCACAACATCGAGTAAGGCCAATACGCTTATGCTTCCCAGCAAGATCTGATTGGCTCATTTGCTAAACAACGTTACCTCATCCTGTCTTATATATCCGCCTCGTACACGCTTCGTGCGCGAGCGTTTGCCCAGATGCTGACATAACAGCACAGGAGTCATATCACAACCCGCAGTTGGGCCATGGCCAGGACCTAACCAGTCGTGTGAAATGGTCTCTAGGAAAACAGCATATTCATACGTTTATCTTCTCTAAGTTCAGCTCGGGTTTCACCATCGGCGCGTGCCCTCGCACGGTTTGGGGAGCAATGCCGTGCAGTTTCCGCTTGTTGTCAAGCGGTAAAGTGGCTATTCAAGGCGTGTTCTGTGGGGTGATGTTTTACACGCCTCTGCGTGGCCTGTCGTTGGGCAACGCGGTAGTATCCCGTTTGATTAACCGGAGGGACATTGGTGATTCCGGCCGAATGCATCCAGTTAGGATGTCGTTGACCTACCCTGCTGCAACCGGGCAAAGAAATGCTTTACATAAAAGAGGTGCCAGTTGTCCGTCCATCAAACAGTCCGTTCCACCAGTATGCTGATACACTCTGCGCGCTGAAATGGCCTGTGTGGTGACATCTCCGTAGCCGTTTCCCCCGAGATTCTTAGAGGGAACCGCTACGCTCGTTCCTAAGCCAACGGCGGTTGGCAATCGCAGAGGAGGTAGCATGTGGCAAGGGAGCCTTGAATTCGTCCTTGGGTGGGCGTCGGTTCGTGTTTTGAAGCATGTAGGTACGCGGAATCTGTGCGTCACACTGGGAAGTCGACCTTATTACGTATTGCTGGCGAAGTAGGGCGCGTTCTTTGGAGCATACGCCAGCGCCCCCAGCTGA,1299,51.42,Arabidopsis thaliana
SEQ_392392,CGCAGGAACGCGTAGGGAGGCTCTGACTTCGCACTATGGTGGCAAGTAGTGTGGGCTTTTGAGACTATAACCTTTGAAGACATTCGGCGTCATTCTTAAGATAATTGATTGCACATTAAGGAGATCGAATAGTAGGATTAGCCCGGTGCAAGGAATTCTACGGCGTACCCTGATTCTAGACAGTAACCGTTGTTTCGTTAAAGCCCCCAATATCCGTGCCTAGAGTAAGGTCAAGAAAGGGTCTAATTAGTCGAAAATGGAAAGCGAATCACTAGGTACACGACTGTGACACCCCCGTGTTCGACAGTTTAACCCTTTGACCTCGTCAGCGGCGGCAGCACCCACTGGTCACCCAGGTTCGCGCCATGCATATAGTAATCTCATCCCCCCTCCGACAGATAACATTTTAGCCTTTTCCTGTTCGATGTGCAGGGTGTTATCGTTAGGTTGTTTATTCGTATTCGATAGGCTAGTGATTAGGACTGGTTTCGGATTGGATACCAAAATTCGGACTCTTTTCGGTAAAATCGCGATTAATACCTGACCGGGAACGACAAGTTCGGAGCCCCCATAG,574,47.56,Drosophila melanogaster
SEQ_774672,TCTAGTGGGGTTGGTCACTGACCAACAATTTACTTCTTCCGACCGCAAGGTTAAATCCCCTTCGTGCACCCCCCAGCTTAGGCTGCGTAAATCTCATCAGCTGCTTGGCTCCTCCACTGCTACAATAACAGAACCGGCGCAAATGATCTCATGTTCATAGTGTGCTCTACGGCGGTGGCAACGTTTCCTAAACAATAGAGTTTGATATTGGCTGTCTCACCGTACCAAGTGTACCATTATAACTCCTCGGGTGTGCCTAAAGTGCTAAGAAGTGGGCACATCTAGGTGTCGCTATTCTGCACACCCTTGACTATGTATTTATCCTGAACCCTGATCGTGACGAGAAAATATCGAGCCATCAACATTCCGGGGGACATAGCTTAGGGTCATTATATGAATTGGGGCATTGTACACTAATCCCCTGCTGTCGCCGTGTAGTCAGACGTCTAATGAGGACGCCGACCCTTTCGCCCGCGTGGTTCGTTCTAGGCAACCTGTGCGCTAGCGGGATACCAACATAGGATACTCTATGAAGATGTTGATCTCTTGGTGTCGAAAGAGACCTCGGATAGCTCCTAACGATTAAGGCGGATAAACCTCGGTAGAACCGTAGCCGTCCATGTGAGATAATGGGACCAAGGCCATGACAGTTGTATAAGTCTTTACTGAGACACCACCGAGTGTTGCTTGCATACTACCGGCTGAGATCCGCCAACCGACTTCCATATGCCCGTCACGAAAGGCCCGTCGAGAACTTCTCTGCAAGCATTCTCAAAATGGATAACGGGCCCCAGTAATAGGCAGGTCCTCGCGCCTCGGCCTCCACGATCAGGAAAAACATTAAGCTTTTAGTATTCTCCTGTACAATTTCTGCAGTAAGAGCACGGGCGGAGGCCCGGGTAGGGAAGGTTCCAGACCATAGCCACACGGTAATACAACTATACCGAAGGGTGTCCGACGACGGGCGGTACTATCGTGGAGCCGAGAAGGAGGGCCGCTGTTATGGACGTAAGAGGCTTACGAACCACTCGACCACGGAGTGGCTCTAAGCTGGGGTCGTGGCGGAATGTATACACACTAAGTTCTTCGGTTGTCTGTTCGGCGTATAATCGGTTCCGCAGAGGACTGTAAGTTGTGTCGCCCTAGTGTCTCGATCAAGGATAAGAGGCATCAACAAAGACATCTGACTTGTATTGCCCTGGTCCTGGTTTACAGTTAGTTCCCAAATGGTTAGCATCACGGATACATTGTTGCTGCCCACATAACACGGCATGGGTGTGATGGTGCAATAAACTGGGGCAGCCAGGACCGGGCGAGAGAGTATCGATGGCAAGTGAATCGATCGTAAATTTTCAGCTCTTTATTTCTTTTGTTGCTTCGCGCCCTGAAACAGTAAACCACTTAGGGCTCTTGAGCAATCTCTAGTACGCGTAAGTAGCAGTTTGCTAGGTGAAGGCATAGCGAACATGAAGCCATGTATGTGGTACATGTTGTGTGAGTACTCGGTCAGGTTAACATTGGTGTATCTTCCTCGAGTTAAGGTTCACAAAACAGCAAGGTCTATATCGCTCTCCCGCGATTAATTTTCGCTATTTCCACATGCTGTGGCGCCCACTCGCTTTCGTGCAACCCTGAGGCGCGGGTCTCGGCCACGAGCACGATTCTACAGAGCTTCCACCAGCAATCGAGTGCCTCATGCACCGGTAAGTCGGTACGAAATCCATGGAGCATGTTCGGGTTCGGGCTCTCGGCCCTTGGTCCTACGCCGACGTGCAGCGGGGCCGCCGCAGGAAACGTAGAAAAATTATATAAGAGCATTTTATGGCGACGCCTCCAATCTGTCCCCCCCTCCCTGACGATGAACGCACACTCGACAGCTCTATATACATTCAAAGTC,1897,50.71,Homo sapiens
SEQ_527799,GTAAGGTTAGCAATGCACTATCGCTTGTGCGGGTCCACGGACCAAGGTCTAGCCTAGCCGGTTAGAAGCATAGTGCGTCAACTGAGATCGCGAATAGGTTGGGGTAGCCTTACCCATAATGATGATATGATCCATGACGTGTCCCGCCCTAGGTTCGATTGCCATAGCCAACAAGATGTAGTTGGATGCCTGCGGTAAATCTGAGAGCATACGATTAATGCGCTTGGTTCAAGCTTGGACTCGAGGGGACGCCAGCGCCAGCTTGACGTCACTGTTCGTGTCGTACCACCGGAAGCTCGCATGCAAATAAACTCGCCCGCGTATGAGCTGCGTTGACGGCGGTAGTTTCAGTGAAATAGAGGGTCGTCGGCACTGTGACACGAGCCCACATACGTTATATTTGTAAGCCTTAATAAATTCTCTAGACTCCCGAACGCCTACTTCCCGACTATTAAATCGTAACGGTAGTAAGGGTCGGAAATAGCCACTCCAAGCGACAACATGCAATCGCGTACTGAATAGCTATCGGGCTTAACACCGATCAAACATAAAGGGACCATCTTGGGGTACTCCAAGTAGCTCCTATCGCTTGGCATACCAGGGGCCCAAGCTATACCTAGGTGCGTTTATCTTCCTAGGCCACGTCGCAGAGGTCTGCGAACGTCGGGCGCGATCCTGCCCCTGATAAAGTCCGTACGTCGAACCATTCAGGGGGGCTTCTTAGAGGGTTCCTGGAGTATATGGTGGATAACCAAACTGGCGGAACAATGATTTTGGCTGGGCAGATGAGCGCAAACCACAAGTGGAAGAGTGATTTCCGATCTTGTCTGCCCAGCAACCTGAAAAAGTCGGAGGATTTCAAAACATGTCAATGACTGTCGTGTGTAATCTTCGCTATTAGGTTCAGCCCCCAGCAGCGTCTTTAGATACGGGGTTTATGCAAGAAACTATCTTTCTATTTGCATGTGGCGACACTCCGACGCATCCACTAGACTTTATAGGCACGGGTGAACCCGACCCTGGCAGGTCGACGTACACGATTAAAATTATTCATATGTGCTGGGAGTCAGGATGGCAGGTATAGCCGTGGACTTGTTTGTATGGCCGCTACACATACAAACAGCTGTACTTCGACCACCAGATAGCTCCTACTGACTCTCTTGCAGGCATCTCCAGAGAGCAGCAAGTAGTTTTCCTGAAAGTTTAAAAGTAGGTATCAACGGTAAAATAACGCCCCTGACTGAGCCATATCATTATCATTCTCGGAATATGTTCACCTTGCAGTGCAGGCTTTACCGCTGAACAGGTGCGCATCTTTGTATTGTACGGATAATGTAAGGCATAGCTTGCCATTTGAGGCCCGTCACAGTCTACGGAACAATGGTAATCCGTCGCGTTAGACATGCGCGCAACGGTGGACTGGGGAACTAAGACGAAACCGTCAGTGTTACTCGTATACCCGATTTGGTCAGACGTGCGTCCCCGGCGTCTGAATATCTGTTGTACTTCAGCACTCCCCCAGATGACTGAGTATTGAAGGCGAATTGATACCTCCGTTACTTCCGTACTTATGACTGCTCACTCGTGTTTGCATTTGCGTTCCTACATAGCATTTATATTGAAGCGTTACTGCGGACTTGCGCTTCCGCGCATGAAGGTTATTCAAGCCCAACTTAAAAAGCGAGTTTCAACGAGCCGTCC,1701,49.44,Mus musculus
SEQ_358527,GGGGAACCCATAATATGAACATTGGTCGTTCCCCACTCAGTTGGTATCGCGTGTCCCTTCTAAATACAACTGGGTACCCGGGGATGGGCATGGTGGGATCCGGAGCAGCCCTAGCGTCCGCGACAGTAAGGCGATGTATCGAAACGTCTGCGCTAACATTCGCAGAGGCATTTACGCCTTTAGACGTTCCAGGGTTCTGCGGACGCCGGCCGACCGGGGCAGAAGAGATGTTACCGCCCATATCGATTCAACTACTAATGCACCAGCTTCGCCTAACGAGAGGGTGCCGAGTAACACAGATGGAACCGGCGGTCGGGGCGGGGGCATCGACTACATCCAATCTCTAAAAGACTGTTACCCGTGTTGAGCCCTCCTCTCCCGCTCTAACGCTACAGAACTTTCGACTGCCCTGTTGAAATTCGATGGGTCCGCTGTGGTAAAGGAGCTTGATAGGTGAGGGCCAATATGTGATTCGGATATGATGATGATTGTGGGTCGCTCGCGGAGCACTACATTAGATACCTCTGACTGTACTTACAATTGGCCATGTTCCGAACAGGCAGCAAAAATCAATATTATAGAAGTAAGGTGCGAGATATCCCGGCCGCTCAGTACAGCGGCGTAGCAAGTGATTGCGAGACGATG,645,53.02,Homo sapiens
SEQ_893181,CTATCAATTCCTAAACAGCCGCTAAGCGGGATGTTGACCGTAAATAGAACTGACTAAACAGAAAAGAGCTCGTTGCAATCAACGCTGCTGCGCGTTGAGGTGCCCCTATTTATGCCTGGCCTATTCTATACGTGCAATATATACACGGGCCCGTCTCAAAGGTACGTCCCTCTTTGGAGGCACTAATGCCCGAGAGACACCAAGTGTATTCGTGTGCCAATCCGTCACTAGTGATTACTTCCGGCAACATGAAGCTAACGTTTTACGAGGCGGGTTTTCAGAAAGACTAAAAGTCCGTCTCTCGCCGTATGGATGTGGCTGTCCTCCAAGGATTACACCACTTACTCCCAGCTCATACGGAGGTCATCACAGCAATGTTCTAGAATCGATCGCCATACCTTTGGGATTTGCGGAGATACACTGTAAGACTGGCGCATGCAATAGTTGGGTGACACCCGCTAAGGGCGGAATCGCCGTTAATTTACAACACCTAGCTCATACATGTCGACTCCACAACTTTGAGATTCCAGTTTTTCCTTGTTCGAGTGAGATTTGTCTTGAGATTATCAACGCGCGTCCGAGGACCGCACATCGGTTCTTACCGGAAGTACAGCGACTGTATACACCCAGATGCATCAATAGAACGGGGAATAAGGTCCACAATAGACTAAGGAATAGAATGATCAGTCGTAAAGAGTTCAGGGACGGGAGAATAAAGTAAATTCGTTGGCCATTGGACCTCTCTTCCCATAATCTTAAAGGCATGCTTCCTTATCTCGTCCATTTTTTGTACGTTGTCATAGTCTCCCCATGTAAACTAACGACTAACGCGCGGCTAGCGCCTAAGATTCTTGAAATGCGATTGACGCTATTAGGAATAGCTTCAGTACATGACCTAGAGTATCGACTAGCTGGGTGCGAGTGCCGTTGGCCGTATCGAATGATTCGGCAACCTGAGGAGGGCCCCAACTTAGGAACGAAGGATGGAGTATAATATTTACACTTGTAATGGGAAGTGGACTCACCCTTCCCCAACTCTCGAGGAAGACTTCCAAACGCGTTCTCATTAATTAACGATA,1079,46.99,Saccharomyces cerevisiae
SEQ_445924,CACGGCACATGGGGTAGGGCATATGAAGAGGGCCCCGACCCCCTCAGCTCGCAAGGCAAAATTAGCGAGGCTAGAATGCTTTTCTCGCTAGGGAGCAGTGTTGATAAGACGTTGTTTAGATTATTTGGGTCAAGACGGATTTCCTGGCGTAATCATAGACAGAAAATGTCTAGTTAGGATCATATTACTAGCTTTATATTTTCCGTCCGTTCCGGGGAGTGTGATAGCGTGAGAACTACTCAACCGAGCCGCGACTGCCTCCACTCGCCACGAGAGAGCTACAGTTGTCATCCTTGGTGTGTCCAGTCACAGTACACTATGAAATTGCCCCTTGTGGGTTCCTTGCTCGATTTAGTGCATCACACTTCACCGCCGTCAGTGAAACATTGACTCCTTTTTCAACATGGCAACCCCGGAGGCGTTGTTGAACTGATTGCGGTGCTTCGAGCATGAATTGCCGTTGACAAACGAGAGATCAGTCTAGGAGTCGACCGCGGGCACGCGCATGCAGAGCCCAAGCTAGCCAGTCGATACGCTTTCTTACTACTTAGTAACGTAGTCCCGAGGTGGTTCATACCGGCTAGTAATGTTCGCACTGAAAAAAGCGTAAAATTTAGACGGCTGTAGGATCTTTAAATGTGCTTCCGACCTTAATGGGCGGCGTCATTCACTGGCATGCTTCTACAAGCTCTGTATCAGGCGGACAGTTCATCAAGCCCGTTCACTTTTGCTATACTGCGCTGTCGTTATATATAAGTTGTCTTTTACCTTGAAGGGGGCGCCCACGACAGTCTCGGGCAGGGGCTCACTCGGTTTGTTATAATGCAGCGCACAACTGCGAGATACATGTCCATACGCTGACCCTAGTCCGACTGCTCTCCTACTCGACCTAGACTCGGGTAGGGAGTACTCTCATGCAGAAAGGGCTCAAGTTTTACTGTTCTTTCTCAGTACATCTTCGAATTGCGCACACTTGTTTATACTACCCCTAAGGAGGTTGCATTTTAGTTTAGACACGATTCCCACCATGCGACACGGCGCGTGGCCATGCTCGGACCTCTTTACATCTGTGGCTGTCTCACGGCACGTGTATGGTCGAGGAACTCGATCCTGTCTCGGGGTCTCCGTAGCTCAACCTGTGCTTGTCTCTTTAGTTTGCCCTGCAGTATATGTCGTTACGGTGCGGAAAATTAACCCTAAAGTTCGCGGGCTAGCTTTATTGGGTAAACTACTATAGCACCCACCCGTACCTCCGTTGATGGCCCGGAGAGATCTCCCCAATCATTATTGCCCGGCATGTATCGCATGGCGTACGAGCCCGTATGCCGAACCCTCCGCCACACAAGCCGGAATAGCTGGCTATATCCTACTGAAGCATTCGCGCCGAAGGCGATCCACTGACTTCCAATATAATACC,1417,50.53,Saccharomyces cerevisiae
SEQ_135061,GAATCGCAAGTAGACGTAGGGCAAGACGGCCCCAGTTGGCAGGCCTTTGTGCTCGTCTCTTATCCCGGGGAGCAGTTCAAGGTGTTATTGAGATTTTTAAGTAGGGCACCAAGTCCGCCATTCTGACAGAGTGCTTTCAACAATGAACAGCAGTATTCATTGGATTACTGCCACCCGATCCGTTACCTTACCGCAGACAGCGTACTCTTTCGTGGCCGGGATTTATTCCTAGACGCACTTATCTACGCACCGGGCGCTTATGCCGGAGGAATGGCACGAACAATCTAACGCCTAACGGATACGCTCCCTTCCTACCTTACGTGACAATGATACTACCCCCAAGGCGCGCGGTCAAGATTGACTTGTGTTACTTGCATGATGTAAATAGGTTAAGAGAAGTAACGATCATAGATGATTAACCGAACCCTGAGGTCACGGTTTATATCCCTGTGTGAAAGTCATCTTCCAAACATATCGGTTTCTGCATCTGTTGCGCTCAGCTCCCCCGAGTTCGGCGAAGCTTTAGCATCCTATATCCGCAAAAAGCGCTGGTTTCGATACTGCTAGAAGCAAAGAAGCAGTTACCGAGTCGCTTCGTCGAGTATAGAATACGCCAACAGACGACGAAGGCGCTCCAAAGGGAGCTTTGGTCGAACTACTTACAGTGTGATTTTTACGAGTGTCGAGTGTGTATTATGTCACTTCCAGGGGTCAATCACCAACGTTCCGTACACGAAGTCGTCCGCGGGCCAAACTGAGGGTCTTTAGCGGCCTGGTAATCAAATGAAATTCACGATAGCTTGGCCCAACATCCGACGCGCTGTACGATAGTGTCATACAAGGAATGTCAGCTAGTAAGCGTAATAGGACAATCGCCGTCTACCCGTGCACCCACGTTTACGGGCAGTTTAGGAGTCCACTTAGGCTACCTGCCGTGAATAACTTATGGACCCGACGTAGACGTATGACCACCGGGCTGCGAAGAATCGATCACCGCTGTCTACCATGATACCCAAACAATGGCTGCAGGTTAGACGCGATCATCCACGATCTCATCTATACTACAATAGGTCATTACCATCAATCTCCCAACCCCACGATAATTCAGGATCGAATCGCCACAACCCCAAGTGATTGCACCCACTGAATAGCTTCGATTGAGGGTCTGCCGACACGGGTTACACTGGCAGCTGTGATACTAGCCACGTCAGGTTGCACTCGGTTCGCCTACCCTGAACATTTACCATTCCTGTCCCGCTTCGGAAGTTTTGGTAGTTGATATGACGTCGACCTTAGATATCCATTCAACCGGACTAGTGGGGATCCTGATATGGTAATTCAGGAAACGTACCACAAAGCGACCCTTCTACCAGGAGGGGCGGACCTGAATGGACGGCGCATTTACTTACATCTCTGAGCTCTAGTTAACCTCGGGTCAAACCTAAATCACAATTTTGTTGTAACCTAGAGGACGGCAAGAGGTTTACAAGGTTAAGGGTAAGATGAGTGTGTCGCGACCTAAGAAACTCTGCCCTTTACTCACGACTTCCTGCCCACTCATACTAGGCGAGATCCCTCCATCCGACGGGTCTTCATGGCGAAATCTAGGAGTAAACGTAGCTCAGGCGGATCGGTAAGAGAGCATGCGCAACGGTCAATACTAATCCATCAGCACGTGGCATGCGTAACCTCGCCGTGTGTATTCTATACAGGGGATGAATGCTTAGTTCGATTGCGCACAAATGTGACTTCTCCACGTTTGTATAAATTCCCGCAAACACTGCCCGAATTCGTTCAACCCCCAATTGAGGCCTGCCGACACTCTTCCGCGGCACGCTATCAAACCGATAAGGAAACTAAGGTAACATCAACGGTAGTGGGGCGATGGCAATTCTTCATTGTGTCGTGAAACCCAACCCGCGCCCGCCTATTGGCGGTTCAATAGTACATCG,1952,49.74,Mus musculus
SEQ_244458,CCACGCGCGGGCATCTGTCCAGAACGACAGTGGTTGTAACAGCTGAGTGGTTGAAATCTGATGGCGTCGGCTCATGAACGACTTCACAGGGCTGGGCAGTATCGCTCTCAACATGCACTCACTGATCGGACAAAGGGGCGAGCTGGCATGGTCCCACATAAGTAAGTCCTTCGTGGTTATGCCGTACTGAGAACCCTCCACTTGCTGGTGCATAGCATCTGCGTCGTTAGGGGCTCGAGTCAGTATATTAAGGCTCTCCTCTGACGAAGTTCTTCTCCGGGGACACTGGGCCGACCCCGCAATCCCGCCCGCGAGTCGCTATTAACAGGGTCTGACGGCAAGATTCCTCCGTAAAGGGACATCGGACCGGGTACCTAGCTGTACATTACTCCCGTACCCTTGTCCGGGGTCTCAAGTATGAGCTTACAGGTCTTTCTGTCCAGCCTGGCTCAACGATTTGCTGTGATTACATAGTATCATCAGTCGGTGCTATCTATTAGGTAAGCAATGTGTCGGTTGACCTTGCATACTCAAGGTCAACCTTAGAATCGCCTAATGCCTCAACGTTTTTGCCCACATATGTGGATGCGAGGGAGTCTGTCGGTGCGTTCGGCTAGTCGGCACGTGTGTCGGGCGGGGATATAGGCTTGTATAACACAACACACCTCCAATCGATGTCGCCGATTATAATGGCGACGTCGGTATTCGTCACACTGGAAAATACGACGTACCGGCCGAGTAACGGACATGGTCACCTGGTTGAAATACAGACAAATAGAAACATCTACTGATGTAAACTTTTCGCTCTCAGTTGTTTAACAGATTGTGATTTTCATCCCAAGGTGGAGCCATCCTTATATATTCGACCGATCATTGAGCTCGAGATCTCTCATAGTCGTCTGTGTTAAAGCCGGCAGCGAAGAAGGTGCAACGTGGACGATCAAGGTTTTAAGCACTCTGTTACGAACAGGTAGACCGGAGCCAACACTTGAGTCCGTTCGTGCTAAGAAAAGGAGTGACACACCGGGAACCCATCGTAAGATGTAATGTTGATAAGCCCAAACGGCTCCCAATCCTAAAACGAGCCCTGTCACTCTGGCACCGAATCGACAGACTATAGTTGGCCAGAGTCGGTAAAGCTCGCCGACTCCACTGAACGAGAAAGGTCCTGACCCAAGGGCAGCTATCAAAAGAAATGTGCTTGAAAAACGCGGCAGGCCCCGGTGTGATTGGCTGCCAAGAAGCAATAGCTTCGCGGGCACTAGTCAGGAGTAACTCTCTCTATTCTCGACTTGATCGCCTTCTCCGCCATACTTCACGACAATCAGGCCTGTGAAGAATGCCGCCTTACGCAAGAAAAGTGCTGATGGTATAGACTTCTCCCCTTGCCGCAGGTCTTATGGATCACCTGAAGCGCTATAACCTGGAATCGAGCAAAACACCATGTTATTTTCAGAGATTGACGCAGTCCATCTGAGCGGTGTTTTCCCCTCCATAAGCCGTAGATTGTAGACATGGACACAGTAACCAAAAGAGCAAATCGCTGTATTTTCGGCGCGCAAACCAGAGTTTAACCATAGTCCCCCTTCAAACAAGTTCAGGACTTCCTTCACCTACCGTGCACCCCGGGACTTGAGCAAAAGGTTCTCTGGCAAAAGTCAAACCAAGGGACCACTGCTAAAACCATAGTCTACAGTTTGATGTTACCCCTTCAGATTCCGGTTCACG,1728,50.41,Homo sapiens
SEQ_274701,GCCCGTACCTGGCCCGGGGCATCAGGAGCGGACGGACATATAATGAGACTCCGCGCGCTTAGATTCATCAGACTATATTCATTTTTGTCCTCCGAGTGACAGGAATTGAACCCATTGATTATCGATTCCCCGTCTAGTTCTCGCGGCGAGTCCAGAACGAGTACTCTTAAGCCCCCCGGTACGACTTGGTTCCATGTAGTCGGGCTCCATCACATACTCTCGGTCTAAGTTACGAAGCTTGCCGGCTAGATCACCGGCACTTACAGCGTCACACTAAAAGCATGCCCTCCATGAACATGGACGTATGTTATGGGGATGCCCAGGAGAGTTCGTCATCGTAATAACGATGCCCTCTTTGAATCTTGCGATAAAAGATAGAAGAGCGTTACGGTTTGGGAATTACGGCCCCGAGTTCTAACTTGAGCGTCGTCGTACTTTCTGTCAGCGGGCACTCCTCAGCATATTGCGTATTAAACAGAAATCCCCCCGTCGGCTTGCCCAGATGCTATAGCCTCTGGTGACAAACTCTAATCTTCATTCGGTACAAGCCTAAACCGTCGCCTATCGATCACGACTTTGATCTCGAAGTTCAAGGGGGCATTGTTCAGTTACATGTTCCACATTTCGATCGGGTTCCAAGTAATTCGAGATAATAATAAGGGAGTCCCTTGACTCCAGAGTGCCACCTCCAAA,693,49.64,Escherichia coli
SEQ_600576,TGTCATTACCCGTCCCAGATATCAGTTTGAGTTTATCGTGGATGACCGAAGAGGATGCACGGCATTGTAGCTTGATAGGCCCACCAAAGATTGGGAATTCGGAAGGGTCCGTGAATGGAGAAAATAAAGACGTGTGGAGACCGTATCTTCTGGACAAGGGGAATATAGAACACGTTTCTTGAAGGCGCGTATCGTCCCATGCGTATGATAACTCATCCCCATCGGTCCAAGTGTGATAACCTGGGAACGATACGAAAAAGTACTTTAGAGAGTCTACTCTCCCCAAGATGCATCATCGGTTCAGGTCCTCGTCGAAGTGGGTCAGTGCCGCACCGATGGGAGCCCCAACTTCGAACAGTCAGAGAGGGTGGGCCGAGAAAAACACATACTTCAAAACCCTCGCTGTAAGGAGTCCTTGGCGGTTGCTGCCGCAGCGCCACAGTCTTGTAATTGCCGAAAAGCAACCGGAACGTAGTCCGGCTTGGTCTTTCGCGTGTTAACCTACCTGGCTTACAAGAGTATATGGCGCTTGAGAGACTCGTACTGAGGGATTTATTCAGTCTGAGCGCCTAACAATGGCTTTCTAGTGTAATCGTCCTCGTTCATTTTGGTGTTCGGGCAGCGTGTCTTCGAATAGTGAGCAGTTTCAACTACGGTGCTGGTGCACGTGTGAAGTACCTCTAGGGGAGACGATGATCGCCTGCGTGCAATGGGTTCTTACAGCCTGTGTCATGCGATATAAGTTGGAGAATACCAGCTTAAGAGACCAACCCCCTTTCAAGAGCGGTATATCTCTAGCCAGTAGCTTCCGACTACGGACTACGATGCGGTCGGGGCCTGCAACGGGCTACATTTGAACAGTCAGGGCACTTTTACCCGGGCTGCGTATTGTGATATAGTGCATGGCGCATCACTGGAGGGAATTGGGTACCTCCCGGTTCAAATTCTCCCCAATGCTTTCCCACGCGGACTTGTTTCGTTTCTCTGCGCAAAATGGACCAGGTACCAGGTAAAGGCCTAACAAGGGTGGCCCCTTCCGTGATCATACTCCATTACCACTGCACCAGCATCGACGAAGAGCGTACTCGACGCTTCCCTGTGCTCGTGACCCAAGCGCGACTTAAGTGCGTATACGCGTACGCTTGTATCCTATTGAGTGAGGATCCTAAATTGCTTTCAAGGAGGACAGGTGACTGGGTATGGGGGATATGGAAAACCGATAGGTCGAAAGGACCACGGCGTCTCGGCCGCGATGATACTGTGTTCCAACCCGACTCACCATAGGACACGGTAACGCCCACTCACAGTCATCGATAATCGAAGCCGTTCCTAGGACATACCCGGCCCCCAGTGTTAGATCGCTCGTTTTAGCAATCTGATCCTCAAGAACTAGAAGACGATTATTTGTAAGTTTGCATCGGTACGTCTATAGCCTTTTGCTGTATGAGATAATAGTCATCTTCCAAGCGGAGAGAGTGTATCGCTCTTCAACTGACGCGCAATTGCCCGGGGGGTTGACAAGTACTCTCATGGGCCTGCTTTTCAGTACCCATTTGCACTAATCCCACGGTTCCGCCAATCTCCTAACGAAGTTGATTTAATTGTGTGCCTGGACAGGATGGAGGGAGAATTGCGGAGCTTGTGCCACTTCGGTCACTACTCTATTCGGAATACCGATTGGGTGTAAATTGGGAGCTGAGAGATACAACGGACTAAGATGAGGTTTCAGAGTTTATCGCCCACGTTCATGCGAGTCACGCTCTTCTCAGTCGTTTGGGTTCAGCGTTGAGAGCGTAGGCCCCCCGACAGGTTATCCGGAATAGACTCCGCTCAAATTTGCGTGCGACTGGATAC,1854,50.81,Mus musculus
SEQ_458169,TTTGCCCGCTCGCGACTCATGCCTAACTACAAAAATTGATTGCCTTGAAGCTAATACCTTTATTGATGATTCACATCTCCATGTACGCGCTGGAGCCCCCGAAGCTACAGGGTCACAACAGGCACTGAGTTAAAACGGTGCTAAAGATTTGACTTTAGTGACACTTCGGGTATGAGTTGAGTAATACGTCGAGAACCGCCTTAGTGTTGGGTACTAGTTCGTCTCGGTATTCGGACTGAGCATCTCCGAACCGAGCCAAGGAGATAACGCCTACCTCCGGGAACGCGCTCTATTTCATAACGAGCGAGCTACTGCGTTTCTACCTGTCCATCTTGGTAACGTCCGCGAAAGTCTCTTGTTGTCTGAACTGCTTTCAACTGTTATAGATAAGGCGCCTGTGAGACTGACGAGTGTTGACGGACTCTACACACACTCAACAACGGCAAACCCGCAACAAGCATGCGTTGCCTACACTGATTAAGTGTAATGCACTTATTCTGCGGCTGAACCCAACGCGGACAATAGATCAATATCGATATCAGAGGAAGGGCTCCCGTTTGGTCTGAAACGGCTTGTTCGTACGCGGGCGTCCGGTTCCACGGTTGATTGAACAAATGTCACTTGTAAACCTCATAGAACCCCAGGACTAAGCATTAATTTTTACGGGAATCCGGTGGTCGCGGACTAATGCACAGCGCGTCCTTGATGCAACACTACCCAGCTTTATATCTTGGCGATGTCTCGGTGATTTTGAGCGACTTAGGCGGAGGCCAAGCACGGTATTATCTACACCCGATAGGCCGCGTATCATTCCGTTTTGGTTACCAAAGAAGAACCCACTGCTTCCACGTCGGTCGGTATATGCAGGTCCAAGACGTTGACGCCAAGGCGGCGCTGGTTGGTTAAATTCCTCCCATCACGTGATGAACCAATTATATAGTCTAATAGGGGCACGTAACTTATATATAAAGAGCTTCGGCCAGAGACTAACGAAGGTGCCCTGCAGAACATTGTAGTTATCATAATCAGAGGTCTAAAAGACCACACTCGTCGCGTTAGTTTAGCCTTAACGAGGTTGACTGATCCCGCCTGCTAAGAAATAAACCTCTATTCTGGCCGGCACAGGCCAATGACCTCTCCGATAAATATCACAACTGGCCCCTTATCTTTTTGTGTGATAGGATATCAACAAGCTTCCGATAATAAAGCTCACTCGTGAGCTA,1223,48.0,Homo sapiens
SEQ_272565,TACCCGCACCTGCAATGTATCCAGCGTGTAAAAGTCTGTGCATGGTACCGTTTTTGGTAAAGCAAAAGTGAAATCGTGGTTAGCTTACGCAACTGGCTCCGTGGCGATCTCAGATAATCACAATCCTAGCGCACAACATTCGAAACTATGTAGGTGGGGGACGACACTGGACTTAAGTTGTTGAGGACCTTGCAGATTGAGTACTTTAATTGCCGAGTCCGTACGGAGGCCCCGTCAGTGACGATGGTCCACTATGCTTCCGAGCCGTTATGATTTGGCACAGGCAATTCAAGCGGTGGATGCAAATTTCATGGGAATCCGACAGTAAGAACAGGTCTCCCCCCACCGCGGTTGACTTAGCGAAACTCGCATTAAAGATACGCTCTCATCCCTTGTTACGAGAAGATTAAGATACTTGGTCGCAAGTGCGGCAGGGCGGGGCGACCATCTGTTCGCTAGTGTCTGCTTCTCGCTAACCTCGAAGACGCCTTGCGGTTTCATAAAGAATGCTCCTATAAAAGATGCACAGATTAATATAGTCTACCCCAGGGGAAGCCGATACGGCAGCTGTCGCCAGGTTAGGGACATCTTAAGACCAGATTCTCCCTTCCTGATTAAGCACGGCAGAAGTTTTGCGTAAAGGGCGTTATCGATGAAGTAAACTAAATACTGCGCTTCAAACTCCATAAGAACTCTACTCCACCATGGCCTTCCTATAAGGACGAAAATCCTCTATGTAAATAAGGAGGAGCTCGTTTTGAGGCGAGTTATGTCTCATGCCGTCACTGAACACGCGATATGGACGTGAATCCTAGTACATGGGATCGCTTCGCCACCTCCGCCCAGAATGGCGAGTTGAAAGTGGTCCGTCTAAAAATTACTGCTGAGGCCTCGGGTATCCCCATGGTAGCTCGACTCACTAAGTCAAGCTTCCTCCCTGTGGTAGTCTAACCCCGCATCTAATCCAGGGCGTCACATTAAGTCGGCCCTACTGCAAGGCTGATCTGGGGGCCAGTCTGACGACGTGTTCTAGAGAAAGCCGACATTGTGACAAGTAGGCTACTTTTAGCTCGACACGTTCCCACAGTGCAAAACTCAATCAACACCACACACGCCCGCATTGCCGTGATTCGCCACCGTCGATAATTAACGGAACAGCAATTGGACTTAGAATAGACGCAGGTATCATGCCGGTGATACCGTAAATATGCGGCCCGACCTCTGATGTTAGGTCAATGACGCTGTGCTTGCGACTTTCATAAACGCAAGCGTTATAGAGGATTACTTGGCACGAAAGTCCAAATGACTGTTCGCAAGCCGAATTAGCGAAGACTTGAGTACCGACTCCTCCATATCAAGTTGTTTTTCACTTCATAGCATAACGTCGTGCTCAGTAACGTGCGCCAACAAGGACCAACTCACTTGGGCCCCTCGCCTTTCACGGAAATAGAGAATGCAAAGGCCGCACGTGCCGTAGGAGACATCCCTGATCTGGCCCAGGGTGTACGGTGGCTAACTAACACCGGCCACTCGCGTCTCAAAATGTGACACTCCTGATTACTCTTACGGAGTACACTGCTTCAGCCCCCCCGGAACTGGCATTGAGCCTTGAAGCGCAAATCTTTACGACGGCGGTAACGGAGCAGATCCGTATACCCCGACCGTATATTACGAAGTGTGCGTTCACATCTCGATCTTCTGCCATACTGTAACCAGAGAATTCCCATGCGCGTAGAGAGCAATGTCCAGCTCTGCCATGCCTCAAGGGGAGCCTCTAATAAGCGAGTTGAAATGCGATACCGAGTGCCCATGTAATGAGAGTCTGTATAAAGTTTACATCCGGAATGCGTCGTACACCCCTGCTACCAACGTGACGTAGTTAGCGGTGATGACGGTTAAGTTGTTAGCACATATTTGATTAACCTA,1926,49.69,Saccharomyces cerevisiae
SEQ_965603,CAACGGTTAGCGAATATTCAGTGCTGGAGTTAGGACGTAAATAGCGAATGCTTAGCCCCGAATTTAATTGAGTAACGAAAGATCAATGACCAGGACGCCATACATGACTCTGTGTACGGTCCTAATGCTGCCGGCATTGATTTTGATGAAGAAGCCGATAAAACGCCTCGGGCACACGTCGCTATACTTTCCGGACAAACTCCATGTACAGATACGCGTGAATTTACCGACACCCGCTTCCTCCACCTTTTTTTGCACTGGTGCGGCTGGCGATCTTCGGGCGGGCTAGCTTTTACGCTCGGTAGTAAATGGAAAGCGCTTGAGATCGGATCAAGATGACATAGTTAGCGCTACGGCCAACTAATATACCTTTTACATCTGTCTGAAAAAACACCTAAAAAAGCTGATCCCGGGGAGTTTGCAAACCGGAATTCTTCTCCGTACTCTATACGAGGGGGTCGACACCGATCGCGTGGTAGCGGTGCGAGGGCAAGCCCCTTCACATAAGAGGTGGACCTCGTACTCCGACGTCTGTCCTCCTGACCAGTTGTCTGTCATTTTCGGACCATAGGTTCAAAGTGCTCAAGCCCCGGGAGGCCATGTTCGCTGGGCCCGAGACAAGAAGCCGTATGATTAATGTGGGGGCACGGGGTTTGTGGTTGTTTGCTCTCACCATTACTTGATGGTCAAGAACTAAGTAAGGCCAACGGGAGTGACTAATATCTTCAAGGGGCATCTAGAGTCGCACCGGTGCTGTCACCTCATTTGCTAGGGAAGTCCAAATCTGTGAACATAGCTGGTGATACACTATGTAGCGTAGTTGCGATACGCTACTACACTTGGACGAAATGCCGATATATGTTAC,865,49.48,Homo sapiens
SEQ_714633,TCGTACGATTTCTACATGCGTGGGGTGCCGCCATTCCGGTGCGGTTCGTCCTTTCTAAGTAATATCAATGGTGGGCGTGTCGTTTTCTAACCCAGTCTTTTTATTATACTCCCTATTTA,119,45.38,Homo sapiens
SEQ_982583,AATTGCATAGGGACGGACTAGGAGATTTGGAGTATGAAGGTCGTGGTGCGATGCTTCCAAGCTGTGCGTGTCTTCCACTAAATCACAAAAGTCTGTAGCTCGTGTCGAAGAAATCTAGCATAGGGACCGCTTGTGAAAGCCTAGCTTGGTTGACTACTGGCTGGCAATCAATGGTGTTGTTTGTAGTGACCATACCTGTTCAAACCTGTAAGTCTCAGTGTACCCCAACAGAAGCTAGCCCTCCCCGCTCAATGGCTCGACGACTATACATGCTGATGCCCCTTTATCGTTGGGTGTGCCGCAGTGAATGAACGAGAACATCGGGTATGTGGAACTGGGATCCTTCAAGGGGGCAGGTCGTCCACCATGCTTGGGAGCACACACCCGATTAGACACAATACACGTAACGGCGTACTCGTCTTACGGTCGGCAATACGCCACTGTCAATCGGGGGGCCGCGGTGGCAACAGAGTAAACTAACAGCGGAGTATGCTAGCTCCATACTGTACGTAGCAACTCTAGCCACAACCTTATATCGCCTCATAAAAGCCAATGTGAGCCACCATTCGTTATTGGGCAGCAGTTGGATAGCCGAACGATAAGACAAAAGCGGGGTCACTCCTGAAAAGCGACCCGAAAGCTTGCGTCCGCGTAATTGCACATGGGTACGGCTCCCGTACTGCCGAAAGCGAATGGAACTTTGGGTCAGCCATAATATCACTCGTGGCCCAAATCGGTGAAGGATCACGTCCATCAACCGGTGATTAGGAGCCTATGGGCGAATCAGCCGATGCTGTCGAGTCGTCCCTACGTAAGTGACTCATGCCTCGTGAGATATGGCGCCGGAGCGTCGTATGGCCTCGACGGGCGCGGTCCGTGAACGTTCCATGCTGTCTCACGGGCTATTATCAGAAAAAAAACTCTTCCGGCACGTCGTTGCCGGAAGCACTACTTTGTGACACGTGCCCGTGCAGGGAGGTTCGCGCCATGTCGCTCGGCGCGACCGATTGTGATGGGAATGGCACCGCTCCTGGTGTGGAGGCTAACACGGTCTAAGCTTAAGGTGGTTCCAAAAGAATCACGGCAGTGGCTTTGCAATCGGTTAGCTCAAAGGGCTGCCCCGGGGCCCACG,1132,53.71,Saccharomyces cerevisiae
SEQ_616532,AGTCCAGGAGAGAGGCTGGCGAACTCCGGAAAAAAGACAGCAGAGTAGAGTAATGTGATGTCCCCTTGCGCCTAGCCCACTCGCATCACTCCTTGATTATGACCGTTAAGTCGTATTTTCCGAGCGTGACAGGTGTCAACCATGCCTAAGAACGATAAATCCTTCACATATGTAGTAAACTCCTAATATCAGGCTTAAGGTTGCAGGGCAGGGACGACAGCTACCTCGCGCTCACGAGCTGTGGAAGACGCCCGCGATTCACGTAATCAGCCGACTATCGGGCGTGTGTAGATTTTGCACTTACACGGCAAATCGGAGTGGGCTCATAAGCATTAGAGTGTAGGATCCGGCAAGATGCGGATCCTGCTTTGAAACCCAGCAAAGCGGTGGGGTGCATAGGGGGTGATATACTTAACGTGGTCTGTACGTGAACCCGGAAACAGTTGGGTGTAGTACTCGTTATTCGTAGCTGGAGTGCAGTAAAACGCTGTTGCGGAGTCTTCAAAGTGAAAAAGACGGAAGAATAAGAAACATTGCCGATTACCTCTGTCACGACTCGGCGCAGATACGTTGGTGTAGGCACCTACAATCCCAACCAACCCCATGATTAGTCCTGTGTATCAGCGCTAGGAAGTCACGCTCCGTAATGGACGGTTCCAATCGTTTGTAATGAGCTTACACGCAACGGATGAATCTCCACTTATACTGGGGAGTAATACCAAGTCGTCAGACAAAAGGGGCGAATACCAATGAACAAGTATATGGTTATCAAGTTGTCACCAATCTGATTCCCCAGGTATGTGTTGTTTATTCGGTGCGTTCCACGGCTCGGGCCTAATGTTGGCAGGATCAAGGCGGGCAGCCTGCTCGAGGTATTCCATCGCTCGCGCGTATCTATGATGAGATCTCGCCGGCTTTTGAACTATCAGCTAAAACTAAAAAATTACCCCACCCCATTTCGGGGCGATCCCCGACTGGTTGTAAGGGACTCCCGACGGCTCGGGACGTACAAGCACCCACTCAACATGGGCAGGTAACACCTGTCGTACCATCCACCCAGTCCGTACAAACACCTCGACGCCTCGCTTACGCTGTAAACCATCTGGGACCATCCGCTAGAACGAAGGAGATTATCCGTGAAGTGGTGGGTCCGCTAGTGCGCCCAAGGGGAAGGCGCATCGAGCCTCCTGGCAAGAGGGTGTCACTATAAGCAGCCCGAAAACTACAACGCTGAGCGTAGCAAGCGACACACTATCGGTCACTCATATTCCTGTCTGGTTGATGCATGCAGTTCAAAACGTAACTTGCAGTTATGCAGCGCTTTCTACATTTATGGCTTTGTCGCGTCGACACTGCTCTTTAAAAAT,1367,50.62,Caenorhabditis elegans
SEQ_130284,GACCTAATCAGCCGGGTCCTGCTTCAAGATTGGGTCGCGAGCGATATCGGTTGTCTCCCCAGTTCCACACGCCCGCGCTAATAGGTCGCTCTGTGAGGGAATTCCATACGTACTCAGAGTCGGGAACATTGAGGAGGCAGCTCGGATGGCCCTAGGGAAGAATCTATAACGTAGAGAGCGCTCCGCCTATATATCCTGGGACCAACATTTCGAGGGTCACCCACGGTCATCCGGCTGGCTTAGACGTAACAGCCGGGACGAAGTCTATGCCCATGATACCGCCTATCCTATTCTGGGCGCTCTCCCGACTCAGTCCGCGGTTTAATGGTGCAGGCTGCTCCGACACTCAGTTTGCCATAAGTGGTCCCACCCCAAGCTACACTTGCGTCTGTCTGCTTGACGACTGCCTAATATCCCGTTAGCGCAAATTTCGTTAACCGTGTGGGCCTGACTTTCGTACCGTTAGGGTGTGATGCTATTCGGCTCTTTGAGAACGTGCTTCTAGAACAGTCTGAAGGCCACAGTTGGGAGTCTGCGTGAATAGTCAGTGGGCACACGTCCGTGTTCCACAACGTCAGCACCGCATGCAGCCCGTAACACAAGCGCCGGAGTCGCTGCGTATGATTGCAGTGGGAAGAGTATAATTGATCGTCCTTAGTGGGCCAGCCGGGGCATGAGCTCTACCCGACTACTTCCAAAGTAAGCCTGGGTGGCGAAATAACGGCGAATTGCCATCACGCGCGACTGATCTCGACGCAATACTACTCTGGCATTTTCAATGCGGCTTGGAGAAACAGACACCCAGTCCGTTGCTGTCATAGCCCCCTGCAGTTGAAAATGCCAGTAAGCGGCAGTCATCTAACGGACGCGACGTCCTGTGAATGATATTACGACTTTAACACTACTGCGCGTAACTGCAATATCTCCCTTTCAAAGAACTCCGGCGATGCGCATCCTAGTCAGAAAATCTCCTGGACCTGGCGACTAACTCCCCAGGAACGCCTCGTGGTCGTAGCAATTGCGAAGGGCGTTAGGCAGGACACCTAATAGGTGGAGATTAAGAAGTCGTACGGGTGCCAGCTTCAGGGGGGAAATGAGGCCGATTAGTTGCGTATTCACAGATCCAAAAGCCCTATGGTGTACACTAGCATCTTTTTTCTAAACATGGCCTATCGCGTACGTGTTTCCCGAGAGCCGATTAGTGAGTCGCGTCGATTCTAGAACGACTAGATATGAAAGAATCTCTGATGGCCCACGTGATCTTGAGTAGTCGATGGTTAGGGGCTCCGACCGTGTGCCTACCAGTTAACTATCTCGGAATGTCGTCATATGGTCTGTTGGGTTCGTATTGCCGATCCCGACAATTAGCAGCGTCCTACCGTAGCTGGTCGTAGACCCACTGTCAATCTCTGATCGCAACCACGCGCAACTGTGTCCATAACGTGGTCGAACAGCCACGCTCCGATTGCGCAGGGGCCCTTTAGCCGCACCTCCATATGTTCAAGGGTAACATTCTTATTTTGTGCCCACCAGGGCGAGGGCCCGCGGACCCCTCCGCAATATCTGGATGATACTTCCACCGTCCCAGCTTCAGGACATAATACCCCACATAGACTTCTCGCTCGCGGCGCACGTGCGC,1639,53.63,Homo sapiens
SEQ_164619,TCCATCCTGCCCTACCTATTGTTACCCGAGCGTTGGACCTCCACGATATAGGCGTCACCGCCACGCTGCCGAACCGTTCGCAGGCAGTGTGAGCGTTACCCTGGATGGCCGCCATGTTCGTGCGCAAATATCGACGACCGTGCAGATGCAAACGAATAAAA,161,56.52,Drosophila melanogaster
SEQ_737007,TCTTTATGAACGAGGGAGCCGCAAAAATCTAAGTCTTAATGAAAGGGAGATGTGATGACTAACTACCACGGTAATAACGCTCGCTCATGTACAGCATTAAGTCTGACTTCCTCAGGAATGTGAATTTCATTCTAAACTTCTAGAGACGCGCGAGCACTGTTCCTTAACTGCTCCCGAGGCGGCTGTTTGCCTATAATCGCATACTAGCAAGAACTCACTACACCAGGGAGACGATCCGCATAACGGGTTCAGACTAAGATCCTAAAGTGTTGCGGAGAGCCCAAGGCTGATTTAATTGACACCGATTAGTGACGGGGAGAACTTTGATTTCAATCGGACCAATTTTAGTAATAGTTATTAAGGCGACTACTTGAGCACCTGTGAAAACGTTGGGTCGGTGCTAATGCTCCTCCTTTCCAGTCGAGCAGTCCCCCTACTCTTTGGCCGTGTGACTAGCCGGGTCTATAGGCTAATGGTTAAGCGAGTCTTTGTATGTTTCAAGGACCCGGCCTGAAGATTAATGGTCCCCCTGATCACTCACCGTAAATGACTTAACGATAATGGCGTGTCGTAAGCGCCCAATATATCCAGGGGAGGGGTAAACAAGTCCGACCAATGATATATCTTCGATTTTTCGTATAGCACGTGGGTATAGCTACAGTGCAGAAGCCTTGTTTATGACAGGTGGCCGCGGCGGGACAAACTTCAGTGCTTCGTAGCGTTTTAAACTTACCCTGATTAGGAGGCCTTGAGGCTGACGTTAAACTCCTGCTAAGCGCACCCCAGCGGTGGGGGCGGGTAACGGCGATCTAGGGTAAGGCCTGTTGCTATCCCTCAGTAGACGTCGGTCCATGATCTCCGTCGACCTGGTAATAGACTTGTCTGTTTCCAACTGACGATGGCCCTCGGTGGTGGTGGTGGATCTCTGGCACCAGAGCCCTATCATTGAATTCTCAGACCTCGTTATTGAATTGCATGGGTTCCAATTGACCGATGACAATACTAGTCAAGAATTCCGTGCCTGGCGACAACCGTATCACCACCGGGACAAAATGAGATATTAAATGTAAGAGCATGTCACCGAAGTTATCCACATAGAGGGTGCCTCGACGCGTTTCGG,1120,48.57,Homo sapiens
SEQ_500386,GCTAAACGTGCGATCGGTGCACACGTGACTGTACGCGTTGTGCTAACTGTCAAGCCCGGTGATCTTCGTATGCACTGCTACGTGGGAGTCCTCCTAACATTGGTTCATAGGATTGAAGGTTCTGTATATAGAAACGACACCAACTGTGACATGCCTCTGCGTAGCTATCCCAGGCTAAACGACTTGCATTGCAGGTAGGAACAGTGGCCAGACCCGTACGGAGCGTGCGCTTATTCGTGCCAAGGAGCCCGGCTCGCATTCAAAGTGAGGGATATGCCTACTGTTTGGGGGGTATTGAGTGGATGCTAAAGGTCATTTTCAGTGGGGTTCGAGCTAGCTGCGGACTTCCGGTTATAATTGTCAGCGTATAATAATCTGCGGACTCTCCGCCAATAGGTTCCGATTTCACCGAAGTTCGAGTAGACGCCGTTATAGGTGACTGTTCATTGCCGGCGAAGGTTGGCGGATCCCAAACGAATGGCGGGCCAACAGTCAAATCGTTCACTGGGACGACCGGGGGACGTGCGGAACGCCTCAGCCTTCTTGTCAAGCCGATCATTTCATGAGCCCGTTCCTTATACTATCGTATCCGTCCATGCTTTTCGGGGGATTTAAAGATAACGAGCAGAGCTCCTAGCAGCTGATATGTAAGTAAAGTTCTTTGCAGCCATATAGTATCTAACATTGGCTCTCGAAGATATCTGACCTATGGTCGGTTCCAGCTCCGCACGTCGACACTTAATAGAAAGCACGTCCAACATGCCCTCAGGGTCCGACTGATCTGGAAACTTAGTCGACATGAGCTCACGTCATATTGGTGTACGGCAACTAAATTAGATGTTCCAGGCATGTCCCAAAGGCTTAAGGCCCCAGAATGTCAATAACCTACAGCGCCGTCTCATCCGGCATTTTATGACCAATTTATGTTACTCATACCACGATCCGCATCCACTCATAGTTCTGCAACCATCTCGGGCGACGCCCCATTTTAGGCAGGGCGCTCTGACCGGCTGCTATATTATAGTCCGTCTGCATGTGTATCCGGTAGTCCTTTGAGACTGCGGAAAGGCCCAATGTCCCCAATTACCATTAGTCGTAGTCAATAGGTGGCGATGGAATCGGGCTATGTAGTAGACCCCGGAAGCCAGACTTGGATCGCAGCCTGGCCGGATCCGCCACAGCTAATGGAGCAGGCCGCCATTCGTCGCCGGTTGAGTGTTCTGGTTTTTCGTCTGACGTCACACAAGAGGCTGAAGAGCCTGCTTGTGGTGAGAAGCTGTGAACGATTTTCCTCCCGTGAGTACATGAGCGGT,1313,51.33,Drosophila melanogaster
SEQ_512571,GCTCGTTACCCGCCTCGTCAGCAATAGATCCGGAGGCGTGATCGCCTGCATTTATCCTTACACCCGGAGCTGTAACGTTCCCGCACCGATCCCCAGTCAAGGGACCGCGCGTCTTCAGTCGCTGGTGCAGACAAAGCTTGAATCCGGGGAAGCTTACTCTGTGGTCTTCACCGGAATCAGGTATACAACGTCCGTGGGAGACCGTATGCAACGCACCACATCTGTGTTACACATGGTTTGATCACTGAGATGTAGGGAAACTACGTTGTTATCTAGGCGGCACACCGTCTCATGTGTCTCGATGCTTCACGGTTGTGACAATCGGTGTACCCGCCCGGTTATACGACGCTACCGCGATCTGCGACATGAACTAGGCACGTCATCGGGTGGTCTATCTCCAGGTGTGGTCACTACACCTAACAGAACATACTACCCTGAAGATACGAATGTGTAAGGACTAACTAGTATCTCACACTCCAACACGCATTCAAGCTCAGGTGCGACAGGAACTTGATACGTTGGCCTGGGACATTTCGTTTCACAATTAACTGTGCGGATCAGTGAAGTTGATGACGTAGATCCAGGAACTCCAGCCAGGCATCTCGTCGTAAGCCTGCCATGGTCGATTTGGTAGCGGCCGATGCAAATCCATATGTAGACTCGACGGCCGGATTTGACATCGCACGGATGTAGCGTCCTTCGGGTATTTAAGACCGTGCCATGCG,725,52.55,Arabidopsis thaliana
SEQ_237215,ATTACGTCCAAATAAAATCAGGAGCGTTAATTATCATGCATTAGGATGTGTGAAGTAACAACCCTGCAGGGATAGTCGTAGCCAAAGAAATACTGCTAGTTGGTGCCTTAGGGTAGAAGTCCTTTCCAGTAATGACCCGCTATAATTTGTATACGCAGTGCAGGACGACAATTAATCGGCCAGCTAACTCCGCGGATAACTTAGAGACTCGTTCTTGGAAAGGAATAACATGATTTAAATGTCGCGGCAATATTGTCAACCTTACATAACTAACCATAGGCTTATACGCCTAGCCACTAGAAATATCTCTGCCTGTACAATCAATTCCAAAACTTGGAGGAGAATACGGTGGATCGACGCGTTCATATATTCCTTCATTCCGCCAAGACTTAATGCTACAAAACATTTGGGGACAGTACTATCCTTGCAAATCATTGTCGCGCCCT,446,42.15,Escherichia coli
SEQ_516422,GACTGTTTTGACGGGGGCCTCCGCTCCTCCGATTTGTCGGGTGGACGATGTCATACTTCCATCCTCGATGAACGGCTGATTTAGTACCCCTCAGGGCGACGAAAGTATTCCGTAAGTCTCAGAAAGATCTGTTCTATTTCCTGTTTCGCGTAATGTATGGAGATGTCTTGGGGAGAACCGTATTCCCATATGAAGCTGTCGCCAATGATGAATCACTAAGGCGCTCCGCCTCTAGCTGGAAGTGTCTGCACCCGGGCCATAGAACTCTAGTTCGCTCACATACCACCAAGTAAGGGCTAGATACTCTGTAGCGAGAACAAAGTGCATTACTCGATACCTGCGTCGGTGAATCGTCTCCCTGCTCACCTAGGCGTACTCACACTTTATCTATTACTTTCTAAACACCTCATCTTGCCAGTACGCGATTCTACTATCTGGATCCTCACCTGCGGCAGTACTCATCACCTAAGCGTCAAAGCTGGGGGTCCTGAGGCTCCTCTGTTCGAGGTAGCCTGCCTTAGGGTGAGATATCTCTCGACTCTTGCCCAAAGGCCTTCAACCCAAATGACGCGTGTCCTAGATTCTAGGTTCATATACCGCAAAACCCGCGCTCGGACTCCGGGCAGCGCATTTCTTCCGATGGAGACCTTTTTGCGTCGTAATCTCCTTTAGTTGCAATTGGTTTGCGGGGAAAAAGAGTTGTTGTTCGCGACTTCTAAATGGTCTCCCAGAGTGATGGGCCTTAGTCCGAATGCCCACGAGACTACCTAATGGTTTGGGCACATTACATGATTATGTCTCCCTTTAAACGGGATCGCGCCCACATATTGTCGACGTACAGATGGGTGCAGATGCTTGCACAGGTCTCGC,870,50.57,Homo sapiens
SEQ_347886,GAGGCTGGAAGGTGCGTGGTCTACTCGTCAACAGAAACTTGGCGAAACGTTTGGTCAAGGTGAACGCTCAGCCATATTTTCTGTTCCCGGGTTAGGCGTTATTAATTTCGTATCCGACCCAGCAACGAAAGGAAAAGTCCATGGATCGTGCCGAGTCCGGTCTATGATGACGGTCTGTCGCCGTTGTCCATTAGGATATTCAAGTAAACGGTACCGGGTATTCGTGCGGTATCTTATTGGAACGGATCGAACTGGGAGCGTGAACTTCAAGGCGAGGTGCCTCAGTACCACCTTAATGTTGACGGAGGGCTTCTAGCACTGTGATTTCAGGCATCCCTAAGATCGTTGACTCAATGCAGAGAGATTATGCGTAGCGGGGACCCTTTGGTACTAGAATCTAAAGCTTGACTGTACGGTAGTTACCGTAGTTAGCGTGAGCCTGTCCACCACCCCACACGGTACTCGAAAGAGCATAAATTTCCATTAGAGGACAGCAACCCATACATTACTGTCACCCCTGCTTCCAGCCAGATGGCTAGTCAACGCCGACGGTTCGCGGACATAAGATGTACGCGTACTTCCAGAACTGATACGGCTAAGGATAGTTGCAGAGTGTACGAGGATGGTGGTAATACAAAGACGCTCGGTAC,650,50.0,Escherichia coli
SEQ_234222,TAGTAGTTTGAGTACTCTAAGAGGGCCTGAAGATTAACGCTGGTATCGATGCGAGCCCAGTCTCAAGGTGGAGGTGGTTGTGCGACGTACGACCTCGAGTCCGGCTTATAAAAGGAATCTTCATGAACCATGACTTCATGTTACACCTAGCTAGAATGACTCGTGCTACTCCGGACGTCGCCAACCGGATGCTGTGCCCACAAAGCTAACCCTAAAGCTACGTACAGCTATTAAGCTCAGATGCGTAGATCTGGTAGGTATGGATAGCTCGATAATGAGCGTGATGAAGAGTGCTTCGGCGGTAACAAACTATGAGACATGGGTTGTATTGGGCCTTAGCGTTAGGGCTTAGTGGCTTTTCCAGAGGATAGTAAAGGGCTATCGACGAGCTCCTTTAAAAAACGCACGATGACGCCGTGATGACCTGGTACCTCATCTAACAAACGGCGGGGGTCGATCTTAACTTCTATGGAAGGTTGACTCACCATCGCAGGGTAACTTGGGGAGTCGCATGGCCACGTGGCCTCCGTACACGCCATCCTCCGTGCGACATCGTCGCATCTTTTACCTAATTATCGTGCCATGGCGGCTTTGTTCCTAACCGTCGAGCGGCATGAAATCCACACATCTACAGGTAACAGTTAGAGAGGTACC,654,50.31,Mus musculus
SEQ_489560,TACAGTATATTCGCGAGATGTACATATCGGTTGCTCAAAATTCATGGTGGAGAGTCCGGCGCGTGATGCCTTCGAAGGCGATGACCATAAGTCAGGAAGCCGAAGTAGGAAAGTGAGTTCGCGCCAATCTAGCCCGGTTTATCTTAGAGTTCAATTCACGTTCGTGTGATAATCATTCGGCACTGTCAAGCAAATGTAGTCAAGGGATCGACCCTAGGATTAGCTTCGACGCAACCTAGGAACGAATTCATGCCGACCCACCAAAAATACCTACGAGATAGGTACTCGGAGCTCGACTCGGAGGCTAATGGCCAGAACTGGGTAGACATCTCCTGTTGAACCGAGGACACACGTCGGAGAGTAAGAACGTCTTCGAAATAGGCATTATCAGGCAGACTCCAATACAATTCTGATGAAGCGCCTGCTCAGCGATCCAATGCCAGGAGAGTTCACGACTTGTGGCGCGGCTGGACGATGATCACTTGCTGCAGTTAGCGGGCCCTTCACGCAGGGGACCAGTAGGCGGGTCTACCTCATGCCTTGTCCCTTCGTTAACGGATAGATCACTTTCCTGGCATATAACCTGAGCGCCTCTGCAGCGGAAGCCAATGGATAGTTGTTATCCTGTCAGGGCTAGAGGGAGTTGGATTACACCGCGAGGCCAATAACAAGCGCTGGCCCGAAACAATCTGTTGGCTAGGTATCACCTAATATGTGTGTTGAAGGTAGGCGACCGGGAAACATATCGGAACTTTGACCAGTGACGCCACCGCTGTTAATCGGACAGACGCCGTGCCGTGGTGCTCTCTTAGACAGGGCATATTAAGCCAAAGTTGTATCTGGGCATACTGCTTTTATCACCGGCGCGGCGAGTGCCAAAAGCTAGGACGCTCTCGTTGGCAAAGTTACCCTCTTCGTCACCCCTAAGACCCCTCGGGAGAATGCCTCGCCAAAGAGCACTAGCAAATGGTTCCATTTATGTTCGCAAAAAACCCCTAACCTTGCCCCTCCTTACCCTGACACTAGTGAACATAGAAGGTGGGTTAATTATGTTTGTGCTCCTGCTGATACGTATTACAGAACCGCTTTCGCACTACGGAAGCCTATCCGCACAGCAGATGAGCCCCAACGTGCCGTTATGACTGCTTGCCCACAGTCCTAAGACGCTCAGTTGGCTCGCCATAGGAGCCTCGTGGACACGGACTAACTCTGTATCAGTTTTGCGGGTACTTTTAATAGCACCAAGCTGGGCTCGCGACTAACGCTAACGCAGGGAGTAAAAAACACCGAGGTGCGACCGGGCGGATACTCGGCTCTTTTTACTATGAAAAAGTAGTTCGAAAGCAGCGCTAATCGTAATGTGGAAGTCGCAATCGTTAGCCTTACCAGTCCAGTGAATTACCCTGAATACTATAGATCGCACTCGACCCGCATGGACGAGGAATCCTCGACCCCGCGGCGTAGAGGCGTTCACTCCGCCGAAGGTACATCATCGTCCTGGATATTCTCCAGAATGGCGCCCGTATCGCCAAAGTGTGTGACTTGAAGAGCCGCGCTACTTTATCTTCCCTCATCAGTTTGAGTTTTAAATGATTTCAAAATGAATGCTGCTATAATGGACGATGCTAGCTGATATCCGTGAGTGATATTACCAAATGCCGAACCTCCGCACACTCCCCTAAATGATACAATGATCCAAGTTGATCTTCGCACACGTCAACACCTAAGCAGCATTATGTTCTTATCAATCCCTGGGACTCTTAGATTCTGGGCGAAGGCCACATGAATCATGCCAAAACAAACAGGAACAGTAAATTCGCGAGAGTGTCTTGAGCTGTCGCACTCGGGTATGACAGTGTATGAAAGTTATATACGAGGTCGCTACGAGAATATCTTCGTGGGCGCTG,1907,50.13,Drosophila melanogaster
SEQ_127737,TTTGTATCAACGCCTGGCGAATTAACGATGGCCGCAGGATGGGATTCACGGTGCTGTTCAATAGACAAGACTACATCTGTTAGCTGGGGGACGACGACGAAGTTACTTGGAAAGTTGACAAGCTACAAAACGTGAAGGCGTCAGGTCATTCTGTCAGGTCCAAGGGCAGAGGTTGGTGTGCCGTATATAGTTTCCGACTTTTATTAGCTTTTGTTGCCTATTCGATGTAGGGCCTAAACACCCACTATGCGACTATTAACAATTCCGACACGGAATAGTTTATAAATACATTAAGGGACCAGCGGCATACAGTTTGTACAGGCAAGTAAAGGTTACTACTTTATCTTCGCCAAGACAAGATTGCAAACGCATCTTAGCGGTCCTGAAATACGGCACCATTGGGGAGCGTTTCCCTTCTTTGTGTCCGAAAGCTTGTTGCCTGTAGATGTCAAGAAGAAGAGTAGATGTAAGTAGATAGTCGCTATCATCACTCAAGTTCTTTGAGTAGCGAGCTCCTGTGCTCTACCTTGCCGTGAATGAAGGGGACTTTCAAATGCGGCCTGCGAAGGTATGCGTGCAAGCCAACGCCGTGGTGAACAATAGGGCACCATGCTTGTGGAAGAATCGACGTGTCGCGGCACGTCTGAACCATAGGGTGAGCCAACTCTAGTTAGACGCCGTTCAACGAAGAAACGGACCATGCAAGGGGGAACAAACCGGCAAGCACTGTTGACGTAAGCGTCCTTAATTGTAGGAACGTTCTTCTCATTGCCTCGTCGTCTCTTGGGGATGGGTCAAAAGATCGCGCCAGCCCACACGCTCGAGTCGACGTCTACCTAAGGGACGTACACATTCAATACTGGATGAGGTTGTTATTGTGTAGACTTTAATTGCTAGTCGCTAATTCAACACTTGTACTGAGACTCTTAAGTCGGCGAGAGTCTATTATCGGAAGAAAGTGAGGCCCTTTCTATATAAAACTTTGTGATAATCGTAGTCACCACTGTGGCACGAAACCGTCGGGCTCCGTTGCGGGTGGCCTTCCCTGTTGCCAAATGAATCGGTTTCGAGCTGTCCAGTAGTCGTATTTCGAGCCGGCGCAAGCAAAAAGTGGGCTGGCCGGCTCCCGCGAAGGCTAATGTAGAATCCGTTCAACTGTACACTGGTTGCGTGAAGGAACGAGCCCGTTCATCTATCGAACGGTCAGCGGTGTCATAACAAGCCTTACCTACACATCAATCGAACTGCTTGTTTAGACCGCGGGCTTTCAATAATAATGGCAGTGATTACCGAGGCAAGCGCAGCGACGGTTAGGATTGTTACAGTCGGCGTAGGTTTTTGCAGACAATCGGTACTGGCACAGGATCATACGAGTTAGCTCAAGTAATCTGAAGTAGAATTAAAAGTTCAACGAACGATCAAGAAGCATAGACTGACAAGCGCTATGAAAAACACAGTGAGCGATCTTGCAGGCAGGAGTATTGTGCTTGTCCTAATGACAGTGTCGTCGAGCACCTCCATCTGATGCAACAACACTTGTATCGTCATACCCGTGGCGTTACAATTAATCCGTGCGCAGGATAAATCACTGGGACTCTAGTGTATCAGATGTATCGTACGGCTGGTG,1627,48.06,Arabidopsis thaliana
SEQ_977152,TATGTGTGGTATGAGACAGGCCTTCGTCCTAGTTAACAGACGCGGCACACCAGCTTAGAAGGTAAAGCCGCAAAGACTTATCTAGGATCGGTAACCGATGCCGCTTGAAACATAATAAAGCCCATGTACCAACAATTATAAAGAACGTTTGCCCGAAGTTGGGAGGCGCCAAGGCTGAAAAGATAAATAATCCGACGATATTCCTGTGGGGGAGACGGTGGATACCATACTCGGACGACGGCCAAGAACTATCGGGAGTGCTGTGAGGAGTTGGGTAAAGGCTCGAGGAAATGTACCCGACTTCGCCTTAACGCAAGCAGTTGGACTCTACAAATTCCTAGTCCACAATTAAGAAGGATAATCGGTCGAAACAATGTCGTGATTTCTGCAACTGAAGCTATCCAGCGCCGTGTATTTTTGTTTATAATGAGTCCGGCGTTCGCTCGTAGTGATCTGGAAGCTCAAAGCAGCGGCATGTCTGAGCCATTTAAGACGTTCTTGATGGAAGCCGACGTCGCGACCGTACACGAATACATCCTTGGTATTCGGTTTCCGTTACTACTTAAGATCGGGATCGCTACTTCACCAATGAATTATGTCCTCTTGCGGACAAGGCGTTCAACCCATTTCCTTTCACACCTGTGGAGCCGCGCTATGAGTTAGAAGCCAACCATGAATATGGCGTTCCGTGATCAGCGACTGACTTTGCCCCAGTCGAGACGTGCGCGACGTCGTCTCCGATACTGAGAACTATGCATTTCGGTCCCCAAAGTGCCAGGCTGAGAGGCCGCTTGGCTGAGCGCTGAGCTGTCACATTGATAGCCTTGGCAGCAGCTCTGGAACGAGTACCATCTTTTCGCAGACAGGCTTCTGCTGCCCCCTTAGCTCTATCACGTCATTGCACACCCGGCTTGACAGATGGCGCATGGGTCCCCAGGACGAGTGCTGCATGCAGCTGGACCCGTTAATTCGCTTTACGGCAGCTTCGCTGCCGCGAAACATATCTCACTGGGTGGGCCGGGGGGGTCGGCGTAATACTTTGAACGTCTCCCGGGTTGAAGCAGACTCGGAGTTCCCTGCCAGCTAATACTTCATCCATAGCATGCTCAGAACCTTCCTTTAATCGACTGGGGTAAATAATCTGAAACTGTCGTACAGAGATTATGAGTTCGCCCCCTACACCATCTGCGATAGACTTGATACGCTATAAGTTACAAAAGATCAAAGTGGGGAGGCGCTGAATCTCAGTACCTAGCAGATGTTCAAATATGCCATGCGCAGTCAGGACCTCCAGAGTGGTGGGCGCTCCGACAACTAGTCCATGACCCTTGAGTACACTAACGACCTCGGCGGCAGTGACAGCTCAAATATTCGTGTATCGAAGCAGGCAGCTAGCTGAAAATCCAGATCAACGAGATTGGAGTAATTTGACTTTGGCATTGTGACTCCCATGGCCAAATGCGCCTCGCCTGCCAGGATTAGAGTAGCTGTTTTCGATGTACGGCTATCCCAAAGCGCAACACTTTCTAGCAGTCAGTTCATGTATAGACCAAATGCCGAGTGGTAACAAAGCCCGACGAGTTCATTTGTGCGCATGGGCCTACACGGCCGTAAGTGCCCTCGCTCCGTGGCCTGAGTGTCAGGGCGGGAATAGTCGAACTAAGGGTTGAATCATCAGTCCCAAAACGCTAGGTAGTTGGCCGACGAAGCCCCTTGAGATTCATCAGTTGTCATGTATCCCGCATGCGGTAC,1752,50.97,Saccharomyces cerevisiae
SEQ_331926,GCCTATGCTATTAGTCGTGTTAGCATACCTATGTAGATACATGACTTTCGTGGCGTGATGTCCTAGATCAGCAACCCAGTACTCCTCACGGATAGGTGTCGTATTTAAATGTAGGTAACTCGATCAGGGAGGTGTCTTCATAGGTGGCACCTGCTAGGCTATTTGTCACTAGCTGGCAAAACGGGTATAGGAGACTGCGAGTAAGGCTAAGTATTTTAACCGCTGCCCGACCTACATGCCACACCTCCGCTATGCCGGGTTGACTCTCGATAGAAAACGCGGGACCCAGGCATAATTTCCGAGCACCTGTGGAATTAGGGAGGAGGTAGCGTTTTCAACACCCCATACTTGCGATGGAGGATAACGCAACGTCCTGCTAAGGGCATAGGTCAGAGGCTGGTACAACAAGGCGCCGATGCAAGCCGACTCATCTACACCTGCAGATGGGGCGCTTTCCCGGGCAAGCTGATGGTGCTGTGTAAATTCTGTATGATCGGAGTTACTTTGCGAAGATACTTGATCAGACTGCATTTTACAAAATGTAAAAGGAGGGACCGTTCGACTCGCGACATGCTTTAAAAAATTTCTTATACTTTGCAGCTCTCGCTAACGAGCACTAGACTAGAGAAGGATAGTCTGTATCTACAGGCTACGCGTCTTCCGCTACCATTTTCAATTGGGGCCCTATCGAGCTGGTGGGGTCCACGCCTCAGCCATGTAACTACCAAATATCCCATGAGGTTTCTACGCATACACACAAGATGGACACATAGGTTACTGAGTTACTCTCGGAGGGAGTATCAAATCCGGAATGTCGCACTGCGTCTCGTTTTTAAGTCAATATTACCCGAAGCCATGTATACGGACAGTCACGTCACTGCCTTGCTACTCTTATGCTCAGGACCTAAGACGTCGTCGACCGCTATCTCTAATCAAGATGAGTAAATACGTCACAAGTGTTACGTTCAGCTGACGCAGCGCGCGGTCCTAAGTAACTGTCTAGCGCCGTTGTTCTCGCGGGCGCGACATGCGCAAATCGCTTGCGCTGACCCGTCTCAGTATGGGTGATCGGTTGGATAAGACAGTTTCCCAACCCCTAAGAAAATCAGGGTCGACATGCGGATATTTGCCGACTACTGAATGAATTTGTAGATATTCGCCACATTAACCGAGTCCGATTTGTATCCGCCGCTATCGTTCTAACGTGATCTATCGCGTCTTCTAATACACGACTTCGGGACAGCATCTTGTTGTTGTCGGTTCGGTGTGCGTCTAGCTTCATAGGTCATCTCTAGTAGATGCTACACGGATGTGTACTAACTGTTTTCCAGGGAACGTGACCAACAGTGGGGGATGTCTTCAAGGACTTAATAGAGGGGTCACGATGGACTTATGTGGTTTCGGTAAACTTCTTTGGACGAAGGAGTGGCCACGCCTGCTGCTAGTAGCGCTGGAAAGTATTTTACACATGCTTCCATCCACTCCAGTTATATCGAACGCCAAACTCCCGATACGACTACGTGAGGCCAACTTCAGCTCAAAGGGAGCTCTATCCTCCGTAGGTGCTAAAATTACTTACAC,1581,48.77,Homo sapiens
SEQ_287351,GGGCGGTATAGCATTAGGAAAAGTCCTCTCCTAAAAAACCTTCGATCTTGTTACTTTATTCTTACTAATATAGAACGCCAGGGACTTATCGACACTCATACGCTCGACAAGACCACGCCGTGAAGCGGTGAAGTCCAAGCTGTCCAGAACTGATGGACCGGAGCTTCGAGGCCGTTTCCGTGGTTCACGCAAGAGCGCTACAGTCATGGCTGGGTGTGACACTATATACGACATAGCCATGCTGTGAGGAAGGCTAATCGATTTAGATTTGAGCTGATATTGAACATCGAGGACTGTCCAGCGGGCGCGGGGCACCAGCGAGGATGCTCCGGGCATTTAGACCTAAACGCGAATTATGGAGGAAAGCACTTGATTTATAAAGAAAACGTAAATCCACTACTAGGCCCCCAATGAGATAATCAAACGCTTCCGAATAGTACCATCCACATCGCTTGCATCTATGAGCGCGGTGCTTGGAAAGGATACAGTACTCGT,495,48.48,Mus musculus
SEQ_383688,TCTATCCCGCCAACGAAAGGTAGATAGACGTACCGTAATGTGCTCTGATATCTTCTTTGCTGTTTTACGTCCTACATCACCTTCGCGGTCTTTAACGTTGCTCCCAAGTCGCTGCTCTCGCTAGTGTATAAGTGGTACTTATGAGGATATTAGTCAATGTACCACATCTAGTGCGTTGCTCCGTCTGCAAGTCGATTCACTACCATAACACTCTAAATCCGGATGACAGAGTTGATGTTTTCGACTAAGGATACAGGTACTCATGATTTTCCAAATTTAAAAGGTACGTTTACTAATCCAAGCTATGCAAGTCGACAACTAAGCCTCGATAGCGGATAACCGACGTAAGTATCAAGTTCAATCGAAACATCGCACCATGGTGAGCATTAAAAACTGTAGCGTAGAACGATTCGTCCTGGCGACCATTAGCTTACAGTGGTCATAGTGTTTACCCACATTATCTTTCTGCGCCGGCATAATGGAGGACCATCAGACTATCCATTCGGTTCCCTGGGGATGGCAGGCCTCTAATGAACCGTCTGGCATTGTCACCTTGATTGAGGCATTCGCTCTCACTCCGCTCGCTCGATACGGGTGACACGTTTTGCCCAGAGGCCGCGAAGTACCTAGGTTAATGTACTTAGACTAGACGTGTCACAAAGTGTGATCGAAACCTCAGCCGCCGTCGGAGCCACATATTGACTGCGATACGTTCAACAATCAGTCGACCGAGCGGAGGTACAGGCTTACTCGGTGAAACCCCAACGCGCTTATTGTCAGTATGGACCTGGGGAGAATACTACCCCAGTTTGCTGGCATGTGGGAGCTAGTGTCGTAACCTTTGAAGATGCTGCATCTCTGTGGGGAAATTAGATCGTACGTGGAGTACTTTGCCCGTGTCTATCAATAAGCCGTGTTAGCTTTTAATGTAGGACTAAACGCTTAGCGCTGGTACGATCAAGAATATGAAACCCCCGTCACCTTTCTATCACGGTCCATGCGTGCTAAAGGAACCCACCAGGTGTAGACCACATCTGGGCTGGTATGCACTAGCCCTGTTTTGTGGGGGTGCCCGGACCTTAGACCCGACTTTTGTTTATTTTGAGAGTGAATACGGGGCTTATATAGGTAATAACGATCAGGGGCACAAAGGCGTCTTTCTGCGGCAAAACAAGAGACACCAGTTTAAATGTCAGGAAACAGCAAACCGACGTCCTATAAGGATCGGACTCTTCAGTACCAATTTGGCCCGCTGTCCGTACCGCCCCAAGCTGCTGCAGACTACGAGACTTCTGTACCAATGGCTTACCTAAGCGAAGTTGAGAAGGAGGCAGCGATAGGCATGACTAATAGACAGTGTAAGCAACCACGAACTGATGTAGGATACCGCGGTCACATTTTCCGTACGCTACTGGTCTGTGTAGCAGCATGCATACACGCAAGTTATCGCTAATTCAGGCCGTAGACGTAACGGTTGAACAGACCGAGTCAGCTGATTACTACGTGTTGTAGATTGGGAGTTGCCGGAAAGAAGGGAGTTGCGGGCACTCTCATACGGGTAGTATAAGCGTTTGCAATTCAACCGGTGGGTGCAGTCAAGGTCCTCGAACCGCCGATCCGGAGATACACAATTTAAAGACGCTGCCCTTACCTAACCTCAGGAACGACCCATAAACCGTCTAATGAACGAAAGCCTCTTGCGCTAGCTTGCAGACTCAGCTTAATCAGCGTAATACCAGCCATCCGGATAGACCGACCATATTCAACAAGGATATTACCTGTACCAAGGACCAAGGGGAATTGTCTTGAGGCTGCTTCTCTGTTGGTCGTCTCAAGTGCCGTTTAGGCTAAACTCCAGTGCAGCTAGTACTTGTCCCATAGGGCCCGCGGTCGC,1894,48.73,Caenorhabditis elegans
SEQ_328660,CCCTGGTTAATCGCATGCTCGACTACGGGATCCGGGCGACCTACGAATGTAAAGGCAATGAAGCTCCATCAGGATGATAAGTAAATAGCGTAGCTGGCGGCAGGGGTCGTACACGAAGGACTGATGTCTAGACGCTCGTATTTAAGGGGCTGCTATTTCAATGCTTAACACGGGCGTATCACTGGTGTAAACCGTCGATAAAACTGGGAATTCGCTAGAATCCGTATGGTTGTTTACCAGCCTTTACAAAACCAGGCTTGTCAGACCGGTAAGCACTTGGCTCAGTCGCGGGACGCGACTATTATGTCATTACGCAAAGGGACATAAGATTATTCAGAGTGACTTCTACCCTAAATAAATAGTATTGGCACTAATATCGGATATAACATGCCATGCAGAGGTGAGCCTACGGGCGTGTATCCTAGGATATCTTGTTAGTGCATAAATATGGAGGGGTCTCGTTCTGCTCCTCTATTTTGGGCAGAACGGAAGGACCCTACCGGTTGAGATTCGGTGACTCCGAGACAACCGCAGGCGCCAATAGAACCTAGTAGACTACGCCTGGCACATAAAGCACTCATCTCTAATGCAACGTCACGGGATATAGCTGGAACATAACGCTACGGCGCTACTTCATTTACCATTCACGGATATAAAGTGATAGCCCTCGGTGGGCAATTTCCGGATAGAACCGCGATCATAGGAAGTCGCATAAGAGGTTCGAGCTCGGAACATGTGATGGTCCACCAGTCCTACGGCTGCCACTTCTAAGCTAGCTACTAGGTAGAGAAAGACGGGTTGTTGTAATGCGCTTTTAATTGACCAGTTATCATGGTGCGGCTAGGACAGAAGAAGGGACTTCACCAGGGACCGATATATCTTGTGGAACCGGTTCGTTAACGACTGTGCACGCTTGGAGAATTTCGAATGCCTCCGGGCCAGAAGTCATTCACCATACAAAATCTCCTCTTCTGTCAACCGACGGATGTGATTATCATATTGCTGTTCAATGTCCAAAACCATCCCGTGATGGAGCTAGTGTAATTTAGCTTCCCACCTGCAGAATTACTAACCATCCGTGCTTGAAACCGGGGAGAAACTGAGAAGGCCGCAGGCCACTTGACCAGGCGGTCCCGTTCTGTCCAAATCATACGTCAGACGACACCAGAGTTTCTAGCTAGTTATTATAAATGCTCTCGCAAGCCCCCCGACTGCTCGTGTTTGGGGCGGGACGCGGAGCGGTCGTTGGGAAGTTCCACCCACTTCCTATTTCCTAAGACGGGATTGAGATTGGGTTGGAGTTGTGCTTTCTACGGGGGTCGATACAAAATCCAAAAAGGCGTTCTCGTTCCCATTCGTGAAATGCTCTTTAAGATGTATCAGCCGGCAAAGAGCCGCCCCGTCCGGCCGTCATGAGAACTCCGCCCCTCCCGACAACTAAAAACCTGCTACCCACGCTCGCGACCGCG,1469,49.83,Homo sapiens
SEQ_631997,TCATTTCACGTCGAGTGCCTTGTGTTCACCCAACTATCGTGACCATAACCTACATGGGGAAGGATACGCACTCGCGGTGCCCAGACAGACCCCTGGGCGCCGTCTACTCTATTGCCAGCGTACGGGTGCCTGGGTCGCTTGTTCTATAGTTAGGATCTCCCTTGTGCCAAGGCACTAACATGGTTCTCACCTTTCGCCCATTTTACGTTGCAAGTAAAGATTCGCCACTTAACGCCAGTCTGTTGACTTGGCGGGGGCTGCTGGCAGGTGGAACGCGGGAATACTGCGTGCAGCCTCACAGAACCGGGAGGGAGACTCGTAGCCTACGTTCTGTTTGATGGGCACTAATCCAGCCGGGTCCCCGTTGTTCCAGTATGTCGCCGACTGAGAGACCTGGCCGGCATTACCGGTTTGAAGTTCGACAGGCTTAATCCCAACCTCGAGTCTCTTCCGTAAAGTCTGTTGGGGCTTTCAGCCGCGAGCGGGCCGGACGCTTATTTGCCACGACATACATCTTACCGAGACCTGCTAGCTTTTACGGGATAAACGAAGCCAGGCCAGGCTAAGAGGGATATTTAGAGCGCAAGGCCAACGTTACAAACGCAGCCAATCATGAAAAGTTGAACGTGCTCGTTACGAGGAAGTCGAAACGGCCTTTAAATCAGAAGCTCATTACACTGTACAGTT,687,53.42,Saccharomyces cerevisiae
SEQ_522048,TCGACGCTGAGGGTCTCGCTTGGCGGTAGCAAATCCTGCGATCTGAGGGTAGACATAATTGAAGTTATTCAAACGCGCAGCTTCTTTCTCCAGGTCGTGGAAACACAGGAAATTTCGGATTTGAAGGTTACCACAGTGGAGACCAGTATTTCTAGTTGCCGCTGAGACCGAGACTCCGACGCATCAGAACAGCGACCGGAACTAAAATGTAGAACTGTGTTCGGCGTTTTGAGTAGCCATCTGCTTTAGGGATCTGGGCGGCTGTCAACCGTGTATTTAATAAATCCGGGTCCCTGCGCATAGCTCGAGCGGTGACCGGGACTTACGCCTATGTTCAAATAGATCGCCCCCCAGTTCAGAGATGCCGAGCCGCGAACGCATGAGGTAATTCCTGTTATGTCGTCGCTTGCATGGACACCGCAATCCAGGAAACAGCATTCCACGGCAGTAGCTCAAACTAAAGCTGCACGGTTCGCAAATTAGCAATGTTTGCTCTCCGGGTCGAAAGGTCTAATGCATGGTAGTGACCATGAGCAGAGAGTCCGCCCATAACAGGATGTGACCGTAATTTGAACCTCCAAGCACCACAATATTCGAGTCACAGAGATTAGGCTTAAGTATATGGCCATATCTCCGCTAGGCCATCTAATATCACGCCTTCCTTTCTGAAAGACTCAGCTACGTAATACATAATGCAATTTGTCGTGTGGGTATCCCCTTATCGACAAGCTGGCTATCGTGTGCTAGCGACGCATCATGTCTGGCGGTGTTTGTACGGCCCCGCGAAGGGTTGATCGGAGGACACTTACTTCGCGAGCTCTTAGAAGTTGGGTTTTCGCTTTCCGGGAACGAGAATGACAGCTATAAAGTAGAAGAGGAGCGGGAATACCGATCAGCGAGTTGCAGCCGAAGTGTCCTAAAAGGGGCCCGGGACGTAACACGCCGGACGACGCAGTTCTGAATCTTATACTCTATAGTCACGGGTGGGTATTGTAATTAACACCCGCCAATTTTTCATACTACACCGTTTTAGAATTTGGGTTGGCTTCTAGTATAAATTTATATGGAACTTTTTTTCACTGACTCAGGTTTCACTACATACCGTCCCGCATGTTCGAAGTGTGAGACTTACAGATCAGCGGCAGTTGATATCCCTTCGCTCGATTTGTTCCGTTAGGAGAATGGAATGTTGTGACATCATTTGAACGTGAGACGGCCCAGCCAGAGCGGATCAGGATTCTTGTACTAATTCTAGAAACTGAGTTCATCAGGCCCAACACCCGTAGACCATGGCAGGGCTGAAAAACATATTATCCGTACCTTTTCATCTACTTCCATCAACCAATGTTACTATGAACATATTGTAATGGGAGACTACTGCTCAATGTAGGTCATGACTACCACAACTCGTTTAGTATCG,1420,47.89,Homo sapiens
SEQ_654042,CTGGGGTCGCCAGAACCATCTGGCAGGGCCGGTGGTACCTAGCCTCAACGGCCCAGGCAAACCGCAACCTGGCCTTAAGACGACAATCTAAGACTTCATATTGTTGATTACTGATATGCAGCCCCGAACGATAAGATCAAGTAGCACCGCTTGACGCGGGATGCACAACAAGTGGTACAATCCCCTTCGCCCATCTGGAGCACAGTAAGTTTGCAAACAACGGTTCTTTGCTCTTTCCCCGTCGAACAGGGATGGTGTCAGATAGAGTACAAAAATAGTACGCGTTTGACTACGCAAGGGGTATCAGAGATTCGTCGGATCGACGTACACGCAGAATGCCATTTCTTCCGTTGCTGCCAAAGTGAGTGTCGCTATGAGCAGTAGATGCCTTGTAGGGCGTGGGGTCGCCAACGATGTACGAGGCACGTCCTATCTTTGGCCTCGGCCGCGCTGGGTCAAATTGATCCCAGCCTCGGCCGAGACGTGGCTCACTCAGGTCCGAACTTCGCCGGACCTTCTGTATGCGAATCACTCAAGGGTCGCATAGTGGCCTAAGTACTTCGGGTCTCAAGTCGAATGATAACGGAGATCCTCAGCAAGGCAGGCCTCGGGCCTGTACTACCCATTGAGGGTTCGGTACCGCGCAAAGCATTCCCATATATGCATACGCCAATGGTCCGAGGAAAATGATAATATCCGGCCGGCCTTCGCTCGACCAGTTTGACGTTTGGTGTAACATACCCTCCTGCCGCACGCCCCACGCTACCTAACAGTAGTTACCAAGAACGAGCGGTTTCTCCACCCGACTGGCCTAACCACTCACTTATACACGTTCCCCAGTAATCTGAGAGAACGTTGTCATATCCGCGCCTACAGTTACCCGAAAGGCTCTTCTGAAAGTGTGACGGTAATATCCGCGATACTTGCTCTTTAAGGTTTTCGCTACTATTGGCTTAACAATTATCTGACTTCGAACTCGGCGGCAAGACATGTTCTCTCCCAGTGGGCCGGGAATTTGTCTGCCAGACCGCCCACAATGGGACCTGTGATGCGATTCTTTTGGATGTCTAAACCGAGTGCATGCAGAGTCCAAACCCGAGCGTATAGTTGGATACTCGGGTTGTGTGAATTGGACCGCGGCAAGATGGCCCTGTGCGTTTGTCATGTGTCTCACTCATTCTTTAAATAGTCCGCCTCCCACTTGGCCAGCAGGCCTCGGCTACTGAGCGAATTATACACTGAGCCGGACGTTGGAAGCCGTAGCAGTTTGACCGACTAAGCGAACACTTTCGATGCAGGGCGGATCGCCAGCCCAAGCTTACATCGGCAGCTATGACCGTCAAGTCTAAACTGGAAAGATAGGAACGCACATATCCT,1377,52.65,Drosophila melanogaster
SEQ_950154,AGAAGTAACATGGTGAACCTGGACTAGCGGTCTTACGTTCTTTCATAGACACGAGGGTCTATGTGACGATCAAGAGACCCTGCGAACCCCTAAACTTCGTATCCTGAAGAACAATCGAGACACTACTAGATTTTCCTGAGATCGACATCTTGTTGCAGGGATGCGACAACCGTAGTGCTACTGTACTGGGGACTTATGGGCAGCATAGACAAGTCAAGTTACTAAATGGAATCGGTTTACGTATCCGAGGCGAACGTACCGGTGGGTTAGTTGAACCGCCTTATATTCCCTGCTAATATTATGGCCTGAATTGAGTCCCCATGGAGGGGTTGTTGGCGTATCATCTTAAAATCATAGATTAAAATAGCGATGTACCTCGTTCTGTCCCACCCCAAGAGGAATGATCAGCTCCTGGCGATGAGACATTAGCGTGAGTTTCCACTACCTGTTACCGTGCTTAGTATCTACGCCGATTTCGTTTGAAAACCATTTCAACGAAGGTCCCCCCACACGAACTCCTAAACAGGGTCTCTATATTCATGTTACTCCAGCGTTTACCAATCCACTGCCCTTCTTTTGATCCGGGTGATTGGTGCCGCAGGCCCCAGCCAGCCCTCCAACGGGTGTACAGTAGTGTTCTTATGTGAACCTCAGCACGGCCGACGGTCCCACCGGTCACCTTCCGCGGGAGCCGATTCGGTCAGATATAAGCGGGGCAAATTGTATTTAACATGCCTTGCTTACGAAGAGCCCATGTTGCGCCTCTTGTTCTCTCCGAGCCAATTCCTAAGCTCCTGAAAGGACTACGTATTCGCGCCCCGTACGACGCGAGTAATCCCTCCGGCATGCATGTTATTCCCCTGGGGGACTAATCTTGGGACATTTACGGGATGGCGGGGGCGGAAGATCGTAGCTCACCATGCGACAATGACCTGAGATCGTACCCCCGATGTCAGCACGACATGCTCTTTGACCCAAAGGATACTAGCGCTCCTAAAGAATTCCGCGTCTCATATCACTGGGAATCCCATTTATCGCGATATAGGCTCGTCGCATGTAAACCACCATACCGGGCGTTTTTGGGTCCAAACATAAGACCCGGTCACGAGTTAACAACATCTGGTTAACTAAAAGAAGATACATTCGTCCTGCTAGACCACTTCTTCAACCTCTCGACTCGATCCGGTATGGGGTGCCTGGGACAATTTCTTTATGCTGAGACACCCGGTCCTCGACACGTGAGTCCATACAGTGTGACTTATTTGGTGTGCATCTCGTGGCACAGGAAGTTGGGGATATCGCAGAACAAGTTAGTTAGAACGGGGACCTTTGCACATTCGTCAATACCCAGACCGAGTTGTCATTTCCGGTATTTCCATAGGGTCCCTAGTGAAGAAACTCCATGACACCGTAACTTTCCTAACTCGGGTTACAACCCCAAAATTAGACACTGTTTAACTATCGTCTAAGATTACCCGTTTTAGTGAATCGCAATCTTCTGCCGGGTAGAGTCCTTAGCTCTGTGCCGTTGCAACTGCATGCCGCGAAGTCCGCGGGCACACGCA,1565,49.65,Arabidopsis thaliana
SEQ_354751,GGAATTACGCACACGGTCTCAGCGCATTCGTTGCCGACTGATGACTCTACCCTAATTCCGTAATATACAGAAGTTGGGACCAACCTCGTTGTGGTACGTGACAATCCCGAGTGTCGACGACCCGTCCGTACTTCACTCGATCGCCCTCTTATTTCATACCTTGATGTTAAAGTAATCGGGGGTACCAAATGACGTAGTCGAAATAATATGCCCTAGATTCTAGCTCCCTGTCCGAGCCAGATATCGACCACGGAATGTGCTTAGTGTTCGAGTCAAGATTAAAGAGGGCAGGCATAACCTCGCAATGTTAGGACTTGTTCATGTAGCTGTAAGTGCCGTGCATAGTTTCCTAGTGCGTGAGCCTTATGAGTCGTCCATCGTTCGCCCCCGATCTGCCAGGTGAATATGGCCTTAGCAACCAAATGTCTAAAACCGCCATAGGTAGTACGTGCTTCTATCTGCCGCCTGGTCGCAAATATTCATTTAACGCTGTGCCTCTCAACCAGCGTGAGATTAGGGCATTCTCATATTATCGGGGCGGAGTTCCTAGCCGTCACTTGACTTCCTTGAATACTCTGTTAAAGCAAATCGCTCCTAGAGTGTCTATCTCAACATAGTATCTGAGATGTACACTTGCTACTCTGGCAACATGCAGGGCTCGTAGATTAACTCCAGTCCTGCATGCAGAAGAAGCAGGCTAAGCCAATCAGGCAATACTAACCACATTGCTTACAATGGCCCATGATCAGTCGTAGTTAATGTGTCTGCACCAAGCGCGTACCGAGGCGTCACCCTGTGCCGGTTAATCGCCAAAGCTATTTGGTTCGCCAGGAATGGAGGCAGCGTAGTAGGCGAGGAATCCCCGATTGAACCTCGACACTGCCCCACCGAAGAATCATGATTGGAGGCCAAACCTCTCTTTGCAACGCACCCGTGCGTAACGGGTAAAACGGCAACCGGCCACCTAAGTATGCACAGTAAGTGGAGAGTTCCGAACTGTGTAATATTCTGGCCGAGTGACATTCACGGGGGTAGTTTCGTTTCGGAGCCCTACATGTCCTACGCATTAAAAATAGGTTCTGTATAACTCTTTTTACCGCGCACGGTGGACAACAATGTACAACTGCGCCGTCTCGACCTGTTGCCGCGCATATTAAAAAGAGGCTTAGACTACTCTGCTTTATATAGGTGTTTTAGTATTATGGCCTCCAAATTTCGGCCCCAGGTCGACTAGCTAAAGCCACCCAGGTTTGCGGTTTGCCCGAGGACAATTCGGAGGGGTCGAAATCATCAGACGTACAGCGATATCGGGAGTCAAAATCATCGCCATGTGACTTCTGTGCGTGAAGAAAGCTAGCTACGGGTTTGATTCAGTCAGCAACGTGAAGCTTCGGCTGCAGGCAGGCGAGAGCCGGTGTGCAGGCAGCTTGTTAGTGTCAAAAAGTAAGGCGCATATTTGGTAGGAGCTATCT,1472,49.39,Homo sapiens
SEQ_622756,GTAGGAATGAGTATTCAGGACTTCATACCCCGTACTCAGGACCTGGACCTAAGGGGGCAGACTAAAACCGCTATGCCCAGGTCGTGCACATCAAGGAAGGAGTCGAAGGGGATCGTTATACTGTCGTGCGCATGCACCCTGGTATCAGTTTCCAACCTTCGGGAGAGACGACAGATCAACACTGCTATGAGGAAGCCCTATGGCCCAATGTACACGGAGTAGATCACACTGTATCAGCTTGTTATTAACATGCGGATATAGTATAGTAGCATCGCCTCACGTCTGCGGGCGCAAATAGAAGGCGGGCGAGTCGTAAAATAAGGCGAAACGAGGGAGTCACTGAGAGGAGTTGTTAATATCTTACCGTAGTAACGGACTCAGCTGACTGATTGGGCCGCTAATCCGTCTTGTATAGTTGTAGCCGCAAATGCCCCCAGTTGCATGGCATGCTTAGCTCCCGCCCCCCTTGTCCTAGGCTAGTGGTGGGGTACAATAATCAGATACTTGCCCCATGAATCCCCCTGGGTACCGACCTCGACGTGGCGGAGTGAGGTGCAAAGCGGAAACTAGGAAGAATCCGTACTGTCCACGCACGTACGGAGCCTATCAGCACTAATATGCACACGTGTCGGTAAGCACGAGGCGGCTCATATGTGGGGCCGAGTATGGTAGGCGTTCAGCTTAAGGATCCATTAAGGTGCCACTGGAGGGTGGGCAATACAAAGTCGATCTGGGTTTTACACGTCGATTGCCCTCGATTGATATCACGATTAGCCGAGCAATAGCACCGCAGTAAACCTTAACGCGACAGTAACCCATGAGAGTATTCTGAAAGCCCGCTTACCTCTCATGCTCGAGTATTGCGTACGATGCTTACACCATACATATGATCCCCACCGAATCTGGGAACCATGGGGATGTTAACAGAGGTAGATTTAAAATCTCCAAGATCGCAATAAGGCATAGACTCGATAGGGATAGTTTATGTATTAGGGACAGAGATTTTATTGCACGCCGCACTGAAGCTCCATATATGATGATGATGTCACACTAGGAGGAGGTGCAAGTAAGGTGTCCTCACCCCCAACCTCCATTTAGCGGCATAGCGAAGCTTGTAGACGAGCAGATTCATTCTGGGCTGTTAGCCCCCCCAGAGGTGTAGCCAACGCCGGATTGACTCTGGATCACATTGAGGGGGGGGGTCTTGGTAGTTCTGTGACAAGTTTTTACTTAGTACATAGATTTCATAATGATATGTTCGCTCAACGAATGACTTAAGTACCCGGACTCTGACGGGTGTTATGTGAGGTATGTCCTCTCAAGCTCCTTTGTGTACGTTTACCGCGCCTATCTACCGTCTCGTTAGGTCGTATCCTGAGCACTAGACGCTTCTGCTGCCAACTACGATGTCCTCGATCTAAGGCTCAAAAGCATTATCAGAGTCGAAATGTCGAAGGTTGCACTTTTCAAGCTTAACTACGTTGATATTAAGGCTTTACACAAGATGAACAACCCTATATTATGTCCATGTTATCGCCAGTAGAGTGCTGTTGTCTTCA,1559,49.01,Homo sapiens
SEQ_701948,GAACTCGGTCTGGAACCCGTAATTGCGGCGCATGGCCCGCCTTACGCGTATTCTCCTCACATCTGATTTACGTATTGTACCACCAAATCGATCACTAACCCCGGGGGTGGACGCGTCATCTTCTCAGCTCAACAATGAACGAAAGGTACAGAATCTGATCTTGGTGTCAATACCCGGTGGTCAGCTCTAGTGTATATTCATGACATAAGTAAAAATCGCCAACCCAGACGGTGGTAAGTGTGACCTCAACTACCGGTTTTCACAGTGAGGAGAATATTGGTTGATTCCCCTCTTTGGCTCGTATTTTTACAATGGTGGCAAAGATACCGTAAGCTAGACCCCGCGTGACGACAGTCGAGACCAGAGGACACTCGCGGACCGACACTGGGACCACTGGCACGCATTTTACGAACTGGTTGGTGCCTGCTCGGTTTTGCAGTGAACTAAGTGCTAACTTGGGACTCTTAGGCTAGCTGAATCGTAATATACATACTAATTCTGAAACGATTATTCGTCTCTTCCCTGCTTGCTTCGGCCTTAATCGGGATGACGCCGCCTAAGCTTGGTCGACTTAATATGGGGTTGAGTGAATAGACTTCCTAGTGCCTGATTGAGAGTGTCCAAACATCGGGCGTTTTCTGCACATGTCCAACACATACTTTCGAGAAGGACACTCAAACTAGAAATTGCAACCCCTACGTCGGCACAGATCCTAGATAGCTATCGACAGGGCGATCCCAGCGTCCGTGCGACGAAGGATTGGCTTCGTTGAGGTATACGACCCTAGTAAATAGATACAGCTACGTGCTCAAAAATTGTTGAGGTGTCAGATGGGCCATTCGCTGACTGCAATGCGACCAATGCCAAGGGGAGGCGATTTCGCCCCAAACTAGTTGAATGCGCAATATGGCCAACCTTTCTAGGCTGAACTGGCCTGTTGACCTAGGGAGTTGCTAGAATACACTTGACTCTCATCCATCCCCAATGACGAAGGAAAGTAATATTTCCTTGACAGTATCGGGAAATGCTTAACAAGTGTAAATCGGTATAGGTTCCTCTCGTGCATTTAGGGATTTAGTAACGTGCACAGACCATTGCTATGCTGAACCCTAGCTGCGCTTTTTGCCTCGTAAACGCGATCTGGTAGGTCCAGCTGAGAGCAGGATGTACAGAGAAGACCTCGCCTGCCCCCCGTTTGAGAGTATCATCGTGCGGCCAAACAAGTATCCGGTTACCCTGTGGACGAGATCATCGCTCAAGACATCTGAAGGACTGCACTCAATCAGTGACAGGCCCTCCCTCTAGTGGGTAGGCAGTCCGGGGGCTATCGCCGAAACCATTTGCCTGAGACATCAATTTGCTCCCCTCACTAGAACCCCGAGATCAAACTTTGGACATACAATGCAGTGAGGCCAGGGACTGTTGCCCGGTCTCATTCACTGCGCCAATCAAACCCCAGAATGCGCTCCTTACCCCGTCCTGCCACACGAGATGACTACCCAGGCAGTGACACAGAGGGCTTGAGAATGTTGATTGTGTCGAATTCCCAGGTACGCCACTCATTGACCACGGAGGATTTCGCATCTTAGAATTCCAGAGATGAGTGGGGACGCTTGGATAAACTTCCGCCGCTCTTCGAGTATAGGACTAGACAGGGTAGCGTATAGTGCTAAAGCGCCAGCATAAATTGCTCAGTGCGAGCCACACCGAAGTCGAATCTAAACCTATGTCCCTGATAACAGGCCCGTCCACATTAAGGACGAGGTGTTGGGAAGAAGGAATTATTGTTCCTTCAGGCCGCGCAGTTGAGATAGGGTCGAGTTAACTTCCGCTGCTGTTATTCGTGGTTCTTAACACGACAGTTACTGA,1869,49.87,Arabidopsis thaliana
SEQ_845056,CGACTGGAGGACAATCACTCAGTGCCTACTCGCTCGACATAAGCCCAAGCTTCTTAAATTGTGGATTGCGTTAAAGATTCGTCATCTATAAACGGACTGGCTACCTTAGCTTGGAAGAGGAACTGAGCAGTAGTGCATGCAACGACCACCCCACGTTCACATCAGTAAAGAATGGCTATAGGACGGTGATGCGATTGAAGGCACTAATAGTCCATGGTAGTCTTTCCCTAGAATCGAGTTCACCAGTCCGACTCGATAAATCGGCACAGGTTGCGCAGGATTGGAATTAGAATTTAAACTGCTTGTAGTTTTTGCGACTTGTTCTACCCTGGCCAGCGGAGTACCACTGTAATTTGAAAACTTTTCCATAAGCGAGGGTTGGTACCTTTAGATATACCTCCTGA,404,45.79,Homo sapiens
SEQ_368197,CAAATCGGCACACGTCTAGTCGGACTTTCTGGTGTTTAGAAAGAAAAGCGAAGTCTTACCAAAGCCGTCCATCCTAAATACGCAGTTCAGCTAAGCACAAGTATGGAAGCGATTCCAGACCAGGCGCCTACCGTTAAGAGTCCGCAGTGAGGTCGTAGGGACAACATTATGTTGACCCCTCTAGGTCACGATCGATTCGCGGCACGTCAGTGCGAGACACCAAATCCTTACATCGCATACCCTGGAACGGGCTCAAAAGACTTTACAGAAGTCCTCCTGACCATGTCCCAGGCGTGAATAGCGGAGAAGGCGCCCAAATGCGCACAGATCGCGTCTTACTTACTAATTCACCGGGATCATTCCGCGGCGACGTGTGCATGGGCAAAATGAAAACGCCCCGAACCGGTAACAAGTATCCGTTGCCGAAGGAGACTAGTGTAGTTAC,445,51.46,Drosophila melanogaster
SEQ_279911,TGCCCAGTTCATCTCCTAATATTACACCAATCGCTTGTGGTCTAGTGTTGATACGGGGTCAAGATTCGACCTATCAACCACTTTACAGGAAATTGTTGCGCAGGACCACTCATGCCCTTCGTGCCACTCACTCACTCCTCATTGGTTTAGTCTCCTTGGGAGTCTCTTCGGGTTGGACTTTTGGGTGATCAGGGTTCAGTTGAGGTCATTTTAGCTTGGATAGATCGCTTTATCATGCCGAGGATCTTAGTGGCCCGCGGCCAACTTTTTCGCCTGGGTTTTTTCATAGACGTCCCGAGTAAGGTGAACAGTTCGGGTTGTATAGCTGTTAACCGTGGCCGTCCCCTGACGTCGATAGGGTCAGTCGTTCCTGCTCTTGTCAAAACCCAGCATAGTACTTGCACGATTTTTCTACCCTAAAGGGAGTTTAAGCAAATCGACTTGATACCGCGTATCCTGAGTGGAGGCCACTCCCGTCTAGCATCGCTCCGGACCGGTGACAGTCCCCTGGGAAGTGGACAATGCATCCACCTACCGGACATTAAGGTCGGGCTTCATCCGCAGAGGATGACAGGGGGGAACTGAATGTGACCTTACTCATGAGCTTAAGGTAACATGCGTGTCCTAGCAGGATGATAGAGGATGACGAGAGGAGAGAGGGCCAAAGCATTTATGTTTAAATTATCACGAACTCGCATTATCATTGCTAAGAACAGACTTTCTTTAGCTTATGTGGATCCTACGCGGTCGAATTACCACTTTCAAGACTGGGCCAACACCAGAGTCCAACGTGCACCTATTCTTGTGGTTATGTGCGGTAGGTAATTAACACGAACTGAATGTCAAGTTTTTCTCTACTGCATTTAAAATGTGCATGAAATTCGGCCATTTTGGAGGTTCGACACACGCGACGTTTCCGTACTGCTGTCGTTCGTTTTTAAAACTAGTCTTTGTCGTTCAACGCGATCATCGTAAGTATGCTTGATGAGTGGGTACCAGTGTGATGCGGCACAACGATCCGTTGCAAAGTTCTCCGACCCTGACACTACCTCGTGAGCGACGCCGTACCGTACCAAACTGCGGACCAGTCCATAAGCGTAGTTACTATGTCTTTATCTAGGAGAGACGAGTCCTTGTCCCACAAAGAGTCAGCTTTCGAGTACACTTCAAACGCCGGAACATGCACACATTGCGCCTACGAGGAGTGTCAGCCGGTGTGAGGTACACTCACGACCTTCGTCAGACAGCGTAGGATACATCGAACGACTCACTACCTGGATATCGGATCCGAAGCATAAAGATATGTTAGCTCTGTTCCCGTCGTAGAATTACAAGTCGGACCAACAACGTCGATTAGAACCGATATTCGAATCGATGCTGGCACGAGAGTGGTTCCTGATGGTGCCGGACCTCTGTAGGCCATCGGGCTGGATGGAGTCGACTTATCACAAAGGTAGCTGTGTGCGGCCTTAGGAGTTATATTATCTCAGACGTGGGAACGGCCTAGAACAACCATGTTTTCCCGTATCTACTATCGGTGCTGGCCTAGGTGTGTTGTATCGTCGACGATAGAAACGGAGGGGCGGAGGGGCATGACCATGCAAATCGACGGACGATAGTGCGTGAGGAAGTCTGCTATGGCGCGCATACTGCCTGGGCTTCTCTATCCTCGAGCGGGGGTTGCCTGACTGTTCGTAGTCGCCGCTAACATTCCTTAGTAGTATCCGAATGACATGTGATTGGGGGGGGTGTGGGGACTGTACCCGCTAACTACCAAATGGGTTCATCAGAGAAGCCGGACTCGCTAATCAAGGATTGCGAGTGGG,1826,50.0,Drosophila melanogaster
SEQ_730134,TTATTTTCATGAGTGTTTGTTATCCCTATGGGTCGATGCTTCCGCGGGCTGTACCTTGTCGTATGATCTAAGGTGCCTTGCTTCAAAGTGGCCCTATTGCAACGACATCTCTTAAAACGAGCTCTCACCAGGGAAATTAATGCTATCGTTTCTCTACAACGCTGCGAGTTTGCAAAGTACAGATTCCCTTAACTTCTTGAAGTCATACCAATTACTCTGACGTAGGCTGCAATTAAAAGGTGACAGCCGTGGACATTGGTTAGGGACGGTCTCTTTCTGACTCCTAACCTTACCTTAAATGTGGAACTCTTTTGTGATCCCTTTGTCCGTGAATTGGTGTGGATGGACATGTGTAGGGCGTGCTCCGAAGAGGGTCCAGACACGAATCTTATAAGCTTGGAGTTGGGTCCTCTACTCGCCGGCGGTAACGACATGGAAAAGTCGTCGTGCGGCGGGAAACGAAGTGGCTAAATTTATGTATAAATTAACGTTTTATGGGTTGTCTTTCGAAGCGTCGTGGGTCATGAAAAGGTGGTACGGCCACTCGTACATCATCCATTCATCTTCTTTCAACTTAGTTCCTCACATTCCTCAGGACAATTTAAGTGCGAGTATAGGGACTAAGGTGGTTTATTTCATGACATTCTCTTCAACCACAGGCGGTTGGAGATGTGCGCCAATCACTCTTGCGGACACCCACGTATACTATATAGAGGGAGCATACAGGTCAGGTCAGGCCGGTCCTTCAGCAACTATGATGCAAACCTAGGGTTAGCATGTCTTCAGCGGTCAACAACTTTATATAGTTGTAACAATAGCTATTATCATACGTTGCGTAGACACTCAATCGGTTCTCCTTGGACATCTTCAGCCATCTGCCTCAGTCTAGGGATTACAGCTGATTCGGCAGCGGAACCTGAAC,922,46.1,Mus musculus
SEQ_198747,CTCGATTGTAAGTTTCCCACCTGATCTTTGGTCATGAGCATTAACAAAACCATAAAGCAAAGACCCCCCTAGTCGGCACTTCTCCACATAGCCATGGCCCCAACCAGAATGAGGGGTATCTAGTGATAGCCGTCAGTTTACTCGGACGGGCCCAAGGGTAACACCACTTGCGGTGGTGACTAATAACCAGCCGGGAAGCTATTAAGCTACCAGATTACCACGATGCGGATCTGCGCTTGTTGGCTTTGCCTGCGACTTCTTATGATACTAGGTGCCACAGGCCGAGAGGGACGGTGGTGGAAGACACGAATAACCATGTAGACTGTCCAGATCTAGCGAGCTCCAAGTCGAAAACGGCCATGATGATCCACTTTTGAGGGCGGATGGCTCATGTACAGACGACATGAGAGATTTCAATCGACTTCAAAACCTAACTTTTCGCCACGGCACAATAACGGTATTTGAATATCATCGGTCAAGCATAACTTGACAGGCTACTATAACCTCATCGAGCGTCAGTCCGCAGCACCCACTTGGGTCCGGTGACATCTACGCGCGATTCCTCCGTATCCCCGGCCGTTAGAGTCGAGAGAAGCCCGCTCGTTGTACAACAGGACATTCCGTTCCACTCAACCCGTAAGCAAGATGGCAAGTTCTACGGGAAACGGCTTAATGGGTAGAGTATCCTGTCTTAGGCAACGCTTTTCTGGCTGAGGATTCCCTTATGCCCCCGTTGCTGTCGTAAGCGCTATCGTTGTCACCGAATTCGTAGGGATTATGCAGTGGCAGCCTCAGTCAGTTCTACCCGATTTAGAGACCGTAGGTGATCGCCCGCAAGGCCGCCATCCGCGTATCACAAACTGCCATAGCATATTGTCGACCCAAAGGTCTACACGAACCGCACCAAACTACTGGGTTCTGACGGATTTCGTGCACGCGAAATCTGCTAGCTGTCCGTAAAGATTGTGAGGGCACACAAGTCAATTGCCTATTTGAAGACTGCGATAAAAAACTTCCTCTTGATGTGGAACGTCCTTGAGGCTCTGCCAGAGTGGGGGACTAACGCAAGTTCACCCACACCCCCATATTTCCGTGCTAAGCCCAGTTTCGACTATGTGACTACCGCCTATCCGCAGCTACCACGAAAAGCGTCGCTCCGTGCGTTGAGCTATTACAGCGGTGATTGCATCGCCGGGGGTATGGTGGACCTCGGAACGATTGGCCCTGATCCGCGCCTAGACGCTTCGAGTAACCCCCTGAAGGAGAGTTCAAGAATATGGTCTCCAGTTGCACAAGAGCGAACCATATGCAATGATGGCGGATGCCGAAGCCAAGCTTATATACTTCTCTGGTAGGTCTGTGTTAAACAAGAATCCAGGGACGTAGTTCGTAATGCCCATACACTATCGGGGGATTTTATGCGCCACATATCACGTAATGTGTCTTTGCTTCAACTCTTCGTTGAATCTTATTCGTGGGAATTCGGCGGGATGTGCGGAACGGTAAGATACTTGGTGGGTCGATCTCTGACTAGCCACGGTACTAGGCCGGAGATTTGGACCCGGCCCAACGTACTACGCCCTTGGGCGGTCGGCTATGGTTGTTATAAGATGATAAAAG,1620,51.17,Caenorhabditis elegans
SEQ_470142,GCATCGATGTCAACTAAAGCCTACCCGCCATGAGACCCAGATCCACACGGAGGGCGTACATGTATTTAGTGAGTCTGCGCGTGAACGCAACGGAACAGGGAACCTTGGACGCTCCGCATCCAGTGGCAGGAAGCTACATTAAGTAGTTAAACACCTCGCTCGGGTGCCACATCGTATGGACGGCGCTTCGGGCCCGTAGCATGACCGACCGGAAGGCTGCGCCGCGATTATAATTCCAGTGAGATTAGTCAGCCTAAGCTAAGTCCACGGGATCTTCGGAGGGTGGTTGTTACGTAGATCTCCAGCTTTTCGTTGACAAATCCCGTTCGCATCTTTTTAGTGGTATCTTAGCGAGGGGACGTTGGCTAGCATGCGACATAAGTGAGCCGTTTATACAGACGACACCTCACTAGAATACCTGATCTAACGCATCGCCCTCCCTCTCTGTGAGGCATCTAGTTCAATTGACGTTACAGGTTGCGGGCAGGGCCGTCCGTTGAAACGCGAGGGCGATGGATAGGAGAATTGTAGTGGTCATTATAGATTCTAAGTTGCCACAGAGCCTGGCTGCAGAGAGTGTGTGTCGACCTAATAACACTGATCACGACATCGGGCCAAAAGCGATCTCGGCCTAGACGGAGACCGCGGTTTGCGAGCCTATTACTGCGGAAGCCTAAATCGCATCCAAAAGACATGCCGGAGCTTGCCGGCCAGGCATCACTCCACTCTATCGTAGATTCCGACAGTCAGCAGCCCGGGGGGGTAATATCGTCTAGAGTCCGTAACATCGACACGTTTTCAGTTCATTTTTGACGATCAGATTCATCTTCAGAACACCTATCACACTTTCTGTTTGCAACACCACAGCTGATTGGATACGCCATATTAATACTCAACCTGGCGACCCGCCAGGTAATTCAAAACAGGTTTGGGACAAATCCTTACACCGGTATTGTCCCGTGTCCCTCGACTGTCTAACGATGTATCGCAATATAGGACGAGGTGCTCCATAGATTCAACATTCTCTAATTATAACGAAGGTCGCAGGGCTTTACTGGTGCCTGCATTACAGCAGCAACACTCGCCGCTGAGTGAATATCGGTCAGGAGGCTGGGACATAGACCGACCCTTAGCTCGGGGTCCAGACAGGCGCTAGCCTATATGAATGGTCCTAGGAATCCGGGGACTTCCGAACTCTGGCATTGTAGTAGGGGAGTAGATCGAGAGTTGTTGTATTCGTTAAACCATGAGGCGTCAGCACAGGACCGCGCAACCTCGCAACTCTCCGCGTTGATCAAATATAGGTGAGACAGGCGTCCCGAGCTTCATAAAGCGCTCGAATAGGCAGTTCAGAGAATTGTCGACAGCGCTTACTGCAAAGTTCGCAACACTCCGTCGATTCACTGCTGGTCCGATCGCATAACAGCGCCTGCATCTGCCCGAAGCGCCCGTAAAAGTGAGTGTTAAAAAAACACGTCGTACTATAGGGTTGGGACTCACCGTCTATAATGGTGTA,1516,51.39,Caenorhabditis elegans
SEQ_845088,CAGCGCGCGTCTCGGCTAAGGCCGTAGTGAACGTAGGCTTCGCGCTTTATTCTAGCGCTAACACAACGCCTGAACTGACACCTCTACGCCTGAGGAGTCCGAACGACATACACTACTACGCTGCCCGTGAGCGCATTACGCGGCTCCACTGGAGGATTAACGATGAGTTTCTCCATGAGGATCAAACTTTTCATATTAAGATAGCCACGAGGACCCAGGTGATGATGAACGAGGTAGGTTGAACGGTCCAGTATAGCGTGCCCATGATATCCTGATAGCTTCGCGTCCTGAAGCCTCTGATGCAGCGCTAGCTCCGAGGTCCGATCTCAGTCCGGAGGACTTTAAAAGGGTCGGCAGGATATTTTTGTGCTACAGTCGCTTAACAGTTTTGCAGTAACCTGGAATAGCTCTATCCTAGCGCATTTGACCAGAGTGTTTAGAAGTATTAAACGATGAGCCAAACGCTGGTGTTCACTCAACCCGTTAGGAGATGCCAGTGCCCCTAACACTGATGCCTGAACTTAACCACCGAGACTTATCGTTCGGGGGCAACACTCACGACCTGGCCCGGTAGGGCCCCTAAAACTCAGCTGAACCCAATGGAATGTCGGCTACATCTTAAATCGGTGCGGGATTTTCATTCAGATAGCCGGGCACGGTGTGTTCGAATCGAGGTTAAACTACCGGCTGCAGGGAGGGGCCTAAGTAATTCCAATAAAAGTTATCTAGCTTGCGAAGGGGTTATAAACGG,751,51.0,Arabidopsis thaliana
SEQ_845162,GGTTCTATTTCTGGCAGCATAGAAACCAATTAAAGACTAGTTACTGCTTAGCGTTTTTCTTTAAAATGGGTGGCTAAGACCTAATAAGCTCGAAATAGCATCGGCGCTGGTTTTCTGACCTTACCGCTTCAAGGCCATAAACTCAGCCTTCTAGCCACACCCTTACATTACTATTATGGCGTCGCTAG,188,43.09,Caenorhabditis elegans
SEQ_942502,CCCTAGATCAAGTCATTGGCGGGAGCCGCGCATAACGCTTCCTGTATCGATGCGCACCGGTTAAGTAGTTCACGAACATATCACTATGCGGGCTAATACCCGTAAGTCCTCAAAAAGTCGAGTGAATCCTCATACCCAACAGTAGACTATCCTGTAAGGGTGTGCGAGCCAATCAGGCCCCGTTTCACCGTAGGTGTTAACTATGCGTGAAAGATCTCGACGCCCCCTGCACGCTAGAGGTCTCTGAAAGGCGCTCACTATAATGTCCAAAGAGTTACGGCCCCGTTACTAAGTCGTCAGACCGGAGTGTTTGGCGTGATCTGCTCCTCCCTCAAGTTACACAGTACTTTCCCAAGTAACTGGCGCATCAAGCTTTTGGTCCCCGACAGAACCGGTGTTCTAGGGTATACCCAGTCTGCATCGCCACACAAGTGTTGGCTGTCAGTTGCTTACGCTGGATGGCCTCGACATAGTTTAGTCTCCGGGTGACGGGAATCGGTCGGCTGACCGTTGTAGCATTGGAGGATCCCTCGTGTACTAAATCGAAGCTTTCGGGTATATTTCAGAGGGGGTCTACGTGGGCATATGCAACGACCTTGGTGTCTGCGGTGTACTGCTACGTTCGATAGCAGGTACACACTTAAGCCATAGCCTTTAACAAAAGGACGAATTCTAATAGAGTCCGGTCCACTCGAGCACAGGAGCGATCAAGCGTTATACAGTCCAACTATTTATATCTATGGTCAAGATCAAGGCCCATAGGGTCGGAGATTAAATAACTGCGGCACCAAGTCAGCACCAAAGTACGCCGTTTTCACGGTAACAACATCACTTACGTGATCTTAGTCCGCTGAAACCCTGCGACCAACAATAGATACAATACCTCCACTTTGAAGGCCCCCGGCCCAACACGCATATAAACTACTTTTACGTTGTTGCCGGCGCATGAGAGTGGTGTGCATTCGTGTCCTGCCGGGATTTGGGCCGGTTTT,992,50.6,Drosophila melanogaster
SEQ_140975,TCAGAACCTAGGTCTCAGCCCAGCAGATCCTAAAGTCGCCAGGTCTATCTGACGTTTCCGTTCTGACGATCGTTCCGCAAGGGTCAGCACTAGGAATTAACACTGTACTAGTCTAGCACTATGAATTTATTAGGTGTAACGCTATGTGCGGAAAGAGGGAGTTTCTAGAGTATAGATCACACAGACCTGACTAAATACGAACACGCTGGCCTAGCAATGGCAGGTGAAATGGAAGCGCGAACCCCAAGTTCGTTGCAAAGCTTGAGAATTCGCCAAGACCAGCACCGCTGGCGTTTAGCGTGCAGATTCGGACCTAATCGGCTATTATCATAGCGAATGAAGCCGTCAGATTTCTTGTAACTGCCCTAATACACCTTCAGGGGGTCTTGCGAACAGTCTGGCTATGGCTAACGCCGCGACGATGGAGCCAACCAATGCCATGGTAATCCACTAGAACGAACCATTAGCGGGGTCTAGTAGATAGGTGTGTATTGGCTGGTACAGTAGAGGGGGTCAGCCTTCATCGTGCGCGCCGCGAAACGCAGTGGATGCGGGTCCTAGTTATACGCTGTGCAAGTCTTCGGTCACATTTCGTGAGCAACAGGCCCTGTTAGTGAAGCGACTTGTCTCCTAACCACTAAGGACTCATTCTTTTCCCCGTACGGAAGCGACCGGGGCTCTGAGTCGGGGCGCTTGAGTGATAGCTCATGGTCATTTAATATGCCTGGGCAGAGGGTCGGTAAGGTAACCCCAGGCTGAAACGGCGATTCCCCCGGCTTCGCTCCTCAGACTTTTTTGTTTATTAAATAGAAGGTTCACAAGGAACTACTCTGCAGCTCGACGAAGCATGAGAGGGCCCCGATGTTAACTAACTGGGGCTCTAGGGTTGCCCAAACAGAGGGTCACTGGTGTAACCCGCCTCGCCTAAATCTGCGCTTTAGTCTCATATTCTGGATCGCACAAGATCCACACCTCAAATAGAGTAGAAGCGTATTTCAGTCTGAAAAAAGTGAGTGTATTTAGTCCATAATAAGTACACGCAGTTATCACCAGCTTATTTTGATGAATATAGGTGGGCTGTGAGCTCATCCCTATACTGATATTTCATAATATGGACTGTGTCTCATTGGAAGGCATGTCCATCTATGAAGTCGTCCTACGTCACACAGACGGTTGTGGACTTCCCAACGTTCGATGATTCCGGAAATAACGGGAACGAGTGCTCGTGTGGGAGTCGCCTGATATTACCTGAGGGGCTACACTTAAAGATGCCAATCGTATCCTCTTCAAGCAACGCTTGGGAAAAACAGCCCGAGCTAGTGGTTTAAATACCTCTGCGTACTAGAGAAGCTCAACAGTTAGATTCTCCAAGAAGTCATGATTCCCTCTGTTATCATGAAGGCATCAAACTATCGGAATAGTTTAGAAAGTGAGGCCCTAACTAAGGAGTTTCTCCGTCCGCCTCGGTTTATATTAAGAGAGGGCCCGCGCTTGGACAATCTGGTCAACACCCAGTAAAACTTTAGCATGAGTATTGCCTCTCGTCGTGATCTTAGCGCGGGCCAAGCTTCTAGCGTGCTAAATGCGATTTATATAAGCTACCCAATTGGTGACTAGGTGACGGGAAGGAGAAAACCATTGGGGAGCTCCGGTATATAGAAAGGTTCATCGCAGGAAC,1678,48.63,Drosophila melanogaster
SEQ_456911,ATAGTTATGACAACCCTCAAATTAGTTTTCGGTATCGCCGCGCATCAGTGGCATTCACCATTATCGAATCCTCCCACTGGAAACATATGAGCTCACTCAACTTAAGTTGTTGCAGGAGCCCGCAGAGGCCAGGGCTAAGCCTTATGCGCTGGTACGGAGACCTCGAAGCGGGGTTTTCCATTCAGGGACCCTACGTTCTGACCTCGTGAAAGTACGATTGTCGTGGGAACTTTACCATTGCGGCATATTCAACCATATTCTTGTCATTCTTGACCTGTCGTCCTACTTATGCTAATAGAGGCGTAGGTTATGGTATATCGGCGTTGGAGAAGATCGTCACAATCGGAATGACCCCATTCCGAGCGTTGTTTGAAGCTGATGGGTAACCTCGAAGATTACTCCTTCCCGCTTATGACGCATACACTATTTTCGTCGAGGGCTCTGGTAATAAGTGGCCGGAATTCCCGGCGGATCACTTAACTACCAGCACACAGAGGTTCAGGACAACGAGTATCATCTAGCATGTCCGTGACCGTGCATCGGGTCCATCTGACATTGCGGACGGCCCCTTTTCGCAGCCGTCGTATATTAGCTCTAGAGCATTCGTATGGGGAACGACCTCCCAATTGGGGGACGAACCTGGCGCATGTCTGAATCTATGACAGTCTATACCCCGGGTTGCTTCATACGAGTATCTCCGTGACGTACTCTGACCCCCAGAATCATGCTCTATGGGTCGTTAGGGACTCCGTCCAGGCGCCTGCTAGGCCTTCGCCCGAGTTACGCGGATGTTTAGACTTGGTAAGCTAGAGTTCACTCGTCTGGGTTCCAGCGGTACGTGAGGCAGGGAGGTGGGATAGCGGGCGGCGGTCGGACATATATTTATCATGCACGTTTCGTAGGTCGGGATGCACGATGCCATCTGTGAAAGTACATCCCCCCAAACTGCGCCTCGATACGCGCGCTTATTTCCTTCCGAGCCCGGAGAAGGGTCT,995,52.16,Saccharomyces cerevisiae
SEQ_369138,AAATCGTAATTTGAGTCGCGCCCCGCATTGTGAATCCTGGCGTATGCAGGCCCAATCGGACGTAATCGGATAGATGATCTATGTGTCCTCACAATATGACGATATTGATCATCCGTTGCCCCTGGGCACTAGATGTAACGCAGGCAAGTCCCTCAGCATGTATTGTGGGGGGATATGTTGGTTGTTACGTCGGCGGACCAAGGAGGTTCTCCGGTTAATCCGTACATATGTATTTGGGGCGCGCTCAGATGAGATGGGTCTTCTTAATCCGCTATAACGGCCGCGTCCGGTGCCACGTTAGTGTGTAGGCTGTGCCTTCGTTAAGCATAAGGGGGAGGAAAACCCCTCCAGTCTCTGCTAAATTTACTAGAACAATAGGGTGTGCGGATTGGTTCTCATCGTAATACCCGGTCTGATAAAAATGTATCTCTGTCATGTGCGGCTTTGTGTTGCGTATGAGGCCCTCGGAGTCTCGGGTTTAAGATCTGCACGAATCGGGCCTGCCTCCGATTAGGTTATTCATCCGCAAGCTTGGGTTAGTGGCTACTATTTCAACACATTCGTGCCGCGGTTGGCGTATCGTAGACTTTTCAACGCTACCCAATTGTAGCTCATCGGGAATCATGAATGTACGCTCCTAGGGGTTCGTTTAACGTTTCTCCTCTATTAACACCGGGAGCAAAACGTAGGACCAAGCCCTTATCAACAAATTAAAGGTACGACTCTTTGAAAGCAAACAGAAACGCCACGTCAGCGGGCCATCCTTGATCGTTAGAGATGGCCGTAGTTGTCGTCGAGTTTGTGTCAACGATTCGGCAGTTGAAATGATCGAACTTGTAGGTCGTGTCATGGGTTCATACTCCGACCGGGTTGCGGTTGGAGGGCACGAACTGTTA,896,49.55,Arabidopsis thaliana
SEQ_338791,CCACCAGTTTTAGTCACACACCCCCCTCGAAGAGACCGGGAAGTTAGCCCACAGAGTGTTAAGTGATACAGGAGGGCTGGTGTAAAGCAAGATTTATTTATGGACGTTTATGGGTTTTCCCCCTCTCGAGGAAGCAAGAACCTGGAGAAGGATGTTACGGACTACCGTGGGACGTACCCAAATGCGTGACGAGGTTAACCCCCTCTTCCTAACGGATCCAAAGGGAGTTAGAGACAGAGGGTTCCATAATATACTCGACACCACTTTTCAAAGACTAGGCATTGTAGCTCCTATAAACACGTCCGCGTCGTACTTACTTTCTC,323,48.61,Saccharomyces cerevisiae
SEQ_883233,GATTGCTGGTTAAACGAAGGGCTTTTCCACCACGTCGTGTACTATACATTCTACCACCATTTAGATTCCTGTATAGGCATAGAGGTGTGTTAGCCTAGTCTTATTCGATGGCACAGATGTCCAGTAATTCAATGCAGCGACGATAGTCTGAAAATGGTACCATTAGCAAAAGTTGGGAAGTAGGACTAGTGCGTAATTGGACACTCTGGATGCGATGGAGGATGTCGCTCCTAGCAGATACGGCAGGATGAGCACGAGCAACTATGCAGTGAGCCTTCTGGTATGCAGTGAAAAGGGATGGCACAAGATTAGAATATCTAGCCGCCGGGGCACCACCCCTGTCCGATCATATTGTAAAAACCCGGCGAAATTAGACGTATTATTACGAGAGAATTGTAATAGGAGGGTACCCATTCTTCGGGATCAACCTGTTGGATGCGAGTCCACATGGTATCCTATGGTTTGACCTGTTCGCTTTTCACGGTGCCGCGTCACGGTCACAAAAGCGCCACCTATCCCGAGATTAGAACACGGCTGGTCGCATTTTAACGATCAGTATGGGACCTC,567,47.8,Escherichia coli
SEQ_388079,GTACTTGTAGAGTCGTCCCTCGGGCCGGTCTGCGCTCTCTATTACCGAGAAGCACTTTTACTACCGGTGGCACCTGTGAAAAGACACGTCAAATAAGCATGGTTGCGTGTGGAACGAACTTACTCGGACGAGATCGAGCGATCTGAAGCAGTGGGGTGCAACGTACGTCTGCTCCATGAGTCGCCATGGTTGGTTTTCATAGCGACCTCATTCGCTCCGAGGACCCTCCCCTCGTGCATCCGCGCGGCCGTACGCGGATTATGGGGATGGACGGGCCGGGTCCAAAAAATCTAGAGGACCTAGAGGTGCACTCGGAATCCGAGTCTCAGGCGTCTCTGATACACGATATGGTGGAGGAGCTGGCCCGTATGATAGGAAGAACCCTCCAGCCCTCAATACGCGTGGTCACATGTTGACACGGGGCCAGAGCTAAGAGTGCGCTAAACCCCATGGCGCACTCCGCGAGAGTACGGGGTACCCGATTACCGTTCGCGCGCCCGACAGGAGATGATGATAGGAACCTGGCTTGTTAGGACCTGAGGATGGACTTCTGCGAGGCCCAGGGCCCGGCTTAAGGATTCGGGATGGCCGTCGTGTCGTCACAATAATAGTGCGTGTTAGAATAGTATTTGTTGCCGTCGCAAATTCGGCCCGAGGGAGTACTCTAGGTTCCGTTTGCCCCGCATGAACACTCGTGTACCGGAACGATCATGAAGTTAAAAACCGAGGCCCACGATAGATTTTGCCCGATTCGGCGCGCCCTTAATCTCTATCACTTACCAGAGAAGCCGGCACGCGCCTTGGATAGCTTCCAATGCTGATTGCGGGCTAGTCCGCCCTGGATAGCTCAGTCTGTTATCGCTTACGCCCCGGAGAAGACGAGCCGCCTACATTTGACAATAAATCATGTATGTAGCCAGAGGGCTGCAAGCTGCAGAAGTAACTACGTGAATCCTCTGTTATTCGCCTGTATTTCAAGTGTTCCTCGCAGGTCAGAATGTGAAGTCCCATAGAAGAGGACGTACTTTACAGGGACTCGCCAGGAACCTGCAACCATCGCATTAACTCGAACGATAGTCGGAGAACTCAAGTTTAATGCTGAACGCGCCGTGGTCCTCGACCAGATCAGGGACCTTGTTCGAGAGCCCAGTAAAAGCAGGGGACGAGGTGAGATGCCAGCCGAAGGTGGGTCAGACCGTGTGGATAATAAGATGTCCCTCACGGGATTACTCAAGCACCAGATACAGGCGACGGCTCTGTTAACCTACCCCCTGATGGAGATGTAGACCGAAATAGACCAAATGGGAAGTAGCGAGTACGCGCGTGATCCCAGAAAGCAACTACCTGGTTACAGGGATTGTTCGTGGCCCACATACAATCCTATGGCATGAAAGCTAGGTACTTAAGCTAGTCAACTATTTAGTGATCTCTAGCTCGGTAAGCACGGGGTCATGCGGTTCTTCGGATACCAGGCTAATAGCCAATCTAGCAGGCACGTATGGGTCATTACGAGAGCGCGCATAGCATAAAGAAGTGGATTTAATAGTAGAACTCCAGGGTGCCGGGGTCGCGTCAACGCAAATTACATGGGTTTTAGTGCTTCCTCGTCGGTCGGCTGATCTTAGATAGCCCCTAGCATGAACTGGTGTAGATTTTGGGACCATTTCTCCGGCAAATTTTTTACGGTCCTATCGCGACTGAACACATCGTAGACGACCCATCGGTTCACCCGAAGCGCAATCGAGTTTTGAAGTGGACCGACAATCCCCACCCTCATGGGAAAGACAAGGAAGCATTTTACGCAAGGGAACTACTAACAAATAAGTTAGAGATGTCAAGAATCTCCTATCGTCGGACGTTCTGC,1864,52.52,Homo sapiens
SEQ_883202,AAGTTGTATTGATAATCAGCAGAGTAGTTAGTCCCACATGCGATTCTCGGGTGAATAGACTTTAAGTATTAAATTTTGCTTCCCCGGTGCCCCAAAAGAATGCGTCTGATGGTCTCCCGCGCGTTCTTTTTATTGGTCTTCAGCGTGTGGTGGGTAACAACAGCATTTTGGGCCTGTTATAAGACCCTCTCCTTCGCCCAGCTCAATGTAGGCGTTACCCGACAACCAGATAGATGCTCTGCATTACTCGAGAGCGCGCTTAACAATCGGAGCAAATCCAGGGGAAGGCTCCGTACGTACTGGTATCGAAAGTAATCAAATTGCCTCCCTGCGGATTAACAGTAACTCGTAGTTTGTAAGCTGTAGATCCCGGTAAACCGGTTGTATACGCCGACACGTATCGTGGATATCGCGAATCGCGATTCGTCGGACTGATCGGGCGAACGGGACGTGTCAGAGCCAAGTCGGCTGTAATGTTAGAGTCTTATATGGGTCGGCAGCCGCAGCGTTTAGGGTCCGTAATCATAAGAGGTGGTCACGTTCGGACCGCCTTACAGTAGGATCTGTCACGAGATCGATCAGTAATTATACGGGAACACCCCACCGCTCTGGGCCGTCTGTGAAAAAACG,630,49.84,Escherichia coli
SEQ_871323,GAGTCCCCGTTTATCGAAAACCTGGGTTGGTGTCAACCACTGGTTAGATTTGCTCCAACGGTAGCGCATGCAGGCCTGGATCAGCTTATACACCGGAATTATTGCTGTTGCTTCTATGCCTCCTGGACGCCTTAGAACCTCCCCTGCGTCCGCATCACTTGCGCCGCCAGTTCCAGATATCGCGGCTGTTCTCGGCATGGGTACACGCAGCATGCTCACCACCGTCAGCGCGCTCGGAAAGTAATTGCACCTTCGAGACACATCTCCCACAGCGGTACCAATGGGGTTGTATCTGCTCCTAATTTTGTTTTGTGCTATCAGACTCACGATGGTAACGCCCATGTATTCCTAACAATTGCGAGCTGCCTTTAGTCATGTCAGTTAACCGAACGAGTGTACTGGGGCGCTAGTGCGTCCACTTCAAGGGATGAACCCAGAGCTGTATACGGGGGTAGGTCATCGAATGTCAGATAGAGAGAATTCAGCGTTCGCTTTCGAGCATACGTGACCTAGCGTTCCGCTTTAGAACGACGCGAATTTGTTGAGTCCCATATGTCTGGAAGAACGAGAGGGTGGGGAGAGCTGCACTAAAACACGACACTGCTGATAGAGAGAAACTGCCGCGCAAACTTGGTAACGCAACCCCGGGCGCAATAGTTTGTAGCTTGTCCACGTTCGAACGATCTGACTTGCTATCGAAGGGAGCGTAATCTCCATGCTATGGTCCGCTCGGATTGTATATTTCCCAAATTCTTATAGACTCTTGAGTGGCCAATATTCGTTCCCGTGTTACCAAACTGTAAGCGTAAAATTAGGTACATCTAGGGCGCGGATAAGCTTAGACGAGATTACAAACGGGATAGACCAAAGTGAAACTCAATTCTTCTTGATGGTAACGTGAGGGCAACATCCAGATGGATGGTTTCCCAGATTTCAACCGTCCGATTACTAGTCATAATCCCACCCCGAGGGAGCCGGGTATCGCCTGTGCCTT,994,50.3,Drosophila melanogaster
SEQ_648773,AGACGCTGACAATCGATTAGTCTCTCGCGATAATCGTAAGGACTAGACAATCGACATTGGCGAAAAACACTTATACGATTTTCGTATTATCGATATCAGCTCAAGTGTATAAAACGTAACCCCTGAGAGGTTCAAATACCGCATCATGAGAGGTTAGATGGCTAAGCATGGTAGGGGTTAAGTTAAACGGGAAAATTGGATAAGTTAGGGGCCCTTAGCGGAGCTATGACCATACGTCTTCCCATTAACTACTACTGTTACCGTACTGTCGGAAGACACAAGAGCGCTTCTATAACCTGGAGTTAACATGGCGGGTGGGCCCCGGGCTGGGATCGATAGCTGCCGTACCTGATCCGCATACTATAGATGACCGTTCTCGGTTGCCGTCCTAGCACGCTAATGCAAGTTTCTCTAGACTCACACCAGGGCCGACACACCGTGATGGGCGGGTCATCAATTCGAGACACACTTTGCAGCTCTACGACAGCAATATGCGAGGGCGGTGCTCGAGATCGGGCAACACGATATTGCAGATCCCTGATGGGATATACAACATGTAGGGGGCTTTTCGCACGAGCAAGCTACTCTTTCTTAATGGCGTCTAGTCGGGGTGAGGAAGCCGCACACCGTGAGACAGGCCATACGGTCGTACCTGTTTTTCCTAAGATGACGTTCAGTGTCAACCCCGCTTCCTGCGTGCCACGCGGTCAACGCGCTGCACTGGCGGGCCCTTCAAAATGGCGGGTAAATTGGCAACTCTTCTCCGACTAGGTGAGACAGCCTCATATCGCCCCTCCCAACGTACCGGATTACATGTAAGGAAGCAAGTTCCTTTTGGAGGCCCATGCGCATGTTGATGGGGGTCAACAAGAGGTGAACGGTGATCTCAAGACCTGCCTAAACCTTCTCAGTGCTCAGCCCGCCAAGAACAGAGGCAAATTGTAGACCATGTTCCCAGGAGCGTGGGACGAATGTCGCTGTTGCACCACACAGCCAAGAGTATAGCGACGCCAGACGGTATGACAACATCCGAGCAGCCCCAGCGCGGTCACTACTGCATCCGGGCTAGTCCGGCCGTATACGTTCTCCAGAGAGAAGCAAAGCTGCATCTGAGAGCTGTATCCAACCTACATGAGCCTAGTTTTCCCTCATGATAGATCACCCGGATATCTGAGGCGTCAATTGGGTTCTCAGAA,1196,51.76,Mus musculus
SEQ_630714,CGTTTCGCACTCAGAATACACGCCTCGGTCCAGAGAACACGGCAAAGAACATCGAAGTAGCGACCAGTTAGACTGCTATATCGGCTCAGAGTACTCCTAAATTAGCAAAAAGATTTTACAATGGAGCAGGACGCTTACCACGGGACACGGCTTGACGACTAGAACCACCATGGCTACTTGCATAAAGGCGTTATTTGGGACACGATTCAAATACGCACAGTCCTATATAAACAGCATATCCCCACGACAGCACTAACCCCTACAAAGACGACAAAGAGCGTTAAGTGGGGAGACTAGGAAGTCCTGCCACGCTCTGCGCCAGTTTGCATCTCATGGCACCAAACCATGAACTCGATTAATATACGCGAAGGTATGAAATGTCCCACTGTGGCCTGGATCGCATATCGGCTCGTATTGGATCGTAAAAGCCCGGGTAGTAAGTTTAACGTTGTGCCTTGTAACCAGGGCTGACACAAAGGGAAAAAGTCTCTTCGCCTGACTAATCGGAAACAGGCGTAAGAATTAGTGCCGTTGCTTAAAAAATTGCGGATTAACGCCCTCGAGCTTTACCATTTCCAGGAGCCTTTGTAGAGGGCGACAAAAAAACAGGCTTGTATGCTGCAGTAGCGATCGAGGTGGTGCGATCATCGCGTCATTTTTATGTCTAAACCGGACTGTATGAAAGTACGTTCATTGCGAGGTGGTCGGGCGGATGAGATTGTGCATGGTACTACAAAAGTCGCCACGTGGGCGGTTAAGAGTGCAGGGATGGTATCCATGGACTTATCTGCAATCGGAGAGATGGAGTTCTCCAGTGAGTTCAAAACGTCCGAGTCCCCTCCGCTCATCAATAGGGCATGATACCTCCATTTTCGTTGTGTCAGCACGAACGATTACCTGGTCCTTTATAGGTCCTCTATGGCTCCGGGGGCCAAGCATACCACATTTCTAGGCTGATGTCCCCTTTCACGGCCCCAACTACTAAGTGATGTACTTCTCCAAACCCCGAATACGTGATGAGGGCTCCGCTTGGGACACTATCGCGAAGGTATCCCGTCCCCCTCTCGTTAACAGTCGTAGTTAGAATGTAGACTTGTGCTAGTGTCTGACTTTGTCCTACGGCCTTGTTCACCTGTCACGTCTAGACGACGGGCCTTAGAGATTTTTAGATGTGGTTCAGGACGGATTAGTGGCTCCTCAGGTCCAAGATTTCTTGCCATAGCCTGGCCACCGCGAGGCCTCCGTATCTACTATCGGTGTTCACGTCATGTAATCTGTCTTCATCGCTCAAACTTATACCGTCCCACTACGGACTGATCCCTACCTGGATGAACTCGCAGGTCCCAACTTATCGGTTACAGGATTAGCCTTAAGCGCTTCTCTTTCCAGGATTGTCTGTTGAACGGTGGTACTCACAAGTGACGATCTAATCACTTGTCGTGCATCATGCTTGGGACTCCAGTAGTTGAGTCTGGGAGATGTGTAACGTCTGATGAGAGGAGTAGTCGGGAGAACTAGGAACGTCTGGTAAGCATCCGAACCGGGCATTCAAAATTATGCCCGCGGAGTGCACTGGAGAACGGGGGAATTATCAGGAGGCACACCTATTATTCCATTAATTGTCCTAGAGTCCAAGATATGTGACTGTGCCTCTATCCGCTAATTTTTGAGCCGATTGACAACCTAGTTTTTTTATCTCCAACATGGCCTCGCGTGGACCGACTTAAGTTGCCGGCTGTAGTATCCAGACGTCATTCCAATCTGACAACCTGGCGGAGTTGGGTATCAGCTTCTAACCACCCGTTTCGCACTGGTGAAATTCCTGGGCACGCTCAGA,1837,49.27,Arabidopsis thaliana
SEQ_878232,CCGGGGGTGTAATACAAACGGACCACAGCAAGCTGCCCTTCGAGTTGGGAGCTGGAATTTAAAGTTGGATGGAGGCGATCTGTCCTTGTCGGAGGCTCACCGTGGAACAGGTTGGCACGCCGGTCGTAGCCGCTATCATAGCTGCACGTCGCCTCCTCTACTCCCAGCTCACAAGGCAGCAACTGTCCAATAATGATACGTGTTATTAGTGGAAGGTGTGAGCAGGTCGCCCACTTCCGCGGGATTCGGCGGATCTGTATATGTTATACCCTCATCGTCAATCTGAGTCATAGATATTATGGCCACTCTCTCCTAGATTGCCGCGGTACTTAAGATAGCACGTTAAAGTTAATCGGGCTTACGCAGGATGCCCTGGGCACGGATTTGGACCCAGCGGCTGAACTGAGGAACACACACCTTCAACACTTCTATTGAAGGTTGGCGTTAATATTGTTTTCACAGTTCGTTAGGCACTGGTCGTCTCGGTCAGATTCAACCCTTTTCAGAGGTACTTGGTCTGCTAAGCTCCCGTATAGAGAATTGACAGCATGTACAGCATAACATGAGCGAGTACACGTCGCGCCACACGGGCGATCTCTCAGCCGCTCGAGGGACGTTATGACCCCGAACGGGGTCTTGATGTAGGCCTTAATCACGTCGCGAATGGTAACACAGTTGGCTGCGAGTACGCTAAGTACATCAGGCATTGGTCGGCAGCATTCGAGTGCCCCCACTAAAGGGGTCCCGATCGATGGCTAAGCAGGCTAAAGAGTTCCGACAGTGCACGGGCGCATCTAACTAGCTGTTAGCAAATTACAAACCTACAGTCTGTCCACAATAATCCCCCACGTGACGGAGCAGATTGAGGTTAGTCCAGAGTCCGTAGCGGCGAACATGCAATCTGAGGTTAGCCCGTTTGGCAAAACAGATCTAGGAGCCGGTTGAATGTGGTGGGCCCGGCTAAGCTGGCTCGCAAAATCGATCCTCGCGAGTCGTTATTCATTTTCCACATTACTTGGATTCATATGCGGTGAGACTCTAGAGCACGAGGCTTTTCTTAGAACACAACGTCGTAGTTATCAATGTCAGGACCACAAGGTTCACTATGTGTTCACCGACACGATGAAATACCTTCTGTAAGCTCACGAAGGGTAGACTCCTCACACGCGAACGTTCCAGAACGCGCTAGACAATCCATCACGTGACGGTTCGCAAACGTCCAGCTGATTTGTAGTTATAGGGCAGGAGCCATCAGGGCGAGTTATATGCATCCAGCATTTTTGTTGGCTTATTGGCCGCAGCTTATCATACTCCTCACAATTTGTTCGGTACGGTGAGGTACCCCTTTT,1349,51.0,Caenorhabditis elegans
SEQ_782937,TGGCACTGGTTTCTGCCACTAAGGTGGTTACATATGTCCTGTGCGCTATGCCCTGAGGTTGCTCTTGGCAATATACCGGCGTTGAGATATTGAGTCAGTCTTCAAAATATTTCCGGGAAGGTAACCGTAAGTTCCATGATCCACGTGTCAGTGCTAGCACTCCATGCCAATCGGTCAAATAGTAGGCCTTCTAGGCCGCGGTACAATGGTAAGCTCTATGTTTTGTGTTAACCCCCTTCTATAGGCGCTCCAGATGAGTCTATAGCCAAATTAAGTATCGGACCCAGCTAATGAGTAGCGGCTTGCCAAAAATCCACATAGGGTCCGACCGTTAAGCTTAGGTGATCCTGACTTAGTAATACTCTGCTAGATTGTACTGAAAATTCTCCGCAGTGGATCGGAACAAGCATTACAATCCACCGCTTTATAAGTGACCTTAAAGGCGTATCTTGGACGGCTATGCCTCCCTCCACGCGTCTTGGGGAGAGCCAGATAAGTCGCCTATCCGTTACTGGGGGACTATCCAACATTCCAGA,536,47.95,Drosophila melanogaster
SEQ_280496,ATTTTTGGTGGGAGAACGGAGCTGGCCAATCAAGAGGCCTGAGGCCGCCCATGACCTATAACTTAACGTTATCCGTGTGTGCGACCCCGTTCGGGCGCATAGAACGTCACCAAGGGGCAATAGCTGCGAGAGCTAACCGCCCAGACTTATTGAGAGCCTAAAGCAAAATCTACTCGGTCCTCTGTGCACGAAAAATGTGCGCCTAGGGAATATCTACAGTTGAAACTTGTTCATGCAGACGGAATCAGCTAGGATCGGTTTAGTCTCTCTAGGAGCCTTGGAGTGGGGGGGAAATTCTGGCAATAAGTTATGACGTGGCCCTTAATCCTGACCGAATGGCCGTGCGACCAAGGACATTTAGTCAACTGTTGCAGCGTTGTACCTTTGTCGAACGGCATAGCGCGGACATGTTGAGAGTTTGGCCTCGTCACACATACGGCCTGAGCCCGCTCGTCTATGAACATATAGTCCCCCAGGCGTGTCCTCGACACAGTGCCAGAGGCTAACGGACTCCAGACAGCTGACTGAAATGCCGAAAGCGATTGGAGCTTCCGCAGTTGATAACTGTGAAGGTCCAGCTCCACATTCGTCAGGATAAAGATAGAGCGACAGGTAGACATGGTAGGGCACCCAGCTTGGAGAAAGGGCGGAGTAGGGCGCATACAAAGCCAATCGTCAATCGAGGGTGATGGCTGACGGCGGGGGGGAAAGTCGCGGAAACCCTAAGGCGGTTCCTGGGATCGTCAAACGCCCAGGAGTGTTCGCTCGTCGGTAAAGACCTCAAAGTCTCGACGACAGGATTTAATATAACCATCCCGATGTGCGGCCGGGACCAAATTGGCCCCCATCCAGTCTGACTGCAAAATGGCTTCAGTTGGCATCAGGGGTACGGTGAACCAATAGCTAGGGATTCAGTAGGAGGCAGAGAAGATAGCCAAGGGTTGCCCCCATGGCGGATGGATTTTGTGCGCCGTTGCACGTTGAACCACCGAGCGCAGGCGACTTGCACTCTGGAAAGTGCCAGGTGAACCATGAAATGGTCATGCCCCGCGCACATGGACATAATCGAACCTTAACCTCCGAAAATGCCGTGTTGGAAGGTCTAAACAGCTACCTGACCAAGCGGAGCACAGGGCTCAATGAATCCCCTATTCAATGGACCGCCGTGCGTTGCGCCGTGGCAAATTCTTGTCGAAATCCAAATCAAGATACGTGTCGCAAAAACTAGGTCATAGCCTTCTGCTTGTTTTTGGTTCCCTAATTTATCTGTGCAGGCAGGCACAGCGCTTCCTTTGAATTGTGCTCCGTGCTCCGTTAATTATGGTCCCTGGCGTCTCCTAAAAAGTATTAGCACGCGTAAATTACCGGGGGAGGCTATCCGTCATCCTTATGCAAGAACACGAAGGAAGGCCGGAGGTCCTTAAACTCCGGAAATGGTCTCGGCCGCCCCCTCGACGTCTGGGAGGGAGGCAACACTGGACATCCGTCCTGGTTTCAATGTTCATAGGGAATGCGCGTGGCACGCGGGTCCGTCTAACTTATTGAGCTTTTTCTGAAGGCTTTCGATTTCAACACCTCCCGAATAGCCGAAAGCAATCCTCGCAAGGCCTGCGGACTCGAAAAGAAGACAAAACACCGAGACTATACCGCAATCTCTAGTCAAGAGGGCTTATGCCGTACGGGTAGGAGATTAGTGGCTGGGCGCCTGAGGTCGACAGTAACCGCAATAAAAGCTGTGGTTGAAACTGGTGCTGCGTACCACGGCGCTAAGATAGTACGGGATCCTTGAATCTGGTATAGGTGTGCCGAGAGCCATTAGTTAGCCCGGCGCTTAATGGCGGCCGACTAGGACAAGAAGAGATGCTAAACGTATGGGCTATACCCGTCAGGGCCACTGATAGTGGTCCAAGCTCGCCACTACATAGAGTACGCGGCGCGACTCCTAACAGATGGATGGCAACGCCAGGGTTA,1971,53.07,Caenorhabditis elegans
SEQ_565090,GAAAAGTGATCCGAGGTCTCATGGAAGGTGTTGAAACCTGACTCTTTCTGATTTCCGCGCGTGGGAGGCGGGACGGTACGGCCATTATGGTAGTGCGACATCGGTCTAGGCAGCGTAACGGATAGAGAGTCCTTGACACAGGTCTGCTATTGCGCTACAAGTGTAAACGGTTCTACATGCCGGACGACCAGCAGACAGCTGCGCATGCACCGCATCCATAGCTCCGCAGCAGCGACTATCACTGGTAACTCAGCAGGGTGTATATGGCGCGGTTTCTCGCCCCGCGGAGGCCCAATAAGACCACGGCGCAACTCCAGTCGGCGCTATGTTTTGCTGAAAAGATTGGGATAATGTCTGATGTATTAATTACGTCTTTCCTAGACTTTGCTCTGCACAGAACCGACCCGTGACTCGACGGTGTGAAGCCATGCCTTGCACCTATGAAGACATAATCATTCCCAATGAACCCTCAGCAATTCATCCAAAAAGTGGCCGGAAGGTAGAGGTTTCGTCATGAAAATGCTGGGAACCTCCACGAGGCGCACGAACGAGCCATTGATAAGTCCCGCGGGTGCTGGCGCCGGCCCACGATTTATAGATATCCTAGATGGCTTCATTAAAATCGTCTCTCGCGTTCAGGCGGGTACGGGTGTTCGGGTCCTGCTTTTTGGGGGCATTTACCGGACGGGAACATTCGGTTATAGCCAGATCGCGACAGCCTACCTATGAGCGGCGTATTGCGCGCTTGGAGGGTATTAAGGAGAGCCGCCCGCCTTCGTAGGGTCACAGCGTAACACCCCAAAGCAGAGGCGGCATCGGCTCTGCGTCTGTCATACCATACAGCAGGGCACCGCGCGAAGGGTCACTTGGGGGCGCCTCACTGAGCGAGGGGGATTACACGCTCCAACCTTCTTAGGAGGGTCTGGCGAAATGGCACTCCGCCAATTGAGGCCGCACAACCCGTCATCACATAAAATTTGGCGACGCGGCTACTACGAGATTGACAATGGGGTGGTTGACTGAATTGCCGAAATTAATCACGACTTACA,1049,54.34,Caenorhabditis elegans
SEQ_792078,ATTAAGCCATTCTCGGCGAAAAGGACCATACATTAGTTATCCGACGCCGATTATCCGGGCCCTTCAAGCACACAAAACACCCTTCCCCAGGTATAGATTCTCTTCGCAAATGAGGCGCACCCGAATCTACCTAATTTACACATATACTCCGGCATAAATTAGACGCGGGCCTTAGTGGCATTACCTAGTTAGGGTACGGTGATGACCTAGATCCTTGGAATCAAGAACCAGCCCGGAGAGCATTTATACGACTTTACCGGAGTAGCTTGATTGACTGCGTCACCACGGTCGTCATGCACGCAAAGTTAAAGCTTATGTACAACATCCGGTGGTTGGTATAGTGCTGTCTATAGAGAGTGGTTTTAAAATACGGCCTTCCCCAGCATAGCCTGAATTCTCGCCATGTGCGAGGGGTCAAAATGCAACGTTGTAGCGCAGTTCAACGATAAAGAGGCAATCTCATACTTAGACTGCTACTCCCATTAACCCCGTCAAGCCTACTTTCCGACATTGAATAACGGTTAGGATTCATCATCTTAAAGCTCGGCGACCGGGTCCGGCCCAGACTCGGTGAGCACCCAAGGTTGGGCTTCACTATCAGAGCCCTCGGCCCAAAAAAGCGCAGACCGTGTCGAGTACTAGGAGCCAGGTGGTATACGAACTAGGTTACGAATATTTACATCGAGCATCTGTATATAGTGCACTTGCAACTCGAATGGTGTCTGCCGGTATCTAGCGCGACCTTGGCTGTGGTAAACCTGCCCGACTGCGTCTTTAATGCGTAACAGCACTGTTTAAAGTTTAACGCTACCAGGCTTATTTCGAAACGGACGTAAGACCTCGATTCACTGGAAACTTTCTAGCTCGTCATCCTGATGAGCGATAGAATATCCAGTTTCCGCGAGCCGGGATCCGCGATTTTCTGGATCATTTATGCCGGTCGGCATCAGTTCAGAAGCCATAGTTCATAACGGCCTGCGTTGGTTTTTTCTCCCGAGTCAGACTAGAA,1009,48.56,Escherichia coli
SEQ_100399,GCTCGGTGAATACGCGATCGAGTTCCACGTCGAGATTCTTGACCACTCAACCGCCAATCTATAGCGAGAGGTAAACCCACCAAAAGACGGGCCACGCCAAGCACGGGGCGGGCCAGGTACTCGTTGACTTCCAGAGAATACCATTGGCACTAACGCGGTTAGTAGACCATCAGAGTTGTAAGGCATGGGTCCAACCTCCTGCGCGTGCACCACGATTTACCAGATATGACTTTGTGGGCGCGCCTGGACTATCTTAACATCGCGACGCCTCTATCTGCCGGGAGTGTCCCACATGGTGAAGACTGGTGGTGTACCCATGAATTACTAAATCACTTTTTGCCCCTGGTGAAATAACTGCGTATCGGCTAAGCTTAGGTGAATGTATGAACTGGAGCGGACCCAGCAGTCTCGCGTCGGGTTTCGACCCTGATTCCAACTGTAAGGGGAACTATAGTTTCCCTCCGTACTCGCTCGCGGTCGGCAAAAACAACAACTAACACGTCATAGCTCGTATGGGTGTCTGTGACTCCTCGACTCCGCTATTCAATAACCGTATGCGACTACTCATTTATAGCTGTGTTCGGCATCGTCTGGACGCTTTAGAGGCAGGTGCACGGAAAGAATAGAGTTTATTGATATCGCACAGCCCTCGTATGGTAGGTCATCGTCAGACCAGCCCGACCTCAGTCAGCGTCTTCAAGGGACTTCCAGCAGTTTAATGTCATCATGATGTCAATCGCGCCGGGCTGTACAATTGTAATCATATGTATCAAAGAAGATTGGTTCACGGGCGCACGGACACGCCGGTAGCCAGCGCAGTAACGGAAGTATTACGGATCTTTAATGCTACTCCGAGATAATCTTCACAGCATATTCTCTAA,881,50.74,Arabidopsis thaliana
SEQ_223538,TCTAAGCTGTTATCCCTCGTTTTAGGCGGACCCCAGATGCACACGTGGTTGCGGATACACATCTATCGCTACGTACAGGTAGGATGTTCAATGCTGATCACACTGGTCTTCTGCGGTTCGTTCTATAAATTCCCTACCAATATCGACACAAACATGCGTTTTATACCATGTACTGCACTGGTACGAACGGCAGGTGCCGTTGTCCCCGCGAGGTTACGGTGGATAGATCTTTGATAGCAAAGACGGATGGAATTTCCATGAAAGGAGACACTCCCCATGCCGGTTCCATTCGTTCCCCGTACTGTTTTCTGCCTAGTCAGCGCTGACCCCAAGCAAGACGGTGTTGAGAGGAGACCACTGAGGGTATGGTTACGGGCTGAATTCGGAATCGATTCTTGACCATGCGCACGACGTACCACTTCCGACAAAGTGACTTACAAGGCCCTAGAACTGGTGCTATTTAGTAGCGCTTTCTTCCGTACGTATTGTATGGACCTTACGTGCTTGCCGCAAGTAAGTCCGGCCTTGTTTCGACTCTGCTAATAGTCTTTCCAGAGCTGTACTCAGGATGGCATAGCCTGTTCGGCATCGCCCGGGGTCGTATTGGTCACTTTCTATCCTGACGTTCGTCATGCATAGTAAGGAACCCGTCGTCGTA,658,50.3,Homo sapiens
SEQ_826907,TTCACCCTTTAATTGAGCATCTCCCGTGAGTGTTTATGTCATAATGCATCGGTTTCGGGCTTGTGGCTGGCATAACCAGGTACGCCAGAATTTGAGTGAGAGTGGTAAGTGTAACTACTGCGTTCGAGCTACGTAAGATCGGAGCGATTACTCCAACGGTACCAAGGACAGCAAAGGCTTCTAGTGCACAACAGTCTTTGAAAGTATGCTTCACTTATCGCTAAGCCAACAAATTGAGCCCCGAATGAAACAGCCCTGTCGGGCACTTAAACTGCGCGGCTCCTTAATTAGAAACTTCTTCGTGCCTATTTGGAAACAGAGGAAACCGCGCCTGAAGGCCACATTTCTCGCACCAGCACCAACCATTCTCTGGACAAGATGGATAGAAACGTAGCTAACATTTCTGAGCCGAAACTCACCACCACTTGTCGACTAAGGTAACGCCCATGCGGAACAAATATTGGAGAGACACCTAGTGCAACTGGCAGGACCTTCCTGTGCCCGATCCGCAAGGTCAGCCGATGGGAGTCTCCGAGCCGACCCTGCGGGTTTGGTTGCAACTCGGGCGAGTAAGCTGTAGGCCTGACGGCGAGTGCCCGTGATAAGGAGTCAGCGGGATCCTTTCCTGCACTAGAATTAAACGCAGGGCGTCACTGCCAGTATATAAAGAGTTGCTTACTCTCGGTAGTTATTGGATGGAAGTGGAGTGCAGGAACGCTTTTAGAACCATCAAGAAATTTAGCAGTGACCACTTGCGACAAAGTCATAGGTCAGGGAGCTAGAGAGGGTCTGCAGTTTGTATGGT,805,49.94,Arabidopsis thaliana
SEQ_114084,GAAAAAACGTGGTGTCACATAATCTACCATCTAGCGTAACGTGTCAGCGGGGTCCAACTAGGGTGTCACGTCAGTTAAATATAAGGTGCTTCAAGGTCCCTATGCCTCTAATATATACCCTGCCCCATAAACCAACGTTTGGGAATCGACGGATCAAAGCACACTGCGCTTGAGCTGGAATCGGCACAGCATAGTATATATATCAGACTGTAGTTTACCCGAGTATAGGATTCCCGGTATCCGTCCAGATCCAAGCCGACCAGGATAATAATTTCTCAGTATTGGTCATTCGCATTGCTCCTACCGACTCGTCAGACACATTGGTCAATCTTCATGAGCAGCCGATTCCTGCCGATACTATATTGAACCAGAGATTATGACCAGAGATACTCGGCCAATCAACCCACCACGCTGACCTGCGTAGTCTATCGTAATGACGCACATGGTGTGCGAGATGAACATGTCAAGATGTAATCCGCACGGCTCGAAAGTCGGGCATGACGTTTTGATCTATCTGGGGCACGACCAAAGAGCTGCCTCCGGCACTGCAGCCCCAGTGTGGCACATATTCCTTAATTACTCAATCCCGCAATCGTATTAGGACTGAAGGGTGTACCACGACTAGTTCCGTGATGCAAGGGCGTGTCAGCAGCTTTTCCGGCCACGGTTGCTATCAAATAGTAAGATACGCGTGCCTGTGCTTGAATAGCTATCTCC,717,48.68,Caenorhabditis elegans
SEQ_669887,GATTTAAATAATCTTTGGCGTATACTCTTGAAAGGGGAACTATTGTACACTGATAGCCTCCGCGTATGACCCGATTGTCCTGGATCCGCTAGTAGAGCTTAACTCGAGTTCGCACCACACAGATTGACCTCAGCGAGAAAACCACCCATGCTGAGGTGCGCAGAGCCTGGAATGTTGGCTCCGTCAATAGACTGCCAGGCTGTTCCCCCCCAAGTGGCAGGCATCAGGCTGGCGTCCCATTAAGTGATCTAAAGTGTAGTTCAGTGCACGAACTTGTTCAAGCCTCTTGAAATTGCGGGATGACTATACCCCTTATAGCACGGGCCGTATCTACATAATTAATGTATCGGCCCTCCGTGATCGCTGAGTCTGGATCCCACCGTTCCCATGTGAGCCGCAGAGGCATGGTTGCTGTGATCTATAAGCTGTCCTTCGAATTTGTGCCTGTGATGGGCTCGCATGCGAGGTGTTTTATAGAGCTCGCCTCTCGGAATAAGCCCAGTGGGTCAGAGGAGGCCCTACAACTCGAATCGGCTGGCGCATGAGCATTTCGAGATTATACACTCAAAATTGGTATTAGACGGCCTCCCGGTCTAGCTGGATTACCGCGTTTTTTAATTCAAACTGAGTGAGACGATGCTCGACAACCACTTAGGAAGTTCCAACTGACCGCAGTCGTGCTTGGGACACCACTAGCGCGGTTCGGCAGAATAAAGAACTCGGGTCGACGAACTATTCCATGGTTTAGCTACGATAGCTACAGCAAAAGTCTGTGACTGCCAAATCTTAGCGACTTCCCGAGTACAAGACCGTTGACTCCCACAGGCTGCCGCCTTGACCACCTGTCAAGCTCTAGTCCACGCAGTCTCGCTTAAGTGTTCTTCAGTTTCTTTTGGTTGAACGCCCCATTGAACCCACACTAAATTATTGGTTCAACCCATATGCGGACGAGAATTTGAATGTTGGGCGCAAAGGTTGTAGCCAAGTTGTAGCATACGCTAGCGTTT,1007,50.05,Escherichia coli
SEQ_943498,CGGACCTATTGCGTAGAACAGCTCGCACTGGCGAATACGGCATAGAACGGAAATCCTTCCGGGACTTTCCCTACCTACGGTTCGTGGTTTAAATTGGACGATAGACTAGAGGGATCACGCAATTGAGATAAGCCTTGCTGACAGACCAACGTGGCTTTTATACCGGATTGCCGCTACAGCGACTATTTTCATGCTGAAAACCCGTAGGCGCGTGGTGGCCGGGTTGGCGACTGGACGTAGGCAGATTAAATATGCGCCAAGGCCATTTAGACGGACGACCCCTTGTTATAAACTCGATCGGCGATCCGGATATGGAGAAGTGAAATATGATCAGACGATAGCGCGGAGTGTGTTCGTAGCAAAGCTAGCCTGGTCCGCCTTAGGTTGATATGAGTTACTAAAAACCACGATGCGCTCCAAGGTTGTGTCACCGGCATCATATTAGGGCAGTCCCATGCTGGGGGCGACAATGGTAGCGAGTGCCAGTGGGGCTCTGAGACTCCATAGCGATGGCCGCAGTTACGGCCTGGCGCCGCACCTGATTGCAGAAAGTAGACCCCTGCCCTGCAGACACAAGGCTATCGCCCCAGCATCAGATCAGGTGATGCCTTCCATATATTTCTTGGATCTACGATTATTCGCTTACGATTGTCACGCGATACTTTCGTCACGAAGGGATACTCGGACCCGAAGGCAGAACACTGAGGGTGTACCTCGCAAACTTGCATTAACCATAGGTTGGGCATCGTACAACTGCTTCGGCTACAAAGTACCCATCTTAATGGTTAGCCGCGGACCTATCGTCCCTAACGCCGTGGTGATGTTC,826,52.18,Escherichia coli
SEQ_804035,GGGCTACAACTTATTTAACGTACGGGACTTTGATCTATTTTTTAGATTGAAACGTCTATAGATACATCTTACCCCCGTTCGGAGTCTCATTTGAATATCGATGTCATCTGGCATTGAATGACAAGGTGGCGTACTCATCGGCTGACAGGGGGCTCATTTCGACGTCTCGCGAACTTCCAGTCCTTTGACCCGCCGGGGTCGGCCGTGCTAACACATGACATAAGCATTGTGTCTTCGAGAGAGACTGGTTAGGGGAATTGCTAGGCACCTAGTAGAAAAGTACTTTGGTTAAATTCCACTACGGGGTTGCGAAGTCCTTGCAATAAATCGGGGAATGGAATAGAATATTAGATTGCCACCCTGCCGATTGTGAACTGATCGACAACGCAGGAAGTCGCATACCATGTCTGTCGCATTAGTTAGATGACAATCTGGAGATGGGAGGAATGGTGGATTTAGACAACTCACAAGGTTAATGGGTTGAGAGTTTACTGAGGATTGTGCCCCCCCCCGAGCATTAGTTACACCTATATACGCGGTAACGCGAGGTCCTTCTCACATTGCCTACCGCATCTTTCATTTGACAGACGCTTCAAAGGGACCTCTGCATGTTGAGAGCGCTGCTATTGACGGGATGGGTCGGTTCCACGCTGTTTTCCTAGTTGCCTATAGGCAGTTTCCGCACCTTGATAAGGTTGCGATTAGTCACGTAACTCCAAGTTTGCGCGGTGACAATCATCATGTATTCAAATGCAGTACAGGTAGTGTCCGTGGTACGGCCAATTTTCAGTTTCACGGCTCGGACCGTAGGGTCTACTGCAGCCCACTATTTACCCTGTCATACCGGAGGTACCTCTTATCGACGAATCTTCCAGTATTCCAGAAGGTCATTATATAATATACGAGAATCCTGGCATAATGAAGGAGTATGGGGTCATTGAGTAACTTATTATCGGAACATCAGGTGTATGCCCCTGAATCAAAAGCTAGCTTCACATCGGCGGAGAGTCCCCCATTAAGGGAAGAACTCTAACCC,1036,47.2,Escherichia coli
SEQ_525970,CGCGCCCAATCGGACAAGTGAACATGCAGCGGCAACTCCGCGATTGCCGTGCTTAGACGTTAGGTTCTCGACAAGTTCTGTGCACACGGACTCGCATGCGCCAGCAACTGCAATGGACTGTTTACACGGTTTGAATGTCGCCAGCACAACGATGATGATCATACCGTGTCATGGTTAATACCTAGGCTTAATCTCGAGGCGACAGGGACGTCGTACTGAGGATGAAGATCGACATATGTTGACTCCTTTAGCAATAACTCCGCTCCCGCTTTTACCACGACGGTCGTTAAACTAAGGCTTCAGGCTTTGGCTGAGTCCGCAGCATATTGAACCGGGCCTGAGTGAAAAGAAATATGTCAATGGGGGAGAAGTGGAGACAACTAGCACCCGATCAAGTTAGGTCGTATGTGATACATTTTGGCTACACTCGCAGTGGAACAGTTAGGGTTAATTGCTCAATAAACGCCTAACCCGCAATTCAGCTATAGTGCACTGTAAGATAACACCCTTTGTGCTCGCATCACCTAGTGTGTGGAGTTGTTAATGGTATTTCACACTAGGCGGTAGACGAAAGATCACATTTACTCGAGTACCTAATTCACAATCTACGAAGAACCGTTCAGGGGTGTTTACTAAGTATTCCACCTATTAGACTTCGCGGCCACTATGTGAATAAAACCAAGTGTGAGCTATCGATCGGAGAAGTAATCACGTACTGGCAGATAATCCGTTACTACGTTACGCGGAAGTTTGTCGCAGTCAATCCGAGCTGGGCTGGGCTTTACACGAAATCGTGAACGTCCGTAAACCTTATCGGTCGTCGGGTCCCGGTAGTCGAGATATGTCAGGACCTCCCTCCATAATGGTTATGTGCTGGTCAAGTAGGAACTTAGTCCCAATCGCTCGAGTGGGGAGCCATAATCGGTCTGTCCGGTCTCGAGGCTAGCTGAACTTTACCCTTTTTGGCTATGTCGACGCTTGATTGTACATCCTCGACGAGCGGGGAACACCTTCTTGTGACAGCCCGTGCGGTTTTGGGGGCTCTATGGCACGAACATTAATGGTCTGGTGATGAGCGCGTCCGACAGCGGGTTGGTCTGAGGTCATTCCAGGACGTGAACACTTTGCAATACACCGTACAATCCTAAGTCTTGATCACGTTGTTGCCACTACCTATCGAGTATCCAGAAAGAAAACATCACAGAGACCTTCCTAGAAATTGGGTTGCGCTACCTCTATATTTAAAAGTCTGGTTAGGTACTTTAACGACTCTCCGTGCGCACCCCCAAACTGGATGATATAGAATGTTACTCCCAATCTAGTTAATGGTCGG,1333,48.46,Homo sapiens
SEQ_654254,CCCGACTAACATAGTACGAACGGCTGACATGCCATGGTTGTTTCCAACATGTGTTATATACAACGTTACCCCTTATGTGCTACCATACGACTGGGTCAAGGTCCACGAAGTCCACTCTGAAGTCTCGAACGTGCTTTCTTTAGCTAGGATCGGTCCCGTTTACGATCAGTTGCCGATATCCACCAAGGAATGTGGGGCATCGTCGTAGCCTAGTGTCTGGGTTAATGTTATGGTGATGATGACCGAGGGAATGGAAGACTCCAATCGGAAACCCGCGCCTGTTAGGAATCCAGAACAATAGTCATTCTCTATTTACATGACCACGAGTATACCGGACCCCTAGCTCCATCCATGCACCTTGCGCACAGCACAACACATCCCTAGTATAATGCCCGACTGTATGTACGCCAGAAGAGTACATCCTCGGTGATGCTGACTGGACATCCGTAAAGAATGGTAGTCGACAGCCCTAGCGGGTTGATTTAGTTGAAGACCGCGATGAGCTGAGCGCAAGGAGAATGTAGATTGAGGCTTTCGCCTGGTAAATTTTCTGGGGTAGCGGGTAGAAGATGGCCAACCCCTCCAGATGCAGTCTGGCGGAATTGTCAGTAACTCGCCATCCCGTGCTTCTGGGTTTCGCTATATTACCGCTGGAAAGGTGACCCACGTTTCGCAACGCGTAGCTGTTCGAGCAACGTGGCATTGGCGACGCCATGAGGTCACCCTTAGTAAAAGGATAGGTTTCAATAGGTAACTTAACAAATAATTAGTTCGGTTAATGCTCCAGCGGGCACACCGACTAGAGACCCAACATCTTGCGAGGTCGGTTTAAATTTACTGAATGCAACCGTGCGGCGTTAGAATGAGGGACACATC,876,49.66,Mus musculus
SEQ_652608,TCATTGCCGCGCATAACTTGCAATGGGAATTCGCGTTAACATTTGGCTTCATACGCGATCTATCCTCCCCTATTTAGAATGAGACGAGTAAGAAACCATCTTATAGGTAGAATGTTCTCTTGGGTTCAATAACAGACTTCGTAATTGTGCCGATACGATAGAAAAGGGCTCTCGTCAGCAGCAGAGACCGAGTTTATGGGAGGCCCCTAACCCTGAGACTTACCACAGTCATTTTGCAGTAACCATGTATTGCGATTCCCGATGAACTTATTAGGGGTGTTGGTACGACCTTTAGATCACGATCTGAATGTGATCGTGACCTTTGAAGCATTCAATGAACCGTCAGCATGGTATGATTGGACGTCCGCTGATGTGAGACCAGCGGTCCTAACGAACTTGGGTACTGTTCCTCCTCGGGACAAAAAGTTCTTAAGTACTACTTATCGCCTCTCATCTGTTAGGAGATGGGGGTGAGTTAGTAACCAGTTCCCTGGTTTTGAGGTCAGTAATCTGTATGCAGGGGCGCGCGCCTGCCGCCTACCTTAGAAATGCTAAATGTCCCACTTTCACCATGCAGAAGAGGGTGCTACCGGAACAATGATAAATCCGTAGTGCTAATACGGGTTGGCCACGGAAGTTTACAGGATACAAGCCCGAGCCGTAGCTTCCCTCACGCTATATTTGGACGGGAGGGCTCGACCCG,703,48.08,Arabidopsis thaliana
SEQ_861567,TCTAGATGCACACGGCGCAAGACGTCGACCACAGGACATGGACTGGCCCTATCGAGAAATGTTGCGTCCAGCAGCCCGAACGTTCTGCGCTCTCGGCATACGATTCTGCCGACACCCCAAGGGACTCACCACTGTCGCTAAAGTGATTATGCCCGTGCCTAATAAAAACCCGCCGAGCACTGGGCATGTATCTTACAACACGGCATCCGTTATGTGCAGTCGCTTTGTGACGTCAGCTTCTGTTGGGGTACCAATCCACAGATGCCAATCACTCGAACGGTGGCCATGGGGGATCTACAAGTATTACCACATTACGTGAGGAGGTTGTGGTGGTGACTCAGGCGCATAGCGTTTTTCGTAACTGCTACCAAATTCGTATGGGTCCGCGTCGGACAACCAGCATTTAGATCCGGATGGACGCATTGAGCCCACCAGTTTGCGTACGAGATTTGTCCTATCTAACGCTTCAATTGCTGACAAAGAAGAACCGGCGCGGCCTTCATTCCTTTTCCTCTTGGCGATGTGGATGTCACGTCCGAACACGTAGTGGGCCCTCGTGTACGGCGCTAGAAATAGCATCTGCGGAAGGCTGCCAACCACCTGTTTCGTAAAGCACATTCGTCGTTCCATGATGTCTCATTCTTAACGAGATTGTGTTCAGGCCTCTGACTGCACTATACGCTTCCGAAACATCTTACCGTTAGCCACCCTCAATACCGTACAGTCGATATGGCCACGAGCTTCGCTAGTCGGATCTGCCTAAACGAATGACCTC,775,52.26,Escherichia coli
SEQ_490104,GAGATGTATGGATCTCTTTTGCCTTTTTATATTCTAGCGCCAACCCCGAATTCGTCCTGACCACAAATTCTCGCGTGCTCCTCTCATCTTTCCGGGATGGAGAGAGAGTCCGGGGGTGGGGCGCAGCCCACATTCCTTGGAATTCGACAGAACTATGCACTGGATATTCATTAGACGTAGCATAAACTCCTCTAGCGCCCGGGTAAATCAACCACTGGTACTAGTCCTCTTGTGTTCTGGTCACCGTGGGTGACCTTCACGTTGGATCAGCATGGAAGATAGGCGATATATGGCAGACGCGGCCTGACCTCAACAGTGTCGGATTTAGTTTCTCGGCAAGTTCCGTCGCAACATGTATAAATATTACTTGGAGGTGGGATCCCTAACTGGGCCCCGGACTAGCAACTTGCATGTGAGCGAGTAATGAGGGATCAAGAGTCTTTTAGCCAGTGACAGCGGTTGGACTACGGAAGCAATCCGTCGAGCCATCGTCGCGTCACCTGCCGACTTGCGGTGCCTGCAGCCGGCCGCTCACTATATCCGAACATGTACGCCTTTTACAATGACCCTGGAGAAAGCCTGCTGGTCGTACACAAGCGCGGACTGGAAGCTCTCAATCGAGGGGGTCGTTGCAATCGACAACCCCTCGTTCGTTCGCCTTCAGTACTGGGACGGAGTGAGCTCGTCTCGCAGGACACCCTGTCCGCAGGAGCCCTGAATCGCTCGGTCGTATGCGCTCTCCTAACAAAGGTCTGAGGAGGGTCAGATATCGAAAAGTGAAACAACATCGAATTGGAGAGACCGCATGCGTTGCAGCACTAGGAGGAGCTCTGACCTTCGGCTTGCTCTCTAGGTCCATACAGTAATACCTCATAGAACGGGGGTCCCATCTCAGTGGAGTCGCTTAGAATCGCACCACGCTGCTAGTGCCCAAAGTCACTAGCTTCGTACACTCCACCAAGGTACGACATGCAGTGAGTATAGTAGGGTGTTAGTTAAGGCTGAAGGTGGAGACAAGCAAGCACCGAGCGTTTAGAGAGGGATCCGTGTACGGAGTAAAGCCCGGAATTTAATAGGTACAGATGCACCCGGGGGACCCAAATCTGCTCAGTGTCGCCCAGCCGATGAACTGAAGCACTTTTGATTCCTAAAGTAACCGCTGTTTTATACCGCGGGTTCAAAACTTCGAACCCGATAAGGCCGTAAAGGTTAAACGGTGATGGCACGCGCGAACGAGGCAAGGGACTAATCGTGCAAGTGCGGCATGGGTCTCCGGATTCCTGAGCGTTTAACCAGTATAAGCAGGGGCGTTCATGATCAATCTTCGCTCTCCCATCACCGAGCTTCTGCTCCCCCTGAAACGCCAAACATGGAGGGGCCCTCTGGTCTCTAGCTTTGATGTATCGTTTGAACGAGTGCTGCTCAGTGAGTCCATGAACTCTGCGTTTCGTCCATATTACAGACCTGGAAATAATTAATTAATTTGTGCAACGTGATATTGGGGGTTCGAAATATTTGGCGTTAGTGATATGTAAGCATTCAAAGCCTCAAATGTGAGCGTGTGGAGTTCTCTGAGACTTGTTACATTTCCTCTCGTTCCATAGCAAGGTTAACGAAAGCAAGTCTCAAAGCAACTCTCAAAATTAATAATAGCCTGGCGGTGGGCGGATTCCTCGTAGGAATTTGGATGTGGACACGCCGTGCTGCGTCCTGTGGGATAGGCCTTCTCAATTCTAATCAGTCAATTTTCCCTACCCATCATCC,1764,51.08,Escherichia coli
SEQ_960669,CCAAGTTTAGAACTCGATTCGAACGCCTGCCGTCCATGGCCATGACGGCGGGAAAGGGCGTGAGGGGGACGCACATGACAAACTCCTCACTTGTGATACCGGCATAATACAGGGGGTTTCTCTTAGTCGACGAAGCACCGTATCTGCAGCATTTTAAGTCCGGATCGATCAAATCACAGTAATAGGAATGGCTGAGAACGTTTATGCTTCGAACTGCTGTGAAGGAACCTTTTAGTAAGCTTCGACCCCGCCTAGTCTCCTAAAAGTCACTATCTCTGACAGGCCCTAAAACGGGGATGGGGGATCAGCGCCGAGGCTACCCACCCCCGCGTTTCGAGGACGGAGATAGAGTTGTCGGTAGACATAGGAGCACTCAAAGGTCCGTGAGCCTATACCCTCTGTCAGCTACTTGTTGGTCTAACTA,424,51.89,Homo sapiens
SEQ_215981,ATTAGCTAGGCCTCAGATGGGCCTATTGTTGACTGGGGCAATCAACAACTAGTGCTATGGCCACCCGCGGTTTTACAGTGCAATCATCCAGATAACACCAGGTCCATGGGAGCGCTAGCTCTAGATGTAGTATCAGCTTTGGAACAATGGTTGCCGGAACAACTTCCCAGCCCCCCACAGGTTCTTGAATGGGAGTGACAGTCCGCTTTTCTTGTCTTTCGTTGATAGCGCCGCCAGCATTGGTCAGTCTCAATGTGCACTGTGTTTTATAAAAGCTTGGCTCTGAGATTATGATGTCACCATACGGTTGGTGGTTCGGTTGGGTGCCCAGCGATTTGCTGTCGTGGCCACAAGCGCCTACCGTCTAGGCGTCCGCCCTGAAGGTCGGTACAACGGGCGCTCAGAGCTTTAAGGCAAATCTTGAACATTACTTATCACTTTCCACACGCCATCAGTGTACGAGAACGCAGAACCCTCCGGGTCAGAAGCTGAAACGAAGCTCAGGACACACGTGCCCGAAAAACGGGTATAATATCAGGTCGCCAATGCTCAACGTAAATCTGAAAGACGGCTTTCAGGGGGGCGTGTAGCCAGTGTTTATAGTCGGTGGTTAAAGTCGAATGGAAAACATGGTAGTGACGCCTGAACAAGTGGTCGATTAAGAGAAGTAATACGTTGAAATGCAGTAGACTGTGTTTGTGAATTGGGTCAGCGGGGAGTATGTAATTGGCTGGTTCCGTGCAACCCAGTGGGGAAATGTTAGAAGCACCGCCTGAAAGACTGTGAATGCGGGTTCCATCCGGACGTCGGCTGGTAGCACTCTGCCGTTACCGCCTTGGACACCTACAACGGCCCATATCGCATCTCGGGATCCAAGCTGTGCATAGGTAGATAGTCCCATCTGCATCCATCGTTCTTGCTATAAGAATAGCGCCCTTAAGACGGAAATCTCTGCCGGACGCAGGCAGCCGTCAGGTCAGCCCACTGAGCACCAGTCGAATTAACATTAAAAACAGACTTCGCATGTGGGACCAGGGACCCATGGCCTTCACATAGATAGGCTGGAGGGCCGCGAGCTAATTTGACTTGTAGTTGGCAAGAAGGCCATCTATCTTGTAGGCGAGTACGTTCGCTCCTAGTGGGCAAGATGCAGGGTCAAATTACGTAAGGGTACAGTATTTTTAGACTTAATTACGTCATCGACTGCGGCCTACTACGGCAGGTGTTGGAACATGCACTGCGCATTATTGCGTTTGGACATGACGCTGGCATGACGGATCTCGCGGATACGGTCGTGGTTAAGCGGGCCAAAAGGATCCATCTGCCTCGGGTACAGATGTGGCCTTAATTATCTCGAGCCTTCCAATCACTTGCATCATGTCAGATTGCATGAGTTCCTTTGCAGTGGACACAGGTTCCTAGAGAACGTCAAGCTCCCAGGTAAGAGTCTAACTTATGGCCGGTTTACGTGTAGAGATCACTTCGATACCGTTAGTACGGACCATGGGTAGGTCAGGACCCATCGGGGCATTCACGATTTGGTACCCCATGCGCAGTCCTTCGCTGCTAGTACTCTCCAATTTTTTCCCACACGCGTAGTAGCTGTTCCCTGCATAGTCGGCACGCGGTGCTTATACTTAAAGCGCACGGCGGCTGCGATGGCCTCACAAGGGCTATTCCGACCCGGGTGATCAACAACGCAACACCGTCGTAGCACCGCTTCACATTATGTGCGGCTCATTTACCCGAGTATACAGCAACCTGCG,1766,51.47,Homo sapiens
SEQ_821983,AGGATTTATTCGTGTGCTTGAGCCCGTACTTACGTCAACCCTAAATGGCTTGTTCAACCGACGAGAGGACATAGTTACACGAGATTTTGAAACCCTAACTTGGTCAGGAGAGCCCTTACTAAAGGTCTCAACTGGAAAAGTAGCAAACCGTTTCGAACGCACGTAAACTCTTTAAGATTGCAGCCATGCATCTTCGTAGGGGGCGGATGAAAATGCATATCGCGGGGGGACGTGGAGACGTGGTCTCAGCCTCCCTTGCCCGCACCGGGTCGTCATGGCTCTTAGCAAATCTATTGCCGGCCGGTACCTGACGGGACATTGTCTAAAACAGAAAATTTATCGCTGCAAAAGGGTTAGCCTGATTGCAAGCTCCATACGTTAACAGCAGCTTTAGGAGCACGGCTAGCATAAGTCTCAGAGGATACGCTACTCGCTTTAGTTACAAGATAGATTCCTAACAGGGAATTAGTCAGACCGGGACCTTAGTATAGATATCACGACGAGCAGTCCGCGACGCTTGAGCAGATCGAGTTACAAGGACAACAACTTTCTATCAGACGTGCTGGTACACATTAGAAGTGAAGGCCTCGCGTATGGGAGGTGCGACGATTAGACTCCGAAATCGATGTGCCCGGGAACATGCTGGCCCAGCGATTTCGACCCGAGGACGAACAGGGACCATAAGGCGACTCTCACCGATGATTTGCAGTATCGGACGCGATATATGCGTTTCAGACGATCGGTGCGACGCCGGGACCTTTGCGATAACCTAAACATCTCAACATGGTCGAGAAGCGCCTGGCGGTTTGGTGATACTAGGTTAGAAATGGGAACTAACCCCACGCCCTCAGAAGAGATATCGGCGGCGGGATTGCACAATAAGCCGATAACAGACCGCTCGCATGGTGCTCGAGATATCTGCATCCCATAACAGCTGATT,940,50.43,Mus musculus
SEQ_799822,TGATCAGTAATTACCTCCGAAGTCCGACAGGACGTGGTGGTTGCACATCATGTCGAGGTTCGCCGCTTTTAGGGATTCTTTGAGGCTGAGCAAAAGGAATTAGCCTGTAGCGAACCGGTCCACCAGCCGCGCCACCTGCCCGTGCACTGGGCGCGACTCCCGAACACTCTTAGGTTAACACTTCTTAACTTGTCAAAAACTGGAGACCGGGCCCAGTGCCGTGGCGAATCTCCTGATTTAGATTCCCTAGCATGCTTCTGGGAAAGACCGTGAAACCAAACTCACAGGGACATGAAAAGAGACAGCCCTATCCTAACTCTTCGCGCCCGAGTCACCAGATCCCGGCACTATACTCTTTTCGGCGAAGGAATGCTGCGCGACTGTTACTTGATCAACCCGGACATGTATACGACAGTCGGCTTTAGGCCTCAACTAAAAGTTGCCTCAGACATTTGCAAATATTATCTTCCCCTATCGGTCGGGATGCCTGTCTTGAATACGCGCGGACGCAGTGCATGTGTAAACAGTATTACTGCCCTGCGCACTACAAGCCTGGCAGTGCTCCGTTACCCGCCAACACACGCCGAGCCAATCCACAGTAACGAGCCCACGGTAGTTTGCTTTCAGACTGAGCAATAGACTAACGCGTTGAAGTCTAAACGGATAGACGACTTGGCCGACAGTGAACGCTGGAGCAATAAAGCGAATAAGATCCGGCACCGAAAAGTGTACCTATAGTTCCCGTATTTGAGGGTCAACAAGGGGACCTATAGGACCGCTGCTTAGCTGGGTGATGGGGGACCCGGCGAGATCTCCGCTGAATCGGAGGCCACTTTCCGGATCGGGTATTTGCTTTAGAGCCAAAACCAGCCAGTGACGGAATCTGAATCCCGTCGCTCACAGGACGGCTAGTGTCCATGCGTGTATAATATGCCCTCGTTCATGAAGTGACAGACGTAGAGGGTATGTGATTGTTTGTAGCGGCCGCAATGTCACCACAAATCATAACTGTATAGGTGGACCCCGCGAGAAACGACCTTCCCTGTGAACAAAACGGTCCGTCTTTTTATGCTGTTGTCCGAAGGCTCATAGGTTTGTTCGCGAGAGCTCAATTATCACCAAGAACTGTTAGGGCTCCTTCGGCAAGTCAAAAGGATACACTAGCTTCTCGATGAAGCTGAAGCTGCGCCACGGTGATGGTTTTAACAGCACTGAGTTGGAATCCCTATTACCTAAGGGGACAGGCACGCTAATCTTAAGAAGCACACTCTCCAAATTGAAGGAGAAATTCGCAAAAGGAGGAATTCTGTGGACGCAGGAGGGCACAAAGGCTCGCTGCACCGGCCTCAGCGGCTTTCGCTGTCTGGCTTCTCGTCATTGGTCACGTGAAATCGACTTAATTCGAGATACACGGTGACATTGCGGCCGCACTGCCCATGCTTGTTGGGGATTCCGGATAGCAGCCCGCGCTTCGTCTATACGATCGCTAGCGACGTTGGCATCCGTACCGCCGGTACTGTCTATGTGACATCTATCGGAGCAGCCGGTCCGGCCTCATGTATAATGACCAGGCAGTTCGTATCGAGTTCTATGCCGGGGCTCTTACCGATGTGCTCGACTTCCCAGCCCCTAATAAGATCATTCTATTTTTGAGCGCGTAGTTTCGTTCACAGCTAGGGCCTCTTACCTTCTTTAATCGCCTGGACTACCGACCAACCCCTCTGTTTAGCGGCAGAGAGCAGCGAGGTAGCCCCCTTTCGTCCCTGGTTTCTGAGCATGAATGCCATCTTCTGCCCCCGTCATTCGAGTGGGTTCTAACGTAGAGCACGGAAACGCCTAGAGAGCTTTCAGGCGGTGAGGCCAGGGACTAGGGGTTCGGAAATTGG,1886,52.44,Drosophila melanogaster
SEQ_202063,ATACACACCTCGTCACTAAGGAGCGCCATGCGATGGCAGGTCCCCTAGTGTTATCAGCGATTTCATTATAGCATATGCTGGGTAAGAAACAGAGCGAATCCTGTCTCGGGTCGAAAGAGTACGGGTACAACAGGTAGGTCTCGATGTGTTGTTCCTGGGTGTACCATAAAAGCGCTCCTCAGTAGCGGCGTGAGGTAGCGAAGTTTGGGGACCTTTCAATTGTTTATGGGAATGTCTAACGGCAGTAATAGATTCGACTGGCCCATAAGTGACTGTAGGTCATAAATGAGCTACTCTCGCCGCTTGCAAGGGAGCTCAACAACTTTAAAAGGTACACTTGCACCATGTGAGGTAGATGGGCGCAAGTCTGAGCGTGAACTAGACGTCGTAGCTCGCAATCACTGCCCTAGATATTCAGTACCGGCGCTTTTGTGGTGTTCTCTCGACACCTGGAGTACATGAGATTGGGGGGCAAGGTTACCGAAACCCTTCGTCGTCTCACGGGGGCTTTCGACGAGGTTCTCCGTCTCTATAGCAATCCATAGTCTGTAACCCCGTAGGCGCATTTCGTTGTCGACCACAGCATGGCCGTCGCCCCCGCGGCCAGGTGGTTAAGACGAATCGTGTTGCACCCCATAAGGTGAAGGGAACTCCCCCGGAATCGAGACGTAGGTGTCCTCTCCGAAGAACGTGTGATTTGTCTCGTGCACGTTTGAGTTGTATAGTGATTCGGTCATTACGACTGTTTGTGACCGAACCGGGAGCGGGATTGCATATATGCGAGCTACTAAATGCACCCGGTGTGACCGTAGTTGCCATCCCCAGCTAGGCCAAGACGACTGCTTCAAAACTCCGCCACAGGCTTTTGATATGGTTCTAGACCCTCATTCTCTACGTGTGTCCGAGCTACACTGAGCGCACCTCCAGGTTCCGCCTCGTAGGTGTAAATCGGCCACTAGTCTTGCCTGCTCTCTTTTTGCTTTCATTCCAAGCGCGAAAGGGGCGATGTTTTACGCTCTCTGACGCTTCGATGGAACACCCTAGCTGCGATAGGATAAGCGCGAGCCCGCTCATCGTTGCACGGCTTGACTGAGGTCCGGGAATTATTATCAGAGGCCTACCTTCTCTCACGGTATAAAGACCCAGTGTAGTCAGAATCCGGCATTTATTGTTATTGAATGGGAATATTAAGTAGACTCTCGTATTATCCGAGATATTATAACCCCTTTTGACCTTTCGTTCATATTAAGTTAACTCACAAGCTCGACCCCCAGGACCGCCACGCTCCGAAGATTGAGGGGAAAATATCCTTTCAGCGCGA,1321,50.87,Drosophila melanogaster
SEQ_533205,ATGGAACAGCCCCCGTGCCCCCACGAGTTTCGCTCTAATAAGCTAGTCTGCACAGATGGCCTGGGGATGACGTAGCAGACGAACACGGGAGCGGCCTATGCAACTCTGCTAGGACCTGCGCTTCAATGGATATCAATTTACGCTCGACTCTGTCGAAATAACACCAAGCTGGGATGGTCGTTTACTAGTCGAGCACTCGTTCGTACCGGCTCTCACTAATCGCGGACTACATATCAAGAGGAGGGCCCTTGCAGAAATCCCCACTACTAGGCCGGGCACTATTCCATATATTCACTCGTGTTATAAGCTACTCGGTCGGAGGATGATCCGGGTTGAACGAAAGGGAATTATTTGCATTTAGCCCCTGGTGTTCGATGCTTGGAGTATGCGAGCACTTGAGGCCTTTCAGGCATGCGCAAGACGCGGGGAGGCAGGTCCCCGAGTGTCTAACTAATTCGGCGCATTTTCCTCAACTGATACCCTCGGCATGCCAAAAGCAATATAAAATTACTTAGCAGAGTGCGCTACTACATGGCTGTATCTATTGTACCGGCTCCAGAATCGCAGTTGGGTAAACTAACTTGCCGTGCAGCGTTAGTACCCCGATTTGCAGAGCAGCTTGTGTCGCAGATAAAGCTCCGATTCGACTGAGCAGTTTGTAAGCTAGTCATCCAAAGTGTTCCCATTCACAGGAGCAGTAATAGTCAAGGGTTTCCAAAGGTGACTGACCTAAGCGAAGTGCTTAGCCGTCTAGCAGAGGAACCTATATATAACCCCACTTACACCCTGATCGTATGGTCATCCACTCTACTTTAGTGCAAAAGCGTTCGAAATTCTGGGTAAGTCCGCGTCCGGCAGTAGCAACCGATCGTTTCATGCGCGCTTTACGGGGTCACCACAGAAGACCCGCGACATGCTAGGACGGGGGCTTGTGCACAACACGTAAGAATACTGTACCCGACACCAGAGCAATCCACGACAAGGCCAGCTTTATGCTCCGTTCCGGTTGGACTAAACATCGTGGGTCCTGGAATAGGTTCGAACATGGGCGCGCGTTATGTGGAGCGCTATTAGGGGTGGCACGCTGTAACTCCTACAGTGCTTGGATTATGCAGGGTGCCTTGCCTATCTGGCTTCTCTTGGGTAGGACCCCCATAAGCATGGACATCCAACAAGGTACTGATT,1185,51.31,Drosophila melanogaster
SEQ_552732,ATGACTTATTATGCTCCGTGTCACCCGACAAGACCCGAGATTACTCCGCCACTTGCACAGACGCCTGAGCTTCAGGGGAACTCAATTACTTAGATAACCTCATGGGCGATACGTCTCACATGGCGACCGGCTTGTTATTGATCATTGTTCGCACAGGTTAAATGTAGTCCGTCCGCTTGTTGCAGGCGAGGGATGGATTACAGTGGAAACTATCTATGGTGCCCCTCACGAGGGCACTTAATGCATATAATGGGCGATCTTCGCGTGTAAGACCCTTGCTTGATTTTCTGTCCGGCTGACCGTGTGGTTGCCGGCACCCCTGGGGAACTGGTCTTATAAATGTGGATATAGGATCATAAGCACAGTACATGCTAAGAGTACCTCGACCGACATAACAACAGACCTGCAGTTCGTTGTCAAGGGATAATTCAGATCGATTGACTACCCCTCATAGAACAGCACCGGCTTAATCTTGTCCTATGTCTCGTCTTTTTCAGAGGCAGACTGATTCCTAAATATGGGCCTATTGCAATGGCTTGGCTCCTTGCCGCGTATGACAGGGGTATGGATGCTACGAAAGATGGGCTGGTACAAAACGTGGGATAGGGGTATGGCTTCTATCCGTCCGTGTGGGTCACGGCGTATCAGGATTAGTATTTACGGGTATGGGCGGGTATATTACTTGCATGCTCCCACCTCCCGCCTTAAGGGCGTCTATATGGGCCCGTCCTACGCCCCGAGCCAATTTATAGTAGTTGGACTGTGTCTGAGCCACAACCCGATTGATGTTGGGAGACTGTGTATGTCGTCAGCCCATAGAATGCTGAGTGTGCGCACAGTCCTGATTGTTGAACTCGATTTGGCCATGGATTTGGCATAGCATAAGTATCTAACCACGAGTGATATGTACTCTAAGGCTAGAATCTCTGCCTTGCATGGTCCGACTTTCGGACATAGCTCAGATGAGCAGCTCCACGAGGTGGGGACGTTACAATGTCTGATGACAAACTGAACTTGACCCTAAGTTCCTATTACCTAGACCCTTTCACGAAGGGGACAACTTGAATGCTGTTAACGTAGGCCGACATAGACCAGCGTCCTAGCGGATCAAGACGTCTAGCGCGCGTGATGTCTGGATTACAACGCCTGTCCGGGGAGCTAGACGATTACTGTACCTACGGGTTGCTCCCACAAATCTGATGATCTGTTTAGTGTCGCTTTCTTTTGTGAGGACCCGATCTTTACGTCACGCGGAGGTCGTCCCAAACGTGGTGGGCAAAGATGCGACGCATCCCACCGGACGACTTGGGTCAGGTTGGGTTAAGCATCGGGCAACAGCATAGCCATTAGCGCGGACCGCGCACCCATGATAACCACAACTGTCCATGTTCACATTTGGTGATAAGAAATGTGCCACCAGATGTGCCTGATATCTTGGTTCCGTCATGTCGATGAATGGTCTGAATCCCTTCGTCCCTGCACACACATATATCTGGA,1497,50.23,Mus musculus
SEQ_954433,TATGTCGCCAGCCCGTGTGTAGCCGAAAACAGCCGTCAGACCATCGCAATAGCAAGCATCTACATAAAACCCTGCCTCGCTCTGGGCAGAATCGGGACGTCCCCGACTTGTCACCAGAATATGGATGTTTGCACTACGACAGATATCGCGAGCACCGAGTAGTCCCCCGACACCAGCATAGCGCCTTAAGAGTACCGCCACAACCGTCTCAGCTCCTTGTCCCGCGAGCTCCTATGGGCCACGACTACCTGAGTCTTACCGTTCGCGGTTAAGGCAAACATGTAGTGGGACACATCGGACCTATACTATAGGAAAAAAGGTACTGAATCACCCAGGACGCCGTTAAATATAGCATGCTGGAGTATCCTGTTACCCGATAAGTGAACGGTTTTGTTTCAACTGCTTCTCGGGCGTCCGGCTCGGCCTCGTGGATATCGTATCCGATCGGTGCATTGCGGGGCGATTCCAACGCGGGACATCTCTATGATATCCACTCGCGAACAGGTGCGTGATCCTTCGGGTCAGCTACCGCTCCAGGTTGGTCCGTGCGGTAATATTCTATCACGTCAATGCACCGGTATTGCCCACTGTGGCCCCGGGGGCCGTGGCTTGAGGCTTCTAGGGAGCAGCACTCCTGGCCGAGCCGTTATCCTTCCGAAGTATATCTCCGAGGGGATGAACCGGCACACTAATTCTTGGGCGTTGTAGGTGAAGTGATGTAGTTCGCTTACCAGTTGATTTTCCTATAGTACATAGAACTAGGGATAGCCTTTCTCCCCAAGATAGTTGGCCAGATGGAGATAGTGAGGTCTCACTTTCATACTAACCGGGCCGACGTATTATCAGGATCGACCGTAGGAGACCCGGCATATTGAAAGACACGTTTTACGTGGGTCCGCGCCACGCCAGATTAGCATCTCTTCTCGGCATCAATAGATATGTGACTAGGCGGCACGCCTTATGGTAAGAACGAATTCCGAAATCCCAGGGAACGGACCGTTGCTATCCTTCAGATCGGAAGTGGGGTGGAAAACGAGGAGAGGAAGGTAGTCTGTGCGCCGACCGATGTATCAGTGCCTCAGTGAGTATGATCCTAGTGACCATCTCGTTTGCCACAACAAGGATCCACCTAATTAGCCTCTGATGGACAGCAGTCATGCGGGCGTCTGAAAGTGTTAGAAAAGGAATTCAATAACCGAATAGGATTAGTGACCTGTATCGTACCATCTAGGCATTTCAGCGGTTAATCCCCTCTTCCGTACACTTCCTGAGTAGATGCGGTCTAGTCGAAGTGGGCACGTTAGCCCTTTTTTCGGTATTCCATATTCCGAAATGTCAGTCAAGCGGAATCCGAAATGGTTGCGCTTTAATCACACCGTAGCTCAAGGCGCTTAATATCATAGAAGCGATGTAACCGGCTGAAGAGTCGATGTGTCCGCTCTCCGTACTGCAGAAACGTATGCGTCATAGAGTCTGCAGTGTCAGCTTGATTCTGGTCAGTTCACTCGATTCAAAGCTCATTGAATGAGTATCACATGACTCGGGTGAGATTCAATAGATC,1561,51.06,Homo sapiens
SEQ_474114,GCTGTGTGCCAAACTTTTGTCCCCGCCGCAGCTCCTCGGAACGGTTCATGATCCTGTCCGGTAGCTCTAAGCATGCAGCCCATCTGGGTTATAAAGCGCTTGTAAATGCACCTCTCTCATGGTCCAAACCGGCTATTGGGGGTTTCGTTCTTAAGTGGCGGGAGAAAGGTGATTTTACGACAGACATTAGTGTATAAGGCATGGCTGCACGTCCTAGAGTATCAGGGAGGGCCGATAATTTAACACCTGCGACGCCGCACACGGTGCCTACGGAGAGTGAGGTGCCCATGCGCACATAACCTATCACGCGAATGATTTAGTGAATCCTGACAAGATGGCACGCATCTAGACTATCGGGTAAATAGGGCTAAAGCAATAGTACTAAGTTAGATAAGTGTTCCGCGGCGTTAGGGCGAGTAGCCCTTACACCTCCAGTCCGCCGCACTGGGCACGTATGCAGGCTGCAGGACTCCAATGGATCAAATGAACTACAACACGGGTGCCTATTAAACGACTAAACCCCACCGGAATAAGGCCAGTGCGACAGTAACGAATGCCAAGGATAGACTCTCCACCCTAGACGCACAATAGCCTCCTCGAGCGGCGGCGGATGGAGCGGGCGATGCGGATAGGCACCTCCATCCGCGGTTGCAACTCGGTGCTTAAACCACTAAAACCGTGCGGGCTACCAGACCTGAGTGCACCACCGAGATCTTGCCAAACATATGTCTATGCCATATGGTACCTGCCATCGTAAACTCGCCGGCCCGTACCATGTAATTGAGAAGGATGTGGAATTGATGCGCTGAATATGAGCAGCCAAGCTGATGAGTGTACTTATCCAGACTACAGAG,854,52.46,Arabidopsis thaliana
SEQ_101193,ATAATGGTCCTGACGGGATAGGCGTTACCAGGATGAGATCGAGCATAAGCCCGCTCAACTCAGGCTCTGTCACCGATAGGACATAAACGAATGACTTTGAATCTATTCTTGACTGGATCTTGGGATGTTTCCTGAAGGGAACGAGGGAGCAGGCTTATCCTACTGGGAGATCCCTTACAGTCCTAAATATGGCAATTTAATCGAAGTCGAATGCGGTCCGGCTACCTATAGTGCTCTCCGACAGTCTCCGGATCCGAATACACTGTCAATGTGACCCATCAGGGACTGTAGAATCAGCTTCTTATGGAGCTCTCGACCATTCGGCGTTTGCCTTCCAGTTCAGGGCAGGTGTGTAGGGTCCTGTGAGTTTAACTAAAGACGCACTACATTCATCGAGAAGTACTGCAGAGATTCACCGGTGAATACGATAAGACTCTTCTGTGTGAAACTGAAAGATACCGCTGGGCTCCACGACTCCATCTGTATACTTCTCTGCCTCATACGGAGTGTGATCCAAGGATTTTGGATACCATTAAGAACGCTGCTAGATAGCCTCCACCGTCCTGCCCTTGACGCACAGTGTGCTAGTTTAGGCACTTGGTCTCCGAACGGACGATTGAGGCTCGCTCGTGTGACCCTCCAGGCTGAGGTCTCCGGAATGTAGCTGATCAGCCACATGATAATCCGCCGCCAGAAGGGACCGCATCTGATCTGGGGCAATACAAGCACTTCCATGCGGTGTATTAGTTCTGTTCGCAAACGAGAACCCAAGACCGCAATGCTCAAGTTGGGTAGGATCAAAATGGTCCGTTAGATGCACAAGGATTTATAGATGCAACGTCGGCATACCGCTGTGCCCTCAGGACTCTCCGTACGAAATCGAGCCCGCCAAGAAAGAGAGTTTGCCATTCGGGCTCACTACCATTAGCCAACTTATATCGTTTGATTTCAATGCAAGAACGCATCGGACGCGTGACCCTTGCTCGGCCGGACTCGTAGGACGGAACCCTGGCACACGGCTATATACAGAATCGCGTAATAGAACCTGGTCGGTCCAGATATATCCTGGCAAGATCATAGACAGGCTAACCAAGTACATTTATGGGTTGGGTATACAGTTACCACTGAATAGCCAGGCGAGTGGGCGATGATGGAGCGATAGACACACAGAGAAGTAGTATGCCCTAGCCCAACTCAGAGAGCCTACTCCTTATTAGTCAGGTTCCCCCTATAAAAAAGTATGAGCGACAACGCGGAAAAGCAGCTTCGAATAGTGAACGACGACTGAGCTTTAAAAGATCCATAGGGAACTTCAGAGCAACATATCTTGTCACCCGAAGCACATGGAATTTACAAGCCCCCTATACCATAAAGGTCGGTGAGGCCTCCGAGCATATGACGCCGACTCC,1409,49.75,Caenorhabditis elegans
SEQ_631352,TGTCGGAGCTGTTAGATCTCGGGCAAGTATCACTACCGCAACCCACGCCCATGGTGTACTTATATCATAACCTGATAGTAGGCTATAAGCATATTAAGTAGTGATGTCCGTATGCTTCATCCGCAGACATACCTCCTCCGACCGAGGGGTAGGTCA,156,48.72,Homo sapiens
SEQ_515046,TATTTCATCAAACTCTCGGGAATCGAAACGGGACGCCAATATCGCATAAAGCGCTACCTCCAAAAGCCTTAATTAAGGGTCACCATCCCCCCTCGCGAACGACATGAGCATTTGCGGAATGGGAAGGCCGTTCGACTGACAAAATTCGGGGCACGGGGTCCCGTCTGTCGTGGACGAAGAAGCCGGCATGAGTCCGAAAACGCCTCGTTCTCCTCACAACCAAAGCTCGTCTGACGGTGTGATCTGCAATTAGGCTGTGGTCCAGAGCCGAGTTTCTCCAGGCGGGTGAGGTTCCGCGCTCAGGGTTGTCCGTAGCAGTGCTGCATTTCAGTTCTCTCGCTAAGAACCTTTGCTCCGTCCCCCACGGACCTGTTTCTGTGGGTTGACTGGTCCTCTTTGGAGCTATACCCACTAACAGCCAGATCGTAAGGTACTCACATCGGGTGCTTAAAAACTAGACCAGTCTTTCCCTCCAAGCAGGGTTAGTTGTCTGAGCGTCACTATATTTGGAATGGAGTAACAACCGGGTAGGCGAACTGTCGAATTGGGGAGAGGCCTAGCACGACAACTGTCCCTCATCTGCTATGATCTGCATTGTGCCTTAGGCCTAGGTAACAACGCTTACATTCGTCGGGGCAACTGTACGCTTGCTCGGTCATCGCATCAGACCTATCGGATACTTGGGCTCTTCCACCCCTAAGGCCCTTGTCAGCAAACCTTTCTCGAGGGAAATGTCCCCACCCTCTTATAAAGCTTAACAAACACCAGCAACGGCAGGGACTGGTAC,787,52.86,Caenorhabditis elegans
SEQ_984599,CGTAGATGTATTTGCCCCGACTCGCAATTCGGATATCATACCTTGAAAAAAACCCAACTCTCTGCGACCCAATCGCTATGGGCATACTTTTCTCTCCGACAGAAGTAACGAGACGCGGTATGTTTAGCGTAGAGAGTATCTAACTGTATCCCCTCGTTTCCGGCTCGGTACAGATACAGTGATTCAGATTAAACGAATGTACCGTTAGACCAGGGAGCTTATTTTAAGTAACAATTACCATGGTCATGTCACGCTAACCCACCGGTCGCCCATCTTCTTTTAATAGTCCTGGACTATAGGTGGCAATCAAAGTCCCGAATTTTAATGACTTCAGTGCACTTGGGTAAAAAGAGTACTAGAGCTGGTCGCGCTTTGAGCGATAACTTGAAATGTCAACCCGCCAAGTCCTTGAGACACCCGTATTGCTATAGTCCCCGAGCCATTTGCACACTTAAGAGCCCGCATCCGGCACTGTAAGTTACGAGGACGCGCTCTTTTATTTAGCACACAACGAGAGCTTGTGGCTGTGCATGGATAACTGATCGCGACCAACGTAGCCCATTGTAAAGCGAGGTAGGCGCAGATACAATCTCAGGATGAACCCTATCCTACACTGAAAGTGATGCTCTTCCTAGAATTTTAAACCCGGGAGCGGTACGGGTTCCACTAATACCCTGGGTGTTTGCAGTGTTAGCTATGTTGCAGCTAGAAGAGGGATGACTTTAGAAGATTTTAAAGTGCTAGCAGGCATTGTCACGTAGGACGACGGGCGTTGCCCTAGTCCAAGTCGCCGTTTTCCCGCACTGATTTTAACCACTTAAATTAATACGCGATCTACTAATATGCCGTACCCTTATAGGAAAAGTCTTGGTAATGTTCGGGCTATACGCATCGCAGGACAGATATCTGCTGAATTCGGAGCAAAGTAGTGACAATCCCAGCCGTCCCGGACTTTTAGACCAAGGTTAGCCCTATACCGCGAGGGTATAAACCACCTCCTTCTGGTAACTATCGACCAAAAAACCAGCGGAGACCGCAACAGCACTTATGCGAGAGCCCATGCTAATGTGGCTAAATTAGGGATGACCGATTCGACAGTTCACAGCCCCGACCCATGTTCTTCGGTCTGACCTGGATAGGGCTGGAGCCCGATGACGTCTAAACCGCCTATAGCCCGCCGTAATCTCCAGCATTTCAAAGACTGCTCGCGGGCGAGCGGAGAGAGTATATATATAATCCGCACTTCCCTATGTCGACCCTCCCTGCTCTGAAAGCTTGAATTCTGCAATCAAGTCTAGATTCCGTTACTCTAACTTAGCCAGACGCCAACGTATC,1335,48.09,Saccharomyces cerevisiae
SEQ_288856,GACTTCGCGACTGGTGCGTTCTAAGAGATACAGGTTCCCAGCGGAATCGCTTCACAAAGGTTGGATCTGTCAGCTGACGAATGCTAATCATGTGACAACGATTAATTCAGTTTAGCCCCGTGGAGCGTGTGGTTGTTGAAATTAACTTTTACATATAGTAAGGAACGGAATCTTTACTATCCCTCGAATACCCTCACTGATGTGGTTAACCGCTCTAGTATCACCGGGATATGCTAGGGGTAGCCAGGAGAGAGATACGTTATCGTGTGCCGTCGCAACGAGCGTGCTAGTTGAAACAGCCCAGCGGCCAGCCCTATGTAAGTCCAACGTCTCGCAAACTGTATCTGGATTTACTCACACAAGGTCTGATACACACTTGCGCTAGTCAAAGAACAGCTGTGACGTGAGATGACCTCACCTTCCCCTATCCAACCTGGGGTGTGATCCCAACACAGTTGAAGATTCGAGAGAACTCAACCCTGGTTGGAAAAGCGGGGTACCGTTTGCGCGATGTGACCATCACCCGTACTGATGCAATCGTTGCGAAGAACGCGTGAGTCCTAAAGAGTTAAGACGCGGATGATCGACTACCGATTTTTTATGCTTATCGTTATTTTTAATAGCCTGGGACTCCGCAAGCAATGTTCTTTGATTTAATGTCCTCGCCACTGATCGCGGTTCCATTCGCTGGCTTGTAGCCCGCCTCTAGAACGAGTAAATAACACCTCGCACGGCGGGGTCTGCTTAGGTTGCCGGCGGAAAGCGTGATACTTTTCGGCAGAAGACGTATCGTACAGGTTCCTCAGCGTTCTAAGAGCTGGGCACTAAGAAAGTGATACTAGCTGTGGGCCGGACTAGAGGAGACAGGAACAGCTAGTGAGGTGCACTCCCGCAGTTGCCACTTGATGCCGCACTAGTCGGAAGCCCTGCCATTAGGGCTCCGCCTCGCACTCTCACGTAGTTAATGTGTCATATAATTAACGCTCGACTCCCATCGCGTTTTATGTTGAGGGAATTGCAAGAGTATTGCTAATCTTACGATTTACACATGTGTGCCGTACGGTCGTCGCTCAGGACTTCGTCTCTATTGATGGAAAACGAAGAGGGGAAGTATAAATATCCGTATCGAACCGGCCGTCAGACTCGCGCTAATTGATATCCACATTGTTGACATTGAACGGGTCATGTTACCGATGCTTCATTTTGTCAGGACCAACACTATGTCGGCCGGAATAGGCTTCCAGGTACAAAAACCAGTATGTATCAGTACTTTAGCTGAGCAATGCTATTTGTTAGAATACCTTAGCCACTAGCTAGAAGCGCATGTATCATAAGAGTACTCCAAGCAAATTCTCCGTAATGTTTTAAGCGTACAATAAGGCGAATCGACTATACGGAATAGTAATAAAAGGGACGCGAACACTCACCGTTCGATCAATCAGCCCTACAATCCGTCAAACAGTATTCCGACTTTAGATCACTCGGAGCCCATTCGTTCTTATCCTACTACCCGGCTAACCCGACCGACGGCAGATGTTGCATTACGTGTGAGCGGCTAACGAGCGTAATCTGAAACTCCGTGTGCAATGTCTTGACGCGTTCCGGCGAACCGACCGTGCAGTCCTTCTGACTGGAGTGGGGTTATCCGAGCGAACTAGGCACACATAGCGCTCCATCTTCGAGGCGACGATGCGCCTAGACCG,1703,49.03,Caenorhabditis elegans
SEQ_298881,TGGGATACAGGTGGTGCGCTAATATATAACCTTGCTTGTTTAGCCTTAAGCAGGATCGAGTTTAGCCTGTAGGGGCGAGCTCTCTGAATTGAGTTATTTACCAATGCCACATGAGGAAAGCTTTACAACCTTCCTGCTCATCAGTCGCACGCTCGTATGCATGTGTTCATCGCGCTGCTGGACCTCGTCAGGGGATTTTATTCGTAAAGGGCCCCTATACTATTATCCGCACTAGGGCGCAGTACTCGGCTCAAAAACAAATAGTTACGTGTACAGGGCAACTTACTAAATAGTACGACTGAAGACTGACGACAATTCCACCCAACATGTAGTTCATCCAGGTGATAGAGCATCAATGATCACCGGAGAAGCTCAAAGTCCCAAAGTAGTGTTTACTTTTGGAACGGTCCAGCCCATGGGTGAACTGATTAATGGACGGTAGGTTAGAGGCCAGTTACTGTACCGGCTAAATTTTGAGATGGTGACCAAGACCGCTGGTATCTGGATCTATCAAGGGACTAATTTAGAGCTATCGTGGAGCTGTTCGATGATTTGATAAACCCAACTAATCCGCACTGAGCTTAAGCTCTGCCGTGTGAATGGACAGTTATGTTATCCTACAACATGGTGCTGTAACGTAATAATATTTGCGTTCTACCCGTCGGCAACCAT,672,45.83,Drosophila melanogaster
SEQ_802021,GGAAAGAACTTGTCTTGTGACTTCGCGTTGTTCGCCCCCACTCTCCATTAGCGAATGCCGGCAGATTCGTTCTGTAGTTTAAAATGATCAGCTATCGGAAAAGGAGTTCACGGCCTGCCCCTGACGTGGCCAAAGCCATCTTTTTCGAGGATAAGATTCCAATAAGTCTCGGTGATGTTGGACTTTGCCCGCGGTTATACCACCCGGGCTTATTTATGTTCCCTTCGAGGAGCTTTAGAGCTTGCTACTGCTCTCAGTTAAGAGCCAGTTTGTCGCTTTGTAACCCATAAACAGCAGCAGCAAGCTCCGTGGCTGTCAAAGGTCCACATAAGGAGAGATTCCCTCAATTTCGTAAAGCCCCGCAGGACACGTAGCGGAGCTGCCCTTATAAGAATGTCTAACCGTCAATCAAGCCCAGAGGAA,423,49.41,Arabidopsis thaliana
SEQ_188626,GCCTCTTGGAGCAGCATCCTCTGTTGGGTCCTTAATGCCATGCTAGTTAACTTCGGGGCATCCTTCGGGCTACAAGGGTTCTGTTATTCACTTCAAACGGGTCCGAAGAATGCGACTCTTCGATATATTACAACAGGCGAGTGTGACAGCTCGTGAATCCGAGCGTGGTGGCACACAAATGATGGAGCAACCTTGCCCGTAGATATTGGGTTTTGCGGGCATCCTGGTTCTAGGAAACTCTAGTCATCGGTGACTTCGTCCAGCCCTCGTCTACGTAGACGTAGCCCATAGGTGCTTGCGGCCCCGCAGACGTGGTGAAAGGCCTCCTGCGTATGGCACGGTAAGCCATACGAATAGGGTCCAACTATCTCTGATGTAGACCTGATATGAGTCGCTAGTCCAGTGGGTGGGGTGATTAGTAAAACAATACAAAGCGTTCGCAAA,444,51.58,Homo sapiens
SEQ_300372,AACCACAAAGTTAAGACTCTTGAAGTTTGGACCTCACTTATCACCCCAACCTTGACTTCTTATAATAACCGGACTTCCGTCCGTAGTACGTGACAAATCCCGAGATCGGAAGATGCGCGGAGCCATGGCAGAGCAGACTGCACACACCTGGAATGAACGTGAATCATACCGTAACTGAAGGCAATCAAAGGCATGTTCAAGACTCGACTCCAGTTGTCCGTGTTCTTGTTTGAGTCCTGAAAATTGATAGTCTGGAACTACTCAAGCTGCGCCTAGCCTGCATCTGGAAATTGGTTAACCCAAAGCAATTTCTTACCATTCGGTGCCGTACCATGTGGCCACGGGTCTAGTGGAACCAGGCGGGGATTCTAGAACGAATAGCTCGGGTACTTCCAGAGTCGTATAGATCAGCTAGCGGCGGCAGCGGAGCAGTGCTCGAGACTCAGATTCTGATAACTGAGAGCGAGAGATTCATATTGTGCGGACTGACGGAGCCGCAATGTGTGGCCGGTATACGCATTTGATAACTATCTATAAACAACCATGCAGGAATGAGTTCCAGCGGCTCGTGACCAAAAATGGTCAAAATCCACGCACTAGGACCACCACACGTCGAGTGAGCCTCCTTCCTGTAGGGGGCCGCCCCAAACTCGATGTTTGCGACTGCAACCTTCGCCCGGCGTCATAAGTCGGGATCGTGGAATGCGGGAGGCTCAGGCCAGCGTGTGGCCGGGTCGCCACACTGATACGCAGAGCACCGTTTAATATTTGATACCAATGTTGCAGGGAGTAGACTTCGGATCTCAAACTTAAAGTTTTAGCGATACATCGGTTTATACCCTGCCTGACTTTCTCTGTGGTTTGCCCCCCTCTCCGTCTGCTAGGCGGGTTATTGGAAAGACCTCCTAATTTAATGTAACGCAGGGTTTAACAGTATTCGAGTTTACCCGGGTCTGGGCAATGTTGTCGATGATAATAGAACATACAACTACAGGTAATGGCGTTGCCTGTGCCGTGTGGAAGCATGTGAAGCAAACGACCCCGGGACCTCAGCCGCTTTCTCCGAGACTTTTATCCCATTTTCCATAGCGCGGGTGCGATTTTGCTACCTGTGAATGAAGTTAGTCATTGGCCAGC,1137,50.31,Arabidopsis thaliana
SEQ_330335,GCAGCGACGCGTGATGTTGCCCCGGAGACAAGCGCCGCGATGCTTCCCGTTCAAGCTGGCTACCTGAGCTTATCAGGCCGTTAACCTCTGCCCGTCAAGCTGGCCACTGACGACAATATTTGGATTCGTCAAGGCCAGAAGTGACCGGTTAGCCGTGGGTAAATGCCTCCACCATGATCATTAATCCCACGCCTCGGGCATAAACCCTCAGATGCGTTCTGTTTAGACATCGGGTACTGTGACGAACAGGCGAGTAACAAATCTCCACTCCTATGCATCTCATGTGTCCCTCTCTTGACCGGAAGTAGAAGGTCGCTAATCAAGCCTGCTCGCGTTCGAGGCCAGGCGGATCGTCACAGCCCTCTCCTATTTATACAGGAGGCCGACTTGAACCAAGTCCGGTTAATGCGCTACACTTCACAGTACCTATTATCCCTTGACAAACGGAATCAAAATCATTCGGGTAATCTAGACGTACGAATGTGAATGCTGCGAATAAGTCTTTGGCAACCTAGGGCGGAAAATCATCAGACAACATGAGTAAGGTATTGCATCGATGCGAATACTGGTTGGCCTTATCTATGACAACCGCCCCAAGCTATCACCTTACTGTAGTCGGTCCCACTGAACCTGTTGAATCTGGTGCATCTGGTCGGTTAATCGGGCAATGTGGGGCTCAATTGATAGGCAACCATGGGATTGACGCGTCTACCACAAATGGCTTGCCAGTGTAGGGTCGTGATGACTAGTTAATCGGATTGTTTCCATAAACGACCGGGTCCAATGAGACTTACGCGTCAATTACGGCAGTAGCCCAAGGGCCCAGCGGCTGCGCCTGGGCTATTCCAAGCGGCCATTGACCTACGGGTCCTGACGCGGTAGAATTTCTATATAAACAAAACTCCTGTTGCGGACGCATTAGCATGGTAATGGTAGCAGATTACTAGTGCATGCAGCGAGCATACAGCCAAGTCTCTAAAAGTCTAGCTGGCGCTAAGCCGGCGGCCCTAGCAACGGTTAA,1021,51.32,Escherichia coli
SEQ_962023,AGATGGTCTGGATAACCGAACCGTAGACAGATTGAGACAAGACGTCAACGTCTGTAAAGTATTTTCCCGGAGCTAGGTTCCGCCCATGTTGAAATTACCACTAGATGTCGTGTACACCCAAATGACTATGCATAACTACATGCCGACAGCGCTCATACGGAACTCTCGATATTCGTTGCATTATGGACTGATAGCACCCTCAGGTCGTGAGTGAACCGTAAGCTAGTTTTGGAAGGCCTATGGGTAGCGAGATTGAGGCACAGATATTGACCTCTAGGACACCACACCTCGCCCTCATATTTGTCGGGCGGACCTAACTTTTCTACCTCTTCACTAGACGTTGCAATAAGGGGGTTTTATAGAAAAATAGTAAGGACGGTGATGCAAGCCGTTCACAAG,399,46.87,Mus musculus
SEQ_689141,ACCATTTAGGCGGGACGATATTCATGAGGAGAACACTACGAATCTATATTAATAAACTTACGACTATTTAAATGCACGATGCGGTGCCCCACAAACGCGTTAGTAGCGAGTTTTTACGGTTAGCCCTCCTATTACCACAAAGAGATACTTAGTCGAACAGAATAAATCATCGCAAATGCAGAAGGCTCGTGGCTCGGCTTATGACCACTAGCAACAACGTGCAGTCGCCAACCTGTCTGGGGCCATCCTGCGAAAACGGAGCACCTAGATGCGTCGCTTGATGGCAGAAACACAAGGGAAAGCCGGGATTATCTTGAGGCAGACATAACGGAAGGCGTAGGCCTAGCCGGTATTACTCAAAAGTCCAGTGTAGGCGTTCAGAATGTGGGTATACCCCCACCCTAACTCCACCTGAGTCACATTGCTAATCCAATATATTTTATCGGGGGGGGCAGATAACTGTTTTCTTAGAGCCGATCAGGATGGTACCGGTTTTCCCTATATTGACTTAGATACCCGTTATAGGATATCAACCTTGTACCACACGCGCCAGGTTGTCAGACCACTCTGTCAAGAGGCGGTGCTGTCAAGTATATCTGAATGGTTAGCAGGAGGCTGCGTTCGCATCCCCGGATCTCCCTGGCTATCTCAAATTACGACGGTCTTATGCAACTAAGCGCCGCCGTTCATTCTCGCCTCAATAATCTGTCTGAGCCTGTCGATATGGTCTTCGCGGGTTTGTAGGCAACCATGTTCGATGAAGCGAATGAAAGAGTCAATCTTCCGCCCTGACCTTGCGCCCGCTAGATCGATTATACCGGACATTTTTCTTGAGGGTCTACTCCCACAACCTATCTCCCGAGACTAACGACGCCTAACAGCGTACTTGCGGTAGCAGTCTCTAACGAGTATAGGACCACAGCTTGAAGTCCCGTATTGAAAGCAACCCCTTAGCTCTGCCATGCGATTACCCTAACAAGGATCCGGAGGATCATCGTAGGAGACCACAGGCTACGAAGTTGGGGGAACCTCTCTGAAATGTATAACAGACTCTTGCTGAGCACAGACATCTCATGATCCCCCAACGGCTCGGTATCATCTGAGAGGCCATGTTGTCTTTCAGGCATTAACGTCGTAGGCACTGGGGTATAGAGCCCACATACGCATCCATCACAGAAGCGCGGACGATATGTGTCCAGTCCGCACCGATAGACCCTTGTAGACCGGACGTTAACGCCTATAGCTAGGTCACCGGGGGGCCGAGAGTGGACCACTGGTCTGCGCCACGGGTCTTCAGGTGCCTTTGTTGTTTCAAAGGAACCTAGGCGATGGGACTAAGCAGACAAAGTAGTAATGTTGTGTTAATAGACCGAATAGCTACGCACCTCTAGGAAGATGCGATCACTAAGCGCTGCCAGAAGATTTGAGCATCCTCCCCCGCAGGGCCGGTTTGGGCGTACAGCATGCCAGAAGGTTCTCAGCCCGGACTGTAATCACACGTTGCTATGGTATGCTAACAATGCTCGAGCGTTACTGACTGGTTGGTTACCTTGGAAGAAGCCCTTACCCACCACGATCCTGTAAAAAGATAATTACTGGCACAGTGTTTAT,1611,50.03,Drosophila melanogaster
SEQ_258869,TCTGTCTTGCTTCGCCCACCGGGACACGGAATCAAAGCGTAAATAGCCCGGTTGACGCCGCTAACCGTTAGGGGTCACCTCGTCAAGGAGTGGCGCACTAGCGATCCTGGAGCCTTAGTTATGTGGTCTAGTCTTCCGTAGGTGAGGCAATTTTACACTTTTATCAGTGATTTGGCGGCTGCGCATATCGAAGTTTCCTCATAGAGTTAGACAGCAGATCGATTGCACGATGAATTTTTGCCCCCCGCTCCCACAACCGCTTTAAGTGCAGGCCTCTTTGGGCGCAGTGACTGGGGAATGTGACTCTAACCGGGATTGTGTGTAGTGACCTGAAGGCGATCACGAATTATGTGGATCCAGGGTCATGCCGACAGACCTATTTATTCAAGGATACTGATTCGATCTGGCAGTGAAATACGAATCCATTGAAGCAAATTTCCGCAAGCCGCTACTCGTTTCCGAAGCTGACGGCGTAGTCCTACTACCTAGCTGGCCCACCCAACTGAGACTACCTGGACGTGCGTCGTAAGCGCAACTGGCGACTTGGACTAATCCAGATGGACTAGCGCGTAAACTCCCTTGGAAGCTGGCGGGTCAACACGAAGTGGCGTAAGGTAAACGCAACCTTGGGTTATGTACGCAGTAGATGAGCAAGACGGTGGCTGGTAGAATGTGGGTTCAAGGGATCTTGTCGGCGCTCTTCACCCTATAGGACTTTCGAGATATCGGATGAAAAGTAATTGGCAAGAAGTTCTAGGAGGATCGCATTCTCGGTTTTTATGGTAAAATCCAGTGGCTGCGGACTATGGGTACCTGGATCCAACGCAATTTCTGCCGATTTAGATACAGCATACTAAACGCGAATGCACAAATTTGCCTAGCGGCCGTCCACCCTGTTATATCACTCAACGCGGACGTGGGAATGAGGAAATCT,934,50.54,Escherichia coli
SEQ_603530,ATTTCCCGGTAGCAAAGGCGGTATCTAGAAGGCGACGCCGAGCATTAGTGACGAAGTATCAAAAATGCAGACTCTCCTTCCTGGTCATTACCTCCGAAGCAAATGTTAAAGCCTTTCGTCCGTTCTCAATTACCTGAAGAGCCTACGATAATGCGTATATATGTAGCCCAAACAACCAAAGTCGAAACACATCCCTCCTAAAATCTTTACACATGCGAAAGTGTCTCTGGTGTGTAGAGCCAGATAGCCGGTGGAGGCGCGCCAGACGCTTATAAAAACATTACTTCGCTGCCTCGCCCCTGCGGTAATAATCTTGGACAGATGTGGGCCTTAGCCAGAACGTTGGTTCTAGGATAGTTCAGGCTTTTAAGAAAGTCCAAGACAAGAACCGTAAAAGTTCAAGCGACAGGTTTTTACAGCCACGAGAATTTCTGGGGTTTTAAACTCATCCACTCTAGACCTACTCAGCTCACATTGAGGAAAGCCGTGCATCAAGTAACATGAGCCAGATATTTAATTGATACCGTTACTGACCTAGATGGCAGTCCTAGCATCAATATCCGGGACCCAGTGGAGCGTGAAATTGTGGCTGGTTCAAGCATGAGCTTCAGATGTCCAGTAAGGATATTAGGGAGTTTCCGAGCTCTATCATCTCCTTCTCCCCTTTGCGTGGCTTCTTTTAAGGGAAATGCGTACTACCGATTCCACACAGAGTCGAATCGCCTGTCGACAGTTAAGCAGATAAGAGCCGGTTTAATGCTGCCATACTTCAATTTAAAATGCAAGTGCACTTACCCGGCAGGATTAGTGGAAGCGCGATTAGTTTTCCCGTCTCAGTAAGACAAGGTTAGCTGGTCGTAAGGCCCGTGAATATCCTAGTGTGATGGTGATATGGGGTGGATAAATAGAGGCTCGTCCAAGCGAATCGCAGAATCGCTTAGAATTTAACGAGACTGAAGTTATGCTCTTGTGGGCCAGACGAAGACCCCGCCATATGACCACTGATTTAGCTGCTGCATGTCAATGCTGGATGCGGATGTTCCTACTCTTTTAGAACTCATTTCATAAAGTCAGAATAACTGTGCAGGATTTATAGCTATTTGGGTATCGTAATCCGAATTCCGTCCGCTTA,1132,45.94,Caenorhabditis elegans
SEQ_913995,CACACACTATTTGTGAACACGTCACCATAAATTCAAGGTCCATATTTCCTAACCTTGGGGGCTGGCCACAAGCTGTCAAAGGAACACCATTAATGTGGGGTTAGTTCCGCCTGATGAGTGGATGGCGTTCTGGGAGGTAAAAAGGTTCCTACGCTTGGCTTCGAAGTCGCATAGGCCGGTAAGATGGTGGGCGGAGTGTGGTAGTAAACTCATAAAGCGGGTAACTTGGTGGGACCGGGTTCTATTCGCTCATAAGGCAGAGACTCATGCTAACGTGTAGATAGAACATAAGGACTCGAAACCGGACGAGCTAAGCATGCAGGGTACAGGCACGGTCAATATCCTTTATAAGTGTCCGTCAGTGCAACTCTACCTTGCAGTGTACGGGTGCAGCACTTGGCGTGTCAAGGCCACCCCATTTCCAATTGCGCGAACATGACGAAAACATGATGTTAGTGTCTTAACGATTTATTAATCACACTTCAGTTCCGTCACCAATTTTCATAGTTTTATGAAGCCGTATCTTCTCATCTTACCCCTGAGCATATCAACTGATCGACAGAGGAACATTAGTAGCATATCAAGCGCAGCCCCACAAGTTGCAGTCATGAATCGCGACTGTTTAGTGTTGAGCTCTTCCAG,642,47.35,Caenorhabditis elegans
SEQ_303131,TGATTTCGTAAGGGCAGCTATGGGGCTCGCCAAACTCTCCCAACTCATATCTTGAAGAACCGGCGCGTGGACTTGTCGAGCGTACCCATCCGTAGGCTGGTGACCCTTGGCGTAAATTTTAAGCGGTACCCGTCAGATTCGCTGACTTCATCACTCGTCCCCAATTACATTGAAATACACGGAGATCAGCGAGCCCTCGCCCAGGTCGTTCTAAGCACGTATGTCGTGACCGGCTCACTCTGCTACGCACGAACAGGTTAGAATTAATCCAGGGTACTCGGTGGCATCAAGGTGTGTCTAATGACTTGCCCCTTCCTCCTAAGTGACCCGACACATATGGATTGACATAAATTTCCCGTGTTTCACGTGAGTTGAGAGGCTTAGAGCTGCAACGTCGCGTAGGGCGCGATCGGGCAATACACTCTTATCATGAAAGTTCAGTCTCGACAAATGACGCAATTAGATATGAGATCGCAACCCGTCGTCAAGGTCTATGGGGCAATTGTGTCTCGTATAGAGGAGACTCTTTGACCGCAATTAGATCCTATTCCTATCTCGTACCTTGTCTCGAGGTGTGAGTAACTTTCTATGAACACGGCACCGTGTGTCCTGGCCGTACCACACGGCCTCCAGCTTTTTTCCCCGGTATTGCGTAGTACCTTATGAGCAATTCTTCTGGTTCCACTCAGTCCTCTTTTGTTGGGCTAATCACCTAGCGAATTAAAGAGTTGTTCATTCAATGTTCCTATGGGCGGTCGAGACCCACCAGTTGTTATAACACCAGGCCTTTTCTAACGGGTCCTGAGTCATTATAAAGCAAGGGGAGCGCATCGGGCCTTAGTCAGCGGCATTATGCAGGTGATGCGCGGAGTTCCTCAGAGTCCTCCGGCCACGCGTAATGCATATTATGAGGGATAGACTTGATAGGTGCTTTAATGTATCACTCGTCTCGCTGACTGACGCCTGTCCAGTATTCTCTTTAACCAACGTTGCGGAACGGTACCTACAAATTTCCTAATCGGGAGACCGGCCCGTAACTACGCCGGGGACTGACAGGACCTTCATGCGTATAGCCGAAAAGTATCTTTCGGGCGGAACGACCATCAAGATTCCGCCTACGCCCTCTTTGTGTCAGACCGGTAGTCTCTATAACGGAGACGCTCTAGTGAAGCAG,1174,50.43,Drosophila melanogaster
SEQ_409162,GATCCGAACCACTTGCTCGTTTTGTCGGCTTTCTATCTGCACGCGTTAAAGTGAGCCTGCGCGGAGGAGGCGGAGTAATGAGGGGTTAGCTATTCTACCCTGTATGTCCGTCCGGTGGAAAGTAGGAATGGTGGCTTCTATCTTGAGACGCCGGATAAGTGCACTCGTCAGTTACCATGTGGGTAGATCTTCGGTATTAGATAAGGTCCCATACTGAGGGTTGTATTCTACCATTCCATCTAGGCAACCCCTGCACGAAAAATTAAAACCGACATCATGAGATGCCAAAGATGAGTAAAGGTCGAGCAGCCTCTAAACAGATAACTGAAAGTACTGCGGCCATATCTTGCTAAGCTTCTAACTCATACTGCATGTCCTAACCAACACGATAGTGAGCCTACCCGTCCGGTTAACTCAGCTACAGCGTATCCACGTAACACGAGGTCCCTATATCACCGAGTACCTACGGTTAGATTATTGAATTACGTGATGAGTTGTAATGATCGGGCCAATTGGACAGAGCTATGTTCGCCTATTTTATCGCGTATTGTGGGATAGGGAACGCAGAAGCGAGTGTTTGCCGGACTTGAAGTCTGGTATGGTTTTTCAACCGATTATTTGTGATGATGAGCTTACCATAGCTTCGTATGCCGTTTCCTGTTTCTGGCATGATCATTCCCTATTCATCGGGTTTCAGTGAGGGGAACGAGCGACATTGCGGGATAAAGTCACTTTGTTTCTTCTCAAGCTCCCTGGTATATCGCTTGGGGTTCACGGGATCTTGCCGAAGCGTAGCCGTTTAAACGGATGATGATACGGGTATACACGTGCAAAAGCGGGTTTTGTTCAAAGGGGGGATTCGTGTACGCATCACTCGCTACCGAGAGCTCCGAACGACGTCACTGCACAATTTTACGCGTCGAGGTGGTCAGTTAGTCCATTGTTGTAATATCTAGGAGGTCAACTTGAAGCCCTCGGGAACAAGGCAACCTTCCGCGGGCTAACCTTATAAGCTGTAAATGTCCCTACCTTGTGCTTAGGCAACCCGACCGGCATGTCTCAAAGATGATCCATATCTATTTCAATGCTCGCTGAGTGGGACCGATTGGACACGTGCATCATCCCGACCCGAGCTTGGTATCATAACGCTGTTATGTGGTGACCAAGCAGAATTCGTGACAATTTTGCTCATAGGTTATCCAGCGCTTAGTGATAGCTCCCGCAGCGAGATCCAGACGAGATTGTACAGGCAAACCTGGCGGACCGAACTGTACCGGAAGCTGGTCCGGGGTGCGCCTAGCCCAAACAAGACCAAGGGCGACCACCCAAGAATAAGACCGGGCCACCGTTGTGTGAGTCGCCATACAAGTATCTTAGTCGGCAGCCTAGGAGTAGTGTCTCGAAC,1405,49.32,Arabidopsis thaliana
SEQ_583878,ATGGGTTCCCGTCTGTCAGCTGTTCTTCACACATGTCAGCCCGTAATCTAGACATGTAAGGGCCGTCCTTCACATGCTCCCAGGCGGCGGTATGACGACACAGGTCTGTCCTACGCCATATCGGAGAGTTCTTTGGCCATTTGCTCAAGAAAATTGTCGTTGTTCTTTGCTCTGCTGAGACTCTAGGTGAATACTCCTAATCCGCGCTTACGAAGCTGGCAGCAGACTTCGACGATCAAGACCCTCTATTCCTAGATACGAGAAAGTGGATGGAGATGCCGTGAAGAGACTTTAATTTCTTTGACGCTTATAGATCAAATCACTTCGCGCGAATCTTGTAGTTAAGCTCTTGAGGTCTTCCGCCATGTTGCTGCAGGATGGATTTTGTGACGACGCGATGCGTAATGGGAGGATATGGTACCAGTCGCGGGACTCTTCTAAAGGGTTGGCCTATATTAGCATCTCTAACCCTCGCATTACGGTCAGATCTGCTGCCTGTTTTGTAGGGCGGGGAGGCCGCAGGGACGCCCAGCTGCGCGGGATCTTTGCGGCGGACGATCTCCTAGCTGATACGGCGACAAGAGTACAACCCTAGTCGACACAAACCGACACGCGCAGCTGCGGCAGTACGGATTTGCTGCGTACTACGGTCTAGCTGGCCTCATATTAGCGGATGCAGGACTCAGTATAGCAATTCTCGCTGGCGCAAACACATGAACCCTCCGCATACCAGCATCTACACCTGTTTACCGCGCTTCGGAGACTTATAGGGAAGGGCCATCCAACCATATGCTCTCTAATCTCTACTACTATGGCTTAATGCACTCATTAGAAACTAGTCTGGTACGCGTAGCCCACTATAGTGTAAGAGGCAACGGAATAAGAGGCCTCAAGGAGCTTCAGCGCAAAACGGTGGGTAGCCCATTAATTGATTTTGAGGCCGGGAGTGGGTCCTGATCAGGGCAGGGCGTCCGCGCTATTTTCAGTTGAGAACTATGAGGTGCTGTGGTTAGACATATTCGAAAGAAGAACGCTTCGGAGTGTGAGCCGCCGGTATAAAGGTTTGCTTGGGAGCGTCCGACGTCACTGCCGGCAAACAACCCTGAAGGCGAATACGGTCAAGCATACGAAAAAGAAATCCTAGACACAATGACAGCACAATCCCGTTTTCGGAAGACTGCAATAGGTTAGTGCCCTAGCTAACGCAGCCTAAACTCGTAGCACCTGCTTGGACTTCTAGTCTGCGACCGATTGTAGAATTAGGCGCGCCTGTGACCCCGCACACATTCTGCAACGGCCAATTACTTACGTCCCATATCCTCCTAGTACTAAGCAATTTTAGCGTGACGGAACTAAGGACACGACAGTATTATAGCCATGACGGGGTTGGATGCGGTAGACCATCGAACGGTCAATTAATGTGGGTAATACTTGTTCGGACTAACATAGGCTGCTTGTGGGAGCTCTGACATACGTGTACTACAGTCTGCTAGGATATCCTTGCGGGGGGGAATCAGACAAAATGGTGCTCCTCTGACCCCGAGTCAGAAAAAGTCGTCGCACTCGGTAACCAGTTAAGTACACCTTAGAGTTAGACGACAGCACGTACTGTCACTCAATTACAATCAGGGCGCGCGCCAGGCTGATCTCCGTTACATAGAACGCATCCCGGGGCCCGGTCGTGGTCCAAGGCTTTTTCGCGTCCCTGTGATCCTACAGTTGTCTCCTTTCTTCCTACCGTTGATGTGACTCCAGCTTATTGCCTCTTCATCCTCTCTGCTCTCTATGTTTGCCATCGTCTAAGTGATCCACGCGTATCAGGTTCAGTAAAAGCGAAATTTGTAATGACGGCAGAGCGGGTCCATGTAGGTATATC,1876,50.75,Arabidopsis thaliana
SEQ_992185,AATCTAAATGTACCGGCGTAGGGATGGTCTTGATCGCTGGACATCATGTGACGAGGTCGGGCTTCGGATACAGCCTGCAGCCGTATTTCGTATACATTTGAATTTAGCCCTATTTGCGCGACAGGCGGTACTAGTAGTACGCCTCTAAACTTTTAGACAGGCCCAAGAGCGCCCCCCCGGTGGCCGTTTGATCGGAGCACCTTCTGCTGCAATGTAGAAACGGTCTAACAGACGGAAGGGCGTTAGCTCATAG,253,52.17,Arabidopsis thaliana
SEQ_710756,ATATTTCAATCTCCATCTCGCACATTCAGCAGGATCCAGACCTAAACGCTTTAATACGTGCTTGCTGCACCGTTGGCAGCAGCGCCACAAACGGCCAGTCGTGTCGGTCTAATTTCTGCTATTGATTTCACGTTCTGAGGCCAAAGGGCGAAGACTCGGTAACTTGATCACCTGGGGTCTACCGACCCCGGTGGCTAAGTATTGGCAGTATTCAAATACGAAGTATATGTCTTTCTACAGGATGCCGCAGTGACAGCGAGTGGCCATCTGTGTCGGAATAACTATCATTTCCTCTTTCCACCTTGTGGCCAGCTGGATTGAATGGACACTCAACTGCAATCCCGAAGCCACACCGCTTGTCCCATTATAATCATTCTCAGGTGCCGGACGCCTGCGGATTGTTGCATCAGCGTTGAAAGGGGGCTATATAACGATCAGCTAAGAGGGGTTGAGCCATTTCCGGTCCTCCGTTGTGCACTTGGCCATCTCGAAACTTGTAAATTGTCGGATGCGAGATTAGACCGACTCTGGACTTTTGTAATTGACTAAAAGTAAGGTCAGGCCTACACACCATACGAGATGACAGATAGAGTATTGTCTTTTCTCTTTGAGCCCATTCATCCCGGCAATGACTACAGGGATTAGCACCCTTAAGAATAGGAACGCGCCTCGATACAGATAAATATTTGTACTATTAATTTTCACGGTGACCACGTGTAGGCGTGAAGGGGCCGGTTTGCATAACACTGACACTCAATGGCTTACTTCATAGTTCCAAACGAATTGTGAGCAGAGACCGTAATGTATTCTGTGGATAACTATCTCCGCGCGGTCCGCTTGCCGTCTGACCTCTGGTCATCCTAGACGTCCATGTCGTTTGACATACCCCCAAGTGGGTCAGGCGCACACTTACGAACAGCGCAATCTTTGATGGCTCGCGGGTGACGGGCCTTATGTCAGTGTAGGTGTTTAGTACCGTCACTCAGATCGACTTAGTCCTAAAATGACAAGCCCCCATCGCTTCGCTGTTTAAACGTCGTACCAGCCACTAATCTTGAGTATCAAATCAATTTTTTACTGCAATTGCGCAACCGGTCACCTCACAAGGCGCTGTCAGAGACTGCTCTGATTAGTACAGGACGAGTTCTTCCAGCGTCACGGCGTTACCCCCAGCATTGAGCGCCAGACGATTGAAATAAATACGCTCCTCAAGTCAGTCAGGGGTGGATAAGACTATATACAGCCAGAGCTCTTACGAGAGCGTCATCGGAGCCTAGCTATCGTCCAGATCGGACGACTATTACTGAATCCCTGCCTATAGAAATTGGAGCGCGCTGCGCGATCGCAGTTTGGTGTAGTCAATTGCGCGTTCCCAAAACTTTAGTAAAAAGGATCTGATTGCCCGAATCCTAGAACCAAGAACTGATGTACTCCTCGGTTTCGATCTCCGGGGCCCCAACAATGAGGGAAGGGCGCGAAATTGCGCGAGATAGCAGTTAAGCTTTTTGTGTCGTAGAATCTCCACGCCTGATCTACATGTCTTCTATTCGATCCTTACCGCATGACAATATTACCGTATTACGAAGCAGGTGAGCCGGGAACAGCAGAGTAACCTATTACGGGTTCTGAGGAATAGGGGGAATCGACAGGTTTGATATTTCGGAAACTTCCCTCTGTGATCACTGGTTGCTCGTTCTCATTATGCGGTTTACGAATCGAAAGTATCGTAAGTTCTCTAACGGAGCAAAACGTACAACTTTGTATTATTTTAGGGTAAATGTCCCCTCTGTTTAAGCAACCTAAATAAGGGGACGCACCACCACGTGTGATCTCTGGATACTTACCTCGAGTTAATAGCGCAATGCTGCGCCACGCGAGCTTTAAATCGGGTTGGCGAGATGAGGAGCTCTGGGAGGAAGGCGCGACCGGCCCGTTTCATAAGCCACAAATCCGACTCGCGACACAACCGGACCGCGGGTTGTA,1983,48.81,Drosophila melanogaster
SEQ_386524,CCCCCATATTGCGCAGTGGCGCCGGTCGAATCCTGCAGTGGGGTGTACATGATAGGCTGTCCCACAGTCACCTCCCGTGAGTTGGATAGCAAGACTAGTGTGCGGTGATGACCCACCGTTACTCATATAAGGTTTGATTCCATAGCTTTGTAGTCGCTGCCGTGGATGTACCCTGATCAAAATTACCATCAGTAGAGTAGGAACACGAGGTGATTTGTACGGGCTCCTGCCTTTTGTGTACACGTGGCTTGCCGGCACATCTCGGTGGTTCTCCTGCTTCTAGGCCAGAATACTCCCGTTTCGATGCCTGTCAGCATATCGTGCCTCCTATGACTAGGCTAAGAGGCTATAGTAGATGTGGGTCGGCGCAAAGCATTTCTTGTGTTGATAAATCAACATTTAGTCCTCCCTAGCGCCTGGTGAGTTGAAGAGCTTAGATTGGCTTGTCTTGCAATGTGCCGGCCTAGCGTCCCGGCAAACAACGGGCAATCTGTCGCGCTAGCTATGCAATCGCAGCAGTTATATACCGACGGCATTTAGGGGACCGGCCTTAAGACGTAGACGCCATCGAACCTCGGTTACTAATCGCACTTAAAATCGTAATGCACCAACTGCGATGAGGCGGGTGCTGAAAACGGCAATCAACTCGGCCGCCGCATACACACTAATTCAGGGTCAAGTGCGTGGACCATGTATGGGCGAGCCCACCTGTCGCACCCGCGGGAAGTTAACAAATCTTATAATTCACACCAACAGGGGCACCACCTACTAAGCCTGTTAAGTTGTTCTATATTCAACACCCCTTCGACAAAGGAAGCCCGGGGTAATGATCAAGCGCCCTACACCCGTTGTTAGATAACGTTCGAACAGACCGTCGTGCTACGGGGCTGTTACTACTACCGCTGATTAAGTTCCACTTAGCGTGAAATAATATCAGGTTGGCTGTATGGGGTTGAATTAGTGTCACGTGAGAGTATGTCGTCACGTAATTACCTGTCTCAGGCCGGAGGCTCCCAAGCACTAATCAGTTTTCGCCGCACTTACAATGTCGCTTTAGTTTGACAATTCATTCTATATTTATTGAAAACGCGGTGCAAAAAGATTGCCAATCCGACGAGTCCATAAGACACTCCGCCGGAATTGGCATCCTATTTCTTGTATAGCCACCACTAGTTTGGCCGTTGTATGCGAGCAAGCGCTGTAATGCGTGTGTGCCTCGGTACCTTGGATCTTAGCTACACGTACCTGATTCGAGATGGGCCCGCGACTCGGCATAGGGCCAAAGCCCTCTCGCATCTGAGACATCCCAGGAAGAAACCGCACTCACAACCCTGGACACCTGAGATGAGTCGCATTCGCGGGCAGAGCTTGTCAGGATCAGTAGGTGGTGTTTGAATTAGCTAGTCGCTATTTAGTAGCCGGTCCTGCTACCACCCTTAAGCAGAGTTGTGAGACGAAGAAGCCCGTGGTGGTAAGTGACACACAAGGGTTAACGCCTGCGATCAAATGCGCCATCGAGGCAGAAATTACAAATAGTCCATAACCCGTCGTGAGTCAACTCCCATACTGTTTGGGCCCGGCGTCACGCGGGAGCTTAAATCATTTCATCCTTCCAATGCAGAGCCAATTCCGGTTTGTCCGTGGGAGGCCCCCTCAAAGCCACACATGGGCACGATGCCGTACTAGACTGAATCCACTCGACGGACGCTTAGCTCAAGTGCTTTACCAATACAGATTGTGGTGTGTGTAGGGTGCGACGTGTAATAAGAAATCGAGAAGAAACCCATTCATTATCGAGTGTTGTCAGTAGCAATTGAGAGGGAGAAAAATCCCCGGCGGGACTTACGTTCTTCGGCACCATATTAATAGG,1870,50.64,Mus musculus
SEQ_859171,CCGTTTGGCGAGCAGGGTCGTTCTTAAACACGCTGTGATCCTTGGGGTGAGGGCGCGACTCGACTGCTGCTATTATTAATCGCAAGGGAGCATGTACGGATTCGATCCAGTCTGCATATGACCCACTTCACCTAGGGGATCCCCGTAGCATTGTAACAGCATCTAGCGAGGTTCATATGCGGTGCGCACCATAGGGCCGAGCTCGGTCGAGTTGGCACAGCTATCAGGTCAATTGGTGTACATCATGCATGTGGGTGTCGACTCGGGGGCTTCGTGCTGGGATTCG,286,55.24,Arabidopsis thaliana
SEQ_818640,AATGCTAACATATCCGGTGAACGTAGGAAATCGCTGTCAACGCGACGTTTGAACAGACAGTCTGGTTTGTCGTTCGAGCCCTTTCAGTTACACGTGTTATGAACGGTGTATTAAGGGTTGTAGTTACACACTGGGGCTTCTCTACCTATAATGCTCTACCAATAGGGTTTAGCGACTCTGGCTTGTAAATAGT,193,44.56,Escherichia coli
SEQ_242628,GTAGATCTATCGGTTCTAGATGTTTTAGTGAGACATCATATGCGGGCACTGTATCAAGCTTGATGTATCCAGTCCCGTACCACGGTTGTCCTGAAACACGGAATACCGTTGTGATTGCCAAGTGACTCTTCACTATTCAATCGCACTTGCTACGAATAGAGGATCCTATTTAGTATTCCAGCTGAAATCACTGATGCTGCATTCCGGCGCCACTCCTCATCCTCAGTTGTTACGTCTTAGGCGGTATGCTCATGTTCCGACGGAATTACCGTGTTGGAAATATGTAACCAGTATACAGCACTAATGTACGATGCTTCGCAAACCAGCGCAGCCCAATAATTCGGTTTCAGGCTAGTACTTGTTGCTTCATCATTCTGTGAACAGGGAAGCGTAAAATCACATACGT,406,45.07,Arabidopsis thaliana
SEQ_587873,GTTGCGCATACCCCAATCGCAGAGTTTCCTTAACGGGTAGCTCCCTGTTCCTCAGCTCAATGAGCGTTCACCCGCGAGTCCCCATCCGCTGGAAGGAAGGACAGTAAGCACCCAAGGTACTCCAGCAATGATCTCAGAAGGCTAGTTTGTACTTTGAGATTGATTACAGGGGAACAACACCTCTCGGCAGACTTCGTGAACAGGTAGTTACTTCCAAGGTCGTTTATTCTTCAACCATGACGTCGTATAGCTGCCAGATATCGCCTCACCGATAGGCACACGACAATCGGTTCGACGATGCGTGACCACTCCCTGATGACAGTTCGTACAAGCGCGAGTTGTTCGTAAAATTTCTCTATTTAGATTTTAAGTGACCCCGGGAGAAAATGGCGCCATTTGACACGACCGTAGTCCAACTGTTTACGCTCTCGCAGGCTTTTTTACTTTCCCGGTCGAGGTCCCGCCACCTTCTCATAAATAGCGTAAGAGGCCACGTCTAGGAACAGCCGAGGGACGTAATCTCGCCGCCGACTTTTTGTCTACTTAGTGAGTAGTATAACAATTTCTCAAGTCGAAACTTAGTAGGGGGATGGCCGGCGGTAAATACGATGTTCAGATCGGTGCTATATAACTGCTGTCGTACAGTGACGCTGGAATTACTTAACATTAGCACACTTCAGACACAGTCGTGTTATAATAGCAGAGAAATTCAACGTGTTTCTAGTTAGAGGATGTAGGAGAGGGCTAAGGTGTCATACCCCGCTTGGTGGTAAGTTCCGTTAAGAAGCATCCATACAGCACATGTGCATTGACAGCGTGTTTGGTAACCGGTCAGACAACTCAGCGGAGCAACAAACGTTAGTAAGCCCTCGTCTAGTAAATGCTAACTGTTCGCTGATCACCTGCGGTATGTGCGACTCCATCAGTTGACGGGCGCGTACATACAGTCGTCGCAGAGCAGGTTCATAAGGGCGGCCCTCGGGTTCAATCAGGTTCGTGCTCGTGGCAGAGCTACAGCGGCGGGCTTAGGCTCCCCATCTTGACCTAAACTCGGTCGCCGTGTTCGACCTGTAGTTTGGGCTGTGTCGTACCTCCTACTCGATATCCCGGGCCTGTCACTGCGAACCAATTACATTGGAGCAAGTTAATGCATCAGCTGTACCCTAGGAGAATACTGATGAAGCGGATCG,1190,50.08,Homo sapiens
SEQ_265123,CTGAAACTAAGGGACGGATGCGATAACGCTAATCTCAATCTTTCCGTTACTTTTATGTCCATAGAGCTTTGCGGTTGTGAAGGCTTATCTTGTCCTATTCTCTTCGTCCCGTGGCCTCGCAGGAGTTACCTCTGCTGTGGCCACCACGATGGGTCCACTAGTCTAACTCATTACAGAGGCCGGACAAGGAAGGCATCAATAGATTGCCGGGACTTACGGCGAAGATCGGTTCATTCTACCACGTTCATGGCTTTGGTTGCTTGCCGATCCCATGTGCAACTTGGTGTTCCCGGACGGGTCCTTGCGCCTAGTGTAGGGAGTCCGATAGTCTCACAAGAACATTTCAGATCCGAGCTAGTTTGTGTAACAGGTCCCAGTCAGCTACGTGGCTTTTGCGTGATGGATTCGATCCGAGCAGAATCCGGACGTGAGCAGATTATAAGATAGGCCTACAACTGTAGCACAATCTCTCCTCAGTTATCCGTGCGTTTGCCTATACGACAGAAGTGGCCTCGGTCTCGCTCCAATCCAAATCTCACTTAATGCGGCTTGTAAACTAGGGGAACTATGAGCGCGCCTCCGCCGGTCAAAGTAATGTGAGGATGAGGCATGGCGTCGTACCACCTGGTAATTTACCCACTAACGCCTGGGCAACCGCGGCCCATTAGTGCGTAAGGCTTTGGATCTACCTGCATCGTGATATACGTACAAGCACCTGACCAAATAATGTGTTCCGAAGGCAGTCCGGATCCAGGCAGTAGCTGGGTTTTATGGCTAGGTCAAGATGCCCGGGGCCCCGTGACCTCGGTGGCCTAACTACACACATGAGGCCCTTGTTATATAACATTACCCCAAGTCGTCGGGGGATTAAACGATCCCTACGATTGTACCAGGGAGCTCTATGGTGAAATTACCAATCGATGGAGTATAGACTCGCTTTTCGATATAATGTGTGCTGTATGAGATCTGGCACGGACGCAGAAGCGTGACCGAGATGTTTCGATCGGTCGGCGGGTCTGCGACTATAATCCCCCCGACGAAATCCAAACCTTGCATGTCGGAGATTGAGGGATCCTACGCGTGCGTAACAAGAGGGCTTTTGGAGTACCACGCTCAACCCACCCGGCAAGTGCTCTCAGAGGAGAGTTATGGCTCTCACAATCACCAGACTGACGCTAAGATATGCACCAGAAGTGTGTCGAAAGTGTAGATCAATCTCACAACTAGCAAGGCTCGTTAGCCACCGTCTGGAGACCCCATCGTTAGATAATTCACGTCCCATCACACAACTGGTGGCTGCCAGCTGGAAGTTTACATGCACAAGGCACTCGATGGCTCATATGGCTGGTCACACCCTCTTCACGATGAATACGACTAGCCTCGAAGCCTGCGGAGTATGCCCAGGACTGTTATGGAGAATACGTACGCTCGCAACTTGAGATAGTTGCACTGATGCACTTGTACGTGGCCTACGAGAGCCATAAGCAACCGCTTAGCT,1498,51.34,Escherichia coli
SEQ_601272,TTAGACTAAAAGGTGGCGTTATCAAGGCTAGATGACCTAGCCTGGCAATTGAAGGTCTCTGCGAAATGGAGTAAGACTCAAGGTTACCATTCTAGAAAGCTAATCTCTGATGCAACATCTATTTCCTGGCTACTGCAGAACTGGGTCAATCTTGGGCCTACGAGGATATGCTGATCACCCCGAATTCTCAGTCAGGGACTTGCGGTGCTACTATTAGGGGATGCGGAAACATCAATTGAGCTATCTTCTTGGTTCACAATCCCCCTGCGGACCGCTGTACGCTGTTCCGAGATGGGCCGATTGACGCGTAACTTAGGCAGATAAATCCCCAAGCGCTGACCGGTGCCGGGTTACTAAGTATCAACTTGGACTCCTAAATTTGCACGGGTGTGTTACGGAGGGGATTCCTCACCGGATCACTCAACCCCTGTTTAAGAACTCACCGAACATATACTAAGATC,461,48.59,Drosophila melanogaster
SEQ_122305,ATAGGTGACAAGGTGGAGGGAATCAGAGTAGTCGTAGAGTTCCATGTCCCCGAAGCCTCAAGTTC,65,50.77,Arabidopsis thaliana
SEQ_428425,AGTGCTGGTATGTCATTTCTTAACACTATTGAACAAAAATGATGCAGCTTTCCTTCGTCTGGACTGGCAGCATCGTGCTTGCCATCCTTGACGCCGCCATTCGCCGTGTCCCTGCCTGGACCGACTCCAGAGTTTCTGGGGTTTAGGGTTGGATAATCACCAATTCCCTCAGATGAACGTGAATATGTCGGTGGCACCCGAGAGTATACAGTTTTATAGGAGTGAAACTGTCAGTTAGACAACCACCTGTAGAAGAGTAGTCTTCATGACGTAGCCTGGCGTAGTTGTCCTGGCATGTTCTATACTAACTAGCGCTGTGGGACATGATAGTTTAGCCAGGCTGAGAGTTTCAGTTGTTCGGCCAAGTGGAAACAATAAGCCTGGGGTACCGACTCTAGTTCCAGCGAATACTTATACCTTCAATTGATCGTGGCGAGTACATGCCAGATTAGAAAGTAAAGTAAGGACCATATCACCCATGAGAATCACAAAGTGGGTAATTAATGTGTTCGGCAAGGATGTCCACTCGATCAGAGGACGGAGCATCATTTCGCTCGTGGCAGGGATACATTAAGTAGGCAGTGGAGCTCTAAGATTACCATCCGGTTCTGGTGATCCGCACGCGCTCCCGCGTACTAGGGCCTTTGGGATATACATACATTGGTTTCTCGTTTGAATGCTCTTACCGATGTTGTGCCGCAGTAGGTCCATATTACTAGAAAAGGTGCCTTGTAGGTTTGGAGAATTGTTCGGAAACTGATGTACGTGATATACTAGCATGGGATGCCTAAGCGATCTCCATATTGAGGGCACATGTGTTCGGCCCTATACACGCCTGTTACACTTGATTTTATGTGCAGGCAGGGATCGTTCGGGGGAGGCAACGGTCAAGCGGCCATTGCACCGTAGGGCCCCACTAGTATATCGCTTTGCTAGCTCAGCCGAGATCTGTTTTGGAGCTGCCGGGCCCATAGCTACCACGGCCAGCACTTGCCGACCATCGGTCTGAACTCACAGACGCTCTTGGTCCAGCCCGCCACATATGCGT,1048,49.62,Caenorhabditis elegans
SEQ_175927,CAATCCGACATCCTCGGCAGGGAGCGGATCGATCGGCTATAGCGTACCAGTCTACGAATGCGCTGGTACCGACGACAGGTCAGCGTCTCATCCCAGGTCCCCCAAATCGAATTAGGCATGTTCGCTCCCTTGAACATACGGCTATCAATCTCACTGACTGCCGCATTATTTTCCATTCGCGGATATGTTGGGGAGTGTTTTTTTATTATAAAAACCCTTCATTTGTTACGCATACTGGTACGTGAGTCGTCCTGCGGTTACTACACTATTGCCTTCGACCCCTAGGTAGACCTCCAGACCCACACAACAGTTTGCTGGCGGAGGGATTGACTCGAGGCTTTGCGATCATACACTCGTTCCATCCCATATCAGCGACTACAGTTCCAATACCTCCCCCTGCCTCTCAAATCGCGTCTAGTCGACCACTTGGTACGCCGCAGTGTGCAGTGAACCGGTTTAACTGACTCCTTTTCGGAGCCTCCAGCTTGATCCGTGGAGCGTCGCTCTGTTCCACGCTCACCTTGTTAGGAATAATGTACCCTATAGTTGGTAATCATGCGTTTCCCAGACACCGTATCATCGAACGCTCGAGCAGGTTGCCGTATAGAGTCCGCCTGGCGTCAACGTAATTCTGGCCAGATTGATACAGCTGGGTCACGTTCGACGTGAAACCGCGAGATAATTAATGAATCGTGATGGGGGTCAGTTGTGTATACTGACAGAGTCACAAGTTTGCCTTAGAACAAGCTGAGAGCCACTGTTGCAATAGGACAACGTCGGAGGGAGGATATTTGTTATCGGACCGTGGGAGCTGCACAAACTGACTTCCAGAGCACCGGACCGCAGAGTGAGCTCCCAGATGCGTAAATCACGATCATCACTGAGCCAGATTG,893,51.18,Escherichia coli
SEQ_481702,ATCCGCGGGCACAGGGTTCAGTTACATTAAGCCCTGATGCATATCCTGTCTATTTTCCAAAAGGCGGAGGCAAAATTGAGTGCCACAGCTTCCGAGTTATTTACTTGGTTACCAACGGTTAACATTCTATGTTGGATAGACTAGTATTCGTTTACTTTATGTTCCCAAAAGCTAATTTATACACTTGATAATCGAATCTACGAACCGTACGCGCGATGGGGCGACAGGGAGCGCTTATGGCCCAGCCCCAGGTATTTCCGCAGGATCCTCTGTAATCCCTCATACCGGTACATGGGGCTAACTTACGCATACACCATTCTACTGCTCTGGTGCTCACCAGACTCCCTGTTAGTAACTCGCTGATTCGCAAGAGTATGCTGAGCGCAAACCGCTTTGTGAGTGGACGTAGCCCAGCTCGAAGTGCGACGTAGACCAACCCATCCCGCAATTAGTCACAAACCGTCGGCGGTCCGGCTTAGGGTTTGCACTAATAGCCAGGTCTCTGTCTTTAGAGAGATTGCTTTAGAAGAGTAACTCTGGGTTAAAACCTGGCGACAATTGACGGTGCGCATAACAGGGCTTAGCCCCAATTAGTTTACTAAGATCCTGGTGTAGTCATTATGCTTCTCCTATACAGTCGAAACATAAGTCAAATCGAGAATTTCTCAACCGTAAGAAGTCAGACCGCCATATCTACTGGAGAGCCAGGTTAACAACGAGGAATACTGGTAGGGCCCGCCCACTTCACCGAACAGCTAATCCTAGTTACTGCACGGACCTGTCATTCGATTCGTCTAGCCCAATGAAGACCTAGAGCCAAACCAATCACACAGGGGCGTGCTATCTAAGATTTTACCCTGCGGACACTTTAAGCGTCATACTGATATATAGCCGGCATTATGCGCTGATGTCACAGAACAAAAGACAACAAATGTGCGCGATACTTAGTATACACACGGCCGGAACGGCCACAGGTGGTTATTTTCACAATGAATAGCAGTCAGGCAAAAAAATTGGTTCCCATTCAGACGTACTAACAGATCCCTACAACAGTCGAAACCCTTAGGACCGATTTCTTTTAATGCTATCTGGAGGATCGGCGTCCGTGCACAGCAGCAGCTGGAGAAGAATACAATGTCCCCCCTCAGATGTTCGAAGGTAATGCGACGAGGCGGACATACATCGTATAGTGCACAGTTTACCTCGTCTTGGGTGGAGTTATTTTCTATGCAACCCCAACATTAATACCATGAAAGTCCAGCAGTGAAGCCGCCCGAAAAATCAGTGTGTGTTGAGGGTATGTACTCCATCATAGATACCCATAGAGGCGCGTACCAAGTTTCGTGCTTACCGATAGTGCTTCTACCTGGAGCCAACAACTCCCTCACGGATTTAGCGGGAAGGTCCCGGTAAAAGGTGCGGTTACGTTTTCGAAAAGCCACCATCAGGTATCAGTGGTTAGGAACACGGTCTGCGCAGGCCGCGAACATGGGGGGCAGAATATGGTAGCGTGACTTTCTCGGCGCCTTACGCGGACTGGCCCAGGAGTTTCGATTTTTGGTCCGTTTCAGACAGAGAAATAGGTGCATAGTATGCGAGAGTTATGTATCTAAAGTCAAGCCGCCAATTTTTCGACGCAACAGGCGCGATGGCTACCACCTTCACCCCCTTGAGATGTTCCCTGCGCTCGGAGAGTTTCGTCCGAACTCTTGATCTTGGGGTATCCATGGTTCGAATCCACCATTCCAGGGGATTGAGGTCCTTGAACTTCTACCGGAGCTTCCGTCAATAAAAATCGCGGAGTACCGGAGGGTTTTAGCGCTTTATTGCCACGAGGACTAAAAAAAGGCAACCATTGTGCGCGTCTTCTACTCACTCCCATGCACCGCCTCAAACGACTAACCGTACACATAAGAAATTCATATTCCATATGGATGCTTACATAAAGATTGCGCTTCGGCGTGGTAGGGACCAGGTTCAAGACATTGTAAGTCTTA,1997,48.37,Saccharomyces cerevisiae
SEQ_725150,TATTACTTGGTGTGCCAATGGGCCTTCAAAATGACTTACCTACCCCTTTTTACCTGTTAACCTTCATACCGGCAGAAAACAAGGTCCGCCTTGAGGATTCCAGGTTGCCCACGTTAGCCGGCGGGCGAGATTCAAGATGCTCCGCACGTCACTTATTAATACATCTTCGAGTTGTTCCTGTCTTGCACAAGCCGTCCACTCGCGCGATGGGAGTCCCAACCGGGCGTAGGCAGATCCACACCCTTTAGGTAATGTCGAAGTGGGCAATGCAGCGAGGAAGTCGAATTGTGGTATTCACTTGTGATCAGGAGACTGTCAGTATACCTCTACACGTTAAGGCGTTTCAAACTTAGGTGATATGATTTGAGTAATATCACCCTTTTAGTAATTTCCTAACTGGTGTTGAACTCGCGATAAGTGCGCTAGTAGGCAAGAGCAACCAGATCGTGTAGGGGCCGGTAGTCCCTCTCCGTCTGTAAGCTTAATGTGCAGGAGACGACCCCGAACCAGTCGTGAGTATTGAGTGAGCTCCAACCCCGATGTAGGGCATACCGCCAAGTGTTGGGCTGAGCTCTTCTCAGTTATCTCGAATTTGGGACGTTTTCTATGTAGTTTATAACGCGATATAGAGCCTCCCTAACCTGCACACTCGCTATTCCTCGTACAAGGGGTGGCGACTCTACGCGAGCAACAGTCCGAGAACGAGTTTGAAAGTATCCCGCTTCTTCCCACCTCGAAGTTCCATAACTCCTTCGTGAACTATTTGGCTCTAATCTCCTCGAATGAAGGTCTCAGTAACCCCCCAAAGAGTTAAGACCGCGCATGAGCGAACCACCGTGAGAAAAAGGATTTACGTC,857,49.36,Escherichia coli
SEQ_926804,CCCATTGTTGGCGTTAGACGTGATCGTTGGAGTGTTACGAAAAATGCTGTCACCGGATATGCGTCCCTTGCAGGCGACCTGCCGCGACTGATGCGCCTCCAGATCGTAAAGGATACCCTGCATCAGTATCTCGTATAACAATGCCGGGCTCGAAAACTCAACGGGTGCTCTCCTATCTTATAGTTACACTTTTCTCGGATGGACCGGGCAAAGAACAACTGGGCCCAACTAGATCTAAATAAGGGAACCGCTCCCAATGCTTCGTATGGAACTCCCTGACAGCTTGGAGGCTCACCGACTGTCCGGAAATTTCTATGTACTGGAGGCGGCAAGCCCGCTTCGGCCAGTTAACCATTTGAACGATGGAGCATCTGAGCGTTTACCTCACATCACAGCCGGTCCAGATTTGCCCCCGTACTTACTCCTAGGAGATATATTAACTTTCGTGTGAAAGAAATTCCGCGCCGCGCCCA,473,51.59,Caenorhabditis elegans
SEQ_640104,TAGAAAGTGACAGAGTCGGTCTTGCTGTCAACAGGAGACGAAATGGTCAAGCCTATTGAGCCGCTAATGCGGCTTTAAGGCGCAAGGCAAGATTAGAAAGTGCCGGGAGAACCTGGCCATATTGCCTCAGACTGTGTGCCCCTCAATGAGCATGGGTCATTCTGCACGCTCTGGTTACGTTTAGAGGGTGTCCAACTTCGGCTGCGAGGTGTCCCGCTCATTCTGCGGAGCGGATACCCCTTCACAGACCCCTTACTCTGGGAACTCTAACTTTGAGTATACTCATGTGTAGAGTAAAATCCTAACGTTCCATCGTTGTAAGATTCAGGCTTGTGAGGGGACATGACTTAAAGTTCGGCGTCGACCCGTTGAGGGAAGACTATTTACACGTAATTCACATACAGCAAAAGTGGCTAAGCATTCTCTCGCCCTTATTGCTCTCGCTTTCCCCACACCCCTGTCTGTCGGAGACTTAAGTCCCAATCCACTGCATGCCATACGTATAAAAGGCTCCTACGACCCTTCAAGACAGCACCATCATGGTGCTCGGCACACCCGTCTTAAACCCTGTGAGTACCAGTGAGTGCATAGAGGGGGGTCCATCCCCGATTTGGCGAGATGCTTGAGGTCTTGGGTCCTCGAGGTGATTGCCTATGCCGTGAAAATGCTACGAACACTTGATGGCTTCACTGGTAAGTCTATAAAGCCATCTGTACTGCGCTGCATATTCCCTGCTACTGTACCTGAGGTGCAAGTGGGGCGACGCTAGGGGTCGAAATCTGCCGGGAAACGTTGCTCTGTCACGAGGCCCGATTTGGGATGCAGGCCAATTTTGTAATGTCCTCAGAACTCATTTTGGCTACCACAGTATTGGAAGTTAGCAGCGAAATAGTTATCTCGATCCCTGTACTGAATGTTCATATACGCCCGCTCCCCAACTAAAAGACTGGAAGGAGACCGGCTAAGAGCGGCGCTTTAACCCGTCCCTATAAGGTTAATTTGTGGCCTGACCCATTCACATCCGCACGGGGACGTGAAAATTGCAGCGATGGAGTTTAGGCAAAACGCACGGTACACTAGCAGCATCCTGTTGTCTCCTGGTATTGTTCAGCCGTTACATGGCGGACGCTACCTCTGTGCCATGAGATATGATAGGTACGAACATACCCTACGATATGCCGACGCTACGTGACGCGTTGAGTTAATCCCCATATAACTAGGCAAGAATTGTGGGTTGCTTCAGCTATAGGATGTAGCCCAACTAGTTCATCGCACATAAGTTTTGAGCTGATTCTCCCATTCAATTCTCTGCATATAGCCATGATGTATCTCATGATTACTTAAAAGACATGGGCATTCGCCTAAATCAGTACTCCTAAGATACTCTAGGATCAGGGCACCTTGAAAATCCTACCATGTACGCTCGGAAGGCTGGGTCGAGGGTCGGGCGCTACCAATTACTATTTTGTGCAAGCGCGAATCACTCCCATGTAAACAGTGAACGCGGGGGAATTTAGATCGTTCGCAAAATCTAATATAATGGATCACCCGAAAATCTGAGGCACTCCAGGGTCCCGAAATAAAG,1585,49.27,Homo sapiens
SEQ_611871,CGGACCAAGTCCAATTTTGTAGGGCCATTACAGAGTGCATTATGGAGCGTCGTGAGAAAGAAAGCCTGGGAACGTCCCTGACAGCCTAAAGCTTTAAAACGGTTGGCGGTCGGCTAGTTGGCTCTAGGATTCTGTAAGTGGGTCAGCAGTTGCAAATGACCTGCAGATCTGACGTGCCTTCATGCGCACGCACATGAGTAAGATCTTTTGGAGCAATACGACGTGAGGTTGCAACTTCTTCGCCCAAATCTCTTTAGATCGTCAGTGGAACCGCCCCCGTGCACCCAAGTCGATATTTGAGGTACCCTTACCCCATAAGAACTTTTCCCTACGAGTTAGTGCGGTGCCGTCTAGGTAAAAATCTGGTCGCTGTCCCTACCGCCCTCTACGTACAGCCACGCTTCCCGTACTTGAAAGTAGGGTGCACGGGGTTCCCAACAAAGGCTGGGAGCGACCCCAACGCGGTTAGGGCATCGACTACGTCGACTGAGTACGTTGTCGGCTTTGGAGCTGGTAAACTACGTGGCGCTACTTAGATCGGCAGTAATTAGTACGGCCCCAGAATCTGCCGAACTGGTGTAATTAGACGGTGATCAGGCATCCGCGATGTACCAACCTAACTCAGAGAAGTGTGGTCTAGTACCGTAGCCGACACAGTTACTGAAGATTCTTATACCACGTACTCGCAACCGGCCGGCGCATGCGTGCGTAGAAACATATCGCCATCTGGGCGTTACGCTGGCCGACACCGAGTCGTGGGGACGGGGATACCAGAGTATGAGAGTTAAGATCGAACAAAACGCACACAGGACCGCCGGTGATTGTCGTACTTCAGCTTCCGGGCTGGGCGGACTTTGATCGATCATAACAGGTAGCCCAGATGCGGTAGGTCTTATCGATTCAGTGCGGGGCGAACTATAGGTGGTAATTCCGGACACGATGCTAAAATACATACTGCTCTCGGGGCCACCTAGGCGTCGATGTTGTTAATCTTGAATGCCCCAGATGCTGCGATTCTAGGTTGATAGTGGGGGGACGTGTCAGTTATTGGAGTACGACGTAAAGTACGACAAAGGACATGCAGCCTTCAAAAATACTTCTACTACAGAATCTCGATCGATCGACAATGGGATGAGTTACCTTAGTGCGGGATCCTATTCTTGTGCTCAGTGGAGCTCGCCAGGATACTCGTCCAAAGATACGACCCTGTCTACATGTTATATCTGCAGGCTTCGCTCTTAGGCATATGTTCAGGCAGGACGTCATGAAACATGTGGGAACTAGGAATTTAATTAGTTGCCTTACGGATCGTATGTCACGGACTGCCGGCAGGCTCGAGAGCCGTTGATTGATTGTAAAATGTCCTAGGAGGAACCCCGTAAATATTAGTGTATAACTAGGCATCTTTGCATTGCAATGCTTGCAGCTCTTTAGCCCACACGCAGCCAACTTTCACAGGAGGGTATTGCGATTTAGACTCCTTGGACACGCGCCCCCTGAAACGAGCGGGATACCTCCTTTTCTTGGACGAACAACGCTTTAATGTTTACGTTGGAATGGCCCTGTACTCAGACTTATAACTTACGGCTGAACTCTCATTAATGCGTCATTCGACCCAGACTGGTTTGGAGTGAGCTGACACTCAATTGTAGGATTCAGAGTTCAGAACGCGATCAGACCCCATACACGTTACTCGCTGTATGTGCCTGGTTGCTTAACATGACGCCAAAGTGCTAAATCGCAGGATGACCCCCTTTGGCATAGCTAGTTAGGTTTGGGTTGCATTTTGGAGTCGCGAGTGTGAAAGACTGAGTGTTCCGAATGGCAAGCTACGATTCGTTTTTAGGACGAGTGTGCATAGGCCTCACGTAACGCGAGGCGTACTACCAAGGTGTACCGAAACTGAGACTAGCTATACAGACTTCACGCGCCCTCGGGCCACTGCTAAGAATCAGATAATCGGACC,1966,50.46,Drosophila melanogaster
SEQ_597272,TTCTGCAATCATGAGGGGGTCACTGATGGCCAGTATAGCCGGTATACTGTCGCCCTATGGTCGAAAAAAAGAACATCCTAAGCTTCAGCGCCGCGTATCCTTCTCTTTGCCGGCCTGAGTTGACTCTTAGATGTGTGTACATCAACGTGGATCCCATCGCTATCGATGCTTGTCAATATCTCATCGTTAGCGATGGGGCTCGTGAAGCAGCATGGTCCTGCCTAAGTTCACGAACTCTTCGATCACCAGAAAATTTCTGGTGAAGCCGTGAACGGGATCATATCATGCTGACAGGACAGGCCGAATACACGGTCGATTAACTAGATCCGCACACTGGAATTCCTGTACCTACGCTGAGGTTATAGGTAAGTCTTCGTGAAAGAGCGCCAATTAAACGCGATATTGTCTCGATCCTATCCCAGTAGTGTACACCCCGCCTAGAATACCCAATTATATGCAGCAGTCTCTTCTAGAGTAGTGGTCTCCGCCGTAGCAAGGCTGCTCTGACTAAAGACTGCACGGGTCGGCCGCCTCTACTCTCACTGGCAAGATTAGACTGGGGAACCAGTAATTGGCCGCCGTATAGGGAGCCCGAGCCCCGCGGACAGTGTGTAAAAATGTAAGACTGCAGGACCGCAAGCGTGACGCCTGGATCAGAAGTTACAGAGTCCCATGTGACGTCCTAGAGTGCAAGCGGTAACGATGACATATTAGATAGATGCCTTTGCGCAACCATGATTATATAGTAGTATTAAAAAAGCAGCCTCCCATACTATTCGCGTTACTTGGAGAAAGACCTAGCGCTTCGATTCTTTTTTGGGCCATTTAGCTAAACAGGTTTCCTCAGGAAAGTGGGAAGCACGTCGAGGGTGAGCCGTCAAGTTAGGAAGTCATTAGGATGTGACACTTGTCATAGGTTAACCGCAGGAATCCGTTCTATGAAATTTCATCCAAACCCCACTCGCGGGGCTTTGTACTTATCGGAGCTGTGGGCTATCGGCATTGTCAACAATAACAGTGAAATGGGGGCAACGTCGTACACAATCATGCCCCCGCATCCACCA,1064,49.34,Drosophila melanogaster
SEQ_159401,TACGCGTCGTGTATATCGGAAAGCATGTCGATTGGGGCCTACATTGTATGGCGTAACATCAGGTGACAACTTCGTCCAGGTGGCCAACCTCAACTAAATTCCGTCGGTGTGAATTTAATTGCGGAGTGACCCGGCTGAAAGGACCCGGTCGTGGCTTTAAATACTTGCCATCGAATAGTCCACTCGAGTGTCATTTGGGTTAGGGTAATGTGCAACTAGGAGGTATTAGGTTCGCAGCTCGAATATACAAGGAGGGTTGAACGGGAAAGCAATCAAGTATCGAACAGCTCTACTAGGTTAAGTAGCGGCGCGCGACGTCTCCACTTCGCACAGGCCTAGGTTCTTACCCACATCTAAATTCTACTTTTTTGTGGTGTTTTAGATGGCTGTTCCATCTCGCAAACCGATATTCCCAAATTTAGGTGTGATCAGACCAAAACCGTACTAGTCTTTTCGGAACCACAGGTGCACCCGGGCCTTTTTTCTAAGTAAACAGAGTAGAGATCTTATCCCGTGGTGGACCCGAAATACCTTTGTCAAAGGAAGGAGGTGAATATGTAACGTCTCTTGCGTGCATGAGTGCACGTGAGCCGACGTTGCCCTATGCCGTGCATCTGCCTTTCTAAGTTTGTGGACGTAGCCATCTGGCGCCCGCGATGCCATATTCAACGAGTGACTCTTACGGCGCCCCCCACGGTCACTTATAACAGTAAAGGTTCTTTCGAGAGAGTGTAGTCGACCGTATAAGTTCAAACGCAGGTGAAGGATACAAATAACTCTTGCTAACGGACATCCCGTGCCTGTGGATCGCAAGCCCCCCGCCCGCTTAAGACCCGCTGGATCCAATATGCCCTTCCACGCCCGCTCATAGCCCTTTCTGTGATTAACCTACACCCACGTAAGAGGGACACTATAGATCAAGTTAACCACCGAGACAATGCACTCCCGTCATTCATTTTATCTCTAGGGTTCACCTTACTTTATAGCGACAATAGCGCGACATGTTGCAGTACATCGTAATCCACCCTTGGCGCAAGGCTACCCGACCTGATCCACAGGGTGAAAGTAATCTATTAATGATATGATCAATTTGTCGCCGCAGGACAGGGTCGATTAACTCCAACCTAGCATTATTAGCGTTATGTTAATGGGCTATTTTACGGAATCGGCATCAAAGTCGGTAACGTGTGCGACTCATCATAATCGGCCGCCAAGCTATCCGGACCCAGGCAGACACTGGAATCACGTTTTTATTCTCCGAGCACCATCCATGTTGTGGCTGTACGAACTTCGCAGGGGCTGACAGAAAGACACCT,1316,48.86,Saccharomyces cerevisiae
SEQ_587488,GGTGCGATCTTAGGACTCTTTATGTTTAAAGGTTTGAGATCGATCAGCTGAGGAAACTTTTGCCGATAATGACTTGCTAATCCCCAGTCACTGATCGGCCTAACTCACCTTAGAAACAACTTGTTCCGTGTTGAGACCCGTGGTCGGCTACTCGTCACTCAAGTCCGTAGTCTTGGTTCTAAACAGATGATGTAGGAGATCCCCAGAACTATCCTGTGAATCTATTATCCGGCGGCCGTAAACTGGTCAGTGGAAAAATCATTAAAGCGTGCCTTGACTAGATCTCAAATCGGCATCACTCCCCGACTAAGGAAGAAGTCCACAAAATATTTAACTATTGGACACATTAAGCACGTTACTTAGGCTAAAGATCTTAACCAGGAGGGCAAAATTTAAGACCCAAGTAGCAGTATCTTGCAGTCATACCACCTGTGAGGCAATACTTATATAAGGCACGTAGTTGGAATCTCGGCCCGGAACTAGACTAAGAACAACCCCTTATCTCTTTTCGTAGACTCATGTCCAGGCAAAACTCCTTTACCCAACGCGAATTATCCCGTGTATCACTAACCGGGTTACACCCACGTCTGGAAGATTGCGATTTCCTGACGGGGGACGATCTAATGTCCGATTAGTATGAGGGTTGCGTACGAAGCGCTTACGATACTGAGCGGAGACGAGGCGAGGGCAAACCTAAAGCCAGTGCTATCTATCCTAACCCTAAGCGTGTAAAGACTCAGATCTCCTCTGGTCGCATGCCTGCCGAACCCAGCTTTTTTTGAGACCGGGGACTTGTTAACGGAGGGAAGAAGTACACAAACGGATATTCGGTGAAAGCCAAAGATCCCTCTCTTTGTCCTGGATCTGGAAGGTCTTATCGCATCAGCTCTTCCCGAGAACTACTACAGAATGATATCGGATCAATATGCGTAGGTAGACGGTAACCTACCGCGCGCCGAAGACAAATCCATCAAGTGGATCGTTCGAGCGGGCGTCCAGTTCAACACTGCCCAACCGCAGGATCCGAAGTCTGATCAGGTTACTACTTGTTACTTCATTATAGGATGGTATTTAAAGCGTCACGCGTTGGAATTCACCCGATTGATTCCGGATATCTTTGCGGACTTGGCTAGGACTCACGCGAGCTGATGAGTTCGCGCCAATCGACGTTTGCTGTTACTTGAGCAGGAGACGCACTGAGAAAGGTGTTAGGTGTCAAAACCGCACGCACTTCACTACAAGTTGTCCCGCGTGGTTTCAATGACTCTCCGGCCGCGA,1278,47.97,Saccharomyces cerevisiae
SEQ_602792,ATTCGTTGAGGAGAACCGGAGCCCCGCGTTGAGGATGGCCAGGCAAAGGCCCAACCTTTCATTCCGCTAACCCAAAGGTACCCATACCTATCGGTTTCTTCCACGAGGCAACTTTGATGCTATACGAACCGGCACCGAAAATTTATCCCTATTTCTATGGATGAACAGGACAACTGTAGATATGAGTCTACGCTCGCATGCTGCGCACCTGCGAATCACC,220,50.91,Homo sapiens
SEQ_393778,GACGGACGCGGATGCACGGTTGCTGTATTTGATACATGGCTAGAACAACGTGATTGGCGTTTCCCCCTCGAAGCGCCGTACCATAGCTGTCTGTCACCGATCCTTTAGGATGCTACACGGCCAACAGCGACTACTTATGAACGTGGCATTCCGGTCGTACTTGTTCGGGCACTCGTGGCCTTCTATAGTAGTCCGCTCAGATGGTCAGATCCCTTTCGCTACCAACTGGATATCGACCGACATCAGTAGACTTGATATCTGCCAGTGTTTGAAACCCTGTCCACACGTTGCACATCGCGAGCGTTACGCTGTGATGGGGCGATCTGGTCTTTTGACGCTTGGGTACATACACGCCTGTCGGTAGCCGTATCAAGTTAGCACCGTGTAACGTGCAACTTGCAGTATTCATTTCGCACGGACATGATAGTCTAGAGGTTAATCTCTCTTCCGCGTACACGTTCTAGTGACCTTGAGGGGAGTTGCAGAGATCCTGGCTTAGCGATCAGGATAGGACAGCATGCTCGTGCCCAATCGCGAGGCGCCCGCGATGTCCCAAAAAAAAAATACCAGAATCTTCCCAGCTTCTGGTTATACAAAATCCTAGCGAGAGAATAAATAACCCGGAAGGGTTGTACGCGTCCCGGTCTCGCACGTGTTAAAGACAACCAGTGGGTATAGGGCCTGAAGGGGCATGGCGCTTACCAATATCCCGAAATAAGTGCTTCTCAGTGGGTAGTCGGGTTTCTATCTGTACATACACGCGGCGAACCTCAAAAATCCGACAACATAGTGGGCGTACAAACCGTATTACTCGGAATTGGAAGGACTAGAGTGCAACCCATCTAGTCCCCTTGGCGTTCCAGTCTGCACCCCCACGATTCGCCATGTGGAGCGAATTGACCTCTGCTTTGAAAGAAGATCACGGATGCATTTCCGCAGAACTGAGGTATGAATAACTAGAATCTAGGGCGCAATGCATTTATACTGATAGACAGGTGGGACGAGTACCATGCCCCCTCACACCCATTCCGCTCATTTTTACTTGTGGGAGCCCCCTAGGACTCGCCTGGTGGCTCAGTATACCCAAGACACAAAGGGTCGTTCAGATATTAACACAGCAACTTGGAGCTCACAGGGCTTGGTCATAGTATCGTCAGGTGTGGTAGGTTAAGCCTTCATACAATCGCTGAGATGATAGCTAAGCTATTGAGTGAAACCTGAGTAAGGCATAGACGCTTGTGTACCTACATATCCCTGATAAAACGTATAAAGAGAACCACAAGTGAAAACGCGCCGTTAGGGTTCACAACTGGTGGCTTGGATCCTAGTGGATGCGCGGTGCACGATTCTTGAGCTAGATGGAGACACACTAGAGGTCTTAGTAGCTGTATCTTCGTAACGCGGTTTAGGGACGTAAAGATTAGAACCACTGCTGAGTCTACAACTGTGGGCTCCGGATGCAAGGCGTTCGAGGCCAGGCGGAGAGACCTTGCCCGTGAACCGTGCCCCCGTAGTGTGTTCAAGGCCGTCATTGATGTCTAGTTAGGGGCGTAACATGCTAGGGTTGACGGAAGTGCAGCCCCCAGGTCCCCTCCACGCAGACCAGCTCATCTTACGAGGTTTAATAACGAAGACCAATCCTCGTTTTGAGTATCGAGCAATCAGCTGTTCCGTTGCGCATCTCGCGCATTGAAACTACTCGTCCCTGAATTATTGGCGTACTAGGCTTAGACTCTAGTCAGTAGCA,1747,50.66,Caenorhabditis elegans
SEQ_673087,CTCTCTTAGTGGTGAAGGGTGCCTTGATCAGACAGCATCAAATCCTACGACGCTGTATGAGACGGCTTCGGAAGATCTCGGATATTCCGACACGGTCTTATAAAATGCCCTAATCCCAGCTGGGGTGTCAGCGGTGCACACGTAAGACAGTCTCGCATGTGGCCTACTCACTATGTACCTCTGATGTTGACTTTTAGCCTAGCTTGAGGCGCCAATGAGTTTATTCAATCCATTACATGTTGTTCGCTAACCATTCAAAATGGTTGTTCCGGTATCGTTTCGCGACTAAGAATATTAAGATGGGAATATCTGAACCCGGTCCATGTTATGGTATGGAGAACTTCAATGCGTACTGGGGATAACCGGTGACGCCGTGTCAATGAATGTATAAGTCAGCTTCGCGTTGTGTCACCGCCCAAGATAGGGAGTAATTGCCGAACGAGGCCGGCATTACTTCGTCAGGAGGATCGCAGATCTGGTCGGTCTGGGATTATAACGCTAGGGAGGTGGTTTTTGGTTGTGGATATACCACTCGTCGGCACGGCGGGACCCCTTACATAGACAACCTAGCTGCGTTGAAGCCGAACCCCGCTTGGGTAAGATGCCAAGCCGACCTTCCCTTCTCAAGATCTCGATGAGAGTGGGGGTAACGATGATCAACGAATGTAAACTGTAACGTTGCCCGGAAAAGGAATTTTCCATCTGCACTTAGCGATGGGCGGCGCGCCGAGACATTCTGGATCAGCCCTTGAAGGCTGCTCAACAACTGAGCTCAGTATAACATCGGGAGTGAATTCTATACCCCATTGGCTGACTGTGTCTACCAATCAAGATAAGAAGGCAATATTCCCCGGTACGAGATTGACCTCTTACAACCTGCACGCCTCGCCTCGGGCAGACCAGTTCACCCCTCGACAAGTACGGTCAGTGCTTTGCCAGCGCCGATCTTTTACCCTATTTGAGAGACTTTGTCGGCGGCTAATTCAATATTAATTGTATGTGGTCGATGTTT,1012,49.51,Mus musculus
SEQ_819008,CGAACTGCTTTAGGTATTTAACCCATTTGAACAAGAACATTCCACCCCTCGTAACGGGCCCTGACTGGTCTATTAAAGGATCCACGAATTAGGCCATGCTGCGGGTCCCGTAGGTAGGGCGAGCTACGGACCCAAGCGATTTCGTTGCTGACCTGCTGTAGACTACCCTCATCAGTACACACGAGTGAAGACTACCGTGATCCACTTCCTCAGCGCGATCATGCATCGGGGACTGAGCGGAATATGATTCCAGGGTTCGGTAGTCCGAGCGAGCCAAGGAGGAAATATAATCAACATATCGTGGAGTTGTAAGAAGTTATTAAGTCTCCCCCGTCAGGTAGTTCCATCTAATCCGATCCCGTTGAGTTTGGATCCCTACGCATGATTGGGTTAGAGGTAACGGGGCCATGTATCACCCAGAAGACAGGACTACCAAGTCTCTGATGACTTGGGTGAACACCTGAGCCGGTGGCTTATCCTATTTGGGGATATACTGTTACGTTACATCTTTGGGACCGAATTCGGATATAGATTGATACGGATAGCTGAACCTTAAGCGGCGAGGATTAATATGATTATGCGGAACGATTTATCAAATGCCTTAGCCATTATTCGATGTTTCATGAAGCGTCTCGATGGCTATCGTGCTGCGATGTCCACCCTTCCGGGTCTGGTCAATGTGATCTGCTATTGCCGTATCTTAAACCTCCGTGTTACTATTCCTCACATGTGGTGTTCGGGCAGCCTAATAAGACCTGCTACGAAGACTCGTCGAGATTATCCCGTGGCCCGCACGGCGCCACCAGGGTCGGCGATGCAGGCTCCTACCAGCTATGTCTCTAATTGAAACGGAAAGTGCCAGAAGCGCAGAGGATCGCCAGTGGGTCTGAAGTGGTATCCGGTATGGCGAACCCACAGGCCGTACGCGGATTTCGCCTGCTTGTGACTAGTCGAC,955,50.68,Mus musculus
SEQ_687775,CAGAAATGTCGAGCTGATAAAATAGCACGGAGGGTTGCCATAGAGGTAGGCAGAAGATATTTAAGACCCCGGCCGCGGTCGCATGATGATCTTAGGTCACTTGTGTACATAGATGCCCAAGCACGTTGAATATACGCAGGACCTCTAGTACCCGTATCGCACTGGCTGAGCATTTAGCGGACGACAATACATTTTCGAGCCAACAGTGTACGGCTACTATGGCTCTTTATCATGTTTTCGTGATAGGTAAAACCGATCATGATCGACTTGTATCGCTTCCTGGGGAAAAGAAGGATATCGCGGGTACGCGGTGGGGGTTCGTATCTGCCATCAGGCACGGGCGAGCCAATATACCAAGCATAATGGCGTTAGATAAAGCGCTTGTACCTGGCGGTCATCCGAGAACACTCGCAATGGTCAAGGACGATACTTATGTTTACACCTCGAAGGCGATAGTGTAGACGGATACGCGCGGGATTTTGTTTAGGATTCATAGGTGAGACATCTCATGACACGAGGTCCTCTAAGCTAGATGTGAGTAAGCGTACATAGAACAATGATGGAACAGCAATAATCTGTGAGTCGGCCGAATCAGGATAAGGTAGGACGCACATCATGGAAAATGAGGCAGTCAGGATTTCCCATGTGTCAATCTGCACTTCGACATCGGAAGCTCCAAACGGAAAACGCCCAGTACAAGATGCAGGTAACGACGGAGGGTAACTATTGGGCTTAATTGATTTGCAATATAAGTTGCGGTATTGTTTTCGTAGGGAACTCAGCCCTAGTTGAGTAGGGACCGCCG,805,48.07,Saccharomyces cerevisiae
SEQ_594919,GAGAAACTGATATGAATAGTGCGGCTGCGATACGATACTGGTGGTGAATTACGACAGAAATGAACACGATTAGCATTAGTCTGAGTCGTTCTCCGCTACATACTTAAAACAGTCACACATGTCGGTCGCATTGGAAGACGTGTGCAAGCCGCTTCGATTTACCGGGATCAATCTAAGGAAACCTGGAACTTGTCTTGGCTAGAAGACCGATCGTTGC,217,46.08,Arabidopsis thaliana
SEQ_308144,TGGCATCTGCGTTGGCTTCCGAGTACCGGCCTGGCAGATGTCCGACCAGCGCGATTTGATGACTTCTGGTCGCGGACGTGTCCGTCGCAGGTACTAGGACTGTAATTTAACGGTAGCTTGAATTCAGCCCTATCCCTCATAGATCGTCTGGCGTAGGGCTAAGAGAAGTTGCGAGAGAAAAGGCGTCGCTTCGCATCATACAGATGTGACGTGCTTCGGCAAAAGAAAAGAGAACATCACGGCTTTTTTGAGCTTATAACGCAATCCTGTCCAAGAAGGTATACCGACAAGTTGACTGAACTAAGATTCAGTTCAGAATCTGTGAGCGTTCAGTATGCTTCTCAGCCAACGAAGTAAATATACTCACGACACATGTTAGCTCAACCCTGGACGAATCCCGTTAATCGTTGAAGACCCGAGCTACCTCAGACATCCCTCGTCGACGTTTCTGCAGTCTTTAGTTAGTATTATCTTCCCCCTCGAGGGTTTGTACATATGCCGAAAAGCACCCCTTGTGATTTGATAGCCTGAGACGGCCTTCTCAGACGACGCGAAGGTGCCTATGAGACAGGGCTCCCCTTTGTTATCCGAGCGAACTTCGTGTGTCGCTTTGCCAGGCATTCGAGTCTCTCTGCAACTAACTTAAAATGAAACGGACGCGGTCTGTGTCCGCTATGTCCTCCAATTATTGCCAGCGTCGAAGAACGGTCTCGGGATCACTCTAACGTTAGTACCACTACTTAGCCGTTCGTCACGATAGGCGAGAACACTGAACGAGACTACGATGACCCGGGTCGCGTTAAACTGAGAACCGGAATCGTCGTGCTCACTAAGATTTAATTTCTCCGAATCTGTAAAGCCCCTAATGGTAATGTGTGACAAATGCGTATCGTCAACTCTTGTCCTGGGCGATCAGGCGATGACGTACCTCTTGATAAGTCCACAGACACGCAGGGTGCTGTGGGCAAATAAGGACCCCCGTAATTCATTCAATCGTGCCTACTACTGAACTGCTAACACGGGTAAATAGTACAGACTGGTCTGGCTTATGCCGTCGCTATGCAGAAGACGTCACAAATCTATGCTTGGACCACGCCGACTAAGTGTTGGGGTGACGTACCCTCGGGGTTCCAGACGTAAGGGGGGATGGATTTGAATATATCTGGCATGGATATAAATACTAGGCGCATCGGATAAGTATAAATTCGACGCGGGGGAGCAAGAAAATGCCCTTTAGTTACCAGACTCCAGCTTGCTCTGCATTAGCAATCGGATGAGGGGTGGGGGCAGGTCACTGATTGTCGTATCATGCACAGTCTCTTAGTCGGACGAAACAGAATGGAGGTCTCTGTCGTGGTCGCGGTTGGATAGCTATGGGCTTGAACCGCAAGTCTTAACGTTGAGGATGAGTACTATTCAATGTCTAAGAATCAAAACGTGGCAGCAGGACGGTTCATTCTCTAGAGCTTCAGTGGCACCGCCCCTTGTACCGCCACTGTAGCTAAAGACCGCGTCAAGGCACAACTGACACTGAAAAGACAATTAGGGGTAACCGACCGATCGCTCACGCGCCCTGCCCAACCACTTGTGACCGACCGTGGCGAACTTCAGCCGAGTAATTGTAAGTTTAACGTTTAAGTAACAATTGGACTATTAATATGCATTGGTCCACCAATCATTCTAGGACGCAAGGGTCTACAACAGTATCGGACCAC,1715,49.45,Escherichia coli
SEQ_935735,AAGCCGTGCATCATAGTCTGTTCATCATATCTTCGGCATTACTGGCCGGCACGCGAGATGCGCAGAGAACCCTAATCCAAGCCACCTTCCAAGAAGTTCGACAGGACGAGTGGAAGAGGTTACCATCATAACATGGGCGATGTCTGCCTTGGGCAGCCCATAGAGAACACTCTACCTATCTTCGCGCAGGATGAGGCCGGTTAGAACCCGAGAAGCTCGCGTTTTGATAACAGTATGGCCTAACCCCACATAAGTTTGTGTTCCAAGGGCATCTAGCTGGAAGTCCCAATAATAGATCACAGATGTAGAAACAACCCTTACTAGATGAAAGTTTAGGTTAATCGGTAGAAGCGAGGATTCCGACGCGGGTTTTACTTCGACCAAATCTTAGCAACTAGCGCCTGCAACAACAAATCATATAGCCTTGCCCGAAACGTCTTGAGTTGATTCAACTATGTCATTGCAGCCGACTAGAGGGGTCGTATATAAGGTTCGTGCTTATAGCGTTAAGTTTTCGAAGTCACACTGCTTGAATTAGAACTCGGCGCACGCTGATCCCACGTGGACAGGTGATGGCGTGTGCAAGTTGGGCCTTCCCTGACTATCACCCTTATAGGGGCACTGCACGCCCAAGCCCACGTTTACGTCGAATATCCGCATGGTATTTGAGGCTGCGATGCACTGAAGTCGCCTTGTAACAGTCCGCTCTCCATCTTAAGAGAGACTTCAGGACAACGCTGCCAGGTTCACATCGTCGTCTAAGATGTTCTGCTCACTGCTAAGATTTAAGGGCGAGACAAGCCAAGCAGGCTTGGTTGCTTGCCCCCCACTGGGACTAAGTGGGCTCACCTTCTTTTGCCGCCTGAACCAGGACCGAAAGATGAACGGGTGAGCCTATGGTGCAGAGGGCCCATCTTGCCATCCGTTCAGGTAAACCAGCGCGGGTTCTCGCAAAAGCCTCACGCGATGGTGTACTGTCCCTAGTCCAGGTTTACACTAGGAGCGTATTTTTCGGTAAAACCAATGGCAGCAGATAACGGCGGTAGTCTGGAAGCACCGGCCGTCGCGTTCGGCGCATCCTGCAAAAAAGACTGATACAATCCAAATCCAAAGCGGAGATTACTATGGACAGCATCCGCAGACTGTCCGAACAGTGGGTTGGTGTTAACTTACGAACTGTATGACTCCGGATTGCTCTCGATCACGTGTCACTGACAACCTATGGTCTAACCTACATGTCGTGGAGAGTATGGTTGAATCTACCACACCCTGCGCGGAGAATTTGTTTAGTCCGAGGTTGGTTTTATTCCGTCATGTCCGGTACGCTACGTACAAGCTTTGGTAGACGTTCCGTGCAAGTCAACACGCCAGAGTAGCACGCGGCATGCGAGCTTGGAACTGATGTGAGGCTATTCAATGTGCCATTTAACTTCTCAGGCTGGCCAAGTGGATTGTTGGCCAAAACACCATAGATACCTGTCCCGGAAATTTTATGCGCCGTCCACCTCCCCTAACGGGCGGAATGCAGGTTATGCCCCTAAGCTAGTTTAAGCCATGATGCAAGAAATGGTAGTATTGTCTCAGACCACAGGATTCCATAGGTGAGCCTTATTAGCAAACTTGTCTGTATGTATGCGAGAAAACAAGGTGTGACTGTATAGTGATTTGAGTCCCTACATAAGCGAGGAGTCACGGGGTCGTGGCGTAGCCAGGAGCCCTGGTGAGCTTGCGATCAAGGACG,1741,50.43,Mus musculus
SEQ_308865,GACGGCAGCAGTGGACGAACCGCTATAATACGGTAAAAGTCTAGTTTAATGCTCCCGTGTGAGTCTGGTCTCAGGCGACCTATTTAAACCCGATTGGCGGACTGCAATTCAACAGGTCGTAGGTCTAGTCACCGTGTGGCCCGCATACACCTCCGGTCACAGAAAAGGAATCGCTCTAACATCTCACAAGCTGGTGGCTAGGTGATGAATCCTAACTAACTAGGCACGGTCGGCGAATACTTATTTCAACGTAGTATGATGCACAGTGATTTTCACGCAGACTCCTGCGAGTCATCAGTTGCTAACGCCTAGTCGCGACTATATGGTAATACCGAGGGATGGATAAGGTTGGTGATCTTCAGCTTCCCTACATGTCTACTCCCATTAGTTACCTCGTTCTAACCCCGTTGACCCGCTTCGAGATCTCAACGATCTGGTCCTGTGTCTAACTACGGAGTACAACGAAGTTTACTGCGCTTCCTGTTCACAATTTCTTTTATCGCGGTTTGCCAGCAGTGAAGTTTACGGTGAAATAGAATGACACAGATTAATATCTCGGCTGCTAACATCCATCGAAACTAATTGGGGGTCAATTCGAGTGTTATGTGTAACGCGTCACTCCTCGATCGCACCCGGACACCCAGGAACGACTTCCTATATCCTGATTCTAACTCCTCCCGGGTCGACTGCCAGGTTACTAGGAGCGGGGTCGCTCTATCGCCAGGAACCTGGCGTAGTGGAGACTTGGGAGTTGGGCCTTCGTAGTCAATTAAGGTGCAATCGGCTAGGAATTTTGTAACCAGTCTTTTGCAACTTACGCTATCATAGTGTGACGCGGGATGGGCCAGTTGCAACCACAGGGCTCGCCAATCCCCCGACACCGGGGATATGCACATATCAAACACGAATCATTTTGAGGGCTCCGAGCTGTAAAACGGTTCCTAGGTCTCTGGTGCGGTCCATGTGACTCGGCCAATTCTTAATCCATATGGGAACTTACGTAGGGACTTTGTTGCGATTAAAGCGCATTAATCAAAGTCAGGCGGCATACCCTATCGGGAATAAAGTGAATTCTCATGGAGCCAATCTTAGCTGGGTCGTGTCACGGGTGTATCGTCGTGCGTTTTCAGCTAACGCATTATATGCCGTCGCGGTCCCCACTATAACTGCTCGGGGCTTACCCACGCGATTAAAGGCTCCCACCCGATAGGGAACAAATAGCTCTTAGCTCCCCTGATTAAATCTATCTAAGGCCGACCAGAACCTCAGGCTCACGGATTGGCAGAGGTGCACCTAGATTACGACCATTCGATACTCTATTAACCTATAGTGGCTGTGCCGGTAATACATGAATGCTGATAGATTGCTTGAGACAGTTGCACCAAGCGCCAATACATCACCTAAAGAGCAGGGGACCGCGATAGCGCTATCGAACTCTTCAGCCTCACCATTGCGTAGGGTCAACGCCAGTGAACAGCACAATTTATGGTAGCACAACACGGGTCTGCATCTAGATCCACATCGCAACGTGCGTCACGGTTGAAACTCTAAAACCCTGTCCCCAGATGTCTTAGAGTTTTTATTTGGGATTTCACGTTGTGATGCTGCCACGTTGATTGTGCAGACCCGTTAAAGCAGTGGGTTCTGCCAATACGTATTCCACTACACCTAGGCTGTCAAGACGGCGCAAAACCGTTCTAGCTGCCTCCATATACCAACCTGAAGGCGCCGTTCGACCTCCGCACTCGAGCGTGAGCCTCTGAACTCTGTTCCCAATCGCAGGACATCTGTAATTGGGCCATGCCTCACATTTCTAAAACGTAACTCAATTATCATGTGTTGGGCAGACTAGTGCGTTTCTAGGGACTGATGCGGGAGATTACAGATGCAGGCTAGTGCGTAGAAGCTAGTAACCACCCGTTTATGCGGTCCCTTCACGTCAATCCTTCGGCTCGTCGCACACCCCAAGCGTTGCGTGACCTCGAACCAT,1990,49.95,Saccharomyces cerevisiae
SEQ_171303,CACTGTTCGGAGGCGTCTAGAATGCAGTGTCGTCCGGGCGGGTAGCGTGCGGCCACTGCAACACGCCTAGGATTAAATGCGAACAATATTATCTTGGGGAACGATCTCACACACCCCGACGATTTTTATAGGCCGAATCCTCTGTAGCCTGCTTCCGATTATGGTAATTCCCCGACGCAAGATGATCTCTAGCGCGCCAGGATAGGGAAGGGTATTTGAACCGCGGAGCCAATGTGTAATCACAACGGTTGCTACGAATCGCTACCCAGACTCTTACAGGCCGCGAAAGAGCCTACTTGGGTCGGCGCCTCTCGTATCTGGTTTAATTCGTTCCCAATCCGTTCGACGAGGTAGGCTATTTCGTAGCATGATTCTTGGCATGATATGCTATTCCCTATACTTGTCGGATTTCACTAGCGTGAAAGTAATAATTGTGCTATGCGCGGGATTGCCTTGCTGGTGCATTAATTCAATTTCAGGCGCGAGTCGGCCCTTCCAGCCGTGAGTGATTGGTCGAGCTGCGGAAACAAGGACTGACCAGTCTACATTTAAGCTGGGCTTGGATTTCTGCCGAACTCTAGTAAGATACGGCTCCGGATCAGCACGACGTTCAACAATTTGCGTGCTGGAGACTGCAAATTCCGAC,646,50.93,Mus musculus
SEQ_409565,ATGCTCCTACAGTTAGAGTCTCCAATGGTGAATCGTTTAACCATGGTAGCGAAAAATTCCCTCTCGGCAGACGGGGGAAGTAAAAGATCAAATAACGTGGGCTGACTTGGTGGCTGGGTGCGACATGTCAGTGAGGCTTAACGCATCCCCAGCACCTAATTCTTGCCTCGTACGGAGTTCTTTTCCGCATCGTTGAACTACGCACGGTTACCCACGATTACGCATGTTCAAGTGTTGGATTCGCAATCTTACGCACAGATGCGGGGCTTAGGCGTTCCAAACTTGTCGACTACGA,295,49.83,Escherichia coli
SEQ_345172,TAGCGCGGGGCCTAACCAACCCGACCACAGCTAGACACGTAAATCGGACGTTATGTACTACTTTTGTGGGGGTGCCACGAGCGTATTTCTCTGGGTGAGTGGCGTACACGTGTCTTGCAATCCTTCGGTCCAACTTGGCAGTCTCTACTGAGAAATGGGCCGGTTAGCTTGCTGGTCCGGATGAACCCCTGATGTAAAACCGCGTCTTATCAGGACAAACTCCGGTTCAGGGGTGTGTGGTGGCTACGTATTAGCGGCGAAGATAACGTACTAACCAGCCTCGCAAGTCCGTATTGCCCGGAACTCGGAATCTTCACAGTACTATACTGTGTGCATGTCACCCGACTAAGGAGTCTTGAGCGTTGAATCCTAAACGGGGAAATTTTCTTCATACCAGACACGCTCAGTAAGGGGATGTAGGAAGACCGGAACACTAACAATTCAAAGATCCAGAAACATGGTATGGTCGCGAGAGACCGATTAGGCATGTCAACGATTTGTTCTGACGCCAATGAGAGTGCGGTAGCGTCTGGGACCACGACCGTGTTTCCAAAGGTATCACATCATACATATGAGCCAGAACTCAACAGTGAGGCTTAGTCCTGGGCACTCGTTGTGTCACCCAACAGAGCGACTCAGAATGCTTTATAACTCCCCTCGAATACGCAAGCCAAGGGCCTGTCCTAGATAAGCCCCTGCGTTCCTCCCCTCCTTAGTCCCAAGCGTCGATTCACGTACTTCAAAGCAAACATTATTAGGGGGCACGCACTATAACTCGGTTTAATAAATCCATCCACCGAGAAAGAGCCCCGCTGAACAGAGGCTTTAGCTACGGACTGGAAAAGCCAGTGCCATGTCCCAAGGGACTCAATTCAAAGCGACGGGTCGTGTTCTATCGGTTACCGTAAGGCCACTTGCGCTTATTACGATTCCAGCGGTCCAAGGCTATAATTAAATGAGCGAGTGGGCGACGCTAGCCGACTTACGCAACAGATAGAAAGTGCTGTCTGATTACCGGGAAAAACTTCCGCTTTACGTAGGAGTGAGCCAGATCGGGCTAGTTCCCTCGCCACT,1074,50.93,Saccharomyces cerevisiae
SEQ_196563,AAGGCACGACGCTCACAGGCCGAAGCCAAGGCTTCGAGGAATGTATATACGAGAATCCGGTCTATTCACATCAAGATTAGACATGCGGCCCCCTATCGTATCGTGACACATTACCCCCCCGAGCGGCGTGGGAATCTTTTTTCCCTTATAGTACGGTTCGTCGATCAGGGACATAAGACCAATGCATTGTCCGCATTCACCCTTTGCACCCCCACCCCATACGAAACGTACCCCGAGTTGACCTGAGTGAATGCCTCGGCCTCTGCAGCTCCCGGGCAGCGCCTTGACAGCACGTTCGCTACATTTATTGGACCTGTAATTGTGCGAAGCTGATGATGTATCCGTCATTCAGAAGTTGTCTGTTCAGCCGCGCTATTATTTTCCGTCTGATCACCTCGATCCACGTCTTACTGTTCTACGGCAATTCGCATGGACAGGGCTATAATAATGATAGTGCTCCCGCGTGAGTGAGCAACGCCATTATCAATCCCCCTATTTCCAAACGTGCCTTACGCAGCCGATAAACTCCAATAGGTGCTTTCAGATGTGTGAGAAGTAGATTAAATGTCCGAGCACACGCAGTAGTTTGCACGCATCAGGCGCGCAGGGTCTCCCAGAGATGTAGTCCGCCTCTCGTGAGGTTCCTCGCCAATATATCTTGAGCTACGATCAGTATACCCCATGACTAAGACCAGTCGGTGACCCGCCATCACGAGTATTGGATGTCCCTCGCGACTGACTGTTCATTCAAACGTTCCATATTGGCCCGGCTACGACTCGGGTTCGCTAAAATCACACAGGCCATAGAGGGGGCAGCAAGGATCAGCATGATGGCCTGAACGGCGTGCGCCATCATAGTTACCAGCCCATTGCGATACCAGTTGC,885,51.98,Mus musculus
SEQ_363286,AGACGACCTATCTTTGGTCGCTAAGACGCCGACTAATTGATTAGCTCGGAGGAAAGTAGAGACGCGAGGTTAGCTCAACCAAATCTTATTTTACTATGCATTATCGCACCCAAGCCCTTAATGAACATAAGGAGTGAACCTGCAGTTTTGATAACCATTCTTTCTAGGTCGTGTGCTACATATGCAACACGAATCATGGTTGGTAGGAAGCAAGTACTGTATACTGTTATTATTGACGTTCGATAAAGCACGATTGACTAGATATTCCTATGAATGAGCGTTGCTTCCACAAGGGTGGGTCGAGGGGCGTTTGATTGCCCCTTGAGTATCCGAGCTGATCCAGGCATTGATAAGAGAAAAGCTCCGGTGAACGGGTACAATATCCCAAATTATCGGAGCGGGACAGGGTCATTCGAACCATTGCGGGCGCTATCCTGGTCGCCTGCACTGCTGAGCGCGGGACTCCCGCATTATTTGCGATTAGCGATAGAGTATGTATGAGGGTGCTAGGCTAATCAACACTTACGAAAACCGCTACCGGATCTTTAGCATGATAATAGTCATTTAGAAAGGTTCCGAGGCCCTTGATGATAGATCGTCCGGGGACTGCTAGTGAAGGTACAGACTTCCACCTACCTCCTTCCCCGCTACCATTTCCGGGTTGATAGAAAGACGTATGGCCACCGGGCGACTCCAACTGACATCCGAGCAGAATGACAGCGCCTGGTACAGCTGGAATGGCCAGAGACCCACGTACGAAAAAGTAGTCACCCCTTACCCCTGATGGGTCCAATAACACAATGAATGGCAATTAATGCCCTTGACAACTTGTAAACTCGCCACCCCCCATTATCTTACCGTATCGACTGGAGCACAATGCCTGCATAACATTGCAAACTGAAATGGGGTTACTTCGTCAGTAACGTACACAAAGATAAGACCGTTTTGGCATCTATATTACTCGACAATGGCAAGTATCCACTAATTTCCAGATAACCGTCTAATCGCCAGATTTATACGAAGTTACGGGTGCTGACTTTAATACAAACAACTTGTTCATCTGGGAATTCGGTAGACTGGTTGCATTCGAGTCCGCACGGAGGGGAGCGGTCCACCATTCTAATAAACCCGCCGCCGTGTGAGCCGAGGCCCAAAAATTGCACAAACCGCGGTAGAGCATAGTGAATCACTGGTCCTAATACAAGGAGACGCGCTAACCCTCGCAAAACATTTCTCTCTGGATAATAGGAACGATCGAATGTTGACTGGGTGATCAAGCCCGAAGGGGGCTAGATTTGATCTCAGTCTCAATACCAGGCGGCGGGGTAATGGGCGGAACAATTTCTGAGCGGCACCTGTCTTACTTGCAAAGCGCCGTCACGTGCTACCCTACCTTCTCATAAGGCCATCAGTGCGTCCAACACAGTGTGCGTGATGAAGCGCAAGCCTTTGAGCTGTCGTACACCACAAACAGCTAATTCAATCGGGTGGTACGACGGTTAGACTAAGCTCCGATACCGCAATTGGCTTGATATGATGGAGTATCTATCAGTTGCGCGTCCGCATAC,1568,48.41,Homo sapiens
SEQ_427703,GAACGCGTGGGCGTATACCTGTCCGTTATATAACTATTGTAGGCGTGTCCGCTGAAGACAAGGTACTGCGGCCTTTGCAAACGCTGGGGGGAAGCTGTAGTGGCTGCAATGGCTCAACTTATCGAATACTACATTTTAAGACTAGCCGTTACCCGCGCACCTCTCGGTAGCCTACGTAACCCGGGAAAATGACTAGTAACTATGACTTACCTCAAGCTAAACGCATACGGATAGCAGCTTATCATCCACCTGGTGGATCGTCTAGGAAGCATAACGATATCGAGCGCCAACGCGTACCAGACCTACCTTACCCGTGGCGTTCAACGGCAGGTCTAGATTGGGGACTGCTGGGGAGGTCTACGTGTCATTGTGAGGAGTCCGAGTACCAATGTGGCTGAGTAATCGTTGAACTGCTTCAAATCCCATACCGTCACTATTGTTGGTTGCACACGAAGAGGTTGCTACTCCAGGGATGCGATGTAGAAGGTCTTGTATCACTACTTATTTCTCTGGAATATATTCGATTAGTCGTGGCGCGACCATCAAATGCATTCCGAC,558,49.64,Caenorhabditis elegans
SEQ_857850,ACCACCTCGATCAGTATCCGGTCTTACACTTTGACAACTGCTTGTATTTCTGTCGCACGCTCGCATCCGTCAAGAAACGGAATTGGATCAAGGTGCGGGCATTAGACTGTCCCATGAGCTTTAACGGGAGGATATCACGCACCCTCGTCACAAAAAGGAAATGAAATTCTCATCACAGTTCGATCTGTATAAGTTGAATAGCATGTCTGGAGCGATCAAGCAAAGAGGGACCGCTTCAACGCTGTTTTTCCCCCCTTAATGGCCTGTATAGCGGCGTAACGTTATGGTTACGATGCCTAGCGTAGCACTGTAACACGATTCTCAAGTCCTGTCTGGCGCGCAGCCATTCCTGGCAAGTCCCGGGTAGCTACAGCCATAGTTTAGACACATCACGGTAATCACCGATGAATGGAAGGCATTATCGCCGACTCCATCGCTGCATGCTCAAGCAACTAGCAACGGGGTGGTCCCGACGACCTAACGTCGGCTCGACTTTGATTGAGAAAGGGTGTAATGCACCGTGTGCCGAGGCATCCCGATCCAGTATCGGTGCAACCTTTTCACTTCTAGTGCGATAACTTGATCGGCGCAAGCCTGTAAAGCTCCGAAGGGTCTGAATGAACTATTGAACCGCTACTATCCTACCTTCCCCCAAAGCGATACAAGCCAGCGGGACCTTCTGCTGACACTCGTTTACTAGACCCCGAAGTAATCATCGCCAGAGTGATGACCTAGGAGCAACCATGCGTACGTGAAACCTTTTCTGCCGCATTTCAGCCACAATCCCACTGATCACCCTGGCGGTGCATCACTACCCGGCTCGGAAACGGTAAACTCAGTGATAGCGTTCATTATCGGTTAAGCGATAAACCTCGCCCGCCCCAGGCACGAGCTCCCTCATTGCCCCGGGTCACGGGTGATATTGATATCATCTTTGCGGTTCGTACCCCGTGATAGCCCGGTGGAACTCGTGGCACCGTATATCCTTTTGCACTTCCCGTCTATATGCATAACCTAAGGGTTAATTTGCAATTACTTCAGAATCCGTGTCCGCCGGAATAGAATTGAGTTAATCCAAGTCGGCGTAGTCCCGGGCCGGTACAGGTAAACTCGGTGGTCACAGGCATCTCGGGACAGGCCATGTCCCAAGAAGCCGCGCAGCGTGGTATGAGGTAGTAATTCAAATAGCTGGCACAAGTTTCCGTTTAACGATGTCAATGGCATGGGGTCACCAGACTCTATTACGCACGGGGGACCCCAATCACCTACTGACACACGTAAGGTAAGGCGGGTCAGCTCTACATTATGTTATTGTTTGGCAAAGAGTAAGTCGAAAGCTCTTCCCCTGTATAGTATCCTTTTGACGTAAGAACGGTTAATGTAGTGGTAGATAAAGCGGGGTCGGCACTAAGGGCGGGAAGTTGCGGAATAAGCAAGCCGCATCGGCGCGGTATCCTCTACGGTCGCCGACATAATGCCACTCGCAGTAGACGTCATAGCTTCCCAGTGTGGATCTACTGCGGGAGACGCGGTTGAAGTAGACTATCTGACACTTTACAACTGCTGGCACAGAGGCTCGCGGCTAGATTGGAGCACCTAGTCCGTGTCGAACAGCGAGTGAGGGACACTAAGACTCCGATTTAACCCTCGATACTTGATGTCATGCTGGGGTGAACCGCTGCAATTACTGTGGATTGACGAATCCACTTAGACAGAGTGGGACTAAGCCACCGGCCAACGAGTCCAGCGTAAAAACGCGGCCCACCGCGTGCTTATGGATCAGTAT,1786,51.57,Saccharomyces cerevisiae
SEQ_116656,GAAGGGGGCCAGATCTCCAAACAGGAATTGCGTTGAGGTATTTAGCCACTGACCAAACTGTGCTCCTCCCTGCTGCTTGTAGGCGCCCACTACTAGATCGCGGGCGTATACATCACTGCTTGTAAGTGTGAGCTCTGTGCAATCGAAAATTGCTATTGGTATAGATTATAACTTACACTTACAGGTATAGGATCTTGTAGGAATATCCTGACAACAGCAGTTCGAGTTGGCTAATTGTGGCGTCTGAGCTTCAATAGCTAATACTGGTCCGAACCAACACTACGAGGTTGCCAAAACATTGCGTAGACCCGTACTGCTACTATCCACGGAGTGAGCTTGCTCTTCTTCAAACGGTGAGAGGCTTTGCGGTAGACTTATGT,380,47.11,Escherichia coli
SEQ_780040,ACCCAATCCATCCGTGGCTGAAAGCCACCTCAGTGATAGCGCGAGAATAAGGGATCAACTAACAACCGAGGGCTAGAGGTCTCCCCGCTTCCGGCCGGGGTGTTCCCCCGTCAGTACTTCATAACACACTGACCTTCGCGAGGGACTATAGCACATGCCTTGAAGAATATGGGGACGCGATTTAAGTTTAAGACATAAACTCGCTCAATGGACTATTAGAGTTTGGACCCAGACTGGCCATATTGATCCTGTTTGATTCAGCAGAAATCAGCGGACTGCTGTTTACCCAGAATGAATGACATGACAAGACTGTACCATGCATGCCTGCAGAGAGACAACGATGCGTTAGGTAAAAAGTCTCCGCACTAGCTAGAGGAAGAACCAATGCTCTCATCCGCGTTCGACAGTCCCATTGTAGGAAACGGAGTATCGTCTCGCAAATTACGCGCGACCGTGAGGTGTACAACTCCAAGATGTCTCTTCGGTCGGCTTACTGTGTACAGTGGGGAACCGCGACACATAAGAGCAACCCATAGTTGTCAAGCCCCGTGATGGCTCGCGGAAATTCCAAGGAACCATGCAAATTCAAGGCATTAGAGAGTAGCATAACGTCTATGTCAGGAACCGGGTGTAGTTTTCCTAGAGTGAAAGCCCGGGTGGAGTCGCCTCAAAGCCACCCGGCAGTCAGTATTCACAATACTTAACCCGTATGAGAACCTGATTGCTGTAGGGCAAAACCTACCCGTCGTAGACCTGATATTTTTCACGGTATAGCTTATCCGTCATATTTAGTCAGCGCAGACATGATTCCTATGCGGCACTAGCCAACGAGTCGCATACAGCACGCTGGGAGGTAAGCGCCGCTGCGTCTCTTGATTCTGCCCGGGTTTAGCCTTAGGGTCAGTGTGCTGTACTAGTGACAGCAATCATTTATTCGGCCCCAGTTCCGGACGCTGAAACCGCGCAAGTTGTTTTCATTTGGGGATCGCGTTATTAGGAAATGCATCTGGCCGTGGTTGTACAGGATAGCCGGGATCACCATCTCAATCCTGACCCCTTAGGTGATCTAGGGGATCGCATGTTAGATTCTGTCTCTATCAATGTGTGTTTCCCACCAGAGGACGGTAAGCTATATCGAGGAAGTATCACGTGCTCGATTCTGTTTCTTTACGACTTGTGAACCCATGCGTAGGAATTGAATTTATCTACGGTAAGCGTACGGAGCTACTTTCAATCGTAGTTTCGCGTCAAAGCTCTCCAACCTATTGGTTCATCGAGGGCTCTGGTTGAGTTTACTAGGACACCTCTGCGATGGCTCAGCTGCTTAGAGGCACTCCGCTAATGCACGAGCAGACCGCTTCAATGGATGGACGTCAGTTTCGGCCTAGAACCTTGGGCGAACGCTGTCCACACATCAATCATGAGGCGATTGCACAACCACATATACCGTCAAT,1454,49.86,Arabidopsis thaliana
SEQ_118899,ACGCGTCCACACTGTGTGACGCGCAGTCAGGGGGGCGGACCCAGCTGGAATATATTAGTACACCATTGGAGGGCGCGAATTCTACCTGACTACTGAGCAGGGCTCAACGAGGGCAACCACGCATATGAAATGGCCAACTTCCGTACTGTATAAGCCATAAGGTTAATCAACATATTAGAGAGCGCACGGATGCATAATCTTCAGCCGGGGCCCAGAGGGGCCTGCCCGTTTAATTCTTTCAGGGTGGAGCCGGAAGCCATATAACATACATTGCTCCTCGTATGCACCACGTCCTTATTTCATCTGCACACCCCATATGGCTATCCGT,328,52.13,Homo sapiens
SEQ_608032,GGGTGGTTAAGACGGTAGTCTCTCACCTCGATAGATCACACGATTCACAGGTGTCCAGCCTAACTTTAAATTGAATAAATGTGTTTGAACCATGTTACTCGTTCGGAGCAGGGAAGGTATAAGCAACACTGCTTGGGAAACTCCGTAGGGATGGGTGCCGGTCTTCCATGTTTTAATCCCGAGTGCACCCTAACATTAATGATACTAGGCACGGCCTGGGTTGTGTGGCGGCGGTACATTCGAAGCAACGTGATGAAGGTAGCCGGTCAATATGTAATCCTAAAACAAGTAGAAGCCAACGGGATATTAGGACCGCCTATAGCTACTATATGACACCAGCCACCCGTAGTTTAACAACCCCTTTGAGCATGTTGCAAAGAACGCACTGTGTGCAACCTCGTGAACGGAGGCTGCCGCGAGGAGGGACCTATGGGTACCCAGACACCAAAAGGACATATTAGACCCAAGTGTTTGCAGGTCGCGAGCCCTCCCGGGATGAAACTTATCAGATATCGATTACCAGATCGCGAATTTTTACGCACATCCTGCGACGCCGGTCCGAGCGGAGACCAGGCTCCCACCAGGCCGTAGTATCGAGGGGGTCTGCGCAGAAAACAGGCTCTATGGCTGCTCCTCGACCATCGGGTTCTGTTCGCAAATCGGGCTACTGCAACTACGAGCTCATCCGCAGCTTCTTACCAGGCTGTTATCGCCATTGCGGCTGTGTGCTTCACTGCTATTGCAGAAACGTTCCTTGAAATCAACGCTTCCGCCCCCAGCATGCACTTCTACTCTCTTACCTGATGTTGAGAACCCAAGCTCATGGGCCTTACCCCCAAAATACGAGTTTGAGGGCGCTGTATAAAAGTTACCCCACAGTGTATGCGTCAGTTGTGAGTCTCTCTGTATCCACATGTCGTGTACGGAATCGCTCCATTTCAGTAAGGCACGGGATGCCATATTAGATAGCAAAGAATATGTTGCGAGACTACTGCGAAATGTTCGATGGAGGCTGAAGAAGGTCTTTCGATGAAACAGACAGTGACCAGGCCCCTTCGATCGGAGTCGGTCGTGGCGGGCGGACGAATCGTCCTTGTAAATCCCTAGAGCGGGTAGTACATGAATTCAGTTTGTCATACATCACAGGCCGTGGTCTTCCAACCGTTAATGGTGTATAGGAGTTTCCGGATGGCAAATCGCCTTCTTCCTCCTCAAACGCGGACCTTACAAGGGAGACTGTTGCGGGCCTTGAGATGACCACTCCGTATGTTCCCCGGCCACCTGCTATTGCGCGGGAGTCGTGGGCCAGGGCGATACTATCATTGGCCCCATAGCTTCAAGACCGGGGCTGGTTTTACCGAGATTCGTTAGTACGATTACGGACATGGCCGAAACCTGATGGTATCTACGTACTAAACGCACTATGGGTCTGCAGGGGGGTATCATTATCTATAATACAGATCCGCGTACCAATACAGCAAAACTACTTCCTGAGCGGTTGCGGGAATGTTCGTCCGCTTTAGTTTTTAGACTCTCGCTGTGGGCCTTCGGGGGAATCAGAATTGGCCACACAGTACAGTAAAAGGCGTAGCGTCGGATCGCTCGAATTCTCAATCTAAGTGAAAATCGGGGGAACA,1637,51.01,Saccharomyces cerevisiae
SEQ_606567,GTGTCCACAAACGCAACCACTTTTCGGTACGGAGGCACCTAAACTCTTACGGAGCGTATGAGGCTAAACCAGCTGCGCCAACGAATTATAGGCATGCCTATTACCCGGAATCTGTCTATATACTTGTAGCCATCTTAGTATAAGCAACGGCATAGCCTGTCAAAGTACGAGCCACCAGGGGCCTGTCATAATATACCGGACGTGGCAGCAAATGTCCCGGCCCTCAGGGTATAGCCTAGATGTCCCCCAACCGACATCTCCATGATAGGAAACCAATTTGGTTGAAATACTAACGAACAGCGAAATACCCGGTCGTTGCCGGTCCGCCATAGCCGCTACAATGTATACGGTAAATGGCTCTAGCGCTGCGTGAGCCGGCTGGGATAGTCGTAAGCAAAGTAAAGACAATTTATGGTGATGCCAGAGGGATGATTCGGTTGTTCCACCGGCGACCGCAGACACGAGACCAGTGTCGAGAAG,480,51.04,Arabidopsis thaliana
SEQ_809954,TCAGCGGTCTCTTTAATGAATGTTCTCCTCGTAACGCCTTATGCGCCCGCCCTAAGGGCAGGAAAACCGTAATTGGCCAGGGGAGTTCAATTTGCACATTCTGTGGGAAAGCCGAAACGGCGCTGTTGGCTTGGACAACCCCGGCTGATGTACGTTCAATGGCACCCAGTATTGGTACAAAGTCGACTCGGCTACGTGTCGTTTCACAGCCGGTAGTGGACCTACTAGATAAATGGATACGGCTCCGCCACTTTTCTTAATGACCCTGTTAGACCGTGTGGCTGCTCCTAGGATCCCAACAGGTACAGGCCCTCATAGCGGAGTTAGCTCGCGGCACCCGGACGACTAATAACCTAACGCAGGACGGATTCCCCACCCCACAACCACGGTACAGGTCTACATGGGAAAGCTCTGGATCCGTCGCTCAAAGGCCATCGAAGTGCATGACGACATGTCACAGGCCCCAGATCTCTGTGAGGTTCCCTCCCGGATCATTGCCTCTTTCCCGACCTTATGGAGATCGTAGCAGCCGGGTTCTGCGTAACGTCAATTCTCGGCTCTAACGCTTATGATCTCGGATGGATGGTGTAGATCCGGAATGCCACGCTTGGGAAGCGGTCTTATCATACTGTTGTGTTTCTGCCCCCTGGTGGTTATGGACAATTTGGTGAGCTCCTTCGACTCCAGGATCCTTCGAACGTTCACACATGGTGATGCTCTCGCGTAATCGTATTAGATGATTCCCTGGTAGTCACAACCACAAGTGTGTGCTGTTCTCAAGAAAAGCAGGCTCCTCACCTCGCACTGCGGGTCAAGAGTACCATAGGAGAATCCAGGACATTATAGATGATCCCTACAATACGAACGTGATCAAACAGTCGGATTAACCTGGCTATTGTATGTTCCCTATACACGTCCTCCCGTCCAACTCCGCCCAGTCTTACCAGGGCCCATCAGTCTAAGGATAGTGTACATGAGCACCTGCGTTATCGGGAGACCGTTA,1003,52.24,Mus musculus
SEQ_647580,TTTTGGCAGTGGGATCAACTTGCACCCCAATCATGTGGGTAGTGAAGATATCGTCACCAATTATTAGGTAGGATATAGTATAGCGGTCAAAAACATAAGTTTAATGATATCGTTATAGTGTTCTGTGGCGGGGAAATGGGGGGACCATCGGTTCCACTTTCGGTTAAACAACTGTGTGTCAATTTGGTGCTTAGTAGCCGGGCATCGCTCACGAGCGTCATACTAGTTCATAGGATTAATTACGACGCAAGCTACTTATAATAAGCGATAAGCCAAGTGCTACTTGTCCCTTCCTTGACTGGCGCGCCAGGACTGCCTCCCCGCACGGTCCTGGAACCGGCTAAAATGTCTGACAAGTTGCGCCAGGCATTGACAGTTATCTTAGCGTAGGCCGCCCTTGTGTTAGGTAGTATCTACTACTCCCGTCTAATTGCGGGGTTAGTTACCAGGTACGGCCGGGCGATCGGAGGCTATTGATGAGCAACATTCGTTCGGCACTATTTTCCTCAACTGACGTAATAAAAACCACCCGGGTTTAAATTTCGCACAAGAATGAGCAGACATATCGATTTCAGCGTAACACGCGTACATTGCCACTCACAACTCACTGTGGTCATTAAAGTTAAATCCCAAACCAATAGTGGGGATTGAGGGACGAAATGTTGCCGCCGCATCCGCCCTTATCCCAATCTACGGCAGTACGGTGCCTGCAAGACAGACTTTTGTAATAT,731,47.33,Homo sapiens
SEQ_159733,GTAAACTGAACCATTCGTGCTATGCTATCGATAGCACGCATCTGAACTGAGTAGAACGCTTAGAGTAATAGTTAAGATGTTTCATGTTCCATCACCTACTCCTAATGTACAGTGTCGTTGATACTTTCAGGGGGGAATCGCCGGAAAAACACCTTCGCCCCTCAAAATAGCCCCGAGTGCATCGCATGCAGGTGAACGAGCGGTGATGTAGACACCATCCTACAGATTATGATATTTGCTTCTTGCGAAGCCACATTGAGAGCAAAACCTTGGTGCCGCATTTTGGAACGATCACAGGGTTAGAAGAGATTCCTTAACGAGTAGGAGACCCACTTAGACCCTTTATTTTCCTTCCTGTGTTAGGACAGGGCCCGATAGAAGTGTCGTATAAAGCTCATAGGGAGAATAGAGTTATGTTGATGTTCACGGAGCACTGCCGGCCCACCACCCCTATCACGACACTGCCGGACCAGTGGTTAAAAAGTGGGGAAGCCCAGATCGAGTAGCGCGTGGAACCATATGTTAATCCCCAAGCAGATACGGACGCAGGTGGGCGTGCGGCGCAGTGATAGGTCCGCTTCTAGAGGTGGCACGGCGGAGACAAAATTCTAGAGGCTTCTACTCTGACCAGAAACTTCACCAGTGTACGAATACAAAACGGCGGAGTATTATGGCCAGTGCAGGACCCCTCCGCTCGAGAATTATACAAATTCTCTCCAGTCAAACTCACCAACTAGATGGATTCTCTCGTGCCGCCCTTCTTAAGCTTCATTAATTTGGAGGCGCTTGCGACGGACAATATTGAAGGCGCAGCGAAATCCAGTATAAACATATGACATTCCAACTTTGACATTGACCGTCCAGCACGCGTTACCGATGGTGCATGTACCTCAGAGGTCCATTCTTCTAGTTCAGGAGACAACTTCGAGTGCTGTCACACAAGCGTATACTTCAGCGCGAACTCGTTTAGCTT,973,48.61,Arabidopsis thaliana
SEQ_257057,GCAGCCTGACTAAGTGGCAACTTTAATATACTTTTTGGTATTGAGATGACACGGTAAGTTGTTCATAAACAACAACTGTAGGTTTACAGTACGATCCTGTCTTAGAATTGGCTATGGTTTCTCGTTCCCCCCAAGAGTAACACATACGCTGAACCGCGGTTACAGCTCTGCTAGAGGGGGTGGCAACCTTCCCGTGTACTCCCGCTGAATTGGGCACTATTGGCGCTTGCTCATCGTGCTATGGACGTATAGAATGGGCTCCTAGCTGGTCATCCTACACCACTTAAGAATGCAGAGAGAACTCACATATTTTTTAGCTTACGTCGTCTAAAGGACTAAATGTGCGTTGGTTTCCTATTAAGTGAAAGCGAGCCCGATTTCTCCTGACGGAAGACCAGGGTCGCTAATCAGGGTCCTGGAGCACTTAAGAGAAAGTGGAAGGTAATTGCACGGTTTGATTAGGACCGAGAACTTTCGACGTGGCCCTCGCCTTCAAACTTATCGTCGGACACACGGTACGAAAAACAGGGGGCGCGGACGTTGAATGAAAATTCCATCATTCTCACGCTAGCATGATCCGCGCCTTGATCATGTATGGAGCACAGTCTAGCCGTAATCGCCCCGGTCCTGACAATACAATAATACCTTAAATGGGGCGAAGATATAAAATGTGGCCCGCCTAGCATCGAACTCAAAGTTTCGCGATCGGACAGCCAGGTAGCAATGTGCCGTTCTCGAACGGCCCGTGACCAGGTCATGCCGCGGTTGTTTGGATTCGGAATACTCCAGTCCTACGTTGACGTGGGGGGAGTAGCCTACACCAATACTGCCTGAGCACTTCTCTACAGCCGTGAGTTTTAGCCCACGTCGATGAATTTCTTCGGATCTAAGCGATCCACAAACGTATGGTGATGGATTCTGCCTGTCGTATGTTAGTCCAATCGTATCGTTCGTGGTGTGGGAGTGTGGGGTTGTCGTTGATTTTAAGGGATATTTAATTGTGGATTATAGGGTAAGATCTCGCTAGGGGCAGTTCTCGCCAATCAGTGTGTAAAATGGGATTAAATATATTCGTCTAGGCTTCTGCAACCAGTCTCACGGGTCCGCCAGACCTGTGACAGATGAGTGTAATATACAATAGTTGCCATTACTTCTGAACATAAAGATGTCGATAACTATTGAGTGACATGGCTGTTCGTGCTCTGTCCGGGCCCCCCGCCGTATGAGGGCTCGTACCTCCAAATGGTACATTGAGCCGCCCATTACGGCATACCGACGATTCCAGGACAGTGGCGACGAGGTCTATCGCCTCAAATTGAGGGGTCTTTATCCTGAGATTGAAGTGATGGATCTACATTTTCCGCGATGCTGGCGAGCTTCGTGGTGTGCTGAAACCCCCGAGGACTGGTTACTAGTAGCATATGTCTCATCTCTGCAATATTCATCTACCTTCGTCTAGCTTTGCTGCCTAGATCAGTTCTTTAATCGAAATGAATGACTTGTCCTTTACTGGAGCTCAGGCTTGGTCAACTCACTGCCCCGTCCTTAGTCTGTCAGGGACCCCAAATCTGCTGAGCTACGTTAGTCTTCGTTTAGCCCAATTGCTTTCCAAGTCACTCTGACCAGAGCCGCATGTTTGCCTCCCGTACCGGGTCTGATAACGAGACTGAATATGGACGTCACCTTGCGTTCTCCAGCCTAGAATAACCGTGATTGGGTGCTCTAGGCAGCCCCGGTGCTGCCGTTGGTGCGATCTAAGAACCAATCTCATACAGTATAGCCTTAGGCCCCGCTCCACCTTGGGCTCTAAGCTTGTGAATGTATCACA,1828,49.07,Homo sapiens
SEQ_138600,ACGGAGGGGCGTTGGAACTCGAATACCCATTGTCGGGAGCCCTACTAGTGACCTGATGGGACGATGTCAATACCTGACGGTCTGAGCTGAACACCTAGGACAGCCGCGTCGGCATGATGGAATAATCATTCGGCAGTCAGCACACGCTGATGATCATTCGACAATACCCGATGCACACCATTTGCGAACGACAGACTTCGCTGCCTGTGTTCCCGCAGATCAATATCAAAATCGCTTGTTTGGGACCTAGTTCTAGGGCTTCCGCGACTTTAGATATCTAAATGGGCGTGGTA,293,51.54,Drosophila melanogaster
SEQ_945246,GAGTGACATCTATGCCCGCTGGGTTTGTAGCCACGATGTCTGACACGCATGCGACTACTGCCTTTCCCCAAGTAGACTGGATCATGGGCC,90,55.56,Mus musculus
SEQ_983394,AACCTCCCGGTGATACGTGCGAAGATGGAGCAGCAAAAGGAGACCATCAGAACGTAGAGCCCAATTGGCGCATGTGCGGCGTGTGACAGCTGAGTCTTCATCTATAACCGACATCGACCGGAGCTCCTTCTCGCATATGCGGGGGGTTAGCCGACCCGGCTCGCCCCAGTTTGATGGACCGTACCTGTGTTGTTAGGGTGTT,202,56.44,Arabidopsis thaliana
SEQ_855723,ATTCTGGCACTGTTTTTGTGAGCTCCCATGGATCAGCCAGCAAGGAAATGGAGAATTCAGTATTGAGTCAAAGCTCTCGCTCCCAACATTGTAATCGCGGTCAAGTGCCGCCTGTCGTAGACATCCAACTATGAGATAGATTTACTCCTTTCCCCCCACAGGTTAAAAGGTGAAGAGGCCATCCATTCTGGCGGTAGTATCCCTAGTTGATAGTAGGGTTCATGTAAACCCATTCCGGATCTGCAAAAGCTTTAAAGGTAGCATTACGCTTCGCCCCCGGATATATTTCGCAGAAGGCTGCATGCAGAATATTCGATGGTGGTCCGGTGAGACACTTTACAGCGCTACAAAACTAAACGGAAATGTCGAGCAGGATCTCCCATTCTACAATTTCGATGCTGCGCGCCTCGATAAATACAGTGTTCACGGACTGCAAATGAGGAGCGGGAACACAACTAGACCTCCTAGTTGTTAGTGCATCTGAGCTTTGTGTAATAAAATACAATGGCCTGATCACATTTTCCTCAGGCTCTTCCCGGCTTATTAGGACACGCCCAATACATTCCCCCAGCACGTTTCCAGGTGTCACCGTTACGACAAGGCCCTCCCTCGGATGTCGTTAAAAAGGCTGTGGTTGCAGTAGGCCATCCGAGAAGTAATTT,662,47.73,Caenorhabditis elegans
SEQ_462857,TCTTGCAGGCTGTATAGTTGTAGTGAGAGAACGACTGTGGATACGCTCCTACTACAGAGCATGACAAACCCTGATCTGACCCCCTTCGGCCTTGTTGTACACCGGTTTATGAGATGAGTGCGATTCATATCCCTTTTATTAACAACGGACTGGGTGCTGATTTCGGCTCCTCCCAGTCTGCGTACTTTGTGACTACAGATTTCCGCCGTTTCTGGGCGAACAGAGGCATTCAACCCGATAGAATCGACTGATCCAGACCAATTCAGCCTGTTCAATTATATACAAGTAGGTAACTTGTTTCAGCAGATTGGAAGGGCACTCTCAGGGCAGGTCCGCTAACGGTCTTGAATTTGTGTGAGTCAGCCTGTCCGTTTGGGAATCGTACGTGTCCGGTGAAAGGTGCCCTGCGGATAATTCTTCCTGTACTGTCCGCTGTTGTCACCGCTACCGAGAGCCGACCGTGAGTCGCAGGAAATCTTGCAACTCATCACCCCACCGTAGCCAGTAAGTTAACAACGCACATCACGTCTACTGAGTAAAATAATATCGAGCCCGACAGCAAGTTCGAGTCAGATTGAGACATTCGGGTTGTTATGGATATCGTGTCTATGCCGTTCCGAGCTGGACCCGATAGGTAGCCGATGCCCAGTGGAGAGCCAAGAGAGCCGTGCAGTACAGCGGTTTACGGGGAGGATAGAAATCCTCGGCCGATTGTTACTAGAACACCAGGATAAGCTAATTTCTAGGTTCGTTTTAAGGGCACGCTATCCAAACCATATGGGGACTCAATATGAACATCCTGCCGAACATGCAGGATGTAAAAGATGTTTAACCGTTGTTATGTAAACCGGAATGTCCAATGGCCAGCGCACCGACTATGTTAAGCCTGCTTTACAGTCTGTTGGGCATTATTTACGTTGACCGGCCCCTGCGTTTCCTCTGTGGTTCGTGCCTCCAAGTCCAGGTCATATGACTTTCTTGAGACGCAGACTGTGGGCGAGAGATGGAAACCGAATTCACAGTCAGTAGAACTGCGTGGGGCTGCGAAAAATGAGTGCACGAAATCCCCATTCTCTTGATAGTAGCATCTTCGCTAATTTATCAAGGGCATTGCTGACTAGGATGAGTCAAAGAACAGCCCAGTACCGAGGCATAAGGACATGCTATAAATCACGCGTGTGTGGATGTGAAGCATTGAAGCTTCGGAACGCTCATTACTGGGCAATCCTTCAGCCCTCTAACCCATCCAAGACGCACCACTCGACTAACAGAATAGCCCGATACACCGGACTCTGGGCAATGGGAAATTGTCCGTGGGAGACAATCCTCGAAGGATCCATATCCTACGCTAAAACCATCCCGAAAATATTGTAGCGAGCTAGCCGGCGTATATAGGGGTTGGGCGCCGCACCCATAGAAAACGCCCGCGGTTTACCCTGGCGTTAAATTAGAGTTATCCTGGGTAAGTATAATGATATGCGTCGTAGGCAAGTGCAATTTTCAGTAGATACAGCCAGCACCAGGTTGGTACGGCATATTCGCGAAGCGAAATGTCTTCGGTAATGTATC,1569,49.14,Escherichia coli
SEQ_316468,CGGCCCACAAGTTTTGAATTCCTGGAAAGTCCAACCAAGCAGGCGTACCGAACGATATCATCACCTTACAAGCTGGGTCCGATTCGCGGCGTGGGCGCGGACCCCTGTCAGAGAATGGCCATTCGGGGTTACATAGAACATAGATAGCGACCTGCCAGAAGCAGTTGATCTTGTCATAGGCATAGAAGGCGTACGAGATTGACTTAGTTTATATCTGCGACCCGAAATCCACCCAGCAGAACAATGCCATGGCCACTAAGGAGGGAAATCCTCGCACGAACGTAGTTCCGTAAAACTTACTCAGGCGACAGCTCGTTATTCAACCTTCACGGCCCCATTATTGGGTATAGTCAACCCGTCCGTAATATGTGGTTCACGCGTTAGCTCCGCATCAGACTTGGCAAAATAAGAGATGAAACTCTGTGCGATACCATCAAGGTATAAGTAACCTCTGGCTCCAAACTCTGTCCAACTCCTGACTCTTGCACATAATTTAAGGAAACTCGTGGCTCGAGACCACAGACTCCACTATTCCAAACCGTATAAGCGCAGGGGGCGTGTCAGTACGCTCCCGGGGAAAATGTTAAAATGGACCTCACGCCGTCTAAAGATTATTTTTTCGCTCAGAGGCAAATCCCTCTAGTCCAAACGCATCGAATTTGACCGAGCGGGCGTCTTATTACCGGAAGGCCGGAGAAAGCGTCACTTTTGTTCTGTACATCCTTGACAA,730,49.32,Homo sapiens
SEQ_976207,AGACCGGGTCGGAAGAGAGTGATCCCCACAAAGAGACTTACTAGCCGGTAGATCCAATCGATTTAATCATCCTCATTACCCTACCATTTGGTTTTGTGCCTATTTCAACCGACACTTATAACTCGGAACATACTAGGCCGTGGGGTAGGTCCCTTCGTATTTAGTGCTTCTTAACGAAAGACACGTGGCAGTGTCACCACGTAAGTCTACCCTGGAGTTATGAAAAATCGACATTCTTAAGCCAGTGCGAATTTGGGTAAGTTGTGCATCCCATGGTGAAATGGATCGGATGAGAGTTACCCACTGACTCCGGGTGCCCATTGCGAGGACAGAGACCTAGCTGTCAGATACTTGAGGTACGAGGACCCCTAATGTACGATTCACACGTATAACTGCGTGCACACAGGGAGACATCAACCGATCTGGGGTCAACTAGTGTGTCAGACGTAGGGCGGACGGCTGATTTACTGTCTCATTTG,479,48.43,Escherichia coli
SEQ_867506,GATCTGACTGATCAAAGTCATAGTAAAAGGATTGATTGTTGCCGCTGGTATATCAATTACTAGACGCAAGTCATAACGACTAACTTGTGGCAGTAGGACAGTGGAGGGGTTCGGCCCAGTAGTTTATGCCCTCAGTCTCAACCGGACCGAAGCATAGACCCCTCAACCGGTGACCGAACGACTGGGCAGCTTCACCCCCTAGGTAAACAG,210,50.0,Arabidopsis thaliana
SEQ_346983,AGCGGTTTCAGGCCGAGTCACGGGCGCGGGAGCATTTTACCGAAGGTACTGAGGGTATTATTCAGCAAAGTCGGATAGAGTAAGAATTGCCCTCGAGTACTATAAAAAGACAGCACGGGTGTACACATATTTCTTCCTAGTCCCGTACTGTTATAGATCTCCAAGAAACTTCCGTAGGTGGCTTGAAGGATGAACGCCAACTCTCATAGGCGAATTACATGATAACAAGCTTGCTGAATACGACAACGTAGACTAGAAATTCTGCACAAGTGGAAGTCATTTTGACCCCAATTTTCCTTCTTAGTCCATGTACCCCTAAATACGACGCCAGCGCTTTTACACGTTTAGCTTGTCCAGCGGTACGCCATTTCGTTGGTTATTCAGAGTGTCACGTTGCACTAGACGGCCTTAATCGTCGGCTGACCCGGCTATTTTTGGCATGGCATCTGTTTCCTGTTGTGGGAACAAGAGAGATAATTCATCTGCCTGTGCCCCGAGCGCAAATCCGGGAAGTTGGAATTGAAAATTGTACCAAAGGACCACTGCGGGGGTACCAGGTTCATGGCGTGTTGTGTCAGTGTTACTCAAACTGGTATTGTATGGTGGGTAAGTACGTAGGCGAATAGGAAGTAGTTTGAGTTTATACTACCACTAAGGCCGTTGTCACGGGGTCTAGACTTGATTCATGGCTGACCTGAACTGGTCAGCATCGGTCACCTTAAGAGTGACGTGGAGGACGTACGGATTGTACAGTATCTGGTTCTATCTGACCGCGAGCCGAGCGTCGAGTAATTACGCGGCGTCAAGGTGTCTTAGCTTTTGTCCAAATAGTGCGTTTTATGAGTACCAGTTCGCGCGCGAACTTGATGTATGTGGACTACTGGGCGCGTATTCGACGCCTTGCGCTGGCATGTGCCGATGGTCACTCAGGGGAGTGATATAATGTAACTCGCTATTATGCTATCTAATAGAATTATGTTCGCAGCCATGTTTCAACAATGTCGTGGAAATATCATAACAAAGCACAAGCAGGGTGAAGCAACAGGTATGTTAGTTGGGGGGAACTCGGCTTTCGTTGCCTCTGTAGGGACGGCTGTACGGTGATTCGATATGTATGTGTCACAAAACCTGCCTTACTTTCTAGTTTGACATTGGGGGTGTCATACGGGATAAGACTTGGAGTTGCTTTGTCAGACGGAGGACGTTACGAGTATGTTTCTCCTGATCGCAATATATTAAGTAAGGCGCCTAATAAAGCACGACTGATACAAGTTATCCTAATTATTAACAAAATCAAGACTGCAGAATACAAGTACTTCCCAGTTTGACTGAAAGTACTTAGAGGATGATAAGATTCTTTGTGCTCTGCTAGGGAAGTAATTTTGATTTACCAATCGCACTGTTGTTAACCTCACTTGAAGGACTGCATCTTGTTCTCACGCGGAGCCGGGCCCATGGTCAAAATGGAGACGGACTCTACTGGACAGCATTGTGAAGGGGGGCTGGACTCCGCTCACCCACTACTCCATTGGTAACAGTCGCTTAAATACTCGAATTTATGGACCATAACGGGTCAAGTTCTCACATAAGGTTAGATGGTGTCGTCCGTTCGGGGTCCGATAATTTGGCTATAAGTATTACTAGAGGGGCAGTCTCGTAACCGATCCGCAGGCGCAAAGCAGGGTGCAAGTCCGACCGCCCTTCGCTAATTGTTATATATCACGGCAGTAATAGCTTTTTCACCTTGGAGGTGTGACCATAGCGTAACACCGCTACCGCTTGCGTGCCTATGTTTCACAGCTGATTC,1807,46.93,Caenorhabditis elegans
SEQ_892181,GCTCGCTTTACTCTCCTCGATACCATTGCTCTAGCGGTCCAATCTGGGTACTATAAGCAGAGGTACTCTCGGGTCGAGATGCCGCCCCTAGATATACGGTACCTCCTAGCTGAGGTCCTCTATTTCTGGCGGGCAGTTTCTGCGCTATCTGTCTCGGACATGCGAGGCTATAGATGTTTATTTTAAAGTGCACGTGCCTAATCGATCCGATTCTCCGCGGCGGGATCACATTTAAGTCCATATCTTGTTATGGCAAACGTGTGTTTATGCGTACTCGAGGGAATGTACGTAGTTTGCGGGTTGGCGCTGTTAAAGTCGTGGACAATGACCACGAATGCGAAC,342,50.0,Homo sapiens
SEQ_276851,AGTTAGGGTGACCCTTTCTAGAATATGACGCTGCCCGAACCCGGCTTAGCCTCACGCAAGCCTCCTGGAACGTTTACTGCTCCATACCTGGCTGCTATCCCTGAGTCGTTTTACCTACTAATGTAGTGAGTATTTTCCTGATCGGCAGGTAAGCAAGGGGCAACCGTTCTTCGCCAGGGTAGCGTCTCCGTTTTGTACCGTTGATCAGTCAAACCTGAGCAGGATCTGTAACAAACAGTAGAGGTAACGGGTGTTTGTGGACCAGACCTACTTTAACTACCCCCCGGCTGTATGTGTGCAATGTAGCTCAGCTGGCTTGCACGAAAGTGAATTCAAACGTAGCAACCCGTATCCGAACAGAGGGTATTGACGGCTCACAATTGACCATCCGCCTATTTTCACCCAGTGCCTACGGATCGACCCCTGGTATCTGGGGTTAGATGTCCGCTGCAACCGATATGAAGTTCGACTCAGTAAAAAGCAGCGTGAAAACGACCGACACCACGTCTAAAATGCGCCAAC,522,50.77,Arabidopsis thaliana
SEQ_625247,CATAGGGCCGTAAGGGAGGTGAGGTGTCCATACGGACCTTAGACATAGTGCCCACCCTCAAGATCTTCGCTATACGTAACCATTTCCCGGGGAGCGGGATGTGCATGATGTTGTGGTCTCTCACTTGGGCCCGCCACCGAGGTAGCCACATCGTCGGCGCTCCACGCTCCCCTATGCCATTTTTTCACACGAAATAATTCTTCCAATGTCAGACGCGATTATGCCTCTGCGTTCACATGATCCGCCGACTTTAGGCGCCAAACCGACCCAAGATGCAGAGCCTAGCGTTGACGAACCTACCTTCCTACATCTGGTAAAATTCGGCGTGTGCATGCTAGCAGAAAACTATCACTCTACTACCTTGTAAGTGACCACTGCCGACTGCGGGTAAACACAGGCTTATCCGGAAACGGCGACGAATTCGCATCCCCTAACATTCGTCACCCACGCGTTCCGCTCTAAGGAGCGCCTGACTCATAATCCCCGTTATTGTAATCGTTTCTAGTACCCGCACGGGACAGATTTCACGCGGCTTGACCCCTCGCTAACCTTGTGTAAATAGTCAGACAAATAAGATGTCCGTCCTATGGCACGGCTAGTTTCGTTTGATCTAGCATTCCGCCTGAAAGGGACCGAAGTGCAGACAACTCAAGCTAAAAGAGACACTCGCATCGATTTCATCGGGGACTGATGTAGTAGCCGCAATACCCTGGGTAAACACTCCTGCGCCATTCCTTAGTATCTCAGACGTTGGCGAGATCATCTTTTTCCCCGCTAACGCGTCCAGTACTTAAGGGTTGAGCTATCGCTTCAACTGGCCTAGGGGTTACAACAGATATGTGAGTGTCATCGCTCACCTTATTCTGGATGACGAATGACCTTGATGCAGATTATGGTCCTTGAAATTGAAGGTGGGTGAGTTCCTTTTAGACTAAGGTTTCTGTTGCCCAAGTTTATGTCTACGTCGTGCTAAGGTAGGTAGCATAGCTTTTTCTCCTACCTCTCCAATACCCGTTTCGCAGTTAGTAACGTGGTGCGTGGTTCAAGCCGGCCTACCCTTTTCCTCTTGTCGCGCTAGCCTAAGTTGCATTTCGAGGAGGTGGCGAATAGGTACCTCGCGTATGAGACGTAATGCTAAAGGGTTCCATAGCAAAAATACCACTAGATTAGGCACGTGATATGCCAGTGTGCTGACCAGGAAAATTTCAATCTTGTCAGGCGATTAGTCTGCTGCAAGACCTTAGTGCAATACTTGTTGTGAATGGCCTACTTGGGTAGCTATAGACCGGTGACTGCGGTATCCGATCCTTCAATGCCTCGAGTTCACAGATTAAGTCGTAAGGCACACTCGCCGCGAAGGCACTACTGGCGCACGAAGGCATACGCCGCGGAATCTTCAGTGTCTCCTACCCGAGAACGGTAGCTTACCTCGAATACTTGGGGATTCCGATGGCGTGATCACAAACAGATGCCCTGTCTCGACATTTCGGCCTAGTTCGCGAAGCAACGCACCTGTTTTTTTTGCTCAAGAGGCTACGTAATGGGGCTTGTAGCCTACTGATTATGGCTATGGCGGGGTCTACAGGCTGCTCCTCTACAATGTCACTGCTTTCGCTGACTTGATTGTGACCTTACATAAGACCTGGTCTGGTTATCCGCGGATATCGCACAACCTGCACCTTTCTGAT,1688,50.3,Arabidopsis thaliana
SEQ_857522,ATCGCTCAAAGGTCAGCCTTCATGTATTACTATGGGATGACGTGACTTGGCCAATCCCTATCCGTATGGCGCAAGAGCTGTCTTAGTGAGTAATCCATGAGGAGACAGACGCTCTCATGTGTAAAAGGAAGACGCCACACACCTGGCGCCTGTCAGTTCAACAGGCGAACGGCGTAGATTGCGAGCGGTACTTTTTGGAGCGCCTAGGCGGCGTTCAAATACAATGCATTCTGGTCGATGCCTGACTAGGATTCTGTAGTGCGAGGACATGGGGTGCGAGAGCCTGTCCGTTTCATGAAATGTGTGCAGTTTACGGAGGGGACACAATCTTGCATCTCACTTCCACTATAGGGTTACACCACTTAGGGTGAGAGGGACGGCGTCTTAGTAGGCATAGCGCTGCCTTTTACCCGGTCACAGGCTCTAACGTCATAGTGGGATAGGCGGAGAATCTTCTGTGTTGCTGGGCCCTCTTGTCGCGGGCTCGAACGACACACGTCGCATGTTAGCTTTCCTTGAGTGTATCTTAGATTCTAAAAGCTACCATAGTTATTCGCAAGGATGCCAATAGAGTTGCGCCCTGGCTAGCATGTCGATCAGTTCCAGAACGAAAACATATCGCACTTCATTAGTTAGTGAGACCTAGGCGACCCAACGCAACAGGCTCGCTCTTCATGCCGGTGCCACGCACCTAGGCAGTATGTATGAGTTTCTGAGTATATTGCAGCCATTTGAATATAACTTTGTTGGTAAGCCCGCCAAGTGGGCTCTTTTCCCTCTAATAGAGGTTTGCGAATCGACCACTTTATGGCTGTTAGTTTAATCATAAGCGTCAGAGGAGGATCGGCGTGGGTGCCTCCGCTCGTGTACTGCCACGGTTCAGGACTTCTGCCTCGCCTTCGCAAGAGGGCCAACCTCCTGGCTACCTGTCTAATGTTTACCACTCAGCGTAGGACGGGGTTTTATTATTGACGTAACTATCCAACATATTTTTTTGGGGCAACCTAGTGGGCCCTTCTCTTTTTTGGATAAACTTCTGCAAGCACTCGAACGTTAGGTAACTTGTCGCCGGCATTCCTTAAGCGATCTGACACCATTACGAATCGGGTGCGAGTAAGGGACTGGCGTGCTCATCGGGTATCACAGAAGTGGACTCGGCTCTCCTCGTGTAGTCAAGAGGCCAGGACGAATAAGCCCGGGAATTTCCTATGCTCACCTGGTCATGTCGGATGAATATCAGCACAAACTCGCTTTCCCTGCTCTTGCTCTAGTACCCATTTGTACAGGGCTCACCGAGACGCACCAACCGGGTGGGACAAAACCTGCCCTTTGGCAGTGTAATAGCTCGTATAATCTCATTGTATAGTATGTGCAACTGCCTTCCCGTTTGGATTCTGAAACTTGGTACATAGCCACTTAGGGGAGCACGTTTTTGGGGGCAAACGGCTGGCGCCTGCGTCGTGTCGCTAATGTGCAAGTCCTTATGTTATTCTCATGTTCGCACAACGAGCCAGGCTAATCGTTCTAACCGCAGGGGGCGCAACCAACCTGTATACAGAGTTCGCGTCGTAGTATCCGCATTTTGAACTAGAGCAGCAGTCAGCAAACCCCGTCGCTCCGCGATTCTCTGTCACAGCCAATTCCCCGAGGGTCCCGGCGCCGTGTGATATTCGGGTCTAAGTACTGCGTTCACGGTAAGAAAAGTGGGAGAACGGTTTATCCACCCCCGCAAGCCTGGAATACCTTCTCCACTAACACATGCAGTTGCGAGACCCTATGGCCTATATGTT,1790,51.01,Drosophila melanogaster
SEQ_800552,CATCGTCTAAAGCGCTTACCTACCATGATATGACGTCTCTTAGGGGACGTTTACACCGGGCACGACTAGGGGCTAGCGTACCAGCTGCACTTACGGCCAGCTCAATCTTATTTAAGTATGATAATGCTAGGAACCTCGGGTGCATCATTCTGAGGGTACGCAGGCGGTGACTTGATTTCCTTCGCGGACAGCAATGTAACGGTATAAGGGCAGTCCCCAGTTGACGCTTACTCCAAAACGAGCACGTGCGGCATGAGAGATTCCGTGCAAAGTGATACGCTGCCGGCGAGTCTTCACAGGAGGGAGGCAGGTGTGGGGTAGGTCGTTATTCCTATTAGATTCGTCATGAGAAAGGGCTTCCGATCAGGGCACAGTGAAGGACGATGGAAACTTCAGTAGCCGGTATATGCAATCTGAGAGAGCGTTCTCACCTGCTTTGAACAGAAAACTGGAGGGGACGCGTCATGGGAATCAATCATAGGTTGCCCAGACCAGAGATGAGTTGTCCTGAACTGCTCGATCCGAATTCCACGGACCTATGTAAGCGAGTGCATCCTTCGACACTATCAGAAAGTAGGTTCATAGCATAAGACAGCGCGCCCACATGTGCACCCGCTTTAGTCCTAGCCGGTAGGGTACCTAGCCAAACTCGCTAAAGATCTGGCCCGCGGAATCGTTAAAGATCTAGGGGATTGGTCAATTGTTACCCGCATCCAACCCGATAAACGACGATTATTGCTGTTAGCCTGGTACCAGGTGCCACGTGAAAGATATGGGCCGCGTGGAAACACACTTTGCTACGCGGAAGAGATGTGTCCGACGAGTTGCGTCTCTCAGGCATGGATAGCCAGGTCGCAGTGCGCACAGCTTCCTATCCCTACGGTTTCGAGCAAACAGGGACCTAAGGACTGCCGACATAAACAAGTAGGGAGCCCCACCCGAGTTGTTCCGAGATCCTGCGCAGCTTAACTACCATTTCTAGGCCCATCTAAGGGTCCTTTCATAAGTGCAGGATGGCGACCGCACGAGGACCATAACATACGCATTACATGCATATCTGGCAGATATAACCATCCCGGTAGAGTCAATGATATGTTCCGAGGTGTGTATGCCCATTGACTTTTATATAGGCGTAAATCAGTGTCCAACACTATGTGATTGTAAAACCTACGGCCTGGGCTCGCCGGCCGACTTGCCTGAATGTGGTTGGCGCTAAGTAGACCTGTGATATCCCAACCCAAACGGGCTACGTGTGGCGTATAATGAGCCAAGAAGCACTGAATCATCCGTAGGCCTTCATGAACCCTCGTATCTTGCCAAACGACCCTAGATGCTAAAACGAGAGTGCTCCATGCATTTTTCAGATCCTTCGCTTTCAAATGCCGGCCACTGGCATCCTACACTAGTGACAGGCAGTGACGCGCGGTCTGCATTACAGCTAGATGGATCGCCCAACCTAAACGCAAATACAGTGATTAGATGTAAAAGATACCGTCCTCTATTTGGTAAAGAAGCATGGATTCGGTAAAGTG,1532,50.65,Caenorhabditis elegans
SEQ_206804,TATAGGTTAGGTATGTCTCAGTGTTGACTTTCACCAACTGAGGTGTTAGGAAGAACTTCTCAAAACGTGCCAGCCGTCGATCGTTTTAAAACGGAGTGGGTATTAGTTCTAGTCACCCTCCACACCCTCTGCAGACGATCATCTCTTTTCAAATAGTTGTCGCTATTTATGCCCTTCAAATGTAATAGTAGGTCTAAATTATGGGACCGGCGTCAAGTCGCATCACTTCGACGGAAGATCGTCCAAGGTGTCGCCGTAAAGTCGTCCGTATTTCCCACAGCTTTAACATTTATTCGAATCGAACGCGTTGTACATGAGCTCGAATCGTGTGATTTCCCTATGGTGTCATTACTTAAAGGTAATGATTATGCATAGACTATTGAGATGCTTCTTGCACCAGGTGACGACGCTACCCAGGCACTGGTTGTTGGCGCCATACACCCACAACGATACCCTTTTTCACGAGCCCAAGCCCCTATGGTATTTTAGGCACATCCTGAACCCTCTATTATCCATATCATGTTTAAGTGCGTACGAAAACCAATATATTGGATAGTGGGATGGCGTTTTACTTTGGGCAATCATGGGTAACCGGCTTGCACCCGGATCAAAGAGATTTCGTCATAAAGCTCGATGCTGAAGTTTGAGGTGCGAACTATGTTCCCCCCCCTCTATCGGGATTTTGACCTACTCAAGACTCCTAACCGCCAGCCCCTTCCTCATTACGATTTCACACCGCAATCCTGTAAGTACATATGGTGCTATGGACTTGTCTCACTTAGATCTGCTGACCAAGACTGTTCCCAACTTGACACAGTCAACACGGTCCCGTCTCTAGGCCCGACCTTTGGATAACCTGATGGGCAATGGCATGACCATATGGAATAGAGGTAACCCGCCCCGTAGGAAACTGGTGCACATCTTGACCATAAACCATCCCATGCAATTCACGAACCTAAGAATGGGGTGGGTTAGACACAGCCGAGACGCGATGCGAATTGTCGCGTTCGTCCTGGTAGACAAGCGGGATCAAGCTCTAGCCCCATGCAAAGTAACCCAGATTCCGCAATGATTCGATGACGCTCCATCCCGGAGCTCTCCCGGTGCGTTAGAGCAAAGCAATGGAAGGAACATGGAGTGTTAAACTGTCCGAACACGAGAAAGCCGCTGTACGTTATATTCCTGGGGGACGGGGTCTGTTCTAACTGGAAGAGTTGTTCTAACACCTGTATCCCTCGCCGACGTGCTGCTAAGGTATGGTCGTGGCTATTCACACAACTCGAGACGTCTTATGTCCA,1298,48.15,Saccharomyces cerevisiae
SEQ_752444,TCGACCAGCGAACAAGGGTTTTATTCCATACAACCGGTTCATATGGTCTACGGATAGGTGTTTTTATATGACAGGTTGCCTCTCATGGCGACGCTTAGCGGAATAAGCGTCCTGGCGTTGTCGATCGATTTGCTGGTGCGTTGCATTGTGATCGCCCATTACCTCGTCTCAAGTAAGTGCCCATCAAGTAATACACCCGACCGCGGACGTTCGGTTCCCTATCATAGGGTTCGAGTACGAGCTGGGTGGTAGCAGTCTACAATAAGAGGCGCCATGAGCGGGGGCCACGGAGCCCTTCCGTGAAATTATAACACTCTGACAGCTAGCTAACTCAGTTGGCCCACAATAAGCGCAGCGCCTCCGACTCAATCCGCGGCG,378,52.91,Arabidopsis thaliana
SEQ_178322,AACAGGTCAGTGTGAAGCGTCTGAATGTAATAGGCGATAGAGTATGTGAGGCCACCGCAGCCTATGCTGCTACAAGAATGGAGGTTATATATCCTTTCGAGGGCGGTTTACCACTAACTAGGAAGCTTTACCTAGTTATATAGACTTCCGGAGTTTGGATAACCGATGAGGCGCTTGGAGGTCAACAGGGTGGCCAGCAGCGTCGAAATTACCCGTCATAAACCTACATAGATGGGATTATCCAGACAGGTTTGCAGTGCATAAAGGGAATGGTATGTGGAAGCTCCGCCGTGGAGAGAAAAGAACGGTAACCGACGAGGAGCAAAACCTCGGTAATCAGTAGTTTCTTCATGCCAGGAAATGTCGCGCTTACCTGCTCAAGTACTGGGCCTATACATAGCTCGCCCACCAAAACTTAAGGTAGGGAGACGCGAATCAAATGAGACGTGCACATGGACCCTAGACATCTCATAGGATAAGGTGGTATCTTACAGCGGCTGTATTAGATTCTAAACACAAACAAAGTCATGAGGTAATCCCACGAGGCCATTAATGGAAGGCTCCTTTAGAGTAAGATAAAGACCCAATTATCCACCCTGTAGGATCAATACTAAGTGTGTTCCGGCACAGTTGCTACCAATTTTCTTCAGGTCGACGCAACTACGGCTTTCCCGTTTAATTCCACGGGCGCGCAGAAACACGTGGCATTCCCACCTGTCCGTACTGATAAGCTATCCTTACGTGAGGCCGACGGTTTTGGGGGAATACGAGCGGAAGAATGCCTCTGGGGAACGGCGCTCCAATCTTCTTAGCTCTCGAAACTTTAGGTAATAGGTGTTAAATACGATTGAATTTTAAAGCTCAGACATCCTCCCAGCGGCTAGAGACCTTCGTAACCGGTCTTTTTCTG,910,47.58,Drosophila melanogaster
SEQ_894549,CGCCTGATCTTCCGGTCACGAGGTGGCGCTCCTGCGAGCAAATTTTGACCGTGCTAGCTATCGCGCATACCTAAGTAATTGAAACAGAACTCTGTTCATCGTAAATCCCCCCAGCTGTAAGCAGATGGCCCCGTCCAAGAGACCAGAGAAGTACTCGCAAGGCTGTCATAATCTGGGCCGACTCTTTCATTAGGCACACACGGCTTTAACTACACGATTTGTCCGTTCTAAACTAGCTCGCTGAAACAGTGAGTCTGGCCTAAACATTTAGGCAGAAGCAGCTTCCGATATTTGCCTAAGGATCAGTTTCGTTTTGGCAGGGGGTTTCTGCTAATCTCCTCGCTGAGAAGTTCCGGAGCGTCGTTTGTTACATAGGTATCCACGATTCACTTTTGTTTAGTTACAGAGCGATACGAATCCCCCGTTGCTTCTCGAGACGAGTCAAAGAGAATAGTCAAAATATGCTGCCCCTTCTCATCAAAGATTTGATCTCCGCCTTTAGCGCCGTCTGCGTATATTAACTTTCGGTTTGGGTAGTATTGCAGCACGTCCTCGGTTAAATGTTTAAATCGTAGAGTGATTTTGCGCAGATCGTGACGATGCGTGTCCAAACGCTATAGCGTAACGTTTCAACAGTACCGGAATTGCCCGCGCACATTTGGCGATACCTTCTACTACTTGCGAAAATGGGTGGCGTGAAAAGGTGGATGGCATTTTATCCATTCGAGGAACGCATCACGCCCGAACTGGGGCCCCCGGTTAGGAAGAGGCGGACGAGTGTAGTATGGGCGCAGTCCGCAAACTCCTAGTAGACTATGATCTGCTATACGAAATTACCTTTGTCCCCTATTGCGATAGAGGAGCAGCTGGTTCTCCGAGACTTCTGACGCAATAAGAATACTCCTCGGTGGCGGAAATCTACCACCGAGCATTTTTACTCTTCTAGTTCGTCTAATCGAGTCTCCGTCTCCATAGCTCGTTCATACTTTTGGCACAGGTGGAAGCAGAACCTAATTCGAGGGGCGGAGGGGAACGTATCGGATCCATTCTACAAAGGTGTGATTTACCGAATTAGACCTCAGGCCCTAGAGGTCTAAAGGAAATAATACACGCGACAGATCATTTGAGTTTTTCCCTATCCAGTATGGTACGACACGTCTTTAACGGAAGAGACCCCGATTTCTGCCTCTACCGTCTTGGTAGACGGGCATTTGAGCTCGAAGGTTGGGACTCTGAACATTTCCTAGGCTACGGTTGGTCTATTATTAGTGAGCGAAACTCTTTACAATCATGGATAATATACCCAGATCGTTTTCTATCCTTCCGCGCTTATGGCCATATATGTAGTACCTTAATAAGGCGCGTTTAAATTTACTTCTTGGTGTCCGATGGTATCTAAATACCCCAAACATGCTGCGGGGGGTAGTTTTGCAATTGGCAGGGATTGGGCGTATAGACACCACTCAGCGCATCTGCCCAGCCATTGTAGCACAATTAAAACGAGCTGAATCAAGTAGAAGCTCGATTCGAGTTCTGTGTGCGGCGTCCGCTTAGGTCCGCGTATGCCCTTTGAGAGGCCGCGACCCTGTCTACAGAGGCCGGAGGTGCCAAGGCTAAG,1618,48.45,Caenorhabditis elegans
SEQ_900543,ATAGGACAGCGCTCGAGTAAATCCCTTCAGACGGGTGCATATGGCCCGTCGTCACGACGAACAACATGTCTGACTGTGACAGGCCCCGGGTTTGGGGCCGCCGTTGTGCGTTGCCATTTACTGTACAACTAATTCTCTTGGAATTGCTCACGCTGAAGATTGGGGCTACTCCGACGGGTTTTCTGGCACTACCCCCCGGGAGTACACCGAGTTTAGACTACCCTTCTCACCAGGTAGCGACCTCGTCGCCGACAAAAGTCAGTGCAGCCAACGCTTCCCCGACGTGAGGGAGCTATAAGATCCAAACCTGTTGCGGAGAAATTATATACCCAGTATCGAGGGGACTGTTGCAAGTACTTAGCTCTTCCCAAAATATTGGCAATGGTGCGGTTAAAGACTGGGAGGCGCGTGCGAAGCGGACCTCCCTCCTAGATGGCTAACGTCGGATATTGTGGCTTCCTGACTATAGTAGGGCATATCGCGAGTGTGCGCGCCCTTCTGAAAACTGTCTCCAGAAGATGTTAACCCAAATCATGCAAGACAGCCCGTGCACGATACTGTCTCGACGCCACTTGTGTTCTACGTTGATGATTCTCAAGCGACCGGGCAGTAACTGCCGACATTAGTTATCGGAATCGCCGAGTATAATCGAGTGTGTCGGAATTGGTAGTAAATTCCCCTCACTGCGACTCGTAGGTGTATGCTAGGATAGATCCTATCTCGAGTCGAAGCTTTTGAGTACGGAGCCCAAGGCTCAACACGCGGAAGCGATTGCCAAGGTACGGGGTGCCTAAGTGAAGTCGGATTCAATGAATTAGGGCTCTCAGAGTTTTGCTCGACGGATAAACCGATTGGTTCCTAGGACTACTTGTGGGATCGCTATAGCAAGGTCACGCCACGCGGATAAGGTATAAGGTCTGTATCGACCCTCCTGAAGGTA,940,51.91,Arabidopsis thaliana
SEQ_645614,GGGTGGGTCTGCGCGGACTAATCGGTAAGTTGTATGCTCTTCCTATCATCTCGATCCGCCTGGTCGAAACTAGATTCCGGTATTAGGGGCTTCAGACTGACCTTATACTGTGTCCGTGTTTTAAGATTTCAGGGCATTTGCTGTAAGCAATCGTGGGACGGAACAAAACGCGTTCCCAGTTAATTCTCGACTGTTCTAAAGAGGAATCATACGCCGGTGTACGGGATGATGGGTTCTTTGGCAGTAGCCCGGCGCGGGGATTGCTTCGAATCGCATACAAGAATAGTTCTTTTGGGCACTTTCGGAGGACTGAGCACTGGCAAAATGATAGCGGATTTACAAGGGCAGGAGCCTGCCCTTCGCTCGAGCGTTCTATCGGTCGTCTAAATGGTCCTGATGTAAATGTACGATAATTCAGAATCAAGTTTGAACCTGTCAGGGCTCTACCTCACGCGAACCTGGGACAAATCCCTACTGACTCAATAATCCCGGTGGCAGTGAGGTGTGTGCAGCTCTTGTTGTTTCGTGGTGATTGGCCCGTGTGAGCTTCTGCGGAATCCGCTTTTGAAAATGAACTGAGCGAGCTAATATGCTGTCTGCATAACGCGGGCTTTTGGCAGCGCCAAGTCTTACTGGCTTGTGGAACGGGATCAGAAACTAACGTTCTAAGTATTAGACCCGTGTGACGTGTCATCATGTGCATGGTCAGATTTAAGCAGATGGAGAAGTCACGGACCCCCGACATCGGCAATAAACCACCTCCGTTAAATCGTATCAAATGTAGGACATCTTCCCGCGCCTCGTGCCTCGGGGCCCAACTGGGTTTCGTGATAGCTAACGACTCCGCTACACTTCCCATATGTAAGCACGTCCTTATGACTGCAAGTGTCAGCGCACGTTGGAAGCATCCGTCCTGTCCTACGTCCCCTGTTCGTCCGGCGTTCGGCAGTCCAGACGGGCTTCGGTCCCCCGTGGAAAGTAATCAACTCTGAGCTCTCGGGAATGGCGCCTAGATAGGCCGGGAGGACCTCAGTAATGTTCTCGACGGTGCAGGGGGTATAACCGGGCGCAGTGGGAAGGTTACGGCTAACCCGCGGTTAACCGGTTTTGTGCTCCGGTAACGACCCTAAGTCCCAGCAACGACATCTAGTGTTGACGCATCTGGGCCCTGCCCAGGGAAGCATTTCTTCACTACCCCACCGCAACATCCACAGACGCGTGGACAAACATTGGCGCGTGACTATTGAGCCCGAAAAGGTTCCACCCGTGCACACGGACACTGCCGAAGCATTACCGTGGGACTATGCAACATCCCCTAGAGTTTGGCATATCGCAGAGTACGAGGGGTAAGCCTGCGCGTTCAATTTCTTAACCATATCTGGACTATGCCTGAGTAAGTAGGGCAGACTGAGATAAAGGCGGAAGCAGCTCTAGTTATTAACTTTTATAACGAAGGGGGCAAGTGCCTTCGTGAACGAGAGCATCAAATTCGAGGCCTGTAACGAGGGCGAATGGGACGGTCGTAGATCAGTGATATGGGAGAAAACCTCGCGTTAACCTTACGGTCTTGCTCCTCTGTCGCTGATCGTACACCAATAGAGCTGCTTCGCCGTAAACGCGGCATAGGCGTGGACGCAGCGTTTGCACGCCGATCGCTTAACCATGGGGATCTTTTTGGTTGGAAGAGTCGCAAGCCAAGTGTCTAGACGGATAGTAGATCCACGCCCAGGTCACCCTGTGTTCGGGTTCGTATTTGTTCGTCTACTCCGCCCGTCAAGGACATTGCGGGGTGCGGCT,1797,52.59,Saccharomyces cerevisiae
SEQ_634512,GAGACAGGAAGTCGCGCCGGTGCTCACTAGTTCAGGACAACACGACTGTGACAGTCGGTAACGTCCTGGAAAAACCTGGGGCTTTGAAACGCAAATGACATGGAACACATAGACAAGAGATGCGTCTAAGCGATAGCGAAGAGTAATGCCATCATCCCCGGAAAGCAC,168,51.19,Mus musculus
SEQ_430885,TCACGCGACTCGACTAGAACTATTTCCATGACAGTCCGCCGTTACATGCCGATCAGGAGAATACCGAATAATTAAGAGCCGCGTGTGATCTTGTGACAACACTGGAACTGGTTGAAAATCGACAAATTTGCGGCGAGAACGCATCGAGGCCGATATGTTTTGGATGAGTCGCTCCGAGACGTCTGGCCTTCCCACCCGCTCCAGACACATGTATTACCCTTTTTTGTAGGTAAATGGGCTCCCTATGCGAAATTTGCCCCATTGTTTGATAGCTATAGATCTTCTAATACCATGGTACGTTCCCGGGTCTCCCGCCGTCGCGCAAGGCTGTTCCATTTCTCCGACAGCTCCCTCCC,356,50.56,Caenorhabditis elegans
SEQ_583386,GTCACGTATTGCTGCACGTGCGTTACTAGGTTTGTCGCTCCCTCAAACCTGCTACGGGGGGTCGTTGGGCTAATGACCGAACGAGATGTGGGTCTTACACGATGAAGAAAAACAGCGTGTAGTCCCAAATGGAATGGACAACTTCCCCTGGGCTAGGTCATACACCTGTTGATCAGAGAATGCTAACCGTCTCAGGTGGTATTTGACTCCTTCCCATGAGGTGTATAGAATTCAATCGGTAGCAGAACTACGTAGAAGCGATATTCGGTGGTCCGATCCGGGAATCAAAGAACGTGATCCGCCCCTTCATACAACACTTCACAATCAGCCTGCAACTAGTGTGAGATGACGAAGGCACTTCAGGAACCGTTCTCCACCTGAAGGAATCTATGCAGCCGATAGCGTGACTAGCAGAAACAGGGAGACATAACGCTACTATTGGTGGGGAAATTGCGGCACTCGAGCAGCTATTATCTTATCCATCAATATCGCAGCAGATTTAGTAGAGAAACTTAT,516,48.26,Homo sapiens
SEQ_724215,CAACGTTTCCGATTTCCGGGTAGGATGATCTGGCACAAGTGCTACTTCAGCTATGTCTTACTCGAAAGCATCTGGGTACTTACCGTAACATAATACTAAGCCTGAACTGGATTGAGAGCGCTGAGGATCTTTCCGTTTCATTGCTGCTGTAGATCTTATCGTCTGAAGATCCGCGTTAATCTTCCAGGCCGCGCGAGGATCAAGCATTGGCGGTAAATTTCCTTCCCTGGACTCCTGGGTATCGGCGTCGAGCAAGCCAACAACCTGTGTGTACTACATTCAACTTAATATGGGCTGGGAAAGGCCAACCGGACACATAGACTGACGGTATCACTGGGGCGTTTTACCGTTAAGTCGTATCGTCCACTAGACGCATTAAAGCATTTCTGCATCTGACAGAGGCGTACGGAGATCGTCCCACAAGTGAAATGTGCTGACAATACGTAAGGCGGAGATTGTTGACTCGTTTGGTTCGTGGCTTCTCATGCTAGTCAAGGACCCA,502,48.8,Mus musculus
SEQ_690876,GATGCTGCTTGTCTCCCATGTGGAAATTGAACCAAGAATTTGACACATACACCCGAAGTCACGAACACAATTAACATCAAAGCATAGCCTATAAAGCAGGCTGGAAAAGACGAGAACCTTAGCTGTCATCAAACACATTGCTAGCAGCTTGGAGGTCGCTAATAGCGACCACGCCCTTTGATATAGACGAACATGCTTGTAGTCCGGTCGAGTTCCCTATACATGCCTTGCAATAACTCCGCTGGCGCTCACTGCTTCGACATTGGGTGAGAGTAATCCGTCAAAGCTTAAGGGGTACTTGGCTACACGTGAGGACCTATGGCGCGTCAGTGCGATCGGGCTTAAGAGTAAGCACGTAAGTTTGATGACGCCCTTCTTAGTTCGAGCTCGCCTGGATTCAGAGTCGCATGTTAGATGGAAGAAGCAGTAACCCTCCCCAAACAATGCGATCCCCCGGCCTAGAGGTGCCGCTCATATTAGGGAGACCGATCGGGAATACCATGGCACGCTTGACTGGTTGCGACTAGTAGTCGCTTAAGAAATTAAGTCGTCGCGAGCTCACCTTGAAGCCACGTGGCTATAGCTCAAAACTGGTCTCGATCACTCATGTCGG,613,49.92,Homo sapiens
SEQ_917421,GTGCTCCTGAATGTCAGCGTGTTCGCTAGAATAGAGTATAATACCTACATCGTAACGGCAGAAGTGCGTGTGGGCTGTCATTTATGTGGCACGGTGTATTGCGTGACAACTTACTGCCATGCAATCTATCTCCAGTAGTGTAACTTTGTTATTCTGCGGCTCAAGAGCATCTGGCTCCGTGGGATGTAGATAATCCGGTATCTAATCGGAGGATCAACTTTTGCCAAACGTTTCGGTTCGTCCAGACATCCAACCTGTCAGGACCTGAGCTAGCATCGCCACAGTCAGAGCGAGACTTCCGCTGTAGCGGAACGAGAAAGTATCCGTATGCGCGCTCGCGCCCTGGCAGCATTATCTGGTTACAGCACCTAGCAATGGGCCCCTTCTTGGCAAAATATCACATGACGGTTATTAAAAAATTTCCTATGAACAATGAAGCGCCTGCGGCAGTTGCAGATAGCCATTACTCATTACGTTTACGGTTCACTGGAAGACCAATACCACAGCCTTCCCCTGAAGCCCTATCGAATCCGAATATCTGACGCAAACAGGAGTACGCGCTAAGGAGTTCGGCGTGGGGATAGGGAATTTCCGGTCGACTGCCCCTTACAGCTCGTAGATCCGTCCGCTTGAGAACGCGTTTCTTTGTATTATGATTGTCTTTGCACGACTTAAGGAGCAGCAGCGTCGAGGTGAGGGAAGCTCTCGGCCCAGAATCTAGGGTAAGGCAAGGTGCCAAAAAACACGTCTCCACTATTAGACGCCCTCCTAATAGAGACTCACTGCTTCCAAACTGGGCAGTGGTGGCCAGGTGATAGGTACCGACTTCTTGACTGCGACAGCAGTTTAGCTCCGACGAAACTGCATCAGAGCAGCCTATCCTGGGAGATTGTAAGCGCCTCTCGTACCCGACCGGAGCTCGAAATGCACCCAGCTATACTGGCAGTCAGTAATCGGCGATCAGTACGATATTTCCTGTAGATCGCCTGAGCCTAAAGGGTGTCTCAAGGACTTGGCAGCACCTAAGGTCTTTCATACTTTTGATCCACTGAGGAGATGGCGTTCACTTATGCGTCTATGCTACTAAATACTGCGGGGCGGCAGTTCACCAGTCGACGAGGTCTAGGCAGCTGTTGGCCCTCGGCTGTACAAAGGCCAGACAATCTATCTCAACATCCGGGCTAAGTTTATCTGGTATTGGTCGGACGCTGTATCGCTAGGTACGGCCCTGGATCTCCTAATGCCAGGGTATCTACCTTTACTCGTGGCATAAGTCACTTGCATACAAGCGAATGGAATAGTCTGGTAGGCGGCTCAGGATGTTTCCCGAAGCCACTTACCGACTTAACTCTCCCCGGTCGGCCGGGAGTTACCTGTTGCGCCAAAGTAACAGCACTATTGTACTATATAGGGACTCAACGGTCTATTCTTAGTTCGTTGATCGAGATTTCCCGGTAAGAGTCCACATCTTAAGCGTGATAACGTACGCCGAGGTATAGCTCGTTCCACTATTACACTAGTTGTAACTATATTGGCGATCTTCGTTTCTAATGTTGTGTGCTGTTTATGGCCACGGCGCGGAGAGTGCGCACAACTGGAACCGTGTTGCGGGGAGGCCG,1619,50.59,Saccharomyces cerevisiae
SEQ_842213,GTCCTGTTACCGAAGTCAGAGCGATGGCAATTGTCCGTGTCACTGGTGTGGGCTTCAGGCACAAAATCTAAGAGGGCAGAGTTCGCGAGTTGGTGCATTGGACAACGGTGCCGGAGTTCCACTATGTCTGTATCACATCCTGATCTGGAGGCGTCTATGTAGATTTCCCTGCCCTGACCGTGCTGCCCAGGTGGGTATATAGCAACGAGCTCCTCCTTCAAATAAGTGTAAAATTTAGACTTTTTTACCATTAATCGTTACGGGCATGGTCAAAGTTCGCAGCCCGGAGGCGTTCACGGCTCTTTACTTACTTCGTCAGACGGCGAGCTCTAAACCAAAGATCTATGGCGCGGTTAGTTAAGTCATACGATATACTCACTTCACCTATACGGCACTAGTGGATGTCGTCTGGTTCCCTAAAGACGACTGGTCGCGTTTGGGTGTCACTAGGTGCCTGTCGTTACTTTAATACCGCAATATATTATTAACCACGTCGATTGAACGTAAGACCTCAGTGATAAAATACAGTTTTATGGTTTCTTGAACTATAGCCCTCTGACCGTCACGCTAATCGATCGAACCCTGCCCCCCACCGCAGGGGGGTAGGAGGGACTACGCAACCTTCGACGAGTACAATGAACCGCAAATCACGTAAAACCGCCACTCGCTACAGCTTTATCCGTAGGTCTCGAGAGATATCCGTGGGAGCCGCTTTAGGGGTCGTAAGACGACAAAACCATTCCCCAACCCTCAGGAGACAGAAAGCTCTAATTATTGGAAAGGTTCATAGGGCTTCAGCAGCCTTCAATTGTCGCCTAGGCTAATGTTGACCTCTACCGTGTCTTATTGGAGCAATCAACCGAGAGATATCTCGTATCTTAAGGGCGTGAGGGCTCGCTGGCGATGCTGGAATGAGTGCTCGAGTAGATCGCCGATTTCCCGACAATCTTAGCGACGCACACCAGATTCCCCTCTGCTACAACTGCCCTGGTGGATCAAGTCCGGTGGTTTGCACGTATGTATCGTCGGTACGTGTCTACTCGAACAGTGTGCCTGAAACGCCCCCCCAAATATGAAAGTCTTTCTAGGTTCCAAAGTTAATATGTTATGAAATCCCCGTATCCTGGTGAAACCGGTTGCGTTAGTCAGCACAACCAATGATGGTCATATACCGTGGACGGGTCTATGGCCATAGTCATGGTTGCGAAGGCGAGATACATCCAATGCACCAAATGCGGCCCCCGAACTCCTACGTCCACGCTATAGATTATGTGG,1275,49.65,Escherichia coli
SEQ_584737,GGAGTTTCCTTGTACCAACCTTACTTCTTTTAAATACTCAAACCCCCCCCGAAGCTTACCTACCGGCGGCCCATCCCGTCGCAGCCGCTCTCTAGTGGGGACTGCGGTGATGCGCCTGATGTGGGCCGAAACTTGTGTGGCCTGCGACTTTCTAAGGTATCGCAGAGATATACGATTGAACACGATTCACTGACATATGGGCTTTCCCATGTAGCGGCCCTCATGACGCTCACTCCGGGCGACATAGTGTGCCACATATATGGCTTCTTTACCTACTCTTTATCAGGAAGGCACGTGACAGCCGCCGTCCCAGCTGTACCACACTATAAGCGATAAAAGTGCTAGTTTATCAGATGTATTTAGTGCGTGTACTGTGGAGATTAGCCCGAGCTCCGTAGCGGGACAGGTCTGTTACACAACATTGACTCTGTACCTGCATCCCAGTATCGTGGGACCCTCAGAGCCCTCTGAAGCTTGGCCATGACTAATAACTGGGTTGCGGTAAATGATAGGCCGAGTGATATATGCCTGGAATCAACTTGTTTTGAGGAATTACGTGATCTGGTATGGGCGACCCTGAAACCCCTCCTGCTTCTGACGCAGGGTTCGGTCTGCGCGCTGACCTCGGGCGCTGTTCCGGCTTTGTAGGTACTTATGCCCCCCGCTGTTGTCGTATCGCCTATTGGCAAATGTCATCGGGTCCGTAAGTCCATACCTCCCCTGTTCTGCTTACACCCGGGCAGCGCCGGAATCGCGCCCCAAACATGTGTAAAGTGCACCATCTTGCTACCCTGAGCGGATCGTCGCGAATGCGTGCGTGTATATTTTTATAAGTGATCCCCCATGTTGTCAATGCGAAGATTGAGCTTCGATTAGAGTCTTGGGGTTAGAAGTGCCGGTGTTGTCTGGATGGAGCGCCTGTATGATCGCCGGTCATATGAGGTGTCTGATCGGCGAAAGAGAATTCAGTTCTGCTATCAAGGCCTACTTGGTGGAACGTCCGTACTATCGTTCTCGTACCGCGAAATTATCCCAAGTTTCGTTAGAGCCCGTACGGGAAGACTGAAGTCGTTACATGAGTACTATAGTTAAAAAGCGTCGCAATTCTCTGGCACGTCAATTTGGACGGGGTGCTACGGAGCAACAGAGCGGACCCCCCACCACCACCAAAAGATTCTAACTTATATGGTATTATAACGGTGCTCTCAACCGTCTGCAGATACGTCTGCACATCGATCATTGCAGGACCAGCCCTAGGCTTGCCTATCTGACTAGCCAATCGGATCTAACGAGGTCTGGGTCTCCGTTCACTTCACCTCTCTATGGTAAAAGGACGCATGTGCTTAGATAGATCTAGGAAACGACAGATACGACCGGCAAATGTGCTACCAAAGCAGAGGCCAGGATTTTCTAGCGACCAAAGCGGCGATCGAGATTATATCAACCCTGCCCACCTAGTTACAACTCCCTAAACTTTGCACTGAGGCCTGAAAGTTTCGCTCATAACACACGTGCATATAGACGTGGCCTGTTTTCGCGGTTGGGAGATGAAGAGGGTCAAATTTGGGCTTAGATTCTTCGGGAACGTAACAGAGATCCTAGGTTTAG,1608,50.87,Arabidopsis thaliana
SEQ_419551,CTACGGCAGACTCCACTTCTTGGAAGGGGGAGTTAGAACGAATCAAGGCTCATTATATGGATATGAATACACGCCATCAAAGAAAGTCGACGCTTACGTGGTGCACTACACCCAAAACAATGTAAAGCATCTCAGATACGTGTTGAGAGGCTGATACACCTACACTAAGCGCTTGTCCCATAAAATTGTTCGGCCCGGTATTTTTAGTTGGACCACATTGACTGTTAATCGCTCTGACACCCGATCGTGCCCGTCAACTGCTCTGATTGCCAAGAATAATTGCACACCGGTGGAATATGCGCAGATATACTACAACATTGTGCCTCTCGGCCGTTCTTGGTCTGTCAGATACGTAGATTGACGCTTGAAAATCGTCCACCTACAGGTACTCTTACTAGAGACTTACCACCCTCGGTATTTAGGCACATGACGGTATATGACCCCGCATCTAAGGCAATACAATATGACTCAAATGTGCAAGGCGTGCGGGCTATGCTTGGACATTTGATTTGTGGCGCGGGGCAGCGGAATGCAGTTGGGTGCACTCGGGTTGTACCGCTGGCATCAGCGTTCGAACTTCGCAACCTTGCCCCGCTATCAGGTGCTTCTCGCTGTTGCTTGCAGGGGGGCGACCACAGTGTTATGCCCTTCAGACGGGGACTTAACGGAAGGGGCGCCCGTTCGATATGAAACCGGGATACGTTGATAAGAAACATAAGCCGTGGGAGCAGAGGAGGTGGCTCGAGGGCTCTCTGTCTGATCCAACCCCCGCTCGTTTAAACAATTATTCACAATAGCGTTATGATCTTACAAGCTTGATGAACCCGTCTGAAAACTTTCTGTAGACTAACTTACCCCTAAGCACACTTCATATAGTCGACTCAACTTCCTGTTGCGCTATACTGATATTTTTGGGACCCGAGGGAGTAGCGCGAGAACGAGAAAAGGTTCTCTCCGCTGGATCGAGCAGACTGGCAACGGAAACCTCACACAATATGAAGTGCGCAGCGTGTAATGCTTCCTAGCGCTATCGTCAGCG,1039,49.57,Drosophila melanogaster
SEQ_657515,TAAAAACCTGAACAAGTACCTTGCTAACGCCCGCCTGATGGGGATAACCAGGCAAGATCGCCACGGCATACAACCAGTATTGGTCTGGCACCCTGGGTTTAGGTCGCGGAGACGTAATAGTACGCGAGTAGCTCGTCACATGTACTTTTCATGATCGGCCGACGCTGCGCGTTGCCACACTTCGTCCTTGTGCATATACGGGGAGAGTGTCGAGAACATTATTCTCATGCACGTAACAGCATATCTATGGGTATAATCGGGAGCGCGATCGTGATGCCGAAAGCTCGCTAACCGATGGTCGTGGCTGGAAGGCTCTTGTGGGAGATCAGATCACTATCTCAACGGATTGTAAAAATTGTGGAGGAAGCATCTCAACCGGGGGCAGTCCGCTAAGTGAGGACAATGTCAGAGTCGAAATGTGTACTTATAACGATTTCGTACCGTTCTTACAATGGCTACAGCCCAAACACACGTAGCAATCCGCTCGTCTCAGTCCCGGGTTCCGTTCGCTTAATTCGCAAGACCATGCTAAGGGAGTTGCTGCGCTTCTATCAGTAAGTGGGCCATCTCCGTTATGCTTTGCCCGACGTCGCGTCGCATTTACTCATGGAGGACTGCACGGGTAAAGATCCCCGGCTACCCAGTTTCAGTAGAGTTAGTGGCGTTCGGCTCGAAACACGTGACGGCAGATGACGATCGATGGGAGCTTCGACACAAGGGAGGTGTTTTGACCCTTTATTAAGTCCATAGCCACACACACAGGCGTTAGTGAGGAGGAGAGCATTCCGAGAGTTTCTACTAGGAAGTCGATTTATACAATGACAGGGGCTGCTTTGACATCTGCAACTCGGTTTATGTCGAACCGAGAAAGCCGACAATAATCTTTAACGACAAGCGAGTCTCCACAGTGCCCCTTGAATCACGTTGTCACGTCCGGGCGTGCGCATAATCATTCCGCTGTGCTTGAAACGTCCCCCAGCATGTGGGGGATCTGAGGGTCAAGACGACGCTGGCATTGAAATGAGATTACGGAAGTCCCAATACGTCTCTTCCACTATTGCCTACACCCAGTGTCAATACCACAGGGAAATTGATGGAGTTGGTTAAAATTTCGGTGAATTTCAGATCGTGTCGGAGTATTCAAGATCCGAACGTGATGATGTATCAAAGGCTGCGCGGCTGCTACATAATGTCATTAGGAGTAGTCTTCTTCGGCGAGACGGCAAGGCGATTCATGGGGAGTTGACGGCTCAAGTCGAGAGATTATTCGGCGCTCTCAGTGGGTAATACATGTGGATCGAGTCTTCGATATTCTTATGGATCAGGTCTTCCGGCTACAGTAATGACACCAATAAGAAATGGCGACCGCGTGGAAAGAGTCTGTGCG,1387,50.25,Mus musculus
SEQ_486588,TTTTTAATCTAGGGCCTCTGGCTGGTACGCGCGTAGTGGTCAGATATTCGGTAAGCCTGGCCTATAGAAAGGCCGAAGGGGAGGTCGCTCCCGTTCGACACATGCAAACAT,111,53.15,Saccharomyces cerevisiae
SEQ_663947,GCGGAGATCCTTAACAGGAACACCCGATATTTGATGGGCGGTTGCTTACGAGTACGACACTCGAGACTTTCAGATGGGCAGTGACTCAGGCCACCGCGGCTTGTTTTTGGGTCAGGGGTCTGCGGCGCAGCCTTGATTGGCATATGATGCTACGCCCCCCGAGCGGCACAGGTATTGGAACCGAGTTCTATTCCTCCGCTTATATCCTCTCGCGAGAGTGTGTTACAGGCCTTCAGTCAACATCACGAAATAAATGAGGTAGTATTAGAGAGCCTACACGAAAAAAAATTAAGTTGGTTATGAGGCTCTTAGGGTCGTCGGAGCCCGCTTGTTGACTCTGGCGCTGGGACCTACACCAACTATGATATTGATTAAACAGATGGTAGCTGATTGGTGTAATTTCAGTCTGGTCACACGCGGGACACATCGTTAGTCTATCGAGCAGTAATGCTATGCTTGGAATATAGCGTACCTTCACACAAACCCACTTTTCGACTCCCAAAGGGCACTAGCTACGGTAGCGAGCATTTCGAGGATTTCGTTTAATTGCCAGCAGGTAAAAACCCTTTTCACACAATTGAAGCACTTGAAGCTCATTAGCCCGTGACGAGCAAATGTTAAGGAACTGTGGGTAGGCCCTCAGTAGGTAGTAGAATGGCCGCCGGTGTTGATCGAGATCTTACTCCAATGTCTGTCCAGCGTAATATGGCCGCCAAGTTTATCGAAACGTCCTAAGGACGATCGCGGTTGGGCTGCCACGTGTGTCGTGGCGTCTGCATTGGATTAGCTAAGCTTGTCCTCATGCGCATACTAATATTTGTCTCCACACCAACGTCGTCACGTCGTTCGAATTACTTATGCAAACAATCTTGACTAGGAACAGATGAGGGACCACTGACAACCAAGTGCATATTGTCCGTTGACAGGTCCATGCATAATGGTCCTCCTGAGACGGGGCTCACACCATAGGTTGCGAACCTTAATAACTGGCAGAGGTGAAAGGCGGCTAGCTAGGCAGAAAAACGAGTTGTGCCGGACGCACTTAGGTGGCCTGCACAAGCGTCCATTCCGGCTACCAAAGCCCCCCCGCACAGAAATAGCATGACTTCACCGTCATCAACCCGTCGGCTAACCCGGGAAACGTTCGTGACGGACAAATTCGGCTGGGCCATTGACCTCTGATTGGACTTTTTAGATGATGCCCCTAAAGACCAAACGACCCGCTTGTCATAACGCTGATTATGTCCGACTATACGGATCGAATGGTCCTGTTGCGGTGATCCCTTAACCTGCCGTTAGCCGCTGCTGATACTATATCAGTCCGATACGACTATCCAACGCTCGTATTCTTGCCTCGGAACCTACCCGACTACATCGCGATGCGCGCACAGCAGCCCAGTTCTAACCCTCTGCGCCGTAGATAGAGATTGTGGTTTCCAGAAATGCTTAAGTAACAAGCTCACCATGCTCGCGACCTAACTCCGACTGGCGCAGGGGCTTCCCACGCTTAGGAAGTACGGGCAGGCAAAATCCTTTATCATCTCTTTCCCTGTAGGATAGACGTACTCCAATCACCGCAGCCCTGGGGGTGGGGATTGCCGTCTGATCGGGCTTACCTCCCCATCTTCCGAAAGACCGATGTAAAGGATGAGATGAAGGTGAATCGACCGACTAGTTGAAGTAGCCATATGAGGACGTCGCCTGAGCGATCCTGCGCGATGCTACCATGCTATAATGTCGTAAAATGCGTCTAGCACTAGATTCCCTTCTTAGCCCGGAGGCTCGTTCGCTGAAGGGATATTTAGTTCCTATGGTTGTCGAGTCCGCCCGTATGGGGCAGGTGAATGCGTAGGGTCTCGGTTTAGCGTCCTTGTAAAGACTCCGACGAAAATTTGTCATGGTTGCCCGATCGTATCGGGCTAGCTCTTCGACAATGAGCTTATTTCTGCGACAATCGGA,1959,50.89,Arabidopsis thaliana
SEQ_833433,TGTTACGAGCGTTTATGGTCAAAATTGACTTCGGGGCGTTGAGTCGGAATTGCGGGGAAAGAGGATAAATCCGATGTGGTGACTCTTGTAGCAGGCTTAGTCCTGAAGGTATTTCTAGCGATTGTAGTGACATGTCCGATGTCGTCGGTTTCGCGTGTACGTAACGCCCATGAACTACATCATTTTTACCCCGCTCCTTGTCATCCTAGATCCCCGCTCTTCAAAAGTGACATCGCCCAGTGCGTCGCTCTGAGGCGAGATAGGAAGTCAAGATTATTTTATGCAGAAGATTCTCACTACGAATCTAGCACGGTGCACAAATAGGAGGTGGCGGTCAAATATGAGCTGGATGACCACTAGTAATTCAGGTGAACAGGTCCTTATGGATCCCAAAAAGTTTCGTACAAAAACTGGATCAAGGTTGAATCCCGTATTGTGGGACGTCAGCCTTGCGCAGATACTGTATGTTATTGCTCACTCACTACGAACTTCCATAAATGTATACTATTATACGATGTGCCGAGAGCCTAGGACGTACCTGGTCGTATTGCTTGGTGTATATGAACTCACGCCGGGCGCAACATTGGAGGAGAACATCACGTACCACTGTGGCCGGACCCTAATTCACCCCCCCACCGCTAGCCTCCGCGGAGTTCGTAAGAGTGTCAAGTCAGCCGAAGTAGCGTTACTTTGATGGCAACTAACACTTCCTCAACCACCAACCACATGTGGGGTAAGCAGCACAGCAACCATACTGTAATGGAGGTCGCATACCGTTTCGGCCTCTGGAAGCAAAGCAATTACTCCGGAACAGCACTAGTTTAGTTTCTATAGCTCCCCCCCACGGCTTTGCAGGACGACCGTCCACGATCTGAGTAATCCCATCCGCTGCAAGTGTTGTGCGGTCAGATTTACAAGCCCCATCTTCGCCTAATACACAAGGACTTGTCCAGGATGATCCGGTATAGCACGGGGCCCGCTTTTCGCGCAATCGATCCCCACTGACCGTTTATCGTCGGTCGTGGTTGATGCGTTCGTTTGGGCACGGTCTAGCAGACAAATCGCTAGAACTAGGGAACTACCGGAACGTCTACAGTGCATCTTCAAAGAGCACAGCCCCTGAGTGTCATGGGCGACATGCTCGAGCTAGTGGTAACTAGGACAGAATAATTGGTCAGCAGCTTGCTCAACGAGAAACAGGACCTTAGCAAGCTTAACCTAACTCGCATATAATGGATAGGAGGTGCGGCCCACTTTAAATAACATGACAGAGACGGAAATAGTTCCCCCTTCCATGGTCAACTTAGACCTCACTTCAGACCATGCTGGCGCTCCAACGAGCACACGGACTAAGGGTGAGTCCATGACGAGCGTAAGGACAAGCCTCATCTGACCAAGCTGACGGTTCCCTTAGGCGTGCATCAAAGTCACCACAGAAGAGTGCCGAGGGAGCCTTCATTTTGCTCTAATGCTTGCATTATTACCCTAATAGACTATACGTTGGGGTCGGCGTGAAGATTGTAGAATTAGCTTTCGATTCAAATCCGGGAATCATTTAGCTGAGAGAAGCATCACTTTATCGTCCTAAGGCATGAAGATTGTATTGCAACGGGGTTCTTCTACGTACGACCTCTCGTAGCCAGAATGGACCCAGCAGTCTCCTTTTGTGTATTGCAACGCAACTTTTCGGTTGCAATAGAGACCGTTCCTGGGGTAGGCGCCGTTACCTAGGTCCTAATGAATCTGCAGGTCACTAGCCCCTACACCGAGCCCTTTCCAGGGCGGATGTTGAAATGCACCAGACATTCTTGAACACGCATTCCTCGAACTTAGGTTCTGGACAGTTTCGTTGGTATATAAGTTGAAACGGGATAGTGTGGAGTCATGATCCAGGGTTTCAGGTACATCCGGTTTCATAATAGACTGATCTAGCCACGTTAACCTACATCTT,1951,49.1,Homo sapiens
SEQ_821235,GCAATTCTGATAGCGATGGCGGGTCACATCATCTAAGACGCGGTCTCCGGGAGAATGACTAGGTAGGTAGTTGTCCTGTTTTAGCAAATCGTATCGCTCTCGAGCGCTTAGGTTGGACCTACGTCTATTTTTGACTCGCACTCAACCATCCATTGGAGTGCCTTGATGCGGTCGCGAGGGATCTGGCTGTCCTTCGCAGCGGGTAACGTAGTTCCATGGCGCATACAACCTATTCATCGGTTGGAGTAAAGTCGTTTGCCACGAACCTCGGAGCCCAGCCGATTTGGTCATATATTCTAACCGAGACAAAAATTCAGGTGCTCTTTCGTGTGATTAATAACTCCCGCGACCACGAGACGCTATTAACTGGCCGACACTTGTTACCACTCAACTGTGTTGAAGAAAACCAGTCGTTCTTCTGATGGACCTTCCACACCCGATTTGCATCGCGTTGCCGTGTCTAATAACTGCATTTAGAACTGGGTATCGCAGCTTAAGATAATTTCGGTAGGGGCCCAGCCACAACGTTCGTTAGTAGCACGTGCGTAAATGGCAAATTTCTTCTTCATCAGGCTGACCGAAATCCACCCACCTCCCCCCAGTCTGGCTATAAGCTGTTGACATAGTGGCATTCCGGCTCTAGCCAGGGTCAGCAGTCCCGAGCCGATATTAGAAAGGGCTGCGCCTTGACTGCCTAGAGGACGACAGGAGTTTCGCGGTGTGGACTACGCATCTATATGGAACCCGGAAACCAGCGCAGTATCTTTCATGTTATTGGACGCGTATAAACGGTAAGAAGGTCGTACAGTGGCTTTTGCAGCTGATATTTTTTGCTTAATACAGTTCGAAATAAGTAGTTTGATCGCATCGCGTAGTCGACCCCGCATGGGAACAGGAAGCTTTGATCTAGATAGGGGCCTGACTCCTTCTGTAATCCACTACAGTAGGGCTCAACAACTCGCATTCAAGGTGCACCAGTCCCCATTGGGGCGTGCAACAAACCAATGTTACGTAGGAACTATGTGCTAGTGGGATTTGTGACGTATTATCACACGCAGCTTAGCGGCGTAGGCTCCCGTTGGGGGGGATAGAACCTTGGGGAGGAGCTCCTGCGTACACCTATTCTTGAGCTACACATACATACTAGATCGGCTCTCGATGCCAAACAGGTAGCGGGCGATGGCCGTGCGCAGACACACATACGCACCTCTGAAGCAGCCATTGCAACACTTCTGAGCACTGATGATTGCTACCACATAACACTGGCACCAAATCCCTCACAGTGGGCGGTGCGCGCCTCATGACAACTACAGCTCCAATCTCGGTACGGGCGCTCGAACGTCTCTTCGTTACCTTAAGCTGCCAGGCTCTTGCCGGAGCGTTGGATCCATTTGACATTATTGGACTGCGCA,1412,50.99,Arabidopsis thaliana
SEQ_933458,ACTGACCGGGCAGGTCCACTTATGAAAGCCGCAGCTAGTCCGGCCCGAACGGACGGCTGGTTGATAGGCGCTGCAAAGATAAGAAGGCGTTCCCGTCTGGTTACCTAATTGATTAAAGGTTGACTGTTTCCGAATCGACTATGCAATAAACGACAATTAGAGCATCGTTTTCTCCCCAGCGCTTCTCTGAGATCCCTATATCACTTATCTTCGCGCCTGCAGCGTGGCTTCTCGACGCGAGTAAGAGGCTCGAGGCACGACCACCCCCCCCAACTGCGTCCGGACCTGGACGAAGTGACACCGGTCACAGCGATTAATTCCCAGTAGTCTATCGTTACCTACGACCACCAGTCTGATGGCT,361,53.74,Drosophila melanogaster
SEQ_424678,TCTCTGCGAGTTATACGGTATCATCTGTTGGGTATCTCGGTGGGTGATCGATTGTCTGTGTATACAGCGTAGGCGTTTCGATTGAAGCCGGAAAAAGAAAACCAGGTAATACCAAGCTGCCGCACGGCAATATGGGCCCGGGGCCTATCGCCGAGAGCCTATCCTCCTACCTTCTAGATTGCTGTTCACTGGCATTGATGGTGCATGATGCTATGGCGTCGGTTTAAGGTCTCTTTCGGGCGTGCACGCTGCTGAGGTTGATCATCAGAATCCTCGAATTCGCACGCTGCAGTGATCGCGTGACCTTTGCGGTTACGGGCACCCACGGATGGTGAGCGGAATCCCACATCATAGCTTAGGCGCTGTACCGGGCTACTCTTTACTATCTGCGGCTCGCGTGCCTGTCTCACACATTTGGCCTCATGTTTGACAATGCATGGTCGCAGTGATTCCATTGAGGCATCCCCGTTGAGCAGCGAGTGGATAACCGTCGAGCCTATTGAGGTATGAAGTACCATCTTGGATTGAACGGAGACGCCAGCGGAGAACGAAAGTAGCTCAAACACTAACGGCGCCGTTCTGCTGGATGACGACATACTGAGTAATACCCTGTTACGGAATCGATATCCCCTGCCGATGGGTCAGCTCCAGTTAACGGCCCATTAGATAGATGCGGACTGCGCACTGGTTTGCAAAACTAAAAGAAATGACGATCACAAACACCAGTATTGGGCCGTGTGTTACGCCAGGTATGGTTCACACCTCGCTGTGGAACATAGTACTCGAAATTTATGAAGGAATCAGCGTCGAGCAGGCGATACTACCAGCTCTAACTGGAAAGTTAGTTCCCCACATGCACGCGCTAGATACATGTCCACACCCCTCATGTCCACGAGCGTTCGTTGCCTCACCGCAAGGCATGTGAATGAGGCTAAAAGAAATAGAAGAATTCGATTAACGTTGGAGGTCCGTATTGTAGGGGGCTCGCGGGCATGAAACCATTTTAGAAGGTTCTTCTACAGACACTATACCAGGTTGCACTCTTCCTGGGACCGATCGCCTCGCGCGAGAAAACGCGGTGTTAAGACTGGCCGGCTTTTCGCATCTATAAGTAGCATCGACAGAGAATGATGAATACTAGTTCCTTGGGCTTTATAGGTTGGCAAGCGTTATATGAGACCCCAACCTAAAGCCTTGATCGAGGTTTCCCACCTCTTCCGCGCTGGACAGTATTTGTATCACCTGCTCTGGCGTCACACGGAACTTTCATCTTTGTTGTGTTCCGGGGCGGTAGCCAAACTGCACAGCTCGTTCGTATACGGGCTATTAAGCCTTCGAATATGGGATATCCAGTTACTGCAGTACTAGGAATGCTCTGGAACAAGCTTTAATATCTATTACTGTATAATCATAGAATACAGGAGTATGCCTCAGAAAGCACGCCCTGCGAATATATGATTAGCAGGACGTGCACACGTACCGGAAGATACAAGAGGAGTTACAACAGCCATACGAGTTTCAAATCTGTGTAGATTTCACACACAATCGGCGTTTTGATAGAATCTTAGCTACAAGCCGTGTTTGCCCAATGTCAGAATGCCTGGGCAGAGCCCCTAGGTTGCCGCAGTAAAGATAAACTATGGGTACGCAAGTTTACTCAAGCTATGCCTAACGACTCGATCGGCTTACCTGCCGGCCAGGCTTTGTTTCCATACAACTGAGGCTCTTCCTTACCATCGGGCAGCATAGTCGCTACAATGTGATGCAACTCGGTCCATTACTCCGTGCTATGTAACTCGCGCCCAATGTTAGTCCTACAAAGACTTGACGAGGTGCCCTGACGTTTATTCAGGAAGGCGCACGAAGTGTGACCATCTACCGTAACAG,1887,49.76,Drosophila melanogaster
SEQ_885318,GTGCGCTCGTACCGGACGTTAAAAGTTCTCTCTACGAGTGTGCCCATTATGAGTCGACCACTTAATGATCGCTATGAGCCTATGAATTAAGTGACAATAGCTTATATGGATTTTCTAGATATTCACGCGGGGCCCGACGGCGCAATTGCGGGGCCAGACAACGCCTGTGTATCTTTAACGTGGGGATGGTAGTCGTCCTAGTGTAATTGGCCAATCAGAGATATCCGTATGAAAAGCTATGGTAAGCTGGGGGTCGCCGCCGTAAGCGCGATAATCTCATGACGTTTTCTCGGCTTATCAGGTTCGTGGCTGCTCGCCGACCTACTCGCCAAAGGTAGTCAGACTAAAGGCAGCCAGGAATATCGACACTCTGTAGGCGCTGCCCCAAGCCTTGACGCAAGTAAACTCGCTTGGAACTGCCTTAACGTTGAGCCTTGTATCTAATGCAAAATTATCTATTGAGTAATTTTTAACCTACCTTGTGCACGTCAAACTAACGGTGACCACCAGCGATTCCATCTCGGCGGGACGGAGGCGTGAATGGGTTGACCATAATTGCTCTGAGATAGAGGTATTATATAGACCCTAAAGACGTAGGAATGCATCACTCTCTACCTCAACAGTAGTTGGTACCCAAACCTCGGTGCAGGCATTTTCATCAGTTACTCATACCTAGAAACGAATCTTGCTCAATTGCCGTTCAAGCAATTCTCGCCTACTCCGGGCAATAAGTGAACTTAACGAAGAGCCTAATAACGGTCTTATCGATTCATGCTGTGGGTACGAATTTGACAAAGCATTTCTTTACAGATACTTACAAGAAGCACTATCGCCATATGGGACGCATGGCGTTTTTAGTGCAACAAAGCTACTATGCGCAGTAATAACCCAGTCGCTCGGTACACTATGCTTGGAAGAGTAATCTGGCCGTTCACTCGACTCCGTTCGCAGTTTACTGAAGGGGGAGC,968,47.42,Caenorhabditis elegans
SEQ_717560,ATTAACTGAGACGAAAGGGGATATAAATGATGGGTCCCTCGGAACATTTTGAATACATTTGCATCTGAAAAACACCGAGCCTTTTCGAGACGTACCTTTAGAGGCTGTTAAATTGGAAAGGAGAGAATTCATCCGATGCCAGTACAGTAAGGAGTATTCATCTATTATGGGATTCAACTCTGCACATCGAGTACGAGGATGGCGACTTGGGTAGCTCTGGAGTCACCAATCCTATGTGACCGTTCCCCTCAAACGTTTGAAGTTTTAACGGATCGATTACAAGGTCGATAACCGTTGGCATCACGGAACCATCGGCGTGCTCAGCAGTCACCGCGACGCCAGGCAAGCCCGCTTAG,356,47.19,Homo sapiens
SEQ_184374,GATCCCGCGTGGTGAGTTTCGATGCTTCTATCGCAGCTGGGTACACCCTCCTTTGATCTCTTTACTCTAAATGGCGAGGCGCGCGTTTGTAAATCACAATCGCGCTGTGGCTCCACAGGAGCGGTTCGAATGTAATGGTATTTCTCTTC,149,51.01,Arabidopsis thaliana
SEQ_122219,ACAATTCGCTGACCCAACAATAAAGAATTAAAAGTTGAGTGTCATGGCAGGATTCTAGTCTGCACAGGCCTCCACCGTCTCGGTTACACCGTCTTTACTGCTGATGTGGTGTCTCTTTGTCCGGTAAAACTTGCTTCTTAATGCCCACGACCCAGTAGTGCTGCAGAGTATCCCTCTGCAAGCGAATTACTCTCCCCCATCATCTGCGGTATTTATCAGTATTATTTTCATTCCAGTGCTTACACTCCAACAAGCCCGGCGAAGACCTGATAGTCCATCACATGTGTCCGCAAAAGTAAACTCGCCAAC,309,46.93,Drosophila melanogaster
SEQ_619096,GCGGCTTAGTGACGACCGGGGTGATAACCTCAAGATGGGTGCCCGTAACTAAGATGGGCAGCACCAATTTTGAATGCGCCATTAGGGGTAGATAACACCTATTCTGGATATTGGTGCTGATAAGCAA,127,48.82,Homo sapiens
SEQ_366921,ATCCCTTGGCAAATTGCGGGCCGACCTGTAGAGACGCAGCAACGATCTACAGATACCAAAACGGCCATATCCCGGCTCTGACGTGTAAAAGTTTGTGAAACACCGGCTGCGAGACTTTGGCTAGTCTAGCCCTAATACTGCGCGAAGCTTTTATGAGCTCCGCTTACTACACGGTACTCTCAGTTGAGGGGACCCGGGTAAGTTGCGAAATACCGAATGAGCATGCCGGTGACAAGCGACCCCGATTAGGTCCGGAGCTCACGGATCACGCTTAGCTCCGCCAGTGTATGGTGTTCTACCAAGGCATCCCGCATAGCTAGGTGTTTGCTTGTAACGTGACTTTGTAATAATGCTACCAGGACAGTTCCTATACGAAGACCGGAGACTGCCGCGTCTGAATCCGATGCCCGTGCGCTCGGGGTTAAATGTCCTTAACCCGATGAACGCCTTCGGTATCTCGATGATGCACTCAATAGCTACTCGATGTAAACTAAAGAGCGTTTCGCTGTTTCCCCTGACCGAGAGTTCCGTCCCTATGCATGTTATGGGGAAGCCTGTTTAAAACACGAAAACCGAAAGTTGGTATAAAAACCCTGATTAGAGGCCTTCGGTTTAGAGGCACTACGGGAAGAACGTCCTCGACCGCGTTTTACACCAGATTTCGACCTGATGGTTGCACCTGAGAGCCTGGAACATTCGGTCCGCAACTTTCGTGTCACCGAAAATAACGAGCCCTCACATCGACTGATTATAACGGTCGCCCGGTCTATGTTGATGGACTTGTCGCGATCGAACCCCACCGGGAGGTCACCCCAATGGTGAACCATTGTGTGCTCTGCACCCAACACTTTCCACTACCGCGGTGGCTCAGCTGCACATAGGGTCTAGAAGGTCGTAAAAGCCCAAGAACGGCTTGACCTTAGAGCTGCGGCAGCAGAAGCACTGGGGTGGTCCTCGAGCGGCTGTTAGCGGAGCGAAGACAGTCATGTAGTTGGTCTCAAGCAGACGCTTTGTATCAAGACTCCGCGCATGCTGTATTTGCCCGCCCTACTAGCGAACTCCATAATGATATATTAGTTGCCCCTGGTCGACCGCAGTTAGCACGAGGTCCGACCAGCATGGTAACTATTATACATTTTCTGGTAAAGTATGGCCCAACTTACATGGCCGTTACTCCACAATGCGTCAGTGACCAACGAACGCGTATGGCCGGGTTAGCGTGCAAACACGGTCGCACTCTAAAGAGATCGTTGAGCGAGGGATAGGCACCGAGCCAGTTATAACCCAACCTGAAATTTAGAACTTTCCTATTTCTGCGGAAGTGAGCTTCGTAGCCGGTAAATCTTAGCGGACACGACTGTTTCAGTTACAACTGTGGCTGAGAGTATTATAACCATGCACCGTTCGCCCAGGGAAATAGGGAGAGCAGTGGAGGCCCATGACGGGCACGCACGTGCAGTAATACTGTGTTGTTCAGGTCTTTCGAAGCCAGTAGACGGGTACTCCAAAGTATGGTCCGTCACAAATTTACCCCCCGGTGAATGTAATATCCACACTAACCAAAGAGAGGTGCGATGAGATCTACAGGATAGCGTTTAGTGGAG,1604,51.37,Saccharomyces cerevisiae
SEQ_799806,AAACGTTTGATCTGCCGGACCATCTGGAATCATTTCCCGCTTCGCCCCGAGTCACCAGTCAACACACTGTGCGTTAAAACCGGTACGCTTTAAATTCGGATAAAGCTGTTATCCCCAATAATGTCATAAGTTAATTTTTCATGTGTGTTCCCCGGACGTAACTGATTATTTTGTCTGCGCGGATTCCGGCTCTGAGCAACCTCGCTTTACCTCTGTGTCCATGAATCTTTGTTGGGGGTACCTGGATATGGAAATTGTTCATAACCCGCCTAGGGGGAACATTATCGTCATGGAAGTTTATCTACGCAGCCCCTGAGGACATCCGGGGTAAAGTACATCAGTGGTTAGCTCACCGTCGATGTTTCAAAGGCTCCACCTTCGGAGAAAGTATGCAACGTTTTCAGTTCGTGTCTTACCCGTCGGAAAAACAAGTTGCCCCAGGTTAGAGCTCTGAGGACATAAGCTACTACTGCTGGGTTACCAACTCACCAGACATGTTCCCTACATTTCGGCTCTGATTTGCCTAACTACGAAACCATGAAAACATGATGTAATCTTTTTACACGGAAGCATGGGTCGTGCGCTTTTGATTTCCCGAAAAAAAACGGGGCCCTCTCCTTTGAACTCGACCCACAGTTGTTGTGAAGATGAGAGAACCCAATGGCCGCAAGTGGCTGCCAATCTACGAACCGGGGCACTCTCCACAGTTTCCAGTCGTTACTTCAAGTTCAAGAGCGGCATTATCCCGCCTTACCATAACAAGCAGTATTTTTTGGCTAGCAGACCTTACTGTCTGGATTATTCCACGTCCATAAAAGATGTATTAGCGCCCTATTTATGATCGTCTACAGTAAGGAGTGGTGGCCCTGTGCTCGCTGTCATTAATTTAGAAGCGATAGTCCTTCCATCTCCTTAATGTAAGAGTAAGCGCAGAGCCCCTGCGAGTGACCGTGACTCAACGCAAGGCATATAGTCTTTGACATGTAAGTTTTATGCTTTTAGAGAAGTACCCCGGGGATGAAGGTCGTATTTATCTCTAGGATCAATCTGAGTGTACACAAGTGCAGTAATCAACGCCCACCCCAATTCCAGCGAGATCGCCAAGGCTTCCATTTTAAGGGTTTTGGAGTAACTCCGGTATTGACAGCCGTTTCGGACCTCTTGCTAATTTTCCACTCAGCGACCTCAAAAGCCCCACGATACGAGAAACGGAATCGATTGTACGTCGTTATAGTCC,1237,46.89,Drosophila melanogaster
SEQ_934497,TTTGTTAAAATAACGCGAACCCACTGTTACTCGTACGTCGTGGGCCATTGCCAAATTGTGTGCCTCCACCACGACTCTGTGAGCACGGTCCGGCACATTCTTAGATGCTGCCGCGTACTCCTTGGAAATAACGATGCGGACGGTCAGCAGAGGCCGGCCCGTACACGAATTCCGGGATATACCCTTACAATCCTTTAGGAGAAGAAAAAATAATAGATGACACGAAGCAAGTTGGTCGAAGCGTACTCCTCCCAAGCGACCAGTTCAGCGTTAAGTTCATTGTAGAGTTACTGGCTGAATTATTGACACCCGCGTACCAGTTTTTTCATACAGTATTATAGGGGCCCTATGTGTCGCTCCGTAAGACTTATCCCGTAGTACACTTATTGGCTATTCGGTGCAATCGTGCTGATCCCAATTTATATCTAATGAACACGTTCACTTACGCTGTGTAGAATAACTCGCCCGCGCGTACGTGGAGCATATTAATCAAAACTAATCGATCAAGACTTACTCTTCCGACGTTTTTTTAGATTGCTTCGTCTCTGTATTTATTCTAAACGCGTCCCGTTCGGTATTCATCGCACTATGTGCCGCACACACACGTGTGCGCAACCGTTACACTGAATCACGCCCCGCGAGGTACCAATCAGTACGTCTGTACTTGGCTCACGAACAATAACTTTTTCTAGGCAGCCTTCGTTGCCCATCTCCCTTTATCGCTATTGTTCTAGAGTTTGCAGGCTAGAAGGGAGTTTTCATGCCTGATCGCACCCGCAGACGAAAGACGGACGTGCACAACTTGTGTTTCATCAGACCCGTCTATATTGGGACGTCGAGCGCCCGCGATGTACGGGAATGCACCATTCGTTTAGCCGCTGGCAGACGAGAGGGCACCTACGTTCTGCTAAGCAGGACCGTCCCGCACGCAAGCTACTGACGCTCGACTCGAGTTACGGCCCGCTTAGATTTTTTGAAGTCGAGTTCAGCGTCGTTCGTTCTGACGTATTAACTCTCACCGACAGCGTGTAATCTACGAGCTCCAATCGACCTTTTGCTCTTGTCGTGCCCATACGGCTGGGGTGGAAAGACTCTGACCGCACGTGAGCATTATGCCGCGCATTTCTCCCGGCTATAATCGTACTCATCGGATCCTCGAATCGCTGATTTATTGCAGGGCTTATTGCTGCTTAGCCAATACCGTCCTGATTGAGGTCGAAACATTTCTGTTACTTTGCACAAGAGCTCTGTCTCCAGAGGGCGTCAATTATGATCCCTTTTCAAACAGGAGGTTAGGCCATCTCGCCTTGTGGAATTCTTCCACGCGGGGTTGCACTC,1338,49.48,Homo sapiens
SEQ_237474,GGCCGAATCAGGTGATGGCGCTGGAACACCATCGGACGAGACTGCCTGGTTTACGTTTCCCCCTCCTAGCTCTTCTGAAGAGCGGCCTTGCTCAGTACACGTCTGCACAAAAGGACAGCGGACCGGGGAATTCCTAGGGGGGAAAAACTACTTGGCGGCAAATAAAACGGATAATTATCCAGCGGCATCCAGCAAGTAGCTCGTGGCGCAAGACCCCCACTCCCGTCCTCACCGGGACTATGGAGCTCCAGTTGCGGAGGTCGAGCTTACGCGTACAAGGAGCTTTCCTAAATCAGTTTCATTTAGTATATCGTTCAGGTAAGGATGCTGATTTCTCTATCTAAGATGCCCTAAGACGGTACGCAACATGAAGCTTAACGACGTCTCGATCTTACCGCCCTACGAATAACAATGTCCTTGGTCCATGCTGAGACTGTTAATTACCGAATAATCTTGGAGGCAACAAGACCATAGGTATTACAGACTAGGTGCACTTGATACCCGAAGGTAAGACCTGACGTATCACGATCGGTCCCCATCGTCGGCGATCAACAGGACGTCCACGTCCTAGCTCAGAGTATAAGAACGTGTTGGTTACTACCATACTCTCAAATCACAGCCGTGAGATTATCTCTCCGAGAAGGTACACACGAAACACTCCTCAGGGTGTTAGCGCATGCACTAGGAGGCCTTTACCCTTGGTTTCCCTCACCTTATCCATAATGCTTCTGCTATAACGCGCGCCATTGGGGAGAATGTCGGCCAAGACAAAAGGTAATAGGCCCTGAACGGGACTGAGGTACAAAAGCAGCTGTGCGTGCGGACAAGATATACGCCCTCGAAGCTAGCAAATTCGTGTAGCTCCGCGCGAGCCGCTTTTGGGGCACAGGCGCGACCCGTATTAAGGATCTCCGACTGTAGGCATAACCATAAGCGAATTCCTTACTTCGATTTCCAGCCGATCAACACAAAATGGCGTATATAAAAGAGATAAGGAAAAGGTAAAGGATGCACATCTCAACTCCCGCAATCCTGCCTTGCGTTTCCGTTGTTCCCTGATCAGGTTTCCGTACTTGCATTTGGCGAAAGATCGCTTCCCCACCGCCAGAAATGCGCGCGATCCATCCCTTCAAGCCTCGGTGTTCAACTAGTCGGAGAGTCGCTTACGTTGAATCCTGGACAGAAGTATAGGTTATGCGCGGCGTGAGTGCATGTGTTCGTTAGAAGAACGCGCGCACTACATGACGTTGGCCGATGTCCGTTAGCGAATGCTGCATCAAGCTACGGCCACTAATGGGGGCGTCTCAACATATCCACAATTCCCAGTAAAGCTATCAGTCTAAGGCGCAGCTAACCCGTGTAATTACCGAGGTTCAGGCTATTTTACTCTACGGCGAATAGGCTACAAAACGAAACGATTTTTACAATTCGTCCTAGCGCCGCATTTCCGAATTGAATCGGTAGATTGGTCGCCGGTATCCTTAGATCCCCGTCTTCACCAGTGTTATAAGGAGGCTTCATACCCCGACGCTACTCGAGCACCCTACGATGGTGAATGGCAGTTGTTACCCGGAGGCATACAAGTCAGCAGCTGGACGCTAGCGTCATTGTTACATCGGTAGTCTCACTGCAGTGGTAGTGAGGCCAATACGTAAACCGTCTTCCACGGTAAATGGAGC,1679,50.63,Caenorhabditis elegans
SEQ_864961,CCCTACGGTGCGATGCCCGGCTCATGCACGCCAACAATAACCGCTCTGAATGTTTCGTAACCAAGATCGTTTAGTATAGTGCCTTCTGTATACCGTCTGCTAATGAATTCATCGATAGGAACTGGGGTTGCAAGACGAACGATTCAATAGTCGGTCGCCCTGGTAACACATTTTCCTAGTCACCGCGGCTCCATTCACTTCCCCTCGTGTCAACTGAATAGTTGGAAAGCCTGCCAGTTCGCCAGCTTTACACGTCACTCGCCACGGGGGCGCTGCCGTACTGTCCGTTCATATAGGGCTCGCCGAAAGTGTGAGCCTCATTGACCCGCCCCGCTACCTGCCCCCGTGTCTATAGTACCCGACACGGCTCCAAACCAAGTCGCCAGGGGCGCGCAGTTCTCGAACATGAGTCGACAATTAACCATCACATCTTGAGCAGTGCCGTTACGAGTGGACGCTCAAACAGGCCCCGCGATCATCCTTTTGGTGCTGCTCACACAAATTCTTAGTGCTGGCACGGACATGCTCATATCGAAAGGCCAGCCGCGGGGCCCCTCCCGATCAATTCGCGGCTATTCCCCAGTCCCGATGAGCCGAGAGTGATTCTTTCAGGAAGTGCTGACCTGCGGGGTTCTATAGCCGTAGCCATATGCCGCGGGCCTCTGCACGAAAAGATGGAAATTGCTATGGCAATCTCTGCGCCGGCCGCACGAACAGTAGTTGCTGTGTCGACCGATGCTATTTTTTTAGTCCCTGACACATTGGAAAATTATCGAATGATCGCCGGGATCGACAACGGGGCAATTTTTGTATATTCCGAACAGAGTAGTTAGCCCGAGTGTTTCGCCATTCCGAGTAAAAGGCCGGTTTAGTGGATCAACATCGTAATACACACGTGTCAAATTTGGGCACTCACTCTAACAGTTCCGCCACGCTTCCCGATAGGTCCTCAGTGGTACGGGTTGTGGTCACCTGGCTCCATCCTGGGTGGTTTAGGAATTACGACGGTCGTCCATCGCTCTCGGTCATCTAGGAGGTCTGGTTAAGTGGAGAGCCGGTGCCGCCCATGGGTGCCTGACGCACTACACTTAGGCGTCAACCACTAACTTAGCGGGGTCGTGGCAAACGGGCTCCCCACAACGTTTTACACTTGCTATTCGTAACTCAACCTCAGGTGACGACGGTCAAACCAGTGTGGTGTACTCTGCGAACCATCAAGTCTGTAGGGGCTCACACGAGGGGAGTGACTCACTCTCTCCGCGTAACGGGACGCGCATCCACCCCCAGTTGTCGACCAGGAAAGTAAGATATACTCAGTC,1319,53.98,Drosophila melanogaster
SEQ_682656,CGCCTCGAACGGCAACCCAAGCGGGTTCCTGTTATACCTGTAAAATGCGACTAGGGCAATTTTAACCGCCGGAAGGCAACGATTGCAGCCGGATAGAGTTATTATATCTTGCGTGTCAACTCTTGTAGGCGATCCAGAGACCTGTGCTGGGATAATTGGACCCCGATTCTCGTAACCGCCGCCATAAAAGATTGTTCTCTCTTAACTGTTGCTGTAAACCCATGTGACTGAAATCAGTTCGAAACCTGCAACAGGTGCTATCCAACCGGGAAGTTCTAGGTAAACGAAGTACCGACCTCCGGCCGTGGACTCTACAGAACGTCCATATTAGACTCTCACTTAGGACGGGCATATGCTATACGAGTCATAGCCCCTGGCGCGATCTTCTTGGGGCGCCTGTATTAAGGGTAGGTCGATCGAATCCTCTAGTTCACAACCTTTGGGTTTCTCCCCGGGCGTGTTCTGGCAAGAGGATATTAGCTGGTGTGCTTGGCACGAGGGTCTAACAGCCCGGAACTACGACGACGGGTGGGGGACCAGATTATCGAGGAATACACGAGCTTTTGATTGCTCGCCCTTGTCTATAAAAGACCACTAGCCGTCCAACCACATCGGTTGCTAAATTCGTCGTTGCTGTTTACCGTTTCCGGGTTTGTAGCTTGGTACACCTAAGCTTAAATATCGAAGGCCACAATTGCTGCAGCATAAGTCGATAGGTAGCTCACCACAAGCAATGCCGAGTGTAGTCGTAAGTCCTACGTGATGGCGCATGACACCAAGCTGGCGGCTTCACTCCATTCACGGCTCTACTTATCTCAAAGATTCCAGTCCAGTAACTAAGATGAGTTGGTACGTACACCCGGCTTTTGGCTAACTCGTGAGGTCCTAAAGTAATGTTACCGTCAAACATGGTACTGCGCCGATCTGATGGGGCCAGAAGCCAACACGGCTATTCATTCACTCGCGGGAAAGTTTACTGTACTCCGAGGTGTGCGCTAGCTCTCCTGGGTTCGCTATTGCGACTGGGCCTCACAGGTTGGAAACAGACGGCCGGGACCTAGGACAGATCAACAGACGTGAAATTTGTTCTCATGAGAATAGGGGCTGTTAAAGCTTACTAACCGGCAAATTCGACTACTTCGTGTTATAGTTGAGCTCATTGAATGCGTGGTACATAACGTGGGAGAGTTTGGTTTCAGGAACGTGTCAACATATTCATTGTCGTCATGTATGGAAAGAATTATATTTAAAAGTACATCATGCGCGAGTTACCCCTGCAGAGACCCCGCCGCGCCAAGTTCTATCATCGGGCACGGAACAGTCTCCGACTGGGTCCGTTAATTATGGGAACCTTCTACTTACGGGTGGGAAGGG,1374,49.78,Mus musculus
SEQ_466935,GGTCACACCAGAAGATTGTTAACACGGGATGGTACGGTTCGACTTCTAGGTGACTTCCCCGAATGCGAAGACATAGAGTGAAGATAACGATAGCTCAATACCCCAACGGCTGGTCGTCTACCGCACCAAGTTTCACATTGATACTTACGACACAACCGTGCCTCACATAAAATAGTAGA,179,46.93,Escherichia coli
SEQ_140045,AGTAACTGACTGTGCTCCTGCTTGTAAACAAGGGCCCAGATTATGCACCTCCGATCCTTTGCCCCCCGCTATATGTGTTCGGGCACTGTGTTTCTACACGCAGCACCTTGAAAACTGACGAAGATCGGAGTTCCGTCACTGCGTCCTAGCAGAGATTTTGG,161,51.55,Homo sapiens
SEQ_617833,GCTGTCTGATAACTCCAGCGGCTGCACTAAGCGCTAGGACTGCAGAGCTTTCGAGTTCTCCCATCGTTCTAGCACCCTCCATGGTGGCCATACGGGCAACGAACAAAACACAACGCTCTGAATACGTTTGATAATTGCAATGAGCCGAGACGAAGATTCCCCGAGGCATGTTGTCAGTGTGTGCGCTACACAGCGCGTAGTTCTTTGGGCAGACGAATGCACGAGTGGATGGTCGTGG,238,53.36,Saccharomyces cerevisiae
SEQ_409203,GTCTGAACGGTGGCGCTACTGCACTACTTGATCACTAATTTGAAGAACACCCTTCCGTTACCAGGCGTGCTGAAATAGGATGACCGGGGTCAATAAGTGAGTGAGGAGCCGGCCCATGACAAGGAGTGCTTCATTTTTTTTGCGATTTACGATTGTGTAGCGCAACGTTGGTTCGGGGCGCGGGCTTCATTCATTGGTACGAATACAGGTATGCATAGAATTACGCAGGACAAGTCTGATCGACGATTTATCGAAATCGTACCATACCGCCCTAGTTCTCCCTGAAATACGCTTATTATACACTCGGGCCGTGACCCCTCAGACTAGCCAACAGGAAAGATTGTTACCACAGCTACTCAACGGTTTCTTACTACAGTGGAAGAGGATGAGATGATTCACGGTGTCTCTCGCTCACTAAAATTCGGCGGTCTTTCCGGTGCCAGGCTTGCGACACCTCGCCGGTTTGGCTCTGTTCCTGGGAAGCTTTGGTTGAGGTCCTACCTCCACGCGCTGTTATGCAAAGCCGCTCCGTTGCTCTCCTACCTTAAACTCTATCCGCAGGCAAACTATTTTGGAACGAACTCGGGCTGGTCGATAGAGTAACGGTACCGACGCGAAACGCCCTAAATGACTCTACGTGTCACAATCATAGTATTAGGCTAAGATGCGACGATGAGTCTGAACCCAATATTTTCGACGAACGCCCCCATCCGAACCCATCTCGTCGCTTAAGTCTAGGGCAATATGTTGTCGCGCATTATTCGATAAGAAACCAGCTGGACATTAAATGTGCACTTCCGGTATTCACAAATATGTTGTGCGACCGCTAACCGCGAGCCTCCACATATCATGCCTGCGAAAAGACAGTTCCGCGCGAGGAAACAGAAAACGACTGCAGTCTAGGACCCACGCCCGTTAGTACCCCCCTTTAGGAAGCACGGAGCTTGGCCCACACAACAAACAGGCTATAGACTTAAGCTAGTTTAGCCGGGCTCTAGTTCCCGATCACCTGTGGATGGACGCGCTGAGCTTTGTCTGACCATGTTCATAGAGTCCATGCTTGCGGGGAACAGGGAGTCATCTGGCCTATCTCGAGTGAGAACCCGAATGATGCACGCTTTGCTTAATGAGAAGCACGCGGGGACTGAGGGCAAAGCAGGTACCGTGACCCCTGTATCTTTACGGCTTGTTGAAGATGTCGTAACTTAGCCTGTCTCCCGCGGGAGCTGTCAGATGGTCCCGGATCTCACGGAGATAGGCCAGTGGGTCGATTTTGCGCTTGGAGCTAGTACCGTACGAAATATCGCCAGTTGTAACTGGTTACGATGTGACAATCCTTCATCTGCGCGACAAACGTCATGGCTTATTACGGACTCGGTACTATAAGGCTGTTTATTTCCACTGCAATGGGATAATCCGCCCACCTAGCTAGAATTAGACTCAGTGGCTCTCACCCCCTCAGCTTTACACCGCGGGCGCACCAAACTCCGAAACCGGGATGAAGGGGTGCTAAAACTCGAATCGTGCTCGTACTGAGTTGTTCGAGGCTGATGATTCTACAGGGGTAGCTACTCGGTACTATTGGTGGGAAGTCATTCAATTTACGGGTAGACGCTTATTCCGTAAGTGCACACTGATGCCATATAGGTTTTCAGCGTTCATAAGTGTCAGAGATTACGCCCTCTGCCCGACGATGGAATGACACACTGTATCTGAATTTAACCACGCTGCTCAGGTTACGTTCGCTCGTGTACGCGTCGGGTCCTCTTACCGGGACTGGGGACGCCTGGGTGCTGATAAGCAATTTATGTGCGAAAGGACTTTGTAGCCCAGGATCCACCGATCAACTAACGAGGCAAGTTAATCCCGTAGGGCGGTATTGTCAGATGCGTGTTGGTCTAGAGTACACTTGTGGCATAGTTGGCCCAGCGTTGTGAATAGTCAAAGTTGTCTCAGGAATAGCTTACTTCTAAACTCCAAAGGTCG,1986,50.5,Homo sapiens
SEQ_324111,ACTACGGGGGTAAACCGGCCCGCGGATAGATAGCATCGATTGTTTCACAAACACGGCGCTTAAAGTTCCCGAATAACGCGCATGCGAGGCCTGTGCCACTGATAATTAGATTCGGTGG,118,52.54,Homo sapiens
SEQ_249765,CAATTAGCCGAAAGTCGATCGCTTAGGGTCTCGCGCGGGAGGTTCACTTTTCTGCGTCCATCCCGACTCTATCCGATAAGAAAACGAAGCCGTAAGAAAAACTACCGGTGGCACTTTATACGGCATGGGAAAGCGCTGTCCTTCAGGGCCATGTGGCATCGTACCACTAGCGTTCTTATATTGGCTACTGAGTACTTGACGTGCCGTAACGTAGGGGGCCAATGTTGGCATCTGCTAGCCTGCGGCCTGGTGTTATATTATGCTTCAATTAAAGGGCAACTTGCGGGTTCCATTGAATAGGTGCTATGAGTGGTTGGGCGGCGGCTCGGGGATTCAGTTGGCGCGACCTCCTGCGTTTACCCAAAGTACCTTATCGAAACACTAATAGACACGGAGGCGACTAGCCGCAGGATGCTTTAGAATGAAACTTACATGTTCGCAAACCGCGTTCGATAGACAGATGACAGTCTTATCGAAACGTCAGTCCGAGCAATTTACCGGCAGGGAACCGAAAAGCCGATCCACTATTTCCATTCATCTATACTAAGCTAAGAGCGCGCCTAGTCTGGCTAGGGGCCCATCACGGCTCCATCTACAGCTGCTATAATATAGTCCGTCTCGAGTTATTGTTCATAACGTGCCACATTGCATAAAGCCAGGTGACGATATGTGATCCTTAAGATGGTACCAGGCCTAGACCAATTCCGAACGCGCGGAGAGTGAATTTTCGTACTACCATGGGACGGGGTGTAGAATCCGATAATGCCCCGTGCGAGTTGTCCATCTGAAACAGATTTCTGCGAACTCTGTTTGGAAAATTTCAGTAACAGGTGCAGGCAATGAGGCGTAAGCACTGCCCTATGAAAGCCCCGCGTGCTACAAAGCCGTCAGTCCATTTCGAGTCTTCGTCGTGACTGGTCGTCTCCCGACCTTCGCCAGTGATGCGCTCGTATCACTCGGCACGAGAACCCCGATACCGGTAGTTTCATGTGCTAGTTATATCTAGTCCGGCGGTCTGTTAGGGAGTTAGGCATTTGATACAATTGTCACCCGCTCGGCTGCTATCTCTATTGAGCACATGCGGCGGCAGTGGTAAAAAAGACTGGTTATAAGCAAATGTCGTATGCGTCAGTCGGAGCATCGTCTCTAGTGCAGTCACTAACGGAGATCAAACAGCTCCGTTGTCCACTAGTATTTTCATTATGGACGACAGCTGAGTAGAACAAAAGCACGGGTTTAGGCAACTGTAGCCTCTGCCCGGAGGACACGTCAAGTGTAGCCGTGTGTACAGGTATGACACATTACGAGGCTAACTGTTGGTACCACGCGCGTGCAAGCCCAGCCGGGTGAGTCTGTGGAGCATTTATTTTGAACCATAGTCTTCGCAAACGATTGTACGTCCTGTCTACTATGCACTATACTATTACTGCCAGGCACTCGGGACCTATACACCGGCAACCCTTATTCTTTATAGACTTTCGTTAAAATGCCTTACCCAGTGCGGTCATCATCGCGTCTTGCGAGGACTGTGACTTCAAGACTTGTGTTAACTAGTTTATGGCAGAAATCGGGCAATAGTAGGTGTGTAAAATGGGATATCATCCACCGGAGTGAAGGGATCACGCTTCGCGAGAAGTTTGGGTGTGGGCGGACGCTTCAGGATTCTGCACAGCGCCGCGCCCAACCATTGCAGTGTAATATCGATTGAACACTGATCCGACCTTCCTACGTGCCAAGCAGAGTCGACGGCCCTTGTTCCCCGGTGCGTAGCTGCGACCGAACATCGTGCATACATTTTAGGTATATCGCAGGGATAAGGTTGCTCACCCTTGGT,1834,50.33,Mus musculus
SEQ_341784,GGGTGCATAACGCCATCGCATTACTACAGGCAGTTGGTAGAGCAGAACATCACGCATTCTGCTAAGTCCGATAGCCTAAACTAATTGTAGGGTCTAGGAGACACTTCTACCTATTCTATTACTTGGACGAAGCGGCCCTGACCTATGCTGCCTGCGCTAGGAGCCCGTAGCTACTGATTGTAAAATGTTATCTAAGTATGGAAGGCAGATCAAGTTCGTCCTGAGAAGAGGTAACTATCTTTATGACGGTAGGGCTGGGGGCGAGCATAGGGGCGTCGGTTTAACGATAGACACACGTCACAGCTAGTGGCGATGTGGTGAATCGGTAGCCCAAGTACTTAGTGGGTTACGAACGTGAATGTTTTTTTACTACACGTCACTGACGAGTCCCCAGGTCCTTTCATTTTCGACGGTCAGGAATACTGTAGCGTGCTATCGAGGCGATCGTCAAGACGATACTTGACCCTCGCATCGGTTGAAGCCGTCTTATAGCCTGTGATAACCAAAATATTGCCACGCGATTGTGCGCATAACGTGTATGGATAATAGGGAGGTGTTGTAGACAGGAAAACGCAGGACAAAACTTTCGCCCACGATTCTCGAGACTCAGGATCACGTTCAGCATGTTCCAGACGCGGCAAGTGT,645,48.84,Mus musculus
SEQ_157119,CGAATACGGGCGCCGAACCCGGGAGCCTTAGATTAGACGTTAAGTTTCCGACTCTTCGCTGTCCAGAACCTCGGAATTGGGCCGCTTCACTAAGCTGGTCTTAGCTGGATATTATTGGCCATTAACCCTAATGCCTTAGCTGGAAGGTAGGCCTTTGGTACCTGCATGGTACGTTTATACCATTGTGAATCGGAGTTATTGTCTTGATTCCAGCTAATCATTATGAGGCCCTGGTTCGAACTCAAGTAAAAAGAAGGTTATAATACTTTGTTTCATAACCGCAAGAGGACCTGTCTTGTGCTCCTCTAGACCTGTACAGCCGAAGATGTTCCACATGAGGACGACGCCCCCCAGGGCGCAGTCCATTAGCCTGCGATAGTCAGTTACCGGATTCTGACGCGAGACTCACCAGAGTAGGGACGTACATGTAGGCTCAGAGCTGGTGTATAGTACGGACACGCACTTCCGTTTAACATCCGTGGACCCTTGAAATTGGCGGAAAGGTAACCCATATCAGTATCCCCCCTGTATTGGTTCCACTAGACAAATGCCTGTGAAAACCCGTGGCATCAAAAAACCCTTCAGGTTGCTACAATCGAGCACGCGAAATAACCGATTAACGTCACGGACGATCATTCCATAATAGCTCGCCAGCGATTGTACGTCGCGATTTAAGACTGGGCTTGCGTCGGGTGCTCTCTGCGAAACATCATACAGACCATATAAGGTTCGGGAATGCCGGAGGTACGAGGGGGCCTCTTTTATAGCACGCCAATTCTACTCACAAGTGGAGGAGAATCGGAGCAGGAGGAAGACTGGGGTTTTTATGCTGACCTCGACGCCTTTGGAGGCGACGTGGATAAGCGCATTGACGATCCTTCCCACACTCACGCATGGCAAACGGTGCCGGTGAGTTTAAACTCCATTACCCCTCTTCCGTATTCTGTTTCTTTACACCGACTGGATCCTCATCTGGAGTTGTGATCTAGCTCAGCGTTATTTCTATTCGGGAGGTAGCTCTAGCCATGAGCCGTTCAGACGGATCACAGATCTTTTTACAGTTAAAGGTCATTCCCGGTATACTGTATCTCAGTCGGCAGTTCTCCCTCATGGAACCCCTCAACATTGCCACTTCCGGGGTCGTTATCGACTGGACCGGCGTCTTCCCTCACGCGATATTTGCTAACATCGGTTACATAGCTATAACCACAAGACTCACCTAATTGAGATACTGTGGAGGTCCGACTGAAGTAGGCCGCAAGTCGTGCTGCATCGTCCATCTAGCCGGTGCCAAAAGAGCACGAGTCACGGGAACAGGTCGTGTCATTATAGTTAACGATCAATTACTAGGCCCGTCTAGTACAGTCGATGAACAACGAGGGAAGTGTCTGTGTTCGCATGGGGATAGAGGAGATTGGACTCAACAATTATCAAAGCGATAGCCGCAGATCCTACCAACACTCGGCGACCCCACTCACGACCACGACAGATCCAGTTATACTGACTATCTTT,1512,49.74,Arabidopsis thaliana
SEQ_724113,TGTTGCAACCCATTAGCATCAATCCACTAACACCGTGTATGATCGTCGCGCACTCCCCCGCATACCGCTCACAGTCTATCGGAGGTGACACTCGCCGATAGCACGGTCACCCATAGTTCCCGTAGCGACTGCCCTGGGTGAAGTGAAGGTCCGTCCCGTTTCTGAATGACGGTAGATCGACCGACCGTGCGGATGATACGAATAGTTAGACAGTTGTTTCCAGCTAAAAGAGTTCGGTACGTGTGCTGCCGATAGACGAAGCCCATCTTCTCGGGTACAACGGCGTATGTCCCGAACCCTAGATACTCACGCTTCTTCCTAGCCTCTGCGCTTGTCCCCCCCAGGATGACCAGAGGCTCAAGTTCTGCGGTGACCGTCTGGCCTGAAAGCCCGTTTACGCCTCCTGTTGGTATCTATCGACCGATCGCAATTTATGCTCTGACGGACGTATGTTGTGACCGGAAGGTGACAAAACAAGTCTTCCTCGAAACAACGCATTTTCTAGGGAGTTCTTCGAGGATAAAACAAATGTGACGGCCTGTGCAACAAATTCCGAATTACTCCATGTTCAATGTAAAGCATGGGTTCCGTTTCAACCGTGGACTGTGTAGCCATGTAACGTTCGAACTGATTCCAATTTGGCTTTGGCATATACCATTTTGAAGTAGCAACCACTCAAGATGCACCACCAGGCGCCGGTTGCCGAGACAGATCTTCCCGCATGATGGCTCTCTGTTATACTGCGAAGAAGTCAGCGAGTAACTTAAAACGACGGATCAGACAAGACGTAATGCGCAGGCGGGAGTTACCTAACACCTATTCGCACCATGCGAGGTGGGTCCTGTTTCGCCCTGGGGATTACAGTTGCCAAACGTTGTTGGGTTTCTACTCAGTTAGCGCAATGTAGAACCTAATAGGACTAGTGATTGAGGCGCCTAAACCATCGCATGGGTACCCCAACAGAGCGTCAGTGGTCTGACTGTGAAGGGTACAGTGTTGCTGCCAGCGATACTGCTTCGCATCCGAATCCTTGCTACATTGATTCACATGACACCGGCGCAGTAGAGGGGCTTAGGATTAAAAGCCTCCTGCGAACACCATCTTTACCTGAGAGCGCACTATTCCCAAAAGTTTGTAATCAGCGCGCACTTTGGAACATGCTCTCTCGTTGGTTTGCAAGCCGCACAATCGGCGTCCGTTGATTAATGAATTTGATTTGGTCGATGGAGAGAGCATCAGTGCCCGTGGCGTTTCGTGACATCTACTTCTGTTTCTAAATCTCGAGCTCCACCATAACTCGAAAAACGAGAAACGGGAGAATGATGCAGACTAAGGGTAATCCGTTCGTTCTAATGGCTCCCCAGATCTCATTGGCGAAATCTAACGATTCGGTACCACTACTTGCGTCGACTGCACGATTTGGTGCACTACGGGTTTATATGAGCTCGACTGTGTGATACTTAGCCCGCGCTACTCAGCAGGTAAACTCAGGGCATTCTTATGTATTCCTAGTCGATGTGAACTAAGACATTGAGCTTACACGTTTGCTCACCTGTCTGAACCTGAACGAGAGTTAGTGACCTTTGGCTGGGCGACAAAATACTAATGGTTTTGCCTATCTCTGCGGAACCCGGGTAGCTCACACAACTATCAGAGACTCACGACACCGCTGATGCCGTTGGGTTAAGTCTATAAATCGCCCC,1703,50.03,Arabidopsis thaliana
SEQ_888189,GTGTTGGGATATGATACCGCGGGCGGTCGTATATTCGTTCTCGGTAGTCCATCCTTATGACGAGACCAAACGACGCAGGGTCGCCCC,87,56.32,Arabidopsis thaliana
SEQ_755744,AGGTACCGCTAGCATGTTGGTTAAACTAGCATCGCATCACATCGTGACCGGTCGTTTGAACATGTGTAGGTTGTGGTATAGTCAGCCAGCTAAAATTACTGAGCGTCATAACCAGCCAGGACACCCACAACAGGGAAGAATGGTCTTAATCGCCATATTTGCTTTTTTAATATAACGCCTACCGCGGGGACTTTTCTTTAGCGAGTTCGGTGGGCGCGCGAGCGAACAAACCCGCTTGCCAACCGAGTCATAACCCAGGACATTCAAACTTGATCAGTGTGCATCTATCAGCCGATGTGTCGCTCTCCTATAGCAACAGTGGACGACTCTTCAACGGCGCGCTTCAGAATGGACTATTGGTTCTACGCAAGGGCAAAAGCATATTGTGCTTGCTGTGCCTCTCACAAAACGGTACTACGACCTTGTGGGTGTAGCCGAGCCGCCTCTACACTCAGCACATACGCCGGCATCTTACCCTTGCTCTCCCCACCGGATGTTGTAGGCGTGACAAAAGTTTATTGTCCTACCGGTAATGAGCTTAACACAATTCCAACGGGTCAAAGGTGGTTTCTAAAGTCATGTACTCATTGAACCGATGAGCACAGGTGTCTTCGGTGATGGTGCATCGCAACACACGCCATAGATTACAGGCATGTGGATAAGAGCCCATCGGTCCTCCCCGCTAGAAGGGCGATAGCGAGATTCAAAGCACAGCACTGACTACTTGGCCTTAGAATCAGTCCTAAACGACTAGGAGGTGGGGGATCCTGCA,772,50.13,Caenorhabditis elegans
SEQ_418572,GAATACAGGTTGTCGTAGCACACCGCGACATCCCTGTCCGTATCTCCCTCGACCAGACGGTTGAGGTCGTGTAGAAAGAAAAGGTGAAGAAGCGTGTCAGCTTTCCGTGTAAACACCATCGCGTATCTTGCCTTCCGTCTAGGATAATCGATGAGGGTTACCATAGGAACTAGGTTCACAGCGAAATGCCACTGGGCTGCTGTCGCGAGTATGGGGCGCGAACGTTTTCCAATTTGATTTGCGGTATGGAATAGGGTACATGCGTTCCTAATCAGATGACTCCCCTGGTCCTGGGAGGACTAATCTACCTTCTTGCGCCCGTACGACATGAGCATCTCATATCCTCTTACTCGGCGGTGGCACTAGTGAATAGATTATAAGATACACGCATCGTCGAGTTTATAACGCAGTGCAAAGTGAGAAGAGCACATATGACAAGGTCCGGAGTATACGATTCCGGGCACTGAGTTGCGGAGTCGATGTCACCGGGTAAAAAGCAGAAAAACATTGACTGTCCGTGGGTCTAAAACGGCAGCAGGGTAGTTGATCAAAATGTCGCTGTCACATGGGGGGCTTTGATTTAGTGGAGCGGCGTGATCCGGAACGACCTTTTAAACATACATGCTCGTGTATCTGACGCCGAGATCTCCACCGAACGAAATTCCCGACCGACAGATGAAGACGAGGATTCTCAACAGCGGATGCCCGTCGCAACGCCGCAAGGAATATGCAATTCCTATAGCTTGACGGCGAGACCGCACTAGCGTGCCAGTAGTGACGTTGAAAGGCTGGGGGTAAGCGAATAAGGTATTGTTTTTCAGGAAGCGGGTAACCTAGATATGTCGATGTAATGAATAACGTTACAGTATTAAACCCATATAATCAGATGAGGATACTGCTAGAGTGAACTTCGTGGATCGGTTATCCCGTCGGCCTATACTGTTTCAAAGCGGCGGCCTAGGGTGTATACCCCGGAACAGTGACCGTGTGAGATTTCATCACCTTGTCTTGCCAATTGGATTCTAACTCAGAGAGCCTCTGAGAGCTAGAAATGGTTCATTCGAAGGTTGGCTGTGTGACTGGGCCACGGAGCGAAAGCATGAGAGCTCCATAAACACAGTCCGAGATCACCCGGGTATGCGTCGTATTTGTCATTTCTTCATTGAAACCAACGGCACTCTTCGCCTAACGATTTTTTGCTATCAAACCGGAAGTTACTGGGTGGTTGCCTCTGGTGCTCGGGTCACCGGCTCCCCTCGCGCCCCGTACTATGTGTGCTGTATATTTAATCTCGTCTGGCGTTTCGGCTGGTCATCCTCGGTGCACCGCGCTGACCAAATAATTTCGCACCCATGACGGGACATATCCTGGCCATACGGAGGAGGCGTTTATCATGCCTTGTCGACCGCAGGTGACGACCGCGCCTTCCCGGAAGAAGACCTCTTAAACCGTAATGGTTAGAAACGTCGGTCCGTGGGATCCGTCTTCTTGTTGGCGCTCAACCAGGTTCTTGGAGGTCCGGTAGATCGCTGGGATTTTTACGAAAATCAGTGCTTGCATCCCAACTGTGGACATAGCGAGGTGCACAGGCTATTTGGCGGGCTTAGGCGTGAGGTAAGCATAGATAGTCTTCCTTACTCATCCTACGAGTGCAGACGGTACCGTTGATGA,1671,50.69,Escherichia coli
SEQ_773005,GGGCGAGCTGGCGTATCCCGTTTGGGGATAACCGCAAAGACTCCATAATTTGGACTCGGCTAAACTACTTGACACGAGCATTTTTGCTGAAAACCGCAAGCCACCATAGATTGGGAACGCTCCCGGTCGTAACGTCGTGGATTCTGTGGTCCGAACGATTGCGAGTCACTCCGAGCTGTCGAAGTTGTACTCCAACCCTCCCTTCGCTGGTGAGCAAGTAACTTTAAACTCTCGCTGAATCAATTAGTTTGTTCTCCCTTTGTATCCTGCATGGATATGCTCGGACGCTTGTCTCACCAATTTCATTTTCTAG,313,49.2,Caenorhabditis elegans
SEQ_196757,GGTAACGACTAAGCAGTCGCATTTGCCAGGTGGACAACGGTTGGAGTGTCACCTTGATACGATGATTTCTGTAAAATCGCCTCCGAGTCATACGAAATAGTACCTTCACAGCCAATCGAGCATACGTCATCGTATGTATCAGCCATGGTAGGTGTGAGGCAGTAAAACAAGGCAGCAGCAGCGAACTTCCTAATCCCGACCTACCCGGCAACGACATAGGTATGTTTAGTTTGACTCTGGACTGACCTTTATTGGCTCGTATGACTTAATTTTTTCCGTCGAGGTGTTCCACTCTTACAACATGGCATCGTCCGCAATACATCAGTACGTGCGGTAATTAAGGCCACATGCCCAAATTACGCCTCCAAACAAGATGCTACTGCGCTGAGCTACTGTACAGCGGTCCCCTACCCCACCACCCGTATATGGTACGATTAGGAAAGAGATCGAACACGCCCCAATTTGTTACCTTATTGCAGTACAGCAATGAGGACAAGGAGTCCCACGTGTAACAATTCCTTCGTGCTATCGGGCAGCCTTCACCTTCGACATCCCTTTAAAATATGGCTCTAAGGCTATGGCGACACTCTTCAAAGTGCATTGCGGTCGTCCCTGGCTGGACACGACATATGGAGTACTAGGCCGCGGCGGAGCCGATGAGAATCCTCAACATATACTTCAGAAGGTCGGCCTCGGATTTGTTAGCGCGCCGGTACCTAGCT,722,49.58,Saccharomyces cerevisiae
SEQ_886752,TTCCCATCGCTGCTCTTGTGGTCCGCTAAGTGTCGGCGTAGGTGCAAAGTTGTCGACGCAGGGGACCTCTACGAAGTACCTCAATGATTTCGTCAGTAGTCCGTAAGTGCCGTCCTATGAGGGAGGGAGTCACGCTATGATATCTTCCGTTCCCGCGGACCCCCGCACTACCTTTAGAGCGAATGGCGAGACGCACGTTATTCCGCGAACGAGCAAGACTAACGTTATAAAGGCAAATCCGAGCAGACGGTAACCTTATGGAGATCCGGTATAATCTTGGCTGGAGGCCAGCCAGCTTCAAGCG,304,53.95,Drosophila melanogaster
SEQ_421712,AGAATTGTGTCACGAAATCTAAAGACTGAGATAGGATAGGCCGGTGAAATCCGCAACGCAGTCAATGCCCAGCGGCGTGACATTAGCGATTTGCAGGGCACCAGTCGACTCACGATACCCAAGCGTCTTGACATGGTAACGTCCCAGTCAAGTCTCGTTATAAGCACGAGTTTCTTTACAGAACCAACTGTGGTCATGACAAGGATTCCGGTTGTCGACCTCTGTAAGCTAGGCCCCCGCTAACTAAAAATACGCGAGGAACAGCGTACCGCTCCCAATCCCGAATACGATGAGTTGTTCCTTAGTCTCCGAGTGACAGGGGGTATCTTCTTTTGGTATCTGACGACGCACTTAAGCCTCGGCGACAGCCATTTGACTGTAACAAGGTTCCTCCTGCTTCGACTCTCTTAGAGCGATCTTATGCTGAGGGGTGTCCCGTTGGTTTTGGCTCTGGAAGAGTGTAGACAAACGTAAACGCTCAATACACTACGGTCTGGAATAGCTGAGATGCAAGTCTCTCAGACTCTTTATTGCATGCTTCGAGGCGTTTTGGTGATTCGATGGGCATAACAAACCCGCGGGTCAAGGTCGACTAACTGCAACATATCCCACACTTCGGAGTGCATCCGGAACGTTCGATAACCCAGAGACTGTCCGAATCACGCTGAGTGCCTGATTCTCTAAACGTTACATGGAACTTACGATCGGCACTCGGTACCGCGAATAGACGGTGTGGCTTCTGAAGGCCAGTAGTACATATAATCATCAGTATCCCCCGAACGGCGACGTGCGACTCTTCCTGGCAACCCCCATTGCAACTATCGTTGGGAGGGGGATTGGACGACACATCT,851,50.53,Escherichia coli
SEQ_945078,TTAGCTCAGGATTCCACGGGGCAAAATGAAAACGGGTGGTAAGCAACGCGCTTGGAAGCCGTATCGTGCGTAATACTCAAGTGGAGATGGGACAATGCTAGACCCGAGCTACGATCCAACTTTCGCAACCCGTATCAGTGGCGTCCTGATCCCTCGATAATGTATCTGCCCACTACTCAGAAAACCCGCTTATTCCCCAGAGCTTTTGACCAGGGTCGCTCGTATAAGAATTATGTCCCAACCAAAGTTATCTGGTATGATTCATACCACTTCCTAGGTAGATCTCGCCGTAGCATATGCCCTCGGGATGATTACACCGAACGCGGGGGAGTTGGTTGCCGCTAGGGTAAGTATTCATCCTTGTTAAAATTACGGAAAACTAGTACCTGTCAACTGGACGCTAAGGACCCTCTTTCATCGATTTGTGAGTAGGTCCGAGTGTAAGTAATGCGCTCGGTATACATCAGAATCGAGGGGCCACTCATCCTCGAGAGCATAGACCAATTGTTCTGCTTAAGGCATAGCTAAATCTACGACGGCGGACACGCGCTTCGGCCTCATAGGACGATCTTGCTCTGTCTCCGTTTAAGTTTTCAAGCACTCTCATACTTTTGATGGCTAATCTCAAGTGGACTTAGAGCGACGTCTACAGGTCTGGGGCACGAAAACACTGCCAAACCCACCTATGCTTAGACTTGTAACTGCCGGCAGGGCACAGTCAAGCCGGTTCTAGCCAGTACGTATTTTGGGTATCTGCAGGGAACACGCGAAGACGAGAGAGTCGTGTGCTTGGGCATCCGGTTAATAGGGCTTGGACGCAATATCTAGACTATATAGAGGTCTGCGAGATCCATTACGAGAATCGCACACGCTACCCTCACGTGCCCAGGCACACGGATCACAGCAACTGTCGCAGCCCATGTGCAACTGGTCGAGGCTAATGTAATAAGCCACGCTGCGATGGGGTAAGTGGCGCGCATAAGCCCTCACCATCCATTTAGGGAGTAACGGAAGGCTGCGATTGCTTTGTGTCGGAGCTGATCTTGAGACTTCGCTAACCCGTGTGCATAGCAGCCGCTGGCAAGAAGCAGGCTACCTGTGATAGGTTTCTCGAAGTAATATCCACTGGCCAAATCTTGAACCGGTAGCGAAAGTTTCCCCATGTGAATTCTGACATAATTCAGGGGCGTGGTCTACAGGCTGGGGAGAAAAGTCTCCACGCAAATTACGATGGACCTACCAGTTTCGCATCCGCCCGAAGGATTTCGTCGCCCTTTCGGAGGATCTTACGCGCCATTATATAGAAAGATTGCCCTCAACATCTCAGATAAGAAGACCGTGCACCGAGATTCTTTTCTAGTTCGGGAGCTCAGCAAGCCACAACGCAAACCGGCAGTCGGTATGCCTGATGACGGGTAAACGTCCTCCCTAGCGTGAAGTGTGCAGCGGGATTACTAATCGCACGCTCCGACGTAATACGTATTTCCAACCATAGAGCCTCCTGCACGCATGAGACCAGCCGATCGTCGGCGCGAGGATCTTTGACGTCGCCTTCCCGTTCACGCCAAACGCACACCAGCCCATAGAGGCACCAGGAGTGATAAAAAGATAGCTATTTGCGGGCAGGGGATACGACAAGCTTGGCAAATAGCATAATGAGGGGAGGTTTTCCTGGGGCATCTCCGTTGACCCGGGCACTTGGCCACCTACGG,1712,51.52,Caenorhabditis elegans
SEQ_670165,ACGTCTGACGCAGTTGCGGCGGCTGTCAGGTCGTTTGGCCTACTGTTGCCCTGGACCTGCTGACTCGGC,69,63.77,Saccharomyces cerevisiae
SEQ_149095,ACAGGGACGCCCACACGGCACTTACAGGGTGCCTATCGCGGACCTACTAAACTTCTGGTATAACGTAAGAACAATATAGCC,81,50.62,Caenorhabditis elegans
SEQ_936777,ACCAGGCCCGAAGAAGACGATAAGATGTCGCGAGGGCTCTCTGACGCAAACGCACTTTAGACTCCTCAATCCATCGCGGGGATGAGTGTGTCTGTGGTTGGTCTAGCGGGTTATAGGATGTAACAAGCCAACCTTCCGATTTCTATCTTATTTAAGGTCTCCTGGTTGTCTGCTCCTGAATGTAAATCATAATCATCGCCCCTCCTTCCGTGGCAACTGGCAGTAGGAGAAACCCTAATAACCTTAGTTCGGTCTGCGCTGAAGCGGCTCCTTCCGGTGGTTTGGCCGTTCGGGAAATGAAATACGCGAGAATCAGCGGGGCCCCAAAGAAAGCGGCTGCCCACGCTGTGTTGGCTCAGGCGCCGTATTTGGGACTCCCTCAGGAGATGCGGGTTGATGTGAGCATCTAGTAGGCCTTGCTGGCCATTTTAAGAAATCTAATCTGTGATGTGCTTCAGTGTAGTGGGCGCGGTCCGGTTCAATGAGGGATATACTCATTTGCCTTCGCTGCGGCGCGACTCCGAGAGCCCCGCCTTGTCACACTTCTCCAGTCCCCACCACTTGGATTGTTCTACGTTGCGTAGCAAAGCGGGCGCCGGTACCCTACTATAGGACGGATTTAATATAGCCCTATGGACCGTGGGATCAGCATAACGCCTTTCAGAGATCACTAATTATGTGTCGTCGCCTGTTGAGGTGCTCAAGGGGCCCTAGCCACAGGTGCAGTGGACACCGGTCCAGCTCCCAATGTTTGGACCCGTAGCTCAATTGATTGCCCGGGGGCATCGCGCTGTGTCTCCAATGGAATCCGACTCCTCGTACGGAACCAGCGGGTCTCCGAGCCGACACAATCGAACTACCTTGGAACATCTCTCTATAAGGCTCCCTAGTCTCGTGCGTGTGGAGTCATCACTGGACGAAGTCGCAACCCGTTTAGTTTCGGTCTAGGTTTCGCTGTTTGCAATGTCGTACGGGGCTTACACTGGCCGGGAGCGGAAAGGGCCGGAGCCTCCGCTGGACGATTTCTGGCCAAACCAACCCATGTCAATACAGATAGAAGGCATTAATAGGTAATGAAAGGCACATGGCAGCGCATGAGACCTCATACCTATGCGTCCATATCAACATTCATGCCCGTGGAATGAGAAAAGTAATCGATTCACTCCCCTGGACGTCCCTAGGTCGGTAGAGTTGAGATCGAAAGTAGTTAAGTT,1214,53.05,Drosophila melanogaster
SEQ_553922,TTAGAGGCCTTGCGTGCCGACGCGTTTTGCGCCGGTATTTGCTATGAATGTAAACCACAGGATCGATACCGGGTGAATGGGTGCATTTGAGGCAACTCACCTGCAGTGGTAAGGTCACGCGAGCTCCAGTTAAGCGGAACCACTTATTGATGCCGACATATTTAGGTAGAGGTGGATATACAAACTGGCGAGCTTGCAGGGAGCGGGGTTCGGACTTACGGGGGCGAGCGGCGTATGCCGCCTACTCAACAGTCGCTTTCAAGCGGAGCGTGGGTTGTCTCAAGCTGGTGATGAGGTTACTATAAGGCGTTTGAAGCACGGGCAATGTTCGAACAATCAAGGCTACTTACGACCGCCCATTCTTAATAGTCGACGGGACGGGGCATCTAATGCGCTCAGTTCCCTCTATAGCCAAGTTCTCGCACGCCCGTTGGTTGCCCTGTAACTGGGGCTTTCTGGTGTTAAGGGAGTTTTCCCGGAAACCTTCTTTGTGGAGGACACGTAAGATAAAACGTGTTGTCGAACGGAACACACCGTAGACGTAGGATCACATGATTGTTTATACTTTTAACCAGTTCGTGTGTTTAGTCAGGCTTTCGATCCGCAGGGGTTTTATTTTGGGTAAGCCCATATCAACATTTCAATTAAAACTCCAATAAACGAGTTCATAGCGTTCTGTACTATAAGACACTAGGTACAAGACTCGTGCCCCCGCGTTACACAGTGGACGCGGATTCGATGTGGCTGCGAGTACTGTACGAATACGGATGGCAGGGGTGCTCGGAAACGAAGTCAATTCCGC,802,50.37,Mus musculus
SEQ_142822,TAGGTTAACCGATGCACTGCACGGTGTAATCTTGGGAATTTGCCAGGGCGGATGGTTCAAAATAAATTGTAACTGACCGCGGAGGCGGACGAATCCCAAACCGCGATGGCCGGACAGTACCGTTGCGGTCGCCCGCACGTATCGCTGACCCTCGAACATGCGAATCTCTTCTGACTAGCTCGAGAGCTCTTAGAGCGCGCTTGTTTGTGGCGGGTGGAAACCTGCAACTGGCGGAATCACGAATTCCACATGAGCTTCAGTTCAGGCTAGCCCCCTTGTAGCCTTCGGGCGATCCTCACATAAGCCAGATTTTATGCCTTTCTGCAGACAACACTATTTTCGTTTTATGAGTCACTGGCAAAAGGATCCTGAAGCGTGAGTCCAGGACTGAAGTGCTCGGTTGGACTAGGCGCAGTCAAGACATAATCCATGGTGTCGCGAGATCCTTTCTTTTGCTCTCGCCCTTGTTTCCATAGTGCAACCAACGTACTACCGAGTGCCTGTCGGATAAGAATTAAAGAAGCACAAGCATCCACAAATGGGGTGTAGACGGCCAATAGTCCACGCCGTATAGTAATCGTCATCAAGCTCTCTGCATTAGGTTCAGTGGGGCCCTCGTGTAAGAATCAAATCGTTTATAACAACCTTGAAGGACTTGTGCCTGTGGAACCCTCATCCGAGTGTTCAAGCGACCGCTTGGCCTTTAGACCAAAACACATAGTCTTTGGGCGTGGATGTCCCTAGCAAGGCTTGCCAAGTCAATGATACCTTGAGCGATTTACCCATCGGGCTCATTGGTTCATTTGAATCAGCACGTAGGAGTCTGGCAAGATGGCGGGGGGCATCCACGCGCGCTCCCTACTACGGCCCTGTTCGCCAGGCTGACGCTTGATATGCCACGCCTGTGGGTGACGCTAAGGAAGGCCACGCCGGTGTCCGTAGATTCGTGATCTCCAGACTCGTCGCGATAGGGAAATCGTAATTATAAGGCGATCGCATTGTGGGCTACGTACCCGGCAATCCGGTGTTCGCCATCGCAGTTATTGAAGAGCGTGTTCCTTTCAAGCAATCTCATATCCCTATCAAGCCAAATGTAGGACATGGAGGCATGTAATTCGAACTGTTAGTTTAGTAAACTTACCTATTCTGGGTTGTGCCTCCTGGCTGCGACCGGGAAGAACTGGAGATCGCCATTCAACCGTGAAAGTTTGCGGTCTGTGCTTCACTCGCATGAAATAGCGATCGCAGCCCTTGCACTATCGATATCAAAATGGACCCTCTTCCATAGCGATTTTATATTATCTTAATATGCGTACCCAGAAACGCTATGCAATTCGCCATCGTTTGTTTGATCAAACCCGTGCCAAAAAACAGCAATCTTACCCGAACGAATTGCCTGCCGGTTGC,1407,50.53,Homo sapiens
SEQ_820917,AATCCGTAACCAACGGCGTGCCCAGCGCATAGTTAAGACAACCCCCACTTTTTAACGGTGCGTACATGGCTATTTTACCTGGTCGGTGGTTTATACGATAGGAACCCTTGTCAGTTCGCCCGCTCAGAAGATGTGCAATGTCCCGCGGTTAGGTTTCACAAGAGCATCGCCAAAGAGGCCAGGGCCTGGCGGCCTTGGGGAGCCCCAAGCAAAGGTAGTTGCGACTCGGTGGCGTTTATTCATTCATTCTTTGAAACGTAATCCAGAAGTAACAGAGGAGTTTACTCTAAAATATTTGTTGAATATCCCGACAGTTACTCTCCCGATTTCCGCAGCTCCAGTCTTAACGATGCTAACAGAGC,362,49.45,Drosophila melanogaster
SEQ_947278,GGAGAATTAGGGAGCACTCTGGGCTGTTTATAGGGAGGTACGCGAAGGCGTGTGAGGCTCCGTCAACACCTCGTTGTGCTGGGAATCGAGCACTGAATGTAACTGCCTTATATACTAGCCCTCGTGAGCGGGGCCATTATATCTTCGGCCGGGGCCTGTGTGGTGGCGCCAGCATAGACATACCACAGCCAGATGACTCACCGCAGTACTTACCTCAAGGATCATCGCAAAGTTTGTCAAAGCGAACTACTCGCACTTTGAAATGCGTTGATGACGGTGCGGACCCACACAAAAGCGCTAGCGACCCTGACCCGTAAAAGCAGCGTTCCCCTGAGTTGGTGAAGAAAGGGGATGAATATGAGCTATGATCCGGCGGAGAGTCTTGGATGCTCCACCGTGAGCCCCGGAGAGTCTGACCCACTTATGTTCTGTGTTATGATTAGTGAGGCAGGCAAACCCGTAATATGATGAAAACTTTCTGCATGACTTTGTTTGTGTATTTTCTGAGCTGAGTTTCCTCTACC,524,51.34,Homo sapiens
SEQ_312822,CTGCGATATTCCTCTGCGTGGGCAACAAGCCACAACGCGGAGGCACTGGCACTTCATGGGGCACCGCCATTGCCGCAACCCTCGCTCTCCGCCATGAATGCGTCCTGAACGGTAACGTTGCTACAGCGGAATGGTAGCGCGCCTGATTGTACCACTCCTTTCACAACAAAGTGCACCGTTAGTCTGAGCTTCTTCGTCTGTTCACTTCCTAGATACTTTACTCTCGTGGCCCTACACTATATCCGCTACTAAATGTGTATGGAAAGGTCGGACCGGAGCATTGAGTCCGAAGACCAACCAACCCAGAAGTCCGAGGTGTCATCGCGAAATGGCAGTAGCACAGTGATGTAACACCTAGATTAGGTCGCAGCCTACCCTGCCCTCCTCGGCGGAACATCGAGCTCGGGAAATATTCAGCGAAAAGTTGTCCGGGGATATCCCCCTTTTTCTGCGATTCGAAATCTCTCAATTCTATTTACGTATTCTGTTTGCCACCATCAGTCCCCGGTCGTCACGATCAACGAGCCAGTTTCGGACCAAATTCTCTTCTCTTGCAATCAATTACAAGTCAACGGGTATGCGTCGAATTTCCGTGGTTTCTCTTTTGTCATTAGACAACCAATCATACCGGTGAACCGTCCCGTCGTCTAACCTATACGCAGTCGTAAACAACTAAGCCTTCCCAGTAGACTGGCGGTCCATGCAGATCGATGGTTTCTATTGTGAGGTCATTGGCGTCCACAGCAAGCCCATTGCACTTTCTTTCTTTCCCCCCATTGCGTTTGGGCGCTCGTGCCAACAACAAAAGGTCTTATGTTCCAGCCTCCCCCCCTGAAAAAACGGCTGCTGAGGACCTGATTGAGGCGGTCGTATTCAGCATGTCCCGTTAAACCGTCGACATGCAACACGCGACAAGAGACCGTCCTGCACATCGGTCGCAGTTAGGGCCGAATCGCTGTTCGAGAGGATGCGCCCTACGATCATCATCCGAGCCTCGGCATTATGCACCAAAATACGTTACAACTCTATAGTTGGCAGCTTGTATGGATTTATCGTCCGTGCGGCGGTTCAGCAATGACCTCCATATATTCCGTCATCCATCCTCATTCTAGTCTGATTGTCGTCGCTCGATTGTTCTAGAGGCTGTTGGCCCCGGCAATAACGACGATTGTATATAAAAGCATCTGCAAAACCTGTAGTGACTTATGTGGTCCCGATTCACGTCTGAGTTGCAGATGGTAGTAGCGTAAAGATGGAGAATGCGAATAGGGAGCACCCCTCGACCAGTTGGCGCACAGTGGATAGGGCAGTACTCTCAGACTCGAATGGGTGTCGCTAAAGGATGCGTCGGTCCCGCTGTATATTTAGGGAGTAGTGGAATAGCAGTGCGATGTTTTGCGGTCCACAGAGTTGCGATTACCGTACTTACAACAACCAGAAGTAAAC,1446,50.83,Drosophila melanogaster
SEQ_685114,CGATACGACAGCAACACGCCGAAACCTATCACGGGTTCTTCAACGGACAGCCCGGCGCATGAGGACATATGACTTGATGTCGTCGCTCCTTGATGATAAGGTGCCTCTTAGGTTCTGGCTAGACAGATCCTTCGAGGTATTGTTACGGCGTAGTTCCCAGAACCTCCACACATTACGAGCAACCTAGTACTGAGACATGTTCGAAAGATGTAATTTTTATCCTATTGTTAATGGGACCATTCTACCTATGGATATTCTGCCAACGATACGCAGCGAATACACTTCGCTAATTTTCCACTCCCTCCACTCGTCGAGGGTTATATGGATAGAGAAAGACCAATCGTGGCTTTTTCTTGTAATGATTTTAAGTGTCCACCCCGCCTCGACTGTACATATATCTGAGCCAAATAACCAGTATAAGCCGGTTGGGCGAGCACCATAATGGGTCTGGACCATACCGATAGAGATATGCAACTTATCTTTGCATC,488,46.11,Escherichia coli
SEQ_408928,GTCATGCATCCTCGTTATATCGTAGTAGACCTCAGACTCCAAAGATAATGGTGAGCCGTGTTGCGGAAAGGCAGGACGTGGTTTCGCGCCGAATTGACGCTTATTAACCCAGCATTGTATCGGCGATCGACCCCATGAAAGGAAGCCTCCGATCTAGGCGTTCGGAGATCGTAGGAATGCTTACTCGCGGTAATGAACATATTGCCCACGGCGGCTGAGTTTGACGTAACTTCTTTCTCAGAGTCGGCCGACAACTATGTGTTTACCCGCGCAGGCACAGACGATGGATATGGTCGACGTCCTAACTGGGAACGCTGGCCCACTTTCTAGGAAACCTTATGGCCTGAAGCTATTGAGGTCAACCTCGTTCCTTCGATAGGGTTCTCAGCTACTTCATATTGAGTTCGGCCACGCAGACCAAGAATTAGAGAAAAGAGAATAGTTGGGTAACGTACTTAGGCCGCCTCTCACCCTCTGAACATCTTCCGGGGTTCGGAGACGCCGTACGATCATGCACAGTCGAGGGTTTTGGGCTACGAACGTAATGTAATTAACTAGGTGGAAAGTCCGTAAACGCAGTTATCTCCGGCTTCCTCTTTATGGTAGGTAAGCGCAAATTGAGAATACACCAGCTCAACCCACACGGCGTACTTGCGACAGATGGTGAACAGGAACTTCGTATAATCCATTATTGCGGACCCGTCCATCTCTAGCGTGCCATCCTGTCGGATCCCACTTGGCAGCAAATGTATCGCGGTCTCTAAGTTCGGCCGGTATTCTACACGGAAGAAGTAACGGTTCGCTACGGTACCTATGTACGCGGTAAGGGTCAACCGACTACGTGCCGAGATGTAAAATGCCGATGGGTACTCAGGATACACAGTCGCCGTCCGGTCATATTACCGAAGGTCTTTTCGGTTACCTACGTAACAGAGTTTCTTTCCACACTGTCAGTCCCATCCGGAACACTTAATAAATTCAGGTCTGTGTAGAGCGGTGAGGTCGCTTTTCCTCTGTCGTCAGGGTTCCCTACGACTTCTTCATACATAGATTCTTCCCAGCGTGCCACCCCCTTTTATCCCTCATCCGAACAGAATGATATTGTGCGCACGAACCGTAGTTTGAATTTTTCACCTTCTTCGTCCAGTACCATCCAGCTTCAACGTGATACCTAGGATGAAGAGTTTATCATGGCAAGGGGCCCCGAGTTTGCAGCACAGAATCAGTGCGCCGATAACCGCTTACGCCGCCGCGAATACGAGCTCTAATTTGATTCAAAGCATGATTATGCATCTCTCGTGGGGCTATCATCTGCGGGACCCCAATTCCAAATTACCGGATGAGGATTGTTGGGAAGATTAATGGACCAGGTCCACCAATATCATCGGTACAAACCGACACAGGGAAAGAGTTGGACAACTCCTCGCAATTTTTCCACCTGATGTCATGTCATATTATATTTTCAATAACCCTGCACGTAGTACCCATAGGCAAACCAGACACGCAATGACGTCAATGTGTCCACTGATGGCCCGGTCTCATAGAACCGCAGGGCCACTTGGTCGCCCTTCCAAGCATTGATGGTGAAATAACCACGCCTGACTTTCATCATATACAAGACATGGGGGAAAGCTGGATGAGTTGGCGTGTGGGTATACGGTAGTTAAGCTCGTCATTTGCGCGCTTGCGGCACATGCCCTTATTAGTAGAGTGAAACAATTTTTCAGGAAAGTCGAGAAGGGCCCCCTTGGTTTGGATTTGTATGCAACGCGAGCCTAGCTTGATACTAGCTCATTGACTCAGATGGTACTCAGGTACATTTAGGCTGACATTGCTTGGTTCGTACGGAAGCCTAGAATTGTAGCCTCTAGAATCAATATGACTTATGATGCTTTTTTAGGCCCGGGGCACAGCTGACACCTGATTGTGATGGTCTGGAGAGTAATGCACTCTCTCCGGTGCCCTGGCAATATGCCGG,1978,49.29,Escherichia coli
SEQ_344826,GTGGAGAGGGAGAGCAGATTTCAAACGAGGGACTGAGAACTATTTAATTCAATATGCCATAAATTTCGCCAACCCATGCGTAGTCTTGGCGGGCCTAACACTCAACCTCGCATTGCGGAAACTAGTCGCTACATACCCTACCTGGGGAACTGAGATCCAGCCCGAGCAAAGGGCAAATTCCTCGTGACTACCGATTCGTATGGTAGAAGGATAGTGTTGGAGACGAGAGTGCGTTGTAGGCGATCCCTGCACTCAAGCTGAGGGCGATCTTAAAACACTAAGCGGTGAAGGGTATCTACTCAACATCTCCGAACGAGCATTTTTCGTGCAAGTCGAAGTTCCAGCGGTGCGTAGAACGCACCCGCAATACGAAGTATCGTACGCTCTGGCTATCCGGGGCTACAGTACCGCTAGAGACCAATCTTCGAGCCATGCACAAACGGCGGAGCAAATTAACAGGCCCTTCGAATGCCTGCTAAGTGTGGTGAAAGGCATTAGGGTCCCCGTTGGGACACGGGCTATCTATGCAACCGTCGAGAGAGGGGCGTGGTGGACTATTATGTATCGACGTATACTAATTGTGTATGGTTGGTTGTTTTTTTCTGCGAACTGCTAGGGCAATACGTGATATGTGCCGGTGGGCACACGTGTTATGGCGAAGCTGTATATTGGCGGGCGCAGCAAACCGTCTCACCGTAGGGGGGATTAGATAGTGGGAGACCCATCGTCTGTCAGGAGCCCGGAGGCCCCGTCCTACGGTCGTAGCCGGGGTTTTTAACTGGCCTAACCTAAGTAGGATAACCGATCGCTTAGAATGGTCTCAACTCCAATTCAGCCCTATTCATTTTTACTCGTCCGAGACGTCCGCCGTTTACCACCGGTCAATATCAATTTGAGACCCTACATACCATGATTTTCATCTGATATAGCAGGGCTAGGGTCGAAGACGAGGATGCGAGATTCTAACCTCCTATACTAGGGTACTTGAAATGTAGAGAATATGGGGGGGTTTTGACTTACGATCCAAGGAAGTACTTTTCTGCCGGGAAGCCGCCACATACCCAAGTCTAGAATGTGGACAGCTTCCCCTTTTGGCTGGCACCTAAGACTGCTAAATACGTTTATTCCAAGCGACAGTTCGTCAGTGCTAAGCGGTCTTGACGCGGAGCATATCCCGCATGGTCCGCCCACAAACGGGCAGTTGGTGATGACGTGTGCCTCCGCAGGCTTTGGCCGCTAAAAAATCTCGAGCTGCCAGTTCCCAACAATCTCTTGTTGAGCCTCCTGTGGACTTCTTGTGGGAATGTCAAAGGAGCGTTGTCTGTCGGGGTTTACGGAATCTGGACGAAAAAAACCTGAGGATACCCGCAGCCGCGGCCCGAGATGCCAGCGACACATTGATATTCGTTCCCGCTGTAAGTGCCCTAGTAGTACGGATACTGCGACCCTCCTCCACCCAGGCTG,1464,51.64,Mus musculus
SEQ_402774,CTTCGAGAAGATGTACTCTCTGTAAACCAGCCGTGGGCGGAGGCGGCTCTATGGATCACTCAGTAATATGACTTTAGGTACAACGCTCAGGGGGAGCGGTTTGGGTTACCCCAAGACGGACATAATGAGTAAATTCGATTGCATACGCGCACCTACCTAGTCCAGGTATTTCCAAACACCGCACCAACCGTGCGTTTTTGATCAGACAAGCAGATATATCACCATGACACTATGCGCAGAACGAAATTCATCGCGTTATTGAATGGTGACGAGCTCATTACTGACCAACTTCAAAATTCTTGTATAGTACAGACGAATTAGATCCCTGACTCGTTTGGTCTGGGTAGGTCCCACGCATAAGTTATGGGCCTTCGCTGATGCCCTATTAGTATCTCGGCGAGGGTGTCTCTCTTCGCAGGCAACATTGGGCGATGGTGTTCGATATTAATCGTTAGGAGCACATGCACGATTACTTTTCACAGAGTCCTCCTCGGTGGACCGCAACCTGGTCAGCTAACCGTTATACCAAGTAAGATGCATCCTAAGTTGAGAACTGTTGAGTCACGAGGTGTTACATCAGAAATTTGTAGCCGGGATTGGCTGCGCTCAATGCCTCGGTCGCTACACCATGTCCCTATAGCAACTTTATAGAGATAAGCCGGCGCCATCTCCTAGCACGCAACCATGTTGCGCACGGAGGTGTGATCAGCTTAAGCCTGAGTGGCTCTCTTGCCTTGCAACCGTCTCTGAGCTTCTTATCGTAGGGCCATCACCGGGGAACAGAAAGTGCTGGCGTGATCACCGCCCACTTGATATTCCCGTATATGGCGACACCCCGGTGGTTCCTCGTCCCGGCGTGGAGGTGTCGCGTGTATTTGCCCGACATCCAACACTTCTGTGTTCCATGGCGTCTCCTCACTAGATTATTCCCCAGCTAAGTCTGTCGCCCCTCTATATCCTCAGCCTACCGTGAGGTGTGGAACGATGAGCCGAAATGTTGCATGGCACGAAGTGAACTTCTATCCGCACTAGGCAATGGGTGCCAAAGTAGAAGCAATAACCCTATCGATGTTGGCACCCTCTAAGCAAACGGATAGAGAGAGTAGGACGTTTCTACATAGACCCACCCTTATTTTGTTGCGCAGCGGGCATAGAGGGATATCGTTTGGCACGGCTTCGCGGAGTGCAACCCGGTCC,1197,50.88,Arabidopsis thaliana
SEQ_127061,ACTCAACTTAAGAACGAAGCACCTGTGGAAGGACAGGGCACCTATTTGGTGGTCCTATGGCAAAGCATACGGTGCACCGGTTAGAAGGTGTATCCGGGCGCACTAGATCTACTTGGGTTTAGAGACAAATCGGGAGCCACCACGCCTAAGATTAACATGCTCTAGAGCAAACCAGAAATATGTAATAGTAATGGCGTCCTAGGTCACTGTGCTAGGGTGCGCCGACAATTCCGCTCTGACCTAGTCTCACAGTACTGCACCAAGCCACTCCAACTCGCAATGCAGTGCGGTCACCTGATTAGCCCCCTTCTCAAGTGCAAAAAGTGTGGTGTCAAACGGACCGGACCGCAAGGCCCACGCAAAAACTTCGTCATCCCCGTTCACTGTGCGAGGAAGGCCTTACCTAGTTCAGTGTATCAGGAAGGTTGAAGCCCTACGGATGCGCTCGGCGGTACCACAGCCAATGAACAGTCGAAGAGGCTGAAACCTCATCAAATCAAACTTCTGGACCAGTAAGGTTCATGCTCTATTCACTGAATGGGGAGTACTCATGACCGTAACAATCCTGACGCTTGGAGATCACAAAGCTACTAGGGTCTCAACTCTTCGGACTGCCGATTATCGGGCTGATGTCGACCGCATTATAGAGTGTGTGTGCGATACTTTTATCCATTACGCGGATCGTCGGGTGCCACCATATGATTTATCCATATGAGAGGTGTAGGCTTGTGACGTAGAAACGAACCATAAGCGGCCTTCCCGCACGAGTGGAGGCTGGTGTATTCCGACGGGAACAACCTCCACCGTCAGCGTGTTTTTGGTATAA,826,50.85,Homo sapiens
SEQ_484294,CCACACGTGAGCCTAAGGTGACCCTGACACCCGAACTTTCCCTTCGTGTTCCAATGTGAATCAGGTGGAGGGCCCTCTGGGGGCCCCCAAACCGATCTAAGACAGCCGTCAGTGTTAGCAGTGCTACTTGACCCGACGGTTATGGGTCAGTGACGGCACATCCAGAAATGAATTGGCATCTGTGAGTTCTGTCCTTTAGTTCTCGAGGTCCTGACTACTTGGTATACGGGATTAGTCCACATGGGTGAGTGAGCAGGGTAATGGATATATGACTGCGACATCTCGTGTTTGCGAGGCTCAACTTGAGTTATAGCGAACTTCCTGGCACTTTGATTACTAGTTCAGTCTCTTTTTCATACCTAGCAAGCTGCACACTGAACCAATATACCCTTACCTTCTTTATTCCTAAAGCCCGAGTTGTCTCAGTGCCCCAACAACGCGTGTCTTGGTGCGTGCGACTACCGCAAAAAAAGCTAAGTGCGCAGCAGTGATTTCGGTTCACAGGCTCACCGAGCGTGGTGCGACCAATAAGGGCACATATAATAGGGATCTATTTCGAGAGTTTCTCCCACCGTTTTTCCGTAGAGTAATCCCTAATTTTTTGGACCGAAGTGTTTTAGATACTCTCACCCGATCGTAGGCTCAAAGGCCTTCGATTCCAAAACGATCACCGATAGTTTGGACCTTCCTGTACTGCTCTGTGCTCTGGGTGATGCTCTGCTGGTCATACTAGGTCAGGTCCGTGATATGTGTAGGATCGTTCGGTGCATCCGCGGAGGTCCAGGTACCTCCCGCGGTCGGTCGGTTGCGGCGTGAATAGACCACAAACAACTACAGAAGCGGCAGGTTCGCAAAGAGGATCCTGAATAGCGAGCGTTCCTCGACTCTATTTTCCACGCTGGCGCCGGGACTCGCGCCGATATAGATGTACTTCTAATTATTCTTCATATCACCCTAGCGAACTTGGACAACGGGAGGACCCGCGGGGCAGTGTTTTTCTCGAACGGTTCATGGAGCGTGATCATCAAGTAATGGACATGGACCGATGTTGTTCGAGTGCCAACGATATGTGAAGACTCTCAGAAACTCAGCCGGAGGTAGTCTTCACTCGGTGAGCAACCTCGAAACTATATAACATCCCTCACTGTGTATCCAGCTACAAAAGCATCTTTTTAAAGCTGACCGGTCATTATTCCACTATCGAGTGTGCTGTTAGACCAGGGTCGCCCAACATGACTCGGGCAACTATCTGTGGTAGGAACCGGATGCCAACTTCTAGCGGACGCACGTGGTGCATAGTGCGACGTTCCACAAGTAGTACCAATCAATTCAGGATCTAA,1340,50.15,Arabidopsis thaliana
SEQ_288821,GAGCTACGAGTCTTGTTGCTGTCTGGTGTTAGGGGATTCGTCAATACCAATATCTCACTCTGCTGAAATAATTCTAGGCCACTGTCACTGGTCCCCTGTTACTGTCCACTCTAACCTACCATAAGGAAGAACACAATCAGTCACCGTGTAAAGTCTTTACCGGAGTAGGCGGATTACCGTAAA,183,45.9,Saccharomyces cerevisiae
SEQ_353606,AAGGACGGGACAATATATGGCTGTCCGATAGGTAGGGCGAGTTGCGTAAGAGAAGCAAGATGGAGCTGGGCTCCCAGCTTATGCCGGAGCATATTCGTCTCGAGCCCCTAAAAGGTATGATCCAAAAGGACGGAATTTTCTGAGCGCGGCGGTATCTGCTTATAAGGCAAAATGCAGGGTTTGCGGACCGATTGGATGAATCTCAGTCGGTCCGTGTAACTCGGTTGGGTGTACTGGGCGTCGGCCTCACGTTCCCGTTTCCACGTCCCGGATTCTGACGAAAAGTATAACGTCGTGCTACGAGAAGCAATGAGTGTCTCCTTTCCCAATTCATTGAAGTCAGAAATGAGGACATACCGCTACGCTAATGCTATTGTGATCAATGAATGATCGGCTCCCGGTGTGATACTTGGGAAAAAGCGCACGAACATGTCGCAAAAACGAGCCATCCCCATCCAGAAGATTGAGCGCAAGGGTAACGATTTTTGATATAGCCAACTAACCATATGCGTCTGGTTCGGCGGGCCCTACCCGCGTGCGTGTAAGCAGCACCCTTATTTTTTAGGATCACCAATACCTTTAGAAGTGTGCTCTAAACATGAATTCAGTAGACTGATATGTGCTAGAGTAGTCCATGATAAGTA,644,48.76,Mus musculus
SEQ_841082,TTGGGTGAGAATATGGTGATATTCACATATGCGTGTGGTGATACCCAAAAAACCCCGAGACCCAACGAGTTGGTCCCGTAAAGTCGCTAGTTTTGGAGTTTCAAGGAGATGTAAGATCATGTCAACCGGCTTTGTTCGTGCATCAATGCGAGATCTTATTGTCATCGGGATCATCGCCAGTTTTAGATGTGAATGCACGCAGGGGAAATCCTATACTATTGGCGCAGACTCTGAACAGGACGAAAGCCGTCGTGGAGCGGGAGAGATACTGTGTCGTATAACCCGTCCATAGCACACCGTTGACCGCAACACTTTCTTTTAAGCACAGGCTACGAAGCACGGCCCGGCGGTAGCTAATCCCGTGGGAATGTTGCGCCCGACGAACCTATACGTAAGGAGTATACAATCCTCTGTGCGCCCACTCCGCACGAGAAAGGTCAATCTCCTGGTTACGCCGCTTTCAGACCTACCCAAGTTTGTGGGGAGGTCCGATGTAATGGTCCTTTTTGAAACCTAATCAGCGGCGTTCACCTCGCACCCGTCGAGGACGCGTGGCTGATATTACATTCTAGTGGTACTTGGCAAGTCATAATCCTGTGAACGGTATATAATAGTGTACACAAACGGTATGGGACAGGTTGACGGGTTTTTCCAGCGTGCCTGCTAAGGTAAAGGCACGTCGGCCGATTCTGCTACGGGGCCTACGCAGTGCTGTAGGACTCCCGCTTTCAATTCTAAAATTTTGCCTCCATGATAATACCTCATTTATACCAGAGAATAGTGAATCGCCTATAAACACACTCGCGGTGACTCACGTTTAAATTGTGATTTATAGAGTTAACGCTGGTCGTTGCGCTATTACAGCCGCCACGAGTATGCGACGCGGGCGACGCTACTAGTACTACAAAAAAGCAGCATACAGAATACTGAGAGAAGGACACTTCCGACATCAGGGCTGGGTTGCGGCGTGAGTCGTATGATCCTCAGACCGAGCTTACTTCGTGAAGTAATAGAGACACGCTTTATCCTCTCTGAAGCGGCAGTTGCTTCAAATTGGCTTGTGTTCATATATATAATACTACCGGGTAGCTTATTCTCACCCGGAGGGGTGTAGTCATGGGATGTCTCCGACCATTTTCCGAGCGCGCGATCACAGCACTGGTTGCGGTCAGAGGTCCCCTGTTTGTATAAATTTTCGCAGCAGTTGGTATGTGTTAGTTGACATTGAAATAGTGGTATCCAAACCAGAGAGGCCAGGCCGTGCACTACCCTCTACATATGTGACATAACTTGTTTACTGAATAAGGTCTCATGTCACTAATACAGAAATGCGGACTAATTCTCCTGCGGCTGCTTAGCATGCTCCTAGGCTCTACCCCCCACCCTATGGTTCGCAAGCTCCTCGCGTCTTGCGGGTGTTGACCTAGGTGAGATTGGTATTGATAAGGATCCTCCTGACTAGCGTATCGAATTCCACAATCGAGTCGGTGGACTTGTTCGATGTAGCGGTCCTCAGCTAATAGGCAAGGGGTCGGTTTCGCCAGGACTCACAGTCTCTTTTAATAGCACCTTCCGGCCACCTGAAATATTCATCCGCTTCACTTATAATTTAACACGCCCCTC,1623,49.04,Mus musculus
SEQ_335335,TTTATATGACACTTTAACGCCAAAATACTCATAGAGACGATATCCATCGGTATACGCCTATCACCCCATACGATTGAGAATTTTGAAGTATCGGGGTTACCTTACCGAGCCCGAGTTGACAGTGCATACCGTAGTAACATGTGAGAAGAAGACAACTCCCGGTGTAAACTCCTTAATTAGGAGGCGCAACCCTATGATAATAGCACTGATGTTTCGACATCCCTATTCCGTCCTACAGTTAACATGCAGGTTTAACCGATGTGCCATAACACCTTTTGCCCAGGGCGGGATGTTCACTTCACTTTTTCAGTACTTTCTTAGAAAGTGGGGCACGTTGTTTAGGCCGCTCTGTAGCGTAATCGACGTATTCGAAATAACTATAAAGCAGC,389,43.96,Saccharomyces cerevisiae
SEQ_857551,AAAGCGATATGCAGATTGGAAGTATAGGTTAACAGCGTTCCCAACTCCGTGTGTGACCGCATCATATATCGCAGTGAGCGCAGAAGGACTGTTAATATCTATATGCGCTGTTCATTGCAACTGGCCGTATTCTATTTGCTACGCTCTTAAGAGCATCTTAGAGTCACGTTTTGTACGCCCTTTTACGGTCAACCCTTTCCACGTCACTAGAACATCTGACGCCGTGAAACGGGTCAGACGTCACAGTTACTTCGGGATTTCTATCCACTAACTAGCGCTGCAGGAAATCTATCTCGTTTAGCTGTGCATTCCTTTTACGCCGGGAAGATGGGTGTGTCCGCAACACAAAATTCACAGTTCAACTTGCGTGCTACCCCATGAATTCCATCGGAGACATATTGGCACACAGTCGCATAGCCTGTGTCAGCTTTTTTAAATAGGCGTACCGTTGATTAAACCCAAGACAAAGTCCACAGATGGGATGCGGCGCACCTTTGCTTAGCGCTAAGTCTAAAGTGCGTTCATTTGACGATCTGCTCAGCTACGTTCGTTGCATTGAAACCATTCGACCTTCGAGATGACACCACCCGGTACGTTCTGGAAGGCCCATTAGGATGCGATCTCCACTGTACACCAGACGTGACATTATTCCGGACTTGACTTAATTACGCCAGCGCATCCGGCCTCTAGTAGCGACGGGTTGATTGATAACTAGGGAAACTAGACAGGTATGTAACGCTATGGCGGGAAAGGCTATATTATGTCCACACCCTCATTACACGGCTCAATCAGCGGAACCT,800,47.75,Homo sapiens
SEQ_385515,AAACAAGGAACTGATCCTTGTCGTGGTACTGTATACTTTGAAGCTGCGTATGAAGCGAACGCATTCGTGTGTCGTAACGGTCCCCTCCCTCGGGTCGAGATGCGCGAAACTATTTAG,117,49.57,Caenorhabditis elegans
SEQ_773547,AACACGCTCGATAGAGCACTGGCGAGAATAAGTTGGATGTCACTACTACTCAGATATTGTGACTCATACCCACCACCAGTAGCTCTACCAGTCCACTGATTTGTCTCGAACGGCCTTGCTCAGACCGGATTGGATACAGCTAAGACCTACGAGCATGGGCTCGAATGTTATTTAGCCAGGCTCTAACCCACTAATGCCCAGACCAGACGGTGGGAATCCCTCGTCAAAGTAGGAAGATACCGGGTAAGATTATTTAATACCGGCTCGCCAACGATTGGGCGCTAAATGCAACAAATTTAAAAGTGCCCAGGAGTCCTCCAGCATAAGCCCTGCAGAGCCGTCACTAAACTTGCTAGGCCGCGGAGCATTAGAACCAATGGCAGTTAAGCTAAGAAGAGTGTTATAGACGGCAAAGATGTGCAAACTACTGTTAGGGGTCTTTTCATTAGGCATGGGGACCGATACAGACAATACGACGGTCGGAAGCTCCTCGTTTCTGTGTTGTATGTTCTCCTCTGCTTGGTACCCACACATCTGTGCATCGATATGGCAAGTTAATGGCATAGGCCGTACCTCCAGTGTATAGGTCAGGACGTTAAAGCTACGGACCAAGCGCGTGACTGACGTGGCTCGTGGAAACCGTGAGCAGGCTTTACCGCCCGACTACATATATACTGAGCCTACCCAAGACGCTATTTTAAAGCAGCTTTCAAGAGCCGGGCGGTGCGCTGTCGATTATGGGGAGGACTTGTATTAGGTCAAGATGCTTGAAGTTGTTTTTGATTACTCGCCCCGTTTTAACCACCCCACGGACCAGCCGTGCCTCCAGCGAACAAATAATCCGGGTTCATGAGTATTACGATACTACGAGAACTAGATACATGAGACTAGGGCATAAGTTCGTGCAGACGGGGGGAGATTGCAGTGGTAGCATAACCTCGTAGGTCCATGTCGAACGGAGGTTTTGATTGCCACCGGGCGTCCCAATTCGTGCTAGGGATTCGTTGATGCGGTACATTCGATCATGTCCTCCTGTGTTAGTTAGCCTGTGATTTGTACCACGTGTTGCACCACTTAAACAGTTCATGGGAGTGTGTGAGGTAACCGTTACCGTTGTAACAGATACCAATTCAGCAACGAGTGGGGTCGGCACATATAAATCCGTCACAGTTTACTGTAGTAGTGGCCAAGGATAGGTCCAGCAACTACACCCTTTCTTGACCGCCCCGAAGGTTGAAAACGACCCCGCTAAGGCAGCGTGCAGGC,1266,49.84,Drosophila melanogaster
SEQ_676022,CCTAATCCCTCCCAAGAGAGGTACGGTATGGGCCACTCGCCACTCTGTTTTGAATGCCTACCCAAACGTGCTGGCCCTTGGGGACCATAATAAACACGATCGGACCCTCTAGTGGAAACTCACGGAGAGGACATGTTTGACCGCGATAGAGAAACTTTGTCAGGTGCTGCACGTCGACTATCGAGCCCTATGTGCATCACGCCGCACCGCCATACAGCGCCATAGATTGTTATAATGAC,239,52.72,Drosophila melanogaster
SEQ_573654,CTTTATATGACCTCACCCTATATTAGTAGCCCTATCAACCACAGTTCTTAGCGTTTGCACAAAGGCACTCGTAATTCGCAGATTACTTAACTCGTGGGCAACACGTAAGTAAGGCCACTGATGACGGGCGAGAATACGACCATCGCGGAGCCCCCTCGCTGACGATTGCTTATTGGACAGCCAGTCCGCGAGCCCGACACGCTGCTATCCTGCGAAGCGTCCCGGATGACGAGAGGCGTTTCTCTCCCTCTGCCTTTCCTATATCAAATATCTGGCCGGTAAAAGCCATAATCTGGATCTTGGGTGGCACTCAGGTCTATCCGGGTCCACATCGGTTTTTCAGACACATGGTCCTATATTCCATCTGACCGTTTTAAAGGGTGTGAGTACCATGAGACGCGGCCTTAGGTATCGTAGTGGATTCTTCAGCCCAAGGCTCATGATGGCATTTAAGTTCCCTTCAATGTATCCGGCCTTGTATTAGTAGTTTGCTACTCAGAGTCCCGTAACCGCGATGCTGGAACAACGCGTAGCGACACGAACCAAAACAAAGTTATATACCTTGATTCCCATGGGTATATGGGTAACAGCAAGTTTATTGCAATACAAAAAGATGTAAGTCTGCCTGCTTGATACGAACCAGGGTCAATGATCAATACATGTGTACTAGCCCTAACGGGCACAATGTTATCGGAAGTGAGTAGGTGCAACAATAACTAGATGCGCTGTTGAGTATGGAGAAATTAGAATCTGGGATCAGGGGACGTCGATACCTACTCGAGTGCGGCCCGTGGTTTAGCCAAGCACGCTTTCTGGTTGCATGGAAAGGGACTAATTATTTGAGGATAATGGGTGCGAGCTAGGCAACATGGAGTGGCTCAGATAAAGTGTTTGAGGCCTTCTCGAAAAGTGTGGATTCTGGAGTTTGGAAGGCGGGCGACGGCTACCTGTGGGATGCTCACCTGTGCGGGGCAGGGAGAGGATTAAAGATTACGGTTAGGCTATTCACCAACAGGCGACTACTCTAAACATTATCCTACGTACGAGAGGAGAGAGGTGGGCTGTTTCGGAACGTTCGGATCTACGAGCTATGAACCGTATGAACAGGGTTAGCCAGAATCAATCACTTCACCCGGACAGGGACTCGGGCTAAACTTTTGCATGAATAGTCACAGTATTCCTTTCCACAACAGGCAGGTGCCATGGAAATAATTGAAATAACGCAGAGCTGTGATTTACTTCTTTCAGTCGCTTCTACGGTTATTAGGGATCGCCGATGTGTGAAGCCTTGGTCAACTGGTTCCCCTGCGTGTAACGGCGTAGCGCTTTTCCGCCCCTAGCGACTATGAAGCGGACCCGGTTAAGAGTTCGCGCAGCGTTGAACAGTTAGATTAACTTTCTTCTGTCAAACTCACAATCCTGATGGAACTAACTCCGCTTGCAACCGGTATCTATCATATAAAAATGGAGCGGCAATAGGGCTGCGATCTTCAGATAATGAACCCAAAAGTCATGCTGACCGTCTGACGGTCGCGTTCGAACCGGATATCGCCATTCCATTTTCGAGGGCGTAGATGCACTGCCTGTGAACCTAAGGGTCCGCCTAACCTTATCCTTCCGAGAAGGCCGGCGGCGCTCCCCAAAAGGCTGACTTGGCTAGCTACACCGGCTGGTAAATACTTTGTCAATTGGTAGGGGCTGGTGTGAACCACTTCTGGTGTCGTATCATTAGAGATAAGTACTTGTG,1747,49.06,Caenorhabditis elegans
SEQ_642802,TGGCGGGGGCAGCCCCAGCATAGCTGCTGGATCTGGTACTCCACAACGATTACAAGGAAGAGGAAGTTTCTGCGTCTAGTTATTCTTACCCCATGGGTCGTAGTGTCCTGAGCGTTTGTACATATAGGGAAGTTGACTTTTTGTTAATCTTCATTATTCGCGTAGAATAAGTGGGCCAGAGATTAAGTTTCCACCGATCGCTGAGGAAGGATCGCGACCGTGCAGCGTGACGGAGCTAAATCTCGCCTTGTTATCATGAGTCTCGAGCACAGCAATCTTATCCCAGTTCTACCACTACCACTGTTCGGGATCTCGACAGGCGTCAACTAACAGGTCAGGGATTGAGAGGAATTAGCTGCTGACAAGTACGCCACTTCTAAATGTCGATCGTAGTCGATCCATCTTAGATATCTGGATTTTTTATCATAGAGTGTTGACAGGCGGTGGGGCATATGCATTGTCACAGGTAGCCATAGTAGAGGGGATTGCCCAGTGCTCTCTGTGGTCGGTGTACCAGGTTATGGCCGCTGCTCGTCCTGTTTTCCGCCCAGGTCAACACGGCCGACCCGGTTCCTAATCGCTCGTCGTGCCGTTGCAGGGGGATTCGGGTGCCCCGCGGTGATAGGTTGGAGGCGGTTTTATTACAGACCCTGTGAGTGGCCACACGTATGGACCCAATCTGTGTGGCACGCGCTAGAGCGTGCTCCGCGATAAGCAGATACCCAATCCCGCGTAACTATACGGCTCGCCATTTGAAAAACTTACTCCAGAAACCCGAGATCCTACTGACAATCCGTCAGGGATCGCCCCTTGCGACCCGTTTTCGTTCGTTTTCACTAGCTAGTCTTGCTGCTTCTCCATCCCTGGAAGTAATCTTAAGCGGTGTATTACCCGGCAGGTATACTCAAGTGATTTTCCAGGTCTTTAGAGGCATAAATGTGGTCGCTCCACCGGATGCATTAGCGCAGAAGTCTTAACCTAAGCTACCTACATTCCCGGAGCCCCTCAGACACGATTTGAGACGGACCACATCCCATTAAGCGGGGTGCGCGCATGTCATGTCTAGCCAAAAGGATGTAAGATACTTTTAGGCAGAAGGAATGTGCACCTTTTCGTGAGCTGACTTGCTATCTACGAGCTCGCATCGGAGACCAACATTCTGTAACCTCAGATCCTGAAAGGTGCCTTGGCCGTTCCGTGTGTATACCATCCTAACTAGAGGATGATTATTGATAGAAGGAGTCTCGTAAAGTCACGTGTAGCGAAAGGATACGATCTCAGAATGAGTTGTTCATGAAGCATGGTGGTAGATAATCGATATAGATCAAGATGAGTGCAGGTGGCGATGGTCGAAATTGGTACCTATATGTTTGATGCAGTCCATGGTACACGTGTCGCGACTTATTCTACATAGCATTAGCCCAGGACATACCACAAACAATTGGAACAGCGATCTGGCTCGCGTAAAGCGTAGATCCCATATTGCTTAGGAGGGCCCGGGTTGAATTACTTGAATACACCGTTGTATCTTAAGCAAAAAGGCCTTCCTTGGTAAGAACTCTTAGGTTAATAA,1573,49.21,Homo sapiens
SEQ_299785,TACGCCGGCAGGTGACCCTTTACAAGTGGGGTTAGTGTACATTCTCACCATGATAGCTGGCACCCCAACCAAGTCATCACGGGACTGTAAATAAACACGCTGCTGCGGCATACCCGTTGACCCCTGGGTCGCAGTTACGCTCGGGACGTAGGAACGGGCGGACGTATGTCTTTTATGTCCGATACGGGCCCACGTGCAGTCGCACCTAACAGAAATTGGCGATTTATGCGAAGCCAGCACTCCAGGGATTTAGAAACCCTCGCCCAGAGCAGCGTGGGTCATAACTTTTGTACGTTCGTTAGCAGTGAGGACGGTGACCCAGTTCCAGATTTGGATGGAAAGTAAGGCCGTCAGTTTCGCGACGGAACAATCTGAGGCTAGCGCTCAAGGGGACGATCCGCGACGTGATCGGAGGCCTGACTCAAACGCCGCTGAAAGGGTTATCGGGGTAACCACCCGTGAAGGCGCCCCTTAAAATGACCCCCTAGGCAAAGATGGTGGAGTGATCTGCTTTAGTCCCCAGCTGGCTTCCCTAGGCCCGCGCAGACCTCGGATTAGTTCTCTCCGCTAGTCTCACACTCTTCAGGCTGTAACTGGACCTCAACCACGTAGTCTGGCACTTTCTCAGTGAACTGCGTCTCATCAAGGGTGAAAAGCTCCGAAGACTGCTCCCATTATTGCTGGGGACCAGCGTCACATGGTGATGACATTGTTATGTAAAAGTACCGGGAGATGTTCGTGTGCTTCGTGGCTGACGGACTTTCCTCTGTTCTATCGCCTTCATCGTCTTGTGGTTTTCACATAGATTCTGACCATGACTAAGCCAGGGCGACCGTCAAGACTTAGGAAAGGCCACACGGTGTCCCAGGACTGGGAAATCTAACCGACCGTCGTTTCCTTTGCTGTTGCCTGTAGTAGCTCCAGTAATATTTGTCCTACCCTCGTAGACCAGTAGCACGGGGACCCCGGACCCCGGATGTCGGTACGAATAGCGATGGCGATAATGTCCGGACTTGAATTTAAGTATAGGAGCCTGATGACGATTTTCATATATCCGATTTCCATCTCGATAGATCATTACTCGACGTACCAGGATGAACCGCTCCAGAGGTGAGTTAACCGGGCCAACCTCTTATAGACCTTGGGCAAGCCGACATGATTGTAAGTCTATCGACCTACGAGGGTGTGTTGACTGGACCACGCTTATGCTCGCCTCTTATAGACGAAAACGCCCGGTACAGACCTCCACACTATTTAAGAATGATATCAGCGCCGAAAGCCAGGAAATACAGGAGGGAAGACTCACCACAATTGGAGCTAAGTATTTCAGCCTTGTTACTTTGAGCACTC,1350,52.07,Homo sapiens
SEQ_972819,TACGGATGTTCTTGGGCAGGTCCCTGATCCTTTTTCCGTCAGTTATTCAACCATTCGTGCGGGCAGAACTCATCAGGCAACATTACAATATAGAAGAAAGCGGCAACTCGCGTACTTATAAAACGACGAGGGGCCTACTGACAAATCTGTGCTATCGTGGTCCGGGCTTTATTGAAATCGATATTCAAGCCAAATAGGGGAAGGGAAACCGATGTTGTTAAGTACGGTGAGAGAATTCTCATAACGTGCGCGGTTAAATCAAGCGGTTGTCCCGACACGAGGTAATAGGTATGCCAGGGATCGGGGCCTGTTAAGGCGGGGTTCTAAGTGAGAAGGAGCTAACTAGCGACTCGGTCAATATTAACGTTAATCCATTGTTCAAAAGTCAACTGAACTCATAATAGGCTTCGCCTCTATGACCGGAGAATAGGTTCCTCCGTATTCCTTAGCACATATCCTAGCTTCCGCCAGAGGAGTCTCAAGGCGAACACCATAGGATCAGTCCCGGATCACCGATCTGTCATAAACCCATAATAGTATCATTAATAGTTACAAAACCAAGCTCTCTTCACAGCTATTGGGCCTGTCCACGTTGATCCGCAATTGTCCGGCATGTGTTCCTACGGGAGCCGTACTCAGCAATTCGCACATAGATCGTGCGGAGGTGTACGTCGCAACGCGTCCTACAGCCAGCTGTTTTGACCGAAGGATATTGCGGCAGAATAATCTCAAACGTCGCTCGTCGACAGTGCGCGCCTCGCGATCTAACAGGCGGTCATAAACAGTGTTCACTGTACGTTTCTTTGACACCCTAGCGGTGCATTGACTGACGGGCTAAGCAGTTTGATGATGACAGGGCAGCACCTAATCTTTCTTTCTTCGTTGCAAGACTAGCCGCATGTTTGAGGCGGGCTGTTAGGTGAATTGCCGCGGATTAGTTTCTACTGAGCTTGGGGTGTATTCATCCCTGGACTCTTGGGAAGCGATGTGGTGGTGAGTGTGGAGACCAATTTGGGGCTGCCTCTTTCCCACGGACGGGGGCAACGTGAGGGATGCACGTCTGTACACTATGCGTTGTTTCAGCCAGCATGTATTTAGCCGATTACCATCCCAATCACATAGGTCAGTCTCGACACGTCCCGCGGGCAGACATATTCGCCATCAGCTGGGGCGGACATTCTAATCGAACCAACTGCCCCCTTGTCCCAGACCTACTCCCGCAGGACCTGCCACTTTACTGAAGAGGGAAAAATCTTTTACTCTCAGTTACTTTCGAGCCTTGTTAATAGAAACTAGTGCCTAGAGAAGGAACGGTGAAACAGTTGCAGACGACTTCGTTGTCTGAAACCACCGCAGTCGTGGCCCGACAAGGGCGCGCTGGTTCG,1385,50.11,Drosophila melanogaster
SEQ_899047,GCCCATCGCTCACAAGATCGTGTATCAATAGTGAACGCGTGCACTTACATTTCGTCCTCTTCCTAGACCATAGCATGGGCTGGGAATCAACGATACGCCAGACAAGCACCTAGTCCACTGTGCTTGCGCTCTGATGCCGTACGGTTCACCAAGAATTGCGTGGTTATGATGACAACCTCCAAACGCCAGCTTAGCCTGTTTAGTAAACCGAATGTGGGTTACCTCCAGTTGATTGCGTAAACCATACAGGCGGGTGATACCCGATTACGAGAACTCCTCCGGGATTCCGTCTGATACGTTGAACTGACGATTCGGGACTCCCATGACGTCGCTTTCACAAAATTACCTAGAATTCTTTGTCTCTACCGGGTATTTATTAGATTCAAGGTGACAGCCGAGCGCATCGAACACTACGTTCACTCTAGAGACGAGCGTTAAACTTAAGATTGGTAGCGCTTCCCGCTACGGGTCTGAGGTGCCATGTACAACGGAGACCATCGACTCACCTCCTCATAGCTCCTACTGACGGTCCATTGTGAGTTCCAACTAGCTTTCCCCGGTCCGAAGTGTGGCTTTCCACCGCAGCTAATAAGTGCTGGTCAGCCAGCCCAACATTTGACCCCCGTTGGTCTCCTATAGCTGTCCCCAACCCTCTGGATTAGACTGTATTGTCCGGTCGTCCATGCTTTGACAGTAGTAGTTCTCCCAAGCAAGCTAAGAATTGCCGGGGTTCCTTGATAGACAGTGTATACTACTCCCGATTAGTGAGACTCTACTTCATGGGAAGCTTCAACGGGGACCTTATTCCCGCTAAGACTTTACCGTCTGTACTGCTCGGAGGGACTTAGCAACAGGACATTTTTTATCTCAACCAGTTCACTTTGCCCAGTGGCGCCGCCAGAGTAAACGTCCCCGCTTAGTTCACCTATTAACAGCTGCCCCCGGGTCAGAAGTTGGTGCAAGAACTCAATTTGGATTCCAGGCTTTAAAACTTCTGTGGGATTAGTAATACTGACCGTATGGCACCGCCGATCAGTGTCTATCAAACTCAGTACACTGGCCCGGTGATTACTTGCTCCACTTCCTCAGATAGGCTGTCATCGGTTGCTCCCCGTATTACCAGTGTATTGTTCGGTGACAGACGCGATTCAAAAAAGACTTGTGTTCAAGCCATAGAGCGAAAAAAACGTGCGTTAGTTTCTCCTATCATCCAGATTACCGAATGAACTTAGGGGTAAATACAAATCGGGAGCCGCGTACCGTACCTCGTGTAACATTAGGTTTACTAGCCAGGTCGAATGTAATCTCTCACACATTATAGAGTCCGGGGGTGAGAAGTGCCT,1343,49.14,Caenorhabditis elegans
SEQ_447096,GGAGAATATGACACACATAGGGATTACAGGCGAGAATCCGAAATGTAGAGTGTAAATTCTTACGCCCGATGTTTTGTATGATGACACTCGGGCCGCGACTACGCACTGCAAAAGCTAGCTGGTTACATATTTAGAAAGGTCACTCCCTTAAGGTTAGGGCCATGAATGCGATTACCCGCGTTATAACGTGTCCTTGACCCACAATGTGTGGTCGCAGAGCGCTATACTCGCGCGCTGTGTCTAAGGGCACCGAAGACACACCCTGGTAACGTGCATCGCTTATACGTAGTATTCGTCAGCGGAATCCTTAGAAGTGGGAATGATCCATTGGAAGCTCCTCAGGGTTTGGTCCAGCCACGGCGATTAACATTACGCCTAGCATGCAATAGCAGACTACTCCGGCTCCCGTTAGAGATGGGTCAGGCCCGTTGGCCGGACATTGACCATCGAGCGGGTCGGCGTCTGTGGCGTACGCGCGATTGTGCACCTATCCGCCACCGGGGTAGCAGAGATACAACTGGTCTCTGGCTGCACTCTGAAAGCAGCGGTTAACCATCATTCTGGCCTCAGTTTAGATATAGGGGGCTTGGACTTTGCGATAGCATTTCTCGCTTGTCTTAACATACCGAAACCCTCAGTATTTGATATCCTTACACCCGCCGACTTTCAACCCAACATTACCGCGTCAGTGCCTTACGCCACGTTCCTTTACGTAAGCGACGGCCCACCTAAGGTGAAACCCATCGCCG,749,51.94,Homo sapiens
SEQ_360893,GCATTCATAGGCCTCCCGCCAAAGTGGTCGTGACTTAGTCGCATGTTTATCGCTCGGTAACCAGCCCGCTTACCCGCCGGGTCTGGTGAAAACACTTCCGCCCAGTGGTTATTGT,115,55.65,Caenorhabditis elegans
SEQ_923279,ACCCCCAGGGCGGGCTAGTCGAGATTTACCACATCGGTGATCAGATCATTATGGGTGCGACTCGAATAATTTACTCCTAAGCAATTCCAAGTCCGATGGCTCGTGGCAGTACCCATATATGCGCTATGGTCCAATAACACACTTGCGGCATGCGCGTCTGCCCACTGCGCGTCAGCTGGAGGATCGGTGACGGTCTTGTACTTCGTTTCTGTACCTATGGCCCCATCTAGTTCCTCGAATTGTTGCTATATTATGCACAATCCCGACGCCGCTATATTAGGACAGCTGCGGCATACGAGCCCCGTAGTATTTTGTGCTTCGACCAGACTGGTCCAGCACGTATTTATTCCGCAGCAATTACACATTCCTCGGAGGCTGATGTTTGAGACTTACTTTGGTTACCTTCAAAAGGATAGCCCCTCACTCTGACAGGTTGGAGCTTGGATAAAGGTAGCCCCATCATGGATCTAGGTGAATCCTAGAAGTCCTGCGGAATTTCTTATCTCCCGCTTCGAACGGGTCTACGTTAATGTGCCGTCCCCCTGATTATTTCCCTCCCAACACCGCGTCTCTTGCCGAGGGGACGCCTGGCAACGAGTACGAGTAGGTAACAAAACATAATTAATCCTAGCGCGAATGTCTACGTTTCGTGGAGATTACCTTATCGGTCTGGATGCCAAATCTCATCGCTGACTTTAATCGTTGAATTTGGATGCATTTTTGATAATACTGTTGCCTATGCTAGGGTGAACTACTACGCCAAATAAGGGGCCATGAGCGTAGGCTGCATCGGTTGTAAAAGGGGTAGAATCGTTAGTCCGCAATCGAACAATAAGAAGTTCGAGGCCACTCAGACGTGATCACGAATGGTCAAGATTTGCAGCCGTCGTAAGATATTTCCTTTTAAAACATTCCGTGCAACAAGAGAATTTCTACCCTGGTTGATAGAGGTCTAATACACTGCGTAACCGACTAATCGGCTACACCGACTCCTCTCCAGTTTCCAAACTAATGGAAAACCATTTCGGGCCCGGTTGCCGTAGCTCAGTA,1050,48.38,Drosophila melanogaster
SEQ_460607,GGTGTGCTTACCTTGCAAGAGTGTTAGTATATCCAGTGAATTGTTGCGCTGTCGATCGATCGGGCCTCCTCCGTCAAACCTAATGGGATTACGTGCCAGAGCAACATATGATAGGAGCCATGTGGTCGAGTCCCTGAAGATACGCTATCCCTGGCAGGTGTGTGGTGGCCTTAGGCCTAGCTGTTCACGAAAGGTATTTAAGAGAATTGAAGTGTGACCGCATTCTCTGGGCACCATTGGTCTGACTCATCGGGACGTCCCGCCTTATCGGTACCTGAGCCGCGGTGTCTAAACAATGCAGAGAAATGGCAGGTACAAGTGGTGGTCAGAGCCTCTCTCCAATGAAGACTGCAGATCTTAAGTAACTGGATATAGCGCAATCTGTACCGTCACCTTTGTTGCCCTTTCGCGCAGGCAGCGTGAGGTTAATACGATCACCCGGTACCAATAGTACCTATACTGGCGGTGTGAACGAACTCTGCAACATGTCCCTCTACGGCCAATGCACTTCTTAAAGGACCTGATAACCCCCACTTAGGTCGGGGGCTAACCTGCGCGAACAACCGTTCCTCTACCTGATGCTGGTTTCCGAGCATAGCTCTAGTGATTTTGAAAAATGACGAAGATTGTAAGCCTGGCGGCTAAGGATATATAAACGTCTTCGTACCCGCACGTATCGTTCGTCGGAAGGCAGATTTGCTTAGTGCGCACACAATTCGGACTCGTAATTATGTCGGCATTAATAAGCTCGGCCATGATCAGCACTGTCCACTGCTTATGTTGAATATAAGGCACCAAGACAGGGACATCTTTTCTCCCATGGGTGGAGGATCCTACGATGTGATTCGATATTGCCGCACGCTGAGATCCGATTTTAGCTCGCTACCGTTCTAAACTATAAAGGCAGAAATTGGAAAAGACCCCCTGAGCAAGAGCGCTCGATACATAGCCCACCGAAGGAAGTAAGGTACAATAAGGCGGCGGAACAAATAGCGACAGCTGTTGTTGTCGCGTTCAACCAGGCCACAACTGTTTGACATTTGCCCCGGCGAGGCCCTCCTCTCTGACTAATGCGCATTCCTTCCCCTTGTCGCGTTTGGCAAAGGCGTTGCTTCACCCTTGTACTTCGCGGCGATACCGCGGTGTCCGCATGGTGCGAGCTCTTACCACTGCGGCCGAGAATTGCCGGCTCTGGGATCCGTTGTAAGGCCAATGCACCATTTGACGCTAGACCGTCCAGTGCATATAAGGAATGTCGTTAATTATCAGTGCAATTATTCCTTGTGATCCTCCGGATCGTTATTAAGACCACTTGCCCTACCTTGCTACTACCTTTAGCAACCGACCAAAATTGACCCACCCCGAGTAGATCCGCCTCCACGAATCGGGCGTGCCCATTGTGTCTCCGACCCACCCAACGGATAGGACGTGCCTCAATGGTGACCGTGGTGGTTGACATACAGAAAACTATCATCCAGGCACCACAAGATAATCGAGCCGATAGAGGAAATTGGGAATGCAAAGGAATCTCTTCGGGTGGTTCTTTAGCGGCCAGTACGACACGAATTTGTTCAAACGTAGTTGTTAGTTTTTTAGAAATGCTCTTACAGATGCACATAGCGGAACGCTCAACTGACCCCAGAGGGTCAGTTTGGAGACCCCGCTGTGATCAGATAGTGGTTAGCCAAGTTGGAGCATGAACAGCCTAAACCAGAATGCACTCTGTTACGACTTCTCCTTAACGCTCAGACGTAGGCAGACTCAGTTTACCTGCGCTCACGTTGCACTAAAGGATACTCACCCACTCGCACTGATCGTATAGAATAGGGACAGGTGAACGTTTCGCTTTATTGATGATGTGGAGCGCTCGGATGACCCGTGACGACTGCTGGGTACGAAAGGATTCGATCGTCCTCGCTCTTTAAGATGTTTGGCAAGTGGTGGCTCATC,1950,50.36,Caenorhabditis elegans
SEQ_740389,ATGGAACGAATCATGCTGACCTATTCATCGAGCTTCAGTTATATTTGTAC,50,38.0,Escherichia coli
SEQ_554477,AGCCCAACCACTAATTACATTAATAGGCTACCACTAAGCAATTTGACGCTACCCGGATTCATTGAAGGGGCCAAACATAAGCCTCTCACAAGGCACCTCCCAATTGCCTGGTACTTAGACACCTGATTCTAAAGGAAGACGGGTTTCGTTTAGGCAGGGCGGGTCTTTGCCGTACTTCATAATAATGCTTTACACATAACACCGCCCCAACGAGAACTAGAGCTCGGCTTACTTGTATTATGAGCCCCAGATCATTGTTTCCGCCCAGCAACGAATTTGGAGGACGCTGTTAATATTCGCGTTTGGGTTGGCGGAACGTGCTAGACGACAGGACAATATGTTTGTCCGTCTATTTTGCTCGTTTCGGGCTCAAGGTATCATGATAGAAATCGCTGACGGATGAATCCACTTAGCATTGTCAAGTCAGGAATAGTACCGTAGGAATAAAACTCCCGGCTCATGCAACGTTCTGTCCAACGCCGCGGATTCAGGCTACGACTCCGTGCCCCATAATAGTAGCGTCCCCTGATCGATACATATGTTCTTTAAAACTACTTCGTCTCGTTCATTCTGCTATTACGCGTGACACACTCCAAGCCATACCCTCAACTCGTATCCGCTGACTCTGTTCGCGGCCTGGTGTGATAAGATTACCCGTGCTTGAATCGCGTGTATTTGAACTGGATGACTCTGTTGTACTATTAACGGAACCTTCAGACAAAAGCAGTGATGCTGCACGTTTTAAATCTGGTTTGTATCCTCTCGGGTAGCAAAGCCTGACATGGCACGAGTGATCGAGCCTGCGCCTGTCTTCCTAATCCCAAGGTATCTGGCGAAGTCCGGGCCTATGACACCACCTGGCGAGAAGTCTGAGGTACAAAGATTTGAGCAGGCTCCATGCTGCACCGAGTATGACATCGCAGTGATTCGTATGATGGGGCCGCAAGTGCATGCTTTGGGAGAGAAACTATTTGAGCGACACGCACTCGTTCGGGACGGCGAACACAATCCAACGAACCAGCCCCGCTAAACCTCTTGACTAACCGGATAAGCAGAGTCCACATATAGAATTGAAACAGATGCGTACGACGGTATCTATCCTTCTACCACGAAAGACCCCCTGTACGCGTCCCCTGCACGCCAAATTAGAGAGTATTATGCGTTATCTAATTTAGGCAGCTGGGGGCCAAGGGGGGGGGCATACGTCGGCTGGATCGAGCGTGTGGCGTCCTTATATACATCCAATGAGAGGTATTTTGACGTAAAAGTGAGCCGACAGACAGGCGTTTGTCTTCGTCAGATTCGGCACTCGAACTATGTCCCCTTATTTAAGGTCAGTGTTTTTACGGTCGTTGTGGTCCGTATCTGATGCGAGCAAGCAGATGGGCGATGGCTCGACTGGGACGCCTCGCGGCGCGTCCTGTGTCTCTCCTCTGCGTTACACAAAACTGGCGTTTCCGCGCACGGGATGTCCCGTTGAACGCAAACGGACATGCATAGGGAAACGTCGCAACAGGCATCGTGACAATCTAGCATAGACCGATAGGGCTATTATAGGGGGCGCTCACGGAGAAAATACAGTGGCCAGGAAAAGGTACATCACTCTGTCCTCCTTCGCTTTCAAGATCGCTTTAATGAGAAGTAGCAGTCTATACGAATGCGACATTGCCTGCATGGCTGAGCCTCGTGCCAACCGAGTTTCATAGTTCAGGAATCAAATTCTGACATGATCGAACGGCGTAACCTCGACTGGGGCCAAAAATATTGATCCCTGGCATAACCCGCCCTGATGTCTAGGGACGCTCTGTCAAGCGCGTGAGCTAGAGGCTGAATGTATCTATCGATTCCATCAGATTCAATGATATTACCTCTGGCTCGGTGGATTTAGCACTACGCCGAAAGTTCACAGAGTCCAACCTCAGACTGGATGAAAGCTACGCGTAGGTCTAAAGGGTTGCCGTGTGTTC,1967,49.92,Saccharomyces cerevisiae
SEQ_451354,ATTTCCATCGTCTAGAAGCTGGTTGTAGCCCTGACACCGGAACAATATAGCCTCTCTAGAATCATGGTCTAATAGTGCAAGTAAACCCATCAGGGCGACCATCCATTAGTGTGGACCCGAGTCGTGCTAACTCCACGGCGCGCCAGCCGACGACGATATCTAAGGTCTATGTCGCTGTTGAAGTCGTATAGCAAAACTTGCACAAGAGTCCTAAATGTTGCTGTCGGAGCCAACG,235,49.79,Caenorhabditis elegans
SEQ_840048,GAAGCATACAGGAGATCAGCTGAAATCGCCGTGCTGATGCGAATCCAATTCAACGTCCTCACGAATGTTATCGAGTCTCACTAGCCCTATAGCAGCCGGTGGAGTTTGGGTCGCATTAAACACTAATTTTGTAAAGCCTCTAAGGCATACTACCGCTCAGTGCCCTGTTCTGTCTCGGAGAGGGCTGATTGCAGCACAGGTGAATATTACTAACCGTCCTCTTGTTAATCACTTACTTGATCACGCAATGGGCGCGACTAGACGCTGTTAGGAATATCCTGCGAAGTGCCTATGTCCATATCTGTGATGATTTTCCGGAGATGAATGATGTATCGGCCCGTATAGGCTTTAAGGTACTCAGTCTCGTTTATAGTGCGTCCGACACTACCTATCCGATTGAAAGCACCACGGCGGGGGATCTGCAATGAGCTGCAATGGTTACAGCGGCAAATAGGAACGTTTAGCCGCCCTGTGCATGATGAAGGGAGATCCATGCTTTAGTCGCAAAAAACGCTGGTGGCAAGAATATTAGCGGCTCACGTACGCGGGGCTGTTCTGAGACTAGTGGCAAGTGGAAGTTCAAGGCCCCACTAGAATTCCGCCGTCTCCGGTATCTATATGTATCATCGGTGTCGATCGGTGTCATCATACGGGAGTCTAGTTCGGTATCAATCGTCCGTCCCGCCAGCAGTAGTCGTAGGAGGCCGGGAACGGATGTGATCCTGTTCCAGCTCTGTAGTCCTCCGCGTGACAATTATTATCCGACACTAGAAATGTGGCTAGTAACATAGCGTACTTCTCGATTTATTAAGTGAATCGACCTGGGGCTTTGATACAATCAGAAGTACAGCCGCATAGACCGAACCACTGACTTGTGTGCCGAACAACTGGGATTTTTTTAGTGTTTGTCCCAGGCCTCTTTGCTGGGGCTGCTACGGAGCAGGATAAGTCAGATAAAGCCAGTGATTGGGGAAGAATGTTACCCATTCGGAGATTCAAGTCCAGCGCGGACCATTTCTGTCACTAGGCCAGTAAGGCGTCTAAGATCCATAAAATACCCAGGTCAGAAGTAGACTAAACGTGGTTCTGCGTGATTTCTCACGCTGGTCTCTGCACTGCGTTGCTGTTGCTTTAAATCATTCCAGTGCCAACGGCTAAATTGCTCCAAATTTGTCCATGTGAGGGACTTTGGTACTTGTCCATATCTCGCAGGGGTCATGGAGTCCGTCTCGCTTTGGAAAGGTTCCACGTCCTTCAGAACTCCCCGCGCGAACTACAATGGACTTGCTTGGCGACCCGATGCAAGTGCAGAACTCGGTGATTTTACCTAACTTATGAGATTTTCGAGCACGTCACATCGAGTCTGCGTATGCATTGATGGTGCACAGAAACCAATACGTGCACTTACAAAAGGGCTGCCTGTCATCACTGAAAAACTTCCTGTTTGTATTTGAGATTCGGGTGCTCGGTGGCTAGTATGACCGTGCGGGTGTTTAGAACCAATACCACCATACAGATATTACGCCATCCTGCATCTACAACATCTGCACTGGTGGCC,1558,48.97,Arabidopsis thaliana
SEQ_886065,GTCCACCCAGCTCTATTATGATCCGCCCATTTAGCCAGCTTGAGATCTACAAACACCCACCCCGGACTTCAATTTGTAGTCGGCAATACTTCCTCACTCTATTTATTCTCACTAACTGCACACTCGATTCACGATACAAAGGTTATTGTTGGCTCTATCATGAGATCTTAGATTGGATTAGGCAATGAGGGTCAAGTGATCCCGGGATACGCTGTTTTAACTTTGCATAAGTTGATGATGCTTTGGTGGCTAGTGGACATTAGACGGAGTCTTTAACTCACCGGAATTAGATGCTAAGGTCATACTGTACAGGTCAGCTTCTTAATGTCCATGCTGACTTAGTCACGCCGCCAAACTCGCAAGCCTCATCAACAGCTAGTGAGTTGGGAAGCATTATACGTGTAACCACTCCCGAAGCATAACCCAGTCATATCACCCCACCTTGACCTGTCCCTCAAGACACGATACACGCCAGGACAAGGCCGTCCTTCTAGCGGAGCCCAGCGTGCCAAATGGTGGAAGCGACTGCCTTAAATAGTAAGGTAGTACACGGGCGCATAGTATCCCGACAGGATACTGAGTCTCGGTCTACGGTATAGGAAGTGGAGAAGGTCCTAGCGACGTACGCAGACCGGGT,637,48.51,Homo sapiens
SEQ_172269,CGCCACTCACTTACTGGCCAGGACAGTCGTGCTGCGAAGTCGAGCTTCGTAGCTGTTCCGTTAACTGTCGGTGTCAGTTGATTAATTACCGGTGTCTTCCGGTCAATCTCACTTTTAAGGCCTCAATAGATGGGACCTTGACGTTATACGTTAGACTCTTGGAGTCCTCGTAGTGCGCCAATCCATGCTTTCAGAAATCACGCCAACTGAGCTCTCCTTAACAAGAAAATGGGACGACGGGCCTGGGCAGTCCGTCCCCAAGGGCGGTGCTTGCAGCGGAAAGATATGTAGGAGGCGTAGTTTGACGAATGCTGGGAGGATTTCAGGTCAACGGCCCCGGCGACTGTACAGAAGCCGAGTCCTACAACTCTCGCGTTGTCAGGTACGTCTCGTTGGGTAGACCGTTCCAGCATGCGGAATACTTTCGGCTGATATTACATTCGTCTGGCTTCCGCTGACCTCCAGAGCCAGTGAGTCCAACACGGGGCAACAGAGCTCCAATTCAATATAATACACATCCGGAAAGGACAGAGGTGGGACCCAACTGAGCGGCGGCATGTGCTGCTCGTACAGAGGGGAACCTTTCATATTTCAGTGCGCGATCTTGTCGTGCACCGATGTGCGTCGGTTCTAAAATACACATCTGACCCGGACGGAAAATGAGGATCTGTCCTGTAAGGGGGATTAGAGACGTAGGAAGATACTCAAGTGTTCACAGAGTGGTCTCGCTGCCAACAATGGAAGCGCAGTGTACTGCGCGTATCTAAACTCTTGAGATTAGTTTCGACAGCCAAAAGACATTGCACTGAGCGGACATCAGAGGAATTGATGAGTAGGCAAGACTATTCAGATACGCACGTGCTAGTGGTGGTTGCTATTACTAAGAGCTATAGATATTGCATTGACAACCAAGAGGAACCGATGTCACCTGATCCCGCAGGCATGCTTTAGGCCCAACACTCTATTCCCTAAGCTTGCACACATCATCCAGGACAGCATGCCGGTCCCGTGTTCCTCATTGGCCCATTTCTTTAGGTCATTGGAAGGTCCACTGCGCTGAACCTGGTGATGAACCGTACCTACCCAGATAGATTACCATGGGAACGATGTTAGTTCCTCTAGACCGGATCACTTCCCGGACCAAAACAACTGACCCCTGCTGGACTCAGTCCCGCAAAGTGCTTCATATCGGACAATTGTAACTTTGCGCGATTACTGTCACTTCCAGAACTGGTAATTGATGTCGTCAAACGTAGTGTTCCCTCTCCTGGGATTACTTGGATGAGACAACGAACAAGCGGATCCTAATCGGGCACAGTAGCGCTGACCATTTGTTTGATAGGACTTCGGGTAGCTAACGGGCCGATACTATTTGTAAGACAAGTACTTCTCTGTGAGATCCATTTGATGACTATTCTTACTAGTTTTCAACATTGTTCGGCTAGAATCCTAGAGGTTGTTCGTGTGGCAAGCTCACCGTTAAGCGGGAAAAAAGAATTGTTTTATGCGCAGATGCCTAGTCCGACAGACCGACATCGTACCCCGGTGTTATCATCCTTAATTACCGTCTTCTTCGCTTTACT,1583,49.59,Drosophila melanogaster
SEQ_587419,AGATTAGAGGCGTAGAGAAGCGCGCTAAGGTGCCGCTCCGACCGGATCAGTACGAACCCTCAGTTCTTCTCGCACAGCTACGAGGCTGCATACCCAGTGACAAGCACTAACCTACCTTCTTAC,123,54.47,Escherichia coli
SEQ_931073,GCATAGAATTTGCTTCTACATGGCCGCTGCGCACGCTATTTGGTTCAACGGGAAAGGGCATAAAGCAGGGAAGGGCCCCCTCCCGGACGTAGTTCTGGAAGTAGCCACTTTACCCTGGGAGGTAGATTATCTTACGTTACTGCGTTGTGTATAGGGCAACTGACAAATCTCCGGAAGTTTGGGGCCAACTCCTTTTGGGCAACATCGGCCCGGCCGTAAGGAGGTACCTGTGGAGTCCAGTCCAGCGTATATAACGAATTCGAGGAATAACTAGCTTCCTACCCACTTGCCGGGCAATGACGGATGGAGCAGAGGCATCAGGAACCGAGTGAGTTAAGTTGAGCCCAAGGAAGACGATTCTATACTAGCTGGTGCAAACCTTGCACGCGATGGGATCCTAAAAGAAGACGTTTTTGTATTATGTTAGAGCATAAAGGTGGATGGTCCAGCTATTGGTACTCGCGGCTTTTACTTTCTCCGGTGGATGCTAAAGTTCTATTACATTTAAAAGACCAAGCATGTCCTGGCCCTGTGCGACGACCAACCCTAATTGCCAAGTAACAGAGGGGATCTTACACACCATTTTGCATAACTAATTAGTTAGCTACTCACTGAGGTACCCGGGAGCGCGCTCCCCTTGCGCCGCGGAATCAGTGACGACTCTGATCATAGTGTCGCGGGGCGAACAGCTGTGCCGCCGTTTTCAGCGGCAACGTTCCGCACTTCCGAACCACTTCATATTTTGGAGTTGCTTGACAAATTACCCATAGAACGAATCACTCGTAAAAAGGTCCATACCTGACAGAGGAGATTAATAAATTTAGGCTTCAGATCCGCCTTTAGTGCAGTCCCTTCGAAAATTACTGACTGGCGCTTCACCCCCCATCATGTTTGATTATTCTATCTTAAACCGCGCCATACGATGCTGCGTGCCTGTCAATGTATCTATCCCCCGCGTTATTCACTCGAGATCAGCTTCCACTTTCAGAGCCGTTGAAGTATAGAAGCTCTGGGGGA,1017,49.36,Drosophila melanogaster
SEQ_702601,GCATAGGGCGGTCTGTTCACACCCCTATTTGGCTCGACTTAGGCGATAGTCGGTAAGCGATATTTACATATACGTCCTTTTCCACGCCCGTAGTACAATTTTTTTTAAAACCAAATGCTACCAGGTCCTGCAACTTCGGAGGCAAGAGAAATTGTGGGGCTCCATTCGGGCTATGCCGACTTCGAATACCTCGCCGATAAGAGATGCATAAATGCGTCGCTATGCAGTCGTATCTTTTACAACTCCGCTGTGCTACTTGAAGCTCGGGCAGCCCCTGGGGTTCCCAATATGGTCGCATACAACTACTGGTTGGGCTCATGAAGCGGTTTTTAACAATATCGGATATCGCATATTCATGCCCTTCGTAAGTCACTCTTGAAGGTTGGTACGCTGAGCCAAGTTCGCACGGACACTGGTACGTAGGAGAGGTGTACAAAGCGGTGCTATTAAAGTAACTCTGCTTTTCAAACAAGATATAAGAGCCAGCGATCCCGTTTTGCGACTCGGTACATTCAACTGCAATGGTAATAACTTTCTAGCGTGACCTTGCGTCAAGTGGCACCCGGCACAAGTTACTGACTCTCAACCGCACCCCACAGTGCGTCAGACTAGTTCCGTGACTTGCGCAGTTGCACTCGTACCGCGATCCGGTTCCAAGTCCAAGGCACCGTGGACGCAGCGTCATGACTGCTAACCCATATACAAGGGCCCGGAGGCCTAAACCAATACCGTGCCGGACGCCTGCCAAGCGTCTCACGTTTTGTACGAAAATCCTCCCTTGGTAATAACCCGCATTGTTGGGTAACATTCGTAAACCTTAAGTAAGGCTTAAGATGAAAACAATCACAGCGACAGGCGCCACAGTTTCAATCGGCCTTGGACGCGTTGAGGGTAGCAGGTCGGTTGGATGACAAATGCTACGAAGGCGTCGACGAGTTCAGAAGTGTGCCGAAGCTGGCATTTAAGAAACTGTGGCGGAAGAGTATTACGCCGCGCGGATCGGTCTTAAAAGCCCCATTGTCCATATGATATACCTGGCGGTGGGCCTCACTATTACTTCATATGTGCCTGTTGACAAACGGTAGGCCTGGGGGTGTTAGAATGAAGAGCCGGGCCTGCTATTGTCGGCCACCGCTAATAAAACAACCCTCGTACCTCGCAAGCCCTATCGTAGTATAATCGTCCTATCAGCGCTCTCCAGCCAATAACGTCCACTGAGCAATCGGGCTTGGGCGGTACCGCCTTCGTCATTGAACTACCTAAAAGTAAGGCTGTGCCATACTTTCCTTAGAGGCTAAGGCTACATACCCGACCCCGCCCTTCGGAATTTGAAAGAAGCAGCCAATATTGAGTGATTCGAAAGCCGAAAGTCTACCTGGGGGTGAAAGGACGTCAAGAATTCAATCTACCAAGTCGCCCCCGACTGATTTGCCCGCCTCAGAGCTGCGGAAGAGGCCCTTGTCAGTTGATGATATGGGAGTGCAAAAGGGCGAATTCCACAGGCAATGATTATAGTGGGTCTACGCCATCCTGACAGTTGTGTAGACAATAGCACCTATCCGCGCAAGGGCGAGTTACTACTGGAGGAAATTTTTACCCCGTCTCTGGTCTCCCAGGGCTGCAGGATCCGTATGGGCCTGAAAAGACGATGGTCTTGAAACGTGTGTGTCTGTCAGAATGAAAGCACTCATGTACGCCTGACTGTGGTAGTTGCTACGTAGATAATACACACCTCTTCACCGGTCCTTGCGCCGCGGTGATTTAGCGCTAATCTGGTCCAAAAACCCGGGCCCACGACTTTGAGCTGCTGCGTACGGAGCTAGGTAAGTGCTCCTCCTAAAGG,1843,50.9,Mus musculus
SEQ_684237,CTCCTCCGGCTTGATACGCGCCAATGGCTGATTTCGTAGGCACTTTGGGTGGCATCCCGTAGAGGAAACTTGCAAGGAGCAAGCGTTGTAATCTCTCTAAGAATGGGCCTTATGAACGCGATCGGCTGCATCGGGCGGTCTTCGCTGGAGTAACTGTGCATAATCCGGGTTTGGATGCATAAACGAGGAGATGACTGTTCAGGTGAGTTGGAGGTCCCCGGCATTCTGAAAGTAACGCCGTTATAGTTTTGCCATCCAGAATAGGTGCTTCCATTGCGTGAACCGTCCGTCGACGAGGTTACCCTGCTGGATTACTGTTAAAGAGGTCACACAGCTTACCTACTTGTCAGCGCCGGTCGGCTTACCGGGTGCGCACGTAGCTTTTGCGCCGTCCCATTCAATAGCGGCACTGAACGATAAGACACAATAGTCAGGGCTAGGCTCATATTTGTTGCCCTTTCATAAACTGCAACGTGTGATTAAGATTACAAAGCCCTGTACATATTCCCTGTGACTAGCTGACGCCGTTGGGAAGGTCAGATGCTAATGCAAAAGCTGGTTCGTATCGCGTCATGGGCTTAATCGCTGCAAGGTTGTAGCCGAAGAAGAGATACATGTGCCGAAAGCGTAACGTGTCATATGCCGCCTAACTGTGACGAGGCAGACTGTCCGATTAACTGAGTAGCATTATATATCTAATCACTGCTGGGCCTCATGTGTGTTCTGACATGCGCACCGGGTTAAGACTATGACATTCAGTAGTACAAAAGAAGGAAACCGACACGAAGCTTTTATGAGCATTGAACGGATTAAAGCGAGAAGGGGACGTTTGTAAAGAATTTCTTATTGCTTCCCGATCCTCTTGGTGACTAACACCAGATACCCAGTTCTATTGCCGTTCCGCCTGCGCCATATAAAGGTTTCTAATCTAATTCGTACAGGAGGATCCCTCGACAGGCCTCACACTGGTTACTTGGCTATGACTGGAGGAAAGACGGTTAAGCGGGCAGGCATGGGCCACTGTGAAATCGGCTGTCGACCTGCTCTGCCAAACCAAGCATGGAGGGGTCATTGGCAAGCACAAGCG,1087,49.86,Caenorhabditis elegans
SEQ_735390,AGTCTTTCTGACTAACGTCAGCGGAGATCACCGTTTCATCTTCTTATCCTATTGCTAAGACGAAAAAACTAATGTCCTCACTAAAGCTTTTGAATTTCGGGAACCATGGCTTGTTGTCAGTTGGGTAAAGAGAAGGGTATAAGTAGCCAAGTGTCGCATCTATTTGGTAAGTGGATCAAGCCTTGAGTGTAGTCATTCGTGCTTATGCAATGGTTCTACTCATCACTACTCTCTTGGGGTCCTCGAGCAAAGCCATAAGGGTGACTGGGCTCCGCGGGCATCATGCCAGCACCAGTCGACCCCATCCGGGGCACTTAATAATTTGAAATTGCGAAATCACAGAAAGTCGGACGGTGACTTTCGATCACTCTAAGACCGGGCTATAGCAGCCCCGTACTCGCCAAGCGGGAAAAGCGTAATGAACATTTGACCTCTTAGTAGGGACCGGTTGACTAGAATCGCGGGTATTCTAACGGTCACGCTGATTCGCTATACATAGCCCCAGCATGGCCAACAAGTGACGAGCGCGCCCTCTACTCCGGTTCGATCCACCCACGGTGTTGCAACACCATAGATCTGAGGATGCGACTTAGCTGTCATTTCTAAGTCTCTCGCGGGTAATGTCGGGGTCAGACACCGTTCGGCGGGCCGTCGCACGTCTGGGTTTACAGTTGCAGTGGGGACCAGTGTGGTCTTGTCAGTACGCTGAGCGGCTGTCGTAGCACGGAGTGTGTCTGTTAGCGCTGGAGCCATCGATCATTTTCTAGGCCAAGAACATATCGAGAGGCTGGTTGTCTCCCCTATAGGACTAAGCTACCGGATTAATGCTACGGCTTATTATACCAAAGTATGTGGTACCACAGGGATCCGTGACCAGATCTATTAAGGTTGACTCTATGAAAGAATTGGTCCTTTTATCAATGGGCTATATGGGGTGGGTATGGCCAGTGCAAGGCGATTTGAGAACTTCCCATGTCTCCCGTACGAACCGCTGCTACATGATACGGGGTCCTCTTAGTAACCGTTGCCGCCTACTACTCAAAAATTGGGAAATGGTCTGTGCTTGACCCGAGAGGAGCTCCAACTAGCCTGAGAACGCCAAGTCAGATTGGTTAAGCAAAACGGGGTTTGCGGGCGGCGCGTAAGTACATTTGCTCGTCGCGCCAAGTAACAGTCTATGGCTTGAGCCTTCTTTGACGAATGATCGTAAACCTCGTTGTCAAGTATGCTAAGAAGTGAGTCTCTAACCATTGTAGAACAATCTGTATGTTATGCCCGTGGCGCTATCAGGTAAAAGTACTCATTCGCGGACCGTTGCCGTAGCTTCTATTCGGAAACTGACTACCACGGGCTGGCCTACCTTTATAAATAGAGTACCGGCCAGAAAAAGCCCAAAATGAACAATAGTCGAAACTATGGAACCGGGTGTCGTTCGCGCGGCGTCGCGGACATAGTGAAATAACTTGGCTGTATAGGTACTCGATCGATGTACAAGGCGTGCAATTTATAGCGTAAGTCCCAGCGACTAGAGCGCAGCATCACCTCGCCGGCGAAGTGTTATGTACACTGGGGCGTAAGAACTAGATACAACTCTCTCGGTGATGGCAAT,1609,49.66,Homo sapiens
SEQ_770688,CCGGAACGTCGGGAGCCACCCAGCTATGTGCCCTGAGACTGCCAGAAGAACCAGGAACAACCTTCAGGCTTTGGGCCCGAAACGATGAGAGGACCTTAATTTATACTTACTGGATGAGCCGTCCGGCCTGACGAACAAGTGATGAGATCCGGAAGACCCCGTCTTCGGGGGGCGTCTTCCTCCACGCCAGTATTGGTGGTGATGCGGCGCATCTGTGATCCATTTCCTTCCACGACGTTTGCGCAATGCCGGGACAATAGAGAGGTCTCCTAAGCCCCTTAAGATCTCTATTGACTGGTACCAGGTAATCAAGGTACACGATGCTCGCATGCGGTCGGTGGCCTCAAGGGGTCCCTGTGATGTAACTCCAGCAGCCTCCGGGCTCGGACCACTCTGTGAGCCGGTGAGCCGGAAGGAGTTAATTTGGATGTGTTCTTTATATTAGCTCGTCCTACGCCGGTGGTGTAGGTCCTTTCTAGCGCTTTATACAAGCCCGTGTCGATGACCCCCCGCAGCCGGATATTGGTGGGGGGGGTTGTTTGTTCCCTGTATTGGTCCGTATAAGATGGCCGGCCTTGGGGCCGACTATCCAGACTTATGACGTGTGGGGCTAGACGCTACGCTAGCCAAGCTCAGTAATTTGTACTGACCAGATATATTTACCCGTTAGAGATGTTGGGCTATCGATTGCTTATAATACCTGCGATGTTTGACTTACGCAATCAAACGGACTCCCAATGCTTCTAGAACCGTATTGAATAAGAACCGAATCGGAAGTCAGAAGAGATCGTATACTCGTGGACGAGCTCTTGGACTCTCTTTTACGCCAAGTCAAGTGACTGCACCGGCTTTTCCCGATGTTTACTTAAACACCGTTTTGGCGTGCGCCCCTGTGTTGCCTTTTTATACAATGCACACTAAAGACATATGACGTTGATTGGGGTCTCGAATCGTGTCTTCGATACATAGAGACTCGCTAGCAGCAACACGCTGCTCCTCTCTAGACGTTAATTGGAGTGAATCCGTCACTGTTTCCAGCATTAATGTGAAAAGGGATAGGGCAAAGTATCGTGTAGCAGGGCGAGACTGCCCAAAGATAATCAGATTTTGGGCCACGCGGGGTTCTTCCCGTCTACTGAGACACGGCTGATGCAGTAACCCACAGTGACGCGGTTTTATTTTGAAGCGCTCTTTAGTAGTATCCGAAATTTCCGTTCCTCCCACCTCCCGTTCCTTGATCCAGTGACAGGCACCAATATCAACCCATTGCATTTTCCAGAAGTGAGCTGTATGAATTAATTCCGCCGAATGGGGCAGCAACGATTAATGCAGGTCTCCCGACTGGCCCGGCACGCCCGAATATAGTCGTCGGAGTCTACATGTTTCTGTGTCGATTCTTAAGAAATGAATTGCACACGGACGAGACCACAGGCTGAGACCTGCGGAATAAGCTCTGCCGCATCAGCCGCCGGCGCCGCCTTAGGGTCAGAGATTCACCGTATATATGGACACCGAGCTATTATTAGGAGAGCAGTAGTAATAGCCATTCCGTGTACGTCTGAGAGCCGCTCCGTGGCGATATCGGAGGTTTTCAAGCACCCCATGCTAACCAAGAACTGAGGTTCATGAGAATTGCATTCGTGTTCACATTCGACATTCTATCTATGCACAATTACACCAAAATAAGAGTTGAGCGACGCAGGCCGGGTTTACGGTCACACCACGCAACTAATACTATCTGGCCCTGCGCGGTTAAG,1757,51.0,Drosophila melanogaster
SEQ_544949,CTTGTTCATTACGGGATTCCGCTTTGGTATTGAAGAGAGCTTTATTCTAGGCCCCTTAGCATAGGAGGTATGGATGCCCGAACGTACTAATCGCCAGTGATTTGCATGACTTCTAAAGATCTGACTATGATACTCATATAAGACTATAAGTAGAGCATTGCAATTGTGATCTAGCAGGGAGTGCGTAAGCCTACGCTTCTATCGTGCCGTCAATTACATTGCGGCAGACGGGTGATCGCAGGGTTCAAGTGTTGTAATTAGGAATGGATCACATTCACGCGACCCTGTGTGGCCAGGCGGTCACGACTTTCTATGGAGTCTTTCGCTAACGCACACCAATTTGTGTACCGCTCCTGAGTCACCGTACTGACGTTCAGACGGAAATCGGCAGGCTGACAGTTCCCCACTGAAAAGCAAGGGACTTAGGTAGGGGATCACCGGCGACGGTGACCATCCTGTGGTTCGGGCGTGTGTGCAGCTCAGATATCGTTGACATACTTGAGCCCCAACGGGACAGGTTAGTGGTGCATACCGAAATATAATATTCACCGGCCGTTGCAAATGAT,566,49.12,Homo sapiens
SEQ_100505,CAAGAGTTGGAGCGGCCCATTCAACCCCGCCACTAACATTCAGAAGGGGACATTGCTGCCTGTATTTGAAAACATCGCGCAAACCGGTTAAACGGTCCTCCTTTTAGTCCGTTTTTACTCCTTAAATACAAGGAGAGTTCGGGTACGGGTCATGTCTATGAATGAACAACTCAGTGTTGATACATACGCGGAGCCACCGGGTCTATGGTATGCGTGTAAAGCACGTACTACCCGCGTGAGCATCGAAGTCATACAGATGTCGTCTCGTCGAGGTCCCGGGACTGCACTGTGCAGATGTGGCCCTCATCGGCTGCAGCCGTGTGCGTTAGCCCCGAGACTTAGGAGAACCCAGAGACAGCTACCCCACTTGCAGATGCGAGGTCGCTCGTATATCTAGAGAGCGGAACCTTGCTCAACGGGTTCACCATCTGGAATTTGGACGTTTCGTTCATATGACCTGGGATCACTAGAAGCGACTAGAAGATATAACCGGAAGTTAGCTGGTCCAAGCAATTTGGGCGACCTCTTGAAAGACGAGGAACGGGTTTAGAAGTGGTTCCATCCGAGAGAGGGCACAATGGTGCGAGAAGAAGCCGACGTTTGATCGACTCGGTAGCCGTGAGCCGATGCCGATACCGCCGCTGCACCGAATAGTTGAACAAGTTCTTTGGTGCCGATCTCGCTAATAGCCTACGATGGATACCCTTGTGGGAAGCGCCCCATAGATCAAAGACCACTGACCCCACCTATCATCTCCGTCTCAACATCCGTTCCTTAAAACATAGTCCGCGGAAATGCGTCGCTTGGCGTCCACGAAGTGGGTTCCTTGTTGCCGAACCGAGACATCCATGAGTAGGATACAACGTGAAGCTCGACCTTCCATCTGAAGTAGTGACGCGACTAGCCACCAATATTGTACTTGAAAGATCTTCCCCTTTACGCCAGAATTTATCTGCTACCTTAGTATGGTTGGCTAATTGCGCCGGCGGCCATATCAGATCGGAATCGATAGTATTGTTCCGC,1023,51.42,Drosophila melanogaster
SEQ_566576,GTGTCACCTTTACACAAGCTTCCATAGCTCCGCGGACATTCACGGGTGGGCCGGCCCTTGTATTGCTGTGATCGTCATAGGAGTGATCAAACGTTAATCTCAACTTAGCATGTCGCGTGATACGCAATGGAAGGCAGAGTGTCATTCATACCAAAAAAAAGATGTAGAGTTATTGCAGTGAGATACGGTTCCAGTCTTCAGCCGCGGCAGTCCTACGTCTGTATAATAGTGCGATAAGTTACAGGAGAAGGCACCACATGTAACGCGCTGCACCGAGTAAGGAACCAGAGTGTTTTATATACCTATTTGTAGCCCAAATTGCTGCCAGCTCGGTAGCCCTACGGAGCTTGCTATTAGCGAACCGAATTGGGGAAACTATAGAGTTCAGCACCTATATTGTTCGTGTATCGCTTATCTCCGCGGCTTGTGCTGGGCCTTGTGACCGATGTAAAGTCGTTGTCGCTGAGGCCCCAGCATTTACTCGTCGGGACATGGCAGGCCCTTCTTCAGAATCGTTCGGAAAACGTTAGAAACGTGTCCCCACACCTGAAGCCAGCAACTAACGGTATACAGGGCCAGAATACAGAGCTGACGAGACGTCCGTGCCCGCACATCGTGTGACATAACATAGCAATTGGTGAAATACCATTGAGCACAACCAGAACGTGGATCACATTAATGACTCGTTGATAAGAAACTACTATATTTGACTGCCGGCAATAACTGTGTCACTGGGTTGTATGGAGTCCCGCGTGCTTTGTTCAGGGTAGCTCGTATAACCGCAACCCAAACGGTCGCCAAGGACGGGAATAGCATTCTGCGTGCCGGACCCGGCACTGAACACATGTCCCACTTTACATCGCATGTGCCTGAATTATAGCCAATGTTACGTTGCCTCTTGTACCTAATGATGGTTCCATCATCCATCTATATCGGGCACTGACTAGAAGCGGGTAAAATCCGATACTTGCTATAACCCGCGGATTGGTAGGGGGTACAGCTCACGGCGGGAAGGTAGCACGTACCGGAACGTGGCGGGTGCCTGGCATCGAATGCACTCCTACCGGTCTATGCCGTTGTCAAACATCTCCTGCTGTATGTTACCCGGTGTCCCGCCGCGTCGTGGCTGCTA,1132,50.53,Escherichia coli
SEQ_316937,TAGATTCCGATCCCGTAACTAATGCACAAAAGCGTAGAGGTCGCGGACTGGGATGACGATCCCCAAGAGATAATGAAAATATTGGCAGGGGCAGCTACGACAAAATGTCAGTCAAACACGGAGGACATACTATGCCTGCCAATATCGCTTTTCTGCCACGTTAACCTAGCTTATAAGTAGGATGCAGTTGTACGATTTTGATTGGTACATGTCAGTAGTTGCTGGGGAATGGTCTAATTATCTCGATAATCCAAATCGGCCAACTACTGCCAGACCTCACTTATTAGGTACGAGTTATTTCTAAGCCTTTTCTTCTACGGTCGCTCGTTCGTGGAGGAGTACACTCCTTCTATCCGGTGTTAGACACTACAGAGTCATGTTGAAGCCTCTTTTAAGCCGAGTGATCGTTTTACCTAACCTAGCGTAATGAAAAGATAGCTATCCACACGATTGCGAATTAGCAAGGCAGAACAATAAGGGATAGTGGTTATTATCTTTTACGGGGCATGCTCCTTTCCACGGCTGGCACCGCTAAATTTATATTGCGAGGTGTACATCAGATGGCTAAGAGCCTATAGGAAGATTATTACTTCGCTTGCAATAATTAACCCAGCTTAGTGGGTCTGAAAAGGGGGGAGTACTTAGGCAGCCGGGCCATAGACTCCAGTGCCGTAAGGAGTTCTGACCTTGTCTATTCAAAATACGTCCTTGGGTGTCATCGCTGTGTCGTGTTAGACTGGGAGGTTTCAGGGCCCGCCGCAGTAGAACTACAGCCGTCAGAGACAGGTCTGAGTCACCCCGTGACGTCGAGCGGTTTATGCGCAGCCGTAAGAATGCCGAGTAACAAATCCGGCCCTTACGCGGTGGGCCGGTCTGAACGTCGGGAGTTTCGCTCATAACGCCTAAGGGTGGGTGTCGTTAGAGTTACGCATCTTCGTACGCGCCCATCCGACGCCAGCATACATCCAAATAGGCGGGGGAAGACTTACGAACAGCGAAGCAGTGACAGCGGTCGGAAAAAGATCTACCAAAATCGTTTAGATCACTGAACGTGATCTTCGGACGCGGCAAACACATAGGTGACTGTCCACGGGGCCGCTCATCCGGCCAAGTCAACGGCTACGTCATAGCTAATAGCCGTCGCAGTTTCCGAACTCGCCCCGCCACAGCCGGCGAAAAAATCGCTCTTCTACTACCCACCTCGTCAGAAGCGTAAATTCGACGCATATAGACGTCTCCTGGGGTTCTCTCTAGCGAAAACTAGATGAGCTGCTAGGCCATCATCCCCTTTTGAAAGCCGATCAATTTCTGGTTGTTATGGCCCGTGGCTCGCCGGTGACGATGCTGAGAGCTTGAATCGATATAATGGTGCGGCTGATAGAATGATATATCAATTAATGGATTCCTACAGCCGGAAAATTGCACCCACTCATATATATAGCCACTGGTGCCCGTAGTACCTAACTGACAAGTTTCTCCGGTCCTATCCAGCGTCTGACAGAGACCCCAGTGAATCCCTCAGTGACAGACCGAAGCATACAGATCTAGAATTGAAAAAGAAAGCGAGTCCTGCCGGCTAGTCATGAGCCGATGGCTGTAGTGAGTCAACGCCGGAGAGAGACACGGGTACGATTACCTTTGCCTCCGCGGCTACAGCGGATCTGTCCTAAACTACGGAGTGTTAATTGGAAGAGAACGTTAGCGAGTTCGCCTCGTCTACATCGGTCGCCGTCCCCGGTTAAGCCCATCGCGGCCGCTTGTCGTTTGCGACAAGGGCAAGCGCTCAGGGCGTGTCAACAAGCGGGCTACAATACGCGTTCCCACGGGCCCGAAGGAATGTTCGAACCACGCCGTGTTGACGTTACCGAAGATTTACGCCTGTCATCCGTAGCTGGGGCCCGGTTGCGAAGTTGCCCACGGAGGATCGTGGGCGATCCAAGTTTCTCGACGGCCCTGTCTAGAAGG,1965,51.04,Saccharomyces cerevisiae
SEQ_300598,GATGCGAAGTGCCATTACCGTACCTTGACGATGAACACTCTACTTGCAGGAAACAATAGCTAATGAACCATTTATTGCCAGGACTCCCAGCAAGCGCAGAACGCATGTCCTTACGCATATTACACCCAGAACTGCAGTAGTCAAATATTAGGATTGTGCTGCCACCAGGAGCGACTTCTTTGACTAACCCATACCTCAACAAGTGTGAATCCCTACTTTCTATTCCGTCAGTTGACGCGTATCTGTTAGACCACTACGCTGCATTCAGACATTCTATGGCATGTTGACCCTGGTTGAGAAGAAAGAAAGCTATTTAACTTGGTCTCGGCATAATCGAGGACGTGCAAGCCGATGTCCCGCTCGACGAGGCAGGATGGCCACAGAAGTGTTTTAATAAGCCGGCCTGGGGATCAGGTTCCCATGTCCTAAGGCACCCGCTCACCCCTCTAGTGCTCGCTGCACGCCCCCAAGAGATTACTGTTATAAGCTAATCGAGGCCCCGTTACAGCGGGAGTGACATCTTGCGGGTTAACACAAGCCGAATTATCGATCGTAATGGCTCTAGGCGCGCAAAGCATCACCCGTTGTTAGTGTTGCTTCTTTGATTTTTATGGGATCATAATGCTTATCGTCTTAGGAAACGGATCATGCTTATCACAAACCACGATCTTCGAGTGGGCGAGTATAAGTCTGTGCTGCGGCGCAAACTGAGAACAGTCGCTGCTCGGTATCGGGACGGTACTTCATGTATGCTAGTCCAACAGAGAGACAGCACGAGGTCATCCTTATCTCCAGACATAGAGTACGCCTTGCAAGGAGCACGGAGGTGTTGTAGAACGCCCCTAGCTACAGCGCTTTTGTGCGATAGCCCAACATGGTCCCTAAACCGAGGATGGAATATTCTAAGAAAGGCGAGGGGAGGGGATTCATTCCTGGCGACGCACAGTGTGGTGCGGGGTGACAGCGCAGAGATGCCCATTTAGGTTTTGAAAAGTCCCCTGCGAGATCGACAGTCTGCTGTTAGCTCCGCGTCCTTTGAGCGAAAACACACGCTCAGAATCGCAGGCTTGGATTGGTTAACACGGACCCCATTTAAGCAGTGCTCTGCCAATTCTGTACCACGCTAAGGTACTCACATGATATCTTCAGAGTTTCCTTCG,1160,50.0,Arabidopsis thaliana
SEQ_229868,TCCGAACCCGAACTTGGTCGGGGTGAGAGCTTGGAGAGTAGGCGAGTACTTGTAAGCTATACTATAAGTAGGAATAAGCTCTTAGAGGGGGCTGAACATGTAAGCCCGGATCAAATTTTATCAACTAGCGGATACCGGTTAGGTTGGCTGCATGATATAGACTTCAAATGTGATGACTAAACGCCCGCCGGACGCGCACTGGGGGCGCGCTAATAGCGTTACTTCTAAGCCAAAACGGCTCCACAAGATGCTGAGTAGCATGGATACGAAATAGTCACTGCGTA,284,48.94,Drosophila melanogaster
SEQ_130174,TCGGCTTAAGTCTGATGAGATGATACGAATCTCAAGAATTGGACCATTGGGCACCCAAGAACGGCGCTGGGCCATCCCAGGTAACCTCCCCCAGCCAAAACAGTCGAGGATCTTCTCACGCGCGCTGCTTAACCCAGTGCTAAAACATGCTAAACCTGGCGCGTGATTTCCCAGCTCCGCTCGTTATAAATTATGTCCGGGGTGCATATTCACCAAACGCCCTCCTATACGGATGGTTACGAGCGCAACGGTCATATCAGGCTTGCTTCCTGGCGGAGTCCAGGTAGTGTGCGCCGTGGGACTTAGGTCCTACGTACGGCATAATTTTGGAGGGTAGAGCCCTGGAGACACACTTGCAGTTAATTGATTCTTACTGGCAGAATTATGTACGCAGTGGAGGGACGAGGCGTCCCCACGCCAAATGCAGGGGTGCGCGGGTCAGTCGTTAATGGAAAGGGCGATAAGGGTGTGCGTCCAACATGGTCACGTTGTGGGGATAAGTAGACCACGTCCTTTAGGTCTACACGCGGTGGACTCCACACGCCTCTTCTGAAGATGATTTGAGAGATCGACCGCCTACCGATATCCGAGTGGATAGATGGGGCTACCGTACAAATGTATCGACGAGTAGCCCAAGTCGTACGGTCCCGACTCCACGAAGCCTGAAGATCTTCGTCGTCATTTGGAGGTGCCAGACTCTTTTTTTCGGCTC,712,53.37,Saccharomyces cerevisiae
SEQ_760388,GGGCTCGACCTTGATCTATTGAAATAGTGCAAACCTGTCATTCTATTCCTGGTCGACCAAGGTGAGTCCTCTAGCTAGATATATCAATGGTTAGTCCCACATTGGTCACTGCAATAGGTGTGCCAAAAGAAGCTTTGTCGTTGCAACACCTCTTTGGTCCGAATCGGTCCGGCGAGCAGCCACGTATATGGTCAACAATAAGTGTTGATCGCTGTATTACACCTGCACTAATTCTGAATCAACTTCGGAACGCGCCCGCCGTCGTTGGGCCAATTCATCCCATCGTTTGTCGTACCCCACGCGTAAGTGGTTGACGTCGATGGACACACCCTATGGGTCATGTGAAGTGATATCGAGATAGTTTTCTTCACCATCCTAGCAGTCGAATCAAATCAACACGTTAACCTGCAGGTTGTAGTCGTCGATCACCTGTCTGTTGTTTATTAGAGGTAGGAAATCACCATTCGCAGACCGGACGGGGCCTGCGAAGTTCGGATCAGATCAAATAAAGTGAGACCCTGTGTCTTAAATGATAACCTCACTGCGGTTTATTAAACTTCTATATTGTTATCGGAACATTTCGCATGTCCTCTCCCTCTCCAGCCGTCGTGTTTCCGGGGGCTTGTAATCCCGGCAGGTTGCTACCAACGGTTCGTGTCCACTTCCTACGTCCTATTCTATAACACGGTTTCTCAAGTTGTTGATTAGATCTTCATTTTAGGGACACAGGCGCGAGGAAGGAACTAGAATTATGGCACGTAACGCTCGTACGTCACCGCCGTCCGCATGGAGGCTTTAGAACTCTTCAATGTGTATGCTAACCATCTCCAGGGCAAATTGTGGGAATCATGGGAAATGGCCGCCGTATATACCGGTAAGACGTAGTAACCTCGATGCCGTGATAAGATAGCCCCAAAGAGAACAGGTCTCCAACGTTACTCCTATAGTCTGGTTACTGAGAAACTGAACTGAACATCAGAGAGAATCCGAGCGGGGTAGTAACCTCAGCACCGTTGGCTAAAGATATTGGCATTGCTGTTGATTAAATCAAGCGGTGTCGTATGCGGGTGTTCGCTCACGGATGGTTACTCCTATTCTGTGGGTCGGTGAAGCACTTAAGACCTCAGTGCAAGCGCGGAAGATGGCCACAGACACATCATAGGAAGCTAACAACTGTCGGGTGATCGGACCCGATCATTTTGACTGGGTGTGCATTCGCTAATGATCCCCGGAGTCTTTTTGGCGGAATAATCAGCCCTGTAAACGCACCAGACGCCGGCGAGGTCCCTATCCATAGGAATGCTACGTGGCCGAGTGCACATTCCCGATGCGGAAAGAGGCATAACCCCCGTTTCCTGGACCGCAGCCTTTGAGGTTAAACGGAGCATCGACCATACGCACCAAGATGGAATCCATTGAGACTGACCCGCAACCACAGAATGCAAGTGGTTGGCCAACTCTCTCACGTGAGTCGTCCGCCCCGCTCACATTGATGATGCCCTGTACCTCTACGCGGGACGATGCGCGTCTCATACAATACCACGACGCGTCTTGCATCGGCACGTTGATACTGACTCTCGAAATCGCCGTAGCAAATAGTTGTATTTCGCGTGCCTCAAAAGGCACGGGCCGTCAATGGGACCATAT,1647,49.91,Mus musculus
SEQ_557491,TAAGGCGGGCCAGCGAAAAATAGAACTTGTGGCGTGTAAATTCCACATCGGTCCTCGGGCAGCCAGCCGGCAGCGTGCCAAGTCGGTCTGTCGCTCACACGGATGCTACTGTCCCCGGGAATCGTTCAGTCACCCCTTACGCGGCCATAAGACAGAGGCAACGATTCATGGGCCTATTGTCCTTTAGGACGGTTGTGGGTCTCATAGCTGTAGGTGATCGAGTAAGTGCCGTGTCCTAACCTAAGCTTGAGTATCGCCGCTTAGGTTAGCCTTTTGGAGAGAGTTAGGCAGTCAAGAAACTTTATGTAACCGGCGGAAATCGTCCTCTTTATGCTCGAGGCTTATCAAAATCGCGTCTACGGCGTTATGGTTGGGGGGAGATTCGGACGACAAGTGATAGGGTCACAGCATGGTGAGCTTTTATCGCGGGCGGCGGGGATACAAAATAGAGGAAGTCGACGATTTTAAGATAGTGAGGGCCAGGCAGATCGCGGATATGTGGGGAAGGGGACTGCCCCAAATCCACATATTCGGTGCTGCGCCACGGGTATCTGTATAATCGATGTTAGCGAAAATCGGGGCCCTTCCAAGTCGTAAAGTTCGGTGAATATTGCATTAAAACGAATCCCCGTCTAGTGGCGCTATCTTCCTCTAATTGAAAACCTCCAGGTTATACCCGCGACGCCGGACGCAGATTTTTGTCTCATACCTCGTTCGGACTATCTTTGCGACGCCAGCGATGTAGAGTTTCGACCCTACGTACGTACTCCGGCTTCCGGCTCACTCCGATAAAGCGCAGTGCAATTTATGATCAGACATTGCGAGCGCTTCGGAATAGTATCAGTTTGGCCTCATAAGGCACTAAAGTGAATGTGCCAACTGATTGCAGCGAAAGCCATTCGGGAGATTGGAGTACACCACCGTGGTTGTGT,932,51.5,Saccharomyces cerevisiae
SEQ_625997,AGCCCTTCCCTTAGTAGTTGACCGCGGTCCACGTACTCTCGGGCATTCAGGAGAGTATGAGACAAGAGCCTTCACGTAAGCCGATTGGTCAGGATCATCTGATACTCCAATTACTGTAACCTCTCTATAGTTAGCTGTCGCAAGGGAGGCTCACGACGGGATGCTATTAGTGCGGCCATTAGGACGGGGGCGGAAGGTCAGTAGTATCGTGTCGGTATTCCTGAAGGCGTCTTATGGTTGCAGGTCTTGATCAGTCCGTAATACACGTCCTACAGGGGATGGCATAGAGAATACTCCCCGAATCCATCCTCTGGGCGACCAGTCAGCCTAGTCTGCTCGCTTTAATGCGATTAGTTACCTGCGTTCTATGCTACACATCCAGCTCGGATTAGTCGCAGGCGCTCAGTTTATATCTTGGCAAAAACGGCAGCTAAATCCCCCC,442,51.58,Caenorhabditis elegans
SEQ_595846,TGTTAGGTTGGTGGTGACCTATATATCCTGAGCACACATTCCGCTAGGAATGCGACGCTGCCGCGCACAAGTCTCTCATCGCCATTGCAAGGCCGCGTGGGCCGTCTATTGGGCAGAGGAGTATTCTCTTAAGGGTGTTATAGCGCCTTGAACTACTGAATGTAATACCGGGGTCCTTGAAACATGTCCACTTGTATATCTGCTGCAACGCGGTTCTGACGCCGGCGCTGGCTATTACAGACCTTTGCGCCCGAAGAGATCTGACGCTGGCGGGTCACAGATCGGCTTATGTCTCTAGAATTACCATTACGTTGGCCGCCAAATATGCTAGGTACTTTTCATCTTGGGTTGGACCCTCCTTGAGGCCAACCACTGTACGCCGCGCAGTAAGTCTCCTATGGCTGCTGTGAGCTACCTTATTTAGAAGCTAATTGTAATCCTCGACACCACCGTGGAAATGAGCCTGTCGAATTCAGTGTTGGATGAGAGCGTCCGTCAAGTAAAAAGACTTGCGAACATGCCGCCTACTTGCTACACGGCTTTATCGTAAGGCAAGCAAACAAATCAACGCGCGATTGCCTGATGGAATAAAACTTAGGAAACCTGGAAGGAGTAAAAAGCATCCTGACTTTCAATACAAGAAGATGTGGACGGTCATTCCTAGACTCGCCCGACTTGCTGTCGTTGAAAGTAATCGTGTATCGCCTGAGAGACCTAAACAAGAGTGGCCCCGTTCGCTGCTCTGTTACTCGGAAATGGGACAACCCCGGCTCCTCCAAAGGCGTGCATTTTGACACTCGATGAACTTTTACAATGCTATTTTGGACAAAAACGCTGATTAGTCGGGACGGGCGCGGCAGGGTCACGACACAGAGAGCAAGCATGGGCACTTAGCGGTCCCATCTCCCAACTTCTCCGCGTGACAGATGCCGTTCTTTTCATGCATGGGTAAGAAACTGATGATACTGCCGCTTGGTCCCTCGTACTTAGAGGGCGTCTATAGGCTACAATTGGCGTATCACAGCTGGCGAGCCAGCTCGCACACGGGGGGTTATTTATTACTTCGCGCCCACATCATAAGTCACTCCTGATAGGTCCGGCATAACCACTGTATAGATCGACCGGGTCTCAGCATAAAACATCTACATCTACACTGCGCATCATCACCAGCTGTGGCATACACTAGAATTCAAGGTAAATTCAAGAATCTTACGGTCTTGGTCTTGAATCTATAATCTCATTAAGATATCCAAGTCTATATGCTTTATCAGACCACATCTCAGCTTGTGTGCCCGATGCGCGGTCAGTACCAGTATTTTGCCCACTCCGGACTCCTGATAGACTCGTCATTCTCACACTGAAGGCTCCGCGTGGGCCGCGACAATACAAAAGGTCCGCCGTCATGGCTCTCCGTTCGCTTTAGTTTAGGGTCCTGGGTTTGCAAAATGAATAATAATTGTATCAACCGCGCGCAACGTCCTCTCGCGAAGTTGCCCTACTCGGTCAGTGGGCAACAAGCCAGAAATCTGC,1530,50.0,Caenorhabditis elegans
SEQ_286256,TCTAATGCACGACCAATAAGGCTGGGAGGACAAAAAGACGAACTCAGAAAGTGTTTGTAATTCGTACCCCAGGGCTGCGTATCCGGAGGTGTTCGTCCGAACGAATCCCTGGGAGCTCCACGCAACAGGGACTGTCCGGGGCGGCGCGACGCTAGTCTCTACCTGGGGAAGTTGAGGGCGCGAATTAATACTTTGGTAGGCAGGAGTGACTGCACCTTGACCGAGGAGCCACAGACTTTCATGAAAGTCCTCTTCTCAGTCGTGTAAGTTGGGTGCGGGATGTCGTAGAGCTCGTGACACCCCCCCGCCACTATGTGCGTTCGACATAGATTCCGATATCACGCGGGAAAGGGGTGCTGAGCTTACCGTCCTCGGTGCCTGCAAATCTCTTCCGATTAGAGTGATTCGTTTAGGATGCATGCCCAGCCCTCGGAGACAAAGTGGGTATGATACGACGTATTCATTTACGCAAGGTCCCAAGAAGAACATATCCTCTTCCCTAAGTATGAATATCTTCATGTAAGCGATAAGGTTATTGATCTTTCATGCTAGTACACCTGAGGGCCTAGCCAAGCTAGGTTGAATCGCAGTTGGGCCCGGGTGTTGATCCGTTTAAGGACTTAGAATTATATGTCATGATCCCTGTAGCCTGCACAAGTGCCGTAGCTGTAGATGCATCGCAGGATATGTAACGGATACGGGTTAGTCAAGGTTTGCCTGCGGAGGCAGGGTTAAAAGAGACTGTCGCGGCCTTGTATCAATTGATCCTGTACCTCACGACAATTGAAATGCGCGCTATAGCTGCCCTGTGTTAGGCATAGGAGAAGCGCTAAACCACAAAGACTCACGTCGTAAC,856,50.93,Arabidopsis thaliana
SEQ_931079,GCGAGCGCAACCATCCTCTTTATTATCGCTTTAATCAGCGTTGGCCCAATCCCACTCTGGGTCTAATAGAATGGGAAACCCTATGAAGGGACACGCAACGACTACGCCGCTCAAACTCGTCCCGTAAAAAATCCTACTGGGGTATAGCACATCCCGGCAGTCGCTGGGCATCATCCAAGTATGATTTTAACGTGGAGGCTGCCGGAAGGTTCACGTTAAAGACAGCCGAGCTGAAGGATGCACGAGGAACCTTGTTTTTGCAACCATCGTGTACGTTCTTATGTGGTCAGGATTCGGCTTTGCTTAATTGTCGCATAAGCGGGGTGTAAGTGGTTTTCTAGTCACAATGCTAAGGGACCGGAGCTCGATCGTAGCCCTGAAAGGCACCTCTCGTAACAACAACCATGCGCATAAGACCCGGCCGTCATGGATCGGTCTGTCTAGCTCCGCAAGTAGTTCGGAGTAGCGTCGCTGTCTCTTGTCGAGCGGCCAAAGCTAGATTGATGGTGAGACTCCAAGCTAGATATGTGGTTTAGCTCAGCAGACTTAGCCGGAGCGTAGTAGGGAGTATGTGTTGGATGACCGGAGCAGCAGCTAACTCCCCTTCTTGGCGATGGCTACAGCCACGCTTTTCTACTAACTTATGGCTGATCCCGCCCGCTCAGACGGAGAGATTTCACGGACTTATGTAACAGAGTAGTTGGTGGACCGCTCAATTTACTAGGGATCCTGGCGCTAAATCTGGTATTATATGGCTAGTGGCTACCTAAGTCCAAGGTATCGCATTGCGGAGACTCAAAATGGTTGTGACGCGGATTGTTGTTGTCCAGTGTAAGTCCTATAAACAGGTCATCTCTTTGATTCCTTGGATAGCATGCCGATCTTTTCTGACTGTTAAACTCGCGCGTTGCGAAGTTCCAAGAATACGCGGGGTAACACGTAGCGGCAGTAGGGCGGATTTTCGGTCGCCGGAGACACCACAGGAACGAGTCATCGAGATGACGGTTTGCCGGTAGAAAGGTCAAAGGCTCTCAGACATCATCACTCGTGCGATAATAAGCTCGCGTAGTGATCCGTGGAACCGCAAATCAAGACATG,1098,50.64,Drosophila melanogaster
SEQ_857489,ACGTCTGTTATACGTACTCTGTACACACATCTTTTCCCGCGGGTCAGATCATATGGATTCCCTCCCTGCACCAGGCGGGCCAGCACGGGCTCTCGGGTTGCGTTTGGAGGCAGGGCAGCGAGGACCCAGTCTTGCAGCTGAGCCTTACAACGTAGTATGGAGCATTACAAGGATCGTCGATAAGGTAAATATCAGAGTGCCAGGCTATATTAGCAAATATCCCAACGGACTAGGCAAGCCCGGGCACGGAGTAGACTGTGGGGAATTCAAAAGCGTTAAGGGATGGCTCCGACAGTGATCCCATTGCGGACAGCAATACACGAATGTTTCGATAACCCCCCTTTGAATCATACCACCCACCTGTAGGATTCAACCCTTGAGGCGGGTGTAGTTGGTAACCTGCAGGAACGGTCGGTGTCACGGCTCTACAGCGCCCGTCCTCAACCTAGGGGTACTCCTGTAGGGCCTTCATTTCGCATGCAAGGAATTACCGGTCCGGGCTAACGTCGGTCCTACCTTTTTCCTAACCTCGCATGGGCAGCTTAGCTGTTTCCTCCTCAGGTAAGGTTTATCCGTGTAATAGCTGCCACAAATAACCAGTCGTTCCTAAGGGACCCCATATTAGAGGATGGAATTATCACAGTTAAGCGGGATCTCGGGGCACAGATAAAGAAGCATTCCTGAGCGGAAGTTGGAGCGTAAATGAACCTCGAATCAATCACATAAGGCGCTATGCAACAGTCCGGGCTTATGTTGACGGAGTTGAGCATATCAATAGTTAGGAGGACTCAGTATTGCGTTCACAAAGTAATGCGAGGTTCTTCATGGAGACACGCTAGGGGCCCCAAGGTTGAGGTATGTCGAGGAGAGACCCTATCTGTTGAGTCCATAGCCCAGATGGAGGATTGCAGAGGAGATCGGACAGCCCGTAGAGATATTACGTTCGTGCTGCGCGAAGTCCCGGAGTCAGGCAGCCTTCCCGTGGAATTTGGAATGCGCGGTCACCGTGAAATATTAGTACACTCCAGCGCAATTATGGAGGCTAGACAGGTGGCAGTTCAGGCGGAGGTCG,1072,52.15,Mus musculus
SEQ_246114,TTTTGCCCCGGGCCATGTAGTTTCACTGAGTTTCTAGATAAATCATGAATATAAATATGAACACGGGGGCTAGGTGAAATAAAAGCGTCCGATTAGAGACGGGACCATCCCTACCGCTTTTGTTCGGTAGGCAAACCGTGTGGACCAGGGACGTCTGCCACTGACCCAAAAATGCTGAGCCTACGATGCAGAATGCAGTTGCTCCACGGTCCTTCTTACGTATATCTCCGGATCTTGAGCCAATAAGAGACAGAATCTATGCGACAAATCCCATTACGTTGTTGCTCCATTATCTAAGAGCTGCGTGCCGCTTACCCGCAAATCGGACGCGTACAAAGCCCTCCTGACGCATCCACAATCGATGAACGAAATCACCCATTTGAGAATTTGAGTCAAAGACGGGGCTCTGGGAACCGACACGGACGCCAGAGCCATGTGGATGGGATCCAGCGTAGGTGCTGAGCTGGATAGGGCTCCTGCCATTGGACCAAGAATCCCGCTTCTTACGTCCGCTTAGGCCAAGCATTACTACATCCATGGAAAAATCCCTGATTGGAACCTCGACTACGGTGATGCATGAATTGGAAGATTCTTCGCGTGAGAACTGTGTCAAGCAAGCGACATTAGTAGATGGAAGTGGATCCGGTTTCAAACGTCGTGTAATTCGAAATTAGCTAGCTAAGGGCGACTACAAGAGGACCCTACCTCTCCCCTTGGCAACTACGAGGCCATGTTCGCGTAGGATCTTCGCTCTTTCTGACATCGATTTAAGTGTAATAGCTAATTGTGCTAACGTATAACTGGGCAGTGAACTTCCCTTTGTTTGACTGCTGTAGTAAGTACAAGCCATAAGCAAGGCCTGCCCAATCCCCTACGCCTCACGTTGCTCTGGTGCCCTTAGTGCCTTACACATTGGTACAACTTGACAGTACTGAAACTTTTCCATTGGCTGATGTCTATCTTGAGGGGCGGTTCCATCGGTTCAAAGGTGGAATTTCCGTGTTACGGATTTACAAGCTGTCGAGGTATCAACGATAGTCGGTTCCTATAGTTCATTAAAGTCTGAAAAGACTGTTCCAGCATTAAAGGGGGTCGTTTAACGCCTAATCGGCTACTTTGCGGTTCCTCGTTATGGCATTATGGCATCGCTACAAAGTGTTGCTGATAATAGAAATACACATTGCAATCAGGAAAACCGTGCCCCTAGTGCGGTTCGCTCTTTGGAATGGGAGATGTGGTTTTTCATGGTCGACACGACCCCTTGGCCAACGTCCCCTATACCCTAGGAAGGAGTATGGCAGCTCTTGTCCGGAAACACTCAATTCCAAACGGTTTGTACGCTTAGCGCTAGTGGTGTCGAGAATGTGAGAGCACTTGGGACAGGACCTCTACAAAATATCGAGGCGGAAACAGTACGAAGACCTCCGATGTATTCGTGAAATCGTGTACGCGGCTATAAATAATCCTACGAGGCTATCTGGATGGCGACGTAGTGCGTTTTGGCTGAGATGATGAAACGTACTAAATAGTAATCGGGTGAAGTGCTCACTAAATAAAAAGGGTGACATCTCATGCGCTGAGAATAAGCAGTTGGGTCCACGACCTTTTTCGAAATCGACCTCCTCTTAATTGCATGGACAATGCCGCTATGCGGATG,1657,47.98,Caenorhabditis elegans
SEQ_448240,GGGGACAGCGCCCTTTAACCAGGATTGTAAACTGCCGTAATCATCAGAGACGAGTTGGGTGCTAGACAAATCGGTGAGCGGCAATGCGGAAAGTTATGAGCGCACCTCGACGTGTTGCTTGCCGTACGAGGCTCCGAGCCACGCTGCCTCGAAGTATCGTGCTAATCGCCAGCGGGTCACGCGCCGCCAGCATGGTGGTTGGGAGATCTCACAAAAGAGTCCGTCATAGGGGTCGACGCAGACCGTTCAAGGGCCTAGGGACCGGGCAATTAGATCTTAACCTACGTAATACTCGTATTGCGCGATTCTGCGAATGGAACGAATTCTGCA,330,55.15,Arabidopsis thaliana
SEQ_934180,CAATATTAACGACGGCAGTGCATTGTAGTACTGGGGTAAGTGCCGTTAATTTCCAGGGTCGCTCTCAGGATAGCGGGCAATTCACTATACCTGGTCCGGAGTCTGCACACTGTCGTTTATATGCGTTCGGCCCGTCCAGAAGTCTCGGCCCTGGTGAACCGGGCATTCAGAGTAAATTATGGCTGTAAGTGCTTAAGGAGGAAGAGTCTGAATGGTACCGAGCTCGGTACAGTTTCAATCATTGTGGGTTATTTTCAACGTGTCTCACAAAGCCGTCTTCGAAGGCCAGTAGGGATGACCGCGGACTTCTACATTACGGCCTTGGTTAACACAGTTAACCCCTCCATCGAAATAGTCTCATACAGGACTGGCAGGTGACAACCAAATACAAAATTTGCAACTCGAATGCGGGTGCAGGCCACGCCGAACACGAGCATAGAGTCGCGTTTGGCTAATGTGGGCACTGGTCCGGTGCTAGCCACATGGCGGTATTCGATCGAGCCCTAGCGGCGGAATCGGCAGAGACGGTCCGATACGCGTTGGATCTTGGAGGTCGCAGTGTCGAGAGCACTTAGGCCACCGGAACCGCGATTCCTGTCCGATAGTAAAGTGAGACCGTCCGCTTTACTTGGATTAATTGGGAATAAGGCAACTCCAATTTATGAAACCAGGACTCGGCACGACCCATCGTGGAATAACTGGTCCTGAGTTTAGAATCTTGCTGTGACCTTCTAGTGTGTCACCAATATGC,751,51.13,Arabidopsis thaliana
SEQ_937049,CAACGAGCAATACGGTCGCATGGGCTCGCCACCCAGGCAACACACTTGACGATAATCCACTTCCCAAGCGAGTCACGCTTAAATCAGCGCAAAAAGCATATCAATTACGCTTGGCTGCTGACGGACAGTGAGGGCCGTATCTCACGGTCATTAAATAGCCCAAGATCGGACAAAATGCGTGCTGTCGTAATTGAGTGTCGGTAGCTAATCGGGATGGGCCTCTTAAACAACTGCACATTGTGATCTTTTGGAATGAAATTTGAAGTCTCCTGATTAGGCGCTTCGGCGTGCCTAACGAAACGGTAGAGCTAATGGTCGCCAGAACACCCTACGAGCGGCAATGCCATCGTCCCAAGAGTAGTGATAGTGTGGTAGAACCTCTGCCAGACAGAGGATTATGCACCTATGTAATTGGTATTACGGATAGCCGGGAATGCAAAGCATTCGGGGCCCGGAGCCGCTTAAGTTAAGTATATTAGTTTGGTTTCACCGTGGTACATAATTGCCACGGTCAGCATTAAGTTGGTGGTGGTGCTACAGTTCTCACAACGAACCACAACGCTAAGCGGAGAATGCCTTTGTTAGTTACGCTGTCAAGAGCATAGCGCGTGCGGCGGCGCAGTTTCTATTGAGCGACCTGACACTATGAATAAACTGCTCCGTAGGGCCCTGCGTTCCAGGTCGAGGGGTCGATTGCTCGCAACAGCCTCGCAAACATTCGTGTCCTCAGCTAGTACTACTGGATGCGTTATTTCTATACGAGATAAAGGTGGATCCCCACCGCGTGGCGAGGGGGCACGGGCATTCTGTTAAGGTCTATGCATCAATTAAGGATATTGCGATCGCTTAAGTCAGAGGAACAGACGGTCAAATGGTATTTAATCAGATCAATTAACAGGCTCCTAGAAATTATTCGAAACTTAAAGACTTAGCTTGTAGTACTCGTAGCATGTTACGGTAGTCATAAATTGTGCACATACGGAACCCAGTCACACAGCTCTCTGACCGTATGACTCGCAAACCCGTGATCAAAGCAATGCTCCGTGTAAAAAGCACCGGTATCGAAGCTGCATAATTTCGTGTTGCGAGTGGGTTTCAATAGCCCTTGCAGATGAATCTGCCTTAGTTACCACTTGTGCAGCAATGCCGCATTTTAGATCCTTACGTACTAAACGTACTCAGTAATCAGACAAGCCGGGGCGTCATCAACAGTGACTCAGTAGGAACTTACTGGGGGCTGGTCTTATCGAAGTCTCCTTGGCGTTTTTCTCATCTCGTCGTGTACGCTCTGAATCTGCCTCTCCTACTACGTGAGGCATCCAGCACCGACAGATTGTAATCCCTTAGGTTTGGTAATTAACGGCATCCTTGACAGTTACGATAGCGGGCCGCTGTAACACCGGCCATAGCCCCCTTTATGAGCTCGCTTCTAAGTAACGGAGAAACTCCGCCTACATACTGATCCTCCGTCGCTGGGAGCTATATAAGCTGGTTGCTTTTGTAGCTAGGACGTACGCACTCGAAGAAAGTTTTCGTCAAACGTAGAAACGTGGCGGTACGCCTTAAGCAGTAGTGTCTTTGGCTTGACACGTTTGCAACTAGCCGTACCAGAGGCGTGCACGCACTACGGCTCTCGGATTTGGTCTCTAGAGAGCCTGTACAAGAAGTACTCCAAAAGATACCAAGTATGAGGACTGACTCGAGGGTAACCTCGGCCAAACCGTCATCGGGCGCCCTGCCGAGGCCACCATAACCGGCCTACATGTACGGTTTACGGCGGGTGAACAGCCCGACCGAGGCGGTGGCTCTTATCGTATAAACAACTAAACCGACCGCGACGCTCGATGTGAACATACGCAAGCGGACCACGCGCCAGGCCTTGAGGAATAGTGACAATCAATAGATAAATGGATCAGCACTAATCAGGAACCTTTGAGAACTTGG,1944,49.64,Saccharomyces cerevisiae
SEQ_877473,CAAAATCATCGCTGAGTTGGTTCGTAATCTATACTAGCCATTGTAATTTCTCCTGTCAGTATTGGCTGTCCTATCGGGCGTTCAAGTATAGTTGTCGGAGGTAGGAGGAAGCAGTTTATTCCGCGAAGTAGAAGAACGAGGCGTACGACAAGTCTCGCCGGACGGTATGTCGGCGTCAACCTGATACACCAGATACCTGCTTGTGTGGCGGGTCTGTACCCTGTTGCGAATCTGGCCGAGTGATCCATTTCCGCACTCCAATAGCCGAAGTTTTTGGGGTGATAATCGAGAGTAGGAATTCGCGACTATCCTTGTGTGAGAAGCCACCGTTAATTAAACACGTCGTTGTCTTTACGTGCAAACTCGGATACATCAAGTTTATTGGTCCTAGGAGTCTAAGTGAGTTGTTATGTAGTTGCGACGAAAAGGAGAGGGCTATACTCCAATGGATTATTATCATCAAAACTGACGAACACCCAACAGGGAGAATCAGGAATAGAGCTATGCAAACATCACCGCGTGCGGTTCTACGTGTTATTCCCTGCGTCAGACAATGCCAGGCGATACCCTCTTATTTCACGTGGCCCTAAGTGAGCTGATTTAGAGATTGTCCCGCAAAGCAGATTGGGGTGTTGTGTCGTATGCGTCACAATAGGGCGGCCTTACTCCACTGAGTAAGCAATATTGGGCGTGAAGGGTGCTACGATAAACTCCCCTGCCGCACGACGTGGTACCGAACCGACCTACGTTGCTCCGCGGAGTTAGCTGTATGGGTGCTTCTCGGGTAAGGACACCGCGAGGGCACCTCGATAGCCGGGCTGTGATTCTGGCAACCTGGAAACAATCGTAGGAACCCCCCGTGGGTGAATAGAAGGAAAAACATTTTACACAATACTTCTTGCTGGGGCTGCCAGCACTACAACCGGGTAATGGCTATCAATGCCAACGACGCTTCGGACCGGCGGTATTAAGCCAAGATAAGGTCCACTACGTAGGTGCGCACACTGGACGGTAGGTAGTCAAGGTGTCCGGTCGATGGTGCAACCGCACTGCACCACCAGTGTTCGCCCCCCCCGGGATGCAGTACCGCGGCGTCCTACTGCCCGTTTTATAGGCCGTCTGTTTGATATGTTTGGGTGCACATAGGTCAATCTATACCAGAAACCACATTCTCATCTTACTACATCACTAAATTTTTCGAAACCCCTGATAATGGTTTTAATGCCGCAGCTCAAGTGTCGAATGACCGAACACACAGCGGTGTAAACGAGCGTTTTGAGTGTTAGGGCTCAGTAAACGCTTCGAGCGTCCGCGGTCCATCTGACACGGGTGTGGCATCACGCCCAATAGTCGGCAAAAAGATCTGAAGACGAGTAAACCGGTTAATCAAAATCCGTCACGGTTACTTCGTTTCACGCGTGCTCTATTACACCGCAACGAGAGCGACCCGAG,1452,50.48,Escherichia coli
SEQ_888479,TGAGGTCGATGTCACCCCATTACTTCCGGACACGCATCTTGATGCATATACGTTCTTACCTTTGGCGAAGGCAATGCGATATTTTTACAGACGTGTCTAACCGATCAACGCATTGGTGCATCATATACTGGGGCCTCATTAGCTAGGCCTAACATCTGTGGGGTTTTGATTCCCAGCTAGAGAACTTTGGAGGCATCGATAGCAAAATGGTTCGTTATTAAGCACACTGCACGCTGTGTTCTGACTATCTACGGCTACCAGCCTATCGACTACCGGGACCCTCACATCATCGAAATCGCAAGGGCCTGCTCAGTTCCGCACTCGTATAAAGGTGCGATATTGTTTGTCTTCCAAGGCGGCAGCCGCCGGGCGAGGGCTGTCATCGTTCGCAGAAACGCATGGGAACAAGGTTGAGCGACGGTGGCGTCGATAAGGTGCCTCATGGAAACCTAAGGAGGAGCGGGTTATTATTGATGTCCTGGCATTTTCAGAGACTCAATTCAGGAAAGCCAAGACCTGCTTCACGACCGTGTATCCCCCTAATAAGACGTTATTATAGTCTATCGCTAGACGACTGTACCAGGATTACGGGTTGCGGCAGGCTCAACATAGGAACCCAGGCTTACGCCGAGAATCTAAAGGCTATTTTGACAGAGTGTCTTCTGTCGTAGATATCCAATCCCTGTATAGATTCTACGTCCATATTTGCCCTCCCCAACGATGGCGGCGCCAGCTGGCTCAGTAGCGGGCGATCGACGATGAACACTTTTATCAGCTCTTAGCGATCAACCCGTATCATATCTGATACTTCTTATTCGTTAACGCCCCCTCGAGAGTGCCATAGACAAATGTGGGAAGAAAACGTTTGTCGGAACACGGCCGAGCAGGTGTCACTGCCGGGCGCCTGAGTATCCTGGTTGATGAGCAGTCTAGGTTCACACGCACTTGTGACAAACTTGTCGTCCCGCTACTAGGGAGGGGCTTTTGGTTAGGTGACGACTGCGGTGCGGTGACGCACGGAGAGAAACGGTGTCCCGGACACCTGTGGGTACCTATCGTTTTAGTGGCGCTAGTGGGCCCGGGCGTAATCGGGGTTCGTCTGCTTCCTTCAGCTTTATATAGGGAAGCATAGTCTGCGCTGGTCTTGGGTCCCCTGCAGGCAAGGGTCGAGGGCTTTGACCGCAGTCTCGGCGGAGAGTATTAGCCGAGTGTGACACATAGCCTTCTAGCGATGACGCAACGCACGTATGGATTCGGCACGCTTTTTCGCAGCCCCGATTATGGTGGGCGTGATTCGAGTTGATGACGCCCCGCTA,1316,52.36,Homo sapiens
SEQ_691046,CGAAGTTCCTTTACTAATGATACCGGGTCTGGACTTCCTGGACTGTGATGTACTGGTATTACGGGTATGAGCGGCGTCGGTTACTTCCGTCGGAATCCTCCCGCAACGGGATTACACAGTGATCGTCGGCCTTCGCGAGCGCCTCTAGATCCACATGGTCCCTCCCGAAGATCTACCCACCGCATGTGCATAGTGCTGTGTATAACGTATAGAGCATCACCAGCCCCTGAGGACAAATTCGTATTCCTCTACGTGTTACAAGTGTGGTCTTACGGAGACGTGGACCAGTGCATGAACCGTATCACAGAATCAATGATACAAATTTTTGAGACTGTGACGTTACGGTGGCTACATTAGTGCGTGGCGAAAGACGGAGATCTGCATAGGACTCCGTGTGATTCCCCATTAAGTCCGCTTACAGACTTAAAAGAAGAATGTGATTTTATACCCTGCGTTACTATTTCTCCTGCATTTCACTTTGATTCATAAAGACATGGATTTGAGCTCAAAATGCCGACCAGACATGGGATGATTGTATTTACCAATCCCTAGTGAGGGAATACAACTGTTTATCTAGGAGCTCTGGGGGTGATATATGGTGCGTCAATCGGCCACAACTCACAAGTCAAGTAGTCCCGCTGTCTGCGGCAGGGTCGTTCCGACCAAGAAGATGAGTATTACTGGATCTCGACGGGACACCTTATGCCTACTTCACGGTCGTGTTGAGTAATGGCGGTATGAACAGTGTGATTTAAAATCCGCTCTCACTCACTACCCTTTCACAGCTGGCGGAACCGTACAATAACCCGCGTTCCGTCTCTACGGTCTACTTTGCGATCGAATAGGGGCGTCAACACGTACCAAAATTAGCGCTGGGTTCTGGACACGAACGGGGATATAACTTTCAAACTCGCATCTTAATTTGGAACTACAGGTCCGTCTTCGGCAGGGTGTATCAGCATACTGTTTGAGGAGATATATGGTTTTCCCTCGTTCCAAATTAATGCGATCTCCAGACTAGTTTACATATATCGCCCGCCCGGACAATGAGACTATCAAGGCGCTGAGCTCTGAATGAGTGCGATTTCGAATGCTATGAAACACTTTAGGTACGCGAAACCTGCTAGCTTTAGAACCCTGTTAATCTTGCGATACGCCGGTGAGCGGTATGCTCTATAAGAGGTGAATGGTTTACGGCAGAAGTTACTATACTGGAGCAACTGAGTGACGCAATTACGAACCGCAAATCCCCCCGGTGTCTCCGTTGTAATCCCGGGAGAGACCCGGAGACGAAGCTGAGAATTTGGGATCAATGGTGG,1319,48.22,Drosophila melanogaster
SEQ_443145,TGAAAGCATTATGATAATCCCATTCTCGATAAGACCCTCGTTTCTCGCAGGTGCCAGTACGCAGAGCTAGGCTAGCGTTACCTTCGAACGTGTCATAACCGGGAAAACCATATCTGGAGGCTAGGACGACCCAAAGAGTCGACCGATGCTGAGTCATGACTTGAATCCACGTCTCAGGCTCCGACTGGTTCTATTTGCACACCAGTGGTAGCGATGCGACAAGGCCACATCGTGTCCGAGGACTTACTATGTAGTATTTTGCAGAGTAGCAAGTTATTAATAATACGCCAAGCTGCGACGTCCCCATTTCCTGATAGGGGGATAGCTCTGCGCAGTCGCGTAGGTACTCCGAGACGGGGGGTGCCCATTAATTCCACAGCGGAGTGTGGGACTCGCGTCGCATCAGGATGAGCGGCCCTTCTTAACGACGATGCGTTTGCGCTTCTTGCACTTAGCTTGTTGTGGCAACTCAACTTCCAAGGTGCACTGACGTGCGAGTGGGCCGTCACGTAGTTCTGTTTACTGGTGACTTTAGCAAGGTCCGACAATGATTCCGAAAAGACGGCGCTAAGCTGCCCGGTTAACCTTTAGCATGAGGGCCGCAGGTGCCTACTGTCTGAGCATGAATTTTCGTCTAGAATGCTGACTTTCTTACGGATCATGGCATACGTTATTGAATTCAACTAAGAGCAACAAACGATGCAGACAATCCCCTCATATGTTGTATCCCCCGGTGCGAATTACGAAAATGATAACGCTACGATTTAACTTTTCTACGTACACTTAACAACGTGCGTGCATAGTGGGTGCTCGGTCCGTCACTCTTGTTCTTGCTTTGCAAGGATACTCGGGATGATGTACAAGATCGAGTTGTATCTGGCATCTCAGGCGTTGGATCTATGCATAGATGATATCTCGCTCGACAGGACGCGAAATCGGAAACCCGTTAGGTCGGTCAGTCAGGTAAGAGCGTACTATCAACGCGTAATAGTGAGTTCAATCGTTTACCTCTTACTTACCACCTTTGTAACTGGTATGCTTCGTCTCATGTGTGTATATAACGGGGCGGTTGATATACCCATATCAGCTCCGGCGACCTGTCGTAACCGCGACCACTACGATCCCTAGCACTATAATATGAAGTTAGGGCATCATAGTCATCCAAGTGAATTAAACGAACCTTCTTTGGGGCGACGTCTGATCCTACGTTGGGACAGTGACCCACCACATCGTTTGTACTTTAGCTTGTCAAAACTCCTGTAAATAACCCTCTACCAGTCGTGTCATCCAGATCTGGTGGCCTGTATTAAAACATCGGAATTAGTACGTAAAAGGGCCGCTCAACACCGTCTAACGTGAGCTCCTAAAGTCCCCTTAGAGACTAGTCTTCTTTGACCGGCCGCCAACTTCCCTTGTGTCCGACTCAGTGCTACATGATAGGATGTATCATAACATTATTTCCTGTAGCCAGCGACGCTGCTTGTGGTGGATGCCTACGACAATTCCAAATCTCCTCAACCTTATTTAAAGACAACTATGATCCTCTCCATA,1551,48.29,Homo sapiens
SEQ_660346,GCTGTTCAGCGGCGCGATACGGTTTTTCATTCTGGAATTTAGTCGCCCTATCTACCGGCAGGGCTCTATCAAGAAGCACATAATGTCGTTGTAGCTTCTTACTTAGCCTGGACCTAAAGGGCCACAGATAGAAGAAACTCAAAGTGATTAGTAACCCCGATACACGGGCTAATGAATTGCAGTTGGCGCGTGGCGATACGGTCCCAGCCCCCTTTTGTATACCATATCATACATACCGGCCGGTAGTGGATCAACTTGGACCTACCACCGAGACCCGGCTCAGCATACCCGTACGCCACGTAACATGTAGTCCGCGTAATAGCCGCCGTTACCAGGCGAGTCGTTTCATAAGGAACATTGTGGTATCTTTAGTGGAGGGGGTGGGACCGTCTGGATTTCATCTGCGCTGTTCATGACGTGCATCGGTATTCTTTCGCTAACATACCAACCATTCGCATTGTTTACAAGCTTATGGAGTAGCTGCTCGAAGATGTCCACCTGAGGCAACTTAAACTATAGACAATTCACTTTGACGTTTCTAATCGGAACCACTATTAGCAGGTACAAGAGATGGCTGTAAGCCGTTACCTTTGTGTTCGTTTGGCTCCTAAAAAGATCTCGGACCAAGTGGCGTAACCGGCTTTAGGTCCCTACTTTACTTCAGCTGAGGCGCGTGCTGTGGCCCTTAAAAACATCCAATAATGACGACTTTGGTGGGTACGGGCAATGGCTGCCCGTGAACGATACGGATTTGACGAGCAGCACGCGAAGCTATCTTGGATTACATCGGCCTCTGATACCACTCCCAAGATCCATCGAGGGGCTGCGCTACTCTTAGTGGTTAAGTTCCCTCCTAGCCTTTAGATTGGCGCTATGAAGAATATTCAAAGTACAAGATTTGGCCAACAGTACACCTTGGAGGCAGCGTACGCCTTCGTAGGGATGCCCTCGTGTTTGATCAGCGTGCACAACTTAAGGATTTCCCATTGCCATACACCGAGGATCCCCCTAATTAAGAAAGGATAATGTCAGTCAAGATCGTCCTCAGTATATGTACGTTCAGCCTACCGTTGCGCGGAGGAAACCCGAAGAGT,1094,49.18,Homo sapiens
SEQ_382814,CTTAGAGTAAGCGACTAAGGGCTGCATGCCCGGTTGCAAGTTGGTCACAAAAGAGGTGGCTTGCTGTACATATACATCGGTCAAAGGTTGTGTTAGATCTATCCAAAGGAACTATCCAGTCGAATATGATCAGTCACCCCATATACTGATAGGGTTGAAGGGTATGTGTAGCGGCACGGCCTGTTCACCGGTTAGCATGAAGGATCGGGGTTCAACCTTTCCCTTAAGTATTGCTTGCGGGAACTAGAACCGCCGCGAACGGTAAAATCGTTTCCCCGGTCCAAGGGGCATAACCTTAAGAGGGGGCTTTCAGAGTAAATCGCCGTCACCAAACTCGACCTGTACTACGGCTAGGGGAGACTAACATTATTCCTATGGCGTGCGAGACCTGCCCGGGCATCCGTCTTTCCCGCATTCGCAATAACAAATTGCATATTTATTCTGAGGGGACAGTCGCATGGAGAGCCGATCTTCGCGGAAATGGCACAGTGTATCATAGCCTCATTCGACCATCAAATTCGTATTAGAAGTAGCCGCAGTACATTGAACTGGCGTACTGAGAGGACTTCCCTGGAATCAAAAAAGCCATTGCATCATTTAAAGGGATACTCGCTAATTTGACGCGTTGGACGCCGCTTGGATCCAAAGCGTTTACGTAGCAAGTTGTTAAATGTTGCATTTCCGACACCGTATCAGGTCCGGGTTGTATACAGTT,715,48.39,Homo sapiens
SEQ_494435,TATGCCTGTATCTCATAGGAGGGGGCTCCGGGTTTAACTACTGTAATTAATCTAAGGGACCACGCACCCACTTTTCTATTGCTTTAGACCACCCGACCAAAAGCGCAGCAAACGTTGTTAGTTTCTGTCGTACCATAAACGTTCATCTGGAAAGGGGGAATATTCAGGAAATTCGCCGGGTCTCCACATGAGAAATGGGTGTACCGTTTTGGAAAGGTTGTCAATCAATGGCATGTTCCTTGAGGCTGGGAGGAAGCGACATCACATCCCAGCTCATAGACACTCCGTGGATCTCGTGGCTTATCTGAGCCTTGGGTCGCATTAAACCGACACTAAGAGCAAACTTGGGGGAAGTTTTTGCCTCCCCGGTATATCGGGTATTCCGCAGAATGGAGACAGTCCTCGTGAGGATTATACAAACGTTGACTCTGGAATTGGTTCGGCGCGGGGCTACCTTCTACTCGACCTAACCA,473,49.05,Homo sapiens
SEQ_192623,TCGTTATGCTCCTTGTAGTTCTGCACCGTTCGCGAGCAATATACAGCACATCCGAATAGACAGTTTTAGATAGTCTGGACCTGCGGCAAGGACAGGTCCACTAATATCTGACGCCCCCTGAGTCCAGATAGTTCAGATCCGTGGCGCTGCACTCCATGCTTAGGGCTTATAACGGGATAATGGAGCAGCAGCATGCACTATCCTGGTCGCCGTACATCAGTCTCAGCCAATATTGACCCACTGCTGTTTTGCGCGCGGGAGCACATGAATTGACGATCGAGTCTAGCGGTTCTACACAACCCTGTCTCTAATACGTGGATCGGTGATTCATTCTAATCCTGGGGTCAGTGTGTACCTCTAGCCTGCGTTACAAGAGGCCGCTTAGTTGGTATAGTCTGCACTCTATCTTTACAAACACTGAAGTTCTTTGTTGACGGATCAATACATGAGGAGAGCGACTGATGAGTGCCAGGTATACGAGCGGTCCATTAAGGACTACCTGCCTCGACTAGATGGTCAGTTAGGGCCGATTATGCCTGTTTGTTAGGGCGGAGTGCAGCTTACAGGGGCCATCTTTCGTCTCTAGATGGATGAGCCCGTAGCCGTCACTATCTGCGCATGATCAGTTCTGTCCCGTTTTGACTTATTGACGTCTTTATGAAGGTTGATGAGGGCTCGAACGTGTTGGAACCACGGGACACATGCTGCCTTGTTAATCATTCGCACTAAACATGTAAGAACTTTGGGCGCTGAAGTAAAGACCTAGCCGTTACAGTGGACATTAGTACGCCAACTGGACAAGCCCCCGGTACAATATGAGTTCTTTGTTATCTAACTCATTGATTCGATAACCAGCCGAGTCGAGCCGCCCTACATAGCTATCGCAGGGCGCTGACTTAAGCTCTTGTGCCAGTGTTGACCAGGAGCATAAGTCTACGTCAAAACAGCGATGAAATCCGCGTTGTCGTATGAGCTCACCAATCGGCCACAGTACGCTTCGTATGCCAACGCCTTATTATGAAGGTGGGCGACAAAGCATCCGATAGTACCCTCGATCAGATTTTCTCGGGACAGAGACCCGATCGCTATCCACCCTGACAGCGTTCCTGACATCGATTCCGCATCCAGCACTTATGCTCCGCGCCGCACGTAGCCAACTGCACCCTTCGCAGGATCACTAACCCCTTTTAGTACGTAGCTGGGCCACTAAATGACTTGCGTGAGGTCAAGAAGGGAGCTTCATCTGGCTCTGATCCAGCATAAGCACTGAATAAATCGTATTCGCACGTCATCACTAAACGTTCATGGCGATCGAGGGATATTTACGTACCTGAGAAGACTTGGTC,1346,50.0,Caenorhabditis elegans
SEQ_851899,GCGATTCCCGCTTGCCGAGCACCACACTCGCACATGAATCGTCTTCACAGTATAGTGTGGCTTTTAAAAAAGGATCATCCAGGGAACTCATCAAGGGAATCCGCATGTATAATTACAATACAGCAAAAGGTAATGCCTAGGTTGTGGGTACCTGCTGGGCGCTACTGAGTCTCATAGGTAGATGACATGCCCCAGACTAGGCCTTTATAATCGCACCGAATTGAGGTAGGGCTGAACGTGCAGCATTGGCCTTTCTCTCGTGTAAAGAAAGAATGTGGGTACCGCACTGCTAGTCAGCGCTACCTACGGCCACATCCCAAGCGCTCCGCCTAGCGTGTAAATGACGACCACTAATCCCACATAATGTAGAAGTAAGCAACGAACTTAAAGTCCAAATGCGCATGGGCACTACCGTGTTCGAGAGATGCACGATGACCCATTGCCTCGACTTGAATATATTCTCACCACATCTCACAGCACAGTGTTGGGTCATGCTGTACCTGAAATTGCTTTAAAACTTGACAACGCGGGCATCATAGTTTAGATCTCTGCGGCCGATTCGGGCAAGCTTTCTCCAGATAATCTTTTTCATCCGTGATTTTACATTCAATTATCTAGGCCTCAATGTGTGCGATTCCGTCCTCGTAGATAGGTCCCCAACCTTTAACACGTTGGCGACACGGATCTCAAGTCAAGCAGAATTTACAGTATAGGGCTAAGATCCCCATATAAACTTACTGCGCTAAGCCTTGGCCACCAAAGCTCCTCTAGATATGCAGGACTGTGTACTCTCGTATTCTCGTAGTCCCCAGTTTCGAAAGATTGCCTAAGTATCAGATGTAAAGTGCACTAAGACATCGACAGAGAATTAGGAACTGGCAAACCCACCCACCTACTCTAG,901,47.17,Homo sapiens
SEQ_311706,TACACTTTACAGCGGGTGTGAAAAGCGGGATCGTAGCTTCTTGGCATTTACCAGAATAAAAGAGTATAAAAACTGCGAGATTCCTTTGCCCTGAGCTCTAGGGTTTCGGGGCTTACAATGCCCTCTGACCCTGGTCTGTGTACGATTATTGTCATGGCAGCAATAAGTTAGTCATGATGTATCAACCAACATGTTCCACATCTGTAACGACAGCGTTCTAGACCTCAATTCTCCCGGTCGTCCCTTTCGTTGGACGCTTAGGAACACTTAAGTCCTATTGTGTCAGACCGATTTATTAGATGACGTAGGAGCCCATACGCTATAGCTCACAGGTCTCTTTCCCACCTTCTTGAGGTGCCGCGTTTTGCCGTGATAGAGGGGGCTGCAGAGGCGATCCCAACAATGAGCCAACCTAGCATGTTATAAAGACAAATAGGAGAACCATATCGCTCATTCGAACCTTCTCGGTGTCTCATCAACAACAACCACAGGGTCGTCTTTAAACCGGGTCTAATTACGTGCGCAAGTGGGATCCTGACCCCCGAGTCACAGATGGAGTCATAAGGTCCGTCGTTCTAACGGCAGTTACACAGTAGTGCCTCAGTGACTTGACACCAGTCAGTCATTTGCGGATCTAAAATAATGAATACGAGGTGCCGGGTTGGTGGTCTATATGGCGGTGTGAGCCTCGCACGTAGCAGTTTGCGGTTCTGACTAGCGATCGGACCTCGGCAATGTACTAGAATCTTAAGCACTTAAGGATAGTGGCCCTCTACGTTGGGCCCACGAATGGGATCTTCTTGATTGAAGGAGTGCCAACGCATGAAACATTGTCAGACCGCGCAGTCCTATCGATGTCCATTTAAGATCAAGTGAAGTTGTGTGTCTGAAGACTCGCTTGATTACGAAAAGTTCACTTACACCTTCTCCCATCAAATTTGAGACGGCTCGACGAGCTCGGCCATTTCGACCCATCGTTTAATCTGTATACTTTGAGGGATCTCTTTTCACCTCGCCTAATACCCGTGCAAATAATGAGATGACCTGGTCGATATGATGGGTGCGGTCGGCTCCGAAACATCTAGTGTCGTCCTCGGTTTACAAGATGACAACCTCAATAACAAGAGTTATCTTCACGTAGCAGCACCCCCAATGGGTGAGGTGCTCCGAGTGTCCGGGCTCTGGCACATTACGGTCGGCCGAAAACGGCTGGTACCCAGTAATCGCCACAACTTGCATAGTGTGAGCGACATCGTTACGCCTTGCCAGCCAGAAAGTCACCTCAGTGGTAAACAAACGAGATGCGGATAGAGCTGTTGTACGGGCTTAAGAAGACACATAGGCATACCAAGATGGAGGCCCAGTTCAAGCTAAGTGGACTTACCCTGGGCCTGGCATTAACTAGGCGAGGAAGATGAAGTAACGTCGAAAGGTCACCAGTCATCTCGTAGACTAGCGAGAATCATAGTTTTCCTCTCGAGGGCGCCAGTGCCTGGTAGCAAGCGCGCATCAACAGTACGGCGAGTATCGACCAGGTGGGATCTTCCTTTAGCGTCATATACTGTCTTCCATCTAGCACGGGTCAGCA,1588,49.37,Drosophila melanogaster
SEQ_851255,AAAAGACATGCGTAGTAGCATAAGGGCCATCAAAAACATCGGAGTATCCATCTGCGGGGCTTCCTTTGAGCGCCGTCTACTTGGTTTAGTCTCGTAATACTCTAGTCTTAATCTGGAACATCCCTCACCGTGCTACTCACCTCTTGAGGTCTGATCAGTGCACTGCTCACATCGCTTATTGTACCGTCGCGGCGCTTGAGTCCGCAATAACTCATAATAAGTGATCACTAGAGATACAATAGCCTGTTCGGTAACTCAGGGCCGATCCCGTGTCGTCACTGAGTAGAGATAGGCCCGGCGCAAAGCCCACTCACTATAATACCTAGCCTACAGGCTGCTATTGCTACTAAGGTAGGGGAGCCAGCTTGACAGAGGAGTAAGTTGCGTATGAGAATGTGAGTTGATCGAGGGCTCAACTGGACGGACCGAGTGATGAATT,439,49.43,Drosophila melanogaster
SEQ_508218,AATGGATCATCTACAACATCAATAACCGTCTTAGAGCTTTAGAACGAGACCTCCAGTAATGCATTGCATACAGTTGCGGAACGCTTGGGTGATCTTTTTGAATGTTTCATTGCTCTCAGAGAGATCGTCGTGTCTTATCATCTCCGGGAGGATTCACAGAGAAGGGGCTTCTATTAAGGCGTGAGTTCGTACGCTGGCGAGATCTTTTGTCGAAGATCGTCCTAGGGGACGCCACATAGCGACCCGGCAGTCAGGGTTGCCCGAACGTAGTACTTTTAATCCAATATAAGATAATGCTGCGTTCCACTCATCTGATGCGCTTTTCAACCGATT,333,46.55,Caenorhabditis elegans
SEQ_162348,TGCCACTATCATGCGCCACAATTAAGTCGACAGTCACGTTTACCTGTAGACAGCTACAAAGGAAGATCACCCAACTATGCATTAACGTAGGAGCCAAGTAACACAATTGACATCTTTATGTCGACAGGCGTTGCCGAGCACGCTCCGGTTTATCTCGACTGTAGCACTGCCACTTTTGCCTTGTACTCTCATATATGGCTTTGCGGGGGCAGAGATGGTAACAGTGTTCCTTGTTCTGGAAGCTTCGACGCCGTAGAACCCAGAGCTGGAATGCGTTTCTAGTGCTAGACTGCTTAGGTTGGGAGATTCTAAGTGTTAATGTGTGTCGGTTTAGGTACTAAAGAGGGTCGTGAGTCATGTTGTGTTGTAACCCCTTTATCATTGCCTGTGTTTGCCCCCTCGGGCCATGTCGTGCACTGGAGGCATATCATGAGTCCCGATGGCTTGCCGAATTTGCAATCGGAGGGCGCCATAGAGAGAGGGTAGACCCCCCACTCAGATCTTCAGACCTGCGTCGCACAATCAAGGGGATACTGAAGGTAAATAAGTGAAAGGTATCAATTGTTAAGGCGAAACTTCACGGCAGAAAGATCGGGTTAACTCTTGCAGCGGTAATGGCTGGCAGCCTTTCGACTCTTGTGGGCGCTACCTCGTAGTTTAACCCCTAGGGCCTAACACCGAGGGTGCTAGAAAAATCATCGCCCAGCCCGGTGTATTATCTTACACACAGTCTTCATTCAGCAGTGAATCGGGATGCCTACCCTTAGGGTCAGGTTTGTTGTACTAGCGCTATGGCTGGGATCGCTTAGACCCCTAACGCCGTTCAAAGGTCTGTGTACTAGACCGACGTGACAAGCATCTGGAACGACCGATGGATAGTTTCCTGGCCTACAATGCCGCACCCTGTCCCTGGTTATTGTTGTGGGACTCCTTGGTGAAGGCGAAGAACCGAGAGACCCAAGTACCCCGGTTTTGGTCGGGCGGCGTCTAACAATCTGATTTGTTACCCTCTTGTGGTTGAGATATGGGAATCTGCCTTAATTGAATATCCCATGGTCAATAGAATATAGTAGTCACGTGCTTGCTTGGTACAGGCCGACCCCGTATTAACCCAAC,1116,49.91,Homo sapiens
SEQ_391550,GCTTAGCTTTTTGATTGCACTATTATTACGCGGACCCGCAGGGCTTAGCGTCGCATAAAAGCCTCACTCAAACGATGATAACTTAATGGGGCAGCGGGAATGCTATCACGCTGATTCGGGGCAACCATCGGGACGCCTCAGGACGCCCAGATGATCGCCTTCAATGAACACAATTACAGTCATCATCCCGCAACTTTCACGATTGAATTGAAACACTAATGCGAGGGCATGATACACATCGATTTGAGGTTGTCGCTATCCGGCGTTTTTTGCAAAGTGCTAATACACCAAACGCTTCCTTGATGGCCTCTGCTCATTTTACACATGTCGGTCTAAAGTCAGCGGCCTCGTCGTCTAGTTGATATCTC,368,48.1,Homo sapiens
SEQ_337498,TCACTGCGCTGGACGACTCGGGGGTGGCTTTGGGGTAAGGCGAATGAGGGAGCGGGTAAACACGTGAGTAGATTCATCTTTACGTTGGGGACTTGTATCTGAGGATCCGATGGCAACGTCGAAAAGTGCTCATATGGGACCCGATAAATGTCTAGCATCGAAAGTTTCGAATCGTCGCACTTCGTGTAAGGGTACAACACACGGTACGGGATTCGGCCCCCGCATCACTGAGGGGCCCGTCAAGGGGAAACACCATTCATAATGACATTGCATCTTGGCTTTATTGCAGATTCCCGATATGGAGCGACCCGGTCCAACGGATTCCCGACTAGAAGTCAAGTGGATCCACTTAAGCACTTGTAGTGGTGCGGTTGTTGAATCGGCACCGAAAACAACCCGAAATGACAACACATAGCAGTTAGATTTATTCCCAGTCCGGGGGAGTCACCTTCAAGCCTACCGAAGCTAAGCAACTGATCTATTATGGATTTGATGGACGAGGTGACTGCAGTCGCCTACTTCCGTACGCTTGCGGGGACGTACAAGGTTTCGATACGAATGATCCTTCTTCGGCGTATATCAAACGTTGACAAAGTGCTCTAACATTCGCGGGGTCCACTGAGGATAAGGTAAGATGACGGTTCGGACCGAGGGAAACTAGTCGAGGGAGTTGCTACAGCCGGCGCGTGAAGAAGCGGCGATAGTCGGAGAGTTGAAGATTAAATCGAAATTAAAGTTGTCGCCAGTGCCTGTACGAAGTGTTAACGCCGACTTCGGGGGATCCGCTCCGGCCCTGTTAGTTGACCAGATGAGTACACTAAGTATTCGTTAGCATCGACGAGCCAGGCTGATGTTCTTACCGTGACGCGGCCTTTTTGGTTCCGTGTAGGGTGTCCTGCCCCTCGCGTATAGTCTGAAGCGTCTCGGGATGCTTT,935,51.55,Escherichia coli
SEQ_240232,GAACATAGGATTAGCCAATGATCTTCTGTTCGACAGGTTGGCTACTGTCGGGAACTAAGTCGAGGTTGACCTGATGAGTAGTTCTGCCAAAGTAGTCACTAATATAGAATAGTAGAGAAAGCGGATTCAAATGCACCATTAGATGGGGTTAACGGTTTGACAGATTTCGGCCGTTATGCATTATCACACTAACTGCCTCGCGGAGTTATCCAGGCGACGGACGCCGTACTTGGACCTACCGGATTTCTTGGAATCGTTGTCATTAATGGAACAAGGCTCAAGCTGCACACGTTGTTCGTTATAATGATAATCGACAAACTCAAACGAACACGATACATAAAAATGAGCGACAATGGGGTTCCCTCAGGGGCACTAGTACTCGTATTGGGTGAGCTTCTCTATTAGCGTTTACGGCGTCCAAGGACAAGTTCTACGTTGAAAGGTATATCAGGTTCTACCGTAACGGGTCGGTGTAAACCTTCACCACTTTATGCTCGTCGACGGAAAAGATGAGCGACCTCATAAATAACTTCATACATAGTTGTATATCCCACGCGCAAGCAGGGGAGACGGAGCATGGCACGTTACCTAAATTTTTGTTCGTCTGGCGCGAAAGGTCCCGTTCAGATCCGTTATCGAGGGAGCCCCTTTTGTCGCCACGGCGTCAACGAGACTATCCTATTAACAAAAGGCAGCCCTAACATGGTACCCGTAACTAGGCGGCTCCGTGAAGACCAAGGACGGCACCGCCGGACCGTAGTTATATCCAGGGCTCTGTAACCTAATGGGGTGAAGCGTGGGCTCGCGCCGAAAGAAAGACTTAGTTGTTCCAACCTACAATGCTCGCGCCGAGAGCCAATGGAACTCGGACGGGAGTAGTTTTATGGGGCTTCGACGTATCCGGGTACGGAATCAGTCAGCAGATCCATTAAGGAACCCCACCAGCCCACATAGCTAGACTCTGCGCGCGGCGTCAAGGGTTGCTTGGAGCCCGGCCCGTAGGTGAATGTGACATCGATACTCGGATTCCTCAGGAATGCGGAGTGGGTCCTATACTCGATAGCGATTTCGTTGTTTTTCATGCCAGGGGAGTCGAGGACCGCACCCTAGTCGAAATAAGTCCAATGGGCAGGTAGCCTTAAACGACAGCCAGTTGTGTCCCATTCGATAGTTCAAGCAGCGTAGTTATGTATCAAC,1197,49.79,Saccharomyces cerevisiae
SEQ_254737,GACCTAGGCAAGCGTATCACTTGTGTTCGGCAAAGTTCCGCGCTGCCCCAGTCGTCTCAGGCTTAGCCCAAGACTTTTCTACGTGATTCCCACGGGGCTGAGAACCTCCTTGTGTGCGTGGTGAGTAATATTATCTCTACTCGCCATAGAGGGGCACGCATGTAAGCGCAGACCGGAAATGCAGGCGGGTCGCTGGAACCCTGCTCAGATATGAAATGTGAAAAAGATGTAGCCGCCACGGTGAGAGGGTCGCACGCGCCGCGTATCTCATGCAGCTTAACAACTTAGTGCCACGATCACCGTGTTGGTACAGTGCGGCAAGTATCAGAAGTCTCCCCATTGCGTCTCCGCTCTCTCTCGATAGGGCTCCTTGGTAGAAAGCCGGGATGTGCTAGTGTTAAACAGTCCCCTGTTCGCGAATCAAGATACAAATACGGCACTCTTTACGAGTTAGAAACGCTCAGCGCGGTGATGGTGGTATTTATGGTTGGGTCCGCACCGTCGACGCTCACGGTTGCAAGTCCAACTTATAGACTGCCAGATGGTTTGGTGGGTTGAGACTATGTTGTCTTCTCGCATTCTAACGCTTATTACATCTACGGTACAAAAGTGTGTTTTTCAACACGGGAAACTATTCAACGTACCCTCCGCGCAAAACCGACCAATAGCCGCGAGACTTCTTCGATTGGTACGTGCCGAAAGAGGATTCGTGTGAGATCCTGGCCTGAACGTGTCGACGATCAGACCGTAATATCCCGCTACCAGGGCATGCTTGTATATACGCAAAGAAGCAAAACATGGGGACGGGATTCGCACGACACGGTCTCGCTTCGATATTACATCGGCATCTGAGAATTAGAGT,862,51.51,Escherichia coli
SEQ_314219,CTTAGTTCAGTACATCGTGCGGAATATGTCTTCTATTTTTTGTTCTCTGTTAGGTAGCGAGTCTCTATATACTGGGCGCGCTCCAGGCTGGAGTCTGAGGATAATCATATATTTGTGATCAGCTCCTTTTTTACACCAGTGTCCTGAGGCCCTGGACGAATTTCCACAATTCATCTGGCGAACAAGGGGTCACCAGTAACGTAGAGGCGCGATGTCGACCTGTGGCCAGGTGAACAGCCACTCTATCTTATTAGCCCCACTATTAGTTAAACATTTGAAATACCAAAGCATCGGCAAGAGCTACCACGGTTATCGGCACTAAAAGGGAAACAAATCGGCTACTGTCCCATACCTCCCGCTTACTGTCTAAGGGACCGCGCGTACCTCAAGGCGGTAATTATTTTGCGGAAT,411,47.2,Escherichia coli
SEQ_119993,GTTATCTACACAATCCACCAGCTTATTAGACTTTTTTAGAAAGCATTTTAATACTGCGGTGGGGAGGTCTAGATACATCTGCCGTATGAGTGCTCGCTACTCGCGATCGATACGTACCTAATCACAATGACTCCGAAGACACAACAAACAAGTATCCTTCAGAACTTTAGTCATGGAAGTCGTCGTACTGGTCAAGACGAGTGCCTCACCGCCGTCCGAGGGGGAGGTATATGTTATCGTCGCCTATTGAGAGTGCAACGCGTAGGTCCATAGTCCCCAACTCTATAGTGGACGTTAATACTGTCAGCTTAACGGCGTTCTGTTTGCGGAGAGTACGGCGTAAGGAATTCCAGTAAATTTGGGCCATGTCCCAGTATATTAGAATGGAAGACCTCTTTACGCTCTTCCTTGGTTCGATCACAGGGTTAGCCGTCTGTGTATCAGGCACGTATCTAAATATACCGCGAGTCAGACGTATGTAGAAGACGGCATCAATGACCAATGGAAAGATGGGAAGCTGCACTCGCTCCCTGTTCAACACAGCGACGGAGATATGAGCGCCACCGGAGATGATCAGCGTTCTTACGCTGTGATGCTCCACGTGATTAGACTTCAAACACTAACAGGAGTTGGGCCGGCTATTAACGATGCTATCATCCCCAGGTTCTTTCAGTTTCGTCAGACAGTATGCACAATTAATCCTGTGGGTCGACCTCTCGGAGTTCCCTTATGTAGTGTAGAACGCTCATCCCTCTAACGCTTTTTAGACAGGACAGGTGTTGCCGATTTGATAAGCCTGCATTATTGGCGTGGCAGTAATTTAGACCCAGGT,832,47.6,Escherichia coli
SEQ_669317,GTCGAGGCCGGGCCGCTGCTCACAAGTCATCAGACGGGGCAATGGCCCAAAACATGCACCCCCCCTGGAGGATACCGGGCCTTACACTGGTAAGTAGATCTCTTCGCCAAGCTGTTCGCTTAACACTCGATTGTACAGGAGGGTTTCGAGAAATAAAACTTGGTGCAACTGAGTGGGGCACTTTCATGTCGCTGTTGTGGTTCACCTGTCGAATTCGACCCTGCTGTACATGTAGCGAGTTAGTTATTGCCCCGGCGTCTCGGGGTTGGGAGATCATTGCAGATACCCCTCACAAAGAGTTAAAACACCAACGTAGGAACTGTAGGGAAGTCCCACACACAGCCTCGTCACTAAAGTTGCCGGCTAAAGCACTTCACCACGAGCCGACGTCTAGCTTCACGGTGAGCACGGGTGCCTTCGACCCACGGCACGGATGCACGTTGGTGAGGGCGGGTGTTCAGAAATTTAAGCCCTCACTACATCTCAAGCTCGCTTTTTAGATGGGGTGGGTGGCATGTAACCGTAATTCGGGGGCTGCATCCCCGCTCATGATAATCCAGGTGCGTGGTCGACTCGCCAGGCAGGTTGCTTTCCGTTGTATGCCAGCGGTCCATCGATAGGTTCTGAACGACAAAGCTCGTTTGATCCTCCCTCCGCTACTGGGGTTAAAATGGTCCCTTCTCAAACTTATGCATCTTGTGCTTATCGTCGGGTCCGTGATGTCTTTGCCTAGGAATATCTGTAGTGCCTGATCAGAGTCCCGGAATGAGAGTCGTGGCGGCATCATGACCGTCATAACCGGGGCGTGATATAAAGAGTGGTGTACTAATAACGAGGCTTATATAGCAACAGTGTGTCAAGGGGCGGCCATAGACTAGCTCCGCTCCAACACAACAGTCTTCAA,904,52.99,Escherichia coli
SEQ_631354,ATGGGGTGGCAGACGGATATCTATCGTGTCGGTGTTCAATTCTTATAGCGGCGTTTTTCAGACCTCAACGATCGAGCCAAGAGATGCGGTGTGCTGAAAGTGCGTGTCACCTGGCGTCCGCCGGGTCGTTTGTCTGTATTTTATTCTTCTCAGGAACTTTTCCAGCGAAACAAGATGTAGGGTTCGCGCATCCCAACACATGCATCTGTCGTCCAATCACGCATATAAGCGCGAAGTAATTCAATAGCTTCTACTCGCACTCTATCGTGGGGAGCGTTAACCGCATCTTTGTCCTGCTCCGCGCAGCTACTGAGCAGTTATGTAGAGGGTGAAGTCTCCCGAAGAAATTGTATCAGCGATGCTTAAAAGCTAGTAATGCACTCCTCTATTGACTGAACTGCGAAGTCCGTGTCATGGCGCCGTAACCTGCACTGCAATATCGCTCCCTGACCGTGGAGTAGTCAGATTCGATACGCACGCCTAGTCGTCATCGCGCCACTTGGCGCCTTCACAAGAATAAATCAGCTTGAATAGTGTGTGACCTTTCTGATCTGCCCAGTCCGTGCCCGTTGAAATGCTTAACAGGAGGTCATGCAAGATGCCGGAAAATACACGTAGCATCGCTCACGCTTACGTGATCTAGTGCCAGCCCAGATCATTGGTCACTAGCTGTCAGGTAAACTACCTAATTAGTAGACAAGTACTCATGTAGCATCGTCGTGCGCATCATTTAACCCAGTCCAGGAACATTCCAGTCGATCGTTCGCCTTTTATTCTGCAGCGGAGGTTTCCAGACACATTATTCGCTGTCATTAACGATGGACTAACTTCCTTTTGTGTTCCGCCAACGCACACTTTCCTATGGGTCCCCAAGGTAGCGCTGGGAAACTAGAGTCAAGGATTAGCTGTATCACGTAGTAAACTAATGAGTACTTCTGTATGCCGTGTCCTCTACTTCTCAGAATTGCAGTGAATACTTCGTTTGAATTCGACAAAATCGATTGCGCACATGGGCCGAAGGCAAAAGCGACACGCTAGAACAACTGCGATAGAGTTGTTGTTAAGGTGGGAGCATTTATGTCATAGGTTTCAGCGCCGTAGGTAGCTCACACTATCCTTAGATAAGCGGTTGGGGGTTGCGACGGAGCGTGGCACATCTTGAACGGCTCAGGGTCGCGGTCGAATGGGCCTGATATAAGTACCGTGATCCCGAATGTGTCAAGGGGTGGGGATACTGTGACCGGTCCAGTACGTGGTTGGATGTAATCGGAAGGTCCGTGCGCTAATATTCAACTGCAGCGCCAAGGTCGTCGTTCCGACGATTTTGCCTCTGCAGGCAGAGAATTATGATTTAGAAGTAAAAACTCCGT,1370,49.2,Mus musculus
SEQ_859895,CAGGTTGTCATCCTCTCAACCTATCATGGAACCTCGGATGGGGGTCAGCGGCATTTGGCTGCCGACCGGGTAGACGCCAGCATCGTCTCCTGGTTTCTGCAGTTCCTACGCGCCCACTCCTCGGTACGGGTTCCCTTCGACGGCCTAACCTTCGTGTAGGGCACATGAGGAAATGTAATGGCGAGCCAACAACGTGACTGAGTGATTGCGAAGTCCCGGAAGACCCAATTGGGGGTCTTCACGCGCACTTGGCAGGCCTTCTTCATCGAGGGACGGATGCTAACCTAAAGGACGACCTAGTCTTCTTACTTTCTGTCCTAGCTATATTGACTAGCCTTTCCGGATGACATCACGGTCGGGTCAACTGTGGCCTGTAACTTCATCCTGTGACTTTACGTCTGCATTTGTAACATGCAACCGCGGAGGCACACGGGACAGAAAACGATACCACCGTGGTGTGGGGTCGGGATAGACGAAATCCGATGCCCCGACCGACCTTCAGCGCAATGTAAGATACCGAAATGCGTGATCACCGCCTAAAAGCTCAATTGAGGCGAATAGCCAGCCCGTCCATGCGCTACTTAGTCTTAGATTAATTAATGTGGCCCTCTATTAAGAACGCCGAGATCTTAGCTCCGTCTGGTTTTGAGAGCAAGGAGAGTGCAGCTCTGTTTATTACTCTGATTTCGGTTTGCTATTAGCATACAAGCCTAAGTATTGCCGTGCCTATCACGCAGGGCGTCCATCGAGC,751,52.6,Arabidopsis thaliana
SEQ_109705,TAGCAACGCTGGGAAATCCATGGTCTAAAAGTAATCGGCAGGAACTTCCGAAAGGATATGGAAAAGCGAGAAGTTGCAAATCGTTGTTTTTGTGTGAGAACTGGCTGGAAGTCCTGCGAACGTTAGAACGCGGGTTAAGAATGTTACCGTGGATAGATTTATAGAGGAATAGTGACGGAATTGATAGAGCCTGCGATTGAGAGGTGGGAGGCAACAGGCTCACCGATGTCTCGACGATAAGGCCTCGGCCGCTGTACGGGCGAACGACTGCAAGAACTTCGACGCCCGGCTGGATATGCCCAATGTCCGTAGCTCATCGACCAAATCGACCGAGACCAAATTATCCGGGTTCCTGAATTACATCCTGTCGGAGGCTAACGTACCCCCTTCCCGTGAGTGGCTCAAGATGATCCGTTTGGCCCGGCCGCAATTATCGTAGACATTGAGGTAGCAGCAAGTTCAGCCATGTTTCTAGTGCAACATACATCGACGTACATCGTATCTGTGGTCTCCGATAACAGCTCCTAACTCACCCTCCCCAGGCATGAGTTAGAAAATGTGTCAATCGTTCACTAGCGGCAAGCGAGGTTGATGCACCAATCTCAAGCGACTCCACATGCAGGACTGCGTTGGATAGCTGGCTGTTACATGTCGCGGGGACCTACACAAAATCCACCTCTTAAAAGCGGTAGATATAGCTCTCTTAGTTGCAATGATCTGACGCGTTGCCCCATAGTCTCATGGGAGGTCGACCCTATAATATTACAGGATCGTTGATGTGGCATTATCTTGCGGGGGTTGGAAATAGAAGCGTGCCTCTATTTAAGTCCGGGTGCGACGCCATCGAGAGAAGAGGGTTCTTGCGCGACTTAGAAAACAAAAAGAAAACGGCACCGATGTCCGTAAATTACAAAGCCCCAGGAATGATTTGGAGCCGCGTAATCTGTTGAAGTCACACGCGGTCGATTGTGTTTCACGAACTGTATTTAAGGGATCCATCCTCTTGAGGGTGCGTTGGACCAACCAAGTAGTGGTGCGGGTCTCGTCGTGATGTTGGTAGTCGTTCTGGTCTGTATCACCGTAGTGAACCGAAGGAGCAAAGAATATTGGCAAGTTTCAAAATAAGAGAGGTGTAGACAGTCAAGTTAGTACCCCTCTTTAAGCAAGACTAACTGTCTATTGCAAATTCGCCCGCCCCGCACTCGCGCGGCTGTAGGACCCAGATGCTTCGCTCCGTGTCTATCGGTGGACTCAAGAAGGATGCCGCCATG,1271,49.96,Saccharomyces cerevisiae
SEQ_893752,CCGCCGGTCATGCCGAGAACTCCTAGACGGTCCCACGCGATTAAGGCTCGGTCCGAGGAGACCGCTGGAAGCTCCAGACCACCGAGCCCTGTGGTTGGAGACTTAATTAGACCGCCTATTAGGGAATCCACGAGGACATTTTTAGCGGTGAATAATTTGAGAAAAGTAAACACTGGATCAGATAGCAGGACGTTATAGCAACGTCTCTATCGCAGAGTCCGTTCAGGGTTCGTTGTCCGGATCGTAATGAAAAAGTCATCGGCTCCTTCCACCACTCACCTTCAGGGCAGATATATAGGGGTTTTCTGATTTGCACGCTAGGGTTGTCAATAAGGAAGCCAGGTAGCCACTTAAAACACCCATTGCTACTAGAAATGTGTCCCGCACTAAATAGACAACGGGAGATACGCTTTGTAGCGAGTCGGTCACACAATTGCGTCAAGTGACGCAGGAGGTAGCATTGATCGTCGAGTCGTATCGGACTCGCACGACAGGTCACGGCGATATCATTTATGATCGCTCGTCGTATCGAATCCCTGGTTTCCATCCTGTGAGACGAACCACCGTTTAAACGTGCGTACGCCAGCGTCCCTCTGGCCTTCACCATAGGCCGGTCACTGGGCGTTGCCCCGCGTTATATGGGGTTAGCCCTTCTCTCTTCGAGAGTCCGCTCAAAGTTCACATATTCACTGCGGGCATGAGGACTGACTCACAATTGCACAGGAGATAATTCCGCTCAGTAGTTATTACACTAGCTCGCTTGCGGCGCTGAAAGCGCACACCCGAGCGATCTCAAAACCCGACCTACGAGAGCTCACGAGTTTTATACATTCGACTGGATTCTCCCGACGAGTAGATGGGGTGCCCAAACATCAGTCCCCTTGGACTGCGATAGCTGTTCCTGCTGGCCAGAATCGGCTGCACTAATGAATCGCCGAAGTAAATGTTGAGAACAAATGAGAATGCGGAACTAAGAACCGGTATTGCCCTCTTTAGCATAAGATACAAACCGTAAAGGGGCCACCACAAACCTTGTGGCTGGGGCGGGTTATCTTGCCGCTTAGCGTGGTCCCCATATCCATTCGAGGTGACTTAAGGTGTATATCGTTACCTTGTTTGTGCCGCCCCTTGAGGAGTTTGGCCACGTTTCTTTTTCAACTTCGAATTAAAAGGGGGCCCAGATCAGTGGCTGTAATAACCGTGAGTCAACCGCAAGCCCTACTAAGCTCTAAGTCGTTGAAAGTACTGCACCTAAGTATCTTAGGGATTCTGAACATGTTTAAAGCCCACAAAGTCGGGAGTGAGGGGCGCTCACTCGGAATTTGTAATGTCCGACTACTTGCAAAGTCTATACCCTCGCGGTGAAGGATCGTCCCTAGGTTTCAACCCGTATTGTCAGCGTATTTTGCGTACTTTCGACAATTCGGGGCGTGCGCGCGTCT,1442,50.76,Saccharomyces cerevisiae
SEQ_517894,TCGGCCGGAGCCCCCTAGTGGAAAGTGAGAAATACTAGGGTCAATCCCCGAACGGACGCAGCCCGAGTCCCATGCACATACCCGTCGGAGAACTAGTAGCGGGAACGATCGGACTCAACTGCAGTGTGCCTCATACGGACTGTTCGGCTTGGTAGGGTCAGAAGCCTGATACTCCACGATCTACAATGGAGGTGGCGACTCTATAGAGGTATACTGTGTATTATTCGTTCGCTCCTCCCCCAATGTATTGATTCATTACCAACAATTGTAAAAGGTCGCATAACAGCGCTACTGCCCGTGCTAGGAGGTTGAGGTGGTGGTCTTGCTTGTACCTGCAGGATGTATTTCTGCCCGGTTGAAAGGTTTAATATATGTCCTATACTTCCAGGGCTGGGTTACGCCTGACGCCACATGGCTACTGTCTGAAAAGCACCGACACGGTAGTGCCGCGCTTAGTTCCTGAATCACGATGATAGGCGGTCGGCCTAGGCATGGGTTGGTAGTGTGCGTGTCCAATGTTACCGTAACCCGGCTGACCCGTATACGGTAGTACCGTGTTCCATCGAGACAGCTATTGGTCTGGCCAGGTATTACATGGCAATTTAAAGGAGTGGTCCGGTATGCCTGGCTCTCTGGTTCGATAGCGCAGACAAGCAATTGGGAAGTGGACAAAGTATTCGTGATTCAACTCCACCCGTGGAGTCTAGGCCCTAAATGGTAAAGGGATCGTTCCATCGTCATCCCTCCCGGACAGGCTTATGGAGTTGTAATACTCTAGTCGGATATTATGAAGTGCGCTCTTTGCCCCAGGGAAGAAACTAGCTCTAGCTCAGTCGGCCAAGTAACTTTAAACGTTTAATCTACCCTTAAGGCACCGTCAGTTTTCGCAAGGTACGTTTTTCATGTTTGGACCTATCTTGCTGGAAAGGCATAGATGGGGATGGATTGATGGACGTTTACCTTTATCCTTATTTCAGAAGCTGAGTGTTAAAAATACAATTGTTTATCATGCGTGCCCGAAACTAGGTGCGTGCGGAGGAGGGGTATATAGGAAAGTCGTAGCTGAGGATTGTTTGGGCCCGGCCGGGTTCCTCGCGGGGAATTACCACCTATTTGATTGCTGCTCAATCCACCTTGTCCTCAGACTTAGTGCGGCTACGGACAGATATAGATTACGTCCTAGTGGTCACTGGGTCCAGTAGGCACATAAGCAGAAAGAGGCAACGAACGTAATCGTTCTCTGATAGACGCGACCAACGAGTAGGACCGCATGCTTCGGTGTCCATCTGTGCTCGTTGGCTGGCGGTCGCTTACTGCGGTAAATTGAAATTGACTAATCGGTCCCACATTGGTTCCGGGCAGTGCGTTGCAGTACCGTAGCCTGGAGACGAAAACGATTCGCTTGATAATCTCGACGTATCATCCCCAGTACTCGACCATCGAGGCAGGCACGCTGAGTAAGCTATCGAGTCATCGGTAGTACAG,1485,50.57,Arabidopsis thaliana
SEQ_402870,AAGATGTCTTAGTTAACGTAGATGTGAACAAGATTCACGATTGCACCAATATCACCTGTATTCTCTGGCCTGGTACCAACACGAAACGATGACTACGCGCGTAGGTGAGGCGGTAATTTTCTTGGTAATGCATCGGTAGAGCAGGTTTAAGCGGTACAAAAGATCGTTTAGACAAGTGTCGGTGTACAGGCTTCAACCTCGGGAACCCGTCGGCAATCGAAAGTCAAAACTCGGGCGATAAGAGACCGGAGCATTAGCAACTCTTAGCCGCTCGTGGAAAAATCCGCTATGAGAAATGCCATGTGGAACGAACCATACTGAGTGACAGCAGCGGACATTTACTTGACGACATAACAAACGGTGTCGGTCGTTACTAATTTCTCAAATAGTGTAGACTTGTGCCTGGACACGTTAAGCTGCGAAATCATACGGGAGTGAAGTCCAGTAATTTCTTCACCAGAAGCAGTCTTTAAGCCCTTTGCGTTGACTCGTACGGATGATGATAGTACCGCTGCCGAACTGCTCAGCCCAGTTGACGTGACTGGTTCGACAACGACGGAACCGTGTAAATTAGATACCCCGGCATTTCATCCAAGATAGCCTGCAACCTTGTCGGAGCTGAGAGTCGAACGGCTCAGAAATCTCAACAACTTGACATGCTTAGAGTTATCAGTTTAAAGAGTGACCCTGTTGGACCGACAGTTATTCACCAGACCGCTTAAAAGCGTCGATTTTGCGAATTTTCGACGGTGCGCAAAACGCACCTAAACTTACCGGTTTGGGCTCGTTCACAGAAACAAGTAACATCTCAATCTGTTCAATAGTACTCTGAAGATTCCTTACCTTCGGCCGATGCAATGCTTGGCTCCTATTCCCGGCCCCCACCCATAGGCCGCCTGCCTAGCCCCTTGGTGGGACTCGTCCCTGCTTACTACTCTTGCGCTTGGTTGACAAATTGGAAAATCGACTTGAACACCTTCATTGGTTTATTTGGTTCCCTCGCTCAGAAAGAGTCTTCTGCGAAACGCGACGGGAAGGAGCGGGAGGCATGGCGTCCTCGCGCATCGAGAGCGATATCCATCGGGTACGAAAGCCACTCCCCGCGCTAGAAGTCCAACCGACAATAATCTACATTAGAAATGGGACAGTTACTCCGGTTTCTCAAGAAAAAGGCACCGGTCGTTGTGGAGATAAGACGCCAGTTTTTTGAAAAACCTAAAAATAAGAAGATCAAGGCGATAATTGCAAGGCCCTAGGAGAGAATAAGTAAGCGGGTAGCGTGAATCGATAGGACTTTTGATTAGTATTAAGAACTCGGTCCGCGTTTTACATAGCCCCCGATCGCGCCCGCGGCTCTAGTGCCCAACTCACCTCAGCAGTTCTGTGGCCTAGAGTGGAAGCCCCCGTATTAAGCGAAGAGCCCCGGTGAGAAATAAGACTACACCCAATTAGATGACCAGTAGGGACTGATCGAACCAGGGGGTCCTCGACTGTGTTACTTAACCTCCATCGTCATGAACGTGTACACCCAGAACCCAAAGATCCAGGGCACTTGAGCCCGGGCACCCCATCCGCAAGACAGTTGTGAAATCGCG,1595,49.22,Saccharomyces cerevisiae
SEQ_950937,ATTTACCAGTGAGTACAATTAGTCTCTATGAGGGTACATTACGTGGGTGCAGACGACAGCCCTGTCAAGATGCTGGTCGAAGGAAGGGCTCTCCGAGGACCGACCGGAACGCTGAAAAGGATCATAATGTAGCGGACGGCACCTTGCCCCTCTGCCGTTATGTAACACGACACAAGATCAGCGTAGAATGAGGGGTCATGCAGCTTGTGTGTGAGAGTGATTTGTTCTAATGTGGTCGTTGAGCGTATGCTTAAAGGGATCGGACGACGTGAGTCGGGATAGTACGAACGCGCGGTACCAGAGCAGTCTGGGTTTTAACGAACTCTATCCTGGCGGTCCCGAGCCATGCATGGCCGCCATCTTTGCCCGCTGGCTAAGGGCGGACCGGGGAAACCTGATGGCGTGCGTTCTCCCACGGAGTTTTGATTATCACTATGGGCCGCCTTTAACTCTTAGAAAATGAAGAGTGAATGGTGCATAGATCAGTTAGCATAACAAACGCAAAATCATCTCCGATCCCTAAGGGTCGCGTGCGCCCTTTGATACCGCGGGCAATCCTGCTACCGGGCCACGGGATTCGCTCACCTAATTGTGAGAAAGTTCGGCTCTTAGTGTATTTGCGTAAGATCCTTATTCAACCTAGTGATCGGGAATTAAGATTATATGTTGTAGTCTCGGTTCTCGTCAATTGCTCCTTTGTGTTATCCGAGCTCCCCCGGGCGTACCCCTAGCGTTCCCCTCTATAGTGTCCTTACCAAAGTCTAAACTAGGGCACATCTCGTAATCAATTGCAAGCTTCAGGACTTGGTGCGGCAGGACTTTCTGAGAACGAACAGAAAATGTGCGACTGAGTGGACCATGAAATGAGCTAGGGCTCGGCAGTTTACCGCAGCAGATTGTCACTTGGCTGTACGTGCAGTCTGCGTTACCTAGTCGTCCCCCTTGAATGCCTAGAAAATGACACTAACGGGCGAGATATTTCACACGGCAGGTGACCACCTAAAACGTAGTAACCCAGCGCTGAGGAATGGGTCATCGTCCCCGCGTTCCGGCCCCTGTCCTTCCATGCCCGGCCATTGGACGACGCTAAGCCATCAGAGAAATGGGGAATAAGCTGTATCCACGGGAAGCTCTTACGACTGGACCGCACTCACCGTGGGTTCTCTCACTTGCACAGAAGAGCCGCCCCGCTTGCGAGCAAAAACTGGGATATGAACACTTAAGCTGGTGATTAGTTACGTATTTCCAAGACCATGTGAGTTCCCACCGTATAGTTGGCGTGGACCAAGAAGGCGGTAACAGTAGGCATGTGACAAACGACCATCCTGGCCGTAGGGTGCACGCGATTCCCACATGAGCGGGCGTCTGCTGTGCTCCTGTGGACACAACCTTTTCCAATAACACATGGTTTGGCCTAGACACGAGATCTAATCATTCACTGCGCGTGTACAGCGGACATCTCGTAGAAACCGGTGTTACGGTGGTCAAATTAATCCAGACCTGCATATAAACGGGGATGAACGCGAATGCTGCCAAGAATAATTAGGAGGAGTCTATAGATATCGCAAT,1569,51.37,Drosophila melanogaster
SEQ_192458,GGCTGAACCCAAGCGCCTCACAGTGCGCTGACTCTCGTGGCGGTCCTGCTGTATCGAATTGCATAGACACTGTGATTAGTAATCGAAGGGAAATAGTAGAATTATGTTTGAAAAGTGTTCAAACAGGGTACTAACTGGACTTAATCGAAATTTAAGTCAGATACCCTCTGGAAGAATTTTAACCGCTTCAGATCCCTAGTTTTTGTACTTGAAACGGCTCCGCTCAAGCAGACAACTGCATCGGGAAATTTAAGCAGCCGAAATGGTAGCTGGATCAAATAGCAAACTCGTCCTGACAATCCCACTCACCCACTGAATCGTCTGAACCACTGCCTCCCGATAGCCTGCCCACGC,354,46.89,Escherichia coli
SEQ_384145,TCTATGGTGGGGACCCTTCGTTTGATATAGAGACGCTCTCCCCATCCCATCGCTAT,56,51.79,Mus musculus
SEQ_553770,AGTTGTTCGGTGAGCGTTCCTAACCCCTTATCCTCGTTTCCAATTACGCAGACATACTCTACTTATACAGGCCAGCAGAGTTGGTCGCATGCAGGATTTTCGCTTGGCAGACTATCCACGAAATAACTCCTACGTGAACCGATTGCACTACAGTAACCTAAGGGGCCGTCCCGTCTTAGGAATACATGTTTGACACTCGATGGGATCCCATTAGTAACTTCAGCGTATGCACTTGCCCTGTCTGAGCCCAAGCTGTCGGTGCTGACGTACACTACGCCAAGTTTTCCGACATACCGTATTCTGTACCTCCCCAGACCGCATGGTCTTCGTCATAGCTCTGGTGCACAAAACAGTATTTCGGGCCTGCGGAGTGTAACGCGTTTTCAATGCTAGGCGGGAGGAGCAGGTTACCGAACGTTCCACTGTACATGAAGATCCCGCAGACTTTGAACCGGTTCATTTTCTTTACGTGCTGCCTCGCAGCCCCCCTGAGTAGAATATATCCCGTTTGAGAAGGTATGGACGTTTACCGGAAAGGGACGCAGCCGAACCGGGCCAAAAGGTGAAACACGAACGTGGCTATTCGTCCCTAGTATCCAAAAGCACTCCTAACGGTTCCCTCCAGTCGCTCTCGAACCTTGGTAGCGGTGCACTACCTTGTCTTCGTACAAGGCGCTAGGAAGCAGACTATAT,693,51.08,Arabidopsis thaliana
SEQ_730897,GATTGTGAAGGAAAAGAGTTAATATGGGAATGAATCGAATCTGGAGGATGACTAGCACACAGCCAGAGGATGGAGCAAGAGCGATTCCATCTTAACGCAAATATGTCGGTAGTAGTCTATCCATGCTGATTCACCGGAAAACCCAGGGACGTGGGTCCCTGGCCAGCCCACGGAGGAAGAATCAGTTATCCCCTTGTTAAGCGGGCATATGCGCGATGATGGGCGAGTACATATAGTGCGACATACCTAACCCTCCTGTAAATCCAACTTTGCATCTGGATATTGATAACTTCTACGGTGGCGGATAAGAGCAAGCTTACGACGAGAGCCCCTTCCCACCGGCTCCGAGGGACGTATCTTAAAGAGAATGCTCATTGACTTTGCCACACACACTTACGACATGGTGGCGAGTGGATGAAATCCCAGGATTCAAGTGAGGGCGATAGAAGAATGATTCATGGTTTGACGTCGCCGAGACGTGGTTGATCGTTGACATATAATTAGGAAAGTTAGATTACCCAAATGCGCGTATGAATTCGCCCTCGTGCAGGACAGTATATGATTTTCCTGCTTAGACGTATGTTTCTGTGAAGTCGCGAGCGTATTAAATTAAGCGTCAGTGTATTTCCTGGCGTCCCGCCCAGTAAGCCACATTTGAACGTGTCGTGGTTTGGTATAAGAGGAGAAAGTTACTAAATACCCAAACCTAAACAGATATTCCCCATGCGACATTTTGGCAGGACCACCAGTAGGAACTTCCCGTAACGCTTGCATTATCGTTTCTTGTGGGTTCTTGTCCTCGTCAATAAAACGTAGAAAATTACTGGCATTCGGGGCGTAATTAATTTGAGTTGGTACGGTCCAACCTCCATTCCCGTCCTGAGCACATCCTAGAGTCATAACAAAACCTAGGTCACTGTAAGAATGAGCCGGCGAATGAGTCACCCGTCGCAACGACCGCCATCATGTAAAACGCCGCACTTGCGTCCTTTTAGTCCACCTCCCAATCACAAAATCCGCGCGGTCGAGATGATGGTTGTGCGACAATCGACACCCCGCACCTAGAGTTAGTGTCGGGGCCAAGTTGGGTGCCCGCTTGAGTACGAGTGTACATGCGTCGCCTAGAAGATACACTGTACACACAAATGACCCCGCTCCTACTCGGGGCGAATCTCGGAAGAAAATTCCTAGACCTTGGTATTAGTGCTGTTTACCACCGGGACATTGTCACGCAGAAGTACGTTGGCAGTGTTTATTGGCTCGTGAGGGAGGCGGCCTTTGTGTTGGTTCCGAAAACACCCATGCCTTTGTTTGCTCCGTAAGGGCTCACTGTTCATGCTTCCAGAGGCGTTCCGACATAAAGGCCCTAGAGTAACCACGGGCAATGTTATCTAGCAGCCTTTCTTGGGATCTTGTAAGATGCGATTTGTTCGGAGGAAGTGTAGTGTGTGGCCGTAAAGGTACAGCGTAACGAATCGGAGTCACGGGGTAGGATCCTCCTTCATGTTGAAATATTTTCCATTAAGCGATCAGGCGATGATTT,1543,48.61,Drosophila melanogaster
SEQ_472068,CCCTGGTCTAGTGGAAAACGGAGTTCTTCACTACATTACAGTATTCGTGTC,51,45.1,Escherichia coli
SEQ_103005,TAAATCTGATACCACCTCACTTAAATAGGAAACCAATCACTTAGCTATGGAGACGAATAAAAACCGAAATGTACATGACAGTTAAAGGGTAGTTTTTCCTGGCTAATCTCTCCCTACTCCGTTGAGACTACGAGAGTAAACTCTGAACGATGGCTATACCGGCATGTCACATTTGTCAGATATACATGCCCTCTAATGCCCCAAACTATGTACAAACATCTTGCAAAGCAGCGGTGGGTTTCAATACCTTCAGGTCATGTCAATTTGCGTCCCCCCTGTCTGTGGTTATCTGGTTGCTCCGCCCTGGCTCCACTCGCTCCCCGCTAAGCGGACTAAATCTTACAGCGATGTTCCGACGTAAACAAGCAAGTTCAACGAAGCATAGCAATCGCTTAGTGATCTCAGCTATCTACTGGCTGTATAGGTACAGTGAGATTATGGCCGGCAAGATACGATATACACGTGCACGATTATTAGTAACTGGATGTCCTGCCGTCCCACTAGGAAGACTCTACGCGTTGTATCGTGACCAATTACGACCCTCATGGACACGCGTGTTCTTTGCCGATATACTAATCTCAGGAGGCTTAGGGTATATCTACTCGGGCCATGATCGCCTGTAATCGAAACCTAAAGTAGCGGAAAAGTGTGCTCGCAAATACACTATGCGAACTTATTCTCAGCAACTTGCAGGACGTTCATGACAGACGTGGCTCTGGGCTTAGGTTAGCCCTGCTTGGTAAAGCTAATTTGAGCGGCTTATGACGCGTAGCCTACATCTCGCACTGTTCGCTCAATAGTCCTAGTAGACATACTCATTGGCATTTTATGGTAGACATCCACTGTTTGCACGGAGGGTTCATTGTGTGCGACCACACAAACGGCTGTATGTGGTTTGCGTTACCTTACGCGAAGGTTGCCTGCTAGTTTGCGCCCTACCGTTTGTAAAGCGTAGGCATGAGCGCACAAGGAAGCTTTCATGGCCGGCCAGGGGATTGGCCTAAGGGATTTCAAAAGAATTGTGATGTAATCAGTAACTATAAGCGAAAGTCCCCTGAGTTGTCTCGTCAAACCGAAGATGCGTGTCCGAGTGCATAAAGACCTATCATCTTGGCAGTCAAGAGCTCATGGCTATGCCAGGAACCAGTACTATGTTACTTAGAAGTGCGCCTTGGGATGGACCAAGATAAGTCTTAGTTGATTGCTTCTCGGCTGCCATCTAGGTAAACCGACAGCTGGCTTCATACTGGCTGTGCCGTTTGGTTCTAATTGGTTTATTAGTTAAATAGGCATCGCGGCGCGGTGTCTCGACTCCGTGACATGGTTGTGGCCGACGGCTTACGTAGGCGCTGAATTAAAATGAAGTACGTCCCCGCCAATTACAGCTTGTGGCTCTCTACGTTCGTATGAAACCTAGACAGCCCGTCTGAAATTTGCCGAAGTACATCGGCTGCCCAACTGGCATGCAGGGTCCTTGCATTCCTTTCGGAAGCGGTTAGGCGCCACAAAGTGTCGTTTGCTAACGGGATCGTGGTATCAAAGATAAGAAACACCTGTGGAGCTGTGATATTAATTCTTATTCTACTGGTTAACATCAATGGCCGACTAGGATACGCAAGGACTACATCATGGTTGTGGCGAGCCATAAATTCCCGTTACTCACCATAACCACTAAGGGGGCAACGGTAATAGGCGCTATAGCTAGTTACTCTTGTGTGGGGTTTAGGCTGAGGCCGGAACAATGATTTCCTGTATGGAAATTTCCGCACTATTAACTGCACCACCAAAGGTTAATTTCCGGAGTTTCGTAGCGACACCGGCATGAGGGTGGGCCTTCTATAGGCAAAACCGGGAGCAAA,1859,47.71,Arabidopsis thaliana
SEQ_977337,AGTCGCGAGCTGGAAACGGCGCAGAAGTTCCACTGCGTCTTACGTTTCATTGTTGACGAGATATCCGCCCGATAGCATAGTTTCTATAGGGTCAAATACTAAAGTTGCGTTATTCACAACATACTCATATCATTCCGCCTAGTAAGGTATAACGCCCTCTTAAGCCGGGCGTTCTAGCAGCCAATAACCTTCAGCCGAATAACTCCTAGGGATATCACACTGAAAGTTCTTTCATTGATTAATTGTCCCTTGAGCCGATGAGAGTCCGCTTAAGTTCATGTTTGCGAATTCCGTACGGTGGCTGCAATCGTCGTGCTATGCACTATTGGAGAGGAGAAAGCCCCTCGGAGTTGGGTCGAGTCGATAAGGTGCGTAACCTATAATGGAGAGCGCGTCAGCTATTATATACGAGGCACTTATTGTATTAGACGACTAATAGCTAATGCCACTTTTTGCCACATTTAAATTCAGCACCGGGGGGAAACGGCGCCAGTAGCCACATTACGTGACGTTGACACGCGAGCGCGTGCAAGCAAAGCCTCTCAGCCCTTAGAATGGATGGCCCGATATCCAGTGCCATTAAGGTAGCAAGATCAAAGTCGCCCGTAGTAAAAGCGAACATGTCTCCAATAGATTACGTGGTCTGTCGCATCCGTTATTATCTTCTGGTTTCTGTATGGGACGCCACTGTAACTTGGAGTGACAGGACGTTCTAGTCGCTCGGTTTTGACGACCGAAGCAGATTCGAGGGGATCGCGCAATTGTCCCCGGTGGGATGTTCGAGTAGAAGCACGAGTGTAGAAAACAGAGGTGTGCATTTTTGCACCTGTAATCAACATAGGCCCCACTACTGATGAGTTGTGTGTGTCTAACGTATAATGTCGATTCAGAAGGAGACCACCGAGTTTCGGCAAGAAACGAACTGAGAAGGCATTTGAAGATGGAAATCGCCGTTCCAAAGATAGATAACAAACAGATCAAGACGCTTGCATCCTACAGGGGCACGCTCAGAGCCAAACTCGTGCTTTACACGCGGGCGTGTATCGGAACCTTAGCCACTGACAATCTTGATGAACCACAACTGAATCTCCCCTGACGCCACCCAACTTTTGATGCGGCGAGGATCGTCATGCGAGGATAGCGGTGCCAACTGCCAATATAGATCTCGTTCTCCAGGAGGAGTTTTTCATAAACTCAGGTAGAAAGAGTAACACATCACATATTCGCCCTCACACATTCAGCCGTTCATGTCGTGCCGACGGCCTATTGACAAGAACAGAGGCGAAACCATCCTGATAAAATCATCACGTAGTCTCTCTGGTGTGTACTTGAGATACAAACTGTCAATAGCGGGACGCCAAGGTAAGCTTGACATTCTAACTTTAAGGAGGCTATATGATTTCCCTCTGCCATCCGACACGTTCAGACTACAAAAGTCCGCGAGACACGTTGAAGTTCTTTCGTTGGGACGAACGTCCGCGATCAATGATTGGAATCACTATTTGCGCTGGAGTGTGGACTTAATAACGCAGGATACGGGGGACTATGCAGTAAGGATTTATATAAAGCTGCACCACTCTGGGTGCCCCCCAGGAACTTGGCGGCATCTCCGGATTTGTGTCCACCGTTATATCCATAACTACGGAAGGAATAATGGTGTCGGTCCCTGCATCGGTAATGTAACCGCAAGGATCTTTTCCTAAATTGGGGCCCTCGGCACCCTTTCGCGGGGATATAGGACTCCCCCGTGCGATGCGACCAGCAGCTCTACTGGACCCTGACACCTTCAGTCAGGGTCGATGCGACTTGATT,1812,48.73,Saccharomyces cerevisiae
SEQ_511125,TTAGGATTTAGTGATGGTTTAACACGTTGAATTACAAACCACTAAAAATAAGTGTACGTGTGCTATTGCGGCGTTTCCTACGAGCTACTCCCGGTAAAACCTTGGTGCCGACACCGTAAAGGTGGATAGCCCACGTTCGATTTGAGCCGCTGCCCCTTGATTGTCTCCTAATTGTGTGTAGGCTAGGCCCCACCATTAGAGTCGACGGGTCCGTCATACGGTCAGCAATTCCAGTCATAATCCAGGGTCCTCCTCGACCTCAAGAATGTAACAAGTAATGACGGTCGATTCTGTTCGCCGCTGAGAAAGACGTCGGCCCTGGGAATGTATTCCGGCTCGGGAAAGCTGTAGTGAACGTGATGGAACGTAATAGTCATTAATCACTGGAAGCCCGTTAACTATTTAAGAGTAAGGAATTCGTCTATAAAGTTATGTAAGATCTCCATTTTTGATACTAACGCAGGAAACTCAACTGTGTCGGGGCGGCCCGGAGCTTGGGAGGTCCAGCTTTGATGATGCCACGCTTCCATAGGCACTCCAAGTGTGCCGCGGGATAACGGTGGAATCACATTTTTGAAGCTAGCTTGAGGCGATCTTGCCTCAGTTGGCCCACTCCGGTTTTCCGTTAGTGTGAGGACGAAGTGATTTTTACCCTGGACAATCCAGGAGGGGGAATACCATTTTAAAATGTAATAGGGCTCGTCCCGTCACGGGCCAGTCCGACTCGGATTCACCACACCCGATGGTATCGCCAAGACACATCTGGCCCCATTAAGAGTACTGACGGGACGCTGAGATAACCCGAAACGACAGTCTCTACGCTCGGAGAAAAGTAGCATGCCACTTTGGGGGCAGTAGTGCCGCGTCCGGCGGCTATCTACCATAATCGACCACTAAAAGAGTGCTATCACG,912,50.0,Drosophila melanogaster
SEQ_912025,TCGTTGAGTCTAAGAAGCACTATATGATAGCGGTACGCAGCTAGTCCCCGAATTACCGGTTTGCCTTCAAACTAAGCGCTCGAGCTCTAACAATTGGGACGAAACGTATTCATGAGGCAGTTGAAGGCGGTGGCTACCTGGCACTTATAGGAGTCTCACAAGCGACTCCGTTGTGTAGGCAAACCGCATCCCGATATTACGCCCAATCTTTACTATCGTTACAATCTCAAGATGTTTAGCTTCCTAAGCTCGTACTAACCCGATCACCATACCATTGAATGTATGGATATTACAAGCCGACCACAACCTAAGCGAGTGTTCGATAATAGCTTTAAAGTGCAAGAAGTTTGCCGTTCGCACACATCATGCAGTCGTACGATCGACTTAGAATTTCATCCAATCCAGCCCGACAAATTATATCCGGTGTCAGTACTTTTGGATTTACTCACATGTCTGAGCAACAAGATGCATACTCCCAACCATCGCATCCCTGGGCTCACATCCTACCGTAACGGTGCTCGTCCACACATACGCCAAAGGATGGGCAGGTCTGTCCTACTAGCAGTTAGACATAGCCCTCCAACCAGTAGATGATAGCCATAATGCGAACGGGCAAGGTCAGGCTTAGGATGGATTTAGGTACTTCAGCCGTACCTGCCGACCATATACCCCTGGAGCTCTGAAACCATAATTCACACTGGGAATGCGAATAGAGCAATTGCTCGAATACAGACACCCCTCTGCGTGATTCTGTCCCAAACTAATAGATCGAGGATCAGAGCTGGAGAGCCAATGCTACAGAGCCTGGCGTATGTCGGGGAATCCCATTACGTTCATTCGATATGGCACTAAAACGTAGTGGGTGGTTCATCAAGCCAGGGGGGCCTCCAGAGAAACCCCATCTGCGAAGCTACTCCCAACCCCTGTCACTAAAGACGACGATACATAACTTAAAGGACAAGCATGGAGAAATCAACACTCCAAAAACGGGGGTTTTCGCCTTGTAACAAAGACAAAGAGTGAGATCCAAGGAAACCTTACGTTAGTGTACCTCGTTCCCGGAGTAAGACTGGTGATGGAGCAACACTATCGAATTATTAAAAGGCCTACTTTATTCCAATGTATTGCGTTAGATAGCATTTTAG,1145,46.99,Arabidopsis thaliana
SEQ_314464,CTCCGGCAAATAGAATCCCACGATTTAATTCCCGCGTGTATATCACCAAAGGATCTGTACCGGTTTGGGTGCCACCCATGCATCGCGCGTTAGGTTATGCGGCCGAACCACCTACCTCTACACTTCGTCTCGGTAAGGTATCTTGTATCCCGTAGGGCATCGCCTAGATGTTGCTCTAGAGCACTGGGGTCGTACGTGACACATTACCGCCCCTGGTCCAATCGTCCTCGTAGGCCAGTCATCGGACTGCTTTTCTTCGCTGGATTTATGGTTTCATAGGTAACAGTATCATGCCAATGTAAATTTAATACTTACTCCCACCGAGCAGCAACCAAACCGATAAAACCGGCCGCAGCGGCCAGTACTGAAGTTCCTATCTTAGAAGCGTTCATCTCCCACGCTATCGATCGCATTGTTACCCAGCTATGAATAAAGGGTAAAGGCTCGAGTCTATACGCAGAAGGGAAATGCGCATCCTCCTATTGTCGATGTTCTAAGTTCCATCAAGTAGGATCCAAAACTAGACGGACCCAGCACGCTTAGATCGATTTCGCTTGATAATGGAACCTTCTTCGCCTCACCTAATGGGTGGCCCCTTGTCGCTTATCAGCTTCACGACGTATGTGCCCTTCCGACTTCCACGAGGTTGTTATGACCACTCTGATGGTAATGCACACTTGTTGTACACGATCGATTTCGTCCTTGGGCCTCATATGACAAGGACGCGGTCGCACTTGTTAAGCGTATGGTAGGGCCATCGTTACATATGGTTTGGAGACAGTGTATTCCGTCAGCGTAAAAAAGTGTAAACGCGAGGTCAGCGGATATCCATACATCTCAGTAGTATAAGATTACCATATTGCGCCGACAGTTTCTCCTTGCAGTGAGAAAATTGATCCCGTGTACGGATAACCCAAGAGCCGACTCGGTAGCTCGGGCATCCACAAAAACCCAGAGCGTAGATGTCCAACAAACTGGAAGACCTTAAGATTCCTATATTCCTGCAAATAGACTCACGTAATGGGTTATCGCGTTAAGGGGCGTACCTGTATGGCTAACGTTCGGAAGACGCTCTCGTCTGTGTATTAGGTAATGACGGAGTAGCTCTTGAATAGTTTATAGTCAACGCCATTCACGAAGTGGTCTTAGTTGTTAGGAAGGACACGGGTGATAAATCGGTCTACGTACGCCGTCACGAGTACAATCTTGGGTAGATGTTCTTAGGCCCAATAGGCCATATAGGATGCCAAGTTTATTCTTGTGAGGGGTCCTGTTTGGGAGGGTGTGATCCTTCCAGGATGACCTGATTGAAGCGAGAGATCAAGTGCCCCTTTTACAGTTGCCTTGGCAATTTCGGGGCGCGTTGCGAGAGGGCGAATTTCTATGGCAGACATGAGCAACATTCACGACTGACGCTATTCTCCCCGTTTAAGAAAGTCCGGGACCCTCCAACGCAGATTCCACAAGCTCCATGCTGCCATATTACCAAACCTTCTTAGCCGACTGCG,1508,48.81,Caenorhabditis elegans
SEQ_310970,TTGGGCGGTAGTCAGCACGGCCCCAGATGACGAGGCATGTCTCCAAGGCCTAAATTTTCAGCAAGGGCCATTTTTTGCCATCGGTATCTTATACGGTACATGCTTAGCCTCCGACTCCGAGCAAAACACAACCGACCGATGGTGCCGAACTTTAAGACGTCAGAATAAAGCGTTCCGAGCCGGTAAATTAGTATAAAAGACGATGACCCAGGAAGAAACAACGGTTTTGCCGTTTTCGCAGTCGAAAAAAAATGTAGTCTGCATTCATCGTTGAACTCGGCAACAAAAGCAGGCATGGTATCAGTCGGGCTACGATAGAATTGCGGGACGTCGTGGAGCTCACGCCTTGATTC,353,49.01,Caenorhabditis elegans
SEQ_215772,TCCGCTTGACTCGTTAAATTATTACTCCACTCGACTCCGTCACTAAGTTCTGTATCCAGCAAAACCCTTGCGTCACAATATTTGACCCTTTATGCGACAGTAAGTGGCGAGTCACGAGCTTTATACCCCCACGTCAAATGAGTATCGGTAATGCAACAGGGTCGAATCCAGACAAGGCCTGCCGCCTATTGTCTTGGCGACGAAATAGATGGCAACTTCAAGGGTACCTGGGTACCCTGGCAGACCGTCGCTGGCTCACAGAGGCTAGGCGCAAAAAACAAATGTGCCGCAGTCCAATTGGGGATTAGTCGCCTAGGATTCTTTCTTGTCGAAATAACATGCCAACGATCGGACTTCCTCTTGTGCTTGACAAGCCCCGGCAACCTTGGCGATCCTCCCCCATCCAGTTGACGTTAGTCGTCGCGCCGAGAATCCAGAGCAAGCAACGTGGGATCTCAGGTTGAATTTCAGGTCTTAAATGTGGCCGAGCTATCCTGTTCACGTTGCCTTGCCAGGGAGACAACGTGTAGACCAAGCTTGCATGGGCCTGCTCAACCTTACGCGCCAGGTCACGTGATTAAGACTCCAGACTCTCTCCTCGAATGTCAAACCTCGTTTTATCTATTAGACATCGTTTAAACACATCTAAGGGTCTATACACTATAAACTGAACGATCACAGATGTCGCTGCCGAGGCGGAAGAACCAATCCATAAAGGTTCTCCCTGTAATAGCAACCCCCAAATCATGACGATCAAGGAGATCAAGTAGAGCTCTTGCCCAGAAGTGCTCCGCGCCCGGACGACCACTCCCTGCCGTCACCCCATCCATACTTTGATAGACTGTCATTGTGACTCAACATAGAATCATGTCGAGTCGGTGACCTGGCGGCGGTTAGCACATGCCCTCATCCATGCATCTGTCACAGCGGGCGTAGCATATCAGATTCTCCGCGCCCGGGCCACACCCCACTATGTGCTCAATCGGGGTCTTTGCTCTGGGAAGCAAATAGACCTCCACGAACCTGTCAGTAATGGCCTAAAGCGCCGACTGTAGGAGTCGCAATAAATAGCCGCCCTCCCTTCGATCGCATCGTTATTTAAGACCGAAGAGTCTTCTG,1119,51.21,Saccharomyces cerevisiae
SEQ_337565,TAAGCGCTGATGAAACCTGGGTTAACATTGCAGACGTAAAAGATACGTTTACGCGCTGCACTAACACTGAACCTTCGCACAACCCATGCCAATAGGTGGGTGGGTTGGCGTGGGAGCTTGGTAGCGCAGAGTAGGTCAGCCGTGTGTAGTGGGCTAACATCTTTTAAGACGTCAAGACTCAACCTCTGCTATAACCTGATGCGTTAGAAGCCTCCACTGCACTCTTGAATTACCCCTAGGTATCCTGTGTGGTGGCTGTAAAGGGATTGTGAAGTAGCTGTTCATCATGTAAACCCGACTCAGAACGGGTGACCTTGCGCGAACAGCGGATGGCACCCATCTGAAGCTTACCTATCTGATCAAAGGCGAATAGACTGGGAGCTTCGGGCTTGTTAATAAAACGAGTGAGCGATCTTCAGTAGCGCATACCAAGGTCTCACCCTTCGTACGCGTGTAAGACTATTCCCGCAACCCTGTGACCGGTTCAGGCACTGCGGGCCAGGGCGATAATCTGAACGGTTTTAGCGTACAAATCGACACTTGTCTCTGCACTTTGCCCAGACTAATGTTCCCACAGGAGCTTGGTTGAGATCCCAGCGGGGGATTCTAACATCGAGACTAACCTCATTTGCGATGAGGCGTTACTCGCAGCCTACATTCGGCAATGTAGCTGAATTCTCGAGCCCATCAAGCAAAGATACTGGATGAGAATCGGGTCAACCATTCAGATGCCAGAACTATTTGCAGTATAATCTTTCGACGTCACACGGCCCAGGTCGGCGGCGTGTGGTTATGGTACCTGGGATGGCTGAACGCGGTTTAAGTACAACCCCCCTCACCGCATAGAGTCAATGGCCAGCAAGGATCACAAGTAGTACCGTTGAACTGGAGCGCATTCAAAGCAAAATACTACGGGCAAGGACCCCGTGCATCCCGCACGACGAACGAGCTAATATGTACCTGTGAAAATCTACGCGAGATTGTTGGAACAAATACGCTATGGGAGATGCGTTAAGTGCTGGGATGTTGGAGTTCGTATCGAAGCTTTTATCTCGACCAGGCTGTGAACGTTAAGCAATCACCTTGAAGGTGGGTTTCGGTTTAATCTAATGAAGAGAGCGCGATGACGGGTCGATTATGGAATCGATCGCAATGCCTTAGTCTTTACGACCAGACACGAGGGTCTTAAAGCAAAAGAGGACAATCGTCAGGAGTTCCGTTATTCACGTCCGGCATAAGGGAGGGGAAACAGCCGTTAACTATCGGCGCTCGACAGACGGGGCTTGGCGGAAAGCTTCGTGTGTACAGAGCACCCTACATGGAGAAGTTACAATACGAAAGAAGTTAGAGCATCACCCATATGTTCAATAACAGAGGAAGGCCGATTGTAAGTTTCCTCTCCATAGGGAGTATCTCGGGATCGTTGGACGAGAGCCGAGCTCTATTAAATGACTGCCCCTTTTGTCTCCTGGAATACTCAGCTGTT,1486,49.8,Mus musculus
SEQ_620307,GATGAGTCTGCAGGTGCGAACGGCCGATATGATTCCCATACACTCGGCTCGCTATATTCTCACGCGGACGTGAACCGACAGCGCGCGGTAAAGACGTGGCTGGGTTCACTTCGTTAAGTTGGAGACGCTTTGGGCCGCTCGGAAGGCGGATAGGCGTAAATTCGCCTAGGTTCGCTTGGATGTAGAGTTTGTTCACTAAACGGGGTTTGTTTAGACTCGGTGCTAGCTGCCGGTCTGTGTGTCAGGCAAGTGTTAAAGATAAGGTAGCAATAGTTTGCATATCGCGGACACATTTATAGGTTGGGTGACACAGACCCAACCCGATCGTTCGTTTGGATCAGTGCCCGCATATGTTGCACTTTCAGTCATGTACTGTTTGCTCACATGACCTGAAAGAGAATCCGGAGAGACTGGACCGATGATGATTTGGCTGAAATTAAAGAGGCCCTTGCATTGAGTTACGAGTTTTACTACTCGTTCAGCGTTTCCGAACAGGCATACACCGCTGTAGGCATTCCCGCCTAAGGCACCCCTTCTTCATCGGACAACCCCGTATTTGTATGAATTCTTATG,573,49.91,Caenorhabditis elegans
SEQ_594678,TTAGAGTAGCCAGGAAACTAGGTCTAGGTGGAAGGCTCACTCGAAGCTATAGTTGTCATACTTTTCGAGCCGACGAAAGGGCCGTGACAGAACAGGGCCCTAGGAGTCTTCACGCCGACAGACCTCTCCGTCTTGTCGGATTAGCTCAATTGTCGCAATCTCACCGGCGGGGGTTCGGGTGAACAGCACGTTGTCGTAATACATGCGAGTCCGCGCCCTGAAACGATCCCTCCATTTCGCCTCGGTCAATGCATTGGCTCCTCACGCGGGATGATAAGGCGAAATTTGGCGCAAGCGTGCTGGGTACCTTCATCATGCATAGAGATAACTACGTACGAGGTCACGATCTCCGTAACTCCGCTGGTACCATGTACATCTACCTTTAGGGCTGTTCGCCACATGGAACAGGAGATATATCGAGACCGCCCTGGAGGTGGGCACTTCCACTTCATTCAAACTTGTAGCGCCTCTCCTCACGACCCCCGCCCTAGGGGTATGGACCCTAAATAGTAAATTTTCCGGCCGATCGACTACGGAACGACGTGCCCCGCGTGCAGACTCAACGGTGAGAGACTGTAGGTCCACCCAGGATCGATCGCATGTCTTAGTAGGATACGCACGCGTGTCTGACTATTTAACCCTGAAACGTGGTGGAAGACGTAGTGATCTTCGGATTGCCAACCTCAAAGGTCACAAACTGGTGAGAAACGTGTAAGTAGAGTGGATGATTAGTCTCCGAAGAGCAAACGTACGTTAATCAGCATAATAGAATACACTCCAATTCTTCGTATTAGCATAAGCCGCAGGGTTAACACGTTGTCAGGGGATCTGTAATCACTACGAACTGCAGTTGTGAGACTAGCTGCAGGCCTCGTGACCTGCGCGGTGGGAACTGCTAGATGCGCTCTAGACCCTAACACAACAGTCGCGAGATCAGCTGCGGGCTGTCTTGAACAACGCATAAGGGCAGGGCATTCTCCTATTCCACTCACACACCTCCAGTCTTATTCCTCAACCCCACTTTGGATTCGGTAGGGTGGGTTCGGGCACCGCTTGGACGCTGAGACATCTTTATTTCGAAACCGCAGCCCTTACAAAATCCGTTAGGTGATATTTACGCGATGCCTACAGTGCTTCGTGACAGTCCGTTTTACTGCCGCGGGCTTATCTGTCGGCTGTTCGCGTAGGCTCGGGCGCGGGCAATACGGCTTATTCGAGCGGCATGATTTGTACGGCAGAGGTAGAAAGTATCCGAAACCCTGGAATTTGTCTTCTTTCATAATAGCCATGTCGAGCGAGTCGCCCCCTAGCGATAACTTCCAGAATTTTGACTTGCCGGCAGTAAGGTATTGCGCTATTGGTCAAGAACTAGGGTCGCGAGCGCAGGGGACTGCTTGGAGTGCACGATTCTCCCTGCAAAGCGAACATCACATTCATACACGAGGGTGCGGTTCCATCTACTGGATTTCTTACTTGGAAA,1480,51.96,Drosophila melanogaster
SEQ_848201,GAACGACGCTAAAGTTTCGTGACCTACTAGATCCTATTAGAATGTTTTGTTATACATTGGCGTTCAGTGGAGGAATGCAAATTCTCTGGATACATAATGCCAGGAGGGTGACCTCTCAGGTCAGAAGTAAGACTACGTTCCCCGTTGTCGCGTTTAGCGTTGTCTAATAACACATTAGAGATTCCGAATTAGGCACCGATTTAAAACAACACTGTCCTTCAACCCGGTAGTTGGGCATCTTCATTCGCATGCACCGACCTTGCGTTGGCCCGTTGTATAGGACTTCTTGTTCCAAGCAAATACATTCGACGTTTGTTAGGTTAAATGTCACAGTGGTGGATTAACTTTTACCCCCATAGGGAGAGGAACAGTGCCCGTTATCCGTGAACAAGACGTCCGCAGCATGCATCAAGTTAGGTAGCGTACATTTCGCGGGTGGGAGGGTGGGTTGGTCATATCCGTTTAGAAACCAGGACGGTAACTCTGCCATATTGACAGAATAAAAAAGTGGATAAGCCTAACAGACGTGTCTCTGCTTTCTCAGAGTGTGCTTAGGCCGTGCGTGGGACGTCTAGCGACAAAAGAACGTATTGAGGGTTGCATCAACAGAGCATATCTAGGGTACACGGATAGAATCTAACTTCGTAAAACTTCCCACCTTCACAGCGGCCCATAGCCATGCAGCTGCCCAACCATTAATTAACGGCCGACGGGTGAGACCCTTGGAAGGACGCCAATTACACACTGTTGGCAGCCCGGGACCCTCTCTTGACCCCCTTCCTGCAGGCTGGACAATGTAGTTCGGCACACACTAATTTGGCGTCGACAACCAATTGGCAGTTTTTTTTGACGATGTCGATGGTTTCTTCGTACAATTGACAGTGAGTTGAAAGTCCAGTGAGAAGTAGTGAAGTTGTATCCATCTTAGTTTTTTAACAGGCCGACCGCTATGTCAATAGTGACGCAGGATAGCTTATGACCGGAGGCTTTTTTTTCCGTCTCCACCCACTACGGGTGCAACGGCGTCTTCTCCCAAATCACACTCGGGGTTCTTCGGGACGGACAAAGCCACAGGAGTTGGGCTAACTATTCGAACTGCTCCAATTGCCCTTGAATTGAACATAGTCTGCCCGAACTCGTGGTAAACGCGGATATTTCGAACTTCGGACTTCTAAATAGTCAGACCGCAAAGACTAGGAAACAAGCGAGAATTCAGCTGCTGAACTGGGACAGTGCATTAGTAAGTAT,1248,47.6,Mus musculus
SEQ_561750,TTTCAAAGAATGATGCGTACTGAGGTGCGCGGAGCTGGTCCGTCAGTGTCTCGCGGCTCCGAGTGGCGACTGGAAGGCGCACAATACGCTGGAAGGGTTTTAACAGGAATATTGCGCTCTTTTAATTTGGAGCGAAAACAATCATACCCGTAGCAGAGAGAGTGAGTAGGCTCCCACGGAGGGAAGGCTTTAATAGGATGTACAGTTTGCGGGCTGAATCACTCAAATGATCGTTTTTACCTCCCGCGATAACTGGTGACAAGACCACTAAGCCCCCGTTTGTATGTGACGCTGCCCCATCGTCCGCAGGACGCTAGTTCTGCATTTAGAAATACGTAATCACATCTGCTTAGCCCCGTACTACTGGCGCCGTGATGCTTATTACCCATGCTCGTGGGACGCTCCGAAGTTCCACGTACTCTACTGCTTTCGCCCATACGTGCACACGCAGGCCACT,457,52.08,Homo sapiens
SEQ_349299,GAGCATGAAAGGATAACCCATATAGGAAGATCATGGCGTTAGTGGGTACATGAAATACAGCACGGTCCACCATCTATAGAATGCTCTTGCTGTTTTATAGCGCTAAGTTGGAATTTTCCGATGTTCTAACCACCCCTGTCCGTCGTTTAACGACTGAGGCATCAGGGGACCCACATTAATTACACCCCGGAATAAGCCCGGGGACGCAAGGATTTGGCTTCCCGACGCCCCTTAGACTCCTCGAGTATCGTACCCCACCTGACCAAACAGATGATACTACCTCGTATACCGCTTCAGCCTGGATTCGGAATTTCGCGCCGGGGCTAGTAAGGAAGTTGCGCCGATTTGACTATATAGAGCCTTACCGTGGACACCAGTGTCATCTTCTCTATCTGGCTTACGAGCAACCGCAAGTGCGCTCCTGAGGAGGTGGGTAGCATCGACGCAGAATGGAGACATTGCCGTCTGGCAAAGTCTTCCCGTACTCGCCGCAGATGATGCTGCACGATCCGTTCAATTGTTTTACATGCTTGAAGTCATGAATAAAACAACCAATAGAGTAACGTGTTTCACAAAGATCCTCTGCTTCGAATGCTCGTGTGCCATTGAGGGGACTTTAGGGCACTCTGGCTTGCCCTCTACCGGGAATGTTTTGCTCGCCCGACTCTACCATTTCGCTGCTGTCTAGGGATCAGGGGACCGGCCCTAACTGGAAGGGTTAGCGGGATGCGGCCCACTACTTTTAGGCTTTTTAGACCGAGTCGCGACGTTATACGTTAAAACGGGGAATAGAAATATTAAGACCTAGGCCTGTCTGTTCTCACGTTAAGCGGCCTACCGAGTACGAATTGTGCAAAATGGCTCTCAGTACGATCAGGAAGGGTGCTTGACGTTCTCGGAGGAATTTAGGTATAGGCTGTTCTCCTGGCGCATGTATACTAGAACCCCCTTATGTAAATTTTAGGTGCAGGGACCTGTATTAATAAAAAGCTATCTATAAGTCGGGCAAGCGCTGAGCGGGATCTAGCCATCGAGCCAACGTACCAAGTGACCGCATTTCTACTTGGCCCAACAGACTCGGTCACCCCATAGGTTTCGGGTACAATAGAACGGAGCTATGTTTCCGCCATAGGACCCTAAGGGCGTATTACCTAAGACGGCGGTATCCAGACAAGCTTACTTATAAACATCTCAAACCGTACAGCCCAGCTTAAGAGTCGCGGTGGTCTATCATTGGACTTCTTAATCTCGGACTAGATGCACGGCATGATATAGTCTTATGTTCATTCTGCAAACACAATGATTTTAGGAATGAATGTACACCCTGAAATGGGATTATAATACCGAGGCATGCGAACTTACCTAGAGGCATGGACAATTGCTTCGCGCCCCTGCAACTGAGGGGTCGACGGGGCTGGTGTAGCTGCGGGGGGCCGGCTCCCTAGTAGTGGGCAGACTCATGTCGGATAAGAATGTGAGTGCTGACCGATTTACCTTCGTTAATCAACGGTAGTCACCACATTTCCGGACCGATTAGTTGGGCGGGTTAGTTGCGAAGGGATACGGTATTCCGCGGGTTCAGAACGCCTTTTCCTTTGAAAGTTCGGTGCCGTCGCGGGAGTAATGCGGCTGGTTTTCCATCGGGCGCATTGATTCGAGTAGTCGTCCA,1669,50.09,Escherichia coli
SEQ_310294,GCTCCGCAAGTAGTTCCCCTGCGAAATACATACCGGGTCCCGCTCATGGTTATCATGTTTTAGAAAAACCGCTCCAGGACAATTGCGCGACGCCATGTCGGTTAGTATTCATTCCTATTGGGTACGGAGGCTTAACCAACGTAGAGCGATGGAAGGCCGCCGCCATCTTGACCACAGCAGCTCAACGCGCTTCCCCGCCTCGGGCTTTCGTTTCACTCTAAATTGTCACCGAGCAGCGCGCAGATCAGGGTCGCTACTGGAGACAACGAATGCCGATATCCAGTCGACTTCCATGCACCTCTTTCTGTATTGAAGGACAACCAAAATTGCAAGATATGCGTCTACGGGGCCTCGGGAGCAGGTGTCTCAAGACAGTCAATTGGCCCAATTATTTTGAGTATCCAGAGGCCCCGCCGCTCTCACCTTGATTGCTGGGTCTACAGCACCTTAGATCCCGTAAATATTAGATCGCTCTCATCGGCATCAGGAGAAGTTCTGCAACTTCTTGCTGGATTCGCTACGCCCTGCATATCGAACCGGACGTGTCTGTGCGGGGTAGGTCTCTACACGTCACGGCAAGCGAGCCTCTAGCAAACCTGATGCAAT,606,52.81,Caenorhabditis elegans
SEQ_573095,CAAAGTGAACGATGGGCTGCCCCCCAAACAGGCGAGAGCCCATCCTCTTCGAACTCCGAGTCGAAATTCGAGATTTGCAGTCTAGACGCAGTGGACCCATTGAATTGCCGCCACATGGCCTACTTGTTTCTAGCGTCGAGAGCTGCGCGACTCGCTTGCAACTTTTGCCATCCGTGCAAACGGAACAAGGATATCCACATCTAGGTTTCGCCAGTGGGTCCTGCGATCTACCAGCGAGGATACAAATAGTATGCACCCGAAGACGCAGCAAGCATCCGTTACAATGAAACGCTGAGACGCTGCCCGCAATGCAGCGTTAGATTGCACACGTATATCGGTCGGATCAGGCACTAGCAATCTAACATCATGTTGCCAACTGTGAGACTCCAAGGTCTTGTCATATGTGCGTTACTACTTGCCGCTCAAGGTCGCTGTCGTAGCAAGTAATACCGTAATCCGTTGCGAATATGATCTGGTCAATGATAAATACATCCGCGGTATCTTCACGGTGAGCGGGAGAGACCCTTCGTTAGGATCCCGAGTTCAACGGATTGCTCCCCGCGGGCACCTGAATTCGAAATACGGTAGTCCCACTAAGCGGGTTCTAGATTCCCGCCGGCTGGTGGACGCTTTTTCTTATCCTCCATCACTCTGATAGTATTGTGAGGATGCAGGGCATTTGTAAGTGTCCGAAACACTCGAAATTTGTCACGCCCGTGCATAGGACGGTGCCCCGGGGCCGACACCACCGGCCCCCTTGCCTCTGGCCGAAGTAGCCTACAGTCTTCACGCTACTTTTCCGGAGCCGTTATGCGCTGTAAAATTTTTAACAACCAATGGGTTTACATATTATAGCGGAATAGTACACATCACGTAACGTGGAGTGTTTGCAACCGTCCCAATTTCCTCTTCAACCATGTTCTATATACGGCCAAGCTTGACTACATGTACACGGGCCCAGTAGGATTGATACCAGCTTCCTGTTTTACCCTTCAGTAGATGTTATGTGGCTGAAAGAACACTTCCGAGTAGAATCAGTAGCAGCACGGAATAAGCGTTCGTTCCCACAGGCAGTCATTCGCCTGCCCGGCATTCGGGCTTGATAACGGTTAACCGGTCCTGCTATATCCGCTATACCTGCGTAGTAAAAGTCACGTTTAATGAGCACGTTCCACTTGGAAGAGAGGCTCGACGTCCCCGTGGGTGTCTCGTGTTTTACTGGGGCGACCAGTGCCCTTAGTTGACACCATTTCAGGGACATTTATATCCCGTCTTTAAGGACACCACAACCATAATTCGTCTAGTCGAAAGGGAGGGTGTCAGTGGTCTGTAACAAGCGAAATTAGACATGGACATACCTCGTAGGAGCGCTAATATCTAAGAGAGGGCCCCGGAGCGTCGGGATGTACAACTCGATGGTCATGATCGAATAACATGGGGGGACTTGAATCTTTCCGCGAGCGGTTTGACCGACATTACTTTCCGTGTCCGGCGGAGGGACCACCGATTCTATCACCGGCGGCGCGGCAGGCAGGCGAGACGTGGGGCGAGAAACCCCTTTGAAGCCTTCTTAATTGGACCGTGGTAAAATGTGTTAATATTCCCATCGCATACAGACAGGCTACAGCAGCTAACTAT,1638,51.1,Arabidopsis thaliana
SEQ_798104,CACTCAGGAGGATATATACCCGGGCCGGACTTACGACTGCTAAGTACCATGCCACGCAACAACACAGGTGTTCTCCAAACCCAATTAGTGCTATCTTCGCTCGACCCCAAAGAGACATCTACACTATATCAGCCTTCTAAGACTGGTCAATACGAAATGGCCACGGGGGTGCTCATTTAGAGCGGCAGGCGCGCAAACCTGCCGACTCACAGAACTGACAGGAGCTGAAGTTTTGCAGAGGTAGGACAGACTGTGAGATGTACTTCCTGGGCACTTTCTCAGCCACAGTCTGCCGGGACTCCAGACTTAGTAATCATGGGATGCTGTTGGGCAAGTCAGATTGGCCGCTGACACTCAAGTAACAACGCCTTTCTAAAAGTATGGGCATCGTCCGCAACCCTACAACCGAGTTCAGTGGTACCCCGTTATCCGGGGTTTTGGCATCCACTGTGGGCGAGAGACCAGACAGAAATGCACAGTCAATTCAGTTACTGATAGACCGAAGTAGCGGCAGCCCTCGGAATGAAAGCCTTAGCCACCGAGCGAGTTGTAAGATGATGCGCCGATTGCGGGGTGTCATGTTCGAACATCGGGACGGAAGCTTAAAGGCGTCGCTGATCTTCCAGAGAGAGAGCAGCCGTGGTCCTATCGCAGGGCACTAGGACTTTATTACTGGAGCGCAGAGCATCGATCGGCCAGATGCGGGGGCGAGAGGTGGATCCCAAATCGTATACGACAGCTACCACTCTGGCCTGCGTGCCATCGCGGTATCGGTGTTAATCTCTGGGCGACATGGAGCATTTGCGCATCCATCGACTCGAGCAGTGCGGTCTAGCTGTGCCTACCTGCTTTTCACTCGTGTAGTAGCTATGTGGCACCTATTCTAGCGGTTGAGTGCACACACCTATGTAATTAAACCGTGGCCCGTGTACGTTAACTAATGCCAGATGCGTATGCACGCCCAGCGTCGTTCAGTTCATGGGCATTAATCTAGAGATTTTAACGCTCGGTGTGCCACCAAGCAACCGGTGAATGGGTGCATCCACACTATTGCCACCCCGTTAATGACGTCTTTCAATCCGAGCTGCTACAATAGAGCTCCGGGAAGAAGAATCGGCTTATTGCCGAGACGGGGAATCATAAGGGGGCAGTTGACAGCCTGCTGGCTATGTTGGGCCCGTCTTCTATTCGCCAGTCAGGACACTGCTTTTTACGCGCCCGACCTAGGGCAGCGGTATCAATTGAGCTCACCCTTATTGCCTTCGATCAACAGGACCTCCGTAGTAATCCGGTTGGCCCAATCAAGACATCTCGCAGAATGATCACGTAGCGAAGTTTGATGGGCAGCTTCACCCTCTAATTCCGTTAGAACTGGGTATCTGTTTCGATGCGGTCAAAGTTTCTCCTCGGTAAGTCCCGGCATATAGTACGAACTCTTCTATCTCACCAACATGATACACCTTGATGGCTGGCAAGCTGAAGCCCGTTACCTGGCAACGATACTCACTACGGCCCTCGGCACGTCCTAACATCTTAGGTTGTCTCCGGTCCAGCCACGTCAATGTGGTCTGGCTAACCCCACCTGTCTTAGACTGTTTTCGCTACCATCTCACCTGTTGGACCGAGGCCCAAAATTTGTGGGGCCTGTACCTTAACAACTCAATATTTAACGCGAGTACGGAGGTGCTGCAGCACAGGTCCCGGAC,1706,52.64,Saccharomyces cerevisiae
SEQ_564713,TTCCACGCCGCACGAACGCTGCCGGTCTAATTTGAGACCACGAGATGCCATACTGGCACCGAAGACAGAAGGAAAAGAACGGAGAGTAAGGATCCCATGGATAACACTGAACCGTCAAGTGCTTTCCGAATACTACTAGCATGGCTTCGGTCAGTGTGCTGAGACAACGACAATGGTGAGCACGATACGTTAGCACCTTGTAATCATTGGCTTCAAGGTTGGCGTGAAGTGCAAGCGCCTCGCCGTTGAATGCCCTCCTTTGTATCCCCTCCTCATAACGACCGTGGACGGTCGTTCTTGTGCGTGAAATAACGGGCAGCTCATAGGCGAGCTCCCTGCGTAGTCTTATCTCGCTTAGTGGTACGCTGATCAAACGTAGCGTGTCCACACCCTTCAAGGTCCCTAAACTCAACCCCAACCCTACATCAACGCAGAACTAGTCTGATGACATCGTTGCAGAAGCCGGCCAGGACGTTTGGGAAATGAGTCAAGAGGCATTCTCAGAACGGTATTGGCGGATATTAATGCAGTAATATTCAAGACCGAACGCTACAAGAATAGTCTGAAGGACGTGTTCCGGGTGATCCATACCGCATCGGACGGTTGTACATGCTTTCTGAATTCGTATAGAGGTCGTCTGACAATGCTGGGGGTGATTGACGTGAGGTCCATTAGCGACCGGCCCCTTGGTGCTTCCAGCCAGATTGTTCCCAGGATACCTGATAGTGGTTTGCCGTTTCTGGGCGACATCGATTTCCGTGTCATGAGAGCAGGTGTGGAGGTGCGTCAACCGCTCGTCCCAGTCTCAGCATCGTCGAAGAGATAATTAAGCATTCTGTACCCCGTACTCCGCCTCGTCGAGCGCACCCCGTCATCAGAACACAAGCAACCATTGTACGAGGCTCAAGCGCTTTAGAATTTGAAGCACGCTGCGTCACCTAGCCATCTAGAACAAGAGCAATAGGTCTCCTGAACTAGTTTTGGTAAGGTGGCTACAGCCTGTCCGTGTAGTCTTCCTACTTCAATGTTTTGCAACTTCGTACGAGCCATAATCCTTCGGCCAATTAGTTCTTAGCGAAGCAGTACTATACATTCTCGGCATTTAGCCCGTTAGCCTTGTTCGGGGCTGTAACGTAGTACAGGAGAATTATCATCCCGATGCCGGGAGCGCTACCCTCTGTTCTGCACGCCGTTTCCTGGGTACACTATCCGTTCCCTTGGAGCAAGGCTGCTGGACAGTCAGGATGGTGCCTGATTATATTGACTTAGTTTGTGAAACTACAGTCAAGGCCTACCCGGGCCCTTTCAGCCTCTCTGTTCGAGGATTGAGCTTAAATTACGACCGCCCAAGGGTTGCGGGTCAACGCCGATGATAGTCCGGATACATATTCCTGCGCGAACTGCAGTTGCAACCCATACTGCAACCATTCACGATCCTTACAGAGAAGAAGACTAGGTGACGTAAGGTTGTATCTGAGTGATTGTCAATCATACAGACCTCCAGAACAGCTAGGCACGCCTTAATAATAGACAGATAGTTTGCCTATCATTTGTTCTACAATGTTCCTTATTATCCTTAAACCGGTGGGCACTCTCAACGCACGTTTGCCGATCCCGTATCATCACTCGACTTGTCAGGTCGATCATGACGTGATTCGTGAACCACTCCCCTATATAAAAAACTGTTGATAGCGGGCTTCTCAATTAAGGTCACAGATTCTCCCACGCGTTAGCTCTTATGCGTTGATCTAAGACATTGCTTTAAGCACGACATGAGATACGGGCAAGATAGATCAGAATCGTCACTAATGTGCGCTGGTAAGACGGTCATACGGGGGGCAATCAAGCCTGTTGACAAAAGACGCTCCAGGTTCCCTACATGTTTCAGATACCACAAGACCCACACCGCGAGCTGACTGAAGCAGCGGAACTTTGACTACTCTACCGGTCGACCCAATAGTGGCGTACTTAACTTTACGTCAGTGCCCCCTATGTAAG,1998,49.9,Homo sapiens
SEQ_693497,ACTTGTGGTTACACCGTAACGATGGGAAGGACCTATCAGTGATTTTAGTGGCAAATTCCACTACGGAATCACTAGTTCACCTTCTACTCATCTACTTTGAATTTTAGTATTCCCTATTCTACGGGCGACCTTACACATCCGCTCCTTTAGAGGACCTTAAACGTTATTTCAGTCCGTGACGTACCGCAGTGTTTCCATCTCTAAGTCCAATAGATATTGGATATCTTCGCTTTCAACGCTCAGGGTCATCTATAGCTCTAGCCGGTAGCACCCTAAACATGGTCAGAATATATTTCTTGATACTTCAGCTAGTCCCCTAAGCGTGAGGAGGATGTCGATCTCACGCCTCTCCGATTAGTCTCGAGGCCGACTAACTAACTCGTTGTAGTTTGTACAGCTCTTACTGGGGTGTTGCGCAGGTAACTCGCCGGTTCAATTTGTGCGGGAGTCAGCTTCAAAGCGTTGAGGCAAGGTGGGGTCGAGTGTACATCGTTAATAGAATAAAATAATGGCGGAAATAACTATGCGCTGCATTCGACGCCTGAGACACACAAGACGCACTCAGTACGCCATCAAAGGTCTCCGGGCACTAGTTAACGTTGCTGCGGCTTACTACGTGATGTGGCCGGAACGACAAGAAGGAAAGCACGCCTAGTTATTGTCAGAGGCTGCTAATAGCAAGTTTCTTCCATTATTGGTAGATACATATCTAAGGCTACCGCCCCCGGTCTAATGAAAAAATGAAGAAAAGGTCCTCGTGTGAGTTACCTGTTTTAGAAGGTCCTTGACCAACGCTTGAATTTCTAGAACTCGCCGTATTACCCGAAGTTGACCTGCGCTTGTCATAACTCAAGACGCTAATGCTGGAATGGTGAACCCGACAATATCCGACTAGTTAGCTCAGTATATGATTGAATGAAATGTCAGAATAACTAAGTTCACGTTAAATATTTTTGTTGGTTGAAACTGTGGGCAAGGAGTCAATCGTCTGGCTCTCTAGGAATGTATGGCAGCCACAGACCACAACTTGGAGGCGTACAGTGTGCCATCGCTTGAGCTTCTATTCGAGTGCTATTTAGCAGAGTGTACTATTCGTAATGGCATCATGGGAGCACGATACCTGTGTAGTTTGCAGCCAGTAATGTACTGGCTCAGCTTAGGGTCCATTGTATCTCTACAGCATGCGATGATCAT,1194,45.64,Drosophila melanogaster
SEQ_901870,AGCCACGCGCACCCCGGACGAAGTCTCCCATTAATCTATTAGCCGTGTTGACTCGGTGTTTCGTCCGGCTCTCCCAACGGGCCGCCTCCCCCACATCGTCTATAATCCTCCGCAGCGATGTTCAACGAACATCCCGTGTAGTATCTGTCGACATTTTCGAAGCAAGGGCCTTTTCAAAATTGTGCTAGAGATGGATCGGTACACGTAGACTCGTAACCTGCACACACTATATGCATACGTTCCTGTCCTCAGACAATTCTTAATTTCGGCGTCTTGAATATGCGACGGCTCAACTACCCGAGCGTTCAGGATAACGGTAAAACTACTAATTGACCATCAAGGTCCACTCTATAATGGCATCCAGCGGGGGTGTATCGGAATCCTTTGGACCCAGAGCGGAAATCCTGCGACGGCACACTTGAGATATCTGGCTCACGACTTCTCTGTAAACTCTCGGACTTAATTTATTACAGGTCTTCGCGATGTGGCTAAGAGGAAGCCTTAGTCATCCATACAGCGCCCCTCTCAAGGTCTGGTGGCCAAGAAAAATCGAACGGCCTGAGCCAGCAAGTCATTCCTGACAGAGCGCAAGAGGCCAACCTATGCTATTTAGCCCTCCGCATGTTGATACCATGTCAATTAGTAGCCGAGACAGTTTACCCTACGGCAGAAGTACGCACCCATGAGCGTTCGAACTTGTATCCGCATCATGCAGTAAAAAGCAGTCTAGACGGAATCCACCCCCCATTCCAAAACCTCTTCTAGGGAAGTCGCACCTGATAGCACTTTAGGCGGTACCACGAGTCCCGAGCTCGTTCTGTCTGTAACAAAGACCGGCAGTACCCCACTGCGAGACCCAGTGTTCCTGCTTGGTCTTGCTCGTCCCCTCCTTTATAGACATCATTGGTTACTACGCCAACGTCTATGCATTTCCGGTGTCTGAAAGTGTTAGTACGGCGCCATTGGGGGGTACTAGATATTGTGAATGCTTTGCGACGGAATTGAAGTTCCCAAAACTACCCCCTCCTACCTACTTTTGCCCACCACCAATTACGCCCAAAAGTCGGGTTCATTACCCTAGAGTCAACTACTTAGCTTTTGTGTACGACGTGTAAAGCCGTCCGCCCGCAAAGCCCTATTAAGGATTGAGCGCTCGGGCTATAAGGGGTATGAAGTGGGGCCCCAGTTAGAATGCTGAGGGGAATGGTCCGGCCTTACGCCTGACCCCCGCTCATCTTTGTGACTCCTAATTAAGGCAGGTACCTTGCATCGTGTGAAGCTTAAGGCTCGGTCGAAGGTGCGATGGAACACCATGTTGAGTGCGCGTGGATCCAAAGCGCTTATCAGTACTCAAGACTTACTCGACATGGGAATTCATGGGTCATTTGGAACCCGGAGAGATTCGCCGTGAGTACGCAGGCCTGCTGCACACAACTACTTACCAACCCCTCTCTTCGTACCCGCATCCAAAACCG,1475,51.19,Mus musculus
SEQ_192049,CTACAATCCTGACCTACACCGCATTGTGTTTCGGCCTTCATCACAATTCAAACGACTCGTAGAATGGATCCAATCAATTACCTAAGTCTCTTGATTACGAGGAATACGCCCCTGTCCCCGTCCGGTAAAATCGATGCCAGACTCCACACCTGATGATTCTACGCGTGCCGTAAAAGAATCTGCGGCGGTAGGCGGCCGTCACAGGACCAGCTGGCCAAACGGTAATTCAGCCTTAGTCTCGCCATACGGAGCACTTACCTCCCCAGCCTCCTGAATTTCCTTTGGCTCCCGGTAATTTTGAGGTGTGTAACTGTGCACGCCTTCTAAACCGCACGGAAAGATTCCAGCCCCCTTTAAAATTATCAGAGGCGTCGCAAGTGGTAATTTCACAATATATTCAGTAGTAACGGTCGTGTGAGGTTGCCGCACCAGGACGACGCTCTTGCGGCGAACCAGTGGCTGTTTAAATTGACAGATAGGGCACGGGAGAGTTCGTGCGTATGCGGAGGCCGAACCCACAGAACCCCGGTCAACCCAGCCACAGTGAGTTGCAGAAGTCCACACTCTATCGCTGGATCTAAAATCCAAGCAACCTTGATCGACAAGTAGTTAGGCTTGTTCCTTAGAGCCATTGTGCCCTTCAGACCCACGGTTCTCAGCCTAGTTTAACACCCGGGCCCCCGTCCTGAAGCCGGTTTTGTGCCGATTGCATCTAAAATAGTTCCAGCGGAACACAACATTATTGTAGTCGACGCGTTCTGAAACTTCCAATACGATAATAAACAACCTATCAAAGAAGAGGCGATTAATAACTACACCTGTTGGTCCGGTACGAAACATGTAGATGCTCCTTGTGATTGACGACTATGATTATACGAATCCAGACGCTGGTTCGAATAGTTCTATGAGCGTAAGATTAGCGCCCGACACGAGACATCTTACCATTCACATAAGTTGGCATGCACGCCTCGTTGCGGTCGCCCGGTGAGCCCAGAAGCATGAAGTGAATCCCATTCGTATTAAAAACAGCGTGTGTGCTAGCCCCTACTTGCGTAGCTTTCTTGCCCCCTAAAAGTATGACGGCATCATGGGACATCGATACGACAATGGAGCCCCATGTGAATACTTACACTCTACACACAAATTGACTAAATAACCGCTACTCCGGGATACCCCTCGGTCGAGGTAGTTTTGGACGCGACTCGTGCTGATGTCGAAGTGTGTCCGCACCTGTGGAAATTGCCTATGCGCTGCACATACGGAAGGGCAGCATATGGACTTCTTTCCCTTTTCCGCTGGTCCCGTTTTGGAAAGAATTAAGATAAGTATGGAGCCGACCAGCGATGTCATGCTGAAGTGGATCTCCACGCCGGCATTTGGTTCGCCCTCCCATATATTCTTACAATATGACAAACGTGAAATGACGTATGGAAGTTGTCAGCTGTTACGTGAACGACGGACGGATACATAGCGTTACCAAGATATGCCTCCACTTCAGAACTACCGATGTACAGTCCATCCTCCTCGGGGATTTTGCCGTGCCACTCCACGTCAAAGATAGCTAATTCTGGTCCAGCTCGTTTCTCACGTGAAAGAAAAGAGAATTAGTGCTAATCTTTTTCCGCCCTTAATTCCCGGGGCACGTTGCAATAGTACAGACTTTAATTGTATATCAAGTCGGGCCTCATGCGCGGGTTCCTACAGCGACCCTGACCATTCAACCGCTCCAAAGAAACAACTTGTCTGTCACTTGATTGCATAAGAAAGTGGTGCCCAACGGGTGAGCGCTGCGCCAAATGACGTTGACAGATTTTAAATCTAACGTCTCGGGGGGTCAGGTCCGCGTCATCGAGATACCCAATCTACCGCATCCCAATGGTG,1881,49.44,Mus musculus
SEQ_582215,ATTAATCGAAACAGGGCTGATTAAAGAGCCTCGATCCTTGTGCTGGTACTACTCTTTGTCATCCAAAAGTCAGCCTAGACTGATGAGCTGGACGAGGAGGGGGGCAAGTGGATGCCAAACCGATACAGCGCGGGCGATAGTAGATTAAGCCACTATAGTCCTGCTACATATCACGAAGGAGTCCGAGCTAACGCATTACGACAGCTATCCCAGACGTGGCCTAATCCCAAAACGGTGCGCTGTTCAGGAAACTATTGGGGCTCGGGCGCACCACCTGTATAAAGTTCCCAGGCAACCTGCAAGGTTCCCAATAGCTTATCACACAATATAGATCTTGGCCTGTGGCGGGATGGTAAGGTAGCCAGGGGGATCGTCGTAGGCCAGCTCTTCCTCTGCCTCAGTAAGTGGGTGTGAGACTGTTCGCACCTGTTTTCGTACGCTAGTCCTAGAGAGCCGACTGCACAAGATACCCTGAAGGGGGAGACGATGTTGTCGCGGCACCTTTTGGTGCTCCTGTTAACATATGGCAGTACACTGCATTGCCGTTACAGGGCCAGTCATTGGACTGTACTGTCAGTATACCAGCAGCACTCAGTAGGTTTGACATGCGCCGAGGTAAGAGAGACAGGGTGCTTAAATCGAGATGGATCCCCCTCACGACAATTTGCCTACATGAACTAGCGGGAACTGCAGAAGCGATCTTCGCAATGATCGTCCCAGTCCTCACGGAAATGGACTTATATGAGAGTGCACCTAAATAGCCAGCCAGGGTAAAGCTCTATATGTATTGGGGCACATTGTATTGTAGGGCGCTTAGGAGTATGTTATTTATCGTTAGGTTGCACGCCAGGAACAAAGAGAAGGTACTCTCCAGGCAACCCGCCTGTATAGTGTGCGCGGGACAAGATTGACATACCGTGTCGTGATCTGATCTGAA,937,50.8,Homo sapiens
SEQ_156602,TGCTGATTAATGAGCTATACCGTACCGAGAAGAATGAAGCCGGTCCCGCCGAGGCGACGGTACTTCTTATGGGTGCACTCTGGCCCGTTGGCGGGTACTGGATAATTGAGACCTAACTGGCAAGTAGTATAGATGGATGGATGCGGTATTATTGAAACACCACTTCAAGGCGCATTTTTCTTCTTCTTTCCCCGATCAAAACATTCTACCTTTCCATCATGTTGAGCGGTTTTCCTTACTGCCTAGTATTGCGGCTTTCACTTATGCTCTAATCAGTGAAAGAGGCATGTTCCGTCAGACGGCTTACACGAGATTAAACGGCAATCTCCGGGGAACTTCAATAAATACCGCTGGTTGATCTCGCTCAGGCCGAGCGCTCAAAGTACCGAAACTTAATATAATAGCAAAGGTGTGATGTAGGGTCCCGTGTATCCATGTTGATGAACAAACTCATACGATAATTGGATAGTGATTAGGCCAAACATTAGCCGACCTAGCCGATGGCAGTCTCCCTACTAGAGAGAAAAGCGGGAGCGACCTATATGTGATTACGCTCGTCACCTCCACGTTCCGGATCCGCAACTACTCCTGGTCCGTGCTCTCAAGGTACAACCCTTCGTTACTTAACGTCCTCACGTTCTACTCCCAGGGGAGGCGCAGGCTCCCCACTGTGTTTTAATGGTTCGAAATGAGAAAGATCACCGGTTCGACCACCCTAGGCTAGTTAAGACTTGAGACTTGGAACGCCTGAACCTTCGGAAACTGTCAGTTGCGAAAGAAGTACAGCCTTAATGTGGCACACTCCCGGTATTCGGTTAGGCGGACGTGAGCTTGTCACCCCATCCCCTTGGAAACCGATTCAATGACTTTTGTCTCCCAGATCGGATTGCGGAGTGTAAAGGGACGAGTGCCATTGAGCAGTCCTCGGTAGTCCTCATGCGGATATTTATTGTCGTGGTTACACCCCCTGAGCCTCCGCAACACGCATTCCGACGCAGCGGTTTGCCGAGGACGAACCGCTACTGAGTCTGACCCGCGGTACTTGAGGTGTCAGCAGCGTGTTAGCAAGCGGCCGAAGCCACCGTAGAGTATTGATTCGGTGGCGTACATCATGTTACATCTCCGACGCTACTGCCTAGGTGCAAGATGGGGCGGTCGAGTTAACGTACTTGAGGCAGGCACCTTAACCAGAGGCTTAGACTCCTTGATCAACCAAGCCGACGCGAAGTGGTAGGAATCGGACACTGATGGTCTGCTTTGTAAGCCCTATATAGGTAACGGAGGTCATCTACCCTATACCTTACGGCTGGTTTAATACGCGGGTACATAGCCCTTTGACCCTGGTTTAGTTTAGGCCGACATCTCGGG,1368,50.66,Escherichia coli
SEQ_205892,CGGTTTTCTAACGCAAAAGTACGCCTGGCACCGGCTAAATAGTTCTTACCCCCACCATGAATGGATCCACGCCATTGCCTGTTGGTAGATGTAGATGGGCAATAGATGACAGTACATGGCAGGGTATTATCCATACTTTACGTTAGCGTCGATCACTGGATGGGTCTCCCGTTGACTGGGATCGGCTTCGGGCACGCAAGTCCTTGCGCGCCTCGGATACAGGAGCAAACCTCAAAAGCAGTCGCGATTTGTAGTTTGGAGGTCAGGTCTTCAACGTCGGCATTTTGTGCCCTATTCGGGCTCGCATACCTCGTTCTTCCTCGACTTAATCGGCGAAAGCCGACAGCATCAGCGAGAGTGTCCTCACTACTAGAGTAACTCGTCTCCGTCTCGTCGTACTCTAGACCGTCTGCCGGTTCGGGACATGAGCTCTACCCCCCACGATACTCCGTTCTTGTGTCCGACTAGTTTACCCAGCGGGGGACCGAACTTTGCTTATTTGTGTCGTCGCTAACAACGGCGAGTAGTGTCGTGGGAAGCTTACAAGCTTCTGCCTTATACAACGCGCATTAAAAGTAGTCGATGAGGGGCATACACATGTTTAGAAGTAAATATGTCCTCTTGCTTGTGACGAATAATCAAAACGCCTAACCAGTCGACAGATGGACATGCCCTCTGTATCCTTTTAACCCGATCATCTGTCCGCCGAAAAGCATCATGCTCCAAGTAGACTGAGTGGGGCTTACCGTTTATGGGGAAGGTGCCGTCTACCGTAGAATAGCAATGCGGAGCTCGATCCCACAATGGTCAGTCGTTGAACGTACGTGCCGCATATATAAAAGGCAAAGAGATTATACTTAGCAAACGGGGCTAGCGGCAGTGATCCCTGGCTACCTATCTCGTTCATTATATCAAAAAGATATTTTCGCAACACCGTGGTCTCTGTCCAATGGATATAGGCAAAAGGGGTTACGAGCGACTCCGATCGAACCCACCAAGAGCGGAGTTTTGTCAGCCCTCGCCATGTATCTGCGGGACAACTGGTTTGGTGGATCTCTTTAGAGGGCGTAACAGTTCGCTATGGAAAGCTGAGCGCTTAAACGAGTTAACTTATTCTTCCTGATGGCTTCTGAAGACCATCACCTTGCTTGTGCAGAACTCATGACTAGTGGGCCGTGGCCTTCTAATGGGCCTCGGCGAAGATATTGCACATTTGTGCGGCACCCTGCGGGGCCTGGGGAGCATCAAACTATAACCGTCTAATTAGACGCATTAAATGGAGGCTGTCTGGGGAATTCGTTGCTGATGACAATCCTGGACCGTAATCGCATCTTAAAGTTGCTGCCTGGAACGTGATCTCCAATTAGATGCGCCAACATATATTAATAAGGACCTGGGAACTACAGAGGACTTTAGTCTCCTAGCTGCAAGGATGCCTATTCATCTCTTGGCAGCAGCGTCTCCTTGCGACAATTTCCGAAGCTTGTTTTAGACAGATATACTAAGCCGTACATAACGGCTTAGGCCGCATTGGGCGATAGTTCTTACATCTGAACGTGTCAGGTTATAGGCTTGCGCGTACAACTAAGCTGGTCATCTGCATATTTATGTCCACCTACGCAGTTATAGACGGTCTGACGCTGACCGTGC,1650,49.58,Escherichia coli
SEQ_935159,CCTGCCACCAGATCGTGTTGCTGCACATGAGCCGCTGACTATAAAGCGGCCTATCGGAGCCGCCTCATCTCTCATGCCCGGTTAAAGTATCTCTTCACGGCTGAAGCCAGCGGATCTCCTGGCTCTGCGGAGGCTTATGCCTCCTCAACCGCATTGAGCATTTTCACGTACACGGCATTTCGGCCGTCTATCCAACCACTTGAAGAATTCGCGCATGTCGTGAACTAGATGGTGTACAGCTTATTTACCCGTGCCGGACCGACCTTTGAAACATCGTCAAAGAAAGACTTTTAGCGATTGCAGCATAAGGGGTCACGACTGCTCTCTCAGTCAATGACGGGTGGGAGTCCGAAAACGGTCGTTGACTATGCGCGGAGTTTTATTAAACAATCAATGCCTTGTCCAGCCCTAGGTGGTTGCGCCATGTATGGCCGGGGATAAAGCGAGGCGAGAGCTCCCTGAGGATTAGGG,471,53.08,Drosophila melanogaster
SEQ_474925,AGCGAAAGAGACCTTCTTTGCATGCCTATTGGAGGTTCACATACTCACAGCGTCGGAATGCGCAAACGACACAGATAGTAATTTGCCCTACTCAACCCAGTCCGGGCTAAGGCCCTCGTGTGACTCAGTTCTGTGATGTGACGCTGCAGCAACTTGAACGCCGACGTTTTTTTTTCAGGAATGAAGAATGCTGGAACCCACGGCTTGCTGACACCAACTAGAGATTAGGTTCAATACTATAGTCCACCGACGTTGGTGGGGTGCACTGTTTTACTATGGCAATATTCAATTACTCGGAACATGTGCCCCGCTTAATATGCTGCTATGGATAGCGTAACTTTGATGGTCGTAGATGACGCTTAATTTCCTGTGTCTCATCAGGCTCTAAAGTCAACAGCCCGCGCGCTGAAGCGAAGATGAGTGCTCCAACCGTACGGTAGGGTATGTTTCAACCAATTATATTTTGATTTGGGAAAGACCGAGAAGTCAAGTGAACGATCCCTAACGGAATACGCGGCTCTTTCCTAGAACATTACTCGCTCGACGATAGAGCGCAATGCGTCTCGCCTAGCAATAGAAATTTAGGTCGAACCCGCTATAGTGCCCGAGAGTCGGACATTCGAGTTAATAGGACGGATGTC,641,47.89,Caenorhabditis elegans
SEQ_371114,TATTGCGCTTAGAGCTCCTCCGTTTACTAGGGCGGGATTCTGCAGTCACGTCATAACCTCTAGTTGTTTCACGACAGTAAGCCAATATTCACGACGAGTACCACGCCAACAGCATCCCCCGAGGTCTACTTACCTTATCGCGGGATAAATTTGATTTGCCCGTCGGAAATCCGACTGCATATCCGATACTTCCGGTGTGTGAAGAACTCAGAAGTCTAATAGTTTGAAAGTAGAGATATCTTCCGTCATTCCCACGGGCTTGACGGTTTTGTATATGAAGCCGCGAGCTGAATTAGCATCCACTTGGAGCTCAGTGCTCAGGCCGAGATAATACCCTCTCGCTTGTGCACTTGAGGCCACGCCTTAAGGAAATTAATTCATTAAGTACGTTAGATGATGAAACCTGCCCTGGCTCTTGAATCGCTTGAACTCAGATATCCCCTGAGTGATGCGCTAATTGCTAATAAATTGATACCGTTTGCATACCGACGGCCAGCTTCTGGCCCGACTGCCGAGTAGTGGATAGTGCAGGTCCTGTCCGGCAGGGACTCACTAATTGAAACATATGTTAAAGCACGCAGGTCTGGCAGAACACACCCGCTCCACGACGGGCGTCTTATCTAACGACTACTTACTAATTCGGTGGTCCCGGGTGTTAGATGTTGATCCTTGCTGTCGCGTACACCCGTACGAGCCAATATTGAACCGGTCACGTATTACCCATCACTCACCAGATCAAGGCATGAAAAATTCAGGAAAGGCAGGACCTAAACTAGCACCCCAGGAAGCGGTTCATCTAGTGTGATGAGCCGGACAACTGGTTGGTGCCGTAATAGCTTATGAGTGCCGATTTCGAAGTTGGGCTTTGATCAGGGTACTCTCTGTCTGCGATAAAAAAGAAATCTATTCACACGTTCAAACGCTATGCAGCAGGATTCAGGTAGTAGCTTTTGGGCGTTCGGATTCGCAACGACATAGTACATATGAGAAGATCGCTGTCGGAAAGACCAGACGACACCACCTGGCCAACCTCCATAATTAGACGAGGGGTTCCTTCACTGTAATCTAAGTGAGACCTATTGCCATATCCCAAGGCTCAGGGGTACAGGTATCACGTCTCTGTATAATCACGCGGACGCGTAGACCTCGTTTCAAGTACGAGTTAAGCTAACAGAACAGCTGATGTCTACCAATACGATAGAAACTTCAGGGGTATTTAACTCATCAGGGTTTTCTCCTGCGCAGAGGCGCGAATGTCGAGTGATGATGCATTGCCAAAGAGCGGCCGATACATGTTTCGTAGATTGTTGGGAGTAAGCCCGCCACTGGTAGGAGAAGTCCAGAATTCGTGCGTCTTGGTCCTCTCCGGACGAGTAGTCAGACAGGTGTACACAGGGACCCATGGGCATTTTTCCTTTAACACTGAAACTCAACGTGTATCCTTGGGGCAACTTGCTAACTCCCGTTACCCCCCATGAGTTCCCGTGGAATTCGGACGGCCCTTCACCGCGCGTAGCCGTTATCCTATTAGTGGTAGACAACAGCGTTCATCTTATTGCATCCAAGTCTCCCCTTAGCCAATGTCTGGCAACATTGCGTTTTCATCATTGGTTCCGAGGACGTAAGGTCTTAGCTCCAATGTTAAAAACATGACAACAAAAAAATCTTCATATAAACAGTGCCAAGCCGCAGCCCAGTAAGGCAGAGACGTATAACTTTTTTACGGAGTTATCTGAAGCTACGCGCAAGAATTAGA,1756,48.23,Mus musculus
SEQ_404290,CATGTCGCTGGGATTTATCGACGATTGCTTCTGCAGATAGGGCGGCTCCCTTATTCCAACAACCGCAGGTCGTAACGGACTGTAGTAGGAGGCTACCGGATTAAATAAGCCTTAAATCTGGAGGTAGGCCTACGTCCCTGATGAGATGCAGTACTTATGTTTTCCTGTTCAGATCATCAGTGTAACTCTAGAGCATTGGGGAAAGGCTGGATAGAGCAGCCTTAACTACATCTCTACAGTCGTGCCTCCTTAAAGGGCAAAGTGGTTCCATATAATAGAAAGTTGCAAGTCTCCAGATTCTAACAACAGCGTTCACGAACTCGCAAAAAGTATACGTGCGGTCTTGACCAATCACTCCAGACATGCGGAAGGTCCTGTAGAGCAGTCCGGAAAATTCGTGGTTTAGAACTTTGTACTAACGTGATCAACGCTTAGTTTATGTAATAATGGAGGTTATTTGTTGGTTAAAATCACTTAGGAGATACGGGTTTCACGATCGCATGTCCTCACCACAGGCCAAGGATTGAGTGTCGTCGGCGACCAGTTAGACTGGTCGATGGCATAGCTTTATCCCTGTAATAAGAGGCGGGTTACAGTCAAGAGCCTTGCCTATCACATTGATCGCTTGTGGACGGGATATCCTGCAGTGACTCTAGAGTAGCATACCCCTAACGTGTGCAATTGTCCCCGATGGGCAGATGTTGGGCTCGGATACGCTGCGCCCTTAGACTTATCGCTGAGAGAAGCTCTTGTTCGCGTGGAGACAACGTCGCTACAACGGTAACTGATAAGT,793,47.54,Homo sapiens
SEQ_981908,CACAGTTCAAGGTTTATAATGGTCTGATGGACGGGGACCTACGGCGAAAGATCATCCACTAATGATCCAATCCGTAGGTGTTGACAGATGCAAGTGTCCTGGCCACGGATAGGTGAACGTGCACTAAATGATCTTGCTTCGTGACCCCACACCAGTACCAGGGCAACAAAACGATAGAGGTATTAGTGGCAATTAGAAAGCGCGCTGGTCGCCCTCTGTTGGTACGTAGCGGGGCGTCCAGGGTGTAGGTTGCATGTCGATTTCGAGAAAGATCAGTAATAAGTATTACACGGAGAACCGAGAGACCAGAAATAGCGGGATGGAGGCAGGCGCTATTCGTCCATATTGTCAAGGGGCCATTAGAGGGATAGATTGATTGCAACCCCATCCATGCGTCATATTACAGGAAGCCACTTCCATTGGATAACGCGTCCAAGTAGCTGCCCCAATATTGCGTACCGTAGGTTGACTGCGGGTGATCGGAAAACCTTCCTTACTCAGAGTAAGGTCACGGGTTATTCATAACCGGGTACCAGAGAGCGCTCGCCCGTTTCGAAGCGGAGTACGATGAAACGTAGGTGCCGCATTCGCCATATCGTACCCTAGCACCGTTTTTGGTCGTCATGAACACGAATTTATGTTCAATGACGAAGAACATGTTTACACTAAAACCGTCGGCTTCTGATTCACCTAAATTCCGAAAAAATATAGAATGAACGGTGACAGGAGGTGAGGTGTAGCTTCGTCTATCCTACCGTAGGACGCGCCTGGCGATGACATAGGAAAGACCAAACCCCTGGCAGACGAACACACTCGAGCAAGCCCTCTTGGCTCATCGGCCAAACGCGCATCCGCAGATTGGTGGACTGCTAGAACGCCCTTTCGTCGCGTTAGCAGCAGTTGTAACGTTAGGCTTTAATTGACAGTTGCCGGCTAGTCATGAAAGTCTCGCTTGAACGAGGACTCCAGTCATACGGCCCTCAAAGTGGCTTAAGGGGTGAGTACGAAGCCATAGATGGCGACCGGCGTAATCGTGCCAGCCTACGCTGGTTTGCGTTGAGCTTGTAAGTCCGACCCCTGGGCTCTCAGCACAGATACATATAATGCTTCTTACTACTCTGCGGGATCTACCGATACGTCCCAGGCTGCTGAACGCCGCAATGAACGAACTCACTTGCGGCTGTGCATTTAAACACGTCACTATTACATTTAGACTTCGCGGGATCTTGCCTCTCTTTGTATAGAGTCCATTCGTCTGGGCACGTAGATCTGGCGCATCCCATTGCTTTTTTAACGGGGTTCTACGTATGTAGGCATCGATCCCGATGTACTCTGGCGCACTACTAGACAAAGCAATGGATAAGCAGAATAGATCGAAAGACTTGCTTGCTTGAATACCGGAAACATGGCAGATTCTGGCTCCTGAGCAACTGAGCTGCCCCCAAGTTCTACCCAGACCTGCCGTGGTTCGGCTGAAACCAAGTCACGTTAGCCTCTGGCTATTGGCTATTTGATTCATATAGGCAAATGGGCGAATGAAGTTACGTACAGAATAAGACATGTTCTGAGCACGT,1574,49.94,Drosophila melanogaster
SEQ_460934,TAAATTACGCATGCCCCCCGCTTTGAAACTTCGCCGTCTGGCCCGCATCCGGCTGCCCGCTCATCTCGATCACGAGTGCTCGCGTCTAACAACAACTAGGATGCAGCGATTACTATATGATAATCTTTTACTCCCCAGATAAGGGCAGCGGCGATGCGTAGTCTGACTCAACGCTCAGAGACAAGGGAACTGAAAGCGTCGTGACATCAAGTTATGTCAAAAAGCGTCAGCTCGGCAGGCGCTCTAAGGAGCACCTCAGTTATCCCGGGTCCCTATAGGATTGTGGGGAAGTTGTATTCCGCGTTCACGTCTCCGTTGACTATCCTTCAGACCGCTAAGTGGCATAACTGCGGTGAGCACTTGTCGAGACGAGTTCCGCGCAACTACACTGAGCAAGCACGGGCTCTTGCCCTTTTTAGGGCTCCAGGTTCAATACCCGCATGGGATATAAACAGTGGAGATTCCTCAGGCTCGGCAATGTCCGTAGGCGGCGTTGCAACAACAGACAGACATCCTCATTGGCCACGGGTGCGGATGTACACTACTTGCCCATGCCAGACTTGCATTTAAGTACTACGTTACTGGTCCGACCCCGTACGTTAGTCCGTTGCCAGTGCCAAGTAGCAGCGACAAACGTTTTAAGTTACCGGTGTCTGCCCCGAAGTATTAGTGTAGGAAGTTCGATCGAGCAAGTCCACGCGAGAATCCCAAGGCCCGGCCGACGGGTTTTAGCCCTTATAGCATGATCTAGAATGGCAAATATGTCGGGTGGTAGTAGCCCACTTTTGTGTGGCCTATCTCCTATCAGCCGGTCTGAAATGAATTAGAAGGCTCGGTACTTACGGCACTTGTACCAGAGTGAAGCTGCGATGCTTCGAGGTAGGGGCAGTTGCTCGCTTCCCAAATGAGACATGACGGTTCGAGGTTGTCGACGCTATCAAATCCCACTACCAATTTAAAGACGTACTCACAGTCACATATGGTGAGTCCCGGAGGCATATTATTGTCAAGGAATATTGCACAAGCTTCCCGGCCTCTGTTGTTCGAACTATATAAAGTTAGTCGTTCCTTCTACTCATCCCACCCCGCATGTAACAAACCCAGTTACTACGTTCTTACGGATATCCGGACCGCGGGCCGGCATAGACCTCTGGCTCTAGATGTCTGCGTTGGAGACACCTTGGAGATAAGCTGAAAAGCGCCAGAAACCAGGTGACCTAACGAAACTAACCTTCTTGTAAGGGGTTGCCTCCGTATCACTCACACGAGCCCAAAAATTCCTAACAAGGCCGTAAAGGAGTACATTGTCGTTTGCTGGCCCATTTACCTGGAGATTCCTAGCCGCCTGATATACGGCGACAAGGCTCTTTT,1371,51.2,Homo sapiens
SEQ_587020,TAAAATATATTCGCAGGGCACATTGCCAGACGCTTAACACGCGTCACTCCTTTGTGCCTGTAACCTGTAAGTCTTACACCTAAATAGACCCGATAGGAACACTCAGTGTTGGCTTGACAACGTCTCTCCTGGGAGCCATCTTAAACCAGTGGGAGTCCGCATTGGCAATAGGCAATCTGCGTCATCACGATTATGGGAACTATCGACAGAACCAGACGGCAGATCAGTCGACAAAAAAGTCACCTCTTCACGAGGTTACGCAGGGAGTGGTACCAGGCCGCCTGCATAATCCGAGTGATAAACGCGCAGCGGATGGTCTGTGGGGTACTTTACGGCCTAACTTTACTCCGGGGGGCTAAATGTCGTAACAGGCGAAGTTGAGAATAGACAGCGCGAGCTCTTTACCATTTACCTAGTAGGAAAGACTGTTCCGGGCGGCAGATATTTAAAGTCCTCACCAGATTTAAGTTCGCCATGTGTCTTCCACTATGTTACACTGTATAATTTCGTGCCTTTACACTCCCTCATTCGTTAGGATCGCATCTGAGAGACCCTAACCCTAGAACACATATAAATCAGATCATTGATGGGGTCAGGAAGGGTTATCACACTAATCCGTCTTGTGCCCCTCCAATCAGACCTCTCGGTGATATCGGATCCTTGACCTGTGGTAGGCATCATTGTTCTAGTGGGCAACCCGGTGAAGCTCGTATTTCGCTAAGCTCAATGTGGTATCAGAGTTCTTAACCTTCAACAGAACACCGTCCGATTAACCGGCGGATATGGCGCGCACCACTCCCCGACTAGCGATATCACAGCCGGCTGCAGCCCTCCTTCACTATTTCTGACTCCACCAAGCGCGGCAGCATTGTTCTTGGAGGTATATGAGAGACGGGATCTGTCACGAACCATTACGACAGATTTACGGGGTCTTAGACGGGACCGCTCCCTGGGGAACATTTTTTAGAAGAAAGCTAGATATCAGACCGATACAACCGGCATCGTCTATCCAATATGTTCCTGATCCACCGAAGCGTTGATATCAAGTATTATAACCGTAAATCCCATCGTACGACGTAGGCTTATCTCCAACGACCACGCGGATGGCCAGCTCTCGGATGGGAATAGAAGAATATATGGGGGGTGGAAAGGCGATAGCTATCGTCGGCGACAAATGACTCATTCTGAGGCAAGCCCTTTTTTGGCAACGTTGCTCCCAGCTACTGGTATCGCGGGCCGCAGTGACCCATATCGACCCAAGAAAAATGCAAGCTAAGCATGGCGGTTAAAGGTAACAAGACTTATTAAGAATGTAGGTCGCACATTCGGATCCTACACGTGGTCATGAGTACACAGGTCAGAATGAAGCACACACTAGCGGACTGCACTTATCGCGTCGTCTCAGGTTCTTTGGCACCTATTAGGTCTCCACACAACATACAGATAGCAACTGCGACCTGGAGTTGATGTCACCGCACCCCCATCATCTAGAGCGACAACCGGTTATGGCGTCGCCTCCGCACAAGACGAAGCCGTGAATCTACAGCACTATAAATGATGTAAAGCCAGACGTCAAATCCACCCGCGGGTAGCGTCCACTTTAGCTACCTGTGGCGGGCAAGCGGCCCCAGCACCTGCTCGCGCCGGTCCTACCAATGAAATGGGACGGATAGGAGTGATCGCACTGTTCAAGATTCTGGTCTTGCGAACGCTTAGTAATTAGCATACCGTGCGCTCTCTGCGGGAAGAGTCGGGTGGTTACTGGTCTGTTACGAACTTGGAATGACGT,1789,50.2,Arabidopsis thaliana
SEQ_570969,GCTGTATCTAAAAAGGAGCCGATATTACGATATATATCAGTGGCTACTCATAAGCTTTGCAGTTGCGCTCAACGTGGATGTGTGCGAGGAAGTGGGTGCCCTAGCCTTTTAGGTCGACTGCAATGCACCGAGCGGGGTCAATGTGGGGGGCTCTCCCATCCAATTTAGGAAATACACCACCGTAACACATCAACAGTCTCGCCGCATGCGCACAGCTCGATACCGA,226,51.33,Saccharomyces cerevisiae
SEQ_810129,CACTTGTGCTATCGATGCAGCTATTAACGAGCGAGGTCGTAGAACTTCCACCACACTACTCCTTGACACGTACCCTTGCCAATATCCACCCAGGACACCTATGGACTAAATTATGGCAGTCAACCCGAATAAGCAACCCTTTCGGTCTATCCCACTATCGCATCTTCTAGTAAGGCGGGGTAAGGCAACGCCTATATCCCGGGGCAGACCAGGGGCACTAAGGTTTTAATTGAGCTACGCCTAGACCTACCCCTACCCCAGAAGCAATGGCGATATGCTAGGCGGGATCTTGGGAGCACGGAACCACCTTACGATGCTGTCACTGAGAGCCACAAGGTCGTATCTGAACTCTCTTGTCGACCAAGAGTGGGTCTCTGGACACTGCAGTTTTAACTGACACTGTGGCAGCCCGTGGCCATATATTGTGTCCATGATAGCGTCATCCGCCCAAAGTCTATGGTGATAGAGTCTCACCACACGAACTGTAAACTCCGACGAATAACGAACGCTATACGTATTAGTCACGGGCCCCTAACTCAGTCTCCTAAAAAAGCACGACTTGAGTCGGACAATTTTCCGGGCAGGCTTCATTTTCCAACACGGAGGTGTAGGTGATCCCGAATTTGGTATTGGGTCCAAATAGAAGTAATCTTAACAGCCGACATGGGTTCCAACATAAGCTCCGCTAACCATAGATATTGTAATGAGCATCACGGGTTTCCAACGGTCGCATACACGTACTGCGTGGACAATGGCCCCTCTAGCTCACGACTCGTTTGTGACAAGCTACATCTACTCATCCTATGGCCACTGGTACGCAGAGCTCTTTAGTAACCCACGAGTTATGGCTCGGGCAGGGGGCATCGCACTTGGAGGCAAAGGGATTCTACCCACTAATACTCAGATGAAACGGTCGCTCCTTCTAATTCTTTATGGCCGCATAACCTGGCTATATCCAAAACTAGAAACATCGGTCGTGAGATGAGGTCGAGCGCAGTCCTTAAGCAGCGCGGGCTTAAAGAGGGACCGTCCCCCGCTGTAGGGTCTAACGTGGAGGTAAAGTACGGATGTTATAACGTTAGATGGGGGACTATGGGGGTAGCAGGTACACGCAGTCGGGGCTGAATATACTATAGTCAAAGGTACTTAACGGCCCGAAGTACGAGTGCTCCCCAACCGATTAATAAGTGGCATGAACTAGCAGCCGCGTCAAGATTGCACTGGTCAGCAGCATCCCTATCGATCTATACATTGGCATACGTCCAACGTGGAACTTCTGAATCCTTATCTCCACTATCAAGGTTTCTAGTTTGGGCACCTCCGAATCATAGTGAGATTGTACATATGTTAGTGGGTATATAGACCCAAGGTGTTTTACATTCTTTGTTAGATATTCCCTATAAGGCGAGGCGAGGAGCTCTCATAAATGGGGCACGGTGTGCCGCTGCTGGCGTAGCCACCTCTAGGTTCGGGTTTACGGCGGGGACAACATCACCTTTAAACGGCAAAAGATTAGAGTCTACGGTCGAGTCTTTAAGATATTAGTTAATTGGGCGCGGACGATCCGACTTTACAGACACGTTATTTAACAGGAGGTCGAGTAACTGCGTTTACCAACTAGGTCCTCCATTAACGTGGGAACGATCTACTCTCCAGGGGGGAAGGACGACACTCAGTGCGAGCGGGGAGGGAAAAACGCAGTTAACTATCTGTTTTTTGGGGGCAAACACCCACTACACCCTAGTAACGCGTTGAATCCCAGCCGAAGACACGCACAAGCCAGCGGGGCCGCGTAAACGAGTTGAATTCGCCAAGGCTCACCCGAAGGCTATTGGTCGCAGTGCTGTTACTAAAGATTTGCTCTGCCGAGCACCACTATCTGGAATGGGCAGGTTCTTAACCTCATAATAAGCTTTCGAATCCACATAAATGGCTATCCGCCTAGGGCGACGTTACGCAAACGACGCGTCCGTTATAGTTTTCGTTTCACGTGACCG,1997,49.92,Caenorhabditis elegans
SEQ_873024,AGAGAATCCTGATATCGCACTGCCCTTGACACGGCAACCCGGAGCACAACATTGACAGTTATGCCCCATTTACTTCGTGTCGTAATGTTCACCTGACCCTTCCCTATATCTGCTTACCAACGGCTAAATAACACTACTTAGAATACCTCGTTGTTTATGTACCTTCTAAGCCGGAATCTTTGGTGCGTTAGTGAGTCCGATAATCGACCGCCCCATAATTAATTTTATGCTAGGGACCCGTGCTGAATTGGATTATAACGCGAAATCCGTGATGTGGTGAGAAAAGGTCTACTGTTAAATGCCGACCTTGCCGATCTTGGGTCCGGAGGAGAAGAGACCACAGATGATGGGAAAAGGCGCAGTCTAGTGGTTCATTCAACCCTCTAGTTCTATGACGGCGCAACTTACCTGCGTTTGGGCTGACGGAAGTGCAACCAGATTGCTCATATGTGGGGAGGTAGTTGTTCTCTCTTAGGACGGCAGGAAGCGGCGCTTAGGGCTCAGTATGAGACATTGGATGAGTAGGGTTCACCCTATATTCTAGTGTCAGTTGTTCCACCCCACGCGTCTACTCAAATTAGTCCCCACTCTACGCTTAGTCGATAGTATTCCAACGACGGAAAGGCGCCAGCATCTCACGTCATATCTCTATCTTCCCAACTGCGTCCAGCGGAGAGACTACACACTCGAAACTCTCAACGCATATATAATCATTGCAATTTTCAGCCAAGAAATGGGGGGAATCACCTAGCTGTCCAGGATAGTGCTTAGTCATAAGGTGTCACGATTTTGGTCGATCCGTCGAAGGGGTGTTCCGCCCTCCGTGCTCTAGCCCCTTAAAGAATGATCGTATCGGGTTCGGTAGCCTCACAACTTAAAGATCTTAACCGTGTTCTGCGGTCACGTTGATTTACAACCCGGTTAATGTCTGCGAAAGGCT,940,48.3,Drosophila melanogaster
SEQ_760104,AGGCCATCCTAATAACCTAGACGTTATCTCTAGAACCCAGACACTATGTACAACCATGCAAACCAACCGGACCGGGAGTTGGTCTCGTATCGACCAGCGCATGACTCAGTCCAAATCTAGCTCGATCGCATTGAACTCGGTCCGCGGTACTCGACGAATGACCGCAGGTTGTTTAGGTAATGCCGACGAGCCAACTATTTCGTCAATTGGAATAGTGCGCCCGTATATCTAGTCAGCACGCAAGTACTCGTATTTAACGATATTACAAATGCTTGCGCTAACAATCCAGAAGACAGCAGGCAAACTCGAGATCGGTGTACATCGTTGCTATTAAAATAGTCAGGCGTGGGGACTCACATACCCCGCCGATAACGAATACAGTGGTTGCAAATGTTCGCTTCCTTCAGAGCCCGTGGCTACGAAGGGAATCTCAGGGGTATTAACTGGCTCCTTTGGATGCCCTATGGGGCACCCATTCGAGGGTGTTTGATTTCCGCTTTACCGGCGCAAGAAGCGTAATTCATCATGCTCGCGGACTGTGGACTTCTCGAATCTCCGGCTTAGCACGGTTGTCGGCGCGGCGAGGCCCGACACCTTTCGCAAGGTCGTATTACGTTCGGGGCGTCCAGCCACCCAGACTGCACTTAATGTGCCAGAAAGAGTGGCCACAATTAGAGTTTGAGCCGAATGGGTCGTGTTCGTGCATCGGCTTGGTCAAAGGAGACAGACGGTCCTGGCGATCCGTGTCTGTCGCATTACAACGCACTCAAATATGTTAGACCGTCTGCCAGGCCGCACTGCGACGTCCAAGCGCATTGGGGGAAAGTGGCAGCTTCACAAATTAAGGGCGAACCTCCCGGCGGGTCGTACGGACGAAAACGATGAGGTATATGCCATCGCGGGGCCTTCGTCCGCCGATTGCTGCAGGAAAATCAGGGTTGCCCGCACCTACTAGCGCAGTCGTGACCCGCATCCAACCCCTTTAAGTAAGACGCACGGAGTGGCATAAATGATACAAAGTGACGTCAGTGATCGGGTGAGGTATTCACCCCACTCGAGGCCGGGCCAGCAAGAGCACACCTTCCTATGAACACGCTCGACTTCGTATCGAGTACGGCTCCATTGCCTGATGAAACTTATACTTTCTTCCACATTGACTGTGTTAGCTCGGACGTCTGCGCGGACTAGTACTGAACCCAATAGCCCACCCCATGGGCTATGTACCCTATTCTCAAAATCTTCACTGGGAAGTCTAATACGGCCGACAGTTCGTACGGACTTCAGCACCAGCAAAGAGTTGACGATCAGGACGCCCAGCACCCATCGCGGTATGGACAAAGTGTATATTAGAGAACAACAGTGATCAGACCTCTTTTAATGTTATAGCATTTCGCGCAGTATGGGGCTATTCCGTACACTGTAAGGAAGGCTACGGTTCCCTTTGTTGGCTTTACGCCATCATGCCTTTCGGTGACCGATATGTAATATAGAATGCGGTCAATCTGTTACCGCCGCGTTAACCATGTAGTGCAGGTATACAGGGCTGTTCCAAAGTATCTACTACTGAGCTCGTAATAGCCTTAACCTCCAAACGAGTTGAGCGAATACTTGGTTGCAGCAGAAAGTTTAAGGTGGTATGTCACCAAGGCTCCACGCCTGCGTGAGTAGGTAGCGCTCAGCGCCCTGCTACGTATCGCAATACCGTCTCGCGCGCACCTTGTATCTCCTTCTCGACAGCTAGCCGCTAAACTACGGACAGACGCAGCCGTAATCATTCAGGCCGAAGGTAGACCGCCCGTCTTTATCATTGATTGGCCTCGATAATGGTTATCCACACGAGCTGTCCGACGAGAT,1854,51.83,Homo sapiens
SEQ_451036,CTCCTCTATGCTATCTGCTAGGTACGTACCCGAATGTTATGCTATGTCTAGCCGAGTTGTATACATGATCCGCCATACCTATCACCCCTACACCCTATTGGTCTTGACACTTAACTAACGCCTTAGGGGGAGTTGATCCCCATGACCTCGGCTCTTACGTAATAAAAAATCGACACAGCATAGTACGCTAATCTGACTAGAGAGTTTCGCGATATTGACTGCTACTCTGGTGAAGGAATACCTCATGTTCCCCCTGATCTGGTTTCTGTACAATAACGCAGGGTTCATTTTTTCAATTTATACCCCTCTCTCACGGCCTTTTTCGCTGGAGCCAGCTCTACTTAACGCCTTCGCACACCAGCTACTCACTGAATTCATCCCGAGTGACGACGGCTCCGGCATGCAGATTGATATACTCGTGGGCATATGACTAAACCGTGTCGCGACGAGGG,452,48.01,Drosophila melanogaster
SEQ_201705,CATAGAAGTGGATGGACCTCTCTACATGTTCGTACGCGTTGTATGATAATAAATAAGAACCGTCGCTCTGAATGGCGCATTTAATAGATCCCCTCGATCATTCCTGTTTTCAGATAGCTTCCTATGAGACAACGGGTGGTACAATGCTCGATGGCTATGACCAACCCCAATATCAGCAGAAAAAATAAGGGATGTAGAGAAGCAGGACGCTATTGCGACGTTGGACAGCATGGAGGCTCGTTACTGAGGTATCTCCCTACACTGGGCTTCTTGGGGCAGGATGTCATGGTTTTCTGAAAGACGAAGCAGCATGAGCGGGGGCCAATATTAGGATCGTTGCCGATGAGTTATGTAGGTCCTTTGTTTTAAACACCCCATTAGCTGGAAGATGGCAGAGAGCACACCTAAGGAGGGGAGTCCCCCGGCACCAAAATTGGGATGTATAAGCGGGC,452,48.23,Drosophila melanogaster
SEQ_191345,GTGATAAAGTCCATTGCATAAACTCGTTGTAACCTTTAATCCCCAATTTTCTCTTCTCCTAACAGGTTTGAGCCAGAATGAGTACGTCCAGCCAAAAGTCTAGGTTAATAGATGGTGTGCGGCCCGCTTTATATCACATGGATGAATAAAGCAAACCAAGCAGTGCTGTGCAGCTACTGTTGGAAAGTACAAATAAGAACCCGTTGTGGGTACCCTAATGCTCTTGGACCGTGCTAGAGCCTTCCATCGGTTCGGTGGGTGGGCAGTGAACCCGGCTAAGGACGATCTTTAATATGCCCTGGTACCGAAAGAAACCCTCCCCTATCAGATACCTTCGAACTTACGGTACCTTGGCTTGACGTGATCTCTTTCATGGCTAATGGCAACCATATCCATAGAAGGGCTCAATAGACGTGTCGATGTCATTGCAAATATTGACCAGCGGTTTGACCAACGCCAGAGTAACATCGAAACTTATGCAGCCATCTCGCTTATTGAATCGGGACTATGACCCTTGGTCCTTTACGTTTCCGGACGTGCAATCCGTCAAGGACGATCTCTGTACAGACAGAAGAAAACCGCTGGACAGCCTCAATAGATGACTCATTACGGGGCGCGATTTCGTCATTAAAAGGCCTAACATTCACGGACTCGTCGTTCCCAATTTCTCCCACCCGCCCGTTTGCCGCAAGTGAGCCAAGTACGAGACGGGACTTAACGGCGACGC,727,48.42,Homo sapiens
SEQ_603425,ATTCAGATCCTGCACGTTGTACACTTTTTTAAGCTCTCGACAAAAGCTCGGTCCTCGGTCGTCGCCGCGATTCTCAAGTTGGGCGACAACCCTACACGTTGGACATGGTAACCGTATCAACAATTGGAATTATTCGTCGCAAGACGTACCGCTGGGGCTAGCATAAGGATGTCTTGCCCTGTGTCCCAAATCCCATGTTCAACGGGGTAGATATGCCCGGTTGGGGACATTACTGAGCCAGACTAGGCGCAATGATTTGCGCCACAGCGAGGCGCGATGCTTTCCGCTAATGGCGAAGTAACTATTTATCCAATGTGCCATAGAGAAGCCGAGCACATCTCCTATTACATCGTTCCCAACGAAAACCGAGACTTCGGGCATTTGGTAAAGATTATATTCAGGCGCTACTGTAGCATACTGTGCTGATTTCTTGGCAATTCGGCCACTTAGAGTTATCCATCGACCCAAAAAAGCTGGCACAAGTGGTTAAGTATATGTGTTTTTCGTTGTTATTTTTAAACAGAGTATAAGGGATTTGTTAGAGGGTCGCAGAATACAACTCACATACATAGTGGTCCAGGGGTCTTAGACGTTCAATCCGGATGCTGCGGTTAGTTATGGTCAAGAACGAACCGATCACTTAGTGGCCGTGGCAAGGCAACGTACCCTCTTAACTACCGAGGTGAAGCTTTTAACTTTCTCACGTCTGTCGGTCGTCAGTAGCATAACGTGCAGGGGCGCATTTCAAACCACACGCAGTGGTTCGAGGTGCGCCGACCGGCTGAGGACATCACGTGGCTACGAGGCTAGGTGGTACTTTCTATCATGATTTAAGAACACGACAGACTTGGACTGGTTGAGCCCGCGTTACGC,873,48.8,Saccharomyces cerevisiae
SEQ_958812,ATCCGAGTGGTAGCACTCGTCTCTTGACAACGTCTCTCTTAGGTACGGGTCACCCCCTTTGCTACTGCGCTCTGGGGATCAACTATACTAGTGGTCAGGCAAGAATGGCCAGGTATCACTTTTACGCGGTATCCCCGAAGTCAGGCGCGTTTCGGGCTCCCTATTGGCAACCCGTTTTGCCATGTTCCTATGCGTTCCGAAAGGCTCGCGGAGGTACCCGAACAGCTATTAAGGTCCAGACGTTTATGGGATTCAACCTCGCCGGGCAGTCTGTGGACCCGATGTCCTCGAGTGGGTCCGGTAAGTTATTCTCGGCAATCAACACCTCCCCGGAATTGCGCTTTGTCAACTCCTGGTGCCTGGATGTCAGAGGAAACTGCCTTGATGATTTCAGATGCCGTAGAGAAGGCTCCCACTATGGGCACGTCCCCTTTCTTCTCCTAGGCTGCGTTATATAGTCTTTGACTTGCTGCATGTGCGACGGAAGATCGGAACGGAGTCGAATCACTAGGGTAGATTTTCCCCCGGATCAGTAACATCCGGAGGTAATTGCGAACATAATGTTATGATATCCGGGTGGGACTAAGCACTATAACAGCTGTCGCGATCTAAACTCTCCCATATGACT,628,52.07,Arabidopsis thaliana
SEQ_664748,GAAACCATAGGACACCACTAGGCAAAACAGTTATTCTAGTTAAGCGACCACCCCCCATATGCCCTAACCTGACGTTTATATCTTGGGGTTGCATGTTTGTCCTTGTCGGCGGTTCGTGATGAAGATCGTCGAACTTGGGGCCGCTTGCCACGATTAACTAATCAGCCAGGACAGTGCCATGTGGGCGGGTCGGTTACTAGGAGTGTAGGATGATTGCCTTAGCACGATTCGGGCGCGTAACGGAATTCCGCATGTATTATGAACTCCGACCTCTGTCCGGTCAGCAGTAGAAATGGCATAAGCGTACCCCCCGCGTATAGCTGTGTATTATCAAGCGGGGATCTTCCGCTGCAGCTCACTTCTCCCGCTAGTATCACTCGGCCCAGCTGACTCGCCTCTATCCCGGACTTGGGTTGTCTCTCACGCCGATACGTGACAAGGTCAGTTAAGTCTCGTGTTCCGGCTACTTGGAATGGAAAACGCGTTATGGTACCGGAGTCTGTCTAAAGTTCCTTCAATACAAACTAACAATCTTCTGACCAGATACCGTTACATGCAACGGTTAACCATAAGAGTCCGCCGCCTCATACACTATGAGTTAGTCTCAACTTATAGTACGGGTTATCTGAAGGCTCATTAGGACCTGACTGAGTGGACGTGCGACACAGAAAACGGGTAGGGGTTGGAGTTCGTGTGCCACGCAGGAAGCCGCCGAGTTTGATGGTACGTCGTACTGTATCGCACGCAAAGCGCCCTTCTCGTCCCATGTTGGAGCTCCACCGTCTAAGTTTACTCTGCGCTAAAAGCTTAGTTAGGCCATTCTCAGCCCGGAGCGCTAGGGTCCTTGTGAACATCCCCAGGAGATCGCGCGTGAATCGGCCCTGGA,886,52.03,Homo sapiens
SEQ_814081,TCGCTTCACGGTTGATCAAATTCCCTGGTAGGGCTTAACATCTTGGACCCGTATAGGCACATAGGGCAAACAGCTCGCTCACTTCATTCCTCCCTCCAGGTACCCTGAGTATACTACCCTTACCCGCGAGGTCGTCTAGCTCTGGGGACAGTGGCTCCAATTCAAGGGGCATCCTCATTACGACGCCTAATATTCTCTTCCCCCGGACGATGGCCGGAAAGTTTGCCCCGAAGTTAAACGTGAGTGCGTCTGGGGGAAGATACTTAAACGCGAATGTATACGCACAACTAGTTATGGCACATTCGCATTATCTCCACTGCATGGATTAACCGCTGCTAAGCCTAGGAAGATGCTGTTTAGCAAGCCAGATCCAAGGCTTAATCGCCGCGCCAAACGTTATGAATAGGCAGAGTGAATAGAAGCGCTGCTGATGCAGATGCGTCATGCCACAGAGCATAGGGTCAGAGTATTCAAATATGCACAATCAAGTACAATAGTCTTAGACTTTCCTCAAAGAAAGAATCCCATACCTTGTCGCTGAGACTTCGTCTCAGAGGATCCCGAACGGTGGCGGCAACGTGTGGTACCAAAGGTTCTGAACCGGAGTACCTGGGCAGCTAGATGACGCAACCCACTCACTCATCTTAATAGACTATCACTCACTCTAACAACAGTTACTTAACACTTTCTCATCATGCCGCGGCGGACCTTGCTACGCGAACGAAGACGGCTCTACATTGGGGGTCACTTTCTACATTTCAATGCTCGTGCTTAAATGCAACATTAAGTCATCTGCCTTGTAGACTTTTATGCGTAACAATATTGATTCGTCGAAACAACTCCGTATACGCTTATTTCGCGGCTGTTAAATAGTAGCCCAGGAGCACCACACCCTACACAGAAAAGTCAGTTGCAACAGGGTAGATGTGAGAGATGAGAAGACGGAGCGAGGCGCTTCACCCCGCGGCTAGTCGGGAACACGCGCTCTACAAAGATGCGATGGGGAAATGTTCGGTGTGCCATTCTGTAGGGCGATCGTAGGGGGCGAAACACCCAGACGTGAGTTAAGGTATAGGTGGGAGGAAGGGTACTATACCGTGAAGTTCCATTCCCGCGCGTAGTTTATCACATTACACTTGCATGCGTCCTAAGCAGCTGCTGGCTATAGTGGAATAATAGGAAAGGCGCAAGCATGAAAGTTAATTTCAGGCTCGCATACGTGCGGACGGATCTTTCATAGGACTGATGTCGCGCACGCAATAAAGTATGCTAGTATTAGCAGGAACAGCCCGGTACGGATCAAACTGGATTCTCTGCCGAAGAGCCAGCTCTGTGGCGCTGCAACCCACTAGAGCGGAGATCAAGGGTGGAGGTTTCGCAGCATTATACATAGTGCCCACGTTTTGCGTGGGAGCGTGCGTTGCTAGCTATGTTTGAGCACTCTTCATCTAAAGTTTATTCCACTGACGGTTTTAGATGGTATAGCAGACATGACCAGATCCGCACCAACTCTTCAAGCCTTTCCAAGTCGCTAATCCTCTGTGGGAGGACGTAAGTGGGCCTACATTAAAACGTCTTTGCGCTTAGGACGAGAACCGGGAGACATGCAAAGATGTTGATAACATGCTGCTAATCATAAGTCCACAACTGCTGTCCCCTGTTCTCAAGTCCCTGTGGGCGGTGTGAC,1687,49.5,Homo sapiens
SEQ_261816,TCGCCGTTCAGGCTACCCTTTACACCAATTAATGATCACGTATATGCAGTCAGACCTCTACATCCTTCGCCCAACGGCCCTTTAACAAAAACAACTCGCCGTACGAAACGCTCCTATACCTGTAAAAACACTGGCTTCGGCTAGTTGGCGTAATGAGATGATGGATGGGGTTTTTCTATCATGACAAGCAGTCTGCCAAGACACAGGTCGCGCACCGTTTGCTTAATAGTAAATTTTATCTCTCCTCCCGACCCTCGGGCAACCCACTACAGTAAATGACGCGTGTGACATCCCGCAAGAGGTACAGTCTATTGATTGTGATCATGGGAACCACTAAATGACACCTATCGCGCTCCTTGTTCCCGTGCAAAGGGCAACGGTACTAAGGACCGCTAAGATGACTAATCCCGTATCCGATTATTGATCTTTTGATCTGGATACTGCAGAGGAACGCCCCGTCTACGAGCCGTAAAATTCTTGTAGGGTTCGTCGAGTCAGGACTACACCTTAGTGTTTTGAGCTTCACGATTTTTAAGATAGACATGACGCATGCCGGCGAACCCCGTAGTAGGCAACTGCCTGAAATGTTCCAACAACGTCCACCCACATGTGGGGGCAAAATGATAATGCTGTCCGGCCGCGCATACCCTAGTGCTCCTGTACGACCGTAGCGCCATAGGGGCCGCTATGTATCTAGAGTCCGACACTGCACCGCGGGGAAGGACGATGTGCGTAATTAGAATACAACGGTAAGGATGTTACGGACTATGGGCCTATCCAGAGCGTGACGAGACGTCGCACCGAAAGACCTTCAAGATTACGCCTATGCTGAACTAATCGCACGCATCAGACAATGGTTAAACTAATGCCCCCCGTATCATCTCACATAGTTAGGTTGCCTTTTGCCAAGCTCGGGATGAGACTCCTACGCTGACGTGGGGACATTCTCGCCCCGCAAGGGGGATTCTTCGGCAGAGCCGTGCGCCGGTCTTTATTAAGGCTGCCGTTTCATCTCAGGAAGGTAGCTCGACCACTTTCCTGTGCGCTTAGGCCCATCTAGGAGCTCCTTCGTGCTAAGCAAGGTTGTAATTCCACGTGGGGACGAAGCGCAGGACCTGGTAAGAGGCGCTCGCACGTTCTTTTCTTTGGAGACAAGCTGTTCCCTCGCGCCTTCTTGTTATTTCCTGAACGAATATGTCGACACCAACTCCGTGCGCGTGTTGCTGTACACCTCAAGATCCAGTCGACTGCGTTGGGGGAGAGTACACATTAAAAGTCGGTGCTCGATTTTTGCTC,1296,51.0,Saccharomyces cerevisiae
SEQ_488885,CAAAGGTTCTTAAGTGCAGAACGCGCGGTGCGTTACGGCCGGTGTGAAACTAGTACGTTGCACTCACGGATCCGATCGGCCGTAAAAAGCAAGTTAGTATATATTCCTTAGGGGCCATTTGTTATACGAACCATACGCCACAGAGAGGTAACGAGCGGGCAGAGCTTTTGGCCAGCTGTCCACCCGACCGACCACGT,197,52.79,Escherichia coli
SEQ_220841,GGCAGGGTGACACCCTAAATGTCCCCATACATTAGGCAAGCCGCTTGGGGACGTGGGTATATCCCAAAGTGATTCTAGCCATTGTAAACCTGCCCGAAGACTCAGTTGAAGAAACTGATCCGCCGCAATACAGAACTTGGAAGTTTGCCCATCCTTCAGTTTACCCCGAATCAACAGACGTAGCCAATCAAATAAAGATCTAGTGAGAGCCCCATAAACTCACGCATCGTTGGGATTGCTGCAGGTGAACGTCGAGGACCAGTCTCTATATGCAGACTTCCACCGTCCTTTTCCTTATACCTCCCACCTATGGTGAAATACCCAGACGGCCCACAGGCCGCACGAGAAGTCGTTTTGCAAACAGCCGAAGGCCGAGCTAGATCGGCAGTGATTAGATGGGACTAGTTTTCCTCTTCCGCCGAGTCGCCTCAATCCGTGGTTGGCTTCGGATAGTTTTAATGGAAAGGACACGATAATAAGACATAGTCTTTTTTATATTATTAACGCAGTTAATGAGGGTAAGAGTTCTGGAACTCACAAGTATAGTTGGTTCGTGGGATCGTGGCATGGCTAGTACTGGGCGAGGGGTGGATACACCTGAAGTTGCTCTCAATTGGGGGTCAGCACTGATCTAGGTTTGAAACGCGGCCTATACAGGCGGACCTACGCGCCATACACTCCGCACGAGGTCCGACGTCGGCGATCTTTTGGCTTACGAGCGGTCATTCTAGCGCGCAGGTTGTCTCCCCAACTCGCTGAAGAGGCGCAACTTAGCTGTTGAGGCAACCCTGACCGTTTAAACGCTACCCATGCACCAGGAACGATAACCTAGGGAACCTCTTCTGTGGTGTAGTTGATCCGATCCTGGCTCGGTGGCTTTACATGTAAACAGGGGGACGCCTACGTTGACATCTTTAATTAAACAGCCGTTACTGTATACTACCACCAAAAAGACTCGGCATGAAGTACCTAATGTCGCACAGGTTGCTTCCGTCCCGAGTACTCACAAACGGTATGTGTACTTCGTCCATCGCAATCATCGTAGAAGGCTGATAACCAGATATTCGTTTCGCAGTCATGTTAACTGCAGGTCGAAGTCAGATAAAGACAACTCAGTATCTGATTATTCATTTGGGTCCGCTTGGTTGGGACTGCACGGATGTCTTCCACCGCCAGCTGAGATGCGGCTACTTCTTGGCCCAAGGCAGTAGACCGTTTATCAGTACCCGATTATTTTGCCAGTAAATTCGCCTGTGGGGATAATGAGTATGATAATGGAGATCATCAAGCTTGCTCGGGACATGAGTTCGCTATATCCAGTCGGTAACTAAGACGGGAGAGCCGACGCCGGTAAACCATACGCCACTAGAACCGTAGCTACAGAAGCAACAAGCTGAGATAAATTATTATAGGAGTATTCATTTGTACTATCGTATGCTTGTTGGCAATACGTCCTGAGGTAAAAGGATTCTCC,1474,48.85,Drosophila melanogaster
SEQ_821686,TCTTGTTGTCCTTGACCAATCGCCGCCACCCCATTAGGTTGCGTAAGAATACATCTGGGTGGCGGTTGGCACCAAATAGCGTAAGGTCTCGGTACCCTTCCTGCACTATAGAGAGTTTGCCCCATAGCTCGCTCCATTACGAGGACCCGGAAACCCCGGGATCCAAGACCGGCGAGGGACACTCTTAGTGACAGCCTGCGTCGCGTTCTAGATGTGGCTGGCCAATCGAGTTATGCTCCTAAGAGACACGTGCGAACGCAGTGCCCCAACAGCTATGAACAGTATATAATAGTGTGCTGTAAGCAGAAGATTCTTCGCAATCTAGCGTGCCTAGCCTTGCGCCCGATAATTCTGTTACGGCCACCCGATGTCCCCGCTGCCGTGCCAATCAGTCAGTAAACC,402,53.98,Arabidopsis thaliana
SEQ_433678,ATTACCTACGACGTGCAACCGACTGAAAAAATTATCGGCACTCTAGGTTCGGCACGTGAAATTCCTGGACGGACATGAGTGGTAAATCCAGACATTGACGGGTCGTCCGTAAAGTTCAGGACCGCCCCTGTATAAATATCGCCCGCCGTTTGCAGTTCATAACATCCATTCGAAGAAGGCCCCTTGCTGAGATGCCGCTCTCCTCAAGCTGGAATAGAGTTCGGCGACTATAGAATTCAAGGGTGGATGGCACTTGTTTTTTCAAACAATGCCAGCTGCGCCTCCACCTCTATCTCTCTGCCAAGACATAACGCTCCAGCTAAGTCCGGCGCCCTACAGAGGTACCAGTACATAGCTTGGTTAGGGCATAAACCCCTTTATATGACGGCAGGCGCAAGTCGTCATTGATCTCCGAGAGGTGCCGGGAGAACACTTCGCTTTCTAGTGTTACTGGCGTTGACTTGGTCGTTAGTCAAATACACGGATTCACTTTGAATATCGGCCACTAGCAGGTGTCATTCATGCTTCGCTTCTAACGCCGAGAGCACAGATATCTCAGGATCATGCAATTGACAAGCTAGAACGATACTTACCGCATACAATTTCCGATAAAGCGGGATAATCAGTTAACGGCAAAATACATGACTAAGTGT,653,48.24,Saccharomyces cerevisiae
SEQ_671694,TATCTCACTATCGTCCCCCACCCCAAGCGTTGGTTGTCCGTAGTTCGGTTGATCTCAGACCCACTTATCTCGGTGAACATGTTTCCGCACCATCTTCAAAGGCCGATGCCATACTTGTAAATCGCGCCGAAATAATACACCGTTCCACGGGCGAGGCAATCTTCTTACCATCTACAAATGGCGCTTTCCGAATGTATAACTAGCGTCATTTAGTTCGTTGTTTGTAGTCATTAAACTTGTACGAATGGTGGTCCGGCTAAGCGAGGGGTCAGGCTCCAATTGATTGGCATTGATAAATCACTCAGTCTCTGTGTTGGACGCTAGGACTTGAGGTGAATTAGTAGGCGATGTGTGACTCTATCTATAGGGGGGTCTCGGAGAACTTAACAGTCGTAAAGAGCGAGCGTGTAATCGAAATCATCGGAGAATGGGTCGACCAAAGGCTGAGCGGCCTAAAACTGCGACGATCTACTTGCGTGCGGTCTCCGCGGATCAGCCCGTTCTGTGCAGTAACCAAGGCGTGTGAGCTCCGCGTAGGGAGCTACGGCAATTGAGGGAGTTCGAGTACGCTTCTCATCTGTTACGACAACCTTCACAAAGGTCGTGGTAACGGTCACGCGGTAACTACAGATCCGAATTCAGAAGCTGGGAGGACCCCATAAAATGTGAAGCACTTAATCGAGGCCGACCGTGTCTATGCCGGCACGTTCGCCTGTTTAGCGTGAGTTGCATTCATTGTTGAAGAGCAAGACCCTTAATTGTTGGACCTATCCGAGCGGGTGGAGTCGGTTGTGTTCACACAAACATGGCTGTGGATAGAGATGAACTGACCCCGTGAGTGCGCTTGGAAATTCATCTGACAGACAGGGTGCCACAGCACAACGTTACTTCCGTTTGTAGCCCACCTCGGCAACTGGCACCTGCGATCTACGATTTCATAGGCTACATGACCGAAACTTTCCGTCAAGCAGATCCTCTATGTTGAGAAGTCTGTCGGCAAGATTGTTTACCAAGTAAGTGCGTCGCACAGCTGGTTGTGCGGATAGAACTTAAACAAGGAAAATACAAGTCATCCCTCCCATCCCTGTTTTCCCCAAGCAAGCCACCCGGCCGAGTGGTGTTTCAGGCGCTGCTTTGTCAGATCAACTGGACCAGGCAGTGTCGTGACTATGTCCTGGATATAGCCTCAGAAATAGTTGAAAGGACAACAATATTAAGCAGACTGTAGCAGCGCGTCGCGCAGTTGCCCGGGCGAGCTTACGGCGGTCTTTGTCCTAGATTAGCAGTATGACTCAGTTGAGTCATTTGACGTTCTACCGGTAGGCATGCGTACAACAACAAGAGCCATGATCAGATCTCTTCCTTTTGCAATCTAGAGAGGTCGGCGTACCATCGGACCCTTAGCGTGGTCTACACTCTGAGTGGATCTGTCAGCATGTTCAGTAAATTAAGGTGACCTTGGGTTGCTCTCCCGACTCGCATTGGCCATCAAGAAGTAGGCGAGTACGTTTCTATTTCAGATCTCATTGAGGCCTAATCGCTTTCAGTACTCCCCGTGTAAATTGTTGCGTACCTCTTCCTCTGATATGCACGTGAGTTCCACAACTCTGAGACCTTGTTACTATTACCAGACGGTTGCCTCCGGGCCTGCCACGCAAAGCTTGTGCC,1668,50.12,Homo sapiens
SEQ_739428,ACTCTACTCCGGTCCTTAAGACATCGCGACCGATTATTGAACTAGAATTGGATGAGGCGTCGGTTACTCCGGGATAAGTGGCTTAACTGGAACATAATATCCGTGTCGATGTTGCAGGCACTACCCCATGAGATCTCACACCCACGATCGCTGTATACAGGATGTACAAGAGTCGCCCGCTGTGCGGTTTCACTACAACCAGGAACCTCGATTTACGGCCCATCGTCTGATAACAGGTTCGGAGGATCTCTTCTTGTCCGCTGGGCGCTCAGGGTGCTGTTAGTGAATCTGGGATATTTGTGGGACGGGTAAACACGGGGCGGAGCCGGGAATAGATTTCACAAAAATTCCTTGTTTCTTATCGAGGGGTTGAACCGTAATACCCGCAGCCCACTCCTAAAGACACTGAAAAGGACACCCAGACCTAGCATTGGGTTTGTCAAACCCTGACAACGTTTTCCGCGAGGGCGCGCCAAGGATGCCGGTCGGGACTCAAGCCGACCTCCGTGGTGAGATTAGCAAAATTGACTGAATTAGCGTAGCAGAACGACAGCCCGTTGGAGTCATTTAGTCCCTCTCTTCAATCTGGTTTCATGCAGCCGCCCCGCACACCCTGCCCTACTCTGCTGGTAATCGTCAGGAGCACTGTATAGCCTACGTCGTCCCGATACGGAGGCAAATAGCCTTTATTGCAGAGTCCACTGCCTAAAACTACTAGCAAAGTTGCACTGACCTTTGTTAAAGTGAGCGGCGTAGCTCAGGAGCGTTTCATGTTGCGCGTCTTCCGTGCTAACATCAAGGGTTTAGAAGAGTTCTCGCCGATGACAGCGATTATAGAATCTATTCTATGATAGTTAATCTAGGCTCCGTGCGTCCCAATCGGGCGCCCGGGGAAGATGTATTTGCGCCGCTGTCACAACTTGTTAGTTCCTGCCTGCCTAACTTACATAGGACTCATTTAAAAATGATAATAGAACGAGCTGGGGTGACTCAAGCGTAATTTAGGCGGGAAGATCAGGTACGATGCATCGCGGCTATTAATCTGATTGCTCCGTACAAATTGGCCCTGCCTCTCCTGCCGTAGTCTACTTAGACGGCGCGGAGTTGGCTAGCACTTCTTGGTTTCTCCTCCTGGCTTATAGGCTTGCCAGCGACAGGTTTGTCGTTATTGTACTCGATCCCGGGCGTGGGCGAGCTATTCCAGAGCCAGCTGTTGGTTACAACGGCAGGACGGTTCCAGGCGAGGATGATTTCCCTTTAGGTCCCGGAAAGACCTGACGATTGCCTACGAGCCGTTGAGCATTTGGGGCCTATGTAGGAAAAATTTCCCGAGCGCAATCTAACAACGCGGGGTATATTGGTCCTTTATTCGTCCTGCATAAGGGCATACTCTGCGTTCTACCCGCGCGCGGCCGCCCTAAGCTTATTGATTAACCCTCAGGCTTCCAATAGGAAACGGAGGTGCGATTTACAATGGGTTGCTGAGGTTTTGTGATGCCGTAATATCGGCTGGACCTACACTGTTGTGTCGCGTGCCATAGTAGCGCCTCGCTCCCTTGC,1560,51.54,Caenorhabditis elegans
SEQ_339705,ACGTTGGCCTCTCGCCAGAATACTTCACAACCCGCATTAGATCGGCGGTAATCTGTTACCCTCTCGAACTAGGATTTTCGTGATCGCTGCCTCATTGCTCGCAACCATAGTGTTTAGTTCGAAGTTGCGAAAGGAGGTACGTATGAGGGGATACGGTTACGGCAAGGAATTCAATCTAAAAAGGAACAGGAACTCAGCTGGACAGGGTGGAAAATCGACTAAGTATCTAGTCTAAGTACCTCGAATTCTACACCGCCACGCCTAACTAAAGGACCCCCCAAGGACCTGTAGGGGCGGCAACCCCGCCTACAGTCCAGAAGGACCGCCCGAGCGGCCGTTAAGGAGGGTGTTATCCGACCGTTAAGCATATAGCCCAATGGAGGTCACCAGGAAACGCGGCTGCGTATGGGAGTCCACTTCT,421,52.26,Arabidopsis thaliana
SEQ_527890,AGAAGCGTTGTGGTGGAACTACAATATGGCTTAGGCGCAGACAGAGCCGCCCCTTCTCGGGTCCGGTGCGATGCGTTTATAC,82,56.1,Mus musculus
SEQ_771900,GCCTGTTTCATCGGCAGGTTAGCGTGAACCCGTGCAACCGATGGAAAAGCATATACGAAGACCGCTAATCTTATACGCGTAATAGTCTGAGGATCAGGACGCCTTCAAAGATCATTGCACAGTTTCTGATCGGCATTAGTTTCTCACGAATCAGTACCCGTAGCGACTAAGATGAAATAATTTCCACCCATGACATGGGCATCGAGTAGATGTAAGCTCGGACTGCGTGGTGTTCAAGATGAGATCTGACTGGACAAGGTGTCCGGCGGTATTGTATCGTCTCAGGTTCCCACATCCTCCTAATTGCTCGGGGCCCTCCAACGTCCTAGAACTGTTGTCAGGCCCGGGGCTGGCACACATTGAACTCAATCGGCGTGAGCTCCCTTCAATGCGTACAGAGTTGTCCGCATACCTCTGAGTGTAAAAATTGTAGAGTAAACATGAGTTGGAATACGGTGAGGGCTGGGGATAAGTCACCCATTGGTTACGTTTGGGAACGACACTATGCTGGAGTGTGCGGGTTTTGCTTAGCAATGTTTGGTATTCATGCAGGCTCGACTTGAGTTAGGTATCACTGCCGTCCCTCAACAAGGGTCTGGCGGACGAGGCTCCACAACGTGCGATCTCATAGGCTCATAGGTCCGAAACTTGTTATATGCACTGGCGGTGAAATCATGGAGTGGGGACCACGCGACCTATTTGACTGAAGATCTCAGCTTAACAGGGTCCATTTCTGCGCTCGAGGCTAATGTCCACTATTTACACCGTTGTCGATGTTAAATCATCGCCTGCGCGATATGACCCATAAGTCAGGAACGGTCTAAACGGGCGCAGCGTGAAACGGTAGCGCTCATCTTTGGGTTCGGTGCACGTAAGGCTGCATCCAAGACGATAGCACAGTTTAAGCTTAAAGACCGTTTAAAGGTTCGAACGACAATTCTAGGCCATTAATGTGCCCTAGCGGCATTGACATTATCCTGTAACAAAGCCTAAGACTATTAAGTCAAGCAGCGACGTTCCGGCCTAGGTGCACCTTTTCCGTCGGGGTGACACCTGAATTAAAGGAAAAAAATTTGGCAACGCTCACTTATACTAATTAAAACTCCCCGGTTCCTCAAACCAACAAGCGAAGTGCTAGTCCCGAAAGACGGCGGAAGAATCGTTCGAGCCGCGGCCTCTCGCTTGGCGTCGGAGCGTGGTCTGTCTCTGCGGGAGTGTACTAAGAATTTACTTCCATTGCGTGCAAATAAGGCAACAACCGAGGATTGCGACACAGCGTAAAGCCGGTGTAACCCGTTCGAAAAGGACTGGCGTTGACTTTCGTGTATCTGGTCCTATAGCGGACTTGGGGTGAGAACTCCAAACCCTGAAGCACCATGCTGAACAGCATATCCAGAATGGCCTTAGGAAGCAATTCTTTTATGAGCCCTTTCTGGATAGACGTTAATGATGACGCCCGCAGAAGCAAAGTGCAAAGACTTCTCGTATAGAGAATGTGTACGAAGGTCGACCCGTGCATCACATGAAAAGCATGTATGTTCCATCATTGGGCAGGGTCGGCGCATTAATGGCCAACTGCCACACG,1585,49.59,Homo sapiens
SEQ_995291,ATGCAGAAGCACTCATCGGCTGACATGCAGGAAATTACAATAAGGATCAAAAGGGTTGTTTACTTATTATAGAACTAAAAAAGCGCGTTCAGTTCATTCCCCAGCGCGTTACTATGGACCCTGTTGACGGTCAAAGGTGCCCAATGACATTAGTTGAATCTCTATGGAAGCAGCGAAGGGACATTTAAACGTACGGCTGTGGAGTGCCGGCAGTCCATTGCGGGTTTTAGAGGGACGATGTCAGGCTGTATTTTGTTGCCGATGCCTGCTGGCTGTATGGGGCTGGTGCCATAAATGCCCATGCAGCGGTAGTCTAGACAGTACAGAGGCTCAGAAGAAGGCATATGTTGATTGTCTTCTGCCACCCTACCGGCCACAGAGTAGCTTCTTCGAGCGCGCTGGCTCAAAGCTTATCGGGGTAGGCCTGCAAGAGACAGCACGACGCAGGCCCCTCGTAGTTTATGCACGATTTGAATTTGGGGCCCCGACGGAGCCCAAGGGGAGTACGATCGGTCAAAACCCGATTTAGCTGTCCTGTCTTCCGACAGGAAATGGAGACTTCTACTTGTTATTAAAACTTTACCCGCAATACCTAGATGCTAAATTGCTACAGAGAGATGATCGATAGTTATCGAGGTATTGCAGGATGCAGGAGCACACTGAAATAAGGCATTTTGTGGGCTAAAATGTCGACGGAACTACTTTTCGCTTCTGTTGAAGACTACTGAAGAGTCCGCGTCCAATAGCTGTACCATCACACTGAGCTCTTGTCGCCAAAAAGGTTCAACGTGTTGTGGTTCATGCCGTGTGTGCTGAAGTGGTGTCCATGGGGGGGAAGCAAGTATACGCCAGGCATGGCGACAGTTTATCCCTCCGTTACGGAAGCTTAGTTTTCAATAACTAACGTCTTTCAAGCTGTTGATGTTACGTTATTATGTTATTTGCAGATCGGCTGAATGTTCGACTGATAGTCCAGTTTCGTGCACCGGCACTCCACCCAGGGACTCTGAACTAAGGACCTCATTGCGGTCAGCTGCATGATCGAAAGTAAGCTCTTGACATCATCCTTTGGATCCTAATGCATACGCAAACTGCGGTCAGAGATCCTTGGAAAATACTGCATATATCTGAGACAAGGGCTGGGTCCCGTAGTTCTCGCCCGACCGTGGTAAGGTAGCGACTTATTCAATCCGTCCTACTACGAGCTGTCACCTCCGATATGGTGTAACACGTTTCGTCACGTGCAGCCGCGGGCTAGTATCAGCGTTCTAATTCGCCCGTATACGTGGCTTGCACCAGACATTCGGCAAGGGGGGTGTACTCAGTTCGATAGAGGCTACATCCGATGCTTAGGGCTGAATGAGGCGGTGCTGGCCTGTGGGCCTTAACACAGAGGACTTTCCCAACACTTGCTGAGGCCGCTACGTCAAGCTCCTTAACTCATGGAGGAATGCAGCCTTGGAAGTGTTGTTGAACTTTGTCATTGAGGGAGGTAGAGTAGACGGCCGGGGTTCAGGAATGGGGTTTAATGGCTTTATTCGTGTCTCAGAGCTAGCCTTCTTTGGACACAGCTTGGGCCATTCACTCGCGTTGTCCGGTTAATAACGTCAGTGCGATATAATATTCGTTATTTCGTATCACGTGAGAACAC,1651,49.36,Saccharomyces cerevisiae
SEQ_778299,CTGATGTCCAAAGGATGTAACTCCATATTGCCCGACGCCCACTAAAACTCCCGAACAGGCATTCGTATTGCCTATGTTGCACGATCTCGAGCCAAGTTGGCCAGAATTAACTTCTAATTCCCTTAAGCCCTGACAGCTGGGCAAACGAGGTATAGTTACGTTATCGCTACTCTCTTGTAGGTAATCCGATATCACGTTTTGTCTTGGTCTAGGTCCGGTCACGCGTAGAGCTCGACGCCATGCATTGCCTTCCTAACCGCTTACGCGTGAATCAACTAATGTAGGTCGATAATCAAGCAACAATGTGATCTTTTGATCCGATGGGCATATTTGACATTCGCTTCCGACCGATTCCGAGTCATCACTAGGACATACAGCAATTGACGCCATTTTCTGTATAATTGCACGTGTCCAAGAGAGACGGTGAGAACTAAGAGGTCAAGTACGTAGTGCAGTCATAGACGACTCGAACTGCGCATACGTTATCCAGGATTATACGATTTCCGTGAGTGTGTACGTCTTCAACGCTCTGAATGAGTCCCAGGTGCCCACTGGGAAGCCATATAAAGTGGGCCCCTAGACCGCAGTAGCCCAGATGCCTTCGATACGGGGGCTTTCGTAAAAGCGGATAGGTGCGAAGCGTAATTGGTGGTTCTTCACTGCTAAATATACCATCCATGACGATCAACAGCGTTAGTCTTGGATACGCGCCTTTTAACGCGAGCAGATGAGTTCAGAAGTGACCATGATAAGCCGTGAGGGGTTTAGCGATAATGTGTGTATGGCTCCCAAATTTGCCGCGCCGACGGCCGGTATATCCACGGATGTCTATATTGCATGGGACTAACACCGAGCAGGGACTGTAGAATATGTGTAGTGCGCTAGACGAGCTTCCTTCGCTGTGCTGCAGCCCACGCGCCATCTTGCCAAAATAAATCGCGAGGCATGTTTGTAAATAG,959,48.7,Mus musculus
SEQ_912773,CCGCCACTCAGTACGGCGCATTCACTATGTATACGAAGCGAACGTCAGTCCCTAAATGGGCTCAAGAGATCAGAATGTCGTGCGAGTCCTGTGTTGGACACTATCTGGAGGTGGATTGACCACATACGGAGCGTATGTTCTCGTAAAGAGCGCTAGTCCTAAAACGACGACGCCTCCGGCTTGTTGTCCGGGGATTAGGAAGCGATACCGGGTGAAATAACATTGATTATGGCGCCGACTTCACTCGATGATCAGCTGTCTTCAATCAACGACTCAGTTAGGGCCCTAGCGTTTTAGGGGGTTTCGCCTTTCACAGCCTGGGTTGGAGCCGAGTTGGCGATATGCGTCTTGCCGCGTACCAGAGGGAACAGTGTGAGAAATTTGGATTGAACGATGACCAGAAACCATCTTGCTCTCTGACTGCTTTGCTTACTGTCTACCATCCGGAGTCAATAAGCATGCCCTCCCCGTGTGCTGAATTTACGCAAGGGGGTAAAGGCTCTTTCACGAGTGGTCGGGTGTGCATCATGTCTCCTGCAACCATGTAGCGTTCATGGGGTTGAGAGTGGGGGCACCAGGACTCTGCCGTGTTCAAATCCTCGGACACCCGCAATGTGGGTTTGAGACAAGCGACCTCCTTGGTAACTGGCACTATACTCCTTGGCTCTATATGCACCGACTGACGGTCGTGTCTCGAAATGTACTCCTCTGTTATGCGCAGACTCCCTAATGGGCAGGGGGCAAGATAATACACTGGGCAACCGGCATCGGTACCCAATCACCGCGGTGTCATCAGTGGAGACCAACAATTTTCCAAAAGCCCGGGCAATTTGCCGGGCTCCTGTTAACGCGAGAAAATGGGGCAAACCTCGTGAGAGGTTTGTTTGTAGGGGAGACCAGTAAGATCTAGGTGTGCCACTATGCTGTTTACACGTTCATTACGTGATAATAGCGGGAAATTTTCTCACAAGTCTTCATACGCATTACACTGAAAACCTTACTGAAAGTGTTTGTAATTAGGTTACGGAGGGTGGACGTACATCTACAGCGCGGCCGGCAAAAAGTAAATGGGTCGGGCAAGCGTCGGCAATTTAGGTCACGTCGATTAAGAGCCTACGGTAGAGCGATC,1129,51.2,Escherichia coli
SEQ_610329,ACCCATCACACCAAAAATCCATGGTGTACTAATAGTAAACAATGCGCCAGCTTTAAGGAAGACCACATACGACTATAGCCGCCTAAAATGACTTTCAAAGTCTTGTGCGAGTAGCCTCATCCCGCGGCGCAAAGAGTAACAGTTCGCTTTCGGCCGCGGCGATACGCTCGCCACGGAGGTCTATCTATTCACTCAAGGATTTCTAGTCAAAGGGGCTCCGCGTCTGTACCTAGTCAGACTAGCGGTAAGAACTTATAGGAAAAGATGTAGCTATTGTTGGGAGATCTAGAGGCAGGAAAGTCACGAACTTTTCGTAAGTTAGCAGGTTGAGTCAAAACCATGTGCGAACCGTAAGTCATCAACAGGTGGGATATGAAACGTTGTGTTCCCAGATTTGTACTTCGCGAGGTTCAAGGTAGCTGACTAACATTTGTAAAGGTACCAGTGAGCCAGACAGACGTGGGGCTTGTGGCTACAACGCAGCGCTAGCATTAGAGTGGCGCAAATTAGGTTTCCATGTTTCCCGAGTGTGGTTGTTATTGACAAGCTGCACTCGGCCTTGGTAGTGGACTCCAGCGCATAAGTAGTACTGCGACGTAGGTTAACGGCAACGGTGCCTAGCTGTTTGATCGAGCCCCCTTAATGTCCTAGTTAAAGCCCCCCACTGAAACGGCGCGCCTCGAATTTGACCTTTATAGCATGCTACTCAATATCCAGAGTCGTAGGGATCCGGCCTCGCAGACTTGTGGCACACATCATTGTCTCGGGGGGATTTATTCACACTTTCCACATATGGGACAATGAGTCGTACGCGACGCGAATAATTAGATAGTGCGGGCTACCCTATTCCTACAGTCTGCAGATAGCCGGGATTACAATCTGCTTATTATGTGCTCGCCTGGCCATACACATCGCCCTTGCAGGTATAATTAATAAGGGTAATCGTTCTGGGACAAATCCCTGTTGGGCGTATGAATAGCCCCCCTGACCAGGGGGCATGAGTGGCATGAGTCTACGCTCCTCGCGATGTGGAATTCACCTGTCTAGTGTGTAGGGCGCTCGCAGTAATTTATGGATCTCCGGTTGCACTCTGCACTTAACGATCTGTTCCGGCGATGGGTAGAACCTGTTAAGTGGGTTAAGC,1144,49.39,Arabidopsis thaliana
SEQ_138933,GGGGCCTCTCGCCAACAACGTTGTCGTTGCAGCACGCAAGGCGTTGTCCAAACAAGGCGTCCGCTAGGACGTCGGAACACGCTCCCTTAATAAACAGAACAGCGTAATCGAAATAATAGAACTTAGGGGGCCTCTCCATCAAGAAACTCTCTGTGGATGATAAAAAGGCCTACAAATTCGTAGCCGAAAGCCTATGCATCCGAATCGTTCACTCGGATACGAACAAAAATGACCGCAGCGAAGGTCGAGACTGTGAGCTCTAATTTCAGAATGCGTGCTGTCTGGAAGGGTCACTTGCTTTGCGGCCGCTTAGCAGGGGCCCCAGTATCCCACAAGGCAACGTTCGCAGCGGCATTTGCATACCGTAGATCTGTATGACAGATCATATCGGAGCAAAATGTCTAAGCGGACGCACAGTCACGCCATATATGGGACCTTACACTCGGATTTACAGGTTTTCGTCGTCCGGTCAATCGTATCAAACATGGCCAGCGCGCCCCGTTCGTTATTTACCTAGACCCAACCTACACGATAGAGGGTCGAAGACGACCCACGCGCGAACAATGGAAGCGAGGGGTCGCCTAGTGTCGCAGCTGATTCGCACATAATTCATGGCGACAAAGACCGCGAGTGTCGCTTTCTCATTAGGAAGCGGGCTTGCCCAAGGTTTTTCTGCGCCGCTTGGGCCACCTAACCGAAACAATTTGCGATCCCTCTTCAAGGCGGCATGTACTGGCAATTGTGCACAATACACTCGCTTTTAATCAGTCTTTGACCCACGAAGAAAAAGGCCCGCCCTCAGTTACTTCGGTTTACCCCTCTAAGCCCCTAATTGCGCCACGGACTCGGTCTGCGCGGTTCACTCCTGGCCACCAAAGCCTATACCCGCTATGCTGCCCAGCGAGCGAACTAACCCATACGATAGTGTCCGTGGGTTCGTTCACGCAAGCGTGGTCCTCTTGAAAGCCTTTTACCGGGTTTCTAAGGGTCCTGATTTATCGGTAAACACTTGTAACTGAAAACGGATCGTGTTCAAGTTGATTCATATACTCCGT,1055,51.66,Arabidopsis thaliana
SEQ_882914,AGCTCCATGCCTCACGACTAACAGCTTAATATGACAATCTCGTAATTGGTGCGTCGGCCCGCCCCCCACCGAAGTTAGGGAAAACCGTTGAAGGTGGGGAGAACCGACCTCATCCACCTTTAGCTTGGACTGACCTACATCCCATGCTTGTGACTGATATTGTCGTAAGGTACTAATCCCTACGTCAATTGCAATGAGAGATTTTCATGTTTCGTACGTTGTACGTAGTGCTAATAGATGGCACTCCTTGGCGGGGACACTGAACTACTCATTGTACGAGGGCGTTATGCAGTACCTGGCGCGTAGAAGCGCACTAGTGAATATGCAAACAAGAGGTATATTCCGCTGCCGTTCCGTAAATAACTACGTCACACCATGTTTATCATTCACAATACTGACGTAGTCTGATCTAGACGGGCCACAAGGTTAAAACTTAACTAGCTGCAGTGTCTCTGAATAAGCAACGTGGGCGGAGGCAAAACCGCAGCCGATTGTGTGACTTGGGGGACACTGCGCTCTCATATGGCCTATGCAAGCCCGTGACCCGAATTAAGCGTTCGCAGAGTACCGTACCGATCGTCCCCCTGACCCTGGATCGGGTAATGGAGCCAAGGAGCCCTATTACAGCTGCAGATAGTCACGGTTTTACAAGTTGCGGTTATAGTATACGCACATGTCCTCTCGAGAGGCGTGCCTTTGAGATAAAGAGGGTTCGTCTTGCATGTGATACTCGCTGACGAAATGTATCTTTCAAGCCCGTGTCGACTATCCATTCGGTTGCGAACCCACTGTACACTCATCTCTAGCAGCGTGTTTGGACTCATGGCAGAAGACCTCTTTATGACTTAAGTTCAGTATAAAGCACGACCCTCCATTCGCATCGGTACAGGCATTGAGCCTTGGATGAAAACTTTGAGCAGCATAGAGTTGGTATTATCAATGGATGATATCTAAGATCGAAGGTCGAGGTTAAGGCGAGCTTACAGGTTTCTCACCTTGTTAGAACGGTGGCGAACGGGCAGTACGTATGCCAGCCTCCGCATCCGTTAAACAGAGGTCAATCTGCTTAGAAGGATACCGAGAGTGTTTTGTTCGTGGCATCAATTAAGGAGCTTCTCCTGAGCAGGCATAAAGCAACCTGGGCCGCGAATGTATATCGGCCCGGCGCAATACGGGTTGTTATTCGAGAAACGAAACACTATTACAGAGGAAAATGGCCAAAACTACATCTCCTAGACAGAGCAAAAGGACCCAGTGGTCGCGGAACCTGTTTGGAATCTATCCGAGCATGACCCACTTTTGACTCCAGGGGATATAGCACGATCCGTGCCCTTAAACGGAGGGGGCATCACTGAGCTAGCACCTTTACTACCGATTCTTGTAGACTAGGGATAGGTTCTTCCGAATTTTCCTCTATTAACAAATTACCTTGCTTGTAGTCTACGGCATCAATTAGTGGGCGGCAGCCAAGCATTATTACCGTGGGTATATAAGTTTATGAAGGTTAAACCAGCCTGAAACGAAGCATCCTCCCTTTAAGATTTCCCGTCTGGGCAGCTAGGGACGAGGAGTCGCAGAGTTAGTGCTGTGCGATATCGTCACTCGACGGAGGCGGCGGAGTAAAACTAAATGTCAGAAGGTGGATTCGCCAGCTACTTGAGAGGTTTTCTAGCGGCTGCCCCATCTTCTTCCTAGTTTGCACCCCAAATTGCACGACACCCCAGCTAAGCCAGTCGTTTACCAAACGGGGAACGCTCCTACAGGGAGTCTGGCGTTATATGGATACCTCAATCCCTCCGTGACCGTTCCTTTCTTAGGAAGCATCGTTGGAACATGACTGGCTTGTACCGGTTCGATACTGGCACGCTACGCGCCGT,1877,49.28,Drosophila melanogaster
SEQ_213485,TCCACTTGTCCCGTTTGTGCTTAGTGTTCTAAAGCCTGTATCAGAGATCGCCAATGTCAATCTCCAATCACGAATGCGTCACATTCGAGGTCGGCGGTGTACCATTTGTTTGGGTTGGTCTGGCGACGATCGATGACGCTGCCGCCGGTACAATTTGGCTACATAAAGATTTCTGGGTGCAACTGCATGGTAATACCCGGGAGTGTGTAGTGAGAGGCTGCCGCAAAAATAAGTTCCGAATTTCAGCAAAGGTCGAAAACCGCATCGCAAAGCGTATCGCATGTATAGAGGCGAGTCCCAACCTACCGGGAGCACAGTGTGGCACCTTACTGCTTAGGTGTTATAACCTGTTACGCTACGCTACCATGTCGTACCAGGAGACGCGTACGAGCGTATTCGCGGGGAACCCTGGGAGTCAGGTTTGACGGTGTTACGTTAGCCACGCAATCGTATCCCTAGATGTACGAGCTAATTATTACTACTCGCGCCATCTAAAGACCACTGGAGTTGGCGGGGATAATCCCGGCTCAGTTCACGAGGTCGAATCGTGTATGGGAAGCGGAGGAACCCTCGCACTATGCTGCCCTCGTGCGTTAGCTGTAAGGAACTCTTGGCATCCCTTAACGTTCCTCCTGAAGATATACGCACGCGCTAACAGCCGTCCGTCATCTGTGGTCGTCCAGTATCCACTGGATTAAGAATAGGTCTTAAAGACGACATTGCGTTTGCGCTGATAGATCCTCAGGAACCGCTTGTCAGGCCTTCGCCATCTTCAGGAG,779,51.6,Mus musculus
SEQ_411682,GCTGGCTCTATCTTGTATTAACTTACCTGGACCAGTGCTGTACGCTACATTTGACAGCCGGCAACGTGGGCTGACCTGCGCGTGCCTATCTGAGTAAACAGCTGTTATTCATCACAAAGGAGCAAAAGGATGGCTTCCGATTTTCCCGCAAGCTAGGCAACCACATGATTCTTCGCCTCGCACTTGTCACAATCGGGATGGAATGAAGCCA,211,50.24,Drosophila melanogaster
SEQ_249456,TTTAACCTCCTGGTCCGCTGCCGATATACGAGCCTCAGTCCGAAACCTCGGTGTTGATCACGCGATGCCTGCGATATGTTACGAGGCACCGGACCCCGGTGACTAAAGGCCGAATAAGGCAAAAGGAGTGGGTGGCTCAGACTCATGTATAGGCACAAGGCCGCACGTCTGGTCTCAGGGCTTAAATAGCCGAAAGGATGCAAAGGGTTGAGCCAAACGTTGATCCCGTGAACGGGTATAGCGTACTGAATGCGACCCAGTACGCTCTGCGATTGGCATGACAGACATTTTAACGCCTGTATCCCTACGTGTTTGAGACCAACGGTGCAACAACACTATGGGATTCATACACGGTGGTAATCGAGGATGTAGGATTATCTAGACTAGCCCGAGCGCCCTGCGGTCTCATAAATTGTATAGGGGCTAGTCCAGGCAACACGACTAGGGTTACTGCGTGATAAGCTCTTCATGGACTCGGCGATCGGCTCCTCCATGGACACCCGGTAATATTGACTGCTCCGAGCCGACGTCAATACTGCCATGTGACACAAGTAATCAGGGTCGTCAACAGGCATACGGGGTTATTGTGGTAGGAAGACCTGAGTTTTGCTCAATTTTAGGCTACGCCTGTTAAGATAGGTATCTCAAAGATAAAACTAGGTCCACAGTGCTCGTCTTGCTCGAGTCGTACCCTTGTTACTGGCCACGTGACCGCACTGAAGCATCTTTCTTCTCTGTGTTCTGGCAACACACGATGGCTATTCTGATCCTAATTGGTTCAAGAGCCTGCCCCCGGCTCGTTTATGGTATAAGCGTGGACCGAATCGTCCATAGTTCATGATTGACGTCGCACCTAGCAATGCTGC,866,51.15,Saccharomyces cerevisiae
SEQ_390520,CTGGGTGCACTTTTTCTCGCGACAGTACACTGTTAGGCGTGGGCGCTACGACAAAGGCGCACTGCCAGCGGTATGAGGTTAGAAACAGGAACCCTTAAGGTGACTAGGCGTGCTTTGTTGAAGCTTAAAAGTGTAGTGACCTTGCACTGGTCGTTTTGGACTAAAGGATTATAGCTCGTCTACGCGTCAGGTGTCCCACTGACACGTTGTGGTAATGAAAGCCGGTGCTGAGTTCTTCGTCTTGTTAGGCAGTCACCTCGCTTACAGAGACAACATTGAAGGACCCGCTACTATCATTTCTCGCGCAAATATATACCCGGTCGGGATGAGCATCAGCAATGCCGACCCCCCCGTCTAATTAAGCTTCCCTATGGCAGAGACTTTGAGGCTTGCATCAGGTATTGCTATAAAATACGCGCATTTGATAAGTATCGTGAGGCAACGCTGAAGTTGCGATGCTAGAGAACAATCCACTACGTGTACGTTGCGAATATCCACTCGTTATACTTTTGAATTTCGGCATTCGCCGTCTGACGGAGGGTAAACATAGGCCGATAAAACAGATGATCGGCTGTAGGCTTCACAGTGGCAATGGCCGCTTCAGACCGGAAGATATTCCACGCCGTTACAGGATAGTTCGCTTTAGTGTATATATGTACTGTTTTGCGCACGCAGTGGCACTCTCGACACTAGCCCCAACCGACCGCGTAGAACTATAATGTATACAAATCAGCTTCAGAGTTCCTCGGCTAGCTCGTGTAATGTTTCTTACCCCCAGTTAATAGGGGAAAACCAAGTTTATCCAACCTAGCACGCGTAGCTAGAAGACGTTCCCTTTTGTCTCCTAGCGAGACTATGAGCAATTGTCCTGCTGTCGGGTTGTCCCACCTATCGTGCGGCCTCACACCAAAATACTCCGGCACTCGTCTACACTTACCGAACGCGGGTTACGACCCTATTTAGTTAAGGGGGGTTGTCTCGTGAACTAAAAATCGATCCCTGAAGTGAACAAGTGTCCGCAAAGCCGAATACACTACCCAAGCAGTATAGAGTCTCGTCTATCACTATCCGATACGCCTAGATCTGCCCTAAGACAGACAGGATAAATGTCCAAACGCGTTTACGACAGAGAATTCGTGAGCGCAATGCATAGCTTTAACTATAACCGGAGGTTTGCAGATTCGAAACGATGGTATATGCTCACATCCACTCTGCTAAGTGCGAAAATGCCCAAATGAGATAAAAACCGGCTCCCCTAGTCCAGGAAACTTTACCTGAAGATCATATCCTTCGCCGGAAGAGTCCGGGTTACTCCCAAAAGGAGCCCGACTTCTCCGGGCTGCTCGGTACCCGCACTATGCGTCGTCAGCGATTCGTCCCACCTGGGGTCTTGCACTTTACGGCGCTGACCAGTGTATACAAAAGGAGTCTTCTTAGGTCATTGATAAGACTGAGATGCCGCAATAATTATAAACTGCAGGAACGTCCCTGACTGAACGGCTGTCCGTAGTAATGTGCTTGTGATAACACAAACAATCGCTTGAAAGAGGTCCAGAAATCAAACCAGCCCGCAGCTGCAACACGGAATCCGTGCGAAGTCTCACCATTTCAGTCTCGCGTGGCCGAAGTCAT,1632,48.96,Arabidopsis thaliana
SEQ_741336,AGCATCCTTTACGGAACTTCCAACACGGGGTATAAATTATAGGCTGGTCTTCCCTGCGGACGAGTCGCTTAGACTGTATTAATTCTGGTTGGACTCTTCTGCGTATGGCGTTACTGTCTAGGTATACGAGTTTTCCGTGACCGGTACGTGTACTTCGACACAGATGACAGCACGAGGACACTTGCTAGTCATGCAATGTAAGGATCTGAACGCTACCGCGGCTGTCGTTAGGCCGCGCTAACGCCAATAAGACACATCATTTTC,264,48.86,Homo sapiens
SEQ_522768,ATTCAAAGGACCTTTTAGATACTCAAAAGGCGACCTCTTGGTCTCTAACAGGAGTTTGATATGGTATGGCCTACAAACACCCGAGCCTTCAGCAATACTACGGATGCCGCTGGTCCATCAATCGGTATTGTCGTTCTGGGGCCATATTAATAGACGTTGTCGGCACTATTCAAGTGAATTAAATTTGGATCCGGCCGTCCAAGAACTACCTAGATTGATCTAATTTGCTGATGACCAACAAGTTGTTTGCAACGTGCAAATCTTAAACCACGGGCGCAGACCGACTAACACAGATTGCTGTAGTATGGGGAAGAGTTATCACCCGAAGTAGAGTTCAACGGCAAACTCAGCGTGCATTTTCTCGTCCGCGTTTTTTGGTCTAGTACAGCCCGCCCTATTACCTAAATTAGTACTATGGCAGGCTCATAAGCCCCTCCGCGTCCCGGCGCGAACGAAAGGAGGTGCGGCTTATCTCTTCTCTTGGGGGGGTGTCACAACAACACAGACCATAGACTTAAACTTTGCCAGAACGTTGACCGATACAACCTTCGCTTATACCTAAGAAGCAAATTTATATCTGCTCATATTGTTGGGCAGGTAATCGCCCAGAGGCTTACTTAATAGTTTTACGGGGGAGTTTCTCGGCCTGAGATTCCATACGTCAAAAGTCTGACCAAAGTCCTTTATACCCTCACCCACCACTGGTGCGGACTAGGCGATTTAGGTGAACGTTCCATACAAACTGTTCAACGATGGCTTCCGGTGGCAACCAAGAATCTGGTGACACGGTCTGGAGTCCTCCACGTTAAATAATTAAAGTCGCCGAGAACAAACCAATTCGCATTTGAGCTCGTCGATTATCGTCTCAGTCTCTACAACCTGACTCCTGGAGGCTTACTGTATAAAGCAGGGCTGTGTCGGCGCCGCTTAAGCCGAGATCGTTGTCTCATAGTCCGGATCGAGGTTTCGGTAAATCACGGCGAGGCACTGAAGCGAAGTCCGCCACCTATCGGAATCGAG,1020,48.14,Arabidopsis thaliana
SEQ_356437,CACCCTCCAATGGGGCGCCCCAACAACAGGTTTTGCATCTGGGGGCACATGCCA,54,61.11,Saccharomyces cerevisiae
SEQ_657014,GGTATATCTCGCTGTGTATTGGGTGCATATCGGTCAATTAGGGCATATAAGAGTGATGGACGTACGTCAAAACCCGTGACTGCCCTTAACTAATAACTTGACTGAGTACAATTTAGCGTAGGGTGGCAGGCTTACCACACCGTTTTTATCCGTTCTACAACTTCTCTGTCCTTGAGTTTCGGAAACTTGAAACAATCAGTCTCTCGCATTCGTAAAGATGAGAAACCATATAATCCCTGACCCGAGCTGAGAGTAACCCCACAGACGTTGGAGAAACCTAATTTGCACGTTTGCTTGGCAATAACGAAACTAGTCCGCCACTACACGGTCGGATAACACTCAAAGAGTCTCGCGGATGGAACAACCTAGTGTTGGCTATTGTCTTTACATACAATCGCAGTTAGTGCGTCAATCCGGCTGAATCAATACCCAACCCGGCGGACCAGAATCAAACTATCTAGTGGTTTACAGTAAGCATCGTAAGTTGGCGACCCAATAATGGCTGTGTCCCTTTGGAGGTATTCAAGACGCGCCCGTCAGATACTCCTCGGACCGTAATATTCCCTCAGAAGGCCGCCTATGCCTTTAATATTGAATAACGTGTGTCACACCATTGTGGACGCGTATCAGCGCTCCAAACGTCTCCAGCAGTTGTGGCGCGTTCATGCCGGAGGATTAATGCTGACATCATCTAGGACATTATAGGTTGCCCAACAACTGCTCCTGCTTAAATCGAGTGAACGCATATACACTTGCGAGCAGCAATCCTATAATGGGTCACGTTTAGGAGTAGGTGTGTCTGCTTCGTGTATGTCAACGG,820,46.95,Mus musculus
SEQ_382195,CTCACAAGACCTGCCTGACACCCTTTGGTAGTGAGTCTCTTATGTTCGCGTTTAAGGCTACAGAGCACCTTCCTCACGGAAGACCTCTACGAACTTTTTGGTAATGACAAGTAAGTGACTAGACACTGGCATTGAATGCTGTGGAGAGGAGAGGGCCCGAACATCAGTTGCCCTCGTCCAGCTTCCCTACGGGTTGTCTCACTCAGGTTCATTGTGTGATTAATCAGTTCATCCCTGACCTATCAGATTCCTCTTCTAGAGACTCCTAGTATCTTGTGATGGGGGCCAGAGAGGATACCAACGCTCACTCGAGCGTGGCGGAATTGTTGAGCAGCGGTGAAGTTGGCGTCAGTGCCGAAATGTACATTCACAGAGCCTCGTCTACTACACTCCTCGACTAGGTGATTTGACTCGGCATGCTGAGTGACGGTGCAAGGCACCGGACCTAGCGTATCTCCTGGTTTCATATAGCCGGTATAGCGGATAAACGCAGATCTCAACTCTGACATCCATAAGTCGTCGTCCGCCAGGCGCTCGGGGATGTATCTAGAGTCTCACCGCCTCGGCCTTATTTTCCGAGTACCTCTACGGCTCACAATGCCAGATTTTAAGTCCGATTAGCCTGTTGTTCATGTCAGCGGTTTGGCCACGAGCGGTGCATTAACCGTTCGGCTCCGCAGAAAGTCCAGTCGCTCGGCAACCTATAGAAGCACGATGGATCTTTAGTTATCGGAAAAAAACATACCAATAGACTTTGCTGCGGGGGTGTTAGTACTACGGCTAAGAATTATCTCGCATTATGATCTGACCCTTGACGGCTAACAAGTAACACGCCAGGAATGATATAGTACGAACTATTCCTAAACGCGTGGTTAAGCTGAGTTTTCAGTCCTAATCGAGATTACGCGGAAATGAACAGCGGATTGCTGGCAAGAGGGAGAGTTGGAGACGAGTCTCGTGGCTCACCAGCAAGGCGAACCAGAAGCAAGGGAAACGATGTCGTGCTCTAGTCCTTTATGAGGTCTAAGAGAGGGACCAGTTAGCCAATACGAGCGACGATGTGACAACTTCTACATATACCTAGGACGCCTTTCGAGTGATACTAATCTCTCCATGAGGCGTCCTAGCGCTCACACACGCCTAGTCCTCATGAGACGGATGATCGCTGCCCTCTCCAGCGATAG,1184,50.34,Caenorhabditis elegans
SEQ_273982,ACCGTCTAAAATATCTGGACTGCGACGGTATTAAATCACGTGGGAGTAACCTTGAGATAACTCAGGGAGGAAGGTGGCGAACTGATAGCGTATGATTCGCCTTACCTAATAAGACCCCGTACTAGCTTCATCTTGGGGTGGAGCCCTGCTTAGGGGTCAGTTCCAAATAGTAGGATCGCCCATAAACCTCATTGTAGGGGTTCCACCCATGTAAATGAAGGACTCCATTGGTACAAAGACCTCGACGTGCCCTGCAGTTCTGTAGGCTGGTACGAACATAAGGGTGCTTGCGATCGAGAACGAAAGGCGCACGGATTATCGACCAGCATCCCTAGGGCCAGTCGAGAACCGACACACTCAAGGCGATGGCCATGCGGCTCTAGGGCAGCGGTAGGAGGACGAGATCATGACGAATAGTCCACCACATAAAGGGACAGCATTACAAAGGGCGATCGTCCAGCAGTGAGTCAAAGGGCGAGTTCGAATGCACGACGTCGGCATGCGCTTTGTTTATCCCCTGGTCCCCGGTCTCATCGCTATAGTGACTCGTGAAAAGCCTAGCAGTCCCCAGCGGGCCGTGGAGAAACTGACCCCATTGTTTGGGTCGGCTGGTTTAAACCCGCCGTTAAGTGTACGTAACGGCACATCGTAACCACCCACGCCATTTCTCAGCTACAGCCTCACTTGGCTTATCTATGTTCAGGGTTTTTTATATAATTGTTTGTAAACGATGCGCGTCATGTCGATCGCCTCACTAATTGGTCAACTCGACGTACGTAGTTTCTGCCTAGCGGTTTCGGGCAGTAAGCTTGTGCGGGGATAGCGTGACTTTTGGCTTTCGTGTTCGAGGAATTGGCCCTGGTAGCCCAGAGGGGTATCATAGCGTCTTTGCCCCCCTGAATGAAGGATGCCTACGCCGCCCTAACTGACATACAAGCGTGGGGTTCGCCGACGGTCTTTGCGCCGGTCGACAGCATGACGTGTGTCGTGGAAATGGTGCTTTGTTGGCAAGCCAATCATCGGGTGCTCCAGAAGTACTGGACGAGGCAAATAGATGACATTTTACGGCGAAATGACATGCGTCATAAAAGACTGATCTGCAATACTACCAAAACGCAGAGTTATGCCCAGATCTTGGGCGGCTTTGTGAGCCAGCTCTCACCTCTGGAGCAGTTAGTTCCTGTTGCCTGCAGACGGCTCGGCGCAGTTTCTGTATGACACGTCCTCTGGGTGTGATTCGAAAACATG,1248,52.16,Homo sapiens
SEQ_833457,TGTGGCCCCCCCTGACTCCGCTGTTGGTGACTTGATCTTGTTTGGCGCCCAGGCTCCCAACGGATGTAGGTTAGTATTTACCAGTTGAAGATATGTCCATCCAAAGCTGGACATTGACTTGGCGGTCGAGAGCTTGGTTTACGCAGTTCTCCTACGTTTGCCATGATGAACACAAAACCGCCCCTTGACCTTTCCGGCTGCGCGAAGCGGGCTGTGGTACACTGAAAGCTATACCCTGAAGTGGTCACATTATCTGATCTTCCATTACCTGCTCGGGCTTTGCCCATATATCGTACACCTGTAAATAAGAACGCTTTACAGCACGGCGGACTGTGTCGGCAATTCCAAGCTGGTGATGCATTCCGTCAGCCGAAACGTTAGGGCAGCAATACCCTCATATCTCTCAGAAGTTTGTCGTCGAGTGTATGATCACGTAGCATCTGTTACTTAATAATGCTCCGCTCCACCTGGTTAGATCAACGGACACCTACGAAGGCCTAGCCAGACGGCTTGGGGGGTTCCTGGTATCTCGATTCAACGGCAGATTATCAGCCGTTTATGTCTTAACTCTGTACCTGGACGTTGTCGGTAAGGCATCAGTTCCATAACGATCTGATGATTCTAACTCTCCAACCGTTTAAGAGTTCTCCAGTGCGGAATTACAATCGAAGTGGATTGAAATATGGATCACGGGACTGTTTGCAGGCGATCTCGTCCAATCTTCAAGCGGGGTGATTCATTCTCTATACGTCAAAATACTTGCTACTAACTTGTTCTGCACTTACATATTATCCTGATCCACCCGATGCTAACCCTCGGTCCCTCGGTCACACATGGAATGCTTTCCAGGTTAAAGTAACCTCGCCGGGCATAGGTGTTCCCAAACTAACCTCTTCCCACTGTGGTTCAGCTATCTTAGGATGGTTGACCAATGTCTCTCATCGTTGGCGGTGAAGTCCCCAGCAAGACAGGTAGAGTTGTCTGGAAGTGGTCACCACATGTCTTGGAATGTAAGGGATATGCTGGCCAATACACAATGCTGAGGCAGCACCAGACGCTTGAGGCTTCAGGAAGAACTAGCCCACAACGCAATCCTGGGTAGTCGTGGCTCACTTAGCGAGTCGAAACTAAAGTCTTTGCGCCACTCAATCCGACATGGTAACGGGATTGAAGGCAGGGCGGGAGATGACATTGTAGGTATGAATGTAGCAACAAATAGATTGATACAAGTCATTAGATTCGTCTGCCACTGTTTCTACTTCAAGCCCAAGACATGTGCGATGGGAGGCGCCCAAGGCGTATGGGCCGTCCCAGTGCTTTTCCGGCGTCAATGATCATCCAAGATGACGTGATTTCGCTATAGTCGGACGTTTCTGTGAAATGTCCGTCCCGGAAAACAGCGAGATGCATCACTGACACTTTAATGTGGCCATCGATCCTTGGTGTCTACCAGGCAGAGAAGTGCCGAGTTAGGCACCGTGGCCATATCCACTGGGCAGACGCAGATGATTTCGTAAGAGCGCTATGGCTAGTAAAGACTCCTTAGATCGTCCTGACTGGACATCCCTTATCAAGTAGCCAACATGGCCGGGTTAGCGGGGGGCTGCCCACAAGGCGGAGCAGGCCGGTCCGGGCCGTATCGAAAAATATGAACGTTAAGTAGCGGGGATATTGCGTCTTGGTTTAGCGTTGCAAATAATAGCGGTTTATGTTTACGTTACACACATTCATGAACGCTACGGCCAGACCAGTTGACTCGGTGCCCAAACAGTGACGCACGGGAAGTCACGTTGTGAGGACAAGCAAGCTACGGCCGGGTCTCCCACCGAATAACGCTTACCCACCCCCGCCATTGTGTCCAATACGTCAGCACATCAGTGCACGGCCATCCATCTTCCTTATACGTAAGAGACGCCCTTAACTGTCGACTTCAGGCCGTAGTTATCCC,1948,50.41,Drosophila melanogaster
SEQ_842276,AGCGCAGGGGGCCTTCAACCTTCAACTTGATAGTCGGTCCCTTGAGATAAAGTCTCATCGGCCGGGACGCAACTGTCATCAGTTCATTGCTCTCCTGCACTGAGACTTCCAACGTGGAATGTAGCGGCTAAAACGGCCAAGCATGGAATTGACAATGATCCTAATGACGCAACGGCAACTCTAAGCAAAGCTTACGTTAGGAATAGTCCAGGTTCCTAGAGGCCTTGCGGCAAGTGAGGTGCCCAACTAGGGTGATAATAAATCAGTAGCCGAGACTTCACGCAGTCGTCAACACTAACTTGATAACTTCCGAGCTCGTGGCGGACCCATGGTAAAAAGATTTTATAACCTATACTGCGTGTATCTAAGGCACTTGTGAGTACTACATGATTGTAGCCGGTCTGGAGCTGGCCGGTCAGGTCTCAGGCATTAGATAGTTCTATCCTCGCGCCCCGAGAAGACACAACTCAAAGTACGCTGCATTATTTACGAGTTTGAAATTCGAAGCCCGCTCTCTGGACTAAAACTCGCGACTTAGATACGATTTTTGAGTCACTTCCTAGGGGACTGGTAAATATGAAAGCTCGGTCCTTAACAAGATACGAATGTTGCGCAAAGTCAGCTGGGGCAACCACGCACGAACATTTAGTGTTCACTCCAGCATGTCATGAGTGATGCACATCGGTCTGGATACCGTGCAGCCTAGTGTTGGCTAGGTTAAAGGCGCAAGCTAAGTTCCAGACTGAGGAGAAACTATGCTTGATAAACTAAACTTAACGAAACGAATGGCTTAAAGACTTATTCTTATGTGCTGCACTCCAAGCATCGTTCGAGTAAAGACAGATAAGACCATTGTGCCTGCCGTGGGCCTGGGTAGGGTAAGGCGGATATTCGAGGGCTCGAATTGTCACCATGCGCCGCGGCCGCATCGGGTACGTCATGAACGGTCTGTTTGATTAAGACATAGGGTCGTAAACTGAGCGAGATCACACTCTATAAGTATAAACTAATCCGTCTAGGCAGATTTGCGTGGGGGACTGGCAAAGGGGAAGAGTCCTTAGAATAAAAAGCAGAGCCTTAAAGCGAGCGGAATTGTGCTAGAGATCGAATATAGACTAAGTACGAAAAAAGGGCTGTGGTAAGAGATCCATCCACGTTTTGTTCTCAGCTGTCGGTCCGTACTGGAATACGGCTAGGAAATCGCACTAGTATATCTGAATCGAAGACTGGGTGTATTACGTGTGCTCGATTCTGCTCGTTGCGGGGGTGTACACTACGTTTAGCTCACGGCGCGAAATAGCCTAGTTCGCAGGTTATCCCTACTTAGATTGGATTGGGTAATGTGAGTGAGGATACCAGTAGAACGTAGAGTCGTGCCCTAAAGAAATCATGAGAATTTTGATACTAAAGATTATCCAGGCATCCCTAGCTACGAGAGACCAATGGATTGGGTTGCAGATTAATGCCAGCACAACTACAGTAAGACCCTCGCCGGTTTAGGGCACATGCTCCGTTCAGGGGTTTGGCCAACTCATCATATGACGTTTCGCCGTAAACACCGATCATACCCATTGGCTGATCACAATGCGGCGCGAGTGCAACGACAGTTGAAAGATCCAGGGTACCACGTTGGCGCATGTCTGCGATAGCCCCAGGGAAGAGACGCTGGTGCGGTCGATTTTTGACTTACCAACACGTTATAGTTCGGCCATAAGGCTACACACGAGGCCACCCGTACCGGTGTAGCACGAGCTTATATAGGCCTAGACATAGGCGTGCAGGCATCTCACAATTGGATGGTCGCCGGGTGGCGACCACGTTAACGGCGTCAAGTGTTCGGTGGTGTATGGGGCTAGATCAGCGGCGAAGTAACAGGCTGTTGCCCTCATTCGGAGGGCCCGGCTGGATCACGGGCGCGATAGCATTCGCAGGCGGATTGGGAACTAGGTTGGCACC,1956,49.64,Homo sapiens
SEQ_871408,CAATGGCGCCCATCCAGAGCGTAGACCTGAGTTTTTAATCAACTTGGCGAGTGGCCCAGCAATCGGGGGGCCTATTTGAACGCCAGACCTGCCCTCCTTGGCTGATCCACATTTATTCGTGATATATAGGTCGGAATCTCGAAAGCGAGCGAATACGAACGCCGAATCCCACCTAACAATCAACTGCCTACGATTTCTAGGCGTTCTTATCGGTGCAAACCAACGACCCAACCCGGCTTCAAAACGTTATCCACAAAATTACTCGCAGTGAAATGCCTAAGAACCAGTGACCTTCCATGCTAAAGTCAGACGTTCATTGGGGAGTAGGCGATTGCTGCTGAATCGAGTATAATAAGTGATCCGGGGTATGGACGCATCCGTGAAGCAAAGATGAACCCACGTAATTAATGGTTCCTACGTCGAATAACGGCGAAATTTCTATACCGCGGAACAGTGGAACATGTTGGCCACCCGTGAAGTGGGATAACTCGCACGGGCAACCTGATGCTATGAGGCGTTATACAAGAGCTCTGGCGAATCGGCCGCAATTTATGTTTAGCCGACTGAGATTACCGTGCACGAGAAACATAATACGCGGATGGCCGAATCTGACGATTCGCGCCGACCCATACACCCTTCAGCAATGACGATCGTTACC,658,49.85,Mus musculus
SEQ_256050,CGAAAACTCCACCGCAAACGAACAGAATATCAATTTTAGTGCTGTCCAGGTATTAGCGTCAGCGCCTTCTAGGACTCTAGCTCTGCGGGATCGTATGAGCTTGCTGTCGCCGGCTCTATACGTTTCCGTCTGCTGGGCTTATTTATACCCCTGGACGCCACACTGCGCGAAGTCCGGCTTACTCGTAAGATGCTCGCAAGCATATAACTAGCAGACCACGTATTGCCACTGCTAGCAGAGTGGACTGAGGTGTTGCTCTCCCTTATGTGGAGGTATTCTATATAACGGGATGCCCCAGGAGTAACTGTACTTTGGTCTTGTGCACGGAGGTACAGGCCAAATAGGGTAACGTGGCAGGTGAGCGCATCGAGTCGGTCATTCTTTGCGTGTACCAATGCATAGTTCGTCCCCGCGTACGTCGTACCTTAAGATCCTGTTCAATCTGTCGTAATGCTAGATTGAAGTACGGCACGAGGAGAGATAGATATGTGGTCTGATAGACAATATAGCCCTGAGCTTTTATAGCTTATTCTTAGCGTGTCGAATTTCATTGGGTAAAACACAGCTGACAGCACAGGCGTCGTGAATCGTAGAATTCGTGCTGAGCATAACCCCAATCCTTCAATTGATCCTCTCTCTTCAAATGGAGGACACATAAAGCCTGCCTGGCTCCAGAGCCAAGCCCTTGTTGCGATCCGAACGAGCCGGAATAGTACCGTAAGGCGCCAGCAGGTCCTAAAGTCTGCAAAGTCCCCTCAGAGTATGATATTCCCCAAATTGGTATGCCATAGGCAATACCTATAGATTTGGAGGGAACCTACACATCTTATACTTTACATGCCCCTGGCAATCGAGCAACAATTGATAAGCGGGTTCGCTTCACTATTACTCTAAAGTCCCTACTTTCTTCCTATCCGTACCGTCGGACCCGGGCCGCTCGCTCCGTGACGTAACCCCGTTCCTTGACAGGTTATGGAGTTAGTACTAATGAACCGGGAATTCTATAGAAATACATGAGGCGTGCATACTGCATTATTACCAGCACCCAGGATGTAAGGCATAGCGGTTAGCGCCAGCGTGCTCCTATTTGATCTATATACACATTCGAGAATCTTACACCCTAGTGAAGCTCGGATAAAACATCTAACCCGCTAGGGATAGTTGCTTCCCAGCGGATTAATCCGCTTAGCGATAAGCAAATCAGCTGAAAAAGAGTAAGCG,1221,48.4,Arabidopsis thaliana
SEQ_992308,GCCCCCAAAGGCCGACACACTTCGCGCGGGTGGCGGTCAAAGCAAAAGTTGCGGCCGAAACGGTCACCACGTACTCAGCAGACCGAGGGCTTGTAGGCTGCGTAGCGTGGCTCTCTATTCCAAAGCATAA,130,59.23,Escherichia coli
SEQ_886339,GTACTACAACGCTCGTGTCGTCACAACGACCGAAGAGGCGAGTCTCGTCTATCCTTCGTTCAGACTTGCGCTTAATGGACAGTTAGCGAATTCTCAAGGAAGTGCATAATGCTCTCGTGGTGATTGACGGGTTATTGGCCTGCTGGCGCGAATCCAACATATAAGGCCCAGAGTGGCGCCATCTTAGTTTTTCTGCTTGTCACCTCATGATCGCCACCATACGGACGCCAGATTAGGTCAAACGTCTGGATCGCCATGACCCCACCACCAATCAGGCGTTGCCCATCAGCGCTCCGCGTATCTTGGTAGCAGTAGCGCTGTCCCTATGCCCTGAGCACAGGTCGCCACCCCGTTCCTAGGAGGCCAACCACCCAATCAGCACGAATGTATATTTGGTAGCGGTACTCACGGGCTTCGGCCGTTATGCATGAACTACGTCTTAAAATTTACGCTGATAGCCCAAATCGCG,469,53.09,Homo sapiens
SEQ_151660,AAGTTAGCTACGATAGCTGCATCGCCCAGAGCCTAGAGTCGTGTTGCCTCAAAACTAATCTGAAGAGCTAAGGTTTCGGCTTTCCTCCTCTGGGTGGGTTTCGGGTTTTCTATCTTACCATGAAAATTGGGGACAGCTTTCGCGAAACTTGGGTTGGTACGTACCGGCTGGTAAGGTCAAGCTCTACTTTCCGGAGCAAATTGAAACGAGATGCCAGTCCACGAAAATTTCGTGGAACGACTGAGGACGCCGGGCGCTGTTGTCCAGACGCCCCCCTTAGTCCATTAACTCTCATATGACCCGCTGACGACTGGCGCGCAGTGGCCATGACCTGAGGACTAACAGCAGATATGAAGTTGGGGCTATACTTTCTCCAGTGACTTATTGCCTTCGTTTATAGGGTCGCCTGCGTTCATGGCTACTTTGGACCAATAGTAGGTAGACTCGCCTTGACTGCCTGCGGATCAGACTAAAGGCGGGCAGTGTGGGATACGAGAATACCGCCAGCAATGGTTTGCTCAACAAAGGTGCCCCTTGAGGCAAAGTGATAGAACCTCGTTTTGGTGGCACGACGCCTCAGGCAGCCGCGCGCCAATCAATGGCACTCGAGTTGCCAATGATCTTATTGCCTCGCTTGGATTATTTTCGTTTCCAGACATTCCTGCACGGACGGAGGTTAGATGCGCACTAAACTCTAAGAGTTAGTAGAGCAACTGATGAGACGACCCTAGATAAATGTGCAGTTGACCACCGATGACAGCCATGAATGTATAAGCACAAGAAAATACACTGGGTGCATAAAGGGCACTGTCCGCGATAAACTCGGCGCTCCTTAAGAATCCTATCGACAAAATTTAGTCGCTAGCAAGAGGGGGTGTTGCTCGTTCGTAAAAGAGAATTCCACCCGCATAGGTAAGACTACGATAACTATGGTTGTCTCCTTATCTGTTTCCGGGTAATTGCGGGCCCAGCCATGTGTGTATGGCGTACTTCGGTATATGCCACCCTAGGTGAGCTTGGAGTGGCCGGAGTTGCCACCTCGCGAATATATGAAGAGAGCCGGGCTGAGGTAAAATCGATGTGTGGCTTGTGCCGCCCTTACGCTTAAAGAAAAAGACGAGCTTATGTATTTTAACCCCATAACAGTTCCACAGTTGATCGTAAACACTTCCGGGCCCCGAGGCGGAGACCTTATCTTCCCAGATAGATTACGACAAGTCTCCCTACGTAAAGGTCTAGGTGGACTCTCTAAGGCTGGTATTCATGTGCCCGTACCTCCTAGTACAGATTTCTGAGCTCACTTGTCGCGAAAAAACTCAGGTCTAGGGTTTGTCTGACGCTGTTCGGGAATACCGGGACGCCAGGGAGTGCCCAGAGGAGGCGATGCCTAGGTTGGCGGGCAACGTAAGGTCGATTTACATGATAACATCGGGCGGAAGGATGAAGTTGGGCTCAGGTGAACCGCGACTGTACAGAGCTTGACTGAGTAATTTACCATAAGTCCTTGCTGTGATCCGCGCTTCCCTCGTACAGCTCTCGCCGGTAGCAATAATACCCAACGTGTAGTGTCTTATATTGTCCTTGCATGCGTCCTCAAGCCAGTAG,1605,50.53,Mus musculus
SEQ_586805,ACACGGATTCACCGTACGCGTCGATGGCCGTATCGTGCTTCCCCACATTGAGGCGTTTAGTGTTCTGTGAGGTCGTTACCAGTTATATAATAACGTTCCCGCGCGATGCAGCTTTGTCATGTAACTATGACTCGTCTTATTTCAAAAGTCCAGCTTTCCTTGAATGTGCCGCTAGCTGCACATGGGAGCATCTTCTACATTCACTAAACACCATACCTGGCCGTACTCCATTGAGTTGGGCCTTGTTTGAGCCGGAGGCTTGCTCTCCCTGTGCGAGTAGCTCGACATCCCACGAGTGTCGGACTTGATTATAATTGCGATTACCCTATTACGGAGCCCTAGTGGTTGTCGTTACAGGGTTGAAAGACCATGCTGACTCATACCCCATCAATTTGGACAGAAGCCAGTTTAGCTAATTTAAAGGAAAAATCTTGGGCAGTGGACTGCTCTTAATGCCCTATCTAGGTCACGTCTGTCATCCCGGGCAGTGTCTCATTTGCGCCGAGAGTAGTGTTCATATGACTTATCAGTCTGAGTAGACGAACCAACGTCTTGAGGTCCTCATATATGCTCAGCTGAAGTGTTCCCTTGATCAGCTTCAAGTAACTTGGAAATAAGGTCCAAACTAAATTGCTCGACAAAGTATCCATGGGAACGGTGCCTGGACTCACGCTTGTCATGGTCCGCGACCTCTCCGGCGCGAAATATCTAACGGTGCGCTTTGGGACGCAGGTCCCTTGGGCGTTTTAAATAGGCCACGACCACTCAAAATCGGATTGCGCCCAGTAGTTCTCTAGCAGTTTAAGATCTTCAATAGTGATGCACTACCGTTGAATTTTCCCAAGCGCGCACTTGCGGTAAGTGACTGGACGGTTCACGAGTACGCCTGCGGCTTTAAAAATAGCGGGAGCGCACGTCGAGGCAGAATCGTGCGAGGCTTTGGCGATTCACCCTCACCTCCCGATTTGATTCACTATCTGTCTATATGCCTTAGTGTTCGATGGTCGGGGAACCTATGACACCCCGGCATAAATGTGTGATCTCCCTTACTAGTTTCTTTTAAAGCAACCATCGCTGTTGCGTGCTTGATTACCGGCTCCGAGACCGCTCGTAAGTCCAACGCACCGAACTGTCATGCGAAAATGTTCGGGCTCCGTGCACGGAAAGGTTGGAGTGCAATCAATAAGAGCGAATGCGCGCCCCGCATTAGTGAATCACGCTCAAAATTGTACGAAGGGCTACTTCGTCCTGCTCGGTACGCTCAGAAATCGGCAGATTACATTTTTTCTTTCCCTCTACGAATGCTTGTATTTCTGTCAATCCAATGACGTCCACCATAGCCGTATACTCACCCCAAGGCCTCGTTGTCTTAACTTACTCAGTAGGCGCAGGATATGGCGTTCACTGGTGTAATCGGGCATCTGCCTGGGCTCTTGGAGCTGGCGTTATGTAACCGGGGAGTGAGAGATCCCATTAGGTACTGGGGCAGCGCACGGGAGCGGGCCTAGCGCTCCTGGCTGCCGACCTTGTAACGAACCTGGTGCCTCAGACAGATTCGAGTCGCGCGATTCGATAGTTCGACTGAAAGTGTAATAATTAGAATTGGTGGATGAGGCCGAGCAGCGTGACCGGCCTTGTGAGTTCCGCAT,1649,50.45,Caenorhabditis elegans
SEQ_833799,CTAGGGGCAGTGTTCGGGCAATATGGGGGCTCTGCACTTTATTGGTGACCTACCGTGGGCCGGACTCTGTCCGCGCTAGTGCATCGAGGTCTGCCTTCATTGGGTCCGACCATCTGCTCGGTCTAGTTGAGCAATGATGACTGAGACTCCAAATCATTGTGTAGAGAACCTGGAGATTTATATGATGGTGGTATGTCTATGCCGGTACGAGATCAGCCGGCAGGGCTGTGGATATGAAGCTCGAGCTAAGCCTGGTTGACCTGTCGGGAAGGTGGAACCAAGGGGCATACTTCTCCATAAAATATATGCACAGCGAATAATCGCAAACCTCCTACGCGACCCCTTCCTAGACCGTTTAGGAGCGGCTGACTGAAGTATCTACGTTTCCGTCTAGCAAACTTAACTACAAACCACACTCGCCTATCGGGCTTGAAAAAAACGGCTGCCAATCTTCCATTATTAAAACCTAATCGCATATTTTGATGCGGTGGTCCTTTTACTAATCTCGGATGTCTGTCCGTCGAAGAGCTATGCGAGGTTTAGCTATTTTCGTCGCGGCGCACTAATCCTTCCTGGCATAGCTGGTATTCAAGCTTCATTCAAACAGGGGGTCGTACCCCTACAC,625,49.92,Homo sapiens
SEQ_186824,TTTGGGACCGGGAGAAGGTACCAGCACTTCAACTTCTTCCCCTGAACAACGTAAGGCTGCTGACAGGACTATCTTGGAAACTATCAATCGTTGAGATTCCCACCGCAGTTGAAAAACGAATGTATTGTAGTTGAAAAATGTAAATATGACTTGGGGTTTCAAAAGGTTACATAAGTTAATTAAGATACGGGAGATAGTTCCCATATCTATGCCACTCCGAAGAAGGGACGCTCTTACAAAAGGCCCTGGATTAAACCGCGAGGCGCCTCATGTACTTTCGGGTTACAGTCATACCTTGGCGTTCTATAGCTAACTTACGTCACGAACAAAAAGATAGGACGACATATCATTCCGTATATCCACATAGCATTCTTTACTACCGTTTGACTCCGTTACAAGAGCGGCGCATGCCATAAGAGTACACGACTTTCATCTGTTAATCCTAGAATTTTTACACGCCGTGTTGGGGACGCCTCAGGGCCATACTTCGAGTCCGATATCAAATAGTCAAGCTATTACCTAAACCTGAACCTACAGGATACGTCTTTAAAAACCCAGGACAAACATATTTTTGCTGGG,579,43.35,Caenorhabditis elegans
SEQ_794090,TCCCTATGCTACACTTGCCTTCCCAGCCATGGCCCCGCTTTTCTAGCCTTGAGATAGCCACAGGTATCGATTGACTTGATCCGTATCCGGACGTTATTAACTACGTATAAAGTCTTAGAGGGGCATATATCCCACGGCGCTCTAAAAGGTATCGTACAACCATAGTAGTATAATCTAGGGGCTCTAAGATACTTTTCTCCTTATAACATAGTGTGCGTCCGGACCCCGGACCATACTGGCCCAACGTTAAACGGAACTGTATTCAAATGCAGGAATGTCAGATGGAAGGCGTTGGTCCTCGCGAGCAAAGACAAAGAATCTATCCGTGCTGCTATAGACGACATGTGTATACAGAGGGTAGCAGATCCATCAGAGTATTGATTCCGTGCCCATGAGTGGCTCCGCAACTGAACGCCCTGTGTACATAACAAAGCCGTCTTCGCACGCCGAGTCGCGGTGAGGCCTAATGGGAGTGCGGAATAGGATAGGTTCTAATGACCAAACTATCTAGAGAACTTATAGGCAATTAAAAGCGCCCGTTTCGATCATCTCGGGGCATGAGGGCCATGGCGACAGTGATGATGGGCAGCGCGTACTACGGTAAACAATGCGTGGGTAGGTGACCGACCTGTAGGCTGGACTTGTAAAAGGGCAGGCTCGCGGAGTACATGGCAAGACGGAGCATTCAATCGAATTGCGAGTTACCGTGTCTACGCCAGTTGTTAGCTGCAGAGACCAGGTAGGAACCAATCTCCCGGCGCAAGAGGCAATAAGTGCAGCCAACGTCGACCTCTACTATCGCCTGCGACCAATCAAATAAAGCTCGGAGCGCTGTTATTTCATTGTTGATTGCTTGA,857,49.94,Homo sapiens
SEQ_204377,AAGTGGTGCCCAGTAAGAATAGCATTTGGTTTGAGATCCTTGTCCACTCCTAAGTTTCGATGTCCCTTCACACGGATGCCACTCGATGTACCCCGGCGAAAAAGATACAGGATTTACAGAACTCGGTTAGGGCACTAGATGATCGGTTAATGTTGAGACGACCTTTGATCCGGTGATACGATCATCACGTATGAAGAAGACTTTTACGGAGCAACAGCCATAGGACCTTCACCCGTGATAAGTCATAAGAAAACGCCGACATAAAGGCGGCTCGGCGAACTGATGGTAATGTCCTCAATGTAACTTGGCAGAACCTCAGTAATAGTGCATGTTAAGACATATCCTGACGCCGGCTGTTAGAATCGACGTTTAGAGTGTATTTCTGGTTGCAATTCGAGGTTGATAAGCGCACTGGCCGACAGGTGTCCCCAACTGATGCCTCTGCGTTTATGAGTCCCCCATACGTATCACGTAAAACTACGTTGGGTCACTGGCGTAGCAAAATCCCCTGGGGAACAACCGCGGTGACGATATTAGGGGAGGTAATTGCCCTCGCTCTGCAGATGTGCAACCGTTGCTAAATTCCCGCCATTCGCACTAGCCAGCCTGGATTGACAGACGGCCAGAGCACCGTGCTAAGACCTACGCCTATTTACGAGAACGCGCACACCCCTGGTAAGCAAAGAAGTATGCAGCCATACTGAGTCCCCGCCTTTGATGCTTGTCTAGGACGCGCTGCAGAATCGCTCACCAATTGCCAAGTTCGGAGCATGGACGAATTGAGTGTTAAGCCTATCGTAATATTTGTCCGTTATCAACGCCTCGAGGCGGTATTACTAGTGGGCAATTGCGTGGGTCCTGGGCGACGTTATCGTGTGATCAGAGTCATGCCGTCCCAAGGATCGTCTAGTGACTGCCTCGTACTATCTGCAATGGGCCGGGTTGGATTTATATTATTTTAAGTATGAGAGAATTTACCTACGCGCAAAATAGTCTTAGGTGCTCACTCAGTGCAAGGCCGTCGTACGAATTCGCATAAATATTGCGCGCCCAAGTACGCTACACGGTTGTCAACTTAGGTGGATGAAGCCAAGAGACGAACTGGCTGCATCCCGCAGCAGACAATCTGCCGGTGCCGCCGCAGTTGCATAGGTTCAGTCTACCTCAGTCGATATAGGTTCGCCCGACTTCCCCTAAAGGTGAGGAATGTGGCGTCCAGAGCAAAGGCTAATGCAAGCTACCACACAGCGTTTTTAGTCGACTGATCGCGCGGGCTTCATATATGTGTATAACCAGTGTGCCCGCCGGATAGGAACGTTTG,1321,50.19,Drosophila melanogaster
SEQ_406096,TCTATGTCCTAGAGTCTAAAGAAAACATCGTCTGCGATCACCCTAAACTTCATATATCTTGAAGTTAGCGTGGTTCGACTGCCACCGTGGGACCATCAACCTTATCCTGATCCCAGAGAAGGACCCAAGTCCTCCAGTTAAGGGCGTTCTATTGTGCGCTTCAACAAACAGCATTTACATGACCGATTCAACTTGGCGACACCCGGTGTGAAACCAAGAATAAATCGATGATTTCATTAGCGACGCAGGCCAATCTGAGCCCTCGTTCGCGAATTAGTCGAGTATTCTTCCTCTGCACTTTTGAGTGCGCTGCTGATTCTCCGAGCATCTTCTGTTGTTTCCCTCTATCTAAACCATGAC,360,46.67,Drosophila melanogaster
SEQ_615245,AGTCGACGCCAGCCGCTCCCGTAGGCCTTGCCACCAATTAGGGCTTGAAGGGCCCTCCAGTGGTGCATACGTACCTCAGTACCCACCCCCATCAAGTAGGAGCAAAGCCGTGACCGCGCCATACTATGACAAGTCCTGTAGCAGTAACTCAATCCAGCTCGTGACGCCTCGCCTATAAGGGGACGTGCACTCGCGTAGCTCATTCGTTCGCACTACCCAGCGAACACCCATTGATCTGAAATTTTGCAGATGGAATTCTTTTTACATCAGCATAAATAACTTCCTTATCCAAACACCTGATCTTTGAGACTAAACCCCCGAATCAGTCGCAAACCGTCAGATCACTTACAATGAGAGATTGCAATTTCGATAACAACTTAACCATTTCCTAGCTCAATAGATGTGGACCCTAATGGCACCAGGGCTTTCGATGGTCTGGCCGTACGTACAACTCTCTTCCCCGTATTATGAATGAGTCACTACCTCCTGTGCTACTTGAGCGTATGTGTGACACCTACCGGCAAGTCGTTGCCAAAAGAATGCGACGGTAATTAACGGTCCCAGCACTGTTCTCCAAGTCAAAACAACAATCCTGTTCCTCGTACAACCTCACTGATAGAGACGATTTGCCATCGTACTAGCCTAGACAGACCACTGCTTTCGCCTTAATTAAGACCCCGATGATAGGGGTCCATTGAGTTGCATAGACAGAATGTGAAGCAAACCTTATCAACCTACTAGATCTTCGGTCTGGTGGGTGCATTTATCCGCTATCCGCCTTATTTGTAACCCCCAACGGTGCCATTTTGTCTTGGAGCTCGAGTTGGACTGACTGTAAGGGATTCGAAACCTGTACATAGGGTCACCAACAGTCGTTGACGCGCCATTGACAGTTCTTATAAAGACTCCTACCGATGTGATTGAATCTCGCAGGGAATGTGGAGAAGCAACATCATGATCTCTGAACGGGAACAGGTGGAAATCGGTCCTATTGAGACGTGCATTCAGTAAGAATCCTGCACAGATGTCTGCAA,1034,48.26,Drosophila melanogaster
SEQ_256798,CGAGAACGCATTACATTGCAGCGCCGGACTAGGAGGTAATAGGTCGGCGTCACGGAGAACCTGCTTGTGGTTCTCTGTTAACAGTTCTTCTTGTTGGCAGGCTCTGTGAGATGGGAAGTCATTAACCGGTCCGTTGTCTTGTTCTTGGGGATCTTGTGGACCAGCGCTGAATGGGCGGAGCTCGAGACTAAAAGTTACAGGGTGGATCTCCCTCTGGAGTACCGACATGGTGACACACCCTCCCCCTGTCTTACGACCGCAGGGGC,266,54.89,Escherichia coli
SEQ_273209,GTTTGGGAGGGTATGTAAGTTCTTGCTTCCTTATACGTTCGGCATCGTGCAGTGGCCACACGTACGGAGGGGGCGAACATGATTCTCCATAATCAGTACAGTCTCGGGTATTATGTGATCAAGTTTACATCCGTTTTGCCTGAGGACGGGAACGCTAGCCTAGAAATGTTCTTGTAGCGGGAACTACCGCAGATTACCGTATCCA,205,48.78,Drosophila melanogaster
SEQ_204687,CGGCACTTTAACAGTGAGAAAGGAGTTGCCATCGAACTCATCGACCACCCCAGTCGCCAGTCCTGCCGAGTAAGCCCATGGGTAGTGCCATAATGAGGTAAGGTCCGCAATACTCATTCCATGAGAACTAGGAGACGTATGGTTCATCGTACTTGGACGGAGTTGCCGCCGTAGTAGATATTGGTGGGCTTACCTCGAATTAGGGGTCTTAATGAGGGGCTCGAGGCGCTGGCTCATAGATGTAACCCCCTGGGGAAAGCTACAACGGTTACTGATGAAGGGGAGTGATAACCCGTATAGGTCCATTAGCGTGGGCGACTGCTATGGACACGGGTGGATCCTGCTTACTACCGATCCAGCGAGTCTCCCCCAACATTCTACTGCAAAGCCAGAATAAGTTCGAAATGACTGGGGATATGGTTACCACATGCGGGTTGCGAGCGTGGGAGTGAAGCGGCGTAGATGGTCTGATGACTGGCGCACGACTCGTGACGCCGGATGTTAACTACCAAGTACGTATTTCCAATCGTTGCCGCCCGAAAGCGTATTCAGTACTGCTCTAGGGAAGTCCGGCCAGGGTTCCTCAGCCTCGAGTTTTTGCAATACGTGCCTCACCCCTTAATGGAACGCTAACTGCTACTTAGGTTTAGCAAATGGGACAGGGGGAGGCCCTAACAAAGAGAGGCAGTTGCGGCAACAAATTACCCGGATAGCGTGGAAGACGGAGGGTAGAGTTCAATGGATTTTCGTATCAGTACGGTATTTCGTCAAATCGATGTAGTACAGCTACGGAAAATACGTCGGCATCGCTAATAACTTGCCTAAATAATGGGAACCGGATAAGTGGATCCGATTTGTGGGCGATACTTGTCGATGGCCCGGATCGTTTCGTGGATCGTCGCATTTCAGTACTAAGCAGGTGTCCAGTCAGTCGTGTGGTACGCAATCCCGTTTAAAAACCCGCCTCGCCCACGGACGACGCTACCTCATAATCCTCTCTTACTAGGGAGCCGCAGACCCGGGGTGTAACACGCGAGGTCCGCACAGGCTCTCCCGGGATGCCCTCCTGCGCCGAGAAGTGAGTGGACTACCTCATGCACTTCGATACTCCGTTGTAGATGAGGAGGGGCAAATGACACTAGGTGCAGCCACTTCCCAGTCCAAACGTTCGGGGTCATTTTCCTTATAGACGCACCCTTCTAGTGCCCAATATAGTAAGACCAAGCGCGTATGAGTATAAGGAACCCCAGCAGCTCGCATGCTGGACCCGCGACAACATCAAAGCGTTCTAACCAGACGAGTCCATTGGAATGCACCCGTTTAATGTTGGCTGCGAGCTAGTAGATATTCCTCCTCGAAAAACCTCGGTGTCCCGCTGGTGAACGCAAGTGTAGCGGAACGCACGTTCAGTTGCACGAGCACCTTAAAGGAGTACATTTTGATACTCCTGCGCTGAGATAAAAAAAGCAGGGCCTTAGATAATTACAGATCCGCCCATG,1499,52.1,Mus musculus
SEQ_943329,TGTGCATAGATCACCTACAATACAGTGGAACATTGTAATGTGTAGGCCTCCACGGAGGATGCTTAGCGGTGGTGAACCAGATATTACACACGTCTACAGCTACAAGGCGTCGGCTAACCGTTTCTTAGCGCTGTGTCCGTCACTTATCGACGGGGGAGTGTGCACAAATAACGACGCAAGCGGTTGGACACAGTGCCCTCGATGGCGTATTATGTATTCCCTGTAAACTCGAATCACCCACAGGGCCGTCTCTTGTCATTATTCCTGTATTTAGCTAAAAAAGCTCGCCAACGACCCTCGAGATAAATCGGATCTGGGTTATCGTGAAGTGTTCTGTATGAACAGCGGCTCTATCCTCCAACGTTCGGCTGATAACGATGTCAGCCTCCTATTATGGCTCACCTGTTGTAGTCGGTTGCCAATATAAACTCTCTGTGAGCGGGAACCACAGATACAGCTTTATGCGATCCAGGATAATTCACATTTTGCCAGTAGTCTCCCCAGTAGTCGAGATGACCGGATTGCCCTATTTAGATTTGTGAGATCGGGGGCCAATGTGACCTTTATCCCACCACGTAGAAAACACTTAGCCTCACATACTCTACTGCCTTCCCCTACATATACGGAACTCCTGACAACCTGATATGGCTCAACCTGCTTTTGAGCAGGAGGAGTGCATGACTCAGCTACAGTCGCTCTTGACATCTCACAGAAACGCTAGCACAAAATTGCCGTCTTAAAAAAAGGAGAGTATACACCGAAGGCAGTAAGCATACAGCACAATTGCCGAAAAAGACAGCTCTAGAGCTACCGGATAAAACTATAGTCGCATATGAGTGTTGGCCAACCGTCGCGGTGTTTCGTAGTTGTGGCACTTGACCTCCTAGATCAAAAACGGGTTCCCTTGGTGATTTATAGGCTTGTAAGCGTCAACCTGCCATTATGATTCGCAGGCCCTTATTCGCCCTAAAAGCGCAACCATCGGCCGCAGCCGGCACAGAACAGATGCAGAGT,1014,48.32,Arabidopsis thaliana
SEQ_820405,GCTCGGGTAGAATTGCCTAGGAAATGATTTCAGCTCTGCGGCATCGTTCAAAATCTTGACTACGACTCGCTCCATCGGCTGAGCCTCACTCTCCGCGGAGTGCCGATTCGCCTATACGATTGATAATACTATGATGAATCGCAATAACCCACTGGCTTTAGGATTCGTGGCACCCGTCTCAAAGGGCTGTATATGCTTCTTGCGTTCCTCATGAATGGAGACGTGCTGCATTTTTACGGGATATGCATCCTGGGTGTGTATTCGACCCACAGGGGTATTATCCATTACCAGTGGTTTGATACGCCACCACAATTGTTTCATACAATACCGAGATAAATGCAACCCCAACACTTGCGGATGTACAGAGCCCTTACAGATTTACTGCGCTTTGGACTTTTACCTCCGGACAGTACGGTCCGAAGCTCTTTGGCGCCTTTGCTACAAGATCGTGATATCTCGGATAGCTCCATCGGTGGATGGAGTTGGTAGCGGGCGTCGGGAGATATACGTGACGATGTCAGCCTAACCACCCCGGCCGTTTGAGTCGATCTCCCAGGGGCATGTTCATGCTCCCTCTTCGCGTTCCGGCTTAAGGCGCACGTGACCAGGGGTTAAATGGTTAACTGTATTTCAAAATGTCTATCATTAACGTTCGTTTTGCAAACCCATACGTAAAGAACCAGGCGGCCTGCGTACTAGTCATAAATGTAGCCGGCTCAAGCCATTTCCAAGGGACCCATATTTGTGCTCTAAGTCGCATCCTTATGTTTTAGAAGTGCTTGTCGGGGCTGAGGTAGCAGGGCCACATTTGGTAGCCACGAAAACCAATTCGAAGCAGCCGTCCGGGTAGGAATTTGTCAGCAAAGCCGTAACACGCGTATCCTCATCGGGACCAATCCGTTAGACGCCCTGAAATCAGTACCCGCGCCTAGGCAACGCCTAGGTGCGGTCGCTCCTCCTAAAGAATTCCCTCAGCCTCTTCTACCAGATCCCGAGGAGTGGGACGGCCGTCCGTAATACGTACCAGTTCGAACTCGCATCCGCTACAGACGAACTCATGCGCGCCACTTAAGTGCTTTCAAAGCTAAATCTCGCATTAGCATGTCCTCGATCGGCCATTTATTTGAGCGTTATACCCCATACGCCATCTGCGGCACATTATCAGTGGATAAGTGATCATCTATTGTGCATCGAACGCAAAGAGATAATCGCCAAGAGCGTTACGCGACGGGGGGTCCGTGAGTCATGTAGAATTGTTGGGTCAAATTGCCAGTAGCGAGTCCACGGGAATCGACAACAGCCAATCCGCGCATTTCTAGCCCCTACCAACGCTCTTAACCATAGTCCCTGACTAGCCAACATGCGAAGTACTGGCCGTAACAGCCAATAACATAACGCAAGGGTCTCGGAAGTACATGTGAGAGCTTCACGAAGTACAGGGCTCCGATGAGGAAAACCCGTAAACGAGTCTTTTAATTCACGGGTAGAGAGAAAGTGCAGCGGGGCGCCGCCTCTTTCCTTATTTCCCCGCTCACCTATAATTGCCCTTTCATTGTCTACCCTGCGCATCCGACATGCTCCAGTTTGCATCGATTGAACGACGAGGATCATAGCATACAGGTTGTTTCACACCCGACCCTCGCACACGCCCTGACGGTCCCGTACCTATATCATTTTGGGAAAATTGACAACGGGCTCCCCACATGGTGCTACGCTGCACCCGGTTCTAGTTCGTGTCATATAGCCTTTTCTATGAGAGTCGAGCTTCTTCTCACTTGTGAGTAACTAGTCTGGAGTGCAGG,1802,50.72,Saccharomyces cerevisiae
SEQ_556539,TCACCTGAAATAAATCCCGAACGTTTGTTGGTCTACTTGCACCCGCAGGTTCCTTATTCTTACCTGACTTTAGAGACTGTGCACTGAGGGCGGAAAGGCGACAATTGGACTTGTTACTCTGACCAGCGTCTGTGAATCTTGTTGACAGAAATGAACCCTCCACGCTTACGCCATTAGCTGGGTTAGACTCTTATCGGGGTGGCGGTTCTTAGGGAACTTATTGGCCTAGGGCGCTTAACAGAGATCTTATAGTGCGTCGGCATCTACACACATCGTTACACCGGGTCGGTTCGACATAATCGACCCCTTTCCTGACTCGCATTCCTCGGGGCCAAGCAATATGAGTTGATAAAGCATCTTGCATTCAGGGCGGCAGGGATGCCGTTGAGGACAAACGGACGGCCGTATACTCTCTTTCCTTAAGCACGTACCCCAAGTCTTGAGTCATTCGGATTACGTCATATGGTAGCTGCGAAACTGCCGCGGGTGATACAAAGATAGTGTCTTGGAATTAGTAAAGTCGCTCTGACGTTCAGCCTGGATGGGATTGGCAGATCACGTGAGTTATAGTAACGGATTGTATGTTACGAAGGGAGCAATACCCGGAAGACGGACACGCCGAGAATACGAGAGAGCTGTCAATTGGGACCATATTTATACCCGAATACACTATATTCACATGCTAGAAATTCCTTGCTAGTATTTGAAACTGG,713,48.11,Saccharomyces cerevisiae
SEQ_907127,GCTAGGTAGTCGTGTGCGCAATCACAATAGAGATGAGCGCATCCAGCTAAATCGCGCTAATTAGGAACTCATGTCTGGCTAAACTAATTGGGTGTTCGCATGGGGTCAGATGTCAGCCCCCACCAATGCATTCGAGCTTTAGAAAAATTGCTTGGTCCTAGGAGCCGATGCATATTAACGGATTGTCGGAACAGGTTCAGGTACATTTCACGAAGGTTGTCCTAGATTTAGTG,233,46.78,Caenorhabditis elegans
SEQ_964768,CGCATTAATTTAATCGTTAAAACCTATTGAGTCCACTCCATTGTTGAGTCGCGAGTTATATTACAACGCTTAGCCTCAAGCGAA,84,39.29,Mus musculus
SEQ_975695,TCACGAAGATACGATAGTTCACTGCCGTTCCTCGGTTAGCTTAGGGAATAGACAGCCCGGATCGGAGCGAGCAGCAATGTATCCCTGTACGCGTGGCCAATGCTACAAGTGGGAGTGTTAAGTGATTTGAGCTCTAACCAGTATAAGGATCATTTCACGCGATCCGATGCACCCGCTGCAACCTTAGCCCATCCCCAGTGTGGTACCACCCGGTTCCCGAGCCAGTCAGGGTGAATAAATTCTCCTCTAATAACTCGCACAGAAACCAATGGAGTAGAATGACAATCCGTGCAAGTTAAGACTCTGTCGAGGTAGTAGTGACATGTTATCGAGCGGTGTCCCCAGCATCAGAAATGACGCGCGTCCACGGGGGCTAAAAACCTCCCTTTAAAGAGGCAAAGAGAGGCCCGCCCGCTTGTGGCCGATGATAGTTCCGGTTGGACCGCGAGACGAAACATATAATACGACCGCACTCAATCCGCTTCTTGTTTACGACTAACCTAATGGCCTGGCACAAGCGAGTCCCAGTCTTCAGGCACGTGTTGGTATAAGGGTTTGTTGTTCGCCCTGATAGGCCCACGTCAACAGGCTAACCATCTTAGGAAATAAACCCGTCAGGATCTAGCCTTAGAGTACGGAACTGCTATATGGATAGAAGTTAACCGGAATAACATCAAACTCACAACTACAGGAGTTATTCTCCAACGTCATAGACGCGACATGGGCGCCTCGTAGGCCAACGTCCACCGAATAGACAGTGAAATTGTGGTTTCGTCCCTATTACCAATGTGTGCTGAAATTCGAAACCATGCCCAGGAGGGTTTCTATTCCGAGTGCGCAGCATGGGCAATCAGATCAACCACAAGCAGGTCCAGCGCCGGCTGCCTGACTGCTACACTAGAGGAAGAATCGTCCAGGAGCCTTCGCCATTTCAGCACAGCATGGCTGATCCCTCCTTTGATTTGGACGACCTACCGATGGACTCTATCATACACACACATGCTACTATTTGATCACATGTGTAATTCGTACACTATGTCGATCTTCACGAGAGTTTGCGCATCCCAATGGGCTGCACATTACGCCGATGGTCGGTTTTAAGAAGTTTGAATGGTTTGCATCAAACAGACATCGGTTTGCTCACGAGGCGCGGGAAGCTAACTCCAGCTTGGCTAACATCAACGTGGGAGTTGTCTTCGTACAGTCCGCAAATTTGCGAGTATCAGCCGGTACGACATATTTTGCTGCCCTTTAGCTGTCTAGTGCTGTGTACGTGTAATGCGAACTACCCGTCTCTTGCAACAGCGGCGCTCGTCCTGGGGTCAGGCGTGCCAGGTAGGAGCCGTCAAATCTGCCACCGCAATGTTTGCGCCCGGAACCGCCGAATTTCATTTGGATCGATTCATCGTAGGGCTGATGGTTCTAACGCACAATTTCTTTGGCTATTGAAAAAGCCCCACTTGATATAACGGGACAGATCTTCCGTTGAACGTGCCTGTGCTGCAATATCTCCAGATGATGGTCGAGACTAGTGTATAAAATGCCCAGTCTGCAGCGTCCCAAGATGGTAGGTCTAGGAACCAGATCCATACGACAGGGGTGAACGACGGCATACCAAGTGATCGTTCCGAGGCGACGTTGTTCTAAGTTAGCTTCCTTTCTGTTAGTTGTTTCTCGGGCGATTCAATAAAGGTTGATGTCTTCGCTTCTAAGATTATTCCGGAGCGAGAAAGGAATCAAAACGTGGCTGCGTCGTCAACTAAAAAAGTACATACGGCTGTACAGCCTATGATTCTTGAACGCATGGTAATCGAAGAAGTTGCCCGTTCAATCGGAACTTTATGCGGGCTTCTAGAGTAACCAGGCAAACAGGGACGATGCAATAGGCGGGACGCCTCTCATACGCTCAGCCTTGA,1916,49.9,Arabidopsis thaliana
SEQ_675096,CCCGAAGCGGGGCACAGTGTACGCGGCGGCCAACTGGGGAGTTATGAATAGCTCGGCGTGAATCCGCCTCTCGACCAATTCATCGAAAAAGTTGGAGTTCAGGCTGGTGCACAGACAAGGTTAGATCTCGCTCTGTGCATTGACTGCTACTGCATGCCTACATCCTGACGATGGTAATTTTAGATCTCCAAAAGTCTCGACCGCCAAAGAATTTCTT,217,51.15,Drosophila melanogaster
SEQ_497976,ATATTATCTCCATGGGTCCGAATACACATCCGAGTAGAATGCGCGAGCATGAGAAGTTCTTAAAGATCACGAAAGTCAATATAGTCCGCGCTTGTTCACTACGACCGAGCAGTGCTAAAAAAACGGGGACATCCTAAGGGATCCATTTGAGTAGCGGTGGCTTATTAGCCACGCACTCGTACGCCGAATGGCTGAGCGTCAGAGAGAAGTGGACAAGTTCTTGTAGTACCCATGTTGTTGCTCTGGTCGAACGGCAAGGCTCCTTTTGGCCGTATGCGGTGGCCTAGATACCAAATGTGTCGATAGTGCCCAACCATATGGCACTTCTGGCAACACTAGACCATAGCCGCCACGATCCATTTAACGTAGGCAAAGGATAGCGATCCGTACATACTAGCTACGTGGCGCCGTATTGATTCTTTTATACCAATCCGAAGACCGATCAAACTATATTCTAACCTCGTGGATCCAGGCCAGCAAGTAGTGCGGAGGTAGCAGCTTGGCGGTCTTGCCCAGTTGTGTAAGCTGCCTACTAGGGTTGCTACCTTCCCTCGGGCGCCTGTTTTGCGCCGACAGACCAACACAGTTGCAGACTGCATCATGCGTAACTCTGGGCAGATAATGTCAGCAGTGAGGGTCTGGACAAGGCGGATCACCATTAATGCTTAGATAATTCATACATGCCTGTACAGAGTGCTTGTCGCGGAAAACTCCTTCGAGGGTAGGTCCTGGTATAACACACCGTAGGAGAATCTATAGAGGAAGGACTCTCCGGTACTGTGCAGGGCTATAAATATTTGAAATACGCCTAATCGGTTACTTGTTTGGTCGCCCGGCAGCCGGACGACGTGGGCTCCCCTCGGGTCTCTGCCTCTGCGCCTCTTAAACTCTTCGCTTTGAACTAGGTATACATAGCGCTTGTAGTCGCTGCAAGCATACGGAGCCCGACTGGCATACTCGGTCGCTCATTATTATTATCGAACAACCGTTTTATTGAAATGCGACACCTATCGGCCTCAGGCTCTGTCGAGACATTGCAATCGTGTGAATGGAACTGCGCCTAACAATGAATGGAGATTCATTAAGTGTCAGGCTCAGGTGTACCTGGCTTCGGTGATTCACGAACGCTGAATGCCCTTAGCCACTGAGACGAATCGGACTCAGCTTCCGAGTCTCAAACCGATCGTAACAACGAGGCGATTGACTCCCTGAATAGTCAGAGCACTGTGTACCCGCATATTCGCACATTTCCTGCAAAGTCGACACTCGGAAGCGTCCAAGACACAGGTGCCATAACTGGCGGGGCGATTGCTGATGATACAGCCCACGTCTCCAATCGCAGAATACAGAGTACCAGGACTTACTATCTCATAACGCTATATGGAGCCCCTAAAATAAGCTGGCTTACGGCTTCGTTAGCTCCTTACGGGATACTCAATCCCTTTCCGGCCGTGTTCGGGGCTGACATGCTTCGCGATGACAACTAGGTCACGATGACATATCCGGCGTATAAAAATGGTGCATATACCCGTAAGAATTTCTATACCCTCTAATGCTCATGATTTCTTTCAGGCGAGTCTTTGCCAAATCCGTCAGGAGGCCGGTATAAGTAAAAGGTTTGCTAAGTGCCCGTGTCGCGAATGTTGTCCGTTGAGTGGTAACGAACCGCTCGCCATTCGCGCCTTGTTCCAGTGTACTAATAAAAACTGCATGCACCGGATACTTGATCCCTAAACGCGGCTTAGGGCGAAGCTGAACCAAACGCTTTGAAGACGTTGCGCATATTATCCTCGATTCCTCGTGAAGTACCTAAGCTACGTTGGTCGTTGTTATGGCAAAGTGCCGGGGATATG,1853,49.87,Mus musculus
SEQ_763739,ACCTATCCTTCCTGCTAGAATTCACAACTGTCTCTATATAAATAACCAATGGGAGAAGTAGCTAACGTGGTCAAATAGTTTGGGGACTGACAGTGGTGTTGGAGAGGTCGGGCGCTAAATTAGAAGGTCCCAGTTGTGGACGTTCTATTAGTCCCTTTTTATAGCTGAGCCCTCATGCGGGCTGCTCCAATGTTTAGTAAGTTATATACGATTGTCACAACTTAAATGGTGTACACTTCGGGGGGCCCTTGCATTTTCTGGGCCATTTTAAAAAACTCTTAGGGTACCCGACATCCTCTCCACTACGTGCCCTGGTATAGGCAAAATACCCACTTAACGTGACTCTGAAGGCCCTAGGGGTAGAGCGTGTAGCTAGATATGAGTCGAGTACAGATCCTGGTAGCGTTTGTCGTGTCAAAACGCCGCACTAAATACGAACGGGAGTGATTGCAATTGGTATTCGCTGCATAAGCCGAGGAGTGTTCATTCCAAAAACGTTCGGACCTCCCAGCGGTTCATGTATTTGGCTGCAAGGCATTCCATGCGAAATAGAGAGGCGGACGTGTAACTGCTATGGGTAAGTGCCGGGATATGCACCATGTATGACCCTATCTCGACAAAGGAGGTCCCCCTAATCCGTCTAGCCCTAGGTTACCTAATTCTGGTTGGTTAGTCACAGTATGGTGTTCTAGCGTATCATACTTGTCATTCGACATGGGGGCAAACGTAGTCACCCACTGTCCACCGGGCGGCGCTAGCTCCCCTCCTCCAGGGAAGAAGCCCCGCCTCGTCCACCCAATACCAGGCACCGTCACCGCCCTGGCGAACGTCCTTTACCGGCGGGCCTGGGGGGAGGAGATTTATACAACCGAGTAGGGACGAGCCCCCGTCGGTTGGCCGGAGGTTCATTCGCCAGGGAAGATTTACCTACTAGCAAGCTTATGTCCACCTTGTGTTAATTTATGGCTGAGATCCGCAAGTTTATATGACTCTCATTCATCGTCC,1005,50.35,Caenorhabditis elegans
SEQ_779990,ATGGATGAACACCAACCTTTTCCTCGATAACAAAAGAGGCCCAACCGTATCGATTACGCACTCTTACTCGGATAATTCGGAACGTAGTAGCCACTGACTACAGCTTACGCACTGACGTGGCGCGGGTTTTCCTCCGTAAGGGGTCTGAACTAACCTCTCGTGGGGTATTGCCGCTAGGTTACGGGGGAGGTACAAAACTTCGGCTGGAAACGGCCGGGTTCAGCGGCTATCCAGTGTTCAAATCGCATCATGAGAAGCGATGTGTTGTCAGTTAGGTGAGACTGATTGCATAGGAGCACTCACCTATGAGTCGCGCTACGCCATGGAATCCTCTTAGTG,339,51.33,Caenorhabditis elegans
SEQ_166388,CAGATTTACTTCTGGAGGCCTACTAGCTCATGGATATTGGCCATATTTGCACTACCCGTTGAGCCGCTTACGTCAGGAGCAGTGCAAAGCCAGTCCTGCCATGCGCAAATAACAAGGATGGGACATTGGGCTACGTGCTCACGGTGAAGAGAGTGGACACTTTTCAAAATTGCGTCTCTTTCTGACGAACATATAGTAGCGGTCCCAGCGCCATGCCTCAAGGCTCTCGGTGGACTCCCGCCCTCTGCCCATCCAATACCATGGATATTTAGACTGAAAATTTTAAAGTAGAATCGTACCTTCGGTGTATGCTGACAACTCCCAGTCCTGTGTTGCCCGTTCCCTAATCTTCCTAATTCTCCCGTAGAGCGTGGTACATTCTGGCGGAACGAGGACTTCTGTTAATGAAACCAATGATGTGAAACTCGATAGGGGGAGAATTGCCAAAGCGAGAAATGAGCAGGTTGGTCTATGAGTCTATACATTGTACAGAATGTCGTTCTACCGGTTCACACTCCTATTGTTGTGACGCTATCCTGCAGGTCCACGAAAACGAGAATATTCAAGACATCATAGTCTGTAAGTCCCTTTGCATAGACACACCTGAGGTTG,612,47.71,Saccharomyces cerevisiae
SEQ_266219,TAAACTTGAGCTGCGCCCAGGAGGATTACCCCGCCGCCCTACAGTTCTTTCATGGACGATCTTCCCAGATATGCTCTGGCATTGATTCGCAGCTAGGTACGTGGCTAGTCAGTCCGCAATGGATACGGCTCTTGGGGTACAAATTTGTTCGATAGCCAGGGTTAAGCGTATCCGCCGATTGACCCAGTGTCTCACGCTGCTCCGGGCACTGCGCTTTCTAAGTTACAAACCCATTCTGGTTTGGAAATTACAATGAATCGTAAAATCTTGAAATATTAAGAGGGACCCGGGGTTAAGGGAATATTCACTGAAGGGTAGGTGTATGTTCTAGTTCACGGAAAATTTTCGGTAGCTATGCGGTACCCTATTGCATTACGTTCGCTGGGATTTCTCCATCGATTACACAATATTATTAAATATCGCGGGCTTGGGGCCTGTACTATAGTAGTTAGCCAGTGTGTGGCGTATGCTACAATACCAGGATCATCTACGTGGTACCCGGGAGATTATTGCGTGATATTGACCGAGAATGCCCAATGCCGTCACTCACCTGGCGGAAACACCGGAAGTATCAGGTGATAGTGCCAGTGCATAGGTCTCCTCGAAACCGCATTTAAGCAGACACTCGAGCTCCGGGTCCCGAGACGACCATAGAATCTACCTGATTTTATAGCTAGCAGGAACTTACCGGGCAAAGGTAACAATCCCTCAATGACCAGGATCAATTTTGCGTTCAATCCGAGGACCGGTTCATGGGCAAGGATTAAGGTATCTATAGCGTGTAAGATCTAATTGATTTTGACATTAACTTACAGAGATTCAGGCGGCAGCAGAGGTAAAGCCTAAACATAGCCCGAGTAAATGAAGGCGAGACCTACTCGCGGCGTATGATATCATATCGGGTTTGGGCGTGAAGCAACGAGATCACTGTAACATGCCCACGAGATATGACTAGCTTCTGTCGAGGCACTGAAGGGATCACCTCTGCAAGAGAATGGACGAGTACTTTTTCTTCGCATGGGGGACCGTCAACTTTAAAGCATGAAATCTGTGGCATCGCACTGGTTCTCTTCTACCCAAGTTCACGCTGGCATGTACTCGGTTACCCTGATGTGAATAGTAGGCAGCAGGGCACAATCCGGATATAACTACCAATTGGTGCTAGTCCAGCTCTTCTGAGTAATGCCTGGTGGGGTGACCTTGATGCCTCGTATTTTGCGTGTAGGTCGCTGCTACTAAATCTGTTAAGTCATTGCCAACGCAGTTCCGATTGCCAGAGGCAGTGGTTTTTTCTGGCGGACGATAAGCCACACCACGATGTAGAAACGAGAAGCCGGTGAGTATCTGCTTGGGAAACCTACATAGATCACTCGATTGATATTTGAGGACAAAGCGTAATTACTATTTGCATCCGGGCTAGGCAATATGTTTACCTTTCAACATGCAACAGCCCTTATCCCTTAACGCCACTTGGCCTGGTCCTATTGCTATAGGGGACGGAATTAAGTAAGGCCGCAGTCCTACGAAAATCCAGACCGACTTTTTAACACGCTTAATCATCTTGGTTGATGTTACCCTGATTAATTCCGTGTTTCCGTTAA,1601,47.41,Escherichia coli
SEQ_231616,AGGCCACTGGTCTCAGACCTTCGTTACTCCCCCTGCCGAGTTGTGGTTATTCACGGCGGAAAGGGGTTCCGGTGCGCGCATAACGGGTACTTGGGATACCCATTGGGGGATAGAGGATGTGCCCAAGATCCTACCTCATTTCCGCGAGGAGACTACGACAACAATTCTGATTAACAGTAGAGGATTAATGTAATACTTGTCTTTAATTTTCTACACAAGATCACCAAATTGAGTCGTCTGAGTTACCGACCCGCTAGCGCTAGAGTGTAGCTAAAAGCATAATAGCTTCAGCCTGAATACCTATGTCTTCTTATGCGCCGGCAATCTTCAAGACGACAGGTGGCGCCACACATTCACAGGCGCAATTTTTCCGGCTCGGTGACGTAGTTAGCTCCGACAGTTGACGGGTAGCAGGTGCCAATGGACAATATCGGTGAGGGGTAACCTTGAGACTCAAAGGACAAACTCGTTCCTCGCAGTTAGAGCTTTCAGTTTCTCGGAACCTTCCTCAAGTGAAGCCAAGACGCCTCCTATCCCTGGTTAGGAGGATTAGCGTCTGGATGTAGGGTACGTTAGTCTAGCCTCAAAACGTGTTGATAAGAGCATACCTGGGCACACACCCTGTTTTTAATTGTTAATAGAGGCATGCTCGCCTCAACTCCGGTATACTACTGCGGAGCACGTTCACATATGGGCGCCGGAACCTGTCATCGTCTTCCCACAGGCAACGTAGGACCATCCCTCCATCCGCGTGTTGGCGCGGGGATATTGCATTGTTGTTCAATCGGTCATAGCGACCTATGTAGGCGGCCGTTCTCTGTAATATCCAAGAATAGCACGACTACCATGGAGGAATTCATTTCCCTTTCGGACTGCCACCGATAGCATACCAGGTTCGCCGGCGGAGGACTTGCTCCAGTACCGAACGGCGTACTGGGTCTTCTGGCCCCCGGACTTAAGCCCCGCGAGCCGCGATGATCCTTCGTTTTGGGGGCTGCCCCGAGTTTATCTAATATTCTTTCAGATTACATCCTCTATCTTGGGACCACATTTGTTACTGTTGCCATTGTTGCAACAATTGCCGAGAGCTAGTCAATATTCAACGTCCAATAAAAGTCGTACTGGAGCGTCGGCAATACCCCTCCAGAACATTAAAGAGTATTACCAACTGCTCCAGAAAGAGCCTTGACAGCTTTAGCTATAGTAAGAAGCAACGAAGCGATTGGCTAGCCAGGGCTTTGTCGTCACAAGTCCATCTGCGTGGTGCAGTCACGCCCGCCCTACGAATGTGAGGCAACCCGGCATTGGGTCATAAAAACCCACCGGCCACGTTTGTTAGTCCCAATACGCCGCGTAGATCCGCGAAGACAGGCTGCCTTGAACAATATACCACATTCAGAGCCTTACCTCACTACGAAGTAATACATCTAGCCGTGCGCTGGACACTTTCGTTCATCGTTGTCAAACGCGGTGACTCCGTCGATACCAACGGTTTGCGGTAAATAGGCTGGATCTCCATATTGTTCCGTAATGCGAGTACCATCCGTTTTTATACTAGCTGAACACAGAGCCGTATCACTAAAGCATCGTGGAGACTCTTGGCGGACGCCGGATGTTCAGATCTAGCGACCCGTGGCGTGCTTCTACTGCCAACACAGGTGATGTAGCGCTTAGTGGAATCCATATATATGTGGGTTTCAGGCGGTTCTGCGACTTGTCGCTTTAAGTCGGGGTCATATCCCGATAGCCTTAAACTGACCGGGTTCACATAAAGATGAGGCGTAGCGCTAGCCTCTCAAGGCGGGTGGTGCAGCCTCTTGTGCGTCCCTATCAG,1834,50.82,Caenorhabditis elegans
SEQ_700016,ATCACCTTAGCTCCTCTGGAAACGATAATATAGTAAGTCGGATTCATCTACGCCAGGGCTTATGGTCCACCGAGACATAGTCAGACAGGGGTCGATCTATTTCGAGCAGAACAACAGCCCTGAGACGCTCGCATTGGCGCGTCACGTGTAGTAAACATCAGTCTCATGGGGAACAAGTACCCCGATGGCGCGCATCTTGGTCTCTCCAGGTTTTCGACAATTAACCGGCTCTTTGAAATTCCCCATGAGGTCGCGAGTGGATAGACATGACGAATTTTTCGTGTCAGGTTCTTGGGGAATAAGACTGACCCCGCCCAGATGACGTATTCAGAGTGGCCCATGCGACTCAGTCGATGAGGTCTACAACCCCTTGATCCAAAACTAACTCGTCCCCGCTGGCTTATAATAGTCAAATCACATGCGCTAAGGTAACATGGTGTCGCGGGAGTGTGCGGCATCCCCAGAGTCTGGGTGGGCCGTCATGGTCAAGTGTAAAGGAAAGACGATCCATTTTTCTGGGAGTTCCCTAGCCGGAGTTGTCGGATAGCGTGATAGAACTATTTATTAAACAGAACGCGCAGGCACCTTACATGTAGAAACTGCAAGGTATGTAACGGAACTTCACATCTTTATCTCCATTAAGCGAGTTGTGGCATCGTACCTAACAATTGGACTGATTACGAGCCAGGTTCCGTGCTCTAAACCTGCTATGTTTGCTACTAACGAAGTAGGTCTGAAAAAGGGGAAACAGCAGAGCCTCTCTGCAAGTTATGGGACCTATGATCTAGTTGGGTCCGAAATAAACGGTTAACATCAAGAGGATTGTTTCAGTGGTAGCGGCACGCCGTCTTCAATGCAGGCACGGTCACGTCATTTAGGCATGCCTGTAAGGAGCATGTCCGGATTAGGGAGGTAAGAAACAGTTTAAGACGTCTCTCGGGCTACTAGTGCATCGTTTGCACCAATCGTAGTCTACACGCTGTCAGATTTGATTCACTAGGGCATAATGCTAATTCATATGGGACCGGAGTAACAGATCAGAACAATGGTCCGTTCTACAGCCACATGCTCTTACGTCAAGCAGGGAAGACCGTTACTCCGAATTTCAAAGGGCTGTCAGGCGAGAGCCCTTTGGTAACATTCACCGTTTGCAATCTTGCCGTCGGTGGTGTAATAGGGCCGCCTGTAGAGCCCTAATTCAAACTATCCCAGGTTGTGTGTGGAGGGGGAGAATCACTCACGAGCAGCAGCCTTTTAAAACGGTGACCGTCGTGCTGTTAGCGGGGATAAGTGGCGCCCCCTGGCCCTGAGCCGATGATATATCAGGTTGTGATGGTTACACTAGCTGTAAAGCTGACAGCCGAAAAGAAGTCCGGGGAGTCAGAACCACGTCAAATCCACTTAGCAGAAGTATAAAAGAAGTGTGACCCTATGCACGGTAATCCGTCCGGG,1452,49.45,Arabidopsis thaliana
SEQ_724583,AGATTTACGCGTATTTAACAAGTGAATCCCCCTCATTAGAGAGCGATCTGTGGTTGGGGAAATTCGCTACCAGAGGTCTATGATGCCAAGGCCCTTAAGCAACTATAACATCGACTACAACCCCATGTTTTAAGAACGAGCGCTTGTATCCCCTGAAATTCTTACCTCATTTTGAACCCAACCATCCATCGCGTCTGTCCGGACGGTACTTCGGTGAGAGCCAGAAACTTCCCCCCGCCAGATGTAGATCAATTCTGCAGTGCTCACAGAATCTGCTAGCAAATCCGTCTCTTTTCATGTCGGAGTGGGGTAACATTAAGCGCCTGCGACTGCTGTTGTCAGTGCGGGTTCCTCAGGCACTGAAAGCCGATAAGGGTGGATGCCTCCCCCAACCGCAGGGATTAACTAATACCGCTGTCCATTCTGGATCTCTCGCGCGTACGATGAGTGCGTCCTTGTGAACTGTAAATTGTTAGACGGGGTGCGATATAATTTCCAAAACTGTAGATAAAATATGAATCCTAGAGGCTAACATACGACTATGGCAAAAACGATGTCTGACTTCCCAAGGAAAAGGCTACAGCCTGGTCGTTATCAAGGTGCTATGTTTTTATGCGGCTGGGATAAGCGTCGCCTATTTCGTCCAAGGCAAGGGCACATCACTCCAACCAGAACTGCTCTGTGTTTCGCAGGGAACGCTATCCGTGGGACTAGGGATCACTACGCTTATAACGGTTGGATCTCCATTGATTTTTTTGTGTAACTGTATGTCCTGATCGTAGACCCAGGTCGTACAGGTTCAAGCGCGATCCCCAGCTTGCCTAGACGTTACGTCTTAATAGCGATCCACGATTCCGGGGCATGTAACGTAAAGTAGCGTGTAACTTAATACGTCGTGAATCGAAGCACGGCGGCTCTAAACTACTGTAGTGTAACAGTATAGGCCATGAGTTTACTGTTAATTACAAAGGAAATATAAGCCTCCAAATCACGCGTCTCCTTACCCAGATACTTGAGGGAATACCACTGTAGTTACCTATTAGTACCTGCACGAAGCCTGCACATGTATCCTGGTTGGGCCCGAATCAAAAGGACGGCACACTATGCAACCTCGGTAAGAGTAGATACAACCGTACCCCGATTGCCCCGGTCGAGCATGATCTTCTTAGAATCCATCTTGATTAGTCGGTAGCGATTCGTTCCGTGGTCGTAATTCTGTGCATACCGGCGTAATTTCTTCGTCGTCGGCGATCACGGCGGGGAACAATCGTCATTTTGGAGTCTTAGTCCACGGATCACTGCGGGTAGAAACGCGTGTTCCCTGAGAGTATCCGCACAACGCTTAAGTGGTCGTAAAGTTGTAAGACATTATCTAATTTTGATAATGACGGATAGGTAAAACGCGATTCGAAACGATCACACTTTCCTTATGGTCGCTAAGAATCATGGGAGAGCCCTGACTCGTGCGATAATGTCAAGCACGAAATTCGGTATGATGATAGACGCCCGAGGAGTGCTTA,1520,47.76,Caenorhabditis elegans
SEQ_848948,ATACTTAACTAGCGCAACACCATCAGCAGGATCACATACCCTTAACCCGAAGCTTCCCTTACGGAAAGGGCCGACCACCAAGAATTTGTCCTGGTCTGATGCATAGAGAAACTATCTTCAAACGCCGATGCCCCCCCGCAATTCCGAAAGGTTAGGACTAAGGCGGATCGCTTAGCCAATGAGGTCTGACGCTCTATCACTGTGGGATCGCCTGCCTAGCGCTGTCCAGGGACAGCGCTCCAATTCTTAAACTGTTCTTGGGCCGTACACTGAGAAGTCTCACCATCAGGCAAGGAGTTTAAGAACCTTCATATCGCCCACCTGCGGCTAAGCAGCGGGACGAGCATACGGCCCGTGCTAGGAGATGTTCACGGTGTAGCTTGTTTCGCGCATAAGACTTACACGCAGCTTCTCACGGGAAACGCTCACATGGTGCATCCAAAGCGCGCCGGTTTGTTATGTCAGTCACGGAGACACGAGAGCGGTTGGTGGGATCTCAGCTAGCACAATGCTCAGAACCCAAGAACATGTATTCATACTTAGAGCAACAGCGGCCAGTACGGCGCACTATTCATCCCTCGAGATGAGATGTCACTGAGGTCGACCCCGAT,611,52.86,Caenorhabditis elegans
SEQ_759326,AATTTCTCTCAACTGTAGCCCTATATTATGGGTGTTAATCAGTGAGTGCTGCGTGGAATCATTTCATATCCCGCGTTTACGATTGCTAGCCCGAACCCTCGGGCAAGCCGGGCCTTACGGTTGACTCTTATAGGTCCCTCTATGTTAATTCGAGGGACAAGCGTTTCGGTTACCCGTGTTCTCCTTTAACGCTCCTAGGCGATTTGAACCTTCTAAGGTCCTAAGAGGCGTCTAAGACTACCGGCTCTTCAACTTTGGAACGGTGTACCCAGCCGAGGAGATATGGTTTCACAAATTGGTTATCAAACTATCTACGAGTCCCCCGTTGCTGGAAGGTGGCAAGTAGTTTGGAATTCACATTATTATGCCGGTTATTACACTATTGTATGCCCCCGGGATGTCTCCAAATTAAATGTCGACATGGGATCATGCCAAATTGGGGACCCCGGACTGTAGCTAGAGTAATTTACCTTGCTAACAGGTATCGGGTAGACGTGACCTCGGAGGGTTCCTCCGCAATTGAGTGTTAATTGTGCCACCAGGATTGACTCACGCTCTAGTATGTGGGCTCGGGCAGCGGCGCTCTATCGATACGGGAAATAACGTCTTGCCGGTGAGTCCAGTCTCCTGCACACGCTACCCAGGGAAGTTGTGCTCTAACGTCTGAAACTGTCACAATTTTCCCCATGAAGCCCAAGAAGGCTCGCTTTTAATACCCACCTCGTGGAGTGTAGGTTGTCGGGGCCTTGGAGGCCCCTAGTTGGTAGCATAGTAGTTTCAACGCTTAGTTTAGTCTAGCTAATCGCAACCATTGGACATCGTGCCGGTACTCAGCAGTGTTAGGTCCTTTAGCCGCCCCACCTGCGTGAAATGTAACACCGGGAATTTCAGGAGTCTCTTAAGATCAAGCTGGCGTCATACATCAGTGTGGCCCCATCGATCGGGGTCTACAGCCCACTACAGCTAGATACTCGAGGGATGAATCTTCCATCGGATGTCCGTGTATCCACTCCCTTAGCACGGGTCCCCACTCAACCTACGTGCTCAAGCTCGTTTACATATCACCTACTAGGGTGATGTTTACCCGAGGAGTGCTCAACCGTCCTAGATGCTATTCTATAGAGTAGTGATATGCTAAGTCCTGGTCCAGATTGTTACCATCAACAGTCTTACAGACACAAAGACTCGATATTAGTCTACTGCGCCCAGTGACCATGGCGCGACCTGTGGAAGTTGAGAGACACCTAGCTGCGGCACAGACCATAACGGCGACTATGAAACCGGTGGTGATTGGGGAACTATCGGCCGTACGATTAAAAGTACGCCGTAACGGGTCCATCCATTGTGTTACGCGGGGGCTCTCATCGAGATAGTTAAATGATCCCCTGGGTCTTG,1395,50.04,Caenorhabditis elegans
SEQ_846744,TCTCCGACGCCCCTGTTCCTTAGCTGGGGTCGCATAGGTTCTCACATTACGTCGTGCGTCTGGAGCTCGTCGGGCCCTGATCATCAGCTGTCGACCATTAATGACCAAATTCGAATCACTCCCTTTCTAAAGAAGGTCCATGGATTTGCGTATTATTATTATGTTCGGGCTCCAATCACTGTGGGCGAATTATCCCCGGTAGCCTCTAAATGCCATCCACGCGCATTGGTGTGGCTGCAGAGGCTAAGACGATACTAGTGCGCATTTCACTTTCTCAGTGCGATTTCTATCACGACGAGGGAATCTAGAAGTGTTGAAAGCAACCATGAAGGCATGGAGACGACACATTACTGGGTAATACGTTTGTCTATCACGGTTGATTGCGGCTGCCTCACAAGATCTTTTTTGGAGGCTATTTGAGTGGGCAATGTCGAAGGCCACCACGAGTCTTATCTTTCGTGCTGTTCTCATGTGTAATTGTAAACAAACTCTGACGGGTACAATCGGGGGTGTCTTAGACGGTGAGTTGGTCTGGGGAGAACCCGAAGGCATAACTTGTTAACAGGTCACTAGGAGTTCACACGGGGCTGCTTAATTGCTCCTGTCGAATATTGTTCGCTTACGGGACATGTACCCGCTGAACGGTCTTGGATTCATGCGCG,662,49.24,Escherichia coli
SEQ_525468,TTATTTTGATTCTACACTGGCGGGTTGCTAATTTGGTTTCTTTTACTACGCGACCACCAGGCCTGATTTGACCAACCTGGGCGTATGTTATTAACGGATTCAAGTGTCTGCCCATATGTTAGGGTGGGATTTTCTAAAGGTCGCCGCACGGTCCTCGACCGAAGGACCTGCCAGGGAAACCGATCCACAGGCGGGGACGCAGGTGACTGACCGACACTGACATCAGATTGTTTTTGGATAGTTCACGGTTCATCCAGGGGTTCAATCTAGGACGAGTAGCGAGGTAAGATTTTTTCTTAGCTTAAGTCGAATTCATGTTAGTTTAGAGGCACTGACTTGTGTAGGCCAT,349,47.85,Drosophila melanogaster
SEQ_217983,GCGTTCTTTCTCCAAGGCACCCATATGTTGAAGGGGAATTTCCCGCATGGGTGATCCCTCCCGAATTTAGTGGCATCCACCAGCAGATGGGCAGTTCACAGGTGCTCAGGTCTTATTCCACGGCCAGCTGCTACGTTCAATCGTCGCAAAGAGCTTGCGGTGAGCGAGCTCGTATATCAGGCCGAAGTCTATGTGACACAAACACAGTTGACGGTGCCTTACTTATCGCCCAGGGTGAGCTAACTGTACGACGAACCCCCGCGGGCCTTTCCAGCACCGGTCCCTTTCATATCCGAAGCAATCTCCTACCTTTCCGTCGACAGCCCGGGATGTAAGAGTGATCCCAACAATCCAGCGTAAGAAAAAAGTTGGACCATACACGCAGGTACTTCAGGGTTCTCAGGAGGGCGGTCTTGGGGACTAAACACTTGAGCTTTCTCCGACTCACTTCGCGGTACTCGGTTTTCCTTAGTGCAAGCTGGCTCAGAACTGACTGCATTACAGGATAACGACCTCGATAATGTGGGGAGATCGGAGGCCTACACTCAAACTGTTATTCCCAGCATGGCGCTCTCGTCTCCACGTTTCCCGCTGCGAGTGTCATCCAATTTTACATCTACGGCCAGAATCGATAACCGGCATTTGACAGGCAGTGCGTATTTCGGCCAGCCGGGGGACTTGCGCTCGCCCGCGTGCCTTTGCAGGGGCTACCACACATCACCCGGACGAGAATATGCAGTCTCGCACGCGAGAGCCCGAATAATCTCGGGAATCTGCGCGATGTTTCTGGAAACTGCTACCTCGCTTGGCTAAGGGATTTTGACCCCCGCACCATTAAGAGGAGCATAGACGACTTTTCTAGGTGGATGACAAGACCGGGCGCTTCATATGGCTCTGTCGCAAACTGGCAGTGGACGTGATTACCAAACAACTCGGGGCACTGTACTTATGATAGAAACGGGTGCACGGTGGGCTTCGGGAATTGTATGACTAACCTACTGTGAACAGGGGCATCCAAAGCAGTGACGAACTTTCACAATCGGTACTACACCTATGCAGGCTAAGGCCCACTCTATTTTGTATTTGATGGTCCACTTTGAAAAGAATGTGCCAGACGCGGCGTGGCACTTCACCGGTTCGGAAGCATAGCGAAGGCCATTCCTGAGGTATTGCGCTGCCCGCGTTGTAAAAAGTGGTCACGCAGATGCTCTACGCTACATCATTAAATGCATGCGCCCATTGTGTCTGAGCAGCGCTCAAAAAGGTGCCACGTTAATTGAGCGCGTATTAAAGCACGCATGGGCAACGTGCGTTCATCTCCATCCCCGTTAGTGCGTCCTCCTATTACCGGGTGTACGCATGAACATAAATGCCTACTGCTTTGTTGTCCGCATACGAGCCGCTATTGTCATACCGTCCTAAGACATGTAGACACTGTCTCTTTTCACACGCCTTTCATGGCAGCGCGCTTTGTGGTATCTAATAGCAAAGGCGAATTCCACATCCCAACCTATGGGCGGGTTTCCGGGTTGGCCCTCGCTCAGGCCAGTCGTATTATCCTTAAATTCCCGCTAAGAACAGGTATTACAAAGTCGCGAGTGGAAGGTCCAATATGTTAGCAAACTGGTCCCCGCCAACCACATGACAGTTCGCCACGCTTTGTACTCGACTTCGGAATCCATATCA,1686,52.19,Drosophila melanogaster
SEQ_394536,CAGATTCCATCCCATCTGGAGTTAGAAAGTTTTCATTGGGTCGCAATCGAAGAAGCGATCAACTTTCGAAAATGGAACCTGCTCTATAGGATTAGTTTCAACGGTAGGCGGCTGGTACTCAGCTCCGCCCGGATAGACGCGCTACTGCTTTTCTCCTCCGGTCGACAGGGGAAGAGCTGAGGATATTCCTTTAAGAGGTACTAGTACATGTCTACCGGTGGACGGGCACAGCTTTGGATGAGGACAAGTGCGGCACCACATCCATCTTGACGGCTTACAACATTCAATCATTTCTAAGGACTGTAAAAGCGAAGCTTATGGCGTTCCGGCTCGAACGATCGAGGTCCCCCGCATCGCTAATCGCAAATCAATGTATATCGCATCCTTTTGGGCAGGACCAAATTCAATGACGCTGAATACAGACCGGTATACCAATACCAACAATACACTTGAGAAGTCTGGCATCACAATACTCCACGGGGATCAGCATTATTAATTTTACCAGATTCTTCGGGCCTACAGTGGGCGTGTATCCTCTGGCGATCCTCGCAACTACTGATATAGTTGACTGCGAGGGATGGACCTCATCCGTCGTTCAGTTACCTCGTTCGTCAACTCTTCGGTACTTCACTTTGGTCCTGAAGTACACATACCTTATATATCCATTACCTTGAACTATATGTTTCGTATGCGAAATGACTGTCTGTCCACTTACGGGGGTCGATTTCCGGCTCGAAGCGGGATTGTCTTAGCCATTCACTTCCTCCGCTCACGAGTCTTGCTGTGGTAACTGCGCCTCGGGCAAATGCGGTGCTCCAGATGGGCGATCCGCCGTAACGTTCGCCATATCTCCTTAGGATACAATAGTAAGCTTCCAAAGTGTCTGCGATCCTTATCACACATGTTAAAGCTGACGGGGTAGCCTAGTTAATACTATTTTAGCCATGTCACGGGGCTTGGCTTACCATCCCAAGGGCCGTTTGGTCACGTATCATAATAGTAAATGAGCAACCGGACTTCCACATTTGGCGAAGGCACCCACTACGCACAGCTTTGCGGCCTCGGCTGCTCTGTGGGGGTTCCGGCAGCTCCCGACCTTTATGCGCGTTGGAACTCCCCCACCACCATGTGAAAGGGAGACGTTGCTCGTAATACTATCCTTGTTCTCGGTACTCAGAGGTTAATTCTTAT,1191,49.37,Caenorhabditis elegans
SEQ_599839,CAAGGACACGTTCTGAGGCATGAGATCACTCCCTATAGATGATGCTAGAATGATACGTCGCAGACCCCCCACCCATGGCTGCGATTTACGTTTCTAGAGTAAGGTCGTTCGCAGACTGTGCTGGACTTTTAGTAGTAACCATTCCTGGCTAAATTACAGAAGCCAGCCTGTGTAGTCAGCCGCCTCCGCCGAGTTATGCGGTTGACCATAACTGTTCGGCAAAGTTTCTTTAGCGCTGGACACCAGCTGGTGATGAAATTAGCCAGCACGATCCCTTATTTGCGCGGCAACTGGGTCCTAACAGGGCGAGCTGCACAGTCAGTTCGAACTGGGCCATGCCGATACAGCTGGCGGATATGCTCGTGCTGAAGCGCTGTGAGAAAATCTTTCTGATACTCCGGGAGTACGACGCGTAAACACGTCCTCTGGCCAATCTAGAGGGCTGCGAACGGTATTTGATCAACGCATGATGAGTACAGGCACTACATCTAATGTCTCAGCTAGATCAGCGCCGATAGGACGCGTCCGTTGCGCACAAATGGGCAGTTAGGAGAAGCTGAGATAACTCTTTGTCAGATT,579,51.3,Mus musculus
SEQ_735394,GCGACGGGACGCAGTGTACCTTGATGTTCACGGAATAACCCCTTTTTGTGCACGTCGTCTTTAATTTTAGACTCTGTGTTTATATTGTCAACTTTATCCTACTTTGCGTGGATACGCGATCTCCCGGAGAATTGGGGAACATCTAATTATGTGCCGGTCGGCGCCCTTTTGGTGGGAAGTCAGTCTGCACGAATCGACACCCATTAATGAGTACAGATGATCGGTCTGCGGCTTACCTCAATCAAGTGGTTCGGCTGATGAATATCAGCGCTCGCACATCAACGCGCTTAATAGGAGCTTGAGGGGACAAAACAGGAACTAATGCGCCTGCGATTGAGGTGCAGCGGGTCATAGGGTTCCGCTTACGTAGGCTATGGGGAATTGGTAGGCTTTTTTTCAGATCTCAGAGCGTGTGGTTCATGCTTGAATTTGTCCGTTTTTTCCGCGTAACTAGGGCTGCGGGGAGGCACAGCTTACACTGGCTATTTAGCGGTGTAAGTATTCTAGTGAACTTGAATAAGCCATGGGGGCCCGTTTCAAGTCGGGACACGCAATAAACTAGCACCCGCAATACAAGCTTAGTATTCAATCTTGTGAGCCGCCCCTTTGAACATCCAGTGAGTCCTACGATCTCAATTTAAAATATACTAAGAGTCCGCAAGCCAGAGCTTATATCTCGGCAAACCCAGAGCCATGATATGAGCTTGCCGTGATCCCCACCCGGCCCGGCGCTCCTGATGTGGGGGGCTACCTGTACTCTTATCATATCAGGTTGAGTTAACGAGCGATATTTCGGGCAGTGAGGGGCTCGGAACCTGAGTTACTACATCTTACTAGATACATCGGAAACACTAAGTCCCACTCCAGAGGAATCTGAGTAGGTTTGCGGAGCACGGCCGCTGTTGAGTGTTGCTCTCAGCAGGCCGTTTATCGCTGCTCGTGCTACTACTAAATTGCCCGCCTTTGTGTAAATACATCAATCATTTGGTGATTGTGAACTTAAGTCTTAGTGAGAATAGATTAAATATTTTAGTGCCCATCCCCACAAAACAACGGAGATAAACGGTCCACTACTGGCCGCGCGCGTACGCTCGGCATGATATGGCCTGTCAGAACCCGCGGTCGATTAGGTTGTCGATGTTCACTGGGCAGGCTGGGATTAATATGCCGCCAAGTAGAGCTACAGTTACGAAGGCCCGTAGACAATTGCGCGCTCCAACTTAACGTCATCACAGCTAAAGCGCGGCCTTTCACTAGTGTTCAGACAACTCTGCAGTTCCATCTTTAAGTAGTCCCATTAAATTATCGAATATATACCTCACATAGAGATCGAGAAGACTCGGGTGCGGTCGCTTCCCAGCGGTGTTTAACAACGCGCCCACAGGCAGTTGGGAATAAAATCAAACTCACACGAGAGATTGATGCGTTGACCTCCAGCCAACCTGAGGCCATGCTTAAGCAATCCGGCACTTCCGTCGTTGATTACATTTAATGCTCTACGTTAGC,1506,48.87,Mus musculus
SEQ_292407,CCCAAACGATCCAGTTGTCCGCGACCTCACTTCTATATACTGTAGCAGACGGGAGCTAATACTGTCCAGGGCGACTTACTATTGTCCGGGAGTGCACCCTGCGAAAGTGCTCCAAGTACGGGGCAGCCTATTTAATTCAAGTCGTATTGCTGCCCCAGTCTCCCCATGTCACGAGTGACGGAGTCGACTATTGCA,195,52.82,Caenorhabditis elegans
SEQ_829630,TCCCAACATACTGGAAAGCCGCCTTTTTCTTAATCGAACACAAACAACTTACAAAATCACATATTCTTGACTAAACCGCTGTCACTTTTGTTCACACGCTGCAGTGTGCATACTTTGGGTCCAACTCGCGTCATCAGTAACTGATGAGTATATAGATCTCATTCAACAGCGATGTTCAATGAGCATGAGCCCAAAAGTAATGGAACCTGTAACAGGGCCCGATCTGTGGGTAGCTAAATTTGTTCCCGGGACCACACTAGCTATCTTAAAGTTTACGCCTTATTCGCAGGTCCTCAGTATGTTAGATAAGAGCGGCACAAATCTGTTGACGACTAATCATAGAATGCAACGCCACGGAGCGGGCTTAACTTGAATCAGCCCTCTCATAATGATGGGAGTTAGCCATACTAATTCCGAAATTTGTGTACATTTTATTGGTTATTCTCATTAGCCAGCTCGGTCACTCCTAGATGTGCAACAATCTCAACCACTAAGGGAGGTGGGTTGACCATTGGCATGAAAGCGGTTATGCATTTCCTACGAGCGAGTTCATGGTCGACATTGACGGTCATGGAGAATGATTCTATCACAGTCCGGTCTGCGAGGTTCTGCTGCGGAAAGGAAAAACATAAACATATGCCGAGTTTGGGGTCCTGGCGTGTTTCTAAAGCACTTCGTCGGGCACTCGTGAGTCCATTTTCCCGGACGCTTACTCGGCTCGATGTTTAGTCCTGGCGGCAAAGGGGCTAACTGTAGCGTGTCAGAAATCCCCACCCTCGACGACGAGGATCGTGGCTCTTTTCAGACTGCCGCACCTATGTATCCACAGGTTTCCGTCCAGCTATACAAATGTGCATTGCTCGCTACTGCAAATACCGGCAATGCGTTCGGATAGCCCATGTTCCGTCGGAAATAACGCGTCGTCCCCGAGGTAGCAAAAAGATGGGCCGCCGTCCTAGGTTAGAGCGAATTGATCTACCAAGCTAGCCCCAGCTCGTACCCGGGAGGAAACTAGGCTCATGACCGGTCGTGCCCGGACTGCTGTACCGCAGCTCATGCGTCAGTTACTTGCGGCCCTTACGGGACCCATCGTCTCCGGCGGTGGTTGATTTAGCGTCCCTGCAGTCAAGCAGAATTCGCATTATTACTTAAATTAGGGGTCTTACTGATTCATTTCCGACTTGCATTGAACGACGGCAAGACCAAATAAATAAACGATATTCTTTAGCATCCTGGCAGCTAGTTTTTTGCACGACGGACCCTCTAAACACATGACTTCTTAATCTGAAACCCAACCACACTCATTACCTGCATAATTGACTCTTGTGGGGGGTTCTACTCGCTGGCTGACACTATGTGGGCACGCATCTTCTTTGGAGTACATTTGGTCGTGTAATACCTTGTTTTTTGGCATTTCATTAAGTGCCGAGACAACCCTCCGTGCACACGTCAATAGAAATTGCTTCCTATCGGGCGGACCCGGCGCCGAACAATCAACGCAGGTGTGTATTAAGCTGACAGCAAGCCGGTTTCGCGTCCTTGCTAAACTATTCTATGCCCCTGTGAAGGAAGAAACATTAGCCTTTTCTCACTGTACTACTTGATTATGCGGACGCTTTGTTCTGCGAACAAGTCTAATCTGAACATGTCTTGATGAGTAACGGAGCAATCTGGTTGAGTATCGTTACCAAGTGCAAAGATCGTGGATACTGCCCCCTGATAAAAAGGTCTTGGAGATTAGTCGTCCTACGGTAAAGGAGAATCGATTCGATCTCGCCAAATCACTCAGCGACAAATATTCCATTTCAACGACCTCCTAGCAGATCGGGCCCTGCGACGGATGAGAAACTATTAGTGAGCCGCGATACTTATAGGCTTAGGACTAGTTCTTGAAAGGAATCGCTTTCTCGCACATTGGTCTCCCCCCCGAGTGCTCCAATTTAAAGTCTATGTTTTTTACTCCTTCCTTGTACTATTGGGTATAATTAGGGGTCC,1995,47.57,Mus musculus
SEQ_108091,ACTTAAAATTGTCGATGTCAGCGCTATCGCGAATCAGCCGCCATGACGCCCGCACGTGCAGAGCATGACAAGAAAGGACCTCTATAAAAGCGGAGTAGTGTCTCGACAAGCGTTTACCGTACGAGACCCATCGCGCCAGTATACTCGTGGCTAGAACCATACTTACGCGGAGGCAAACTGTCGCTACGTCGACGGCGGGTGGGCTTGTTGTGCCTTGGTTATGGTGGCGCATCTCAGGAGGATATGCGCGGAGAGAGTTTGACAACGACTTGAGGGCATCTCAGTTGGCGACACTTCGGTTGCGCTTGCCCTGAGGTTTAGATTCCATGTGCCAGCTGGGTGGAGCCCAGTAATTGGTGAATTGTGTCCATTCAGGCTACGGTATAGATCGATGGTAGATGGAGGAGGAAGGTACAGAATTCCTGCTATCAGGAACTATATCTAAGGACTCGGCTTTAGAGCTCTAAAGGTGTGGGTTCCGTCCATTACCGCAGAGAAGCCTCAATTACGTAAGTATGTGGTTGCTAAGCAATTCGACATAGTATGACGCCCTCGGGCGAGCTACTTCCTCATTCTTGGGATAACTGCGTACTGGGTTTCTATTCTAAGTATCATGACGCGCTCGCGGAGATATCACAAACTTCGTTCCGGAAGCGGACGGGATCCTAAATTATAGGAGCGTGGGAATTAATATTAACGCGGACACGACGGGCAAATGCGGAGCATGATACCTCCTGGCTTGTCAGCAGTTTTTGTACTGCTTCACTAGCGTTTACGATCGTAACAATCCTTGGATGTATTCCTTATAAGGGGAGCAATCTGCGTGAACAATTCTTTTGGCAGGGCTATCATAGGCTAATGTATACTAGCTAGATAAACCCTGTGTACGCTCGGCGATAGACGACCTCGGATTTTAGCTTAGAGATTGGCCCAGAACCTAAACGGAAGCTAAGATCTAATCGTTGTTGCGAATTGAGCGAATCGTACGACAAGCAGGTGGCAAAGCCTCGAAGCGTGAGCATCGATGTGCGCCTGAAAAGTCGCGCAACTTTAACACCCAAACCGGGCATGCTTACTACAAAACAGCTGGGTATCGCTACGTAGACGTTCGGCAATGCCTG,1121,49.78,Arabidopsis thaliana
SEQ_545247,GTGAGGTTCCAGCGAGGTGGGAGAGCCGATGCATACCGAAACGCTGAGCAACTTGATTGCGGTGTCGAGTGTGCCTAAGGTATTACAGCGACAAGTGCCACTCGCCCGGGAATCGAACCGTGTGCCCACTGTTTACACCCATCAGAGACAACGTTCTGATTCGAGGAAAAAGTGCCCGGAAGCCTAGGCTTTATGAAGTAGGGTGCTCCATCACACAGAAAGCGTAGAGTGCGATGCCCGGATTCGATGGACTTAGCAGTTACTCACGCTTTGAAGTCCTAGACCCGCCCGTCATTACGGTGTAGAAACTCAACTCTTGCTGGGTAGCCTATTTATTCTCATGAAATTAAAGACTAATCGTGGATAATGAGAGGGGTGTCGTAACCAAATCTTATGGGCTAGCAGGCGTCCAGAACCTCCCGCTCGTATGGGGAGATGTCAAGTTGCTGTCATTGGGAAGTTCAATACGTATCGCAACCGCGGGACTTAAGACATAGTTTGTGTTCCCTATGTACCGGTCTCCTGAGCTAGCTGGGGTAGGTTGTTCCTAGGAGCCTCTTAAGCGCGTACTTCATTATAGTGATTAATTGAGGCCGTACATCACTCATGAAACTTAGACTGTGGACTTTTAACACACTTTTGTATAAAAAACGGAGGTCTCTACGCTTGTTGACCCTCAATGGTACAAAGTAACTCCTAAACAGCAGCATGCGTTTGTGGAGCTGTAATCTCGTCGGTACTCATCGGTTCATGTCTACTTGGTTCCCGCGGCTATGAAGCATCTTGCCGCCCATTCGGGAAATCGGGCCTAACCTTGCAACGGCTCACTATGATTAAAAACCCTTGCCAGCCATTAACCTAATACTCGTTCAGCGTGCACGACTCAGGGAGATGACCTCCGGTTACTGAAATGTTTCCTAAGTTGTGCGAGGTATGGAATAGTTTATAAACCGCGGCTTTGATACCTCCAACTATGCACCTGGAATCTACGCATAGTTTTAGGAAACCAATAGATGTAGCAGGGGATCAAGTTGTCATATCTAGGTCGCCCGACGCAGCAGCGAGCAGCGCCTCAGCTTAGGTGATCCGGGCCAATGAGCAGTTCCAAGGAGGATTTCGATCAATTAGTAGACCCAAATCGAAAGAAACTATCGTATGATTTGAGCTAGGAGCATAGAAATGGCAAAGACGATGAATGATACGGAGGATTGTGACTCATTTTCAGAACACGTCTAGGACTATGGCAGATCAGTCAGGAGCCCGGTCGTCTCGACTACTCCCGCGAAGCGTTGAGTGCTGTTGTTAGGGAGTGAGTCGCTGCGAACCTTAGTCAAGCCAAACTCCATCCCGAATTGCAAGGGTTCACTGACTAGTCTATAGGGAACTGCTTCGCTAAGGTGCGATTACGATGCCAATATGCCTGCGAATGGCAATCATCTGTGCTTGGTCATTCCGGAGGGGTTAGAAAAATCGCTACAAATCAAAGGATCTCCTCTTAGCTCACCGCCTTGATTCAATCGGAAAGAGTCGTGCAGTACACATGCCCTGATACCACGTCTTTTTGCGGCTAGCCAGCGGATAGGCATTGGGAGTGTTAAATAATAGCCAAATCAGTTGATGCACATTCGTTGAAGCAGTAAAACGAGGCTATTTATAGCTATTTGAACTGGGTAGTCGGTGCACCGGGTACCGCTCTATCCAACTT,1705,48.33,Saccharomyces cerevisiae
SEQ_984594,TATTTCAACCATATTATACGGCACTCACACGGCTTACGGCCGTTCGTGATACTCTTCTAGTATTCACCACATTGTTAATGATTCTGATTGAAGATTTGGCGTTTTTCGATTACATAGCTCGGATACCACATTCAAAGCACTGGCTCATCCAGAGCGGCCTGTGGCAAGGTGTCAACCTCGACGTGTGCACTCCT,194,45.88,Caenorhabditis elegans
SEQ_285118,CAAGCTCTTACACCTCGAATTGGTTACAGCGTGCGAGTACAGGTTAAAACTTAGCCTTGCGTTCTCACGGGCGTGCAGATGGGAGTAACCATCATTCCTTCACAGACCGCCGGTCGCGACGGTTCACCATACTTTCGATTTCGACGCCTCAACTTTTCATCCTCCGCCCTTGATACCCCGCACCTTCCTGACAGACCAAGTCTCCATTTACCCTACAATGTTCTTATAGGTCGTTACCTACCGGCGGCTACCGCTTGGCGCCCCGGACCGACCTATTCTCATAATGGGACACCCCTACAATTGAGGCGTCCTGGAAGCAAACCACCTAATTAACAGAACGCGATTTGCCTTGCGCCGAAGGCAGTTTGAGACCATCGCGTCATTGTAGCGGTCGCACAACAGGAGCCATCAGTTTCGAGGCGGGGTATCTCGGGGAGCGCCATATATAGTAGTAGGTATCGGAATATCTCGGTCAGCTAGTTTGTTGGATGAATTCAGTCTTGGACGAGTATCGCTTGGGTCATTGATCCCCGAATGAAGGCCTGTGCCATCCCTCTGTGGTCCGTAGGAATACCGGAGCCAAGCCTAATTAATTGCGTTATGGGTTTCGTCTAAGATATCTTGGGCTCATCATGGGCGCTCCTTCAGTCTAATCCACAGGGCTTAATAGACCAGAGTTTCGACCCAATTACTTCCGGCGGATAGAGCCATCATCGCTGAGGTACTACAAACAAGGTGCCAGTCCAAAAGGAATAATTTTGCCTAACAGTAGCGATAAACTTAACTAACATGACGACATGATCCCGACTGCTTTGCCAATAGCAACAATAATTGTCCTGGGAAGTTTTCGGATCGCAAGGGAGGGTTTGGAAAGAGAAAGACTCGCAAACGGTATTCGGTCCTACCACATAGGGGGCAGTTAATACTAGCTGATGCTGTTGGTGGACGCAGTCAAAAGTGGCATAACGGCATAAACCGACGCTCTACTGGCTACGCCGGTGTACTGTTGGGTGGTAAAGAAAGCGAATACTCCCTGCCATGCTGCGTGCTTTGCGGTGCCAATAGCAGGCGGAAAACTCGACTATCCGTTAAAGATCGTATTAGAACGGCTCAGTCATCGGTTATAGGGAATATCGTGCAGACTAGTACAGTTGGAAGATCAGGTAAAATTAATTGCCTCTCAA,1184,49.58,Homo sapiens
SEQ_394309,TGAGGCACATTAGCTCTCGGGAGCGACCTAAACCCACTTCGCCCCTTACTTTCGGGATCCCAAGACATCACCGGGGTTATTCCGGAATATAGGGAAAGTCGCTCAATAGACGTCGGTCAGTACACCCAGCTACGAGCGCAGACAGTCCTCTCGCGCACAGCCCTCGCCCACACCCTCTGAGCAGGAGGATTAGACTAGCACAGGTCACTCCAGTGTCCCACACCAATCGCTGTCTAGGTTCTATCGCCATCACGTCCTGTCCGACGAACTCACAGTGGTGGGGCCGATCGCAAGTGCATGAGCCTTGTCCCATCGATGTGGAACACTGGTGTCGTCAGGCATTTACCGCTCGTTGACCTGAAGCTTCGGGCAGTGTTGAAAACCCTCGTTCCTGAAATTGTGCGACACATTGGGGACAGCGTAATAGAATTCATAGGCTTCGTGCGTGGAACGGACCCAGCCGGCCGCCCTACGGAACGCGCTGCCGGAACTGATTTCCCTACACACCAACATGGATGGCAATCAGCGGGAGCTACGGCTACATTTATGAGATGGAAGGTTACTGATATGACGTCCCGAGACGATACCATGATACTCTTTCATGGCCGGTGTTGGTCGCAGGAACCTATGGGTAGAGAGGCAGACTCTACTAAAGATTAGCGATGAATTAGGATATCTGGTTGCCCATACATTGGCGC,698,54.15,Drosophila melanogaster
SEQ_357393,TATAAGTGGCGGATTGGTTGATCCTGTACACGATGATACTCCTCGAGCGGTGGCTCACACACTTCGCATCCATGAGTTCCGCGCCGCCCATGGTCAGTCTGATAGTCCCTTCCTTAGGCTTAGCCCATCGAGTTTGGGATGGGATAAGGTGAGCTGGTGGAAGAATAGGGTCTACCGAACCCTACGTCAGAGCCTGTGGATCCATGTGAACTGTTTAAGAATAGACGAACACAAAGAGGCATTGTGAGTCGCTCATAACTATCAGGCTGATCCGATAGTGCGAGCTAATATTTCTTGAAGGCACCGTGTATAACTGACACGCTCTCCCGTGTGCTAAGTCAGTTTTAGTGTCAGAACGGTAAACCATAAAAGTATCCGCTGCACCGCTAGAGCGTGAATATCCACCTCGGTCCACCCCAAAGCCTTGTATCCGCAGCTTATAATATACGGACAGGCAGGCCCGCTCGCCTTTACTTAGTTGGGACAGGGACGCGCTAGTTAACCAAGCCCATCAGAAACCGGTCCACTAGCGTAATTTTAGTTTTCACGTATTCTGCCGGTTGCTGATAGCGAAGAGGGACTATTCACGCGTAAAATTAGCTCCGCTGCCTTACGACTACGCTAAGGATACAGGATACAACCAGCTCGTTTGGAAACCGAGTGGCGTGATGGGTGTCGAGGCTTAGATAAAGTTCGGCACAGGGGGTTTTGATGGGGGGTGTCTGTGAAACAATTGAATCCATGATGATCTACCCCGCTGCTCACTCCGAAAGTTTCGGTGGCCAAAAATGTCCGCTGAGTAAGGATTGAGTAGCCTCACAATATCGCCTCCGATGGACTCTCCCCCGATGGAGGGTTGAAAGGGGCGGGTTCCGAATCGGGCTCCGGGCATCGCATTGCTATGTATCCGTGTAGGCTGGCTTTAGCATTAAGACCGCGGCCTTAGCCGGAGAAGGTCATTCTCCGCCTCGGTGGGTTGCCGCGTGCACGTTGGATCTCCGCATTTGCCAGTTTAAAACATGAAATTTTTGCACTGTTATAATTAAAACAAGCGCACGAGCCGTCGGGGCGAGCCGATCGTCGGATACGCAAGGTCCAACGGCGGTCCTAAACACGCGCTATTTTGGGAAACTATTATCAGTATTACTCAGTTGAATATCGCAAGGGAGTCTACTCTGAACATGATTGATATCGGTGTGAGGGAATATACTACACGATTGCCTTACCTTCCTGAGGTCCTGAGCCGTCACAGATCATGACAGTGTGACCCTCATTACGTTACAT,1284,50.47,Saccharomyces cerevisiae
SEQ_262036,GATGTAATAGTGAAGCCAGTAATTTTTCAGCGCTGAGGCGGAATACGTGAGTAAAGAAGAGGCACAGTGAAGCTCTGTCGCCCTATACTCCCAGTTTAGGATGCTCTAATTGGAGCATACGCGTTATCGGGCTTTTTTTCGGGCTTGGACTAAACTTGACGACGGCAGTATCTTTTCAGCCACCTTCTTGCCGGCAAAAGGAATGCATAGGACAACCACATGTGGGCCACTCGCGATACATCCGACGCTCGATTGCGAGGGTAAATCGCTGGTAACGCGATATACACTAGAATCTATATCTTGTACCCGATTTCGTATCCTAAACCGATCTGACATTTATTGTTAAATCTCCTGGCGTAGCAGCAGCATAGTAAGTGCAGGTGAATCGAACACGTGAAGAGCGTCCTAGCCCGACATCCGACGGTAGTGGCAAAGGTTTTGTCTCTTTTGGGGTGGAAGATCAAAGCCGACGCTGCTAGACAGTGCGCTCCGCGTCTACAAGAGATATCCATGGCAGGGACAATGCGTCGCACATATCGGTGTCCCAGGTCATAGCGTCATAGCTTTGAACCCGGAGAGAAGCCTAGTTGGACGAGGAAACCCCATCCTTCACAGCGGTAAGTGCCCCTATGTGTTGGGCCTATGGTCGAGGCAAACGGCTGCGCCCTTATGCTTGGATGGATAGTTTGATAAAGGTTGTGGGTAAGCGTCGTCCCACCTCACTCATGCAAAAAGATCCTGTCGGTGTATAAGTCTGCCGACGTGGCCCGGATAGATTGAGCAATGCACGGGCGCCTCTAAAAACGAGTAGCACGTCGCTAGCAGGACGGTAACCGTATAGGGC,844,50.83,Homo sapiens
SEQ_745427,ACCACCCCTTTAGCAGCCACAAGTTGACGTGCGCCGGTCGGACAATGATTTGACAAACGCCAAGAATGTATGTTGTTGCCGCTTGAT,87,50.57,Drosophila melanogaster
SEQ_927940,GAGGACACGTACGCACCGCTAGTACGTAATATTCGACGTGCGAATAAATGTATCGGTCCGACAGTATGGGTAGTACGCTACGACGCCGGCACGACGAGGCAACAGACAAAGACAGTGATTCTTTGATGTGTAACTTGTTTTGCTCCGCTGCGAACCCTGCGTGTACCAACATGTCTGCCGCTAGACTCAGAATGGCAGACATTCCTCCACGCCTAGGACAATTCTATTGTAATAGGCGTCCCCTTGTTGGTCGCTCCCCCCTTAGCCGTAAGGCTAGCGGAGCCAGCGTGTCCCGCCTTCGAAGTCCTCTTGTATCCATAAGAACACCAGCAGGCCGTCGATAGCGTATAGTTCCAGGGCGATAGTGATCGCATGGCAACTACGGTAGCACGCGCTGGCCAAGTCTAATCATTGAAGGTATGAAGGGTCGGCATTAATAGATCAAACTTATGGCTAATTTTCAGGGCAGAGTAGCGACAAAAACTCCCGAGTTGTGTCCGGTTGACTCTAAGTGGTACGTGACGATTGTCTCATAAGCGAATTCTACGCTGTGTATTTATTGACTGGTAACTGCAGTGAGCACTTGAGTGGTGTTGCTTGGGCTTTTTAATACTTGAGGCATTACGCTTACCCGCCTCCACGGGAGGATGTTGTAGACATAGCAATGCACACAAACCCTCTATGACGAAGCTAAAGTAGTGGGGAGTCACGCTCCTGGACATCCAATTCCGTAGCCGGAGTTATGCCTCCCCGACTTCTTCCCTCATACACGTTAAACCATCGGCTGCGGTTATATTTGGGATAACTCTGCATTGGCGCGGAGTAATCAACGGCTAAGGGCATCGGTGGTCGCTCTCCGAAAGTCTAAAGAGGACCGGGGCCACCACCACAAAGACGCATGCAATACGACTCGCTGCGCCGGGCCTTTTTAACCTGTGGTATGGTATTGTTTCGGTAGTCTCGGAGTTATTGCATGGCATAGTTGTTTCGTGCACTACTCGCGGCTAGATCCCTTATTATCAAGTGCGGGAACCGGTCATATATCGCAGGCCGTTGGCGCCGGCTTAAGATGGTACGTCTACATGGTTCGCGCTAGAGAACGGAGGCCATTTTAGGCGTGTCCCAAGAAGAGCTAATAGCATAGGGTTATAGTGGCCATAGATCATAATATGGGATAGTTATATTGGCCCCTCTCCGGACAAGGGATCCACCTTATCTTGCTCCGCGCCAGCCTAGTCGCTCCACAAACAGAACCGTTCCCGGCCGGGTGTAAGTATCTTTAAATGAACGGATTGAATAAGAGTTACACCCGTATAACGGCGTATTCCGCCTGCTTCAGCGGTTCAA,1347,50.71,Drosophila melanogaster
SEQ_931072,GGGCTCGATTTCAAAAACGAGAAACTGGTGGATCTGCAAATCACTCCGAGGTAACCAATCAAATGCGTACACCTAAGGGGCCTGCCACTTTCTGCCGTATTATGGATACGCTCTATACAGGGGTTACTTCGTCCCTCCATCTCGGAGCGCTGCCTGGGAAGCCTTGATACGGCCTGAGGCAGTCTATTCGCCTCGACCTTTCCTTCCGTTAGAGGTCTTACATCGGCCGGAATTCCCACGTCTCGGTGTATCCGCGGCTCAACAGAAGGGCAATCATGCGTCTTAGAGTGTCGCAAGTTGGATCAATGTTGATTGAGGCAGATCTGACTGGGGCAGCAGACAGGGGTGTCGCGAACCTGGAAGCACTGCTATGTGTCGCTCCGTGGCGGTCCCATCTGCCAGCGAGGACCTGCAAGCGGGGAAGCTCGTGTTTGCCCCCCACCAGAGAGACCAGTAGCGTGTTTTCTAGAACAGTGTGCCACCGAGTAGGTGTGTCCGTTCCCAAGGAGGTGCTTCAACGGCAAGGTGCCCTGAGAAGCTCTTTTAGTAATAACCATCCACATATGAGGGAATTTTGGGTTTTCAGATACAAAGCCGTGCTGAGCGTTCACCTGGAGTCTTTAAGTCGCCTAGGTAAGTGTCATACGGCTCAAGAGCGGCCCGAGGTGAGCGAAAGTTTTCAGATGAAGGCTCTAGAAACCGAAGTCTCGTTGGGACAAAACAGAGACCAGTGTAAGCCCTAGCCATAGGAAGATTCACAAGAGCCACTAACACGATCCCTCTCTGTTGGGATAAGTCAGTAAGGTGAAGCAGAAGCAGTGTTTCTACTCTCGTAAACGAGTGTTGCGGCCTCTATGAGTTCACAAGTGGAATCCAGTTTGCACTTTCAACAATCCGATAAGATGTTTAAAGTCCATCCTTTATAGACTTAATCAGAAGTATGACTGAGCATTTAGCATAAGACGATTCTTTAATGGGCGCCATTGGTGTTCCAGGTCAAAGACAGGGATTACCCGGTATCGGGTCGCCTATAAAAGCTCCGGATATCACCGGCTGCGGATTTCGAACCAGGATGCATAGCGCCCCAAAGTTAAGCATCTACCGTCACGCTTGCCTAAATTGGCATGCACCTTCATGGCATTCGGACCCACATAGGATGTCAGTAGATAAGAGACTCGCGAAGAACGATAACACTTTTCACAACGCCATCGATCCGTCAACTTGGTTGCGGTTTGACCGAAGGAGCGAGTTCCTCAGGGCCCGTCTTATCTTGGAAATCGCTAGGACCCCTTCCGAGTTCATCCCCCCCTGAT,1313,50.95,Escherichia coli
SEQ_430985,AAAGCCTGTCACTTAGTTCGATCCATTCCTGAATCATTCGCGGCACGCACACCAGGACCTCTAGCCTGAGCTCCTCCTGGACTACCGTTTATAATGCTGCTTGATGCGGGATTGGCCACGCCACCAGACTCTAACAGGTATTTTCACACTTGTATGTAGGGCACAACGTGAACTGAAGAAGTATCAGTGAACACAGAATCTGATACATGAGTGTGCGCCGCAGACGAAAGTGCGTTGTGCCGGAGTGTCGCATTGTAAAGGTCCACAATCGGCGCGACGACGTTAGCTCTCACCTGCCAGGGTCCCCCACGACTCTTTAAAGACTCACAGGGACTTCATGTCATTAACTCAGTCGAACGGTTCAGTTCACTCGCTGCGTGGGATTCCAACGGTCTGCACACCTTCAGTCCAGGTCGTTATATAAATTTCTCTTCAAAGCAACACCGTTATGAAATCTGTACCGTGCGTGCCAGTCAAGTAAATGATAACGGTTGACATGCGCCTAAAACCCATAGTACGGGTAGCGTCAGCGCTACGTACCCATCTTAATGGTCGGCTTCATTCTCATGTAACAGGAATAGCAAGAAGGCTGGGTAGGGTTGCACAAGGCAGGAGGATCGTTTCTTAACTTCCTACTGGAAGACTGCTCGCTCGCAATAGATGACTGAGTAGTTGCAACTCATGATCACCCAAACTACAGCTGATAAGGTGTCTCCCATGATCTATACGTAAGGTATGACGCGCATGCGGGATGATGCGATGTAACGCAATGATGATTGAACCGGGCAGTAGGGTTCCTTAATAATTGGACCCTTTCACGTCAAACCTTTACAATGGGTAACGAATATGGCTATCGACATACGAGCGCTTATT,873,48.57,Homo sapiens
SEQ_162526,TGGTCCATCACGACGGATAAATCAAGAGCAGCTGCGTTATACATTACATGCGACGATGGGGCTGCATTCTCAAGATGTCTAAACTCAAGTAGCGTATTCTTTGTGTCCCCTTGCCGGTGTATGACTGTAAGCTTGCGTTAAAATTGTTAAGGAGCCTCTTCAAAACCGCCCAACGAGTCGCTACATCCGATCCAATGTATGGCGATTTTCTTGTATGGGGAGGTGTAGTATTGCCGTATTCGTTTACGTACTATCTTGAAATTAGCGTAAATCTAATGTGATGGGACATACCTGTCACCCGCTGGTTGGGCTGACAATCGGGCTAGCTTCGTGCGACGAACAACAGGATTACCGAGGGCGCACACAGTTCCAACGCAAGCAATGTGGATACATGGCGGACCGTACGGGATGAAGTACTTCTGGTTAGACTACCTTATCTGAGACAAGTCTACCAAGGAGGAGGTCCAGAATTATGTAGCCTCGCCGAATCGGATCCCTTGCTCAAATCTCGGTCATCGCTAGTACCCCCATAAACATAGGATGGCGCCTTCGCTCTTCATAGTTGGATAACAACAAAGTGTACGGTCTCCTGCTGATGGACAGAAACTGGCATCGGCAGCAGTGACCCAGCGACGTATATCCATCAGAGAGTTAGGAAATGTTAACATTCAAAGCTACAGGGGACGTTGTGCACATATGGTACTGGATATACATGGGTCAATAATGAGTCACAATGTCTCCACTGTTTAAAACCCCCATCTAGCAAGCCAGGTGAGTCGAGGTCACTCTCCACAGCCACTCCCAAGGAGAACCCCCGGATATGTGTCTCAGCCAGTGATAGTTTCTGATCTGTTACCATCTCCCGACGCAGTGCTTTGAAACGCCGACCCCCCGTTAAGAAGTGGTTAGGCAACCCGCCAGCAAGTGCTAGACCATCAATTCAGAGCTATCATTAGCCTTGAACTAAGCGCGTTGTGTCGAACAGGCGCGGTAAACTCAACAGAACGAACGTATGCATGGTCCCCCGCTAACCGTCACCCGGTGAACAGCTTATGCCTCGCAGTTCCCGTTTTGTTTGTTTCGATCCTTACATAACTGAAGTGAATAACGCCGTCATTTCCGATAAACGCATGACTGCCCCATAATATAACCGGCTAGGATGAGAGTTACAATCAGGTGGTACGGGTGTTGCATCAGGAGCCTCACCTTCGACAAGCAGGACGCCGATTGGAAATTCTATGTCGAACACAGTAAAGGTGCCGGATTCATTCCGTTATTGCTACCCCGCAACCACTGTGGGCGCAGCCTGCACAGTGTTGGTCAGTGGGTGCCATAGATAATCGCTATTTTATTCCTCCAAGCTGTTCGTGTGGATGATCTAGGCGACTTTTCTATCGGAACTTGGCACATCACCCGGATTGTTACTATTGCTCCACTCGTAACGTTCAACGCGCCACCAAACCAATATTGGAGGTAAGGAGCAGCGGATTGATGTACATAGTTGGTCGGCTGCCATC,1517,49.04,Mus musculus
SEQ_522472,ATCGGAATGAAGTACGTATGGGATGGGACTCCCGGGCCCTACTTGCGAGTTGTGAGGGGTCATTTCCTCTACATCCTGAGAATGAATCTTTTTCCAAGGTGCCGCACGTTTCTTACGGGTCCGAAGGTTCGACGGTCATGCCGTGACCATGCAGGTCTACGTCGTAGCCGAATGCTTTCGGCTTTGCTATGGCTCACATTGGACCCCTTA,210,52.86,Drosophila melanogaster
SEQ_361555,CGGTGGAAGCGTCGGTCACGACGGGCTTGAATTTACTTATCGTGTAAACCAACTCGTAGCTTAGTGCACGTTGGCGTTTCAGTCAGTAAGGTCGACCAAAGTTCCGTACCAGTCTCGAGAAATGCGTGAAGAAGGTTTCCTCTATTTGTAGCACACGGTAACCTATGGATCTGCGTCACAGGAGTCCAGACTGTATGACAAACCCTTGCGCATAGACTCAAACAGATAAACTTCTGTATCAGACCCCCTCTTCCCTGATGGAGCGCAGCCTTACCACTTTAAAGGGTTTGGAAACATAGGATACTCCGACGGGGTGTAAAGTAAGTGGGTAATTGAGGTTTTCGCGCGCTGCCGGTTCTGTGGGGATTGGCAAGAGTGGAGCTTACCTGACCGATGGGGCCAGCCGCGCCGACAGATCAACTGTCCTCCTTAGACCAAAAGGTTACCTAGGAGTAGCCGACACAGTATTACGCAGACACAAGATACGGGAGACTCGATTATATTATAGGCGACCTACATAGCACCGACAACCCCACCCTGTATATCGGCTAGGATAAGGACCAGATTAGTATCGTTTTCAGGGAATGTAGAGCGACAATGTCGTCTAAGACGTCCAGAACCGGTTCAAATAGGTTACGACGGGGGCGCACCAGGGTGCCAGCGTCGCAAAAAGTCTTGGGAATGACGGGGGTATGCGGCTATGATCCAGTAGAGGAACCTGAACGTCATCCAAATCGCACTTTCAAATACTATCTGAAGCCTTAGCGTGTCGTTTAGACGCTACAGACGGTCGCTTAGGCGAGTCAATTCATTTGGGTCATTAATGTGCACTCAACAACCCCACGTATTAATATAAGTAGCTGTTATCATGGTTAACGGCCAAGTATTTTGAATCAACCGGGATACGGGTCCAAAGGAGTAGCAGTTAAATTCGTACTATACCCCAACTGACCTGAGGGCGGATGTGCGGTGTAGGGCCAAAAGTCTGGGACCATCACGACTCCAGTATTTCAGCCCGTCTCAAATTAGTAAAAATTTCAAGAAAAACGCGTGTTCTGTAGATGCTATACGCATTCTGACCGTTGTATCTCCTTCTGTGTATTATTGCATCGACTATAATCCACTTCGACAAAATGCGAAAATAAAGTTTTTGTGGGAATTCATACAAGCCCTACTTCACGGGACCTGAAGTAATCCATTAGACACCTAACGTTTCTCGCACATTATAGCATGTTACATACGCCTGCTTAATAGA,1255,47.25,Drosophila melanogaster
SEQ_438460,TCCCGCCCGCCAAGCCCCTGCGCGAATTCTCTTAGAGTTTCTGGTATATGTGTAGCACGATGAGTCGCCCATGGGTACTCTTCTACTGGGCGACGGCTGCTACCTGGCCTATAGGAAGGACGGGGAACGACATAATCATATGCTTGTAGCCGACAATCTTTCAACCTTAGCAATGCGGTTGGCTGCCTGTCCAAGGCCCCTCCTTAAATCCTCGGTCGCTTCTCACACAGTACGTAGTAGGCAGGCCATTACTTGAATGCTGGCCGTTAAAGGCCATCCCACACAACTTGGGAACGTTATTATCAATGTCTAAGACCACTATGCTGGCTACTCGCCAGCACCTCTTACGAGCTCATTCTTTGATTCCTCTTAGCTAGATCAGATTTAGTCGATCCGCAGATTTCAGGTATGCATTTTATGAAAGGCCAAATGTAGTGAACTTTCTGGACAGGGACTGTCCACTTAGACCTTGTGCGCCTAGGTAGTAAAGCCATCTGGGCACCTGTAGCCCGTGATTTGGACAGTAAAGCCCCAACGGGTAGGATTACATGAAGTGTACTACGTTCTACACAACGCACCGTGCTACTCCGGACTCGGAGAGAGGTTGTAACCGTGACTTTCTTACGAAGCGGCGTCATCGCGTTGACGTACCCCGGCCCGTTGGGGGCTTATACATTATCATCAGTAGTTCATCCGCAGGGCCGATAACCATCCGCAGCGTTAGAAATATGTCTGTCTTATGTCTGTTATCCGATCATTTAATGAGGCGATTTGGGCGGGATATGATGTGTAGCTACTAACTATCGCTTAGCGTCGCATCCGTAGCCCGGTCTCGTAGTGTGGATCTTCCGGGACTCTTGTCCTGGACGTTTAATATCGTATGGGGAATCCGGACTGGGTCTTGGCTGTACTCTAGTAAAAGCCCCCTCGTTCCAGAAGAACGCTGAGGAACCAGCGCCCATGCGGGACCAAAACGAAATAGGTCCGAAACGCATGCTAGGGCGACGGTTGCGGTAGTACCGCAACTGGGATTTTACCGTCGGTGTCTAACGCCTTCCCCGTGACCCGTCAAAATTATTATGCGAATCACACGCCCGTACACTCCGGACTCGGGTTCCTTATGGGAGCTTAGTCGCACTAAGACTCCAGAATACGATCATTGCTTCCCTACGTAGTAAAAATCGTGCCGCGAGCCCACAAATGCTGGCTGCGCAGCAG,1218,51.4,Saccharomyces cerevisiae
SEQ_534472,AAGACACCCTGTGGACATAGAAAACACCATTTGTTCTGCAGACGTTCCGAGGCACTTCGTGCGTGCCTATTCACGGAAAGCAGAGGGTCTGACAACCCCAAATCGATATATAGATCACTGCCTCACCATAGTAGTGCACCTTAATAGTTTTAGGGCCTGTCACTCCGAAGAATCTTTCCTTGGGGCCAGAATTTGTTCAAAAGAGCGGTCCCCCAAGGGTGTGGAATCCGTCCCCGGCATTGGTCACAATCCCAAAGGGTGCTATAGCATTCTTAGTTGCACGCTATAAAGAGTCCGCACGCCTTCTATCGACAGCGTTTTAATTAAGGCCACGTATCGACAAATCTAGCGTCTCCGCTTTCAAAACTCGGACGGTTACAGGCGGATTCCGCCCCCACAGAGTGTGTGCAACTGCAGTGGACATTGTGGCACTGGTAAAGTCTCAGAATTGGTCAACCTATGGAGACTCACTGAGGCTATCTCTGAGCTTGCGAGAAAATTGACTTTGCAGGCGGGTGAGATGTTATACACGGAAGTCTCATAGGCTCCAAATAGTCCGTTTAGAACACATGGTGCTCATCGCCTACGAGCGTTTCACTTGCGGTTCAAGATCTTCGTAACGAGCGGCACTGACGAAACTCCGCAAATACACCCTTTACTACGACCGGCTTACTCTACCATCATGTATATGGCCACTGAATGAGCCAATACTCATTGGCTTTATGTAAGGCCGTCTAGCAAACTCGACTAAGCAAGAACTAGTACTATTTGGTGCAGCGTCTTAGTGCAGCAGTCTAAGAAGACCTCAATTAATAAGCCAACCCGCAAATATGCAGAATGTTGGGTCCTAGCTGCGGCGTTACTTATCATAGCTCATCGGATACAAGCCAGGATCGCCCTGAATTCGAGAAGTATGTCAATGTCCCGTCTCTCTGTAGGGATCCGCGAGGGAAGTGAATGCCTTGAGCTCCATTTTTTAGAGTATCTGAGTTTCTGTGATTAGAGCCCAAAGCGAGATGAGCTCGACCGGAGACATTGGGCAACCTAGCCCAACAAACACTCTCATTTGAAAGCCACAGTAATAATCCTCCGGGGGACCGGGATACAAAAAGTATGCATCTCCAGCCTTGTAAGAAAGCAACTAGACATACCCCATAGTCGATTATACGCCATCTCTGAACCCATGACGTCGATCTCTACGGTTCAATTGTTAAGTTGACAATCTCTCTGCTGGGATATAGTACCGCTGAGTACGGTGGCAGCGAATATCTAAGCAACCTTCGCTACACTGAACGGAGGCGTATTGGGGTATCTACAGTTGAACTGGTCACTAGTCTACTAATCTCCTCCTAAAGTGCGTGGTATAGACGCGGGCATAAATACTTCTCCAGGTCGGTCGTCAGCAGTTAGTTAAATTAGTGGGGTTTACTCACCAGTGTGTGCTAACGCACCTTATATTGCAAAGCTGTACCGGCAAGCTGCTCACGATGCCTTGATTAGCATATGTTTACCATGCGTCTGTAATATCAGTGAC,1534,47.72,Escherichia coli
SEQ_500143,CGTGTACTGCGACGACCGGGGGATTAATGCTATTCAGCCGCGTGAGTGTAGCCCACTTAGAGCTTCACCGCTACGAACATGACCTGCTGTAATTTCATCTGTTATCTGGACGAGCCCTGTGTTGGCCCGTGGCCGTGGAAGTGGAGCAGGGGGCCGTCTGAATGTTCGCGATCAATCAGCCTTTGCCCGAGGTCAGCGTGCTTCACCAGCGTTAGTCATGAGTTCCGAGTGGGTAGTGCACGGTAGAAGCCCGCCGCGTTCGCTGGGTTGGATACTGCGGATAGTGCAGCCGGAAGCATCTCTATGCAACACACGAAACCAGCCGGGAGCGATCACGTTGGACGCACCACGTGAGCGAACGGCTCGAATCCCCTTGGTCTTTACAAGAATCATGTATGAGGACTCCGACTTCAACCAAACTTGTATAGTTCGGACACCTGGAGCTCCTACGAACCCCGGTTTAGGGAAATGATGCTCTAAGTTAACTCGTCGCTGAAGACGAGTGCTACTTTTGCCTCCAAAGACAATATGACCCGGCACTCCCCGAACAGATTACACGGTCTGGAAGGACGCAGAACCGACCTGGTCAGAGGCCATGTACTGTGCGAGTCACAATGGCCGAGGCACAACGTACTATTCCGAAGCACGACTCGAGTGTTGCAGGTTAGCAAGGGCCGAGAGGCTCAACCGACTGCATAAGAATGACAACTCTCTGGCATTGGATATAGGTAATTCTCTTCAGCGAATCGGAAACGGCATCAGGACACGCAATCCTAAAACAACTACGGTCCTCACGCTACCGTTCGCTGGCCGCTCGAGTCAAGATAGATATGCACTGAGGATGAACACTCTGATACCCACATTGCTATGTCGTCCCGTGTCTTCGTTAAACTGTACAATACGGCGAAAGTG,912,53.29,Escherichia coli
SEQ_812639,CCCCTCGCTCTGATTCCCGAAAATGGGTCCTTATATCCAAACAGGCTAGCGGTCTACTGTAGCTATAACAGCCTGACACCTTGCGATGATCTGGACAATCTCCTAGCGCAAATTTGTGGGGTCGTGCGACGAACATGGGAGTTGGGTGCCCAAGCCGACGCTGCCGGAGACCGGATCTAATGCGCTGTTGTTACTCTTGTGCGATACAAATCGTTAGACCGGTTCCCACACCGCGAGAGGCCCCTTGTCTTCGTCCGAGAGACATATAGACAGGGAGACACAGGTCGGAGGACTCTCCTCACGGTGCGAAGCGGGGCCGAAAAGGAAGAACCGCCTAATGGACGAAAATTCGCTCCCAGCCCTTCTACCTAGTAGCTGAGAGGCCCAGACAAAGTAGGCACTCAATTTAATGTTGATAAATAAGAACACCCATAGGTTGGGACTTATAGGCCCTTAGACAATTGCATGGGCCAGTGTACCGGATACTCACCCTGCTTAGACAAGAGACAACTACGGTGTAGATGTATTTCATTCCTACTGCATGCACCGGCAGCTTCCGCTTTCAACGTACCGTCTTCCAGTTTATGACCGTGTCCGTGCAATAAGAGTACCATGCTCGGCCAACGGCTACCGGCCCTAACACACACGGCCTCATCATGTGGAGACGCATTAGGATTGGAGATGTTAGCGTCATCGGACTTCGTTCTTCAGGCCGCGTGCCGTTTAAGTTACATCAGTATGCTGCGTGGTTCCAACCGTCATGACGTGCTTCCCTCATAAGTGATTCTGCGTAGTACCAGGTTATCTAAGAGTTGTCGACGGCTGACATCACTTGGTTTCCTGAACTTTCAGTCTTGGGCATTGTACAATCTGGGATTTTCAGAGTGAGTATGCCGGCTTCCTACATGCCACGTTCAACACCGAATGACATTTGAAGTACACGATTGCCCACTACAATTGACCACGGGAGCCCGGGTGTGGCGGCGCGTAGCGCTGTAAGTATGTGAAGGCGCCCAAATGCAGCCACGCGCGCATCGCCTATAGCTCGCTGCCACCTGGGACAACGATGTGACGAGACATGGAGTTGGGGTGTAGCTGAGCAATAGTTCGTGGACGCACCTACGTGAATCACATATCGATCGGTCCAGTTGAAGCCGGGGTGGCGACTGTACACCTGTGAGAACCTCACGCGGGTAGGCGTCACGCTCCCGTGGATACACGTTCGGTGTAAGGTGAATGAAACTAGATTAGTTACTGGCTACCGCTCCGGAGTCTCAATTTATTGATGCGGACACACCAGCGCGAGAAACGTATGCGTGCACTTAGGGTGCACAAAGTCTGCTGAGAAGAGACGCGAAATGTTGACCCCACATATGATAAGGCGCATCCACAGAGGAGCCAACCAATCTCGGTCGCCGTAAGCGGCTCGATTATAGAATAAGGAGCCCTCGGCCCTCAGCCGCGTCTACTTGGTAGGCGGGGGCTCATACACGGGGGCGATTGGAGCATCCTCGAGAGGGTATATCTTAAGAATCCCGCACTTTTGCTCACTGGACAAGGCCTTAGGTGTTAATGGGAGAGAGTAACCTCTACAGGAGGTGGTTTACCCCCTGCGAGCGGAACTTGCCTGAATATGGGTCATCAGTAAGCTGGGTGCAAGGTAATACAATCCAGGAAGCCACAGGCTCGAAAGGGTTAATGCCCTGTGAGCATACGACCATCCTTCGCAACGCGTCTTGAGCTGATGCAATATGGCTTAGTATAGCATCTTCCTTAAGTTGAAGATTTACCATTTATGTGTGCCCGTCGGTGTGCGAAAACGATATAAAGAAGTGGAAACACACATGGCGGGTCTCCCGTTCTATTAGAATCCTTGAGCCTCCACGCGAACCAATAACTGTACGGTCCTTCGGAGTGGAGAGATTA,1926,52.08,Caenorhabditis elegans
SEQ_402987,ACTTCTTCTCATGCAGAATCTCTGTGGGGAAAAAGTAGCTCGCTATACCGCTGTACGCTCACTCAATTTTAACTGAGCCGACTCGCCCTGACAAGTACTAACGGTTATTTTTCAACAGTAACCGTAAATGCACTTTGCAGTAATCAACGCACGTTATGACGCGTCTACACGAAGACGGTCCCACCCACTTATATGTGAAAACTAGATCTCGGACAAAGAAAAGCAGTGCTGCGCGGTGAAGGATATACTTGGCCCAGCACTCGCTAGTGTCTTGTCATACTAGTTATTGTGTCTTACCCCCCATGCATTCGAGGTAATGACTCGTTTGTCTATCCAGGGGATTGGAGAACGCGAGCTATCGCAAAACGTATTATGTAAATCCAACATTCGGCGCTCGTGGAGCGGAAACTTGACAGTGGTGAACGAAAGCGTGCCTGTAGTAAGTAAAGGAGTCGTACTGTTAATGTCATCTTGACGATAAGAACCCATAGAGACCAACTCCTTTTGAGTTAGTTTAATCTAAGCCACCCCGCCCTACCTAACGCAGCCTCGCACTCTGCCCTACCTGACCAGGATGGTGAGCGATAGGGTGCCTGAGGCAACTCTAGCGCTCCGTGAAAAGATTGATTAGTGCCGCGTGTAAGGCATAGGTACCCATTATAGTTTATGGTCTTGTTTTTGAGGGATGTGGCCCCCCTCTCGAGCCTCACGTTCTCGCACCGTCAAGTTATACTAGTTTTATCGAGTGGGCCTGAGAATTATCTTTGATGTTACGAATATTCTTTGTTTTGTACTCATTCCAACATGTGCATGGGGATCGCGGATGACTTCAGATGGTCGATATAAGAGAGTTATACCGGATGCACCTGCGCGGGATTATCGGTAGCAGATGCGTAGCAGATCGGTTTTGATTCGTAAGCGCCTTATGGTAACTGCATAATATAAGGTACCACTTTTAGTCGCAATGGAACACCCCGCCATGCACGTCGATTTTCTGCCATGCCGGCCATTTCCGGTGGCCCTGTGCTATGCATTTAAAACTGCCAGGATCGAGGGCTCGACTATAGAAAATACGCTATAACTGCGTGATCGGGGTACACGCGAACATACACTTTATCATCAGGAGTTGAGAAGTTAACCCAGGGGATCCCGGCTAGACCCGCACCTGTGTAATATCAGTATCTGACTCTCCCTCCAGCTCCTAACTATAACGTTACGGTCTTTAAACTGCGGTCGAAAGCCTTAGAACATTCAGGCAAGGCTGCATGCCTGTGCATTCCATCGACCCTTTCAGTAGCCTATAGGAGAACCATCTGGCCTATTAATTTCTTGCCCTCAGCTTCCCTCCAAGCTTGCCGAACTTTCCACCGGTCGTAACGTATCGATTGGCGGGTTTTTTCTAAATCTTAGGCATCATGTCCTTGCTAAGGAGTCGTCTCGATGCGCGGTTAATCTTGAATCTAATCGACCCCATACCTTTTCGGCACTGATAGAAAGTATGGATCTCACTGCAAGGCGGTGCGAACGCAGCAGGGCCTCACGCATTGAAGCCGAAGGGAACTAGGCTCACTGAATCATGCTCAGTACGGCACGATGTTTCGTCGAGACGACTGGGAACTCCAATAGATATGGGGGAAAGTTCGTTGATGCTCTACGGTAAAGGTACTTGTAACCATACAGCCAGAGCTACGTCATGCCGTACCCCAAGTATCTCATTTAGGAGAGAACGTCTCATGCGACTCCCATTCCCTCGTGCGATCCACTCCCGTCCTATTACGGTCGCAAACAGTTATCCGGTGCTCAGTCACGGTCAACGCGTATTCGCGCGAAAAACGCG,1837,48.61,Caenorhabditis elegans
SEQ_697495,GACCGAGAATGCTGCCCGCCTAGAATATGGTGAGAGGTGGTTTGGGCGCGCTAGAACAGTTTGGAGAGCGACGCGTAAAATCCCCCCGCCCCCTGTCGGACATTGAGAAGGCTCTACGCAATAAGTGCCGCTACATCTGGGCTACTTAACAGAAGAGAAGGGCGTAGGAACTAGGGTTGGTTGATCTGCACTGTCACGTGAAGTTATCTCATTTCAGCATTGTGTAGAGGCTGATAGTATGTAACATGTCAAGACACATGCCCGCCAGCATCCGAACTAAGCGCACTAAGGGGTCAATAGGTACGGACGTGT,312,51.92,Homo sapiens
SEQ_340599,GACGCAGTCTGTCCGGGCGGATCGCGTATGAGACGCTCACGCCGCAATGTCCGGGTTTTAAACAATCGTCATTATTTTTTCTTGCCGATCATTGACTATTTCATTGTTTTGTATCCCACACTAATCCACAGTTCACGCACTTTGAGTCCTGCCTCAAAAACCAGCCAGGACGGGACCCATGTTGACGCGTACATTCGGGAGCGGAAGTCTCCCGCGCAGTCAAAAGGTATAAAGACCCGTCATCTAAGAACACAGGTCTCCTAGCGGGGACTGAGCGTTTTTTGCTGTTCCAGCGCGATTTTACAGCTACACCCTAGGGACGTTGGGACGTTAGTCAAATTATCGGGCTGTAAGCGGAGTGCATGCAGCCTTGCCTTCCATTGACCAAAGTCCGGGCCTAGAGTTCAATAGGCCATAGCTTGCCCGCCCTACTGGTCTCATAGATGAAATCTAACAAAAGTAGTGTATATTGGAGCGGAGTGACTAGGCTTATGATTACGCCTTGACTTTTGAGTTAAGAGATAGTCCGTTGGCTGTGAGCCCGCTCGGCTAGAGTAGCTGTATCCGCCAACCGTAAAGTTTGAGCGCGTGCGGCAGTGTGCTAAAAGTTGGACAAATAAACGAAGTGTCGACTTAAGGGAATACACATAGACTCAGTCCGATGGTCCTCCGGCGCGCATTGATAAAGCGGTAGCGAGGCGTCTGCCAGAGTAAGTAATCAGGACGAATCTCTTTTCCTCTCAACTGGTCTGCACTAGACATTTAGACACAATCCAACGAGTTGGGTCCGGGCGTGCGCGCGATGGCCAGTTCCCATGTGTGTCGTTGCTCGTAACGTCAAAAAAGTACGGCGTGATGACGACCGGTGGATTCCCTTTCTTTGCACCTCCCGCT,894,50.78,Caenorhabditis elegans
SEQ_699538,TTGGCCCAACCAACGTCGGCTCGTGTTGGTACTATCAATCCACATGCCTAGAAATTTAGAGTCCGCTTACTTCGTAACTCAGGCTCCTTGGTGGTCACGTTTCTCAGTCATCTTATATTGGTCTAAACTACTTCCACTTACAGGGGATAATGAGTTGCTACCACTCATAGAGAGATCAAATATCACTCGTGCTATCCCTGGCCCGGTCCCTGTAAGATACCTTGCTAGATGGTTGTCTTTGATACTTGCACTCAACACTTGGTTTTGTCGCCATCGGAATATGAGTATGTTCTATGGCGTCCAAAGGAAGCCTAACAATACAGCCCGGTACCATAGCAGTCCAGTGCTCATACTGCTTGAATGACACACGTATAAAATCGAGAATCTGGCCATTAGAAATCCGCCCCAAAGTGTCAATTATAGAGGGCACTAAGTTCAGGCGCCACTGTGTACGCCGCCACATTCCTCGATCAACCAAAATGGCGTGTGTCAGATCGGCTACTCAAGTAATCTGGGTAGATCGAGTTAGAGTCCTCCGTGCGCTCAGACGTCCTAAAGAATCGTTGATACCCGCGAGAGAGAAAGACGCTATGCAGCTCCAGGAGAAGCACAGTACCGAATTGAGCAGTATGGCTATTCCTCAGCGAATCGCTGCTAACTGACGACATACGAACTGAAGCCCTCGGACGCGGCTTAACATTGACAGTGTCGGTGCTTCGCGACCGGCAGTGCGAGTTTGAAGATGCGAGAGAGTGGTGCGACTCCCCCACACTGAGGGCTAGGCGAAATACGAGCGGTGGGGGTTATCTAATGATCGCTGGATAGGTGGGGACACTTGGTCGATGCCCTCTGAGATATATTTTAGCCAAGACTTTGCAATAACGACTTTGTGGGCTTATCAGCAGCACAGTCCGATCCCAACGCTCTGCCGTCCCAGTCAAGCCGA,946,49.79,Saccharomyces cerevisiae
SEQ_688569,CAACGTCGATAAGGAGGATCGCGTAGCTATGTATGACACGTGGACAAAAGCCCTATCATGTTAACGCCCCGCGCTTGCGAGAGGTGGCAAATATGCTTTCTTACGCTCAGGACGCGTTGGAGGTACCTCTCTGAGGCCAGGTCTATTTATAACTTTTTAGAAAAGCAGGCAATACTGCTACAGACATGCTTACCAGACGCGAACATATTTGAAGTGATCCGCCATATTCCGCACAAGTCCTCTACGCGTTTTCACCTCTATCCGAAACCAAGGAAATCAATTAGTGGCTGAGGTGCCAATCCATTATTCATTTATCCTGTCTGTTATACGCGCAGACTGGCATTTGAGGGAGTATCTCGCGAAACGGTTTGCTGTAGAACATAAGTCAGGACAGGCCTACACATGAAGTGCGCAGGCATCCC,422,47.87,Saccharomyces cerevisiae
SEQ_762084,CGGGCTTGGCAAATGCCGCATCCATATGAAGACAATAAAGAGTCCAGCGGACCAGACAGATGACGAGGTCGTGGAGCAGACCTAACACGTATATTTTTCCGTTCAGGCCATTCAGCGAGCTCCTTCCAAAGATCGACCCTTCCTCACATATCCTGTTCCCGCTGGGTGGGTTTAACGCTTCCATCGTACGTATTGCCTTGACCCGACGGCATTGTACCCCCACAGGGATATGCCAT,236,52.54,Saccharomyces cerevisiae
SEQ_656255,AAACAACTATGCCTAAATACTTCAAGGTTACACGGTTGACTTCCACACTCTATGGCTGACCCATCAAAAAGGTGGACTGACAGGGGCCTCGACTGTTGAGTCCACTGGGCCAACAAATACAAGCGCGCCAGCGACTTCGAGCTAGATCACCCATTTGCCGGATACGATTGTTAGGCTCACCGATAATCAAAGTGGTGACTGTTGGGTATTAACAAGTTTGAAGACTTTTATCGAGGGACCCGTTTATGGAATGTCACAAACGACCGAGGTCTTAATCGCAGACCGCGGGGGAGTGTTGAAACGTGGTTGGTTTGCGTATCCGCTATAATACTACTGCATTCATTTCGTCGTACAGTGGGTGACAATGGAAATTTTATTGCATAATTCATGTTGCCTCACTATAAATTTAACCTCGGCGGATGACCGCATGGTGGGCCTTATATTATTGCGTCTGGTTCACTTATCTAGAGGGGATTGCACGAAAGTAGACACTGAATCCGTCTGCTAATTTATCGCATCATACCTTCGGGTTGCATGATATATCGGAGGTGAGTTGTACTAGAGCGCCTTACACTACAAGCCGAGACCCTGATATTTCGAACTTACTCCTATAGTCGAAGGCATCATTTCACACGCCCTACTCAATTGATAGTCGTCAGCACCAAGGCCGTCTCGGAATGTTCAGGCGTTTTAAGTCCACCATGGCCTCCTTCCCCTTAAGAAATCCTTCTGTGTTGGTCGCAATACGGCTATAGCGGCGTAATCATACACTCGAAAATTGCCGCACGCTTAAGGTTGCAGAGTTCCACAACCCGCGCGCACAGTTGTGACATAACCCGTCATGCATAGCACTATCGTCGCGGTTTGGTGTGAAAAGTTCAATTGGTACAGCCTTGATCAGGGAATTTCCGTAGCCCATTTTCGGCGTTACCTATGATCATACTTCCCTTCATCTGTAAAAACAGATGGGGACCAGGAGGTAGTCCGAAATG,992,46.98,Caenorhabditis elegans
SEQ_285460,CGGTCGTCCCGCCGGAGAGTGCTCCGGCATATGCTGCTCCGGGCCTGCGTGTAGGACTAATCGATGATGTGTGCAAAATGCAGAGGGGAAATGAGAGATATAGGCGTACGATCTGGTCGTTCAGTACGTAATAACACTCTAGAGCCAGTGCCAAGAGACAACAGGGCATTTTGAACTCGCGGACTGACCACGTACGGCCGGTGGACAGGTCAGTGTCAAACTCCGAGCGTTACAAGACAAAAGGCTAAGTCAACTAGATGTGGTTTCGGCTAGCAAACCCTAACCGTCCTGCCTTGCTTTAATCAGTGGTCTTATTGGCCCATGGAGCCTTCATACGCGTGGCGGACGCGTCTTATGCTACCGCACTCATGCATTTTCTCGACGCCACCGCAGCCCAACCTAAGCGTGTACAACAGTAGCCATCAATTAGTCTGCCTAGAGGTGAGCTAACCGGCACGAATGGCATTGTCAGGATCCCACTCTTGTCGATAGACATAGTATCACCACCGCGTCAATTACCTCATCTCTAGATTTGCGTGAGATAACTCACATCCTTTTTAATAGCCGATTGCTGTCGTCACGTTGTATCGAACAGCAGCTGATCCTAGAGCGAACATTTCCTCTGGCGTAGGGATCGCAGGTGATGTTTGCCCTTTCTAGGTTTGAATTGGTTTTTTATAGAGGCACACCGTTGGATTAATCTGGCTGCAGAAGGCGGATACAGTAATACTCAATTTTGCAGTCCACGTCGGCGGAGTTGAAGCGTAAATTTGCTTTTTGCAGAATACGAGCGAGCTTTGAGTACGCAGTACGCGATTTAATTGGTGGTCCGAATTCCAGAACGTAAGTGTACAGGTTGGGCTTGAAACTGTCCTTGCTAGAGAACCATATTCCATAGTTCTTACCCTTTATCGGAACCAGGCCCCAATTTCCTTGCAGGTAGGCCCTTCACTTTTTTCTGTGAAAATTGCGCTCTTTAAGCGTGTGCTACTTACCTGGCTTGGCGGGCCGGTGGCCCCTGTGAATGTCATTTGATTTTAACAGTGTGGGAACGCCCTCCGACGAGGTTTAGGGTGAATGCTGTATTGTAGGGCAACACTAAGACAAACTTAGAGTTTTCACGCATATCGGAGGTCTCCCAGAAGAACTTTATCGGCCGACTGCCGGGTCTCCAAAGCACGTACGCTTTAGACTAGAGGCTGTCCTGCCATCAAAAGTTGGCTGTATCAGTGATCTAAAGTCGACTGGGTAAGAATTACTCAAAGCAACAAGTGTTGCTGCTGATAGGGCCGGGCTAAGATCAAGCGCGCTTTGACGTATCCGTGTACTATAAAAAGGAAGCGTCGTCTACTCCAACAGGGAACGCTCTAAAGGCCCCGCATATGACATTTCAGCGCCACGTGGTGCATCGATACTGCTACGACGCTCCGCTTAATGGAGTCTGGGTGTGGTGTAGACCATAGGGGTGACCAGAATCTCAGGCTAAGTTGAAACGGTATCTGTCGACTAAGCTACCAGGAGTATCCCTATAATTTCACGTAAAGCACTGTGATCCGCTTTTGCTGAGAGAATCGTTGATATCATGAGCGAGAAGCAGGTCGCCCTGTGTCACTAGTTAAGACTTGTGGGAGGTAATCAAAGCGCCAGATTGAAGTGTTTTTACTCTGCTCTCAACCGCGCATAAAAGCTATGGCCGCGTT,1700,49.24,Saccharomyces cerevisiae
SEQ_826715,ATTCAGGAACGGATTAACGGACGCCATGATTTCAAGGGCGGACTTAAGTGCTTTCGTCGATGTTCCCGTACTCTAGACAAGTCATCTTTGGTTTGGCTAAGCGTGACGTTTTTGGGGATTTACCAGCCGTGTCTCCGCATGCGGACAATATAACTTATGAACATACTCGCCGCGCTGGTCCTTTAAGCGCACGATCAGACAGCCTTCAACTTTTTATAGGCCTAAATACATTGGCGAGGTTAAAAGCAGTGCTCGGCGTCCCGTGGGTGATGGTCGCCGAGACACTTCCTGACGTCCTTCATCTAGGATCGGGGCAGGCTCCACGCTACTGCAACCCAGATGATGCAAGACCCCAATAGCCAACCTGTACACAGTCGTGTACGACCTGGATACACGGTCGAAGGTTTCCAGGCGACAAGAATCTTATTAATTCGTCTTTGTGGCGTGTGGTCAATATAGTCCGGTTCTCCAGTCTTGGTGATACCGTGGCAACGAGATCGGGACCAGCCGCCAACTCTCCCGAGATCTCATCTCCGGTTCGGTAGGGGCGGCGGCGTGATCGAATTCGTGAGGCGTTCTCTGTAAGGATCACATCAGAACGGCAGAGACCTCCCCTAGGTACGGCTGCCACGCATTAATTGTAGGGGCTGCTTCTTGTGTCGTGCTGCTGACTCGGCGTATAGATTCTTACATATTCGTTTATCTGGACGTCCGGGCACACGTGGACAAAATAATAGCCCCACGCATTCACTACCGATTTGCTGCCCCGAATGGGCCAATTCGGTTAGGGTCTAGACCAAGGGGATGATCGATTAATACAACGACTGACAGGTCACCAGCCACATGGACAGGAAGTCTATTAGGCAGCCGGCGATGTACTGACTATAAGTGACAGATTGGACAAGCTACCACCTTTCTACTGTCACGTGTTCTAATGCTACTCACCATCTGTTACCGTCTCTCAAAACTTATACCTCGTGACCATGTCTAGGGCTCCTTCCAGTTCTCGTACTTCATAGGCCTAAATTGGCCTTTTCTACTTGTACAGATAATTAGGCGCGTTGCTCCGCTCGGGCAAAATTAGAGCCATTCTATGATTTCGAACTGTTATTGTGAACGATCTAAGCCTCTATCTGTTTTGTCGAACCCATAAACATTCTCCGGCTTTACCCAGGCGAACCGATCGCGATATGGAAAACGGCAAGCTCGCCTTGTTTAGCTATCGCTTGCCTGGTAAAATATAGAGCTTTAAAGGATAGCCAGTACAAGATGCCGGAGGCTCGTAGCGTCTATACTCTAGACCCTATTTGGACATATCGTGTGCTACAAAGACGGGGAGAGCGTCATAGAATGCGTAGAATTCCGATACAAAGAACGCTCTCAACTATTTCGCGCAACTTGTGCACCCTACTGTCAAAGCTATACTGCGAGCATGCCCTATGTAACAGCCGGTCTCGAATCATCCGCCTCACA,1473,49.69,Caenorhabditis elegans
SEQ_552914,GGGTGTCACTCGTTCTGGCTTTTCTCAGTATATGGACCAATTTATAAAAGGCCTCGAATTCGAGTACGGCACCAAGATTAGGTACGCCTACCTAGACCGACCTCATCGTATAAACTAGTCTCCTCTTCTGGCGGACCCTAATGCAGCCGGGTTTGAAACCTGTTTGTACTCGTTGTCCCCGAGTCCCGTTGACCTCTGCTAGTTATATGCCTTGCCAGATTTGGACGTCTAGACTGGTAGGATCTACAGGCGCCGTGGTTACTCTTTTTTCCCTGATGACTGGGGATGAGTTTTTCGCGGTAGCTAATTTCATTATCAAAACGGGCGTTGTAAGCCTAGCGATTCTCGACAATATATACAACCATCATCAGGTACCGAAGCCGGTCGTTTGTGGAGGAGTCCAGAGGTCTTTAACGAAATAACTTAATTTAAAGTACACGGCGTCTTCTTGATCCATCCCTATGTGAGCATATGAAATACTGATAAACAACGCTGAAAACATGCGGACGTCTGCGCTAGATGATAACGACAGCGATGTCCCTTAATAGCTAGCGTCAAGGTCGGGCGCCGGTGACTTATCTTAAGACAGATTTCCCAACGAGGTGCAAGGAGTTACAACCCAAGACACCACAATTGATAAACCCATTAGATACGTAGCAGTGAAGATTTCGTGGTCTTCAATCCGGGAATTCATGGTCAGGATAAGGTAGGAACCGGTAACAC,723,46.61,Arabidopsis thaliana
SEQ_871958,ACGTTGGAGTGTCTAGCGTGCACAAAACGTCGTTGTCCCTATTGCCTGCGTATAGACGTCCCAGGATAGGTTTCCCAACATAGACTACATTCACGCTAAGGTCCGATTGGAAGTTACTTACAACTATGAGACCAGAGCAGCATCGCCAAGTACACGTCAGAAGGGTCATCCGCCTCCTATCGGTCCACGGACACCTCGTTCGATGTCTTCTCGACGTTAAAGGAACCATAGGGCACTACGTTCGAATTATGACTCGATAGGCGACTCGGCAACGCTGCCGGCGTCCCAATACTAGCTTAGCTTAGCAGGGGCGGCATGCACGAGCGGGTGAAGACCCCACCGGAGTTGGACCGGTACTAGCATGATGAAGGCGACAGCAGAACTAATGAGCGTATGGACTTGAACTTTTCCATAGAATGTAATCCTAACGTCTATGAGATACGTGCGACGGGTATTTCGTTTCCCTCCGGCTCCTATGTTAGATTTGTTTCCCACACTGGCAGCCTAGTTTATGGGGTGGCGACCCCCATAAGTGTTGTATGCCCTCTGCCGTAGTGCTGACAAGGGGCTTGGGTTGAGCCTTGGTGATGCTTGGGTTCGTATCTCTGCTAATGGCGCTTTGAGCATTGGATAGAGCTGGACGCGTTATGGTTACAGCATGCACATGACAGGTGGAACCTTGTCCTCGTTGTGGTTATCTGTCTGCTATGACGGGCGGAATCTCTGTCTACGCTACCCGATTATGGGCCTCGAGTTATTGACCTGCAACGTAGCTTAGACGCATGTCGGCCCCGGACTTGAATATCGACCTTCGAGGACCCGGTGCTTCTTTCCAGGCGTCCGGCTTGTCGATCGCTGTTCACTCGTTTTAGGACGCTAACTAAATTTCTATTATGTTCCCCTAGGCCCGATAATCATAATTTCCCCAATATCAATGCTCTATTCCGAGTGGGGCTTATAGTAGCTCGGACTAAGTCTCAGTAAAACGCCTCATGATCACTTGAGTATTGGGTCATTGATCATTTTTAATGCGCCCTGCTCTAGGTATTACTACGGATACCTGTATATATGAGTCACCCACATGCTGTGGCCCCGGATCCCATCGACCACTTCGGGCTTAAAAAATAATTGTCCCACTTGGCCTAGTATCCCCTATTGAGGATTTCTGCCAATACAACCTCAGCACTATGCGTAAACTGGTTTGTTGACGCCTCTTTGGATCGACGTCAAACGTTCACGGTGATTAAGTTATCCTAACAGCGGAGAAGTTTGGCCCGATAGACCATCCTGTTATAAGCTTGCTAGCCGATTAGAGTCGCGCCCAAGCTCGGTAGTCACTTGCTTGGGACCGCTGAGGCTATTCAACACATAGAAACCCGTTGAACGGCCTCCATTATA,1398,49.93,Homo sapiens
SEQ_361571,TTAAACTGCACTACTTTAGGTGTATCCTCCTCGGCCGTCGACAAGATCATAATCGACAGATAATTAACTTTGGGTTTCTATCTGCGTTCCTTAAGGTGGATCTAGAGTTCTCCATTAGGACCGGAGTATAGCCTCTTGGTACGGCAGAGACATCTAGTCTCTCTATATGTTAACGGTGTCACATGCTTTGTGCGTAAAGCCCCCTCCCCAAGCTGACTTTAGGGTCGGGAGCGGTCGTCTAGTGATTTGGGACCTATCAAGATCTCCTCCGGTTGTAACCCTTCGACTATAGACAGCGCCCTTGACATAGACCTAGTCGGTGGATGGAACTTTGGAGTTCCGCGGACGGAGATCGTCATACAGATTTACACTAGAAAGGGGCTTGGAGCCTCTAGTGGCTTGATCTCACTATGCCGCACATCTCATTCGACGCGCCTTATCGCGCATAAGCCTCTCTATGCTTGATATCTGGGTGGAAAGGGTCAGGATGAATGATGTCGAGACCATTTGGCACCATCCTTGTTAATTTGATTTTTGAGTGCTAATCAGCGCACGGATATGCGAAAAATTTCGCCGTATTTAAATGCGCGTGGCCCTGTACCTTCCTCTCTGCACTGTCGGATCGCAGGCAATTAAGTCGATTAACGATCCTTGCCCTGACAGTGTAAATTCACAGTAGCATGCGTGCGCATCGTTTACATACACCACCATCATTAAGTAGTCAAGGTGAGCTTCGCATAAGCACTATCTTTATGAGAAGAAATTCTCTGCATGAAAGTCGGCGCAGGAGCCCAGTGCCTAGACTGAGGTTACAACTACTGTGTTCGTGGTTCAAGGGGACCAAGCCCTCGCGCCTTCGACTGACACTCAGCGGTCCTGACAATAATTGGCTGCCTACGGGAGTCCAAAATCGTCACTGAAACAGGGATAAACCCTGAAGCTGCCGAGGAGGAGCGACAGCGGACCGTTGTGTTCCGTTGAAGAAAGTATAAAGGTAAAGGCGTCTACGGATGACTTGAGTGAGAGAACCAAAGATTCCCTCTCCAAGTACGTCCTTCTCAATCTGGGGCGGCGGTGTGCTGGTTCTGGAGGGATGTTGATAGAGGAGGAACTCATATGCGACTTACTTCATTGAGTCTCATCCGTTTACGGCGGCTCGTTCTGCTTCGGGGGACCGGGTAAGTGGGGCTATACTCAAGAGTCCTTTGGATGAGTAGAGACAAATCATAGGTGGGGTTATAGAGCGCTTGGGGGGGAGGATTTCATGAAACGAATCCACCCCCCTAAGCAACGATACCAGCCGACACTGCTGCACACTGGCTGCTCTTGGCCTAACTGTGACTAATTAGGTCTGCTCGAAGAAAGTTACCTGTCACACATCAACTTTGTTAAGCGCGAGGCGAATTGACAGTGGGAAAGGCCTCGTATTATGTCGCGGCTCAGTCACGATTCTGATAGTCTGACTCATTCTTCGTACAAGGAGTTTGTGCTAGTCTTTTACCAGGTAGGCACGAACCGGAGGACTTAAATGTGCGTCATCTAAGCGAGGACACCAACCTCGCTCGGCCGGTTGCTTGAAATCTCTCCCCTGGCTACGGCACCCAACACCGGTGATCGTACTACCGCTAACACCATGGGTCAACACGTGTGGACACATTATATGTGTTCAGCTTTGGGTTACAATCCATGCGGCGCACCTGGGCAAGTACCGCGCGTTATCGGGGGTTATATGACCAGCCGGCCCGCCTGCCGAGCGAGGCGTGGTGTCACAGGCAACCTTCCGATTTGGACTGATACTACACCCGGGCGCCACGCTGGAGTAGGCTAAAAAACAAGTGCGAATGGCCTCGAGAAGCACGCATGCGGCACAGTAGGCTCCACTTGCGGCCGGTGAGCAAGCATTTCGGGGAACAGCAGAGGTGGCGATAACAACGGTTGAGTTTTCCCACGCTATGGCGTTTGGTTTATACCTCAAACGCCAATCA,1985,50.98,Arabidopsis thaliana
SEQ_520842,CTTCCCGGGCGGAAAAGCACGCCATCCACAGTGATTCCGCTTCCTAGATAGAGAAATTTGCAGCACCCCTAACTTCATCGTAGGGGAGTTGCCACTTTTGAGCAGGAGCTGTCACGACCAACTCACGGGGGTAGCGGCGTGACAGCGATGCCTCTGACCCCACCAACCAAAGTATAGCTATTACCCAAGTGGAGGAGGACTCCTGTCACTTAGGATGTGTAGACGATAGTAGAATCACTTAAATATCAAGGGGACGTCCGCGCCCGATAGAATCACACGTAGTCTAATGCGTGAAAATCCGCGGGTCCCGCAGTTCAATTGGGCCATATCATGTGATATGCTTGACACGGAGGGTAGAGCTCCTTCCTGGTCCGATTGTCAAGACACAGAATTCCATCCAACATTCAAATAATCTCCGCGCGCATTATCGGATTTTATGGAAATGAAGACTTTGCCACGCATGGATCTCGAGTCGCTACGGGTCAGAGAATCTTTCTGAGGCTTTCCAGTGGGGATCAAGATTAGGCTTTGACTATTTGACTCCCC,546,50.18,Caenorhabditis elegans
SEQ_628961,CTGGCTCCCGAGCTTCGGATCCGTCCCCTCTTACTGCAAGTCAAACGGATCTTTGCTAGGAAATCATTAATCCCTCCATCTGCGATGAATAGATCCGTTGCAAGAAATCTCGCTAAGGCCCGGCGCACTTCATCGGACGCCGTCGGTCGACGACGTTGACGGAATCTCAGCCGTACCTTTATCTTCACTAGTCTCAGGGCCTGAAAGGACATGCGCACGTCCAAGGGCCAGCGCGCCATCTTACGGCCCCCTTAAGCTAAAATAGTATACGAACTCGTATTATTAATACGATGTCTCCAAGTGCACCTGAAAACTTATAGAATTCAAGGAACAATCCTTTTACCTG,346,49.71,Drosophila melanogaster
SEQ_547456,CGGTCTACCTCCTTAGTTTATATCGCTCGGGACCGTCCAGCTACTAGCGCGACGGGGCATAAGATCTTACAGATTGTCAGACTCACTGTGTGGGTTCCTACCTTGGACACTATACGTTTTGTCATATCCCCCGAGAATGCGTAGTTAGCCGAGCTGACCGCTTACGGGTGGACATGTTGTTTTCCCCCAGCGGTATCGTCTAAACTATCGATGACCATGCTGAGTAAAACATCAGCCTAGGTGTATTTTTAGATGCGTATAGAGATGCGTGCCGCACTGTGTTCATTGCTATGAGGTTTAGATAGTTAGTCCTCAGACTGAACCATGTATTAAGTCCCGTCCGGTTGAGAACTGCGCGCGTACGATTTCATGGAATAGGGTACCTACGTTGCCAGTACAGCGGGACCCATCAACCGAGCCGAACTCTCTTGGTGATTTAGCTTTTGCTCCCATGTTCAACAATTTATTACCTACATGTTCTCCACATGTATAA,493,47.67,Caenorhabditis elegans
SEQ_908257,CAAAGACCACGGAGAACGCATGGCCTCAGTTGTAGAGACGAGGCGGGACACAACGGCCAAATGAGATCTTAGGTATACTAATGAACGACCACTAATTCGAATACTGATAGGTCTGTAGACAACCCCTCGAATTCAACCGGCGGGCCGGGGCCTTTAAGCTGCACATTCTCGTGCTTTAAAGTTTAGATGTGAAATAGTTACAAGAACGCTCTTTACCATGATCCTGCCGCGATGTAGGGATTGAAATTACACTGCGCTTTTGTCTTTGCACGTATCGTTAGGATGGGCCAACTCGCACTACTTATGACCCCTCCCGAGTTGATTGAAGCACCTGACGCCTGCTCCCGGAGTTGCATGAGATGATGTGTAATTATGTACTTGGCCCCTCACAGGCTCATTCTAGTGGGACCCGATATGATAGACTAACCAGTAAGTACGTACAGTGCAGTCAATAACCGATCTCTCATGCGCTATGGTTAAGCGCCAGCAACTATGTTCAATCTGAAATAATTGATGCCAATTAATGACATTCTTCACCTCCGGCATGGTGCTTCATTTCCTATCGCTTGAAAAAGTCACTGATATTTTGTCGGATATTTGAAACCCACGAGCATTAAAATTTTAATCCACCAAGGGGTCTTACGCAAAGGCCCATTT,657,45.81,Mus musculus
SEQ_760573,TCTCCGGAGAGCTTAGTCATAGGTTGACAAAATAATTCTTCGATTCATGGCCGCTGGATCCCTTCACACGCATTTGCTACACATGTGGACTTTCCTGGACATTTAATATCTGGGCGAGGTTATCCCACGTTTAGTCTTATTTAGCATTGCAGTGTTAGAATTGATATGTGCGGAAATAAGGCATCAGATACTGGCCTGTCAGAATAAGGAGAGAGCGTCGTGCATTAAGTTCTGCGGTATGCTGCATTATTGGCTTGATCTCATTTATTGGCTATAACGCGTGCATATGCCATAATAAATTGACACCTGAGGAACGTAACATCGCTAGAGTGAGCAGGGCGCCGAATGAACTCGGGGTGACCTGTCACAGATTGGCCGCACCGTGAGGCCAGGCTTGGAACAGTGGCTCCGGTAGAGCAGGTACCGACCTGCGTGAGCGCTATGAAGCTGCTGGCCAGGCGCTTGCCCCTTTGACGAGCCCGTAGGCGAATTCGCACATTTAGGAATTTGGACCCGGGTGTATGCGTAGACACAATGAAGGTAGCGGCTCCCCGATCAGTCTCACAGCGGTCAGTGGGAGCATCACCACGAAAGGACCTCATAGGATACAGAAACAGATTGCTCCGCGACCGTGAGCATCGATTGCATTGACGTGATGCTATCGCGACCATTGGTGCTACCACCGCAACGTCTTCATTGTAGCTTGTGGACGTTGCGATGTATAACCGATGGTACCTCGCCCGGCTCAAGACAGAGAGTAAGGAGTAGAACAACACCTTCATAGTTTGGTTCGAAAAAGGCCGGCGGGGGGGACGAGAGTCTACTGAGTAACGACTACCTTAAGCCTTGTGAGTGTTTACATAGCAATAACGCACTTTGTTGCCTCAGG,889,50.39,Caenorhabditis elegans
SEQ_992066,CCAGATTCCCCAAAGTCCGGTGAGCGACGGCTATAGATTTTGTTCGGATCGCGGAATCGCGCAGTCAGCTAGCTGTTACTATGCGCTGTAGTTAATTGTGATTAAAGTGCCCTCGACGCCCTCTTCGTAACCGTTCATGTCTAGTTTAGGGGGAATGACCGGCTTTGTAGAGCCATGGTCTCAGAATGGACAGTTAATTTGAGGGGAAACTTAGCAGTCACTCTCTCATGTCCTATAGATCTTACTAGTGTGACGGAAACCGTGAAGAGGTGGACTTATCACCGTGATAATCAGATGCCCTAACTGCGGAACTGCAGCTGCCCGACTCAGTTGCTCAGCGCCCGCCTGCCTGGCCCCCACGACTTAGGACACACCGCGCAGTTGAGATGCTAAATCCATTATCCGCTGAAAACGTACCCTCTCGGTATTGTGTAACTTGGTATAGACTTGGGGTAGCAGACTCCAATGGTACCTCGGTGAAGTTCAGCTAATTGGTCTAAAAACCGCGTATCACTACTATTGTTAAGAACAGGCCATTGCGAGGAGCCCACCCTAGTGCCAAGGCCACTCACTCGCCAGGGTGTTTGCAAGCCGAGTGTTCCCTTCGGAGTGTAACACGCGTCTACGACAAGTATTGCGATATGACCTTGCCGCAGTGGCATCATTAACAGGATCCTAGATAAGGAGTACATGGGTATCCTTTCTCTGCGTCCGGAC,717,50.77,Caenorhabditis elegans
SEQ_231681,ACTCAGCTCGCCTCCCGTCGACCTTAGACCTTCTCAGGCTTTATTGTTCACTTTGTGAGACTAACGCCCGGTGCGAGTTGCTACGTGTGGCTCTTGCTAGAGGAACAGACACCGGCGCGGATTGGGCTCTGCGGGACTCGGCTTACGTGCGGCACCTTTATGCCTTCCACCCCCAAGCTACCGCCACTTGAAGGCCCCGTTGATATGTGGCTCTCGGGGAGCCGCTCTCGTTAGCTACTGGTTTGTTGACGGGGATGGAAC,261,58.24,Arabidopsis thaliana
SEQ_919341,CCAAGGGTGCGCCCTTGCAGTTCTTTTGAGGGAGCACTAATTACCTCGCGGCTGGGAACTAAGGACCCTAAGTGACAGTTGCTGATGTACAATCGGCATTGAATATATGGAATATTCTAGTGGTCCAATTTCGGGTATTACGAGCCTACATATTGCGA,158,46.84,Escherichia coli
SEQ_266769,TTGGCGGTAAGTAGGCCCTGATGCGTGATGTTAGTCCATATTCCACTACTGGAGCCCAACCTGAGATGGGGCAAAAGGAGGTTTGCCTGAACGTACATGGGGTCATGTCTCGACTGCGGAACGCTTGGGGCGGAAACCCGCGTACAACGGTACCGTTCATTGATGGATCGCTACTGTGGCCATGTCCATAACATCTCTCAATGAAGAAGGGACGATCTCCAGGCTTATCGTGCTCACCCTTTCTATTCGCCGCAGGGGTTAGGCTTATAGCATGGCTACTTTGGCGCGCCCTTCTCATGGTGACTGCGGCCTACCTTTCGATCGAACCAAGCTAAGCGGATCTAGTGAACTCTCCTGTGTACGTTTCTTCTCATGCACCCTGGCGCGAAAGCAAAGAGCCGTACAGCGATGGATGCATCTCGC,423,53.66,Escherichia coli
SEQ_663521,ATGTCCTACCTGCTAAAATGCACGTGACTTTCGGGGATGGCCATGGGAATTGTTGTGGGTCTGGTTCCTGTTAAAATCGGATAGAGAGTGAACTGCACACGATGCGGTTCGTAGCGTTCGCCACACGTATAACTTTATGTATTTCTCGAAATGGATGAGATATAGAGACTATAGAACGCTTAGCCCCTTGTTTGCGATAGAGGCATCTGGTCGCGCGGATGGGCATCCTAACACAGCCATTACGTGCGCAACCCCTTTGTCTAATAAATCCTTCTAGGGTCGTCCCAGCCCGTCAGATATCCACATGATATTGAGATCTGGCTAACTAAGCCATTCCAGCCTTTTGAGGGTGCCTGTGAAACTGCTGCACGCTAGCTTGTTAGGAACTGGTTTTGGTTATGATCCATCCGCGTACATCTTCAGACCCACTATGGGTTCTAAGGCGTTTTAATATATGGCGCGACACTTATTTCGTGCATCCTCCCTTCTCAGTGTAGAAGACTCTAGCAGTCCCGTACCCGATTCCTGCGAAAATGAAGAAAGCAGACCGCATTCACTTTCAGCGACAATTTGACTAATTGCTGAGACGGGATTGCAAAGATAAAGTCAGGGCTTTGTGGACATAGAAGGTTGCGAGGCTGTTATGGCCCGTTACTCTGATATGTCTTTAAGTGGCCATTCATGGACTGCCACTCGAGGAACCTTTTCCTTATGCGCACTGTCACCTAGATTAGGACTGAGAACTCGTTAGAGTGACGGTGGGCTAGACATCTTACTCCAGATCATGAACCGGTCAACTGAACGATTGCACAGGCACACATCAAGTGGGTCACTGAGCGGAGCAGTCCCCAGCAAAACTTCTGTTAAATCTGCCAGCGCCCTAGGGAAGCGGCGCGCCATTAAGATACGCCCCCGATTAGAGACTAGTTACATAGAGTATAGGGGCATTCTGCAATTCACAAGTATGTCGTAGTATCATACGATACAGCGATGTCAATTCAGTGCGCTGGTTGAGTCCTAACACAGCGTGTCGTAGCTGAGCAAAGAAGAAGACGACTTACATTCGCGGGGAATTGTCAGAAACTATATTATCGCCCACTCCACCGCCAAACCGAACACCTTTGGCACGCTTGGTACCTGGGTTGAGTGTTATTATGAGTAGGACATGGCACACGAATGCCATTGCATTGCTCTTTTCTAGCACTGTGCGATTACATGCGTGAGCGGGTAGTAATGGAATAATGGGCCTCACGTCTACCCCTAATGGCTGTCGACTGTGCACTTAAAATATATTGCAAACTGCAAAGCTGTTCTCTGGTCAATGAGTAATTTCCCTCCCAATGCTTAAGAAATGCCATAATACGATCTCGAAAACCCATGGAACTACTAGACTGCTATCCTCTACATTCTCGGAAAAGGTCGTTCGATAGGGCCGCTTGCTGCATTCATAGAAGCGCGTATACCTAGGGGGTTTCAGAACTCAATGTGGGCGCCGCAAAACACATACTGTCGACGCGCGGATTCTGTCGGGACCGAGACCAGTGTCTCAGTTATTCACGCGCACTCTTTAGGTGTGCTCAGATTTTACAGCTTATGTGCATTTGTCTAATGGGGTCACTTATCCCATGACCGGCGCTCTCTAGCGCCTCTTGGCTCTCCCTTCATGGATAACCATAGTGAGAGACTTGTAACGCCGCGCGCCACGTGTTCTACTGTGAGCGATTCCTAGCCCGTTCCAAGTGGAAAACTGAAGGCGAAGGATTACCGGTTCAAGAGCTGCTTCGATGAGCATGGCAGCAAACCCCGTGGCCTAAGGTCTCATTTCTTAGGTGGGCAGTCTGGTTGGTGCTCAT,1853,48.68,Caenorhabditis elegans
SEQ_232259,GGACAACGAATGTTGCGGAGCCAACAGGCGAAGTATTTTGATAAAAACTTAGGCCACAATTTTATTTCTCTATAAGACGGATTGTCTAGCTTTTTTCCATAGCCAAAAGAACACTGAGCGACATAGTAGGCGGACTGTCTGACCATGCTTCCTTTCGGCTGATCGCCTATCGTGGCGTATTACACATCCTGTATAAGCTCCAGAACGGCTGTTCTCACTAATAGGTATTCAGTAGTAATTGTGCGCTGCAGTGTCAACACGACTTTCGGGCCACATTCACGGTGCCCCAAGACACTTACGCTCTTCAGGCACCGGGGCCCACTGATTACCAGCGTGTTTTTGGGGAGATACCTTTAAACTGGGGTCGTGAGTTAGATGGTGCGTTCGTTATAATGTCGGAACAACAGGAAATAGGACCCGCACTGCGGACCTCGCAACAAAAACGACTCGGAATAATTGTGGGCCGGGCGAGCCAATCACGTGATCGCCGAGGTACACTACCATCCGTGTACGAAAGAATGCCTGTTACTACGGTTCTTTCAAGCGACAATTGTACTCAACAGTTTTCGGGGCCCCTTAGGGCAGGCAACTGGATGTCGGGAGGATAAGCCAAAGTAGTCCAACGCTGAACGGATGCTATAGGGGTCGACTTAGTTGATAGACAATAATAGACACGAGATGTACGACATAACTCGGAGTATACTAGCTGAACACCTGGGTAGACGCGGAGTACCGCCGTACAAATAAAAGACGTGACAGATTCATTGCCCAGCAATTTATCAAAGCAACAGGGAGCGGGCTCTAGACAAAAAGCAACGCGTCCCCATACTACCGATACACTTCTTCCCTCGCCGTCTTCACCTGACAAGGCGAGTTATCTGAGGTCCAGATGCGCCGGAGTGAAATATGGGAACGTGGAAGACCGTGCCTCATTCCAATGGTTCACAAGCACCGTCGAGAGGAGCAGAGATCATGACGTGTCGAAAGTATACTCTAATGTCGGGCTAGTTCAGGACATAATATGCTGACCGTAAGCGGAAGTTAATTACCAAATAGTCAGCTCTGACGAGAACCTCGACGTATCTGCTTCAGAAAGTGGCGAGCAGCACCCTGGAGACACCCCGTCTCAGCCCGATGCTTCATCTCAACGGGACCTAAGGACTACTTGGGTACCCTCCTGTGAGCCTTGTGTACGCGTCATAGGCACGTATTGCCTTGGTACCCGCTTGGTGTGACCCGACATCGCGGACAAAGCACAAGGGTACGAGGCCCGAGGCAAGTCGTAAG,1287,50.27,Arabidopsis thaliana
SEQ_538013,TGGACCCAATAAGTAGTTCGTGCGACGCCTGCCCTGTCAATCGACCCATGACAGCTGGTCTACCTCCCTCCTTTAGAGGTAATGATAGGTGATGTTATGTCTATGTCGGCTCGGCGAAAACGGAAGTTTAGGTATCTTGCGAACGCACTCATTTCGAAAGTGTCTGAAT,169,48.52,Escherichia coli
SEQ_560684,CAAGTTAAGTAAACTTGTGGCGTTAGGTAGTTAGCGGCCTAAGCGGGCACCGGACTGAGCGTGCGGTTTGCCCGGGGCATGTGGATTTATATGGTACCGGTCTCAATCTAAATACGTGCCCCGAAAATGGTCACAGAACTAGTCTTGTGTTAGCGGTTGTCATCTCTTCGCCATACCGGGAGGAGCAACGCAATACCAGCCGTGTGCTATGGATCGATCGTGCACATCTGAACGCGTTGTGGCTGCTGTGAAGTCAATCTAGAACCTTCTGGCGTTCACCGAATATTCCTTTAATAGTACCTAGACAGGCTATAGGGTCTAATGACCTATATGGTAAGGGCACCGAGGGCAATAGCTAGGTATCTATTGATATTTGACGTGGCCCGGGTACGCCTGGCAACTCTCTATATATTCGTGTTTTCATTGATTAAAATCGTGCAAGTATTAGTACTCGTGAATCCGTGAGACTTTCTAGGGACTACTCGTCCTTGCCACCATTAACTCTCCATGTATACCCCCAAAATGGCACAGCACGAGCAGCGTTGAACGTTTGCAAGTGACCCTCTAACGTTAGATGATATTTCAGCCAATCTAGCTGAGCATCATGTCTTCGTCGAGTTCGGAGTGGTTATCTAATCCGCTGAGCTAGGTACTTGCGGCCTGGATCTTGCGATACATTCGAGTAAAGCCGCTCAATCTTAACGCACAGCCATTCCGACTGATCAGGTCACACATCGTAATTCGTCGCGGCGCTCTTCCCAGTCCTATCAGCCGACCTCTGCCCCGTACCGCTAATAGAACGCCGAATCGGCCACGCGGCGTATAAGCTTTCCTTCCTGTACTGGGCTTATCGA,854,49.53,Saccharomyces cerevisiae
SEQ_263914,ATAGCGCATAGCAAGATCCGGTCGTAAAATGGTGCAAATGCGACATACCACCCCTTCTAGCCACCAATAATGCCCTCTTCAACCGTTGGCTCGTCGCTAGTTGCGCCACGCTTTACTGCGATGGAGAGACTTCGGAGACTAGACTGTGACACTAAAGAGTCTAGATCGTTTATGGCTGCGGCTTAGCTCGTTTATAGGCAATCCAGAAGGGAGTCCCTAGCTCAAAAACCAAATTGATAAACTGCGACAAAACACGGTTAACTTGACGAAGGCCTAGTGATTTGTTATAGCACACTGACCACGTGTAGGCATGCATTTTATTCCGCACCATTTTAGCCCGGGGATACTGAGCTTTATTTAAAGTGCCTGATAACTGAGGCAGGAGCTGATTTTGACAGTCTTATTTTCATGAGTGTAACGTCCCGGAGCGCATGTATGAAATTTCTCTAGTACGACGAAAAGGACGCCTGTTAATACTTCAAATCATTGGGCTTGAAACCTCGTGAACGTTGACCTGAGCCGTCTATACCCAACCCAGTATACTCTGAGCTAATTTGCGGGGGCGTAGCTGATCCTTAGGAGGTACGAATGAACAGACTGGAACTTGCACAATAACGTTATAAGCACACGCGTCGCCATTTCCTCCTGACGGATCCACCGACAACGGAGAGTAAGAAAACTCATGTCTACTAAGTTTGAGAGGATAATCACGGTGTTATGGTGCAAATTTATAGTTATTCCCACCACTAGTTAGGGAGAGATCGCCTGTTAATTCCAAGTAGTAGGTTGACCCTGAAGCCACCGTAAAAGAGTTGGTAATGAGGCCCGTTGTCTTAGCTAGCTGCAGTCCATCAACGTGATCATTGGCGTTGCTAGCAGTGGGGCCCCAGACCGACCCGAGAGAGGCGCGCTGAGTACCGAGCGGCAATCTCAAGGTCCTAGGACTTTTTCTGCCCTGGTTCCCTGAGTAGATAACGTCGTGTCTGAAACTTTCTTTTCGAAGGTAGCGTCAGAATAAATATAGGGTGTAAACAAAGCATCGTTTATTACGCCCCGCCATGCACAAGCCACGGCGGTAAGCTATCCATTTGGTCTATTTCGCGGCAATCGGCGCACAGTCAAACCTACCGTGGTCATGGCAGTCATGGACACAGATGCCAGGGTCGCTAAATCATCCACGCATGGAGAAACGCGTACAACAGCGTGCGAGGCCCACCCGGCTAAGTGAGTCACCCCCAAGCACTACCTTCTGGTGTGTAGGATTCGGGCCGCAATTCCTGGTGAGAGACGATGGTAACTTGTCACGAGTTCTACCGATTGCCGGAGTAGAATGGCCTCATCACATCGGTTTATTTGGCAGAAGAAGTGGTTTTGGCTTATTAATCTGCTATACTCAAAGCGGCTTCGGTCTGACCAAAACCGACACCTGTTCGTTCCGAGTAAACAATCGGCAGCAACTTACCCGTATGCACCGTCCTCGAAAGCCGCACGGTTAACTGTCTCCATAGTGATGCCTCCTATTCTTTCAACGCCGATGACTGTAATTCTGTCTATTACAC,1559,48.62,Drosophila melanogaster
SEQ_247206,AGTCCACCACTGGTCGTGAATCAGAATCTTATCGAAGTGTTGCCCATCCCGTTCATCCAATACGATACGCCCAGATATCCGTTTCCGTATCGCTCACTCTGCACACTTAGTAGGCGTTCGGAACGGGTGTCAGAAACCAAGGGGGCTCCAATCGGGATAATGGGATTCTTGTATCTCGTTTGTCTCAAGGAGGTTCAGCCTGTCGCTTCCCATACCCACGTACGGGCTACCTTACGGACTCGCCATTGCGCAGCTCCGTGGTCAGATAGCCGCATCTGCAATTGAGCATTGGAGAAGGATTCGATGACATGATGATATGTGCGTTACATCTCGCGAACGTAGTAGCACTGCATGACCTACGTTTTAGTCCCCGGTACTTTCGAAAACGAGGTCAGTTACGTATTACAGCGTATATGTCCTGGCGGGTCATCGGAGAGCACAGGTCGTGGGTCCTTCAGTGGCTTACCCTCCACTCTTCACCCCATAGTTTCGGTGTAAGGTGGGATACAACTAATCTATAGTCTGCGCCACTTCCTTTAGCACGTGACCGATTTTGTTTCCCGACACCTTTGGTTGCTGAGTCATTTTAGAGGGATTTGGGCATTTCGCCCTCTTTGGGGCCGCAACATCAGTAGATCTTCTCCAGCAAGGTTTCAGAATCGCAGCTACGAAGGAAGTGTAGTCATATTGACAGATCCGGGATCGCCGAACCTGTGACAAACAACGCCGACCCCTGAAGCCCT,743,51.01,Saccharomyces cerevisiae
SEQ_422609,CAAGCGGCAAACCTGTACGGGAAAAACAGTCCAAGGATGAAGCCCACGCAAACGGCTCTAGCCCCCAAACGAAACAGTTGAGGTCTCTCGCGCGTTCTACAGTCTACAGAAGGGTTTAGGCCCCGAGCGGGGGCGCTCCTCGGCGAGCGTCCATCACATCTGCGGAAGACGGTACCTAAACCAAGCGGCTGCACTACGGTCTATCACCGCCGCTGACGGTAAATGCACATGACAGGTCTGAGTGGATCAGGAGTCTTTTGCGAAGTAGGCGATCGAACTCTAGCTCGATGACACAGGTTCACCTCATTTAACGATGGATGATAATGCAGACAAATTACTAAGGTAGTCGAGCGCCGATTAAGACGGAACCCTTTGACACGTCAAAGGCGGTCGTGTTCTATGAGATGGGGTCAATTTTGTACTCTTAACGAAGATACCGATGGTTCAGGTGGCTTGATTCACTTCGTATGTCGGGATGAGTTCCACAGGACGATAAGCGAGCGGGCGTGACTATGCCATTCTTCCACAGTTATATTGGTCATCGTCAACATTACTGTAGATGTGACCGTTATCTATTGGATTCGCAGGGCCAAGTCTTCCGGGTTACCTTCAAGAAATGCCAGCTATTTGGACAGCTGCAGTAGTCTTTCCTGCGGTCCAACTTGAGAACAAGTAAGAGTCAGCCATAAGGAAGGACTGTCTTTGTAATCTCTTTCTCCTTACCAAAAGGCGCATAAGGACACCGGTAACAGGCGAATAAGCTTCAGTTTGGTGTTCAGGTTAGGGGGTCAGGTCAGACTCGTACCTTGGCGCCGTCGGTCGACATGATAGATAACCCAGGTGAGTTTAGAGCCTCAATTGAACTCTAGTTAGGCATGTTCTCCGAGTACCATTTGCGGGATCTCGTTCCACTCTTTTGTCTTGTTGTACTTGTAACTGTATCGGTAACTTTTGGCTTTTAGAACCCTTTGTCTCAAAGGATGCGATAGCCAACATCGATAGTACTACTCCGCTAGAAACATATCATGTATGTAATACCGCCCATTTAAACCAATGGCACGAGCCGGATGTTTCCTAAACTATCGCGTTGGATCCGTGTGGATCAAGCTCGAAGATGGCAGGCACAGGACAGCGATATCTTCAGAGATGCCAGCTAAAATAACGCGCAGCACAGAAGCTACTGATGCTCTTATACCCCTGACACCAACTGGCTGAACCGTGTGCACTGCGCGCTGACTCCTAGAATTGCTTTGCTTGCCGAGTACTTCACTATGAAGAGAGTCCAAGATTCACGACTTCGGCGACTTCGCAATACTTTGTTGGTTTTCAGACTACAGGCGTAGATTTGGAGGGGTCCATCTCACCCGGCAATACACGAGTGGGACTTAAATACTTCGCCCCCGCCTTCCTAGATTGGTTTGATGGTGGACGGCTTGATGGAGACATACAGGATAGTAGAAACACAGTGGGAAAAACAGATGATAGGCATAGCTTTCCACTATTCCGGGTAGTGGTGAGAACGTCCTGTCTAGCGATGTGTACTGTAGGGATTGAGTATTCTCAAGCTAACTAAAGGGGCACGAGACCCGTCCGTGGCCGAGAGGACTTGGCATCGTACGGCAGCTTGGGTCGTATGGACTCCGTATGGCCGGGTCTAACCTTGATAGAACATCTTAGGTTCCGGACTTCATCTAAATAACTTGGCAAGATCAAATTAAGGTCGGACGTTCAGCGGAAGTTATGGCTAGGGACTAGGATGTGCTTTCATGGTTACCTGACTGGGTGAATGCTTGCCGCCCCTGAGTCCCACGTTTAGCCAGCATTGGGCTTGAATTGGGGTACCCACTTCTTAGCGCAGTCATGAGGTTGCCGTGCGAGCAAGTCCTGCTAATGACTCACCCCGTAACCATGACAAT,1916,49.53,Homo sapiens
SEQ_795956,GCGGATTCAGATTCTGTCCTATTAAACCATTGTCTTCTAAAGTCACGTTGATCTAGGTGAGAATCGCCCACAGAAAACTCCCGGGCACGGAAGCTACTTTAAGTGCTCAGCT,112,46.43,Mus musculus
SEQ_850089,ACAAAGAGCAGCGCCGCCATGTTAAGTAAAACTACCTGGTGCTAATATAACGCGGCCATGGCAGACATGCGTAATGCGCGCAAGATCTGTCGAAAGGCACCAATACTTTTTTGGTCTCAACATTAGGATCGGCTGGCTGTTGACGTCCCTTGCTTCGTAGGGCTAGATGTCGCGCTGGCGCCTAACGCGACCGTGTACGACTAAAAGGGGCGGGCAGCTACCGGAAATAGACTTCAACTTGCATAGAATGACATTATCTTTGTTTCGCCTGCTTAACAGGTACCTCCCTCGGACATGGGGAGGGTGAAATCAATCGGCTATGTGGTGTCAAAGTTCGCTGTCGGGCTCGGATCGGTCACTCTGTGGCTGTTAACCTTCCAAGGCCGCTAGTACCATGAGAAGAGCCACAATGAAGGAGAACTATCCGTGTAGATCGGCGACTATCATCCACGGACTGGATCGCAGGAACCGCCTAAAATTAAACTGGGAGTATACAAAGTGTGTTGGGGCCTTCTGAAGTGATCGACCGCCCTAGGGTGCTGTAAGCTACCAGGGACCTGGGCAGTCTGTCACCTCATGCCCATCTACTCGTCTGCGGTAACAATGCTATGCCTAGATCAAGATACGTTAGCCAGCCAACTGTGCATCAGAGTCTAACGGACCGTAACAACAGATGCCGGATATGCGTCAACCCTCTCCGGAGCTCATTGTGGCTTCAATTCAATCCAACTCTCCATTTGTTTTGCATGCAGTCCAAGGGGTGAACAGCCTAGATCCTAATCATCGGATGAATTAGGCTTATAAATTTTTGATTCTCAGGCAATGTGGATGAATGAACAGTATGCCCACGACAGGGTATGAGATCCGCCGCCGGCCGTCGACGCGAGATTGTTTTATGCGCTCACGCATTAGACCGCCAGCGAATCGACCCAACCTATCTATAAACACCACTTCCTAGCTGGGGTTTTTATTTCTTCGCTGTGGGATAACTCAACTCGGGACAAAGAGATGTGCGTATACCGAGTTCGAGTGCCGGGCAGAGAAACCCGACGGGGTCCACGAGCGCGGGCCTGTCCCAGCGTTCTAGTGTCCACAATGTTTGGTTTAATAAGTTAAATCGGGATTGACTGACAGCTTAAATGCCATGCATCTACGGCGAGATCTGGTCGGTATTTTTGAGAAAGGAGATTCGTAACCTGAAGCGACGGACATTACTTCAACATGGGCGAGTTGCTGCATATAATTAGTACACAGTCGACGCCTTTTTGCCCCGGCGCCACATAGGCGGTCCTATCCGCCCGCACGGATGGCGACATCAATGGTATCAACCCAGGACGCATCACGTAGGACTCGCACATTGCATACTAGTTTTACCTAGTATCTGAGACGGGCGACCCGTCACGGAGCCGGCGAGTGGCACCCACCTAGGTTGGTGCTGACACGTTGATGTGCGGCTCACAGATTTCTTCAGCTACTACGTTGGGAATCTGGCCTAATTCATGCACCGAGTCTATCGCGTATAGCTTCACAAATACCAGACCTCAGGCTGCGACAGATATTTGGGCGCTTGATTTATCGTTGCTAGGCAATGCTGTCGAAGGTGAGTTCAAATTATTGGTTTCAAATCTGCGAGGTAATTTAGAGGCCACTTAAGATACTGACGAACTGGTCCCGGACGAAGTACTTGACATGCCACGCAAACAGGGAGACTCAGGCCACAAAAAGTTTTACATCGCTTCACTTGTGTCAGTTCCCAGGCTGGTTCTGAGTGAGGTCCACTCGGCCGCTCCAGAACATGAACCGCCCATT,1809,50.8,Arabidopsis thaliana
SEQ_293717,GGTAGAACGGAGCTGTATATATTAGCACAATGGAACAATCTCCAGGAGCGGCAATAGTTGCAAAGAACTGGGATCCGCGGTACGGTGAAGCTTCCCGCCAGAAAAGTACGTACAAGCTTGACACCACACCAATCTTTTCTGCACTGAAGTGAGGACATATTGCTGTATTTGGTCCCAATGCGCTACGGACTTGAAATATAAAGTTTGGGTTGAGCCGGCAGAGGATCGATAGATGCAACGAGTCTACTTCTCTCCGGAGTACCTTGCAATTGTCCCGGCGAGACATGGCTGGGGCGATTAGACCTCGAGTGTCGAATTTGGAGCTTTGCAGCCCGTCGAAACTCTGATACTCCGGAGATAGCAGTGTCGTAGCTCCCAGAGCCGTTAAAGATGAGTGTAATACTATATGCCGCCCTCCTGGACCGTATTCCTTACGGCCTCCAACTGATCTTTCCGCCCCACCCGTTCCGCCATCGACTCATAGTTAACGCGTTTCATACCTCTTCACACACTATTAGCGTTATGCTCCCCGCTGTTCCTTTTCTTGTCAGGTGTTGCTTGAACACCCGCAAACGTAAATTTCTCCTAGACATTGGGTTGTCACGACCTGGGATTCCGTTAAACTAACATTGGGAGCACACAGCCACAGGTGATTCGCGTATGTAACAGGCCTCAGCGTGTTCTCGATATGACACGTCTCATAAACTGCAGCATAAGCTGAAGTTCTTCTCCGGGGTTCCTACAATTCCTCGTCTTGTTTCTGCCAGTAGGGGTCAATGAGGGGTTGGCCTAAAGGAAAATAGTAAATCTCCGCAGATATTAAGATATTTGATGCTGGCAGGCTGGGGTTGCGATCTGCTTAACGGCCTTAAGTCTATGCATGCATCCACAGATCAAAAGATCAGCAGGGAATGTCTCTAATCCAAAGGAACTCAATCCTAGGCAGCGTGGTACTAGCGCACGGGGACAAGGGACGACAACTTCAGAGCCGCAACAGGTCTATAGCCCCCAAATCGGGGGACATAGTTACCAAATAGCATTTGGATCTGGTTTCCGTATTGCCTGGTGTGGTCAGTCGCATGACTCTCCTACATTAGTTGCGCGAAACTCGGTCTGGTCGGAGTATCGTTTGACTCTTACTGACTCTTGCTAATCTCG,1158,49.22,Drosophila melanogaster
SEQ_824232,GTATAAATGTTCCCAGGCTGCCCCAGGGACGCCTTGGGGCCTAGCGTATGGCTGTGCGCTTGCTATCGTACTATGCGATAGTAATACATCGTAGGAGCATCCGGAAGTTGTTCGAAACCTGATACTTCAAGCGACGAATACAGCGACTAATGTCGGTCCAGGGATACAATCCCCGTCGTTGGAAATCGTCTCAGTACCAAAACCACGTCTTAGAACGTCATCATAGGCACCTGTCTGATGCAATCTTGCCTCCTGCTAACATCACACGTAAATGGCTAGTACCAGCGATGGAGCCACTGCATACTCCTACCCGCTTTCAATCTTAAGGCTTTTCTATCTCTTTGCGGCACAAGACCCGACACCTGGGAGTACATAAGTTGCGATTTAGTACAGTAACCGTCCAGTCATGACCACCCCCTATGGAGATGTGTTGGTTTAGTAATGGGACAACCGGCACATACGGTAGCACTTATTCACTTTTCGCGCCCGCTTATTGGGGTTGAGGTCCCGTCACGAATGATCCTACCTCAGGGCCGGAACCCCATCATATATCAGACGATATGGATCCCCTAAATGAATGTGACCCCTAAGATTGGAGGTTCTGTCCCCGTCTCCGTTTCGTAACACGAGCGGAAGGATGTCCTGTATTCAGTGATTGGTGTTTAACCAGTTCCTCGCTCGTCGGGTTGGGAGATCGAGTACTCATGCTCTAGACGTCGCCAGACCCGCACGAATAGTAGCTAATTGAGAACCCAGCGAACGACATGTGGCCGTCGCGTGCGTTTAATGAGTTCTAACACCGATTGGTGTCATGGGTCAATTTAGGATTTGTTACTGACCGGTAATTCCAAGCCCATCTGGTATAGTAGATGGACTATTTGACCAAAGATCCTACACCCGCGCCAGGTAATCTATAACTAGTGGGTCTTCAACTTATTACACTGTGAGCTATGTTAAAAACGGAGGGGCGGTCTCTCGCTGATCGAGTCATATAACCACCCGCACGGACAGATGTGGCCCGGGCGGTGCATGCAATAACGTAATGGTGTGGGGGTCCTACCGAGAAACGATTATATGGCTCCCCAATGGGTCTCGTATTATTGGAAAATAGGTCTGTAATCCATAAGTCACCTTAGCGCTAACCAACTCTACAGGCGCGTGCCGTGCTAGCGATAGTGGCATCACATCCCACGCCAAAGGACCTGAATTTGCCCAGAACACTGGTACGATCGGAACGCTCCGACTTCTGCTCTGGTCCCTTGGCCTTGTTCCCCGTAGTTTATGACAAGGCAACACTTAAATCTGAGCTGCATGAACTAAGGCAAAAACTAGCGCTGCCAGGACTATTACCGCTGCGTAGACAAGTTTTAAGTCCCCGCCTAACAATTGTCGGGACGGCCCATTGGGAGCGCAATGAGCGAATCGGTAACAAACGACATGGACCTCTCTGGAACACATTGATCACAGATGAAGGTTAATCTTTTTGATAGACGCATATGAAGAGAGCCCAGGATCTGGCAGCCCACTGGGCGAGGTAGTGGGGGCAGCCGTCACGGATGCGACCATGTCGGACAGAGGCAATCGTGTGCGCGCACACGCGGTAGATAGGCCAGTCATACGCGCCAACCGTATTAACTGCCCTATCCGAACGGTAGATAGTAACTCCAAGACTTGTAGTTCGATTCTTGCAAGTCCGACCTTCTCTTGCCCTCAGCGCACCGATCTTGACGGACACCCAGATCGAGAGGTTAGCAAGTCTGGGCCCCGTGTACCGGCGTCAATGCTAGTAGTAGAGCTAGCCTTCTGGTAGTCGCCAATCATCAAACATCGATCTCATAGCGTGCCATCTTTTTGTCACCCCGGATCCTATCATTTTTACGTAATCCACGGCTAACAGTCGCACGTATACGCGATTCTCTCAGTACGGGGACAGTAGCGCTCTATAAGGCAGAAATGTAGAGTCCCAGACTCGAGGAAACGTATTTTGGAGGAGT,1994,50.6,Saccharomyces cerevisiae
SEQ_362698,GAGGAATTTGATCGGTACGGGTTTCACGTATCATCTTCGACGAACTAAAAACGCCGGTATTATCCATTGGAGCGAAATATTAATCCGAACGGACTAGCTCAAAGAAGCTGACCCGCGTTATCCCCGTATCCATGTTTACTGAGGCAACCCTTTGGTTAATTCTCAAATAACAACTGCTCTTTATGAGCCCTGATAATAACAATCCTAGTGTTATCTGAATTTCAACGGCCATTTAAAATCGAATGTCGCGAGTGCTTAATCGGAGCGTCGGGGAGGTGGTGTGCGTATGTTGGTTTCTACGATATCTGGACTCTTTCCTAACGATAAGGCAGGGTCTGCTAAAGTGTGACTTATAGGGTCATAAAAGTTTATGCGGTTCCCGTATTAAGTCTCCCTGATACCTTGGCACTTGAAAGACGATCCGTAGTACAAAGATGAACTTAAGGACGACTGTAATGCTCATATACATTTATCTTGTACTTAATCCCGTTGGGGTGATTTACCCTCCGGGCATTTAGCACCTTTATCCCCGTAAGACCGGTGGCGGCTAAGGGGATAGCGAACTGCCGAAGTAACCCCCGTTGACGCTCATATAGTTGAGCCCTAGCCCGTCCTAAGTAGTCCTATGCTCATGTAAGGTCTAGTTCGTTGCTTTAACCTTGGTGCTACCGATGGTTTAATGTGGACAAATCACGTAT,698,44.99,Caenorhabditis elegans
SEQ_199348,ATTCGAAGAGCAGATTTATTGTTCCTGTAGCGTCGGGTCATATAATTATATTTCATTGCATGGGAGGGGTTCCTCAGTATGCCGGACGAAACACGATGCTTACTCGTGCCCTCCCTACACAGCATCAGCACATGTTAGTTCCAGCTACTATTATTGTGAAAAGTCCGCCTCGCAATATAACTAGATAGATACACTGCGTTCTGTTGAGGTAACAAGAACCCAACGTTCTGATTCGCCCACCTTTGCGCCGGAGAAGTCCACTTACGTACTCTCATTGCATGACATCTGAGGTGATAAACCAGGGCAGCGCACCACCATGCCACGTACGGGCCCCCCCCGGCTTTTTAGGGCGATCACTACTTTTCGCACAGTGTAATTTCCACTAAACTGTACCCAGACCACGCCCGTCGCAATTCATAACTGGTGTCGCAACACTCTAAGCTTGAGGTCTTGGAATAACATTAGCGAACCGGCATTATGCTCGTCTTCTACGATTATTCCCAGAACATTTCAAATGCATTTTACGTGCCTGTCGCTAACTAGACCGCGGCTGAAACGAGGAGTTCGAAGACCTTCTAGAATGAGGCTGTTGGCTTGTAGAGAATCCCTTGCACATTTTTCCCGTAGCACTCGGTTAACCCCAAGGAACTCAGCTCAAGTCCAAGAGGAATAGAGCAGCTACTTGGGATGTTTTATATGCCGACTAAAGGCTCTTAGTAAATCGCGACCCTGGTTTGTTTTATTTGCATGATCTCCATGCATCCTGTTGCCTGGTTACGGGAATTTACTCGGAGTTGGGAGTGCCGCGAAAACCTATCGTGGGGGTCGGACTTAGGAATTGGTAATCAGATGAGCTCGGGCTGCCTACATCGACTAGTTTGTCCGCATATCCCCGACTTCGGGGTCTCCTCAAGGTACTTTTCAGGACCTAAAGATCATAACCCGTATTGGCACCCATGTCACCTATAACAGCTACAATGTCACGCCACGGAGCCGATACGCAGGCCGTAATGTCCGGGCTACATTAATTCACGCGTCCGAGATGATTCGTCGCCCCAATCCGCGCTAGTCTGCGCACGATCGCTCGGATATCCATCAGGGAAGTATTCCAAGAAACGGGCAGAAAGGTGCTTGAATTATCGGTATCCTCCGGGTTGATAAAACTCAAGTTCACTAGATCCAGCTTGCTGCCGTGTTGCAGGCCCGCGGGATAGGCCCCATTCTAATTC,1229,49.31,Mus musculus
SEQ_597036,GAGCAATTTATTTGTCCAAAATCGGCGCCCTACAGTTTAGTAAGCGCCTCAGAACCTGCCAGGGTCCACAGTCCTTGATCGACCCATCTCGATGGTCCACACGCAAGCACCCCATCCGGAAACCGTACGCTAAAGCGTGAGGGAATGGTCTAACAAATGCATCTCCGATCGATGGGCTTGGATGGATCAATCGGAATCATTGGCACTGCTGCTCTTGAATCTTGGCCAGCCACGACCTCGCGGCGTTCGACCTAGTTATTAGTACCAAGCAGCGACTTCGATTTCTACTCAAAGGAACGGGTGGGCTGCATCAGTCAGTCGTTGTTTCATCAGTTGCATATATCAAAGCATCCGTTTCAAGGTTCTAGACCTAGACCGAACGTCTAGAATTGCAACCAAAATGCCAAAAGCACACAAGGTATCACTCGTGAGATAGTCACGGAGTGCCGCGGA,453,50.33,Mus musculus
SEQ_427486,GAGCTCATCTTCTCGCGAGCGTCGGTAGTTAACATGGCTTGCAATACACGTAAACAGCCGGAAAGTCAACTGTTTGTCTTGAATTGGCTGTAATGTCCCACCCTGAATAC,110,47.27,Drosophila melanogaster
SEQ_857854,GGGTGCCTTTTGGCCGGCCGAGGTCGGTGGTCCCCTGGGCGCGGGAGCTTGGTAACCGTAGTCGGGCTAAGACTCAACAAACGGCAGAAGTATATAGATAATAGGGTGATTCCTCCTTGCCTTGTCTTCTCCGAGCCGTTCTTTTAATCGTGACGAATCGCGAGGTCTCGTCCCCAGAAACGAGCTAAACGTTCAGTATAAGGGTGATGTCCGACCAGCTGATGAATAAGGAAGTTCCGTAATTTTACGGATTAAACTGAACGACGGTGGCGATATCAGACAGTAGAAGAATCCGTCCATCTTGAAGGCGCCCGAGCTCTAGGCATGTCGTGCCCGATAGAGCATTGTTGTCTATGCCAGCCAATTTCCTGCCAATGAGCGACTAGCTATCACTTAGGTCGCTGCCGGACGGCTGAAGGGGCAGGCGACTCCATTTCTATCAGTTAGCCAGTTGATGTGGACTATTTTATCAGTGCACCGTGCGATTCCAGTATAAACGCCAACATGAGATCGATCTGGTCATGCCCGTCTTATCCTGCCGGTCGACGTCCGCGTTTACTCAACTCATGCAAGGATCGCTCACTGGAAGATGATCTATGGCCCATCCCAGGGCGCCGCCAACGCCGACTCGCATGCTTGATACAATATCAACCCCCACTACTCGCTTTCCCCTAGGCAAACGAGAAGACATCGCCCTACACGCTACTATTACGATAAACTCATACCCCTACTGGTTTAAGTTCTCAGCAGGACTTCGCCCGATCTAGCGTTATTGGGGTATAATTAGTACTGAGCGAATATACGTACGTTATGTATTGTTCACGATGATAGGCTGACACGGAATACGGTCAGGGATACGCGCTCACTTCTACTAGATAGGCACCTGATACGGTCAAGACTAGAAATGAGATTGGCGTTACTACACGGGATCTAGCCTAATCCTTTTCTTAGCTGCTCAGACGCACCAGAATACCAGTGTTTCTCGGAACCAGATTTATCGACCCGTTATTAGTCCACTTAACCCCTATGGACCGGCTTTGCAGAATGTAGGTCGCCGCATATTGCGGATCAAGTGTGAGGTCTCTCCACAAAGTTGAACCCAGTCGCTACTCTCCTGGAGGGTGCTTTTAGTCGTGTCAGTATACGGTTTGTCAGTCTCTGGCAGCGCAAACTAGAATGCGGCTCGCCTACTTCGTAACTATGCGTTCGAACAGCCAGCTGTCCTTTAGAGTGCCCACGATTTTTGGCCGTGCTTATATTACGTCAAAGAGTAGACGAATACGGTGAACTCCGCTCGTCAGCTTTTGATTGGGACTGCCTCCCCGAGTGCACCGGACTTGTCCTCTTTGGAATTCGTGATGACGCCTGTGTCGGCGCCGGAATATGAGTGGCGTCCCGGCATCAACTAAGAGCCCCACGAGGAATCAAAATCGGCCGCGCGGATATGGACTGGCAGCGTTCAGCGGATTACATGACCGGGACCGGCAATATCTAAATCACCCCCTAAACAACCGGCGCGCACGGCTAGCCCGAGGAATTCCGCCACAGGCTCTCTGTGGCAAGACTACGGCAATAACATACGGGAGACTACGCGATGTTGTGACATATCGTACCTTGTTCAACACATCCCTCCA,1634,51.47,Homo sapiens
SEQ_345983,TAGCTATCAGCCTAGCCCTAGACAGTACCCGGGACCGCATTGCCTGACATTACCGTGTAGGGGAGAAGTTCTCAGAAAAAAGTAGTGCACTCTCTTAATCCTCTATCAGACCTGTGTGCTTGACCCCGATGTGGCCTTTACTGGACAAACCCTTTAGGAAAGGGTAGTTGTGACCTGTTCAGAATGATCAGTATGATACCACGTCGGCGTATCATTCATGTTGCAGAAGCAGCTCATAATCTTTTTGTTCATTAGTCACCAGGGAGCGTACCTCTCTATTCTCCTCATAACCCCCGAAATATGCGTGCCTCGGGTTTCTATCCTATCAGATCGAATTCGATCGGGCGGACTGGTAAAGCCAAGCGGCAAAGGTCTGTGAAACCCAGGCTAATTCTATCCCAAATTCCCGATGAAAGGGGGCAGCTCTTTACCGAGGAATAATCTGTTCTGACGGGGAAGATCACGGAGCCCGATATCCAGTATTGTACCAGGCACTATAAGGGTTCGACGACTAAAAAAAAGGCGTGTTACCGGACCGGACTTCTTCACCTCTGCTAGGGACAAACGGCACTCGCTGCCAGGTTAGAAAAGATTTATGCACTTTCGAGCTCCACGGAACAGCTTAAGGATACTGTGCTAGGGATACCCCACGGAGTCACCACCACCTGGTAAAGCGACGTGTTTTATGTTGGATGTTAGTGGGCCGAGGAAACCTCCAGAGGGCTCGAATTAGACCCTTCCGTGTGCAACCCAGAAGGAAAGGCAATCCTGTAATGCGGCTGAGGACGCAAAACACAGTGACGACAGGTAGTTAACAATGTTGATCGCTGGCAGTGTTTCAGCAAATATACCAACGCTAGAGAACTTCCTGATTAGGGAATTTTGCGACTATCGGTGAACGGGCACCCGGACCAGAGAAAAAGTGAAAGATGTACGACTAACCTGCGACACATAGTTGCTCTACTGCAGTTTATTGGTTCACTACGCTAGACAGACCAAAGCGTCGCGACGGCTGGAGTGGTATATCTGGCCGTCAACGTTATTTAGATAGGTCCTAGCCTCAAACTGGATTTTGTTTCCCCAGACTGCCTTATTAGTGATATTCGATATAGTCACTAACTGGCGTAGCATAGGCCCCACGATACCATTGTGAAAATATCCCCCAGTATGCGGTTTCCTCGGGTGTACTTGGTCCGCGGAGCGCTTCAATAAGTATGGAGTCCAAAACAGCGCGACGCAGCATACCTTGTTTCTACTCCTCTCGTCAACCGAGACACTCGTTCCTCATTGGGAAAGGTATTGAGCGCCGAAATCTGGTCAGTGGCCAGAGCTGGTTAGTGGGTACGATCCTATTTTGGCACATAGTTTGTCCCACGGGAACATTGATGTCTCCGTAGCGGGACTTTGTACCAGTGTTAGTAGGCTGTTCTATGCATATGGCACGCGGGATCCGTGTCTGCTCTGAAGCCATACGAAGATACGCAAGTGCTAACTCATAGCTTACTCGGTCACACAAAGCAACCCTATCGGGTGGTCGATCTATCACACCTGTTGAGTATCGGAGATAAAAAAACCGGCGAAGAGTTACTGACATGACTGTCCCACCATAATACCAGTTGTTCATATAGAACGTTCTTTTACAGCCCCCAATCACCCGAGGACGATATGGCTCATGAGACTCGACCCTATGTTTAAGGAATCTCACCAACTTTTATGAACCAACGAAGCGGGAGGCTCATTCGGCTTTAATGAGTTAAGGTCTTGC,1765,48.61,Homo sapiens
SEQ_893243,ATGCGATAACATTTCAAATCCCGACATGGATATTTACCCCGCGGGCTGTAGGCGCAAACTATTGTCATGCCTCATTACGGTACGAGGAATACGCTCTGCGTAATTCGGACGTCAGCCTCGTCACCGAACGAAGGAATTACGAGAAACAGAGACTAACCTCTTACCGACGGGATTGTTGAGCCCCCGCTCCGACGGCGAGAAGCAAGTGTATTAGCAAATTTTATCTTTATGAGGTGCAATCATGTGCTAACAATACCCCCTACCTTTTTCCCACTGACCACAGCCTCACACACCGTCCGCTGTCTGTCTATGCATATGGGTCAATTAAAGCTGTGTTAAGATGTCATGCCTACGCAGCCACACAATCAAAAGCCTGAGGTTAATGTACGGCGGATGTCCGCAACCCACTAATCGTTATTAGCTCTTACCCGTCCCCTCCAGTAGAACGAGGCTGCGTTGCT,461,49.24,Saccharomyces cerevisiae
SEQ_434052,ATAACATCTCTTAAGTCACGTATCCAGAAATAATTCGCCTGACTCAGGGCAAAGCAATCCTACAGCTCTCGCCCCTGCTGCTCTAAAACTTCCTCGCCCGGCGCGGTTTCTTAACACCGGATTGTAAAACACATTGCGCTAGTCTACTCGCATAGCTACTAGAGATCTATTATGACGATGCTGGACGCGGTTTCCTCGTTGGCTGACACTCCACCAAAGGTGGGGGTGAAAGTCACTGCTGGTCTCCCGCATGCGACAGACTTACGCCCTAACCTACGCGACACGAGCCGTCTAGCAGGGAGGCCACCGCGGGATGCTGGTTTGCCGTTCACACTCATTTACTGCCTTAACCGGTGGACACGACGTGCGATCCGAAAGTAGCGCCACGGGTCTGAAAAATTGGAATGGCCATACGTACACTCTTCGTTCGGCGTCTCGTATATACCTATATTAGCGAGTGGTCATAATCGGTCCTGGCGTGACCCTTGCCCTGAATACAAGCGCGTGAGATTGTCCAATTGCTCGGTGATTTTTGACTTATGACATGAGGTCAAGAAATGCGAATTAGTTCGTCTCAGACCTAGCTTCCAGCGGCCGTAGTTGGAGCGAAGATGACGTTGTACCCCAGCGGTGAACCCGGATAACAGCGCCGTACCCCCGAGCAGCCGGGACGGGATCCATTTCAGAAGTGTCTGCGGTAATGATTGTTCGAATTTGTATCCACTCAAATTGGGTGGTCCGTGCCTCCCCCTGTGCCAGTGACGTGCCACATTTTGTCCGGATGTAATCAAACCCATGTGACCGACTGGAAACAAGGAATCCCCCTCGTTAGACATCCGGAGTGGTATGATGGTGATGTACGCGCCTGTGGTGATTTTGCCAAGTAAGTAGACCATCTCCATACTCAGAGGGAGCGACGCTAAGACTAGATGTGCGAAGTATTCAGTCTAATTTGAGATATATAGTGATGCACATGTAACAGCAGATCACTAATATGCGCCGCTTGGACCCACCAAGCTACCACAGAGACTCGGGCCAGTCGGTTTAAGGGTCGGCAGTTCAAACCATAACGCCGAGGGTGGTCGACGCCAAATTCATCTGGCTCGCCGGTCGTGCCGGATCGCAAAGA,1129,52.08,Saccharomyces cerevisiae
SEQ_885783,TTGTTCTTTATGTAGAGGTCTATCATCAAAATTAGAAATAAAAAGATGCAGCGGTAATGTTATTGTAGGATGTATCAACGCCACGGAGAGGATGGGGTGTTCCCTCGCCTGTATACTATTTAAGAGATACCCGTAACTTTGGGAAGCTCAAAGTCGAAGGTTCGCGAGAGCAACTAGACATAGAATATACAATTTATAAGCCAGGTAACATCTGTTTTGTGGCCTGCCGTCAGTGGATCAAGTCGTCTTTCTACACCCCGACAACTTAAGTTTCGAATGTAACACTGTGTAAGAAGCGGTCAGATACTTGAATTACGTGTCGATACACCTTTAACCATTAGGGCCATGAACTGCTTCGGCTGAAGGTACGAAGATAAAAGGCATGGACTCCCGCCTACCCCATTGACTGTCCTAAAAACACGAGAGGGGCTGCTCCTACCCGAGGAGCCCACAGAAACTAACCTGGATGCGCCCGGCCGATACACGCTAGACCCTGTCATAGGTCTAGAAACCGGCGGACACGAG,525,46.67,Caenorhabditis elegans
SEQ_627379,GGTGAAGACTGGTCGATCAATCCCCGTAATTTGATCTACCGTTCAGTGCACCCTTTCGCGTACCATTGTGGCTAAATATTTGGAGTATCAGCGAGCTGTCGGAAAAAGGGGACATCTAGAACTACTGTAAGACTCAATGGTAACTCTTTCATGACTTTTCGGTTACTTCACATTAGTGCATGATCTAGACCATACCACTGGTGTGTTCGCCGCTCAATCGTCCTGACTGTATACGAATTAACGGCCGCGCATAAAGGAGTTCGGCAGTACTCGAATAGATTTTTGCAACCCTTTCTTCCGCACGCTCTTGTCCACAGCGAAATCGATCGCATGCAGATCATTACCGACGCCTCGGGTTGGGTTGACCGTCTAGTACGCATTATTGTAACTTGGCACGAGTAGTATCGTCGATTACTCTCCATTTGGCCCATTCTAAGGTGCACACCAATGCAGTTGAATTCTAATGAAGGAGTCTCGTGCATGGCAGCTCGTTCAGTAAATGCGTGGCTGAGATGCCTCGCCTAGCTCACTAAAGTGTAAATGACGGACAAGATTCTAGAAACTACGCAATGATCTTCTGGGTAATTACATTCCTATTGTTTGTTGATCAGATAGCGCTTTGTATCAAAGAGTTGTACCACGACGCTGATACAATTAGAGTACCGATCCGCGAGAACATAGTGCTTCAGTTACTACCCTCCTCTTTCATATTCACGCGAGAGAGGAGGAAATCTCCCCAGTCAACCCAGAGCGCACCCTCCCTAAGGCCTTGCTCATAATAAACTCTGCCCTCGATCCTGCCAAAGTAACGCTCCCTCACGATATTAAATACAACGCTTTTGCGTCTGTTACCGACCCTGAGACATAACCACTGGGCCAGTCAACCCGGCCGGTGACGTAGAGGTATGTTGATGGTACTTAACAATAGACCCGGCTGCGACCACTACTTTTGAGGGCTCCATGTCTCAGGGTCTCAGAACGTGGCTAGTCTCAAACCATAGTGGGGTAGAAGTGCACCATTGTGGCATGGCCCTTCCTTAATGTTGTTAAGCTACTAACCCTATGGGTTCATACTTCGGGGATGGTTGCTTGATCGTACAGGTTACCGGCTGTTGAGTCACGAAACGGGATAGATTGCTGGCTGGAACAAATAAAACCTTACGGATACAGGACGAATCTGTACATCGGGGTATCACACTGCCTATATCTGGTTATCGAGAAGAGAACGTCACGAACGGGGAGGCCGTGCATGTGTCGCTCCGGTAAAGTGATGAAACAGAAGACGAAAATTTCGCTACGTAGACGAGCTACTAAAAGTCCTGTAAGAAAGGGTGGATCCGCTGGTCGCTCTGTCAGAACTAATGCCAACTTTCCTCTGAATGTCTCCGGAGTCACCTTCGGAGCTGAGCATTCCTTGGAAGTCCGCCTGAGAACATGCCAAAGCGTCGCCCTTACTCAATGGCACGTTTAAATATAGGTTGATAGTGCCTCTTACTGCTAAGTCCTTGGGAATGCTAGCGATAGTCAGTCTTCGGAGACATCCGGTTTAAGACTTGGGCCCCTGCACCCCCTTTTTATGTTACCCTGCACTGTAATGAGGGTAAATTTGTTCGTAACAGGACATCAGCACTACTATCACTGCTGTTCCGGCATTCTAGCCCAACGCCAAGCACATGCCAAACACGTATTGTACCAAGCCTATCATTATAATTAATCCGCAGTTGCAACAACACTGGTAATTTTATCGCAAGGATTACACATAGGCGCCCTTTGGGAGCTCCTGAAGCCAGGACACACATGCTCTCTTTTGAGTGAGCTAGGCGATAGTTCTCGGACGGTGGTCAGCGCTGTCTCAAGTCCCCCCTGGCCAAGTAGGACCGGGGCTGGTCACAACCACGTAAAGGGGTCCTTCTCTACAGCACATAACCTCGTACTCCCGGATCGGAAC,1948,48.51,Caenorhabditis elegans
SEQ_350000,TCAAAGTCTAAATAACTTTGGGCCAATTACAATGCACCAATTAATCAAGTATCATTCTAAATAAGCTGTGTTCTAGGCGCTCTATCTCTCAACACCGGCGGCACTAGGCCACTACGTAAAAACTGACTGGATCTAACAGGACTCGGCTAAAAGATTACTAATTAATTTACTCGCGCTTCCTTATTAAGTTTTCTGGTCCCTACCTGCGTGGTAGTCCGACGAGTGGGTATCGTACTATGAACTAACGCCACTCCATGATGACAATGCGAATCGATCAGCAGCCGAGAGGGAAATGGTAATTATGGTGGCACCGGGGACGATAGCGTCCTGACCCTCCCAAATGTATTTTCTCATCACCTCTGCGAAATTATCTTACGACAGGGGGGGAGGTATGTGGTGGCCTCAGTGCGCATGCGAGGGATGCACCGGGCGGTGCTACCGCGTTTTGGCTACAGTATGGGTAACTAAGTCGAGGCGTAATACATGTACAAGGTCTTAGGTGTTTATGTAGTTATCCTCGGATTCAGGTATTCCGCTCTGTCGAGGGTCGTAACATACTGACACAGGGCATTCGGTCTGATCTCGCTGTCCGGTCCCTTAACAGATGATGACAAGGAAACACAACACATGTGTGAATCCGCCTGCGTGGGGGGCTATCCGCTAATCAGGCGCACTGATGTTCTGCTGAGTTCTTACAGCTACTTCCGGATGGTATTCCGTTTAGCCTAAGCGTGCTCAATTTCCCGGTGGCAACTCCAGCTCTTAAAGGGAACCTAGGGTATTGGTAGTCGTGTAGCCATGGAACTGCTCTGCCGCTCAACTATGTGGTATACCAGTCAACCTGATACCGCTCGACAGAGTTTCTTCGGTGCCAAACGAGCGCGTTGTGGTAAGTAGATCACAAATAGAAGATCGTAGACTATCGGAAGGGACCGATTGTGGTGGGAGCCACGCATGGTGTAACGTGGGACAGAAGATTACCTGATTGTCCGACCGTAACCTTCCAGGCCAGCACGCACGAGCGGTGGGCCCTCGCATGAACAGACTCGTTGTGCCCAGCTAGGCCTGTTTACGAAGTTTGAAGACGCAAGGTTATGGCCATCGTCAGTTTCTAAATGATAGCGCTGGTTGCTTTACCCGTAACTTTAAGAGTTTTGTTAAGAGCATGGTATCCGGCATTAAACTCGAGCTACCTTTTACATATGCAGTAACAATGAGAAGTTTCGCAAAATTTGCTCAATCGACTTGTAGTGGCGGTGAAGGTCATCGAGCCCCCTAAAGAAAACCAACATCTCGCACGGATTACGTAAAAGCAGGCATAGGGCGTTACACTTCCAGTAAGTTGCCGATTAACGAAGAGTCGCCGGGGCGGCCAACCAAACTAGTTTTCTTATTAAGTTACGCGCCGGTATCGAGTCAGGCCCTTGTTACTACGCCCCCGTGTCTTACGCCGTAGTGTCAGCCTCTTATTTTCAGCAAACATTTAATTGAGGCATGGAACTTACAGAGACATAAGCACTGAGATCGCGCTGCCTGACACCCCAAAGGAGTAAGCCTTTTGCGACATCGGCACATTTCGCGCTAATGCGTTCGGACGTGCTGTTAGAGCAGTAATCGAGTGATGAGTCGTGAACTATTACGTTCTAAACGACAGGCGACCCGTCCAGACCCCCGTGTTAGATGTACCACAACGGTTATAACGAAGTACGGATCCCACCAATTAGTGGAGATGCTGTACTAGCGATTACCCCCTAGCTTCCCGTGGCGAACAATCCTCCTCCGATGAGCCGT,1791,49.3,Saccharomyces cerevisiae
SEQ_495880,AGTGGAGATTGGCAAGCGATTCCCGAGTAATTCTTTCTAAGGTTGTACTTCGTAGTGCGGTTCCACGGGTCACCGGGGGCGGAAACAAATACCCTTATCTCAACACGAACACACTTGTCTATAGAGCCCTATAAAAAGGCGTGCGGTCAGATCCAGCTCTGTAGACAACCCCCAAACTTTAAACCAGGAGCTAAGTCACCTCTTCCTAGGCATCTGTTAAAAGATTAACCTGGGTCCCTAGATGAAATTACGAGGGTTTATCGCCCTTTCCGGGAGGTGGTGTGCTCGACCGAAATCGTTAGTTCCGATTGTTACCGTCCAAAGGGGTTACCAAATAGGACCCCGGGGGTACCGTATCGGATAAGGCAAGTAGATAGCAAGAAATGGGTTTGGTAATAACAAAGTAAATATAATTAAGATTCTCCAAGCGACACACGCGCGACGTGACGTATGAAGAACCCCAACCCGTGGGGTAAAAATGCAGGCGCGCTACACCAAGCCGAACGCGTTAAGCACTCTCAATGGTGAATCAGCATAATGATGCGTCAGTGCGACCGACAGACACCTAGTGGCTCGTGTTGCCATTGTGTGGTGTCAATAACGACTACCGTGATCTAGAATACAATCCCCCGCAGGCTACATAATTATACTCTGAGTCAGGCCTGCTAGTCTCAGGGTGCCGACCAACTTCGTATTTCGCCTCTCGATTTCGAATATCATTTTGTCAACGTGGGGCTCGACCTTATTGGTCTGCGGTCTAGGTAGGGATTCATATCAACGCTTCTTGATTCGTCACGAAGAGCAGGGACCTCTATAAGTCGGGAGCAGGTTGTGGACAGCTAAATAACACGCGTGAGTCGGGACGTGGTTAGCCATTATCGGATACTCCGATCCCAGGTTCCGAAGGCGTGCCTGCACCGATTTCATAGATTCTCTAAGACCGTAGGAAACATCAACCATCGGTAGATTAAGCTGGGCAATTCCGACTTGTATGTGTTAAGAGGTACGCCGACATTGCGGGTTTGGAGGGGCTTCTGCAACGCTTGACTCAGGACAATTCGGGGTAGTTGCGTTTCACCGACAAGGCGCTCAATTCATGTCATGTCTAGCTCCCAGGTAATTCGCCTAAGCGGTGAAACAGATCGCTGCCAACCAGAATTGCGAACTTTCTGAAAACAATTTTGACGTAGTAATTGCGGGTCACGAGGCGCCGGTATACCTTGCTTATTTCTCCGCAGACACCAACGCCTCGAGATTCAGTCTACCAATTAGCGCTAACGGGCTGAGGTATAACTTCAAGCTTGAATCCTCCAGGTGGCTATTGTATAGGATCGTGACATGGATCTGCCCCCCCAGCCGTGTACATAATGGTCCCTCCAGTAGATCTGCTTTAGCCCAAGCACCGAAAGGTGCGCATGGCAGGATGAACCCCACTGTTGAACTCGTATCTGTTCCA,1456,49.52,Saccharomyces cerevisiae
SEQ_443647,AAACACGCTCGCCTAACCATTGCGATATGAACGATTGGGCAGTTGTACTTGTCCTCGAACTTGCCACCCTGGGGTATAGGATATATACCTAGGTTCAGACGTTTAAGTCTAAGCTATAGGGGGAGTCTCGGTACAATTCCGGCCGACACGTGCCAGACGAGCAGCAGGTCTCGAACTCGCTTATGTCCTCACGGGTAAAGGACTTAGTGAGGTGTATACTAGGGGGTCACAGGACATTTAGCCAACGCAGGGTTGGAATGAATAAAAACAAACTTGCTAGGGCTGCAAAGTGGGCACAATCCTTCGATAGCTAATATGTTGAACTGAAGTTTCCCTTCGCCCGGGTTGTCTTAGTAGTTCTTTGTACATTCTAGATGCCTCCGACACCTGCTAGCGGCGCAGTTAGCGGACGGGCATCCTTCTGGTCGGCCTCGCCCGGTGTTCCTGGATGCGTTGATAAAAGCTAGTACTAACGTCGACCGGGTAGCGACAGCCCATAGCGTTTCGTCCCGTTTAAGAGTCGTAAACTGAAGTCTAGCCGTGATGCTACATCTTTCTCGTGTGAGCGTATGAAGTGACCGGTGTAGATACTGGGCTGGTGGCGCAAGGACAGCGTGTTAGTAACCATACTAAACTACCCGTGCATGTGCCTAGAAAAGGTCTGAGCGTTACTGGCGGGCGGGGTAGCTGACCGCCTATAACTATCATCCTCTGGATCATACCCATGCGCAATCCCCTGGCGGCCGACGCAAATGTTGGGACGCTCAGGAATAAGCGGAGAGGTTGACGTACCTAGCTTATTAGTCCACTGATCTCGTTGTCTCATTTGTGAGGGACGCCCCGGCTGACTAACAGCACTGTCATATAAGAGGCTGGAAGAACCAAACAGGCCAACTTCGTTCGACAGCTATGTATAGACTCCAGCGCAGTACTGCGGGAACCTAGGGCTCGCGCACCGGGGACGCTGGCTATGAGTGCTCTCCGTGACATGTGATAGCATGCACACCAGATTGCGGTAATCCATCTAAAGGGGTATCACATATCGTACTCTCGTGGTAACTCTCGCGGTGCCTACATTGTTGGTGGAAACTTTTTACTGTCAGTCAGCCCACTACGCAGCGCTGATTCACTACCGGGTCACGTAGGGAATACCCGTCTGAGTTATGTGCCACAATCCCGTAGCGCCGCAACTTTCTGGCGATTGTCCTACAAGTCTGAGTTAGGAGAAGAATGGAGTAACCTTTAGTTATAACTTTCTCTCCGCCAGCGGCGCGGAGGTCCCTATGCGCTTCTGCCTGTCTCCAGTTCCATCTGCCTAGAGGTGAGGCAGAGGTGCGCGGTTGCCCGAATTCATGAGTTCGCCCCGCTCCAGGACTCCTTAATATTACTTGGAGATATCGTTAGACCAGCCAACATTTGCAGATTGCTCCGCCGAAGCAACAGCGTATCCGTTGAAAATTCTCATGTATCTATAGCCGAAAGTTGAAGCAGACTAAGAGGGAGAGCGTAAGTAGTGTTCGTATGTGTCGACTTCTGTCGGTATAATGGTTATTTTAGGGGCCCCCGGTGGTGTCATTAAGAGGAGCCTACCGGAAGACATATCAATTATCCCTTCTACCACATCTATCATACAAGTAGAAGATGATACTACATTTTCATCCTAACTCAATGACGCACACGGTGCGCCCGT,1690,50.89,Arabidopsis thaliana
SEQ_963107,GAACCAGTGCGCGTGGAGTGTATTGATGTTCCATAGTTAGGCGGAGGTCCGTCCTGCTGTTGTTGTCCGCGCGGGTAGCGACCTGAATGTTAGCGAGGATTCCCTCAGTCATTATGCGGTGTATAACGTCCTTCTGAAATCTACCTCTGCTGTGCCCATCGGAGCGGGATCTCTTTGGAATGATATGATTAGGACGTAACCATGGAGTTGATAACACACGCCTTTCCATATATACTGCCATTCGCTCCGGAACCTATTATACGCTTGCGCAATAGAGGGCTTAGCTTTCTGGCGGAAACATACCGGGCGAAATTTACCTCTGGGAATGTGTTTAAGAAAAATGCCAGCGCTTAAAGAGAGCGGCAAGTCAATCCGCTCTCAGTTGAAGCATAACTGAGAGTGTCTTCCAAATTTCTTCGGCCCCGGGTCAACACCAGAATGAGGACCGGGGCACTGCCTTACGATAATGAAATCACTTAGAGGTCATGTTTCACGTGGCTGCCGAACAGGTGGCATCTACGCCTTCTCGTCCCTCCAGGACAAATGTCCCATCGCCCCCTGTTTCTAAGCTAGATACGTCGTGGGGACG,589,50.59,Saccharomyces cerevisiae
SEQ_374975,GTCACGCCGCCACATATTATATTGCAATGGCGTGTTAGACCCAGCCGTCCATAGCTACATGCGTCAAAACACTAAAAGTGTGCCTAATATACGTTTGGTAGTTTGCGAGGTGAATCTATGCTATTCTAATTAGCGACTGAAACATATCCTCGAAACGGAGAGGACATCTAACTT,174,43.1,Arabidopsis thaliana
SEQ_749971,CTTGTACGTGGAGCCTCATAGCACCAGTAGCAAAGATACTGTTGGACCTAGACATTCACCCGACAGCCATCAGTCAGCGGGCAGGCTAGAGAGAGAAGCGAACACTACATAGTGCCGTCCACTCGGCCTAATATAACTACAGTCTTCTTGTACGGGCAGTGGCTAAGCATTTAAACACACATGTTCGATTTACTCATGATTGGATGCGGGGGCTTAGAGCTGGGCACGGTCACGAGAACCCGACTAGAATTAAGACGGCCAATTATTATACAGATGTACCCCCGCCGACGACGTGCGGAG,300,51.0,Caenorhabditis elegans
SEQ_897019,TCTGGGTGACCTAAGTTTCATTAGGAGCATGAGTATTATGTATTCAACATCCGGGGTAGCTCCTCAAGATCTTGGGAAGAGTGACAGGGTTAGTCACAATAAGCCGGCAGTGACTGATAGCGTAGCCACAACTGGGAAAGGTATGCGACGGTCTCAGTTGAGTCGTGGTGACAGTGCCGCAGTCGGAGGTGCGGGTCGTAGCGCAGAATTGAACCCCGAGCGGCTACTAGAAGCAGCTAAACTGCCTGAGGTAGGATATGCAGCTACTACTGATGGGACCGCATTGTCGCTTGCTGTACGCAATAGTCCAGACACAGGGGGGAGCTCGCGAAGTGCATCACAAAGGTATCTACTTACGTGCGGTCGACTTATTTCATGCTTTACAGCGCATCATCAACTACTTACTGTAGGCTAAATCACCACGCCGATACCAGCCAGATCCATGCCATTATAGCACCTGGGCTACCGTATGCGGCATGGTCGCCATTCCGGGTATTATCATAAGCATGGACCCGCATACCATGTCGTACCCACAGCAGTCACTCTAAATAGTCCACGGATACTACACCGTCCGTTGAAGCAAGTCATGTAGCTACATTAAACCGATCAACTTAGAGGACCCTTTCTTATATGAAAATCGAGAGACTCGATAGAGTTTTATTTATTGCGCGTCTGTATTCTTCTGCAGTTAGGTAGCTGACTAGGCTGGCCAATTACAGCACCCCACGAGGCCCAAGTCCGTCGTCGCGTGAACAAACTCGCACCGTGATTGTCATAACCTTGGCGCGCCACGGCTTCCAGCTCACCAACCCAGCTATCGAATAAGGTGGAAAGGTTAATTCATGAACCGACTCGCATTGCATCAAGCAAAGGCCATGCCATTCCAGCTACTGTGCATTAGCAGGCACGATACAAATTGCTGCCCGACATATCACAGATTAGCATGGGGGAGGATTCTTTTCCTTGGCTAAGGTTTCCATTTACCTGAGATCATTCGCACCCTGTGGTGGAAGCTCAAATAGCTTCTCCTGTAACTTGGCCAAAACCGAAGCCTTTACCTTGGTCCAGTGTTTCGCAAGGTAGGTTCCTGCTTAAGCTGGTCCCCGGTTAGCTTCGGCGAACTGACTGTTGAAGTTGGTGCTCGACGTGTAAGCTATAAGCCCCGTCCGCCCAAGAACTATAGGGTTACACTGGAGCGATCCGCATCGAAAATGGTAAACGGCTTACGGTACGCGGGTAAATTCGGAACCAACGGGTGATTTCTTAAGTAACACACAAAGGTAGTACAGAGTGATCGAGGGCCGCTGTTGGAGAGGACAAAAGAGAGAACAGAGCAACAATGCGATGACCCCCCCTGGAGATTATTCGCTAAGGATGAAGAGTGTGCACTTGGATGGTACTACACGTGACATAACGGATCTCCACATCGAGAATCCGATGTGGCCGGCACGGGCCTGGGTTGATACGGTAAGCACTCCTCACGTAATGCTGAAGCCGTCGACGGCCTCAGTAGAAAATGGTTCCCACTGTCCAGGTTCCATACTCCG,1547,50.48,Drosophila melanogaster
SEQ_729587,CATGAATATTGATTCCTCCTCCTGGGCAATATAGTTTGCTAACCATTTTGGTATATAGGCGTCTACAATACTATTTGCATGGATTATGGGGTGACTGATAGGCGGACGGTACAAAAAGAGAACCTGCTTGTTTACCGTTTTCGGAGAAGTGCGCTGAGTCATAGCCAACCGATTGTCTGCGTCGATAGGCATACTACTTCACGGCAACGTGAGGTCAAGGTCAGCTACTCACGAACCGCCAGAATTTTAAACCCTTGCTCCCTCAGACCGCGTACGTGTCGATAGAGATAGAGATGTGCCGCCGCACAGAAGCGGATAGCCGACTCAATGCGACTCTTATAAGGGCCGGCGCCTCGCAACTGATGCCACTGACGTGGGAAGCGTAACAGTATCACACTTACATTCCTACAATTGCGGCGCGACTGGAGATAGTAGACCCGACTTGCCTCGAAATTTTAAGAATCCGAGGGATACATGATCGTCACCGTAGCTTGAGTACTGAGCTAGGAATGCTCTTGTCCCCGTTCCTCCGCTACAGCAAGGAATGCCAAGTTAACTGACAAGACACAACCAACGCTGCACGGATTTCTCCTGCCAGATGGCCCATGAGACTTCATCTCATGCACTGCTTCGTACGTCGATGTACTCTCTGCTGTGGGGGATGTCAGCATAAATGCAACTCAACCGACTCAATAACTACGCGCTTTCTATATTGCAGTGGACTTCGTGAGGTTCAGTAAGTTGCCGACAAAATAAAATGTTTGAAGACAGGATAGATTGCTGTGAACATGGAAGTCAACCGCTGAATGCTGACGGCTTTAGCATAGGCCTCGTAACTTTACGTACACACGCTTACGCTCCGCATAAAGTGGACTAATAGATGCATGACGGCCTGAGGGGACCCGACCCAAAACGGGCAACATTGTTTTGGCAGTGCTTTA,941,48.78,Homo sapiens
SEQ_670957,CGCAGCGCTCCCGGCAGTGTTATTACAGATTAGTACTGCGGCACTCTTATCGTGTTAGGAGAGACATGAAAAAGTTTTCTTACACCACTGCCGCGCGCTGTCTCATTATCTAATCGTCTAGGTAATTGCCCGACTTGCGACTGATACGTGCCCGCGCACCCGACACGCGTGATATGGTCTCGGGCAAGTGACGCGTCTATGTCTACAATGAACATGACCCTTACTGACCTCTAAAAACTGCAGATCTTTGTTTTCTCTCATCGTGGCGATGCACCTCTCTAGATAATTCGGTTGAAGTCGAATTAACCCTGGTACAGTTTGCAAGACCTATTCGGGGGCGAAAACGGGAGGACACTAATGGCTAGAATTAGGTGGTGCTTCAACCCCCACAGCAGCTTACGAAATGACGAGCTCGTACCCAGCACCGTAGGCATCGATGTCAATCACCCATGACCCGATGTATAGCATCACCATGAATTATATAGCTAATCGGAGCCCACGAGACCAGCGGTTAGTCTCCACTCGACTAGAACGTAAGTGGAAGTCCTAGAAGACATTGAGTTTCGATACACTTGCGCGGCACCCGAATAGAGCCCTTTTTCCAACGATAATTCAGTAGGGGCACAACGTCATAGTTCGAGCCGTTGGCTAAGCAGGTCTTTGAATGACTGAGTTAGGTTCAGGAAAGCTCGTGTGTTCGATTTTATTTTCACCACCAACAACTCGACGAGCTCGCTCGCACACCGTCTCTAAGCAGGGGCGTGCCCTGCCCTCAACGCTGTTTGACCTGCCGCCGTATGTCCCAAACAGAGCTTTTTTGACCTCTTATGTCTTCATCCAAATGTTTCTCAAGTCTTTGGTAGGCCACCACAGTAGGCGACCCTGAGTGCGATTCCGTTTCAAGAACTTCGGTTCATAATTACTGTCGAAGATATTCCATAAATTTCATCTACACAGGGTCCATTTTAGAGGGACGTTAATAAATTGAGTTTCCCAAAGACACCCCAGGTGCTTAAGAGCATGCATTCAGCTCTCGGTCGAACCCCGAGCGCTTCTCATGAATGCTCCACGAAGAAAACGAGGTCTTACTACATATCAAATCAGCCCACGCAGATCGAACGAGGACGCTCGACTCCATTCCGGTCGCCTGCAAAAAAATGCCGTACGGGTACTATATCGGTTCTTGTGGGTGGGAGAGTTCAGGCGCCATACACCTCGCGTTCACGTGGCTATAGGCTCGTCTCGCCCATGTTACTGAATTTTAATGGCCAGTCCTCTGATGACCATGCAAAATTATCTGGTGTGTAGGATAGGAAAGAAATGCTTTGTTGTTGTGTAAAGATCCCCCTATCTATGATAAACCCTCGCACGGCTCCGGCCAATTATTACTAAGCTTGCTTGGAACACGCGCAGCCTCTTTGGGCATGGCTTCGACTCGTTCTTAATACCTAAAGGAGTTGATAGCGAGTTAATTTGGCCATCATGCCCGTCAGTCTACTCGACTAGTTGGCACAATACCATAAAACTCTTGGCTGGCGAAATCACGACATGAGGTTTATAGTCGGGCACTTATCCTTTGTTCGTCTCGCGCCTGGTAAAGTCCTGATGGGCCTGGGACTGCCGCAGGTACCAACTGTAGTAGGGTACCGCATCCTCTACGAGTGGTAAATGATCCGGTGGCATTTTACAACGAAATGAAAAGACCATTGTTGTATCCTGTCGCCTTAGCACCCGTGCCTTATTGTACTGAAGTACCGGATTCGGCCAGCACCGGCGGCG,1779,49.13,Drosophila melanogaster
SEQ_254078,CTTTGCCATATACGTGCCTCTAGCGCTCGCGAGGACTTTGGTTTTGCTGTGTTAAATTGTTATATGGGGAAGGTTTTCAACTAGTAATTATATGCTTCATTTACAACGACCCGTCTCTATTACCGACCCGCTCCAGCCGTCCGGGCGTATCCCGCCGGTCGTACTTCGCGATCTCTGAACCACCGAAGGGATCCGAAAGATGGAGCTGTCACTCCTACGTTTGAAATGAGTACAGCCTAACGCTTGCATTGTTACGAAATCAAGAAGCAGGATTTTAGCGGCCAGCTGTCCTTAATTCACCGGCCGTCGGTTCAATCCATATGAACATGGGGACTAGGTTTTAGGGTGAGAAACAGTTTTTGCGGAAATGAGGGTTTTCATGATATGTACCCACGGATGCGCTTACTCTCTAACTCAGCCACGGTCCGACGCCTTTTCCAATGGTGGACCTGACGCCTTTCGCATGTTCAATGATCAGCGGCATCGGTAGCTATATGAGGGGATTCGGCCT,511,49.32,Mus musculus
SEQ_989032,GATGGCCACGTCTCTGATCAGACCGACGGCGCTGATAACGGTCCTACCATTCGAGGGCCGCCCCACTTCAACTAACGGGTTGTATCCGGTTAGGTACTGAGAACAGGCTAGGGAAGATAAAATCTAGGCGAACACTTCATGTCGCTCGGGGTGCGAGGCGGGATTTCTCGTAGAGCTCAAATGAATAGACCCGTTTGCGGAAAAGACGGTCGTGGTCGCTTCTGTATCGAGTAGATCTCAAAAGGAATAGCGGGGAGTGACATTCTCCAAAGATAAGGTTCGTAGGGTTTTAACCAGCAGTG,302,51.66,Homo sapiens
SEQ_765964,CAGATACCGCGGGAGACACTGACCCACCGCGGCGGAAGAAATATACCACATTGGCTTTCGAGTAATCACTTGTGTGGCCTCTACGGAGAGTAGATTACGCTCTGTCCAATGAAAACGAAACAAATATCATAACTTCCGTCGCTCAATATGGGGTGCCATAAAAAAGCTACGGGCTAGGTGCAGGCCCAGCGGCCCACGGTTGGATAGTGTTAGGATCCGTATCCTGACGCTTCAAGTCCAAGTAACTGTAATGTGTCCGACGTCCGGCGGACGTTTTTACACCGACTTCATGAATGAGAGAGACAAAACTGCGCCTTCAGTCAGCCTACTAAGTGTGGGGGCCGCCGTTTGTCCGAAGGTAAGAGGCGCCTTTTCGGAATCTTCCTGGATAATTACCTAGAACCGCAGTTCTTGGAGCTAACTAAACAACTGACAGCTTACGTTAATAGTCGATATCTTGTCAAGTAGGTACGGCCAGACAATCGAATGAAAACTGCGACTGATCACAGAGCTCTCGCTTTCCGGGTATCTCTTCTCCGAGCCACGCCCAGACGATGCTCTGTCACTCTGAAGGACTAACGATCGGGTCGTAGCAAACGGATATATATTAGCAATAGGTACGGACCAATTTGCGTCTGAAACAAGGCATCTCTGAACCTTGCACTGTCAAGGATCACTGTCCCCCGTCCATCTACATCGTGCTTAAGGTGGCCCATACCAGCTATCCAGGCGAACCATTGCCCTACTTGTCACGTATCGGGCAAGAATGGTCGTATTTACTGCTCATCCGTGCTACTTCCGTCATGGGCCCCATACCGAAGGTTACATGACCCTTGGTCAGAGTGAGTACGGTGAAGATACACTCGCACGCGCATCTCCCCGCCGCCGAGGCACCACGCCCCAGTAAGTGGACTCTCTAAGAATCGCCGTTACGCAAAACGAACCCTGATTTCTCAGTCGTGTACGCGGTGCTTTAGAGAAATATTCTCGCTTGGACCCTGCCATCAACCAACCACATAGACCTGTCTTACCGTGCTATGACCACAATAATGTATGTTTGATGTGTGCGCTTTTGCGACGACTAGAACATTATCGGATATCATTCTATACTTCAATGAGTAGTATAGAGAGAGCTGGTAAGCACTTTGCGTGCTCCTTACCCACGAACCTTAAGTTGGAGGGATCAAATAACAGCGCCAATCTCCCTCTGATTGCCCGACGTTGTCGCGCGACGCTGTCTAGACTCGTAACCGTCTATTGGAGTAAGCTCCAGTTAAGTCGTCTCCTCACGGGTCCGGTACATATCATTGCTTCTAATATACACAATCGCTACTTAGTTTTCGCCCTGCTGCGAGTCGCGGACTGAAGGGTGACCCGTTTACTTAGTATTGTTGCCAATCCGTAAAGTATTGTCTCGAAGCTCAGGCACTAAACTTCTGAAGTCCATGGCGTTCCGGCCGCAGCAGTTATCGAAACACCAGCCTTTCGTCGCCTGTCAGATAGTACACAAAGGAGGTCTTGATTACGGCCCGCGACCTAATTCCTCTGCAATTGTCAAGTAAGAAAAACCATAGAACGGAGACATCTGTTCGCCTCACGGGATCTGGTGGTACAGGTAGATTGCTGGCTCCCCTAAGCGAATCGTCGGACAACCACTCCCCATGAAGACGGATGCCATCA,1680,50.0,Saccharomyces cerevisiae
SEQ_605987,TCTCACTTGGATTCGTAAGGCAACCTTTACCGAGTATACCTAATCGCCTTTGCACGTATTTGTTGAGGAGCTATGGTGTGAGTAATGCCAATCCGTTGCGACTCAGATTAGTTGAATTTAGTTGTTCTTAGTGATATATGTATACTGCCCAGTCCACACTACAATGTCTAAACACCAGGTGGTTTGGGAAGCATCTTTCGGGGCATTTACGCCGATGGTATGACACGTCGAAGGCCGTCCGGCTCTTCTAGGCGGCACGTCAAGCCTTTGGAAGTACGCAGGTCCTCTATTTTTTTAACATTACGATTCCCTACTACCTACGAAGCCGCACGTTTAATTAGAACATACCTTGTGTTCTTCCGATCTTTATGAAGTAAGAGACGGAGCTTCAGGGCGTACATTCTTTAGTGGCTCTCGGCCTGGTGGCCCCGAGAAGGGCTTGATGTTGATGCCCGCGAGATGGGGGTGCGCATACAATCAGGCATCCATGGTTTTGAGCATAAGGAACGCTCGACAACCTAGAAAGGCCGATATAGAGGGGACCTACCATCTTTAACACTTGATAGTAACCGGGACCTCAAAGGAATTCGATTAGATTAATACCTCGATGTTCCTCAAGCCCCGATGCTCACGGCAAGGAAGTAGGTTGATTCTGTACCTTAAGTTGGAGGGACTGGCCAGATAAACCCTTATCGAGAATGATCCTAGAACGCAGCTGTCGTAGCGAGTCCTGGTTCCACCGGGTACTAGGCGTCCCGGGCCGACTAGGCCCCGCCGCTAACTTATAGTCCCGATCGGTCACTGTATATCAAGCCATCCGCTAAAAGGTTACCAAGACTGTTAGCGTAGCTGATTATAAATTTCCACTCTACCGTATCTATATAATTTAGGTGATTCTGTTCGTTCCGAACTGATATTCCCAGAGGTAGCTTATCACTAGCGATAACAGAGCATTGACGCCCAATGGTAGGTCAGTCCGTCACTCCAGCTGTGTAACGCAACAGCTCAGCAATGAATGGGGTGCAACAAGGCTTTGGGAGATTGAACAACCTTAAGGAGCCATGACATTCGTAATTGATGGTTCCGTTCGTTTGCGCTGGCAGGTATGATTTGGAAGATACCAACTCCCCCTATCACGGGCTTGCGCCATTGGGTATCATCCAGGGCGGAAACATAACAAGGACTGCGATTCTCTTAGTTAGGGAGATGAGCGAGAACGCGGCAAGAGAGTATTTAGGATAATGAAAGCTGCAATAGCGGTATACAGCCGCCAGAGGCGGTCGCTAGTTTTGACGGGCGGATCTGGTAGCTGTGCCGGTTCTCCCGCTGGTACCAACCGCTCCTGGACGTTGGATGTGTCTTCCATGCAGGTCAAAGGGTGCATAGTCTAATGTATAGTTAATCCCAATTGTAGTCTTGTAACGAGCGTTGCCCGATCGACACCCAGTACCTCTTGCCGGTCCTCCGGACCGAGCAATCGATAGGATAATAAAATCTCTGGGCCTCATGTCGATCTCCGCAAACGACACGGAGCAAGGGACGATAAATTCGCGCAACTAGAGAGTCAGAAGATCCACTAAGGCGGGGAACATCGTTCTTCGCGACAGTGCAACACGAGGGCTGGATTCGGTAGTCGAGGCTTATTGTTTCTGACGGCGCCGAAAAGCCAAGGATCCACGGGTTGGACGCTTATGTACAACCCATGTGGCGATTAGCCCATTGATCCCCTTTCTGTGTTTCTAATGAGTACTTCCGCAACGGCTCTAGTACAACTCGCGAGATTTTCTGTAGAGGTTGGATTCTCAACTAACTGGGAGTCGTTGGCGGCTGCGTCAAGCGTGTTGTCTGCCAATTTTATAAGAATGGAGCATAGAGACTCCG,1881,49.34,Saccharomyces cerevisiae
SEQ_154429,GCGCGTATAGTCTCACGACAATGTAGGGTCAGTTAAACAATAAACAAGACATAAATAGTAAATAGAGGACAGCCCATAAGCCCCTCGGGGATGATTGAACAACTGTTGTAGCTATCGTTGAGGTGCGACAGTAGTTCAAAAGGCACACTAAGAAATCGCAGTGGTCTATTGGGTTGGAACTAGTACTCGACGCGCAGCCCAGCGTCACTATTATGATCCAGAGACGCCCTGGTTTACGAGCACGTCTGCCTCTAGCCTTGCCCTTCGAGACGAGATTCCGCTTTCTGGCGTCCCAAAAACGTCGGTTCCCGAGATTGACCACTTTGTCCCACGCCCAAGTGCGGAGGCAGTAGCATTAGCGGGTGCTAAATTATTGTGGCGTTTATCAGAGTCAGCTTTGGACGTGCACACATCGACTGCACGCCAAGAACGTTGATTTAGGGGACGGTATGGGGCCATTGATCGACCTGAGTTCTGAGCCACGCATCTCTTGTAAAGTGAGATATCATCAGCGTCGAAGAGAGCTCAGATGGGAACGTGTGTCTAATT,549,49.73,Saccharomyces cerevisiae
SEQ_378990,GATGATGGGAGTCACGGATCTAAGATCTATATAACTAGAGATTGCATCGGACAATTTTCCCTGTTGACCTACCAAAATGCGATGAAGCCCAACTGTCGGAATAACGGTTTATTATAATGCTAGTTTCATTTGTCAAAATTCGGGACTACTAAGCTAGGGAACTAACTCTCAGTGGTTCCTACCGTTCGATTAGGGGCACCCCATCGATAGAATTGAAAACAGAATCCAACAAGGGTAATTCTCGCCCATCGATGAAGGCTATACACACGAACCATGCGCGAAATTTCGCACAGGACGGCATTGAAGGACGTTATGACTGGGCCAGTAAAGTTAGATCTGTCTCCTCATACAGAGCGCCCTCTGATCGTTATGTTACCTCCGTTCGACTTTCGAAACAAGAGCGCTGAGAATCCCTACTCTTTCGGGTCGAGGTTCTATTCATCGGCGTCTAGCCGAACACAGTTAGATAACACGATAATCTGGAGGCAACGACGGAGACCAAACCGTGTTCGGATAGCACAGAGCGCATCAATCATGAATCCTCTTGTCCGGTGGTATAACGTACGAGCGTTACCAGGTGGCCTGGCACTGCCCTGGCGGGCGGCGCTCGCACATGCCCGCGTATTACCGTGTCTGTGTGGCTTGGAGCGCCTCACACTAGCAACGGATAAGCCGGAATCTCAACAAGGAGGATAGTGTACAGGGCAGGTCCAGGAAATGACTATCAACCTCTAGCCTACCTCTGTTGGTGTCCGACGCCATGACTGACGGTGTGGGAGAGACCAGAGGCAGCGTGATAACTCTACGATTTGATCCAACTCAAACGTGAAAGGGCCGCGAACTGACTAGGAGAATAAAATATCCCTCGAATGAGTACAAAGTCGCAAGGTGTTTACCCGTACAGATGTTACGTTGCGATAGTGAGCAAGGACGCTTATATGTTTACGTACAAGATACGATAA,962,48.65,Homo sapiens
SEQ_225114,CCGACGCCATAACGGAGCTCCTGATATGATGCGCTTGGGTCGATAAGAACCCTGCCCGGTCTATTGTACTGGACATTTGTGAAATGGCCAAGTTGGATAAGTGTGGGGGGAACATGCCATACCGAATTACGTGCAAGTGGGCAGACTGCGATGCTGACTAGCCAATAGTACGTATCTTTGATCCGGTTGGACGCATAGGCGTGATATGTATTCTGGTGGATTCAAGACGCGGGACGTGATATCTCTTGAACTTGTCGTTATGGCGAAGCACAAACCAGATCATCGTGTGGTGTATGAATCCTGCGCGCTACCTTAGTGTACACCAGCAGAGTTTAAACTATAGCCAGGGATTCAGAGCTTGCCACCTTTTAGCTAGCCTTGTACCAGAACTTATATAGGTCCGCGCCGTCCACGTCTACCGAAAACGCGGGGATCCGCTAGCTAGTAGGAGGGCTATAAGTTGGCTCTATTCAGTAGGAATGGGGAAAATGCCGTCCGGGACTTGCCCACTGCGTTGCAGAACTTGTTTGAAAGGAAGCTATACCGCGCCTTCTAGGAGGACCCGCCGTTGTGTATTGACCCTGAAGGTTACAGCGGATAACTGTATTTTTTCGGGTACACTGTTATGGAATGGTGTCAGAAGTCTAAGTGCGACCCCACACTAGCTTCGGGCCCCGATACGTTGTCAAACTACCGACGGGCTCAGTAGGTCACTAGAGTACTGATAAACAATCTTCTTTAGGGTTCGGCTTATCTGAGCAACAGCAAACCCCCGGCAGACCTATACGCAGTGGCCCTTTGCGAGCCCTAAGCCCCCCGGCACCTTTAATCCACGCACCAACCGACTGGTAACGTCCAGATTGTCACGTCGCGTTTGTGCATATGGCTAGTAACACCATTGCACTTCGGCCGCATTGCTTCAAAGTACTATTCGACAGCCAAATCTAAAGCGGAAAGAGAGGTAGTCTCCAGAGGCGCGATGCTATGAAACGGCTTTCTCGGTAAGTATCACAGAGACCGTCCAATATGGTACTGGCTCGCATTGTTTTGTTCTACCCTGCAACTATCAGCGATCGTTCCTGTGTGGTATGTAGCGTTCATTGGGACGCCTGAGACCAACTTGGGGATCACGTCTTCGGAGTTATTATACTCAAGTCCATAGATAAGTATCGGTCCGTTCGTTAGCAATTATGGAGCCACTGTCGATTTCACCAAGAATTCATACGAGAGCATTTTAAGTTGTCTTGAAGCTTACGGCTAGGCTTCTCCTAAACGTCCCTGGCACCTTTAGTAAGTCGAATACCATCTGGTGAGTACGGCGGCACCTCGCCCCACTCCTCGTTGGTGGCTGTCTAGTAGACACAGTTGTAACGGGGGTATACGCAGATAAGGCACTACAGCTTAATTGGGAGGTCTACTCTAATTCGTCTTCCAGTAAAACAATGAGGAGCATACCACTTGGACGTGAA,1469,49.69,Homo sapiens
SEQ_393236,AAAGTGATAGTTGCGGCACACATTAGTAAAATCTGACAACGTTGGCAAGTTAGGCCTACCAAACCGTAAGGTGGGAGAGGCTTCTCTTTACGGTACTTTGTTTACTAGCCCGGAAGTCTAAATGGATGTGTCTCTTTGGAGTGACTTCCGCAAACAGTGACAACAGGCTCTCTGTAATTACAACTTTAGCTACGGCTCGTCAACCATAAACAAGAAATCTCGGGAATGCAACCGTAGTTCATGCCCACTGGTCAGCACCAACTCTTCCACCGATACGGCTCTTCTCGGTGTAATCGCGCCCCGGATTGTCGGGATTTTTCTGAATAATCATGCGGGGTGATCGCATTTCACAACCAACTTGGTTGAAATTCAGTTCATCAATCGGACTAAGCCTTCGTGCGGCTTACGGCACTATTTACGCATCCCACCTGTGAGCGTCAACCAAGGCTCCATCTCGAGGAGAAAGACCTTCTATCTCCACAGATAAATTGAGAGGCGT,499,47.49,Homo sapiens
SEQ_703302,GTAGCTCCGAGCCTCTCGAAGCCAGAACGCGGACACTGGCATCAACGTAAAGCACCCGCTGAGATTAATCATAGTTTACAAGTACCTGTGGTTCAATATCCATGGGTCTCCATATCAAGACGTACAACCGTTTACCCGCCTAGTCGATAAGACTGGCAATTCTGGGCCCTACTGGTGACAGAGCGAGCAGCCATTTCGATCTATTACGTATTGACTCATTTGTGGCGGGAATGAAGACTACCTTACCAAGAGCGGCTGATTCTCGAGATTCGTCTCGCATTATAGCAAAGTCGATCGCTTGCCTGACGTTGACCTTCCAGGGGTCGAATTCAGAACAAGGTTAGCGTCGTATACCTCTTGACTACGAGCAGTGGACCACACAGTTCAAACACAAACCTGTGTGACAGCTATTATGAGCGAGAGACATTGCCTGGATGGCGCGGTTCTCGCCGTGAAACGCGGCAGTTTATGCTTGGTTCGGTCTCTATGTCTGTACACGGTTCACTCGGACGTCATATCGCCGTGTTAATGTAGGGACATCGCCTGTCAACCAAGGAGGCACTCGCGACTTTAGCCGTATGGCCGACTATGGGAGCAGCGAATAGACGGGTCTGATGTAGGAGGGTTGTGCCAACGAGTCATGGATTATTCATCGGCGTCAGATGGAGGGACCTGAGGGCCGAG,684,51.46,Homo sapiens
SEQ_806822,TACAAAGCAGTGTAGTAAGTTGATGAAGAGGTGCCCTAAGTAGGGACAATCAAAGCGAATGGTGTCCGTGCGGCTACATGCGCATTGTTAGACGGTCATGGATTTTTTGCTCTTCATTGCAGTGTCATATCTAGACAATTTTGTCTGCTCTCCCCATGTATAGCCACTACACCACGGGAGGTTATCCGAACTTGTTTTCGGTTAGGGTCGAATTTCGATAGGTGGATATAACATACCGATGTCGACTTTTTATCTTGGTAGCCAACTATCACGTCGGGCTCTTACAATGGAACTTGGAGTCAAACGAGCCACCAAGCGCTGTAAAAACTCCCGCATATGTGCCGAGGGAGTCCTCAGGACCGCTTGATACCTCCTATCGCAAATGCAGATAGTATGAATCACAACGATTCGCATATTATGTCTACTACGATCAGCTCCTATAAGCCCGATGATGTGGACGTTCCCAGAGATGCTCGCTTCATTAGTCAGGAGTGGAGCCCGTATATATAGGCTGGGGTGAACGCTGAGTGTGAGGAAAAGCAAGGACAGAGAGAAGATAAACATTACACCCTTAATGGATGTGTCGTTAATAATAAGTCTGGGGGCTGGCTCTTGAACGCAGTGAAGGAGTACATGAGCCCGCATCGGGCTTTTGAGAAGGGGCTCTACATGCACCGATAAACGCCCAGCGTTCACGAAATCCGCCCCAGGAAGCCGCTCAGTATTTATCGACAAACGATACAGGTCCTAGTGAGCGACTACAAAAGAAGGAGGCAAAAACATCTAGACATGTCGATTACGGGGCAGATTGTATCTCCGCGCGGGATCAGACCGTCCACCGAAGACATCGTGTTCTGGACATAGATAGAGTGGGATGATGGCTATTTACCGGCGCCACACTAGCTAAACCAGATTTAGGGATTCCTTAAGCGGGTTAGACTCTGAATAGTTTAATCACAGAGCTCCGAAAAAGCCACGAGTTTCCATCTGAGAACTCAATACAAGCAGACATGCTGGTTGAATCATTGTCATTTACATAGAGTTACATCGGCAATAATGTTGATCTGTTATGCGATGGACCCCATCCTGCTCTAGGTTCGAAACAGTTATAATAAAGCCATTAGGACAGAAGGTTCTAGCGTTTGGGTTTTTGGTGATAGAAAAACTCCGGACAGCAACATCGCTATTGCAGGCTTGGTGTTAGGAGAGAACCCGGGGGAGCTTGTGAAGTGCTTTTTTTCCCAGTTTGCCTTGGGGGCGAACGTTGTGCTGTGGATCTCTAACATTAGCCGAGTTCTTGCCTCTCGGGCAGACCTCTACGACCAAGATACATCCAGGACTGTTATATAGGATTTATTTTCCAACTTCTGCACTTTAGATACCTAAATGACACCTCACGACACGGGGAGCCAGGATTCGTTCGACAGATCGAAGCGATACAGGGGAAATAGTACAATCGAAACCTTTCGAATGGATTATTTGAAAGTCGAGCCGTCACGGGATTTGCGTAATTCGCTATTGATGCCAAGTAGGAGTGCGCCCGAGCTAGGACTCTGCGCTCAGCTGGAAGTCTAGGAGCATCTAGTACTGAACTACTTAAAGTCCGAGGACGAGAACTAACGCTTCGATGGTCAAACTAGTCTGGCAATTTTATCACCACAACTCGGATGCTTGCGTCGGACGACAGGATGTGGCTCGGGCGTAGCATTTGCACGCTCAGCACTCTCTAGGCGATGCCAATACCTATTCTTGTGTTTTTTAGCAATGATTTATCGAAGTTGAACACTAAGGAACAATGAAATGCATAACCGACTGGTTATCATCCTCCCCGATT,1834,46.95,Drosophila melanogaster
SEQ_637196,GATCCATCTTATCCAAAGCATCTCAAATGTTTCGTCATATCTTTATCTCTTCTGTTAGAGGCAACGGCGCCAGAGATGTGGTTTATCAAGAGTCGACGAGGGCTCGCTGCTAAATGCCAGGCTGAAAAGGTAGATTCGGCAAGGCAGGTAGACCACTCGCGCCTCAAGCTCTGGCTTGTGCACGTGGTTCATTCATAGCAGATGCTATCGTCGATTGGGAGGGCGCTCATACTCGTAACAGCGAGCTCTTTCCTTTCGAGTTGTGCGGCTGCGTTGGGTTTACCTCAGTACTTAACAGCACATACAGGTGACCGGTGTAGCACCGGTGCATCTCTGATATTGTCTCCTATTTGAAGTCCCAGTCCAATAGGACGCCCGTTCTCTGGCATGCTGCTAGGCTCCCACCCGGGCCCTAGCAAACTTGATAGCATGCTGTTGATGAGGAACCTCCAGGACTACATGCTTCGCTTTACTCGACTGGACCAAAAGTCTTCTGCAGTCCCAGGTTTACAAGTATCTGTAAGGCCCGTTTCTGAGACTAATAGTCGCAATCGACGTGATATGCCAAATCGACGCCTCCTGTTTGCGTAATTGCCTCCAACCCCATTGTAAATAACCTATGCAAAACGATAACCGCAAGCAACGATCGTAGACGCTTCCAACCCCCAACATAACTCGTCACTCACTCGTGGATCCACTTCTGATGACCACCGACTTTGAAACATAGGAAGCCTAAGCGTTATCAAGACCGAGTCCTGTTGAGATAGCAAGATCCAGTCTTTTATTCTTGCTGGGGTACGAAGCAATGGTCTCCCGAGGAGCCACCTCTCCCTTGTAATGGAATTATTGCGGTTGGCGATCCGTCAACTGACAACCGCTATCGAATGAGATGTCCGTGTCTTATACATACCCGACTAACTACAGACTGGAGTTTACGGTACGGTATAACCAATTTTGCATACAGCATGAAACTCCGCCGCGGCCTATGGATAGGTACGCACAGCTCATTAATTGCGGCTCCGTTCATCACTGGGTGCCACGGGCAGACTCCGATTAGAACTCGAGCCGAGCTAACTCGGGGAGTACGTGAACGGCACGAAGTGCCATCAAGGACCCCATTGGTTAATGAGAAAGGTCCGAGAAAAATCACCTTGGAGAAATGTCCGTTGGCCTCTTCAGCCATATCGTAAGACCTCGCGGGGAGGACTATCCGACAAGAATAGCATCGAGAGGCCCCCGAAGACTTTTCTTGGTAGTCTTCTCAGCACGATACAATGTCCGGCTAGGTTGCGTAAAGCTCTCCGCTGACTGCTGGTTTGAAGCCGAGAGCGGACACCAGTTAATACATACACAACGAATAATTTTAGTTGGGGGGAAGGGTGCGCCGTCTGGTTATGGCCGTCAATCCCCTTGGTTACTCATGACGATAGACTGCACCTATGTCAATCTGGGTCATTGACCATAACGAATAGTTCGTGACGTCTTACACAATCAGCAGGACCCTGGCCGTGCGCCTGCCCAGGTTACAATACTGTTCCTCTGAAGATCGTAGGTAGAGGGCCGCGGCCCGACCAGCAAGTAGCGTCAGGCCTGGTGGTCGATAACGGGAGGGTGACCACAAGCGACCCGCATGAGCTAAGATGTACCGTCTCCACGGTCCCTGGTGAAATTTAACTCGGGTCGTGTGAGTATGTTCACAC,1700,50.94,Caenorhabditis elegans
SEQ_939747,AATGACTCGAGTCGCCTTATCGACGAGGTCCTTGGATTAAGCCTAACCCAGAAATGAGTTGCCCACCTTGGGGCAATGATTAGAGAATAGGAGAGCAATATTTAAGCGGCAATAAAGAGCTCATCTAGCTTCGCAAACATCCTGTCCGTAGATCGAATTGCCCAAGTTCTAGTCAATTGCCCCAGGTTCATCAGGAAAGTTCTAGGGTGTGAGAGATAAGCACCGAATTTCTTTCTTCTGGAAAAAATTCCGTTCGGAAGCTGGCCTGGGGTAATTAGTCCTATAAAGGGGGAATTTTCCACGCGCCCTAGGTGTCCCCGTATCCCTATGGGGCCCCTCCGGACAGAATAAATGGCCGGGAAGCCCGGTTGATGCGGGCTCATTGGGTAAGAACTATCATAACTTGTTGCTGCGTGGACTAAGCTGCAGCCAATTTGGGTGGCCCATGTTGCAGGATTCAACACCTGAATGATATGCCTTGAGTTTCCTAAATCCTTCCAGTTCGTATCTTATGACCTGACTCGGTAAGAGTGCGCTTTATTCCATGTGAGCGACACACGCTGCAGAGGTTCACGAATATGGCTTCCGAATAACTCCCCGCATGCTAATACATGAGCCTAGACGGATGTACGCAGATTAAGTCCGGGCGAGGCATTGCGCAACATTGTTTCGCTATTGTAATAATCGCAGCAGGGCGTGGAGCGCACAGGGTTAGAAACTGTCCCTTCGGCTCTCCCGAGGCAGATAGTAATGATACTATCGAATCCATCTTTCAGGATTTCAAGTGGTGAGTGCGTACGTTCACATCCTTAATTTCATCTTCGGTTGCGGTGGTCGGAGTATAAAGCCGAGCCAAAATGGAGCCATATCGCCCGCGTAATATTAGCGTTCAGAGCATTGTGCGCCCTGCAGCAAAACCTAATTAGCCGGCACAAAATATAAAACGCTGCCACTCTTTCCCGAGCCAATAATTTAATACTACGCATAGTGGGTTTGTCAAGTCGCACGAGATGAGTCCAGACGATGAAAGTTCC,1034,48.36,Arabidopsis thaliana
SEQ_936539,TACGCGCCCGCGCCGTCCTCCCTGTGACCTCATCAATGACGATTTTAAGGAAGGGTAAGAGGGATATAGCATACTTGGTTCGCACCTAGGGTGTGGGGGTCGTCCTACTTATCGGCGGCCAGGCAATAGCTTACTTTCAAGTCCAAGTGCTTATTACCGATTGTTCCCTATCGCCCTTGGTATAACTCACTGGGGGCCATGGAGTGGTTGTACAAGAATGGGGCTCACTCACAAGTGCTTGCTCCAAAGCAATACTGCATCCAACCGTGAGGTTCTCTATAACAATCGGTGACTGTACTACCAATCACGTCAGCCAGACTGGGGCATGGCGACACGTGAGGCAGGCCACGCAAGTGCAGGTTATGGTTGGATACCGTCTAACACTTAGAAAAGGGGTTCCGCTAGGGCGCCGAGTGGCACTGTAGACATAGACGTCACGACGACTATTGTAGGCCATACCTCTAGTACAGTGCTACTGATCCGGTGTAACTGACACTACTAAAGTTGCTTTAAAGTCACTCGAGACACATGCCCGGTGTGGACGAGACCCGGCGGTGGGTACGAGACGCCGCGTATCACCGGATACACGTCCCCCTTTTGGACGGGCATCGATCGTCACGGCGCGGTAATATTAGTCAGGGTATTATCCATCAGCAAATCGGACTCTAAATGTCAGAAATCGTCCTCTCACATGGCGT,698,52.44,Arabidopsis thaliana
SEQ_355228,GGTCAAACTAGTCGTTCTGTGGCTGAATTGGAATCTCAGCAAGTCTAGTGTCCGGTTCGCCCCGTGCTCTGGCGCCCGGTTCTCACCTATTCCATCAATACGCATAGGACTTATACTTATCACAGTAGGAATGTAGCCTGTGCCATCAGCTTGCTATCGGGCGTCCATCCTTCGGTGCCGGCGCGCGAAGCTAGAAATCCGGCCAAACAGACCCGGAACCTTACTCAGTTTCTAATTGGCTTCGATCAAGACCTAATGGTGGATTAGATAAGCGTGGAAGCAGCAGCGGAGGGCACGTGTCCCTGAGGTACTCAAAGTGACATGCGTCTTCCCGGTGAAATCAGGCCTAACTACAGGCGTAGCCCAGAGTAGCGTTACGCTACGGCCTAAGTGACTGGAGACGGTTGTCAGTAGGCCTGTCTTTAGAAACTCATGCTCCAGCGGGTAGTCGTGGTGTATGATAAGCACTTCCCGTACGAACGATACCCATGACCTTTACGACAGGTAATGGACGAAGGGTCCGGATCTTAGGTGATTTGCAGGTTACTATCTTACAACCGAGAGAGTGAGAAGGTTGGTGATACGAAGTAGCATGACAGAACTCCTTTGAAGGGCTATTTAAATGTCCATGAGCAGCGTCTTGAATTGGTTCATATGACTGCAACACGGTATCGCTATGTTTATAGGCTGGCCTTCCTATATGTCTATTGGGTGTCCCTGCACACTGACTCATGCGCGCTCCTATGAGGTCTAATCGTTTTCGGAGGCGTGTGGCTCATGTAGACGCGAGATGAGAGAGCAGGGTTTAGCCAATGACAGACGACGGCGATCCGCGGTCAACCTCATTGGCTTGACAGGACGGGCGAGTGCGTCGTTTTCGTACGAGCGTTTTGCTCAAATGCTACCGCTGAATTTAATTAGATAAATTGTTAATTCGCGATGGAACAAGAGTCTTGCCGTTCCATGCTGCGGATTACTGGCATAATTTTTAATCCAATGCAATAATAATATATGTTAACGATTGGCACATGTGCCTTTCCTAGCATATAGTGGGTCAATGACCCCTCAGCTTGGTCACTTAACTCAGATGGAACTACTTGGCGCGAGGAGCGGTCCTCTCGCGTTCGAACGGCGCACGCCTTTGCCTCACCTCGTATGACATACATTGTAAGATACTGACCAATGAAGGGTCAACTATAGCGATCTTAGCGAATCATTAACACCAAGGCGGCTGCTACGGCTCTACGTGGCTACGATCCGGGAAGCGATTCCTATAGTCGGCGATCTTACGCATTCATTCACCTTTACCCTACTACCACTGACAAGGCCGCGTTCGGCGTCCATACCCGCGTTGTTATATTTAACTCACAAAAAACCGTGTAGGATTCTGTGTACTTCATCGTCTATGTTATCGTGTAGTAACTGGTCAAACGTCGGGACTTCAGCAGGATAGGGGGGGCGCCCGGATGAGCAGGTGTTAGAAAATTAGAAAGAACCGCCCTGTACCAGATGGGTGAGGTTCTAACGTGAAACAACCTTCTGAGGTCGGTGACGACCGCTAAGTAGCCATTAGCGTAGGTGCCCTCAGTCGGCACCCACATCTTTACGTCAGCCTATTACGGACCCTTAATTGAAATGGCATGTACATTCGTGACTGCACAGACATTGTGTCACATTGCCGCAGTCAGCGACGCACTTGATGGCCAACTCAGTGCTCGCGGGTAGGTGGAACGATGTTGTGCGGTCATAATTATTTTAGGCGGATGGTGAAGACCTAGTCGACTAGCAACTCTATTATGTACAGCTACCGCTCGACGTCTCATTGTAGCAGAGAAAACCCCGAATGCTCGACAACTTGCACATTAG,1866,49.68,Homo sapiens
SEQ_347548,TTACAACGCTCAGCAGGCCACCTCACAGTCGTAGTAGGCGGAAAGTGGGAATCGTTCTGGGCTCGAGTACGCAGATACGGTGCTATGTCATTGAGAAGGGGGGCCCGTTGACACCGGGCGCCAGTAGGTGCTAAAGAATGCCCTCGCGCCTTGTGGCTGATATATACGGTTCGGTAACGAGAAGCGTTGGTAAGGAAAGGTGATCCCCGTGAGGAGGAATCAAACGCGCGGGGTGTTCAACCAGCACTCCCTGGCACGTCTAGCTTTACTGACAGAAAGAAAGGACAGAGCTAGCGCTTCTTATCCAGGCGGAACTCCGAGTAAACTGACCCACATCATTGCGTACTATATCGCCCAAATAGAAAGCCTGCTGTCGTTTCCGGTCTCAGCAATACAGCCCAGGGGCCTGTCGCAAGAGGTGCAGTGTAAGTGGAAGACGGAATGTGCACTGCGTACTGAGAACGTGTTTTCTTACTTCGGCTGGCTCCGCTCTGGTCCGCCAATTCTGTTAGAGATCCAACGATAAGGCATAGCGTCTCATATCACGTTCAAACTCAGAGGGGCTCGGACCCCTAATCGTACCTTGACTAATGCGCGAAGCGTTGACTGATACGCGAAAAACGACGAATCCAGCGTGGCCTACTAGTGGCCCCCTTGAGCGACGTGACGGTAGGTCGAAAATATAGAGGAGCCGTAATCACACATCTGGTACATCGCGTCACCTACTGCGGATGGCTCCTCGTAGTTATACCACATTATATAAAGATACATTGTGAGCACTCACACTATTGTCGGCGCCGAAAGTGGATCTTGTACTAACTAGCTCTGCTAACAAGTTAATTAGGGGTAGGGAATGTGCTTAATAAAGCTACAAACCAATCTGGGATAAACTTATAGGCCGCCACCGTAGACAATGGTGGCCCCTGGCCAACATGAACGTTTACAGTACGCGGAGCGTGCGTTAGCCATAACCGCGTGACATTTTGGAAGGTTTGAATACACTTAGGCTCCAAACACACCCGACATTGGTCGCTATTTACCTGCAGGACGCGACGCGTCTTAACGGACGCTCGAGGTCCTCCCTCGGACTCTCATATTCTTATTCTCGAGCTCCACTGGCATCGGTTCTTCGAGCGTCTGACTGATGGGCTCTCCAGCGAACCGGTCATTTTCATAGCATTTGGGGCCTCCAACTTTGAGAGTCTTAGCTCTAGAAGCATATTGAGTTACTCGGCGAACACGCAGGCGATTACCAAATTGCTATTGCTGATTTGGAGCGGTGGTCTGGACGAGGTGCGGCTTTATCATGGTCATCAAAGAAGGTGACCCCGTCCAAGCCGACCGGTGCTGGGCGGGGATTTCCAGTCGGTGTACTCGGAGCTATGTCTGAACTGGCTATCCCCATTCACCTCGTATGCCCTAGGTCTCGCCTTCTAATTCGCATTCCTACGTTCTGCGCCAGTACGAGCTGCTGATAAAGCACAAAGCTATTATGACGTCTAGTTTCGCGCCGTACAGTCTGCACCACCTTAGGGGTGGGGGTATGCGCTAGCAATTAGGTCGGACTGAATGGTAACGTTTCCGCTGATAGCGCGAGCACCCTGCGTTCTCGTCTTAATACACAATCGTGCAGGGTTCGACCTAGTGCATGTGACTGACGCTTCTGGCCACAGAAATACCTGGGTATACATTCGGAGCCCCATACC,1706,52.05,Caenorhabditis elegans
SEQ_794262,GGCGCCGAAAGCGGTGTGTGGTTGCTGTACAGCAAAGAGTTGTATCAACGGATGTAGTGCACTACCCCGTATGGCCTAACGTACTTATATTCGGGAGATGGTCTGGGCATTAAGACTCACAACGCGATTGCTCACAACACTAGCAAGATGACCAACCTTTGCATACCACTTCTTGTCGGATGTTTTGGCGGGGCCGCTTTTATTGATTAGCACGTTCGGTTTTCATAGGCCCGTGGCATCCTGCGCTTGATTCAAGGCCCATGGCCCCCGGTCGTAGCATGATCATTTCTTTTCAACATCTTTATCTTGCATCATAATCTGCGGGCTAACCCAGGTGGCATTTTGGTGTTGGGGTGATCGCTCAGCCCCATGGACTTCATTACTGTCAAGTTGCTGTCGTTTAACTTTCTTTTGACAAGGGAGGCTTGAAGGTCCTGTGAGACATGTAGACCAGGTCGGGAGTCCTCAAGACCGGATAAAGGGGCCACTCGCATTGAAACTTACAAAACAGTCGGAGGACACCAAAATGGTACTTACTCCTAAATAAGTGATAACATCTCAGCGTCACCATGTTCCGTTTCGTACTTCACGCCTTGTACGTCATACCGGGGGGTGTATATATAAGCTAGGGGAATGAAGCGGCGGAAGATTCCTGTAGACTGAATTACCGTATTGCCGGAACCGCCGAAAGCGGGAAGCTAGTTAGGCCACTTTTACGTGACGTGAGTGCCTAGCTACGGGAGTCGAGAGGGGCACAAGGGAGCTGTTAGGGTGAAGGATCCACCATTGAAACAGCCGGCGTTCTTCGTACTCGCCCGCCGATGCTGCCGTTAACAATATGTCGCATTCAACGGCCAGTGTAAACCATGTTGTGCACGCCTACGCCAATGCCGTCGCGAGTTTC,904,50.66,Mus musculus
SEQ_848315,TTGGAGACACTGCTTGAGGAAACGGGGAATGCGCCCATTGTGGCCTAAGTTGTGCACATTTTGTACTGGCCGAATAACGTAGTACGTCGATGTTGTACTGCTGACTCTGAGTGCGGGCGCCTGACACCACGTTATTGTGTCTCATTTCCGTGCGTACCTGAGGTAAACGTTCAAGAGGTCGTGTCTTGAGGGGGCCTCACGCTCTAGCATCGACCCTACTGGGTTTTAGCGAGTTGGGTCTCTGCTTCGTATATCCGGGTCGGGGACAGTCTACGGAATACACCCCAGCGACTTGAAGCCCCGCCCGGGTGCCGTCGAGCGAGCCAATCTAGTACCACGCACATTACTCTATGAGCCAGGGTCACTAAGGTTCCAACGAGATTATGGTCTCAAGTTACCTTCCGTTGACCGTCCGATTGCCGACCAAACGTCTTGCCGCCCACATTTGATTTGCCCAACGAGTATCGGTAATAAATCTGAAAATTTGAGAATAAATTAAGTCCGCCCAAAGCCCTTGTGATGCTGTTTGACAAGCTTGTCAGTCGCCAACCAGAGACGCGTCTTGCACCAACCGCTGCACGCATTTGCATTACAAACGAAACAACTGTGGGATGCCCTTTATATAGCAAGGGGCGACATGGAATCGAATGTCAAAAAGTCTTCAAAGCTCTGATATTTCACCATCTTAGTATTCACAAGTCCAAGGTCCCGGCTCTGGCCACCGCGATGCCAAGGCTTCCTCGGGGCACTCCAGCTTACTGAAACACGCAACTTGTACTCGCAACTTTTGCAACGCGCCAACGTCGTACGACGTCAAAACGCCTGCCGGCGGATTCACATTTCATTGACGTCCCGCATCCTCCAGGGGCCGCTGTTTTGGTGCTAGAAAGTGACATTGTCAGCGCCATAGTGCGATTCCACTGGCCCTATGGCAGACATTTCATTAGAAGCACGGCGGCAAGTAGCGATCAGCTGCGCATAAATTAGTACAGGCATATCTTGCAATTCAAGGCCTTGTTCCACCTCCTATGAGTAAAAAAATGCTGGGCTACGCCGATGACACCAGTGAGATAAGGCTAGGATGGCTGAATGTACCCAGTCTTAATGCTGGGGGGAATAACCACGGACCAAAGTTTAGTATACCTCGTCGGAACCCCGGCACACATCGCTGCTTCAGTGGTTGTGCCTCCGTCCTAGCCAGACCCAACAACCCGGACTTGCACCATTTCATTAGAACGTACCCCAATCTGCAGTTAAGTGCTCGTGTATAGACTAGTACATGATCTAAGTTGTAAGGCAGCGGGGCCACTATGGGGCCAGCGAAAAAGTCGCGCGTTCGGAGTCAAACTCACGTTAACATGAGTATGAAAATCACATCGCTCGCTGATCAAGTTAACTCGCCGATATTTTCGAGCCACTAAGGCTTGGCTTCGAGTTTCAGTGAATGCGGAATAAGCGACGAATAGTGGCGCTGCCAAAGGGGCGGCTGGCTTTTGACCAAGAACATCCATGTTCTAGTCGCAGGCGGGGTGTAGGTCTGGGCCGTAAA,1549,51.32,Saccharomyces cerevisiae
SEQ_389988,CGACAGGATCGCATAATTGGTCCGAGTTAGATGCCACACTTGCACTTCTTTTGGTTAGGCCACACGCTATCTCTCTCATGCGCCGCTCGTAAGGCTATGAACTAAATCCAATTGAAGTCGAATGCCTGACTATCTTGTCGCCTATCAAACCTACACTGCATAACCCACACGCCATGCTCAGAATCGCATAA,191,47.64,Homo sapiens
SEQ_269276,ATTCCTATTCCGTAAAAAGGTGTGATTATTAGTAGGGCTCACTGTTCGAACATGTATAAGGTACCCAGATCCGGCATGATTCGCGGGTCCCAACTGCGTTCCGGTATCATATAGCAGCGGAGCTGCCGGCCCGGCTTTATTGTTCCCTTTGTCCTCATTATAATGCCGCTGCGCACGGAGTGATATGCTTGGATGCCTAAGGAGTATCCGCGAGGTCGTGTTGCATATGGGTAGCTATAAGCAATAAAGGCTTTCATTAGAGTCCCGTTTGATGCGGGTACAGCACGGAGTCGGCTCCTTCTCTCCTACCTTGGGATGAGCATACCTCGTATGTACACGTTACCATAACGTCGAGCCAAAGTTCCCTTTGTTCCGAGCGCTGTTTCCCAGGAAATAGACGCCGTGGATACTACATCGGCTATTTCGTGTCCAGTGAGCACGCATCTATGCTACCGCAAGTTGGAACCCAGCCGTTCCCCAATGACCTTGCCACGCTCTAGCAACACGTTTATTGTAACATGCCACTGGAGTCGGTGCGTTAGTAAAACGGGTATTCTCGTTCGGAATCAGATATCGGTTCCCTACTTTCTTTAGTGGCAAATCAAAGCAGTTTTCACATTATGAGCGGTGGATATTGCGCTTCACACCCTTGGTTAGCCAACCGCGTGTGTCTTGAACGTATAAACACTAAGATACGTTTGAGAGGTCAATAACCATGATTTTAGCCCCAAGTGTTTGTGTGGTGATACGATCGGCTGTGCCCCTATTTATAAATTTTTGCGAGCTTGAGGTGGGCGGAGTCGACTATGAGCATAACCGTTTGAAGCGCCAAGGTAAAGACACCGTCCCAGGTCCGAATGTCAGCAGACTGGTGTCCTAAAATTATTACTGGAGTGTCGAACTGTGCGAAACCTGTGGGTTGTTGTAAGAAATCTGAAACGGCTACAAGGATTCCCTAGAGGGGATTGACTTAGTCACCCTGCGAAGTGATTCGGTAGTCTGACTATGACAGCCGGCCTAGTGGAAATGAATTATCCCCTCGGTTGCCTGTGCTATCCATCGACGATGCAAATTGATCAACTCCCGTAAGAGTAGAGAGGGATCGGGGATCCTGGTTGCTACTCTTCAAGCACTCCGCGTCCATGGT,1147,48.91,Mus musculus
SEQ_728758,ACCATCCAACAACTCATTTTTGCTGGTTCGTCAAAGGCAGTATCGGACAAGTATTACCTCGTATGCGGTCGTCAACTGGGGCGACTACTATCTAAGCTGCTGGCGCGTGTCGGAAACCAACCATGTTACGGGCTACGGAGGGTAGCCGAACATAAGAAGCGACTGAACTGATGAGGATAGCCACGCGGGGGTGTGCATATACCCCAGATGTATAGATTGGGCGGAACTGCACCGGGAGTACGATCTCACGTATCTTAAGGGTACACGCGCCAAAGCTTGAGGTTACTAAAGGTGGATCAGGGAGCGCCAACGGTGAGCCGCTGGTGTTACGTCTAGTACCATCGAATAGCTACCATCTATGGAGTAATCCGGCTCACTCGCCCTTCTCCGGAAAACATGGCAAACATAGGCATCTCGATTTTCAGTACGAAGTTATTTTACACGCAGATGATGGGGCATCGTACGGCCGCGCCATCGTCCCCTTGCTACACGTTAGTAGAGTTGGTATTGTTGTCTCCAATTGATTGGCGACTACTCGCGCTCTCCCAATAGGTATTTTTATCCGAACGACACTGAAAAGCGGAGAATATCCGTCAGTCCTTACGCTATCATGCTGTCCACTACGCGATGATGACGGTTCCGCAGGCGGCGGGCTCTCAGTTGGGAGTTGCGGCCGTGATAAAGTCGGTTAGAACGCATTGGCTTTGCGTTTCGGAGACACCCACGGGTGGTCTGTA,737,51.97,Mus musculus
SEQ_984173,CCCCGTAGGTCGCTATTCCGTAACGACAGAAAAAAAATTCACGCTAGCTGTGTGATACACGCCAGTGGTGCGTCTTGTGGCCTCTTTGTGACGGCGTGAACCTCCCGCTGTTTCGACCTCCGTAGCAAGGCAGCTGACATAAACACGTTATTTCTGGCGGTAGCTGTGGCTTGAGGTCTGAGGCTGTGTTTCTTGGGTAACCGATGCATGCAGTACCTGACCGTCGGTGAGTTTTGGATGAGGCTATGCTTACAAAGTTCGTTTCAATGTCAACTGCCGGTTCAGCGACGCAAGAAGCCTGAAGTGAAGGTCATAGCACAGGGCCTGCCGATAGCGGACCAGGACAGGACGCATTGGCGGAGAAGCCAGGCTTAGTAGGGGCCCACTATAGGTACCGCAATGAATTATCCCTCCTTTATTACCCTAGCTGCGGACGCCAACTCGTTCGGTAAAGCGGCAAGCGTTGCGAACTCGCGTCTTAGTAATCGTCACTTCTCCATTTTGTTCCAAAAAGACTCTTGGATCTACCACACGTAATATCCTGATCATCGGGTTCACAGGGCATCTGCACAGTGAAACGCCCAAAATCAGAAAGTGGATACCCTAAAGGTCCACCTCTTTTATAGAAAGGAGCTATCCTACAACGGTAGTTGTGAGAACTCTTTATATCGATCCCGGAATGAGTGCCCTCCGAGGAACGACTTCCTTGCATTCGATTATGGTTCGGTGTTTCAGATGCCATTGCTGGAATACATCTGTTCTTCAAGGGCTGTTTCTGTTTACTTGAGCCATGGGTTTCTTGGCGTCTTCCCTTTGCCGTGTCGCAGGTCATAGAGTTCACCACTGGGAAGCTCTAGTCGATAACCGATGCATATTTCGCATTGATGATCACCGGTATCCTCCTTAACAGTGTAATTCGTAGACGCTACAATAATTCGACCTGGGACTTCCGGATACCTTCCACAAGTCCCTCTTGCGAATGTCTATCTGGGTCCTCTGCGTCAAGATCAGGCCCGGCACGCGCAATTGGGAAGAGGACCCGTGGGGTAATTGTGATATTCCGCGTGTCTCCTCTACGGTTTCGTGTGATGTGAGGCATGCACGTTTCTTCCACCATGAGACGACTCTTATCACGCTGGTCGGTCCATCCGATTCACATGATCTACTAGCGCTCGGCGGGTGGAATCGCAGATTCGTCGGGGGGGTGTGGTAGAAGCCAGGAAGGCGACGTGGCATGATGCCCTGACCTACAGAAGGATATAATCAGGCGGGGTCGGCTGTCGAGACCGCGAAACCAGTCACGGCTCGCGCTAAGATTAGGTAGTCCTGTGTTGGTTGTTGGGTATTCCGAACTGGTAGGTTCGGCAAGACCCCTTTCAGTCTCATAAATGATCTAATTCGCTGTATCAGAGCACGATCGCAGTGGGGCAAGCAGACGAAGAATGAGGATAGTTCCTCCTTCGCACGGGTAAGGCCCAAAACG,1483,51.38,Homo sapiens
SEQ_537823,TGCAGTGGCGGAGTCGATGTGTGCGAACTTAAAATCTCCTATGAGAATAGTGAAATCGGGGGGCGAACGTATAATTCCAGTTACTAGCAGCTATCGGCACTTCACAGGGAGAACGTTAGCGAGTAGGCCTAGCCTATCAGGGTCTACAATCGAATAACAAGTCTTAGCTACCCTGATACAGATGAAAACACTCAGCGCAACTTTACGAGCAGCCAATCTAAGATTATGACGGGCTCATCGTCTTACTATATTCTGGGGATGGCTCAAACAAACATGCCCCAAGCTGAACGTCTACAAGATGGTGTGTTCGCCATAAATTTACCAGAACCAGCTGGCTAGTAAACAGTGGCATTGTTTTCTTGGCCCTAGGAGTGCCAGCGGCGCGAAAACCTCCATAGTGGGTTTCCCAGCAGTAGATAAAACCTGTCCAGGGGATAAATATGAAGGTTGTTGGCTGCCTTAATAAGTAACAGGTAACCCCGAGCGTCCGACTTTCCATTTGATCCCGGGTGCGGGTTCGGTTTGCTAAATGAATCGAAGGCTCCAC,547,47.9,Caenorhabditis elegans
SEQ_850173,AGCGGGGCGATCTGCTATTCTCTGCTCGTCGCGTCCGTACCTCCCGGATCTGACGAGTCTCATCTAGTACCACCACTGGTGCGTGGGGTTTATAGTATAGTCTATTCATCACCATTAGATTACCCAACTTTATACTTATCTTCCTAAGCAGCAAAACCAATTACTGAAACTTGAGCGACAGATACAGAATTATGACAACTTTATATGCTAGGTAGAGTCCGCTAAGTGACGGCCAATCTGAGGCCTGTCATCTCGAATGGGCCAGTGATGTACGGCTGTTCCAGAGTAGACCCTTGCTCATCCGCCGTGCCGTGAAGGTCATGTGTCACTTCCGCCGTTCTGCGACATAGCCCATTCACTCCGATGGCTTGCCTCGCACGCAATTCTGCATGGCGATGGGCGTCCGCTGTGTGGTCTGGTGCATTGAACAGAAGGGTGGCGGTATTAGCATGGGGGCCAAGTCGACTAAAGAGGCGAGGCGATCTGAGCAACTTGTCCTGGCAGAGACACCGCGCCAATTCATTAAGCCGGTGACCAGGATGGTTGTGGTTTATGGTCTATATGTGGCGAGAAGATCCATGTGACAATGAACTGAGTGGTACAGTAGATACCGGTTCACCTTGACAGGGAGTCTCTGACACTTAGCAGCTAACTGCGAGCGGCTCTGAGTACTACAAGGAGTGGACCACGAGGCGAATGAGTCAGAGGACTCGGCTTATTGACGTTGGAAGGTCGTGGATTGCCATCATACGCCGAGTAGTGCCTGGCGCAATAAATATGAGGTGTCGGTCCGGTGTACTTACCTTGCTCTGTTTAAGGTCGGGTCGGTTACTGCTAGGAACGAATTGAATACAAAGCAGTCTCTAAGCAGGGACGAACTAGGAGTAGAGTGAGTTGTGCGAGCTACAACGCCGCAACCTTGAATTACCTAAACGTGGAGGGTACAGCCAGGGAAGACACCATAGACACCAGTATTGCCGGAATGACGAATTTGACGCTGGTTCCAACCTTGGATGCTTCTGTTCGAATCGGATGACTAAATGCCTCCTTGATCCCTTTGCACCGTCGGAAAATCACCTAACAAGTTGAAGCGAATTTGCCCAAGGACCTTAAACCGCTCTACTTCTGTAGCACAGAAACGAAAACTTCCTGTGTAATTGGGGCATTGACTTCGCCCCGGATGCGGACATGCTCAGTAGATATATATACTACCTATTTGAACCCCTGGTAGAATAGAAGGTCCCACTGGGCTCGGTTGTCCTTTGTAATAAGAGGCTACATAGCGGGGCATAGGTTCGAGGCGCCTCGCTACCTGTCAGGGTGGCTTAGCAAGTCGTCCTGGAATCGAAGAGCCAGTATTACTTCTTCACGTGCAGATGGAGTGTGGCTCATTAAACATAGCTGGGCGACTTCCCGTTCGCAGAATACCGCTTCCCACGTCTACTCCCCTGCCCGCTCTTCGTTATGTAGACCTTGGTCAAAAGTAGAGACCGCTCTTATAAGGGTGATCAGAATTATAAACGGCCGGCCAGGTTGCGGGCGCGCTTAGCGACGCATTAGACCCACTGGGCCCCAAACCGTGTCGCAAAGATGATGGTCCCATTTA,1606,51.0,Saccharomyces cerevisiae
SEQ_741033,AGTGTGTACTCCGATGGCCGGGACCAGTGCAGGAAAATTGGATCTGTGACTCCCACTAGTTGAAAATTGTTCTTGGATAGTCACATGCTCCTATAGGGGAGTGCCGATCCAATAGCGCACTGTTTGCATCTTTGGGTGTGACCGGTCGTTCCCGTCGAATTCCCGGCCCCGGTGCTTAGGACTATCCAATCTTATGATGCCCATGGTTCCGTCGCGTTATTGGCATGAATCGTCGGTAGCCCTATATGTTTTGAAAGCGAGGTAACGGCATGTCGGCACGTATTACTGAGGTCCCCGAGTTAACATCTAATACCAGCTGATGACGTGTGGTTCCATGACAGGGACTAGTAGCTTCTGGGGATCTATATGGGTCTTCATTACTCATATCGTACTATATACGCGAATGATGAACAGTGTTGTGGCGGGAATACGATTCTAATAGATGAGAAACCGTCAAATGGATCTGTAAAATTACAGGGTCCTAGCTTATTTTCATGCTAGCACACGCGATCGATGCAATGCATATAGGTTCATTCTGACTGATACTATAGTGGCCGCCTTTGATGAAGACTACTAAATGTCTGCCTCTAGCCTGTGAGTGCTAAATCCTGAAGGACGGGCAAGTAAAGAATAAATATCTGATCAAACCCATATTGCACTAAAACAGCATGAAAGCCCTCGTTGAGCCGAGACATTTCGTCCGTATCCGATCGCGCGAGCCAGAAATCTACACGAGGGACGCCGACGCGAAGGATTAATGCTCACAGGTTTTACCACATACACCTACAGGCATGGTTACCGTTACATAGAAGCTCAGCTCCCGTCTAACCCCGTCGAGATGGTCGCCGTCATCGTTACAGGACTGCTGGAAGAGTGTCAATAATGAATAAAATGGGCCATTGAGCCACTACCTTTCGCGACTTTAGATGGCTCATTGCAATTGACGTCTGCCTACACGTGTTACGGCTGAGTGACGCTTAAACACCGTTCTTAACAGCATTCGGTCAACGGACGTCAGTCACTTCCCACGGTGATTCGAACTCCGAATAAAAGATTGTTTTAAACAAGCTGCTGTGCCTCAACCATTTTATAGTTAGCGTTTCTGGGTTTCATCAGAAGTTTGGCAGCCCCAAGGAACATGTTCCAGTGCGCGCGCTGGACACTTGCCTTTCCAATTATACCTGTCAGTATACGATGCACATCCGATATGAGGCGAAGCAAGTTTACATGGGGCATTACTATCCTGCCGTAGCACCCGGAAAGTATGTTTAGTCCGCCAAAAGCGTTACTTGTATGAGGAAGCATCTAGATCTTCGGGCACCACACACAATGAAGGATCACCCCGTGAAGTAATGCGGAATTTATAGTTCCCCGCCTGGGGCTAGATGTAGTGGGTAGTGCGAGGTGTTAAATT,1414,47.52,Arabidopsis thaliana
SEQ_527522,AGACGTAGGGATCCCCTATGACTGGCAATGACATATCAATGTGGTGACGGTCTCCCCTATGAGTACCATCACGCGGAATTTAGTCCTACTAGCCACTGGGATATATTCGACTTCAGGGCGCCCGCAGGTAACCTGTTGCTAGAACATCTGCACGCACCATCGTACAATGGTAAAGTTACGGTTAATGTGACATTGTCCGTGTTTGTTGAGGTCGAGGGATACATAGCTGTTGCTACACGAATTGCAAAATGGAGTCGTGGCCAGCTGATATCTATTTTCGAAATGCTGTGGAGAAGTTTTTGTCCCGGGGAATACAGTCGTGGCACTCGTTGGTGACGACGCGTAGGCATTCTATGTCCACTCAACAAATACTGAACCACTGTTGTCGAGGGATCGGAGCCGCGACCCCACCAGAAGACCATTCTGCTCGCAACCTACTTGACCAGTGAAACAACAACCAGCTTCGTAAAAATGTCAAACCTTAGGACCTGATTGCATCCGAAGAGTCGACTCGGTCGGCGGGGGGAGGGCGCTCGAGAGCACTTGGGTTCCTATGACGTCACGCTTCGTACCGTTGGGCCGATTTCTGCGTTCGGACGTTCTGCGTGTTGGTGGGTTTGGTCAGCTACTCGTTCGGAGACGAGCGTGTAGCACGCTGCGACCGATACCAATCTTGGAGTCAGTAGCACGAATATCCGCACTCGGTTGACAATCCCCGCGTGGTAAGGGTCAAATAGTCACTCGCAGCTCGTTTGTTGATCGACGGCTACACCGCAGAGGGCGGTCAGAGTGTACGGAGCTGTTGGAATGATAGACATGTTAGCAAGATGGCGCTGACGTGGGATTTCGCAGATAATTCGCCGACCCCCCATCTCACAATCGCCATCTATGTGCGATGCTTGCTTAAGCTGAAGAATTAACACCGGAGCTATGGGGATTACGCCGACTACTCTAACTATATCGCTCCAGCGACGTTGTAAGAGCTTTGGCTTTCAGATCGTTTGAGGGTATAGCCTACACTGCTGCAGGTACTAATTAACGTATCACTAGACATTCGT,1058,51.13,Homo sapiens
SEQ_744247,ACCCACCGCCCGCATTTGCAGAACGCGACGTTGGTCTCGAATTGCAGGCCCTAGAGGACGCGGGGTACGGCCCGTTGCGTATACACCTTGGAACGCGTGTAAGGTGCGTTTGGGACGTCTTAGTTACGTAGGGTTAAGCGGGTCAATTAGTCAGTGGTCAGGTCGATTGGTTCGAATTGTCTCTTGCGCTAGTCTTCCTACGGCATGTAAGACAGTGCCCGTCTGGCCGTGGTGTTTCTTAGGCGGTACGCTGAGAATATTCGGTGGGTTACAAATTTTTGGTGCTGAGGGGTGTAGTGAACACAGTCAGGCTTAACACTAGATCAGAGAATTAGTCCAGATAATGATTCCAAGGTGGAACATTATATATGTCGGACGCGAGACCCTATTAATCGCGGGTCTCGCGAGTGACTTCCCCCTGTGGTTCGCGAATAAAATTGTTCAACTCCGGATCGTTCGCACATCGTGACATTCACAGAATCCGCCACGTGTGGGGAGCCAAAGGAACCCGCTGTGAAGATCCCGTTATGTTCGGGACAGTTTACTTATCCATGAGCGAACTAATTACGAAGTGGTCTCGCCACCAACGGGGATTGAACAAAATGCGGATGGGGTGCATGAAATACTAGTATGCGGGGAGGCTTGAGGACATGTGTCCCGAATGTGGCTCCTTCGGTCCGGTAAGTCTTAGAATTAGCGTGGCAGCTCCGTATCACGTGATGCGTGCTTTGATGTCTGTACGCAGCAGGCTAGGATAAGTGTGTATAAGTAGAGTAAGTAAAGCCTAATGCATTACCGACAGCTGGGATGCGGCAAGGCTTTCTTTCAGAGCCGGAGGTTATCATACAGGTACTGAAGCGGGTGGTTCAAACCCAAGGTTTGAAATTCACAACAGGGCATTCAAGACTCAGCGGCTATACAACGACCGGCAACACAGAAGTTCGGGGATCGGACGCCAAATCGGCCCTAGCTGTAATGCGCTGTGTTTGGGCTCTCACAGCATCTGCGTATTGACCCAGACTTGCCAATTGCTTTCCCATTTAAATGATTAGTTACCATTCTCACTAGACTTGCGGGGTACTTATCATTCTTGGGTGGAAAGCGTGGACCCGGATTAACTCGGTTTAACAGAACATATGACCCTTGGTAAGTCTACTGAGGATCACGAAATGGAACCGTTTGTAGTTTTGCTCGACCTCCTATATCTCACCGACCCTCTAAGTACGAGTCATGAGCTTGAGTACGTCCCCTGGGAGGTCCAGGGATCCCCGCCACAAGACATAGGTTGTTCAAACACCCAGCCAGTAGTACGTCCTCCGTGGCGGTTATACTTCTCTTAGGGAGTTTGGTGGAAGATCGTCTAGACGTCAAGGATAGCTCTAAATTAGGGCAGCACGATAATAGCCAAACAATTGCAGCAGCTT,1424,50.07,Escherichia coli
SEQ_597893,GACTAAACCAGGCTCGCTTAGGAGGCGATAAATCGTTTTCTGGGACAGAGGGAATGTCTTGCGTACTAGGTTCGTCATAGTATGCTCCCCATGTTCATGCAGTTCAACGCGTGGCAAGTATCTTCCTAATCTCGGGATTGCAATAGGCTTCGTCCCACCATCATAAAGGCTAAGATCTTGAGATGCAGAAAAAGCCTCCTACGGCGTCTTTTGAAGGGACGTGACGCCGTTGAAGGCAAACATTCACTTGCGGGTTAGTACGTTAAAACCCACTGGTGGACTGTAATATCCGTCCCTCCGGGCCTTCGTCAACAGTTGGACACCATTCCTCGATTCTTCAGTCAAGTTTCACAAGTAGGACAATAAAAGTCTTCCCATGATACGATCTCGCTATACTGGTCAATTGCGCCGTCTAGTCAACTCAATAACCCCTACTGATTGGTAACAGGCTGAATGGGTATGCACCCGCGCTG,473,48.41,Drosophila melanogaster
SEQ_750781,GAAATGCAGGCGATGTACTTCAAAAAAGTATATTCGCGATGCCCAGCGACTGCAGTAGACCCAAGACTATGAGGAGGAGGGACATTACGCTACACGAGGCTGGTCGGCATGGTGGAGAGCGGTGACGACCTCTTCTCTTGGTCGGAACGACGCATCCTGTGGTCTATGGCTCCCGCAGCACTAAATTAAGAGCGCCCCTTGTGTGGACAATCTACCAGCGCTGGCCTCTAATACTAACATGGGTGTATTGTGATTATTGCGCGCATGAGAACCGTACTTGAGGGCCAGATAAGCGGAATGGGGAGTCCCGTAACACCCCCGCTCATACACTCTAAGTCAGGCTCGTGTAACTCACACTACTAACGCGGACGGTCGGGTCGGACTACAGGCGGCGCCAGGTTCACATTGGTGGATCGTGAGTCGGTCATCATTAGCGTATATTGCGCTGACGGAGGGCGTCTCTTCTCGGATTGCTGGCCAGCCTTCACCATATTTGACAAGAATACCCAAACTGTCCCTAGTCTTGTGCGATCCGTGCCCTTTGTATAGGGGTCTTTTAATGACTGAGCGTAGAACTGATCGAGCTTATCAGGTTACCCCGGAGTAGGCACGAGAACCAGTACTCGGTGGTAACGGTACAGCCTGAAATTAGTCAGTCAGCAGCCACAGGGTACGCTGAGGAGCATAAGTGGCCGCTATGTCCATAGTCACAACTCTTAGGGATTCTTACCTGAGTTTCAAAGGGTATTATAAGTGATCGTAGTACTGTACATGTTAGCATTTAGGTGCTGGAGATATTTCACCGGCAGTCTGAGGCGTGTGTAATGATGTGCAAGTGAAGTATGGGAGCGAGCGCAACCGGATTAGTGCTCCAGATAGTACGGATGCCCGGCCATCCATCCGGAGGGTGCTGCGTACAAAGACGGCTGGCTGTCG,936,52.24,Escherichia coli
SEQ_164436,CAAGGACTATGACTTGGACCATGGTCTCGGAACACAAGGTATGAGCGGTGCGCTAGTCGAAGATGTCCGCTAGCGCGGCGTTCTGTTATGCCCTACTCCCGGGCCAGATTACAGCCAGGCGTATCGTAACTAAAAAGTCGGCCCCCTAGTTGGGGATTGACCTAACCTCGATCATCCGGCTAGAGGCGTATACGCCCGTGATTATCTCCTCAAGCACGTTCCTGGGCCATCTTAGCTGCTGCTGTATAGCGGAATGCGTAGAACTCATCCTTAACGAGATGCTTTCATCATGCACCCTGGCCTCCGTGACCCCGAAGCCTAGGCATGAGTAGTAGGCGCGATATACAATGCTTCTGGTGGCCTCGTTCTAGTGCAACAGAATCACCTAATCAAGGCGATAGTCGAGCGCCAGTTGCACTGCCTGGCCCAGTCGCCCGAGCTAAACGTATGTAGAAAAAATGAGCTTTAAAAGCCCCAATTACCGC,485,53.2,Drosophila melanogaster
SEQ_763621,GCTAAATGACCGGTGTCATCATTTAGATTGTATGCTAATGATCCGGCGCTGCGGACCCACGAAGGTATAACAGGTCTGAGAGGGACCTTGTTTGATTGTTGCCCGTGGATAAATACCCCTCCGGGACTGCTCACTGAAAGAAGGACCTCTTATGCCTTTTCTTCTCACGAGCCCCACCGGTTCTGCGGCTCATCCAATAGCGATGGTGCATTAAATTCATCTTTAGGCTTATGGGGTTGGTCATCTAACATTGCAAAACCCCGGTGATAGCAACGTGTCAGCCTAGAAGATTTAGGCCACGCAAGTGGGGAGGTACACTGTGTTTGTGACATACCTTTTATCATACCGGCTGGTCTCCTGAGATTGATGGAGCCGAGCGGTTTTCGCTGAGAGCCCGTCGCTAGAGGGCTACGATGAATATATGGCGAAAAACTCGGAACTCAGTTTCTAATGATAATTGGTTAAGTAGTGGTCATGATAATCTAGGAACAAGGGTGGTATCGTGCACGCGATGAAACTCGCGAGATCGGCCGCGTATTGTCTAGTGCAAGAATTACGCCGTCGCTGTCAAGCAATGACATGATCGCACGAGCATGGATGCGGGCATGTGGTGGGGTTAATGAGACGTTGCGCATTG,637,49.45,Saccharomyces cerevisiae
SEQ_183059,TGAGTTACGAGCAGCCCCTTGTCAATCGCATCATTCCTTCGGTTTGGCCTCTTCGAATCCTGTTGACGAGGCCTGCTAGCCAATCCCA,88,53.41,Escherichia coli
SEQ_969288,CGCGATCAGGTGCGATACTTGGTTATCTATGGCGTCATTGGTGATCCTCATTGCGACACACGCTGTGGTTTACAGAGAGATCTCCTCGCCACTTAAACCCCGCACCAT,108,51.85,Caenorhabditis elegans
SEQ_798066,CAAATAACTGCTTAGTTCGAGCCGCAGACACGGGGATTACGTTTCTGCGCCCTCGCCGGGGCGTCCCAGCAGCACTCATTTGCTAGACGTCTCCCCCACTGATTGAGATACACACTGCCATATCTCATTCGGCGAACCCTCATCACTAGGAATTAGACACGTTACGTAACCTCAACTGTTCCTGGACACCAGCGTAACTGGGGCTCCTATCACTGATCCGGAGCATGGTCGCGTCGGTGGGGAACATAACTTGTTAGGAGGGCGCCGAAGCCTCATGTAAAGAAAGTGGGAGACCGTGGTTGTTCCCAGGTTCCGGCCCCGTAACGAAAAGTAGGTCAGCTATTGGATCGGCTGACCATGAGAGGTAAATACGCGCGATGGATGAAGGTGTTTTTAATGGGGGTGGTTTGGAGAAAACGCTTCAACGTTGTGGGCAGATGAGGGGTTGCCGTATCCGGGGACACAGATTTTTAACACGACACAGTTTCCTTCACTATTAATCCAACAGTCAGAGATTTTATAGTTTTTTCGCTTTTTATGACGGTAGGTCCGCCGGCCGAAGATAAGGAGGTTGGAGCGCGGCCCGGTACTATACCCACAACGTGATTAATTCTCACAAATTACGAGGCGCCCCGCACTTTAGATGCGATCAAATGGATTTACCCCCCGTTCGGGTACGTCGACGAATGTCCCTACGTGATTGGCACCCCGAGCAAACCATTGGGTACAACCCTTTAAAAGCGCCGAAGGAGTGTTCGTTGACACAACTGGATAACCCAATAAGTGCGACGCGAGAGTCAGATGACAATGCCTGGAGAAAGCCGTGGGGAAATTATACACCCTAATTGGGAACCGTACCAATTACGCAAACACAAATCTACCGCAAGGGCCGCCACTGTCATACATGAAGACAGAACACGCTCCGGTAGCCGAACAAAATCTGCAGGAACAACAACTAATTGCGCCGCTACTGGCAAGCAATCCACCAGGGCTGTTGTCGCTATCCCTGACCACAATATTAGACGCCGTGTCCCTTCAATTGCAGTCCTGGTCCAGAACAGACTCGCCCTTGGAGTTAGTAAGACGTTCGTCATGTCCTACCCCCATCATAGGACTGTAATCTATCGTCACAAGGACCCTAAGGACTCCAGCACTCCCTGTGTAATGAGGTGTGTTATCTCGCGAGTCCTGGCCCGCCGCTCGCCTTCAGAGAAAGAGTAGATCGGTTAGAGTTTCAAATACTGTAGTGTCGAGAGTGACCACAGAATAGATTCGATAACAAGCCGAGTGGCACCTGGGTCATAGGTCGGGTTGTCGAGTACTCACGGAGCAGATGATCCGTCCCTTATTAGACAGTGGTGGCCGTGGCGTAGACCAATTCCGGTACGCCTGTGGCTTGTTCCCAAATCCAACATTCTTATGGCGGGTTGCCGTAATCCCAGCGTTGTCGCATTAGTAGTAACCCAGTGTCGAGACTAATCGATTTTTAAAATCCTCGCAATCCGCGCCGGGTTGACATCAAACCTAGCATCACGCAGCCGTTTAATTTAAAACCCCACGTGGATATT,1568,50.96,Escherichia coli
SEQ_594292,GTATTCGTGGGCGTTTAGAGCGGTTGACCCTAGCTTGGCTATCGTAAAAGGTCCACCTGCAAAAAGGTGCGCGTGTTACGATCGCGGCGTTTCCTATTACTGATCACAATCCGCTTTGGTATTGAAAACGGACCCGCCTGTATGTCACCTTTGACGCCTTGCGAGACAAACATACCTTTGTTGGGTGACCAAGGAACGTGAAACTAAACCCTATACCTTCTGGCCAAGACGAGGCTATGTTCATCCTTGGGGATTCAGTACAATTCACTATTCGACCGTCGTTGACATGGGTTATTCGACCATCTGGCTTCGGTAGACGAATGCAAATGACACAGAATTCGACTCTGGCTGATCGCGTCCTAATTATTAATCGTCGCGGCTAGTTGCGGACCTCCGTGCGGAGTGACGCACGAGAATCGTTGCTTGTTACGGTGGGCAGCTCGAAGCTCCCGTCAACTAATCGGGAGCCTGTGTCGAAGAGGCCAGGCACCAGATCGAGCCTTACGGCTGGCTAATGGCTTCACAAGACATATAGATGGGGTATTTGAGGATGAAGTCTAACCATCTACGTAGCGTGAAAGTTACGCCCGATTGCGACGAGCTCATGCTTTCGGTCCCACAGAGAAGCCCACATGTTTATGAACCGAAGGTCGTGAAGTGTGGATGTGTCGCTCATCCCATAATGTTGTAAATTTTGCGTGAACCGCCGGTTGTTTAACCAATAGGTGTCGGAGTTCGCCGAGCTCCGCCCTGAAACGACTTAGTTCTAGCCGAAAAGGTGATAACTAATGCCAACTCAAAGAGCTTAAACTTGATTTTCCGGCCTCTCATCGGGACTGGGACCCCCGATCTCCCTCGCCACTGGAAGCGGCGCCAAGTATGTTCTCAGATCTCATATCTTT,902,50.44,Mus musculus
SEQ_415078,GCCCTGCCCTTGCCGTCGGTGCCTATTAGTTTTGGGCCTAAGACTGCTATGTAGTGCGGTAATGCCGTGCTGTGCAGCTTTTCCTGACCAAAGACGATTAGTTGGAGACCGTCCATGTGTATAGCTCAAGATGGCTGCCACACGATCCTGAGAGTTGGTTTGTGCCAGCCGCCTCTAAATTATCCCCCTTAAAGCGTATGCCAGTACGATCAAGTTTGGTAAAGTGCCTATGTAAAAACTACTGAACCGACACCGAGCTACTACCAGTCCTTGCCGTGAATTTTTTTACCGGCCGCAGTTGGCCCATAGATCTATTGCTAACGGCTTTCGGACTCCTGGTTTTCGCTTACAAATCGGGGGAACGGTACCTGCAGCACCCTAGGCTCAGGAGCCCGGTGACTATGGGTCGCCAAACACAATTCGGCAGTTATGCTGGCTCCGATCCTGAAGGATGTACCATAAACACAACTCTGAAATTGCCCTGAGACGAGGATGTTAGTGCAAATGACCTTTACGGATGCGACAGGTTTAAACACTAGGGTAAACAAATCATACCGAGCGGCTGATTGGGAACCGGTGACTCCCAACCAGTTATGGGAGCTCTCTTCTGCACTCCTCGTCCTGCCCCATGACAGGAAAACCAATGTATGTAGAACGTCGAGCATCTTATGCACTTTAACCAGCGATAAACTATAGTCGCACCATTAGGAGAACAACACCGTATTGCCCGGTACGGGTGAACTACACCAGCGCTACGCAAGTAGTCGAATCTTGGTAGTACGAGTCACTTAAGCCGGTGACTTTGAAAGGGGCACCTTATGCGTATGGCTGATATTTAGAAACAGTACATCGGCCACTCAGTGTCGGCCCGGGAAGTCGCGGGTTATGCGACGACACGCGCGATTAAGACCGAGA,915,50.6,Drosophila melanogaster
SEQ_303735,GCACGAGCTGTTACTGGTGTGGTATCGACGCTACACGACGGAGAGCGAACGCATCGGCGGTTATGCCTCGGCAAACACCACACGTGCTGTGCCGCGTAATGGCCATATAAGGGCCACCTGCAAAACAATTGGATGTGCTCTAACGTAGGGATATGAGAAGTGCCTTGGTTTCATAAAACTGGTTAGTCTATCGCCGCATACTCCCAGTAACAACCCCTACTGGTTTGCGTAGTGGCGCCGTAGAATGGTCGTACCAACTCCTACCCCTCGCGAAATCGCCCTCAAAAACACTCAACACACTACTCCGTTTTGTAAGGCGAGGGAGCTTACGACATCTAACTCGGCTGCATTCCACAGTGTTTTACATCCCTACGCTAGCTAGGGCGCACGAGCCCTGGCAGCGCGACATGGTTGGGCGCGGTATAAATAACCAGGGTTGCTTT,443,53.05,Escherichia coli
SEQ_493140,CACAGAAGTAAGCTCTGACGGAGGGTGCGCAATCGCGCAACCGTAAACCCTCATTGCTGCTATTATTTGATAGGTGATTGAAAAGCGCGCAGTCCTGTAATCAGGCAAGCAAATACCCCCCTGGTGCGAACATGAGAATGCGTCAGTAACAGAATCCCTATACTCTATCAAGCGTTCTTCACATCGAAAAATGGTTACTCTTATCACCGCTGATGATGGATGCTAAGGGATGCTTGACGGCGACGACGTGATCCCTTCTGCAACCGCAGAGGGGCCGTACGGCTCTCGTAACTTCACCTCCACGAGCTGCGATCTGTTACTTCGTAGCTGATTATAAGGGACCTGTGCCAGTTTGAAAGCGTAGAGTCTGAGTTAACTCTTGAGCGGGGGTTCTGCTGCACCCACGGTACTTAAATAGGACCAGCTCAATTCCTTAGCCTGCTGAGCATGTTACGTGACCGTCCAAGGTAAGCGTTAACACCATCTAGGCGGTCTTTTCTTTAGTACTTCGATCAAAAAACTCGTTGCCCTGCTAAAAGAATGAACTGTCACCTCGTCTAGAGACTCGGAGGAGGGAAGGAATCCGGACTCGCAAATAGAACGGCGCCAATTAAATGGTCCGAAGCGTTCCGCCCACCCTTCATGTTGGCAACCTAATGACCGCGTAATTGGATCTCGCAGTCAACTTGCTTTGGGTAGGGTACTATCCTAATCGCGTAGTATACGGCAAAGTGGATCACAAACCGGTAATTGTTGGTTCAAAGCTCGCATCTTGAGGCCGGCCTGAAACGCGTTGTTAGGACGTGACACGGGTTTCGCCCTGGCCCACCGGGCAATTTATGCCGGAGAAGATAGTCATCTGTTCCTCGGCAAGAGACGGCTCACCCACCACTCAAAACATCGTACCTGTTCATTACGTTGTGGAAATGTAGCCATAGTGAGCCGCCTGAGGAGGAACCGGTATCCAGATGGCCTGCGCTACTGGATATCCGGAGATGACAGAACTGCAGCTAACGTAGCGGATTAGTTCTTTATTTCCTGCCCTAATCATCCCGTCTAACACACCAGGGTCCCCCTAACTAATACAGGTGGTAAGAAGGGTGACCTCCGATGCTTTATGAGGCGTTATAACTATTATCAGGATTAACCGCCTCACTATAAATGGCCGCGGTCCTCCCAGGTACGGAGGTCCGTCAAACATGAAAAACCCTTCGTTAGTCACCGGCGTTGTGGGATGCAGTGAGAGCGTTCGAGGCAATGTTTGGATCGGGTGGGTCTCTACTCTTCGGGTTGTGTAGTGGGTAGCTTCCGCCCTTCATACATAAACTGGCGGATCTCGATTCTCAATACAGTTATAGGCCATGCCCGATCATTGGAGATTACCTTGTGACCGCTCGCCGCCCAACCTTGGGTTCAATGAGCTGAAGTAGCTAGGGTGCCAAAGACGGTCGGCAAGGCC,1459,50.86,Mus musculus
SEQ_575099,CGGCCGTCGTCAGGAGGGCGTTTTGGTCTACCCCCTGTACACTCTCGAAGCGAGACGCTCGAGGTGTGATGTAGGGTAGATTACTACAAAGTGTAGCAGGTCGTACGTCTGGCGACTCGGGTAAGCGGGTGTGTAGTCCGAAACGACCACGGCTCCTGCCCCGAGTCGACCGATATCGGGCCTGAATCGGCGTGGAGACTATCCTGGTCGACTGATTTTTTGTATAGTCCGCTTGCGGGTTATCGGATTGATCTAGGGTGTAAGGCATTATTAGTCATGGCTTTGTCCGATCTCCGGCAGCTAAGTATGCTGGTTGAGCGTCGCGTTGCACGAATGGTATCGCCGCAGGGACCTCAATAAGACTCGGAAGAGGATAACTTAATGTATAGCACGGCTGTCACCGGATTTAGCCCAGCTCGCACTCAAGCGCGATACGTCCTTCTAGCGGCTCTATGACTTCATAGCTGACTGTTTTGAGACGAATCTAGGTGACCTTTCTGAGCCAAGCAACGGCGGCATCGTTATCCCCTTAGAATCACGTTGAAGTGGAGAGGAGATTTTACTACATATTACGAACAGGTTACGAAAATCGAATACAGTAGCCTATGCCTATTGACCTTAGCACGGCCGCCCTCCTCGTTCCCTTGTTCAACGGCTAAGCGGCAATTCGTGTGGGTGTATGAGTGAGCCAAATGAGCTAAACGGGCCGCACAGGAGTTCACCGTTTCTCCGTTGACGGCTAGTCTTGCTGCGGAGATGTGCAGTGTTATGCCTCACAATGGAAGGAGAATAGCTATAGAGATATAGTAAGTATTATTTTCCCGATCGCTCTGGGACATACGCCGCAGGTCAGATACTCTGTTTGAAATCCGACCACACTTTGCGTTGTTGTCTGATCCGGTAACGTTCCCAGATCAACAAGTATATATGTGCGCCTCTAGCACGCCTCTGCAACCCCGACCAGTGGATACTGAGTATCGACGGTTCCCTAGAAGCCGAAGCACCAACTCGAGACAGGAGAGCAGGCCATCGCTCCGTGCGCCGAAATTTTTTGATCATCGTACGTCGGATAACATTAAGAAAAGATAGAGTAATATTTAGCCATTCCGGCCGGAGTTAACGTACTTGGTTACAGCGACCCGGTGAATTTGATCTCGGTGACTGCACTTCTAGTATTGACTCTCTGTAACCAATATGCAATGTTCGGTTCAGAATTGTATACTAGTCAGCAGAAACAGGTTCGGTTCCACCCTGCTACGCGTCTAGCACAGATCTACTAGAGATCCTACGTTTAGGTATGCTCGTAAGAGCCAGTGTGCGCCCATTGTCTCTAGTGGATTCTCCTCTTAGGTGATCCGCGGACCTCAACGTCAAAAGCCCCACTTTTAGTAAGGTGAGAGATGGATGTAGAAGCTTGCAGACTGGCCGTAAGACCTGATCTCGGGGACAAGGTACATTGCGCTATCTCCTAGATGCACAATCAAGGAGCGAACCTCCCGAGGACGTATTCTCAAGACTCAGCTTATGAAGAGTATATGACGTGCCCGGGTGATTGCATTTTGCGTCTAGCACCTGACCATAGTTCAATTTCGAGGTGGCCCCGAGAGATACCACCTCGCTTCGCAACCGGTCATGCAGGTCCGGGTTGCCATACCCACCATTAATCTGGTCGGAATGAGGAGTTAGTAGTAGCTGCTGAGGCTACCCTAAATTGGAGACTGTGTTCCCGCAATAGAGAAACAATGGCGTTGTTTCAAACCTTCAAGGCTTTATTATTACGAACGGGTTTCCATAAACGGACTATTAGAACCGTGTAGTCTGCAGTGGTGCGATTCAGATTCCGTACACCAGAGCTGTACCGATGGACGCTATTTTTTATGGGTCAACGCAGCTGATGGGTTTGCTGATCTGTGCGTCGAAGCATGAAAGTCATGTTTTTTGACCCATCATATGTGAAGACGC,1962,49.8,Arabidopsis thaliana
SEQ_431643,GTCTTTATCCATATGTCTATCCATCAGCTGCCGCATCATGGGAAACCAGTGAGGCTTACTCAGAGGCTAGTCCTGCTTACACGAGTCTTGGACCGGGAGAAAACTGATATGACGCCTGGGCAGTCGGATCGTTATTGTCTAGCATCGGAGCTAGACTATTTATGTGATACTCTTCCCCCCGAGAGATGTTGGGTGGTGCTACGGCGTCCGATCCTAACGCAACCAATAAACGATTTGTGTGTA,243,49.38,Saccharomyces cerevisiae
SEQ_153801,AATGCGCCGCCCACCCATACTAATGGTCCATATATAGATTAAGGAATGGGGGCCACAAGGATCCGCCAGCCTCAGAGTTACCGCCAAACTTAACCACCCGCGGAGCCACATTAATGTCATAAAGTGGGGGTGTACATACAGCACAAATCCAAGACTCCTCCTGGCGACTGATATAATTAAAACGCACGGGAGACACTGATCTACCTTGCAACACACCTCGTTCGGATATTATATAAGGAGTTTTAATCCAATAATGTAAATTGTGCTGCTGAACATTATTGTTTTTGAAGCTGCACGCGGACAAACCCTAGTCTCCTTGTCCCAGAGTATGTTCTGAGTACCGGGCTATCTGAGTAAGGGCAAGCTTAGCGCTCAACTGATATACCAGATCTGTGTTGCCGACGAACATTCAGGTGCTCGGGTTACCAGAGTTCCTTAAACTTATGTCGTTACTACTCAGGAGGCGTGCAAGTGTCGTACGGCCCGTTCTCTCCCGATACGTTGCTTGAACCGTTCCACCATAGGGACACACTGTGCTGGATGCCCACCTACGGAATCTACGACGTCTTCTAATGCCGTATGAGGTTGCGCCGGGCCTGATCGGACTTTTTAAATCCTCTTGGTAGTCCACGTTATGGGCATCCGGGAAAGT,652,48.77,Escherichia coli
SEQ_808951,TTTCCGTAGTGGTAGCTTCGCTGAACAGGGATACTGTTATCGAAGAAATCGCTCGAATGCAGCCACGATGCTTGTCTTCGAGCAGGGGGATCTACAAACCTTCATCAGGGTAGGACTCAGCTACAGATTTTAGCACCGTCAGGATCCGAGGCCCCGGCTCTTGGGCCAAATATGATATACGCAGGGATTGTCAAAAACCTTTAGGAAAATTTCAGTTCTATAATATTTTCGACCCGTCTTCACCAAAGGGCATGTTCCACCGCATTTAACGGGGGCAGACATAGCTTCCTCCAGCTGCATTGTAACTTCAAGTACGTCCAATCTAGTTTTTCACGTGCTATGTTATCGCTTCACGGTAAGTGATTGCCACGTGTGCCGGAAATGGCACCAACAATCACGGGGCCGTAGGTAAACAGCCTAAGATGTACGCGGGTTAATAACTAACTATAATAGTGATATACTTAATGGCAATCCAGACATGGTAGAAGAATGACGGAGGATGTCGCCTCCATGACTCGGACTCGCGGGCCCCCCCACCACATTGGTCCGCCACATGCCCCACGGGCGTGTCCGATTGCACCGGTCTATTTCCGAGGTGCTATTCCTGGGCACTTGCTGCCCTAACTGCTCCAGGGATTCCAATACATTCATCAGAATTAATGTTCTCCCAACGGAGAACTGTGGCACGGTTGGGTGATTCTCGCAGCGGCCTCATGCAGCAACGGGGTCCTTTTGCGACTCAAAACGCGTAATCCATAGCTGATGAGTCCCGGCGCATACTGCTCGGAGGGTAACCCTGTCTGTTTCAGAATGTGGATTCCGGTTGTTTGGAGCGTCAATCTTCTCTTTAGAAGCGGATCGCCCTACCTCCGGGCATAGGTGACACCTGACCGCTGGCGTGGTCCGGGTTCCTTTTAAGTAGACATGGTTCAGGCAATCGGAAAATATTTTCAGCGCCTTACATACCCCTGGGGTAACCAGCGGGTGATGCCAATGGTCATTGCTCAACACATCACGTCACATTTACGAGTAGCTCACCTAGGCTGCGCAGCATGCGCCTAGCGGCCCTCGTCGGCGCAAGTAAAATTTAGTCCATCCTTCACTTAGTGCACCCTTATACTAGGCTAGCACTTCGAATAGCCGAAGTGACCCTATGGGTGCAGATTGATTGTGGATGTGATCTGTGTTGTACTGCACATTTCCTAGCGCCAGGAATCGACTTTGCCCCTCTTACAGGGCCGCTTAAGCGAATAGCATGGCTCCCGTTGTTAAATTCGCCGATTTCTATCCTCAGACACCTTCAACGCTTCCACGTCCCAATCCATTGCTCCATACCACCATACTTAGGTCGCAGCCCAATTGTTGCACTGCACAAATCAGTACATCTCCGTCTCCGTATGGAAAGTTCCTTCTTGGGTTTACTGGTCGCGGCGCCATACTCAGCTCCCCAGACTATCCTTGCGGGACTTCGCCGATAGAAGGAGACAGATTCAGAGTCACCTCTTTAACGCAACGAGGTGAGGGTGGGGGTGACTCCGCATGCGACCTCACAATGAGAGTACGAGAGTGACCACTTGCTGGAATTACGCGTCGAGCTCGCCCGCAATTGCTTGAAAATAACGAGTGCACGTAAGCATATAACTCCTAGAAGACTGGTTCGAGATGTAACACTCAGGCGGTCCGTT,1685,51.04,Arabidopsis thaliana
SEQ_256974,CCCCCTGCCGTTACTGGCAATGGTAGTAAGTGGCCCACGGAGATCCGAGTCGCACCGCAAAAACGGTCATCAGACAATGTTAGTAGATGGAGAATGCCGACTCACGTGAGGATTTGGCCAGTATTACCGAGGGAAACAACCCCTGTTTGGTGCGGCAGCTATGGGTATGTATATGACCCGGGTCGTCCGACACGGTTCCATGGCAAGTCCGGTGGATCGGTCGTCTACTACTCAACCTGGCCCGGTCACTCTCTATATCTGGGTACCAGCGGGACGCTCGATTCTAATATCGATGAGAAGAGCATCCGACAAGCATTCTAGAATCTCGTCTGTTAGAGTTCGCCCATACACGACCAAGGCTGTACCAGTATGCGCTGATAACCTATTCCGTACATATAAAACGGCTGCCGTTATAGACCCGGCTCGGCATCACAGGTCGCCGACTCAGCTCGTTCTGGTCTTTTAGTAGGTTCTTATCAGCTTTCGATGAATTGATAACTTGGGCTCCAGAAGTTTGATAGTGACTAGAGTCGACCACTATCCTCAGAATATGCAGTCAGTTGCGTGTCTGGTACACCACCGCACCATAGTATGCTGCTAAATTAGGGTAGAGTTTTGGACAAGGACGGTGTATGGACATACTACTTGGTAGGTAAGTAAGTATTATATTAGAGTTGAAGCAGTACGGTGCCCCAACAGCTCAGTACTTTAGACAGTGCGACCCTTAAGGTAAGCCTGCAATTCAATCAGTTAGCGCTCAAACCTTACAGTTGGGTCAGTGCAGGCTGTGGAAACAGGTGTTACCTGAACGCCAAGCTATCTGGTTTGGGCAGCTACCGGGTGAAGAGACACATCTCCTTTACAATATCGATGCACCGTAAGTGACGACACCTTCTGACAGGGGGTC,907,49.83,Homo sapiens
SEQ_410843,CCCTGTCCGACTAAATTACCGGGTGGCCCAACACAGAGATGGTGATCAGGAATTTAACAAAAGTCCGAGTGTACGAAGGGTGACGTACCTAGATTGTCAGAGATCATTAATCTACCAATCCATTTATAGTGGTGAGAGTCTTCCTTTTGTATGATCCGAGCATCGGTGCAGTACGGGAGCGTCGAGACTCGAGTACGGAGATCTGGGCGGCTGACTATGTGTTACATTTATCCTTTTACAATTTACTTATCTAAACACGGTACGCGTGCAGTCGACTCCATCGCTGCAGTGGTGCGAAATGGAAGGGACACATGGACGGGAGGCAATGCGTGGTTACTCATCTAAGCGTTAACTACGCTTCATACGCAAATCTACGCGTATGCCAAGCCCCCTCACCGTCATGTTTCCCAACTCTCGATGCAACAGGTATTCGTCTAATCGTCGGGCTAAACCCACTGTGGCGTCTCTGTGCTTTGGGGAGTACTGGCGGCCAAACGACGGAACTCACGTATGGGCTTGCACTGAGAATATGCTCCTCTTATGGAGTTCGGTATACCAATGAAATGCTTCGGTCGGTGTCGCACTCTGTACTTCTACTCCGGCAGACATAATCCTGAAGGGATGAGTGCACACAGTAATGTACATTTTGTTGGCATCTCTGATGCCCAAAGGCTGATTTCAGAGGGCTGGGAGTGAGCCGGACTTGCCACTCATTGGCACCTAGGCTTACAGCCTAGGCTATGCTTACTAACAAAATCTAAAACCATCACGCCAACCAAGGCGGTAAGCCGCTGACAAGCCTGGAGACGTCTTCCAAGATACACCGAACCCTCACGGAGCAGGGACGGTGCCCTAGTAGCGCGGAATAGATTTTATCCTTCGTTCCTCGCGTTATCCACCCCAGTCAAACAAGTCTGGGAGTGACCATGGCGGGTTCCCCTCACGGTTTATCTTGCAGTCCTCATAGTTAACCATGGGACTGCTTTCTCTGTTGTCCGCTTAGTCGTCATTTGATCGAAGCACGTGCTCTCTATGGGGCACTGCGCTGGAGTTCAATACTCCTCGCCATTCCTAGGTAGGTATACCAGCAACGGCTAGATGAGCACTGTCTAGTAAAACCCCGTCACACAAATGAGGCTCATAACCTCTCATGGATAACCACTTGACCAAACTTTCTTAACACATGCATATGCGACAAAAATAGTGCGGTGGTTACGAAAGGGTGTTCATATGGACGTTCGCAGGGTGGTGTCATGGGGAGTGACGCCGTGTCCCAACGTTTCGCACTTCCTATAGCACGC,1301,50.19,Escherichia coli
SEQ_228986,TTTCAGAGTCAACCGGCGTATGGGACAGAGGGATCACTCCAACTACTCGTTTGGAGGTACCCCGAAATATGCGGACCTATGACTTCCTCACGGGTACCGGGTCTGCAACTCATACACGAGAGACTTTCCATGATTCTCAAACAGATCATATTGAGCTAGTGCACGGGCTCTTCACCTCCCCCACCGCCGGCGTGGACATCCGGGACTAACGGTTTAGCCCCCCTGACTCTAAAGAACAGTAGGACCAGTTTTCAGACACTCTTCACAGTGTAATAGGTGTGGTCTTGAGACACGCGCGAAGATCCTTTGGTCTCCTAGCTTAGGCGAACCGCCATGTATTGAAGTACGGGTTCTTATGGCGGATACGGGGGACTACACTCTCTGAACCGGATGCAGACGGTGATCCCCTATATAAGTATCTGAGACCTGATACTCCGACGGACATACAGGGCTGGAAAACGTCACACTTCCCTATAGTCCGTTTCAGGGTATACTAGGCTGGTCTGAAACTGTATTTCGTTTTTATCAGATAGTCGCCAGCGAAATTCGGTGGGAGATGGGAGAACTGGGCTCGCTGGGACGCCGACCGGTGCTAAAGGATGACGGGTAGCATAACTCGGTAGGAGTGGTAGGTCTTAGGGTTCCCAGCAGACTTACATAGTCGGGCTCGAGTAACCAGAGCCTCAAATTATGATCTTATACGGCCAAAAGGCCTACGCTAACCCTCACTGGACCGGGCTGTCTCTAAAGGGGGTGGTTCGAATTAAATACTTTGAGATTATTCGTACCGTGAATGAGGCCACCAAGTTTGGCGTATCCCTCTATATTAGCCCAAATCAACACAAGAGAATTTTTTTGCTACCCCCGCCGGAGGTCGATTGGTTCACCCGGGTACCCGAAACTATGACTGAGATGTATTGGGCAGCTCTATTGCGATGGGTATAAATTAAATCAGCGGGCGTATGGGATAGAGCGCGGAAGGACTAACACAAAACCTTAAATAGTCGGCCAGGGCCGGCCAGTCTTGGTCACTCACGGGTTGGCCTCTGAACAGGTACCCGGAACTTCATTCGGGTAAATGCTGATTATCAGCCCCATCGAGGATTGGGAATCAGGCCCAAGGGAACTGCCTCCTCCCCGCGCCTTTACCGTCTGAGACGACCATCAGTACTTGCAAGGAGACACCCTGTTTGCTGCGGTCGGAAAGCGCGGATTGTGTCACAATCCACCTGGGACCCTGTGTTTCGTCTTGGTCTGGGGTGATTGCCTGCATGGCGAATGGGCCATAATGCATAAACTAAAGTAACATCGGCTCCTTTTGATCCTTACATGCCCAATGAAACAATTCCTGTAATCACCCGCCCTAGCTGTTGCCACAGAGCTACGATTGCCCTTGTCTGCCATCATGCATACTACACAAGTCAAATAAATGTGTAAGATCCTGACTCGGAACGGCGGGGGTGAGCGCTCGCGTCCGCTTTAATGGCGTGGGTTTTTGTGGCAGTACGCCTAAGGCTTCACGCAGCCAGCAAAACTGAGTAGGCCGTTAATCACCCCCCTGTAATGGAGCATTACGATGCATGTTATACCAAGGTCGTAATTAGGCTAGCTGTCCAGTGCGCCTGCGCTTGCACCTGGGGGATTCGCGGTGTTGCTTAGGGCGCATGACGTTATCAAATGCTAAATATACAGCAAGGCCACGAATGGGGAACCGCGACGCAGGAAGAGA,1729,51.59,Mus musculus
SEQ_874452,TTGAAGACGTAGCGACGTTGATCTTCCGTCCGAAACATGAGTAAACCCGAGCATCTAGAGCAGATACTATGCGGGACAACATCCTTCAAGAACATTGAGACTTTATCCACATGACTGGCTGCTTGCCTGCCAGCTGCAGGTGGATCGAAGCGCGAATTCTGAACGGGCAAATCTCGGTTTCCCCTAGCACTTTCGGAATACTAACATGACTTCCAGGATCGGGAAGCCCTATACATCTACTTCATAGTAGCCCGTAGAACTATCGTTTCCTGCTTCTGGTTATAAGATCTTGATATAAGAGCATGTCATAGGAATTATGACCGACTATTGATCACTGCATTCTTCCGGCAGCGGTCTAATTCCTTGGTTCCGTACGACCAAGAATTATAAATCTCGTTTTCAGGCCGTATGAATGCGTGGTCATTCCTG,429,46.15,Arabidopsis thaliana
SEQ_931289,TCGCGCAGCAAGCTGGACAGCTCAGCGCCCCCTCGCGTTCCGCGCCGCGGAGACTGACCCAATGTATGCCGGTCAGTTCTCAACCATCAGCTGCCTGGCATCACCCTTGCACAAGGACAATATTTGATAGCAACTAAATACTATGATCCAACAGGCCTCCGCTATTTGTGCCCCTCACGTACGTCGTGCCCTGTAGCCTGTCAGCGTTGTGCAAGTCAGAGGATCGGCAAAACAAGACATATGCATCACCGAGGTTCGTCAACCAGCCCTGGGGAAACATGGGGCACCAGTTTGCAGTTCACAGCAGCTAACAGGCAATTTTTAAGGTGCGCTGGCATATAGGAGTAGCTAGGGTACACAGTTATCCAAAGCTGAGGATCCTCGTGTCAGAACCTGCGCTATCACCAGAGGTAACTTTCAAATTGCTTTACCGATGCGGAAATTAGCCCAGTACGAGACGAAAGAACAATAGTTTCGTTCTCATATAACCAACTTTGTGAATGGTCTCCCTGGTGTTAAAAAACAAGTTATCAGTTCGATGTGGAGTCTGAAGCAGCGGGTATCACATCCTGTTGGTAACGTCCACAGCCGGTTCAGCCACATATAATGACGGCCAGGGAAATTACTTAGCACGTATAAGGTAAGTCGTTATTAAAGCAAGCCCATGTGCTTTGTACCC,679,49.63,Drosophila melanogaster
SEQ_249477,TAATGTTCATAGAAGGCATTCCTTAGCGGTACTGACTAGGTTGGTTCCGATCTCACTTCCCGATGGTAGTCACGTCTACCATACGTGTAGCGCTTTGTTCATTTCGACCGGGGGTGGATTGACCTGCTATGTCCAGGCTCGCTTAGGTGTAGCTACCTCCTCGGAATAGAACTAGTAGAAGTCGCCGTGGTAAGAGAGTGTGTCATCAGCAGAAACTTGCTGCCCCACAAGTACCGACTTCAAGACGTGTTCGCACGCGTGAGCGTGATCTGCCCAGAAGGGAGATCATGGAGCCGGTCATGAGGATCCAGCATCATCCGGGCCTGATGACGCAGAGTCTTAGGACGCCGTAAGCCACTAGTAATGCATTTCTCTAGGGCGTGTTGTGGAACTTCCAGGCACATGTTTTTGTAACGGGTGTTAAGTAGGCGCACCATGGAATAGTCTGTGAAGAGCCATAGGGATATCCGCCCGGATCAAAGCAATACGGGGGAATCAGCCTGAGTGCCTAGTACTGTCAAGTGAGAAAGTCTCATAGGAACCAAGCGGCTAGTACCATTGCCCTTATGCATTGGATGCCTCGCGGTAAATCGTGTATATGAGGCTGGTATGATAGTTCACTAATTAGGATGCAGGAGGGTTTAAGGTACACAGAGCGGATACTACCTGGACTCGCCGGTTTCGTACAGCCCAATCCACATCGTCAATGCTCTGGGCACTCGGTAGCTACGTGATCGTAAATATCCTCTCATACATTGTTGGAACTTCTTATCAATAAAGAAGAAATGGCAATGTTATTTGGGGCATGCGAATTGAACGTCCGTAATAAGCTCGAATCTGTTGTTTCCTGCGTTGCGATATTGGCGTCTGATAGCCCAGGAGCTACCGCACCCGACGGCCACCCTAGCGCGAGTGTTTTTCCCTATCCCAAGTTCTGAAGAGAAATAGATATCTGCGCAGGGGCGTCGATTAGGACCTGATCGAAATACCACCGTCCAATGGTCGTTCTGTGCACTGGCGACCTGTGCGCGTAGACGATTCCTCTACGCTTAACAAAAACCTTAGTCTAAAGATGCAGTGCCGTATGCGGAGTGGGTACTATTAGTATTCCTAG,1114,49.82,Saccharomyces cerevisiae
SEQ_124701,GTTTGTATACCTTAGGGCCAAGCTGTGAATCATGAACATCCTCGCCAGAAATAGTGTTCTTCAGATGACTTGGACCATTATCGCTGATGGCAGGGGATAGTGCAACTGCACGAACTGGGAGGCGAGAGCCACACGCGGATCGAGCCCTGCAGGAGGTCGACCGCGTTCATACGCATGCATTATAGGTATCCAGACTACCTTTTGGCCAGTGGGTAGGTCCTTTTATACCAAGTTTTGAAGCGTCTAACTCGTGCGAGAAGAAGTTTGAGGGCACTCACACATATGCGCGTATATATGTGTGTGCTCGGTAAGTCCTTACAAGGGTCCCGATGGACTACCGGCCTCAGTTACCTGAGAAGCATGGTTCACCGGCGGAGAACACCGTGAAAGCACATTTGCGTTTTGGCGCCAGACTCGCACACCCTGCGTAAGAATAGGATCGGCGCGCTTCCCAGCGCTGCAGTCTGACGTATTTTGTGGGTATTGCTACGGTAAGTCAGATCCGCTAGTTAGGGAGCCTCTAATCACGCACATGAGTGAGTTCGCCTAACGAAAACTCTTCTGTTTTTCTCCAGAGGTAAGTCGTAGCCCATTGTCTCGTTCGCTGGGACCCTCTACCTATAGAAGTGGAGTTGTATTAAATTTTAGTGCGAGATCAGGAGCGGTTCGAAAAAAGCTAGGCGTGACGAGAAATATCGATGTTGCGTGCTGCTTACAGATACCCTTACTGGAGAATTTTACGTTTACGGGTGTCCGGGTAATCGCCATGCGGGGGGAAAGTAGGGACATTGTCCGTCTCGTATATCTCGGTTGGGATTCTCTCTCTCATTATGCTGATTAGTGATAATGAAGCACGCTCGCCTACCCACTTGCATCAGCGATCTATAAGTGAATAAAATCACCCTGAGGCGTGCATTCTACCAGTGAACAAACTCTATATGTTAACGGACTCTACGAGTTTTCGATCATGCCAGCCTTATTCCTACTTTCAAACTGTTCACCAGACTCACTCTTTTGACTGTGCGGATGGATTTTTGCGGCGGGATCTCCCGAAGAGGCGCACCTAGATGAATGATATTCCCATGTTGACCGTCCCTGCTGGCACCTCTGCGGAGAATGATTTTAACCAGGTCCTGATGCATGAATGCGTCTAGCGATCTTCTATCGATCTGGAGGGGGTGGTACCCCTTATCCATGCCATAGTAAGGGTGGGGTAGTTATGTCCTTTTAAAATTTATTGTATCACCAACCGGCTTGGGAATCCACCCCATTATAGGCGGGTTTCTATCGTTCAGCGTCTC,1301,49.12,Homo sapiens
SEQ_686526,ACCAGCGACTCTTGCGGTCCGGCGCCGTTGCAATTCTGGCTGCTCCAATTATACACCTTATTGGACTAACCTATCTGGAGCCTTTAAACAATGGTATGATAGAACTACCTTTTATACAATGAGGAAAGTTTAGGCCGTTAGGGATAGTTGGGCGCCGGTAATCACCGACATGCCTGCTCTAGAGATCGCTTCGTCACCGCCTAGTGACACCGTTGATGGGGGTGCGACTCTATACACATCCACCGAATACTCGAAGTGGTCCGGACTGCGGTCGGAAGACGTCAGGAGCA,290,51.38,Escherichia coli
SEQ_478386,AGCTAAAGTAAAGCGGGCCGATAATATGTGGTGACCGTTCCACTCCTCGGCGACCTGAATAGGTTCTCGATTACTTCAGCTAAAGCTCTCCTTTCGGGCCTTGTTTAAGCGTAGCCGTTTTAGTCCCACTTATGGCAGACCAGCACTGAGTGCACATAGCCTGACACGACCCGGAATCTCGGAAACGAAATAACGGAGCTCCCCCACTTTTTTGCACGCTTCTACATGGGGGGCGCCAATGATCTTTCTCACCGTCACCGTAGCGTCGTTGACGAATCGCCGCGGTCACAGAACTCAGAGGCTCGCTAAAGCTTACGGCACACCCGAATACGGCTT,336,52.98,Caenorhabditis elegans
SEQ_656481,GTTGAGCCATCTCGGGTGTTTGGAGCTAACCCTATCATTTCCTAGAGCATTGGCTCCTTAGTTAATTCTAGCCTTCAGTTGAAGGGTATACGGCACGCCGTAACCCAAGTTCTCCTTTGCGCCACAACGGTTCACTACAAATACGTGTTGCCTCCCATTAGCATGGTGCCGGGAATTATTGCCGGCGTATTACGTGCAAGGCCTCGTTGTCTCAAATCCAGACGGCTCCCGCACCCACATTGAATCTGTCTGCGATTCGCCCAAAATGCAGATCAGGAACTTATTAGCAATCCCACGGATACCACCCTGCGGATGGAGGGCATTAAACTTACGAGGCTACACTTGGCCATGCCGGAACCGCGCACCCCATATCGGTGAATGACGGCCATTTATTCGGTCTACTGCAAGCTCCGATCTCCGCTTCAGGCGAGATGAGTTGGCGTCTTCTGCACAGTTGTTCTCGGCACCCAGCCGACATTGCCTGTCCTTAGTAGCTAAGCTCGTTGACTGCTACGCGGCAGCACCATAGCTTTGCAGTCATGCTTAAAATCTGCCTCAGTGGACATCGTAATTCACTTAATGCTGCAATCGGTTGTTCCTAGCGCAGCTTCAGAGACTGGTCCTCGGTGCAATCAGGTTTGTGCGGTATTGTGAACCTTTTACTGTCCAGAGTATTGCTTGCGCCACCCTTGCGCCGAATGTCTCATAAGGGGTCCTAGGGTCGTTTTTTAGCACCGTGCATGCAGTTCAGCGCGAACGCACAACTCTGTAAACGGGCAACAGCTACTATCTTTCCTTGACACCCGGGCCCGGCAACGAGATGTTGAACTAGCTCCGCATACATGCTAGAGTCACCTAAAGTCCACGATCCTCGACCGCATGGGCTACCCAGAAGGCACACGTCCGTACCGCTCATAAGGCGTGTCCGGACTTATAAAATCGGCACTTCTGCCGATAGGACCACAGTTAATTGTATGACACGCTGAGTAGAGCAGGATCGACCTTGATACAAATCAAGCGCTAAAAGGATGGCCGCATTAGTCACCATCGCGGTAGCGCTAACAGGACCATCGATGTTTCCCTCGTTAGGGTTCGGTACGCAGGCGGTACATGACAATGAACGGTCATTTGTTATGTTTGATATCGGCACCGTCATCGGACGCGCGTGTATCTATCTAGGGATTCCCCCGATATGAACCCGCCCCACCGCTCGTCAAAACCAAATGGTAAACCCCCCTCCTCCTTAGTGGCGTTCAAATAAGACTGCCGTCGGTGGCGGGCCTTGTTAGTTCCGGAGGTGGAGTTCGGAGTTTCAAAGAGGTGCTTTGCAAGCCTTATGAAGAGTAAGGCCTTCCCTCCGTGCCCCATGAGCTTTTCTCATCCCCTCATTCTTGACCATGTATCGTTTGACACAGGACACAGTGATCTAGACACAACAGGCCCCGTAACGTTCCGGAGATGCACAGCATGAAACGCATCTCAGGTACACTAATGGCGCGCCATGCCCCGAGCTACCCCGGGCTGGTCAAACAGCATCAGGCTATTAAGCACGTCTCTTGGCGTATTTCCGTATCCTCCGGCAACCTGGCCAAGGGATG,1598,52.5,Mus musculus
SEQ_649326,TGGGAGACTTTACGCAAGCTACGATGTCGTGTCAAGTCGGTGGATTAAACATCTTTCGAACTTCACCTGTCACTACATAATTACATACCTGAATTTCGTTCTTTTGGCAGCTGAGTGAGCTGGGTCTACAGTATGCGTTCCCAACTACAACGGGAGACGCGTGGCAACCTTCACCCCGTGCGTTTTAGTGCTCCTTAGACCTAGGATATCCCCGAGGTGATATTTTATGTTGGACAGGCTTTCGCCCACAGCTTACAACATTACCTCTATGCGGTCGTCGACCCACCGAATACAGACAAACTATTGTCTAGACAAAGATAGGACGACTTATAGCCGTAACCGAGGACAAGCCCGAGCCTGTTCGGTACCCCCCTTCACAGTCCCCCATAGAGGCGACATTTAGCTGTGCTGAGGAATTCAAATAATTAGGCACTAGGATATATCAACACTCTCCGGAGTGCGATAGGAGTTCAGAGAGTACCGCTATTGGTACGTACATCTAGATGCCCGATGTGTCCTTATGTATGGGCTTCTTCAAGCCCGCGGGGGTAAGCACGCTAACCGACTGCGAACTTTGCTCAATGTAGGCCGGGGAGCTTTGCGCCATAACCGGTCTCAAATCTTGTGCGGGCACTCGCCATTGAGGGATATTATAAGGTTAT,662,49.24,Saccharomyces cerevisiae
SEQ_246600,GGCCAACAATCCTCAACCAGTATCTCTAGGCATGAAGGGTGGGCCGAAACGGGGATGATCTTGAGATGTCCGCGACCTGGTTGTACTACGGACCAACCGGGGAGTTGCTTAAACCTCGGCCTTCAATCCGAAAACCCTACAACACCTGCACACGCGCGGGTAGTATAGACATAAGCGCGCCAACACCAATAATCGGAGGGGGCAGCATCCTAGGATACAGGGCTGTGTCTTTAAGTCGCGCACGAGGCTATCAGGGACGATCCGGATTACG,271,54.98,Escherichia coli
SEQ_395091,TCGTTCGCTCGTCTTTCGCCTGAGCGTCCGCATTGATACCCGTAGGGCCCGCGAAAATCTTTGCCAGAACCCAAAGCTTCAAGACAGGTTATGCACGTGTTAACTGACACCAGCTCAACAGTAGAATCTCTTGGACCGTCGCTCACTTCGAACTCACTGAGCGCGCACGTCAAATGCTGCAAGTGGAGAGTGTCGATAAGGCATACTGTCGGCGATTGTCGTGACAAGCTATAGTATGAACGGATTGTGGGTAGCGATCTATGATTGTCCTGCAAGCACACGTCTATATACTCCATGCACGACAGACCATGACTTTCCTATAATCACCCCACGATCTAAGCAGCCTAAAACAGTCCGGCTCGAACAAAGTGCTACAAGTACGATCATAAGCCGGTCATCTGAGTTTGGATGGAAGCTTCCATCCCATCAGAGTGGCTAACCCGAGCGCGACGAAGTGCTGCTTCCGACATAATCGCTCGTCGCGCAGAAAGCCCGGGTCGATGGCACGACAATCGTTACCTAAAAGCTTTAGTGTGGGTGGCTTAGAACAGTGAGAAATTACCGCCGCACGCTTGAAGGAGGCCTCCGGGGTAAAACCGCGATTTCGACTGGGGTCTGCCGTCGGGGTATTTACGGAATGGCTGGTGGGCATCGTGTCCGAAGCGCATCATAGTGCTCCATCGCATTGGGGGACGGCTCGTAGGTAGTCTAAGCGAGAGCTAAGCGAAGAAGACGGCATGACGGTGTGTTGGTCTCCTGCGCAAGGGGACA,771,53.05,Arabidopsis thaliana
SEQ_580636,GCAAGAAACCCGAGAGTAACCACGAGCTTAAGAATCCTCCCCTCACCAAACTCCCATACAATTGTTAATCTAACTCAAGTGATTAACTCCAGGAATGCCCCCAGCTGTAAATCTCACATTCATTTTCGCCATAGGTCAATCGGTCTGACACGGGTAGCCTCAAGGAAAGATCTGCGAGTATGCGTTGTGATTGAGATGTGCGAAGATGACGCAAAGCGATCATATCGGACCTGGACTCCAGTGATGCAATTAAAATGGGTCCCCGGCAGAAGCTTCTGCTCAATCTCGGTCCACACTTTCGCATACACAGAGTGTGCGGCGCAATTCTCGTGGGTAGGATTTTTTCGTTTCTCGGTTCTACG,362,48.07,Saccharomyces cerevisiae
SEQ_665513,GCTACCCCTAATAAATACAATCTCGACGATTCGTGTAACACGGGTCAAATGGATAACTGCACGATATCTAAAGTGGACCAAATAAGATGTTCTTTACCTTACGACCCCCGGAGGAGAGTTTTTATTAAATATCGTCGCACTTCTCGCCGAGGTGGGCCCAAACAGTCGCCACTCGCCTATCGGGTAGACCCGACTAGATGGTACGAGCTAAGTTGGGCACCTGCGTGCCCGCGACTCAAGCAGAAAACGGTTCTGCCAGTTCACCAAAAGAACAATAGATTGCGGGTGGCAAGAGTCCCAACGGGAGACTCGGCGACCCCCACCTGTGGAGTTATCTGTAGATTTCCTGCCGAGCCATCATTCCCGAACT,370,51.08,Mus musculus
SEQ_627827,CTGTTCTTGGTTTAGGAATATTAACCACCCCATGGCTCTATTAACGCCGATTTATCGCCTCTCTTTGCCAGGTAGTCTCGCGCTCATAGACAAGTGCGTCACATACAGTGAACCCATACCTACGGACGATCCATTAGCCTGAGAAGCGAATACTCCAACTCGCGCCCATCCACCGCCGGAAGCCTGTTCACCGGTGAGGTGTCTATAATTAGTATGCGGTTCGCCCGCCATCGATCGCGTAGATTAAACCGGGATATGCCCTAACCCGTTAATCTAGTATGCGCACACCGTTCTGTCTACCATTGTCGATACACCCATCGTTGCTCCTGTCAAGGCTTGGCTGGTCATACTATGCATGAAGTAACAGGGTCCCCGCAAAAAACGGTGTTTCATCGGATTATAGGGAGATTATGGTACGCACTTATTGATTCGTCGAGGGAAAGGTGGCGCATGTGTCGGTTTAAAACAAATGGCTTATACCACCCCGCCTCCAAGACACCCAGAGTCCGCGGCCATCCATTAGCGGATATCAAATTTTAGCTGCCACAGATGATTTGGGAAACTTTGTCGTCTAACGGATTAAATGTCCAAACAGGGGCGTTTTATTCCGGAATAACTCTAAATGCGCAGTTTTTCTGATATCCAGTCACTAGCTGGCAGGATGATGCCTTGTACTCCAAATGGCGAACGAACGTATATTAAATGCTTGTGTAGCATCGCCGTAGATTGGAGAGAAGAGGGAGGCCTGGTATGGCTCGGGGATGTTAACATAAGTAGGGGGACCGCAAATGGTGCTGAGGTGTCTTTAAATCATACCAGTTGATCCAATGGGGAGGGTTATTCCTCTGCGAACGAGCTGAAGACCCTGGCAGGGCCTTACTGTGCCATTGTGTAAGTTGACCGGTAGAGAGGAGTAAACGCACGAGCTATAAACGAAAGCCCATAGTATTCCAATTGGTGCAGGGGGCATCTCTTTCGCCTTCCTCCTCGTCCAAAGATCCCGGACCGAGTGCCTCTATTCTCGGGTATTTTCACTTCATAGGAGGTCGTCCCCAGGTAAGCTCGTGTCGCGCCCAGCTAACACCTCCCAAAGGGAACGCTGAACACTTGTGCTCCCCCTGTGGATCTTTAATAGCTGTGACACTCGGAGTACCCGTATAGACGCTAAAGTTAGACACGGGTTAGCGGTGGGGTTGTATCAAAACGAAGCGGATTTACATCCTATCGGCACCCCCTTACACGTTATGGTTAGGGAGGACGACACGTGAGGCTGTGCTAATTGGTTTTAATGCGCATACAGCCCCCCGC,1308,50.0,Arabidopsis thaliana
SEQ_932757,TGTGCACAGACACAGCTGGGACTTAATGCATGCTACATAGATGTAGGGGGTTTCCTTTATTGAGTGGTAACTGAGTATCTCCCAGGCGCCGTGGAAGTAGAAGGTAAGTGGCAATTAGGTGACTCTCGCAAGGCGCTCTGTCGTTGTGATCTGCAGAGCCTAGCAAGAAGTGCTCTAACCAGAAGCCAGGTGACTAGATTTTTTTCTCTAAGTATAAACTTTATTTTCGTCACCGACTGAGCGAACTAAGAGGACTGGCGGTGGT,265,47.55,Homo sapiens
SEQ_224231,GAAGTCCTCCATCTCCGTTTCCTCTCTTTACAAAATCCGACAAAGATCTCAGGAGGAGGTGTACCCAATTTTCAAACCCGAGTGGGGGCTTAGTGCTCGTCCCCGATCCGAGGACGTAGGGTGACCATTTGGAACGACATAAGACCATACTG,152,50.66,Homo sapiens
SEQ_551524,AAAAACGTGGCTTAGGAACAAGCCTACTTTCGCGTATAGGTTGCAAGTCGATTCTGGTTCGACATAGGATAGATAGGCGAAGATACAAGAGTCAGCTACGCTTCGGGCGTATCGCCACTTCTCTTTGCCCCCATCGCCCGTGCTGCAGTGGGATTACTGCATAACCCGAATTCGCCTTCAAATTGCCTCCAGTATAAGCCACCTTCTTCCAGATTTATGAACCGGAAAATCGACACCATTATCAAATAGACCCATCAGGGAAGCGTCTTATATACCCCCCAGCCCTCTGGGCATCGCCGTTTCCCCTCATCTATATATCCCGACGGGAGACGATCTTAAACCCGATTGACCTTGCGCCCATTCACGAATTTGTGCTCACTCTGCGTAAGTAGAGTTGTAAGGAAGCCACAAACGCCACAGGCGGGCCCTCTTACTGATAGGAAGCTCCGCAAGGGTGTCGCCGGTTACAGTATCGCGAGCTTATTAAGGGTATCGATCCCGAGACTAACCGAGAAGTCGAAGTTTGGTAGATTACCTGGAGAAGGGTTAACCGATCATGCTCAGACACTTCTGGCTACTCCGGCCGTCGGACCAACTCTGTTCGTCAGCAGAGTTAACTTCAAGGGAACGGCGTTAGCCGTTTCGGACGTTCTGTTTGCCGGAAACTCGTGGGAGGCAGTCTCCAAGGCTGAGTGGTGCTATACGCGCGCGGTCCAGATGTGAAGCTGAATCCCATATCCGCGCGGACGTAGTCCTGCCGATCCAAGCGGCTAGTAGAGATATCTACCGGGGGCTACATGGAACTAACAAATGTATTGATAACCGACCCGTAAACCAGAAGAAGTTCCCAGAAATTACCGATGGCTGTCGATTGTTTTATGCTAACAACTGGATAACGCCGCGGAGTCTGAGCCAAACTTTAATGATAGGCAGGAACAACTCGAGACGGGCAGCCCGCGCTCAGGCGGTTCGCCAACTGTCTGATAATTGAGGTGGCCGGTAATGGAACGAGGGGCCACCTGGGTTCTAAACAAAGCAAAGCAAGGAGAGACCCAGGACTTAAGTTGCATGGACCTTGGTACCCGTTAGGTGGAGCTAAAAGTTAGAAATTCCAGACCACCTGCGTCAGGGGTCGTCGGATAGGCTTGCGGTCGCTTAAGCCCGGTGAAAGTAGAGTCGTAGTGGACTGTA,1191,51.72,Arabidopsis thaliana
SEQ_504936,TCACCACTAGGCGAAATCGGTTTCTCGCATGGAGAACCGCAGATAGGGTTTATATGGTGGGACTTGCCCGAGGTCCAATATGGGTCGTCACACTTCCAAGCTGGCGAACTCCTATTGAAGTTGACACTACTCTCCGCCTCTCTGTGCCCCGCGCTAAGACGTAAATTGGTACCATATTCACTATCATCTAATGTGTGGGATTGCCTGGGGATGGATCTCTTCTACAACTGACGTGCACCAGGGTAACCACTCTCTCTCAGATATGAGTATTATGAGCAAGATCATAGCCCCGACAGCTTTTCGTACCAGTTTCGACTGGGCCTTCTTGTCGTTGTCTGGGACGTAGCCGTCATACAGCCTTACCTCCCCGTGTAAATCCCATGCGCGTTTTTTCCAGCACGGGCTGACAATGATGGCCTTGGGTACACCGACTGATCGGTCTATGTACACAGTATGTGAGGAAACACCTCGGAATTATTGGGTCATGCGCGCACGAGTAAATGGTCGTTAAGTCAGGACCAACTAGCAAATACGTCTTCCACTGCAGGCAACATGCGGCCACGGAAGGCATCGATACCCTGAGTAAGGCGTGACCGGTCTAGGGTACACCTTTATAGCCTCTCTGAGAATTCCGTCTATACCTATTCTTACGTTTTCTGTGTCGTGTATGAAATATCTATGCTTGGTCCGGCCGTCTGTCTCGGATCGTAATTGGGATCCTTGTTAATGACCCTCTATTGATTGGTGAGCTCGGGTCTCCACCATGTCACTCCGAGGAGTCAAGCCACTCGATTCCATTAGTGCCAGCCGGGCTGAACTCACTAGATGGTTTTTATGCCTGTATACTTTTTTATGGCTAAATTATTAAACCCCCGGACATTGCCGTACACGAAACATCACGCTGGTTCCACTTTGTCCACTTCGAATAATAATACAGACTGAGTTCGACACATCCACCCTGAGTTACCTTGATGTGCATAACCCTGCATTCCTTGATGGCCTCACAGTGGGGGAGAGAGCCTTCGCCTACAGTTTCTACCAGCGCAAATTCAACGCTGTCCATACCCTGGTAAGCTTAGCTTAGGATTATTGCGTCGTAATAGGGTAAAGTTGTCTCATAGAACCAATCTCACTACGATCTATAAATCACCTCGTTGAGTCTATTTCTGCGAACCCGAGCTCTAAGTTAAGTAGCAATGCGCAGTGCAACTTGTGGACAGGGCGTTGGCGACTGATTTGCTACAGGCGGTTAGCAACACCTCCGCGCGGAGCTGCGTGGACAGAGCTATAAAGATCATCCACACAAGTCATTTTATGCGTACCCTCAAGTTCCTCCTATTCCCCGTAGGAAACCGATAGTACCTTAACCCTTGTGGCTCGGGACGGCTCAGAACGCCTGGGTCGCAACCCCTAGTAAATTCTATAAGTCAGTAGCACAGATACCAACGGTGTGAGGCGCAGTCTAAGACCCACTGAATATAGGATGTCCTGTCTTCTATGCCGCACACACGTGTCTATTGAGCCCTTCGCATGTCCGCCGTGCTTGATCCGACGAAAACAATGACTGTAATGACTCTATGGCTCCTGAGGCTTTAATGGAGGCTTGGTCCGCGAGAGCGCCAGTCTCAGACCTGTACAGTTGTCGTCCCAATCAAAAGGAAGCGGAATTTAGTGAATGCTCCGTGAGAGTCAGCCAGCCTTCAAGCAATGAAGGCAGCGAGGATGGGCTTTCGAGGTCTCTCGGCGGGACAACGTAACAACCCCCCTCGCCGCGGGGTCGGTGAAGTTGTTCTGGCTCGCCGAACTTGCTAAGTGAGGAACTTGGGTTACCTACGATCGTACCGCGAGCGTCGATCTTCGCAGTCTGGCAATTTTTTGCTTCGCGTAGCCTCGTGGGCAACCCTGTTAAAAGACCGCACACTGTATAGTAACGGACATCAAGCTTTGCAACCGTCTCCTCGTCGAC,1966,50.36,Caenorhabditis elegans
SEQ_192626,TCTCGGCTGCCTACACCAGCCTGGGTCTGTAGCTTGTCAAGCAGCCTCACTGATGCGAACGTTACAGCCCAGAAAGTCAACAAGAGATTGACTGGAGCCGTAGCCACGGAACGTTTAGACCGTCCCAAAAACACATACGGACTTCGCATGGCTCTCAGGGACAGTAGCTATGGAAAGGGCTCTCAGCCATGATTACGAATTAGCCTCTATCTGTCCAACAAAGATAGTAGGCGTAGGACATATCGTATCACACCCCTGCGCCGTGTTAACATCCACTAATTATGCCGGAACAACTTCTCATGATCGCTGTGAATAGGCTTCTCTATCTCCTGTGTTCATCCCGCCCATATGTGCGCTATGCAGCACATGATCAATCAATAGTTACGATCGTTGTTATCATGCCCGGTCACGCCGTCGGTTCGGCTATTTCCAGAATCTAGCACGGTGCACTCGAGCGTAGCTAAAGCACTTCACGGTTTTCAAAGCGACTGGCTATGTATCTGTGGCGAAGAGTTAGAGCATGCATTAAAGGCCACGGCGTAAACCATATTGCGGTCATAAGGTCTTATACATCCTACATTACAAAAGCCGTACTTTCAACCCTATCGCACCTCGATTCGTGAAGAGCCGGTACCGGGCAGCCGGACTTGGATATGCCGCCCGCGTTGCGGAGCTGGTTTGATACTAGTCCACATTGTCTAACGAGTGGAATGGATAACGAGCTACCCTAATATTACTAACGGGAACAGATCTGTATGATTTGTAGTTTGTCCTAATGCACTATTCGAAGACGCCTATGTAAGACACACTACTAATTATGATTGAGGTCCGTACCCTGAACATGCGACGTGTGGTAATCTCTGGCTGTAGGTTCTGAGATACGAGAAAAGAAACTTAGTGCCGATATTCATATGCGTGTTATTCATAAAACTGCGGTAGGCCAGAGTGTGCTATATTGAGCCCGTATTAGGGAAAGGAAGGTGAAGTGAATTTGCTATTCTACTCGTTTTAGTACGTCGCGGAAGCCCCTACCCGTGGCCTATCCGAGAGGCTGTCGCAGGGTCAGGCTAACCGTTTCAAGGGTACAGGACCGCTTTGGCTTTGCCCAATTTGAACGGTCCTCCCCGTCAATGGACCCCGAGGTCGAGTATACACCCCCTCGAAAAAAGTAGTTTGGAGTGCGTTCCGCCCTATAGGTGCTAATTTCGCCGCGAGTTTATAAGTTTTGTGCTTTAGAAAAATTTACACCGACCTGTGACAATGGCCCCTTCGATACATATTCTATGTCAGACAGAATGACAGAATTCGTGTTTGCAGACCGATCGCTCAAGAACACCAAGATGTATGGCATAGAATATGATCTAAATTCGTGAGCAA,1377,47.86,Arabidopsis thaliana
SEQ_913635,AGGTTCGACGGTTTTCTGGGTCGTCGAAGCGGCTCCCATTCCAATCACCCCACGACAAGCAATAAAGCTAAGCCTCTACCAACGATTGTATCATTCCTCCGGGCGGTCAAAGCCTCTATGTCAAACGTCATCATACGTAATGCTCTGAGTTGCGCTTCTCTCGACAATAGCGGTTTCGGCTACTGCACACCTTTATAAAAATTTAACCGGGGATGGCCGCCCGACTCAGCGAGGACCAGTATGCGGGATCGATAGTCCACCGACTGTCTAATACCCGCGAAGACGTCCCGACTCAGGGGCAAGTCATTACTTACCACGTCTAGCGAACACCAGAGTCGCCGTGTGGTCTAGACAGGAGCTTATGCGCCTCTCGTACCAGCCCCAGACAGCAGTAATATATACGACCCTAGGACGCAAGGGGGACCGCTGTAACACCGCCTCTCAGCCCGGGGACGTGGCAACGATGAGTCTCAGTGAACGCTGCTGTAATCAAGCCTCCCAAAATGGTAGGTCCCGAGATCCAAATGAGCAGACGGCTCCAGGAGAGTTGAACGAGATCGCGCGCACGACCAGCTCGTC,579,54.75,Homo sapiens
SEQ_518147,CAGAGCCGGACAATTAGGTATGGGAACTCGTACTGTTCGCGACGGCATTTGGCACCTTGCATGTCATAATAACCCCTCCCTGCCGTCGTAAAGGGTGATCGTTTCGTCGTAAATCTGCCTACCACGAGGGCTTCATGCATGAGATATTAAACCCCACCGCACCGCTAGTAGATTAGAGTCGACAAGGAGCTATCTAATAGCCCGGCTATATGGGCATGCCCGCGACCGGTGGCGTAGCTAAAGGGTCAACTCCAAACCGGTAGGTGCACTGGGATATGGCATCCATCTTCGCCGTAAATTGGCGACGTCTGAAGTCTGGCTGGTACGCTTTTGCGAATCTCTAGTCCCGACCAAAGTAGGCACACTTCAGTATTCCTGAGCCGGTCCA,388,52.84,Saccharomyces cerevisiae
SEQ_365998,TCTGGACAACTTAATGCCTAGACTAGCTATCGCACCGTGCGGATAGTTTGCATCGAGACATTAAAGGCCGTTGCGATTCACACTGACGGCAGCAGGCATCGACCGTCAACCGTATTCGAGAGTCTCATGTTCTGTTTCTCAAGGGAACTAACCTGGCATCCTTCCCGGACTTCAGTCGTACAACGGGAGTACCACACGCGTCCGATAAGCATTCTCTCCATGCACCGTCCCCTGGACTCAATGGATCTGCCCCAAGTTTTCGATGAAGTTGCGCAACGTCTGTACTAATCCGCCACAGGATGTCGCTAACCAGATCACTATACCTTGGAAGCAACGTAATAACACAAGATTTAGGTCCACGAGCTTCGATACTCAGTCCCGATCATGATGAATACGCGCTAAGCAACTCAGCGTTATGCTCGAATCGAGGGTGAGAAGCATATACTAACTACCCCGACGCAATAGTGAACGGAGACTGCAGGATTCCATTGGCGAGCTCGGAGACATCAACGAGGAAAGTTATGGCATTGTCAACCTTGTGGTTTGTCGTTGACACATCGGCTAACTACTGCGTAAAGCCGCGTTAATAAGACCTTGGAATCCTATGACTTCGGCGAGACTGCGTTATTCCCTCTGAGCTTGCAGGTGTCCCCAACGATATCCTCAGTCGTCGTTTCCAGTCTGCGTGAGGCC,693,50.36,Homo sapiens
SEQ_178988,TACAAGTATATACCCAGGCTCAGTTCCTCCGTAGGCGAGTGTTCGAATCGAAGAAAGAGGATCTACAAGGTCTCCAACCTATGTTGTGTTTAATTAATACGATGTGTGTTTGCATACCTAAGGTCCACCTGAGCCTGTAGAGCAACAATCGTGAGAGCGATTGGTAGTCAACTATAGTTATCGGGACTTTGTAAAAGGAATTAGGGACCTCGAACCCTCGGGGAGCTAACTCACATACGGCCATGTCGGGCGGCGTTTTATGACTCACCCGTAACTCTATACGGGACAGGCCACCAATTGCTCAAAGCGTATCTCACACACGAGTTCATTTTCCTCAA,338,46.75,Caenorhabditis elegans
SEQ_278386,AATTCAAGACGTCACACACACTCTAAATTTATTGAGAGACTAATCACAACCGAACTCAACTCCGCGGGGACACCACCATGGGCTGATGATGCATAATTTTGCTGTATCTATCTCCTCGTGTTATGTGTAAACTGCGCAAACAGAGAGTTTATTCTTACGAACCGCCTAAACCTCCGAAGAGGGAGTGAGAGGGAACAAGGTAGATAGGACGCCTCAGCAGTATGGCTGTTCAAGAGGAGAAATATTTTACACTATCTAACCATTCCCTAGGATACTGGAGCGTATTCACTGCTGATGCCAGCTTCCTTGGGATTCCATTAGAGGAATATGTATGGATATTAATAACAATATTTTTAGCCTGAGACATCTCACGGTTTCGCCGGGAATTTCTTAGGGCTGTAGTTGAACGCCGTTGATTATCGGAGCAGCTAAGAGCGCTCTATCGTGTTCCGTTTCTTCCCAAAGTTTCAGTAGTCGCGTCCCTCATTTAGTGAAAAAAAAGAGTCGGGGCGTGCCATGACGTTCGCGGATATTGAATTAGGAACAGGCCAAGAGACACCGGTAGTTCTGTTACAAAGCCCGCATCATTAAGGGACGGGCGAAATCCCCTACTCAATCATCCTAAAGGAAGAGACCATTAAAATACGAAGGAAACACGAAATCTACGCACAACGTCGTTAATGTAGGACGCCCTACGTTCGGCACTTCAATTACTCGATCTCAGCCACGCCGACACTGCGAATGTCATGATAAAGAGCCCCGCATCACTGGTTTAGGCCTGTGTAATTGTTCGGGTAGTCATGCCTCGCTTGCTTCTGGGCGATTCTGCACTCGTCTATGACCATCTCATTGTCCTACCTACGCTTTCGTCCATAG,876,46.35,Drosophila melanogaster
SEQ_715908,ACATCCAAGCGTACAGGGACACGCTTAGAGGCGATGGAAGAGTGTCTTCCACTGGCGCAACGTCGTTGAGTGTGCGTAAACCAACTGACTTGGGAGCACAAGCAAAGGGCCTCGACTCGCCTAGTGGAATCTATCTCAGCTGTACTACATGTATGACCAGTGGATTGTACACATCTTGCTCAAACATGGAATGATAGGGCCGCCGGGGGGAAGCCCTAGTTCTTTGTGAACGCATCCCGCGGTGGGGTAGCAGAAGTAAATCGGTCTGGAAATCAGTCGCCAAAGCTTCTGCTCACGGCTAGCCAACTTGGATCATGTACTAAGCTCCCGCGTACTGCGCCCCGGGATCGATTTTGTTTTACCGTTGCTCTATAATCTCATCAACGTCCACAAACACCAGACTAACATGCCAACGGCAGAGTTGTTTTTATACATCCTGTTCACGTGTGCTCTGTGTAGAATGATCTGTCGCCCTACTTTAATAGTTGTGGCCTTAATAAAGCAGTCACGGGGAGGGGACGCTATGAACCAAGCGGCCGTGTGCATGTACGTAAATACCTACCGATTAAATTAACGATTCACCACCGGCACGCTTATGTGATAAGAGCGTACAAACAAATATGGTGACGTCCGCCATGCAGATAGCCTCCCATGGTTAATCCGAAGCCTTGGCTGAGTGCGCCTTAGGTAGGGATATTGCCGCCACAGTATCTAACACCCAAACTTTGGGTGTGCACGCGGACCGGATAGCAAAAAGAAAGTTGTATGTAAACCGGGTACGTTTAATCTGGGGACTCGAGTAACATCGTGCGCTGAAAAAAGCGCCGGCCGGTCTGCCCGCCCACCAACCCCAGTTGAGTTGTGCATTCCGTACAAAGATCCGTGTTGTCCAGAAGTGACGACTAAATTCAAGTACAGTCCCCGCGCAGGCTCTATTAGGGGTAACGGGCTGTCCTCTAGGGGATGTCATCGTGTTACGGAGCTAGGCTACCCCCCGTACGTCGGGTTTATATTTCTCCTGAGGGACGGGTCCGGGGACGCTCATGGGGCGAGACCTAGACGACAAGGGTCAATCACCACGTGGGGGGTTCCACGAGAGTCGGGTTTGTTTGCATACTGCTAAAGCCGCGCCAACGCGTGGACCTACCTACCCGGTGTTTACAACGCCGGGCTGTGGCCGTTCTGGTCCCTTAGAGCGAGTGACTTCATCTGCCGCAGCTATACGTGGCCCTAGGTGTCTTTCATGGGGTCTAGCAAACTGATCTTGGACTTCCGCGCGTAACGGCCCAGACCACCGTAACAGCTATGCTCAGAGGTGCATGCATTGTTTGACCTACCGGCATGAGGCACTTACCTCAAACTTCGAACC,1369,52.74,Homo sapiens
SEQ_752074,TGCAACTTGGCTGCACCTACGTATGTGGAATTTCCCGTCCCATCCTGCCCTCACCTAACTCCCAGACGGCCTGCACACGAACATGAAAAACTAGCGATACCTTGTCTCCCAGTGTTCCTCACTTAGATCCCAACCAAATCTACATGGTCCTAGGTTGGTCCAACCAGCCTTCGAATAAAATGGCAAAGTGACAATTCTAACCCATCGCGACATGGGTGCCTATCAGCGAACTGTTACTCGGGGTGATCAAGCATTGACCCGGATTATCTCGGTCCCTTCTCCTATGTTTCGAACCCCCATGTGAACAGGAATTTTTGTTGATCTTTACATTGTGTCTCCAAGTCGTCTTCTCGCAGGTTGCATTGCTCACGTCAATCTGGCCAGATGCTAGGGAACGCGTGAATGGATAGAGTTAAGCACATCCAGATCAGTGCGGTCCATCCAAATGATAAAGTTGTCCACAAGGTCCGTAGGAACATGGTCCATGGCCAGGTCGCGAATTAAGCTCCGCGGGGACCCAATGCAGGTAATGGTTACTGATGCTTTGCACTTTTGTCTGAAGATCCTGTGATGCGATTTTCGTTTGCGTCTTT,593,48.9,Homo sapiens
SEQ_496797,CGTATTTACGTCGGCGAAAGTGCTATCTAATCGTTAGCGAGGTTGGGTTGCCTTTCGGACACGGGTATTTTTGGCTTCTCTATGATACGATCTCACTCGCCTAGCCGGGGAGAGAGGACGTCAAAGTTACGCCAAGACTTTGGTATCGATACTGTGAGGTGTGTTTTTGCTTTGGGTTAGGTGAGCGTGAGTGGCCCGCCGACCTCACATGAAGACAGTCAGGGCGTGCTCCGAGTTTGACTGTACATTAGGTATGAGTCCCAATTAAATGGGATGGGTCAAGCCATTGTAACCATAGTATTGGATGTCTTGTCCGTATCCCAATTTAGACTTCTACTATTGAAATGCAAGAGGCTCGTTTAGTAAGAGATAGTGGAGGCATGAGAACAACAACCATTATCCCGGTCGTCATACTTGATCCTGAAGCAGTCAATGCAGCCCGGAAGTAAATCTGCCGCGCGTCATATCGTAAACCACAATGCAGATTTTTGGCATCGGATGGTGCAGATTATCGAGGGTGTATGCCCTCCGGAATGCGTATCGCTTGGTTGAAATCGAAACGTCAAAGATGACAGCTTTAATCCCCGGATCGCTTGTTTATGGTGAACGCCCATGTAAAACAGTGAAACAGTCTAGTAATGACCCTCAGTACGTGCGTCCTGCCCCGGGTTTCATAATTACCGCGGAAAGCAGCGAATCTCTCAGCAGACCTTCTCCCGAACGAGATTCCCTTGCGATTAAGTGTTTCGACGCTTTTGTTCTAGTTCGTTGCATAGAACGCTACGCGCGACAATCGGTAGACCCCATGGAAAGCTGGTATTCACCCCGACTCTACCGAGCGTGGCCGCGATCCATGCCGGATATACAGCGGGTGCAACATTCTAAGGTGGTGGATTCGGCCAAGACCTACCATGGGTGTAGAGCATATGAAAAAGGTTGTGGCCCATACGCTCTCTACACCAGAGGGCGGTTACGTCATCGTTATCATACGCGGAGTATCCTCCAGTACTATGGCCGTTTAACCATGATATAAGATCGCGTCGTTTTCATTCGTGGTAGGGCTCAAAGGTAAGCATTAGTATTATGCATGCGGCACTTCACTGCCCAAGACCCCCCAGCGTCAGACTCGGTAGAGTTGTGAGTGTCTGGAGGACGTAGTAATTTAAAAAGGGCTAAAGACCATAAGCCTGTTGGTGGGTAAGTGATGCAGAAGTGACAGAAGATTCTCCGCGTACAGGGAGTGAATTGTGGACATCCAATAACCGGACGTAGCGGGCGATGGGATCTACCGTTCTGACCCCTCAGCCCATATTCCTATGCGAGGCTGCGGATGCCGCCCATGGGCGGGTGATGTTGACTGACACACGGCATGGCTAAATGGGCCTTGGTAGTCGTAGGGAATCGGTGCAATGCGGTGACTAATCGCCGATTTCCAAAACCTCATCAACATTGGTTCTCAAGAAGGTGGCAGGCGGTATTTCAAAA,1485,49.76,Mus musculus
SEQ_909103,AGTCTTCGCGCCAAGCATCTGTGATAATGAGACGAGCCAATGATGCACCGGCTATCCCAAGTGAATGGGCTATGACCTATACGTGGCATCGCATTGGCTGGCCCCGTGCAACGAAAGCAAAGCGGTGGAGTTATCGCTTGACGGGAACTTATATAGCATGACCCGGTTCTGAGTCAGATCCTTGACGGCCCTAAGTGCATCGCTACTTTCACCAGCGCTTGCTTTGCTAGTCCTCAAACAAATTTCATGTTTCTACTGCAGTGCACACATGGCTGGGGTCAGTGAGGTTGCCGTGGACCGAACGACATGAACGCCGTGGTCGATTACCGACTCACTGGTACAATATCGGGCTCCATCAATGCGCAAATTTTATCTGGCTTTTGCTTAGTCGTGTAGTCATCGTGAGCTGCACGTGGGTACACCCGATAGCTCTCGCGCCAATTCTGAGTGGACTCACCGTTACGGTGGACGGGTTCTGCGGCTGCCACCCTATATAACTTCCCGAGTGGGCTGCAGTCGCATGCCCTTTTCTTAAACTAATAAGACACGCGCGAAATACTGTCCTGCTCCATCACCATATGGTGTCCGTTTCAAGGGGAAGCTTCCCGATCTAATTGGTGCAACTAGACGGTACCTCACGTGACTCTTGTCAGTACACGTCGCTACAGCGCATACGGCAGTTACTATAAGCCCAAACTAAAGACTCGAGGACAAGGCCAATTTGATGGTCTATTCTCTTCATCTATAACCACTCCGCGAACATAAGTCCCGTAGCGGACCGCTGTACAGAGGGGATGTGCTCATCCCGGTAGAGTGGTGTTCAGACTGGCCACATGCGCCCGTTCAGGTAGTATACTCATACGCCGCCTATCCTCCTTATGAGTATCTCACATCGGCTTCATCGCACCTCCAAGATCTGCGCCTCAGAAGGTATTGTGCCTTATGCTGCCGGAGCACATCAAAAGTCTTGTTCCCGCACGCATACCTTCTGATTGCCCTCTTTCTCGACCACTCAACACCTGAAGCTCCCTTGCCGCGGGGATGTCATGCCCTATAGAATCAACGGACGAAACGTTCGTAGTGTCTGGCCCCAAACATTATCCGAGGTCTAAGTTCATACTGCCTCTTTCCCTCGGCATAGAGGGTAGTCTTCAATACGAAAGTTTCTGGATTATGTAAGAAGTGTGTGGACCTTTGGCCACCCGCAAACATCACCCATTATGAGCGGCCTGAACGCATGTTTATTTTTCCTTAACAACCTA,1262,50.95,Escherichia coli
SEQ_174170,GCACATGAGTGGTGCCCTCGTTCAGCAACTGGGCGATTGGCAACTCGCTCGCTTTCCTAGCAACACTGATGATAATCCCGTTTACTCACGGCGAGCAAAGACTTAGGAATGAGGACGGAACCCTTCAATAGGCCCTCTTATTTTACACGGGCCTAGTAGGGTAGCCAAGAACTAATGCCCCGCAGATTGATTAAGTACAGCGTATAGCTGGGTCGCGGTTAGGGCACGCCGTGTATGTCTGGAGGAATAACGTCGCTTTGTAGTACCCTGGCGCGCGTATTCTACGCACGGGTATACTCACCTCAAACGCTATAGACTGACCGTGCTGGTTAAATATACGCTGCAGTGTTGAGACCCTTCATAGGTTGGCATTTTTAGCAACCCAGAGGATTTGGAGTGTTTTTAGGACTTACGGAGTTTTTAGACGTTCCTTCACCATTCTTCCTTTTAAGTCCAACTCCTCAACGCATGCGGCCATAGTTGAAGTCGACATTAGTATACCAACATACTTTCTCCCTATCGTATTACATCTGGTCGAATTTCCGGACTCGACGCTTCTGGGCACCTGAGCACTACGCGGAACGGAATTTGACAACATTTACGTGTATAAATTATCCGTGAAGGGCGATCAGAAAGTTCAGCCTGCAATTGCTGTGACGCAATTTCTAGGCCTTTAATATGGAAGACACACACACATCGTCACTATTGACTAGCTTCTCGTCACAGCACGCCCGCCATATTGGACGTCTACATGACAAACTACCTTGAGCCTCTTCATCGAACGCCCCTATTCACGCGGGCTGGTGAAATCCGACTAGACATATTGTTCTGGTTCACGACTGCGTTTCCGTAACAGATTTCACACTTTCATTAGATCCTCGGCGAAAGAACAGAAGAACGTTTGGCCGAGTGCGTTAAGAGACTTGGTCTGGCACCGCCCGAGTTCGCACTCGGGCACTTTGTCGAAAACCATTCATCGTGTTGCGGTGGCGGCTACGCACTGGCCGAAATTGGCTTAGTTTCGGAAAGAACCTTTATCAATACCTACTATTCCCCGATTTCTAATGACTTGCGCGAAGAAAACAAGCCGTGGGAGGCAAAGATCCGATAGTGTCGTAGTTCCGGAGCCCTAGGGTGGCTCTAACAGAGGGATATCGCGATACTGTGATACGAGAGTAGTAATCCATGATGTATTAAAGGCACGAAGAACGGCACGTCCAGTGGCAGAATAGAGAGAAATACGTGTAGGGTGTAACGGACCTCCCGGACTATACTCAGATATACCACCTCCGATGTAGGCATGAGCTCCGGGACCCGTGGACTAGGTTACAAAGCCATGTGTTATGCTCAGAAAATCCCTTTGTTATGCCCCAATCCTGACAGTTTTACTATTAGCAGACCTCGACGCATATATATCGGGCTGGCCAGACAATCAAACTACGCAGGCCATATCGCGGGGTTACTGATTATCGCTTAGGAGCAGGCCGGGCGGGTGGTCGCTGAGACTATTGCTCCCGTGCGTCCAACTCGCGGTTCCGGGGAACGAGGGCGTACCGCGGGGTGAGTTGATTGCCGTAGTCGGGTCTCATGCAGTTTGCTTTCGACGTTGGCTTCGCCTTATCTAACTTGCATGATAAATGCAGGAGCCATTATGAGTGGT,1660,49.7,Caenorhabditis elegans
SEQ_769953,GAAACTCAGATACAACAGTCGATCCCCGGTCTTACTAAGATATCTCCGGCTGCAGAAGCCGCTGCGTGTAGCAGCATATGGAACCTGTTAGCCCTGAGTCGTGGTGAGAACGTCCAATTTTGATAGGTTGGTAGAGACCTTCGGGCCAACTGCTAAACCTCTCGAACTAATGGCGATCTCCAATCGAATAAGGACGTCGTCAAGTATTATAGCGTGTCTTCCAATATAAGAGGTGACAGTTGGCAAAACGATGGAGGGGCTAAACGTCGTCAAAATTGGGTAGGGTCCTTTTTGGCGCTTGAACTAGGTTATTATGCTAAGCGGCGCGCGCTTAGCTCGAAACTCTGGAATCACTACATGCATATTACAACAGCGGTCCTATGCAATAAGGGGGAGCGATTATCAGGGCCAGCTTATTGGCAGGCTTGGACTCCTCGTGAAGCAGCGATAGGTTTGCTTACTCAACGGCTATTCTTCAGCGTTCCGTGCTTTCAAGTTCGCCCGGATCAGGACAGTGCTTCCGGAGAATGCCGCGATAGGACCCGGATAGCACTTAGGGTACAAAAAGCGTTGGCGCTACCCCCGGATGAAGATCAGAGGAACATCTCTTTGTTGCTCGCTAATGTTATAAGTCAGTCGTGCCACGAAGATAAGCGCGCCAAGAATGTTTCTATGCCCGTGGTGGCAACTAGCAAGAGAACCTGAAGAAGAGGGCCCTAAGCGCTGTTAGAGTGCCTCAAAC,742,50.0,Escherichia coli
SEQ_715338,AATCAATAAGTCGTCGTAAAATGCAAATGACTCATAATCACCTGAGAACGATACCTTAACCAATAAATCGATCACACCATTAAGTGCACGAATATCGAATTTACTTGGACGTCCAGCCAGACGTGTCAGCCTATGCCAGTCGTCAAGACCAGTGGAGTGCTTGTTGCTCTGGCGTTGGCAGATGGGCATGCCCAACCCACTTGATCCTGCCATTTTGGAGTGGAGGGTGTGGATATGGCACCAATATCGCAGCGCACCTTAGTGTAACTTACAGCTACATGTTCTCATGTGCCTAGCTCTAGTCGGCCCCGTGCACCCGTCCAGAAGCTACGTTCTCGCATCGGTAAATATACGCAAACCAAAATTGGTACAGTCCGAAGCGCTTGCCGCCTGCATGATTGCCTTCCACTATGCCTGTCTATCTTAATTGGATGGTGGCACCTGGGCGGTAAGGAAGCAATGGTCCTGACGTGAGTTGGGGCTTAACCCACGGTAACAGTCTTACGCATGGATCACGTCTCAGACAGCCACAAGTCCGCGACATGACCAGACAGTAAAGCGTCTTCAACACTATTAGATGTGCAAAGGGGGGCGCCCGACTCACAACTCCATTGATGGATAAGAGCCATCATTCACAACGTGCATTCAATCACCGGTTGATAATCTACCAGCTCCCGATGTGTACCTTAACTTAGGTACCTGGTTGTACGAGTACATAAAATATCAGTTCGTTTAACCGGTGGACAGTTTGCGTGTTCTTATATAACCAGACGGAGAACCTGCCCAGTAATGGCAGAGGCATGCGAGGGGCACAGATCGATGATCTCTGTCTCGGTGACGCTAGACGTACTTATGGGCAGTCTGCGCGCGTGTAACGATATAGCACGCAAGGATAGACACATGGTCCGGTAAAACTCGCAATCTACGAGCCTGTGTACCACCCTGCGTCGACTTGTTAATGCACCCGGGCCCCACGTCTATTTCCGGACCTGTGTAGGATTGCACCGTTATGGCGAGCCCTAGAAACCTTGCTTACCCCGTCTTATCTTTTGGTACATTAATTTTTCGCGACATAAGGTCATTGTCTGCGACCGTCCCAGATTTAGCTCATGGCCGCGGTCATGTAGTGTCGCTGGACGCCCACTGTTTCGCGTGCGAAATCAGAAACTTGGGTGGACTAGGTTATTGTCGGAGAGAACTATTGAAATGTCCTGCCTTTGATGTGAGTAACCTATCTCTTAAACCTTTTCTATTCAATAACTACGACGCTCCTTTGTTATTCTATAGCACACGCTATAACCTAATTAGCTATCCTAGTTATTCAGCATCGTCACTGGGTCCGGAAATATGAAGCCCACACTAGTGTGAATGACCGTAAGTTCTGGGAAAGAGACCGTGTTGCAAGAAGGTCGGATATGGAAGTTTTCTTTAGCCTCGAGTTGGCTAAATTGACGTCTAAGAGCAAATATGCCGGTGGTATTAGATGTTATGACGACATATTCTACTAACTTCCCACTCCCTATAC,1525,48.07,Mus musculus
SEQ_891765,GTGATTAAACTAATTACCCCTCTGGCTCGCCGAGAACTTCTGGATTTGCAGAGCGGTATTAAATTCACTGTATACTAGCGGACGTGGATTCTGGTCGTATAAGCAAACGGAGACACGGTTTGTCCCACTCCACCAGCCTTAGGCTCGCTACAAGAGAGCACTAGGTGTACTTGGATTGGCGGCAGCGTGGCTAGTGGGACACAAGGATACAGCGTTGAACCTACCCTATCAATCTGGTGTCTGACGGTTACCCTCCGATTAAACCGGTCCGACCACGATATGACTCCCATATAGGCACTGAATAATTCCATGACGGTGAGAAAGCCGTTTTTTTATAAGGGAGCAAGCATCCATCGCAGCCGGTAAAGATCAGATTACATTATTCAGTGCGTTGTAGTGGCTTCGTTATCTTGCACACTGTGCGTACCGAGTCGGCCGCAGGTTGAACTAACTCTAATGACCTTCAGCGGCATCCCCTGAACTGCGGATCACGCCTTCTGGTAAATGCCTGACCCAATTTGAATAAGAATTACTATCCATTCGATGATGGGAGCTATACCATGTGCAGATAGTGATTAAAAGTGCACACTACTCGCGGAACGCGACAATACTCTAGATATTGTACCTTTTAGTTCACATCAGGTGATACTTACACTGGTTCTTTTAGGTTAGGAGCCATCGCAACGGGCGAATAGGAAATGCGGTGTGTAAAACCGTGCGTAGTACCAAGAGACATCCGCCCACACCCGCTTGGGTATCCCCCTTGCAAGTCAACCCACAACGCTGGGCTATGGA,795,48.55,Mus musculus
SEQ_862275,CCGGGCGACACGTCGATGTCAGTAATACCTAGGTGTGTAGAACATGTTAGTAGCTTTGCGGTTTGTTCTGAATTGCTAACGACGACGCTCCGGGGTTGGAACACCGAACCCGCGAATCTACCTTCAGAGTTGGTCGTATATTTTCAGCGG,150,50.67,Caenorhabditis elegans
SEQ_696784,CGCGACGAATCACCAGCCTTCAACTCCTCGTAGGAGATAATGGGTAAGCCCCTATCCAGAACTGTCTCTAAAGACTAAGAGGTAAGGTGTGAGTATTGTGGCATCCAAATGCTTTACGGACTTGCGCCCCCGGCGATGGACCCCTCTGTGTAAGGTCAGTTGGTAATCTGAGTGAAAACCAGGTTCCCCGGGGCCCAACTACCAAGGGACGGGGTCGCGACCAACGCCAGCGACTGTACCTTCTCTATGAGGATTAGAAGTAGTGTTGCGAACAAGGTCTTAGCAATCAAGGCCATGATGCTACCTCTGTGAACAATCGAGCATTCACATATTTAGTTCAATCTCTTCGCTTCGCCGGTCAATAGTTCTACGAGCGGTATAAGTCGAAATGCATCGTATAAAAATTCGTAAAGAATCTATTGCGGAGGGGTCACGTCCGTACCTGACCAGTATCGGGAGTGTTTCTAGGAGATACCGCCCAAGTGCCAGGGTGTTTTAGGGAAACAGACGGGTAGCTATAGCCCGTGAATAACAAATACGGCCCATCCCGTCCGCCTATAAGCGTTGAAATGGGGAAAAGGGCAATTGGGGGGAGCGAGGTGCTAACTGCAAATCGCTGCAAGCGGGAATAAGGGCCGGAAGGAGTACACTTCTATCCAGATTTACCGGAAGTAAGTATTGTGGTGTCTCAGCAGGGGGAAACGCTTTACCCAACGATTGGTGTGAGTCTACTGTAATGAATGGCCAAACAACCGTAATAATATCAAAATACTCTTGATTTCTGTTACTGGTCCCTCCTGCATTTTCGATAC,812,48.89,Saccharomyces cerevisiae
SEQ_372023,ATCATTTAGATGAATATATGTCACATAGGTAACCAGGAGCACGGGCACTTCATGATGTCCTGTTGATAGTCCCCAGGCTGATTTATAATCAGGATCCCAGTCAGCCATGAGCTGCGGAGTACGGACTAACCCTAACCCTCCACTTTTGTTGAGCAACCAGTTCTCCAATTATCTAGAATGGTTGTGGCCAGTGCTTGAGCCCTACCAGGGGTTTCCCCAATGACTAGTGGATCGCAAAAATACATGAAGTATGTATTCTGTGAAGTGACTAAGTACTACTTTTATTTTGCCGAGTGTGAGCCCCGTAATACCACACTGGGATGTAGGGGGCCACCACGACAAATAACTTTGTCCCACCTCGCTCACAGGGTCTTGCGCTGAATCAGGCCCCCGACGTAACGACTGATGAATTTCGATAATTACAGTATCTCCTGGCTGGCCCTGTACCGAGGAACACTGGTTTAACCTGCCCGGTATATGCGGGCTGCGGTATCTCGTGCCATCGTTGGACGGGTCGTGAGTTAGCGGCATATATGACTG,540,49.07,Saccharomyces cerevisiae
SEQ_541246,CGTATCCACTTATAATGACAAATGGAGGACATTATGAAGTGGCCACGCCTCCTCGGTCTTTTTTGAATACATAGCTGGGCGTACGTGTGAGAACATCACTTTTTACTGGCGTGCTTTACGATAACAAAAGGAAATAGCTACCAAGCAAAGTTTTGGTTTTCCACAGGTTGTGGTAGGGTGAACGACTGCATGGTAATTTCAGGGTACCACCAGGGTCAAACAGGTATTAGGACGTGTAGGTAGTAAGAGCCTCGAAGCCACGATGCACGGCCGCCTGCTTCAGTGATGCTAACAGCGGTGCTATACAACTGCGCTTACCGGGAGCATTTACAAACACGCTGGGATAATGTCCGAGCGCGCTGCTAGCCTAGCTCTCGGCCAGCGCTGCCTATAAACTGGTCGGTGGAACAGGAAATAGATGTCTGAGCGCCATAGATAACATATGAGTTCGTCATCCCTGAGAAGAATGAAACAACTGGTCCCCCCGAGGTTAGGTACGCTGATCAGGTTGCAGGGGAGATGTGCCGAGCCAGATCTCCCGCAATGTTACGAAT,554,49.64,Mus musculus
SEQ_746714,TTAGTGGTGAGTAGCCTCACTTAACGGCAGGTGCTGGATTGCCTTCTAATGCCTCTGGAACCCCGTGTTTATGCCGGTATCGGACTTAGAACTTATTCATCCGAAGCCACGACTGTGCAAGACCTCTGAAGCGGTCTTCATCACCCTCCGTGTCGCGATAGCTATCAATTGCCACAAGAGAAGGCATTTAGTGGCGGAGCCCAAGGTTTCTTCTTGGTTGACACTGGATCACCGCTTCCAGGTCAAAAAACATCCATCAGCGGTTTAACGGCCCGGAGCCTTGCCATGATTTATTTCTTACCTTTGCGATATTCGCGATTTTAACCGGAATTATTGCGAAATTGCTTCAGATTTCAATGTTCAGGGCCTTCGGAGCCTTTCTTCGGCACTTTTCTTCAGGAATAGCCTGTAGTACAACCGTATATTTTTTACTTACTTTGAAGTGGATCTTATGCTAAGAGAGATCGTTACGAGAGATATGTCACGCGTGCATTGCATAGTACGCGGGTATAATCACGATCCTAAAAAACAGACGCGTCTTCGCAGCAAGCGTCGATCTCGTTGAACCTGGTCGCAATGGCGGGATATTGCTATCCGAAGAACAGACAGGTACATTGTACCACGCTAAACATGTGAATCTACCGTAAAGACCCTATCGTCTCGCAAACAGCTCATT,676,46.75,Drosophila melanogaster
SEQ_953932,TTTCTTGACCAGCTCCCTGATGGAGTGTGGGAGTATAAGACCGTAATTGATCTTTTCACGCAACGCAGCTCTTGCGCATGATCGAAAAAGTAGGCCGTCTGGCGCTTCGGGCTAGAATTGTACGACCCCCTCTATATATATCGCCAGGAAGTACGTGCCGCACAGCGTACGGCTATTCAAAGTGTGGTTAAGGACGACTGAACCTAATTGGATCGGCGGTATGATGGAACTAGATTTCGGACGATAAGAGAGTAACATGTGGGATTGGAGTCGTCCGGCGGAGTGCCCTGTCAACGCTGATCGCAGAAAATCATGGGTGTGAGTCGTATTGCCCCGCAGCGGCGTTGCCAAACTTTAGATACCTCCCCCCCGCCCAATTTACTACAGCAGCCTATTGGTTAATATGCGCAATAAGAGCGTTGCAATTCGTATCATGTCAAGCTCTTAAAGTATTGACTATTTACAAAACTTTTAAGGTGGTTGCCAGCACTCGGGCGCCATCTTGCGTGACCGCAAGCGGCATCCGTAAGAAGGATCAAGGAATCGGACATCGATGGTAACCGCTCACCTGCTCGTGAGATCTAGTGTTGGCAACTAAAGACACCTCGAGCTTCAGGGCTGAGCGTGACTTGTTACGCGCATAGGGCTTCATACTATACGTGAGCCGGCAGAATTAAACTTAAGTGGAGCCGGGGCTTTCGATCGTGGAGTAACCCGGAGTTCCCACCCACATGGTGTAACGCCGGCGCTTATCATTACATGCCACAGGAGGCACCACAGCCAGGATGGCCCGCTTAGAGTGTGGCCAGGCTAGTTCGCGATTCACACTGGCACATTCGAGCCGATAAACCTCGGCGCGCGATAGTCCAGCGATTGTTGCATAACAACTCATCTCACCGTTTAGCCGTTGGCATTTCGATTCCAGCACGCCACCGAAGGTCCGTCCTCGCCGGGAGAGCAGTGTGCCAAGTGCACTTACGTGAGCTTCAGGCGTA,995,52.26,Homo sapiens
SEQ_222997,GCCGACGCCGATGTTTTGAGCGTCTTCCCAGTGCCGCGGACTCGGCCGCGGAGCACCATGGTCTACATAATGGCGTCCGCCACTAAATCCGAT,93,61.29,Homo sapiens
SEQ_571269,TCGGTCACATTGGACAATAATCAGTTTGGCAGAGCGGCGGCGTTCCCACGCGGCCCCAGGGATCACGTGCACGTTTGGGTGGTCAAGTCATCCCGTCATTAGCCTTTATGGCGCGAGGGAATGACATCCCCTTGAGGCGGGAGTGTTCGCGCGTGCATCTGTGTGATATAAAGGCGGACGTCCCTGATCATCGTTGTGTTAGGGATTCCGAGCAGTTGACACGTTGGGGACATAGCAGCGAAGAAGATAGGCTAGGGACGCCTAAGTTCAGGGTAAGTCTATTCGAATCTGTTGGCGATGGATTTACCCACCACACGCCCCCAAGAACGAGCCCAGACAAAGACGCGATGCCTAGTTCTTGCATTCTCGTCTAGCTTTCCTTATCTTCCCATGCTGGAACCACCTGCTTGTGGAGTTGTGTTCGTCCGGCCTTTGTGAGTCATGCCCCAAGTGAATTCACCAACCATGAATAAGCCGTCTGTTCCCTTAGCCAGCCTGCTAACTATTGGCGTTATTTCCCGACTCAGATGCGTCCAAGGCCATAGTGCATGGTCGTCTAGTATTAAGTGTTAGTCTATAAAGTAGTGATCCAGAGACACGACTTTATCGCCGGTCCAGCTCCCTTTAAGGTAACCCGTGTACGTTAATCCCTCATTCCCAACACAGTAACCATATATGCTTCGTCGTTCCAAGGAAAAATCGATCTGATCATCTCCAACACAGGGATGAAAGTCCCATCAGTAAGTGGACCATCCGCGATCCTCAGCGTCCTAGTCAAGAAAGGCTCCAGGGGCAGCTGACTGCTGACCTTATCAGCCACCGAAACATCACGCTTCGTGTATGCACACGTTGCCTCAATAAGTTACGTAAAACCTAACCGTCCCTATTTAAGTGCACATTGCCTTATCCTTCTTTGGGGTGTACGGTGGAAACGCGACACGTTGGCAGGACGGGTCGACACTATTCACTTTGGGTGATGTTACTAATACTCGCAATTTCCATTCCTAGAAGCGGAAGGACAGTTGGAAATGGGAATGGCCATTAACGGCGTGCATAAGCCCACAGGGGGAGTAAGGCTGAGAACGAGATGAATAATTGATCATTTCAGTTGATGGCGTGACTCAACCCTGGTCTGTGGGCACTGTGACGGACTACCCATGTGCTCCATGCCGCCTTCAATTTCTTGCTTATACAACCCTTAAATTTTACGGACACTGATGTGCCTATCAGTGATGCTATGTAGAGTATCTGCTCATCTCTTTCACTCAATGTAGTACTAACTTCTAGAATGCATCCCATTCCCGGATTCTCCGCGGACGGGCATAACAGTGCCCATACTGGGCTGGGCGGTGGTGAATGATGTCTCAAGGAGGGTCTTTAGCCGCAAGCCGGCAAATCGCGCTACACAAACGGCGTTAACTAGCTTATAAGCTATGAATCCCTGTCCAAGGACCTAGAAACCTCTATAATGAACATTTAAAAAATCTCCAATCATGAGACATTGGAACGGAAGTGTAGTACTCTAATGTATCACGTACCGCCTTGGCGTCCAAAGGTGAGTTTGCGACTTCTTAGTATTAAGTCCTATAATACCAACCTGTCTGTAATACGGTGTCAGATATGTGTCCCGCGTTTATACTAAGCATTGAACAG,1653,48.88,Drosophila melanogaster
SEQ_113148,AACAGCAAGATCACAGATTACCTGCCAGAGGACTGATTCTCGCACAAGCCACTGCAGGTTTATTCTGGGACTATGGTTATATCCTCTTCGATCCCTCCCCAATTCTTCATGTGATAGTTCGGCTCGACCTGCCAAAAAATAAGTCGAGTGCGGGCGGACGCAACGAAACTCTTATCTTCAATTATATTAACGCGCGGTGGGCTGGAGATACCAGAATGAGGGCATCCCCCCCGTCGAAATGTTGTAGAGACTAAGTGCTGTCCATTCGCAAACCGACCTTCAGTGAGGACGGCTGAGTCAGAATAATGTACTTGCTAATAAAGCTTAACAACTAACCTGGCCACCCGTGGAGAGGCTAATCCGCATCTGACGTAAAGAATCCTGATGACGCGGATAAAGTCCACTACAAAGACCTTGACTGACAGATACCAGCGTGTAAATCAACTGATGTAGGGTAAACAGCAGGAAGCTAGGCTCCTTATCCTCTCGAGACGACCGGCAAACAGCGCTTCTCCCGAAAATTGGATGTGATACTTATAAGCAGTGGCGACGTATGGCGTTCGGCCAATGCCCGAGTGAATTTAAGCAGCTATAGTGGCGAAGGTAAGACCTGGGATGAGGTCTTGACAGAAG,633,48.66,Caenorhabditis elegans
SEQ_797240,AGATTAATTCGTCCCGGCGCCCCCGAGAGCCATGTTAGCCGGGCCGTTCCGGAGATTAAATTGTCAGGATGTCTCATGGCAGTGAGCATGGACGACGACCGCCAGAGCCCAGAAACCTAAACTTTCACCAAACCTAGCACTTATTGAGCGTTAAGATGGGTTATCTCAGGGCCGTATTAATGCAACTTTGCCAGTCAGCACTTCGCCGTCATCCAAATTCCGACAGCATGTTTTCACTATGAAACCGTGGGCGGAGCTAATTAAGTCCGGTGTACATGAGAATGCTGTGAGGGAGCTGACCTAAGGCTTGGTATTGAAATGTTTCACTGCGGTGGCCGGCCGTCGCGGGTGTTCCCGGTAGTGTGGAGACTTTAGGCTCTTCTCTGCTCCACCACTCTCCTGATCCCGGGTCACTTCGGATAACCCTATACCCTGAATTACGCTGGACATGCTAGGGGGCTGATAAAATCTCGACTTAAGCTTTATAGTATCACGGTGACAACACAGCTGCCGTGTATTGACGATCTGTTAAGAGTTTTTTTAGAAATTAGGGCTATTACCTGCCCGGCACCGCATGCATAAGCCCGAAGGGGTTCGGTCGCTTTACCCCCGCGGGGCGAGATAAGGTCCCGACGTGGAGAGGGTTCTGGCGCTCCCCAGCGGCACCCAATTAGAGCACGGGATTCCGACTCATACTGGTAGCCACAAGTGTTATCGGCAGCAGTAACCACGATATTGGACTGAGGCCGACCAATGTAAGAAAAAAGTACCTACGGTCTCCATCACGTCGTCGCAGACATGGCAAGCTCGGCTGCGCTTATGCGCGGAAGTGGCACTAACTTCGGTGATTGGGGCATCAGCGTGCTACAAGCTCGTAGGGCGGGGTAACCCGCGTAACATATACTCCTGCCGCGTTCGAAACGAATTCATCCGGCGTTCGTTTCGTACGAGGAGCCTTCGAGTATTACGTGATCACCCAAACGCCGCTTGGCATTCTGCAGCGTCCACCCTGCCGTGAACACCTTAAATGGTCCATCCATCCGAAATAAGGTAGAGCGGAGACTAGGCGCTGTGTTGCACCTTGAGGTTGCCGTACTTGTATTTAAAGTTCAGCGGTCCAGTAGACCATAACCCGCCTATTGAAGTCATGGTTGCTGAAGTGGCATGTAGCGACCGATGATCTGTTGACTATACATACGTCATTTTGCGTCTCAGGCTACTCCGAAGGATCAGTTTATGTGGCCCGGAGACCCCTTTAGCAAATAGATGACACCACATCCGCCTAAAGATGCATAAAATTTGCTGTTCCAGGAAGATAGGTGGCTATTTGAGGCTTTCGGCATAGTTGATAACTCTAACTATTTGCGACTCAGCCACTGCGGGGACACTGGGGCTGACTGGGTCGACATCGCCTGACTATGGGACGTTACTCGCGCGGTGCAACTCACATCGATTTTTCTCAGCTAGCGCCCCTAGCGGGGAAGGAACGTCCGTTGACTATTGTGTTGACGTGTCCTACAGTGGCATTGTGTGGGCACGCTAAGTCAGACAATAGCATTTCACAGACTTTCAAGTTGTCGTACCCAAGGGGTCTGTCCTATAGTATTGAAGGTTCCCAGGGTCGCCATGCTGCAGCTGAGCAGCAGGATACCCACTCGAATATCCCACTCCTAGATTCAGTTTTCCGATGACCGCTCGGGTGATGGAACTTGACCGATGGCTAATGCGTCCCCAGGGGCTCACGAGTATACGACACGAGTACCT,1764,52.21,Drosophila melanogaster
SEQ_479527,GCTCTCACACTCCATGACCACCAGCAGGTGTCTCAGCAATCCTCAAGCTACCGGAGTAGGGGGAGGCTCCACTAGTTTCAGAATATGCAGAAGGTCAAGCTCAGTGATACTACATGCTCTGACGCTTTCTGCCTGCTACCGCGGGATGAGCACTCTCCCTTTTCTTTGGGGGAACGAACTATATTACAAAGATTTGATCACGAAGATCTATGGACTCGAAGAGTTGCGCCCACGAAAGGCAATCGCGGCTGGAAATGAAGCCCACCGTCTGCAACTTTGACGCAGAGCAACGTTGAAACGTGAGGGCAAGTTAGACGGCGCCCGCCAATTCTAACAAGAACGGTCGCTGCGGCATACCATATGCGACTCTGGCTTGAACACCGTGGAAGGCCGCGATAATTGCTCCTGAAATGTTTCCACACCAAGGCAATAGTTCGCTCCATGCATACTAAACGCCAATTCATAACAAGACTGGCATGAGAAGGATCAGGACCTACAGTATTTTAGTGGATATACACTTCGGCATCCGGTGGGGACACTTCGAGACCGCTCCTGTTGTCCTGCGTAGTTTGAGGGTTGCTCTGCAGCGGTTTGGAAGAACTGACCCAACGTTTGCGTATCTTACGGGGGCCAATTCGGCCCCTTGAATGCGTTGACACGACTCGTCACCGCCTTTTAGTCTTCCAGAGGATTGATAATACAGTACTGTATACTATTGACGATGCCTGGAAGTTGGCCGTGATACCGTCTAGACCGGAATCACCGGCGCGTACAGATAATCTGCCTTTCACCGCTTAAGGTGGTGCGGAGGACTACGGTTGTTTCTGGTGCACTTAGGAGGGACACTTTTCACGAGGGAGGCTCTTGGCCCAAAGCACTGGCACAGCGTTTCAATCCCACTTTCACAGAAATCGAGCATTAAAGGGCTCTCCTTCTCAACCTCAATGTAGCGTACGGCTTTGGTCGCCTAAGCTATGCCGCTTTCCAAAGAGTTTAACGTGTTGCCGAGGCCTGCCGAGCCGGGACTAAACAAACTATACATGTGGGAACTTTCTTCGGTAAATTAGACTGTTACATAACATCTAGTATCGACGTACGTTTAACACCTGTGTTCCCCTTATGGTTATTGTATAAGGGCGTAGCCCGTAGAGGCATCAAACAGGCCGCCCATCGCCCGGAGCGCGGCGGTGATTGAAATCCGGACGTCTCCAAATACTGCACACTAGGCAGGAACAAACGTAGTCTCTAAGCCTATCCATACTCACTGCCTGTGACAGAATAGCTGTGAATCCGCGCTAGTAACAAGGCGCACTGCCATTGCCTAACCAAAAGGGGCACGCCCTGAGCGTTCCTAGCATTCATGAGCGGGTTAAACGGTAGATTACGAGACAGTACAGGCCAAGATTCTTTATGTGATAGACAAAGGAGCACTTTCAGACCTAGCTGTAAACCTACACTCCGAAGCCAGTAAGCTAACAGTTGCCGGTGTCATTGACAATGCGGAGCCTTGACTAAAATGGGCGGGGCGTAGTCTACTCGCACGTCGCTCTCCGCTGGTCGGGAGACTTAGACCACTTCCAAGCCTGAGATACACGCCATCCTCTAGCAACTGCGGCAAAAGGCCTCCATCGTGCTCTCGC,1640,51.28,Homo sapiens
SEQ_460299,CTCTGAATTCGAGGCCAGCAAGACGTGCCTAGCAATCTGAGTACTGTCATCTACACCCAACGTTTCCAGACTGAAGAGCTGTGACAAGCGGGTGGGCCATTTTCCTTTGAGCCTACGCTATATGGATTCAGAGGAACGTGGTATATCTTGTAGCGTCCAATAAAAGGATTCAAGCTTCGATGTCTTGCAGTACTTAACTCTTTGACGTGTAATTTGTTGCTCTGGGCCCTGCAGGCGGAATGCGATCCATCAAGTAACGCGATTCAGAAAACGATCTTTGTACACGAGTGCGTCACCCGCGCCGTCGTCGTATCCATACCGGTTTAAGCCTATTATAAGGCATTGGATCAGCCCAGAGCCTTGCTGCACTAGTCCAGATCATCAGGCTTGGGCCAGTTCAGACCGTTGCGCGGCAGGATCCACCGGGCCAGTGTTGAGGAGGGCCTCATCCGCCGGCGATTCTGCCAGGACTTGCCGATCTATGCGAAAATTCCGTAATTAGGAGGTCCGGGGAGCAGTGATAGGCACGGTCCCTGTTTCGACGCGACTCAGCCAGGGAGCACTATCCTACATGAAAGAAAGAAGAGCTTTCCTGCTACAAACATAAAAGGGTTTAACCTAACCCTGCCAACTTTTCTCAGTAGAGGAGTCGTAGGTTTAAGCTGTAGCCGCCTATACTGGAGACTGAGTGCCATGGTAAATGCAGCATAGTGTGCGGTTAATTGCATCATATCGGGTTGCCATAGCGTATCACTCTGCGATCGTGCCCTCAGCGCTGGTCATTGGAGATCGCCTAAGGCAGCAACTGCTCCAACTGTTATAGGTTTTCTCTAGAGGTTCCTGAGTATCCCACAGGAAGATGTACTTTTGGGGAGCGTTAGCGCCTCCTAATGCTCATTGGTCGTCTTCGGGCTGGCGGCTCCAATTAAGCTGTGTTGGGTGTAACCACGGATTTCAGCACTACCGGCGAGATTGATGGGAGCATCCAATCTTTAGGTTGTCAGGCGGTAAGGGCATCCGTACCTAATTATCCATGCTGAGTTTAGACCGCACGATTACGGTTATTTCTCGTCTACCTTTACCTGGGACAGGATCCTAGCCACCACTCGAAGGGCTTTAGCGTGTGTGGGGACTTAACGGACTCTGCCGGGTGGCGAATGCTGTCATCATATTAGGACACTTATATTTTATCAGAATTTGGCTTGACGGAGCGGCGAATCAATCCCGGGTTGCGCAGACCGGAGAGCCTAGGCATGGAAATGTCTATAAGGATATACTTCAGGCCCTAGCTGTGGATTGATGCTACGTTCGTGGCCTAAAAGCCGTGATTCCCAAGGTACAACCCGGTCAGTTCCCAAGTACTAAGCCGGGGAAGGGAAAGTGTAAGAGCTAAGGCTAGGGCATAAAATGAGCTTAGGACAAGTCCACCACCACAGAATAGTCCCTTGCATTGCTGTCCACAAAGACCATTGGGACGAAACTATCAGCCCATCCCCCGTCCCAGTTCGTAGCCGAGTCTTATGATCCGATTGAGCGTACGACGGTAAGCTGTG,1553,50.93,Escherichia coli
SEQ_650530,CGGGGGAAGTACTCGCTTGGTGTTTTAAAGCTGTGTGCAGTTGAATGGTATTACACGGATGTCATTAGCACTGACCCCAAGGGTTTTCCCATCCATCGCAGCTGGCCGGAGGAATTACTAAGGAGTGTATATCCGGATAATCTCAACGTTACTCACGAGTCGGCTAGAATCAAACATGTTACTAGGGCCTTCGGAACGCTCTGATTTAACCATGGACCCTCAAGATTCAAATTCACCTTAGCGAAAGGACGTGCTTTGGATCTCGCGAGTGAGCGGTATACGGTGATCGGGACCGCAGAGATCCTGAGGTTAAGTGAGAGAAGTAAGTTCGGATTACTCCGCGGTGGCGACGTAGATGCAGAGGAAATGATCCTACAAGATAGCAGAATCCCGTGCGGAATGACCCCATTACTCGGGCGTTTCAAGCAGTAGGGAAGACTAAAAATAGCGTCAACAAGAGACGCACCGTGCTGGGTACCCATCGTACATGACAACCAGTTCGACGAGCGCTAGCCTACCACTTGTTGACTTTTTTTCCGCTCAAAGTTGACCCGTCGCTTCTATAGGTAACAACCTTAGCATCGTGTAGGAGATCGATTGTGAGCAGACCGGGGGGACCCGTTGAGTGGGCACTGCCTACGCGCGTTATGTGACTACTGAGATAAAGAAGTGGCCAGAGGCCTGAGACTTCGCCCCTTCACCGTCACATTGCCGCTTACATCTCAGAAGCAGCCTGGAATAGATTATAAAGAGTGCGCTGTTCTGGGGAGACAGGCACTAATCCATTGGAGCAAACCATTCTGTGGCAACATATCAGCGCTATACGACCAGGCAAGGGGACCCAGCTCTCGAGAGACTGTAGGCCCGATAACAGCGTTGTGGATTATTTAGAATCTCACACAATGCCACCCCGCGCGACACCGTACGTTATTGCAAAGGCTTGAATTAATAGTTTAAAGTAAAGCAGATTTGATAGGAGTGCTATCTATTTGGTTCCGCCTGGAGCGCATAAGATTGGCTTCTATCATCCCGTGCACCGTAGCGGTTTTATGGCTCTAGGTAACGTGCGTTTTCTCAAGCAGTGCCGGCCGCGGCAAACATATTCCCCGACATGTCCCGTCCGGTGATTCGCCTAGTCCCTTTGCACATGTCCGGTAACAGCGACTGAGCTAGGCTAGATCCTACTAAACCTCATTGATAAAACCTGGATATTCCTTCGTGTACGTCGAATGAAAGGCGGTCAATCACTACGCTACGCTTCTGCAATGAAATCGGATTCGTGCCAAAGCGCTCAGTTGCTTACGTACATATTCAAAGCCGACGCGGCTCTTAGTGACGACCTATGTATTACCGCTCTGAGTAATGAGGCCGACCATACGCCACGGCGGACCTGTAGAAAGTCTGACCGTCGGGAAGAACGTGGCTAGGATGAGAAATCAAATATGGGATTCGCCCCGGGTATACCGATAGTTTCAAAAATTTGATATAGCGTGGATCTGGCTACACAGTACGGGGCTCACAGGTGAGACATGGTACGGGCACATCTAAGGAACACTCTGTCCCCCGCAGACTAGATACGTTTCAACGGTCCAGGCTGTTTTACGCATATCTCAATCACGAGCAGGACCACTAAAAGTGCGGGAGCCGGTATTTTGCAGCGAAGCAAGGTGTGTGCGTCGGCGGGTGTGACCACTTGGGAGGGAACGCATCTGCCCAGGGTGATGAATATCAGGGTCGCATAGGAACGCAAGGGCGCCCATAGTTTTCGGCTCCAATGATGGACTTAGCTTCGTTAACTTCACAATGAGCGACCATAGTTCTGTGCTCAGGGAGCTTGGGTATAAGGCAGCTTAAAGCAGAGAGACAACGCGTTTGATCCCGGTACGTGTTCAACAGGCTTAA,1902,50.47,Drosophila melanogaster
SEQ_183375,GGCGAACGCTCAGCAGCGGATATTATTTCGCCTCCAACATTTCTAGGCACTCACGGAGCCTTTTTAACCTGTCCCAAAAATAGACAAACGCCAATGAACCGCTACGGTCCCCTACCTGGATTGTTGCCTCAGCTCCTAGGCAAATGCAACAGGGTCGGCGCACGGGGAGGATATGTTCAATCATGTTGTGTAGACGTAGGTAGCTACGATAACGGTCGAGGAGATTACTACGATCGCGTCATTGGACTAACAAAGTCGCTTTCAGACCTGAATTGTTTAAATATCGGGGGAGTCGGGCAACTGAGCAAACGGCCTCTTAGATATCCAGACCGAGCCGCCCATGTACTCGGTTTTAAATGGGAGGGGCGTCGAGCATCAATGTGGAACAACTCGGGAGAGAGGCTGCCAGCGAGTGTGTGCTGTTATGCCGAGCTATAGGTGGTACGTTGCTGCGTGTTAGCTCGGGCGCTAACGCTAAACCTCGAGCACTTGGGAAGCGCAAGGGTACGGAACCTGAAGATTAAGTAGTAACCAGTATTCAAAGCTGAGAGTAG,554,51.26,Caenorhabditis elegans
SEQ_269512,ATCCACAATCCCACAGCCTATGACACCGGAGGGCGTGTCATGACCAACTTTAGCTACGGGGGAAGATTTATATATATGAGCCATGGTGAAGAGACAGCGGCCAGCGTAAACAAGGTGTTACAATCAGTCGGGTCACACTCCATCGGGTCAAAACCATTACTCAGGATCATACTCGTAGATTCGCTCGACTCGTGTTGGGCCTGTGCTCTCAATGCCCAGCCAGTGAAAAGGCAGTATGTTTCGCTTGATTTAGCGAAGACCTCGCGACACTTCTGTGATGTAGAGTTTTTACACGGTGTCATTGGAGTCTATAGGGCTGCGTGAAATGACTCAGTCAAGATGCGACTCGTCGTGGCTCAAACCGTTGATATCTACAAACTGAATGCGTAATATTCTTCACCCGTCCTATTCCTGGCAACCCAGTATGTCTTGAACAGACGAAACACATTAGCGGATTGAGCTATCAGTTAATCCATTTCTGCAGGAAAATAATCTGAATGCATACCGTTGAACCTTCGACTTCATCCTCTACGATCTGCATAGGAGAACGTCTTTCCGGACATATTGAATTAGAACATCACTGGTGGAAAAGGCTAACGATATGATGCAGAGGTAACAGCTCGGTCACAAGAATTCCAACGATGTATAGAGAGCAATGTCGCATTCATGTCTGGTTGGTAAGTTATCTCAACGACCAAGTTGGCCCCCCCCATGTCGATAGCTAGGAGAACTTTGACGCGCTAACCAGATCCCATACTATTAAGGTATGGGCATCACCTCATTCGTAAAACTTGCGACAGTCCTCGTCTTGTCTGTTCATGAAAACGCCCTCGATTGTTGGCGCGCCCGGCGGCCTTCGAACATGTACGTACGATTGAGGACAATTTATAAGGGTCATCACATTTAAGGTTTCAGGCGGATCCGATCACCCTGAGACGCCTGGGCGCGCCAAACCGGGACTTATGCATCGTCAGTACACTTTTGAGCACAGGACGATAGATCCGGTTAAGCTTATGAGCCCCTGCGAGTGTGTGTAGGGCGCGGCTTAGTCGATCTGATTAGGCAGATGGTTTTTAACTGGCAATAAACTTCTACCGGATG,1101,47.77,Escherichia coli
SEQ_443944,AGCCCTGGCGAAGAAGCTGTATAAAATTATATTCACTGTTGGTGGCTAAGGGGGCCCGCTCTTGAAAGATTTGCGGTGTGGGTACTCCCGGCAAATTAACCCCAACTGCTTGGAGCATTTGAGACTGAAATCTCTGCCACCGATGACGCGTTGAGGCATAACTCAGCGTACTAAACTCTGTATGTTTCCTACTCACGTGCGCTAGCCTCATAACAGGTGTTATGTTAGCTGTCAGGTTGGCGCTTAACGGTGGGGCTTACAAGTTGAGGGCCCATCCCCGTGATATGCCTTCGTTCAGCAGAGATACATTCCGCTTATTCCATCTACGCCATGTTCAGTAGCTGGGACAGAGGGGGACCGCGTGAGCACCAGACAACGTCAACGGGGTGTCCGCCCACCTCGACGGCATGGTGAGTACTCCGATCCAGGCAGAATTGACTGGTACCCCCGCCACCGAACGTAAGGACCGCTAGGGTTCTCACCAGTTCACTTTAAGTTACTAGCTCTAGCAGAATGGATAATTCAGAGTATGAGGTTCAGATCCACGGTATTCTGCAATATGCGAGATGCCGGGCGATTAACACGGGGTCCTTAGTATACGCTGCGGGTACTACGGTACAGAGGGGCACCGTCCACTCATTGTCGTGGAACCATCGCCATTTCATCATACGGAAGGCTTTGAGCATTTAGATCCACCTCCCGGTTTATCGGCACTGCGAATCAGTCGATGGTATTTGACCTCGCATTTGCGCTACTTCAATATGAAAACACCTAGGACCGAATGACATACCTACTTTCCATAGTGTTCTTACTGTTAACTTCCTGTACCCCTGTTGTAACCGTTTAGGTGAAAACCCTAGCGAGGTTAGGAGAAGTTGGTGTCCTTCCGCCACGCCGTATGCAGAATCTTTAGGTTTAAAGGGCAATCCACAAGGCTCATTGGAACTCCTGGGGGAAGATGTAGGTTTCTAAAGCGGCTACGTCTGAGCCACATGATGTCGCCTTGAACGTTGATCGTATCTCGCATAGGAAAGCAACGTTAGAACGATATCGCGGTAACCCGACGTATAACCGCCTTTAAAGGATTAACGCCAAAGTAGGTATATAATCAACGTAGGGTGAGCAGGATAGCTGCGGGCAATACATTGAGCCTGTTTAAGGCCGGGAGGCGCTTATCCCGACCGTCTTATAGCTTGGATAATACAATCTACTGAGGAGTGGCTGTTTTGTTCCTTCCCGCTGCTGTGGTCCTCGATTTGTAAAATCGCTATTAACCTCGCTACTGTCGATCTTCCTATGGAGCTAAGCATGGATGGACAATTATTAACAGAGCCGCGTTAGAGGAACACCAACGAAAATAAAGTCAAGAAATCCCTAGTGTCGATCCCTGCTTCTCGTCGCGTTTAGGTTTTTTCGCATTAAATTTACAGTTCTAGCGAGGCGAGCCCAACCGCTAATGTTGATATGTTACAGTTATAAGGAAACTATCCACGGTCTGCCTTGTTTATGCCGTTCCGCACCTCCTATTTGTCTCTGCATTTGCGACGTCGTGAAGGCGTTCGTCCGAAAGTGCTCGGTAAGACGGTAAAAAGTACATAACAAGATCCGAAATGCGACCCGATGCACGAATGCTAACGAGCTAGCTCTTGTCCCGTTACGTCAAAATGCAGTTTCAGGACACACTCACGTAA,1691,48.85,Arabidopsis thaliana
SEQ_428699,CATTATAGGCTTTAGCCAGTCGTAAACGCAGACCGACACGCAGTGGGGTCCAGATGATGGACCGCACACTTATCCACAGCCCTCAAAAGCACACCACCGTGCACACTCATTTCCTGTCCTAGAAAAGATCTTCACTCACCAATGTAATTACAACTAAAGGGCGGTACTCCCGTCGATGATTTGAACCGCCTACTCTCAGTGCTCGATTGCATTTTGAGATGCACGCGATCAGACCGGTTGCCTTTCGACCCGCTTTAGTAACCGGGTGACCATATCCACGTCGAATCACTGAGGCGATGTCCACTACCGTTTGGGACTAATGCGCTCCTTAACCCTAGGGTTGCTGCTCCGGGTTGGACACTATCTGGTATCTATCGAGCCTGTGCCTAAGGAGACTTGATGTTGACGGCAATATGGTATCTTGCCCAGGTTTTATCGCAACTGAATGTTATCCTCCGCGACTTTGCTTCAGCAGCTGACAATTACGTTACGATCATTTCTAAGCCAGTGGCCTGTAGTGCAGTTATTCCGGGGGGGGAGATTGGATTGCCCACGCTTGATATTCCTCCTTCCCCCGAAAACACCGGGTAGCAATAGGTTATCCAGGACTTAAACGATTGTAGCTATTTAAACCACCAAATCAGACTTTTATGTTATAGAACTCAGCCTGAGAACCGGACGCTTATGCCACGCGAACCTCCATTTAAGTCTTTGATCGGCTTTCGGCTAGTGCACTTTAATTGGCACGGCCACGAGTCGTGTCGTCGTCGTGTTCACGCGGACGCTGGGGATCAGGTTCTAATTCTGGCAATTAACGTATGTTCTTGGCACGCGTGCACTGGAAGGACCCAATTTGAAACTGCGAAGCTCTGCCGGAAAGTGTAAGCGCCGGGTTCGTTAGGCGACCAGATATATTGAAACGGGGCGTACGAGTCAACAGACGCCCCTGGCTGGACTTGTGCGGTACCCGCCTGAAACTCATAGAAGAGGCCTACCTGATTTGTTTTCTCAGCCATAAAGTCACTCAGGTGCGGTATTCTTTAGAAGGTGGGGACTTACCCCCTTGCACCATGGTGTAACGCTGGGGGGAAACCCTTAGACATCGACGTAAGCTGTATCTGACCCGTGATCTCTCGGGCCGTAGGTCCCGCGACGCCGGCCTATTATCAGTGGCCCAGGGTAGCCGGTACGACGCGGCTGGAAGGTCAAGTTGTCACTGAACTTAGAATGTAGACAGTCAGCCGCAGCTAAGACGTGATCAGTTATGGATAAGTGCGGCGAGGCCAGGAGATGAAATCATAATGGCACTCGCCAGCCGGCCTAAGTTGATTTTTCGGCACGTGGTTAGTACAGAGTGCCAGTAACAACATCGCTAAGTGTATCGCCTAGTCATAGGATCATCCTTGGCTTCGCAGAAAGTCGACCTTGGAAAATTCTTCTCTTATCAAACATCCAGAGCCTGGGCGCTCGCCCCTAGAGTCGAGTTCTAGTCTAGGTTTCGGAGGCTTCTTCAAAACACAGCCGCCTTTAATTAGTTTGACGAGCAAGGCAGACCGATAGTAATTCTGAGCCTGACGGTTTACATCGTTCATTTCAGACAGGCCTTTATCGCATGACGCCTAGCGTCTGATGTAGCTTTTGGGCGCTGTTATGTTATGTGTACTCGTCGAGGGAGGTGATGGGTTTTGGGTAGACACCGGGATAAACCCCATGATGTCTGACTGCCTCAACATCCCGGCGGTCTGTAGGAGAAAAGGCATTGAATCACAGATAGCAACGGTGACTATTGGGGACCCATTAGTGGCACTTTGTT,1813,50.69,Arabidopsis thaliana
SEQ_394900,AATTGAGAGGCACTTCGAAATGGTTAAGTACACGAATTGAATCCCTCATGTTTCAACCGAGCGGCACCTGTTACTACTCACGATAAGCTGAATCAACCGTTCACCTCTCCCATCGACGAGGTGGAATTTGCGGTTAGGGACAACCAAGGCCTAAGAGCGATAGGTAAATGCATCTTCCTCGCTGGGCAGAGGTGGGTTTGTGAGCTAATGTCTCTAATTGGCATAGCACGCCTCGAGCATAGTTGCGCGATGGCAAGGCAGAACGTGGAAGGGATGCCACGCTACGTCTCTTGAACGCATTAGTGAAGGTCGTGGAATAATTGAGAGTGAGTATGAGTACATAGAAAACGACCCCCTGGTGTTCTCTACATATGTCTAGAATGGTCCCACCGCATTGCCCTTGATAGCTTGACAGAGTATACTGGACATTACAGAGCTCCCGTGTTTGTTATGTATTGAAGGGTGTAGAGGGATACGGACACTATTCCGGCTAACGTCCCAGCGTATCAAACAGGCTACACCCGCGGTTTTGACGCTTGCACCCCACTAGGTCGTCAGTTTTGGAAACCGGGTGTTTTGTTTCCTAAGCAATCGAGAGTTGAGTAGGTTCCCCCGGCGCTACGAGATTATAGTGATTGTTTGATCAACTTGAGCGAGACGCGACAAAATCTTTCACTCGGTCGAATATAGTTGAGCCCAGCCCTACTTAATACGCTTAGGCAAGTAATCTTAATGCCTCTCCTCCGTGTACGCAGCCTCATGCCAGTGACATTTGTCTGCCGGCGCCGGTCGTCAAGGTACCGGGAATAGATACACTAACCAATGTTACCGTGTCGCGGGGATGATGCGCATAGCACGAGAAGCGCATTAAGAGGGGAGATTCTAACGCCAATTCTGCGAGACGGGAACGTGCGAGCCAGAGGTCACCCCTTTGAAGTTGGGGCTGACCACGCGCAAGTTCCGCAACGACCTAACCCTCAGCTAC,985,50.46,Caenorhabditis elegans
SEQ_471884,GTAAAGTGGGCGTTTAATACCTACACTTTTGTCAGACCGGTTCGGGCGTACCAGTCATGTTCTCGCCCAGGCCCCAAAAAATCAATTATACCCTTCCTGAAAATCGAATGGTGCCGAACTCGGTCGCAACACGGGTAAGGACACCCCCCCTAAAACCCCTAGTTTTTCAGCTATGTGAGCCTGGGCCCTGCGCTTACACTGGTGGAAGTACAGTAATCTAGTTAAATATGTTGTCATGCTGGCATGAGCATGCCCGCGCCTAACCTACCATGCAAGCGCCACCGCCGTACCTGTGAGACTTCGCCGAGAGGGATACTAACCAAGGTAAAGGTTGCTCCCTCCCGTATTTAACTTCCGCAAGGCTAAGGCAGGAAAAAGGTAGGCAAGGGCCGAATATCGTAGTGATAAATCCCGGGCCGAGAAGAAGTGTCTAGTGTGGGATGTTGTCGCTCATGGTGATAAAGGACTCAACAGAATTTCATTCGTTCCAGGCGCGGGCTAGTGTTCTCCAAGTCCAGCATATATGTGTGACCTCTTCGTAGGTAGCCGCACGAAAGCGACAATGCGAGCGTCATTGCCTCTTCCCTTGTCCTAGCTGCTACCAAATTACAATGCCGTTTCAGGGCTTACCAGACAGGCAAGTTGTTCGCCGTGCGTCGCGTAGAGCTCACTGAGTGATATTCGTCACCACTTTCATTAAACACCTACAACCTGTATTGAGGTCGCAGATAAGCATAATCCCTTGTGGAAGTGACTACACCTGTATCCGGTATAACCTCCAGTCTCGTCGACATGCTTTTCAATTTCCGATAAGTCCCTGCTGTAGGCCAACCCTGGAGAGGTGCCTATGTGATATGGGGAGACGGTTGACACTAGGCTTTCGTCGCGGACCAGCGCAAAAGTGCTGGAGTAGCTCCTCTCTTCGCAGGCGAGGGGATTGGATGAATATTATAATAACCTATAGACTTAGCTTTTGCGCGTTTCCAAGTTACAATAACCCTTATGTCTTGCTACACAACTTGCAAATAGACATAGCTGCTGTCATATGCTTCAATGACCTCCGTAAGCGTGTTGGGTCCTGCAAAGTGGTTTGACAAATTTTAGCGGTTACCCATGCCACCAGAGATTCACTAGTCCTCTGAAGCTTCGCCGAGCATTGTCAGTGTATCGGGACTGGGTGGTAGTACTCCACGCAGTGTAAGGGTTTGGTGCTTTCGTCGAAGCATATTGAGCGAAACACGGTAAAAATCCCCGTTTCACCGTATCCGGTTAGAGGGCGCTAA,1283,49.65,Mus musculus
SEQ_753530,TGTTGGGGAACGGTCACAGACAGCATCTTGCCACAACGCATGTGTTTACAAAGACTATGAGGTCTCAGTGGGACGGGTTGCCTCCTTGGAAAAGAGACGGGTATCATAAAGCGTGGCTTCTAATGGTTTCGTCGATTTTATATCTACCTTTCTTGGCTAGCTATGACCTGTTCGTACACTGCTAACATTTGTTTTTGTCAGCTTGCATCCCCGTAGCTATGAAGCGCCTGCTCCGTGAAATAGCACAACCACGAGAGTAACCACACTAAAAACGGTTGTAGCCTCGCGTCATGCCGTGTATCATGCAGGACGATGGGTCCCGCGCCATATCGGTTGGTCATGTGAGCACCGCACAGGTCTGCCTAACATGTTCCAGCATGGAACGTGTTTCCTCCGCGGTACATGATTCAAGCTCATATTAACATTTGTCGCCCTCAAAGAGACCTAGGACGATTCATGTGCGATAACTGTACGGTTACTCGATCCATAGGACGCACCAGACACTATGTTACTCTGGCTCCTCCAAGCCAACCACAGCAGATACGTGTGAGGAAGTCGTCCTATATCTTTTTCACTTCAGCCTCGCAAGTAAATATCCCCGACTCCTAACACTCAGCGCACCCAAACTCACATCTAGCTTTTGCGAGCTAGCCTTCGCTTTTGTCATTGACCGTCGATGATCTAAGCTGCCCTTAGCTACGTGTGAAAGAAGCTTTACAGTCCGGGCTC,729,49.11,Saccharomyces cerevisiae
SEQ_153415,ATCCTAACCTCATTATCTGAGTTCATCTATAAGATAAGGTAGAGACATCTAGGTAGTATTTTTCTGAGTGAAGAGCCGTTGGGTTCTACGCGGGGAC,97,42.27,Saccharomyces cerevisiae
SEQ_437257,GCGTATCGGAGTCCGTGGCTTGACAGAACCTGACGACTCCGCCAATTCGGGGGCACAGTTGCCAATTATCACGCTACCTCGTGAAACTCAAAGGTGTGAACGCCTGGTGGATACTGAGCATACTTATTTTCTCCGGGCTAAACTAGTGCAACGCTCGTTATGTTCTGCTCCGATGGCAACAATCGGACCGATCGCTAGATGTAAACGCATGTTGACATGGACCGGGGCTCACCGTTGCAGACTGACGACATTGCGTGTTGGGAAGAAGCCATGCGGAGGTGAGAGAGTATGGGCACCTACGGGAGTGAGATAGCTAGACGGTGCCCAACAACCCTGACCTGCCAAAGTAAAATGACACAAATAACGACCGCCAATTGAAATTTTCTGAACGATGCGAGCTTATAGGTCGAGGTCTCGTGCAAAACTCTCAGAAGCTGGGATCGGCCAATGCGCGTTTACCTTATATCAACCTCTCAAATACTAGGTAGGTCAGGAAGCATGCCTAAGAAGTTCTAATCGGATAGAGAGGTGCCTGCCATTCTAGCGGGCCGCGACGCTGTTTTCAGTCAGCCGGGTTTTACGCGATGCTCCATACCCGCCGTCTATCTGGCCCATCCGTTAGGTTAGTAAGTTCCTCGTTGCGTGTGCTGG,651,51.92,Mus musculus
SEQ_340072,GGGCGACGCCTCGTATTTACTTAATCAAGATTTTATGCAAACCGTCTCCATACTCAGGGCGTAGCGCTCCTGAATGCCTCACGAAACAGGAAGCTTAACGATTTATAGTCGCCAAGATCCCTATGAACAGAGATCCAAAAGTGTACATCGTTTTGTAACTTCGAATAAATGGGAGCTAGAGCCTAGTGAGCGGTGCGCGTCAGATAACGCGCTGCCACGCAAGGATACGGGTCACCCGGAGGCATTATTATGACGTCCCATGAGTATCCCGCGCAGGCTTAGTTTGGCGGGACGCATGCCATCGTCCGTCACACGGTACTGTAGTCGGCCACGGACAATAGATGCGTGCCGACGTTATAATAAGGGGCCTGGCCCAACATTTCGGCATCCTGGGCTTCGGACCGGGTCGAACGCTGTCAGACCGTTAACAACCGAGTGATCCACGCGCGGAATGACCTGACTCACCGAGTACCGTAACCTCGAGAGGGGGGACTAGAACCCGCACACTCTTCGCTTTGACGGGTGGTTCGCCCGCAATATTCTCGAACCCAGTGCATTTTCTGGGACGCGAAACTGAAAACCCCATCATCTCTGGAAAGTGTCGTGCTGACTTGGCCAGGTTGGTCATTAATAAAGATGCTTTAAATTATAAGCTCAGTTTTTCTACGTTGTATGCCCTCTGGAGGAAAGACTTATATACCAGCGGGAGGTAGCTCTTGAGTGGATGACACCCCACTAAGGAACAACTCGTTATCCTGATAGCATAACTTAACTCAATCAGGGCTAGTCCTTATAAGAATACTCGCAGACCGAAATTTTCTGGCGCAACCGCGGTTTCGCAATATGGATAACGATTGGCGCGGAGCGAAAATCAACCAGAACAACGGGATTGAACACGTAGACCATATGAGGTTGTGACTTTTCTGCACTTCACTTTCAAAAAAGAACGAGGGTCCTGCGAGGGAGAGTGATGAAAGGACGATGTCTCGGATCGCTCCCGTACCGAAGCGAACGGACGGGACTCGAATCCATACCCCCCACACGGGGAGAACATCATCAGTCAATCGTACCTCAGACGCTTTTATGAGAGACGTCCCCCCCGTCTAACAGTCGTCATAGTTAGGGTCAATGGCGTACATACCTTTAAGGTCAACCACCTGTTGACTAGAGGCGAGGTTAGATCTTTAACACCGAGTTACATCAGGGCGTACAAGTGTATCAGTGGCCAGCCATTGAGAAGCATATCCTGACTTCCTGTAGACATGTGTGTTCTGGTCCCACTCGCGTGTAACTAAGCTGGGAACTTAGGTTCGGGGACACGGTCGAAGTACAAATCCGCGATAGGTAAGACGGTTAGATATTTAATAGTGTCAAGTTCCCATCGATCCTTTGTCAAGCACTTAACGTTCCTGTTCGTTCAATGGCTGCATAGTGCGCCCCATTCAGTTTCCAATACAATGTTTTTCTCATACGCTAGACTTTCCTCCTTAAGGAGCGGACATCCTAAGGTGACGATGGTGGCTCGGACGGTGAGCCCATTTTGATTGATGCAAGAAGCCGTACAGGACCTCTCCCTGCTTACTCCTGATAGAATCGGAGGGTAAGTTGAACATCTCCTCGGCTCCGGCACCGGTTCTGATCCCTAGCAGGTCGTAGTTTTATATTAAATAATTAGCACTGCAAACGTGTTTTGTGATCCGGCTTGTAGCACGTCGGTTTAAGGCTGACTCCTGAACCCCGCTACCGACACCATACTTATGAACTT,1765,49.69,Mus musculus
SEQ_998353,GGTATCAAATGATTGTACCCACACACGCGCGGCTGAACCCATCATCTTACATGGTGAGGGTAAATTTGCGCAGCCACCTTGTGCTTTCGTGTACGTGGAGGTATGAAAAAAATGTTTCTCACGCTGTACGGCGGTTGCGTAATTATCAGAGATGAATTCATAGTTCTCAACTGCCACGTCAGCATGGATGAACTTCGAAGGGGTATTTTGGTCGCCGGAGATTTAACATCTAATGGGTACGGACGAAAGGATATTATGCAGCTAGCTGGACTTTCAGAACCCGAGTGAGTTGCTACAACCTGCTGTATTGACTTATCCTTCGCAACGCGATAGACATGTGTGTGACACCTACTTGAGGCCGAGGGCATTTCTGTCTAAATTGATGTCCATGTGAGGCTGTTATAAGTTAGTTCCAAATTCCAGGGACCTACGTGTATTAGCGGGGCGTATGCATACCTCCCCGTTTTCTTGCGTTGACATTTAATTGCTAAAAGACCGTCCATCTCAGTCTTTACTCAGGCGCCAACGTGAGAAACAATCGGAGGGCACCTTCGAATATTATCAGTCGCGAGCCATAATGTGTGTTCTGCTAAGCTATAGGCCTACATGACTATTTGCCTAATATCCTCGCCCGAGGTGCTTAGACCATAGCGCTACTCTGGGTACGTGGTGCGCCCGGTGATGTTGAAGACGACCGTCGTGTGTCTATGTGTACCGACCATTCCCTCTGGCTCGTGCATACCCTGACATGTAGTACACACCAGTTGCTAAAATTTATCTCAATGAGAGACGATTACTCCTGGATCATACGAGGCAGGTTGATATTTACGAGAGAGTCTGCGCGCCGACGAGCCGAATACCCTTGGAAATCGTTCAAGCGATTCCCGCTTCCTCCCCCTTACGCTGCCGAAAGGGGACAGAGATAAAGATCTCAGGACAACCCGGATGATGATCCCGTAGGTCCCGTATATTGAAATTCCGCTTGAGCCCGGATGTGCTTAGAATTCGGATTGGCGGGATGCTACTAGCGGTCCGCGAGCTATTAAGTCATGACACGTTAGCAAGGACAATACGAGAGGACTGGGATTATGGGGGGCCCCATAATATTACGCCCACCACCGCCTTACTACATATCGTTGCCCAGTGGAGACCCCGTGCGGTCATAGTCGGCCACTCTTTCTTGAGATTGGGCTTCGACTAAGTCCATGACGTCGCCTTAGGAAAGTGAGTGACTTGTGACGAACTGGACGTAGTGGATTCTGTGTAACTCGATACAGTTACTAATGATAATGGTATTCTT,1300,48.69,Arabidopsis thaliana
SEQ_868355,TGAGAACGCCCTTGCACACTTCTAGCCAGGAAGTAATCGGCTGTGATTGCGGTCCTGGAGATGTTCGTCGCCACTGGAGGAGGCGCCGCCGCCGCGTACGGTCTGAAGCTTAACAAAACCGTTTAGGAAACCAAAACTTATAGTAGTCTGGACTTTCCCTTGAAACAAAATACTCAGGATTCCACAAATGAGCCTCACGTCAGACTGTTCAAATGTTGGCAAGCCATTAGTCTTGCCTAACCTACTAGTAAAGCGGTACCCTCAAACTGAGATGGCCAGTACGTCAAAAGAGGTAAATACCAGATAGAGTAGGCGTCGATCCGTGTACAATCCGGGGTGAACGCTCAGAGACGTACGTGGCAGATGAGGGGCTCCTGGTACTATTTGAAGCGGGAACCCCACCTAAAGGTCTTGGGTGTCTAACTTCGGCGCCATAGTATGTGAGCGTACTCATTGCGGCGGTCAACGTTGATCACGTTGTTACGTGTAAAGTAGCCTAACTAGAATATGTAAGATTGACACGATATTAATCATTATGTTCATGAATC,548,47.99,Homo sapiens
SEQ_206876,CTGGCGCTAATATCGCCGTAGCATCTTAATGATGATAGGATGCGTTCGCGGGATCGACCAGCAATGGTCAGCAGAGGTCG,80,53.75,Mus musculus
SEQ_967019,AATGTCGCGGACCCCTCCCAGCATCACAGATCTGGGCTACGAAAGATCGGGACGCATAACATGCCGACGACACAGCGAATGCGCGCCGCTTCCTACCGGTCTCGCCGTTGACTAGTGGTCGGGCCAACGTTGAGTATTGAGTAGTGAGTGACCCAGTATAAGGCTGGTCCACATTCTAGTTTTAGGCTAGTCACTCGGTATTTTAACGGGCAAGATAAGGCTTGTACGTTGCCTTTTCATTATATGATTAAATCCTCCCAGGACTGCACATGCACGAATCGCCCCACAACCCGGTAGCGTGTACACAGGGTGCGGATGTGTGGGCGACGTTGGCAGTCTCTTAGTACTCGTGAGGTCACTAGTCGTGTAAAGATGTTAGCGCGTCGAACGCTTCTTAGGTCGGCATAATCAAAGGGTATGAGCAGTTGCAAATCGCAAACGCGTGCAGAGCCGAGGATTAACCTAGTGTAATATGCTATACTTATTACTGAAAGAATCATTAATTACTGTTTGGCTTATAACTAATTGTTGGGCTAGAATGTGACCTGCAACGCGAGGTTAGTGCTCCGACGCCGAAGACAAGTAGCTTCGACAGGCGAGATCACAACATTGAC,614,49.51,Saccharomyces cerevisiae
SEQ_575883,AATCTGACCGGACTCACCGTGCCTAAGTTGGTTGGAACGGTAGCAGAGCCCAGAGAGTTACGGCGTGATAACGCCAATGTTCTAAGTTGTCATTACTTGGTGCCCGAATGCCCTTATAGTTGGGCGTGCATCTTGGAGCATATCTAGGTATGGATACTCAGCGCTGGTTGTTTAGGTATATGCCGAACGGGATCTTCAGTCGTGTGTTGGTAGTATCTCGCTTATTCTGCGAGCCGTACGGCAGTCTAAAATTGAGGCATGCGCCTAAACTCAGTAAGCGCGTCCCCAGCAGAAGACCTTCGGTACGGCGCTCATCAGACTGGGACATTGCTCCCTGGACACTGGCCCCGGGGACGCATGGTAGTCTGGCGAGAGTAGCCGAATCCGCGTTAAGTAGAGGAACCGTCCTATCCTGAACAGTAATGCATCTGGTCGGGAACTCTTAGCGCGCACGGATTGGATGCACAAGACGAAGTGATAGTGGTATGCCCATAGCGTTTATGCTCGGTAGTCCAAAAATCATGCCTTCTCGTTGAGCGGATTCGTTACCGCCGTACTTAATTTTTGTGAGGTTAATCGTAATAATGCCAAGTTATCCAACCACAAGAACAATTGTGGATGAGGGTGTGAAATACTGGGCCAAAATGGATTCAAGCCTGCGTACAAAAGCGACCTCTACTCATAGACGCGATAGTGAAGCGGAAATCAGTCCTCGACGTTGTCCGACATTTCGCCCACCTCATACGCTAGATTTTGTATGTCCGCTTCCTGCAAGGGATCTACTCTTTTATATCGGATCAGTACCCGGTGCCATGCGTAGGAGACCGGGCATAAAAGCAGATGCATGATGAGCGCAATCGTATCGCAGT,869,50.17,Caenorhabditis elegans
SEQ_596298,GAGGATCTAAGGCGCCTTCCACAATTTTTGTGGTCGCCAATTTGCGCGCAGGGAGGTATGAGTGGACCAGAATCTCGGGACCGGGCCACTACGTTCGATCGGTAACCATAAATCGCCCGGCAGTACGCTTCCTAGGTCAGTAGATGCATGCCAGCTGACCATAAGTTGAAAACGATCCGCACCTCTACAGTATCCAGTGCGTATCTGGCTGGTGTACATTAATCGCGATCAGACCGGAACTCCAGTTGGTGGTGAAGAATAGTAAAGCAAGGCTATTCTATTGTACGGCGCTCGGGTCGTCTTGGGTAGGCCGCCTGTCAGATAAGGGAAATTCCACGCTTCAGCGTTGAGGAAAATGTACCACTGCGTACCAGGTTATCTCTCTGTGCCCC,392,52.3,Mus musculus
SEQ_626033,GTTCCTTGGCGGGCGTTACATATCACGTCTTTCACTAGTGTCTGTATTACAGTACGACTTTAATCAAGGATCTTTGCAAAAAGACTTTGTTAACATATGCGCTGTGAACACTAGTCGCTGAACGGACGTAAGTCCACCATCGAACTACTTCTCCGACGTCGGTGCTATTGACGTGTACTGTCGATTAACCAAACGCGGAGGTGCCAAACCTAGGACGACGAAAAGGCGTCTTACACCCAAGAAACTCACCAGTTTTGCCCGTACGCGCACCTACTAATGACATAGAAGCCCATCTTAGGAGTCAGTAGCGTATGTGCGGGTAGAGCGCACTGCACGGGAAGGGGCAAAGCAGTATAAGCTTCGTCTTACATTGTAAGATTGTCTCCGCATGGAATGTTCCAGGGCGGCCGGTCCAACACAATAGATTATTGTGTAGCGCAATGAACTATTAGTGACCGGAGTTTATCTCTCTTCTCGAGGGAAACTTACCAATCGCGCACTGCCGGCAAACTTCGCGCCAAGAGGCAATATGAACATCATTGTTTCAGTCTGTATGCCTTGACCTCACCATAGCACGGAATTCTCTAGCACGCTCTCCATTGTAGCACGAGGGTCGATTTCGCACGAGCCACTTTGAATATCCCCGGCCTGAGGAATACGCACTTCAGAGCCACGACGCGTCACCCAAACTAGAAGGTGTGAGCAGCGGCCCAGCAGGATGCGGTAAATCGACCGCGCAGCCAGCTAGCCGGCAATCGCTATACCTATAATGTTATTGCGAGACTTGAGCTTGTATCAAGAAGATGCACACGCTTCACGACCCCAACCTTTACTCAAGTTCTCTATACATTATAATACCACACAATCTGGCCTTTGTAGGTGCTGAATTTACAATTGCATCTAAGAAACGCCAACTAGAATCACGAGTCCGTCCGAGACAAGTGGATTAATCTGGTCTAACGACATCTCGCAGCGAGACCCCACTTAGTGCATCAGGCACTCTCATTGGCATGCCGCATCGGGACTTTTTCAAATTAGGTTCCGCTGCGAAGGCTTCCCCCGGTCGCCCCCCACCTTTACGGTTCCCTTTCAAGGGTACGGTTTGTTCTATTCGCAGCAGTGTATGATGCCATCATTGCCAGCGAGAACGGATCAATAGCGTAAACTTCTGAATGCAGGGAGTACAGTTGGTGTCTAGTACACTAACTACGGAGGCTAAGCCCAACAAGCTCATGGATCTAACCATTACTTCGGAGTGAGCTGTGGGTGCCATCGCTCAGCCGCGACAATGACCAAGGGCGCCCCCGGACCCCCCTATCTAGCGGGTAGGTTCGGGTGTATCCTTTCTGTTTATTATGCGGCGCTCATATGAACAATAGCCCAGACTTCCGTTTGAGTGACCGTTACCGACAGTTTATCACCTGTGCGAAATTTTGGGAGGAAAGTGCTAGATCATCAGTTATAAATAGTATGTTTTGTGGGCGTGGACTTACCGCGCACTGCATTGGTGCAAACGCGAGGGGACTCCTTTCCAGTGAGCAATGCGATCGGTCGGAAAGAGAACCAGTACCTACTGCTTTCCAAATGAAGTTCCATCTACCTAAGCCAGCCAGTCTCCTCTTTTCTGCGCAAAGTTGGAAGCCCTGTTCAGAGATTTTCCCAGATGTTCCATAGCGCCATTGCTACAAACCCCTACCGCCCCATCGGTTGTCGTTCTCGGAACCTAAGATCCCTCT,1736,49.83,Arabidopsis thaliana
SEQ_943256,GCCGCCCTCTTTGAACTGCTCGATTGGCGTCGGAAGGGCAGTGAAGTTGTGGGCAACCGGGGCACGCTACTCGGTGTGTTTCCGCCCCATGGGCCTTGACTTCCTGCGGAGCTGATCCAACGTTACAAATAATTTCCAGGCCTACTAAACATTTTGAGGGATTTCATCACGTCGGCCCGATTATTTTGTGGACTTTTCTCGTGTAGGATCGTTACGAGGCCTATCCTTGCCTCGGTTGTCCGGGACGCGTCAACGCGGCCCATGGCTGGCTTTCATATTTAAATTCTATGCAATCATTTGAGGGCAATACGGAGACTTACGTACGCCCTGATCTCCGGATGGTCAGGCTTACCTTCCCTAAAAATCCTCCCGAGATCTGTCTGTACGATCAACGGGTCGTACTACGTCGCGGGAGCCCCCCGATTGCTCACAAGCCGAGCGATACACGCATGGAGCCAGTGACGGCGTTAAGTAGGGTGTGTAAAACTATGCTCAGCCTCGTGCCTGTAGGGTTGATGTCGCCTTCGCTATCTGCTTGCTATCCCTCATGACAGAGATAATGACGAAGGCCACGTAGGCTTTACTAAAATAAGGCGTTTCACGAAGTGGCTTCAGAACCGACGTCAAACCCGCTGGGTGTTCTACGAACCTGCGCAAGAAGGTATACCAGGCTACGCTAGTACCCTTGTTTGGGCACTGTTGCTATGTATGGGACCTTAATTTAAGACTAGCTACGACCTTGGATCGCGACACGGTCCCGTGATTCCACTTCAGAGGTTGAGCCCTGCCTGCACATTGCAACATAAACAAAACTCTTCGAATATAACGTCGTTATGGCAGAGGAGTCAGTAAACTAAAACCTCGTACTGCAACTTAGCGACGTTATCGCCTCGGTCTTACAGATATGAGATGAGTTAAGATCTTGCCTGGCGTCAGGCAACCATCAACAGAATCTGAGATCTAAGAACCTCGTAAACAATAGAAGTCGCCTGTGGTTGGATGATGTCTCGGACGCTTGCTGGTTTTGATGTGGGATTCCAAAGTTGCCTACTAGTGCCTATTCTTGTGTGGCCGCCAACTAAGAAGCGGAATAAAGTGACTAGGTCCAAAGAACGCAAAATTCAATTAAGTTGGGCACAATGGCTCTAACCAACTAAGACGCCCCAGGCAGCTTGTACCAGCGGATCTGCCACTCGACACTCTCGGTAATTCGTCCGGTTGCCGACCGTTCCGAGGTCGCGTGTTGACCACCGTAGCTAGAGCCAGATGATTATCAAACCTAAGCACGTATTACCAGAACATAGTGCGGCTATTTCTTCAAAGCCGAGCGTTAAAAATCCGGCTTGCCATCTCGAGCCGGCAGTGGGACGTATAACATCAATTGGGCTAGAAAACCACTAAGACTGACAGACTCCAGACCGGACCCCCTATTAAGGACAAGATTGCTTGTGCTTGAATGTTACAGATTCGTCTCGACCGCAACAACAATTCAAGCCTTAACAACTGCCTGGATTGTCGACCCTTGTCCGGTTAGACGTGTTGAGAGCTGCCTCGGATGAAGGCGGGCTGTGAGAATCCGCATCTTTTAGAATAGGCCATCTCTAGGGACCCGAGCGGGGCACAATGAGTGAGGCCAGGCCTCTGTTAGTCGATACGAATCGATCTTGACTTGCCTGCACTATACGTCTGATGCAGTGCTAGGACCCTGCACGGGTGTCTCTGATTTTGAAGCGGCGATACCTTGCTAAGCATCATCATTTGTCTGCTCGGATATTATTGTGGAAGCTGCCCAGAGATTTTACATTTTTATTATTTTAAAGTTATAGGTGAGTAACTTACGATCATAGACAGCACTTTGCTTCTGCCGGGTCA,1872,49.79,Saccharomyces cerevisiae
SEQ_610938,CCTTAAAGCGTACGAGGCCACGCCTAAAACGCATCGCCTTTGTGGCGAGAACGTTGCCGGCCATAGAAAGTATCGCGTATTTTGTAGATCAACGTCAGGCCGACGGGTACTAATGATGTAAGTTGATAGTTTGCCAACGTTTGCGTAATTAGCCTGACCGTACCAAGTAGAGTGAGACGCGGTACAACGCTGGCACTTTTACTTGAATACTTGTTCTGGGCAATTTTCACTTCTTCAGTACGGCGGTATGAGCAAACTGACACCACCTGTATTCAAAAAACTTTAGCAAACTTAAACCAGCGGTAGGTCAAATTCGTGATGACCGTGTTGAAACCGATAAGGGCACTAAAAATTTGTTGTATACATCCGTGAGGAAGTGCTGTTTGACAGGTTTGCGTCGTTCAGCTGTATGTCCGATCGCATTTTGTCAATCACCGAACCCAACAGCTACTGCAGAGACTAGGCACTGAAACGCACAAAACGGCCGGCATTACTATGCACCAACTGCGCGTAGACCGGTGAGGTTTCGTAGCGTACAGAGAACTTGTGGGAAGATAAAGGACGCCTATTTTCTCTAGTCGCTAGTCACAGCGATGCTTTCGAAAACGCCGGTGCGGAGCGCACCCCGATCCTTGCTGACAAGTTCCTCTCAGTAGATGATATGCCTACAAATATCATTTTTTAGTCGCCCCAATCTGGCGTCTATTCATATCCCTCTAATGGCCCGGGGCTTCACCCATCAGCTAAGAGATTTGATTTGACTAGGCCCCAGATATCCTCAGCGGAGAATCCGCGTTGGTTATGACCCGACACGAGGAAGGGTGGGGCGCAATGCGAAATATAAAACCCTTTTCGTCGAACATATGGCCGCTGGCATCCTAGATCACGGATGGCCAGTTTAGAGCTGGTAACTCTTAGGCACTCCCGATCGCACTCCCAGGAGACCTCTTCTAAAATCGTAGATCGACCATAGACCACTCGATCCTGGTTATTTATCAATATGATCCCGCGAAGTCTACCTAAGCTTGGCTACATACAAGAGGGGAAAACCTATTGGGTTTAAGACTTGACTTAGGGGTGAGCTGTGCAATTAGCTTAAAGACTAAGTCTGATCCTGTTCTCGTTTGGCGCGATTCAAGGATGAATAAGGAGCACTGTCGGCGCGTCGATCGGCTACCGGTTGCTGCACAGTGAGGAATACGGGAAGTTGCTACAACGAGGGTGGTAGGATGTGGGTCGAATCCGGACGTATTGAGAGTTACCCTACCGCCTGGGTCTAAGGGTTTA,1287,48.72,Saccharomyces cerevisiae
SEQ_942953,GTCTTATCTTCCCTTGATCAACGGCTAGAATGCTTGCTTCACAATTACACCGCGCAGAGGATCGACACACCCTCGACGAGAAACCGGGAATAAGCCATCTTGGGTCAATTGCCAAAATGTTTATTCATATGCCGGGGTCCTTGTCTTCAGGTTTATATGCCACGTGTCTGGTTTCCAATCGACGGAAAGGAACTGGGATGGGAACGACAATCCGCACTCTTGGGTTAAAAGTAGCGTTCACGGTATTCCTCACGGTCTATGACTAGAAGGGTTGTCGGCGACGAAAATGCGTTGACCTGGTTGAATGTATTTCCGGAGCAAATCGGATGGGACTCGACTACGTCTTGAGATGGTGCATTGCCATACGTTGTAATGTCCAACTTTTCGTAACCCTATATAGTTCGAAGCTGCGATCAGCTTGTTGGAACTCGCACACTCTAGAATTGACTAGACGGATTACCTACAGTAACAAAACTAACGTCGAGGGTTTGTAGAGCATAAAAAACAGAGCGTCGAGATGCGGCAACACCGAGGTCTGATTGGCCTCTCGATGGATCGCAGGCTACTCGAACTTTCCGCAGACCGTGATTTTTGGTCCTTCATTCACTCCAAAGCTATTGGAACGGAGTATAGGAGGCGTCCGATAAAACCTTGTCTGCTTCAAAAACGGCTCAGACCTCGTTGTTCCACCGGTGAACGAAACGCTTTGAGGTACAAATTTAGTGTCATCGTCGCTGTAAGTCAAGTCTAAGCCCCATGGTCCCTGCAGCTCAATATAACGTCCGTTCCCCTACAAATCCCGTTACCTTGTGAGACTAAAAGGTTGTCAGGAGTCAGGGTGACCCAACTTCTAATGTGAGATACACGCCGAGTGAGCTCGATCGTTCTTCTTGACCACCTGTAATACACACAAGCCTGTTTTTAATGCAGGCCCCCATCGGTGGAGACGTGCGGTGACTTATGATTATGAGCAAGGCGAACTGGAGGGATAATCCAAGGAACACGTGCCAACAAATGCCTTGAGGTGCAGGTGTAATCTACACTGTGTTGGATCCGCAAGGCTATCTCGCACCTGCCATTAGATTCAATTTTTTCTAGCTATTTAGCTTGGGATGTTGCTTTCGTAAGCGACATTCCCTGTTCCGGGGACATCCACCCGCCTGAACAATACTTCGTGCCAATGTGTACTACTGACTCAAATCGATCTGAACAGATCGTTGCAGTTGCGTACTGATGCGTTGTCGATCATGAACTTTGTGAGAATATAGCCCATCACGTTATAGGACCGAAGCTGAGACTACTCCTTCCCAGGAGTAACGTCAGTGAGCCAGGATCGTGCGGGTCCGGAATCGTACAGTTTACTTGATTATGGGGCACTTAATAGGGATTCAACCTGCGAGACAAATTATTCTTCAGATGGGAAATCAATACGTCCGATCGGGCAGTGTTTGGACCGCGGTCGGTGTAGCAGCTCCCATACTCGCTGCGGTGACACCGGTGCCGGTATTACCGCGTGAGCGGGGGCCTAATGAAAGTGCGATCATTGGCCCTGCCGCCTCTAAAGTAGCAGTAGAGTAACCGCAGTCGCGGAATTACAAGGCCGAAGGCAGTAGGCCTGCCTTCAGTGGCATTTTGCGGATAACTGGCTGTGTCTGCTGGACGGGATAGCTGCACTTAGTATCACCAACGGGACTGTTACGTTTGAACTCAGATGAGCCGTTCACACGTGACAGTCAACGCCAATATGAAGAGGTCTTTTGGTCCCTTGTGCGGTTGCCAGC,1781,49.3,Escherichia coli
SEQ_546649,GTTCACTTCTCAGATTCTGGGCCCACGCAATGACCTACCTCGAAGCAACTGTGAACGCCAGACTTCGGCGCATACATTCGTGGCGGGGGGGTTTTCTGCGACCGGGTGTTTCCTGGGGCGCGCTTACGAAGAGCCGTGTCTGAATCACTCAAGAATAGCTTCGTATTAAGATTCTGAGGAGGCGGAGGTGGTACCAGGCCACTTCACTATCATTCTCGTAAGCGCCAGTTTGTAGGCGCGCCACCCAGTTCGAGTTTGGAGCTATCTAACATGAAGTATGGTAAGTTCGCACGCGGGCTAATTTACTGTGCTCGTTATCAAGCACCAGGGCCGGATTCCCTCGGCTCAAGTTACTGGTTAGCGAATTATTTGATATCCAATAGGTTTTGATGCGGAACGGACACCATCGTGTTGTGGAATAATTAGGATAATCATTAAATGAGCCATAGTTGCCAATTCAGCGTCTCGTAGTACGCTCACAGTCGGTAGACCACCAGGGCTGGTGAACTGGATTAGCGTTGAACCGCCGAAGTAAGGTTAGACGGTGGGTCCACTTACGAGACACTGGCAAGTAAGAGTACCCCGGAAGAAAGCTACACCCGGGGTTGGTCACCTGTCTGTGATGCAAAATCGTTCCTAAGAATTAAGAATCTGCTATGTTCTAGTGAGATGTACCCGCATGCCGTCGCAATATAATTGAAATCTGGTCCAATCCAATAGTGGATGATTTTACCAGCGTAGATGCACAACCCTTCAGGTAGCTATCCAACGGCTGCAGTCGATGTTGAAGGAAAAATTTAGTTCGAAAGAATTGTGAGAGCCAGGTTCCTCTGTAAATTAAACCAGCGGTAGCGAGTTTCCGTTATCCGACAGTAACTGTTGGATGTCGGAGGTTACAGCGCGTCGTGCAGTGAGCTAGCCAAACGTAATACCTTGGAACACGTCGTCTAGCCGACTGTGGCAATTCGCCTGATCATACCATGGTAATCGGTGACTGTGGGCATCGGGCCAATGCTTCGGGGCGCTAACCCATTTCCGATCAGGACGCGCTCTCGTCGTCGACGAATACCAACACCCCGTGGGCATCACGCCACCGGAGTACTAGCGGTCACTCTTCCGATATAGATAATACCCCCGCCAGTAACAATTTTGCCACGGGAAGGGTGCTGATCCATTATCCGGGCCGAACGTATTCCTGGCGTGCTACCCATCATCTCGTCTTTACCAGTGTTTTTATTCAGGCATGGGAAGTGTTCGAATTCTCAGAGCTATAAGCTCACGTGGTAGCCTTTAGCCTTGAGCACGACGTCGCGGTAGCACACCAAGTCGATATCTCTTCCGCATCTCAC,1349,50.48,Mus musculus
SEQ_961820,AGGATAGATACAGTTTGGAGACATCAGATGTCCCTGTATTGCAACAGACCTGAGGGCACCTGATATGGATTCTCATGCACGTAAAAGGCAAAGCTTAAGTTATACTACACTCCGCTAAGTTAACAAAAACGATAGTCAGAAACTTTGCCACAAATATGTTAGGGTGAGTTTACGTAACGTCTAGAGCTGCGATCTAAACAGGCACTGTCCTTTGTCCCGAACCCTGCATGCTACTTAGGGGAACGTCCAGCCTACCTGACACTGTAAAATGGCGGACTGTCGGATTCGGTTGGCCGCTAGCACGAATGAAAAACGAGGGTGCAAGCCTTGGGATCGCAGACTAATACTCGGCTCCACCAATATTAGCGCCCATGTTCAGTGCCGGACGATCGCCTATAGGAACTACCCACTTTTGGTTCCTCTTAAACCTTCCTCATAAGTCGACCAACTGTTGGTTACGCTGTTACTTAACAACGAAGTCTGACAGTTGGACGTGGACAAACCAATGACTGGGATTATCCCCTATAATAAGAATAGCGCTACTCGCTGTTGAGGGTCTGGCTTCCGACGGTACGTAACCAATGGAAATACGTCATCGTACCATCCATGGACTGATGATACCCAGAATCCTCTGTGCTTACTGTAATCGACTGTCATGGGTATCTTAACCGTACTAATACCTGGGTGAGCCCCGGTATTGACCTGGTCTAAACGCCCGCGTCCACAAACCAATATTGTCGTCTGCGGCCGCATATACATACGCTTATCTAGAGTTGCGCCAACAGCGTTCACCCCATCCGGCACCTGGCCGACGCTATCGCCCATGAGTTCGTTCCGTAAGATTGAGCCACAGCCCTAACGTGTATTCTAAAACGACGCCATGAGAGTGGGTTGATGAGGGCAAAAGGTCGGAGCCTGCTAAGACTCAATGTGCCTCAAGGATTGTCTGCAGATGCTTTAAGGGCGCCTGAAGTATTTGACCATACCAACGACAGTTTAGCCTAACCGGTTGATGGTCACTGCATTACCACTTGATACCGCTACTGGACCAACGTCGAACACGGGTAGGTCAGGTACATGAAGCTTGTCACCTGACGCTGTAGCCAGAACGTAGATTTTGGGTTTTCCCATGATGCCTGATGCCCTATGATTTAGGGAGCCGGAGGCAGCAGCGAAGGAGTCGCCTTCCCGCTTAAAGCGCCTTTCGCACGTTAACATACTTTGTCATCGAAACCGCACTCAGACCCGTGCGTAGTTATACTAGCGTGCGTCGT,1274,49.45,Arabidopsis thaliana
SEQ_779312,TGTTCTCCACCTGTATTATGTGCTGACGCTACACGTGGCACGCCTACAGCGACGCGCATCATCTAACACTCTGGCTCCAATGAGGAGAGGGGCCTGCCTTGGGGATTTAGGGCAAGACCGGGGTCATGGGTATCAAGATACAACGGTGAACCGGGATTGTCAAACGTGTAACGGCCTCATCGAAAAACCAATGTGCGCGGGGGCAGGCGAGTGCACGTGGCGGAACCTCATACCACCGCTTAGTCCCGAGGGGGTATTCCGCATTATAGTCACAAAAAGTGTGATTGCGGTAGCGGGAGAGTTAATCACCTCGGGTAGGATGTTCGGCCTAAGTGGATGAATATAAGCGTCGTGTTAGTATTAGACAGTGACCTTACTCATTGAACCTGCCACATTTCCGGAGCATCGCCCGTTGAGTGGCGTCAGTCCCGCTTCTGACCTCCTCCTCAGACTATATCGTGATGGGACAGGTTGCGAATGCCACGAACTACTAAGTACGGGCGTCTTCACTATTGGCCCCGACGGATCAGGGTGTCTGTCCCGAGATCGGGACTGGAAACCATTGTCATTGTCTCACTAACCGACACCAGAGCTCGGGGCCTATATGAAATCGCCAGGATCTGTCACCAAGAAATCCGAGGAGCTCTGTGGACGAAGGCGTGGGAGTCGGGGAGCTCTATGGGCGACTAATGTCACAAAGTTAACTAATTATCGACTTCTGGCTATCTTGAACCAGTTTGGCGGGTACACATTAGTCGGCCCAATCTTCGGCCTACTACGTGCATATCGGCGAGCCTTAAAATTCCCACTGTCGTTTCACGTGGGGCTGTGAAAGTTACATATCTGTCCATTGGAGTGGGAGATTTACTTCTTCTATACCCTTTTGATCAGCGCCAGTCCGGAGTGCTGCCGTTTTAGGCGGACTCAACTTACCGTCAGGTTTGGCGCTACAAGAGTGAAGGTGGCCCTATTGCTAACGTGAGGAGGGATCCGGCAGCAGGGTTTGGAAGCCGATTTTCCCTCTAGGTACGGTGCATGTCAGTGGGTCGCTGGCTCACTAACGACGTTTCGGGAGTAGCTGGAGGCCTTACATATTGCAGACTTCGTCCTGTCCTGCGCGATACGACGATGTATTTGCCGTGGATCGCCGGCGTCCTCTCGATTATATTTAAGAATTGTAGCCTGAATCCTGTTGCATCGGGTCAGGAGAGAACAGTCTGCTTCTAGTACGCGGCACTGACGTATCGAAACCCTAGACTGAGTCTCGTGATACCCCCAAGACGAGGTTCGCGTCAGGAGTAAGCTGTCGTCCGCGGGCATTGGAACACGCTCCTTAGGGACCGGTGTAAGGGAAATTGGGAGATCTGGACTCGTATGCACGTGTTAGAACTACACCCGGGTAGTTCAATCCCTTCCGACCCAGGAGCGCGTTTGACAGCTTTCTAAACCTGATAAACATAACACGAGATCTGGGGACCTCATTGTCCTTCCTTTAATGGAGGTGGAAATATGGAACTGTGTATATGGTAGTAAGTGTCTTCGAGTTAACCATCATATCACAAAGATGATCTCGGGGGCCCCACACGGTTCTATTAAGTGGCGGTAAAACTCAATTTACCCTGCAGTCAGAGGCAAGGTATAGTAATGAGCAATGAGCTAATGACGGTATTGTTAACGCTAAAGTGCACCGAATCGGGAAGCAGTTAAATTTGGCGCTTCCCATCCCGGTCAAAAACGCCTCTGGCCTGCCCATGAATATATATGACGGTGCTTATGTGGTAATAATGTGCAAGGCCTTCCTTCTACAGTGATCAGTGTCGGCTGGTATGCGTTTGAATCACCTGCGCCGACTCGCTCATGTAGGTCCAGGTACGTGGAAACGCCCTGTAGGTTAGAGCCAACACCGAAGACGTTGCAACGACGTGATCCGCTACAGAAATCAACGGTTTCTAGTGAAGTGGATGTCCTCCATACCGCCCACTGTTAATGAAATA,1994,51.3,Saccharomyces cerevisiae
SEQ_738355,CGCACCGCCCGGATTCGTGGGCGCTCGAACAACGCGAGCCCTAGGATTGGGCATAAACCTGTACGCCGATAATCCGATCCGTCAAACACGGCGGTCTATCAGTGCTTGGAGTCGTACTACGATACGAGCTGAGGGACGCAGCGGTCTATTTCACGTATATCCGCCTTTCTAACTTTCGACGGCCCGCCTATTCATCTTAGCACTCTACGGATATGTGGGAACCA,224,54.91,Mus musculus
SEQ_534852,AGCTCGGGTCTTCGAAGCCGGCGCGCATTTCAAATCGGCCCGGATTCACCAGTAACCCGTAGAACGGCCTAGTTGATTTTACTCCGGTTACCTATTCGTCAAAGGAGAACGATCAAGTCGAAGTCAGTCATCCGTTGATATAGATGACTGCGGGATGGTCTCCGCGGGGATAAACAGGAAAAATCACAAATGAGCTAGACGTTATAACCATATTTGACTATTTCTCCTGTAGCCGCGTCCGCTTTGACTCCGCCAATTCAACCAAGCCGGCGTTGTGGAAATTCGGTCCTGTCACCGTTAATCTGTATAGGCAGATGGGTTCTTAGGTCACCAACCACGCTCATATTGGGGTATCTAACAGTGCCCAATGCCGAGCAGTGAGACTCCGCTCGTGAACGGGG,401,50.62,Saccharomyces cerevisiae
SEQ_367438,CTTCTTGCCTTGAATACGACTGTAACTCGGGTTTCATCGTTATCAATCAATCTCTTTAAGTTTGGAGAAGCGCGCCATATGCAGTACATATCATATAGACCACGGTATCTCATATCATCGCCGTAATGCCGGCGCACACACAAAGTAGAAAAGTGTGGACTCCTGTACAACTCTGCATTACGACGTCGGTGACGATGGGGCGCAAACTTTGGTACAAAACCTTGCTTGCGATCCTCCTTGCGAAAACTGTCTTCTAAGTCCGAGAATGGAAGCTCGGCTCGGTAACACGCCCATGACAGTGGAATGGACGGTTTCGCGAATTCCACCGTTCCTGGTCCGCCGTGCACTGGCACTAGTATCAAAGAATTCCATCGAGCTTTATCTGATTTAGGGGCTGAAGGCATTCCACAGGTCTTCTCATCTGGAATATTAGCGGGTAGTAGACGTCCAGA,452,48.23,Saccharomyces cerevisiae
SEQ_886052,AGACGCCACAAGCGTGTGTTTAGAAGTTAAAGGGTACATCACCGGATACAAACTCAACTGGAAATTGAGACGTGCTTGCAAAACAGAGAGTAGTCTTCAAATACACGTCCTTAGGAACTCTCTATCTAAGCAAATGGCTGAGCACGACTATAGTAGGCGCATAATGGTAATTGACCCGAGCGCCTTGGAGAGGATGGCAGCAGGTTGCACACGCGCCACGCACAGGATATAGGACCTCCGCACCAGCGGCGGTCAGGCCTCCAATCGGGTATGGATCGCGTATGAAGTAGTTAGATTGGTCGTAGGCACGGCTTGGCAGACCTGTATCTAAGTCGCATGAGAAAATTACAAGTGCGTACCTCCGGCGGGAAGCGAGTGACGTAAAGCTTGACGCAATGGCTCACACCGTTATAGACTCCTCTCGGTATGACACGCTATCTTCACGTTTGCAAATGAGGCGCTCGGCATTCAGTAGCGTCCTAATGATCTTTTGAAACCCGAGCTTGCTCTAATCTGGTCGAACCGGGGATATGGTCGGCCCGGTTCGTTTGAAGCAGACAACCCTTCGCCGCTACGTAGACTAGGCGGAAAAGAACCTAATACAATCGGGACTTCGTCTCGTGGTGGCGTTTTTTTGCCGGAGCGACTCGTGGGCATATATTGAGAAGCGCCAGTGCCATTAATTCGTAGCTCACACGGTGACTCTCGACTATATTGAGTTGATTTGCCGGTGAAGTCAACAAAGAACCTTGAGGTGGCAAATGGACGCGGTAACTGCGCGTGGATGCTTACCATTTGTTAATTAAAAGTTTCATGCTCCGGATAGTGAGTACTACGACTCGCGTCGGGATCGACATTACTGTATACCCAATTCGATCCCCGGTTTCGGAAGCAAGTTCATAGGTTAGCGAATTCCTAATTGATCATTCTGAGTATAACACCTGATAACCGAGCCCAGTTACCGAGAACAATTTGCCCATGACCGCATTTATGCCTATTTCCGTTACATCCTGCTCTCCAGAAGCTCCCTCAAATGGCAATTATGCGACACTCATCTACGTGTGAATACAGAGTCGGTGTCATCGCACTTGTAGCTCGCATCTATGGAGACAACTCATTCTCTACTCCAGCGGACAATATTTATGAGTTAGAGATTTTTGTTTGCTTAGTGACTCCCCAGCTGCCTCCGGACTTAGCTTGCTGAAGTAGTGTGAGTATAGGTTCCATAGCTCGAGGTCGGGGGTGCTGGAGATAATGACTACCTTTTAGAATCGAAAATTGCCCGTAGACGGGAAACATGTTAAATCCAAGGACGAAGTCCATGTATAGCAACCTTTCGATTTCGCTCTCTTGTTCTGTAGGTGGTACTAGAAGCAAGAGCTCAATTCTTACACTTAACCGGTCGCCCAGCAGCTACCGGCCGATCTTTCCGGCGATAACACAAGAGGCGCAAAAACATCAGCAACTCAAGGTAATGCCCGATTCTTCGAAGAGCGCCGATAAATGTTTAAAGACGGGCTGTGACGTCGTTTATACGAGATTTCCTCGTAGAATTTTGTCTAAGCATCCCCTATGTGATTCCGCAAATGCACCTACGGGTCAGCAAAGAATTTCACTTGTTCGTAGTTCTACATCTAAAGAGCCGAGGTCCGTAAGTCTGATTTAGATGGCAGATTCTTAGGTGTCTAATTAGATCATGTCTGAATCGAGACAAAAGAGCCTGATCCGCAACACCAGAGTTATTCTTCTCTTA,1753,47.63,Arabidopsis thaliana
SEQ_573134,TTACCGCAGGTAGAGCTTCTGACAGATTTGTGTAGCTGTCGGGATATTGTGACCAGCCCAAATGCTCTGCCATAAGCACCGGGAGTGGTAACGCGTGTGAAGCAGCACCGAATAGCGATCTCGATAATATCCGATTTCGAAGGACGAACATAACAGGTCAGCAGGAGAGTTCGGAGTCGCACTTGCCGACACGGCAACAATAATCACGACGGAATCGCGGATCGTTGCTCTGGGCGTAGGGGAAGGCACTCATAGGCAGGGTTGCGAGTTCCCGCTCTGTCGGGTCATGTCAATACTAAACTCCGCGATGTGATCTGACAGGCCGATGAAAGGAGCGGAGTTAAAATAAGCTTTAAAGTCACACCCCACACAGTCCTAGCTTTTTATTAGAACTCCGATCAATATCGATCTGGTACCCTAACGCTATCTAACTTTCAGGATCAAGAGATACTTCGGTACGTACTTTCGAAAGAGATCGCTCGGAAGTTGACTCTGCAACGCCATGAAAAGCCGGTATGTTCCTATCTATTCTTCGATATGTGTGGACCAGACAACCGCCTCCCGCTCATCACAGCTCATCCCATTGATGTGCAGGCAATGGGCACCCCCCATCTGTGGGGTACTTAGCGGCCTATGGGAAACTGTATGTTAACAGCTAACGTTAGTAAGTAACGTCGGAGGTCATCACCTACCTTAACCGCGTGGGTCGCGATAGCTGCAGCAGGCCAAAGTAGTTTGCCCTGGTGGACTGCTGTAGGAGTGAAGCCGGGGGCGCGACGGATTATGGGTCGAAACGTGAATGCCTTTTATAGCGGGTGCGCTCACCACGCAGTCGTTATGACGTAGCGTTAGAACATATTATTAGGTGATTCCAGATGAAAACGTTTTCATTACCCCATGAGGACATATCTCGAAAAATATGGCCGGCTGTAACGCCCGGAAACAGTATGATCGCAGATCTATGCGGGGTAGTGAGCCGTATCTCATCACTCAGTCCGGTTGGTACGTGGATGCGACCATTGCCGTGGTACGTCAGGTTCATGCTGTCGCTACACGGGTTGGTGTATTTAATTTCTCCCAGTGAGCCCCTGATTCTCAATTTAAACCACCTTCTAAGGGGGCCCCTCCGAACACGGTCTTAGGGCATTCACGTTATGGTTCAGTTAAGTCGCTGATAGACGATCCTTGGACCCTCGGTCGCTTGGCACCCCTACCTACTGGCGGGGTCGTCAGCCGCTTGCGATGACAGCCTTTAGCAACGTGTTAACAGCCGAGGGCCTAGGCCGGCAGCACTGCGGGTACTCTCCTCTTTAAACCCGATTCATGTCATAGAGATTTTATGTCCCTAATCTATACCCCATCACACTAAGGATCCCGCGCGCGCTTCCGTTATCCCTGCATTGAGAACTCGTAGGGTCCACAGTCGATCGTTGGAGGCCGAGAATCTCGTAGTTTCTCTACAAGACCTACGTACGCGTTGACCGGCCTCTCTGGACCTAACCACCTTCCCGTAGGCGACTCATTTGACAAGCTAGCGTTGGCACGTTCGTTTCCGCAAAGAGGTTTTCACCGTTTGAGGCGCACCAGCAACAACGTGTGTCGATTCACGTCCAGTTTCCGCTGGACGTAATTGAAAACAATCCGTGCCTGT,1651,51.54,Caenorhabditis elegans
SEQ_860768,ACTGCGCGCGCTTGTGGCAGTTCCAGTATGCTAAACATACATTTTCCCGCTTCACTCCCGCCCGCGGTGGAGAAGCATGGGACAGGAGTGGTGGCCATACTTTGCGTAATAATCCAACTACTCGATCCCTTGACGTCTGAAGTTGCCGTCCCCGTTCGACGCATAAATAATTTTCCTATCAGTCATTTGATTAATAGATGGTGTGCTTGCTGACTGGGACAGAGCGCTTGGCGCCATAGCATATCCACTGTGCATAGCAAAGTTAGAAATGCAGAGCTGCCCCGGCCCGCCCGTGTGTTTTACCTGAACAAGTGTCAGCTTGAGTGTTTCCCAGAATGTGCCACTGCTGCGCGCCTCTTTTTTTGATGCACCAATGATACCCTTTGGAAGTTTTTCTATTAACCGGTGGCCACATCCGTTCGCACGAAGGGAGCGACAGGCCACATGCGACAAATGAGTTGAGTTTCCCTTATAGTCAGGTCTTAGAAGCCATCCGGCACCCACGCGCCCAAAGGAAAGGGACTCTTCTACCCACAGGGTCCTATACTGGCTGTACCGTATCTTCACATTTCCTGTTCGGGGATTACTTTATCGATGCTCCTGAAGCTCAGTAACCTTAACGGAGGTACTGATTTACAAAAGATGTCACTAGATTATTTGTCTAGAACGTTGGATAGCCTCGTCCCTATAGGACTTACCTGATGCTACTGGCGGCTCTGTGCCGTAGCAGCTGCAACTGCGTCACAAGAGTAGCTAGCTACAAAGGTTCGGAAACTGGTCAGAGACTATCTAGTCTAATGCAGTGCTATGCATCCTGAAGCGAGTTGAATTATTGGAAATTTATGTCAGATGAGCGGCAAAGAAATGCCTCTAATATGCGCTATCATCAAAGGATTCAAGGGAGATCGACGGGGATCCTGCTGAGTCTAGCATTAGCCTGTCCTGACAATTCCCGAACGGCGGCGGCCGGTGCAGCGGGCGGCAGCGGCGATTCAGCTACCTCAGTCATAAAAGAGCCTCACTAGCAATCGGCGGGGTAAAGACAGCAATGCGTCCCGAACACTTCTGGCCTGTAACAGCCTATCATAATTGTAAGATGATCAGGGCTAAATCCTCGCTACTAGAAGTTCAATCTTCCGACTTATTGAGCGACAACGCTCATAAAAGGGATTTTCAGTGCCACAACGGAATTGGGCCGATATCAGCGGTTTCTCGTTGTGAGGCTCGAGTATCGCGACATCTTATCTGAGTTATAAATTGTTCGCTCCAAGTTCCCTCACTCCTAATCGCCTATGGTATGTCGTTGGGAATACCTCGCGAAACTTTAACGGGTAGTAAGACAGTGTATCAAATCCTTGATAGAACAATTCGTCCTTCGTCTGGGAGTTCTCCGCTTGCCGAACTGGCTCACGACCGATACCGCAACCCTTCAGAATACGTACTCGACTAATCGTAGGAGTTCTAGATGTAGGTGCCTTGATAAGCGATCTACGTGCGGCAACCTAGTCCTCAGCAGTCTCCGGCTGGGTGCAGCACGGTAGGTACCCAACGTATTGCCCCCAGGACATCCCGACGTTCGAGAGAACGCT,1589,49.84,Escherichia coli
SEQ_317779,CTAGAGAAGCTTTGGATCGCCCGGCTTCCAAATTGCCCGCCGTATAGCATGATCCAACCGGAGGAACCTTTCTGACTAAGTAACTAGTTGCGGCGGGGAATACCTCGCGGTCCAACTGCAAATGTTTGGGATCGAAGTATATGGAACAAAGCTTCCGTGTTATTGTGCTTAATAGCAAGAATTGAGACAAGTGTATCGGGACGTAAAGATGAAATGTGATACACGGGGGCAGGCTATTCTGCCCTAATGTAAGAGGAGCAGCGGCCTCGAAAAATGATCCCATCTGCGAAGAATATGACTGTATTCACGAATAAGTTGGGAGATTAAACCTGTGCAGGCGCCCGTAGGAACCCAGGTGGATTCACCAAGTAGTTTGTTTTTGCATCTCCGTTGTTGGCTAATCCACAATTCTGGCGTATATGTAATTTCTTTGCCGGAAATCTCACTGGCCAACACTCATCCCATATAATCTGACGCTGGGGTGTGAAAAGAAAATGTGGACGGGAATCCCGCTCGACGCCCTATCGTCGCAGTGAGGTTAGGAGTGCGAGCGTAATGAGACAACTTCCGCGAGACGAGTCCGGAAGGGTCTCTATATCTCACCTGGGACATGTATCCTGCTTCCAGGGGAAAGTGAGACATTTGGGAGATTGTACTACCTAACAGTTCCACAGGGTGGCCTAAAGTCTCGAAACGGCGCGAAAGAGTCACCGGGTAGCGACACATTACTTGAGTCGCAGCAAAAGGCGCTAGTAATGGATAAGCGACAGGTAACCACTAAGGTGTTAGGTTTATTCAGCGCAGTCTCCCATATGTATGGTATTGTACACTGATCGTAAATGCGTTCCGATCTAGGAGCGTTGTGCCCTTAAAAATGCCCACCCCTAACCTATTACTACCCCAGTTAACTATACTCTTATCACGAAGTAAATTAACAGGAGGTTTTCAGCACCATGCTAGAGCTCTGGTTAACCAATTGTGGTGAAGGAGCGCCGAACCGGTATCGGACCTAATGAAGACCCCTAGTTGCGGTAGATACCCATTCGGAAAGCCTCGCTCGGGTATTGCTCCGACTCGATGGTCAGGCGACCG,1092,48.72,Drosophila melanogaster
SEQ_334033,AACAAGACTAACCAACTAGGCATCAACGCCAGGGCATATAGAGCATAGCGAGAGGATTGCCTGCAGACTTTAAGGCTTTTCCTATAACTCAGGACTTAGGACCGTTTGTGCCACCACTTCCATTCGGCTCGCGAGTGTCCGAAATACGTCGAACTAGGCGGACGATTAAGCCTGATTCTACGAACGGGTAGAAAGTATAGCAAGCGGAAGGTGGAAGCCTACACTTCCTCCACATACCTAACGCTAAGTGAGAATAGTAATTTCACTTATAACTAACAGCATTAGCGCCAGATTCCAACCTCGGCGATACAGATGTATTACGGGCCAGGTCGGAGCCATGTAGCGCGATTACAGAAAATGTGAGTCAACATTATAACCTAACTCGTCAGCTGTCTGTACGCAAGTAATGGGCCTTCACCGGGCACCTTGGAGCACTCGTGGGGGGTAGCTACCAGTTGGTGTGTCTAAGCAATCGGCGTTCTCACAATTCTTCACGGATGAGCTCGTTCCTATATCATTAATAGCGTTTGTACGATTCCGGGCAATCTGCGGTTATGCTAGTGGCTAATCTTTGGTCCCGGCTCAAAACCGATACTTCTTGTGCCCCGTCCCTCAAAGTTGGATAGCTATTTCCTTGACCAGAATTGATGCACCCGGACCTAGTGATCACCTATTTCAGGGGGGACTCTCACAATGCTATAACAGAACGCCGGTATACTGGCTGACATGAGGC,733,48.7,Escherichia coli
SEQ_775169,TGAGGCATGGATAACTAGAACTTGTGGTTAACCACTTTTAGTAGGTAAACCGAGTCATGAGCCCAGTTATGTGAGTCTAACTCGCAACCTTCGTGGAGATGTAAGGACCAGTAGGAATAAATAAATTGACTTCACTAGCCGTTACAGTCAAGCATGAGCGTTTCGTCATCATCTATGAGGTAAACAAGTGGACCGAGTAGGTCTGCATAGTTTTACCCGGGCAGAACCCCGTTGAAGA,238,44.54,Saccharomyces cerevisiae
SEQ_286351,ATAATTGCGGGCATCCCCAGTTTAATTCAAATCGAGGTGTGCACTGCTACTAGTTGCCAAGGGATGAAACGTTACCCCCGCATCTGCCGAGAACGGCGTTCCGGGTTCATGGTCAGAAGTACCAGGAGTGTGCAAAAGCCTCGGCATTGTAGCCAGCATGGGTTCGTCTCCGGCTCTTTCCACGATCGACTAGGGATTGTGGCTACTTTACCAGATACCACGTCTTGCTACTTCCTCTTTGCTTGTAGCGGCAATGGAGGTACTGTGGATAAAGGAAATGAATTCCCTTATGGATACGGGCACTATGGGGATTTGACTGGACGGCCGAATACCGATGACAATGAGCTGTAGACCGAAGATTCAATGATTTGTAAAAAGAGCAGAGGGACCACACACTAATTGCTCTTTGTGCTCGAGAGCATGTTAACACACTAATACATAGGTTGTCGGGTATCTTTAGGGAGTGGTGGTATTTCTGCATCAATTGCTTCGAGCGGTCCTATGTCAACTCGCTATCAAATTCAATCCGGTTTGACAATTAGCGCACTTTAAGCGAACGACCAATAGATTAACGGGAAAACTGTACGTGCGATACAAGTGGGGGTTCTATCGAATTGTTGATATATCTATCTAAAGTCAACTACGGACAACCCCCGCGTGGTCCGACATCTTCTAATGGAAGTAGATTGAACAGTACCTGAAATTGGATAAGGATATTGTTGCTGGAACCTGCTTAGTGCCTGCCGGTAGTATTTCTATCATCTCCAATTTTAGATCTATCCTCGCGTTATTCAAGAACTCGTCGCTCACGCGTACATGATCAATATTGGTAAGCACTCCTACACGTAGATACGTTGCGTTCAAGCTGGTTGCACCATGGCAAGAAGAGGAGATACCAAGCCACGGTCATCTCGCCTTTCTATTCTGTTTTCAATCTTTCAGG,943,46.13,Caenorhabditis elegans
SEQ_606839,TGCAGCTTCGTGACCTGGGGGGCCGCGGTATGACATTGACCTAGCGGGTGATCGACTGGCATTGCGCGCGTAACCGCAAGGTCCCTGTGACTGCTTCACGCGGTGCAACCCCTTCCACCGCAGGTGGACAAGGTACCTATAATTTGATTGTGACCAAAGCCAAGAAAAAGTCTTATAAAGTTTATTTTGTCTGGGGATAATTCAAGAACCATCAAGCCCGCCGTGCCAGTCACTTTAAAACGGAAGTAATTTACGCTGTCGTCGCAATGTGGGTAAGAGACAATTCAGTAGATAGACGCTTGTAGCATCAAATGAAACAAGTACTGTTCCGCCATGCATAGTTGCCCCTTTTCGAAGAATCCATCGTCTCGGCGTGCCTACGTTCTGTCCTATTGGCTTAACCGGTCGTACCAAGCACTTTCGTAAAGCACATCTTAGAGCACCCTACCACCGGTATCAGGCCAGTGACTATGTCCCAACAAGGAGTGGTACCGACCGTCTCGTGCATGCGTCCTGTAAACCCATTTTCCCCACGGGAAGTCACTTGTAAATATTGACGTTTTTTCGTGCCTGACTGACACAAAATCGGGCGTAGCGAGATAGTGTGGAAAAGCGTCATATCGGAGGAACTACCCCCAACGGTTCTGGACCTAACGACCTGGAAGTCCGGCATGCCCTCTCGGTTACCCAAGCGGCTGTGTACTCTGGGGGAGGAATTACTTGTCCGCTGTGAAAGGCGTCGGCATGGCCGTGACCAGGCAACCATCATTTCGATAATAAGCCATTGTTTCATACGTACGCCTGATACGTTAAGAAAGCGTCCCTCCAGCGGGTTAGTAGACCTGGAAGCTCGTTAGTTGCGAGCTGGGGGCGGTCGCAATACTT,885,51.19,Saccharomyces cerevisiae
SEQ_411443,GTACGTTAGCTTGTTGGGCACGGTGTCGTGTGCGCCCCTATCCTTTGTGAGTGGGGCCTAACGTGCATTCATGTCTCGCCGGTGACTGGGTTCCATACCACCGCTACGCCGAAGGGTTGCTTACAAAAGTAGTAAAGCGCAGAGACAGCTCAAGTCGGCGGGTCTAGGAGCAACGTTCCCGAATTGATAAGTATCTGCCGCCAGAGGGGTTGTTCATTCTAGATCGCCTTCTAAGCTCTGTACCCGACCGATAGTTGCCCCTTCCTTAAAGTATTGGGATTTTAGAAACTCTGGTGTTGCACCATTCGGAATGAGAGATAATTACATGTATGATTCGACTTCTTAACCAAGTCTATTCCTTTTAAATTGAATTGTTGACAACCAATTGAAGTAGATGTCATGGACTCAGGGTTGCTGTCTCCCTTGCAGCAGAGACGTCTAAATAAGTGTGTGGGGCGTCCTTAGCCATCAAAACCGTATCTTTTAAGCGGCCGCATTACTGCTGTCAAGCTCTCATTGAGCAAGCCATCTCATCGGCGACATGAACAGTGTGCGGCAAGATCTTACTGCAGTTTTGTGGTAAGCACTGGGCCTGTGGGTGCGTAGATGGAAGCGACTGTGGGGGATCCTTTCGCCCGGGTGGCAATTGCGTAATCAACCGATGCAATTGTGCAAACCCTTCAGCAACAGACGGAACAGCAAATCCAGCAGAGAAATGCGTGAAGAATTGGTCGTCAACCACTCCTCGGTAGCTTGAACAAAGAACCTAGCTTAGGCCTTTTACGGGTTAATTCGCTTTAGGGCGGCTCTGATATTTAAGAGGACGGGCGCCGTCGAAAATGGAAGGAACCAAATCGATCAGTAGCATGCCTCTGCTTCAGAGACGTAAGGCTAGCCTTGAGCGAACACGCGGGTGCGCTACATCGCGAGTTCTCGGGCGAACGAAGTCTCCCCACAGCTCAAGCTACTCACCAAGGGTCGAAGCTCACCACTCGGCGGAGAAAGAGTGTATCGGGGACCACGTCGCAGCCGTTGCACTTCCCGCTCTGGGACCTTTACTCCAAAGTGTTGAGATGCGACCTCCATGCCAAACCTGGTCCGGGTTTTGAATTTGACAAAGCGCATCCTGATTCAGTGGACAGACGGGCGCTGTCGAGCACAAGGGAAGGGTTCTCGTAGTGGCTTTGGCCACAATCTTAGGGATTACGAGTATAGACGAAGGCATAGGGTCGTAACAGATTATCCATGACATCCGATTGGGTCTGATATTCTTATCTTAGGCGAAGCTAGGGTCGCCGTCAATAATCGTCCAAACATCCGTATACGACGACGAGCTTCCTGCGGGGAGTGCCATGGGTCCTAACTCGAATGGGTCCTGAACGGGGTTTTTTTAATTTTAAAAACACTTTCT,1411,50.46,Mus musculus
SEQ_519481,AGTATCGGGCGAATTTGGTGCCAGGGACGTCGTCGATGATTATCTGTCGCGGTTACCTTCCGAAAACCGACGTGCACACCGAAGCGTTAAGAATGGTCTCTTCCGGGCTACGACACAAATGTAGCGTTGGTAGTCTTCACTTTCTCAGGGGGCCATTGTGTACGTACAACAGTAATCGCAATATTCGGCGAAAGTACACATAGACTAATATCTATCAGGGCTTGCGTCAGTTAGTAGGCATTGGGAACCCCAACTATTTCCAACCGGGAACAATCGGGGGCACCGTGTGAAACATTACTAAGTGGAACATGCAGATCAAGGGTTTCTGTGTGTCGCGGGACTTGAGGCTCCAGTTCAGATCGAAGTAACGATCCCACGACTCATAGCTGACGGCGATGGTAGACGCTCTAGGCAGCTAGAGGTCCTACCTAATCAAGGTTACTACAAAAGAGACCAGACTTTTAGCACATCTCCTGCGATGGCCAAGATCACCGATGAGCGTGCATTTAACTATGATGTACCACGCGTCCGCATGCCCGTACCGTCCTCGGCAGCGCATGATCCCCGAGTGTGGGCTCTGGTACTGACCCGCTCCAACTAACGCACTTTTGTGTAGTCGCGAAGGGGATGCTCTCCGCCAGGACGCATGATTACCGCATATCCTGGAGCTGCTGGAGCCCAACTGTCAAACCAGTGTACTGCGGGTGATTTAGGATTCCGACTCTAGTGAGAAAATCCACACAAACGTTTCCAAGCGTACGAGAAACAAAAAAGCACTGGCGTAATCAAATGCAAACCATAGTAGCGGGGGGCTCCTAATCCTAACCCTTAGAGTCACAAACCTGTGAGTTATGTGCGTTTTCTAAAACACATTTCTAGTTAGTGTTGAACGTGGACGAGTTTGGTGGCGTACTTGATATTTGTGCTGGGGCGCCCCAGACCCTCCCATCAAAAAACGTCTTCCAGAATCCTATCTTTTGGGCTGGATGGATGAGGCTTTCCTACCTACCAACGCTGGCGTTTAATCGCCAGTCTTTCTGTCCAGCATGGCGCATAAGGAACCGCGGAATATGTTGGAGGCTCTGAACGGGATGGATACATACCGATCAGTCTAAATAC,1119,50.13,Mus musculus
SEQ_580326,GACAATTTCCTTGTAATGCGTTCGGAACCGTAGTTGTGGTTTTTCTAGCGTCCTCACTCGTAGCCCAAGGTTGGCCCGAAGCCATCTTATGAGGTGTTACCAAAGGTCAAGGCTACTGGGGGTCTTGCTAAGGCGGGTCTCTCCCAAATACTCCACAGAAGTGATCCCATCTCCACAAACCGTGGGGCAAGAGACACAATGCCTTGATGCTGACGGTGAGCCTGAATCGATGTAATAAGGCGAAAGACGACGCCTCTAGGCTTCTAAACGGTCGTATAGGTCGTGTTTTTTCCGGATAATGGTATTTCTAGTCATTTTTGTCACCACCTAGTAAATGAACTACAAAGTGAACTGAGGACCACATACTGATGACAGTGCCAAGGCATAACGGCGATAGCATGTTGTCCCATGGAGCGAGCAGTCTCCCTTGCGTAGTTCCACGCTCATATCTATTAATCGCCACACCAAGGGGACCAGCGCGGCAATGACTATCTGGTTGTGTTTGGGCGAATTGTGCCTGTATATAAAGGTCTTATGTCCACTACATAACTCTGTCCTGACGCTACACTCCATATCGCAGGTTACGAGATAGTAGATACGCCGGTATACGGGCAGCCAATACCGGGCATCCGGCCATCAGTTGGAACCTGACTAGTGTTAAGCGGTGTCTGGACCGAGACAAGAACGGAAGGCTGCAGCCTGACGTGCGAGT,712,50.0,Saccharomyces cerevisiae
SEQ_990634,GTGCTCTAACACGTGCCTTGTCGTCCGGGCTAGGCGTATCTGCGAAAGCTTTGTGTTTACCCCAGGATTTAAGTTTAGCGACAAGCAGGTCGTTATTATAGGGACTGTACATCATACTTCACCGTTCATGTTAGCTTGCTAAGTATAATTTCTCGTGATGTCGGTGCAGCCGGGCTAATCGCCAGGTCATCTCGGGGCTGAGCTATCCTAATATCAAGGAGAGTATATTTCGCCCTAATTCAACGTTAGTATTAAGTATTTGCTACGAGATGAGATTCCCTACTCCCACTTGGAAAATCAGGATTCAAGTCAGGTGCCCGTTCCCACTAGGGGTTGGTTTGGAATGGTTCATCTTAAGCACCTCGTTAGAGCTGTTCCTAGAATTTTTGGAGCATTACTTAGGGTAGGCTGAAAAGTGGCAGTTTCTGGTCGTCTGGGTTTCCCGATCGGGTACAGCGGTCACAAAGAGCGGTAGCAATTAGGCGTCAATACCACCCCTCTCCTTGCAAAATTTTGCTTTCCACATGCTCTTTGTATTTCATCCCCGCCATTATTTCCGTGCGGGTGCAAGCGATTTGAAATAAGACGGCTCGACAAGCGCAGTCCGTAAGACAATATATCCGTGTAGTACGCGTGGAGTCCATCATTCGACACTCAGTGGTCGAGATCTCCTCGTGTACCCTTAACAACCGAGTTACGCTGACCGCACTCGGGTCCTCACTCTTTGGTATTTCGACCACCTTTTCTGCCGACCAGCGATCGAAGGGTCCCAGCGCTTGGTGGTATGATTGCAATTAGTTAAGACGGCCCCCTTACCTCGCTGACTACTGTCCATCATAAGCTGGCATACCAGTGAGCACCGCAATGTTCGAAATTAGCACTGGATTCTTCCGACAAAAACTACCTCAATTGCAATATCCTGAATGGGACTGTAGTAAGGG,941,48.14,Drosophila melanogaster
SEQ_237270,TCTGAATTGTTATATCCATCCTATTCAAAATAGTGCATCTCCTACTTTAAGGCAAGCCGCTCTTTTCATAGGGGGTCCTTGGTTCGTTGGCTAATAGGTCATAGCCCTTGACGTCCAGCATTAGGAGACGCAAAGCTGTCGAGGGAAACATGCTATATATTGGGCGGCA,169,45.56,Mus musculus
SEQ_716287,GCAGTTTACTGACTAAGTGGCATTGTGAGGGCGGCGCTCAAGGACTTACGTTTCACGGCACGCTATACATTAGTCACGAATGCAGTGCCAAATAAGATAGTGACTTCGAAGGTCACACACAAACGACCTAGATTCTTAACGGGGCGCTTAGTTACGTTGACCTAGGTTTCCTGTCGACTTTCTCTGGATGTGCTACTTAATGACCGCGGCATGTAAGCCCCCTGACCCGGACGCTTGCCAGACCTGCACGTAAAAACCGGTAAAGTCGCGAGCGTTGCCGTCAATTGACCGATCTTCTTGCGGGCTGGGCAAGCCTCGCAGCGGTTTAAAAAAGTCTCAGTACATTTTTGCCTTATCGCAATCGGCGTCACAGCACACTACTAGAGCTGACTGGTACCCAGGTCACATGGCATCCGATGGGACTGTGAGTGATATCGCCACCCCCGAGTACAAGACGAACAGTACGGGTGAAATTCCCCGAACGCTGCTCAACTCAGCGCCCGATAGATAAACCCTTCTCTGGAGGATGCTGCCTGTCATCTCGTTGTTGTGAAATACTAGATACAATCGCCTGCAAGCGAGAAAAACATCACTCGTCTATGGGTTACGATGCGTAGTATCCACAGCTGGGTATATCCACCTGACGTTGCGACCGTGTGCTAAACCGTTTAGGTCAACGCATGTTGCAATACAATTGGAAGGAACCAATTAGGAGACAATGAAAGAACGAGGAAAAAATCCCAGCCGTTTATAGTGTAGGAAGAGTATCGCGTACAAAAATTACCGGTGGCCACATAGCTTATGCCTCTTTAACGGAACTCCCCCGCTTCCG,832,49.88,Homo sapiens
SEQ_439023,CACACTTTAAAATGGTCCGCCATACTACGGCTTTGGGTCCTGACGGGCGTTCGAACTTCAATTCGGCCAGACCTCGCGTCCGCACCGACTGTCTATCAGGTATGTCAGCTTT,112,53.57,Arabidopsis thaliana
SEQ_880908,AAAGACTAACTTCTGCTCCCTAAATAATATATAAATACAAGTAAGGCCGTGATACGCCCGTCAGTCTAAGGTGCGTGCGAGATCGTTTTTTGAATTGGGTATTCCGCTCGACCAGAGAAGTCTGGACTCCGCCGTACTAGTACTTGTCGATTAGCCCTACGCCGCAATCGCGGTTCTGGTCTAAAATGATCACTCCGTACTGTTAGATCAGGCCTGGCTGACTCTAAATTATCAATCGCTTGCGCCGCCCCTCGCCGTTGGGTAGGTAGTCCGGTAAGCGCGACTACGTTTTGGTGGGGAATGAAACGATAGGATACGTTTAGCGCGTGACAATGGGCGTCAGAATGAGGAGCCTTCAGGTAACACTAACCAGATGTCATTCAGACATCCTGAATTCAGGGGTCGTGAATTGGGAGAGGCACGCCTAGGTGTCGAGAATGAGCTAGCAATATGATGATCGTCCCACTGGGGGGAACCTTAATGCTGCACTCTCAGGATCAGACCTAGGTGGTAGCTGTGGAAAAGCTCAGTGCTCCAGGCCCCCAGTGCTCGATGAAGGAGCCCGTGTGCACGTCGGAAGGTCCGACATGGACATCCACGGGTGCAATAAAAATGTCGTTGGGACCGCGTTATACCCAGAACTTCAGCTGTCATGTGCATGGTCCGAGCTCCATGCCAATATACTTAGTTAATAATATTAGCTACGTATTTGCTTACGATCTACCCCTTCGGGCTTGGCTCCGAGGTTGTGATGACCAACTTACGGCCGCGCAGCATTGTTATATCATGTTCGATAATCTGATATTGGTTGCGGGCGCCCCAAGGTCGGGGCGTGGAATGCATTCGGCCTTGATACATGGGGGTCGTTTAGCAGTAAAGGGCGACGAAACAAAACCTGGCCGCTAAACAAACTCAGGAATCTCCTTGTTACCTCGCCATGGTCTTGCAGGGAAATAGAAGCACCATGTGTTTTTGTCTTAGAATTATACGGGGGTCTCAACGTACAAGTCCGGCGAAACCAGTGGGACAATCGGAGTGGTTAGGTTAATCGGTAATCTTAAACAAGAATCGCAGCCGGCATTGGGCTAATAAGGGCATTAGTCGAATTTCAGAGCTGAATCATGATATTGCACAGACCGGCATTATATCTATTCTCGCGCTAGTCGCATGGCGTACGGTCAGCCGTGTGAGGATTACCGTCCCCCTAGCCCTTAAGTAATCGACGCCCTCCGTTAGGCGTGGTAGTAAAGGCTAAGTAAAGTTTGAGCGTGGAGGGAATAATATGAGTAAATGGGCTTCGGGAAATCATAGGGGCGATTGGATGCGTATTTAGTGCCGTGAATTGGTCTGACAAGTCATCCTGCATTCGGAACTAAACTGACCCCGCTCCTGTCAATGGGTCAACGCCTCACAACTCAACTGTAGGAACACTGCAAGCAGGCTTGATTGCTGCGGGAAGGGTGCAAAGATTTGTTTTCCCGCCCCTTCTAGAAGGTTTATTTGACTTAGGGCCCGGGTCTGGATCCAGCGTCGGATGAGCTAGTGCTTCGTACTTACCGTAAATATAAGACCTTACGAGTTACTCAAGGATCCGGTCGGTACTTAGTAGGCGATATGGGGGTGCTTGACGGAATGAACGCAATCTTCTTATTTTTATATCAGTAGATCTAATATTTCGAGTTTAC,1685,49.2,Homo sapiens
SEQ_842577,CTCTATGACTCCTGGATCTGCAGTCCCACGAGACATCATACTCTCTAACGTGAGCATCGTCCGTTCCTCCTGCTCTTGGGTTGGAAATGAATAGAGTTTTTTAAGTTATCTCGCATGTCGTTGCGTACCCTTAGATGGGACCGGCATCTTGCCATGGTACGCGCAGGCTCCTAGCCAAGCGCGACGTGTCCAGAGGCACATACCTGGTGGCGTCTGATGCGCTAGCAAGTCGCCCACACCCTACCAAGAGCCCTAGGTTGACAGTCCCACATCCCTTAAAGTAGATGTCTGCCACCAAGTTCAACACATGTAAATCATTCCTAAGTAGGGTTGCGCCTATAATGGATTCACGGCTTGACTCTCCTTGTTGCCAAGCCAGTGAAAGTTACCGTATAAACGTCTCGCGTCCGATATTAAGCTTTGTTATCCTTGCTCCTCTTGCTACGAGTAAACGTTTACGACTTTTAGTCTCGTGGATACGCGAACCGTTCAGCAGCTGATCGATCGATACTGGGACGTTAAACGAGCGCAGTCTGATCTATAAGAATCTCAATTCAAACCATCCTAAGTATTCAGCTGTGGATTTTTACACGAGAGCGAGCGTAAGGTCACCATACATTCTGTTACCCTGGCGATGATCGACCAGCCATCCGCACGTTCAATGGGGCCTAGCACGGAAATACCATGCTTAAGGTATAGCCTCGACGGTTAAGTAATAGACCTGTAGGCTTCCATGGGAACAAGCGAGTAGGCATCTGGATCGCACTTAGACTGTCGTCGCCAACGGGGGCTAAGCATCCCTGATTCATTTTCCCCGCCGGATGGGGGATCTGGGGATGCTCGATTCACAGCCTGCTTACGGTGACATATTACTAACGATGAGTCGAAACCTGTTCCACGCGAATTACGACTTGATGCTGTTGGTGGTTGAAAATCCTCCGGCGCGCAATGACGTGACTTCTCTACTTCGAACGTAAGAGGTCGAACAATCCTCTTAGATAGGTGACAAATGGGTTGTCTAAGGCGTCATAAAGTGGATCCGGATGTCTGCTATGCATCCAAAGAGCGGTAGACTATTATACGAATTGGCAAATCACTTTCGAATGTGAGACAACAGATGGGACGGTCAGTTCAATCTCGCGTTCCCGGCTCGATCCGCAGCCCGTACCGTTTGTGATTACACAGATTAAATCGGTTCGCCAACATAGGGATGGAGATCGCCAGGGCACCCGGTGCAACAGAGCGATTCACTATTATCTACAAGCGGTAGAACTAGCTTTC,1281,49.49,Saccharomyces cerevisiae
SEQ_580743,TACAGCACCCGTACAGAATCAAATGAAGGTATGGCGCTCATGTGCACGGTGTTGGTCGCCAGGCGGGATCAATACGGGCAGCATGCAAGATGCACCTCTATTACGTAGGACACGAATATCAGTGAAGAAAGCCTCAGAATATACGAAGCCTGAACGCTTAGCGTAAGTATTCACAATCGTTATTCTTCGTTGCCACGTAATCAGGCAATCACAGACAGGCGCTTCTGTGCATTGACTTACCTGGTCGTTACATTTCCCCTGTCAGCGCACTACGGAATTGGTACTTCCTCTCCACGGAGCGGTTATCATAGCCCGGTACCCTGACTTGAATGTACACTTTCCGAATCACGAGTTCAACCAATCTCCCATTGGTCATACCTCAGATCGAGTTCGTCTCGAATGCCCCATGAACAAGTACTTAGGATATATATATACAGTCTACGTGGCTAATTATTTCCGCTAGTAATCTTAGGTATCCTAATGATGCACGTTCTTCATCACTTGCCCCCTGAAGGTAGTAAGCAGCCCTCACTATGGGCGCTCCACGCGCTAGCTTAAACAAAATTTACTACCGTGGGTAGATCAAGATAATAGGGGTTGTAATTACAATCCCACTTCGCCACCTAAAGGATCTCCTAACGAAACCTGCCAATTCTACCCAAGGTTTTGCACTATATGCGGTTCCCCTATTTAATAGGGAGCCTAGACAACATGCGCAATAGACGCATTTCTTTCTAAAAGGTTCGTGAACGCATCGTCGGAGGCACGTATCGGTAGCGACGTCCACTGGCTCGCAACCTCGCTTCTGATTTGCGGCGGGCCATAACGATTCAACTAAGGCTCCGACAGGAGCCGGGGCTGTAC,864,48.15,Escherichia coli
SEQ_508135,ACCGGAATTCACTATGAGTGGCTTTCTTCCGACCCTAGGCGTAGATACTAATACCGCTACCGTATGGAATACACATGCCATAATGTTAAATCCACGAATGATGGATCTACTAGCCAGTACTAGGCCGGATGGGCAACTCCGGAAGCGTCTACTGTTAGATTACAACCTAGACGTTAACAAGAAGGAGCTTGCGGTAGTTTTTTGAAGCTTACACGGATAAGGGAGGCCCGCACCTACCGAGGGCATAACCCCGATGACGCCCCCGGTTATCCCGTATTGAATTGGCCGCCTACGGCCATTGAGACTGTGGCATACCCGCCGGGTGGAGTGTAGTTTCCGAAAACCTGCAGGCAGAGTTGTATACCCTCTTAGTTACCCACGCTGTCGATTGTCAAAGTGAAATTTGCACTGGGGAAGACTGTGGAGTGCACATCGCGCCAATGTCTGTGGCATGCCGATGTAGTGGAAAGAGCTTGGAACAATACAAGTCAACTTGGAGAGGGGTGCCGGGCATAGCCCTAGCGGATATGGGTGGAGCCAACTTTAAATAGTATAGCCTCCCGATAACCTCCGGCCTGCTAGTATCGACTGGCGCCCATACAATAACCAGAGTAATATATTCTCTACTGAGTAAGTTGGTTGATTGCGAGAAACGGGGAGGTATTACAGGATGAACCTAAGCTGATTTCTCGCTTTGTAACAGTTCATAAACGCCCGAATCAGTAAATATCAAGTATACAAAAGGAACTATGATAGAAAAAAAAGAGGAGAAACAAATCTACAAGATTTTTCTCACTGAGTCTGAGGTTTATATAATTATGCAACCAAACTGATGCACCAGCGAGCAAGAACCCCGCACAACAGAAGCATAACACGGCATTGGTAGAGCTGTACACCCTGTACTCTCCGACTGTAAGCCGGAATTACTTGGTCTAATACTCGTCCGGATATAATGGCCCGTCAAAACAGTCGATCGGACGCGGATTAACTAGGTTGAACAATATGATCCCGGCTAGTCTCCTCACCTCTTCGCTAAGCTCTGAATCCAAGTACAGAAATTTAATTTCGGTGAATGAGTAACAAGTGGTTTAGGCTAACCGGGCTTTGATGCAAAGTGAGTCAAACTGGGGTGTAAGCGTGTGCCGGAGATAAAAGGCCGATCTTCAGCGGTTGAGTTCCGTAGAGAGTAAGGTCACAGGTATACTGCGTACTAGATCAGCACAAGGAGGGTATTCTAAGCCGCTCGGGTGAGGTGAATCTAGGGGGCCGGTCATATATTGACTGCAACCAAGGTACCAATGAAGCGAGACGGTTCTTTGCTAGACCCGGACACTGCGCGTGTGGCGATAAGATAGATATCCGTGGGAGCATCATCGTGCTAGTTGGATCCCACATCCACCAGTTCAGGTAATCATAAATAGACTACTCCGTATTCCCATCTTGTCCTGTGGTTAACTTAGGACCGTGCTGCGGATACCGTGGATTCCGCATTCGTGTTGTATCCGCAATCGAGTAGTTATCAACGCAAGGCTCGTTTCGGTTTCCGTCTAGGCGAACGCTCCTCACGGCGGTTTCGTGGACGCGGTCGCAGCAATGTGTACAGCTGTCTAATGCAACACGTGTGCTCATGATGTACTTAAGGGTATCCTGTCTCGCGATGGCTCGCGACCTCTTATCGGACGGTTGATGTCGCACGGTGAAAAAAATATGCTACTCCTTTCAATGCATTAAAACGTGCGGGCTATGTGGTGATGCAACGAGAATAATTACAAACAACTTTACTTAGGCCGCCCACGAGAACGAGCTTCGGCGGAGTGTCACTCTTTCAGAGCCGTTCCCCAGTAATCACCTCACGAACGCTACTCACCCACGCAGAATAGATATCTGAAGCACCGCTGGTCGACTCCTATGTCTAATGTCCATCGAAGCTTGGAGTGTCCGAGCTTGGCTGCCATATAACAGGGACTGTACCGCCCGGTAGT,1982,48.74,Arabidopsis thaliana
SEQ_635696,GAAAATCCGCGATATCCGCGTAACAACATCCTGCGTGTATAAGGGGTAATTGGTCATCCGCGCAAGAAGGTTTGACCAGTGACCTGGCCAGGGCTCCCAATAACGAAAGTGTGGGCCGGAGTGTTAAAGTATTGCCCTGAGCCCTACTGGCTGTGAAAAATCGCGGCGTTTTGCAGATGCGCTCGCTTGGGGGCTCATATCCCCAGCGTTAGTCCGTCCACAATCCAATAAAGGACTGACCACCTCGCAGTACGCGAGAACCTTGAGACGACGGTACCCCTAATGCACGATAAACGGCATCGGCAGGGGGCCGTTCACGGCCGGGGGGTATTTTTTGACTTCATAATATCAAGGAGTGTTCTTGACATACAGAAAGGGTTTGCTTCTGTTGATAACGCTATAGGACAATTGTCTTAGGTGCTGACGCGAACAACACCTGCAACAGTATCCAACGCCGCCCCTATCTAAGAATCGCGACTGAAGAGCGAATAGTCCACAGCAATCGTGGGGCGGGCTAGTGTCTTTCAGGCCATAGCCCTGGTCTTGCGAGGCGCTTCCTTTAGTTGTGCTACCACTTTGCGATTAACTGTCAGGTCTAGGCCAAATTGCCAATATTGTAGACTCTTGCAGCCCTTGTGCCGCGAGTGTATTCATTCTCCTTGCACTGGACAGGGTATAATACAGTTGTCTAGGTGAGTCAATAATGCGTACGATTCTGGGCAACAGATACTCACTATGAGCCCAATAGTTTACGGACCCGCTTGTTGCTTACCCTTCAGGCGAGAAGGCCCTCGTCTACTACCAGGTAGTAGAAGCCTTCCCTTGCGTTCGGAACCGGATCCAGCGGGCGACAGAAACGGCACCCTCCGCCCACAGATCTTGGTAGGTACTT,892,51.91,Saccharomyces cerevisiae
SEQ_473238,CGAGACTGTCACGAGGAGACGTCCCGTGGGCCTCAATTCGTCGATCAGCTGCCGGTAGCGCTCGTTGCACAGTTTCAGGGGGGTTGGTGAATCCGCGAATGAGCACAGCAACGACCACGTGATAGTGTGTGCCCTTTACCGTCAAAGCACACCTATCGATCCTTCTACACGGTGACTGCGCTCGTCCGGGGGATCACGCGACCTTTGTTTAGAGGACAGTCCTACCTCGTTCTCTGAGAGTCCTCGATTGCGCACGAGTGAGAGCAGACCAGTGAGTTCAGAATGGTACGGCTGCACAAAGAATGAAGACTACACGTCATGGGCACTGTGAGGATATCCACAAGGAACAGATTACAGGCCGAGCGTTCACAATCTTTCAGACTGACAGCTACAGGGGTCGAATGCCGATGTACTTCCACGCACTAACATGAAGTTATATTCGGCTTGAGGAGTACCTTAATAGTTGCTTATAGTCTCCCAACAGGTAGATGACTGTATCTACTATTAACCACCGGTGACACTGTACCGAAATACTGGCCGAAACAGGGGGTTTGTCAATTCAACACCACACAACCCCGATACTGATAATAGAACGACTCGAACTATGCTCAACCAAGGGACGATGCCTCCTGATCATGCAGACAGCCTTATAGATATGAAATGCTAACCTGTTGCTCCGCAATCACGATGAAGCATAATGATTATGTAGATTCCGAGTCCTTGCCTGACGGGATACACAGCCACTCGAACTCAGAGTCAGGAACTGTACCAAGCCGGGCTGTAAAGAGATAGGGTGTCGGTATATATGAACCTTGAACAGGAGGCATACAACTCGGCACTCGCGCTGGGGCCAACACCTTTAGCATCATCCCTGACCTTGTATAACTGGGTTATGATACTGACATTGTC,909,50.06,Arabidopsis thaliana
SEQ_649176,TGCCGACCCTAATCTTGGTGCCAGAGCAACACGAGTAGGGATCTGTTCTTGTGAGGCGTTACGTTCACCTCATATTTAACGTGCTAATTCATTCTATCGAGGATCGTTG,109,46.79,Homo sapiens
SEQ_851580,ATTATAGGGTCTGTCACCTGCGTTGGCGCGTCGGTCAGAATTGGTTATAGACGGAGGGCGGACACGAATCGTGATAGACGCGCTCACTCCAGGATTTCGTTGTTACGCGACAAATCGCTAGCGTGGCGGTATAACCAAATTCCTTGATTGTCAATTGTAAATAAAAACGTAAGCGGTCGGCTTCCAGAAGAGTCGGTATACGGGAGCGTTTGCATCCCACACAGTTTATCATTGTGGTCTTTGTGGTACAGCAACTTGACTTTAAGCGCG,270,48.52,Saccharomyces cerevisiae
SEQ_684495,AGGTCCCTAGTTATCAGCCAGCACGGACACTTTCTGGTCCACTCCGAAGGATCGGAGATACTCACGGAGCTTCCTGATATCAATTCGCAACCCGGATTAACAGGCACTAATTCCGTCTCCTACAACACTCAGTACGTAGGGTTTCCGTTATACGCGTCTGGCTGTGAATCCACGGCGTAGAACAAATCAGAATCGGGAATTAGGAACTAAGAGCACATGTTGACGACATGTAATGCAACGGTAACCTTTATGGCTCGCGAGTTCCGTCAAACCACCGTGATTCAGTTTAAGAACCACGCCTTATTTAGCCGGAATTCACGGAAGCATATAAGCGGGCTATGCGGGATGGGTACGACACAGTACCGTTGGGATCTGATTATGTAGGGCGAGGGTATGTCAGGTCCCTACATCTCAGGTTCAT,421,49.17,Homo sapiens
SEQ_732198,AAAGACGTTTGGAGCACGTGAACCCTACGCCCGCGAAAAAGCATCAACAAAAGGGGTTTGAACCGGCGAGGACCATAAAACCCCACGGACAATAGTCGCCTTCGGAGGCGCCGACCTAAGACCGACGAGTGCCACTGTATAACACCGATCAGCTGAAGACCAGTAACGTCGGCGTGAACTCGTCGGCTTGCGGTTACGACTCCAGCTATGGCAAGTAATCCTCACCGTTGGAAAGGTGAATTCGCGTGTGGTATTATTACAGAAGCTTATTTAACACTAAGGAGTCTTATGGTCATTATTAGCCCAGATCGTCCACCTGCATATGTAAGCTCGGGATCCGGCTCTTAGTATAAACCGATTATCAAAGAGCGCGCCCCGTAGCCACTGGTAGAGTCACTGGTGAGCTCAGATAACAAAAAATGAGCTTGTGCCCTGTCTTTCTTTTTGTTATTGTGCGCCGAGCACCCATATTACATCGTTTTTTTAAGACAGACCATGTTTCAGCGAAAACGCAGCGTGCATGCCGCATGATTTCTCCTCGTGTCGGAGATGAATTACCTCGTCGAGAGACCATGATCTCTATCCGCACCGACTACTTCAGGCACACTAGGGACGCAATCGGTGAACCTGGGGCTTGCGCACGGGCCGGCGCTGGCTAAGTCTTAGGGGCCATTAGGACGTTACGACGGAGTATCTGAGGGCACGGGGACTTGTGACGCCGAAGAGTAAATCGGATTTATTCCTGGACTCTTGCAAACTCAAGTAGAACAATGGTTTGCGGCTTTATACCTAAGCAACAGTATATTCTGTAAACCATTTGGATTTCCATCTCATTGTTACTTTCGGCCTACTGGCAATCCGGATTATAACCAGCTACTCTTTTCCGCTATACCGCTAATTACGAAACAACCCTAGCGAGCAACCTATTGTAGTATGACCGTATAACGGTGACGGCTTGAGCGGTACCAACCCTCAACGGGGGGATAATTCCCAGGGGTGCGACACCATCCGGCGTTACGCTTCTCCCCACTGGTAGACATCACTCGGCACCACTCCTACTACGACGACACACCGCAATAGGGTACCCAGAAAGGGTGATAAGAGGGCACTTACAGTAC,1118,50.18,Saccharomyces cerevisiae
SEQ_542024,TTAGCGTGACCATTCGGTGGTTTAAGATCTAAACCCCACTATCTAGCCTTGTTGGTATGCATACACATGTATAGAAGAGGAGGTCCGGGCCTTCTCAATACTGGATCTAAATCTGGGGCAACGCCTAAACGAGCCGGTCGCTCTTAGGGTCAGTTACGCGTGATCTTAGGCAATTATAGCGTACAGGCGTAGCTAGTCTGAGGTCTCTCTATTTAGTATGGGTTGGGAGCACGGTAGCAAATTTTCAGCGTCGGTTACCTAGTTCAAACGGATAAATGGACCGGATTCGGCGCCGCCCCTTCTCGCGTTATTTGGACACCCCCCTGACTCTCATTGGGATAGAGACTGTGCTCTCGCTAAAAACTCTACGGCTCCAAAAATTCACTGGGATTACACTGTG,400,49.0,Mus musculus
SEQ_722144,TCACCCAAGTTAAAATGCATGAGTTAAAGCCGACACTTCAGTAAGGAGACTGTGATCACCGTCGCTATACAGCCTGGCTCTGTCTGACTCAATGTCACCGAGCTTTTATTGTCGATTATCGAGGGCACTGCTTCTTAAGGGAGCTGTAGGACTGATATAGTGAGGGCATTCCGAGAACATTGGGGCACATCAGACATTTCCTTCTGCGAGGGCGACTTTATAGTTTAGGACACCATCTCCTCCTGTAATCTCCTCATAAGCCAATGCTGACGTTAGACAGCGTTCGAGTCGGGCATTCCTTTGTAGAGGTCGTCTTCAGATCAACTGTGTGTTAACACTCCTTCATGCGAGGGCACTCCAAGTCTATACATACTACGAGACTAGACAGCGTTTAGTCAGGAGTCAGATAGATAGGGTGAATAACGGGGGGGGATTTTGTCAGTAATATGTAACTATCTGGTAACCCGCCTCCACGAAGCGACAGTTCTTTACCAATCAGCACGGCAACTGACCCTCTTCTCGGTAACACCCGCTCTTTTGTCAGGTCACATGCTAGTAGAGTGCTTTTATATTATCGGATTCCCGGCTCTGAAACAGAGAGAACTGCCCCTTGGGGTCGAGTGTTCGCGGATCGCTGGTATCGGAAATCGTACCCAAGTACTACGTGTACTTCGCATAGGAGCTGCTTAGTCCCCTAAAAATAGTTAGGGTGTCAGGGACCCTAAGGATTAGTAAGGTGACCAAAGCTTGAACCGCAGCGTCGTGTCACACTGACAGATATTCAAGAGTTCGTGCAGCCTCGGTCGGAAATGGCGCAGCGCTGTGATATTACATGGTCCGGTACTACCCCGTTTCTCTCTAACCATTCTGCCCGCGTATTCGGCTTCTGGCCTATGCTTTTCGTTGTCCCGTCGATGGATTGTAACATCTCGCGATTTTACGGGCGTCACAGCAATATGAGCAAGCCTTTTAATGGACTCTATCGTCATGTCCTCCTGCCTGTAGCCCCCAGCCAGAAGCAGGACCTAATGGGGGATTACATTTCCTACGAGAGTGCCATTTTTGTTGCCGCAATCCTGCACGCTATTGCGTGACAGACGCGCTCATCATGGAAGAAGTCTTAAATTCAGGATCAAGGTCGTTTCCGCGTGGCTGAGGGTCCGGATAAGTCATAAACTGGGAGGGTAGTGGGTGAGGCGACGGTCCTATCTCAATGCCCTGCTCCAGCTCATGTTATCCTCTCGATGTCACTTGTCCTACACTTACCCGGATGCCACGTGGTTAGTACTGCGCGAGTCCACTTATAACCCGATTAGATACACGCTAGTCTGTTTCATCCACGGAAAATGCGTCCCGGAAATTCGGTTCCTCGTGCTCGGACGCAGGGACGGGACAACCCCATCGGTGCTCCGCCTCCGCGGCGCCGTGCACGTGACCTCCCGAGAGCATTGTGTACCAATGGGGCCTACTAGTATTACCAAAATTCGTGAAACCCCGCTTCTCGCACATTCATGGTCCGGGCCGGGCCCTTTTCGGCTCTGTATTAGAAGGCTTTTTTGCAGCGTACGGAGACAATGTTGGGCTACTCAGGCGAGGAATTTGGCTTGAGCCCTTGCCAAGGTAAGTGCCTTAATGGCCGTGCTGGAAGATGAGTCAGCGTTAAGTAAAATGTTATATCTGCCTCAGCTAGCGTGAGATACTAACCGGAGATACCATCTTATTAGTGCACTATTATAGCTTCAAACCTCTCCGGCCTGAACGCCCTTCTTGTGGGGCGCGGTTTACCTGCTGGAGGCTTTTTCAAGCACCTCTAGTCCTTCACTGCTTGAACGACCGTCCCTTATCTGGGG,1850,50.76,Escherichia coli
SEQ_515143,AGAGTAAACGTAGACGGTCACTCAGTGAGGGACTGCATGTCAGGCCCTAAGGTAGGTTTTAAAGTGACTGAGATCCACGTAGGGCCAACGGGTCCGGAAGACCCGATTTTTTTAGAGCGTTCAGTTCTTTTGTCGAAACTAGTCGGTGGCGCTCAGTGCGAAGATGCTCAACCTCTCTTGCAAAAAGTTATGTCTGGACCTGCATCCTCATCCTGCGGGCCGTACGCGACAGAGAGGGGGTTCTGCTTCGTCGGGGTGGCTGGTAGGTTGCTTAGGCTTCAGTCTCCAGCGTGTCTCTACTGCCACGCGCGAACGCTGGCGGCCACAGGTATAAATCCCCTACAGGAATGGAGTCGGGGAGCTAATTCTCAACCAGTCCGACTATCCACTAGAGACACTAGTATTACTGCTGGGAATGCTCTCGTAGGCTGCAACCTCCGACATTGATATCTTGCGATCTGTGCAATGCTAGGTCGCGCGCCCGTCCCTATCCTTTTAATGCAGTGTGACCACCAGCGCAATGACCATTCTTAAACCTGCATCGGGTTAGCTGAAAATCTACAAGGCTATCACTCTAACTAGTTTCGTTGGGTTAAAGGCCACGGAGGGGATCACAAATCTCATCAATCTACTATGCACAGTTATGTGTGTGTCCATTAAACACTCACGCAACACGCGTCGAGTCATGGCGCTTAATGTTTAGATAGATTAAACAGTCGATCCCGCCTCGATGAGAGGCGACCCTTCCTACTCCTAGCTACGTGACATGCTCCGACGAATTAATAAGGGAGCCCAGTTCATCAACTGGTGTCTGGTCAAAAGATCCGTAATGAGCTGGACATCCCCTGGATGTGATACGGATACTGAACAGAATCCTTGATCGGCATCCGATTGCTAGGACTAGCTAGTCCCCTAAGAGCTGCTACGATACAGTGATTGACCGTGGGTCAGGCGCAAATGGCTGCAGATAGCACACTTGTCCGTGGAAGGTCACTCAAACTTCTGGATGACACGAGGCACATCACTCGGCAGCCGTGCATGGTTGGGTCACAAGAGTCAACTGGAGTTACGACCACATCGTCGGACTCCGATAAGGAGCTGGCGAAGTTCGTAGACTGGAGAAACATTTGAGCTACAACTCTTGGTTACTGTTCGCCTATCTACTAGTTCGATTTAAGTGTTGGGGACGACGTTCGATTTCAGTGTTTGCGCAGGCCTGAATGTAAACGGAATAGATAGCTACCGTAGAGTATGGCGTCTAACGCAGAAAGTTCTCACGCTTACTACCAGTCGACCAGACAAGTCTTTCCCTGGGTGATATCAAGCTCGTCGGGCTGCCCCTTACGACTGGCTCGATAAGAGGAATGGCCTCTAGCAAGCGTGTGGCAACTAGGAAATTTGTGAGTTCCCTAGAGGCAACTTAGGGTGCAAGGGGTGGTTTCGATTAGGAACTTTATTTCTCGTCAGATTCACGGTACTGGTTAACTTTCACCCCCGAGTTCGGCTCCCTCTATTGG,1517,50.56,Saccharomyces cerevisiae
SEQ_285269,TTCCGCGGAGCGCGCGGGTCATACAGACCCCCTCGCATAATAATTCTCGCTCCTGTGACAATGCAGTTTTGCCAAGTCTTACCCCTCCTACTACTCACTTCGAGCGGACTCATCTCTACTGACCCAGGCGGGTAATCGTCGCGCTAAGTAACGAAATGCGGTAGATGCCACCTTCTGATTGTTGTCCCCGGTGGCTAACTCTCATATTCCCAATTACGTTTTGCGATGTCGAAGTTCTAGTGTAGGATGGGTATGTGCCGTTTTGGCGCCTCATGCTTGGTGTTTTTAACTCATGTCGCTTATAATGCTCCACAACTATCTCGCTGTACTCCGCGGCACTGCGCAGCGACCTGGGCTGCGTGCCGGAGTGGAGTTATATTACATAGGTTTACCCATTAGGGGATAAATTACGCTTAGAACCAGATTTTTAGGA,433,50.12,Arabidopsis thaliana
SEQ_381762,CCTGGCATTATTTTTAGATCCCCCTTGTTCCCCCCTTGTGTTACCGATAACCGTGGAAACACGAGACGACACCAATAACAAGTGGCAGTCGCTGTTAACCGGACCAAAGGCCGGAATCGCTGACTCCCTAGCATTTGTTTACCTCAGTAATGATACGTCTATGAGAACTAGAGTCGGATGCGTCATAGTTAGCCTACATAGGGGTTGAAAACCGCTCGCAAAGTCGCCGTGCTCGCTCCGGAATCAGGCCTCCCTACGGGCTTCGGGCTAGTAGGCGCATCGACAGTCCATACATTCCGACCAACCACAGCCAATTGAGCTGCCGATTGTCGGTGTACAAATGATATCCATGGGTCTAAGTCTTCGTGTTTGAGCGGATATTAATAAAGCCACCGAGACGTCCCTGGCTGAGCCGGGAGGAGTTATCTACAACCGTAATTCCCCGTGGGAAGGGATCTATTTTATGCTAAACCATGCAACTCTTGAAGGCGGTAAACTGCAATAACATCCCTGCATATTCCCTTACTGGTGAGCAAGTACCCCTGCGTGACTACCGGTACTTTTGTCCTACAACCCACCGCGTTCGGAGCAAAGGGGAGACGACCCGGGGACGTGCGCAGCCGGTCTATCTCCCTAGTCACACATGAAAGAGTGGGCCTTTATCTACATCACTTGGTAACGAACCGATACACTACCCGACACGCTCGCACAGTAAAGCACCACTCGGTGTCACGTCTCGTAAGGATGGCACCAACGGGTAGCGAGATGTTATAATCCTCGAAACATTTACATCGTACTCGGGCCGCTGAAAGGGCTTGCATTATGGGTCTTCGATGGCACAGGCAACGACATTGCTTCGGTCTTCATAATTGTGTCCTGGTGGACACGCAATTTTCTGCGAACGCTAAGGATTCCTAATGTGACACATTCGTACCAGTCAATCTTGTGAAATCCCCCCCCCGTGGAAGCTAGTTGGCGATAGCGGTAATTAAAGGCCGGAATACGATCTGTGCAGCGGAGCCGGCAGAAAGCGTCCAGAGTTTAACGGGGTCGAATGGAAGCGGACACGTACTCCGCGACACAATATGAAACGTTGCTGGAGTCAAGTTTTCGTTAGCAGCTTGGGTGAGACACTGAGCACCGGCTGTAACTGGGCCCGCTGGGGAAGACCATATACGGCAGATACCGTGAGTATAGGAACACATCTGGATAAGATACCCACAGTCAGTACAGCTGGGTGGAATGCGTGCGTAGTGTGACCGGGTTTATCAGATTTTGAGGCAGCCGTCGGTCGCCTGATATCTAATCACGGCGGCCGTGATACAAGAGCTTGAGAGCGTAGGGTGCAGGGTTAAAGGCATTGAAAATAGCTCTGTAGAGAACTACAGATTGCTTAAAGTCCTTCGTGCCCGCAGGTGGATGGCCTCAAGGGCGACGAAAACAATAAGTACTTAATACGAACAAGTCAAGAGTGTGAGGGGACTGAAGGTAACTTCGTAAGCGAGCTAGACCCTGAGCCGAAC,1523,51.28,Mus musculus
SEQ_785987,TCGTCCGCGACTTGAGTTAGGGGGCTAACCGCTAGCCTTTTTCACTTAGTATAGCGTGTCTGAGGAAACCACATTAATCCTCGTCCTCCGGCCGCATGTAGTTTATGACGTCGAAGCTAGCGTAGTAGAATGTAGGGTACGTGGTGAAACGGACGCACAAAGATTCACAAGAAGCTTAGAAGCGAAATCCGGTGTAGAATCATAAGAGTATTTACTATTTGGTCCACCCTGCTAGCACACATAAGGTCGTAATTCAGGATCGAGCCTAGATAAATGAAAACCAGACCAATTGTACTTTTGTGGTGGGATTCGAAACAGCCATGATCCAGCAGCCCACCTCCCGGGCAAAGCTAACCACACGTTGGGGGTATAACAAACTTGGATTCCTGCAGTGGAGGCACATCGAACCCGCTCACGGTCGAAAGAAGTCCTCGCGCCTTCGATC,445,48.99,Escherichia coli
SEQ_531035,TCTGCCCCGATATACTCAAGTCGTCACTCCTGCCCTGGTGGGATAAATCTGTCTTACAACAAATGACGATTTTGAGTTGGAGGTTGGCGTAATACGAAGAAGATCTCCCGTTAAGATACTTTAGCGTCCGCAATGACGAATCTCCCGGAGGGTAGATTTACGGCTGGTTGGTACGCTGTACTTGTTTCTAAATGCCTCTTTGTATCTCGCAATTGGCCCAGACTTTGCCCGTTGTGTGACAACAGATGAAACCCCTTCACCGGCAACCCCGTACGGCAGAGATAGCGAATTCAAAGTTACATTTCGACGGCCTTGGAGAGATCAGTGCGTCCTGTACCCCCCCTATCACATCTGTTTACACAAAACCTTGCAAAACAATCGCTGTTGTTACCCGTCCACGCCCCGATTTTCGGGCCCCGTATCCCATCGCGGCACTGGGTCTATACTATCGAGTGGTGCCCTCAAAAATGGAATACTTGGTAAGCATTCTTCACAGTACTGGGGCGGAGCTTAAGGGGACAGATAGAAGAGTATGCGCACCAGCTAGGTCCTGAGTTGTATATTATACTTGGACCACATATTGAATGGGACAGTTTTAACTGCGGGGATTACCGTACGAGGGAGGGAGCGTTGGTGTGCGCGTTGCAATAATATATCCATCAACACAGTTGTGATTAGGCGCTCGTCCCTGCAGGGCGGATGTAGGGTACCATTTACCGGAGGGAGTGCTTCCCAAAATTTGGTCACGGACACGTTTAAGCATGTGTTCGATCTGAGTAATCCAACCCGACGTGTGATCGTTTGATCTGAAGTTGGCCGCTTTTCTGACTTCCACAGACAGGATCTTAACAGGTCGCCATTGTATTGCGTTAAGCCCGCGCGAAGCTCTAGTTTCGATCTTGATGTCCCTACTCCTATCCAACGATAGTGTCCAGCACTTATGCGAAGTTTCAGGTTTGGGGTGTAGAGTAATAGGCTCCGTCACGCTTAGTCACAGAGATCTGTCGCTAGTCTCTGATGACACCGTTGATCATTTCCTCGTGGGATGTTGTGAGTATCCGGAAGGCCAATGCACAACCTGACTGATCCAACGGCCAAGTGAGGCAAACATTCTCTTGTGATATATTATTTGTCGTTTTGCGAAACCGTAGCGACGTATGGGGAGCTATGTGCTTTCGTGATTACGGGCCGGCGTATGTAACCGCGATTATCAATATAAGTGCCCTCATAAACATAGAGCATCTAAAAAGCGGCCTGTTACAATTAGTAACCGTTTCATACTGTGGTAGTCAAGGGTTCGGGATCAAGTTTGTCACGTCTAGGTTTATTATTCATGCTACCAGTGGTTCCATTTTATGGATAATGGACATATTGTAGTAACAGCTCTGCACGGATCCGATTCCCTGATATAAGGATTGTGTGTACACAGGACTCTTGCTGGGCGGCCTTACTTTTAAGAGCTGAAGTAAGGGAAGTACGGGGTTGGTCATGCAGTGGATTATCTCGAGACAGCGGAGGGAAGCGCTATAAAGTTCGGGAAATGTGTTACAGTACACCACGACAGACCAATCTGAAGCACATCCAGCCTATTACAAATAAAT,1601,47.66,Drosophila melanogaster
SEQ_614142,TAAGAACAAGTATGTAATATCTAATTTATGGTCCATATCAAAGCCATCGATGCATGATAGCCCGGGTGAAGACCCTATAAAATCGAGATCCCTTATGTGGTAGCCGCGCATAAAACTACAATACTTCAGGTTTGACGACCAATTCAAGGGCAGTGACAACTGGGGATCTTATCCTCCCGATCAATGCCGTGGCATGCTGAGCTAAGTATGGAGAGGGCTTCCCGCTCTATGTTTTTAGTAGATGCGGTAGCTGTCGAGGGCCCGCCAGCAACAGTATTTATTGCTGACTCCTAGAACATCAACGTCAGTCTATTCCCTCGTAACGGGCAGCGGCTACAAGCATAGTCAGTTGCACTTAGCAACCTTAGAATGAAAAACAACCGGCTAATTTTTGAGAACTGAACGACGAAGACTTGTGACAGATGCGTCATTAGTGTATGCCTCACAGAAATCTGGTGGGGGTGACCGATATTGGACTAGCTGCTTCTGACAAGGCCTGAGTCATATCCGCCAAAGACGGCCAACAGAGAGATTCCCCCTGATCCACGTCTCGAGACTATGTCTTGTAACTGCAGGTGGTAACCGTCCAGGCTAGGCCCCATGTGACCGAAATGACGCGGTCATTCCCTCATTAGCCTACCCTTAGAAAGGTAGGTTTTCGGCTGGTTACCTCGTATCGCTACCTACCTACTTATCCGACGACCAGGATAAATAATCACCGGACCTTCTCTATCGGTTTCCCGGGCGAATACGTAAGTTGTGCAAGATCGATGATTTCTAGGTAATTGAAGACCCGTACAAATTCCGCTCTTTTTCGGACCTATTGGGGGTTTACACAGGATGTGTGTCCAACTTAGAGGGTTAGATTCCGACCGCTGCTCAACTGGTGTGGGTCTAGCACTCGCCGCCGAATCAATACTTCTTCTATCTACGAACCCAGCACTTACCGTTGTTGGAGCCAATTGCGTAAGGGGGCGTTAGAACGCGCCTAATCCCTCGCTCTAAGGGGAGTCTCGTTACTGGAGACGAGAGGTAGGTCGCATTTACCCGGGATGGATGTTCTGCAGAGCCTCACTTCTAGCTACGATATCCGAACAACATACTCCGTTTCTTAACTGCCATGTGGAGGTCCAACTGCATACCTTGTCCTAAGAAGGGAGGGCTGTTGAAAATACACATGAGGCAACATTGAAAACGCCCTTGATCTGGTTTGAGTCGCGGGCAACCGATGCCCACTTTGTGAGAGCCTCAAGTCCCCTATAAACTGGCCCATCGGCAACTCCCCCGCTGTGGTAGCCATATGTTAGAACGGTGTTTTGATAGGCTTGGTATTCAACGGACATGTAATTGAAAGCAATTCGGGTTATCAGCTGTGCCACAAGTGAAGATAGAGGCGGCCGTGTCGATGAAAGGGCCAGAACCTCATAGATCCTACACTACACTCAGACTATTCAAACATGAGGCGATAATTGTGATGTGT,1480,48.65,Arabidopsis thaliana
SEQ_357030,GGGGAGTAAGCTAAATCAACTTTTATTCGGGGATGTCCCACTGTGGCTCGTCACGGAGCTGCATCGGGGATTGTTGGAAGCGGGCAGTAAGACAGACGCAGGAGAGAAATCGCTGGCATGGCATCGGTCTCTTTTAAAAAAACCAGCTAATATCAAAGACTTCATGTCCACCTGTGTCTATGGGTTCACCCTGTGGGGACTAGGACGATACACCTTTTCTGGTTAGGCTGGCCCATCCTCTGCTTACCAGGAGCCCGTAACGTGAGGAAGGCTGCCATCCAGCTGCGCCACTAACGAGAGACTTTCATATCGACGATTCGTGAGCGAAAATCGCGAAGATACTACGCCACTTACGTTACTGTTTTTGGGATACGTACGGGATTTGCGACATCGTGAGGGTCAGAATCGAAGTCATAGTGTCGTTGCCGAGGCCTGTCAATTCTCATACCCAGCTTTCTATTACAGATCCTCCACGCACAAAGCTCTGATCTAAAAGTGGCTGCCTCCGATACAGACACAGTTTTTGGGGCGCCTTCTCTCACTTAAAATTAATATCCAACTTTGGCTCACAACGGCAGTTGGTCGTCCGTGTCGGACACGAGAGCACTTAGACAATAGTCGTCGGACAGTAGGATGATGCAGATCACAGCTTGTAACGATGAAGCAGTACCTTGCGGCCCGCCTCTGCTTCAGTTTCGTTGCTTCTGAGTCTGACTCGTGGACTTCAGATTAACTTTCGCGCCTCTTGTCGTCAGAAATAGTTACGCACTTGTCATTTTTGCAGTGTGCTCTACAGAGTGCAACTACGACAATCTGCTTTCCGCTATCTCTCCTACCTATGAATGGCCTTTATCGTGAGAAGTTCTCCGCGAGTGGTCCCTTTGACCCTTGACAACCGGAATAAGAATCGAGCTGGTCGTGAAGTGTCGTGTACCCATTGCTAAAACCGCTCAGGTTGGCTTGCACGACGATAGCTCATCCTTCCCCGGCGAGATCGTATAAGTTCCCGGATCCCGTAGGACACTGAAAAGGCACAGCGAACCCCCCCATCCAAACGTCGTTAGTGGTACTCCGGCGGGTTATTGAGTTCGTCGCAGAGGCACCTGGGAGAATGGCTCCCCACGTGATCAGAGACCGGTGTGCTAAACGCATTTCCGGATTAAGGTGGCCTCCTCCCCTAGTAGAGCACCCAGAAAAAAACGGAATTTGCTCGACGCTGAGGAAGTTTATAGGGGGCAGCCGCCAGCTTCAGGACGCGGTGTGTGATATTGCGGCTAGAGAAAAGATTGTCCGAACTGGGTGAGCTTACCAATAAAGATAGTGAGCGTCCGTACGCAGGCCCATCCTGACGGGGAGGCCTGGGAGCGTAAACACCTTCAAGGGGCGCTAGTGCCTTTTGTGATCGACATCGGTCTCGTACTGACTAGTGCGTCTCCCGTGCGAGGCACTGGCACGGATGACCTGCCCGATCGCCAGATATGGTCTTC,1487,51.98,Escherichia coli
SEQ_387847,GGAGGAGATGGGATGACGATTAGTCTTCACGTCTGGTCCTTGTCCTTACCTCCAGGGTGAAGTGATCTTTCTTTGAGAGCAGGTCCCGTTATGTCTGCGGCACGTTTTCTCCGAAAGGTTCCTCCAGCCAACGCCCGGCGCGACCTCTAGTTAGTGGTACACGATTGGTCGACTGTGCGGCCGAGGGACGGGAGCGTCTTTATAGCATTAACACGAGCTTACACAGATAACTCATCTGTGTCCACCACAGGCATTATCCTGGGGGCTAGCCGTTTAGGAAGCTTGTCGTAGCGGTGCGAACACTTTAAATAATCTAGAGCGTACTACACACCTTACAAGGTAGCAAGGCTAACATGGATTCTCCCAGAAACCGTCGACGAGCTCGAGTCGACGTGAATTATATATAAACTGTCTGGTTAATGCTCATCCAAGGATCCCAAGCAAAAGCCAGATGGTCGCGGACACTCATTCCAGCCGTTGATCCTTCTTGAGGGCCCCCGCTGCGAGGGCGGCGTTGCATAGTCGGTCCGTAAATAACGCTGTGTCTTGGCGTCCTCGTAGATGCATCTGCCTTAGTTATATTAGGAGCAGTGCGGACCCGAACTCGAGTTGGCCATCCTGCCACTTAATTAAGTCTGAACAGCAATTGTTCCCACGTGTCGCGCCGCCTCGGTGAAATGCTCGACTACACGGCGAGAGTGGTGGCGGTCTTATTCTTACGCCTATCACAAACGTAGGTCTTCACATGACAGGTGGCTAGTCCTACGAGCACTGAACCCCGGGTTACGGAGCCGTGGTCGTTGAAGCGATAAAAACGTATCCCCTGATTCTATATAGTGAAGCCTCGGTAGCTCCACCATACATCGGTCAGGCCCTCGTCCATGCAGGTGAAATAACAGACGCGCAAAGTGCATTGCTGGAGGCTCAACA,930,52.37,Mus musculus
SEQ_862571,CTCATGTCATGAGGTGGCGAACTGACCGAGGGGCTCAGGTAGCTTAAAGAGCAAATACTTATGTTCGAGGTATACTGCTGGAGGGGCCACTACCATAGCGGGACTGGGGTGGTTCTTCCCTGCGGTTCTAGCCGTACATATACAAAGTACAAAGGCTTTGGTGGATTCTTAACTCGGGAACCAATGAACTTAGCGTAACGACTCACACGCCGTAGGTGGCTAGAGTCCGTCTCAAATCAAAGGGGGACATTGCAACTACTAAGAGATAAGCGTGATGAGTGTGAACCAGGGCATTCGAGTCGCCCCCTCCGCGGGTTGCTTAATCGAAGTAGAACTTGCTAATACACTTTCCAGGCTAGGAAGACGGCCTCTTTTCAGTATCTAAGCCTCCAGAACGATTGGAGTCCTAGCGTTGATCGCTCACAACCTCGGTCATCTCGGACCGCAGCTCCATCTGTGACAGCCAACTAACCGAACTCGATACTGCCGACGCCCCGTTCCTACGTTCCTCGTGCACGCGGGGGAATCCGTGTAACCTGGATCATCTGGTGGGTAGAAGATTCCCGGTTGGGACGATACGCCTAGCATATTAGATCGACAGGCGCCACAGGCCCGATAAGTATTGTAGCGAATTGATCTCCGGTATCCTTCCCGGTTACCAATGAAGAACGCCTCGCAACCGTATAAACTCGGGTTGGCAAAGAACGCGGGGATGCGTGAGAACATGGATCACGCAGAAAACTTTATAGCGGCTGGAATGGCCCAGCGAGCCCACGGGATGCTAGTTAGCGGTTAG,796,52.64,Saccharomyces cerevisiae
SEQ_393871,TCATAAAAGCGAGGGAAAATACCAAGTCATTCCTACCAGCGAATGGATATAGCCCTATTTGTGGGGATGGCATCCCACCATTTTTGCTAGGCCGCCAATTATCCCCTTAGGACAACCTACTAGCATGTTAAGGTGCCCTCAGGCGACTCCTCAAGGGGCAGCGATTTCACCGCTCACAGGTGCCTGGCACAAAGAACTTGCTCTCCCGAAAGTGAAATAACCTACACAGAACACTGGCCGGCGACTTCAGACTTAGCAAGTCTAGTTTAGGATATGATTGGAATCCCATTTTTCCACTTTCAAATTAATACTAGATCGGGGTATATTCAGTTGTGTTGGGGCACACACCACGCCTCGCCTGGTTCACGTTTTTACGCATGCTGGTCTGCCACACTGACTCCGTCAGCCCACTCATGAGAGGCTATGTGCCCGTCGATCTCGATTATTAGGGTACGTGCTAGATGCCCTTTCCGAGGGGTGACAAGACTAATTTTTGATTTCGTTGCCACTCCCAGTATTGTGTAGGCTGGTGGGGATTTCTAGAACGATTTCCCTATGGACTGGCCACGCCTTGTGTCTGCGCCAAGTAGACTTCCATGTCCATATAAGAATGCATGTCCTGCTTAGCTAGTTGCCCCGCCTGGCCGCGTGGGATCGGATCGGTAGGACTACGCTGTTAGCTGGCAACCGCCACAAGGCATAACTAAACTATGTCGAGAAGGGGATGATGTGCTGCGAGAGAGTATGTAAGTCCAACATGTGCGCCTTCTGGGGTGTTAATTCCCTGCGATTCAAGCTACATGGGCCCCACATCTTAAGAAGCCGAAGACTGTTATTTGGCCGTTTGATGGTAGTATCGTGGCAAGAAAGTTACCATGGCCGGGCAAAACAACCCTCACGTCATTGTGGAGTTTCAGCATAGCTAAACACCTAAAGGGGAAAACGGCGCTAATCTGGCTGGAGCCATTAGTTCAGGTTCAGGAAGATGATCTGTACCAAAATAAGATCGATTGCTGGGTGCCGGGATCAGACTATCCTATTTAGTTGATAGTCAGGAGCAATTATCTCCCTTGCCATTATTGCCCTCCGAAGATCTTCAAGAAGGCTGAGAACAGACAATGCTACCTTTTAAAATTATAGCGTTCGGGAGTCCTGTGCCGGGGTTGGTCAATCCTAGATCAGGCCGTCTTGGACCGTCCGATAATTGTACCGGAGGGGCGGGACATGCGAGAAGGTTCGATATGTGTGGCTAGACATGGCCTTCATAAACTAGCTAGTAGATTCTAGGACGGAGTCGGGATAAACGTAGAGGTCTATGCCCGTTTGCTTGAACGTTCAATGTTCTTCGCCAAAGAGACTAGAATTTGTGGCATTCGGAGAGAGATGATCAAAGCTAACGCCGGTGGGTAAACCGACACATTGGTAACATAGTGTAAGTCGAGATAGGGGTATCTGGCGCCTGAAACCACATGGGCGCGAGGAGCATTGTTACCGCAAGGTGACCTGTGGAATTTTGGTCAGGGTCATGGTACCCGTGTTCGCACCCACTATGCAGCCACAAGCTCCCCAGGATTTTGGCTGGACGATGTTGGTACTGCTTGGAAAACAGGAGAGAACGCC,1620,49.63,Mus musculus
SEQ_213077,TATGCGAACAGCGTGAAAGGAATCACCGGCGTGGCATGTCTGGATCACTAAGGCACGGGCTAGACTCAAAGAGACTCGAAGATATCACATAACCGGATTAGCAATCGTCAATTTGACGCAAATGAGATTGTGACTACAGTTCGTTAATCACATGCCCCAGGTCGAGTCAAGTTTTAGTGCCCATTAGAAAGAAGAGTCACCGCAAGCGACATCGAGTAGTTGCGTCAAACACTTGAAATAAGAGGGCCCAGGCATAGCACGAGTCTACATTATTCATTCAAACATCGGTTCCCCCATGTGTGTAAGTTAGTCAAGTAGCAAGACGTAAGGACACATCTGCTAAGATCATACCCTGGAGACGATGCCGATTACGGATCCTCCTGGTAATCCCGTCAATCTTACATTAACCGAGTACTCGGCAGTGACGCGAAGTCCGCAGACACTTGCAAATTCGGTACGCCAGCCATCGTGACG,474,47.89,Mus musculus
SEQ_599106,ACGTCTGCTCAAAGACGTAGGTTTTTCCGGCAAAAGGTATGTCCTTTGCCATTTACCACTGGTTGTTAATACAGGTAACATAAGACCTAATAGCCTCGCAGGTAACTTCTTCCCTGCCGACTGTCCTCGTAGTAAATTGACATGATAACGACGCAAGTCTGTCGATCAATATTCTGGTCCCGCATCCCTAGACCCTGCTTGCAGAAAATTATAGCGCTTCGGACCTGCCGACCTTTACACTAAGGAGAATTCACAGTAGCTAAAACAGCGCCTATTCTTCCTAATCCTCAAGGCGGCGATGGCGATTTGAGTCAGTCGGCTGGTTACTGCACCGCCTCTAAAAAGTGGGCGGCCCGCGAATCGGGTCGCCCCGACTAGTACAGGAAGGGTCAAGCCGGTGATGAGTCAGGGCGGGACTTAATGGCGTTCTTCTTGGGTCCCGAAGTACCCTTCTCCCGGTCAGCTTGAGGTCAGTCTTACAACAACTTAACCCCTGGAGCGATGCACTACTCTTCTGGAGATAGTATCGGGGCGCATCTTTGCACTCAAAATTGGGACCAATCAGTGGAGACCTTTATGGACCGACATAGCGTGGCGGCCCCTAACACGGACTTAAGGACCGCAGCCACGTTCTTGGGCCTGTACTGCAGTAGCGACCATGTGTTCTCATTTTGTTGGGATGCCTTTACCGAGGAAGGGTGCTGGAACAGCGGACGAGTATGGGGCAGAACCCCGGTTCGAAACATTCACGCTACGCTTGCCCGGTAGTGACTGGCGCTTAACGTCACTCAAGGTTGGCGCGGTTGAAATCAAATGTAAGTTCCAACCTCTCATTCTCGTATGGCTAGTCCATGGAAGCCGTCTTTTGTCAAGCGTTGGAGCTCTCACTTCAGTTTCGAACGCTGCTTCTTGGTTGTACGCCTAGCGGGGTAGTATATCATACTCAAGTTCGGTATATAGAGCCGTTCTGATTGGTATGAGGAGCACCTACCGTCTGCTGGGGTGTCATAAAGTACCGATGGGAGGTAAAGGTTAAAGCCTGCTGCCACGCGTCAAGAACGGGCTTCCACCTCTCTACGTACCCCGGTCAGACCTCAGCGCAGCGCACACAACCCGCTTAGTAACCCAACCCTCAGTCTCACGCTGGCAGAAGTCGAACAGACATCAAAGTGTATCTGCATATAAGTGGTTGATCTCGAATTTCGTTTATCTAAGCAGCTACGGTTTGGTATTCATGGGCCACAAACGGTCACTATCTTGCATAGCATGCCCTCTACCTTAATTCACCTGAACGAGGCCGGTAGCGGTCGAGAGTAGTCGAAGTCCTGGAGTCGATAGTAAGGGGATCACGTCAGTGGTCACATAGTTTCAACCGATCGCTGAGGCGTAACGGGATGTGACGTGAGAGTAACCTCAGTGTGATTGGTTACGAATGCTGGAGTGGAGCGTAATCGCCCACAGTTCCATGGATCTTCCTTCTCG,1482,51.42,Saccharomyces cerevisiae
SEQ_898565,GCCCAGCTATGCGTAGGTGTTTTTCCTGAGAATTACTTATTCCGCGCGACAATTAGAATTCCGCTTCGTACCTCACGTGACGTGATTAGTCAAGCTGAAGAGAGGATAGTCGGTAGGTAGAGGCTCAATGGCTGCGAAGCACCAGTGATTCCACATAAGGATACTCAGTCAAGGAGATCAGCATCGATCACGCAGACGGCGAGTAGGAGATTGGCAACTTGGTGTGATGATCGGCATATGTTAAGCTCTAAAAACATCTTCTCAGCTCGCATTGCCAGGAGGACTATTACATGATCAGATTCGGATCTCAACTTGGGACTTGTGAAAGCCATTAACTTCTTCAGCGGTACGATGACAAGATTATCCCGGAGAAGGAGAGTTATCAGGAAGCCAGGCGAACACGGTACTATTCAAGATATTTAGTAGCATTTTAATTATCAAGACGGCATGTCGTAGTTGTTGTGGAGGTAAGCGTGCTTACTTTAGGATTACGTTATTCGCTACCTAGCCATGTGCATCCCTCTACACTTGGGAGTCCTCTGTTTTTTCGCGTCACGCCCATGGGCAACAACGGGCCCAGAGTTCAGCGACCGATCCAGATATCTTGCGGTGGTGACTTCGAGACTCGTTCGCGTCTTGACCTTTCTCAGCCTCGCCAGACGGACCCCAGTCAATCACGCGCCCGTAACCTGGTCATCTTTATAGGACCTGCAGCTTTTTCTGATGTAAATCCACTGCAAGGAAGGGGTATTGGCGGTCCGCGGTATAGCAACCTCCGACATAAGCGTCGACTGCCAGGGCGTCGACTAGGCACCTACCTCTGCACAGAACCCATCTTGCAAGGCATAGGAGCGTATAATAAACACTAAGACTCCATCCCACCGCGAATCGACTTCGTACTCTAAGTCTCTTAGGGCACATCAGCTACTTAGTGAACTGGGCAAGATTCGCAGCGGCTTTGGTCAATCAGAAGACGTCATAACTAGCCGAACTAATTAGCGGGTCAGGCCAGAATTGTAACCCAACTTTGAACCCGGCCGATAAATAAGGTGCAATTGCGTGATAGTAACCATAGCCGACGGTATGACTGGTGCGATCCTCGCTTCCTACGTGAACTATGTTTACTAGGGTTGCCGAATAACGTCCACTCTATTTTCTCCTGACGCCTCCGGTGCACATTCGGAGTCCGAGGGAGATCCTCGTGCACGCTGGGAACCTTCTGTGCATTCCTGTACTGATCGCAACAGTACGGATTCGCTAACGTAATCATTTCAGCAATGCTATATCCAAGGGGGGGGCTCGGATGACACAAGGCCACACGTCTCAGTTATGTTCCGAAACGAGTTTCCGAGCAATTCGGTAGGCCACACCCCCCAAAGTGCTACATTGGATGATGCACGGTTACTTATCACCGGCGCACCAAGATCCCCTCTTGTATTGATATCTAACGTCTCGTTAGCTGTTCCTCCCAAAGGGTGTGGCTACACGGAGGTGGGTGCCTCCAATTATTA,1511,49.77,Homo sapiens
SEQ_948617,GTCGTAATGGGCGGGATCTGCTGGAATCGGGAGGACCGGTCTGGGTTCAAGCCCGACCAGAAATTTGTTAGTTTGGATACCGCCTTAGCACAGCTGGGTACACTGACTTTACCATAGGCTTTATCAGTCCTTTAGCTATACTTGCTATATTCAAGCAAAGGTATACCCTAAAGGAACCTTCTAAGAACGTACCCTGGGACCTTTCTCACC,210,48.1,Saccharomyces cerevisiae
SEQ_640364,GCAGACGATCATGTAACCGCAAAATGGCTCCAATGCGGGTCTGTTAAGCACTCGGTTCTACTATAAACTCGGTTTCCACAACGAAATATGATCGGTGGTCTGGAGACCCGCGATATTACGAGTCGCAATTAGAGCTAATGGGCGGGGTCTGACTAGAAGGGGACGCCGGAGAGCGTATACATAGTTTGTGGAGAGCCTCGTTCCACTTGGTCACTCTCACATATCCACATTAAATAGTAAGCAGCTTGCAGCATACCCACGATCCACCTATAATTACTCGCCTTTTTAATCACCCGGGTCTATCGGACAAGAAAGACGAGCACGTGTCTAATAATGTACTCTCACGTGTTGTCTCCTCCATCGAAGCTGCTACTCGATATTAGGCGGTCGTTATCCGGGGCATTACGTGATGGGCCTCCGATGAAACGAACTTTAGTTTTCACCTGCGGCCCGCCGTCGTTCTGCCCGCTTGGCTTTCTTCGGCCCAAATTTCAATAAGCTAGAGGCCTCAGCGACGTGATTGGAAACGGTGCGTAGACTACTTTAATAGGCGGTATTACAGCAAGGAAGGAGAGCACTTATAGCAGGGCGCTGAGAAGCTGTATCCTTTACCTCATCTCCGCACCTTCAATAGTACAGACGGCCTGGTTGATAAAGGTATTAGAGGCCGCTTCTACTATGACTTTCCGTCACCCTTGCGTGCAATAGGCGAAAGTCCAACCCTGTCGTCGCTTATAATGGGAGGGGAGCGCAGGTCGTTCACTCGTTCGTTAAGATTAGCCGCATTCCGCAGAAAGATCAGTCGTTGAATGGCGGATTCACGAATTTTCTCACACAAGGGGCCCCACTACAAGGTCGCCTCCAGTTAGCCACCATTCTTCTAAGCCGACTTCGACGCATCACTTGGCAAAAAAGCCACTTATAGACGGGCAAGGACGCGAGAAGCGCTTAGTTTCCTGTCAAAGCCGATGAGTCGCTATGGCGTTTGTTCAAAGCGCCATACGCCGAGAAGGCATACTAGCAGCTAATCGCGACGCACTATGTGGCTTAAGTCTTCTTCCATTCTCTTGTAAGTAAACGATCACCTGTCATGAAGGGAACGTCAAGGGGGGCCCGTGACCTCTCACGAGTCTAGACATTGGCAATTAAGCCTTCTCAAGACTGTGGTCAATTACATCCACTATTGATTGTTCTCATGACGCCGATCCTGATCCGTTCAAAGTGAGAG,1228,49.76,Drosophila melanogaster
SEQ_287393,AGGAGATTACGCCAGTGTGAGCCCAATTACACCGTTCTCCGCAAGTGTCTGAATTCTGGGAGACGTGTTCTCTACCACAGCTGCCCTCACACGTTCAAACTTTAGAGTGCAGCCCATCAATTTAAGAATATGTTTCACTGAGCCTGAAGAACAGAATGGAGTTTTAGTCGCACAAGTTGCTACTTGTGAGTGTCCTCTCCGGAGCCATTCGCACAGCACCCGCTCATTGCGCAATGGGATACTCCAATGATATGCTTAATCTCCTGTATAACACCTCTAACTCTATTGGGAGACGCGTTCATTGCGTGACCATACCGGACGCTGAAGCGTTTGATACTGTCTGGACGCACCCTGACGCTAGCTTCTCTGCGACTGCCGCGTCAAAACGAGGACTTACTTCAGACTGCAGAATGATATCAGGGGAGCGTTATTGTCGTATGGGGATGTGCGTATCCGCCTATAGAAGTTACTCCCACGCTTCTGATAGTATCAAATGGGCTCGTACCTTGCTGTATGAGGGGATCAGTTGTATATTTCGTCCGCCACCCTACCCCCAAGGCAGCCGAAGTCTTAGTCGCGCAAGACGTTGCCCTGTTGGGCCAGGAACATGCGCACAGTAAGCGCCGCGTTATGACACGTTATGTTTCGTAGCAAAAAGAGAGCATACCAACCTTACAACTAGTTTGGCCTGGATTTGTCCTGTGTATCATGGTGTATTAATCGCAGTTTTGATACCGCCCTCCCTTGTCTTATGAGTCACCTCGAGGTCTAGCCACTCCCCATAATCTGAATCGGGCGTCAAAATTACAGACTTTTCCTTTTGTAGTTCAGTTGCTGGAGTGGTAATGACGTATCACAACGCGATGTAGGGGGTAGAGCTCACGCTCTATCCACTGCCAGGAAGGTAGGCACCTCTGTAGTGTCCTAGTGGGAGCTTATCTAGCCCCTCGATGCATCGTACGCAATATAACGCTGTGCCTTAACTCAATCCATAAGACCATCGGACCATGCTACAATATCCAAGGAGTTAACATGATAGCATCACTCATGCTGGATTATGGACTACGGCGGGCCAGTTACCACTAAGAGTTCGAGCCTCCGACAACCTTTGAGGTTGGTGTGTGCATAGAGTGATCTACCAGCAACGGATGCGTTCAGCCTCTCGCCAGCTATGGGTGCCCAGAGTAAATCGGCCCTGAGTTTCTGCTCCCCGGCTTGATAATCATTTCTGCGTGTACAGCTTGATGCGGACGGAGCCCGTCTTAGCTACGTGGCATCGAGCCCCCCCGCATGGTTGTTGGAAGAACAGACTTGTGTGCCGAATATGCCAGGCGCGTAGGAATGTCATAG,1350,50.3,Caenorhabditis elegans
SEQ_788393,ATCCGTAGGAACTGCGGGGATTCTTGCTATGGTCCCGACTTAGTGGAAGGCTGAACCGACAGGTGCGATAACAAAACATCACCCACGCTCCGTACTCGATACTATCACCTCCGAGTATTCCCTTCTCTTGCTCGCGTCCAAACGATACGCGACTCACTAACCTGACAGCGTGTCCTAGGTTGTAGGAGTCTGCCTATATAAAGTACCGCCTCGAGTTCTCTTCTCTGAATCTTATATTTCACCAGTGGCTGATTGTCGCGGTTTATTGCCAGCTCACTTGAGGACCATCCGGCCCTAGTAACCCATGGTGATAGAACTACGAGTAACTTGCTAGTTTAAATATCATTCTGGTCCTGCTATGCCATTAGCGCTTTAAGGATCAATTACCTCTCTGTTTGCTAATGTCACGCCGTGGAAATGTAACGACAGCACTATGAGTGTACGCAACCATTACTCGCTCGGGGTTGACCCCCTTGGGATAAAATCAGCAGCCAGACAGAGAGAAATTTGTGCTCTGTCCGATAACCATGAGCCTGCCTTGATCCGTAAGTTGCGTTGGTGACTCCTCCAAGACGCCAGTCGTTGTAACTACTGTGATAGGACTTAATTGACCCAAATTGCGTAGAAGGGCTGACCTCAATGAGGCGTCACAATGATTTTGCGGATCTGCATTAACGGACGCGTTCTGAAGCGTACGACCGTACCCCAAATTAGGGATCCTTTTGAGATTGTGTCCTCGGTAACTAGATGTCCGTGAGTTTACTTACTCAGAAATAAAAGTCTATGTAGGTGCCCCCTCGAGCGCTAATATTGTATTACAAATCAAACTTACGTGGTAACGAAAAGCCCTCGTGTAGCGGTGGATTTACGGCATGTAGTTCCTAATATCTTAGATTTAACGTACTGGGAAGTTGCTTGCACCCAAAATGAGTGCCCTTGAAATGCTGTCTTGCTTAAATAAGCCACGGGGGCCATCGTCATCCGGACCTACGGACATCCCAAATAACCTGCTCGAACAAGTACTCGAGCCTCCGCCAATGCGGTAGGAGTGATATGCGCATCACGCACTTTACCCTATTACCTTATCCCCCGCAGTGGCGCAGCCATGACAAACCGCTTGGACTAAGAATCTAAGCACGTGACCACGGTCCTTGACGTCATAACGCATGTTAGC,1174,48.21,Caenorhabditis elegans
SEQ_974266,CCCAGGTGTGGTAAACTTGTAAGCTTGTTTTAGACGGTTAGGGTCAAGTCACTAATTGACGATACCATCTCTAATCCTTGCATTGCTCCCCTACGCTGCATTCTCCTGTACTGCGCGGATACTGTCGACCATTTCTCACAGTTTTGACTCACGAGCCAACCCGGTATTGCATTAGCCGATACGTGGTGAATTGGTGAAGCCGAAGGAATGGTCCCGCCTCCACCTCTCCTCAGTTTACGGGGAATCGATTACTGCTTGAAGAAGAGTTGCTCTTCGGAAAGTTCGGTGACTAAACACGGTGCGTGGACCTTACCCTTGGCGCGGACTGGGATACCCCTGCGAAACCGCGCCTACTGTCTGTGTGACGGATCAGCAGTGCCGTCTGTTTGCGTCGTTTGCCTCTGCGTGCGTATATGGCAAAAGAGGGCTTCTTTAAGCGGCCTTTCCTATAATAAGGGAATAAGACGAAGGATGGCGCGCGCTGGCACCGTGTTCATCTGAACCCTAGAACGGTTCCCGTTCGTTAGTCCCGCCCATAATGACAGACGCAGGTCTTTCGAGTCGATTTCAAAGAGACAATGGAACATCAGATTCCCGCGGTCATGCGCAACTTGGCATACGGGACAATTGCTCGACCCATCTCAGGACCTTCAAAATCTCGGGAGGGCACGAGTCAAAATTTATAGCGTACAAGTTAGCTGACTCGCCGTCCCGACGACCCGAACAAGCTGGGGAGTCGAGTCATGGGACGTACAGTCTTACGGGCGTAACTGCTAGCTGTTATTGGTATAGTCTAGAACACACCTCCGCACAGCGTATTCATTCCATAAAATTTGCAATGCCATGACTTCTGGGTTCTACCAGCTGGTCCATGGATTAAGTCCAACCCCCTCTACCACTTGGTCTCGGTTCTCTGTTAATTAATTGTGTCATAGCTCCGTAAAGGTCGTCGTCACAGGGCCGGTTCAGTATCGACATGACTCAATCTTGCTCTAGTACCTCACAAGCCGGACATTGTCATGCGTGGCCGCCACTCCCGGCATTCCTGGGGTAACCTCGATCTTTGAGAACCGGTATATTGGTTTGTACTTCCATCAGGTTGTTGAACTGAACTTTCGTTTCATTGATAGCCTGCTGTTTTTTGATGGACCTTATTCCGAAGGTGAATGGGCGCGTGCTCACACTAGACTAAAAGGACCGTGCGTGAATGAAGAACACAAGTCCCCTTATAGTCGTAGGTTCGTCTCTCCGGACAGGCGAAAATACTATAGACGCCTAGGTTAACGTTTAATGATGCACGGTTAGTATTAGGTATCGATGCGGCGAAGCACCAGGCGTACGCACTTCTACGGAACTTGTCCAGTCCTACATAGATCCCTTACCGAGAGGTGAAGATAGAGGCATCATGTCACTTAACGCTACAATGCAACGATCGGTCGACGTCCGTGGAAAGAAAGATTGGCTCCGTCTTGAAAATTCCAGCGTTCGGACTAACCGGAAAACATATAGACCCTTCTTGGGGCCCTCT,1528,50.13,Mus musculus
SEQ_215420,GAAGGTTTCAAAACAGCTCGCTGATTTTGGGATGGACATATATTGGGCACGAGGTGTGCGAGTCATTACTGTCTTTCACTTCAACGACTGGCACGCGCCTAATGATTGTAAGATCGCGAGGGTGTTAAGCGTTGGCTAAAATGTCTTTAAGGACAAAGTCATGGGTAAACGGAGATCAGTAAAGTTCAACTTGCAATATCTGCGAGTTCCTACCAGTACACATGACAATCCGAGGAGCTGCCGTAGTTGGGCAACCTTTCATAATACCGTGCATTAAATAGGAGGTTAAGGGATGTTGAGTCTCTACGCGAGGAGCAGTACATGGCATAAGCTCTATTTGCGGGCGCGCGTCCTATTGTTCCCCCATACGCATGAGCGGGAGTGACAGTACGAGAGTATGAGCAGTCAGGGTTAGACCGTCTTCGTTCGGTTGGTGTCACACTCGGGATAATGCGAAAAGTTGAATCGTCCGGGGGAGCAACGTGCTATGTGCTCTATCACCGCTACAGGCGATACGCGATCCCTTACGCGGAATGAACGGTACTACCCTCCCAAATGTTAGTGATGTACAATGGTTCTCACAGATTGTCTGACCCTATCTCGTTAAGGCTCGTATTACCTGTGCTAGGCGACGAACGAACCAACGCAACCATTCGAGCTGCGCTGCATCTTATTCGGACACGGGAATGGCCTCTTACAAATATCACCCACACTGGATCCGCGCTCCTCGCCCATGACGGTAATAGCCCTCGAATGTCCCAGTGTGAGTTCGGAATGAACCAAGTAACACATGTGGTGCCAGTAGATCACCAGTCGCTTTGTCTTGCATAACTTGTGGCCGGGCGAAGACGGATATAATCTAGTTATCTGAGGGTAGGAGTCTTCGCGCAGTTTATTTCTAAGGATCAGAATTCGAGGAATACTGTATTGGATTGGAATCGCTTCCGTTAGCCTGCCAATCCTCACGTTTACCAGTCGCTGGTGAACCGCCTGTAGATGATTTTGTGCGTGTCATGGCCATCGATCCCGCAACATGTAGAGGTCATTCTGGAACATCCGGTTAATCGTCGACGGAATTCTGCGTTAAAAAGCTGTGTATTCAAGCTGTACTCAGAGAATGGTAGTCAACAGGACACATTTTACACTCATTCATTACTTTTTGTGAGAGGGCCGAAGGAATCCCGCGAAACCTGGATACTTGTTAGGATCAAAGACGCGACTGTAGCTACGCTCGAATGCACGGAGATCTTATGGTCTTAGCGCGCAGCAACGTACGCACCATAAGAAACTGAGCGGGGAACGAC,1304,48.85,Mus musculus
SEQ_723583,GAGAGCTTCAATGACGCTGAACCTATTCAAAATAGTTCTATAGCTAGTAGTGGGTCACCCGCAATCACCTGGGATGGTCCAGAGGGCGCCACTCGATTATCCCGGGGATTATGCTTTACCGTAAGTCATACCTTCAATCAGTTGGATAAGTGCAATCCCGATAAGTTGGAGTGCTGCTGGGCAAGTATTTCCCAATTCGTGGATGACTATCCTTTCGAAGCACGACACCACACCCGCGGGCGCCGGAGCAACAGGAGACAACAGTACGCACGATTTCCGGGACTATCTGTGACCTAAGACCGTCCGACTCCTCAGACCCCATACATTAAGTATGGTTGGGGTACCACCTGATCACTGGTATTCGAATGTGCTGAACCGCGATCTGTGGCATAAACAAAGGATTAAAAGACTAGTCTCAACCTGAACACAGGCGAAATCTGGGGCGTCCGTCCCATACGTCCCCCGGATTTAGAAGGGTGGCTATTGAGTTATATTTACGTTAGCAACAACAACGAGGGTTAACCATCACAATTCTAGCGGTAGTGGTGTGCAGTTTTGCTTGACACTGCGCTCGGTACCCAGGGGGGGGAATACTGCGATGTGTCTCCACCCTGATTATAGGAAGTATAAAAGCGAACACGGGCACATATAGTGGCCTCGCACAGAGTACCAAACGCGTGCGGCCTAGAACTCTATGAGTGACCCGAATAGACTTCCCGGGCGATAGAGCCGCAGGACCAACTATGTCAAATATAGACCAACGGCGTACGGGCATCTGATATCATGACTTGTGAGGACCGTAGGTAATCGTACCCGAGATACGTGGGATGAGTCCGGTCGGCTATTGAGCTGGAGTCACGGTGTGACTATGTCCGCGGTGGATTGATGTTGAACTAAGGTTACGAACCTCGAGTATTTCTCACGACAATTTGAGGGCCGCTTACATATGTCTAAACGATCTTGGTGAGAGGCCCCTTGATCCAGGATTAGT,991,50.25,Drosophila melanogaster
SEQ_215604,CACTCCGCAAATCTGAGCGTAAAATCGGAAGTACGGTCTATGCGCTTAAGAATCATACGTCGTAATTAGAACTAAATTCTAAGCTGTCTCCTTAAATGGCAAAACGCGGTCCACCTGAAGATTACGCCGCATCATTCCACTGTCGTCAGGCCCTCGGGCTGGTCCGAACGACGAGTAGGGGTTCATGAGGAGTCGATAAGCACAGAATGCTCCCATGGGTGTAGAATTCGAACCAATGGATCTAGCGGTCTAACGGAAGTCTGGGGTACGCACACCATAACTCCCCTACGGGAAGTCAGTACTATTGGCGGGCCACATCGGTAACGGACCGCAATGCACGCCGACTGACCATGAGTAGCGGCTTATATCCTTGGTGTTCGTGCAACTGGACGCGCACCGGTCACGCCCCATACAAGGGATATCGTGTACCAGTCAACATATATTGCCGACACGGCCAAAAATATCTTTCGATGATTTCGGAGACCGCGTATATGCAGCACCTTTCTCAGAGGGACTTCAGGTGTTGATCTTATCACATATCGTGATGTTAAAGACATCTGCTAAATTCCTATCATCTCATCTGGGTGTGACAGAGTTTCGCGGATTGGTATACATCCCCTGTAAAGTGACCTAGACAAGTTTGGATCGCTATAGAAACCTGTTCCCGGCTGTGCTATGCATGCCATTGCGACTCGTCTCCCGGGGCCAGGCCACATTCCACCGCGTACGCTGACCCGCGTCATCTACGGCGCGAATGTGTCCTGGCCACGAAAAGGAGGCCGAGTTTAGCGTGTTCACCGCTACTTAAGCGGTGCCCTTTGTACGTACCAGGACTCGGTACGTAGGGCATGTCTCAAGTTTCTAAGCCCTAACGCATGGTATTTGCCTTTCCGCGAACGAGGGTATTCCCGCACAGGTTATCTCTAAACGATTACGGATCAAGTTTTTTGACCCGACTACGGACTTCCGAAGTTGGATGGACCTCGGACAACGACTTCCAAGAACAATACCGAATACTGGAATAACAGCCCCGGTCTGCAAGAACATAACTCATGGGGACAAAAGTATGTGGCTGTTCTAGGAGTCAAGCTCAGAACATGCGGCTTCTAAACCCCCTCAAGAGACCAAAGATTAGCCGGGCGGGAGTCAATGGAT,1155,50.74,Escherichia coli
SEQ_904213,ATGGCGTCAATCTCAGCTCGTACAGCAGAAGACTCGTTCGACGATCGGCTAGTGCTACTATAATGTCCATATGCAACCTCGGAAATTATCTTTTCCTCTATTACCGGCGGGGCTACGCACCTACGTCACATGATGGGAGATCGAAGATATTTGCTCAACGGAAGCTGAGCTAGGAAAATTAGTTAATGTGTAGCGCGGGTTACCCCGCGTTCCGTCTATGGGACAGACCACAAACCGCGATGACGGCATTGCTCAGTAGATAACGAGGGGAGAGTATCCGGGCTTTTCACATAGTCAAGTCGACGTCTCAAAAGTTGCTTCAGTGATACGTTTGAAGTACATCTCCTGACGGACTTCGGAGGCTTATCGCTAACCGGCAGTCAGTATAACCACGGCTTACGTGTTACATACGTGAGATTCTGGACGTAGACCGCTTCGAGCCGCGCGAGTCGTAATTTGGGTTCCGACTGGGCTGCAGACGGAAACGATCGGATCAGGACAAGTGCACAGGGATGGGTTGCATTCGCTAGTCATTATAATTGAAATATGGGTAGAGTTCTTCGGGCTAGCGTAACGAATGTCTGATTACCACAAGGCAGGACAAGCATTCGGTTATTGGGGCTATCCACTCACTGCGGCTAACTATACGTATATTAATGCCCCATTGACGGGGACGGGTGCCGTTAATTGGCGAACCACATCAGCGTTAGGGTACTATGATGTGTGCTGCACCACGACAGTTATAGACAAACCGACGTAAGTTAGCATCTGGTTGACCACACCCGGGAAGGAAATACAAATGCCAATTCCGCGAACGCCATTTAACGTTCGATTGCCTTTCGTGCGGCGCGTCTCGTCTTGACTGCGCCTAAACCGCTAAAGCTCACTTGCATTGACACCCGGTGGATTACAAATGGTCAGGGAGGCGACAGCGATGATCCTCTTCATTCAGCAGTAACGCTCATGTTCTACGTTAGTTTATGCTTCATGTCAAGTTTTCACTACTGATCAGGCGCCTAGCTTACTTTTTGATCATAGTTTTCGGGCAATCAGCAAGAGGCCATCGATAATCGATGTTGTCCAGCTAGGTTTAGGGTTGTACGAATTCAGCACACCTGCTCCAGGTCTTACTTTCCGCAATCCGGACATGGACACCGTCGGTAGGGCGTGGGAAGAGCAGGTCCTAGAGTCTACATCGAAAGTCAGCTGTCTTGGCATGGCCGTAAGTCAAAGGTCTAGCGACAATAGCCTTATATCGTGACCTAACGTGAGGTCGCGCGAACTCCAAGGGCCCCACATGCTCCTCTGTTCACTTGGTGAACAATAAATTAACGATTGCCTGTATTGAACCTGCGGTACTGAGACCACGTAGGCTCACGCGACGGACTGTTACATCTTTGAGGGACAGGGTGTACTTATCGACGAGCTGCTGTGTACCTAATTGTAAAGGCGCCGCAGTCTCTCCGGGTGGATCCTTTCACGATCATGCCACCCCCGGACATACCCGGACCTAGCAATCCCTATGACTCCTCTTGAAAGGTCCTGGTCCAATGGGATACAGCTTACACGTGGAGGTGTGTTACGCAGCTGCTTTCTTCCAACAAGACCCGTGAGTTGGACAATAATACTCATGGCGGTCATTCGCTGCCACGTATACGGCCTGATGAGTGCGTCGCCCGTAAAGTTCTGAGCTAAAGCGCGGGACTCCGCTCTGTAAGCGGCCTACGGACCATTCCGAGCAACGATTGGAAATACTTCATCGGCCTGCTCACCTGCG,1777,50.7,Escherichia coli
SEQ_287549,ATAGCACGTACACCTCGTTGTGGCAGCGTTTCGCGCTTTGAGATCTTTATTCCCGCGTCAAGCATTTCCATTTATGCCATCTTACGGGCCTGCTCATACGCTGGATTCCGTATGGGAACGGATCGGGGTCCAACCGACCCAAGTGTAGGTAGCGACAGGGCACATATGGCACCATCGTTAGCAGCAACACGGGATACGGGATGCCAACAGCTCTAGCTTCATCCTTGGTTCGTACCACGAGAGGTTTCAGGGCATTGGGTGTAATATGGACAGTTCGAGAGCCTCATAGGGACGGGCGGAATGAGATATTTGAATTGTCACGGAGTCTCTTAGGCATCCACTAGGTTAGGACCCCCCCGCCTCCATTAGTCAATAACATGCCTGTTGCAAATCAGATACCCAAGATAGTCGGCTAGGAGGGCTGAATCAGAGGCGGAGGCTGACCGACGGTCTACTGAGACATGACCCGCTATCTCGAGCAAATACATCGTCCCACGAATGTCGACATATGTTAAAAAAGTTTCCATAATAATTATTAAGGTATGGAACCTCTAGAGTCAATTAAGAATAACATACCGGCGGTTGGAAAGTTCCGCCTAACGTTTATTGCCAGGTCCCCATATAGACGGCAAGTAATTTCGCGTTTATTCACAGAGGTTCCAGGTAGCCGAGCCTTATAAAAGGAGTCGATTTTAGTGCGAGTTAGTAAGGGTTCCCAAAGACGCCCAATGTGGGTAGGAATGGGTGAAAGTGATCACAAGTAGTCCCTGACAATTCGTTCCCATATTCGTGGCGGAGGCGCGCTGCTCTATTGTCATGGCGATCCCAAACCCGTTGAGGAGTTATCGAACGCCATGATGAGGTCGACCCTACAGCGCCCACAATATCAGAGGGAGAGGGATCTTAACTTTAATCTAACATCAACTAGCCATCAGTGTGGGTTCTGGCGGACTTCTTACTATCATCGCATGCTAATCCCAACCCACCTTTAAGGATCTCTGCTAAGTTCAGTTAAATGTAGTACCCAGCGTAGGCACCATTCCCTTAAGGTTTATACAAGTCGGCTACTTTGGGTGCTAGCAACTGGTCTATTTTCCTGTGGCGGAGGCAAGATAGCACGACCTACTATACCTCCGCTTTACATGGATCGACGCGCTTTCCA,1162,48.97,Caenorhabditis elegans
SEQ_432649,TGAGACTCCGCCACGATTTTAAGTCAATCCCTCTCGGCGCGTACCTTATGAGGACTGGTCATAACAAATGTCACCTGGTCAGCCATAATCCGCGTTGCAGTGGTCATATCTCACACCCTAATACCTTACGATCCTCACTACGTTAAAAGATTAACTACCATAATCTCGCCGGTGACATCCAAAGCAGTGAACCCTGTGTTTATTGGGCCTATGCACCACCGAATGTATTAAGAAATATGCACTACCACGGTCTCGTGATCATGGATTCCCCCTCTCCCGGCGTTCATGTGCTACCGGGCCTACGTCGTTAGTAGAATCACCTTAAACGATCCCTATGCACTCGAGCGGAGTTATACATCGAGATAGCACAAGTTCACCATGTCGTGAAATGCTCATACTCCAAACAGTAGTAGTGCCACAGCCCATCATCTACCCAAGTTGTGTCCACTTGACTCAATCCTCTCATCCAACGGACACGTGTCTCCATCGGGACAAGACTGTGCTTTATCCGAGCGCCGTATTGTGCAAAATCAGACCTATTCATCATGCGTAAGTAACCAGTGAACGGCATTAGATTCCGCGGCAGTGTTTAAGACGCGAACATTTCAAAATTATTCCACCCGCAATCCGACATTAAAATCCAATGCGCACATTGAGAAACATGAACACGGGTAAGTCTTTTAAGTCGTAGTCCTCTTCATCGCGAAATCTTACAGGAGTGAGTATGGTTGTAATACAGATATCGGGGGACACATCGGCAAGGAGCGTTGATCTCCGGGGCCTGCGCTTCCTTCCTGAGTTCACAAACATGAGGGACTCCATGATAGGAGGACATTTATGGTATCTTGTGGTGTGCCGAGAACCTAGTGTATGGAACTCCAAAATACTAGAACCGCCGGGGCCGTAGGGGTCGATGGATTGGAGATGATCTTTGGCGCTCGAGTTTGCCTTGGGAGCAAGATATCAAGGGGGAGAAGGGTCAGGGTGGTGGGGCATGATTAGCTGAACCGATGGAAGATCTCCCGTAGCGCATCCTCTTCGGGTCGATATTCTGCGGAAACGCGTAGCGGGATTCGAACAGTGGTAACTTACCTTCCTCAATGGTATCCACTTTAGGAGCGCCAGGTCCGAAACAAACGGGGTGAGAAGTTTACGAAATATTGTTCGAAAACCTGATG,1178,48.56,Mus musculus
SEQ_708570,CATCTGTTGGGAGGCTTACCTTGTACGTGACATCCAGAAGTCGTTTCTTGTAGGGAATACGAGCGTCCTTCTTTGTATGGGCCTTGCCCTCCATGCAAATTATGAAAGACGTCAAGACGCAAATAATCTTGCAAAGTTTTCCGCATTGATGTTCAATCATTGCTTCATCTGCTGCGTTTGTGGGTTAAGGTGTGATATCCAAACTAGTCATAAAGCACTCCGCTGGGCATAACTATGCTTGTGAAAACCGCGTCCCAGTTCTCGCTCTCCAGGGGTTGACAAATATCATACATGGTTGGAAGTAAGGCCGGGAACTATCCGGATCCGGTGCATTCAATCTGACAGATTGTACAGATTGGGTTCAGTCTGCCATTGACAACTTGGATTCTCGCGATCAATCGCCAACCAGGGATATATGTTGGGGACGGAAGCCCGAAATAATGGTCACTTGGACAGTAGCGACACATTTCCTCGCGTTGGGATCCGCAAAGTTGAATACCCTCTACCTATTTAATCAACAGACTGAGAATATACTCAAGACACATTGATCCGGACTGGGGGTTCGTCTACATCAAACTACTTATGTGACCGTTGGGCAGCTTAGGCGAGAGGTCCCGATACCGGGACATAGGGAAGCGCCGATGGCCGGGTTTTTGGATACCAGTTGCCGTGCCGATATGAGCAATTCGGACGCACCATGCCCTACACAATTATCAGGCCCCGTCCTTGACTCCGCTGCACGGGCAGCTTGCTATCATTACACAAGCCCCGAAATTAGATGCAGCAAGGACTGGTTGACCCTGCAATTATTATTTACTACTCACCTAGTTAATAATAACGTGGTATGAAATATTGTGTAGGCATCCTTGGCGGTGGTTTAACTCTACGGCGTGTAACAGAGCCTTTGACAATAGGGCATCTCTATGACGGGACGTCGAAGCAAATTTGTGGCGCACAACATCTTCCCATAGATGCGCTGGTGGCTACAGACATATAGAATCTTCGGACTGGCGACTCGCGTATCTTGCTGTGCCTACTAGGTAAAGGGCCCCTAAGCGGTGGTTATGCCGAGATGTCAAGAAGACCGGTCTCAAATATAATTGCACAGGTTTATCGAGCTTAACTAACGCTACAGGGAATGCCACTTCGTAACCGTACTATTAACAAAAAGGCATTGCTATGGTAACCATACCCTATCTGGCGCCAAATGAAGAGTCCGCAATCAAAAGGCAAGTTTACTTGATCAGCTCCGACGTTAAAGCTTAAAGGGATTATCGGAAAAAGGTACGGGTGTAATCCGGTTAATGCTTATCTCGGCCGCCCGATGCGAGGAGTCTGTGACAAGACTGGGCACGTTGGGCGTACGGACACAGACACCATAAAGGGCAGCGTAACCAGTACGGTTGTGCAGAGAGCCAGAGGAATTGAGTGAGC,1434,48.19,Arabidopsis thaliana
SEQ_855013,CCTCGTTCAACGATCCCGGGCCCAACAATGCGAAGTATGAGTGTTTAATATGAGCTATCTGCGGATGGTTTCATCGCGGTTTCTACCAGATCCACGCAGTAAATAACTTACATAACTATAGTCTTTAAGACACGGCCATTGAGATAACTTTACTTCCTGAGGGTTCAACTTTGATGCAGTGTGTCAGTAGGTGGCATCAGGCAAATCAAGCGTTGAGCACGTAGGCGCAGTATGAAATTACAATCGTATAGGTTATGAAAGTGCTCCACCATCACACACATGTACAATGATGGGCTAGCTACTGCTTGATTCTATGCTGGAAATAGAACTCCCGTACTGTAACTAGGTACACACAGGGACACAAAAAGAAGTTGGCGAACTCACCCCGCTTACCATTGACGCATGGGATAATATTCCCTAGACCGTTCAGCCTCTGGGAGGCTACCAACTAATGCAATTGACACATGCCAAGGTGCTAGCCATCAGCATGCACTCTACGCTTGTATTATTCAAGAAATTCTTGAGTTGGGGTAACGCATCTATGGTTGGGGGAGTGCACTATGGAAAAACTTGAATTTTTGCGACAACCCTATCAAAGATAATTTTAATCGAGGTTACTATCCAAGTGCGCAGTAGTGGCAGCGTATTTTGGTAGCAACACTGGCTATTAGACTTCGCTATAACGAGGGTACGCACATCTCAACAGGCAGGCCACTCTTAGCTTACACGAATTTCATCGGGCATGTACATTCTCTAAGTCTATAAGGAATTAGAAGGAACCGAGTCGATGGATGCTTCAGGGGTAGGGTATGTGGAGGTCGTCCTGAGGCAGTAAGGCCCTACTTCAAGCAACGGCCCCGTGCCATTGCTCGAGCCTACAGCTTTCTATCCACGAATTCTGTGGACAGCCTGGGTGGAGGGAAGGCATCTCAAAACAGTGACACGTTGATGAAGTAATATTGTTGATCGGTTCGATTAAACAGAAGGAACGCCTGCTATTGTCGCAATTTTACGTGATACAAGTCGTGAAATCTGGATTGCGTCTCTAATAGCTGTGGTGGCGGGGAACGTGTGATCCTTTTACTTATAAGCGGTTTACCCCGCCTGGTATTAAATCCCATACTGTAGTCTAGCTATGACTTCCTGGTGTGTCGATAGAGATCTAACGCTTGTGAAGGAATCAACAGGTTAACGGCTCTACACAAAATTAATAATCAACAGTCGCAGAGTGCTAACGTGCGGCCGCATACAGTATGTTCTTAGCCTATTAAAGATCTGACGATGAACAATGACAGCGACGATTATCGTTCGTTTTCGCACAGTTTAGCACGTTAAATAAGCGAACTAAGGTCCCGACTTATGTCCACACGATTGTATAGTAAGCGGTCCATAATTTTCGAATTTAGCCAGTATGGGTTATTGCGTAATCACTCTTGTAGGATGGTTCGGAGTCCCTATCGGCGGGTGGACTGCTAATTCTATGTGCTATTTGCATCCTCATATGGATTCGCTCCGCCCCGCACGGTCACCTCCTAAAGTAAGTCTCCTCTAAGGTCGCGCATGAACAAAATTTAAGCGCTAAGTGGAACTGGATGCCGAGCTTCGGGCAAAGTAAGAATCTTTGGCAGACTG,1632,45.65,Homo sapiens
SEQ_598955,AGATAAGGAGCTTATAGATCTTCGTGGCAGACAGCCGCTACCGAGCCACTCAGCGTATTTGGATGTGGACGCTTGAATTAATAGGTTGAAGTTCTAACCATCTGAGGAGTCATTGTCTAACGACGTGGGTAATGCCCCCAGCGTTCATGGCTGTTAAACCAGCACGCCCGACGAGGTCTAGTCGACCGCCCAACTACCGCTGGTCTGTATTTAATATGGGATTGCCGGATCCTCGAAGTCGCAGCACTCCCCCGCGCAAATAGCGCGACGCCGTGTGTAAAAGCGAGCAATGGGAGGGGGGGGTTTCAGAAACGGGAACACCAAAGACACTTACCAACGCGCTGACGGATATCCATTAGGAGTTAACACAGTACTGGACAATTAAGGATTGCTGTTAGTTTCTTCCTATTAATAAGACCGGGCTCACTATGATCTATCTCCGACCCGAGTTATGTGACGATTACTTCCCCCCGTGTGAAGCTTTCCA,487,50.51,Saccharomyces cerevisiae
SEQ_712143,TTGTTCGAGTCTGGCTACCCAAAGCCGACCAGCTAGCAAGGATGTCACCCCTGTAGTGCTGCTAAGTCACCAGATTTCGCGCTCTTGGGTGACGCTCACCCAGAAAACGGTAACCGTTCAATCTATCTTGGGACGTAGACTCGCGTCAAGCCCGTAGTGCTCACTTAGACTAGGGCACGGGACCGAGCCGCCTGGACAGACTCATACCTCGGATAACAATATCAGGTAGTTGATATGATCACCTTCCCAATCGTGATCCGTTAAAAATGATGAATCCCTCGCTAGTAGTTTCGGTGAGGCCGATAACAGACCGTATAGCCAGGGTTACTGGGTCGGATACGTGTTGTCTTGAGAAGTAGGGAGGTGGAGATATCAGGATTGGGTAATGTCTCCCGGTTCCGAGCGTTTTAACACTCGCCTGATCACGAGGATAACCGCACACGATTTATTTCGGCAAATAGAGAGGCTCAAGGTTATGGTAGAGCCATTTTTTAGAAGCGGATATCGTAAACAGGTTCACGTACCTTTTGGGAGCCGCCCAGCCGGCAGCGCCCCCCAGGGTGATTCGTTGGAGAGCTGAGGTATAAGAATTGGGAGGACCCAACTGGCAGGCACCGCCGGACCCGGCCGAGAAGCAGATCAG,643,52.57,Drosophila melanogaster
SEQ_428278,GATGCATTGGATCATGTTCATCACCCTTTCGGGGCCGCTAAGCTGATTAGTGGGATACGTCTGTCTCCGGCCTGGAGATGGCAGATCGAGGATCCTATGCTCACCAAGACTTTTTCAACGCTAAAAATCGAGCGATCGATCCTACGCAATACGTGCTTCCGTCGAGATTTGAGACCGCTCGGATCAGAGATACGTGCACTAAGATGAACTTGGAGGATCAGGCGCTCTACGAGTACGCCGTGAATAACAGACGGAGCAGCTAGTCGCTTCTACTAACGACTATGGGGACTCCCTATCCCTCTCCCGCAGATTCAATCACGGCGATCCCACTTCTAGTGCTCTTTGTTTGTTACCAGGCAGGTAACCGCTTCCCCTGATTGACCTGGCCAATAAGCGGTTTTAAAGAGCCTGTCCGCTGTGCGAGCCGCGGATCTGTTGATTGCGGCCGATCTTGCGAAGAGTATGTATTCGAATGTGATTCCGGGATATCTGTCTGATATATGGGACGACTGGCTTCCAGGGAGCGTACACCAATTAGCGAAACGACTTATAACTAAAAGAGCAAGGCGCACTTCACGGTTGTTGCAACAAATGTCGTGCTCCGAATGACAAACCATTGCGCTTTAAGAGAGTGATGACGGGACCGAGTACATCTGACTCGTGCGCTCGCATCCTGGACCCATGAACTCGTTACGTATCCTCGCACCTCCTGGCTCTAGCTGCCTCCCGCCATTATAGATGCACGGAGTTCATCATGGTAACACTACCCCTGGCGGGTCT,780,51.67,Homo sapiens
SEQ_988651,GTGCCTTTGTATAGCCGTCCTTTCACTTAGTATACATGACGCTGACGCCTAGTACAGACAGTCCCAAGCGTGTCTGCCTCATATCGGTTTGATCCATCCGCATGACTGGACTCGCCCCCCCATGAGGACCGACGTAGGATGAAGTCTCTTAGGCTGATTCCCCCTGTGATTTGTCATGATTATCTGCCGGCGAAAATCTTGGTAGTGCTCCACCTGCATGGTTTGGCTGCTCACTCAGTGTGAGTACTTATTCATCCCCTACGCAAGCGGTTTAGGCGATGGTACTCGTCATCGGTCGACATTGTGGGTACCCTCTGGGATCGTATTGCTATAGGTCGCAAAAGTAACTAGGTTCTCTCTCGCTAAGAGGGAAAGGCCTCTTCGTGCTGTCTATTTATTGAGAGCTTATGCGTGGGCGTAGGTATCAACGGACGACATAAGGCTTGACATTGAATGACACTGCAGTGCATACGTCCCTCACCTTCCCAGCGGTACCTTCAAAAACTCGCAAAGGCAAATCATCTGGCACACCCAAGGGCCACTGCATGAAATGATTTACGCAGTAGTAGTATTGATGGTCAGTAGGGTATAAGGCGAGTTTAAATCGGAAGGAACTTATTTCAATCATCTTTTTGTCGACTCCCTCGGCAATAAGGGAACTGAGGTTTGTCAACTGAGAGGCATTCTAATTCATTATTGAGACGGAGCTAACAGGCTTTTATTGCTTTCGGAAAGCAAAAGCGTGTAACCGATTTTAGGGAAGGCTGGAAATAATCCACTTATAGCCAGGACCAAGTTAGCGTCAAATTAGGATATCGGGTTCCATGACAAATTCCAATAGCCCTACTTTAGGATGCGTATATTATGTTGGAGTGATAAGGATCGTTTTTGGACCATCGACGCGGCCCAACGCAGCGGGATGGGTCATCCAGTGCAGCGTTTGCGTATCAGGGCACGTTTGAAAGTTTATATGTGGGCAACTTGTTCAACCCCAATGCACATACAAATATTACGATGCCTTGGGCCTAAGGGGTTACCATCGAGCGCGCACTGGTGGGATTGCGCCGGAACAGATGCGAATACGCTGTTGCCCGTCCCCAAGTGTACCCCTTTGTGACAATACTCATAACCTACAAGCTCAGAGATGTATAGCTTTTCCTCGTCAAGCTTCAACGCAATAAGTGTGATTCTATTCTATACTGCGAGGTTGCATTACGCGCGGGGGTGCACACTAATGGCCAGCACCTCCCCCATTATGTCCGTCCGCCTGTGTATTTCA,1279,48.24,Caenorhabditis elegans
SEQ_658327,CGGAAGTTTGATAAACAGCAACACGGAAAAAATGACCGATTAAGTGCCTTCCTTACAATATGCGGAAAGCGATGCAGCTCTTGACTTCCACACCATTCCCCATGCAAGTAGTGTCTGAACTCCAGCAATCTGCTCTAGCTACGGCCCCGCCGCCTATCCCTTGGGGTCGCCTTTGATCTTACCGTACCACTGGCTACGAAGTCTTGGTGTCTCTCAGGTTGCTGACTCCAGCGAAAGTAACGAGGTTCGCTAGCATGCGTTAATTTCATTGTTGTCTAATGCGAAGTAATGGTGTCTCCCGCTCGTCAGCGATAGCAAAAAGACGGAGGAAGTCATGTAATCATATTAGAGGCCGGTATGCTCCCTTGGTAATTCATTGCGCCGACTCCCCGTTACCGAACAGGGATGTTGCGAGTTGTCAGCTAGATCGTACGCGCTGTCTAATAAAGGTGGCACGTGTCCGACATCACCTATCGTATGTGATCACACACCCCAGATTGCCCCGGGCCTCCGCGAGAGGTGGCTCGGTGTCTAGCCTGTTGATCCTTGCGTCGTGCGAAAGTTTCCTCTGTCTTGACCCTAATTGCACCGGCAGAGATGGCGACGTAGACCTCAGCCGCCTCCCCCCCGCAGTGACTAATGGTCGGCTGGCCGCAGAACTATGACGGGCTGCCTAAACGACTAGAAGAGTGACAGGATCATTACTTCTGCTCCATTGCACATTCTTATAGACAGCCGGGGCCAAATAAAATATCGAAGTCAGTCTAATCTTCCATGAATCCTCTCACGCCGCTGATGAATTATCGCCATAATGATATATGTAGTCTCGTTACGTGCTACCCTTTCATACCTATCGACCTAGTGAGCCAGACTCAGCAGTCTTGTTTTACGAGGTGGAGGACGAGGCCCACCTGATAGTGGGTTTTCTCTGCAGCTCCCTAGGACTGACGGAATAAAGACCGTGTAGTACTCGTGAAGACTGACTTTTATCTTTAGAGGGTTGGGCCCCGCATCATAATGCTGTCCTTCCGTTGGAATCTGCACGTCATGATTAAGGTGGAAAGACGAGCAAAGGTTTACAACAGCGGAGATCGGCTTTTCTAACTTTACGAAATGCGCTCCTGTCCCTCGGATGGCACCCCAGCAACGGATACTGAGCCTGCGCATGGGAGGTTACAGGGATTTCCCTCCCGCTGATCGTACGATTCAGTACGTCGCTGACTCTAGTACATGGAGGTGCGAGCTTCGTGAAGACATGATTCCTGGTTTATTGTTGTGGTCCGAACACATCCCTTTCAGTGGCCACAAACTGGTTTGTCGCGCTGCTGTGGGATTAG,1337,51.01,Saccharomyces cerevisiae
SEQ_626998,ATCTGGATTACCCAAGGGCGCAGTAACACTGCACCGGGAGTAAAACTTCGGCGATTCCACGCCTTCCGACAGATGTACGCCGCGTTTGCAGCGATATGGAGTTGTAGTCTGTACTCCGTTATCGCATCCCAGCAGTAGGAGGGCTAAATGATACCCACCTCGCCCGAGGGGACAATTGCTCTAACTAGTTCGGACATCACAATTCTAATAATCGGCGCGTACCGCCGTAGCTTGCGTCCTTGATGATTAGTGCTCCGAGTGGACTTCGCCGTTATGGGGTAACATCTCATGGCGGATGTACAGTGTGGATTAACCCAATCTGGGAGTCTCCGCCGTAACACATCGTGCATAAAGGCGCCACCCTTATTCGATATACTCTCCCACACTCGAAATAGCCAAGGGAAGGACATACACGGCTGTGAATCGATCTGTGGAAACTTTCTATCTGATCG,452,51.33,Drosophila melanogaster
SEQ_819896,TTGGCCCTGTTGTTTGAGGACTTCTGGCTTCTGTCGGAGAGTGCATTAAGGCGGACCAAGCCCCAAAGTTAAGCACCACTCCGATGCATTGGCATCTTTTTCGCGCATCAAGATTTCTGGATACTTGGATTTCAATCGCCCCGCTATCCAAGCACATTTGTGTCGTGAAACCAGTAACCAGATCCTCGACCTCTAAACAAATCTCTTGTTGTTAATACGATCGCGTTATGTCGGAGTAGTTCACGAAAAGTTGAATACCCTGCTCATTGAGACTATTAGACCCCTTAACGCTTTCAGAATAAAAGCCCCATGGTAAATAGTACCCACCTCACGATAGCAATGGCTCAAGCGCATAGATTACCTGGGGACTCAATACCTACCGTTTCGGACGCTGAACTAAACGAAGCTTTACGTTCACACGAGATGACGGTGCGGAAATTCCCGCTGTGTTGCGGCGACAACGGGTCAAAAGGTACATCACGCTGTTCGACGTGACCGTAAGTCATAGCGACGGCATCTCGGTGTTACCTGCTAACGCCAATTCCGGCTCTCCTTAGTGCAATACCCGTACGGCACTCAACATAAGATGCCATCCCCCATTTGCCTCACGGCCTAACTCCCCAATACGTGCCTAGCCTTAGAGTGTAGTAATAATCATGTGTAATCGCATTCACCCAGCTTGATGAGATGATACACGGAGACGGCGTGGCATAGCCCCATCTAGAACTCCGGAGTGAAACAGATTGTACCCGCGGGGGTGGACACCGATATTTCCACCGCATCCGACGGCGTCAGGTTTAATCAGAATTGTCCGACCATCGCATAACTGTCCCCTGGCACGCAGCTCTGCGTAGCTAGTCAGGCGGTGGCAACGCTGAGTACCACGGCCACCGTGGCGCGCTTGACTCTGGCAGGGTGACTCAGTGGAGCGCTTCGAATACGGCTTAGCACTAATCGTAGGGCACCATCCTCGGTCGGGTCCCGTCCAGCGGAAAGCGCCATGCTTTACGAACGTAAGAATGGGT,1025,51.71,Mus musculus
SEQ_912372,ACGCGAACCGACGAATTATCTCAGATTTTACCCGCCTTGAGGGTAACGGGATTAGGAGACCCTTAGCATAACGGTCCAGTTGCCCCCAGTACGTCAAAACTCACTAGGACATGGTCGGCCAACAATCGCCCATTAAACACCCAAGTGTCGACAGTACCCTAGAATTAACTTCGTTACACGGAAAATAATGCGCTCACTTTATGCATCGGGACCAATTAATATAAGCCAGATAGAAGACCAAAACGGCAGATTCTACCGCACCGCCCTAATTGATTACCCGTCCCGCATTGAAGCGACTAACGTGTGACATACTTCGCTTAGTCTTAGAGCTCAAAGACCACCCGTGTACGCGGGCAAGGTATTTTCCCAAGTTGCCAGCCAGTTCCCGTTAGTCAGCTCCGGGTTCGGTCTCCGCTTAGCGGATGCCTAGACGTGCACGACTAATCTTGGGACCGCCCAGGCAACGAATTTATGGGAGAGACGGCCAGAGAATCCCCACATCCCCAGGGAAAGTAGTCCAATAAATTCGACCTGTTGGCAGACTAAACGAAAAGCGTACACTAGTTGATATAGGTAGTATCCCCTGGGCGTTTCTCTCGCCTACAATGCAGGGCTGCCATGGCAGTCACCACCAACCGTGTGTTATCCAGGGAGGATGCGAACCGCTGGATGAATCTACGGATGCCGCTTGTTGACTCCGTGGACAATGAATGGGACCTGTCACGCTTTTCCTCGTACTCAAAACGGCGACAAGGCATGCGTTACCCGCATTCGCGGGACCAGTATCACTTGGTTTACTGGTTAAACGATAGCTCATTAGATCTAATTGGGTCCTTGATACCCACCTGCTTGGCTTTTTTGAAAGATAGCCCGTGAAGCCCAGTTGTGAATCTGACTTTCTTAACGGCCGTCAACGAACGACTGAGAAGAAACAACCGGTGGCTTAAGAGGCTAACCAGTCGCCACAACCCAAATACACTTATATTTCTGTTCCAGGACTTCAATCACATGTGGACCAACGCACCGTAGTGTCACACGCCAAAGTAAGGAGGGAGGCAGCACGAACAGGACGGAGGGACTGGCTAGGACGCAGGTCCGTCTACGCCTAAGG,1111,50.86,Saccharomyces cerevisiae
SEQ_699511,GCAATACTCCTCTGCAATAATATCGTCGAGCACATCTCCCACTCGATCACGGCGGGAACCGCTTTGGGTCCCACAGTAACTAACAACTTCTTCATAATGCGGTGATGCGTCACCGGGCCGTCTCGGACAGTACGGTACGCCGACGATTGTACTACCAGCGGCAACACCCTCTTGCAGATGTTTAGATGGCAGCGCTCCCTTACACGCGTTATACAATAGTCGAGACTATTGTTTGTGCAAGTCTACGTGTCACTCGAGCGACAAAGCCATCTCACCTTGCTCCTAACAGCCAGCAGGAACTGCTGCTCACCGATGGGTATTACCCGGTGTTCTTGGTAAGCGCAAACCCGGCTGTATTCCAGTCGCGTTGCAAACCCTGAGCTAAGCTAAACCAACTAACTGGCATCCATAAAGCTGTGTGACTGTTGTATGATATATGCCCTGATAATTTTGCATTTAACGCACCGACTATAGTGAGGACTCCGTATCGGCTCCCAGGCTAAAACATTAGCCTTCAAAGATCCCTCTTCGTCCTTAGCTCGATAACATCTATGCAGGAGAGTCGCCCTAGTGCCTAAGTCCGTACAACGACCTGCCGACAGGGGGGACAATTAATACACTATGAACGGGTTGCGTGCTGGCCAATCCATTCCTAGACTGCTACCCAGCGGATTCTCAAGCGGTATAAGGGAAGCTAGATATCAATAAAACAGGACCTAAATCGGGCTTACAAACCACCGCCCAGCACGCGCGTACGATCGAAGGTAATCGTCGATGTTTTGCATATCGATCTCCCGGATAATAGGTAAAGACTTAGGAGCCGCTAGACGCCTATGTACCTTTTCAAGAGATCATAACTTTTGTTACGTACTGCCCCTGCTGGGGTATCCACTTGTTTCTTAAATGTTAACGGGGGAGCGGCTTCTAGGAAGCCCATCTAACTGCGTTCATCCGAATGTTGGTTAATGCATCGTGTCCTAGAATATTTTTCAAGCATGAGCCCGCAGCCTATGCTGTGTTAAACTGCCCTGAACCCCCTTCGAGATAAGAGCCGCCGCAGAAGTGGCGATAGTTCGCATTCCCGGTACCAATCACTTGTCTGCTGTGTTGTTCGGACGACAGGGTCGCGAAAAGTATTCACGATGCAGATCGATACATCCGAACCCCGCGTGTAAGGTATTCGAAAACACACAGTTGGCCAGAAATGTCACGATGTTTGTCATACTGCCTCGGGCCTTCGGAACCCAGTTCGCTGCGACGTCCGATGGGATATTAAATGATCAGAAGTGACTTGCGAGTTCCTCCGTGTTTCGTCGTACCTTGACCGGCCAGATCTAATGTGTACTAAATGAGGACCCTCCTACCCTATGAGCTAGGGATCGTTGAATATTGCGACCTTCTCTGTGTCGCGAACGTCGGTGTCCCTTTGGTGGAAGTTTTAGAAATCGCACCCGGGTATCGTATAGCGCACGACTCGTCGAAGTCTACAGGAAGCTTTCGTATGATTGTGTTTCCGGCCTCATCTATCGTTATCACTCTCGTTACGGGTAGTAGCGATTGGGGGCAGCCGGACGGACTTAATAAGCATAGTCCCCGTAACTGCGCTCGGTGTCCCCGCAACGACGCCGGCAGTATGTCATCTGCGCTGTCCTGTCTTGCCTGGGCG,1666,50.66,Drosophila melanogaster
SEQ_862585,AATTAATCAAAGTTGCGCCTTGTATATGTCACGACAATTAGCTATTATGCAGTCGTCTATTCCGTGTGTATCAACGAATATCGAGCAGGGTGTTTCTGGGTAAGATCCTAAGGTTTAGGGGTATGTGAGACATTGCTTCGAGGTTAATTATCAATAATGAAGGGCTACCATGTACCCTCGTTCACCAAGAGAGAGCGAAAAGTATCTTACAAGATGGCCGGGTTGGCGTGTGTAATGATCTCCAGGGAGTGATAGAGATACCGTCCCAAGAAGATCGCTGTCTGGCTCGCGCTACTACTAGGTTTCGGTTTGGTAAGGTCGCGGTGACTTAAGCGAATAGCACGCCGGTCCTTTATCCAACTGAAGGAGTAAGGCGCTCCGGTGTGGCCCGCACAGTCCCGATACGGCCAACGGATCATGCCACCATACGCGCGAAGTGTTAAACGTATTCGTTAGCTCAGACGACGGTATCCTGAGCACGTAGTATGAAACCCGTACGGTCGTCACAGCTCCCTATTATGCAGCCTGATATCCAGAGTGACCGCTGGTTGGTCAAGAGAGTTACCGCAAAGGTTCGTTCCTCAATTAAACATCGCTCCCGCGGAATTGGATCCATGAGCTAACGCAAGTTTCGGGCACTCAAACCCTCTCGGTCCAAGCAACCGTGTCTTTCACGCGCATTGTCA,686,49.56,Arabidopsis thaliana
SEQ_113966,CCCGCTGGACCCGCCGCGCAGCCCCAATGCATAAGAACCCGTACCAAATGATACGTGAGCATAGAATACAACTCTGGGTGGTAAGAAGCGTCGATTTTGCGAGGGCGCTAATCGTCCGAATACATGGCCCTGGCCCTATCAAAGGCTCTATATTCTTCTTACAAAGTCTCTATACGTGGACACTGGCGAACCATCAGGCTAGTCCGCCAAACAGCGTGCAGGCCGGGGATTGCCGGCGCGGACCGACAAGAGACGAAGCGCCGGTCTACCTTAAGGACCTGTAACGTGCCTCGGTAAGTTCCTGGCGGCATTCCTCCGCCTTTGAAATGTAGTCCTTGGTGGTTCCAGCACTCCGAATTGCCGACTTGGTCGGTGCTTATATAACATACAGATTGTCGGCCCTATAGTGTTGTCTGCCAGGCCCCAGGAGCGTTGAAGCACCCAGCCTTTCGTGAGCTCACCGCGAACTTGCGCGCTTGGACGAGTACGCCGCGTCCGCAGTGAAGGTTAACATTTGGTTCGGAGTTGAAGCACAATTGGACAAGACTCACATGGGCAAGCTGGGAACAACGGAAGCAGAACTCGATGGCACCCGCCCCTGCGCTAGGGGGTAGCGGCCATGCCGGCGGTTGTCTGAACACACCATGCAGATTCACGGAGCACTGCCAATACGACTGATCTTGACGACAACACATAGCGGTTAACCCGGTTTGACCTAGGTATCGGTCTCTCTATGGCGCTGAATTGCAAGGTCAACGCAGTCGAGTCGTATTGGATCGTCGCCTCTCTCGTTCACTCAATATAGCGGCGATTAAGTTTACCCACTAGTGATTCGGGGACGGCTGATGGACGCAGCAAGGTACAGCAGATCAGTACTGCGGAATTGTCTCCTCACTGCAGATGCAGTCGTGTTCAGAGCGTCGAAATCAGGTAGTCCGGGAAGCAAATTGGTTAACCCGCTCACCCCTCAACGCTAACATCCTAGTCGATTCGCCTATGCATCAACTAAGATGCCTGGGGTGCGATCGTATCTCGGCTCACCAAACGTACTCTTTAAGTAGCTACACGCGGCTAGCGTCCGCAGTTGCCGGCGGTGGGACAGCGTCCAAACGCCGCCCTTTTGCGTGTACCCGGTATTGGCCCGACTCACGGCCGTCTTCCTAGAGAGCTCGTCAATCCAGAGCCAAACTCGTAGGCGGTTAGCTGAACGAGGGGAGGAGGTGGGTATCGGTAATTGCTCACGTTTTAGGTAGTGTCTTTAAATCACAGTACCTATTCGAGCGACAATGTGTGTTGGATGGCCCTGGCCATCCTGAAGTAGAAGGCTACGTTATCGTGTCTAGTGACGATCCGATGTGCCCCCGCTGGTCACGCAGAACGAAAAACGTAAATCTAGCCATCGTCCAGACTTATCGTGTGCTGCCGGAGTTTACCTCTATAAACTCTCTGGACTAATTGCTATACAAATGAATGAATCAATTAGGTCAAATACTTTTCATGACAGGTACTCAGGTGTCCTTGGTTACGCAGACGTGATGCCACGATTCGGCATTACGCAAGAAGGCTGTACGACTTCGCGATTTTCGAGGGCCGCTGATTAAATCGGGTACGGGAGCTTTTGAATCTTAGACAAGTGTGACGATGGCAGCACCGCGCACGAAAGATAGGTGCCAGGAAGATGACACTCCAAGTTGAATAGACTGCTCTGTGGCTATTCCGTTAGGGTACCGTAGAGACAATCTAGCTTTAGTTCAGAAGTCCAAGCGTGTGCTCGGATCATGCGGTAAGCTCGCGCTCAATCGACTGGGAACACGGAAGCGGAAGCGATAACCGCGAGTTCAAGTTGGCGGTCAGAGGTGCATGCACTAGAAAGCCTTCACTCGTTACTCCCGCCTTTGGCACACGGTCCTTCCAACGTGGTACTG,1925,53.19,Saccharomyces cerevisiae
SEQ_811726,AACTTTTACCAGCCACTGTTAAGAAAAAATGCCATGTTCACGCCCTCCATGTAAACGCTGGAGGTTGGCAATGAAAGGGCCTTTCTTCACTTGGTAGCGATTTACGTTAGCGGATGATCAGAAAGTATCCTGATAAGATGCTCGAGCTCGCCCTGGGACACGAAATCCTGAATACAGAACTTAGAAAACCCGGGGGCCAGACTGATGTGAAAGTCCCGCCGTGGTTGGGTGATCGCTATACCGGCGTGTGGCTTTCTGCATCTAAGCACTGGCTGCTAACCGAATACGAAGAGCTACTCAGTCTTCCTACGCTGGGCACTCCTTTCGCAACATTCGAAGAATGTTTTAACTGTCCCCCTATCTATAACATCTGATCGCCACAGTTGGGTGGCGTAAAGTCGCACACGATGCCGTAGCGGGTCCTAACATCAACGCCACGTTGTACTTTGAGTGAAGATTTAAACAACCTCACTACCTGACATAAAACTCTATCCCTCCCCAGGACCCACTGTACGAAGTCATGTCCGTCCATAGTCGGCCGCCCGCTCAACAAATCGTTCTTAAGCATAAATAAACCTAAACTTCCTATACAAAAGGCCGACCAGACTTCTACATGTAGGGGGCGTATTCACTATACTCCAACGACAGGATTCGTTTAGCCATGTTCTAAGGATCTTTTCGGATCAGTGGATGGGCGTGGGTAAGCTATCGGCTCTACTTTGACTGATGTATCCAACGGTTGAGGAGAAGCAACAGTACGAGAATCCTCCTGTCACCACGAATTCGCAAGTGTAGGGGTTTGTAGATTGACAGTGAACAGGCGCTGCAGGAATGCCCCTAACCACGAGTAACTGTCCCGGTTTCTCGGGTCTATTGTGATATATGGAGGTAGGTGTGTTAGGAGTTTAATCCACGAGATTCGGACTGGACTGACCAAAAAGCTCCGACGGCTACTTCGAGCAGAAGCCGTCACTATCGTTATCTTACCGTCTTAGCCTGCAGTCAGGGATAATGGCCCTTGCTGGAGAAGAGGCATCACCTCAGACCCCGCCCTGAGCTAAACGTCATTAGTACGTTTCTTCCCGCCAATAGGGCCAATCCGCACAAGGGTTTTCGGAGCTAATTTATTAGCAAAGCCTTGGATACGCACGCAAGCTATAGTGATCCGCTAAGGGCCATAGACGCATCCTCTAGGTGGCTTGCTCATTAAACATACTAGATGCCGGATACCCAGGTCTTTTCATGTGCCCGTATACCCGTTACACAACGCCATGTAGAATCCTTGGTGGCAGCCTGGTATTCGTAAGGGGTAGCAAAAATCAAAATCAATATATAAATGAATGCCAGGGTAATAGAGGTCAACGTTCGGGGCCCGCTTTAGGGCAACAATGCCTGGCGGCAGCTCATCGGCAACGTGCGTTTTTAACATAGGCTCCTTGGCTGTCAGAAAAGACACGTTATTACGCGTCCAATTTAAATGTGCGAATCAGATGGATAGTACGGCTGCTGTTAAGTAGTTCTAGATGATGAATTCTATAACTATCTGCGCGTGACATAACTTATACGTTCCAGCCAACTGTGGCCATGCTAGTTTTCCCTTGACTTGAACACTTTGCAAACTCGGATCCCGGTCTAAATTTCTGCATGTGACGGATGCTCAAACATATTGACCATCGCCAAGCACTGGTATATTTGTTGATTGCTACGCCTCTCAGATTAGCGTCC,1725,48.06,Homo sapiens
SEQ_109286,TAGTTCCTTCTGGAAAAGTTAAAGTTAGTGTGTGCCGCTTGCCGTATAAAAGCATGAACGCTCGTGTCCGTATCCCCTCGGAGCTCTACATTACAGACCTGGCAGTGATTGAGCCCGCTCTAGGGTAACTCTAAATAATACGACGAACTTTAAATTGATTGCCATACTACTACCTGGCTCTTAAGACAGTTTTGGGTAGTGTCTCACCTATTCACAAACCGTCTGGGGGCGTGGCGGCCATCTAGTTTTTAGTACTTAGAGGATTATCGACATTAGTACCCCTTCTTGTATGTGGTGGCGTTATGATATCACTAGCGACTTACCAGTTAAGTAGAAACGGTGTTCCCGAATGAGATAATCAGAAGACTTACGTAGTGCGGTCTTCCGGATTAGCGTGCGTGGAAGCCAGATCGCGATTTAGGCCCCCCCTTGTGTGATAGGAGTTGGTCAGGCTCGGGCAGGGAGCGCTATTTTATCACTACTCAAAGGCCAGCGGCGAATGTTATCAGGCTAATTAGGAGGTGAGCGGTGTAGGGAGTGCGTTTAGGAGCCTCAACGTTTGAAGGAAAATTGTCCCCAAGCTTACGCGTACTCCTCAGGCCGAAATGCTGAACGATAACTGACGCCGTCATTCGGGTAACCAGATTACGTTCAATTCGCATGGGCCCAACATCTGCGAACAATGGGTCGCGCTAGCAAGTCTGTC,706,48.73,Saccharomyces cerevisiae
SEQ_408774,TCTAAGATGCTCTTAGGTGCCTCAGCTTGCGTCATTTCACCCTACTGGATCTCTGTTGCGTGACGTAGACGAACCGATTGTCTGTGCTCTCTCATACGTCTCAGGGCTTCCCCAAATCTGAAGCAGTCAGCACGCACCGCTTGGACCTTTAACCACTGGCCCCGTCTGTTAAGCCCGAACA,181,53.04,Homo sapiens
SEQ_948768,GCCCACCGGTCACGGCATTGGCAACAGTGGAGTTGGAGACATTCGACTTAACCTGACGGCACTCC,65,58.46,Homo sapiens
SEQ_128412,CTTATGTAATTAACTAGTATAATTTCAGCCATGTTATTCGCCAAACACACGGCAGCCTAGCTGTCATGCCGTGTTATCATAAGAGATGCGACTT,94,40.43,Saccharomyces cerevisiae
SEQ_542516,GCAGTGCTTTGCGGTAGTGTGCCAACCTGTCGTGGAACACCCCCATAGGTGCAGTTACAGGACACTCCGTAGTCTCGGAAGGTCTCCGCTTGGAAACCTCCCGGATACTTCGATCCCTCGGTTTTCCTGACCACCAACGGCCGAATTCATTGGTCTTATTCGCACGGAAAGCAGCTTATGCAGTTAATCAGGATGGAACTCATACGAAGGTGCAAAGTCTTGAGTGGACTAGACATTTATGGTAGGTGTCGGCATTGGAGGGGCATGAGCTTGCAAGCCTTTGGCGAATGCTCCACAGCTGCTGTTTGTTTAATCCGGTTTATAGGTAGCCCTAGAATTAACGCGCTTGGCACGCCCATTGTGGGCCTTAACCGCGGACAAAGGGGTGGGATAGTCCAGGACTAGGATCCGAGTTGCGGGCATCGCCAACCAGCGTTTGCTCTCTCAGGGCTAATTATGCGTAGGTGACAGGACCCCAGCTCGTGGGCGACCTGTGAACCCTCTATCGCTATCATGTGCGTTATCGACACTGTAGGGATACTCCGGGTAATGCTCGCGAAATCTCGCTTCAGCTGAGAGCGGTGGGTGGATCTAGTCGCAAGCTTGAATCAAGGGTTCGAGGCTGCATGCATGCAGCGGTCATCAAAGATTGGCGAGTAGTCTGCAGAGCTGGAACCTCTCCAGGCAGTCTGGGTCCGTCAACTTAAAAGCGCAAATTAGACACTGACCTTAGGACTTACTAATAGCCAACGCGTCCAGTTTGCTTCCACGTGTGCTCTCAGTAGCCCTGCTGGAAGTTGGTGAACCCTTGGATATGCAGGGGCCGGAGGTTATTAGCGAGGGCACGTCCGGAAGGCCGGATTGTACAAATGGAGTTTGGATTAGGGTGCGTCCCTCAAATGTAACAACCGCCTTAGGCCCCGGGGGCAGTTAGACTCTGCACTCTACCTTTAGCTTATGCGCCCGCCGACTAAAGTCATTTACCCGGTGAGAGTTTGCGCGGTCCGTTTTCACTCAGGTTGGGGCTACCCCCTAGGCTCGACCTGTAGACCACAGGAATGGCAGTATTGTAATTGTTCCCCATTGCAATAGCAACGACTGACGTTCGCTGCGGGAGCTCCTAACCCGTGGGTCAATGCCGGGGGGGAATTTTCGGTTCGAATGTCATCTCAAGAGGACTAAGTACGAAGATGAATACACGCTGCCAGTGCTGAGCAACGTTCGTCTACGAGCGACTCTTCTGCGTAAGTAGAGTAGTAAAGTTGAAATCCGAAATTCTGTGAGATGAGTTAGTTGTGGCAAACTCTCATCCCCCGAGCAGGGTGGCCTTGTTCGGGTCTGGATGTGGACTCCACGAGTAATGTCGTTTAATGGAGGAACTTTTTGTTTATTCATTGTTAGAGCGGCCGCTAGCCGGGTAAAATTCGGTTTATTCGTTAGAGCAATAGCACAGTGGGCCGCTAGTATCATCGGGGCAGTTCGTGGACTGCTAGGAAAACATTTAGCAGAGTTTTTTTCGGTTTTTT,1526,51.97,Arabidopsis thaliana
SEQ_706789,AAAGCCCGACACTCCACCCGCCTATTAAGATAGCCTGCAATTCAGAGGGGCCCTATTTGCTATCGCCTAAATGAGTAGACCGGCACGAGTCCTACTTCCGTCTGGGATGCCGCTCCGGAAGGAAAATTTAAGGATTGAACCAAAACCGCGATTGAAACGTTAAACCAGGCAGGGATATAAACTTTGCTTTCTTTCTAATTTTCGCCATCAGCAATGGCTCGAACGGACCCATGTTTCGTGCGAGTTGTTTGGGCTACAATCGAGGCTATAAGACCCCCGTCGCCGAGATTACGTACCACCGGACCGCAAGTATCCTCCAGGCAGTTTAGATGAACGTGGGATAGTTATGTGTGCGAGCGTCCAAGAGAGCACGGGGCGCTAAGGAAGGAGTGAGCAAACTAAACCATATGTTGGGCTCCCCGAGCAGACCTAAACTACATGCTGAGCAGTATCGCGCAGTCGCGGCAGGACGCCCTGATGTCACGAACGTCGCTATCCCGGGCCCTTGGAACCTCCAGGCGACCAAGAGGCCCGGTGTATTGGGCCCTAGACTTGAAACGCCTGTGTGGTCCATTTGAGAAAAGTTTCACTAGCGAGACTGACTTACTAATGCGCGGATCAACCGTGACAAGTGTGGGTGGAGAACGCAGCCTATGTAACTATAGCGTATCTCTTCCACTAGGGAGGATTCGCAATAGTCGGACCAAATGGCCCGGAAAGTTATCACCCTTGTTTCTTCGACTCTTGTGTTACTGAAGATTTCTGGTGAAATACATGTGCGGCACAGCGAATTCGTAGTCTCGTTGTCTTTGAACATCCAAACCCTATGTCGAGCCAAAGCTATATTTGGGTCTCATCTATCCTGAAACGAGTTTAGCAGAGGTCACAAACGACCGTTTTCCCAGCACTGCATCTAGACTAACATTTATAGCGCCTACCCAAAGAGGTGCTCAGGCGTTGCTGGCCGCGAACCCATAGTGATTGGAGTGGGTGGCGCAGTCGTAACCCAAATGGTTTGTTGCCTAATGAGGAGCGCTTAACGGACCCATTTTCGTAAACCGTAGCCCATAGTGTAGTGAGTGAGAACGTTCAGGCGCTAACGCATGTATCTTTGCCAATGCCCCACTTAGTGTCTCAAGATAAGCATGTAGAAGCATGCAGATGTCAGAGT,1171,50.38,Mus musculus
SEQ_414024,ATCAGGGGTGCCGTTCGTGTGCAATAGACAGGCAGTTATGGCGTCGCTAGGTCGGGTGACGTATTTTCATCCCTTAATAGCGTCGTCGTTTCCTCTCATGGGCTGTTCGCTGCTAGTGGGGCTCTGACACGCATTGCTTTGTTTGGGGGGATGCCTGCTTCCCGTTCTGATCTGTTCTCTTGTATAGCCGCATCCCCCGAACAGTAACATTCCGGTTACAGAAGACTAAGGGTCGCCAGCACGCAGAAGAAGCTAGGAAAGGTATTACTGGCATAGCCTAGGCGTAAACCGTGCTGAGGTCTTGACGGACAGATACACGATTGTTCACATGGGTACTTTGATCGAGAGTGGGACAAATTGACTAAGGCGACCTTGGAGACCCGGCACAGCATCTTCCCCAAGCTGCTGCAACCCAGAAGTCTAGTGTCGCAGACCCTACCCGTGAAACCCTGTTTTAGTGGTGCCCCAGCAGAGGTGCTGAATGGTGGAGATCAGGCGGCGTCGCAGGACATACACGCAACAGGACGCAGTTTGAAGAACTGAGGGCTGTCATAGCGACCCTAGGACTCATAGGTTCTTGGGACACGAACAATGTAAGGGAGTTAAATTGAGGCTATCAAAACGAGCACACTGCCCGCCTGGGAGAAGGTACAAGATACAGTTGGGATAGCGTGCGAGGGCGCAGTCGGTGACCCCCTGACCCTTAACCGACATTATGTTATTTGAAGATCCGGCTGCTAATTTCTGTGAGGGCCTGTGTATCACTGTGGTGTGCAGTGATACAAATGATTTAATACTACTGAATTCTATATTACTCATACTACAATAAACGATTTTGAAGTCATTTTACCCGCGTCTTACTTCTAGGTGGTGGAAAAGATGTATAAGATCGAAAAGCTAGAGAGTACCTGTCGACCTAGTAGTAATAGGCTGAGTGCAGAGCACTGTACATAGTGGGCCCTCGACGACCCAGAGAGAGGATTGGAATTCGAAAAGAAGCTTACGATTCACTACGCGATTTGGATAAACGTCAACGTAATCTATATTTTTCAGAGCGGTGGACGCCTAGTTACGGGCGGGCGAACGGCACCGTCCAGGTGAGCCAGCAGCCAACAGGCACCTGAGGTGATATTGTGCGCCGTTCGTTAATCGCGGCGGTTATAGATAGTGTGCAACGCTGATTTGATCTAGTGACACCTCGGACGGAAGTCTTGCCACGGAACTTCACTCCTCAATCAGGTATGGTTTGTCCATTCTGGCACTCCCCGCACCAGCAGGGGCCAGTCCTCGGTTAGCACCGTACGTACTCC,1310,50.92,Homo sapiens
SEQ_394267,GACGCCCGTTCTTGCGATGTGTAACAGTATTGTTCTACCCTGCTGTAAATTAGATTAAATTGCAAAATCAGACCTCAAGAGACGTCCGCCTTCAACGCAGCCTTTAGTGTAATCGATCCAGTGTGTCTCGTCCAACCACCGTGTGATGTCATATTGGTCGTAAGGTAGATACGGTATCGATAAGAATTCAATGTGAATAGTGTCACGGTAGGGGTAGTTGGCTAGGACGCGTTCCGTCGATGACCCCAGCACTCTATTCGTG,262,46.95,Escherichia coli
SEQ_772293,TTTCCAATTGGGGTACCTATGGTAAATGGCGACGCTCCCATTCTCGGGCCAGCAGCACTCTCGGCGTCGGCCGCTACGCCGCTCGTGTTACCCTCTCACCGTCTAGTGAACAAAACTGGCCGCATAACAAGCAAGGTCTCGAATACTCGGGACGTTAATGCCAGAGACAGTCCGAGAGGTGTACGGGTATTAGGTTCTCCACTTCATCCCCCGAAGATGTAACAGAGGTTTAGATACCCACCCTGAGCAGACGCATGGTGCGTAACGACACCCATGGGGGCTACGTCTCCGCCACAGTAGAACCAGAGAAATTGAGCGTAAAAGGCTAGGGGCCCACTCAAATCACTTCAGTATGTCCTTCTTGCCGATGGCAAGCGTGTACCCCGAGAGTGGATTAACGCTGTATGAGAGAAGGCTGGAAATATGCCGGTTAAGAAGCATGAGCGGGAATAATCGCCTGCGCCAGTAGGAATGTGGTAAACCCTTGTGTCAGCATGACTGATTCTGAGGATACAGATGATCGAGTACACGAGCCGACTAGAATCCATGTGAGATTTTGGGAGGACTGAGATTGGATAATGAGCTCAGTCACCTTCGTTATTAACCAAAGCGTGACTCCGGGGCCTGCAAGAGGGTCTGTTCCGATAAATTTCATGATAAGTAACGTAATTTTCCTGAAAACGGTGCACTGCAAGCCTATCTCCTGAAGAAAAGGCGATTCTACAAGTCCCTGAGGGAGTGAAACCAGGTTCCAACCCCAGGAGAAATAGCCAACCATTCAAGCACCTTGGGGCCTTACACTGATTCGAACCCACCTCCGGTTCTCAACCGGGCAATGGATGCTTCGAAAGGATATTAGGTTATGTGCCCTGAATTATGCAAAGGCTATGACTCGCTTCTGGCGTGATCGCTCAGTGCATATTGGCCTTCGTATATAAAGCATACTTTGGCGAGATCGACTGACAATTTCGTCCTAGATTATGATTCGCGTAAATGCGTTTTCAAGACGGCAATTACGAACCCTATACGTTCTTGACGTACTGGAAGCAGCTTTGCGTGACCCTGTTCTTGAGAGTCTCGGACACAAATTACGACGCAATAGGTAGCCATGCACTGCGTATACTATGGTTGTGGTTAAATGTTTGGATAGCACACCAGCAACAGTTTACTCTAGTTTTTAATTCGTCAAGGGGGCGGAGTATGATACCCTTTGACCGTGTGGCCTTATAACCGCAGGCTTTAGAAATTCTAGTGGTGTTTCACAGAGGCCCGCGGTCGTAGCCGAGTTCGAACGTGGCTAGCAAATACGTTACCCTAGACCTTATTCAGGCGCCTCGACAGTCCCGGTAGCTATCCATTCAAATAGGCGATCAGGGCGACTCTTGGACCGCAATTGGTCCCCGGCGTCCGGAGTGGTGATATCCCAATAAGAAGGGACAGAGAAAACGGGCGCCCGGCGGGTGGACCAACCAGATACCGTTTTTAGCATGAGGTTGCCGGACGTACAGGCTTTTTCACTGCGCACCCGCCTGACCTTCCAGAACGCACGATTTGAGTCTACCTCGTCAATCACCATATCAGACCACGATGAATGAGGAGTTCTCCGGGACGCATCGCGTGAGGAGTATGGACGTTCGAGCCTGGAACCTTCTATTCTGGGTTAGGCAACGTTGTCTAAAGTGACAATGGCATAACCGGTATTTCAACTCACCAGCACCAACTGGTCTC,1728,50.41,Saccharomyces cerevisiae
SEQ_148721,CATGAGGGGACACATGGGCCTCGGCATGGGCGCGCACGTCCCGTGGTCCGTCCTGCAACGGGTATGCCGCTTTCACTCAGTACGGTGGACTTGAAACGCGGGGCCCATTGTTTTTCCGCTAGCTTAATCATAAATCTTGTATCATATAGCAATACGCACACGCGGTTGTGTACACGGCCACCCATGTGCGACGAATGTATTCACAACAATCAATTAGGTAGATAAAGCAGTATTAATGCGCGAGAAGAAACGATGCATCACCGTGGCGGTTCTCAGGCCCATTATTAATTGGCACAGCGGAGGTTATCGCAGTTAGGACCAAGCACGCACTTCGTTCCAAGAATTGTTGATGCAGTGCGTAGTTTCTGATAGACTCCCCCACACAATGGACCGTTGCCACCAAAGATGTGTTCCTACCGCGGATCCAACTGATCACTACGATGCTCCCCGCATGGGCTGCCCCATATGTTCGAAGGGTGTTAGAGCGCCAGGCAAGTCTGGAAACCGTACCGTTACCGGCCTTGCATCTTGGTTTCATTATTCGGAGTCAAGATTTCGTTGGGGCTTCTGTTTACGTGGAGTAAGTCATTCCTAAAAGTACTAAGATAAAACATCGTGTTGGGCACCCCAGTGAACTTAGACTAGGCTCCTCATCACGTGCAAATAGGTACCAAAAGTCATAACCCAGTCAATGTCATCTCGACCCTCATCTCTGCACATGATCTCAAAAATGGAGAGACTGGATACGATGATAGGAGCGTTCTCGCAAGCGAGTAGGACAAGTCGAAGCCCAGCGAATTGGACATCCCGAAGAAACACTGTACTAGTGTTGACGGTGTTGTGTGAGTCTGACATGGGGACAAAAACTGTGTTTAGGCTAGGTCCCTGTTAACCTCCCAAAAACTGATCTACCCCTGAACTTTTTCTAGCGGGGCATAGTGAAAGACAACGT,952,49.37,Homo sapiens
SEQ_808520,CGGTTCGCAATCACCGAATCCGAATACTTCGGCGAGACGAAGGCGTCCCGACCGATCAGCGCATCTCCCTGTATAACTAAACCGGACTTAAGAAATGGCTTCACTGGAGTGTATCACTATTGCCTTCGAGTCAGCTACCAGTTACAGCCCGAGGTCCCGCCAGTAATGCAACGTGTCTCTCTAGTGGAAGTGAGATAACCTTCGTCAGATCAGAAGCCCAGAGGAACCGCTTCAACGACACAGGCTAAAGAACGTAAAGGATATCTAGATGCGGTCTGTGAGGTTCGAACTAGGGGAGGGATTACCTCCCAGTGATTGCTACATCTGCGACTGCGGACCTGATCTCGAGATGAGTTCTCTGCTTTTAGGCTAGCTAGCCAATGCTTCTAGATATCTTGCACGTGGGGACCTCCTTCATCCTTTATGGTTTTTGCTGTAAACCTATACCTCTTTTCCGGTTGCAGAGAAGATTGAGATTCGAGCCCTTTGGCAAACCAACCGATAAGGGACCAACTATTTCACACAGTCGAACTGCTATTAATTGTGTGTCTATGGGATAGACGATTGTGTAATCGGGAAACTGGGACGCAAGTATATCTTAGTGCTAGCCGCCAAACAAGTCCAAGCTAGAATCATAGCTATATTTTAATAAAGGTGATTAAAAGAGTAACCCGCGCTGCACCATGATGGCTAGCACCCTGCCAGCACTGTTTCAAAGTAGGTGATCCTGTTAATATTTGATCGTGGTCCACACTTATCTTTAAGAACCTAGCACGTGGTTTTGTATTACACATGGCGAGGTCTGGTGGTTACCCCGTACGGAATTCTAGTCTATCATTGTTCCCCTCCAAAGATTGACCTTGCGATGATATGCCTATGGTAACCGCAGTAAGTATTGTACCGAGCAACGTACGATTGCATCACCGCAGGGCTGTAGGATATTAACTAGGTAATGTGGTAAGTTGATTTTAACCCTCACCTTAAAGTTACGACGTCCGCTGGATGTCACCTTCGGTCTGAATACGTTCCCTCTACTCTGGGACGGCGCTGTTCGCTCTTGCCTTATTTTGTCGCCGAAGACCTATTTAAACCGCTCGATTACCTTGACTTATGCAAACTGTTATCACGTTAGGAACACTACATATTACTATTCTTCCTGGCGTATCGCATTTGGTAACCATGAATAACATTGTTTCCTGTACGTCGAACGGGCTAATGTAAGGATATGTG,1230,46.26,Escherichia coli
SEQ_517850,TCATTCCCGCTGACTGGTAATCTAATAGCTAAGTTAGTACAATCACGTTCTAAGACCACGTGTACCACCGGGGTTTTAGGCTCAAAGGACTGCTGCAGGTACGGGCTAGACGGCATCCGAGTCGGAGTATTAGGAATTCGCTCCCGATGTTTGGACGGACGTAGTTTGAGACTATGAGACGCGGAGCACACAAATATGACATGATAATCAGCTGTGGGAGCCCATTAAACCCTATTAGGGCCAATGTGCAGTCCACGTGTTGAGTACGTTGAACAAGTGACGTATCTTTGCATAACACCTGACTCTCTCTCACATACCTGCCCCTGGATTAAAACTACAAGGAATTGTTGATCGCTTGCACTTATTTCGATGGTCAATAAGAACCAAAAGAGTTGGTAGGTCTCGGATTGCAATGATCCCGTAGGGTTAAACAAGAGCCCATCTTCTGAGCCTGTGTCACCCTTCACTAATGCAATCACGCTGGGTACTTGTTATCTTTAGAAAAAAAGTCGGTGAACTTTTGTCCAAAGAGATTGCAATTGCGACCCCCACTGCACATCAACGAGATCAATTTGGCACGCTGGGGACATCCAGTCCGGCGAAAAACAAGGGGAAGGCCCCACCGTTAAATTGTCGTACGCGTGTCGCCATGATCATTAATACCTCGCGTTGGGTTTCCTAAATCTGAATAAGGCTTTACAGGGTGGTTATTGACAGACAATTCACTCGACTAGGTCTTCAAATTCACGATGAGACTTGACGGACGAATCAAAGAAGGTGCCCGACAGCTGGGACTGCTGAGTTGGGAGTCACAGTAAGCGGAATGCAGGAGGGAAGGGTCCGTACGTAGGTGAGAGGGATTAGCCAAAAAGCTGAGGTTGATTCATGAACTATGACTTGCACATCGTGCTGCAGACTAACAGCGATCACTATATTCTTCGTGAGGTTTATAATGCTATTTGCACTGTTGCACCCCGACCGCCATTTCCTTGGGGCGACCACGACCCCAGACGATCGGCCCTGGAAGACTGACTGTCTGCATAGATCCGCAGTTTGTTTACGCTATTCTACCAATTGTCACAGGGTAGGCGCCGATCGACACAATCAACTAGTGGTGCACTCGTAAGCGTGCCAGGAGGAGTCTCGCATGTGCCTAGCAATCACATAATAGAGTTTCTGACACACGCTCTGTTACCGCTGAACCCTGTCCGGGATTGATTAGCAAGGAACTCTCATTAAGAATAGGAATGTGGGACTATACGCCCAATATAGCCATGGAAAAGCCTATTCAGTCACCGCCCATTTCTTATGTACCAGGTGCTGCCACTTCGGCGAGATATTAGGCAGTTTCAAAGCGGGTTCGCGCAGTAGTTGGGGAGGAATTTACAGGTATATCGGAATCGAGGGGTGATCTCTGCCTGGCAAACTAACTTGAGTTAGCTCTCATCTGGCCTTATATGCTCCATGAATTGGTAGTGCGAGCGGTGCTGACTAATATTTGACCAGTGCATCTGGGATCCAATCGGAAAGGCATGCTTTCTGTGTGTTAGGGTGAGTTCCAAGTGGAGTCTGTCGACGTGCGCATTACGTGCAGCTAGCAAAAAACCCTCCTAGTTTAGGTCTCGGTGTTAAAATACTGTAGTATTTATGGCCTTATTCATAACGGTTCCGGTTAAGCGTCTCTAAACGGGTTAGATCTAATACGTGGGTATCGTATACT,1720,47.73,Arabidopsis thaliana
SEQ_664563,GCTGGCCGAAGGGGGGTGGGGGGGGCGTCTCGAAGGGGGAATATTCAATAGGGACGATGGGACCTGGGTACGATCCCGTAGGCTTTTACATACTAGATGAGGGCACTCTTTCACGGGCGTGAACATACGACTTTGAAGACAGTCTCAGGCCACTGTCAGACATCAGACAAAAGTTGTTTAAGTACGGTAAGGACAAGTAGGGCTTTAGCTGATTAGGTGAAAAAAACCGAGGCCTCTTAAGGATGCCTGGTCGCAGTAACTCTTGTTTCATTCCCTACAACAGGAAGGGGACAAGCTCAGCGGATAGCGTACCACGCGTGGCTCGCGATCCCTGTCGATTATGGGTTTGCTCGGCACAAAGCACTTTGCGCCCGCGGCTTTCTTCTTTAATCATGAAATGTACTGACTCACCATGACTGACACTAAGCGTCATTGATTATATGCATTATACTCGCATAGCCGCTGAAATTTAGCGTCCAGTATTTAATGGTTTTCCAGTCCATGACGTGTCAGGACCTGTAACCGCGAGAGACGTGATATTGGCCCTTGGCGCGGGCCATATCGGATGACGAAGAGTAGAGGGTTGAAGGACGTTCCTATATAGGCTAAGGAGCTTCGTCAATAGAAACACTCGACGAACCGACGGATTGATCTAGGCTATCTACCATTATCCCCCCTCGGACGGACATAAGCAGCGCCGCAGGAGGAAGATGTTCTTCGGCTAAA,726,50.41,Escherichia coli
SEQ_637174,GCGTCTAATATTGCACTATCTTACGAATGCATGCTATCTTCGTCGACCCCTTGTTTAAGAAGTTTATTAACTGGTCCGTCCGAAGTCGCACATGCGTAATGACAGCACCCAGCGGGCTACTCTAAATCGAGTGCTTGCTGAGGCCCGTTTAAACATGTGTTGGACCAATAACGTACTAGTACCTTGCTGGCGAGGGGAGTGTATGTGCAAAAACGATCATATTGCGATCTGTTTGGATAGTACCCCTACTGGCGGGATCCCCTTTACCGTAACACTTCATGGAATTTACACATATCCGACTCTCGTCACGACAAAGTCGTGTATAGACACGACGATCAGTCCTCATTCAGTACGTAGAGATGGGATCAACCATCTTTAAAACCTAATCAGCCGAAGCACTGGGTGACTCAAATTGGACAGCGTGGGGTCCGGGGCAACTTGCTACGCGTATACTCGAGACATTGGAAAATGTGTAAGTGTTCCCTCAACCATACATTGGCTGCAGTATGTTGGAAAAACGGCAGAGCTGTGGGGCGCGCTCTAATTGGTAGCCCGCCCTCTGGCGTACTTCAGATTTACCTTAAATTTAGCACACTTAGTACACCACGCGGGTCGATATTAACAAGCGCTCACCGCAGCAAAGGCTGGAGCCAGTGCGCAAAAATGCCAAGAGCGCTCCCTGAGGGCTAACAAACCACTTGAACAAGCATCATTCCCCCGCGAAGTTCTTTAATACAACGTCTGTAAAATACGGTGGGATTTAGAGGAGGACGAGGACATCTACGTATGGCAGTGCATATGCGGTTTGGAGTTTGTACACATTAGGCGCTAAGACGCCGATATGACTAATCCGTATACGCTTACGCGCGTGCTAAACGCAATCAAGGATGATCATTAGACTTTTGCGACGGGCTCCCAGCCTCTGAGTTTCTTAGGCCCCGTAGCTACAATAAAACGCTGCTAGTTCTGAATGTGGGATCTGATATCTACGAATTCCGCAGTTAGGGCAAGATGAGCAGAGTTCAGAGGCCGATCGATAGCGGTATGGCGTGCGGCAATCTTACCTCACAAACAGGCTTACCCGAGGCGCCCGCTGTTGGCATTGACCAAAAGAACACATCACAACAGCCAAAGGTAGTCTCGATCGGTGGGTCTAGCCCTCGAGTCCCTTGCGCTGCGTTTCACCTGAACCTCACGTGGACCTCGCGACCTCTGTTATGAACAGCAGTAAGTAGTAACTGTCTATTGTTTGTCCGCCGTTCACCTGGGACATATCTAAAGATC,1284,49.22,Saccharomyces cerevisiae
SEQ_514825,ATCCCTAACCTAAGCGGCTTCGTCGCGCTTATCCACTGCCGATACAGTTCACCGTATTTATACATTTGTCCGCTTAGTGGTCGTTCCGCCGAGGTAAAAAACCGCGCTAGACAATCAGCCTCGACCCTGTT,131,51.15,Homo sapiens
SEQ_916827,ATTTTGACGAAGCAAATTTTCGTACAAGCAGCCCCGAGAGGACGGTCGACCTGTTGGAGCTACGTAGGTTGTCCTTCCATATGATGGCGCAGCTCGCGTTCTAATTGTGAGCAGATACCTTAAGCCCCGCCGTACACCAGCCGATTCACGGTCTCCAACACGACAAGCACACATACATCACAGCCCACCTGCGCAAAGCAGCGATTTGTGTTGGTCGCCCAACCCTGCAGACCTATGATCGAGCTTCACGGAGGGCTGAGTGCCGGTTAGCCGATAACACGCCCAGCAATTGTAAATGACATACAGACTGCATACTGAACGCAGGAATGCTCGGGACGTCCGAAATAGCTCTCGTACGATTTGCACGCCAGATACAGCCGTTACGGTTGCGCATATAGTCTTTCATGGACTGCTACATAAGTAATTGTGACGAGAGTTGTACACCAGTAGGTCGTTCAAAGCTTTCGGGCTCAAACCCTAAGACGTACTTATATGTTATTCGCGTTGTCAGTTTTAGTCTACGACGCAGATTCTGACGTCAGACCAGTGTTCCACGGGCACAGAGCAGCTCATTAACGAAGTATCATCTAAGTCCGCCCATGAAAGACGCAGGCAGTCGAGGGCTTATGTGGATACCACCATGATCAGTGGTACGCCTCCAACATTGCTGGCGGCATGTCTTAGATAGACAGACGGTTGCATACACCCGGGGGGTTCGCACTCCAGCAATGACCTTGTTTTATAGCCAGACTGCCCCATCGTCATAAAAAATCGTCCTAACTGAGTGTAGCCTCATGTGATCCTGCTGAACTATGCAGGGGATTTCAGGAATGGGCCTAGTCCAAGACTCCGTCTTAGCCTAAGGCCGACCTCCATACAACCACCCTCTCACAATTCATGGTATGACATTCGCTAGTCCCCGCACACTCGCTGGATTCATAGGTATGTGGTATTTTTTGCTTAGACCCTTGAACAGAAATTACTGATACGTGGTCATCCGGGTCGTCCCGCAACTCTAACTCCCGATAGTTCGACCACGACAAACTATTAGTCGTAGTCACAGTACCTGCATCGTTTATAACAATCACTGCCTGTGACCATAGGACGAACCATGTGGGCCCCAACCCAAGTAGAGACCGCCAACACATTCTTGCGACAAATCCACTTATACGCGCAACAGTAAAAGGCTTGCAAGCGCATATGCCAACCAGTGTAGCAGCGTAAGTTGGTGTGGACTATTCTACTAGGAGACTAAGAGCACGATGTTGTGGGCCCCGACATGTAGTTCTTGACAACCACGGCCTGAAGGCAAGTCGATCTGCTTCCGTGGTCACCGCAATACACCCAGGGTGGGTCTCATTTCGAGACGCCGCAGGACGACTTTTCCGATGCGGGATTTAATTCACAATTGGATATATGGAGGGAGGTCCCGGACTTTTTGTCCTCGATGTCCTCTCTAGCTTTCTATGTACGCGTTTCCGTCGCCACTCTCCAAGGCAATTTCCGGTCGCGAGCCTATCTCGGGGATCCTGGCGTGCTGACCCACGTATACTCACACACATTCAGGGCTCAGCCGGTACCCTTTCAGTATACACCATACTCTAAAACGACGCAGCTGGGCAGATACTGTGACGAAAATGCAACAACCTGCACGATCTAGAATGGTCTGGGGGAAGTCGAAGAAATCCTCCCCTGTGACGACCGTAGTGCAGCCAAGCGTAAAGTCTTCGTTAGCGCAAGATGCTTGGTTTGCCCAGTGCCCAGATACGGAATGGCGTCCGCTCGACCCAAGTACCTACTGCTCAGCCTATGGCGGAACCTGAATGGCACCCCAAACGGGGCCATTGGATTGTTACCCCGACTCGGGAGAGGAAATCTCCCGGGCTGGATGTTGAATGCGTCGATCATTCACGTGAACTGTCGACAGGGAGCACCCCCTTAATATGAGGGGACTGACGC,1959,51.56,Escherichia coli
SEQ_282001,GCGTGCTCAGTTACCACCCCGCTGCTCGTGGCGAGGCTACACTTCTGCGTACAACCCCCGGTAAAAGATACGATTACTGGAGCCTTACTGTAGAACGGCACATCGAAGCAGCACGAGTGTACTCACCCGTAATTGATGGTGTATCTTCGCCACCTAACCCCGCTTCCCTGTTCTGGCGCTTCTCGGTTACTTATGAGGTGCTACGTCAGATTGTTTCTCCAGGACGCTGATATGTCATCGATCCGCATCTCGTAATAATTCATTCGGCCTGTCGGTGTTTTAGGCCGGGCGGGTAAGGCGCGCGTCATATGTGAGTTCGAAGGAAGGATCGAAGAGTAATCGATCAAGCGCAAGCAGCGGCCGGCGGACAAAGTATGAGGAATACAGCCATAGCCTCTAATACTCCTACATACTTCAACATGCTGCGTACCACCTTCAGGAGGATTCTCTTTGCGATGAGGTTTGTCAATAACTCCCGTGCGGTTGCATCTTTCGCGGAAGTTGGAGTAGACGCTGCACCGCCCGCACCGAGAGCGTAGCCTAGACGCTCGGTCTCCCTCCGTTCCTGATACATCGATAAGAATACGGCCCCGAGTCGTAGTTCGGTAGACGACGAGGGATGCCTAATTGTAAACTCCCCCGAATCAAGAGAGCGCGCCTGCCGATACCTTTCTCCTACAATAGAGCGCCTATCATGTTTTGGGCCAATCCTTTTAATTAACATGTCTCTGATTTTGAACGCTTATGAAGGAGAAGCGGCGTCAGCCACGGATGAGTGCGAAACTACAAGAGACGTTGAGTCTCCTTGCAAGATCATGTTACGATTTCCCAGCAAAACGGTATCTGTAGCGGCGATATGACTTAGCTCCGGTTCCACGCATGCCGTATTACGAAGGCTCTATAGAAAAGGGTGCGATTGTCGGAGCGTGATGGCGAATCGACCACATGCGTGATACTACTCAACTGTTCTAGCATTCAGGTCGCTTTCCTGCGCCCCGGCACGGTCTCCAC,1011,52.13,Escherichia coli
SEQ_967525,TCGTTGATGGCCAATAACATCTGAATACAGGGTGTAATGGGGTAGACCTTCAATTGGCTGCGGGTGTACTTCCTTATAAGTCTGTTGTACTGCGGAGGGTCAGGCACGAAACATTCAACTGACTGTGTCATCGATAAAGCGATAGCAGGGGGAGTGTTAGATACTGTCTTTGAACGATGGTATCATAAAGTGCATGACTGGGGCGAGTTACAAACCCGCCAGGTAGCATCCATCTCCGTCCTAGAAAGGGACCAACTTGGTCCTGCAATAACATCAAAGAGAGGTGCGTTACAAACTCGTGGGGTGTTTCCCCTTAATCCT,321,47.66,Homo sapiens
SEQ_625505,AGAGTGGCCCCTTCTTTCTCGTGTCTAACCCCTCCGGATTTTGCGGAGCACAAGCGACAGGAAGACATTGTCATCTCACGCAGCAAGCAGTCAGTTTCGATTCCGGCGTAGATATACCTTGGCCGCGTTGGGAGATAGGAGATTCCGGCAATGTATCTTTCAGAATCCACTTCCGCGCCGGTTGTCGCTTTAGTTGCGCTTATTTCCTCACCCTGAAGCCAGGCAGTAGCTTGAAACCTTGCATGCATTGACCGATCATTGGGAGAAACCGGCTTAGCTATCTTACTTTAGGTGGAGCACGTGAAGTCCCTCCACAATGAGGCCTAGTACCTGTAGCGGGAGTTGTGCCAGTCACATCGTTGCTTGGGACGGCCAAAAGCGGTCCTTAAAGGCCGGGTTAGATCCGAAAAATCACGCACCTTTGGATCAGTCCGGCTTCTACGAGACCGCCGGACGATGGTCTTTTTACGCTTAGTTTTTAGCCATCTACGGAAGCGCGGGCACTATAATAGTCAGAGGAATTAACTTGCCCCATCAAGCAGGAGATAGCATGTCGTCGGCACCAAAATAGGGACTACCACGAGAACTTCCGCTTAATGGATTCGTGGTCGGTAATTCATGCCCCAAAACCCCGGGGCGCGAAAGAGGGGAGGGAGGTTCCCCGGTATTAAGGGCACTTCCAAAGCACCGCAATAAGTGTGAATTTAATTATAGATTAGCAGCCCGGTTCTGGCAGACGGCGATGAATACGTCGAAGTGTACATAACATTTCCGGTTCACGCCATTGGAATGGTATCGGCTTCTTTACTCAGTTGGTCAGGAATTCGCGCGACTGGCAATTTTGTCTTTAGATTAGATATCTTATCACACCCGCGTCCTATCACACTGGTGGAGGAAACGGTATTTTGCTTCAGGACGGCCCACGCGCAAACGAATGACTGCTCAGGCACACACTTTAACTCCGGCATACTTCCTTTGTCCCGAACATACGCCTTGGGACACTACTTTTCCTCAACCGTGCGGCACCACACTGCTATTTGGTCAGGTAGCGTTTCGCTTGCTGGTAGGACGTCCGGGAAGGCACTTACTTAAACCGAGTTGGGCATCGCTCCCTCGCGGGACAGGTACGGGGT,1133,51.63,Mus musculus
SEQ_707871,AACCTTGGCTGGTGCGGAATGCTTATCATAACAGATTGTAGCTTAGGGTTTAGGAAATATGAGGGATGGTGATGGTAGCACGGGTAGCGTAGGATCACTCCCTCCTACACGGAAAGCGTGTGTGTTGAGGAAACTGTCTATTGTGTCCATCTAAGTGACTACGCTACCTGTGATATTGAAGTCTACCCGCTATCCTATCCATGGCCGAAGTCCTGAGTGTGGATTGCTCAGTAATCAACGCGAGCTACGGCGAGATGATTGCCACGCCAACGGAAAGACCTTTGGAAGCCCCCAACCACGACTTAATGATTATACGAGAATGGTGTTAAGTTATGGCAACAATATTCTCCTTGAGAATGCGAATTTGTATCCATAAATGAAACCTACAGGCTCCCGTACTAGCATACCTCAGAACCGTATACTTGGCAGGCCGCAAATGCTAACTAACACCACTCTTGTACCAGACATACCATCGTGGGCCTTGACTACTGAGTATGACGCCAAATCAAGCAATCGCGCTAGGCGCAGTAGCCCCATGGGGTTTTACTGATTCCAATGGCTCTGGGACCATGCCTAAAGAGCAGGTTTACGTAGTCTACCTCTGGCTGATAGTGACCAATGGGACCGCGCAGCGTCAAGGGCTCTAAATCAGTCCGGTATACTCGAACAGTTGTTCCGGTAGTGCTGC,688,48.69,Caenorhabditis elegans
SEQ_525724,CCAGCTAAAACATCCGTGCCGAAGTCTAGGTTGTTCCTCGAATTCTTCAGCGTCACAGCGAGCGTCCCGCTATTGAGCTAATTCCTAAGCAATAACAGACCGTAGTTTTGGTCAAGGCGGGACCAAGAATGAGTCCGAGCGAGGTACACAGTAGAATTCAATTGTTTTATGAGTAATTATTAGAAAACACCTGCTTGTTGTATAGCATGGCAGAAGGGGCGTCAACCACTCGCTGGCAAGTGTTTAATACAGATCTAGACTTAACAAGCCAAGGAAGGTCCGCTGACTTGTCTAACCTTTGAGTTCGTGAACTGAAGTTCCCGGCCTGCCGGTAGCCATGATAGTTATCATGTGACCCGTGTAATCTAACAAAAATACATCTTGGTGTCACGTGCCCACATGAGGGACATCCTTAATCTAGGTGTTGGATTTTTCCCACAGTACCAGCCCGTGCTGCGAAACTCGAACGTGACCGTCTTGTGGGATTATTTCGGCGCAAACGTCATGTTGGTTTTACCTAATAAATACGGCTATGTGCCCCTTGTACACGGCACAAGCAATCTAGAGCACGCCGGTAATCAGAGAGCTCGGGTTTGATCGGATCGAACCTTGATTTGGCAATATGCGTATGATTGACTATTGAAACCAACGCATTTCTTTCTCATAACGAGGCGCGGACTACTGTATGGTGCCCGGAATACCTCTCTAGGTTCCGGCAAAAGCCATCGTAGCACGAGGCAGTGCTATGCGCTATAACTTTTGATGATGCGGCCTCTTAAAAAGTATTGCCCGCCAGCCCGCAGAAGTTGTACAGACGTATCATTCTTTATAGCCGGGAATTGGTGAGATTAGATTCCTCTAAGCTGCCGTCAGGGCGTACTGTTATACCCCAAACACCCATGCGCCCGTATACCACCTCTACTACGGTAATCGCGCACAGAACAAACTGACTTGAATCAAAAGAACCAGAGTACAGTCCTGACTAGACCGTAATGTGGCTATTGCTAAGCAGGAACGGACAGACATGGACACTCGCAAATGTACTCCATTTTGACATCTTCCTCGCCGCGAAGGTCACATACGAAGCGGACACTACGATGTGATACCTCCTGACCATTAGAATCGCATCGAGCGCACTAGCTTTTACTAACTTCCTTTACCTGATACTCCCATAACGAAGGTCGCCTAGAACTTATAGCTCGCATGATAGAGGAATGTTAGAAGGCGGTGGAAATCTAAGGAACGAAAGTCCCCCATCGTGGCTATCGGCCGGAGGGCGAGGAGATCGGCAGTGTAAACACACCCGAGGCGAGTGACCCTATAACCCCGGAGTGATGTACTCGCAGACGATATCTTATATGTCGTAATTCACCGGGACGATCTGAGATTTAGCTAAGGGCCGAGTTAGGGGATAAATTCATTTCCAGGACTTGATTGCTAAGTGGGGCTGAATATGCATTGCAAGGGCGTCGCAGCTCGGGCTCGTAGAAGTTCCTACTAAGTGAAATCACCTTTGTACTTCGTGATCTCGGGAGATCACTGATTCAGAGTCGGGGTTCCACCGGATGCAACAAGGCCGATGCATGAAGGTAGCTGGGTACCGGAGGCGCTTGTAA,1616,48.51,Caenorhabditis elegans
SEQ_153386,TTTCCAAATATGAGCAGGCGAAGGACGAAGGTCTAACTGTGAAGCATAAGGCATGTCCTCATGAACTTGTCAGGAAGACTTGCTCTCCCGTCAACCGGGTGCCGCCACCTTAAACCTGATATGTAATACGAAGCAATTCTTTAGATGTGAGCCGGAAGAGGTCGTCGACCCGCGGGGCCTCCGGTGTATTCACGGTGAGAGGATCAATTGGTTTTGTGTCCAAGGATAAGGACATCTATCGTAAGGACGTAGACGGGCATAATAGTATGGCTGAAAGTGTCCTCGCATACGGTCTACTACATAGAGGCACTCACTATGTGTCATCACTCCTAGTACTAATCTTGACCAATAACATGCATACATAGCTGACTGGTGGTCGAGATCTACATTCGAGCAGCAGATTTTGTTCAAACGGTCGTTATTAATGCCTGTGTACAATGTACGAACCGGGCTCGCAGGGGGGTCGCACATCTATTAGAATCGAGCGAGCAGGGATTTAGATTCTAAACAGATTCGGCTTTGAACGATACTAAGCGACTCATAGAGTTACGTCTGTTTACCTGACGATAATCAACTCCGGTCATTACATGAAAGCTATCTGGAGGCACCTTGGTTTTGTTGACCTAGTTCCGCTCCCCGGAGAGGGGTGAAACTGTCATATTTTGTAGGCGGGAGATTTGACCAAGGCGACTAGGCACAGCGACTTTTCCTAGAGGCAGGACCGGGATATGGCTTGCTCGTAC,743,48.05,Drosophila melanogaster
SEQ_752657,TTTAGCCTTTTGGCACGCCTTGCTTGAACGAAGGGGTGGCCGGAAGAGGCAATTGGCTATATACGTATGTCATAAAGCATTTCAAACCGCTCGCAAATGTCAGCTTAGTTCCTCCCCTACATACGCTTTCCATGGTCAACAGTAATGTAAGCGTCAGATGTGCATCAGACCATATCTGTTGTGCTCGAGGTACTGGCTAATCGATTGGACATACGAGGGAGGATAGCCTTCTTCGGGTGTCGTTATCTCCAGCCATGGCAAAGTAGAGACAAAAAGACTCGGGATAGCGCCACTAGATGCGATGAAATCGTTAAATTTAAAGTCATATATTCGCCTGGCTGAACAAACCCCCTCCGGTCTTCGACCGAGCGGAATGGTCTCTTTCCATTTGGCAATAGGATACTCCACTGGTCCACGGTTATCCTAACTGTTGTGCGTATATACTGTACCCTGGACATGCGGGATAGTTCTCATTGCCAGCGCATGGTTTTCTAAGGAGCCTAACCGATTGGCAGATGAAATAAGCGAAGGTTCCACATTGCGGGAACTTAAGTGCGTTCTTGAATCGTGGCGCGGTTGTCCAAGAGCTCGACCCTTTCTAGCCTTATGGCACGACTGCAAGTACCCAGTCACCAAATTTCAACTAGCCCTAGAGTCCCGATTATATGAAGATTGTAGTTGTCTCTGTAGGATTGTATTTGGTTTTGTACGCGAAGGATGTTGAGACGGCCTTTGCCGCATTGGTCCAAGCCGAAATCTGTACTACCCGGCGAAGAATGACAACCTGAAAGCCCATCGCAATGTTACTTGCCCTCGTCCCCCTGGATCGTCCCTCGACCGGACGTACGATATGGCTCTCGACACCACGTGACATGTGATGATGATCCAGTAGCTTTGCGACGATCTCGATGTAACGATAAAAGCAAGAAGAACAGGGCTCAATCCTTTCACGTCGTTGTCGTCACCAACACGAGTAACGAGGCAAGACAAAAAGATTTTTCTAGTCTATTCCTGTGGACACGATATCGGCGTTACCAGTTAAGACGGGGACGAAGGAGAGCCTTGCGCATTTCCCGCCCGTAATGGTGTACTAACCACGAAAGTGGCAAGCCGTCTAGAATCCGTGAGCCCAAGCACCGGTGTTTATTTAATTAGCCTAGCGTAAAGTCTGATTGAAGAAAACTTGAGCTCGCGGATTCACATGTGGCCATAAATTCTATAGGGTAAAAGTTGAAATTGCGATGCCACGTGTCGGTTGGGGCTACCGAAGATATTTTATACCTGCTTACTTAGAGAGTCATACCACTCACGTGAGCCACCCATCTCTTCCATCCTGACAGAATTTGACACTCTCCACATACATGTCTTAGATCCCAGGTCTACGATAAATTGCCCCGGCCCGCACTACCCGCTTGACGTACAAATCGTGGACGAACATTCGTCGTCAGGATCATTAGGGCTGTACAAATTTGAAGCTCACCTTGTAGCAGCTAGAGATCGTCGTCTATTCTGCACCCACAAACGTCCCCATTCATGCCTGGCCATTCCTATGCCAACGGCTTCACGAATAGACTCTCCCGGGCGGCTCGCGACATCGCCTAAGCTTAAAGTTCTAGACCGTGATTCCATGTCTGTTACACGAAAGTTCCGGTGCGTGATCGA,1662,48.62,Caenorhabditis elegans
SEQ_498416,GTGGATGCCTGGCCGATTTTAATCGATGGGGAGGTGGTCAACCTGTCTTGTCCAGGCGAACAATATCTACGAAAGAATGGCCACAGCCACTTTCAGGCCTCGGGCACTCCCTGTAAAAACCTGCGATAACCAGGGGTACTGGGTCGCGAGGATCCGCAACCGGAGGCTGGTTTGCATTCATCATAGATGAATTGCACCGACACCCCACGGTTACGTCAACAGGCTACCACGCTAGATGGTAGACTACCGGCACAGGTTAGAGGTGAGCCAATAACCATCGGCTGATTAAATTGGTGGAGACAGTCTGTATTGGAAGTGTTATCCTGTCCGGAAGAATTACATTACTCCATTCATCCGCACTTAGCGGGCAAAGTAGCCGGAAACCGGACAGTTTCGACTCACTGGCCTCCAAAGGGTGAAAAGTCTTCGCGTGCGAAGATGAGCGTTACCCAGTGCTTACAAACGTGCTCTGCTCTTCAGGCAGTAGCGCGTGTATTGTCGCCATACGGCCACTAGCATACGTCAAGTGCCCGATGATTAGGCTAAGCTGCTCTGGGTAGTATTAATACCTAAGACTCCATTTATCGAACTACAGACGAAGGGTCGCGTAATATTTCGACCTCGTAGCGGGGTATAAACTCTGATACTACTACCGTCCGAGTACTTGTCTGAGATGTATGGCGTGAAACGATATTAATGATACGCAAGTTAGCGACGAAAAGGCGGGGTAGATACAGGAGAGTTGGTATGAAAATGCTCGCCCCGTACGGATCCATTAATTAATTGCATAATCTGCCGTATGCTTCCAGTCGCCGGACGGGCCCATATAACAAGATCGGGCACCGGACACGTTCCCAACTCGGTACAGGCTTATTCGTATTCCCAGCTCTATCCCTTGCGATCATTACTGACCCTGTTCTGCTAGCGGTCAGTCTTTCTTGCGTTGGTGATGATTCCGTTTAGGAGGTCTCTTGTCCTTTCCCCTGCTCTCTCAATCCAACCCTGGGGTGATCATACCATATAATTACCGCTTAATCCCAAGACGATAGTGTGAGGTACCGTGCCTTGTTTCTGTATGGCTGTGGAAATGTGTCGCCATTACATCATACTTAAATCGAGCCTGTGTAGATTCGCTCAACTCTCGATAGGGTAAAACGAGCCTGTGAGCGAAGCTGGCAGGTTATCAATACTAAGTGTGCTGTCTAATGGTAGAGATGGCCAAGAACGAGAGACGACACGAACGGGTAAGGAGTCCCTGCTCTTGTCCTAATTCTAGCAAGGCGAGTGATGATCTAACTCGGTACCTAGTGGGTATAAGCCCTCACAAGACTCTTGCTCAGGCCATACAGTCACGGTATGAT,1361,49.52,Drosophila melanogaster
SEQ_615027,CCCCTACGTGGTTCAACGCGGGAGGAATTGTTGCAAATGATGGTACTGCGCAACGAGCGACAGGCCCCGTGCAGTGCCTTACACTTTTGGGAACAATTAGGAAATGAACACTGGCATTGCTTAGTTGCTGGCCTTTTGCTCTGCTCCCGGCTTTGGCTCACCATCATACCCTGGCCACGAGGCAAACACCTACGCAACAATTGGTACGCAGCTCAGGAATGTGTCGCTGATTTGCAACCCAGAGCTCTTCATCCAAACTCTCGTATACATTGCGGATGAGGACTGATTCATATTTCC,297,51.18,Saccharomyces cerevisiae
SEQ_828796,CGAGCAATCTTTGCTCCTGGCTCGAGCGAATGCTGTAATACAGTAATTTCGGGCCGGCCCGTTTGATGTAGATCTTGATACCAAACGCAGAAGTTCCAAGGCGCGTTCGATGAGTCTTATATTTAGCATCATACGTAGCTTAATACTTTTCAGGGTGTTAGAACCGTTTGCTTTTAGCGATGATTGCTGACAATCGATCAGCGTGAAGGCATCTTGTCATCCGCCGCCCCTGCCAGGTATCGGGCTGTACAGATAACGCCGAAGCCGAACCTATGCTGGCATTCTTTCAGGTCGACTGATTATCCTTTCGGCCCACGCGGTCGGAATCCTCTTCCAAACGAGCAGCGCTTGAGACCAGCACCGCCCTATAGTCGGTAAATGGACGTCGAGTAGGGTTGTTTTCAATACGACCCTTGTCCAGCTGCACACGGAGCAGAGATGGCCACAGGATATTATACCTTCCCCCACCTAGAGTGTTTTGACCGCTAGAGCGCTTAAACCATTAACGCTGGGTACCCTGCCATGTTATCCAGAGGGTGTAGTTGTCATTGCCTAGAGTTTGAGACTCGGGGCCCATTTAATCCCGATTAAACCATTCCTGAATTCCGTAATGTGTGGTTACTCACCCTATACAGAAAAAGTATCTAGGGTATTTATTCGTCTTTCCCAGGGGTGCTATTTCGGTCCCTCTTGTCCGGGGACTCCCGCGAGTGCGATCCCCCTGTGGTGTTGATCCAGGTCGTAGTCCTTTTACGAAGCTGATCTCAGGTTCTCGCGGGATGCTTTAGATGTTAACCGGCTCGGGGCAGGTGACTTGCCGTATATATGTGACGGGCAATTCCGACTCCGTAGCCCCAGAGTTCGTCATATTGTAACCGCTTCCTACAAAACCCGTATAGGAGCCCGTGCTCTTCTAGTCCAAACTGACGTTTGTGCTTATATTTTGGCGGGTGCACGTTTTCCCTTCACCGTGTTAATCGAAAATGTATAGTAAGACTAAAACGAATGTTCGACTAACTAGACTAAGTGCGTATTGTAAGCCCAACGCGCCATTTTCGCCGCCGATGATATTGCATGTACCATCTTTGAGCATCAGACGACTCGCAGCTACTTTACACACCACGTTGGATGTGGTTGACAGCAAAGACTGGCAGTATAACATTTCGCGTAACACGCCAGGTCCAAGCCTCAGGACACCGCTAGTACACGGGCCCCTACCAAAGACACGCCCAGGGGACTCTATAAGGCTTGCCTTGCGCGAGGTAATAGACACGGCTTTGCAGCGAACCTCCCGCATGGAGTTTTTCTCAACTAGTTTTATTATGGTGCGAAGAGGTACATGCAGCAAAACCAAGAGTGCAATTACCGAGATTGGTACGAGAATCTTCCCCTGGCCTAGAACAGGCTTGGCTTCAAGCATGTTATTCTGTTTTTATGGGACGGTGAGAATACGAGACCGGGTCCTGCGGACCGATCTAAAATGGACTCGTGTCTCGTTCCAGACTTGCGACCCCCTACAAAGTCCATCATCGGACGGTGTTGTGAACGGTACACTAGCGGGAGTCGGTCACAGTGGCCTATATCGACCCCCGCGCCATGACATAGATCCGTATTATGTTGGAATGACTGATCTCACTAGTTACCACGGAACCAGGTGGCTTTGCAGATGCAGCGGGAGCGTGGCAGCCAGTGCTGATCACCGTTACTTCCCAGCGCTGCAATATCAGACCATGACAGCATGGGTGCGTTCCGGGCGAGTAGCCGAAAATTAGATATCCAC,1780,50.51,Drosophila melanogaster
SEQ_877455,TACATGTAGCAACCAGCGGTGACGTTCTCAAAAAATTCTTTCAGTGTTCTTCATGCTGTTTGACATTCTCACACGCACCCTACCTTATGTTTGATGCCAATGCTTCGTGGGGCAGCTACTATATTTACGATTCCATGAGCTTGCGTAACCCAACATTCACACGTGTCCGCTACTTCAGCTCGGGTTTGGCTGTCCTGAAAGGTCTCTAAAACTCGAGAAAGTGAGAGAAGT,231,45.45,Drosophila melanogaster
SEQ_266941,GACCCGTGTCAGCGACGTTAGAATGTTCTATACCACCGGAGCTGAATTCAAACCATGCGCCCCTCACCCATACAATTCTAGATAAAAGCGGGGAATTTCCTACAAGACGTCGGTGTGTCATATGGTTCTTACTTCCATTTTTAATAAGATGGGGTCTCGCATAGAGCCAACTCTTCGATTTGAGACATGTGGTAAGCCTTGCCGTACAACTCGCTCCCTCACATCTCGGTGCAGTGAGTGGATCAAAC,248,47.58,Saccharomyces cerevisiae
SEQ_707446,AGATGACCTCCGGCTCGACAATCTGTCCGGAACGAGTAAGTACAGTAACCAGACTGTAGGGTCTACTTACATACACGTCCGGATGCAACTCAGATAAGAAACCCAGTTTGAGACGGCATATAACCAAAAATCGACGGTGGCGCCGACCCTTGGCGGTAAATCACATCGGACTGCCACGTCAACACCATGCATGAGTGTTGCTCCTTGGAATCATGCCGCTGCAAGCACGGCCGACACTTCCAAAACGGAAAACGGAGATCTCTGTCGTCTACTCCTCAGTGTTTAGATTTTAGAGCGCCAAGCCAATGTCGAGAAGATTTGTAGTCGACCGTGAATGCGAAAGGGACTCTCCTTCCAGAATAACGCAATGGCTAAGAGACAATGTTTGACAAAAAAATGTCCGTCGGTTCGCTAACTCGGAGCGTATCTCGGGCTGGCACGTCTTTAATAATGCTGCGGCTCATTCGGGACCCATCTCGTGTGCACAACATCAGATACCTCTCTAAAGGGACCTTGTGACCTTTAAGAAAGTATCAGCACTATTTCTCATGTTCCCTAATGTAGTAACAACTTGTAATTTGCAGACGTGGAGATAACTTTAACGCTGCATTCACACCGGTAGAGGGGTAAACGCGGTATTCTATGAATAGCTGGGTAGCTTTCTGTTAGTGACAAACTGCCCGCAGAGCATAAAAACCTCTCGATGAGAACTAAACAGATCGAAGCAGTTATTGTTTACTTGAGCGGGTGACAGATTGTGGAAAAGGATTGCGACTTCAATGCGAATTAAGTGTCTGACACTTCCCCATGGTGAGCGATAGTTCTCTAGAACGCACTGTATGTTAGTCCCACATCTACTTACACGAGATAGCACTGCGTAAAATAGGCAATGGTCATATATTCTAATCCCAAATGGTTACACAGGACCGGGCAATACTGAGCGCACATATTGTTTCATAGGTTAGCTCGCCGACAGTGGGCACGTCGGGAAGAAGATCTTCGGGAAGGTAGAGAAGCACTTAACTGAGCCAAAACGGTCGACCACTCTTAACCATTCCAGATCACCTGCTAGTCTAACGGAGACTCATGGTGGGGTGAGTGTGGGTGAACGGATGCAGATCTTGGATGCCAATAGGGTTCAAAACATATCTTGAGGAAACTGGCGGAGGGAGGAAAGGAGTCCCCCGCTCGGGATCTATAAAGTAGACCACTGTTCTACAGTACCCAAGCGTCTCTTAGCCAGAGCGCTCAACCGAGACCGTTCGTGTCCCTTAGCTATTTCCGTTGCATTCTTCATGGACCAGTCGTAAATATTCCGTCCCACTTTAGAGCACAGCCTCAAAATGCCGCTCTGCCTAGAATCAATAAGGTGGAAAGCCCCGGGGGCGTTAAGCAGGCTCCCGGTTTGTATTAGCTGTATATGGCGATCGCCTGTGCACCGC,1442,48.34,Caenorhabditis elegans
SEQ_435917,ATTGGGTAAGGCTGTCATTAATGGTAGGTGATGCATAACGCTAATTTGATCCGCCCAATTAGGGCATACGGGAGCGCTGCAAGTGGGCTGCCGGCCAACTCGTACGATGGCACTTGACATCATGGTTCCCATCGTTGATGGACGACTTACTCAAAGTATCGTGGTCTGGCCGTAGTGTCTCTAGCCGGGTTTGGATTAGCAAGGGCGGGAGTGTAACGGATCTGTGTAACGGCATCATGCTTCTCGTCAAGGTCAGTGCACATGTTTCTTATATATAAAGCTGCCCAAAGTGCATCAGCCGCACATCGAGACCTGTGCGACCCAGCGCGTATTCTCCTGGCATTGGAAAGCATTCTGTGGTACGTATGAGGTCAGATAGTCATAAGACGGCTGTAGCGATTTCGGCCCTATGGCCAAGCGCTGTCCGAAGCCTCTTTGGAAAGGATTAACAAAACGGAATACCGCTGTGATATTCACGTGTAGACGGATCTTCTCCTCCCGTTGGCGTATGTGACGCGTGGAGTTCCGACTGTGGGGATTGTGATAATGATCTGCACAAGAGATAGTGGTGTGGTCCGATCGGGGGACCGCTGTTATGCGCCAACGGCTGTGTCCCTCACCCGCGTGATTCAGGGTTGGCACTTAGAACTGCTATGTGCAGCTAAAATAGTGGACGGGACACTCTCCCCTCCTTTATTGTCGAGTTACAAAACGATCTGATAGACAATGTCCTGTACTTATGTGAAAATTTTTCGCTGGACACTCATCGTCTCAACCGCGCCCCTGTGGGCCTGCGTTCCAAACCTTAGGCTTGTTTTCGGCATAATGAGCGGGCTGTACGCATTTCGTAAGGTGGTGTCTCGTGGTTAACCGACTTAAACGCCTAATTGATTGAAAAGGCGGAGCAGCATGGTTTAAAACAGCACAACCGCGTTCGGGAGTCCTCGTCTCTATAGAATGCGTGTCAGTCGAAGTGCGGTTGTCCGGTGGATCCGTGCGACTAGTGCGAGCCTACTGTGACACCGCTCTTATCTCGCCCTTTATCGAGGCCGTCATCTCTGAGCGTGTATCCGGTGTCGCTGGACCTCTAATCGTCGACCTGTTAATCAAATCTGC,1116,51.43,Escherichia coli
SEQ_492528,TGGATACGTACTTGTTCTCGAACCGGATACTATCTCCAGAACGTAGAGTGTTAACGTCGCTTTCCCTAGTCGTGTCGCACTAAGTCGTAGCCCAATCCACGCAAACAGCGTATGTTTAACAGCCGTGGCTAAAATATTGTGTGTGTCATAACGAGTGTGACTCAATGCGGCTGTGTTGACATGTGTAGGCCAAGATTATCAATCCCAAGGCTTCCGGACTGCCGATGTATATTCCGGCCCACAGTGCGCAGCCTAACGGTTGTCCAATTCTAGCTTTTGATATGCTTTTGACGGGTGCGTGAGTTGGTTCCACTAAATCGCCAGCCAGTCTTACGGATAGGACACAATACCGCAACTCATAAGTTTAGCCCTAGATAAGTGAGCGGAAGGATCAGCACGATGAGCTTGGTCCGTGTCCTAAAGCACTCGGCAACTATCATAATATCTTATTAACAAATTGGCGTCGTGCCTAGACATGACGGCTCCGTTGCATGGTACGGGACGTACTGATAACAGGCATGGATGGCGGCAGGGGGCTTTCATGTGACGTTCAAATATGTCCGACAATAAAGGAACCCTACAGCCTTAGCTACTAGAATACAAGCCAGGGATTCTGTGAGATTAGTAACCACCCAGTGCAGACGGCGGCCCGCCTAGAAGGATTGGTGAGCACAGAAAGGGCACCGTCCCCACAGCTGCATTTGTCTCCGCGAAGGGCAACGCTGTCATGTGGGCACTTGTATGTCGCCGGCTAGGACTCGTTTTGGTCTAATAAACGGGTCTGCTTGTGACAGTAGGAGAGGTATGCCGGTCATATGTGATGTTGCCTTGAACCCACATTAGACCTTAAAGTTCCTCCTATGTTGTCAGTGCTAGCAGGCATTAGATCAACAAAATTTGGGATGCGGCCGTGTATTCGCCTCCAGGATGCGCAGCATTTGAAGCCTAGGCACGTCGGGCATCGGGGTGGTCGATGGAGCTACATGCGAGCTTCCATACACGATTACCGCTGGATGCATTTACCCATAGGTATCGATTTTCGACTACGCACGCCAAGGCCTTAGACATCCAGGATCTGAAGGAAAATGCGTCGAGGTCGCGTTTCTCTAGGAGCGCGCTATATGGGGCCCAAGGACGCATGTCCCCAAGGTCATTTACAGCTAGGGGTGATGATCCGACGACAAGGTCGGATCCGAGTAACTAAGAGGCATTTCAACTGTATGCACCTAGGCCCGCATTACCGCCTTGGGTTCTAGGACTCCGATATACCATAGTGCATCGCGTTTGTTGAACATTTGCGTGTTGCCACGAATGATGTCTGGGGGTGGATCATTACTCAGCTAATCTGTTCAGCTGTTAGAAGGGACAATGGAAATGAACACCCTCGCCTACCTCAATAACTTGTATAAAGGCTGTAGGTGTGTCTAGTCGAACGTATATAACCTGAGATAAGTGCCAGTATAAATGTTAGATAAACCAGGGTGCAAAACCCGCCTAGCTACTTCCCTTGGCTTTAGTTTCGTGACGCGTATGTGGGTTGTGGAAATTGCAATAGTCAGATAGGCCTCGGGTGATAGGCCTTCTTACCGTTGTTTTCCATGCGAGATTGTGGCCATTTGATCCTGGATTTTT,1632,49.39,Drosophila melanogaster
SEQ_990194,TTGATTAAATAAGCACGAATGCACGATAAATGTAGGTTAGGCATTAGAACGTCACCTCGCAGCAGTGGGCGGAAACGCTTTGCCTTGGGTCCCGTAAGCTTCTGGGCTAAATTGACCAACGATGGTCCTGGTGTAGCCGATCGCTTCACATGCTGACTATACGAAAGCCGGTACTATTAGCCCCTCGACTTAAAAAGTGTACGGTTAGCCAAGTTTGATAACCCATCGACCCCCACGTCGTGGGAAGACTAGTATCGTGAGACGCCAGATGGACGCGGTGCACGGACCGCAAGTCTTGCTCGGCTGCTTACAAAAATTCAGCTCCATAAAAGTCCTAAAATACTATGAGTCCGTTAGACTTCACAGACAGATAATTATAGCGTTCCAACCCTTAACTACTGCCTCATGTTTGCGCTAAAATTACGCTAGTCGACCTACCCCACACAGAATCCATTGGCGTCACAAAGTAGTAAATGGGCCTACATGATGCCCTCCACCCTTACACAGCTCCCGACAGGTCACTTGTGATGGGTGCCCAGTGGTCATTAAATACGTGGTGCAAACATGGTGGACGATTACCGTGGCCATACTTATCTTAGGGATAGATTGCCTCAGTGCTCCGGCATCTTGTAATGGTTTGTTTGTTTCAAACCAAATCTGAAAAGAGAATTGTGAGGAATTCCACGTCATGGTCAACGCGCCCAAGAGACCCGGTTCCGTTACCATGGTAAAATTTCGGTTTAATGCAGGCTTGCTCCATCTAACGCAATTTCTAGCCGGCCGCTTGTCGCTCTTACGAGATTGGGCATTACACTAGGCTTGAGTGATTCTCGGTCGGGCATCGATAATATATATAAGTAAGGAGCCCACCTGAGTGAGTGTGAGACTAGTAAGCATGGATCAATTGACGACTTGCAAATCGAATCAAAAGTCATAGCGATAATCGCCGCTACTGCCCATCATCATGATAGGTCGGTACCGGTGCAATTCTACTGGTAAATATTACCTGGCACGTTTGTCTGGGGGACAAATCAATCTCAGATGACGAGGTGCCCTATTCCGACTCTTAGCATTCCTGGGACCCTATCAAAAGGCGTGTCCCTCCTTTGCGTTTTAGTATATTGGTCGCCTCATGGGTTGTTGGATGATGAGATGGGTGCTCGAAGCGCGCTCCATGTAGTATTTACGTGGCTGGGCGCTTGCGCGCCGGCTAAAAAGACACTACCGTGATTTGCAGGGAAACTGATAATACTGAGTCCTAGTCTGTGCCATACAGCTCACGTAAAACATACCAACTGTGAGGATGGCATCTATGGGGTTGGGCAAACCCTTCATGCATCGGTTGCAGGCCGTCCCGATACGTTATATCGCAAAGCGAATATTTGTTTGCTTCGGATTTGAACTTGTTCAATGGATCGAGTTTTAATCCGATCGAGTTCAGGGGAGCCCGTACGTGAGTTCGGACTATTATATTAAGTACTCGTAATTCAAGCTTTGCGTAGATATTGGTTAGCAATGTGTGTACAGC,1528,47.45,Saccharomyces cerevisiae
SEQ_661851,CAACTTACGTCGGATCCCAGGGCCTTGGGCTCTCAACGGTATCTTTGCCATGTAGTGCAACGGTCGACGGGCTAAAAGAGGAACGACTGTTCCCCGCCTGAAAGTGCCACTTTAGTTGTAGTATCGACCATGTGTCAAAGTCAGTCGGTACCCGGAGATTATATCAGGGGAATGTGCCACGCTGTTAGCTCGATAAATGTATTATCTAACATGCAGAGGAGTTTTACATGCTGGCATCAAGCAAACCCACTATGGCCAGAGTAGCAATCTCGATACGGGAACATAGACGCATGAAACAGAAAACCGGACCAATCTAACCGACTATGAGCTGCTCGTAACAAATACTCTACCGAGAGACAAGGCTCTAGTGCGCTCGTAGATCTACTTTAGAACCATTTTGCTACGTGGCAATCAGTACGAATTCCCGGACTCTCTTCCCAAGACCATTGGCATAATTATACCTCTGCCCGTGACTGTCGGGACGACGTTAGACACTTCAGAGGTTATACCATCGTACTTAAAAGCAATGGGACCTACATTCCATAGTGTCCGGTTGAATTTGTCTTGGTAGCGCACACCGTACCCGTCGCATCTGAATGTCGGCTGCGAGAACGCCGCCCAACCCAAGCTTATGGCGTACTAATCATTTGCCCATGCTCGGCGCCGCTAGAAGTTATACTTTCCGTTCAAGAACCGTCGGTTCGCCTGTGACTCGTCTCCCGGCGACATCTTATAAG,737,49.39,Mus musculus
SEQ_857389,TAATGAAGATAGATAACGTATTGGTTACAAATGGGACGCACGTTACAACTCCTGTGGGCATTTGCACCAAAGTTATGTCGTGGAGCGTTTGATGCACCGCGGCTAGTATTGGTACATGGTAATCAGGTTAACTACTATACTTGGGGCCGGTATGTCATCTGCCTTATGCACGCAGAGGGCAAGACCAGCGAGGCTATCGCCGCCACGCACTTGCTTACCGTCTTGCCGGGTGTGTGGACTGGCAATAGTCACCACTAAGTTGTCTTAGAATGTTAAGATAATCAAAGGTGGCGTGCAGCTAGCGGCCGTACATAGACAGTTCTCCGGCGTCGTGCATCCCAAGATAGAAGATTTGTCAGCTGATGTCCGCTCAGTCTGTACCAATTTTGGACTTTCCTTCAGCTGTTTGAGTAGAAGAAAATACCTGGTGTGAAAATATCCATGAGGAATACGAACAAGAGTAATAAGGTGGATACGGTAAACCAACTTCTATCGTTCCCTATATACTGCTACAGGAACTTCGGTCCTCTGCCCCGGGTTTCTGATCGGCTGGGGCCATCCGCAGCCTTGTGTCCGAAGCAAGCTTCAGCTACTTGATATAAGTGTGTCGTGGTTGAGTTGGCGGCTTCACTCCCGTGGTTGTAGACACTTTGAAATCGCGTTAGGGTAGCATGCGGCTGGATTAAATCTCGCCTTTTGCAACACTATGAGATTAGAAACTTTGTCTGCTTTATTTATCAACACTCCGTTCTCGCCCTCTGAAATCCGATGCCACGTTAGTTATATTATGCAAATGCGATGTAATAGCCGTTAGATACCCGGACCCATCGCAATCGACTCCGTGTCAGGAACGACGTGAAGACAACTTTACATGAATAAGCTCGCCTCACTCCCAGATATTTCGGTCTGCGCTAGCCACCATCCCGAGTTGCACCTAATGCTTGGACAATATCAGTAAAAACTGTCAGCAGTCACGTTCCATCTTACCTGTCCCAATGCTATCATTAGGATCGCGTCATTCAGACTAGCCTCGGCACCATCATCAGCACTCAGGGGTGCATAAGTTTAAAAACACTATCACCAAGTCCTGTTCTGTGGTAACTGCGTGGACGGAAGCATTTTCGCATATTTCTCTGAAGGCGATATCT,1148,47.39,Homo sapiens
SEQ_689206,AACGAATGACGGCGAGACGAGGGGGAGAAACATAGTTTGCCCTGGGGGCTGCTGGATTGAACGCCAGGACGGCCCTATTCTGGCTATAGGCGGAACTTTAAGGTCCCAAAGGCTCACCCCCTGATTTATAGCAGGCGGATGAAAGTGAATACGCCCTGATCATCAATATGTCCTGCTTCTCGAACTTTGAGCATGTTTCTATGCTGGTATCTGTATTCGAACTGCCTGGGCACCCCGGTGGCGCGTGACTTCCCCCGAAGGGGACGACCCGAGTCTGGCCACCGCGTATCTTTTATTTCGTCCAAATAATGACTAATCTTAGTATGAGGCTGAACAGGCCAGCAGCGGCCGGCGCAAATTTATTCATGGTGGACGAGGGGTCGGACGGTATCAGTTACCGAGCCTGCCGCTTTCTGTTCTCCTACAGCCATCCAGGCGGGTCCTGATTGGAAAGCCCAAAACTACATCTACCCCATATGCATCATCTGATGTCTGTTTATACCGTCAACCTGTTAGCCATCCATCCCTTTTCTGTCGGGGCGGCTCGCCTAGCTAGGGGACCCCTGGAGGACCATTCTGTTAGGACTTTAGTGATAGGGAAGACTTGCCAGCTAAATCAGCCGGTCCCAGGGCGAGGCCTGTACAACTGTTGGTACTCTTATCCTGCGATCTGGAGGTTATTATGAACAGGCCGCTAAAGTCATCCCTCAAACCCGTGTTTAACGCACCACAGAATATTGCATCAGATATCAGCCCAGTGTGTACATTTTCCTCCATCTATCTAGTCGTTCCGATCAAGGACACGACTGGAGCGCGGCTAGCACACCCCAAAGGGTGAAATAAAGCCTCCACCATAAAGTTACAAAAGACTGTCGTCCGAATAAGGTGCCCGCCCCACTCAGGAAGGTGTCAATCCAAAGTAATCGACGGGCCAGACTTGTCTCCGGCTCGAAGTTGACGGTGGAATACCTGATTGGATCATGAATGTCCCTACGGTGAGTAGAGAGTTTCTTACACTGTTAGTGATGGTGGAGCAAGTTAGCTTAAGCCACGGTCGATGTCTTTCCGTTCGCTCCCTAGTCAAAGACAGGTACATGAGCTGGAGTGTCTTGATCAGATGCTCAACTTTTTATGACTTACGCAGCAAGACGTTACAAGCTCATACCGGAAGCTACTGGGTGCCCCTCAACCGTGGCAGCTTGTTTAGCCGGGGTCCCGTCAATTCAGTCTAGAGCTCACCCCCTCTGTTGCGTCCCAACTACCCGCTAGTCAAACGGCGAGGTCGGTTTAGCGTATGCGTAAACGGACAATGATCAACGGCAAACCGAAATGTACGGTCGTCGCATAATAACTGTGGTACCCGGCACGCAGTAAAGAGCCCACTGCATCAAAGACCCATCACAAAACTCCTATGCAGTCCGTTTAGGGGCGGGTAAAATACCCCTCCGCATTCGGCCGAGAAGATCACCGTGGTGTTATACCTGTTTGGGTGCTCAGCTTTGAGCTATTTCCAAACTGTTGGCTCCCACGATCTGGATGAACCAAATATGCGCTGTGCTGTCGTAGGTTCAATGTGAATTGGGTCAAGCCCCGTATTTTCTTACTATTAACCGCCATTCTGGTTGCAATCGACTGGTAAAAGTCTCTCGCCCCCCGTGACGCAGCTAGCTTGTCGGCCCGACGTGTACGATCTTGATTCACACTAGCCGGAGTCACAAACGCGCACGGGGTAGATTGTGCCACCACCTGAATGAGGTGATTCGGTCATAGGAGTGTGGCGCCTCCTGCGGTGAGGGCGATGTGAACTGTTAGTCCCGTGACATGTCACGTACGCACGTTGATGTTGTTGACGATATAGGGTGCGAAAGA,1869,51.85,Mus musculus
SEQ_752764,TGCCCTCACTGCATCTACGTGGCAGATGTACTAGGTAACGTCAGTATCACGATGCACACAAACTGATCCTACGATCCAAAAAGCTGTGAGCTAAAACTTATTATGTGTGTAGTTCGATTTGAGCCGCAACGTGAGCAGCCAGACCTGAGACACATCTGTCCGCGAGCAGGATTACCACTATTGAACGGCTGGTCTTAGCTATCTGGCGGTCGCGGTGCGAATCTCTGCGGCTCTCCATGCCTCCTGTGGTTGGTAGAATTAGCAACTGCTCAAGATAGGAACACCGACTCCGGTTCAGATCATGTCTTTGGTAAAGGTGGGAATCTTTACTAAACGAATTCCTCCTTTAAGTCACTCTAAAGCCTGGGAACTAGATAGGCACTTATCAACGCCAATCGAGGCATGCGTGTTATCGTTGTAGTCTTGCCCGAATCTGGTGGAACACAAATTCAGACACAATCCCCAAATCTTGAAGAGTGTAATATAGTCTACGCGAAGGAGAATGGCGACAGGATTTCTGCCCTATTATAGTCGCCGTCTCAATTATAACTCCGCTGTGATTGCATTTGGGTGAGGAACTCGCTAAAAAGCCCCCATGCCGTCCACACTAATCTGGATGCGCGTTCCTAAATCTAACTAAAGAGCGGGCGAAACGGGGAGGTAGTACTCACGGTGTTAAACGATGCAGCCCGCTGCCCACTTCTAATGGTGTAGGTGGAGTTTGTTAATTTATGAAACGCTACAATTACTACCTGTAAGTTTTGTGCACTAGACAATTAGCCTCGGGCGGCAGATCGTACGTACCCTGACTTACCTCCCAAATCGTAAATCCCACGAAGGGATTAAGCTTGAGACCCATCGGCGGGAGATCGTCCACCACTATTCCACGCGTACTAACAGTCGGTGTGCTGAAGACTCCCAGGGAGGCCGAGAGATACTCGAATCCAGTAAGGCCGAA,958,48.64,Escherichia coli
SEQ_562336,TAAATATTGCAATATCATTACTCCGAAGATTGGACACGATGATCGGACTTCCGTCGTTAGTAGGTAAGATGATTACGATCGACGTGTGCAAGGTAGCGTCCCTTGACACGCTGCGCTAGCTTTCTCGCTGCTTATTAACGGAAGTCCAGTCTTCCTACAGAAAGAAAAGGCTCCTTTCAGCGAACTCCCCGTATCTTCATCACCGAAGCCCAAAGTTTCGGATCCCCGAGCCCGGGGGTATGGCACTGCTATTTAGAATCATCTAAGCTGCAGCACTAGTTGCTAAGCTACATAAAATGGCTATCCGTTAATCTAAGACATCTCTAGGGAACGAGAGTTGATCCGCGCACGCAAGCAAGGTTTCGGGTCATGTGCAACCTTCACCCGTCGGTGGAATATGTTGCGTTCGTGCACGTTGAACATCGCGCTTTCGGATCGACGAGGTCGAGATGGCCCGAGGTTAAAAACGCGATGCTATCCGTGGACTCTCACCCCGGTGAGACCTTTTCCTTCCCATGGGCCGATTATGAGAGGTAAAGCGCAAGCCGGATCTAAAGATTGTCGAGAATGAGGCTCGACGCTCGGCTATTGATTCATCACAGCGCACCTCATATTCTCTTTAAGCGCGATTTTACTAGCATGACCATATGATCCCATTCTAATACTGGGCGCAGTTCCTCTAGCTCTCAAGACAAGCTGGCAATCACGAGCGCAGATTCGAGTAGTGTGACGTGATTGCGCCACGAGAGGTTTACAGCAGTGCGAAGTTGATCTATTGTCCTCATCCTGGCAGAAATTTTTAGGATAGGGCGTCGAACAGAGCAACACACAGGCGATGGATACCATATGGGTTACGTCCATGGCGTGAACGTGGAACCGCGCGACCTTCGTTTCGGTGGACCGTTATCCACAATGAAAGTAACAGGCTCGAAT,933,49.73,Homo sapiens
SEQ_814118,TGGGTGTCTAGGCATCCTAGCATTGGCATCGCCTTCAGGTCACACTGTAAGCAAGAGTCCCGCGACCCCTGAAAAGTAACCCGGGACATAGACGGGTAGTTCGCATATTATGGCAGGATACCAAAATCAGTCAACCCAGAATAGCACTGAGCGCACTAGTGCGACATACACCAGATCGATTTTCGGCTCGAATACATGGTCTCGGTGCCGACACTATGACTAGCAAGCAGATCCGAACCGGCCAGTTCTACAGATGAAAGCAGCTTGGCGATGTAAAAGTGGAAAGCGTAGATTGGTAGAGACGCCGGAGCCTAGGTACTGACGTGGGGTATCCTACGGTGATGGACGCTATGGAGCCTTACCTGTCCATTGGGAGTCTTATATACCTTTGTCTAGCAGATTTCTTCGCAGAAGCTTTACCCGTCCTTGAACTGTGGTCAGCGAGGACCGGGTTCGGTGTAATAAACACAAGGTAGTGCGTGTCGTCTAGACATAATTCAGGCGCATCGCTTAATATGTAGACATGACTGCGCGATAGATGGAGTCAGCAGCTGAAGCGAATGTTTTTGGTAGCGGAAGAGTCCTATAACTCCTCTGCCGTGCTTATTTCCAGACATCAAATTCCAGTATGTTTGAACGGGCCATTATATAAGCGGGGCCGTGCTTATTACCTTTTTTCATTACGCGATGGTTTACGCTGTATATTGCTGACCCCGAAGTTGACGCGGCTTCGCTCGACGCAGGCCCATCCAGAGAAGATGGGAGCGAATATTTCGCAAACCGAAATCCGCATTAATGTGATGCCCACACCCGGTTAAGGTGGGGGTTAAGCGTTCAGGCGTAAGTGATTAGGGATGAGTGGCTCGCGCCCGACGCGTAAGCCCCAGCAACGGGACATAGCAAGATAACCAGTCGGGACACGTCCTGCTTTCGGCCGTAGTTTACTCGATCTTCTGAGCCCGCGCGCTATGGACGACGCAGAGTAGACACTCATGTACGCACACGCATCCCCAAACCGTCACACTAGACAGCGAAAAACAGGGCAGTAAGACTTGCATTGACAGGTAGCCGCACCGGGCGATTTAACGCTCGCCCGCG,1098,51.73,Escherichia coli
SEQ_740303,CACACCGCCGATGGCATTCGCACCGTCTGGCCATTCAGACTCGTTTAAGATTTGCAAAAGTTCCATGGGGTAACAAGAAGTAGATAAATGGTCATACATATCCACAGCTGAAATATGACCACGAGCTATCGGTGACACTCATCCCAAGCGCCCGAGCGACTTTCGTCTACATGCTCCCAACACTGGCCGCCCATCGGACTGCTGTTTCCATTCCACCTCTGCACGTGTACCGTTGCCGTACTGCGTTTACACTCAGGGCTGAGGACTCTGCGTCCCTCTAGGGCACAATCAATCACACAGTGAGAACGACAAGGGGTGCAG,321,52.65,Drosophila melanogaster
SEQ_312106,TCATGCACGAAACTTGGCCGTAAGACGGACCAACCAGTACCAGTCTGACTGTGTGTGGAGAGGTGTTGTTCAGCATTTCCTAGACGTTCGCGCGGGAAATATTGACTTGTGAGCCGATCAGCACACATTGAGCGAGATCTAGCAAACTCACGGCGAGATATTGCGCCCTTTCGACTCGGTATGCTCTACTCCGCGTTTTTCTCAATATTGGTGAGTACCGGTATTTCTGGGCCGGTAACGT,241,50.62,Drosophila melanogaster
SEQ_303628,GTTAGACCGTACCGTAAAACCATCACATTCAAGCCTGTTTAATAGTGGAAATGACCAAACAAACTGACCCGTTATCGCCCGGAGAGAGGTAGCGTAACATCGGCTATGGTTAGTTCTAACCGACGGTGCGCGTTGTCTGATTGGTCGACAAAGTGAGTAAGTCGGGCGCCATGAGAACACGCCTCATAGTAGCGAAGAACTCATGATAATCCGTTACTGATTACAATCAATCTCAAGTGTTACCTCAACCAAATCTCGCTTTAACCAGTACATCGGCGTTCAGCCGCTAATAATACACGGGGTTAGTTTAGGGCCCGGAGCCAGTCATCAGGTCATTCTACCCTACGTTAGTCTATAATGGTCCTCGTATGCTGAGTGATTCATGGTCCCCAATTCAACAACTTTCCCATGTTCCTTGGGAGTCTCTAATGTGTGGCACTCGATTGCACGTTTACCTTCTGCTGACGCAGTGGTGATATGACAGCTCACCATACAGCGACATGGTTTAAATAGGTATGAATGGTCGTCTCTGGGAGGGCGTGCAGCTTATCGTTGCGGACAGGAGTCAACATCGTGGTCCCCCGATAGAGGAGATGTTAAAACCAATCCCTCTTGAAAGTTTCTGACGTCCGGACCTTAGTCTTCATATCCTATGTATCAATACTACACTAGAGCCAGGCAAGCTCAAAGCGCGGCATGCCGAAGGCCCACGCTATCCCTTATAATAGTTACCTGCACGCGAGCCCACCCGAACGAAAAGAGAACCCGGGACGCGACGACTCGGTAATCTATTGCAACTACAGTTTCCCTCGTCCGCCATGGGAGATTGTGGTGGAGGCCGTCCGATGAGACCAAATCTGGAGCGAGGTGGTGTCCACCGTCCTAAATACATTGGAATTACTTGAGATCGCTGTACCAATGTAGAGTCATTTCGACGCCGTCCGAGGGGTCTTGACTTAACAGCCCATTCTGGAAACTCTGGACTCTATACGGAGGAATTAGGGTCAGCGTTGTAGAAGCGGCAGAAGCCCACTGATTTTTACGTCCGGCCGTGGTTCATTGTTAACTCACCCGGGGTACTTGTGCTGCGGTTCCTAACAACAACCCTCACGCTTGTATTGTACCGCCCACTAATCGTTTCCAGTAGCCTCTTGGCACTGAGGCTGTACCACGCATCGTCTTAATAGGTCTGACCCCATAGGCCACCGACAACAGACTCTAACATATGATGACTGTGCGCATGCACCATCCGCAGGCCCAGAACATAATGCTGATCTGACTCCCGCAATGGGAATTAGCCAATACTTTCTGTTAGGTGTTGTCGTACGGAACCGAGCTGACACTTTCACTAGAGTATCAATACGGCCAGTTAGAATTTCCACTAACGTGTTCTATAGTTCAACATACGCATCGCAGCTCTGTACCTATGGCACAAGCTTAAGCACCCTGCGAAAGCGGTCCGATGTAGTGTTATAAGGTGGTATGCTTCCATCAAGAAGCCGATACGCGACCAGGACCTTACGCGAGACTAATACATCCTAGCAGATCCAGACGATCCCACTAAAGCCACAAGTTTGGCCAGATCGTCTTTGCAAATGGTCGATATAGCTAAGAACTCGGTCCATCGTATAGTATATAGTCCCGGCGATTCTCTCGAGGTGCGGAAAAATTGTGATGGGTTTGGATAAAGATCCGAGTACTTTAATGAACTTATCCCTTAGTTTGGTACGATGAGTGCCCGTGGTGTGGCAGGTATACGAGAGCTTCTATGGCCCGGGTCAGCGTGAATGCAGGGCTTGAATCCAGGTCGGTGACTCGCTCCCCCTACAGCTCGCGTGCTGTACAGTTTACGCACGGTAGGGATATTGCAACG,1873,49.49,Caenorhabditis elegans
SEQ_915149,CCGGCCATACAATCAAGTTATCTGGTCAGTCAGGCGACCTATTACCTGCTCCCAGTTAATGTGCAAAAATGGAATAAAAACCTCAAGTTCGTTCAGGTACGAGTCCACAAAGGTAGGCCTAGAATCCGCTTGAGACACGCCTAGACACAAGTTAGTCCCTATGCCTTGCGTACCTCCAGTTTATGGGATTATGAAAGCGATCTCTCGCTTGATGTGTGAAACAGGCAGTTGCCCAATTGTTGTGGGTCTTCCCAGTATGAACTCCATGCCGCCCTCCCGAGAATCCGAAGATGTGGTTTTGGGGCCGAAGAGGCGGGCCTGATCGCCCGACGTCCGTTCGACATGTATGTCAGTTACGTATACAGTACGATAAGTTTTACCCGCCGCGGTGAATAAGACGTAGCTTCCGTTGACTGGAGCCAGTCTTGGACTTAAAGCTCTGTCGGACGGAATTTCTTGTGATGGGTGCGTAGGCTACCTAGCGACGTTATTCGGGTATTCGGCTGGCTACGCTCCTTTAAAAATTTTTCCAATTGACATGGGACTTATTGGTCATCATGACCTGGGCGGACAGCGTCAATGTTTTCGTTGGGAATATCTTGCCGAAGAAGCTATTGCATAGCAGCTCCGGACTCCACTTAGTGATACCGAAACGGGTGATGCGGAACGTGATCCTCAGGACCAGTCGAATAAAGAGTAGTGCCCTGTCCCGATCAGCCGAGTTTAGGACCTGTTAGACTGGCAAACCTTTTAAATAGACCATATCGTACTACTGATTCCATAATGCCTCACGCGGGAGGTTTTTATCCTGAGCCAGTGGGAGACGCTTTAAGTAAGAGCTTATTAATGAGTTAGCGGAAACCTTAAGTATAACGCACTGGACTTGAA,888,48.42,Caenorhabditis elegans
SEQ_875748,AATGATCTACAACAAAAACGTTGTGCTGACGTGCAGTTTGAATTTTAAAGCATAAATCTGCTCCGCAATGGCTTCGACTCGCTCAATCCGAGCACGTGCTTTTGTAATGTGGCCTTACTGCGCTGCTGGTTAACACTAGCTACGACCTCGATTCTACCGAATGATCAGTGGGCGTTTGGCGGTCGAAAGAATTAGCAAACAAGATACGAGCGCCAGTTAAACATGCGTCACTGTCTGACCCCCATCCTTCCCCAGCTCGTAACAGAACGCAGCACAAGCTTCTAGCCCGATTTTATAATTTCGAGCAAGTGGAACCCAATTTTGATGAGTCGGTTATGTAAAAGCTGTAGGTTACGATCATACCTTAAATGGAGCGATATACGTCGAATTATTGAGGGGCCGTTAGGATAACTCTAGTACAACGGGGCTGTAATCCAACTAACGTCGCCGGTTAGTAACGGCTAACTCTCCCACATCGAGAGCACATAATGCGAGCGC,498,46.79,Drosophila melanogaster
SEQ_557239,TTAAAAGCTTCGAGGTTACTCTAGGCCGATCGCGAAGTAAAACGAAAACGTTGCGTTTCCAAAGGGGTTAAACTATTGTTAGGAGCACGTTGTTGCGAGGTTTCAAACAACGCCTCCGCATATGAGGTCCTGTATATCTGATTGGAATTTATGACTCTTTGACATCTGTAGCCGGTGCTACTTCTTTCTATAATGAATACGAGCAGGCCATGTTCTGTTATACTGAGATACCGCTAGCAGATCTAGCGCCATCCCCAGCCGGGTTCCAATCTTTGGGAGGCGGGCGATCGCCCAGGAACAACGCCCAATTTCCCGCTCCCTTCCGTGACAGTATGGCAGATTATACTTTGCGGCAACCCCTATACTGTCTTGATCTTATGCGGTGACATGGACGGGCACGGTTATGGGTCTGGGTATTTAGGACCGAAACGGATAATGCGCGCGTAA,447,48.77,Drosophila melanogaster
SEQ_919567,ACAAGATACAATGCGGCTTTATACCGACCCGTTGCTCTTGGGCCTTCGCCCTATCACGTCCATTCCTCGCGAAAGTCAAGGGGTGTGACTGACCTAGAAGTGGCCAACCTCCGGCGATGGGGTCAACCGCCATCCTTGGTAGGCGTATTGAGTAAGCATTGGACCAGGAACGGGTGATCACAATCGATGGACCACCCGATATACCGCGACCCACCCAAACCGATAGGCCGTGTACCGACCGCCTGACAATTAATTTAGATCGTTTGAGAGCTTTCAGAACGTGTACCTCAAAGCCTTTGAGTCGAAACTAGACCCGGAGCCGTTCATTCATACTTCTATGCCAGGTGTTGGGACCCCTAGTTTCCGCCAAGTGGCGGTCGTTTACCTTCGCACACGAGAGATTTACTCGGTTTGTCAAAACGTGATCAAAGCGCAACATGCAAAGGAGTTCACCAATAGTACAGAGGCCGATCAGCCTATTTGACTCTGCCTCCAGGCCCACCAGACACACCGTATCGTTACTGGGGGAGGTTAAATAATACTACTCGCAACATACGCGATTAAGAGAGATTCAGTTTTCGGACCTCCAGACATGGCAAGATCGCTCCCGTGCGCGGCGATGACCCGGGATTAAGCTGTCGAGATATATCGTTGGCGTCCGCTTTCCGAGCATGTTTAGACGAAGCATCCTCGCATTTAAGCAACAAGCCGCCTTTAGGCCAAGCCGTGCCAGCACCTCTGGTGTCTACGTGGTGACGAGTCGCCGCTTAGGTGGTAGGATCTATCGTGGAGTTGGGGGCCCTTTGCGAACATAACACGGTTGAGAGAGCCTATAGAATCCATCGCGGATAAGCTACGAACCTTTTCGCAGGTAGCTGCTACGGGTTGTTTCACAGAGTCCGAGTCATCTGGAATGTTTGTCCCGCTGTACGTCTGAAAGCTAAACAAATTACCACGGAGAGTATTAAGCCTAACGGTCTTCATCGCCGATGTATATGGGGCTCTTCATCCCAGTCACTGGCCGGGGCGTGTCGGAAACACCGAGGTCGTTAATAAATCCGGCCCAACTTGTCGTAAACCAGTGCCTTTACGGTATACATCTCCCGGACTGCGTCGATTTGAGCGAACATAGAATAGCGTTTCACCATCAAGAGACTTACGGTGTAGTCATTGGCACTCACACACTAAGTCGTAGCTAGTGAAAGGCCGGTCTATTGTCCTATATTCACTCAATATGTAAAACACTGATGTACCTGAACAACCTTGATAGCTGTCTAGTCAAGGCATGGCGCAGCGTTAGCCCTTTCTGGACATCCAATCCCGGACAATTATTTCATGAAGACATTCTTACAAGGGACTTCATAGGCTAATCCTCTAACAAGGTTCATCTCAAAACCGGGTCCACCGACTAGTGCACAGAGCGTGGCGCTAACGGACGGTGGTCACGTTATTCGGAACCCTCTTTCTCCTCGCAACGGTGATTCCTGCAATGGGTGGTCGCACTCGGTCTGCAGGTATATAAAGCGGACCGGATCCAGGTATTCATCCACTCTCAGGCGGCGAGGCCTTTACCTGGCCTCTCACTGGGAGCAGCAGGAAAAACTTTATTCCCGCGGACAGTCGTGTCAGGATCACAATTTATCCCAGCAAACGCGGGCATCGATACGCAAAGCCTGACACAGCGCGCTGCACACAAAACAGGGGCTAGTTGCCAGGGCACTGGCTAACAC,1730,51.56,Drosophila melanogaster
SEQ_997984,TCCATTAGTCAAGACTCTTTACGCAACCACTACTTTAGTACCGAGCGCATACTCGACATCACAACCCCTCTGGAAGTGCTGCAACACGGAAGTTTTTCTATAGCTAGCTCTCCCCGTCCACATTAACCCATCTATAGTGATAGTAGAGCCTACCACTCGCCTACCTTTTAGTTTTGTCTAGGTTCAATCAGGTAAGAAACTGTTCGCCCTTCCCGTAGAATCACACCAAGGCCCTCAACGCTAAAGCGCTTTAACTCTCTACGTATCAATAGACTCGTGCAATCCACCCGTGTCGCTCATTACAAAATGGCTGCCACAAACATTTCGTACTCAGCTGGGACCAAGGCGGGTGCCCTTCAGCATTGAATGTCTGACCCCACTAACATTTGGGCTGTTGGTCTTAAGGTCGAGCGGCCATAACTATAGACCTCAGGAAGCAGCAAACGCAGTCTTGCGTAAGTGGCATGTGACGCCTGCGTCCAAAGAAAGCGCCCGTGCAAAATCTTCATAAGTCTATGAGGATAGCATAACAGACTAATGATACGTACTTTAACGATGTGTTCTAGGGTTGGAACGGGTTGATGTTCTATAGTACTAGGAGGCTAGGACCACCGGGATTCTATAATCGGCAGGCCATGAGAAGGACAAGCCCCTTCACCGTTCTTAGCGGAGAAAAGTAAATCGACATTCTTCAAAACGGAAGTTAGAGCACACCCTAATGTGTGACCCGTTGCGTATAGGAAAGAGACAGTAGGTATGACAGACGTCTCAGATCGCGGTGGCACGTCCGCTAATCCTACATCTGCGGTAGTTAACTTGCCTCTCTAGGCTCGTAAACTCTCCAGAACGTATGCTGAGTCGTAGGCCGTAAATGGGACGGGACACGCGTAAGGATCCAACTTTCCTCGCTTTGAGTGGGCGGCTTTTCAACTCTATGTATAATTGAACAGCCTATGATCTACGCAATGTTAATTCGCGGGTGTTCCTGGGAGCCTATTACCTCCATGGAAATAATCTGTTATAACGTCCTCCGGGGAACTACCACGCACGTCATTTTGGACCTATCCTCTACTGATTTCAACGGTATGCAAGACGGCTGATGGTCTCCTGGATGATGTCGACGTCCTTAGGGCTACGTAACGGCCGCGGCCGGCAGAACCTAGCTGGGGAGATACCCTGTTTAGGCTTCTCCACGTTAGATCCTCATCGTCTTCACCTGAGCTAGGTAGTCCCGAGATTTAGAGGTAGAGCAACACGGGGGTTTCTCTAAGTGGGAAGTTTTAGTCTCACGTAATAGGTCAAACTCCGACCAAATTCCGTGGGAGCGTGCTGTTTTGGATGGAAAACGGTAACCACTATACCTGTTCTACGCTGCTGGGGCGGATAGGATTGTCTGCGCAAGCATAGATACGCCTATGCCTGGTCTTTCACTCGAAGACCGCCCGAAGCTATAGGTCCCTCGGGAGTAGCATAACCCAACATGTAACAATTTCCACGTTTCTGGCTATTATATGAGAGAAAACAAATACGGTCGGAGTTAAGGTACGGCATAGACGTCAGAATAGGAACCTTAGATAACGTACGAGCACTGCCTTTAACACACCGTTGACCAGATTACCCACTGAGTCTCGCTACTATGAGCTTTACCCTATCTCAAGATTGGCTGGTACAGCACTAGTAAGGGAAGAGGCACTATACAGTTCGAGCCCTGTCGGCTCTAGATGCCGCAGCTGTAATGTGCCTGCCCTTTTGTACGTA,1758,48.75,Drosophila melanogaster
SEQ_361074,CAGGTCCAAAGAGCGACCTAGCTTCTTTGTTGCAGCTTTATCTAGACGAAAAACAGCCTCCCTAGAATAGTAGCACCTTCAAGCCTCATCCTCCTCATCCATCAGTACACACCCTTCTGAGACTGTAGAAAAGCGAGCAACAAATCCCCCAGCAGCGGTGGGAGTAGTTGGTTAGGACGGACGCCTGAAGCAGAGTATACTCGATCCTCTAAAACACGTTGTGACATGCAGATGAGTTGGGCTTCTGATTTGATATTGGGCGCCATCACTATCTCAACAGTTTCATTCGGACAATGCCCAGTGGACACTAACGCTCTACCCATGGACCCGATCAGCACACCGAGTGCGGCCCCGGCAAAATGCATGTGTGCGTACTGGATCTCTGACCACTTTGTACTAGAGTCTTACCAGGGTATATGAACTTGTAGCTTCTGCAACACTATTGCTGCTCGTAACGTGCGTCGAGCCGTAAGGGGCAGATCGTTCATGCCAGGTTCCGCGGTTGTGCACGTTGATCGGCCACATAGGAATACAGTACGGCTATAGAACCACCAGGTTCCGGTAAAGATATCTAGATGGAACGCTTTACTAATATCGTCCATTACGTTACCCCATAACAATGCCCGTCCTCCAACGAAGGTACGAGATCATGTGCCTGGCCCAAGAGGATGACCAACTCCTGAAGCTCTCTATTCTCGGCTAATGAACAGTACTCACAAAACGGAAAGATTAGAGCGTGCACAACCTTCGCGTGACACGGGGGGGGACACAATACGATCATTCTCGGCGAACAATTGCTTTGAGGGCTTTGGTCCTCGCTAGACGACCACTGAGCATGTGCCGAGGCCGGTGATTCGAGATGAACAGACCGGCGAATTCCCGCTTAAGTAATCCGTCGTGAAGTCTAAGAACGCCGCCACAAAACTAACATTGCTCCGGCCTCAGGGCACAGCTCACCATACCGTTCTTTACTGCAAAAGGAAGAATTATGTATTAAATCCCTGAGCCTGTCCTCCGATACAGCAAGCCCTGGACGTCCATGTTCACCAAGTGAGATTTACACGAGGCGAAAAATGGCAATGTACATGCCACACCCCTGCGCCCAATAAATTTCGGTGAGTTAATAAGGGGAATTAGAAGGGAGTACGTTGGATGTTCCATCTGTATTCATGCCAGGTGCGGGCTAAGGCTCAATAACCATGAGGGTGGGCAGCTCTAGTACAAAAACATGCATAAAGCCAGGATCTTTCCGCAAACTTCCTTTGTCCATGCGTTCCACCTCACGATGTTCTGGTTTGTCAATACCCTATCACGCAGACCTGTTTTAGGGCATCTAGCTCATCGCACAAATATCGCATTTCTTCACTAGAAGTGGACTGTTTGCTTAATTATACATCTCACGCGACGTAGCTTAGGAAGAGCC,1423,49.26,Saccharomyces cerevisiae
SEQ_144168,CATCGTTACCTAAGCAGTCCACCGCTGTGAACTCTTCGTAGTACGCCGGACCGAGGTTAGCCGTCGTATACATTCTTAGGA,81,51.85,Arabidopsis thaliana
SEQ_451975,CAGCACTCAGTTTTTCGTTGCTACATCGTGTCTCAGAATCGATGAAAATTAACGCGCACAGAGCAACCTTGTCTGTCCTTATCTTTAATCGTAATGACGATCTTCTGCTAGAAGGGGACCAAGTCCAAAACATGGCGTATCAGCAGAAGGTACAATACAAAAGCCGCGTCTTCCGGTTTAGGAATTCCTCGACGTGTCCCCGGGCCCAGTTCGAACCAAGGCCTTCAGGGTTAGGAGCCCACGGACCTCTGACGTTGCATTCGGTACTAGACCTCTGTTCGACTTAGGCGTATGTATACGCCAAAACGTACACACTAAGCATAACACTCACGACTCGGACGCCTATTACCTGGAGTGCGCGGGCGTACTAAACCATGGACGATCGCAATAATAACAGGGGCCGTTGCCTCGATTTGCAGCGGTAGCCCGCGTACATCCCTCGTTCCACTGTAGCCCCAGTGCCTAATGGGATGGCGTGCTAACCGATCCTCACAGTACCTTCAACACTTTCAACTAATCATGGTTAGTGGTGGTCTGATCTGCGTTTGTCTGTGTCATGTGAAAGGGCCCGAAAGTCACAGGTAGCGAGCTCTTACGTGAATCTGAATGTACCGCAGTTGTGCTTGTGACTGCCGGTTTAAGCTGTGGCTAAAGCTGTCAGGATGATCACAAAGCTCACCCCCGGGACTATACACCCGATATTTAGGTCTAGAAACGCGCAAGGCAAAGTATATGGGAGTGCCGAGTTGCGGCAGGTGCGTACGTGACAGGGATTCCGGCTTGCGCAATATGGTGATCATCAACGTGGATGCTATGGGAACACAAGTTGGGTTCGAGAGGTACTTACCATGTCACGTGGTTAACCTCCCGTGTTCGGGTGCAAGAGATATACGGAAGACTCGTAGTACTGGTTGTTTATTCCGAGCTCGTATCCTATTAGCATTCGTCGACATTTAACCATTTTGGTGCAGGCGTGGACTGGTTCCCTGGTCTGCTACTCGGGAACGATCTTCTCAACGACCTTCCTAGTTAGTGCCTCAACATCTTTCACTGGGCCGTAGTCACCGAGTTATACCATAGCTGAGTAGGCGCCGGCGTAGCAACGGAAGTCGAAGTAGGCCAGCACCAGTTAAAGAGAAGGTCGCGCCTCAGATTTGAAGGAGAATGACTGTTTTAAATCGTCCTGGTCTTACCTTTGGAGTCCCTTTAAGGGTGTCTGATCAGACATGAATAACTTGACTTACCGGGGTTCTATTCATCATATGGGCCGTGTAAACTCTGGTGTGAAGCAAATCGACATCTTAAACAAATATATCCAAACCGTCTTTACAAGCTAACGATTGGTCTACACTGGCGCGTCATGTGCCCACGCTTACTAAGGTACTTGTTCGTCTATGAACCCCGCTTCATGTGGCACCACTGCCGTAAAATTCACGAAGGTCATTTAGCACGGACGAATAATAAAATTACCGGTAAATCGGCAGGCGCTCTTAGGTGGTAATTGGGGGAGCCGTCATCTGCCTTGTAGCGAGAGTTATGACGGAGGAACTTTATACTCTAAATCGAAGGCTGCTCTTCTCGATCAACATTCCGGTTGTTGACAATAGGCGCCCGGCCTGACTCCAATCCTGATTACGAACGTACCGGAACTTCAATCGAGCGGGCACGCATGCCTAGGTGGTTGCCGCCGTACGCGGAATAGCACTGGGAGTAGGAAACGGACCCTGCGTGTCACCTGTTGAAGGAACGAGTAGCATCCAGCTAATATCACAGACCATTAAGTCCGGTTGTGTGATCTAAACTGTTATTTAGAAAGACAGTCATTCGTGGGGCCGCAGGCGACCCTAAAATCTGAATGATCCCTGTAGATTAACTTGCCTGTTGTGTGCCGGCA,1894,49.74,Saccharomyces cerevisiae
SEQ_651214,ATAATCTGGGCTAGTTCTCGCAGGCCTCGACGAGCTTAGATTCGAAGGAATGTTGTGAAACCCTGACTAACCGGTCATTCGCTGGATATTCTTTACAGGCCCGGGCCTACAAGCAAATTCACGTTCGCTGCTTTACAAGAGTACTCTGCGAAGAATCGATTGGTAATCGGCGCATAACGTACAAGGGGTGGCAGAGTAGTACTTGGATACGAGGTGTAGATCCGTATATTAACTGCGGCCGAAATGCTATACAGGTTCGCCGCCAGCTACTACCATGACGATTACACACGGTCCATAAACTGTTCCGTGATTTAGGGCGATCGTGTTCCTTTAAGCCTCTCTGTGAATAGGGTGGATAGACTGTCTGTTCGTTAAAACTTTACTGAACTGGAGGGCACTCCTTCCACGCACACGCCGCTAAACCTATCCCCCCCTACAATTTGCTTGCCCAAGATATATTAACGCTTGCAGGTATAAACGGCGGCTCATCTCGCAATATACAGTGTTCTCTGCGGTCGCAGCACCTATGAAAGGGTCTGCGGTCAATAGAATGTTTGGCATATGAGTGGCTAAATGAAGGCCCTCAATACCAGCTACGTACCTGACCGAGCACTACATTGGTTGGGAAGTACGTCTTAGATATATGCTCGAACCCCGCCCCACGCTACCAGATGCCATGTTGGTGTTAACAAATCTACTCCCGGCAGGAAACTAATAGAGCATCGTATCTTAAATGATTCTCTAGCCATTATGCGACGCACCGAGGTCAGTACACGCAACTCCTGACGATAAGCACTTTTCGAGTATCTTATGTTCTCAGGCAACATTATTAAATGCTAAACGCGAGCGTCCTAATCCTATACCGTGCTGAGTGTTAGTCTTTCCGCCTAGGAGGATCAATTGTGACTGCCCACCCGAGTACCGCGTGGTCCTACCTGGCTCCCCTGCAATGAATCGGGTCCTGGACGCTTAGCGTCCTTCAGTACTTAGGCTTGCATAGCTAAGGATCATTATTTTACATCCATTGTTGGTATTTT,1037,48.02,Homo sapiens
SEQ_622787,GTGTACTTGCCCTCCCACCCAACGCGCTGCACGTATCTCAGGGCCATCCTAATAGCAACTCACCCCTTCCTAAGCTATCT,80,55.0,Escherichia coli
SEQ_527161,TTTGGGGCAGTCAGGCGAGGAAATGGGTCCTGATCTATAGCCAAACGATCGGAAATAAGCGGGAAAATATCTCTCCGTTAACACCATGGATCAGCTAAGTCCACTCCATAGAGGTGGGCTTTCACTAGAAGATCTGCTAGTTCACGTCAATCTCGCGAAAACTTCAATCCAATACACTTTCCCAGCGCAGGACTGACGTCCGGACATAGAGAGCCGTACTGTAACATAGGACTTTCACATGGCAGACTTTTCGTGCGAATGAATGCAGTCCTACTCCTATAAGCACGCATAATCGCGCCCCTGGAGGAATGCGCTGCGGGCACCTGAACCCCATATTTTTATCCTACAGAGACGACCGCCATAAGCGTATAGCC,374,49.47,Homo sapiens
SEQ_379726,CCGCCAAGGAACTTCTGGAGTCCTCAGTTAGAATTAGCACGTTTGCGCAGACACCTGTATGAAGTAACAGAATTTCTGGTCGCACAGTATTCACGCCTGCCAAGCGCCTCAAGCTTAGTAGAGAATGGCTATCTGATGCACCACAGAGCACTGGAGACAGCGCGCACTTGACTGGCCCTCGGTGTTTGCAGACTCAGCAGCGCAACCGACAAGCCCCCGATTGGCTAAGGGGCACCACCACTCTCTAAAGGAATTTAACTACCGTAGGATCTATCAACCCGCCTGCGATTGATTTGTAGGGATTTGCTGTGTTCGCCCGTCCGATGAACGGATTGCTACGGGCGCCTCGCTAACCTAGAATAAGTCACATCTGGAGCCTCTTGTGATCACCAAGATATATTGCAGGTTTCTTGGAACAGAGGCCTAGTCGTCACGTTAAAGTAACAACTCGACGCTTGCGCCATCTGGCTTCTCCTTATTATAGACCCAACGTCCCATTGGCGAATTATCCGCAACGACTCAGGACGTTTCGACGCCCAACCGGTGTGCAGACTTCACGAGCGGGCGAGATCATACCTGTATTCATCTGGTCAGTGGGATTGCCTGTATCAGATGCGGTATTCGAATCAATGAGCTAGCCGAGGATACTGGCTTTACATGTAGATGATCCTTCTTAGCACTCCACGGTTCATCCGATTAGAACAGCGGCTTGGAATCTTTAATCATTGATTCAGAATCGCGGTCAGTACTGATGGTGCTCCAGGTAAGCGGCTATGATACGGGAGCGTTCCAAGTTTGTATGGACAGCTACCTCACCCGTTCGCGTTCCCACGAAGCGTTCGTACGGCTGAGGCAAGCAATATCAGAACCAACATCGCCACGAGTATACTTCGGCGGGCAAGTGCCCTGGACTGCCTTCCCAGACGCCTCTGTAGGTTCTCCGCCTACGCATGACTGAATTCGGCCCAAGTGCGCTTGCGCTGAAAGTAT,990,51.82,Saccharomyces cerevisiae
SEQ_422097,CAGCATACTTCAGGCCGAAAAATTGCTTTGCTTCGAGAACCAGCTCTTTCTAAAAATTATGGTCACCCCCGTCGGTTGCTATTTATGGTGGATGGAACGCAGCGATATCTTGACGACACCCCGGCGCGAAGACTGCAAAGGGGTTTGTGGGGAAAATAAATTGTTTTACACGGAAAGTACAAGTGACAGTTCGACGTCCTTAATTCCCGGACCCCCCTGGTAGACGGATACAAAAAAGTTTGTCGACGATGACAACGTCGTGTAAATAGCGGCTTTTCAGTGTCTTAAGGGCATTCAGCGCGTGAAACTACACTAATAGATTCGGACAAAATGGCACTACTATGCATGCTTAGGCAACTGTACTTATTCGAGCATACTGCGATCAGTTTCTATCATCAGGCGATGTTAACCAAGGAAACTAGGACAAGATCTCAAGCCACGAACCTTAACCCAACGAACTACACCAAGAAGCCTGGGTCAAGTGGGAGCTATCACGAATAAGTCATGGCGTAACTAAAAGTTAATATGGTTCAAGCCAGATACAATGGTCCGGCCGTAACTTTCTCCTACGAAGGTGGGTACCGGGAGCTGTCGTTGGTCACATCACAGTAGTGCCAACCTCGAAGAAATGGGTAAGCCTCATTTACGTCGACAATCACCCGCGACGACCGGAAAAGCATAGCAGATTAGGAAATTCTAGCAGAATACGTACTGGGATTAGCTTATGGCTCACGAATAGGGTGCCCACGCCTGCGGCAGTAAAAGCTGCTGAGCCCCCGCACGTCGAAGAGTAAACATTTTCTCGGTCGCTTCTTCGTGCGCGGTACCAAGCACACAGGTGCTGAGAAATGGTAAGTAACTATTGTCACTCTATTCCTAATTCAAACGAGTTCCACCACTACAACTGTATTGGCGCCGTTGGGAGAATGCTACTGTCAGGGCCCAAGGGATTGGCGCGAGCGCAAGCTCGTTTTGAATTGTAACGTACATGAAAAGGCACGTTGTCCGGTGCCCCAAGCACATTTGGATACCCGTTTACGCGGGCGGATCGATCCCCGACCAATACATCAGACCCAAGGACGGACATATACTGGGGTTAGGTATACCGCTGCCATTACCCCAAGGGGCCTTCTAGCGGGGTGCGTGATGGTAGACATAATTTACACCCGTGGCATAGCAGATCGGGAAGTAGCGCTTCAACCCGCGGGTTCTGTGTCCTGTGACTGTACAAGGTACCTGCAACCTCTGTGTCTCAAGAAGATCATCATTATGACCAGTCCCGACCAGCAACCAGGTTCGAGGAAATCAATCCGTCTAATGAGAGTTGGGCGAAAGGCAAGGCCCATGTCTATTGGCAATACCTGGGACGGAGATGCCGAAAGCGGACCAAGACAGACGTTATCACGTATGAAGCT,1415,49.4,Escherichia coli
SEQ_692518,GGTTGGCGATTGAGACACCAAACAGGGCGTCTCTCAAGCTTGCGCTGCAGGGTGCCCTGGGCGATACCGCGCAAGTCTCGCCGACTATTCACCGCCGGTAATGGTGGATAGGTGATACAGGTTCCGAGCGCCATTGCGCCTAAACGGGACGGTGGATGGGGGGCGCCGAGGAAATATGTTATAGCTTATAAAAGAATTAGATGAGGCTTAAACCGCGCGGAGATACGAGGTGACGAGAGTCTGGTCGTGTAGTCACCGGGAGCATTATCGATGAGCCAACCGCACATCTACACAGGCGCTTAATGGGTCAAACGATAAAGCATGGAACTCGCAATACACGCGCTCTGCATTCGGCTCTCCGGTCACTTTTGCAGAAGAAACTGCCAGATCAGTGCGGGCGCCTTATAAAGGGACGCACATTATCCCGCAGTGACGGCTGTGTCGGTATACTACGCTACGGGTGTTGTCTCTCAGGCTACCTACCTCCGTTTACTTCTCATGGAGGACTAGAGTGGGGCACAGTGTTAATAATTGCTGTGAGTGCTTAGTTAAAATTACCGCAGTAGTCAGTGTAGAGACTTGCACGGTCATGAAATGGGCATCTCGTTGGATGGCTTGAAGGTCAAAACTCGCCAGATATTAACTGAACAGTATAACAGATCACTCTGCACCGCTTATTGAGAACACATGATCACGGTAAATCGTGCTAGCATTGGTGGCTTGCATGCGGCCGGTCAGACGCGGTGAACGGCGTTTTACCTTCGGCGTACGGGTCGCTGGAAACCCTCCAATACGAGAGTCTAAATTGTGAGCTTGGTGACGTAGGTAACGTACATCGACAGCGCCCACGGACCAATATTGTTTGGGACGATTGTCGGCTTTCTAAGTGTATAGGACCCCGCGTCCCATCTAACCCATAAGAGAGAGGGTCACTCCCCAACTACCCCGGTATAAGTTCGGAACCCCCTAAGAGAAACTACACCTCTTCCAGACCCCATCTCGGCCTGGTGTTTTAGAGGGACCAGCGCAATGGTTACGTTGACCGGAACCAAAAGTCTGAGTCGGGTCCTAGTTCTGCCTCATGACGTGGCATGAGAAGCTAATATCTGCAAACGCAAGCCACAGGCCCTTCTACCATGGCTTGTACGCTAGCTAGCTATAGGGTAGAGGTGCCATAGCACGACACATCGTAGCCCCGAAGGCTAAGCACAGTCAGCAAGCTACTTCTGAGACAAGAACCTTCTCGCTTCGTTGTCGCGTTCCCCCCTCCATCGAATCGACTCAGAGTCGACTCCTGTAGTGATATCCCGAGGCTAACCTCTAACAGCCTACTAAGTACAGGCTATTCCTAGAAGTGACGTTTGGCGGGAGCTTTGCTATTGCAGACGGTGCCATGAAGATCCCAGGCCACTTGTCGGTACGGACATGCCGATACCACCGGGGTTCTACTGAGCATGGCTACGACGGTCCGTTTCTCTACAATAATGTCGAATGTAGGACTTCAGTTATCCCATCCCCGCATATTCCTGGTCATGTGTCGCGGCACAACTCCATCGTTATATCACGCTGCGGCCATGATCCGAAAATGGTCTAATTGGTACGTCTGGCTCTTCACCGCTGATCATGCGGGATGACTCCAAAAACTCTCAGAAAGTAGATCGGATATGTGCGTCGCTGAGTCAGGATGTGTGGTCCTTAGGGCCGGCTGTCGCTGGGACGGACGCGAAGAGTCAGCTAGGGCAATGGTTCCGCCAGCAGTTGTTTTTCGAATATAGTTTACGATCATGGGGAGGATGGTGATGGAGCTCGCACTTCCCCGCAGAGTGTATGCATAATATGCTCTACTGAGATATTCTCAGCTCAAACCTCCCCTTCGGACCTCCAAGGCTGTAGGGGTCATTTAATCTCTCTGATGTTAGAGAACACACGACCG,1933,52.04,Mus musculus
SEQ_312732,GCAACTGAATAGGTACCCGGGAGCGGGCACGCCCCCACATGTATCTCTTATACCATTCTTCTAAGTGCTCTGTACCACGTATTCATGCCAATGACGGACAATACGTTTCTACACAGCGGAATTTTAGTTAAACATCTTGTTTTCCCCATACCTATTAGTGGACTCAGCTGTTCCCTTATTAACAGTGCCCTCAAAAGCACCGACGCTATCTCTCAGGCGGGACTGACATCTCGTGACGCGGACCGGAGCTTCCCCGCTAGAAGGTAGGGTCGTATTCCAGCGTCTTTAATTATTTAAACCATTTTCATGCCACGCCACTCGATGTTGCGACCTAAAAACGGGGGCGTTTCGCGAATTCCACTTCCCCATTCGCCCCACGCGTGTCGTTAAGGTGCGCACGCTCTCAGTCCACTGTAAGAGCAGTTCTTACCATCAACAAGTATTATCCTTCACAAAGATAATTTTATGTTACGGAGCAGCACAAAAGCATCATCGATATCTACCCTATTATACTTGCTTGTTGGGACCCACATACCGCCATAGTGGCCCGCAGTTGTCCAAACCGAGCGAGTGAAATTGGTAAAATACGACTATTCATGCCGCGCGCTACTTATGGTGAACTGATTGCCTACAGGGGTTTGGGTGTTGGTTGGATTCAAACAGTGAAGCGTAAAACTATGATGACTCGGGTAAACTTGGGAATTCGCGAGCTGTCGCTAAGCGTTTTTTGGGAATCATAGGCCCGCCAGGATGGGCTACGGGAGCTCCTTACACCGCAATTGACGCACGGCCTCAACGCGTCCTTAAAACAAGCGAACAAAAATAAAGCGTCACTGGCGGGTGTACACGCTAAAAGCGACATCCGAACATGTAATAAAGGTCAACCATCGAGATCGGACTTGGTGCTATTTTCATAATATGGGTAGAACACAGTCGTTCTGGCCGCCCAATCGTAACCATGACGGCGAGGAGCCAAGTAGGAGGATGATAAACTGGGATATCATGTGTCATGGTGTGAGCCAAAACACAATTCCTTAATCCTTACAATCCAGGTTTGTTTTGGGGTTACGTCACTGCCGAGTTGCCAACCTGTTTCTTAAAGCAGTTACTCGTCTTGTGATGAACAATACTGCCTGGGGTTGACACCAGTAACTATGTGCTGGCTACGGCGCAGTAGCTGAAGGATGGTAGGCCCGCCATATTAAGGAATAAGGCCGCCTCAATCCTGACTGTAGGTAGAACGACAGCGGTATATAAATCCTGAATGCGTGCATCACTTTACCGGTTCCCGTGGGGGTCGTACGCTTTAAGAGATACAGCAAACAAATTCCCCGTTATCCGCAGATAAACTTAGTTGTTATTTACGGAA,1369,47.92,Saccharomyces cerevisiae
SEQ_782425,TTTCATTGTACTGACGGTAAGGACCAGTCGGGGCGTTAAGGGAAAAAGATATGGTAACGGGCGCGAGAAGATGTTCTATAGAACGTAGGGGAAGGGATCCCGCACAGAGCATTTATTAAGACTAAATTGCTATGGTCAGGTATACAATGCTATCGGACCGGATTGCAATCTCGTCCGTTTCTGCGCGGGGGGAGACGCAAACAACTCGATCTAGTCTCCATTCTACGTAGTCAGCTAGAGTTCGGCCCCGCGTTCGACTGTCAGCACGACAGGCACGGACCACCCGCATTGACTATCGGGGTTGTATTCTAGACGCGACCCGCACCGCGACCTCGTCAATTATGATTCACTGATTCTATCAGACTCTCTTATAAAATGGCAACAGGCCAAGACACCCTAAAACCGAGTGTGTGTACGATAACCGATAGGCTACCCCAATCAATGGAAACGGGTCCTAGAAATATGCGATGGGTAGGTCTCTGCGACCGGTCGTAGATATCGTCCGGAAATTACTTAGCTCGGGGAGCACATTATCGCCTCTCCCATTCATCACGCATGGTAGCGAACTGAACTGTTTAGCGAGAGCAATCACTACAAGCCTATGTAACAAAAAGCGTTTTCCACTGATTCAACTGTCAAAGCCGATTCGTCCTTACTGTACTCATTTGTTATCAGATGGCATTTGGAGCTTTCTATGGACGGGTGGCCGTCGACCCGGGTCAAAGGAATTGGGTGGCAGCTGTAACCCCGAGTAAGTAGAATCAGAGGGCAAAGAAGGTGCGGGGCCAGATACCTGTCCCAGGCCGCGATAAAGACAAACCGCTCGCCGCTATAAATCAGGTAAGAAACGTGACTTGCACATAAGAGAGCTGCGGGGAAAATGTCTTATGAGTATACTTGTAGACGGTGGCAATACTGCTCGAGCCTCCAACTTGCAAGCTCCCGTTTAGCATAGGGCTTTCCAAAGTTTCCGGATGGTCTGGGAGTAGGAGAGAACCCCCTTATTAAACGGCCCAGATACGTTTGGAGGCCTCGAAGCCTTTCAGGAGCGTAGCCCTGCTTATTACTAAGTGCCCATTATGCACATGATGATTGGCCCGTCCGGCTTCCGCGAAGAGGCACTAATCGGTTGCAGAGCAGACACCGATGGTATTCGCACTTGAATGCTGTGGTCCTGCTATCCGATGCAAAAAGAGTTGCTCGGGGTAGCTACACACTGCGTATCGATCATCTGTATTATATTGGCTGTCGGAGGGCACTTCCAAGAGAGCATTCAGACCGCCTGTGCTTATTGTAAACTGTATACCATAGTGCAAGCTCGGAGCGATCGAGCTGTGCTGGCCTTATGCCGCCCCCGG,1358,50.59,Saccharomyces cerevisiae
SEQ_131639,GGGCTCATTCAGGTACATCTCTCGAGGCAGGGGTTCCTAACACGCTACTTTTGCAGGGCGATTACAAATGTGTGTCACACGATGCATTACCACCACGATGACTTGTTGCTGATACGGGATGCGCTTTCAAAAGCAGGCGCGAGCCTGGAGCGATTCGTCATCAATCCTACTATCGGAGGAGTTGGCTTGGTCTCACCGAGATTAGATCTCAATCACCTCCTAGGCACGCTCGAACTTTCTAATTGACAGCACGTGTCGACTGCGCCCAGCATGCCAAGGCTACAAGGGATTTGTACAAAGTGGGGGCTTTAAATACTGTCTTGTGTACTGGCACGAAGTGTGACGATGATAATCTTTCCCGCACGACCCATCCCGTAGGAGGCCGGCCCGCTTCATCATGGAACGCAAATAGTCGCGATCTGGTTAACACAGTATTCGAAGATTCTTATCGTTCGGCACCGCGGATCAACGTGATGACAGTTAATTGGCGAGGCTAGCCATGCAACGCCGTTTGGCCGCCCTTTTCACAGATGCTCCTCCTACCCCGATAAGCACGCCCTTGCACCGTGATAAGCGCTATAAGCGTAACCTCGTGGCTTCCGTCTTTACCTACATGAATGGACGCAGGGAGCCATTCCCTGCACTGTCGCACTTTCGGATTTCGGCTTGCTATCTGCGCAGATTAGCCGGCTACTAGCACAAATACACTATATACTACCACATCAATAAAAACCGCGCTCAAGCAAGCATGAGCGTTTCAACGATTCGATGGTCTCCCAGTGAGTGCAAATCAGAACCGCTGCCTCGTAGGGTTTGCCAGCTGGAGTCTGTAAAGACCGACCTCCCCAGATTTCTCAGGTAGAAATCCCCAACATCCGCTATACTTCGGGGACGTCTTAGGTTAGTCTTGATGTTCTGGCACGCTTATTTGTAAAAGGCTAACACTCTAACTAAGAGCGGACAGATTTACTGGCGGTGAGTAGCAAGGTGTGCGTAGCGCTAATACTCAAACTTCGAAAATGTGGAGTGGCCCTCAGAGGTCGTGACACGGATCATAGATCTCGCAATTCGACATTTCAATTTTTGGCGCACCAGAGTATAGACCGTATTGCTTATAGCAACACAGTTCTAATTCTCGTTATTGACGTCGGAGAGCTTAAGGATTGTAGTCTGTAGACTCAATTAAGCTGTCCCACAGCAAAGGGCAACGAACTTGCGCTGAGCCCAATAAGGTGTGCTCTGGGGGTACGGACGGAACTGAACTACACGAGGTTAGGGAGCGAACAAGTACCAATCTAATTGGCAAGGCTCCCTTCAGGCGCCTGTTCGCGCTCAGTTATGTCGTACAGAACAGCATTGAGTTAGAGTCCAGAATGCTGGCAGTTTTCTAATGATCCGGATTTACACAGCAACAAGACGCTTCTGTGAACTCCTAGGCGTATTCGGTACCGCTGCAAGCTGTTGTGCGCCTCCACACACATTTCCTC,1487,50.1,Caenorhabditis elegans
SEQ_486196,GAATTGACAAATGGTCTGTCGATTTACATTGTTACGGACAGCTCGAGTTCTTAATAGATGGTGTGCAAGCCCACGCGATACGCGCGACAGCAACCACAGTGCAAATACCTGATCACTATGTAAGCCGTCCCTACAGTAACGCAGTGTGCATGAAACGAATTTGACTCGTTCAAGACTGTTTTTAAGATCTGGCTCTACGTGGGTCACTGTGCTGAAGACGTCCTTGTGAGTGGTTAAGTCTCGAGATGAAGAGATTGTGTCTAAATCTTGCTTCTGCCATACCGTGTTCGACGTTAGTGTTGACGATTACCGGTGTTTCACAAAGACAAATAAGTGGCGGGCCCTTGGACTGCAAGCAGGTATCCTTCGAATGGGTGACTAAGACCGACTCCAGA,395,47.09,Saccharomyces cerevisiae
SEQ_112078,ATGGCCACTCAGCTTGACGGAACCTCAAGTTTTGCTGAACAACCCCTACCGATGAGTCTATACTTCACATGCGATTACGTCGTGCGCTAGAAGCGTATATCGGCCCCTATCCGCACGTATTACTAGGTTTTCGGCGGTGGGTTGCAGATAGGCCTCCCCCCTGATCCCGATGCGGCGACAAATGGTTGCCCGTGTGGTCATTGATCTTTCTTGGTTCCGGCCGAGAAATCGGTGCGTGACACCGGTACATCTTTGAATAGAACGAGAGGGCATGTAAGCTGGGCCGCATTGGCATCCCAGCGAGCATATCGCAGGGACGCGCAAATTGTTACGAGTGTGGCATTGTGGCTAGAATTCCTTTAAATTTAGCTATGACCGGCCATGAAATCTAGACCTTGAAGAGATAGGGAGATACTCCAGCTGTATCCGATAGGCGGTCAGTCCCAATGCGACGCGCCTGTAAAATACTCGTCTCCTGTCTGGTCGGAACTGTGTTAACAAAGGTACATGGAGCCGCACATGTTGCAATACCTCCTGATGACTCATCAGGTCGGAACCGTGCTAACGGCCAGTAAGCGTCGGGTTGACCGCGCTGACCACCCCAGCGCAGAAGCTAGGGATGCCCGACGGAATAGGACTCTATCCGGGCAGATTCTTGCTAGAATCCATCAAGACATGGAAAACGACCGTTAACCTCCGCCAGTTTAATCGCTTTGTGAGCGACAAGATTGGACCTTCCCCTCGCCTAGGCCAGGCTGGTTGGCGCCCTCACGTATCGAGGACTATGTAGTGCCTTCGGGGTGACCGTATGGTCGGCACCCGCACGGGCAGTATCGGCAACGCGACGCATCTCGGTGGTTATGGAGAGAAGCCTCAACATGGTTGTCTGACCTATCGTATAGGTAGCCAGGCGGGGATTTTCTTCTTACTCCCACATTCTACGTGGTAGCTATCGGGGCGTAAATATAGAAACTGGTAAGCATTCGCGTGCTAGCGGAGATGCATATTTAGCGTGCTATATTAGTGATCGCAGGCGCGGCAGTCTCTAGCTTTCTATATAAGGCCACAGAACGCTGCTAATGTACTCGATTTCCAATCCATACTGTACTGTGGTGCGCCTGTGGTGTTTGCGAAATAACTATGGGTTCCATTCTTTGCTAAACCGGGGCTTAATAGATGAATTTCCGCGCGCATGTGAATATTACCTAGAAACGACGCTTGGTTGCATGTTATGTAGTGTATCTAGACTTGATGTGAGCGATCAACCTCCACAATAATTTCCATGTAATCTATCCTCCTCTTTTCAGGTCGCATAGGCTGCGGAGGAGTTCAGCGTCCATCAAAGAGAGTATCAGTTTAGAGTCGTGATATTATCCTGTCAACAAAGGTCCGACGTTTCACTGATCTAACTGAGAAAGGTCTCCAATCTTCTTATAAGCTTCTGTACGTGCTTAAGTCTCAAAGAATGCGTATAGGCCTGTGTGCGAACCGCGCCCTTAGAGGCAGTTCTATCTTATCTTCTGATCAGCCTATTCGGCCGCCGGCCCTGTACTACTTCTATCAACAACGAACCCGAGGTTGGATTCACAAAGGCGTAGTTCATAAGATTGAGTTCATGGGATTGACCATTCTAATGGATAGTCCCGGGCGTCTTGGAGCTTCTCCCATCTGCTAGTTTACAGGTGGGGTTTCCCATTTTGTTATAAGCATAACATTAGTTCGAATTCGCTTGGGTCTACGTTATACTAGATGATGTCGCTTTGCGAGCGACTCAGTTGTTTAGTCCAATGCGAGCACGGCATTGAGACCCGACTGACAGCCCTAAAAAGGTGAGCACTGGTAACTCTAGTGTATTTAGACGTTGCTAGCAATGCGGCTTATGTATCCCATGCCTCTATTTCTTTTGTTAACGGCTTTTAGCCGCTGGGC,1929,49.61,Caenorhabditis elegans
SEQ_808568,TAGAAAACAGTTAAAGCTTGACACCACGATGGCGTGCGCGGAGCGTCCTTAATAGGAAGGCAACTCTTGATGTCCTTACAGTTATTTTTCGCGAAACTTATAGGGTACCATAGTGGGTGCGGCGAACGTCACCGTTATGCCTCTCGTGCCCCACTAAAAACAAGAGTACTGCCTCTGATGCTGAGTGTGCGACTGGAGCGAATGAAGAGGGCGAAAATAAAACCTACCTAACACCCGGTGTCTCGCAACAGGCGACTTCACCGGAACTTCTAAAAGCAGACCTGCTCCAGGACGTAAGTAACCGATCCGGGTTTGATGCACATATTCGCACCTCGGTAGTACCCGACCCTGAGTGAATCAAAATTTATGCGTTCTTCTACGCGACCGACCTCTTGCTATAGAGTTGGAGGGCCGCCTTAGATGGCCGTTGTCGAAAGGTGCCTTATATGTTAGCATCTGTGCCTGAGTTTCTGAGGGAAGTGAACAGTTTGATATGTACTTCGTGCATTTCAGGTGTTATCTTGTTAGATGTGTCAATAATGAGATCCTGGTGATCCATAACGCTTAAGTCTGCAGAAACCCGAATAGGCCTTCTGCCCCCAGCAAGGAACAGAAATACCGAGCGATCGTCATTACCCTCCGACACACTACCCGCAGAACTATCGCGCCGGTAACCTAATGCTCCGATGAAAAGAGAGCACAACTCTTGGGTTGAAGGCCGAAAAATTTGACGTACACGGTTAAATGTTACACGCTTCGATAGTGTAGTCATTTGCATCCCTAACGGGAGACCTCGCACTACATATACCGCGACCATTTGTGTATTGGACTAAGCGCGAAGTGCCCTAGTAAGCCGATGATTCGTCGGCGTAGTATGACATATAACTGGTTTTAAGGTGATATCACGCGCTTTAAACCTTCTCAACCTCCGGGTAGATTTCAGTACTGGTGCATCAATGTAGAGCATGCGCCTAATATCACGCCGTCATCTAGCTGGGAAGAAAAGCACGAAGAACACCATTAAGAGCCTCCCGCACTATCCCACCCCTAGGGGAGGCGCGCCTTCGTCCATTGCGGTATCGAAAAGAAGCAATCCATGGCGCCGATTTAGGTGACATGTTGTTGTATCTCGTCGACTTGAATATGGTGTGGTGAGGGTCTCTTAGCTTCTGTCGGACACGGTGGCTCCTAGAGTATCGTGCTTATCGGGACCTACCCATCGTCAAACTATAATCGACACCCCCTTTCTTGAGCCAGCTAAACGGGTGCAGCGTCGATGGGTAAGATGCGCGTTTCCCAGGACTAGAAGTCGAGGATGTCTGTCCCCAACTCCTATCTCCGGTAATTACTATAACACTATCGCACCAAAGTCAAGTTACTCTAATTTACGGATTACAATACAGTATCCATTGCAAAAAGTTCCACGCTATCGTAAGCCCCGTAGCTCTGAAGGACAACGCCCAAGCCTTAAGGAGAGAACCGCTTTTCTGCGAAGCGCCTTAGTATGGGTTAAAGTAGGTGCGAATGTTCCCCGGGCTACTCTACAGCGCGGAACGAATCTCCGAACATTTTACAATCCAATGCGCAGAGAAATCC,1596,48.81,Arabidopsis thaliana
SEQ_471041,CCCGGTCGTTTTCGGAACCGTCCATGGTAGATGCCATGCAGCTCCCTTCTCCATCAGATCCGTCTACGCACGTCAACATTCTCTGGGCCATCAAATCCCTGCGTGGGCATATGATAAGTCTCCCGTAATCGATAACTACCTAACGTATGGGGGTGATAAATCGTATCGGTGGAATGAAGCCGTGTCAACTCCTGTGCAATCAATCTGCCATTGGAGTCATTCCCTGAGGGGCACCGTCGTTGCTCAATGAACCAGAACAATATCACGTTGGGTTGAACAGTACGTATATAAGAGATAATTACACTTAGCATAGATCGCCTGCACTGATAATTTAACTCTGATAATTCTTATTGCTAAGATACAGGATACCTTGCCTTTGTCCAACTATATATAGACAGGACCCAGAAGCGTGGAGCCCCAAGTCGGACATGTAAT,435,46.44,Homo sapiens
SEQ_271116,ATGCTTCGCCGGCGCCATCCCGCTCTCACAACGGTACGATCTCTGAAAAGAACACCCATGTCAGATGCTTGGTGAAGAATCACCCTAAGTCCAGGTGGCCCAGGAGGCGGTGAGTGCTGCAGGGGACATCCAGCTCGGACAACATTATGTCTCCATAGAGTTTACACTATTCGTCTCTTGAGTACGGGCTTATACAAACAAGAACCGCCGCCTACCCTTCGAAGTACGCATCCCGATCTTAGCGTTACGTAAAGGCAAGTTACCATTGAACTCATAGCTCTACGGTGTAGGTCTACTCGGTGGGATACGTCGATCTTCAATGTGCTTGCTGCCCGGCCTAATGCCAAGATTAACTAGATCTTTCGCCACACTTTATGCAGCTGGTCAGCAGTATCCATAAATCCGCCACTGGCCATTAATCTCGTTAATGCGATCGCATACGAAAAGTTCGAGCTCGTAGAGAGCTCGGTAATAGACCGCCTATCTCACTCTGACTTCACGCCCGGATATATGCTCCATAAAGGCAACCAACAATAACCAGCGAAATCGTCTCCACACGTCCTGCCCA,568,50.35,Arabidopsis thaliana
SEQ_123564,TTCCTGGTGACAAAGGAGATCTCGAGCTGAGTGGTACTTGAAAAACATGAAGGCCTGGTACCTCCTTAGGCGGGGACAAGGGTGTTATTGGGGTTTTCAGGGGCCTCGGATTCGTTGCGCCAATACCAACACGAATGACTAAGATATCATTGTTTCCCGTGGGTATAGCGTTTGACTGCACTGGTTCAATCTATAAACGGGTCGTTAGGTGTCCCAAGACATGCCAGAGATGCAAAAATAACACTTCTGACGCTTTCGTGGGATTTGTACGGGGGCAGCGTACTTAACTGATGCCCCGGTTAACTACCTCTGCAGCTCCTTAGAACTAATTAGACGGCGAGGGGGCGAGGTTTTTGAGCCTAGAGGAGTGGACTGGTTTATTCTTCAGGACGCCCGCACCACAGACATCTCGGCTAAAAAATACCAGAGAGCCATTATGTCAGCCCCCCGCGCGTATTCACTTGCAAAATGCAAATGCAAAGGCACGTAACAGGGAGCGGAGTGTGGCCCGTACTATCTCTTACCCATATAAGTACTGCCAGACCTCACAAGTGTGCTTCACAATCGGAAAAGTGCGATTTGTACGCACACCTGTACGGAAGTTTAACCATTCAAGTTCGATTTTCAAGTGCAAAGCTGGCTCCTTACCCGAATTCTGCCACGGTTAAATATAAGCAAGCAGACTTACAACTGACGATGCCAAGTAACCTCGGGCCAATTAGTTGTTAAGTTTCGCACGTACCTTCGCCCAGAGTCCGAAAGCGGCGCTACCATGACATAGCGTAATCGAACCTCTCTGAACCGGTTTTATTCCGCCCCGTCGTTAGGTTGGTGACCACGCTCCCCACCATCACATCAAAGTAACTACTTAGCTGCTGTACAGGACTACCTATGTTATTATTCATAATTCCTCAGGTCGCGTCATCGTGTATCAATGAATCTTGCGAACGCCATCGATTTCTGACTCAAGGTCGACTGCTACGCGAATGAAGGAATCTTCCTATGCGCTATTTGATGCCATTATGAGCGCTGGATTTCTGACTTCGCATGTGGTCTCTGTTCAAAATCAAAGGCTTATGCTCGGAACAGCCTCTGGGATCCAATAGCCTCCTATCAAAACCAAGCGCCTATACTAAATTAAAATTAATAGCCTTCGTCTAGGTACTAGCGTGGACACTAATAAGTGTACTTGACTGGCGATGCTTACTGACCAGTCTCCAAAAATAGATAAGCAGGGTTCTCGAGGAGGTTCGTTTGTCTTCTCTGTGTCCGATCGATGTTCGGTGGTGACGCCGTGATGCCGTTCCTGAAGTTAGCCCCTGAGCTGGGTACCGGGAGAATTCGGGCTCAGCATTAATTCGCTAAGGAGGCCTGGTCCAATAAGTTATTGAAGCAATTGCAATCAACGTCAACAGTTTTAGATTTATAAGACGGATCTGAGTGGCTTAATACTTCTAAAAACACGGTTAACCGTATGCAGATTGGGATCTACGTCCAGAAGCACTTGATCTCGGCGTGGACAGGACTTTCCTAATAGCAACGGTGGGGGGCCGGTATCGTCGAGGGATGCCCACTCTACTTGAGAATTTGTGTGACGGTATTGCCCACGTGCTAAGTTACTGGAACCAAGTCTTAGCGTTAACGTGCCCGCTAGTCCATCGGCGGTTGAACTCTGTCCTTAAAAGCTAGCGGGCTACTAAATTAGCGTCTCGGGAAAGTCATTTTCTGGGGTAGCCGGCCAGCCTGTAAGACAAATGTTCTAGGTAAGAAATTAG,1775,48.0,Mus musculus
SEQ_944441,AGACCGGGCTAGCCTGTTTGGTATCCTTTCGTTACAACGATTCGGGGGGAATTAATCCGGGCCGCCTACACCGACTCTTAAGATTCGCATTCTACACTCACCGCGTCTCTACAAGAAGAAGATCTTAACCTGCTGGCCTGCGAGGTGCTAACCTGCAGACGCTTATGCAGGAAGCGTTGAAATTCTCCTGCGACAATTATTAAAGAGTATTTGTAAAGCCGTAGTTGCATCGATCCCTTTGTGGTGTATCGTGCTGTAAGGTGTAGTGCGAAGCTGCTTTTGTATGTACTCAGCTGGTAAAAACACTGTAGGCAGAGAGGTTACGCCAATCACATACACGGTTCCCGTCCCTAGCGTGCATCAGGATACAATGTGTCATGAGTTCCAACACTTCTCCTGTAAGCTTGGTGGAAACTAGTGCGCTCTGAACCTTCACTATTTAAGACGAGAGACCATACAATCTTTAGGCGTTATAAGAGTACGGGGAATAGTTGGGACAATCCTAAGGCTATTCGGTCGTTGGCTAACTCCAGTTACTTAATAAGCTGTGATAGTATTCATGCCGAGACGCTATCGTGCGGTTGGCATTTTTTATCACGAAGACTTAGTTTGCAGCTTAATTTCGTAGTGACCGGCGGGATAGTGGAGCACGCCCGTTTCGTTAGACCATATAACAGGGTGCAATTTTGAGACCCGTCACAGTTGAACGTACTTCGTACTCCTTAGTCGTTCTTAAGTTCCATCGTAGGGAGGAGGAAGTATGGGTGGGTGAAATATTTACATTCCACGAACAAGTAGCTTAGCCACAACCAAGAACACGACGGGTAGTCATCAGGTACGCCATTACTATTGAAATCGAGGACGGCCGTCTAAAATGGTCTCGGTACGATTCGAGCTACTCGATGGCGAGAAGTGTTCCAGGAGTGAATTGAACTAGAAGGGTTTTTCAATTTCATCGCTTGATCTCATGGGGACTCGCCCAGCCAATAGAGGATCCCCGCTCGCGTAGGTTCGGACGTTGACGAAGGTCCAGGCTCTAACAGAGTCTATCCACTACCCGTTGTC,1065,47.61,Escherichia coli
SEQ_487074,GTGTTTTTCACTTCCATCAAAATCCACGCCGAAACATAAACATATATAGATACACACATAAGAAAACTTCCATGTCCATTGCAATAAGAGGCCCCAAAATGCAGGGCTAGCCATTGTACTTGTTTGTCCCCGCTGAGGAGGAGCTCTCGTTATGAATTCTCCGTCCTGATGGATTATCTCATGTAGCTCGGGCTTGATCAGGACCACCAACTTCCATGCCACCCCTCACGATATCTTATCCGGGCCGCACAGAGGACTTCTATCGGGCCTGGTTCACTCTCCGGACCAGCGACCAACCCCGTTTGACCTCCCATGACCTGGGGAACGGGTGCCGAACTCCGGTTTGTCATTCAGCTTGACGAGTGATCCAGCTACCCCTAGATTCCGCTTGTCAGGTGCCAAGACGGTTGATTCGCGCACGTCTAGACGGCGATCATACCCGGCAGACACCGACCTAAAGTCTTCCTACTCGGTGGGCGCCTTAGGTGTTACTAACGTGTCCTAGAATTATCTATATGGTCCCGAGGGGACGCACCCTCGTCGGGGATAATTTTTGTGCTAGCCTAATTCCGACCCGGTAACCAGATCCGGTGTGGATTACAACATCCAATTGTCCGCCGCATCGGGCTCTGTCAGGTGATCGATGCCGCTACTTCAGTCAACCAGCCCGCCAGTTACGGAAAAGGTTACGATGTTGCGGTTAGTCAGGGATTAGCTTGACAGCCGCTTTGACAACAAGAATGTAACAGCGGAGTTCTCGTGGGGTGAGAGCGTTCACGAAACAAGTAAATTTGCGACCGGGCACCACACTTTAACTAATATTCCACGATCTCGACGGAGTAGGGGGGTGCCCGTGCATCACCATCGTACGATGCATGCAAGGCTGCCGCATCGTATAGTAAAGGCAGCCGGCAGTTGAGTTCCGATCCTTACCTGTTGATTAACAAGTGCATAGATGTCCAACACTTTAGAGCATGGCAATATCTAGCCGGGCCAATTAACTTCTGAGCCCATTTCGGCAGGACCTCGTTTAGGTACTTCTTATGCGAAGCTATTTAAGAAGGCGCAGCTTAGCAGAAGCAGACCGCCCTAGGACTGGAAGCCAGTCCGCGAGTATATCCAGGACCGTCGACTTGTTCATCACCCTGCTATGGGACATGCTAACGGAATTGGTCACCGATTGGTGGATATCCCTACTCGGGTTGAGCAGCCGCAGCGATCTGATAGCCCT,1231,51.83,Homo sapiens
SEQ_625593,TGCAGTAGTAAGTACCAGGGCTTGGCCCCTTTATGAATTGAGCCGTTGCTAATGAAAATATGAGCCAGTTTGGCCATAACTACGAGTGATGGCACATTACATGGGCCTTATCTATGTAGTTCCCCACCATGATACAAGGCGATACGAGTCTGCGGTCACCGCAC,164,48.17,Arabidopsis thaliana
SEQ_262582,CATAGCAGGAACAGTGACTATGCACTATACTTCATACGCATAGTCACGCAGGAACATTCTCACAGATTTACCAAATAGCTTGTAATTTTGACACATAATCATGACAATATCTCTTCTGTCACACGAGTTATAACCGCTCGCGACACTCACCTGTACGTCTCGCGGCCCGCGTCCTACCTTCCGCGGGGAGGGTGCACACTAGCCAGTAAGACACTTGAAGACTACTGGATCTTACACGCGGTTAATCTTGCGTGCAGTGAACGAGCAGGATCTTTTTAAGGTGCTCTGAGCAACCTAGGGCCATCGGACCAAGAGCATGTGATTCGGGTACCGCTGCCGGTCTCGAAATGAATCCCAGACGCCTCCCGTCTCCGACCGCGTGGTCTTAGATCCTATTGCGTAAAAGACGTTAAGGTTGTGGACCTCGATCCGAGGGGGCGACACAATGGCGCGCAAAATGGTAGTTGAGCGAATTAGGATCCAGTCGTACCTCAGCTAACATGCTGCCGATCCACATGTAAAATAGTATATATAGAGTCTTCCTCGAAATGACCCCAGATGACCATTCTGCAAGAATGAAGTCGAGTCGTACGGAAGGTCATACCTGGCCCATATTCGTTATAAGCCGAAGAACGGAGCACGTGGGATCGGAACGACGTTTACTGTCTGCCGGGGAGCCGTTAACAGTAAGTTACACGCAGCTTCATCAGGGATCGACATCTGCATAGCAGTAGGTGTAATGATCACACTGGGGAGAGTTAGTCGTAAACCCTATGGAAACTAGACGAATAAATACATTGATTAATCCGCTACGGAACAGGCGATATTCTTTCCTGCTGGCGGAGCGACCAAGAATCGTTACCCACTGATAGGGCTTTTCATAACTTTCTTATTAATGCATGGACGGTATGAAAGAATAATACAGGCATGCCGTAACTGTGGTTACTTGAGGTTAATGCTTTGAACATCGCTACTTTAGGTGTGATAAGAATAGTTAACGCAAGTTGTTCCTCTCGAATTTCCACGCAGCTCATTGCATCTTAGCGAGCCCCACGCAGGTGGGAGAGATACGGAACGCGGCGGGAGGACGACGCGCGAGATGAGAGGTATCCGAGGGTACCTTATACTATGTACTGTCGCCCATCTTCAGTAGCGCTAGCAACTCTAACTCGACGTCGACGCAACCGAGGGGGTGGGTCAATAGCTTCTATTATC,1215,48.89,Mus musculus
SEQ_989343,GCTGCCCCACCCCTGCGATGAGTCACTACTCAATTAGATTGGAAATCACCATAGCAACGATTTCATCGCCCACATTGCACCATTCGCTCGCAGCAGGAACGTGGTCTGCAAGGTATAATGTCTACAGGTCAGGATTCGATCAAATCGTTGCATGAATTTATCTCTAGGGACGCTCGCCTAGGTCACACACGTTAAAATCCCATCCTTTCGATGGTACCCCGACATGGTCGGTACATCCAATCCGTACGCCACGGCCCACACCTTAGTCCCGAGACGTGGGGAAAATTTTATTCGCATGGTTTAACCGGCATGACGGACGTCAAATCATTACGGCGTCTCGGCGAATTATACCTCTTTGGTGCTCGGCCCCTGGGTGCTTAGACTTGGCTTTCGGATTACTAACAGAACGTCAGTGTAATTGGGCGACAGGACTACTATAAGGGAGTCTGGTAATTCGGTGATAACAAAGAGATGGTGCTCGTAGAATACCATCAAGAACCTTATTTACGTGTCGAACACTAGGATTATCGTGCGGGCGGCAGTTGGAGGCAAGACGGAACAATGCCTGCACCGTGTGGTGACACATGTTGGAGACAAATAGAGCCCCTTCAGTCTAAAGCCCCTACCCACTCCTCCTCCAAGTCACAGCAACTGATAATTGACTCCCATGGGGCCTCCCCATTCGAAACCTCACGTGACCCACTTAGTCTCTGCTAAGAAACACCGCGCTTATAAACAGATCCTGTTAATTGAACAATCCAGTCATATTGCTGCCCGGTAGCTCTGGGTCTGGGAGGACTCTTATGGGGATTTAGCCAGGAGTTCCCAACTAGTTATAATCTGGAATGAAGCCGGCGAGTTTCAAGGCGAGACTCAATCAAGCAGCCCCAAAC,893,49.83,Escherichia coli
SEQ_160630,CACCACGAAACCACACCTAAGTTATCGCCACGGATCGAGATGCAGCAGATTAAGTTCGTTATCTGTTTGATCTGCGATTCTAACCCGACGTTGAGTTAAATGATCCAATGCTGTGGTCTTAGGTGCAGCGGTCGTGGAACGTGCATAACCAAACGCCCGGCAAAGCATATCGTTTAGTAGTCACCACTAGGCCTAAGGCACAGAGCACTGAATTTCGATCTCCATTGAGGCTGGGACCAATCAATAATTTCTCGTTCGCGGACTTTGGGGTACGTTCGTCGGTCACGGGGAACTTAATCATTCTAAGGGACTTCACACTCAAACTATTAGTCCAGCTTGCGCTATGTCTTAGGTTGGTCAGTCGGTGATAATGACTACACCGTGGTAACTGTGATCTAGTTCCGGGTTGGGTGGGCACTATAGCTAAAATTCCGACGGGGTCCAAAGTATGGCGATATAAAAACATGGTGCTATATATTTTACCACGATCCTGAAACTCGCCAAGTTATTCCACATAAATGTATTCTCGCATTAATCTGCTCTTTCACGGTTCCGGCGGCTCAGACGCTTAAAATTGGCCCTTCTGAGGACGCAATTAGGCGCAATACGCTACATTGCGAGTCTAACTTTGTCAATAAACCCTTTATTTGGCAAACTGGAGGGATCCAAAGATGACGATGTTTGGAGGGCAGCGGAATCTCCATCCCGTGGCAAGGAACCGGGCCTTAATTGCCGGTATCGTAGAATTGCAGCTACGCCAACAGATACTGGCTCCCTGCGCTTCATCGGAACCCAGTTAGCACGAAGTAGACTGCCAGCCCTCATTTTTGCCACTCCCGTTACTTATTCTCGAGAAACGCCGCTTGTTTATCGCGAAGGGGTTGCTCACATAAGGTCCCCTGGGAGAACATCTCTCGAGCTAGGCAGCGTGCTGAAATGCGTCCGACGTTGTGGGTGTTACTCACATAGACCAAATCAGGGATACGATTACCGAAGCACGGAGGAGAGGAACGAAACTCATGGTGGCCCCCCGAGAGGTATAGCGCTAATCGCCCAACATACCCCAAACAGTACCCTCAATCGTAAGAAGGAGGGGCGATGTCACGGTTCGGGGAGGGGATTTTGGACAGATCCCAACGAATGTAAACTAGCCTGTCTCGCAGCGGTAAATCGCCTGACACATTGTACTGCGGTGATCATACCTGTGATTGCGTCATAACTAGTGGAGAAGTTGCGGTCATCAGACAATCCATAGCCCTAACCTTTTAGCGGGAAACTTCTTCTGAGATTAACCCCCAGCGGGGGACCGCCGTCTCCCCGTATATACACTTTTTTTTTGGACACGGTGTAGGGATTCGCTTAGGTATGATCGTTGTACGTTAGCCGAAGCCTACCAGATGGAACTTTCGTACTAAAAAAGGCTATTGAGCCTGAGGCTTATCTACTAGCTTTCATATGACCATGACTCGTTATAATTGCGATAGAGTGATTTTATGTGGGAGCGCGGCTAAGTAGTCGCATCCAGCACCTGTCACCCCATTAATTCAAGGGCAGCTCTTACCACGTCAATCAGGGAGAGCCCAGCATTGTCGGATCAAAACATCTTCGGTCGTAAGACGCTTGACTCTCCGACGTACGTGGCGAATTGATGTCGCCACTATCGTGAAGGCACAGCTTTGTCGTCTTTTGGCAGTCGTAGTATGGAAGCTGGCTTAGCAAAGGTCACGTTACCTGTGTTGGCCCGTGAGAGAGTGTGGTTAAATTCAGAGAAGACCGCCACCGTCGATGTAGACGGGTTATCTGGAGTGTCAACACAGTTAGGGTCAATCCCACCATGCGGGAAATCCCGAATTTGGTTCGCTTATTACTGGA,1872,49.15,Mus musculus
SEQ_807666,CTATGGTGCAAACAGTTATACGTTGGGCTTCTTGGAAGAAATGCCGGTTCGCAGGCGCCTTCCTGTGAAATCGTGACTGCTGTCAATTTCGTTATTGTTGACACTAGTGCGTGTTTGACTTACGTATCGGACAGCACGTAAAGTTAGGAAGATTACAGTAAGCCCACAACCTCTCGTCTATGTGCCCGGCCTGAGAAAATGTGGTCACCAGGGTCGCTTAATAAATGGAGCTAAGCTTAGAACCACTAAACGGTGCAGCTAACATGACGATTGCTGTCTACTCCAAAGAGTCTGGAATCTACTCAAGCATCGAACGTGGACCGTACTCATTTCGAGTTTCGAGCTCAAATATCTCTTGCAC,361,46.54,Caenorhabditis elegans
SEQ_366056,GCTTATTCGGGAGACCGGCTATCCCTAATCAGGTTCGGTGGCCCTTAACAAAGGAGGGTAGGCTCTCTCACTGCCGAGCTCCGGTGCAGTAAATCTGTGGTCGGAACACTTCCAATACGCTAGGTGGATACAAGGAGATACGGTGGCGTCCTGTGTTGGGTGGCTTAACTTATGCCGGCAGCGTTCGAAGCAGAACCGATTCGTTGCTTTTGCCCACAGAACGGTTGTCATGTTACAACCAGATGATTTTTCGGATCGCCGATGGCGCGCGGCGTTTACTGCTGGTGGTCAAATCAGAGGGTTCGCGCTTGACCGAACAGAATTATAGTGCTGTTCGCGACCGATAACCATCCCTGCCGCCTGTGCTGATGTCCACCGGGATATGTAGACAAGATTGGCCCCCTCCCCCATTCCTCTACGCACTCCCCAGACGTTTGTATTTAGCGTCAGAAGCCTACTGCGTAGCTAGTGACATCGATCGGCAGGGTCCTTGGGTTCTTTGTCAATCTTCAGTGGGCCGCTTCGCCTGCATAGTTGAAAGAGTGCAACTTTACAAACATTGGTACGGGTCAGTACATTCAGATCTCGTTGGCTTACTCCTCGCTACTAAGTCAGCTCTGAGGCAACCAGTTCCAGCTACCGGGGGAACTCAAGAGATCTTTCCGGCCACTAAAACCCCTTTGGTTATCCGATAACGATTAATATTAACAGGGTTGCTCGCACTCAGTTGTTCAGGCTGCCCGGATTAACCCTAAGACGAGTGGGGGCCCAATAAGACCAATTCAAGTCGCCTTAAAGCGTCAGGCGTAACGTCCAATGCTTATTAAGAGTGTAACGGTGAAGCGAGGGAACGATTATCCCATCACCACAGGAAGTCCGTCTCATGAGCGGCCTTAATAAGCCGGCCACTCCGGCGGCTCTCGTTAGCGTTATCTGCAGCTACATCAGATACATATCAATAAAGTTATTCTAAGGACCACGCCGGAGAATAAGAAAGTGTAGGCCCAAAATACGCTTTCTGTTCACGGGTTGTACCAACGGATCTCCTAAGAGGCTTTGAAGCCCAAGAAACCTCTATTCGTCCCTTGCCTTCTAGGCCTCACCGGTGAGTGATCCGCAGGGAACGTGTGGATATTCGGAAGAATGTAGTGAAAGCGGGTGCTCGGCGCTCGTAGCTTCTGCCGCCGGGGTGAGACGGCCAGCCACATTCGCCATAAGATCAAATATTCCAATCTCGAACTAGTGGCAAACGGTACGCGGACATGCTTGTCAGCCTAGCGAGCAAGGAAGAGCTGGTATACCTTCTAAACAAGAGATAGTCATTACGACGAACTCCAGGTATACGACGAGGCCGTGAGATGGGACGAAACTGCTCTCTCTTATTACTCTTGGTTGGGTGTAACCGGAGGTCGGCAGCTTGTTCCTTTGGAATAAAGAGGCCATTCAAAAATTAGGGCATCTCGGTTGTTTTTAGTTCTATCAATATAAGGCGGAAGCGTGGCGATATCAGTAGTGTTTAAAGTAGATGGATGAGTCAGTTACTGCACGGGACCGACGTTACTGCTTTATCCAAGCGGCCGCGAGGGCATCCAATATCATCCCATCCGCGTGCGTGACTGAATGTCATCTAAATACTCTTAGATTTGCAAAGAATGTAATCGCGCATAACGTTCGGTTCTTGAGACACACCACGGAGACCCGGAATGCCCTATGCGCGCTGTTCAGGGCGTCGCCATGGTGATCAGATGTGTGTCAGCGTTCCTTCGGCTGAATTTTGTTAGTACGCATCGATTTTTACGACGTACCCGAGCACCATCTTCTCCGACAGGAATTCGTGGGTAACCCAGGGGAAGACCCTCCGATTAGCTCAAATCTCTCCA,1880,50.8,Saccharomyces cerevisiae
SEQ_958230,GGTATCTGGGAAAAAATTGCACATTGTAGCATCTGACAATCTCTGAGATTCTTGTGATCTTTATCGATAACTGGTGTTGCGATCGACCGAACCGTGACAGATGCCTCACATCAAGTTCTCACCAGGCATTAGCTGAGAACCTCTGGAAACTCCCTTAATCCACGTGGATTTCCCGCCATTCCCTGCTTCGGATCATATGAGTTGCAAGGTACGACGATCCTCGTGTCATCATGTCACCGAGAAATTATGCTACGGACACTACACCAAGGCGTAGTGTGGTACAAAGAGTTACGCAATTACATCGGCCGGGGGAATTTCCAGTAGGTTTGCTGCACGTCGTTCTGGCGTCGCGAAACGGCGGTGTAGGGTAAACGAGGCTACTGTAAGATGTAACAGGGGTATAACGACTAACACGAGATTGTCCATCTTTAAAAATGAGTCGTCTATAAAGTTCCTTCCCTACCCCCCCGTGGATGACATTTGATGCGACATAGCACCATCGCGCATCCCCAAATGGGAGGGAGAGCGTTCGAGGTAAGGGGAGGCCAGGGAACAACAGCCCCAGATGTCGTGAAGTGCTAGGCGTTCCTTAGTATAGGTCCAGCCGCCAACCTTACCTGGACGCCGCGTCATTGGGGCCGGAAGGTCCTGTCTGCTGTTGATCCCAATCGGCCCACCCCTTCACCTCGGGTTAACCATCATGACGTTTTTTCTATTACCATACGGTACTAGAGTAATAGCGGAATCTTACTAAGCTCAGCCTTCGAGAAAAAAACTGATTCTTTTCATTAGTGACATCTGACTGCGCTTCATTACCATTGACATCTCCCCCTCACGCAACCGCAAGCTGTTCTGTGTACATGACGAAGTCGGGGGGTCCGGGTTACGGCTGGCTGAAAGACCACTAGTCTCACTTCCATGCCTAGTCCTCACTCCACGCTCGACTAGAAAGGGAAGGCTCTCATCGCTCACCCGCGTACTTTGTAAGTCGATTACCCCCCAGGCGAAGTTATCGCTTGGACTCCTACACCTTGATACGCGGTGACACC,1049,50.71,Escherichia coli
SEQ_778305,TGGTTACGCTTATCTATGGTCGTGTCTGTGCGACAGCTATAGAGTGGATGCTGCTCTATCAGACAGTTGGCTATTTCAGCATGGCAAAATGGGCCCAAGGTAACCAGAAGCCGTATGCGGGGATCAAAACCGCAACTCAGAACTCGCATACGCCGGCTGACGGCCGCGGAAAACAAATCACTTCGTCTCCCCCCTCGGATTGAGAACTTCCGCCTGTTGCCATAGCGTAATAACGGATTCTTCAGACTTACACGTTAGGATATCCACCTAGGTCCGCGAGGCACTGTTTATGCACGCGGGCTAGTCTGTAGGGTCCGGGGACGTCGTGTATTCCCGGCTTAGGTGATCACCATCGTCATATGCGGAATGCAGTATTCCTCGGTCTGTTCGCACAACTTTCCTTAGCCCTTCACCGTCTAGAGGTCTCAGATATGAATGGCTTTCGTTGTAGACATATCGAACCTTGATAAATTGGTGTGAGGAGTGAAACGATTCCTGATAATACAAGTGTAAAAACCGTAACCGAAACCTGTAGCAGCCCACTACTCTGACGTGTGACACAGCGTCGCGTATTAGGAGACAGCAAAATCGTTACACGTCGTAAGAGCCCTTGATGCTGCCTAGCGACAAGACGCCGTCTGATCACTTATTGTTTCTACCAGATTTTAGCCCACCAGGCGTCCTAGCGAAGGACGGAGCTTACCGCAGAGGGTAATTTGAACCCTCTAAGCCGTGTCGAACTAAGTTATCTACTATGTGGTCATCATAGCTTGAGAGCCCTTTGGCGGAGAGCATTCCCTTCTGCCCGGCTATACGATCGGAAAATGCTCCAAGGACCTTGCCCGGAACTGCCCCCGAGCTACAAGGCTGAGTGGGTAAAGCGATTCCGATACGGTCCCGCTAGTTATCACCGGCGCTATGTTCCACGACATTAGGGCAGATCCCTCCAATGAATCCCATGAAGCGTAGCTTCTCGTTCGCTGGCCACAGCACAATATGACTGGAGATTTCTTTCGTATGTTCTTAGATTAGAGGAAACGCGAATTTAAGGTGTCACTTATCTCCGGAGTGCGGGAGCGCATATAGCATGGGAGAGGTCTAATATGTGAATGTCAGTAACTAGTGGTCGTGGAGAAAGCCGACCAATTAGCGTGTTATCAGCCAAGTATATGGCCGTTACGGCGCATATACGGATTGAGAACGTAAATTGAGCCCATCGTGCCGTCATATTTAGAACGCCGCGCTCAGCGCATCACCGTGCCGTCCCTACCTCGCAGCAGACTTTACCACAATTATTCCTGAAGACGGCAGCCCGAGCCACGGTGTTACTACTTGAGCACCTGGTTACGTTGTGAAATCCATGTAAGATCTACAGTAGTTACAACGAGGGAGCTGCTGACCCATGTCTCAGTTCAAGGTCGCGGAGTTACGTGCACTACATGAACCCACGCGTATGTGCGATGCCCGCGGTAACTGCTTAAACCAAAATTCGCGGGCTCGCCCGGTAGACCACCTCCCGAGACAAAAATTATTGTGCAGTCTCGTCTTGCCGTGTGTTCGAATCCAAATGGAACGGACTGTCGGGCGGCAATATAAGCACATAGGGAGGTGGACATGCTCGTCATCGACGGGCGATTAGATCTTGGCGGAGTAATGGTCCGATGGGTCAGCTGAT,1675,50.99,Drosophila melanogaster
SEQ_544835,GCTAGCCATCGACGACCAGTGGGCTATAGGAGTGAACTATTCCTATTAAGTCAAGACGGCGCCTGCATATTATGACGAGATCTATTGAGTTTCTCTAAACCACGCCCTAGCCGGACATGCCCGTCCCCGGCGAGAGAGACTCTGAGCGGTGCTAGTCGTAATTGCCCACGGTGCCTCATCTGGATCGTATTACAGGACAGACTAACGGTCTGGCTTGATAACGATGCCTATCACCAGGAACTGTATAGAATTTACGATAGTTGTTGATACATCCGAACCCATAGACTCATGCCGGAAAACCGCTAAGGCAACGACTTCATGTTGTCACCTAAGACTACGGAGGGCGTACTTCCTGAGACCCGGCTGAGCACTAAGCGGAGGACAAAACTAGATTCAATCATGGCGTCGAGTTAGTCGTTGATTGGGGGCTCGTGGCATTCGCGTAGCTTAAAGAGGCCTTAAGGAGGGTAGGCGCAGTTGTCAATTCACACCTTGGAATCCTGCCTGTCTGTGTAGTAATTAACTAGACCTTCCCAGATAATGCGTTGAGTCCAACATCATAACTACTTCTCAGAGGATTGGTGCGCACAACAACCAGCTGTCCTGGTGTGCTATCGTATACCCTTGCTTTACACTACTCGTCCGATCTCAAGGAGTGCGCTCGCTCAAGCTTCGTTGTGAGTCCCCGAATAGTTACCAGACCACCCTGCCTCACCGGCTAACGTCTTTCACGTAAGTCTAGACGTCTGAGAACCCATTAATCTGGCACTTCGGCACACCGATACTGCCGGTGCTGGGGTTAAGAAAGCCGAAGACCTAGCAAAAGGTTTTCAGTTCAAGTGGAGGTCCCGCAATCCACGTTCGGCCTTACTGATGACACACCGT,885,50.62,Drosophila melanogaster
SEQ_242467,GCCTGAAGGCCCCGTAAATATGTAAAATCGTCATCCCGCGAACCGGCGGCTTTGGGCCACCGACGTTACTCCGTAATCCTCGTACGGGGTAGTTTGGCGAGTCCCCTAGTAGGAGGCCTTAGTAACGGCCTCGCTGCAAACGTCGTCCTTAGGTATGGCCGAACTTCGCCTAGTTCCAAACTGCAGGGAGGTGGCCGATTGGTAACATTTGAAGACGGCGTCCGTCTGGGCGGAAAGGATTCCCGGAGGATATGGGGAAGGTTACAACAAAGACTATTTCATACGCATGGGGTCAGAGTCAGAAACGGAGGTTGCCGTTGAATTCGAGGCTCTATCATCAAAATTATACAAAGGTCAACTGGCGAGCTTGTGCGCGGGGTCTCTCTTACGAGAGTGCTACACGCTGCGTAATTAGTATATGCCAACGATCATGTACGTATAATACTGTTGATTATTACGGACGCTAATACCAAGCGGGCTCTAAAGTCGTCTACGTAATTGCGAGTGTAAACAACTCCAACCCTTTTCAATATGCTCGTAGGCTAGAGTTAGTATCCCTTCCAACCCCATATGATCTTCTACCGGTAGTATCTCGTTGATGCTGGTAGGGAACAAACCCTCCAACAAGGGACTACGATCCCATCGGGTTCACAAAGCCCCTATCATACAACGAGGAACTTAGGTCCAAAAAGCGCGAACGATTCCGGTCAAATCTGTGACTAATTGCTGGCAGTCTACGACAAGATTGTAGTCAAGGTCCCCTAAGGCGAATAACACTAATCGTTGTACCTCGCAGCTACTTTCTGCCCGGTGCTCAAATCTATGGTGCCCCATGTGTATAATATAGCCTCGAAGCGTATGCAGAGGTCACAACTACGGCGGGATCGGCAAGCCCTTTATACAAGATTCGCCCACGTTTGGCTAAAAGTCAATCCCATGGTCACGTTGGCTTTC,954,49.58,Arabidopsis thaliana
SEQ_241453,ACGATAGTCCGCTTCGTGAATACTTACGCGGAGCAGGGTATGCGTCGTGCAAGGTCTCGTCGCATTTCCACTAATCCAACACGGTTTAACGCAGTCACCGAGGCGATCACGATGTGAATCAACCTTGAGATATATATGCCACAATCCTCCCGACCTGGGCCCCCCCACGTTGGCTAACTGCTACCGCCACCCGGGGCGTTTTCTAAGTTTGGGTCGCGTGGGGAAACTGTCGCTGTGTCACACCTAACCTGTGCTAAGCGAGTTTAGCAGGAGAAGGGGGCCTAGATTGTTGTAGTCATGAATTCAGGTCTGCTGTTTAGTTACTTTCTCTAAATTGGCCCAAAGAGCCTTAAGCTATGTTCTCCTCGATCTATGTCCACGATACAAGCTTGGAGCTTTATCGGCCAAACCAGTTATGACCACTGCCGAGGGATGCAGCACGGACAGTTACACATTGGGGTATCGGTCTGACCAGTAGCCCTTCACCGGTCTCAATGTCCTCGGAAGCCTTCGCAAGAAGACGTCAAAGAGTGGGCTCCGTCTCAGGGTAGGGCGTTGCCGACAGGGATCCTGAAACGGACTGTTCGATGGGATACCGTGATTAAGCATATAGTCTCGCTGGGAGCAATGGACCCGGCAACGGGCTAGAGGTACCGCATGGCAGGACTCATGACACGTGACCATCATACGGGCATAATAGGCCCTAATGCTACCGTAAGCGTGCCGCATGCTCACCAACCCAACTTTAGCCGCGGTTCTCGGTAGCGCACCAACCTCTTAGCCTAGCTTGTTCACTACACCAGTCCGGCCCGTGATGTATCGACAGGTTAATTCCATACCGTCGCTTACCTCTCTTAGTCATGATCGCGCATGAATACAATTGAATCAGC,890,52.7,Caenorhabditis elegans
SEQ_955943,GCAGCAACTGGTTGCCTACAACAGTAAGAGTGAGTACGGTAGGGGAACACCCGACTCGGCTCGAATTTATAGACAACGCCTTATATCAAATTATCATTAGAACATGTCTTATGAGGGGATAAGATTCGACTGACTAGCCGCATTTCACAATGCAGTCATGAGCTTTGCTTTCGGCACTCTGCATCTATATAACTAGACTGTGCAAGGGCAAGCTACTCGATCCGGGACACCTTCACATAGGAACACCACCGTCTAAAGAGATAGTTAATCCAAGTGAGTTACCCGTGTCTGGCTCAAATTCACTTTTTGGCACTAAGACAAAACACGAAGGCATACGGATTACACACTACAGCGACGGAGGAAGTATGTGACCGCTCACGCAACTAAGGCTCCATCCCCCACCACGAACCTGTTACGTCGAGTTTACTGAGCGGGCCTGAACCTAGAAGCCGTAAAATCTCCGGGATCGCCGGCGTGTTCCCGTATTCTAAGACATGGCGAAGGCACATCCAAAGGAGTAACCCAGATCGACATCGACGGGTACCGGTAACACTTAAGTTTAAATAACGGACGGCCGCTGTCACACTTGGGGTACCCGATAGAGATACCCGCTTCGCTGGGCTTTGATTAGGGTCGTTCAGATCTAGCTAGATCCCAGCTACGCCAATTTCTGGTGGACGCCAACTAGCTTTTTTGACGGGCCGGATGTTCAACGGAACTTGGCTGTTCACTTGCGCTGCAACTTAGCCGGAGCTGGATACCTTTTCAGTGATGCGAGCGACCGGAATATTATTGGGTCACGACCTGTGGGCCGCTTTCCTAGGTCTGACGCTAGTCAGCTAATGCGAAGCACTTTTTATTGGCTACTGCATACTCGACTAGGACACAAACATGCACCGGTATCCGCGGCGTCCTATTACGTAGACCCTACTGGCAGGTTTGTGATTAAACGACGCGATCGAACAGCTCTTGTCAGAACGGACGTATACCTCTAAAATGCGTCTCGTTCTACGCGTGTTAGAGTGGACCGCATGGGGAGTTCTTTTAACTCGGTAGCCATTCCGCACTACAGTAACACCTACATACCGCTCTTCGCGGCCATTACACTGAAGTTTCACTCATCCACATGAACACTAGCACGCAATTGTGACGGGGCTACTTCGTATAATGAGTTTGCTTCACGTAAATGGTCCCAGTCCGCCTGTCACCCCAATGCCAATTGTTGAGGGTCGATGCGAAGTTAACAATTCTATATATGAGGGAGTGTTAAGCTTGTTTAACTTGAGGTCTACGACAGTCGGGATTACCGCCTTCGCACTCCGGAAGGTTCGCATCACAAATGTGAGGAGACCCGCATGAAGCTATAGATAACGTAAAGACCCCTTGCTCGTCCCTAGTGGGTCAACGGGGGGGATCCGGCTCACACGAGCTTCCAACCTATTGCGGGCCAGGCCAATCTGACAGGCCCCGAGGGACAATTTTTAGACAGCCCATGTAAAGCCTAAGTGCGTTGCAGATGTCTTATAGCGATCTGTT,1536,49.93,Arabidopsis thaliana
SEQ_585238,CTGGGCGTACTCTTTGATCTCGAAAACAAGTCCTGGCAGATCTGCGTACTCATCCATTCGGGCCCGTCCAGGTGAGGCACCACACTGTAATCGATACGCAACTCGTAGAACATCGGGGTGATTGATGATGAGAATCCGGGGGGCCTCTGGCGTAGGCCAAGCTCCGAGCTAGTGCATACATCGTCCACGGACATTAGTTGCTTGTCTACGAAACACAAGGAGCGGCCTGTTCACGAAAGACCCCTTATATCCGCGAGTGCGTTGCGTCAGAGCTTTGCTGTGTACTCTAATTATGTGTAGTCCTCTTACCAGCAATTGCTTTCTAAGCAGCCTAAGTGTGAACGTTATAATCAATTATGTCTCAGTTTACCTCACTTGGTCGGCAGGTCGTGGAGACGCCCGTAAGAGTCATTGCCCAAATGTTATATGGCTGGGTCTTCCCAATTAAGAAGACAGACATAGTTTTCTTCCCTTCTGAATAGCTGAACGACGAAGTTTGTCATAAATAACGCCCAGCTCCTAGGTCACTCCTCCCAGCTTTCGCCATCCAGCGAGGAACGTCACGAATATGAGTCTGTTCCGATAACAGGGTGCCATAGCGTTACAAGCCTTTGGTGGTGACTCATCCAAACGCGTGAGAGCGCCAGCGGCATATGATCCTCCCACATCTCTATATTTAACGAGTGGGAGGCTCGTACTGTTTGATTTTCGAACTGGGGGTTGCAACCTCTAAATGGTGACGCACGCACCGAAAGCCAGCAGATTAGGACTCACGGCGCCATTACTGCAGAGTCTATCCGATTTATACGGTTTGATCTAATGTGAACTGATCGTAGGCCTCTACAAAAAAACCAGGGTCATCCAGATTACAAGCCGGTGGACCCACAACATGAACGCCGCTTGGAGCATAGCTGCTTTTCCGTTATTCGGACAACACAGTTCAGCTCAGATGTCTCCTGGCATCTTTCATAAAAAATCAACACTGCTTCTGCCCTTATGAAAAGAAACTGATGATCTAATCCAGAGGGCCAGCTGCACCAGTATCTAGATCTGACCACTGGTTTCCAAAACTGTGCGATCATCAGGGCGAGTAGCGTCGAGGACCCAAGGGGCACCTAACCCAAAAGGATTTCGGCCTTGTAACTTACGTTTCATCGCTCCGACGCCATCGGTTTTGTTCGCAATGTGCAGTAGAAAACTTAGGCAGCAACCACATTAGGCAGGCGCTGCAGGAGGGGTTTGAAATGTCGTGATTGAGTTGCATGGGTCGTCGTTGTCGCGCGTCGACTAATGCAGCGTGACTTCAGTTCAGGAAGTAGTATTTGATAATCCTTAACAAAGCATCCATAGCTAACAGGTGGGCGTAGCTTGTTGCCCGAGATGGCGCTTGTTGGGATTTACTCTAACGTCCACGAATATAACCTCTCGTCACATGTACGGATTTCCCTGGCGTTTGTGTACTACGTCCAATACCTGAGGCATCTCCATGCTAGTAAAGTCTGGAGTCCAATCATGCTCTGGTACTCACCTCCTTATAAATTAGAGAATTGGACTTCATTATGTGCCGCGATTGCGTCATACCTCCGACTTGATCCTTGAATCTGGCTAACAACACTGAAGAGAGGAGTACATCACTTCGGTGGCGCGACCCATGATGTCCCTCAAGCGCGCGTTATCGTTGTGTTACGCTTTCTCAAGAAATTGCCTATTTGCGACCTGCACTGATCTGGACCGTAAGAGGTCATATATATCGCATAACATCTCCGAGCGTTGTCACGCGTGAAACCATGTACCTAC,1797,48.86,Homo sapiens
SEQ_602673,GAGACATATGGTTTCCAAAGAAACGTCGGTTTGATACCTAGGTGCCGCTTTTCAGACGGGAACCCGGTAGACCAAATGGTATCCTCCAGTTTCCAGTATTATTTTCTTCGGCGCCAGAGACTTATTCTGCTTTGACGTCAAGAAGATGTTATGATAGTCTACTTCGTAACGAGGTAGTCTAAGGAGCATTATGTACTGGCTATAGGACCACGCAGACAAAATTGGCGCTTAATTGGAGCTGGGGCCTGCAATGAGAGTATGAGCTACGCAGGGAACAGAAATATTGAGACCAGGCGGTAAGATCAAGTACATGGTGTGAACCGATTGGAGTCGAGTGACGGCCGGAAGTACATGCAGGGATTATAACCGCGGAGGTGCCGTTTCCAACTGCTGCACCAGGGCTACTTAGGACACGACTAATATATGTGCAATTCGTGGACTGCACCCGGGCCAAGTACCAGATTTTCCATCAAGAAGGTTCAGATCGCCGGATTGTCGGATCTGAGGGGCAACAGACGTTGTTGTTCTCACCTTCATGGACTATTGCTTCAACCTCGACTACAAGCTCTAACATAGGCGGGTGCTACCTTCAAGAA,596,48.32,Arabidopsis thaliana
SEQ_992394,GTGATGTCTCCCTACTGGGCGCCGGTAAATGCGGGCTCGGAAGATCTTTCCGCATGCTTTCTTCTTGTCGCCCCTGGCCTTGGAAATGGGGTTAATGAAGCTAGTTGGTGGGTGGTCGCCTCTAGTCACAGGTTATTTGAGGGAATGAGACTAAGCTTGTGACGGGTCGCTTACACAGACGGAGGAACCAGTAAGCCTTGAGTGCAACAAGAGTGGCTAAGGATCGTTCGGCAGAGGAACCAAAATTGATCAACCATGCACCGCACAGAGACCACAGGTAGTCAGGTACGTCCGGATCATCCTAACGCAGCACGAATAATACAAGAGGCGTCCTCCAGCGCCCGGAGGGCATGGACTTATTGAGGAGCCTGGTTCTACCTGCTGCGCTACATTCGTTTTTATTTACAATACTTCGGGTGTATAGTTCGCGCTGATTGAATACGAGGCCAGCCCAACTTGCTGCATCTTGGCTCATTTTTGGTACCGGTATTAGGGTCAAGGCTTCAGATGTTGACACGCCCACCCTATATGACCGCATTATCACACCACTTCTCTATTAGGGGGAACTCACAGGATTGAAGCCAAGCGCAACGCAATTTCCTGCGTGGCACCTAGCCGTAATGCGAATGCGACCAAATTTGGGTTGGACGCCGTTGGTGTCCAGGATAGGGCAGAGTGCAAGTCCACTTATGCGTTGACAACTATATCTGGATGGGACACTTCGATCTCCACTGAGTATCCGCAGATCGACCGGCATAGCTCACCTTGAATAAACCAGGATTGAATACAATAGCGCCATATCCTAGTCGTGTATGTAAACATATGTGGCTACACAATCTCCCTGGCAACACGACACGTCCTGCTAACTAAACAAAGTTCGACCCGTACTGTTACCTGGAGTTGGATTTAACTCTCAGGGAATAGCCTGAGGCCCGGGCATGTCTACTGTGGGTGCTTCGGGCGTACCGCTAGCCCCATTACCATAGCGCTGAACCTCCTACTCCTTACCTGGGTAAGGAGACCACTGCCCGCATCGCCTCGAAGAATGCAAGCCTAGCCGGAGGTTTTCGACGGT,1075,51.63,Caenorhabditis elegans
SEQ_448960,GAGCAAGATACTCGCATGCCATAACGTTGCCTGCGGTCCCGGAATGCCCGTATATTTTCAAGACGCGATTAGGTGGACTACGTTATACATTGACCCAGTTGACCTTGCAGGCCCTATACTCGGGCTTTATTCCGAGGCAACTGCTCGTAAGCTGAGTAGACATATGGTACGATGGCGGTCGATCTTAATCGGTAGGGTCGTCACTCGTGAGCAGGGCAGGAGTTGATACAGATGCGTCTATATTGTGTTTGCGAACTTTCCGCATGGCGTTAAAGATTGGTCCCAATCTCATCTCTATAAGCACACACGTAATTTACCCATTTAGAGCAGTTTGTGAGGTTAGCATTGGGTGGTACATCCAACTCTCGTCACGTGAAGACTGACATACGACGTGTTCATCCTCGCGCCATGAATACGGGCACCGGTCAGA,430,49.3,Homo sapiens
SEQ_214554,ATATAGAACTACGGTATCGCGTTTGTGGGCACGGGTGCCACAGGCTATTATGAGGGCCGGCGCTCCAGATGCGCTGATTATTAGCGGGTTGCAAGACTAGTCTCGTGCGCCCAGGAGGTGCATTGAGGCATCGAACGCGTTTCCGTCCACCCTTACTTCCGCGATGTCTCACATTTCGCTCTTGAATCTACAATACAGTAATCTCTTGCGAGTGAACCATGCAATAACTCGCGCACG,237,52.74,Escherichia coli
SEQ_497155,ACTACCGCGAGAGCATAATCATACATTAACAAGCCCCAAAACTCCATACGAGCCCTGCTTGTTCGGTTTGCCCTTCCGTGGTTGCGTCTTAGTGACTGGTACCCTGAGCTTCTGCTGAGTATGACGACCCCATGGCTTCTGCTAATCATAATGATATCTCCGAGTTAACCTGTGGACACGGCACTCGTCATTGCCCTGCGGTGTGATACTCAACATGTGACACGTAGCGCTGAACACCCGTTGCTTGCGGCGCATAAATAGTCGAGAAGTCTTGAAGCTCATAAGGAGGTTATAGCCGTGTTAGCACTAGTGCATTGGCAGTGAACTTAGATCGGTTAGGTTGTTTCCAGTCACTAAAATGGGTATACATGTGGGCCGCTTTACCGCGTGGCTCAGGTTCTCATGCTTGGAGGTAGTTACAAAAAGGCTTTGTGATTAATATAACTAGGAGAGGTCACTATACGTGAAGCCCTCCGCGACCTATGGTCCATCGCTACTTTCGTCAGCATGAAGAAGCTCGAGGGACTGAAGAGCGTATGCTAGTTTCGCATCACTGACGCTATCGATACTAACAAAACTCTTCACCTCGACCAATGAAGGTCAGAGTTGGCTAGGACATGGTTTTACTGACCCCGTCGAGGGCGCAGTGCGATGGGTCTGCTCCACGGTTCATTCAGTGGACTGGTGCATCCGCCGATAATCATAGTACGGTGTTGAGACCTCAGCAACAGAGCATTTCGATGCGTTGGCCCAAGCTTCAACCTCCCAGTGTTGAGGATGTTATCTACAGGCACGTTTGCACGTTCCCTAAGGCAACATGTTTAACGTAGTCACGAGCCTATCAGGACTAATGAAGAGTCCGAACTGAGGCGTCGCCACTTCTTGCTCTAGGCAAGGTTCCGACTTCGCAGCTGAGACGATCCACCAACTCCGGCATGGAAGATATTTTAGCTGTACTATGGGTAAGCTCGAGATCAGGTAAGTGACGAGCCGTCAAATCCCCGGGCCCCTATAGTCACTTTCCTTGGCGCTCCGCAATCCAGCGTCTGGGAGAGATATAGTTGGACAGTCGAGTGAGTGTCCACAGACCCCACTGAAGCGCTATCCGTGGTAATACCGCGAGGGCGAATTCAATTAAGCGCAGTCGAGTTCATTTCCGTCTATCTTTAAGTGATGAGCCGAGCCCATCCGAGACGGAGGCTTCTCCAAGCTCCGGGGGCCCGCTCTCCTTGATAGTGTACAACTTACGGCCGCTACCAGAGGGATCGGGGTGTGCGAGTCAAAATTGTGCCTACCTCCTTTCCGTGGACGTCAAAATTAACGGAGAGCGTCCGCCGGATGAGTTTACACGTGGCTAATTTTGGCACCCCGTACGTTGGCGGCGTGTGGATGCTGCGGACCTACCGCATCCACTATCTGTGACCGACTTTCTCTCGACCGAGTATAGTCATGCGCATTATCTAGGTTATTGATAAAGCGGCGTTCTTAAGAGAACTTAGACACTCAAACTTCAGTCTGCAGCTAAGCATTAAGCTTATGCCCGCTAATGTCTGGCCTACTGGGCAGGTGTTACAGTAACACCAGTTCGCAGATCTGTGAGGAAAGCCCGGAGCTACCAGAGAGTGTACGCGCGCCAATACGGAACAGTGCCGTCGTGG,1658,51.39,Homo sapiens
SEQ_929385,ACATTTCCATTCAATTTACATGTATATACCACAGCGTACGATCTGTCCATGGGGTAATTCGTAGCTATTCCAAAGTCACAACCAACAAAATTACGCGCATGTTTCACATGGCGGGTTTGTAAAGGTTTCTTCGTGAGTGACGCCAACTGCTGTGCCACCGGAGTGAGGGCGCATACAATTTAGAGGCAGACTCTTAGAAGCGCTTAGAGACGCCAATTCTCGAGTCTTCGAGAATACGCTCATCGTCTATAATTATCGGAAAAAGCAGTCGATAGTTATCCCCAATCGGGTACCACGACAGATGAGAGCCACCATACCCAACAAAGCGCTGACAAACGCCTCTTACTTCAAGAGATGGTTTCCAAGCAGGACTCGGCTTTACACGGATAACGTGTTTAGTTTGATTTGCCGCTCGCCAACTTCAACATCCGCGATTCAAAGGCGCGATGGTACATGCCTGAGTAAGTGTGGTAACCGCTAAACTCCCTACTGGCGAGTAGGACTCATTCTACTGCCGGCCTTCGAAACTTTGCCAAAGGGGAGTTTACTCCAAGTGCCATGCAAAAACTGACACGACGATCGGCCCGTGCATCGTTTGGGTTTTCCTACTTGGTACCCGTCATTGGATAGATGTATGCTGGAAAATTCCATGTCCAAGTATTCGCACTCTCAGACATTAGAGGGCATTTTGCATGGAATTCGTTGCTCCGGATCTGTACACAAGCGTGGAGAGCGTCGCCCGGTTACATGCCTGTGGCCTGGTAGGCCATTTTCGGCGGTATTCTCTTCGTGAGAGGCACTCGGACTACGTTTGTCCTCACGACAACGGGTACCATCTCACAGCCACGACCGATAGCGACCGATCCAAAGAACGTAGTTGCTGGTGGGCCGAACCCCTAGAAAGGTGTACGGGGTTGCCCTCTTTTTGTTGTCAGCGAGGTGACAACAGTCGGGCCCCGTTCCGATATGTGGACTCCGCCCGGGCTAGCGGCCAATACCGCATCAACACTATATGTAGACTCCAGATACCCCTGCAAGCGGTGGTATCCCATCCATATTCCCGTATACCTGGTTGGCTTGATCAGTGTGAGCGAGATTATGGTTCAATTCTAGCACAAAGGGGGGCGAGCCGAATATGTTCGCTTACGCCGTGGATATGGATACTATCCGTACTCGCTGAATGCGGAGCCATGGAATGTTATCACGTCCATAGAACCGACAGGGAACGGAGCGTAGCAGGCTCCACAACTCCGCCTTACGAACATAGGCAGGGTCGGCCGCCACAAAATACCTCTGCACGTTCTAAAGTTTCCCGAGTATTAGCAGTGCAGACAGGAGCGACCGCTGTGACAGGGAGCTGGCCTCAACCGAGCTGAACGAGGATACTGTGATCATCTACCGGACACCTGGTGGCCCCATACTGGGGCGAAGCATTTCACAACCGCCTCTCCTAGCAAAACTCTCCGTGAACTCTTTAGAACCCTTAAGTGTAGGGATGGCTACGCTACGTAAAAGTGGCTCCAGGAAGTTTGGGGAAGGTAAGTGGTGATGCAGTACCCGCATAAACAGTCGGCCATAGTATCCAATTTTGTCAATCAATCGCACTGATGCCGGCCGAGTTCATTACCTCATGGCACGTCGTTCGTCGGCGGGCTAAGCTTAGCGACTCGCACAACGTGTGCTCGCACCGTTGCATAGACTACATGCATAGGTTTCCCGACTCGCAACGGAGGAGAACGGCCGATTTAGGGTGCTTTGTGTATCTATTGTACGTAAAGTATCGACCGACCGTACGTTGAATAATCACCCGACACTGATGCAGAAGTCTCCAACCCTGTACGGACGCGTAGCCGCCTCTACATTTGAAGT,1869,51.26,Homo sapiens
SEQ_970356,TTCTTCTGCACCTGATCGAGCAAAGAGGCGCTCTCTCGGCCCCTACAGGTCAGGATAAGAACGCGGTGACGGAGGTCCCGCCTTGAGAGCTTCGAGAAACAAATGTTACTGATCGCATCATTTCGCACGAGGCTTAAGGATAGCTCTCCTAACGATGGGAACCGGCGTCAATCGTTGTGAGGCGAATAAAATTAACGGGGGCTAGTCATGACCGTCACGTTCAATCGTCGCCCAGCACGTGTTTTCAAGGGGAAAACGCATGTCAACGGATTGCCTTATAAATGCCAACTCAGAAACCGGGCCGGGAATTCACGGTCGATGTCGATTCTTAAGCTTGACCTGTACTTCCGGTCACGGAAGAAGTGGAACAGCCTGCATCATCGGATTCATTTAAAGAGCTATAGCTACCGTCAGTAGAAGGGGCCAAGACGAGTACTGCGGATGTGCGATAAAGGATAATCCTCCTGAAACGTAGGGACGGCCATTGGTTGATGATGATGAAGCGGGTATAATTTGTCATTCCCGTCGATAGGACAGTCACGGTGCCTAAGGGAGGTCGCCGTGGACCGCCCGGCAATCTACCGAGTGTTACCCTTAGGATTACGTAAGTAGAGATAGCCGTCGAAGTCATACAATGAGTTTCATCCCACAAGACCTCAACCTTGTACTGAGGGGGGTACTTGACATTACGTTCACAATATTTAAGAACCACGTTGGACGGGATTCATGACAACCTTAAGCTCACCCAAGGGCAACTACCGAAAAGGTATATTATATCTATACAAGACAATTTTCCCTGCGTTCACTATCGAGGACTTATGGACCTGTTAGCATCCGTAAAACGTTTGGGAGAACATGGTTCTCTCGACGCGACAGAAACATATGCCAAGCCCATATTGAGCACGGATCCTATCACGGGAATGGTCTATTAGCAGCATAAACTTTTATCCGGCTCTCATATTGACAGTCAGTAGTGGACGCGCGACCGTGTTGGCTCACCAGATGATTGACCCATGGGTTAGGAACACGATCGGGGCGACGCTGTATGATCCTTTTTCCACGGACAAAACGTTCCGTACAAAGAAAATCTTGTCGCAAGAACCTCACTATTTCGTGAGGACCTGACTAAGGGCCCTGAGACCGAGTGGGCTGTCCGCGAGCAGATGAGTATGAAACACAATGAGCCGATTAAGCCCTTATCACATTTGATAGACCGTTGAGACATATGCCGCCCCCGACGCCGTCTTGTGGTCACAGATCATGACTGGCGGAGGTCCGATGACCAATTCGGCCCCGGACCCGGGTTCAAATGAAGTGGGGATGCAGACCCCCAAGGTGGAGAATTGACTTTTGTTC,1356,49.93,Escherichia coli
SEQ_153512,CTTCCTACGCGCTCGCTCACTGCCGCAGGGGTGCGCTCGTTGGACGGCTTTACCACCAAAAATTTTGACACCTCAACATCTTTGTCTAGCAGGAGGCAGGACTTTGGCCTGAGGTGAGCACTCATGACCCTCTGACGTGGTACGCCATGGTGTTCTCCTCAATCACATGCATGAAGGGCTTTTTTCGTAAATGCAGGAGCCATAAGGCCCAAGTACCCGCTGAAAATGCAATCCTAGTCCGTGAGAGATAGCTCAAAACTTTTGCAGAAGTGAAACCCAAGAAAACTTGTCTTGATGTCGTTAACAGTTTGGAGTCCTAATTCAAGACAGACGCTCTCAAACAAAGCCAAGTTGGAACCCGGTCAGCCACAACTATCTACGGACGCTAGGAATCTAATAAGATCTCGGTTTGAAGATTTTCCCCTAAGTTCTCCCTAGCCTTTTCTTTGTCTCTTTATGTGTAAGCTCGCTGCTATCAAGCAACTTTTAAACGAAGCTAGGCCGGGGCGATGTCAAAGCGCCTCTACGGCTCCCGTTTGCGCCGAGGAAATGTTTGACCTTACCTCGACAAATGAAGCAAGGATTCGGACCCAACTCTTGGCATTAAACTGTAAGATCCTATTTGGGTCGCCGGCTGGGAGACGGTACCCCGGATGTCGTTGGCAGCATCCAGGAGTGGGGCGGGAAATTTCTACCCCATAGTACCTTGCTTTTATCCAAAAATTCAATTTAGAACCTGGGCCCGTTCCAAGGGGGGAGGGGACCCGCTTCGCGAAGTAGTTTTGATGGCGTCCAGGATGCAGGCACGCTTGAAGGGATGGAAGACTAAACCCAACCATATATTACTCAAGAGGTTGGGGAGGTCGTGCCCGAATCCCGTAAGGCTACTCAAGTGAAGTGATTGACGTAACAGGCCGCTATGTCACCCCCATGTAGCGCTCCTGTTGCCCAATTGAGTAACCCAACAAGAGACCTCGGGTCGCTATCCCTCTGTTCAAAGCACTCCGATCGCGCGCAGTAGCGCCCCGCTCTTGTCGGGAGAAGTTTAATAATTCGATAGCATTTGTGCTCGATTACATGCTACACGGGCACTTGATGGGAGGTGGCTAGCTGGGGAACAACATTTGGACTCAGTCCCGCATTGCCTCGGTACTAAGGATCCCAGCTAGAATACCTAGGGACGCATTGCGGCCTTACGCGCAATAATCGCTTCGAAGGTGAAACGCACCAGAACTGTATAAGCCGTACCGTTAATGCTTTGGAGATTGCGAGCTGTGACCGGAATTTCGATAGTAATAGGCCGTATCCAGATCAAGGTCCAGATGCCACAGGCAGGGGGCCTGGATTGGCAGTACCATGTCCCGCCGATTTCGCGCACTAAGGCGACTAGGCGTCGGGATAGTAGATCGAGCAGCCATCTATTGATGTAGGCGTGATTTCGAGCGTCTCAAGCCAGCGTCAAGTTACTGAACTTTCAGC,1479,51.12,Escherichia coli
SEQ_806782,CGAACTGGTACCCCAATAATTCGACTCATTGCAGCACCGTTGGCAACCGTAGACCTTAGGTATAAACTACGGCGTGGCGGCAACAATGCTAACATCATTACGACCTTACGGGATTTTAATTCAAGGTGATGAAGCCGAATGAGGGAGGTTCTCATGTGGGCGATCCAACAGCAGTGGGGAAGCACGATATACCGCGGTAGCGATATCTATGGTGGGTAGGGGAAAAAACGGTGGCACGTATGCAAATTTGTACTCTCATATAGTTTTGCGCGGTGTCGAATGTCATTAGGCGGATTAGAGCAGCGCATGAAATTCTTGCAGTGCGCAAATGCTCTGTCTTGGGATTTAGGCTGTAGGTAGGATTGGCAGGTGGATGCTGCAAAGCAAATACCCGGATACTTTCTCTCTATTAATATTACGAGCAGAGCTATTGCTCGGTATAGCCAAGACCGGGGGGGGCTAGGGTTGACTGGCGGTTTCCAATGTCATTCTCGAGCCCTCATCAAGAACGAATCGGGCTAGTTCAGGTCCCAGATGCGCGACGATACGGACGGTTGCCAGTCCGGAAGCGCTTTCCTCTGGTATCGTTATTCTTTTGCAGCTTACCTGGTATCGAAACCGAGCTGCTAAATCCGTTTCACGGAACCTCCGCAAGTACGCAATCCTATTATTCAGCTAATGATTAGGTCAT,691,49.06,Drosophila melanogaster
SEQ_526338,TGATGGATTCAAAAAGTCCAGGGTTTCACCGAAGTGTGATTTTGAATAATTTAGCAGTGTTCCGTTGGGTGCGGCAACCCAATCCGTCTCTGCGAACCAGACAGTTTAGGACCGACAAGGGGAAGCTGCAGTGCGTGTGCTTATGCCAGGTGTATGGTGATGCCCCAGGACGCCTGCCGGGACATGGCGCCTGCGGTGAGGGAGCGTTGCCCATGATCACTGAAGACACCAGGTTAGTCCGAAGACACCTCGATCTCTATTACCGCCGTCTTACACTTATGGTCAGGGGGGAGCGGACTTGCAAAGAGGCATGGTGGTAACCTAATCAGGGGAGTTAGAACCCCTGTG,348,54.02,Arabidopsis thaliana
SEQ_845497,TCTTGGGCATTAGTCCCGGCACTATTCGGTAATCCGATGGCGCTGGATCCCATTCCCAGACGAGTTCAGCTATTTTAAAGGTGTCGCGAATTCCCCAAATCTTTATCAGTGCATGCTCATACTTCTCGTTGTAGGGCGCAATTGGATTATCGACCGGCCCCCAAAAGTGGCTAGTCTACGGGAGTCGGCTCGTAACACGGGCCTGCATGCGTACTAGCAAGAAAGCGTACGCGAGTTCAATCCAGGGATGGCTACTTCATACAGTGATTCTC,272,51.1,Caenorhabditis elegans
SEQ_718812,TATGCCTACTATGCAGCTCGGTTTGATCAGTAGTATTGTTCGAAACTGTTCCGTGTCCAATCCTCCGGTCCCCCCTGGAGCGTAGCGGGTTCAATTTATAAGCATTCCGACAAAAATAGCTGCCGTCCCCTACTGGCATCGGTATACCTCCTCATGGCCATTAAGTAGCCATTACTGAGCTTTCAATACGCACTGTCCGATTAAATGGACGGGACGATACTTCAGCATTTAGCCATACATGTCCAGCTAATAGGGCCAATAAGCTTGTTCCATGCGTGACCTTGTCTAGGCGGCTTTGCCTACGAGGCACGGAAGACGCGGTGCGAGCATAACTAGCAGATCGGACACTAAGCCATACTCGACGGGTCAGTGGAGCCCCCAAGTTTAGAGATTGGTGCTAGCCCCCCTTATATAGACACACATTCTACAAAAATGCCGGTTAGGAGTAGTTACTAGCACTCTTGCAACGTCTTTTACCTCAACCACCTTGATAGACATGCACAACGCATCTTTTTTCGACGGCCCAAGTTGGCGACGCCCAGGAGGGTGACCATCTACGCTAAAACCTCGGTAGATTATCTGGCCGTATCTCTCGTGTGAACGCTTGGTCAAGCTCCAAAAGTAAGGTAGTTTGCCTTTGGGCAGGGCATGGCGCGAGGATGTGCCCCATTTGTGTCTTAGAAGCGTAAATAACACTAAGCAACCCCATTTGTACGCCTTGAAAGTGATGTCATCGGATCTAATCTATAACTTGTATTCGAGAGTGCAAGACATGCACCTGATAGGATTAAGAACTGCAGAGATGCCCGTATCGTAGCCTCCTAAATTTGGCTAACGTAAATTCCTCTCTCATGTGTGTCAGGAATTTGCCCTTCTCGCCATGTTGGCTATTCTTTCGATCGACTCATGAGAGCAGAAATCTTTCAGGTCGCGTCGAACGGCACCCCGGATATAATATTCTACGGAGGGGTACGTCGCAGATAGCAGCCACCCATTTACATTTACGGCAGATGATAAGAATGCGCATCTGCTGTACAGAATCTGATATGTCGGATACATCTACTTGGGATGAGGCAGAAAGCACGGGTCTAGCCTGAAAAGTGGCGTCCGTGGCGAAGGTCATGCTGAGGTGGGCTGTAGAATGCTGCAGTATTTCTATGCAAATTACGTAGCGCCGGTTCGAGAGAATTAGGGCTGGACGACAATCTATATGATGAGACATGCATATCGCTGAGCTGCCGAACGTCGGGCGCAGAGTTTCGCGATATGGTACCGGAGGAGGACGTTGTAACCTAAGTTTGAGAGCCCATTAAGAACTAAGCAGCTATTTGTCGACGCTTGTGTGATCTATCTAACTGACAGTGACGTGGAGATCCACAAGTGGTGTTGAACTTTATTATAGTCGGTGCCGACTCGGTCAAACGGATCTGCGCTACGACTACGGCCAGCTAGCTGGGGACTCAGAAAAGAATAGGCGCTGAATATTTTAGAGCTAAGGGCTAGCGATTCTTGACAAAAAACGGCCGAGATTCGCAGGAGGTGAGGCTGAAACCATTGGCGAAAAGAGTCCGATACGCACGTCTTGTTGGTGGGAAAGATAATATTGCTTCCTCTCGCCCAAAGCTTACGATCAGCTACAATGTCGGATGGACAAAGCTCAACCAGGGCATTACTCGGGTTGTTTTACTCCGTAGACAGGAAAGTAAAATAGCGCTAGGATAGAAGATAGCGTAATGCCAGCCGAGAAAGTTAGACTCCAGGATGCATGATGACCGGTCCGAGAGAGCATGTTCTCGCAAACTCTCGGACGCTGGTCCCGAAGATGTAGCGTGGCCACAGTCTGGCCCGTATTGTGGCTAAAGGTGCCGCGCAATGAGCTACTCTTACACTTCTTACATACGTCGGTAATAGGTATGCAACT,1921,48.88,Saccharomyces cerevisiae
SEQ_240115,CTGTAGGGTACAATTGTTCAACGACGGTGTATGTACTAAGCCCTAATCAAACCCGCCATCGAGATTACTAGCACGATCCAGTGCGATTGGTCCAGACCAGACACCACATACCCTGCGGGGATCTATGACAACATTTAAGTAGACACTGACCCGAACTCAGCTCTGACAATTCTCGAGACAGCGAACCACGGAACTTAGGCTAAGTTCAAAAAAGAACGCATAGACTCCACCATCTCTTTAGACTCCGGTGTCGATATGCCTCGTAACAGCGGATGCAGATACGGAGAACGCCTTCCAATCTGACACGAGGATCACCCCGTTCTCAAAACGGGCGTTTCCGTTAACATAGAATCCGGTGTAACTCGAGGTCACTCGTTAAAAGCTAGGACATAAGGAAGAAGTGGGTAGTATTTAAGAAGGGGTATCCACTCTGTTGGAGGCTAAAGATGTTGCTGCTGCCTTCGGCATTAACGCTATGCTCGGCAGATGCTATTGCTATACCCGCAGTTAGCACAGTAACAATGCTTGTCCTCCTGCTCTGTTCTTCTTAACGAAACATACTCAGCCAGGTGGTACAGAAAAACCGCGGGCGAATCCTCCGACCACTAACGCCCGTACCGCCTTGGAGAGTCACTTCAACTAATGTTGACGGACGCTTTGTGGTTAGGTAAGCGCGCCCATGATTCCAGTTCTGCGAATCGTATGGTTATCGGGTCCCGCTCCCAAGCTACTCATGAGAACCTCCGGGCGATCTGAGAGCTTGATGAGTTGATGGGTCACTATCTAATCTGGCCGTTGACCTACTCAAGGCATTGGATCTTCTTAAAAACTAATTATAAATAGGTTAATACGGGCGATCGAGATGGGGTGGATTAATATTGTCCTCAAAGGATCCTTGAGCCTTGATGGGGATTTAATTAAAACGAAGTCGTTGGGGTTCAGATCACGAAAATTCCAATGGTTACTATCTGTTCACTAACAACCCGGGGGCCGCGATCTATGGCGTAGTGCAAGGAGAGCCGAAGAGTTGAAGACACCACTGTCCGGAAATACCCTCGTTAGTCCGAATATCCATTAGTTACGAAAGCCGCATTACCCGCGTGGCGAATCACGACTCTTTTCGGGCAATTTTTCGCTGTCTTAATACTCACCCCTCGTATGGCGCGCTTCGACTCGAAATATCCGTGTGCGAGTGACTTTTCGACCTGTTGCTCCGATGGGGAATAAAGTTCCGTTGGACGGGGAGCTGCGGATCGAGTCAACGTTGCTGGGCGTGAAACTACAAGGTCTTCTTAACGAGCGCGGGCCACTTACATCAGACCAAACCGGTCGAACTCAGCTAGAGGGTTCACACCTTGAAAACTCCCCCGCGGAACATATTCACCAAAACGCGTAGCTGTTTGTCTGCGGCGCGCTCTATACTTCGACGTCGCGTAGCCGAAAAGCCAATTACTGCCCGACGCGTGGAGATTAAGACTCGCTTTCTCTCGAGTTTGGCGCAAGAGGACTACTG,1513,49.64,Escherichia coli
SEQ_661478,AGCCCCGGATCATCAGTTGTCCAAAAGTTCTCTTCATCTAACCTTAAGAAGAATCCAACTCTGGGACCGGCCCGCGCGGATGCACCCCTGATGCTAAAGAGAACAGTTG,109,51.38,Saccharomyces cerevisiae
SEQ_272745,AAGGAGGTAGAACGCGACCGCGGTCTATCGTTGACCCTCAAAAAATCGCAAACGTGATGTAGAAGATTGAAGGCAGTGAGAATTTGACCCGCTAGACGGCGTTGCACGACAAATAGTACTGCTCCTCTCCAGAGTGAGCTATGACCCTCTTGCGAAATGCGTGACTGCGGGGGACTACACATAGAGGACATTTATTATTCTTCTGAGGCCTCGAGTAGGCTAACACCTCCAAGGTGCGACCGCCGTGTGACCGGTGGCAACTACCGTAAGCAGTCAGCTTTATCCTGAAAGGTCTAGTATGTGTATGCGTTCGGCGGCTTCATGATCCAATGTATAAAGTTTACAATCCATGGTATTCGCTTCACCCCCGACGACTCTAGAGGCCGTACTTCCATTTTACAGTACATTAACAGCCTCCGGCGCTGCCATTATTTTTTCTCGACGTCCATGCGCAAGAAAACTGTACCAGGAGGCTTATGCACCACATTGCTAGGCCAACCGTTTTACGGCCACATCGAGAGCCGTGACCTGTAAGAGCCTTAGAGTTTCTGCCAACGATCTTGCATTTGGAGTAGGGGACAGCATTCATTCACCAACTAGGGAACTGTTTGCGACTCAGCATGGACTATATAGGTTTCGTATGAGTGCATACGATAGGCGAGCCAGACTGACTAACCGCAATCCCTATGAAACTAGCAAGCTCAGTGCCCCCCTGCTGTATGATGGAATCTACCTGTTCTCCAACATGGTATGGGCCGCGCACGCGCCTCGGATTCACTCTGCTGGAACAAACGGACTTTTCATGGCCCCTAAAACACGCGAGCTCGATTTATAGCTCAAGAAATAACACGTATAACGGATTGTGTGGCGAAGTCTGTTCGAGTCACAACACTTAGTGTACACAGTATGGAAACCGGAGGCTCCAGGATTACT,933,49.52,Arabidopsis thaliana
SEQ_933597,TGTAACAGGTCAACCTAACGTTTGAAACTTGAGAAGGGACCAATCTTTATGATCCTCCCAACTCGGGCCGACGCGCACAGATTCGCATTTGGCGAACTTTATGTCGGTGCGCGTCGCAATCGCACCGACTTACCTCTGCTCTTCGTCAGTGTCGTTTGTGTGCCACTTAGTACAACAGGTAAGATGCAATTTATTTGTCTGTGAATAGTTACCTCATGCTATGGCGGTCAAAAAGCACCGGTGCACCCACTGCTACTGTGGTGAAGTTTGTATATGCTAGGGAGGGGACACAGGGGCGGTCCACCCTAATTACATCCGGAACACTCATAACCTGGCATAACTGATTTTTGATTGTAACTTCGACTGTCAGCCTCGTCGATGGCATATGGGGGCGCCTGAGGTGCAGCATGGCCTCACCTGTTTTTCAGTTGATGCAGGTTCTACCGATCCAGGCGGAATCGCGCAGTGCTCCATTCGCGCACGGGCCGGAACATATGCACAATCATTCCACGATTTGTGAGAGTGCGCCGCGCGATATGTGCTTCGGTCATTTCGCCTATGGAGCCGCGCGGACTTAACTTTTTAATCGGCGATGAGGTTGCGTCGCTCCTCTTCCGTTTATTCTTAATATCACCAAAGCGAGCCCTTGACTTACTAACATCTTTTCACTAGTTCTGTCATCAGCTGCTGAGGGCCTCGCCTGATCGGAGGCTCCTCCTGACGCAGGCAATCTTAGGGTGAGCGTGTGGAGCTGACAGCCTCCTACGTAGAGACAGGTGTGAATTAGCGCCTAGGGACAATATGTCGGCGCGACCGCTACGAAGTTCGCCTAACCCAGCCACCGCGCGGATGCCTTTATGTTACCGCGAACGCAACGTACGTGAGGTGCTTACTGAACTCCCTACATCTGGCGCCTAACCATAATACGTCTACGGTCAGTTTCAGTGAGAACCCGCGAATGCAAGTGAGTCGAATGAAAAACCGACAACTCTGTCACACGTATTGAGCCGTCAAGCTGAAGCGCCATCGACACGGACGACACAATCAGCACAGGCTTTCCAAGGATGTGGCTGTTCGATTGCGTTATAATCGAGACCCAGGTTACCAAGGAGCTATAGCCCATGAACAAAAGTCTATGGGCAGATAATTAAGCCGTTCTCGCTGCGAGATGATTACATAGGGGCTAGTTTTAAAATCCTTGGCCATCGGTGGTGGTGACTCGCCTGTGGGCTCGGGCTACCAAACCCGCCAACTGCGCGGGCTATCGCTTAACTCCAGTACACCAGTTGTGCCGTCCCATTAAACATTTCCAAATCCTCCGAGTCCAAGACCCCAAAGTCGGTCCTTTTTATCGGCTGCCCTCGCTTATGTAGCTCAAGGCGCGGGATTGCTCGTGTCAACACTTCTCTTGCTCGCTGCAATATGATCGCGCCATAGTCGGTCTCAGAA,1449,51.9,Homo sapiens
SEQ_309607,GAAATATGGAATCCTGATTTTGGGCCCGGGCAGGCGTAGGTGTCTTACTCCGATTTACCGGGACTACACAACTGGGTGCTATTGCGGGTGAACGCGCAAGCTAAGTGATCCAAATTGAGGCTGTGAGCTAACAACCCAGCCCGTAGGTTCGTCAGCGTAGTCCATGGCCCGCACTTCACCGCAGATATATAAATAAACCGTCCACCCCAAGTTTGCCAACGAGCAAAAATGCTACCAGGTGTGATTTTTTGTATCAGCCGAGTGCGTACTATGACTCGTGACCGGATAACGGAATTAATGGTTTCTTCAATGCGCATGCAGTAAGGGTTGCCCACCACTACCTCGGGAGATCAAGATCTCCATGGTAGAGTTTATTGCATGCTAATGTGAGTGGGCACTAAAGCGATAGTTGAGGTTCTATGTAAGTAAAATATGTCGTCTAAATGCCTCTTCCAGTCTCTCTGCGACCTAAATAGCAGGGTGTTGTTCAGAGTTATCTATGGTGTGCAGACTCATTAACAGTTGAGGTTACGTCTGAGTCCCAGAGAACCTCACAACCTCCAGAATTGGCAGGGCGACTGCGATGGGCGACGGGCAAGATAAATGTAAAAGAACCAGCCTCCCCAACCCGGTTCGCAGTTAATTTAACCGATGATACCGGCGTTTATGGCTGTAGTTTCCAGAATTAACCTATCGCGCGCCACTTTCAGGACTAGGGTGACGTAACAGGAACGTGAATCAGCTTGCGTTACTTAATGTCAACGAGCATATTAAGTCTCGCCTACTCGACCGGTCCTGGCGTGGTCGACCAGTCGTTTTTAGTTCGTTACTAGAGTGGCTCGACCTGTATGCCGAAGCTACAGCTGATCCACTACAGGACTGCGGCCATCAGTGACGGCCCTATGGCGTGTCACGATAAACGTCCCAGCGAGTTTTATGATTGTTAACAGATGATCTTCCCACCAAGAATGGGGCCAATATGCAAGCTAGGTTATCGCCCACATACGCTGTATGATTATGCCTGTATCATGTGCAATACAAATACGATTCTTTTCATTTGTCGGGAATATGGGTGTCGGGAATCGTATTAGGCTGTCCCAGCGGCTAGCCGTTGCCGACCGGCTTCAACTCTGAATTCCTAGAACGGATCAAGTGTCGTCGTAGGGAAGCACAATAGAAACAGTTTGAAGCTGTTGTTGTTAAGGAGCCGCGCTCGGAGAAATGTCACTCTGGATAGTAACCACATACTTGGGACGAGTGCAACAGTTGAAACGAAAAGGTGTTTGTACATCATACACATTGCTCCGTCAATGCGCGGGGAATCAGCTGCCCCGTACCAATGTACACCCGAATAGTCTGGCACATTCATTATGCGTTCTTGCTCGTTATGAGTGTATCCGCAGAAGTTGATCATTGCAAAATCCTTGACACTCGATAACGTAAGAACTTAAAGATAATATGGCTATTGTCACGCAGAATCAACGCCATAATCCGATTGTGTGGAGTTTCGACATAAGCATTGTTGATCCCGGGGGTGTCGTGATGTATCATCATTGGTATATACCACCACCTACTATAAATTAAATTGTAATACTAAATAATTATATG,1608,46.89,Caenorhabditis elegans
SEQ_706099,CCGTACACAGCGACATACTTTCAAAAATATATCGACTTTGCGCGAGGGCCGATTGGGGTGAACTAGTGCATAGATGTTGGCTTTAGCATACCATTTCACGGGGTGCGGAGCGCCCCAACAAGGCCAACCTAGCAAAGCCCAGAAAGTAGTACCCTCACGCTAACCGGCAACCACCTGTCAATCCACGCACTGCAACACTTGGGCGCCCACTGGATTGATTGCATCTTAATTCATACGCCTTCGAGCCTCACCCTTATTCTATAGGCCGTGAGCCGACTCTACACAAGTGTGTGTCAAGAGCTCGCTATAATTATACACGCGGGCCCATTATCGGGCTGCGTTCTCCAATGTTGTATTTGCGAGCAGCCTTTCCGAGTACTCCACTTAACTTCAATGTACTAGAGCGCGCAAGTGCACCCGGCTTGCGAATGACGTTCTAGCACACTCTCGTCGCACGTTTTTCACCATTAGGGGGAATAGCCTATCAACGAGGTAATGCTCACTAGAGTGCGGTGTGACAAAGTGGAAGATCCAAGATTAACGTCTTACATCCTCGCTGATGAGCCTAGACACTAAAAGCAGTCGTCTTGCGGTCGCCGCAGGGCACGGTAATTCAATAAGGTGAACCTATCAGAGGGGAGGTGGCTTTAGAATACCTGACGGGAACCACCTGTAACTTGATAAGGTGCACGTCGTCTGATGGAAGACGATTGCAGGGCGTAGCTGGGCTCTCACTAGAGAGCTGTTGTCCCAGTCGAGGGTTGGTGATCCGAAAGGCCCATGAGGCAACCAGATCACCAAGTCGCCGGGGCTGTGTCCCCGATACCTATGAGGATGTAATCGCTTAGCCCAGGGCTTTCGTCGTGCAATGCTAATGGCTTCATGGGGCAGCGAATACCATCCCCGTCTCATACCCGACCAGGAGGACATAAGAAATTCCGTATATGAATCAGACGTTGACGGGAACTCAATGCATACAAACGAGGGTTGCTGGCTACCTCTCGGTTCGTTGCGCGTATCACGTATTCCACTCAGTCCCCGGCGCTGCGCCGTGCTGTTTTAATTTCGGTCGCTGTCTTCAAGATCTCCGGACCCCCCCTGGATCGTCAATACCGCGCACTTTGGCTATGTGGCCCTGACCTTCTCGCTATGGATCTTATATAGAGGCCAAACCGAGTTCCAGATTCCGTGAGGACCTCTTGCCCGATACTGTGGGTGTGGTCGCGATAGGCATTGCCGCTTAACCTATGCCTAATGGCTGTAGAAAGTTGTAAGCGTTTTTGCTACCGACGGGCGTCCGAATCATGGTCAAATCGATTACACGTAAGCGCAGTCCAGTCAATGCAACCTCGTATGCGCTATTGGCACTCGCTGTGTTGGTTGCTTAAATCATGATTTATGTGAGAAGATGTGTTCTCATAATGCGGTATCGTCTGCGTGAGACGACGCTTCCACAGCTCGCCGTGCAATGGTAAGAGCAATTCGTCATAAGCATAGCTTGCTATGCACCGGGATCGGCTAAGACTTTGCTATAGTATAGTTTCGTCGCGCTCTAGACGTTGATTAGCACGCCAATACTCGCGGCGCCGACTGTACCTTTAGGTTATGTTATAATACGGCTGACACCCGCCGGCTGATTGCGGCCAAACAACTAAATATTGTAAAGAAACGAATTTTGCTTGCGTGACACATCCCCACACTCGGGCGTTATACACTTTCAGTTATCCCGAAATGATCAGATCCCTAAACTTGTGCTTGCATCCTTGTTGGTACAGATGTCTGCAAGGATAGATAGGAAAGGCTTCACTACACGGTAGCGACATTCCCCCTACACCTTACGACCCTGTCCGCTCAGCTTCATGCAGCTACAGTCACAACATATGGAGGACTCGCCTCTGACTATAGGCTCCCCTGACCAACTCATTGGGACGAGCGCTGGGGGCGAGTGAACATGGCATATAGACAGCGCTTTTCATGCCGGCTAGTCACGCTGTC,1995,51.28,Mus musculus
SEQ_673588,CAAATGACATATGTACTACACGCCGAGCCATAATGTCCCCGTCATGGATTTCTTGTCACACGACGGTATAAAGAATAGGGCCCCCGCCACCGACGATGGTTTCGTGCGTCATGTGGGCTATCGATTAGGTTAGAACCATTGCGAATCGTCGAGGATTTACACGGGATGCTAAACAATTAATGCTACCCTATTGAAGGGAGGCGGATATGTCCAGAGGTGAAACGTAACGGTTAGAGACGTATACCCACACGGCGATGAAGGTCAGATTTATTAGATCAGTTGTACTCCTCTATGGACCACGGTTCTAATATGACCCAACCACGCATGCCAT,331,47.73,Caenorhabditis elegans
SEQ_793250,ACCAAAATCCCGATCAGCCTCGAGTGGTTTTGAAAACCTTTCACATTGTGTTTACTGAAAAATTCAGATTATACCCTCGCGGTAGGCCTGTGCGGTGCTCACTCGGGGCGCCCAGACCGGTATTCTGGAACCTATCCTGGTCGCGACAGGGCGACGTGGAACCCTTTGTGAATTACCTCCAGCCTAGTATGCACTGTTCATTGTGCAGCAAGAGAGGGTTTTCAACTCATAAACCTGGATCTAAGGCCTGTTAA,254,49.61,Arabidopsis thaliana
SEQ_585260,ACTGCCCCTTAGTCTTGTGTAAGTGATGCCGCAGGTAGCTCGTTTGACGGCGGCACTACGGCCCCACGTGATGCCTATTTCCACAATAACGACGCGTGGCGCGCTTTACAGCGGGTTGTCTTTCTTACAATCGAGTGCGCACACATGAAATCCATTACGTCAATCCAATAAAACATTGATCAGTAAGCTCTCCGAAAAAGGGAACTCTGGGAGTTGGCTTCCACACGGACGGATCCTATATGGCTTTTGAATGGTGGACATCATGGCTGGCATTTAAGAAGAAACATGGAAATTAGTCGCGAAGCGTTGCAGCATCACTGCGGCGTTCAACACAAGTTTCCTCACCTTACGCGCAACGGCTGTCGCGACCTCTCCAGGAAGGGCCTATCGGACCACCGTCCGCTACCTTCTGATATAACATCGGGTGTTTGCTAGAGTCTTACCGGACCGCCGTAAAGCCTACCTCGAATTTGAAAACGCTTCCCCGTCGCTGGTACGTATGCACGTCTTAGCGGCATAGGCGCATAAAGTTAACCTCAGGTACAGCAAACCAGAGTCCCGACAACTGAGAGAGAAAATCAGCATTCGATAGCGTAATACGCGCGGTAAGAAGCACGATTTTCGGAAAACAAGAGCAAACCATCACTAGAGAAAGGCTTTGCGACATCGAAACATGCTTTGCTTTGGCAGGCTTTTGCCTTCACCTAGCCATCTGGATCGCAGCGGCTGAATGACACCCCAGGAACTGACCTTTCCTGACGATCTCCAAGGCGCTCATCTTAGTAGTCGCAGATCATTGCCTAGGTAACCGCGCTCCTGACGCGCACTTCCCGTAATAGGTGTAGATCTATTGTTCTCCATGGCGAACGAAGAACCCATTCGTTTCTTCTCAGCGCGGCGACCCCTACCTCCTCAGCCAGGTGAGGGTCCACAGAACAATCCGTAGCTATGTTATCGGAACGTGATACGCAGGAGGCAAAAGTGCACCTCTAGGGTTCGGTCTTGACGACCAGTCGCTTGCAGTAACGTATTAACATTGCGTCAGGACATGTCACCCGCTGCGCTGTGTGCTCCGTGAGATGGGGCGAGACCACAATGAGCACCAGGCATACTGTCCTCCGTACTCGGATCCGTGCTTAACGACGTGGTCTAGATTATTCTTAGTCACAGTACTTAACAGAAACTAGTCCGCACGAGACTACACTGTACATGCTATCATAACCAACGTGTCTTGCTCCGAGTTCTTTGACTAAGTGTCTCGCCCATAACTAGGCAATATTGTCCTGAAGGCCATAAATTAGTTAA,1305,50.57,Mus musculus
SEQ_120032,CCATGAAGTTGTCCGTCTGAGCTATGACGCGAGAGGCAATTCGATTAGAGATTATGCGACAAAGAATGGATCTAGACTCGTCTGCCGGGTCGCACTAGAACTGAAGACGGTCCATGCCGGGTGAGAGGTCCTGGGGGAGTGACGTTCTTGTCCACGCCTGGAGTGCTTCATAAGTATTTTCGCTTATTATGTAACTTGATGTCGAGGCGAGGTCTGCCCGGAAATGATGATAATTGGAAGTCGTCGACGTAGCCAGCTTACGCTGTAGAGGACGAATGGCAGCGACTAAGTTTCATCTTAATAAACGACTGCCAGGCCGGCAACCGACGCTCCCCCGTGAGAGCCTTCTCCCGAGGGCTCTCAATCGTCGCGCTTACAACCTCCCCTTCTACAGTCACCAGTGGCGTGTGGAGTGTTGCCAATCGACGACCACCCTAATTCGACTTCGATTTCACCATCTCTACATCTGACGCTCGGGGGACGATGGGGTGGGGCGAGACATTAGATAATTCCATCGTCCG,521,53.17,Arabidopsis thaliana
SEQ_945668,ACTGTAGGGCACGATGGGGTGTCACGCGTCAAGAGTGCACTATCAAACAGGTCCAAAATCAGACTGCTGTAGGAGCCCACTATGTTATCTTTCTGAATTGATTTAGCGTGCGTGTAAGTGGAGTATGTCGGCCCACCATAGCTGTGTGCCGACCTTCGGGGTTCACTCTTATGATGGTATTCCAGCGATGCGTGCCACAAGGGTTTTTAGAGGTAGTAATATGGAGAACCGCAACCGTCAGAGCTACAGGTTCACGCGTAAGATGCTCATGAACGAACACTGTAGGCTTCGAGATGACGTGATGCGATGTGTTTTACTCATGTGTGTGTTTTGGCATAATCCTTGGAGGAGCTCGTTCGTTTGTTACTTTTCCTAGAACCCCAAAACGCAATAGGGCTGTCCTAGTATTCAAAAATTTTAGGGCTGCCCAACAGCAATCACTGGGTCCGTTACGTTTGGATATAATCGTCCAGGGCAGAGCGAATTCTGTAAATGCAACTCCCTAAGACAATGAGAGGAAGAGCTACACGAGACACCCAGGGGAGCCGATGGCCGTGAACCTCAACCCTGAACCAGGTCGCAACGAAGGACGTAACTTATTGACCTTTGACAGCGAAATAAGATAAAATCGTTTGGTGAGTGCTAGTACTAGCTACAAAACGAAAATATCGGAACAGCATGCCATTAAAATAGAAATCCTTCAAAGGTGTCTCGGCGAGATGTAAGATAAATGTGCGTGTAATAGTGTCGTGTCAATGGCGGACTTACTAAACGAGGACGCGACGTGCATGCCTCTAATCGTATCGTACGAGGCTCCCCACGTTACACGGCCAGAATCCTCCCCTTGGCGGGTGGGAGGTCGTTTTTTGTCTCAACCCGATTAGAGCTCCGGCCGTCCGGCGGTTCGTCACGAGATGAAGGTCGTAATTCACCCCCTGGAGGCGAGTATGGGACGGCGGCCTATGATATCCTGAGGCCGCCCGGTACATGTCGGAAAACTACGAGCTGTGACTCACGGTGGGGGGGACCAATACCAG,1037,49.95,Escherichia coli
SEQ_869234,CTGGTTTGAAGAGACGAACAAACCCGGTAGCTCCCACAGCCTTACGCGCGCATGCTATGCAGTTTAATCGGACTTGCCATTCCTGATGTAAATGATTGTGATATTCTTGGATATCGGGGTCAGTATATGCTCACGAAACAATTCGCTCTTCAAAAGCTAAGCTCCTCCCGAAGTACGATGTAGTACGGGTCAGTCAGCAACCCCTCTCAATTGAGTAATTCACACCCCGATAGCTGGTTTGCGTGCCATTATCCATAAGAGAGAGTAACTTGCCACTGCGGCCTACACAATGTCCGGATAGGCCGCCGACCATCTGTAGACCTTCTGTCTAGCCCTATATTGTCTCTTGACTAGGTTCACTCATTGCAAAGGAATCCCACCAGGCAGCCTGAGTAAATACCTACCCCAACTATCTGTTCTCCTATCGGTAACTGAAAAGAATGACTCCCGCCAGTGGCGGCCTAGACGAGATTGGCTCTGTTTGAGTATGTCGATGGGAAGAACGACGCGCTTTCGTGTAAAACGTCCGAGCTCGTTTCTAGGTGACGGCGGTTGCTAGCTAGTAGAGTAGGGCAACAGCGGGCGGCGGTTCTGCATGGTTCTAAACCGGGATTCGTTGAAAAAAAGGACACTCCTTAAAACTCTTTTTATCACCAGAGGGGGGGTCAAACCAGGTAAAGTTATCGAAAGAGGAATGCTAGAGCTACACGAGCTTTAAGTCGTGCTATGGAGTGAAATTAAGAACACACCTGAAGGGTCATGCAGTACTAAGTGGATAAGTGGTGCGATAGGGTTGCAATTGCGAAAGTCGCGAGCTCGTCGGATTATATTGCTGGGCCGCATCTCCCTAGTGACGGGTTAAAAGCATGATTGGTTTAAAAGAAGGGGATCAGCGCTAAGGCTCACTGAGTGAGGGGACGAGGTACTGGCGAAACAACTGTTTCCTCTTGGGTCGAACTTTATTCAGGCCGGGTCGCAAGAAGCTAACAAGCTATCATTTCTGGTCCACGCGCTGCCCCAATAAGTGACTATAAAGGAGATAGCAACTATGTGGGTGTGAACATCACCTGTGACTCCAGCCACACAAGTACCTAAAGATCATACTACGTCCCAATGAAGTGTACCAATGTGGTCGCAAGGCTGTAGAGTGGGGTGACCTGAACGGCGGATTGGCATTACTTAATATACTATGCGCCGCCAAAAGTCGATCTGCTGGGCGGACGCAAGTCAGGAGTCAGGTATTACACTGGTTCTTCCGTAGATCTGGGATTAGGTGAGATCTGCGCCGAACCTTGATTTGGGGCCCTACATTCAGTAAAACCACTCGGTACGTGACGAGTTACGTCTGACAATTGGACCGGTATGACCGTATACTATGATTGACGGATACTGCTGACCACGGGCGAGTTCGAGTGCTATGAGTGGAGGTTGGAAACTAATTGTTCCGGGTTCCCGCACGCATCCCTGTGATTACCCACCCGGTTGATCTCTAATAGTCTTACTTTACATTGAGGCGAGCGCGATACCGTGCCGCCCTCGCACAAGTCCCCTAACTTTCGCAATCTAAGCGTCCTGGCACAAAGTAACGGACCCAAATAGGTGCTCAGTAATTTACCCTGTGAGACCAAGATATCGGGTTTATAGTAAGGGCTCCTATGGTGTCCTCTCGCCGGAAACCGACATGTAGAGATAAGAGCCCCTTCAACGTCCGCGGCGTGCTCGACGGAGCACACAGTTGCATGT,1743,49.74,Arabidopsis thaliana
SEQ_139208,TAATAGATCATAAGGGTGAACATACTCTTAAGTATCATGGGTCTTGGAGGCACACCAACCGAAAGTCATTCTGGACCTTATACTATGTTCGAAAGCGTCATATTTACTGTGGCTTGACCAGTTAGTCCTACAGCGTTGCTGGCATCGCGTTACTTTAGTCCAAAACCCATTAGATTGGCCGGCCATCATTTATAGAAAGCTCGCGCCGTCGAGCCCGTACATATAAGATGAAGGATCTCCAGATATTATTTAGAGACGCCGCGTGGTCGGATGTTTGTACTCGCCACTTGCTCTACCTCGGCCCACGCAGTAGTGTTGCAAACCTGAAGCGGGAAGATGCTTCATAAGAGGCTAGCGTCCTTAGGGCCACCTCTAGACCTTACAACCACCATTCGTAACTAATCTATTCAATAGATAGAAATTAGGTCGTTGCGGTCAGCTTAAACGGGCAACTCACATTATGGCACAATGGTTCTCAGGTGTCCTGATCAGGTGTTGGTGGTAGTCTTGTCTTCACACACCGAGCCCAAGGGACGAGGCTCATCATCGCTAGCGGGTAGTGCATCGTTTGCAGTGGTTTTGGTCCAGAGGTCATAAACAAGCATGGCTTCACTCACTATTTCTAAAAATATGCCAGACCTGAGAGTATTACGACCAAGTTAAAATTGCATCGCTTATCCCTAGTGGCGCTGCGCAGCCAAGAATGTCTCCAGTATCTTATAACTACGGTATAATAGGGCGCACATTGTGAATTCTGGTCATTTCGTTGTCGGTGCCCCTGGTTAGGCACTCTAGGCGATTCCGACCCCGAAACAAGCGGCCACGTTAATGAGAACGCTCCGAAGAGGTGTCATGTCCGATAGTGTTCATGTTTTAACCATCGATTATAGATACATACGAACTCCGCTCTCCGGTGAGAGAACTCAAAATTACACGCCACATAACCTCCTGAATTAGACGTGAAAAGG,968,47.0,Drosophila melanogaster
SEQ_297486,ATAGCGCTCCGAACTGGGGTCCGAATGACGCCGACTCATCGTTTTATCAGGGATCGGGATCAAAGCATCCGACGTCGTTCCGAAAGTAACTTATACCGTGATGACCGACAACCAATATAGTTAGATAATCCTCGGTTGATCGAAGTAATAATTGTCCGCGCGACTTGAGGATGCGTAGGGCGACTCGGTTAAGCTAGCCCTATGTCGCCCCCATTCTATACCAAGAGATTCTAACGGCGACTGCAATTCCGTACAAGTGTCGATAGCGAGAAAGCACAATCGGAGGGGATTTACCACATTCTGAATTGTGACCTAGATCTACTAATCATGAGGACTAGTCGCGCCATGTATGG,353,48.44,Arabidopsis thaliana
SEQ_241064,TAGCGACCATCAATCACACCATGCTGGTAGTGTATCTGAAGCTACAACGGAAGTTCAGGTGATTTTCGTAGTGCGTTAATTCCATCGCGTTGGAATATGGCGGAGTAACCGCTAAAGGAGACGGAGCTCGCTGTCGCCCCTTCAATCTGATGCTCCCAACGCAATAAGTTAATAGTCCGAAGGCACCGTCCTGTGCAAGGCCGAACAACCCTATTTAGTTCGATTCCGCCAGTGTCTTTTACGAATGCCGTGCTGCGCTACGGTAACAAATTATCTCATCGTGCAAAAGTTATTGTTATGAAGCAGCGACTAGAATCAGTAGCTCTTCTGGTGACATTCATAGGCAGAGTCCAGACGGGTGCGCAAGGTCCCATCTCCTCTTATTGTGGGCACCCTCTAGTCACTTATCTCCAACGTACCACTTCTTATGGCTCAATTAGATAAGCAGGAGAAGAATAGGTAAAGTCTTCCGTAACTTCCATGCGCCCGCCAAAATACCATCATCGTTGGGTAGCGCAGATCAGGCGAGGGTTAGAGAACAACTTCAGAGAATCCAATTTCTTGCGCTGCACGATATGGTCCGATTAACCTCGTCAGCGGGCGAGTCAATCCATTCGGTCCCAGACATTCTAGGGTGAGCCTCCGGTTAACCGCCATCCTATTACAGGCTAGTAAACAGGTGATGGTAATGATTTCAAAACTGTGGTGTATTGCGGTCTTGGCGAGGATGGTGCGTACGAGCAAGCCCACTTAGCAAACAGTTGGAGGTTGACCTGGTTCACGGGCTAGAGCCCTTTGCCCACGTACGGGGGCCCAGTCGCGCAGGGGGACCCTCGTATTATTGCCAGCGACCTGGATACGTAACGCAAGATTTTGTAATCTGGCGGTAATTCGCAACCACGTGTCTATCAGGTTAAAATCTGTATAGGTTACACACAGGAGAGTCACGCAGCGCCTGTGTGTCATCGCGGAGCGACTTAGACGACCTAATGATAGGGGTATCAGACTGTCATAGTACTCAGTAGGCAGGCTTCTCATCTCCAAGCGCGTGAATCTGGCGGCAGCTCTCTATTGAGAACTCGGCGAGCCCTTCGGTCGTTATCTTATCAGCAGCTTACACAATTCATCATGAGTGCGCTGTGTACTAAACCATAGCGTAGACTAAGATTAAGGATGATGACTGAATTGGGTTAACCGTGAAGACTATTTAAGTTTTGAAATGATACGGTAAAAGCCCTCCTCATAGGGGCAGTCGTCAGGTATCGAACAGCGGGTCGGAAAAAGTGGTTCTTCCAAACAGACGTCTTAAAGTCCAGATTACCCCCCAGAAGTGTCCCGAATGGATTCTGTACAAAGTAAGGTGGGGTTAGTGTAGGGGTTTTTAATCCCGTTAGTTTGATTAGGTCATTAAGCCCGTACCGAGACCGCGTCCCTGATGTTACATAAACGCCGGGTATGGGCGGTCGACGAACCTGCTCGATCGGCATGCTAACGTACTTGGGACATGATAATACCATTAGTATTGCCCAATGACGTGGGAAGCCATCAAGCCTACTGCCTTTGTAACCATCCGACAATTAGATTGTATTTCGCGTCCCGAAGCCCATGGTCCGAACAACGTACACTTGGCGTCCTTCTTCCTGAAACATTGGCGGTTTCCATCCTGCCATAGATCTTTACGGCTCGGTTGAGGATGTTGTGACATTGCGAAACCGCCGGACACAGTCAATTGACTGTCAGGCGCGTGAGTCGTCACGCGCATACGTTCCTAATTTTTCCTCTGATTTGGTTCGCCAGTATTGGATTGCCCGCGGACAAATCTAAATCCCTGAGCAGTGTGTTGACTACCTACCCCCAACGCGATTACAGGCTAATAGCGCCATCTTACGGCGGAGACCTGGAGCCCATAGACGGGTAAGATTCTGATAATTCACGTGCATGTCTCTATGTGGTGTCAATCT,1961,49.31,Caenorhabditis elegans
SEQ_167337,GCCAATATGCTCGTTGTGTCCATACGATGATCTCAGGATTTTATTGCAAGAGCCACACGAATGGAATAGTTGGGCCTGGGAGCCACCTTCAATTCCCGCGAAGCGTATAGCCCTTGACGGCGGTATGGAAGTACTCTCGTAGCAG,145,51.03,Drosophila melanogaster
SEQ_708350,CTTTGTGTCGCACTCCAACTAGGGGTGTCTCTAGCGTAGGAAGAGAGGGCCACTGATAACGTTCCATTCACGTCATCTTCCCAGGTCTCTGAGGCTGAGCTTTTGTTAGATGACACAAGGACCTATGCGTCCAAGTCTGTCCCAATTACACATAACTGGACGGTATAGGCCGGGCGTG,178,51.69,Homo sapiens
SEQ_381986,TGGTACGTTGCTGGCTCAAGTTTATGTACCTTAGAGACACGATAGTTCTAATCACGAGACCAAAGATTCGGCCGTGGTGGGTTAGCCAAGGTGGCCTCTGTCCTAGAAGTACATGCGGGGGCCCTAGGCCTCAAACGGCGACTGCCGGCTTGTTACCAAGCACCGCGTGGTATAAGCTTCTATCCCGAAACTGAAGGGTTCCAATATAATGGGGTGTCTATCTCACTGCAATTACGAGCCGCACGACAGGAAACCCATGGTTTCACGCGATTTCCGCGGCACAGGCCCGCCAACCGCTATGGACTCCTATGACGACAAAAGCTGTACCTTTTAGATGAAGCCAGGCACAATGTTCCTGTCGAAGCGACTCGCCCTGGAGATCATAGCCATTATCAGTGCGGTGCATTCACTCAAAAACTGGCTAGAGTAGCCTAGATCGGGGTTCGGAATAAAAGCACAAGTGCCAACCTCGATTGCACGACTACAGAAGTTAATGCTGCCAACAGTTATCTATACGACTACCAAGAATCAGTCGTAGGGACGGGGGGACACTACTAGATTCAGCTCGACGTAGCGTACTCGCACGAGCATGTATCGCTTGCGGCCATGAGAAGGCTGTCCGTGCAAACGCGCAGCCTCACCGGTGAGTACGGTTAGCTGCGCCTGTACATAGAAGATCCGGACGGATGTTTCGGCTAGGTATCGTTTATCTGTCTACGACTGGGTCATCCCTCAATACGACATGGACGACAGCTACCAAAGTAAGTTAACCGTCCCGTTCGGCAGGGATTAAAAAGAGGCGCAACATAGTGGTCGCTTAATAGCTACTGTGCATGCTGACTGTTTCAGCTTTCCTATAATATGGGAGGCATGCGACACAAAGGCAGCCCTGAGTAGGGGGAGGGTCTGTCAATTACATTCGTTTGCGCTTTAAACCGGAAGTCCCGGGCTTCGGACGAGCTCAGCGATTGGGATGTTGTTCCGGTGCCTATAGGCTGAGAGATAAAAAAAGTCACCCTACGGAATGTGATAACGATGGCATGTCTGCTTCGGTCTAGTAGATCTGGTATCTCCGAATGAGTATAGGTCTGGTCTCATGAGTCTCCAATGAGCACGTGCTTTTCTGCACTCTAGAGCCTACTCCATTGAGGGGGCTGGCCTTTTGGGGTTGACGTTGAGCAGAGAAACCTACCTCTTGAACACCCGGCTGGAAACGCGCTAGGAACACCTTGTTAAAACGGGCTGCCAGTCCATGACCATGGAAAACGCCGCGTAGGATGCACCGTACGCCGGATAACCTCTGATGACTGGATGGCACTTGAACGGCGCCTTCTGGGAATTCGAATTCTGAATGAGTGCGCGACCCATTTGAGTGGCAGAAATCTTCTACAGATC,1395,51.54,Escherichia coli
SEQ_761693,GCCACGGACTTTCTGGGGGTAGCGCGGTGAGTTGGCATGAACTCGGCAAAATTCTCGCGGACGCCGCTTGTACAGTGGGTAGCGGCTAAATATTCTGATGCGCCCGTTCTTGCTGCATGAGAAGCCTAAGTCAGGCGCAGGGGTGACATCTTGTTCACTTACAGTGCTATGGCCGCTGTCGCTCCTGGACTATGCTC,197,56.35,Saccharomyces cerevisiae
SEQ_634096,TTGTAAATAGGCCAGGTTAATGTTCTGGGACGTGCTGCATAGACAGTTGATGATCATCACCCCGCCGCAGGGAATACACCTGTAACGGCTCACGTTCGCAGACTCCCTTTCTGGAACAAATTCTCATGGCAGGTAGATCGCGATCTTAGATTCTGGGAGGGGGCCATATCAGCGTCACCATCAAATTTGAATAGCGCCCTAATACGCTTCGAGGACAGACTTACTAGGTGCGAGACAACGAGCCAGATTAGATTGGGTGGCGGTAGGAGCCCGTGAAGGGGCCCCCGTACGGCACGGTTGATTCCGTAAGTGAAAGATGCAGCCTGTGCCAGATTGACCGTCAATAGAAAGAGCAAACAAACTTGTCTTACCAATCTACTTGAAGGTGCCTAGTGCTCGGGCCGAAACTTCTTAATTTCGCCGATAAAAAATAAGCTTTCTCGCGGCGTCGCTCACCCTGACAGGTCTTCTTTAACTAAACAAAACACCACTAGACAATATCTGGATATGATACTTTTGTTTCAAAGTAGGCCACATCTTCAACCAGTTTTCGTAGAGTAATCCAGTGTGAGGTCGCTTGCTGATATCGGCCCGAGTTAAACCAGGAATGATCTAGCATCCACTTAATCGATCGCCTAGATATGGTCGAACGACAAGTGACAGGGCGTTTGTCAGACAGCGTCTCCTACATATCTCAAGTAGCTAATGTTTTAGTGCAATTCTTATTGTGCTCGGCAAATCACAGACGCCAATAGCCAGACGGCCAAACAATACATGTCGACGACGCTCGCAGGCAAATAGAATACCACAGATTAGTAGAAGCTGCGCACTGCGACGGCCGGTAAAAACTGTCATCACGGTGTCTTATTGGGGTAATTCGAGAGAAAGCTGATCGATCAGCAGGATCGGGTCTTTTGAAACCTCCCGGTACGACCAGATGTCCATGGCCTTTGTTGTTCATACGAACCTTGATAGACCGCCGATGCTTTACCGAGTTCACGCTGGACGCAAAGCGGCGCAGAAAGCCTATGACAATCACTTGAGACATCCGTCAGGCGGCAGACTGCACATATCGACTCCTTTGCCGGACACTCCGGAATGTGGATTAGAGTATTGCTGTAACCCTAAAGGGCGTCGTGAATGATCCGAAAATCAGGGGATAACTAGCCTGTGATGGGGCGCAGTGGGGCGGATAAAATGCTTGTCTGTTATTTTCATGACATGTACGTCCGCGCACACTCGAGACTTTCCCATGATATAGCCTTGCTGAGGACTGGGTAATTTTAGTATCTCTGCAGTAATGTGTTGAGAATGTAACCCGTCACGCATCCGTGTGTGTCCTCATTGAAAATTACCGTGACATCCTTGTTAATAGACAGATTTGCCTACGTCTAACTCAATGTCGTATTAGCCCCAGTGCCGGCATTCGGCAGCTTGTCTAGTCGCGCCCAGGCATAAGCGACATAGTGGCTAAGTGTAGGGCATTCGGGAATACCCGCTGATCTTGCCCACAAAAACGTGGGTTTCTGTTATTGACAGAGAATGGTGTCGCTGCTGCTTGCCGCGAGTTTTCTGGACGGCTCAGACCAAATACGTGACCACCGTAATACACCTATTCCAATCTTGTTCGGACTTGGATGGAACTAT,1647,48.57,Mus musculus
SEQ_434519,TAATTTCTGACCTAACATACGGATGGCTTAAGTTAGATGGCTGCCGGCGTAAATGTCGAGGCATTAACCTTATTCGAGCTGATAAGCGGAATTTGGTCTAGGCGGACCCGACCACTAACTTGTTAAATCTTCCAGTGTCATGTCGAGTGTGAGAATTGGAGGGGAGATGTTGATCACGTCCACGCTAAAACCAGATAATTGGCGCTGAGAACGGACACATAACACGAAGGTA,232,46.12,Escherichia coli
SEQ_887041,GAAAATGAGGAGGCCGTAAAGACTATCACAACATATAGAGCTGGTCGAGGTTGACCACACAGTTCACAGTTCCTATATCTACTTCTCTTATACGCGGCTTGCTATACGTTTATAACAATTTTATCCTAAGATCCACCTGCCTAGTTGAACTGGCGGACGCGGGGAAAGAGTCTGTTGGATAAGATAGATAACGATGAAGCGCTTCGTTCGCATATAATGAAAAAAAACTTTTTGTGCGCGCCTTCGGGCCTAGCCAGAAAATGCGCATAGCGTCTTCACAAGACATATGGTTCCCACACAGAACGTTAGTTACTTTCTGCTGCACTTAGGTAGAAGCCCCCCCACTATTCGGTGCACTTGTGTAACGTGCGAAGATTGCAGTCTTCTTTGGTAGCCCGTCCTCGTTTGCAAGTGTCGCCGTACAACCAGAAGATCGATTCACAACTGAAAGAAATTCTCATAAGACAGCCCAGTCAACTTCGCCAGACTGGGGGTAATATTGCGGTTATGGAAGCTCGAAAAACTCATAGTCGCGCAGACGAAGAGGATCAGACAGGCAAGTGGCCCACGGGACACCTACGCTGGGATTGGCATATAGCTACTGCGAGTTAGAGAAGTCTTTATGAATTGTTTGAAGGGTATAGTGTAGGGTCTTAGTTTGGTGGGCAGTAAGGAGTAATGCATTCCTTATGCTATGTTAGAACCATTGTCAGTAATTATCCTGTGGCCGTTACGATCGTGAAGTAGGAACACTTGATCTGACCACCCGGAACCTCCATTGAAATGTAGGTAGGCAGGCTTGGCTAAGTAACATTTGACCCTTCGCTCGTAGTCGGGTTATTAGAGCTGGGGGTGAGGAGGATTATGTCGTGTGCGGGGAACGCTCTCTATTCATTCTCGGTCAAGCTCCCATGTAAGGAGGGATCAGTCTGGTTCATCCCAAGGGTTCTTTGCCTGTTTACTCGCTCTAAATTCAAACAAATTCCTGTACGTAGAGAGGCATGTGCTTGGGCGCGCATAGGCTGACCGGCGTGCCATCGGGACGTCATAAAGATCGTCCATGACTGCATCGATAGGTAAACGTGTCTTAAGTAGGGTAACGCCTTCCTCAAAGATCTGATAATGCACCTGTTGCGCGTGCCATCGTGATTGCCCTTAAGTTCAGAACGCACAAAGAGTGGCCGCCACGGCCTACGTCATGCGAGTTGCTCGGTCCGTTGAGAACTGAGGTGGACGCTAGAATGTGTACTATACATCCACCCGATCTTCCTTACTTTCATTAAACGGAGGGTCCTGACTGAAGGAGTTGCAACAAAAAAGTGATGTGATATTAGCGACAATCTTCCTCAAGTCCTCAGGTTCGCCCATAAAGATCGACAAATGGCTGGCCTTCGGTAGATAGCCCATAGATCTTACCACTCACCCGTACGTCGTTCTTTAAATATGATAGAGGATTGTATCATTGCCTTAT,1471,47.31,Saccharomyces cerevisiae
SEQ_251005,CTCGGAGATTTGATTGTAATCCATCTGTGGAGCACTAATTAGCTCCTACCAGAGGCTCACAATATGCTAATCGGTGGCAGCGGGTTACTTAGTAGGGTCGACCGGGGTACGTGGTTGGATGGGAGCATAGGGGTATACTGAAAGTACAGTTGAAAGTTATAAGAGCACCGCGAGGCAGCAGATTTGCGCTCAGTTAGAAAAACCATTTCGGCCAGGTATGTAAGACGCCTAATGCGTTGGATAGTTTGAACATGGCAGTATTGGGTCAAGACAAAACGGCGTCAAGAAGGCTAAGCCCCCCTTTGGCGCAACCTGGTGTTCATAGGCGAGTAGCCCATATTCGCAGAAAATTTGACCATATAAAACCTATTTTAGGTATAATAGGTGTAATATCACTATCACACTGTCATTTTCCTCAAGGCGCCACCTCCAACAGTGCAACAATCCGAGACACGATGTAAAGGTAGTCTGCAGCTAAAGATGAATGTTATAAACTCTTCGACAATCATCGTCCGTCCATTGCGCTGCTTTCTCCCTGCCCATTTCGTCTTTCCTGGTTTTCAACCTAGAATAGCAGCGCCTATGATCTCAATAAATCCCTCTCGAGTCAATAGTGGGATCTGCGTTAGAAGCTCGAACCGTATCGGATGGGCTGCGGCGAGTTGCGCCGGCAGACATGGTGTGTGGGCGTAGGGAAGCTCCGGTCGCCTTCAAGTCTCATTGGTTTATTCGCCCTTAAACGCCTCGTCTTGCATGCAGACCAATTGCCTAAATAGGAACTAATTTTTATACTTATTGCCCTTACAAGAACCGTACCACACGGGAAACTAAAGTACTAGGTTAACGTATGTTCTAACTTAGAAAGGAAATGGAATGGCAACTTAAGCCAAGGGATTCGGGGAATGGTACCTCAGCGCCCGGTGGCCGGGGGGAGGGCCTTTGCCGGACGTCGACGTAACGGTTAATCATCAGGATGGAGCGGAATACCGTTGCCCTAGCCGAAACATCAGTGCATTGGACGCCGGGGGTGTTAAGATGAGTTACGACCCGCTTCATGTTGCGCATCTAGCCCCTGTGCTGTCTTGACGCTTATTTGTGTCTACTGGTGTCCTCATACTACCTTGTCTTTAATCCTAACAATTAAGGCTATAAGGGTAGCGTACGTTGCTGACCTAAGGATTACGCGCCAGCGGGAAGGCCTCCACGCGAGGAATGAGGGAGGAGTGCTGGTGAGTAAAGCGGCCTACAGATCGTTCACAAAGACATGCATCTGTCTTTGTCCCTAGATCTTTGTGAGTCAATTTTAATCCAAGTTATACGCGATAGAATCAGCCGTGAAGATACCAGAAGCACTTAGCGAGTTGTGCAACGAAATGTCGAGACAAATCCCATA,1393,48.17,Homo sapiens
SEQ_598593,ACGGAACCGGCAACACCGGAGACACTGGCGCTCGATACCGTGCGGCTAAGTGGAGCGTGGCATCCGAGCCTCTTGCGCGATACTTTTACGTCCGCGCAGAGAGTCCCCAACACTGCTTGGGTGTGGGATTATTACCGATCACCGTATTAGCCTCAGCACCAGCTCTCAACCACACCTTTCTGGCTACAAGCGGATAAAACTTACGTAAGACTCGCTTCCTAAAAACATCCATTTCGCGATTGCCGCCAAATTAGCACAGTTCATGGCTCCTGTTCTGACGTCCATATTATTTGTGCTTCGGGGTGGAGGGTGCGAAGTTTAAAGTAGATAGAAGCTTCTTGTCAACAGCATGCGTGGATCGCGCTGACTTAGATAATGGTTCCGACCAAGATGTTCTGAGTGGG,404,51.49,Arabidopsis thaliana
SEQ_759520,GCGGCTTTACCCCTACTGTAATTAACACAGTTAAAGTAAACAAGGAAGGTGGCACTATTAAACGGGCCATATGTAACCGACGTGGTGAACAACGCGTTTAAGACCGCGGCAACATGCTTAGTGACCGGGTGACCTATAGGTGTATGTCAATGGAGACTTGATGCTAGGATCTGTCATCATCAGACAGTTCTGCACCCTAGTTCGTAAGGGAAAGAAAAGGAAATTTTTGCGCCTATTGGAAGCGGCACGGCATAAGAGAGTTTGTCGGCCTGCAAAGACGAGTCTCGGGCCGGGAGAGTTTCAGCGGTTCTATTGCCTAGTTTAGAACCTCCAATTCTACTTCCAAGTCGACATTTAATCTTACGTCGGATCGGGTCCGTTTATGCCCGGTTAGGGTGAGACGTAATTTGGACCACTCGTGTCATAAACTCAATTCAACAGGTAACCCAGCCCGACCTGCGCGTGCACTTAAAAGAAGTAGAAAAGACCATCTGTGATCTTTCCAAACCAACGATGTGCACTTGAAATCAGATTACCGATTAAGACCTATTACAGCAACCGCCTACGTTTTTTGCCAAGTTCGATAGGACCAAGGGAGTCGATACAAAACACGGTGCGGCTGACGTATAATTCCGGAGAGTCGGTACCCAACTGGTCGTAGAAACGTCCATGATCATGTAGCCAGACATTCGAGTTTCGTAGAGCCAACTCATTATCAATCGAGAGTTTCAGTCCGGCTCGGGCAGTAGCTTAAGTGAGTTAGATAAACGCCTAACGCTTCGAAGGACCTTTACCTGTCGCGACGTTCCACCTCGCGCTCCAGGAGCTTTCCTAAAAACGGTCGCCGCTTCTTTCTGTTGAGTCATCCGCGTTCCCGACGGATGGTGGGTTGCTTGCGTAGACGTATCTTCCTGGTAGAGATTTCTGCACTAGAGACTTGATCACAAAAGGCGGAGTTCATGCGACCCGATACCAAAAGCGTGTCCGCACCAAGAACCCTTCTTGCAAGTTTGCTAAGGTCCGTGGGGAATTCTCTTGTCCCTCAAGTGCTGATCTGAAGGACGTACTCGGATTTCCTTCGGATTGGCAGCTTATGTGATGTCCGAGCCAT,1111,48.69,Drosophila melanogaster
SEQ_340377,CGGTGCGAATCAGAGGTGCGCAATGAGTTAGGTGGCTACCGACAGGGCCGGCATCCCTATGAGCATTGAGCAAAACCGGATTCGCAGATCCGGATAAACCCACCGCAAGTTTGTTTTAGTGTCTTACTTAGCAAAAGTACCTAAGCCTGTGGCCCTGAACCTTTTGATTGAACAGACGGGTGAACCCATCAGTAGATAGGGAAAGGACACCCCGAAAGCCATAAGGGGTACGTAGCGGTTATCAATGTCCCGAAGTAAGATCCGAGCTCCATTTAACGGAAGTCTACCGTTTTGAGGGGCTGTAGTATTCTGCGTAGATCACAGCTGCCCGGATACATGAGTCGTCTCATTAGTAAGCAGTCGAAAGACGGATAGTCACCCCCAGGTCCTTAACCCTCCCACTACCTTCTAAGAGGGACATTAATGACGTAAACGCACCAGGAGGGTTATGGTACGAAAGGTACAGCGGAGAGACGGACAGTCATTAGTAATGAACAAATGTGGAGTTAGGTGAGTTTGGTGGAACAAGGGATTCTGTAGTAAACTTCTGGTGGTCGGATCGGGTATATTGTGGCGGTACACTCAAAACATGAGGGAGCACTCGCTTTTTAACTGTACTGCTATAGCCATTGAGCGTTCATACACACGCTACTTGATAGCTCTTACTGATGTGTCGAACATTAGCTGCAAATCTATCAGTGGTCGGCATCATGGAAACCCGTCGTCAGTGTGATTGGCAATACAGAGGACCCTGAAGGCACGGTGGCAGCGCACCTGATTCGCGTCGTAAGAGAATGTGTGGGTAAAGCCTACGAATCTCTTTATTCAGCTACACTAATGTACGCCAGACTGCCAGCTACTTCTGGTACGCCCTCACAGGAGAAAACGGTCCCTCGGATTCTCATATGTGATTCCCATTAACGTGATTGAAGGCTCCTTGCGAACAATAGTCCCTTTCCACCGATAAATCTGAGTGAGGACTGACACCCGTAAGGAGAGACTAGGGCATATTCACTAATAGCTTGACTTCAGACTGCAAGCTATTCTCCGGGGCTTCAGGCCAATTCGTGAAGTCCACGTAGGTAGTTACCTGGGGGAACTTGGCGCCGTAGAAGACATATCTAATCTGTTCCGATATAGACGGACTCTACTTGGATCGGCGTTGTCCAGCGGACTACTACTACGAAAGTGCCGGACCTAGATAG,1205,48.96,Caenorhabditis elegans
SEQ_582440,CTGACATCCGGTGGAGCGTGTTGCGGCCTAGCCGAAGCCTCAGCTACGAGTCAGTGATACCTTTTAATGTCCTGACGACTCTCGTCAAACATGCAGACGATTGTGACATGACTACTGCGTGCACGGGCCACCTAACCCGGTTATTACTAGGCGTCGTGGGGCGCTCCGGATTGAACTGTGAATCCTGGAGTCCTATGTAGGGAAATGAAAATATGACCTATAGCTGTGTGAGCTTCACAGTGCATAGAGGATATGGACGGGACTGCGGAGGTGGCAGATTCTGACAGGGAACTAAACCTCTCGCGGTAGTCCAAACTACACCTTTGATAGAAATAAGTTTTACTACTATTCGTCCTTCTATGAATCACGTTAGCACGCTACCCACAGCCCCGTGGGCATCTATTATCGCGGATATACGCCGATCGCATAGTTAATACTGAGCTCTGCTCTTTATAAGGATTTACGGTGACATTCACATGAGGCAATAATTCGTACACAACTGAAGGAGATGTAATGAGAATAATTTCCGCCACATCGCGGGCTTTTTGTGGGATGAGCGAGTTTGCTAGATTGAGCATTTGTACAAGGTGTCGAGGTGCGATCAGGGGACTGTAGATAAGACCCAAATCAACGATCCAATAGTCTGAACCCGATAGTCGTACAAAAATGAGGATCGCGCCAAATGAGTGCTTGACAGGGATACACAGCCTCGGTTGTTGTCTCAGGGTCGAACACTCCTGTACGTTGATAGTGCCCGATGTGTTTATCGTTCATATGTTAATGTTGAAGGGCCAACTTGTGATCATTTTCCTGTGCGCAATATTTGTTATAATGGCCAGCATTAACGGCAAGTCAAAAGTGTCCGTACGCTTGTGACCGCTCGCCTATGTAACCAACAGATGGTCCCCTCGGTTGGATGCAAAATCTATACTAAGCGGACTGGCGAGATCTGAAAATTCACGTTTCATCGTACAGGGAGTAATTTCCGGACGGGCCTTCATGGGACAGGGGGGGGGGCTGTGAAAGCGATGGCCTGTCGTCGTGACCCGTGTTATCCTACTCTTGTCGTGCATGGAGAACTTTGTAATTGTGCACGCGATCTAAAATCGTTTTGAACTGTATGGGATGGGTCGCAACCCGAGAGGCTGAAAGCTTTGCGCGCGCATCCGGCGGTGCCTATTCATGGAGACATTGTATCGGTAAGTCGAGGGGCAACCATAATCACTCTATACTCGAGGAACTC,1243,48.67,Drosophila melanogaster
SEQ_409014,AGCCCTCGTACTGTCTCGCCTAGCCCATCGCCACGGACTCAGACTTTTATGGCTGATCAGGGGGTAGAATGACACAGATCTCTATCACCATGTTTCCCCCTTCTTCATCGTGCACCCGTCCACGGGCGATCCCTGGGGGAAAATAGTATTTTGTGATCCTAATTACTAAAGCCATCGTTGAAAGCTATTACCCGTATAGCCAAGGTTGACAAGTAATCGGGATCTCGGAACTTCCCTCTTGATCCGGCCGTACCGGAGTCCGATGCCTGGACGGCTGAGTCGTTGTGGGAAGCGTGGAAAAGACTTAGGCTACGTGCAACGACGGCTGTCTCAACACATAGTCCAGTGGGTGCGCACCTCTGGGAAAATGACGACCCTCTACGATGGCATTATCAGGGTGGGCCGTTACTTCCCAAGCACTGGTATGGTACCCTAATCGCATTCCTTAAAGGCAAACTGTTGAAGATAGGGAAGGCCACGAGAGCTTTAATTTTCAAGGTCATAGACAAACATTTTCCAGACCCTCCCGAGTCCGAGGACCGGTTGGATTTGTCACGAGTTTTGCTCCAGGCGATGAACACCCCCCAATCGAACTGATGCGTACGTTTAACCACAGTGCGGAGTCGCCATAGGCATCTGTTTTTCCGAATAATCAGGACGAGCGCTATACCACTGACGGAGGCGATTACGTGTTTCCAATATGCCGCGGCAGTAAGAAAGCGCGCATCTGCCTATATGGCATACTCCCAAAGAATGTAGACGCCTGACCTACAATCCTCCCGACATGATTGGCACAGGTGCTGTACCCGGCCCAGTACGTTAGTCTGTCTCTACGCCCAAAACGTGTTTTCGACTTAAGCACCGAGTACTTATCACAGGTTTCCAGTGCTCCCCGCCTGGCTAGAGATCGACGTAATCTTTGAGCTGCGGCGCGTGGTCGAAGCTTGCATTGCTCCTCATGCCAACACGAGATTCGGCAACCGGCTAGCATTATGTGATAATACTTTTTGAAGTGCAGTCCAAGGGCTTTGCCAAACCAGACACTGGAGTTCAATAGAATCAAGGGCAATATCTGATTTGGAACACAGTATTCCGGTGACTGCTAATGCTGATCCGTGTGGCAAGTAACTAACATAGTAATTCTAG,1146,50.52,Arabidopsis thaliana
SEQ_293792,ACCAACCCTTTACGAGTTTTCTTCGAAACGGGCTTTAATGAAGAGTATCAATGTGCTGCTATACGCTAGATCCCTTGCAATTTCACACACCCAGCGACAGCTCTGTTCACTGCATTACTATGCCAACTCTGATTATGGACCTAAGGCACCGCGAATGTATCCGAGGCAGACAGTGTAGCAAACGGGAGCGACATTCGATGTCACCATCTTGATAGCGCTTGCGGCTAGCTCTCAAACCGTTATAGGTAAGGTACAGACCGGACAGGCGTACTTGTCAAAACGCTATGTGTCTGCCTTGCTGTTAGTCGCGCCGCATGTGTTAGTGACTTTCGTGCGTTCGAGGTATCCCACTAGGACATCACGCAGGACGAGGAGCAAATCGATATATCCGGGCTATCCTAGTACGTCGCAGAGATGCACAATACTGTTCTTGAGCATTAAACAGTTACTGTCATATGGATCTAGGCAGTCTTGACAGTTTGTTTTTCATGGCGCATGCTACGTTCTGTAAAACAGGTAGAGTATTGTCGTGATACGGAATGGTTCCCTTGTACTGATACGGGACGTGCCACGGCTAGCGGGGGTCTGTTAGAGCCGCATACCCGCCTCTTAGACAGTATACTACTAAACAAGGGAGCACTTCGGTCACTAATCGGGCTACGTGTGATACCTACAATCCTGCCAGGCTTCAACAGTTGCTGTAACGGCTTTTGAATACTTTCGCGCTCAATGGTCAAGGCGTCCTTCCGAGGTGCAAGTTACGCTACCTCTCATCAGCACGAACTTTTGAGAAGTGTAGCACTGGGTCTTTGAAGTTGAGCTGTATGTGGGTGTGGTCCGAAACGGTTGTGCACCAGCTCAGCACCGGGGTGGATTAGCCATGGCTATCCCCAGTGCGTCGAACCTAAACGGGATATTACCCAACTACAGGTATTGGACTGACATGTAGAGTGTGGCAGCTCTGACCTTATATGGGGAGGTGCAAGGATAACATCCCGATGATAGTATTCTGCAGAAATTGCTTGTTCTAAAGTTCTTGATGGAGGCTTCGCGTGTACAACGAATTGTTCTAAGACTCTAAGATCCGCCAGCTCTGCTGCTACATTACTCAGTCATACCACGTGCGCCCCAATAAGCTCCCCGCGCGCACAAAAACTCTGCAGTCCTGTTGTGTATAACTTTGACGATCCCCTAGATGCGCATACTGTCGTTGTCCGGAACTTCCCGCTATGTTACTGTGTAGTATATCCGATTATCTGTGTAGGCTATAAAGTGTTTCTTCAGCTAGATCCGCAGAAATCAGTATTAAAAGTATAAAACAACAATACCTACAGTCGTGATTTCATATCCATATCGTTTGAGGCCCTCGCAGATTATTAACATCGTATCACGTTCATTCAAGGCTAATGCGTGATGTGCGTCAATTATGCCTGAGACCGTGCTCTCCTTTATCATACGCCCTCTGCTTGTGGTTACACTTGGAAGGGGGCGTGTTGAAAGCCCGCCGTGCAGCTCCTCAGACATTGACCATTGCGCTAGGTCGATGACTAGGTAGGGTCTGATGAGGATCGCGTCTTTAGTGCTCGAAGCAGGTGGATGCTAACTGTCTATTCCGTGAGAATAGCCTAAGGGCCGGTAGCCCAACTACACGAAACTACAGTCCTGACCCGGAGGCGCGCTATGAAATAGTGATCGCCTCGTCTATAGGTGGAGCGAGACGCTACATTCAGTGGGGAGGCGGATTGGCAGAGAGGAACCGATCCGTACCGCACAATAGTAAAGGTAATCAGATCTTTTAGACAGCGAAACAGGGGCTCTAAAATATACCCTCGAC,1834,48.69,Homo sapiens
SEQ_852431,CAGGGGAATTGTATCGACGAATCTTATAAACCTCAGGCCCTACGCCTGTGAATCTATTAAGAAGCATCGGAGTCCTCGCATAAATGTTTTCTCCTAAGCCGAGGTACTACGTCAAATGAGGCATCGGTCTCATTGTAAGCACATTATGCACCGCTCAGGGCAATCCCAGTACTGTAGGGATATCAGGCAACCGCGCAGCTAGCTAGCGTTTTTCCTACATCAGAGGTTCCGTTTGGGCACCGAGATAAAATCTCCGGTTCAGCCACCCAGCTACCTATCCCTGATGACGCTGGACTTTGGCGAAGCAAACCGGGCTCGTCTTGTTGGACGCAACTACCCGCCTCTGACTCAAAAGGGTATCGACCCTACGGGCCCGCGTCACGGGAGTGAATGGGTAACGAGAGACCGGCGCTCAAGGTCTCCGAGCCCAGTTCTTCTGCTAGTGTTCCGAAAGCCGCGTCTACGACGGACTTATTAGTAACAAACCACTCACCGCCTAACCTCTGCCGAGATCCTAATGAAGGCGGTGGCTCGGCCTCACTTGCATCCTTAGTTGTTCGGGGAATATGGTAGAGCATCCTCCCCCTGCTCGGAAGCGAACCAATATCACTTGTTGACAGCTTCATACATTACTTGAGGACGTACACAGGAGGTCCGGAAATCTATACTATTGCCTAATATGTATCTTAAGACTGATCGGCTAATGCGCGCGATAGCATCGGGAAGTGTGGTGAGGGAATGACTAATACAATTTAAGCGTTTCTTCATTACAAGGGGTGTCCTTAAGATCCTCCTATGAAG,801,50.56,Saccharomyces cerevisiae
SEQ_827539,TTATAGAACAATACTCGGACCCTGGTGGACCCTCAAGCCGGCTTGATCCCGACTGTCAACCCGGATATAATGCGGGGAATAAGGTGACTGTCCTATTTAAGAGATTCAGCTCACTTCCTCTTGGGCTCAATTCTAGTTGCCTAAGTCATATCAAATGTTGAGACGTGCAGTCCCTGCTGGTTGGGCCGATCAACTAGGGTTTACAGGCGAAAGGTGGTAGGTTATAACACGATTACCGCTGGTCCAAACGCCGAGGAACCTTTACGTTGTCTCATTCACCACCTATAGACTAGTAGGTACCTCCTGGTGCTGATTGGCATTGCCAGCGGACCGGTCGGTCAATCGGAATTGATTTTAATCTTGCCTGGAACCGCTAGAGTTTTTCTTAATTTAAGAGAACTCCACAGAGATAAACTTCAGAGTTTTCTACACTCTAGTTGCGTTAATTCCTGTCTCAGTGTATCCCTTTAGTGGAGTGGAGCGCCTCATGAAACTGTATTAGCACCCGGAGGGGCGTCCGCAGGGGATCCAATAGAAGAGATTTTTTCCGGCAGCGTAAGTTACATGACCCCGGAGACCATATCGTATAAACGAGATAAGGGTTTAGGCGTTGAGTAGTGGCCCAGCTATAGCATACGGTATTCGTTCGATCCTCAAGCCATGATCAGTACACCAAAATGGCTTAACTTTAGTCAGCTTTTAACCTCACCCTAATGTTGAAAGCATAAGGCAAAGGTCAGATCCCCAGTTTAAGGTCCCTCAAATTATTTGATGAATGATCGCCCGCATGTAAGGGAAACGTTAGGTGTGTTAGTCATCTTATGTAATACCAATCAAGTCCAATAGCGACAAGATGCGTCTACAAACGCTCTTGTCCCTGCAACGTTGGTAGTTGTCAAACTCAGAAGTTGTTACCGTTTCATTAGATATCTTTAGATACGTCATTAACCTTTCAACCTTATACGCGTTTGAGTGCTAACCCTTAGGTATGGCTGGGGGAGGGTCAGGTAACATAAGCGGGCCCGAATAAGGGGACGTGTATACGCTGGCCTCACGCGACATCAGCCCCTGGCCTGAACGAGCG,1084,46.86,Escherichia coli
SEQ_673540,TGTCCGGGGAGAGTACCCACATCTGGCTAGTGAAGTTAGTGTCCAAGGACACCAAATGAGGTATTGGGGTTACGTCCATTTACGGCTAGTCCAGCTGCGCAGGCATAAATGAATCTACACAGATTGTTACACGTCTAGGGATGCGAGCGACGCCTGAGCGTCCTTGTAGGCCGTGTCGCTAACGATAATCGTGCTGGATGCCAACAACTAGTAGTGGACACCTCCATAGAGTATAACGGTTGGTTGAGATTTAGCAATCAAATGGCCACCAAGCCGTTCCGGTGAGGCGGTCAGGGAACAACGGTAGCGTCAGATCTCAGCGTTGTCCTTGCGTTCTGATTCCGAAACCGACATGCCCCCTAACGCTAGGCTAAGCACGCTACGAATCTGATGTGGTCGTGTGTCGGCCCTCATCAAGTTGAGCCCTGATATCCTAAGGATTGTCCTATTCCCTACTGGGCTCTGATGGTCTGGTGTAAATTCAACGCGGAATCGTTTTGCGAAATTCCGATTCTTATCGATGTACACTCTACTTCCTCATGTACAGAGCGCGACGGGTAAAAAGGATTAAACGTTCGGGAAAACTTGTTAGAGCGTCCGGGGTGGCTACCGTTACGATTTTCGTTTTGTTCAGCTAATTAGTTGGGCCTTGGCACCCGTCTCGCGAGAACTTAGTCAGAGTGGGTCCACTTGGTGTTTGGTCTCACCATTCGTCGTCGCAGTCCTGAGGTAACGGTATAGCGTCAACCAGCTCTGTGGTTGGTCGGTAGGTTGATGAGGATGGACTACGATGGTGACCGTAAGATACCTGACGACTAATGCTTAGGTCAAGTATTCTCTTGACTAAAGGCTATTAATCACGACTTGAGCGCGTAGAACTGGAATATAGGAACTAAACTAATTTTGAACGTTACTGCCTGCGACAAAGCGCTACTAGCTTGAATGTAGACGCTCACGACAAGATTCCATTTTGTCGATCGACTCTATCCGAGCGTACTCGGAGTGATCTAGTACAGAGACGTTCTCACAAAGTTCACCGGCACGTACTACTCCGCCATACTTCTAAGCACTGTATATGTCGTACTCCGCATTCTTTCTCACCTGTCCGGAGCACGCCATCCGTTTGAAACTACTAGTTCATGAAGACAGCTTGTTTGGCCGTAACGATGCGTGTGCTAAGGTAAAAAAAAGCGCCTATATACGTATTGCGGGGCTGTTATGGCATCAGATGTCCCAGGTTATGAGGTGACTTTAAAGCCTATAAGCACCAATATCTAGCTCAGCGTACTCACAATCGTGGATCTTATATGGCCCTTCCAACCGTAGTCGTGCTGTGAGTCATAATGCACGAGATGAGCAGCGTTTTCTGATAAGAAGGATAAATTAAAGCTTTATGCTAATTGTTATGCTGGGGTAGCCCAGACTATAATCACCGGCGCCGTTCGCTTTGGGTGTTGTCAAGATCCCACGGTGT,1474,48.37,Drosophila melanogaster
SEQ_818547,ATGTGAACTTCTATCCGAATCGGTTGTTGACAGATTCCACGCCTAATTGGCCCATCGTGTCGAGAAGCTCCTTGCCTCCCCACACTCCGTTCGCTCTTCCGTCTCCACATTGCAATACCCTGCTTGACGCGGCTCACGCATTTGGTTCCTCAGCGGTTGTGCCCCCGGCATACGGAGTGTTTGCACATTCTACGATCTCAAGACGTGTGCTACTGAACATACGACAATGCCAATCGATTCCCCGAACTGGTGCAGGATTTCATAAGGGTGCCATCTCCACCCGGACTCTGTTCCTATCCTTAGTTCTCAGGTTATGACTTTCCGGGTTATACGGAATGTGCCCCCCATTCGTGGCCTCGCGATATGATGGATATGCTCTTAGGTTCTACTTACAGTGGGTTGTACAGGATATGACTTCGGGTCCGCGCGGTACAGACCGGAATGCTGTCACTATGTGGCGTGGATGCGAATTCTATTAGATTTGCCGGAACATATGCTTCTTGGTTACACCGAATAAAATACTTTCTACCAAATCATTTGTCGCCTAAGTTACGATGGATCCAACGCCGGGAAGTGTGGCCGTTCGGAAAAACATCCGATATAGCATACTGCCTTGTAAGGGAAGCTCGTATTTTCAACTACGACCAATAGTTCAGGGGGTGGACGTGATGAATCCGCCAATAAGACAAAACATTTGAAGACTCACTTGACAGTCCAAGTCTTACCGTTAACGAACGGAGCTCAGTGGTAGGAGAGATCCGCTTCAAGTTATTCCCTCTATTAACTATGGCGTGTTGGTCCATATTTATCCACGGAGTGGCGTAGCATCCACAGGTGCAAGCCCAGGTCCAGTTTGACTCGGTTGGATGCACCCATCTAGACTCCCTGTTGAATTGTGCCTCGCAGTAATAGGGTGCGAAACTAGCAGACGACGGTTCTCCTTGCCTCCTCCCTCGCAGACGAGACGGCGCATTGATTATGTAGAGCTAATGGTTGCCTCGCTGGTGTGCGTCAAAGGGGAACGGGTGATCTTGGAGACCCACGTCTGTTCAAATTGATTGCTTGTGCCTGTTAACGGGCCCCCGAGGAGCTGGGAAATGCGGTAGTACGGAGCGACCCTGGTAAAACCGTTATCACGCTCACTTTCCTCGTAATAAGCTATTCGTGTAAACTTCGGCGCGCTGCACGGCGTTTGAAACGGCGTTTGCTGCCAGTACGTGGCAAGTAACAACAACTGGGC,1240,50.65,Homo sapiens
SEQ_822134,CCTGAGTCTTATAAGATGCCCGTACTGCACCAAACGGCTGTGGAATCGCCAAGCGTCGCCTGGCAAACTGATATAGCAGTCGCGGCAGGGAAGATTCTATCAAGTAAGAAGCACCCGGAGCGGCTGTGCCTTAGTTGTAATTGTCTGTTTCGCCGACGGAGCTGCCAGTGCCATTCTTCGACTTATAAAGAAAGCGCCCGGGCTGCTTATCAAGCGGTGGCAAGGGAGCAAGACGACCGCGAGTGCGTCCGTCCAGATCGGCGTCCAGATCTCTACGACCCGGATAGGCGTGTGATGATATGACTTCTTGTACCCCCACCTGACTCACGCGGATGCGTCAAAGCGATCGTTCTCTGATTCCCCGGAGAAAAAACTAACAGACAGAAGCTATCCCCGTGACCGCATGTAGCTGTCGTTATTGACATGTTTGGACTGTTAGTTGCAGAGATGTCGCCCCTCAGAGCTCTACGCGAACTACGGATCTCTAGTCAAAACTGCCAATAAACCTTCCGCGAGGACCACATTGGGATGGATGGGTGAGTTTGAAATGTTGACCACCGGCCGTTCTGTCTAGTCGAGCACTACTAGGCCCTGTTGGTGCTTCCCGGAATCTGTAGAACCTGTATTGTAGGTTTCATACACAAGATTGGAGACGCTAGACGCGAGTTGCGGGAAGAGAAACTAATCCCAGAGACTTTTCAGGTTTGCGCAAAC,714,52.24,Arabidopsis thaliana
SEQ_706923,CGAATGAATTAGGTCACCTAGAGTTTTAGCAGGACGGCAGGTAGCGCGACGGGAAAGCCGCACTGACCGTCCGCTATCTTGCCGCATCCCACAGTCTCCGTGATTTAGCCTGTTTTTAAGTGCTCCATTGTGTGCCTGTGACCGTTGTCGATCGGACTTTACCTTTGTGGGAGTCGGTGTGCGCACAGAGGTTTCCAGGCCCTAGGAACAAAACTTATACTTCGGCGGAGTCTGATACTCGTCACCGCGTGAATGCCTTCAGCCCCGCAGGGTAGGCATAAGAGTGACAACCGACGAAAAACAGACAGGTCCAGGATTTGGTTTCCTTGGATCACTTGGACCCATCTAGCGCAGTCAATCCTCGATGGCTTCCTGAGGTGAATATATGAAGCTATGGATGCCGAAGCTAGAATCGTAGAGTCGTAAGGGTCGGCGCGCCTTTCCGCCTCTTTCTGAGCCCACGGGACTATAATTCCACCATACTCGCAATAACGATGCTGCGGGTGGTCCCCCCTCAAAGAGTTTATGAGCTGCGTTCGACCCGATATAAATGGTCATGCTGTAGAGATAAGCATTAAAAGAGGAACATCCCAAAACCCGTATAGGGTAGGACGAATAATTGATATATTAATTATAAAGCGAACCACAGGCTCTCGAGCCGTTGGAACGCCCTAGTCGATTTTCCTTGTTGAGTGCGGAGGGCGTGATCCAGGCATGGGTTGTTCCTATTTCTGAGTATCCAATTAGATGCTACTTCGACGCATGGACTTGAGTCGGCCTTGCGTACAGCTAAGCACCCGACGCAAACCGGCCGGATTTTCTGTTGATTTGTGTCCTCAGGTATTCTTTATGTAGGGGGCCAGAAAACTAAATAGTGCGAGAGTCGCTAGTCGCATTGGCAAGTTCGGTAGGCTACAGAGAGGGGTTCACCCCCTCTGACTGCTCACCTTGAGTTTACCATATCAGTTCTGGCGAGCAGTGGGCAGTACAACCGACCACATAACTGCCTACTAGTCTAGTCCTTTGTTTCTACCCGGGTCTTCAGGCAAATAATATTCCAAAGGGCACAGGGACGCAGCCCCGTTCGGGATACATTTTAAGGTGGAAGCGACGGCACTCCGCGGAACCCTGTATGCGTAGTACAGTCGCTCCACAGCAGCCTTTCAGATCATCTACAAGAGTCATTCCACGTATTGTTTGAACAGGCTCTCTCCTGGACACAGAGTTTGAGTCCGAGACCCTTAACAATCGCCATCGGCTCGCGCTGCTTCCCTCAGCCCCAGACCTTCGCTTTCCGTCATCAGTTTAGAGACACTTGTCCAAGCCTAAGGAGTGTGACCGACCGTCTCCCGGAGAACTACGGTATCCGGGTTCCCATATGCGTTTTGTAGGAC,1394,51.36,Mus musculus
SEQ_790349,ATATGTCACAACGAAAATTCCTATCCAGGAACGAGACGATGTGATTATGGGGCGCTTTGCCTATCTCCTTCAGCCTGAGACAGGACGACATAAAAAACCCGACGTTGAAATTTCCCTTGTTCCAGCCACGTGCAAGCAGAGTATACCGCTAAAGGTTCGATACAGCCCCGTACGGCCATCATCCTTGGCAACGTACGAGGGCACGCTGACGCCCCCCTATGAATATGCCGTGTACACGTCAGACAGCCGTAACAACATGTAGTAAGTCCACTAGCTTATGAGATCTAGCGCTCAAGAGACAGTTGGACCAGGCTACCCTATTGTGGACCTTACATATAGTACATAGGCAAATCCGGTTGATTTCCGATAAGGTGTGTAGCTGACTAGTACCCCACATGGATCGCAGTATCAGCGGATAATGTGTTTGATCCCCGGAGAGTGTTCTGCACGATGGTTATCCCTGGAACCTGAGGTTTATATGTCCGCCTATCGTCGATGCTGGTATCAATATAAATTTCGAACTTACGCTGGTCGTGTGTTATCGAACGACAACCAATTGCGATAACTACAAGTTCCAAGCCTGCGCAACCAAAAGACAGTGAGAATGAAGGTTAATGCGGGATCCTGTCTCGGCGCGCCCAGTGTCCGGAATTATCCCTGGGACACGTGTTCCACGTGTAGGTCGTTTCCTCAGGTTCTAGCCTACCTCGCTGGCGCTCTAGTCTGCTAAGGCAGTGGCCATGACCGGCATGGACCGTCACCCTAGATCCACATTTGATGACTACTATACTTCCACGTTGTTATTCTTCTATTAGAGGCTAATCAGGGAAGCGTCTCAGACCACTTATCTAGTAGGTGCGCGCCGTCCATACAGAGGATGGATATGCAGACGTATTGGCCTATCAGCGCCTACAGATAGAATATAGGACCTACTGAAAATACGAGCCCAACCCGTGCGACCGGTCTGAGGAGTCACAGTCGCATTATGTCGACGTCACCGGTTCAAATAACGCAATGGTAAAGTTTCTTTCGTGGGGAGCAGATTGGCACCCTTACGTTAGATCGTAGAAATCGCCCGCCGGCCCGCGCCCAGCAATATAAGCCGCATTGAGAAGTGAGCAGTGCCTAAGGTTTTACGCAGATAGGGGCGCCTCAGGCCGCCATGCAGTGGAACATTTGTATGATAGGATGAAACGCTTGTTGTGGGAGGGTCCGGTAGGGTTTGCTTCCTACTAAGGGGATGGTGCCCATACTATAATCGCTTAGGTACCCAATAGACCAAATATCCATTAGTAAATAGGGTTTGATGCGTATGTACTGACGACGTACTGATTATTCCGATGCTTATGCTCTAAAAGCTATCGCGAGAGATACAGAGGTGCTTCTGTCCCAATCGAATCGGAGCCTACCAATGCTCCGTTTGAGCTTTCAGATGCGATGGCAAACCCGGTGTAATAATGAGTCTAGGCTGACCTTAAAGCGCGCGGGCCTAGTGGTCTCTATATGAAGCGCATATCTCGTTTCATGTCTCAAATAGACAAGGCGTAAAAAGTAGACTCCCATAAAAAATCAGCACTAGGCAATGGTACCGTCAGTGCGACACGTACCGAGTTGGTTCCCCGGCTTAGTGGTTCAACATTGACGAGAGTACCACGTCTCCACGTCTGAACGGCCTTTGCGAAAGATGATTCAATAACTGGGAAGGCAACCGGTACCGGCTGGGTCGAGAAGTCCACACTGTTATACTGAAAAAGTTTCACAAATGGGTGGCCCATCCGCAGCGTCCTGTCATGAACTTCCGCGGAGCTTCGAATCTTTATCTATCACAGTACACTAAATCAAGCCTGAACCCAAGTTGGCGCGCCTAGATGTGCTGCG,1878,49.47,Mus musculus
SEQ_705099,TAGCTCCTGTCAGGTGGACCGGCTGGCAAGAGAGTCATGAAATTACGTCTAAAATTTCGTAAATAAAACGGAGGCGAAAAGCACTCCTGAGGTCCAAGACTCGTATTCGCAGTTCTAGGACAGTGCTGTAAGTAATTTACTAGTCGGAGTGCATTCGTATTCCATGGAAGCGTCCAGATGTAGATATGTTTGAGAAAAGTTCACGCGATCATACAGCTGCTTCGCCTGGGTCGACTCTATTTTGTGCTCAAGCCGCTGCCTCAAGATGCCGTTTATAGCCTCTTTTTGCGGAGGCAGCTGTAGAATGTCAGATTGCTAAGCAACAGCGGTGAGCATACAAATGCAATACTCGGAAGATACAAACACTGTCCTGTAGCACCATTTCTCCCGCACCCTTCCATGATGCAGAAGACGGCGTCACTACTTAGCCCGTTCAGAGTTAAGACTTGACCAGGATGAGTGTTTATCTCCCTACTTCTCCCTTTGACACACACCCCGGTCCATAGATGTAAGACCTGCCTGTTTCTGGCACTAAAATGACGCGGCCGAGTCGTAACACTGAAAGGCTGCACACCTATTTAAATCAACCCATTGGCTGTCGTCGACGAGGACGCTTGTCTTAACGGAATTGGGTCGTCCACGAGAGTTGCCTGTGCTCACGGAACAGAAGTGGACGCACCGGTGTAATTAGGACTTTTTTTTCGCTGGCGTCCTCGCCCGAATGAGAAAGCCAATTCCCCCTGAAATTTCACTTCTAGCGTTTCTGAATGCCAGACAGCGTAGCGGGGCACTCGTATTCCTTGGGGCCTACCAAATTGGACAAGCTAGAGGATTTTAAATTTCAAATTTTGATAACTTAACGTATCCTACAGAGCGCAATGCGGAGACTCTGTT,894,47.99,Drosophila melanogaster
SEQ_666851,CTAAGCATGGCATGGACCAAAAACACAGCATTCCGATACGAGTCTCGAACTGTTTTAGGCTGAGATTTTCCTGGTGGCACTTGTCAAATGCGTGGAAACCTGGCCCCGGCGGGGTAATATTCTTTATAGACCGCTGGCGAGCTTCGCTAACGGACGGATATCCTCGAGCCCCATAGCACCTTTACAGATCTGTGAGTTAGCATCTTTGGGTCAGAGAACGCACTGACACCCAAGATGTCCACTAAGCTTCTGACGCTAGCGATCAAAACCGAATTATAGGCATCGATGAAGGCCTGCGTGTAGGACTGGGCGTGTCGCTGACTATCGGCTGAGGGAATGGAGTAATCGTTTAAGCTATTGGGCCGCCGTTTAACCCGTATTGACCTCATTTCAGAGTGCATTGTTATGAACTGTTGGTACCTCATCTGTTAGGACACGGCTTTCCACGACGACGAAACACACATTTAGGTCAGAGGCTGGATTGACTCGTTGTTTACCTGGCACCTTTAATCCCGTTAGTATGCTTGAGGGGCACACGCCCTAACTATGTCCACTTAATTAAGGCAAATGCCCCAAGTCTTGGCAGCATTGATTAAACGCTCGTACGCTTTGAAGGCTGTTGAATAGATTCCAACTTACACAACAGATGGCCCTATGTAGAGAATCATCCATGACTCGAACCCATGTGTGTCGTTGGGTTAGTTATGTCGAGCTTACCAGCTAAAGGAAGCTATACTCCAACGCCCTCCTCGTGAGGGGCTAGCCGTGAGCACATTAACGGAACGTAGTTGCAGTTAGGGCGAGACAGCTATGTCATAAAGATATCTTGGACCAACACTCCACTTTAGCAAGCAACAGAGAGGGAGGCAACTCATGCATTCCGCTCCCTCAATAACGTCTAAGTTTGACATCTTAAACAAATCTCTGCGGCTTGGCCGACTGAACCAGTCCCTCCCGTCAAAGAGAGGGACAACCCAAAAGCACTTTATAGTTGAATGCAGAGAGGGTAATTGTCTCTAGTTTATTCGATGTCACTGATACACGGGA,1047,48.23,Escherichia coli
SEQ_579311,CGGGATGCCCTGTATATTTCGAGGGGGTGGTACGTTTTTGGTAAATGACTCGGTTGCAAGTTGGGCAGTATAAATCTCACAATCTTCTTGAAACAACGAAGTTGCCCTCGGGGATCATTATGAACTGAGACATTGGCCGTTAAATGCTACCCCGCGTCTGGCACCCCGGGCGCACGTAGACTTTCGGCTGGAATCGGTCCCCAGCGCCACATCCGCTGACTTTTGATAGCCAAAATCTAACGTTGCATAAATCTATACCTCGCGATACTATAAGCGTGCATGGAGTCCTACTCTCAACAGTGAAGCATGCAAAGAATACTCTGAACGCGACTCAATGGCGTGCATTACCTAGGCCGTTCCTTAGGTGTCAGGCTTGGGTTGGGAAGCCAAAGTATAATTGAGTCTACCGAATATAGTGTTCCCTAGTAATGGTCCGCTTGGG,442,49.1,Saccharomyces cerevisiae
SEQ_434870,TTATGAGCCTGCGAAGTAGGATAATGGGAACGCGGACAAGCCCACTCCCGGTCATACGTTCGACGAATCTTGAAACACTCCATCCTCGAATGACCTGAACAGTTTTCCCCGTGTTTGCTTGCCATGGATTTACGTCACGATCACTCGCAAGATAAGATGATTCCTACGTGGCAAAGTACACTCAAGCCGGTTCTTATAGTTGCTTGAACGGATTTCGACCCTGAAGTCAGAGCCAAGCGCCTTAGGGGCACGGCTACAGGCATCGAAGCCAATAAGGTTCAATAGATAAGCCACGGGCGTAGTACGCGCCGTTATCGAGCAACTGTCCTACGCGTGTGCCAGAAATTTCTAAGTATCTAATAGGCGCGCCGGGGACAGTTGTGAGTGGACGTTTCGGAAAGCCGGTTAGAGCCTGACGCAGACCCCTTGCACATGTTACCAAGAGCGTCTAAATACCAACTAGGAAATAGATATTATACGTAACACTGTCCAGGCTCATCGCGGAGCTCGGTGGGCCCAGCTATTAGATAAACAGCCCAGAGAGAATAAAAGCAGAGGATCGATGGTGTTAGTTGAGGGGGAGGTTGTGTCCGTCTTATGCACGAAACTCGTTGATTACTCTTTTGTGTACCCAGGTAATGAGACCGCGTCTTGACTCGAGACAAACAGGGTAACAGTTACACCAGAGTAGCCCCGCTATATGGTCCTGGCGCATTGACACAGTGCTCCATTAACATTACCCACGCAAGGTTTTAATCCTCTCGCAAGCTAACGGACAGTCGGCAAAGCCATGGTTGATGATAGGTGCGCCTTCCTTGTAGCATCCTGATTCATTACCCCGGCAAAATCTCTTTGCTCCAAGAGGCAGTCCTTAAATCGGGCTCAATCAAACGAGAGCGAGCGCCCCCGTCGCTACGGGAGCAGCCGAAGTAGAGTCCTATCGACAACTCATGAATCTCTAG,962,50.31,Mus musculus
SEQ_495231,AGATATTAAAAGAGGCGCTAACCGCGCTTACTGCTATTGATACCAGTCATCGATCACGGAGTTTCCCAAACTCACAAGGCATTGTGTGCCCAAGCTGATGACTAATAAATTATACATTGGGCGAATAATTTTCCTAGCCAAAAGTGGGTCCAAACAGCTAGTTTTTGGGAGCATATGTTTCTTGGCGGCCTATTCACGCGCCGCTGTACTGGACAAGAGTTGGGTGGTACATAGCGTAAACAGTATGGTGATTCGCAGTTGTCCCCCGCGCCTAAAAGGACTTCTTCCTGAATTTGCGGACTCGGGCTGTCACTCGACGTCGAGTCCCGATCCGACTATCTTCTTCATAGCTGGACATTCAATGGTTGCAGCGGTGTCCGGCGCGACACGTTCGTGCACAACTGTGGTTAGGCAGAGCGGGAGACGTTGCTTATCTTTAACGGTTTTAAAGGTGTATTTCAATCACACCGTGCCGTTGCCCGGGTCGTGGACCGACACTAGCTGCACCCTCTCCTCTACTGCTAAAAGGACTACACTGCGATCAAGCATTAGAGCGAAGACGCGGCCCATGTAAAAGCGGTGCGCCCCATCATCCCGATTGCTGCACCACGAGAGGATCCTTTAGAGTTCCTATCTACACACGCCGACCGTTAGGCCCTTCTCTTACCTCAGTCTGCGGGCATCAACGCCACCTCCAGTAGATTAAGGGATTGGAAGGAGGTTTGTTTTACCACCCCTACCACCATTCGTTCGGAATTACAATTGCACTCGCAGTTTTGGTATTGTAGGATTCCAATCACTGTAGCGAAGCGGCATTTCGTCAAGCACTATGACAAGCGTTTCCTCTGCCTATGGGCTGTGTCTAGCCAGACTGTGGTTTACACGGAGGATTTAACTCCCTGGGTGGGTTTTAGTGTCCTCTCCGCGTGCACACCCGGAGTTAGATTTCGGCGTGGGGCAGGAAGACATACCACACTCAAACTTTATCGTAAGGGGAGCTAAAATAGATTCGTCCTACCACTAGCGCTCCCGATTGCGTCCACATGGGCCGGTGTTAACCACAGGCTTCCAGTGGCAACGAATGATGCCGTCACCGCGTAAGAAAGAAACGTTTAAGCTGCGCCGAAACTAATTGGGTTAGGGCACGAATGCTGTTCTAGCAACGTGCCTATACCCAATGGAAACAGCCAGAGCGCGAATTCACTCGGGTAGGCATACCCAACTTTACTCGGCCTCACTACCGATGGTTTGATGAAGCAAATCCTTAAGACCAATGGTTCTGTCCATATTCACGAGGCCGAGCTCTCGACGTCCACCCAGCATCTCGTGCTGGCTAATGGCGGGGATTGCTGGGACACGCACCGCACACGTTAGGCCGTCCTATCCTGTATCGCTCAAGGACACAATTGACAAGTCGGGATCTCTCCGTATCAAATCTCTTCGAGAGGCCTTTGCAGGCCGCTAGCGTCCTGGTTCTAGCAGGCGGTTTTAGGGGCGGTCCTGATGAAGGGACATGGCTTGCAGGATGAACCAAGTATGTTTCTGGCGGAACGGGCGAACCCTGTGCGAGCTGCTGAGGCCTGAGCAATAAAGGGCATCCAATTGTGATCGGGACGCAGGAAAGTTTCCTGGGACTCCAGTATTACCACGCTAATACGACATGCCCTGATACGTGCATTTGTCTGATGCCTACAAATCTCTTCGCACCTTGCGATGGGAAAGAAGCTTTAGTGATCCTCTCGTCTATATCCCATACCACCGATCATGCAACCAATCTCGAACGACCCTCCCGTACGCTGACAATGATATTTGTTGTGTAAATCATTAGGCGTCAACCTATGTCCGCCTGAGCTGATGGACACATTAGATCATCTTAGTCTACTGAGGATACACATTCGCATTAGCATAACATATCCATGAAGCCATACTACATGGACCGTGAAAGTTCGACTTCCTGGCGAT,1962,50.82,Saccharomyces cerevisiae
SEQ_212271,CGGTGGAACAGAGGCACCGTGGATTAGCTGAGAACCCCAAACAACGGCGTGACAGATGTGCCGCTATTCATTACCAACAGAATCGGAATAGCGTGAGGAGAGGAAATGGGTCGTAGATCTCTATGTGGGGGCTGAGCAGGTACTTGTACCTGGAATGCCATTTCGGCAGTTAAGGGCCTTCTCGGCAGAGGGTCTCTACACCCGCTATCGTAAAAGGGCATGAACAGCAGAAGATACTGTTGTCTGCAGTACTGCTTCGTGACTGTAGTGGGAGCAAGTACTATGGTTTCGTAACGATATGTCACTACGAAAGTCGCTAATTAGCTACAAACTTATCTTTTCTCAGGGAATGAATATTTCGAAAACATGGTAACAGTAACTTCTCCTGCGCGAAGGCGTACTAACTCATTTAAGCCTATATATTGTTCTCCGGATATTTAGCCTGGGATACAGCGGCGGTCGGCCAGTGCAGGTTGCCTTAAAAGACCATCAAACATCAATCGGGGGCGCGAGACAAGGTCTTGTGTCCAGGGGTACATCTAGGCCGCGGTAGGGCACGATGATACGTCTCACTAGAACAGTGGCCTTTTAAGTCGGACAGCCCCGGAGTAGTAGACCGGAGTTGTTACCTTACTTGAGAGGTTCACCCGGATCTTCATGCGGCGCATTGCAACCCCAAGTCATCATGCATTGAGTGCTCTCACCGCCGGTCTGTACCACAGTGAGAGACTCAATAGGTCCCCAAGCCGCAGTGAGGCTATCAGGTACGATTGGAACGTTAAGGAATAGCTCAGTACCTCCGTACAATTCTTCATGCGACTGTGTTTGGTTAAAAGGCGCCGGGATTACATTTGTGACCTACAACGAATCGACCACCGTGATAAAACCTGTAACGAATTCGCCAAGCCGCTGCTGTAGCCACCAGCCATCGTAAATTAACCGCCTGTATGGGTTGCATGAAACCAGCCCACATATCTGATCGGCACCCTAGGTAACTTAATCCTGTGCTGCTTTGGAGGCGTAGCTCCGCATGTGCCGTGTAAGAACTGAATAATCCGTTAATGCTAGTTGTAGATCTATGACATTATTAAAGGGACTCAACGGATGATAGCATTCGTTCCTACGCTGCGGGTTGGCTAAAAGCGGCGTATACCGCACGGCATTTCGCCCTGGGCCCTCTACTTCAGGCATAGGATGAGTTTGTATGTCATCGCCAATCTCTGC,1224,49.67,Mus musculus
SEQ_210385,CCATACAACTCGATCTGGAGTCGTCGTGAGAGACATATATATGGGCTGTACTTTCGTAGAGGCTTCTTTCTGGCACCTGCTAATAAACCCACCCTTACATTGGAACGTGGCTCAACGTAGAGGATACCGAGAAGTGTTTGGTGATGAGATCTAGCAACCCGCAGAACCTCCTGGGATGCACGCATTCTTTAGGTCTGCTGCACCCCTATACCAAAAACTGCTCGACGAATGCTGATGAGTCGTATTCAGACGCGAGGAGTGTATCCTGCGTGAGTACGGGACTGATCGGGATGAAGCCCAACGGAAAAGAGATGGCCACGAACGAGGGTTATGTGCTGGCGGGGAAATTGAGTCCTCCGGCTCGTCAGGTGATCCTCATAATCCGAGGTGAACGCATATAGTATCACTTGCGTTAACTATGTCTAGCGTTCCAGGAACCACCCGTTTATGTAAGAATCCACACGTGCAATTTGAGATACCAGATTACTGTGGCACGCAAGAATCTTCCC,509,49.71,Arabidopsis thaliana
SEQ_458321,ACGACGATGTGTTGGCTGCCTAGGGGGCCATCCAGTCGCGACAATGATCGACGGAGAGCGGGGCGTAGTAAAAGCAGGATAGAACCATGTCTCTGACACGGTATTGGTTTCGCTCAAGATACAGCAGTGAACACAAACGAAGCCAGCCGTCGGTACGGACCACTCGGTGGTCTTGGATAGCACTGATCCACCCTCCCTACACTCTAAACTGAACATCCTTTCGTGCGCGGGGAGACTACCATCCGTCTCAAATCTGGATAGATAAACTGACGTGTCCGCACTTTGCCCTATGACTCTGAATCTGCACTGATGACTTCCGGAATTCCTCGGTTTCAAGCCCAAAGGAGCTTGAATCTGATAAAGTAAATGCCTCAGGCAATGAGCGCTTCTCAACATCGCAACTTAATCTAGCCGCTAGGCATATTCAGGGGTCCTATGTGATCGCAACTCGATGCTCGCTACAACTCTAAACCTAGGTATGCCAAACACAGTTTGGCAACTCTACCGCGTCTATCCTCACCTGAGAACAGGAATGTTGGTCCACAGGATTGCGAGGTACGAGCTGTAGCACTGTCCACAGGAACGGTCCCTACGGACCACCTCGCCGCGACTGTGGTCAGCTGTCCAACGACCCTTATCCGCGCCGGCGAACTGTTGACTACGAGTTAAGAAAATATCAGATTTTCGAAGTATCTTA,697,51.22,Homo sapiens
SEQ_989885,ATATATCGCATCAGATGGGAACCCAAATTGCCGCGGATTCCCTGGGATGCAGGCTTCAATCGCTGGCTCGCGTCAGATTACTAACCAGCACTTAGGGATGATCCATCCTGCGCGGTAGGTCACCGGACTGATTGACGTTCAGCTGCTGAGCCACCAACCAGTTTGCCTTGAGGTGCCAGAAGCTATGGCACTCTCGGCTAGACAGCTACAGGGTCTTCAATACGCAACCGTACCCGAGCGGATGTACTTCGGTGCTGAGATTCTACTCAGCCCCTTTTAATCTTCTGGTAGTGTTCCAGAAGGATACAATGCGATTAAGAGTCACTTTTAGGTACGACCGAAAACAGTTGCCATAGTACTTATAAGAAGAGTACGCCCTACACACGTTTCAGCTTCGTTAAAGAGGGCCTGGCGTGCGCGGCTAACCAAAGTCTTCAACCATTGCCGATCTCAAGATGACAAAATCCTTGTCCGTGCCACCCAGTCGTGTCAAATAGAGTTTGAAAGGATCATGGCCATATGCATAACACTAGTGGCAGCTTCATCGACTAAGTATAGGGTACCACGCGGGTGGCCAGTTCGCTGGAAACCACGTACACGTAGAAAGCGATGCCGTCCCTCAATACTTCTACAGTGATGTACACTTGTTAGGATTACAACACACCTAAATGAAGGTATTCATGTTGGAAGAGCTCAAGAACGCTATGTTGGTATTTCTAGCCAGCATGCCGAGTCAATGAATTTTCGATACCAGAATTGGCATGTGTCAGACGCTGCATCACACTGTCCAGGTCTGGGACTGGAGTTTGATCCAGACCGGTCGGCATAACCCCAACAACCGAAGGAAGTCGTCGAGTTGGTCATCCGTGAGGCTCATCTGACGTTGATTCGGACCCGAGGGGCCACTCCTTCTAGTCTGGGACGATAGGTGTGGTGGACGATAATTGACGTTTCTTCAATAAGCAGCGTCATCGGTCCTTTAACCTTTCCTTGGATTCTATCGAAATTTCTGCGCGTGGGCTGGACATGGGAATGATAATGGGGACACGCCGCGCTTATTTAATCATACGTCGTCCAAGCTACGAGGGAGTGCGGCGGGTTGTTACCACGGCCATTGAGGCAACGGAATGCCATTTCACTGATTTCGTATCATTCTGTTCCCCGCGTTAATCGAGTTGTCTCCAAGCGTTTATATCAGCGCAGTGGCCCCATTATATAGCTCGAGGCATTTATAATCATTCGAGTGGGTCTGCGATCTACCCTGCCTATAACTCTAAGTCAAAGCTAACCTGATCGAGTCTTTAAGTACAAGGAAGAACCTGTTGATCAGCCATCAAAAGTGATAGCGCCCGTGGGTCTCAACCTACACGATGCGCTTTGGTGTTCGCTTAATGACCCCGCCTGGCGGCAATACGTCATCCACAAGAGACCGCCGGGCTCAAAGTTATAGCAGCATGACATGGGGGTTTGTCACGGTAAGTGCAGCCAACTCCGCCGCATTCCAAGTGGCAGCGTATGCTACTGCTGTTAACACCGACGGCACACTGTGC,1550,50.13,Arabidopsis thaliana
SEQ_710982,GGTAGCTAACACTCGGTCTGCGTCCGCGCCCCAGACAGCACGTAGACTAACCCTATAAATTCGGTGAGCGCTTCTGTATCGATCTCCATGTAATGAGCACCGGATTCTCCATTCCTCATGATTGCACGCTTCTCCAGATGGAGGTGCGCGACTCGGTGTGAGCTGTAACCGTGACCTCAGCCTGCTCTAGGAATTTCGCTTAAAGCACCATATAAAACAGCCCAACGGTTGCACCATGGTGAGTGGATCCTCCCAAGGACTTATACAAGGTTCATATGTCGCCATGTCAGGAGCTGGACGGGGCGCCTAATTTTTTTAGATGGCCGGAGAGTGGTTCCACGGCCAAAATGTTCTCGCCCTACAAGGAACTATTATTTGCTCGGTCACACAGAGGGTGCATACAACCCCTGAATTGGATTCCAGTCAGTGTTTGGAGGCGACTATAGGGCCGGCAAAAAAACTCTTGGCTCTAAACGAACGGTAATGGATGATAACATGGGGTGGCAGAGCGTCGCGAGAACCAGGTGTAGTGAAATTTCGGTCCGTAGGTGGTGCGCAAGTGGGTTCAGCGGTCGTGCGTAACTCAACGACGTTTGATCAACCCAACTTACGTAAATGCGCTGACAATTATTTCAAAACCCCGCTGCTCGATTGAATAACCCTATACATAATCCAGTGTAACTCCTAAGGTACCATAAGTAGGCGCTGCCCGCGGCTAGCTTGCGCGTGTCGTGGCGCTGCTGGATTCCTTCCCATATCACCAGGTAGCCGATGTGACTCCCGTTAAAATATCCTATTTGCCCTCCCAGCGACCGGCAGTCTTTACCGTCTAGCCTGGTGCATTGTTGCGATGTATTGGATATATACGTCCCTGGATAAATCATTCTGCGTCTTTGCAAGTGGTCTTAATCATAGGAACGAGAAACCGGTACTGGAGTACGTCAATGAGTGAGCTCACTCAACAACACCTCGTAAAATTTATTACTCAGTCTATTCTACCTTGTCACCCCTTATTGGCTGAGATAGGCCTAATAGACCAGAAAGGGACTGAACTATATGATCCCCCCATAAATCGCGAGAGCACGTTCGTCTTGGGATGAATGTGGGTCGCATGTGCATAATTCGCGTTGTGAGTTCCAGGGAAAACCATGCCAATGAATGTTTTTGCACACTCAGTGGGGGAAGT,1186,49.49,Homo sapiens
SEQ_733690,GATTACTGCGAAGCGCGTCGCTCTTCGGACCCGAGGCCCATTCATGATAGTTGGCGCGCTTAAACTTCAGACTGAAGTGTTCTGTTGGCGCATGGCGTCTTATTTGTTGGGACCCTAGATACGTACGCAGCCATAAGTCAGATACGGTTCTTTATGGCTGTTTGAGCGGACCTCGCCATTAAGTGAAATGATCAAAGAACCTTTCGGCAGATCCGAGCTCCAGATCGGATTACTGAGCTCCGAGGCGCTCCATCAATAGGCATCGGATTAATTAGAACTGCGACGGCAAGGGTTTAAACTTGAGTGTACTAAGTGCGGTCCAACAAGCCAAACGGTTTATTGCGGAGTGCATCTCGTCATGTCATCACTCCCACATATAACGATCGAACTGTAACTCACACTAAAGCATCAAAGTCAGATGCTGTTGTCGCCACGACCGTTCCCGTGAAACGACCACAGCCGCGCTCAATCGAAAAGCCATGTGTAGTTGTTGAAACGTCTGGTCCTACTGTTAAACTCATGCTGTGTCTCATGAAGCAAGCGAAATATGTGGCTGATAATCCACCATGCACCTGTTATCGCCATTTGTGGAGGGGGTTACTGAAACTGCGCTTTGCGGGATTACGTAAAATCTCTGAATGAAGAATACCACTCCCCGGGAACAGACCCTCGGGGTTAGACATAAGATGTTGCGAGATAACCGCTGCTAGATCACCGACACGGTGTGTTCTAGAGATCTGTTAGCTTAGCACACCCGAGCAGGATGAGGGGTCCGTCTTTAGCTCCGGAGTGCAGTACTCGGAACAAGCTCCGCATTTGAACGACTTCCAGGAGCACCACGAACTGGTTCGGAGACCCACTTGCTTTAAATGGAATAGTGGCCGGATCCAGAGGAGTATATAGGAAATACATTCG,915,49.4,Homo sapiens
SEQ_891567,ATCGTGAGAGCTTTACTGATGACCCGGCCGCGGCCGTCGACCGCGCTAGATAACTACCGAATGGCGAGGTCAGCGGCCGGTTGCAGCGACAAAAGAACGACCACTGTGGGCAGATCGCCCGTGACGTATATGAGATCACTGCACGAAGATAACAACATTGGCAGTCGTGCTTCCAGGCGTACTCGGACACAGCTGAAATGACAGAGGCGCAGTACCAGAACCACCCTCACGGAGCCGTCTAACCCCTAAGAGATTGGTTGGAGCGAGAAGACCAGTCGCGTCCAAATCGTAGAGGCTTTTTAGCGCGCAGAAAAGCGAATAGACGTCCGGTAAAGCAGTTTGTACATGTAGGCCTATTGTCTCTTCTCCCGCTAGCGGACCGCCATAAGAATCGTCGTTGCGAACCGAACGTGACAATAATGGTGTGAACGAATGGCACGCCTAGCACGAGTCGGACCCTCCTGACTCTCGCACGCTTACATCCTGAACGCGGTATGTATTGACGAAATGCCTCTCACCAGCGCAGCCTCCGACTCATAGTGAGGAGTAAGCGTCTTCGGGATCATTTCAATACTGTCAAGTCACCTATGTTTAGATCGAACCCTTGTCCTGCCACGACCACCCTTCTGATGGAACGGTGTGAAGCGCGGGTGCGGGCAAGGTTTGTGTCACCAGTGCTCCGTTATCTATGAAGAC,696,54.02,Arabidopsis thaliana
SEQ_913871,CTGGGGATTGTGAGGGTTCGGACCGACCCGCACCAATCTGCCGACTTAAACTACCCCTCTGCGTTTATGGTCGCGGGACTTTCCAATGTTTTGTGCGCGTACCTCATCTGAGGTCGAACGATCTGTTAAACTAATCACATGCGCTCCGACGCGTAGAGTGGGCGTAACCATGCGACCCTCGAAC,184,54.89,Homo sapiens
SEQ_599422,GGCCTCTATGATCCGTGACGCACAAGGTCTGAAATGAGACCGGGACCAACATGATATGACACCCTACTTATGCTAGACTTATTTTACACCCGGTGCTGTGAACTCGTATGAAGTACAAAAGTGAGCGCTTCCCTCTAAACGGACTGGCTGGCCAACTTGCCTCATAACACATGAAGCGGTAGGAATAGGCTTTGTCCGTAAATAAGTAACCCGCTGCGCGTCAAATACTATGTTTACGTCGATACCCTCCCGCCTGTTTATCTCAGCTTACGATATTAAGTGCTCAGGGGTGTTAGCGCTCGTTCAACGCTACCACTCTCGACGTACGTGTCTCTTCCTGTGAAATCATGACGGATAAGCTGGATTTGAGGATACGTCGACTAACTGGGCCGTCCTTTATCGTCACGTACGCAGACGTCCGAAATGTGTCATTGTAAGTACCTCCGGGTGAAGAATTGCCTGTTGTTCTACGTTAAGTCCCTGCCTGCAAGGGCCAGCACCATAGGGCAGCGATCTGGAGTTGAAAAGCCACTGATTAGCGCTATGTGGTGAAACATCGCCCAAATGAATAGTGCTTTCTCTAAATGATTTAAGTATTGTCCGTTCCACCTTTAAGCAACGCGAATGTAATTTACCGGGGCGTCACACCCACAGTGGAGCTCAGTTGGTGCTAAACCTTAAGCACTAAGTTTTCGGTAGTTTCCAGAACCTGAGCCTATGTAAGTTTAGTGGAACCTACCAAACTACACCTCCAGAACC,759,47.83,Mus musculus
SEQ_546429,TCATTAGCACTTTGTTATGAAACGGGATAAGCAAACTTCCGGTGACGATTACGGCACTCTGGTCTGCGTACAAGTTAAGCGAACCGAGGGTCCGCCTAAAAATTGTGAGGGTGAAGCTACGGTCGGAGTCCGTGTTTGTGAAATTGAGGAAAGACTAAGTCACCTGGTATTGAGCCATCGTAGGGAAGATACGCGTACTAATGCGCTACG,210,48.1,Mus musculus
SEQ_752135,GTTTATGTGGGTTTCATCCGCATATTCAGGGAGCATTACGTGCGAGCATACAGTTAGGGGACGAGTAGAGGACGACGTTTCGATTACCCACTGTGCGAGTGTTCTCTGACCTCGATTCGGATCAGCCATATCAGAGTCACAAGCAATCCCAAGTCTTGGTCCTCTTGATCTAATTCGGTGATCAGGGACCCTGCTACACAAGGAGCTACCCTACCATAAAACGCGCTCCGAATTGGACAGATATTTTACTTTATATTTAGGAATGACAGACTATCATTAGAGTCGAGAGCTTTAAGCGGTGCCAATTCGCTCAGTCAAGGCTGTACCGCGATAACCGACTCAAGTTGTTGTGATCTATATTCTGTAGACGTAGGCACGTTTGCACAGTTAAACAAGATAAAGGATCCCATACCTAGAAAGTCCTCTCAGGAAAACTTTGCACTAGGTATCTGAGTCTAGAATTGCTGATTCGCGAACTACACGTATGTCTCAGGTGTGTGAAGGTCGGTATACCGCCTCCCCCGCCTCTGTAAGTGACTGGAAACATATTGTTCGGGGCACCGAAAGTCCACCATACAAACAAAGCGCCCGAATATAGGACCCCTACTGAGCGACCCCTCCTTAACCACTTTAGCTGGAAATTACCTTTGCGTCGCGCTGCTATTCGACATTACATTCAACGCGGCCCGGGCTCCACAACAGGACGAATCACACGTTTACGTCCGTTGGACACATTCTCATTTCGGTCGGTCACTCCGGCCTCGTCAAATGGTCTGAAGAGGGACACGCAAACCCATAAGTGTCCAACGACGGCTATGCGCCCCTGCTACGACTACCTTAACTTGCGCGACTTAATGCCCGACCCATAGTCGTAAGACACTTTCCCGGCTGTTGGTGGTTTACAACGTCCAGTGTCATTCTACTCTGTACTGGAGGGGGTTACACCCGCTGTTGCCTTGGAGAGGCGGGCACGCCCTATCATATTGGCGAGTTTCGCAGACGGTGAGATTTCGGATTAGAGGTTGGTAAGCTAGATTAGTATACCTCTAGCTCTCGAAGTATTCGTTTGGACGCGGACAGGCCAAGGATCAGCACGAGACGAATTGCATAAAGAC,1115,49.42,Drosophila melanogaster
SEQ_759988,AGCTAGTCCAGCAACGAGGGCAAGGTCTGCTGAGCGCAGGCACAGTTCCACTCCCAATTGGAGTTAAGACCTGGACAAACGACTGCGCGGGCACGAGCACGACGCGACGACCCTATTTTACCGTTAATG,129,56.59,Escherichia coli
SEQ_659004,ATGTTTCCCTCGCTCCGAAAAGGCCCTAAACTCATGCTCTCTCTGTTTACTATAATTACAGAAAGGCGATGATTCTACTGAACGATTTGC,90,42.22,Homo sapiens
SEQ_610284,CTTGCCAACATGTCCGCATTACTATACTGCAAGGGGAACGACTGCTGCCTCGTTTGACCTGCGGGCGCGTCAGGCTCGGCGGGATCAGGCAGACGCTGGGCACTCCGCTCCCCAACGTGGGGTGCTAATACCGACGATCTATTGAAGCACTGATCATCCCAGGAAGTAGTCTGCATAAGTGGAATAGTCGCGTGATCTATAGAATTACACCGTACCTCGAGGATACACATCCCATAGAGCATCGATACCCAGCGCCGGTAGCAAGTCGTCAGGTCATACCTCTGAATTTTGCGAGACCCTACTGAGTGTATGGCATTGTTGTATTGCACCTGGGTCCACTGGGGATCGACACGGTAAAGAGATTGGCGAACTTGTCGGTTTCGAGCGGATTTCTACTGCGGATGTTCCTTGACCCCCCTTACTATCGACCCGCGGGGCGTTGTGTTATTTTGCCATCTATTTCAGACGAACAGTGCGAACTAAGCGGGGAACGTTTGAGTCCCACCACATAGACTTTTAGACATTTCGTTACACACACGGTAAAGCACGGTGTTTCTTGTCCCAGCCGAAATAAGACTCCACAACGTTGTATATCTGGGAGCATATTGACAACGCACATTTACACAAACCCCATCCTTTGATACCTTTCAACCACCAAGGCTAAAGCGGATTATAAATAAATTCTTTAATTCATAGGGAGTACTGTTTTCCACCCAACAATCCTCGACTGAAACACCCAGCGGAGTCCGTCAATTTTGGCACAGCCCCGCTCCGTCTGCGCAGGGGATGACCCGTTGACCGCAGCGTCTGTGAGTAATTGCAAACATCATGGCCACACCGGGAGGTAGGTTTCTCGTAACTAAGAGTGGTCCCCGCCCACATCCTAGCGGCGCCGCCATTTTACTATACTTTTCGGATTTAAGGGACGGAGGGTTTAGGGGGGCCCTAACCTAACCAGTAACCGGCTCTAAATCGATACAACTAGTCCGCTGGTGTCAAATCTCATCCCGGACGTTGCGCGTGAGAATAATC,1032,50.97,Drosophila melanogaster
SEQ_928686,GATAGCAGGTGTTTTGAGTAGAGAACATGCTGGTAAAGCGCGCCAGTGGGCACAGCCTGCTGCCGGAAACCCGCTGAATTCCCTCTGCATTAGACAGCAGAGCCATAAGCGGATGGGAAAACCCACACTAACACGATGAGGGCGTCTTGTACGGCGGTAGACGTTTTATCAAATACGGCCTCATTTGGGTAGGGGAATTAACCGGGCCTTAATGCCGCTATAATTGTTCAAAACTTGAGCTAGTCTAGGCAACTAGACTTCTATACGTCCCAGTTAACTGCATACATAGGGTGGACATGGAACGGCTCGCCGTGGCCGATCCGGGGTGAAACTACACGGACGGAACGGCGTCCATTGCTGCACCCTTGCTGTTCGCCACGACAGAAACCCGAGTAACAATCTTTCTACGGACGGTACGAGCCGAATCATAACAGTTGAAAACATATGACCTATCCAAGAACGCGCCGCGCACTTACGAGCCGAGACACGAGGCATATCAGCGTCATTGCCAAAACAACGATTTGGGTTTGA,531,51.41,Saccharomyces cerevisiae
SEQ_245709,ACTGTTCGTCGACCCAGCTAACCATCCATTGCTCAAATTGCGTGTAACGGTTTTCTGGGGCTTTCCCTACGACACGAAGTATGGGAAAGCCGCGGAAACACTCGACCCATCCTCTCTGTGTAAGGATAGGTCCGTTTCAGATGGGTTGGTGTGCAGATTTCAATGTGGTGGTGTATGATTTTCCCCTAAGATATCTGCCCACCCAGTGCGTCTGTGGCCGGACCAATGAGTTCTCCACTAGCGGAGCCCATTGAATACAGGTCTGCGGGGGGACGTCGCTTGAATGGGAACTTCTCCGCCCTATCCCACACTCGTACTGGCACCCGAGTATTAATTGGTAGCCTGTCGCGGGAAAGCTGGGCCATTAATAGCCATGTAGGCCGCTGGCGATTCAGCAGAGATTCACCGTGATTGGCTGGTGCATGCGGTAGGGAAACCAACGGTTTGGCTCCTCCTTCATGCACCGAACTAAGGTTGAAAACAATTACAAGATCCAATTGTGAGTAACAAGTACGGATGGCCAGTCCGCAATACATCACGACGGACCGAGGTCCCAAGATAAAAAAATCTCGGCCTTCAAAATTCCGTTAGGATACAAAGACAGCATAAATCGAGCTTGTCCTGGGTGCATAACGTATCGATACCCCGTTGATGTCGTGGGCGCTTGTGTTGCGACGATCCCAGTTCAAACCGGATGAGGTCTCGGTCGATCCTTCTGCTTACCCGAGGTGGCCATGATAACAGGCTATCCTGGGAAACAACTGGGCAGCAACTCCGTCGTGTGGCGGCCCGTCCGGGTAACGTACCCCCTCGCAATGCAGCTTTAACCTACATTGAGTCAGAAGACTTTGAGGACTTTGCCCTTTGCTTTATCCATCCTCCATGGGAGAGAGAATATGGCCTGCAGAGCATCTAGGCAAGCGTTATTAGACAGTAAATAAGACGGCAACCTTGTTTTTTTAGACACGCATAGAGAGACGTATCAGATTTCATCTTTAGCATCTAAGACACCCAGTCGCTCCTAGAGTGCACGATCTCGTCTGAGAGAAAGAACAAGTAGCTAGCAGGTGGATTATTCTCGCACCTCTTAAGTCGGAGACCCCCCCGACCTGTTGCATCCCGGGGGGCTCAATACATACCGCCAGCTCCAAGCGGCGCACTTCGCGTGAATGCTCTCACGTGGTATTGCACGCTGCATCCAACGGCATAGGGGGTGGCATTACGAGCTGAAGAGGGCCTCATGACCATCAGCCACTAGTTAATCCGTTTTTGTGCACTGCTTTATGTTAACTCATAGGCTGATTATTTAGGCCGCAACGCTCCCAGGGCGACAGGTCGCCTCCCTCTAGCAACATCGGGGTGGAGAATCCGTTAGGATACAGTCATCCTGGTTTTGCAGGAAGAGCCTCCGATAGAACCTACTTCGAGTGCACCCGTCATGATGATTATAGTCCCCTTAAGTATAGCCTTTCCACCCGGTCCTATATAGTGTAAGCCAACCTAACATGGTTTCAAACTTGTGGGCAATGGGCGCATTGTCAACACCGACCGAAGTAT,1557,51.25,Escherichia coli
SEQ_699190,CCAGTATATGCGAGAAGCCTAAAAGCGAGCACCAGACCTGTTGGACACCCAATAAAACTCTATGTACAACAGCATGTGAAGAACAACCCCGCGTGCTCGATAGGCCACAAGGCGACCAGGACCGAATTTACTACTGCGGGTCTGCAGTTATCTGTATCTGAGTCTCGAACCTCGTAGCACTGGACATCGATGCCATGGCGTCCTTCTAGGGCCGTAGGACGACTTACCAGCAACCTGATATGCAATACTTGCAAAGCGATCATTCATGTGCTAATGTTGAATGAAAGTCGCCGATCGAACCTAAATTGTGGGGACCACGTAATATTACTGGCATCCTCGTGATTGCTGCGTCAAAATAGTAAAGGTAAACACGTGCCTCGTAAAGGCAACTAGTAGAGAGCGTGTTTCATCTCCAGTTCCTCCCCACTACATCTCTCGGGGCTCGACGTTGCTTATGAAGAAAACCTTTCGCTTGGCACATGAAAGACCTAGGGAAACTAGGCCGTGGGTGAGGCCAAGGGGAACCGCCACATGGGGCCAACGCAAGCAACGTCCACGGCGACGATAAGCTTCTCCATTTAGAAATGACACCCGCCTGTCCCCGCTGCACCGTCGGCGTACACGTAATCTGCTACGAATCACTGAACTCACAGCTAAGCGCCTAAATCTATACTCTGATGAACGCCAAAGTGCCTCATTGGGTAGTAATTACAGGCGGGACGGTATGGCCGCCACTCTACTCGGCCACGGTGTTGTGAGTTAACAGCGTGAAAGATCTGTGTTGTAAGACAAAAGTGAAATAGTATGGTGGTCGATTTCCACGATTGTTGTGAAAGTGCTGCTTGTTCATTGCTTTGTCGGCATGGGGATAAGGCCCTCGACCGAGCGCTCTGCACCCCATGCCTAGGATTTTCGTCATTGACAATGTCAGGGCTCAAAGATAGCGAAGTAATCAAACGATTTGCTCCAGGGAGAAAAAGAGACAACGGTTGTCCAATAATTATTTAGATCAGTAATTGAGGGGACCGCTATGTAGGCGCCACAGTGCTCTTCATGGTCAACAGGATGTTCGTTTATCAAGTCTATCGTCATACGGTATAGGTCACTCAAAACGAATTTAGCATAAGATCACGACGTGCCATCGAGGCGACGAGCGGTGAAAGACAACGAACCAATCTTTTGTAGCGGCACCGTGGATTATACATCCGCAATAGAAGAGAGTAATACAGCACTATCAGCGGATATCAGTGATACTATTATGTTACCATTTATGCAGACCTTTGTGCGGTGCGCGATCCGGCCATGACCGCAATGCAGGCTTTTATCGGCGGGCTATG,1337,48.99,Caenorhabditis elegans
SEQ_591458,GAATATGCGCTAGGGAATTCGATTAGCGCGCATGCGATGAATGCTGCCCCGCTTCCAGCTATCTGCAGGGTAGGAATGTTGATCTAGAGGAAGATGAGCCTCTGGCGCATATCCACACACAAGCGGTTCCTTTAAGATACCTTCTCCGGAGTCAGGATAAGTGTTACAGGACGATCGGTTATTTTCAACCAGCTCTAGCCCTATCGCGGCGTTATCTAAGTCCATACGCCATTTGTTACAGTAGTATTCGCTGGTAATAAACATCCCCGCTGATCTGCCGGGCACTCTCGCCAGGGACGGAGTTGGATGGGCTCCGGCGGTAGACAGCAGATGTGACCTAGCCAGCCCTGTGGATAGGCGAGGGGAGGGCTAGGACCTCCGACTGCACGCCCCCCCTGGTCGTGAATAACTGGTGCGAGCATGCGTATCAGCAAGATCTACAAGCCGGACTATGGTCGGCGAGCACCCAACTGTCGTACCGAGGTAGGACGCCTATCTGAGTTCCATTCTCAACCAGGTCACCATAGGGTTGTATTGTTGCATTTGGAACCA,552,53.8,Arabidopsis thaliana
SEQ_395125,TTCGTCTGATCAGACCCTTTTAGAGCCGTCTCCTAGTCTCGTAAGCATATAGGCCGCCAGTTTCCTTGCGCGCGTAGGTAGAGTGCGGCAGGAGGCGAATGTCATTATTAGACTGTCGGGGAGTTCGCATGTTGGCACCCAGGGCGTAAAAGCCGGTGCAGCATGACCACCGGAGGTGGTTTCAAGAAATGTATGTCGGTCGCTTATATGGTTTGATTTTCGGGACGACCAGAAGCAATATGGTTTCAATCATGTAGGTTCTATCCCATGCGCCAAAAGTCGCGAGCGATTCCCATTTAATTTGCAAGTGACAAATATCATCGAGCCCTAGTGCCGGTAGCAGGGAGTAAACGCGGTTAAACGGGTGCAGGCGGTATATTAAGAGCCTCCACTCGACAACTTCGGCGCAGAGTTCCTCTTCATGCTAAGTCAACTAGGTCTTGTGCAAAGCTAAGACACCTACCGTGGACAATGCTATTAACACATTGATTGCACATGTTCATTGAGGTAGCGACATACGCCCGATCCTATGCCCAGCTAGATGAGGCTTTCGGGGCAACTAAATGGCTTATTGCCTACGTAAGGAAGTTCCTGGATCGCTGGCGGAATACTCAGCATCGTAACGCAGTAGGTGAAGCAAAGTGACATAGCACACTACCCAGAAGTGCACACCTCCTTTACATTTTTGGC,690,49.57,Drosophila melanogaster
SEQ_308559,ATCTTGGGGCTCATGCTCCGTACGTACTACCAGCCATAGATGCCATGTCGCTTGTCACACCGCGCCGATTAAAGCAGGTCACATGCACACGGGCGCCTACTGGAACGCAGAGGCTCAAAGTAGACAGTGTCGAGTACAAAGCAAAATGCCATGTGGGCGCTGCTAGGTGTTTATAGCCTGGTCTGCGCCACTGGGTGCGGTTGCCATGGATCCGCATTGGTTGGACTGTAACCTCGTGGAACATCTTATACGCTGGACAGGGGGACGGGATTACGAATACTGTATTTCGCAGGCGCCGCCCGTTTACAATTACACTCAAATTATGGCTTCTG,332,53.31,Caenorhabditis elegans
SEQ_107962,CCTTCGATCTACCAAAAGCTCCTGATTATTGCACATTCGTGCAAACCGCGCTGCCATACATCCGGCACTATACCCGCGTAGCTCATGGTACGCCTGCTTGCATCATCTCAGCACGATGCGAGACCCCGCTTAGGCGTCTGTTTCAACTGTACGCCGGAAACATTCTCCGAGCAAGCACAGACTACCCAGGCGCCGGGGCATTTGCTCGCAGGGTATTTTACATTTCATCTATAAGACAACCAAAACCAACTATTCCGACAACGCACACTAGGACCGACGGACTGTTGGGACTAGAATAGACCTATCCTACTATCCCCTGTCGCAATATTCTGTCCCACGACTAGTAGCGGCGCACGGTTCCGCCTTAGAGTTCATTATAACAGCGGTTTTTGAAGTCTGTCTGGAGGTAGCATCTGGGGGTTGGCGTTGACTGATCTTTGACATACCCATTTGGCGCCACCCATAGTCGTCCTAACAAGCACATGTCTGACTATTCAAAGTTACGAAGGCCTGGCTTTCTGGATCCGTACACAGGAGATTACTGTAACGACGTGTACTATACCTGCAGAGGGAGAGGTTTTCTAATAGCCTTTCTCAGGCTGGGCTTTGGTCCGAGCCAAGCGGGCTAGTCCGCACCCCACGAAGGCCGTCATACTTTTACCATATATTGCCGAGTTTCGAGTGAATCAGACACCACGTCGTGATTTCCGCTAGCTACATTGTTTATCACATCATTTAGGTCGGACCCGATGGCAAACAAGAGGGGCGCGCCCCGGAGACTTTTGTATGACGGTCGGGTTTGCATGCGCTCTTTCTTTGGTTTTTTATAAATTTAAAACTATGATTTTTAGTATGTTAGTTCGTTTTCTATCACACGGCCTCCGTACCTAGGTAGATGTCGCTCGTTTCCGCCCGCTTTTCGGTGCCGTTCATAACGCTAATTGTAATGCTTCGCGGGCGAGTCTGATACGTCGGAACTGGCGACTCCGTTGCCGCACGCCGGCGTAAGCCAGGGGCCACGGCCCGGCAGAGTATACACGTGTTGTAAGCGTCGATCCCTACTGAGCACCCCGTCAGTCCTCTCTATAACATGTTTGTTCCATCCCTGTGCGGTGGATCTGTGGTACCGCTTCACCAATAATCGCTACCGACTACCTGCATCCTAATCTTTGTTTGCTTCTTCAAGGAAGCATCTGCACATCGGTGCACTCCTATTTTTGTGATGGCATCATCATCGGCCCCCAAACTGGACGTGGTGGCCTCGTTTGCGTTGCCACATATCACCGGATCTTCCCGTGTTCCACCCTGGATACCACAGAGTTGCCCTTTGGCTCGATTAGGCTTCCCACATAGAAAATCCCGCACAGGGCCGCTCTGCATACGGTTGGCATCGGGAGAAGTCCCTGTGACATGGCACGTGACGCGTCAAATCATCTTGGATTAAAGCTGCGGTTCTTATTATAGTGCGAGTGGCCCCCTATTTATCTTTGACTGACGGAAGCATGCTGACCACTCCAGCTGCATTATTCAACTTCGTTTATCCCGCTTTTTGAGTTGTAGCCAGGCGGCCCGGTTGCCATGTTAACTAATGTATTTTGCTTGTGCGTACCCTAACCAATTACATTAAGTAGCTGCACTCAAGCCCCGTCAGAATAGCGAAGCAGGGCGGCATT,1673,50.87,Caenorhabditis elegans
SEQ_257108,GGTCCTGGTATCGGGCTGGAGGTTAGACAGCCCGCCTCAGCACTGTACGATCCCACAGAGCTGATAACATAAGTTCCCACGCGTTTGGCATCGTTCTCGGTTGGCTTTCGATGTACTAGTTTCAACAGCCCGAATCCTCTGATTTTGTATGTCTATAACCCCCGGTCCATAGCTTTACAGTAAGAAAGACTTGTATCCGAGCCTGAAGCGTCCCACTTGCAT,222,50.45,Mus musculus
SEQ_880967,AGCCTTGGCTTCCGTCCACCAGATGATTTTATTTACGCCCCGTCCATATCGGGCTCGGGCATACAATTAGAAACTACCATGACAACAGGGAACGTCGGGAAATTTATACTATACGGACTAGAATACTGCTCACAAGCACTATAGTAACCGTGGCTAGCCCGGCTACCGAGCGGTCGCTTCGTCCTGCCTGGTGTGGTCAAGAGTCTCGACGAGCCCGTACTTTGTACGGCTACACTGGGGCCAAACGGATCTTAATTGTTTCCTTGGAGAGCTAGCTATATAGTGGACCGCCATGAGAGCCGACAACTAAACAGACCCCTTATGATAGCTGTAAATTGGATGGCCTTGCCCATGGAGCGCCGAATTAGGTCGCTCGCAATGTTTGATCCATTTATATGTCATCTATGATTCAGGGCGGCATTCACGAATGGGGCGTGATACGCAAGTGCTCTCATTATGCCTAAGAGCCCTTAATATTAATGCCGGTCTAAATGCGAGGAAAGCTTACCTGGGATGCACCCCTAGGGTCGGTGGCACTAAGTTAAGAGTGCTCAGTTTGCCTTTCCAAGCAATGTATGTAGAGGCGGCACCTGTTTACATGTCTGGACAGCTCTATAGCTCCA,623,49.6,Homo sapiens
SEQ_310789,ACGACATGATCCTCACTCCTTATACGATCAGTCTATCCGCCATTCTCGCATCGCTCGTGCACAATTTGTCCGATAGGCTAAGACTCTACTGTTGTGATGTATTTTCCTTTAAGCACTCTCGGATATTCGCCCACGTCTCGCTCATTAGGAAATACACTGTCCCCCCAAAACACCGGATGGTAATTCCTTGGGCATAGTAGGGAAGTATTGACTTCATGGACAGACCCTAAAGCAATGACTTGCTGGCGCACTAGGGGCGGCGGTTATAAAAGCTTTATCGGAACAGGTCAGATGATGGAGGAGGAAACTCCGTGCCACCTCAGCAAGGTAAAACCGCTAATTCCATTCTGCCTCGGCGTCGCTAGGATCGATTGTCCCGGCTCGGAACTACACAATATAGGTGTGCTTATGGCCCACCAGCGCCATGGTGGGTATGTTCGAGCGATGCTACCGCTATCTCCATTGAGTGCGTGGGTGCAGCCGTAGTCTACAGGAGCTGAGCAGATTGCTCGACCCAAATCTTCGAGCACGTCTGGTCGTAGCTTTGACTAATAGCATTGACATTGCGTCGTATCTTCCGTAGACATGATGTACAAGCATTATGGTTCCAGTAGACTCTTCCCTCACCCACATTTGCCGACTTCTTCAGATTCGGTGGAATATCCCCCCCGCTCGCAGCATGTTTGACAGCCTCGTCATCACACATCGCGACTGTTAGTTTAGCGAGCGATAGAGGCGTGAAGCTGGCACTGTCGTGTCACAGACCCACGGCACCCCATGTGGCAGCGGGACGTGGAACTGGGCGTCTAAAGCACCGCCTGTGTGTATTGGGGCTTGCTATTGAACCGTTTAAGTCGAGGCTTGGTGTTGATGTTGATTCATCAAGAGGAGCTTTCTACCAGACGAGTGGCGGAGTACATTCAAACAATTTGCAACGAAGTATTCAGTCAGCAGGTCTACCGATGTGGGGTTCGGCCGATTATAATATTGTAAGCTCCACAGGGAGGCTTTCAAGGGGCTTCTGGCGACTTACACTGTCAAATTCCAGGAAGCCTGCTCAATGTCAGCGCGGTCAAAGCGTGTCAGATCAGTCTATGTTTCAGTATCACATTTGACTCGAACTCATGATTGACCGCACAAAAACCGCTGATATATAAGTGACCACCGCAGTC,1172,50.34,Escherichia coli
SEQ_872326,GGAGGCCGCCATCGAAAACTCGTAGTTTGTTATGCTTTCTAGAGTCGTGATGGAGGAGCTCGACATTACTGGGTCGGGACAGGATACTGTTACAATCTAACGGCCTGTGACCCGCACAGCATTAGCGTGTGAATGGTGTATGTCTTGCGCTAGGTCCCGAATATCGCAAGTTTCGCGCTCGTAGTATCGACCCAAAGGGTGTCATCGCATTAACGGAGATTACTCTACGGTTCAGACCTCAACCCGTGAGGTGTAGATCGCCCCGTGACCAGGATTTCGCACTCCTGCTACGCGATACCGTATCGATATCATGTGAGCCTGTTGCGTTTCCAAAGGTGTACGCTCTAACCTCAGTAGGATGCGCTAGTAGTTCCGAGTAGGTTACAGGCTATTATGCTAAATTATCGTGCGCCATCCCTCCACCACCTCGAAAGATTTGCGTCTAACGGAACAACCCCACACCGGACCTATGACGAGTTGAGTTCTCAATCGGTTTGGGGGGAATTCGACTGGGCGCCCATCTATGCCCTCCCCCGTTAGAGTGTCACGATTCCTCTCCTGCATCCCCATGCCCCAATGCTCAGAGAAAATGGTGCAACCTGATCAGAAGCCGCCGTGAAGATGAGTAACATAAGCTCCCATGTCAACCTAGCACTAGCATAACTCACCTGTATCGGCTAGTCATATCTTTTCTGATCGGTTACGGCAACTCAAATGCCATCTAGCTTCGACATAGACGCTCAGCGAGTCCACGTTTTCTATATCTGGACATCTTCAGCACTTTAGACCAAATGAAGAAACCCGTTGGATGCCCACTGGTCCAACGTGCCCTAATGGTGTGGAGTGTCTGTCTAGACGCTCTCGCCCATCCCTTGGGTATATAAATTACAGTACGCATAGTCGTAGTGTCAGCTGGCGATTTCGGAATCGTCGCTGCACAGTAAGCACGTGAGGCCATGCACTTATTTGTCGGGGATACCATCTTGTTCTGGAGAGGCGTTTTCGGCCAAGTCCTAAACGTGGGGGGCAGCCATAGGGAACTATCAGGTGAAACTTAGGACTGGTTGTTAGCCATCCTTCGTAGTGTCCAACGCCTTGTTGTAAGGGAG,1109,50.86,Drosophila melanogaster
SEQ_205181,TCCGCCCGAGTAGGCAGAAAAAGGTGCACTTACGATCCCCGGGGGCCCACAATGTACAAGGATAAACACGAGTGTCGTGAACTATAGGGTCACTCCCTGCCCCTTTCCCATCCAGCTTTCCGAGGAGATGTGAGCCAAACCGGGCCCGATGTCTAGCCTGTTTTAGATTAGAGCTTTTGTACCTTCCGGAGTACAGGCATTCATCGGCAGATTTGCGGAGCGTAGATCATGTACCCGAGGCATAATGTTGCACTTGGACGGCGCCGAGACATCGGCCAGAGCTAGCGTTTGAGATCATCCAATCTTATCTCTAGGCGTTGCTACCCTGCAATCGGGCGACGCGAGTAGGCCACAGGTTAAGGGTGACGGCCCTCGTTTGCATTCATGTAAGAGGGTATTTGGCGGACGGGACTGCCACCAAGACCACAGACGAGCGTGGCGAATTTATGAGTGTCCTACCAACAGCGGAACAAAGCCTACAGCCAATCGTGTCTAGCGAGGTTGTGAATCCTCCATCAATGTTAACTCCCCCTCCTTGCCGGATAGGGGGTAGTGATCCGCGGGACGTCTTGGGCTCTGTATGCGCGCAATATAGGCGATGTTCCACACACATCACGTAGTATGAAAACGCTCCGGTGTCCGCGAGTCTAGTCGGGGAGATTATTTACAATCGCATGCCGCTCGAGACTCTTCATGGCAGCTCCGGCGTCCCTGAGTACACATCTCCAATAATTACAATTTAAGCTATAATGTATACACTGTCAGCTCGTACATACTTATGAGACGAGGGGGAGAAGATCTGTTGTGGTAACTTGGTGGCCTGGTCATAGGGCTAACGATAAGATAAGGTTTGAGACCCTCCCTCCGATATACCATTGCCGTGCATCAAGGCCCCTCCAGCAGCTGCCTCAAGGACGGGTCCACCGTT,928,52.91,Arabidopsis thaliana
SEQ_603640,CCTTAGTGGATGTCGGCTCAAGGCTATTAATTAGGCTTGCGTGCTCCCAAGCGTCCGCGCGCGTATCTGCCTCGGTAGTCGCAAAGGTGACGATATCTAGTACGGGAGGTGGCCCGTCTACGGTTTGTACAGACAACATTTGAGCACAGGAAGTAAATAACGAACGGGTCCCTGCTCGCCAAGGGACTAAACATCCGAGGACGCGCAACACAGGCATTTGCAGGTAATGGTTTCGACGCCGAGCCGGACAATTGTAGAGTTTCGAGACACCGTTGCACCTAATAGTCTGTTTAGCCGTTCAATTTCTTGGCCTTCAGGTGGTCTCACAATCTTTATTATAATGCGAGGAGCATGAGGCAGACTGAGGCTCGAATGTCAGCCGCTTAGTACAAGAGAACGGGCCCCCTAACCTCGTAACTCGGAACCTAAAGTTCAACACACACTCGCAACTTGAAGGGTCCGGCAGACGCTCTCCGTAGACAAGTTCAGCGCTTGAAATTTTCTCTAGTGTTTGGATTATTCGCGGCGACGGCTCTGTGCACGACCTATACTTTCCTACCCATATGTTAAGTGGATTGACGGGTGTAATAGCTTTGCCCGCCTGCATCGCCACATAGGCTGCCTTCATCCGTGCTCTACCGCAGAGAATTCTTACCTCTAACCTTTCTTGGCTGTGCTATAACTCAACGCCGGATATAGTGTGTTACCCTGTACAATTCTTTGTGAAGTATAAAGCGACCGGACAGGCAGCAATCAAGATAGGCTTTCACACTACCGGTTTGTAGGTTGTACACTGGGCAACTTTTTTATACGGGTGCTTCTAACCCTCGTGCGACTGAAATAATACTGTGATCGAGAAGCCGCGCCCCGGAACCGAATGACTTTGATCAGTGCTTAGGTGAGCTTCCCTATAGGGCCCTTCTCCCTTAGGCTCTACCTTTTTAGGCCTAACTGGTCCAGACAGTTCGCCTTCAGTTGATGATAGCTCTACTAGAAGTAACGGGAGCTTATGGCTGGGGCGGACAGTCTCATAAGGGCACGGGTGGTCGCTTCGGCGCGGTATCGCTTTTCTATGGCAGTCGAATACAACGTCCGGATACGCATATCGCGCAAGCACGAGAGGATGGGAATGAAGATCTGCTACTTCCTAGGAGGTCTTTGCCCGAACCATGCATGAGCGCTAGCAATTATTTTCAAGAATCTAGGACCGTTACTGGAACAGCAGATCAGAAGGCTGCTACAACCAAGTATATCGCATACATTCACCGCTCCCTTGGGTGACCAGCTCCTGCCTGGTATCTGGGTAACACGCGCTGGGTGTAATTCGGATATTAGAACGCCACTTCTGCAATTTTATCTAGAGCCTGAGGACCTTAGGGATAACGACGCGACAAGCAGCTACTACCACGACATTAGGACTACTGGGTCCAACTTACTACAGTCGTGGTGGAGGTGTCTGTGCTCGATACCCACCGAAGCAAGCCCTACAATTAATGATACGGATGGACCGAGAGGATTGTTTTTGGGCCTTCATTCGATAACAGAACGCATTAGCAGACATGCGCCTGCCGGCAGAACCGTCATT,1585,50.41,Caenorhabditis elegans
SEQ_808605,CTGGTCTAAAAACCCGACGCTTTCACTTCCAGTGATTTTCCCGGTACCGATGACCCAGTGCGCCCAGGATTTCCGGCGCCTTGACGCCGTTGACTACGTGAGTTGTGATCACTACTATATGAGGTACTCGTGGTAGTAGTGGCCGGGGGCTAGGTGGTCTCGCGTCAAGAGGTACAAATGGCCTGCTTTCCGACATCATAGCTTCGGCCCCGCCACAACGCAAACAACGTTAACTGCTGAACGAAGTTAGTTGACTGAGCCGTATTACCTCGTATATCCATAGTGTGCGAGCTCAGGCGCAACAATGACGTTACGATTCCACAAACCCTCACACTGGTTTTGTCAGAAGCTCCCAAGTTCGAAGTGGGACATGGAGAAGAATCCTGTGCGAGCAGGCTTGGGGCTCTGGCGTCCATGCATCGAGGTTCCTGTGATAAAGACAG,443,52.82,Caenorhabditis elegans
SEQ_499540,ACTCTTGTTTTGCGTGTATCTCCTACAAGAGAAACCTCCAGCATTGCATCAAGATGGTGAGTAGGCATAGTCTCGCCATAATCGTGGTACTCTAAGATGATACCGCCAGGATCCAAACGCCCGATGAGGAGTATATCCCGTAGCGGCCCTTAGGGGCCACGGCTTAGAGTTTTTGACTGAGTTGAATTAGAGATAATTGCGGAGGGCTACGACCTGGGAGGACTGTGTAAGACCACAGACGTAATCGCGGAGTTCGTACTCGGCGCAACTCTCTATATCTAATAAAGGGTACGATCATGGTATCCGGCCTGCGAGAGGTCACGCTGTGTGATCAGCCACGTAGAGAGGCGTTGTATAAGTAAAATCGGCCTATGGTCACCGCGGTTTGGGACCCCAAAATAATATATAGAGGGGAACAAGACTTGACTCGTTGAGCTATGAGGGGCTACTGAGACTCCGTGCCCGGTGTGGCCATCTCAGTATGTAAATGCGTTTCAGGTTACCTTCCCCAACCATTGCGCATACCG,527,50.28,Homo sapiens
SEQ_682283,ACACTAGATTTTGAACACCTGTTAGAATGATATAAATGACCTCGTGGACTTTGAAGACCGAGCAGACTGGCTTAAAAATCTGCTCTCGTTTCCGACCCAACTAAAAAATTTGGATGGTAAAGGTCAGCTATCACTGGCTCCAGCTGTGTTTAACCTCATGACAATAAGACTCGCGTCGCAGTTATATCGCGGTCTTATGGACTCCAACTTAGTGCCATCTTGGCTCGAAAAAGCTATTCGTGAAGCCGCATTACAGGAACTATGGGCGCAGCACACGTCCAAGAAGTGCTAAGTTCGGCAACAAATTTTGTTAGCGACCACTGGAGAGAGTTCGGGCTTCGCGCTTGCTACCTGTACAGCGTGGACTGAAACTCCTATGGACATGTACTGAGTAGGGCTGGATTGGTTGGATCGGTGAATCGTAAGAAAGAGAACTTACCAGTCAGCTTATGGCAGGTCATGGCAGCTGCTGTATATATCTGGACGATGCCGGAAAAGCTTACTACAAACAAATCCGTGCTCCGTCGTTACCCTTAGCGGACGCGCTATGACCTCTCACCCGAGGGAACTAGGCTTTTGGTGGCGCACAGTCATCGTTTGTTTCCCCCTGTTTAGGGCCGGGCGTCTCACCTGGTACCACTCTAGACTACGTGACAACAATTCTAATAGGCCGTCGCAGTCTAAGCATGTATTCGCAACACTTCCCCGTGTCCGTGGATTTAGATATGGTACCTTCATGCAAGAGCCGTGCGGCGAACCTCTGTCCCGGCGCCAGAACGTGATCTGTCCCCGTCAAGTTCCCATTCCAGAAATAGCAAACGGATCTGGAAACGATCCCCGGGCCCGGGGCGGGAACAGTCAATAATTACGCGAGTTAGCCCACCCAGGTCACTGTTGATCCCCTTCGGGAGCCGAGAACGAAAATGCTTTGAGAAGCGGGGAGCGCCCGAGCCCTACGGTCAGCTAGCTAATGCATCACCCCACTTTCTCTGACAGACACATTGGACTGCAAGATTCTACAAACAGGCAGAAAGAACTTTCGCTTCCCTCTTGCCCACTCTGTGCTCATGACCATACGTGTCCCAGAGTCATACCGCTGATTCTAACTGAAAGGGACTATTTAATTTATTAGTTCGTTAATATCTGGGCGTAGTAGTAGAGCCTGCCCCGCTGCGTAGGCGGGGGGTTCTAGAGAGGCCCATACCGCGTCTCTGTCCGCGGGTTGCAGACGATTGACCCGACGCTGGGCTGTCTGTTGGTGTCCCCTGGAGCATGAGACGAGATTAATTTTTACAAATAGTTATGACTGAAAACCCGGATACTCACCTGCCGAAATTGTAATT,1343,50.48,Drosophila melanogaster
SEQ_679218,GGTACCCTCTTCTGTTTGTCTTGACACGGATCTGTGATGCAATGGAGCACATCGTGACCTTCTCTTGTGATCCGTCTGACCCTAATTAGTCTTCCTGCTCTGGACTGTGGATGTCTTAATCGTACATTACTGTTATCTTGCCGCCTCACGCTGCTACGTGTGATTATGAATGAGCTACTTGGCAGGCCCTGGATTGTAGGATCCATATGAAGTCATCATAGTTATAGTTGACACAAGCCATAGGCCAATTTTTCAGGCTCACGAGCGCAGAGTGTAGAATCCACAGTGTGCCCTAGGTACTGGGCTTG,308,47.73,Arabidopsis thaliana
SEQ_127976,GCACATTTCCGTTTAAGACACCATGCCATAGCATGAATTCTCCTGTTCAACGCACCCGGGTTGAACTCGCTATGCTCCCTAGTTCGCTGGCCCCAGTGGAGGCTGATATGCCGATGCTGAAAGCGGTGGTCAAACATGGGAAGTGCGGTAGTGCAGGACGAGCTGTATTTGAACACTATCTGACCGGTCAGGTTGGAGCGCCCGTCCTTCTACTCCCAGAGGTGTCCAAGCCTTGGTTGCGACGCACAGGTATGGTTAATGACAGGGATCATACTGAGATATGTAATCCCCCTTAGGTAT,300,52.33,Mus musculus
SEQ_756332,ATGCGCCCTCATGTCATACGACCTATGAGGCATCCGATGCATGTGCAAGCAGTTCGCCAAGAACCACTTCTCTTTGACATTGCTAAACATATGTCTTCTTTCTCTTGCTATATACACAAAAGAGTACGTAATTGTGATTAGACGCCCCCCAGTAGAGTGACGTCGCTATCGGTAGATAGGGGGGTCGTCTCAAGTGTATGTCCGCATGTTCATCACATCTCCGTAAATAGGCAAAAATGGACAAAGTTGGCCAGATTGTTTGCACGTGGCCCAATCATGTTGGCGCCGCTTGCATGAGTATTTAAAGACGCCTCGAAATCGAAGTTTCACCCTTAACCGACCTGCTACTGTGAAAATGCATCCCGCATAATTGCCCTATATGAGTCACTTAGCGATTCTCGTGAGACCACTGTGTGATGCGAGCGAGTTCTAGAGGCATGGTACACAGAGTCCATCCTACTGAAATTACACAAAGGTTTTTTCGTTTAGTTGCATCGAAGAATGCGGAACTGGTGTATCCTCAGTTGCAAACGGGTCTCTTTACTTCGTGGCGGTGTTTCAACCAAAGGGAGCAACTTCCTGGCCAGTACTGGTCGATATTCCGACATTTCAATCGGTCCGTCCTCATATCAGACACTTCAGTTCCGCGTCCGGTCTTCTAAACTGGTAAATTTGCGGAACGCCTTTCGCTGGGCTTGGAGTCCGCTACGTGGCGCTTGCTTTTTCATATTAGCGCTTGCCTACTGATACATTATCAATCGCCTGGACGAACGTTACGGACCGTATCCTAAATAAGCAGTAGTTGCTCGGTGGAGGGAGCGGTCGAGGTCGTGAATCGTAGCATAACGCGGGTCTTGTGTTCGATTGCAGGTAAGCCCTTAGCGGGTCAGCGGTCGGATAGGTCGCTGGCTGTGGGTGTAGCTCATCGTATTTCGACCCGAAGATTACATACTCCCGAAGATGTAAGCTTGGG,973,48.72,Homo sapiens
SEQ_261570,CTATTACTCCACATGCGTGTTGAAGCCGGCTCACGAGAATTTAGGTTACCTATAGGCCTGGAGACCGCCCGGGGGAAAAATACGAGACGGTCATCTGCAAACATTACTTATCGCTTGACAAGCAGTGCATTTGCAGCAACTGTAAGGGTTGAAAAGGACGCATAGCAAATATTTGTATTAGCCACTCTCAGGCTCAACATTCTTCCAATGAATACAGCAACTGTCCCCAGTATACCGGGGCAACCGCTTCTACGATTCAATAGTTCAGTATACATGCGAGTAAAAGCATCGGGACATGGTATCTGATTATCATAGGCGAATCTTCGCCTATAATCGCGCTTCAGATTCTGTCGCCATTGAGCGACTGCAGTGTTTCATGAGACATTGGCGGACCCGTCTTAACAAACCCTAATTCCGTTTCGTTTCGTTATGTGACGTAGAAATGGGCGTACAGCGCATGGAGTGTCGCATACGTGTTTACTGGGTAAGCCATATGCCACAGACCATGATTTGACTCTTGTCCCTTCCCTGGAATCACATTGTTTGCCACAGAGCACTTGACTCGTCATTAATATCTTGCTAGATGGCAAAACGTGGACATTGACTGCGATGTGACCTTCGTCGGGCAAGGGGTAGTATGTCGCCGAGCGGATTTACGCTATGCACTGGCGAACCGGTCCTCCCTTCGGGATACGATATCAATTCCGATAAACTTTGTCACTTTCTCCATACGCCTAACGCGGAAATGGCATTGGGACTGAAGGGATCTAACTGAACAGGTTACGGACTGCATTATTGTGAAATGTCGACTCCCCCTCTCTTAGTAAGTCTCGGTTATATAGGTTGAATATACACGATGGTTATCTGAGCGCCCTCGATCAGGTCATATGTTTACCCGTCCACTGCTGACCTTGACGATCAATTCAGGGCCTGCACCAGGTCCCCGCAAATGGCAGGCGAAACCGGAATGATTGCCAATGATTGGTCCGACGTCTTTCCGGTCGCGCTGTGACTGCCTCTCCAAGCCGATATGTTGTACTACTAAGCTCCAATCTGCGCGGGAAGGAGTTTTACTCATTCACTTAGATTTCTTACAAACTGGTTACCAGCCTCGCACACGTATCTTTGATCCAGCATACTAAAGCCCTCCGCCTCCAGATCTGAAGTATACCTTTGGCGAACGGAGAGCTCTAAAAAATTTTTAGCGAACCCATGCTGGATGCTCGTCAGGACACAGGCTTGACACCCCGCTCACATGCGTATGCTAATTTTAATGTTCCCCACTGTAAAGCAGAGACGTGACCGATGAGCACTTACCATTGAAAGATTCGTTGCGCACCCCCAAACCAAGGCTAGCTAATCGCAATGACTTCGGATTACGTTATCAGCACGCGTTTAAAATGTCGTCGGGCATAGTTGCGGTTATCCAGGGTGGTGCATATTGTACACGGGGGCAGAAGCGCTGACTCACCACTAAGACCGCTCTTAGATTAATGTGGTCGGTCACCGAAGGAAAACCAGTGCGGAATGTGATAGGTTGTTCCTATACGATTGCCTTCCACCGGGCCGAGTGTACGACGTTTCAACAGAACTGTGACGTACGGGTCAATCTCTAGATATGATGGTTATCGTAATTACGCAAGATACGTTGGTTCTCTTGAACTGTTGTGGCGCCGAGCTGGACCATAGATAGGTGTACGGTCAATAACCAGGCGTTCGGTGATATTGCTCGCTACCATGACCTACGAGAACTGACCATGGCAGACACCTGGAGGGACTGCTCTCGCGTAGCACCTGTG,1799,48.69,Mus musculus
SEQ_603057,CAATTTAAGCCGTTCAGTTGGGGAGTTGGTGCATTTCATACTATTCGTACCGAACCTCTACGCTCAATCCACCCAGCTGTACCCCTTCTTTAGCACCCATATTGGCTAAAGCAGACTCGGACAT,124,47.58,Caenorhabditis elegans
SEQ_438660,TCACGCATATCCACAAGCAGTTTCTAGAGAGTCAGATAGAATAATGAACGTACTTTGCTCAGAGGCAAACCTAATATTCATCTCCTATGACCTCGGCACGGGCTCGGCACGAGGCATGTCTCAACACAATAGGCAAGACGCTCTTGATCTGCAATGACGATTTTTAATTCGCCATCACTGAGAATGGCTCCCTCTCGGCTAGCCTTTCCACCAGTCTTCGAGGGGTCTAACTCTAGACTCTAGCTTGTATAAAGGCCTTTGGTTCTCGCTGTTGATGTTTCCCAAGATGACAGTATGTCGTGTCGCACAGTTCACGGCCGTTACTATTGTCTTTTCCCTGTAGTGTTTCCAATACGGTCGAAAGAGTCACTTGGACGGCTATCATATCCACGGGGGTTCTCATGGACTGCGTCAACTCTAGTGCCGGAGCATACTCGCTGGGCAGACTGAGACGGGTTGCTATTTAAAGCATAGTCTTGCATAATTTGATCAGGCTAATTGTCTATGGTCCGCGTAACATAGACCGAGGGGTTAACATATTTGTTTGAAAACAAGCACCGTTCTAACCGACGAGGCGAACAATAGCTCAGCGGTCGTGTGTGGACGGTCTCGCAGTTGCGCCGGGTTACAACTGTTGTACGAGGCTGTATGGCCCTTATTAACGGATATAAGCCGCATACTCCATACATCACGGATTCAACGTAACGCAGTTCTAAATAGATGACACCCACGCAGTTTTTTTTAATAACGATAAGTCCCAGACTTTAGAAGGCAAGGATGTTCGATAGACATGGGACTTCATTCGCGCAATAGTTAAAGAATCGGCCCCTATATGCAATTGTTGTTCAAGTACTCTCTATTGTTTCATCATTGCTTCCGTTTGTGAACGGTAATCCCCTGCACACTCATCTACACTACCCAAGAGCGGAAACTGTAAGAGCGGTTGGGCAACGTTCTCACCCAGTAGCGCTCACATAGCTGGGTGAGCAGGCCGCTAGCGACACGGCGATCAACGTGATGGTAGCATTCGAAGCACGCCAAGGGTTATAAATCGGTAGGGATCTTTAAGATGCATTTAGCGCTGAGTTACCAATATGAACAGCCGCATCTAACGTGACATTCTAGACCAGAGTACGGTTAGTACCCACGGGCGTTGACGTTACTCCCATGACCTCTCAAGAGGCGCGCACCCTGTCTAGGTGAGGACTGGTACAATTCAGTACGATCTTGGACGGGCTTGACTTTCATAACTGCTCGCGATGGCGAGGGTCGAGAAAAGTCCTTTACGACGTCAGGTCCGCTGCGGGATAGGAGCATGAAGCCATCCACCCTGTTAAGTACCGCGGAGCTAAATACTTTTGTGAACTCTCTTGCGGTGCCCATTTTCCCTACGGACAGACTGTTTGTTCTAAGGGCGCAAGT,1422,48.52,Saccharomyces cerevisiae
SEQ_330978,GGCAAGAGCATGGCGAGTTGACCCCCAACTACCTCCGAACCCTAACTCAATTGACCTAGTGGACCTGCAGGGGCTCAGAATTAGTTTTCGAGCTAAAGCCGGGGCTCTAGCGTTCCCGTCCGTGCGTAGGCAGTGACACCCCGACAGACAGCGACCTCTATGCCCAGCTCTAAATTAAGAGCCTCATTTGTATCGATTTCCTGCGACCAATTGTGGGGCGGACGACACTCTGATGGTTTCTTAGGGACAATTTCCTCACAGCAGTCCTCAGCTAAGGTGCCTAGCGGGTTTCCCCCTGAAGAAAGAAGTAATACCAGGCGAGGTGTCCGCGTATATATTTCCGAGCTCTATGGCGCGATCACGCACCCACTGCAACCGCCGACTTACCGAAGATATAGAAGGAACAAAAAGGAATGAAAATAGGGATTCACTGAAGCTCAATCGAGACTCGGACGCATTCGTAATGACGTGACGTAAATACGATATAAATCCCAAAACCAGATCCTAGGCATTGCTTTGTGGTCTATTGTGGTGGATCAAACGAAACAGGTTATCCCCATATAGTGCCGTCGCACGAGGGATGGGCCCTGTCGTGCAATTCAGGCGCTGGCATAAGACAAGGGGGGGACACCTTAACAGTGCAGCAGAGGGCGTATATGGTGTTGATAAGGCTAGCCAGGGTGTCCATCATTAACAGGCGGCGTTAGCTTGTCGTCCCTATACTACTATCGTATTCCGCATTCATAGCTGGTTTCTGCTACAAATAGTCTTATACGCCTGGAGTTTCCTTACTGGGCGCTGTGCCAGATTTACAAACAAATGTTGGGCGGGTCCGAACATACTATACATCGATACGAATTATGGAGCCCCAAATGGGGGTACAATGGATGGGCTCAGTCGCGACGGTCCGTTGGAGGAAAACAATAACCCGATAATGTCTGTAGTGCGATGGGATTCGGCCAATAAACGTTGCCTGGAGGCGGGAATAAGCAGTGATTGACACAGGTGACTCGATGACTCAGTTACGTGGTAGGTCAACCGTAACAGGGGCCACTGGCTAACCTTCCTCAGCGCATAATCCGATGCACATCTCCTGGGGAGATTTTCGCCCTCGCTCTCGAAGCGGTCGTGGCAGTCATCAGGTTTCGGGGGTCAGTTTTTCATAAGTCGAGAACCTAGAGCGACTTGTGATACTAGGCTGGCGCAACTTGCTCCAAGCATGTTGATGTCGGCAGGTGGCGGATCTACTCTCCGATGCAGGCAATCCAAGTCTGGAGACTACGAAGTCCCTGTGAGCAGTAGGAATTGGAAAGGTAACTTAGGTTCCAGATATTTGCACCAATTCACCCGGGGCTATTTGTGGGCATGGGCCTCCTTGAACGGCGCGTAGCGTGTGGACTTATACTCGTCCCAGTTGTACCACCGGGGAAGGCGCGCGGTAGATAAAGGAGATATTTGAGATTCAACCTTCCTACTATGAACTAAATTAAAAGCACACGGTGTTTCACAGCTTATGGAACTATGTGGTTCATAGCCGGCATCTGTACGAACACATGCGTCGTTAATCGCCAATTGTGTATTGAAGACCGATAGAGTGATGTTTTACTGCTCGGCTGCCCACACGGCCAACGCGCACCACATCGCGTGTTTCCAGGAGTCTCAGGCTAAAAAAGGCGTTATGCAGACAGCCGAAATTGTACACGATAACGAATGCTAGCAACTTGTACTTACTTTACTATTTTAAGTTCACTCGCAGATAAAAACTTTTGGAGTTTTCCTTTTTGGCCTTACTATAACGCTCTTGGATGTAAGTCCTTGAAGCTCGAGTCCATCTGCTCACGGCCAGTGCCGCAACTCCGTATGTTAGGGACGTTTAAAAAGAATGTTGCAGAAATTGGCCCGGTAGACAAAGCACCTTATAATATCAACGGGTGTCTTGTTACGGTACGACACCCACAACCAAAATAC,1968,49.54,Homo sapiens
SEQ_895649,GTGGCCGTTGCGACTGAATGATGCCCGGCCAGGCAATGGCCACCTTGTGGGCGGGGGGCGACAAACGGGTTGGGCTTTTTTCTTGGTCTCATCACTCTACCAAACAAGGACCTACCTCCCGGGACATTACATCGTCTTTTATAATCATCCTCATGACATGTAAAACGCTCGGACTTTGCTACTACACCAAGGGACTTACACAGTCCACTTGTTGACATGCAATGCCGGTCGGAGGGGCGCTGTACAATACTTGCGTTGGGCCGCGGTTCCCCCGCGTTACTAGCGCAAGCAAGGTGTTAGAGGAGTTCGCAAAACAGTACGGTAGTAGGGCCTTGATCGACGACGCAGGTTGGAAGGAACATCGGCACACGTATGTAGGCTTGACCTATGCTTCCGGTTATCATCCGAGTATTAAACATCGCATCGGCGGTCCATGCCTGTAGTAACATAGCCAAATCTCTGCTTGAGCTCAACAGGCCACAGGTCGCGTGCAGTGTGTATCACCGTTAACCTTACACTAGATTATCGAAGGGAGTGGCACTAAGCAGCCCAGTTTTTTTGCAGGACCTCTTAAGGGCTAAGGATCGCGATCTAGCAACCTTCGCGTGTCCAGTCTTAACTATCTCAGTAGCACTCCCGCTTTCCATAATGCCTTGGCTTCAGGCAAGTTTATCAAACGCCGAACTCCCGAGACTCAGATCCTAAACCGTATCAAGCTTAATGGGGATCTCATCTACCGTCGAGTGTCTACCG,753,51.66,Homo sapiens
SEQ_546534,CACGCTCAAAAATCGCAGTATTACTCCCGCATGGGCCATGAAAACAATAACTTCTATGCTTATGGATAATTCCCCGCGCCAGTATCTTTTGAACGTAGAAATAAGGCCAAGCCGGTTTATGGGGGGCCAGGATGGAATAACTCATAAAGATCCTACCGGCCCGAACCGAATAGCGTCGTGACCGAACAGGAAAATGCGGGGAACGACCGCCGACGTTGGCACATGGTCTATGGTAGCAGATACAAATGATAAGTTATCAGGAGCTAATAGTACGTGGATAACCTCTAAGAGTGGACCCACAAGTGCCCGCGTATGCGCTCCATAATTATTCAAAGGTCATCACCAGGTCGCGGTCTAAGTTTGACTAGGTCTGCCATAGATTGCCTGCGTGTGTATCGCTTGTGTACTGGGTTTGATCATCCACTAGTTACACACGCCGAGTGTTGAGAGGATTAAAACGAGTTGGGGTTTAACAAAGAGGTTGGCCTGAGCATCGCGTTAACCGTCTCGCAGCGAGGGGCCCGCATACTCACTTCGATAATGAGAGGAGCATTACAAGTAGGACGGGCTCGATCACGAACCCCGTCACACCCTACCGGCGGTCAGGTCAGGCCACCTTAAAACGAAAGTAATAGACGGTTCATATTACTGGGGTTAACATAAATGTAAATGTGCGGCCTGGGGGAAAGCACTCCTCTGTAGGGCTCGAGGGACATGCGCTTGGTTCTGTCGCTCCAATCTTCGTCGTTCTGCTATGTCATAAAGTCCGCATTGCAATTCTACTACCAGCTTGCTAGCTGAATGCTTCCGGGAATGCGCACGTTCACACCGCGGCCCACCAGCAGCCTATGGACGGACCCTGGAGGTACTTTTCCCTCTCAGGTATTACATTACGGGCCACTAGCAGTGAGTTTTCCTGCGGTCCACACGCCACTCGGGCATATTACAGCTGAACGTTAGTCCAGATATGTATAATTCATCCATTTCTCATGTTGTTAGACCATCCCGGGCCGTGAGCAACGTCGAGCGAGATCCCCGTGGGATCGTCACCTAGCGCAGATCTGTTCTCCCAGCTGACCTCAGAACGTATCAAGAGATTAAGATCTTATTGGAAGCGAGCTATCGCCCGTTGAAAGTAATGACTCCTGTCCAAGGCAGTACTGCCGGCCTGGCGAAAGATAGGTAGCCTATAAAGGGACGAAAGAATGGATAAATAAACTCTCTGCCCTCCATCCATAGGTCCTTTGACGTAATCCGTTCGTAAACCTATGACCTAACAAATATGGCTGCCTAATTGCACTCCGGAGCTCGGGAAGAGACAAACTAGCCAGTGCGAAGCTTTAGCTACCATCTTTGTAATTGTTATGAATATCGTATAAGTGGGCCAAAGTCCTACAGAGGATGTCACGGTTTTGGACTTTCACGGTGATTTGGCCGAGTGAGTAACGTTTAGAGCAGAATACGTAGTGTCCAACGAGCGAAAACGATACCGTGGTCGAGTCTAGTATGTTGGGCTTTTGGGATCCAAGTCATCAGCATATGCTGACGTACCCCGCTTGACCCTCTTATTGCTCCAGGCTGTCGGGGAGGCTTAAGTCTTATGATTAAACGATTTCTAACAGAATGCCAGCTTGTTAAACATGGACGGGTCTTCCAGGGGTATCCCAATCCCGAGGTGAAAACTACACTGTTCCGCTGTGCACCAGGCGAATAAGCTGTAGGCTAATACACGTCCA,1736,49.42,Drosophila melanogaster
SEQ_235117,ATCCGACGCCCGGACGCCCGACTATTTCACCATCTTGGGCTTCTATCGACGGCATTTTGATTTAATACCTTAACAGCCTGGACATGATTGCACCATGTGTTGTCGGTTCGATAAGCTCACCCAATACGGGTGTTTCGCATAACTTGATGCTGTCTGCCCGTTGATGGGTTGTCGCAGATTGACTCTGCCATTTAAACTTGAGTGTCAGATCTAGGGCAAGGATCCTGTGTGGGGACGATCGAGCTATCAGGTCTGTGGGAGGGCTCCGAGTCCGTTGTATGCACACGGGAGTTAGACCCCATCCCGCCGTGACTACATTTGTATTAAGAGCCAATCTAACTATCGTGGGGATGCCGCGGGACCCATCGTAATCTCCTCTAGACGCGAGCAAAATGTGGATAAGAAGGGATTATTTGCCCATACCACAACTCTGAATCCAGTGTAGTAGTCGATACCTCCTTTGACACCATCGTGTTAGGCATCCGGTGGTCACAAACAGGCGAATCCGGTTCATACTGCGAGGCTAGCGGAGTGCTAGGAAGGTTCAGGCCACATATCGGGATTAAACGTGACTACTTGGGAAACTGTAGCTGTTGAGGCTATTCAGCTGTTGTGAAACAGTGTCGCGGACACAAAGACAAGCTGGTTCTTAACGGTATTGGCTGTAGGCAAACTTAGGTTGTGCGTCGGAAATTGATAATTTGTGGCTTCGGCATTTTCTATCGTATCCATTAGGTCACGATCTCCCGTTGTCTGCCTCTGCATGATATGCCTATCGCATCGGTCCTATGGACGGCGGTGACGTTTCCCTCGTTGACAGGTCGACCCTCAAATCACCGCTCGGATGTAGACTTACTTATTCTGAGCAACTCTAAACTTGGCCCGCAGGAGCAGATTCTGGATTTCCTGTGCTGAACTTAGCGGCAGGGTCAGGAGCCGCTAAGGATCCATGTTGCGGAAATTTCGTCGGTGGGGTCCAGGCCTGTGTTGGAAGCGTCTCCACTCAAGTCGATTCCACTCGCAGTCATAGAAGGGCTAGTGCGAGAAGGGTATCAAATACCCTCGGAGAAATATAATCCGGATATTAGTGGCAACCGGGCTTCCGAATCCCGAGGGGGTGAACTAAACAATCTACGGTAGTAATAAGCTTTCACTGGGAGCGCCCGAACTATTATGTATAGGTATCACAACGGGCAGCCTGTATTGGCCAGCAGTATCGAACTGGAAACCACCGACCAGGCTAGCACTGGCAACAGGACTCGACGCCGAACTGCGACCCATGTTGTATCCAGCGCTGTGAATTACTCATAGAGTGAGAGTCTTCCATCACGGAAACCGTGAGGCCATCTTAAAAATAATTCGAGTTAGCCTAAAATTTGTCGTGGTCATTCTCACCTATTCAGCGTGGATGAATAGTCGTATAAAATTCTTTTCATGGCCCGCTAGAATAC,1451,49.69,Homo sapiens
SEQ_281257,GGGGCTTGCCGCTCGTGACTGGGCCTCCAATCAAACAGCTTGGGCATCGAACCTGGCGTCAGTAACCGTCCACGTGCGCGCATGGACTTGACCATTAGCAGCCTTTGCCTTTCCCCAGCTGCCCCTATTCGCGCAGAAAAGCGAGCGCTATTCAATCTCTGAGGGTTTAGTGCTCCAAACAGACGACACAACGAGCTTAAGTGATAGGCATCACATTAAGACCCCTTACTGCTGGGGTCGCCGGCTGTTACGCACACGGTTGAATCGTCGTTGTTACCGGGGCGCATGAAAACCGGGGTCGTTAAGGAGTGGACCTTTAGCATATCCACATATGGGCATGATATCCGTATGGACCGTACTGTGGAATTTTTGTTTGATTAAATGTCGGAACAGTACGCTAACTGTGCCGCAGCACTTACGAAGCCACTACCGCTCAACGATCGTTCTACCAGCCTTTAACGGAAGTGAAGAACCGCTAGTGGGAGGTGATCTATAGTTAGCGGGACTTGCGTCATTGTATTTATGGGATCAATGCAGTCTATTTTCGTCCGTGCTCCAGACTGTCGTTGGTACATTAATCTACGTCGCGGA,591,51.44,Escherichia coli
SEQ_687512,GATACTTGAAGCCCTCAAGATTGGGACAACGGCATTGTCGGTAGGATAGTAATGCGTCCCCTTGAAAAGCAGCACGGATGCTTCAGGTCGCTGATCTGTGTTCTTCTGTCAGGTCACTGGCTTCGCTGGTATAAGCCAAAACCGGGGAATAGCCTTAGCTGCGATATTGCTTAATGGCGTGGGCTGCATGACGCACCTTCAGTCCTTAATACAGCTCCAGGCAAAAAATTCTGCATCCGTCCAAAAGCTGCGAGACCTTCAGGCAGGTTAAGCTTTAACATCCACTGAAAGGACCTCAGTTGTATGCTCCACACTTTGGACGGCACGGCAGCTTTTGCCCTTTTAAGCGATCGAGAAGTGTAGTAATAGGAGTAACAGTTATGTAGAGTTCCCTCTGTCGGGGTCACCTGTATTAGGTCCCCCCTGACGCAACCATACCTTCAGCTTACCGGCAATCTTCCGATTAATAGAGACTGTCGGGACGCCAACAATACACATAGATACCTTTAATCGGCGGTTCCAGGGATCTATGAATCCTCCTGATCCAGCGGTTTGTTACAGCTGCATTGCGAACGCGCAAGTAAGACTTACCTGCACCGACTACGTTAATCGGAACGGTTCGTATTCGAGATGTGATGCGCGCATAGTACGTGAACAATGTCTCTTTGTGGCCACTAATGACACGAACCGCGACAATTGGCACAGCAACACCGTGATCACGCGCACCCATGCCTGGCAGGCAACCGATCCGGTGTATTTTTCGTCCCCCGGGCTGAGAGTAATTGCAATGAACGGCCTTTCGGCCCTACACCTTATCCTTCGGCCAGCATGAGTTCTCTATTTAGCTCCCTAAGTGAAAGAATATGGAGACCATTATTAGCGCACTTTTGAAGCC,895,49.83,Mus musculus
SEQ_684487,ACTACTAGCTAAAACCCATAGTAAGTGCTGTATAATCCGCGGCTTAAGTCGAATTCGTGGGGTATGAAGGCCTTCGCCCACCGTGTACATTCGCCGAGGAGCGAAATTACCACCTCCCATGTCGGAAGTGAGAGAGACTTCACGCCGAAAATCTAGATGTGAAACTCTTTTTAGCGGGCTATACGACTACTAGTTGCTGAAGTAAAGTCGATACATTTACCCGATTCGTATATAGGCCGACAGATCCGAGACTATGTTCCGCGAACGCCAGTGGGATTGTCCGCAAAAAGATACTATTGGCACTTTTTTAGGTGCGAAGATCACCCTATGGGAATTGGTGCCTGGGTGCTACGGCGGAAGACGCAGGGTAGAACCTAGGTGAATCCTTAAAGTTTCAGCACCTATCATTGTCGTTGGCGACGAGCCGTCGTCAGTCATACACTCTAAGCTAAGTGATGCTTCAGTACATCGTGGTCTCGGGTGGGCACGGATTGCCTCACCACTGAATATATGACCATAATGGTTCTTAGAGACGTAAGAGCGATGGCGAGGGCTATAGCAGGTGCTCACATGCTATAGATTATCGGGTTGACGTACGATATGTATGCCCTATGACCGTGTAGACATGTATACAGACATAGTCGTCATCGTAGTCAAGTCCTGCCAGGCCTGCGGATCCCAGCAGATGCTTGGGGCTATCGCTTGACTCGCGGGTCACCCGTAACTTTGTACCTAGGACAGCATCCATGAGAACGTCGAACAATGGTGCTATATGCCGTAAGGTACTGTTGAGGCCTTATCGTTCGCAGTTAGAGGTTTACCATAGCTAACAAGGTTGGTCGCAAACCGCCCAATTTCTAGGGATTATATCCATCGTCTAAGCTCCGTCGGAATTCTCGCCACTCATATTTTCTATTAGGCATGCCCGTTCTGAGACAGTATCGCAGCTCGACACTACGCTGTGGACTTAAAACTCTCGGAGCGGCAACAAAAGTCCTCACGCTCACGAAGGTCAGCATGTATCGTAGTCGGTGAGACTGTGGGGTGACTCGCATGATTCACAGGTTGTTTCAGTTGTATCAGAATTAGCACTTCCAACACGGAGCACCGTCCTGTCCGTGTTCACTTAAAATGACCACAGTGACTAACAACCTCCGAACCCCACATCCTCGCTGCTCCAGTCGTAGATAGCGACAGTCTCACAGGCGGAGGGGCCCATAAATTTACATCGATCCAGTCGCTTGTGATGATTTCGGAGGTCTGATTCCGCGGATGACAGAGCGCTGCGTCTGGTCATTTCAGTTTGGGGCCAACCGGAAGAATTTTGCTCATAGTTGATAACCTAAATCTTTGTGAAGGCCATGAACGATTAGAGCCTGCGTTGCATGAGCTTCCGTATCGTACCCACGAGAATCAGGCACCCCGCGCATTCGCAGGGTAAAGACTCTACCCCTTGTCGAGCAATCGTGCCTCGGAAGATTTCGGTAGATTCCGACCTATGCTGGATTAACTCTGTATCCGGTCCAGACAGGTCACACAGCGAGTAGCTTATGTCGTGATAGAAAATGAATATCCT,1576,49.43,Arabidopsis thaliana
SEQ_492254,TATCACTCCCCAGGCAAGTCTAGACCATGCAAGCAATCAGAAGAATTTGTCGAGCCAATGGCGGACAGCCGCGTACCGTGGGGCAGACCCGCTCGTTATTGTAAGGGCTTAGGACGCCCGAAGACGTTAGCTCACAAGTAGTCGCGCTCCGCAAAGAATAAAGCATTGACGGTAGACTTTACATGTAATTATGTCGAGCAGTCAGCACAGTGGTTCATAACCACGCCTGAAATTTGAGAGTTCCGGAGTGAGCCAAGATTAGTTCATGTGTTGCCAAGCCATCGTAAACCCATTCAAGTACCCTTCTCCTACCGTAAGTATGTGACCGACTACTTACGCGTCTCGTATAACAGAGTATAGCTGTCTGTCTTTCCGTTGACTATGTTCATTGCCCGATTCGTTACGAGGCTTTATTTTTTTTGGGGCCATGAATGTAGCTGGACGTAGTCTATAATAATATCAGGCAGATGCGCATCGCGGACTGGCGGCTTAGAGGAATATCAGTAGATGGGATCTGCGGGAATGTTAGAAGATCAATTGCTCCAAACCCAAAATTGTCCCCCGGTTAGCTTCAAATAAAACCCCTACAGACTATCTCGAGACGTCCCTGCCAAGATTACAAATTCATGGAATGCAAGACCCATTTAGCAGACTTGGCCGCGCGTCTCATTCGCTCTTGCCCTGTATCCGTCAGACTCCCAGGGAGTCGGAAATGTTTTTGCTATCAACCAGAGTGCCTTTCGGCCATCTAGCATGGGGCGGTTCCCGCCCTAACGATTTTCTTTAGACGTACACTCTTTCCCTTAACAGCCGTCGTAAAACTCTACGGAGGCGGCGAGGATTATTCATCTTGCGGTAGTTTCCCCGCACGCTTCAATGCAACGCTTGCAATAAGGTGCCAGAAAACTAGGATCGGCTCGTTTTAATGTATGTACGATTGTCAGCATCTGCAGACGCGGGTTAGCACACCAGCGTACCGTAGAACGAGGAGGTATAGTACTACATTAAGCGCGCCGAGGTTTTGATTCGTTAAATCTAAACAGCCCTGTGATAGCGGGCGTAGACCCGTATGTCGTGGCCCCTTGGCTGTAGATCATTGGTAGATAGACATTCATCACGGTCTGCCACCAGTGTCTTCACTTATTCACTCTGCATTCCACTTCGGTGGTAGGTGGCCGATCGATGCCCAGAACACGGGCCCGGCAGGAAGATGCGAACCGTTATGATCGACACGTTTCAGGATAACTAGCCGCGATCTGTGTCACCCGATAGGGGCCGCTTCCACGAATTCTCCCGGTCCGTTCCTCACTGGCCCGCGGTCGGCGCACCAATAGCCCACAATCCGCGCGCAAGGCATGGGTAAGCAGAGATCTCGCGAAGAGAGAGCCT,1389,50.68,Drosophila melanogaster
SEQ_686185,CTCGAGGCCGGTTGACGCCGCCACCTTAGCATCGGTGTTAGGATCTATTAGAGAGATAAGAGTCTGTCATTTGTCGGATCCAGTTAAACCCCTTAAAACGGCGGCATCAGGGTGCCGTAGGGATCACTTGGCTCTAAACAAGAGGCGATACTTCTCCTTCCTCATCCATGGTGCATCCGGGAGTTCCGCAGAGCACCCCACCAAAAGCTTACGCCAAAGCTGTCTGAGGATCCGACTACGGCGACGAGGTCCACAGGTTCCTTCAGGTTACCGTACTAGACAGATGTTGGACTTGACCTGATGCGGATGGATGGGGAGAGACGTTGGTCATCGGGCATACATGGCCGCCTCCGCTTTCCTCGCTCCGGTCCGACAAGAGATTCGGATGCGCGTACATAGAATAACTAGCAAGGCGTAGTCGCTGAAATGACAGGCGACAATACACACACACGACCTAACTTATGCAGGGCACAAGGGCTCTAGCCACGGAGATGATACTTCCTGACGGAGACCACTGCATGTCCCGAAAGGATGTTGTGGACTACTACTGAGTCCCACTCATGTAGCTTGGCATTGAAAATGTGGAGCGCGGACTGCAAGTATTTGTAACCATATGTCGAGTTGCTCTCCCGTGTTGGGGGTTGTCGCGAAATAGAGGCGACGCTGTTGACTTATACAGTCATAAGGTCTCCGTGTAACAGAAACCGCCGCTCTGTTAGGTTGGGGTGGGACCAGTGTTTCTACCAGTGGAATACAATACCATGAAACGATAAATCCCCGTTGCGACCCGCTTCCGATTCACACTTTTAGATCAACGACCTCTGTCCCGTGGTATGGACGGACTTATATAGATTCCAGCGAATGTATATGATAATAGTTCACCCGGGTTAGGTTTCGGCGTGCATGGTAATTATTGACGGAAATGTACACCCCCGTCCGGACCTTGAGATTGAGTCATTACTAGCGTAGCTCTGAC,976,51.33,Saccharomyces cerevisiae
SEQ_158223,AGTTCCCCGAAACCTCCATGTTAGTAGAGTTGAGGACGTACCACTTCCAATTCATGATCGGTAATGTAGCGCGCTTGTTCCTTTGAGGATGTGCCATTGTTCCCGCGACAACCAGGGATCTTAGAGTTGCGTTCCTGTGTCTGAGTTGTTAAGGGCCGTTGGTTTAAACATGGAAAAGATTCATAGCTGTTCTTACGATGAGGACATTGCGTTAGCACTTTGTCATCGTGCACACGCCGTCCTCAATCCTCTTGGGGACAGCATCGGTGCGGGTTCTACATATGACGATCTTGTCACTATCGTTGCCCTTCCAACGAGTCCTCGCAATAAGTTGCCGCGAAAATCTCCTCTCAAAACGTCCATGTTCAACACACGTGCATCCGCAACAAAAATTGAGTGTGTATGCTCTCTCCGGGTAGCAGGTGGCACCCAATAAGCGGTCGCTCAAAAAATAAAAGACACTTAGCCATACCGATGAATCGCAAGCGTACAGTTTGGTTACGGAACACAGTCGCATCTCAGACTAAACTTCAC,534,47.94,Mus musculus
SEQ_765153,CCCACTAAGCACTTCTCAGAATATTATGCATTGGGTGTCCGGCTACTTCTCCAACAACGTTTGCGCGGTCAGAATCTATAGCCAAACAAGCCAGGAGCTGCGGCAGGCCTGCAGCACAGTGATAGAGATAAAATGGTGCTCACACAGCCCGGCCCCCTTGTATCAGTCTTATATACGCATCAGTATTTCTGCACAGGCACATTGCCGACTATCGTGCCAACTCATGTCCTGAGCAGGCTACACCAATTCAGGCGTAATGTTTCGGCCTGCCCGCGAATTTGGCAAAGACAAAGGAATCCCCAAATGGAAAATGATCAGGCTAGCTTATTTAAACTCGACTAATAGCCCATACGACGATTCCTCCAGCGTGGGATCTCTGGTGGTCAATGGAAGGCATTCGGCAATAAATAGCCGCGAGCGAAAATAAATAATATACAAAAAATAGCCCAGGTAACTATCTTTGGGATTAGCAGGGGTGACTCGCCCTTAAGAATATGTCTAGGAAGACGAGCGTCCCCCTGGTAATCATAGACACATGGCAGCAAACTCATGCGTTCCCCATCCCATGAGCTCGGAAACGAATTACGGCGGTAGCGTTTGCGGGAGGTATCACGTTTAGGTCTGCCAAATGAAGACTTGACACACCGTAGGTGAGGCACTGTGATTTCGATATAATACACTCACGACACGTTTAAGACCGCTGGAGCAACGCAGTTTTGCGTAAGTTCACTGCCCTTAACCCCTAAATGTAGATTAGGCCAATCGTCAGGGAAATCGTTTTTTCGTATGATTCAGAAAAATCCACTGCGCAAGAATTAGCACCGTGTAATTCAGCTTTCAAGCCTGTGTGCGGCATTCCATTCAATTGATTGTGAAATGACTGTCGATGTACAATAGTACAATATAGTCGGTCGTACGTCCAGACAAGCTTCCGATAGCATCGCTACTCGTCGCGCAACACGTCCCTCTGTTATTCATGATTTGGGATCTTGCGTCGGCATACTACGGTCTACATTAGCAATCTCCCTAACTTTTCCCGCGTGCGTGCTTCCCACAGGTATGAGGCCCCAGTGCGAAATGCCCGGTCTGGATCTTAGCGGTTTTGACCCTTTCCCACTTCCGCATGTGCGCAATTCATCCCTTTCTAGACCCTATGATTAGGCATGTGCCACGGACGAAGTTAAGCTTGGCGGCAATCGGGTTTCAAATTGGTCAGTATTTCGTATTTCAGGCACGAAACTATAGTCGCCACGACTACGGCTAATATTTACTGTTTAATGAGGCACATTGAGAAGGTCATTCTAGACCTCAACGCCCTCCCAGAACATAGTCCATGAAGTTCTATACCTCTCAAAGATCGAAATCATATGTCGCAAGAAATCCCCCATGTAATGTTTCCACCGAACATGTGCTGCGCAGGCTACCATCTCGACAGGTAAAGGTGTGCCTACCCCGTACGTCGGCTCAGTCCTATGCATACTGACATTTGCCCCGACCTTCGGCAAGACCTCTTTGGTGGGACATACTAGCTAGAGATTGCGTGCAGTCCGCGAGTTTCGTCCGTAACAGCGTTTTCTGCCCTCCAACGCCTAACGACCAAATCTCCCGGCGGCATAAACTAGGGTGGCTTGGC,1633,48.62,Escherichia coli
SEQ_936318,CCAGATACCCGCGACCGTGGCGGCATGCGGTACTGGTCATCTGACACCGTACAGAGTCATGGACATTACTAAACAAATCGGACGCGCGGAGATTCGTCAGTTCCCCGATCTGTCTTAGAACACAACAAATGATCCCGGGGCTAAGCACTCAGCTCATAACCCGTTCTCTCCTGACAGTTTGGGATGACATTCTGTGACGCGCACGAGAAACCCCGTGTACATTTGCCGCCATACGGGTGGCTGTGTAATACCACGTGAGGTGTGGCCCGATGACTGCCATACGGCTTGTGGACCGATCGAGATAATCTAGAGTTAAGATATATAAGCTATCAAATATGCCTGATTCGCGTTTGACAGTCTGCTTTTTGTCGAGCTGTACATGACAGAGGATCGGAAACTCGGTCTGTCTCGACAGAGATTAGATCCTAAGCCGTTGCAGGCTAGATTGCATGCGACTAGGCCTGTTTGATCACCACCAGCGGCGTACAATTGCAGAAGCCCCTTGGTTTCGCGCCGCGTAACCATCTTTACCGGAGACGCTGTAAGAGGTCCATCTAGTGGGCTCCCATACTTCCGCTCTCCGCCGTTGATGATTAAAACACTACGGCATTAACACAGTTAGACGTCACTTTCCCCGGTCCAAAACTGCTTTGTGGTCAACCACTATGCACAGTAGATGACATGACACGTCAATACAAGTAGACTTAGCGCCGTTGTCATACGTATGCTCGTCTAGAGCATAAGGCAACGCGTGTAATGTCACAATAGCATGAATCACTAGGATGGCCGTAGCCGTGCTCTCTCGAGGACCACGATTAATATAAACCATAAGAGTCATCACGAGAATGTATATGCTGGGTACAACCT,867,49.83,Arabidopsis thaliana
SEQ_725930,TCGGTCATGACGTCTGAATTCATCTAGTGACCAGGTTCATTCAGCTTCAATCGCGGGGCTCACTTCCCTTTTGAGGCAACACGTTGCAGCGGTCTAAAAAACTTTGCCCGGGTGGAATTTCGCCGAAGAATTCTAGGAAGAAAATTCTTGGAAGTAGATGAAGGGGCATTGGGCCCTCCATCCACTGCATCGGCCGACACTTCTGTCCAGCGGAATCAGTCTCGTATCGCTCGTTCAACACAGTTGTCAGCCCATCAAGAGAAATTGGTTTAATAGGGTTCTTAGCTGCGCGTCAAAGAAAATAGGGCGGGGAACTTACACCTAATACTCGGTTGCGAGTGCCCCCTCCGAATAAAAACCTGACCAGGGCGCCCGTGAGCTTACTATCTGCGGCTTCCGAGAACAATCTAGACTAAGCAATGTCGAGCTCAGGTCTCTAGGGGGGTAGAGTTACCTCTAGGACAGAATCATGTCTAGCACCGGGGGTACTCCTGGCCGTACGAAAATGGTGTTATAATCCACATGTTGACTTAATTAGTGCGGACCAAAGTCCATTTTAAGATTAATCATAGGATTCTAACGCTCAATGCGTACGTGGATCAGTGCCAATCGCACGGCAAAAACCCGTCAGGATAGTCGGTAGGTCAATCCGCTCCGCGTATTCCAAGCAGGGCATTAGTCTATCAGAATAGAGTCATAGTACAGAATCGCGCAAATTAGGACGCTTTAGTAGCTTGTGCTCACAGCGGCGTCGGTTTGTGGACAATGCCTCTATGTCCCTCAGTCCCAAGCCGGATCACAATATAGAACCACTGCGTGACTCGGCATACCTTACATTGCCGCCATGGTAGACTAAATTTGAAGGGCTTTTACGTCCTTTAATGTGTCTTATGCCGACGATCCTGACGCGCAGAGCTCGCTCTCTTCGGAAACCTGTCGAAGTTAATTTACCATTTGAGTCCTTTATGTTACGTATGAGTGTCGAGATAAGCGTCGTACCTTCTACATTTTTTACCAGCGGACGTCATGAATTGCACCCACAAGTCTGTCGTACCCCCGTTAGCACTCACCTGATCTCGAAAGGTCGGTATACCTGTGCTACTCCCGCGACTGGAATCTGTGCTAAATGTCTACCTATCTATATGGGACTCTCGTCGCCACTTCTGAACACGGACCAACCTCCTCCAATACCGGACGCATGTAGGGGTTCGGTTTGTGCCGTTGTGTTGTACTAGTAGTTACGCGTTCCATGGCGCCTCCCGTTGCGGTGGCTGTATTGGGCGGTATGGTGAGTGCTGTTCACTAGCATGCGGACATCTCGAAAAGTAACAACTCACTTCACTATGGTGACAATGTCAGTCATACGCTTACAAAGATGTCGGACCTAGAGGGGGTTTTTGGAAGCACTCGGAGGCTGTTCGTAACCCCGGAGAACTTAGAACTCTGAGATTCTCCTCGACACGAGTTGAACGCGGCGCAGGCGTGCCTAAAGACCATATCTGGAACACCGATGGTTGCCGAGACTCTGTGTAACATTCAATGACCCCCATGTAGCTACGATATTAAGTGGTGTCGACAGCGTATCGCATTTCAAGAGATCTAGCTAGGATGATCTAGGGGGTTAGAGAAAACTGTTGCCGTCCGCACGGTATACTGTCCCGAGTAAATCTCCATCCGGGGCGACTCTTTCCTCCCAGCGGGAACGTTTTGCTTATCCTGTGCCAGAAACTAGAATCAGGGTACGGAAGTAGTATAGACGGACGCACTGATAGATATGGTCTTAAGCAGCCTTTACTACACGTTCGACACTAGTTCTTCTGGACAGGAAAGATTTTACACATGCTCGCTGGCAGAGTCCTGAGTGGCGCTAGTGCTGTATGAATCATCTGG,1890,49.42,Caenorhabditis elegans
SEQ_682082,GCCCCGCGCATACACTCCTAGAGGCACTCTTGACCCAGCGCCTAACCACTCATTGGCTTAAAGACCTGCCACCCCAGTTTAAAGGAAGCTGAGCCATTTAGGGCTCTTTGCGCAGGAATGGCCCGATCCAGACTAAGCGTTGTGCCCTGGGGGGTTTAACACCGATCATAATGTATAAGAATGACCGACCCTGACGCCAGCTCGGTATATTACAGTAATGTCTTCGGCCAGCCGGTTTGTGAATGCCAGCAGCAACCGCCGCGGGTTTGCTTGTTTTTCAACGCTGCATAGACTTGACACTCAAATAATCCGCGCCAGCAGTCCTGAGGCCAGGCAACTCCTGAAAAAGTAATGGTGCAATTGATGCCAGTTCTGGTCAATA,382,52.09,Mus musculus
SEQ_527378,GCCACAGTGTAGAACACGCCTCGGAGTCCCAGATACTATTGGGTCGCAGTCGTAATCTACATTGAACTGAGGCCCGAATTTATTTTAGGAATCCGTGACGGGACATTGCTCAATCGACGGTTCCACCGTCGAGTCTATTGTGTGCACTTTCGACTTATGTATAGTCATCTACGGACCACAATGGACAGCAAGTGTGCAGTGCCCCTGTTTGAACAAGCTAATACCGCCACAAAGCCCCGGACACACCATTTTAGGCGCGCTCCGCTCATTTCATCCCCGGTATTTGTGGCGTTGATGATACCGACTGGTTTAGGAAAAAGGGAGTGCAATTGTGAAAGTAAGCGGGCCCTTCAATCAAGCCCAGTTAGTACTTACCAGACCGACGAGGCCCCCCCCTATGGAGACCACGGCCTGCTG,417,51.56,Escherichia coli
SEQ_486720,GGGCTCCGGGGCTATCCTCGTTTCATAGGGCCCAACAAATCTCGAGAAACTTTCCCAGCTGTGACGCTTGCCTCATTGGTAAAGCAATACGGTAACGTGGCTATCACTTCGCCATCATAGGTGTCCGCATATTCCTCTGCCCGTTAACGGCGCATTTACGAACAGATTGCTGTTTCAGCGAGCTGAGCATGAATGACCTCCACTGTCGAGAACTCAGTTCCACGAGGTGCTAGGGTAGGCCACCCTACTCCCCTCCGCATAGTAGATCTGACGCTTTGCGGTTCACTCGTCTCAGGGGGCAGAATTCAAACGCATAGCCAAAATGGACTCATACGGGTGCGCATCGGCCCTCGTGTGGACTCAGTTTTTATGAGCCCACTTGTGTCGAGCGAACCATATGACGTGGAGGCCGACCGTGTGAGTATCACAGCCCCAGCCTACCAAAATCGAGTCCTCTAAGCATATCCGCGCGTAAATTCCGTACTATTGTTTAGACTGGTGAGGTGAAAAGCTATTGTGATAGTCTATGCGCATGTGCGTAACGATTAATTATTTTCCTGGATAGCTTTTACGAGTCAGTCGGGGTTCCTTCAGATCAACACAATCCCGGACGTAGTTTAGATTTATTACCACTTCAATGCAAACTCCGCCTGAGTCGGTGCTCGTATACTTTCCTCAGAAGTTGATCATGGACTGAGTGTAGGTGTCGGAGGTCGGACGCTCGCTCTAATCCCACCGCGGTATACATAGGTGCTGAAGTGAAGTATCCCTCGAGGGGTGCGAACTTGACAGACTACTGGCAGGTGCAAACTGCCTTCGCCGCGGAGGCTGCCGTTCCCTTCATGCCTAAGCAGACTTCGGTCTACCTAGGCGTACGCGTCGCAGCTTCTGGCCACACGTAGACACAACTGGCATCCACCACTGCAGTATGACGCTTTGTGCTATCCTTAGGCGCCTATGGGATTATCACGCTTGGATCTATAGATAGGCGTACCAGTATGAGCTGCCTACCCCAACCAGTCGGCTACCAGGATCTCGCTCTTACTTGGCCGCCTTAATCGGTAGGGACAGATGAGCCCATAACAGGCTGACTATACAATGTTTCTACCCCACGCTCTAACTTCTACCGACTTCGTTGATCGTAGGGTTGACCAGGCTAGGCCAAGCGCACTCGGATTAGACAGAGTCGAAAGCACGCTGAACCGGCGCCATAAAGCGGATCCCCAAACAGATGATTGTTTACAGTCTTTCCACTCACATTCGGTGTCGGTCGGTAAAACAAGCAGCGTCGTGCGTGTCTTACTACTTGCATAGTTTTAATCGCCGCGCCTGGAATTCGGTGCTCTAAGTCATAACACGCATTTTACCTGCCGAAAAACCCCGATGACTAGAAGACTCCTCAGAGCTGTGCGGTGAGGCCATAGCGAGATAGACTCTTTGGTGCGTGTAATCACACTGGCATTCCATAATCGAATAGACTCGACCAAGCCGTTTCTCGCACTCGTTATTAAAGTTTCTTTGAGCAGCTGAGGATTGTGAGCGAATGCCGGGCGGGGAGTAAAGCCCTCGGGGGACGAAGTTCTTTCTGCACAAGTTTTGGGCTTGGCGGGGCATGTCGTTTTCTGTTGCCACAGAGGCATACGTTAAGACACATGGCCATAAAGCTCAGGACACAAAGCTATCATACTACTTCAAGCTATTGCCGATAGCGCTATGGGACGGCCACCGCACGGGGGTTTGTGTTCGTGTGATACCTTAACTG,1762,51.42,Saccharomyces cerevisiae
SEQ_748611,CACTATATCCCGGAACGCTCACAAGACAGACATTGGGAGCATACGGAATAGGACTCATGTGTCGCGCACATACAGTATGCTTTACACTTGTCGTAAGAGGCTTAACGCGCAGGATTCGGTTACATGTGTGTCCCTAACTACCGCAATCGAAGCGAGTTCCGGCAATGGGCCAAGGTGTGCACAATAGGGTTCCCGCTGATTCCGAACTACCCGGCTAGGCTCAGCTATCTCCTCTATGAGCCCGATCTATATATAGTTCGAGAAGGCCAAAATGGGGATTGCTAACCTTTCCTGGTAGCGTCCGCGATGCAACACCCGGGGATGCCGGAAGCCGCGGGGTACAATATTCCGACCTTGATCTGGTCCCTTTGGTTACGTCTAAAATCCTGCGGTGTACATGGAATGGACTACGCACTCAAAGCGCGACCGACGCTACGGAGGAACATTGCCCAATAGGGCCCCAATACTTATGCGAATCCGCAGGCTACGCCTCGTGTCGACGAAACCTGCGCGCATCTACCGATAGTATAGTATTTCGAAGCCGCACGCTGAGGCTCCAAAGGTTGACAACCCGCTGCGGCGCACATTTTTTCCCACATATATCTTGGCTCATTTGGGGCAGGCCGCTTTCCTTTTTGCCAGCATTGAGGATAGTCCTCGTATGCTGCCTCAAACTATAACCAGCTGCCATGAGTACGGAATGATAATGCCATACACCTTAAGGGCTAAGC,731,52.12,Saccharomyces cerevisiae
SEQ_142558,TTAGGGTTGGTGTCGCGTCGGTATGCCCTTGGGACGATTGTGGTTGGACGCATCCACTAAGTTAACTCAAGGGTAGTCGGTTCTGATCATATTAGTGCCAGTCCCGATCATTAACAACAAGGACTTATCTGAAGCACCAATTTAGATGTGGCAACCGTGTGTGACATAGCCGCCCAATCATGGTGATATAGCTCAGGACATCTTTCCGTGTTCGGAATTTTTTGTTGGTCTCTGGATGGTTGCAATCGTTAGTTAAATTATTTCCAACGGCCTTCGTATCTTCTTTAACTCTCAGTCGGTACAGAATCGGGAAAAAAGCATTCATTGTGAGTGTCACATCTACAAACTAGTACATTGGGATCTCAGGAAAGGAAATCGAGTGGCTTGTCTATTTAAGCGCCTTCAGAATATCAACTCATTTACGGCTAGGAGCCGATTGCAATCAACTCTCGCATGTCCAGGCATTTCCATACCAGGACCTCTCGGGGCCGAAGTTCTGAACAAAAAAGTAGCAGGCTTACTGGCGCGTTGGTGAAATGCTCACTCGCCATTCAAATCGCCGATCAAATTGGGGTAGCATATTTTTAATCCAATGTTCATAACTTGCCGATTTGTCCGCACACATAAGGAAAGGAGGTGACAACAGGCAAATCGTATTGTGCTTCTTCAAGGTTGGATCGGCTTGCGCGTGCGATGACCCCTCGCATAATGACTCGCGCTCAATCGAGGACCAACTAGCCGCGTCGCGATTGAGGGCCTGGCTTGTGAATTCTGGTTTTTTGCGAGATTAGAGTTCTCCAACAGTACCAGCCTTGGTGCAGGAGATAGAGCGTCTCGAACTGGGAATAACCTACGATGAATGAATTTTTCATGCAGTACAGACTTTGTAGCTACCCAGTACATGTATACTCACCTGCTGACTAGTTGTAGCGTTGGCTTCTTGGTTGCGGGTCTGTTACAGCAAACGCGGAGCACCTCTAGACAGGTAGATGGCATTGGGGAGATCCGTCCTACGAGATCGCGTGCTGATTCGGACCAGACCGATGTCCCAGCTCAATAATAGAACCTTATCTTGCAGGTGTTATGGAAACCACGTGTAAACCTCATACATTGGGCCCGGGCCGGGCATACCTGTATCACCGTCCGTTCCTCCGTCGCGTGAGGAACACTGCCGGTCTAACGGCGAAGTGGAATGACGATACACTTCGCGCTCACAAGCCGACGCCGGAGAGCTAACGAGTTCCGATACCGCAGATGTATACGCACGGCGAAACGATCGATATAAAGTCTATAGCTGCTGTCAATAGGCAGGCATTCCGCGCCACCGACGCTTTGGCCATTTCTATGCCCAACTTGCTGGAGGTGCGGGATCGACTTGTTAGGAGGCGCATCCACACATGTGAGACGAATTTATTCAACATTACGCCATACGTAAAAGGACAAAGCTAGCATCAGGCCCCCGTTAAAGACCTATAGACCAGTGCGATTGTTTTGGTCTTGGCGTAATGGCCTTTCTCGCATTTCTGACAAGAACATCTATCCACCGGGGTCTCCTGGAGGGATTTAAGCAAGAGCTTCACACGCATCAGATGTGAAGGAGCTGCATCGTTGGGTACCTTACATAGATCAATATAATTGCAGCCATTTGCGGAGCCCGTCACAATTTGACCTCGCATCCGCGTAGCATGTATAG,1693,48.73,Arabidopsis thaliana
SEQ_863250,AAGTTAACCGTCAAGACGATATTGGCCTCGGACTACGATGTTCCAATCGCAGAGAGACACCTCATCACTTCTCGCAGTCTGCGGGCGGGACTTTAGCGACCTTGCGTATTCTTGTTTCCTTTCATTTGCTGAGGGCGTAGCCAACGCATCCTAATTCTATTAATATCATAGATAATGTCGTGGATTTCGCCTGGTACTCCTGTCATCCCCTGGCCCACGGGTACCAGTACGTGCGGCCCTAAGGGAAAACCGCAAAATGTCCTCCACCCCCCCGGGCGTCAAAATCTAAGGACACCTCTGGCCGTCCATAACGGTATAACAAGGACTAAGGCGCACGGCCACCTCTTATCTATGACTTCGAGAGTCGAACCCAAGTCGGGGGTACATGCCCGGGTCAGGACATAGCCAAGGCAGGTGGCCAATCTGATATAAAACTACACACATGTATATTACTCGTCGAAAAGGCATCTTACCGTATGCTGAAACATTCCGCTAACAGTTACGCGAATAGCCCTGCGTTATAGCGAGATAGCCCGGCGTAGTAGGTACCCCCTACTTTACGACGGTCTGGCGAAAATTCCACTTAGTCGTAAAGGTGAACGTGGTTACCGAACATCTCCCAGAATTATGCGACATGATGGAGTGCTCATATAGCCGTTATATTGGTTTTATATACTTTCGTCCGTTGCACTTCTGAAAAATGCTCGGGTACAATCCCTGTCGCCTATAAATGCTTCCTTAGGTAGACACAAAGATGACCGGACCCATCGTCCCCAGGTGCACACTAATTCACTATCCGCCGATAGATCGATGGGTTACAGCGAGCCCCCACTCATACCTCCAGACGGGAGCTAAATAGCTCGAAGAGCTCGAAGTGGCTTGAGCGATCCCATATAGCCGCGCCGCAAATACCCGCGCCCAGCTGGATACTGCAATATTAGACATGTTCAGAAGTACCCCACTTCTTCGGACTTAGAGCACTACGGCCTTCAAGGGAAGCGTCGGCCCAGCGAGGCACAGTTTTCAACCCTTGAGGGAAATGCGGTTAATGCTTGTGGACTGGTAACGCAATTTGCAATAGGGCACACATTGCGAACGATAGACGCCTGTAAGCTGAGGTAATGATTTGCACTGTTCTTTAACTGGTGAACAGCAAGGTAACGATGGTACTGCTCCTGCAAACGGT,1186,50.17,Drosophila melanogaster
SEQ_919257,CTACGGTGGATATCCAACGCGTGGTACGGGGCGAGTAGCTCGCGGTGCGCGGTATCACCGGATCTTCCACACGGGGTATAATACGGCCAGTTATGCCTATGTGGATGTCATCCTGTTTCCGTTCACAAGTCTTATAGTCTTCTGGCTGCTCCCCGCCGCCTCTCATCCGGAGCTTCGGCGACAAGTATCTGTTCAGCGGCTAGACCAAAAGCGAAGCCGGCCTTATGCATCAATAATAGCGGTCTCGCCTGATGACTGGGGTCGCGAGAGCTGGGATACCACTCTTCCTCCCGGATAGGGGAGACTGAACCTTAGCTAAGCACTATGCATCCCGACCTTCTTCAGCGCGGATCCGGTGTCAACCTTGGGCCGCCTACGCGATGTACCAGGTCAAGGATATTCCATTCTCTCAGAGGCGGGTTCACCTATTGATCCCGGACTACGAGAGGGTCCGACTGTAGCACGCTTAGTTATTGTATTCGGCGCGCATCCACAGGAGCTCGATGAGACGTACCATCTTATGCCTATTTACAGCCGCAATAACGACAGCGCGACCGCTTTAGGACGGTTGTCAACGGGGTGAAAGCCGAGACGGGACAGGAAGGAGGTCATACGCGGACCCCCGAGCTCCGGCCGACCGCACATCATACGGTCCGTGGCTACGCAATTTATTATCCCGTACTCTGGTTGTCGCTCGACACAGTACAGAAAACCAGGTCGGTTTTCTACGCATCGACATCTACTGAGGCCGAGCAACGTTGAGTCCACGAGCCGAGGACTGTGCAGGTTGTGTAACGCTATCGGCGTTTGCGTCGTCACGATGAAGAGATGGACTTTTCCGACAAGTGTGTTCGTCGGCGCATCGCAGTCCGTCTATTAGTTCTGCGCCCCGGATGTTAAGCAAGAATCGGGTGCGGGACGATCCATCAGCCGGTCCCCTACATCTTTGCAAGGAGGCCACACTTCACAGGATCATGTGCGACTCTACCAAAACCAGAGCGCGATATGTGTGCACACTCACAGAGGTAAGAATTAGTGTGCCAACCAGCGCTTGCAGTCACCCCGTAACCTGTGAGGGGGATTATATGCCACGGAAAAAGAAAGATACACGAACTGGTAGGAATGATGATATTCGTTGGTTGCTCATAATCATGTTCCACCGGGCCGCAGCTATGTACGCGGCGGAACACTGGTCCTGGCCCTCGCATGTATGTCATCAGGCCAGGGATGAAGGACAGGGAGTTCATCGACTCATTTATGTTAGAAAGTTTCGCTCCGCTTCAAGACTTGCAAGTGAACTTGACATCGATTATGAACTGCGCA,1323,54.04,Mus musculus
SEQ_800865,TGATTTGGTCCCAGTCTTCGTCTTTGCAAATCTCCTCCCCAGACCCTCTTTTGAATTTCATAAATGCCAGCAGAACCGTTTCATACATCCGCCCCTTGGCAATCGCGATGTTCGTGAGTCGTTCTGGCATGCAGGGGCGGGCGGTCGTAAAAGAGAGCGATCACAACTCTAATGCCGCTCGTTTAAAGGTTCGGAGGCAGTCTGTGTCGGCCGTCTTGGATTTGGGGGCTGACGGACGATAAACAAACTCGTCCGTCTTGTGCTCGTCAAGTTTGCGATGCGTAACATCTACCATATGTTATCACACCTTACCCACTTTGCGACGTCGTCCTGTGCCGGATGAAACGATTTTCAGGCGGAGAAACATCGGGGGGTAGTGCTTGCTTTAAGGCCAAACGACTCTTAAATGCA,411,50.85,Caenorhabditis elegans
SEQ_521448,AGCCGAAGCATTCATTTTTTTGCGTAAACTTCGTCCTTCCTCTGTTCAACGTGTCGGCAGGATGTTTGACAGATATAAGCAGGAACCAGACGTTATTCACTCGCGTTATGCTCGCGGTGTTGAGCTGAGCGTCCAGCCATTAGATACCTCAAAGAATCGGAAAGATGGCAGAAGGGGAGCCGGATGAAAGCTAACCGTGGAGGCTCCGATTCCGTAAATTTTATTTTTCAAAAATTCCCCTCGGGAATTAGGTGCTCACTGGGCGGCGGTGCTCCCTCATCAGAGAAGGGGCAGATTGCTTCTCGATTAGTGCAACGTAAACAGTGGCATTCGGCAGAGTAAAGGACGAAATTTTACTAAATAGAACTGGCCCGAGAGTGTTTTCCTTTTCTACCAGCAGCACAAGGAGTTAATTGTTGATTCGCTTGGACTAATTAATTGTGACGATCGCAACTACCTCGCATTTGGCGGTGGAGGCATGATGGACATAGCAAGGGTACCCTTCACCAAGCTGAATTCCCGCCAGACCTGGAGGGGCAAGGAACCGTAATGGGAAGTTCGTAGTCCTTGAGCGCGCCTGACGACCTAGCGACCTCGAGTGTCCGTTCAGCGCCCAATCCTAGTCATCAACTGGGCTGGCATGATCTCGCACCGCGGATAGACTAACTGCTTCGGCATATATAATGACTGTGGTCGCGTCGCTCCAGTAGATGCCATTAGGAGCGCGCCTCGCTGCTAGCCTATCTGGTCATCAACTGCTATGAGGATCTGTGATACAAAGCTTCAACCAAAACAGGGTGCCCATTGGGGAGCCTAATTATTCGGACTCCGCGACCGCCAGATTGTGTGCCTACGACACATCGTTTGGACGAGTGTCAGGAGAGAAACTGGCTGTGGATACGGTCCGCTGCTATTGGACGGTCAGGTCCTTCACGTGCACCGTGTGCACTAATAAAACCGTGGGTTGCGTCTTCCCAGGAACAGGGCTGGCCCTTGCTCATCGGTGTACGGGAGTTATGGTAACCAGATCCCGTTATCTAGCGGGGTAATTGGGGATTTCATAAAAATGCAACGTCAGCCTCAGTGCCTAGCCGTTCTAGCACTCGGGGGTCCGCTTGAGCAAGGTGGACACGGTGGCTCTGTGTATGCGCCTGAGGCTACTAAGCCCGAGAGATTTGTAACCCGCCGCTGATAGATAGGCGCGCAAAACGATGATAATTGTGGCGAGCTACACAGACGCCAAGAGTCGTAGAACTGGATCGGAAACTGACTTGCATGAGTGACGTCAGATAGAGGCGCATTCGGACGACATGGCCCTCGAACGACAGGCGTCAGTATTCGTTGGACGGTACACGTACAGATTACCTCACCCTTCCTTTGAACCACGTTATGGAGGACCATCTGCGGTGGAGAAACCACATCTATGTACTTAAAAGATCGTCTATAGTAGACCAGTCGCCAGGCAACGTCGCAGCGTGGGGAGCGAGGATAAGTGGGCAGGGAGACAAGGACCTGCCTGAGCTCGAGGTATAATTATATTACCGTCTGCAGGATCTCTTGGCTGTTAACGAACTTCCATGCCAGCGTTGGTTAGGAAATTTCGAGTGGGGGGGGCTCGCGGACCTGTCAGATCCTACTCTGTGAGCAGATCTGCAACTTTTAACTCTGAACTGCAGAATCGACAAGAGAGGAAATCCCAGTGCATCGCGCACGCGGAGCGCAGCGATCGTCAGCGAGACTGGAACCGGCGCATCG,1755,52.25,Arabidopsis thaliana
SEQ_769503,GTGCAGCTCATCCCAACCCGCAGCATACAAGCTCACAACGCCACAAGTCTTGTTGGTGGTGCGTTTAAGGGGTCGGTTTCGAGTTCTTCGGCTTTATATTTGATTCTAGACTCTAAAGACATACCTGCTATCGATTTCACATTTTGGCCACCCAGAGGGCTGTGGCACTTGCTTGAGTTGACTTAAGACGACTCCATGCTTATAACATCAGTTATATGTCGAAGATGCCTGACTCTAATTACTTGGGATAGAAAGGACTATCACGGGCGCGGGTGAGCCTGGCGATGCATCTTCGCGTCCCTCCGAAGGTGTTGGAAGAGTTGCCGCAAAGCACATGCCGGCCCGTGTTTCCCGCAATCATAATTGGTATAACCGCTGTATTGTCCATATGGAACCACACATGCGTTTTGAAAATATGCCAAAGACTAATGCAAGGTTTGCGACCTGCCGTCAGCAATCGTTAACCCTATTATTTCGTTAGGTCCTCGGCTCCTCCCCAACCCATGCTTACGCCGGGCAGGCCTGCGTTCGCGACTACCTCGAACTTAGTCATACTTTGAACGATCCATTTTATGCACTTGGCAACCATTTCACAGCCAGACAACGATTTGACAATGCTACAATTGACTATCTGTTGGAACGCGCATATTCTGGTACGGGGCCTTGCCATGGCGTCCCGCTGCCCATCCAAACCTGCCTTAGGTTGAGGTGGCCGCAGGCCTTGAAATTGACCATACTTAATTGTGCTATTACTCTGGCTCTG,763,49.41,Arabidopsis thaliana
SEQ_978776,GCGTGCGTGACCCCGGACATCCTAATCAACATAGAGACGCGACACGAAGTGAAGCGCTTCCATCCTACTCTTAAATGGTCCTATTCCCGCGCATACTTTTGGTTGCAAAGATGGGCATCCAAGTCCTTCCAAGCAAGGATCTGAGCTTCACTCTTCAGACTGAAAGACAGAAATTCTGAATTACTTGTCATCCTTCTTGCACGATCCGCCATTCCCGCAATGGGTCATTGTGCAAGATGATCAGCTAATTATGCGCACCCGTCGAACAAAAAGCGGGCGATCTGACTCCAAGAACTTTAGGTTTCTCACGTAGCAGCTGCCATTGTACAGCAGGGGTGTTTTGCTTCTTCCAATCTAGCGACGTGTACCTTTTCAAAGCGTGCGATGCCTAACCCGGTACACCGGTATGAGTCGATGGAAGTAGGAAAGACCAGACATTTGGAAGTCCTGGACTTAGTTACTTAGTACAAGGCGTTCGATGGGTTGACAATTCACCCCTTTGACCTGGCAGGGGCCTTTCCCCTTAGGGACGTCACCTGGACCCTTCGTTTCATCCAGCGCCTTTTCCAGCCGAAGTGAGTCACTGGTCCCTCTCTCGCAATAAACTGCTCAACTCTTATAGTATGCGACAGGTTGATTTCTCCGATACGGGAAGAAAACTTCGAAATTCTTAATTCCTAATTCAAACTTCGCGGAGGAGCCGTCGGTATACGCTATAGGGTTTGAGGGTGCAAAAAGCCCTTAGCTACTCACTCCCTGCAACCCCGTTGGCCGTGCGACAGCGTTGACCCGAGTGGCGCCCGCTACGATTCTGGCCTTATTTAATCTCGAAGCTATCGTGTGGGGAGACTATGTCATCCTGGAAGAGCTCCCAATATCGAACAAGCATCGGTACCCCGAGTTACTATGGAGGGCATTATCCGTAGGTGTAGGCGCTTCTCGCTCCTCAGCACTTAGGGGGCTAAATTCTCGTCGGCTAACCAAGGCAGTTCAGAAGTGAGTTCTGTAACGAACTCACGGCACGGCGCTAGTTGATCGTGATTTCGCGAGCGATAGGATTACTTTGCACTCCGTTATATAAAGTCTTCCACTCATGGTCGGACTTTCAACCGTCTAGAGCGTCGAATGACATGCCTAATCGAGTCCCCGAGAAAACACGCGTAAAGTTCTACACGCAGAGCGAGGGGTCCCCAAGGATTGTGAACATAATCAAAGTAAGGAAAGTCCATAAAGTTGCGACCTGGTTTGTTCGAT,1254,49.76,Mus musculus
SEQ_985408,GGTCCCCTTGCGCCGTCGAAGACAACATCTTTCTCTAACCATATTAACGGCCTTAGACCACTCAGAGAAGCGATACGTGGGAGAGACCATGACCTTTCAATGTTTTATCATCCCCTATATCCTTGTTGGTACCCATATCCCCAACCGCTAACTCCAACACTAATATTACTTCGATTGCAATTTGTATGGCCCGTCTCGTGACGCAAGTGTAGCGAAGAGTACGTCATGCTACCCTGTGCGCGTATTTGCTGATGGATAGTAATTTCTTCGGTAGCACATTGGGAAGAGTGCAAAAACGAGACAAACAAACACAAGGTAAATTCACCTGAGGGCTAGACCCCCGTGGATCGCTTGCCTCGATAACCGTACTTTCCCGACAATTAAGCTGGATAAACTCAAATAGAGCTGCATCTGAGATATATCTGAAAACACGAAAAAGCTGAGTGCTAAACATCTGCATTTCAGCACACACAGGTCTTGAGCCTTAAAGATCCGCTGGTCCATTCGCCAGGTCTCGGAAAATAGTTTGGTATGTGCGTATCAGTTGGAGCGATACGATTCTTCATTGGGGGCATAATAGTGGCGGCGGTCTTTGTCGTGGTTTCGGGCAACGGATAGGTTGCTATGATCCTCACTTTGGGAACAGCGTCGATTCCGATCTACAGCCAAAATAATAACCTTCCCCGGTGCTATCAGCAGTATAAGGGGGTACTGGTCCATACAGCTCTCG,730,47.12,Caenorhabditis elegans
SEQ_824860,CGCAGACGCGAGGTCATCCGTATGAGCATGTGACGCTTCAAATGAGCAAGCTCAACCTCGCTTCCAGTTAGAGGTGAAGTAAGCCTGCAGCGGACATAGTAGAATTTCCACGCACGATCTACGGGTAGCGGGTTGGTGTCCCGCAAGGTTCAGCAAGCAGGTTCTAAATTGCAGCCACACCTAACGAGTCGCAGATAAATGACCTGACCGTTTCCTGTACGAATGCTCGGCATTGCGAAACGTGTTACGGTTTCCATTTCGCGCCGGAATATGAAAACCAGAATGATGGTAATTCCGGCCGAAGCATCTCGGCCCTCTTGTAGCTTGCGTAGCGCACGCGCTTTTCGTTCCCGGTTTCAACCCATTTGCGTAAAGCTGCAAGGCACATCCGCCGATATGAGCGCGAGCTTGAGAGCTATCATTAGCCGCACGGTGACCTGTCTCGTCGTCGCCCTAATAGTGTGTAACCAGGGCGTCAATAGAACCTTCGCCCCAGTGGGGTTCTGCAGTTCAACAAGAGACTACTTGCCAAGTTCGTCTTAATCTCGAGAGACACGCCAGGTTTTAAGATTTCAAGCGCGCGGTATTGCGGACGGGAGCGCAAATTGTAAGTCTAGGCTTGTGTTGCTAGATGAAAGATTCCTGACTAGACCAACATATACAGGTTAATTTGAGAGAGTCAGTGAACCTTTAAGTGGGGGGCATACTCTGTCCCCGCTAAATCACGTCACTTTATGCTTCATATTACAGGAGGCTATATCTTTCGATTACTGCCGTTGGGTCCACGCCTTATAAAACGAGGAGGACATGAATATGTCCTACGCCAGTCGATCCCGGCCCGCCGTGTCGAGGGATATTCTAGGACAATCTGGTGGACCTCCTTATGGGAGAAAGCACATGCGCCGCGGACAAACACCAGCCCAAGCTGGTGCCGAGCACTGGTTTAGCCGGCGAATACATAGAGAAGACAAGCGTAGGACCTTCTTTAAGATAAGTCGCACTTACGCCTGATGCGGCCCACACATAAATCAGGACTTCAGAGAATTGATAGTCTGCAGATACTTGTCTGCAATGGTATACGTCGGCGCTCAGCCTTGCCCAAGGCCTCTAACCTTGGCCGTCCGTCGAAGTCACTGACGAGTCCGCTGGAGTCAACTGCAAATGTGTCTCAGACTCACTTTCCTTGGTGAGACCCCAGGGATGTACTAGA,1210,51.32,Drosophila melanogaster
SEQ_886555,AAGTTATTAGGGCACCCGAGGTGCTGGTATGCATTAGACAAAGCTGCTCTTATCCACAGAGAGAGCTGCCCATAAAGCGTTATGCCGAACGTCCGCAAGGTTTCGAGTTTTTTCAACGATAGTGGCAGTATTATGCGGTCGCGCTCGCTCATGGCAGCAGCACCATAATTACAAATGGTAATGTAATCCCGGGGGTGGGTATAGCTCAGTTTGTTACATGCACATGAAGTATCTACCAACGCGCGAGGCCTAAGGAAAATTCTCCAGGAGCGTGCGTGTGGCTAGCGGTGCACGCATTCGTGCAAATATCGCTGTCTACAACACAGTAGGAATCGTACCAGGTCAATTATTAGAGGGGACGTATGAGAGCTTACACGTACCCCCGAAGTCAGTGTACGGGTGGCGGGATGGGGCCAGACCTACAGCGTCCGGTCCCCAAGCGTAATGATATCAGGAGGTCGATCGAACTTATCTAGATAAGGTACATTAGGAATCTACCTATAGCGCCTGCAGCGGTGAGGGGTCTACAGAGCTGCGAGTCTCTGTTTAACATGATGATTACTGTTGCTAACTGCCCCATACCCGGGCTGTCAGGGGGCGCCCCCGGTTCTGTGGCCTTTACGGG,625,51.84,Arabidopsis thaliana
SEQ_363384,AGATATCAGGGGCAGTTAGCGAAGCAAGGTTTGGCTGCTCTTTGGATTGTCCACTCCCAACTTACGCCTCAGAGAGGCCGGCAATGAAAACTCCGGCTTACCCTGACCCTGCGCTCGCATCACGAACAGGAGACCGAATACTGAAAACTGTGGCGATTAGGACGTTTGAAAGTCTCCATGTGCACGACAGTCCTCGAACTTTTCGAATAGGTCACCCTTGTGAATAAGAGCAATAAAATGGGAACGTAACTTACCCGACCCCATATGACTGCAGAAAACAGCAGTAAGCGTTACAACCTGGTAGTACCCAATCTCATTATTAGGCGCAGCCGTCACCACAGCGAGACAATGCCTTATCATCAAGGTTACCGACGTGTTGGTCACCTAAGTACTCCTGCGTCTGCATCTACTCAACTAACTCGGAGCTTTTGAGGCCCAGTCACCTGCTTACTCTTGGCGTGTTCCATTAAGGCGACCTAGAGCACCACGATTTGCCGGGAACATACCGGCTATAGTCCGTCCGCTACAGTTCCACTCCATACAAAGCGGGCATGACCTTTCCGAGGTCCTGAACCCATCTACCTGCCGGAGATCGTTGGAGTATTGAGTGTAACTAGCAGCCCTCTATGACTAATTCCAGGAGCTAGTCATTGGCTGCGATAGATAGTCATACTGTCGAACCACTACACCTTCGGTGTCCGTTCTACTGAGCTTGTCTTGAGTCTCTGCCTCGGACTGGAACTGTCCAAGTTTTAATAATTCAGAAGGAATCCCATTTGCTCGACATCTTCAACTGGACTTTCCCTAATTAGAGCGAATACCGGTTCGTATAGGGCTGATTTGATTTAGGACCTCATGTCCTCCAGCTCCAATTACCGATACGGATTTGCATTCTCCGTTCGTGAAATATTCCACAAAGAACGTTTAATGCCGAACTATGACTAGTTATTTTATGCTCAAGGAGTGGTGTGAGCTTGCGATTAGCCATAGTTCGGAGCTCCACAGGCCGATAGTTTGACGATAGTTAACATGGGGTTGCTACTGATCGCTAATAACCGGCGTGCGCTGATGACGACCAGAGTGCCTTGCGACACACTAAACGAATCTACCTTCCACATCAAACGATAAAGACTTCCACCTGCTTTCTGGTTGTTACCCATCCCAGAAAGCAAGACCTAGGTGTCCTGATATTCCGAGCAGCCCCATAAGACATCTTTCCGCGACGGTTACCATAGACCGCGAGGTCGTGGCAGCGGCCGTTCGTGGACCCTCGAAGAGGGATCGTAAATGGTCGCAAGCGACTGCACTAGGGTGCTGAGTAGAGCTTCCTGATTGACCAACTGGCTTCCCCTCACATATTCCGGATCATGGTTAACGACCCAGTCTGTGTAGATGTCCTCCTAGCCGCAGATTTATCTGGTGTATCTACCGTGATATCAACATGTCTTCTTTCCTCGGCTTCGGGTATCGGGTTCAGACCATCTGTATCTGCTAACTCTGGCCAAGCGCAGGCCGTCATGTTCCCTACCGCGGCGCCCGGTAGTGATCACTGCGGCTCTGTCTGCAAGTCGTACTGACTATGGGGAGTCCATCAGGAGACGAGCCTCACAGTCATTGGTGGGCGCCTCTATGACCTCGAGCGCAACTCTACGAATGACAGAATACAGTGTGGAATTCCTACCCGGGACATTTTTTAGTATATGCCATTACGCTAAATAGCTCAAACAATGAGCTAAAGCCTATGCTAAGTCAATCCGCTGAAAAACTATGGGTATCTACATTAGTTACCCGACCAGGTAAAATTGAATACGGTCGATTTCTGAATGGAGCGCGTGTCTTTCATGCTAGAGCTCGTTATTATATCTGGCCGTTATAGGATGCGAATCCTGACACCCCTATTCTATGTTTCCTAGACTCTTACCGTAACTCGTAACGAGGA,1939,49.1,Saccharomyces cerevisiae
SEQ_730876,GCGAAATATGCCTAGGAAATAAAATGTGTGTGACTGGTATGTTGTTGACCCCAGTTACGACTGTCGAAACTCCTAGCTTCCATTACTAGATTATGGGAGGAATCTTCGGCCGAAACGAAAAAAGGGTTACTGCATGACCGAAGGGCTATACTTCAAGCTTGCAAAAGCTGTCTGAAACTCCACCCGTGGGGCTTCTGGTTTTATCATTGAGTGTTCGCACCCCGGTGCATTTCGGTACAAGTGTCATTTGTTCTCACACAATCTTGAGATTTGAGTCAGAGTCCCCCTCGGCCGAAAACGGGCGCTGTTTATGATTGAGCCGAGTGCATGGCCCCTGGCCTTACGGACTTTGGTGTTCTACAATAATCATTTGGCACAAGACGAGCTAAGCCACGAGTTTAGGGGAACCGCGCGCTCGACCTGGTGTCAGCTCTGAAAAAGAAGCCTCACCATATTCCGGACGGGTGAATGCAGATGTATGATCCACAGCTCCCGTCTGAACAGCTTTGGATTCAAAAACTTCGAGGGGCTTTCGTACCGAAACGCCAGCTGGCAGAATTCACAAATGCAACATGGCCAATACCCGTGGGCACTTCAGACGGCTGTTATAAAGATCGCTGGGCGCTACAAATCTTGTAAACAGCATTGTGCAGGTCTATTCTTGACCTAGATTCACAATACGTTCAAATAAAAAAGACAACCTGTACCCTAAAGGTAAGTTTCTTGCCCACTCATAATATCGTAGGAGTTCTGTTGATTTACGGAACTTCCGGCTCACTCACCCGATCTGTACGGTCCGTCGTAGCACTGCGAAGGCCTTTTCTCCGATCGACTACTTGGTTCGTCATCGGCCTCCCCGTCTTCGTAAACCCACCTCCGTGGAATCTACGATCACGAAATATCAATCTTAGCTCTGGCTGACACCTGGGTTGGAGAGCTCCAAGGAATACAAGTTGCAACAAGACGAGGTCCAGCCCCTACTTGGTTCGTGAATGCTAATCTCAGTCGCTGTTACGCAGGTTAGGGGTGCGTCTCTTGGCTGGGCTGTTTAGTTAACCGACGATGTTCCCAGGAAAGTGGAATCGTTCATCCTGGTTTGGATCCCGAGTTACGGGTCTGGGCAATGGCTCTAATTTTCCGGCAATTCCCGCTCCTGACTTGCAAGGTTAAATGTTGCGGTGAGATAGCCACCGTGTTAGGTTTCCAATTCATCTCGCGGGGCACTGGAACAGATCGCCGGCAGCATCCCAAGCGTGCCCTTTTCTTGTCACGAATACCAGCTGGATTAGCGCACCCGTTATTCGGAGGATTACCGTCGCTTACCTGTTACGTGCAGCAAATCGCATGCAGCCCGGCATCCGAAGATCGTTGAGGGTGTGACCTTTGTCAAGCTCAGATCTCGTTCGCTCGACTACACCATTCCACAGACACGGGTCATCGCACCAGTGGAGACGTGATCATTCATCGCTGCCGTGTGAGCTCTGGTGGCCCCAAGCGTAAGATTGTCGCAGGGAAATTTTTCACCAATATCTCGCTCACACGCGCCGGGGTCGGTAAGCTGCGCCGGATTCTGCGGACACAGTACTTCGACGTCCCAACAAATTCTGAAGCCACTTATCAACGGGGAACTTACAACCTTGTATGCTCACTTTGAATTACCACAGTCGGCGTTAACTAATCGAGATTAGGTTTTACCGCCCATCTGTCGTCGGCCATTCTGAGTGACACAGATGGAGCATGTGGGTCCTCGGAGACGACGCTGCAATGCAGTGGTTTCAATGCTTTTCACTGTGAGATCATCAGTCTAGATAGCATTGCATGGATTTTTCATACTGAATGCCCTGCGTAGGTCAACAGCTGAGGATCGCCTCTAACCGGTTGCAACATCAATCGCC,1895,50.24,Drosophila melanogaster
SEQ_294361,TAATTACACCAGTCAATCCGGCACGCACTAATGGTACAGGCTTCGAGCTTGATAGCCAGATCAAAGGACAGCCTAATGGCACCGAATAGTTTATTCACCGCTTTAGAACGCACCGAACACTTCGCTAATCTTGCACCAGTCTCCGCGACTGTTCATGACCCCCAACCGTACTAGGCTCTGTCTCCGAGCGAGGTCGGGGCACGGCTTGCCACCTTTAAGGTACGCTACCACCATATCATGATTTTTCAATCAAAGGAGGTAATGAGATTAAACTAGAGCGACTGCACGACTCGTATAGGATACATCATAACGGGGTTGAAACTGCAATAGGAACCAGCTTGAATAGTTAGAGGTACACTCGTGCACAGGGGGAAGCTTTTGAGAAATCAACTTTGTTGATCTTGTATCAGCTGCCTAAAACAGGACCCCTCGCAATTGCGGCTTACATGTGCGCAATTATGACTTTGGAGCCCATTTACCTGTAAGGTGCAAGTTTCATGTTTAATTGCCATCTAACTCATATTCTGACAGTGCGATGATAACGAGACGCATGCGATGTCGTGCCTCAGATACATAATAGGTTCGGGGCCCCCCACGTAAAGCTATGCATGTAGATGGATAGCTATGTAAGCCGGATGGACGAGAGCGGCTCTAAGTGAGACTTATTGCATCTATTGGTCCCCTAAACCAAACTCAACTTGATAGCGGTTCGCAGTTACCGGCCAACACCAGCCGAATTAACAAACCGAGAGGATAGCCATTATGGTAATGGAACTGGATAGGAGGAGGCCGGTTGGCATTATGCACCTAGGATGAAGGTAACTCAGTCCCTCTCGCGTCGGCGTGCTCCCCGCATTCACGGTCGGGTTACGACTATTCGTCGCTTGACAGTTATAGATTAACATTCCAGTTCTGGTGTTAGCCCACGTGCTTACTAAATAGAATTTCGTCCACTTCGGCCGGCCATCTCCCTATCCGCGCTAGAAGCACACACCCTGGGTAACTAAATCCATTCGTGACGGCCCACGGGTATGGCTTTAGAACCTAATTTAACGCTTTACGGATAGCCCCTGCTTAAAGATTGCCCCAAACTAAGCTGCCGGATTGACAAAAGGTCCTACTTTCTCTATTTAATTTATCCTTAACGGCATTCGCTGGTCTATTGGAGGGTGGGCGCATTCATACCTTAAATGTCGCGTCGCCCTGCGAATTGCTCGGTGAAGGTCTTGTCCGCAGAGGGCGATCGTAGGAGACAAGGACCACATTCGCGTCGCACATGCTATTGAGGTTCCCGATTTAATAGACCACTCATAGGTCATCAGTGCGACCACATCATAATGGTTTCTGCCAAGACTCAGTTTGCTAGTTAGATTCAGAAGATAGTGCCAGTCCGTCTGACAGGGGCTTCCACAGAAGTGTGTGACACCCCGACGCCATGGTAGTGCACTTTAAGAGACGTAACCGCTGGACAGTAACCTGGTCCGACAGGCCCAATCCGTAATTAACAACATAGTAGCCAGTTAGAACAACTGCTCACTTTTGCAGCGAAAAAGAAATGTACTGTGCACCAGCGATTCGACCTTAAACACTATATCTAATACAGGCCGGTGCAAGGAAGTGTGCGTAGGAGATGGGCACTCTACATATCGCAAAACAGCTCGGGTAGATTTGTATTGGGCGACGCAAGGTGATGAGGTCCAGTAGGCTTCCAGGCGTGAGCCAGCACTAAGCGTTCTCCAAGAAGTCATGGACTTGAGTAGTTCCGCCCATAAAGAGCATGCGTTACGGGTCCTGTGGTGCTTCCAGGACACCGTTCCTTTCTCGACCATACAGCATCGATGTATTTCTCCCCTGGCCGTAGCGCGACTCCGCATGACGCTCTAGAGGGGCATCACGTAACTGACCGGCAAAGTG,1914,49.32,Escherichia coli
SEQ_411854,TTAGAACAATTCTGTGGACATATGGGGTCATTCAGAGCACTCCTTAGATCGAGGGTCGTATCCGGGTGTGGTCGGGGATTGAGCTGGTGAATGAAGCTAATAGTGCCGTCCAGAAAGTACACGCTGGACAACATAATAGGTAGTGAGTGCTATTCTGTTCAAAATTCAGTGCGCTGTCCTATCCGTATGGAAAGTTTTGAACTGTCGAGAACCGAGCGAAGCTGTGTTGGCAATCTGGCATGATGTTTGCAAGCGTTGACGCTATGCGATGTGTGCCAAGTATTTCGAGTTGAGCACAAGTGGATACGCTCCGGGCGCCCGGACAGAACAAATGGTACTATATTGGGGAGAATCCTGCCAGTATTGCCCATAAGTGAGTGCTATACTAGCTCTTTTCTTTTAAAACAAGGGAATATTTGACTGAAGGTCCGGCGCAACTCGTGAAGGATTGCTGGCCCAGAAACTGGATGCGATCGATAAATGAGGTAGACTTGCCCGTTGAAGCATCCAATCGAACCACCTGTAGGGGAGGACGAAGGGGCCGGAACCTGATCCGTCGAGGCGCTCAGCTTGAACGGGAAGCTATGATTTGCAATGGTGGCATGCATGGAGCCTGGATAGCTAATGCGATTAGGCGTACCCGGGGGCCCTGCGCAAAGGCCTGAAATCGTCGTACAGAACGAATCCGTGTCCTACTCATTTCTCTTACCTAGAATACGCCGTACGCAAAGACATCTATGAGCCTGTGAAGGGATGGTCATGAACTTGATCGGTTCATGTTGACTTCGGTTTGGGTCGGGAGTGCAGTCGTTTGTTACACGGTACTGTTATGTGTCTGATTAAGCACCTACAAGTACAGGTGGTCGGGCTAAAACGCTCACGAGGTAAATCGGTCAGTACAACCACGTTGGCCCGCTGCACCGGGCTACCATTATTATGAAAGAGTAGGGGGGCATCGTGGGACCCGGCTTTTGCATTCAGCATATATAATGTATGGCACAGAACTCCCGAAGCGCCATGCGACCAACATGGCCAGTCGCACGGAAGCGGTGATGATACGAGCAGTTCTTTCAACTGCCTAAGCCTATTCTCTGAATCGAGCTAAGCTTCGTGGCGTCAGTTGTAAAGCAACCGAAGGAACACCGCTGCAGTGTCTTATGCACCCTGCGCATCCGAACTATCTGCCCCCGAGAAAAACAGCGAATGGCTACATTTTCATATTACTTCATTATCGGCG,1237,50.04,Mus musculus
SEQ_256294,TTTAGCGTCTTTCTCCTAGCTTTAGTATAGCATAATAACAAGCACAAGGCTGCTTGTTGAGCAAGTAGGACTAACCCCGGCGACACGTTTTATCGGCACACCTATTGCCGATACGACTATACACCTCGCTCCTGAACCGTCACTACCGCACATGGCCCACATAAGATCGATTGGGTAGCCCAGCACTCCTTTTTGTCCGAACACTGTGCCAGACATTATTACAGCGAGGATGAACTGATGGGGGCTTGCCGAAACGGTAACCTCCCACTCAGGGACAGCTATCGGGTGGTATCCAGGTCTAATACTTATTGGGTTTTAAAGGCCAAAGAACAATAAGAAAGCCACTCTGATGCGCTCTATTGGATAGCTCAGGATTGCTGGGCGTGTAGTGCCTATACTATGACAGGGATACTGAGTTCCACACCGGTCGACTTCGGCACCCGCGACAAGCTTGCGACTCGCGGTCCCATCTTTTGGTCATCGGGAGTCATGGGAGATCCGCGTGCACTTTTCGCTTTTACAACTGACCTCACATTTGACCAGGCTTGGGCTACATACTTCTGGCACCGGCCCACCTAAGCAGTTTTCGAAAGGTCTAACGCATCTCTAACTAGATTTTTATGACCCGGGCCAAGACTTAGGCGGCTGATCAACTCCATGGGCTCACGCGATGGGCAGGGGTTATCAATCTGTCGCTGAATCTATCACGTAACATGACAACATTTTCACATCCGTGACATCCCTCGGGATGTTCAACATATTCAAGTTAGGCTGGGAGTTGCTCTGCCTGCGTTACCCATCGCACGCTGGAATTTCGCCGTACGTGGATAATTCTATATACCGTACGAATAGTGACCCTCGCGAGGGGACAATGGCATCCGTCAGTACAGGATCGAAAATCTACATGCGACGCCCTTTTAGTATGTTTAGGCACGGACTACCTCAACGGAAATTGTGAGGTAGATTCTGCTCCGTTACGTTCCCGGTAAGTAGCTGAGTGAAGATCCGTGTACAGTCCTAGTGCACTCCCGTTGTTGGGTGACGTCTGTGTAGAACACTTTTTTAGAGCCGCATCACCTATGTTGGCAACTAAAATGTTTGTGACCGCTCGTCTCTAGTTCCCAGGCGAGGAGGTGTCCCGAGATCGGGAGTCTCCTCGTTCTGAGTTGTGAGATCAAGCGCCGACGGACTTGAGCGCTGGACGAACAAATATCGGCAATCGTTCGCTCGAGAGCACAAGCATGGGAAATGATAACCTCCGGCAGATTACAGATCAAATCGTGACTTGTCGGGAAAACTCCATTTACGACATCAAGTACGCATTGCTGTAAGTTACTAACTTAGAGCTATGTCACACCATTATCCCGTAACATCTTAAGCGCGTATGTTTGAGCACCTCCCGAGAGTTGATGCCTATGCTTGACTCGTCCCATTCAGTTCGTCTTTGGTACTGAGCAGGCTATTTAGCTCCCTATAGATCTCTATTAGCTTAGGCACCCAAGACGCTGTTCAGGAGTGCGCATTGCTCTGGGCGTCTCCTGTGTCCTAGTAGGATGGGGCCTATTCGGTGAGTGTAGTGTCCTTTCATATGTTTTGTATGATTGACGGTGTAACAAGGAGATATCTATCTCATCCTCAGTCTCTAGAGATAGTTGGACTTCAAAAGTACCCCACGTAGGAGCATCCTTCCATAATACGTTTAAACGAGATCAATTGGAGCAAAAAGGATCATACCATTGAGAGTTCAGGGAGCAGGCTAAAGTGAGATACGTGTAGTCAAAGATCGTCGGATTTCGATCTGATCAGCCCATTATCGTGACCCCTTAGGATGAAGACCGTATGACTATGCGCGATGGAGCTTAATTTGATGAAATTGAC,1878,48.56,Escherichia coli
SEQ_793647,GTGCGGGCAACTTAATCTTGTTGACATCCTTCTAACTGTAGTTGAGTAGTTAATCCGAGTCACTTCTTATGCAGCGCTACGGTATGGCGATCGAACAATGCAGGGGTGGACTTCAACAGCAACATCGCAAGATGTATCCGAAGCATCGGTCAGCGATCATGCGATCCGTGTAGACCAATTCAACCAACAACACAAAGTCGCGGCAGTCTCTAACCACTATGTGTCCACCCAAGGCTGGGCGACATGAGCGCCCAGGACGATCGATCCGCGCATGAGACGGAACTGTGCTTGAATGTCTAGACAAGCTACCCAAGAGGCGCGATAAGAGTTCTGGTGGGTTTGGAATCCGGAACAAGTATGGTGTTGGACTCTTTCCGAACGCCGATAGGAGGGTGATTATTGGACCCCCTACAGATGGATTCGCTATGACTAGTGTAGTAGACTCCGGTTCTGTCTTCCTAGGATTTCTTTCCACAGAGGAGACTCACACCCTGTACCAAATCCGACAATGTTAGCCTAAAACGGAACATGCAGATTTAGCGAATTGTCTGTACGAGACTCTATACTTGAACCTATGAATTTTTTCGACACGCGCGGGCTCAGAGTGGCGTCTCCAGAAAATCTCTCATCGCTCTTCTGTTCACCCGCGCAGCAACTTTCGCAAAGCGAGGTGGGACAAGGCAGCTCAGCTCACACCCTGAGGGCACATGCAGCCCCGCCGATCACATACGCCATCAGACGTGCGTCGAGCGCCGGGTACCTTGCAAAACGCCTGAGCGACGGGCCCTCCCCTGCAGATGTGTACTGCGTATAGGCGCCAATCCGGACCCTTCATACGGTTAGATTCGTTCATACACACACTACAGGGGTCTTTTGGTCCAACATCTCCGGCTTGGCTTTGTAGATGGA,909,51.93,Escherichia coli
SEQ_860320,AAAAACCGATTTATACAACGATGACATGCCCCTAAGAGTTTGTATTTCTCAGTAAATCCACGCTATTCGCTGGGATAATCTATTACTTAAACCTTAATCGAATCGTTCGATTCATCGGCGGTGGTTACTGCCGTTAGAATTCACTTCTGCGGATGGATATGACTTGGGTTCGCGCACCTGTCATCAGGCAATGTCACAGGACCTTCGATCCTTAACCGCCCAGGGTGTTCCGGCAATTTTACGCTAGGGACCTTTGTACCCTTGGTTGCTACCCCGTCCCGGAAGGTCATGAAGGTCTAATGCTCGACTTTGACCGTGACCTATAGTATTCTGCCTTGGCGCAGTAAAAGGCTGCTTGTGGCGCGACAAATGCCTGGCTATAAACTCTTCACGTCGCTGCGCTTCATTAGCTATCTAACTCTTGCAGTGTGTCTCCCCCTGACATCCCTATGTAATTCCTGCCAGGTCCACTGCCAACGGCATAATGACACTCCCCGCAGACGGGACGGGGTACGCTACATCGAGATACATATGGCTTGAATAAATGTATTAGTACACCGATTACTGGATATTCCACCGCCGGTCACCGTTCATAGGCGGAAAACGGATCATGACTTTGCTGCTAGAGTGGTTCAAACATAAAGAGAACTACGTGGATTAAGTCAGGATCGTGTCCAAGGCACAGGAGTCAATCAGTTATGTTTTACGATCCACAGACGAAGGGTCGCTCGTTCGGGGGGACGAGGGGACGCTACAGACCGCTTAGAATAGTGAGTTGATCCGTCTCGGGTATTCGGTTCCGCGCAGTCTAGGCGGTATTTGGGGTCTCTCCTTTTAACGAACGCTTGCGCCGACCGAAATCAAAGGCAAC,871,49.48,Drosophila melanogaster
SEQ_666491,ACAAGCACTCATACACGTGGCTCAGTGTAATTACGCTGCGAGGGGTGAAGGTGGAAGCTGCTTCGCTACCTTCATGATTAAGAGGTAGCTTCGCTATCTAGCCCCTTGTAGGGGGCGTGTCCACACTTCCTCGACCCTCAGTGCCAGATAAGGAGAAGCTTACTGTTATGCCATGAGTGGTATTCCCAAGTCTTGAAGGTGAAAACCCGCTACTTTCTCCACCAACAGGGTCCTGGTATTGTAACGCCGATATAGCCTGTTGGGGTAATGCAATGGACGTGTAGAAACAGGCTACATTAGTGACCAAAACCCATCGCAGGTGATACTGTGCTTAAGAATGGGACTGGGTACGTCTAAGAGGAGCCCAAATAGGTTATCGAAGACCAGCGTGACAGCTCTGGGCCCGCCTTTGGCTGGTGTAGCCCAAATCCTTAGGCACTACGCGCTTATACAGATGCTAAGATTCCCTTGTTGGTTGCTCCTCTCTGAACTGCATGGTCATGAGCAGCCTACGACCAACCATTCCTTAACGGACATCTGAGAGGCTAACCAAGCCACTATTGATCCGATACAACCGAGCACACGGGCCTCGACATTCCAGAAGGAAAGCAGTCAACTCCAGCGGTGTCCTCCATCACGTTTCCTCGCTCGATCCAATTACTTCTAATATCAGGCTGACGCAATACTCGGCAGTGTTATAGCTCGGTGCTGCTTTAGCTTTGTGTGGCCTGACCTGTGGGGCCCATTCTCTGGGCCGGTAGGGAGAACGTCGAAAATCGGCTGGGCCGCAGAAATCACTGCCAATCTTATTAGTAGCACACGGTTGTCCGGATTAACAGTACATACATACGTCTCCCTCGAGATCGTGGAAGATTATCATTACGGTTGGACGGAAGTGTCTAGTGCGAACCTCAGCGTGGAGATCCCCCGACGCTTTCTCACGAGTTAATCTCGGCGGTCTCAGATGGGGTCTTGCCCCCGATAGCTCCGTACTGCCTACCCGGGGAAAATGCGGCATAATACGATCACGCGTATCCCGCTGCTACGGACACCCAATCCTCGGCCAATGGACCAATACGCCGATGGGGGTCTAGAGGGATCTTCGCAATACGACTGGTTGACTCTTTTGAGACGATTGGGGCCAAAGTGAGATCCACATAATTGGGTAATTGAGAACCATGTTTGTCGAGGTCTCGTCCAGATGCTAGACGCCCGCAGAACCAACGCCTACTTTCGCATGTTAATAAGAATGTCAACCGGTCGGTTATTGTTGTACTCATCTGGCACCCAATTTTGGCCATTAGCGCTCTGTAGCCCTCCCCTGACGGTGGACTGGAACAATTCTTGACCCGACATTGCCTCACACTAGGTTAAGTAGACTACCGCTCATTAAGGGGTTTAAAAGCGTGGAATTCGCCCAGAGACGCCATTCCTTGCTGTATACATCCCAGTGTGCTTCAACGATGTCGTGTATTCATATCCGCCCGACTCTTCACTGTGCCAAACAATCCGAACCGCTCTTCGCCATCTTAGTTTCGTGTTGGTGTCCGTCCGTGCCAAGAGGTGAAAAAACACTTACAGGCCTACTTTTCCTCCTACGAAGAGGGGTCTATCCACCTTTCGATGCATAAAGTTGTGGTACTCGATAACCCGGTCCTACCACGGATACTGTCGTATAAGTCACGTTTGTAATATTCGTGCCGGCCTCCTTAGGCGTGCGTAAATGTCGAGCGATAAGGCCAAAGACCGGGATCGTCTTATGCTGTATACCAGGGATTTGGGCTGGCCCACCGAGGCGTGGCGATCTCAGGTGACGTCGATCGCCTGGAGCGTGTTTAACTGGGAGTAGATGCATTGTTGTCGTTTTAACAGAAAACGATGAAGAATTGAGTGACCAACCCGGTGGAACCCGACCCTATGAATCGTGTGGGCGGCCCCCAGCGAGCCTCTC,1951,51.56,Mus musculus
SEQ_850104,TTTTCTGCTTGATGAAAGGAGCCTTTAGCACGTGTGATTTGCGCAGTACTTGCTGCACATAAGCAGTGGAGAGAGACAGTAGGGAGGGCCTTTACTGATTAATATACCCCCTGGGCGTTGGAACCTCCCCCCGTCTGGATCGTAGTGATTCAATCTTATGCACCTCAGGTCCGTTCAGATACACGTACGCACCGCAAGTCGTAGGACGACATCCCATGGCGCATGGTTAGGACTTAGACACCACACAATCGGGCTCTTTTATTCAAGCCGGTCGCGATGCTCAAAGAAAGTCGGTCCCCTTAGCGACATATCAGTAGAATTCGCCCGTCTAGGTATTATGGATGGGAGACCTCGCCGAGCTAATTAACAGCTGGTGTTCCCTGCGTCACGCCACTTCGAGTATTTCGGCAGAATACGGAACCGAACAACGAAAACCAGCCTGTGCTCATTGTTGGAGGCCAGCCGGTGGCGAGGTCAAGAGCGTGAGATGCGGAAACGTCAGGCCCCAAATCGATGTGAATCCTCGTTGTCTCGAAATTGATCACTCCAAGTATAGCCGAGCACACTATGGGGGAGCCACCACGAGATTGACAGGTCGCCTTTTGATCGGAATGAACGACAGGAGACAGGAGAGGGGGTTTCATTGGACGGACTCAAAGCTACGAAACCCATTTTAGAACAACTGATTAATAAGTCGGAGAACTAAATGGGACGCCTTTGACTACCATCTATAGCTATGCGTTACTTTGGATGTAATACTCGGCAGTGATATTTCATTGTGGGCTCTACGGTGAGCGCAAGTGAGCGGATAATCCCAAAACGGTTAGCGCATTAGTACGTACCCAAGGCGCCGTAGGATCCCTCCTGCCAACATTTTACTGAACCTCGTAGGACTATGCACTTTTTACCGTCTCTGCAGACTGCACCGTTATAGCTCTTGGTAAGCACGCGATTACTCAGTGCCAGGGGAGCCACTTTAGGTATGAAGCAACCGACGCGTTGAGATGTACGTTAAAGGGGCAGTCTAAGAAACTCCCCGGCTGTAATTTTTGTCATTCTTCCACGAGTGAGTTGTAAGCGATCGAACCACGTCCTGTCATGTAACTCTGGACAGACCCCATAAGGGGGCAATGTTGGGCTCTGCTAACTGCATGGAAGAGGCAGAATAATTTACCCCCCATCCGTGATACGCAAAAGAAATACAACCCGGCCGTTTATCAGTGAAGGTGGTGAACGCTAACAAATTCCTTTGGTACGGACGCTTTCACAACGGCGAGCAAGGCGTTGTCTTAGGCCCGACGTTCAGTCGGCGTCGTAGTTGTTTGATCGCATAGTCGGGTGCGGCCGGACAGTTCAGCCGAAGTATACATCCCAAGTAGACGCCGGGCGTCGATTCTTATGAAACACATAGGAAAGTCCGTCGTGTGAGGGTTCTTGATCCAGTAGGCGGGGTGTGGGCGGAAACCAAGTAGGGACAATTGTGAATGGCTAACGTCATGCGCACTTCTTACTAATCCAAATCCCCTCTTGACGTCATCCCGTAAACGGCATTCAGGGCACCTGAGATATATCAACATTCGTTTACAAGATTGTACATGATTGTAAGGTCGCAAAAGACAGGTCCGACGTATTAGACGAGAAGGAAGCGCCAAGACGATCGTAACACGTATCAAGCAGGCAACTGTAAGCATTACTTACGCAGCATGGTACCGGGAATTTAGTGCCGGTGTTGCAGTTTTCCCTTTGTGCAACGCGGAGGCATGTGGATTACGGCTACG,1778,50.17,Escherichia coli
SEQ_881238,TAACTATTCAGAACTGGAATGAGGTCAAAGTGAAAAAGCAAACCAGATTGGCTCACTAGCGAAATAGTACGTCATCGAGGGGTGACGGTTAAGTTTAGAAGATGCATCGCGTGAAGGGAGATAGTTTTCAGACTGAAAACATCATTCTAGCCCTTATCACCAATTTACCGGTAGCAACTTACGTTATATCGGGTAACCCGCAGGGAGTCAAGAGCAAACGAGGAATTGCACCACTCTATCCGGAGAGCCATACTCAAGATCACCCATATCGTAAGAATCTAGAATAGCCAAGCCAGTATTCACGAAGAGTTAACACCGGCGAGAGCCTAACAGGACCGGATTAGCCACCCCTCGCATCGTGAACTACGTACAACGCCGGTTCAACATTGCGCGAGAAAATCCAACGCCTCCGAACTCAACTCTCACAAAACATTCGTGCTTACAGCTCTATTGAAGGAGGACCGATTCACCCCTAGTTGCAATCAAGAATTAAATATTCAGCCATTCCCTCCTGTCCTTCATTCCGTAGGCTCGATGGAACACAGCAAGAGATACTGCCTGTCAGTCTTGCACTGGAACGTCGCCACATAGCTAGATGATGAGGTGCTAGACGAAGAGCGGGACTTTTCGGTCAGTGTCTGGATTAGTGTGAGCCGCTTGACCCTGGTTGCTTCGTAATTTGCGCTCGACGGTCAGTGCTGTGCGAGATTACATGTTCCATGTATCGTGTGATGCGGTGGGCGGTTAGGGAATGTTTCTGTACTGTGATGAGTTATAGTTATAAGTCTCTGTTACTGACGTGACCGGTCCTGAGTACCCGTAGTTCTTATTATGCTAGTGTACCAATTTGTTAGCCGCCCAGTTGATATTCCTGTAAAATCGAGGTGACTCAGGACAACTTGGCCGCCCGAAG,913,47.54,Escherichia coli
SEQ_481800,GGATTAGATCTTGCATCACACAGCGTTGTTAGTTTCTTGAAGTTTGCATGCATCGTCGTCAAGAATGCCTGTCCGCTCGTGCACCCTTTCCCCGGTTCTCGCTCCTGAACAGACCTATGTAGCGCGTGTCCCCATCACAAGGCCAAACACTGCACAGATGAGATATTCCAGACGACCTGGAGGCGGCTGGTGAATTACATTTTTTCAGAGGCACTAGAGAGGAAGTAAGAATTATAAATACTTGACGTTGCGATGAGAGCGATAATCGCCGCAGCCCCTTCAATAAACGCAATGGAGAGTGTCTTCAAGTTATAATGACATTCTCCAACATACGGTCTGGTCGAACTGCCATACTAAACACGCCCATGCCTTTCAGACCTAGGTGATTAAGAACATATAGAGGATGAATCCCAGAACGGAAACCATAGTGCGCAGAAAAAGTGGGCTCTAACGACAATGGGAGAAGCGCCACTCGAGTGATGGAGGAAAATACTTTTAGCCTTGTCATGAACCCTTACCCACAATACAGAGAATTTTAGGATAGT,545,46.42,Mus musculus
SEQ_449520,CCGAGTTTGCACCGTAATAGACACAAGAATAGCATCTGTATTTTAGGAGATGTTAGAGTGGTATCGTTGGCATAACTCAGGCACGCATAAGGCTAGCCATAGCCCCCGTTTAGCGGCATGCAGTCATCTCGTCAAAACGCGCATCGCATCCGTCCATCACGGTTGCTGTACCCCTTATCTAACGACTAGTTACATGTTCTTGCTTCGCTATTCGAAGCTAAGTCTGAATCGGCGGGAGGGAGGCCAAGACCCCGCAATGTATAATTGGTCGGCTTACTGTCTAAAACACGAGTCTATTTCTGATATAGGCTATGGTGACCGGGAATTAAGAGGAACTATAAATATTCATACTAAGAGATTCGACTATGACTAAGTACGCATCTGGGGTCGCCTAACGCGCCCGCTTAACTGGTCGGCTGCCTACGTGCTCTAAGGTAGTCTACAATGTACTTATAACATTATCATTTAGCAGGAGGTTGCCGCCACCTTGAGTGGCTGCGCTGGTGCCACCGAAATATAATCCACATGGAGCCCTCACAGCACCGAAGTACTGCGGCGTGACAATCAGGAGCACGGTTATTTACCTATACCATTCACTACAATGCTTCTCCTACTCTCATATATTGCTATTCAGTTTTAGGTTTCGGGTTTCGGTGCCCGCGACTACATCCGGTCTTATATAATTGTAACCTCCTCCGCTTCAGGGAGCAGTGGTCTAATGCGGAGATTTTCCGCGCATCAGCGAAGGTTCCTGTGCAGGCGGGATTGTCCGTTCCAGATACGGTAACAATCGTGTGAGTGACTTGATTCAGCTGCCATGAGCAAAGTTTGTAGTGGAACTG,842,48.1,Caenorhabditis elegans
SEQ_659924,ACATCGGCTTCAAAAGCGGGACCAATAGCCAATGTCAACAGCCACCAAGCAGACGAAAATGAGGGAGGAGTGAACAAAGGTCAACGTCCGATTTGCTGTCTAATCGGTTATTGTCTCCAGTATCCGACGGGTGCTACGCCATACATTTTTTCCATGCGCATGCTCGTCCACTCACATACAACAGCCTGCCCAGGTTCGCAGCTATTGACTAGCAACCTGGTAGCCAGGGATCACCATATAGGCGGTGGATTACGCAAGTCGAACGATTGACTTGGACGCACGCCCGCAAGCTGCGCAAACCGGCCATGATATGGCGGTCGGCGTATGCCTCCCTCGCCTTTCCCCAGGTGTTGTCGATGTCAACCCTCAACGCCCGAGGCTTAGCTCTTCGTAGCGATCATCAATGCATCGCAATATGATCTTCGCTGAGGACAGGATTTCATCCGTCTTATCGAACCTATGCATATCGATGTTATCGTCAGCAAGAAGATACAGGTGAGTGCGCTACGTCAGTGGTCCTGGAGGCCGGCTCGAGACCGATACATGGGTTTAAGGAATACAGAGTTTTTTTGAGATTGTTAGCTGTGGAGCAATGAAGTCACGGACCAGACGTCCTTTCGGTAGTGGCTCGCAGCAAAAGTTCGTGAGACGTATTCTAGCATGCATGAAGAGCGGCCTCAATCCTCGTGATTGTCGGGAGTGAATGGGCGAAAGCATGCTGGGGTCGTGTGAGCCTCACCCCTCGGTTTGCAGCCTCCCAACTACAGGCTTAAGATAGGCGTGGTGTGTAGCACCGAAGCACACTCTCGCGTGTCTGCTGCATGAACTAACTGATCGGTAGAGTAGGTTACGAAACTGTTATGTCACCGTTCAGCCGGCTGGGCATGGAGAAATTTACTCAGGTTTTCGAACACAAAAGGGCGGCCGATCACATTTATAGTCATAACTTTGAAACCCCGTACACCACTACCCGTGTTCGGACGGCATAATTCCAGCGGCCGCCCCCGATCCACCGGTCACAATGACCTAGACGTCGGATGGAGACTGTCGACCGTCGCGCTTGGTTAGGTGTATAGACCGAGGCCTCGCTTACCCACGCCCCTTCGTGCTACCAGTATCGGTTAGCTAACTATTAAAATCACGCGGGGCCTAAATCCTTATGACCGCAGTACACGTCCAGTGATACCGGTATATGGAAAGAATGGCTATCGGGCTCGACCAAAGATGAGGGTATTAATGGGAGGCCCCAGATATAGCGTGCGAATGAAGCCGTTGCAGCCCGCTAACATGCAGCTTCATCCAGGGGAAATACATTACACGTTCCATGCCTCGTTCGCTTGCCTCGTCTATAACACGGTGCGTGGGACCCGGGCGAACTCGTATGCAGATGGTCAACGTGTTTCGCGTCGCCGGAGAGATTCTGATGGGGTCAAGTACAGCACAACTTCTCTCCACCAAACTTAGGAGGGGATTAGGCTAGAGAATTAGTGGATGGCCACATGAGCCTGAGAACTACGTAAGAAAATGTAGTCCATAACGCTCTCTCCTCTCGATCCCCGACTGGCGACATGGGACGCCGGGCGGGATGCACTATGGCTGTATACATCGATTCAACCCGCTTCACAAGCACAATACCTCATCAGGTGATTTTACAAGGCACACGTGGCGATCGGATTATCGTATGGGTCGGTAGATCGCATACGGTCTATACAAGCATAATAGGTGATTAAATAACCATGGGTGAGTAC,1748,51.95,Homo sapiens
SEQ_886470,TGGCATAACTGGTATAGTGTAGAGCGGGTTATCAAACGGGATGGATCTTCGTCCCATAGACAATACTTGTGGTAAAACCGAACGGAGGTGTTCCTTGTCTACAGCGATGGAGGACGGTGACACTCTGAAAACAGCGCAGCGGTCTGGTATGGTCGTCGCCTCTATTATACACTGACGGCACATGACGCAAGTGTTACCGTTGTCGTGGTACGTGCCCGAGGGTGTCTGCGTGAAAAATTCGACCCCGGGCATCAGCTGCTAGCTGGATGTTGGCGTGGTCACCAGATATTCCAGCCGTATGGGTATTGTCGGGAGGGGGCGTTACCCGGGAGGATTGTAGCGAGAAAGGGCCCCTCGCTAGCGGATGAAGCGTTTACTTGTGGCCGGCGCCCGGCCATTGATACCGGATTACCACGTTGTAACGTAAGACTAGCCGCTAGGCACTTGTTAGACCTGCTAAGCTGTTTTCTCTATTGGCTGTCAGGACATAGCGGGTCGGTCAAACAATGGGACTGTGCATCAGTTGAGGTCCATTTGCGACGCCTACGGTGAAATGGAACACCATTGTAATCCTGAACCTTGGCGTATCGTTGTTTATAGTGGGTTGCGCTAAGAGAGCACAGGACGTTATAGCCGATCACAAGCCTAGCTTTTACCAGAACCGA,665,52.48,Homo sapiens
SEQ_872071,TATGAAACGTGTTGCCTCCACGAGTTTAATAACAATTTAGCAGTCACTAAAACTTCTGGTATTAGGATCAGATGCCGGCAGTTGTGAATGAACCGAACCTCGTGATAATCAGCCGTACCCGAGCGTGACCTTCTCCCACCTGTTGGGTTCGTACACCCTAGCACCTTGTAAGGCCGTCCAGGATTCCTTCCTAGCTACTGTGGGCGTGCTTCGTCACATGATCCAGGTGTCCGTACGATCAGATCACAGGTGCCTTCGTAATCGTAAACAGCCTCAGCCAAGATATCAAAATAGGCTACATGCTTGAACACCGTGGTTCACACTCAGTACGGAAACCTCATTCATTCCTTGCCTATCTTGAACGTCGTTACTTACCTGCACTCCATTGCTTCGATACCCTCAGCATCCAATGCAAAACCCCCTCACCCGGGGAATCAATCCTGGCTCAATAACCAACAGCTTATGCCCACACCACTACCACTTGCTCAATATCTCGTCCATCTTTCAGGAATTTTATGTAAAGGTCATCGCATGAGCAAGAGGGCGTAAGCTTCCCAACTTGCGCCAGATAGCACCCTGCAGTGACCCACAAAAGTAGTCGTACCCGTGTTTATGAGATTTTAAGCGGCAACTGGCGCGAGAATGTATTACAATAAAGTTAATTATAAATATGTGAGTGGCCCACCTGGCAATATGTTGGCAGCGCTCTTTTCCACATCCACGTTACTCCAATTGCTTGGTAGCTGGCAGTGCGCTGGGGTTCTTTCAGGGCGGGAGGTGGCTTTAGTTACGTCTTGGTAGGTCCTTTTATCCTATAGATTTACCTGACGCCCAATCAGCCCGTAGGATAATGAGGAGAGCGGGCCTATTCCGCTTAGAAAGGTATATGTTAATTCAAGTGGTAAGGAACAATAAACTCGGGCATCGGTTTATGGGTTAGTAGGA,945,47.62,Saccharomyces cerevisiae
SEQ_886717,ACTTTATCCTAATCACTTAGGCTATCCACCCTCTAAGTACAACAATAACCTCTTATTACAGAGACACGGAGTGAGTATACATCTTAGCAGCCGCTCGTGAACCAGCGTGTTTGCGTCAGCATGGCGTCCCCAAAGATGCTTTTGGGGGTCCTTTGAGCGGAGCAATTCTAATTTGCTGGACACAAAGCATCCTTGACGAATTAGGTGTAGGGTAGCAGAACGCGAGGGACCTCATCCAGCCCACATGTCTGACCTGCCATTGTACTACACCGGTGACGATCCGCGAGCTTGATTCTCTTGCTATACTCCACACAAAGGAGCCTTGGTCTATGCGCTCTAACCTCTCAGTCGACTCGGAGCCCGCATGATCCTGGCTCAAAGCACTGCCCGCAATTAGATCTGGGCGGTGACGTCCGGGGACCGCAAGATAGCATCTGCCCGACAGCGAACTGTTAATTGGGGCCGGACTGAGATCAACTTGTCCCTTATCAAACCCCAGGTGTAATGGAGCCGGGGCTTCCCGGGGTTAATCTAAACCGAGTAATACTGAACAGGTCCAAATCATGTGCATTGCTCCTTCAGTCTGTACGGTTATGTCACTGAGTCAGCTTGGGTATTAAAAGCATGACATGGCAGGTGCACCGCGTATCGTTATGATGGCCACGAGGTTATAAGTTTTTGAGAAGAAGAACCGGCACGTTCAACGGCACAGTCTCTTGCTAAACTCACGTTAGGTTATACGTCCTGAGCCCCTAATACCGGTTCGATCTCGGTGTGGAACAGCCTATTGATGCGAAATCGATCCCTTCCATCAGAAACCTGCAGTTAGTAATATGTGACTCGTCGTACGCACATTCGGTGGCGGCCGAAAGTTGAGAAGTAGCACGGGAAGTCGGGTCGAACATGAGTCGGGCGTTGCGGCTCGATTCCCTAGAACCTAAGGGGGATTGACAGAAGCACGCAAATAAGTTATAAAGATCTGAAGCTTCCTTTGAAAAACGCCGTATGCGATACATGCAGGCTCTGAGCACAGGAACAACAGATCCGAGGATTCCTCACCGCCTGGCGAGGTGAGGTATGTCCTTAACTTGACAGGTTTTTCATAGGAGCTGCGACTCGGGGAGTTGATTCCAAAAGCTTGGTCAAATGCAGAGAGGTCCAGTTTCAGAGTACTTCCTTGCACATCCCATGCGTCGAGTTCCATTAAATTTAGCATCGCGATGCGAGGGTATCGCACAACAAAGCAAATAACACAGCCAGACACTGGTCCAAGCAAACCTTGAAGCAAAAGAACAGTTTACAGGGGAGAATACCTTCACCAAGGTAAGCGGAGGAGTACTGTCGTGGAGATTAGGATTATGGAATACGATTGGAGTGTCGAAAGGAACAACACGATAAACCCCTGCTACGTGCGTTTCCATCAATTGGAACGTATACGTCGGGGACAGAAGCACGCGCTTCTCCGTACTGCTAGCCTAAACTCTAGCTTGAAAAGGTCGCCTCTACATCATCGTCCCTGGATAGTTCAGCCATACATCCCGCCGAGATACATGTCGTCCTACGGGCTATTTACGAGTTCCTATGATACGCTCGTAGGCTTGTCAGGGGGTAGAGCTGGTGAACGACCGTCTAACGGCACTAGTCTGCATTAGTCCATATTGGCTCGCGAGT,1671,50.03,Escherichia coli
SEQ_521240,TGAAAACGGCGCTCAAAATTAATGGAAATCTGTCTCTTCCGCCACGGGGCGAGGCCGCAACACAGATCGCTGGCATACCCAATCGGATGGATTCAGCGTGCTGTTGAATCAGTCGCTGATTATTTCGCTGTTTGTTGCGAGACCTATCTCCGTGACAAGCCCGCAAACCAGGCATGTTGGGATAGGAACGAGGTTGTTAAGAAAAGGCGCCTAGTTCTCCTGAAAGTACATGATTCCTCGACGTCGTGGCATTTCGAGCGGCGACCCATTCCTATGACACCCCCTACCGGTATTTAATTCTCGTGGCTGTGAATAATGTTGACACCTTTCGCTTCGTTGCCACCGACCCTCCGTTTGAGGGCAGCCCTGCTTCAAGTGCTAGTAAAGCCCATTCCGGCTACGTCTCACCAAGACTGCTTGCTTCTATCCACACCATCCCCAAGTCTGCGATATGTGCCGTCTAACCGTAGCCTAACAAGAGACGTTGGGTTCCACGACCACGTAGCGCTACACGTAATCTTGTGATCAAGAGACGGTGAATTACGGAATGGCTTTTTCGTAATTCGGCGCCGGCAAAACGGTTTACAGACGGCGTCAGAACGTGCTACGCGGACCGCCCGCCTTCCACATGGGGAACAGTATTGTCCGTAATAAGAGAACTGGCGTGTAGCTTGGTCTACCGCAACGACGAGATTTGAGCTAGATGTGCCTGCACTACATGGATCCAATCCCACGTCCTGTGTGAGTTTTCTCCGACACCTTTAGGCCAATACTGCGTTCATAGTTAGGATTGTGACAGGAGGTGCACACAATCCATACCTATTAGATAAAGAAAAACTGTCACCACATGAGGTAGAGTTACGCTGCAATGGAGATGCCTCATACGAGTGCCGCTTCATCTCCAAGATCGATAAATACCCGTAATCTCGCTTCCAATTTAATGACGGGCCGCCATTCAGAAGGGAAACGTGCCCGATATAGGCACCCTATCCCATCAAAAGCGCCTATCGTCAATCAGGATACCCCGGGGCTACCCTGGTGATATCCGCAAAATTCCTGTCCGGCGGACGAAACACGCATAATCCGAAAGTCCGATAAGCTTATGACTACCATATCGCATGTTCCGGTCGAAGCTCTGCTCAACGGATCTTAGGACGTGTGTTTTGCATAGAGGTACAGCATATGACACCTTTTAATTTTACATACACTAGTAGGAATGAATGCGGTCCACCCAAAAGCCACCTGTGAAATACTGCAGTGATACATGTGAGTACTAGGTCGTTGGGCAGAATCTATTCTCCACAAAGAATCCCATGAGACTATTCCGTTACATTAGGGTATTGATATGTACGGCAATCGTCTACTCCCTCTAATGGTGAGGTACAAGAGAAGCTTGAACAATCAATCTTGTGGGCCGAAATACGCTTATTATATCTCCAACTCGGTGTCCTCGGATTGATATTCGGTTAGAGGGTGCCGGCAGGAGGTTATGAGGGGCGTCGCCACGCAATATCTAGGTTTCCGCAATGTTCGGAGGCCGGATAGGCCTCTATCTTTAAAGGAACCGTCAGATCTGACGTATCCTAAATATCTATGGTCTTCCTAAGAGACTCCAATGAGCCCTGGAGACCGTTAACCCGGAATATACAATGCCAGAAGGCCGTGGCGAGAGAGGTTGTGAAGAAACTTGCTATCGGATTTAATCTCGTGTGCCAACCGTAGCTACCTGTTGGGTGTATGCCATCTTACTAGGGGGTTTTTACCAACGAGTCCAGCACTGCAATGATCGGGCGGCCTGTCAGCCTGTATATGCAGAGATGGCAGTACGCACCAGTCCCCTGATCGTTTGGTGACAATACCCCTATCATGTGTTGCTCATCTACACTGCGGTATTAGCGTGAAGAGTCCTAGGCGGCCTTTTACGTGTGCCAAGACTAGAAACTCAACGGGGACTGTTTCGTAACAATGGTGCTGGTGATTTGCACCGGGTGCTCGAGG,1998,49.6,Arabidopsis thaliana
SEQ_504086,ATTACTGCATTAACGCAAAATCTGGTCACCCAGGTGTTACCAATCTGCTAGCCCAGCAAATCAAACATACAAGCGTGGCTACGACGAACGTGAAGCGTAAGGGGAGGGTCGCGACCGAGCATCTGGATCCCTGTCATATCCCAACGAGTATACAGGGGGCTACAACCAGAGAACGGAGATCTTACAATTCGAGACCAGCAGACTTTAAAGTAATTTACGATGAAAGCGAGTGACCACGCTAGGCAACCTCAACTTCCCAGACGAATCAGTTAACGGTGGATTAAAGGCAGTGTACGAGTAACCGGGTGCTGCCTCTTTCAGATTATGCCCATTAACGGTATTTATAGATGTGTATTACCCGACTTGTACGCGTGGGAGTCCAGATGACATAAGGAGATACCCCGTCAATGTTTACCCAGAATGGCATACTATTAAAAAACCTGCGCGCAAAATTGATTTTCATCCAGACGACCGCACCCCGGCATTAGGAAGCCGTAGGATTTGGAATATGGGGCACGAAATAATCTCGCACGGTGGTGTCATAAAGTATTTCGCAAGCTGGTCCTTCCTCAAGTGTGGCGCTACAGGCTCGTCGACGCTACGCACGAGGATTGCGAGCCGACGCTGGACCTACTTGGCTACTCTAGGTCACTTTGTTAAAGCACTTAATTCGCCTTGGCACCGCGCCGTATCTATGAAACAACAAGTGTGGGATCTATCGACAAGGTCCTCTTCATCGATGTGCTTCGCTAATGCCTTATTCCGCTGGTGGTTCCTTGCATCAAATAGGTCGAACACAGTTGGCTGAGGCTCGGTGTCTTGCTTACATTCGCGGGCGAGGAATAAGCTAACGCGTAATTTAGCGGGGAGAAGTAACGGTAGGCACTGGACTCAGCGGAGGCCCATGACTGAGAGGAGTGAGCCGATAGTCAAGTGAATGACTAACAGCGGTCATTGGTTCGTAAGTCAACGAACGCGTTACACTTCATCTACTTGAGTAAAATTGTCAAAACCTTCACAGCATTCAAAATGAGGAGCCGATGACACCACCATCCGTATGAGTCTACGGGCTACATCGCACGAATCTTGGGTAGGGTCCGCACTCACTACCATGGGGTCCTGGTACGTGATTCTCTACACCGACTAAGCTCATTTCCTAGTTACCTTTGGCTCACTATCGAACTTTGTTGGATTAAGCACTCGGAATCATGGTGATAAGTGGGAGGAACGAGCTTTACCAGGGCAACCGCAAGTTGCAGAGTGTTTATTCACACGAAATTATCAGACGTAATTAGTGCGTATGAACGCGATTATATTATAGACTCCGCCACTCATACATCTCCATAGTTAAATCTGATGGCCAGCAAACGGTAATGGGCCATCCTAAAGATCAGCGGTAACGCAATAACCTCTGGCTAATAGAATACCACCAGCTGGCCCTCGCGTTACGTGTAATCATGCTGTGCCGCGGCTCAGGTCGGTCCCATCACAAGGTAATCTGAACCAAAGTGAGCGCCATCTCCACAATCCTCTTCGAAACCGGGGACCGTTCGTCGCGTGTAGCCCAGCCTCAAAATCGTTTTTCGTCTTAGACAGTCTGCAAAGAAACGACTTTTATTGGAGAAACGGGGGGCCATAGCACACACCGGGATGACCACTACACAGAACGTTAATGCGACTGTAACGGGTGGGGTTTCGTTGTGGGGGAACTCGTTTCCATCGCCTACTAAGTCCGAGTAACGGATGGCATCGGTGCCGCCACACCTTTTAACATGTATGCACCTGAGAGTCTGGCGGAATCTAACGTATCTAAAAACGTTT,1821,48.98,Mus musculus
SEQ_386414,CGAGTGCGATTTAGTGAATTTGGGGCCAGGTTGCTTCAATGCAACTTTGGAGGACCCTTATCCACAGAAACTAGACGGCACCTGTTTGTTCAGGATTCAAGAGGTGTGCTTGCAACGACATGGGAGGAACTTCAGCAATCTCAACGGGGGGCCGGCTCGCTTGATCCGTGACTCCAGCTGCTCTCCCGACTCGACCCCTCGTATTTGGGCTCCTCATGCGCTTGGCCCACAGTAACTCCTATCCTGCCCCAATGCGAACCGGCTAGTTGCCCACCACACTAAGGTCTCAGCACGGGCAAATTGAGGACATGACTTGAGCGGATGGGCTCGAATTCAACTTTACCCGACAAGCACGGTTGTATAGTTTGAAACGACTGGCCTGTGGGAGACCACATCCTTTGAAGTGCATCCCAACCTGCAGTGTACGAAAATTGCGACAAACTCTATCGTATTAGCCCCGTTGCATGCTTGATAAGTCGAGTATGGACAGGTACAGGTCGGAGACGAGCTAGCCTCAAATTACATATAAGCTTTTAGGGCACGCGCTCAGATTGAGCCAAAGGCCGGCTGACTGGGTCGCGCGACTACAGAATTGGTATGCCATTGAAGGTACGGGTTCGACAATGCTGTAGATTAGAGGAAGCTTCTAGTAGGCACTCGCTAATTGGATTGAACGGAGCCGATGATAAGATACTTATCCATCTGGGGCACACATCCGGTGACTCGCTGGATAAGGATCCAGCAACCGTGAAGAAGGGGTGCCGTATGATCACGACGCTTACCTCTTGGCGTTCATACATGCTTGTACGATCCGCTGATCAAGATTATGAATCGCCTCGTCTGAACTAGCCAGGTGATGTTTGAGATGGGGGCAACTTCGTCACGTCAGAAGAGAACGATCAACTGCTTATTCTTGACCTCTATCTAGACGGGTTTGTCGGATTACTAGACGCATCGCTGTAAGGTTTGCCCGTCATTAAACTTCGAATGTCCTGGCCCAGACATGACTGACTGGAGCAGTCTTGAGGTGACTTAAGCTAAACGCAGCGATGTATCGTCATTAGACCCTACGCCAGGCTAAAGATAGATCTACGGGTTTGGCATCCTTAATTAGCTGGACTCGGCGGTAAGAGGCTCGGTAGGCACTCGCCCGCTGTGGTTGCTCTTTACCCGTAGTGCGCGCGTTTAAAGTATAACTGAGCAGACAAAGACCACGTGTCGTTGCTCCAGTGGCTATCTAGGCACATAATTTCGCTTTCGACCGTTGTGCCAGGATGCTCCTCTGACTGTTTTGAACGAGGCGGGAGCCGTTAGGCCGGTGCGCCGAGTCATATAATCCTTCCAGCGCCCGCTTGTTCCCATGCTCTCAGCGAGGTAATGACTAGAAATCTCATGCATGTTTTAGGTATGATTTCTATAAGGCCATCTCCCAGTGCGACTAGAATTTGCTACAGCTCCGGACCGGAAC,1468,51.16,Drosophila melanogaster
SEQ_120997,TAAGGTCCGCTATTGTTTATGTTATTACACGGTCTAAGTCTCTCCGGGTACTCCGAGCCGACTAGTAGCTGGTAGATCTCACCGCTCTTATACGTCGTTTTCTGCATAGCAGCATTACAGACCGGTCATATTGAGCATACGCGGCGTGTCCCCCAGTCCGAAGCCCTCCGATTACAGCAGACGGGTTAGTAACATGACGTCCGACGGAACCGACGTAATTACTACTATAGGGCCCTTCAGCTTTGCTCCCAGAAACTTGTATATGCGCTCTCGCGGTCAGAGTTGTGTGCTGGGACTGAGTATTGAAGCAGGACAACAGCCGAACTGGAGCATGATACGGCCGACCAATGGAATAGATTCAAAAGTGATAAATTGGAACAGAGTCAATCCGGTTTGCACCGGTCGAGTACTAATGAGCGGAAGGTGGCAGTGAGCCCCGCTAAGTTGTGGCGTCGCTGCCGTGTTGACCCTTGTGCTGCAAAAACCCCTAAAAGATTTTAGCTTGCGTATGGGCAGCCAAGCTATCCACTATCGGTGGACTCGCACCTCTGTGCTGTTACGTAGGTTAGCTGGATTAACCCACCTGAACGACTAGCTAGTGCCGGCGATGTATGGTGCATGCCAAATCCTTCCTTTGATCTTCAATCTACCTGAGGAACCGGGCATCAATAAGGCGGATCCCCACGCTTCGTGTGGCCGGGTATCATATGATACATACCCGCTGAGATAGATTCATTGTGGACGCAAGTTTTCCCTATGTCAAGAAAGAGCGTTTTTGGTGCAAAAACGCTCACCATGTGTCACTTCCACAATGAGGGCGTAGCTCTAGACCACGATTGAAACGCCACAATCACTCGCTTTACTTCGCGTAGGTCAATCGAAATATCGAACCGGACTAGAATCTGATCTTCTAGTTGGTGCAGTCAACTTGTCCGGAATATAAACAGTTCGTCACAAATAACGCGCCCTTGCCGCATTAAAGTGAGCTTACCTACAAGGGTTGTGCTCGATAAAGGGCTTGGATTTGTCTTCGCAAACTCGATCATTTAGAAATGCACGTCACCTTTTTTCGACTCCGTGAGGTTCGTATGCGCTTAAGTCATGTACGTGGAAGTTGCACGGACACCAGTCCGGGTGCAACAGGGGTACCAATAGGAGCTCGGGCTAAGCCTGGCCTAATCAGTGCCAAATAGTTCTCTATGCGACTCGTCCGATCAAGGAAAAAGCTCGGGTGCCGGTAAGGTAGTTAGGAGGCCTAGGATTGGATACCTTGACACGTGAAAACTGGCCTAGCCAGATATGCAATTCTATGTCCGACGATGAGATCCGTAACCCTAGACCCTCACTAGCGCACTGTGGAGTTTGGCCGAGTCCATCACCTCGTGTAGCGAGGGCGAAGCCGCATGATTCGATCAAGTACGACCTAGTGCACACGGTCGCAGATCCCCCATAATGACGGAATAGGGTCCCCCATCTCGGTTAGAATCAAGACATCTGAAGATCCGCGTCTATAAGGATCATCGCGCAACTGCCATTCTTTCCCGCAGGAGGTCGATTCGGTATTTTGAAAATTAGACAAAGAGTCACAGCCTTCGTACCTGATTACTAAGGTAGTGCCTCTTTTGCTGACAT,1632,49.82,Caenorhabditis elegans
SEQ_748551,ACCCTATTCCTTTGTGGGAACCATACAATGCCAGTCTACGTCGTGACAATCTATGTCTTACTGGCCGACACGCAAAAATCCCGTCCCCAGTGTTAAGTACGTCGCTCTCCGCACACAAACGGACCTAGCAGTATGCGCAGGCCGTCAGCATGAATGTCCGTGATAGCTCGAAGTTCAGAGCACTGATTTTACGACCCGACGTATGGATCCTGATAGTGATGGTCCCGCTGACGCGTGG,238,52.52,Saccharomyces cerevisiae
SEQ_517912,CGGTAGATACCGCTTATTTATATACAGGAGTCGTAACAGCTTATGTCCTTCCCTAGACCCTGGCACTCGATGCCCGGCAAGTGCCAAGCTACTCCCGTCCAGTGAGAATTGTAATCGCAAAATCGAGCCATGCAGAAAGGCATCGACTACGATGTCGCCTCCCAATGGCGCCGGGATCTATGCGAAAGACTATAACAAGGTATATACAAGTTCTATATTCACCGTTTCAGAGGCCCGAGAATATACCCGGAGATATGGCTTAATTTTCAATATCAAACCCACCCCTCTTCCGCAGCACTTTGCTCAAAGAGCGTCGCAGGACAGTCGTAACAGGCGTCCGGTTTAGAGATACAAGTGGGCACCGGCTCTTCTGAGAAGTTGGATCACCTGTTTGTGACATGGGTGGAGCGAGAAATAACGGAGAACCTCAATTCGGAAGCGGAATGTGTGTTACTCGAGGTATAGCCCCCGACCCGAGGGTTACTAATACAATCCCCGTGCAGTATCTGCATAGATGCGATTGGTTTTAAGTAGATGCCCTCATGGGAACAGACTCTCGACGAGCGTGAATGAAATACTTACCTGTGGGGTCGTGATAGCCTCCGGTTGGGATCAAGTTACGTCTATCTGTCCAAAATTTCTTGTCGGATTCAAGGACATTTAAAGACCCGCGCTTTATTAATGTACGGTCAGCTGTTTTAGGGCCAGGGGCGAGGCACGTAGCTTACTCTCCGACAAGCTCTGATTGCTCTCACTGCGCGGCATAGGGAGTCTCATAGCTGTAGTGTGGGGTGTTCTGAGCTAGCCGAGAACCGTCGACTCAGATACGCAACTTGGGTTCAGCTCAGAG,850,49.88,Caenorhabditis elegans
SEQ_245132,ATATATCTGTCATTCCTTATCCAACCGACTTCAAGTTATAAATCGTGATAACTGTAATGGCTCGTCACGTTAACATTCAAGGACATAGAATGGAGCGCGTTTTCGAAGAGATGCACGGACCAGTGAGCGATACAGGGGGGAAAGATCAGGGAGCTATAACAGGCCTGCGTCAGTATAAGCGTCTTTTATTGTCGTACTACTGGTACTTAAAAAACGGTTAACTGGTCAGGGGGACGAGTATACTTCGTGTACGGGCAGACCACCGCTGTCGGTAGTTGCTGTGCGGGGTCGCCTGTGCTAAAAGTGCGCCACGCGGCAAGGTAATCGTAACTTTAAAAGGTTTCGTCGCATACTTAACGACACGTAGGCTCATATACTAAGCAGTATTCCAGAGTGGGCCGTCCCTTTATCTGCACACCCCAAAGGTTCCACTTCGCTTATACATGTCGGATCAGAGGTTTACTAGACAGACGTTATGATCCTTCGATATGGGCTAGCTATGCTTTCTTTGTCTCTCTCAGGATAGGCGAGTTTAAAGAGCGGCCGATCGTTCCACGCTTTCTTGCGGTTCAAAAATTCTTCAAGCTGAAACCCGTAAAATAGCGGCAAACTTCATACAGCTAGTTCCAGCTCCCGCAAGGCTAAATAGCCACTCGGCGCTGCGTTTTACTCCCACTAAAATTATTGTACTCGGCAAAGTCATAACCGGGACGCGCCGACAGACGATACCGGATCATGCAATTGTGTGCAGCGGCACTCATGTACCCGTTCCATTTAGTCTGACTACGCATCCACTCTTCTATGGCCTGGCAGGTTGGTCGGGACAAGGGATAACGTGCCGTTCAGGAACATCCCAGCTGAGATTCGATACCCAGCGTAGAACGAGACATCCCTACCGAAAGCAGTGTCCCGATCAGATGACCGGAACGAAGAGCTTCAATTTATCTTCAGCCAAGAGAGTCGGCTACGGGCCCAATTGCCATCATCA,988,48.89,Mus musculus
SEQ_603948,TATTAGCTGCGGTTTTACCCAGTAAGAGACTGATCCCGCCTTTAGTCATCTCAAGCTCTATGCAACGTGCGTTACTCAGATGGCTCGCCAGGATCCTCGTGACGCCCTGTCCGCGAATGTCATGGGTCAACTACGATTGCTCTACGCGGGGATCGCATCTAGCTTCGACAATGGACCCGTACGCGCAGTGCTATCCTCGTGGTAATTTGCCAACACGTGGGCGAATAGAAATAAATTCCCGCCTCACGGCAAGCTATTCAGGGATCAACTGTACATTCAGCCGGTTTCTCTGTACGCCGTCTCTAGACAGGCTGACGCGCCAAATAATCACCCACGTTGAATTGGCCACCGTCAGGTCCCTTTGATTTCAACACGCGGATGACTGAAGCCTACTCCTTTAATTGGTATGATCACATAGACAAAGAGTGCAACCCGATGTCCCCTTTTTTCTGGATGCCGTCTAGAAACACAGGCCACAGAGCGTATATAGTCCTCTACCCAGTTGGAGATATAAATACTTTCAGTCACGTTAGTCACTCGTGAGTACTCTTAGAATAGCGTGGTTCACCGTATGTAGGAAATCGGACCCCTGATCAATAAGTACTTGGTGTGTTC,615,49.27,Escherichia coli
SEQ_831664,CACATGGCCTGTGATAACAAGCCAGCTTACTTACGGGGTTCTACGCGGTGGCCGAAGGTTGCTCGTGACAGTGGAGAAGCAACCGCATAGCGGTCTTGTCGCTACTTGTGACACGACCCGGATACACACGGGGATGGATTAGGATGGATAATACCAGCACGCTTTTTTATTCTCAAAGAGGACAACGTACGCGACCTCGACCGTTGCGTACTGTACCTAAGGCAAGCCGCCGATCGAAAAAACGAGCTTGTGAGCTGTTGGTCTTGGGGCCCCCCGCACCGGTATTATGCAATTACCAGAAATATTCACTCAAAATGACATACTGCGGAGCATAAATTACGGCTGTGCGTGTAGACTCAACGACTGCTTGTAAGGATTATTGTCGAGCAATTATAGGGTCCGCTTAAGCCATCCTCCAATAAGGATGAGGGTTTGGCGGTACCACTATAATTAAGCTACAGAACTTTTCTATCCTTTACTTTGTCTGGGTCCCATCAGAGGCCGTGGCATCGCGAGCTCCACCTAGACATACCAGTCCATTGACTGCGAATAACCGCCACTCGACGCAACAGACCTGCTCGGAAGGTGTGCACGTCTTTTGCCATGTCCTGTTAAAAGATATTCCACTACCCAGATATTGTGCCCATGAGAGTCGGGGCTGACAGTCTTCATGTGCGTTGTGGCTTAGAGTTCGAACCATCAACCCGCTAATCGGGCCTCTGAACCGACCTAGGTCTGCCTAAAGTCTTCTGGCGCGTTCTGCTACGGATGATCCTGCGCCTCCCGTCCGGTAGGAGAGAAGATCAGAAGACGCCTTTGCCTGAAACTAGACGAGCCCATCCTTTCCCCCTGATACGTTACTATCCCTACCCAATGGTGTTCATTCATTATCCGTTTTTACAGGGTGGAAGCACGTGTTTTACCTTACGCGGGAAGGCTCGGGGAGTACGTTATCCAGCACGAAGCATTCCATACGAAAAGAGCGCCCCCAATAAAGGTATTACGAGGAATTCAAGCGGCTCACCCCAATTTTGGATTCGAAGTGGTGCGATATAAAAAACCAGACGTGTCTTAACCCGAGTATAAGTCTTCAGTACCACGCCGTAAATACGAATCTTGTTCGCCTGGTACTCACACCATATCTTCAAAACATCTTAATGCGCCCCCAGATGCTTAGTGCATTGCGAGGAGTCCTCTTCACGACTGTCTATCTGCTCGGATTATGGTTGCAGCCTTAAGGAGATCCAAGAGTTCGCTGCGCCCCTCGCGGATGAGAAATTCATTACGAGGCCCGCACGATCGATGACATGAAGTCTTGGGACAGTTGTCGACCCCTAATTACGGTGAGTAAAACCGCCGCGATATTATACCCATCAGTGCGCGAGTGTCTCAAAGGCGGTAAAAAACGAATTGCGATTGAGCCATTGCTGAATCCGCTTAGGTTCCTCAGCGCCCTGTCGCAGTGAATGCCACTACTCGGACCGAAAGCAACTGGCAACTAAGATTTGGACGAGTAGAGTAGACAGGAAGGACGCGGTCAATCACTGAGCCACAGTTGAATGCACTACAGGCGTCCCGACTCAAAAATTAGACCTTGGTGCTAATATCGCGACGCGCAGCGCGTGTCACACACCCTCCGTAGCGCCATGGTTATCTCTCTTTTGCAGCTAACTTATAAAGTGTTGGAAGGAACTGGTCCAAAGCTAGATGAGCTAGATGTTTAACCGGGTATCGTTATGTAGGGCTTATTTTCGGAGGGAATGCAGATTGATAAGTTTTTAAACCTAGTATTAGGGCAGGCGCCGTCCCGCATCTTGGGGCCCAGATCATAATCGGAACCACCGCTCCTTAGGCCCAACAAGTCCAGTCCGCCACCCCTAATGCATATCCCGTTCGGAGATTCGGGAACGAGTTACTATGAGTTTGCGCAGCGGGTAGGAGCCCA,1945,50.39,Drosophila melanogaster
SEQ_703620,AAGGGTAGTCGTTATATAGGTGCCTGACCTTCTTGGCCTCACATATAGACCGCTATCTTTCCCACTCTGACGTGGACCTACGTAAGCACGAATTATTGGCGTTTATCACCAGCGATGAGCGCTATATTATAAAAGGTGGCTAGAGATCTCTTTGGCAACGCTGGTTGAAGTAATGACGCCAAATTGGCGGCATTGCAACGTGCACAAAGCCGGTCGCTAGAAACTTCGAAGTGCCGGTTGCAAAGGTTAGACACTCGACCGATTATAGAGTTATCGCGCAATTAGAATCCGGCACACTTGCGCTGTACGTACACACGGCAGCTACCAGTCTGACCTTACAGAGACTCGTACAGGATGCCATGCCTAGACGCCCTCGAGACCATACGGCTGGTTATTCCCTCTCACGGTTAGGCCCGCAAGATAGCCTAGCCATTAAGGGCCGACGCTGCGGCACTGTCTTAGCTCACTTCTCATCTTTCGTGGGACCCCTGCCCACAACAGAGCAGGTATGTCCTCGTCCGTTGAGCACGCCATGTCGACTCGTGTGTATCAATAGGGACCAAAGCCATAACAGCGGGCTTTTAGCAGGGCATTGCTAAGGACCACATAAGACGACAATTCGCAACTCGGAGGCGGCATAGCCGCAATGCGTAATCATACTGGATCCCATGATCCGAGGGAGGGGGCTGGAGGTTGGTTTAGGGCTATGCGACATAGAAGATCCTATCGTAGGCAATAGCTGCACGGTTATGAAGGGACGTGGCCGTCGCTAGACCAACAACGTTTCACAGGCTCAAGTTCGTGTACGCACCGGCGCGCACACGTTAGTTATCTGCATGAACCCTACGCGATATGCAACATTACTTGGATCCCCTTTAACCACCGAAAGCGGGTAAAAGTGCGACTCGGCCGACTATAAAGTAGTATGTCCGAGTTGGGCCGATCATCAGCGATTGTATCGATCCAGCAAACTTCTGGAATTCAATGTTAGCTTCTCAGTAGACTGGTCTTCAGATTCATCACCACTACTGCAGGCGACGTGGCGTTCGCTGTACAGTTAGGTACTTAACCGCTCTTAAGTCAAGCGCGCCTGATACCTTAAAGGTGACGTCTGGCGGCTATGGCGCGCCCGTGTTGGGTTGATATCTTCGCCTCGCACGCCGGATGAATAACTAAAATGTATTGACGTGGGCTCTTC,1198,51.59,Mus musculus
SEQ_405920,CTGGCTTTCGGCCGCGCAGCTGTGGAGGTCACAAATCACTAACTAATACAAGTGCACGCCATGAGTGTCGTAGGTCTCACCACCGGCGTGCCTATACACCCCGCATTGAATTGGATGTAGTAAGGATTAAAATCAATTATCAGCTCGAACATATCAAGCCGAAGCGTTCAGTGCGGTCCCCGGTTGGTCGACACGCTCTCAGGATGATGAATGTCACGAACAGGTTAGTCAAGGTTAGCACTGAACTGTGATAGGCCTCGTTTCGCCGCGTAAGAGCATCCATCAGTCAGCTGTTGGGTGACCTTCAGGGCTTCTAAGTTGCGACTAGCCAATGAGACGGACGTGGTAGTTTTGTGATCATCTGTACACTAGAACCGTGCGTGGGAATCGCGCTACTGTGTTACTCCTAGAACAATATAGATTCTTTGTGACCGAGAAAACCTGCGGCGTGGAATACAAGTGCTCACAAGCTTAGGCCAATACCACTTATTAAGCGACCCTCAATATTACATGACCCCAGTGCTGTAGGACGGACAAATTACAGGAGGTCCTAACCAGATAGACGGCGAATGAAGATTTGGTTCTGGCGAGCTGCGTGAATATCTAGAAATGGCTTAAAGACGGAACGGTATAGTCCGTCACTTTTTATCCCTGCGTGTGAAAGATAGTCGAGTGCGAGTGAGATCAAAAGAGAGGAACACAAAGGACTTTGCGAACCACATGGGGGTAGGCGCCGGCGGAGCAAACCGAATAGGTCTCTTAAGCTGACCAGTTCATTGTGCAATCCCACCATGCGTTGTTGGCGATCTAATTGGCTGTGGTCCTAGAAATTGCGTAGGTGCTGGCGGATCCAGTAAAGTCCACCCTTCGCGATGAATAACCATGCGGTGGGCTATTTAGATGTAGACTCAAGGTCCTTAACACACGTTTTCACAGAAAAAGGAAATAAGCGACGTTTACCACTAGTCCCACCGCAACACGTGATACTCTGTATGGAGTGCATTAAGCGGCTAATGCATACGAGGTGTTACGAAA,1035,48.7,Caenorhabditis elegans
SEQ_605277,GCCCAGTAGAGTACAGGCGGGGTCTAAGACCAGCTCTAGTCAGATCAGCGACCGGAACCGACGTGGGGGGGCTGGGGGAAGGTACTTGAAGCTTGTGTGCCGAGAACATTGGACACAGTTTTGAAGTTCAGAGAATTACTTTTGCACAAAGGCCACAATCACGACCGAAGCCTGGTCAGGAGCACCAGCGGATCAAGACCACACCAGAAACCGGTGAACTGCGTCGTGGGCATGCAACTGGCAGACCCACCCTGTAATGGTATTTGGCTGGAGACTCCGCTATCTTCAAAATCGGGGGGCGCCAGAAGAGAAGATGATCTTGACCCGTAGTTGAGAAGAATGCGATGGACTGTCACGCATAGCATTCACGATAGGACGTAAGATCTGTTTTAAGCTGTGGACACCAGCGGTCGCGAAAGTTAAGTTGGTGGGCGTGCCATCAATTTAAATGACTGTGTCACGTTAGATTTATGTACAATACGCGGCCTTGTTGTGCGATGCAATCCGTATTATCCTGTCACGGAACAAGCGGGCCCCTGCGGCTGTCATCGGGCTCCGTGCGTAAGGATTGGGATGGGCCTCATAGAACAGCAAAGGTCATGCTCTGAACTATCACTCTCGGCGAGTAGCGTCTTTGCCAGTCAATCTAGAAAGCACTAGTGGAATTTCACAGTAATGATGGAATCGTTACTTGAACGGGAATGCGGATGAGGTGGGGGTCAGGGCATCCTCCCAAGCTCTAACACTTGCCAGCTCTTCACACACTCGTGAGCTCGTATAACAGCCCTACAGTGCCTTTTGAGGATTACTAACGTCTTATCCCACGTAGCGAGATTGTTCAGGAGTTGCCATCGTTCACCCGATTACAATCTCAAAGTCTCCCGCCGAGCTACCATTGACCTATGCTAGTACTCTGCGCTGTCGTCGCTACTCGCGCATAGCGGATACCGCCTCCCCGATGCTGCACAAACCACCCGTTTCCGGACTGGTCAAGGTTAATTGGACAATGCTTCCACACGGCACTTCGGTGTGGGAAACGAGATGTGGCACTGAATCCTAAGGGAGCCCGTTTATCCTCAGGAGCGCACTTCACCGGGATTAAATGTCAACAAATCTGTTCGTCAATCTGACTTTCGCCGCTTGTGAATCCTCGGGCGTCCACCCCCATAAACTAGACTTAGGAGGCGGGCACCTCATGAACAGCCAAGTCGGGGCAACGGCGTATCTGGCAGCCATTTAAGAACTA,1246,52.25,Mus musculus
SEQ_907622,TTTGAACTCTGAGTCGCGGATTGGTAGTGCCAGTGCCACGCTACGCGCGTTGGACCGATAGGTCCGCTCAATAGGTTGGACCTTCTGGGTCGAGCGATTGTTATTAGCGAGACGTGGTTTATACCCTTGCATCGTGTGTTGACCGCGAGGGTAGATCTCGTTCTCGAAGGGCGCGATCTTAGGCAGTACTAAAACTCAGAGTTACACCAAATCTTACGGGGTCATTCGCAGGGTCGTAAAATATTTCTTCAGGAATCTTTCAGGGGACCTACGCAGCAAGCCCGAAAACCCCCAGACCTTTATGAATTCACTAGTGCATTGACTGGGGCGTAGCGTCAGCTGGCATCGGTGCGTTCAGTGGAGACGATGCACCAAGTGCACGCCACACCAGCCGAGCGGAATTTGGAAGTAACCTCTGCCTAACCATTTGCAACGAGCAGTGTATCAAGTAATAGGCCCGATTGTGAACACCCTGGCACTTTCTATGCCGTCCACCGACCGGAACTATGCTACTATTCTACGCCACATGACAGCATTGGTTCCCGTGCTACGGTCTTACAGCGTAACCATCCAGATCCAATGGGTCTCGCCTAATTCTTCCGCTGTAGGGACACGGTCTCTCAATTCGTGGAGCCTTGCCTTGGGAGATAACCGCGGGGCTCGGGGAGCCACGTCATAGGCGCTAAGACTCAATCCGTTCTCCACCTACAATTGGGTAAAGCGTAGAATGGAGTGAAACGGAGGCATATTCCGACAGTTCACAGATGGTCTCGTGACTCAATGGTACTACTTCTGCACGTCCCGGGATGGCACCCCTCCTGTCTTAAAGGATCACCGACATACTGAAATGACCGCACTAGGTATTTCAATCTGCGCTCCAGCCAGGTACCTCCGCACGCCTTACTGTCATACCTCCTCTGTTTTTCCCTTACGGCGTTAGCGAAATCTGGCCCATGAGGGGTGAATGGAGACCTTGGGTTTTCTCTCTGAATGATTCGTGCTGCACGCTTACACACCGGGTGGATATTTGTGCACGTGCCTTTGGCTGCTAGGAGGGCGAATCTTCAACTTACGTTGCGTCTCAGTCGCGTTCATCCCCTCAGCTGACCGGTACGGGGGGGGGATCCTCCTCTGCAACTCTGTCTCGAACTAGAAACCAAAAGTAAAGTGAACCAGGATTCCCACTGGGCTTAAAAGGTAATGAGTTTTGTCACTAGTTGCACACCCCAGGCATGTTCAATGATTGCTCACTACTATGGCGCTT,1264,52.14,Drosophila melanogaster
SEQ_760655,ATGATTAAATATCCTCTTGGTCCGATACGTTCTTTGGAGTGGTTAAGGATGGCCCGTGTGCTTAATTGACCTTTATTGTACACTGGGATACCCAATAATTTCGGACGCTACAGGAATGATCCAGGTCTCCCATCTCTCCGGGGCGGCCCCAAAAAGACTACGAATCACTGCGGGTCAGACTACGGCGATGTCCACGCAAG,200,49.5,Saccharomyces cerevisiae
SEQ_606563,TCCAACAGCATGCCTGACCCCCCGTTGTTAGGTCACAGTGATTCAAGCGCTTGGAACGTCAACGAAATAGGACTGCCTCGGGCCTCACGCAGTTAGTACTTGAAGGGAACTAATCCCGCTCCGGTTAGAACGAACCGTGTGGCAAATACCGAGGCATGCCAACGACGGCTAGGGAGTTTGCCTATAGGCTTGCCATCCTCATTAGAGCCGGCTTAAAAGCACGCTGCAGCGGCGCTTGACATTCAACAGTCCGGACTGCCGTGGGGGTTGATAGTT,276,54.71,Arabidopsis thaliana
SEQ_981530,CGTCCCGGCCCAGCCACTCCGCTAACTGGCTATTTGCGCGTCGCATGGCCGAGCTACTCGTTCAGGCAACAACTCATGATACGCGGCAGGCCCGTTCTCACTGAAGGCCGGACTCGAATATGTTGGGGATTTTAACCTTCGAAACATATCTGCTAATGTCAAAGCGATAATCTACAGCAAAAAAGTCCGGAACAGCGAGACTTAGACCCGAAAACACACGTTCCTAGATGCTACGCCTCCTTGTTTATGGATTGCAAAGGAAGATAAACAAATTGTCGCAGCAAGGACCTCACGGAAACGACCGGAAAATCGGTCTGAGAACCCAGATGGCTGGGAGCATTTCGTCCGGACAAGTCTCTTTCTTTTTTGGTGCGTCGTCTGGGGATCTATATTGTCCGGGGGACTGGCCGATGCGCAATGCGTGGGTGACTTGTACAAGTCGGCCTAAGCTGCCCGGCCTGTGAGATAGGTCCCTAGCCCAGACTTGTACCCAGTCGTTGTTGCATTGATATGGCTACTTTGTTGTAGCTTTAGTCGCCGTGTCAAGAGACGTGTTACAGGATTGGGGCAGACATCGAGGT,581,51.81,Escherichia coli
SEQ_912219,AGTGAGCGTTGATGGAACTGGTATCCCGGGGTTTTATAGCCAGCCTCGTGTGAACCCACGGTTTAAGTCGATTATTCGATAGCCCTCTCAAACATGACTCACCCCTCACACACTATGTCCTTAAACCTGTTTAGCCCCGGGGTATTTAGAATATTCAATCAACTGTGCGCTGCAAGGTACGATCCTCACGAATGCGCGCCGTGGTACCGGTCAATGGCTCAGTGGCTGCGACCGCATGCTGAGATTAGCAGGATAGAATTCACCCCATCACAGGATTCAACCGGCGAGGGATAGCGGCGAAGGTCAATAAGAGAACGCAATTCTCTCATGTACCGACGCCTCATGCATAGCTTTTTTCGATGAGCCCTGGCTGAACAGTTACTTTAGAACCTGATTCTGGATTCCAGCCAAAGAGGTAGATCAAGAATTGAAGATGTCTTTGCCTCACTGATTCGAGTCGCGGAATATCGTTGAGTGGTTCTCGACGGGTCGGTCTATAAGAATGCTCTGGCGTGTGCGGATTACGTGACTCGAGGGCCCGTGTATCGTAGAGTGCATCCGGTGAACGCCACCATAGGGATAATTGGGTCTTATACCGTTTGGTTCGGCTTCGGGTTACCAGAAATCATTGCTGTTCCTCTGCGACGATGGTGTCTTACTGAGGAAATCGGTGGGGCGCCGCTGTGAAGACAGAGCGTTAACTAAGGATCATCCTCTTTTACCCTTTACCGCACCAACGTGGGATACCAGACGAACTAACACAGTTGTGGGTCCTAATGGCATGAGTTTTACAATACATGAAAGTCTAAACCAACAGAGATTATGCCGCGTACATTTCAGCGTTATCCACAAGCAACACCCGCTCCCTGTTCACTTCTCTCGTAATCTCAGGGCATCTACTGTCCCACGTATATACTGCGATTATGCAAAATGCGGTGGCCTCGCCAGAGCCAACATACCCCACGGCTCAGCCCGAATAAGACTAAGCCGGTGTGGTGAAGGCTACCTTTACGCAACAAGCTTTCGGTCCATGTGTGGCGCTGCTTAATACAGTAAGTGTTCGTAGGGCACCTCATCGTTGTTAATACCGATACCTAATTCTGCATCTGCTTAAAATAGTAAACTCACGGTCTGAGATGTCACCTTTTGCTAGAAACCGGCGCTTCTCCGATAACCACAGGGGTATTTCGAAAATGCCCGAAACGACTATGGCGCCGGGTCTTGTCATCCAGGCACAGATGCTAGCACAGCCGGGTTATAAGTCTTCTCATGCATGTAGTATACTTCATGGCCCTCATATAAACAAGAACGGATCTCTGGCCGACCATCCGGAAATCTAGCTGCCTGATAGTTTCAAGCGTTTAATAGGGAGACGCGCAAATGTTCTTTCGCGGCCTAAAACAACTACGTGAGTGAACCAAGCAGACATTCTCCTTGCGGCTTTGCGAGGACCGTTTATTCCGCCGTGACACTCTACTTTGAAGCAGAACTGATTGGAAGCTGATGTACATTACGTGTTGGCAAGTAAACTCTTACCCTGATGTACCGACTCAGGACACTAAGCAACGCTCCTTGCTATCAGCTACCTATGTCATCTCTGCGGTCTAGCAGCCTCTTCGGATCTGTGTCACCACACATTGCCCGTTATTGAATAATTCCTAGATTTAAACGGTTATCCCTGACTCACCCCTTAAGATCGGTCCTTTATGGCTTCACGCTCGTAAAATAGAGTACCAAGCGAACATTTTATGTGATGCCAGATATCAGCGGCAACCGCGGACCGAGGCAGAACCCTGATCCACTCACATGTAGTAGGA,1817,48.93,Arabidopsis thaliana
SEQ_635801,GGAGGTAGGCAATACCTAACGCAGATGAGCACCATGGGTTCAGGCGCCACCATCTTGCCTCTCTAAGTCGGCACTTGCTTAGCGTACTATTGACAAAATCGCCTTTGAGTTGCTCCGTGTGACACAATTCCAGTAGGTAAGCTAGGCACGGTCGTTACAACGCGTACACGTTATTCCCTTTTTGCCGTACCTCAAGCCCGGTAGTCCGAAGCCCCAACTTCTTGGCTGGCACCGCATGCCGGAACAGCTCCCAACTCTTTATTAGCAGGACCCAAGCTTTCCCCCTACGGTGAAACGGAGCGCCAAGGCCAGCGTCTGTACACGTCTCACGATCAAGAATAGCGGGTCTTTGACTAACCCAGTTTTTTGAAGATACACGCGTTATCCCGATAGGTTCGCGTATCGCACGAGAAAGTTGGATTTACTGATGCAGGCCGCAGAGGCAAAGTACATGCGGGCGAAGTCTTCTGGTGGGCGTGCTACGCGTCCCAACGGTAGGGAGCGGTGACGTTCGCTTCGAGACATCACTTACCGAATGGTTAACTAGGTCTGTTCTATAACGCAATGTGTTTGTTCTGATCACCCCTTCAGTGAACATGATTACTTAACAAGTTTGATAGCGAACGACTAGAACAAATTCGAAACAACGAATACGGCCTACGTACCCCTGAGTGACTCGACGTCACCAGGACCTAAGCTAACAAGATAAGAGTTTATCATACTTACTCAGACCGCGAGGGCAATATGAATGATCAGACCTAACTATGGCGAAGGAGTGCTCTCAACCTATTGTCTTAAACTGTACATTCATTCTGCACTGACGCGAAGCAGGCTGGCGGCGGTAACATCGCGCGGATTTCGCACAATCAGAACTCAGTAGACAAAAAGCACCCCACTGCTGAGTATGACCCACCAATGGGGATACGAGACTATTAGGACTAGGGCTTATCGGCAGGTAAGCAACGGCGACAAAGGCAATAACGCTCACACGAAGTAAGAGGTTATTTTGCTACCTCGGCATCTTCCGCATTCTACCCGCTATTCACCTAGAGGGGTTCGGAATTTGTCCCATATCGCTCTGATACTCCCTTTATCCTCGAATTCCTTCCAGGAAGACCCCTCGGTCCTAGGCTTCTGCCTACATCCGGTTTATGCTGTATGTTTGGATTCCGAACCCTGAGCTACCCATAGCTAAGTGACCTCGCATGTTGGGACGAGTCGTAATGTCACTTTAGTCCTTGGACCACCTCCGATACGTTCTTGCTCGTTGTGTTGTTGGGTGCACTGTAGGACCCATGGCATCATCGACTGTCCGTGATCACAAGGAAAGCAGTGGAAACCAGAGT,1346,50.22,Escherichia coli
SEQ_849389,GCCTGTTACATGGCGCACGGCTACAACGGAACCAAGACCCCTCTGAGTGTAGCAGAAGGCCTCAAGGACCTGGATGTGGATTGACACCACAGTCCGAACGGAACATACCAAACCGCCTTGAGGGGAGGTCTCCGCTTGGGGGGGGAAGACGGATCGGCCCAATCCTGCGATGGTACGCCGTACCTACGTAAGTGCGTCTCCTCTCTTCGTGCTTCGGAGGGAGTGTTAGGGAACGGGTACTGCCAACACCGCTGACTGAGGATAGAGCATAGTTCTGCGGCTCTCATGACGGCAGACTTAAGTCTGAGCCTTCTGAAACTAAACGAGAATGAGAGCGTGACGGAACTCCTTTGTAATGAAGTCCCAGGGGCCTAGATATTAATCGAAAGTGAAGCAACGTAGTCACCGCTTTTGAAGGGTTGAGTTTCGGGGTCTCATTCAGACCCTGGGTAGCGACTAAGGTCTATCCTATACGGGGCATGTGGGGATATCGACGCTTCTTCCGGATCTCTGCATCGCACGCCCGTGTGCTCGAAAAATCTTTAGTAAGCTTCGGATTTACCATACTCCCGGGCGAGTTGTGCCCATGCGTCCGGAGGCCTATGCATGGGATCGTTTCAACCGTATGTGAGAAACGAATTGTAACCACTACGGAACCTGACGTCTTGGCACGGCCCCCCAATTGGTCCCGACGTCACGGCAGGATCGCTGCTTCTTTTTCGGGTCAGGCAGGTCGCATCTACAATAAAGGCCCAGGGCACTATGCGGGTGACAGATCTATTCGAAAGCTTATTCCTATCCATGGGTCCCAGCTAAGCAAGATATTATATTACTCGAAGATCCGACGACACCAGGGAAGGCAATAGGCATCGGAGCCCTATATAACATCTCTGAGGACAAATTTTGCTTGTTTAATTCCACCCGATAACTTAGCGCATTGGAAAAACTTGATATACGATTACCTTATCAAGGCCTACCAAAAAACGCAATGTTCGTGCGCTTCTCGTTGACGACATCGCACCTGGTGTGGTTTTTTCTACACCTAGACGTCTCGCGCGTCGTATTTACTGGCGCGACCTGGCATGAGAGGCCATTGGGTTATTAATGGCCTCATGCTTGCATAATCGCGCAACGTCCTAATTAAGACTCATGGGTTTACAACGCGCGACAAGCCCAGATTGCCGAGGTGACCATACCTCGTCAAAGAGGCAGCCGCACGATCGGAGCCTAAAGTAATCTTTTGAATTACCCATAAGGTACGTACTGACTCGCATCGGCACTCGTCACATAGGTTTTGCCTGCCAGATCGACACTAAGACAACGGGTTCGTTACCGCAGGCGTCAACGCCATTACAAAATTCTTGCGGGGCGCCAAGACTAGTTCAGATGTGACCAATAGGACCGTTTCAAGCATTCAAGGACCGAATCTTTGGCGACAAGGCCACCTCAGTATTCGCTCATTAGAAGGGTATTTCTTATCCCCGCACGAATTGAAACTTTCGACTGATAATGCTGCGGGGGCGGTCCATGCTAATCTGGGAACGTTTCGTAATCACTCCTATCCCAACACAGCGTTCATTCCGTCGGTTGAGGCCCTGAGTGCAACCTCGTAGTGGTTGTCTCGTACCTTTTTAGAATTGCATCTTGAGGTACAAGCTCTTCTCCCAGTACTGCTGCCCCAAGCGACAACTAGCGCGATGAAGTTAACGCCTACCGCATTGCCAACTCTGAATTTTCTCTGGGCCTACCATTATGTCGTCCT,1762,51.08,Saccharomyces cerevisiae
SEQ_581931,TACCAAGACATATCACGTGCGTTAATTTGTAAGCGAGGCTTTTCATCGATACAACGAAGGGACGGAGCTATGTGTAGCTGGAATCTCGACTACCTAGAGCATAGTACACGCCACGGACTCTTAGGGCACACGATACCTTTATTTAGTGAGGTGCTACTGATTGCCCGCGAACCGTCGAGAGTGAACGCCCGGAGATTGAGTGCTTTTAGCATCTTTACCGGCCTCGAGTAGGTTGGCGTGCGCTGCGCAAGAATGGCGTGAATATCATGAGGTAGGCTTAGATTT,285,49.47,Escherichia coli
SEQ_199286,TAGTCATGTGTGGTCTAAAGGGTCCAAGTCAGCCACCTAACGTTTTTGCCAATCAGATCCTCGGTGTCTTGCCGGGAATATCTCGCTGTCCACGCTACCATCGTGCGTACGTGAGCACGGGTACTGTTGACAATCGGGTCATTTCGGGGTGCACTACTAGGAGAGATCAGGTCGGATCTCTGACAACTTCCCTAAGCACTTTGCCGGTGCGTAGCCTAAATCTCTCCCAGGTTGCATATGACCAGGATACTTCTAATTTAGGTTCGAGCAATCGCAGCCATCGTACCAACTCTTCCTGTGTCATGTCTATCACGTTTGATCCATCGAAGACTATGGCACACGTTTGTGTCAGCCGAAGTGAGTACTCCAAGATAATCATAGTTTTCCCAAGATTCACGACGAGTAGGTCATCTGATCGCTTTACTCTTAGCTACGACTATCCAAAACGCAAGGCGACAAGACGACTGCCTTGGGACTTACGGGTTTAATTTGTAACACGGCGGGTTTGTCAACAGATGTACACTCCAGAACACTCGCTAGATGCGATAGCATTGTGCGTCCGCGCTCCCTCTCGAGTACACGATCAGCTCAAGAACGGTCCGGAGGGCTGTCACATTTGACGCCTCAACATAGATTGTAGTCATCTGGGACTTGTTTAATTGCTGTACCACTTCGCAATGCCGTGTTGGAGAACCAGGGCTAACAACGGCACATCGACTAGACTCATTCTTTAGTTGTGAGGTATTCTCGACGTTTACGT,760,48.95,Homo sapiens
SEQ_635867,TATGCTAATTTCGCAAGATGCAGTCACACTTGGTGAGCAAAATTGGGTTGCTCCCGCAGGCACCTCGGAATACAATGATGGAGTCCATGTCCTCCTCGGACATTCAGTTGAGTGCTATGTGTCCGTAACGTGTCGGCTGATTCCCTTATATCCCGATTCAGAGACGCATGCGCTCCACACCCTGCCTTCTCTTGGAAGGCGCTGGGAGAACGGCATGTCTACGTACCTAGTTCCAGATATGCCAATGTACCAGGTCCATGAATAGGGACTCGTACGGACGGGTGGGTCGTCGGAGCTTGCCAAAACATCTTTTGCCTCCTGTCCCCCCCCCTGAGTGAAGCTTCCTTATGTCCCAATTATGATGCAACGAAGTCGTCATTATCATACTAAACGTTTTAAACGCGTCACTGCATAGGCATGTAGGTAGGTACCCGCTTGAATGCAATTATCTCTATTAAGCGTTCGGGCCTCTTGCACGTGCTATGCGTAGGTAAAATCGCAGACGCCCCGCTCCGGGATGATCCCAGTCAAACCCGTAATCTTAACCTTGCCAGCGGACGACGGCGGCAGGATAGGTCATGTCTTTTGGTGTAAACCTAGGCTCGATCAGTCGTTTCCTTAGGGTGGCGCTGCTATGTTCATCACAGGGATCGTGCCGGAGGGAGACGAATAGAATAAGTGATTGTGCTCTTCAACTATCAAATGACGATCGCCGGCTGAGATTATATCCCGAAGAGGTGAACCCTCAGACTA,753,50.86,Mus musculus
SEQ_286049,TCATGCTGTACTTCGTATCCGTAGCGAGCTAATATAGTAATCGCCTAAGCCGCTCTTTCCTCTCTCGCGTGACCGCTTGGCCTGGCGCCCAGCAGGTTCCCAGGGGCCCCTGGGTACAAGAGGTCGAAACAGCTTGGGTCATGGAATGCCTAGTCGGATTATATGGCCAGGCCACAGATGTAATATCCTGGCATACCTTGTAGGTGTGCCCCGATAGCTAAATCTCAGTTCGACAGGAGTTACCCGGGCGAACTCTTATGAATAGCGGTGGTTAGATATACGCTCACACCCCACGATACAACTCCTGGATCCCTCGGATAGGCTTGTAGTGCAGTGAGGTGCATAGGTGCTTCTACCCACTGGTAGCGATCAATCTGTCTATTTTCTGGCAGGTAAGGTCCGTACCCGGCGACAGTACTCGGACGCAGCGATAACGTCGGCTGCAAGAGTAACCGCACGCCTTAGCCGAGACTACCAGGGGAGCGTGCTCGGTATCGGAGCGCTTTGTTATTGGTAATATGGCCGCCTCGGGACCTATATCCAGGCCATGAACATCGGCGGTGAACAGCACACTAAGCGAGTCACATGAACTGGGTGGCATGAATCGCTCCCTAGGTTCATTTGCTAATAAACATATTGGTATGGGTCTCACCTATCATACCTCGCTGACTGTTAGTAAGCAGCTTCTAATCTTTTCAATGATGTTGGATAAAGCAATCAGGCACTGTTTGTCGGTCCAATTGAGCACGCGTCCGGTTTCTATATGCCTCTCCCTGAACCCTCAAGTTCCAAACACTAACAAGGTGACTACGAACACTCGTGGGGGGGCCCTCAGATAGGTCGCTTAAGACACGCTCTATTCTTATGCCTAACTAGACTGGACAGCCGCCTTTCGTGCGGTTCGTTCCGGCGCGAATAAGAAATATAGCGCAACGAATTTATCTTACTCGGACAACGGTCTGGAGCCAAGAAGCTTTCCTAAGTCTGTCCTGCGTTACGAAACATGATCAACATCCATGAGCTAAAATCCGATACGAGCACTACCTGCCGTCTGCTTACACGCATGGCCATGACAAATACCTACGTATAGAGAACCTGAGAAAACTATCGTATGATCCGATTCTACCTAGGGAAGGCAGAACGGTAAGGCTTCACGATCTTTGACAGCGTAAGTAGGACGCATACAGGCTAACTTATCAGCACGTCTTGGGACGCCTAGGGCTGTCCATCTGTAGCTTATATGCCGTTTCCTAATATTGGGACTCGCCGTCCTAGTTAGTCGATAAGCCACGAAGTGTATGGACTGGACTCCCTAAACGAATGAGACAGTCGCTGCCCCAAATGCAGCGGGACCCTCTCTGCATTGCTGCTCGCTGAAATCTCGGGCATCGCTTCGTAGTTTCTACGTTTTGTTTGAGAGCCTCGCCTTGCCACTTATATACCAAGAGGATATCAGCGGTATGTGCATAGATGCTCATGATAGATTCACCGCTGAGTTGATTTATTACTGCGGGTGGGTTTGATCG,1526,50.39,Arabidopsis thaliana
SEQ_806021,GGGTCGAACCCACCTGCCTACAGGTATCTCTCGGCCCGTCAGATACTTGAACTATAGCCTAGCGATTCGTTTATCCATTAACCGAGGATCGCACTATAGGGGCTCCATGAGGAACGTGCCCGTGAGGTGTGTAACGCGAACCGAAAATAGCCTGCAAACGCATTCTAAACATCAGTGGATCTAAGCCCTATGGCCGCTAGCAGATGACTATAGGTCCATTAATAACGTGGCCTCTAGCATCGGGACAAAGTGGCGATCGACTAACAGTTCCGACGTCGCGGTTGTAAGGTTCGTCGTCGCAATTCCCCTTGACTGTAGAAGCGGATCCCCGACATGTATGCACAATAGTGTCAGCGTTCGGTAGGGTGTTTGATAGGGCCAAGCGCACACTTCTACCACAGATGTGGGCCCGGTTTTCTCATACGGCTGGCAATAGAACCTGTAGCCGAGGTGCACAATAATCGCCGCTCTAAGGACACCAATAGTGTTGTAAGCGTCAATTGTACGTACCTCGGGTACGACGGCATAATTTCCTTATTCCACCAGAACCTACAAGATTGTGTGTGGGAACACGTTCGACAAATAATTCAATCGGCAGGTCGCGTCCCCTGCGATATTAAACAAAGATACCAGCCTGAGACTTGTGTTCCGGGGGAGACGTGGCAAGAGGCGTTGAGGACTAAATACCGTTCCCTCGGTGTCGCACTTCATAACTCATGATATCTCTGCTGCAAGCGTTAGGTGAGATGTAAGATGTCCGTCCTTAAGCCATATAAAACTTGCGTTTGCCCATTGATTACGACATCGGGTTGGCCTTAGGTAGGTACGGGAACTTTTCATATTGTGTACGTTCATATTTGACGGTGGGCAGACAAGCCGTTAACTAACGGTCCTTCGAGGCTCACAAAAACTTACGCACTCCCTTAAACATGGTTAATGCCCTGCGGGATGGTGCGCCCTGAAGTCAGCCCACATGAATCTAGTGTCTCCAGATTGTATGTACCATACTGTCTTGGTAAGCAATTATGGCCTACTATTCGCTGCTTGAAGTATATTGAGGCCCCGACCCTGATGTAGCAACATTGAGCCGCACATTCACTCGTTGAGAAGGTAAGACCATATCAGCGGTGGGGCATTACCCTTTCTTTCGCTGAAGTGCTTGTCATTTGGGTAATAGTGGATGAGATTTGACCCTCCTCTTGGCGAGGTCACACATGATGCTGAGCAGTTTGTCAACAAAATGACTAAGGGTACCGATGTTGCTTCTCCCCGGCAGCTCTCACCCCTACCCGTGTATTTCTGAACTGCGAGGCGTACCGCTGGGAGAGATCTAACGCGCCTCATGTCGCCCCTAGTTTCATTTGTGAGGGATCGTTAACGTAGGGTCACAGGTGCGAATGTGGTCGGTAGGTCGCCTGCGTTTTCACTGGTTCCCCCCCGTTGATCTCGACAAGTAATGTCCCGGGGGGCCTCCTGGTATCTAGTGGCTTTGCCACTATCATAGT,1505,50.3,Drosophila melanogaster
SEQ_924776,CCTAAAACCGTGAGAGTTTTACCTTAGATATGGGACCCAGTGGCACCGACATATATTGGTCACTTTAGTGTCTGGCGGGACAAACAGGTGCTAACATTCTATTTTGCCAATGATGGTACAGTTCCCAACGAGCACGGACACGTTCTGGAGTACACGGGTGTTGACGACATGGGTGCTGAGCCAACGACATATTGGCAATGTCATGGTAGCGGCCCGGAACTGTAGCTGTTTTCTGCAAATCAAGAGCATCCTTGCCCCGCGTATGAGGTTGATTCGACTTTATGAAAACTCGTTTCGTCACTGAAAACTATTGGCGTGCATCCACACTGCCTTCGTACTAATTACATGGGAGGCTTCCTCTAACATCACCTAACGTCATGGAATCCCAGCACACGGATAGCAGCGGATCGTCCCAACATACTTGCCTTCAGGAATACCCCCGTAAGTGTCCCGCTGGATAACGCCCTGTCGGAAGCATACCTAGAATGGTCACGCTATAAGTACCAGCATTGTCGAACCGACCACGTTGGCTGATATCATACCATGTGCTCCTACGGATCAACACTCAATGTGCGTCCGGTCACTATATTACTGGAGTATACGTAAGTGTTTTATCCACTTAATTGGCATCGCTCCCATATCGTATAAGCAACACATATTGGCATGACGCAATCAACTCTGCAGCCCTATTGACTCGATAGAAGCTGTTAGCGGTCCAAGAGAACCGGATATACTATTTACACAACCACCACCTCCAGAGCCTCAGAACTAAATTAAACCGCGTCTACATCCCAGTGCGACCTCCTGCTCATTGGTGCACGGAGGGAACGATTTTATGTCCATCGCCTACGACGGTAGGTTAGAAGAATGGACACTTGCTAGATGAACTTTCACCGAGCGGCCGAATCCGAGGAGATCTCCGAATACACTATAGTAAGAATTGCGTACGCCAAAAGGATTCACATAATCGGGGCCAATGACTTTTCGATCCCGGTCTGTAGGCTAAGTGGTGTTGCTTATCTAAGATCGCGGCGAGTCGGGAAAGATAAGACCGGGGTCCTGGACTTGCGTCTAGATCCTACCCACGCTGTACAGACGAGTTGCGCGGGGACTTCGGGTTAAATCCCGTTTACAGCGTTTCAGGACACTAGTTGCGTAAATATAGCAGCAAGGGGTAGGTTGGGCACACATATGGCTCCTGGACGACTTGCCGAGTGTGTAGGCTAACTTGAGTAAGGGCATAGTAAACGGCACATACAAACGTTAACTTCATCACATAGCACGCCACGTGCTACGATTTCGGTTGTGGGTAAACGGCCTACTTGTGTAAAACTGGGCTGTCAGCCCTGCGGAGTCGATATGTACCACTGGATAATGGG,1379,49.09,Drosophila melanogaster
SEQ_587392,TGGCTGTTTCGACCTTCAGCCTATGTACTCCGTCATACAAACACCGCTGTCAGGCGCCGACATCGATGTTAAAGCTAGTGTTAAAGCACAAGTTTCCAATAAGATTGAAATCAGTAATTGCATCGTCGCAATCTGGCGAACCGGTATCCTATTCGCATGACCACCCACTTATTCCGTAGGCTATCTGCCCAATTGCAACGGGCCGTGATTGGTGGACTGATGGAATGTACATTTCGCAAAGACTGATTATCGGATTACGCGTCAGACGTAACACTGTGTGTAATGGGGCGCTATGCTAACTTAACCCCCACTCATGTGTGTGCCTTCAGTCGGGTGCCTATCGAACGTAGCTAGGTGATGATAGTGAAAAGTACACACCATATTCATCTTTTCAGTCCAGGTTAGTTAGGTTACCACTGAGTACGGCGAGTATCACCCACACCACGCAACCTTGGATATTTGACAAAGCCTGCCTCGATTGCGGACAGTTATCAAAAACCACCTGCATTGGGCTAAGACGTTCCGAAGTACAGATGGTGCCGGGCGGGAGCTGATCATGTGCATGGGGCGAATAATGAGAGGGTGGCTTGCTCGCGTGAGGTTGGCACCTTGGGTGTACCGGGTTAGCATGCTTCAAAAAGAAAAGCTGGCCACTTGGAAGCCAGTCGAATGACGCATTGACCATATGGCATCGAAAAACAATACAGTATGGGAAGGTTGTCTGAAGGTGGTCGAGACGATCGGCTAGTTCACATACAACTCGTCACCTTGTATTTGGCTAGGAGGCACCACTCTCTAAAAAACGCGATAACGTTGGCAAGTCAACGACGGAACGACGGGGTTGGGGTGCGGCGGGGCAAAGATGATTGCTTATACGGTGCCCCGTACTTCCATCATCATTTCGAGTCTTCAAATTCGAAGGGACTCTCAGTGTTGATCGCCGTCACAAGTCTAGCCTAAGCAGAGGCCCATTGTCGTCAGACGAGCCTGTGGTCTGTAATTAGGGGCCGGGTAAGGCGGGTTTTACACGCAAGCGCTTCGACCCAGACATACGCGGGAACCTGAGTCCCGATATACGTCTCGTTCGAGAGACCGAGTTATGATGTCCAGAACTTTTAATCGAGTATCGTC,1131,49.96,Homo sapiens
SEQ_752742,TTAAGCTGGGAAGCAACACCTGACGCTAAGGATCTCTGGCCGTCTCGTCAATGGAAGGATATGTATCCAAACAATATACGATTCCTCAGGCTCCATACTAGATGAAGTCATTCAGATACCTGGACATGGCCCATTAGGTGGTAACACTACGCGCGTTCTTAGCTCGGCGGTACAGACGAAAACTAAACACCATTGTATTTCGCGGAACCGCCACGCTCCTACGCGCGTGAGGAGGCATGTGAAATTAGCAAGTTGGTTGGTCGAACCTTTCAATAAGTACCACCGAATGCTAAATACACCCTAAGATAGCCATCTTAATCGCTCCCAGAGAATTAGGTCGCGACCAAGGTATGCGTGCAGACCGTTCCTTCCGTGAATATGTGATCCCGGTTATAATTGCCCAATCTCTGTTTCGTCTATCAGCGTATGGACCTCCAGATAAAGGTATACCGGCGCTGCTCCTAATTGCCTAGGTATACGCTTTCTGAGACTTAAGTGGGGTTTTTATTCAAGCCAATGTTGTGCTAGACCCACAAAGTACAGAGTGCTCCGCCCAGCCTCTTAAGAGTGAATCCGCCAACAATTCTAAGCTCAGGGCTAGTGTCAATCTGTAGTGCGAGCGCCCCAGTAAGTCCTCGTTGTGGGTGGATATTTTATAATGCGCCACTTCAATGTGGGTGTCAGGGCTACAGTTCACCGGAGTAAATAATATGTAATTGCATGTTGAGGGATTGAGTGCTTCGCTGTTGTGCATGGGTAGCGCTGCGGAGCCACAGAGGCGATAAGCTGACTCTGTCCCAAGCGATGCTGCCAGGCTGACGCTTTGTTACCGGAGTATAATAACAGCGTGAAAGAGACCCCTAAATGGAACGGAAAGACGATTATGTTAAATCCCCGATCGGCGCCTTGCTGTACAAATGCGACTGGCATGGTGGATAGGTGCGGCAGTGCTTAGACTAAGGTTCAAGCCATATCTTATGGGGTACATCACGAAAGGGTGCGACATCATACGATACACAATTGCGAACATTGACATGCTCTCGCCTTTCCGTGTACGTCATCAGCAGGCCGGCTTCTCCATTTGGAGGACCTCCTCTTAAATACATACACTATTCCGTGCACCGTGACATCTTCGAAGGGACCGGACCAGCTGGCCTAAGCATCACGCGGACAATATTGCGGATTGTGGACTCTCGCATTGACTCGACATTTTGAAACAGAGCTACGACTACAGCGTAATATGTGTTGTC,1250,48.8,Homo sapiens
SEQ_843744,AACCTGGGACCTCTGATCCGAGTTGGTCTTTCGTATATCGCGGCTCCCGAGAGAGCATCGTGCTGCGTGGCGCAGCAACGCCAATTCTACCTCATCCCTTGGGCAGAGCTTCGGCACTACATCCAGTAGTAATTTCCACGGATCTTGGGAGTAGGATACACGGAGTGTAAGGTCTTTCATGGTGCCAATTATAAGGTGGCCTCTTCTTCACGGCGCCTGATACAACTACATTATTACGGATTAGGGTAGGTCCTTGAAGTAACCTACTGTTCGCTCTTTCAGGAACCAATATCTTGCTTGGTCGATACGATACTGTTCGTTCCTATCATAGCTCTTCGTTACAGCTTTAGTCTGATTTACCTACTGAAGTATCGTCATTAGACGAATGCCTGGGTAAATTGGGTCAGCCACTGCAGCCCGCACAGCCGCACTTTACCCTCGGGTTCGACGTGGCGATTAAGTTAGTACTCGTATTGGGATCACGAGCTTTGGGCCGATTATTTTAGAGCAGAGGGTGTAAGTACCCACGAGGCAGGAACTGTAGCGTTATAAATTATACCTGGTCATGGC,570,48.95,Escherichia coli
SEQ_305431,AGCTGCATGGTAGCTACTGAAAGTATGTGCATCGCGTAAAAAGCTTTGATTGCTAATATGTAGCCGAACCCAAGTGGTTTACTCCTGTCCCGACTGTTGATGCATCTTCGATTACCCAAAGTATGGGGTCCAGGTCTCAGTAACCTTCAAGCCGTGGGTTCATTAACCACTATCAGTGGCCTAATATCTGATAGCGGTTAATAGGATTGTACTTGGGTTCCCTTCCCAATCCCATGACTGAGAGCTTTTGGTGACTAAAAACTGTTAGGACCACATCATGATGCGTTGCGGTGTCGGAGGAAGCTTGTAGTAATAACCCTTTGGCTACCTGTGGTAGAGTAAAAATCACTCACGACTCCTAGGATAGCCTTAACCGACCTAGCAATTCATAAAGGGGATAATACCATCCTTCCAATTCGCTCGAGATGCTATATCTCAAAGGGCGTAGGCGACACCAAGTGTCTCGCTCCGAGTTCGGGTGTCGGTTGGTCGACCACTTACTGAACGAGTTGTAGCCTAACAGGGAACGGGAAGAAGACCGTGGGCATAAATTTTTTCCGTCTAAATCCCCATAATCACGAACAAAATCGGGGAGTTATTTTGGAGAGTCTAGGGTACCCCTCAGGCATCCTCGCTCATTGATACTTGCGTTGGCGCAATCGATTGTCTTAGGCGCGCACCCACTCATGTACTGGTCTGAGATGGCATCGATGAGTTGGGTCTCTGGACCATTGTGGGTAGTCACGGAGATACATAGTCAATAACTCAGTGATGAAGAGTAATCAATAACTTCCTCTGGTTGGGACTTTTGTCATTGGGTCTAAACGCGGCTAGAAAACATTGTGTGCTTGGGAGGATGAAGAGCGGACGATTCGACACCCCTTCCGATCGGTGAGTATATTCAGTACCGATGACACCGCAGCTAAACAGTGCTGGGATCACTTCGGAATTACCGCAGAAGCCTCCCGCCGAGATTCTCTCGAGCCACCAGTGACTCCCGTGAAATGTGTGTGGTCCTGGAGCCCCGGGCTGGTTAGGCAACAAGTCCGTGGTCATAATGTCCAGTGAGAGCCCTGACACGGACCTCTTATTCGTTGATGATCAACGCCAACTAATATAGCCTGACCCCATACAACTATTGTTAGAGCTCGGCAATTCAGAGTTGAGCACACCATACGCTCTTCGAATCGCAATACTATCAGCGAATGATGTCTTGTCCATAAGTCGGTTCGAGTGTATTTGCCCTTCCTAAATATTGGTACAGGACAAGATATTCGGTGCGATAAGGCGGGATGATTCCGATTCCTCGGCGAAGTCCGCTCTTATACATTGGTATACTGACGGGCTCGTTGATTCGCGAAGTCTCGAAGGCTATTATCTTTGTCTACCTGGGCGAGTACATCGTGTGAGAATCAATAATACGGAATGAAAATGGCG,1437,48.02,Saccharomyces cerevisiae
SEQ_575457,AAGGTGGTATTGGCGGTGACTAATTAATCCGAAAGTTTTGAGTAACCACCCTTAGATTCATTACTTGGTACTCTTGGGGTGTTAGACCGTTCCATGAGTTGTCCAATGTACAAAAGCCCATATGTTCCCATGTGTCAGACCGTACGACAGTTAGGCGAGAAATTATCGCATACCGTTTGCTCAACTGAATGAGGTCAGTGAATCTTGTTTTCCCCCATAGACTATTGTCAATATTGTACATATGGAAGCATATCGGCTTCATGCCTTTCCTGGAAATAACATTGCGACCGGTGTAGGTCCTTGTATTAATAACCTATGCTGTTTATACGTATACAGAGACGAAATCACTCTATGATCAAGGGCTTAGGATCGAACGGCGAGTCACAGTACGCGGCAAGACAGTGCCGATCTAACTCCCCCATTTAGGGTGAACACCATGCTTTCTGAATTGTAGACCAAGCCAGATAGAACTAGACATCACCGATTCCATTCGGCGATACAGTTACAATTCTTCGAACCATTCAAGCGGCTAGGAGCGCTTATCTCCAGTTAAGGGGGCGCGCTGATTTAGTGAAAGTCGACAGTCAGCAGAACGAAATTTCCGCCTTAGGATTTGGCAGCACAAATTCTTTTAGAAAGGTTGCTTAGCAATCGTAGAGTAATTACTTCCGGTCTCCGGATAAACATTGAAATAAGAGCATGCACCGACTTGACTATTACACTTTGACGATGCGTCCCTGACATCCCGATAGGATAGAGGTACTATAGGGCGAGTTCGCACCCCCACTACGCTTAAAACCGAGACCGGGTAAGCTCACGAGAAAAACGCAAACGTCCAGGTGCATGCCGTTAAGCGGATAAAGGCACGTTACAATGACATACTAATTTACCCCGCATATCGTTCGACGAGCGTAATTAGCTCGGCTTCCATTGTAGTTTTAAATTCTCTCCCAGTCCTCTCGACGCCTTAAGCGACAGGAGAAATCCAACGATTGCTGAAGTCGTAACCCCGTGGTGTATGCCTCGCCGTTCATTACGTCATGGACGTTCGATTACACACCGTATGGAGGACACGTCTAATACAGATATTATATCCAAACATAGACCGCGTGGTTCAATAACGACATGTGTCCTGCGATCTCGCTACACGGATTCTTACTAACTGCACAAGGACAAACCTCCACATAACATTTAGAGACTAAAGACGTTGCGCAAAGCATTCGTCGCCGGTATTGTATACTTCTACGTACCAGTAGAGAGTCTATGAGGAGTAGTCATGGAATTAATTGCCTCTGCTATAATAGGAAGCAGGGTGCCCTTCGCATGCCTATGAACCCGTGAAGCTTCCAGATGCAGGGGGTTAGACGCAATATCATGTGTTAGATCTATCACTACGCTAGCATTTATCCTAAGTAACAAATAGCGCAAGTGCAGAG,1436,45.4,Escherichia coli
SEQ_727157,CGCGAGATAGCAACCGCAACCTCAAGTTTATCAATAGCGTCGGAGGGAGGACCTTATGTCTGAGAGTCCGAGCTGACAGCGCTGCTGTTGGCCGTGAAGCCATAAATCTGGCCAACTGCGGGTGAAAATACCTAACTAAATGATAGCTTGTATCCAAACGCCGTAACTTGTCTAAGCCATAATCCTTCTTTGGCAGAGGCCCGGACTCCCCTATAGCGGTCTCGTGGCGTTCAGACTGGCCTCATTCATTTAACGCTAGAAGAACATCCGAGGGAGTGGCATCCTACTGGCTCGGGGGTCTCCTCTGTGGGCTTTTGTATTACTCCTCAGCAAGCCAGGCCCAAATTAGGTAATCGCGTTCAGGAGCCACCTGTTAGACTCACGTAGAAACATTGATGGGGTAACCACAGCCAGCCCCCGCTACGTAAGAATAACCAAAATTCCGTGATAACTGTCGGGGCTGCTCCGTAACCGACTCGGATGGTCACCCCTCTTAGTTCCTGCCTCCACTAACTCACATGCTATCCCCGTGCCAGCTCAGTACAATCGTAGAGGGCAACAGAAGGAATTGGTAATGTTCGTTGGTCAACGTAATTGTTAGATCACTTGAGTACTTGTTAAGTACCGCTCTCTGCCAGACTCGAGACAGTGCGTTATGCAATCTCCTCCGCAAGGGATGGTAGTTGAGCGTCCAGACTCTTAGGGCGCCCCAGATAGTTTATAACTAGTCCAGGATACAGGGGCAATCGTCCAGCATAAAGGGGGGACAACAAAGTATTCTTAGCGCCCTTACAAAGCTTAAATATAGAGAATGCGTCCATAGGGCCCTTCTTGGGAATTAGCGGTAGAACTAGGTAGAGGCCTGACCACTCTTCAGACTAAAAAGCGGCTCTTTCCGGTGCATGACTGATTTACACAGCCATCATGGCAGCCAGTCGTGGACGTTGAGCATAGTCGACTTTGCTCGACAAGCAACACTAGATCATGCATTTATGACACTAGCAACCCTCAAAGGAGTCGCTGGAAGCTAGTAACCGTGGTTTGTATCCACGGTATTGGCCTCCTCACCATCATGCGAGGTAACCCTGCTGTTACCTGTTTAGATTATGCAGAACCGTCAAATTTCTGCCATATTGAAGGCGGGCTGTGCATAACCTGGCGTTGATCGGGCTGAATCGCTGGGTC,1185,50.3,Homo sapiens
SEQ_403523,TCCTAAGCGGGCACACCCGTTCAGCGTGTCCAATTACCTAGCATGTGCGCACCCTTAGTGTCTCTGGATGCACCGGATGACGTCACCGCCGCGCAAGAACCACTCTTGGTCTCGATGGGGGGCTCTGCTATTCGACTTGAAAACCGATTGACCCCTTCTCTGGTTGTCAACATGGTTGATAATCATCTGATTTCATAGCAAGCAAAATGTTTGGATGGACAGCCCTCTTCGTGCATGACGTCGTGTACCAGCAATCTACATCCTATGCACTCTCGCGACAGCTCACGTCTAGCTATTCGTCGCTAAAACCGACCTAGAGCGTAATAATTAGGCCTTCGGTCGTCCGCGGGGGACCTGGATTGTGAGTCTGCTCAACAGCAAGCGAGAAAACAACCGCCCTGAGTTTTCTAGCAGGGGTCTGGGGCAGGTGAATCACATAAGGTGTTGTTAGAGCTCATGGTCCGAACTATCAACTGTTTCCCTAAATCGCACGACCTATTGCGGGGCGCGTCTTCCCATAGAGACGAAGGCAAGAAAGACTGCGAAGAGCCGACCAATTCAAGTCACAACTTGCGTCTGCATAGGCAACCTGCCCCAGCCCATCCTCTAGTCTCCTTCTGAGAGGAGACAATCGCAATCGGAGATAGGATTGCATTTGCGTAGTATTGTATTTGTCTAAATCGCTACTCGCGCGCTAATTCGAAAGTGAGGAGCTCAAACAAGATGGGAGGCATTGCCGCACATAAGATCACCGGCAACTTCTTTACTGACTTTCCATCTACTGCAACAGAGCAGTTTAGACATTACCGAAGTCTCGCAATAAATCTCTAAGCTAGGAGTCTAAACACGTGCATACATCAAGCAGCTACTGCGGGCACACACAGCAAAGTATCGAAGTGCGGTGCTAGCCTATGCGTAGAGTTAGTGCCGTGTCTACCAGCGTGCCCCGTCCCAACCTAGAATATGACGCCCGAGTCATCTTAGGATTCGTATAGAGGCGAGTCTTCACGTCACACCGCATGCCGCTTCACTTCCTGCCTTAATCCCATCGTATGATGAAGATCAACGCGACTTCCAGGTTGTCAAGCGAATAAATCGTATTTACCGCGTCTGCGACCTACAAAGCCTAGTGCTGGGAAGAGTCGAAGCGTTAGGTGGCCGTTACTCCAGCGGAGGCTGCCCGACCAACGGGAGGGGAAAGACGTGGCTGACCATTATTCGATACATGGACAAGGGTCAGAGGAGATATTCGACCCTCCGGAGTGGAGTGGTCAAACTCCCCCTCCACATTGAAGCCTTTCCACACTGGTAACAACTTAGACCACTGAACTCCCATTTTTATCGCCTCTATCAGGTATTTACAAAATCACGAGTAAAATCGGTCTGAACATGAATAATTGTACGAGAATGGGTCATTCAGACGAACTTGAGTGTAGCACCGCACGCTACGTGGTGGGGCAGAGTGGACGTGAACCGCATAGCAGGGATTGTCTGTTACTCAAATGGCTCAGTAATGCACTTCACACCTTCCCTGATACTACCGATACGATACTCACTGCTGCCACAGTTAGGAGCATGTAAGGCCGGCCCTGGCTGTAGATGTTGGGTCGTACATTCCGCATCAGGCGCATGCACCCGAGGTTCATTAATCAGGGCTGGAAGCCCCGGTCAAGAGGTCGCGGTAGTTGGACGACTGGTGTCATCTGGCTTTACTACGCGCCCCTGCCATTTTTTCTGCGCGGGCGGCTAAGCTGTGTATCTTGTGCCAGGAACGATGCGGGGAATTGCCTACAGCGAGCAGGGACATGAGCGGCTCCCAGTAGCTAAGCTTACCTCAAAGATTA,1844,51.36,Caenorhabditis elegans
SEQ_746745,GCATAGGTTGAGCAGCCACATGTAAAGGGTCTCGCAATAGTCTCGTTAGGACCCAGTCCCGCTCGTATGTCCTATGAGCCTTATCCCAGACACTACCCTTATCTACCCAACAGACGAAGCTCCAAGAGCCTTGGGAGCGTACGCCCCGGCTGCATCGGACTAGTCAATGTCTGTATTCTACCTTGAGATCGGTAGTACCGGTAATTATTAGGTCACCAGCCAAATGCTTGCATTGAAATGACTCAATTCGAGTCGGGCGGCACGGGGCAAGTCTTGGAAACACAACTTCTTCTGTCGCTCTTCGAGCAGGATTTAGTACAGGCAACTCTTAACACGGCGGGCATGTACCACAAAGACAGAGCTCTTTGCTCAGACGGTGTCTGTTAGAAATGTCTTGATGCACTGGTTGACACCCCAACATTGGGATTACCAATTTGCATTTACTCAATTGCGACGGTTAGCGATCGGGCTCTCCTCTCCCACGGTAATACCATACCGAGGTAAGGACAGGCGACCCCCCAATCCAA,527,50.66,Mus musculus
SEQ_886553,TCCGCAACCAGGGGATAGCAAAGCGGTGACCTCTATGACGGTCAACTGCAGGCCGCTGGGTTGCTTACACTAGATCCTCTTCTGTTCCTGTTTTGCAGGCATTCTGGATGTCCTGACAGATTTACCTCGCGCCCAATTATATTCCGGAAGTGGTCGGCGTTTAAACGTTTTCAATTTAGAAAGCGTAGTTGAGACGGAAGTAAGGTGTTTGTTCGATGAAGTTTGCATACGGATGAGTTCGGGCGGATCAAGAAAGGGGCTTTATCGATTCAATCTACACAAACCTTCACTTGGAGGCTTCATTGGTACCCGAGGGGTTAAACAGTTGTTATTCCATAATCGAGAACACATCCTCCTCGTTGCGCTTGCGAGACTTGTTAATTTCCGAGTGCCCCTAGCG,400,48.0,Drosophila melanogaster
SEQ_917791,TAGAGTCGGACAGCCCCTACAGTCATTATCCCGCTCAGTACTGAAGCTCGCATATACTCGTAGTTCCATAGCTAACTACTCGAACTACGCAATATCCTGAGATTAATACCCGACTTTTCCGACGTCCGACCTTCACATAAGTAAAAACAGGGTATATCAACGACGGCCGAGAGTCGTAAGTGAGGTGAAGAATGCTCTTCGAGAAAATGCTGTGGCGACAATACTGCCTGGTACATTTATCACTATAGGGGGCGTAACCAACGCAAGGTAGACGGACGTGCGCCCTGTTATTCCGATGGGACTCAGGGCTGAACCATTTGATGACCTGCAGGTACTATCCATAAGGAATTCGGACTAGATCATAGATCGCGCCAAGAGAATCGAGCTATTAGAGTTCTGATTGTCTGCCGGATATATTGGTGGAGC,426,47.65,Arabidopsis thaliana
SEQ_250453,CCGTTAGATTCTCCTAGCTAAAAGTGGATGCGCACAATATATTAAACACGAGCCGATAGGAGTATGAACAGTGGGCTTCAGAAACCTCAGTCTGGCCAACGACGACACGAATATACCAAGATAGACGGCTCCACTCGGAGGAGCTTGTGGAGATTTAACACTCGCGGCCGGAATTCACCGCTTTCTGTGGATCGCGAACCATTGGAATTGTGGCATAATCAGCGGAGGAAGCGTCTATGCACTATAACTGTTAGGACCATCTTCATGTTACCGCATATCCGAACTCCGATACACGAGGAGTTCATCCCCCTGATGCCTTTAGGGCCCAGGCACTTTGGTGAAATGGTCAATGACGTTATTGCAGCGTACCGATCGCTTCGTCCGGGAGATAAGCGAGCACCCGTCTTGCAACCATCCCCCTCCCTCGTTAAATCACGCACGCGAATATCTGATTAGTTTGAAGCCATGGTGGAGCTGAGACTGATTCAGGAAACGGAAGGTCCGCCTGCTTTAAGGGAGCCTAGTATCAATGAGTCTAGACAATCAAGCCGCCCTAAGCATCAGCCAGACTCACACACGATGTCATACAAACGCATATTCGACCGACCAAGCAACGATAACCCAGGCTAGCATGTTAGAACAAGTGTTACGTCCTCTTGTAGGCATATTTTATATCATTCAAAGGAGTCGAACTGTGCTGATAGTAACCTCTTAACGACGTACAGGTCCTCATTACAAAAGTCAACGCTTCTGCACACGGGAGCACGCTACTTGGACAAGATGTCTGATCACTGTGTCTTCTGTAAGTGCTCACGAGCCAGGCTAAGACACACGGAGTGCCCTGTGTGTGAGGTTCTAACTTGGGCGGCGCTAGCCGCTTGTCGCTAGCGAACATAAGGGTTTGACATTGGCACCCGAGTATGACTCCCGTTGTAGATTTCTAGGAGCTAGCGTCAGCACGACCGCCTGCGCAGAGATTTTTTCTCCGCATCGTGTAGACACTAGGAACGTGGTCAAGTAGCTTTTCACAATGAAAAATACGGTCAGCCGGTGCGGCTAAGGATGTAACCGATTACTTTTAACCAAAAAGCCTCCTAAAGTCAGCGGAACCTCTTCTAGAGGAGTACGCATGGACTCAATACGTGCGCATAACTATCATCTAGCGTGTACGCGGGTACGTGAGAAGGTCACGTGCGTATCTACGGCAATACTCCCTCGATATGCCTGTACTATACATTATGATTGCTCATTTATGGGACAGACCTAGCACCTCAAGGATGTGTCCGAACACCTAGGTCAGCCTCTAGATTAGCTCTTATGAGCTTATATACCACTCTTCCTAGGCTTTCAGAGATACCGTGCACCTGGTACGCCT,1375,49.09,Homo sapiens
SEQ_120120,GTTAATAACTAAAAAGTGTCCTACGGTTCTGTGAATTGCGGAGTCGTCAATAGGGCAATGAGGGAACAGTGGGTGTACAATAAAGTTGGAGACTCAGAAGACTATCCAAACTCCTATCGATGCCCATTCAACCCGTCCAAACTAAGTACGTAGCCGCTCAGGAGGCATCACGCACGCTACGTTAAAAGACCACCCGAAGTAATATGCACACCAGGAGGAACTCCCCGGGGTAACTGGATGGCATGTAGGAATCGCAACGCGGTGGGTTATCTCGCAACACATATAGATTGACTAAGGGATTTACCCCGCGAAGTGATAGATGATTCCTCTCGTGACTTCAAGGCAGATTCACAACAATGACGCTCGGTCTCGACCATCCGGAGAACGTTCCAGCATGAACTGACCAATACCGGCGAGGGGGGTTATCCAATTGTCGCGATGCAGGTCACCCGAAACTCTCATACTATCCTGTGTCTTGCAGTACTACGGCAAAGTAGGGCGAGTCACGATTTCGACGTCACGCGCCGCACCACATCTCGCTTACCATTATAAAAGTCTATGAGTAGTACTATGCACTTTGCTGTTTAGGCTATTGTATATCGTATTGGCCTGGACAGGCATGGCAGCTACCACCTGATGAGTGCGAGCGCCCAAATTATCTATTTTACGTCAATAAGTATGGGTTCCCACATAAATGGAGAGGATCCGCACGCAGTGTGAGAGCTGCCACACCATAGTGGGAGCGGAAAATGGTTGATTTGATAGCAGGCCGCGCCGCACAGATTGTGGAAGAACTCCCCGAAACCACGAGTTAGGAGTCCGCACGCGTTTGGGTACATTAATACGCTGCTTGCGGCCTTAATAAACGGCAGACCGCATCTACTGTCCCTTCATCGGCACTGTCTCGCGCGTGAGGATTCACGACTGTGTAAGGTGCCTGCAGGCGTGGGCGATGTTATTAGAAGTCCCCTCCTCGATAACCTGGGCTCCTCGTGTCAAGCTAGAAAGCCCCGGCGTCAAGCTCCTGCAAGAGGGAGCCTCTAGAGCCGTTTGTATGTGGGCCCTTTGGAACTACGTGGCGTTGCAATACCTAGATAGTGCGAATGAACAAGCGAAAATCGGACTTAAGACAATAGATCCACAGCCAAGCTCGGGTTGTCTAAGGGCACTCACGGTGCTGCTTCAGATGCTGATCCTTATTGTAAAAATTTCGGTCCCTGGCGCGGAGGGGATCCGAGGTCTCGGTTCGTTAATCAGTCGGCTTCACGGTGTGCTTTTGTTCCTAGATGTCTGTGCGGTCACTAACGCTGCAGACTACTGAATTGTTCTCGAGATTGTGAGGAGAGAAACTCAAATACTGTCGGATTGCGCGTAAGAGGCGACGCCAATTTGCGACTAGTTCCTAAGCGCGGTCGTGTCCCCAACCGATTGTCATAGAACCTGTCTCTCGACGAGACGGGGTAGTGTGTTAAAGACGCCTGGGGGGCAGGGTCTGTGGAGACATTACAGTTTGAGGCTGGAACTCAATTATTCGTACGCGCTCTCGTTATGATCAAGGACCGGTATAAAAAACCTACACTACTAAAGCGGTCAGTGGGACAGTGGGTCTGGCACATCCGGGACGTGATGCTGATATTGTATGTGTTACGATGAGTCGCTTGCTCCGCCATGCTCCCAGTGCTCGTACAGCCATCAAGCGAGAAACACGATGTGAGGTGGTCATCCACGGCGGAGACACGTCGCTCTGCATTAATTCCCGAACGCCTCCTCAGTTGGTGTCACAATGCTTGAAAGGTACGCATCCTATGTTTTAAATCACAGTCGCAACTTGCACCCGCACCCCCCATCTCCGTACAATACTCGCAACTGTTTAACGATCATTTCTGTCCTGACTACATTCGGGTTGTAGGCTACATACAGGGGCCACCCTAACTCAAGTCCGTATGGCTCACGCAAAGGGACAATTCGAACCG,1973,51.04,Arabidopsis thaliana
SEQ_218423,GGCCTTTTCGTAGGCATGACCGATACAAAGCTGTGTTGGATAAAATGCATCGATAGATTCTACTTTACATGTGTTGCACGAAGTCGGACAAATAAACGGTTGCCTCTAAGCCCACTACTAAGCTTCGTTAGCTTATGAGCCACCCCCCCGATCTGTTTTATCTTACACCCGAATTCTCACACTTACCTACAGCATCAGGATCGTCGGTGGAGAAGGGGCTACTTCCAACAAACGTCAATTGCTGAAGACTTCACGATCAACGTTTCAACCCCCCAACTAAGATCCAAGGCTCTAGCTTTTCAGGGGTTATTAGATCGGCTAAGGAATTGTACCCAGCCATTTGCGAGCGACTTAGAGGAAATCTAAAAACCTTAGATTCACCGAATGTAGTCCACAACCTATTGGAGTGTGGATTTGATCGGCATTGCATTGGAAGCTTTTGAAAGGCGCGCCCACATCTCCATGGCCAACTGTGTTGTGGTAAGCAGCCATCGCGTGAGTGGTCAGGGGTCCTCAGTCGCGACCGCTACTAATTACCCCGACTCCTTTAGCGTGATGAGATGGCGGTCATGCTTTCGTCCACCCCGTGTATACGTAGGCCTCCTATCTGGTGTGACTTTATAACTTGCATCGCCCGGTAGCTTCGCCTGGGCATGATAGGAGTTTAAGGAAGCTTCACGGCTGCGTTAGCACACTTTCAATTTAGAATGTTGCTGCATATGCGACCGGTAGTCAGACGGTTTCAGCGTTTGGCCTCAATCATCGGCCGCTCTTGTACGTCCACCAACATGTTGCAGCCCAAGACAACGTCATGTTATGTGACCGTAAGCAAGCAGGAA,839,48.87,Arabidopsis thaliana
SEQ_179042,CTCAAGGAGTTCCCAATCACGTAACAAAAAGGAGCGGCGCACTGACGCCCATGGGCTCGCCTCTCGCCACGTAACCTGTCCGCTAGTCTTATTCCTCGCGCGGATTGCAAGTCGGGTGGCATATGTAAATATGGTTCAGGGTTATCAGAGGAAGGGGCGTTCAAAATACGAGGTTGGTGTGTCTCTTAGATGTAACCGGCTCCGTTAACGGGCTAAGTGACACATAGCTACCATGGGGGGTCCATGCGAAGGCGGGTTATGATACTATTATAGTGGTACGCAGTAAAAGGACGTGCGTCCTGGCCTGGTAAGACATTCGTTTACAGACAGCAGACCTCGATACTTCGTTATACATATATATCCACACGATATCTCACTGATC,382,50.0,Homo sapiens
SEQ_509548,CCGCACTTTGCCTGCAATCGCGGATGCAGTATGACCCTCGACGATACAGAGTATGCCAGGTATCGTGAGGGAACCTAAATGTACGGACCTACAAGCCTGCCTGGCCTGGAGCATGTCAGACCCAATTCCATTTTTATCTCTTATCTAGACGACACACGGCCATAAACGATTTAATGGCCAAGGTCAGCGAGTGCACCCACAAATAAAGGACGATGACGCAACTCGCTGATCATTTAGCCATGACTCGTAAAGTACCCGTAGTGAGCACAGACGTTCCGCCTTTGGACGTTCCCCTGGTTGCTTCGTGGTAATGTATACATTTGCATCGTACGAATCGAGGATTATTTACCGCATGTCGCTTCTAGTGCCTTACTGAAAGAAATCCGATTCGTGTCCATGAAAGCCTCGTGTGGTCTGAGGAATTGAAACGCTCCGGGGCGTTTATGTCGAGGTATGAATGTAGAAACAAATAATGGGCGAGGCTGGTACAATGTAGCACCTGGACCCGCTTTTCATCACCGATGACGGGTACTCGTCCGCGAATACCAAGGGCAGGTGTCATTAAAGTCTTCAGACGATTGAGCGTTGCTGCTAGGGCTTGAATCACACCTGTCTCTTAGGCTTATGCATATAAGTGTACGGTCCAAAATAGACTGATCGGTTATCTAGCCAACAGGGTGGGCGTCGTTTCCTTTTGGGTGAGTATTAGCTCCGACAACAGGTTCATCGCAAGACGATGAGCACATTGTATAGATGAGCTTACAGTGGAGGACAAGGTCCAGCGACAGGTTGAGATTCGGGGAGATCGAAAAGCAAAGTAAGCGCTCTTACGCCCTTGTGGGTTGCGCGGATCCGAGTAGCTAACAGCCTTAGTGTCATCTTGATGGGAATCGAGTGTGAAAGTGTTAGCGAATGGATCCCTCTTGACAATGAATCGAGCGGAGGCGCGCCCTCCGAACACCCCAATAGATGAGCCTTTGGCTCAGTTCCCGCCCGGAGACGCGTGAGTAACACAGTGCCGTGGAAGACATATGGTCTGTAAAACTGGACTGTTACGAGTCTCGGACAGAGCCGATGGACGACGGGTAGCCTTATTACCGAGCGTCCTATTGCTACCAACG,1121,50.31,Caenorhabditis elegans
SEQ_919921,CAAGGCCCTCGGTTGTGCTGTCCGACCATTGATGTTGATCGGAGCCGAGACTCCGAAGCGCCTCTTTTGGTACAAGATTAGTCAGTGAGATCCTGGACTGGGGCCCTGCCAGACAGTGCTGTGACTCACCAAACGACGTTGGGGTTCCTGAATAATTCGAGCTCCGCGTAGTCACTGTCTCATGGAACTTACAAAATACCGGTGACGCTGCGTGAGTGACCGACTCGACCATGGGGCCGTTCAGCCAACTATATCCAATACCAATCACGGTCTAAAGCAGAACACGATCGATCGGACCGGCAAACAGCCGGTCAATCGGCGTGGCCTTATTAGCAGCATTAATGATTTATTGCTTTGTTCTTCACGGTAAGCGGTGCCGATAGCATGCTGTCCTTTGTACACTTCACATCCTCACATGTCGCCCACCGGACGCACCTGCGTGCGCTTAGAACACAGGTAGACCCATCTGACGTAGGTGCATTTCTAACTTCAATTTTTAGCGACAGGGCTCGAGGTCACAAACTACTCTCGAAAGTTACGCGAGTCCTTTTCCATGTCAGAGTGTTCATCCAGATAGGATTTTTTGGCCCACAAAATTTATCTACAGCTACTGACTTGAGCCTTGACCGGCGTTCTAATAAATCAGAAAAAATCGCGGGGCAAATTCAAGGTGATTTTAAGCGTATTAGGGTTGCACAGAGGAGTAATGTAAAGTATCAGCCTAGAGCTCGCAGATACTACGCGCTCAGGTGAACCTTGTGATGCCTCCATGATATTATCACCATAGGGCAAGGAACCGCTAGTTCTATCGGTCCGATCTCTACGTCAACACTGGTACCACGTGCAGGAGTACCAGTTACCGCAGTTTAAGTTTACAGAAGGCTAC,886,49.32,Mus musculus
SEQ_425447,ATGTCCATTCACTGCGCCTGGTATTCACCCTATGGTCACCTAGGGTCTGTTTCTACTCGCGTTGAGCTATGATCCGCCCGTCCGGACGTAGCTGGTATTGCTCAATCCGGAGCCATCCTAGGATGGGGGAGGGGATATATAGAACAAGGCTGATATAAGTTTCTTGTTGATAATATAGGTGAGCTCGACTTTACCCGTTAATTGGTCGGGGATGCGGAGCAGTCACGTCCTGGGCAGGGAATCTCGACGGAGCGGTCGTTTTTAGGTACAGCGAAGCCGCTTACACTAAGTCGGTCA,297,51.85,Mus musculus
SEQ_528300,AAACCTCCGGTACCCCAAGTATGGTACACCGTTTCTCATGAGTGAGGGCTGACTAGTGAGCCCCTTTGTGCATCTGCGTCCCATACCGTGTGCACTACAGGGCCGTGAAGGTACTCTCGAATCATCCGACCAATTCGTCTCAACATCATGGTCAAATTCCGCTCGTTACCCAGATTAAACTTAAGAAAATTGACGGAGAGTCGGTGGCCTCCAATAAATAGATAGCTCCTTACCGGGGTCTAGTCTAAGCAGGCTATTAATCGCGCGTCCGGTCTTTTTTACCATCTTGAGGTTTCGTTATTAATGTGCGTAGACGTGTGCTGTGGACACAAACCTTGACGGTGTCCTCGGATGCGCTAGCACCCCGTCATGCTCAACTGCAAGTTTGAGGCTAGAATATAGTTCGTATCTTGGCGCACCGCAGTTGCAACACGTTGCGGGTTACCGGATATGGAAACTGTCGACGCGCGCGATGGCACCTATAACAGTCGCCGACACATAGATGACCTTCCGAATTTACCATTGGATCAGGTTCTGCAGCTTTCTTGCTAAATTCGATCTGATTTCTATTATGGTCGGCGGGCAACACAACTTTTGGATGGCTGCTTGATATTTGGAGCTTGTTTTTTCAATCTGGCGTTTCGGTCCATCCATAACCAGTCTTATGTAAAGAAGAAGATCTTGTAGAGTACGCGTGAGTTCCAGGAACGCACATTCTATTTGCGAGGCAAATATCGGCCGCAAAGCTAAGGACCGCCAGTTTAGGAAGCCTCCATTAGGACGCGCCCACAGACGTGGGCCGTGGCTTGCAATTGTCTTGTATCGGGCTGCCCATAAGCTTTTTTCAACAATACCCGTAGGATTTGGTCGCGGAGCAATGAACATCCGGCTCTGGCACGCTAGAGCTTCGTGCGCCTGATACCTGATTCAGGACGTATAGTGAACCTTTGTGCTCATCTCGTTTCGAAGTTCGTAGACCTGTGTCACGCGCTTAAATATCGATAGGACTCAATGTGAGTCACAATCGCGTACAACCCGGCAGTACGTAGTTACGCGATTAACGGAAGGGAAGATTGGTAACGCCGACGTTGGCCCTCTGGCCCCGCTATCGCCGTGGGTATTTCAGTGATAACCTGGTCTGAGCGGGACCACCTAACAGTAATGATAATTTCGCGCCTATTAGGTGCCCAGTTTTTATTTAGGACTGAGTAACTATTCTTTGAGTTGACTTGAACTCTTCTGACCACGCGCCGTACTTCTCATACGCAGATACGAAAGTACCTAATCCTGATGCGAAGAA,1300,49.0,Mus musculus
SEQ_603184,AAGCGCATAATGGTTTGGAACATAGCAGACGTCTGGATCGGGCTCCAATCATAGTAGACAGAGAGTCCACTAGTACGGAAGCATTATAGAGTACCCACAGTCCATCCGCCCATACACTGTCTCGTAGCGCGTGTAATAATCCAGTTATGACTTCTGGGTTCATCGCACTATTTCTACTAAGACTACCGGCCTCTGAAGACCGTTCACAGGGTT,213,47.89,Mus musculus
SEQ_394431,TCAAGAGCCGTTCAAGACCATGAGCCTTCGCATATAAGGATGATCGAAATTCCACTC,57,45.61,Drosophila melanogaster
SEQ_430578,TGGTAGGCGAAATTATACGCAGCTCGCATCCCGCCACTTATCTGAGCGAGTCGGTCCTATGACGAGATCCTAACACCGTTATGCTTACAGGAGTTTGAGTTGCAACAGCTTCTTCCAGTCCTATATAAACCAGTCAATG,139,47.48,Caenorhabditis elegans
SEQ_242103,ATATGGCATCTCTAACGCTTGGCAATCATAGTTAGCTTTAATCCTCCGATGCACTGTCAACCATACAGAATGCCTAATTACAGCATGTGGCAGAGGTTTGTGCATACCCTGGGCGGCGGTCAAATATGCAGAGCATCTAGAGGAGTAATATCGGATTTGTCCCCCTATGGTTATACTCTATCTATTTGTGGATCCCGGCTCGCGAGTGGATCAATACGTAAGCTCACTCTAGAGTGCTAGCAGTATCGTGAATGAACGCTTATGGCACGAGACCGAAAGGTTGCCCATTTAGTTTTGAGAAGGGCGGCTACGGCAAATAAGGGCGCATCTATAGAAAAAAGACGCTTGTATGACTACTAGGTACCCCAGAAGACTTAGGCGATGCAATTCCACTGTTCTGCGAGAGGCCTCCTAATCCACTGAAGTACCGCTCTGAGCTTTTATCATTCGATGCTGTATTGCTAATCCGAAGAACCCAGGGGCTAGTCACCCACACACCCCGCTCGTGAATTTAACAAATCGTGTTTAGGTGAGTACTATTGAACCGAAAAGTACTGGCGCTGGTCTTCAACACCATTCACTCAGCTAGAGAAGTTGACTTCCCACATGACCGGCTCGGCAAGCGAGCATCTGGCGGCACTAATACTTTCCCCCGTAATCCGCCTGGATCCGCCGTCTTAACGCGGTACAATAAGACTCGTGATTGCGTAAAGTATGTCCTACAAACAAACTGTACTGCCTTTATAAGGGTGATCCTAAAGCCGAGCTCATTGCAGCATTAGTAATCTGATCACAACGCACCGCAGTTAATTGGTGCTCTACACTACCGATAATTTTAGGAGTTTACTTTCCGTGTAAAAATACTAAGCTTGGTGTCAGTTCCCGGGGATTTTGATTAATCACTGAAGGATTGCCGGAGCACTTCTACTCGCAGTGGGTCGCCAGGTGTCTGTCTACGAGCTCCAGTTGTCATTAAGTCGTCCCGTCTAAACTAGCCGGCTTGGGTCCAGTTCTCTAGGATCCAATCGTCCTCTAATTTTACCGCCCTTTTATAGCGTTTCGTACTGCGTCAACATTTAATCTAATGAAATTGTGCTCCGACCACTGGTGCTTTCGGTACGAATTCAACAAGGGGCTCGTGTAATACGACCCGGCCCTCACACTTCTACTGGAGGATGGCGAAGATTGAGTCAGCCTCCTGAATCATGAAACTAAGGTCCGAGTATTCGGCCCTGACTGGTACATATGTTAATTGCTGAGTACAATAAGTCCAAATTATAACGTAACACGTCTGGCTGCTATGTATTTAAACCGAGATATATCTACCCGTAGACATTTTTTAGCATTGAGTGCTGTAACCGGCATCTGCGTTCAGCCCATCTGTATATGAACAGTTTCAGCCCTACCAGGCGTACTGTGGAAGGCGCACCCTCATGAGCCTGACGCATGTGCCACTACGTTCTGGAGAAACTGAGGCATGAGTCGTACGCGAGTGCCACACGGAAACGCGGAGAGAGTCTGGCTTCGCACAAGCGCCCTATTGTTCGTCACGGCTATGTTAAGAGCGGACCGGCG,1575,48.0,Escherichia coli
SEQ_511973,ATGCCCCTGTCACTTGGGCTGATCGGTTCTGTACCGCAGATCGGATCTAAATGCCTGGCAACTTGCTAGCACGCCGCATTTCAGTATATCCTATGTTGTTACCTGGGCGTATACACTCTGAGCGTTTATACGCTGAGTCCTCCCATAATGACAGCCTTCATTACGTAGAGAACGGTTCTATCTCGCCTGCTAAACTTTGTTTGGAATCTGCGTATAAGCGCTTTGGCGCTTGCGACCTTCTGTCTGCAGGGCTCGTTTCGCGTCCCTGACAAAGTGCACACTCAAAGTCAATTTTCCGTCGCGTCGGTTCGGTAGGGGATGAAAAGGCTCACCGTACCCGCTTTGTCTACTGGATGCCGGCTCTGCGCTAATTGAGCCCAAGCTGCGTTGGTTCTTCTACGAGGGGTGTCGGGAGGAGGCCGTCTGCAATAGCCGCTGGACCTCGATTTGCATTGAATCACATAGGTCTTCGCATAGTGAATTATTATTGTACCATTACAGGTTTTCCACTTGTCTAGTGGACCGACGGAAGCCCTATATTACAGCTTCTACCAGGATCCAGTATTTTGTGGGGACGTGTGCGAGATGGGCTGAACCTAGCGACCCATCTGTCATGCTATCCGCGACGAAACCTACAGACAGATCCGGGAAGCGACAGTGTGAACTGGCTCAGCCACGCCAAAGACCACAACGAATTACTCCTTCCCGTTATGGAAAATCTACGCAGAGGCTCACAACACGAGGAGCATGGAGGCATGAGCCATTGAAACGAGAAAAGTGTGTGACACGTGGGTCCCTTAGCAAAAGATGGGGGATAGCGTCTTTGCTGCTGTAGTGGCCGAAAAGGGAAATTCCCCGCCTCGGGCCACCTCTTACTCAAGTGAGCCCACCACCTATAACTCGACTTTCGGTTATGATATCTGCAGTCATCCCCAGTCTCGAAATCCTCTCAGATGCATTCGGCGGATGGACATCCCGTCAGCGCACCCTTAGAGCTAGCAAACTTGATTGTCGACGACGAGAGCCCCGGCGGCATGTTGTTGTCTGGGGGATTGACAGCAGCTGGGCGTTTCTGGAAACTTTGGGGGAGCCTGCCAACGCTGGAATTTTTCTATGCGGCCAACAGAGCCCTAAAAGGCTGCAGCCCGAAGAAATCGAATCTGCTTCCGGTGGAATGGACTTCCGAAGAATGTCGGGCTCACATCACTGAGCATATGATGAATGAGGAGTGCTATGGCCCTCGATCTTACCCAAGCGGACGGCCCCAAATGACGACGCTCTCATCGTTAATGCGTGTACTCCTGCACATGACTTGCCGATTAGAAGATTATAGAGGACTACCCGCAGAGCTGCGTTGTGACCGCGATGACTCAGTTTCGTCCGAGTAAGGGGCGCCAGATGTTCAATCCTGTGCTGAGGGAGACGACGGAAACTGTCGCGCGACTATCGGTTCTCTATCTCGTCACTATACTCCGCCAATGTCTGATTGTTGCCCATCGGATTCGCCTATGTCCAAAATGTATTTGGCACGCTCTGGACACATCATAGAAGAGGGTGACCCTATATAGTGCGGGGTAAATCGGACTTAAGTCAATACAGACCGAAATTGAACCCATCAACACCGGGATAGTTGTCGCTACAACCAAATGGTAATGGTTTCGTAAAGGGCAATAAACGACCACCAGCTCTACGTGATTCGGTTTGAGTGTAGCTGCAAGTAACTAAGCGACCGCGGCAGTTCTAGTATCAGTGCCAAGCCCGTGCCCCGTAGTAAGGCCCTCGCATTGGGGGCCGATACTCGAGAGTAGTGTCTCGATTGCCCCCGAATGACAACCTGTCTTTGACGAGAGCAATATTGACC,1861,51.8,Homo sapiens
SEQ_882449,GCCCACGCCAGGTATACATCAGGGCCGGGTTATCCAGATGAGACTAGAGTTATCAGCCGAAGGTCGAGGTATACTGACTAATTTGAGAGTTAACGCAGGTATACACTGGGTCATCGAGACTAGCCCCACGCAGCTGTCCCTCTTGACCTGTTTTACGAGTGGTATCCGATTGTCATTCGCAAGTGGGATAGGATTACCGTCTTTCGCCCGCAAGCGTAATCGACAGCGTGCTACAAGATTCCGCGGTTACAAGT,254,51.18,Drosophila melanogaster
SEQ_159417,TAATCTGTTCGCTTGGAACTGGGGTTAGATACAACAAGTCTTTTCGGGTGGGGCATAGTGCCCGAGAGCTATGGACTTGAGCCGTTGCCCAAGTGTCATGTAACTAGTGTCGCGGGAAGCCTTGTCGCAGGTAACTTATACAGCTATAGGGAACCGGGTGAATTACAATGATGGTCATGTCCGAAGTAGTCCTATCCGGCTGACAGGACATCGTGGTAACACGTTCTGCAGCGTGTCCCGTTTGGTAAGGACCCAGCTACGTGACTCGGCGGGTTCATGTTTGTGCAGTGTGAAGTCACACGAGAATCCCCCGGGACCCGCCTTCGAGGATCCTCTACAGACCCGATCCCCGTAAACGCATCTGGAGCAGTCCAACTGAATCAGCTCTTAGAGGTTATTTTTGGGGACTGCGCATTGTTTAGGTCTTATATGGGCTTTGACGGTGACCAAGTGTGTTTGGAAACTCTATAATGATCTCCACACGCTTCAGCCTGCCCTTTTATAGTGCCTAAGAAATGCGACAGGCAAGGCGCCCTTGGTCCAACGTTGCGTGACTGTGACTAGCTTATTCAGTGAGTGGATCGTGTAATGCAGCTGTTCTACGCTTCCTAATACAGCCGAAACCCATCGGATGGAGCAGAGGGTTCTTTCAGTGTAATGACGTTCAGCAGCCCACGCAGCAAAATTTACCGACTGTGAGATGCCGTAAAATCCATCGAGGTGGAATCTCTGCTAGTGTGGTAGGCTGCCCGTAGATTAGCTGAAGTTGTCAATTGCCCCGGTAATTGTACTGAAGCGTAGCTGCCGACCTGTATCATAGCTAGCAGGTCGCGATTTTAGTGCAATGAGCGTCGCCAACTAGGGCTCCAAATCGTAGTTGAGTGAGGAAGCACCGCGACACCCGACGCGGTTTGGAGATCCCCCTTCAACGAACCCTAAGTTTATAATTACCCCAGGCAAGCCGTGATTGTATAGCGTCATCGTAGTTCTACAGTGAAAGGGAAAGGCGCCCTAGGTCTCTTCATGCTTTTTACATGCGTGTGGTGTGGCGCCATAACAACCTCCGCCGGAAATTGTGCAAAAAAACGCTTGGGTTTACGACGAGCTGCCGTGTCTGTTGAGCCATAGACTATAAAAGTAAGTCCCAATGCCGGCAACCATGCGTATATTAGCAGAACATCTCACTGGTAGTGACGCAAGACTTGGTCAAACGTGCAGCGTGACTGAGTTCTGGTACTA,1239,50.44,Caenorhabditis elegans
SEQ_819960,TCATTACCACACCATTCGGGAATAGCCCGAGGTTTAACTCAGCAGCTCATCCATGCTGTAATTCACGCGGAACCGC,76,51.32,Caenorhabditis elegans
SEQ_411810,CTGAGGCACCTGCCTCCTAATAGATTTTAGTCGACGTAGGGATTCCGCAAAGCGCGCCAGACGTCAGACCATAGATTTGGTATATGGAAACGCCAGCAACGAACTTTCCAAGGAAACAATGTCTGGCTCCGGGAAAACATACCGCCAGCGAACATTCGAGACCCTAATATTGAGTCCCCCCTAAGAGACGTGCATGTGTGATGGCCCGCGGGATACGGATACGGCGACCTTTTTATAAGTTAAACTGGTCCTCGAGCAACGCGTTCTATCTGTTGACGTTTCTAGTCTGGATATGTGCCTCTATTGACTCAAACGATTATCACTCCGTGAATCGCGAAAGAACAATTAGGGTTAGCTTAACCCAAAGGCTACAAAGTTACTGTATTTAGGAGAGGATTCTGCGGCAGAACGCCCCGGCCACGCTCAAAGACACACGTGTGCAGACGAGTCGACTTCAGTTTGTGATACTTTAGTCTTGCGCAGCTCGCGGAGTGTGAAGTTATTAATAGAGTAACTTTTGTGACTAAGAGACTCCCGTTCGGTCATCGCTTGCGCGAAGTAATACCCGCTGATGGCATTCACGTAAGGAAGGTCACTTGGAGCGAGGGGATGTGGGTTACTTCCCCTTTGGAATGAGAGATACTACTCGGGTTTCCAGCACAAGGCCTAGATGGGCGAGTAGGGTAGTTGTCGCTCTTAACCGTGCCTGCTGGAGGAGTAACAACTTGGGCAAAGCACATTGCTGCGCTCTCAGGCAATACGGCTGGATATTGCGTCATTACACCACCTTAGATAAAGCTCTCATGGTGATGAGATTGATTAGGGGTAATATTTCACGCCTTCTACGGCAAGCTGTGCCTAATGTTGAAAGCTGTCACGTGCATTCAGAGAAATTGAATTATATTTAAGTCAAGGAGTATACGGTGCCTCTTCTGGGGAAATCTAAACTGCGCCTAAGATCAGGAGCGAGTGCTTGTTGCGGGACCAGTTCTATCCGAAAGGTCCCCCCACTCGCTCGGGGAAGGATCTGCCAGAGAGGCACTGGTGCAGAACCAGGTGTTATTAGCACGACTGCACCTGTCCACTAGTATGTAAAGACTCTTATAGCCGGAGGCAATAACAGACTGTCTACTACACGCTCAAGGGCAAGACGTTTGTTTCGGGTCAAGACGTCGACGGGGATTGCAATGCAGACCAAACCCAGCTTATCGCTGTCTTTGTCCATTGCCTTATACGTTGAGTATGAGTCAAACGCCGGCTGAACCTGCGACCTGCATTAAATCCAAACGCGGCAAACTAATATCGGTTACAAAACATCAACCAAACCTGGCGTTCCAGGCTGCCTCACGCAGCAATCGTCTTCATTGTACGTCCGACCGAGCCCATGGTGTCGGCGTTATCGGTACTCTCTTGAGAGTGTTACTACACTCCGGGCTAGTTTCGCCAATGAGATTACGTATCCTCAATTCGCTTAACCGTATTAATGACAAGACTTCGCTTCTTATCGTTGGACACACCGACATCGCACCGCTTACCCTGTAGAATTAAGCCAATCAACTCCGTGCACACTCTGCCCTGTGCATCGCTGATACATGT,1596,49.19,Escherichia coli
SEQ_301137,ATGTAGTGACTCGCAACAATAGTCATCGGATCACTATAGCTCTGGTACAAGAATTATACCCTATCGCCATGTGGGAGACGGTCGAGTGACAAGCCTAATTCACACGGGACTTGCCTGAGAACAGCCGGACTTAGCTAGGGATCCCGGCGCTTCAATAACCAGCCGCGGTATCAATGAGGTACGGGGGCCCGAGGTGCGATTGCCCGCCTGGAAGCGAGACGGTCAATATCGGAGAGACGGGTAATGAGGCAACTCTGCTGTCCGGACGTGAACCGCTGAAACTGTCTTTTGTGGCCCAGAAGACTGGGTATATAGGCTCCATGCTCCCAATTAAGATCCCAAGAGATTCGTCCCCGGACGTCGCGGTGTACTATGGGTCAGATACTCCCCCTATGTGCTGACAGGGTTCCCATATTACATGACCTAGCTGCGCTAACGATCTACCCCGGACGATGTAGCATACCGATGTATGAGTAGTGTCACTACCCGCCGACGTTAAAATCAGGTACAAGTTGGGGTCACAGTGTACACCGCCCA,537,53.26,Saccharomyces cerevisiae
SEQ_235979,GGGGAGTGGGAGAGCCAGCTCTTGCGTTGCTCGTAGTATGACTGGTAACCCCTGAATAGGCGTCGCGGTGTCTAATCAGCATACCGGAGGGAATGTCAATATCGTCTTCGAGTACTTGACCGTCGCACTCTACCTCTAACACAGCTACTAGTAACCCGGGTACGCGACAAATCACGACTTGTTTGGCCGTCTTTAAGCATCATAGCGTCTGCGGGAGCTACGTCCAACTGAGTATCACGGCGCAATGGCTATCGATGCATTACTGAGAGGGACCGGGACACTTCCAAAATGGTTATAAATTGATGCAACTAGCCACGCTTGTACTAGATGCGTTGCAAGGCATAACTCTCAGGCGTCCTGACCGAATAAGACCACTGCTCGCCGTAAATTCTGAGTCAGGGCCCTTAGCAACAATCCTCCATGTTTACTAAGTAGGTATACAGTGTACGGGAGTAATCCAGCCCGACATGCAGAATAGCAGAATGGAGCCTTGGGCTTAAACGATCCCCGGGAACTTTCCCGGGGTCATCCCAACCGCTTGTTGTACCTCACCCATATCAAAAAATGGATACTGTTACTGTCGCGAGAGTATGATAAGATGGGCCTGGAGGATCACTGAGCGTTGATGTATGGGGCGCGATAACACCATCTGGTTGAGTGCCGTATTATACGGATGCATCTCTCTACTCTCAGGACACGGCTGTTACTCCTCGAACCAGATTTCTTCTATCGTCTGCCGACTCCACAGGGCTACAGCAGAACGCATCTGGCTCCCGTATTGTGCAAAGAATAACGTGCTAGCGCTCAATGCTACACCAATGAGTCTCAAGAGGTATCATCATAATACCATTCCCTTCAGTTAGATCGTTGCCGCGGTATAGACGCGATGCGGTGACGCGACCCTGTTCTAGGGCGCTAGTCGTCACACCACAGTATACGTCCTCCATACGTTCCGTTGGGGAAACATTGCAGACCCTGGGGAAACAATGTATTATTCGAGAGGCTTGTTTGTAGCTCGCACTGACAATGTATCAGCAACGAGGTATGCAGCAGCCGTTGGCATACATATCCCCTTGGTGTAGTTCGATACGACACTTCGGCAATGCCATACTCAGCCTGGCCTGTAACAACGGTAATCGCGCACCCATAGAATTGTCGGTTGGAAACCTCCGCTTTGCCGACACGAAAGCCTTTGGCGGTCGACATATTACGAGGTAGAGGCCTCATGAGACTAACCGGTCCTTATCTAATCCCCGCACGGAGGGCCGAGACGTAAAATAGATAGATAAGTACTTCCGGACCAAGTGGCCTCGGCTTTTAGAAAAAGGTTGCATTTTCTCCTGCGGAGCGGGTTAAAGTGTGTTTACGTGTTCTTCGTTTGCTGTTAGCCGGGAACTTCATCGGCGATTCTTATTTCATTTGTCAGAGTAATCCCGAACCCTCATGCAAGGTGTCAGGGAACAATCTAGAAGACCTTCGAACGTTGCGGCCGGCGGCGCTAGAACTCATTCGGGGAAATCGGTAGAAGCAGTCTTTGGCGCACGGGAGTACATGACTTCTATGGTGGTCAGATCCAACATTTAGTAGACATACTTCCAGATATTTACAACATTCTGGATTCTATCTTTGGCAGCTTATCTCACGGGGGTCTGAGTAATGTGTTACCCGTATGCCGTGGGGTTCACGTAATCGGGTTACTATAACCTCTTTAAGTCCCACT,1720,49.83,Escherichia coli
SEQ_956180,TCCCACCTAAGAGATGTACGTATGGTATCAAAGTCGGCGCCTCTAGCATGACTCGTCACAGAAGGACTAGTAGTCTGAGAGAACACACGCAGGGTTCGCTCTACTCGGTGAGTAGGAGTATTACAATGATTTCTGCTTTTTGGGATCCTCCGCGGCTTTTTTTAGAGACGTCGACGCGGAGGTCAAGTCGCGAGCGGCATCGCGGTTTAAACAAACACGATATCAAACCCTAGGACTTGAATAGTTGTGTAATAAGGTTCTCTTTAACGTCTTAACTTAGACCCTGCAGTGGATCAAGGCGCCATTTCCAGCCAGTTACTCTAAATAGCCACTCTACGGGATAATATAGCTGTAACATGGTACGACGGCTGTCAAGCGCCGCCAAGCCTTTCTTTTATAGTGACTACGTTTTCCAAGCCTCCTGAACACCAATTTCAAAACGTACGCTTTGCGCTTCAATTAGCGCGAGGGGGACGATCTTTCCCAGGCAGCTACTAACGACAATTCGGCTCTCACATAAGAATTCACACTGAAAGTAATAGGACACCGATCAGAGCTCCCGAGTTGAATGAGTTACAACTTACGTTCCACACACCAAGAAAATTTCGGAAGTCGGCAAACTTGAACGTTTGAGCGCTTTTCCGCGGCTGCCCCAATTTGATTGGAATGAATTACTAACGACCAATGCAGCTGCATGTATAAGTCCTCTCTTGCCTTTGAGAAGGCGCCTCATGCCACGGGTCCTCTGGACAGGAGTCAAGCGAAACCAGATTCATCAGGTATCGCGTTTCACTACCATGCGGGAAGTGTCTCAAACGGGGGTTAGCTCCTCTGAATAGTTTAGCTCGGCCCATTCGTCTAAACAATTTGGGAGCTTCGCCAAGCTGGCTGCTGGTATCGTGAGTTACAATTCGACGACTTCAATGAGGTGAATTTGAGCTCGAGACTCCCATCCCTTCCAGACGTTGAGTTGGAATCGGTTGGTGGTTTCACCTTGTTCTTGGTTATGCGAGGCGATTACTAGTCACATTCAGAGGTGTGAATGAGACGATGTAATCACCCATTATTACGATTTGCTTCAAAGATCGCAATATG,1095,47.4,Mus musculus
SEQ_611218,ACTTGGCTAACGCTGTCCGCTCCAGCGAGCAGAATAAACAAAATAGGCCACCTGAAGTGAATTATGTGTCGTTTGGAGGTTGTAGTTGACGCTGCCTTCCAGAAGATCCACGAGAATGACATGATTCGAAATAGAGCGGTGAATATTTACTCACTTTGTCCCCGGCTTCCGGGTACCAATCTACTGTACCAGGTTCAGTCCCACGGATGAATATGAGTGGCATTACTGCTGCGCTATGTCGGAATTCGTTTCATCCCCTGGTCAACAACATGAGCTTAATCGAGGCCGCACGACAGCGTTCCTTTCCTGAAAAATGTTGATGTATTTGGTTACTGATCGTGCGGCCAGGTCCCCCCGTCGGCCTGTACCTGTCCCGCCTTTCATCTAGAACCTCCGTATTGGGACACTGGAAGCATGGTGACACTA,426,49.77,Mus musculus
SEQ_640082,GAAGTGGTCCCCCTCCGTGAACTGGTTACGGGGTCCTACCTACATAGGAAGTCTACCCTTGCGCGATGACCTGGGCTACTAGCGCAATAAGCCATAACGACTCGTTACGTGCACGCTTTAAATCGCTGCCGGCGATAAATAGCAATAGCTGGTTGACCTTCGGCCCCCAAGACCGGTCAAGATGGTGGCGCAGCGTTCGCACAGTAGTGCTTAAGGGATGAAGAGGTCAAATTGCTCATGTTTTTAACTTTGTGGGCTAGTCAAGGGGATTCCAAAGATTCCTGTCAAGCTTTATTCTAAAAACTATAGAGCTTTCTGTAGCGGAGTAATCC,332,49.4,Arabidopsis thaliana
SEQ_593600,ACAGCAGTCCGCCTTTCCCGCTCTGCTCGCATGCGCTGTTCAGAATGAACCGACCCACGTTAGGACTGTGGGACTTCTGTGTTGACCCATGAGGCACCACAATTGTATTTAATATACCGCAGTCCTAGGCCGACACCACCCTTCTCAAGTTGACCGATCAAAATAGGTAGTTCGCGGTGGATTGCAACGATGGGTACTTATACCAACAACCCGATACATGTCAGATGATAGGACGTTATGCTCCCGTAGTTGTGGAAGAAAGAGATGACCAAGTAAAAGTGAAGACCTGTGCAAGTGGACCAAACACGGCGATCCTTTAGCATGTATCTCGGATTCACTTTCTCACCATTCTGAGATGTAGCTCTGAGCGTTGTCGATAATGACTTAATAAGTAATCGCTCTTAAGGAATCGAACAGCGAAATGTATACGGTTATTCAAACTGCTACTAATGTACCAGGACATCCTAGCCTTCGGAAGCCCAAGTGAAACACATTCCTGTCGTAGAAATCTACCCCAGGTGGGTATAGGTGATCTGGCACGAGCTCTATAAGGCAGCGTATGCCTTTAGATCTATTCGACCGGAACGCATAATTGAGGCCGCCGCGGTACGCTCATTTTTGTGGTATACGAGAGCATAGGAAGCGCACTGAGAGGTTGCCGGACGGAGACACGTGGAAGGATGAACCCTTCAGGCATTGCCGAGTTCTCGAGGCTAACAATTGGTCTGACGATTACGGTTACACCTTAGTTCTTGCCTGGTTGGCGGCACGTACGCCCCCTTCTTGTGCGTATGAGCGGCGAGTCGCTTCGAGCGGTGCATTGTACATCACACGTTATGCGGAATCTCGAGTACTGCAGTACCGCAGCGGGCCATATTGTATCGACAACATTACGGTTTGCGCTCCAGTTTTATAAACTCGTTGAGAGCGGATGCAGTAGCTCCCTTATCAGACTTGTTAGGTACTGCAGGTGCGAGCCCATCCCACACCATGTGGGGTTTCTTGTCGAAAACCCCAAAATTGATTGCGGTTTTTTTGACCGGGCATTCAACGAAATCTTGCCTGCGTAACGACCGTGTAAGCTTCCGCTCCTGTCTCAGAGTCAGGTACGGGTTACTTGACGGAATCCCGGTGCCACACCCTGATGGTCAAGTGAGATCCTGCCGTCCTGGCACAGCGCTGGCAGATGATGTGGTGGGCGAGACAGTCCCCTGACCCGGTCCACCCCGCTTGACGCCGTCTAAGGCTAGGAACACCACACAACACGGCCGCGCGGATTCCCTATCATGAGATCCCCGAGCTCGGGCGAACGCGTTGCCGCAGCCGGTTCTCGTACACCTACGCGGCACTTACTCTACAATGACCTTCAACAACAGCAGTCTCTTAAGACGGTAGCCTACACTGTAGAGTTGGTGCTGCATAATCGCAGATTCCGCAGTTGTCTATCGAGTTCGCACTGACTCACCGCGCGCACCGTAAGATCGGTCGGATATCGACCCGGAAGATTATGAATCGTTCAGCCCTGACGGCAACTGTACGTCGACTCCGCAGGCTCTGCAACAATAAGTAATCCTTGTGGAATTCGACCAGCCATGCGTTTAACAGCTGGTACTAATGCCTTCATGATCCGTCTGAGTTGTTATCAATAATGGTCAGAACAATTTTGAGTGTGTTGCTTGGTGTATTTCGTTTTCACACCTGTGAAAGAGAGTAAAAGGAACTCATAAATGATAGCGCAGGCCCGCAGTCACTACATGTCTCTCAGAGGATGGGTTTCGGTATCTTGGGCCTAATTTACGATTCCGAAGTTCTTAGGATTGCGGTGGACTGGACTCCGTCAGTTGGACGATGCTTGTCGCGAAG,1863,50.83,Drosophila melanogaster
SEQ_983273,TTGTTCCGTCAACCGAAGATCGTCAGTAGATGCTATCTTTCTCGCCAGCCCAGAATGTTTATTGTAGGAACGTGACCACAGCGCAATCATGGTATCCCTCAACCAAGGGCTGTGGCATCCTCGCAATGCACGTTGATCGATCCTTGGCGCTGCGAACACAGCCTATAGTTAAAATTTAGTTGTGTAGGGCAACAATTAGAGTCTGAACCGTATTTCGGAGCCGTACGAGAAATAAATACCATTTCGGTTAGGCTAGAAAAATTACATATGAGTTAGGCATCGAACATATGGCTTAATCTGCTAACACACGCAGCGGAATTTGCATACAGTGCATCGTTACTCACCTGACACAATTCGACTCAATGCAGGTAGCACAAGACAGCAAGTCTCCATCGGGTCGTTCACAAGGGATCGTGCCGCTATCTAAAGCGCGGGCCTCTGTACACGACTGGAGCCCGGGGGCCGCATCCGTCCGACCCAAAGAACCCATTCCCCTGACTGTATACTTGCGGTGAGACCTGAAATGCGTTTTTTTTATCGTTTGGC,546,48.53,Arabidopsis thaliana
SEQ_396585,CTATGGTCAAAATCGCATATTTGGAGCAACCTACTAGTGGACCGGTCTACCTACTGGGTTACCGTCCG,68,50.0,Mus musculus
SEQ_271720,TGGAGCGGTTATGAAGTCTCCGATCGTAATTAACTGGAGCGCCGAGGATTGACGAGCGCCGGTGAGGGACACTACGGATATAACAGTGACAATTAGGTGAACTCTTGGATTGGCAGCCTGCCTAAGGCTATCATAGACGTGCAGGGTGGAAGCCACAGCCTACTAATGCTCTCCGTGGTCTTGGGGATGAGCATGGCAATTTTGTTGGCTGAGTTATTTTAGGTCTTTCGGGCCTCACTCGGATCTTCTCACTGATCTCAAGAATTATGGTCGCGAAGTACGTTCTTGTAGTCCCACCTTATAACATAGGTCACTGGCGTACTCCTAAGGTAGTGACTGCTCAGTCCGTCAAAATGATTGGACCCTTTCCTCTTGTGGTACATTACCATGAACAGAGGGCGTATGGATGTTGTGCTCCAGCACAAGGGCCTCCGGCGAGATGAGGTACCCATGCCCGAGGAGTTCCCCGTTCTACCAGGTACCCCGCCGAGAGCCTACGTGCCTCGTGGTACCGACATCTACTCTAGCGTCAATGTGAGTGTTATGCAGCCAACCTAAATGCTACTGGCCCATATGAACAGTATATGGAAGTGGTGTACCATGCTGTAACCGCGAAGACTTCCAGCCGAACTTTCGATGTAACCCAC,647,51.16,Mus musculus
SEQ_164882,AATAATGGGCCCGGGCCCACGCAGCAGTCTTTATTCTCGCATGTTAAGTCGGGGTTTGTCACATTGGTAACCGGCTCGACTGATGATTTCACATGCCGGCAACTTACGTATTGGTGGTGCTACTTTGTTCAATGTGTGATGCTACCTTCGCGAACACTACTGAGTCACTCTCAGAGCTAAGTCAGAAGGTGCCTAAGTTGTCCTACTCACGCATTAGTGTTTCGTGCACCCACGCGGCCTATCCATGGGTCGAATTACGTCGCCAAGCGGGAATTTTAGACTTGGGTCCTGTTAGAAACCTTGGCTGCTGAAGAGCACCTCTAAGAGCTAGGAATCGGGCTGATCCATCAACTATCCCTTTTAGTATGCACTCCGTATATATGTGCACTTAAGCCCCTGAAGCGTCCCACGATCACTGGACTTAACCCGTGGCACCGTGACAGCACGAACTCCACACAAGATTCCTAGAGAGGCGGGGTCAACGGTTCGTATGACTCTCACGTTGGGTCGTAGACTGAAGATCCGTGCCGAGCATGGGCGAAATAATCAGGGGTTCTACCGCAGTACTGGGTTATATTTCGGTGAACCACACCAAATACATAAGGGCTAGAAGCCCAAGCGTATCTGGCATGTAGCAAACCGGAATGTATTGTCATCGGACGCGCAAGCACAATATCGCACGATCGGGCGTCTTACGTTGGGCACAGCACGTGTTCGTAGACGCATAAATTTTGTTCTGACGGTAATGCATTTTCAGGCTCATGCTCACTAGTACAGGACTGTCGGCCGAATTTAACTCGCAAAAATGGGTAACCATTGGGGCGGCGAATCTTATGAGCCCCAAGAGAATTTGCAGAACGACCCCCTGCATGAAGGCTGGATTGCGGGGACTTACTTAAGTTTCGGCGCCGCACCTTAGAAAAACGCCCAGGAGCATACTCCCTCTTGAATCCTAATGGTCCGGCAGAGGGCGCGCCTGGTATCGCAACAACTCAGAAATTTCGAGTCTATCGAAACCTGCTCGTAAGCCGTCCTGAGGTTACCCTCCATTTCCTTGATGCCCATTTACCAGAGACCCAGCTTCTCCAGGGTCGATGATACGTAATATGCCTAATTTATGAACCGAACTCAAGCCCCCAGCATTGTAGCAGATGTGTGCTTGTATGTGGTCCGCTATACGAAGCCCAGCTATAGGACCGTCCGCACTCAGGTTCCGACCAATCTTAGACATGTCAACATACTCCCATAAATTTGACCTGCTTGATTCCCGAGGGTATGCGATTTACAGTCCCGGAGATAGGCGGTATGAGACGGTTTCATGCGCTGGGTCACCCGGCTCACCTACAGCACGGGCCCGTGCATTGCATAACGGATTGTCCCTAGAACTAGTTGCAAGTCTAGTCAAGGTTAGCCCCCAAGATAGAGGATAAATCTTGTTTTTGTGCCTAAAATTGCTGGTGGG,1462,50.48,Mus musculus
SEQ_180255,CCAGATTCAACTTAGCCACGACTTAACTGCCAGAAGCGGACGCCACTGTTGTCATCGCTGTGTAATCCGCATAGTGACCCGCATTGATGGGCACTTGCATGAGACTTCAGTGACGTAATGTGACACAACAGGCGGGCTGCTATCGTTCGGGTCGTCGCATTATACTGAATATGGGACATTACCT,184,50.54,Arabidopsis thaliana
SEQ_778533,CGGTGGTTAAAAGGATTGCTCACCGTATTAACCCTAAGGGCTGTTACAACGCCCAGTCACTATATAATTACAAAAAGTCTGTAACAAACATCAGTGCTAACACAGGTGACCTTGAAGTCGAGCAGTACGGCCAGCGAGAACACATTTCGACTGGACTAACAAGCGAACACACTAACAACATCTCCAAAACACTCGGCCGTACGCATGATCGGCATAGCAATATTGATCTTGGTTCCGCCCGACGGCGCCGTTAGAACTAAAGTTCGGCTGATCGTAGATGGGAATGTTCCCCCCGGTTATCACCCGTAGGAGGGTGTTTTTAAATTGATAGGATAGTGTGGGTGAGTAGCGTCACTTACTTAGTATCGATGTACGGACACCACGGCATCTACACCACCCGATAAGTAATACTATATTGGCGTGTATTTCTAGCCTAAATGCTCGTCTCCTGTCTGTCATTATCAGTGCCCTAGTTTACGCAACGGGGGGAAATCAATGGCAATCCCTAGTAACCAGCTGCCAAAGTCATTGCCGACTTCTACATAATACTCCCACGAAGTGTTCTCTGTAACCGTGGGGCGGCTTGGCCGGACAAGCTTTCAGCGACATAAGTGGCGTGCAGACTGACTCAAATAATGATCTTGCGGGTCAGCTCTGGCTGAGAAATGAGCTGTCAGTCTAGATTGAATATATGTCTTATATGCAGAGTCCACATTCTATACGTCGCCGCAGTACCTTAATGACTTGACCTGCGATGATCGCATC,765,47.32,Drosophila melanogaster
SEQ_817824,TATGTTTGGCGGTTTGGAAACACATTAGGAGGAAGCCAATTCCAGTAACGTCGTAATATATGGACCTGTCAGAGAACTGGAGAGTATAGCATTGCCACGCCGTCACGGAGTTCCTGAACTGATCTAATCTTCTCGCAATGGTTTGTAATCCCTGCTCAGACAGCCTCATCTAGTGAATGACGGTGAGGGGCACCGCCTAGAGGGCGTGGCATCGATACTAGTAGTTGGAGAATGAAATCTCGCGCCCTGTGTGACGAAACCCTTGTTAACAAACCCGCTCCGCCTGGCGACACTGCAGGGCGAGTATCCTATACAGCCAGACGGTGATACTATGGCAAGATCAGACCAGGAGGTAGTTAACAAGGCGCCAGCGTGGCGCAAAGGCCGTACGATGTGCGCTCCGAGGATGTCCTGTCCTGGAGGTCTAGTGAGGGCCGTGCGATAACCACGTTTTCCCACACTAAGCGCTGAGTTAGGCTCCTTTGGCTTTTTGGCGGAAACCGATCTACAGATAAGGACCAAATGGAAGTTGACATCTTTATAACGAAGAAGTAGTATGTATACCTTTTCAAGACGAGTCATAACTTGGGCATTTGGTATGATAACGTTCCAGCGCACGCCAACCGTGTTTTCCTACGGAAACGCTCCTTGCCCGGTCCATAGGGTCCTCGCACGCTTTCATCGCGAAAGACCATTTATACACTCTGTGCGTCTCCCGCTAAAGTGGAGCTGGCCGCTCCTACCCCCCGGCGTCACCTGTATATTATTAAGCGACACCACGTCACATTGGACCCGGCGGTGTACAATGTTCTAAATAGGTCTGACTAGGCTACAACCATAAGACTTATTACCTTAATCGTAATACGAACTTCCCCCTCCTATCAGAGCTGGCGTGTTAGCTGGACCCATAACAAGATCTTGTACAGTCCACCATAGGACATACCTGCGAGAGGGCAAACATCTGGTGTTCAAACTATATAGGAAGCCCGGGCTCCGTTAACATATCATACACTGCCGTACAATCTCAAGGACTCTACTCTTCAGCTGTACCTCGGGAGACCACTTCCCACAATCGACGTCGGCGTTCCGCCCATCACGGTTGTTAGTTATGTTGCGAAGATTAGCATCACAAACACCCGACGGGCACCAAT,1151,50.48,Caenorhabditis elegans
SEQ_456439,CCGTAAGAGCGTCATCTTCCCAAACGATACCTGAAACACAGCGGGCCTTCTAATCCCATCAGTATTCCTCAGTGCAACAGATCATTTCTTAGACCGTCCGTCATGTAGTAGGTCAGGTCTTGCACATTGCCGTCAATCATGCACTCGCCGCAATACATTTGTACCACTCCTTTCATAATCATGACCACCGAACTCGATTTGTAGTAAGAAGCAATGACATGTATGAGACCAAGGGACATTTAGGCCTACTATAGCAGAACTGTGTTGTTGCACGTAACCCGCGTGGGGCCGCTGATGCGGTCTATGCTTTGGACAGACCTCCTTGACGACCATCATCAATAAAGAGGTGTTTCTAGCCAGCGCAATTGTAAGTTTGCACGCTTGCTGCTAACACCGGTCGCTTTGCACGACCCATGACAAAGACCGTTGCTGCAGAAACGGCAGCCGGGCATCCGCAGGCCCGAAGGGAAGCTGTTTGCCGTTCCACAGGCCGGTCACGAACCTATTTGTATGTACGCGGCAACGGATAGATTAACCTTGGACCCCCGGAAGGATTGTAACACCAACTACACGTATTGTCCCATTGGAGCAGTTTCGCTGCGCGTTTGTCTAATATGGACCCCATATGCTGCCGCGGAGGCCACACCCCTGCAAGGTGAATGGCCTTACGATAGGTGAACTAAGTCGTGCATCCAACGGCACGTGTTGAGTCCTTTACTGGCTAAGAGGCCCAGTTGGAAAACCTCGTCTACGTTCTTACTTGCGGCAGTTTCCTTGTTTATAAGGACTTTTCATGTACTTGCACTTATCTGGCACAAAACGCCAAATCACCTTCTGGAGTCTGGCCAACCGCACAAAGTCTGTAGTCAGGCAAA,875,50.29,Saccharomyces cerevisiae
SEQ_302305,TGGCCTAGGGGCACCCTTAGCAAAAGTCCTGGGACGCGTCTGTTTCGAGAGTTTAAAGCGGCTGACTGTGCCAGTGCGATCCCAGGGGATATCTGTCAGCACATCGTCATCCATCGTACACTTTCCCCCCCAAAACGAGAATTGCCATGCTCTCCCCGCGGCAGGCCCACTACTACGCGCCACGCGTTTAATACCTCGGTGGCCGAGATCCGAGTTGCCCGGGTTCCAGAAAAGAACGTCAGGGCACTGATAGGAGTCTGAAGTATCGCAGTCTACCGACTCATTGAGTTGAAGGTATCTCCGCGCGATGCTGCACTCCAAATTCATTCAATAATCGATCGGAACAGCGCTGCCTTTCTCAGCTTATAGGGTCTCAGGAGACTGCCCGCGATAGTTCGTTTACCCTCATAGTAACGCGCAGAATGATATCCGCAGGACCGACCGAGCAACATAGCCTTGTCGCAATGTCAGTAGACATATTAGTTTAGACAACTAGGCCGGATCACTGCCCTGCCAAAGAGTGACGACAGGCGGTACAAGTGTCGGGCGACTCTACATTAGCCATCCTAGCAGGGAAAATCCTGTGGCACGTGGAAAGGGCCTTGTAAGGCTATGTATTGAGGCTATTGATAGCGCGGTAAAAACATAAGCATCAACATACTATGCACCGGCTTCCTGTGACATTCTAACATGGACTCGACAATAGTACCTATTTTTGAAGGATGGAAACATGCGCCGTACAGTAAGACACTTTTTTCATCCATGAAGAACTACACATTGGGATTCGGTGCTTCATTACTATCTTTTATATCTTGACAGGAGTTCTTGAGCGCTGTCTCGACGCGCCTCTTGCGCTGCTCCGTTTACATCCATACAGCTATGAAACCATGGTTGGTGCCCAGTCAACATCTTAGCCTCCCCATACAGGGCTATATTAAGCCCGGATGCGCGGCCTCAAGGAGTAGACGGCCTAGGCCGACCGCGCCACCCAGAAGAGATGTGGCAATAAAGCCAGGATAGGGACCTTCGAGATATCGAG,1039,51.2,Caenorhabditis elegans
SEQ_289345,TAATTAGCTCACCTCGTCACGCTCCAAGGCACCCTTTCGAATCGGACAGTTACTGTTTGGAAGCCGGAACCCGTGGAGGTCAAACGAAGAGGAGTCGCCTGACAGACCCGATTATTGATAAATGCGAGAACGGGCACCGATCAAAGCGTCACACTGCTTCAGTGGAAG,168,52.38,Mus musculus
SEQ_254822,GGATATGGGAACTCGGTACCTTGTCGGTCTCCAACGAGCAGTCGGATCCAACAATATGGGCCTCAGGCAGGCTAAGTAGCACATTAGGGCCTTTCGGGCCTATATCAATCTGGCGCATTGTGCCTTTCAAATTGGTAGAAGGGTGGTCCTCGTATGCAGGACTCCTAGGGAATACGAAAGTTGTTCGTAACACTACAACTTGATAAGTTCCCTCCCAAGAGCCATTGGGGGACGCTGATCCGCGTGTAGCCTGGCACCCGTGAAAGACGCCTAGGACTGTAACGTGCCCTTGCTGTCTGTGCTGTTACTCTCTCTCACAGTTACCTGCACTCAAGCCACGATGCCAGGCTTTCGTTCTTGCATTACATCTCAACGGGGCCGGCCATTGCTAGACCGTGCACAATTGCCGTGTAGCATTAACTTTGGTTACGACGTTATTCTCCAGCGCACATTTCACTGGCCATCGAACGGGTACCTACTGGAATTTTTTATTGCGTACGTACTGCAGAGAGATGCCCGAGCACGTAAAACCTCGTTGACAGTTCAGCATGCGACATGTCAAGTGGCTTCCCCCAATGTATCCACCTCGTCTATGCCCAGCTGCCTCCTTGCATCATAGGCTACATCACGTTTTTAGACATGGCGCTACGAGCAGCCGACAAGTGATGTAAGGTTTATTATAATTTCTTAATAAGTTGATATCATTATATCACTGTCCTTGATGACTACCCAAAGGTATGTGGATATACGAAAGAAATACCAGCATAACGGGATAGGAAGGCTATTTGCTGACCACAGTTCAACCGGGGCCTTGAGTTTTGGAAGGTTGAGCGGTCCAGATAACAAGCTATTGTCTC,857,48.89,Arabidopsis thaliana
SEQ_724417,TGTAGCGCCTATGCGAGAGTCTAGGAAGCCTGGCGGAGATAACTTTGAAGTAGGCTATCAGGCATCCGGAGCCAGCAATAGTAGGCTAGCGAGGTTACGACAACCTACTCTTCAGCACAGAAGTACCTCAACAATGGGTCCGGCCCTAAGTCGATAGACGGGTGTAGCAAACACCAGTGGTAATCCTTTTGTACACTCAAGATATGAACTCCATGTTTAGGGGTCGAGTGCTGAGGCGGGCGGTGGTTCTGGGACAGGTGAGAGCAGTTCTCCAGAGTAAGTGGCTACGACGGACTGTTATGGTTCTCGGGGTGTTCCATGTATTTTATTGCCGATCAGCAGGCTTCATCTTCGGGGGTTACGGGGCGCGGCAACCTGTCCCTTTTATCTCAGATGGGGGCATAGAGACCAATTCGAGAACGTTGTTATACCAAGTGTCGTGGCATTCAGCTAATGTAGAAGACGTTAAACCGTTGGGAACCCTAT,486,51.03,Saccharomyces cerevisiae
SEQ_604950,CGTATACGGGAAAGGACGGTATTGTACTCGCTGTATATGAGGGTGCGTTTGAAATCCCACCCCAACTCAGACGTCCTGACCGGAAGCGAATACAT,95,50.53,Drosophila melanogaster
SEQ_689625,CAGATGCTCTTAGGTATCCTCACAGGTCGACGGCGGTCACCCCTACACCGAGCTCCCCCAGGATGTCTGGTAAAGCGAATCTGATCTGATCAACGGCGGTAATTCTTCAGAGCAGTATGCGCGATCTACCTACCTTACCCTGCTTCCCTCCACTTGGACGCTGGCCTAGTTCACTGGGGCTCGCGTGACCCATTTCTTCATAGGGATTCTAACTACCCTAGCACA,225,54.22,Homo sapiens
SEQ_707526,AGGAAACTTGCTTGTATACGCGTAAAAAATTTTAGAGCTTATGTCGACTAGGCCGATACGCAGTGATCCATGGACTCATCCTCCCTTTGCCCTTTACTAACCGATATTTTAGCTCTCAACACTGCTGCTTACGTTCAAAGTTGCCGGCTTCTGGGTCTTGTCTCAAAGATACAGCCTGCTGTGATTGCCTACTGGCAGTTACACTTTTGCGAGCACCGAGTGTTTGGATCCTGTAACCAATTTACAACTTGCACAAAGCTCTCGGGGCTTGTAATACTGGCCGCATTGGGGAATCTCTAAACGCCTGCTTTAATATTAACGTGGTTAAACCTATTCCTGTGCTTACCACCTATTCGAAATTTCCCTCGAATGACATTGCTTGACAATCCCAGGTAAAAGCAGATGTTCTATTCGGTGCAATATGACTGAATATTGCCTAGGTTTTCGGACCTGCGAGAACCCCCGCATGGGGAGACCTAGGTTTAATTCCTGCATTTAGATAAAATGGAGGAATTCAGAATCGATGCTATAAAGATGGATAACCTTGTGTACGGGAACAATCGGTTGCGCCAGCGCTAAGGAGACTGGAGATAACGCCCTAACTGGTGCTAAATCATGAGCCGGACCGCCGCGCCTATGCAGCAGATCTAGTGTGATGGAGTACTGGTGACTTGCCCCACTCGACAACAGGTTGTCTTTCTTAAATTTGAGTGCCGCCGCTAATTCATCAACACGTGCCAATGTCATGCGGCCTCGCTATTAGGAGACCTCGGCCGGTATGTACTCGCAACTGGTGGTACACCGTTTAAATGCAACGTTAACGATTTTATGATCCTGGACAACATAGTGTTTTGTTCTACTCACTTGGGCGGTTTAAAAAAGGGCTCTCTGAACGCCCAGGACATGGCACACGGTTCAGCCTCGTTAGCTTTAGTACTAAATCGATAAATTTAAAGGTTGCGGCGGCACATAGAAGGTTCGCACTTGGCAGCTAGAATAGTGTCACTCCCAGACTCCGGCTTAAAAGATCTAGGGGCTCTCCGTCCATAGGTCCTTATCCCGAGCGCTTAGAATTAAACTCGTTGCCCCTGGCTGCAATGATCAACGTTTTGATATACACTCGAGCTTTCAACTACCTTAGGGCGGTCTGACCGGTACCGCTTTACGTAAAAGCCCCGACTGCTTCGGCGCGCAGTTATATCAACACCATACCGAGTAACCCTGTCTGTATGCTTGCCCATCTATCCCCGTATCAACCAACGCCCCCCTCCGGTTTTGCGCGTGACGGGCGGCCTGATTGTGCGCAGGAGATTCGTTACTTAACTATAGCTTAGAGAAAAAACCGGCGCCACTTACCAGGGAGGAGCGCTGTCTTATATGGGAGCTTCACTCCGGGTGTGCCACGGGTGTAGGGTAACTTGTCCTTTCAGGAGCCTCCGGATCAGCCTTTGCAAGAACTATGCAACTACACCCCCATGGATAACGGATTCCGCCAGCTGTGTTTCGCTCGATTGGTGAGTGATGCGATCTGCTGTATGCAGAAAGCACTTAGATCACTTTGTAATTTGCGACAACGGCAGGTTCGAGAGGTCCATGGAGTGCGTACGTGCAACATATGTTTAGGAACGTCGGCTGAGTGGTTAATCACTATCTCGTGTCGTGCCGTATCCTTTGCGGACACACGAGACGATAGCATAGTCTACCCCTTAAGGGCACAGCATAGTATGAGATCGCGTGATTAGGCATCGAG,1750,48.8,Saccharomyces cerevisiae
SEQ_603146,CCTACCCGGGACTCATCGCTATTCAACCTGTCGGCTCGTTATTCTCCTCACTCGGTTAATCCCTAAATCAAGACGTCCCCATACGTAGAAATCTCTGCCGTGCGCGATTACATTGCTACCATATCTGGGATCCACCTCTATCGTGGCCGCACAACGGTGGTGATGTGTTATTCCTCGCTATGTGCCAAGGGTCTCCGATGTGCTCGTTCGCCGATGGGACATGCCGTCAGCAACCCGGAGTCAAGCTCTTGCAGTAACTGCGTCGATACGTCCGTGTGAACACCATGTGATAGGCATGTAGCTCTTAACGTCGATTAGATGGAGCCGCGACATTTGGAGACCTCGTGGCTATGACGGAACGGAAAAACTGGGTTGTTACAATTAACCCCCCTCCTTTATTATCCAAGCCTGAGGCGTTGGATTCCAGCAACTACCGTCTAAGCTGTTTCCACCGGGCTAAGACGTAGCCCATCCGGAAAATCTGGCGGAAGCGCCGAACAATAGTAATGCCAGCGCAGTGGGCTATCGAACTATCTACAAATTGCCACACACTACCTCCACTTAACGGCTTGCTATGCTTTCCTTGGATCGCTCAGGG,598,52.01,Mus musculus
SEQ_392782,AAACAGTCATCTAACCCCGCGCACTGATTTCGAAAACAATCCCATATCCGACTGTCTGCAACCGTTCTCTACCAACAAACTAGCTTAACTCCGACTACATGGTCCAGCTATCAAGGCCAGTCGAGTGTAAATTTCGTGCGGGACTTCCGGTGAGCCGAAGCGGACACAAGAAGCCACCACGAAGTGGCTCTTAGGTGTTCCATCGACAGTCCAATGAATGAGCTCGTTAAAGTCGGGAGCGATACAGTTCTCCGGCGCCCTTCTAGCATTACATGGCTATACCAAATCTATCTGTTCGGGTAGCAGGTGTCTTTCGAGTAAATTGCTCCATCTACAAAGGATAGTTAACACCGCTGCGATGTGACCAAGATAAAGCGAAAGGAATTTGTATCTCCGACAGCCATCATAACGGGGGGCCTGATGTTATATACGAGGCTGTAGACAAATGGCGAGAGCGCGTGTTTTTTCGGATGCGTACCGGTATAGCATGTTGGACGGTTTAGGCAAGCTGCTAGCTCGTGGGGATTAAACGAATTAACCCAACGCGGAAAGGTCCTACCAAAATACGAATCCACGCGCTGCTATGTAGCGATCCGCCTGCCGGGTAAAGACAAGTAGTAGCAAGCACCAGGCGGCACAGTGAAATAACGCAGATGCTATTTGAAGACTGACGAGAAACATGTTTCTACTTGAACACTGATCAATGGGTGATCATCATTGGTTTATGCATCGACTGGTTTGGAAACGCATCCACGCTAACAGCAGCAAACCGTTTGGGAGGAGTTATCGCTTCGCCTAGATACCTCTTTCTTGTGAGCTTTCATACGTGCAAGCTCATAAAAAACCCAGTCCTCTAACTTGGCTGTAATGTTTCCAGGAACTCTCATCGAGCACTTGCCTCCGATTGGAGTCCAATCATACTCGATGGGTAAGACTAGCGAAAATGTTCTCCAATGCGGAACGCACCCTTTATTACGCGCTTGTGTGTAGTATGATCCCGGGAACCCACACCCCCTACCCTGGAATAAGGTATACCGTCCTTTCGCCTGTGATCCACCCTGGTACCTGTATGGGAGAATATACATCCGTTTAACCTAGCCGGGATGTTGGGATTGCGCAACGATTTTATTCGTGAGACTACTTTATGTAGTAAAGGCAGCAATGCTTTTGCTGCCACGCAGACCTGTGGTGTCTACTCCGTCACTAAAAGGTATGTATTTTAATAGCTGATCTGTCCTGCTATGACACGCCTACATCGACTAGATCTTGTGTGAACTCTGCTTGTGAGCTGCCCTAATTGCGCTAGGACGTCGGGATCGGGGGAGAGTAAAAGCAACTCGTACGAGAACGGACAACAGGGGAGTACAGGCGTCAGTTCCGAAGAAACGGAGATAACCCCAGTATATACAGACTCACAGTAGCTAGTGCTGTATTAGCGTATATGTGTACTGTCCCCAATCGAAGGATTTATTTGACATTGAGGGATGTTTCGTCTGGGGTAATGTGATTAGCACTGATCTCATTCAACGGCGGGTTGTCCCTGGGTTCGAGTCACTTCTAATGCGTAAACATGCGTACAAT,1581,47.94,Arabidopsis thaliana
SEQ_904629,TGCGTCGCACAGTATTCCTAAGAGGCATGGCTCTCGAATGCGCTAAAACCTCTCCGTTGAGATCGTGCGAACGGTGCAACTTGATAGTTTCGGGGGTGTCACACCCAAGGGAAGCGCTCGGGTCGGAAACCTGGGAACAATGCCGATGCCGCACCCATCCTTCGTCAGAACCCGGAGTACTATCACCTGCACAGGATAAGTCCACGAGGAACTTAGGCGAATGCGCATGCGCGCGAAAAGTGAGTGTTGTAAGTCGAGTTCACTGACCTTACTAGTCTGTTATCGTTCCCCCCAAGGCTGATGAATATGGAATCGACGAATGTCCCGGACAGTAAGTCTTGGAAGTCTGTATATAGTTAATAGCACGAAGGGGTTCTAGCGGTGCCTTTACATGAACGTGTAAATCTTTAAGAACTTGGAGAGTGACCTGGAATCGAGCGACTCGGACCGACATGCACCCTTCGTGGCCCATTCTGCTTAAGTTCTAACCGCTAAAAGCTGGAACAACCCTCCCAAGAGGTGTCCACCAGCCGTCACCGGGATTTGTACCTTCTACGCACAAATCGCAGATATGCGACCAGAATCAGCCGATGAGTCTACCTCCTGTGTACCGGGGGAACTGGAACATCTGTACTAACGCGGCGCCTGGCCTGGATGCTCTAGCCCGCCTCTTCAAGAGGTAAGCGATATCTATACATAGATAATTGTTTCTGGCTAGCCACGTCATAGGCGCGTCGCGGAGACAGAACCACGGGGTGGCGAGCCATGACAACCTATTTCTGAACCACGGCCCGTCAGCGCTGATGGAGGAGGGGAGACAGCGGTTGCCCAGGTCACAAGTAATCTTACTGGCGGCTTCTAGCCTCGCCTATCAAATCTGTCAGTCTCATGTGCTGCGACCCTAATTAGATCCGAGCAGTACCCTCTCAACTTTTTCCTTCTAGGCGTATACTCGAAACTTAACCCGTCCTTAACGCCAGTTTGACTATTACTTACCAATGAGCAGGCCTCACAGTGGGAACTCTACGGGTCGTCACATATGAGGAGGGATATTGGCCAACATTTCTTCGTAGAACAAGGGATTGGAGTTTTAGGCGGTGTTGGTTTAGGCTTGGAGACGGTGACGACACTCAGAGATGTGAATGGCAGCCACCCAGTGTAGGCCATAAATTTGCGGACTCGTAATGTCGGCAGGAGCCGCCCAAGTCCCCACTCGGCGATACCCTTTGGCGTTCGAAACCTGGCCTAGTTTCCACTATATGTCTAATAATTACTGCATTCGCCGCTCGGGTACCTGCCCCGTATAAGGGAGTTACACTTTGCTTGTCAGAGTTCGTACACCGGCGGCTAGATCGTCCCGCCAGGGGACATGTGGCCCTGTTACCAACAAACCAGAGTCTCCTGTGAAGAACAAGCCAAACTGCCTAGTTGTCGACTCTGGTCGTACTCGGCAGGTTTTAAAGTCCGGATGTGGATCCCAGTTGGCCCCCCGTCCCTCTCGGCGACTCTCACTCCGTCGTGCCCTTCTAAGGATACGAACCTAGAAACTTTAGGAATAATACATGGTTTATAGCCAACATAACCCCATCACTAGTAAAACGCTTTCCGGGAAAACGTTCACCC,1623,52.0,Saccharomyces cerevisiae
SEQ_110323,AACGATGTTCACTGGGGCAACTCTAGACAAGATACCTTCACCCTCAGGGAATGGGCCTTTGCTGGCATCGGAGCGGTTCCTAGGGCCTCCCATCTTCGCTCCCATGGTAGGCCCAGGTGCGGCCCATTCGACTTATCAAGCAGTGACTTTCTCCTTTCTTTTCCAGTGGGATGAGTGTGCCAATGCCAGTAAACCACACCGACGACTCTTTACAGACGAAACACCTGACTTAGCGCCAGCAGTATCAGATAGCCTAGGAGGTTGAAGCAGAGCTGTGATGCAGGCCGCATAAAGTCGCCGCTTGTTCGCCGCGTCAAGGTGATGTTCAGTACAGTTGGTGCAAAGGCGGCCCTCACGCGGTCTCTTGGGGCCTACAGCTAGCATTCAGATGCTAACATGTTCACCGTGCAACGATACCCTTTATCGGTACTCCTCACCTACTCGATTTTCCTTCGTTTGGGTAATCTCACATTACGCCGCAAATATAGGTCTCTCATGGAGAAAAATAGGTGAACACACCGCCGCGCGGAGTAGATGCCGCGTCCTATGGTACATCTGTACTCGGCACCATCACATAACACGTTACCTGCACTTCTTCGCAGCGTGTAGAAACAAACCAGAATAAATACATCCAGGGTTTAGAGAGGGGATGTGATACGCTCTCTTATCTGATGACCGTACGAGCCATCGCGGCCGGACCGTTGCGGCAGCACTCCCTTTCGTACTCATAGAGAGAGCTAGCCCGTTATGCAAGGGTCTAACGCCGGGTGATCGCATTCCCGTAGTCCATTAGGCCCCCGGAGAGCTGATCTCGGCTGGGAAGCCGTGACTACAAAGGTAGGACAAGCGAGGTGAATTAAAGCGGTGGTAGACCTCACTTGATATATCGTATCGAGTTCTAGACGGTCCTAACTCGTCGAAAAACAAGGGTCCCCATGGGCAACCCACATAATCTAACCTGACAGTATTGCTTGATCATATGGCCTGATCGCCAGCAATGTCCTGGTCACACAGCCA,1017,52.31,Drosophila melanogaster
SEQ_954003,CAAGGCAGTTAGCAGGTTTCCATCTCGAACGGCGGTAAACTAATTGTGCAACAGCAGCAGTCCTGGTCCCTGTGATTAGCCTGGCCCTATGATACTGCAAGACCACCAGCAAGCTGCCCATTGGTTGCGTGCGAGGTCCTTTTCCTGTTAGCTCGCCGTACCAATGAATGGTACTACAAGACAAGAACTTAGGGAACAACCACTCGTGGATTGGTAGGTATTAGATTGTTTGCGAATTTTTTCATTAACGCGACCGAATGCAACCGGAGTGAGGGCTGTCGTTGGTGGTTGCGCCGGAAGTCCTAGGGGCCTCCCGTGACGAAACCCGCTAGGACATGTGGCGTTTTGTTCACAACACCCGAGTCGTGATGCGTTTACTCAGTGGCGAGGAGAAGCGCTTATTTCTAAGCTTACAGATTTGCGGTCGTAAGGATTCTTGTGTCGCATTACAGTCAATCCGTCACCATTTCCATCTATTTTCCCTTCGGCCCACCAACATATGTTCGATTAAGCGCATTTCGTAGACCTCACAAGAACTCATGACAAGAATTGATCTTCACGGA,563,49.38,Saccharomyces cerevisiae
SEQ_276200,TTTGACTCCTTTATAGAGAATACTTAGATAGTACGAGGCCGATTTACCTGTAGCAAGTCCCCATCCTCTTGAGGACGGGTGCAGGGTTCTTGGTCAAAAAGCTACAGCAACTAAAGTATTGACACTTCAACCTGTGTTAGCTTGCCAACCCAAAGAGAACCTTCCAAGACTGACGTCCTCCACTGCGGAGGCGTAGCGTGAATATCCCCTAGTGCAGCTT,220,47.73,Caenorhabditis elegans
SEQ_273725,TCGGCGGATAGCGGGTTACTCGATTGACTGTTAGAACAAATTTACCATGTTCCCTGCTGGAGGTGTAAGTGGCGCCCAAGAACGGAACGTCGCTAAAGATTATACAGGACCTGCTTAAAAAAAATGTCACCAGTCGGTTTGGGCAAGAAGGAATATCTCCCTTTTGATTCCGGATGGACGTGCCGCCCTTGCAGACTGCACAATTTGAGACGAATTCATTTGCAGAGATAGTAATCTCTCCAGGGCTAACCCCGTCGGGGCGGGGGGAGAGCCGGTTTGTTGACACCGACGTTGCTCCATCCTCATAGCAGGCGCTGTGTGAACGATCCAAGTCTTTTTGCAGCGTTTATCGCGGCCGGCTTCTCCATGGGGAGAGTCATTACAAAGTCGCGCCCCATAGCCGAGCCAATTGCCTTATTAGGACCGTCTTCACCTTAGCGCATCTCGCATCGCGGGCCCCGATGCTTTCTCAAGGACTCCTGGAACTACCCGGAACCCTAACCGTGTTTAGCTCGGGCCGGGGGCTGGCAGTGCTGTGACTGGCTTACATGTTGTATAGCCGTTGTTCTGTCTGCACTACATTACACCCGCTACTCTGCGTCTCGTAGACAGCCATGTATTCACGGTGAAAGCGAGCCCAGTAGCGGCGTTCCAGATAGGATGGTCCCCGCAAATGGGTAGAGCTAACAATGGTCGTCAGGGAAGAATCCAAAACAAATTGGTGTGCCAATGGTGGAGTATGTCAACACTGAGGTTCTCGACTATTTATGCATAAGCTATACTCCCCCCAGAAGCTAGGAGTTTGTCCGGCTTTACGTTTTGCGACAACAAGAGATTATCCGAATGTTTCATCGCTTCATAGAGGCTCAAGACATGCTCCGCCTTGGTGGAGCAAGATAAAACCGATATTAGTGACAGATCGAGGGTGGCATTTACCAATCACATTCTCAAGCCAACGGCGCCGACCGCGATCTGCACCCTAGGTATCTCATGCCTGTACCTTAGTATGTCCACGATAATTCGTCATCAGTCATGATGCTGAACCGCAATCAGCAGCTCACGCAAATCCAAGCTATTATCCCCCTTGGGTTCTGATCGCACCAACAGATCCAGCCAAGATTTGACTCATATTGGTTCCGCTCGCTGCAGGTTAATCGTGCTGTCACGCGTAGGCGTGGTAATAATACCTGTTTATCATCTGAACTTTCCCGGGTATTCATGAATTCTGTAGATACTCGTCATAAACGCAACAAGTGTACAAGGGTTTCTGGCAAACATTACACCGTTGTGCGCCTCTTCGTCATCAAGTCTGTCACGGCGAATCCCCTAACTTCTCGAAACATAAGGTAGTAACACATCGTATCTGAATAGGATAAGGCGGGACGCCCCGGACTATCTATGCCCGCGATACAATCATCTCAAGGAGTGTTGGTTGTGAAAGGCTCTTTGGGCTTGATAGCGGGTGTGACACCTTGCACAGAGCTTTATCTGTTCTGCAGATAGTCTTCAGTTGACGACGATTCTCCCCTGTGAACTTGTGAACTCCGAACCAGGAATTATCGCGGACCCGCGTGCATACTCGAGTGGTCGGGGCTGAAGTTTAAATTGGAATGGACGTGAATAGCAATACCGTCCAAGCCAATCAAAGACGAAACCCTAACATAATCGGTCCGACTAGTTGGTTACGAAGGGGTTGGGCTTGGGGCAAGGGTTATTAATTTTCGGATACCTGAGCGTTGCTAATCTCGGAGTAGTGTGTTCCGATCTGAGAGTCCACGGATCGAAGTTTTTCCAAACTGAAGAGTTGGTCGACCCAACGGCTTGATTTTAGGCTGCGGCTCTCATTGGAAATAAGGATTAAGACTTCA,1868,49.68,Drosophila melanogaster
SEQ_348620,GGTCGATGTGTTCAAGGTGTCACTAATGTTTGAGAAATAGCAGCTCCCTTTACCAGCTGAAGGGAATTACCCGTACCCCCCCGTGGAGGTATTCTACCAGATCCCGAATGTTTAATTACGACAAGTTCC,129,47.29,Arabidopsis thaliana
SEQ_357149,TAAAGCCCCTCGCGTCTAGGCAATGTTGCGAGCATAGATCGCGCGAAGTCTCAGTCTTCGAGCTCATCCGCCCGTCGTGCGTTGGGCAAAACCCCCGTGCCTTGAGATTGGCTCAGTATCTCTTGTACCATTGCGCATAGAAACCAACTCGCGAGCCGCTTATCAATTTGGACGGCCTTTCAGCCCGATAGTGCGAGTTCTTCGTAAGTGCTAACACTCTTCGAAACTATCATACATGTCTGTCTAAAGGGCCTACCGTCGACATGTCGCGGTGTATGCATCCGTATTCTGGCACACGAAGCCAAAATATCCCATCTAGGTAGATTGCCTAGTATGAACATCCACGGAGTAGAGTAAAATCCAGGAGTGCTCGCACTTTGATCACACGTGTAAGGAGGCCTGGGTTATGTAGACGTTTGCATCTCCCGGGGGAGGTCCCAAGGCGCTAGACAAGGAATGACGGGATACAGGTGGTCCGGAAACCGCAGGCGCCGAAAAAGACCTAATTCTCTCCAGGGCCAGGTACATGCTATGGGTACTCGACGTTCGATTACGAGTACGTGTGGGCCGCGACCTGATAAACTAGTGACCAAGGCTCGGATCGGGCTGAATAGGAGCTATTGACTATCTGAGCGAGCCCAATAGCCGGCGTGCGATACGGTCTACTGAGACAACGATGTAATTCTACGAACCCGGGTAACTAGCTCAAGGACCTATTTGTACAAGGACAGGCGCACTGCAATTCACAGCGACATATGTCGCACGTGTCGCACGTTATATTCACTGGCAACACCGAGCATCCGCGAAAGGCGGTGTCCCCGGTGTTCTTTGGAGTTGGCAGATCGGGCGTAATAGGACTGGTTTTTTTAGCAAGCCGGGGGGCGAGTGCGCTGGCCCGAGGTCACTCCTATCATCAAACTATTGCTCCCAACAAAGAAGTACAGACACACAGATTGTCCCTTTAGCGTTTTTTCGAGTACATGTTAGTCTCTAAGCAATGGTAGACAAACTCCGCGTACGAGACATAGAATTCGGCTCCGTGACGACTGGACGTCTAAGGAGCGTAATACTCAGCGCCTAGGGCGTCCGACCGACTTGCGGTAGATCGCAATAAAATAGTTAACGCAACACCATAGGTTCCTGGGACAAGCGGAGGCGGTCGGAACCCAATAAACAATAGTTTATAGGTATTGATTCAGATAGCATATGTTGGACTGCTAGCCTACGGCAGAGTGGCGTAACGAGAGGGCGACTAATGTGTTATAGGGGGATAGCGCGTTCGGGTGTGGCAGCTACTTGTGCCAAGATCCGCTTTCTACCTTTAGGGCACCTGATGCTACTCCGGCAAAGCAGTAAAGTCCTGTGGGTTTAGCTTC,1376,51.67,Caenorhabditis elegans
SEQ_578219,GATATGATGCCCAGATGTGGCCCCAATAGCACATATTAACAGGCTGATCGGATTTGCTCAAGTCGCATGACGACACTTAGGATACTAGGACGCAACGATGGTAGATATTGATTGGTAGCATACCTTGCCAACACTGTTGCGTGTCCAGAAGCTCGTGGCAGCAAAATGCCTACTCGAAGCGTTAGCTTATGGTTGCTCGCTTCCAATAATTTCAATAAGCGAGTTCCTCCCTATGTCCCAAACCAGAACCACTTCCGTCGCACAAGGTCTTGGGCCCCAACGGGGCTTTAATCGCCGGCCTGTACCCGTTTGCTTTCGACAAGATCCCATATCACCATAAGTAAGCCGGACGACCAAGTGGGGTGCCGGAGAACGTTGAAACCGGGTTTTTCACGCTAACACTGTACGTTGACTCAATAAATGGGATGGATATCCGAGGGTCCGCTGAACTGCACTGGCCAACTCATAACAAACGCAGGCGTACCCGACAGCCGGACAGCTATACCATTCCACATCTCCATGTGACGGAAATGGGAAAAGAAACTCCCTTCCGCGAACAGGCCAGAGCAGACTCGGCTAACTATCCATCCAACGTGGGCCGACATGTCAATCCTCCACGCATATCTGTCGAAAGTCCTATGAAGTCTATCCCGATTTACTTGATACCGTAGTCGGACACCCAGAGTTTACATATTCAGCATGAGTGGTAGCCTAATACCACTCGACTGGCGCGGCTCGCGTTGATTACTGTACTTCCACTCACCGTGCTAAACAAGTTTGGGTCCCGCCATACTATAATGATCAGAACGTACCCAAGGGCATGATCAACAAGATGTGGGTTGAAGATACCTCTAAGGCCGATAGACTACTACCACGGTAAACACCAATGGCAGTCATAGAACTCTTGTGCGCGGGGTTGCGATCACTTGGTCAACTTTTGAGTGATGAGGGTTCTTTAGTCTTCCACTATCGTAGTACTCTGAAGGCAGAGGCAGGTCCTGCACTGGTTACTCTTGAACCGCGCGTAGCGAAATTGTCCGGTCGCCGTAAGTCACTCCGCTCAATACTAAACCAGTCTAC,1080,50.0,Saccharomyces cerevisiae
SEQ_796864,GTAGCGATTATTCGTCCTCGAAACAACATCGGCGTGGTACTAGTGAGGAGCGGGGAGTCTGCTAACGGGCTTACTCGGGATCCTCATCGCCGAGTGACTAGCCCAACGTAGCGGAACGCACTAACAGGCGACTACATAATACGATGAACCATATGCTTCTAACGAAGCACCATAGACCTAGACTCTAAATGTGATGCATGTTAGCATTTAGTATAATTATCACTCACGTCCGTCGTGGTGAATTAATCAAGATGAACGGGCGAGCTATACATGTTTTCCGCGTCCTCCGGAGGTCGAACAAACATTCTGACGACCCTCGTGGGCTTCCAATATGGTGCATTATGCAAACGAGTTGGAAAGTAGAATAGGGGGTGGCCTCACTGGCTAGTTACTGGTTTACTACATGGACTCTTGCGGGGTCGACATTCCTGGATTTAAGAGAGTAGCTTCGTTATGACCTCCTCGAAACTCTGGAGCATCGATTCTGCGTAAGGGCTTAGGCCGAAGGATCAGGGAGGTACTTACGCATTGCTGCTGAAACACATGGTCCTCCTGGCCTGGCTCGCGGATCGATAGTTCATTGTCGACTCTACCTACGTGGCAATGTGCGCCTCTAGTTCGTTACCAGTTTAGACGAGGGAAAATCTCTCCTCACCAGAGTATATTTGCGGGGCGCTTTCAATAGACCGCAATGACACCTACGACTCCTGGTACCGTATTTGGCTACCTATGCTTTTTGAAGGTTTCGGATGTCTGGGTGATGGTGCCATCGAAGAGGGGAGGCTGTACGAAATG,795,49.69,Mus musculus
SEQ_709614,CCATCGGCAGTTCTAATATTATAAGGTGGATTGACAAGTCACATATTACTCCGCCGTTGGTCTCCGTATAGGTGCTTGCTAGTCCCCCGTGCAGCCCTAACGGGTCAGGGCTTAACGACCAAGAATAGTGGCCTCGCGTTGGAGTTGCCTTTGCGGCCGGGCCATTTGCGATGCATGGCAACGGTAAAAGTAATTTAGTAAGCACTACGAATAAAGTACCTGTTCTTTCAAATCCCTCTCCGAAGTACTGCCACCCCCCGATTTGCCTCCCACCACCTCACAAACACACAGAGATGGGATGCGTTTTAGATCGTAACGGTGCGAAACGCCGTTACAGAACAATCCCATCAGGTGATTAACTCTCTCCGCCAAATCGGACGTTAAGTCCAATAACCGGGGTGGGTATGACAACAGCGAAACCCACCTGGTAGGAATCTCCCCAGGCTAGTCTGTGCCCGTCGCAATCGAAGGAGTATGCTCGCCATAGATCACTCTGTATAGTCAGGTTAAAATTGAAGGGCAGGCTCCACATGATCGTGGAAAATTTGATCTCCACATGGACCGAGCAATGATATCGGCTTGAAATTAAGTGAGGTTAGATGTATGCTACTTTCACGTTGGACATAACTCGAGAGAAAACCGAGCCTATTTTGCTCGCTCAGGACCACGAAAAAGAAGGTTTTTCGCATCGTCTGCAACCGTGTAGCTGTGATACAACGGGGGTTCCCACTAGGGTACACAGCTGAACTAGAGTACGGGGACTTCAGAAAAGTCTGCATCCGCCTAAATCACCGAAGGTGTAAGACCAACTTAGGGATCTCTTATGACAGGGTCGCTGTTCTAAGGGAGCGGGACGGGCTAGAATGTACGCGTCAAGCTCTCGACTCAGCATGGATCTGTTCTAATTACTTGGACGAGTATGGAAAGCGAACGCCCGATTGACTACTTTCTCACGGGGACACTCATCCGGGTTTTGTTTCCTATCCTTCCGTGTTAGATACGGCGGCCGAGGCTCAGCACTCAGGACTCAACTTGGTCTACTGACAAGACCGGTACGTCAAAAACAACCGTATTACATTGCAGATGCGGCGTAAGTTGGACACACGATACCTGCAGGTGATTTCGCTTTGTTCCAGATTACGTAGGTCCGTGGCGCTCAGCGAGTAGCGAGTGCTACACGCTGTCATCACAATTGAGATCGCGTAGGCGCTTGTAACAACCTTCCTCAATCCGCCCCGCACTGAAGTGGCTGCCTACGAGATGCAGTCTAGTAGCTCAGTAAGCTTGGACTACTATATTTTACTGTCAACACAAGAATCCACGCGAGGAGTATCGCGCTTATGACGCTGATACAACAATGGATCTGATGCGGTAGCCTTGCCATCCGCACCCTCCGCTCTGACGAGTGATGGGTGAGGCCGGAGCCCAGGATCTTATAGGCCGGGAACCAAACAGGCCAGTCGTCGGGAGAGGCGACTTTACAGCAAGCAGGCAGTGTTACATGGAAGCGGACCGAGAGCACCCGGGCCTCGTAGGCTTGTGACAGCTGTACTCCGATTGTACAAATACATTGTTCTGCACGTTTCACATGGGGTCCATTGACTTTTCGGCCTGTATACTCGGCACTACAGACGTAGTGCAGATTCGCGAGAGACGGCATGCATTGTGTATAACTAACGCGGATGATACTTAACTGTCAGTTCTCACATTTCAGACCGTCTTCGACAATGGAGGGGACCATAGTACAATCCGCCTGTCGCGCGTAAGGTTACAGGCAGCCCGGGTCCGAAAGGCCTTTATCTTAAACAAGGACTCCTAACGGCTCATCAGCCGTTGGCATTTTCAGGGGGAGCCCCAGGGCTCCCTTCTCAATTGCGCGAACGGACGCAG,1890,51.22,Homo sapiens
SEQ_682922,CTTTGGCTGTAGTCAGCGGTGTTCCTCTTGTACGTTCGGTGCAACTCGGTGCTGGTGTTAGATCTTTTGATGGTGGTATGTAATGTCTCGCAGGTGCGTGAGCACTACTAGAGTGCAACTTAATCCATATCGCAGTGATTTAGGCTATGGCCGACCGGGGGCCGAAATATCCTTCTTAATCCGAGGCCTTCAGTGCTCAAGAGTGCTCGTGAGGCCGCCGCTGGGATATGATTCGATGCCCTAAGTAAAGCGGTTGTTGTCGAGTAATGTGTTGGGCTAAAGGCCGTGAGTAAGTAAAGACGTGGCATTGCCGCAGGGGAACTAGCAGCCGGCTCAGATGATGTCTCCATTCAGGACGGTTCGCCACCACACGGACGGAGCCGTTGAACTTATTAGAAATGAAGTCATAATTAGCCCTACACAGGTTCCCCGTTCCTATGAATCGTCGTTACTTAGGACCCCTATCCCCCCGCCGCGTATGTGTTAGAAACCAGTTCGGCGGAGATATGTATGTCACTGAGCATAGGATAAGCCACGCTCCTCGAAATGAGGACTCACCAGCACGAAAACTAGCGTCGGGAAAGCGCATAGTTGGTGCTGTACGGCGTTACAGATCTCGTTAACGTGCGATCCACGGCACGTCTCATGGACAAAGGTCATCGATCGTCTGAGGGCCAACGAAAACGCGACGGTTCCGCCACTCGTATATTAAGACATGACGACGTTCCTACTTATAGAGCCTAGAATACACCGGCCGCTCGTCTAGGGCATTCATTCTTGTTTTTACACGTGCCTTGGGCCCCGCTATATGGCCATTTCTGTGACTTCGCTTGACACCACCCGTTTCGTATGTTTAGAAGCGCCATCCACAGTCTCGTCCTTTATATATCAACAAAGACTTACACAAGTTGGCTATCTCGACCCCAGGGCATTTTTGTGGATTTACAGCAACTGCTGACCCAGGAGGCGGGTGGACACGGGTACAATCTAGGGGTGAATTTACCGTTTAGAGGGCAATAGTTCTGATACTGTAGCGAGCGCCTAGATGTCTTCCTATAATAAGATCCTTCCGTCGACAAGGGCTACGCGCGTAGAGACGCCTACTTGCCATGTTCAACGAGTGGCTCCGACACACGGAGTAATCAACACTCTTTTATAACCCTGCCTGGTTGATGAAAACTCAAATAGCACTAAGTCTCCAATGTGCGTGCAATGATAGGGGTTTTCTTTGA,1232,50.24,Mus musculus
SEQ_521062,TATACGGTGTCCCTGGCAAACGGAGAAACCGCTATCGGTTTGGTGTAGCGAAAACTGCTAAGTTAATTCAATGAACCTTAGGAATATCCGTATTTGGATTCACACACGTACCATCTCAGTTGTGCGGAATCGTGATGCTATAGATTTAGGGCGACGGTCTACGAACACACGCCGGGACTGCATCCTATATATGTCACGCCTCCGGCGAATACCATGCTTCGAATGAAGCAGCTGAGATCAGGTTCGAGGCCAGTCCCCGACGGCGCCAAGGAGGTTAGATTGTGAGCGCGTGCGTACGAGCTGTTATACTTAGCCAGTGCACGCATCGTGTGGTATCAGGAGATACCGGGAATGTCGTATGCTGCTGAATCGAATCAAACACAACGAGCCCCCTTCTGGTAATTATTGTAGTTGCACTCCGTACAGGATCTACGGGTGAGTGGTGGTACGACGCGCCGTTTGCCACAAAGTCCAAAGCGCTTTGCAGGGGCGCGGAGTCCTCCCGCTTATCCATAGGCCATTCCGTGGTCCTGGCCTTTTGTCAGCGTTTTGATTCTTTCGGGTCAAAGCTATGATTGTAATAAAATGTGCGAACAACCCGGTGCGAGAGAGCCACCGCGAAAGACGTAATAGGTCTGGTTCGAAGTCGCTATAGATGTATGCGATCTCTGCAATCAGCATAGTTCCTCCTGCCAAATGGTTAGTTGCCTTACTAAGATCTAGCTTGATTACACTGGCCAAGGGGCACGCCAACAGCTACTCCCAGCTAGCGGGTATAACTGCCCGAACATAACGACTCATTCTTCGACGTCTTAGCGATGCTTAACTGGTTCATCGTTCTACTCGTCCAAGTCCAAGAACCGCAAAAGATGACAGGATTTCACTAGAAGTGGCTCCATCTCGAGACTTTAGCTACAAAAAGCACGACGCGGCCCCTCCGAACTAATAAAATGGGAGCCGAGTGTCACTGGCTCGGACAGATGCCATATTTAGAGTTTACGGCGGACTGCTCACCTGATTGCACCTCAACTTATTACTGCGCCGTTAACTCACAGGTGGATACCTGAAGAGTCGTATCACACTTCCGCTCCCCAGGAGCACTTGGCTTACTCAGGGGTTCAGAACCTTGCTGCATGACGACAGTTCATTGCTCGGCGTTGTAAAGCGGAGGGTCTTTCAGCGGAGTGGCACAAAGGCATTCCAACTAGGCTCGGCAACTCCCGATAGTCCGTGAAGGTACGCCCTCCGTCCCACTTCGTGAGACTATAGAGGCGGTAGTCAGCATCGGTTGACAGTCGGCCGGATGGGAGGTGTCCAGGACGTCGCCTTTGAGTTATCACGTTTCTCGCCTTCGAGGCTAGCCTCGTCACTTTTTAGTTGCTCGAGCTCGAACTTGGCGCTACGAGCGCGCCACCAATTGAAAGGAATTCGGGATACACGACTAAATCACTAGGATTATATGATCGTCTTGCCCAACTTCAAGATGTTTTGCATCAAATGCTACCTTCCTCTTAGGCTAAAACCAAGAGGATGCGTCGAGTTCGAAAGATATAATTCATTGATGAACGTGCGAGTCGGATAACATAGAAGGCATGCAAGAGGCTGGCTAGGCACTAGATAAAGCAAGCTACAAAACCGTGCGGAACCACTTAGATTGCGTAATCAGGTGCTGGCATATTAAGCCGATTATTCGTTTGTTCACAGATGATTATGAGTTCCTCAGCCGTAGTTTAGTTGATCTCCACGAAGGACAATATCTCCCTACAGGAAAACATTCTCCGCGAAAAGGGAACCCTCTGATATAACAGCTCCCAGGAGGGTTTTATGTATTACGTAGGGGAGGAGAGCGCCCACATTTTGGGCTACTCAGGATACCGTTACCAAGCAGAAGTAAGGCTAGTACAGGTGGTGATAGTGTGTAACGCGTCAATCTAAGGTA,1939,49.77,Caenorhabditis elegans
SEQ_512098,TCCTTGCTGTGTCCTGAGTTCCATTATCGGAGATACCGAGACATGTTGCAAACGAGACCAGTAATTGGCCACTCACTCAGGTGTATCGAACCGTCGTGAGGCTCACGTTACGTCTTGTGTTTCGTCTCAAGAGCCCGCACCACTCTCTGATGTTGCGGCCTGTCTCTTTGGTTTCAATGGTCTGCACCACGGATATTCAGATCACTCGAAAATTGGAGCAGTTTCCGCACTTATGATTTCCTGCATGTGAGGCGCTGCGCGCAAGTCAT,269,50.56,Arabidopsis thaliana
SEQ_417532,ACGCCTTAGAGCCCCATCTGGATAGCGTTTTACTAGGTCAAACCGGTGAGTGTGGACCGTACGGCCAAGTAGCCGTCCGTGATCTCGTTCGGTCCTATCCTCTAACCTTGACTGGGTGGTCATTTACCTGTCAGTAGAGAGTTTCTCTATCAGCAGGGGCGTACACACGACTCGTGGTTTTGGACACTTTAGGATAACGAGTTTGAGTGTATGATAGACAAAGGCTTCCGCCTTTTATCCTCATTAGCATGGTTTTCTTTGTCTAGTCAGCTTGGTGCGACCACACTTCTCAGCCTTTGTGGTAGCGCAAAAAGATCTCCTAAAGCCCTATCCATACCGTTGAGGCAGCTATAGTACTATCTCACTACCACACTCTCATCGGATGGCTGGGAAGCCGGCGAGAGCCCACGTCAGCCCAAAAGAACTTCGCTCACACAAATCAGACAAGGATAGTATAGGTGTAAGCAGCTATGTCTTTTGAGGACGGCCTAGATCTGTACTGCTATAGGCTTTAAAGAGTCAGCTTTGTT,530,48.49,Caenorhabditis elegans
SEQ_332164,AGTCTCCTTCTCCTCTGAATCTGCGATAATCACTGACTTAGACGCCTCGGTCTAGCGTCCAAAGGAGGGTAGCGTACCCTCGACGCCGCTGGCTGGTTCATTCAATGTTTCACCCCCTGACGATTTAACGCCCGACCGCAACAGGTGCACACGGGAATGGAACCACGTAACCGCGATACTGGGCCCGACACACACCTTAGCGTCGCAGGATGAGAACATTAATGGCGTTAGACGGGATTCGATGATGCCGGATAGAAGCGATGAGACGAGTAGACCTGAAAATATCAAAATCAAGCCACTACGTGTATGATCTTAAAATCTTCACACAACACGGCTTCGTTCGGCCAAAGCTTAAAGTAGAAGCCATCCAACTGTTATCCGCAATGATGTAAGACCATAGATCTTTGAAAAAACTGAAGAAAGAAGGGAGCTCCAACGACGCGTCTTGTCTCGCTGACCGTCACTTGTGTGAGGCCGTAGATTCATGCTCGTGTGAATGGAAATTGCCTCGGGTGGAAGAGTAGATCCCTCCGCGTGTGGTTGTAGCGCCACAGAGTTAGTTCAAAGGAACCATGAATCATTCTGCATCCCGTTCCCACGTCCGATGTGTCATCTAACTGAAATAGTCCAAGCTAACTGTATTAGGGCTATGATAAAGCCCACTGGACCTGCCACGAACTGATCCTGCCTAACGTTGGAGCAGTGGTCGTCTCCCTAATTTACCTTCAACATGCAGTATACTTTATACCTAGATTGATAAATGGTGTTGAGTTTGCGCCGACAGGTTGTACTATTGGAACGGAAGATTCTCGTCCTTCGATGTTACTGCTTGGCCCACAGGGGTTGGCATAGATGATGCTAAGGTCCTCTTTTAGTTCATATGGACTAGAGCGATTCCAGCCGGAAAAGCCTAGACTTCTGCCCTCATGTGGATTGTGGGATCTAATATCGCTCCCAACGTTTGGTCATCCGTAAAGCCATCTCCATTCATACAGGACATTCGGACAGGAAATACCGTCCCTCAATAGACTACTGAGCTAAGTCTTGAGGTACTTGACACCATTATTTGCTTGCGGAGAAACTTACAATCGACGGAGGACTGGGATCGCCGATCCCATCCTCGGCAATAAAATAAAATAGGGATCAAGGAGCAATTCATTTACTGGAAGGCGAAGCAGAGATTGAACGGTTGCAAACTCATCCCCTACGCACTTCCCATGACCTCTGACAGTCCATCTCTGCCTGACGCACCGGCGCCCTAGCCAGTTGACGCTACGTGTACAATAGATGGTCTTGGTCCACGTTGACGAGGATCGAAGCATAACGTTGTCAAAGGAACAGCAGAACAAAGCTAAGCTAAATTGTACCTCGGGGGTGGCGCCGTTTTTCGCTGCATAACATGATCTGCCCAACTTCATACACTCATTCTGACCCGAGTATAGCTATATGCCCCACCCCG,1459,48.8,Saccharomyces cerevisiae
SEQ_171712,TTCTGTCACGCGGGAGTGCTAGAATCACGAGCGGGCACAGGGAACCCGACTCGTAGGTCAGAATGGGGAAAGGGATTTACCCGATCGGTGACATCTCGATGCCAGATGCATGTTGAAATGTTTCGCATAGGCGTCTTGAGCTATAAACTTGGGGGGCAATTGTAACGCACATGACTCCCATGCGTTTGTGCGATCACAACGGCGAGGCGTCCTGACATTAACTCCGTGCCGAAGCGCCCTATTGATCATAGATCGCTCGATCATAATTATAGCGGCCTCGCTAGAGAATATGGTTCCAGGGCCATGAAGCGGCCGGTTAGTTGTGTTCGAATCGCACCTTGCGATCAGACCAGGAGATCCCTCACATACGAGGGGGTCTGTGCCAAATATGGTCGATCACCTTCAGTAAATGCGGGGTGTTGGTCCGCGAGGGGGTGAATTTCCGAGGTCCCAACCTTGCTCCGGCGACAACCAGTACGAAAGGCCTGATTGTAACGAACGGAGTTATAAGACTACGTTTCCTCTCGGGCGGGAATAGCACTGTATGCGCCACTAGACCGCTCCTCGCTCAGCTATGGAGCTTTTACGGTGGATTGACAGACTATTACTCCTGCCGGACGTGATCTTTACCACACTGTTAAATCGTGGCGTGGCACCAAGAGATTGAATACTGTTCCCCCTCGGACTCCTTGCTCGGTTAATAAAGCGTAAACGAAGGAATTGCAGTGGACAAGCGAATCGTGCACCCAACACGGCTTTGAGAGCGTGACGTCGCTCGGTATTTTAAACGCTGACACGACTTTGTCTATTCCAGTCTCTGTAGAATGTGCTAGATCGTTCTCGGGATATCACACAAGACGAAGATAGCGTGATCACCCAGGCACTGAGAGACTTACACCACGCGTAAGCCAATGCCGCGGACAAGTCCATAACACCCGGAGGCTATCCGTGGTCGGATTTAGGCGCCCACTAGTAGGATCACTGCGGTGCTGGAGTACTTCAACCGGCTTTTGACCGCGTAGCCATGGCATGCCGGTGTTTAACCTCCTTATACGACACTTACTAAATGATATTCGAGTCACCAAGGCGATTGGAACTTTGATTGATGGAAAAAACCCGATAACACCACACCCGCCGCGAAAAGTCGCAGCCTACAGGTCGAGAGCTTTCTGATACCAAGTCCCCGTATCGGCAACCCTGTGAGCCGTGACACGACACGGAAACTTACGCTTTGGATTCGCGTCCGAGCAAGAGTGGCTACTAATTGGAACTCGTCCGAGATCTCGTCGAAGATCCCGTAAATGAAATGTGGGTCAGCTATGTCGCCAGCTCCAGATGCCTGGCTCCTCTTTGGCCAATTCGGCATGCTACACTGCCGTGGAGTGGTCCTGAGCCAATTATTCCGTTAGCAACGTAGGAACCGTTGTAAGGACGTCGCCTCATAAGAAGCCCGGATACAGGTTCATGTCGCGGGTCGAAAATAGCTAACCGATTGACATAACAGTCTTACCGTCCAGGGGGTGGAAACCATCACCATCGTGCCTCCCGCACGCTTCGCGTATGTCCGGGGTGCCCCTGGAAACACTAGCTTGACCCGCTGTCGACGCTAAACGCATATGAACGACAAGTAACAGAGGAATTGCGTCGAGCGCGGACTATGCAGTGGCATACCATTATAGCATTTCCGGTACAGGATCGATCACTAGAATTCGAAGCTTCCACATTGCAGGGATCCTCAAAAAAAACGCGTACATTGACGGTTGTGGCTTTTTA,1773,52.0,Arabidopsis thaliana
SEQ_733001,AGTAATGCGCGCTGCCCTTCTATCCCTCACGAAAAAGGCGTCAACATTACGTAACGGTAAGAAGTGGTCCCGGCATCAGAACAGCCTCAAGGGCACCGTGCCAATGCATCGGAACCAACAACCTGGAGTCCGCAATCACTATGCACTAAATAGGGGGTTGTTAGCCTCCGTCAATGCGAGTAATCCTTAAAAGATCGCAGTGGGCGCATTAGCGTGTGAGAAATGGGTTAACTAGCAGCATCCCACTGCATGTACCTGCTACTTATACACCCCTTA,276,50.36,Homo sapiens
SEQ_300875,TAGGCTGTTTGGTCTGCGGCAAGCTCGTGTGATGTATGCGCGTGCGCACTCACCGTTCATGGTGTAGAGATGGTGTGGAATCAGGTGTCACCCTTATGAGTTTTCGAATATCTTGACGTTTTAAATATACGTTCCATGACGGGTTCGACAGTTCGACACCCTTCGGGACGGGAACGGCGCTAGAAGCCGTCGCAATATTCCAGCCACTTTCGTGACGTCCGCTATAAATCGTATGCGAACAGACATGCCCGAGGCTGGGACATGTTCTTCGCATCCTACCAGCCGTACCAGCGAAAATCTGCAGGTGGTATCAGAGGTGTTGTAGATAAGGAACTGCTTGCTCCACCCAACATGGTGTTGAACACCTCGGTTAAAGAGACGATCCCCAATCGGTACGACGGTTAATCATCACGTTGGGGGTGGCCAGGTGGTAAATAGCAACAAAACGGCTGGCGTACAACCCCACTTATGCTGTTTAACACGTCACGACTTCGGGCTACACAATATAGCAAGTACGCGCATTAAGTTGGGGTCTGGATTAGCCGTAACGCGAATCGTGAGCTAGGGAGACCCTGTCCCACGGCGACAATTTCCCTTACTGGTATTCGGACCAAGGAAGAAACCTACCTTGTTACAGGTCGCTTAAGAGCAAGGGATTTTCCAATCCCAAGTCGGCAATGTACGGTCGCTGGCTTTATACAGTATTGCATGCGTCAAGCTTTCTACGACGGCAAGACCCTTATTACCAATGGCCTTTGATCTAAGTGCGCTGAGTTTCTGAACGTACTGCAGGCTCCGGTGTGCATCAGACTCAAGTTGACAGGATAGATAATTGAAGAGGTGCGGATTACTTCTGGGTGCGGCCATCCCCAAGACTTACCAGGCGCAATCAAACATGAGTGGCAAAGTGGATGTTGCCGACGCAGTTAATGGCTGTACGGGCCTGTCTCACTGTTAGGCCCAACCATGAGGCTACCGTTGATATGGCGGGTTCAGTACTAATCACCCATTCA,1013,50.64,Arabidopsis thaliana
SEQ_935000,AGGACGTTAATTATTTCCTTGCGGCCTACGGCGAACGCAAGTGAAAAAGCAGGGCGCTTCGTCCATCTGCTTAAGAATTCCCGCATCTGAATAACCCCAATAATGTATATATTGTGTTTACGTCTAGCTCCAGTTACCTATATCAGAATGCGTAGAGCGCATAGCGCCCGTCTAAGTCCTTTTACCGGGGGACGCGTTTACAAGGAGAGAACCACGTCTTCACAACGGCCTGTTCGTGAGCACATCCTTAACTCGGCCTTATCAGGGCAAACCTGTGTCCTGCATCCGTGGCCGACCAGAGTTGCTACAGTGTGGCGCCTCGTAATGAGATGTGTGGTTATAGTTGCACCGAGGGCGTCTTACATTTATGTCGGGTGGCGTTAAATAACTTAGTTCTCGATGATATTAATCGGGCGAAAAGCCTTCAGTGTCGTGTGGTGCACCTCGGCCACATTGATCATAA,463,49.03,Caenorhabditis elegans
SEQ_917445,GGGAATCGCAAAACACAGGCAAACCGATGCATGCTTCAACCAGGTGTTTTCCATCAATTGCATGGCCTTAGGAACATTTCTCAGCATAGTTAAGCCTACTACCTTCTCCGGAAGACACCATAGGACTCTCATTCCTTTTTTGCCATCCGCTGGAAATGGTGCACCGCTTGTTAAAGTGAATCCATTCTACGTTAGACAGTCCATGT,206,45.63,Arabidopsis thaliana
SEQ_337226,TAATCGCTGAATAGCGGTTTTGAGTTTGTCTAAACGCGTAGCCTTATACCAATCTTTGCACATAACCTACTAGAATGTCAGCTGTTCAGAAGATGACCGCCAATAGTTTAGCACCCGAACCACCTATGGGCGCGGCTGCACGTTATACTGTTGTGGGGTCCCTAGCGTACAGTACGGCCCACAGATCCGCAACTTCCTGATCGGCCCAAGGGTACCACCTGGACGCCTACGGAACCACCCACAAAGTCTACGGGTACTTAAGGTACGTATTGTCGGGGCGGCCTTCAGATTTCTTTGGCATTGGTCCATTTAGGCTACCTTCGCCCTCCGCGCATCTCTCCAACGTCCACACCTGAGTTCGATTCGGGCCCATATTTAGTTCCTCATCCGTGGTCGCACAGACACTGTGACGGCAACACGTCCTCACCAGATTGCGTGGCGATCTAGCCTCTCACGGGCATATGGGATTGGAGGGCACCCGGGGATAAATGTATCCATAAAAAATTACCTCCGTCCGTAGACAGCTACACGTTTTGCCTTCAGGCTGCGCAGATCCCAAGTAGCTAGCATCCACAGAAGCGACCCTCGTCATTGATGTCCGCATGACAGAGGGGCTACCAGCGAAACCGGATTTCTAGGGCGCAAAATGAACATGATTCATGTCCTAG,668,52.4,Drosophila melanogaster
SEQ_772841,AGATCGTGAGCCACTGTGTGTATTGAGACTAACCCCGGCTCTGGATGCAGCGGTGGTTGATCTTGATTACTCTAACCACGGACGGGCTCCGATCACAGCTGTCTGAGGCCCCTTCCCCGAGCTATGATAAGCGCTGAGCCAGGCCCGTAAGGGATAACACCCCTAGGCTGCTAGAGCTAGTACCGGTAAGCGGACGTTAACCCAATACACAGGAGCTACAACCTGGGGTCAAGTGCCCCAGGTTTGTAGACATTCTGTGCATACGGTCCTTGTACAAAAAGGCTTATTGGTAGTGGACGAACGCTGGCCGAATAGTCTTGCATTGGCCGTATGGGGTGTCAATCTCGGCGGTAAATTTCGTGCAACAGGCACTCTCAGCTCTGCAGCTCTAAAGATCAGTGACGAGGCGGTCAGCTAGCTTGGAGATACGTGCCCGAGTTAGCCAAAGTAGTGTCCATTACTGTTCATTGACAGGGCGTAACTTTCTATCTCTCTGGTCTTGACATCGGAGTTCTCGCGGTGTGCCGCTACATGCCCTTTGCATTGACAGGGATGATGGCCGACCCGGCGCAGAGACGCAAGGACTCGACGTAGAATGGCAGGTAAGCGCCCAATTGCTATGTCAGATTCTCCAACTAGCACGCTCACCCTCATAACCGTCGCAGAATGCCTATCTGACCTTCGGCGTCGTATATAAGGCCTTATTCTGTGAGGGCGTAATACTGTTTTCTATGGGCCTGAACAATTTTTTGGCTCGGGGTTGAAGTTGTTTACCCGAAAGACTCGTTTACGTTCTCTATTTAGGGCCCCCCCGACAGTGCTCTAAAAGGACTCTCTTCTTTCTGGGAACCGATGGCCAGCGCTTCCAGCAGGCCTAGGTAAGGATAACTTGGGCCTTATAGGTTTGCTCTCCATAACACACCCACTTGACTCCTACTAATTCCTCTTATGAGACAGGCGGGGGATAGTATGCAGTATGAGAATAATATTGAGATATATGTGGGTTTACCGTACTCGTGTCTAGTCAGCAACACTCGGCGAACGGGCCTCTTTGACCAACTAGGTTGAGTGAGGTGCGATTGCAGAAGCCAAAGACTCAGAACCGCCGTGCTTTACAGCTGATCACCGAGTAACCTGTCACCGTGTTTACAGGGGCTAGACGAACATGAAAGAATCCCCGTATCCCAAGTCTGGCTAACCGCGAACTCTCTTGATAGTTTTGAGAAAAACACCAACACCTAAGTGGGGTTTAAATAGTTAACATACAATCCCCGGATGGTAATAAACGCCGTCATTCGATTTAGGGGGGTCATTTCCATCGGCCATTAACTGAAGTCCCTACGGTGCTCAACGGGCATTGGAATTAGACCCGCATGAGCTTAATCCGTAATCGGGACAGGCTGGTTCCCCGCCAAGTCGGCCGCGAGCAAAGGCGGGTTATCCAAAGTGGCCTGCCCATCTGACATTGCCACCTTATCAAGAAAGGTAAGCGAGCGTGTGGGCGCCCTCCCCGTAGAGCTATGGACCTCTTGTTCTTGCGATGCAGGCCCAGATAGAGGCTTAACTGCCATGGAGACTGCCTGGGACGCAAGGGGTTCCCAAATGCCCCCGGTTGAGTGGCAAGCCAGAATGGGGTGCCTGGAAAGATTCGGAAGTAGGCAACCGTGTACGCCAACAGCGAAACGACG,1688,52.01,Caenorhabditis elegans
SEQ_582207,TGGTGCCATTAACTATTATTAAATCAGGGTTCACTCGAAGTCGCATCAAACAAAAAGGCCAGGTTCGACTCAGAAACATAGGACATGGGCTTGGGTGGCTTTAAGGTGCAATTGATCACCTCGTTAGGATAGGGCGCGAACTACGGAGTACGGTCGGCTACCACGCACGAGATACATTTCGCCATAACTAGGGCGTTGCCAGTTATATAGGATTCTCGAAGTGGCTTCTAACCCGCGGGCACCCGTGTGTCGACGGATGAGCCAAGTGTCATTCTGCCTGTATACTTGTTCCAGAGCGTTCGGGTTGCCCTCCTTGAGATGCTCTGTAGCAGGTGACACTCGCTATGAGCTTAGCGTAGTCTATGGTCCGCGTGCGTTTGGAAGAGACTTAACGTGGCTACGGTTCCTTGGCGGTTACGCTTGCTGCGATTTCAGGATAGACAAG,445,51.01,Drosophila melanogaster
SEQ_686059,TTCGTTAGAAAGCTAGATAAACAATGCGACTGAGTTATTTCAATTAAGCGATGGAAGGCTAGAGGTAAATGGCATCTCGTGATACTATTGTGACAGAGGCAAGAGTGAGAGATGCTAGGTCCACCAGTGGTGTTGCAGTGCCATCATAGTGCTCAGACTCCCGCAGATGTTGAGGCATATTGCTGATATACTCACGCGGGCTAATAGTACTCGGAGGGGGGAACTGTCCTGTTTGTGCGCCAGAAGATTAGCATGGCAGTGACATAGCTGCGTTGATCAGCCGAATCCGTAATCTAGAATGTCGATCTTCACCTCAAGATAGTTCAATCGGTATATGGTGCGACGGATAGGCTCCAACTTCTACAGCTGAAGTAACGCCAGGGGACCGTGGCCATTCTATTCACGCTTCTCGGGTACAAAAAACCCTGCTAACAAATCTCATTTAGCGACGCAAAAAAACTAACGAACCAGTTGGCCGCCGAACCAGTCGTAGTAGCTGCGGTAGCCCCACCCAGCGACACAAAGTGTTGATTAAGTA,538,47.96,Escherichia coli
SEQ_642115,CATTGTGCAGTCTGCTAGAGTCGGGTCGTTTACGTGGCAAATTCGATGCGGGTATTCACGATGCGGTTAAAGCCTTGGTTGTAAAAGAGCCCTGGTGTGAATTTACTAGTAGGCAAAACTAACGTTGGTTTCACGGACGCCACATGGCAGTACCAGATTGGAGCGGCCGCCGTTGTGTAATGAGCAAGTCTATAAGGGATCTCCGTCAGGGGGGATTGCGACAGGGCTACATTGCTCACCAGGTACCTATGATAAGTAGGCCCTTGTTCTCTCGAACATGCCCCCTACGC,290,51.38,Homo sapiens
SEQ_310686,TAACTGACATTAACTTGGATTATATCTTGTCGCACAGGAGTGATTTGTCGCTGCGTTTTTCGGGGTCAAGACGTAATACTATGATTAGTTTAACCGGTGTCTCTGTGAGTCAGTCAGACTAATTAAAACCCCGTCCCTTACTTGAAACCTATAACAGCGGAAATAAGTCCAGAGGCCCACAGCTAATCAATACGGTTGCCCCTGTGTCACGAGTCTCCTGTTCGTGAAACCTACGGTACGCAGAGTAGTTCCACAGGTCTACTTTTCGCGCTAGTGATCGTTCGGATGCCGTCTCAAACTGGAGCGGTAGCTTGTACGTTTCTTATCTCTCATTGGATTCTGCCGATTGTTAGTACCGCCCATTGCCTAGACGCGACATCTAGTCTAGGTTATGGGTGTTTACCGGCTCCCAGACACGACTCGTGAGTCCGAACAAGGGAATGGTCGCATAAATACTTCGTCATTACGCTTTCAGGCTCCACCCGGGGTGATTACCTTATTCTGCCGCAACGTTTATCTGAAGCAGAGGCGCAAGCTGGCGTAGATATCTGGGGCCTAAATGATCCCCCGAATGTAGGTCTACTTTAACTGGTGGTGCGTGCAGAGTCATATAACCTATGACCGATGACATAAAAACGGCCCTCTGGAATAGAGGTGCAGAGGGTCAATTCTGAGGGCGTAGCGATCCCGCAAACTGTCCATGGTGGATACTTCTAGAAAGTATACATCAAAGGGGTTGTCTGCATACGCAAACTGTGGTCACTTCCAGTTCCCGGGTATTGACACTCGACCTTATATACTCTGGAGTGCGACGCCTTTGTGCTAAACCATTTGTTGCCCTCACCGCCCCCTTGTGGCTATTGCAGACTTGGTCCGTCTTGGGTAAGCCGCGTGTCCTACGCTCAATGTAGCCTCTGGGTATGGCGCGCACCAGTAGAATTGCTATAGTTCTTCCCATCATAGCTCTGTCTGGGTACAGTTCAATGCGCCAACTCCCGTGGAAATGTAAATGTCCGGCTCCCGCTTTCTCATACCGGGCGTCAGACCGCGTGGAAGAAGAGAGAACCACACTAAACGGCAAGGCTCATCCGACGTCCCCACAGGAGGTATTCGGACATAACTTAAGAGACTTGCGTTGTAACACATACAGTATTCACTCTAAAAGCTGCCTTCTCTAGCGATGCAGACACTACCGAAGCTGGACGCGTTCCGCGGGCCGTTGGTACTTGTGTCATACTGTCTCCCTATTATTGGTGCATGAAGAGC,1266,49.76,Escherichia coli
SEQ_258272,GTCGTGGCAGGTCCTTCTGGATACTTGTAGACCCCGATCACCCCTCAGAGCTATCTTACGGGAGTCTAAGAAAGGGTGAACATCTCGTATGGACTGTGCCTCTTGTCGTTAAGACTGAACTTCAGCGTGTCCGCGGCCCAAGGGAAGCGTGACAAGGCACAGCCCGGCAGAGTGCCTTGATCGAAATAAAAAACCTGGGACAGTGACTGCCTGTTTTAGATCTGCCCAGCCCTGATGAGAGCGTGCCACTATCTCGGTAAGCGTATAAGTCGTCTTTAAATTATCTTGGGTGAGTATTTGTGCACACGTGTACGTAGGGGCTACCACGCTGGATCGCATATGGGGAACACTGACCTACACTCAACGACGAAAGGTGGCCGATCAAGACGGGCAGTATAAACGGTTTCCCGGTTTTTTCATCAACTGAAAGACCCAAGCGTCTGGCCTGCAAGATCTCGTGTTGAGGCAAATGTACATTGCGACCGATTACTGCGATATCTCATTCTCTCATAGACCTACATGAACTGTCATGTCCGTTCAAAGTGACCCATGAGAGTCACCTGCTAAATCTCATTACGTCGTAGTAACGTGCAGAGGGTGTCCTTCACCCTCGTTTTTTTTGCTATACGTCTTACAATGATTTAGGAAGTACTTACCTGGCCTTATGGCTAGTAAACTATGCTGACCTTGTAGGCCCCGTGTTCATACGTGTTGGTCCAAATACCATATACAATAACTAGTGAACGCTTTACGGTAGACAACCTGTCGTTATCGGCTGTTGCTCGCGAAGGCATCGTTCTCTTCCGTAGCGGACTTAGTAGGGGGAGGCCTACAATGACCAGGACAAAGACATTGGGGTGCGAATTTCTGCTTTTGGGATATGCGACCACTTGGTCGCTAGCGTATTGATACGCATGTTTGCCGAATTGGTACGTGCCTACCCCGACATGAGCAAAACACGATTACAAGTTAGCGAGCCATTCTGTTTGAGCTACTCATTGTTTGGCTTCCGTTATATCCGGCTTGTACGTTCTCCGCAACCGAACTAGTCGCACCGGTAGAAGACGAATCGTGCATCTCGTGGCGAACTGGCCCCCGTTTTACCTCGTTCTACCCGACGGGCGTCAAGGAGCAGGCACACTCTTTACTGTTAAGCGGAAAGGCTCCCGTCCAAGTCCTCTATAACGAAGGTGAGAGAGACGACGCTACATTCATGGATTTAGGACTGGATCTGGCCCC,1239,49.8,Caenorhabditis elegans
SEQ_272295,AAGCTACGTCCTTGGACCCTCGCGGTGTGCATTCATCGGATGCGATGACCTGCGCCTTAATAATCGGGGTAAGTGAGCAGATAGGTAGCAGGATTGGTATACGTCCCAGAACTTCATATCGAATGCCCTTATGCGCCAGAGGGTCATTCACCAACCATTCACTTTGCCAACGCCTCATGTTCCTCTCACATATGAGATATACGAAGCGGAACTACAGCATTAATAATGTGGTTAGGCAAGCTACAGGGCAGAACTTCCCAGCTTACAGTATGAAGAGCGAAGTTTGATTGATCTGTCGTTAATGGGACGGCCTGGTACCTCCAACGTGGAAGGGCGCACGGACGCCGAATGTGCGCAGAACTAGCCGTTTCGCATGTGGCCAGCCGTGCAACACGTCTGGACGCCTATGGATAACAGGTTGTAACACGCGCATCTGTCTCTGCTTTCGTCAGCTTGGGCGCGAGATTAGCAGAACGCTGCTAGGACAAACTTGCTTATCCTGCGACGTTTTACCTACCGTCCGAATAGCATACATAATAAGAGCGGGAAGGAAAATTCTTGTGAATTCTGGTGGTCCGGTTAGTCCGCGGATGGCCCTGAAGTACGGTAGTGGCAGGAGGTCTCGCCCTCAAATCTTATAGTGCGCTCGGTATGCGTCGCTGCCGACGGCACTTGATCTTGAAGTCAGCATATCCATCGCTTGATCAAAGTCCGAAACCTGCGGAAAAGTAAAAGCCGCTCGAGATAGGCGCCAGTCGCCAACTCTAGATACCTAGACTTCTAGCCGCTATACAGAGAGGGCGGTATACTCCGGTAAGGAGTGGAGACACGATGCGCCCCCAGGGGTCGAAGCCCTTCGGTAGTCTTATATGATAATAATATGTCGCGATTTAATTCACGTCTCAGACATAACAAGAACCGCGAGTAGGCCGTCTAGCTCGCGTATACTCTGGAGATGAGTTGACGCAGGTCTAAAGCTAATCAATCCTATCACACCTACCTTAAGACCACTCTACGCAGCGGATGTAGGAGAGCACCTATCGTGGATGTTAAGAGGCCTCTGTTGGTGTGTAGCCTAATAAGGAGATATCGGTATTACAGCTGCACCTTTTCCATGAGACTGCCTTGACGCAAAAAAATACCCTTGCCTCTAACTCTCAGCCCTCATTAATGCGAAGTGACCCAAGGCCTCTTACCCAAAGAGTGTCTGCTAGAGCTCCTTGCACACCCGACTGAAAATCAAACCACTTGTCTCGAGGCAAGGTGATGAGCTGGCTTGTACATACGCGGCGGTCCCTTCCCTAAAAAGTTCGCTTCCCGCCTATGTCAAGGCATTGCGCCATGTCAGAGTATAACGACACCGCGCCCCGTGCCTAGGTCTGCCCAACTTATTCGTTCAAATGTCGCAACTGGCTCGAGCACCACTCCCCTCTAGTTTTCCGGGATTAGCCCGAGCACGTCTACCACTTTTAGCTACGCCACTTTAGGACACTCCATCCCGTTACCTTAACCTTGGTAGAGCCTAAAGCTCCGCACCCGAGGATGTATTAAG,1552,51.03,Mus musculus
SEQ_948704,GCCTTTTAGTCTTTCACCAGTTGCGGGCTTCGATGCTTAAGACCTATACAGACAATTTAATGCTGACTCAACCAGGACTATATCAGGATCCAGCATCAGTGTAGGTACTGGACTCTACATCTTCTGATCCTACCGGGAAATTTAGCACCAGCTCAGTAGCTCTTCTTTTCACTTTTTGTGAACAACTCCTTCGTTTGGCAATGACCAACTATGGGCGAGACCAGGGTATCTGGAAATAGTGATGTGCCTGAACTGTACTGGCGCCAGATCACGAACCTTGTACGAAGTGAAGCCGATTGGTGAGCTCAGGAAGAGCAGACTGCAGCTCAGAGTACTAACTTTGACGCCCACGTAATCTTGGCCTTGAACGCCTACCGGCTGCACACACCCATGGCTTTGGCATGTAGGGTTAGCCTGTCTATCCTCTTATCGCGTGCACAACTCTTATCTATTTGGTACCAATTGATTCAATGTTCGTCGAACTGGAGGAAATGCCGTGGCAATGCATGAATCGAAGATGCCCCGATCACGCTATCCGAGAGCAATGATATACTTCCCCTTTAGTCAACTTACTCTGCGTAATAATAAATAAACATAGAGATAAAGCTTGTGCCGAATTCTGATTCCCTCAAGACTTTGATTACAGCCCTCGGCTTGCCCGTGTAAACTAGCCGACGCCTCGAGCGTACCCCAGCGGGCGTCGTCGTTCGCGAACTTCGCCGTTAGATGGAAACCTTTTTGACAAAACTAGGTACGATGCCAGCCCGCCATGAGTCCCCGCATGTGCAAAAACCAGAATCCGGGGGCAAATTACATGAAGAATTCGGACCAGTAGGACGGGCCGTTCTTTACAGGTTAGACTTACCCAGATTAACTTAGTCAGCCAACATAATTGACGGTATCTCCATTATCTTCTAGTCCCTGTCTTCCCAGTGATACCAGTCTTAAGAATAACTGGAAGCGCAACTCTTTATGCACGAAAGTGAATATCAGCTCCGTATACCAAGAATGATTAGCTCTACGCATGGGGTAGCGAAGTGCACCAACGCTTCTTGTGTACACCCTACAGCAGAACTACCACTCTTTGTCTTGTTGTGTCGGGATACAGACGGACCGCAGATCAGTCCCGCCGACCACCTGCCAACCCTAAACAGTTCCAATTACGTAATCATCGTGCCATTGGACGGCTCAGGCTTAACCCTGTAATAGGCTAAAGGACCGATCCCGTAACGTCGGATGACAACCCCGCTATACATCGCTCAATGCAGGCATGCCGAACGCGATAGGATAGCAATGCTGTCTCTTCTACGTCCCCGGGTCTATTTAGCGTCTATTATATTATGCCGGCGCCAATAAGAGCCCGCTTGTTACGAGTACCCGAAGCGAAAAACGAGTACGCTGGCCGGGCCAATCCTTCATTGATTTCGCACATGCTTTGTCACCGGTCCCAAACGGTTAGGAGCCGATATCCTAATTTCGGTCAGCTCTTAGCACCCAATCTCTCTGTAGATCAGGAGATCCGGTATTTGGAATCCCCTAAGCACAGTTCGTTTTTTCCAGCTATGCCGTCTATTCTAGTACAGTCTTCCCGCGTACCGCTAACCCGGAACTCTCGTTACATCTGCGGTACTTGCCTCACTGTGTACCTCTCATTTGCTGATGGGGTCTGACCGATTAGAGTAAAACTACTGGCATAATACCATTTGAGACCTGTGAGGAGGC,1722,48.66,Homo sapiens
SEQ_884900,AGTCTCGGAGATAGTCTGGTCAACCGTTAGCCGTACATTTAAACTTTGGCTCCCGACCGTTGCCACCGCTGGGGAAAAGAGCCAGCCTATAGGAGTTCACTCGCGTAGCATTACCATATACTAACCTTCCGGTTTCATCCTGTGGTATCGGTACACCCATACAACACCGGACTCCCTTCTCTAGTCAAGTGTTGCGTGAAGACCCTCTGATTCCGATGGTCGAGGAGCATCACCCAAACGAGAGCAAACCTGTACGTTACTGTACCAGATGGGCGCTAAATATCATCGGCTCATCAGGCGATCTTCCCGGACGGTAATCTGTTTCTCTCCACTCGCGAGGCTAGTTCGCGGCAGTGAGTATTGTATCTTAAATTCTCGTACTGAGCAACGGTGCCCATGTAAACCCAATCATGACTCTGTCCATAACGAACAAGCTAGGGACATATTACCGCGGTTGTTGCCGTAAGAATTCATCAGCTTAGTCAGCCACTATCCTAGAGATCCATTCGCTTTGCCAGTGCGCTGCCTCAGAGAGTCAAGCTTTCGACCGGCGTCTGGAGAAATGCAAAATGGACCGCTAACCTCGTTTTAAGCATTGTTCTAGGGCGGGTCGAAGGCAGGTTCAGCCGGTGGAAGGACGAGCTACCTCCGGAAGCGGTATTCTCTACTCCTACCCATTTCGTAAAACGCCGAAGACAAAGCTTTTATTGTCTAGGAAAAGACGCATGATCGATCGAACGAAAATCGGAACTACCTCGTAGGCCCGGCAGGTGTACGCCCACGAACCTGCATCGACTAGCGATTTAGTGCGACCGTTATGACGGACATTACTAGAGCAAGCCGACGCTAACCTTAATCGACGACGATAAGCCAAAAAGACGACCCAGATGACCACGAAATGAGATGAGCCATTGATAATACAGTATAAGCCGACAACAAATACGACGTAGTTGCTCTTTAATCAGCCGCGCGATGGGCACCTACTTCGAGATTACTCTGAATTCAACAAAGTTGCACTGTCCCCCTACACTTTTGCTTCATTTAGTTCTTCTTGGCTTGGTGAACTGAATCGGGCTCTCACTGCGGATAAGCAGAAGTCGAATCGCTTTTAAGCGCTTTGGTTTGAGAGCGGTCCGCGCAAAATCAACCTCGGAACTGAAACGATTTGTTCACCTTGAACTAAGTCTCTAACGGACGGAGTTTTGTTGCTTTGCAAATTACGAAGAGGCGGCCCGACGCCCAGCTTGATCGCATGCACAGGTAACGGAGCCGCGAGCGTCTGACATTCGAGTACTCCTCGCTCTTGTTAATCCTAGTATAAGCCTTTCTGTTTTCGGTAAGTCGCATATGATGCCAATGCAGTAAAAGATTGGAAAGTGCCAACCAATGCGGTGGTTCCGTCGGTGTATTCCACTGAGCGGGCGTTCACATCATAGGATCTTTCGTCGTACACACATCTTCGGACCTTCTGAGGGATGTGTGACGTGTACGTGTGATCCCGAGCGCTCTGGAGTAGATGTGCGGAAGTCGTTTAGACCTGGGACGCTAAGGTGCGTATACGTTTCATTATGCTCGCGCAAACATCAAATTTGTAAATCAGTGGAAGGTGCTCCCCCCGACTTGCCATCATTATTTCAC,1638,49.45,Caenorhabditis elegans
SEQ_932173,AATTACAGGTACGCATGTGGGACTCCTATAATATTGGGCTGTATCCCAGGTCACTCAACAACGAATTATTCTCTTGTCGGGGATCGCGGCCATTGCTAAGCAGAACGCATTGACCGATCGACTTGTTTGCGTTTAGCAAGGTATACGCCGCGACCCCCCGCGGCTGCGTCAAGGTACCTTGCTTAGTCACTCGGAGCTCCCCGGATAGGCCAGAACCCCTTGCTCAGATATAGTTTGTGCTATTTAGCAGAACTATAACTGCAGAGCGGATCCGCCCCTTTATAGCTGAGAAATGATCCCGATCCTTCTGTAAGCGGAATTAGGTTTCACACGTTATTCACGAACAAGGGTAACTTCCGACATGATTTCCAAAACGAAGCCGCAAGAAATCACTATTGAGTAGTCCGTTTAAGTGACCGGATCAGCAAAGCCAGGGATTAGTCTGATCGCTCGATTATAGCAGTGAAATGCGATGCGATTGACTACTCAAAGAACGAGCACAATTCTTGTTACCCAATGGATAATGGGCTCTTACACTGGTGTCGCCACACTTTCGATAGGGAAGTCATCCTGGCTATGGGTAACCATACGAAAGCACAGAAGGGACGAGGCGTCGCAGTCGTGACTTCGATAATTAATGCGACCCTCCGAGCAATGCCCCGCTAAGACAATAAGATCAACGCAGATACGAACACCTCTTGAGGCTTACAGTATGGTCACGTTCTCTCCATAACGGTTGAAGGATCAATTAGTGCCCATTTCAGGAGGGATTTGCACGCAACATAAGTTGGAGGTGTATGGTCGCGGCTCGAGCGTGATCTGATAGAAGTGGAGCGTGGCCGTTGTGCGGGGCGCATGCAGAATCGCGGACATCTCGGTTCAGGAATTAAGATAACCCTAATATGCACAGGGTGCTCAACGACCTACTCGCTTGTGGATACGGAAATTCGAGGCGACAGCTGAAAACCATGTTTCAGAGCGAGGTAAGTTGATAAATTACCCAATCTAATGCGGGGGTCAGAATTACCTGCGTCCTAAGAAAACAGCGCCGAACGTAAGGGGGAAACTGGCATCGGAAGGCTCCTTTCGTGAAAATGTTGCTCGGTTGTTGACACATCATCCTGTTTTGTTCGCTCATTTATGGGTGGGGTAGTGAGTGCTATGTAGATACACAATAGAGCAGATCGTGGAATATTTACCGGTCGGATATTTTTCCCCCTGTTTCTAATGAGATGAGTTGTTAAAAGTTCACTGGGTCTCGCCGTCTGCACAAACAGAAGTAGTCGTTATGTGATTGTCGCTATGCTTATAGATGATGGACCCGATATACAAAGATTACGTTTACCTACGTGGGAGTCACTAATTACTAGGAGCTTGCTCTTTATTCTCTCTCTTCACGTATGCATTACTGAGCGATCGGACGTAGT,1427,47.58,Caenorhabditis elegans
SEQ_185711,CGTGATTAGCGTAGCGAGATGCCACTTGCAGCCCTTTCTAAACGATTCCGGCCACAAAATTCGTTAGAGATGGGGAACTTGAGAAGCAGTATGGGCCGATGTTAACGGAATGACACCGCACGTGCTATCTTCGGAGTTATTGGCCAGTACACTGCAAAACCGCGATGGACAATCACCTCCATGTAAGGAGTCGACAACACTACATCGGCGGTGAGGTTAATGTTTAACCCCCGTGCTCTACTAGGATAGCGTAAACAAATGATCGAGGTGGGTCGGACCTGAATTGGAGCCTGGATCATAGGCCACGCTGGTAATCAGTGTCCACGGTCCTCATCCCCGGTACTGGGTGGCAAGTGAGACGATCCGAGCTGCGCGCGCACGGGAACTTTACCGGATTGGGATGCTTTTAAGAATCGCGCGACTGATACAACACCTCTTGCAAGGGGATGGGCTTTACCAACCACTTAAACATGACGTAAAGCCAGCGGGTAACGGAGACGGTATAGAGGAGATATGGATAGTTACGCGTTTCCTATAAGCCCGGATATAGGATCACCCAATAGGTGTTCCCGTGCATGACAGTAAACCGGCGTGTAGTCACCATTGCAATACTCCTTGTGGAAGGTGAAAGAAAACCAGCCACCAGAATCGACACCGAATGGACTAGTATATTTTTGAAATGAGACAGATGTGTATAGGACTAGGACCCGATAAGTATTGTGTGCCAGAAGGGTGGCTCTCCATACGAAGTGTTAACACCTAAGGATTAGTAAGTCACCGCACCTTTGTAGAGGGTAAGATAACGCGCCGAGTTTTTTTGATTCTGCTTCTAACGCATGACAGGTTTGAATTCCGTGGCAGACCGCCCCGACCTGCCCCCCCTGGCTCTAATGCCCGGCCTGCTTTGTCCTTCCAGCTAGGCAATTATGAGCTCATGAGTCAACCTGGCCTCTCGGGCCTTCCAAGGTAGCCTTTTCTGTCTGGAATTACCATGTCTCTTCAATTCGGCAAACTGAATTTATCTGTCAAGTCTACTTTAATTCGCCAGCTTGCCTAAGTCTTTTCCGAAACGCCGCTTAGGACGTCCAAGATCAGGGACGTAGGTGGGGCAGCTTAAAATCTCTATCCTGGCGAAACTTCACCTTCGGCCTCTGTAATAGGGCCCTTCACATTCTAAATGTGCCACCGCAATCCTCCGTGCACACCCAGTTTCTTGCGACCACAGAAGACGCGTAACCTAGAGCACTTTGCGGCTGGCTCCGCAAATCAAGTCGCACGACGTTTACATGGAAGTACGGCAATGAATGAGACTGCTTTTTCTACTGCGGCGACAAGTACACCTGGCGCACCGACATTAAGTTTTTGACATCTTGGTCGGGCCAAGAAGTCGATTCCGGTGGACTCGCTGTGTCAGACCGTCGAAAATGAGGATATACCGCCGAGGGGAAAAAACTGTGCAATTTCTTAAGACAGCCGGGATTTTACATACAGATTCCGTACTTCCTGTCTCTAGCAACCGGGGCTTTAATTTTTGTGCATTCACGCTTTCCAGCGGAGGCATGCCTTCTCGCGAGGTCCCACGCTTGCCTGGGAGAGCACATCAGACTGTACGGGGCCCGGCCGTCTGTATCCTCCCGCTGTAAGATTATCCCACTGGTATAAGGAGAAATAAACACGTCATCCGATTATGGGAACAACAATTCAAC,1706,50.23,Caenorhabditis elegans
SEQ_946834,TAGAATAGAACCGATATGGCGCTCTCTTCCTTACGGGACGAGCTTACGTATAGTTCATGCAAACCCTCACATCACGGGTCAGACTATTTTAGCATAAATTCTTAGCTTTATCGTGTAGTTTGAACAGTACGGTGATTTCAGAGCACTGGGGGGCACATTTGGCCAATCTG,170,44.71,Arabidopsis thaliana
SEQ_718322,GGAACTGGGCCGGCTCACATCAAACACATACTTTTGATCTACTCCCCCTTACACGTCAGAAAGTCTGCTAGACCGCATAGAAATGAGGAGGGAGTTCGAATTTTCTAATTCGGGATCATCGGAGGCACAACTTGCCTATATCATTGGCAAAAGTGGATCAAGTTGCATACGTGTGCTCTCTGGTTGGTGTCAAGCATCTAATGACCAGGCGCAGCAGAAGCCAACCTAGAGCGCGATCGCAGTTACCTGACGCCTGCACTAGTGGTAGCTACGAGACGTCCCCTCCCCGGATCCAACATTGATAACTAGCGCTTTTATGTCATCCGATTCCAAGCTCACAGAGATGTGCGACCCCATAGCGTCTGGGCAAGGCGATGCATATGTAGGCTATTGTGCGGCTTTGAGGGGAATATCTGGGCGCGCTAAGCAAAATAGTGAAGATCTGTCTACTGGTTTCGGTAACTATTGGAACTAAAGATCTGTGATGGGATTTTACTCAGAGTAGTATTCAAACCAGTTTCAAGGCGAGTCTGTAGCATATCATAAGAGTGTCGACATGCTAGCCTCCTTCATACATCGAGCGCTATTGACATTTTACTAAGGGATGACCCCCCGAATTGTTGGATTATCCATCGGTAGCTAATATTCCGTATGCGCGAGCAAACCTGCTTTACAGGAGCAGGCGGGCTTGGTAGACTCTCTGTCTCTTAAAGCATGCCGCGCATTGGTCAGCGCATCGCCTCGAATTGCGAATTGACATTACGAAGAAGTTCGGTGGCGCGCGTGCACACTGGTCTAGGCAAACTTAACCGTACATCATGACGACCCCGTTCTTGTGCACCCAACACCCTTCTACATCCACAAACGCAAGAGAATACAAAATTAATCATCTGGCCCCCACCGCGGTCCTCAGGGTCAACTATTGCGGTCATTGCCGTAGCTGCCCATGCTGGAGGTGCGTTGCGGTAACCGCGTGGGCAAGTTCCGAACAAGCAGGCGCATGAATCGGGCCCCACGGCAGAAAGCGCTGCGCTTCAGCACCATGTGCTCGCCTCACAGCGACGACGCATAGGTTGTTTGAGGGACTAGGGCACATCGAATCGTGCGGGCCAGCGGATATGTTGTTTTTTCTGACCTATCTCTACAAGATTCCCACGGCCGCGTATCGCTCACTCCGGCGTACTCTTATAATGACTGCATGATCAACCTGGCCCGTCAGCTGTTCCTACCTTTCGTGGGCCCTTCGAACTCTATTATCCGTAAAGTTTCGTCACCGATGCAACGTTAAAGTATGTATCATCCTCGTACCACGTATCACGCGGCCCGGAGAGCCTTAGCGACCTTGGACTAACATGGAAATGTCCGTTTTACATTAGCTAAGCACGGGGCAATTTAATACCTGCTCAACAGGGGCATAGTATGCGCCCCTGCTCGCTAACGTAAATAGCGTACAAGAAATCCCTTTCGTCCTCCAGGCACGTAAGATACTCGGGGCCCCACCTCCCTAACAAGTAGACCTTATTCCGGCCGGTGGATCCTACACAAGATGTAACATAGCTACTGTCACGACAGGGGGACGGGTATACGCCAACGTCTACCTATTGGTTGGACTTGGAAATAGAACTCAGTAATGGTTGCCAATCATCTCCACTAAGCCGTCGTCAAGCGTCTGCTCCCCACTTAAGGCCCGATAGCAGGATTTGGGGACTGCGGTGATCAAAGTCCCAGTCGTCGTCGTATAGTCTAGATTGTCTTCGAATGCTAACTATACAGTGGAGGCGCGCACCCCGGCAAAGTGTGCGGGTCTCCCGCGTGAGCGTCGCCA,1825,51.4,Saccharomyces cerevisiae
SEQ_810114,CAGATTGCAGCTCCGGCAGTGGGTGTCACTACGACCGACAATCTCGTACAGTGGTACTACATAAGAGCCGTCTTATGCCAGCATCGTCCACCCCCAGGTTCGATTCCTCAAACACAAATCTCGGTGAAGCATGTTCAGCCAGTGGAGTACAATGGCCAGGTATCTTTATGGAGGCATTTTTGCACATAGTTTCATCGGTCGTCTCAAGAGTGACCTTCCATAGGGGCGCTAACAAGGGCGCCATAAATATCCTAGGGCGCATTGACTAGTCGCCTATACGAAGCGTTCAGTACACACCTCGACTAACTGCCGCGTCCACTACTAGGAATACCACGAAATAGGTTCCT,347,50.43,Homo sapiens
SEQ_669868,TACGTACGGCAATTCTCATCACAGGTCCAAGATGCGCCGTCGGCAATGGGGTGCACGTTCTCCTTTAGGTAATCAGGCAGATTGGCTGCGGAGGAAGCACTCTACATGATGCCGCGCACAGCTATTAATTTTTCTCTATCTAGGTAAGAGTAATTGATATAAGCATTACACATGGCCAGGTCGAAGTTGGATTGCGCAATAGACACCGGAATAGACGCTGCCTTTCTTCAGTATACACCAGGCCTACGCACATGCTCAATACCTTCGGGATGAAGCTGGGAACACACCTTGGCAATCTGTATTCGCCGGCCACACAAGTGAATCAGTGGCGGGCCAACGTTAATCTCTGTGAGAGTGCTCTGCCCGATGGGAGCCTGCGGCATCATCCAAAGCTTGTGGTTTAGTGTTCCGCGTACGAGGTCCTGCGAAGTGAAGCTCGGCAAGGTGAAACATACCCCCCGCAGCATCTAACTGACGATGGGAGTACCGGTAAGGGTACTATAAAGGCCTAGTAATGGACTGTCGGGTTCGGGGAAGAACGTGTGACTGCAGGGTAAGTTGTATTACTCCGTAACCCCACTACAGTTCAAAAACTGGACCCCGAGAGAAAGCACACAGGCCCAGCCGGGTGCCCGACCCGATGGACAACCTCGTACTTGCCGCTCGGAAGAGACAATCGGGAGCTTTTAATACGCACGATTATAGTTCAATCGCGAACAAGGGACAAAACAAATGGCCCCCTGTTGGTTATGTGGTAGGAACGAGCGGTAGGGTAATAAAGTTGGCCATGCGACCATCTCAGAGGAATTCACAAAGCAAACCTATCCGCCAGTTAGTTGACTATTCTCAGACCGATCGAAGGTGAGTGATAGTCTTAAATGAGGTCACATAAGTCAACCAAGGACGATCATAGAAACTGACGTTATGTAAAGTATATCCACGACCAACCAGGATTTCCTCAGTTCGTCCGACCTAGCCGTAATGATAAGACTTATCCTGCTTTTATATTGTATCAGTACTTCCTGTTCATGCGGAGCGGATGAATATCATGTCCCCTCCATAAACTTCTTTACGCGGAGATCTTAAAGCAGAACCGCTCGTAACGAGGAGTATTGAGCTCTCCCTTTCCACTTGATTTAGGTGGTAACCCTCGGTGAAGCCTTGTTACATACTGACTGGTGGCGCGCCTGAGTCTCACGGCCCGTTCGTGGTGCTCACGCTGGTGTCCCGACCACTAAAATGGATCTAGCAAGGA,1255,49.8,Caenorhabditis elegans
SEQ_506895,GCTTCGGGTTCTAATCTGATGGCCGGCTGGAGCTGCTAGCGTACGCGAAGTTAGAAACTGGGGTAGTTGCCCTGCGTTGTTGCGTCAAGGTGTAGTTAGCTCATACATTTACGCCCGCTCCTTAATGCGCACGTGTGTGTGACAATACCGTCAGTATCGTCATCTTCGCCCGATCGCAAAATGTAAAACATTAGGAACGGTCCTCATTTATTTATGAGAACGCACAAGTCAAACACTGACAACTAAGTAGTTTTGCTCTGTCAGTCAGTGGTCATCGTTGTCCATGTATTAAGACTATAGTATAGCTTGATGAGTGGCCCAGCGCTTTGAGCACTTTAGTCCGGGCCGTGCCTCAACGTCACATCTATTATCCCACTAAGCATAGAACCCAATCCTTGGGACTTGTACCGATTGACGCGTGTGTCGCACCATAGGGCAAGGTCTGATAGCCGTAATGTTGAAATCGAAGTCATGAACGAACTACCGAGCAAAAAATCCATGGGTTAGACTAGATCGGCTAACTCGTGAAAGGCTACGCCCTCTACCTTGCTCTGATTTGGGGGAGGTTGGATTCTACAGTTAAAAAAAGTAGTGTTGATGATTATAGTTGAACACCGGCTAAATGCAACGCGATAGTAGTGGGTTACCCACCGCGGTATACCAGGCTTTTCACGCGCGCTTGAGCATATCCTTAGTTAGGACCCGCTAGAGGTCACAGTACGCAGCCACTAGATTCCGGTTTCACAGGTTGATGAGTGCAATGTTAGTGATTCGAAGGATTATCTAACAAACATTCACGACATAAAAGTGGCCAAACGCTGTTCGGTAAGTAGGCAGGTGTGATTTCGGGTTCAGGGGGCGAACGATGCAAAAGGGCGGTTGATATTGTCTGATTGTTTTGGTTGTTTCTAATGACCAACGGTGATATTCTAATGGAAACCCCCCAGGTTCAGTAAGATTGAAAGAATCTATGACATGAACAACTGCCCGATATGCGGGCTCCTGGCCCGTTCAGCACTCCCAACTAAGATTCATTTCAGAGAGATAAATTGCACCTGAACAGCAAAACCGTTCAACCTAGACTCTCACTGTTTGCCTCATAGACAGCATAAGTGTGTTCCCTGAAACCACTACATTGATGCGCCAAGAGGTTCCGCATTTATGCCTTAA,1170,46.67,Escherichia coli
SEQ_245364,TGGACTCAGCGTTCTTCTTCGGCCAGCTAAGTTTCCACCCGAGATTCGTGGAAGAAACTCATTCCTTATCTTGTATATGGGCTGATAATATCGTTACCACCCCCTTTACAGTAGCATTATTCCCTGTTTTGCAGGTAGGAGGTGGTACTCTCGAAATATGGCTGCAGGCGCGTGAAAGGTCATTCTAGGAATAGCTATGATACAGCTGTTGCAAAACTTTCATAAGATCTTGGCCACACGATGGTACATCGAGTACAACCTCTGATACCAGCATATAACAGGGTTCCATCCAGGACATTGGATATGCTGAGGATATGCCACTTTGCAGTATATTTGACAAAAAAGACGCGAGGTTTTGGACACCGCACCGTTTCCCAGTG,380,45.53,Escherichia coli
SEQ_535004,CCCGTTCTCGCGCCCAAGTGAACAGGCAACCAACAAATTCCTGGCCGATGCATAAATTATCTACTACTAGCGACGGCCATAGTAGAAAGGAGGTTACAATGCACCCCCGTACACCCGATCGACTGATTCCAAGCCTAATTTCCCATCGACTACAGTAGCGTCCCCCAGCCCCTATGGAAGGTCCTGGCTCCCTTCACTAGTGCTGTGCCACACTCCCAACTGGACTTTTGGCTCTGCCTAGACGTTGTCCTACGTGGCGGGTACACGTCCGGCCGTAGATATTCTTTAAAAGCTGCCCGCGATAGACGGTTTCCCAATTATAAGTTAGCGCCTCGACAAACACCGAAAGTAGCCTGAAAAAGGATTAAGCTCGTGCATAAAAGCCTCGCACAGTCGTCAGAAGACCATCCCGAATTTTAGCTTGTAGGCTTGATAATCTATTTCTCTGTAGAAGCTTTTGTTCACGAGCCTGGTTTGGCTCCTGCTAGCTAGTGCTAGTCTTTTTAACATGTTTACCCCATATTTCTAAAGACAGCAGGGAAACTAGGGAAACGGTGTAGCTTCGCCAGAACTCTCGGGCGTCACTACGACTCAAATTCACATAAACGAGCCCGTATGTGCTGAGACGTACTCTATGACTGTTTCACCACACTCTCGCGGACCTCGCCATCCGGATGTCCTAGCTACTTCAGGGAATCGTCCTGGGTCTAGGTTCATTTACCCTCCTGAGCGGGCAAGGCTAATGTGACCGCGGCCCGGGGGCGTAACTGTGTTCCGTACGAAGAGAAATGCCGAGACCTCGGCTTTAAGCCAGGAGAGAGCATATTGTATATCCCGGGGCTGTAGCCTTCCCTCAATACACCGCCGCTATGATCACATGCCGCCAAGAAGACGGGGCCCACACTAGCGCGGTGCGGAGCTAGGGTAATATGCAGAACCCAATAGACCTGATGAAGCGGATTTCGA,966,51.66,Caenorhabditis elegans
SEQ_749864,GACCTGAGGGTGAATATTTACCGGGTGAGATTTCAGTAGCTACATTCCGCCCGCCCTGAAATGCTTGCTGTTCAGGATTGTCCTGGCCTGTTGCCTTCACATGTGTACGCCGCAGGTTGCCAGAAGATGGTCGCCGGCAACCATTGTTGCTGTAGATATCTACTCGTGACTTACTTGAGCGTGAAGTCGGGCGTTGAGGACGTGTCCTCTGGGAAACGGGGCACCGGGCATGAATGGGTCATCGTAGACCAGAGTAGTACCATTCTAGCCCGGGTGTTCACATCTTCGACCTATGCTTCATAGTACAGTGATAGCGCCTGAAAGATGTCGGGTAGGGCTCTGACGAAGTTTCACTTATCCTCGGAGTGTTCCTCCATCACGCATGACCTTACATAAGCCTTAATAGAGCCGATTAAGATGGGATTTACGAGGCAACGAACCTTCGTCCAAACTACGGAATTTCTGGTGGGAAGGGACCTCCGCTTCCACCCGACAACACGAGTGGATGCGAAGCCAAGAGCCAGAATTACTGCGATATAGCCGGTTACTGTTCACTATTGGAAAATTCCAGTTCCGATAGTAGACTTCATCTGTGCGACCATGTTAATGTTGTTTTGTACGGCGCATAGGGGCAGTTAACCTCTTTTATCCCGGATGCAGTCGGGGTTCGTCTTCCTCGCTGGTCCTTGGCCTACCAGCAAGGTGCAGATGAAATCGATATACCTCGAGGTGGCGTCCATACTGAGGAATAAAACGTAAACTACAGACGGTAAGAATCATCAATCATGACAGTTCCCTATCATACGAACTTAAACGGATGTGGTCAACCAGGGGGTAGGACAGATGGATCCTACTTGCACTTTTGTTACGGTCACGTCGGAGGAGTGAGAGCAATCTTGCCCATTAGTACACGTTAATATAAGCCTTCCGGCTAGCCGTAAGACCCACCGTTCCCAGGTTTGGAATCCGAAGAGGAGGATGATACCATGAAGCCCATGATAGAAACGCCATTTTAGCACGGCGTGTCGTCCGGAATATGAAGTGCCGCAAAAAGTTGCAAGGTTTTAGGGGGAACAGTGACGGGCGGTCAGATCAATCACTTCTTATACTCACGCACACAGGCGGGACCCTAACGGTCCGGGTGTGTGATGGCATGGCGAGTGGGGTTATCCGCACATCTGAACAAATTTAGCCCGGAAAAGTCTGTGCGGGTGATCAGTTTTTTCTGAAATTGATAGTATGAAA,1245,49.8,Escherichia coli
SEQ_262742,TTTTGATTTATTGCCGCACGAGCGCTTTTGTTATTACATGCTAGATATAATCAAGTCCCGAGTCGAAGGTTTGTTCTGATCACGCC,86,41.86,Homo sapiens
SEQ_900735,CGTCCAATTTCTTACAGAAGCCAGGGTGTAACAGCTAGTACGCTTACTGTTTCATACAGTCTGACCTGCCACAGCAGATAGACTACCCTCTATCTTACGAGGAACGTCGGGATAAATTCCACTCCGACGTAGACCGACACGCCACGGCGCAACTTGACGACAAAAACACCCAAATTGCTTGTCTACTAAAGTTCATCGACCAAGGAACGGTTCTTTGGCGCCTAGTTCTGATAAGACTACACGTTTCGCGTGTCCTTACACTTCAGTTTGACAGACGTTCGGGATGTGTTGGGGGAAGCCACGGTCGCTATGAGTATTACATTCTGAAACTAAGGAAGGATTGCATCGTAGGTCAGTAACCAGCAGAGGACAATCCAGCCGCGAAGACTGGTTTTGTCTCAACAAATTAACAATTCGTTAAACTGAATTCTACGGCTGACCGCGTAAACTGCCGGGACCGTCCCATTCATAGATGCGGACTCTACACGATGCATAGCCACATGTGATATTGCCGCATCCCAGAATCACGGATAGTCTCAGACTTGCCGCTAGCTGCCGGTTCGTGTGAATCCCGACGTGGAGCTTATGGGTACGGAATTGCGGCACTACATCCGAGGGCCAGTACGCTCTTGTACTCACTTTCAACGGACTACACGATCTTGATGACATCTTCGGCATGCTCGCCGGCAAACATTAGCGTACTATATTTCGGGCATGAGTGGTGGCAGGCGTCCATAAGTGTTCTAAGTTTCTCGCTACACGATGAAATGCCAGTGCCGAGGCTATCTTGAATCTGCGAATGCCTTTGCAGGATGCTTAATCAGACTTTCTGCGGGTAGTACTCGCCGTGAGGTGTATACGCAATCGAAGTGTTTCGCTGGCGCAAACAAGAGATCTTTTAGGTCTCAATGTTCCACACTCTCTACCCTGTCCAGTACTGAAGCTGTAGACAGCAAGCCTAAGCACAATTAGCCCGGAGCTCAGTGCATGAGTCCAGATCAGGTCGCACCGCACGAACTGCGTTATCAATGAAGCTTAGAGTCCGTCGTCAATCAGAAACCGAGACAGAGACGGCCCGACAGGAGGGGGACTCCATATGGAAGTCTGGGAGGGGGCAAAGGGAGTTACAACATTGTACTGCAATGCTCCATAGGTAGTGGATATACTCCCCGGCCCCATGCGCGAGTCTCGTTCGTTGCGGGTCTGGCTTCTAGAGCTACTTGCCCCAGATGCTTTTACATACTACCACACGAATTAGAGGCGGAG,1266,50.39,Escherichia coli
SEQ_856909,TCCGGGTCCCTGGACTCTCGTCCCCGCCACGTCTAGGGATTCGAAGACAAACCTCTTCTGCTCACCTGACCCATATGGTCGATAGTTTTATGTCGGCCACTGAACGAATGTATGGACTGTTAGTTCTGTCGAGCGGATTGGTTAGGGGATGTTTGTGCCACTGCTCCGGGAGGTTCTTAGATGAATCCCACCTTAAAGTTCTCCTGTATACATGGTGGCAGACGAGGTAACATCCTTGCGATGGTATCTATAGACATTCATTCTCATAAGTAAATGATGGCTGGCGGGGGAGACTGCGATGCCCACACTCAGCAGCAGGTCCATTAGTAGACTCTCTGTTCTCCTTTTGTATAATCCTGCCTAGTGCCAGAGATGTCCATATACCTCTGGCTGGGCCGATCCCAACAGTTCCAGACGGGATCATCTAGAAGGGTTGTGCAGCCGAAGGTAAGTCGGACATCAGCGGCGCGGCTCGTTGTCCCACGAACCAGTTATTACCGCCGGGCTCCTGATCACCAAGGCGCATTTAATAATCTCTGCGGTCATTCATACTCATTATACTATATTCTCTGTACCTGCGCTCCCTCTCCCTAATGAGTTGCTCATCGCGACGCCATGTTGAGCCGGCGATTCCGTGAACAAAACTGACGACAAAAATTTCGAGCACCGGACAATGATCAAGAGCTTCAGTCTTTCAGTATTCTGAAGTGAGCTAAGTACGATTATATGGTCCTGACTGCCTAATACGTTAATGACCGTACTACCAGACGAAAGTAACCCGTCTCTTGTGTTGCCCTCACCAAAGGCTATGGAAAAACGGTGGATTTTTCCGGAGCGCAAAGCGAACGATCTAGATGGCAACTCATGTGAAATCTGCGTCTAGCGGAACAGTCTAATTGTTGAACACTCAAGGATCTCCGGTCGTTAGAGAACAACGACAAAACATGTAAGAGGTGGGAGATTTGGGACTCAGTCCATCAATCAGACCGCCTATTTCTTCGCACTATAGGTAATGGTCGTTGTCCCGCAGCGACGCCTTGCTTTCTCCAAGTGTAATTACGCACATGTGAAAATCAGTTCCTTTCATGTGGAGACGGTTTAATGGTCCAGCAACGCCCCGCTTTTTAGGCGAGTGGTTATATCTTGGACTTTCTGTTGCGTGCATGGTGCTATTCAACTGTAGAAATAGCGCTTGAACTTCCAGTGCCACCACGGAGACACGACGGCTCATCTACACTAGCGGCATAGGACCGGCTCACGACGGCCTTAACAATAAATTACCTCCCCCTTTGGGAAAGGGAGAGCACACAGGTGGAGCGACCTGTAATGTACGAAAATACCTTTGCGTCCCCCCACATAGGCCGGCACCTCGATCGGCATGCCGGTGCCGAACTTGCGTTTCAACATAGCGCACCTTGACCATCAGCTAGTCCGAGTATTGATCGGAGACAACTGGATGGACCATCCTTACTCAGCCTCTCCACCCTATAAACCGCATCCAGATGAGTTTCACATTCCTGAGCGCGTCATACGTATCAACAATTGTCAGGTGAGCAATAGTACGCCACCATACTGTAAATGAAGGCACGGAAGGAAAATGTCATATGTACTAGAACGTCGGGGATGATGATCAGAGCCAGGGGCCGGAGGCTCGTTACACTTCAAGCTC,1669,49.73,Escherichia coli
SEQ_581499,CGAACCCCGGAAGGCGAGACGCAAACTCATGCCATCCATCCTTTAGGGATAGGTGGGCTTGCCGAATGTGGCCCATTCACTGCCAACATGTCGCCAGCTCGAGACCCCTGCAGTGCGTGCCTAGCCAGATCGATACTAAACATTTTTGTCCCGTTCCTTTACGACCATCGAACGACCCGAAGTCAAATAGCAGACAATGGCGGCCCTAAACGCTTTTCAGCTGTGCGCTCCCACGCTCAGCATCTATGTGGGGTCCGACCTTACATAGAATCCCAGTTTGGGGCCTACCTGGGGGGCGTCCTCGTATTGGCCGAATATTGGGAGAACGTTCAATCCGTGTGGTAGCCTGTACGATTTCACTATGCCGGTTCGGATGGTCCATTGATCCGAGTGTCGGGCGATCCTTGGTCACCCTGAGAAGCACAGGGGACTAACCGTACCATCAATCCTGACATGATTTTATGTTGAAGCGGGTCATTGTGCCACGAGGCTTTCCGGACAGGTGGGCGTGGAAGAAACAATGTCTTTCCTTGGTACTAGTGATAAACACCATATAAGCCACGGCTGCATCAGCTTCACTTGCTTCCGTGACTTGGAATTGTTCTCCGTTATAGTGGTTCAGTCGAAGGGCCCAGCGGGAAGCAGCACCGGAATTGACGCAACTTGTAAGGCTGAGCGGTAGTTGAGTATCCGTCCAGTGGAAACGGGCCGTTGGTCTACGGGTCAAGACATATGCTGCTTGCTGTTAGAATAGCTGGCACTATCTAGGGAGAGTTAGCTGCTCTAATATACCAATCAAACAAAGTACAAATGATGCGCGATGTCTGGTTGGTATACCAGTGGAAGAGAAGGAGGCCTAAATATCGACTACTGGACCAAAGCGTAATTGAAATACTAGAATTCGATGTATACGTCAGCATGCTAACTCGATACTCTTGCATAGTCTCATCAGAAGTTGGTACAGCCATTCATTCCTACGACCGGCTTGCCCCGTAGGTTAGTCAGGGGCCCAGGATCAGGCCTTCCTAAGTCAAAACTCTCGCCTTCTAAGCCTATGCGGCGAAAAAGAGATTGCCAATACATGACATTTCACCTGCCTGGTCTCACCTTCGGACTCCAGCGGTCTTTTCAGATTATTGGTTATCGACTCGCACTGCTAGCCGTTGCGAATTGCTCAATAGGGCCCTTTCGTGCCATATTCACGATTAGATTGGTGAAGGAGGTCCGCTGTCCTCAATGACGTTGGACACCTCAGAGGTCGCGGGCGGCAGACATAAGAAACCCCACAACAGTACGATTTTTGATCGGGTCCCCGTGGGCTGCCGCAGCGGCTTTATGCTCACATGCGGCAACCTTTCATCAGGAGTAATCCTTGGGCGCAGGTCTCATGTACGTCCGTGTGGATTATTTCTATGTTTTGTTTTCGGTGGCTTTATACGCTTCTCGGTAACCTTTGGTAAGGGAGAGAGCACGTGACTCTGTCTCCGTGGCTTCGTATACGCCTGGTGTCTCCCGAGGTCTTAAGTGCTAGAACCCATCTGATCTACTGTCCGGATATCAGAAGTGTTCTGCTCTTTCTCGCTAGAGCGCGTACGCTATGGGTGGTGGGACCAAAAGGCTG,1621,51.26,Caenorhabditis elegans
SEQ_505013,CCTCATTCCCCTGTTTACGAATAGATAGTTGTTGTGACATTTTCTATATCGCCAGTATAGTGCAACGCGAGCATGACATACCACGCCACGGAAACAATTCACACGAGGCATACCGGTTGCTCACGCGGTTTCAATCGTATACGCTTAATCGAAACATTAGGGCACGGACAGTCCCTTCCGTGTGGGGCTCTCATCAAATCCAAAGCGGGAAGCTCCCTTACACGACCGGCGTACAGAGTAGTATTCTACCTGATGACGCCTAACTGGGCGTTGAGTTACCCCGGAGCTAAACGTCCACAGACACGAACCTGAAGCCCTCGGTTTCTAGGTGAGGGGGTCGTAGCTGCCTGTTACGGTCATCTAGAGCATCTAGGAACCCCCCCAGGCGCGCTTAGTGCTCAGGATCAGGGAGCCAATACTGCTGTAAACCTTTAAAACCGCGTAATCGACGCCGCGCCCTGACTTCCGTCTCTAAACCCACCCCCCTGTCATAATCGCAGTTAACTTCCCTGCGGCGTGATCATGTGCCCGGGTTGCCGTCGGCCGCTGCGAGTTGCAGAAAAGCTGGTATCCCCGTCACCCTAAAATATGCGAGGTGAGCAGCTTGTTGTGGGCTCACCATATACGAAATTAGATAATATGAAGGCGAGGCCCGCAAGAGAAGAACTAGACAAATCCAACGTAAATAGTGACCTATAGTGTCAACTACACCGGTATGCACTGCTGATATGGGCGTCGCGGAGTGGTTACCCGAGTGGCTGTTGCGTGGGTACGGACAGCATGTGAGACTTCGCGGAGCTCCCGCACTGTAATAACCGTCCTAGTATCTAGGATTTGCGGACGGTAAGACTGTCTACACTGGTCGCATTATTACACTTGTACTGGATCCGGAAACGGCCAACAAGAGACTCATTATTGATTTCCGTCTGCGACACAACAGATACTGCATGCCGAACCGTGTAGGGCATAATCCGCTGCTGAAA,983,51.98,Saccharomyces cerevisiae
SEQ_257281,GATTAACACTAAAGCTTCCTGCGAATCTACCGTAGTGGTTCGTGGGCACATGCAGTCTCGGTCACGCGTGGTTCCGCTTCATCTGCCTCCACCTGGGCTGTCATTAATACGTAGTCGCCGAAAAGATTCTTAAGGGATTGTCGAATATTCGGGGATCGCTACTGCTTCCTCTAAAACGATAGACGCGATCTGCGAGAGTGACCAGGTCCAAACTTTGCTGTTTGCCGGGAGCCGTAGACAAGCAAGTATAACAAGTCTCTAGCAATTTGTAACCGTGGTTCGTAGACTGTTTTGGAAGTTTCAAGAGTAACGATTCGACGATTGGAGTGCAATAGCAAGCATACATCACGATGACCGTGCGTCTTGGAGGAACCGTGGTCAAATTTTGGCCCTGGTACGGGTCTGTCGTGGTCAGCTATGGCGATCCGGCGTATAACTCATACAGGTTATCTTATGGGACGCCAGCTATACACGTGGGATGTTCCAAGTTGGTGTTACGCCGCGCTGACCTAGTAAATTGCTGGCGCCCACTCAATACCTTGTTCAAACCGACGCCCGGCGTAGTTAAGATTCGAGTCGTCCGCCATGAAACGCGGACCGTTTCTCCTATGAAGGACGCCAGCGTCGTAGAGCCATCTTAGCCCTGGACGCGGGAGACAGTTCGAGGCATCGCTGGCTAAGTATTATAGCCCCCCTCGACTTAATACTCTCCCGGGTGCGCAGCGTGTTGTGAACAACCCTGCGAATTATATCACCCATAGTCTTTATGAAGGGTTAGCGTTAGCGGACGCAGTTGCCCCTTAACCTGCCTTTAAAATATGGTGAACTTGCTGTTGAAATCGGGTTTGGAAATTTACAGCCAGATAAAGGATTACTAATGAGAGCTTCGGGGTAATTTGCCTAGATTTATGAAGATTATGCAACGGTCGAGAG,933,49.62,Homo sapiens
SEQ_183696,GTTGGGGTGACACGCCCAGTCCCGGATGCTTAAAGCATAACTAAGAGAAAGGGGGTGATAATAGAACGGCGTCGCAGACAGTACATTAGGTTCCTATATCTCGCAAAAGTTCAGGTCACCTAATACGATCGTGAGTGTACCCGCAAGGCTTGTTATAGATAAATGAGGTGCTATCCTTCGATATTAGGTAAATCCGTATGGTGGTGCGGCAAGGCGAGGCACGATACTTGTCGTCTAGAACCTCATTTACGAAACGGCTAATGTAGGAGAGTTGCATCGTAGGTCGTTGTCCCTATCACTATGCTCAGTAGAATGTGGTGTTCGTACCTTTTGCAATCAATGCCAAAACTGGACATCTAATTATATGCCAGCTGTGTCGCATTACGCTGGACGGTAGGTTTAGGGCTTTTGAAGGTAGATCATCCACGCGTTCCCGTCGGCGTGAGTTTCGCCGGGCGGTCGCTAGCCATGTCTAGTCCAAGTTAGTGCAGCAAAATGGAACACATTTAGTCGTCGATACTTAGGACATCGTATAGGGCAATTGCCCCGGCTATAACCATCTCACATCTCAAATGTAAAAAGCTTATTGCGATGGGAAACTCGCGATTAGGCTTTAACGTTTTGTGCTAGTACTAGTTCCCAGCTACGAGCTAACTATCATCCTTTTCGTCAACTATTAGAAGTCAAGAAACAGGGCGGCCTTACGTCTGGTGGATTAGTAAGATCAAGGACTTGCCACCTGTCGGCCAATTCAGATTGTTATGCATATGATCGCACTCCAAATCCCCGGCTTTTAGCATCTTCATGACGTATATTTCGAAGTGACGATGTACCCACAGCCGCAAGTTAGGCAACTTGGTACGCTATAACAGCCATGGCCGGCAAATTCCGTGCCGAGTCCTTAAGCCACTGAATGCCTCACGTAATGTTTGTACCCAGTATAATGCTTTGAAGGTCGAAGGTGCTGTATCGGATCTAGAAAGTCTGCGGCGCGGTTGCCTTCCATATGCAACCTGTTTGAACAAGGTAGGATTTGTACGACATCCGCACCTGAGATCTTAATATTCGATTATTCTAGCTAGATAGTGACGGTATTAATGGGGAACCTGCCTGTCAGTTAAGATCTGCGCGGAGGCATTCAAGGACGACAAAGTCCACTCTCGCCACTAGGAGTGGTCGCGTTAGAAGCTTGTTCCATCTCCTACCTTTAGCAGTACCGAATTTTCACTTTGGTAGGTGGTCCCTGGCGGTCCGGACTGGGAATCATGCCATGGGACAAATATCTCTCCATGATTTTTCAGGG,1303,47.28,Arabidopsis thaliana
SEQ_881026,TGCCGTATAAGTTTATGTACTCAGAGCCGTAACCCCGACGATCGAGGGTACAAAGGTTGACTACAAGGATCTTTTGACGGGTCCTATTATCGATCCTCAACACCGAGATCCGAACTGCCCTCTAAGGCCTCTGTTAGCTAGTAGGCCTCAGCCTGATTCTAACAATTCAGTGGATCTTCCTCAAGGGTTCGACTGGCGCGTATGATAAGCGGATCATCCCCTATCCTCTGCGCAGGCCGAGTGCGTCATCTACTGTTTAACCATGACATACATACCTCCAGGTATCTGTAAATCAACTATGGCACTGGAGTTCGGATAAATCCCCCCTCAGCCAGTGCGCTACAGACTGAGTTTCTAGACTGCTCATACCATGAACGGTATATCGAGGGATAGTCTCATAGGTCGCAGAAGGCAGTTCCTGAACCGGCGACGAGAAAGTAATGCGCCCGCCCCTTGAATTGGTCGCATAACCACTATACCTTCGCGGTTTTCATGGGCGCAATTCAAAACGCTAAATATACCTAATTGGCAGGTGAAGTGGCAGCTGTTAGGTGTGTGGTACGAGTAGTGCGCCGCCTTAGTGTTACACTTCTTTACAGCTCTATGGCAGCACCGCTAACTTTC,624,49.52,Saccharomyces cerevisiae
SEQ_233987,ATCGGTCGCGCTGTGGACGACCAGTGCGGCCGGCCCTATAACTCCTGTACCCTAGGGATTCCTGTGTGTGGCCACGACTAAGCCTTTTTCGTTAGGCCTGCTGGGTACCCTGTCTTCCACACGTCCGAACGTCAGGGTTCTACAGGGTATCTCACTGCCACGGGTGCAGTGCGGTTAGGTCTAACTCAATGAGTAGGGGACGCGTTGTACTATCTGAATGTTTGCG,226,56.19,Homo sapiens
SEQ_426564,GCTCTGCTAGCGAATATCTAACAATCGCCGTGAGGAGTATCTTTCATCAATAGGATCGGAGTCGGCACTAGGCTCAGCACCAGGCTGGAACAGAGTAAGGTCGTCGTTGTAGATCCCTTCTTTTAGAGTTATTGGTACTCAAGTCGTCGTGTGCGGTCCGGCTTAAGATATGATTGCAGCCTCCCAAGGCCTGACGCGGATGTTACACTCCTTATGTATATCACTTCAACCGCTATCCACGCGTAGTTCCATGCAGGTTCGTTGCCACGGTTGGGGACGGCCTGATTTCGTCAATGGGGATACAGGCGAAGAAAAGGTATATTTCTACACTTGACGAACCAACCCGGCATCGCTAGTGTGACCTCATCAAGCAATTGGAATATGCCCTGGCGGGATTAACGTAAGAAATCAAAGGTCACCCGCTTCAATCGCGCTTGACCAACATACTATTACATCCAATAACGAATGACGACCTACAAAGGTCGAGTGCGAGATGCATTGACCGATTCAAGGCTGTAAGACCTAGGGCCTCAGAGCTCCGTCTCCTCAATTGACGTACCCCGAATATTAAAACGAGTGGACGCTAACCGTTATGAATCGACATTCTACCCACAATAACAGTACTGAAGAGGTTCCGTGATAGCCGGAATCGCAGGCTTTCAGCTTTCGACCGGTGACCTACGTGAGGTCACGAGTCGGGCAAATCGCTGGCGTCTCGTTAAATCCAAGTATCCGAGGACGCTGCCTAGGTAACTTGACACTGTGAATTCTGCGTTCGAAGCATTAGCGTAGCTAGAAACGATACGCCGCATAACGTACATCATGCAAGGTATCAGCGCAGTTCGAGGACGAACTACCATCTTCTTCGGTTGCTTACCATGGCAGCGAAAGATCTGTCCTACATAACTGTGCGGTGTAACCCTAGCCGTGTGACTTGAGCTATGGATTGTCCTGTCCGAAAGCATAATGATAGTTGGCCTGCCCAATGTGAATCTGTCCGTGTCTGAAACTTTGAGGCGGTGGTAGATTTCCGGCACTGAGTGCATGGGGCCCAAACGGAAGAACCGGTCAGTAAGGAAGCCCAGCAGACCGAGGACCAAATTCAATAGAATACTG,1116,49.64,Drosophila melanogaster
SEQ_486912,AAACGGTCATGCCTACATTCTTCTTAGTCGCGAAGTTAGTATCTGCTTTTACACGTCCGCAGGCGGCAATCATTTCCGGAGTGAGGTGAGGGGAATTAGGCACGCTGAATAATAGACAGCTTTAGTGAGGAGCAAGAGGCGATACTAACTATACCCTAGTCTCTGCGGATAATCGTTCCGTGTCTTTTGGCTAGATCATCCTCACATATGAGTTCTTATGACAGCAGCAACCTGACACGTAGCTGCCACTCGAACCCCATTCAAATCGATAAGACCGTGTCACCTTGCGTTCCCGAATGACAAGTGGCAATTGCCTAGCTTGTAAGCGGGTACAGTAAGAACCCGCTCCTCCAATTAACAATTGCGTCCACTTTGGCTTCTATGCAGGAACCCTTGATAGCATCTTGCACGGGCGTCTATAAAGTCAGCTGGGTGGGCAGGAGACTCTGTTGTACAACGCGCTTCTGTTTGACCTGGTATAATTTGGTTGACGTCTTAAGCGTTGTGACTTCGTCCTATTTCAATCAATCCGCAACTTGCTTAAAACCCCTATGAAGCGTCGGCGTAATACGTAACCCGTGAGCGCGTATAGACCAGGGTTCTCGTGTTAATTGACATGACTTATTCCGCACGTCCAGAGGCTTAAATCGTGAATGTGCCCAATTCCAAACCCATACAAGCCGTACTACATTACGCTCTACTAGCTGAACAGCAAATCCTGCCCTATTCAATGGGAGAGGGTCTGAACCTAAGTACAAGGGATTAGAGTTAGACTAGCTTCTGTACAACCAGGCAGGAAGAACAGCGGGAGGTGTTCGGGCTTCTGAAATATTCACGTTACAAGGGATACCTCGGGCCGTCGTCAAAAAACTTCAACTTCTGTAGGATCAGACACGAAGTGATCTAGAGCAGCATGGTTTGCTACTAAGCTTGATTATTCTTCTCAGGTCCAACCGGCCGGATCACTCACGCTCACTTTTATAACAAGCGCTCTGACAATTCGTGGGGAGAACATTCTGTGAAGGAATGACAGGGAATCAATCACCGTGTTGTCGCCCTAACGCGCGTGGTAATCTCGGGACCGTCGAGTGGGTTTTGGCTTGGTCGGCCTAATTGGTTTCACAGACCCCTTTAGGCGCGTTAAATTACTAGACGCATTCCCCAAGCTACGCGTTATTGGCTCGCGTAATGTTATTACCGGTAACACTGCGAGCGTCGAATCCCAGCCGATAGTCCTGCAGTCTGTCCTCCAGAAACATCTGCTCCTACGTCAACAACATACAATCGTGCTCGGCCTATCCTGGCCATAGTCTAATGTCAGTTCACGGGTTAGGTATAATTGTTAGGGTGCATCTATACGAAGGCACTTCAACCAAGGGATGCACCGGCTCGCCGCAGATGTGCCGAAAATGGTTTAAGAGTTTCTTGGAAATGATATGCCGCATCCACTGCATTGGTGGTGGCGGTTGGGAGCGATTGAAGGCTCCGTCCCCTACTAGTTCTTGG,1506,48.74,Mus musculus
SEQ_271861,ACTAGAATTTATATATCGTTATCGGTTTCGGTCCATATGCAGGACGTATAACATGTCCGAGACTGAGTTTTTTAAGGTATTGGACCGATTAGGGATACGCGGCGATTCTCTGGACAGTCAAATTGGCGACATCGCGTCCCTTCTACACTAGGTTGGCTGGCCTGGTAAGAGCGTCCAGTCACGACGTTTGTTCCGTATATCAACAGAAGGCAGGAGAAACTGATAATAGAAACTACATTGGATCGCCTTCGGAAGCGATCCTCTGCTACACTGGTCTAGCATATATGAGTTTTACGCGCCCGCGGGGATTGCTCTCTCATAGTGTGTACCAAAGTCAGATTCCAGAGCCGGAGCGTAAGCTTTTCAGCAGATGCCGTCTCGCTATGCTATATCTGATGTGCTTTTCGCACTATGTAGATTAGTGGACCGTACAGATCTGATTGGTTTATGACGCCCTGATATTGCGGACTGACTCGCCTGCTCTCGGAACCTACTAAGGCCCAAGCTACGTGTGTGTATAACTTTCCTTACCCCTTGATATAGGTGCTAAATCGACTTTGTTGCGCTTCTTTTGGGGACTAAACTTTAGTCAATATAAAATATGAATACGCCCGTAAAAGATAAGCCTAGGCGTCTTAGTGGCTATTGCGAGAGAAAGCGTTTGGCCGCCATTGGTGCGAGCGAATTGGAGAGCGGTGGAGTGGTAGTCCAGCCACGGATCACTGTGTTGCTTTAGCTGCAATTGGTCCCCATTTCAATTTGGCCGCGTATATGTCTGCTTCTCTGGCGATAAAAAATATCTCGCGGATGTGCAACCCATTGAAAGTGCCCTAGCCCAGACAGGCGAAAACTTTATGCAGATAGCGGTGTGCGTTAGAGTACTCGTTTTTTTACCAGTGTTGATGTTGAGAAGCTACCTAGGATACGACCTCGAAGCGCTAGCACCAAGAAATCGAGGAGCCTTTCTAGTTAACAATTTTAGCTCTTGTATCTTTATAGGACTAGCGCGGCAGCTCTCAAGAAGACGATCTTCCTGTCGGGGTGCCCGGGTGGATCGCATATAGCGAATCACCCGGT,1077,47.54,Arabidopsis thaliana
SEQ_464934,CAGAGCTCTATTTCCTATGCTCTTTACGTTAGCCGTTATTATAATATATCTCAGCTGTAAGTGTGCGTGTTTGGTTGGCACCCACCCGCGGTTGGTTAGCCTTGATTGAGAATTCAGGCTGAGTTACACTTAGGGGCTAGGCCCCGACCGAAACCGATTGTTAAAGTACAGTTTTAGCCCGCGTCTCTAGAGCTCGAGACTGCGCTTTGTGGTTGAGTAGCTATAGGGTCTATACAAGTGTGCGTGGCTTACTAAAGCCATGCCCGCGTTTCTAGAGCATAGCAGCATCAGGAAAAGCTCCCTCGCGTTCTTGTGCATCCTACGCTTCTGAACGTGACTCATAGACGATGCCTCTGAACGCCACGATTGATCTAGTTTTGCTTATCGGCGGGTACTCCCTAGTTGACTATTCTAACGTGACTCTTGTTTTCGCAGCCCCTCCTCGTGCCTCAATGACATCCTCCTGTCTAGCCCTCGCACAACTAGTCTCTGGGAATAATATTATCGACAACGACCGGACGGAGAGTGAAAACGTTTTTTTTTTGCGGGTGCTTGTGAGCTAGTGCGGTGGTCACTCAAGTTCTTAGTGCGTGGACGCTACATGGATCCTCTGAAGAACGCACCGCGACTGCAAAAAGCAGGGCGTGTGGACCTCTGAACACGCGCTGAAACCAAATTAAGCGGTCACCAAGCACCGCCCCCTGGCCGTGCCTATAAGAAACAACAATGCCCTTCCTATATGCCGTAATGTGACATGACACGTCGAAGATTGTGGGAGTACGCCTATTGAAACTGATGATCAGCAGAGTGGGCCCCGCCTCCTAAATAGGTAGTCATAGCCGCAGGAGACGCCGCGAATGGCTCCGTTCAAAATACACCGAAAGACAGTCGAGACGGTCGAATCTTTCAGAGACGGGTGTAGGAGCACTGGCGCGAATTACGATCCGCAATCTGCGACCCTGATTCGACATGAACTGAATGGTCGGCCCATACACCGCATTAAAGGCCGGGAAGCGGGGGGCATCGAAGATGGCTAGTGAAAGCCCAAGGTTATAGCATCCATGACTACCATAGGAGTTGTCGTCCCAATCGGCCCGGCGCATTCTAGAAACTGACGTGAGTCCGTGTTAAAACTAGTCCAATTACGCGTGTATTGCAGCTCGCGGATTTAATCTTGACCCCGTGGGGAGCAAGCGGGTAGCGTCTACTATCGAATACAATTCGTTCGCCTACCGTACACCTAGATGGTTAAGGTACCACACGAGTATTCACTTACACACCAGGCATCATATTCTAACGGACTTTTACCGTCCAATATCGAACGGTGTTGATTCTCCGCCGCTTACGAGGGTGAGATTGGAGCGGTTGATACCCCGCGACCTCCTAATTAGTCAGCAAAGCTGGAGCAGCTCAGACGTAGACCGAAGC,1428,50.98,Caenorhabditis elegans
SEQ_124762,ACTTTCAGAAAGGGAGTCCATAGGTTCTGCACTACGAACCGCTATACCTGCGGTTATGAATATTCATTGAGCCAGCCGGGGGCCGGGGTGGGCTGTTTGGACCCTGTATTGGCCGAGAGCGCTTAGCCGAATGCCCAGTTTCTTTGAGCCCGAAGAGGGACCACACCGGTGATCTTATATGTGCGACTGGGCCGTGCGGGAGACACCCCAGGGGTGTACTAACGGGGACAATTGTCCATAACGGTATCAGGCCGTTACACTTAAACGTTAGTACTGGTTTGTCTGGGGCACTGGATTCAAGCCAATGTGGGCGAGTCGTGGCGATGTAGCGTTGGCACATGCGATGAGGCAACACGTCAATTCCTTATAAAGATTTAACTTCTGCCATTAAATTCCTCACGGGGGGTATAGAAACTT,417,52.04,Drosophila melanogaster
SEQ_985656,CCAATGTCCAAACCCGCGGGAAAGTAAGGGGAGTCCCTTCGGCCGGCGTTCGAAATCGAATTGACGGAGCCGCTCCGA,78,60.26,Arabidopsis thaliana
SEQ_861492,GCTATGCTTTACTTATCCGCGGATAAAACACGCTTTTAGAATACTAGCGCAAGCGAGTAAGGATCTGGAGGGTTCGATGCGAAAGCCATTTTGCGCAGACGACGAAAGTCACCATAGACGTCACCCAGTCTATTCCACGTAGCAGTAGATTTCAGCCGGCAATTAAATTTGCTTCATGAGTCATTGGACTTTCTACATTCGCCAGAACGGGAGATTTGAGTTGCAGCTTTTCGTAACCGAGACGACAGACTGCTCAGTGGTCAAGCCAGCTCTTCCATGTCTCAGCCCAGAGTTAAAGCTTGCGAAAAAGAACCACCGCCTTCATGGGTATCTCCCATAACATAACAATTCACTTGAGCGGTTGTGGCTTCTGCTCAATGCTTTCTGCTACGTTTTTCGCAAGGGGGCGTTTGTCAACCGAGGGCGCTGCGAGTGCCTAGCTCCTTTTTTCCATAATGAGAGTCAACCTCGAATACATTACTCAGTTATGGCTAAAACAAGGTCGGTTACCCTATGGCCATAATGCTCTGTTCAAAGCATCTGATTGTACGCGATCGGCGAGACAGGTGAGCTTGTCCGCTGAGACAAGTATTGCAATTATGTATAACAGGGGGGGAAAGCTCCGGAGTATAATGTTTAGTATACACAGCTCTCGGCCGCCATAAACATTAATCCTCGTTTCAGTGATCGTGAATGCTAGCACGGTCTCTTCCTCGAAATAGACGATAACCGGCAGCTCGGGCGCGCTTATTCATCAGCTACCGAGTGCCCGTGAAAATTGCAGTGCTGATCCAGAGTTTGTACTTAGTCAGTTCGTTCGAAAGGGCTTTCCAATGTCGCCCTTAGCTGCACTTCGTTTCAGCTGAATTTACAGTAAACTTGCCAATTACTTGACCGGGATTCCGCCGCTATACATGGCGGACGTTGTCGCCATAAGTGGTCACCTCTCTCGTTATCCTACGCTAAAAAGTGCTGGGACGAATCAGTAATCCTCTACGGCTGCCGTGCAGTGCCTTGATCCTAGCGGTGGACCGTACTCTCCATCAGGGCCGGAAGCCATAATTTTTGTAACGAACGTGTGCCTAAAACAGCGCCACCTATTCGCGTCTGTAAGAACGGTGGTTTTATTGCTGAATTATTTAATTCAGCGTATACTGACTACATGCACGCTGAATACTCATTGTCTCGGGATACTAACCATGGTATAACATCAACCGTTTATGCTAAGTCAATACCATCCGGTTAGTGCTATATAACAGGAACTGCAGGATCAACACCGCCATTGCTAACGGAACAGGAGTTTACTGATGGTGGAAACTGGTGAGCTTTCAAGGCAACTTGCCATTAATAGTGGCGTGTACCGCCAGATCGGTTCCAACAGAGGATGCACCAACTCCGATTGAATTTCCTTGGTCGGTCGACGGCTCAGTCGCCTTTCCTTGCGCAATGGGCAACAGATTTATCTCACCCACTCCCCAAGGGTTCTGGACGACTGTGAACAACACGTTGAAGCCAAGATCTTGCAACCCCAGGTTATGGATGATATAACTTCAAATCATTAACGCCCTTCCTTCCACTCATCACCCCACAGTAAGTTCGGG,1601,47.85,Mus musculus
SEQ_524802,GACTCGAGTCATTCGCGATCGAGTGTTGGGGAATGGTAAGATTCAGTTTCCCATAAGAATTATCACACGACCTGAGCTTCCGGACGGCATACCAGGCTAGCAAGGTGATGCGCGCTCGCGTACTTAACGCCGCGGATGAAGAATATATA,149,50.34,Homo sapiens
SEQ_693542,GCTTTTTCGATCCTAAACATGCTCTACGTTAAAAGCTTGATTTTTAATTATGGGGTACCCTATTACGACCGGAAGCCCGGATCATGCTGGTACTTGCACAGCCGTCACCTTCATATCATGTGTACTCGCTCATAATAGACCGATCAAAGGGGGTTGATTAAACATGCAGAGAAGTGATAGAGAGGTTGAGTTGTATGATGAGGGCTTTTTACCAAGGCGGTGCATGTTAGTCACATGACTGCATGCTTTTTAAGTTTAACGCGGCTATACCGTCTAAGCAGGGAAGACGTGTGCTAATCGTACGAGGCGTTCACGCCGCAGTGATTTCTGATCTAGTGGGGGCGTGGTCAAGTTTCTCCATTCAAAGTTCACATACGTAAGGCCGCATCGAATGTCGTAAATAAATTCGATCAAAACCAATGCACCAATTCACCTTACGGGCCAGGACACCTCAATGACAGCTCTTGATTTAGACGATTTTAGAGATGGCTATCACCGATACATACCTTAAAGCCTTTCCCTGTTTGCCAGCAGCCCTGTTCAACAGACACCCAGCGACAGTGGCGGCTTTCCTGCTTTCGTGCTAACGATACATGCATGAATTTCAGCATCAGAATCTGCCCCGTGGGATTTGTGTAAGAGGCGGCAAAGGGATTTATACATCATTAGCTAACCGGCCGCTTCCCAAGCGTCGTGCATAAGAGTCGAATTGAAAACCTGGTGAATCGTCTAGTTCGGGCGCGATTATCCCTGAGCGTCTACCGTGCTGATCATTAGGTTGTCGACCTTTCTGGCGTTTCAGTCGATTTGGTGCATAATTGTCAATCGAGTGA,833,46.7,Caenorhabditis elegans
SEQ_734155,GCCACGCGTCGCCCTCGAAATGTTTTTGAATGCGCTCGTGCCCACAACGTCAGATTACTGTAGAGTCGCCAAGGTCCATAACCGAGTATCCTCCTTTGTCAAACATCAGGCGCATTCACTATTCCATGAGTGTGAGCCAGACCTGTAGGGCCGAACAGCACCCTCATCCATACTATTGTATAGTTATATTCATGGATTCGTTCGCTATCGTGAACAATGTTAACCTTCACGTACAAACCATCGGCCCAAGTGACTGTCCCAGGATAGATTCAGCTAGCTACAGCCTTATCAGTTCAGCCTCAAATACACAGAGCGCTAAATGGAGGGGAGAGAAGCCCTTTGCGATAAGCTTGTGGAATGCGCCGACTCGGCGTTCCGACGGTCTAGGTATAGGGCTCCGAAAGTCAACAAGTAAGAACTCGATAAGACGAGTAGGACCCGGCTATGGTCATCCTGGTAACCCTCCATCTTTCCTGTGTGACATGGATAGGTGACAGCTTACCGTCCAGTCAGTCGAGCAAACATGCCCGTGCTTAATACCACAGCATCAGTTTACTTAAACCCCTCCTAATGACCATGGTTTGCGGGAGGATACTAATAAACTTCCTAACAGTTCTGGAAGTGAAGCTCCGAGATCGCTTCTCATAAATCATCGATGGCTCGATCGAACTGAATTGCGTACGTTCGGCAGGTGAAGTACAGGACGACTGCCGACTCTAATGAAGCCCGCTTCCCTATATTTTTTCATGGCCTTTCACGTATTACGACGTCAGATGAGGGACGGGCAGTAACTAGCCCTGCACGGATGAGGAGACTCACGCCGCGCCCGGTAGGCCGTCGTCAAAGAGGTATAGCGGCGGGCAAGCGCGCTTCGAAGTGAATTGATTGCGTAAGCTGTTGAGTTTGAAACAAAGCCTAGGTTTTAATTCACCTGGCAGCCCTGGGTGCTATTTTTCCCTTTTACTGTTGGGTAAACCCTGCCGACACCGTAAGCATTACGTACGTTCGGTCTGTGCGGGACTTCCCTGAGGCACTAACCCACTTGGGTTTGAAGGGTTGGGCATCTAACTAGAGACGTTCCACTATTGTTCAGAACTGAGCGATCACGCCAGTAATGATTTGGCGTCTTGCTTGGCTCGGATAATAGTCGGGTACCATGGAGGTGGCTACTTTTTTACCTTCTAAGAGCGATTTGGAAGCCGCCCTGATGCAAACGTCCGCAGACTTAATAGGCGCCATAAATTGCTACGACCCCCAGGTTCTGTTTTCATATGATTACGCATGCATAGCAGCCATGAAGTAAAGAGGGACATACACCGTCTGCTCATCGGCTTGGTGTAAACACAGATCTGCCATAATTGAGGAACCCCTCCTGGAGGCGGATCCCGCTCGTTGCATAGATGGTGATCGCCACTCATACCTTGCGTCGGCCGGTTACGTCGTTCTGCGTAGCGTCTATAAACTGAGCGCCGTCTGGTGTCGTTGAAAGGTCGTAACCTCACAGCCAACGGTGATCGGCGAGATCTTACCAACTACACTGACGAATCCCGAATTGGCTGAGCGTCTCACTTTGTGTTAGATTGCTTCGTTTATTTTTGCCCCGCCGGGGCACCGTTTACGTCGTACCGAAGGCGCAGTCCGGTCGTTCACCAATACTGCCAGAATCGCAACTCGGTTCGTAGTCAGTTAGTTAGGTTTGGCAAGCAGTATGACCGCTGAGGCGGTAGGCCGGCCCGCTTATGGTCCTACCGTAACGTGAACTATCGTGGGAGCTTCAACGC,1781,50.93,Escherichia coli
SEQ_727273,TTGATCTATCCTCTGTCCCTCTATAATCGCCTGTGCGTCACTGGTATCCGTAGACATGGACAGTAATGTCGCGAGCAGAATTGTGATTAAATCCCCGTATCGGTACAACCTGATGCCTACTATATCGTGGACGGGCGCCTGTGAGCTTGATCGGGGGAACTGTTCCTGACCCCGAGTCCCTTGACTGTGAGAGCTGGGTCAGGCTCCCGTTGGTGACACTCAGATCCGCTTATAGTATGATGCGCGACGTTCTCCAAATTGTTACCGCCTGTCACGCTGCCGTCAGAATTAGTTTCGTGCGTGGCATAGCCAGTCTCGCAAGCACAAGATCCACAGTCACGAGTTACATTATAGTGCGCAGTTGAGGTCGCTCTTACCTACAGGGTCATTATTTGCTTAATATGGGTGCTAGCCGAAGGATCAGTGAACGTCTACAATCCGGGGAGATCTCTCAATCCTTTCGAGTACCGCGCGAGGACTAAATCGGCAGCATGCTTCTAGGCGTAGGCCTCATTCGGGCATCTCACAACTGCTACATCCCCCAAAAACCCGACTCATCATGATTTATATAATCTTGAGACCTTGATCGAATGGGCGGAATT,602,50.5,Homo sapiens
SEQ_401083,ATGCACCGTTAACACACGCCGGAGTAATGGGGCCTTACCACTGAGGGTGGGTGTAAGCCGCTAGAGTTAATAAGAAGGGTCCGGCTTACTCTCATTCGCACTGCCGGGACTAAGCGATCACCGTAATGCGCATTTGCTGGGCCGGACGTACACTACGCAAGATGAAGATCATCTGATTGACATCACTGAAAGAAGAGCGAGACACGCGGATATAAAACGGTCCATCGGAAGAAACGGAAATATTCACATAGATTTGCTATTCCCCAAGTTCTACTGCGGGTTTTCGGCACTATATGTTAACTAGTATTAGTTGTGTCGCCGCCCCCCCCTGTAACACATAAAGATTATAAGGTTGGGGAGTGATAGACGTAAACTATCTGCTGAAGTTTTAACTAAACAGCGTCTCGGGTCAAAAAATTAACCTCCCTACAACCATGTCTGGCAATTGACTGGCTCAATGACGTCGCACCCCATTCGGCTGACTAATGGAAAACTAGCGTGGCTTTGCCGGTAGCAAATTATCGAGCAGTGAGGCGGAGGCTCGATCGCCCAGACAACAGACCCAGAACTGAACGGCTTATGCAACACCTTGTGGCCATTGAAGCTGCAGACGGACCGTATCCCCTTAGTACTCCTCTCGGACATCCAACATGCTGCTTCTCGTCACTGTCCGCCGAACACTTCAAGTCACAGCTGGGCAACCATCCGTTGAATTAAGTTGGAAACAGCACGTAAACGCGATGCTACACTCTAAAGACTCACAGCATCGCATACTACTGATGTCTACTAGCATCATTGTGAGTCTTTCATGTGAACATATGCCGTAAAATCCATGTCAAATAGAGGCTGAGAGCTCACTGGCGTCCTCATTTTTATGGTAATAAGTTTTGTTCTCCGGCGCAGCAATCATGCGAAAGGAAACGATCCAAAGACCTAAGGAGTAATAGT,948,47.78,Arabidopsis thaliana
SEQ_439748,AATCTTGACTAGCACACTTGCACCGGGGGCTAAAGCATGTAGCCGCCCGCAATATGTCGGCTTTAATTTTGCAACATGGAAAAATATCGGATAGCTATGCTTACGAAACCCCATTGATGGCGCTTGTATTGAGTAGCATACTAACCCGCGGCGCCTGCTACTACCATTCGTCGCATTTTGCAGGACCCATGGGTAAACTGTACTCCCTGCGAAAACTCAAGGCTACGTACTTAAGAGTAGAGGCAACTGCAATTAGACTCCTGGCCGAAACGGCTGACATGCATTCAGCACATAACCCGTCGCTCAGTCATCCCCACGCGGATAATTAGAGAGCCTCGTATGCTGATCACTGCGTTCGGGTTCCCTTTTCTAACGTATTGTGTCGGTTAGCGAGCTGGGGCGGTAAATTCAAGGTAGTTTTACGGGGCGCTCTGGAAGGCTCGGGGCGGATCTCCGCTCTGCCGATCAGGGCAAGGTCCAACAGGTGCAAGCGACGCTTGGTCAGGCACTAAGCGTTAGTTGAACTTACTTCCATAGAGCAGAGAAACGCCTGGGCAGCGTTCCGTATCCGGAGGGATGAACTCCGCGACGGGTCTCGGCGGACGGTCGTTTATACTTCTCACGCGAATCACCAATGTAACTGATATGGAAGGATGACTATATACTGAGCAAGCGGGTAAGTACAATTTTAGATTCACGTTGTCCCTCATTCCATTAAGATATGGTATGTAAAGTCGGCCGTCTGCAATGTGGCTAGCTGACGAAAAGCCATCGATATACTTACTTTTGGGCGGCTATTACGTTTCCTGTTGGGGTGCGAAGATCTCTCACCTTTCCCAGGGTACCTTGTCTTCGGCCCACGCCAGAGGGTCTAACCAGGGTTCGGAACTAAGTTCCCCATCCTGTCCCGCGCCAGGAAGCGAATAAATAGCTGAGTCCGTGTCAGAGGCTGATTAGGAATGTGTGAGTGGTTTAGATTGACAAGTCGTCATTCGACTGAAGCACTTTGCGGCCAAACTGGACACGGAATAACTAAAAATGCACGGTGTCTTTGACCTACTGTCTGGTAGCGCGTGCCGGAAATCAACTTTCGTGGAGTGGGTTTAGAGCTTTGGGTAATGGAAGTGATAGGCTCTGTTCGCGGGAAAGCACAGCAGTTAGTACCTACCCAGCGGAGAACAAGCTCTAACAAGGGCTACGTTCGGAATTCGCAACAAGACTCGCGGACCCAGAGCGTTCACGCACTCAACCTACGGAGGGCCAGAGGCGAATTGTCGCGGTACTTGAGATGTCTTCCGTCGGGCCGACAGCGTCCAAAGTCCCCTACCTTTTTCATGGCAATGCTGAGTGTTACTCCCTTCGGGCGGGCGAGGATCAGACAATCCAAACCTTACCCGTACGCTCGTTGGGCGACAAATTATACCCAAAGCTATGGATTACCTAGACACCTCGAGCTGGATACTTTTGCAGACGTACACGGCTAGGTGGCATTGGGTCCCCGTAGACTATTGCAGTTGGCGATGAACGGGTCTGAAGTTTTTCGA,1544,51.42,Drosophila melanogaster
SEQ_339529,ACTCCCAACTCGATTATGTTGCATTGCCTGTGAGTCTCCCATCCCCGTGACCTGATACCCGTAAAGACCTACTCTGGGATACCCTCGCTTAAGGCTGTCTACAGCGTCATAGTCGATCGCATCAGTCCACGGTTGGCGAGGAACCTAAAGCGGTATATACCATGACGTGCGGTCATTCCGGGCCCGGCCGTGGCCCGGGTGTCGTGCTCATTCGCGTTTGCTGCGGTCCAGCAAACTACGGACACTGCGAATACCAAAGGTCAGTCTTACTCGCAAGTCAGCTTCAATCCGTCTCCCACCATCTGGCTAATTTAAGACAGTCCCATACCAAGCCTGTGACTAATCATTCAATCAAGCTGAATGGCCCCTTTCGCAATGATTCTGATTTGAGTTTCACTCTTACCGACGACCTGTCCCACTTGACAGTGATCACAGCCCAAGTATAGGCGCCTTATCAACTCCTGAGGGATAAAAGCTCTCACCGTGAGGAGGCCATGAAGTACTGCCGTGCGCTGGCTCGTGACCGTTGATCGTTACATGTGGTTCTTGAAGAGAGTGTGCTAAGCTAATAGCCCGCTAGAACGGAGGCCGAACCCCGCTTTACACAAGATATGACTGTCAGCCGACAATTATGATACCCGACTCAGACATGGACGCTCTTCCAATTGATGCCAGAATCGGTGTGGCCAACTCACTTGTAGCAACTCAAATCATTGGACCATGCCGAGACGGTACTTCTCACTTGGTTGAATTTATACAGGTAACGAATTGGTCGGATGACTTTAATGCACTAAGTTTAGATTTCGGCTAGATTGATCGATAGTAAGTGAAGTTCAGGCTGCTCAGCGAGGTGATGTGCCGAGCGTACTAAAGTTATTACAGGAGCTATCCGAAGGACCTATAGCAATCATAGACACAGTGTGTTGCATTAAACGCAGGACCTTGGTATGCAATACGTTGATAACCATCTAAAGTGCTTTGATATACGCATACGCGTCGAAACCGGACTGGGCCAACTTGTGAGCCGGGCACCTGGCAGCTGAAGGCCCCGTATAGAAGCGCTCGTGCCGTAAATAGACAGGATTGAGACTATAGACTCAGCCAGTCACAGCGTTGGAGAAGCGATCTCGCTTAAATCCGTTTCATACAAGAGGCCGATTGTGCATGATGTACTTTGGCAAAGTTCCAATCTCGATTGATTGCGCATGAGCGTTGGCTTAAATGGATGACCAAAATCGTGATTATGAGCCTCCCCCTTTTACTGCAAGCCGTAGCAAGCATTGGGAATCATAGCACCGACAACTCGTGCAGTTCCACACGGCACCCTGATCTCGCGCGGCTGATTCTTCATGAGAAATTAAGACGCTGTGAAATTCAGGGTAAACTATAATTTGAAGCCATTTGTTAGACTCTGGCTGGTACGACTGGATAATTGAGATTTCCGCGTCTCATCCTACACCCCCTTCCCAGTCCAGTTGGTCTATCTCGCAAGTAGTCCACGCCTGGTCATCGCCTCGTAAGCAGTAAATAGGTTCTAGCTTTTTTCTTCAATGGCTGTTCGTCCCGTATAACCGTGGTCTAAAAGGCTGTGATATGTCGGGCTTCTAGAAGTCTGGTGTTGGCTAGGAAGTGCCAGATGAGCGGTATAATAGTTATGCACCAAGCCTCACCCTAGCTCATACCCTCGGCCGCCCGGTCCTGGTTACATCCTACGCTAATGGTCCTGTGGTGCATCGTAGGCACATAGATTACGTTAACAATGGGCGCTGACGTGCTCGCTTCAACGATTCCGGCGGACTACTATTTATCGGTGGTCGTG,1819,49.59,Mus musculus
SEQ_621536,ATAGATTTTCCAGATCGCGTCAGCATCGAGAGCGGTCCGCAGAAGGCGTTTTAAATACGGTAATGCGGGCACACGTTCAATTCAAATGTCTTGATACAGTATACTACCATTCCGATTACATAAGAGCATCGCATCATCCCTATTCCCATTAATGGCGCCCTTTGTGGCATCGAGCCATTGGCTTCCACTTCCTAACAAAACTGGGGACTCCTTCATAACTTACCCGCGACGAGGATACGTATAGGGGTATTACGAGTCACTCACTGATACAACGACACGACTCGCCGTCCTCGAGGAAACTGCCCCTATGGAACTTGTTGGACAACCCACACGATAGGCCCGTTCCGTACATCAATCGTTCCGACGTGGATCTTTTCCGATATTTGATATCCATGCGTTGGGTCTTCGAGTTCCTACTATGATCCTACACGTATAGGAGAAACATAACACAAGACGTCTCTCACTAGCCGATCTGTATAGGCCGTCCATCGTAGTTTTTAAATGCTCACCCGTTCCACTGTCTGGCCGACCCGTGGGTGCCAGTACAGATAATGATGATCGCCGATTACTCCCTTAGTTACTTGTCAATGATCGGGGTAGATGAATCCTTCTGCGGAGTTCTCGTCGGTCCCACTTGGTCAACTGATACG,650,48.46,Drosophila melanogaster
SEQ_885640,TTGTTTGGCCGTCTCCTCCCTACCAAGATCGTCAGCCGATGTTGGGTGCAGACTCCATCCCATTTTGATCCTTGTTTTGCAATGGTCGAATTGCCTGCTGACGGCGGCCTAGTGGCCTCCCTGCGGAATACGCCTTTATCTCTGAACAATGGCAGCTCGTAGTTCGCCCAAATATCGGGCTTCGACGCGGTGGCCATATATTTTGCATATCGTTGCCTCCCCATCGTATTAAATCGAGTGGCTCTCAAGAAGACGCAAACACCACGTACCATACCTGGGTGCACGTGTTCATCGTGTTTTACTCTGAATGTTCGCAAAGAGCGATAACGGAATACGCAACATGATAGGGTCGATTAGTGAGTTAAGTATCCCATATTTCTGCACATCGCAACGTCCCTCTCCCGTTAGATTATGGCCATATTTCGGTCAGAACATGAGGGTGAGTGCATCGGCCAGCTAATGGGGCTAAAGTGGCTGATATGGTACTAACTATAACAGTTGAAGCTACCTTATTCAACCGCCGCGCCGATTCTTTCACCTAATGATGGTTACTAACCGGCTAATACTTCATTGAGGGCAGTTCAGGCCCGCCTTTCAATGCGCAGCCAAGCCGCTAGTTACATTACTTCATAGCGTTCCGTCGTTTGGCACCCAAGCAGGTGCGCGTCATTAGAGTGTGATGTGCAATTAAATTCCATAGACCTCATTAGAATCCAGGCGGCTACAGTCAAGTTCGAAAGCTCCTATAAATGGGGTCTTAAACTAAATTGGGTTCCGTGCCTGCCGGTCCGATTCATTGTTGTATCATTCTAGCACTTGGATCCGGCTCTAACGGCTGTGGACTGAATCCAACTTGGCGCTGCGAGACCACCAAGATTGAGTGATCTCTAAGTGCTATGAGATAACGCCTCTACATGCTACGACGGGACCGTATTAGTCTGAACCGACGCTAAGATGCAATGCTGGTAGAGTTTTCGACTTGGGACGTCGGCGATATTAAGAATGTTAGCCAAGACCCTAAGTAGCATTC,1030,48.64,Saccharomyces cerevisiae
SEQ_292042,CAATCAAAATCACACGCACGGCATACGTGCTGTCATTGCACACTAAGGGAGTGAGTAGTCACCCGTTGTGAATTGGCGTTTCTGACCTTCAGGTCCTTCGTGTACTAATACCTTGGGCCAGCTTGAGGAGGTTCCAGCACAGTTAGTCCGCCAAGTTATAGTAAGTTTGCACTGTTCATTCCGTAAGTTAGTAGCTCCGATCAATACAAGACCCGCGCTATATGAAATAGACCCAGAACAACGTTTACGGAGCTCACGAGGGATTTTTAAGCTATCATTCCCTTACGCGGACAGGTCGTAAACGGTAGACAGGACGCATTAGGACACTGATTTTCTTCGCGTAATGCCCTTGGGATTGATTAACGAACATACGCCACTTCGCGCACTGGAATCACGGCGATGCGAAAGCCCATTAGAGCAACGCGTTGAGATGACTACGCCGTCTGCCCAGAGGAATCACCAATAGGATGGTTAATATTTGCGGGAGTGCATATGATCAACTTACTTTGTTCTTATCGTCACCCGTCGAAGGCGGAAGCGTCCGTGATTTGCCTTCGTCCCTTGGTCAAAAAGTCTTTCAGGGGAATATGTCTGAATGACGCTGACCACACCGCCACTTGTCGCGATTCGAGCGGCCCCTGAGTGATCGTTCTCCTTATCTTAGCATGCGTTCGCCTACATAAAGAAGACATATGCGTCACAATCAACGACAATTCCGTCCTGGACCGCGACATCAACTCTAATGTAGGCTAAGCATCGCCTACTCATCCGAACTTGGACGAAAAGCTTAAATAACTGCCGGCGGAAGGACAGGTCATCTTCACATACATCGTTGACAGGTGTGCTATAGGCGTACTTTACAATTGACGCGCGTTGATGAGCCACATTACAGAAGCTTTCTAGTGATGTACGTCGTCTCCTAGGAACTATCGAGAAGTTAAAAGTCTGCGTGTCTAGGCGGAGACCATGCAGGTCCCTGTGGGGGCACTCGTCTGGGGTTTGGACCGGCGCCTACACGGTCTGCAGTGGAGCATGACATCGAAGGACGCACTAATACGACTGACTCCTCATCTAGGTGCCGTTAAGTCGCGCCCTTTGACTGATGTAAAAGTATCCGGGCTTACTCCAACGCCGGAAAATCCAGGTGTCTCCCGTTTGCCTTCCCTCTGTGTCAATACGAATCATCGACAACATGGACTG,1200,49.67,Drosophila melanogaster
SEQ_845072,ACCGGCCATGTACTTTCGAGGTGCTATTCACGATGTAGAGGGCCGACTGGGTGGCGCCGGTCAAGGAGAAAGCGAGAGCTGGTACGCTGGGGGCCTACTAGCTCAATCCCTGGGACTGGCACGATGAAGGCGCCCGAGAAAGCTACGTTATCTCGGTTACTCGTGTTCAAAGGCGGCTGGATATATCATGAGGCGATTTAACCGTTTTCAGCGCGTCCAACTGTACTTAAGGTGAAGGCCAAATTGTAGTCCCGTGACATTATCTCCTGCGTATGAATGGAACGATCTAATCAGTTCTGCCGAAAAAATTTTGGACAATACAACCGCTAGATATGGAAGGGGACGAATACATATGTGGATCCTGTTTCTATCTGGATGGTATTGCGCTTATAGCATCGTGCACCAGACGCCAACAAATTTAGTGGGTATTGCGAAGGATTTCAATGCTTTGCTTATCGGGACGCAGGAAAGTAGGCTTAATAGCTTAGGAAGTCCAACCATCCTGAGCATATTTTCCCCTACTC,524,48.66,Arabidopsis thaliana
SEQ_801621,AGATAGTGCACGACACGTCGCCCCTGCCTGAGCTTTACCCCAAGCAAACGTCCCGCAGGTAACTTCTACGAGACGACGAATCAGTGAGGTTTAAAGACGATGTTCAAGACGCCGTCAGCGCAAAATGTGAACTTATAGCTGGCCATTGCACCTTGCGTTCGACTGCCAACCAGACGACGGACATCAC,187,52.94,Drosophila melanogaster
SEQ_812965,ACTGGTGTGCGTTTATTCAGTACGCCTTCCGTCAGCCACATGGACTGTGGAGCTAAGCACTAACAAGTGTTTGGTCACGTCGTGTGAACCCCGGACAGCGATCTATCAGAAAGAGTTTAACCCTTGATAGGTCAGAGTGCAGGATCTTCCGCATGAGGTTTAAGGGTGCAAGTGTCAGCATTGGGGCAAAGGACCCGTTCGGGTCATAACACTACGTCGATTCGCTGGTAAGGTAGTGCGCGAACAGGCCGGGCTTGGGTGGTTTGCTACTTAGAGGAAATGGCCAAGAGAGCCGCCAAGGATCAGCCGGATAAGGCGCGAGACTACTATCTGGAAGTTGTCAAGAATGGAAATGAAACCACACTGTCTAAAGGTTAAAAGAACTGCAATTGGCCTTATGGCAGAGTCAGCCGAGTATCAAGCGTCTAACTACGTAGTCACGATAGGGGACATATGGAACAAGACCGATCCTCGACAACGAACCATAGTGTCAGGACCTAAGATGGATTTTATAATTAATCAGGAAGGACCTGTGGACTGTATCTTTATGTATCGATTCTACGATAATCAAAACTAGACAGTACCCTCTAATCTGGACGCGGGAGCGCTCAGGGAAGAATTGCGCATCTTGTGTCAGCGCGATGAAAGCAGAGATGGGCGCACTAAAGACGGCTACGTTTGGAGAAGTATGCGGCGGCGGCTGCCCACATGGGAGTACTCCTCGCCTGTCATCAAACGATCCTCAATACACTACGGCATGATTCATACCTGCTTCCAGGTAGTAGAGTGGCAAA,794,49.5,Escherichia coli
SEQ_877922,GGCAAGCCCTGCGGCACAACGGCTACTGTTATTTTCCTACCGCAAGGACTAGTTTCGCCACCCCTTCATTGTAACC,76,53.95,Arabidopsis thaliana
SEQ_222598,GAAGGATGCCCGACGACCTTATTCCTGACCTAAACCGCAAGGCGCAAAATTGACATGGCCGTCCTCCAACGATGTGAGGGGCTGTCTAACACGTCGATCAATTTTATAAAATATTTTTGAGAGGTGGCAGGAAAATAACCGCTATCGTTGCTAAGAGGCCTCAGAGCCCCAGAATCGGCTGAATCCGGAT,190,48.95,Mus musculus
SEQ_670480,GAAGTCATCGCAGTAAGAACGCGTGGTGTCGTGAGGCGTGTGTCATGGAGGTGTGGACTATTGCGATTACAGACGCGGTAATTTCGGGAGCTAAATCTACCCTACGATTGTGGGCGTAGAATCTGAGCGAGACAAACGGCTCAACGAGGAAACCGCCAATGACGGTTCGAGCCCC,175,53.71,Saccharomyces cerevisiae
SEQ_866879,CACGCCACGGACACTACATAATAATGAGGAAATCCAAGACTGAATTGACGTTCCGAGCAATGTCCTGGCACCGGCAGTCACCTCACGCATCTGGTAGCGCTACGGAATTCCACGGAAGGGGGCTGGGTACAGCTTCAGTTCTTGTAATAGAAAGATTATTCAGTAACATTGAGGGGTACAGTCTACTGAGAGAATACGCGTAAAGGTTTACCCAACAGGATTCACCTTGTCATCGATAGTCCGTCCAACAGTATTTTCGAGGGGCTTAGCCGCTAGCGATACCGGTATTAAACCCGAATTAATGTCTACGGGCAGCTCTTAGTACACTACCGAGTCCGTCCGCCTGCGCACATCAAGATATAACTTACTATGCGAAAATTCACAATAGACACCAGCGGAGAGAGCGCGATGCTCGATGAGAACCATCTTGATAGTGTAGTGGGTGCTAGATCAATAAATCAAGTGACGACATTCTACGTCGAGCAGAGAGTGTAACTGAACTTTGGCGGCGAATTGGGGATCCCACCAAATTAATTGTTCCGCATGGCATAATGGCTTTCGGTGGCGTGGGGATTGCGTATGGCTCATGGATACCCCCGTTTATAGGGTCGCACGGCAACTAGAACGAGTATCATTTACCGATGCCTGATGGATTTGTTTCTACTTTTGGGGGTGACATGAGCAGGCAGGATACTTCAAATAGGTATAGGCACTACCCTCTCCGCAATAATCCGCACTTAGCAAGGTATTCTGCCGGTAGGCTAGTCCCGACAATCACTACCAATGTGTCTTGCGGGTCGTGTACAAATATGGAATAGGCTATGAACATTACCGGCATAGTTTCCCGTTTAAAACATTTGTAGTTACCCATAAGGAGGGTAGCATCGCAGAGGGGGCACGAGTGTGGAACAGTCGTTACACAGTA,925,47.89,Arabidopsis thaliana
SEQ_181551,TCTACTTAGTCCGCCACCTTTAACTTCCCGGTTGACCTTAACTTCACAGTTAAGGAATGAAGGCAAACAAGGGGCAATTCGAACGGCCGCCCCGGAGTAGCCTTAAGCGGCTGGTGGCGCTGGATCG,127,54.33,Homo sapiens
SEQ_523345,TCGAAGCCCGCGGCTTCCAGGCGTCGACTCACCGGCGTGCTAATGACTAGAAACAGTACAGTTAATAGGCCTAGTACGGTATGTAGCTGCTCACGGTACTGTTGTGTCTGAACCTTAAGGGTAGGGGCGCCATTAACACGTGACGTGCCAAGCAGTAGACAGCTGGCCGGGCGTCGAGGGAATTTCCTTTAAGCTTCGTCGCTGAGGTGCGACGCCGTTCTCAGGTTAGCTCTCTCGTGCTCAAATTTTAATTAAGTTTGTAGAAAATATTCGTTACAAAAGCGGCCTACGCGTCGCATCGCTCGTGTAGACCCATCATCAGACTGGGGACTCGCGGCCGTTCTTTTGATTTGGCGCTACCAACCAGCCATCTCATATTGCGGCTAAAACAAATTTGACGAATGATGTTTGAGAGAAATCGCCAGATGTGAGCACACTCCTGCCCAGTGGTTCAGTGGAACCAACGAACGTCTCGACAGATTCGCTTGCATCCGCACGCGCCCTATACTGTGGGGGGTGCACTACGAGTCACTCCAGTTTCCTCTAGAGATTGGTAGCGAGTAGCTGTAGTAAAGCTGGCCATCTTAACGGAGTTTTCCTTGCGTGCCCCCCATGCTTTGTCATCTAACAGCTTGGCCTATTAGAGTATGCGGAGCAGCGCGTGCCACACTGTGTTTCAGACACCGAGAGAAAGAACAAATACGATAGTCCTTAGCAGCATGTCACACAAAGCTCGGATGTGATTAGCCTACTGGGCTCTGTGGGAACCCCGACTC,776,51.68,Mus musculus
SEQ_318408,CCGCAACATGACGACGCGCTCAGACTGGCAACGGCGCATACGTAGTATTAACGAGCCTACATCTCACAGTATCCAAGCGCGGCACTCTGCGGTTGAGACGTATCCCGTTGGTCGGTAATCATGAAATCCCAAATAGCGATACACGGCTACCGCATAAAGACGTCCATAGCTCCGATGTAGAATACACAATGCAGTGTCTTAGGGCGCTAGCCAGGGTCTTCTTGGTTTCACAACCCGATGACCTGTATTTGCAGTGGCACCAGTGGGGCGCTCGTGCTAAATCCGTCTACTTATCATATCTAGAATGTATCCCCTCGCAAACAATTGAACCTTCATTTGGTCCATATCCCGATGTAATGCATGTCTGCCAATGACCAGATAGCCATGGAGATACAACGACTAGGATAGTACGCAGAGTAGTGCTACATCACCGTTATCATATCAATGTGGGTTAGACCTGGATTACGCATTGTTTCTACTCGGCCTGTGTTTCCAAGAGTCTGTTAAAACCCGCTCTAATGATTGACTCCGTGTGGAATATATATTGGAGGTCGAAATTAACGAGGGCTCCTCGGCTGCCTATGGTTCTGAGCGTCCTACCTCCTAGGACATCCTGCCGTGGCCAACCGCCAGCCATAGGGTACCTTCCACAGGCTGCGTCCCCCTAGACGACGGACCGATATGTTACATCCGTCGGCATTTCTCAGGGTCAGCACGATATACTCTCGTTGGCCCTGTCCCGTCCAGAACACGAGAGGGCGAAGCGTGTAGTTATAAATGAAACCCTCGCCTCAACATTACGCCCGTGTGAGTGGCATGGACATGTCTTAGTGATTGTAGCCCTTCTGCCCGGCGCCCCCCTGCTAACATAACTAACTTAAACGAGTGCCATGGTGCCATTAACGACTCTGCCCAAAGGTCACTGTAGACAGTCAGCCTAAGACGGGCAATCTCGATACTGGGAACCCTTCAGGACCACTTTCGATTAACCTGCGGGCCACGTCCCAGCGGGACAAAGGGAATTCCATATGCCAACCGATAAGACTAACCGCCCAACAGATTTGATGTCCCGATTGTTTGCTACGGTTTTTAGGCTTTGTTACAACTAATTAGGGGGAATAATCGACTAAGTAGCGAGTAGCCTCATCACTACAAAAAGCCGTATTTTGGTAAAGGTCGAATGGGGTGGACGGAAACCAGGGGTGGGGAAGGTGGTTCACAGACTCGGATCTAAGTCGAGAGTTCCCCCCGAGTCTGCGACACCTTTTTAAAATAATCTCACTGGGGATTAAAGTGTAGGGCTTATTAGGCCAGGGACCCAGTATCCCTGTTTACGAGCATCTTCATTGGTCTAGCAGAGGTATTAGAGATGCTGAGTTGGCGTGCCGCAATCTTCCAGATCGCATCGACCAGACTGTACTGGGGTGGCATATTTCCTTCGAACGCAGGAGCTGGTACGTATAGAGCAAATTTGCTCGAAACTACTTAGGCATTCCCGGACGTAATTGCTATAAGCGAATAGTGAGTCGCGATATACTAATGTGGTGGAGTTGGACCATAAAATCTAATCGGTTCGAACCGATCCACCCCTACACGGCCTTAGGCCGAGACTTGACGAGGGGCATGAGAGTTGAATCTGATAAGCTCGGTTGCAGCGCGTCCGTGCTAACAAGTCGCACTTCG,1683,50.21,Escherichia coli
SEQ_942942,TCGGCAAACCGATTGTCAATCTCACACTACAGCCCCATAGGCCGACAGTCGGTGGCAACGCTGCCGGGTCTCGATCTATTTTGTTGTAAGGCGAACAAATTATTGAGCATATTATGACATAGGTGAGGCAATCGATAACGAGCCATCCTTAGTAGGATCGCCTTGAAGATTAATCGCAGACATCTTTATAGGTATCTGCTACGCCAGTGATT,212,46.23,Saccharomyces cerevisiae
SEQ_886173,TTCACAGTTATATTTAGCTACATATCTACCAATGTTAAGTTAAATCCGGACCAGCTACCGCCTACAAAACAGACTTACAAGAACCCGGGCCCAAAGCTGGCGGTTTATCCAAGTTCATCACGCCGAAGATAGTCCGTGCCTAAACAAGGACCGAGATCGCACTACTACATCGGTAGAAACAAACTTCTCGTAGCTTAATATTCGAAGGGCGTAGCGTCCAGTATCGACCTTTGAGACGATCGTTCTCTGACAACTGCTACCCAGTTGGCACAGGTAATTCCCCACATTGCCTGGTTTCGACTCTAGTCGAGGGAGAATGACCGTGTCGGGAACAGCGGCCCCCGGTACCCGGTACTCTTTCGACTGAATCCCCCCCAGTCTCCAGTACACGTCTGGTACATTGTCCCAGTCCCTGGCGAACGTATACGGTAGTCGCCGGAAATGTTAGCCCGTGGCCATAGTATTCCTCGCTCTTGTTGCGATGGCTAACGATCGTTGCCCGGTCGACGGGGATCACCAAGTTAATATTACTGGAGCACGCTCTCATAGATAGCCCTGATTCAAATAGATTCTCCGAGGGAGAGTTATACTTGATCATGAGGTGATGTAGGGGGCCGGGAGAGCAGCCGGGGCCGTTGGGTCTTACTGGCCAAATGAACGCGATAGTACACTAAGGGGCAATGGTTCGGCCGGCACATATGACCTATTTGGGCACTGAGAAGTCCTAGTCATACACAGAAAAAGGTCTGTTGGAGATCACCAGCGCGGCCCACATTTCGGACTCCAGGAAGCGCCGCCATAGTTGCACTCTACCTCAGGGGCCGTCGCTGCTTTAAGTGGCGGTCAGTGCCCTGCCAGTTCACAGAATCAGGTGCCGTTTGGATTCGAAAAAACACCTATCTTTTGTTTTGCCATAAGATGGCTCATCTCAGGGTTTTAGCGAGACTCCATTAGTTGATTACTGCTTG,968,51.14,Mus musculus
SEQ_271557,GGTTTCGTCCAGCGTGGGATAACACGGGACTAGGTAGAGAAGCATCTCGCTCTTGGCGGCGTTCTAGGCAACTCCATCATGTGCAGAAATTACCTAGTTGAGTTGTGATAACAGTGCCGTGAGTCTATATTACAATGGGCTAATTTATTACAGCCCTCATCGAAATGGGTATAGGTGT,178,46.63,Escherichia coli
SEQ_682505,TTATTGGTTACAGCTTTATTCAACTTCGAACTTGATACACATTCGGATAGTCTCGCTCGAAGACACTTTTTGAATTTGATGTTGTCCTTATTTAAAAGTATCAGTGCATCATATCCGCGTTGACCGTGAGCGGTGGCTCAACTCGCGATGGGGCTCCGGGTGCCTAAATTCGCCGCGCGTTCTGACGCGTAGAGGGTGATCGTGCGCTTAAGTTATGCAACTTAGCTTTCGCTGTTGAGCAGTCGTTCCTATCGGAGGAAACTTCATGATAACGCCTGCGACTCTATGGTAAAAGTGGACGAGCCCACAAGTCCGATCGATATAACATAGTAAAGCCCGTAAAGCGTCCGTGCCATATTACCTGTATGTCTGCAGAATCGGGTATACCCCATCCGTTAGAGCGAAAGGGTGGCCAGCCGTATTGGAGCCTAGGTCACGAGCACGTTTCCTCAGGTGATTAGCGCTCTCGACGGACTCTATGATCCCCACAGGGAGTGGGCCAGCGACGCGCGTTGTCCGGTTTCCACATGACTTTAAATCAGGCGACAAGGGCTCAGGAGTCTTCGGGTCCTGAACGCCGGCATACATAAGCGGGCGAGCGCCCTGGCGGGCCAGCATTCCTGGCCGGGCGCCAGTCATCTTATATAGGAAAGATCGCCCTGTAAAATTCATAACCTAGGCGGATTGCCAGCCGACCTTGTCCCATAGACCGACCGGCGGAGCCTTAAATACTTGTACGTTCGTTTGCTCCGTATACTGGGACGGCCCCTGTTCTCCAATTCCCACGAGAGTGGGACACGGGTCTTACGAGCGACTCCTTTCGGAGGTAGGTTGATTTGCCTCTGCATAGTGCCACGTGCCCAAGCGCTACTGACGGGTGAGTGGTGTTGCCAGACGCTTACGACCCTACTCGATTCTAGATCGAACATTAGATGTCTCCCGGTGTCAGTGGCCATCTCCGTAGCCCGCTATAGAGTGCTAACTCACTATAGGACAAGGCCCGCGTAGCTAGAAATCCTATAAACCCTAGATAGTCAATCGTCGAGTGTAGTATTCTCGCAACTCCAGTGA,1071,52.38,Drosophila melanogaster
SEQ_182981,TAGGTCGTAAGTTCTACATGCTTCCATGTGACTTGCTCGGTCGTACCAATTAGCATTGCCGAATCGATTGCACACTCCTGGCCTTTCACATTACCCAAAAACGTGGTCCAATCTCCTGGGGCAGCTTAAGGTTAAGCCTCACGCGTGTCTTAGAAGCGTCACCTCACTGACCGTACGTGTAGGCCGTTTCCATAGTTAGTATGTGTAAAGAACCTCTAGATCGGGAAGGCCCGGACACTTCCAACGCCCATACTTGACCGCAGCACAAGACCCTATTCCCGGGCTGAGTTCCGACTAGTTGTTGACAGATTCCTTATAAGTAGGCAGGCTGGTCCGCATGCGTGCATGTAGCTGAGGCAGCAACCATGCTGAAAGGGCGAAAAGTTCAGAGGGTAGTTATGGGTGCGTATTTGGAACGAACGGTGCACGACGAGGGTCGCGTATCTTATTAGTCAAATAGCCTCAGGCTGCGGGCCACCCCAGTCAGGCGAGCCAAAAGTGGTCAACCAGAACTTCTCGATAGTGACTGCTATTTTTTCTAATCCGAGTCTTCGCATTGCGTTAACCGTCGGGTAGATAATGGGCTCGTACCGACCACGCCCCGTCTTGCGGTTCTCCAAGGGTCGGCATTTTGTGAGATAAGAATGGCGGTACATGATAGGAACCCTGTAACTTCAACAAATGCTATCCCGACCTTTCAGGCCTTGTATGTACACCGTTTTGCTCCAAGGCTAGTTCTGAATGGTGATAGCGCTTCTGTAATCAGACCGTGATGGGCGAACGTCGGTCGTGGTTCAAACACTTCAATCTGGCGGGCGACTCCTTGAGCACAGGTATGTAAGTCGGCACAGTGACTGCCACCTACGTACTTAAATTGCGGGTGACCCGACCATGTCTGATGGTCGCACAGATCAATGTATTAGCTCCTACTGTTGACTTACGTGTCGCACCCAATAACACGTTGGGTCCGAGGGCGAGCCTGGTAGTGGGCGCACCTTTAACGAAATTAATCCTACTTTGCATTTCCCGTTTGCCGAGAGGCAATTTCGTAGTAAGCATCTTTGGGTCCCTCCCCAGTGATCTACCCATCGAGAGGTCAACAGCCGCGATTGGATACCAAGACTCTATTCTTCACACATTCTCCACCGGTTTGGAAAGGTGTAATTTTCCAAGTGCCCAGGACTGTGAGGTGAGTGGGTCGAATTGCTATTCTCTTCCTAGAAGCTTGCTTATGAGTTTGATTTATATCTATTAATAGGACACCTTCAACCTAAACGGCTTTTCCCTAGAGGTCAGGCGACTTGTATCTAGACAGCCGGGCCACATGATAATTGTCTCCGTTGTAACCGGTCCAACCTGGTGAGAAACTTACATAGGCCTCAATTATAGGCCTAGTATCAGAGGAGAGCACAGGCAACTCCTTGTGTCATGTGACGCGTCGGGCCAGACGACGAGGCTGGGAGTCGCTATAGCCATAGAGTATCTCACGGGGGCTTACCACACCAGACGCAGAACAAAGTACATA,1525,50.3,Homo sapiens
SEQ_884229,CACACCTCAAAAACTTATAGAATGACATGGATTTGATTAAGCAATCACTCTCCATACAGTCGGAACCTATCTACAGATTAAAATAACTGGCATCAGGCCGGCTTTGCTTGTTACCACCCTGTAGCCGGCCTTCAGATCATGGGTATTTCGCTGCGGCTAATGAGGCAAAATCACTCCTAACAGGGTGCACCATCTTCTGAAATAACTTCATCCGCTTTCGCCGAGCCGAAGTGCTAATCAACTCAATAATGTCGGCGAAAGTGTCAGTCATGTAATGTGTCCGATCACGTGATAGACACGCGACTTGCGGGAGGACATTTGTTGGGTCACAATGCGAATGGTGTTACAGGGTTAGAAGTAGCGCTGTATGGATGAGTACGCTGCCCGGATGCTGCAATTTACTTGCTTAGAACCCGTGCGACAGGTTTCGGGCAGTCCGCTCGAGCGAATAATCCCGAGCTCTTCCCCCGCACGAACTGAGACCCTAATCTAAAAGGCTCCACTCAAAGCACTAGAATCCCTCTAAGAGCAGTCGATACGAGGTAGACAGGAGTTACCGGCGACTCCGTCATCAGACGGTCTTAATGGTCCAGCGGTTGGGTATCTCCCAGACGTCTTTAAGTCTCATCCCGAATCATTTCATATCGTGAAATTTAGCTGAGGTGCCGGCATTGAAATTATCGAGCAATTCCAAGCTGGCTAGGTATCGGTAGGGAGGGTGAAAACGATGCATCTTAGTCAATCCTTCTTCACACGTTACATCACCTAATGGGCGGAATACGACCGTGATGTGGATTCGCACGTTAGTGGACATAACCGGACGGATTGGAGGATGATAGCTACCAAATGGTTGCGAAGCTGACGGCCGTGGCAATCGGGAATTACAGCCAGTTCGAATGAAGGAACATCCTTGGAATCCACTAGTACATGCGGGACTACCAACCCTAGTGTTTTCTCTACTTGTGTACATAACATTCCCAGGAAGGTTCGCGTTGCACTGTTAATACGTATTCACTGTCCGATTATATTACCATCAGGAGGCTCTGTAGGTATACTGGGCTCTGGGATAAACTCACAAGTCCCACGATCCATAAGCCCTCTCGCTGTTTAAGTAAAGAGAATACCAACTAGGTGGCCCTTCACTACACACCTTCATTTGTGGCCGTAATGGAAACGCGCTTAAATCAACTTCTGCCGGGCGAACAGTTGCCGCATCGACTGCATGGCTAGGCGTATGATTGTGTACGCTTAGGCCGCAAGCCCTGTAATACAATGTATTCCTTTTCGTACGACCGTCCAATGCGGGAGCCAGTC,1314,48.55,Caenorhabditis elegans
SEQ_996337,AGTACGCCGGCTTTATCAGTAACTAAGCAAACACCTGGACTTGTAGCCTAAGGTTATCAGTCTCAGGGCGCCCTTTAGGAATGCCACCCGGACTGTGGTCTGTTCCGCTTATGTCGAGGACTCGAATGGATTCGACCTGCCCCGGCGACGGTTTGGCCTTCATGCCAACGACAAGGTCTCAAGTCGGCCCATAGTGACGGCTCAGGATTCACGGGAGTCATGTCCGCAACGTGCGCAATTTTGAAATATGACCACTGACGTTGAAGATCCCACTCGGTACGATAATACCGAATGAGTGCTAGGTCCCGGAGAAAGTTCCCTGCGGTCACCGACATCCAGTGACCGCAACATGAAGTCCAACAGGGACTGGATGCTTATTTGCCTAGTGACGATGTAAATTTCACCCCTCCGAGGGGTATCACCCCAGCTGTGACAGATGCGGATCGAGTCGCATGCGACTTTTAATATATCTTTTGCTCCGACGCAGCTGCAACTTAATTGATCCAATGCGGATCCAACTTTCTGCATAGTCGGCTTGAGCTCGCTGCACACGGTTTTCGCGCCTCCGGCTCTGTTTCCATTATAACGTCGTCACCAACGTTGATCCCCTAGGCTGCTTTTTCCCGTGTAAAGGCGAATACCTGAGGTCCAAAGTTTACACCTGCCTACTCTACCGTGTGAGCGCCGCGAGATAAATTCCGTGAAACGGCTATATTCCTGTTTCCCTTCCTGTTCCACTATGAAAAGCTTGATATGTGGCTACCTAGGACGTTCCCGACTGGTTCCGGATTGGACATATTATTCAAGCTGGAAACCTGAGTGCGCAGAACGTGTGCCTTCATCCTACGCAAGTATTCATCTTGTCACAGACGGGATGACTACAGCTAAGACACGTGTAACTATACAGTGTCCGAACGCCGTTCTGGCCACGCGACTCGATCTAAAACATCCCGAGACAAGCCAGAACGCAGATCAGTGCAGGGAGTTCCAGAGCTTCAAGCAGTCGAGCTACAGAGCTAAGACTTGAAGCGGGATCGATAAGCCGGTCTGAGCACATTTGGCGCACTCCACTTGAAAGATCAGGCTGGGAAAGGCTTCTTTAACGTGTTAGCCGGCCTCCATTCGCCTCGTACGATAAGCGTCAGGCATACCAGCATTCTCGAACTTAACCAGGCGGTCAGAGGGC,1186,51.69,Drosophila melanogaster
